Date,Open,High,Low,Close,Volume,Dividends,Stock Splits
2022-01-03 00:00:00-05:00,39.7599983215332,40.650001525878906,38.527000427246094,40.33000183105469,609500,0.0,0.0
2022-01-04 00:00:00-05:00,40.22999954223633,40.22999954223633,37.90999984741211,38.689998626708984,469200,0.0,0.0
2022-01-05 00:00:00-05:00,38.29999923706055,38.38999938964844,35.56999969482422,35.66999816894531,528600,0.0,0.0
2022-01-06 00:00:00-05:00,35.41999816894531,36.099998474121094,34.209999084472656,35.220001220703125,599700,0.0,0.0
2022-01-07 00:00:00-05:00,34.959999084472656,35.44300079345703,33.91999816894531,33.959999084472656,380200,0.0,0.0
2022-01-10 00:00:00-05:00,33.40999984741211,33.505001068115234,32.43000030517578,33.4900016784668,607600,0.0,0.0
2022-01-11 00:00:00-05:00,33.70000076293945,35.400001525878906,33.2400016784668,34.630001068115234,794700,0.0,0.0
2022-01-12 00:00:00-05:00,34.630001068115234,34.91999816894531,33.439998626708984,33.5,560700,0.0,0.0
2022-01-13 00:00:00-05:00,33.45000076293945,33.58000183105469,32.61000061035156,32.900001525878906,447400,0.0,0.0
2022-01-14 00:00:00-05:00,32.20000076293945,33.09000015258789,31.459999084472656,32.060001373291016,354000,0.0,0.0
2022-01-18 00:00:00-05:00,31.40999984741211,31.952999114990234,30.229999542236328,30.360000610351562,406500,0.0,0.0
2022-01-19 00:00:00-05:00,30.389999389648438,31.084999084472656,29.579999923706055,29.649999618530273,527500,0.0,0.0
2022-01-20 00:00:00-05:00,30.100000381469727,32.29999923706055,29.780000686645508,30.479999542236328,594300,0.0,0.0
2022-01-21 00:00:00-05:00,29.649999618530273,30.860000610351562,29.5,29.56999969482422,599100,0.0,0.0
2022-01-24 00:00:00-05:00,29.0,30.389999389648438,27.808000564575195,30.229999542236328,622900,0.0,0.0
2022-01-25 00:00:00-05:00,29.450000762939453,29.799999237060547,27.90999984741211,28.110000610351562,665800,0.0,0.0
2022-01-26 00:00:00-05:00,28.719999313354492,29.434999465942383,27.579999923706055,28.15999984741211,746200,0.0,0.0
2022-01-27 00:00:00-05:00,28.690000534057617,28.780000686645508,27.270000457763672,27.649999618530273,572100,0.0,0.0
2022-01-28 00:00:00-05:00,27.649999618530273,28.399999618530273,26.739999771118164,28.350000381469727,837000,0.0,0.0
2022-01-31 00:00:00-05:00,28.350000381469727,30.0,28.010000228881836,29.850000381469727,885200,0.0,0.0
2022-02-01 00:00:00-05:00,30.19499969482422,30.59000015258789,28.6299991607666,30.450000762939453,566600,0.0,0.0
2022-02-02 00:00:00-05:00,30.700000762939453,30.700000762939453,28.899999618530273,29.489999771118164,1035600,0.0,0.0
2022-02-03 00:00:00-05:00,28.719999313354492,29.31999969482422,27.770000457763672,28.010000228881836,410800,0.0,0.0
2022-02-04 00:00:00-05:00,27.799999237060547,28.889999389648438,27.100000381469727,28.440000534057617,579800,0.0,0.0
2022-02-07 00:00:00-05:00,28.3700008392334,29.56999969482422,28.06999969482422,29.040000915527344,704600,0.0,0.0
2022-02-08 00:00:00-05:00,28.969999313354492,29.59000015258789,28.75,29.1200008392334,357700,0.0,0.0
2022-02-09 00:00:00-05:00,29.700000762939453,30.56999969482422,29.584999084472656,30.200000762939453,625900,0.0,0.0
2022-02-10 00:00:00-05:00,29.239999771118164,30.940000534057617,29.09000015258789,30.229999542236328,345900,0.0,0.0
2022-02-11 00:00:00-05:00,30.899999618530273,31.079999923706055,29.84000015258789,30.139999389648438,481300,0.0,0.0
2022-02-14 00:00:00-05:00,30.09000015258789,30.665000915527344,29.200000762939453,29.270000457763672,399900,0.0,0.0
2022-02-15 00:00:00-05:00,29.93000030517578,30.155000686645508,29.139999389648438,29.719999313354492,459500,0.0,0.0
2022-02-16 00:00:00-05:00,29.489999771118164,29.959999084472656,28.739999771118164,29.469999313354492,465800,0.0,0.0
2022-02-17 00:00:00-05:00,29.229999542236328,29.229999542236328,28.1299991607666,28.329999923706055,424200,0.0,0.0
2022-02-18 00:00:00-05:00,28.34000015258789,28.459999084472656,26.969999313354492,27.15999984741211,352200,0.0,0.0
2022-02-22 00:00:00-05:00,27.030000686645508,28.15999984741211,26.579999923706055,26.690000534057617,584500,0.0,0.0
2022-02-23 00:00:00-05:00,26.594999313354492,27.1200008392334,25.229999542236328,25.31999969482422,405100,0.0,0.0
2022-02-24 00:00:00-05:00,24.280000686645508,27.190000534057617,23.780000686645508,27.190000534057617,726200,0.0,0.0
2022-02-25 00:00:00-05:00,27.239999771118164,27.71299934387207,26.3700008392334,27.209999084472656,507700,0.0,0.0
2022-02-28 00:00:00-05:00,27.049999237060547,28.219999313354492,26.799999237060547,27.1200008392334,438300,0.0,0.0
2022-03-01 00:00:00-05:00,27.06999969482422,27.93000030517578,26.219999313354492,26.559999465942383,730700,0.0,0.0
2022-03-02 00:00:00-05:00,27.1200008392334,28.170000076293945,25.270999908447266,27.540000915527344,752400,0.0,0.0
2022-03-03 00:00:00-05:00,27.59000015258789,27.6299991607666,26.309999465942383,26.68000030517578,717000,0.0,0.0
2022-03-04 00:00:00-05:00,26.270000457763672,26.979999542236328,24.889999389648438,25.190000534057617,453900,0.0,0.0
2022-03-07 00:00:00-05:00,25.139999389648438,25.469999313354492,24.40999984741211,24.75,597800,0.0,0.0
2022-03-08 00:00:00-05:00,24.799999237060547,25.520000457763672,24.030000686645508,24.31999969482422,1080000,0.0,0.0
2022-03-09 00:00:00-05:00,24.920000076293945,26.03499984741211,24.479999542236328,25.56999969482422,885500,0.0,0.0
2022-03-10 00:00:00-05:00,24.850000381469727,25.110000610351562,24.114999771118164,24.690000534057617,269400,0.0,0.0
2022-03-11 00:00:00-05:00,24.790000915527344,25.110000610351562,22.799999237060547,22.850000381469727,477800,0.0,0.0
2022-03-14 00:00:00-04:00,22.850000381469727,22.94700050354004,20.479999542236328,20.670000076293945,615600,0.0,0.0
2022-03-15 00:00:00-04:00,20.600000381469727,21.399999618530273,20.389999389648438,21.3700008392334,946300,0.0,0.0
2022-03-16 00:00:00-04:00,21.81999969482422,22.93000030517578,21.700000762939453,22.559999465942383,644800,0.0,0.0
2022-03-17 00:00:00-04:00,23.610000610351562,25.229999542236328,22.55500030517578,24.950000762939453,1048200,0.0,0.0
2022-03-18 00:00:00-04:00,24.360000610351562,26.03499984741211,24.360000610351562,25.010000228881836,1229000,0.0,0.0
2022-03-21 00:00:00-04:00,25.170000076293945,25.389999389648438,23.959999084472656,24.389999389648438,488400,0.0,0.0
2022-03-22 00:00:00-04:00,24.479999542236328,25.860000610351562,24.459999084472656,25.5,571700,0.0,0.0
2022-03-23 00:00:00-04:00,25.010000228881836,26.0,24.520000457763672,24.75,621100,0.0,0.0
2022-03-24 00:00:00-04:00,24.709999084472656,25.56999969482422,24.19499969482422,25.450000762939453,460100,0.0,0.0
2022-03-25 00:00:00-04:00,25.329999923706055,25.42799949645996,24.760000228881836,25.079999923706055,479300,0.0,0.0
2022-03-28 00:00:00-04:00,25.270000457763672,25.75,24.84000015258789,25.709999084472656,551900,0.0,0.0
2022-03-29 00:00:00-04:00,26.200000762939453,27.6200008392334,26.149999618530273,27.329999923706055,702200,0.0,0.0
2022-03-30 00:00:00-04:00,27.389999389648438,27.674999237060547,26.350000381469727,26.6200008392334,479100,0.0,0.0
2022-03-31 00:00:00-04:00,26.489999771118164,26.770000457763672,25.93000030517578,26.1299991607666,403300,0.0,0.0
2022-04-01 00:00:00-04:00,26.299999237060547,27.809999465942383,26.299999237060547,27.6299991607666,732800,0.0,0.0
2022-04-04 00:00:00-04:00,27.68000030517578,27.979999542236328,27.0,27.260000228881836,615700,0.0,0.0
2022-04-05 00:00:00-04:00,27.290000915527344,27.479999542236328,25.56999969482422,25.6200008392334,468500,0.0,0.0
2022-04-06 00:00:00-04:00,25.040000915527344,25.280000686645508,24.34000015258789,25.049999237060547,476900,0.0,0.0
2022-04-07 00:00:00-04:00,24.90999984741211,25.559999465942383,24.260000228881836,24.709999084472656,513300,0.0,0.0
2022-04-08 00:00:00-04:00,24.520000457763672,24.579999923706055,23.79599952697754,24.09000015258789,650700,0.0,0.0
2022-04-11 00:00:00-04:00,23.8700008392334,24.899999618530273,23.68000030517578,24.280000686645508,376100,0.0,0.0
2022-04-12 00:00:00-04:00,24.700000762939453,25.440000534057617,24.139999389648438,24.270000457763672,361300,0.0,0.0
2022-04-13 00:00:00-04:00,24.229999542236328,24.6200008392334,23.559999465942383,24.030000686645508,350900,0.0,0.0
2022-04-14 00:00:00-04:00,24.540000915527344,24.600000381469727,23.200000762939453,23.809999465942383,579300,0.0,0.0
2022-04-18 00:00:00-04:00,23.68000030517578,23.68000030517578,22.049999237060547,22.15999984741211,589200,0.0,0.0
2022-04-19 00:00:00-04:00,22.059999465942383,23.530000686645508,22.049999237060547,23.06999969482422,262900,0.0,0.0
2022-04-20 00:00:00-04:00,23.100000381469727,23.329999923706055,22.459999084472656,22.5,421500,0.0,0.0
2022-04-21 00:00:00-04:00,22.799999237060547,23.290000915527344,21.468000411987305,21.530000686645508,760800,0.0,0.0
2022-04-22 00:00:00-04:00,21.270000457763672,21.43000030517578,19.981000900268555,20.100000381469727,539100,0.0,0.0
2022-04-25 00:00:00-04:00,19.950000762939453,20.53499984741211,19.489999771118164,19.75,3064100,0.0,0.0
2022-04-26 00:00:00-04:00,19.6299991607666,19.68000030517578,18.280000686645508,18.34000015258789,1355800,0.0,0.0
2022-04-27 00:00:00-04:00,18.31999969482422,18.959999084472656,17.59000015258789,17.65999984741211,854400,0.0,0.0
2022-04-28 00:00:00-04:00,17.860000610351562,18.190000534057617,16.760000228881836,17.799999237060547,1400000,0.0,0.0
2022-04-29 00:00:00-04:00,17.670000076293945,18.299999237060547,16.53499984741211,16.639999389648438,1285300,0.0,0.0
2022-05-02 00:00:00-04:00,16.760000228881836,17.34000015258789,16.399999618530273,16.81999969482422,2311500,0.0,0.0
2022-05-03 00:00:00-04:00,16.760000228881836,17.229999542236328,15.84000015258789,16.1299991607666,1714200,0.0,0.0
2022-05-04 00:00:00-04:00,16.25,16.950000762939453,15.390000343322754,16.799999237060547,1527400,0.0,0.0
2022-05-05 00:00:00-04:00,16.479999542236328,16.479999542236328,15.220000267028809,15.5,1024300,0.0,0.0
2022-05-06 00:00:00-04:00,15.289999961853027,15.449999809265137,14.300000190734863,14.6899995803833,1759200,0.0,0.0
2022-05-09 00:00:00-04:00,14.380000114440918,14.5,12.819999694824219,12.949999809265137,1381900,0.0,0.0
2022-05-10 00:00:00-04:00,13.430000305175781,13.880000114440918,12.529999732971191,12.949999809265137,1751500,0.0,0.0
2022-05-11 00:00:00-04:00,14.069999694824219,14.069999694824219,12.329999923706055,12.609999656677246,1608300,0.0,0.0
2022-05-12 00:00:00-04:00,12.40999984741211,14.109999656677246,12.335000038146973,14.069999694824219,1540100,0.0,0.0
2022-05-13 00:00:00-04:00,14.4399995803833,16.15999984741211,14.350000381469727,16.1299991607666,1840400,0.0,0.0
2022-05-16 00:00:00-04:00,15.869999885559082,16.290000915527344,14.550000190734863,14.640000343322754,1235700,0.0,0.0
2022-05-17 00:00:00-04:00,15.140000343322754,15.439000129699707,14.40999984741211,15.130000114440918,1503900,0.0,0.0
2022-05-18 00:00:00-04:00,14.859999656677246,15.149999618530273,13.930000305175781,14.020000457763672,673200,0.0,0.0
2022-05-19 00:00:00-04:00,13.899999618530273,14.354999542236328,13.59000015258789,13.920000076293945,851600,0.0,0.0
2022-05-20 00:00:00-04:00,14.319999694824219,14.319999694824219,13.670000076293945,14.199999809265137,747500,0.0,0.0
2022-05-23 00:00:00-04:00,14.3100004196167,14.3100004196167,13.59000015258789,14.09000015258789,1012300,0.0,0.0
2022-05-24 00:00:00-04:00,13.770000457763672,13.899999618530273,13.220000267028809,13.710000038146973,643200,0.0,0.0
2022-05-25 00:00:00-04:00,13.520000457763672,14.100000381469727,13.460000038146973,13.9399995803833,911100,0.0,0.0
2022-05-26 00:00:00-04:00,13.869999885559082,14.470000267028809,13.739999771118164,14.239999771118164,756900,0.0,0.0
2022-05-27 00:00:00-04:00,14.350000381469727,14.930000305175781,14.3100004196167,14.520000457763672,682100,0.0,0.0
2022-05-31 00:00:00-04:00,14.420000076293945,14.829999923706055,14.140000343322754,14.649999618530273,1016200,0.0,0.0
2022-06-01 00:00:00-04:00,15.0600004196167,15.119999885559082,13.90999984741211,14.029999732971191,674000,0.0,0.0
2022-06-02 00:00:00-04:00,14.119999885559082,15.454999923706055,14.09000015258789,15.289999961853027,449900,0.0,0.0
2022-06-03 00:00:00-04:00,14.899999618530273,15.369999885559082,14.630000114440918,14.880000114440918,571700,0.0,0.0
2022-06-06 00:00:00-04:00,15.229999542236328,15.378999710083008,14.390000343322754,14.520000457763672,666400,0.0,0.0
2022-06-07 00:00:00-04:00,14.279999732971191,14.970000267028809,14.140000343322754,14.739999771118164,672200,0.0,0.0
2022-06-08 00:00:00-04:00,14.649999618530273,15.239999771118164,14.569999694824219,14.739999771118164,654200,0.0,0.0
2022-06-09 00:00:00-04:00,14.5600004196167,14.699999809265137,14.239999771118164,14.3100004196167,614600,0.0,0.0
2022-06-10 00:00:00-04:00,13.800000190734863,13.984999656677246,13.430000305175781,13.819999694824219,500200,0.0,0.0
2022-06-13 00:00:00-04:00,12.9399995803833,13.569999694824219,12.510000228881836,12.649999618530273,573800,0.0,0.0
2022-06-14 00:00:00-04:00,12.649999618530273,12.720000267028809,12.0,12.15999984741211,1298200,0.0,0.0
2022-06-15 00:00:00-04:00,12.199999809265137,12.84000015258789,12.0600004196167,12.489999771118164,1842200,0.0,0.0
2022-06-16 00:00:00-04:00,12.0,12.100000381469727,11.25,11.789999961853027,1240200,0.0,0.0
2022-06-17 00:00:00-04:00,11.920000076293945,13.020000457763672,11.84000015258789,12.850000381469727,2160600,0.0,0.0
2022-06-21 00:00:00-04:00,13.130000114440918,13.529999732971191,12.880000114440918,12.899999618530273,726400,0.0,0.0
2022-06-22 00:00:00-04:00,12.65999984741211,14.449999809265137,12.520000457763672,14.380000114440918,1110600,0.0,0.0
2022-06-23 00:00:00-04:00,14.279999732971191,16.540000915527344,14.279999732971191,16.229999542236328,1853300,0.0,0.0
2022-06-24 00:00:00-04:00,16.229999542236328,17.290000915527344,15.970000267028809,17.270000457763672,2770400,0.0,0.0
2022-06-27 00:00:00-04:00,17.329999923706055,17.399999618530273,16.159000396728516,16.549999237060547,995600,0.0,0.0
2022-06-28 00:00:00-04:00,16.59000015258789,16.790000915527344,15.34000015258789,15.399999618530273,1259600,0.0,0.0
2022-06-29 00:00:00-04:00,15.380000114440918,15.65999984741211,15.100000381469727,15.520000457763672,762900,0.0,0.0
2022-06-30 00:00:00-04:00,15.079999923706055,15.229999542236328,14.4399995803833,14.489999771118164,800200,0.0,0.0
2022-07-01 00:00:00-04:00,14.529999732971191,15.430000305175781,14.239999771118164,15.399999618530273,606300,0.0,0.0
2022-07-05 00:00:00-04:00,15.319999694824219,16.40999984741211,14.65999984741211,16.309999465942383,798100,0.0,0.0
2022-07-06 00:00:00-04:00,16.290000915527344,16.829999923706055,15.850000381469727,16.15999984741211,623400,0.0,0.0
2022-07-07 00:00:00-04:00,16.079999923706055,17.31999969482422,15.899999618530273,17.299999237060547,527900,0.0,0.0
2022-07-08 00:00:00-04:00,16.719999313354492,17.700000762939453,16.540000915527344,16.780000686645508,727700,0.0,0.0
2022-07-11 00:00:00-04:00,16.579999923706055,16.780000686645508,15.710000038146973,16.18000030517578,621500,0.0,0.0
2022-07-12 00:00:00-04:00,16.229999542236328,17.420000076293945,15.760000228881836,16.209999084472656,483800,0.0,0.0
2022-07-13 00:00:00-04:00,15.670000076293945,16.18000030517578,15.42199993133545,15.770000457763672,419700,0.0,0.0
2022-07-14 00:00:00-04:00,15.609999656677246,16.239999771118164,15.40999984741211,15.699999809265137,460800,0.0,0.0
2022-07-15 00:00:00-04:00,16.059999465942383,16.3799991607666,15.600000381469727,16.100000381469727,543900,0.0,0.0
2022-07-18 00:00:00-04:00,16.530000686645508,16.739999771118164,15.3100004196167,15.319999694824219,502900,0.0,0.0
2022-07-19 00:00:00-04:00,15.670000076293945,15.739999771118164,14.9399995803833,15.569999694824219,646400,0.0,0.0
2022-07-20 00:00:00-04:00,15.720000267028809,16.489999771118164,15.59000015258789,16.0,790300,0.0,0.0
2022-07-21 00:00:00-04:00,16.1299991607666,16.299999237060547,15.8149995803833,16.030000686645508,562500,0.0,0.0
2022-07-22 00:00:00-04:00,16.260000228881836,16.420000076293945,15.720000267028809,16.389999389648438,1284000,0.0,0.0
2022-07-25 00:00:00-04:00,16.56999969482422,16.780000686645508,16.09000015258789,16.329999923706055,570500,0.0,0.0
2022-07-26 00:00:00-04:00,16.40999984741211,16.40999984741211,15.65999984741211,15.699999809265137,497900,0.0,0.0
2022-07-27 00:00:00-04:00,16.18000030517578,16.209999084472656,14.960000038146973,15.90999984741211,1569200,0.0,0.0
2022-07-28 00:00:00-04:00,16.09000015258789,16.56999969482422,15.40999984741211,16.510000228881836,677400,0.0,0.0
2022-07-29 00:00:00-04:00,16.530000686645508,16.8799991607666,16.170000076293945,16.739999771118164,860600,0.0,0.0
2022-08-01 00:00:00-04:00,16.420000076293945,17.0,16.209999084472656,16.989999771118164,566700,0.0,0.0
2022-08-02 00:00:00-04:00,16.809999465942383,18.200000762939453,16.809999465942383,17.6299991607666,1478900,0.0,0.0
2022-08-03 00:00:00-04:00,17.8700008392334,18.299999237060547,17.719999313354492,17.899999618530273,819100,0.0,0.0
2022-08-04 00:00:00-04:00,18.149999618530273,18.280000686645508,17.8700008392334,18.270000457763672,891200,0.0,0.0
2022-08-05 00:00:00-04:00,13.010000228881836,13.010000228881836,10.949999809265137,11.350000381469727,9065600,0.0,0.0
2022-08-08 00:00:00-04:00,11.779999732971191,12.180000305175781,11.0600004196167,11.90999984741211,3787600,0.0,0.0
2022-08-09 00:00:00-04:00,11.75,11.989999771118164,11.270000457763672,11.6899995803833,2301700,0.0,0.0
2022-08-10 00:00:00-04:00,12.390000343322754,12.640000343322754,12.072999954223633,12.600000381469727,2225800,0.0,0.0
2022-08-11 00:00:00-04:00,12.699999809265137,13.119999885559082,12.5600004196167,12.829999923706055,1587100,0.0,0.0
2022-08-12 00:00:00-04:00,12.859999656677246,13.569999694824219,12.770000457763672,13.279999732971191,1543200,0.0,0.0
2022-08-15 00:00:00-04:00,13.140000343322754,13.609999656677246,12.970000267028809,13.539999961853027,840300,0.0,0.0
2022-08-16 00:00:00-04:00,13.289999961853027,13.49899959564209,12.300000190734863,12.710000038146973,1043800,0.0,0.0
2022-08-17 00:00:00-04:00,12.40999984741211,12.482999801635742,11.899999618530273,11.930000305175781,751600,0.0,0.0
2022-08-18 00:00:00-04:00,11.930000305175781,12.015000343322754,11.600000381469727,11.829999923706055,811300,0.0,0.0
2022-08-19 00:00:00-04:00,11.600000381469727,12.050000190734863,11.529999732971191,11.829999923706055,979600,0.0,0.0
2022-08-22 00:00:00-04:00,11.84000015258789,12.850000381469727,11.729999542236328,12.520000457763672,1206600,0.0,0.0
2022-08-23 00:00:00-04:00,12.529999732971191,12.75,12.34000015258789,12.34000015258789,841400,0.0,0.0
2022-08-24 00:00:00-04:00,12.279999732971191,12.755000114440918,12.204999923706055,12.279999732971191,1092500,0.0,0.0
2022-08-25 00:00:00-04:00,12.380000114440918,12.59000015258789,12.079999923706055,12.319999694824219,682000,0.0,0.0
2022-08-26 00:00:00-04:00,12.220000267028809,12.4399995803833,12.020000457763672,12.039999961853027,803600,0.0,0.0
2022-08-29 00:00:00-04:00,11.779999732971191,12.109999656677246,11.625,11.829999923706055,1689500,0.0,0.0
2022-08-30 00:00:00-04:00,12.0,12.40999984741211,11.380000114440918,11.520000457763672,1706400,0.0,0.0
2022-08-31 00:00:00-04:00,11.859999656677246,12.109999656677246,11.657999992370605,12.0,1754100,0.0,0.0
2022-09-01 00:00:00-04:00,11.850000381469727,11.850000381469727,11.359999656677246,11.779999732971191,890100,0.0,0.0
2022-09-02 00:00:00-04:00,11.890000343322754,11.890000343322754,11.229999542236328,11.479999542236328,1296000,0.0,0.0
2022-09-06 00:00:00-04:00,11.529999732971191,11.614999771118164,11.135000228881836,11.180000305175781,955400,0.0,0.0
2022-09-07 00:00:00-04:00,11.220000267028809,11.220000267028809,10.720000267028809,10.970000267028809,1294700,0.0,0.0
2022-09-08 00:00:00-04:00,10.779999732971191,11.319999694824219,10.760000228881836,11.140000343322754,1940200,0.0,0.0
2022-09-09 00:00:00-04:00,11.640000343322754,11.829999923706055,11.479999542236328,11.539999961853027,1472700,0.0,0.0
2022-09-12 00:00:00-04:00,11.539999961853027,11.579999923706055,11.270000457763672,11.520000457763672,995800,0.0,0.0
2022-09-13 00:00:00-04:00,10.5600004196167,10.979999542236328,10.210000038146973,10.720000267028809,1571800,0.0,0.0
2022-09-14 00:00:00-04:00,10.75,11.180000305175781,10.524999618530273,11.170000076293945,818900,0.0,0.0
2022-09-15 00:00:00-04:00,10.989999771118164,11.359999656677246,10.781000137329102,10.930000305175781,845900,0.0,0.0
2022-09-16 00:00:00-04:00,10.699999809265137,10.699999809265137,10.300000190734863,10.319999694824219,1271500,0.0,0.0
2022-09-19 00:00:00-04:00,10.210000038146973,10.300000190734863,9.890000343322754,10.25,989500,0.0,0.0
2022-09-20 00:00:00-04:00,10.210000038146973,10.319999694824219,10.020000457763672,10.140000343322754,631700,0.0,0.0
2022-09-21 00:00:00-04:00,10.109999656677246,10.404999732971191,9.914999961853027,10.039999961853027,1510900,0.0,0.0
2022-09-22 00:00:00-04:00,9.960000038146973,10.0649995803833,9.109999656677246,9.300000190734863,1252500,0.0,0.0
2022-09-23 00:00:00-04:00,9.1899995803833,9.390000343322754,9.029999732971191,9.34000015258789,823700,0.0,0.0
2022-09-26 00:00:00-04:00,9.430000305175781,9.975000381469727,9.388999938964844,9.649999618530273,1078600,0.0,0.0
2022-09-27 00:00:00-04:00,9.819999694824219,10.15999984741211,9.760000228881836,10.0,701000,0.0,0.0
2022-09-28 00:00:00-04:00,10.170000076293945,10.520000457763672,9.979999542236328,10.470000267028809,690400,0.0,0.0
2022-09-29 00:00:00-04:00,10.239999771118164,10.350000381469727,9.899999618530273,10.170000076293945,735500,0.0,0.0
2022-09-30 00:00:00-04:00,10.130000114440918,10.5600004196167,9.6899995803833,9.699999809265137,1066800,0.0,0.0
2022-10-03 00:00:00-04:00,9.8100004196167,10.369999885559082,9.520000457763672,10.260000228881836,973300,0.0,0.0
2022-10-04 00:00:00-04:00,10.529999732971191,11.0600004196167,10.529999732971191,10.670000076293945,831300,0.0,0.0
2022-10-05 00:00:00-04:00,10.3100004196167,10.640000343322754,10.220000267028809,10.59000015258789,502800,0.0,0.0
2022-10-06 00:00:00-04:00,10.630000114440918,10.770000457763672,10.119999885559082,10.170000076293945,476000,0.0,0.0
2022-10-07 00:00:00-04:00,9.979999542236328,10.069999694824219,9.449999809265137,9.489999771118164,593200,0.0,0.0
2022-10-10 00:00:00-04:00,9.4350004196167,9.550000190734863,9.020000457763672,9.380000114440918,654100,0.0,0.0
2022-10-11 00:00:00-04:00,9.305000305175781,9.350000381469727,8.760000228881836,9.029999732971191,707200,0.0,0.0
2022-10-12 00:00:00-04:00,9.0,9.1850004196167,8.770000457763672,8.970000267028809,568400,0.0,0.0
2022-10-13 00:00:00-04:00,8.5600004196167,9.130000114440918,8.479999542236328,9.050000190734863,580400,0.0,0.0
2022-10-14 00:00:00-04:00,9.149999618530273,9.289999961853027,8.600000381469727,8.630000114440918,577900,0.0,0.0
2022-10-17 00:00:00-04:00,8.859999656677246,9.270000457763672,8.829999923706055,9.210000038146973,622000,0.0,0.0
2022-10-18 00:00:00-04:00,9.449999809265137,9.779999732971191,9.15999984741211,9.239999771118164,687400,0.0,0.0
2022-10-19 00:00:00-04:00,9.199999809265137,9.520000457763672,9.100000381469727,9.260000228881836,413300,0.0,0.0
2022-10-20 00:00:00-04:00,9.25,9.609999656677246,9.149999618530273,9.210000038146973,557700,0.0,0.0
2022-10-21 00:00:00-04:00,9.180000305175781,9.180000305175781,8.480999946594238,8.699999809265137,882200,0.0,0.0
2022-10-24 00:00:00-04:00,8.75,8.904999732971191,8.359999656677246,8.779999732971191,672200,0.0,0.0
2022-10-25 00:00:00-04:00,8.039999961853027,9.039999961853027,8.039999961853027,9.029999732971191,1100000,0.0,0.0
2022-10-26 00:00:00-04:00,9.079999923706055,9.850000381469727,8.90999984741211,9.25,642700,0.0,0.0
2022-10-27 00:00:00-04:00,9.4399995803833,9.4399995803833,8.970000267028809,9.010000228881836,522300,0.0,0.0
2022-10-28 00:00:00-04:00,9.0600004196167,9.244999885559082,8.970000267028809,9.149999618530273,612700,0.0,0.0
2022-10-31 00:00:00-04:00,8.989999771118164,9.220000267028809,8.789999961853027,8.819999694824219,593700,0.0,0.0
2022-11-01 00:00:00-04:00,9.220000267028809,9.239999771118164,8.899999618530273,9.039999961853027,968100,0.0,0.0
2022-11-02 00:00:00-04:00,8.989999771118164,9.029999732971191,8.109999656677246,8.140000343322754,1261000,0.0,0.0
2022-11-03 00:00:00-04:00,8.09000015258789,8.210000038146973,6.96999979019165,7.25,2187000,0.0,0.0
2022-11-04 00:00:00-04:00,7.25,7.409999847412109,6.840000152587891,7.059999942779541,1849900,0.0,0.0
2022-11-07 00:00:00-05:00,7.139999866485596,7.190000057220459,6.630000114440918,6.869999885559082,1334300,0.0,0.0
2022-11-08 00:00:00-05:00,6.860000133514404,6.929999828338623,6.400000095367432,6.46999979019165,1784300,0.0,0.0
2022-11-09 00:00:00-05:00,8.539999961853027,8.59000015258789,7.809999942779541,7.980000019073486,3638200,0.0,0.0
2022-11-10 00:00:00-05:00,8.579999923706055,9.307999610900879,8.489999771118164,9.140000343322754,2517400,0.0,0.0
2022-11-11 00:00:00-05:00,9.140000343322754,10.489999771118164,9.09000015258789,9.819999694824219,2248500,0.0,0.0
2022-11-14 00:00:00-05:00,10.479999542236328,10.819999694824219,9.789999961853027,9.819999694824219,1772700,0.0,0.0
2022-11-15 00:00:00-05:00,10.199999809265137,10.960000038146973,9.90999984741211,10.920000076293945,1358100,0.0,0.0
2022-11-16 00:00:00-05:00,10.800000190734863,10.90999984741211,9.800000190734863,10.119999885559082,863800,0.0,0.0
2022-11-17 00:00:00-05:00,9.869999885559082,9.970000267028809,9.770000457763672,9.8100004196167,733600,0.0,0.0
2022-11-18 00:00:00-05:00,10.069999694824219,10.119999885559082,9.569999694824219,9.789999961853027,510900,0.0,0.0
2022-11-21 00:00:00-05:00,9.729999542236328,9.729999542236328,9.09000015258789,9.220000267028809,671500,0.0,0.0
2022-11-22 00:00:00-05:00,9.399999618530273,9.420000076293945,8.960000038146973,9.369999885559082,493400,0.0,0.0
2022-11-23 00:00:00-05:00,9.390000343322754,10.029999732971191,9.234999656677246,9.979999542236328,516900,0.0,0.0
2022-11-25 00:00:00-05:00,9.949999809265137,10.029999732971191,9.539999961853027,9.779999732971191,258800,0.0,0.0
2022-11-28 00:00:00-05:00,9.739999771118164,9.890000343322754,9.239999771118164,9.260000228881836,369500,0.0,0.0
2022-11-29 00:00:00-05:00,9.319999694824219,9.729999542236328,9.140000343322754,9.630000114440918,428800,0.0,0.0
2022-11-30 00:00:00-05:00,9.720000267028809,10.489999771118164,9.680000305175781,10.479999542236328,872100,0.0,0.0
2022-12-01 00:00:00-05:00,10.5,10.800000190734863,10.449999809265137,10.640000343322754,809500,0.0,0.0
2022-12-02 00:00:00-05:00,10.5,10.880000114440918,10.369999885559082,10.65999984741211,358700,0.0,0.0
2022-12-05 00:00:00-05:00,10.520000457763672,10.960000038146973,10.270000457763672,10.84000015258789,602900,0.0,0.0
2022-12-06 00:00:00-05:00,10.579999923706055,10.585000038146973,9.9399995803833,10.029999732971191,565700,0.0,0.0
2022-12-07 00:00:00-05:00,10.039999961853027,10.75,10.039999961853027,10.699999809265137,684400,0.0,0.0
2022-12-08 00:00:00-05:00,10.760000228881836,11.029999732971191,10.539999961853027,10.9399995803833,509400,0.0,0.0
2022-12-09 00:00:00-05:00,10.869999885559082,11.159000396728516,10.739999771118164,10.890000343322754,334600,0.0,0.0
2022-12-12 00:00:00-05:00,10.930000305175781,10.930000305175781,10.470000267028809,10.600000381469727,555100,0.0,0.0
2022-12-13 00:00:00-05:00,11.3100004196167,11.635000228881836,10.925000190734863,11.319999694824219,774700,0.0,0.0
2022-12-14 00:00:00-05:00,11.270000457763672,11.399999618530273,10.975000381469727,11.1899995803833,386100,0.0,0.0
2022-12-15 00:00:00-05:00,11.039999961853027,11.109999656677246,10.520000457763672,10.579999923706055,324400,0.0,0.0
2022-12-16 00:00:00-05:00,10.329999923706055,10.859999656677246,10.095000267028809,10.789999961853027,1284400,0.0,0.0
2022-12-19 00:00:00-05:00,10.710000038146973,10.8100004196167,10.180000305175781,10.34000015258789,521900,0.0,0.0
2022-12-20 00:00:00-05:00,10.170000076293945,10.5600004196167,9.979999542236328,10.430000305175781,499700,0.0,0.0
2022-12-21 00:00:00-05:00,10.550000190734863,10.75,10.430000305175781,10.699999809265137,433900,0.0,0.0
2022-12-22 00:00:00-05:00,10.5600004196167,10.630000114440918,10.029999732971191,10.399999618530273,320600,0.0,0.0
2022-12-23 00:00:00-05:00,10.329999923706055,10.369999885559082,10.039999961853027,10.300000190734863,257900,0.0,0.0
2022-12-27 00:00:00-05:00,10.229999542236328,10.229999542236328,9.84000015258789,9.90999984741211,293400,0.0,0.0
2022-12-28 00:00:00-05:00,9.890000343322754,10.069999694824219,9.760000228881836,9.920000076293945,310000,0.0,0.0
2022-12-29 00:00:00-05:00,10.050000190734863,10.604999542236328,10.0,10.539999961853027,379400,0.0,0.0
2022-12-30 00:00:00-05:00,10.3100004196167,10.670000076293945,10.130000114440918,10.630000114440918,399300,0.0,0.0
2023-01-03 00:00:00-05:00,10.239999771118164,10.84000015258789,10.199999809265137,10.390000343322754,832900,0.0,0.0
2023-01-04 00:00:00-05:00,10.569999694824219,10.949999809265137,10.199999809265137,10.84000015258789,895300,0.0,0.0
2023-01-05 00:00:00-05:00,10.649999618530273,10.649999618530273,10.109999656677246,10.229999542236328,410700,0.0,0.0
2023-01-06 00:00:00-05:00,10.109999656677246,10.960000038146973,9.899999618530273,10.789999961853027,680400,0.0,0.0
2023-01-09 00:00:00-05:00,10.90999984741211,11.109999656677246,10.390000343322754,10.479999542236328,345500,0.0,0.0
2023-01-10 00:00:00-05:00,10.390000343322754,11.09000015258789,10.390000343322754,10.6899995803833,349100,0.0,0.0
2023-01-11 00:00:00-05:00,11.050000190734863,11.414999961853027,10.970000267028809,11.319999694824219,481900,0.0,0.0
2023-01-12 00:00:00-05:00,11.34000015258789,11.899999618530273,10.930000305175781,11.789999961853027,790000,0.0,0.0
2023-01-13 00:00:00-05:00,11.630000114440918,12.1899995803833,11.630000114440918,12.119999885559082,427800,0.0,0.0
2023-01-17 00:00:00-05:00,12.119999885559082,12.6899995803833,11.949999809265137,12.65999984741211,827800,0.0,0.0
2023-01-18 00:00:00-05:00,12.829999923706055,13.170000076293945,12.3149995803833,12.4399995803833,863800,0.0,0.0
2023-01-19 00:00:00-05:00,12.1899995803833,12.800000190734863,11.6899995803833,12.729999542236328,946800,0.0,0.0
2023-01-20 00:00:00-05:00,12.979999542236328,13.09000015258789,12.529999732971191,12.890000343322754,778700,0.0,0.0
2023-01-23 00:00:00-05:00,12.859999656677246,13.470000267028809,12.609999656677246,13.380000114440918,672800,0.0,0.0
2023-01-24 00:00:00-05:00,13.25,13.550000190734863,12.84000015258789,13.149999618530273,694800,0.0,0.0
2023-01-25 00:00:00-05:00,12.8100004196167,13.300000190734863,12.569999694824219,12.970000267028809,809900,0.0,0.0
2023-01-26 00:00:00-05:00,13.3100004196167,13.8100004196167,13.180000305175781,13.640000343322754,941800,0.0,0.0
2023-01-27 00:00:00-05:00,13.5,14.0,13.069999694824219,13.699999809265137,910400,0.0,0.0
2023-01-30 00:00:00-05:00,13.430000305175781,13.829999923706055,13.380000114440918,13.470000267028809,678400,0.0,0.0
2023-01-31 00:00:00-05:00,13.510000228881836,14.234999656677246,13.5,13.899999618530273,515100,0.0,0.0
2023-02-01 00:00:00-05:00,13.90999984741211,14.069999694824219,13.234999656677246,13.819999694824219,1005000,0.0,0.0
2023-02-02 00:00:00-05:00,14.210000038146973,14.946000099182129,14.140000343322754,14.760000228881836,1174400,0.0,0.0
2023-02-03 00:00:00-05:00,14.670000076293945,14.982999801635742,14.460000038146973,14.550000190734863,552400,0.0,0.0
2023-02-06 00:00:00-05:00,14.329999923706055,14.399999618530273,14.029999732971191,14.220000267028809,349400,0.0,0.0
2023-02-07 00:00:00-05:00,14.199999809265137,14.75,13.84000015258789,14.640000343322754,316600,0.0,0.0
2023-02-08 00:00:00-05:00,14.539999961853027,14.720000267028809,14.220000267028809,14.420000076293945,442900,0.0,0.0
2023-02-09 00:00:00-05:00,14.5600004196167,14.850000381469727,14.069999694824219,14.100000381469727,422000,0.0,0.0
2023-02-10 00:00:00-05:00,13.84000015258789,14.1899995803833,13.789999961853027,13.880000114440918,285500,0.0,0.0
2023-02-13 00:00:00-05:00,13.930000305175781,14.260000228881836,13.75,13.949999809265137,708100,0.0,0.0
2023-02-14 00:00:00-05:00,13.850000381469727,14.170000076293945,13.529999732971191,14.0,455000,0.0,0.0
2023-02-15 00:00:00-05:00,13.819999694824219,14.59000015258789,13.8100004196167,14.4399995803833,618100,0.0,0.0
2023-02-16 00:00:00-05:00,14.079999923706055,14.390000343322754,13.850000381469727,13.920000076293945,795600,0.0,0.0
2023-02-17 00:00:00-05:00,13.949999809265137,13.949999809265137,13.270000457763672,13.520000457763672,381600,0.0,0.0
2023-02-21 00:00:00-05:00,13.010000228881836,13.369999885559082,12.954999923706055,13.029999732971191,434300,0.0,0.0
2023-02-22 00:00:00-05:00,13.029999732971191,13.59000015258789,12.960000038146973,13.510000228881836,480600,0.0,0.0
2023-02-23 00:00:00-05:00,13.6899995803833,13.84000015258789,13.119999885559082,13.729999542236328,596700,0.0,0.0
2023-02-24 00:00:00-05:00,13.34000015258789,13.710000038146973,13.262999534606934,13.479999542236328,494300,0.0,0.0
2023-02-27 00:00:00-05:00,13.729999542236328,13.729999542236328,13.140000343322754,13.350000381469727,537800,0.0,0.0
2023-02-28 00:00:00-05:00,13.329999923706055,14.119999885559082,13.25,13.960000038146973,1072400,0.0,0.0
2023-03-01 00:00:00-05:00,14.800000190734863,15.869999885559082,13.949999809265137,14.319999694824219,1214200,0.0,0.0
2023-03-02 00:00:00-05:00,14.270000457763672,14.270000457763672,13.5600004196167,13.84000015258789,574500,0.0,0.0
2023-03-03 00:00:00-05:00,13.930000305175781,14.6899995803833,13.710000038146973,14.130000114440918,498600,0.0,0.0
2023-03-06 00:00:00-05:00,14.100000381469727,14.3100004196167,13.4350004196167,13.470000267028809,322200,0.0,0.0
2023-03-07 00:00:00-05:00,13.609999656677246,13.800000190734863,13.305000305175781,13.359999656677246,399000,0.0,0.0
2023-03-08 00:00:00-05:00,13.449999809265137,13.449999809265137,12.989999771118164,13.210000038146973,409100,0.0,0.0
2023-03-09 00:00:00-05:00,13.279999732971191,13.515000343322754,12.489999771118164,12.5,596100,0.0,0.0
2023-03-10 00:00:00-05:00,12.470000267028809,12.505000114440918,11.40999984741211,11.770000457763672,637600,0.0,0.0
2023-03-13 00:00:00-04:00,11.350000381469727,11.920000076293945,11.210000038146973,11.640000343322754,616500,0.0,0.0
2023-03-14 00:00:00-04:00,12.039999961853027,12.130000114440918,11.65999984741211,11.819999694824219,373100,0.0,0.0
2023-03-15 00:00:00-04:00,11.520000457763672,12.050000190734863,11.29800033569336,11.979999542236328,421800,0.0,0.0
2023-03-16 00:00:00-04:00,11.779999732971191,12.239999771118164,11.75,11.890000343322754,338700,0.0,0.0
2023-03-17 00:00:00-04:00,11.8100004196167,12.180000305175781,11.359999656677246,11.369999885559082,508500,0.0,0.0
2023-03-20 00:00:00-04:00,11.4399995803833,11.510000228881836,11.199999809265137,11.40999984741211,301000,0.0,0.0
2023-03-21 00:00:00-04:00,11.5,12.1899995803833,11.4399995803833,12.140000343322754,644500,0.0,0.0
2023-03-22 00:00:00-04:00,12.170000076293945,12.279999732971191,11.789999961853027,12.069999694824219,649900,0.0,0.0
2023-03-23 00:00:00-04:00,12.199999809265137,12.394000053405762,11.729999542236328,11.899999618530273,689500,0.0,0.0
2023-03-24 00:00:00-04:00,11.729999542236328,11.789999961853027,11.380000114440918,11.550000190734863,369000,0.0,0.0
2023-03-27 00:00:00-04:00,11.65999984741211,11.869999885559082,11.430000305175781,11.5,289100,0.0,0.0
2023-03-28 00:00:00-04:00,11.369999885559082,11.444999694824219,11.154999732971191,11.260000228881836,299500,0.0,0.0
2023-03-29 00:00:00-04:00,11.510000228881836,11.510000228881836,11.15999984741211,11.3100004196167,516200,0.0,0.0
2023-03-30 00:00:00-04:00,11.449999809265137,11.569999694824219,11.260000228881836,11.380000114440918,295300,0.0,0.0
2023-03-31 00:00:00-04:00,11.470000267028809,11.880000114440918,11.470000267028809,11.670000076293945,501000,0.0,0.0
2023-04-03 00:00:00-04:00,11.109999656677246,11.869999885559082,11.109999656677246,11.869999885559082,368300,0.0,0.0
2023-04-04 00:00:00-04:00,12.550000190734863,12.970000267028809,12.229999542236328,12.5,720600,0.0,0.0
2023-04-05 00:00:00-04:00,12.369999885559082,12.640000343322754,12.09000015258789,12.420000076293945,463900,0.0,0.0
2023-04-06 00:00:00-04:00,12.350000381469727,12.710000038146973,12.079999923706055,12.649999618530273,375600,0.0,0.0
2023-04-10 00:00:00-04:00,12.649999618530273,13.130000114440918,12.399999618530273,12.8100004196167,457300,0.0,0.0
2023-04-11 00:00:00-04:00,12.75,13.045000076293945,12.614999771118164,12.930000305175781,452600,0.0,0.0
2023-04-12 00:00:00-04:00,12.989999771118164,13.079999923706055,12.600000381469727,12.670000076293945,387400,0.0,0.0
2023-04-13 00:00:00-04:00,12.710000038146973,13.109999656677246,12.6899995803833,12.8100004196167,639200,0.0,0.0
2023-04-14 00:00:00-04:00,12.800000190734863,12.90999984741211,12.470000267028809,12.890000343322754,403200,0.0,0.0
2023-04-17 00:00:00-04:00,12.819999694824219,12.954999923706055,12.649999618530273,12.819999694824219,639300,0.0,0.0
2023-04-18 00:00:00-04:00,12.899999618530273,13.149999618530273,12.704999923706055,13.09000015258789,732000,0.0,0.0
2023-04-19 00:00:00-04:00,12.9399995803833,13.239999771118164,12.699999809265137,12.930000305175781,330200,0.0,0.0
2023-04-20 00:00:00-04:00,13.3100004196167,13.34000015258789,12.550000190734863,12.609999656677246,667100,0.0,0.0
2023-04-21 00:00:00-04:00,12.600000381469727,13.1899995803833,12.600000381469727,13.119999885559082,261900,0.0,0.0
2023-04-24 00:00:00-04:00,13.279999732971191,13.279999732971191,12.920000076293945,13.005000114440918,223900,0.0,0.0
2023-04-25 00:00:00-04:00,12.989999771118164,12.989999771118164,12.210000038146973,12.210000038146973,284900,0.0,0.0
2023-04-26 00:00:00-04:00,12.399999618530273,12.479999542236328,11.960000038146973,12.0,366400,0.0,0.0
2023-04-27 00:00:00-04:00,12.329999923706055,12.329999923706055,12.119999885559082,12.279999732971191,349700,0.0,0.0
2023-04-28 00:00:00-04:00,12.34000015258789,12.65999984741211,12.010000228881836,12.600000381469727,365400,0.0,0.0
2023-05-01 00:00:00-04:00,12.529999732971191,12.989999771118164,12.369999885559082,12.979999542236328,421100,0.0,0.0
2023-05-02 00:00:00-04:00,12.770000457763672,12.789999961853027,12.369999885559082,12.390000343322754,531100,0.0,0.0
2023-05-03 00:00:00-04:00,12.460000038146973,12.850000381469727,12.289999961853027,12.5600004196167,340000,0.0,0.0
2023-05-04 00:00:00-04:00,12.399999618530273,12.524999618530273,12.079999923706055,12.130000114440918,334200,0.0,0.0
2023-05-05 00:00:00-04:00,12.350000381469727,12.380000114440918,12.100000381469727,12.149999618530273,317000,0.0,0.0
2023-05-08 00:00:00-04:00,12.029999732971191,12.220000267028809,11.859999656677246,12.15999984741211,275500,0.0,0.0
2023-05-09 00:00:00-04:00,12.010000228881836,12.199999809265137,11.920000076293945,11.949999809265137,364100,0.0,0.0
2023-05-10 00:00:00-04:00,10.970000267028809,11.026000022888184,9.449999809265137,9.859999656677246,2033300,0.0,0.0
2023-05-11 00:00:00-04:00,9.800000190734863,10.208999633789062,9.720000267028809,9.890000343322754,718200,0.0,0.0
2023-05-12 00:00:00-04:00,10.140000343322754,10.380000114440918,9.899999618530273,10.359999656677246,795400,0.0,0.0
2023-05-15 00:00:00-04:00,10.760000228881836,11.369999885559082,10.699999809265137,11.109999656677246,666700,0.0,0.0
2023-05-16 00:00:00-04:00,11.079999923706055,11.199999809265137,10.890000343322754,10.90999984741211,405200,0.0,0.0
2023-05-17 00:00:00-04:00,10.920000076293945,10.9350004196167,10.369999885559082,10.8100004196167,398300,0.0,0.0
2023-05-18 00:00:00-04:00,10.739999771118164,10.899999618530273,10.34000015258789,10.699999809265137,401500,0.0,0.0
2023-05-19 00:00:00-04:00,10.8100004196167,10.949999809265137,10.600000381469727,10.699999809265137,399700,0.0,0.0
2023-05-22 00:00:00-04:00,10.699999809265137,11.194999694824219,10.699999809265137,11.170000076293945,388600,0.0,0.0
2023-05-23 00:00:00-04:00,11.15999984741211,11.600000381469727,10.90999984741211,11.020000457763672,365100,0.0,0.0
2023-05-24 00:00:00-04:00,10.930000305175781,11.15999984741211,10.729999542236328,11.050000190734863,330300,0.0,0.0
2023-05-25 00:00:00-04:00,10.960000038146973,10.960000038146973,10.489999771118164,10.75,320400,0.0,0.0
2023-05-26 00:00:00-04:00,10.800000190734863,11.15999984741211,10.609999656677246,11.039999961853027,423200,0.0,0.0
2023-05-30 00:00:00-04:00,11.109999656677246,11.350000381469727,11.015000343322754,11.130000114440918,260500,0.0,0.0
2023-05-31 00:00:00-04:00,11.020000457763672,11.300000190734863,10.970000267028809,11.260000228881836,458100,0.0,0.0
2023-06-01 00:00:00-04:00,11.239999771118164,11.375,11.0,11.270000457763672,367600,0.0,0.0
2023-06-02 00:00:00-04:00,11.40999984741211,12.020000457763672,11.40999984741211,12.0,387600,0.0,0.0
2023-06-05 00:00:00-04:00,11.899999618530273,12.095000267028809,11.65999984741211,11.9399995803833,405400,0.0,0.0
2023-06-06 00:00:00-04:00,11.84000015258789,12.300000190734863,11.84000015258789,12.260000228881836,440700,0.0,0.0
2023-06-07 00:00:00-04:00,12.34000015258789,12.569999694824219,11.895000457763672,11.920000076293945,273500,0.0,0.0
2023-06-08 00:00:00-04:00,11.859999656677246,11.9399995803833,11.515000343322754,11.640000343322754,329100,0.0,0.0
2023-06-09 00:00:00-04:00,11.640000343322754,11.800000190734863,11.380000114440918,11.420000076293945,270700,0.0,0.0
2023-06-12 00:00:00-04:00,11.4399995803833,11.800000190734863,11.4399995803833,11.779999732971191,272600,0.0,0.0
2023-06-13 00:00:00-04:00,11.899999618530273,12.100000381469727,11.760000228881836,11.920000076293945,363000,0.0,0.0
2023-06-14 00:00:00-04:00,11.960000038146973,11.970000267028809,11.529999732971191,11.760000228881836,335500,0.0,0.0
2023-06-15 00:00:00-04:00,11.710000038146973,12.529999732971191,11.510000228881836,12.430000305175781,541700,0.0,0.0
2023-06-16 00:00:00-04:00,12.649999618530273,12.670000076293945,12.119999885559082,12.170000076293945,588000,0.0,0.0
2023-06-20 00:00:00-04:00,12.09000015258789,12.449999809265137,11.949999809265137,12.350000381469727,416600,0.0,0.0
2023-06-21 00:00:00-04:00,12.260000228881836,12.260000228881836,11.8100004196167,11.819999694824219,346000,0.0,0.0
2023-06-22 00:00:00-04:00,11.760000228881836,11.930000305175781,11.529999732971191,11.90999984741211,258200,0.0,0.0
2023-06-23 00:00:00-04:00,11.65999984741211,11.914999961853027,11.529999732971191,11.5600004196167,1927400,0.0,0.0
2023-06-26 00:00:00-04:00,11.460000038146973,11.579999923706055,11.220000267028809,11.270000457763672,445200,0.0,0.0
2023-06-27 00:00:00-04:00,11.300000190734863,11.739999771118164,11.300000190734863,11.720000267028809,280200,0.0,0.0
2023-06-28 00:00:00-04:00,11.670000076293945,12.180000305175781,11.60200023651123,12.15999984741211,221300,0.0,0.0
2023-06-29 00:00:00-04:00,12.3100004196167,12.4399995803833,12.1899995803833,12.300000190734863,369400,0.0,0.0
2023-06-30 00:00:00-04:00,12.420000076293945,12.6899995803833,12.350000381469727,12.5,342900,0.0,0.0
2023-07-03 00:00:00-04:00,12.369999885559082,12.734999656677246,12.199999809265137,12.220000267028809,184100,0.0,0.0
2023-07-05 00:00:00-04:00,12.140000343322754,12.15999984741211,11.779999732971191,11.789999961853027,455100,0.0,0.0
2023-07-06 00:00:00-04:00,11.569999694824219,11.569999694824219,11.039999961853027,11.140000343322754,489800,0.0,0.0
2023-07-07 00:00:00-04:00,11.140000343322754,11.619999885559082,11.140000343322754,11.600000381469727,417300,0.0,0.0
2023-07-10 00:00:00-04:00,11.729999542236328,12.375,11.600000381469727,12.3100004196167,386600,0.0,0.0
2023-07-11 00:00:00-04:00,12.279999732971191,12.494999885559082,12.1899995803833,12.390000343322754,317200,0.0,0.0
2023-07-12 00:00:00-04:00,12.510000228881836,12.574999809265137,12.210000038146973,12.40999984741211,218000,0.0,0.0
2023-07-13 00:00:00-04:00,12.479999542236328,12.5,12.289999961853027,12.40999984741211,195000,0.0,0.0
2023-07-14 00:00:00-04:00,12.380000114440918,12.5,12.199999809265137,12.300000190734863,157400,0.0,0.0
2023-07-17 00:00:00-04:00,12.260000228881836,12.585000038146973,12.149999618530273,12.510000228881836,250700,0.0,0.0
2023-07-18 00:00:00-04:00,12.489999771118164,12.819999694824219,12.489999771118164,12.630000114440918,251000,0.0,0.0
2023-07-19 00:00:00-04:00,12.829999923706055,12.84000015258789,12.5,12.75,310200,0.0,0.0
2023-07-20 00:00:00-04:00,12.739999771118164,12.869999885559082,12.461999893188477,12.569999694824219,292400,0.0,0.0
2023-07-21 00:00:00-04:00,12.729999542236328,12.965999603271484,12.569999694824219,12.850000381469727,408700,0.0,0.0
2023-07-24 00:00:00-04:00,12.84000015258789,12.84000015258789,12.479999542236328,12.75,291400,0.0,0.0
2023-07-25 00:00:00-04:00,12.720000267028809,13.069999694824219,12.539999961853027,13.010000228881836,330500,0.0,0.0
2023-07-26 00:00:00-04:00,12.970000267028809,13.34000015258789,12.819999694824219,13.329999923706055,284100,0.0,0.0
2023-07-27 00:00:00-04:00,13.4399995803833,13.539999961853027,12.989999771118164,13.109999656677246,320200,0.0,0.0
2023-07-28 00:00:00-04:00,13.329999923706055,13.680000305175781,13.260000228881836,13.640000343322754,384100,0.0,0.0
2023-07-31 00:00:00-04:00,13.84000015258789,14.119999885559082,13.680000305175781,14.029999732971191,335600,0.0,0.0
2023-08-01 00:00:00-04:00,13.770000457763672,14.354999542236328,13.770000457763672,14.319999694824219,569300,0.0,0.0
2023-08-02 00:00:00-04:00,14.210000038146973,14.369999885559082,13.765000343322754,14.050000190734863,460600,0.0,0.0
2023-08-03 00:00:00-04:00,13.890000343322754,14.1899995803833,13.835000038146973,14.109999656677246,287100,0.0,0.0
2023-08-04 00:00:00-04:00,14.149999618530273,14.300000190734863,13.800000190734863,13.819999694824219,317100,0.0,0.0
2023-08-07 00:00:00-04:00,13.770000457763672,14.0600004196167,13.489999771118164,13.539999961853027,703500,0.0,0.0
2023-08-08 00:00:00-04:00,13.260000228881836,13.369999885559082,12.789999961853027,12.949999809265137,769300,0.0,0.0
2023-08-09 00:00:00-04:00,13.529999732971191,13.529999732971191,11.90999984741211,12.460000038146973,839500,0.0,0.0
2023-08-10 00:00:00-04:00,12.460000038146973,12.720000267028809,12.329999923706055,12.390000343322754,460400,0.0,0.0
2023-08-11 00:00:00-04:00,12.300000190734863,12.925000190734863,12.149999618530273,12.859999656677246,345100,0.0,0.0
2023-08-14 00:00:00-04:00,12.770000457763672,13.204000473022461,12.5649995803833,12.699999809265137,416400,0.0,0.0
2023-08-15 00:00:00-04:00,12.59000015258789,13.069999694824219,12.40999984741211,12.699999809265137,421800,0.0,0.0
2023-08-16 00:00:00-04:00,12.680000305175781,12.6899995803833,12.369999885559082,12.380000114440918,290300,0.0,0.0
2023-08-17 00:00:00-04:00,12.390000343322754,12.449999809265137,12.020000457763672,12.15999984741211,368700,0.0,0.0
2023-08-18 00:00:00-04:00,12.020000457763672,12.211000442504883,11.90999984741211,11.920000076293945,269000,0.0,0.0
2023-08-21 00:00:00-04:00,11.90999984741211,12.050000190734863,11.779999732971191,11.829999923706055,264700,0.0,0.0
2023-08-22 00:00:00-04:00,11.899999618530273,11.899999618530273,11.640000343322754,11.739999771118164,205000,0.0,0.0
2023-08-23 00:00:00-04:00,11.890000343322754,11.914999961853027,11.729999542236328,11.829999923706055,261600,0.0,0.0
2023-08-24 00:00:00-04:00,11.829999923706055,11.869999885559082,11.529999732971191,11.770000457763672,689100,0.0,0.0
2023-08-25 00:00:00-04:00,11.779999732971191,11.890000343322754,11.550000190734863,11.569999694824219,192600,0.0,0.0
2023-08-28 00:00:00-04:00,11.670000076293945,11.850000381469727,11.609999656677246,11.720000267028809,255300,0.0,0.0
2023-08-29 00:00:00-04:00,11.550000190734863,11.600000381469727,11.3100004196167,11.34000015258789,468300,0.0,0.0
2023-08-30 00:00:00-04:00,11.1899995803833,11.539999961853027,11.170000076293945,11.460000038146973,375600,0.0,0.0
2023-08-31 00:00:00-04:00,11.470000267028809,11.75,11.470000267028809,11.6899995803833,306800,0.0,0.0
2023-09-01 00:00:00-04:00,11.770000457763672,12.050000190734863,11.6899995803833,11.720000267028809,343500,0.0,0.0
2023-09-05 00:00:00-04:00,11.600000381469727,11.729999542236328,11.4399995803833,11.449999809265137,258700,0.0,0.0
2023-09-06 00:00:00-04:00,11.420000076293945,11.970000267028809,11.359999656677246,11.90999984741211,296300,0.0,0.0
2023-09-07 00:00:00-04:00,11.859999656677246,11.904999732971191,11.65999984741211,11.859999656677246,364900,0.0,0.0
2023-09-08 00:00:00-04:00,11.979999542236328,11.979999542236328,11.649999618530273,11.65999984741211,240100,0.0,0.0
2023-09-11 00:00:00-04:00,11.699999809265137,11.699999809265137,11.375,11.380000114440918,314400,0.0,0.0
2023-09-12 00:00:00-04:00,11.489999771118164,11.489999771118164,11.09000015258789,11.109999656677246,326800,0.0,0.0
2023-09-13 00:00:00-04:00,11.039999961853027,11.329999923706055,11.029999732971191,11.1899995803833,518100,0.0,0.0
2023-09-14 00:00:00-04:00,11.279999732971191,11.390000343322754,10.984999656677246,11.010000228881836,293300,0.0,0.0
2023-09-15 00:00:00-04:00,11.010000228881836,11.0600004196167,10.380000114440918,10.40999984741211,719500,0.0,0.0
2023-09-18 00:00:00-04:00,10.369999885559082,10.539999961853027,10.229999542236328,10.4399995803833,408600,0.0,0.0
2023-09-19 00:00:00-04:00,10.420000076293945,10.420000076293945,10.0,10.3100004196167,771200,0.0,0.0
2023-09-20 00:00:00-04:00,10.350000381469727,10.739999771118164,10.300000190734863,10.609999656677246,444900,0.0,0.0
2023-09-21 00:00:00-04:00,10.710000038146973,10.710000038146973,9.859999656677246,9.890000343322754,320200,0.0,0.0
2023-09-22 00:00:00-04:00,9.890000343322754,9.895000457763672,9.729999542236328,9.770000457763672,256100,0.0,0.0
2023-09-25 00:00:00-04:00,9.739999771118164,10.010000228881836,9.600000381469727,9.84000015258789,450900,0.0,0.0
2023-09-26 00:00:00-04:00,9.90999984741211,9.90999984741211,9.260000228881836,9.380000114440918,286000,0.0,0.0
2023-09-27 00:00:00-04:00,9.380000114440918,9.479999542236328,9.25,9.350000381469727,265000,0.0,0.0
2023-09-28 00:00:00-04:00,9.329999923706055,9.729999542236328,9.260000228881836,9.65999984741211,512400,0.0,0.0
2023-09-29 00:00:00-04:00,9.720000267028809,10.135000228881836,9.65999984741211,10.119999885559082,916500,0.0,0.0
2023-10-02 00:00:00-04:00,10.039999961853027,10.199999809265137,9.680000305175781,10.15999984741211,611800,0.0,0.0
2023-10-03 00:00:00-04:00,10.039999961853027,10.074999809265137,9.5600004196167,9.770000457763672,746500,0.0,0.0
2023-10-04 00:00:00-04:00,9.770000457763672,9.930000305175781,9.470000267028809,9.899999618530273,346200,0.0,0.0
2023-10-05 00:00:00-04:00,10.010000228881836,10.010000228881836,9.699999809265137,9.720000267028809,454200,0.0,0.0
2023-10-06 00:00:00-04:00,9.609999656677246,10.029999732971191,9.529999732971191,9.850000381469727,391100,0.0,0.0
2023-10-09 00:00:00-04:00,9.729999542236328,9.8100004196167,9.59000015258789,9.729999542236328,214200,0.0,0.0
2023-10-10 00:00:00-04:00,9.710000038146973,9.960000038146973,9.65999984741211,9.850000381469727,198800,0.0,0.0
2023-10-11 00:00:00-04:00,9.850000381469727,9.850000381469727,9.170000076293945,9.220000267028809,328100,0.0,0.0
2023-10-12 00:00:00-04:00,9.350000381469727,9.350000381469727,8.640000343322754,8.670000076293945,426600,0.0,0.0
2023-10-13 00:00:00-04:00,8.670000076293945,8.720000267028809,8.319999694824219,8.350000381469727,613500,0.0,0.0
2023-10-16 00:00:00-04:00,8.329999923706055,8.489999771118164,8.270000457763672,8.479999542236328,521500,0.0,0.0
2023-10-17 00:00:00-04:00,8.399999618530273,8.779999732971191,8.399999618530273,8.729999542236328,384900,0.0,0.0
2023-10-18 00:00:00-04:00,8.630000114440918,8.779999732971191,8.380000114440918,8.4399995803833,286700,0.0,0.0
2023-10-19 00:00:00-04:00,8.420000076293945,8.420000076293945,8.140000343322754,8.149999618530273,340200,0.0,0.0
2023-10-20 00:00:00-04:00,8.170000076293945,8.170000076293945,7.78000020980835,7.789999961853027,330400,0.0,0.0
2023-10-23 00:00:00-04:00,7.739999771118164,7.860000133514404,7.485000133514404,7.559999942779541,472700,0.0,0.0
2023-10-24 00:00:00-04:00,7.630000114440918,7.809999942779541,7.570000171661377,7.579999923706055,410000,0.0,0.0
2023-10-25 00:00:00-04:00,7.46999979019165,7.480000019073486,7.059999942779541,7.090000152587891,421000,0.0,0.0
2023-10-26 00:00:00-04:00,7.090000152587891,7.175000190734863,6.769999980926514,6.78000020980835,443200,0.0,0.0
2023-10-27 00:00:00-04:00,6.900000095367432,7.019999980926514,6.679999828338623,6.860000133514404,1045300,0.0,0.0
2023-10-30 00:00:00-04:00,7.059999942779541,7.260000228881836,6.867000102996826,7.190000057220459,955000,0.0,0.0
2023-10-31 00:00:00-04:00,7.230000019073486,7.639999866485596,7.159999847412109,7.489999771118164,529400,0.0,0.0
2023-11-01 00:00:00-04:00,7.480000019073486,7.480000019073486,7.09499979019165,7.230000019073486,524600,0.0,0.0
2023-11-02 00:00:00-04:00,7.329999923706055,7.590000152587891,7.230000019073486,7.369999885559082,484300,0.0,0.0
2023-11-03 00:00:00-04:00,7.21999979019165,7.769999980926514,7.039999961853027,7.599999904632568,592400,0.0,0.0
2023-11-06 00:00:00-05:00,7.610000133514404,7.820000171661377,7.15500020980835,7.239999771118164,741100,0.0,0.0
2023-11-07 00:00:00-05:00,7.25,7.360000133514404,7.099999904632568,7.199999809265137,296500,0.0,0.0
2023-11-08 00:00:00-05:00,7.25,7.40500020980835,6.96999979019165,7.380000114440918,449400,0.0,0.0
2023-11-09 00:00:00-05:00,7.380000114440918,7.380000114440918,6.840000152587891,6.909999847412109,637300,0.0,0.0
2023-11-10 00:00:00-05:00,6.960000038146973,7.050000190734863,6.599999904632568,6.710000038146973,597000,0.0,0.0
2023-11-13 00:00:00-05:00,6.829999923706055,7.630000114440918,6.829999923706055,7.380000114440918,686600,0.0,0.0
2023-11-14 00:00:00-05:00,7.769999980926514,8.369999885559082,7.744999885559082,8.34000015258789,746500,0.0,0.0
2023-11-15 00:00:00-05:00,8.25,8.520000457763672,7.989999771118164,8.020000457763672,589000,0.0,0.0
2023-11-16 00:00:00-05:00,8.149999618530273,8.149999618530273,7.739999771118164,7.860000133514404,400000,0.0,0.0
2023-11-17 00:00:00-05:00,7.960000038146973,8.005000114440918,7.7210001945495605,7.789999961853027,316800,0.0,0.0
2023-11-20 00:00:00-05:00,7.78000020980835,7.989999771118164,7.690000057220459,7.75,300700,0.0,0.0
2023-11-21 00:00:00-05:00,7.739999771118164,7.849999904632568,7.519999980926514,7.539999961853027,1173400,0.0,0.0
2023-11-22 00:00:00-05:00,7.699999809265137,7.840000152587891,7.53000020980835,7.71999979019165,617600,0.0,0.0
2023-11-24 00:00:00-05:00,7.71999979019165,7.880000114440918,7.650000095367432,7.650000095367432,123300,0.0,0.0
2023-11-27 00:00:00-05:00,7.579999923706055,7.610000133514404,7.420000076293945,7.420000076293945,311700,0.0,0.0
2023-11-28 00:00:00-05:00,7.369999885559082,7.550000190734863,7.349999904632568,7.414999961853027,228400,0.0,0.0
2023-11-29 00:00:00-05:00,7.510000228881836,7.78000020980835,7.369999885559082,7.389999866485596,418000,0.0,0.0
2023-11-30 00:00:00-05:00,7.440000057220459,7.480000019073486,7.159999847412109,7.179999828338623,428700,0.0,0.0
2023-12-01 00:00:00-05:00,7.170000076293945,7.670000076293945,7.130000114440918,7.610000133514404,849000,0.0,0.0
2023-12-04 00:00:00-05:00,7.389999866485596,7.78000020980835,7.389999866485596,7.710000038146973,351900,0.0,0.0
2023-12-05 00:00:00-05:00,7.590000152587891,7.675000190734863,7.400000095367432,7.510000228881836,385000,0.0,0.0
2023-12-06 00:00:00-05:00,7.550000190734863,7.954999923706055,7.53000020980835,7.71999979019165,772100,0.0,0.0
2023-12-07 00:00:00-05:00,7.710000038146973,7.8979997634887695,7.4720001220703125,7.699999809265137,555600,0.0,0.0
2023-12-08 00:00:00-05:00,7.650000095367432,7.855000019073486,7.630000114440918,7.760000228881836,379000,0.0,0.0
2023-12-11 00:00:00-05:00,7.659999847412109,7.659999847412109,7.269999980926514,7.289999961853027,490100,0.0,0.0
2023-12-12 00:00:00-05:00,7.289999961853027,7.394999980926514,7.130000114440918,7.340000152587891,610800,0.0,0.0
2023-12-13 00:00:00-05:00,7.96999979019165,8.260000228881836,7.480000019073486,8.229999542236328,1486800,0.0,0.0
2023-12-14 00:00:00-05:00,8.5600004196167,8.9399995803833,8.470000267028809,8.869999885559082,1213300,0.0,0.0
2023-12-15 00:00:00-05:00,9.0,9.0,8.539999961853027,8.75,1413800,0.0,0.0
2023-12-18 00:00:00-05:00,8.789999961853027,8.899999618530273,8.550000190734863,8.600000381469727,568200,0.0,0.0
2023-12-19 00:00:00-05:00,8.6899995803833,9.34000015258789,8.609999656677246,9.319999694824219,776000,0.0,0.0
2023-12-20 00:00:00-05:00,9.279999732971191,9.470999717712402,8.989999771118164,9.010000228881836,421900,0.0,0.0
2023-12-21 00:00:00-05:00,9.149999618530273,9.470000267028809,9.03499984741211,9.460000038146973,344200,0.0,0.0
2023-12-22 00:00:00-05:00,9.569999694824219,9.770000457763672,9.420000076293945,9.569999694824219,427800,0.0,0.0
2023-12-26 00:00:00-05:00,9.630000114440918,9.649999618530273,9.425000190734863,9.510000228881836,251800,0.0,0.0
2023-12-27 00:00:00-05:00,9.539999961853027,9.649999618530273,9.484999656677246,9.569999694824219,192000,0.0,0.0
2023-12-28 00:00:00-05:00,9.5,9.71399974822998,9.5,9.569999694824219,230500,0.0,0.0
2023-12-29 00:00:00-05:00,9.510000228881836,9.600000381469727,9.239999771118164,9.260000228881836,324100,0.0,0.0
2024-01-02 00:00:00-05:00,9.100000381469727,9.539999961853027,9.029999732971191,9.119999885559082,308300,0.0,0.0
2024-01-03 00:00:00-05:00,9.350000381469727,9.550000190734863,9.095000267028809,9.15999984741211,690300,0.0,0.0
2024-01-04 00:00:00-05:00,9.180000305175781,9.460000038146973,8.989999771118164,9.220000267028809,396200,0.0,0.0
2024-01-05 00:00:00-05:00,9.079999923706055,9.604999542236328,8.949999809265137,9.539999961853027,599600,0.0,0.0
2024-01-08 00:00:00-05:00,9.489999771118164,9.859999656677246,9.369999885559082,9.8100004196167,525000,0.0,0.0
2024-01-09 00:00:00-05:00,9.75,10.710000038146973,9.579000473022461,10.640000343322754,860800,0.0,0.0
2024-01-10 00:00:00-05:00,10.890000343322754,11.244999885559082,10.529999732971191,11.0,717900,0.0,0.0
2024-01-11 00:00:00-05:00,10.899999618530273,11.239999771118164,10.645999908447266,11.210000038146973,699100,0.0,0.0
2024-01-12 00:00:00-05:00,11.34000015258789,11.40999984741211,10.850000381469727,10.989999771118164,921600,0.0,0.0
2024-01-16 00:00:00-05:00,10.800000190734863,11.055000305175781,10.550000190734863,10.850000381469727,882200,0.0,0.0
2024-01-17 00:00:00-05:00,10.569999694824219,10.585000038146973,9.930000305175781,10.039999961853027,429400,0.0,0.0
2024-01-18 00:00:00-05:00,10.079999923706055,10.079999923706055,9.609999656677246,9.829999923706055,535100,0.0,0.0
2024-01-19 00:00:00-05:00,9.84000015258789,9.880000114440918,9.199999809265137,9.229999542236328,498400,0.0,0.0
2024-01-22 00:00:00-05:00,9.479999542236328,9.600000381469727,9.270000457763672,9.569999694824219,410500,0.0,0.0
2024-01-23 00:00:00-05:00,9.760000228881836,9.770000457763672,9.289999961853027,9.289999961853027,315500,0.0,0.0
2024-01-24 00:00:00-05:00,9.670000076293945,9.84000015258789,9.289999961853027,9.470000267028809,383100,0.0,0.0
2024-01-25 00:00:00-05:00,9.600000381469727,9.970000267028809,9.460000038146973,9.9399995803833,1424000,0.0,0.0
2024-01-26 00:00:00-05:00,10.899999618530273,10.989999771118164,10.130000114440918,10.300000190734863,602600,0.0,0.0
2024-01-29 00:00:00-05:00,10.279999732971191,10.779999732971191,10.149999618530273,10.760000228881836,425300,0.0,0.0
2024-01-30 00:00:00-05:00,10.680000305175781,10.680000305175781,10.279999732971191,10.279999732971191,286300,0.0,0.0
2024-01-31 00:00:00-05:00,10.279999732971191,10.430000305175781,9.694999694824219,9.770000457763672,957700,0.0,0.0
2024-02-01 00:00:00-05:00,9.869999885559082,9.970000267028809,9.489999771118164,9.880000114440918,504500,0.0,0.0
2024-02-02 00:00:00-05:00,9.760000228881836,10.0,9.710000038146973,9.920000076293945,292100,0.0,0.0
2024-02-05 00:00:00-05:00,9.819999694824219,9.88700008392334,9.46500015258789,9.609999656677246,328800,0.0,0.0
2024-02-06 00:00:00-05:00,9.65999984741211,10.0600004196167,9.609999656677246,9.9399995803833,282400,0.0,0.0
2024-02-07 00:00:00-05:00,9.979999542236328,9.979999542236328,9.640000343322754,9.779999732971191,355200,0.0,0.0
2024-02-08 00:00:00-05:00,9.800000190734863,9.930000305175781,9.59000015258789,9.699999809265137,251600,0.0,0.0
2024-02-09 00:00:00-05:00,9.720000267028809,10.119999885559082,9.680000305175781,9.800000190734863,337300,0.0,0.0
2024-02-12 00:00:00-05:00,9.850000381469727,10.3100004196167,9.850000381469727,10.260000228881836,414700,0.0,0.0
2024-02-13 00:00:00-05:00,9.760000228881836,9.960000038146973,9.550000190734863,9.600000381469727,380900,0.0,0.0
2024-02-14 00:00:00-05:00,9.819999694824219,9.920000076293945,9.399999618530273,9.449999809265137,1251200,0.0,0.0
2024-02-15 00:00:00-05:00,9.550000190734863,10.109999656677246,9.550000190734863,10.029999732971191,501100,0.0,0.0
2024-02-16 00:00:00-05:00,9.739999771118164,10.140000343322754,9.680000305175781,9.829999923706055,361900,0.0,0.0
2024-02-20 00:00:00-05:00,9.75,9.890000343322754,9.600000381469727,9.710000038146973,352600,0.0,0.0
2024-02-21 00:00:00-05:00,9.640000343322754,9.720000267028809,9.050000190734863,9.119999885559082,533300,0.0,0.0
2024-02-22 00:00:00-05:00,9.09000015258789,9.244999885559082,8.460000038146973,8.470000267028809,641700,0.0,0.0
2024-02-23 00:00:00-05:00,7.659999847412109,8.170000076293945,7.260000228881836,7.78000020980835,1749600,0.0,0.0
2024-02-26 00:00:00-05:00,7.730000019073486,8.119999885559082,7.599999904632568,7.71999979019165,828500,0.0,0.0
2024-02-27 00:00:00-05:00,7.829999923706055,8.359999656677246,7.599999904632568,8.3100004196167,1318000,0.0,0.0
2024-02-28 00:00:00-05:00,8.579999923706055,8.84000015258789,8.050000190734863,8.15999984741211,940100,0.0,0.0
2024-02-29 00:00:00-05:00,8.34000015258789,8.649999618530273,8.239999771118164,8.319999694824219,880100,0.0,0.0
2024-03-01 00:00:00-05:00,8.350000381469727,8.350000381469727,7.869999885559082,8.0600004196167,938600,0.0,0.0
2024-03-04 00:00:00-05:00,8.079999923706055,8.3149995803833,7.949999809265137,8.25,695500,0.0,0.0
2024-03-05 00:00:00-05:00,8.180000305175781,8.878000259399414,8.010000228881836,8.649999618530273,1454600,0.0,0.0
2024-03-06 00:00:00-05:00,8.880000114440918,9.0,8.619999885559082,8.869999885559082,661600,0.0,0.0
2024-03-07 00:00:00-05:00,8.970000267028809,9.100000381469727,8.75,8.90999984741211,399600,0.0,0.0
2024-03-08 00:00:00-05:00,9.0,9.199999809265137,8.720000267028809,8.739999771118164,474100,0.0,0.0
2024-03-11 00:00:00-04:00,8.670000076293945,8.800000190734863,8.529999732971191,8.579999923706055,416200,0.0,0.0
2024-03-12 00:00:00-04:00,8.529999732971191,8.539999961853027,8.140000343322754,8.149999618530273,376400,0.0,0.0
2024-03-13 00:00:00-04:00,8.109999656677246,8.300000190734863,8.029999732971191,8.140000343322754,551300,0.0,0.0
2024-03-14 00:00:00-04:00,8.100000381469727,8.100000381469727,7.769999980926514,7.800000190734863,675600,0.0,0.0
2024-03-15 00:00:00-04:00,7.78000020980835,8.050000190734863,7.670000076293945,7.820000171661377,761800,0.0,0.0
2024-03-18 00:00:00-04:00,7.820000171661377,7.889999866485596,7.599999904632568,7.610000133514404,660700,0.0,0.0
2024-03-19 00:00:00-04:00,7.599999904632568,8.020000457763672,7.599999904632568,7.920000076293945,609700,0.0,0.0
2024-03-20 00:00:00-04:00,7.880000114440918,8.119999885559082,7.715000152587891,8.050000190734863,404000,0.0,0.0
2024-03-21 00:00:00-04:00,8.100000381469727,8.229999542236328,7.949999809265137,8.109999656677246,689500,0.0,0.0
2024-03-22 00:00:00-04:00,8.079999923706055,8.109999656677246,7.809999942779541,7.809999942779541,595300,0.0,0.0
2024-03-25 00:00:00-04:00,7.809999942779541,7.951000213623047,7.460000038146973,7.46999979019165,378600,0.0,0.0
2024-03-26 00:00:00-04:00,7.570000171661377,7.619999885559082,7.440000057220459,7.489999771118164,427300,0.0,0.0
2024-03-27 00:00:00-04:00,7.590000152587891,7.590000152587891,7.400000095367432,7.440000057220459,482700,0.0,0.0
2024-03-28 00:00:00-04:00,7.46999979019165,7.739999771118164,7.466000080108643,7.53000020980835,539900,0.0,0.0
2024-04-01 00:00:00-04:00,7.570000171661377,7.570000171661377,7.269999980926514,7.28000020980835,321600,0.0,0.0
2024-04-02 00:00:00-04:00,7.199999809265137,7.269999980926514,6.909999847412109,6.960000038146973,664900,0.0,0.0
2024-04-03 00:00:00-04:00,6.900000095367432,6.909999847412109,6.659999847412109,6.690000057220459,459800,0.0,0.0
2024-04-04 00:00:00-04:00,6.789999961853027,6.949999809265137,6.650000095367432,6.670000076293945,464000,0.0,0.0
2024-04-05 00:00:00-04:00,6.590000152587891,6.739999771118164,6.519999980926514,6.579999923706055,676700,0.0,0.0
2024-04-08 00:00:00-04:00,6.670000076293945,6.71999979019165,6.53000020980835,6.599999904632568,518000,0.0,0.0
2024-04-09 00:00:00-04:00,6.610000133514404,6.894999980926514,6.550000190734863,6.679999828338623,863100,0.0,0.0
2024-04-10 00:00:00-04:00,6.269999980926514,6.420000076293945,6.059999942779541,6.230000019073486,1066000,0.0,0.0
2024-04-11 00:00:00-04:00,6.320000171661377,6.409999847412109,6.210000038146973,6.400000095367432,461600,0.0,0.0
2024-04-12 00:00:00-04:00,6.329999923706055,6.380000114440918,5.989999771118164,6.090000152587891,370900,0.0,0.0
2024-04-15 00:00:00-04:00,6.110000133514404,6.114999771118164,5.639999866485596,5.670000076293945,1080700,0.0,0.0
2024-04-16 00:00:00-04:00,5.610000133514404,5.670000076293945,5.510000228881836,5.53000020980835,516800,0.0,0.0
2024-04-17 00:00:00-04:00,5.559999942779541,5.730000019073486,5.514999866485596,5.625,585300,0.0,0.0
2024-04-18 00:00:00-04:00,5.610000133514404,5.809999942779541,5.534999847412109,5.695000171661377,465600,0.0,0.0
2024-04-19 00:00:00-04:00,5.650000095367432,5.679999828338623,5.510000228881836,5.579999923706055,563700,0.0,0.0
2024-04-22 00:00:00-04:00,5.639999866485596,5.840000152587891,5.489999771118164,5.559999942779541,601300,0.0,0.0
2024-04-23 00:00:00-04:00,5.510000228881836,5.690000057220459,5.445000171661377,5.599999904632568,493200,0.0,0.0
2024-04-24 00:00:00-04:00,5.699999809265137,6.059999942779541,5.570000171661377,6.03000020980835,781600,0.0,0.0
2024-04-25 00:00:00-04:00,5.949999809265137,5.949999809265137,5.550000190734863,5.599999904632568,699300,0.0,0.0
2024-04-26 00:00:00-04:00,5.610000133514404,6.070000171661377,5.53000020980835,6.03000020980835,692600,0.0,0.0
2024-04-29 00:00:00-04:00,6.070000171661377,6.369999885559082,6.070000171661377,6.340000152587891,926100,0.0,0.0
2024-04-30 00:00:00-04:00,6.239999771118164,6.480000019073486,6.119999885559082,6.21999979019165,1021400,0.0,0.0
2024-05-01 00:00:00-04:00,6.230000019073486,6.460000038146973,6.170000076293945,6.309999942779541,419300,0.0,0.0
2024-05-02 00:00:00-04:00,6.429999828338623,6.619999885559082,6.159999847412109,6.539999961853027,814400,0.0,0.0
2024-05-03 00:00:00-04:00,6.670000076293945,6.800000190734863,6.360000133514404,6.480000019073486,350500,0.0,0.0
2024-05-06 00:00:00-04:00,6.570000171661377,7.0,6.489999771118164,6.949999809265137,775300,0.0,0.0
2024-05-07 00:00:00-04:00,6.949999809265137,6.965000152587891,6.570000171661377,6.78000020980835,641100,0.0,0.0
2024-05-08 00:00:00-04:00,6.659999847412109,6.679999828338623,6.369999885559082,6.650000095367432,959300,0.0,0.0
2024-05-09 00:00:00-04:00,6.659999847412109,6.734000205993652,6.400000095367432,6.670000076293945,1194800,0.0,0.0
2024-05-10 00:00:00-04:00,6.380000114440918,7.110000133514404,6.199999809265137,6.409999847412109,1206700,0.0,0.0
2024-05-13 00:00:00-04:00,6.539999961853027,6.909999847412109,6.474999904632568,6.789999961853027,742000,0.0,0.0
2024-05-14 00:00:00-04:00,6.900000095367432,7.190000057220459,6.670000076293945,6.840000152587891,786600,0.0,0.0
2024-05-15 00:00:00-04:00,7.0,7.070000171661377,6.630000114440918,6.78000020980835,514800,0.0,0.0
2024-05-16 00:00:00-04:00,6.760000228881836,7.059999942779541,6.71999979019165,7.03000020980835,519600,0.0,0.0
2024-05-17 00:00:00-04:00,7.0,7.079999923706055,6.840000152587891,6.949999809265137,473800,0.0,0.0
2024-05-20 00:00:00-04:00,6.869999885559082,7.010000228881836,6.829999923706055,6.914999961853027,567000,0.0,0.0
2024-05-21 00:00:00-04:00,6.880000114440918,6.880000114440918,6.690000057220459,6.769999980926514,327200,0.0,0.0
2024-05-22 00:00:00-04:00,6.710000038146973,6.900000095367432,6.610000133514404,6.849999904632568,364400,0.0,0.0
2024-05-23 00:00:00-04:00,6.900000095367432,6.900000095367432,6.550000190734863,6.650000095367432,357100,0.0,0.0
2024-05-24 00:00:00-04:00,6.690000057220459,6.821000099182129,6.5,6.730000019073486,468800,0.0,0.0
2024-05-28 00:00:00-04:00,6.809999942779541,6.929999828338623,6.650000095367432,6.829999923706055,290800,0.0,0.0
2024-05-29 00:00:00-04:00,6.630000114440918,6.730000019073486,6.480000019073486,6.539999961853027,360000,0.0,0.0
2024-05-30 00:00:00-04:00,6.639999866485596,6.659999847412109,6.489999771118164,6.510000228881836,380900,0.0,0.0
2024-05-31 00:00:00-04:00,6.610000133514404,6.650000095367432,6.409999847412109,6.630000114440918,1898300,0.0,0.0
2024-06-03 00:00:00-04:00,6.769999980926514,6.769999980926514,6.380000114440918,6.429999828338623,676700,0.0,0.0
2024-06-04 00:00:00-04:00,6.369999885559082,6.639999866485596,6.320000171661377,6.630000114440918,440600,0.0,0.0
2024-06-05 00:00:00-04:00,6.650000095367432,6.730000019073486,6.474999904632568,6.699999809265137,571300,0.0,0.0
2024-06-06 00:00:00-04:00,6.650000095367432,6.920000076293945,6.590000152587891,6.619999885559082,393500,0.0,0.0
2024-06-07 00:00:00-04:00,6.519999980926514,6.800000190734863,6.434999942779541,6.5,325800,0.0,0.0
2024-06-10 00:00:00-04:00,6.440000057220459,6.699999809265137,6.440000057220459,6.679999828338623,297900,0.0,0.0
2024-06-11 00:00:00-04:00,6.570000171661377,6.599999904632568,6.460000038146973,6.539999961853027,273800,0.0,0.0
2024-06-12 00:00:00-04:00,6.829999923706055,7.079999923706055,6.670000076293945,6.679999828338623,363600,0.0,0.0
2024-06-13 00:00:00-04:00,6.619999885559082,6.75,6.170000076293945,6.320000171661377,446900,0.0,0.0
2024-06-14 00:00:00-04:00,6.179999828338623,6.46999979019165,6.159999847412109,6.460000038146973,344700,0.0,0.0
2024-06-17 00:00:00-04:00,6.380000114440918,6.489999771118164,6.25,6.420000076293945,382100,0.0,0.0
2024-06-18 00:00:00-04:00,6.400000095367432,6.480000019073486,6.320000171661377,6.340000152587891,315300,0.0,0.0
2024-06-20 00:00:00-04:00,6.289999961853027,6.289999961853027,5.949999809265137,6.039999961853027,286400,0.0,0.0
2024-06-21 00:00:00-04:00,6.059999942779541,6.255000114440918,5.96999979019165,6.130000114440918,479100,0.0,0.0
2024-06-24 00:00:00-04:00,6.139999866485596,6.360000133514404,6.019999980926514,6.050000190734863,298900,0.0,0.0
2024-06-25 00:00:00-04:00,6.03000020980835,6.09499979019165,5.925000190734863,6.050000190734863,260700,0.0,0.0
2024-06-26 00:00:00-04:00,5.989999771118164,6.119999885559082,5.960000038146973,6.099999904632568,328500,0.0,0.0
2024-06-27 00:00:00-04:00,6.119999885559082,6.170000076293945,6.0,6.050000190734863,326800,0.0,0.0
2024-06-28 00:00:00-04:00,6.099999904632568,6.480000019073486,6.0,6.389999866485596,2475300,0.0,0.0
2024-07-01 00:00:00-04:00,6.320000171661377,6.5,5.994999885559082,6.070000171661377,870100,0.0,0.0
2024-07-02 00:00:00-04:00,6.090000152587891,6.150000095367432,6.0,6.099999904632568,438300,0.0,0.0
2024-07-03 00:00:00-04:00,6.110000133514404,6.239999771118164,6.0,6.179999828338623,172000,0.0,0.0
2024-07-05 00:00:00-04:00,6.179999828338623,6.349999904632568,6.150000095367432,6.190000057220459,336000,0.0,0.0
2024-07-08 00:00:00-04:00,6.21999979019165,6.28000020980835,6.090000152587891,6.21999979019165,308800,0.0,0.0
2024-07-09 00:00:00-04:00,6.150000095367432,6.25,6.054999828338623,6.139999866485596,379400,0.0,0.0
2024-07-10 00:00:00-04:00,6.179999828338623,6.179999828338623,5.75,5.860000133514404,447500,0.0,0.0
2024-07-11 00:00:00-04:00,5.940000057220459,6.519999980926514,5.940000057220459,6.360000133514404,603300,0.0,0.0
2024-07-12 00:00:00-04:00,6.440000057220459,6.639999866485596,6.190000057220459,6.46999979019165,581000,0.0,0.0
2024-07-15 00:00:00-04:00,6.510000228881836,6.699999809265137,6.380000114440918,6.510000228881836,456800,0.0,0.0
2024-07-16 00:00:00-04:00,6.599999904632568,7.389999866485596,6.539999961853027,7.349999904632568,811000,0.0,0.0
2024-07-17 00:00:00-04:00,6.929999828338623,7.510000228881836,6.889999866485596,7.320000171661377,858100,0.0,0.0
2024-07-18 00:00:00-04:00,7.21999979019165,7.440000057220459,6.840000152587891,6.940000057220459,513700,0.0,0.0
2024-07-19 00:00:00-04:00,6.960000038146973,7.5,6.960000038146973,7.260000228881836,513700,0.0,0.0
2024-07-22 00:00:00-04:00,7.190000057220459,7.431000232696533,7.050000190734863,7.389999866485596,459100,0.0,0.0
2024-07-23 00:00:00-04:00,7.360000133514404,7.818999767303467,7.320000171661377,7.769999980926514,471900,0.0,0.0
2024-07-24 00:00:00-04:00,7.699999809265137,7.809999942779541,7.550000190734863,7.619999885559082,426600,0.0,0.0
2024-07-25 00:00:00-04:00,7.510000228881836,8.039999961853027,7.460000038146973,7.789999961853027,607900,0.0,0.0
2024-07-26 00:00:00-04:00,7.96999979019165,8.130000114440918,7.619999885559082,7.730000019073486,345200,0.0,0.0
2024-07-29 00:00:00-04:00,7.730000019073486,7.920000076293945,7.550000190734863,7.690000057220459,204800,0.0,0.0
2024-07-30 00:00:00-04:00,7.71999979019165,7.869999885559082,7.534999847412109,7.630000114440918,199700,0.0,0.0
2024-07-31 00:00:00-04:00,7.670000076293945,7.699999809265137,7.300000190734863,7.369999885559082,415300,0.0,0.0
2024-08-01 00:00:00-04:00,7.400000095367432,7.485000133514404,7.050000190734863,7.110000133514404,390000,0.0,0.0
2024-08-02 00:00:00-04:00,7.03000020980835,7.079999923706055,6.679999828338623,6.710000038146973,322800,0.0,0.0
2024-08-05 00:00:00-04:00,6.28000020980835,6.320000171661377,5.974999904632568,6.019999980926514,515700,0.0,0.0
2024-08-06 00:00:00-04:00,6.070000171661377,6.179999828338623,5.920000076293945,5.929999828338623,570000,0.0,0.0
2024-08-07 00:00:00-04:00,6.159999847412109,6.159999847412109,5.420000076293945,5.480000019073486,818700,0.0,0.0
2024-08-08 00:00:00-04:00,6.5,7.849999904632568,6.460000038146973,7.550000190734863,2666600,0.0,0.0
2024-08-09 00:00:00-04:00,7.489999771118164,7.599999904632568,6.340000152587891,6.650000095367432,741900,0.0,0.0
2024-08-12 00:00:00-04:00,6.71999979019165,6.75,6.289999961853027,6.360000133514404,564700,0.0,0.0
2024-08-13 00:00:00-04:00,6.429999828338623,6.590000152587891,6.239999771118164,6.449999809265137,636200,0.0,0.0
2024-08-14 00:00:00-04:00,6.46999979019165,6.659999847412109,6.21999979019165,6.320000171661377,296900,0.0,0.0
2024-08-15 00:00:00-04:00,6.570000171661377,6.789999961853027,6.380000114440918,6.769999980926514,437100,0.0,0.0
2024-08-16 00:00:00-04:00,6.730000019073486,6.880000114440918,6.5,6.755000114440918,556800,0.0,0.0
2024-08-19 00:00:00-04:00,6.809999942779541,6.880000114440918,6.650000095367432,6.840000152587891,280500,0.0,0.0
2024-08-20 00:00:00-04:00,6.840000152587891,7.059999942779541,6.741000175476074,7.050000190734863,447900,0.0,0.0
2024-08-21 00:00:00-04:00,7.159999847412109,7.260000228881836,6.889999866485596,7.150000095367432,306400,0.0,0.0
2024-08-22 00:00:00-04:00,7.170000076293945,7.170000076293945,6.980000019073486,7.059999942779541,383600,0.0,0.0
2024-08-23 00:00:00-04:00,7.150000095367432,7.539999961853027,6.980000019073486,7.269999980926514,526500,0.0,0.0
2024-08-26 00:00:00-04:00,7.389999866485596,7.389999866485596,7.079999923706055,7.159999847412109,432600,0.0,0.0
2024-08-27 00:00:00-04:00,7.130000114440918,7.145999908447266,6.889999866485596,6.909999847412109,227900,0.0,0.0
2024-08-28 00:00:00-04:00,6.860000133514404,6.889999866485596,6.71999979019165,6.820000171661377,391600,0.0,0.0
2024-08-29 00:00:00-04:00,6.889999866485596,7.0,6.75,6.920000076293945,281300,0.0,0.0
2024-08-30 00:00:00-04:00,7.0,7.210000038146973,6.839000225067139,7.190000057220459,318100,0.0,0.0
2024-09-03 00:00:00-04:00,7.019999980926514,7.431000232696533,7.019999980926514,7.25,587300,0.0,0.0
2024-09-04 00:00:00-04:00,7.389999866485596,7.860000133514404,7.269999980926514,7.539999961853027,773100,0.0,0.0
2024-09-05 00:00:00-04:00,7.489999771118164,7.60699987411499,7.190000057220459,7.380000114440918,518200,0.0,0.0
2024-09-06 00:00:00-04:00,7.340000152587891,7.53000020980835,7.244999885559082,7.289999961853027,452000,0.0,0.0
2024-09-09 00:00:00-04:00,7.239999771118164,7.539999961853027,7.119999885559082,7.480000019073486,475700,0.0,0.0
2024-09-10 00:00:00-04:00,7.539999961853027,7.869999885559082,7.360000133514404,7.849999904632568,535000,0.0,0.0
2024-09-11 00:00:00-04:00,7.739999771118164,8.050000190734863,7.690999984741211,7.949999809265137,456800,0.0,0.0
2024-09-12 00:00:00-04:00,8.050000190734863,8.244999885559082,7.739999771118164,8.020000457763672,345700,0.0,0.0
2024-09-13 00:00:00-04:00,8.119999885559082,8.5,8.050000190734863,8.4399995803833,579200,0.0,0.0
2024-09-16 00:00:00-04:00,8.430000305175781,8.770000457763672,8.369999885559082,8.520000457763672,585700,0.0,0.0
2024-09-17 00:00:00-04:00,8.630000114440918,8.895000457763672,8.494999885559082,8.699999809265137,728500,0.0,0.0
2024-09-18 00:00:00-04:00,8.609999656677246,8.970000267028809,8.350000381469727,8.739999771118164,601100,0.0,0.0
2024-09-19 00:00:00-04:00,9.0,9.109999656677246,8.710000038146973,8.829999923706055,448400,0.0,0.0
2024-09-20 00:00:00-04:00,8.800000190734863,8.949999809265137,8.491999626159668,8.6899995803833,908500,0.0,0.0
2024-09-23 00:00:00-04:00,8.65999984741211,8.65999984741211,8.0600004196167,8.199999809265137,459300,0.0,0.0
2024-09-24 00:00:00-04:00,8.289999961853027,8.289999961853027,7.800000190734863,8.079999923706055,890200,0.0,0.0
2024-09-25 00:00:00-04:00,8.109999656677246,8.390000343322754,7.96999979019165,8.229999542236328,494700,0.0,0.0
2024-09-26 00:00:00-04:00,8.359999656677246,8.420000076293945,8.109999656677246,8.390000343322754,724400,0.0,0.0
2024-09-27 00:00:00-04:00,8.539999961853027,8.630000114440918,8.25,8.3100004196167,223000,0.0,0.0
2024-09-30 00:00:00-04:00,8.270000457763672,8.479999542236328,8.125,8.140000343322754,285400,0.0,0.0
2024-10-01 00:00:00-04:00,8.130000114440918,8.130000114440918,7.900000095367432,8.050000190734863,307200,0.0,0.0
2024-10-02 00:00:00-04:00,8.119999885559082,8.15999984741211,7.78000020980835,7.900000095367432,209800,0.0,0.0
2024-10-03 00:00:00-04:00,7.820000171661377,7.954999923706055,7.599999904632568,7.630000114440918,187000,0.0,0.0
2024-10-04 00:00:00-04:00,7.829999923706055,7.849999904632568,7.59499979019165,7.699999809265137,266900,0.0,0.0
2024-10-07 00:00:00-04:00,7.659999847412109,7.775000095367432,7.460000038146973,7.619999885559082,279600,0.0,0.0
2024-10-08 00:00:00-04:00,7.769999980926514,8.079999923706055,7.715000152587891,7.829999923706055,287300,0.0,0.0
2024-10-09 00:00:00-04:00,7.809999942779541,7.949999809265137,7.650000095367432,7.909999847412109,311400,0.0,0.0
2024-10-10 00:00:00-04:00,7.800000190734863,7.914999961853027,7.65500020980835,7.849999904632568,266500,0.0,0.0
2024-10-11 00:00:00-04:00,7.840000152587891,8.149999618530273,7.809999942779541,8.140000343322754,273700,0.0,0.0
2024-10-14 00:00:00-04:00,8.170000076293945,8.28499984741211,8.039999961853027,8.229999542236328,286300,0.0,0.0
2024-10-15 00:00:00-04:00,8.15999984741211,8.64799976348877,8.130000114440918,8.520000457763672,678500,0.0,0.0
2024-10-16 00:00:00-04:00,8.600000381469727,8.819999694824219,8.432999610900879,8.720000267028809,517400,0.0,0.0
2024-10-17 00:00:00-04:00,8.699999809265137,8.789999961853027,8.489999771118164,8.649999618530273,227800,0.0,0.0
2024-10-18 00:00:00-04:00,8.65999984741211,8.699999809265137,8.430000305175781,8.65999984741211,299200,0.0,0.0
2024-10-21 00:00:00-04:00,8.640000343322754,8.664999961853027,8.204999923706055,8.600000381469727,665400,0.0,0.0
2024-10-22 00:00:00-04:00,8.600000381469727,9.005000114440918,8.529999732971191,8.630000114440918,1170000,0.0,0.0
2024-10-23 00:00:00-04:00,8.649999618530273,8.8100004196167,8.020000457763672,8.079999923706055,550900,0.0,0.0
2024-10-24 00:00:00-04:00,8.119999885559082,8.210000038146973,7.769999980926514,7.78000020980835,697700,0.0,0.0
2024-10-25 00:00:00-04:00,7.78000020980835,7.840000152587891,7.630000114440918,7.659999847412109,367400,0.0,0.0
2024-10-28 00:00:00-04:00,7.679999828338623,8.109999656677246,7.650000095367432,7.929999828338623,429200,0.0,0.0
2024-10-29 00:00:00-04:00,7.920000076293945,8.029999732971191,7.789999961853027,7.909999847412109,323100,0.0,0.0
2024-10-30 00:00:00-04:00,7.869999885559082,8.050000190734863,7.809999942779541,8.039999961853027,327800,0.0,0.0
2024-10-31 00:00:00-04:00,8.020000457763672,8.020000457763672,7.730000019073486,7.769999980926514,720300,0.0,0.0
2024-11-01 00:00:00-04:00,7.849999904632568,7.980000019073486,7.639999866485596,7.699999809265137,388800,0.0,0.0
2024-11-04 00:00:00-05:00,7.639999866485596,7.829999923706055,7.519999980926514,7.679999828338623,503400,0.0,0.0
2024-11-05 00:00:00-05:00,7.610000133514404,7.909999847412109,7.409999847412109,7.760000228881836,404000,0.0,0.0
2024-11-06 00:00:00-05:00,8.359999656677246,8.600000381469727,8.109999656677246,8.25,619800,0.0,0.0
2024-11-07 00:00:00-05:00,7.789999961853027,9.039999961853027,7.610000133514404,8.859999656677246,820100,0.0,0.0
2024-11-08 00:00:00-05:00,8.819999694824219,9.020000457763672,8.229999542236328,8.239999771118164,674600,0.0,0.0
2024-11-11 00:00:00-05:00,8.3100004196167,8.600000381469727,8.0600004196167,8.319999694824219,592600,0.0,0.0
2024-11-12 00:00:00-05:00,8.220000267028809,8.645000457763672,7.909999847412109,8.130000114440918,543600,0.0,0.0
2024-11-13 00:00:00-05:00,8.390000343322754,8.880000114440918,8.170000076293945,8.65999984741211,481500,0.0,0.0
2024-11-14 00:00:00-05:00,8.619999885559082,8.734999656677246,8.425000190734863,8.449999809265137,388900,0.0,0.0
2024-11-15 00:00:00-05:00,8.5,8.59000015258789,7.630000114440918,7.650000095367432,735500,0.0,0.0
2024-11-18 00:00:00-05:00,7.639999866485596,7.795000076293945,7.320000171661377,7.53000020980835,524700,0.0,0.0
2024-11-19 00:00:00-05:00,7.369999885559082,7.590000152587891,7.308000087738037,7.539999961853027,315900,0.0,0.0
2024-11-20 00:00:00-05:00,7.489999771118164,7.5,7.199999809265137,7.360000133514404,472400,0.0,0.0
2024-11-21 00:00:00-05:00,7.420000076293945,7.679999828338623,7.309999942779541,7.659999847412109,653400,0.0,0.0
2024-11-22 00:00:00-05:00,7.679999828338623,8.25,7.664999961853027,8.130000114440918,492200,0.0,0.0
2024-11-25 00:00:00-05:00,8.289999961853027,8.604999542236328,8.239999771118164,8.520000457763672,555100,0.0,0.0
2024-11-26 00:00:00-05:00,8.59000015258789,8.765000343322754,8.444999694824219,8.5,434200,0.0,0.0
2024-11-27 00:00:00-05:00,8.520000457763672,8.829999923706055,8.520000457763672,8.649999618530273,470200,0.0,0.0
2024-11-29 00:00:00-05:00,8.720000267028809,8.960000038146973,8.670999526977539,8.829999923706055,241700,0.0,0.0
2024-12-02 00:00:00-05:00,8.739999771118164,9.239999771118164,8.649999618530273,9.020000457763672,946200,0.0,0.0
2024-12-03 00:00:00-05:00,8.90999984741211,8.90999984741211,7.929999828338623,7.940000057220459,669900,0.0,0.0
2024-12-04 00:00:00-05:00,7.920000076293945,7.989999771118164,7.489999771118164,7.929999828338623,1292500,0.0,0.0
2024-12-05 00:00:00-05:00,7.880000114440918,8.84000015258789,7.789999961853027,8.25,931700,0.0,0.0
2024-12-06 00:00:00-05:00,8.329999923706055,8.574999809265137,8.210000038146973,8.350000381469727,565100,0.0,0.0
2024-12-09 00:00:00-05:00,8.4399995803833,8.739999771118164,8.335000038146973,8.34000015258789,474200,0.0,0.0
2024-12-10 00:00:00-05:00,8.40999984741211,8.520000457763672,8.170000076293945,8.369999885559082,393600,0.0,0.0
2024-12-11 00:00:00-05:00,8.4399995803833,8.5,8.180000305175781,8.359999656677246,311400,0.0,0.0
2024-12-12 00:00:00-05:00,8.300000190734863,8.5,8.0,8.010000228881836,370700,0.0,0.0
2024-12-13 00:00:00-05:00,8.010000228881836,8.095999717712402,7.75,7.989999771118164,421000,0.0,0.0
2024-12-16 00:00:00-05:00,7.949999809265137,8.0,7.760000228881836,7.849999904632568,501700,0.0,0.0
2024-12-17 00:00:00-05:00,7.800000190734863,7.929999828338623,7.579999923706055,7.650000095367432,337000,0.0,0.0
2024-12-18 00:00:00-05:00,7.650000095367432,8.0,7.139999866485596,7.269999980926514,581400,0.0,0.0
2024-12-19 00:00:00-05:00,7.449999809265137,7.449999809265137,6.960000038146973,6.96999979019165,836100,0.0,0.0
2024-12-20 00:00:00-05:00,6.840000152587891,7.25,6.75,7.090000152587891,937600,0.0,0.0
2024-12-23 00:00:00-05:00,7.059999942779541,7.139999866485596,6.849999904632568,6.940000057220459,462600,0.0,0.0
2024-12-24 00:00:00-05:00,6.909999847412109,6.965000152587891,6.78000020980835,6.900000095367432,185700,0.0,0.0
2024-12-26 00:00:00-05:00,6.849999904632568,7.099999904632568,6.800000190734863,7.090000152587891,601700,0.0,0.0
2024-12-27 00:00:00-05:00,7.050000190734863,7.199999809265137,6.775000095367432,7.079999923706055,560500,0.0,0.0
2024-12-30 00:00:00-05:00,6.989999771118164,7.039999961853027,6.71999979019165,7.010000228881836,506800,0.0,0.0
2024-12-31 00:00:00-05:00,7.039999961853027,7.289999961853027,6.929999828338623,7.070000171661377,445100,0.0,0.0
2025-01-02 00:00:00-05:00,7.070000171661377,7.46999979019165,7.070000171661377,7.335000038146973,338200,0.0,0.0
2025-01-03 00:00:00-05:00,7.360000133514404,7.519999980926514,7.179999828338623,7.420000076293945,409600,0.0,0.0
2025-01-06 00:00:00-05:00,7.400000095367432,7.650000095367432,7.369999885559082,7.400000095367432,613900,0.0,0.0
2025-01-07 00:00:00-05:00,7.400000095367432,7.554999828338623,6.829999923706055,6.980000019073486,663000,0.0,0.0
2025-01-08 00:00:00-05:00,7.269999980926514,7.434999942779541,6.860000133514404,7.360000133514404,780100,0.0,0.0
2025-01-10 00:00:00-05:00,7.130000114440918,7.25,6.849999904632568,6.889999866485596,477400,0.0,0.0
2025-01-13 00:00:00-05:00,6.809999942779541,7.199999809265137,6.369999885559082,6.489999771118164,687600,0.0,0.0
2025-01-14 00:00:00-05:00,6.559999942779541,6.599999904632568,5.840000152587891,5.900000095367432,1107700,0.0,0.0
2025-01-15 00:00:00-05:00,6.079999923706055,6.105000019073486,5.664999961853027,5.760000228881836,1529800,0.0,0.0
2025-01-16 00:00:00-05:00,5.769999980926514,5.829999923706055,5.480000019073486,5.5,1157400,0.0,0.0
2025-01-17 00:00:00-05:00,5.53000020980835,5.659999847412109,5.349999904632568,5.489999771118164,1776100,0.0,0.0
2025-01-21 00:00:00-05:00,5.5,5.929999828338623,5.5,5.679999828338623,1360800,0.0,0.0
2025-01-22 00:00:00-05:00,5.579999923706055,5.800000190734863,5.539999961853027,5.610000133514404,820900,0.0,0.0
2025-01-23 00:00:00-05:00,5.53000020980835,5.789999961853027,5.420000076293945,5.789999961853027,770600,0.0,0.0
2025-01-24 00:00:00-05:00,5.820000171661377,5.920000076293945,5.739999771118164,5.769999980926514,480700,0.0,0.0
2025-01-27 00:00:00-05:00,5.800000190734863,5.920000076293945,5.550000190734863,5.679999828338623,683000,0.0,0.0
2025-01-28 00:00:00-05:00,5.670000076293945,5.829999923706055,5.599999904632568,5.800000190734863,585800,0.0,0.0
2025-01-29 00:00:00-05:00,5.809999942779541,5.840000152587891,5.614999771118164,5.630000114440918,503200,0.0,0.0
2025-01-30 00:00:00-05:00,5.670000076293945,5.809999942779541,5.46999979019165,5.519999980926514,938300,0.0,0.0
2025-01-31 00:00:00-05:00,5.550000190734863,5.690000057220459,5.460000038146973,5.630000114440918,951800,0.0,0.0
2025-02-03 00:00:00-05:00,5.489999771118164,5.579999923706055,5.320000171661377,5.46999979019165,566600,0.0,0.0
2025-02-04 00:00:00-05:00,5.480000019073486,5.65500020980835,5.46999979019165,5.619999885559082,679900,0.0,0.0
2025-02-05 00:00:00-05:00,5.619999885559082,5.900000095367432,5.579999923706055,5.889999866485596,663900,0.0,0.0
2025-02-06 00:00:00-05:00,5.889999866485596,5.889999866485596,5.420000076293945,5.489999771118164,722300,0.0,0.0
2025-02-07 00:00:00-05:00,5.550000190734863,5.730000019073486,5.480000019073486,5.699999809265137,971600,0.0,0.0
2025-02-10 00:00:00-05:00,5.75,5.857999801635742,5.630000114440918,5.75,516500,0.0,0.0
2025-02-11 00:00:00-05:00,5.619999885559082,5.664999961853027,5.449999809265137,5.5,572700,0.0,0.0
2025-02-12 00:00:00-05:00,5.409999847412109,5.619999885559082,5.400000095367432,5.440000057220459,873900,0.0,0.0
2025-02-13 00:00:00-05:00,5.5,5.579999923706055,5.420000076293945,5.550000190734863,566400,0.0,0.0
2025-02-14 00:00:00-05:00,5.5,5.683000087738037,5.409999847412109,5.420000076293945,645400,0.0,0.0
2025-02-18 00:00:00-05:00,5.5,5.53000020980835,5.324999809265137,5.400000095367432,840800,0.0,0.0
2025-02-19 00:00:00-05:00,5.349999904632568,5.559999942779541,5.25,5.550000190734863,857500,0.0,0.0
2025-02-20 00:00:00-05:00,5.5,5.559999942779541,5.360000133514404,5.389999866485596,456900,0.0,0.0
2025-02-21 00:00:00-05:00,5.489999771118164,5.489999771118164,5.195000171661377,5.230000019073486,633000,0.0,0.0
2025-02-24 00:00:00-05:00,5.25,5.25,4.960000038146973,5.010000228881836,1050400,0.0,0.0
2025-02-25 00:00:00-05:00,5.070000171661377,5.070000171661377,4.755000114440918,4.949999809265137,779400,0.0,0.0
2025-02-26 00:00:00-05:00,4.929999828338623,5.090000152587891,4.885000228881836,4.940000057220459,764200,0.0,0.0
2025-02-27 00:00:00-05:00,4.75,4.958000183105469,3.759999990463257,4.389999866485596,2137300,0.0,0.0
2025-02-28 00:00:00-05:00,4.389999866485596,4.715000152587891,4.21999979019165,4.670000076293945,2010800,0.0,0.0
2025-03-03 00:00:00-05:00,4.659999847412109,4.730000019073486,4.28000020980835,4.599999904632568,1850500,0.0,0.0
2025-03-04 00:00:00-05:00,4.489999771118164,4.710000038146973,4.329999923706055,4.519999980926514,1387000,0.0,0.0
2025-03-05 00:00:00-05:00,4.510000228881836,4.599999904632568,4.385000228881836,4.550000190734863,940800,0.0,0.0
2025-03-06 00:00:00-05:00,4.380000114440918,4.71999979019165,4.380000114440918,4.429999828338623,1496400,0.0,0.0
2025-03-07 00:00:00-05:00,4.429999828338623,4.510000228881836,4.28000020980835,4.289999961853027,802500,0.0,0.0
2025-03-10 00:00:00-04:00,4.289999961853027,4.289999961853027,3.8450000286102295,3.9700000286102295,1010400,0.0,0.0
2025-03-11 00:00:00-04:00,4.010000228881836,4.184999942779541,3.9000000953674316,4.170000076293945,775100,0.0,0.0
2025-03-12 00:00:00-04:00,4.230000019073486,4.474999904632568,4.230000019073486,4.429999828338623,810100,0.0,0.0
2025-03-13 00:00:00-04:00,4.639999866485596,4.639999866485596,4.099999904632568,4.110000133514404,505100,0.0,0.0
2025-03-14 00:00:00-04:00,4.130000114440918,4.179999828338623,4.050000190734863,4.139999866485596,307000,0.0,0.0
2025-03-17 00:00:00-04:00,4.150000095367432,4.510000228881836,4.150000095367432,4.449999809265137,673200,0.0,0.0
2025-03-18 00:00:00-04:00,4.369999885559082,4.599999904632568,4.335000038146973,4.449999809265137,842800,0.0,0.0
2025-03-19 00:00:00-04:00,4.460000038146973,4.630000114440918,4.361000061035156,4.510000228881836,842200,0.0,0.0
2025-03-20 00:00:00-04:00,4.440000057220459,4.519999980926514,4.315000057220459,4.329999923706055,415800,0.0,0.0
2025-03-21 00:00:00-04:00,4.260000228881836,4.465000152587891,4.199999809265137,4.409999847412109,737300,0.0,0.0
2025-03-24 00:00:00-04:00,4.510000228881836,4.679999828338623,4.429999828338623,4.460000038146973,541600,0.0,0.0
2025-03-25 00:00:00-04:00,4.460000038146973,4.539999961853027,4.300000190734863,4.46999979019165,468500,0.0,0.0
2025-03-26 00:00:00-04:00,4.510000228881836,4.635000228881836,4.315000057220459,4.53000020980835,784300,0.0,0.0
2025-03-27 00:00:00-04:00,4.510000228881836,4.670000076293945,4.409999847412109,4.599999904632568,669800,0.0,0.0
2025-03-28 00:00:00-04:00,4.559999942779541,4.605000019073486,4.329999923706055,4.550000190734863,884000,0.0,0.0
2025-03-31 00:00:00-04:00,4.449999809265137,4.574999809265137,4.329999923706055,4.53000020980835,686100,0.0,0.0
2025-04-01 00:00:00-04:00,4.570000171661377,4.635000228881836,4.320000171661377,4.329999923706055,614200,0.0,0.0
2025-04-02 00:00:00-04:00,4.239999771118164,4.480000019073486,4.230000019073486,4.449999809265137,441100,0.0,0.0
2025-04-03 00:00:00-04:00,4.179999828338623,4.260000228881836,4.051000118255615,4.139999866485596,526800,0.0,0.0
2025-04-04 00:00:00-04:00,4.010000228881836,4.175000190734863,3.7200000286102295,4.010000228881836,940100,0.0,0.0
2025-04-07 00:00:00-04:00,3.7799999713897705,4.199999809265137,3.75,3.990000009536743,539200,0.0,0.0
2025-04-08 00:00:00-04:00,4.050000190734863,4.099999904632568,3.7300000190734863,3.819999933242798,689200,0.0,0.0
2025-04-09 00:00:00-04:00,3.700000047683716,4.130000114440918,3.5950000286102295,4.019999980926514,1046500,0.0,0.0
2025-04-10 00:00:00-04:00,3.890000104904175,3.890000104904175,3.694999933242798,3.8299999237060547,589700,0.0,0.0
2025-04-11 00:00:00-04:00,3.819999933242798,3.9549999237060547,3.630000114440918,3.930000066757202,437100,0.0,0.0
2025-04-14 00:00:00-04:00,4.019999980926514,4.309999942779541,3.75,3.8399999141693115,412800,0.0,0.0
2025-04-15 00:00:00-04:00,3.8299999237060547,3.930000066757202,3.6700000762939453,3.700000047683716,412400,0.0,0.0
2025-04-16 00:00:00-04:00,3.619999885559082,3.75,3.559999942779541,3.75,575700,0.0,0.0
2025-04-17 00:00:00-04:00,3.7200000286102295,3.884999990463257,3.609999895095825,3.8399999141693115,465500,0.0,0.0
2025-04-21 00:00:00-04:00,3.7899999618530273,3.809999942779541,3.555000066757202,3.5799999237060547,371600,0.0,0.0
2025-04-22 00:00:00-04:00,3.630000114440918,3.809999942779541,3.5999999046325684,3.6600000858306885,570500,0.0,0.0
2025-04-23 00:00:00-04:00,3.809999942779541,4.070000171661377,3.809999942779541,3.9000000953674316,881100,0.0,0.0
2025-04-24 00:00:00-04:00,3.9800000190734863,4.110000133514404,3.9200000762939453,3.9800000190734863,598500,0.0,0.0
2025-04-25 00:00:00-04:00,3.9600000381469727,4.105000019073486,3.930000066757202,4.099999904632568,600800,0.0,0.0
2025-04-28 00:00:00-04:00,4.099999904632568,4.210000038146973,3.9200000762939453,4.059999942779541,392200,0.0,0.0
2025-04-29 00:00:00-04:00,4.0,4.150000095367432,3.9700000286102295,4.070000171661377,517100,0.0,0.0
2025-04-30 00:00:00-04:00,3.9800000190734863,4.019999980926514,3.8949999809265137,3.950000047683716,345800,0.0,0.0
2025-05-01 00:00:00-04:00,4.010000228881836,4.090000152587891,3.9100000858306885,3.990000009536743,310400,0.0,0.0
2025-05-02 00:00:00-04:00,4.039999961853027,4.235000133514404,4.03000020980835,4.190000057220459,520500,0.0,0.0
2025-05-05 00:00:00-04:00,4.150000095367432,4.159999847412109,4.059999942779541,4.070000171661377,284700,0.0,0.0
2025-05-06 00:00:00-04:00,3.990000009536743,4.130000114440918,3.950000047683716,4.070000171661377,561200,0.0,0.0
2025-05-07 00:00:00-04:00,4.119999885559082,4.21999979019165,3.799999952316284,3.9700000286102295,888900,0.0,0.0
2025-05-08 00:00:00-04:00,4.820000171661377,5.061999797821045,4.170000076293945,4.179999828338623,1029500,0.0,0.0
2025-05-09 00:00:00-04:00,4.179999828338623,4.320000171661377,4.079999923706055,4.130000114440918,485600,0.0,0.0
2025-05-12 00:00:00-04:00,4.380000114440918,4.539999961853027,4.150000095367432,4.519999980926514,671400,0.0,0.0
2025-05-13 00:00:00-04:00,4.570000171661377,4.739999771118164,4.244999885559082,4.289999961853027,631400,0.0,0.0
2025-05-14 00:00:00-04:00,4.260000228881836,4.329999923706055,4.130000114440918,4.179999828338623,476000,0.0,0.0
2025-05-15 00:00:00-04:00,4.170000076293945,4.170000076293945,3.930000066757202,4.110000133514404,429300,0.0,0.0
2025-05-16 00:00:00-04:00,4.099999904632568,4.164999961853027,3.984999895095825,4.059999942779541,378800,0.0,0.0
2025-05-19 00:00:00-04:00,3.9700000286102295,3.9800000190734863,3.880000114440918,3.9000000953674316,435500,0.0,0.0
2025-05-20 00:00:00-04:00,3.9100000858306885,3.994999885559082,3.8399999141693115,3.940000057220459,264100,0.0,0.0
2025-05-21 00:00:00-04:00,3.859999895095825,3.884000062942505,3.619999885559082,3.740000009536743,545600,0.0,0.0
2025-05-22 00:00:00-04:00,3.690000057220459,3.7799999713897705,3.640000104904175,3.6549999713897705,395600,0.0,0.0
2025-05-23 00:00:00-04:00,3.5799999237060547,3.700000047683716,3.5450000762939453,3.6500000953674316,417700,0.0,0.0
2025-05-27 00:00:00-04:00,3.759999990463257,3.8299999237060547,3.6649999618530273,3.7799999713897705,405600,0.0,0.0
2025-05-28 00:00:00-04:00,3.7699999809265137,3.7699999809265137,3.6549999713897705,3.680000066757202,293600,0.0,0.0
2025-05-29 00:00:00-04:00,3.680000066757202,3.7899999618530273,3.490000009536743,3.740000009536743,744100,0.0,0.0
2025-05-30 00:00:00-04:00,3.700000047683716,3.8499999046325684,3.5999999046325684,3.799999952316284,565300,0.0,0.0
2025-06-02 00:00:00-04:00,3.7899999618530273,3.819999933242798,3.5390000343322754,3.7899999618530273,948300,0.0,0.0
2025-06-03 00:00:00-04:00,3.7799999713897705,4.130000114440918,3.75,4.039999961853027,592500,0.0,0.0
2025-06-04 00:00:00-04:00,4.03000020980835,4.184999942779541,3.930000066757202,3.950000047683716,670800,0.0,0.0
2025-06-05 00:00:00-04:00,3.940000057220459,4.059999942779541,3.8399999141693115,3.8399999141693115,260700,0.0,0.0
2025-06-06 00:00:00-04:00,3.890000104904175,4.125,3.884999990463257,4.099999904632568,2099800,0.0,0.0
2025-06-09 00:00:00-04:00,4.150000095367432,4.290999889373779,4.059999942779541,4.159999847412109,535100,0.0,0.0
2025-06-10 00:00:00-04:00,4.170000076293945,4.235000133514404,4.119999885559082,4.139999866485596,384900,0.0,0.0
2025-06-11 00:00:00-04:00,4.150000095367432,4.159999847412109,3.9549999237060547,3.9600000381469727,331000,0.0,0.0
2025-06-12 00:00:00-04:00,3.9200000762939453,4.199999809265137,3.819999933242798,3.9800000190734863,656600,0.0,0.0
2025-06-13 00:00:00-04:00,3.869999885559082,3.9800000190734863,3.7850000858306885,3.7950000762939453,400700,0.0,0.0
2025-06-16 00:00:00-04:00,3.8399999141693115,3.9149999618530273,3.75,3.880000114440918,405600,0.0,0.0
2025-06-17 00:00:00-04:00,3.7100000381469727,3.9600000381469727,3.615000009536743,3.809999942779541,512000,0.0,0.0
2025-06-18 00:00:00-04:00,3.8299999237060547,3.859999895095825,3.6449999809265137,3.6500000953674316,365900,0.0,0.0
2025-06-20 00:00:00-04:00,3.7100000381469727,3.7300000190734863,3.5950000286102295,3.5999999046325684,799500,0.0,0.0
2025-06-23 00:00:00-04:00,3.5799999237060547,3.825000047683716,3.5399999618530273,3.744999885559082,575300,0.0,0.0
2025-06-24 00:00:00-04:00,3.7200000286102295,4.059999942779541,3.690000057220459,3.744999885559082,463100,0.0,0.0
2025-06-25 00:00:00-04:00,3.75,3.825000047683716,3.6500000953674316,3.7699999809265137,399300,0.0,0.0
2025-06-26 00:00:00-04:00,3.7799999713897705,3.799999952316284,3.6700000762939453,3.744999885559082,485700,0.0,0.0
2025-06-27 00:00:00-04:00,3.75,3.9049999713897705,3.7300000190734863,3.809999942779541,2336200,0.0,0.0
2025-06-30 00:00:00-04:00,3.869999885559082,3.930000066757202,3.740000009536743,3.7699999809265137,530800,0.0,0.0
2025-07-01 00:00:00-04:00,3.7300000190734863,4.125,3.7300000190734863,4.050000190734863,772700,0.0,0.0
2025-07-02 00:00:00-04:00,4.03000020980835,4.119999885559082,3.944999933242798,4.059999942779541,593900,0.0,0.0
2025-07-03 00:00:00-04:00,4.050000190734863,4.125,4.010000228881836,4.059999942779541,299100,0.0,0.0
2025-07-07 00:00:00-04:00,4.0,4.045000076293945,3.869999885559082,3.950000047683716,482300,0.0,0.0
2025-07-08 00:00:00-04:00,3.9600000381469727,4.119999885559082,3.950000047683716,4.039999961853027,524000,0.0,0.0
2025-07-09 00:00:00-04:00,4.059999942779541,4.099999904632568,3.9100000858306885,4.03000020980835,585200,0.0,0.0
2025-07-10 00:00:00-04:00,4.010000228881836,4.070000171661377,3.930000066757202,3.990000009536743,335100,0.0,0.0
2025-07-11 00:00:00-04:00,3.940000057220459,3.990000009536743,3.880000114440918,3.890000104904175,274200,0.0,0.0
2025-07-14 00:00:00-04:00,3.8499999046325684,3.9149999618530273,3.8299999237060547,3.859999895095825,332200,0.0,0.0
2025-07-15 00:00:00-04:00,3.869999885559082,3.924999952316284,3.7300000190734863,3.740000009536743,434100,0.0,0.0
2025-07-16 00:00:00-04:00,3.759999990463257,3.819999933242798,3.694999933242798,3.7899999618530273,436700,0.0,0.0
2025-07-17 00:00:00-04:00,3.7899999618530273,3.869999885559082,3.740000009536743,3.75,361400,0.0,0.0
2025-07-18 00:00:00-04:00,3.7899999618530273,3.7899999618530273,3.609999895095825,3.6500000953674316,450900,0.0,0.0
2025-07-21 00:00:00-04:00,3.6500000953674316,3.890000104904175,3.630000114440918,3.869999885559082,470400,0.0,0.0
2025-07-22 00:00:00-04:00,3.869999885559082,4.019999980926514,3.8450000286102295,3.940000057220459,454600,0.0,0.0
2025-07-23 00:00:00-04:00,3.940000057220459,4.074999809265137,3.874000072479248,4.050000190734863,414200,0.0,0.0
2025-07-24 00:00:00-04:00,4.039999961853027,4.070000171661377,3.8399999141693115,3.8499999046325684,399900,0.0,0.0
2025-07-25 00:00:00-04:00,3.859999895095825,3.9100000858306885,3.7899999618530273,3.880000114440918,558100,0.0,0.0
2025-07-28 00:00:00-04:00,3.9100000858306885,4.114999771118164,3.859999895095825,4.090000152587891,440000,0.0,0.0
2025-07-29 00:00:00-04:00,4.079999923706055,4.110000133514404,3.9149999618530273,3.9200000762939453,419600,0.0,0.0
2025-07-30 00:00:00-04:00,3.9200000762939453,3.950000047683716,3.6600000858306885,3.680000066757202,434700,0.0,0.0
2025-07-31 00:00:00-04:00,3.630000114440918,3.7799999713897705,3.619999885559082,3.6500000953674316,450400,0.0,0.0
2025-08-01 00:00:00-04:00,3.569999933242798,3.569999933242798,3.4749999046325684,3.5199999809265137,723300,0.0,0.0
2025-08-04 00:00:00-04:00,3.549999952316284,3.7219998836517334,3.5399999618530273,3.630000114440918,484800,0.0,0.0
2025-08-05 00:00:00-04:00,3.630000114440918,3.859999895095825,3.5999999046325684,3.819999933242798,567400,0.0,0.0
2025-08-06 00:00:00-04:00,3.809999942779541,3.8499999046325684,3.740000009536743,3.819999933242798,492200,0.0,0.0
2025-08-07 00:00:00-04:00,3.8499999046325684,3.880000114440918,3.509999990463257,3.690000057220459,1106900,0.0,0.0
2025-08-08 00:00:00-04:00,2.9000000953674316,3.2100000381469727,2.799999952316284,2.8299999237060547,3211300,0.0,0.0
2025-08-11 00:00:00-04:00,2.8299999237060547,2.8450000286102295,2.515000104904175,2.700000047683716,1676100,0.0,0.0
2025-08-12 00:00:00-04:00,2.740000009536743,3.0350000858306885,2.634999990463257,3.0,1657300,0.0,0.0
2025-08-13 00:00:00-04:00,3.0399999618530273,3.2899999618530273,2.9700000286102295,3.2200000286102295,1376900,0.0,0.0
2025-08-14 00:00:00-04:00,3.140000104904175,3.2200000286102295,2.8910000324249268,2.924999952316284,953900,0.0,0.0
2025-08-15 00:00:00-04:00,2.9200000762939453,2.999000072479248,2.8499999046325684,2.9200000762939453,911700,0.0,0.0
2025-08-18 00:00:00-04:00,2.930000066757202,3.0910000801086426,2.9010000228881836,3.0,1017700,0.0,0.0
2025-08-19 00:00:00-04:00,3.0,3.0899999141693115,2.940000057220459,3.0,810000,0.0,0.0
2025-08-20 00:00:00-04:00,3.009999990463257,3.0399999618530273,2.890000104904175,2.9200000762939453,717800,0.0,0.0
2025-08-21 00:00:00-04:00,2.9000000953674316,3.0799999237060547,2.869999885559082,3.059999942779541,845100,0.0,0.0
2025-08-22 00:00:00-04:00,3.0899999141693115,3.309999942779541,3.0799999237060547,3.2799999713897705,1036900,0.0,0.0
2025-08-25 00:00:00-04:00,3.259999990463257,3.369999885559082,3.184999942779541,3.3399999141693115,991100,0.0,0.0
2025-08-26 00:00:00-04:00,3.3399999141693115,3.515000104904175,3.2899999618530273,3.5,1144000,0.0,0.0
2025-08-27 00:00:00-04:00,3.2699999809265137,3.7049999237060547,3.2699999809265137,3.690000057220459,1369800,0.0,0.0
2025-08-28 00:00:00-04:00,3.680000066757202,3.799999952316284,3.609999895095825,3.6500000953674316,831900,0.0,0.0
2025-08-29 00:00:00-04:00,3.640000104904175,3.6600000858306885,3.2899999618530273,3.390000104904175,985700,0.0,0.0
2025-09-02 00:00:00-04:00,3.309999942779541,3.4100000858306885,3.2850000858306885,3.4000000953674316,1101800,0.0,0.0
2025-09-03 00:00:00-04:00,3.380000114440918,3.384999990463257,3.2249999046325684,3.240000009536743,1065700,0.0,0.0
2025-09-04 00:00:00-04:00,3.240000009536743,3.299999952316284,3.130000114440918,3.299999952316284,874700,0.0,0.0
2025-09-05 00:00:00-04:00,3.309999942779541,3.4200000762939453,3.299999952316284,3.380000114440918,789200,0.0,0.0
2025-09-08 00:00:00-04:00,3.380000114440918,3.4049999713897705,3.2950000762939453,3.380000114440918,760000,0.0,0.0
2025-09-09 00:00:00-04:00,3.369999885559082,3.4149999618530273,3.2799999713897705,3.4000000953674316,641800,0.0,0.0
2025-09-10 00:00:00-04:00,3.380000114440918,3.380000114440918,3.240000009536743,3.259999990463257,609700,0.0,0.0
2025-09-11 00:00:00-04:00,3.240000009536743,3.305000066757202,3.2100000381469727,3.240000009536743,567700,0.0,0.0
2025-09-12 00:00:00-04:00,3.2200000286102295,3.2200000286102295,3.0950000286102295,3.130000114440918,776700,0.0,0.0
2025-09-15 00:00:00-04:00,3.1500000953674316,3.1619999408721924,2.865000009536743,3.009999990463257,1035300,0.0,0.0
2025-09-16 00:00:00-04:00,3.0,3.009999990463257,2.880000114440918,2.880000114440918,611900,0.0,0.0
2025-09-17 00:00:00-04:00,2.890000104904175,3.005000114440918,2.7899999618530273,2.809999942779541,640800,0.0,0.0
2025-09-18 00:00:00-04:00,2.8299999237060547,3.0299999713897705,2.809999942779541,3.0199999809265137,506500,0.0,0.0
2025-09-19 00:00:00-04:00,3.0199999809265137,3.0350000858306885,2.859999895095825,2.890000104904175,878300,0.0,0.0
2025-09-22 00:00:00-04:00,2.869999885559082,2.9800000190734863,2.819999933242798,2.950000047683716,351300,0.0,0.0
2025-09-23 00:00:00-04:00,2.930000066757202,3.009999990463257,2.8499999046325684,2.8499999046325684,404100,0.0,0.0
2025-09-24 00:00:00-04:00,2.8399999141693115,2.9149999618530273,2.819999933242798,2.859999895095825,419500,0.0,0.0
2025-09-25 00:00:00-04:00,2.8299999237060547,2.859999895095825,2.7300000190734863,2.809999942779541,530700,0.0,0.0
2025-09-26 00:00:00-04:00,2.819999933242798,2.9149999618530273,2.7799999713897705,2.799999952316284,566400,0.0,0.0
2025-09-29 00:00:00-04:00,2.819999933242798,2.9549999237060547,2.7699999809265137,2.9200000762939453,302100,0.0,0.0
2025-09-30 00:00:00-04:00,2.890000104904175,2.934999942779541,2.825000047683716,2.8499999046325684,804800,0.0,0.0
2025-10-01 00:00:00-04:00,2.819999933242798,2.890000104904175,2.7899999618530273,2.809999942779541,406100,0.0,0.0
2025-10-02 00:00:00-04:00,2.809999942779541,2.809999942779541,2.7300000190734863,2.799999952316284,390500,0.0,0.0
2025-10-03 00:00:00-04:00,2.809999942779541,3.055000066757202,2.809999942779541,2.9600000381469727,453100,0.0,0.0
2025-10-06 00:00:00-04:00,2.9800000190734863,3.0199999809265137,2.890000104904175,2.9600000381469727,350400,0.0,0.0
2025-10-07 00:00:00-04:00,2.9600000381469727,3.0399999618530273,2.8299999237060547,2.8499999046325684,254600,0.0,0.0
2025-10-08 00:00:00-04:00,2.819999933242798,2.9200000762939453,2.7899999618530273,2.8499999046325684,343900,0.0,0.0
2025-10-09 00:00:00-04:00,2.859999895095825,2.9100000858306885,2.759999990463257,2.7799999713897705,582700,0.0,0.0
2025-10-10 00:00:00-04:00,2.7799999713897705,2.809999942779541,2.609999895095825,2.6500000953674316,710500,0.0,0.0
2025-10-13 00:00:00-04:00,2.7200000286102295,2.755000114440918,2.6500000953674316,2.7100000381469727,545500,0.0,0.0
2025-10-14 00:00:00-04:00,2.6700000762939453,2.9000000953674316,2.6500000953674316,2.9000000953674316,277900,0.0,0.0
2025-10-15 00:00:00-04:00,2.9100000858306885,3.075000047683716,2.9100000858306885,3.059999942779541,452300,0.0,0.0
2025-10-16 00:00:00-04:00,3.059999942779541,3.0999999046325684,3.009999990463257,3.0899999141693115,620800,0.0,0.0
2025-10-17 00:00:00-04:00,3.0399999618530273,3.0899999141693115,2.9800000190734863,3.049999952316284,475900,0.0,0.0
2025-10-20 00:00:00-04:00,3.0999999046325684,3.234999895095825,3.059999942779541,3.119999885559082,564800,0.0,0.0
2025-10-21 00:00:00-04:00,3.119999885559082,3.2200000286102295,3.049999952316284,3.180000066757202,398700,0.0,0.0
2025-10-22 00:00:00-04:00,3.180000066757202,3.2100000381469727,3.0999999046325684,3.1600000858306885,296100,0.0,0.0
2025-10-23 00:00:00-04:00,3.1600000858306885,3.190000057220459,3.049999952316284,3.059999942779541,297700,0.0,0.0
2025-10-24 00:00:00-04:00,3.130000114440918,3.246000051498413,3.0899999141693115,3.240000009536743,362100,0.0,0.0
2025-10-27 00:00:00-04:00,3.240000009536743,3.484999895095825,3.184999942779541,3.4600000381469727,940000,0.0,0.0
2025-10-28 00:00:00-04:00,3.440000057220459,3.5450000762939453,3.3499999046325684,3.380000114440918,778400,0.0,0.0
2025-10-29 00:00:00-04:00,3.380000114440918,3.615000009536743,3.2799999713897705,3.3399999141693115,1058400,0.0,0.0
2025-10-30 00:00:00-04:00,3.299999952316284,3.369999885559082,3.2100000381469727,3.2799999713897705,417900,0.0,0.0
2025-10-31 00:00:00-04:00,3.259999990463257,3.319999933242798,3.174999952316284,3.2300000190734863,472400,0.0,0.0
2025-11-03 00:00:00-05:00,3.240000009536743,3.359999895095825,3.0350000858306885,3.140000104904175,453200,0.0,0.0
2025-11-04 00:00:00-05:00,3.059999942779541,3.1600000858306885,3.015000104904175,3.0299999713897705,678100,0.0,0.0
2025-11-05 00:00:00-05:00,3.0399999618530273,3.0999999046325684,2.990000009536743,3.049999952316284,401700,0.0,0.0
2025-11-06 00:00:00-05:00,3.0399999618530273,3.0399999618530273,2.859999895095825,2.9600000381469727,636300,0.0,0.0
2025-11-07 00:00:00-05:00,2.940000057220459,2.950000047683716,2.799999952316284,2.8299999237060547,484500,0.0,0.0
2025-11-10 00:00:00-05:00,2.8499999046325684,2.930000066757202,2.7899999618530273,2.8499999046325684,1002800,0.0,0.0
2025-11-11 00:00:00-05:00,3.0799999237060547,3.359999895095825,2.6050000190734863,2.690000057220459,964200,0.0,0.0
2025-11-12 00:00:00-05:00,2.680000066757202,2.690000057220459,2.440000057220459,2.4600000381469727,1079800,0.0,0.0
2025-11-13 00:00:00-05:00,2.4600000381469727,2.549999952316284,2.200000047683716,2.3499999046325684,1733000,0.0,0.0
2025-11-14 00:00:00-05:00,2.2799999713897705,2.3299999237060547,2.2149999141693115,2.265000104904175,688700,0.0,0.0
2025-11-17 00:00:00-05:00,2.2699999809265137,2.359999895095825,2.1589999198913574,2.240000009536743,796000,0.0,0.0
2025-11-18 00:00:00-05:00,2.2300000190734863,2.3399999141693115,2.1700000762939453,2.1700000762939453,564300,0.0,0.0
2025-11-19 00:00:00-05:00,2.180000066757202,2.25,2.069999933242798,2.109999895095825,528800,0.0,0.0
2025-11-20 00:00:00-05:00,2.1500000953674316,2.190000057220459,2.015000104904175,2.0299999713897705,743900,0.0,0.0
2025-11-21 00:00:00-05:00,2.0299999713897705,2.4049999713897705,2.0299999713897705,2.359999895095825,939400,0.0,0.0
2025-11-24 00:00:00-05:00,2.359999895095825,2.619999885559082,2.236999988555908,2.509999990463257,1151800,0.0,0.0
2025-11-25 00:00:00-05:00,2.509999990463257,2.7799999713897705,2.5,2.7699999809265137,984100,0.0,0.0
2025-11-26 00:00:00-05:00,2.75,2.944999933242798,2.7100000381469727,2.9200000762939453,1002700,0.0,0.0
2025-11-28 00:00:00-05:00,2.9200000762939453,3.0250000953674316,2.9200000762939453,2.990000009536743,386500,0.0,0.0
2025-12-01 00:00:00-05:00,2.9100000858306885,3.005000114440918,2.819999933242798,2.9100000858306885,1307100,0.0,0.0
2025-12-02 00:00:00-05:00,2.9200000762939453,2.940000057220459,2.759999990463257,2.759999990463257,1237400,0.0,0.0
2025-12-03 00:00:00-05:00,2.7799999713897705,2.890000104904175,2.630000114440918,2.7200000286102295,786200,0.0,0.0
2025-12-04 00:00:00-05:00,2.700000047683716,2.746999979019165,2.6600000858306885,2.690000057220459,408700,0.0,0.0
2025-12-05 00:00:00-05:00,2.690000057220459,2.7049999237060547,2.5850000381469727,2.5999999046325684,437000,0.0,0.0
2025-12-08 00:00:00-05:00,2.640000104904175,2.690000057220459,2.5929999351501465,2.640000104904175,413100,0.0,0.0
2025-12-09 00:00:00-05:00,2.630000114440918,2.690000057220459,2.575000047683716,2.609999895095825,493300,0.0,0.0
2025-12-10 00:00:00-05:00,2.5899999141693115,2.684999942779541,2.549999952316284,2.640000104904175,641900,0.0,0.0
2025-12-11 00:00:00-05:00,2.640000104904175,2.6549999713897705,2.5299999713897705,2.559999942779541,808700,0.0,0.0
2025-12-12 00:00:00-05:00,2.559999942779541,2.619999885559082,2.440000057220459,2.4600000381469727,625400,0.0,0.0
2025-12-15 00:00:00-05:00,2.5,2.5,2.3299999237060547,2.3499999046325684,946700,0.0,0.0
2025-12-16 00:00:00-05:00,2.390000104904175,2.444999933242798,2.3499999046325684,2.440000057220459,558000,0.0,0.0
2025-12-17 00:00:00-05:00,2.440000057220459,2.510999917984009,2.365000009536743,2.390000104904175,398000,0.0,0.0
2025-12-18 00:00:00-05:00,2.5,2.5,2.3499999046325684,2.369999885559082,551500,0.0,0.0
2025-12-19 00:00:00-05:00,2.359999895095825,2.390000104904175,2.319999933242798,2.3499999046325684,644100,0.0,0.0
2025-12-22 00:00:00-05:00,2.390000104904175,2.490000009536743,2.390000104904175,2.440000057220459,556600,0.0,0.0
2025-12-23 00:00:00-05:00,2.4200000762939453,2.450000047683716,2.319999933242798,2.3499999046325684,863000,0.0,0.0
2025-12-24 00:00:00-05:00,2.3399999141693115,2.4100000858306885,2.3299999237060547,2.380000114440918,274700,0.0,0.0
2025-12-26 00:00:00-05:00,2.390000104904175,2.4749999046325684,2.359999895095825,2.4200000762939453,287800,0.0,0.0
2025-12-29 00:00:00-05:00,2.4000000953674316,2.5399999618530273,2.390000104904175,2.5199999809265137,658700,0.0,0.0
2025-12-30 00:00:00-05:00,2.509999990463257,2.5250000953674316,2.369999885559082,2.380000114440918,803700,0.0,0.0
2025-12-31 00:00:00-05:00,2.369999885559082,2.3949999809265137,2.3350000381469727,2.390000104904175,590500,0.0,0.0
2026-01-02 00:00:00-05:00,2.390000104904175,2.4200000762939453,2.25,2.2799999713897705,543200,0.0,0.0
2026-01-05 00:00:00-05:00,2.2799999713897705,2.3299999237060547,2.2300000190734863,2.2899999618530273,547200,0.0,0.0
2026-01-06 00:00:00-05:00,2.2799999713897705,2.390000104904175,2.259999990463257,2.380000114440918,536600,0.0,0.0
2026-01-07 00:00:00-05:00,2.390000104904175,2.5,2.319999933242798,2.5,553300,0.0,0.0
2026-01-08 00:00:00-05:00,2.450000047683716,2.509999990463257,2.440000057220459,2.450000047683716,442600,0.0,0.0
2026-01-09 00:00:00-05:00,2.4600000381469727,2.509999990463257,2.365000009536743,2.4700000286102295,385100,0.0,0.0
2026-01-12 00:00:00-05:00,2.440000057220459,2.4700000286102295,2.369999885559082,2.4600000381469727,346100,0.0,0.0
2026-01-13 00:00:00-05:00,2.4700000286102295,2.5,2.3399999141693115,2.4000000953674316,619800,0.0,0.0
2026-01-14 00:00:00-05:00,2.4000000953674316,2.4200000762939453,2.305000066757202,2.309999942779541,668200,0.0,0.0
2026-01-15 00:00:00-05:00,2.309999942779541,2.4149999618530273,2.2799999713897705,2.3399999141693115,619300,0.0,0.0
2026-01-16 00:00:00-05:00,2.359999895095825,2.4000000953674316,2.2699999809265137,2.309999942779541,724600,0.0,0.0
2026-01-20 00:00:00-05:00,2.259999990463257,2.2799999713897705,2.190000057220459,2.2100000381469727,668600,0.0,0.0
2026-01-21 00:00:00-05:00,2.240000009536743,2.299999952316284,2.2049999237060547,2.299999952316284,715300,0.0,0.0
2026-01-22 00:00:00-05:00,2.2899999618530273,2.444999933242798,2.2860000133514404,2.359999895095825,550800,0.0,0.0
2026-01-23 00:00:00-05:00,2.3499999046325684,2.3550000190734863,2.2200000286102295,2.25,662900,0.0,0.0
2026-01-26 00:00:00-05:00,2.240000009536743,2.240000009536743,2.200000047683716,2.2100000381469727,325700,0.0,0.0
2026-01-27 00:00:00-05:00,2.2100000381469727,2.2249999046325684,2.1549999713897705,2.2200000286102295,674500,0.0,0.0
2026-01-28 00:00:00-05:00,2.2300000190734863,2.265000104904175,2.1700000762939453,2.190000057220459,564900,0.0,0.0
2026-01-29 00:00:00-05:00,2.200000047683716,2.244999885559082,2.119999885559082,2.1600000858306885,440500,0.0,0.0
2026-01-30 00:00:00-05:00,2.1600000858306885,2.180000066757202,2.109999895095825,2.1500000953674316,1006900,0.0,0.0
2026-02-02 00:00:00-05:00,2.130000114440918,2.369999885559082,2.130000114440918,2.299999952316284,722900,0.0,0.0
2026-02-03 00:00:00-05:00,2.299999952316284,2.3399999141693115,2.109999895095825,2.180000066757202,721700,0.0,0.0
2026-02-04 00:00:00-05:00,2.180000066757202,2.3299999237060547,2.1600000858306885,2.1700000762939453,942200,0.0,0.0
2026-02-05 00:00:00-05:00,2.1500000953674316,2.200000047683716,2.0799999237060547,2.0899999141693115,905500,0.0,0.0
2026-02-06 00:00:00-05:00,2.130000114440918,2.180000066757202,2.0399999618530273,2.1500000953674316,984100,0.0,0.0
2026-02-09 00:00:00-05:00,2.1500000953674316,2.1700000762939453,2.0399999618530273,2.1600000858306885,489900,0.0,0.0
2026-02-10 00:00:00-05:00,2.1700000762939453,2.180000066757202,2.049999952316284,2.059999942779541,1060400,0.0,0.0
2026-02-11 00:00:00-05:00,2.0899999141693115,2.0899999141693115,1.9700000286102295,1.9900000095367432,1193600,0.0,0.0
2026-02-12 00:00:00-05:00,2.0,2.005000114440918,1.8300000429153442,1.840000033378601,1071500,0.0,0.0
2026-02-13 00:00:00-05:00,1.850000023841858,1.909999966621399,1.7999999523162842,1.840000033378601,1031700,0.0,0.0
2026-02-17 00:00:00-05:00,1.850000023841858,1.850000023841858,1.7200000286102295,1.7300000190734863,1439400,0.0,0.0
2026-02-18 00:00:00-05:00,1.7400000095367432,1.7999999523162842,1.6699999570846558,1.7699999809265137,1653900,0.0,0.0
2026-02-19 00:00:00-05:00,1.7599999904632568,1.934999942779541,1.7039999961853027,1.8600000143051147,1627500,0.0,0.0
2026-02-20 00:00:00-05:00,1.850000023841858,1.940000057220459,1.7799999713897705,1.7899999618530273,769700,0.0,0.0
2026-02-23 00:00:00-05:00,1.7899999618530273,1.7999999523162842,1.690000057220459,1.7000000476837158,849200,0.0,0.0
2026-02-24 00:00:00-05:00,1.7100000381469727,1.850000023841858,1.7000000476837158,1.7300000190734863,951100,0.0,0.0
2026-02-25 00:00:00-05:00,1.7400000095367432,1.8200000524520874,1.6950000524520874,1.7899999618530273,885100,0.0,0.0
2026-02-26 00:00:00-05:00,1.7999999523162842,1.8450000286102295,1.7100000381469727,1.75,1148300,0.0,0.0
2026-02-27 00:00:00-05:00,1.7200000286102295,1.7300000190734863,1.6050000190734863,1.6200000047683716,1097300,0.0,0.0
2026-03-02 00:00:00-05:00,1.590000033378601,1.7400000095367432,1.559999942779541,1.6799999475479126,1536100,0.0,0.0
2026-03-03 00:00:00-05:00,1.600000023841858,1.7450000047683716,1.600000023841858,1.7200000286102295,1585300,0.0,0.0
2026-03-04 00:00:00-05:00,1.7200000286102295,1.9600000381469727,1.7000000476837158,1.9500000476837158,1141700,0.0,0.0
2026-03-05 00:00:00-05:00,1.9199999570846558,1.9950000047683716,1.8550000190734863,1.9299999475479126,780600,0.0,0.0
2026-03-06 00:00:00-05:00,1.8600000143051147,1.9550000429153442,1.8200000524520874,1.9500000476837158,775200,0.0,0.0
2026-03-09 00:00:00-04:00,1.909999966621399,1.9199999570846558,1.8300000429153442,1.909999966621399,501200,0.0,0.0
2026-03-10 00:00:00-04:00,1.9199999570846558,1.9199999570846558,1.7899999618530273,1.8200000524520874,587800,0.0,0.0
2026-03-11 00:00:00-04:00,1.8799999952316284,1.8849999904632568,1.7599999904632568,1.8600000143051147,424800,0.0,0.0
2026-03-12 00:00:00-04:00,1.8300000429153442,1.8849999904632568,1.7699999809265137,1.7899999618530273,551000,0.0,0.0
2026-03-13 00:00:00-04:00,1.3799999952316284,1.4789999723434448,1.2000000476837158,1.3200000524520874,2546500,0.0,0.0
2026-03-16 00:00:00-04:00,1.340000033378601,1.350000023841858,1.2000000476837158,1.215000033378601,1178600,0.0,0.0
2026-03-17 00:00:00-04:00,1.2300000190734863,1.2599999904632568,1.159999966621399,1.1699999570846558,1510700,0.0,0.0
2026-03-18 00:00:00-04:00,1.059999942779541,1.1699999570846558,1.0399999618530273,1.159999966621399,1295700,0.0,0.0
2026-03-19 00:00:00-04:00,1.1299999952316284,1.2799999713897705,1.1299999952316284,1.215000033378601,690300,0.0,0.0
2026-03-20 00:00:00-04:00,1.2000000476837158,1.25,1.1549999713897705,1.2300000190734863,894800,0.0,0.0
2026-03-23 00:00:00-04:00,1.25,1.2899999618530273,1.2100000381469727,1.2100000381469727,827200,0.0,0.0
2026-03-24 00:00:00-04:00,1.190000057220459,1.2050000429153442,1.0800000429153442,1.0950000286102295,505600,0.0,0.0
2026-03-25 00:00:00-04:00,1.090000033378601,1.1380000114440918,1.0700000524520874,1.100000023841858,554100,0.0,0.0
2026-03-26 00:00:00-04:00,1.0700000524520874,1.125,1.0700000524520874,1.100000023841858,655800,0.0,0.0
2026-03-27 00:00:00-04:00,1.0800000429153442,1.1200000047683716,1.059999942779541,1.100000023841858,705400,0.0,0.0
2026-03-30 00:00:00-04:00,1.100000023841858,1.2699999809265137,1.0800000429153442,1.1799999475479126,958100,0.0,0.0
2026-03-31 00:00:00-04:00,1.2200000286102295,1.2799999713897705,1.184999942779541,1.2699999809265137,620900,0.0,0.0
2026-04-01 00:00:00-04:00,1.2799999713897705,1.2799999713897705,1.149999976158142,1.159999966621399,669100,0.0,0.0
2026-04-02 00:00:00-04:00,1.1200000047683716,1.190000057220459,1.090000033378601,1.1699999570846558,411100,0.0,0.0
2026-04-06 00:00:00-04:00,1.149999976158142,1.2000000476837158,1.149999976158142,1.1549999713897705,235000,0.0,0.0
2026-04-07 00:00:00-04:00,1.1399999856948853,1.1549999713897705,1.100000023841858,1.100000023841858,367100,0.0,0.0
2026-04-08 00:00:00-04:00,1.159999966621399,1.159999966621399,1.0199999809265137,1.0299999713897705,714500,0.0,0.0
2026-04-09 00:00:00-04:00,1.0299999713897705,1.0299999713897705,0.9700000286102295,1.0099999904632568,670900,0.0,0.0
2026-04-10 00:00:00-04:00,1.0099999904632568,1.0099999904632568,0.9549999833106995,0.9959999918937683,629500,0.0,0.0
2026-04-13 00:00:00-04:00,0.9857000112533569,1.0681999921798706,0.9800000190734863,1.059999942779541,472665,0.0,0.0
