Date,Open,High,Low,Close,Volume,Dividends,Stock Splits
2022-01-03 00:00:00-05:00,14.981561562777587,15.415949426624033,14.981561562777587,15.3001127243042,2500,0.0,0.0
2022-01-04 00:00:00-05:00,15.251847267150879,15.251847267150879,15.251847267150879,15.251847267150879,2000,0.0,0.0
2022-01-05 00:00:00-05:00,15.242191314697266,15.242191314697266,15.242191314697266,15.242191314697266,300,0.0,0.0
2022-01-06 00:00:00-05:00,15.102222598752247,15.102222598752247,15.0491304397583,15.0491304397583,300,0.0,0.0
2022-01-07 00:00:00-05:00,15.058785438537598,15.058785438537598,15.058785438537598,15.058785438537598,2300,0.0,0.0
2022-01-10 00:00:00-05:00,15.058786095787102,15.251847267150879,14.96322074691791,15.251847267150879,10000,0.0,0.0
2022-01-11 00:00:00-05:00,15.251847267150879,15.251847267150879,15.251847267150879,15.251847267150879,0,0.0,0.0
2022-01-12 00:00:00-05:00,15.251847267150879,15.251847267150879,15.251847267150879,15.251847267150879,0,0.0,0.0
2022-01-13 00:00:00-05:00,15.25184540344471,15.25184540344471,15.068436622619629,15.068436622619629,1200,0.0,0.0
2022-01-14 00:00:00-05:00,15.116701766416334,15.251845026813983,15.116701766416334,15.222886085510254,4900,0.0,0.0
2022-01-18 00:00:00-05:00,15.181378408889847,15.232539176940918,15.181378408889847,15.232539176940918,400,0.0,0.0
2022-01-19 00:00:00-05:00,15.251843087914645,15.724843978881836,15.241224105002312,15.724843978881836,15300,0.0,0.0
2022-01-20 00:00:00-05:00,15.647621150749076,15.664998174223795,15.541438662847993,15.560745239257812,2300,0.0,0.0
2022-01-21 00:00:00-05:00,15.560745239257812,15.560745239257812,15.560745239257812,15.560745239257812,0,0.0,0.0
2022-01-24 00:00:00-05:00,15.3483743780673,15.57522201538086,15.06843550442367,15.57522201538086,500,0.0,0.0
2022-01-25 00:00:00-05:00,15.57522201538086,15.57522201538086,15.57522201538086,15.57522201538086,0,0.0,0.0
2022-01-26 00:00:00-05:00,15.589704513549805,15.589704513549805,15.589704513549805,15.589704513549805,300,0.0,0.0
2022-01-27 00:00:00-05:00,15.329070741135435,15.589703075419454,15.329070741135435,15.414982795715332,2400,0.0,0.0
2022-01-28 00:00:00-05:00,15.203582457700177,15.539508819580078,15.107051407193735,15.539508819580078,2600,0.0,0.0
2022-01-31 00:00:00-05:00,15.15531417513497,15.34837532043457,15.15531417513497,15.34837532043457,1200,0.0,0.0
2022-02-01 00:00:00-05:00,15.41594955566851,16.149582009835243,15.362857388106889,15.83103084564209,11600,0.0,0.0
2022-02-02 00:00:00-05:00,16.19785096781302,16.29438018798828,15.729676517020229,16.29438018798828,4500,0.0,0.0
2022-02-03 00:00:00-05:00,16.304027995918993,16.90734462502998,16.304027995918993,16.555007934570312,1600,0.0,0.0
2022-02-04 00:00:00-05:00,16.70945529451738,16.748068438963685,15.855158805991541,16.32140350341797,12200,0.0,0.0
2022-02-07 00:00:00-05:00,16.699802203887728,16.897689968551287,15.999956443778908,16.709455490112305,22600,0.0,0.0
2022-02-08 00:00:00-05:00,16.69981024750593,17.110066824361834,16.603281021118164,16.603281021118164,5200,0.0,0.0
2022-02-09 00:00:00-05:00,17.134194728306362,17.134194728306362,16.88707570072064,16.892868041992188,800,0.0,0.0
2022-02-10 00:00:00-05:00,16.786681932965543,16.796335220336914,16.786681932965543,16.796335220336914,500,0.0,0.0
2022-02-11 00:00:00-05:00,16.79633699923122,16.989399084753156,16.79633699923122,16.892868041992188,2000,0.0,0.0
2022-02-14 00:00:00-05:00,16.699802485248803,17.375517802944884,16.699802485248803,16.786680221557617,2200,0.0,0.0
2022-02-15 00:00:00-05:00,17.2220342604468,17.37551838918256,17.2220342604468,17.303119659423828,2000,0.0,0.0
2022-02-16 00:00:00-05:00,17.23072624206543,17.2548585431212,17.085930594554267,17.23072624206543,2400,0.0,0.0
2022-02-17 00:00:00-05:00,16.98939634690406,17.08592737410901,16.895761489868164,16.895761489868164,1300,0.0,0.0
2022-02-18 00:00:00-05:00,17.129365921020508,17.129365921020508,17.129365921020508,17.129365921020508,200,0.0,0.0
2022-02-22 00:00:00-05:00,16.931480505228038,17.375520706176758,16.892867353227405,17.375520706176758,2700,0.0,0.0
2022-02-23 00:00:00-05:00,17.172805786132812,17.172805786132812,17.172805786132812,17.172805786132812,200,0.0,0.0
2022-02-24 00:00:00-05:00,17.336909852104746,17.37552300922338,16.69980748906069,17.356216430664062,2900,0.0,0.0
2022-02-25 00:00:00-05:00,17.375520706176758,17.375520706176758,17.13419402970208,17.375520706176758,1600,0.0,0.0
2022-02-28 00:00:00-05:00,16.892868041992188,17.134194728306362,16.877422412326894,16.892868041992188,3600,0.0,0.0
2022-03-01 00:00:00-05:00,16.89286970961117,16.99422648598643,16.45172377646833,16.545358657836914,5500,0.0,0.0
2022-03-02 00:00:00-05:00,16.94113264278442,16.94113264278442,16.79633699923122,16.892868041992188,2400,0.0,0.0
2022-03-03 00:00:00-05:00,16.892868041992188,16.892868041992188,16.892868041992188,16.892868041992188,300,0.0,0.0
2022-03-04 00:00:00-05:00,16.892862779653832,16.90541223477404,16.50674057006836,16.50674057006836,6500,0.0,0.0
2022-03-07 00:00:00-05:00,16.936311270980696,16.936311270980696,16.506749953553424,16.603281021118164,2400,0.0,0.0
2022-03-08 00:00:00-05:00,16.526047140841616,16.699800754273134,16.50674057006836,16.50674057006836,2400,0.0,0.0
2022-03-09 00:00:00-05:00,16.53570113428969,16.748069763183594,16.53570113428969,16.748069763183594,1400,0.0,0.0
2022-03-10 00:00:00-05:00,16.51639747619629,16.51639747619629,16.51639747619629,16.51639747619629,700,0.0,0.0
2022-03-11 00:00:00-05:00,16.912173448024856,17.206592279535077,16.912173448024856,17.037662506103516,2400,0.0,0.0
2022-03-14 00:00:00-04:00,17.27898648912959,17.27898648912959,16.709455490112305,16.709455490112305,700,0.0,0.0
2022-03-15 00:00:00-04:00,16.516393855454986,16.70945403965976,16.50674057006836,16.50674057006836,3500,0.0,0.0
2022-03-16 00:00:00-04:00,16.608101880605766,16.651540756225586,16.579142016467074,16.651540756225586,1300,0.0,0.0
2022-03-17 00:00:00-04:00,16.6080987465184,16.709455490112305,16.5067420029245,16.709455490112305,2900,0.0,0.0
2022-03-18 00:00:00-04:00,16.50674571212481,16.892868041992188,16.48840391182374,16.892868041992188,15700,0.0,0.0
2022-03-21 00:00:00-04:00,16.844600677490234,16.844600677490234,16.844600677490234,16.844600677490234,500,0.0,0.0
2022-03-22 00:00:00-04:00,16.809851234747164,17.346561549439294,16.809851234747164,16.892868041992188,3800,0.0,0.0
2022-03-23 00:00:00-04:00,16.9411302089661,17.37551891839651,16.555007934570312,16.555007934570312,3700,0.0,0.0
2022-03-24 00:00:00-04:00,18.2249871343868,18.92966232602645,17.49618148803711,17.49618148803711,7000,0.0,0.0
2022-03-25 00:00:00-04:00,16.63223097797659,17.983659744262695,16.63223097797659,17.983659744262695,5900,0.0,0.0
2022-03-28 00:00:00-04:00,17.70372500571578,18.282909393310547,17.70372500571578,18.282909393310547,1400,0.0,0.0
2022-03-29 00:00:00-04:00,18.340830047199596,18.340830047199596,18.325384415944903,18.3311767578125,1100,0.0,0.0
2022-03-30 00:00:00-04:00,17.665113386911305,18.282910979838395,16.690155156621238,17.221073150634766,5400,0.0,0.0
2022-03-31 00:00:00-04:00,18.32248878479004,18.32248878479004,18.32248878479004,18.32248878479004,400,0.0,0.0
2022-04-01 00:00:00-04:00,18.311866760253906,18.311866760253906,18.311866760253906,18.311866760253906,600,0.0,0.0
2022-04-04 00:00:00-04:00,18.147768020629883,18.147768020629883,18.147768020629883,18.147768020629883,1100,0.0,0.0
2022-04-05 00:00:00-04:00,18.147765130432216,18.19603156989046,18.032894134521484,18.032894134521484,2900,0.0,0.0
2022-04-06 00:00:00-04:00,16.506744921464165,17.4720516204834,16.506744921464165,17.4720516204834,1300,0.0,0.0
2022-04-07 00:00:00-04:00,15.927559368173888,17.732683573351157,15.927559368173888,17.713376998901367,2400,0.0,0.0
2022-04-08 00:00:00-04:00,16.757721146021836,17.37551670640664,16.41021022271738,17.329181671142578,3200,0.0,0.0
2022-04-11 00:00:00-04:00,17.329181671142578,17.329181671142578,17.329181671142578,17.329181671142578,0,0.0,0.0
2022-04-12 00:00:00-04:00,16.94113415879826,16.94113415879826,16.506747189266594,16.91217613220215,1600,0.0,0.0
2022-04-13 00:00:00-04:00,16.783784390711038,17.134191513061523,16.783784390711038,17.134191513061523,1500,0.0,0.0
2022-04-14 00:00:00-04:00,17.095583731367437,17.134196889813538,16.612930297851562,16.612930297851562,1300,0.0,0.0
2022-04-18 00:00:00-04:00,17.134191513061523,17.134191513061523,17.134191513061523,17.134191513061523,400,0.0,0.0
2022-04-19 00:00:00-04:00,17.134191513061523,17.134191513061523,17.134191513061523,17.134191513061523,0,0.0,0.0
2022-04-20 00:00:00-04:00,16.98940086364746,16.98940086364746,16.98940086364746,16.98940086364746,300,0.0,0.0
2022-04-21 00:00:00-04:00,16.525080523479804,16.984566229062906,16.50674057006836,16.50674057006836,2800,0.0,0.0
2022-04-22 00:00:00-04:00,16.555005155825572,16.555005155825572,16.50674057006836,16.50674057006836,700,0.0,0.0
2022-04-25 00:00:00-04:00,16.506742614621263,17.134191513061523,16.506742614621263,17.134191513061523,2300,0.0,0.0
2022-04-26 00:00:00-04:00,17.134191917083132,17.134191917083132,16.545354309911215,16.844600677490234,600,0.0,0.0
2022-04-27 00:00:00-04:00,16.506745886176848,16.597484588623047,16.506745886176848,16.597484588623047,3800,0.0,0.0
2022-04-28 00:00:00-04:00,16.506742614621263,17.134191513061523,16.506742614621263,17.134191513061523,1200,0.0,0.0
2022-04-29 00:00:00-04:00,16.991330279027814,17.0859317779541,16.991330279027814,17.0859317779541,800,0.0,0.0
2022-05-02 00:00:00-04:00,16.506744188693457,17.134193146966837,16.506744188693457,16.51639747619629,1400,0.0,0.0
2022-05-03 00:00:00-04:00,16.51639747619629,16.51639747619629,16.51639747619629,16.51639747619629,0,0.0,0.0
2022-05-04 00:00:00-04:00,16.506747745351085,16.680503275487947,16.323338925631425,16.439176559448242,2500,0.0,0.0
2022-05-05 00:00:00-04:00,16.207502365112305,16.207502365112305,16.207502365112305,16.207502365112305,300,0.0,0.0
2022-05-06 00:00:00-04:00,16.458476745028392,17.10523223876953,16.36194755825383,17.10523223876953,900,0.0,0.0
2022-05-09 00:00:00-04:00,15.927559852600098,17.08592857835064,15.927559852600098,15.927559852600098,5700,0.0,0.0
2022-05-10 00:00:00-04:00,16.42951902118626,16.837844043179555,16.18819236755371,16.18819236755371,2300,0.0,0.0
2022-05-11 00:00:00-04:00,16.241287231445312,16.241287231445312,16.241287231445312,16.241287231445312,400,0.0,0.0
2022-05-12 00:00:00-04:00,16.265417551042034,16.265417551042034,15.927559852600098,15.927559852600098,4500,0.0,0.0
2022-05-13 00:00:00-04:00,16.221980420455147,16.46523666381836,16.221980420455147,16.46523666381836,700,0.0,0.0
2022-05-16 00:00:00-04:00,15.927559852600098,16.22197867779698,15.927559852600098,15.927559852600098,9100,0.0,0.0
2022-05-17 00:00:00-04:00,16.062700673182245,16.171781154744544,15.637967109680176,15.637967109680176,5400,0.0,0.0
2022-05-18 00:00:00-04:00,15.956516709552174,15.956516709552174,15.502821487523647,15.797240257263184,1000,0.0,0.0
2022-05-19 00:00:00-04:00,15.911151352056029,15.911151352056029,15.3001127243042,15.3001127243042,600,0.0,0.0
2022-05-20 00:00:00-04:00,16.17757373568904,16.41021187041683,15.300109670947398,16.304027557373047,1800,0.0,0.0
2022-05-23 00:00:00-04:00,16.361945837901803,16.390903854418937,16.3001651763916,16.3001651763916,500,0.0,0.0
2022-05-24 00:00:00-04:00,16.259627386481846,16.410215377807617,16.259627386481846,16.410215377807617,400,0.0,0.0
2022-05-25 00:00:00-04:00,16.410215377807617,16.410215377807617,16.410215377807617,16.410215377807617,800,0.0,0.0
2022-05-26 00:00:00-04:00,15.249914902918327,16.202672102759994,15.154349565896844,15.927559852600098,3200,0.0,0.0
2022-05-27 00:00:00-04:00,16.304031649151046,16.304031649151046,16.024093627929688,16.024093627929688,700,0.0,0.0
2022-05-31 00:00:00-04:00,16.048225476191593,16.410215524526745,15.686235427856445,15.686235427856445,1000,0.0,0.0
2022-06-01 00:00:00-04:00,15.927559852600098,15.927559852600098,15.927559852600098,15.927559852600098,500,0.0,0.0
2022-06-02 00:00:00-04:00,15.78758857623506,16.400558471679688,15.63796723561452,16.400558471679688,1200,0.0,0.0
2022-06-03 00:00:00-04:00,15.95652191750727,16.30789205756032,15.95652191750727,16.226806640625,900,0.0,0.0
2022-06-06 00:00:00-04:00,16.045327842818683,16.191090098343995,15.93238639831543,15.93238639831543,6500,0.0,0.0
2022-06-07 00:00:00-04:00,15.888946533203125,16.217150940629008,15.888946533203125,15.888946533203125,1800,0.0,0.0
2022-06-08 00:00:00-04:00,15.522133657105101,15.761528968811035,15.50282707874167,15.761528968811035,7700,0.0,0.0
2022-06-09 00:00:00-04:00,16.0482234954834,16.0482234954834,16.0482234954834,16.0482234954834,100,0.0,0.0
2022-06-10 00:00:00-04:00,16.024093627929688,16.024093627929688,16.024093627929688,16.024093627929688,600,0.0,0.0
2022-06-13 00:00:00-04:00,15.715195230090306,15.715195230090306,15.599357604980469,15.599357604980469,400,0.0,0.0
2022-06-14 00:00:00-04:00,15.560745994965032,15.560745994965032,15.261500490197587,15.3001127243042,9700,0.0,0.0
2022-06-15 00:00:00-04:00,15.309765092389645,15.3676839038437,15.3001127243042,15.3001127243042,18900,0.0,0.0
2022-06-16 00:00:00-04:00,15.203580856323242,15.482554071549824,15.203580856323242,15.203580856323242,5300,0.0,0.0
2022-06-17 00:00:00-04:00,15.56074451638776,15.90825366973877,15.56074451638776,15.90825366973877,4400,0.0,0.0
2022-06-21 00:00:00-04:00,16.141857147216797,16.141857147216797,16.141857147216797,16.141857147216797,300,0.0,0.0
2022-06-22 00:00:00-04:00,16.051118850708008,16.051118850708008,16.051118850708008,16.051118850708008,200,0.0,0.0
2022-06-23 00:00:00-04:00,16.051118850708008,16.051118850708008,16.051118850708008,16.051118850708008,800,0.0,0.0
2022-06-24 00:00:00-04:00,15.937212964333543,15.937212964333543,15.34837532043457,15.34837532043457,2500,0.0,0.0
2022-06-27 00:00:00-04:00,15.551092353494889,15.898601531982422,15.551092353494889,15.898601531982422,5300,0.0,0.0
2022-06-28 00:00:00-04:00,15.589704513549805,15.589704513549805,15.589704513549805,15.589704513549805,300,0.0,0.0
2022-06-29 00:00:00-04:00,15.720019340515137,15.720019340515137,15.720019340515137,15.720019340515137,100,0.0,0.0
2022-06-30 00:00:00-04:00,15.647621555689112,15.898601531982422,15.647621555689112,15.898601531982422,600,0.0,0.0
2022-07-01 00:00:00-04:00,15.744152599059849,15.898601531982422,15.744152599059849,15.898601531982422,1200,0.0,0.0
2022-07-05 00:00:00-04:00,15.710365546630928,15.710365546630928,15.589702213951464,15.6090087890625,1400,0.0,0.0
2022-07-06 00:00:00-04:00,15.850336074829102,15.869642650695829,15.850336074829102,15.850336074829102,700,0.0,0.0
2022-07-07 00:00:00-04:00,15.850336074829102,15.850336074829102,15.850336074829102,15.850336074829102,0,0.0,0.0
2022-07-08 00:00:00-04:00,15.888946533203125,15.888946533203125,15.888946533203125,15.888946533203125,200,0.0,0.0
2022-07-11 00:00:00-04:00,15.358027458190918,15.358027458190918,15.358027458190918,15.358027458190918,200,0.0,0.0
2022-07-12 00:00:00-04:00,15.888946533203125,15.888946533203125,15.888946533203125,15.888946533203125,200,0.0,0.0
2022-07-13 00:00:00-04:00,15.888946533203125,15.888946533203125,15.888946533203125,15.888946533203125,0,0.0,0.0
2022-07-14 00:00:00-04:00,15.637967109680176,15.637967109680176,15.637967109680176,15.637967109680176,500,0.0,0.0
2022-07-15 00:00:00-04:00,15.869638249167854,15.879291534423828,15.869638249167854,15.879291534423828,600,0.0,0.0
2022-07-18 00:00:00-04:00,15.43525218963623,15.43525218963623,15.43525218963623,15.43525218963623,20000,0.0,0.0
2022-07-19 00:00:00-04:00,15.831029202201533,15.831029202201533,15.502824783325195,15.502824783325195,1100,0.0,0.0
2022-07-20 00:00:00-04:00,15.493171691894531,15.493171691894531,15.493171691894531,15.493171691894531,300,0.0,0.0
2022-07-21 00:00:00-04:00,15.493171691894531,15.493171691894531,15.493171691894531,15.493171691894531,400,0.0,0.0
2022-07-22 00:00:00-04:00,15.444907812180983,15.444907812180983,15.415948867797852,15.415948867797852,500,0.0,0.0
2022-07-25 00:00:00-04:00,15.415948867797852,15.415948867797852,15.415948867797852,15.415948867797852,1300,0.0,0.0
2022-07-26 00:00:00-04:00,15.500895500183105,15.500895500183105,15.500895500183105,15.500895500183105,500,0.0,0.0
2022-07-27 00:00:00-04:00,15.62348801519786,15.62348801519786,15.358029047878608,15.464213371276855,10500,0.0,0.0
2022-07-28 00:00:00-04:00,15.444905197219372,15.444905197219372,15.358027458190918,15.358027458190918,700,0.0,0.0
2022-07-29 00:00:00-04:00,15.358027458190918,15.358027458190918,15.358027458190918,15.358027458190918,800,0.0,0.0
2022-08-01 00:00:00-04:00,15.34837532043457,15.34837532043457,15.34837532043457,15.34837532043457,1200,0.0,0.0
2022-08-02 00:00:00-04:00,15.26149845123291,15.26149845123291,15.26149845123291,15.26149845123291,900,0.0,0.0
2022-08-03 00:00:00-04:00,15.26149845123291,15.26149845123291,15.26149845123291,15.26149845123291,0,0.0,0.0
2022-08-04 00:00:00-04:00,15.26149845123291,15.304936403284714,15.26149845123291,15.26149845123291,3100,0.0,0.0
2022-08-05 00:00:00-04:00,15.26149845123291,15.26149845123291,15.26149845123291,15.26149845123291,0,0.0,0.0
2022-08-08 00:00:00-04:00,15.26149845123291,15.26149845123291,15.26149845123291,15.26149845123291,0,0.0,0.0
2022-08-09 00:00:00-04:00,15.26149845123291,15.26149845123291,15.26149845123291,15.26149845123291,200,0.0,0.0
2022-08-10 00:00:00-04:00,15.203579647516914,15.26149845123291,15.203579647516914,15.26149845123291,3500,0.0,0.0
2022-08-11 00:00:00-04:00,15.261499664644246,15.261499664644246,15.203580856323242,15.203580856323242,3700,0.0,0.0
2022-08-12 00:00:00-04:00,15.203580856323242,15.203580856323242,15.203580856323242,15.203580856323242,0,0.0,0.0
2022-08-15 00:00:00-04:00,15.444906234741211,15.444906234741211,15.444906234741211,15.444906234741211,1100,0.0,0.0
2022-08-16 00:00:00-04:00,15.435252947403342,15.444906234741211,15.396640718640015,15.444906234741211,3100,0.0,0.0
2022-08-17 00:00:00-04:00,15.34837532043457,15.34837532043457,15.300110724550787,15.34837532043457,1300,0.0,0.0
2022-08-18 00:00:00-04:00,15.44490527543817,15.580047607421875,15.44490527543817,15.580047607421875,1400,0.0,0.0
2022-08-19 00:00:00-04:00,15.686235625444173,15.686235625444173,15.657275758389,15.676582336425781,1800,0.0,0.0
2022-08-22 00:00:00-04:00,15.637970463178256,15.637970463178256,15.3001127243042,15.3001127243042,2000,0.0,0.0
2022-08-23 00:00:00-04:00,15.637967109680176,15.637967109680176,15.637967109680176,15.637967109680176,500,0.0,0.0
2022-08-24 00:00:00-04:00,15.51730589073508,15.551091477835946,15.401468276977539,15.401468276977539,1400,0.0,0.0
2022-08-25 00:00:00-04:00,15.840680604827597,15.840680604827597,15.637967109680176,15.637967109680176,2200,0.0,0.0
2022-08-26 00:00:00-04:00,15.637967109680176,15.637967109680176,15.637967109680176,15.637967109680176,0,0.0,0.0
2022-08-29 00:00:00-04:00,15.539508819580078,15.539508819580078,15.539508819580078,15.539508819580078,300,0.0,0.0
2022-08-30 00:00:00-04:00,15.637967109680176,15.637967109680176,15.637967109680176,15.637967109680176,100,0.0,0.0
2022-08-31 00:00:00-04:00,15.444906234741211,15.444906234741211,15.444906234741211,15.444906234741211,500,0.0,0.0
2022-09-01 00:00:00-04:00,15.444906234741211,15.444906234741211,15.444906234741211,15.444906234741211,500,0.0,0.0
2022-09-02 00:00:00-04:00,15.444905476500189,15.444905476500189,15.43525218963623,15.43525218963623,1600,0.0,0.0
2022-09-06 00:00:00-04:00,15.473865337092063,15.473865337092063,15.43525218963623,15.43525218963623,1400,0.0,0.0
2022-09-07 00:00:00-04:00,15.41305160522461,15.41305160522461,15.37250890184288,15.41305160522461,1200,0.0,0.0
2022-09-08 00:00:00-04:00,15.309765092389645,15.348377326496255,15.3001127243042,15.3001127243042,1400,0.0,0.0
2022-09-09 00:00:00-04:00,15.300114132235697,15.367685317993164,15.300114132235697,15.367685317993164,2900,0.0,0.0
2022-09-12 00:00:00-04:00,15.300112002461423,15.333897590637207,15.300112002461423,15.333897590637207,3500,0.0,0.0
2022-09-13 00:00:00-04:00,15.251848605013922,15.367685317993164,15.251848605013922,15.367685317993164,1000,0.0,0.0
2022-09-14 00:00:00-04:00,15.15531430917437,15.15531430917437,15.11670207977295,15.11670207977295,1700,0.0,0.0
2022-09-15 00:00:00-04:00,15.493172401860141,15.493172401860141,15.145662307739258,15.145662307739258,2100,0.0,0.0
2022-09-16 00:00:00-04:00,15.10704938278738,15.493171691894531,15.10704938278738,15.493171691894531,14000,0.0,0.0
2022-09-19 00:00:00-04:00,15.493171691894531,15.493171691894531,15.493171691894531,15.493171691894531,300,0.0,0.0
2022-09-20 00:00:00-04:00,15.16496746254699,15.34837532043457,15.16496746254699,15.34837532043457,600,0.0,0.0
2022-09-21 00:00:00-04:00,15.34837532043457,15.34837532043457,15.34837532043457,15.34837532043457,0,0.0,0.0
2022-09-22 00:00:00-04:00,15.164968490600586,15.164968490600586,15.164968490600586,15.164968490600586,2700,0.0,0.0
2022-09-23 00:00:00-04:00,15.155314445495605,15.155314445495605,15.155314445495605,15.155314445495605,400,0.0,0.0
2022-09-26 00:00:00-04:00,15.145661021676974,15.145661021676974,15.11670207977295,15.11670207977295,600,0.0,0.0
2022-09-27 00:00:00-04:00,15.126355563587648,15.126355563587648,15.107048988342285,15.107048988342285,1700,0.0,0.0
2022-09-28 00:00:00-04:00,15.107048988342285,15.107048988342285,15.107048988342285,15.107048988342285,300,0.0,0.0
2022-09-29 00:00:00-04:00,15.078091621398926,15.078091621398926,15.078091621398926,15.078091621398926,400,0.0,0.0
2022-09-30 00:00:00-04:00,15.031756736904056,15.031756736904056,14.981561660766602,14.981561660766602,1200,0.0,0.0
2022-10-03 00:00:00-04:00,15.13986851471485,15.13986851471485,14.981558661709759,15.050094604492188,2600,0.0,0.0
2022-10-04 00:00:00-04:00,15.058786129484922,15.058786129484922,14.981561660766602,14.981561660766602,3000,0.0,0.0
2022-10-05 00:00:00-04:00,15.097398363844082,15.097398363844082,14.981561660766602,14.981561660766602,400,0.0,0.0
2022-10-06 00:00:00-04:00,15.058786129484922,15.058786129484922,14.981561660766602,14.981561660766602,300,0.0,0.0
2022-10-07 00:00:00-04:00,14.981561660766602,14.981561660766602,14.981561660766602,14.981561660766602,0,0.0,0.0
2022-10-10 00:00:00-04:00,14.981561660766602,14.981561660766602,14.981561660766602,14.981561660766602,0,0.0,0.0
2022-10-11 00:00:00-04:00,14.981561528389708,15.049132707774108,14.77884706964823,14.807806015014648,14000,0.0,0.0
2022-10-12 00:00:00-04:00,14.807806015014648,14.807806015014648,14.807806015014648,14.807806015014648,100,0.0,0.0
2022-10-13 00:00:00-04:00,14.83676466513417,14.923642420092861,14.83676466513417,14.865723609924316,1100,0.0,0.0
2022-10-14 00:00:00-04:00,14.83676466513417,14.865723609924316,14.83676466513417,14.865723609924316,2900,0.0,0.0
2022-10-17 00:00:00-04:00,14.947771927546073,14.947771927546073,14.916882514953613,14.916882514953613,1100,0.0,0.0
2022-10-18 00:00:00-04:00,14.916882514953613,14.916882514953613,14.916882514953613,14.916882514953613,0,0.0,0.0
2022-10-19 00:00:00-04:00,14.962253298618434,14.962253298618434,14.885028839111328,14.885028839111328,2100,0.0,0.0
2022-10-20 00:00:00-04:00,15.000865528371987,15.000865528371987,14.885028839111328,14.885028839111328,2200,0.0,0.0
2022-10-21 00:00:00-04:00,14.885028839111328,14.885028839111328,14.885028839111328,14.885028839111328,0,0.0,0.0
2022-10-24 00:00:00-04:00,14.885028839111328,14.885028839111328,14.885028839111328,14.885028839111328,0,0.0,0.0
2022-10-25 00:00:00-04:00,14.91398811340332,14.91398811340332,14.91398811340332,14.91398811340332,200,0.0,0.0
2022-10-26 00:00:00-04:00,14.91398811340332,14.91398811340332,14.91398811340332,14.91398811340332,0,0.0,0.0
2022-10-27 00:00:00-04:00,14.827110290527344,14.827110290527344,14.827110290527344,14.827110290527344,1300,0.0,0.0
2022-10-28 00:00:00-04:00,14.827110290527344,14.827110290527344,14.827110290527344,14.827110290527344,500,0.0,0.0
2022-10-31 00:00:00-04:00,14.827110290527344,14.827110290527344,14.827110290527344,14.827110290527344,400,0.0,0.0
2022-11-01 00:00:00-04:00,14.827108667265797,14.870547536807408,14.769190788269043,14.769190788269043,10600,0.0,0.0
2022-11-02 00:00:00-04:00,14.778845595132642,14.894682285629328,14.778845595132642,14.831936836242676,2100,0.0,0.0
2022-11-03 00:00:00-04:00,14.831936836242676,14.831936836242676,14.831936836242676,14.831936836242676,0,0.0,0.0
2022-11-04 00:00:00-04:00,14.77884578704834,14.79815144208773,14.77884578704834,14.77884578704834,7600,0.0,0.0
2022-11-07 00:00:00-05:00,14.788496441071931,14.788496441071931,14.769190788269043,14.769190788269043,9200,0.0,0.0
2022-11-08 00:00:00-05:00,14.778844970562911,14.81745719909668,14.778844970562911,14.81745719909668,700,0.0,0.0
2022-11-09 00:00:00-05:00,14.77884593254042,14.789463996887207,14.77884593254042,14.789463996887207,3400,0.0,0.0
2022-11-10 00:00:00-05:00,14.778845557728864,14.788497924804688,14.778845557728864,14.788497924804688,2900,0.0,0.0
2022-11-11 00:00:00-05:00,14.788497924804688,14.788497924804688,14.788497924804688,14.788497924804688,700,0.0,0.0
2022-11-14 00:00:00-05:00,14.77884578704834,14.842556013678257,14.77884578704834,14.77884578704834,2600,0.0,0.0
2022-11-15 00:00:00-05:00,14.778844970562911,14.826144789413853,14.778844970562911,14.81745719909668,4100,0.0,0.0
2022-11-16 00:00:00-05:00,14.81745719909668,14.81745719909668,14.81745719909668,14.81745719909668,600,0.0,0.0
2022-11-17 00:00:00-05:00,14.81745719909668,14.81745719909668,14.81745719909668,14.81745719909668,0,0.0,0.0
2022-11-18 00:00:00-05:00,14.84641686603199,14.84641686603199,14.827110290527344,14.827110290527344,700,0.0,0.0
2022-11-21 00:00:00-05:00,14.849313036475326,14.849313036475326,14.827110290527344,14.827110290527344,700,0.0,0.0
2022-11-22 00:00:00-05:00,14.827110290527344,14.827110290527344,14.827110290527344,14.827110290527344,3700,0.0,0.0
2022-11-23 00:00:00-05:00,14.846416473388672,14.846416473388672,14.846416473388672,14.846416473388672,100,0.0,0.0
2022-11-25 00:00:00-05:00,14.845451354980469,14.845451354980469,14.845451354980469,14.845451354980469,700,0.0,0.0
2022-11-28 00:00:00-05:00,14.827110290527344,14.827110290527344,14.827110290527344,14.827110290527344,700,0.0,0.0
2022-11-29 00:00:00-05:00,14.827110290527344,14.827110290527344,14.827110290527344,14.827110290527344,0,0.0,0.0
2022-11-30 00:00:00-05:00,14.875376568024418,14.875376568024418,14.836764335632324,14.836764335632324,400,0.0,0.0
2022-12-01 00:00:00-05:00,14.836764335632324,14.836764335632324,14.836764335632324,14.836764335632324,0,0.0,0.0
2022-12-02 00:00:00-05:00,14.836764335632324,14.865723279779335,14.836764335632324,14.836764335632324,3000,0.0,0.0
2022-12-05 00:00:00-05:00,14.836764335632324,14.836764335632324,14.836764335632324,14.836764335632324,0,0.0,0.0
2022-12-06 00:00:00-05:00,14.841590979754866,14.841590979754866,14.836764335632324,14.836764335632324,1300,0.0,0.0
2022-12-07 00:00:00-05:00,14.910127853353773,14.910127853353773,14.836764335632324,14.836764335632324,3000,0.0,0.0
2022-12-08 00:00:00-05:00,14.836763757018385,14.837729454040527,14.836763757018385,14.837729454040527,700,0.0,0.0
2022-12-09 00:00:00-05:00,14.836764815751772,14.840625762939453,14.836764815751772,14.840625762939453,600,0.0,0.0
2022-12-12 00:00:00-05:00,14.836764335632324,14.836764335632324,14.836764335632324,14.836764335632324,600,0.0,0.0
2022-12-13 00:00:00-05:00,14.836764335632324,14.836764335632324,14.836764335632324,14.836764335632324,0,0.0,0.0
2022-12-14 00:00:00-05:00,14.827111116782158,14.9236421585083,14.827111116782158,14.9236421585083,3700,0.0,0.0
2022-12-15 00:00:00-05:00,14.9236421585083,14.9236421585083,14.9236421585083,14.9236421585083,100,0.0,0.0
2022-12-16 00:00:00-05:00,14.933295249938965,14.933295249938965,14.933295249938965,14.933295249938965,300,0.0,0.0
2022-12-19 00:00:00-05:00,14.831938020904438,14.865723609924316,14.82228473244497,14.865723609924316,3800,0.0,0.0
2022-12-20 00:00:00-05:00,14.856070153784314,14.856070153784314,14.827110290527344,14.827110290527344,300,0.0,0.0
2022-12-21 00:00:00-05:00,14.82711077057877,14.82711077057877,14.59543738055134,14.624396324157715,14500,0.0,0.0
2022-12-22 00:00:00-05:00,14.70162072479389,14.70162072479389,14.672661781311035,14.672661781311035,400,0.0,0.0
2022-12-23 00:00:00-05:00,14.807804779540074,14.807804779540074,14.595437049865723,14.595437049865723,19700,0.0,0.0
2022-12-27 00:00:00-05:00,14.576132378090806,14.629223623649866,14.50373363494873,14.50373363494873,3800,0.0,0.0
2022-12-28 00:00:00-05:00,14.58578258162757,14.58578258162757,14.436160314473574,14.533656120300293,18100,0.0,0.0
2022-12-29 00:00:00-05:00,14.533656120300293,14.533656120300293,14.533656120300293,14.533656120300293,0,0.0,0.0
2022-12-30 00:00:00-05:00,14.759538396001956,14.81745719909668,14.634048423120174,14.81745719909668,400,0.0,0.0
2023-01-03 00:00:00-05:00,14.647564234916281,14.647564234916281,14.597368240356445,14.597368240356445,1000,0.0,0.0
2023-01-04 00:00:00-05:00,14.634047842427567,14.786566277172097,14.634047842427567,14.663006782531738,2700,0.0,0.0
2023-01-05 00:00:00-05:00,14.691968160636135,14.798151565710311,14.6823148727417,14.6823148727417,2200,0.0,0.0
2023-01-06 00:00:00-05:00,14.720926557123722,14.798151016235352,14.720926557123722,14.798151016235352,2500,0.0,0.0
2023-01-09 00:00:00-05:00,14.730579376220703,14.730579376220703,14.720926088991687,14.730579376220703,800,0.0,0.0
2023-01-10 00:00:00-05:00,14.730579376220703,14.730579376220703,14.730579376220703,14.730579376220703,0,0.0,0.0
2023-01-11 00:00:00-05:00,14.740232467651367,14.740232467651367,14.740232467651367,14.740232467651367,100,0.0,0.0
2023-01-12 00:00:00-05:00,15.010519027709961,15.010519027709961,15.010519027709961,15.010519027709961,600,0.0,0.0
2023-01-13 00:00:00-05:00,14.833867407836333,14.833867407836333,14.817457923363209,14.827110290527344,1800,0.0,0.0
2023-01-17 00:00:00-05:00,14.827110290527344,14.827110290527344,14.759539117437457,14.827110290527344,2300,0.0,0.0
2023-01-18 00:00:00-05:00,14.894683144514582,14.894683144514582,14.836764335632324,14.836764335632324,700,0.0,0.0
2023-01-19 00:00:00-05:00,14.911091804504395,14.911091804504395,14.911091804504395,14.911091804504395,300,0.0,0.0
2023-01-20 00:00:00-05:00,14.911091804504395,14.911091804504395,14.911091804504395,14.911091804504395,0,0.0,0.0
2023-01-23 00:00:00-05:00,14.8753758827899,14.91398811340332,14.8753758827899,14.91398811340332,800,0.0,0.0
2023-01-24 00:00:00-05:00,15.097397804260254,15.097397804260254,15.097397804260254,15.097397804260254,600,0.0,0.0
2023-01-25 00:00:00-05:00,15.034650802612305,15.034650802612305,15.034650802612305,15.034650802612305,200,0.0,0.0
2023-01-26 00:00:00-05:00,14.96225357055664,14.96225357055664,14.93812127174263,14.96225357055664,1700,0.0,0.0
2023-01-27 00:00:00-05:00,14.971905708312988,14.971905708312988,14.971905708312988,14.971905708312988,300,0.0,0.0
2023-01-30 00:00:00-05:00,14.981561660766602,14.981561660766602,14.971908372029741,14.981561660766602,1300,0.0,0.0
2023-01-31 00:00:00-05:00,14.981561660766602,14.981561660766602,14.981561660766602,14.981561660766602,100,0.0,0.0
2023-02-01 00:00:00-05:00,14.981561660766602,14.981561660766602,14.981561660766602,14.981561660766602,600,0.0,0.0
2023-02-02 00:00:00-05:00,14.981561660766602,14.981561660766602,14.981561660766602,14.981561660766602,0,0.0,0.0
2023-02-03 00:00:00-05:00,15.029825210571289,15.029825210571289,15.029825210571289,15.029825210571289,200,0.0,0.0
2023-02-06 00:00:00-05:00,15.029826358850599,15.290459632873535,15.029826358850599,15.290459632873535,1500,0.0,0.0
2023-02-07 00:00:00-05:00,15.160140480756429,15.160140480756429,15.029823865364817,15.0491304397583,2400,0.0,0.0
2023-02-08 00:00:00-05:00,15.087743197690973,15.087743197690973,15.068436622619629,15.068436622619629,300,0.0,0.0
2023-02-09 00:00:00-05:00,15.078091621398926,15.078091621398926,15.078091621398926,15.078091621398926,200,0.0,0.0
2023-02-10 00:00:00-05:00,15.078091621398926,15.078091621398926,15.078091621398926,15.078091621398926,500,0.0,0.0
2023-02-13 00:00:00-05:00,15.078091621398926,15.078091621398926,15.078091621398926,15.078091621398926,600,0.0,0.0
2023-02-14 00:00:00-05:00,15.078091621398926,15.078091621398926,15.078091621398926,15.078091621398926,0,0.0,0.0
2023-02-15 00:00:00-05:00,15.078088891310403,15.144695281982422,15.078088891310403,15.144695281982422,9900,0.0,0.0
2023-02-16 00:00:00-05:00,15.144695281982422,15.144695281982422,15.144695281982422,15.144695281982422,0,0.0,0.0
2023-02-17 00:00:00-05:00,15.107050717952685,15.191998001699202,15.107050717952685,15.18813705444336,500,0.0,0.0
2023-02-21 00:00:00-05:00,15.18813705444336,15.18813705444336,15.18813705444336,15.18813705444336,0,0.0,0.0
2023-02-22 00:00:00-05:00,15.174618774042173,15.184271139609182,15.12635326385498,15.12635326385498,1900,0.0,0.0
2023-02-23 00:00:00-05:00,15.14083319308755,15.14083319308755,15.12635326385498,15.12635326385498,500,0.0,0.0
2023-02-24 00:00:00-05:00,15.126355367270346,15.128285840652191,15.11670207977295,15.11670207977295,4500,0.0,0.0
2023-02-27 00:00:00-05:00,15.126355427245489,15.145661081728663,15.068436622619629,15.068436622619629,2300,0.0,0.0
2023-02-28 00:00:00-05:00,15.09739432597788,15.12635326385498,15.078087753667788,15.12635326385498,6200,0.0,0.0
2023-03-01 00:00:00-05:00,15.010519027709961,15.010519027709961,15.010519027709961,15.010519027709961,200,0.0,0.0
2023-03-02 00:00:00-05:00,15.010519271459398,15.045270555468592,15.000865983581031,15.016310691833496,800,0.0,0.0
2023-03-03 00:00:00-05:00,15.000866282424594,15.000866282424594,14.759539604187012,14.759539604187012,4600,0.0,0.0
2023-03-06 00:00:00-05:00,14.759539604187012,14.759539604187012,14.759539604187012,14.759539604187012,400,0.0,0.0
2023-03-07 00:00:00-05:00,14.759539604187012,14.759539604187012,14.759539604187012,14.759539604187012,200,0.0,0.0
2023-03-08 00:00:00-05:00,14.759539604187012,14.759539604187012,14.759539604187012,14.759539604187012,100,0.0,0.0
2023-03-09 00:00:00-05:00,14.701545140583837,14.911291057721865,14.701545140583837,14.800135612487793,3000,0.02,0.0
2023-03-10 00:00:00-05:00,14.691879681529228,14.691879681529228,14.31491756439209,14.31491756439209,3000,0.0,0.0
2023-03-13 00:00:00-04:00,14.31491756439209,14.31491756439209,14.31491756439209,14.31491756439209,0,0.0,0.0
2023-03-14 00:00:00-04:00,12.898892604188925,13.251690862263066,11.743839421837013,11.985482215881348,2900,0.0,0.0
2023-03-15 00:00:00-04:00,12.15946272728511,13.940853422979867,11.79699861358195,12.594419479370117,14800,0.0,0.0
2023-03-16 00:00:00-04:00,13.0487077712836,13.821964712459184,12.575088228963839,13.483664512634277,1900,0.0,0.0
2023-03-17 00:00:00-04:00,12.952047915639758,13.290348052978516,12.952047915639758,13.290348052978516,1400,0.0,0.0
2023-03-20 00:00:00-04:00,12.700743139056732,13.386041616922912,12.700743139056732,13.11153507232666,700,0.0,0.0
2023-03-21 00:00:00-04:00,13.883825529696658,13.883825529696658,13.068039775101507,13.449834823608398,1500,0.0,0.0
2023-03-22 00:00:00-04:00,13.580320957167578,13.628649685201818,13.135698318481445,13.135698318481445,1300,0.0,0.0
2023-03-23 00:00:00-04:00,13.15019702911377,13.15019702911377,13.15019702911377,13.15019702911377,400,0.0,0.0
2023-03-24 00:00:00-04:00,13.241056989326495,13.618019104003906,13.155031488548504,13.618019104003906,1200,0.0,0.0
2023-03-27 00:00:00-04:00,13.203361821424766,13.576457977294922,13.203361821424766,13.576457977294922,1100,0.0,0.0
2023-03-28 00:00:00-04:00,13.338678911165847,13.338678911165847,13.20335865020752,13.20335865020752,800,0.0,0.0
2023-03-29 00:00:00-04:00,13.20335865020752,13.20335865020752,13.20335865020752,13.20335865020752,800,0.0,0.0
2023-03-30 00:00:00-04:00,13.20335865020752,13.20335865020752,13.20335865020752,13.20335865020752,100,0.0,0.0
2023-03-31 00:00:00-04:00,13.20335865020752,13.396672650295226,13.068039311043057,13.20335865020752,3200,0.0,0.0
2023-04-03 00:00:00-04:00,13.560989379882812,13.560989379882812,13.560989379882812,13.560989379882812,500,0.0,0.0
2023-04-04 00:00:00-04:00,13.20335865020752,13.20335865020752,13.20335865020752,13.20335865020752,800,0.0,0.0
2023-04-05 00:00:00-04:00,13.20335865020752,13.20335865020752,13.20335865020752,13.20335865020752,0,0.0,0.0
2023-04-06 00:00:00-04:00,13.20335865020752,13.20335865020752,13.20335865020752,13.20335865020752,0,0.0,0.0
2023-04-10 00:00:00-04:00,13.048709488024642,13.048709488024642,12.913389205932617,12.913389205932617,1400,0.0,0.0
2023-04-11 00:00:00-04:00,12.778068698748728,12.778068698748728,12.671745300292969,12.671745300292969,700,0.0,0.0
2023-04-12 00:00:00-04:00,12.671745300292969,12.671745300292969,12.671745300292969,12.671745300292969,0,0.0,0.0
2023-04-13 00:00:00-04:00,12.565421104431152,12.700741355863101,12.565421104431152,12.565421104431152,4700,0.0,0.0
2023-04-14 00:00:00-04:00,12.38177590692175,12.38177590692175,11.115567389954911,11.357210159301758,41900,0.0,0.0
2023-04-17 00:00:00-04:00,11.31854484946564,11.637513160705566,11.217054429456313,11.637513160705566,500,0.0,0.0
2023-04-18 00:00:00-04:00,11.221889389935136,11.285683063527307,11.183226585388184,11.183226585388184,11100,0.0,0.0
2023-04-19 00:00:00-04:00,10.855557317315666,11.637513160705566,10.855557317315666,11.637513160705566,300,0.0,0.0
2023-04-20 00:00:00-04:00,10.846858886830764,11.515725411886073,10.846858886830764,11.17356014251709,4300,0.0,0.0
2023-04-21 00:00:00-04:00,11.33304430604266,11.502193478119894,11.17356014251709,11.17356014251709,1900,0.0,0.0
2023-04-24 00:00:00-04:00,11.16389527213053,11.235420951173111,11.09623467508173,11.212224006652832,6700,0.0,0.0
2023-04-25 00:00:00-04:00,10.825593825788133,11.249918573514103,9.076101024281442,9.472394943237305,32500,0.0,0.0
2023-04-26 00:00:00-04:00,9.7816991684495,11.20255890681123,9.747869328311316,10.82559585571289,9200,0.0,0.0
2023-04-27 00:00:00-04:00,10.728938476684938,10.728938476684938,9.665710007177804,9.675375938415527,32600,0.0,0.0
2023-04-28 00:00:00-04:00,9.733369747895223,10.206990242004395,9.733369747895223,10.206990242004395,1000,0.0,0.0
2023-05-01 00:00:00-04:00,10.245653543784409,10.293981359061796,9.953749041154317,10.033973693847656,3300,0.0,0.0
2023-05-02 00:00:00-04:00,9.984677724124097,9.984677724124097,9.066435516617023,9.462729454040527,23900,0.0,0.0
2023-05-03 00:00:00-04:00,9.375738677254583,9.907352920777019,9.375738677254583,9.569052696228027,11600,0.0,0.0
2023-05-04 00:00:00-04:00,9.424065361229685,9.482060015195735,9.424065361229685,9.474327087402344,1400,0.0,0.0
2023-05-05 00:00:00-04:00,9.444365591439418,9.859024473844329,9.443399551347829,9.66571044921875,6800,0.0,0.0
2023-05-08 00:00:00-04:00,9.733369126252224,9.907352191417004,9.675375385726554,9.902519226074219,19600,0.0,0.0
2023-05-09 00:00:00-04:00,9.907352782368244,10.105499764272095,9.820361244597004,9.859024047851562,5800,0.0,0.0
2023-05-10 00:00:00-04:00,10.35197482186774,10.603283487925438,10.139328956604004,10.139328956604004,900,0.0,0.0
2023-05-11 00:00:00-04:00,10.284315009484908,10.511458845801256,10.139328817156155,10.355840682983398,4300,0.0,0.0
2023-05-12 00:00:00-04:00,10.390638147081647,10.390638147081647,10.148995399475098,10.148995399475098,600,0.0,0.0
2023-05-15 00:00:00-04:00,10.173158645629883,10.173158645629883,10.173158645629883,10.173158645629883,1000,0.0,0.0
2023-05-16 00:00:00-04:00,9.908319920807482,10.072636146222495,9.908319920807482,9.91701889038086,1600,0.0,0.0
2023-05-17 00:00:00-04:00,10.584917951008386,10.584917951008386,10.260149706460973,10.419633865356445,2400,0.0,0.0
2023-05-18 00:00:00-04:00,10.460229263698258,10.96091354466138,10.395469562697299,10.922250747680664,5000,0.0,0.0
2023-05-19 00:00:00-04:00,10.931915625576833,11.076900869856534,10.931915625576833,10.975410461425781,3700,0.0,0.0
2023-05-22 00:00:00-04:00,11.028576175681069,11.308881759643555,11.028576175681069,11.308881759643555,900,0.0,0.0
2023-05-23 00:00:00-04:00,11.502195729893435,11.502195729893435,11.405539172897493,11.45386791229248,1000,0.0,0.0
2023-05-24 00:00:00-04:00,11.502195452192261,11.502195452192261,11.308881421073586,11.357210159301758,3300,0.0,0.0
2023-05-25 00:00:00-04:00,11.357210159301758,11.357210159301758,11.357210159301758,11.357210159301758,0,0.0,0.0
2023-05-26 00:00:00-04:00,11.453866592569463,11.608517803379168,11.453866592569463,11.50219440460205,20700,0.0,0.0
2023-05-30 00:00:00-04:00,11.50219498470627,11.531192779541016,11.50219498470627,11.531192779541016,1900,0.0,0.0
2023-05-31 00:00:00-04:00,11.531192779541016,11.531192779541016,11.531192779541016,11.531192779541016,0,0.0,0.0
2023-06-01 00:00:00-04:00,11.429701805114746,11.429701805114746,11.429701805114746,11.429701805114746,700,0.0,0.0
2023-06-02 00:00:00-04:00,11.357210159301758,11.357210159301758,11.357210159301758,11.357210159301758,1000,0.0,0.0
2023-06-05 00:00:00-04:00,11.439368737751446,11.439368737751446,11.357210159301758,11.357210159301758,400,0.0,0.0
2023-06-06 00:00:00-04:00,11.405537899013135,11.453866633010287,11.405537899013135,11.429701805114746,2800,0.0,0.0
2023-06-07 00:00:00-04:00,11.453866438065967,11.743836993525731,11.381372877407111,11.60851764678955,45700,0.0,0.0
2023-06-08 00:00:00-04:00,11.618207258758959,11.618207258758959,11.356580047903748,11.375959396362305,600,0.03,0.0
2023-06-09 00:00:00-04:00,11.356578442930026,11.414717404191443,11.356578442930026,11.39533805847168,1900,0.0,0.0
2023-06-12 00:00:00-04:00,11.434097121551622,11.552313804626465,11.434097121551622,11.552313804626465,500,0.0,0.0
2023-06-13 00:00:00-04:00,11.627897262573242,11.716075099054553,11.627897262573242,11.627897262573242,2200,0.0,0.0
2023-06-14 00:00:00-04:00,11.62789804581573,11.734486778558876,11.550378799438477,11.550378799438477,12100,0.0,0.0
2023-06-15 00:00:00-04:00,11.647277207706427,11.734485658479892,11.530997425137365,11.540687561035156,1800,0.0,0.0
2023-06-16 00:00:00-04:00,11.69960507338592,11.773247718811035,11.69960507338592,11.773247718811035,7400,0.0,0.0
2023-06-20 00:00:00-04:00,11.627897262573242,11.740300439479597,11.627897262573242,11.627897262573242,1600,0.0,0.0
2023-06-21 00:00:00-04:00,11.627897262573242,11.627897262573242,11.627897262573242,11.627897262573242,0,0.0,0.0
2023-06-22 00:00:00-04:00,11.627897262573242,11.627897262573242,11.627897262573242,11.627897262573242,200,0.0,0.0
2023-06-23 00:00:00-04:00,11.618207908992996,11.618207908992996,11.461231573694404,11.550378799438477,1200,0.0,0.0
2023-06-26 00:00:00-04:00,11.540687561035156,11.540687561035156,11.540687561035156,11.540687561035156,300,0.0,0.0
2023-06-27 00:00:00-04:00,11.647277534913275,11.67634701932108,11.627897262573242,11.627897262573242,3500,0.0,0.0
2023-06-28 00:00:00-04:00,11.598827362060547,11.598827362060547,11.598827362060547,11.598827362060547,200,0.0,0.0
2023-06-29 00:00:00-04:00,11.64727783203125,11.64727783203125,11.64727783203125,11.64727783203125,600,0.0,0.0
2023-06-30 00:00:00-04:00,11.7732466470043,11.7732466470043,11.763557434082031,11.763557434082031,17600,0.0,0.0
2023-07-03 00:00:00-04:00,11.763557434082031,11.763557434082031,11.763557434082031,11.763557434082031,0,0.0,0.0
2023-07-05 00:00:00-04:00,11.763558505006687,11.773247718811035,11.753868367099924,11.773247718811035,1700,0.0,0.0
2023-07-06 00:00:00-04:00,11.773246497377094,11.819758415222168,11.773246497377094,11.819758415222168,1200,0.0,0.0
2023-07-07 00:00:00-04:00,11.860455808774095,11.918595705724988,11.860455808774095,11.879836082458496,7000,0.0,0.0
2023-07-10 00:00:00-04:00,12.10270249967686,12.193787559225626,11.996113777160645,11.996113777160645,800,0.0,0.0
2023-07-11 00:00:00-04:00,11.967044297763097,11.967044297763097,11.845920371365098,11.898245811462402,10000,0.0,0.0
2023-07-12 00:00:00-04:00,11.908904075622559,11.908904075622559,11.870144457216144,11.908904075622559,2800,0.0,0.0
2023-07-13 00:00:00-04:00,11.908905201961394,11.986424446105957,11.879835716432755,11.986424446105957,700,0.0,0.0
2023-07-14 00:00:00-04:00,11.996112909511536,12.059096940056044,11.91859367617884,11.937973022460938,13100,0.0,0.0
2023-07-17 00:00:00-04:00,11.78293514251709,11.831384896788078,11.78293514251709,11.78293514251709,4600,0.0,0.0
2023-07-18 00:00:00-04:00,11.802314775223666,12.091073594705493,11.802314775223666,12.063941955566406,1500,0.0,0.0
2023-07-19 00:00:00-04:00,12.015493862536822,12.112393379211426,12.015493862536822,12.112393379211426,700,0.0,0.0
2023-07-20 00:00:00-04:00,12.102703622547555,12.102703622547555,12.01549423962394,12.039719581604004,4200,0.0,0.0
2023-07-21 00:00:00-04:00,12.015494621291051,12.063944382687858,11.967045783996582,11.967045783996582,7500,0.0,0.0
2023-07-24 00:00:00-04:00,12.025182651341614,12.025182651341614,11.879834316721428,11.921501159667969,2600,0.0,0.0
2023-07-25 00:00:00-04:00,12.020339124567295,12.020339124567295,11.928285598754883,11.928285598754883,20600,0.0,0.0
2023-07-26 00:00:00-04:00,11.928285598754883,11.928285598754883,11.928285598754883,11.928285598754883,0,0.0,0.0
2023-07-27 00:00:00-04:00,12.063941955566406,12.087197910286239,12.063941955566406,12.063941955566406,1400,0.0,0.0
2023-07-28 00:00:00-04:00,12.063941955566406,12.112391707215698,12.020337271492258,12.063941955566406,11600,0.0,0.0
2023-07-31 00:00:00-04:00,12.10270157206541,12.10270157206541,12.063941955566406,12.063941955566406,400,0.0,0.0
2023-08-01 00:00:00-04:00,12.063941955566406,12.063941955566406,12.063941955566406,12.063941955566406,100,0.0,0.0
2023-08-02 00:00:00-04:00,12.063941955566406,12.063941955566406,12.063941955566406,12.063941955566406,100,0.0,0.0
2023-08-03 00:00:00-04:00,11.967045028301799,12.112393379211426,11.967045028301799,12.112393379211426,6000,0.0,0.0
2023-08-04 00:00:00-04:00,12.160841941833496,12.188942965244506,12.160841941833496,12.160841941833496,5800,0.0,0.0
2023-08-07 00:00:00-04:00,12.189912796020508,12.189912796020508,12.189912796020508,12.189912796020508,200,0.0,0.0
2023-08-08 00:00:00-04:00,12.115299224853516,12.115299224853516,12.115299224853516,12.115299224853516,200,0.0,0.0
2023-08-09 00:00:00-04:00,12.160843530649787,12.160843530649787,12.073634147644043,12.073634147644043,4400,0.0,0.0
2023-08-10 00:00:00-04:00,12.199602406412096,12.348827362060547,12.199602406412096,12.348827362060547,1700,0.0,0.0
2023-08-11 00:00:00-04:00,12.35464075695096,12.35464075695096,12.122083035075246,12.2092924118042,17900,0.0,0.0
2023-08-14 00:00:00-04:00,12.025182755880312,12.093011856079102,12.025182755880312,12.093011856079102,300,0.0,0.0
2023-08-15 00:00:00-04:00,12.112393204986073,12.112393204986073,12.034873962402344,12.034873962402344,1500,0.0,0.0
2023-08-16 00:00:00-04:00,12.068787409468978,12.068787409468978,11.991268173989543,12.025182723999023,4400,0.0,0.0
2023-08-17 00:00:00-04:00,12.025185655783714,12.025185655783714,11.782937754824003,11.831387519836426,9100,0.0,0.0
2023-08-18 00:00:00-04:00,11.821694733677054,12.02518296186118,11.782935115170659,11.976733207702637,29300,0.0,0.0
2023-08-21 00:00:00-04:00,11.937975055307078,12.005805089100171,11.879836082458496,11.879836082458496,10800,0.0,0.0
2023-08-22 00:00:00-04:00,11.918596022599777,11.967045783996582,11.918596022599777,11.967045783996582,1400,0.0,0.0
2023-08-23 00:00:00-04:00,11.95735415769091,11.996113777160645,11.942818953851427,11.996113777160645,2400,0.0,0.0
2023-08-24 00:00:00-04:00,11.9670442935839,12.025183260737391,11.95735415769091,11.996113777160645,13100,0.0,0.0
2023-08-25 00:00:00-04:00,12.067818564087812,12.067818564087812,12.063941955566406,12.063941955566406,7800,0.0,0.0
2023-08-28 00:00:00-04:00,11.99708366394043,11.99708366394043,11.99708366394043,11.99708366394043,600,0.0,0.0
2023-08-29 00:00:00-04:00,12.015495300292969,12.13177510385727,12.015495300292969,12.015495300292969,2200,0.0,0.0
2023-08-30 00:00:00-04:00,12.13177236585988,12.233516015888322,12.025182723999023,12.025182723999023,2000,0.0,0.0
2023-08-31 00:00:00-04:00,12.08332372004274,12.093012932289009,12.034873962402344,12.034873962402344,600,0.0,0.0
2023-09-01 00:00:00-04:00,12.122082472395096,12.248051463589468,12.112392336741175,12.1705322265625,6300,0.0,0.0
2023-09-05 00:00:00-04:00,12.083322225866983,12.083322225866983,12.063941955566406,12.063941955566406,1200,0.0,0.0
2023-09-06 00:00:00-04:00,12.054253310997144,12.194757515744069,12.034873962402344,12.034873962402344,1200,0.0,0.0
2023-09-07 00:00:00-04:00,12.141722337340557,12.141722337340557,12.06401538848877,12.06401538848877,2800,0.03,0.0
2023-09-08 00:00:00-04:00,12.093155163206934,12.573967252648162,12.044588088989258,12.044588088989258,28800,0.0,0.0
2023-09-11 00:00:00-04:00,11.928028313021699,11.928028313021699,11.753188133239746,11.753188133239746,1600,0.0,0.0
2023-09-12 00:00:00-04:00,11.76290044794367,12.027104633909328,11.76290044794367,11.99602222442627,1800,0.0,0.0
2023-09-13 00:00:00-04:00,11.94162633629093,12.044588088989258,11.879460592453091,12.044588088989258,6100,0.0,0.0
2023-09-14 00:00:00-04:00,11.882373150513386,12.21942742996836,11.87945888563067,12.083439826965332,17900,0.0,0.0
2023-09-15 00:00:00-04:00,12.17086032641377,12.491401672363281,12.05429992119029,12.491401672363281,10900,0.0,0.0
2023-09-18 00:00:00-04:00,12.355415344238281,12.394268813740863,12.267994806272526,12.355415344238281,1600,0.0,0.0
2023-09-19 00:00:00-04:00,12.355415344238281,12.355415344238281,12.355415344238281,12.355415344238281,100,0.0,0.0
2023-09-20 00:00:00-04:00,12.14172077171108,12.14172077171108,12.025160363463428,12.034873962402344,6300,0.0,0.0
2023-09-21 00:00:00-04:00,12.14172077178955,12.14172077178955,12.14172077178955,12.14172077178955,1100,0.0,0.0
2023-09-22 00:00:00-04:00,12.423408508300781,12.423408508300781,12.423408508300781,12.423408508300781,500,0.0,0.0
2023-09-25 00:00:00-04:00,12.326274976608765,12.326274976608765,12.238855361938477,12.238855361938477,900,0.0,0.0
2023-09-26 00:00:00-04:00,12.190287590026855,12.190287590026855,12.190287590026855,12.190287590026855,400,0.0,0.0
2023-09-27 00:00:00-04:00,12.258280158706544,12.335987091064453,12.244681491860895,12.335987091064453,800,0.0,0.0
2023-09-28 00:00:00-04:00,12.471976364470343,12.54482650756836,12.471976364470343,12.54482650756836,1400,0.0,0.0
2023-09-29 00:00:00-04:00,12.530254816871464,12.530254816871464,12.481688677371903,12.52054214477539,8300,0.0,0.0
2023-10-02 00:00:00-04:00,12.384554155373072,12.384554155373072,12.335987091064453,12.335987091064453,4200,0.0,0.0
2023-10-03 00:00:00-04:00,12.335988575907624,12.335988575907624,12.141721221629515,12.238855361938477,5000,0.0,0.0
2023-10-04 00:00:00-04:00,12.238854908499778,12.238854908499778,12.14172077178955,12.14172077178955,1400,0.0,0.0
2023-10-05 00:00:00-04:00,12.23885434310718,12.53025488709661,12.23885434310718,12.433121681213379,1200,0.0,0.0
2023-10-06 00:00:00-04:00,12.447691152609007,12.462261550344374,12.433121681213379,12.433121681213379,6500,0.0,0.0
2023-10-09 00:00:00-04:00,12.33598739312956,12.384554458627418,12.164060592651367,12.164060592651367,3200,0.0,0.0
2023-10-10 00:00:00-04:00,12.335987091064453,12.335987091064453,12.335987091064453,12.335987091064453,1100,0.0,0.0
2023-10-11 00:00:00-04:00,12.238853888786918,12.355414287323782,12.238853888786918,12.335987091064453,800,0.0,0.0
2023-10-12 00:00:00-04:00,12.335989512966252,12.452549934387207,12.335989512966252,12.452549934387207,1700,0.0,0.0
2023-10-13 00:00:00-04:00,12.4379784804585,12.4379784804585,12.433121681213379,12.433121681213379,6900,0.0,0.0
2023-10-16 00:00:00-04:00,12.23885434310718,12.442835279703623,12.23885434310718,12.433121681213379,900,0.0,0.0
2023-10-17 00:00:00-04:00,12.345700689194118,12.345700689194118,12.335987091064453,12.335987091064453,2300,0.0,0.0
2023-10-18 00:00:00-04:00,12.335987091064453,12.335987091064453,12.335987091064453,12.335987091064453,0,0.0,0.0
2023-10-19 00:00:00-04:00,12.433121219681693,12.433121219681693,12.335987091064453,12.335987091064453,4700,0.0,0.0
2023-10-20 00:00:00-04:00,12.384554155373072,12.394267753502737,12.326273492934789,12.335987091064453,12300,0.0,0.0
2023-10-23 00:00:00-04:00,12.287421226501465,12.287421226501465,12.287421226501465,12.287421226501465,1000,0.0,0.0
2023-10-24 00:00:00-04:00,12.238854585199082,12.277708053588867,12.238854585199082,12.277708053588867,500,0.0,0.0
2023-10-25 00:00:00-04:00,12.1902868244783,12.335987091064453,12.1902868244783,12.335987091064453,1300,0.0,0.0
2023-10-26 00:00:00-04:00,12.238853888786918,12.335987091064453,12.238853888786918,12.335987091064453,6600,0.0,0.0
2023-10-27 00:00:00-04:00,12.287420798404344,12.33598786576297,12.190287590026855,12.190287590026855,11500,0.0,0.0
2023-10-30 00:00:00-04:00,12.161147117614746,12.161147117614746,12.142691651459653,12.161147117614746,1200,0.0,0.0
2023-10-31 00:00:00-04:00,12.161148420227233,12.238855361938477,12.161148420227233,12.238855361938477,1800,0.0,0.0
2023-11-01 00:00:00-04:00,12.238855361938477,12.238855361938477,12.238855361938477,12.238855361938477,1100,0.0,0.0
2023-11-02 00:00:00-04:00,12.326273492934789,12.335987091064453,12.326273492934789,12.335987091064453,200,0.0,0.0
2023-11-03 00:00:00-04:00,12.335989874461868,12.335989874461868,12.263139724731445,12.263139724731445,14400,0.0,0.0
2023-11-06 00:00:00-05:00,12.263139724731445,12.263139724731445,12.263139724731445,12.263139724731445,100,0.0,0.0
2023-11-07 00:00:00-05:00,12.190288369479722,12.190288369479722,12.151434898376465,12.151434898376465,700,0.0,0.0
2023-11-08 00:00:00-05:00,12.151434898376465,12.151434898376465,12.151434898376465,12.151434898376465,0,0.0,0.0
2023-11-09 00:00:00-05:00,12.151434898376465,12.151434898376465,12.151434898376465,12.151434898376465,300,0.0,0.0
2023-11-10 00:00:00-05:00,12.277708911047007,12.287421584067955,12.151434898376465,12.151434898376465,4500,0.0,0.0
2023-11-13 00:00:00-05:00,12.16114695642901,12.335987091064453,12.16114695642901,12.335987091064453,7800,0.0,0.0
2023-11-14 00:00:00-05:00,12.335987091064453,12.335987091064453,12.335987091064453,12.335987091064453,300,0.0,0.0
2023-11-15 00:00:00-05:00,12.330161300827504,12.331132104979382,12.209714889526367,12.209714889526367,600,0.0,0.0
2023-11-16 00:00:00-05:00,12.335987091064453,12.335987091064453,12.229140290657254,12.335987091064453,2200,0.0,0.0
2023-11-17 00:00:00-05:00,12.326273492934789,12.335987091064453,12.326273492934789,12.335987091064453,2900,0.0,0.0
2023-11-20 00:00:00-05:00,12.335987091064453,12.335987091064453,12.335987091064453,12.335987091064453,0,0.0,0.0
2023-11-21 00:00:00-05:00,12.335987091064453,12.335987091064453,12.335987091064453,12.335987091064453,0,0.0,0.0
2023-11-22 00:00:00-05:00,12.238855361938477,12.238855361938477,12.238855361938477,12.238855361938477,1500,0.0,0.0
2023-11-24 00:00:00-05:00,12.238855361938477,12.238855361938477,12.238855361938477,12.238855361938477,0,0.0,0.0
2023-11-27 00:00:00-05:00,12.209714889526367,12.209714889526367,12.209714889526367,12.209714889526367,800,0.0,0.0
2023-11-28 00:00:00-05:00,12.209714889526367,12.209714889526367,12.209714889526367,12.209714889526367,0,0.0,0.0
2023-11-29 00:00:00-05:00,11.772612006898932,11.772612006898932,11.442357063293457,11.442357063293457,600,0.0,0.0
2023-11-30 00:00:00-05:00,11.442357063293457,11.442357063293457,11.442357063293457,11.442357063293457,400,0.0,0.0
2023-12-01 00:00:00-05:00,12.141720743135265,12.141720743135265,11.714332580566406,11.714332580566406,1900,0.0,0.0
2023-12-04 00:00:00-05:00,12.025160335161939,12.025160335161939,11.714332580566406,11.714332580566406,3600,0.0,0.0
2023-12-05 00:00:00-05:00,11.714332580566406,11.714332580566406,11.714332580566406,11.714332580566406,1200,0.0,0.0
2023-12-06 00:00:00-05:00,11.665765323843434,11.80175200111197,11.656051725084321,11.728901863098145,5900,0.0,0.0
2023-12-07 00:00:00-05:00,12.02589849224755,12.02589849224755,11.685083194288673,11.782459259033203,900,0.03,0.0
2023-12-08 00:00:00-05:00,12.050241308202931,12.171960917376698,11.831145640231382,11.850621223449707,10500,0.0,0.0
2023-12-11 00:00:00-05:00,12.171962515810193,12.171962515810193,11.782460086763084,11.831147193908691,1700,0.0,0.0
2023-12-12 00:00:00-05:00,11.831147193908691,12.171962515810193,11.831147193908691,11.831147193908691,3400,0.0,0.0
2023-12-13 00:00:00-05:00,11.928523872105755,12.249863624572754,11.928523872105755,12.249863624572754,1300,0.0,0.0
2023-12-14 00:00:00-05:00,12.025898570466353,12.279074668884277,12.025898570466353,12.279074668884277,1400,0.0,0.0
2023-12-15 00:00:00-05:00,12.181700377873735,12.327763557434082,12.074586512792237,12.327763557434082,7000,0.0,0.0
2023-12-18 00:00:00-05:00,12.21285964136904,12.658840508347986,12.181699819754765,12.322894096374512,34700,0.0,0.0
2023-12-19 00:00:00-05:00,12.318024909306034,12.318024909306034,12.279074668884277,12.279074668884277,4000,0.0,0.0
2023-12-20 00:00:00-05:00,12.366712917466952,13.204144477844238,12.318024884874578,13.204144477844238,25900,0.0,0.0
2023-12-21 00:00:00-05:00,14.645303999312455,14.645303999312455,13.978280102345161,14.606353759765625,5200,0.0,0.0
2023-12-22 00:00:00-05:00,14.411602973937988,14.411602973937988,14.411602973937988,14.411602973937988,200,0.0,0.0
2023-12-26 00:00:00-05:00,14.411602408170937,14.557665572750414,13.165193827332274,13.671546936035156,5000,0.0,0.0
2023-12-27 00:00:00-05:00,13.729972839355469,13.729972839355469,13.729972839355469,13.729972839355469,1000,0.0,0.0
2023-12-28 00:00:00-05:00,13.729972839355469,13.729972839355469,13.729972839355469,13.729972839355469,0,0.0,0.0
2023-12-29 00:00:00-05:00,13.744579315185547,13.744579315185547,13.744579315185547,13.744579315185547,700,0.0,0.0
2024-01-02 00:00:00-05:00,13.744579315185547,13.744579315185547,13.744579315185547,13.744579315185547,0,0.0,0.0
2024-01-03 00:00:00-05:00,14.275278091430664,14.275278091430664,14.275278091430664,14.275278091430664,400,0.0,0.0
2024-01-04 00:00:00-05:00,13.009391465751243,14.294751167297363,13.009391465751243,14.294751167297363,1600,0.0,0.0
2024-01-05 00:00:00-05:00,13.87603759765625,13.87603759765625,13.87603759765625,13.87603759765625,400,0.0,0.0
2024-01-08 00:00:00-05:00,13.87603759765625,13.87603759765625,13.87603759765625,13.87603759765625,0,0.0,0.0
2024-01-09 00:00:00-05:00,13.87603759765625,13.87603759765625,13.87603759765625,13.87603759765625,0,0.0,0.0
2024-01-10 00:00:00-05:00,13.632596015930176,13.632596015930176,13.632596015930176,13.632596015930176,300,0.0,0.0
2024-01-11 00:00:00-05:00,13.194406509399414,13.194406509399414,13.194406509399414,13.194406509399414,600,0.0,0.0
2024-01-12 00:00:00-05:00,13.8468273069422,13.875065611287132,13.447587013244629,13.447587013244629,1400,0.0,0.0
2024-01-16 00:00:00-05:00,13.778659942068742,13.778659942068742,13.729972839355469,13.729972839355469,20300,0.0,0.0
2024-01-17 00:00:00-05:00,13.642336200108296,14.100001335144043,13.642336200108296,14.100001335144043,900,0.0,0.0
2024-01-18 00:00:00-05:00,14.100002637577086,14.119478225708008,14.100002637577086,14.119478225708008,1800,0.0,0.0
2024-01-19 00:00:00-05:00,14.119476508399362,14.119476508399362,13.9393310546875,13.9393310546875,1400,0.0,0.0
2024-01-22 00:00:00-05:00,14.216851835963732,14.216851835963732,14.197376251220703,14.197376251220703,1900,0.0,0.0
2024-01-23 00:00:00-05:00,14.197376251220703,14.197376251220703,14.197376251220703,14.197376251220703,600,0.0,0.0
2024-01-24 00:00:00-05:00,14.801106176617527,14.840056419372559,14.801106176617527,14.840056419372559,500,0.0,0.0
2024-01-25 00:00:00-05:00,14.606353759765625,14.606353759765625,14.606353759765625,14.606353759765625,400,0.0,0.0
2024-01-26 00:00:00-05:00,13.729972905638473,14.606353759765625,13.729972905638473,14.606353759765625,500,0.0,0.0
2024-01-29 00:00:00-05:00,13.729972839355469,14.719309661986381,13.729972839355469,13.729972839355469,2600,0.0,0.0
2024-01-30 00:00:00-05:00,13.729972629446944,14.28988265991211,13.729972629446944,14.28988265991211,1000,0.0,0.0
2024-01-31 00:00:00-05:00,13.7494478225708,13.7494478225708,13.7494478225708,13.7494478225708,200,0.0,0.0
2024-02-01 00:00:00-05:00,13.88577486264603,13.88577486264603,13.681285858154297,13.681285858154297,4400,0.0,0.0
2024-02-02 00:00:00-05:00,13.861429214477539,13.861429214477539,13.861429214477539,13.861429214477539,300,0.0,0.0
2024-02-05 00:00:00-05:00,13.861429214477539,13.861429214477539,13.861429214477539,13.861429214477539,0,0.0,0.0
2024-02-06 00:00:00-05:00,14.04157543182373,14.04157543182373,14.04157543182373,14.04157543182373,300,0.0,0.0
2024-02-07 00:00:00-05:00,13.6812845978354,14.017230987548828,13.6812845978354,14.017230987548828,700,0.0,0.0
2024-02-08 00:00:00-05:00,13.681285858154297,13.681285858154297,13.681285858154297,13.681285858154297,300,0.0,0.0
2024-02-09 00:00:00-05:00,13.718287467956543,13.718287467956543,13.718287467956543,13.718287467956543,400,0.0,0.0
2024-02-12 00:00:00-05:00,13.958805702752953,14.041575079387956,13.958805702752953,14.022099494934082,900,0.0,0.0
2024-02-13 00:00:00-05:00,14.02209987702421,14.314227151263674,14.02209987702421,14.043522834777832,800,0.0,0.0
2024-02-14 00:00:00-05:00,13.681286040062291,14.087342530890659,13.681286040062291,14.074684143066406,1200,0.0,0.0
2024-02-15 00:00:00-05:00,13.70076088451221,13.894538879394531,13.70076088451221,13.894538879394531,400,0.0,0.0
2024-02-16 00:00:00-05:00,13.894538879394531,13.894538879394531,13.894538879394531,13.894538879394531,0,0.0,0.0
2024-02-20 00:00:00-05:00,13.894538879394531,13.894538879394531,13.894538879394531,13.894538879394531,0,0.0,0.0
2024-02-21 00:00:00-05:00,13.681285858154297,13.710498307753964,13.681285858154297,13.681285858154297,4500,0.0,0.0
2024-02-22 00:00:00-05:00,13.681285858154297,13.681285858154297,13.681285858154297,13.681285858154297,0,0.0,0.0
2024-02-23 00:00:00-05:00,13.710498637388746,13.729974223354786,13.58391011455064,13.67252254486084,3900,0.0,0.0
2024-02-26 00:00:00-05:00,13.622859103598866,13.622859103598866,13.301519393920898,13.301519393920898,2300,0.0,0.0
2024-02-27 00:00:00-05:00,13.301519293898062,13.622859001159668,13.246014993798884,13.622859001159668,900,0.0,0.0
2024-02-28 00:00:00-05:00,13.389158248901367,13.622859697279637,13.389158248901367,13.389158248901367,800,0.0,0.0
2024-02-29 00:00:00-05:00,13.135980643038677,13.319047605405947,13.135980643038677,13.301519393920898,1100,0.0,0.0
2024-03-01 00:00:00-05:00,13.52353707319774,13.52353707319774,13.381368637084961,13.381368637084961,800,0.0,0.0
2024-03-04 00:00:00-05:00,13.301519393920898,13.301519393920898,13.301519393920898,13.301519393920898,2600,0.0,0.0
2024-03-05 00:00:00-05:00,13.0337381621991,13.2820463180542,12.76595441985478,13.2820463180542,1200,0.0,0.0
2024-03-06 00:00:00-05:00,12.950967284757148,13.0970304520092,12.921754837036133,12.921754837036133,2200,0.0,0.0
2024-03-07 00:00:00-05:00,13.033736556714931,13.145718379292896,12.950967181625357,13.053211212158203,3400,0.0,0.0
2024-03-08 00:00:00-05:00,12.960706874149086,13.135982513427734,12.960706874149086,13.135982513427734,300,0.0,0.0
2024-03-11 00:00:00-04:00,13.145718895395147,13.574171547084827,12.999655723571777,12.999655723571777,7200,0.0,0.0
2024-03-12 00:00:00-04:00,12.999655406265784,13.194406606825632,12.999655406265784,13.145718574523926,700,0.0,0.0
2024-03-13 00:00:00-04:00,13.350815606687757,13.350815606687757,13.24338436126709,13.24338436126709,1000,0.04,0.0
2024-03-14 00:00:00-04:00,13.360582645115908,13.663343858001113,13.223851203918457,13.223851203918457,2200,0.0,0.0
2024-03-15 00:00:00-04:00,13.282449816573898,13.868439674377441,13.214083634608471,13.868439674377441,13700,0.0,0.0
2024-03-18 00:00:00-04:00,13.331282615661621,13.331282615661621,13.331282615661621,13.331282615661621,500,0.0,0.0
2024-03-19 00:00:00-04:00,13.842070875980848,13.842070875980848,13.438714027404785,13.438714027404785,1200,0.0,0.0
2024-03-20 00:00:00-04:00,13.808864889386927,13.819607734680176,13.808864889386927,13.819607734680176,1100,0.0,0.0
2024-03-21 00:00:00-04:00,13.81960749146571,14.249334335327148,13.81960749146571,14.249334335327148,900,0.0,0.0
2024-03-22 00:00:00-04:00,14.132136344909668,14.249334320915146,14.132136344909668,14.132136344909668,10100,0.0,0.0
2024-03-25 00:00:00-04:00,14.249334335327148,14.249334335327148,14.249334335327148,14.249334335327148,300,0.0,0.0
2024-03-26 00:00:00-04:00,14.102837574989563,14.249335758329584,14.06377157904692,14.161437034606934,5200,0.0,0.0
2024-03-27 00:00:00-04:00,14.239568221008822,14.239568221008822,14.137996451022154,14.1516695022583,1700,0.0,0.0
2024-03-28 00:00:00-04:00,14.249334335327148,14.249334335327148,14.249334335327148,14.249334335327148,400,0.0,0.0
2024-04-01 00:00:00-04:00,14.22980165842516,14.22980165842516,14.200502395629883,14.200502395629883,1000,0.0,0.0
2024-04-02 00:00:00-04:00,14.249334331356412,14.30793285369873,14.063770170656726,14.30793285369873,1000,0.0,0.0
2024-04-03 00:00:00-04:00,14.161435298835318,14.210268020629883,14.161435298835318,14.210268020629883,1700,0.0,0.0
2024-04-04 00:00:00-04:00,14.210268512706078,14.29816722869873,14.112603065734968,14.29816722869873,1300,0.0,0.0
2024-04-05 00:00:00-04:00,14.30793285369873,14.30793285369873,14.30793285369873,14.30793285369873,100,0.0,0.0
2024-04-08 00:00:00-04:00,14.30793285369873,14.30793285369873,14.30793285369873,14.30793285369873,0,0.0,0.0
2024-04-09 00:00:00-04:00,14.083303622055706,14.161435606059356,14.083303622055706,14.132136344909668,500,0.0,0.0
2024-04-10 00:00:00-04:00,14.132136344909668,14.132136344909668,14.132136344909668,14.132136344909668,0,0.0,0.0
2024-04-11 00:00:00-04:00,13.917274475097656,13.917274475097656,13.917274475097656,13.917274475097656,300,0.0,0.0
2024-04-12 00:00:00-04:00,14.112603187561035,14.112603187561035,14.112603187561035,14.112603187561035,200,0.0,0.0
2024-04-15 00:00:00-04:00,14.151669654165984,14.151669654165984,13.917273689253031,13.966106414794922,400,0.0,0.0
2024-04-16 00:00:00-04:00,14.102836928624093,14.102836928624093,13.917273689253031,13.966106414794922,4500,0.0,0.0
2024-04-17 00:00:00-04:00,13.966107203396907,13.966107203396907,13.917274475097656,13.917274475097656,1300,0.0,0.0
2024-04-18 00:00:00-04:00,13.917274475097656,13.917274475097656,13.917274475097656,13.917274475097656,300,0.0,0.0
2024-04-19 00:00:00-04:00,13.770774841308594,13.770774841308594,13.770774841308594,13.770774841308594,500,0.0,0.0
2024-04-22 00:00:00-04:00,13.917274475097656,13.917274475097656,13.917274475097656,13.917274475097656,200,0.0,0.0
2024-04-23 00:00:00-04:00,13.731709643558037,13.89773941040039,13.692643651699827,13.89773941040039,1400,0.0,0.0
2024-04-24 00:00:00-04:00,13.89773941040039,13.89773941040039,13.89773941040039,13.89773941040039,0,0.0,0.0
2024-04-25 00:00:00-04:00,13.89773941040039,13.89773941040039,13.89773941040039,13.89773941040039,0,0.0,0.0
2024-04-26 00:00:00-04:00,13.89773941040039,13.89773941040039,13.89773941040039,13.89773941040039,0,0.0,0.0
2024-04-29 00:00:00-04:00,13.89773941040039,13.89773941040039,13.89773941040039,13.89773941040039,0,0.0,0.0
2024-04-30 00:00:00-04:00,13.88797378540039,13.88797378540039,13.88797378540039,13.88797378540039,500,0.0,0.0
2024-05-01 00:00:00-04:00,13.73170962876778,13.78054141998291,13.673110175340225,13.78054141998291,2200,0.0,0.0
2024-05-02 00:00:00-04:00,13.78054141998291,13.78054141998291,13.78054141998291,13.78054141998291,0,0.0,0.0
2024-05-03 00:00:00-04:00,13.78054141998291,13.78054141998291,13.78054141998291,13.78054141998291,0,0.0,0.0
2024-05-06 00:00:00-04:00,13.692643317491909,13.907505801764374,13.673109856336216,13.682876586914062,900,0.0,0.0
2024-05-07 00:00:00-04:00,13.800074559628142,13.800074559628142,13.682876586914062,13.682876586914062,700,0.0,0.0
2024-05-08 00:00:00-04:00,13.682876586914062,13.682876586914062,13.682876586914062,13.682876586914062,0,0.0,0.0
2024-05-09 00:00:00-04:00,13.897738305360734,13.90750503540039,13.897738305360734,13.90750503540039,300,0.0,0.0
2024-05-10 00:00:00-04:00,13.90750503540039,13.90750503540039,13.90750503540039,13.90750503540039,400,0.0,0.0
2024-05-13 00:00:00-04:00,13.890904426574707,13.890904426574707,13.890904426574707,13.890904426574707,200,0.0,0.0
2024-05-14 00:00:00-04:00,13.673110339146307,13.681900024414062,13.673110339146307,13.681900024414062,900,0.0,0.0
2024-05-15 00:00:00-04:00,13.673110582295935,13.673110582295935,13.233617928432057,13.401601791381836,6800,0.0,0.0
2024-05-16 00:00:00-04:00,13.468013763427734,13.468013763427734,13.468013763427734,13.468013763427734,200,0.0,0.0
2024-05-17 00:00:00-04:00,13.468013763427734,13.468013763427734,13.468013763427734,13.468013763427734,0,0.0,0.0
2024-05-20 00:00:00-04:00,13.468013763427734,13.468013763427734,13.468013763427734,13.468013763427734,0,0.0,0.0
2024-05-21 00:00:00-04:00,13.673111129256942,13.721943855285645,13.673111129256942,13.721943855285645,1400,0.0,0.0
2024-05-22 00:00:00-04:00,13.878208478739621,13.917274475097656,13.780543022141119,13.917274475097656,5600,0.0,0.0
2024-05-23 00:00:00-04:00,13.673109401591702,13.795190735534486,13.673109401591702,13.770774841308594,6300,0.0,0.0
2024-05-24 00:00:00-04:00,13.83914009026642,13.83914009026642,13.770774841308594,13.770774841308594,7500,0.0,0.0
2024-05-28 00:00:00-04:00,13.673111084264638,13.754173278808594,13.673111084264638,13.754173278808594,600,0.0,0.0
2024-05-29 00:00:00-04:00,13.754173278808594,13.754173278808594,13.754173278808594,13.754173278808594,200,0.0,0.0
2024-05-30 00:00:00-04:00,13.770774841308594,13.770774841308594,13.770774841308594,13.770774841308594,1100,0.0,0.0
2024-05-31 00:00:00-04:00,13.770774734820394,14.307931854889521,13.770774734820394,14.014937400817871,22400,0.0,0.0
2024-06-03 00:00:00-04:00,14.112603187561035,14.112603187561035,14.112603187561035,14.112603187561035,300,0.0,0.0
2024-06-04 00:00:00-04:00,13.917271789416485,14.256169684841977,13.673109126444267,14.024703025817871,3800,0.0,0.0
2024-06-05 00:00:00-04:00,14.039354567403755,14.298167352126669,14.039354567403755,14.112603187561035,700,0.0,0.0
2024-06-06 00:00:00-04:00,13.966106414794922,13.966106414794922,13.966106414794922,13.966106414794922,3700,0.0,0.0
2024-06-07 00:00:00-04:00,14.058887387222256,14.058887387222256,13.966105309178365,13.975872039794922,6000,0.0,0.0
2024-06-10 00:00:00-04:00,13.995405197143555,13.995405197143555,13.995405197143555,13.995405197143555,300,0.0,0.0
2024-06-11 00:00:00-04:00,13.995405197143555,13.995405197143555,13.995405197143555,13.995405197143555,0,0.0,0.0
2024-06-12 00:00:00-04:00,13.995405197143555,13.995405197143555,13.995405197143555,13.995405197143555,0,0.0,0.0
2024-06-13 00:00:00-04:00,14.083303540891244,14.2249174118042,14.063770079299546,14.2249174118042,1200,0.0,0.0
2024-06-14 00:00:00-04:00,13.230887529920986,14.347334861755371,13.230887529920986,14.347334861755371,8200,0.04,0.0
2024-06-17 00:00:00-04:00,14.494237411414632,14.54516315460205,14.494237411414632,14.54516315460205,2100,0.0,0.0
2024-06-18 00:00:00-04:00,14.592171471019535,14.64113867742667,14.543205198584179,14.557894706726074,16400,0.0,0.0
2024-06-20 00:00:00-04:00,14.200435638427734,14.200435638427734,14.200435638427734,14.200435638427734,500,0.0,0.0
2024-06-21 00:00:00-04:00,14.268988029836475,14.445269584655762,14.268988029836475,14.445269584655762,1400,0.0,0.0
2024-06-24 00:00:00-04:00,14.22002124786377,14.22002124786377,14.22002124786377,14.22002124786377,200,0.0,0.0
2024-06-25 00:00:00-04:00,14.301306686873167,14.313058853149414,14.301306686873167,14.313058853149414,200,0.0,0.0
2024-06-26 00:00:00-04:00,14.21022826394121,14.313058549210098,14.21022826394121,14.308161735534668,1300,0.0,0.0
2024-06-27 00:00:00-04:00,14.298368453979492,14.298368453979492,14.298368453979492,14.298368453979492,300,0.0,0.0
2024-06-28 00:00:00-04:00,14.298368453979492,14.298368453979492,14.298368453979492,14.298368453979492,0,0.0,0.0
2024-07-01 00:00:00-04:00,13.984978929445532,14.298368453979492,13.984978929445532,14.298368453979492,400,0.0,0.0
2024-07-02 00:00:00-04:00,14.03394603729248,14.03394603729248,14.03394603729248,14.03394603729248,200,0.0,0.0
2024-07-03 00:00:00-04:00,14.03394603729248,14.03394603729248,14.03394603729248,14.03394603729248,0,0.0,0.0
2024-07-05 00:00:00-04:00,14.03394603729248,14.03394603729248,14.03394603729248,14.03394603729248,0,0.0,0.0
2024-07-08 00:00:00-04:00,14.03394603729248,14.03394603729248,14.03394603729248,14.03394603729248,0,0.0,0.0
2024-07-09 00:00:00-04:00,13.955600541213462,14.200435638427734,13.637315101629264,14.200435638427734,9700,0.0,0.0
2024-07-10 00:00:00-04:00,14.161260604858398,14.161260604858398,14.161260604858398,14.161260604858398,200,0.0,0.0
2024-07-11 00:00:00-04:00,13.514896392822266,13.514896392822266,13.514896392822266,13.514896392822266,300,0.0,0.0
2024-07-12 00:00:00-04:00,13.661796569824219,13.661796569824219,13.661796569824219,13.661796569824219,400,0.0,0.0
2024-07-15 00:00:00-04:00,13.611852105671032,13.661798113876443,13.584430694580078,13.584430694580078,3300,0.0,0.0
2024-07-16 00:00:00-04:00,13.955599784851074,13.955599784851074,13.955599784851074,13.955599784851074,200,0.0,0.0
2024-07-17 00:00:00-04:00,13.955599784851074,13.955599784851074,13.955599784851074,13.955599784851074,0,0.0,0.0
2024-07-18 00:00:00-04:00,13.955599784851074,13.955599784851074,13.955599784851074,13.955599784851074,0,0.0,0.0
2024-07-19 00:00:00-04:00,13.955599784851074,13.955599784851074,13.955599784851074,13.955599784851074,0,0.0,0.0
2024-07-22 00:00:00-04:00,13.847872734069824,13.847872734069824,13.847872734069824,13.847872734069824,200,0.0,0.0
2024-07-23 00:00:00-04:00,13.847872734069824,13.847872734069824,13.847872734069824,13.847872734069824,0,0.0,0.0
2024-07-24 00:00:00-04:00,13.847872734069824,13.847872734069824,13.847872734069824,13.847872734069824,0,0.0,0.0
2024-07-25 00:00:00-04:00,13.847872734069824,13.847872734069824,13.847872734069824,13.847872734069824,0,0.0,0.0
2024-07-26 00:00:00-04:00,13.637312803662777,13.637312803662777,13.395416022416413,13.465928077697754,7300,0.0,0.0
2024-07-29 00:00:00-04:00,13.465928077697754,13.465928077697754,13.465928077697754,13.465928077697754,300,0.0,0.0
2024-07-30 00:00:00-04:00,13.465928077697754,13.465928077697754,13.465928077697754,13.465928077697754,0,0.0,0.0
2024-07-31 00:00:00-04:00,13.465928077697754,13.710763133655895,13.465928077697754,13.465928077697754,3400,0.0,0.0
2024-08-01 00:00:00-04:00,13.465928077697754,13.465928077697754,13.465928077697754,13.465928077697754,0,0.0,0.0
2024-08-02 00:00:00-04:00,13.465928077697754,13.465928077697754,13.465928077697754,13.465928077697754,0,0.0,0.0
2024-08-05 00:00:00-04:00,13.465928686093251,13.475722312927246,13.465928686093251,13.475722312927246,400,0.0,0.0
2024-08-06 00:00:00-04:00,13.475722312927246,13.475722312927246,13.475722312927246,13.475722312927246,0,0.0,0.0
2024-08-07 00:00:00-04:00,13.475722312927246,13.475722312927246,13.475722312927246,13.475722312927246,0,0.0,0.0
2024-08-08 00:00:00-04:00,13.475722312927246,13.475722312927246,13.475722312927246,13.475722312927246,0,0.0,0.0
2024-08-09 00:00:00-04:00,13.475722312927246,13.475722312927246,13.475722312927246,13.475722312927246,0,0.0,0.0
2024-08-12 00:00:00-04:00,13.465928077697754,13.465928077697754,13.465928077697754,13.465928077697754,700,0.0,0.0
2024-08-13 00:00:00-04:00,13.416961202768956,13.465928401933953,13.240680593335265,13.270060539245605,11700,0.0,0.0
2024-08-14 00:00:00-04:00,13.465928077697754,13.465928077697754,13.465928077697754,13.465928077697754,600,0.0,0.0
2024-08-15 00:00:00-04:00,13.377789446974882,13.377789446974882,13.289648663302435,13.299442291259766,700,0.0,0.0
2024-08-16 00:00:00-04:00,13.421858483406037,13.421858483406037,13.377788096020257,13.416961669921875,7400,0.0,0.0
2024-08-19 00:00:00-04:00,13.46592937715349,13.46592937715349,13.456135749816895,13.456135749816895,1200,0.0,0.0
2024-08-20 00:00:00-04:00,13.465928077697754,13.465928077697754,13.416960879711802,13.465928077697754,11600,0.0,0.0
2024-08-21 00:00:00-04:00,13.465928077697754,13.465928077697754,13.456134451306239,13.465928077697754,6600,0.0,0.0
2024-08-22 00:00:00-04:00,13.524690462310375,13.678446491713949,13.465929631154143,13.56875991821289,3400,0.0,0.0
2024-08-23 00:00:00-04:00,13.544276340453731,13.563863594855837,13.514896392822266,13.514896392822266,9200,0.0,0.0
2024-08-26 00:00:00-04:00,13.544275066725795,13.72055660388014,13.544275066725795,13.710762977600098,16100,0.0,0.0
2024-08-27 00:00:00-04:00,13.710762977600098,13.710762977600098,13.710762977600098,13.710762977600098,0,0.0,0.0
2024-08-28 00:00:00-04:00,13.7107626647783,13.955597712363629,13.7107626647783,13.906630516052246,18200,0.0,0.0
2024-08-29 00:00:00-04:00,14.004565815058237,14.116209983825684,14.004565815058237,14.116209983825684,2500,0.0,0.0
2024-08-30 00:00:00-04:00,14.102499312685154,14.102499312685154,13.955598647875128,14.014359474182129,6300,0.0,0.0
2024-09-03 00:00:00-04:00,14.03394603729248,14.112293184414302,13.95559889017066,14.03394603729248,8100,0.0,0.0
2024-09-04 00:00:00-04:00,14.03394603729248,14.03394603729248,14.03394603729248,14.03394603729248,0,0.0,0.0
2024-09-05 00:00:00-04:00,13.955598486956287,14.058428764343262,13.955598486956287,14.058428764343262,4700,0.0,0.0
2024-09-06 00:00:00-04:00,14.11229419708252,14.11229419708252,14.11229419708252,14.11229419708252,300,0.0,0.0
2024-09-09 00:00:00-04:00,14.154406552152206,14.154406552152206,14.151468276977539,14.151468276977539,900,0.0,0.0
2024-09-10 00:00:00-04:00,14.259194880159207,14.298368453979492,14.259194880159207,14.298368453979492,1600,0.0,0.0
2024-09-11 00:00:00-04:00,14.43547534942627,14.43547534942627,14.43547534942627,14.43547534942627,200,0.0,0.0
2024-09-12 00:00:00-04:00,14.47475528717041,14.47475528717041,14.47475528717041,14.47475528717041,0,0.04,0.0
2024-09-13 00:00:00-04:00,14.710435850967764,14.720256126665802,14.425654411315918,14.425654411315918,7000,0.0,0.0
2024-09-16 00:00:00-04:00,14.425654411315918,14.425654411315918,14.425654411315918,14.425654411315918,0,0.0,0.0
2024-09-17 00:00:00-04:00,14.563135762561721,14.563135762561721,14.131053924560547,14.131053924560547,800,0.0,0.0
2024-09-18 00:00:00-04:00,14.268534660339355,14.268534660339355,14.268534660339355,14.268534660339355,700,0.0,0.0
2024-09-19 00:00:00-04:00,14.484575597636987,14.730076878952868,14.248894592336878,14.631875991821289,10700,0.0,0.0
2024-09-20 00:00:00-04:00,14.602416100287043,14.631875991821289,14.602416100287043,14.631875991821289,3100,0.0,0.0
2024-09-23 00:00:00-04:00,14.631875991821289,14.631875991821289,14.631875991821289,14.631875991821289,0,0.0,0.0
2024-09-24 00:00:00-04:00,14.475738525390625,14.475738525390625,14.475738525390625,14.475738525390625,400,0.0,0.0
2024-09-25 00:00:00-04:00,14.278354527662712,14.631876036697124,14.26558891801351,14.504216194152832,3500,0.0,0.0
2024-09-26 00:00:00-04:00,14.484576225280762,14.484576225280762,14.484576225280762,14.484576225280762,200,0.0,0.0
2024-09-27 00:00:00-04:00,14.533676085777433,14.533676085777433,14.504216194152832,14.504216194152832,400,0.0,0.0
2024-09-30 00:00:00-04:00,14.484576225280762,14.484576225280762,14.484576225280762,14.484576225280762,400,0.0,0.0
2024-10-01 00:00:00-04:00,14.533676147460938,14.533676147460938,14.533676147460938,14.533676147460938,200,0.0,0.0
2024-10-02 00:00:00-04:00,14.484576225280762,14.484576225280762,14.484576225280762,14.484576225280762,900,0.0,0.0
2024-10-03 00:00:00-04:00,14.53367685109152,14.595542907714844,14.53367685109152,14.595542907714844,1900,0.0,0.0
2024-10-04 00:00:00-04:00,14.607325515186284,14.631875267497355,14.582775762875212,14.615181922912598,3000,0.0,0.0
2024-10-07 00:00:00-04:00,14.615181922912598,14.615181922912598,14.615181922912598,14.615181922912598,0,0.0,0.0
2024-10-08 00:00:00-04:00,14.615181922912598,14.615181922912598,14.615181922912598,14.615181922912598,0,0.0,0.0
2024-10-09 00:00:00-04:00,14.605363631368364,14.622057914733887,14.605363631368364,14.622057914733887,800,0.0,0.0
2024-10-10 00:00:00-04:00,14.582775452425025,14.73007583618164,14.582775452425025,14.73007583618164,1500,0.0,0.0
2024-10-11 00:00:00-04:00,14.720257759094238,14.720257759094238,14.720257759094238,14.720257759094238,500,0.0,0.0
2024-10-14 00:00:00-04:00,14.592597007751465,14.592597007751465,14.592597007751465,14.592597007751465,100,0.0,0.0
2024-10-15 00:00:00-04:00,14.729095020696501,14.729095020696501,14.58277702331543,14.58277702331543,700,0.0,0.0
2024-10-16 00:00:00-04:00,14.674101390669966,14.73007583618164,14.674101390669966,14.73007583618164,1200,0.0,0.0
2024-10-17 00:00:00-04:00,14.686867935889314,14.73007583618164,14.68097539609177,14.73007583618164,3800,0.0,0.0
2024-10-18 00:00:00-04:00,14.690795671412344,14.73007583618164,14.690795671412344,14.73007583618164,7400,0.0,0.0
2024-10-21 00:00:00-04:00,14.681958198547363,14.681958198547363,14.681958198547363,14.681958198547363,100,0.0,0.0
2024-10-22 00:00:00-04:00,14.681958198547363,14.681958198547363,14.681958198547363,14.681958198547363,0,0.0,0.0
2024-10-23 00:00:00-04:00,14.681958198547363,14.681958198547363,14.681958198547363,14.681958198547363,0,0.0,0.0
2024-10-24 00:00:00-04:00,14.769358206516472,14.779178483303546,14.582777630127756,14.720257759094238,5100,0.0,0.0
2024-10-25 00:00:00-04:00,14.58277702331543,14.58277702331543,14.58277702331543,14.58277702331543,1400,0.0,0.0
2024-10-28 00:00:00-04:00,14.58277702331543,14.58277702331543,14.58277702331543,14.58277702331543,900,0.0,0.0
2024-10-29 00:00:00-04:00,14.58277702331543,14.58277702331543,14.58277702331543,14.58277702331543,0,0.0,0.0
2024-10-30 00:00:00-04:00,14.58277702331543,14.58277702331543,14.58277702331543,14.58277702331543,0,0.0,0.0
2024-10-31 00:00:00-04:00,14.622055617194322,14.73007583618164,14.622055617194322,14.73007583618164,3200,0.0,0.0
2024-11-01 00:00:00-04:00,14.779178935335773,14.779178935335773,14.544479370117188,14.544479370117188,5700,0.0,0.0
2024-11-04 00:00:00-05:00,14.641695976257324,14.641695976257324,14.641695976257324,14.641695976257324,500,0.0,0.0
2024-11-05 00:00:00-05:00,14.641696808559852,14.65151708493829,14.58277702331543,14.58277702331543,3200,0.0,0.0
2024-11-06 00:00:00-05:00,14.747753332504455,14.779178029956523,14.582777182805271,14.656427383422852,10800,0.0,0.0
2024-11-07 00:00:00-05:00,14.625984495052709,14.625984495052709,14.533676147460938,14.533676147460938,1700,0.0,0.0
2024-11-08 00:00:00-05:00,14.533676147460938,14.533676147460938,14.533676147460938,14.533676147460938,0,0.0,0.0
2024-11-11 00:00:00-05:00,14.553315763123003,14.553315763123003,14.52385587137337,14.533676147460938,3100,0.0,0.0
2024-11-12 00:00:00-05:00,14.671156883239746,14.671156883239746,14.671156883239746,14.671156883239746,300,0.0,0.0
2024-11-13 00:00:00-05:00,14.671156883239746,14.671156883239746,14.671156883239746,14.671156883239746,0,0.0,0.0
2024-11-14 00:00:00-05:00,14.680977369810392,14.680977369810392,14.53367696625063,14.534658432006836,1400,0.0,0.0
2024-11-15 00:00:00-05:00,14.533677452581626,14.680977861070408,14.533677452581626,14.553317070007324,8900,0.0,0.0
2024-11-18 00:00:00-05:00,14.60732650756836,14.60732650756836,14.60732650756836,14.60732650756836,300,0.0,0.0
2024-11-19 00:00:00-05:00,14.631876098797406,14.680976542722178,14.533676147460938,14.533676147460938,4600,0.0,0.0
2024-11-20 00:00:00-05:00,14.533676147460938,14.533676147460938,14.533676147460938,14.533676147460938,1200,0.0,0.0
2024-11-21 00:00:00-05:00,14.533676147460938,14.533676147460938,14.533676147460938,14.533676147460938,0,0.0,0.0
2024-11-22 00:00:00-05:00,14.661337852478027,14.661337852478027,14.661337852478027,14.661337852478027,500,0.0,0.0
2024-11-25 00:00:00-05:00,14.602416038513184,14.602416038513184,14.602416038513184,14.602416038513184,700,0.0,0.0
2024-11-26 00:00:00-05:00,14.631874956001896,14.73007583618164,14.631874956001896,14.73007583618164,600,0.0,0.0
2024-11-27 00:00:00-05:00,14.73007583618164,14.73007583618164,14.73007583618164,14.73007583618164,0,0.0,0.0
2024-11-29 00:00:00-05:00,14.73007583618164,14.73007583618164,14.73007583618164,14.73007583618164,600,0.0,0.0
2024-12-02 00:00:00-05:00,14.671156591370847,14.71043676007749,14.631876422664206,14.680976867675781,800,0.0,0.0
2024-12-03 00:00:00-05:00,14.73007583618164,14.73007583618164,14.73007583618164,14.73007583618164,500,0.0,0.0
2024-12-04 00:00:00-05:00,14.73007583618164,14.73007583618164,14.73007583618164,14.73007583618164,0,0.0,0.0
2024-12-05 00:00:00-05:00,14.68097539609177,14.73007583618164,14.68097539609177,14.73007583618164,3000,0.0,0.0
2024-12-06 00:00:00-05:00,14.68097539609177,14.73007583618164,14.68097539609177,14.73007583618164,9500,0.0,0.0
2024-12-09 00:00:00-05:00,14.602417247188765,14.730078035881313,14.582777630127756,14.720257759094238,2400,0.0,0.0
2024-12-10 00:00:00-05:00,14.656427833004535,14.730078035881313,14.59259697040169,14.720257759094238,8000,0.0,0.0
2024-12-11 00:00:00-05:00,14.631875675887018,14.901927641411312,14.631875675887018,14.769356727600098,21700,0.0,0.0
2024-12-12 00:00:00-05:00,14.72504968133102,14.818589210510254,14.72504968133102,14.818589210510254,1300,0.04,0.0
2024-12-13 00:00:00-05:00,14.818589210510254,14.818589210510254,14.670895068804548,14.818589210510254,18600,0.0,0.0
2024-12-16 00:00:00-05:00,14.818588986960627,14.818588986960627,14.720126227308876,14.80874252319336,19600,0.0,0.0
2024-12-17 00:00:00-05:00,14.769357901781667,15.054898783655693,14.769357901781667,15.03520679473877,4000,0.0,0.0
2024-12-18 00:00:00-05:00,14.926898084754615,14.990899163718893,14.759511947631836,14.759511947631836,5000,0.0,0.0
2024-12-19 00:00:00-05:00,14.670894337304377,14.956435203552246,14.670894337304377,14.956435203552246,3700,0.0,0.0
2024-12-20 00:00:00-05:00,14.769355859680825,14.91704904267349,14.769355859680825,14.857972145080566,12700,0.0,0.0
2024-12-23 00:00:00-05:00,14.90720461723582,14.90720461723582,14.769356947680382,14.8432035446167,2100,0.0,0.0
2024-12-24 00:00:00-05:00,14.75951049500111,14.907204627990723,14.75951049500111,14.907204627990723,1000,0.0,0.0
2024-12-26 00:00:00-05:00,14.749665256439627,14.877666473388672,14.749665256439627,14.877666473388672,1300,0.0,0.0
2024-12-27 00:00:00-05:00,14.867820739746094,14.867820739746094,14.867820739746094,14.867820739746094,200,0.0,0.0
2024-12-30 00:00:00-05:00,14.867819427810227,15.064743995666504,14.867819427810227,15.064743995666504,4300,0.0,0.0
2024-12-31 00:00:00-05:00,15.232128990945236,15.232128990945236,14.838278945237226,15.015511512756348,800,0.0,0.0
2025-01-02 00:00:00-05:00,15.389669219708075,15.389669219708075,14.867818898707485,15.164190292358398,2000,0.0,0.0
2025-01-03 00:00:00-05:00,15.064742885846142,15.389668633624304,14.94658815383684,15.015511512756348,9300,0.0,0.0
2025-01-06 00:00:00-05:00,14.966280937194824,15.177975195454534,14.917049561481571,14.966280937194824,6300,0.0,0.0
2025-01-07 00:00:00-05:00,14.769357093532097,14.966281666977105,14.769357093532097,14.956435203552246,3500,0.0,0.0
2025-01-08 00:00:00-05:00,14.818587527219083,15.379822760520993,14.818587527219083,14.892434120178223,3700,0.0,0.0
2025-01-10 00:00:00-05:00,15.042097575056763,15.291206702287742,14.966280937194824,14.966280937194824,1400,0.0,0.0
2025-01-13 00:00:00-05:00,15.327640092294883,15.350286208319305,14.862897507738959,14.867820739746094,1300,0.0,0.0
2025-01-14 00:00:00-05:00,14.923942192709548,14.966281233000391,14.769356665265597,14.936742782592773,7400,0.0,0.0
2025-01-15 00:00:00-05:00,14.907204341381481,15.064743995666504,14.902281109808774,15.064743995666504,1100,0.0,0.0
2025-01-16 00:00:00-05:00,15.113974781342531,15.113974781342531,14.96628065696818,15.059820175170898,2800,0.0,0.0
2025-01-17 00:00:00-05:00,14.877665820742632,15.281362382185307,14.877665820742632,15.104129791259766,10500,0.0,0.0
2025-01-21 00:00:00-05:00,15.281362382185307,15.281362382185307,14.941666895914839,15.104129791259766,8200,0.0,0.0
2025-01-22 00:00:00-05:00,15.143513760734498,15.23213005065918,15.114959393334003,15.23213005065918,1200,0.0,0.0
2025-01-23 00:00:00-05:00,14.995819340638146,15.26166820526123,14.995819340638146,15.26166820526123,6800,0.0,0.0
2025-01-24 00:00:00-05:00,15.212438078598996,15.468440501324892,15.212438078598996,15.360132217407227,8700,0.0,0.0
2025-01-27 00:00:00-05:00,15.232130930567495,15.271515846252441,15.199638351652153,15.271515846252441,600,0.0,0.0
2025-01-28 00:00:00-05:00,15.360132217407227,15.360132217407227,15.271515921924381,15.360132217407227,700,0.0,0.0
2025-01-29 00:00:00-05:00,15.301054434506678,15.448747634887695,15.232131066196933,15.448747634887695,5100,0.0,0.0
2025-01-30 00:00:00-05:00,15.305976792730975,15.458593216281496,15.234099301593405,15.409361839294434,900,0.0,0.0
2025-01-31 00:00:00-05:00,15.25182277584202,15.65551839257865,15.25182277584202,15.478286743164062,9100,0.0,0.0
2025-02-03 00:00:00-05:00,15.074591976230478,15.596442368332024,15.074591976230478,15.4536714553833,3700,0.0,0.0
2025-02-04 00:00:00-05:00,15.675211115458776,15.675211115458776,15.349300311638189,15.38868522644043,700,0.0,0.0
2025-02-05 00:00:00-05:00,15.304992428756265,15.694903373718262,15.304992428756265,15.694903373718262,900,0.0,0.0
2025-02-06 00:00:00-05:00,15.55902554565752,15.55902554565752,15.48517894744873,15.48517894744873,900,0.0,0.0
2025-02-07 00:00:00-05:00,15.675210866000524,15.675210866000524,15.432009044442308,15.458593368530273,900,0.0,0.0
2025-02-10 00:00:00-05:00,15.694902788290673,16.236446060208216,15.458593304220974,15.62597942352295,6200,0.0,0.0
2025-02-11 00:00:00-05:00,15.360130039154459,15.655516396860625,15.360130039154459,15.581669807434082,700,0.0,0.0
2025-02-12 00:00:00-05:00,15.360132647507099,15.655519055373762,15.360132647507099,15.50782585144043,900,0.0,0.0
2025-02-13 00:00:00-05:00,15.360132647507099,15.655519055373762,15.360132647507099,15.50782585144043,700,0.0,0.0
2025-02-14 00:00:00-05:00,15.360131277694194,15.744133949279785,15.360131277694194,15.744133949279785,2300,0.0,0.0
2025-02-18 00:00:00-05:00,15.625979864763611,15.97059763734384,15.625979864763611,15.901674270629883,1900,0.0,0.0
2025-02-19 00:00:00-05:00,15.883951908342397,16.00013755261898,15.753981590270996,15.753981590270996,700,0.0,0.0
2025-02-20 00:00:00-05:00,15.697857358339721,15.928259534368378,15.655518316353815,15.901674270629883,3600,0.0,0.0
2025-02-21 00:00:00-05:00,15.755951574559939,16.23644698959947,15.753981530587735,15.793367385864258,13300,0.0,0.0
2025-02-24 00:00:00-05:00,16.236444711724683,16.236444711724683,15.655516574043283,15.82290267944336,1200,0.0,0.0
2025-02-25 00:00:00-05:00,15.852443562662973,16.18721580505371,15.70474942919095,16.18721580505371,1300,0.0,0.0
2025-02-26 00:00:00-05:00,15.77071960693658,16.18721580505371,15.70474942919095,16.18721580505371,600,0.0,0.0
2025-02-27 00:00:00-05:00,16.246293453418602,16.246293453418602,15.753981530587735,15.793367385864258,700,0.0,0.0
2025-02-28 00:00:00-05:00,15.729368638902836,16.65983801033288,15.728383616770895,16.630298614501953,1000,0.0,0.0
2025-03-03 00:00:00-05:00,16.915837572039578,16.915837572039578,15.813058064444785,15.862290382385254,1700,0.0,0.0
2025-03-04 00:00:00-05:00,16.33983261412813,16.925685024719506,15.813058988517724,16.246294021606445,26100,0.0,0.0
2025-03-05 00:00:00-05:00,16.246292179188096,17.23091594762374,15.763826758017126,15.950905799865723,10000,0.0,0.0
2025-03-06 00:00:00-05:00,15.950908433486836,16.974916345160892,15.931215504141672,16.54168128967285,6000,0.0,0.0
2025-03-07 00:00:00-05:00,16.55152502155732,16.748450526452768,15.763826758017126,15.950905799865723,2100,0.0,0.0
2025-03-10 00:00:00-04:00,15.990389248416744,16.730685012090305,15.990389248416744,16.46417808532715,3200,0.04,0.0
2025-03-11 00:00:00-04:00,16.227283518561894,16.227283518561894,15.891682624816895,15.891682624816895,2900,0.0,0.0
2025-03-12 00:00:00-04:00,15.980518542150907,16.780037446266746,15.81271809238146,15.85219955444336,6400,0.0,0.0
2025-03-13 00:00:00-04:00,15.990387997507622,16.0792236328125,15.891681526872272,16.0792236328125,3900,0.0,0.0
2025-03-14 00:00:00-04:00,16.0890938138643,16.1285771582007,16.03974151611328,16.03974151611328,9800,0.0,0.0
2025-03-17 00:00:00-04:00,16.083171844482422,16.083171844482422,16.083171844482422,16.083171844482422,1800,0.0,0.0
2025-03-18 00:00:00-04:00,16.059480841398866,16.237152099609375,16.059480841398866,16.237152099609375,1400,0.0,0.0
2025-03-19 00:00:00-04:00,15.95090457544293,15.990387916564941,15.941033740162428,15.990387916564941,1600,0.0,0.0
2025-03-20 00:00:00-04:00,16.533270702238056,16.533270702238056,16.16608428955078,16.16608428955078,400,0.0,0.0
2025-03-21 00:00:00-04:00,16.237152099609375,16.237152099609375,16.237152099609375,16.237152099609375,900,0.0,0.0
2025-03-24 00:00:00-04:00,16.23715406253072,16.23715406253072,16.050598465789164,16.113771438598633,900,0.0,0.0
2025-03-25 00:00:00-04:00,15.990388495205083,15.990388495205083,15.941034317016602,15.941034317016602,1600,0.0,0.0
2025-03-26 00:00:00-04:00,15.827523231506348,15.827523231506348,15.827523231506348,15.827523231506348,400,0.0,0.0
2025-03-27 00:00:00-04:00,15.827523231506348,15.827523231506348,15.827523231506348,15.827523231506348,0,0.0,0.0
2025-03-28 00:00:00-04:00,15.941035343150205,16.039741823211564,15.496858065543606,16.029870986938477,3100,0.0,0.0
2025-03-31 00:00:00-04:00,16.01999996300765,16.01999996300765,15.792976379394531,15.792976379394531,900,0.0,0.0
2025-04-01 00:00:00-04:00,15.792976379394531,15.792976379394531,15.792976379394531,15.792976379394531,0,0.0,0.0
2025-04-02 00:00:00-04:00,15.985452136051537,15.985452136051537,15.941034317016602,15.941034317016602,600,0.0,0.0
2025-04-03 00:00:00-04:00,15.398152201487996,15.684399858016445,15.398152201487996,15.615304946899414,2100,0.0,0.0
2025-04-04 00:00:00-04:00,15.615303790836979,15.990388002842575,15.615303790836979,15.743621826171875,10300,0.0,0.0
2025-04-07 00:00:00-04:00,15.8127182369391,16.029870986938477,15.792976564392925,16.029870986938477,400,0.0,0.0
2025-04-08 00:00:00-04:00,16.029870986938477,16.029870986938477,16.029870986938477,16.029870986938477,0,0.0,0.0
2025-04-09 00:00:00-04:00,15.842328677512342,15.842328677512342,15.792976379394531,15.792976379394531,2300,0.0,0.0
2025-04-10 00:00:00-04:00,15.891682858299646,15.891682858299646,15.792976379394531,15.792976379394531,2200,0.0,0.0
2025-04-11 00:00:00-04:00,15.792976379394531,15.891682858299646,15.792976379394531,15.792976379394531,9300,0.0,0.0
2025-04-14 00:00:00-04:00,15.501792907714844,15.501792907714844,15.501792907714844,15.501792907714844,700,0.0,0.0
2025-04-15 00:00:00-04:00,15.501792907714844,15.501792907714844,15.501792907714844,15.501792907714844,0,0.0,0.0
2025-04-16 00:00:00-04:00,15.496856689453125,15.496856689453125,15.496856689453125,15.496856689453125,400,0.0,0.0
2025-04-17 00:00:00-04:00,15.496856689453125,15.496856689453125,15.496856689453125,15.496856689453125,0,0.0,0.0
2025-04-21 00:00:00-04:00,15.299444263326208,15.299444263326208,14.815784638341373,14.913503646850586,3600,0.0,0.0
2025-04-22 00:00:00-04:00,14.913503646850586,14.913503646850586,14.913503646850586,14.913503646850586,0,0.0,0.0
2025-04-23 00:00:00-04:00,15.052679061889648,15.052679061889648,15.052679061889648,15.052679061889648,200,0.0,0.0
2025-04-24 00:00:00-04:00,15.29944598485553,15.546211242675781,15.269834417490832,15.546211242675781,6400,0.0,0.0
2025-04-25 00:00:00-04:00,15.674529075622559,15.674529075622559,15.674529075622559,15.674529075622559,200,0.0,0.0
2025-04-28 00:00:00-04:00,15.070446351657163,15.126708984375,15.052679600834553,15.126708984375,1700,0.0,0.0
2025-04-29 00:00:00-04:00,15.077356338500977,15.077356338500977,15.077356338500977,15.077356338500977,300,0.0,0.0
2025-04-30 00:00:00-04:00,14.894749641418457,14.894749641418457,14.894749641418457,14.894749641418457,800,0.0,0.0
2025-05-01 00:00:00-04:00,14.894749641418457,14.894749641418457,14.894749641418457,14.894749641418457,0,0.0,0.0
2025-05-02 00:00:00-04:00,15.057615608073545,15.077356338500977,15.052680190133007,15.077356338500977,1900,0.0,0.0
2025-05-05 00:00:00-04:00,15.299445152282715,15.299445152282715,15.299445152282715,15.299445152282715,200,0.0,0.0
2025-05-06 00:00:00-04:00,15.299445152282715,15.299445152282715,15.299445152282715,15.299445152282715,0,0.0,0.0
2025-05-07 00:00:00-04:00,15.42282798501149,15.42282798501149,15.171127319335938,15.171127319335938,7600,0.0,0.0
2025-05-08 00:00:00-04:00,15.171127319335938,15.171127319335938,15.171127319335938,15.171127319335938,0,0.0,0.0
2025-05-09 00:00:00-04:00,15.171127319335938,15.171127319335938,15.171127319335938,15.171127319335938,0,0.0,0.0
2025-05-12 00:00:00-04:00,15.620239883322892,15.620239883322892,15.54621049779083,15.600499153137207,1100,0.0,0.0
2025-05-13 00:00:00-04:00,15.600499153137207,15.600499153137207,15.600499153137207,15.600499153137207,0,0.0,0.0
2025-05-14 00:00:00-04:00,15.496856689453125,15.496856689453125,15.496856689453125,15.496856689453125,2100,0.0,0.0
2025-05-15 00:00:00-04:00,15.496857649784895,15.546210888491496,15.398152113706423,15.533379554748535,2800,0.0,0.0
2025-05-16 00:00:00-04:00,15.590627743051256,15.595563160749544,15.496856689453125,15.496856689453125,7000,0.0,0.0
2025-05-19 00:00:00-04:00,15.447503922383829,15.447503922383829,15.299445152282715,15.299445152282715,11000,0.0,0.0
2025-05-20 00:00:00-04:00,15.376435279846191,15.376435279846191,15.376435279846191,15.376435279846191,200,0.0,0.0
2025-05-21 00:00:00-04:00,15.374462381512327,15.378410339355469,15.35866960880503,15.378410339355469,500,0.0,0.0
2025-05-22 00:00:00-04:00,15.360644340515137,15.360644340515137,15.358670361496825,15.360644340515137,4700,0.0,0.0
2025-05-23 00:00:00-04:00,15.378410011134973,15.378410011134973,15.35866928100586,15.35866928100586,2400,0.0,0.0
2025-05-27 00:00:00-04:00,15.398152351379395,15.398152351379395,15.398152351379395,15.398152351379395,1500,0.0,0.0
2025-05-28 00:00:00-04:00,15.496856689453125,15.496856689453125,15.496856689453125,15.496856689453125,1200,0.0,0.0
2025-05-29 00:00:00-04:00,15.53140439681259,15.595563888549805,15.496857412647039,15.595563888549805,15900,0.0,0.0
2025-05-30 00:00:00-04:00,15.684400125935634,15.694270020834029,15.546211242675781,15.546211242675781,9300,0.0,0.0
2025-06-02 00:00:00-04:00,15.694268848797925,15.820612907409668,15.694268848797925,15.820612907409668,3900,0.0,0.0
2025-06-03 00:00:00-04:00,15.862070116779583,15.891682624816895,15.842328444754708,15.891682624816895,7700,0.0,0.0
2025-06-04 00:00:00-04:00,15.644917549558363,15.775209574125823,15.644917549558363,15.733752250671387,2200,0.0,0.0
2025-06-05 00:00:00-04:00,15.773333549499512,15.773333549499512,15.773333549499512,15.773333549499512,0,0.04,0.0
2025-06-06 00:00:00-04:00,15.733751478372097,15.783228874206543,15.723856754167475,15.783228874206543,12300,0.0,0.0
2025-06-09 00:00:00-04:00,15.644693298313497,15.783228874206543,15.644693298313497,15.783228874206543,900,0.0,0.0
2025-06-10 00:00:00-04:00,15.743646621704102,15.743646621704102,15.743646621704102,15.743646621704102,200,0.0,0.0
2025-06-11 00:00:00-04:00,15.832707405090332,15.832707405090332,15.832707405090332,15.832707405090332,200,0.0,0.0
2025-06-12 00:00:00-04:00,15.832705923278564,15.929680824279785,15.832705923278564,15.929680824279785,3100,0.0,0.0
2025-06-13 00:00:00-04:00,15.733752250671387,15.733752250671387,15.733752250671387,15.733752250671387,2800,0.0,0.0
2025-06-16 00:00:00-04:00,15.832706270040987,15.832706270040987,15.783228874206543,15.783228874206543,2200,0.0,0.0
2025-06-17 00:00:00-04:00,15.733751752124626,15.911870002746584,15.733751752124626,15.911870002746582,400,0.0,0.0
2025-06-18 00:00:00-04:00,15.832706794944512,15.84260246318004,15.822811126708984,15.822811126708984,1500,0.0,0.0
2025-06-20 00:00:00-04:00,15.822811663159744,16.080093383789062,15.822811663159744,16.080093383789062,17700,0.0,0.0
2025-06-23 00:00:00-04:00,16.080091697126807,16.080091697126807,15.832705671017164,15.882182121276855,3100,0.0,0.0
2025-06-24 00:00:00-04:00,15.901973405586173,16.020719528198242,15.88218207058323,16.020719528198242,900,0.0,0.0
2025-06-25 00:00:00-04:00,15.976191067905694,15.976191067905694,15.931661504786561,15.934630393981934,6400,0.0,0.0
2025-06-26 00:00:00-04:00,15.931661605834961,15.931661605834961,15.931661605834961,15.931661605834961,400,0.0,0.0
2025-06-27 00:00:00-04:00,15.931660215193391,15.981136664696109,15.931660215193391,15.971240997314453,7100,0.0,0.0
2025-06-30 00:00:00-04:00,15.951451794008255,15.951451794008255,15.882182121276855,15.882182121276855,1100,0.0,0.0
2025-07-01 00:00:00-04:00,15.951451794008255,15.96035657360409,15.882182121276855,15.882182121276855,5900,0.0,0.0
2025-07-02 00:00:00-04:00,16.02071995731182,16.03556251525879,16.02071995731182,16.03556251525879,1000,0.0,0.0
2025-07-03 00:00:00-04:00,16.278002980398014,17.732632287034694,16.080093383789062,16.080093383789062,2500,0.0,0.0
2025-07-07 00:00:00-04:00,16.080094250765715,16.32748031616211,16.030617792648794,16.32748031616211,5900,0.0,0.0
2025-07-08 00:00:00-04:00,16.278003184822555,19.197157503326643,16.188944053970673,16.67382049560547,15100,0.0,0.0
2025-07-09 00:00:00-04:00,16.58476205066307,16.594657719767632,16.32748031616211,16.32748031616211,1900,0.0,0.0
2025-07-10 00:00:00-04:00,16.525388543629436,17.762318767332065,16.32747895287472,16.584760665893555,13800,0.0,0.0
2025-07-11 00:00:00-04:00,16.535282633532436,16.535282633532436,16.13946533203125,16.13946533203125,10400,0.0,0.0
2025-07-14 00:00:00-04:00,16.327479511499405,17.811795830726624,14.942117991035161,15.832707405090332,28300,0.0,0.0
2025-07-15 00:00:00-04:00,15.83765429569587,16.028637113930586,15.832707405090332,15.832707405090332,5100,0.0,0.0
2025-07-16 00:00:00-04:00,16.119675605680865,16.119675605680865,15.90197467803955,15.90197467803955,800,0.0,0.0
2025-07-17 00:00:00-04:00,15.842602898202037,15.89207935333252,15.842602898202037,15.89207935333252,1000,0.0,0.0
2025-07-18 00:00:00-04:00,16.32747897762313,16.32747897762313,15.90197467803955,15.90197467803955,10300,0.0,0.0
2025-07-21 00:00:00-04:00,15.832707405090332,15.832707405090332,15.832707405090332,15.832707405090332,800,0.0,0.0
2025-07-22 00:00:00-04:00,16.463046207998445,16.463046207998445,15.832707405090332,15.832707405090332,1200,0.0,0.0
2025-07-23 00:00:00-04:00,16.278003692626953,16.278003692626953,16.278003692626953,16.278003692626953,700,0.0,0.0
2025-07-24 00:00:00-04:00,15.832707405090332,15.832707405090332,15.832707405090332,15.832707405090332,1600,0.0,0.0
2025-07-25 00:00:00-04:00,15.832707405090332,15.832707405090332,15.832707405090332,15.832707405090332,1600,0.0,0.0
2025-07-28 00:00:00-04:00,15.832707405090332,15.832707405090332,15.832707405090332,15.832707405090332,0,0.0,0.0
2025-07-29 00:00:00-04:00,15.832707405090332,16.050406452444236,15.832707405090332,15.832707405090332,2100,0.0,0.0
2025-07-30 00:00:00-04:00,15.868329048156738,15.868329048156738,15.868329048156738,15.868329048156738,200,0.0,0.0
2025-07-31 00:00:00-04:00,15.931661605834961,15.931661605834961,15.931661605834961,15.931661605834961,2500,0.0,0.0
2025-08-01 00:00:00-04:00,15.832706108316671,15.842601776123047,15.832706108316671,15.842601776123047,27800,0.0,0.0
2025-08-04 00:00:00-04:00,15.733751124480676,15.867339807118084,15.684274673461914,15.684274673461914,2900,0.0,0.0
2025-08-05 00:00:00-04:00,15.634798049926758,15.634798049926758,15.634798049926758,15.634798049926758,300,0.0,0.0
2025-08-06 00:00:00-04:00,15.733752250671387,15.733752250671387,15.733752250671387,15.733752250671387,1000,0.0,0.0
2025-08-07 00:00:00-04:00,15.733751900547993,15.733751900547993,15.634798049926758,15.634798049926758,2900,0.0,0.0
2025-08-08 00:00:00-04:00,15.723856925964355,15.723856925964355,15.718909091956569,15.723856925964355,6400,0.0,0.0
2025-08-11 00:00:00-04:00,15.723857776840802,15.733752501688974,15.535843849182129,15.535843849182129,3800,0.0,0.0
2025-08-12 00:00:00-04:00,15.634798049926758,15.634798049926758,15.634798049926758,15.634798049926758,900,0.0,0.0
2025-08-13 00:00:00-04:00,15.784219741821289,15.784219741821289,15.784219741821289,15.784219741821289,300,0.0,0.0
2025-08-14 00:00:00-04:00,15.694170443757397,15.763439178466797,15.694170443757397,15.763439178466797,900,0.0,0.0
2025-08-15 00:00:00-04:00,15.733751478372097,15.783228874206543,15.733751478372097,15.783228874206543,1100,0.0,0.0
2025-08-18 00:00:00-04:00,15.832706519951547,15.832706519951547,15.694169998168945,15.694169998168945,2500,0.0,0.0
2025-08-19 00:00:00-04:00,15.816874635603886,15.872289812704993,15.812915802001953,15.812915802001953,5800,0.0,0.0
2025-08-20 00:00:00-04:00,15.832705081585525,15.941555532991194,15.832705081585525,15.87228775024414,3200,0.0,0.0
2025-08-21 00:00:00-04:00,15.847549369451679,15.931661605834961,15.847549369451679,15.931661605834961,300,0.0,0.0
2025-08-22 00:00:00-04:00,15.994990833078665,16.12956851728443,15.9811372756958,15.9811372756958,8400,0.0,0.0
2025-08-25 00:00:00-04:00,15.941556729617332,15.941556729617332,15.704065418352563,15.783228874206543,7700,0.0,0.0
2025-08-26 00:00:00-04:00,15.85249679228872,15.862392459688321,15.833694458007812,15.833694458007812,800,0.0,0.0
2025-08-27 00:00:00-04:00,15.931661605834961,15.931661605834961,15.931661605834961,15.931661605834961,500,0.0,0.0
2025-08-28 00:00:00-04:00,16.139465675998366,16.139465675998366,16.12957000732422,16.12957000732422,1100,0.0,0.0
2025-08-29 00:00:00-04:00,16.327479974596788,16.327479974596788,16.11967658996582,16.11967658996582,7500,0.0,0.0
2025-09-02 00:00:00-04:00,16.446225392174718,16.446225392174718,16.13946533203125,16.13946533203125,1000,0.0,0.0
2025-09-03 00:00:00-04:00,16.050404219507627,16.070195553988004,16.0325927734375,16.0325927734375,400,0.0,0.0
2025-09-04 00:00:00-04:00,15.585319741059376,15.961345672607422,15.585319741059376,15.961345672607422,400,0.0,0.0
2025-09-05 00:00:00-04:00,15.961345672607422,15.961345672607422,15.961345672607422,15.961345672607422,0,0.0,0.0
2025-09-08 00:00:00-04:00,15.941557527628019,16.005876541137695,15.941557527628019,16.005876541137695,600,0.0,0.0
2025-09-09 00:00:00-04:00,16.07514762878418,16.07514762878418,16.07514762878418,16.07514762878418,800,0.0,0.0
2025-09-10 00:00:00-04:00,16.07514762878418,16.07514762878418,16.07514762878418,16.07514762878418,0,0.0,0.0
2025-09-11 00:00:00-04:00,16.09002319937618,16.14954376220703,15.97098585784334,16.14954376220703,4900,0.04,0.0
2025-09-12 00:00:00-04:00,16.11978530883789,16.11978530883789,16.11978530883789,16.11978530883789,2400,0.0,0.0
2025-09-15 00:00:00-04:00,16.198152622192904,16.198152622192904,16.070186614990234,16.070186614990234,4300,0.0,0.0
2025-09-16 00:00:00-04:00,16.1981510669437,16.218982696533203,16.1981510669437,16.218982696533203,1000,0.0,0.0
2025-09-17 00:00:00-04:00,16.11978509515616,16.11978509515616,16.030506134033203,16.030506134033203,2500,0.0,0.0
2025-09-18 00:00:00-04:00,16.264614219741606,16.46697998046875,16.119784249000453,16.46697998046875,1200,0.0,0.0
2025-09-19 00:00:00-04:00,16.119783902043707,17.101850509643555,16.119783902043707,17.101850509643555,23800,0.0,0.0
2025-09-22 00:00:00-04:00,16.962973299848226,16.962973299848226,16.437219656812562,16.609825134277344,3800,0.0,0.0
2025-09-23 00:00:00-04:00,16.609825134277344,16.609825134277344,16.609825134277344,16.609825134277344,0,0.0,0.0
2025-09-24 00:00:00-04:00,16.189222441072204,16.22890281677246,16.07018509810034,16.22890281677246,2900,0.0,0.0
2025-09-25 00:00:00-04:00,16.22890281677246,16.22890281677246,16.22890281677246,16.22890281677246,0,0.0,0.0
2025-09-26 00:00:00-04:00,16.25866011571766,16.427297917001226,16.070184019979333,16.10291862487793,14400,0.0,0.0
2025-09-29 00:00:00-04:00,16.070186487708277,16.108873532916228,16.020586013793945,16.020586013793945,3400,0.0,0.0
2025-09-30 00:00:00-04:00,16.02058453316901,16.036457061767578,15.921385486572952,16.036457061767578,5000,0.0,0.0
2025-10-01 00:00:00-04:00,16.036457061767578,16.036457061767578,16.036457061767578,16.036457061767578,0,0.0,0.0
2025-10-02 00:00:00-04:00,16.02058461756662,16.071176528930664,16.02058461756662,16.071176528930664,1400,0.0,0.0
2025-10-03 00:00:00-04:00,16.070185304074247,16.10291991158852,15.970986255616609,16.007688522338867,12900,0.0,0.0
2025-10-06 00:00:00-04:00,16.05232810974121,16.05232810974121,16.05232810974121,16.05232810974121,600,0.0,0.0
2025-10-07 00:00:00-04:00,15.970986018613369,15.98487377166748,15.970986018613369,15.98487377166748,500,0.0,0.0
2025-10-08 00:00:00-04:00,15.98487377166748,15.98487377166748,15.98487377166748,15.98487377166748,0,0.0,0.0
2025-10-09 00:00:00-04:00,15.98487377166748,15.98487377166748,15.98487377166748,15.98487377166748,0,0.0,0.0
2025-10-10 00:00:00-04:00,16.040425133054086,16.05034522717503,15.970986366271973,15.970986366271973,8300,0.0,0.0
2025-10-13 00:00:00-04:00,15.970986366271973,15.970986366271973,15.970986366271973,15.970986366271973,0,0.0,0.0
2025-10-14 00:00:00-04:00,15.970986366271973,15.970986366271973,15.970986366271973,15.970986366271973,1200,0.0,0.0
2025-10-15 00:00:00-04:00,15.970986366271973,15.970986366271973,15.970986366271973,15.970986366271973,0,0.0,0.0
2025-10-16 00:00:00-04:00,15.871787071228027,15.871787071228027,15.871787071228027,15.871787071228027,1300,0.0,0.0
2025-10-17 00:00:00-04:00,15.87178646014043,16.050344360547314,15.87178646014043,16.010663986206055,8700,0.0,0.0
2025-10-20 00:00:00-04:00,16.010663986206055,16.010663986206055,16.010663986206055,16.010663986206055,0,0.0,0.0
2025-10-21 00:00:00-04:00,16.010663986206055,16.010663986206055,16.010663986206055,16.010663986206055,0,0.0,0.0
2025-10-22 00:00:00-04:00,15.871787071228027,15.871787071228027,15.871787071228027,15.871787071228027,400,0.0,0.0
2025-10-23 00:00:00-04:00,15.961066246032715,15.961066246032715,15.961066246032715,15.961066246032715,600,0.0,0.0
2025-10-24 00:00:00-04:00,15.961066246032715,15.961066246032715,15.961066246032715,15.961066246032715,0,0.0,0.0
2025-10-27 00:00:00-04:00,15.961066246032715,15.961066246032715,15.961066246032715,15.961066246032715,0,0.0,0.0
2025-10-28 00:00:00-04:00,16.000744625327815,16.050345095525696,15.921385765075684,15.921385765075684,3900,0.0,0.0
2025-10-29 00:00:00-04:00,16.070186614990234,16.070186614990234,16.070186614990234,16.070186614990234,500,0.0,0.0
2025-10-30 00:00:00-04:00,16.010664417320445,16.070184980435023,15.871786887515308,15.950154304504395,8200,0.0,0.0
2025-10-31 00:00:00-04:00,16.008683035293274,16.06026639292541,15.970987431944229,16.020586013793945,7100,0.0,0.0
2025-11-03 00:00:00-05:00,15.881706916047573,15.891627009859201,15.772587776184082,15.772587776184082,2000,0.0,0.0
2025-11-04 00:00:00-05:00,15.772587776184082,15.772587776184082,15.772587776184082,15.772587776184082,0,0.0,0.0
2025-11-05 00:00:00-05:00,15.881707217706492,15.891627311706543,15.881707217706492,15.891627311706543,900,0.0,0.0
2025-11-06 00:00:00-05:00,15.881706942641308,15.881706942641308,15.78250789642334,15.78250789642334,7400,0.0,0.0
2025-11-07 00:00:00-05:00,15.79242799025158,15.881706942641308,15.78250789642334,15.78250789642334,12500,0.0,0.0
2025-11-10 00:00:00-05:00,15.78250789642334,15.78250789642334,15.78250789642334,15.78250789642334,1400,0.0,0.0
2025-11-11 00:00:00-05:00,15.77258804197665,15.80036449432373,15.77258804197665,15.80036449432373,2000,0.0,0.0
2025-11-12 00:00:00-05:00,15.871787187295109,15.871787187295109,15.840044021606445,15.840044021606445,1200,0.0,0.0
2025-11-13 00:00:00-05:00,15.772587900289853,15.822187423706055,15.772587900289853,15.822187423706055,900,0.0,0.0
2025-11-14 00:00:00-05:00,15.88170716519528,15.88170716519528,15.871787071228027,15.871787071228027,7000,0.0,0.0
2025-11-17 00:00:00-05:00,15.832108086302924,15.832108086302924,15.653550174003485,15.663470268249512,5400,0.0,0.0
2025-11-18 00:00:00-05:00,15.623790740966797,15.641646153673749,15.623790740966797,15.623790740966797,2700,0.0,0.0
2025-11-19 00:00:00-05:00,15.709101437097479,15.722989190012768,15.62379014401881,15.691245079040527,1400,0.0,0.0
2025-11-20 00:00:00-05:00,15.765643729337784,15.765643729337784,15.623789984286967,15.70314884185791,3600,0.0,0.0
2025-11-21 00:00:00-05:00,15.623790108295482,15.822187253797553,15.623790108295482,15.752748489379883,6500,0.0,0.0
2025-11-24 00:00:00-05:00,15.772587776184082,15.772587776184082,15.772587776184082,15.772587776184082,200,0.0,0.0
2025-11-25 00:00:00-05:00,15.772587776184082,15.772587776184082,15.772587776184082,15.772587776184082,0,0.0,0.0
2025-11-26 00:00:00-05:00,15.812267205398383,15.812267205398383,15.772587776184082,15.772587776184082,900,0.0,0.0
2025-11-28 00:00:00-05:00,15.77258802361996,15.88170716519528,15.77258802361996,15.871787071228027,7500,0.0,0.0
2025-12-01 00:00:00-05:00,15.871787071228027,15.871787071228027,15.871787071228027,15.871787071228027,200,0.0,0.0
2025-12-02 00:00:00-05:00,15.871787324534278,15.90169620513916,15.871787324534278,15.90169620513916,800,0.08,0.0
2025-12-03 00:00:00-05:00,15.961514472961426,15.961514472961426,15.871786882857533,15.961514472961426,1000,0.0,0.0
2025-12-04 00:00:00-05:00,15.951544761657715,15.951544761657715,15.931604874328286,15.951544761657715,900,0.0,0.0
2025-12-05 00:00:00-05:00,15.941575050354004,15.951544994164038,15.941575050354004,15.941575050354004,1600,0.0,0.0
2025-12-08 00:00:00-05:00,15.951544297515898,15.971484184265137,15.951544297515898,15.971484184265137,4600,0.0,0.0
2025-12-09 00:00:00-05:00,16.15093994140625,16.948516424272494,16.00139268699304,16.15093994140625,8500,0.0,0.0
2025-12-10 00:00:00-05:00,16.549727226610916,16.796975351541978,16.19081687927246,16.19081687927246,1800,0.0,0.0
2025-12-11 00:00:00-05:00,16.514833450317383,16.514833450317383,16.514833450317383,16.514833450317383,200,0.0,0.0
2025-12-12 00:00:00-05:00,16.549727746462455,16.83884850078842,16.250635147094727,16.250635147094727,10700,0.0,0.0
2025-12-15 00:00:00-05:00,16.519818005137548,17.845790068573,16.4101505279541,16.4101505279541,1300,0.0,0.0
2025-12-16 00:00:00-05:00,16.400182723999023,16.400182723999023,16.400182723999023,16.400182723999023,400,0.0,0.0
2025-12-17 00:00:00-05:00,15.672392958640073,16.320425033569336,15.672392958640073,16.320425033569336,600,0.0,0.0
2025-12-18 00:00:00-05:00,16.140970815324902,16.140970815324902,15.98145551067111,16.116046905517578,1300,0.0,0.0
2025-12-19 00:00:00-05:00,16.320425810150812,16.450031280517578,16.220728270560468,16.450031280517578,11200,0.0,0.0
2025-12-22 00:00:00-05:00,16.180847433759364,17.47192563783994,16.041272028422746,16.659393310546875,6900,0.0,0.0
2025-12-23 00:00:00-05:00,17.018303727746368,19.640339918822193,17.018303727746368,18.045185089111328,1300,0.0,0.0
2025-12-24 00:00:00-05:00,17.94548797607422,17.94548797607422,17.94548797607422,17.94548797607422,300,0.0,0.0
2025-12-26 00:00:00-05:00,17.1379413437288,19.93943084501286,17.1379413437288,17.54669952392578,2200,0.0,0.0
2025-12-29 00:00:00-05:00,18.842762034046483,18.842762034046483,17.389177322387695,17.389177322387695,1000,0.0,0.0
2025-12-30 00:00:00-05:00,17.098062282535416,17.1080322265625,17.098062282535416,17.1080322265625,1500,0.0,0.0
2025-12-31 00:00:00-05:00,17.915578842163086,17.915578842163086,17.915578842163086,17.915578842163086,700,0.0,0.0
2026-01-02 00:00:00-05:00,17.347305113083106,18.24457915484092,17.347305113083106,17.925548553466797,5400,0.0,0.0
2026-01-05 00:00:00-05:00,17.925547873289208,18.468897439878702,17.197759103823593,17.54669952392578,5200,0.0,0.0
2026-01-06 00:00:00-05:00,17.54669952392578,17.54669952392578,17.54669952392578,17.54669952392578,0,0.0,0.0
2026-01-07 00:00:00-05:00,17.54669952392578,17.54669952392578,17.54669952392578,17.54669952392578,0,0.0,0.0
2026-01-08 00:00:00-05:00,16.90365273363137,17.1857966284564,16.79897117614746,16.79897117614746,1200,0.0,0.0
2026-01-09 00:00:00-05:00,16.998364743836976,17.1080322265625,16.94851692527395,17.1080322265625,700,0.0,0.0
2026-01-12 00:00:00-05:00,16.749122061437266,16.749122061437266,16.626495361328125,16.626495361328125,1000,0.0,0.0
2026-01-13 00:00:00-05:00,16.450031280517578,16.76906188594876,16.450031280517578,16.450031280517578,1300,0.0,0.0
2026-01-14 00:00:00-05:00,16.545740127563477,16.545740127563477,16.545740127563477,16.545740127563477,1000,0.0,0.0
2026-01-15 00:00:00-05:00,16.64942508191362,16.749120712280273,16.61951525186027,16.749120712280273,1600,0.0,0.0
2026-01-16 00:00:00-05:00,16.749120712280273,16.749120712280273,16.749120712280273,16.749120712280273,0,0.0,0.0
2026-01-20 00:00:00-05:00,16.45002997846953,16.45002997846953,16.260604858398438,16.260604858398438,800,0.0,0.0
2026-01-21 00:00:00-05:00,16.400183342923246,16.400183342923246,16.20078826518433,16.210758209228516,1800,0.0,0.0
2026-01-22 00:00:00-05:00,16.609545268559213,16.609545268559213,16.260604858398438,16.260604858398438,2800,0.0,0.0
2026-01-23 00:00:00-05:00,16.310455904587986,16.529788970947266,16.262600933345713,16.529788970947266,1300,0.0,0.0
2026-01-26 00:00:00-05:00,16.693290274657894,17.496849060058594,16.592596320521068,17.496849060058594,4900,0.0,0.0
2026-01-27 00:00:00-05:00,17.19775888763433,17.19775888763433,16.948516005204844,17.147911071777344,1800,0.0,0.0
2026-01-28 00:00:00-05:00,17.167848726050483,18.095032535056593,16.958485621602524,17.815881729125977,3500,0.0,0.0
2026-01-29 00:00:00-05:00,17.92554886846862,17.92554886846862,16.853805541992188,16.853805541992188,2000,0.0,0.0
2026-01-30 00:00:00-05:00,18.194730072332533,18.194730072332533,16.5896053314209,16.5896053314209,1600,0.0,0.0
2026-02-02 00:00:00-05:00,17.347305097052253,17.347305097052253,16.948516845703125,16.948516845703125,500,0.0,0.0
2026-02-03 00:00:00-05:00,16.948516845703125,16.948516845703125,16.948516845703125,16.948516845703125,0,0.0,0.0
2026-02-04 00:00:00-05:00,16.948516845703125,16.948516845703125,16.948516845703125,16.948516845703125,0,0.0,0.0
2026-02-05 00:00:00-05:00,17.048213958740234,17.048213958740234,17.048213958740234,17.048213958740234,1800,0.0,0.0
2026-02-06 00:00:00-05:00,17.227669653315107,17.227669653315107,17.1080322265625,17.1080322265625,1300,0.0,0.0
2026-02-09 00:00:00-05:00,16.519817352294922,16.948515398991557,16.519817352294922,16.519817352294922,6900,0.0,0.0
2026-02-10 00:00:00-05:00,16.509849001808952,16.98939323425293,16.509849001808952,16.98939323425293,2600,0.0,0.0
2026-02-11 00:00:00-05:00,16.98939323425293,16.98939323425293,16.98939323425293,16.98939323425293,0,0.0,0.0
2026-02-12 00:00:00-05:00,16.9485162084652,16.9485162084652,16.509848197688207,16.649425506591797,3500,0.0,0.0
2026-02-13 00:00:00-05:00,16.649425506591797,16.649425506591797,16.649425506591797,16.649425506591797,0,0.0,0.0
2026-02-17 00:00:00-05:00,16.559698229796087,17.19775942006642,16.559698229796087,16.79897117614746,3700,0.0,0.0
2026-02-18 00:00:00-05:00,16.579635858169258,16.579635858169258,16.56966781616211,16.56966781616211,700,0.0,0.0
2026-02-19 00:00:00-05:00,16.699272481913198,16.848817825317383,16.699272481913198,16.848817825317383,1100,0.0,0.0
2026-02-20 00:00:00-05:00,16.71921414559953,16.948517156635454,16.609546661376953,16.609546661376953,2900,0.0,0.0
2026-02-23 00:00:00-05:00,16.609546468257403,16.69927406311035,16.609546468257403,16.69927406311035,1300,0.0,0.0
2026-02-24 00:00:00-05:00,16.69927406311035,16.69927406311035,16.69927406311035,16.69927406311035,0,0.0,0.0
2026-02-25 00:00:00-05:00,16.918605617474405,16.918605617474405,16.46996958482209,16.59957504272461,2500,0.0,0.0
2026-02-26 00:00:00-05:00,16.69927406311035,16.787006908524894,16.69927406311035,16.69927406311035,1100,0.0,0.0
2026-02-27 00:00:00-05:00,16.499878254082788,16.9734401166926,16.499878254082788,16.649425506591797,3000,0.0,0.0
2026-03-02 00:00:00-05:00,16.59957504272461,16.59957504272461,16.59957504272461,16.59957504272461,200,0.0,0.0
2026-03-03 00:00:00-05:00,16.59957504272461,16.59957504272461,16.59957504272461,16.59957504272461,0,0.0,0.0
2026-03-04 00:00:00-05:00,16.59957504272461,16.59957504272461,16.59957504272461,16.59957504272461,0,0.0,0.0
2026-03-05 00:00:00-05:00,16.59957504272461,16.59957504272461,16.59957504272461,16.59957504272461,0,0.0,0.0
2026-03-06 00:00:00-05:00,16.547732897423746,16.557702840833155,16.4998779296875,16.4998779296875,1100,0.0,0.0
2026-03-09 00:00:00-04:00,16.400183229542115,16.46000099182129,16.400183229542115,16.46000099182129,600,0.0,0.0
2026-03-10 00:00:00-04:00,16.510000228881836,16.510000228881836,16.510000228881836,16.510000228881836,0,0.05,0.0
2026-03-11 00:00:00-04:00,16.649999618530273,16.649999618530273,16.649999618530273,16.649999618530273,700,0.0,0.0
2026-03-12 00:00:00-04:00,16.649999618530273,16.649999618530273,16.649999618530273,16.649999618530273,0,0.0,0.0
2026-03-13 00:00:00-04:00,16.649999618530273,16.649999618530273,16.649999618530273,16.649999618530273,0,0.0,0.0
2026-03-16 00:00:00-04:00,16.360000610351562,16.360000610351562,16.360000610351562,16.360000610351562,300,0.0,0.0
2026-03-17 00:00:00-04:00,16.75,16.799999237060547,16.75,16.799999237060547,1200,0.0,0.0
2026-03-18 00:00:00-04:00,16.360000610351562,16.43000030517578,16.360000610351562,16.3700008392334,1800,0.0,0.0
2026-03-19 00:00:00-04:00,16.309999465942383,16.309999465942383,16.260000228881836,16.260000228881836,1600,0.0,0.0
2026-03-20 00:00:00-04:00,16.100000381469727,18.59000015258789,16.100000381469727,18.489999771118164,19700,0.0,0.0
2026-03-23 00:00:00-04:00,18.679000854492188,18.679000854492188,17.510000228881836,18.239999771118164,3200,0.0,0.0
2026-03-24 00:00:00-04:00,17.625,17.649999618530273,17.364999771118164,17.649999618530273,3100,0.0,0.0
2026-03-25 00:00:00-04:00,17.25,17.25,17.25,17.25,700,0.0,0.0
2026-03-26 00:00:00-04:00,17.700000762939453,17.700000762939453,17.510000228881836,17.510000228881836,2200,0.0,0.0
2026-03-27 00:00:00-04:00,18.0,18.0,17.75,17.75,800,0.0,0.0
2026-03-30 00:00:00-04:00,17.75,17.75,17.75,17.75,0,0.0,0.0
2026-03-31 00:00:00-04:00,17.5,17.56999969482422,17.34000015258789,17.510000228881836,2900,0.0,0.0
2026-04-01 00:00:00-04:00,17.510000228881836,17.510000228881836,17.510000228881836,17.510000228881836,0,0.0,0.0
2026-04-02 00:00:00-04:00,17.510000228881836,17.510000228881836,17.510000228881836,17.510000228881836,0,0.0,0.0
2026-04-06 00:00:00-04:00,17.510000228881836,17.510000228881836,17.510000228881836,17.510000228881836,0,0.0,0.0
2026-04-07 00:00:00-04:00,17.75,17.75,17.75,17.75,500,0.0,0.0
2026-04-08 00:00:00-04:00,16.78499984741211,17.25,16.78499984741211,16.959999084472656,1900,0.0,0.0
2026-04-09 00:00:00-04:00,17.375999450683594,17.375999450683594,17.375999450683594,17.375999450683594,900,0.0,0.0
2026-04-10 00:00:00-04:00,17.100000381469727,17.100000381469727,17.100000381469727,17.100000381469727,600,0.0,0.0
