Date,Open,High,Low,Close,Volume,Dividends,Stock Splits
2022-01-03 00:00:00-05:00,31.815251845565733,32.295132327264184,31.714222009308223,32.05940246582031,588100,0.0,0.0
2022-01-04 00:00:00-05:00,32.370903947343216,33.19596169560598,32.34564488182737,32.7244987487793,796900,0.0,0.0
2022-01-05 00:00:00-05:00,32.76658869622695,33.21279573174516,32.19410240725878,32.2109375,693600,0.0,0.0
2022-01-06 00:00:00-05:00,32.362479747592154,32.825525097735806,32.16042651441877,32.81710433959961,669700,0.0,0.0
2022-01-07 00:00:00-05:00,32.741334699358944,33.01074116056658,32.58979316348235,32.96864700317383,462800,0.0,0.0
2022-01-10 00:00:00-05:00,33.52430533026512,33.52430533026512,32.32881430693577,32.59822082519531,801800,0.0,0.0
2022-01-11 00:00:00-05:00,32.57295043446281,32.673980252378534,32.0509758882099,32.471923828125,544400,0.0,0.0
2022-01-12 00:00:00-05:00,32.606636293519486,32.80869277511244,31.529010289233913,31.773160934448242,1039900,0.0,0.0
2022-01-13 00:00:00-05:00,31.823673645121048,32.68240809858421,31.789997028535293,32.02573013305664,825700,0.0,0.0
2022-01-14 00:00:00-05:00,31.59635524357216,32.22777723140743,31.571099391763806,32.034141540527344,839000,0.0,0.0
2022-01-18 00:00:00-05:00,32.0425592809093,32.084653433818005,30.96493033929404,31.049121856689453,674900,0.0,0.0
2022-01-19 00:00:00-05:00,31.31011451456165,31.579521007154945,30.11462360512625,30.1230411529541,644800,0.0,0.0
2022-01-20 00:00:00-05:00,30.139880424980785,30.434545993647458,29.011739496792007,29.02857780456543,720700,0.0,0.0
2022-01-21 00:00:00-05:00,28.910708760394527,28.994897075739683,27.807823844534113,27.9930419921875,1182900,0.0,0.0
2022-01-24 00:00:00-05:00,27.45423290536374,28.009884214447272,26.881743288540854,27.892019271850586,1054800,0.0,0.0
2022-01-25 00:00:00-05:00,27.302686527308094,27.87517604306444,26.317668179501236,27.50473976135254,1135400,0.0,0.0
2022-01-26 00:00:00-05:00,27.689963722061183,28.649724814439683,27.67312541375538,27.82466697692871,1077300,0.0,0.0
2022-01-27 00:00:00-05:00,28.15300231481336,28.346638017890616,26.940673177972844,26.96592903137207,877800,0.0,0.0
2022-01-28 00:00:00-05:00,26.87332103627762,27.740474515402074,26.157709097756396,27.732053756713867,1967400,0.0,0.0
2022-01-31 00:00:00-05:00,27.353206500133386,27.917275362032477,27.20166494078581,27.875181198120117,718900,0.0,0.0
2022-02-01 00:00:00-05:00,27.858337843271006,28.13616184402355,27.563675537688265,27.614187240600586,816600,0.0,0.0
2022-02-02 00:00:00-05:00,27.504746349938898,27.68996453516268,26.822812507213186,27.277437210083008,1178000,0.0,0.0
2022-02-03 00:00:00-05:00,27.277436322219557,27.715219490460537,27.024864910015797,27.319530487060547,963600,0.0,0.0
2022-02-04 00:00:00-05:00,27.25217369248811,28.001460648102334,27.134308761705444,27.723636627197266,599800,0.0,0.0
2022-02-07 00:00:00-05:00,27.57084452712951,28.36876806031821,27.56235739127947,28.13957977294922,913000,0.27,0.0
2022-02-08 00:00:00-05:00,28.266905448096935,28.750753131225665,28.198998648811067,28.547029495239258,895400,0.0,0.0
2022-02-09 00:00:00-05:00,28.62342880146635,28.929017516349187,28.521563737752704,28.8101749420166,809600,0.0,0.0
2022-02-10 00:00:00-05:00,28.59795832503358,29.52321152208406,28.555516171396704,28.6998233795166,839600,0.0,0.0
2022-02-11 00:00:00-05:00,28.46213963274585,29.039361951291628,27.93584983811713,28.190505981445312,652200,0.0,0.0
2022-02-14 00:00:00-05:00,28.20748155809403,28.547025218035934,27.935847925391837,28.249923706054688,798500,0.0,0.0
2022-02-15 00:00:00-05:00,28.657379686888245,29.378909294010732,28.47063355218778,29.05634307861328,709100,0.0,0.0
2022-02-16 00:00:00-05:00,28.767731585644086,29.42135114565312,28.691334410107213,29.25157928466797,520800,0.0,0.0
2022-02-17 00:00:00-05:00,28.88657074245813,28.903548252267015,28.15655401132057,28.198999404907227,509600,0.0,0.0
2022-02-18 00:00:00-05:00,27.961313623775347,28.716798133804957,27.67270247335068,28.436674118041992,673900,0.0,0.0
2022-02-22 00:00:00-05:00,28.283877044525372,28.547023527301572,27.80851659638621,28.114105224609375,605900,0.0,0.0
2022-02-23 00:00:00-05:00,28.36876675989261,28.462141440607255,27.21432528760166,27.299209594726562,652900,0.0,0.0
2022-02-24 00:00:00-05:00,26.32302198057985,27.43502277006816,25.98347994017092,27.34164810180664,800000,0.0,0.0
2022-02-25 00:00:00-05:00,27.426540550776522,28.198999438286204,27.426540550776522,28.13957977294922,484500,0.0,0.0
2022-02-28 00:00:00-05:00,27.392580099055383,28.10561917982945,27.392580099055383,27.732120513916016,656000,0.0,0.0
2022-03-01 00:00:00-05:00,27.39258426530003,27.553865744029142,26.212673291741055,26.56919288635254,993100,0.0,0.0
2022-03-02 00:00:00-05:00,26.92570928199976,28.037710087267413,26.92570928199976,27.81700897216797,564000,0.0,0.0
2022-03-03 00:00:00-05:00,27.978294436717377,28.114111274249836,27.570843924119995,27.859455108642578,444300,0.0,0.0
2022-03-04 00:00:00-05:00,27.180366909656136,27.468978051585,26.92570916256728,27.146411895751953,638000,0.0,0.0
2022-03-07 00:00:00-05:00,27.0021088430602,27.0785060124054,25.83917703247544,25.847665786743164,1380800,0.0,0.0
2022-03-08 00:00:00-05:00,25.949526731733076,26.594657462919557,25.601495913720722,25.643938064575195,950400,0.0,0.0
2022-03-09 00:00:00-05:00,26.29755851591602,26.484307872291115,25.720336176328146,26.26360511779785,735000,0.0,0.0
2022-03-10 00:00:00-05:00,25.694872218400462,26.611636658963654,25.694872218400462,26.56919288635254,549800,0.0,0.0
2022-03-11 00:00:00-05:00,26.840827087308465,27.13792538823735,26.721986147872602,26.832338333129883,533300,0.0,0.0
2022-03-14 00:00:00-04:00,27.222808574655033,27.715146553139622,27.112458019553962,27.418045043945312,486400,0.0,0.0
2022-03-15 00:00:00-04:00,27.63026133097708,27.969805016134533,27.435024845356544,27.833988189697266,714700,0.0,0.0
2022-03-16 00:00:00-04:00,28.16504269023992,29.344952026851608,28.156552316782,29.310997009277344,809100,0.0,0.0
2022-03-17 00:00:00-04:00,28.912036886230204,29.48076885901996,28.835639715752464,29.310997009277344,645400,0.0,0.0
2022-03-18 00:00:00-04:00,29.370414538596542,29.370414538596542,28.462138932264818,28.479116439819336,1738300,0.0,0.0
2022-03-21 00:00:00-04:00,28.479119592762327,28.929015497444198,28.28388309146329,28.64889144897461,489000,0.0,0.0
2022-03-22 00:00:00-04:00,28.929014894910253,29.226113208497157,28.538538662316203,28.6998233795166,378500,0.0,0.0
2022-03-23 00:00:00-04:00,28.36027702902165,28.869589301418518,28.241437714670944,28.25841522216797,525600,0.0,0.0
2022-03-24 00:00:00-04:00,28.42818855038128,28.793193647266218,28.054689842109564,28.750751495361328,401400,0.0,0.0
2022-03-25 00:00:00-04:00,28.903542274568238,29.209130911669924,28.74226082193267,29.06482696533203,624500,0.0,0.0
2022-03-28 00:00:00-04:00,29.04785617737189,29.25157982380578,28.504588802709545,28.97994613647461,353900,0.0,0.0
2022-03-29 00:00:00-04:00,29.438326023461375,29.591120360873663,29.18366987381711,29.54018783569336,362500,0.0,0.0
2022-03-30 00:00:00-04:00,29.59960847498821,29.684496019762964,28.878082154110803,29.115760803222656,426900,0.0,0.0
2022-03-31 00:00:00-04:00,29.03087621917231,29.472281733397,28.886569013498516,28.912036895751953,554300,0.0,0.0
2022-04-01 00:00:00-04:00,29.013898168673748,29.260067184379064,28.606447679641835,29.24308967590332,617200,0.0,0.0
2022-04-04 00:00:00-04:00,29.183672721667897,29.183672721667897,28.6913346446,28.835641860961914,354600,0.0,0.0
2022-04-05 00:00:00-04:00,28.793190797991947,28.988430506065715,28.411208230518998,28.716796875,632400,0.0,0.0
2022-04-06 00:00:00-04:00,28.436675099236574,28.72528625961964,27.901894929500305,27.95282745361328,454400,0.0,0.0
2022-04-07 00:00:00-04:00,27.70666029952173,27.78305747174253,27.002109859424422,27.2822322845459,632200,0.0,0.0
2022-04-08 00:00:00-04:00,27.265252396764765,27.800032555656426,27.163390588732995,27.494443893432617,724100,0.0,0.0
2022-04-11 00:00:00-04:00,27.664213180541992,28.13957363772471,27.50293172952395,27.664213180541992,429400,0.0,0.0
2022-04-12 00:00:00-04:00,26.78140819735626,27.91038831786499,26.60314920089559,27.154905319213867,828100,0.0,0.0
2022-04-13 00:00:00-04:00,27.044551910749547,27.358627715162065,26.840826670817684,27.32467269897461,401700,0.0,0.0
2022-04-14 00:00:00-04:00,27.443515212060387,27.55386415730156,26.76442946096803,26.789894104003906,347200,0.0,0.0
2022-04-18 00:00:00-04:00,26.713494661957295,26.87477773672887,26.32302172405828,26.509769439697266,571500,0.0,0.0
2022-04-19 00:00:00-04:00,26.662565828775204,27.511421796884097,26.662565828775204,27.46048927307129,651800,0.0,0.0
2022-04-20 00:00:00-04:00,27.78305640317002,27.918873233213443,27.452003082322214,27.485958099365234,465200,0.0,0.0
2022-04-21 00:00:00-04:00,27.672704655493643,27.732124317196483,26.53523909061572,26.603147506713867,491600,0.0,0.0
2022-04-22 00:00:00-04:00,26.603146346950066,26.70500815712445,25.983481874685666,26.000457763671875,923000,0.0,0.0
2022-04-25 00:00:00-04:00,25.805218361789986,26.000454825112257,25.236484858890783,25.94952392578125,838100,0.0,0.0
2022-04-26 00:00:00-04:00,25.762779156604516,25.924062245139563,25.075206270418256,25.092182159423828,773300,0.0,0.0
2022-04-27 00:00:00-04:00,25.02427664981481,25.18555975706379,24.625314878266774,24.667757034301758,923900,0.0,0.0
2022-04-28 00:00:00-04:00,24.90543618576058,25.134627703687894,24.379144731897604,24.99032211303711,1076000,0.0,0.0
2022-04-29 00:00:00-04:00,24.65926652196126,25.151602944577704,24.14146545516433,24.175418853759766,1200000,0.0,0.0
2022-05-02 00:00:00-04:00,23.954717370469663,24.39612290914198,23.6661061812658,24.090534210205078,936500,0.0,0.0
2022-05-03 00:00:00-04:00,24.065067724099297,25.16857986731563,23.920762140534304,24.76112937927246,818300,0.0,0.0
2022-05-04 00:00:00-04:00,24.80357049197395,25.652426449360572,24.413097528726944,25.618473052978516,835200,0.0,0.0
2022-05-05 00:00:00-04:00,25.25017237502937,25.301564676313703,24.58208879513171,24.92469596862793,1083800,0.27,0.0
2022-05-06 00:00:00-04:00,24.796216380130673,25.2673009995314,24.342260892692355,25.087432861328125,810400,0.0,0.0
2022-05-09 00:00:00-04:00,24.753389304228087,25.609907976579784,24.753389304228087,25.42147445678711,863900,0.0,0.0
2022-05-10 00:00:00-04:00,25.789773696935093,25.88398962519471,24.85616836000255,25.387208938598633,1114000,0.0,0.0
2022-05-11 00:00:00-04:00,25.6184745677847,26.3208196508544,25.370084990599466,26.11525535583496,1329300,0.0,0.0
2022-05-12 00:00:00-04:00,25.99534161862049,26.723382805260936,25.8497333812924,26.586339950561523,1363600,0.0,0.0
2022-05-13 00:00:00-04:00,26.7919068760477,27.11738327965218,26.534950272873775,26.800472259521484,1076200,0.0,0.0
2022-05-16 00:00:00-04:00,26.586341094301048,27.511379586477236,26.312253739431338,27.211599349975586,993400,0.0,0.0
2022-05-17 00:00:00-04:00,27.77690182830891,28.256553478732737,27.648422715782665,28.222291946411133,742000,0.0,0.0
2022-05-18 00:00:00-04:00,27.802593317632105,27.88824713911293,27.211596652530808,27.29724884033203,940900,0.0,0.0
2022-05-19 00:00:00-04:00,27.194469027520555,27.88825035848785,27.09168606355806,27.519947052001953,1035400,0.0,0.0
2022-05-20 00:00:00-04:00,27.6998129497921,27.836855801505138,26.98890254390085,27.819725036621094,853800,0.0,0.0
2022-05-23 00:00:00-04:00,28.265110982640962,28.419284576662257,27.80259020057708,27.913938522338867,606400,0.0,0.0
2022-05-24 00:00:00-04:00,27.656986865928157,28.110940686379212,27.15164075232145,28.10237693786621,797600,0.0,0.0
2022-05-25 00:00:00-04:00,28.03385692176631,28.58202837212852,27.956770107349154,28.35933494567871,575300,0.0,0.0
2022-05-26 00:00:00-04:00,28.402156844724768,28.993153506625017,28.27367774687902,28.873241424560547,397900,0.0,0.0
2022-05-27 00:00:00-04:00,28.967459110365215,29.429979943636898,28.813285499274656,29.404285430908203,408300,0.0,0.0
2022-05-31 00:00:00-04:00,29.027418478636502,29.4128525505397,28.81328880173023,29.0959415435791,740900,0.0,0.0
2022-06-01 00:00:00-04:00,29.010289289900392,29.507071735669193,28.924638721424273,29.29294204711914,599700,0.0,0.0
2022-06-02 00:00:00-04:00,29.429979346891287,29.96101995912475,28.81328491503363,29.901063919067383,569100,0.0,0.0
2022-06-03 00:00:00-04:00,29.652674520908086,29.652674520908086,29.09593936309001,29.190156936645508,542900,0.0,0.0
2022-06-06 00:00:00-04:00,29.515633217532894,29.558458498480174,29.053112341639466,29.224416732788086,754000,0.0,0.0
2022-06-07 00:00:00-04:00,28.984592107378667,29.72119869102936,28.924636061487046,29.65267562866211,458600,0.0,0.0
2022-06-08 00:00:00-04:00,29.601289944546224,29.618420712074016,28.898944812705746,29.001726150512695,475100,0.0,0.0
2022-06-09 00:00:00-04:00,28.881808756915017,29.138763688063815,28.556330768201626,28.573461532592773,454700,0.0,0.0
2022-06-10 00:00:00-04:00,28.0252950021095,28.110945571560922,27.725511474309947,27.751209259033203,540200,0.0,0.0
2022-06-13 00:00:00-04:00,27.006034635595064,27.108815962589674,26.269428046188164,26.432167053222656,793600,0.0,0.0
2022-06-14 00:00:00-04:00,26.29512683067534,26.63773401113419,25.84973667923888,26.277996063232422,950200,0.0,0.0
2022-06-15 00:00:00-04:00,26.500691829298724,26.5606478832309,25.866868120518642,26.055301666259766,985200,0.0,0.0
2022-06-16 00:00:00-04:00,25.63560593210867,25.63560593210867,24.57352289956045,24.91613006591797,1038800,0.0,0.0
2022-06-17 00:00:00-04:00,25.250168137981667,25.327254943292925,24.71056213448248,25.05316925048828,1955000,0.0,0.0
2022-06-21 00:00:00-04:00,25.575646712148952,25.909688453733658,25.224474205949743,25.798341751098633,883600,0.0,0.0
2022-06-22 00:00:00-04:00,25.421475495976587,25.627039789702568,25.25873648414693,25.43860626220703,932800,0.0,0.0
2022-06-23 00:00:00-04:00,25.4214742529636,25.618473153941864,25.02747481732736,25.584213256835938,586000,0.0,0.0
2022-06-24 00:00:00-04:00,25.678431488580298,27.545642607202108,25.678431488580298,27.537078857421875,3762400,0.0,0.0
2022-06-27 00:00:00-04:00,27.759770476657877,27.759770476657877,26.980338603258133,27.408597946166992,716600,0.0,0.0
2022-06-28 00:00:00-04:00,27.69125148918361,27.73407677125276,27.28012126639277,27.322946548461914,479300,0.0,0.0
2022-06-29 00:00:00-04:00,28.24798715855701,28.24798715855701,27.20303490217656,27.262990951538086,886700,0.0,0.0
2022-06-30 00:00:00-04:00,26.791902654444947,27.9482031023296,26.492120814818616,27.228727340698242,1027500,0.0,0.0
2022-07-01 00:00:00-04:00,26.980336701676293,27.588464141579603,26.791903192201953,27.511377334594727,589900,0.0,0.0
2022-07-05 00:00:00-04:00,26.980340330806474,27.639860153198242,26.671993061391134,27.639860153198242,825100,0.0,0.0
2022-07-06 00:00:00-04:00,27.49424851043772,28.008161682393254,27.34864190216732,27.776901245117188,639700,0.0,0.0
2022-07-07 00:00:00-04:00,28.128073197312204,28.504940235110066,28.008161106529222,28.436420440673828,483800,0.0,0.0
2022-07-08 00:00:00-04:00,28.564898001301124,28.564898001301124,28.06811884279343,28.136638641357422,437600,0.0,0.0
2022-07-11 00:00:00-04:00,27.89681261174619,28.17946533906349,27.819725801328687,27.931074142456055,372300,0.0,0.0
2022-07-12 00:00:00-04:00,27.73408001316187,28.453555945047526,27.73408001316187,28.05099105834961,438600,0.0,0.0
2022-07-13 00:00:00-04:00,27.622724955242262,27.853985370206463,27.34007388151255,27.665550231933594,521400,0.0,0.0
2022-07-14 00:00:00-04:00,27.25442369676028,28.307941264090204,27.237292931353362,28.273679733276367,609700,0.0,0.0
2022-07-15 00:00:00-04:00,28.719073387343816,29.198725076042603,28.20516343094926,29.001726150512695,716600,0.0,0.0
2022-07-18 00:00:00-04:00,29.327202177240668,29.49850330599086,28.307942817435233,28.393596649169922,568300,0.0,0.0
2022-07-19 00:00:00-04:00,28.599158618736368,29.19015860764953,28.56489708687136,28.99315643310547,630400,0.0,0.0
2022-07-20 00:00:00-04:00,28.881812804180115,29.17302930491995,28.67624687003919,29.05311393737793,349900,0.0,0.0
2022-07-21 00:00:00-04:00,28.890368615062687,29.481365203857422,28.761892800468413,29.481365203857422,401900,0.0,0.0
2022-07-22 00:00:00-04:00,29.532763844757767,29.76402428161895,29.284372642126183,29.455677032470703,345600,0.0,0.0
2022-07-25 00:00:00-04:00,29.712630951219396,29.866804570433004,29.43854524314173,29.806848526000977,344900,0.0,0.0
2022-07-26 00:00:00-04:00,29.43854789026554,29.78972043952756,29.25867974079565,29.549896240234375,356800,0.0,0.0
2022-07-27 00:00:00-04:00,29.618413819623967,29.866801722575516,29.232979808341824,29.558454513549805,728000,0.0,0.0
2022-07-28 00:00:00-04:00,29.86680212487145,30.132324062299876,29.327197769167217,29.995281219482422,1140400,0.0,0.0
2022-07-29 00:00:00-04:00,29.61842336402076,30.072377308393648,28.770468265950527,29.215858459472656,1061100,0.0,0.0
2022-08-01 00:00:00-04:00,29.147325990635206,29.72119513351285,28.70193594063796,29.558454513549805,772900,0.0,0.0
2022-08-02 00:00:00-04:00,29.344330189937054,29.472809306108477,28.958899376142085,29.0445499420166,604600,0.0,0.0
2022-08-03 00:00:00-04:00,29.035979254191766,29.447107753397173,28.701934285438433,29.38715171813965,431800,0.0,0.0
2022-08-04 00:00:00-04:00,29.42997812119674,29.62697699708911,29.207281466807803,29.27580451965332,378700,0.0,0.0
2022-08-05 00:00:00-04:00,28.99953947791563,29.75064302826774,28.99953947791563,29.388042449951172,363000,0.27,0.0
2022-08-08 00:00:00-04:00,29.56934523012104,29.63841389469032,29.224008494025025,29.500276565551758,319000,0.0,0.0
2022-08-09 00:00:00-04:00,29.388040656668256,29.58660809839747,29.27580573973445,29.56070899963379,286200,0.0,0.0
2022-08-10 00:00:00-04:00,30.052811341761988,30.07871044027176,29.716106594261547,29.906042098999023,357000,0.0,0.0
2022-08-11 00:00:00-04:00,30.216848276223942,30.216848276223942,29.672944085106884,29.75064468383789,436800,0.0,0.0
2022-08-12 00:00:00-04:00,30.13051584056308,30.53628270782761,30.009645680625127,30.51038360595703,338800,0.0,0.0
2022-08-15 00:00:00-04:00,30.32907936429618,30.778015734164356,30.242743546989985,30.752113342285156,278100,0.0,0.0
2022-08-16 00:00:00-04:00,30.631248620374425,30.708949214663033,30.3981468375086,30.52764892578125,313600,0.0,0.0
2022-08-17 00:00:00-04:00,30.26864596197042,30.570813089336017,29.87150778880818,30.475845336914062,316900,0.0,0.0
2022-08-18 00:00:00-04:00,30.605349602008147,30.924783915661006,30.544916172219093,30.838451385498047,314500,0.0,0.0
2022-08-19 00:00:00-04:00,30.70031518058218,30.890247392124873,30.285913137159913,30.337711334228516,508200,0.0,0.0
2022-08-22 00:00:00-04:00,29.983744789715804,29.983744789715804,29.413941528935748,29.52617645263672,364700,0.0,0.0
2022-08-23 00:00:00-04:00,29.37940815627093,29.716109644962984,29.241274127746625,29.31034278869629,361800,0.0,0.0
2022-08-24 00:00:00-04:00,29.224003009486424,29.742008016415213,29.103136162548747,29.69020652770996,742000,0.0,0.0
2022-08-25 00:00:00-04:00,29.897414223469443,30.27728199114873,29.79381122861362,30.26865005493164,326200,0.0,0.0
2022-08-26 00:00:00-04:00,30.21684944367805,30.53628378708044,29.79381210238146,29.88014793395996,731600,0.0,0.0
2022-08-29 00:00:00-04:00,29.621144002767842,29.81971145506927,29.318973563146184,29.61250877380371,548500,0.0,0.0
2022-08-30 00:00:00-04:00,29.74201387829631,29.75064581476117,29.249911165418457,29.431211471557617,409200,0.0,0.0
2022-08-31 00:00:00-04:00,29.54344370154409,29.906044280631164,29.31034191782743,29.405309677124023,430700,0.0,0.0
2022-09-01 00:00:00-04:00,29.224006690375802,29.52617713915424,28.93047147082317,29.37940788269043,617800,0.0,0.0
2022-09-02 00:00:00-04:00,29.690215528024282,29.759284200568814,28.83551211222694,28.97364616394043,607100,0.0,0.0
2022-09-06 00:00:00-04:00,28.878678055137396,29.189480491277074,28.47290784202442,29.180845260620117,737900,0.0,0.0
2022-09-07 00:00:00-04:00,29.22400396232779,29.923309262463764,29.02543652254528,29.906042098999023,473800,0.0,0.0
2022-09-08 00:00:00-04:00,29.698846578052866,30.52765077166245,29.43984238584665,30.51038360595703,378900,0.0,0.0
2022-09-09 00:00:00-04:00,30.674412038548247,30.821181277861072,30.398144016356042,30.6053466796875,583900,0.0,0.0
2022-09-12 00:00:00-04:00,30.605352091815917,30.890252099230818,30.380882225731266,30.812551498413086,474800,0.0,0.0
2022-09-13 00:00:00-04:00,30.424052820931916,30.424052820931916,29.681581119764054,29.87151336669922,653300,0.0,0.0
2022-09-14 00:00:00-04:00,29.8542429285893,29.975109775526978,29.232638237624588,29.69020652770996,775300,0.0,0.0
2022-09-15 00:00:00-04:00,29.759276173028056,30.147775824479066,29.51753917770613,29.62977409362793,723100,0.0,0.0
2022-09-16 00:00:00-04:00,29.39667547219154,29.413942637517465,28.999540549820384,29.206743240356445,3802400,0.0,0.0
2022-09-19 00:00:00-04:00,29.04270461820149,30.717583300918978,29.04270461820149,30.691680908203125,963000,0.0,0.0
2022-09-20 00:00:00-04:00,30.346347649221904,30.63124762342427,29.733374850506582,30.58808135986328,832200,0.0,0.0
2022-09-21 00:00:00-04:00,30.933421962552305,30.933421962552305,29.86288070678711,29.86288070678711,569500,0.0,0.0
2022-09-22 00:00:00-04:00,29.733377489212867,30.234115412408066,29.457109425855204,29.888778686523438,577000,0.0,0.0
2022-09-23 00:00:00-04:00,29.64704516398802,29.64704516398802,28.57650394087869,29.215375900268555,952300,0.0,0.0
2022-09-26 00:00:00-04:00,29.172207813336424,29.43984063239232,28.628303652823774,28.662837982177734,542600,0.0,0.0
2022-09-27 00:00:00-04:00,29.09450905971067,29.224007862918693,28.006700669862592,28.196636199951172,769800,0.0,0.0
2022-09-28 00:00:00-04:00,28.291603000999096,28.714637021122858,28.101667477382303,28.4124698638916,754900,0.0,0.0
2022-09-29 00:00:00-04:00,27.97216954131651,28.360669243060396,27.69590147664858,28.317502975463867,555700,0.0,0.0
2022-09-30 00:00:00-04:00,28.438367886127036,28.792336525473225,28.02396581762722,28.593769073486328,795000,0.0,0.0
2022-10-03 00:00:00-04:00,28.921838969529247,29.163572689125935,28.28296704768453,28.835506439208984,901500,0.0,0.0
2022-10-04 00:00:00-04:00,28.89594045830741,29.353508806409682,28.671470605497813,29.241273880004883,1033300,0.0,0.0
2022-10-05 00:00:00-04:00,28.982271019968103,29.146304137119145,28.464269275951825,28.792335510253906,625500,0.0,0.0
2022-10-06 00:00:00-04:00,28.74917047069836,29.034073747394988,28.421100929059033,28.507436752319336,295400,0.0,0.0
2022-10-07 00:00:00-04:00,28.326136188232955,28.326136188232955,27.63546278236285,27.713163375854492,381100,0.0,0.0
2022-10-10 00:00:00-04:00,27.885833104775806,28.24843699010635,27.747699075453465,27.75633430480957,523000,0.0,0.0
2022-10-11 00:00:00-04:00,27.436895200799608,27.575029214353442,26.91889182662906,27.10882568359375,678900,0.0,0.0
2022-10-12 00:00:00-04:00,27.246961677085967,27.359196600433748,26.642625735544858,27.126094818115234,515000,0.0,0.0
2022-10-13 00:00:00-04:00,26.72895743191012,27.72179795971444,26.159154190688678,27.583663940429688,1158400,0.0,0.0
2022-10-14 00:00:00-04:00,27.82539761199191,28.19663340580923,27.15199468059063,27.359195709228516,557300,0.0,0.0
2022-10-17 00:00:00-04:00,27.756332152726287,28.05849928926072,27.31602770420493,27.618196487426758,681100,0.0,0.0
2022-10-18 00:00:00-04:00,28.110302969364547,28.35203669740867,27.782233414608207,28.049869537353516,521600,0.0,0.0
2022-10-19 00:00:00-04:00,27.790866158890882,28.01533602149632,27.126096740747165,27.35056495666504,433900,0.0,0.0
2022-10-20 00:00:00-04:00,27.488692979603595,27.540492819123894,26.633988217426225,26.659887313842773,427300,0.0,0.0
2022-10-21 00:00:00-04:00,26.884358523619447,27.40236191751491,26.668523913386952,27.27286148071289,434000,0.0,0.0
2022-10-24 00:00:00-04:00,27.46279630506105,27.678632569526982,27.221062587029127,27.488697052001953,351700,0.0,0.0
2022-10-25 00:00:00-04:00,27.43689633910372,27.808130486751857,27.307394255172788,27.583663940429688,617100,0.0,0.0
2022-10-26 00:00:00-04:00,27.62683374636395,28.03260392089374,27.45416537677413,27.652732849121094,516300,0.0,0.0
2022-10-27 00:00:00-04:00,27.86856481373136,28.498801502893045,27.54913050133432,28.21390151977539,736400,0.0,0.0
2022-10-28 00:00:00-04:00,29.396676118270648,30.52765077166245,29.396676118270648,30.51038360595703,1569200,0.0,0.0
2022-10-31 00:00:00-04:00,30.432683985867946,30.803919827037912,29.914682171543685,30.001014709472656,864500,0.0,0.0
2022-11-01 00:00:00-04:00,30.21684533087649,30.527647695505472,30.03554504930118,30.380878448486328,680900,0.0,0.0
2022-11-02 00:00:00-04:00,30.303182654040974,30.475851027652734,29.767913659882282,29.87151336669922,651300,0.0,0.0
2022-11-03 00:00:00-04:00,29.52618127620259,30.21685150916557,29.172212575973095,30.070085525512695,549000,0.0,0.0
2022-11-04 00:00:00-04:00,30.329079703506526,30.89888293060156,30.22547672158036,30.56218147277832,609900,0.0,0.0
2022-11-07 00:00:00-05:00,30.762277619160216,31.0232691252885,30.266392761910353,30.849273681640625,637700,0.27,0.0
2022-11-08 00:00:00-05:00,31.197257524847807,31.745341887045132,30.81446697151608,31.388652801513672,665400,0.0,0.0
2022-11-09 00:00:00-05:00,31.084165964279947,31.432156839613917,30.692677059200967,30.77967643737793,562900,0.0,0.0
2022-11-10 00:00:00-05:00,31.780150123515913,31.86714951737146,30.657886151623458,30.988473892211914,1266100,0.0,0.0
2022-11-11 00:00:00-05:00,31.493051047128397,31.58874869254291,30.318584469795525,30.83186912536621,720300,0.0,0.0
2022-11-14 00:00:00-05:00,30.64048157930003,30.918872959618312,30.24899266363775,30.344690322875977,976200,0.0,0.0
2022-11-15 00:00:00-05:00,31.292962258938154,31.440856229034335,30.77967752496172,31.301660537719727,526300,0.0,0.0
2022-11-16 00:00:00-05:00,31.04936365506005,31.719243877744482,30.93626945077748,31.606149673461914,636300,0.0,0.0
2022-11-17 00:00:00-05:00,31.26686109325387,32.380429953428425,31.26686109325387,32.11073684692383,840900,0.0,0.0
2022-11-18 00:00:00-05:00,32.52832146747452,32.92850863887664,32.27602825645224,32.81541442871094,633400,0.0,0.0
2022-11-21 00:00:00-05:00,32.597923797002096,33.10250694415143,32.136835363364995,32.40652847290039,520300,0.0,0.0
2022-11-22 00:00:00-05:00,32.528326283123675,32.90241535659055,32.22383672038894,32.79801940917969,346200,0.0,0.0
2022-11-23 00:00:00-05:00,32.711021600017034,33.00681289753441,32.51092797503286,32.58922576904297,207400,0.0,0.0
2022-11-25 00:00:00-05:00,32.8415174440436,33.04161105936748,32.36303242316587,32.79801940917969,98500,0.0,0.0
2022-11-28 00:00:00-05:00,32.65011967012374,32.80671523889019,32.441327790893205,32.537025451660156,332700,0.0,0.0
2022-11-29 00:00:00-05:00,32.25863204365937,32.972010337214186,32.189032542489684,32.74581527709961,451000,0.0,0.0
2022-11-30 00:00:00-05:00,32.78931472029858,33.276501293439665,31.936740706316947,33.024208068847656,525300,0.0,0.0
2022-12-01 00:00:00-05:00,33.25910517207834,33.40700247579617,32.824118177959576,33.08510971069336,335900,0.0,0.0
2022-12-02 00:00:00-05:00,32.62401723753196,33.363493634108025,32.62401723753196,33.328697204589844,375900,0.0,0.0
2022-12-05 00:00:00-05:00,33.38959475240058,33.772382022556,32.9459062641858,33.2068977355957,551200,0.0,0.0
2022-12-06 00:00:00-05:00,33.180802360042,33.3373979197264,32.18033441615485,32.624019622802734,763400,0.0,0.0
2022-12-07 00:00:00-05:00,32.458727332520226,32.90241256032458,32.37172795149885,32.415225982666016,499000,0.0,0.0
2022-12-08 00:00:00-05:00,32.4935262836606,32.63272198539187,31.893245442198378,32.0759391784668,494100,0.0,0.0
2022-12-09 00:00:00-05:00,31.96284108087822,32.20643269973085,31.510454275375555,31.53655242919922,586400,0.0,0.0
2022-12-12 00:00:00-05:00,31.519152651139187,31.771445867837148,31.205961529539913,31.562650680541992,637200,0.0,0.0
2022-12-13 00:00:00-05:00,32.423930878335376,32.423930878335376,31.12766817809848,31.52785873413086,907700,0.0,0.0
2022-12-14 00:00:00-05:00,31.440857111264982,32.162937061818425,31.292963137018898,31.406057357788086,613300,0.0,0.0
2022-12-15 00:00:00-05:00,31.084169293379325,31.31906266158368,30.623084155063722,31.05807113647461,679900,0.0,0.0
2022-12-16 00:00:00-05:00,30.831875177352025,31.301661900499564,30.727479233992753,30.95367431640625,1068200,0.0,0.0
2022-12-19 00:00:00-05:00,30.75357278854439,31.397354866753926,30.75357278854439,31.110261917114258,488600,0.0,0.0
2022-12-20 00:00:00-05:00,31.145055479735046,31.327749146661827,30.788366422012555,30.814464569091797,457000,0.0,0.0
2022-12-21 00:00:00-05:00,31.153768643619788,31.76274775952237,31.153768643619788,31.719249725341797,568700,0.0,0.0
2022-12-22 00:00:00-05:00,31.5974469699958,31.60614856613524,30.46648173598702,30.83186912536621,589900,0.0,0.0
2022-12-23 00:00:00-05:00,30.692676672967593,31.232062854816363,30.692676672967593,31.084165573120117,297800,0.0,0.0
2022-12-27 00:00:00-05:00,31.205963054037717,31.327758869790404,31.005869454060146,31.266860961914062,263900,0.0,0.0
2022-12-28 00:00:00-05:00,31.38865512426099,31.47565117353607,30.83186912536621,30.83186912536621,387800,0.0,0.0
2022-12-29 00:00:00-05:00,31.058068012819145,31.884543858114736,31.058068012819145,31.797544479370117,428400,0.0,0.0
2022-12-30 00:00:00-05:00,31.684447085591223,31.910642152634345,31.353859400969704,31.58875274658203,421700,0.0,0.0
2023-01-03 00:00:00-05:00,31.86713977745761,32.4935186283326,31.527850541840632,32.441322326660156,780900,0.0,0.0
2023-01-04 00:00:00-05:00,32.75451644907969,33.285197704521636,32.43262373837699,32.876312255859375,752000,0.0,0.0
2023-01-05 00:00:00-05:00,32.789318170783524,32.91981559549452,32.51092676217495,32.72842025756836,453900,0.0,0.0
2023-01-06 00:00:00-05:00,33.119902919812,33.58968957708131,32.94590749282113,33.4330940246582,526100,0.0,0.0
2023-01-09 00:00:00-05:00,33.45919002450126,33.45919002450126,33.01550486697235,33.102500915527344,476300,0.0,0.0
2023-01-10 00:00:00-05:00,33.259103680178114,33.70279225274171,33.17210761273169,33.23300552368164,681100,0.0,0.0
2023-01-11 00:00:00-05:00,33.33739904000984,33.47659472899724,32.945910127643074,33.14600372314453,605700,0.0,0.0
2023-01-12 00:00:00-05:00,33.180803182480304,33.83328359110911,32.815415746617916,33.75498580932617,1192300,0.0,0.0
2023-01-13 00:00:00-05:00,33.476594724120716,34.181274766278236,33.380897065702,34.11167526245117,577200,0.0,0.0
2023-01-17 00:00:00-05:00,33.94637547536979,34.12906916289829,33.48529045864935,33.54618835449219,517200,0.0,0.0
2023-01-18 00:00:00-05:00,33.30260214605443,33.98988237133633,33.28520226860191,33.467899322509766,632100,0.0,0.0
2023-01-19 00:00:00-05:00,33.31130654322078,33.38960433899273,33.076413155904916,33.119911193847656,325100,0.0,0.0
2023-01-20 00:00:00-05:00,33.319994912211165,33.36349293721529,32.78931037857566,33.27649688720703,370500,0.0,0.0
2023-01-23 00:00:00-05:00,33.27650678539156,33.34610630104999,32.81542160956093,33.119911193847656,581100,0.0,0.0
2023-01-24 00:00:00-05:00,33.128601055136734,33.128601055136734,32.60661482870167,32.70231246948242,624200,0.0,0.0
2023-01-25 00:00:00-05:00,32.47613316398163,32.7806227566741,32.397835366048184,32.6849250793457,676100,0.0,0.0
2023-01-26 00:00:00-05:00,32.60662491261193,33.27650528655767,32.154238037271135,33.26780700683594,708200,0.0,0.0
2023-01-27 00:00:00-05:00,32.25863214822118,34.346567409776135,32.032437087373424,33.65058898925781,1550000,0.0,0.0
2023-01-30 00:00:00-05:00,33.424392428030956,34.24216993928199,33.2764984722351,33.4330940246582,655100,0.0,0.0
2023-01-31 00:00:00-05:00,33.450495472691415,34.19867352086468,33.11120619937723,34.189971923828125,743300,0.0,0.0
2023-02-01 00:00:00-05:00,33.92897952501916,35.251340150903346,33.798482122448206,35.112144470214844,841100,0.0,0.0
2023-02-02 00:00:00-05:00,35.112146201809125,35.41663573124184,34.833754826702936,35.14694595336914,959900,0.0,0.0
2023-02-03 00:00:00-05:00,35.14694185214366,35.842920208696825,34.81635088827345,35.390533447265625,693000,0.0,0.0
2023-02-06 00:00:00-05:00,35.30354012633787,35.33833655784052,34.868553205029734,35.042545318603516,629400,0.0,0.0
2023-02-07 00:00:00-05:00,34.788560361105375,35.34910056034007,34.59587341471227,35.19144821166992,700200,0.27,0.0
2023-02-08 00:00:00-05:00,34.87614042406648,35.29654553624175,34.60462732739621,34.64842224121094,802800,0.0,0.0
2023-02-09 00:00:00-05:00,34.66593215515055,34.82358111519172,34.13166639479739,34.23676681518555,512700,0.0,0.0
2023-02-10 00:00:00-05:00,34.21049605539004,35.05130618692749,34.01780914734011,34.893653869628906,490000,0.0,0.0
2023-02-13 00:00:00-05:00,34.963723333905044,35.83081116891756,34.85862289184022,35.77825927734375,537500,0.0,0.0
2023-02-14 00:00:00-05:00,35.751980106166144,35.81328896739846,35.01627043029599,35.34033203125,506000,0.0,0.0
2023-02-15 00:00:00-05:00,35.06006568996992,35.31406147959254,34.911173680173505,34.963722229003906,461900,0.0,0.0
2023-02-16 00:00:00-05:00,34.54331497442756,35.375368136770746,34.525797678884466,35.00751495361328,472500,0.0,0.0
2023-02-17 00:00:00-05:00,35.05130809118985,35.279026261280094,34.69221186918582,35.016273498535156,1067100,0.0,0.0
2023-02-21 00:00:00-05:00,34.639657641530725,34.823584228926244,34.19297830912985,34.40317916870117,438600,0.0,0.0
2023-02-22 00:00:00-05:00,34.46448652424122,34.595864561540736,33.83388063201743,34.00028991699219,379400,0.0,0.0
2023-02-23 00:00:00-05:00,34.140426299241966,34.27180434180694,33.807604374871126,34.02656555175781,370200,0.0,0.0
2023-02-24 00:00:00-05:00,33.72001705774916,34.10538747847678,33.43098673639195,34.06159591674805,714100,0.0,0.0
2023-02-27 00:00:00-05:00,34.49076792051781,34.49076792051781,33.86015861802422,34.14918899536133,480100,0.0,0.0
2023-02-28 00:00:00-05:00,34.12291007110389,34.54331514294151,33.91270920572634,34.4644889831543,648700,0.0,0.0
2023-03-01 00:00:00-05:00,34.29808052917065,35.05130755429596,34.228014686017126,34.91992950439453,687200,0.0,0.0
2023-03-02 00:00:00-05:00,34.692210598393146,34.87613719146902,34.3155970938573,34.841102600097656,506200,0.0,0.0
2023-03-03 00:00:00-05:00,35.03379555146284,35.15641330131966,34.8411086067832,35.07758712768555,495200,0.0,0.0
2023-03-06 00:00:00-05:00,35.07758203509345,35.296543225501125,34.595868084413084,34.90241241455078,444000,0.0,0.0
2023-03-07 00:00:00-05:00,34.87614055650156,35.559298448745174,34.05284762633406,35.121376037597656,1247300,0.0,0.0
2023-03-08 00:00:00-05:00,35.16517399306673,35.36661791868783,34.92869546966375,34.94621276855469,834600,0.0,0.0
2023-03-09 00:00:00-05:00,35.08634503723768,35.095102015447395,33.868917918948675,33.991539001464844,902200,0.0,0.0
2023-03-10 00:00:00-05:00,33.78133315547624,34.48200831661439,33.32589346546577,33.9477424621582,1562600,0.0,0.0
2023-03-13 00:00:00-04:00,33.264588184465346,35.66440462884372,31.98585545987249,33.720027923583984,2447300,0.0,0.0
2023-03-14 00:00:00-04:00,34.58710725439145,34.84985998539745,33.99153261553398,34.806068420410156,1260500,0.0,0.0
2023-03-15 00:00:00-04:00,33.90395194971809,34.63966172715695,33.68499074620751,34.14043045043945,1599600,0.0,0.0
2023-03-16 00:00:00-04:00,33.90394924274017,35.471712136561585,33.842640377938885,35.103858947753906,1563700,0.0,0.0
2023-03-17 00:00:00-04:00,34.98999698704795,35.594328636823825,34.13166956839199,34.77979278564453,4673200,0.0,0.0
2023-03-20 00:00:00-04:00,35.02503309889924,35.638121752369166,34.919929323090756,35.462955474853516,722400,0.0,0.0
2023-03-21 00:00:00-04:00,36.11107510538731,36.28624470645031,35.02502959274472,35.05130386352539,1404700,0.0,0.0
2023-03-22 00:00:00-04:00,35.27902597238648,35.49798716306133,34.26304618129845,34.41194152832031,1405700,0.0,0.0
2023-03-23 00:00:00-04:00,34.39442485178805,34.53455988270134,33.895193595341816,34.35939025878906,843700,0.0,0.0
2023-03-24 00:00:00-04:00,33.93021969078798,35.077573924956425,33.84263323022583,34.692203521728516,1006700,0.0,0.0
2023-03-27 00:00:00-04:00,35.200201289018445,35.24399620185953,34.52580039247537,34.8148307800293,876600,0.0,0.0
2023-03-28 00:00:00-04:00,34.736001757036405,34.93744564342008,34.49076630249671,34.876136779785156,420500,0.0,0.0
2023-03-29 00:00:00-04:00,35.14765303207164,35.217718879251954,34.709730628675565,35.173927307128906,535800,0.0,0.0
2023-03-30 00:00:00-04:00,35.349095446589494,35.37536972053919,34.88489878770401,35.016273498535156,865900,0.0,0.0
2023-03-31 00:00:00-04:00,35.21771144413601,35.47170718634236,34.95495872578692,35.156402587890625,1004500,0.0,0.0
2023-04-03 00:00:00-04:00,35.0337860316393,35.47170835703479,34.65717256451261,35.2001953125,743600,0.0,0.0
2023-04-04 00:00:00-04:00,35.086339478292395,35.22647449502555,34.368147099899694,34.718482971191406,593200,0.0,0.0
2023-04-05 00:00:00-04:00,34.56959307401649,34.83234582868979,34.42945804878522,34.823585510253906,902600,0.0,0.0
2023-04-06 00:00:00-04:00,34.93744494543167,35.392884595536856,34.832344515740445,35.322818756103516,659400,0.0,0.0
2023-04-10 00:00:00-04:00,35.22647919832624,35.74322776797691,35.05130956875126,35.173927307128906,1098500,0.0,0.0
2023-04-11 00:00:00-04:00,36.34755508177219,36.960647040524584,36.08480233975899,36.86430358886719,2255600,0.0,0.0
2023-04-12 00:00:00-04:00,36.87306405471613,37.12705984383093,36.57527669463599,36.75044631958008,690000,0.0,0.0
2023-04-13 00:00:00-04:00,36.88182539585638,37.82773605104108,36.767964635324304,37.7138786315918,818300,0.0,0.0
2023-04-14 00:00:00-04:00,37.78394084227708,38.24813747664786,37.78394084227708,38.18682861328125,943600,0.0,0.0
2023-04-17 00:00:00-04:00,38.12551797984728,38.48461416621518,38.00290025880687,38.195587158203125,788800,0.0,0.0
2023-04-18 00:00:00-04:00,38.537166595458984,39.89472520503709,38.28317083194733,38.537166595458984,1469500,0.0,0.0
2023-04-19 00:00:00-04:00,38.53716025764783,38.79115597938741,37.94158569547036,38.07296371459961,777500,0.0,0.0
2023-04-20 00:00:00-04:00,37.950350970205385,38.22186067829194,37.79269866308572,38.11676025390625,682700,0.0,0.0
2023-04-21 00:00:00-04:00,38.15179953626173,38.15179953626173,37.35478092602396,37.55622482299805,641100,0.0,0.0
2023-04-24 00:00:00-04:00,37.52994134100095,37.854006262114524,37.162088197356965,37.302223205566406,671400,0.0,0.0
2023-04-25 00:00:00-04:00,37.10078164533638,37.67883900775314,36.916855062086135,37.14457321166992,814100,0.0,0.0
2023-04-26 00:00:00-04:00,36.802992473620364,36.969401753786784,36.38258744392454,36.62782287597656,591200,0.0,0.0
2023-04-27 00:00:00-04:00,36.7154102679096,37.12705836901369,36.44390053406014,37.11830139160156,823900,0.0,0.0
2023-04-28 00:00:00-04:00,36.680378464272316,37.28471012907695,35.54178097615167,36.25121307373047,1869600,0.0,0.0
2023-05-01 00:00:00-04:00,36.39134659661498,36.8029946745332,36.04101072145857,36.09355926513672,863500,0.0,0.0
2023-05-02 00:00:00-04:00,35.90087645392984,36.10232033810086,35.314058755620835,35.92715072631836,1045100,0.0,0.0
2023-05-03 00:00:00-04:00,36.049766809215264,36.26872797869326,35.28778287493485,35.39288330078125,851900,0.0,0.0
2023-05-04 00:00:00-04:00,35.12136591273261,35.29653549490991,34.02656020047683,34.263038635253906,1129000,0.0,0.0
2023-05-05 00:00:00-04:00,34.53651904684972,34.70412801069287,34.2012977539946,34.40419387817383,841100,0.28,0.0
2023-05-08 00:00:00-04:00,34.307154138904814,34.73941341829058,34.08661444568463,34.448299407958984,525400,0.0,0.0
2023-05-09 00:00:00-04:00,34.35126085685688,34.35126085685688,33.68082168083047,33.84843063354492,829700,0.0,0.0
2023-05-10 00:00:00-04:00,34.40418891823391,34.40418891823391,33.31031066169805,33.61024475097656,918500,0.0,0.0
2023-05-11 00:00:00-04:00,33.38970860174445,33.46910302684798,32.94862921009568,33.107418060302734,831900,0.0,0.0
2023-05-12 00:00:00-04:00,33.31031232825217,33.354422957104305,32.64869327749224,32.754554748535156,661500,0.0,0.0
2023-05-15 00:00:00-04:00,32.83395384163353,33.18681536648463,32.51637611364925,33.03684997558594,938300,0.0,0.0
2023-05-16 00:00:00-04:00,32.93098891402689,33.19563587532543,32.64869500811727,32.71044921875,884900,0.0,0.0
2023-05-17 00:00:00-04:00,32.93980796022716,33.26620575647699,32.42815426838331,32.72808837890625,1192900,0.0,0.0
2023-05-18 00:00:00-04:00,32.71927088991889,32.71927088991889,32.1194026208776,32.35758590698242,1076000,0.0,0.0
2023-05-19 00:00:00-04:00,32.5516519314837,32.78983177929761,32.031178250931305,32.20760726928711,1245800,0.0,0.0
2023-05-22 00:00:00-04:00,31.9341472376131,32.278188609688506,31.48424439323099,32.225257873535156,1071900,0.0,0.0
2023-05-23 00:00:00-04:00,32.07529187232057,32.29583155420928,31.757714191973875,31.837108612060547,796200,0.0,0.0
2023-05-24 00:00:00-04:00,31.731251690161468,31.731251690161468,30.469764393507617,31.193134307861328,962700,0.0,0.0
2023-05-25 00:00:00-04:00,31.034343466403175,31.598924498362855,30.946128942097623,31.140201568603516,839400,0.0,0.0
2023-05-26 00:00:00-04:00,31.228421410866517,31.96061143085972,31.184310780786998,31.810646057128906,1032600,0.0,0.0
2023-05-30 00:00:00-04:00,31.413674682190436,31.757716067831623,30.672661172667617,30.96377182006836,951100,0.0,0.0
2023-05-31 00:00:00-04:00,30.91084188245657,31.025520091376816,30.063970331882846,30.372724533081055,1313200,0.0,0.0
2023-06-01 00:00:00-04:00,30.469766085295202,31.007883497473497,30.319797337804612,30.681482315063477,865500,0.0,0.0
2023-06-02 00:00:00-04:00,31.016702065358054,31.801822828352254,30.919664062710478,31.643033981323242,1043600,0.0,0.0
2023-06-05 00:00:00-04:00,31.554817992359734,32.198793457693384,31.184309578027435,31.784177780151367,1061300,0.0,0.0
2023-06-06 00:00:00-04:00,31.651850066522506,32.71044101127097,31.554812086521785,32.51636505126953,852100,0.0,0.0
2023-06-07 00:00:00-04:00,32.55165779159043,32.9839136756139,32.51637063549958,32.878055572509766,932200,0.0,0.0
2023-06-08 00:00:00-04:00,32.736909985065346,33.04566418484341,32.58694125576715,32.99273681640625,625500,0.0,0.0
2023-06-09 00:00:00-04:00,32.99273718368765,33.29267128045457,32.99273718368765,33.28384780883789,644400,0.0,0.0
2023-06-12 00:00:00-04:00,33.2485600062963,33.37206505034963,32.86923149819624,32.89569854736328,685000,0.0,0.0
2023-06-13 00:00:00-04:00,32.79866062894107,33.68081932608275,32.763373473414994,32.88687515258789,847100,0.0,0.0
2023-06-14 00:00:00-04:00,32.95745004544062,33.583781923827495,32.83394836408755,33.48674392700195,868500,0.0,0.0
2023-06-15 00:00:00-04:00,33.398526472871744,34.07778902591333,33.398526472871744,33.980751037597656,1038400,0.0,0.0
2023-06-16 00:00:00-04:00,34.342439250241085,34.342439250241085,33.398529688740474,33.786678314208984,1302000,0.0,0.0
2023-06-20 00:00:00-04:00,33.41617235645192,33.6367120305161,33.03684384784806,33.301490783691406,963300,0.0,0.0
2023-06-21 00:00:00-04:00,33.19563322553579,33.76021426195085,33.01920081036398,33.495567321777344,1137800,0.0,0.0
2023-06-22 00:00:00-04:00,33.442634488740616,33.442634488740616,32.68397750673473,32.833946228027344,1042300,0.0,0.0
2023-06-23 00:00:00-04:00,32.41933822631836,33.13388811705316,32.22526219953802,32.41933822631836,12509700,0.0,0.0
2023-06-26 00:00:00-04:00,32.56929724783511,32.904518492573686,31.598924034058797,31.616567611694336,1719700,0.0,0.0
2023-06-27 00:00:00-04:00,31.651852212885185,31.88121197330281,31.007876824409763,31.01669692993164,1484000,0.0,0.0
2023-06-28 00:00:00-04:00,31.007883071899414,31.184312139228606,30.734412633269162,31.007883071899414,1344400,0.0,0.0
2023-06-29 00:00:00-04:00,31.175489225092434,31.898859104554628,31.12255849055796,31.74889373779297,1541400,0.0,0.0
2023-06-30 00:00:00-04:00,31.934146673475073,32.05764835714927,31.4666002586347,31.625389099121094,1552600,0.0,0.0
2023-07-03 00:00:00-04:00,31.537176064070906,32.048829766545175,31.537176064070906,31.951791763305664,556700,0.0,0.0
2023-07-05 00:00:00-04:00,31.69596049635943,31.731247649924807,30.319791793823242,30.319791793823242,1616000,0.0,0.0
2023-07-06 00:00:00-04:00,30.187475109199593,31.29899371270873,30.187475109199593,30.54033660888672,1580100,0.0,0.0
2023-07-07 00:00:00-04:00,30.48740560963375,30.76969612188485,29.7904994352527,29.825786590576172,824100,0.0,0.0
2023-07-10 00:00:00-04:00,29.59642549259038,30.072792026890664,29.455280226705327,29.46410369873047,1334500,0.0,0.0
2023-07-11 00:00:00-04:00,29.525854398498133,30.046328194884683,29.340598503726365,30.028684616088867,687000,0.0,0.0
2023-07-12 00:00:00-04:00,30.028679874863165,30.10807428432447,29.552313418095327,29.746389389038086,945600,0.0,0.0
2023-07-13 00:00:00-04:00,29.984578242624522,31.33428009150706,29.905183818268572,31.325456619262695,1120600,0.0,0.0
2023-07-14 00:00:00-04:00,31.29017352342069,31.528356801798964,30.91084497250368,31.157848358154297,934000,0.0,0.0
2023-07-17 00:00:00-04:00,31.104920451066903,31.581287051195854,31.104920451066903,31.493072509765625,683700,0.0,0.0
2023-07-18 00:00:00-04:00,31.545993608601982,31.84592770099266,31.29899024963379,31.29899024963379,655600,0.0,0.0
2023-07-19 00:00:00-04:00,31.369565467777825,31.863572199996252,31.140202314817717,31.784177780151367,624200,0.0,0.0
2023-07-20 00:00:00-04:00,31.951787600163016,32.1987909470123,31.70478088814552,32.00471496582031,437800,0.0,0.0
2023-07-21 00:00:00-04:00,32.22525285660297,32.36639809920274,31.93414226600196,32.26054000854492,470000,0.0,0.0
2023-07-24 00:00:00-04:00,32.30465162790893,32.4810840462739,32.03118457635328,32.454620361328125,936000,0.0,0.0
2023-07-25 00:00:00-04:00,32.639866711209415,32.91333707619619,32.42814717619258,32.51636505126953,568400,0.0,0.0
2023-07-26 00:00:00-04:00,32.392873696633174,32.52519550359301,31.84593279265864,31.93415069580078,732300,0.0,0.0
2023-07-27 00:00:00-04:00,31.810638136434587,32.18996657752097,31.572454927019805,31.713600158691406,1013200,0.0,0.0
2023-07-28 00:00:00-04:00,31.854751635632393,32.34875836075138,29.534673280323748,29.799320220947266,1866400,0.0,0.0
2023-07-31 00:00:00-04:00,29.940469933507597,30.14336606366914,29.764040856962904,29.843435287475586,1037400,0.0,0.0
2023-08-01 00:00:00-04:00,29.61406404397413,29.887534422461364,29.261199256582078,29.640527725219727,1058700,0.0,0.0
2023-08-02 00:00:00-04:00,29.38470952513971,29.79050174734891,29.19063352096635,29.499387741088867,709000,0.0,0.0
2023-08-03 00:00:00-04:00,29.234735278064793,29.552312910454766,28.846586708014815,29.402347564697266,788700,0.0,0.0
2023-08-04 00:00:00-04:00,29.411170659435093,29.569959491770007,28.92598405626433,29.111236572265625,984200,0.0,0.0
2023-08-07 00:00:00-04:00,29.244692664044734,29.778519348085037,29.218002517730717,29.51160430908203,669900,0.28,0.0
2023-08-08 00:00:00-04:00,29.360355564821944,29.547193376591768,29.111238482462173,29.431533813476562,553000,0.0,0.0
2023-08-09 00:00:00-04:00,29.41374001601086,29.814105796221845,29.387046475088546,29.520503997802734,805200,0.0,0.0
2023-08-10 00:00:00-04:00,29.653965039829448,29.894183178878652,29.26249140352309,29.333669662475586,616400,0.0,0.0
2023-08-11 00:00:00-04:00,29.25359621393115,29.698450156504457,29.22690266947971,29.55609703063965,837000,0.0,0.0
2023-08-14 00:00:00-04:00,29.591676846863535,29.67175067626674,29.235795800378067,29.484912872314453,448200,0.0,0.0
2023-08-15 00:00:00-04:00,29.262487552188333,29.520503615983486,29.057855175581544,29.155723571777344,441300,0.0,0.0
2023-08-16 00:00:00-04:00,29.12013474091369,29.41373993246464,28.8354285276335,28.844324111938477,722500,0.0,0.0
2023-08-17 00:00:00-04:00,28.826535525476384,29.209110170209495,28.790946397137006,29.173521041870117,712600,0.0,0.0
2023-08-18 00:00:00-04:00,28.9332950599585,29.849692912766,28.9332950599585,29.805208206176758,828200,0.0,0.0
2023-08-21 00:00:00-04:00,29.787414507056724,30.063225126239292,29.63616582148173,29.929767608642578,665400,0.0,0.0
2023-08-22 00:00:00-04:00,29.938666159854943,30.250062504521125,29.814104228022863,30.02763557434082,549500,0.0,0.0
2023-08-23 00:00:00-04:00,30.205580701650074,30.374623963013587,29.60947470658708,30.3657283782959,530200,0.0,0.0
2023-08-24 00:00:00-04:00,30.365725084205554,30.703811570256768,30.205577424932635,30.30344581604004,638800,0.0,0.0
2023-08-25 00:00:00-04:00,30.428007977151065,30.89065644861254,30.258961320021964,30.552566528320312,783300,0.0,0.0
2023-08-28 00:00:00-04:00,30.5525648128704,30.96182957058045,30.445800831286427,30.846166610717773,442700,0.0,0.0
2023-08-29 00:00:00-04:00,30.91734915017079,31.086392427293514,30.792790588715494,30.926244735717773,373300,0.0,0.0
2023-08-30 00:00:00-04:00,30.997424082285406,31.326615062520602,30.846171970955915,30.979629516601562,547200,0.0,0.0
2023-08-31 00:00:00-04:00,30.99742299595866,31.068597862233293,30.605952746532548,30.926244735717773,700800,0.0,0.0
2023-09-01 00:00:00-04:00,31.13977170088024,31.575729998037502,31.13977170088024,31.451168060302734,512300,0.0,0.0
2023-09-05 00:00:00-04:00,31.451167238513804,31.735873443679775,30.801680995856078,30.86396026611328,474900,0.0,0.0
2023-09-06 00:00:00-04:00,30.881760482699164,31.08639289300799,30.588158639722607,31.006319046020508,420800,0.0,0.0
2023-09-07 00:00:00-04:00,30.71271505895523,30.89065730583465,30.31234585196805,30.677125930786133,456100,0.0,0.0
2023-09-08 00:00:00-04:00,30.8372685016559,31.006311741487544,30.508077605577224,30.970726013183594,608900,0.0,0.0
2023-09-11 00:00:00-04:00,30.872858378436764,31.077490745538935,30.588152181254127,30.73940086364746,525100,0.0,0.0
2023-09-12 00:00:00-04:00,30.61484285452167,31.02410759578302,30.436900629722842,30.997417449951172,421600,0.0,0.0
2023-09-13 00:00:00-04:00,31.175353291284438,31.202043431651216,30.75718965772523,31.166454315185547,697600,0.0,0.0
2023-09-14 00:00:00-04:00,31.299923116224395,31.424481674902683,30.534773805524996,30.694921493530273,738000,0.0,0.0
2023-09-15 00:00:00-04:00,30.561465094749245,31.05970274200093,30.561465094749245,31.006319046020508,1213500,0.0,0.0
2023-09-18 00:00:00-04:00,30.917347103953087,31.050804636088934,30.650435433647417,30.810583114624023,750500,0.0,0.0
2023-09-19 00:00:00-04:00,30.86396059321953,31.041902821825573,30.739402051385017,30.8283748626709,839700,0.0,0.0
2023-09-20 00:00:00-04:00,30.881752526536157,31.513444160044735,30.75719399530522,31.282121658325195,1464400,0.0,0.0
2023-09-21 00:00:00-04:00,31.09528972815533,31.726981480843733,30.89065733195906,31.35330581665039,1087400,0.0,0.0
2023-09-22 00:00:00-04:00,31.326611922834463,31.424480327303634,30.935141698923807,30.988525390625,543500,0.0,0.0
2023-09-25 00:00:00-04:00,30.837271119227346,31.059698061343518,30.58815403012629,30.881755828857422,593000,0.0,0.0
2023-09-26 00:00:00-04:00,30.748299869028074,30.855063844576044,30.24116674271823,30.276752471923828,658300,0.0,0.0
2023-09-27 00:00:00-04:00,30.365727773174296,30.561461178756264,29.920873878904388,30.07212257385254,1748000,0.0,0.0
2023-09-28 00:00:00-04:00,30.143296228825548,30.50807623073492,29.983148579795547,30.445796966552734,1325500,0.0,0.0
2023-09-29 00:00:00-04:00,30.57925327240872,30.71271078749882,30.01873985454771,30.1343994140625,1174700,0.0,0.0
2023-10-02 00:00:00-04:00,29.876386964055147,30.018740063960376,29.27138544096651,29.42263412475586,1075200,0.0,0.0
2023-10-03 00:00:00-04:00,29.333670245614282,29.520508088129546,28.764257738539424,28.951095581054688,1275700,0.0,0.0
2023-10-04 00:00:00-04:00,28.986682535919,29.351462608011627,28.70197290978148,29.34256362915039,913100,0.0,0.0
2023-10-05 00:00:00-04:00,29.342563635620657,29.86749138767126,29.164621391982724,29.840801239013672,728000,0.0,0.0
2023-10-06 00:00:00-04:00,29.81410195361646,30.8906507929771,29.81410195361646,30.445796966552734,1601200,0.0,0.0
2023-10-09 00:00:00-04:00,30.29455240397989,30.686026040330297,30.25006768911267,30.410215377807617,606100,0.0,0.0
2023-10-10 00:00:00-04:00,30.855067286832828,31.07749424051878,30.303449392002133,30.374624252319336,642400,0.0,0.0
2023-10-11 00:00:00-04:00,30.552567566296414,30.552567566296414,29.449328343951134,29.751829147338867,1142100,0.0,0.0
2023-10-12 00:00:00-04:00,29.7696222045002,29.787416767794674,29.244694466194026,29.25359344482422,515300,0.0,0.0
2023-10-13 00:00:00-04:00,29.33366561419674,29.6539609473473,29.262487365067408,29.40484046936035,567000,0.0,0.0
2023-10-16 00:00:00-04:00,29.662859252061963,29.92977092284557,29.49381598582442,29.671754837036133,430900,0.0,0.0
2023-10-17 00:00:00-04:00,29.591680072280056,30.23227077732841,29.591680072280056,30.009843826293945,573600,0.0,0.0
2023-10-18 00:00:00-04:00,29.769618359291215,29.769618359291215,29.102337594784874,29.111236572265625,578300,0.0,0.0
2023-10-19 00:00:00-04:00,28.87101920301652,29.10234174099039,28.337194175960942,28.47954559326172,682800,0.0,0.0
2023-10-20 00:00:00-04:00,28.541824767619254,28.595205057710448,28.043587231652978,28.0524845123291,1189600,0.0,0.0
2023-10-23 00:00:00-04:00,27.919027423385607,28.239322744661685,27.812263447615447,27.95461654663086,1155400,0.0,0.0
2023-10-24 00:00:00-04:00,27.821164465221788,28.01689957841241,27.616532070024814,27.847854614257812,1200900,0.0,0.0
2023-10-25 00:00:00-04:00,27.696606851080734,27.75888783105489,27.038223192774048,27.18057632446289,1744000,0.0,0.0
2023-10-26 00:00:00-04:00,27.269541233791653,27.661013105103535,26.895863924126402,27.100496292114258,2556100,0.0,0.0
2023-10-27 00:00:00-04:00,27.572041537715073,28.5774104963582,27.30512990536246,28.0524845123291,1859600,0.0,0.0
2023-10-30 00:00:00-04:00,28.016900170524814,28.27491626321283,27.563148960509487,27.89234161376953,1331400,0.0,0.0
2023-10-31 00:00:00-04:00,28.079178914890317,28.328297720646184,27.77667811396642,28.203739166259766,949000,0.0,0.0
2023-11-01 00:00:00-04:00,28.13256307856513,28.346092759799213,27.749988429985418,28.03469467163086,939100,0.0,0.0
2023-11-02 00:00:00-04:00,28.22152974259604,28.746459157574982,28.016897363575993,28.70197105407715,606200,0.0,0.0
2023-11-03 00:00:00-04:00,29.120133157222977,29.529397892309778,29.05785388857784,29.129032135009766,881100,0.0,0.0
2023-11-06 00:00:00-05:00,29.26248984757789,29.26248984757789,28.67528281830752,29.200210571289062,741700,0.0,0.0
2023-11-07 00:00:00-05:00,29.19123646090518,29.424552911069775,28.715634854049522,29.26302719116211,888900,0.28,0.0
2023-11-08 00:00:00-05:00,29.22712893218186,29.451469807266566,29.03868341867153,29.137393951416016,880500,0.0,0.0
2023-11-09 00:00:00-05:00,29.245077585396636,29.30789275865541,28.877158674950856,29.101499557495117,810600,0.0,0.0
2023-11-10 00:00:00-05:00,29.137394489061982,29.478390160800355,29.00278859225936,29.40660285949707,606400,0.0,0.0
2023-11-13 00:00:00-05:00,29.23610588322171,29.23610588322171,28.581029195821774,28.634870529174805,681700,0.0,0.0
2023-11-14 00:00:00-05:00,29.16431432826726,29.639915897283014,28.922025767682772,29.33481216430664,1282600,0.0,0.0
2023-11-15 00:00:00-05:00,29.24507764957152,29.882204935834473,29.24507764957152,29.352760314941406,1132500,0.0,0.0
2023-11-16 00:00:00-05:00,29.406604286615966,29.621969624147773,29.18226339650431,29.227130889892578,655800,0.0,0.0
2023-11-17 00:00:00-05:00,29.2899465210071,29.37070937963074,28.85024028652203,29.002790451049805,768300,0.0,0.0
2023-11-20 00:00:00-05:00,29.020738819906462,29.020738819906462,28.48232032020575,28.545135498046875,634100,0.0,0.0
2023-11-21 00:00:00-05:00,28.419499844302955,28.805364680762064,28.240026473999023,28.240026473999023,638300,0.0,0.0
2023-11-22 00:00:00-05:00,28.25797677697536,28.634869520338526,28.24002909596162,28.347713470458984,406000,0.0,0.0
2023-11-24 00:00:00-05:00,28.419501278109664,28.54513161670971,28.320790748303914,28.3746337890625,204300,0.0,0.0
2023-11-27 00:00:00-05:00,28.23105928837037,28.31182215288441,27.925957225477152,28.275928497314453,741800,0.0,0.0
2023-11-28 00:00:00-05:00,28.275924881401092,28.275924881401092,27.89005829175298,27.96184730529785,644700,0.0,0.0
2023-11-29 00:00:00-05:00,28.078509112716418,28.500269407278942,28.078509112716418,28.275928497314453,583700,0.0,0.0
2023-11-30 00:00:00-05:00,28.410529636054346,28.679738014335467,28.266951606093063,28.554107666015625,499700,0.0,0.0
2023-12-01 00:00:00-05:00,28.464369169346025,29.047655093125673,28.392580158905222,28.96689224243164,539800,0.0,0.0
2023-12-04 00:00:00-05:00,28.868182588347455,29.074579208857724,28.778447606258755,28.832290649414062,453600,0.0,0.0
2023-12-05 00:00:00-05:00,28.715632611098076,28.769475654585143,28.132346666002164,28.356687545776367,2104100,0.0,0.0
2023-12-06 00:00:00-05:00,28.46436952504647,28.733579601252387,28.30284553322497,28.491291046142578,998600,0.0,0.0
2023-12-07 00:00:00-05:00,28.482318711159653,28.96689413540561,28.419503536867133,28.805368423461914,2465900,0.0,0.0
2023-12-08 00:00:00-05:00,28.868184545620284,29.074581180124316,28.625897681334557,29.002790451049805,992500,0.0,0.0
2023-12-11 00:00:00-05:00,29.020736702852375,29.20021009352182,28.86818312267377,29.101499557495117,755700,0.0,0.0
2023-12-12 00:00:00-05:00,29.083544836910402,29.55017417044282,28.904071489679566,29.44249153137207,685100,0.0,0.0
2023-12-13 00:00:00-05:00,29.41557601083851,29.684787813800472,29.12841994930467,29.54120635986328,1781900,0.0,0.0
2023-12-14 00:00:00-05:00,30.07065105189722,30.546256061114924,30.061678922592858,30.2680721282959,853100,0.0,0.0
2023-12-15 00:00:00-05:00,30.277050093907253,30.34883740357454,29.927075406078615,30.214231491088867,1811500,0.0,0.0
2023-12-18 00:00:00-05:00,30.034760444989697,30.680859901867628,29.612998462383636,29.747604370117188,1089000,0.0,0.0
2023-12-19 00:00:00-05:00,30.088596810462413,30.42062376739581,30.007833959204298,30.339860916137695,604000,0.0,0.0
2023-12-20 00:00:00-05:00,30.330886362164,30.761620441988995,30.223203698000297,30.232175827026367,821800,0.0,0.0
2023-12-21 00:00:00-05:00,30.330886840820312,30.39370201450462,29.89118062503018,30.330886840820312,588100,0.0,0.0
2023-12-22 00:00:00-05:00,30.582151920047977,30.716754400815343,30.36678315838172,30.609071731567383,418500,0.0,0.0
2023-12-26 00:00:00-05:00,30.59112455583913,30.860332945000117,30.474466332040226,30.6359920501709,448900,0.0,0.0
2023-12-27 00:00:00-05:00,30.653939689923586,30.69880718419298,30.528309336701135,30.54625701904297,331700,0.0,0.0
2023-12-28 00:00:00-05:00,30.519333348933657,30.689834617165626,30.43857049113176,30.456518173217773,384200,0.0,0.0
2023-12-29 00:00:00-05:00,30.438569005836495,30.58215045551834,30.124493142582885,30.384729385375977,502700,0.0,0.0
2024-01-02 00:00:00-05:00,30.25012398563046,30.573175406389876,30.178336682778497,30.330886840820312,485500,0.0,0.0
2024-01-03 00:00:00-05:00,30.19628239986049,30.519330376433743,29.98988578755896,30.16038703918457,758600,0.0,0.0
2024-01-04 00:00:00-05:00,29.801444505000486,30.070652901907142,29.684789701015582,29.936050415039062,696000,0.0,0.0
2024-01-05 00:00:00-05:00,29.747604877757702,29.927074860237838,29.541208236198663,29.855287551879883,524700,0.0,0.0
2024-01-08 00:00:00-05:00,29.909124986907205,30.42959400012008,29.900149435565517,30.420621871948242,471700,0.0,0.0
2024-01-09 00:00:00-05:00,30.28602022347948,30.348835398978252,29.91810129991365,30.034759521484375,431800,0.0,0.0
2024-01-10 00:00:00-05:00,30.079628023104704,30.178338565959816,29.828367312688375,29.927074432373047,474200,0.0,0.0
2024-01-11 00:00:00-05:00,29.971945370679098,30.510362157124888,29.88220695749117,30.492414474487305,678600,0.0,0.0
2024-01-12 00:00:00-05:00,30.62702135856534,30.887254207176127,30.14244418142158,30.214231491088867,586600,0.0,0.0
2024-01-16 00:00:00-05:00,30.07064802967104,31.52437929913115,30.00783286134288,31.515403747558594,1624000,0.0,0.0
2024-01-17 00:00:00-05:00,31.10261963149824,31.344908193965757,30.797515896150642,31.039804458618164,978900,0.0,0.0
2024-01-18 00:00:00-05:00,31.5064387526786,31.75769948288038,31.13851978780998,31.24620246887207,800900,0.0,0.0
2024-01-19 00:00:00-05:00,31.407717789570533,31.766664505004883,31.255167660571157,31.766664505004883,470600,0.0,0.0
2024-01-22 00:00:00-05:00,31.85640907588281,32.0807499848679,31.524385489072646,31.614120483398438,575400,0.0,0.0
2024-01-23 00:00:00-05:00,31.578218697465733,31.61411405716781,30.5642004596564,30.770593643188477,730000,0.0,0.0
2024-01-24 00:00:00-05:00,31.057751610091497,31.174409824808833,30.698804837039752,30.85135841369629,444700,0.0,0.0
2024-01-25 00:00:00-05:00,31.075702190710476,31.183384863405735,30.716755384165683,30.815465927124023,573900,0.0,0.0
2024-01-26 00:00:00-05:00,31.039802209311116,31.919217989075293,30.627015839391795,31.515403747558594,1283800,0.0,0.0
2024-01-29 00:00:00-05:00,31.380804152914102,32.09869430173729,31.24619825237277,31.955116271972656,751400,0.0,0.0
2024-01-30 00:00:00-05:00,31.97307149457831,32.610198937980044,31.83846556228958,32.601226806640625,822800,0.0,0.0
2024-01-31 00:00:00-05:00,32.287135361456876,32.457633178496664,31.353876585390108,31.371824264526367,828400,0.0,0.0
2024-02-01 00:00:00-05:00,31.291069028746872,31.614120485413288,31.01288849241682,31.452594757080078,790500,0.0,0.0
2024-02-02 00:00:00-05:00,31.461559783584377,31.623085457872158,31.21927127215271,31.407716751098633,435500,0.0,0.0
2024-02-05 00:00:00-05:00,31.21927988864132,32.07177597752163,30.941095945440676,32.02690505981445,1067600,0.0,0.0
2024-02-06 00:00:00-05:00,31.83845990150161,31.928198314795882,31.398753657456254,31.54233169555664,919600,0.0,0.0
2024-02-07 00:00:00-05:00,31.72324168314121,32.139342688494324,31.578510748641968,31.750377655029297,1287200,0.28,0.0
2024-02-08 00:00:00-05:00,31.678017859830497,32.003663365689945,31.370464154369692,31.641834259033203,588800,0.0,0.0
2024-02-09 00:00:00-05:00,31.569465505882786,32.021750092209714,31.524234286724052,32.003658294677734,629400,0.0,0.0
2024-02-12 00:00:00-05:00,32.148393010184925,32.65494959810415,32.04888983736994,32.329307556152344,630400,0.0,0.0
2024-02-13 00:00:00-05:00,31.9674759159556,32.17552641950327,31.442824119538074,31.5604190826416,750500,0.0,0.0
2024-02-14 00:00:00-05:00,31.804652564863588,32.01270306437013,31.488054728800936,31.985567092895508,553300,0.0,0.0
2024-02-15 00:00:00-05:00,32.10316848754883,32.43785818855599,32.07602905997755,32.10316848754883,538700,0.0,0.0
2024-02-16 00:00:00-05:00,32.1936162719608,32.32025540119168,31.759423492887446,31.804651260375977,578500,0.0,0.0
2024-02-20 00:00:00-05:00,31.741330623474028,31.958428731005426,31.587552078419005,31.650875091552734,387900,0.0,0.0
2024-02-21 00:00:00-05:00,31.750377885545472,32.08507097766429,31.569466804101207,31.940340042114258,481200,0.0,0.0
2024-02-22 00:00:00-05:00,32.18457078685073,32.37452947295414,31.895105495276585,32.1936149597168,861600,0.0,0.0
2024-02-23 00:00:00-05:00,32.157431353737444,32.30216227413644,31.849877716557415,31.867969512939453,626300,0.0,0.0
2024-02-26 00:00:00-05:00,31.92225062257251,32.003661995551994,31.587557505513537,31.949386596679688,482000,0.0,0.0
2024-02-27 00:00:00-05:00,31.985566964408683,32.22980105867204,31.858927830492334,32.1755256652832,499100,0.0,0.0
2024-02-28 00:00:00-05:00,32.02175363719429,32.392626901013784,32.02175363719429,32.22075653076172,540100,0.0,0.0
2024-02-29 00:00:00-05:00,32.32025407051848,32.32025407051848,31.488052140888588,31.867969512939453,946300,0.0,0.0
2024-03-01 00:00:00-05:00,31.78656133088372,32.48308003323531,31.6961057905919,32.4559440612793,857100,0.0,0.0
2024-03-04 00:00:00-05:00,32.600672366607235,33.22482382585587,32.50116920991744,32.74540328979492,982200,0.0,0.0
2024-03-05 00:00:00-05:00,32.618767234279005,32.98059285098412,32.501172269787425,32.95345687866211,799100,0.0,0.0
2024-03-06 00:00:00-05:00,33.15246711091368,33.15246711091368,32.555451494991054,32.62781524658203,590600,0.0,0.0
2024-03-07 00:00:00-05:00,32.75444672653684,32.93536123911898,32.2750262012529,32.302162170410156,690000,0.0,0.0
2024-03-08 00:00:00-05:00,32.320256730258436,32.57353499913545,31.768468972498425,31.904155731201172,815900,0.0,0.0
2024-03-11 00:00:00-04:00,31.813700443081867,32.60972238872218,31.795612093764195,32.555450439453125,867700,0.0,0.0
2024-03-12 00:00:00-04:00,32.483076312814006,32.709218588300224,31.931288608522472,32.02174758911133,552300,0.0,0.0
2024-03-13 00:00:00-04:00,32.05792809602287,32.46498488666835,32.05792809602287,32.302162170410156,445300,0.0,0.0
2024-03-14 00:00:00-04:00,32.32025804428871,32.41976121129517,31.895109403682124,32.0850715637207,663600,0.0,0.0
2024-03-15 00:00:00-04:00,31.714193274792652,32.42880022747057,31.714193274792652,32.39262008666992,1524900,0.0,0.0
2024-03-18 00:00:00-04:00,32.31121583809006,32.40167138597323,31.714200250350405,31.759428024291992,716500,0.0,0.0
2024-03-19 00:00:00-04:00,31.750383534388607,32.17553224286954,31.73229518355216,32.10316848754883,707500,0.0,0.0
2024-03-20 00:00:00-04:00,31.994613026780126,32.25693893432617,31.641831575570247,32.25693893432617,1032000,0.0,0.0
2024-03-21 00:00:00-04:00,32.247894287109375,32.37453342664392,32.048887953179225,32.247894287109375,929400,0.0,0.0
2024-03-22 00:00:00-04:00,32.33834972489687,32.38357749591903,31.632786835109602,32.03079605102539,1046100,0.0,0.0
2024-03-25 00:00:00-04:00,32.112214811782046,32.63686673826247,32.09412300907667,32.464996337890625,889400,0.0,0.0
2024-03-26 00:00:00-04:00,32.56449261370413,32.591628586671725,32.20266353773319,32.25693893432617,706200,0.0,0.0
2024-03-27 00:00:00-04:00,32.40166676269256,32.627809050791,32.066977142490956,32.211708068847656,648100,0.0,0.0
2024-03-28 00:00:00-04:00,32.329300897154646,32.80872141216086,32.247889540770835,32.67303466796875,1207000,0.0,0.0
2024-04-01 00:00:00-04:00,32.673036696578706,32.74540388481624,32.256935716185254,32.64590072631836,619900,0.0,0.0
2024-04-02 00:00:00-04:00,32.573534598132504,33.02581918736358,32.40166769646142,32.88108825683594,774300,0.0,0.0
2024-04-03 00:00:00-04:00,32.727313986426864,33.14341499096035,32.65494679399096,32.89013671875,541100,0.0,0.0
2024-04-04 00:00:00-04:00,33.15246651710913,33.19769429237567,32.51926731140338,32.56449508666992,957700,0.0,0.0
2024-04-05 00:00:00-04:00,32.691130860705755,33.03486812840812,32.573535896633786,32.8991813659668,502500,0.0,0.0
2024-04-08 00:00:00-04:00,32.89014105614303,33.28815031505508,32.808729679245324,33.27910614013672,727900,0.0,0.0
2024-04-09 00:00:00-04:00,33.469064869345324,33.559520421161395,33.04391618436196,33.27910614013672,1098000,0.0,0.0
2024-04-10 00:00:00-04:00,32.935370237310636,33.288151735366846,32.72731969873026,32.80873107910156,617700,0.0,0.0
2024-04-11 00:00:00-04:00,32.89917507067412,33.14340912593943,32.663988638191064,33.0800895690918,798400,0.0,0.0
2024-04-12 00:00:00-04:00,33.08914503202929,33.35146749369982,32.284075495849976,32.32025909423828,725400,0.0,0.0
2024-04-15 00:00:00-04:00,32.45594166929608,32.51926123296528,31.650875687795647,31.714195251464844,707300,0.0,0.0
2024-04-16 00:00:00-04:00,31.451869962809543,31.931290511197,31.252863644313248,31.85892677307129,1364200,0.0,0.0
2024-04-17 00:00:00-04:00,32.103165444130404,32.202665166931396,31.69610857573371,31.73229217529297,888900,0.0,0.0
2024-04-18 00:00:00-04:00,31.92224874278633,32.16648284734272,31.60564744399497,31.62373924255371,466600,0.0,0.0
2024-04-19 00:00:00-04:00,31.632790743929817,32.07602778563795,31.632790743929817,31.922252655029297,1319200,0.0,0.0
2024-04-22 00:00:00-04:00,31.904158102042306,32.22980358660197,31.687059962116574,31.994613647460938,1071000,0.0,0.0
2024-04-23 00:00:00-04:00,31.922248264916007,31.994612007409955,31.415688264827594,31.614694595336914,670700,0.0,0.0
2024-04-24 00:00:00-04:00,31.433783730435906,31.768473411165633,31.39760012963861,31.641834259033203,644200,0.0,0.0
2024-04-25 00:00:00-04:00,31.40664499067528,31.46091693643597,30.863901378463815,30.891040802001953,1108800,0.0,0.0
2024-04-26 00:00:00-04:00,30.357344931232905,31.370461513668378,29.12713021294665,29.669870376586914,1806400,0.0,0.0
2024-04-29 00:00:00-04:00,29.733189237761454,30.34829658222548,29.37136362085526,29.552274703979492,1465200,0.0,0.0
2024-04-30 00:00:00-04:00,29.36231409979261,30.031696796353113,29.34422230251719,29.71509552001953,1263300,0.0,0.0
2024-05-01 00:00:00-04:00,29.642735836968207,30.07692867900725,29.543232663669226,29.66082763671875,843600,0.0,0.0
2024-05-02 00:00:00-04:00,29.796507002364457,29.88696598910566,29.389453639330345,29.85078239440918,968100,0.0,0.0
2024-05-03 00:00:00-04:00,29.995515847051717,30.194522183973827,29.75128173828125,29.75128173828125,830300,0.0,0.0
2024-05-06 00:00:00-04:00,29.977420217124976,30.384477013054685,29.896008857939034,30.158334732055664,1246600,0.0,0.0
2024-05-07 00:00:00-04:00,30.22424435447629,30.431389867525926,30.035932374123213,30.18658447265625,955700,1.31,0.0
2024-05-08 00:00:00-04:00,30.195999153958944,30.685613545356155,30.073596454056293,30.582040786743164,944600,0.0,0.0
2024-05-09 00:00:00-04:00,30.582043611422527,31.316463470458984,30.337238189006023,31.316463470458984,612300,0.0,0.0
2024-05-10 00:00:00-04:00,31.23171785329761,31.467109167567695,31.0151582751835,31.099899291992188,558000,0.0,0.0
2024-05-13 00:00:00-04:00,31.212895264490456,31.259972817366496,30.93984042930757,30.96808624267578,895600,0.0,0.0
2024-05-14 00:00:00-04:00,31.13756429512343,31.13756429512343,30.516131338570286,30.760936737060547,811400,0.0,0.0
2024-05-15 00:00:00-04:00,30.88334282498061,31.128151827883272,30.770355988449182,30.986915588378906,843000,0.0,0.0
2024-05-16 00:00:00-04:00,30.911590528769175,31.184641736061828,30.90217286436695,31.118732452392578,511100,0.0,0.0
2024-05-17 00:00:00-04:00,31.081071920649507,31.11873539825066,30.629120964796407,30.873929977416992,631300,0.0,0.0
2024-05-20 00:00:00-04:00,30.873927869523367,31.09990153612828,30.704445823676345,30.742109298706055,562000,0.0,0.0
2024-05-21 00:00:00-04:00,30.72327812876155,30.892760177739518,30.61028770158508,30.82685089111328,405700,0.0,0.0
2024-05-22 00:00:00-04:00,30.685612366630256,30.760935720682106,30.290153084552024,30.487884521484375,550900,0.0,0.0
2024-05-23 00:00:00-04:00,30.431392010369034,30.911592353200117,30.27132762394987,30.629119873046875,709000,0.0,0.0
2024-05-24 00:00:00-04:00,30.732691548773396,31.05282390206423,30.327818172794206,30.63853645324707,682100,0.0,0.0
2024-05-28 00:00:00-04:00,30.902174563033643,31.401203050185327,30.86451108692758,30.986915588378906,982600,0.0,0.0
2024-05-29 00:00:00-04:00,30.421977996826172,30.534964834036856,30.111259704763302,30.421977996826172,874600,0.0,0.0
2024-05-30 00:00:00-04:00,30.553798006558473,30.80802109605717,30.48788871577588,30.75152587890625,568400,0.0,0.0
2024-05-31 00:00:00-04:00,30.751523237422447,31.231719970703125,30.713859762557036,31.231719970703125,755600,0.0,0.0
2024-06-03 00:00:00-04:00,31.382372230332916,31.382372230332916,30.902171930357625,31.08106803894043,857100,0.0,0.0
2024-06-04 00:00:00-04:00,31.005747697504855,31.231721373272133,30.911592597899624,30.939838409423828,619200,0.0,0.0
2024-06-05 00:00:00-04:00,30.97750221234259,31.06224323959481,30.525547672472854,30.7138614654541,1244300,0.0,0.0
2024-06-06 00:00:00-04:00,30.74210867882108,31.08106917189364,30.5726266363915,30.86450958251953,629700,0.0,0.0
2024-06-07 00:00:00-04:00,30.67619919191195,30.96808213611007,30.534962960225617,30.732690811157227,1311400,0.0,0.0
2024-06-10 00:00:00-04:00,30.544380636794422,30.864513020174435,30.130093149038462,30.600875854492188,854700,0.0,0.0
2024-06-11 00:00:00-04:00,30.600871583102958,30.836262902972983,30.17716648897962,30.544376373291016,1292200,0.0,0.0
2024-06-12 00:00:00-04:00,30.836260490711574,30.968079044841037,30.45021889999549,30.56320571899414,664300,0.0,0.0
2024-06-13 00:00:00-04:00,30.478468881675553,30.478468881675553,29.875867642091407,30.130090713500977,902600,0.0,0.0
2024-06-14 00:00:00-04:00,29.92294924724187,30.026520220687512,29.668726156624082,29.80054473876953,702200,0.0,0.0
2024-06-17 00:00:00-04:00,29.725215634984888,29.90411354123197,29.414499164078517,29.875865936279297,623200,0.0,0.0
2024-06-18 00:00:00-04:00,29.800543477710853,30.007689007623416,29.47099524039911,29.98885726928711,789800,0.0,0.0
2024-06-20 00:00:00-04:00,30.0076858828104,30.34664815809947,29.744046961236034,30.10184097290039,628300,0.0,0.0
2024-06-21 00:00:00-04:00,30.167755479519514,30.57262887814589,29.941778209114638,30.5067195892334,1552600,0.0,0.0
2024-06-24 00:00:00-04:00,30.666781144440172,30.855094920407446,30.34664880283177,30.393726348876953,846900,0.0,0.0
2024-06-25 00:00:00-04:00,30.318404214245728,30.69502818955743,30.120674561929746,30.66678237915039,754300,0.0,0.0
2024-06-26 00:00:00-04:00,30.591458990373887,30.779769181949092,30.252494898679846,30.742109298706055,747600,0.0,0.0
2024-06-27 00:00:00-04:00,30.76093625332664,31.01515931225329,30.497299121900426,30.779767990112305,594000,0.0,0.0
2024-06-28 00:00:00-04:00,30.921002376452673,31.16580775649675,30.676196996408596,30.95866584777832,781100,0.0,0.0
2024-07-01 00:00:00-04:00,31.05282456189275,31.3070476353597,30.629119439447823,30.82685089111328,657300,0.0,0.0
2024-07-02 00:00:00-04:00,30.911590528769175,31.156395926428313,30.770354297028447,31.118732452392578,444100,0.0,0.0
2024-07-03 00:00:00-04:00,31.29763290003402,31.382373922729805,30.93041940716118,31.024578094482422,217300,0.0,0.0
2024-07-05 00:00:00-04:00,30.902173710640206,31.29763301527217,30.50671799779492,30.66678237915039,512700,0.0,0.0
2024-07-08 00:00:00-04:00,30.619705859891567,30.97750170147666,30.403146258659927,30.421977996826172,589700,0.0,0.0
2024-07-09 00:00:00-04:00,30.280738076917363,30.704443154704517,30.24307460516154,30.450220108032227,400900,0.0,0.0
2024-07-10 00:00:00-04:00,30.38431265592726,30.74210847555582,30.38431265592726,30.732690811157227,245000,0.0,0.0
2024-07-11 00:00:00-04:00,31.259966512861904,31.758994937920626,31.128147954679324,31.730749130249023,579600,0.0,0.0
2024-07-12 00:00:00-04:00,31.87198052742017,32.14503529697025,31.627175156235193,31.9190616607666,475100,0.0,0.0
2024-07-15 00:00:00-04:00,32.116792958752484,32.21094805204098,31.740165402025347,31.966142654418945,594400,0.0,0.0
2024-07-16 00:00:00-04:00,32.210950604670316,32.56874645273678,32.01322273802314,32.54050064086914,560600,0.0,0.0
2024-07-17 00:00:00-04:00,32.54050169491775,32.96420325380424,32.45576066478306,32.9171257019043,733600,0.0,0.0
2024-07-18 00:00:00-04:00,32.81355172566616,33.3973248414708,32.587578048143655,32.64406967163086,798100,0.0,0.0
2024-07-19 00:00:00-04:00,32.6911563718728,32.757065671671945,32.43693324759577,32.51225662231445,468000,0.0,0.0
2024-07-22 00:00:00-04:00,32.40867526260159,33.10543515124238,32.33335190781655,33.01128005981445,486600,0.0,0.0
2024-07-23 00:00:00-04:00,32.9924494871131,33.152513866544794,32.70998061107758,32.71939468383789,432200,0.0,0.0
2024-07-24 00:00:00-04:00,32.72880696611554,32.898289000822395,32.57815666768573,32.74763870239258,576400,0.0,0.0
2024-07-25 00:00:00-04:00,32.625244999157594,33.670379654619424,32.531086297007505,33.35966491699219,800600,0.0,0.0
2024-07-26 00:00:00-04:00,32.31452017117366,34.24472827973825,32.31452017117366,33.01128005981445,1192200,0.0,0.0
2024-07-29 00:00:00-04:00,32.935953865217705,33.105435907086694,32.40867600253788,32.45575714111328,1194900,0.0,0.0
2024-07-30 00:00:00-04:00,32.728809440687016,33.28433313160915,32.540499247251745,32.83238220214844,1143800,0.0,0.0
2024-07-31 00:00:00-04:00,32.92653764223272,32.92653764223272,32.248609519030374,32.323936462402344,1170700,0.0,0.0
2024-08-01 00:00:00-04:00,32.258026256274746,32.55933046287058,31.344710339041065,31.768415451049805,1160800,0.0,0.0
2024-08-02 00:00:00-04:00,31.50477407701753,32.25802559868523,31.344709700069767,31.966142654418945,1999700,0.0,0.0
2024-08-05 00:00:00-04:00,31.457697657294805,31.721334801376234,30.5349640612231,30.591459274291992,1440100,0.0,0.0
2024-08-06 00:00:00-04:00,30.440812056789955,30.713863301559847,30.214834773345938,30.299575805664062,661200,0.0,0.0
2024-08-07 00:00:00-04:00,30.506719543961626,30.968084565664412,30.27132820054151,30.32781982421875,614600,0.0,0.0
2024-08-08 00:00:00-04:00,30.441904597555702,31.278535084074502,30.36584744544904,31.22149085998535,677300,0.31,0.0
2024-08-09 00:00:00-04:00,31.24050482895293,31.630297950530444,30.964796526041983,31.525718688964844,683300,0.0,0.0
2024-08-12 00:00:00-04:00,31.639806151043622,31.706355936383407,30.92676962809625,31.00282859802246,431900,0.0,0.0
2024-08-13 00:00:00-04:00,31.145433066121097,31.221492034434387,30.67958457862148,30.89824867248535,910200,0.0,0.0
2024-08-14 00:00:00-04:00,30.983818622961802,31.48769668283415,30.822195100345553,31.354597091674805,601600,0.0,0.0
2024-08-15 00:00:00-04:00,31.706354721286832,31.972557479135464,31.487690631165886,31.592269897460938,380700,0.0,0.0
2024-08-16 00:00:00-04:00,31.61128376432981,32.05812111642689,31.30705515808658,31.944032669067383,720700,0.0,0.0
2024-08-19 00:00:00-04:00,31.915512551775883,32.21023560242466,31.715863207799813,32.11516189575195,318000,0.0,0.0
2024-08-20 00:00:00-04:00,32.115161227289896,32.28629026904772,31.95354136934695,32.105655670166016,313700,0.0,0.0
2024-08-21 00:00:00-04:00,32.15319224474303,32.15319224474303,31.85846918615336,32.029598236083984,298300,0.0,0.0
2024-08-22 00:00:00-04:00,32.03910711729423,32.30530624725003,31.86797806898232,32.267276763916016,315100,0.0,0.0
2024-08-23 00:00:00-04:00,32.49545068913139,32.85672353466984,32.27678659561084,32.4669303894043,308500,0.0,0.0
2024-08-26 00:00:00-04:00,32.65707386736489,32.70461254065126,32.15319584541531,32.21974563598633,271600,0.0,0.0
2024-08-27 00:00:00-04:00,32.210238453400414,32.36235277084953,32.048614951096816,32.24826431274414,280400,0.0,0.0
2024-08-28 00:00:00-04:00,32.210234739177885,32.47643385734507,32.181710814594986,32.20072555541992,260400,0.0,0.0
2024-08-29 00:00:00-04:00,32.32431955743654,32.40988407780327,32.07713518009429,32.20072555541992,279200,0.0,0.0
2024-08-30 00:00:00-04:00,32.229255030069446,32.72362386988715,32.191225541870665,32.60953903198242,440900,0.0,0.0
2024-09-03 00:00:00-04:00,32.48594060836878,33.265530504079656,32.48594060836878,33.08489227294922,458100,0.0,0.0
2024-09-04 00:00:00-04:00,33.02785177287778,33.20848637785203,32.78066375902762,33.037357330322266,407700,0.0,0.0
2024-09-05 00:00:00-04:00,33.02785658948838,33.17046173209923,32.67608925899332,32.80918884277344,689800,0.0,0.0
2024-09-06 00:00:00-04:00,32.84721694059762,33.0278551909574,31.94403656887324,31.991575241088867,481700,0.0,0.0
2024-09-09 00:00:00-04:00,32.039106375200305,32.143685638600985,31.649313246782977,31.944032669067383,461100,0.0,0.0
2024-09-10 00:00:00-04:00,31.925022740024108,32.60953531614428,31.810934288428083,32.5620002746582,405500,0.0,0.0
2024-09-11 00:00:00-04:00,32.419390295429515,32.428899479381236,31.73487774523937,32.4003791809082,491700,0.0,0.0
2024-09-12 00:00:00-04:00,32.51446294709042,32.628547763973984,32.16269931279639,32.58101272583008,398500,0.0,0.0
2024-09-13 00:00:00-04:00,32.78066971434014,33.13243343074959,32.74264022427107,33.06588363647461,313900,0.0,0.0
2024-09-16 00:00:00-04:00,33.23700919946342,33.598282063522554,33.07538932380282,33.503211975097656,344200,0.0,0.0
2024-09-17 00:00:00-04:00,33.66482895467556,33.9215225233699,33.47468516749186,33.90250778198242,411200,0.0,0.0
2024-09-18 00:00:00-04:00,34.00709218901705,34.24477105226708,33.66483404566635,34.016597747802734,633100,0.0,0.0
2024-09-19 00:00:00-04:00,34.377866155773965,34.62505054560006,33.96905827411871,34.5870246887207,587500,0.0,0.0
2024-09-20 00:00:00-04:00,34.53949006352288,34.53949006352288,33.74088903238098,34.20673751831055,1570700,0.0,0.0
2024-09-23 00:00:00-04:00,34.91977157661922,34.91977157661922,34.3778641606086,34.9007568359375,636400,0.0,0.0
2024-09-24 00:00:00-04:00,34.86272968782511,35.58527537532424,34.79617990433061,35.4616813659668,596700,0.0,0.0
2024-09-25 00:00:00-04:00,35.499712034269685,35.518726776858394,35.11942443587809,35.1384391784668,598200,0.0,0.0
2024-09-26 00:00:00-04:00,35.16696080687954,35.49020415637503,35.05287235880507,35.252525329589844,554300,0.0,0.0
2024-09-27 00:00:00-04:00,35.37611657647583,35.57576592546917,35.09090270267231,35.166961669921875,481500,0.0,0.0
2024-09-30 00:00:00-04:00,35.17646973996879,35.17646973996879,34.710617599019564,34.95780563354492,327200,0.0,0.0
2024-10-01 00:00:00-04:00,35.005341331408644,35.005341331408644,34.40638960377933,34.48244857788086,357800,0.0,0.0
2024-10-02 00:00:00-04:00,34.44441280552811,34.74864139303662,34.24476347498019,34.69160079956055,434000,0.0,0.0
2024-10-03 00:00:00-04:00,34.529983641097616,34.81519754074196,34.23526055633994,34.38737487792969,311900,0.0,0.0
2024-10-04 00:00:00-04:00,34.729632987452625,35.12893534806961,34.653577640048894,35.06238555908203,479300,0.0,0.0
2024-10-07 00:00:00-04:00,34.93878834502017,35.04336761149354,34.5014601640326,34.5870246887207,383100,0.0,0.0
2024-10-08 00:00:00-04:00,34.84372333130968,34.84372333130968,34.197236523334496,34.26378631591797,552600,0.0,0.0
2024-10-09 00:00:00-04:00,34.22575499791811,34.79618279720681,34.21624943949628,34.38737487792969,401200,0.0,0.0
2024-10-10 00:00:00-04:00,34.30181342442188,34.41589825711993,33.98807560113795,34.235260009765625,629400,0.0,0.0
2024-10-11 00:00:00-04:00,34.31131823119677,34.95780498014527,34.31131823119677,34.85322570800781,489000,0.0,0.0
2024-10-14 00:00:00-04:00,34.88174710489088,35.35710481013072,34.81519731629261,35.15745544433594,452700,0.0,0.0
2024-10-15 00:00:00-04:00,35.452176575820346,36.041619082399805,35.38562679088515,35.42365264892578,450700,0.0,0.0
2024-10-16 00:00:00-04:00,35.61379928380776,36.26979525428725,35.49971444721238,36.13669204711914,390600,0.0,0.0
2024-10-17 00:00:00-04:00,36.13669093768154,36.52648410854929,36.13669093768154,36.50747299194336,386800,0.0,0.0
2024-10-18 00:00:00-04:00,36.421908039121156,36.91628047905987,36.29831402246363,36.792686462402344,506600,0.0,0.0
2024-10-21 00:00:00-04:00,36.678599913298285,37.10641891908938,36.602540944549766,36.86874008178711,750100,0.0,0.0
2024-10-22 00:00:00-04:00,36.65958281961911,36.821202677805914,36.18422517550591,36.30781555175781,627100,0.0,0.0
2024-10-23 00:00:00-04:00,36.32682972292556,36.32682972292556,35.93703660593442,36.15570068359375,571300,0.0,0.0
2024-10-24 00:00:00-04:00,36.07964618182605,37.05888177543992,36.07964618182605,36.697608947753906,956700,0.0,0.0
2024-10-25 00:00:00-04:00,37.83847048070941,38.30432260135215,36.65007628453957,36.72613525390625,1204200,0.0,0.0
2024-10-28 00:00:00-04:00,37.9905846708092,38.37087226303941,37.54375092063365,37.88600540161133,1267400,0.0,0.0
2024-10-29 00:00:00-04:00,37.79094010339165,38.28531258523022,37.5627667938155,37.75291061401367,1270800,0.0,0.0
2024-10-30 00:00:00-04:00,37.724385018737564,38.37087174071383,37.724385018737564,38.31382751464844,1506300,0.0,0.0
2024-10-31 00:00:00-04:00,38.38037990195298,38.64658268162508,38.07615126234897,38.1522102355957,544900,0.0,0.0
2024-11-01 00:00:00-04:00,38.180726981004995,38.54199981689453,37.94304815178392,38.54199981689453,876900,0.0,0.0
2024-11-04 00:00:00-05:00,38.38988843043286,38.49446770351294,37.619807659590755,38.047630310058594,525600,0.0,0.0
2024-11-05 00:00:00-05:00,37.971572225937734,38.456439116701915,37.790937603379575,38.446929931640625,601800,0.0,0.0
2024-11-06 00:00:00-05:00,39.85398493134448,40.462445789553705,39.30257192529042,39.80644989013672,874400,0.0,0.0
2024-11-07 00:00:00-05:00,39.806452034284355,40.006105020816975,39.42616805744742,39.44518280029297,457800,0.0,0.0
2024-11-08 00:00:00-05:00,39.62717914142068,39.79001934529145,39.27276738569227,39.368553161621094,413100,0.31,0.0
2024-11-11 00:00:00-05:00,39.914532136639984,40.44136476081317,39.818746379877076,40.42220687866211,356700,0.0,0.0
2024-11-12 00:00:00-05:00,40.38389154153782,40.613782475789925,39.94327120937976,40.1827392578125,730000,0.0,0.0
2024-11-13 00:00:00-05:00,40.18274288071972,40.46052671890509,39.80917327612211,39.895381927490234,353900,0.0,0.0
2024-11-14 00:00:00-05:00,39.85706478043005,40.34557801862026,39.790014015462624,40.240211486816406,346200,0.0,0.0
2024-11-15 00:00:00-05:00,40.38389158661904,40.69041039663573,40.201897185044274,40.40304946899414,553300,0.0,0.0
2024-11-18 00:00:00-05:00,40.393472989231526,40.5946289485298,40.0486420318477,40.38389587402344,577100,0.0,0.0
2024-11-19 00:00:00-05:00,40.03905844119127,40.31684226455803,39.30149638638604,39.53138732910156,748600,0.0,0.0
2024-11-20 00:00:00-05:00,39.59844382696883,39.69422960214181,39.09077264136445,39.675071716308594,459900,0.0,0.0
2024-11-21 00:00:00-05:00,39.78043684413103,40.10611358370657,39.521810875586375,39.95285415649414,501400,0.0,0.0
2024-11-22 00:00:00-05:00,39.99117153010534,40.67126003725178,39.95285575826785,40.55631637573242,438800,0.0,0.0
2024-11-25 00:00:00-05:00,40.78620592978858,41.245984213818076,40.594630731278045,40.83409881591797,682800,0.0,0.0
2024-11-26 00:00:00-05:00,40.767044268251524,41.09272097935383,40.326420256294774,41.054405212402344,443800,0.0,0.0
2024-11-27 00:00:00-05:00,41.06398661865196,41.40882124926792,40.86283430212366,41.03525161743164,339400,0.0,0.0
2024-11-29 00:00:00-05:00,41.188507526241544,41.19808464116527,40.70957139221548,40.949039459228516,192100,0.0,0.0
2024-12-02 00:00:00-05:00,40.94904040846111,40.9777754078911,40.37431849590439,40.91072463989258,478200,0.0,0.0
2024-12-03 00:00:00-05:00,40.96819490520939,40.96819490520939,40.45094303428265,40.6712532043457,340200,0.0,0.0
2024-12-04 00:00:00-05:00,40.36473742275044,41.13103451838547,40.36473742275044,40.99693298339844,402000,0.0,0.0
2024-12-05 00:00:00-05:00,41.11187369688241,42.069745911486294,41.05440370256139,41.48544692993164,875200,0.0,0.0
2024-12-06 00:00:00-05:00,41.475867516211274,41.475867516211274,40.901145630274705,40.98735427856445,572000,0.0,0.0
2024-12-09 00:00:00-05:00,40.98735579345164,41.05440656082267,40.240212929328635,40.336002349853516,614700,0.0,0.0
2024-12-10 00:00:00-05:00,40.374316559903235,40.862829796752315,40.0965327320907,40.54673385620117,518800,0.0,0.0
2024-12-11 00:00:00-05:00,40.74788810446554,41.10229982874242,40.56589003076142,40.91072463989258,1159200,0.0,0.0
2024-12-12 00:00:00-05:00,41.01608717911958,41.51418115998887,40.80535412652306,40.84366989135742,409300,0.0,0.0
2024-12-13 00:00:00-05:00,40.72873100210337,40.96819907926485,40.39347350168158,40.80535888671875,430000,0.0,0.0
2024-12-16 00:00:00-05:00,40.80536016104595,41.111879017065604,40.585049961656374,40.83409881591797,560000,0.0,0.0
2024-12-17 00:00:00-05:00,40.38389154153782,40.834092641868956,39.88579756231862,40.1827392578125,597300,0.0,0.0
2024-12-18 00:00:00-05:00,40.23063844670245,40.307269988136625,38.927931474265584,39.05245590209961,855300,0.0,0.0
2024-12-19 00:00:00-05:00,39.47391841800853,39.636758616559646,38.784252815066026,39.05245590209961,580700,0.0,0.0
2024-12-20 00:00:00-05:00,38.82256180552089,39.55054677455096,38.82256180552089,39.320655822753906,1852500,0.0,0.0
2024-12-23 00:00:00-05:00,39.15782054504653,39.30149919727631,38.94708747031814,39.19613265991211,537700,0.0,0.0
2024-12-24 00:00:00-05:00,39.167400212899004,39.54096984863281,39.15782309705666,39.54096984863281,201800,0.0,0.0
2024-12-26 00:00:00-05:00,39.445180296688264,39.83790778048949,39.16739646195276,39.76127624511719,330600,0.0,0.0
2024-12-27 00:00:00-05:00,39.5601280553024,39.8570698047276,39.31108284745679,39.675071716308594,494200,0.0,0.0
2024-12-30 00:00:00-05:00,39.35897460772634,39.493076150724825,38.918354208161894,39.20571517944336,545700,0.0,0.0
2024-12-31 00:00:00-05:00,39.50265629182647,39.55054917727918,39.052455129786544,39.37813186645508,510900,0.0,0.0
2025-01-02 00:00:00-05:00,39.598440757624424,39.598440757624424,38.918352306229046,39.12908172607422,567000,0.0,0.0
2025-01-03 00:00:00-05:00,39.14823979235801,39.35897286717535,38.81298594968755,39.349395751953125,511700,0.0,0.0
2025-01-06 00:00:00-05:00,39.24403173478621,39.636759255989396,38.79383055658021,38.88003921508789,539100,0.0,0.0
2025-01-07 00:00:00-05:00,38.79383493981066,38.851308603307295,37.175031784920414,37.60607147216797,981200,0.0,0.0
2025-01-08 00:00:00-05:00,37.42407448875537,37.778486254708106,37.17502927175991,37.63480758666992,593600,0.0,0.0
2025-01-10 00:00:00-05:00,37.175020273010034,37.24207103266256,36.05430793283197,36.72481918334961,743200,0.0,0.0
2025-01-13 00:00:00-05:00,36.724820212896276,37.0217619096765,35.82442166232593,36.31293487548828,816900,0.0,0.0
2025-01-14 00:00:00-05:00,36.48535220751651,36.820606015582825,36.1692526279176,36.53324508666992,726700,0.0,0.0
2025-01-15 00:00:00-05:00,37.28996699284048,37.36659487278079,36.50451203999094,36.8301887512207,471700,0.0,0.0
2025-01-16 00:00:00-05:00,36.80144735632671,36.868501770517064,36.46619355533686,36.63861083984375,959200,0.0,0.0
2025-01-17 00:00:00-05:00,36.74398261930197,36.88766127427848,36.504514540348225,36.58114242553711,561200,0.0,0.0
2025-01-21 00:00:00-05:00,36.61945265989782,37.04091509971262,36.51408613644603,36.72481918334961,422700,0.0,0.0
2025-01-22 00:00:00-05:00,36.60029821559191,36.66734898154202,35.97768343834195,36.37041091918945,467200,0.0,0.0
2025-01-23 00:00:00-05:00,36.24588299729335,36.39914239807291,36.08304282859438,36.28419876098633,506400,0.0,0.0
2025-01-24 00:00:00-05:00,36.13094138897653,37.05049784528743,36.13094138897653,37.02176284790039,561300,0.0,0.0
2025-01-27 00:00:00-05:00,37.02176477201505,37.27080995496222,36.58114074988892,37.165443420410156,561100,0.0,0.0
2025-01-28 00:00:00-05:00,37.117555922610116,37.7689094543457,36.94513859632757,37.7689094543457,588400,0.0,0.0
2025-01-29 00:00:00-05:00,37.663538153874306,38.16163218319833,37.548594502181935,37.807220458984375,846800,0.0,0.0
2025-01-30 00:00:00-05:00,37.91258385771762,38.238256901559716,37.81679444424127,38.07542037963867,1395000,0.0,0.0
2025-01-31 00:00:00-05:00,37.8072168604308,38.6214067679111,37.069654828787584,38.09457778930664,1786300,0.0,0.0
2025-02-03 00:00:00-05:00,37.136707705463074,38.57351608566622,37.136707705463074,37.711429595947266,987000,0.0,0.0
2025-02-04 00:00:00-05:00,37.8072171593963,38.20952173220526,37.55816833947338,38.00836944580078,650600,0.0,0.0
2025-02-05 00:00:00-05:00,37.242074237983466,37.87426977911314,37.242074237983466,37.711429595947266,954800,0.0,0.0
2025-02-06 00:00:00-05:00,37.94132023790932,38.190365414041736,37.462384115045516,37.797637939453125,632900,0.0,0.0
2025-02-07 00:00:00-05:00,37.89418761559857,37.932806779873445,37.324567832785895,37.421112060546875,640100,0.31,0.0
2025-02-10 00:00:00-05:00,37.556277158600174,37.6528213812792,36.61012609830083,36.95769119262695,842500,0.0,0.0
2025-02-11 00:00:00-05:00,36.7935661057983,37.04458330017037,36.397728891221426,36.99631118774414,454000,0.0,0.0
2025-02-12 00:00:00-05:00,36.79356911740465,36.85149418388694,36.47496652004645,36.67771530151367,436700,0.0,0.0
2025-02-13 00:00:00-05:00,36.84183987183591,37.10251371014899,36.56185645110042,37.073551177978516,333000,0.0,0.0
2025-02-14 00:00:00-05:00,37.07354921179833,37.45972979098673,37.034930049001666,37.25698471069336,390500,0.0,0.0
2025-02-18 00:00:00-05:00,37.28594939752549,37.40180689261536,36.986660075859035,37.17974853515625,672200,0.0,0.0
2025-02-19 00:00:00-05:00,37.054241773198314,37.45007900743966,36.80322088342988,37.17974853515625,585200,0.0,0.0
2025-02-20 00:00:00-05:00,37.20871258443064,37.20871258443064,36.455653641888034,36.89011001586914,547400,0.0,0.0
2025-02-21 00:00:00-05:00,36.95768835136191,36.967344982643034,36.34945316597764,36.455650329589844,642400,0.0,0.0
2025-02-24 00:00:00-05:00,36.706674301779614,37.12182109193517,36.4942725906509,36.697017669677734,691200,0.0,0.0
2025-02-25 00:00:00-05:00,36.77425611052065,37.05423951553945,36.3687622682648,36.97700119018555,771600,0.0,0.0
2025-02-26 00:00:00-05:00,36.938380589757934,37.07354765386616,36.51358086562412,36.81287384033203,1149500,0.0,0.0
2025-02-27 00:00:00-05:00,36.880458000429634,37.12182224953856,36.58116500568114,36.84183883666992,678300,0.0,0.0
2025-02-28 00:00:00-05:00,36.899766053394565,37.42111001084446,36.77425561783903,37.41145706176758,889100,0.0,0.0
2025-03-03 00:00:00-05:00,37.4790370817064,37.903836797728154,37.0252711538945,37.3342170715332,615900,0.0,0.0
2025-03-04 00:00:00-05:00,36.977004012041135,36.977004012041135,35.71225764272494,36.46531295776367,1020900,0.0,0.0
2025-03-05 00:00:00-05:00,36.51357948527397,37.8169448207466,36.36875947781,37.57558059692383,1149900,0.0,0.0
2025-03-06 00:00:00-05:00,37.11216470558512,37.78798532307582,36.89011004381016,37.62385940551758,841400,0.0,0.0
2025-03-07 00:00:00-05:00,37.30525231366838,38.14519874687868,37.025268941623075,37.49834442138672,1066900,0.0,0.0
2025-03-10 00:00:00-04:00,37.15077903771555,37.903834199983415,36.96734356260367,37.39214324951172,1221100,0.0,0.0
2025-03-11 00:00:00-04:00,37.51765525464269,38.145200022048684,37.430763987411005,37.5562744140625,1689900,0.0,0.0
2025-03-12 00:00:00-04:00,37.65282040950158,37.894184642895816,35.683287381102346,36.359107971191406,1325600,0.0,0.0
2025-03-13 00:00:00-04:00,36.51357938746504,36.98665488537778,36.21428642487325,36.2818717956543,900300,0.0,0.0
2025-03-14 00:00:00-04:00,36.494277207491294,37.701098568075835,36.3784233880946,37.662479400634766,1046400,0.0,0.0
2025-03-17 00:00:00-04:00,37.65281868243421,38.42518345728361,37.49834572746433,38.203128814697266,813600,0.0,0.0
2025-03-18 00:00:00-04:00,38.17417050863763,38.309333898819695,37.55627862041895,37.855567932128906,793700,0.0,0.0
2025-03-19 00:00:00-04:00,38.00038765566459,38.67620828418268,37.952115542826036,38.483116149902344,924900,0.0,0.0
2025-03-20 00:00:00-04:00,38.135553180985816,38.60862875232614,37.97142725155584,38.405879974365234,788300,0.0,0.0
2025-03-21 00:00:00-04:00,38.19347782560424,38.48311417066529,37.79764062800475,38.01969528198242,6798900,0.0,0.0
2025-03-24 00:00:00-04:00,38.38656883806896,39.033426945525406,38.38656883806896,38.97549819946289,764500,0.0,0.0
2025-03-25 00:00:00-04:00,39.12031973239709,39.87337504563134,38.9948092858826,39.78648376464844,882100,0.0,0.0
2025-03-26 00:00:00-04:00,39.892686762238135,40.30783360659285,39.47753991788341,40.07612228393555,816700,0.0,0.0
2025-03-27 00:00:00-04:00,40.15335297367261,40.15335297367261,39.477532401106465,39.79613494873047,703300,0.0,0.0
2025-03-28 00:00:00-04:00,39.60304547047417,39.660974214701795,38.61827891616094,39.28444290161133,787700,0.0,0.0
2025-03-31 00:00:00-04:00,39.023766945334565,39.55477119776696,38.79205934693304,39.36167907714844,591500,0.0,0.0
2025-04-01 00:00:00-04:00,39.342374315414695,39.75752113656729,39.004465825139945,39.506500244140625,498000,0.0,0.0
2025-04-02 00:00:00-04:00,39.07205079262809,39.92165040581839,39.02377499032671,39.660980224609375,511200,0.0,0.0
2025-04-03 00:00:00-04:00,38.608626160108805,38.85964335383242,37.92314890689315,38.09693145751953,1079800,0.0,0.0
2025-04-04 00:00:00-04:00,36.97700342493076,36.97700342493076,35.51916493356743,35.606056213378906,1222300,0.0,0.0
2025-04-07 00:00:00-04:00,34.872305190242386,36.37841940938151,33.83926651319973,34.881961822509766,1204400,0.0,0.0
2025-04-08 00:00:00-04:00,35.75086501847758,36.05015795980671,34.22544515149564,34.61162567138672,820700,0.0,0.0
2025-04-09 00:00:00-04:00,34.167523775279015,37.28594954687654,34.167523775279015,36.44600296020508,1579100,0.0,0.0
2025-04-10 00:00:00-04:00,36.10809251962392,36.25290885684601,34.727488743801906,35.61570739746094,900800,0.0,0.0
2025-04-11 00:00:00-04:00,35.615710537974266,36.62943971962169,35.02678113906609,36.50393295288086,715900,0.0,0.0
2025-04-14 00:00:00-04:00,36.92872452187859,37.10250704955678,36.14670314732677,36.85148620605469,1114200,0.0,0.0
2025-04-15 00:00:00-04:00,36.88045696641923,37.285947125749026,36.86114738508076,36.97700119018555,619000,0.0,0.0
2025-04-16 00:00:00-04:00,37.04458351598927,37.12182184266211,35.76052763992536,36.17567443847656,541900,0.0,0.0
2025-04-17 00:00:00-04:00,36.14671016545253,36.677714482525914,35.99223718673836,36.272220611572266,520300,0.0,0.0
2025-04-21 00:00:00-04:00,36.12739703380181,36.25290746759214,34.64059614082999,34.9978141784668,578500,0.0,0.0
2025-04-22 00:00:00-04:00,35.4901961484628,35.97292462736582,35.1619406354917,35.94396209716797,762700,0.0,0.0
2025-04-23 00:00:00-04:00,36.4749577696155,37.50799628055378,36.2529031412099,36.53288650512695,575500,0.0,0.0
2025-04-24 00:00:00-04:00,36.6487456732836,37.556277581561616,36.53289186817881,36.97700119018555,1267700,0.0,0.0
2025-04-25 00:00:00-04:00,37.77833015760407,39.09135215274706,37.0252712586686,38.714820861816406,1692700,0.0,0.0
2025-04-28 00:00:00-04:00,38.73413334641848,38.9368821130222,38.11624146306233,38.483116149902344,1190600,0.0,0.0
2025-04-29 00:00:00-04:00,38.483117567937335,39.2554824505928,38.34795417383841,39.01411819458008,833000,0.0,0.0
2025-04-30 00:00:00-04:00,38.71482916028513,39.20721435546875,38.579665752329355,39.20721435546875,998400,0.0,0.0
2025-05-01 00:00:00-04:00,39.06238610604344,39.67062499696772,38.84998808799635,39.36167907714844,1762000,0.0,0.0
2025-05-02 00:00:00-04:00,39.747859383248276,40.40437037942997,39.66097179659344,40.26920700073242,705300,0.0,0.0
2025-05-05 00:00:00-04:00,39.93130091613464,40.52023025780582,39.87337217201211,40.10508346557617,605600,0.0,0.0
2025-05-06 00:00:00-04:00,39.863720335541814,40.60712266603164,39.62235608601627,40.529884338378906,713400,0.0,0.0
2025-05-07 00:00:00-04:00,40.62643101179733,41.29259499436493,40.578155217020175,40.838829040527344,578100,0.0,0.0
2025-05-08 00:00:00-04:00,41.33520459719356,41.773177646147374,41.06268366058359,41.52985763549805,823300,0.34,0.0
2025-05-09 00:00:00-04:00,41.61745129690549,41.8413089648439,41.47146152410876,41.64665222167969,681500,0.0,0.0
2025-05-12 00:00:00-04:00,42.43500919275817,42.69779525487354,41.413065870822045,41.79264450073242,970500,0.0,0.0
2025-05-13 00:00:00-04:00,41.88997654007534,42.07489842311867,41.578527204018705,41.67585372924805,865700,0.0,0.0
2025-05-14 00:00:00-04:00,41.60772194910268,41.60772194910268,40.73176842296145,41.315738677978516,1166200,0.0,0.0
2025-05-15 00:00:00-04:00,41.3157359295671,41.99703265871466,41.247606627929194,41.81210708618164,1040200,0.0,0.0
2025-05-16 00:00:00-04:00,41.91917118752682,42.21115445809972,41.656385130180595,42.18195724487305,862500,0.0,0.0
2025-05-19 00:00:00-04:00,41.99703600896167,42.07489648300113,41.763447161305756,41.78291320800781,659200,0.0,0.0
2025-05-20 00:00:00-04:00,41.70504831497,41.987300418217046,41.617452962678456,41.743980407714844,472900,0.0,0.0
2025-05-21 00:00:00-04:00,41.43252754550753,41.636915445773425,41.17947638985954,41.32546615600586,730600,0.0,0.0
2025-05-22 00:00:00-04:00,41.40333211119659,41.70504653517142,41.32546792902982,41.42279815673828,805000,0.0,0.0
2025-05-23 00:00:00-04:00,40.84856603884326,41.36440329180801,40.84856603884326,40.95562744140625,629000,0.0,0.0
2025-05-27 00:00:00-04:00,41.17947971293644,41.43253088900501,40.59550946292108,41.29627227783203,931800,0.0,0.0
2025-05-28 00:00:00-04:00,41.315737887360044,41.41306440494942,40.79989694838413,40.838829040527344,571200,0.0,0.0
2025-05-29 00:00:00-04:00,40.916686932047014,41.559051502543156,40.69283300580407,41.34492874145508,814200,0.0,0.0
2025-05-30 00:00:00-04:00,41.306003342102265,41.34493543456043,40.85829541713938,41.072418212890625,1023000,0.0,0.0
2025-06-02 00:00:00-04:00,40.945893869016075,41.31574134983442,40.43978776704597,41.03348922729492,896400,0.0,0.0
2025-06-03 00:00:00-04:00,40.906959827935985,41.520127306723566,40.70257190592972,41.354671478271484,1112000,0.0,0.0
2025-06-04 00:00:00-04:00,41.276807320823444,41.432531982383274,41.01402125829708,41.14054870605469,656800,0.0,0.0
2025-06-05 00:00:00-04:00,41.15027786797982,41.20867600550754,40.73176716428594,40.80963134765625,634500,0.0,0.0
2025-06-06 00:00:00-04:00,41.091885798231914,41.32547093619257,40.89722904141881,41.16001510620117,724000,0.0,0.0
2025-06-09 00:00:00-04:00,41.13081025202041,41.23787164368334,40.877759091264046,40.9361572265625,1143800,0.0,0.0
2025-06-10 00:00:00-04:00,40.83882959678083,41.30600357055664,40.73176819831308,41.30600357055664,932000,0.0,0.0
2025-06-11 00:00:00-04:00,41.2281379699707,41.539587247082785,41.03348124358359,41.2281379699707,1155400,0.0,0.0
2025-06-12 00:00:00-04:00,40.94589387492647,41.695320004138324,40.79016920604926,41.68558883666992,1528200,0.0,0.0
2025-06-13 00:00:00-04:00,41.305998302849815,41.68558058885562,40.926419729612235,41.0042839050293,722100,0.0,0.0
2025-06-16 00:00:00-04:00,41.325468887304474,41.77317680683938,41.082148881543944,41.48119354248047,764500,0.0,0.0
2025-06-17 00:00:00-04:00,41.36439872151386,41.58825266906278,40.673370833936524,40.916690826416016,882500,0.0,0.0
2025-06-18 00:00:00-04:00,40.79016328049243,41.46172512132391,40.59550654448132,41.13080978393555,1192600,0.0,0.0
2025-06-20 00:00:00-04:00,41.121078483239764,41.39359568510197,40.92642174786601,41.335201263427734,1829200,0.0,0.0
2025-06-23 00:00:00-04:00,41.14054523599292,41.860770342670364,40.838827105333266,41.81210708618164,801100,0.0,0.0
2025-06-24 00:00:00-04:00,42.30848169298002,42.58099889784029,41.93863426297789,42.444740295410156,618200,0.0,0.0
2025-06-25 00:00:00-04:00,42.503136511035756,42.551803482044285,42.09436068649812,42.32794952392578,443200,0.0,0.0
2025-06-26 00:00:00-04:00,42.49340365657607,43.04817294656558,42.39607714396224,42.88271713256836,413200,0.0,0.0
2025-06-27 00:00:00-04:00,43.03844499850046,43.31096222441075,42.72699567952619,43.06764221191406,500500,0.0,0.0
2025-06-30 00:00:00-04:00,43.203902013429975,43.43749086547118,42.843789424603244,43.135772705078125,498700,0.0,0.0
2025-07-01 00:00:00-04:00,42.99951050793898,43.8365318983013,42.99951050793898,43.58347702026367,487700,0.0,0.0
2025-07-02 00:00:00-04:00,43.53481114178108,44.10904645319176,43.27202511322687,44.07984924316406,536000,0.0,0.0
2025-07-03 00:00:00-04:00,44.05064879822005,44.40103017342653,43.89492415510255,44.32316970825195,256500,0.0,0.0
2025-07-07 00:00:00-04:00,44.39130366249376,45.004471133402575,44.19664690999285,44.3718376159668,431600,0.0,0.0
2025-07-08 00:00:00-04:00,44.33290792524172,44.58596283103617,43.82680182642177,44.293975830078125,489000,0.0,0.0
2025-07-09 00:00:00-04:00,44.663818587650475,44.74168276974747,44.30370602737327,44.673553466796875,554600,0.0,0.0
2025-07-10 00:00:00-04:00,44.59568880185511,45.58843483623181,44.59568880185511,45.08232879638672,438700,0.0,0.0
2025-07-11 00:00:00-04:00,44.98500002567266,45.092061413141266,44.712479117724854,44.9557991027832,345500,0.0,0.0
2025-07-14 00:00:00-04:00,44.936336253269175,45.44244230370518,44.90713904107221,45.3548469543457,410900,0.0,0.0
2025-07-15 00:00:00-04:00,45.19912358046958,45.3061849785797,44.089584932362364,44.1187858581543,627600,0.0,0.0
2025-07-16 00:00:00-04:00,44.48863032438301,45.2477912902832,44.11878657749622,45.2477912902832,619400,0.0,0.0
2025-07-17 00:00:00-04:00,45.257524522560985,46.036147857814704,45.257524522560985,45.80256271362305,591700,0.0,0.0
2025-07-18 00:00:00-04:00,45.94854913375807,46.230801232346344,45.81229052416887,46.04587936401367,615800,0.0,0.0
2025-07-21 00:00:00-04:00,46.09454381062497,46.620115929243404,45.99721357786114,46.114009857177734,655100,0.0,0.0
2025-07-22 00:00:00-04:00,46.006949790269054,46.902365681022545,46.006949790269054,46.843971252441406,573400,0.0,0.0
2025-07-23 00:00:00-04:00,46.97048925893883,47.51552737340184,46.87316274799861,47.388999938964844,460200,0.0,0.0
2025-07-24 00:00:00-04:00,47.41820347060896,47.76858486969521,47.09701928385703,47.534996032714844,484300,0.0,0.0
2025-07-25 00:00:00-04:00,47.797781816859775,48.37201717045017,47.330607858259405,47.95350646972656,641600,0.0,0.0
2025-07-28 00:00:00-04:00,47.856173024380325,47.953503246360036,47.16514515578189,47.55445861816406,571300,0.0,0.0
2025-07-29 00:00:00-04:00,47.77831695471075,48.10923231434613,47.466867641262006,48.021636962890625,803900,0.0,0.0
2025-07-30 00:00:00-04:00,47.93404016269798,48.5277415587561,47.846444813889924,48.37201690673828,657300,0.0,0.0
2025-07-31 00:00:00-04:00,48.303892985831254,48.75160094617266,48.03137202985776,48.2454948425293,1218000,0.0,0.0
2025-08-01 00:00:00-04:00,46.97049462649836,48.65427241777143,45.997214554800955,47.91457748413086,1563900,0.0,0.0
2025-08-04 00:00:00-04:00,48.955987233377165,49.78327752822617,48.52774533519443,49.67621612548828,1150300,0.0,0.0
2025-08-05 00:00:00-04:00,49.54968355810172,50.16285098414646,48.84892078547915,50.03632354736328,904800,0.0,0.0
2025-08-06 00:00:00-04:00,50.12392342312317,50.25045087133933,49.70541269752025,50.075260162353516,715700,0.0,0.0
2025-08-07 00:00:00-04:00,50.22124760143113,50.84414993363323,49.364763856094434,49.5107536315918,687300,0.0,0.0
2025-08-08 00:00:00-04:00,49.775308536939185,50.29462040775887,49.51075427921988,50.21623229980469,702200,0.34,0.0
2025-08-11 00:00:00-04:00,50.2652232677187,50.88251653903782,50.21623256886021,50.52977752685547,604600,0.0,0.0
2025-08-12 00:00:00-04:00,50.686548174530905,51.21565667368757,50.11824936035384,51.127471923828125,626400,0.0,0.0
2025-08-13 00:00:00-04:00,51.28424803130434,52.607015635180346,51.19606327519588,52.56782531738281,951300,0.0,0.0
2025-08-14 00:00:00-04:00,52.52862907218875,53.06753423138701,52.303268868805866,52.85197067260742,782700,0.0,0.0
2025-08-15 00:00:00-04:00,52.91076015138661,52.998944901148946,51.83294986562527,52.64620590209961,1243900,0.0,0.0
2025-08-18 00:00:00-04:00,52.53842540128635,53.03814024131981,51.646781237712645,51.90153884887695,652100,0.0,0.0
2025-08-19 00:00:00-04:00,51.75456170388243,52.12689772889075,51.431220113605924,51.52920150756836,644800,0.0,0.0
2025-08-20 00:00:00-04:00,51.529203072442144,51.85254467253811,51.20585773459548,51.65658187866211,404300,0.0,0.0
2025-08-21 00:00:00-04:00,51.54880144948,51.91133711294652,51.450816312225,51.6271858215332,424300,0.0,0.0
2025-08-22 00:00:00-04:00,51.8329515581251,52.54822622388629,51.74476680548327,52.45024108886719,357100,0.0,0.0
2025-08-25 00:00:00-04:00,52.38164724615814,52.53841970613026,51.98971796510297,52.01911163330078,370800,0.0,0.0
2025-08-26 00:00:00-04:00,52.166092503122194,52.92055747011978,51.99951964578136,52.87156677246094,761600,0.0,0.0
2025-08-27 00:00:00-04:00,52.69520212164872,53.1557229450874,52.558026660475754,53.00874710083008,489400,0.0,0.0
2025-08-28 00:00:00-04:00,53.20470991609759,53.32228834060727,52.36205644198497,52.528629302978516,482600,0.0,0.0
2025-08-29 00:00:00-04:00,52.59721798662954,52.656009068830414,51.87214292382189,52.02891540527344,594700,0.0,0.0
2025-09-02 00:00:00-04:00,51.66637527801755,51.803550720214844,51.019688380694234,51.803550720214844,502000,0.0,0.0
2025-09-03 00:00:00-04:00,51.60758637776482,52.1073012099912,51.0392875592973,51.519405364990234,466800,0.0,0.0
2025-09-04 00:00:00-04:00,51.82315026002459,52.48943421537824,51.803553233367055,52.4698371887207,358000,0.0,0.0
2025-09-05 00:00:00-04:00,52.5286281086663,52.53842475308989,51.21565722861646,51.75456237792969,480500,0.0,0.0
2025-09-08 00:00:00-04:00,51.74476825441459,51.80355559932147,51.107877941084084,51.38222885131836,531600,0.0,0.0
2025-09-09 00:00:00-04:00,51.34303721162858,51.744766921732605,51.205858022293654,51.49000930786133,332400,0.0,0.0
2025-09-10 00:00:00-04:00,51.401823873189386,52.411050195137335,50.6767525707906,51.74476623535156,394200,0.0,0.0
2025-09-11 00:00:00-04:00,51.901543028361964,53.00874710083008,51.754567184104644,53.00874710083008,425800,0.0,0.0
2025-09-12 00:00:00-04:00,52.90096731404245,52.95975465961418,52.548228289608616,52.56782531738281,338300,0.0,0.0
2025-09-15 00:00:00-04:00,52.56782404590271,52.9695537611798,51.50960699819676,51.715370178222656,690800,0.0,0.0
2025-09-16 00:00:00-04:00,51.53899775948418,51.715367257474284,51.13726806689573,51.61738586425781,600000,0.0,0.0
2025-09-17 00:00:00-04:00,51.78395723807757,52.16609365888448,51.2940427751336,51.49000930786133,742000,0.0,0.0
2025-09-18 00:00:00-04:00,51.55859584040508,52.70499760079257,51.55859584040508,52.23468017578125,639000,0.0,0.0
2025-09-19 00:00:00-04:00,51.91133668536121,52.13669689256527,51.34303784496638,51.636985778808594,3279500,0.0,0.0
2025-09-22 00:00:00-04:00,51.28424702682217,51.734967443548065,51.23525632722166,51.39202880859375,863600,0.0,0.0
2025-09-23 00:00:00-04:00,51.42142248080389,51.94073062452065,51.02949314624908,51.39202880859375,766500,0.0,0.0
2025-09-24 00:00:00-04:00,51.49981072783317,51.51940775527584,50.33381189037455,50.43179702758789,649700,0.0,0.0
2025-09-25 00:00:00-04:00,50.2162345154041,50.68655197062803,50.2162345154041,50.568973541259766,408600,0.0,0.0
2025-09-26 00:00:00-04:00,50.77473132892272,51.11766993551647,50.65715291205493,50.92170715332031,351300,0.0,0.0
2025-09-29 00:00:00-04:00,51.26464805376833,51.26464805376833,50.598364098786966,50.87271499633789,343400,0.0,0.0
2025-09-30 00:00:00-04:00,50.94130603306208,51.39202642891764,50.5199793080556,50.88251495361328,541000,0.0,0.0
2025-10-01 00:00:00-04:00,50.51018129653009,50.61796307836942,49.589143435109015,49.79490661621094,547900,0.0,0.0
2025-10-02 00:00:00-04:00,49.775310504500034,50.44159449744518,49.324590079199155,50.33381271362305,606000,0.0,0.0
2025-10-03 00:00:00-04:00,50.53957381665656,51.05888191045514,50.49057938401483,50.696346282958984,346000,0.0,0.0
2025-10-06 00:00:00-04:00,50.813925804129916,51.058883021667945,50.18683592527263,50.91190719604492,334400,0.0,0.0
2025-10-07 00:00:00-04:00,51.58799194459162,52.019115305511896,51.1568648459208,51.862342834472656,468900,0.0,0.0
2025-10-08 00:00:00-04:00,51.78395710199981,52.37185669863813,51.25485232410126,51.33323669433594,468300,0.0,0.0
2025-10-09 00:00:00-04:00,51.676175870703695,52.02891112161509,51.12747036192406,51.48020935058594,486000,0.0,0.0
2025-10-10 00:00:00-04:00,51.695774624594826,52.224883163530905,49.71652340161328,50.01047134399414,706700,0.0,0.0
2025-10-13 00:00:00-04:00,50.402398307393,51.538999705267514,50.373004635868455,51.098079681396484,469100,0.0,0.0
2025-10-14 00:00:00-04:00,50.86291364691772,51.832945818564326,50.63755346795443,51.3724250793457,393100,0.0,0.0
2025-10-15 00:00:00-04:00,51.578191811377295,51.61738586376374,50.38279937784481,51.13726806640625,642600,0.0,0.0
2025-10-16 00:00:00-04:00,51.0098955830376,51.3038435153037,49.81450308903792,50.20643615722656,495800,0.0,0.0
2025-10-17 00:00:00-04:00,50.28481546501883,50.56896672395677,49.66752225298995,50.47098159790039,399400,0.0,0.0
2025-10-20 00:00:00-04:00,50.784530526788565,51.03928438035501,50.48078224106477,50.70614242553711,350500,0.0,0.0
2025-10-21 00:00:00-04:00,50.373004624112326,50.92171016486361,50.373004624112326,50.53957748413086,258700,0.0,0.0
2025-10-22 00:00:00-04:00,50.706146085109026,50.892312232391646,49.84389559786452,49.99087142944336,240500,0.0,0.0
2025-10-23 00:00:00-04:00,50.147643638114815,50.177037309173585,49.04043592930983,49.197208404541016,414600,0.0,0.0
2025-10-24 00:00:00-04:00,49.54015190847794,49.579342224878275,47.11997326203512,47.17876434326172,796400,0.0,0.0
2025-10-27 00:00:00-04:00,47.707870742103054,48.452542845238334,47.590292313410956,48.02141571044922,689200,0.0,0.0
2025-10-28 00:00:00-04:00,47.98222299208319,47.98222299208319,47.11017585889106,47.43351745605469,472800,0.0,0.0
2025-10-29 00:00:00-04:00,47.149362169411695,47.60008627110262,46.336106185584164,46.718238830566406,584300,0.0,0.0
2025-10-30 00:00:00-04:00,46.48308457518447,47.188562623350705,45.99317009456922,46.345909118652344,1283400,0.0,0.0
2025-10-31 00:00:00-04:00,47.502105712890625,48.22718076012988,45.71881737301246,47.502105712890625,862100,0.0,0.0
2025-11-03 00:00:00-05:00,47.521702329989964,48.09000489424213,46.31651321427494,48.07040786743164,666000,0.0,0.0
2025-11-04 00:00:00-05:00,47.9626288500411,48.628912848952766,47.57069576676921,48.57012176513672,600600,0.0,0.0
2025-11-05 00:00:00-05:00,48.491734134876005,49.46176265732189,48.44273969944386,49.197208404541016,609900,0.0,0.0
2025-11-06 00:00:00-05:00,48.9228552659856,49.118821785484286,48.109595518278724,48.84446716308594,758400,0.0,0.0
2025-11-07 00:00:00-05:00,48.7458121840935,49.04177871941602,48.321592103544376,48.79513931274414,368700,0.34,0.0
2025-11-10 00:00:00-05:00,48.805010805934295,49.505465872335016,48.63729403932879,49.0023193359375,400700,0.0,0.0
2025-11-11 00:00:00-05:00,49.04177857517467,49.34761279337901,48.85433398148608,49.24895477294922,286600,0.0,0.0
2025-11-12 00:00:00-05:00,49.24895753245985,50.235515211524365,49.24895753245985,49.692909240722656,401900,0.0,0.0
2025-11-13 00:00:00-05:00,49.436406415373405,49.89022204925293,48.43011712062822,48.538639068603516,390700,0.0,0.0
2025-11-14 00:00:00-05:00,48.439981208994396,48.93326005537283,47.976301652523546,48.499176025390625,415200,0.0,0.0
2025-11-17 00:00:00-05:00,48.40051947122293,48.40051947122293,47.26597667287029,47.315303802490234,480400,0.0,0.0
2025-11-18 00:00:00-05:00,47.15745675950889,48.00589697379997,46.87135412661187,47.709930419921875,498900,0.0,0.0
2025-11-19 00:00:00-05:00,47.59154216943363,47.996030650956314,46.950278198606064,47.394229888916016,593300,0.0,0.0
2025-11-20 00:00:00-05:00,47.82831512165291,47.99603188158975,46.66417677651071,46.91081619262695,568100,0.0,0.0
2025-11-21 00:00:00-05:00,47.08839785715479,47.99603288440422,46.76283577805693,47.749393463134766,660600,0.0,0.0
2025-11-24 00:00:00-05:00,47.65073685165503,48.28213318670834,47.47315616199391,48.26240158081055,922800,0.0,0.0
2025-11-25 00:00:00-05:00,48.34132480121206,48.96285717384204,48.27226606685526,48.76554489135742,596900,0.0,0.0
2025-11-26 00:00:00-05:00,48.8148728014335,49.94941562129174,48.8148728014335,49.64358139038086,743300,0.0,0.0
2025-11-28 00:00:00-05:00,49.84089144995844,49.84089144995844,49.31801711527528,49.4955940246582,222100,0.0,0.0
2025-12-01 00:00:00-05:00,49.30815251721553,49.87049009513824,48.95299114938669,49.23909378051758,648100,0.0,0.0
2025-12-02 00:00:00-05:00,49.268690239039145,49.88035872339442,48.91353262790833,49.456138610839844,699300,0.0,0.0
2025-12-03 00:00:00-05:00,49.44626784803058,50.26511249542297,49.4068084026408,49.91981506347656,847600,0.0,0.0
2025-12-04 00:00:00-05:00,49.88035584141285,50.72879225408218,49.722506768890796,50.08753204345703,488400,0.0,0.0
2025-12-05 00:00:00-05:00,50.01847673119307,50.62027753742079,49.929686386611614,50.16645812988281,353700,0.0,0.0
2025-12-08 00:00:00-05:00,50.03820266422872,50.03820266422872,49.3377439081995,49.52519226074219,932500,0.0,0.0
2025-12-09 00:00:00-05:00,49.45613575336882,50.46242500197894,49.45613575336882,50.08753204345703,469000,0.0,0.0
2025-12-10 00:00:00-05:00,49.939548213937805,51.19247690675653,49.7126404013922,50.84718322753906,667700,0.0,0.0
2025-12-11 00:00:00-05:00,50.83731218228629,51.9521233297139,50.610404384742374,51.80413818359375,1054200,0.0,0.0
2025-12-12 00:00:00-05:00,52.17903256247668,52.17903256247668,51.1924749303227,51.488441467285156,330400,0.0,0.0
2025-12-15 00:00:00-05:00,51.478578813032925,51.78441304135367,50.876778040470136,51.21220779418945,729800,0.0,0.0
2025-12-16 00:00:00-05:00,51.37992273310929,52.18889968164924,50.945834971070234,51.39965057373047,580200,0.0,0.0
2025-12-17 00:00:00-05:00,51.527906886816226,52.455269746002685,51.30099907329461,52.05078125,555500,0.0,0.0
2025-12-18 00:00:00-05:00,52.43554118196884,52.84002967239928,51.18261250102116,52.2086296081543,489500,0.0,0.0
2025-12-19 00:00:00-05:00,52.17903535630292,52.79070006723156,51.83374167192842,51.932395935058594,1140000,0.0,0.0
2025-12-22 00:00:00-05:00,52.01132294100461,53.05707169024868,52.01132294100461,52.84989547729492,426900,0.0,0.0
2025-12-23 00:00:00-05:00,52.78083475834164,53.62927494725825,52.60325407864194,53.28397750854492,530800,0.0,0.0
2025-12-24 00:00:00-05:00,53.21492118849157,53.747663251767634,53.13599852916492,53.59968185424805,226500,0.0,0.0
2025-12-26 00:00:00-05:00,53.688465496431355,53.688465496431355,53.12612793711094,53.402366638183594,328800,0.0,0.0
2025-12-29 00:00:00-05:00,53.41223272105344,53.530618590066446,52.77097248076567,53.1359977722168,371400,0.0,0.0
2025-12-30 00:00:00-05:00,53.047204420880895,53.274112225043986,52.277690670813136,52.3171501159668,437300,0.0,0.0
2025-12-31 00:00:00-05:00,52.277695022668134,52.36648536763797,51.370059967041016,51.370059967041016,387900,0.0,0.0
2026-01-02 00:00:00-05:00,51.310861897026314,51.91266266774259,50.84718235905674,51.66602325439453,443200,0.0,0.0
2026-01-05 00:00:00-05:00,51.241803610345066,53.382635693900276,51.13328542879498,52.830162048339844,553100,0.0,0.0
2026-01-06 00:00:00-05:00,52.80056651734783,53.38263568841495,52.267824476692745,52.415809631347656,833100,0.0,0.0
2026-01-07 00:00:00-05:00,52.41580717256082,52.67231049672228,51.577230941218026,51.89292907714844,434400,0.0,0.0
2026-01-08 00:00:00-05:00,51.79427434339713,52.3368802743109,51.60682975298505,52.2184944152832,484600,0.0,0.0
2026-01-09 00:00:00-05:00,51.942258770190584,52.64271375791077,51.91265948327975,52.169166564941406,590500,0.0,0.0
2026-01-12 00:00:00-05:00,51.715354064437676,52.30729095664644,51.448986790875644,52.11984634399414,605100,0.0,0.0
2026-01-13 00:00:00-05:00,52.02118658180967,52.12970852993956,50.570945572108315,50.610408782958984,419300,0.0,0.0
2026-01-14 00:00:00-05:00,50.31444247555542,51.63642993819501,50.126997868222404,51.606834411621094,482400,0.0,0.0
2026-01-15 00:00:00-05:00,52.090242543009005,52.820296851163484,51.69562174578984,52.69204330444336,463200,0.0,0.0
2026-01-16 00:00:00-05:00,52.51446590717236,53.74766303188546,52.37634843135152,53.63914108276367,550800,0.0,0.0
2026-01-20 00:00:00-05:00,52.859761334620046,53.313576955904246,52.2875560842383,52.62298583984375,472400,0.0,0.0
2026-01-21 00:00:00-05:00,52.99787924931757,53.944973709522635,52.751239831758824,53.57994842529297,1019200,0.0,0.0
2026-01-22 00:00:00-05:00,53.96470548332003,54.38892558392139,53.59968019794869,53.954837799072266,509200,0.0,0.0
2026-01-23 00:00:00-05:00,53.8364527827531,54.12255541575758,52.54406085545,52.721641540527344,403700,0.0,0.0
2026-01-26 00:00:00-05:00,52.918951109613594,53.718064151366896,52.21849608972913,52.69204330444336,733600,0.0,0.0
2026-01-27 00:00:00-05:00,52.58351959477847,52.83015899603299,51.41938131978369,51.80413818359375,432000,0.0,0.0
2026-01-28 00:00:00-05:00,51.883066655973394,52.42567260756784,51.40951943839541,52.19876480102539,661800,0.0,0.0
2026-01-29 00:00:00-05:00,52.64271594156082,53.31357543361636,51.80413969478206,52.3171501159668,1248300,0.0,0.0
2026-01-30 00:00:00-05:00,51.79427561990264,53.64900501966782,50.80771798904735,52.56378936767578,995800,0.0,0.0
2026-02-02 00:00:00-05:00,52.31715183010869,53.47142625644819,52.16917043824183,52.99787902832031,772300,0.0,0.0
2026-02-03 00:00:00-05:00,52.662449549021744,52.94854841350732,51.419384775639195,52.09024429321289,759600,0.0,0.0
2026-02-04 00:00:00-05:00,52.188904517981,52.85976406382914,51.735085109846786,52.44540786743164,604600,0.0,0.0
2026-02-05 00:00:00-05:00,52.869626833393966,52.869626833393966,51.498312244476026,51.64629364013672,582700,0.0,0.0
2026-02-06 00:00:00-05:00,52.39104755435739,52.43076874340746,51.46755453108033,51.755523681640625,766000,0.34,0.0
2026-02-09 00:00:00-05:00,51.79524541254361,52.996782983719875,51.6959462269007,52.95706558227539,567000,0.0,0.0
2026-02-10 00:00:00-05:00,52.728671273509974,53.96993004913894,52.718742870034255,53.9500732421875,792900,0.0,0.0
2026-02-11 00:00:00-05:00,53.969929039171824,54.58559610773773,52.212309979231065,53.4932861328125,770800,0.0,0.0
2026-02-12 00:00:00-05:00,53.71174989135919,55.141678637218014,52.85776324763001,53.92028045654297,888800,0.0,0.0
2026-02-13 00:00:00-05:00,54.02951112340757,55.07216772361763,52.85776255158412,55.05230712890625,1068400,0.0,0.0
2026-02-17 00:00:00-05:00,55.50909489695215,56.283639173832945,54.12881193325003,54.4962272644043,625900,0.0,0.0
2026-02-18 00:00:00-05:00,54.535941427548224,55.707689964931525,54.535941427548224,55.667972564697266,404100,0.0,0.0
2026-02-19 00:00:00-05:00,55.052307542847295,55.37006948457637,53.33440586161789,54.42671585083008,555100,0.0,0.0
2026-02-20 00:00:00-05:00,54.426713943934956,55.658040477989054,54.08909141917412,55.48923110961914,884700,0.0,0.0
2026-02-23 00:00:00-05:00,55.489231829876665,55.896364545488694,53.57272803033148,54.29762268066406,669400,0.0,0.0
2026-02-24 00:00:00-05:00,54.267833261999556,55.111887684298416,54.12880910211952,55.01258850097656,399700,0.0,0.0
2026-02-25 00:00:00-05:00,55.568671928762676,56.20419581546428,54.5458759103536,55.98573684692383,345500,0.0,0.0
2026-02-26 00:00:00-05:00,56.204194182919714,56.81986124479734,55.60839150344833,56.54181671142578,693800,0.0,0.0
2026-02-27 00:00:00-05:00,56.02545318401956,56.02545318401956,54.53594268236404,55.61832046508789,782700,0.0,0.0
2026-03-02 00:00:00-05:00,54.79412607381541,56.92909261996192,54.67496629552523,56.57160949707031,715700,0.0,0.0
2026-03-03 00:00:00-05:00,55.161536653898374,56.670907709099666,54.645172572801535,56.05524444580078,835100,0.0,0.0
2026-03-04 00:00:00-05:00,56.273706748352666,56.889373836258976,55.88643461152137,56.80000305175781,747700,0.0,0.0
2026-03-05 00:00:00-05:00,56.61132695112506,56.85957869914231,55.80699371188263,56.48223876953125,627700,0.0,0.0
2026-03-06 00:00:00-05:00,55.5388819828251,55.66797395386565,53.89049050930679,55.4693717956543,762200,0.0,0.0
2026-03-09 00:00:00-04:00,54.63524481197801,55.31048986534762,52.91734318114743,54.953006744384766,798600,0.0,0.0
2026-03-10 00:00:00-04:00,55.13174961756919,55.787134092265646,53.88055866440798,54.873565673828125,551500,0.0,0.0
2026-03-11 00:00:00-04:00,54.6650366631582,56.432591765969164,53.95007417192909,56.4127311706543,953800,0.0,0.0
2026-03-12 00:00:00-04:00,55.7474121137432,56.4623783625732,55.191330620671934,56.154544830322266,1353000,0.0,0.0
2026-03-13 00:00:00-04:00,56.62126162463372,57.3958059002371,56.382938269359705,56.59147262573242,830800,0.0,0.0
2026-03-16 00:00:00-04:00,56.94894834443636,57.38587383656828,56.12475452722374,56.204193115234375,674800,0.0,0.0
2026-03-17 00:00:00-04:00,56.2637772678314,57.41566525267569,56.25384886441962,56.49216842651367,715300,0.0,0.0
2026-03-18 00:00:00-04:00,56.144616805933104,56.36307577053327,55.19133099307487,55.55874252319336,698000,0.0,0.0
2026-03-19 00:00:00-04:00,55.01258951046537,55.8665723515587,54.30755165906694,55.4097900390625,722700,0.0,0.0
2026-03-20 00:00:00-04:00,55.4594384286956,55.79706095409159,54.69482638602507,55.280696868896484,3225400,0.0,0.0
2026-03-23 00:00:00-04:00,56.174406873088884,56.839723546908104,55.67790336260514,55.896366119384766,720800,0.0,0.0
2026-03-24 00:00:00-04:00,55.44950966259761,56.26377507945355,55.12181554243752,55.93608474731445,538000,0.0,0.0
2026-03-25 00:00:00-04:00,56.512029906303326,57.58447931658391,56.20419636342179,57.097904205322266,662800,0.0,0.0
2026-03-26 00:00:00-04:00,56.89930087471232,57.39580437935731,56.571610531417605,56.939022064208984,522300,0.0,0.0
2026-03-27 00:00:00-04:00,56.68084016336901,56.68084016336901,55.56866961983178,55.60839080810547,484800,0.0,0.0
2026-03-30 00:00:00-04:00,56.085033598638184,56.40279552819254,55.31048936885206,55.787132263183594,555000,0.0,0.0
2026-03-31 00:00:00-04:00,56.531889727134725,57.32629458237565,55.46937252299603,56.31342697143555,681400,0.0,0.0
2026-04-01 00:00:00-04:00,56.670908027317545,57.80293537806982,56.18433672856593,57.6440544128418,735300,0.0,0.0
2026-04-02 00:00:00-04:00,56.780139556315206,58.16041865575913,55.85664275964736,57.40573501586914,644100,0.0,0.0
2026-04-06 00:00:00-04:00,57.395802982655354,57.84265688356608,56.750350715136335,57.13762283325195,685100,0.0,0.0
2026-04-07 00:00:00-04:00,56.94894953374263,57.7334259673432,56.214126480209245,56.39286804199219,1046400,0.0,0.0
2026-04-08 00:00:00-04:00,56.74041865511562,58.19020794762428,56.45244571963866,56.89929962158203,1268300,0.0,0.0
2026-04-09 00:00:00-04:00,56.55175146442549,57.01846219554571,55.03244812331318,56.531890869140625,813900,0.0,0.0
2026-04-10 00:00:00-04:00,56.17440753026342,56.760281831009124,54.37706343759784,54.88349914550781,565000,0.0,0.0
2026-04-13 00:00:00-04:00,54.52601287184225,56.055244523199654,54.10895176039259,55.90629196166992,780600,0.0,0.0
2026-04-14 00:00:00-04:00,56.04531365735377,58.18028022031626,56.04531365735377,57.89230728149414,917600,0.0,0.0
2026-04-15 00:00:00-04:00,58.011467250605946,58.63706272264144,57.49510694291756,57.59440612792969,870000,0.0,0.0
2026-04-16 00:00:00-04:00,56.720559557170255,57.38587622606479,55.73748473498103,56.55175018310547,974300,0.0,0.0
2026-04-17 00:00:00-04:00,56.79999951945935,57.14755044422734,56.02545150594342,56.29356384277344,870600,0.0,0.0
2026-04-20 00:00:00-04:00,56.124758051443656,57.27664606008526,56.06517626567865,56.65105056762695,582000,0.0,0.0
2026-04-21 00:00:00-04:00,56.8595788067305,57.38587508937724,56.09496675484911,56.303497314453125,800000,0.0,0.0
2026-04-22 00:00:00-04:00,56.61132790589893,57.10783141030718,55.86657264928656,56.96881103515625,1609000,0.0,0.0
2026-04-23 00:00:00-04:00,56.92909421687662,57.0184612120853,55.72755284500412,56.07510757446289,864700,0.0,0.0
2026-04-24 00:00:00-04:00,55.846715517453745,56.521956794538575,54.64517416488459,55.4693717956543,759600,0.0,0.0
2026-04-27 00:00:00-04:00,55.41972413435379,56.49216976523352,55.032448207736515,56.382938385009766,904700,0.0,0.0
2026-04-28 00:00:00-04:00,56.849652847114484,57.23692498531711,56.24391794868629,56.47230911254883,882200,0.0,0.0
2026-04-29 00:00:00-04:00,56.44251661170924,56.74041794661131,55.93608472117781,55.96587371826172,613800,0.0,0.0
2026-04-30 00:00:00-04:00,55.83678322701762,57.98167819824643,55.73748404209876,57.68377685546875,661600,0.0,0.0
2026-05-01 00:00:00-04:00,56.24391715293277,57.167413986975255,53.02657652106056,53.741539001464844,1600800,0.0,0.0
2026-05-04 00:00:00-04:00,53.0166444121763,53.622379302978516,51.983916197956816,53.622379302978516,1263400,0.0,0.0
2026-05-05 00:00:00-04:00,53.672026978784764,55.44951039758856,53.48335701462934,54.68489456176758,977800,0.0,0.0
2026-05-06 00:00:00-04:00,55.0125883959996,56.08503396830908,54.645173084763584,55.19132995605469,773600,0.0,0.0
2026-05-07 00:00:00-04:00,55.32041757734434,55.608390508746815,53.61244815900139,53.959999084472656,745900,0.0,0.0
2026-05-08 00:00:00-04:00,54.22999954223633,55.959999084472656,53.38999938964844,55.95000076293945,796400,0.38,0.0
2026-05-11 00:00:00-04:00,55.91999816894531,56.540000915527344,55.0,55.720001220703125,488100,0.0,0.0
2026-05-12 00:00:00-04:00,55.59000015258789,56.2599983215332,54.93000030517578,56.13999938964844,575600,0.0,0.0
2026-05-13 00:00:00-04:00,55.77000045776367,56.119998931884766,55.029998779296875,55.849998474121094,704900,0.0,0.0
2026-05-14 00:00:00-04:00,56.20000076293945,56.34000015258789,55.2599983215332,55.689998626708984,656100,0.0,0.0
2026-05-15 00:00:00-04:00,55.58000183105469,55.58000183105469,53.88999938964844,54.060001373291016,748300,0.0,0.0
2026-05-18 00:00:00-04:00,54.18000030517578,55.65999984741211,54.06999969482422,54.41999816894531,918300,0.0,0.0
2026-05-19 00:00:00-04:00,54.380001068115234,55.16999816894531,53.689998626708984,53.720001220703125,1037100,0.0,0.0
2026-05-20 00:00:00-04:00,53.939998626708984,54.369998931884766,52.7599983215332,53.7599983215332,782500,0.0,0.0
2026-05-21 00:00:00-04:00,53.470001220703125,54.08000183105469,52.83000183105469,53.86000061035156,698500,0.0,0.0
2026-05-22 00:00:00-04:00,53.959999084472656,54.9900016784668,53.86000061035156,54.810001373291016,569300,0.0,0.0
2026-05-26 00:00:00-04:00,54.75,56.0099983215332,54.75,55.91999816894531,481900,0.0,0.0
2026-05-27 00:00:00-04:00,55.93000030517578,57.189998626708984,55.599998474121094,56.88999938964844,744000,0.0,0.0
2026-05-28 00:00:00-04:00,56.4900016784668,56.540000915527344,54.40999984741211,55.470001220703125,968200,0.0,0.0
2026-05-29 00:00:00-04:00,55.5099983215332,56.779998779296875,55.209999084472656,56.060001373291016,1209300,0.0,0.0
2026-06-01 00:00:00-04:00,55.810001373291016,56.43000030517578,55.529998779296875,55.88999938964844,687500,0.0,0.0
2026-06-02 00:00:00-04:00,56.279998779296875,56.70000076293945,55.630001068115234,56.11000061035156,1302800,0.0,0.0
2026-06-03 00:00:00-04:00,55.54999923706055,56.130001068115234,54.88999938964844,55.900001525878906,867400,0.0,0.0
2026-06-04 00:00:00-04:00,56.77000045776367,57.68000030517578,56.130001068115234,56.93000030517578,537000,0.0,0.0
2026-06-05 00:00:00-04:00,56.97999954223633,57.22999954223633,56.16999816894531,57.029998779296875,520100,0.0,0.0
2026-06-08 00:00:00-04:00,57.45000076293945,58.0,56.880001068115234,56.95000076293945,815100,0.0,0.0
2026-06-09 00:00:00-04:00,57.79999923706055,58.349998474121094,57.2400016784668,57.650001525878906,746400,0.0,0.0
2026-06-10 00:00:00-04:00,57.5,58.45000076293945,57.02000045776367,57.33000183105469,685000,0.0,0.0
2026-06-11 00:00:00-04:00,57.43000030517578,58.11000061035156,57.04999923706055,57.869998931884766,419400,0.0,0.0
2026-06-12 00:00:00-04:00,58.279998779296875,58.880001068115234,57.9900016784668,58.25,376900,0.0,0.0
2026-06-15 00:00:00-04:00,58.689998626708984,58.9900016784668,57.86000061035156,58.209999084472656,607200,0.0,0.0
2026-06-16 00:00:00-04:00,58.72999954223633,59.04999923706055,58.060001373291016,58.75,504900,0.0,0.0
2026-06-17 00:00:00-04:00,58.25,59.68000030517578,58.25,59.290000915527344,635500,0.0,0.0
2026-06-18 00:00:00-04:00,59.83000183105469,59.83000183105469,58.560001373291016,59.06999969482422,1486700,0.0,0.0
2026-06-22 00:00:00-04:00,59.220001220703125,60.16999816894531,59.09000015258789,60.040000915527344,578000,0.0,0.0
2026-06-23 00:00:00-04:00,59.63999938964844,59.91999816894531,59.06999969482422,59.25,416000,0.0,0.0
2026-06-24 00:00:00-04:00,59.290000915527344,59.540000915527344,55.7599983215332,56.380001068115234,684700,0.0,0.0
2026-06-25 00:00:00-04:00,56.84000015258789,57.47999954223633,55.61000061035156,56.220001220703125,535300,0.0,0.0
2026-06-26 00:00:00-04:00,56.97999954223633,57.810001373291016,56.599998474121094,57.529998779296875,505300,0.0,0.0
2026-06-29 00:00:00-04:00,57.130001068115234,57.810001373291016,56.189998626708984,56.45000076293945,503500,0.0,0.0
2026-06-30 00:00:00-04:00,56.5,57.5,55.209999084472656,55.220001220703125,657400,0.0,0.0
2026-07-01 00:00:00-04:00,55.349998474121094,56.0,54.439998626708984,55.31999969482422,727200,0.0,0.0
2026-07-02 00:00:00-04:00,56.150001525878906,57.0099983215332,55.81999969482422,56.599998474121094,831200,0.0,0.0
2026-07-06 00:00:00-04:00,56.52000045776367,58.310001373291016,56.040000915527344,57.90999984741211,618000,0.0,0.0
2026-07-07 00:00:00-04:00,58.779998779296875,59.470001220703125,58.09000015258789,58.31999969482422,853200,0.0,0.0
2026-07-08 00:00:00-04:00,58.29999923706055,58.380001068115234,56.869998931884766,57.119998931884766,716200,0.0,0.0
2026-07-09 00:00:00-04:00,57.56999969482422,59.349998474121094,57.400001525878906,58.869998931884766,770300,0.0,0.0
2026-07-10 00:00:00-04:00,60.0,60.77000045776367,59.16999816894531,59.540000915527344,642800,0.0,0.0
2026-07-13 00:00:00-04:00,59.91999816894531,60.0099983215332,57.790000915527344,58.119998931884766,662600,0.0,0.0
2026-07-14 00:00:00-04:00,58.040000915527344,58.91999816894531,58.02000045776367,58.7400016784668,477500,0.0,0.0
2026-07-15 00:00:00-04:00,59.36000061035156,60.630001068115234,59.34000015258789,60.0,465053,0.0,0.0
