Date,Open,High,Low,Close,Volume,Dividends,Stock Splits
2022-01-03 00:00:00-05:00,7.134710061336911,7.204075469986652,7.035616957918129,7.045526504516602,403700,0.0,0.0
2022-01-04 00:00:00-05:00,7.075254236319461,7.362624473994696,7.065345162182311,7.283349990844727,814400,0.0,0.0
2022-01-05 00:00:00-05:00,7.322987203912388,7.511264336917225,7.095072829486867,7.104982376098633,1053600,0.0,0.0
2022-01-06 00:00:00-05:00,7.134710216734572,7.204075626895127,6.877068142234163,7.005889415740967,1220000,0.0,0.0
2022-01-07 00:00:00-05:00,7.035617379720866,7.283350389376623,6.986071061297645,7.273441314697266,779400,0.0,0.0
2022-01-10 00:00:00-05:00,7.194166321179597,7.263531256595694,7.045526431338669,7.0950727462768555,820600,0.0,0.0
2022-01-11 00:00:00-05:00,7.184256557942812,7.60044804793609,7.0851634585427865,7.590538501739502,1229400,0.0,0.0
2022-01-12 00:00:00-05:00,7.8481819107419115,8.234645750409074,7.828363288644613,8.10582447052002,2127000,0.0,0.0
2022-01-13 00:00:00-05:00,8.155370366454763,8.175189461185484,7.808544713905189,7.818453788757324,1080800,0.0,0.0
2022-01-14 00:00:00-05:00,7.669812872394326,7.858089994838557,7.620266559654158,7.808543682098389,667400,0.0,0.0
2022-01-18 00:00:00-05:00,7.85809112874726,8.076095975790675,7.788726186399153,7.947275638580322,813700,0.0,0.0
2022-01-19 00:00:00-05:00,8.14546073131852,8.313919235064288,7.986911773681641,7.986911773681641,1645000,0.0,0.0
2022-01-20 00:00:00-05:00,8.155370465624644,8.254464050430336,7.927456543608598,7.947275638580322,1091300,0.0,0.0
2022-01-21 00:00:00-05:00,7.818452866616146,7.9175459660161716,7.511264022219482,7.590538501739502,1444500,0.0,0.0
2022-01-24 00:00:00-05:00,7.293260332390567,7.332897578285631,6.847340607301223,7.2635321617126465,2234900,0.0,0.0
2022-01-25 00:00:00-05:00,7.14461925968964,7.372533622700344,7.0058889216653935,7.293259143829346,1223900,0.0,0.0
2022-01-26 00:00:00-05:00,7.62026735393755,7.62026735393755,7.223894448135247,7.3229875564575195,1525900,0.0,0.0
2022-01-27 00:00:00-05:00,7.332896593856558,7.491445556151885,7.055435437326556,7.144619464874268,1148300,0.0,0.0
2022-01-28 00:00:00-05:00,7.025707953496188,7.0554356485599925,6.728428167778979,6.9959797859191895,1299500,0.0,0.0
2022-01-31 00:00:00-05:00,6.976160874610978,7.174347075162868,6.867158228050851,7.13470983505249,990600,0.0,0.0
2022-02-01 00:00:00-05:00,7.213984664958347,7.402261316020385,7.14461925968964,7.293259143829346,805600,0.0,0.0
2022-02-02 00:00:00-05:00,7.303168357757124,7.342805597954226,7.124800776870163,7.19416618347168,3060000,0.0,0.0
2022-02-03 00:00:00-05:00,7.075254057613472,7.273440732995811,7.055435437326556,7.144619464874268,1484500,0.0,0.0
2022-02-04 00:00:00-05:00,7.174346953009682,7.332896383264845,7.134709713574183,7.293259143829346,980900,0.0,0.0
2022-02-07 00:00:00-05:00,7.332896098225774,7.49144504980477,7.243712076706015,7.4319891929626465,684200,0.0,0.0
2022-02-08 00:00:00-05:00,7.451808561966539,7.640085697174072,7.293259594428909,7.640085697174072,569700,0.0,0.0
2022-02-09 00:00:00-05:00,7.7689062221377165,8.204915840919352,7.719359438292319,8.185097694396973,1536900,0.0,0.0
2022-02-10 00:00:00-05:00,8.105825261094292,8.36346690097416,8.056278464762054,8.086006164550781,1284500,0.0,0.0
2022-02-11 00:00:00-05:00,7.927457254363415,8.115733948342866,7.877910457518334,7.977004051208496,1486400,0.0,0.0
2022-02-14 00:00:00-05:00,7.947275235933243,8.056277417675762,7.897727973527468,7.957183837890625,788800,0.0,0.0
2022-02-15 00:00:00-05:00,7.977003968641088,8.105825261094292,7.887819924248367,8.086006164550781,813700,0.0,0.0
2022-02-16 00:00:00-05:00,8.095914923214758,8.294101144187747,7.986912737936226,8.10582447052002,914800,0.0,0.0
2022-02-17 00:00:00-05:00,8.095914164381531,8.105823710757967,7.848181175128795,7.8977274894714355,633300,0.0,0.0
2022-02-18 00:00:00-05:00,7.907637325142474,7.967093188036695,7.689632494530332,7.6995415687561035,734700,0.0,0.0
2022-02-22 00:00:00-05:00,7.709450884177026,7.867999847137769,7.620266856255018,7.729269504547119,789700,0.0,0.0
2022-02-23 00:00:00-05:00,7.778815959056703,7.808544126402861,7.540992510340201,7.630176067352295,915900,0.0,0.0
2022-02-24 00:00:00-05:00,7.3328962326049805,7.501354733001328,6.976160612501722,7.3328962326049805,3736800,0.0,0.0
2022-02-25 00:00:00-05:00,7.382443469570269,7.749088681522321,7.313078529549158,7.7391791343688965,1025000,0.0,0.0
2022-02-28 00:00:00-05:00,7.550900983661703,8.086004173211704,7.550900983661703,8.076094627380371,3179600,0.0,0.0
2022-03-01 00:00:00-05:00,8.086004618005097,8.323828060881398,7.887818415608178,7.8977274894714355,1996300,0.0,0.0
2022-03-02 00:00:00-05:00,8.105825261094292,8.204917908732229,7.986913516912844,8.086006164550781,924700,0.0,0.0
2022-03-03 00:00:00-05:00,8.175188148622633,8.284190317061467,8.05627643440946,8.185097694396973,992400,0.0,0.0
2022-03-04 00:00:00-05:00,8.026549982130824,8.175189411603954,7.8481819107419115,8.10582447052002,1092300,0.0,0.0
2022-03-07 00:00:00-05:00,8.113758902705703,8.17327249473327,7.756674039710093,7.786430835723877,2698600,0.008,0.0
2022-03-08 00:00:00-05:00,7.726916770720566,8.133596451397729,7.657483458395498,7.786430835723877,2525100,0.0,0.0
2022-03-09 00:00:00-05:00,7.76659334340813,8.093920959724063,7.607889159249079,8.064164161682129,1519300,0.0,0.0
2022-03-10 00:00:00-05:00,8.093920082668488,8.679142407804083,8.064163287850995,8.629547119140625,3863200,0.0,0.0
2022-03-11 00:00:00-05:00,8.629548429871221,8.649386926730427,8.3418968470739,8.361735343933105,1417800,0.0,0.0
2022-03-14 00:00:00-04:00,8.33197716713301,8.33197716713301,7.330156303441273,7.389670372009277,2306600,0.0,0.0
2022-03-15 00:00:00-04:00,7.230965661783532,7.3797510588400295,7.171451597556081,7.3400750160217285,1173700,0.0,0.0
2022-03-16 00:00:00-04:00,7.518617299293985,7.667402698143159,7.320237082812248,7.558293342590332,1844800,0.0,0.0
2022-03-17 00:00:00-04:00,7.568212056100794,7.806268299088283,7.568212056100794,7.79634952545166,1292000,0.0,0.0
2022-03-18 00:00:00-04:00,7.756673632370341,7.905458550577343,7.687240323691546,7.836025714874268,543800,0.0,0.0
2022-03-21 00:00:00-04:00,7.93521482098866,8.16335179303545,7.8757007665883245,8.074081420898438,839500,0.0,0.0
2022-03-22 00:00:00-04:00,8.133596411708538,8.183191702123828,7.836026088144027,7.905458927154541,1135500,0.0,0.0
2022-03-23 00:00:00-04:00,7.905459052860406,8.222867876018793,7.895540278405074,8.00464916229248,1206100,0.0,0.0
2022-03-24 00:00:00-04:00,8.084001168271428,8.18319174967843,7.994730780146916,8.014568328857422,1003500,0.0,0.0
2022-03-25 00:00:00-04:00,7.984812034728375,8.014568832640343,7.875702672107681,7.955055236816406,656000,0.0,0.0
2022-03-28 00:00:00-04:00,7.895540698336492,7.915378721278009,7.6773219730040205,7.726917266845703,783400,0.0,0.0
2022-03-29 00:00:00-04:00,7.597970185468787,7.945136310309914,7.498780066789521,7.746755599975586,1265700,0.0,0.0
2022-03-30 00:00:00-04:00,7.915378174427897,8.034406776829444,7.816188066573059,7.905458927154541,949500,0.0,0.0
2022-03-31 00:00:00-04:00,7.885620944062728,8.00464907406935,7.786430835723877,7.786430835723877,791400,0.0,0.0
2022-04-01 00:00:00-04:00,7.9054594892667955,8.09392094407928,7.776512576374697,7.895540714263916,1684100,0.0,0.0
2022-04-04 00:00:00-04:00,8.014568167724162,8.163353090891846,7.945135329706106,8.034406661987305,1100700,0.0,0.0
2022-04-05 00:00:00-04:00,8.074083336411148,8.163353729726857,7.578131819463103,7.617807865142822,1273400,0.0,0.0
2022-04-06 00:00:00-04:00,7.607888733941724,7.63764553032015,7.20120904828107,7.260723114013672,1518500,0.0,0.0
2022-04-07 00:00:00-04:00,7.300400256423552,7.538456555177451,7.221048156838919,7.469023704528809,1545600,0.0,0.0
2022-04-08 00:00:00-04:00,7.449184315236434,7.58805046407475,7.419427046854642,7.518617153167725,675600,0.0,0.0
2022-04-11 00:00:00-04:00,7.449185106567145,7.548375223417245,7.240885624694044,7.310318470001221,800500,0.0,0.0
2022-04-12 00:00:00-04:00,7.429345808641532,7.5582931831219415,7.280560885907236,7.29047966003418,832500,0.0,0.0
2022-04-13 00:00:00-04:00,7.359912948236119,7.736835823417789,7.250803595320219,7.637645244598389,1466600,0.0,0.0
2022-04-14 00:00:00-04:00,7.637644963100844,7.707078271120203,7.429345512018483,7.498778820037842,906300,0.0,0.0
2022-04-18 00:00:00-04:00,7.548374754552411,7.588050798827986,7.4392653963067,7.478941440582275,1199100,0.0,0.0
2022-04-19 00:00:00-04:00,7.34007555135716,7.488860959265058,7.270642234873268,7.389670372009277,855900,0.0,0.0
2022-04-20 00:00:00-04:00,7.369832349153276,7.528537004977061,7.240885437077153,7.389670372009277,661100,0.0,0.0
2022-04-21 00:00:00-04:00,7.508698592271047,7.508698592271047,6.784610086157851,6.863962173461914,1576400,0.0,0.0
2022-04-22 00:00:00-04:00,6.814366939017012,6.834204961007825,6.417606026224994,6.457282543182373,1779400,0.0,0.0
2022-04-25 00:00:00-04:00,6.21922661078664,6.248983884109901,5.94149379401419,6.189469337463379,1972900,0.0,0.0
2022-04-26 00:00:00-04:00,6.14979299562031,6.209307539433948,5.931574735881539,5.941493511199951,1828900,0.0,0.0
2022-04-27 00:00:00-04:00,6.070440480218809,6.288659197801126,6.0307644357448895,6.219225883483887,1583400,0.0,0.0
2022-04-28 00:00:00-04:00,6.229144818705026,6.24898283994713,5.991088090824051,6.199387550354004,1467600,0.0,0.0
2022-04-29 00:00:00-04:00,6.179550183416673,6.615987169929619,6.179550183416673,6.34817361831665,2701000,0.0,0.0
2022-05-02 00:00:00-04:00,6.149792548602289,6.278739929199219,6.020845640981117,6.278739929199219,1792800,0.0,0.0
2022-05-03 00:00:00-04:00,6.229145253292092,6.43744425437865,6.21922600549114,6.318416118621826,1028500,0.0,0.0
2022-05-04 00:00:00-04:00,6.328335163754211,6.457282543182373,6.1200356963627955,6.457282543182373,1327700,0.0,0.0
2022-05-05 00:00:00-04:00,6.368011330583571,6.4672014424511515,5.991088432511003,6.100197792053223,1550500,0.0,0.0
2022-05-06 00:00:00-04:00,6.060522125851436,6.080360149464052,5.782789322299027,5.941493511199951,1643900,0.0,0.0
2022-05-09 00:00:00-04:00,5.762950764712381,5.762950764712381,5.4356231689453125,5.4356231689453125,2432300,0.0,0.0
2022-05-10 00:00:00-04:00,5.376109563954418,5.6538418925783684,5.177728856247237,5.267000198364258,2082700,0.0,0.0
2022-05-11 00:00:00-04:00,5.386027897665532,5.6736794509327515,5.306675810278126,5.3761091232299805,1990100,0.0,0.0
2022-05-12 00:00:00-04:00,5.177728058599847,5.306675427798346,4.9198337931785625,5.019023895263672,3440100,0.0,0.0
2022-05-13 00:00:00-04:00,5.019023850257481,5.31659462682017,5.0091050766257705,5.197566032409668,1851200,0.0,0.0
2022-05-16 00:00:00-04:00,5.2174059542923485,5.485219537343138,5.138053378631214,5.3661909103393555,1744400,0.0,0.0
2022-05-17 00:00:00-04:00,5.55465120834584,5.762950670044186,5.55465120834584,5.733193874359131,1462100,0.0,0.0
2022-05-18 00:00:00-04:00,5.634003558839809,5.762950940801956,5.3562712455106185,5.415785312652588,1297000,0.0,0.0
2022-05-19 00:00:00-04:00,5.485218766378466,5.77287033467025,5.4356234726830115,5.68359899520874,1458300,0.0,0.0
2022-05-20 00:00:00-04:00,5.822464616231996,5.822464616231996,5.445541743381613,5.574489116668701,1224500,0.0,0.0
2022-05-23 00:00:00-04:00,5.693517889021521,5.842303300238191,5.584408997374975,5.78278923034668,1531200,0.0,0.0
2022-05-24 00:00:00-04:00,5.703436808126388,5.703436808126388,5.524894608751964,5.594327449798584,1364600,0.0,0.0
2022-05-25 00:00:00-04:00,5.6141654719512974,5.653841516256725,5.4356232725768745,5.594327449798584,973400,0.0,0.0
2022-05-26 00:00:00-04:00,5.624084682479196,5.743112814611641,5.574489390936134,5.713356018066406,931800,0.0,0.0
2022-05-27 00:00:00-04:00,5.81254618928123,5.8720602559730946,5.67367956069112,5.762950897216797,996400,0.0,0.0
2022-05-31 00:00:00-04:00,5.842303178272959,5.921655269805068,5.564570857910576,5.68359899520874,1285400,0.0,0.0
2022-06-01 00:00:00-04:00,5.743113486431058,5.832384832461075,5.574490043030274,5.63400411605835,889800,0.0,0.0
2022-06-02 00:00:00-04:00,5.7728705807037946,6.149793031545345,5.7728705807037946,6.050602912902832,1901400,0.0,0.0
2022-06-03 00:00:00-04:00,5.951412727367387,6.060522093135677,5.782789291082518,5.8323845863342285,1660300,0.0,0.0
2022-06-06 00:00:00-04:00,5.881979691999576,6.040684360665849,5.832384867334213,5.911736965179443,982800,0.0,0.0
2022-06-07 00:00:00-04:00,5.8522226756178055,6.06052216125498,5.7827893560801495,6.050602912902832,886800,0.0,0.0
2022-06-08 00:00:00-04:00,6.030764477258035,6.149792611499132,5.9514123877639715,6.100197792053223,1482300,0.0,0.0
2022-06-09 00:00:00-04:00,6.060522441515875,6.110117266642682,5.604247401684681,5.624085426330566,2184500,0.0,0.0
2022-06-10 00:00:00-04:00,5.475299064475494,5.48521831158246,5.296756873331719,5.395946979522705,1663600,0.0,0.0
2022-06-13 00:00:00-04:00,5.1777288109380715,5.227324105674816,4.969429802780781,4.989267826080322,1509300,0.0,0.0
2022-06-14 00:00:00-04:00,5.009105205535889,5.108295309284221,4.969429164036556,5.009105205535889,1462500,0.0,0.0
2022-06-15 00:00:00-04:00,5.108295606284167,5.207485715799483,4.929752936180847,5.0884575843811035,1678400,0.0,0.0
2022-06-16 00:00:00-04:00,4.840482880708079,4.959511031960942,4.632183379527652,4.820644855499268,1509300,0.0,0.0
2022-06-17 00:00:00-04:00,4.840482363527037,4.919834455883909,4.681777705837512,4.7115349769592285,2026300,0.0,0.0
2022-06-21 00:00:00-04:00,4.919834981543321,4.929753757659811,4.8107256064069475,4.820644855499268,784100,0.0,0.0
2022-06-22 00:00:00-04:00,4.602425821684088,4.602425821684088,4.404045581817627,4.404045581817627,1411400,0.0,0.0
2022-06-23 00:00:00-04:00,4.3346118505069775,4.384207142260451,3.957689194000573,3.9973654747009277,1806100,0.0,0.0
2022-06-24 00:00:00-04:00,4.037040985857102,4.2651784464431435,4.007283720139056,4.235421180725098,1021500,0.0,0.0
2022-06-27 00:00:00-04:00,4.255259823711114,4.5627494072990675,4.245341049002218,4.503235340118408,1341600,0.0,0.0
2022-06-28 00:00:00-04:00,4.5925066334283775,4.622263430246062,4.354449894008109,4.394125938415527,1011200,0.0,0.0
2022-06-29 00:00:00-04:00,4.4437217376491285,4.4833977865854395,4.136232121904813,4.165988922119141,1690700,0.0,0.0
2022-06-30 00:00:00-04:00,4.046960830688477,4.0866368801677115,3.8783376204017297,4.046960830688477,1764000,0.0,0.0
2022-07-01 00:00:00-04:00,3.9676077057342596,4.146149882221051,3.9279316665149726,4.116393089294434,1179900,0.0,0.0
2022-07-05 00:00:00-04:00,3.8981751126428663,3.8981751126428663,3.6898756448430974,3.7989847660064697,1476700,0.0,0.0
2022-07-06 00:00:00-04:00,3.7890654508940647,3.8485797486946374,3.570846989592918,3.749389410018921,1653000,0.0,0.0
2022-07-07 00:00:00-04:00,3.9576894162870015,4.205664706542687,3.927932381456319,4.027122497558594,2293100,0.0,0.0
2022-07-08 00:00:00-04:00,3.967607800033161,3.9775270465615833,3.6898752824093823,3.699794292449951,2046300,0.0,0.0
2022-07-11 00:00:00-04:00,3.5807664241397825,3.6006046834160856,3.4022242190440237,3.4121432304382324,2345500,0.0,0.0
2022-07-12 00:00:00-04:00,3.322871851284258,3.4319812117911246,3.2931148174608986,3.3030338287353516,2478000,0.0,0.0
2022-07-13 00:00:00-04:00,3.253438843017614,3.382386228873721,3.164167739608847,3.3228719234466553,2852500,0.0,0.0
2022-07-14 00:00:00-04:00,3.1443296202219044,3.2236817097078214,3.055058283062367,3.164167642593384,2812500,0.0,0.0
2022-07-15 00:00:00-04:00,3.193924337500372,3.243519388170531,3.094733999672198,3.233600378036499,1115400,0.0,0.0
2022-07-18 00:00:00-04:00,3.372467124084717,3.5113332811010736,3.3327908427350192,3.3625481128692627,1264300,0.0,0.0
2022-07-19 00:00:00-04:00,3.3327905652388323,3.5410900199077333,3.1344103574473663,3.5113329887390137,2032500,0.0,0.0
2022-07-20 00:00:00-04:00,3.5212521849480276,3.560928228600059,3.4022240539919335,3.431981086730957,1413600,0.0,0.0
2022-07-21 00:00:00-04:00,3.4220622418324416,3.5113333443803207,3.293114857219841,3.4121432304382324,1391500,0.0,0.0
2022-07-22 00:00:00-04:00,3.4815762567081565,3.531171312917242,3.3228718403512008,3.3327908515930176,1365300,0.0,0.0
2022-07-25 00:00:00-04:00,3.451819222982705,3.451819222982705,3.2931148066257494,3.3327908515930176,1028700,0.0,0.0
2022-07-26 00:00:00-04:00,3.3327910441030664,3.372467327850015,3.2336009259554346,3.253438949584961,1307900,0.0,0.0
2022-07-27 00:00:00-04:00,3.2732765969231634,3.461738036226294,3.2038435222017507,3.4419000148773193,1540900,0.0,0.0
2022-07-28 00:00:00-04:00,3.531171259762457,3.570847304132481,3.392305104467372,3.4815762042999268,1263400,0.0,0.0
2022-07-29 00:00:00-04:00,3.5212520682803254,3.838660643467928,3.501414047111592,3.8188226222991943,2483100,0.0,0.0
2022-08-01 00:00:00-04:00,3.749389698894254,3.7692277208602647,3.551009242746266,3.60060453414917,1274300,0.0,0.0
2022-08-02 00:00:00-04:00,3.670037391460048,3.6799564018496214,3.4716569471807204,3.5113329887390137,3751900,0.0,0.0
2022-08-03 00:00:00-04:00,3.541090270854963,3.541090270854963,3.382386093374866,3.4815762042999268,1094300,0.0,0.0
2022-08-04 00:00:00-04:00,3.5113330534461746,3.650199437947105,3.471657011156728,3.5609281063079834,1231300,0.0,0.0
2022-08-05 00:00:00-04:00,3.570847326004174,3.6799566851779217,3.4914952367780883,3.6501996517181396,1407300,0.0,0.0
2022-08-08 00:00:00-04:00,3.7097136890115934,4.146150412757521,3.6799566557894536,3.9676082134246826,2869900,0.0,0.0
2022-08-09 00:00:00-04:00,3.9775269520269294,4.175907148123364,3.9775269520269294,4.116393089294434,1929000,0.0,0.0
2022-08-10 00:00:00-04:00,4.26517897570907,4.622263370782053,4.235421706298445,4.572668552398682,2282800,0.0,0.0
2022-08-11 00:00:00-04:00,4.642101991127252,4.780968635643298,4.542911868598513,4.671859264373779,1848100,0.0,0.0
2022-08-12 00:00:00-04:00,4.671859087909417,4.671859087909417,4.473478850345113,4.523073673248291,1469200,0.0,0.0
2022-08-15 00:00:00-04:00,4.285016993477693,4.433801921458426,4.156069614450357,4.344531059265137,1249700,0.0,0.0
2022-08-16 00:00:00-04:00,4.443720575018969,4.493315859701431,4.324692459351886,4.473477840423584,1126300,0.0,0.0
2022-08-17 00:00:00-04:00,4.404045039338412,4.404045039338412,4.265178888537073,4.35444974899292,1759900,0.0,0.0
2022-08-18 00:00:00-04:00,4.384206457729519,4.423882495747152,4.304854381694255,4.364368438720703,1152100,0.0,0.0
2022-08-19 00:00:00-04:00,4.27509757021767,4.285016817262203,4.11639340131098,4.136231422424316,686700,0.0,0.0
2022-08-22 00:00:00-04:00,4.037041887592212,4.116393983263915,3.977527815838434,4.066798686981201,1032500,0.0,0.0
2022-08-23 00:00:00-04:00,4.1362310397244935,4.493315859701431,4.056878962613104,4.473477840423584,1560600,0.0,0.0
2022-08-24 00:00:00-04:00,4.413963961863527,4.632182679141602,4.364369142828153,4.622263431549072,1438100,0.0,0.0
2022-08-25 00:00:00-04:00,4.731373142694522,4.820644485775333,4.652021047945264,4.751211166381836,1054000,0.0,0.0
2022-08-26 00:00:00-04:00,4.830563520000802,4.979348942116962,4.661940073134209,4.721454620361328,1743400,0.0,0.0
2022-08-29 00:00:00-04:00,4.602425165028283,4.751210560187917,4.582587143872047,4.652020454406738,858800,0.0,0.0
2022-08-30 00:00:00-04:00,4.64210186965738,4.64210186965738,4.334612261376466,4.404045581817627,1479500,0.0,0.0
2022-08-31 00:00:00-04:00,4.404044476738336,4.523072590791233,4.304854381694255,4.364368438720703,995200,0.0,0.0
2022-09-01 00:00:00-04:00,4.193451305254432,4.21332546409119,3.945024319794962,4.074206352233887,2261500,0.008,0.0
2022-09-02 00:00:00-04:00,4.213325335211559,4.263010967702302,4.074206227609712,4.113954544067383,830400,0.0,0.0
2022-09-06 00:00:00-04:00,4.153703540567415,4.243137504157914,4.044395889331678,4.054332733154297,671500,0.0,0.0
2022-09-07 00:00:00-04:00,3.9748351239403488,4.113954220603825,3.954960967274138,4.064269065856934,1046500,0.0,0.0
2022-09-08 00:00:00-04:00,4.04439509281522,4.332570614477722,3.9947094619752197,4.31269645690918,1015100,0.0,0.0
2022-09-09 00:00:00-04:00,4.3822560698391175,4.531312498670088,4.352445068375318,4.52137565612793,718000,0.0,0.0
2022-09-12 00:00:00-04:00,4.620746013463366,4.710179483228775,4.521375228258868,4.660494327545166,909400,0.0,0.0
2022-09-13 00:00:00-04:00,4.4220040866175125,4.5015011907289715,4.302759141206263,4.31269645690918,920900,0.0,0.0
2022-09-14 00:00:00-04:00,4.292821610436637,4.32263260508679,4.173576210324374,4.223261833190918,760700,0.0,0.0
2022-09-15 00:00:00-04:00,4.193450601357191,4.272947697197453,4.1139539793541715,4.143765449523926,553600,0.0,0.0
2022-09-16 00:00:00-04:00,4.07420584014662,4.263010562283598,3.984772373540772,4.243136405944824,1170500,0.0,0.0
2022-09-19 00:00:00-04:00,4.094080249817928,4.332570614477722,4.054331934680845,4.31269645690918,786000,0.0,0.0
2022-09-20 00:00:00-04:00,4.203388493015796,4.253074125506538,4.054332069380877,4.113954544067383,1126900,0.0,0.0
2022-09-21 00:00:00-04:00,4.123891111589251,4.193450415846086,3.9847720292383593,4.044394493103027,1113500,0.0,0.0
2022-09-22 00:00:00-04:00,4.094079942732882,4.193450723122076,3.984772321223396,4.10401725769043,1760300,0.0,0.0
2022-09-23 00:00:00-04:00,3.895338296890259,3.925149530356016,3.6965965035332538,3.895338296890259,2169900,0.0,0.0
2022-09-26 00:00:00-04:00,3.8257788456502997,3.8854015546500444,3.676722665447547,3.7860305309295654,1442300,0.0,0.0
2022-09-27 00:00:00-04:00,3.845652730347501,3.895338357144269,3.726407794639963,3.7959673404693604,999600,0.0,0.0
2022-09-28 00:00:00-04:00,3.7959671683400855,4.0245204252529705,3.7959671683400855,4.014583110809326,1323600,0.0,0.0
2022-09-29 00:00:00-04:00,4.004646301269531,4.034457297157263,3.8655269779212795,4.004646301269531,899700,0.0,0.0
2022-09-30 00:00:00-04:00,3.974834831544563,4.1437653876991645,3.8854011331255127,4.004646301269531,519600,0.0,0.0
2022-10-03 00:00:00-04:00,4.084143149167941,4.412066965189224,4.084143149167941,4.402129650115967,2426700,0.0,0.0
2022-10-04 00:00:00-04:00,4.511437934961092,4.541249407587391,4.2928222064382675,4.342507362365723,2119500,0.0,0.0
2022-10-05 00:00:00-04:00,4.21332487480023,4.292821972865829,4.133828250571886,4.263010501861572,832100,0.0,0.0
2022-10-06 00:00:00-04:00,4.213324906075298,4.332570317140216,4.143765596277795,4.253073692321777,747000,0.0,0.0
2022-10-07 00:00:00-04:00,4.173576322103584,4.183513636477927,3.9748347729890248,4.024520397186279,1050900,0.0,0.0
2022-10-10 00:00:00-04:00,4.044394909190722,4.104017379189355,3.98477243919209,4.064269065856934,891600,0.0,0.0
2022-10-11 00:00:00-04:00,4.034457479903029,4.074205792111945,3.84565275999205,3.8655271530151367,1293300,0.0,0.0
2022-10-12 00:00:00-04:00,3.875464462990957,3.9549610921661915,3.8158417541908882,3.945024013519287,730100,0.0,0.0
2022-10-13 00:00:00-04:00,3.8257784305941946,4.074205607565729,3.686659344164561,4.004646301269531,1052000,0.0,0.0
2022-10-14 00:00:00-04:00,3.9549610098856998,3.994709323646378,3.7264079688431613,3.8158416748046875,1426400,0.0,0.0
2022-10-17 00:00:00-04:00,3.795967166521395,4.024520423324778,3.7562188564403254,3.935086488723755,1629300,0.0,0.0
2022-10-18 00:00:00-04:00,4.014583480526717,4.014583480526717,3.7264079688431613,3.8158416748046875,1300400,0.0,0.0
2022-10-19 00:00:00-04:00,3.7760930953232967,3.7860301730642023,3.6071627737279086,3.66678524017334,1385000,0.0,0.0
2022-10-20 00:00:00-04:00,3.7164707818815246,3.8953384255002548,3.6171000003814697,3.6171000003814697,2209700,0.0,0.0
2022-10-21 00:00:00-04:00,3.6667854895568155,3.974835157394409,3.5972257037209943,3.974835157394409,2200000,0.0,0.0
2022-10-24 00:00:00-04:00,3.9350866391643042,3.9350866391643042,3.6965965326416605,3.726407766342163,1907100,0.0,0.0
2022-10-25 00:00:00-04:00,3.6667853267861945,3.825778574396245,3.6667853267861945,3.7959673404693604,1085300,0.0,0.0
2022-10-26 00:00:00-04:00,3.8456527548412662,4.193450723122076,3.8456527548412662,4.10401725769043,1619500,0.0,0.0
2022-10-27 00:00:00-04:00,4.074205547546304,4.19345047701504,3.9847720873633676,4.024520397186279,1286600,0.0,0.0
2022-10-28 00:00:00-04:00,3.9549607942199594,3.9947091058131448,3.7860302330302957,3.8854012489318848,1548600,0.0,0.0
2022-10-31 00:00:00-04:00,3.82577863522068,3.875464262807379,3.7562190882853854,3.7760932445526123,1367200,0.0,0.0
2022-11-01 00:00:00-04:00,3.9549609021139807,4.243136405944824,3.9549609021139807,4.243136405944824,3560100,0.0,0.0
2022-11-02 00:00:00-04:00,4.1835139492687485,4.2232622620635425,3.92514967918396,3.92514967918396,2627300,0.0,0.0
2022-11-03 00:00:00-04:00,3.9450237973130697,4.3027588459146715,3.855590094392327,4.253073692321777,2314300,0.0,0.0
2022-11-04 00:00:00-04:00,4.590934380632353,5.067914606791381,4.590934380632353,5.0281662940979,5087800,0.0,0.0
2022-11-07 00:00:00-05:00,5.057977802298964,5.0977261152813425,4.730053983275708,4.859235763549805,2837000,0.0,0.0
2022-11-08 00:00:00-05:00,4.859235670062162,5.097726017205345,4.819487357844508,5.048040390014648,1961200,0.0,0.0
2022-11-09 00:00:00-05:00,5.038103708869876,5.097726179089741,4.799613354153148,4.839361667633057,1625700,0.0,0.0
2022-11-10 00:00:00-05:00,5.127536953734956,5.326278986307186,5.127536953734956,5.226908206939697,2638700,0.0,0.0
2022-11-11 00:00:00-05:00,5.465398434122676,5.554832378308978,5.3461534910991295,5.425650119781494,2327000,0.0,0.0
2022-11-14 00:00:00-05:00,5.385902469055294,5.544895746010114,5.306405830577884,5.515084743499756,2497900,0.0,0.0
2022-11-15 00:00:00-05:00,5.614454173664472,5.703887633242899,5.475335090224633,5.48527193069458,1984100,0.0,0.0
2022-11-16 00:00:00-05:00,5.3759645508524185,5.49520996906444,5.276593763873474,5.405776023864746,1746200,0.0,0.0
2022-11-17 00:00:00-05:00,5.177222839848684,5.336216094806297,5.127537210755792,5.2964677810668945,1277000,0.0,0.0
2022-11-18 00:00:00-05:00,5.3560900417860955,5.3560900417860955,5.1474111659131205,5.207033634185791,910800,0.0,0.0
2022-11-21 00:00:00-05:00,5.117600112716833,5.2567192038313175,5.05797764509634,5.226908206939697,1413600,0.0,0.0
2022-11-22 00:00:00-05:00,5.356089745407851,5.515083459174341,5.296467280434379,5.465397834777832,1039800,0.0,0.0
2022-11-23 00:00:00-05:00,5.46539807186876,5.574706165980566,5.405775604308844,5.544894695281982,1148500,0.0,0.0
2022-11-25 00:00:00-05:00,5.54489439502594,5.574705864110233,5.475335090224633,5.48527193069458,348000,0.0,0.0
2022-11-28 00:00:00-05:00,5.3958385359505,5.3958385359505,5.286530910682672,5.306405067443848,1269400,0.0,0.0
2022-11-29 00:00:00-05:00,5.455461564955034,5.495210356385531,5.366028087289053,5.435587406158447,796200,0.0,0.0
2022-11-30 00:00:00-05:00,5.584643748427028,5.664140382394524,5.3759648473436945,5.614455223083496,1884900,0.0,0.0
2022-12-01 00:00:00-05:00,5.644265706272522,5.833070431548884,5.584643236264819,5.783385276794434,1770100,0.0,0.0
2022-12-02 00:00:00-05:00,5.664140237298736,5.843008132980936,5.624391921333203,5.813196659088135,1498900,0.0,0.0
2022-12-05 00:00:00-05:00,5.783385102098247,5.783385102098247,5.50514644329633,5.525020599365234,1054000,0.0,0.0
2022-12-06 00:00:00-05:00,5.574705924147813,5.654202544112443,5.415712210381323,5.465397834777832,2269900,0.0,0.0
2022-12-07 00:00:00-05:00,5.415712692711676,5.554832263877177,5.2765935953834475,5.306405067443848,1895500,0.0,0.0
2022-12-08 00:00:00-05:00,5.445524556710028,5.604517822242864,5.29646813335434,5.336216449737549,11682800,0.0,0.0
2022-12-09 00:00:00-05:00,5.316341908905798,5.49520979359365,5.306405067443848,5.306405067443848,1951300,0.0,0.0
2022-12-12 00:00:00-05:00,5.226908356755731,5.2666566696420105,5.087788787816486,5.177222728729248,1388000,0.0,0.0
2022-12-13 00:00:00-05:00,5.415713274254227,5.534958701463198,5.246783160563055,5.276594161987305,1407400,0.0,0.0
2022-12-14 00:00:00-05:00,5.2269081472100565,5.336215766346573,5.187159362080031,5.246782302856445,3598200,0.0,0.0
2022-12-15 00:00:00-05:00,5.117600144380997,5.127536985460603,4.988417893485345,5.057977676391602,1662300,0.0,0.0
2022-12-16 00:00:00-05:00,4.988418102264404,5.067914729577419,4.9188583164468795,4.988418102264404,2216400,0.0,0.0
2022-12-19 00:00:00-05:00,5.01822972763128,5.067914884300158,4.889047467385078,4.938732624053955,2214000,0.0,0.0
2022-12-20 00:00:00-05:00,4.968543791293026,5.226908295882149,4.968543791293026,5.197096824645996,1460300,0.0,0.0
2022-12-21 00:00:00-05:00,5.256719293281041,5.266656608305512,5.177222668434315,5.197096824645996,869500,0.0,0.0
2022-12-22 00:00:00-05:00,5.117600328920085,5.117600328920085,4.938732444664721,4.998355388641357,1479300,0.0,0.0
2022-12-23 00:00:00-05:00,5.048040593875684,5.167285535344257,4.938732493944187,5.137474536895752,964800,0.0,0.0
2022-12-27 00:00:00-05:00,5.207034184573466,5.405776240326818,5.187160026381862,5.336216449737549,1906800,0.0,0.0
2022-12-28 00:00:00-05:00,5.266655903171336,5.306404210272937,5.087788047376933,5.107662200927734,1133400,0.0,0.0
2022-12-29 00:00:00-05:00,5.187159923783492,5.266657028814821,5.147411608186476,5.216971397399902,1309900,0.0,0.0
2022-12-30 00:00:00-05:00,5.167285359073752,5.246782457844876,4.998355268007922,5.0381035804748535,1284300,0.0,0.0
2023-01-03 00:00:00-05:00,5.127536985460603,5.207033609446464,5.048040361474741,5.057977676391602,1174200,0.0,0.0
2023-01-04 00:00:00-05:00,5.107662912983274,5.296467634955606,5.06791460034039,5.187159538269043,12016000,0.0,0.0
2023-01-05 00:00:00-05:00,5.167285421182051,5.187159577654394,4.988418012930956,5.0182294845581055,4352900,0.0,0.0
2023-01-06 00:00:00-05:00,5.11760057749444,5.554832520257803,5.0579781044590675,5.534958362579346,3037900,0.0,0.0
2023-01-09 00:00:00-05:00,5.713825869174303,6.011938712753101,5.703888553264268,5.813196659088135,4277100,0.0,0.0
2023-01-10 00:00:00-05:00,5.852945016721269,5.972190439304088,5.843008174577796,5.952315807342529,2613300,0.0,0.0
2023-01-11 00:00:00-05:00,6.02187595488632,6.240492181057718,5.962253476977029,5.992064952850342,9329600,0.0,0.0
2023-01-12 00:00:00-05:00,6.051686286729237,6.270301997735478,5.952315035161883,6.210679531097412,3557300,0.0,0.0
2023-01-13 00:00:00-05:00,6.131183624267578,6.151057782132413,6.051686992808242,6.131183624267578,1909400,0.0,0.0
2023-01-17 00:00:00-05:00,6.101372136551619,6.1212462943708505,5.882756400540074,5.9821271896362305,1261600,0.0,0.0
2023-01-18 00:00:00-05:00,6.160994610009313,6.300114188581231,5.9821271896362305,5.9821271896362305,3446200,0.0,0.0
2023-01-19 00:00:00-05:00,5.942378460446207,6.111309027071835,5.902630147573973,5.962252616882324,3022200,0.0,0.0
2023-01-20 00:00:00-05:00,5.922504393139654,5.942378549874864,5.654203040295692,5.932441234588623,3797200,0.0,0.0
2023-01-23 00:00:00-05:00,5.92250456206491,5.932441403797303,5.71382567347451,5.7237629890441895,3447900,0.0,0.0
2023-01-24 00:00:00-05:00,5.733700027157069,5.833070817070901,5.534958447329406,5.813196659088135,2958500,0.0,0.0
2023-01-25 00:00:00-05:00,5.693951636152609,5.73369995159431,5.594580847548356,5.684014320373535,2413900,0.0,0.0
2023-01-26 00:00:00-05:00,5.723763080096473,5.78338555295115,5.624391818168053,5.693951606750488,2296300,0.0,0.0
2023-01-27 00:00:00-05:00,5.664139747619629,5.75357368772894,5.584643122561246,5.664139747619629,1542300,0.0,0.0
2023-01-30 00:00:00-05:00,5.5846426828745,5.6740766159425515,5.534957533043422,5.654202461242676,1703000,0.0,0.0
2023-01-31 00:00:00-05:00,5.654203548919742,5.793322658580671,5.614455231873762,5.763511657714844,3193400,0.0,0.0
2023-02-01 00:00:00-05:00,5.763511750604754,5.763511750604754,5.515084528144848,5.733700275421143,2983500,0.0,0.0
2023-02-02 00:00:00-05:00,5.743637204554721,5.743637204554721,5.326279423144241,5.395838737487793,3502800,0.0,0.0
2023-02-03 00:00:00-05:00,5.326279362574528,5.584643407181756,5.28653104801957,5.415712833404541,2488800,0.0,0.0
2023-02-06 00:00:00-05:00,5.3660271154791195,5.465397891465592,5.266656339492647,5.286530494689941,2218800,0.0,0.0
2023-02-07 00:00:00-05:00,5.336216449737549,5.375964766120759,5.187160026381862,5.336216449737549,2048600,0.0,0.0
2023-02-08 00:00:00-05:00,5.296468320882579,5.465398908411076,5.2666573194583295,5.276594161987305,2980800,0.0,0.0
2023-02-09 00:00:00-05:00,5.425650624605605,5.465398942645129,5.216971717979441,5.26665735244751,2320500,0.0,0.0
2023-02-10 00:00:00-05:00,5.286530800442786,5.286530800442786,4.998355296496421,5.0281662940979,2016900,0.0,0.0
2023-02-13 00:00:00-05:00,5.008292049481811,5.077851832388067,4.938732266575554,5.057977676391602,1835800,0.0,0.0
2023-02-14 00:00:00-05:00,4.9983553207409885,5.197096885172388,4.928795536271366,5.177222728729248,1915900,0.0,0.0
2023-02-15 00:00:00-05:00,5.0182298053303835,5.107663278254011,4.908921700826732,5.067914962768555,2485800,0.0,0.0
2023-02-16 00:00:00-05:00,5.03810290041853,5.187158815130937,4.998354593316929,5.107662200927734,1923400,0.0,0.0
2023-02-17 00:00:00-05:00,5.028166810475168,5.1970973936897416,4.978481651424436,5.167285919189453,1593400,0.0,0.0
2023-02-21 00:00:00-05:00,5.187159390937556,5.2666564878026225,4.918858051300049,4.918858051300049,2538400,0.0,0.0
2023-02-22 00:00:00-05:00,4.908921810502503,4.938732810863987,4.769802703195191,4.879110336303711,2060900,0.0,0.0
2023-02-23 00:00:00-05:00,4.839361822783932,4.928795767899634,4.680368563766939,4.789676666259766,1890600,0.0,0.0
2023-02-24 00:00:00-05:00,4.441878702153006,4.650557615056571,4.272948582322001,4.620746612548828,2821300,0.0,0.0
2023-02-27 00:00:00-05:00,4.670430388647474,4.958605854500686,4.6108079274885885,4.928794860839844,2535500,0.0,0.0
2023-02-28 00:00:00-05:00,4.9188585605860995,5.038103981311441,4.8791102449567525,4.908921718597412,2767500,0.0,0.0
2023-03-01 00:00:00-05:00,5.048040416139753,5.276593449492723,5.048040416139753,5.197096824645996,3944400,0.0,0.0
2023-03-02 00:00:00-05:00,5.117600228062627,5.187159538269043,5.048040444018947,5.187159538269043,3045000,0.0,0.0
2023-03-03 00:00:00-05:00,5.266656574768457,5.405775667364345,5.256719259807265,5.366027355194092,2374800,0.0,0.0
2023-03-06 00:00:00-05:00,5.283442770655554,5.353092846906845,5.193892740397082,5.2336931228637695,1821100,0.007,0.0
2023-03-07 00:00:00-05:00,5.223742730525908,5.223742730525908,4.885443049486157,4.915293216705322,2887900,0.0,0.0
2023-03-08 00:00:00-05:00,4.935192796275325,5.064542720341751,4.925242583138394,4.98494291305542,2452000,0.0,0.0
2023-03-09 00:00:00-05:00,4.974993341788009,5.024743464986824,4.606843948364258,4.606843948364258,2562900,0.0,0.0
2023-03-10 00:00:00-05:00,4.646644305732371,4.6565940466612865,4.497394396179582,4.527244567871094,2153800,0.0,0.0
2023-03-13 00:00:00-04:00,4.487444381552776,4.636693807550171,4.427744041810993,4.576993942260742,1683500,0.0,0.0
2023-03-14 00:00:00-04:00,4.636693586655757,4.785943479995166,4.596893678358891,4.616793632507324,1999000,0.0,0.0
2023-03-15 00:00:00-04:00,4.397893535104694,4.55709314650865,4.238693923700738,4.377993583679199,4410600,0.0,0.0
2023-03-16 00:00:00-04:00,4.3282437267660026,4.447643442460389,4.258594129837092,4.4177937507629395,1976400,0.0,0.0
2023-03-17 00:00:00-04:00,4.427744311867645,4.576994221420435,4.427744311867645,4.527244567871094,3218000,0.0,0.0
2023-03-20 00:00:00-04:00,4.557093548614855,4.756093554881315,4.557093548614855,4.746143341064453,2019100,0.0,0.0
2023-03-21 00:00:00-04:00,4.775993339707787,4.895393054587409,4.756093387227851,4.865542888641357,2341000,0.0,0.0
2023-03-22 00:00:00-04:00,4.915293434882703,5.014793205942609,4.825743403702621,4.87549352645874,3234000,0.0,0.0
2023-03-23 00:00:00-04:00,4.9451426985611056,5.004843030453208,4.795893292187724,4.865542888641357,3104200,0.0,0.0
2023-03-24 00:00:00-04:00,4.785942924595247,4.825742828273405,4.71629285593233,4.805842876434326,1093100,0.0,0.0
2023-03-27 00:00:00-04:00,4.785943229111579,4.965042807058905,4.785943229111579,4.925242900848389,1112100,0.0,0.0
2023-03-28 00:00:00-04:00,4.974993013011032,5.0147929191589355,4.855593294567321,5.0147929191589355,1877800,0.0,0.0
2023-03-29 00:00:00-04:00,5.054592825306839,5.094392731454743,4.974993013011032,5.0147929191589355,2694100,0.0,0.0
2023-03-30 00:00:00-04:00,5.114292666921112,5.223742645677183,5.024743115622784,5.193892478942871,3716900,0.0,0.0
2023-03-31 00:00:00-04:00,5.253593130424763,5.333192947264902,5.1839430534634765,5.223742961883545,2167000,0.0,0.0
2023-04-03 00:00:00-04:00,5.233693176214729,5.4028425497738555,5.223742961883545,5.223742961883545,11605700,0.0,0.0
2023-04-04 00:00:00-04:00,5.223742946345402,5.233693160646988,4.875493511479507,4.965043067932129,5505500,0.0,0.0
2023-04-05 00:00:00-04:00,4.9749930487942615,5.213792487399277,4.965042834959564,5.183942794799805,2651400,0.0,0.0
2023-04-06 00:00:00-04:00,5.183942640466681,5.183942640466681,5.044642972094231,5.124242782592773,1504300,0.0,0.0
2023-04-10 00:00:00-04:00,5.064542882705598,5.084442835165152,4.905342788576873,4.955092906951904,1496100,0.0,0.0
2023-04-11 00:00:00-04:00,4.984943060874399,5.203842537402858,4.984943060874399,5.13419246673584,2165400,0.0,0.0
2023-04-12 00:00:00-04:00,5.193892163307383,5.223742328227685,5.124242569247136,5.1640424728393555,1826700,0.0,0.0
2023-04-13 00:00:00-04:00,5.024743202920181,5.462542176645963,4.945142915063181,5.353092670440674,6176100,0.0,0.0
2023-04-14 00:00:00-04:00,5.353092757252792,5.363042496863579,5.06454319175518,5.074492931365967,6156700,0.0,0.0
2023-04-17 00:00:00-04:00,5.094393289639306,5.193893065911097,5.054593379130589,5.173993110656738,4281300,0.0,0.0
2023-04-18 00:00:00-04:00,5.213791852261765,5.402841622020421,5.164042212505646,5.392891883850098,3993500,0.0,0.0
2023-04-19 00:00:00-04:00,5.253593130424763,5.333192947264902,5.213792747552361,5.223742961883545,3498500,0.0,0.0
2023-04-20 00:00:00-04:00,5.223743001765997,5.442642499747639,5.154092924272943,5.303342819213867,3383300,0.0,0.0
2023-04-21 00:00:00-04:00,5.273492942557219,5.333192803578899,4.9948931166703945,5.074492931365967,3142400,0.0,0.0
2023-04-24 00:00:00-04:00,5.044643269046402,5.253593021131019,4.984943407658271,5.243642807006836,3160400,0.0,0.0
2023-04-25 00:00:00-04:00,5.124243191334672,5.173992839638459,4.835693618034778,4.87549352645874,2679000,0.0,0.0
2023-04-26 00:00:00-04:00,4.955093067732429,5.034692880153464,4.915293161521912,4.925242900848389,2010400,0.0,0.0
2023-04-27 00:00:00-04:00,4.90534331362967,4.945143222808838,4.865543404450502,4.945143222808838,1735800,0.0,0.0
2023-04-28 00:00:00-04:00,4.925242583138394,5.024742816698586,4.885442679495229,4.98494291305542,1309000,0.0,0.0
2023-05-01 00:00:00-04:00,5.0247432844073945,5.203842867472433,5.0247432844073945,5.074492931365967,2487600,0.0,0.0
2023-05-02 00:00:00-04:00,4.984943234616471,5.004843187721729,4.8157933959956205,4.925242900848389,2206000,0.0,0.0
2023-05-03 00:00:00-04:00,4.955093176809553,4.9650429163550545,4.86554314863846,4.905343055725098,1844200,0.0,0.0
2023-05-04 00:00:00-04:00,4.8754933190343115,4.905343011856183,4.825743198394775,4.825743198394775,1547900,0.0,0.0
2023-05-05 00:00:00-04:00,4.895392886365737,5.1839424246354655,4.895392886365737,5.1640424728393555,1945400,0.0,0.0
2023-05-08 00:00:00-04:00,5.22374269292066,5.3232424588477345,5.154092619545553,5.273492813110352,1802500,0.0,0.0
2023-05-09 00:00:00-04:00,5.1441430490031985,5.223742864357222,4.86554322081179,5.154092788696289,3357900,0.0,0.0
2023-05-10 00:00:00-04:00,5.243642174946738,5.25359238787154,4.935192691061903,5.004842758178711,2418200,0.0,0.0
2023-05-11 00:00:00-04:00,4.825742951846936,4.83569316524741,4.507343714268367,4.517293453216553,3899800,0.0,0.0
2023-05-12 00:00:00-04:00,4.576993145891444,4.7162928073294745,4.5570931942574395,4.636693000793457,1365100,0.0,0.0
2023-05-15 00:00:00-04:00,4.676493102855811,4.95509291202722,4.6565931503758735,4.865542888641357,1950800,0.0,0.0
2023-05-16 00:00:00-04:00,4.766043829657794,4.905343517576468,4.726243918823887,4.736194133758545,1409700,0.0,0.0
2023-05-17 00:00:00-04:00,4.825743198394775,4.895393272399663,4.736193645476849,4.825743198394775,1145300,0.0,0.0
2023-05-18 00:00:00-04:00,4.736193284424382,4.766042974970733,4.656593002578801,4.716292858123779,1456700,0.0,0.0
2023-05-19 00:00:00-04:00,4.8058429343757245,4.8257428864547265,4.666543269822708,4.706343173980713,779300,0.0,0.0
2023-05-22 00:00:00-04:00,4.676492954427127,4.766042974970733,4.676492954427127,4.716292858123779,444800,0.0,0.0
2023-05-23 00:00:00-04:00,4.616793214959856,4.666543333057652,4.477493548519232,4.517293453216553,1965600,0.0,0.0
2023-05-24 00:00:00-04:00,4.477493450021262,4.477493450021262,4.308343621552538,4.358093738555908,1901500,0.0,0.0
2023-05-25 00:00:00-04:00,4.358094063368191,4.407843709627164,4.288443989262852,4.298394203186035,681700,0.0,0.0
2023-05-26 00:00:00-04:00,4.387943691862435,4.4277435980666775,4.3381940463332835,4.397893905639648,1186000,0.0,0.0
2023-05-30 00:00:00-04:00,4.427743552006274,4.457593718575088,4.308343834635621,4.318294048309326,1511800,0.0,0.0
2023-05-31 00:00:00-04:00,4.2784939882800135,4.2784939882800135,4.099393944228263,4.258594036102295,3046400,0.0,0.0
2023-06-01 00:00:00-04:00,4.288443926351826,4.487443931825349,4.288443926351826,4.397893905639648,1496400,0.0,0.0
2023-06-02 00:00:00-04:00,4.53719359543344,4.766043294245868,4.53719359543344,4.746143341064453,1914800,0.0,0.0
2023-06-05 00:00:00-04:00,4.766042923640621,4.766042923640621,4.596893097525449,4.636693000793457,803200,0.0,0.0
2023-06-06 00:00:00-04:00,4.626743471257924,4.706343281390588,4.616793257765194,4.686443328857422,1614100,0.0,0.0
2023-06-07 00:00:00-04:00,4.706343016006793,4.7859428216509405,4.63669294884203,4.646643161773682,1484300,0.0,0.0
2023-06-08 00:00:00-04:00,4.646643263880776,4.716292858123779,4.567043456487472,4.716292858123779,1668700,0.0,0.0
2023-06-09 00:00:00-04:00,4.706343334238282,4.736193500599366,4.646643475968411,4.676493167877197,730700,0.0,0.0
2023-06-12 00:00:00-04:00,4.606843310568586,4.656592952427461,4.576993145891444,4.636693000793457,457100,0.0,0.0
2023-06-13 00:00:00-04:00,4.736193434747913,4.915293007067346,4.686443316321925,4.865542888641357,2358200,0.0,0.0
2023-06-14 00:00:00-04:00,4.865542727673646,5.044642768520168,4.815793085345827,4.98494291305542,2073800,0.0,0.0
2023-06-15 00:00:00-04:00,5.004843013286077,5.193892323970874,4.974992847442415,5.13419246673584,4827400,0.0,0.0
2023-06-16 00:00:00-04:00,5.1441430490031985,5.164043002841704,5.054593019503759,5.154092788696289,1346400,0.0,0.0
2023-06-20 00:00:00-04:00,5.124243175591193,5.15409286959129,4.935193373932033,4.965043067932129,1834800,0.0,0.0
2023-06-21 00:00:00-04:00,4.875493097113687,4.984943072867381,4.815793239735025,4.955092906951904,1410700,0.0,0.0
2023-06-22 00:00:00-04:00,4.855593791321988,4.965043307199874,4.785943711211407,4.835693836212158,2514500,0.0,0.0
2023-06-23 00:00:00-04:00,4.676493923023543,4.716293834963561,4.537194231233478,4.626744270324707,2577900,0.0,0.0
2023-06-26 00:00:00-04:00,4.646643530742927,4.7262433427077415,4.616793364029969,4.666543483734131,1209000,0.0,0.0
2023-06-27 00:00:00-04:00,4.676493060699938,4.716292965301039,4.626743417174706,4.696393013000488,1694100,0.0,0.0
2023-06-28 00:00:00-04:00,4.606843206815009,4.636692896367617,4.567043304443359,4.567043304443359,1704400,0.0,0.0
2023-06-29 00:00:00-04:00,4.5471440302139765,4.616793632507324,4.477493953468296,4.616793632507324,1719300,0.0,0.0
2023-06-30 00:00:00-04:00,4.65659315764955,4.785943086197333,4.6366932051385294,4.775993347167969,1843200,0.0,0.0
2023-07-03 00:00:00-04:00,4.805843666321237,4.895393701541647,4.775993970882669,4.835693836212158,462900,0.0,0.0
2023-07-05 00:00:00-04:00,4.775993296654978,4.80584298787966,4.686443274076357,4.696393013000488,2599500,0.0,0.0
2023-07-06 00:00:00-04:00,4.596894177730648,4.636694090351074,4.497394396179582,4.527244567871094,1719600,0.0,0.0
2023-07-07 00:00:00-04:00,4.736193741433778,4.915293325350563,4.706343573554818,4.895393371582031,6492400,0.0,0.0
2023-07-10 00:00:00-04:00,4.87549320315153,5.014792873398059,4.8257430836944755,4.935193061828613,2617700,0.0,0.0
2023-07-11 00:00:00-04:00,5.004843187721729,5.024743140826987,4.875493255311396,4.925242900848389,2556300,0.0,0.0
2023-07-12 00:00:00-04:00,5.064542916839737,5.233692751112134,5.0346927507230745,5.213792324066162,5657100,0.0,0.0
2023-07-13 00:00:00-04:00,5.293392129885609,5.4625414743991145,5.243642015677238,5.392891883850098,4794700,0.0,0.0
2023-07-14 00:00:00-04:00,5.402842591023704,5.402842591023704,5.253593170535117,5.303342819213867,2207600,0.0,0.0
2023-07-17 00:00:00-04:00,5.18394295668021,5.203842910518716,5.124243095164692,5.154092788696289,1776900,0.0,0.0
2023-07-18 00:00:00-04:00,5.183942368963379,5.283442126875366,5.154092204363647,5.263542175292969,2931700,0.0,0.0
2023-07-19 00:00:00-04:00,5.253592174749606,5.382941616358849,5.223742011638398,5.313292026519775,2058000,0.0,0.0
2023-07-20 00:00:00-04:00,5.382941616358849,5.402841566948906,5.2436419622284545,5.313292026519775,2631400,0.0,0.0
2023-07-21 00:00:00-04:00,5.313292663945695,5.323242403208252,5.233692852036027,5.283442497253418,1484300,0.0,0.0
2023-07-24 00:00:00-04:00,5.283442714598922,5.313292882519149,5.2336930673349755,5.243642807006836,2584900,0.0,0.0
2023-07-25 00:00:00-04:00,5.323242171453909,5.790891757741926,5.323242171453909,5.681441783905029,5816700,0.0,0.0
2023-07-26 00:00:00-04:00,5.591891658974005,5.681441679047101,5.532191803742698,5.611791610717773,2293200,0.0,0.0
2023-07-27 00:00:00-04:00,5.651592349206073,5.830692415813602,5.562042790354652,5.721242427825928,4294700,0.0,0.0
2023-07-28 00:00:00-04:00,5.8306917669699985,5.8306917669699985,5.67149167276228,5.751091957092285,3398400,0.0,0.0
2023-07-31 00:00:00-04:00,5.820742061699014,5.979942169805971,5.770992413408111,5.920241832733154,4098000,0.0,0.0
2023-08-01 00:00:00-04:00,5.800841755573384,5.870491828297998,5.7212419435751425,5.810791969299316,3166900,0.0,0.0
2023-08-02 00:00:00-04:00,5.66154236000429,5.711292007697305,5.581942544133605,5.671492099761963,3420400,0.0,0.0
2023-08-03 00:00:00-04:00,5.651591730492562,5.681441896476723,5.542142228939324,5.571991920471191,3590100,0.0,0.0
2023-08-04 00:00:00-04:00,5.562042181444666,5.721241801487409,5.562042181444666,5.571991920471191,1770200,0.0,0.0
2023-08-07 00:00:00-04:00,5.601841926574707,5.621741878512091,5.552091809505108,5.601841926574707,802300,0.0,0.0
2023-08-08 00:00:00-04:00,5.502341957784043,5.562041811327439,5.2834420203393275,5.552091598510742,2815900,0.0,0.0
2023-08-09 00:00:00-04:00,5.343141822520341,5.601841659840498,5.213791903860262,5.47249174118042,4793900,0.0,0.0
2023-08-10 00:00:00-04:00,5.532192685427057,5.56204285502617,5.333193136274136,5.363042831420898,3900200,0.0,0.0
2023-08-11 00:00:00-04:00,5.3033429666750225,5.392893001020012,5.233693361697675,5.363042831420898,3021400,0.0,0.0
2023-08-14 00:00:00-04:00,5.2635426076681435,5.2635426076681435,5.154092627748023,5.183942794799805,4871700,0.0,0.0
2023-08-15 00:00:00-04:00,5.07449319842969,5.1043433677376635,4.756093922890475,4.766043663024902,4880300,0.0,0.0
2023-08-16 00:00:00-04:00,4.716292965301039,4.80584298787966,4.676493060699938,4.696393013000488,3556000,0.0,0.0
2023-08-17 00:00:00-04:00,4.775993406112613,4.87549316989573,4.676493167877197,4.676493167877197,3022600,0.0,0.0
2023-08-18 00:00:00-04:00,4.596893305232028,4.706343281390588,4.586943566191591,4.686443328857422,2497300,0.0,0.0
2023-08-21 00:00:00-04:00,4.7162935389957275,4.8356937417752786,4.6665438894188975,4.766043663024902,1724800,0.0,0.0
2023-08-22 00:00:00-04:00,4.805843629044346,4.865543493910768,4.736194023926362,4.756093978881836,994400,0.0,0.0
2023-08-23 00:00:00-04:00,4.76604276283065,4.915292632276012,4.736193073612931,4.845642566680908,1413300,0.0,0.0
2023-08-24 00:00:00-04:00,4.795893248955529,4.80584298787966,4.696393013000488,4.696393013000488,1192600,0.0,0.0
2023-08-25 00:00:00-04:00,4.726243396238142,4.746143349454736,4.606843676938574,4.656593322753906,1182400,0.0,0.0
2023-08-28 00:00:00-04:00,4.72624322866427,4.79589329967899,4.65659315764955,4.775993347167969,1546300,0.0,0.0
2023-08-29 00:00:00-04:00,4.785943177909753,4.935193061828613,4.775993438689723,4.935193061828613,1249400,0.0,0.0
2023-08-30 00:00:00-04:00,4.935193482740217,5.034693255688136,4.935193482740217,4.945143222808838,1017500,0.0,0.0
2023-08-31 00:00:00-04:00,4.952117919921875,4.962082168360435,4.892333854655065,4.952117919921875,1746200,0.007,0.0
2023-09-01 00:00:00-04:00,5.101578499252082,5.131470770492752,4.97204611574507,4.982010364532471,2240700,0.0,0.0
2023-09-05 00:00:00-04:00,4.942154146869287,4.942154146869287,4.822586016329268,4.8425140380859375,2141400,0.0,0.0
2023-09-06 00:00:00-04:00,4.842514081505664,4.912261920718635,4.752837745235821,4.8225860595703125,1893200,0.0,0.0
2023-09-07 00:00:00-04:00,4.742873794985057,4.742873794985057,4.653197462058905,4.683089256286621,2951300,0.0,0.0
2023-09-08 00:00:00-04:00,4.663161364228075,4.762801948070412,4.613341547428422,4.623305320739746,4462500,0.0,0.0
2023-09-11 00:00:00-04:00,4.752837657928467,4.872405787344167,4.732909636359183,4.752837657928467,2870600,0.0,0.0
2023-09-12 00:00:00-04:00,4.722945388013786,4.812621722636317,4.6930535932206165,4.752837657928467,1762700,0.0,0.0
2023-09-13 00:00:00-04:00,4.762801778449951,4.872405656578709,4.742873757415496,4.812621593475342,1806900,0.0,0.0
2023-09-14 00:00:00-04:00,4.952118049791785,5.0617224098827505,4.942154276213441,5.001938343048096,1453800,0.0,0.0
2023-09-15 00:00:00-04:00,5.0019383869857394,5.071686703132946,4.982010364532471,4.982010364532471,1875400,0.0,0.0
2023-09-18 00:00:00-04:00,4.982010320769877,5.011902591747969,4.912262005235349,5.001938343048096,2126700,0.0,0.0
2023-09-19 00:00:00-04:00,5.0318303446162105,5.05175836582746,4.782729841914844,4.792693614959717,2394100,0.0,0.0
2023-09-20 00:00:00-04:00,4.842513644491411,4.902297704902233,4.802657604217529,4.802657604217529,1937800,0.0,0.0
2023-09-21 00:00:00-04:00,4.722945298671243,4.752837568020461,4.653197462058905,4.683089256286621,2158300,0.0,0.0
2023-09-22 00:00:00-04:00,4.732909327839573,4.82258565661646,4.673125267028809,4.673125267028809,2045900,0.0,0.0
2023-09-25 00:00:00-04:00,4.633269786834717,4.653197809515062,4.563521469892742,4.633269786834717,2071500,0.0,0.0
2023-09-26 00:00:00-04:00,4.56352108391329,4.732909499930233,4.56352108391329,4.593413352966309,3549400,0.0,0.0
2023-09-27 00:00:00-04:00,4.633269050222882,4.673125089247131,4.513700933150134,4.643232822418213,3943300,0.0,0.0
2023-09-28 00:00:00-04:00,4.693053245544434,4.712981265637387,4.633269185265575,4.693053245544434,2849100,0.0,0.0
2023-09-29 00:00:00-04:00,4.802657736354273,4.86244179840995,4.7329094263952385,4.852477550506592,4451500,0.0,0.0
2023-10-02 00:00:00-04:00,4.752836861104131,4.79269289756074,4.41406007610153,4.433988094329834,2651300,0.0,0.0
2023-10-03 00:00:00-04:00,4.344312504326909,4.4539163734418015,4.314420237672827,4.42402458190918,2195500,0.0,0.0
2023-10-04 00:00:00-04:00,4.404096990817189,4.42402501215078,4.264600841482052,4.334348678588867,1876600,0.0,0.0
2023-10-05 00:00:00-04:00,4.304457313202559,4.384169406482347,4.274565040661861,4.35427713394165,1884900,0.0,0.0
2023-10-06 00:00:00-04:00,4.344312695008865,4.70301705987345,4.344312695008865,4.673125267028809,3309600,0.0,0.0
2023-10-09 00:00:00-04:00,4.613341331481934,4.643233125138213,4.56352104189281,4.613341331481934,741900,0.0,0.0
2023-10-10 00:00:00-04:00,4.643232916789296,4.74287349149652,4.643232916789296,4.712981224060059,1181100,0.0,0.0
2023-10-11 00:00:00-04:00,4.712981873949402,4.822586236168189,4.693053851284308,4.7428741455078125,1860700,0.0,0.0
2023-10-12 00:00:00-04:00,4.7628021293269285,4.772765903017441,4.493773587981616,4.543593406677246,1527500,0.0,0.0
2023-10-13 00:00:00-04:00,4.6233054521243,4.673125745461256,4.543593362882395,4.563521385192871,1241800,0.0,0.0
2023-10-16 00:00:00-04:00,4.573485124986717,4.772765325916246,4.5535571048937635,4.693053245544434,2680400,0.0,0.0
2023-10-17 00:00:00-04:00,4.583448857037845,4.722944996457898,4.563520837120694,4.712981224060059,1587900,0.0,0.0
2023-10-18 00:00:00-04:00,4.613340935817968,4.663160746012793,4.543592631399467,4.573484897613525,1875400,0.0,0.0
2023-10-19 00:00:00-04:00,4.573485548135124,4.573485548135124,4.483809211859056,4.493773460388184,1488600,0.0,0.0
2023-10-20 00:00:00-04:00,4.453916541087058,4.453916541087058,4.334348420213112,4.34431266784668,2126000,0.0,0.0
2023-10-23 00:00:00-04:00,4.284528774707968,4.324384816555545,4.214780463913961,4.26460075378418,2863600,0.0,0.0
2023-10-24 00:00:00-04:00,4.274564484375788,4.314420525828871,4.234708442922706,4.284528732299805,2093400,0.0,0.0
2023-10-25 00:00:00-04:00,4.24467299101923,4.324385079562432,4.234708742390566,4.254636764526367,2181600,0.0,0.0
2023-10-26 00:00:00-04:00,4.24467342120675,4.304457493673124,4.184888873618802,4.27456521987915,1985900,0.0,0.0
2023-10-27 00:00:00-04:00,4.334348378868218,4.43398847864605,4.334348378868218,4.364240646362305,1651700,0.0,0.0
2023-10-30 00:00:00-04:00,4.433988829261429,4.453916850792793,4.274564657010513,4.314420700073242,1362100,0.0,0.0
2023-10-31 00:00:00-04:00,4.2745643597761385,4.4339885209414005,4.254636339630482,4.34431266784668,3422900,0.0,0.0
2023-11-01 00:00:00-04:00,4.344313359842453,4.374205157261597,4.244673243242718,4.35427713394165,2126800,0.0,0.0
2023-11-02 00:00:00-04:00,4.414060115671211,4.6731248300829735,4.414060115671211,4.653196811676025,2370000,0.0,0.0
2023-11-03 00:00:00-04:00,4.722944638539626,4.8126209589316105,4.643232564911833,4.653196811676025,2336300,0.0,0.0
2023-11-06 00:00:00-05:00,4.663160746012793,4.7528370695335145,4.5635206505016885,4.573484897613525,1066000,0.0,0.0
2023-11-07 00:00:00-05:00,4.463880788720626,4.463880788720626,4.314420400067454,4.34431266784668,2047900,0.0,0.0
2023-11-08 00:00:00-05:00,4.354276516079995,4.354276516079995,4.125104042858864,4.194852352142334,3707500,0.0,0.0
2023-11-09 00:00:00-05:00,4.344312547354168,4.443952645318869,4.045391778338598,4.055356025695801,6119400,0.0,0.0
2023-11-10 00:00:00-05:00,4.005535830224295,4.125103950500488,3.9258237500401654,4.125103950500488,4739000,0.0,0.0
2023-11-13 00:00:00-05:00,4.075284438050674,4.154996524104813,4.05535641653714,4.095212459564209,2575500,0.0,0.0
2023-11-14 00:00:00-05:00,4.274564657010513,4.334348721604607,4.2347086139477845,4.314420700073242,3187900,0.0,0.0
2023-11-15 00:00:00-05:00,4.334348593733216,4.433988698450469,4.314420572789766,4.374204635620117,2005900,0.0,0.0
2023-11-16 00:00:00-05:00,4.404096856659053,4.404096856659053,4.254636463649247,4.284528732299805,1777300,0.0,0.0
2023-11-17 00:00:00-05:00,4.374204545113608,4.384168792939912,4.274564442458005,4.30445671081543,1882900,0.0,0.0
2023-11-20 00:00:00-05:00,4.334349017504725,4.52366547253782,4.284529197835938,4.503737449645996,1504300,0.0,0.0
2023-11-21 00:00:00-05:00,4.513701395864422,4.613341503639479,4.48380912597115,4.533629417419434,2204800,0.0,0.0
2023-11-22 00:00:00-05:00,4.533629766413773,4.583449586575625,4.473845222025072,4.483809471130371,2107200,0.0,0.0
2023-11-24 00:00:00-05:00,4.503737494219422,4.5635215634865745,4.473845222025072,4.483809471130371,638400,0.0,0.0
2023-11-27 00:00:00-05:00,4.4339892272214385,4.463881499762136,4.334349110621703,4.35427713394165,1703500,0.0,0.0
2023-11-28 00:00:00-05:00,4.384168462818155,4.473844310894989,4.334348177681008,4.46388053894043,2509200,0.0,0.0
2023-11-29 00:00:00-05:00,4.46388053894043,4.543592615062704,4.443952519909861,4.46388053894043,1610600,0.0,0.0
2023-11-30 00:00:00-05:00,4.473844877632888,4.583449233746206,4.394132791412843,4.533629417419434,4153500,0.0,0.0
2023-12-01 00:00:00-05:00,4.553557485053466,4.862442059842607,4.543593236614373,4.8425140380859375,2229200,0.0,0.0
2023-12-04 00:00:00-05:00,4.722945341895065,4.762801859765952,4.633269483269714,4.663161277770996,1581800,0.0,0.0
2023-12-05 00:00:00-05:00,4.643232726910573,4.643232726910573,4.493772821204642,4.573484897613525,2449300,0.0,0.0
2023-12-06 00:00:00-05:00,4.653197419834301,4.822585835992611,4.653197419834301,4.703017234802246,2608600,0.0,0.0
2023-12-07 00:00:00-05:00,4.762801772958178,4.822585835992611,4.643233171767813,4.703017234802246,1875000,0.0,0.0
2023-12-08 00:00:00-05:00,4.712981578827648,4.991974353790283,4.703017330558283,4.991974353790283,2283500,0.0,0.0
2023-12-11 00:00:00-05:00,4.93218967628657,4.93218967628657,4.772765509413605,4.832549571990967,1815100,0.0,0.0
2023-12-12 00:00:00-05:00,4.802657949412431,4.812621722636317,4.703017366444502,4.752837657928467,1163400,0.0,0.0
2023-12-13 00:00:00-05:00,4.782730139999785,5.0019383869857394,4.69305380139931,4.982010364532471,1362600,0.0,0.0
2023-12-14 00:00:00-05:00,5.101577912677088,5.3905344425862785,5.101577912677088,5.370606422424316,2756200,0.0,0.0
2023-12-15 00:00:00-05:00,5.360643082681659,5.460283191535655,5.350678834235501,5.3905348777771,2277200,0.0,0.0
2023-12-18 00:00:00-05:00,5.4104624627482405,5.4702465232341275,5.340714629742112,5.370606422424316,1250300,0.0,0.0
2023-12-19 00:00:00-05:00,5.410462733110882,5.639635213986011,5.39053471195311,5.579851150512695,3321500,0.0,0.0
2023-12-20 00:00:00-05:00,5.549958951313483,5.599778763011426,5.430390357971191,5.430390357971191,1547100,0.0,0.0
2023-12-21 00:00:00-05:00,5.520066655956874,5.589814962122923,5.500138636355355,5.559922695159912,1419500,0.0,0.0
2023-12-22 00:00:00-05:00,5.589815356086059,5.629671398098101,5.520067045004238,5.59977912902832,1956700,0.0,0.0
2023-12-26 00:00:00-05:00,5.5997790029036585,5.6695273124145285,5.569887209628634,5.659563064575195,551500,0.0,0.0
2023-12-27 00:00:00-05:00,5.669527703108699,5.739276017426011,5.629671659247811,5.6994194984436035,1169000,0.0,0.0
2023-12-28 00:00:00-05:00,5.669527483283421,5.729311546756737,5.5698873774945605,5.579851150512695,1111600,0.0,0.0
2023-12-29 00:00:00-05:00,5.480211214674422,5.559923301777516,5.440355171122875,5.500139236450195,952100,0.0,0.0
2024-01-02 00:00:00-05:00,5.420426803561657,5.530031153897177,5.390534535244157,5.440354824066162,1198400,0.0,0.0
2024-01-03 00:00:00-05:00,5.270966362640414,5.3905344845428305,5.211182301689206,5.350678443908691,1840600,0.0,0.0
2024-01-04 00:00:00-05:00,5.310822747700768,5.340715017675735,5.251038682872345,5.300858974456787,2111500,0.0,0.0
2024-01-05 00:00:00-05:00,5.280930179389706,5.450318100700523,5.261002160698937,5.330749988555908,1019000,0.0,0.0
2024-01-08 00:00:00-05:00,5.270967134163846,5.330751203865784,5.241075336873653,5.32078742980957,1239700,0.0,0.0
2024-01-09 00:00:00-05:00,5.25103881239967,5.261003061010951,5.171326723995515,5.241075038909912,1251700,0.0,0.0
2024-01-10 00:00:00-05:00,5.241075336873653,5.380571499511508,5.221146838518122,5.32078742980957,1432100,0.0,0.0
2024-01-11 00:00:00-05:00,5.330750812464703,5.450318943089497,5.290894768923104,5.3905348777771,2023100,0.0,0.0
2024-01-12 00:00:00-05:00,5.5101033140212445,5.589815398652332,5.430390754268654,5.579851150512695,1878200,0.0,0.0
2024-01-16 00:00:00-05:00,5.4702465232341275,5.4702465232341275,5.360642649904075,5.370606422424316,1985900,0.0,0.0
2024-01-17 00:00:00-05:00,5.221145670141719,5.270965954638771,5.141433595043593,5.2012176513671875,1710500,0.0,0.0
2024-01-18 00:00:00-05:00,5.231110039973001,5.231110039973001,5.121505696577654,5.1414337158203125,898000,0.0,0.0
2024-01-19 00:00:00-05:00,5.151398743204929,5.251038854509163,5.041794383209508,5.221146583557129,2226700,0.0,0.0
2024-01-22 00:00:00-05:00,5.151398830190625,5.231110920580018,5.081650513539138,5.181290626525879,1269400,0.0,0.0
2024-01-23 00:00:00-05:00,5.280930748505942,5.520066998566448,5.2610027276675675,5.510103225708008,2361900,0.0,0.0
2024-01-24 00:00:00-05:00,5.659563192046383,5.759203772197985,5.559923087016279,5.59977912902832,2245400,0.0,0.0
2024-01-25 00:00:00-05:00,5.6695273972430575,5.709383438953749,5.569887292966328,5.619707107543945,1365900,0.0,0.0
2024-01-26 00:00:00-05:00,5.64959959526632,5.64959959526632,5.569887508756706,5.629671573638916,1097400,0.0,0.0
2024-01-29 00:00:00-05:00,5.659563455818691,5.659563455818691,5.460283236470734,5.589815616607666,2191100,0.0,0.0
2024-01-30 00:00:00-05:00,5.539994514118411,5.669526875314338,5.500138476076811,5.639634609222412,3537000,0.0,0.0
2024-01-31 00:00:00-05:00,5.659563589127271,5.769167949911091,5.530031681060791,5.530031681060791,2120800,0.0,0.0
2024-02-01 00:00:00-05:00,5.569887292966328,5.629671355532365,5.539995024122563,5.619707107543945,1272400,0.0,0.0
2024-02-02 00:00:00-05:00,5.490175636252408,5.569887725869174,5.430391093918301,5.530031681060791,1559800,0.0,0.0
2024-02-05 00:00:00-05:00,5.420427324585542,5.430391098234791,5.21118285161444,5.3108229637146,1522600,0.0,0.0
2024-02-06 00:00:00-05:00,5.320786910200159,5.390534747146981,5.280930867624401,5.340714931488037,1106400,0.0,0.0
2024-02-07 00:00:00-05:00,5.350678834582728,5.350678834582728,5.21118268217808,5.280930995941162,1162300,0.0,0.0
2024-02-08 00:00:00-05:00,5.221146671720575,5.241075169439459,5.151398830190625,5.181290626525879,1399400,0.0,0.0
2024-02-09 00:00:00-05:00,5.181289795508074,5.191254042769368,5.071685926362596,5.1215057373046875,1938300,0.0,0.0
2024-02-12 00:00:00-05:00,5.13146982321705,5.231109917089707,5.111541804442519,5.2012176513671875,1695300,0.0,0.0
2024-02-13 00:00:00-05:00,5.04179352515093,5.101577581758872,4.922225411935045,5.071685791015625,2316100,0.0,0.0
2024-02-14 00:00:00-05:00,5.131470424668977,5.270966572440831,5.0617221132223,5.251038551330566,1814900,0.0,0.0
2024-02-15 00:00:00-05:00,5.30085888891228,5.380570974063795,5.290894640707588,5.340714931488037,1939900,0.0,0.0
2024-02-16 00:00:00-05:00,5.360642913127669,5.559923124532544,5.360642913127669,5.4702467918396,1222400,0.0,0.0
2024-02-20 00:00:00-05:00,5.4303907033861565,5.490175241420797,5.350678619501967,5.380570888519287,1437600,0.0,0.0
2024-02-21 00:00:00-05:00,5.380570272843553,5.380570272843553,5.310821969865139,5.330749988555908,1337200,0.0,0.0
2024-02-22 00:00:00-05:00,5.3008586306767596,5.350678443908691,5.2610025900426205,5.350678443908691,2419800,0.0,0.0
2024-02-23 00:00:00-05:00,5.609743419810105,5.739275794896374,5.201218273393525,5.579851150512695,4342400,0.0,0.0
2024-02-26 00:00:00-05:00,5.520067432297929,5.549959703464983,5.430391093918301,5.530031681060791,2628400,0.0,0.0
2024-02-27 00:00:00-05:00,5.5798511596431934,5.818987889049268,5.549959365418373,5.799059867858887,2796000,0.0,0.0
2024-02-28 00:00:00-05:00,5.739275588224255,5.8189876699849,5.68945529956311,5.789095401763916,2365900,0.0,0.0
2024-02-29 00:00:00-05:00,5.848879295955688,5.908663355567873,5.7791314639688744,5.868807315826416,3237700,0.0,0.0
2024-03-01 00:00:00-05:00,5.878771414272734,6.058123588562012,5.838915375541783,6.058123588562012,1989200,0.0,0.0
2024-03-04 00:00:00-05:00,6.085058139087801,6.164862105396757,6.015229906402045,6.1349358558654785,3460500,0.007,0.0
2024-03-05 00:00:00-05:00,6.105009175805759,6.164862150980031,5.935425508310739,5.975327491760254,1972100,0.0,0.0
2024-03-06 00:00:00-05:00,6.124959977286271,6.26461739069091,6.105008986181201,6.2346906661987305,2239300,0.0,0.0
2024-03-07 00:00:00-05:00,6.314494362713982,6.504029008005336,6.314494362713982,6.354396343231201,2369900,0.0,0.0
2024-03-08 00:00:00-05:00,6.364372273289778,6.4242252459191596,6.244666328031014,6.2845683097839355,1768600,0.0,0.0
2024-03-11 00:00:00-04:00,6.244666726530435,6.364372679428158,6.1848132744124005,6.334445953369141,2469800,0.0,0.0
2024-03-12 00:00:00-04:00,6.354396695403249,6.444176394377307,6.214739755852945,6.374347686767578,2459600,0.0,0.0
2024-03-13 00:00:00-04:00,6.434200773767223,6.93297604229706,6.434200773767223,6.813270092010498,5000500,0.0,0.0
2024-03-14 00:00:00-04:00,6.773367777053818,6.823245491733163,6.6835880808986525,6.713514804840088,2067100,0.0,0.0
2024-03-15 00:00:00-04:00,6.743441714242146,6.9928293431593405,6.733465980764264,6.91302490234375,3399400,0.0,0.0
2024-03-18 00:00:00-04:00,6.962902262576697,6.972877519875669,6.823245330707177,6.893073558807373,1577600,0.0,0.0
2024-03-19 00:00:00-04:00,6.773367473798775,6.80329419640034,6.673612524575422,6.723489761352539,3172800,0.0,0.0
2024-03-20 00:00:00-04:00,6.673612427979203,6.982853003930099,6.613759459311524,6.9329752922058105,2365300,0.0,0.0
2024-03-21 00:00:00-04:00,6.9828533783844104,7.002804369010172,6.803294462752558,6.873122692108154,1923100,0.0,0.0
2024-03-22 00:00:00-04:00,6.793318852449325,6.8930738073820095,6.743441612817555,6.8531718254089355,1563400,0.0,0.0
2024-03-25 00:00:00-04:00,6.843196410538065,6.952926620608559,6.75341671532663,6.763392448425293,1911500,0.0,0.0
2024-03-26 00:00:00-04:00,6.833220443332786,6.883098155779022,6.723489761352539,6.723489761352539,1641900,0.0,0.0
2024-03-27 00:00:00-04:00,6.733465809535806,6.903049468994141,6.673612837198007,6.903049468994141,1795300,0.0,0.0
2024-03-28 00:00:00-04:00,6.962902421904573,7.082608366246177,6.883098459010171,6.982853412628174,3138100,0.0,0.0
2024-04-01 00:00:00-04:00,7.082608007367858,7.132485719484107,6.923000089666443,6.962902069091797,1477400,0.0,0.0
2024-04-02 00:00:00-04:00,7.022755356200235,7.152437033038809,6.8930736793616605,7.14246129989624,3644100,0.0,0.0
2024-04-03 00:00:00-04:00,7.252192104395424,7.401824774290371,7.212290122512657,7.391849040985107,3801900,0.0,0.0
2024-04-04 00:00:00-04:00,7.401824920836556,7.501579877518487,7.262167981481854,7.2920942306518555,2505800,0.0,0.0
2024-04-05 00:00:00-04:00,7.2721432910077555,7.421775964928856,7.23224130805135,7.322021007537842,1618200,0.0,0.0
2024-04-08 00:00:00-04:00,7.471652631026219,7.51155508658225,7.351946691365488,7.451701641082764,2078600,0.0,0.0
2024-04-09 00:00:00-04:00,7.711064945783561,8.090133752731381,7.681138223189963,7.960452556610107,6187300,0.0,0.0
2024-04-10 00:00:00-04:00,7.731016316345442,7.860697994522154,7.591359380592368,7.820796012878418,3252500,0.0,0.0
2024-04-11 00:00:00-04:00,7.880649057654918,7.880649057654918,7.561432725906842,7.770918369293213,3016700,0.0,0.0
2024-04-12 00:00:00-04:00,7.940502386633015,8.020306354230264,7.55145780676184,7.601335048675537,2677800,0.0,0.0
2024-04-15 00:00:00-04:00,7.800845495678096,7.800845495678096,7.5414821235776515,7.631261825561523,2338800,0.0,0.0
2024-04-16 00:00:00-04:00,7.401824735970055,7.59135938676652,7.262167800103396,7.551457405090332,2833400,0.0,0.0
2024-04-17 00:00:00-04:00,7.691114572519805,7.870673495468782,7.561432890333187,7.591359615325928,2232200,0.0,0.0
2024-04-18 00:00:00-04:00,7.7210403392651,7.870673003538194,7.551457160469328,7.8606977462768555,3928100,0.0,0.0
2024-04-19 00:00:00-04:00,7.860698066649985,7.950477288337611,7.711065396278413,7.770918369293213,3611200,0.0,0.0
2024-04-22 00:00:00-04:00,7.59136019024868,7.691115154997381,7.471653756881045,7.6512131690979,2014100,0.0,0.0
2024-04-23 00:00:00-04:00,7.4517023979191315,7.790869737074713,7.401825155829243,7.711065769195557,3761900,0.0,0.0
2024-04-24 00:00:00-04:00,7.711065467947401,7.840747148519341,7.671163485566674,7.721040725708008,1840200,0.0,0.0
2024-04-25 00:00:00-04:00,7.740992211701891,8.159963503404303,7.731016478247475,8.100110054016113,3995200,0.0,0.0
2024-04-26 00:00:00-04:00,8.189889681471064,8.62881148494113,8.159963432705405,8.608860969543457,5531400,0.0,0.0
2024-04-29 00:00:00-04:00,8.718590247477994,8.828321400080196,8.598884313915935,8.798394203186035,3201500,0.0,0.0
2024-04-30 00:00:00-04:00,8.459228417263041,8.568959589342423,8.37942444738987,8.399375915527344,4162200,0.0,0.0
2024-05-01 00:00:00-04:00,8.439277748245988,8.558983700896627,8.289645545267277,8.309596061706543,3723400,0.0,0.0
2024-05-02 00:00:00-04:00,8.26969247647396,8.429300382441326,8.070182594014753,8.2996187210083,2061700,0.0,0.0
2024-05-03 00:00:00-04:00,8.48915521133793,8.618836893981745,8.299620078497618,8.34949779510498,3220400,0.0,0.0
2024-05-06 00:00:00-04:00,8.539032882982873,8.558983398717778,8.34949775114056,8.509105682373047,1554300,0.0,0.0
2024-05-07 00:00:00-04:00,8.499130494191046,8.558982989875059,8.429301314108677,8.459227561950684,2188700,0.0,0.0
2024-05-08 00:00:00-04:00,8.279669366958547,8.49913074404074,8.2297916515301,8.419325828552246,1550000,0.0,0.0
2024-05-09 00:00:00-04:00,8.489154933234113,8.738542556762695,8.46920346670945,8.738542556762695,2142700,0.0,0.0
2024-05-10 00:00:00-04:00,8.77844489078731,8.93805282403717,8.728567173812145,8.758493423461914,3143500,0.0,0.0
2024-05-13 00:00:00-04:00,8.818346270743483,8.928076479510377,8.698640328996435,8.778444290161133,2471300,0.0,0.0
2024-05-14 00:00:00-04:00,9.13756268329774,10.075260712267848,9.057758717173261,10.025382995605469,12887500,0.0,0.0
2024-05-15 00:00:00-04:00,10.254819311380444,10.254819311380444,9.795946023738644,9.925627708435059,3930000,0.0,0.0
2024-05-16 00:00:00-04:00,9.79594520147526,9.845822914685392,9.62636154736376,9.636337280273438,3124700,0.0,0.0
2024-05-17 00:00:00-04:00,9.965528674602396,10.26479399708997,9.756043043994918,10.244843482971191,6661400,0.0,0.0
2024-05-20 00:00:00-04:00,10.304695618979167,10.404451040125156,10.175013952024662,10.224891662597656,3701200,0.0,0.0
2024-05-21 00:00:00-04:00,10.28474657045304,10.464305022217612,10.175015401295335,10.334623336791992,2846300,0.0,0.0
2024-05-22 00:00:00-04:00,9.63633792534736,9.955553789119893,9.327097795152296,9.456778526306152,16006800,0.0,0.0
2024-05-23 00:00:00-04:00,9.526607395512825,9.546557910670833,9.177464342533971,9.277219772338867,6589500,0.0,0.0
2024-05-24 00:00:00-04:00,9.426852530036296,9.636338184096584,9.327098045597989,9.606411933898926,5804800,0.0,0.0
2024-05-28 00:00:00-04:00,10.035358624970854,10.125137372424646,9.825872978235392,9.965529441833496,5806000,0.0,0.0
2024-05-29 00:00:00-04:00,9.835847451103833,9.885725165679732,9.686215258714412,9.785970687866211,4400200,0.0,0.0
2024-05-30 00:00:00-04:00,9.666263092447453,9.885724449887991,9.626361113943558,9.746068000793457,2838000,0.0,0.0
2024-05-31 00:00:00-04:00,9.835848004544642,9.865775205777084,9.396926184523808,9.736093521118164,5083000,0.0,0.0
2024-06-03 00:00:00-04:00,9.81589774139945,9.835848258063637,9.367000176064133,9.506656646728516,4215900,0.0,0.0
2024-06-04 00:00:00-04:00,9.277220216919684,9.287195950645884,8.80837119650985,8.977954864501953,4941000,0.0,0.0
2024-06-05 00:00:00-04:00,9.107635604669348,9.237317275649886,9.057757892547876,9.167488098144531,3093400,0.0,0.0
2024-06-06 00:00:00-04:00,9.227343101974585,9.37697531228206,9.177465381425963,9.33707332611084,1920400,0.0,0.0
2024-06-07 00:00:00-04:00,8.987929155427045,9.127585599821979,8.938051446141063,9.057757377624512,2496000,0.0,0.0
2024-06-10 00:00:00-04:00,9.137561310755357,9.287194438266278,9.08768360158505,9.217365264892578,2672500,0.0,0.0
2024-06-11 00:00:00-04:00,9.067733711622289,9.147537671241594,8.967978286429037,9.03780746459961,3268300,0.0,0.0
2024-06-12 00:00:00-04:00,9.366999292382793,9.436827521127398,8.958002798960521,8.997905731201172,2351200,0.0,0.0
2024-06-13 00:00:00-04:00,8.987930594944547,9.057758828325786,8.758493476017389,8.788420677185059,1816300,0.0,0.0
2024-06-14 00:00:00-04:00,8.738542148986205,8.858248088533356,8.598884743845408,8.688664436340332,2848800,0.0,0.0
2024-06-17 00:00:00-04:00,8.568958936186277,8.628811433359807,8.359473293402344,8.578934669494629,3840300,0.0,0.0
2024-06-18 00:00:00-04:00,8.539032544369498,8.748518183639609,8.499130563143678,8.678689002990723,2993600,0.0,0.0
2024-06-20 00:00:00-04:00,8.838297243637523,8.948028409432316,8.788420478827135,8.858248710632324,2606500,0.0,0.0
2024-06-21 00:00:00-04:00,8.798395459569287,8.798395459569287,8.568959291980455,8.788420677185059,3888400,0.0,0.0
2024-06-24 00:00:00-04:00,8.788419269621297,9.08768362266083,8.758492073246803,9.057757377624512,2351600,0.0,0.0
2024-06-25 00:00:00-04:00,9.007879882739012,9.057757593212154,8.82832145690918,8.82832145690918,3695900,0.0,0.0
2024-06-26 00:00:00-04:00,8.828321645310059,9.11761123062203,8.798394447584592,9.107635498046875,2835600,0.0,0.0
2024-06-27 00:00:00-04:00,9.187440516060532,9.227342499627007,8.95800339704955,8.977954864501953,2264000,0.0,0.0
2024-06-28 00:00:00-04:00,9.167488489546823,9.237317670033509,8.918100869630184,9.02783203125,2421300,0.0,0.0
2024-07-01 00:00:00-04:00,9.147538079401897,9.267244024172097,8.977954419809544,9.087684631347656,1516600,0.0,0.0
2024-07-02 00:00:00-04:00,9.06773327566283,9.177463477029194,8.987929319880347,9.147537231445312,2193200,0.0,0.0
2024-07-03 00:00:00-04:00,9.357023557090319,9.62636169028259,9.357023557090319,9.536582946777344,1642400,0.0,0.0
2024-07-05 00:00:00-04:00,9.726117434126463,9.775995149697334,9.576485238752143,9.716141700744629,2667700,0.0,0.0
2024-07-08 00:00:00-04:00,9.636338233981656,9.686215952128185,9.287196109632642,9.44680404663086,3257600,0.0,0.0
2024-07-09 00:00:00-04:00,9.44680368609008,9.536583385059688,9.217366571907935,9.23731803894043,2322100,0.0,0.0
2024-07-10 00:00:00-04:00,9.297170639038086,9.347048355826491,9.177464689548902,9.297170639038086,2545600,0.0,0.0
2024-07-11 00:00:00-04:00,9.406900563407476,9.446802541298718,9.057757543355471,9.147537231445312,2312100,0.0,0.0
2024-07-12 00:00:00-04:00,9.237318241998597,9.566509844564699,9.197416258394776,9.357024192810059,2730400,0.0,0.0
2024-07-15 00:00:00-04:00,9.297169714882632,9.327096912783851,9.067733572335978,9.137561798095703,3303000,0.0,0.0
2024-07-16 00:00:00-04:00,9.047783400958277,9.137563104824542,8.808371491540479,8.967979431152344,3794500,0.0,0.0
2024-07-17 00:00:00-04:00,8.958002871571448,8.958002871571448,8.638787021764905,8.678689002990723,3016900,0.0,0.0
2024-07-18 00:00:00-04:00,8.628810747765655,8.678688459006137,8.000354820685528,8.030281066894531,6279900,0.0,0.0
2024-07-19 00:00:00-04:00,7.88064875441186,8.120061112927747,7.86069776417463,8.05023193359375,2838800,0.0,0.0
2024-07-22 00:00:00-04:00,8.000354927170225,8.159962844193572,7.990379194521709,8.090133666992188,3362200,0.0,0.0
2024-07-23 00:00:00-04:00,7.960453065008249,8.140011985030096,7.94050207389471,8.070183753967285,4985200,0.0,0.0
2024-07-24 00:00:00-04:00,8.060208166265152,8.219816098058391,7.940502217420222,7.970428466796875,3044800,0.0,0.0
2024-07-25 00:00:00-04:00,7.91057549237441,8.070183899836808,7.740992302678671,7.970428466796875,3210900,0.0,0.0
2024-07-26 00:00:00-04:00,8.070183114035672,8.140011339561397,7.850721753519963,7.980403423309326,2433500,0.0,0.0
2024-07-29 00:00:00-04:00,7.960452135647913,8.010329369774158,7.850721459499624,7.9903788566589355,2663000,0.0,0.0
2024-07-30 00:00:00-04:00,7.950477215385987,8.040257387588104,7.790869288811045,7.820796012878418,3948200,0.0,0.0
2024-07-31 00:00:00-04:00,8.000355632852584,8.409351194135484,8.000355632852584,8.319571495056152,4259900,0.0,0.0
2024-08-01 00:00:00-04:00,8.269693488140184,8.299619736335528,7.740991997110479,7.790869235992432,3343700,0.0,0.0
2024-08-02 00:00:00-04:00,7.780894527419448,7.850722761914334,7.312045499703514,7.3619232177734375,6395000,0.0,0.0
2024-08-05 00:00:00-04:00,6.7833437263809655,7.182363553852306,6.5938090704975005,7.0227556228637695,4201100,0.0,0.0
2024-08-06 00:00:00-04:00,7.032731486379835,7.34197209622078,6.903049802220004,7.1923394203186035,2806700,0.0,0.0
2024-08-07 00:00:00-04:00,7.302069945936364,7.351947186318312,6.883098653248412,6.91302490234375,5866800,0.0,0.0
2024-08-08 00:00:00-04:00,6.992829108110802,7.182363281128242,6.942951393736231,7.14246129989624,2354500,0.0,0.0
2024-08-09 00:00:00-04:00,7.242216762895652,7.322020725737069,7.192339048285198,7.25219202041626,3258100,0.0,0.0
2024-08-12 00:00:00-04:00,7.371898123111181,7.40182484765445,7.242216918541411,7.3419718742370605,3796400,0.0,0.0
2024-08-13 00:00:00-04:00,6.703539225759667,7.282118921799637,6.583833278580012,7.262167930603027,4964700,0.0,0.0
2024-08-14 00:00:00-04:00,7.401824632800903,7.521530576160965,7.312044937446288,7.491604328155518,3402100,0.0,0.0
2024-08-15 00:00:00-04:00,7.661187610634334,7.9903796726988645,7.601334638168731,7.820796012878418,4512100,0.0,0.0
2024-08-16 00:00:00-04:00,7.810820729044502,7.810820729044502,7.511555849497667,7.711065769195557,2882400,0.0,0.0
2024-08-19 00:00:00-04:00,7.7908693920901,7.9305263296945245,7.750967409917407,7.880649089813232,3104900,0.0,0.0
2024-08-20 00:00:00-04:00,7.880649265232199,7.950477497754176,7.830771548571508,7.890624523162842,3714600,0.0,0.0
2024-08-21 00:00:00-04:00,7.990379155909636,8.020305402372344,7.880648475651782,7.980403423309326,3168500,0.0,0.0
2024-08-22 00:00:00-04:00,7.880649089813232,7.9704283118672175,7.860698098726886,7.880649089813232,5743600,0.0,0.0
2024-08-23 00:00:00-04:00,7.970427836037481,8.18988920055473,7.9005996092385455,8.14998722076416,3666100,0.0,0.0
2024-08-26 00:00:00-04:00,8.269693623260537,8.409351036017831,8.199865392551036,8.229791641235352,2546300,0.0,0.0
2024-08-27 00:00:00-04:00,8.1699377879661,8.249742699402953,8.140011540763686,8.179913520812988,7039200,0.0,0.0
2024-08-28 00:00:00-04:00,8.000355153288611,8.030281400741753,7.7808937855096385,7.8606977462768555,4363600,0.0,0.0
2024-08-29 00:00:00-04:00,7.950476909719829,7.960452642581805,7.790868989281216,7.830770969390869,1952200,0.0,0.0
2024-08-30 00:00:00-04:00,7.980403862381054,8.149987520563712,7.91057515734433,8.14001178741455,2985000,0.0,0.0
2024-09-03 00:00:00-04:00,7.787574407490518,7.827510647440518,7.3482752919629855,7.378227233886719,6419000,0.007,0.0
2024-09-04 00:00:00-04:00,7.34827527171441,7.547956470914177,7.308339031874457,7.328307151794434,1609900,0.0,0.0
2024-09-05 00:00:00-04:00,7.398195379558799,7.438131619647514,7.188529881054275,7.208498001098633,2104100,0.0,0.0
2024-09-06 00:00:00-04:00,7.168561680770976,7.198514098541018,6.769199284353953,6.789167404174805,6598200,0.0,0.0
2024-09-09 00:00:00-04:00,6.829103927420376,6.988848892621188,6.779183387756348,6.779183387756348,3346400,0.0,0.0
2024-09-10 00:00:00-04:00,6.759214900058541,6.8191192587558405,6.679342421795474,6.809135437011719,2160600,0.0,0.0
2024-09-11 00:00:00-04:00,6.849072017736118,6.9788645633481545,6.719278996046533,6.948912620544434,2359400,0.0,0.0
2024-09-12 00:00:00-04:00,7.038769304150986,7.248434805199061,7.0088168856823145,7.188529968261719,3519600,0.0,0.0
2024-09-13 00:00:00-04:00,7.28837091195448,7.398195333475586,7.258418494035749,7.328307151794434,3328300,0.0,0.0
2024-09-16 00:00:00-04:00,7.388211639712898,7.438131702340004,7.268402918114793,7.408179759979248,3588600,0.0,0.0
2024-09-17 00:00:00-04:00,7.438131847732626,7.6078611113530625,7.348275542816403,7.537972927093506,3781600,0.0,0.0
2024-09-18 00:00:00-04:00,7.587892532348633,7.837494263518505,7.5379724717611705,7.587892532348633,4111900,0.0,0.0
2024-09-19 00:00:00-04:00,7.92735117182065,8.027191770744833,7.8275105728964665,7.887414932250977,4136700,0.0,0.0
2024-09-20 00:00:00-04:00,7.897399105899025,7.937335347247682,7.747638438880334,7.80754280090332,3642700,0.0,0.0
2024-09-23 00:00:00-04:00,7.8674479094414815,8.147001625407977,7.857463610118167,8.067129135131836,4051100,0.0,0.0
2024-09-24 00:00:00-04:00,8.516410304260447,8.855868791200052,8.516410304260447,8.805948257446289,6436800,0.0,0.0
2024-09-25 00:00:00-04:00,8.736061096191406,8.82591787695419,8.676156258297851,8.736061096191406,5325300,0.0,0.0
2024-09-26 00:00:00-04:00,9.135423115714296,9.554754106483648,9.075519232550135,9.42496109008789,6521600,0.0,0.0
2024-09-27 00:00:00-04:00,9.38502458886037,9.494849958523574,9.215295337703626,9.265215873718262,5129100,0.0,0.0
2024-09-30 00:00:00-04:00,9.175359725952148,9.265216506484236,9.045567656467014,9.175359725952148,3504300,0.0,0.0
2024-10-01 00:00:00-04:00,9.285184686586701,9.404993404536556,9.105471133584395,9.32512092590332,4365700,0.0,0.0
2024-10-02 00:00:00-04:00,9.32512096742927,9.664579479209701,9.32512096742927,9.42496109008789,3028700,0.0,0.0
2024-10-03 00:00:00-04:00,9.175360114985098,9.28518549680537,9.115456226860527,9.195328712463379,3315000,0.0,0.0
2024-10-04 00:00:00-04:00,9.35507308227724,9.524802341311021,9.325121140140418,9.385025024414062,4451400,0.0,0.0
2024-10-07 00:00:00-04:00,9.345088611098971,9.46489732958235,9.28518472793481,9.42496109008789,2422100,0.0,0.0
2024-10-08 00:00:00-04:00,9.005631338600818,9.125440060904067,8.785981538300653,8.975678443908691,3420800,0.0,0.0
2024-10-09 00:00:00-04:00,8.825918438986264,9.015615358778025,8.775997896255223,8.985663414001465,2773600,0.0,0.0
2024-10-10 00:00:00-04:00,8.985662479553099,9.265216156758003,8.91577429829064,9.255232810974121,2058900,0.0,0.0
2024-10-11 00:00:00-04:00,9.245248553811152,9.404993512918505,9.245248553811152,9.355072975158691,3274700,0.0,0.0
2024-10-14 00:00:00-04:00,9.025598849008265,9.305152530235205,9.025598849008265,9.115455627441406,1499700,0.0,0.0
2024-10-15 00:00:00-04:00,8.985662918211503,8.985662918211503,8.825917952010338,8.935742378234863,4181400,0.0,0.0
2024-10-16 00:00:00-04:00,9.085503233158432,9.215295293151959,8.975677864026183,9.165375709533691,1489600,0.0,0.0
2024-10-17 00:00:00-04:00,9.225280656525664,9.265216899327092,9.135423872183672,9.195328712463379,1633800,0.0,0.0
2024-10-18 00:00:00-04:00,9.37504161310623,9.534786572928924,9.26521623911183,9.454914093017578,2586200,0.0,0.0
2024-10-21 00:00:00-04:00,9.494850971879917,9.614659699808843,9.29516975866504,9.365057945251465,2436400,0.0,0.0
2024-10-22 00:00:00-04:00,9.504835619854694,9.584708108075727,9.375042588456722,9.554755210876465,1404100,0.0,0.0
2024-10-23 00:00:00-04:00,9.355073150008124,9.434945631054642,9.225280130268759,9.315136909484863,3114000,0.0,0.0
2024-10-24 00:00:00-04:00,9.385025170705479,9.554754432384957,9.215295909025999,9.51481819152832,3992000,0.0,0.0
2024-10-25 00:00:00-04:00,9.564739050775424,9.844292746128712,9.524802808582097,9.60467529296875,2813300,0.0,0.0
2024-10-28 00:00:00-04:00,9.624643108120765,9.724483229414304,9.494850093499624,9.564738273620605,2201900,0.0,0.0
2024-10-29 00:00:00-04:00,9.534786788034182,9.544771086287113,9.40499376721134,9.51481819152832,1513000,0.0,0.0
2024-10-30 00:00:00-04:00,9.434945236557441,9.454913832061678,9.245248340042398,9.29516887664795,1016100,0.0,0.0
2024-10-31 00:00:00-04:00,9.175359827536612,9.205312722815659,8.885821838258222,8.935742378234863,2622100,0.0,0.0
2024-11-01 00:00:00-04:00,9.085503752984785,9.145407637616113,8.965694079411971,9.045567512512207,3056800,0.0,0.0
2024-11-04 00:00:00-05:00,9.115455695300449,9.275200657190762,9.00563127203963,9.045567512512207,1453200,0.0,0.0
2024-11-05 00:00:00-05:00,9.155391564583416,9.29516887664795,9.115455325729984,9.29516887664795,1741200,0.0,0.0
2024-11-06 00:00:00-05:00,8.975678551786253,9.03558338973541,8.546364196411842,9.005631446838379,4424400,0.0,0.0
2024-11-07 00:00:00-05:00,9.375041252165078,9.714498802641577,9.28518447768555,9.70451545715332,2908300,0.0,0.0
2024-11-08 00:00:00-05:00,9.125439454192096,9.34508828773365,8.905789668495519,9.335104942321777,4303700,0.0,0.0
2024-11-11 00:00:00-05:00,9.24524877276951,9.325121254214835,8.676156152277725,8.706109046936035,4617600,0.0,0.0
2024-11-12 00:00:00-05:00,8.456507716391425,8.57631644439663,8.26680984960017,8.556347846984863,5402600,0.0,0.0
2024-11-13 00:00:00-05:00,8.935741859345486,9.06553487488576,8.586300004110942,8.616251945495605,5207900,0.0,0.0
2024-11-14 00:00:00-05:00,8.456506945174796,8.626236199075317,8.356665871531535,8.516410827636719,4789700,0.0,0.0
2024-11-15 00:00:00-05:00,8.606267889701154,8.746045207019252,8.436538630155992,8.506427764892578,2600400,0.0,0.0
2024-11-18 00:00:00-05:00,8.64620445697359,8.885821908160338,8.626236812118917,8.865854263305664,2729000,0.0,0.0
2024-11-19 00:00:00-05:00,8.795965602291583,9.095486923995798,8.795965602291583,9.085503578186035,2428300,0.0,0.0
2024-11-20 00:00:00-05:00,9.085503929333855,9.20531265307707,9.005631446838379,9.005631446838379,1509700,0.0,0.0
2024-11-21 00:00:00-05:00,9.04556744517344,9.13542327145151,8.935742070575124,9.115455627441406,2709800,0.0,0.0
2024-11-22 00:00:00-05:00,9.055550122775049,9.125439252040067,8.975677648319316,9.105470657348633,1366100,0.0,0.0
2024-11-25 00:00:00-05:00,9.105471003493061,9.295168851653042,8.885821214312308,9.025598526000977,2956800,0.0,0.0
2024-11-26 00:00:00-05:00,8.935741791771235,8.95571038731337,8.646203821495577,8.686140060424805,3416500,0.0,0.0
2024-11-27 00:00:00-05:00,8.746045783916683,8.975678943062796,8.71609288755882,8.756030082702637,3647700,0.0,0.0
2024-11-29 00:00:00-05:00,8.756030043981458,8.945726959300009,8.706109502427585,8.925758361816406,2028900,0.0,0.0
2024-12-02 00:00:00-05:00,8.92575731678012,8.93574161435295,8.546363530562807,8.726076126098633,3471500,0.0,0.0
2024-12-03 00:00:00-05:00,8.935742271746493,9.115455832658688,8.835902145138125,8.905790328979492,2141900,0.0,0.0
2024-12-04 00:00:00-05:00,8.945725894498596,9.03558266816897,8.785980942264606,8.895805358886719,3616700,0.0,0.0
2024-12-05 00:00:00-05:00,8.885821598466816,9.105471397143534,8.855869656151151,9.045567512512207,2349800,0.0,0.0
2024-12-06 00:00:00-05:00,8.96569457087022,9.04556800834875,8.775997656265929,8.825918197631836,2653000,0.0,0.0
2024-12-09 00:00:00-05:00,9.105471262605606,9.474881719557498,9.105471262605606,9.185343742370605,3258500,0.0,0.0
2024-12-10 00:00:00-05:00,9.185343718068363,9.39500921493553,9.115455536497663,9.355072975158691,6485500,0.0,0.0
2024-12-11 00:00:00-05:00,9.404994082002116,9.764420261742059,9.375042138395902,9.60467529296875,5337000,0.0,0.0
2024-12-12 00:00:00-05:00,9.395009708543798,9.494850789309016,9.1054717169108,9.13542366027832,3669000,0.0,0.0
2024-12-13 00:00:00-05:00,9.085502581801384,9.105470223386169,8.576314867297482,8.64620304107666,8582000,0.0,0.0
2024-12-16 00:00:00-05:00,8.616252403132567,8.716092530435962,8.486459380698566,8.56633186340332,2923400,0.0,0.0
2024-12-17 00:00:00-05:00,8.416570727437716,8.426554073103258,8.127032755725939,8.346681594848633,6023000,0.0,0.0
2024-12-18 00:00:00-05:00,8.276793781909719,8.326714321074126,7.827510833740234,7.827510833740234,3307800,0.0,0.0
2024-12-19 00:00:00-05:00,7.9473194874001605,8.01720767033013,7.807542645462681,7.897398948669434,3594200,0.0,0.0
2024-12-20 00:00:00-05:00,7.877431045321721,8.396602662892583,7.817526682841724,8.226873397827148,6330700,0.0,0.0
2024-12-23 00:00:00-05:00,8.186937088673174,8.386618295293475,8.117048904394842,8.296762466430664,7313400,0.0,0.0
2024-12-24 00:00:00-05:00,8.376634731323783,8.376634731323783,8.176952577739224,8.236857414245605,3079300,0.0,0.0
2024-12-26 00:00:00-05:00,8.23685657071835,8.276792806914422,8.156984098326207,8.26680850982666,847700,0.0,0.0
2024-12-27 00:00:00-05:00,8.156984438122981,8.246841211346064,8.077111962403578,8.186936378479004,5593000,0.0,0.0
2024-12-30 00:00:00-05:00,8.077112350816833,8.117048590596994,7.897398795728577,7.987255573272705,3069400,0.0,0.0
2024-12-31 00:00:00-05:00,8.007224683280848,8.147001055407117,7.977271787406541,8.08709716796875,4235900,0.0,0.0
2025-01-02 00:00:00-05:00,8.147000919670255,8.526395691694276,8.147000919670255,8.496443748474121,6891300,0.0,0.0
2025-01-03 00:00:00-05:00,8.526396154070374,8.586300995914359,8.2767943920049,8.446523666381836,4485000,0.0,0.0
2025-01-06 00:00:00-05:00,8.775997298020172,8.845885481786452,8.626236632190974,8.63621997833252,5186200,0.0,0.0
2025-01-07 00:00:00-05:00,8.825917728109093,8.845885372300136,8.516411149829759,8.606267929077148,5879100,0.0,0.0
2025-01-08 00:00:00-05:00,8.576316340289011,8.825918091975398,8.446523315153478,8.795966148376465,4471900,0.0,0.0
2025-01-10 00:00:00-05:00,9.055550328761841,9.095486566898138,8.706108483107997,8.726076126098633,5228900,0.0,0.0
2025-01-13 00:00:00-05:00,8.64620445300513,8.686140694851257,8.4565075422748,8.596283912658691,5507800,0.0,0.0
2025-01-14 00:00:00-05:00,8.646204700367418,8.835902568679993,8.62623705495065,8.756030082702637,4098400,0.0,0.0
2025-01-15 00:00:00-05:00,8.98566324184875,9.05555142904015,8.636220401581465,8.756030082702637,2876100,0.0,0.0
2025-01-16 00:00:00-05:00,8.79596618358696,8.845885772399972,8.52639583365211,8.626236915588379,4189600,0.0,0.0
2025-01-17 00:00:00-05:00,8.576315879821777,8.875838156194943,8.476474803645699,8.576315879821777,4537600,0.0,0.0
2025-01-21 00:00:00-05:00,8.785981178283691,8.875837954367901,8.666172460889761,8.785981178283691,4794300,0.0,0.0
2025-01-22 00:00:00-05:00,8.75602916953115,8.815933051689186,8.416570663452148,8.416570663452148,4404700,0.0,0.0
2025-01-23 00:00:00-05:00,8.276793182021487,8.51641061005746,8.127032527537759,8.456506729125977,6329300,0.0,0.0
2025-01-24 00:00:00-05:00,8.626236417909816,8.795965676116108,8.466490505597077,8.576315879821777,7828100,0.0,0.0
2025-01-27 00:00:00-05:00,8.386617678926303,8.386617678926303,8.087096367086458,8.216888427734375,6179800,0.0,0.0
2025-01-28 00:00:00-05:00,8.236857309937477,8.266809251733832,7.907383093712383,7.987255573272705,5109900,0.0,0.0
2025-01-29 00:00:00-05:00,7.9872563252505016,8.266810030030827,7.9872563252505016,8.246842384338379,9017900,0.0,0.0
2025-01-30 00:00:00-05:00,8.39660266820013,8.586300530289693,8.296762540081245,8.496443748474121,6821400,0.0,0.0
2025-01-31 00:00:00-05:00,8.386618473704818,8.51641149880792,8.216889206428078,8.256826400756836,7445900,0.0,0.0
2025-02-03 00:00:00-05:00,7.977271546242793,8.366650611441207,7.827510880019224,8.196921348571777,8774500,0.0,0.0
2025-02-04 00:00:00-05:00,8.366650589408945,8.676156219363978,8.356666291112306,8.63621997833252,3139900,0.0,0.0
2025-02-05 00:00:00-05:00,8.656187608339986,8.835901148991539,8.496442662051933,8.805948257446289,5234900,0.0,0.0
2025-02-06 00:00:00-05:00,8.945726113274223,9.155391606247644,8.855869337406322,8.955710411071777,7229700,0.0,0.0
2025-02-07 00:00:00-05:00,9.235264149402166,9.714499021201584,9.235264149402166,9.32512092590332,8222400,0.0,0.0
2025-02-10 00:00:00-05:00,9.524802034672181,9.714498931638438,9.365057078878483,9.564738273620605,7990200,0.0,0.0
2025-02-11 00:00:00-05:00,9.185343480985146,9.21529542200592,8.975677989529663,9.025598526000977,4902500,0.0,0.0
2025-02-12 00:00:00-05:00,8.736061037673178,9.135423447104772,8.726076739398616,9.075519561767578,6747600,0.0,0.0
2025-02-13 00:00:00-05:00,9.09548681447972,9.125439708013536,8.825917437760719,9.055550575256348,9206200,0.0,0.0
2025-02-14 00:00:00-05:00,9.13542366027832,9.21529614402845,8.94572674941054,9.13542366027832,8191800,0.0,0.0
2025-02-18 00:00:00-05:00,9.165376192333166,9.195328134512895,8.855869615959062,8.94572639465332,9530900,0.0,0.0
2025-02-19 00:00:00-05:00,8.067128237876744,8.186936959965399,7.398195492098777,7.727669715881348,16691200,0.0,0.0
2025-02-20 00:00:00-05:00,7.827510643232052,7.9672874829819005,7.587892727583349,7.597877025604248,5491500,0.0,0.0
2025-02-21 00:00:00-05:00,7.52798794078172,7.567924178445481,6.968880137411546,7.088688850402832,8320500,0.0,0.0
2025-02-24 00:00:00-05:00,7.12862543491828,7.36824334863725,7.048752955704466,7.228466033935547,6651600,0.0,0.0
2025-02-25 00:00:00-05:00,7.238450179337043,7.338290776250326,6.988848449015076,7.098673343658447,7956600,0.0,0.0
2025-02-26 00:00:00-05:00,7.48805204359154,7.567924522550779,7.328307085673063,7.398195266723633,9664600,0.0,0.0
2025-02-27 00:00:00-05:00,7.358259167055151,7.358259167055151,6.998833004909274,7.038769245147705,7634900,0.0,0.0
2025-02-28 00:00:00-05:00,6.90897597148445,7.148593404076329,6.84907161333648,7.098673343658447,8150100,0.0,0.0
2025-03-03 00:00:00-05:00,7.288370920121085,7.428147759717541,6.849071805311831,6.889008045196533,6675700,0.0,0.0
2025-03-04 00:00:00-05:00,6.826044025167211,7.045916869246589,6.596177220844757,6.886009216308594,5537400,0.007,0.0
2025-03-05 00:00:00-05:00,7.135864513163856,7.475667744072939,7.1058821554724565,7.445684909820557,8166900,0.0,0.0
2025-03-06 00:00:00-05:00,7.365731700404922,7.455679731239609,7.085894123569687,7.225812911987305,7389200,0.0,0.0
2025-03-07 00:00:00-05:00,7.075899310149055,7.145858938921165,6.666136927560502,6.965962886810303,9004500,0.0,0.0
2025-03-10 00:00:00-04:00,6.776073637697397,6.836038832085392,6.416281994808429,6.596177577972412,11730100,0.0,0.0
2025-03-11 00:00:00-04:00,6.72610219734921,7.055910994626144,6.686125402319339,7.04591703414917,8564700,0.0,0.0
2025-03-12 00:00:00-04:00,7.1558530826635165,7.305766304410695,7.085893928659563,7.26578950881958,5583000,0.0,0.0
2025-03-13 00:00:00-04:00,7.295772225808655,7.545627432493047,7.22581259637507,7.3857197761535645,8000800,0.0,0.0
2025-03-14 00:00:00-04:00,7.545627883821334,7.795483105450371,7.4456854139209065,7.725523471832275,9301400,0.0,0.0
2025-03-17 00:00:00-04:00,7.975378049036718,8.165268059318661,7.845453229913129,8.045337677001953,9358700,0.0,0.0
2025-03-18 00:00:00-04:00,8.175262729594085,8.275204241151153,8.005361111512888,8.215239524841309,7974000,0.0,0.0
2025-03-19 00:00:00-04:00,8.225233900815669,8.415124413674572,8.115297940244046,8.345165252685547,6278400,0.0,0.0
2025-03-20 00:00:00-04:00,8.175262476038686,8.405128803300432,8.125291245249016,8.315180778503418,5328200,0.0,0.0
2025-03-21 00:00:00-04:00,8.195251119536941,8.225233479407263,7.865442301597284,8.145279884338379,7593100,0.0,0.0
2025-03-24 00:00:00-04:00,8.435110947124313,8.485082176649753,8.215239062207463,8.285198211669922,5907400,0.0,0.0
2025-03-25 00:00:00-04:00,8.465095451123265,8.575031409093468,8.33517061727372,8.455101013183594,6452800,0.0,0.0
2025-03-26 00:00:00-04:00,8.445105618057646,8.515065722583858,7.965383612229838,8.045337677001953,4817200,0.0,0.0
2025-03-27 00:00:00-04:00,7.7954825996247905,8.08531459978326,7.725522970546166,7.99536657333374,6730600,0.0,0.0
2025-03-28 00:00:00-04:00,7.91541321285914,8.00536124191104,7.605592806366042,7.685546398162842,7166700,0.0,0.0
2025-03-31 00:00:00-04:00,7.485662197940928,7.655563824596209,7.275784250582008,7.585604667663574,6668700,0.0,0.0
2025-04-01 00:00:00-04:00,7.535633243127926,7.735517224420045,7.495656446869503,7.695540428161621,5671300,0.0,0.0
2025-04-02 00:00:00-04:00,7.615586767060143,7.775494427214741,7.545627612518443,7.685546398162842,5471400,0.0,0.0
2025-04-03 00:00:00-04:00,7.195829717607593,7.33574897561379,7.045916975768214,7.105882167816162,9948500,0.0,0.0
2025-04-04 00:00:00-04:00,6.696119670571113,6.8660212955377755,6.036502045699137,6.266368865966797,11778400,0.0,0.0
2025-04-07 00:00:00-04:00,5.996525190410948,6.776073674851213,5.946553956533121,6.326333999633789,9445500,0.0,0.0
2025-04-08 00:00:00-04:00,6.5961773620198825,6.696119349394535,5.976536563736051,6.086472988128662,10714300,0.0,0.0
2025-04-09 00:00:00-04:00,6.196408752069114,7.075899167987341,6.036501577015245,6.945974349975586,14103800,0.0,0.0
2025-04-10 00:00:00-04:00,6.696119488481745,6.7760735566032055,6.346322287124221,6.516223907470703,11025200,0.0,0.0
2025-04-11 00:00:00-04:00,6.706113710987918,7.015934106645241,6.626160121987445,6.896003723144531,16354900,0.0,0.0
2025-04-14 00:00:00-04:00,6.975957382504831,7.15585295957033,6.836038600342776,6.9059977531433105,9183400,0.0,0.0
2025-04-15 00:00:00-04:00,6.915992212021593,7.285777804328399,6.876015416991723,7.04591703414917,9196700,0.0,0.0
2025-04-16 00:00:00-04:00,7.095888339110494,7.14585957504774,6.896004348483561,7.055911540985107,9822300,0.0,0.0
2025-04-17 00:00:00-04:00,6.975957808136503,7.155853396178166,6.876015814780023,7.035923004150391,6438600,0.0,0.0
2025-04-21 00:00:00-04:00,7.195829899287276,7.195829899287276,6.776073544353665,6.925986289978027,5251100,0.0,0.0
2025-04-22 00:00:00-04:00,7.045916906379541,7.205824083599294,6.7460904725315265,7.095887660980225,4799200,0.0,0.0
2025-04-23 00:00:00-04:00,7.2458014488220215,7.445685436096153,7.19583021372298,7.2458014488220215,6011000,0.0,0.0
2025-04-24 00:00:00-04:00,7.335748782113028,7.655563131266095,7.335748782113028,7.555621147155762,5174500,0.0,0.0
2025-04-25 00:00:00-04:00,7.395714154814563,7.505650578325322,7.33574896287078,7.445684909820557,5081800,0.0,0.0
2025-04-28 00:00:00-04:00,7.405708115191368,7.505650578325322,7.295772168241593,7.445684909820557,2867400,0.0,0.0
2025-04-29 00:00:00-04:00,7.4456853175830595,7.5156449502959655,7.305766528718257,7.4356913566589355,2483100,0.0,0.0
2025-04-30 00:00:00-04:00,7.065905530864005,7.275783945997857,6.9759575025034986,7.26578950881958,4424000,0.0,0.0
2025-05-01 00:00:00-04:00,7.235806743120669,7.365731568316178,7.205824384420782,7.275784015655518,4796200,0.0,0.0
2025-05-02 00:00:00-04:00,7.485661844343415,7.525639116280691,7.325754662838283,7.465673446655273,4175300,0.0,0.0
2025-05-05 00:00:00-04:00,7.455679545889925,7.465673506533657,7.355737556647633,7.405708312988281,3415000,0.0,0.0
2025-05-06 00:00:00-04:00,7.3957143225749045,7.695540289094905,7.3957143225749045,7.675551891326904,3978800,0.0,0.0
2025-05-07 00:00:00-04:00,7.555621544989353,7.595598340738424,7.415702759867605,7.475667953491211,3330400,0.0,0.0
2025-05-08 00:00:00-04:00,7.5156447680372755,7.6555635535089674,7.445685137020931,7.615586757659912,4881800,0.0,0.0
2025-05-09 00:00:00-04:00,7.665558138378612,7.775494567361219,7.605592943450192,7.705534934997559,8673300,0.0,0.0
2025-05-12 00:00:00-04:00,8.415123310893254,8.585024925134626,8.195250465441722,8.325175285339355,11879100,0.0,0.0
2025-05-13 00:00:00-04:00,8.365151541869164,8.804897204500016,8.365151541869164,8.654983520507812,10464000,0.0,0.0
2025-05-14 00:00:00-04:00,8.575030794332717,8.605013152880176,8.485082765568347,8.505071640014648,8048100,0.0,0.0
2025-05-15 00:00:00-04:00,8.295193135715683,8.435111442863732,8.065325847637915,8.355157852172852,8219300,0.0,0.0
2025-05-16 00:00:00-04:00,8.205245347943956,8.235227707049644,7.935401733187742,8.115297317504883,6446700,0.0,0.0
2025-05-19 00:00:00-04:00,8.075320469293564,8.285198887933802,8.035343673034566,8.245222091674805,4506700,0.0,0.0
2025-05-20 00:00:00-04:00,8.225233301710919,8.405129363290486,8.13528622404315,8.395134925842285,8231300,0.0,0.0
2025-05-21 00:00:00-04:00,8.245221720264025,8.664978538636314,8.23522728336898,8.465094566345215,7229800,0.0,0.0
2025-05-22 00:00:00-04:00,8.305187456509836,8.535053788246108,8.305187456509836,8.475088119506836,5191600,0.0,0.0
2025-05-23 00:00:00-04:00,8.435111702302596,8.854868542901176,8.415123780576097,8.804898262023926,5754800,0.0,0.0
2025-05-27 00:00:00-04:00,8.894845629517624,9.064747258782027,8.844875347010953,8.984793663024902,9694400,0.0,0.0
2025-05-28 00:00:00-04:00,8.97479848216792,9.034764150581672,8.844874614661727,9.014776229858398,7441600,0.0,0.0
2025-05-29 00:00:00-04:00,9.134706824831863,9.304608443958028,9.034764359538123,9.044758796691895,9703300,0.0,0.0
2025-05-30 00:00:00-04:00,8.944816381027655,8.944816381027655,8.754926839662348,8.914834022521973,8531700,0.0,0.0
2025-06-02 00:00:00-04:00,9.20466667838745,9.234649039005985,9.024770608432119,9.14470100402832,9115800,0.0,0.0
2025-06-03 00:00:00-04:00,9.114718192535493,9.374567846701074,9.004782240290984,9.354578971862793,6948300,0.0,0.0
2025-06-04 00:00:00-04:00,9.424539150536068,9.624423134790499,9.344585556834296,9.36457347869873,9645800,0.0,0.0
2025-06-05 00:00:00-04:00,9.644411490671414,9.694382727264326,9.53447553266466,9.564457893371582,11915400,0.0,0.0
2025-06-06 00:00:00-04:00,9.594440598706374,9.764342220473612,9.584446161397242,9.614428520202637,12639700,0.0,0.0
2025-06-09 00:00:00-04:00,9.694382267696469,9.85428945471564,9.624423111656085,9.774335861206055,6319700,0.0,0.0
2025-06-10 00:00:00-04:00,9.824306866965928,9.824306866965928,9.444526830066167,9.6044340133667,8566600,0.0,0.0
2025-06-11 00:00:00-04:00,9.544469066239294,9.694381808691263,9.374567449795345,9.434532165527344,9821400,0.0,0.0
2025-06-12 00:00:00-04:00,9.3645732384159,9.754347712552445,9.324596442590767,9.6044340133667,9487700,0.0,0.0
2025-06-13 00:00:00-04:00,9.484503236119936,9.694381643857305,9.364572853573147,9.68438720703125,7552100,0.0,0.0
2025-06-16 00:00:00-04:00,9.844295660722999,10.064167559397434,9.78432999091598,10.004202842712402,10633100,0.0,0.0
2025-06-17 00:00:00-04:00,10.044179688538042,10.054174125742957,9.854289194132653,9.87427806854248,8771500,0.0,0.0
2025-06-18 00:00:00-04:00,9.894265828687692,9.974219418780855,9.704376290496924,9.714370727539062,8555900,0.0,0.0
2025-06-20 00:00:00-04:00,9.734358697264295,9.754347571448704,9.56445707918473,9.58444595336914,7284900,0.0,0.0
2025-06-23 00:00:00-04:00,9.484504102981187,9.70437696764047,9.454521742884662,9.674394607543945,7565900,0.0,0.0
2025-06-24 00:00:00-04:00,9.6943812525337,9.894265215376494,9.624422103819203,9.764341354370117,5698000,0.0,0.0
2025-06-25 00:00:00-04:00,9.764342515167648,9.824307234588211,9.674394482914774,9.79432487487793,7219800,0.0,0.0
2025-06-26 00:00:00-04:00,10.074162025035267,10.693802833557129,10.074162025035267,10.693802833557129,15478100,0.0,0.0
2025-06-27 00:00:00-04:00,10.683808376880771,10.683808376880771,10.403970808118702,10.553884506225586,8368500,0.0,0.0
2025-06-30 00:00:00-04:00,10.633837489162179,10.693802202478022,10.363993419875085,10.603854179382324,5660100,0.0,0.0
2025-07-01 00:00:00-04:00,10.793745773824954,10.873699368561862,10.56387847411482,10.623844146728516,4761100,0.0,0.0
2025-07-02 00:00:00-04:00,10.74377396857208,11.123553999975313,10.70379717332553,10.953652381896973,10182600,0.0,0.0
2025-07-03 00:00:00-04:00,10.863704403153331,10.893686761442547,10.703797221448205,10.82372760772705,5228900,0.0,0.0
2025-07-07 00:00:00-04:00,10.633838542908732,10.913676123397323,10.513908151270766,10.89368724822998,9091700,0.0,0.0
2025-07-08 00:00:00-04:00,10.963647288988987,11.103565601789077,10.483924772343192,10.88369369506836,15521700,0.0,0.0
2025-07-09 00:00:00-04:00,10.96364747228136,11.013618707597688,10.593861855935799,10.633838653564453,6865000,0.0,0.0
2025-07-10 00:00:00-04:00,10.96364755497883,10.96364755497883,10.583867498080961,10.783751487731934,6601900,0.0,0.0
2025-07-11 00:00:00-04:00,10.643831984638913,10.65382642218246,10.294035248713001,10.473930358886719,7637100,0.0,0.0
2025-07-14 00:00:00-04:00,10.403971133979772,10.573872758615842,10.383983212146008,10.463936805725098,5085500,0.0,0.0
2025-07-15 00:00:00-04:00,10.473929377897656,10.503912687720057,10.17410390464913,10.33401107788086,5268900,0.0,0.0
2025-07-16 00:00:00-04:00,10.353999371716158,10.353999371716158,10.064167371491267,10.11413860321045,5112400,0.0,0.0
2025-07-17 00:00:00-04:00,10.014197736704729,10.034185658804239,9.674394482914774,9.79432487487793,8883600,0.0,0.0
2025-07-18 00:00:00-04:00,9.954231782150883,9.954231782150883,9.734358926553256,9.754347801208496,6577900,0.0,0.0
2025-07-21 00:00:00-04:00,9.894266391619542,10.034185658804239,9.784330437267158,9.79432487487793,6642100,0.0,0.0
2025-07-22 00:00:00-04:00,9.954231401435822,10.084156222359697,9.764341865083676,9.97421932220459,8290100,0.0,0.0
2025-07-23 00:00:00-04:00,10.054174317454729,10.453942282054077,9.994208646203822,10.3140230178833,8303600,0.0,0.0
2025-07-24 00:00:00-04:00,10.214081066648813,10.224074550495073,10.034185013708546,10.11413860321045,5465600,0.0,0.0
2025-07-25 00:00:00-04:00,10.114138771333726,10.114138771333726,9.784329970875604,9.864283561706543,4634300,0.0,0.0
2025-07-28 00:00:00-04:00,9.74435391376691,9.864284309100162,9.504493123100401,9.834301948547363,8234100,0.0,0.0
2025-07-29 00:00:00-04:00,9.894265850003311,9.934242645136015,9.694381874339784,9.854289054870605,7465200,0.0,0.0
2025-07-30 00:00:00-04:00,9.724364193653214,9.794324299698111,8.924828294185593,9.164689064025879,13595300,0.0,0.0
2025-07-31 00:00:00-04:00,9.084735222404762,9.394555136585032,9.004781634672954,9.264631271362305,6691600,0.0,0.0
2025-08-01 00:00:00-04:00,9.144700379238014,9.20466604950013,9.014776507727086,9.054753303527832,5913300,0.0,0.0
2025-08-04 00:00:00-04:00,9.1646896165973,9.33459124375863,9.134707256840016,9.244643211364746,2239100,0.0,0.0
2025-08-05 00:00:00-04:00,9.234648496552651,9.344585400899566,9.094730186470402,9.204666137695312,5914100,0.0,0.0
2025-08-06 00:00:00-04:00,9.314601947934706,9.354578743513404,9.034764378883814,9.184677124023438,5559400,0.0,0.0
2025-08-07 00:00:00-04:00,9.234648718960589,9.404550345114105,9.234648718960589,9.374567985534668,4862400,0.0,0.0
2025-08-08 00:00:00-04:00,9.47450939398645,9.724364611588902,9.344585519580548,9.634417533874512,5134900,0.0,0.0
2025-08-11 00:00:00-04:00,9.60443359425974,9.60443359425974,9.284619241614356,9.544468879699707,8029800,0.0,0.0
2025-08-12 00:00:00-04:00,9.624422653464148,9.914254654418807,9.614428216470753,9.844295501708984,9223700,0.0,0.0
2025-08-13 00:00:00-04:00,11.56329943004278,12.09299318971953,11.013618701246287,11.32343864440918,30836400,0.0,0.0
2025-08-14 00:00:00-04:00,11.123553245489665,11.133547681903897,10.733778803431825,10.983633995056152,10443300,0.0,0.0
2025-08-15 00:00:00-04:00,11.12355352917291,11.173524759396571,10.953651918285624,11.023611068725586,6145400,0.0,0.0
2025-08-18 00:00:00-04:00,11.013617910820152,11.043600268592067,10.81373298401547,10.933663368225098,4708200,0.0,0.0
2025-08-19 00:00:00-04:00,10.983634718638221,11.093571620193396,10.773756305722499,10.813733100891113,4386200,0.0,0.0
2025-08-20 00:00:00-04:00,10.75376767626029,11.0336052240054,10.713790883725276,10.983633995056152,6237300,0.0,0.0
2025-08-21 00:00:00-04:00,11.023611848239403,11.323438297661092,10.96364713022827,11.273467063903809,4466700,0.0,0.0
2025-08-22 00:00:00-04:00,11.273466730367232,11.783171583991784,11.203507577050052,11.773177146911621,6075900,0.0,0.0
2025-08-25 00:00:00-04:00,11.793166140753938,11.813154061995128,11.58328772555048,11.653246879577637,3848900,0.0,0.0
2025-08-26 00:00:00-04:00,11.693224298303555,11.793166769201328,11.543311545078936,11.743195533752441,5463500,0.0,0.0
2025-08-27 00:00:00-04:00,11.583288192749023,11.663241787182605,11.473351285561327,11.583288192749023,3535500,0.0,0.0
2025-08-28 00:00:00-04:00,11.733200490515113,11.853130877529889,11.553305386553944,11.793166160583496,5197000,0.0,0.0
2025-08-29 00:00:00-04:00,11.823148009026529,12.013038495116536,11.753188857899659,11.993049621582031,4350100,0.0,0.0
2025-09-02 00:00:00-04:00,11.793166062654752,12.06300919291676,11.613270007065424,12.05301570892334,5595000,0.0,0.0
2025-09-03 00:00:00-04:00,12.162951513697415,12.46277795175273,12.152957076700446,12.442789077758789,8126600,0.0,0.0
2025-09-04 00:00:00-04:00,12.302871372929593,12.412807325897555,12.152957670021989,12.392818450927734,5113300,0.0,0.0
2025-09-05 00:00:00-04:00,12.612690669405433,12.802581159486401,12.522742642853604,12.71263313293457,5106000,0.0,0.0
2025-09-08 00:00:00-04:00,13.022453464917186,13.232331882449293,12.892528639480927,13.182360649108887,5969900,0.0,0.0
2025-09-09 00:00:00-04:00,13.252321428012682,13.54215345231513,12.972482888386697,13.002466201782227,5761100,0.0,0.0
2025-09-10 00:00:00-04:00,13.072424666199723,13.472192625698614,13.072424666199723,13.452204704284668,4430700,0.0,0.0
2025-09-11 00:00:00-04:00,13.452204515741855,13.632100571555975,13.362256487834795,13.562140464782715,4165100,0.0,0.0
2025-09-12 00:00:00-04:00,13.522163391113281,13.602116980247041,13.43221536505731,13.522163391113281,5299700,0.0,0.0
2025-09-15 00:00:00-04:00,13.61211201053321,13.951915255724998,13.502176058962576,13.881956100463867,5241700,0.0,0.0
2025-09-16 00:00:00-04:00,13.881956417833912,13.901944339884626,13.562141086924237,13.65208911895752,4026100,0.0,0.0
2025-09-17 00:00:00-04:00,13.452204169848176,13.682070499147285,13.342268223634075,13.51216983795166,5284600,0.0,0.0
2025-09-18 00:00:00-04:00,13.542152382539227,13.622105972367194,13.342268407969307,13.402233123779297,5176200,0.0,0.0
2025-09-19 00:00:00-04:00,13.442210320611677,13.981897544647948,13.392239087194577,13.87196159362793,5808900,0.0,0.0
2025-09-22 00:00:00-04:00,13.961909061784844,14.221757749486368,13.891948956565006,14.201769828796387,13998800,0.0,0.0
2025-09-23 00:00:00-04:00,14.261735865944008,14.301712661479803,12.992470939719054,13.432215690612793,17728800,0.0,0.0
2025-09-24 00:00:00-04:00,13.991892687594055,14.41164954447164,13.891950215719563,14.111823081970215,13133600,0.0,0.0
2025-09-25 00:00:00-04:00,14.031868377227063,14.321700379020422,13.831984402390605,13.95191478729248,7736100,0.0,0.0
2025-09-26 00:00:00-04:00,13.971903142460382,14.211764872840984,13.901943987373791,14.151799201965332,6503200,0.0,0.0
2025-09-29 00:00:00-04:00,14.561561270541157,15.471034078490616,14.491602117044117,15.201190948486328,17056700,0.0,0.0
2025-09-30 00:00:00-04:00,15.091254652967459,15.17120824173343,14.871381807300057,15.151219367980957,6795100,0.0,0.0
2025-10-01 00:00:00-04:00,15.191196669410648,15.461040755344037,15.18120223220082,15.361098289489746,7383900,0.0,0.0
2025-10-02 00:00:00-04:00,15.61095406302446,15.780855689220306,15.031290027693462,15.441052436828613,6485300,0.0,0.0
2025-10-03 00:00:00-04:00,15.670918882417453,15.840820499366263,15.441051596436486,15.730883598327637,7708600,0.0,0.0
2025-10-06 00:00:00-04:00,15.990733576052085,16.2405887881779,15.640935897827148,15.640935897827148,10000300,0.0,0.0
2025-10-07 00:00:00-04:00,16.270572119564772,16.45046627126804,15.770860741586604,15.780855178833008,7059500,0.0,0.0
2025-10-08 00:00:00-04:00,16.110665553055654,17.200032567214095,16.020717520637536,17.11008644104004,12688000,0.0,0.0
2025-10-09 00:00:00-04:00,17.40991173330826,17.459882014602428,16.920195732898033,17.080102920532227,9968000,0.0,0.0
2025-10-10 00:00:00-04:00,17.09009758121032,17.39991752301684,16.400496634130203,16.56040382385254,7204000,0.0,0.0
2025-10-13 00:00:00-04:00,17.529842584431986,17.71973117300773,17.23001518636231,17.559823989868164,6617400,0.0,0.0
2025-10-14 00:00:00-04:00,17.24000968794187,17.299974405282047,16.560403203939906,17.020137786865234,9223900,0.0,0.0
2025-10-15 00:00:00-04:00,17.409911345418973,17.639777684241245,17.11008585184592,17.29997444152832,8869900,0.0,0.0
2025-10-16 00:00:00-04:00,17.56981810532718,17.58980697941455,16.93018938448285,17.240009307861328,6734400,0.0,0.0
2025-10-17 00:00:00-04:00,16.930189250845373,17.210025860883917,16.150640323786714,16.400495529174805,6655100,0.0,0.0
2025-10-20 00:00:00-04:00,16.9002080468473,16.97016720807853,16.340532850753316,16.420486450195312,6680700,0.0,0.0
2025-10-21 00:00:00-04:00,15.740878233775145,15.75087267092682,15.111242990049501,15.211185455322266,8375100,0.0,0.0
2025-10-22 00:00:00-04:00,14.98131821555197,15.231173426430912,14.801423111842087,15.081260681152344,7271500,0.0,0.0
2025-10-23 00:00:00-04:00,15.441051343759058,15.590965037325278,15.231172935263919,15.421063423156738,5821500,0.0,0.0
2025-10-24 00:00:00-04:00,15.361098615437195,15.900785845633614,15.231173788318536,15.820832252502441,7415600,0.0,0.0
2025-10-27 00:00:00-04:00,15.820831865539438,15.860808661127228,14.931346972308612,15.491023063659668,8193200,0.0,0.0
2025-10-28 00:00:00-04:00,15.241169483271396,16.200612680007993,15.241169483271396,16.15064239501953,7995100,0.0,0.0
2025-10-29 00:00:00-04:00,16.500438655702528,16.64035696634487,16.02071709957677,16.220600128173828,6306700,0.0,0.0
2025-10-30 00:00:00-04:00,15.870802949085958,16.08068136222906,15.690906894071304,15.880797386169434,5101900,0.0,0.0
2025-10-31 00:00:00-04:00,15.80084360992447,16.10067004704888,15.680912272577132,15.99073314666748,4630700,0.0,0.0
2025-11-03 00:00:00-05:00,15.890791408211715,15.900785845633614,15.281145022306022,15.820832252502441,6417500,0.0,0.0
2025-11-04 00:00:00-05:00,15.091254391657893,15.28114392340859,14.841399192810059,14.841399192810059,5547200,0.0,0.0
2025-11-05 00:00:00-05:00,15.15121984387969,15.740878294391328,15.04128389415389,15.630942344665527,6171500,0.0,0.0
2025-11-06 00:00:00-05:00,15.740878035353326,16.040703521148192,15.590965292455893,15.730883598327637,4937400,0.0,0.0
2025-11-07 00:00:00-05:00,15.560981842429687,16.140645841035976,15.411069100870876,16.120656967163086,4491100,0.0,0.0
2025-11-10 00:00:00-05:00,16.650350066562755,17.04012356133268,16.460459584337773,16.850234985351562,7436200,0.0,0.0
2025-11-11 00:00:00-05:00,16.720309229694,16.85023499888423,16.460459597557406,16.58039093017578,6467200,0.0,0.0
2025-11-12 00:00:00-05:00,16.480449341973788,17.299974121752978,16.060692514983963,16.980159759521484,13478100,0.0,0.0
2025-11-13 00:00:00-05:00,17.07010753321158,17.110085281017714,15.680912249973431,15.850813865661621,7492500,0.0,0.0
2025-11-14 00:00:00-05:00,15.241167824057555,15.960751096395413,15.081260642009585,15.76086711883545,5090500,0.0,0.0
2025-11-17 00:00:00-05:00,15.610953217793302,15.70090124480595,15.161214035852039,15.321121215820312,4886300,0.0,0.0
2025-11-18 00:00:00-05:00,15.361098391600784,15.431057546290637,14.901364761234609,15.101248741149902,5459500,0.0,0.0
2025-11-19 00:00:00-05:00,15.451046128934884,16.010722215246044,15.211185357568091,15.471034049987793,4350000,0.0,0.0
2025-11-20 00:00:00-05:00,15.700901779712106,15.770860935051134,14.531579294954575,14.571556091308594,5541200,0.0,0.0
2025-11-21 00:00:00-05:00,14.571555462607607,15.001306719712856,14.331694694832478,14.891369819641113,4078200,0.0,0.0
2025-11-24 00:00:00-05:00,14.991313125757712,15.740878782045598,14.851393860126713,15.700901985168457,2364700,0.0,0.0
2025-11-25 00:00:00-05:00,15.750872611999512,16.000727821124674,15.491022965760067,15.750872611999512,3714500,0.0,0.0
2025-11-26 00:00:00-05:00,16.140645252233554,16.740298102837706,16.100669412190005,16.58039093017578,3348100,0.0,0.0
2025-11-28 00:00:00-05:00,16.980159549944293,17.11008532439971,16.83024680777907,16.950176239013672,2227700,0.0,0.0
2025-12-01 00:00:00-05:00,17.140066020727087,17.26999178981297,16.850234985351562,16.850234985351562,3498900,0.0,0.0
2025-12-02 00:00:00-05:00,16.840241439247155,16.870222844280097,16.120657218553166,16.430479049682617,3948800,0.0,0.0
2025-12-03 00:00:00-05:00,17.050119772901564,17.53983577804785,16.850236739547768,17.379928588867188,6920900,0.0,0.0
2025-12-04 00:00:00-05:00,17.20003218201124,17.81967395743177,16.990154715231974,17.329957962036133,4851400,0.0,0.0
2025-12-05 00:00:00-05:00,17.679754697453372,17.989574615415,17.389921746985717,17.46987533569336,5063800,0.0,0.0
2025-12-08 00:00:00-05:00,17.57981331913762,17.759709381384813,17.32995810073742,17.349946975708008,4292400,0.0,0.0
2025-12-09 00:00:00-05:00,17.09009687767618,17.739720047461173,16.89021194562973,17.559823989868164,3375800,0.0,0.0
2025-12-10 00:00:00-05:00,17.599802616758794,18.4393163232435,17.569819303582882,18.239431381225586,7538800,0.0,0.0
2025-12-11 00:00:00-05:00,18.249424581328903,19.04896048269023,18.249424581328903,18.609216690063477,3914600,0.0,0.0
2025-12-12 00:00:00-05:00,18.829089007579828,19.05895534608278,18.249424989564908,18.66918182373047,7270000,0.0,0.0
2025-12-15 00:00:00-05:00,19.148902636367925,19.288820940275997,18.789110533468392,18.839082717895508,4998400,0.0,0.0
2025-12-16 00:00:00-05:00,18.679177411629148,19.038967644331095,18.499281342156117,18.559246063232422,2830800,0.0,0.0
2025-12-17 00:00:00-05:00,18.869065093745746,19.198873902968586,18.489286003767088,18.979001998901367,6082500,0.0,0.0
2025-12-18 00:00:00-05:00,19.12891460729639,19.218862636993222,18.77911883207984,18.959012985229492,5419400,0.0,0.0
2025-12-19 00:00:00-05:00,19.16889063196033,19.71857129176878,19.08893704678376,19.258838653564453,3910700,0.0,0.0
2025-12-22 00:00:00-05:00,19.80852057413396,19.8784797273357,19.558665366274063,19.70857810974121,3590100,0.0,0.0
2025-12-23 00:00:00-05:00,19.828509075571667,20.14832343062219,19.678596334922226,19.928451538085938,3996000,0.0,0.0
2025-12-24 00:00:00-05:00,19.928450977259647,19.94843794420489,19.498699734913092,19.84849739074707,1502800,0.0,0.0
2025-12-26 00:00:00-05:00,20.248265940345508,20.30823065549631,20.008405173498378,20.208288192749023,2408400,0.0,0.0
2025-12-29 00:00:00-05:00,19.338795120661366,19.798527827376322,19.08893989146999,19.398759841918945,5529100,0.0,0.0
2025-12-30 00:00:00-05:00,19.88847541809082,20.15831951708798,19.5886499122567,19.88847541809082,3451300,0.0,0.0
2025-12-31 00:00:00-05:00,19.718573447262948,19.97842310405268,19.588649571990107,19.838504791259766,4319200,0.0,0.0
2026-01-02 00:00:00-05:00,20.268255894044938,20.67801829752159,19.67859742928702,20.088359832763672,3583200,0.0,0.0
2026-01-05 00:00:00-05:00,20.638039360376208,21.42758271585192,20.528104367441504,21.287662506103516,3995800,0.0,0.0
2026-01-06 00:00:00-05:00,21.587490808904306,22.107190110031606,21.377611438499663,21.41758918762207,4795900,0.0,0.0
2026-01-07 00:00:00-05:00,20.767964380556062,21.267674767810835,20.068369075901845,21.17772674560547,5059900,0.0,0.0
2026-01-08 00:00:00-05:00,20.81793598465529,21.137750347898674,20.458143872884495,21.097774505615234,3878400,0.0,0.0
2026-01-09 00:00:00-05:00,21.377610441088198,21.697424794169937,21.067790524820747,21.54751205444336,3175000,0.0,0.0
2026-01-12 00:00:00-05:00,22.28708433841925,22.636882019458223,22.08720131085698,22.526947021484375,3979200,0.0,0.0
2026-01-13 00:00:00-05:00,23.046644204481854,23.326482727967527,22.417009909444083,22.496963500976562,5991700,0.0,0.0
2026-01-14 00:00:00-05:00,22.86674647018949,23.156579409644213,22.56692100048943,23.07662582397461,4466600,0.0,0.0
2026-01-15 00:00:00-05:00,22.70684079389157,23.186564245738523,22.536939174876682,22.74681854248047,4012500,0.0,0.0
2026-01-16 00:00:00-05:00,22.337056248761815,22.63688173951943,22.007247446430846,22.486968994140625,6535300,0.0,0.0
2026-01-20 00:00:00-05:00,22.796790651597338,24.725673332208725,22.606902049291893,24.675703048706055,10113100,0.0,0.0
2026-01-21 00:00:00-05:00,25.225381175164053,25.44525306850661,23.816197976652564,24.036069869995117,9649400,0.0,0.0
2026-01-22 00:00:00-05:00,24.08604247392426,24.615734295800237,23.636302336252236,24.096036911010742,5466700,0.0,0.0
2026-01-23 00:00:00-05:00,24.7456603337138,25.23537631867343,24.28592575408714,24.955537796020508,5780400,0.0,0.0
2026-01-26 00:00:00-05:00,25.95495801061681,26.464662857594845,25.275353454223367,25.415271759033203,8260200,0.0,0.0
2026-01-27 00:00:00-05:00,25.675123197564254,26.2447927998589,25.365301349171954,26.224803924560547,6107100,0.0,0.0
2026-01-28 00:00:00-05:00,26.744503322520902,27.084306578603474,26.164839280893702,27.06431770324707,8909200,0.0,0.0
2026-01-29 00:00:00-05:00,28.283607266369977,28.72335294261655,25.745079480467542,26.894412994384766,15319300,0.0,0.0
2026-01-30 00:00:00-05:00,24.99551413274068,25.415270939885133,23.32648134079058,23.666284561157227,9067300,0.0,0.0
2026-02-02 00:00:00-05:00,23.606320862876487,24.46582148114165,23.42642480832863,24.086042404174805,4816900,0.0,0.0
2026-02-03 00:00:00-05:00,25.445253229037366,26.254785467859314,25.09545746611374,26.24479103088379,9221200,0.0,0.0
2026-02-04 00:00:00-05:00,27.04432774283411,27.04432774283411,24.545775610851255,25.535202026367188,8399100,0.0,0.0
2026-02-05 00:00:00-05:00,24.385869493096678,25.135435165463857,23.38644859660711,23.486391067504883,7037500,0.0,0.0
2026-02-06 00:00:00-05:00,24.465822047858293,24.80562529070999,24.14600767958469,24.71567726135254,4690500,0.0,0.0
2026-02-09 00:00:00-05:00,24.935551610086254,25.984942767026233,24.83560914127196,25.894994735717773,4059900,0.0,0.0
2026-02-10 00:00:00-05:00,25.53520090863736,25.685115554989448,24.915561074525197,25.375293731689453,4372900,0.0,0.0
2026-02-11 00:00:00-05:00,26.41469383239746,26.514636300393896,25.405278527497124,26.41469383239746,6013200,0.0,0.0
2026-02-12 00:00:00-05:00,25.974946598366063,26.344733136460544,24.45582651111703,25.375293731689453,8815600,0.0,0.0
2026-02-13 00:00:00-05:00,24.865589982944996,26.18482711009968,24.69568836169171,26.084884643554688,5067700,0.0,0.0
2026-02-17 00:00:00-05:00,25.02549848121575,25.235375940376237,23.756233570478475,25.175411224365234,8169900,0.0,0.0
2026-02-18 00:00:00-05:00,25.60516258466372,25.745080891310003,24.385867948195376,24.91556167602539,6930900,0.0,0.0
2026-02-19 00:00:00-05:00,24.285924184026925,25.045484205342383,24.016082022255315,24.725669860839844,7144600,0.0,0.0
2026-02-20 00:00:00-05:00,23.736245118432,25.045485894374035,23.196556946005273,24.965532302856445,10162900,0.0,0.0
2026-02-23 00:00:00-05:00,24.83560831204263,26.304756263954435,24.625728943915817,26.044906616210938,7322900,0.0,0.0
2026-02-24 00:00:00-05:00,25.63514306715257,27.873845424150634,25.555189479625636,27.783897399902344,5729600,0.0,0.0
2026-02-25 00:00:00-05:00,28.243633260642127,28.43352375461902,27.623991499043626,27.693950653076172,5968900,0.0,0.0
2026-02-26 00:00:00-05:00,27.34415519355815,28.073731959963055,27.044327793413064,28.01376724243164,6635200,0.0,0.0
2026-02-27 00:00:00-05:00,28.023761852375834,28.513477845428106,27.69395113831115,28.3135929107666,11566300,0.0,0.0
2026-03-02 00:00:00-05:00,27.464083267260925,27.66396819078294,25.86500959781654,26.724512100219727,12034100,0.0,0.0
2026-03-03 00:00:00-05:00,25.025498647707206,25.325324136000877,23.64629682657081,24.925556182861328,5874000,0.0,0.0
2026-03-04 00:00:00-05:00,25.66512833808724,25.66512833808724,24.71567774570513,24.78563690185547,4438300,0.0,0.0
2026-03-05 00:00:00-05:00,23.98610019739071,24.315908998855072,22.58691140045838,23.026657104492188,6994200,0.0,0.0
2026-03-06 00:00:00-05:00,22.42700472837489,22.846761567625684,21.877322109269983,22.27709197998047,3772600,0.0,0.0
2026-03-09 00:00:00-04:00,21.397600121480515,22.536939273852234,20.508116180154804,22.486968994140625,7303300,0.0,0.0
2026-03-10 00:00:00-04:00,22.943848122506495,23.413721434262612,22.613936668116605,23.023826599121094,4827900,0.007,0.0
2026-03-11 00:00:00-04:00,22.613936497386423,22.92385285357354,22.054085258473673,22.503965377807617,4020200,0.0,0.0
2026-03-12 00:00:00-04:00,22.413989805223107,22.413989805223107,21.624200670232444,21.84414291381836,3418600,0.0,0.0
2026-03-13 00:00:00-04:00,21.824146983713685,21.824146983713685,20.574482126866044,20.724441528320312,5816300,0.0,0.0
2026-03-16 00:00:00-04:00,21.20431358774998,21.3542749046133,20.54449065816585,21.13433265686035,4788600,0.0,0.0
2026-03-17 00:00:00-04:00,21.224308374399765,21.384265330337307,20.864406176958962,21.204313278198242,2887700,0.0,0.0
2026-03-18 00:00:00-04:00,20.694451817125554,20.754435199310784,19.784695908827352,19.874670028686523,5983200,0.0,0.0
2026-03-19 00:00:00-04:00,18.88493589657812,18.894933444883392,17.49530909838043,18.645000457763672,10897600,0.0,0.0
2026-03-20 00:00:00-04:00,18.31508878697115,18.764968921508995,17.79522772191349,18.075153350830078,5560100,0.0,0.0
2026-03-23 00:00:00-04:00,18.47504428106699,19.05488868252351,18.26510150613625,18.844945907592773,6474200,0.0,0.0
2026-03-24 00:00:00-04:00,18.26510161354448,19.014900511570076,18.06515447800277,18.94491958618164,5170600,0.0,0.0
2026-03-25 00:00:00-04:00,19.97464298726307,20.364539726530666,19.644731535167274,20.014633178710938,6362800,0.0,0.0
2026-03-26 00:00:00-04:00,19.52476542483442,19.794691598749186,18.76496892355293,18.81495475769043,5086900,0.0,0.0
2026-03-27 00:00:00-04:00,18.734975834345274,19.66472681920147,18.595013976612012,19.474777221679688,5526100,0.0,0.0
2026-03-30 00:00:00-04:00,19.994637396490038,20.03462758656488,18.814953485003173,19.044891357421875,4793900,0.0,0.0
2026-03-31 00:00:00-04:00,19.594745152106416,21.064350323450437,19.554754961782223,20.89439582824707,6951500,0.0,0.0
2026-04-01 00:00:00-04:00,21.664191017130427,22.254033008860873,21.344277104362185,21.994102478027344,6927700,0.0,0.0
2026-04-02 00:00:00-04:00,20.574481978078545,21.73417080429971,20.574481978078545,21.634197235107422,5740700,0.0,0.0
2026-04-06 00:00:00-04:00,21.624199796347522,21.93411805308727,21.334278541751562,21.73417091369629,3980300,0.0,0.0
2026-04-07 00:00:00-04:00,21.734171022091065,21.874132876260443,21.124333960060643,21.834144592285156,5708000,0.0,0.0
2026-04-08 00:00:00-04:00,23.76362687270228,24.403454655683884,23.393725243892785,23.773624420166016,7606000,0.0,0.0
2026-04-09 00:00:00-04:00,23.553682993622534,24.133527418451397,23.133795519999065,23.463706970214844,4630300,0.0,0.0
2026-04-10 00:00:00-04:00,23.98356779645907,24.413452813969464,23.893591773871442,24.323476791381836,4163100,0.0,0.0
2026-04-13 00:00:00-04:00,23.883594684185272,24.61340042659603,23.623664159151442,24.40345573425293,3667100,0.0,0.0
2026-04-14 00:00:00-04:00,24.993297431515256,25.42318245243128,24.783354648372416,25.213237762451172,4294600,0.0,0.0
2026-04-15 00:00:00-04:00,25.02329047505467,25.523156431678586,24.58340789931118,24.873329162597656,4277700,0.0,0.0
2026-04-16 00:00:00-04:00,24.94331127702482,25.22323498426426,24.573409640810528,24.913318634033203,3109000,0.0,0.0
2026-04-17 00:00:00-04:00,25.70310573049436,26.392921261903364,25.2932158120663,25.87306022644043,5752400,0.0,0.0
2026-04-20 00:00:00-04:00,25.303214262444698,26.013024914427398,25.123262212453668,25.663118362426758,5087300,0.0,0.0
2026-04-21 00:00:00-04:00,25.473169158271816,25.58314028093034,23.723638278058026,23.84360694885254,7099600,0.0,0.0
2026-04-22 00:00:00-04:00,24.593406007512776,24.763360512910037,24.113535135863096,24.683382034301758,4401400,0.0,0.0
2026-04-23 00:00:00-04:00,24.203508941231796,25.243231056463078,23.213774566254315,24.013561248779297,6030800,0.0,0.0
2026-04-24 00:00:00-04:00,24.313478884401167,24.353469074665757,23.763627116123626,24.34347152709961,4011300,0.0,0.0
2026-04-27 00:00:00-04:00,24.393458186347324,24.583407782879217,23.843606399400144,24.40345573425293,3531500,0.0,0.0
2026-04-28 00:00:00-04:00,23.793618666259007,23.913587334321164,22.573946424007296,22.973838806152344,4544800,0.0,0.0
2026-04-29 00:00:00-04:00,22.84387432294178,22.883862607432917,22.20404460954812,22.453977584838867,3972700,0.0,0.0
2026-04-30 00:00:00-04:00,23.223772305916484,23.483702836868904,22.513963549991956,23.103805541992188,4523300,0.0,0.0
2026-05-01 00:00:00-04:00,23.973570112504067,24.27349082170414,22.793886184692383,22.793886184692383,6099600,0.0,0.0
2026-05-04 00:00:00-04:00,22.294020658796136,22.803884157795125,21.734171327416522,21.764163970947266,5428200,0.0,0.0
2026-05-05 00:00:00-04:00,22.643926287863408,22.923851895622136,22.21404128220569,22.34400749206543,8087900,0.0,0.0
2026-05-06 00:00:00-04:00,23.753629188476225,24.68338012204155,23.59367224365178,23.99356460571289,5127800,0.0,0.0
2026-05-07 00:00:00-04:00,24.523424967401013,24.883327166109893,23.74363337433,23.84360694885254,4725000,0.0,0.0
2026-05-08 00:00:00-04:00,24.64339067479901,25.18324680997257,24.363466966342127,25.01329231262207,3890300,0.0,0.0
2026-05-11 00:00:00-04:00,25.433180680973273,26.34293657928413,25.3132120110825,25.4931640625,4796800,0.0,0.0
2026-05-12 00:00:00-04:00,25.143256958566297,27.272686978047613,24.923316626547184,27.112730026245117,10198600,0.0,0.0
2026-05-13 00:00:00-04:00,27.402651564008355,28.412381024267027,27.012756728393423,27.732563018798828,9195500,0.0,0.0
2026-05-14 00:00:00-04:00,27.592600679665868,27.602598227434996,26.6528521645775,27.282684326171875,5701000,0.0,0.0
2026-05-15 00:00:00-04:00,25.743096449304357,25.783086640624003,24.73336700053059,24.94331169128418,6598800,0.0,0.0
2026-05-18 00:00:00-04:00,25.14325695258845,25.273223167670377,24.023558290237183,24.253496170043945,3793400,0.0,0.0
2026-05-19 00:00:00-04:00,23.943579493408667,24.283488488061245,23.14379283846961,23.953575134277344,4766800,0.0,0.0
2026-05-20 00:00:00-04:00,24.353470365549647,24.733367659014025,23.79361911319317,24.483434677124023,5229300,0.0,0.0
2026-05-21 00:00:00-04:00,23.95357447452385,25.223234395647804,23.823610171600887,24.733366012573242,4124800,0.0,0.0
2026-05-22 00:00:00-04:00,24.993298081921996,25.12326239293957,24.05354954012728,24.383460998535156,3159000,0.0,0.0
2026-05-26 00:00:00-04:00,25.993029233225712,26.592868750744525,25.503160834189238,26.54288101196289,5958300,0.0,0.0
2026-05-27 00:00:00-04:00,25.893054961583022,26.98276284864027,25.773088205429076,26.582870483398438,7322200,0.0,0.0
2026-05-28 00:00:00-04:00,26.28295266267137,28.642318658674707,26.172981543080137,28.222431182861328,8906700,0.0,0.0
2026-05-29 00:00:00-04:00,28.122457096955195,29.262152742946807,27.742559819516156,29.15218162536621,5319700,0.0,0.0
2026-06-01 00:00:00-04:00,29.19217184174303,30.891714904295263,28.762286825554085,30.581798553466797,8900800,0.0,0.0
2026-06-02 00:00:00-04:00,31.051671720040748,32.141381530771106,30.71176272762433,31.8614559173584,6890500,0.0,0.0
2026-06-03 00:00:00-04:00,31.48155776498583,31.48155776498583,30.091931013745032,30.321868896484375,6073600,0.0,0.0
2026-06-04 00:00:00-04:00,29.87198779542312,30.39184883170878,29.602061636476968,30.11192512512207,4902900,0.0,0.0
2026-06-05 00:00:00-04:00,28.352396895689616,28.662313246419245,25.59313666165107,25.653120040893555,10245500,0.0,0.0
2026-06-08 00:00:00-04:00,26.382924353798174,26.572873949598076,25.863065212571136,26.10300064086914,4634500,0.0,0.0
2026-06-09 00:00:00-04:00,26.670000076293945,26.790000915527344,24.1299991607666,25.59000015258789,7060500,0.007,0.0
2026-06-10 00:00:00-04:00,24.969999313354492,25.729999542236328,24.6299991607666,24.68000030517578,8558900,0.0,0.0
2026-06-11 00:00:00-04:00,25.329999923706055,26.670000076293945,24.799999237060547,26.639999389648438,5977200,0.0,0.0
2026-06-12 00:00:00-04:00,26.799999237060547,28.110000610351562,26.6200008392334,27.81999969482422,6400000,0.0,0.0
2026-06-15 00:00:00-04:00,29.110000610351562,30.020000457763672,28.520000457763672,28.75,6805800,0.0,0.0
2026-06-16 00:00:00-04:00,28.81999969482422,29.399999618530273,28.469999313354492,29.100000381469727,3583900,0.0,0.0
2026-06-17 00:00:00-04:00,29.489999771118164,29.950000762939453,28.100000381469727,28.170000076293945,5318900,0.0,0.0
2026-06-18 00:00:00-04:00,28.5,28.649999618530273,27.229999542236328,27.59000015258789,3653600,0.0,0.0
2026-06-22 00:00:00-04:00,27.329999923706055,27.93000030517578,26.899999618530273,27.90999984741211,3705000,0.0,0.0
2026-06-23 00:00:00-04:00,26.06999969482422,26.06999969482422,24.940000534057617,25.360000610351562,5759900,0.0,0.0
2026-06-24 00:00:00-04:00,24.440000534057617,24.440000534057617,22.520000457763672,22.989999771118164,7946400,0.0,0.0
2026-06-25 00:00:00-04:00,23.790000915527344,24.049999237060547,23.059999465942383,23.530000686645508,5137600,0.0,0.0
2026-06-26 00:00:00-04:00,23.260000228881836,23.979999542236328,23.079999923706055,23.299999237060547,6186500,0.0,0.0
2026-06-29 00:00:00-04:00,23.139999389648438,23.84000015258789,22.540000915527344,23.68000030517578,6899000,0.0,0.0
2026-06-30 00:00:00-04:00,24.0,24.010000228881836,23.229999542236328,23.610000610351562,3878500,0.0,0.0
2026-07-01 00:00:00-04:00,22.940000534057617,23.3700008392334,22.530000686645508,22.59000015258789,3464500,0.0,0.0
2026-07-02 00:00:00-04:00,23.3700008392334,23.969999313354492,22.290000915527344,22.59000015258789,5121300,0.0,0.0
2026-07-06 00:00:00-04:00,23.299999237060547,23.40999984741211,22.639999389648438,23.34000015258789,3792700,0.0,0.0
2026-07-07 00:00:00-04:00,22.690000534057617,22.84000015258789,21.34000015258789,21.549999237060547,5687000,0.0,0.0
2026-07-08 00:00:00-04:00,20.899999618530273,21.260000228881836,19.700000762939453,20.59000015258789,4860500,0.0,0.0
2026-07-09 00:00:00-04:00,21.290000915527344,21.600000381469727,21.020000457763672,21.579999923706055,4577800,0.0,0.0
2026-07-10 00:00:00-04:00,21.3799991607666,21.709999084472656,21.09000015258789,21.639999389648438,3043400,0.0,0.0
2026-07-13 00:00:00-04:00,21.209999084472656,21.6299991607666,20.65999984741211,20.8700008392334,4976500,0.0,0.0
2026-07-14 00:00:00-04:00,22.219999313354492,22.790000915527344,22.200000762939453,22.5,5962900,0.0,0.0
2026-07-15 00:00:00-04:00,22.65999984741211,22.84000015258789,21.549999237060547,21.979999542236328,3208058,0.0,0.0
