Date,Open,High,Low,Close,Volume,Dividends,Stock Splits
2022-01-03 00:00:00-05:00,104.49693723813799,105.69021547639412,102.98066629110431,104.68534851074219,5475700,0.0,0.0
2022-01-04 00:00:00-05:00,104.88273416022301,105.01731559698118,102.4333739155322,102.49617767333984,8367600,0.0,0.0
2022-01-05 00:00:00-05:00,102.63972766138772,103.14215769756305,99.05092604277344,99.0868148803711,8662300,0.0,0.0
2022-01-06 00:00:00-05:00,98.69205102756563,100.37878543543845,98.68307710629979,99.71485900878906,6099900,0.0,0.0
2022-01-07 00:00:00-05:00,97.09504543996316,98.43187235417756,96.4311189439576,96.5118637084961,11266400,0.0,0.0
2022-01-10 00:00:00-05:00,95.65950926700944,96.00941687596791,93.6856642767583,95.13015747070312,8499400,0.0,0.0
2022-01-11 00:00:00-05:00,95.1391583922401,95.25579201329543,93.04867922074793,93.34475708007812,13073200,0.0,0.0
2022-01-12 00:00:00-05:00,93.70363430069874,94.49316837664975,93.0217599175471,93.19223022460938,11810500,0.0,0.0
2022-01-13 00:00:00-05:00,93.44342997938244,93.90997121024182,91.59519236324456,91.87332916259766,9818500,0.0,0.0
2022-01-14 00:00:00-05:00,91.43370266632566,91.43370266632566,88.9035907839399,89.82771301269531,13703200,0.0,0.0
2022-01-18 00:00:00-05:00,88.97536700883663,89.14583728481561,87.48601782086551,87.68340301513672,11396000,0.0,0.0
2022-01-19 00:00:00-05:00,87.87179291489193,88.27553028126505,86.83103736009834,86.91178894042969,10856800,0.0,0.0
2022-01-20 00:00:00-05:00,87.46807731876284,88.76902218786127,85.76339495120783,85.88003540039062,20311500,0.0,0.0
2022-01-21 00:00:00-05:00,86.04154459966858,88.29352017123787,85.65574804234872,86.40939331054688,13438300,0.0,0.0
2022-01-24 00:00:00-05:00,85.00975273450803,88.23967336912165,84.70470783092259,88.01537322998047,17201400,0.0,0.0
2022-01-25 00:00:00-05:00,86.73237805422657,88.00640122954549,85.35068834553388,87.03742980957031,12368500,0.0,0.0
2022-01-26 00:00:00-05:00,87.65647792083223,88.4998485024537,85.14432086264068,85.7544174194336,11863000,0.0,0.0
2022-01-27 00:00:00-05:00,86.68751203279372,87.18096818513051,85.28787464239073,85.52114868164062,7322200,0.0,0.0
2022-01-28 00:00:00-05:00,85.28787550757178,87.22583183159053,84.14843390888967,87.21685791015625,8345400,0.0,0.0
2022-01-31 00:00:00-05:00,87.05537135340495,88.28453861465746,86.50807845092075,88.21276092529297,8807700,0.0,0.0
2022-02-01 00:00:00-05:00,88.30247693851726,88.8497698244162,86.8490164209667,88.60752868652344,11601900,0.0,0.0
2022-02-02 00:00:00-05:00,85.95180587234321,88.95742601167389,85.00076874040887,87.68340301513672,15578800,0.0,0.0
2022-02-03 00:00:00-05:00,86.88489811592265,87.4501388441927,85.83517511355967,86.07742309570312,8901100,0.0,0.0
2022-02-04 00:00:00-05:00,85.60191008656923,86.07742529577135,84.18433153623666,85.23405456542969,8267600,0.0,0.0
2022-02-07 00:00:00-05:00,85.5480742907841,86.22994865105528,85.1263889212098,85.40452575683594,6849000,0.0,0.0
2022-02-08 00:00:00-05:00,85.49423624064329,86.15816269226298,84.65086558243951,85.16226959228516,7161000,0.0,0.0
2022-02-09 00:00:00-05:00,86.35555416481456,87.89874022796236,86.31069139863817,87.14508819580078,9353700,0.0,0.0
2022-02-10 00:00:00-05:00,86.0810188252981,87.2983794494283,85.64818285573361,85.94575500488281,9098800,0.49,0.0
2022-02-11 00:00:00-05:00,86.19825186182031,87.00982798040818,84.18735385222388,84.52100372314453,6924800,0.0,0.0
2022-02-14 00:00:00-05:00,84.53902612430105,85.20631891083053,83.3396974891981,84.4488525390625,7948500,0.0,0.0
2022-02-15 00:00:00-05:00,85.80148448630936,86.08102468902014,85.08910140474573,85.224365234375,7722200,0.0,0.0
2022-02-16 00:00:00-05:00,85.07104853533417,86.16217153596261,84.00699067981772,85.82852172851562,6545800,0.0,0.0
2022-02-17 00:00:00-05:00,85.14319899494734,85.3325655929642,83.66433014203145,83.90780639648438,6578200,0.0,0.0
2022-02-18 00:00:00-05:00,83.46594031071947,84.80955216071276,83.43888892363833,84.16930389404297,6210600,0.0,0.0
2022-02-22 00:00:00-05:00,84.40376948360341,84.80054154815579,83.28560179599708,83.9619140625,8622500,0.0,0.0
2022-02-23 00:00:00-05:00,84.6562550963913,84.6562550963913,80.65249130826834,80.84185791015625,9674800,0.0,0.0
2022-02-24 00:00:00-05:00,78.90309411718452,82.23956505936107,78.67765670542113,82.0682373046875,9260500,0.0,0.0
2022-02-25 00:00:00-05:00,82.32976247462022,83.67336779895187,81.4099737926067,83.48400115966797,7039400,0.0,0.0
2022-02-28 00:00:00-05:00,82.32071641606399,83.24049792068794,81.71654587480103,82.77159118652344,8591500,0.0,0.0
2022-03-01 00:00:00-05:00,82.5010749668476,82.51911381284708,80.84185888470192,81.2837142944336,7100700,0.0,0.0
2022-03-02 00:00:00-05:00,81.85180482858914,84.11519815867771,81.68948963201301,83.65530395507812,10721100,0.0,0.0
2022-03-03 00:00:00-05:00,84.29556353463984,84.31359550121613,82.13136291586706,82.53714752197266,6587400,0.0,0.0
2022-03-04 00:00:00-05:00,82.0321483300346,82.20348292657584,80.6614853173092,81.18450164794922,7179800,0.0,0.0
2022-03-07 00:00:00-05:00,81.19353831823364,81.20255774096837,76.06258067096988,76.16177368164062,14608700,0.0,0.0
2022-03-08 00:00:00-05:00,76.43230279551477,78.38007847565487,75.53055313920083,75.7469711303711,10692000,0.0,0.0
2022-03-09 00:00:00-05:00,78.00134759844336,79.47119710536086,77.84805180344911,78.99327087402344,8811600,0.0,0.0
2022-03-10 00:00:00-05:00,77.63163299967492,78.77685903965227,77.18977754667337,78.59651184082031,9114300,0.0,0.0
2022-03-11 00:00:00-05:00,79.66959012544906,80.08439419054199,74.43042620787857,74.60176086425781,15351700,0.0,0.0
2022-03-14 00:00:00-04:00,74.23203340152646,74.25006536801732,71.16608311277601,71.4997329711914,18199300,0.0,0.0
2022-03-15 00:00:00-04:00,72.59083632828975,75.24198211746855,72.39245033320796,74.95342254638672,12542300,0.0,0.0
2022-03-16 00:00:00-04:00,79.36298595689959,81.23861993724275,77.20780491618031,78.82193756103516,21207900,0.0,0.0
2022-03-17 00:00:00-04:00,78.86701686807322,79.3088722327172,77.5594827384968,79.04737091064453,8554200,0.0,0.0
2022-03-18 00:00:00-04:00,77.65867589018762,80.93202437131787,76.63068192488049,80.79676055908203,23784200,0.0,0.0
2022-03-21 00:00:00-04:00,80.80577712542029,80.90497012556744,77.52340933819566,78.32596588134766,11925300,0.0,0.0
2022-03-22 00:00:00-04:00,78.81292059986497,80.34589224932371,78.58748318789728,79.25477600097656,8447400,0.0,0.0
2022-03-23 00:00:00-04:00,78.77684963703376,79.09246063722144,77.64064315655433,77.74885559082031,7670500,0.0,0.0
2022-03-24 00:00:00-04:00,78.29891660451162,78.58747619094652,77.15369080098955,78.5604248046875,6163400,0.0,0.0
2022-03-25 00:00:00-04:00,78.80387606070936,79.05636478087149,77.74883096011695,78.85797882080078,7048100,0.0,0.0
2022-03-28 00:00:00-04:00,78.88505564429884,79.73269556434258,78.2267754291362,79.69662475585938,5981000,0.0,0.0
2022-03-29 00:00:00-04:00,80.88691168705304,82.87076432960211,80.85084776828428,82.26659393310547,8963200,0.0,0.0
2022-03-30 00:00:00-04:00,81.83377677495943,82.54615978954101,81.51816578870266,82.08626556396484,8122100,0.0,0.0
2022-03-31 00:00:00-04:00,82.34776886538766,83.52905857771576,82.03215789794922,82.03215789794922,11306100,0.0,0.0
2022-04-01 00:00:00-04:00,82.51007990725645,82.86176166467365,81.59029843704288,82.50106048583984,6516300,0.0,0.0
2022-04-04 00:00:00-04:00,79.25476484723984,79.76876179899784,77.71277399196583,79.43511199951172,16243100,0.0,0.0
2022-04-05 00:00:00-04:00,78.05544317886556,78.10955283313497,75.58465120107117,75.85517883300781,17525800,0.0,0.0
2022-04-06 00:00:00-04:00,75.43136144091316,75.64777943585422,74.00659530795954,75.16985321044922,10567000,0.0,0.0
2022-04-07 00:00:00-04:00,74.8361907057641,75.296084887108,73.44749561999438,74.95342254638672,10869100,0.0,0.0
2022-04-08 00:00:00-04:00,75.01655487650955,75.01655487650955,73.34831253592294,73.51062774658203,9286800,0.0,0.0
2022-04-11 00:00:00-04:00,72.93350573881796,73.70901095123699,72.40147677298353,72.75315856933594,8623200,0.0,0.0
2022-04-12 00:00:00-04:00,72.88842005731789,73.28518519346106,71.82435527984597,71.95059967041016,8472500,0.0,0.0
2022-04-13 00:00:00-04:00,72.03175359081754,73.32125575855589,71.78828423262506,72.96957397460938,8604400,0.0,0.0
2022-04-14 00:00:00-04:00,72.816273815227,73.11385280828712,71.4636495338296,71.6890869140625,9567200,0.0,0.0
2022-04-18 00:00:00-04:00,71.2742887859603,72.11291618416809,71.13000554851217,71.77926635742188,7797300,0.0,0.0
2022-04-19 00:00:00-04:00,71.7973066703224,73.52866427628709,71.6079400771516,73.24010467529297,8622100,0.0,0.0
2022-04-20 00:00:00-04:00,73.32126032577285,73.51062692278569,72.13997051020543,72.29326629638672,8368800,0.0,0.0
2022-04-21 00:00:00-04:00,73.08680087008109,73.21304525167147,70.99474227255104,71.20214080810547,8152500,0.0,0.0
2022-04-22 00:00:00-04:00,71.13901850156165,71.67105429151503,70.13807599215018,70.26432037353516,10315500,0.0,0.0
2022-04-25 00:00:00-04:00,69.77738798476669,70.40861689066733,69.19125619473594,70.31844329833984,10259000,0.0,0.0
2022-04-26 00:00:00-04:00,69.87658051030985,69.95774155869839,68.19932556152344,68.19932556152344,8800500,0.0,0.0
2022-04-27 00:00:00-04:00,67.97387049660475,68.92071016311839,67.34264863879716,67.3967514038086,8467300,0.0,0.0
2022-04-28 00:00:00-04:00,68.19031325948062,69.52489893282144,67.50498157652491,69.05599212646484,8818500,0.0,0.0
2022-04-29 00:00:00-04:00,68.55099914660987,69.22731132275156,67.16231086582573,67.30658721923828,9199300,0.0,0.0
2022-05-02 00:00:00-04:00,67.85666183178142,68.28048527223028,66.25154853971854,67.96487426757812,12379000,0.0,0.0
2022-05-03 00:00:00-04:00,68.28047753709718,68.34359973087683,66.1703799968287,67.02704620361328,15570100,0.0,0.0
2022-05-04 00:00:00-04:00,71.51776468008691,74.72799820841774,70.26433317946307,73.61884307861328,30199700,0.0,0.0
2022-05-05 00:00:00-04:00,72.52771988195732,73.24010288444961,69.55194347962785,69.86756134033203,19114700,0.0,0.0
2022-05-06 00:00:00-04:00,69.46177105650665,69.61506683838945,67.82058704861115,69.00187683105469,11165800,0.0,0.0
2022-05-09 00:00:00-04:00,67.84764665764887,69.02894346304278,66.12530827880173,66.26958465576172,12863600,0.0,0.0
2022-05-10 00:00:00-04:00,67.49594989040638,67.67630392147142,64.57428338518098,64.79972076416016,14085900,0.0,0.0
2022-05-11 00:00:00-04:00,64.52018266722907,64.88087698122203,63.08639731383575,63.176570892333984,12118100,0.0,0.0
2022-05-12 00:00:00-04:00,62.79517029542229,63.59429648730248,62.105011763009,63.47624588012695,15460600,0.49,0.0
2022-05-13 00:00:00-04:00,65.2742984206571,68.77049286869293,65.2742984206571,68.65243530273438,18156300,0.0,0.0
2022-05-16 00:00:00-04:00,68.05308967569646,68.5071401658129,65.66477966359712,65.7646713256836,11435300,0.0,0.0
2022-05-17 00:00:00-04:00,67.2085404865688,67.51729142537226,66.14605731135552,66.9451904296875,12454500,0.0,0.0
2022-05-18 00:00:00-04:00,66.42756667327602,66.78172538712434,64.2753655498252,64.72941589355469,10576500,0.0,0.0
2022-05-19 00:00:00-04:00,64.56597669094924,65.7646696776882,63.8667420021267,65.3197021484375,11193700,0.0,0.0
2022-05-20 00:00:00-04:00,66.1824048350346,66.68186320500914,64.89290295216044,66.64553833007812,15941800,0.0,0.0
2022-05-23 00:00:00-04:00,66.95428363454491,67.44465203267798,65.90088324564233,66.67276763916016,10741900,0.0,0.0
2022-05-24 00:00:00-04:00,66.26411167032265,66.59102848883234,64.72033626552495,66.0370864868164,9227700,0.0,0.0
2022-05-25 00:00:00-04:00,66.03709509669999,66.74541265306814,65.3196945918949,65.81915283203125,8344400,0.0,0.0
2022-05-26 00:00:00-04:00,66.24595589251444,67.89869920370687,66.17331308817553,67.6444320678711,8940900,0.0,0.0
2022-05-27 00:00:00-04:00,68.31642278369165,69.6694909674736,68.24377306057691,69.66040802001953,8498400,0.0,0.0
2022-05-31 00:00:00-04:00,69.89653343013576,72.33932727957026,69.51513268191302,71.28592681884766,23361800,0.0,0.0
2022-06-01 00:00:00-04:00,71.5129380650783,71.63098867501239,69.06106867415076,69.26992797851562,7579000,0.0,0.0
2022-06-02 00:00:00-04:00,69.50604043392487,72.19401813955356,68.87944862548186,72.12136840820312,10241500,0.0,0.0
2022-06-03 00:00:00-04:00,71.73997731160028,72.55726957801748,71.12246836900293,71.78538513183594,10415700,0.0,0.0
2022-06-06 00:00:00-04:00,72.37563619046092,73.82860311749565,71.3131598408811,71.72180938720703,7239400,0.0,0.0
2022-06-07 00:00:00-04:00,71.34950146686828,72.42106101672265,71.06799234955224,72.16679382324219,5517100,0.0,0.0
2022-06-08 00:00:00-04:00,71.64915826319077,72.43920156653753,71.06797427497213,71.25867462158203,5178300,0.0,0.0
2022-06-09 00:00:00-04:00,70.80463179595415,72.8932598126685,70.58668950904926,71.65824890136719,13248100,0.0,0.0
2022-06-10 00:00:00-04:00,69.94192289431078,70.6411644133975,68.70691213922443,68.71598815917969,8694300,0.0,0.0
2022-06-13 00:00:00-04:00,66.373084265915,67.20854226889597,65.30153197111498,65.71017456054688,9282800,0.0,0.0
2022-06-14 00:00:00-04:00,66.1551396510596,67.05415747266176,64.95644691283707,65.66476440429688,7635600,0.0,0.0
2022-06-15 00:00:00-04:00,66.51839973069339,68.35276074309134,66.39126614212427,67.37201690673828,7682300,0.0,0.0
2022-06-16 00:00:00-04:00,65.77374075812958,65.93719917810931,63.884889444643534,64.42974853515625,10147000,0.0,0.0
2022-06-17 00:00:00-04:00,64.54782002863575,65.78283792923258,64.26630401053306,65.26522064208984,9824300,0.0,0.0
2022-06-21 00:00:00-04:00,66.34583645744193,66.44572809100995,65.41049382335834,66.2550277709961,7872500,0.0,0.0
2022-06-22 00:00:00-04:00,65.71927043766594,67.03601408778027,65.5830539049705,66.56380462646484,6702200,0.0,0.0
2022-06-23 00:00:00-04:00,67.07232520246143,68.43447639352968,66.75449131019735,68.28917694091797,6586400,0.0,0.0
2022-06-24 00:00:00-04:00,68.7069034550226,70.96807229653169,68.60701182206456,70.93174743652344,18012000,0.0,0.0
2022-06-27 00:00:00-04:00,70.83186702224674,71.23143361736406,70.16895034655296,70.54127502441406,6672200,0.0,0.0
2022-06-28 00:00:00-04:00,71.18604233824917,72.54819394354021,69.18822275512684,69.32443237304688,7206400,0.0,0.0
2022-06-29 00:00:00-04:00,69.20637512237037,70.05999226391891,68.68875783889662,69.40615844726562,8983900,0.0,0.0
2022-06-30 00:00:00-04:00,69.02475142231447,69.81479477206818,67.98951694947439,69.36982727050781,6781100,0.0,0.0
2022-07-01 00:00:00-04:00,69.67858021163364,72.16677456296516,69.5060388357087,71.97607421875,7539200,0.0,0.0
2022-07-05 00:00:00-04:00,70.85004470148348,72.23944520280965,70.25070157878926,72.21219635009766,8087800,0.0,0.0
2022-07-06 00:00:00-04:00,72.49369001836816,73.0748739880655,70.9953222818868,71.61283111572266,4652800,0.0,0.0
2022-07-07 00:00:00-04:00,71.56744775597316,72.33025630699228,71.16788797045056,71.95793151855469,5395600,0.0,0.0
2022-07-08 00:00:00-04:00,71.45847116267424,72.31208140645609,71.07706347049414,71.99424743652344,3927100,0.0,0.0
2022-07-11 00:00:00-04:00,71.60374367250348,71.78536798179408,70.31424225370567,70.74105072021484,5351500,0.0,0.0
2022-07-12 00:00:00-04:00,71.15878122869883,72.13953178285927,70.2688393714215,70.61392211914062,5393400,0.0,0.0
2022-07-13 00:00:00-04:00,69.00657395699669,71.32223363759249,68.77047275067015,70.75920867919922,3897500,0.0,0.0
2022-07-14 00:00:00-04:00,70.0055037208931,71.16787883651325,69.75123654594087,71.01349639892578,4504500,0.0,0.0
2022-07-15 00:00:00-04:00,71.3858099556638,72.83876996222969,71.3858099556638,72.30299377441406,5584100,0.0,0.0
2022-07-18 00:00:00-04:00,72.67530926841505,74.16459409486372,72.6480673516797,72.85693359375,6768800,0.0,0.0
2022-07-19 00:00:00-04:00,73.65606238386994,75.07269752910258,73.47444498052313,74.96372985839844,5949200,0.0,0.0
2022-07-20 00:00:00-04:00,74.90016770299756,75.7991856831625,74.36438455197303,75.61756134033203,6850600,0.0,0.0
2022-07-21 00:00:00-04:00,75.32695650312762,75.92630634009794,75.0545304276258,75.86273956298828,7695300,0.0,0.0
2022-07-22 00:00:00-04:00,76.42576619385912,76.67095035995024,75.22706649394046,75.90814208984375,6283600,0.0,0.0
2022-07-25 00:00:00-04:00,75.90815094509877,76.00804259841176,73.59249780584481,74.01022338867188,5861100,0.0,0.0
2022-07-26 00:00:00-04:00,73.75595582880942,73.93757323657533,72.64807162796141,72.92958068847656,6587000,0.0,0.0
2022-07-27 00:00:00-04:00,73.76504121977824,75.74470151431021,73.66514956372193,75.33605194091797,6372600,0.0,0.0
2022-07-28 00:00:00-04:00,75.54491531835474,77.08868406132206,75.20891549460445,76.88890075683594,5594600,0.0,0.0
2022-07-29 00:00:00-04:00,76.82531875555418,77.17040145977748,76.21689294204064,76.98877716064453,5802700,0.0,0.0
2022-08-01 00:00:00-04:00,76.453000793596,77.72433624169082,76.30770135480883,77.1068344116211,7313700,0.0,0.0
2022-08-02 00:00:00-04:00,76.91613825155274,77.3157048375457,75.93539461142569,76.01712036132812,7254700,0.0,0.0
2022-08-03 00:00:00-04:00,78.10575971663702,79.8856366348375,76.19874922772652,79.24996185302734,12915700,0.0,0.0
2022-08-04 00:00:00-04:00,79.19547266660469,80.16714027896927,78.61428868883108,78.89579772949219,7086700,0.0,0.0
2022-08-05 00:00:00-04:00,77.87873575414807,78.2328945537533,77.1159273892798,77.85149383544922,4835100,0.0,0.0
2022-08-08 00:00:00-04:00,78.23288320782747,78.87763392714729,77.56996659316958,77.84239959716797,4878400,0.0,0.0
2022-08-09 00:00:00-04:00,77.86057379882725,77.94230648732261,76.69820568708315,77.04328155517578,3498400,0.0,0.0
2022-08-10 00:00:00-04:00,78.55070892328678,78.91395058141609,78.1783843184332,78.5416259765625,5072300,0.0,0.0
2022-08-11 00:00:00-04:00,79.40013970914974,79.95723807957161,78.99829643402943,79.7015151977539,5595700,0.49,0.0
2022-08-12 00:00:00-04:00,79.73803123011501,80.73350451856638,79.62844269879778,80.65130615234375,5154000,0.0,0.0
2022-08-15 00:00:00-04:00,80.46866311075016,81.50979608313267,80.3773370016831,81.42760467529297,5601000,0.0,0.0
2022-08-16 00:00:00-04:00,81.08056409698415,82.13083187928557,80.86138001899289,81.64679718017578,4580800,0.0,0.0
2022-08-17 00:00:00-04:00,80.73352512640501,81.28148882606716,80.24035570638814,80.68785858154297,3831300,0.0,0.0
2022-08-18 00:00:00-04:00,80.39559178688773,81.08054799132138,80.075946951699,80.87049865722656,3428300,0.0,0.0
2022-08-19 00:00:00-04:00,80.15814115766867,80.34080033255255,79.04395154568478,79.3818588256836,4597700,0.0,0.0
2022-08-22 00:00:00-04:00,77.97542647196322,78.13068853631898,77.02561952035629,77.58271789550781,5915200,0.0,0.0
2022-08-23 00:00:00-04:00,77.49137335051842,78.18546422081806,77.24479219497924,77.34525299072266,4560400,0.0,0.0
2022-08-24 00:00:00-04:00,77.40918529102855,78.98001929101132,77.1534694245634,78.58731079101562,4386000,0.0,0.0
2022-08-25 00:00:00-04:00,78.86130449794479,80.03029552602662,78.81564492300367,79.81111145019531,4236300,0.0,0.0
2022-08-26 00:00:00-04:00,79.92070052252834,80.35906863881547,76.67857135068897,76.7698974609375,6674900,0.0,0.0
2022-08-29 00:00:00-04:00,75.98448860974761,77.31787644134825,75.8383682110535,76.82470703125,5035500,0.0,0.0
2022-08-30 00:00:00-04:00,76.87948050119023,77.64662806410088,75.51870286636951,76.17626190185547,6812500,0.0,0.0
2022-08-31 00:00:00-04:00,76.5963852424489,77.40919952506003,76.39546360535653,76.77903747558594,6570100,0.0,0.0
2022-09-01 00:00:00-04:00,76.44111125100063,78.05761182972347,75.7378925986519,77.99368286132812,7556800,0.0,0.0
2022-09-02 00:00:00-04:00,78.05760112024628,78.3315793896073,75.39084027915514,75.74701690673828,10336800,0.0,0.0
2022-09-06 00:00:00-04:00,75.86576393399469,77.28134315698289,74.58717737254344,77.19001007080078,11062800,0.0,0.0
2022-09-07 00:00:00-04:00,77.7288291883057,80.93442611629425,77.55530472340713,80.65130615234375,9946800,0.0,0.0
2022-09-08 00:00:00-04:00,79.72891340830144,81.71985326495165,79.6010554607149,81.70158386230469,7721100,0.0,0.0
2022-09-09 00:00:00-04:00,81.73811017949937,82.14908113073801,80.95269314437812,80.99835968017578,7094600,0.0,0.0
2022-09-12 00:00:00-04:00,81.98469530415103,82.5417936225777,80.86137093388677,81.34540557861328,9078900,0.0,0.0
2022-09-13 00:00:00-04:00,79.19920529530127,81.55545635392293,78.60557518038318,80.2220687866211,16033600,0.0,0.0
2022-09-14 00:00:00-04:00,81.80202809259838,85.37293610309061,81.74723383123526,84.66057586669922,24320600,0.0,0.0
2022-09-15 00:00:00-04:00,84.10348354686074,85.07155969446374,83.77471098789772,84.22221374511719,11052400,0.0,0.0
2022-09-16 00:00:00-04:00,83.24501579589914,84.11262423954818,82.78837830603433,83.3911361694336,11987600,0.0,0.0
2022-09-19 00:00:00-04:00,83.00755343168481,84.52359307966208,82.9527591684635,84.1491470336914,6287000,0.0,0.0
2022-09-20 00:00:00-04:00,83.71079632674761,84.03956894189,82.28608247836338,82.91624450683594,6560000,0.0,0.0
2022-09-21 00:00:00-04:00,83.37287247139079,83.58292181161177,80.88876344935727,80.9161605834961,8806800,0.0,0.0
2022-09-22 00:00:00-04:00,80.3682034207432,80.38646585571699,77.06214527164146,77.3543930053711,9953000,0.0,0.0
2022-09-23 00:00:00-04:00,76.62376491403622,77.11693419237012,76.01187240800014,76.87034606933594,7153200,0.0,0.0
2022-09-26 00:00:00-04:00,76.99819658186321,78.56903036134118,76.97079945254991,77.454833984375,7583500,0.0,0.0
2022-09-27 00:00:00-04:00,78.51424679691522,78.99828139466928,75.95707420745052,76.97080993652344,8628800,0.0,0.0
2022-09-28 00:00:00-04:00,77.33613077524979,79.89330367795944,76.94342222878514,79.55538940429688,7850800,0.0,0.0
2022-09-29 00:00:00-04:00,79.28138646378622,79.76542101312955,78.18545944518749,79.06220245361328,6881500,0.0,0.0
2022-09-30 00:00:00-04:00,79.06220795920747,79.18093118804066,76.85208436941272,76.95254516601562,7737500,0.0,0.0
2022-10-03 00:00:00-04:00,77.40005125915748,78.74256653742823,76.53244285219597,78.1946029663086,6739900,0.0,0.0
2022-10-04 00:00:00-04:00,79.53710586322951,81.23579769549497,79.32705654300229,80.8339614868164,5982400,0.0,0.0
2022-10-05 00:00:00-04:00,80.1216100929054,82.77923643034534,79.95722033209323,82.30433654785156,7980800,0.0,0.0
2022-10-06 00:00:00-04:00,82.36826691852258,83.01669127287099,81.5189209677805,81.60111236572266,6893800,0.0,0.0
2022-10-07 00:00:00-04:00,80.86137766528073,81.1901572565656,78.8156434055251,79.48233032226562,6606400,0.0,0.0
2022-10-10 00:00:00-04:00,79.46406027894189,79.97549205298645,78.66037381374574,79.50971984863281,5092400,0.0,0.0
2022-10-11 00:00:00-04:00,79.19008942984907,79.63759231373841,78.2128852732616,78.73345184326172,5531300,0.0,0.0
2022-10-12 00:00:00-04:00,79.45492777456971,80.42299707869944,78.91609885026672,79.3362045288086,5261900,0.0,0.0
2022-10-13 00:00:00-04:00,77.71055486387324,82.16734066129958,77.3635129238008,81.61937713623047,7616600,0.0,0.0
2022-10-14 00:00:00-04:00,82.20388274126049,82.83403773817787,78.76083217140958,78.87956237792969,6315200,0.0,0.0
2022-10-17 00:00:00-04:00,80.27687241670375,81.48239511581649,80.19467404499359,81.19014739990234,6255300,0.0,0.0
2022-10-18 00:00:00-04:00,82.29519388015471,82.62397336994702,80.4412471263299,81.24492645263672,5484400,0.0,0.0
2022-10-19 00:00:00-04:00,80.72438429167698,81.40020590433045,79.46406718142008,79.9298324584961,6473400,0.0,0.0
2022-10-20 00:00:00-04:00,79.75630715183894,80.57825604259914,78.9708900970831,79.26313781738281,4540700,0.0,0.0
2022-10-21 00:00:00-04:00,79.45492724910434,81.25408016487002,79.0530840080542,80.92530059814453,9088800,0.0,0.0
2022-10-24 00:00:00-04:00,79.3636013035902,79.92069962792648,75.28126081478368,76.49591827392578,16499300,0.0,0.0
2022-10-25 00:00:00-04:00,76.8064166007577,78.54164027955048,76.8064166007577,77.82015228271484,10674000,0.0,0.0
2022-10-26 00:00:00-04:00,78.18546152154894,80.57824416923968,78.06673829783028,78.44117736816406,9987000,0.0,0.0
2022-10-27 00:00:00-04:00,78.66036892271738,78.90695706111006,76.78815945615341,77.88408660888672,9524600,0.0,0.0
2022-10-28 00:00:00-04:00,77.78363585931977,80.17641904555754,76.99821874352172,79.54625701904297,8284900,0.0,0.0
2022-10-31 00:00:00-04:00,79.08959429346183,79.97547194197587,78.49596429487406,79.08045959472656,7401100,0.0,0.0
2022-11-01 00:00:00-04:00,80.42300024808213,81.17188552503659,79.07135704954767,79.54625701904297,6219600,0.0,0.0
2022-11-02 00:00:00-04:00,79.70149375227585,80.89788855372096,77.19912259356416,77.24478912353516,7653200,0.0,0.0
2022-11-03 00:00:00-04:00,76.77900719725037,78.05759322819853,75.77440637569586,77.33610534667969,8855100,0.0,0.0
2022-11-04 00:00:00-04:00,84.00303575260112,85.48253676131556,82.66964814977518,83.89344024658203,20194300,0.0,0.0
2022-11-07 00:00:00-05:00,83.71990939658268,84.35007131467816,81.53718291729888,82.605712890625,10190200,0.0,0.0
2022-11-08 00:00:00-05:00,83.03494323487833,85.64690972316377,83.03494323487833,84.70623779296875,9675500,0.0,0.0
2022-11-09 00:00:00-05:00,84.14595450931915,85.05529098627646,83.8979491924711,84.16432189941406,6271200,0.53,0.0
2022-11-10 00:00:00-05:00,86.24018772595088,88.56405151433476,85.72581670781106,88.4170913696289,10408400,0.0,0.0
2022-11-11 00:00:00-05:00,88.87634353499134,90.63071992819393,88.70182181235708,89.4458236694336,8294400,0.0,0.0
2022-11-14 00:00:00-05:00,89.2162169703885,90.5297063259109,88.812071250999,89.48258972167969,8521100,0.0,0.0
2022-11-15 00:00:00-05:00,90.85116850163604,91.42064862271879,89.36315781461167,89.85916137695312,6410000,0.0,0.0
2022-11-16 00:00:00-05:00,88.65589624472364,89.97857249293745,88.41708515040206,89.16108703613281,5348900,0.0,0.0
2022-11-17 00:00:00-05:00,87.45263321831348,89.10597854118821,87.35159505926119,89.0692367553711,5245600,0.0,0.0
2022-11-18 00:00:00-05:00,89.78568893785271,90.33680173949591,89.21620173841303,89.96939086914062,5964800,0.0,0.0
2022-11-21 00:00:00-05:00,89.0876192016006,90.465404867604,88.82124646523965,90.30925750732422,4499200,0.0,0.0
2022-11-22 00:00:00-05:00,90.47458232688705,90.68584585635251,89.5744260385874,90.41028594970703,5398600,0.0,0.0
2022-11-23 00:00:00-05:00,90.46539783934395,91.92585417589038,90.26332150278459,91.4114761352539,5944900,0.0,0.0
2022-11-25 00:00:00-05:00,91.52170287876638,91.74214660933644,90.49295378980631,91.4482192993164,2320000,0.0,0.0
2022-11-28 00:00:00-05:00,90.92465135353835,91.99932931688241,90.52968591588039,90.62154388427734,5257300,0.0,0.0
2022-11-29 00:00:00-05:00,90.8970967661309,91.23695302897396,90.19901685143286,90.62154388427734,4423900,0.0,0.0
2022-11-30 00:00:00-05:00,90.97977160781552,94.20378461879699,90.49294817997347,93.87311553955078,15000800,0.0,0.0
2022-12-01 00:00:00-05:00,93.99253417063582,95.12231442453754,93.6434906712354,94.94779968261719,7452300,0.0,0.0
2022-12-02 00:00:00-05:00,93.70779563042265,96.94100335278736,93.52409367228442,96.49092864990234,7916900,0.0,0.0
2022-12-05 00:00:00-05:00,94.96615389383142,95.74689754775765,94.60793025252669,95.11312103271484,9285800,0.0,0.0
2022-12-06 00:00:00-05:00,95.36113834701065,95.70099466765502,93.17505427827788,93.76290893554688,8383000,0.0,0.0
2022-12-07 00:00:00-05:00,93.0372770939851,94.58039736743608,92.82601353531041,93.57002258300781,4194300,0.0,0.0
2022-12-08 00:00:00-05:00,94.36911976388001,95.4437977822149,94.0568250802435,95.28764343261719,5465100,0.0,0.0
2022-12-09 00:00:00-05:00,95.00291469100739,95.06721107519148,93.45979446280901,93.49653625488281,7999600,0.0,0.0
2022-12-12 00:00:00-05:00,92.8903002579391,94.47016216018724,92.60556015036406,94.33238220214844,5796000,0.0,0.0
2022-12-13 00:00:00-05:00,96.27964931596826,96.62868578235474,92.76170203255809,93.79045104980469,7066000,0.0,0.0
2022-12-14 00:00:00-05:00,93.98334293388046,94.88349922635261,92.49533204510064,93.86393737792969,5624000,0.0,0.0
2022-12-15 00:00:00-05:00,92.96378549206527,93.27608720303324,91.34718177170018,91.84318542480469,7244400,0.0,0.0
2022-12-16 00:00:00-05:00,91.19102754468202,91.42984565767753,90.0336857746969,90.77769470214844,13862300,0.0,0.0
2022-12-19 00:00:00-05:00,90.41030676697285,90.75934332234833,89.76734284712825,90.29090118408203,5771100,0.0,0.0
2022-12-20 00:00:00-05:00,90.18983392014016,90.5480575611095,89.34478688790945,90.01531219482422,4533500,0.0,0.0
2022-12-21 00:00:00-05:00,88.83960382672215,90.99813288792353,88.49974757148763,90.63072204589844,5566300,0.0,0.0
2022-12-22 00:00:00-05:00,90.42864498350953,90.52968313942415,88.33441231142254,89.79486846923828,4756900,0.0,0.0
2022-12-23 00:00:00-05:00,89.63872452649004,90.29088252038872,88.98657354037104,90.26332092285156,3944500,0.0,0.0
2022-12-27 00:00:00-05:00,90.53887868703178,91.35636420007215,90.20820960223124,91.11754608154297,4402500,0.0,0.0
2022-12-28 00:00:00-05:00,91.31043035681056,91.76969213627478,90.37353240234752,90.56642150878906,3491500,0.0,0.0
2022-12-29 00:00:00-05:00,90.93385306307162,92.44941868234554,90.6307385376608,91.64111328125,3976100,0.0,0.0
2022-12-30 00:00:00-05:00,91.1083658903615,91.16347506856842,90.2357641913347,91.11754608154297,3988900,0.0,0.0
2023-01-03 00:00:00-05:00,92.36674077108724,92.92704078714202,91.36555330462261,92.61474609375,6607700,0.0,0.0
2023-01-04 00:00:00-05:00,94.32319091750531,96.19697990623345,94.19459817386722,95.948974609375,8166600,0.0,0.0
2023-01-05 00:00:00-05:00,95.97654930968312,96.53684938486039,95.05802551533091,95.92144012451172,5575100,0.0,0.0
2023-01-06 00:00:00-05:00,96.79402834031262,98.28203930872209,96.45417904450461,97.99729919433594,9644100,0.0,0.0
2023-01-09 00:00:00-05:00,97.84113241292238,97.98809955509618,95.92142142078548,96.20616149902344,10124800,0.0,0.0
2023-01-10 00:00:00-05:00,95.85712434510143,97.75846793441342,95.68260261699456,97.3635025024414,4183600,0.0,0.0
2023-01-11 00:00:00-05:00,97.18898696109225,97.76766135627103,96.31639228056919,97.63906860351562,5634400,0.0,0.0
2023-01-12 00:00:00-05:00,97.62989122199323,97.7676711874514,96.60114208872304,97.22573852539062,4882000,0.0,0.0
2023-01-13 00:00:00-05:00,96.50928679644258,98.55759777156801,96.50928679644258,98.49330139160156,5529700,0.0,0.0
2023-01-17 00:00:00-05:00,98.23610060673809,98.83314237497372,97.64824603709111,98.05239868164062,7477200,0.0,0.0
2023-01-18 00:00:00-05:00,98.41063229547414,98.71374680954698,96.36232829310798,96.44499206542969,5725800,0.0,0.0
2023-01-19 00:00:00-05:00,96.44498724421753,97.0879510227338,95.7469072791287,95.7652816772461,5115800,0.0,0.0
2023-01-20 00:00:00-05:00,95.89387300910288,96.6286877439566,95.4254239729797,96.48172760009766,6543500,0.0,0.0
2023-01-23 00:00:00-05:00,96.48173303603777,98.18100052786473,95.89387841192229,97.55640411376953,6320500,0.0,0.0
2023-01-24 00:00:00-05:00,97.73091889348828,98.16262613523307,96.82158243163444,97.95136260986328,5517200,0.0,0.0
2023-01-25 00:00:00-05:00,97.4186322799275,98.41063966879284,97.27167211552919,98.26367950439453,5416900,0.0,0.0
2023-01-26 00:00:00-05:00,98.55759967997072,99.93538528402746,98.33714893772006,99.89864349365234,6324100,0.0,0.0
2023-01-27 00:00:00-05:00,99.88025804608387,100.81715607756203,99.51284719075475,100.13744354248047,6851100,0.0,0.0
2023-01-30 00:00:00-05:00,99.43936227968469,99.99966221028369,98.66779884747517,99.56795501708984,6880700,0.0,0.0
2023-01-31 00:00:00-05:00,99.4393747258408,100.25686023356927,98.7412947727113,100.24767303466797,5816300,0.0,0.0
2023-02-01 00:00:00-05:00,100.09153596553449,101.75406174055574,99.18219939879815,101.02842712402344,5841200,0.0,0.0
2023-02-02 00:00:00-05:00,101.07434432193229,101.79997885379628,99.20055521581122,100.2568588256836,9852900,0.0,0.0
2023-02-03 00:00:00-05:00,96.059210356408,97.76766500131653,94.64468301558159,95.8020248413086,15200500,0.0,0.0
2023-02-06 00:00:00-05:00,95.52646492625124,97.51965967601839,94.88350113851335,96.4633560180664,6392200,0.0,0.0
2023-02-07 00:00:00-05:00,96.28883767609722,98.63106882185679,96.0408323616955,98.12588500976562,6207500,0.0,0.0
2023-02-08 00:00:00-05:00,97.65743599343236,97.85951232141356,97.04202681842011,97.63906860351562,5557500,0.0,0.0
2023-02-09 00:00:00-05:00,97.60214473280571,98.41449332417592,97.48213380889227,97.89754486083984,5608400,0.53,0.0
2023-02-10 00:00:00-05:00,97.40828174706377,99.01452654152568,97.36212965890459,98.85758972167969,6298600,0.0,0.0
2023-02-13 00:00:00-05:00,99.18991327004541,100.55614322614612,99.03298349700991,100.17765808105469,5192400,0.0,0.0
2023-02-14 00:00:00-05:00,99.63301720055826,100.13150622448975,98.49756880556522,99.6791763305664,5109400,0.0,0.0
2023-02-15 00:00:00-05:00,99.2360762499888,100.62076568603516,99.0145279122319,100.62076568603516,4059100,0.0,0.0
2023-02-16 00:00:00-05:00,99.47609153630569,100.71307739120394,99.1529987415856,99.27300262451172,4596800,0.0,0.0
2023-02-17 00:00:00-05:00,98.5344952711851,99.1991473069399,98.06370594827081,98.8668212890625,6876400,0.0,0.0
2023-02-21 00:00:00-05:00,97.3898260224248,97.80523004612081,96.6605553900005,96.72517395019531,5438000,0.0,0.0
2023-02-22 00:00:00-05:00,97.30674971278918,97.79600554025731,96.36515691326241,96.7159423828125,7523700,0.0,0.0
2023-02-23 00:00:00-05:00,97.39905559616444,97.39905559616444,94.74044740718824,95.55280303955078,6857900,0.0,0.0
2023-02-24 00:00:00-05:00,94.75891247018738,94.82353102699389,93.06958971566725,93.78962707519531,6019700,0.0,0.0
2023-02-27 00:00:00-05:00,94.46351901685492,95.35895268360636,94.29735599577842,94.5650634765625,5235100,0.0,0.0
2023-02-28 00:00:00-05:00,94.14965502059238,95.03585547667937,94.06657702919132,94.2419662475586,5186500,0.0,0.0
2023-03-01 00:00:00-05:00,94.33426831131487,94.46350541544439,93.15266790619128,93.6326904296875,5382200,0.0,0.0
2023-03-02 00:00:00-05:00,93.49422836837107,95.23893647146787,93.18036881424109,95.09123992919922,4777600,0.0,0.0
2023-03-03 00:00:00-05:00,95.45126644315613,96.64210028535001,95.0912477284109,96.51286315917969,4882100,0.0,0.0
2023-03-06 00:00:00-05:00,96.4205325935452,97.79599575693216,96.41130640206329,96.91902160644531,5237100,0.0,0.0
2023-03-07 00:00:00-05:00,96.91902616461282,97.5559855515353,95.19278452847563,95.39586639404297,3976300,0.0,0.0
2023-03-08 00:00:00-05:00,94.98969717809828,95.10046782606202,93.9096411030836,94.62044525146484,4225500,0.0,0.0
2023-03-09 00:00:00-05:00,94.84198462033706,94.85121785442568,92.2756948894356,92.58956146240234,5732300,0.0,0.0
2023-03-10 00:00:00-05:00,92.8849694464546,93.4573032364064,91.41719498919302,91.74028778076172,6641900,0.0,0.0
2023-03-13 00:00:00-04:00,91.30641862015821,92.49724525689766,90.80792961173755,91.46334838867188,6408200,0.0,0.0
2023-03-14 00:00:00-04:00,92.41418149852109,92.66342251963992,90.90025481458935,91.81414794921875,6248800,0.0,0.0
2023-03-15 00:00:00-04:00,90.83563515216194,91.73106884743244,89.80173109443498,91.703369140625,6603300,0.0,0.0
2023-03-16 00:00:00-04:00,91.51873057018803,92.96803841717696,91.41718612512751,92.70956420898438,8188600,0.0,0.0
2023-03-17 00:00:00-04:00,91.45411569946228,91.65720459775827,90.31866733303204,91.11255645751953,10189700,0.0,0.0
2023-03-20 00:00:00-04:00,91.48180391784662,92.51570778492915,91.3248741560171,92.17414855957031,4864000,0.0,0.0
2023-03-21 00:00:00-04:00,92.78343404456142,93.4111602620979,92.44187474992256,92.81112670898438,4743700,0.0,0.0
2023-03-22 00:00:00-04:00,92.94957481059754,93.67884531827262,91.444874670335,91.5002670288086,5917700,0.0,0.0
2023-03-23 00:00:00-04:00,91.70336232663809,92.43263294135167,90.02327275947975,90.85408782958984,6879200,0.0,0.0
2023-03-24 00:00:00-04:00,90.66944940384862,90.86330504554897,89.7186306190307,90.78022003173828,4685400,0.0,0.0
2023-03-27 00:00:00-04:00,91.31564556784059,92.0541493737418,91.00178602821383,91.07563781738281,6022200,0.0,0.0
2023-03-28 00:00:00-04:00,90.5956122905524,91.30642346809249,90.5402269676408,91.13102722167969,4709800,0.0,0.0
2023-03-29 00:00:00-04:00,91.69413783654073,92.94959017847724,91.14948965267814,92.88497161865234,4946600,0.0,0.0
2023-03-30 00:00:00-04:00,93.64194377952263,93.88195157138145,92.91267308219281,93.53116607666016,4082600,0.0,0.0
2023-03-31 00:00:00-04:00,94.01117729553776,96.26360768015319,94.01117729553776,96.12513732910156,6900100,0.0,0.0
2023-04-03 00:00:00-04:00,96.06052427128115,96.87287995442114,95.70050556366958,96.789794921875,3855400,0.0,0.0
2023-04-04 00:00:00-04:00,96.78978283214383,96.93748640804552,95.40509350108914,96.005126953125,3854400,0.0,0.0
2023-04-05 00:00:00-04:00,95.9866933562976,97.57446496712362,95.94053421568398,96.83596801757812,5170900,0.0,0.0
2023-04-06 00:00:00-04:00,96.8359471827376,97.07596198507487,96.02359155725594,96.63285827636719,3155700,0.0,0.0
2023-04-10 00:00:00-04:00,95.58971707614943,96.76208420527156,95.14661341866378,96.688232421875,3761600,0.0,0.0
2023-04-11 00:00:00-04:00,96.98363256912869,98.22062529161451,96.85439546955618,97.61135864257812,4010600,0.0,0.0
2023-04-12 00:00:00-04:00,98.07292452722535,98.38679109436585,97.25134278094,97.48212432861328,4606000,0.0,0.0
2023-04-13 00:00:00-04:00,98.20216648028772,98.98682941544322,98.08216260501293,98.76527404785156,4367600,0.0,0.0
2023-04-14 00:00:00-04:00,98.691433193852,99.85456722655705,98.63604082832234,99.20838165283203,3963300,0.0,0.0
2023-04-17 00:00:00-04:00,99.6607024088026,100.29766173223248,99.2914505250332,99.98379516601562,4780700,0.0,0.0
2023-04-18 00:00:00-04:00,100.50076339624651,100.83308942959533,99.44839997160685,99.61456298828125,5300500,0.0,0.0
2023-04-19 00:00:00-04:00,99.41147413802723,99.56840391973853,98.84836652798572,98.9222183227539,4617800,0.0,0.0
2023-04-20 00:00:00-04:00,98.02678191738865,99.30992688303223,98.02678191738865,98.82067108154297,4297200,0.0,0.0
2023-04-21 00:00:00-04:00,99.05145738069089,100.41768039616673,98.46065709677242,99.87303924560547,4522800,0.0,0.0
2023-04-24 00:00:00-04:00,99.8730284433731,100.88846588134766,99.73455810117335,100.88846588134766,5940700,0.0,0.0
2023-04-25 00:00:00-04:00,100.5376785810509,102.56855341921434,100.46382679419919,100.93461608886719,8747100,0.0,0.0
2023-04-26 00:00:00-04:00,100.63000421558782,103.69478338024093,100.63000421558782,102.90089416503906,8081600,0.0,0.0
2023-04-27 00:00:00-04:00,102.82703669805765,104.20249289571784,102.63318102264739,104.08248901367188,7618500,0.0,0.0
2023-04-28 00:00:00-04:00,103.7778559151248,105.52256404119903,103.6578520327702,105.50410461425781,5979300,0.0,0.0
2023-05-01 00:00:00-04:00,105.46715957156047,106.60260780192607,105.46715957156047,105.75332641601562,6495900,0.0,0.0
2023-05-02 00:00:00-04:00,105.68872629203028,105.75334485019992,104.17479974957465,105.6610336303711,9626400,0.0,0.0
2023-05-03 00:00:00-04:00,100.69460945053962,101.28540966604608,95.82050415116419,95.96820068359375,24388600,0.0,0.0
2023-05-04 00:00:00-04:00,96.25437349683698,97.54675168909283,95.82051006406257,96.66978454589844,8858100,0.0,0.0
2023-05-05 00:00:00-04:00,97.4359900651598,99.21762422076138,97.27905323143997,98.96837615966797,7813800,0.0,0.0
2023-05-08 00:00:00-04:00,99.20839826486858,99.80843185116898,98.70990914899882,98.93145751953125,6090700,0.0,0.0
2023-05-09 00:00:00-04:00,98.7652796538892,98.94067590246473,98.2206385241573,98.50680541992188,3682400,0.0,0.0
2023-05-10 00:00:00-04:00,98.92220714511792,99.79917421948984,97.55597726786175,98.74681091308594,4565000,0.0,0.0
2023-05-11 00:00:00-04:00,98.74682164374097,99.04369267029185,97.52222777447314,97.995361328125,4791700,0.53,0.0
2023-05-12 00:00:00-04:00,98.11596277686546,98.54271440449284,97.25318031202055,98.44994354248047,5175600,0.0,0.0
2023-05-15 00:00:00-04:00,98.44066584171729,99.043687070985,97.97680444658262,98.93235778808594,4217000,0.0,0.0
2023-05-16 00:00:00-04:00,98.7189855805249,98.8581383367942,97.59643477488926,97.670654296875,3676600,0.0,0.0
2023-05-17 00:00:00-04:00,98.30149978444221,98.83958066744547,97.36449784375897,98.05101776123047,4757300,0.0,0.0
2023-05-18 00:00:00-04:00,97.8005427703515,99.39622723129078,97.59644260749224,99.34983825683594,5377500,0.0,0.0
2023-05-19 00:00:00-04:00,99.2663226991584,99.40548251105804,97.70774837739893,97.88401794433594,4985200,0.0,0.0
2023-05-22 00:00:00-04:00,97.89330619446935,98.0602965806544,95.34206850873085,95.46267700195312,7504300,0.0,0.0
2023-05-23 00:00:00-04:00,94.73905237590729,94.75760371711232,92.84649706465596,93.08769989013672,6766300,0.0,0.0
2023-05-24 00:00:00-04:00,93.51445373613497,93.52372586727414,91.94660006216543,92.41046142578125,6134800,0.0,0.0
2023-05-25 00:00:00-04:00,91.56623027858829,91.75177907067447,90.66634517933045,91.32502746582031,8177000,0.0,0.0
2023-05-26 00:00:00-04:00,91.50130969541937,92.41048127772136,91.22299706423941,91.40853881835938,7276500,0.0,0.0
2023-05-30 00:00:00-04:00,91.74250945851416,91.80744977304688,90.27670569853176,90.68490600585938,6505400,0.0,0.0
2023-05-31 00:00:00-04:00,90.94465123702192,90.99104020121173,89.97054669069537,90.58283996582031,10377100,0.0,0.0
2023-06-01 00:00:00-04:00,90.53647504934138,91.13022422123768,89.54381182248926,90.4715347290039,6752200,0.0,0.0
2023-06-02 00:00:00-04:00,91.20442588087732,92.4568573188238,91.09310367516706,92.30841827392578,6221400,0.0,0.0
2023-06-05 00:00:00-04:00,92.8093941342211,93.57940579321263,92.30842294926144,92.70734405517578,6536500,0.0,0.0
2023-06-06 00:00:00-04:00,92.53107680615439,93.07843697842314,90.48081011869988,91.12094116210938,8657100,0.0,0.0
2023-06-07 00:00:00-04:00,91.42708310344992,91.71467490125568,90.53646300308819,90.84261322021484,6285600,0.0,0.0
2023-06-08 00:00:00-04:00,90.59212713031445,92.01154179244895,89.91488641466165,91.98371124267578,6877800,0.0,0.0
2023-06-09 00:00:00-04:00,91.65900571541704,91.80743766707772,90.58284398453644,90.87971496582031,5550800,0.0,0.0
2023-06-12 00:00:00-04:00,90.87971318239987,91.38996348926331,90.47151293690912,91.34357452392578,6705800,0.0,0.0
2023-06-13 00:00:00-04:00,91.3899851058494,92.28059824288148,91.3899851058494,92.08577728271484,5137900,0.0,0.0
2023-06-14 00:00:00-04:00,92.36407420847392,94.03397798031956,92.02082132278991,93.38457489013672,9279500,0.0,0.0
2023-06-15 00:00:00-04:00,94.01541099618613,94.61843214096591,93.38456638203384,94.05252075195312,6448200,0.0,0.0
2023-06-16 00:00:00-04:00,94.63701412243034,95.10087556807588,94.14532212252033,94.50713348388672,11709200,0.0,0.0
2023-06-20 00:00:00-04:00,94.4978453642924,95.0823081826381,93.60723232197185,93.95048522949219,5506400,0.0,0.0
2023-06-21 00:00:00-04:00,93.32892144828726,95.05448659232574,93.10626993620731,94.50713348388672,5508800,0.0,0.0
2023-06-22 00:00:00-04:00,94.08964614250297,94.29374629415544,92.43830066526145,93.56084442138672,6125500,0.0,0.0
2023-06-23 00:00:00-04:00,92.44757567301836,92.52179519351166,90.47152163817151,91.23225402832031,18770100,0.0,0.0
2023-06-26 00:00:00-04:00,91.23225386951171,91.63117494401504,90.4344187984681,91.13021087646484,6069000,0.0,0.0
2023-06-27 00:00:00-04:00,91.27865048155266,91.90022309122658,90.66635708219191,91.58480072021484,5034100,0.0,0.0
2023-06-28 00:00:00-04:00,91.51056522829624,91.51056522829624,90.267420225833,91.48273468017578,6581900,0.0,0.0
2023-06-29 00:00:00-04:00,91.48275102867443,91.68685118864822,90.89828817981065,91.54769134521484,5113500,0.0,0.0
2023-06-30 00:00:00-04:00,92.21564457064076,92.27130567178216,91.4178024237866,91.90021514892578,6229900,0.0,0.0
2023-07-03 00:00:00-04:00,91.59406938992568,92.37335309542587,91.14875935966643,91.98371124267578,3287000,0.0,0.0
2023-07-05 00:00:00-04:00,91.98370544017948,92.1506958062473,91.18586336651794,91.34357452392578,6365400,0.0,0.0
2023-07-06 00:00:00-04:00,90.7869407490855,90.98176165977907,88.97788437981511,89.24691772460938,7153300,0.0,0.0
2023-07-07 00:00:00-04:00,89.0521046492221,89.67368426998658,88.64391145288522,89.10777282714844,7889500,0.0,0.0
2023-07-10 00:00:00-04:00,89.33969905767081,92.33623942227297,89.27475875163195,91.96514892578125,9294600,0.0,0.0
2023-07-11 00:00:00-04:00,92.25275217355392,92.98565399261781,91.9744325184289,92.85576629638672,5268000,0.0,0.0
2023-07-12 00:00:00-04:00,94.08963335160576,94.47000305124256,93.47734005784913,93.82987213134766,6971900,0.0,0.0
2023-07-13 00:00:00-04:00,94.17314591644224,94.81326985246545,93.97832497261227,94.25663757324219,4511700,0.0,0.0
2023-07-14 00:00:00-04:00,94.41434688546339,94.7019457684394,93.69072422900346,94.26591491699219,3939800,0.0,0.0
2023-07-17 00:00:00-04:00,93.54229230630142,94.451456693286,92.8093904395899,93.63506317138672,5244500,0.0,0.0
2023-07-18 00:00:00-04:00,93.45878990856937,94.08964167556194,92.64239641868141,93.47734832763672,5989000,0.0,0.0
2023-07-19 00:00:00-04:00,93.34748025514594,94.60918395874768,93.34748025514594,94.47002410888672,5556200,0.0,0.0
2023-07-20 00:00:00-04:00,94.42362071696897,95.07303089118442,93.42167844449683,93.58866882324219,5466100,0.0,0.0
2023-07-21 00:00:00-04:00,94.44218410788531,96.06569901195432,94.26591451049529,95.38845825195312,20370300,0.0,0.0
2023-07-24 00:00:00-04:00,95.44411210515152,95.93581109852325,94.92458964026093,95.3513412475586,4746600,0.0,0.0
2023-07-25 00:00:00-04:00,95.02663429975165,96.2697792922769,94.9338634474376,95.48121643066406,5627500,0.0,0.0
2023-07-26 00:00:00-04:00,94.82255368528917,95.24930535609725,93.97832955420205,94.37725067138672,6568300,0.0,0.0
2023-07-27 00:00:00-04:00,94.65555651964668,95.02664705668252,93.27325152410053,93.49590301513672,5373400,0.0,0.0
2023-07-28 00:00:00-04:00,94.16386888292101,94.47001912085753,93.523737854138,93.93193817138672,5320700,0.0,0.0
2023-07-31 00:00:00-04:00,93.98759562952813,94.47001545445625,93.57012319615404,94.22880554199219,6377400,0.0,0.0
2023-08-01 00:00:00-04:00,94.13602881438212,94.35868029311877,93.14336575247607,93.94120788574219,7784300,0.0,0.0
2023-08-02 00:00:00-04:00,93.23614351240361,96.909925034283,92.11359974832631,94.74832916259766,14463100,0.0,0.0
2023-08-03 00:00:00-04:00,94.59989526260462,95.46267775167608,94.11747544185322,94.93387603759766,5547500,0.0,0.0
2023-08-04 00:00:00-04:00,95.5183519834662,95.694621605041,93.25470577026506,93.40314483642578,5199200,0.0,0.0
2023-08-07 00:00:00-04:00,94.08964175269385,94.49784203695397,93.64433878619465,94.38651275634766,5222700,0.0,0.0
2023-08-08 00:00:00-04:00,93.90410409066399,94.0896458217355,92.67023105294476,93.42168426513672,4058400,0.0,0.0
2023-08-09 00:00:00-04:00,93.69999367780345,94.23807454812957,92.28057906446519,92.69805145263672,4494300,0.0,0.0
2023-08-10 00:00:00-04:00,93.77062331819556,95.47741077402237,93.64005011437662,94.81521606445312,6844200,0.53,0.0
2023-08-11 00:00:00-04:00,94.5727132563179,94.5727132563179,93.39754738907025,94.19031524658203,3180600,0.0,0.0
2023-08-14 00:00:00-04:00,93.71467048863647,94.40484419134934,93.45351695113104,94.208984375,3239300,0.0,0.0
2023-08-15 00:00:00-04:00,93.38822764075735,93.87321993779939,93.06179462296335,93.30429077148438,3203700,0.0,0.0
2023-08-16 00:00:00-04:00,92.90323797299008,93.35091548557256,92.23171458841063,92.31565856933594,3679500,0.0,0.0
2023-08-17 00:00:00-04:00,92.33431245345196,92.42757801258696,89.9373512935815,90.06792449951172,5291100,0.0,0.0
2023-08-18 00:00:00-04:00,89.54563618824842,90.92598361070061,89.34044767838775,90.6834945678711,4126000,0.0,0.0
2023-08-21 00:00:00-04:00,90.7674440587957,91.00061155865036,89.6855505596379,89.96534729003906,3753200,0.0,0.0
2023-08-22 00:00:00-04:00,89.99332031311027,90.2264877975789,89.16324463765855,89.60160064697266,3639800,0.0,0.0
2023-08-23 00:00:00-04:00,89.92803122062654,90.0586044390694,87.68030043254021,88.77152252197266,9704500,0.0,0.0
2023-08-24 00:00:00-04:00,88.37046832236513,89.19121522903468,87.40049082409769,88.44508361816406,7824500,0.0,0.0
2023-08-25 00:00:00-04:00,89.10728085257432,89.49900049292546,88.14663201831522,89.05132293701172,5360400,0.0,0.0
2023-08-28 00:00:00-04:00,89.48036625512043,90.65552538668264,89.37777198107341,90.50630187988281,5098900,0.0,0.0
2023-08-29 00:00:00-04:00,90.80474033226746,92.54883557425077,90.78608294982124,92.4742202758789,5512300,0.0,0.0
2023-08-30 00:00:00-04:00,92.35297035801881,93.00584355737867,92.33432009093156,92.55815887451172,4212200,0.0,0.0
2023-08-31 00:00:00-04:00,92.33431913606191,92.64210190761835,90.73012578629607,90.87935638427734,5624500,0.0,0.0
2023-09-01 00:00:00-04:00,91.77471885528018,92.10115189454994,90.50628723208354,91.40164947509766,4747100,0.0,0.0
2023-09-05 00:00:00-04:00,90.95395604599713,91.2244311427172,90.08657284469002,90.31974029541016,5414300,0.0,0.0
2023-09-06 00:00:00-04:00,89.92803343722224,90.04928508284124,88.94873427476253,89.48967742919922,5428400,0.0,0.0
2023-09-07 00:00:00-04:00,89.06064773920548,89.3684305173639,88.62229174286588,88.69690704345703,6404100,0.0,0.0
2023-09-08 00:00:00-04:00,88.83682053706838,89.396421133058,88.37048552112576,88.86479949951172,4754700,0.0,0.0
2023-09-11 00:00:00-04:00,89.20986536041917,89.75081553743706,88.8088170727274,89.228515625,5577500,0.0,0.0
2023-09-12 00:00:00-04:00,89.06997337718597,90.01197194666187,88.79016956741484,89.76014709472656,5007600,0.0,0.0
2023-09-13 00:00:00-04:00,89.72281927564055,90.74876160369419,89.57359582882674,90.40367126464844,5830200,0.0,0.0
2023-09-14 00:00:00-04:00,90.25445443690508,91.19645293796756,89.7694692663249,90.61820220947266,6039700,0.0,0.0
2023-09-15 00:00:00-04:00,90.70215181344986,90.9073403390988,89.58295072990086,89.7508316040039,8767600,0.0,0.0
2023-09-18 00:00:00-04:00,89.81611278241758,90.440999897672,89.62024584472265,90.2451400756836,4477500,0.0,0.0
2023-09-19 00:00:00-04:00,88.79949206800842,89.04198821185754,87.92278016650421,88.87410736083984,6803000,0.0,0.0
2023-09-20 00:00:00-04:00,89.02334430670882,90.11457356136175,88.65028201749136,88.75287628173828,4572100,0.0,0.0
2023-09-21 00:00:00-04:00,88.75285508412651,88.90207854103176,86.76626400155374,86.83155059814453,6108800,0.0,0.0
2023-09-22 00:00:00-04:00,87.13936057032339,87.98808659144393,87.08340264594618,87.37252807617188,5118900,0.0,0.0
2023-09-25 00:00:00-04:00,86.63570574001596,87.176655985404,86.0387975781073,86.49580383300781,4818800,0.0,0.0
2023-09-26 00:00:00-04:00,85.80562591552734,86.26263214811448,85.04083692569111,85.80562591552734,6086600,0.0,0.0
2023-09-27 00:00:00-04:00,86.23465437228825,86.48647921919786,84.29469935638073,85.03150939941406,4731500,0.0,0.0
2023-09-28 00:00:00-04:00,85.03150767090732,85.23669617437926,84.13614547769839,84.94757080078125,4736300,0.0,0.0
2023-09-29 00:00:00-04:00,86.37456011527452,86.79425872451188,84.72373040543343,85.1247787475586,7700200,0.0,0.0
2023-10-02 00:00:00-04:00,84.91960110209581,85.5631385236733,84.67710492467303,84.99420928955078,6430500,0.0,0.0
2023-10-03 00:00:00-04:00,84.40662718787674,84.93824875404503,83.20348214534705,83.45530700683594,6666600,0.0,0.0
2023-10-04 00:00:00-04:00,83.83769708792929,85.27400959374496,83.76308178785159,85.01286315917969,6166100,0.0,0.0
2023-10-05 00:00:00-04:00,85.00352408701814,86.78492680136627,85.00352408701814,86.15071105957031,7548600,0.0,0.0
2023-10-06 00:00:00-04:00,85.80562077266006,87.0553948770709,85.507166724166,86.598388671875,6979300,0.0,0.0
2023-10-09 00:00:00-04:00,86.22532502711103,86.54243647716422,85.274004908364,86.4398422241211,4120700,0.0,0.0
2023-10-10 00:00:00-04:00,86.70099281948198,87.64299140837403,86.61705594424444,86.90618133544922,4974800,0.0,0.0
2023-10-11 00:00:00-04:00,87.0087841716054,87.32588855248592,85.66573710974127,85.75900268554688,4499200,0.0,0.0
2023-10-12 00:00:00-04:00,85.65640626242535,86.03880436402711,84.65844968342752,85.26468658447266,5485200,0.0,0.0
2023-10-13 00:00:00-04:00,85.1341023255139,85.86158366620708,84.91959224592806,85.32064056396484,4780100,0.0,0.0
2023-10-16 00:00:00-04:00,85.96417376325098,87.54038800236891,85.6657197118618,87.34452819824219,4595900,0.0,0.0
2023-10-17 00:00:00-04:00,86.50513368006655,87.84818062015788,86.39321072982338,87.83885192871094,6086700,0.0,0.0
2023-10-18 00:00:00-04:00,87.61501473796368,88.16528657633066,87.2046376953125,87.43780517578125,4110700,0.0,0.0
2023-10-19 00:00:00-04:00,88.01605388367588,89.21919881094631,87.82951564938625,88.06268310546875,5610800,0.0,0.0
2023-10-20 00:00:00-04:00,88.24921570290708,88.6875645151499,87.80153108491353,87.8481674194336,4699000,0.0,0.0
2023-10-23 00:00:00-04:00,87.60568804460071,88.63162355892307,87.00877985024201,87.85750579833984,4481000,0.0,0.0
2023-10-24 00:00:00-04:00,87.93211035965834,88.58498350953086,87.72692185871857,88.24922180175781,3600200,0.0,0.0
2023-10-25 00:00:00-04:00,87.96942882888153,88.93940642447598,87.64299577163989,87.67097473144531,5497300,0.0,0.0
2023-10-26 00:00:00-04:00,87.49377768174656,88.11867204152749,86.36524774200487,86.43053436279297,6201700,0.0,0.0
2023-10-27 00:00:00-04:00,86.4025299953743,87.41914378098446,85.59110470497203,85.82427215576172,8293600,0.0,0.0
2023-10-30 00:00:00-04:00,86.8502253866566,87.40049722312284,86.4771559960539,86.87820434570312,7852700,0.0,0.0
2023-10-31 00:00:00-04:00,86.89684025797101,87.03674214579884,85.80561834118399,86.02945709228516,9308300,0.0,0.0
2023-11-01 00:00:00-04:00,85.64708657996215,85.67506554104787,84.45327013558948,85.19940185546875,14292500,0.0,0.0
2023-11-02 00:00:00-04:00,94.19032625083292,95.05770949680591,93.02448893719753,93.27631378173828,23396300,0.0,0.0
2023-11-03 00:00:00-04:00,93.84524484082236,96.78314923749774,93.73332189481603,95.73856353759766,15995700,0.0,0.0
2023-11-06 00:00:00-05:00,95.94374153559102,97.08159267464407,95.10433732177678,97.025634765625,7532000,0.0,0.0
2023-11-07 00:00:00-05:00,97.21217471870101,97.36139818397626,96.37277048994716,96.69920349121094,6239500,0.0,0.0
2023-11-08 00:00:00-05:00,96.7551658784161,97.76245099953121,96.67122900950955,97.2774658203125,7453000,0.0,0.0
2023-11-09 00:00:00-05:00,97.81201620631055,97.96205967790166,95.68321766182574,95.87078094482422,7607000,0.57,0.0
2023-11-10 00:00:00-05:00,96.21775301003643,97.85889404582343,95.6363247650056,97.84014129638672,7338500,0.0,0.0
2023-11-13 00:00:00-05:00,97.45565158005131,97.74637288606479,96.55536926729148,97.07115936279297,7120800,0.0,0.0
2023-11-14 00:00:00-05:00,97.98081744583206,99.2374592178696,97.75574151114466,99.03114318847656,8323000,0.0,0.0
2023-11-15 00:00:00-05:00,99.08742289573289,99.912679918015,99.08742289573289,99.43440246582031,7980200,0.0,0.0
2023-11-16 00:00:00-05:00,99.66885829952236,100.96302006747,99.59383297721641,100.54100799560547,8037200,0.0,0.0
2023-11-17 00:00:00-05:00,100.51286406836438,100.81295816928063,98.91861549877328,99.00301361083984,6341800,0.0,0.0
2023-11-20 00:00:00-05:00,98.66540136411511,98.90923004342258,97.39937966989234,97.81201171875,9799500,0.0,0.0
2023-11-21 00:00:00-05:00,97.95267103514446,98.16836700275525,96.75229474967666,97.23995208740234,6149000,0.0,0.0
2023-11-22 00:00:00-05:00,97.68071422479632,98.16836439475979,96.85545018435636,97.00550079345703,4828700,0.0,0.0
2023-11-24 00:00:00-05:00,97.00551427848114,97.15555775363296,96.09585201007235,96.38656616210938,3206400,0.0,0.0
2023-11-27 00:00:00-05:00,95.92703805597439,96.67726965866078,95.72072203992334,95.99268341064453,7853600,0.0,0.0
2023-11-28 00:00:00-05:00,95.61756436622373,95.70196962527022,94.6141241385818,94.8860855102539,6848100,0.0,0.0
2023-11-29 00:00:00-05:00,95.19556751646516,95.36437089390327,93.33873036464595,93.63882446289062,8428500,0.0,0.0
2023-11-30 00:00:00-05:00,93.8357736152513,93.89204618544112,92.29779025315813,93.12305450439453,11442600,0.0,0.0
2023-12-01 00:00:00-05:00,92.37279753139858,93.10427640769024,91.45375538246337,93.02925109863281,12506500,0.0,0.0
2023-12-04 00:00:00-05:00,92.26963688362818,92.72915436756186,90.75040661525874,91.52877807617188,11477400,0.0,0.0
2023-12-05 00:00:00-05:00,91.32246297560498,91.41624818759131,88.94984307041643,89.596923828125,16027300,0.0,0.0
2023-12-06 00:00:00-05:00,89.98143051199999,91.12554159648987,89.53129290306488,90.98487091064453,12115000,0.0,0.0
2023-12-07 00:00:00-05:00,91.20055242305261,91.62255725871714,90.28151028908047,90.4409408569336,7858300,0.0,0.0
2023-12-08 00:00:00-05:00,90.10333453928104,90.8348134070146,89.85012591287655,90.6003646850586,7125200,0.0,0.0
2023-12-11 00:00:00-05:00,91.1724320344856,92.85108596128508,91.1724320344856,92.01644897460938,7639100,0.0,0.0
2023-12-12 00:00:00-05:00,92.31653995453341,92.46658343056316,91.36936502309247,92.0445785522461,6313800,0.0,0.0
2023-12-13 00:00:00-05:00,92.37279662449646,92.50408733665431,90.79730092379499,92.0070571899414,7741900,0.0,0.0
2023-12-14 00:00:00-05:00,92.57911696465935,92.64476232380125,91.10677920549885,91.75385284423828,9764800,0.0,0.0
2023-12-15 00:00:00-05:00,91.75385196883356,92.12897136955442,90.55347561037279,90.73165893554688,12466000,0.0,0.0
2023-12-18 00:00:00-05:00,91.19117525271399,91.2662005628386,89.95328625488737,90.55347442626953,6146400,0.0,0.0
2023-12-19 00:00:00-05:00,90.9098403936635,91.9507933107518,90.9098403936635,91.64131927490234,5992900,0.0,0.0
2023-12-20 00:00:00-05:00,90.36590529364335,90.85355542962003,88.76227708338084,88.81854248046875,10057400,0.0,0.0
2023-12-21 00:00:00-05:00,89.16554516004429,89.50315191290261,88.5934896707459,89.39999389648438,7097200,0.0,0.0
2023-12-22 00:00:00-05:00,88.98735657344672,89.86888605991918,88.47156652182832,89.35309600830078,6361000,0.0,0.0
2023-12-26 00:00:00-05:00,89.4093675006891,89.73760145851102,89.05300799381762,89.71884155273438,3709500,0.0,0.0
2023-12-27 00:00:00-05:00,89.73759190690035,89.82199000948886,88.89357510698059,89.36247253417969,4959300,0.0,0.0
2023-12-28 00:00:00-05:00,89.55942485515642,90.00018966151656,89.19368536792317,89.96267700195312,4518300,0.0,0.0
2023-12-29 00:00:00-05:00,89.91577891351966,90.35654369304014,89.41874872548433,90.0376968383789,6135700,0.0,0.0
2024-01-02 00:00:00-05:00,89.51252023517965,89.98141768461444,87.79636100790182,87.84324645996094,8859700,0.0,0.0
2024-01-03 00:00:00-05:00,88.115219908171,88.37780137105057,87.27120295262364,87.43063354492188,7161700,0.0,0.0
2024-01-04 00:00:00-05:00,87.30871609191796,88.69665588808797,87.2149380196327,87.73072814941406,7118600,0.0,0.0
2024-01-05 00:00:00-05:00,87.52439749641404,87.75884621541988,86.7272732827556,87.2055435180664,7191000,0.0,0.0
2024-01-08 00:00:00-05:00,87.23367665157498,88.68726157853244,87.16803129612055,88.33090209960938,7536900,0.0,0.0
2024-01-09 00:00:00-05:00,87.78697371960293,87.8995116737936,87.08362760422622,87.29931640625,6348500,0.0,0.0
2024-01-10 00:00:00-05:00,87.22430513689747,87.8620059513213,87.10238722154128,87.68382263183594,5847700,0.0,0.0
2024-01-11 00:00:00-05:00,87.52440032977623,87.81511446121627,86.18335332745782,87.15866088867188,6483600,0.0,0.0
2024-01-12 00:00:00-05:00,87.43062068694624,87.59004410099064,86.06143385219082,86.25837707519531,5641200,0.0,0.0
2024-01-16 00:00:00-05:00,86.89608062007979,86.96172597821086,86.0239310593055,86.93358612060547,7493400,0.0,0.0
2024-01-17 00:00:00-05:00,85.95829627221256,86.23963048959784,85.71446755996536,86.06144714355469,6672900,0.0,0.0
2024-01-18 00:00:00-05:00,86.23962090195458,87.61818059378753,86.10833018414264,87.53377532958984,7549500,0.0,0.0
2024-01-19 00:00:00-05:00,87.38373771732172,88.3777981201742,86.87732756262102,88.02143859863281,9565900,0.0,0.0
2024-01-22 00:00:00-05:00,87.96516440842996,88.07769521725928,87.03674230674439,87.28057098388672,9421000,0.0,0.0
2024-01-23 00:00:00-05:00,87.24306088203332,87.82449631229069,86.06143727110073,86.2490005493164,10227100,0.0,0.0
2024-01-24 00:00:00-05:00,86.79292893612475,87.06488318620947,86.26775887796985,86.31465148925781,7661400,0.0,0.0
2024-01-25 00:00:00-05:00,86.48345790222476,86.88671004707795,86.01456039215397,86.84919738769531,11991500,0.0,0.0
2024-01-26 00:00:00-05:00,87.13990508256025,87.67444791814837,86.66163480927086,87.02737426757812,9229400,0.0,0.0
2024-01-29 00:00:00-05:00,87.23368572095616,88.08708258539569,86.50220678275535,87.96517181396484,12728100,0.0,0.0
2024-01-30 00:00:00-05:00,87.21493239860277,88.7904282378021,86.83043302576354,88.22775268554688,17625200,0.0,0.0
2024-01-31 00:00:00-05:00,92.16648847095463,92.2415137856793,87.23368492732855,87.2430648803711,26751800,0.0,0.0
2024-02-01 00:00:00-05:00,87.30871151383344,87.77760900548111,86.15522769107262,87.56192016601562,15001500,0.0,0.0
2024-02-02 00:00:00-05:00,86.92420934814365,87.78697891693145,85.96765456790784,87.2055435180664,11366600,0.0,0.0
2024-02-05 00:00:00-05:00,87.00861071863802,87.09301598114806,86.18335377249113,86.75540924072266,7335800,0.0,0.0
2024-02-06 00:00:00-05:00,86.74603326502206,89.74697425659164,86.60536259092805,89.71884155273438,11531500,0.0,0.0
2024-02-07 00:00:00-05:00,90.25339049735334,90.64726984242955,88.55598380490665,89.38124084472656,9078000,0.0,0.0
2024-02-08 00:00:00-05:00,89.72087514858964,91.22094402055049,88.61705536599956,91.12659454345703,9888100,0.57,0.0
2024-02-09 00:00:00-05:00,90.87186097221715,92.44739919805883,90.84355901093974,91.79643249511719,9385600,0.0,0.0
2024-02-12 00:00:00-05:00,91.43792728390464,91.6454846095451,89.98503320227583,90.0699462890625,9224400,0.0,0.0
2024-02-13 00:00:00-05:00,89.48502748539954,90.15486711229188,88.10760987544207,88.56046295166016,8138500,0.0,0.0
2024-02-14 00:00:00-05:00,88.75856663569257,89.12650653939444,88.45666704296657,88.74913024902344,5510600,0.0,0.0
2024-02-15 00:00:00-05:00,88.71140170263047,88.90952265745005,87.7396625061014,87.94721984863281,8878000,0.0,0.0
2024-02-16 00:00:00-05:00,87.83400478965527,88.8529187268887,87.50380319828929,87.94721984863281,5737500,0.0,0.0
2024-02-20 00:00:00-05:00,88.07929511233773,88.79630937974797,87.80569746822259,88.17363739013672,8844500,0.0,0.0
2024-02-21 00:00:00-05:00,88.55101003822097,90.35297122260263,88.46609695321435,89.64539337158203,8284600,0.0,0.0
2024-02-22 00:00:00-05:00,89.52275298883065,90.6454455307566,88.81517510735215,90.36241149902344,8124700,0.0,0.0
2024-02-23 00:00:00-05:00,90.45675240763346,91.44736430584908,90.17372557803922,90.21146392822266,6845200,0.0,0.0
2024-02-26 00:00:00-05:00,89.96616418151194,90.16428511262258,88.91894840431712,88.94725036621094,7043800,0.0,0.0
2024-02-27 00:00:00-05:00,88.98499572636939,89.30576811476752,88.30571979597768,88.80574035644531,5356100,0.0,0.0
2024-02-28 00:00:00-05:00,88.46610566863592,88.65479743287658,87.52266844099711,87.73966217041016,5622400,0.0,0.0
2024-02-29 00:00:00-05:00,89.1548121098829,89.72087296942239,88.66422795104316,89.53218841552734,11221100,0.0,0.0
2024-03-01 00:00:00-05:00,89.10764508491698,89.2208601457656,87.65475805889541,87.89061737060547,7995400,0.0,0.0
2024-03-04 00:00:00-05:00,87.79627027450827,88.04156598075485,86.83396742362582,87.23020935058594,7321000,0.0,0.0
2024-03-05 00:00:00-05:00,86.89057071315604,86.95661103382697,85.91883148134588,86.06034851074219,7137300,0.0,0.0
2024-03-06 00:00:00-05:00,86.18297704020935,86.82451455161831,85.96599053953129,86.46601104736328,4826900,0.0,0.0
2024-03-07 00:00:00-05:00,86.43771905255079,86.56979968502394,85.20181142318827,85.80561065673828,8792400,0.0,0.0
2024-03-08 00:00:00-05:00,85.4942782243517,86.35280229901483,85.47540545031048,85.90938568115234,7673300,0.0,0.0
2024-03-11 00:00:00-04:00,86.09807711592084,87.70191740652366,86.01316402875602,86.86225891113281,6702300,0.0,0.0
2024-03-12 00:00:00-04:00,86.79620772859305,87.47548354942988,86.05089160283337,87.173583984375,9444900,0.0,0.0
2024-03-13 00:00:00-04:00,87.25849814525037,87.61700886130554,85.73013460115526,86.42827606201172,8254500,0.0,0.0
2024-03-14 00:00:00-04:00,85.94711893439107,86.52261614499564,85.29615222566022,86.47544860839844,8544800,0.0,0.0
2024-03-15 00:00:00-04:00,86.4188353419322,86.81507718920965,85.00367971778094,85.02255249023438,18136300,0.0,0.0
2024-03-18 00:00:00-04:00,85.61691747151426,86.25845499227282,85.40936015629033,85.86221313476562,7413900,0.0,0.0
2024-03-19 00:00:00-04:00,85.8527765032965,86.70187133685592,85.72069588450435,86.4094009399414,5676500,0.0,0.0
2024-03-20 00:00:00-04:00,86.59809242092746,87.3905761313137,86.3433603726934,87.36227416992188,5804400,0.0,0.0
2024-03-21 00:00:00-04:00,87.39057655520602,87.90003345629141,86.45657583547644,86.47544860839844,6287300,0.0,0.0
2024-03-22 00:00:00-04:00,86.55092462676465,86.58866297759774,84.9659498810476,85.57918548583984,6495000,0.0,0.0
2024-03-25 00:00:00-04:00,85.52258492325673,85.9660015656728,85.35276593675385,85.54145050048828,6903000,0.0,0.0
2024-03-26 00:00:00-04:00,85.8339112593643,85.85277683447,85.12633342831097,85.24897766113281,6216100,0.0,0.0
2024-03-27 00:00:00-04:00,85.52258088283018,86.63583703111995,85.47540614519795,86.32450103759766,5863700,0.0,0.0
2024-03-28 00:00:00-04:00,86.59810999939793,87.02265390216064,86.13582774116772,86.22073364257812,6784300,0.0,0.0
2024-04-01 00:00:00-04:00,86.62641139765438,86.86227071938593,85.87165868897127,86.35281372070312,4990200,0.0,0.0
2024-04-02 00:00:00-04:00,85.95656621894874,86.07921046707568,84.18290682566251,84.24894714355469,8276800,0.0,0.0
2024-04-03 00:00:00-04:00,84.53197150472005,84.75839441685011,83.63570904572487,83.68287658691406,6316400,0.0,0.0
2024-04-04 00:00:00-04:00,84.08854819130791,84.28666912341792,82.6545269312409,82.6639633178711,8057600,0.0,0.0
2024-04-05 00:00:00-04:00,82.92812714810091,82.95642911102053,81.91864968279407,81.93751525878906,7161400,0.0,0.0
2024-04-08 00:00:00-04:00,82.05072059242781,82.41866046252227,81.47522342169474,82.2582778930664,6322900,0.0,0.0
2024-04-09 00:00:00-04:00,82.25828653797855,82.6450920224853,81.42805724817143,82.20167541503906,6240700,0.0,0.0
2024-04-10 00:00:00-04:00,81.43749903879949,81.9563923793604,80.75822310128508,81.08842468261719,7413900,0.0,0.0
2024-04-11 00:00:00-04:00,81.13559441109113,81.42805762251544,80.4374529396972,81.04125213623047,6841600,0.0,0.0
2024-04-12 00:00:00-04:00,80.58838720346024,80.67330027675578,79.52230597951565,80.11666870117188,8594800,0.0,0.0
2024-04-15 00:00:00-04:00,80.5695327706113,81.48466794324115,80.11667977874403,80.3525390625,9676900,0.0,0.0
2024-04-16 00:00:00-04:00,80.02234092876974,81.31485245028331,79.64496461904237,80.5884017944336,8866800,0.0,0.0
2024-04-17 00:00:00-04:00,81.1356040155696,81.53184593560228,80.51293197164247,81.33372497558594,6870100,0.0,0.0
2024-04-18 00:00:00-04:00,81.55071857957385,82.67340401784999,81.18277862615952,82.2205581665039,11403300,0.0,0.0
2024-04-19 00:00:00-04:00,82.22056072878772,83.09795769070045,82.19225876192847,82.654541015625,11900000,0.0,0.0
2024-04-22 00:00:00-04:00,83.09795660158076,83.5979772038212,82.3998078382119,83.19229888916016,8669000,0.0,0.0
2024-04-23 00:00:00-04:00,83.74891373766575,83.78665208790358,82.38093273135242,82.89982604980469,5670500,0.0,0.0
2024-04-24 00:00:00-04:00,82.13564549116812,83.90931214527555,82.03186681681693,83.73005676269531,7183900,0.0,0.0
2024-04-25 00:00:00-04:00,84.48480495783929,84.6546239433991,82.72057478551541,82.87152099609375,7284600,0.0,0.0
2024-04-26 00:00:00-04:00,82.45639602200025,84.20175304899135,82.42809406338819,83.25831604003906,7185300,0.0,0.0
2024-04-29 00:00:00-04:00,83.24888818713875,83.59796250745657,82.89038467821922,83.33380126953125,8522800,0.0,0.0
2024-04-30 00:00:00-04:00,82.65453431841937,83.95647507343955,82.248856031312,83.48475646972656,14538400,0.0,0.0
2024-05-01 00:00:00-04:00,71.5314023071458,72.6352220124783,68.55957393306643,70.22946166992188,66610700,0.0,0.0
2024-05-02 00:00:00-04:00,70.6634399821151,70.89929925628914,69.20110960309448,70.69174194335938,23883400,0.0,0.0
2024-05-03 00:00:00-04:00,71.01251387881241,71.2389439860851,68.8614782447035,68.97469329833984,22153800,0.0,0.0
2024-05-06 00:00:00-04:00,69.16337101718655,69.99360026604514,68.5878738143564,68.77656555175781,18632200,0.0,0.0
2024-05-07 00:00:00-04:00,68.72938670403452,68.72938670403452,67.73878213392314,68.39918518066406,21901300,0.0,0.0
2024-05-08 00:00:00-04:00,68.20107042492877,70.25776363915897,68.16333207629975,69.3426284790039,24482600,0.0,0.0
2024-05-09 00:00:00-04:00,69.40867700009011,71.47480684534644,68.9369583832082,71.39933013916016,18591500,0.0,0.0
2024-05-10 00:00:00-04:00,71.05026282290552,71.99370015030188,70.81440349105644,71.80501556396484,15761900,0.0,0.0
2024-05-13 00:00:00-04:00,71.90878632631511,72.49371279825388,71.51254441993308,71.87104797363281,10953600,0.0,0.0
2024-05-14 00:00:00-04:00,71.91821801880323,72.38993659975395,71.2483712997414,71.3521499633789,10961100,0.0,0.0
2024-05-15 00:00:00-04:00,71.60688940236133,71.72953365481155,71.05969406462027,71.41819763183594,8826500,0.0,0.0
2024-05-16 00:00:00-04:00,71.47522570557187,71.81744041555375,70.78128830686899,71.56077575683594,10758500,0.57,0.0
2024-05-17 00:00:00-04:00,71.55127800919561,74.14640538889088,71.21857123037925,74.00381469726562,14436500,0.0,0.0
2024-05-20 00:00:00-04:00,73.84221203914952,74.45059219426902,72.92013382679114,73.7091293334961,11183800,0.0,0.0
2024-05-21 00:00:00-04:00,73.72813510569098,74.35553119519562,73.67110173481356,73.88023376464844,8916600,0.0,0.0
2024-05-22 00:00:00-04:00,73.86121700629,77.0171916208524,73.61406756685508,76.73201751708984,22072200,0.0,0.0
2024-05-23 00:00:00-04:00,76.14264378761935,76.71299923029615,73.80418139592045,74.44107818603516,15841300,0.0,0.0
2024-05-24 00:00:00-04:00,74.62168888690262,75.30611827657776,74.25095750957233,74.9734115600586,10746200,0.0,0.0
2024-05-28 00:00:00-04:00,74.89737666788393,74.90688464803411,73.58555825325156,73.652099609375,8833300,0.0,0.0
2024-05-29 00:00:00-04:00,73.2908733943862,74.45060046023772,73.03421593426276,73.08174133300781,9268100,0.0,0.0
2024-05-30 00:00:00-04:00,73.29087474902255,74.98293272786478,73.2528500778451,74.86886596679688,9294200,0.0,0.0
2024-05-31 00:00:00-04:00,75.17305144787446,76.36129515214992,74.72627065467265,76.25672912597656,12669700,0.0,0.0
2024-06-03 00:00:00-04:00,75.74340439424424,78.06285834673591,75.68637101917109,78.02483367919922,12443400,0.0,0.0
2024-06-04 00:00:00-04:00,77.92026527806838,79.30813296470583,77.8537239250263,78.69975280761719,12370000,0.0,0.0
2024-06-05 00:00:00-04:00,78.38605280394016,78.42407746937243,76.96016048631522,77.15028381347656,11275300,0.0,0.0
2024-06-06 00:00:00-04:00,77.14077149397087,78.83282912196117,76.92213149315211,77.44496154785156,9237800,0.0,0.0
2024-06-07 00:00:00-04:00,77.5875596296722,78.54765527274735,76.6274567341334,77.40694427490234,10852600,0.0,0.0
2024-06-10 00:00:00-04:00,77.46397646114904,77.80619120574744,76.84608832493177,77.56854248046875,8698600,0.0,0.0
2024-06-11 00:00:00-04:00,76.92213523860401,76.9696678831504,75.80994097986677,75.94302368164062,9024300,0.0,0.0
2024-06-12 00:00:00-04:00,76.03807722351735,76.21869255916107,75.26809774413161,75.45821380615234,8873400,0.0,0.0
2024-06-13 00:00:00-04:00,75.5722957413544,76.90313007282694,75.26810565865755,76.2757339477539,13947300,0.0,0.0
2024-06-14 00:00:00-04:00,76.0475886468098,76.4278280405365,75.2015598033111,75.71488189697266,7192400,0.0,0.0
2024-06-17 00:00:00-04:00,75.64834100727252,77.7111301212767,75.35365166779818,77.31188201904297,9845900,0.0,0.0
2024-06-18 00:00:00-04:00,77.00770356229579,77.67311716633564,75.65785314022808,76.23771667480469,9664500,0.0,0.0
2024-06-20 00:00:00-04:00,75.87648351418625,76.78905373449591,75.73389283078649,75.78142547607422,10183900,0.0,0.0
2024-06-21 00:00:00-04:00,76.04759382407653,76.28524255477677,75.24909757010631,75.96204376220703,25648400,0.0,0.0
2024-06-24 00:00:00-04:00,76.04758912386939,76.11413047425424,75.25859364611806,75.79093170166016,7396600,0.0,0.0
2024-06-25 00:00:00-04:00,76.0475963365048,76.76054255215954,74.97342664913869,75.36316680908203,15821600,0.0,0.0
2024-06-26 00:00:00-04:00,75.09699519459005,75.36316059944255,74.5076237606571,75.23958587646484,10708100,0.0,0.0
2024-06-27 00:00:00-04:00,75.14453379767534,75.51526524846759,74.79281105482406,75.32514190673828,10289600,0.0,0.0
2024-06-28 00:00:00-04:00,74.83083490672101,74.98292632598113,73.77567394214353,74.00381469726562,13207500,0.0,0.0
2024-07-01 00:00:00-04:00,74.13689390458272,74.35553392173556,72.98667495077679,73.31938171386719,6767600,0.0,0.0
2024-07-02 00:00:00-04:00,73.30987594685351,73.39542600042537,72.51137251786771,73.0342025756836,8854100,0.0,0.0
2024-07-03 00:00:00-04:00,73.04371014701061,73.23383348242477,72.31175524994121,72.49237060546875,4906700,0.0,0.0
2024-07-05 00:00:00-04:00,72.47335560300813,72.501872290581,71.69386804867288,72.2927474975586,9663100,0.0,0.0
2024-07-08 00:00:00-04:00,72.56841410749284,72.6729801309013,70.79080621447677,70.8858642578125,8871200,0.0,0.0
2024-07-09 00:00:00-04:00,70.94290055358651,70.95240853405062,69.13677589846951,69.1557846069336,11816900,0.0,0.0
2024-07-10 00:00:00-04:00,69.3839243432876,69.55503172678685,68.77554414694896,68.92764282226562,11132500,0.0,0.0
2024-07-11 00:00:00-04:00,68.76603423404592,69.86872784170995,68.51888477229816,69.6786117553711,12316100,0.0,0.0
2024-07-12 00:00:00-04:00,70.15390690173257,71.35165126045936,69.7546515296934,71.13301849365234,10559300,0.0,0.0
2024-07-15 00:00:00-04:00,71.19005727840434,71.19956525886845,68.93714457104396,69.1557846069336,9064400,0.0,0.0
2024-07-16 00:00:00-04:00,68.64246034442394,71.77942657470703,68.01507144984566,71.77942657470703,14968700,0.0,0.0
2024-07-17 00:00:00-04:00,71.50375295942275,72.36879058852863,70.86685608654228,71.38967895507812,11567800,0.0,0.0
2024-07-18 00:00:00-04:00,70.78130039442115,71.39918857365511,70.1634122151872,70.52464294433594,10701000,0.0,0.0
2024-07-19 00:00:00-04:00,70.9714100434241,75.45821133112754,70.52462933462057,75.35364532470703,32965900,0.0,0.0
2024-07-22 00:00:00-04:00,74.46009349663944,74.59317619035849,72.25471381898572,72.76803588867188,18851500,0.0,0.0
2024-07-23 00:00:00-04:00,73.32889152390001,73.32889152390001,72.27373058285838,72.49237060546875,9592100,0.0,0.0
2024-07-24 00:00:00-04:00,72.5969249572788,72.71099168772801,70.36302145314797,70.99041748046875,10478200,0.0,0.0
2024-07-25 00:00:00-04:00,71.35166526486682,72.02658690970313,69.64059845122217,69.6976318359375,18973600,0.0,0.0
2024-07-26 00:00:00-04:00,70.19192447343303,71.31362675413892,70.06834974637167,70.39155578613281,12387100,0.0,0.0
2024-07-29 00:00:00-04:00,70.71475403330406,71.855465012359,70.07785719087279,71.48473358154297,10864700,0.0,0.0
2024-07-30 00:00:00-04:00,71.53227377449464,72.29275267574077,71.15203432387158,72.18818664550781,16163600,0.0,0.0
2024-07-31 00:00:00-04:00,75.61983474697038,77.22633535671159,73.95629350585821,74.098876953125,18901100,0.0,0.0
2024-08-01 00:00:00-04:00,74.04183790376473,74.27948663429484,70.18242484074408,71.39918518066406,17307200,0.0,0.0
2024-08-02 00:00:00-04:00,71.39917164363588,72.88209712019803,71.21855632188864,72.1311264038086,15185700,0.0,0.0
2024-08-05 00:00:00-04:00,70.20142189227307,71.29460732169828,69.12725241951266,70.21092987060547,12372900,0.0,0.0
2024-08-06 00:00:00-04:00,70.26797247555862,72.2357036062857,70.19192314382437,71.6463394165039,10525500,0.0,0.0
2024-08-07 00:00:00-04:00,71.57978996092814,73.03419881649312,71.446707271691,71.57028198242188,7297000,0.0,0.0
2024-08-08 00:00:00-04:00,71.36116349522528,72.38780779460377,71.10450604661266,72.007568359375,8988300,0.0,0.0
2024-08-09 00:00:00-04:00,71.91250315742879,72.11212720925424,71.0569663264174,71.38016510009766,4683600,0.0,0.0
2024-08-12 00:00:00-04:00,72.74901445753054,74.55514591813743,72.52087375010026,73.22431182861328,13123000,0.0,0.0
2024-08-13 00:00:00-04:00,86.5231407908634,91.26661435442901,85.82921060584836,91.16204833984375,157215500,0.0,0.0
2024-08-14 00:00:00-04:00,90.67724090459848,91.12402163830062,86.91288622106461,89.26085662841797,45737800,0.0,0.0
2024-08-15 00:00:00-04:00,89.47000449491667,90.26850081805364,88.38632676925116,90.19245147705078,21109800,0.0,0.0
2024-08-16 00:00:00-04:00,89.28391820265661,91.4739380515134,89.22654012769064,90.67060852050781,16336300,0.57,0.0
2024-08-19 00:00:00-04:00,90.23070345130967,90.74712807516113,88.10762687424166,88.27021026611328,14479000,0.0,0.0
2024-08-20 00:00:00-04:00,88.26063738409013,89.72383671357353,88.10761945082032,88.94920349121094,11536200,0.0,0.0
2024-08-21 00:00:00-04:00,88.45190849625854,89.3030507429138,88.19369983674507,88.729248046875,6769200,0.0,0.0
2024-08-22 00:00:00-04:00,88.62404322211826,88.77706115399117,87.76333559607458,88.39452362060547,10010300,0.0,0.0
2024-08-23 00:00:00-04:00,88.79618384333887,90.29763762714752,88.77706025019774,89.91510009765625,11483700,0.0,0.0
2024-08-26 00:00:00-04:00,90.08724431240513,91.74171607595507,90.06812071869268,91.4548110961914,13882800,0.0,0.0
2024-08-27 00:00:00-04:00,91.23484999604426,94.40989894048305,91.09139751707309,94.29513549804688,17456300,0.0,0.0
2024-08-28 00:00:00-04:00,93.93174846521707,94.40035318437882,90.25939780061093,91.13923645019531,14866300,0.0,0.0
2024-08-29 00:00:00-04:00,91.30180533421832,91.64608840980489,90.1637580956795,90.71843719482422,8781300,0.0,0.0
2024-08-30 00:00:00-04:00,90.84275458225486,91.74171671523494,90.31677184408524,90.44109344482422,7117200,0.0,0.0
2024-09-03 00:00:00-04:00,90.02029851170802,90.67061012592357,88.97789121778854,89.11177825927734,11234000,0.0,0.0
2024-09-04 00:00:00-04:00,89.29348380702567,89.87685189121153,87.9546061171516,88.29888916015625,7193500,0.0,0.0
2024-09-05 00:00:00-04:00,88.14587574344087,88.95876346580643,87.21822456876728,87.56250762939453,8370100,0.0,0.0
2024-09-06 00:00:00-04:00,87.505127764944,88.13631579530698,86.24275900051472,87.17041015625,9257000,0.0,0.0
2024-09-09 00:00:00-04:00,87.23735306502182,88.32758029499142,86.46271984801622,88.18412780761719,10089700,0.0,0.0
2024-09-10 00:00:00-04:00,88.09807197618233,89.43694257302751,87.16085526209316,89.26480102539062,7327000,0.0,0.0
2024-09-11 00:00:00-04:00,89.97249561690704,94.05606541681415,89.57083444897468,93.91261291503906,19302900,0.0,0.0
2024-09-12 00:00:00-04:00,94.16125875686247,94.97414649816731,93.09015506592267,94.9454574584961,14653500,0.0,0.0
2024-09-13 00:00:00-04:00,94.80199712766324,95.16541105691812,94.19950545547765,94.26644897460938,9899900,0.0,0.0
2024-09-16 00:00:00-04:00,94.21863646482674,94.29514543451307,91.78953869580961,92.1051254272461,9263400,0.0,0.0
2024-09-17 00:00:00-04:00,92.27725904086037,92.32507896688425,91.0435793716668,92.22944641113281,6281700,0.0,0.0
2024-09-18 00:00:00-04:00,91.37831013832123,93.33880319435369,91.16791412435848,91.92342376708984,8793800,0.0,0.0
2024-09-19 00:00:00-04:00,93.69264863025587,94.3907728759403,92.12425131828672,92.66936492919922,8752600,0.0,0.0
2024-09-20 00:00:00-04:00,92.62155897070627,92.8223895633002,91.15835944159508,91.85649108886719,19541000,0.0,0.0
2024-09-23 00:00:00-04:00,91.85648450365575,91.85648450365575,90.23070169074231,91.31137084960938,8382800,0.0,0.0
2024-09-24 00:00:00-04:00,91.30179550412666,91.63651309816007,90.07768127663515,90.32632446289062,8606800,0.0,0.0
2024-09-25 00:00:00-04:00,90.14463574546552,91.77041128328287,90.10638125917252,91.44525909423828,8632900,0.0,0.0
2024-09-26 00:00:00-04:00,94.19951445679055,94.82113707743996,92.76500408435213,93.21448516845703,9876800,0.0,0.0
2024-09-27 00:00:00-04:00,93.38661533165495,93.86478539756583,92.94669974657248,93.1092758178711,6319900,0.0,0.0
2024-09-30 00:00:00-04:00,93.13796424845705,93.42486920465544,92.20075501129512,93.23359680175781,6436400,0.0,0.0
2024-10-01 00:00:00-04:00,93.23360946479168,93.85523209011984,92.14338215723645,93.17623138427734,7171600,0.0,0.0
2024-10-02 00:00:00-04:00,92.60242875243195,92.76500484486318,91.68434298210029,92.28683471679688,6346000,0.0,0.0
2024-10-03 00:00:00-04:00,91.46436448714529,92.18161954573098,91.1487705102566,91.38785552978516,5556400,0.0,0.0
2024-10-04 00:00:00-04:00,91.97123928387634,92.50679478065614,90.99577544781168,92.36334228515625,6818900,0.0,0.0
2024-10-07 00:00:00-04:00,91.99037711206293,92.30596387040617,91.19661290055943,91.89473724365234,7478900,0.0,0.0
2024-10-08 00:00:00-04:00,91.85649556028888,92.65025252309478,91.12010938863412,92.00950622558594,6595200,0.0,0.0
2024-10-09 00:00:00-04:00,92.2677033751568,92.2677033751568,91.29223230987667,91.69389343261719,3344800,0.0,0.0
2024-10-10 00:00:00-04:00,91.25398433377637,91.31136970989986,89.66646332276893,89.78121948242188,5459500,0.0,0.0
2024-10-11 00:00:00-04:00,90.02986794159142,91.77040685428636,89.90554633936209,91.37831115722656,4834800,0.0,0.0
2024-10-14 00:00:00-04:00,91.24441766481289,91.35917381375057,90.22112669480951,90.62279510498047,4124700,0.0,0.0
2024-10-15 00:00:00-04:00,90.53672310092684,91.7799682536025,90.44109054217405,90.89057159423828,6264100,0.0,0.0
2024-10-16 00:00:00-04:00,91.28267851157771,91.6556506440367,89.98205512279344,91.29224395751953,7537100,0.0,0.0
2024-10-17 00:00:00-04:00,91.16791241167488,91.99036556191679,90.64192238664924,91.11052703857422,5577300,0.0,0.0
2024-10-18 00:00:00-04:00,91.50262584361215,92.6215420679981,90.89056873131746,92.61197662353516,6178300,0.0,0.0
2024-10-21 00:00:00-04:00,92.71717612522282,92.95626116659399,91.70345788462389,92.23900604248047,3994300,0.0,0.0
2024-10-22 00:00:00-04:00,92.143383894273,92.94671351810332,91.75128817620488,92.59286499023438,6670900,0.0,0.0
2024-10-23 00:00:00-04:00,89.7716548730097,93.45356308828347,89.59951334962122,93.3866195678711,18858800,0.0,0.0
2024-10-24 00:00:00-04:00,93.42487949528243,95.07934400888126,92.62154990721895,92.90845489501953,9828600,0.0,0.0
2024-10-25 00:00:00-04:00,92.97540290902018,93.68309267112578,92.21989321453965,93.06147003173828,9665600,0.0,0.0
2024-10-28 00:00:00-04:00,93.3866144516313,94.81155919165492,93.29098189860956,93.7404556274414,6790900,0.0,0.0
2024-10-29 00:00:00-04:00,93.47269523278123,93.76916567569856,92.14338285133988,93.13797760009766,7664200,0.0,0.0
2024-10-30 00:00:00-04:00,93.11885722578793,93.8648014890809,92.57374354905095,93.07103729248047,9187200,0.0,0.0
2024-10-31 00:00:00-04:00,93.07102634043645,94.67767814012066,91.18703501205893,93.43443298339844,12011500,0.0,0.0
2024-11-01 00:00:00-04:00,93.3388038225008,95.44275667999071,93.11884965827534,94.55335998535156,8860200,0.0,0.0
2024-11-04 00:00:00-05:00,94.28558200172317,94.49597802470295,92.4780995080108,92.79369354248047,7049100,0.0,0.0
2024-11-05 00:00:00-05:00,92.63112004042863,93.21448819452888,91.952119317654,92.85107421875,6348300,0.0,0.0
2024-11-06 00:00:00-05:00,92.73630449395992,93.94129511268297,90.64191725365735,91.88516235351562,9708800,0.0,0.0
2024-11-07 00:00:00-05:00,91.86603839291114,92.46853739585846,91.57914070720474,91.92342376708984,6195200,0.0,0.0
2024-11-08 00:00:00-05:00,91.91386798193723,93.37706749207926,91.8373590058559,93.29100036621094,6118700,0.0,0.0
2024-11-11 00:00:00-05:00,93.72133747982177,96.98246099027055,93.67351755238488,95.93048095703125,10313300,0.0,0.0
2024-11-12 00:00:00-05:00,95.7583543979432,96.15045743457225,94.12301331292682,94.4864273071289,8438400,0.0,0.0
2024-11-13 00:00:00-05:00,93.09972618359558,95.57665133971435,92.02862972369333,95.44276428222656,8816300,0.0,0.0
2024-11-14 00:00:00-05:00,95.08890152529494,95.65313871227849,94.81156200589247,94.89763641357422,6441500,0.0,0.0
2024-11-15 00:00:00-05:00,95.35951897286449,96.43724778019883,94.29141477616915,94.70518493652344,8119900,0.61,0.0
2024-11-18 00:00:00-05:00,94.7244383831297,96.81253115789485,94.23368599862643,96.61045837402344,7041500,0.0,0.0
2024-11-19 00:00:00-05:00,96.0234752529929,96.51422760350901,94.49348522188738,94.63782501220703,9176200,0.0,0.0
2024-11-20 00:00:00-05:00,94.301035279155,95.02272687567915,93.44462850526048,94.55122375488281,7527700,0.0,0.0
2024-11-21 00:00:00-05:00,95.74441870813592,96.54309250553311,94.77253863348908,96.28327941894531,6760600,0.0,0.0
2024-11-22 00:00:00-05:00,96.22555616425305,98.68892805280119,96.00423415484724,98.63119506835938,6563300,0.0,0.0
2024-11-25 00:00:00-05:00,99.04496374313243,99.42024281913599,97.93836839583312,97.99610137939453,8839600,0.0,0.0
2024-11-26 00:00:00-05:00,98.14043515235433,98.23665923285606,96.67781004101832,96.8798828125,6558300,0.0,0.0
2024-11-27 00:00:00-05:00,96.94724211034865,98.17892798188656,96.91837561983243,97.67855834960938,4857800,0.0,0.0
2024-11-29 00:00:00-05:00,97.54384217781694,98.63118824432857,97.44761075516884,98.59269714355469,3419300,0.0,0.0
2024-12-02 00:00:00-05:00,98.15006149137035,98.35213426641076,96.10045990902306,97.67855834960938,6103200,0.0,0.0
2024-12-03 00:00:00-05:00,97.27441929855792,98.26554877633885,96.11971546505359,97.7363052368164,7101500,0.0,0.0
2024-12-04 00:00:00-05:00,97.08196268021845,98.140442325961,96.58159302017867,96.89913177490234,6151100,0.0,0.0
2024-12-05 00:00:00-05:00,97.18780042710154,97.4764799986041,95.44612041226836,95.48461151123047,7194800,0.0,0.0
2024-12-06 00:00:00-05:00,95.1959362346363,96.82215036737873,94.72443309857424,96.3313980102539,6297000,0.0,0.0
2024-12-09 00:00:00-05:00,96.29290834336166,96.77403609711912,94.80140937014276,95.56159210205078,7271600,0.0,0.0
2024-12-10 00:00:00-05:00,95.39800809415306,95.50385678470464,94.2433044499515,94.45500183105469,8192500,0.0,0.0
2024-12-11 00:00:00-05:00,94.78216713878166,95.63857394998035,94.28179750695703,94.70518493652344,8007300,0.0,0.0
2024-12-12 00:00:00-05:00,94.51274182520778,95.2344334917516,93.74293444432347,94.12783813476562,6375900,0.0,0.0
2024-12-13 00:00:00-05:00,93.66594535055626,94.37801969501393,93.28104902984336,93.74292755126953,5910900,0.0,0.0
2024-12-16 00:00:00-05:00,93.29068100520064,93.33879672358808,89.58599827363246,89.6052474975586,12395900,0.0,0.0
2024-12-17 00:00:00-05:00,89.49939356724552,90.39429155046106,88.57562909125326,88.6141128540039,8536100,0.0,0.0
2024-12-18 00:00:00-05:00,88.30618807170231,88.76807396320223,86.25658640522184,86.50677490234375,10886600,0.0,0.0
2024-12-19 00:00:00-05:00,86.83392389784508,88.12334993145059,85.32318323685998,85.4097900390625,14628400,0.0,0.0
2024-12-20 00:00:00-05:00,84.54376374079946,85.79469875225655,83.78358106047416,84.64961242675781,26477500,0.0,0.0
2024-12-23 00:00:00-05:00,84.19735853162429,84.56301298861932,83.04265483690426,84.1396255493164,11203700,0.0,0.0
2024-12-24 00:00:00-05:00,84.10114703994456,86.52602809851001,83.87982500558024,86.51641082763672,5422000,0.0,0.0
2024-12-26 00:00:00-05:00,85.99677758341754,88.57562264422859,85.99677758341754,88.39279174804688,7538700,0.0,0.0
2024-12-27 00:00:00-05:00,87.46903051804249,89.6822138669204,87.44978129594122,88.76807403564453,8200400,0.0,0.0
2024-12-30 00:00:00-05:00,87.84430279812395,87.8731692876157,86.44902796080143,87.16110229492188,8404500,0.0,0.0
2024-12-31 00:00:00-05:00,87.30544700765192,88.30618629312934,87.17072448004802,87.80581665039062,4220700,0.0,0.0
2025-01-02 00:00:00-05:00,88.09449211643847,89.16259628638127,87.95977693657423,88.69108581542969,8640900,0.0,0.0
2025-01-03 00:00:00-05:00,88.91241839416865,89.60524359679096,88.33506650579258,89.08562469482422,4964900,0.0,0.0
2025-01-06 00:00:00-05:00,88.56599792440667,90.93314559544382,88.4697738417974,89.61485290527344,8768100,0.0,0.0
2025-01-07 00:00:00-05:00,89.27807481263203,90.11523984085444,88.39280140850138,89.33580780029297,6638300,0.0,0.0
2025-01-08 00:00:00-05:00,89.46089557861562,89.49938667983166,88.53713117371154,89.1048583984375,6243700,0.0,0.0
2025-01-10 00:00:00-05:00,88.71034105219512,89.28769291097079,88.46015255486903,88.76807403564453,6550300,0.0,0.0
2025-01-13 00:00:00-05:00,88.78731993993496,90.0574970233735,87.93091305329831,89.98052215576172,6912100,0.0,0.0
2025-01-14 00:00:00-05:00,90.46164381818564,91.30842603593646,89.0278778023693,89.55712127685547,6406200,0.0,0.0
2025-01-15 00:00:00-05:00,90.54823930386053,90.90427647478363,89.4416440323024,89.56674194335938,4554700,0.0,0.0
2025-01-16 00:00:00-05:00,89.36467502129814,91.19295468190174,89.36467502129814,90.86579132080078,6548200,0.0,0.0
2025-01-17 00:00:00-05:00,91.97237941193,92.24180976839608,91.51049355696915,91.53936004638672,8361900,0.0,0.0
2025-01-21 00:00:00-05:00,91.80881034673466,94.8591588376841,91.80881034673466,94.28180694580078,8803100,0.0,0.0
2025-01-22 00:00:00-05:00,94.28180076173285,94.82066151328901,93.78142377120744,94.0412368774414,7678900,0.0,0.0
2025-01-23 00:00:00-05:00,94.30104459408062,94.32991108616473,93.35803091791182,94.29141998291016,7901800,0.0,0.0
2025-01-24 00:00:00-05:00,94.09896980699709,95.27292273630128,93.93538812771428,95.0804672241211,6957100,0.0,0.0
2025-01-27 00:00:00-05:00,94.80140591487044,96.54309331216264,94.39726037838672,96.24478912353516,9654900,0.0,0.0
2025-01-28 00:00:00-05:00,95.20555475204833,96.87987714743801,94.86875947784624,96.62007141113281,14736500,0.0,0.0
2025-01-29 00:00:00-05:00,98.8236448484805,105.92509570720516,98.80440296716328,104.4817123413086,40769300,0.0,0.0
2025-01-30 00:00:00-05:00,104.8858642578125,106.17528328535344,103.95247511685305,104.8858642578125,15023000,0.0,0.0
2025-01-31 00:00:00-05:00,104.8858616224239,105.23227422977548,103.44247820560156,103.61568450927734,19136900,0.0,0.0
2025-02-03 00:00:00-05:00,101.72965460995778,104.34699079540805,101.53719910136468,104.07756042480469,8894100,0.0,0.0
2025-02-04 00:00:00-05:00,104.56829234473668,106.87770676835483,104.04867354881564,106.42544555664062,11123700,0.0,0.0
2025-02-05 00:00:00-05:00,106.0213149338297,108.17676527243947,105.71339345688544,108.01318359375,12826000,0.0,0.0
2025-02-06 00:00:00-05:00,107.82072778098083,108.07090891603319,106.85847231605973,107.48393249511719,11967300,0.0,0.0
2025-02-07 00:00:00-05:00,107.22413149191132,108.36921789506654,105.90583880375301,107.9650650024414,11502400,0.0,0.0
2025-02-10 00:00:00-05:00,108.3307311512473,108.3307311512473,106.81036562633533,107.24337768554688,8348400,0.0,0.0
2025-02-11 00:00:00-05:00,106.69488597740761,107.84959696906368,106.43508022560539,106.83922576904297,4683100,0.0,0.0
2025-02-12 00:00:00-05:00,106.38697182844216,108.9177086370076,106.23301475715988,108.77336883544922,7269400,0.0,0.0
2025-02-13 00:00:00-05:00,108.85035185042905,109.11978223324502,107.32036168882789,108.73487854003906,10046300,0.0,0.0
2025-02-14 00:00:00-05:00,109.15088718463848,109.7797494733547,108.38657854220155,108.8896713256836,9115000,0.61,0.0
2025-02-18 00:00:00-05:00,108.164063286218,109.6733268823555,107.98991691887345,109.35405731201172,7574100,0.0,0.0
2025-02-19 00:00:00-05:00,108.78324978207617,109.65397424594856,108.68649605829232,108.83161926269531,8268900,0.0,0.0
2025-02-20 00:00:00-05:00,108.52202115908692,109.80876885639856,108.31885163550177,109.65396881103516,6343800,0.0,0.0
2025-02-21 00:00:00-05:00,109.64429403814619,110.95038798728633,107.9995768514787,108.11567687988281,9664700,0.0,0.0
2025-02-24 00:00:00-05:00,108.68649536774963,110.20544319874115,108.25113313857952,109.50885772705078,13120500,0.0,0.0
2025-02-25 00:00:00-05:00,109.40243268217247,111.49218168054885,109.0057630914664,110.86331939697266,11001800,0.0,0.0
2025-02-26 00:00:00-05:00,110.88266782818025,111.05681418488112,108.6090957243933,109.32502746582031,7466800,0.0,0.0
2025-02-27 00:00:00-05:00,109.32503820194978,111.93722642771726,109.13154551162367,110.7665786743164,9013700,0.0,0.0
2025-02-28 00:00:00-05:00,111.31803153751278,112.31453283275208,110.55372292726312,112.04364013671875,11466000,0.0,0.0
2025-03-03 00:00:00-05:00,112.26616292163285,113.63998009265549,110.38925299025645,111.65665435791016,9225500,0.0,0.0
2025-03-04 00:00:00-05:00,111.25030720150815,111.52119989471203,108.35754968297775,108.41559600830078,12482400,0.0,0.0
2025-03-05 00:00:00-05:00,107.9415400370516,108.86064135375186,106.62576912431324,108.0576400756836,11926800,0.0,0.0
2025-03-06 00:00:00-05:00,106.43227643575257,106.83861549903466,101.49813920387257,102.03992462158203,16321700,0.0,0.0
2025-03-07 00:00:00-05:00,101.32399536056563,103.38472127392016,100.07594759401923,103.01708221435547,11637400,0.0,0.0
2025-03-10 00:00:00-04:00,102.2914699300581,102.5526857876062,96.55432409970808,97.841064453125,15823300,0.0,0.0
2025-03-11 00:00:00-04:00,98.57634861633385,99.65024995881905,95.78033733905907,96.34147644042969,10663500,0.0,0.0
2025-03-12 00:00:00-04:00,97.03806341806832,97.03806341806832,93.81635933997951,95.48042297363281,9461200,0.0,0.0
2025-03-13 00:00:00-04:00,95.49976799618432,95.65456804432239,92.81017990060212,92.9166030883789,9274300,0.0,0.0
2025-03-14 00:00:00-04:00,93.38098692337776,95.05472735510021,93.03270158338162,94.91928100585938,8240900,0.0,0.0
2025-03-17 00:00:00-04:00,94.53229451164646,96.21570452135585,93.84538587194476,95.85774230957031,10131700,0.0,0.0
2025-03-18 00:00:00-04:00,96.0028642039837,96.13831056031118,94.50327005443592,95.08375549316406,7423400,0.0,0.0
2025-03-19 00:00:00-04:00,95.07407918277315,96.293103777895,94.76448645494713,95.96416473388672,4982700,0.0,0.0
2025-03-20 00:00:00-04:00,95.63521547658615,96.44790097635918,95.46106911101141,96.05123138427734,5952800,0.0,0.0
2025-03-21 00:00:00-04:00,94.75481751915503,94.82254069808218,93.15847700870303,93.9131088256836,11366000,0.0,0.0
2025-03-24 00:00:00-04:00,94.84188987025544,95.00635939813492,92.51994063797693,92.60701751708984,8265000,0.0,0.0
2025-03-25 00:00:00-04:00,93.06173357416529,93.8163654147385,91.6879088738346,92.76181030273438,6984800,0.0,0.0
2025-03-26 00:00:00-04:00,92.8779106875691,95.19018308189318,92.8779106875691,94.78384399414062,9561600,0.0,0.0
2025-03-27 00:00:00-04:00,94.71611444902713,96.67041710734479,94.36782171684811,95.63521575927734,9141000,0.0,0.0
2025-03-28 00:00:00-04:00,94.81286687624277,95.2869291438675,93.90343497481017,94.55165100097656,8066200,0.0,0.0
2025-03-31 00:00:00-04:00,93.47774611109904,95.60619519334925,91.50408970220579,94.89993286132812,11302900,0.0,0.0
2025-04-01 00:00:00-04:00,94.66773869840522,95.68359374272212,93.97115322587624,95.03538513183594,5868400,0.0,0.0
2025-04-02 00:00:00-04:00,94.24204574328465,96.50594096578722,94.24204574328465,96.177001953125,6043300,0.0,0.0
2025-04-03 00:00:00-04:00,90.3140778336597,90.35277784284455,84.79945569707895,85.38961791992188,20490100,0.0,0.0
2025-04-04 00:00:00-04:00,81.90671147593677,82.6516664742001,78.65598399369584,79.42996215820312,19700100,0.0,0.0
2025-04-07 00:00:00-04:00,76.07280663076672,80.56190479514771,73.67346487804899,77.39825439453125,26099400,0.0,0.0
2025-04-08 00:00:00-04:00,80.36841667197054,80.76508629126143,76.1308646606791,77.09834289550781,20534600,0.0,0.0
2025-04-09 00:00:00-04:00,76.64361739699423,86.23132167158886,75.39556974377592,85.79595947265625,26668100,0.0,0.0
2025-04-10 00:00:00-04:00,83.30954987544449,83.76426581854228,79.0139442289737,81.8486557006836,16209300,0.0,0.0
2025-04-11 00:00:00-04:00,81.68419405275766,83.02898831388356,79.41062149928197,82.65167236328125,10059700,0.0,0.0
2025-04-14 00:00:00-04:00,83.51271784417273,83.94808008122266,80.68768327453924,82.70970916748047,8880500,0.0,0.0
2025-04-15 00:00:00-04:00,82.71938136920245,83.26116676820993,80.74572506832493,80.98759460449219,7088600,0.0,0.0
2025-04-16 00:00:00-04:00,80.5909326739407,80.8037716662134,77.29182864653515,78.13353729248047,13080800,0.0,0.0
2025-04-17 00:00:00-04:00,78.6075948937539,79.86531936456278,78.55921803669507,78.8494644165039,9787500,0.0,0.0
2025-04-21 00:00:00-04:00,77.74654437360911,78.19158343484783,75.58906486108654,78.05613708496094,10595600,0.0,0.0
2025-04-22 00:00:00-04:00,79.24613915902167,80.77474903299641,78.96556960853152,79.09133911132812,10408600,0.0,0.0
2025-04-23 00:00:00-04:00,81.26816848091666,82.95157847555068,79.96207439229936,80.11686706542969,9114400,0.0,0.0
2025-04-24 00:00:00-04:00,79.71051934281519,81.40360600240136,78.92686445095664,81.1327133178711,6798100,0.0,0.0
2025-04-25 00:00:00-04:00,80.91019659092649,81.25848932215945,79.77824890505566,81.08434295654297,5799400,0.0,0.0
2025-04-28 00:00:00-04:00,81.58744079932247,82.2936957727739,80.56190885761532,81.17142486572266,7091400,0.0,0.0
2025-04-29 00:00:00-04:00,80.91987504452052,82.30336914845248,80.49418227984214,82.09052276611328,16356900,0.0,0.0
2025-04-30 00:00:00-04:00,73.88631233594302,77.66914823636986,73.0446036498717,77.4466323852539,41297000,0.0,0.0
2025-05-01 00:00:00-04:00,78.0851557791759,80.020111959697,77.65946305745422,79.34288024902344,18326700,0.0,0.0
2025-05-02 00:00:00-04:00,79.90401988370688,82.07117633608317,79.38158815849285,81.93572998046875,13512900,0.0,0.0
2025-05-05 00:00:00-04:00,81.26817572832405,81.34557576242811,78.93654952453585,79.00428009033203,13361900,0.0,0.0
2025-05-06 00:00:00-04:00,78.36573482001154,80.65866082941088,77.98841890952814,80.08784484863281,10709500,0.0,0.0
2025-05-07 00:00:00-04:00,80.27167275821112,80.5232191736488,79.46866402745418,80.02012634277344,8224800,0.0,0.0
2025-05-08 00:00:00-04:00,80.62963047441508,80.88117687575911,79.03329733301213,79.51703643798828,8759800,0.0,0.0
2025-05-09 00:00:00-04:00,79.72988679522719,79.98142582782332,77.5917533492468,77.68850708007812,8210700,0.0,0.0
2025-05-12 00:00:00-04:00,80.92954006218295,83.72555102593506,80.91986321496232,82.88384246826172,17241500,0.0,0.0
2025-05-13 00:00:00-04:00,83.07734917430496,84.30604314416072,82.33238688523026,84.05449676513672,11533700,0.0,0.0
2025-05-14 00:00:00-04:00,83.89003256932708,84.78011072837948,82.9515775484961,83.7255630493164,12741500,0.0,0.0
2025-05-15 00:00:00-04:00,83.72555660791646,84.92522739874613,83.02897118702433,84.4221420288086,13721900,0.0,0.0
2025-05-16 00:00:00-04:00,84.39291763875259,84.67546234670952,82.11307746530902,83.36991119384766,13109500,0.61,0.0
2025-05-19 00:00:00-04:00,82.27870339213308,82.95096518334556,81.94744869881606,82.4345932006836,9568100,0.0,0.0
2025-05-20 00:00:00-04:00,82.34690767573507,83.93500359299833,82.27870773919979,83.38939666748047,9310600,0.0,0.0
2025-05-21 00:00:00-04:00,82.2397455348162,83.31146204560474,80.38859477987096,80.84651184082031,10875400,0.0,0.0
2025-05-22 00:00:00-04:00,81.08033364810693,82.3079398978588,80.59318913681884,81.81105041503906,8440400,0.0,0.0
2025-05-23 00:00:00-04:00,80.45679745279477,82.64894797658795,80.44705248027181,82.2300033569336,7088200,0.0,0.0
2025-05-27 00:00:00-04:00,83.23351726661589,84.85083329093895,83.02891744967816,84.77289581298828,10922300,0.0,0.0
2025-05-28 00:00:00-04:00,85.1820901153524,85.34771746633031,82.36639541578629,83.78885650634766,12328500,0.0,0.0
2025-05-29 00:00:00-04:00,82.71713646166017,83.49656319111855,81.54798521762001,81.88899230957031,10308700,0.0,0.0
2025-05-30 00:00:00-04:00,81.78182740257783,82.10333714833774,81.05111059571631,81.79156494140625,7394100,0.0,0.0
2025-06-02 00:00:00-04:00,81.13879152687205,83.10685958581809,81.05110907964195,82.99968719482422,8258900,0.0,0.0
2025-06-03 00:00:00-04:00,82.88276732108808,85.2405449850553,82.22999545625372,84.37342834472656,8287700,0.0,0.0
2025-06-04 00:00:00-04:00,84.40266100099973,86.26355672666969,83.80834406277687,85.84461212158203,8740900,0.0,0.0
2025-06-05 00:00:00-04:00,85.9128090626348,86.13689881563565,84.62674780892995,84.75340270996094,8476100,0.0,0.0
2025-06-06 00:00:00-04:00,86.1271648719537,87.57885366671202,85.97127503542947,87.33528137207031,8772900,0.0,0.0
2025-06-09 00:00:00-04:00,86.78967479284934,88.79670795977151,86.78967479284934,88.33879089355469,8097300,0.0,0.0
2025-06-10 00:00:00-04:00,87.58858549088677,89.52741858386825,87.22809587296909,89.0792465209961,6911100,0.0,0.0
2025-06-11 00:00:00-04:00,89.74175709260112,93.44405813008116,89.63458471187379,92.93742370605469,14835500,0.0,0.0
2025-06-12 00:00:00-04:00,92.24568789125603,92.62566002749739,91.5539435551952,91.89494323730469,7183300,0.0,0.0
2025-06-13 00:00:00-04:00,91.09602516407575,92.17748659223324,90.76477045870486,90.86219787597656,7119900,0.0,0.0
2025-06-16 00:00:00-04:00,91.56368258109858,92.00210965344951,90.55042113917534,91.0765380859375,5871000,0.0,0.0
2025-06-17 00:00:00-04:00,90.76477125083946,90.81348124328268,88.45570353184718,89.2351303100586,6183000,0.0,0.0
2025-06-18 00:00:00-04:00,89.51766969725993,90.19967644998785,88.88438780054591,89.90738677978516,7319300,0.0,0.0
2025-06-20 00:00:00-04:00,90.68682710632295,91.38831641588226,90.02431025098757,90.72579956054688,9197000,0.0,0.0
2025-06-23 00:00:00-04:00,90.80374004052979,90.81348501271714,88.40698977571543,89.96585083007812,7533000,0.0,0.0
2025-06-24 00:00:00-04:00,90.52119677023748,91.42727842647582,87.98803936174048,89.14744567871094,11373900,0.0,0.0
2025-06-25 00:00:00-04:00,89.40076290028583,89.63459018467908,88.29007400787363,88.75772857666016,6929600,0.0,0.0
2025-06-26 00:00:00-04:00,89.73201595329888,89.82944336723811,88.0952101261203,89.47869873046875,6571600,0.0,0.0
2025-06-27 00:00:00-04:00,89.41049812910661,90.33607713769915,88.00752702575063,89.74176025390625,21491600,0.0,0.0
2025-06-30 00:00:00-04:00,90.04379817917112,91.73906659035097,88.73825433367908,89.27410888671875,10083300,0.0,0.0
2025-07-01 00:00:00-04:00,89.18641339660788,93.39534145868373,89.18641339660788,92.47950744628906,9828400,0.0,0.0
2025-07-02 00:00:00-04:00,92.83026141236738,92.8497513563819,90.94988320969316,91.758544921875,7942300,0.0,0.0
2025-07-03 00:00:00-04:00,91.7780365858098,92.21647117103402,91.34935440680117,92.01187133789062,3557300,0.0,0.0
2025-07-07 00:00:00-04:00,91.73905632044195,92.50873809349473,90.57965002532981,91.232421875,5311200,0.0,0.0
2025-07-08 00:00:00-04:00,91.64162902598956,93.2881799595242,91.36882927130033,92.49900817871094,6985700,0.0,0.0
2025-07-09 00:00:00-04:00,95.04190864626396,95.3731633861405,92.22621362436847,92.80104064941406,8322400,0.0,0.0
2025-07-10 00:00:00-04:00,92.44054344274213,93.27843262996093,91.14474464071664,92.70360565185547,6913600,0.0,0.0
2025-07-11 00:00:00-04:00,91.94366369716906,92.86923535532692,91.71957393682528,92.49900817871094,6339800,0.0,0.0
2025-07-14 00:00:00-04:00,91.27139890045275,91.544198646328,89.89764776599237,91.01808166503906,6048300,0.0,0.0
2025-07-15 00:00:00-04:00,91.21294572387322,91.87546259108704,89.78073959671715,90.10225677490234,8567900,0.0,0.0
2025-07-16 00:00:00-04:00,90.27762983418235,90.8816843072704,89.20590589824715,90.13148498535156,7136900,0.0,0.0
2025-07-17 00:00:00-04:00,88.39724112532184,90.89141849878662,88.24135132286284,90.79399108886719,8589000,0.0,0.0
2025-07-18 00:00:00-04:00,91.62214057757586,92.03134018309265,90.85245135773124,91.38831329345703,5172800,0.0,0.0
2025-07-21 00:00:00-04:00,91.87546723337823,92.84001138343461,90.22891623756833,90.27763366699219,7217300,0.0,0.0
2025-07-22 00:00:00-04:00,90.56016726750302,94.6619308470911,90.46273984587606,94.44758605957031,9992400,0.0,0.0
2025-07-23 00:00:00-04:00,94.84703765679266,95.65569935334295,93.08357685258648,93.45380401611328,11275300,0.0,0.0
2025-07-24 00:00:00-04:00,93.04460150702124,93.12254641267899,91.01807855933163,91.29087829589844,7897600,0.0,0.0
2025-07-25 00:00:00-04:00,90.99859904197639,92.05083300325224,89.93662010886403,91.99237060546875,7224100,0.0,0.0
2025-07-28 00:00:00-04:00,92.48926405544854,93.27843584350511,91.05705789694893,91.26165771484375,10333600,0.0,0.0
2025-07-29 00:00:00-04:00,90.85245285529027,91.96314176470682,89.42024677913852,90.56990814208984,20923600,0.0,0.0
2025-07-30 00:00:00-04:00,95.31469853981427,96.34744254328244,87.75421351027875,90.37505340576172,44794700,0.0,0.0
2025-07-31 00:00:00-04:00,89.24487495926685,90.67708104351351,86.15638047322649,86.86761474609375,16565400,0.0,0.0
2025-08-01 00:00:00-04:00,86.11740818242986,86.22458057215013,83.29196846234507,84.62674713134766,16221300,0.0,0.0
2025-08-04 00:00:00-04:00,84.84108712612309,87.7931815797396,84.70468726203245,87.47166442871094,12500400,0.0,0.0
2025-08-05 00:00:00-04:00,87.34501250105716,88.2316116477448,87.01375036756619,87.88086700439453,6994400,0.0,0.0
2025-08-06 00:00:00-04:00,87.89061442268205,88.036759267019,86.5363532360817,86.70198059082031,7869100,0.0,0.0
2025-08-07 00:00:00-04:00,87.42296034006432,89.01104882673394,87.18912561449527,88.6797866821289,9891800,0.0,0.0
2025-08-08 00:00:00-04:00,88.43620692879682,89.83918543045907,88.41672441993373,89.75150299072266,8035300,0.0,0.0
2025-08-11 00:00:00-04:00,89.67356103750724,90.06327812669892,88.16341010435272,89.38127136230469,9504400,0.0,0.0
2025-08-12 00:00:00-04:00,91.03757554977277,92.41131931046723,90.68683088039633,90.96937561035156,9669300,0.0,0.0
2025-08-13 00:00:00-04:00,90.78425585174816,92.25543442894568,90.35556628225693,91.758544921875,6493400,0.0,0.0
2025-08-14 00:00:00-04:00,91.20318978003685,91.20318978003685,89.71252886644204,90.66732788085938,9803500,0.0,0.0
2025-08-15 00:00:00-04:00,90.76541587326757,90.94194533861462,88.62745122952279,88.85301208496094,8059700,0.61,0.0
2025-08-18 00:00:00-04:00,88.56860406470174,91.77555480688916,88.16651373947437,90.75560760498047,7376200,0.0,0.0
2025-08-19 00:00:00-04:00,90.75559915928126,91.17730798734281,88.9805028627407,89.17664337158203,6815800,0.0,0.0
2025-08-20 00:00:00-04:00,89.20606450728498,89.55912341222033,87.72517896059958,87.78402709960938,5814000,0.0,0.0
2025-08-21 00:00:00-04:00,87.31328679715186,87.47020520476616,86.41102840021412,86.85234832763672,5669200,0.0,0.0
2025-08-22 00:00:00-04:00,87.41135760208633,88.11747547616048,86.60716946378665,86.67581939697266,7625500,0.0,0.0
2025-08-25 00:00:00-04:00,86.51890556415552,86.61697582508647,84.05730235869797,84.1553726196289,11013500,0.0,0.0
2025-08-26 00:00:00-04:00,84.23383526964797,85.51857294968485,83.92000593245264,84.95956420898438,9315200,0.0,0.0
2025-08-27 00:00:00-04:00,84.9595658565639,86.60717177936101,84.83207525789024,85.96971130371094,7677900,0.0,0.0
2025-08-28 00:00:00-04:00,86.51890190209087,86.75427201481894,85.91085433840563,86.32275390625,7905600,0.0,0.0
2025-08-29 00:00:00-04:00,86.30314795782422,86.86215668507796,85.7147189000226,86.48948669433594,6315200,0.0,0.0
2025-09-02 00:00:00-04:00,86.14622605311362,88.2547702833575,85.49895636050452,88.04882049560547,10466200,0.0,0.0
2025-09-03 00:00:00-04:00,87.67614824036177,87.75460743811715,84.62611613871948,85.5676040649414,10201000,0.0,0.0
2025-09-04 00:00:00-04:00,85.48914816293137,86.07757720421985,84.72418966102823,85.33223724365234,6799200,0.0,0.0
2025-09-05 00:00:00-04:00,85.18513372093389,85.66568326335704,83.41983899856885,83.78270721435547,9047200,0.0,0.0
2025-09-08 00:00:00-04:00,83.8513532499481,83.8513532499481,82.06644755023461,82.5469970703125,9213700,0.0,0.0
2025-09-09 00:00:00-04:00,82.57641080739837,83.04715850131389,81.66434322979018,82.19393157958984,8635800,0.0,0.0
2025-09-10 00:00:00-04:00,82.25277602373119,82.38026659984808,81.17398083243265,81.2818603515625,8108000,0.0,0.0
2025-09-11 00:00:00-04:00,81.68395624887117,82.31161481014753,80.5463204301326,80.77188873291016,12046600,0.0,0.0
2025-09-12 00:00:00-04:00,80.78170871749855,80.94842890820316,79.63426347714744,80.32077026367188,9996200,0.0,0.0
2025-09-15 00:00:00-04:00,80.49729486849157,82.25278010603645,80.3992246141281,81.08572387695312,9685900,0.0,0.0
2025-09-16 00:00:00-04:00,81.42897578579256,83.09620008572394,81.39955545688876,82.7431411743164,10244300,0.0,0.0
2025-09-17 00:00:00-04:00,82.85102454559541,83.2236945328014,81.36032963220872,81.61531829833984,6632200,0.0,0.0
2025-09-18 00:00:00-04:00,81.53686266477536,81.98799187396368,81.03669458147196,81.81146240234375,7163700,0.0,0.0
2025-09-19 00:00:00-04:00,82.50776502992474,83.57675105334691,81.77222686526696,82.92947387695312,15315900,0.0,0.0
2025-09-22 00:00:00-04:00,82.60585032360564,83.75328816963338,82.07626189875857,83.6454086303711,7881700,0.0,0.0
2025-09-23 00:00:00-04:00,83.50810083439325,84.51823871318922,83.2138825766378,84.03768920898438,8765500,0.0,0.0
2025-09-24 00:00:00-04:00,83.9298103963488,83.9984603261069,82.50776544810101,82.64506530761719,9664000,0.0,0.0
2025-09-25 00:00:00-04:00,82.90986294808485,83.03735353653754,81.29167748684452,82.21355438232422,8670500,0.0,0.0
2025-09-26 00:00:00-04:00,82.23316500238633,82.98832170533326,81.30148632357664,81.78203582763672,6955500,0.0,0.0
2025-09-29 00:00:00-04:00,82.03702169938524,84.18478797120012,81.93895144425393,83.9886474609375,11222800,0.0,0.0
2025-09-30 00:00:00-04:00,83.58656107616578,83.60617213519612,82.55680464346496,82.96870422363281,7574200,0.0,0.0
2025-10-01 00:00:00-04:00,82.83140077645294,83.49828898882187,82.341042016837,82.7725601196289,8155200,0.0,0.0
2025-10-02 00:00:00-04:00,82.62544767266519,85.57740938188444,82.40968862994556,85.04782104492188,9461500,0.0,0.0
2025-10-03 00:00:00-04:00,84.83206790320186,85.22435641886364,84.30247952940063,84.75360870361328,7634500,0.0,0.0
2025-10-06 00:00:00-04:00,84.6261177730239,84.6261177730239,80.47767926953404,80.52671813964844,14996700,0.0,0.0
2025-10-07 00:00:00-04:00,80.57575346974261,80.86996423065989,79.23216779981678,79.72252655029297,10070100,0.0,0.0
2025-10-08 00:00:00-04:00,79.5656140000352,79.5656140000352,78.38875590540441,78.49663543701172,12397700,0.0,0.0
2025-10-09 00:00:00-04:00,78.57509367448712,78.90853405370476,77.89839616312271,78.24164581298828,9075700,0.0,0.0
2025-10-10 00:00:00-04:00,78.1239633231495,79.64407103041735,76.8980663903781,76.94709777832031,11129800,0.0,0.0
2025-10-13 00:00:00-04:00,77.3295770316836,78.88892182113486,76.99613665742623,78.48682403564453,8052000,0.0,0.0
2025-10-14 00:00:00-04:00,77.7218706391289,79.90887420294487,77.5061115676344,79.58523559570312,7510300,0.0,0.0
2025-10-15 00:00:00-04:00,80.12461691389602,81.71338196062639,79.99712633226758,81.26225280761719,11094300,0.0,0.0
2025-10-16 00:00:00-04:00,81.59569719086605,83.25311224517901,81.4387862736065,82.71371459960938,11552100,0.0,0.0
2025-10-17 00:00:00-04:00,82.62546074892839,84.28287594641213,82.39989240067393,83.71405792236328,8527600,0.0,0.0
2025-10-20 00:00:00-04:00,84.03769090346705,84.67515133765534,82.80198467117175,82.90005493164062,7679700,0.0,0.0
2025-10-21 00:00:00-04:00,82.51757214200879,84.84187537514978,82.0370226487079,84.24363708496094,8262500,0.0,0.0
2025-10-22 00:00:00-04:00,84.1063375299802,84.34170764231543,83.26291985497457,83.85134887695312,5286300,0.0,0.0
2025-10-23 00:00:00-04:00,83.83174058672621,84.24364016748433,83.34138180517192,83.79251098632812,4565500,0.0,0.0
2025-10-24 00:00:00-04:00,84.43977905807823,85.1655079457382,84.20440894251195,84.42996978759766,5844600,0.0,0.0
2025-10-27 00:00:00-04:00,84.6163082367973,85.7539441758049,84.44958805058168,85.5381851196289,7164600,0.0,0.0
2025-10-28 00:00:00-04:00,85.22436332390663,85.85202200690716,83.66501840543722,83.78270721435547,11545600,0.0,0.0
2025-10-29 00:00:00-04:00,82.5175767400214,83.25311492642444,81.67415902103005,82.5469970703125,13881700,0.0,0.0
2025-10-30 00:00:00-04:00,80.64441062038622,84.3907515103648,79.6833040911446,81.54666900634766,18337500,0.0,0.0
2025-10-31 00:00:00-04:00,81.17398815366701,81.18379742418546,78.67316289570003,79.31063079833984,13598000,0.0,0.0
2025-11-03 00:00:00-05:00,79.36946730654151,80.34037553322759,79.04582873688592,79.39888763427734,9525100,0.0,0.0
2025-11-04 00:00:00-05:00,79.61464465400401,79.63425571123511,76.48615352486846,78.06510925292969,17774600,0.0,0.0
2025-11-05 00:00:00-05:00,78.0651082814952,81.50742865945594,77.51590889849261,81.2818603515625,17996200,0.0,0.0
2025-11-06 00:00:00-05:00,80.9778550846189,82.23317246431472,80.28154645939017,80.63460540771484,10382800,0.0,0.0
2025-11-07 00:00:00-05:00,80.75227727650326,84.29266813417577,80.18346679952644,83.91999816894531,15009900,0.0,0.0
2025-11-10 00:00:00-05:00,84.40055096584571,84.48881943718521,82.40969551275325,82.96870422363281,10507600,0.0,0.0
2025-11-11 00:00:00-05:00,83.34138052242442,85.36165627700309,83.26292132283585,84.75360870361328,9575800,0.0,0.0
2025-11-12 00:00:00-05:00,85.94027617097174,87.34270256607913,85.44991739621085,85.5774154663086,11975800,0.0,0.0
2025-11-13 00:00:00-05:00,85.0870608381976,85.60683996761018,84.5280521070186,84.77323150634766,10507700,0.0,0.0
2025-11-14 00:00:00-05:00,84.56578868391708,85.44493247292816,82.9754257540574,83.74591064453125,13434600,0.62,0.0
2025-11-17 00:00:00-05:00,84.15090866041962,85.79065711120438,82.43212665399126,82.66920471191406,8547200,0.0,0.0
2025-11-18 00:00:00-05:00,82.59017452068738,82.81736489430055,81.33566102064106,82.31359100341797,7189400,0.0,0.0
2025-11-19 00:00:00-05:00,82.24444934878093,83.36066361119391,82.01725142716158,82.6593246459961,6195100,0.0,0.0
2025-11-20 00:00:00-05:00,83.00505675015678,84.19042447018732,81.53323288919687,81.61225891113281,8966300,0.0,0.0
2025-11-21 00:00:00-05:00,81.51347647728971,85.52396061267126,81.51347647728971,84.3089599609375,10227700,0.0,0.0
2025-11-24 00:00:00-05:00,84.22005792724445,84.54602708139795,81.81969713276402,82.32347106933594,10805800,0.0,0.0
2025-11-25 00:00:00-05:00,81.81969524312564,84.9707805694101,81.80981510645938,84.86212921142578,9265300,0.0,0.0
2025-11-26 00:00:00-05:00,84.4571264091281,86.2252940535158,84.4571264091281,85.64248657226562,7602600,0.0,0.0
2025-11-28 00:00:00-05:00,85.9684593346007,86.2154099853545,85.34614640778199,86.0474853515625,3677600,0.0,0.0
2025-12-01 00:00:00-05:00,85.15846756686037,85.44493124649799,83.73602930558006,83.87432861328125,8752100,0.0,0.0
2025-12-02 00:00:00-05:00,83.9928572203782,84.95102698638726,83.1927394941107,84.16078186035156,9001900,0.0,0.0
2025-12-03 00:00:00-05:00,83.99285412857026,86.43272776383156,83.93358838401679,86.0474853515625,9303900,0.0,0.0
2025-12-04 00:00:00-05:00,86.23517545680241,86.79822267301326,83.71627565271714,83.96322631835938,10555100,0.0,0.0
2025-12-05 00:00:00-05:00,83.8743265691995,85.45480930080653,83.76566767487,84.0817642211914,9402900,0.0,0.0
2025-12-08 00:00:00-05:00,84.09163815456795,84.45712785368247,82.12591296148094,82.39262390136719,10277600,0.0,0.0
2025-12-09 00:00:00-05:00,82.30371332586195,82.31359346215545,81.01956691579821,81.27639770507812,10322900,0.0,0.0
2025-12-10 00:00:00-05:00,81.20725193669071,82.97541951889411,80.97018141966791,82.8272476196289,10539600,0.0,0.0
2025-12-11 00:00:00-05:00,83.1927439263998,83.96322882034917,82.7185953182498,83.7063980102539,6894000,0.0,0.0
2025-12-12 00:00:00-05:00,84.07188942023454,84.88188734261152,83.82493874223746,84.3089599609375,9071500,0.0,0.0
2025-12-15 00:00:00-05:00,84.95102509490064,86.49199476638996,83.62737320504922,84.35834503173828,11718600,0.0,0.0
2025-12-16 00:00:00-05:00,84.59541866136769,85.4844425569797,83.68664202866925,84.04225158691406,7481400,0.0,0.0
2025-12-17 00:00:00-05:00,83.53847641259733,84.78310996015726,83.46933052308493,84.17066955566406,7947000,0.0,0.0
2025-12-18 00:00:00-05:00,86.62041326161302,89.47516220091688,86.2351708467129,88.32930755615234,16466100,0.0,0.0
2025-12-19 00:00:00-05:00,88.13175300217209,88.17126601224699,87.17358323277988,87.25260925292969,16986700,0.0,0.0
2025-12-22 00:00:00-05:00,87.08468252856184,87.53907082904631,84.99053826271803,85.11894989013672,7161600,0.0,0.0
2025-12-23 00:00:00-05:00,84.97078523551689,85.08932427301306,82.36298670129322,82.8371353149414,9511300,0.0,0.0
2025-12-24 00:00:00-05:00,82.81736817747104,83.58786055284091,82.45188603073416,83.53846740722656,3462700,0.0,0.0
2025-12-26 00:00:00-05:00,83.54835026005586,84.12127760793206,83.39029821801986,84.04225158691406,5046200,0.0,0.0
2025-12-29 00:00:00-05:00,84.08176744009955,85.73139611885674,83.94347566681071,84.52627563476562,5352400,0.0,0.0
2025-12-30 00:00:00-05:00,84.20029442403138,84.70407587761753,84.01261704825302,84.21017456054688,4540500,0.0,0.0
2025-12-31 00:00:00-05:00,84.07188523189191,84.14103111683289,83.09396270591643,83.182861328125,5293400,0.0,0.0
2026-01-02 00:00:00-05:00,83.19274382455417,83.92371570556814,82.00737607379851,82.94579315185547,11334900,0.0,0.0
2026-01-05 00:00:00-05:00,82.48151506770206,86.18577472643119,82.38273631740306,85.50418853759766,9894300,0.0,0.0
2026-01-06 00:00:00-05:00,85.50419850906782,89.53443529649049,85.30664098543073,88.36882781982422,11351100,0.0,0.0
2026-01-07 00:00:00-05:00,87.93418858250885,88.28979813939753,85.41529634693954,85.63261413574219,9547000,0.0,0.0
2026-01-08 00:00:00-05:00,84.81273691405744,88.20090033625684,84.56578624928004,87.10443878173828,8140100,0.0,0.0
2026-01-09 00:00:00-05:00,87.27236422916205,88.0132162303202,85.73139447838072,87.7958984375,7593200,0.0,0.0
2026-01-12 00:00:00-05:00,87.32176209947663,89.12944288878275,86.53151690763688,88.86273193359375,7289500,0.0,0.0
2026-01-13 00:00:00-05:00,88.59602270079647,89.49491919959753,88.37870491048477,89.45540618896484,5561900,0.0,0.0
2026-01-14 00:00:00-05:00,89.15907185639867,90.40369780493451,89.05041295887527,90.03821563720703,8373200,0.0,0.0
2026-01-15 00:00:00-05:00,90.9469869072056,93.0213709016022,90.522231479221,92.14222717285156,10001700,0.0,0.0
2026-01-16 00:00:00-05:00,92.22125598990033,92.52747239971629,91.09516157201487,91.85576629638672,8958200,0.0,0.0
2026-01-20 00:00:00-05:00,90.64077444663907,92.66576538353124,89.67272452112915,92.5176010131836,13555200,0.0,0.0
2026-01-21 00:00:00-05:00,92.6756416235212,95.34270568634167,92.58674300505061,95.2538070678711,17118100,0.0,0.0
2026-01-22 00:00:00-05:00,95.29331824564373,96.60709751536747,93.70295545310148,94.66112518310547,14150800,0.0,0.0
2026-01-23 00:00:00-05:00,95.91563679723156,96.69600180314241,94.59198485001765,96.4292984008789,11759800,0.0,0.0
2026-01-26 00:00:00-05:00,96.0242928994753,96.77502500955593,94.62161497152846,95.155029296875,14106700,0.0,0.0
2026-01-27 00:00:00-05:00,94.60185295505244,95.4711240779682,94.07831877584319,94.5524673461914,16403600,0.0,0.0
2026-01-28 00:00:00-05:00,101.05221618827593,103.5414756014945,93.94003244016977,93.99930572509766,25961600,0.0,0.0
2026-01-29 00:00:00-05:00,95.57978548184809,95.71807724843309,91.48040302178585,92.73490905761719,16602900,0.0,0.0
2026-01-30 00:00:00-05:00,91.58906534500318,92.07308654617718,89.89004353608965,90.82845306396484,10748000,0.0,0.0
2026-02-02 00:00:00-05:00,90.72966925636787,91.48040135870701,89.51467625255408,90.57162475585938,8675100,0.0,0.0
2026-02-03 00:00:00-05:00,90.50248104938099,93.24857119670969,90.1765043678053,91.90515899658203,8361300,0.0,0.0
2026-02-04 00:00:00-05:00,92.57686521549682,95.92551558349076,92.37930016443848,95.78722381591797,9077100,0.0,0.0
2026-02-05 00:00:00-05:00,95.67856599242494,96.26136594281151,94.19686200642165,94.89820098876953,6776700,0.0,0.0
2026-02-06 00:00:00-05:00,95.12540411203209,98.36539579925865,94.8290602841096,98.23697662353516,8067100,0.0,0.0
2026-02-09 00:00:00-05:00,97.82209068653273,98.76050768230905,97.06148599729876,97.772705078125,7150600,0.0,0.0
2026-02-10 00:00:00-05:00,97.77271145773246,98.4542901743837,96.26136704419454,96.34039306640625,8543500,0.0,0.0
2026-02-11 00:00:00-05:00,96.54783060842797,98.10856063175264,96.14283543365978,97.91100311279297,6949100,0.0,0.0
2026-02-12 00:00:00-05:00,98.78026674021669,99.96562692656478,95.26369165589257,95.57978820800781,9537300,0.0,0.0
2026-02-13 00:00:00-05:00,95.30141445991738,96.35523530296811,93.0545815901715,93.24347686767578,8949000,0.62,0.0
2026-02-17 00:00:00-05:00,94.34700962498877,94.95345570012813,93.07446952795449,94.83415222167969,8660000,0.0,0.0
2026-02-18 00:00:00-05:00,94.48619774394605,96.09676064782622,93.71074405927926,95.2020034790039,6068100,0.0,0.0
2026-02-19 00:00:00-05:00,94.82420949623568,95.38095148401003,94.20782714593399,95.24176788330078,5676700,0.0,0.0
2026-02-20 00:00:00-05:00,94.6552001661086,97.21022419593339,94.34700899667415,96.92191314697266,8788300,0.0,0.0
2026-02-23 00:00:00-05:00,95.57978266945607,96.61372340289903,93.00487848116951,94.22770690917969,7696700,0.0,0.0
2026-02-24 00:00:00-05:00,94.26747715289238,96.17628736283933,93.4621995047761,95.9476318359375,6537300,0.0,0.0
2026-02-25 00:00:00-05:00,96.70319435899141,97.62777545664838,95.3411823443884,97.3593521118164,6294100,0.0,0.0
2026-02-26 00:00:00-05:00,97.79679494983986,99.21846255905768,97.26987691969174,97.50848388671875,6246100,0.0,0.0
2026-02-27 00:00:00-05:00,95.83827431914469,97.85644420294449,95.5499632521822,97.4488296508789,7286900,0.0,0.0
2026-03-02 00:00:00-05:00,95.15229001337502,96.54413362933853,94.94351460872112,96.19617462158203,7250600,0.0,0.0
2026-03-03 00:00:00-05:00,94.36689172107373,96.52424513651856,93.84992514018283,96.11663818359375,7197200,0.0,0.0
2026-03-04 00:00:00-05:00,96.78273200118426,97.60789734309037,95.29147262494124,96.58390045166016,6233400,0.0,0.0
2026-03-05 00:00:00-05:00,96.55407799757927,98.35352857939094,96.37512656621574,98.11492919921875,9608100,0.0,0.0
2026-03-06 00:00:00-05:00,96.50436726032227,98.64184060446543,95.00316399281648,98.41317749023438,10826700,0.0,0.0
2026-03-09 00:00:00-04:00,97.6774896454117,99.79507523997138,96.25582206269677,99.18862915039062,9376800,0.0,0.0
2026-03-10 00:00:00-04:00,98.79096429400904,100.55064699837229,97.68743176273576,100.18280029296875,8005800,0.0,0.0
2026-03-11 00:00:00-04:00,100.41146894120493,101.0974507106566,99.0792808158244,100.84890747070312,8815800,0.0,0.0
2026-03-12 00:00:00-04:00,100.43134643563813,101.84307776619418,99.30793375101567,99.59624481201172,12248300,0.0,0.0
2026-03-13 00:00:00-04:00,100.05356595080298,100.63018808719963,98.28393929801261,98.57225036621094,9400400,0.0,0.0
2026-03-16 00:00:00-04:00,98.65177979455204,99.3178738144,96.81255386924275,97.24999237060547,6871000,0.0,0.0
2026-03-17 00:00:00-04:00,97.87631900670242,98.20439788420695,96.86226598570518,97.00144958496094,5382700,0.0,0.0
2026-03-18 00:00:00-04:00,95.62949287569872,96.36517869174271,92.02064042462277,92.12006378173828,7598400,0.0,0.0
2026-03-19 00:00:00-04:00,91.61303459733455,95.69908583853243,91.05629261347848,95.27159118652344,10524500,0.0,0.0
2026-03-20 00:00:00-04:00,94.41660061491126,95.78855647308635,91.6826251663103,92.01070404052734,13961900,0.0,0.0
2026-03-23 00:00:00-04:00,93.26336119497638,94.46630954374145,93.04464193430317,93.28324890136719,7438300,0.0,0.0
2026-03-24 00:00:00-04:00,92.76627501319551,93.04464222403273,91.25513547510594,91.44403076171875,6262800,0.0,0.0
2026-03-25 00:00:00-04:00,91.79198905386441,92.98499354377302,91.33467041323486,92.15982818603516,7007500,0.0,0.0
2026-03-26 00:00:00-04:00,91.77209850079262,92.2194808593337,90.20131107429097,90.6884536743164,6134000,0.0,0.0
2026-03-27 00:00:00-04:00,90.22119738696965,90.42002894778673,85.10120505408243,86.30415344238281,12433600,0.0,0.0
2026-03-30 00:00:00-04:00,85.8965408757594,87.34803241306469,85.7175894486978,86.21467590332031,7422100,0.0,0.0
2026-03-31 00:00:00-04:00,87.48721610118251,89.57497769570054,86.95036181946006,89.06794738769531,9564200,0.0,0.0
2026-04-01 00:00:00-04:00,89.7241094772131,90.49956317101615,88.95859963677458,89.90306091308594,8044500,0.0,0.0
2026-04-02 00:00:00-04:00,89.27672843411708,90.68845211560522,87.64628550353751,89.8434066772461,7340000,0.0,0.0
2026-04-06 00:00:00-04:00,89.47556162744534,94.26747473565104,89.29661020079295,94.22770690917969,7236700,0.0,0.0
2026-04-07 00:00:00-04:00,93.98911072307162,94.79438837785088,93.29318511362571,94.65520477294922,6205600,0.0,0.0
2026-04-08 00:00:00-04:00,96.93185811036982,97.55818430912093,95.44059875482566,96.64354705810547,8232300,0.0,0.0
2026-04-09 00:00:00-04:00,96.43477552403283,97.33947654343042,95.61955401372202,96.35523986816406,5320500,0.0,0.0
2026-04-10 00:00:00-04:00,96.43477242724136,96.71313962890527,95.50024746313761,96.03710174560547,5356400,0.0,0.0
2026-04-13 00:00:00-04:00,96.03710265046347,97.10086737252324,94.89380227433966,96.91197967529297,5249200,0.0,0.0
2026-04-14 00:00:00-04:00,97.30964374341345,98.42312015657033,96.99150870893112,97.89620971679688,4995500,0.0,0.0
2026-04-15 00:00:00-04:00,97.91608759724888,98.60206933103368,97.23011344840143,97.76696014404297,5211600,0.0,0.0
2026-04-16 00:00:00-04:00,97.77690612250608,98.57224750026954,97.20028400287445,97.78684997558594,5645500,0.0,0.0
2026-04-17 00:00:00-04:00,98.49270863596408,100.83895728047878,98.33364491655723,99.41728973388672,8133400,0.0,0.0
2026-04-20 00:00:00-04:00,98.42311713553583,99.14886669017027,97.72719913925948,98.37340545654297,6581800,0.0,0.0
2026-04-21 00:00:00-04:00,98.42312230699154,98.58219362017697,96.28564894192287,97.23011779785156,4564200,0.0,0.0
2026-04-22 00:00:00-04:00,97.50848250752117,99.07927755267855,97.0014521909324,98.9400863647461,5730100,0.0,0.0
2026-04-23 00:00:00-04:00,99.38747086750877,100.22257250341461,98.62195344965741,98.95997619628906,4515300,0.0,0.0
2026-04-24 00:00:00-04:00,98.81084507762132,98.93014855759138,97.42894533728543,98.09503936767578,6092500,0.0,0.0
2026-04-27 00:00:00-04:00,98.16463318273927,98.92020673484825,97.26987602694409,97.31958770751953,5311600,0.0,0.0
2026-04-28 00:00:00-04:00,97.90615447404882,98.1049860280849,95.88797703438836,96.71314239501953,10383500,0.0,0.0
2026-04-29 00:00:00-04:00,101.40564095013514,106.64492906185288,99.49683070557646,104.88524627685547,25449200,0.0,0.0
2026-04-30 00:00:00-04:00,104.93495919447386,105.33262231140475,103.22498048589512,104.71623992919922,9485900,0.0,0.0
2026-05-01 00:00:00-04:00,105.0840740740595,106.89346847583346,104.81565072440102,105.28291320800781,6362300,0.0,0.0
2026-05-04 00:00:00-04:00,105.18350278409554,106.05837226315977,104.07997018559321,104.35833740234375,5487700,0.0,0.0
2026-05-05 00:00:00-04:00,104.14955504447222,105.4519191152505,103.74194051502838,104.32850646972656,6458500,0.0,0.0
2026-05-06 00:00:00-04:00,104.13961610685281,106.92330338998478,103.79165709269571,105.81977081298828,8665700,0.0,0.0
2026-05-07 00:00:00-04:00,105.33262057029984,105.48174802915278,102.34016546468884,103.65247344970703,9179300,0.0,0.0
2026-05-08 00:00:00-04:00,103.8115350529011,104.8156518313668,103.64252747596319,104.31856536865234,4538300,0.0,0.0
2026-05-11 00:00:00-04:00,104.33844283076546,107.41044103621964,104.33844283076546,105.12384033203125,6499500,0.0,0.0
2026-05-12 00:00:00-04:00,104.95483706336907,106.53557598350667,103.73200100873666,105.95895385742188,6366000,0.0,0.0
2026-05-13 00:00:00-04:00,106.14784021114073,107.42038793063936,104.85541995538723,105.3326187133789,8638900,0.0,0.0
2026-05-14 00:00:00-04:00,107.4999136601511,108.24554334010158,105.7302870999919,105.77999877929688,9941400,0.0,0.0
2026-05-15 00:00:00-04:00,105.75,107.87999725341797,105.0,106.81999969482422,6463900,0.62,0.0
2026-05-18 00:00:00-04:00,106.79000091552734,108.11000061035156,105.83999633789062,106.5999984741211,6587800,0.0,0.0
2026-05-19 00:00:00-04:00,105.54000091552734,107.55999755859375,105.11000061035156,106.37999725341797,5265800,0.0,0.0
2026-05-20 00:00:00-04:00,106.37999725341797,107.45999908447266,105.41000366210938,106.5,6632500,0.0,0.0
2026-05-21 00:00:00-04:00,105.86000061035156,106.16000366210938,103.62000274658203,104.12999725341797,8342800,0.0,0.0
2026-05-22 00:00:00-04:00,104.04000091552734,104.30000305175781,102.38999938964844,103.11000061035156,9095700,0.0,0.0
2026-05-26 00:00:00-04:00,103.08000183105469,103.97000122070312,100.80000305175781,101.41999816894531,9099100,0.0,0.0
2026-05-27 00:00:00-04:00,101.77999877929688,102.7699966430664,100.12999725341797,102.0999984741211,8901400,0.0,0.0
2026-05-28 00:00:00-04:00,101.73999786376953,102.25,100.37000274658203,100.75,6261500,0.0,0.0
2026-05-29 00:00:00-04:00,100.5,100.91000366210938,98.58000183105469,99.16000366210938,8206600,0.0,0.0
2026-06-01 00:00:00-04:00,98.25,98.33999633789062,95.58999633789062,96.51000213623047,8191500,0.0,0.0
2026-06-02 00:00:00-04:00,95.80000305175781,97.9000015258789,95.4000015258789,95.51000213623047,9546600,0.0,0.0
2026-06-03 00:00:00-04:00,95.4800033569336,98.19999694824219,95.22000122070312,95.88999938964844,8541800,0.0,0.0
2026-06-04 00:00:00-04:00,97.79000091552734,98.23999786376953,93.80999755859375,94.13999938964844,7524400,0.0,0.0
2026-06-05 00:00:00-04:00,94.29000091552734,95.98999786376953,93.63999938964844,95.29000091552734,7623300,0.0,0.0
2026-06-08 00:00:00-04:00,94.83999633789062,95.7699966430664,94.47000122070312,94.81999969482422,7306400,0.0,0.0
2026-06-09 00:00:00-04:00,95.1500015258789,98.44000244140625,94.97000122070312,97.41000366210938,10619700,0.0,0.0
2026-06-10 00:00:00-04:00,97.58000183105469,99.55999755859375,96.9000015258789,98.76000213623047,8724700,0.0,0.0
2026-06-11 00:00:00-04:00,98.95999908447266,102.55999755859375,98.88999938964844,102.27999877929688,10434800,0.0,0.0
2026-06-12 00:00:00-04:00,102.77999877929688,103.69000244140625,101.80000305175781,103.04000091552734,5305500,0.0,0.0
2026-06-15 00:00:00-04:00,103.48999786376953,103.61000061035156,101.41000366210938,101.58999633789062,7054400,0.0,0.0
2026-06-16 00:00:00-04:00,101.76000213623047,102.55999755859375,100.45999908447266,101.68000030517578,6646100,0.0,0.0
2026-06-17 00:00:00-04:00,100.54000091552734,101.80999755859375,98.69000244140625,99.81999969482422,6932300,0.0,0.0
2026-06-18 00:00:00-04:00,100.55999755859375,101.5199966430664,99.52999877929688,100.6500015258789,10603900,0.0,0.0
2026-06-22 00:00:00-04:00,100.6500015258789,101.80000305175781,99.95999908447266,100.1500015258789,5731000,0.0,0.0
2026-06-23 00:00:00-04:00,100.45999908447266,101.33000183105469,99.25,101.05000305175781,6001600,0.0,0.0
2026-06-24 00:00:00-04:00,101.23999786376953,104.66000366210938,101.23999786376953,103.52999877929688,6989500,0.0,0.0
2026-06-25 00:00:00-04:00,103.0999984741211,104.29000091552734,102.73999786376953,103.16000366210938,6853500,0.0,0.0
2026-06-26 00:00:00-04:00,103.44000244140625,104.91999816894531,102.70999908447266,104.5999984741211,17150800,0.0,0.0
2026-06-29 00:00:00-04:00,104.80999755859375,104.95999908447266,103.20999908447266,104.05999755859375,6788800,0.0,0.0
2026-06-30 00:00:00-04:00,103.9800033569336,104.58000183105469,102.12999725341797,102.19000244140625,7140000,0.0,0.0
2026-07-01 00:00:00-04:00,102.44000244140625,103.76000213623047,101.4000015258789,103.38999938964844,7464100,0.0,0.0
2026-07-02 00:00:00-04:00,104.0,105.75,103.18000030517578,104.2699966430664,7950200,0.0,0.0
2026-07-06 00:00:00-04:00,103.86000061035156,104.44999694824219,100.08999633789062,102.11000061035156,7404200,0.0,0.0
2026-07-07 00:00:00-04:00,103.56999969482422,105.75,102.88999938964844,103.61000061035156,5556600,0.0,0.0
2026-07-08 00:00:00-04:00,104.29000091552734,104.30000305175781,101.8499984741211,103.87000274658203,7084100,0.0,0.0
2026-07-09 00:00:00-04:00,103.6500015258789,107.44999694824219,103.20999908447266,106.41000366210938,7012700,0.0,0.0
2026-07-10 00:00:00-04:00,106.30000305175781,107.55999755859375,105.55000305175781,106.01000213623047,4686900,0.0,0.0
2026-07-13 00:00:00-04:00,106.33999633789062,108.23999786376953,105.94999694824219,107.33999633789062,6278500,0.0,0.0
2026-07-14 00:00:00-04:00,107.61000061035156,108.4800033569336,106.1500015258789,106.16999816894531,5153200,0.0,0.0
2026-07-15 00:00:00-04:00,106.37999725341797,107.41000366210938,104.70500183105469,105.11000061035156,4693664,0.0,0.0
