Date,Open,High,Low,Close,Volume,Dividends,Stock Splits
2022-01-03 00:00:00-05:00,30.283482346796365,30.41652097709434,29.7759660709307,30.086389541625977,1311200,0.0,0.0
2022-01-04 00:00:00-05:00,30.401742020967383,30.815639389213278,30.2834848244824,30.53970718383789,2239600,0.0,0.0
2022-01-05 00:00:00-05:00,30.505212485977122,30.84519883349235,30.204643946464714,30.224353790283203,1574100,0.0,0.0
2022-01-06 00:00:00-05:00,30.283490361301013,30.63826013598519,30.165235022829428,30.4805850982666,1075400,0.0,0.0
2022-01-07 00:00:00-05:00,30.451015923421313,30.6284007851299,29.6232211552042,30.135665893554688,2093900,0.0,0.0
2022-01-10 00:00:00-05:00,29.869586944580078,30.19479187980017,29.229031996981032,29.869586944580078,1807400,0.0,0.0
2022-01-11 00:00:00-05:00,29.97798967240633,30.16522944996865,29.623219963263914,30.15537452697754,2235800,0.0,0.0
2022-01-12 00:00:00-05:00,30.313050632371457,30.317977154228082,29.59365814470039,29.968135833740234,2066700,0.0,0.0
2022-01-13 00:00:00-05:00,30.056827197778293,30.401741984171476,29.953353325750648,30.046972274780273,1415100,0.0,0.0
2022-01-14 00:00:00-05:00,29.771042303036666,29.928719203198852,29.081214558136708,29.56409454345703,1337500,0.0,0.0
2022-01-18 00:00:00-05:00,29.18961123411704,29.5443790223584,29.02208132202407,29.347286224365234,1392000,0.0,0.0
2022-01-19 00:00:00-05:00,29.49511145710418,29.780896722104714,28.9826667092559,29.002376556396484,1177100,0.0,0.0
2022-01-20 00:00:00-05:00,29.140341390742424,29.332507699058716,28.36182123402071,28.39138412475586,860300,0.0,0.0
2022-01-21 00:00:00-05:00,28.322400143310386,28.381527801498915,27.829665272592457,27.859230041503906,1233500,0.0,0.0
2022-01-24 00:00:00-05:00,27.49461137417884,28.42095365836545,27.258098810486793,28.2534236907959,2281000,0.0,0.0
2022-01-25 00:00:00-05:00,27.8000999777829,27.952848461484265,26.696374940849296,27.189109802246094,2084600,0.0,0.0
2022-01-26 00:00:00-05:00,27.307366156600846,27.593153289321904,26.440153594547006,26.617538452148438,1421100,0.0,0.0
2022-01-27 00:00:00-05:00,26.71608883959758,27.061001791195682,26.026259177132147,26.814634323120117,1824700,0.0,0.0
2022-01-28 00:00:00-05:00,26.88361471447769,27.248237459316098,26.321895393592506,27.189109802246094,1817200,0.0,0.0
2022-01-31 00:00:00-05:00,27.189114275498266,27.72126703594867,26.972311577482863,27.70155906677246,2117300,0.0,0.0
2022-02-01 00:00:00-05:00,27.80009690184514,28.026756341531055,27.327071938354234,27.593149185180664,1307000,0.0,0.0
2022-02-02 00:00:00-05:00,27.573442718653368,27.98734008230556,27.460113924748338,27.90850257873535,1182400,0.0,0.0
2022-02-03 00:00:00-05:00,27.652282029617144,27.701556647340656,26.558411831037816,26.647104263305664,1623000,0.0,0.0
2022-02-04 00:00:00-05:00,26.41058624158324,26.79492068866885,25.92770633181158,26.59782600402832,1274700,0.0,0.0
2022-02-07 00:00:00-05:00,26.66680880129419,26.75550122215581,26.144511078036018,26.331748962402344,1319100,0.0,0.0
2022-02-08 00:00:00-05:00,26.420446342809022,27.09056614638504,26.420446342809022,27.021583557128906,1640400,0.0,0.0
2022-02-09 00:00:00-05:00,27.26794730488421,27.435477232944493,27.09056245403987,27.189109802246094,747500,0.0,0.0
2022-02-10 00:00:00-05:00,26.755505073175573,27.711411995686017,26.66681263954812,27.42562484741211,1774900,0.0,0.0
2022-02-11 00:00:00-05:00,27.524173024325822,27.721265865206632,26.89347292609195,27.12013053894043,1021500,0.0,0.0
2022-02-14 00:00:00-05:00,27.139837981998095,27.38620542099386,26.942743278947727,27.051145553588867,1124600,0.0,0.0
2022-02-15 00:00:00-05:00,27.21867864697415,27.829668914015254,27.18911387419425,27.80010414123535,1234600,0.0,0.0
2022-02-16 00:00:00-05:00,27.622717549862877,27.898647874706175,27.336930422407328,27.75082778930664,1275800,0.0,0.0
2022-02-17 00:00:00-05:00,27.5931530424795,27.740973129280192,23.843440337215338,24.37066650390625,5142900,0.0,0.0
2022-02-18 00:00:00-05:00,23.81880489451318,25.050642131756028,23.700547692698702,24.124300003051758,4722000,0.0,0.0
2022-02-22 00:00:00-05:00,24.439648351088007,25.178750642507616,24.15386310914894,24.567760467529297,6468200,0.0,0.0
2022-02-23 00:00:00-05:00,24.56776150085106,24.819055463464064,23.395051956176758,23.395051956176758,2394900,0.0,0.0
2022-02-24 00:00:00-05:00,22.724929814151437,23.769529006207755,22.577109741202854,23.65127182006836,3304100,0.0,0.0
2022-02-25 00:00:00-05:00,23.53301612118406,24.04053430588209,22.892461178168503,23.85822105407715,3861100,0.0,0.0
2022-02-28 00:00:00-05:00,23.60200363673835,23.956771504246902,23.01564787358407,23.946916580200195,2154300,0.0,0.0
2022-03-01 00:00:00-05:00,23.779383771495336,24.025751204136597,22.90231631277544,23.099411010742188,1968600,0.0,0.0
2022-03-02 00:00:00-05:00,23.311512365943123,24.04647203133585,23.281917912308806,23.804773330688477,2587400,0.025,0.0
2022-03-03 00:00:00-05:00,23.913288750018978,24.179650093670183,23.577871179859912,23.933019638061523,1950300,0.0,0.0
2022-03-04 00:00:00-05:00,23.577871322631836,23.72584922056488,23.133937628832705,23.577871322631836,3363500,0.0,0.0
2022-03-07 00:00:00-05:00,23.49895494680818,23.686394663302366,22.26580238342285,22.26580238342285,2317100,0.0,0.0
2022-03-08 00:00:00-05:00,22.22634270803974,22.364455194431585,21.65415998802017,21.910654067993164,3468000,0.0,0.0
2022-03-09 00:00:00-05:00,22.630814595495924,23.18326637371204,22.384184102158564,23.084613800048828,2353100,0.0,0.0
2022-03-10 00:00:00-05:00,22.734398631635475,22.837982985787658,22.191812306574345,22.561758041381836,1853200,0.0,0.0
2022-03-11 00:00:00-05:00,22.828114897620093,22.98595824233337,22.61108076904961,22.69000244140625,1876700,0.0,0.0
2022-03-14 00:00:00-04:00,22.69000513187612,23.05501908583283,22.275665832463165,22.41377830505371,1538300,0.0,0.0
2022-03-15 00:00:00-04:00,22.43350997216039,22.650544133975767,21.96984531124698,22.196744918823242,2281500,0.0,0.0
2022-03-16 00:00:00-04:00,22.354585221203436,23.31151074904576,22.354585221203436,23.301647186279297,2168700,0.0,0.0
2022-03-17 00:00:00-04:00,23.015558477236464,23.75544998663966,22.976098575188495,23.656797409057617,1574600,0.0,0.0
2022-03-18 00:00:00-04:00,23.55814515437402,24.17965508451059,23.439763564966107,24.15005874633789,2110300,0.0,0.0
2022-03-21 00:00:00-04:00,24.150056919196533,24.238844045355744,23.41016545563065,24.031675338745117,2128500,0.0,0.0
2022-03-22 00:00:00-04:00,24.21911052256229,24.643315216632768,24.066200840960903,24.15991973876953,1498400,0.0,0.0
2022-03-23 00:00:00-04:00,23.814636897567176,24.312831486387463,23.676524440456333,23.775177001953125,1362800,0.0,0.0
2022-03-24 00:00:00-04:00,23.83436711516806,23.972479568390522,23.627198435334375,23.8442325592041,1150400,0.0,0.0
2022-03-25 00:00:00-04:00,24.011944275580362,24.426283567465592,23.933022595299423,24.3276309967041,2397500,0.0,0.0
2022-03-28 00:00:00-04:00,24.179653160642115,24.37695642117056,23.893560892660126,24.20924949645996,912900,0.0,0.0
2022-03-29 00:00:00-04:00,24.55452913819206,24.830755943637875,24.357225889994623,24.7025089263916,1464400,0.0,0.0
2022-03-30 00:00:00-04:00,24.623584703874258,25.01819495289007,24.446012349786486,24.741968154907227,1529900,0.0,0.0
2022-03-31 00:00:00-04:00,24.58412778213824,25.368412830396018,24.485475207949328,25.047792434692383,2567600,0.0,0.0
2022-04-01 00:00:00-04:00,25.106982075258475,25.353612540117044,24.429241286870816,24.712371826171875,2008800,0.0,0.0
2022-04-04 00:00:00-04:00,24.682780356327154,25.126714117715245,24.455880752841594,25.047792434692383,1383200,0.0,0.0
2022-04-05 00:00:00-04:00,25.00832886463622,25.116844986844704,24.6038550632856,24.751832962036133,1479000,0.0,0.0
2022-04-06 00:00:00-04:00,24.455883799122333,24.559468168184793,23.962622748377388,24.238847732543945,1367800,0.0,0.0
2022-04-07 00:00:00-04:00,24.090865902991432,24.60385776451234,23.933022542775966,24.446014404296875,1088800,0.0,0.0
2022-04-08 00:00:00-04:00,24.33749751712967,24.83075851108719,24.23884494200989,24.663049697875977,1341400,0.0,0.0
2022-04-11 00:00:00-04:00,24.653184260499494,25.03792723379065,24.524937229949565,24.633453369140625,1285300,0.0,0.0
2022-04-12 00:00:00-04:00,24.820894566994987,25.077390525167036,24.219115515835888,24.317768096923828,931400,0.0,0.0
2022-04-13 00:00:00-04:00,24.40655123680999,24.737037047113574,24.199382543912566,24.67291259765625,898100,0.0,0.0
2022-04-14 00:00:00-04:00,24.524932162462814,24.998462167383945,24.524932162462814,24.682775497436523,1011500,0.0,0.0
2022-04-18 00:00:00-04:00,24.643317446891352,25.125726988481834,24.643317446891352,24.83075714111328,1209000,0.0,0.0
2022-04-19 00:00:00-04:00,24.811026438939454,25.71862669989283,24.811026438939454,25.64957046508789,1331700,0.0,0.0
2022-04-20 00:00:00-04:00,25.96525812639334,26.35000109519166,25.827145651776785,26.25135040283203,1316000,0.0,0.0
2022-04-21 00:00:00-04:00,26.340136994115163,26.379596893926042,25.763020671045453,26.054044723510742,1683100,0.0,0.0
2022-04-22 00:00:00-04:00,25.827144722464304,26.063909762562552,25.60024512757531,25.61997413635254,1697900,0.0,0.0
2022-04-25 00:00:00-04:00,25.51145898429563,26.113236112092892,24.870218192501085,26.103370666503906,2038500,0.0,0.0
2022-04-26 00:00:00-04:00,25.75808866956144,25.809387856027104,25.274693140741633,25.294422149658203,1517300,0.0,0.0
2022-04-27 00:00:00-04:00,25.245095532086506,25.462129672356564,24.692643795809232,25.314151763916016,1404500,0.0,0.0
2022-04-28 00:00:00-04:00,25.61011107264935,26.04418129401467,25.018199358181988,25.87647247314453,5290300,0.0,0.0
2022-04-29 00:00:00-04:00,25.718626272472054,26.172427336227607,25.215499865144505,25.27469253540039,1194200,0.0,0.0
2022-05-02 00:00:00-04:00,25.02806205425794,25.58051380515748,24.766632464730897,25.27469253540039,1239800,0.0,0.0
2022-05-03 00:00:00-04:00,25.195771902461665,25.787683576458093,25.17604101155743,25.639705657958984,1275800,0.0,0.0
2022-05-04 00:00:00-04:00,25.619974882179566,26.636093188617714,25.432537062671052,26.547306060791016,2240400,0.0,0.0
2022-05-05 00:00:00-04:00,26.724879501617927,27.52396174605332,26.507845352237318,26.853126525878906,1794600,0.0,0.0
2022-05-06 00:00:00-04:00,27.020832881673655,27.24773433732417,26.37959405521001,26.626224517822266,1354400,0.0,0.0
2022-05-09 00:00:00-04:00,26.300673800772028,26.56703516635136,25.763019288017244,26.31053924560547,1221700,0.0,0.0
2022-05-10 00:00:00-04:00,26.419054364171235,26.458514257542827,25.324014568904726,25.53118324279785,1424700,0.0,0.0
2022-05-11 00:00:00-04:00,25.41280799300894,26.083643281715368,25.29442452020838,25.580516815185547,1261000,0.0,0.0
2022-05-12 00:00:00-04:00,25.412802941413972,25.767951407577247,25.01819457992205,25.570646286010742,1567000,0.0,0.0
2022-05-13 00:00:00-04:00,25.649568833767123,26.57689992615515,25.649568833767123,26.409191131591797,1522600,0.0,0.0
2022-05-16 00:00:00-04:00,26.389463330938394,26.902455219245894,26.22175451674715,26.53744125366211,973200,0.0,0.0
2022-05-17 00:00:00-04:00,26.98137570118426,27.622614592174333,26.92218491106059,27.523962020874023,1114600,0.0,0.0
2022-05-18 00:00:00-04:00,27.198412105031885,27.681807674627958,26.89752258438787,26.932050704956055,1214000,0.0,0.0
2022-05-19 00:00:00-04:00,26.685417934867097,27.740997999573327,26.685417934867097,27.642345428466797,1831600,0.0,0.0
2022-05-20 00:00:00-04:00,27.80019256668608,27.938305056015267,27.030704665477298,27.731136322021484,2724400,0.0,0.0
2022-05-23 00:00:00-04:00,27.89884200498451,28.066550815246305,27.33652290118343,27.63248062133789,1443700,0.0,0.0
2022-05-24 00:00:00-04:00,27.36612075165837,27.46477333050092,26.882725185135477,27.228008270263672,898300,0.0,0.0
2022-05-25 00:00:00-04:00,27.020834332928523,27.208274021440495,26.261213897331757,26.34013557434082,1593300,0.0,0.0
2022-05-26 00:00:00-04:00,27.099755045790115,27.37598184631491,26.729809345164234,26.941911697387695,3083700,0.0,0.0
2022-05-27 00:00:00-04:00,27.08003035218946,27.287199074353186,26.92218697864335,27.19841194152832,1503900,0.0,0.0
2022-05-31 00:00:00-04:00,27.05536432326334,27.12935422380297,26.276012944014855,26.458518981933594,1846900,0.0,0.0
2022-06-01 00:00:00-04:00,26.720187226442828,26.957173144593046,26.23634074146155,26.74981117248535,1171200,0.025,0.0
2022-06-02 00:00:00-04:00,26.749810995455334,27.332402079992786,26.66094104131256,27.18428611755371,964300,0.0,0.0
2022-06-03 00:00:00-04:00,26.93742955344026,27.016424870700916,26.186973097765577,26.38446044921875,631700,0.0,0.0
2022-06-06 00:00:00-04:00,26.61157292523383,26.789310971786673,26.483204360982647,26.65106964111328,1093900,0.0,0.0
2022-06-07 00:00:00-04:00,26.28571245705908,26.493074417114258,25.594502156748725,26.493074417114258,1075000,0.0,0.0
2022-06-08 00:00:00-04:00,26.49308112724276,26.67082107139151,25.87099320611917,26.157350540161133,940500,0.0,0.0
2022-06-09 00:00:00-04:00,26.009236122550416,26.51776841756711,25.72287688777397,25.742626190185547,965700,0.0,0.0
2022-06-10 00:00:00-04:00,25.258777992345955,25.495763956183648,24.56756751860492,24.577442169189453,905700,0.0,0.0
2022-06-13 00:00:00-04:00,23.92572456862885,24.034343815652147,23.096272952115566,23.234516143798828,1281400,0.0,0.0
2022-06-14 00:00:00-04:00,23.42213559023102,23.471508845623955,22.592683733600847,22.898792266845703,1126500,0.0,0.0
2022-06-15 00:00:00-04:00,22.958038208332468,23.550504087162405,22.7457379193901,23.204898834228516,1519600,0.0,0.0
2022-06-16 00:00:00-04:00,22.770417216431095,22.918533173731284,21.723728983660322,21.8817195892334,1357300,0.0,0.0
2022-06-17 00:00:00-04:00,22.05946551641942,22.869168061983363,21.89160021672467,22.602558135986328,4732100,0.0,0.0
2022-06-21 00:00:00-04:00,23.007406476091887,23.400409247653453,22.602555254914932,23.244394302368164,1329400,0.0,0.0
2022-06-22 00:00:00-04:00,22.87904288338162,23.668996132890125,22.79017290738727,23.204898834228516,1274600,0.0,0.0
2022-06-23 00:00:00-04:00,23.195021143011665,23.23451974200856,22.676614273257016,22.997533798217773,904100,0.0,0.0
2022-06-24 00:00:00-04:00,23.214769875513344,23.4320065144999,22.87903932582705,23.076528549194336,2316900,0.0,0.0
2022-06-27 00:00:00-04:00,23.303639351111183,23.392509311431184,22.869164198813053,22.908662796020508,980800,0.0,0.0
2022-06-28 00:00:00-04:00,23.03703096182727,23.26414226028555,22.676614714257337,22.800045013427734,1130300,0.0,0.0
2022-06-29 00:00:00-04:00,22.90866144405149,23.066652056763843,22.59267833523011,22.829666137695312,999000,0.0,0.0
2022-06-30 00:00:00-04:00,22.53343439054918,22.92347457539955,22.2766991505235,22.7012996673584,1120800,0.0,0.0
2022-07-01 00:00:00-04:00,22.701300962077415,23.125901503128475,22.41494364024571,22.721050262451172,1834600,0.0,0.0
2022-07-05 00:00:00-04:00,22.454437069355066,22.52849599321295,21.664484004055417,22.276697158813477,2170300,0.0,0.0
2022-07-06 00:00:00-04:00,22.128578708318056,22.247072596498384,21.49661632708018,21.74347686767578,1361600,0.0,0.0
2022-07-07 00:00:00-04:00,21.79285656951854,22.43469384422381,21.65461521652278,22.266828536987305,1164500,0.0,0.0
2022-07-08 00:00:00-04:00,22.326074022963105,22.326074022963105,21.832352806238735,22.039714813232422,1048700,0.0,0.0
2022-07-11 00:00:00-04:00,21.871849584224723,21.990343505258377,21.64473827592361,21.73360824584961,571000,0.0,0.0
2022-07-12 00:00:00-04:00,21.516371215956745,22.010092425500716,21.516371215956745,21.684234619140625,629300,0.0,0.0
2022-07-13 00:00:00-04:00,21.279388356463517,21.768173296961713,21.23989162982585,21.644742965698242,818200,0.0,0.0
2022-07-14 00:00:00-04:00,21.40774798904962,21.46699399588964,20.894277574045176,21.20038414001465,597800,0.0,0.0
2022-07-15 00:00:00-04:00,21.615113083945555,22.05946290806651,21.388001788682345,21.773103713989258,905400,0.0,0.0
2022-07-18 00:00:00-04:00,21.881721623497654,22.217452162401237,21.674359640679018,21.694107055664062,766800,0.0,0.0
2022-07-19 00:00:00-04:00,21.99033946070979,22.839538518907908,21.913317955354763,22.780292510986328,582400,0.0,0.0
2022-07-20 00:00:00-04:00,22.80004517426672,23.372761691121624,22.755610190916045,23.343137741088867,849000,0.0,0.0
2022-07-21 00:00:00-04:00,23.29376367474283,23.876354774087815,23.28388902587636,23.797359466552734,547700,0.0,0.0
2022-07-22 00:00:00-04:00,23.846733140944337,24.03434772081507,23.62949649499714,23.90597915649414,565600,0.0,0.0
2022-07-25 00:00:00-04:00,23.905976823513313,24.27133129777544,23.826981516023757,24.103466033935547,773200,0.0,0.0
2022-07-26 00:00:00-04:00,23.81710675037964,24.054092652946036,23.618630656758516,23.98497200012207,1026000,0.0,0.0
2022-07-27 00:00:00-04:00,24.063968594273497,24.715680332205874,24.014595351462475,24.61693572998047,742800,0.0,0.0
2022-07-28 00:00:00-04:00,24.863799441492525,25.298274616248953,24.370078251259226,25.2489013671875,1069000,0.0,0.0
2022-07-29 00:00:00-04:00,25.347646500202973,25.66362776706973,25.169906566741194,25.47601318359375,879500,0.0,0.0
2022-08-01 00:00:00-04:00,25.20940400560248,25.703125183189233,25.051413379446466,25.574756622314453,723000,0.0,0.0
2022-08-02 00:00:00-04:00,25.327901322465642,25.72287797033427,25.125475672720643,25.466144561767578,827700,0.0,0.0
2022-08-03 00:00:00-04:00,25.73275050270755,26.088230398211998,25.485889882695474,26.01910972595215,967600,0.0,0.0
2022-08-04 00:00:00-04:00,25.870991683781153,25.870991683781153,24.300958114049415,24.439199447631836,1823200,0.0,0.0
2022-08-05 00:00:00-04:00,24.103473554111535,24.592258466537093,23.984981497606558,24.40958023071289,644700,0.0,0.0
2022-08-08 00:00:00-04:00,24.63668590515929,25.06128450808699,24.221960067749023,24.221960067749023,900800,0.0,0.0
2022-08-09 00:00:00-04:00,24.00472492560387,24.08372024460104,23.23452103623071,23.38263702392578,738600,0.0,0.0
2022-08-10 00:00:00-04:00,23.698614302248792,24.192335433545644,23.599869699310094,24.18246078491211,1034600,0.0,0.0
2022-08-11 00:00:00-04:00,24.27133493533841,24.705810133344432,23.812174053179117,23.866483688354492,906800,0.0,0.0
2022-08-12 00:00:00-04:00,24.06397167028841,24.06397167028841,23.45669294816464,23.90597915649414,1457600,0.0,0.0
2022-08-15 00:00:00-04:00,23.757863998413086,23.876357917011802,23.560376645277817,23.757863998413086,869000,0.0,0.0
2022-08-16 00:00:00-04:00,23.58012579723151,24.039286705066413,23.58012579723151,23.945480346679688,857400,0.0,0.0
2022-08-17 00:00:00-04:00,23.698616848373945,23.84673282699691,23.481380205286715,23.550500869750977,848500,0.0,0.0
2022-08-18 00:00:00-04:00,23.580125235055906,24.11334507017632,23.52285489799851,24.02447509765625,767600,0.0,0.0
2022-08-19 00:00:00-04:00,23.826983978890183,23.915853944426527,23.313515368831943,23.353012084960938,819200,0.0,0.0
2022-08-22 00:00:00-04:00,22.928410859242536,22.96790945756632,22.513684993826928,22.582807540893555,868200,0.0,0.0
2022-08-23 00:00:00-04:00,22.592677461138372,22.85928731604931,22.50380939289799,22.6124267578125,556000,0.0,0.0
2022-08-24 00:00:00-04:00,22.681553709911014,23.027158964073106,22.642056988993783,22.898792266845703,429500,0.0,0.0
2022-08-25 00:00:00-04:00,23.106147111893726,23.525811177087352,22.98765510255182,23.372756958007812,696400,0.0,0.0
2022-08-26 00:00:00-04:00,23.41226108725152,23.451759691815724,22.28164084085948,22.286577224731445,496200,0.0,0.0
2022-08-29 00:00:00-04:00,22.12858505118719,22.52849991960515,21.94097045920626,22.335948944091797,724400,0.0,0.0
2022-08-30 00:00:00-04:00,22.4346889249499,22.563057481781772,21.77310249248411,21.81260108947754,653800,0.0,0.0
2022-08-31 00:00:00-04:00,21.83731741453159,22.01525873511486,21.57040543365669,21.669261932373047,981000,0.025,0.0
2022-09-01 00:00:00-04:00,21.501205710667655,21.896629806401357,21.21452206280396,21.807659149169922,911500,0.0,0.0
2022-09-02 00:00:00-04:00,22.054799939206127,22.054799939206127,21.33315071262,21.362808227539062,1068000,0.0,0.0
2022-09-06 00:00:00-04:00,21.2738331029014,21.32326039852744,20.665868316154828,20.749895095825195,1273900,0.0,0.0
2022-09-07 00:00:00-04:00,20.749898709223512,21.189808127704943,20.641156377273212,21.145322799682617,868100,0.0,0.0
2022-09-08 00:00:00-04:00,20.917951887910757,21.283720309904268,20.749896432215998,21.22440528869629,797200,0.0,0.0
2022-09-09 00:00:00-04:00,21.540750380271604,21.73351952088437,21.441893878910175,21.56052017211914,807900,0.0,0.0
2022-09-12 00:00:00-04:00,21.728576128945765,22.074572948432106,21.58029231646047,21.82743263244629,1067700,0.0,0.0
2022-09-13 00:00:00-04:00,21.333148851030334,21.333148851030334,20.571956337642554,20.631271362304688,788200,0.0,0.0
2022-09-14 00:00:00-04:00,20.621389111224904,20.819100237891476,20.463219455679237,20.67081642150879,1237600,0.0,0.0
2022-09-15 00:00:00-04:00,20.581842476364578,20.769669619482702,19.73662316062911,19.85030746459961,1965700,0.0,0.0
2022-09-16 00:00:00-04:00,19.682251045889373,19.682251045889373,18.866687396784915,19.306598663330078,3618000,0.0,0.0
2022-09-19 00:00:00-04:00,19.128659505111003,19.474656300553175,18.940832350065676,19.257171630859375,1314500,0.0,0.0
2022-09-20 00:00:00-04:00,19.000144733838578,19.039688085121504,18.426779338951526,18.683805465698242,1460800,0.0,0.0
2022-09-21 00:00:00-04:00,18.79254718922768,19.039687470171444,18.436664581298828,18.436664581298828,1318900,0.0,0.0
2022-09-22 00:00:00-04:00,18.288379190134716,18.308150863408137,17.596385709809294,18.011581420898438,2026100,0.0,0.0
2022-09-23 00:00:00-04:00,17.784213410046345,18.001696166496473,17.626043789804324,17.902841567993164,1418300,0.0,0.0
2022-09-26 00:00:00-04:00,17.754559367997143,17.96215821358132,16.89451212558963,16.90439796447754,2334300,0.0,0.0
2022-09-27 00:00:00-04:00,17.121881971396434,17.467878814760073,16.864855798770048,17.03291130065918,1564200,0.0,0.0
2022-09-28 00:00:00-04:00,17.121878275000928,17.5370740202956,17.072450973275892,17.3690185546875,2593500,0.0,0.0
2022-09-29 00:00:00-04:00,17.062565097177956,17.062565097177956,16.360685723981884,17.01313591003418,2230700,0.0,0.0
2022-09-30 00:00:00-04:00,16.84507915086901,17.09221938334868,16.46942494160292,16.51885223388672,1723000,0.0,0.0
2022-10-03 00:00:00-04:00,16.765997972795606,17.423392112152975,16.70668482546886,17.28005027770996,1981000,0.0,0.0
2022-10-04 00:00:00-04:00,17.63593197318597,17.92162572277517,17.566732990814625,17.813873291015625,1975300,0.0,0.0
2022-10-05 00:00:00-04:00,17.626045449576228,18.209296686215016,17.626045449576228,17.942384719848633,1755300,0.0,0.0
2022-10-06 00:00:00-04:00,17.843529346689422,18.110441329812044,17.270163911943175,17.37890625,1639700,0.0,0.0
2022-10-07 00:00:00-04:00,17.141647146386866,17.284988937688897,16.64736666785329,16.8055362701416,1377200,0.0,0.0
2022-10-10 00:00:00-04:00,16.86485455815067,16.968654923395732,16.657257598722484,16.914283752441406,1011600,0.0,0.0
2022-10-11 00:00:00-04:00,16.884628014402963,17.16142587499458,16.60783015381135,16.93405532836914,1361500,0.0,0.0
2022-10-12 00:00:00-04:00,17.05268172539353,17.05268172539353,16.775883893958316,16.914283752441406,1137400,0.0,0.0
2022-10-13 00:00:00-04:00,16.61771810694551,17.35913922390986,16.42000694040719,17.230627059936523,1175400,0.0,0.0
2022-10-14 00:00:00-04:00,17.309709937625758,17.378908932331136,16.874742403794713,16.894514083862305,890200,0.0,0.0
2022-10-17 00:00:00-04:00,17.210851281454453,17.799044548798673,17.20096544265065,17.63593292236328,1585500,0.0,0.0
2022-10-18 00:00:00-04:00,18.11043878715747,18.352637082771647,17.724900567129428,18.20929527282715,1413200,0.0,0.0
2022-10-19 00:00:00-04:00,18.041241112904856,18.308153077787544,17.90284315431269,17.962156295776367,1287200,0.0,0.0
2022-10-20 00:00:00-04:00,18.02147292315654,18.140101114561062,17.44810741668548,17.67547607421875,1517900,0.0,0.0
2022-10-21 00:00:00-04:00,17.705127788713714,18.110437657704775,17.59638547270569,18.061010360717773,1043400,0.0,0.0
2022-10-24 00:00:00-04:00,18.179637397534883,18.397122038760546,18.06101112553052,18.278493881225586,886200,0.0,0.0
2022-10-25 00:00:00-04:00,18.28838217117151,18.960604087796803,18.28838217117151,18.89140510559082,1037600,0.0,0.0
2022-10-26 00:00:00-04:00,18.86174584085442,19.0594588164113,18.4959774017334,18.4959774017334,1136800,0.0,0.0
2022-10-27 00:00:00-04:00,18.673920684372682,18.97049017918103,18.634379216383426,18.841976165771484,1309800,0.0,0.0
2022-10-28 00:00:00-04:00,18.822206062533464,19.375799803922433,18.782662709668827,19.257171630859375,828200,0.0,0.0
2022-10-31 00:00:00-04:00,19.069342621135103,19.22751223050899,18.87162966665251,18.881515502929688,1325700,0.0,0.0
2022-11-01 00:00:00-04:00,19.019918579355917,19.484541696751936,18.91117623645283,19.34614372253418,812300,0.0,0.0
2022-11-02 00:00:00-04:00,19.237399413227692,19.34614174501538,18.62449254531532,18.644264221191406,1336100,0.0,0.0
2022-11-03 00:00:00-04:00,18.080783725971422,18.080783725971422,16.51885535178058,17.01313591003418,2852900,0.0,0.0
2022-11-04 00:00:00-04:00,17.220739411425512,17.65570694900926,17.057625877757406,17.55685043334961,1840500,0.0,0.0
2022-11-07 00:00:00-05:00,17.72490538796528,18.43172690727907,17.608255117965154,18.347698211669922,1402000,0.0,0.0
2022-11-08 00:00:00-05:00,18.35757786439113,18.901287557440284,17.91272653611147,18.07089614868164,1554000,0.0,0.0
2022-11-09 00:00:00-05:00,17.83364298630797,18.66403256804177,17.83364298630797,18.189523696899414,1918800,0.0,0.0
2022-11-10 00:00:00-05:00,19.06934734504729,19.884909241877704,18.970490843316984,19.781110763549805,1388200,0.0,0.0
2022-11-11 00:00:00-05:00,19.800879476238304,20.552186137153004,19.781107801746444,20.344587326049805,1454800,0.0,0.0
2022-11-14 00:00:00-05:00,20.146874776835634,20.413786731509553,19.850307195329528,19.899734497070312,1341300,0.0,0.0
2022-11-15 00:00:00-05:00,20.265504575888905,20.39401670210243,19.7514522999731,19.95905113220215,1410800,0.0,0.0
2022-11-16 00:00:00-05:00,19.78110958851026,19.8700802462294,19.019917021593564,19.286828994750977,1745700,0.0,0.0
2022-11-17 00:00:00-05:00,18.911175524408936,19.128660202026367,18.76783557887944,19.128660202026367,1314200,0.0,0.0
2022-11-18 00:00:00-05:00,19.46476938236657,19.46476938236657,18.901289834025167,19.099000930786133,880500,0.0,0.0
2022-11-21 00:00:00-05:00,18.950714471339452,19.41533746318393,18.866685805748684,18.881515502929688,1862200,0.0,0.0
2022-11-22 00:00:00-05:00,19.000146713184552,19.168202202582684,18.78760589172424,19.029804229736328,3123200,0.0,0.0
2022-11-23 00:00:00-05:00,19.049578895043602,19.28090152672743,18.88152337928879,19.178091049194336,1328400,0.0,0.0
2022-11-25 00:00:00-05:00,19.11877314898119,19.454884097102205,19.049574168873477,19.356027603149414,364600,0.0,0.0
2022-11-28 00:00:00-05:00,19.12866181079566,19.12866181079566,18.619551451717214,18.83209228515625,1090500,0.0,0.0
2022-11-29 00:00:00-05:00,18.762889297527042,19.01497343489228,18.762889297527042,18.871631622314453,958200,0.0,0.0
2022-11-30 00:00:00-05:00,18.807293067967976,19.45070008479778,18.57467594428202,19.4309024810791,1371300,0.025,0.0
2022-12-01 00:00:00-05:00,19.252729875328153,19.559585183563254,19.025061206634287,19.153743743896484,1459000,0.0,0.0
2022-12-02 00:00:00-05:00,18.8171883981933,19.5447341525989,18.78749199809405,19.381406784057617,1374500,0.0,0.0
2022-12-05 00:00:00-05:00,19.27252492965994,19.27252492965994,18.80729258230518,18.965669631958008,1500900,0.0,0.0
2022-12-06 00:00:00-05:00,18.985467935097045,19.01516245299959,18.48064036271607,18.81719207763672,2252600,0.0,0.0
2022-12-07 00:00:00-05:00,18.7775935041058,18.926073619018972,18.455890993801127,18.718202590942383,1052500,0.0,0.0
2022-12-08 00:00:00-05:00,18.817189831670955,18.90627715075224,18.62911639272122,18.80729103088379,1421500,0.0,0.0
2022-12-09 00:00:00-05:00,18.78749231010062,19.173537965789734,18.718202596721394,18.886478424072266,1153800,0.0,0.0
2022-12-12 00:00:00-05:00,18.411350827353118,19.025061451729602,18.381654421140016,18.93597412109375,1652400,0.0,0.0
2022-12-13 00:00:00-05:00,19.658567754696495,19.965423007358048,19.14878993094877,19.3319149017334,3356500,0.0,0.0
2022-12-14 00:00:00-05:00,19.312118418559734,19.717959808202192,19.272523215666233,19.589279174804688,2182100,0.0,0.0
2022-12-15 00:00:00-05:00,19.262623385613725,19.315087215444446,18.554877107742215,18.718202590942383,1609000,0.0,0.0
2022-12-16 00:00:00-05:00,18.441044191712393,18.599423126935758,18.173784104530665,18.450942993164062,2932800,0.0,0.0
2022-12-19 00:00:00-05:00,18.54003226818453,18.609321997630467,18.025305866581096,18.282669067382812,1995800,0.0,0.0
2022-12-20 00:00:00-05:00,18.252974547907996,18.698409332061964,18.252974547907996,18.282669067382812,1611900,0.0,0.0
2022-12-21 00:00:00-05:00,18.45093845949992,18.876577377319336,18.37174995534767,18.876577377319336,1271200,0.0,0.0
2022-12-22 00:00:00-05:00,18.68850287234507,18.80728656558577,17.946109981598262,18.34205436706543,1579100,0.0,0.0
2022-12-23 00:00:00-05:00,18.233175438353324,18.688508987426758,18.233175438353324,18.688508987426758,913300,0.0,0.0
2022-12-27 00:00:00-05:00,18.668712615966797,18.807292058552974,18.50538522605883,18.668712615966797,965700,0.0,0.0
2022-12-28 00:00:00-05:00,18.66870966334499,18.74789817344177,18.262868313098622,18.302461624145508,1052800,0.0,0.0
2022-12-29 00:00:00-05:00,18.45094131722297,19.227979224567182,18.45094131722297,19.074552536010742,1672500,0.0,0.0
2022-12-30 00:00:00-05:00,18.866681605343793,19.168588415864242,18.757798574666623,19.133943557739258,1732800,0.0,0.0
2023-01-03 00:00:00-05:00,19.242830909761874,19.64867234597775,19.143844779171886,19.4309024810791,1503600,0.0,0.0
2023-01-04 00:00:00-05:00,19.708063296530163,20.277232132211335,19.64867237329496,20.16339874267578,1526800,0.0,0.0
2023-01-05 00:00:00-05:00,20.074307121436043,20.104001632702513,19.584326917506203,19.757551193237305,1606700,0.0,0.0
2023-01-06 00:00:00-05:00,20.133698223887066,20.71771419906593,20.054509713083306,20.658323287963867,1408300,0.0,0.0
2023-01-09 00:00:00-05:00,20.787004712019932,21.30173099610498,20.61872888406917,21.074064254760742,1210200,0.0,0.0
2023-01-10 00:00:00-05:00,20.99487561304963,21.445262565385534,20.91073863602199,21.351224899291992,916800,0.0,0.0
2023-01-11 00:00:00-05:00,21.509602961421724,21.519501762954302,21.2522397855847,21.380922317504883,619700,0.0,0.0
2023-01-12 00:00:00-05:00,21.460110373622236,21.667979537261818,21.281935725929277,21.648183822631836,921000,0.0,0.0
2023-01-13 00:00:00-05:00,21.410617919788915,21.707576316814425,21.346278538569646,21.638286590576172,1768700,0.0,0.0
2023-01-17 00:00:00-05:00,21.578891897766365,21.667979220309704,21.212645694424435,21.301733016967773,758100,0.0,0.0
2023-01-18 00:00:00-05:00,21.41061547822448,21.6036392638811,21.227492381476804,21.341325759887695,883800,0.0,0.0
2023-01-19 00:00:00-05:00,21.083961484168757,21.12355668569546,20.811751081683617,20.915685653686523,614400,0.0,0.0
2023-01-20 00:00:00-05:00,21.024572117729893,21.460109926572677,20.767208952868398,21.410615921020508,449400,0.0,0.0
2023-01-23 00:00:00-05:00,21.59868890085689,21.94513938024617,21.53929798347688,21.846153259277344,592200,0.0,0.0
2023-01-24 00:00:00-05:00,21.519503073957367,21.905546917229653,21.519503073957367,21.58879280090332,498700,0.0,0.0
2023-01-25 00:00:00-05:00,21.311631361155182,21.64818304176818,21.222544040522138,21.568994522094727,560500,0.0,0.0
2023-01-26 00:00:00-05:00,21.776866912841797,21.875853049137234,21.375973910446852,21.776866912841797,648400,0.0,0.0
2023-01-27 00:00:00-05:00,21.628387054254393,22.172807931646158,21.618488252555935,22.123315811157227,869800,0.0,0.0
2023-01-30 00:00:00-05:00,21.826358281598576,22.311390143859388,21.826358281598576,22.26189613342285,983500,0.0,0.0
2023-01-31 00:00:00-05:00,22.370776368661996,22.796415328979492,22.153006544497853,22.796415328979492,1177000,0.0,0.0
2023-02-01 00:00:00-05:00,22.697428359349168,23.479414650384925,22.449964032514576,23.330936431884766,1366300,0.0,0.0
2023-02-02 00:00:00-05:00,23.598202281329087,24.13767467903913,23.55860707621118,23.895158767700195,931400,0.0,0.0
2023-02-03 00:00:00-05:00,23.558607222471988,23.97434743877459,23.43982538238742,23.618000030517578,648300,0.0,0.0
2023-02-06 00:00:00-05:00,23.311139951345996,23.40022726432209,23.09337201296169,23.25174903869629,569800,0.0,0.0
2023-02-07 00:00:00-05:00,23.1230680853502,23.449720932295513,22.92509586198812,23.410125732421875,452100,0.0,0.0
2023-02-08 00:00:00-05:00,23.14286748607594,23.2913476212656,22.994389238889628,23.182462692260742,492000,0.0,0.0
2023-02-09 00:00:00-05:00,23.41012468042044,23.45961867803833,22.756819015888,22.87560272216797,854500,0.0,0.0
2023-02-10 00:00:00-05:00,22.578647266648662,22.915198941161012,22.578647266648662,22.90530014038086,540400,0.0,0.0
2023-02-13 00:00:00-05:00,22.905301912977173,23.2220560104422,22.677635141424606,23.182462692260742,671900,0.0,0.0
2023-02-14 00:00:00-05:00,23.04388145511749,23.454671303330315,22.855808016367792,23.241851806640625,724900,0.0,0.0
2023-02-15 00:00:00-05:00,22.97458886950434,23.59820007580461,22.89540035467291,23.548707962036133,1107300,0.0,0.0
2023-02-16 00:00:00-05:00,24.25150655311019,26.112437653811124,24.004042200527433,25.815481185913086,2082300,0.0,0.0
2023-02-17 00:00:00-05:00,25.587813887981476,25.904567950439535,25.280958625975618,25.85507583618164,1105300,0.0,0.0
2023-02-21 00:00:00-05:00,25.5581144153711,25.825376331455082,25.063185780253914,25.261157989501953,1033100,0.0,0.0
2023-02-22 00:00:00-05:00,25.280957168242228,25.577913612672976,25.17207225754954,25.419536590576172,1238000,0.0,0.0
2023-02-23 00:00:00-05:00,25.53831876300813,25.647203675192483,25.0928840902598,25.59771156311035,1083900,0.0,0.0
2023-02-24 00:00:00-05:00,25.28096292843463,25.741244955775276,24.805829865883535,25.64720916748047,882600,0.0,0.0
2023-02-27 00:00:00-05:00,25.99365241749315,26.054032639229604,25.483876522098473,25.71649169921875,1050800,0.0,0.0
2023-02-28 00:00:00-05:00,25.67690286473848,26.21142490770665,25.67690286473848,25.904569625854492,1884800,0.0,0.0
2023-03-01 00:00:00-05:00,25.85007378112548,26.51391246660898,25.721268216435956,26.474279403686523,830000,0.025,0.0
2023-03-02 00:00:00-05:00,26.286027751068218,26.672440661504318,26.271164407722527,26.652624130249023,823300,0.0,0.0
2023-03-03 00:00:00-05:00,26.731890357081582,27.306556577640784,26.573361874845155,27.257017135620117,1290200,0.0,0.0
2023-03-06 00:00:00-05:00,27.247109595548135,27.445271148530118,26.89537463432331,26.94986915588379,1392200,0.0,0.0
2023-03-07 00:00:00-05:00,26.880510098340586,27.162890960260025,26.4049246600284,26.504005432128906,1316100,0.0,0.0
2023-03-08 00:00:00-05:00,26.6526271182684,26.84583359514678,26.464373829854924,26.77152442932129,1089800,0.0,0.0
2023-03-09 00:00:00-05:00,26.781432755667655,27.009317221733536,26.295939023254352,26.35538673400879,879300,0.0,0.0
2023-03-10 00:00:00-05:00,26.3355676521278,26.3355676521278,25.24568298144631,25.414119720458984,881300,0.0,0.0
2023-03-13 00:00:00-04:00,25.077245863080513,25.23577433389332,24.42331544852557,24.571935653686523,1484300,0.0,0.0
2023-03-14 00:00:00-04:00,25.206056364875934,25.92934289088481,24.968263612070636,25.57265281677246,1356600,0.0,0.0
2023-03-15 00:00:00-04:00,24.96825951264919,25.270453120479946,24.55707497919027,25.146602630615234,1333100,0.0,0.0
2023-03-16 00:00:00-04:00,24.859266210241472,25.68163324620822,24.859266210241472,25.50328826904297,787100,0.0,0.0
2023-03-17 00:00:00-04:00,25.562740367065146,25.701454200864323,24.888995289247227,25.007890701293945,1820000,0.0,0.0
2023-03-20 00:00:00-04:00,25.186234606980253,25.830256748507246,25.1713731535769,25.443843841552734,1134900,0.0,0.0
2023-03-21 00:00:00-04:00,25.90952096568172,26.14731366901845,25.4240272934765,25.721267700195312,1701500,0.0,0.0
2023-03-22 00:00:00-04:00,25.66182183141611,25.79062740272894,25.097063884389904,25.116880416870117,1251600,0.0,0.0
2023-03-23 00:00:00-04:00,25.225864968616868,25.899611885106115,25.017797068423143,25.285314559936523,1091300,0.0,0.0
2023-03-24 00:00:00-04:00,25.126788806002995,25.39430443656006,24.82459329853167,25.305133819580078,846800,0.0,0.0
2023-03-27 00:00:00-04:00,25.661824362193315,26.05814560184014,25.275411389763754,25.64200782775879,1699000,0.0,0.0
2023-03-28 00:00:00-04:00,25.64200362004564,25.889704590404616,25.513199946974677,25.632097244262695,935200,0.0,0.0
2023-03-29 00:00:00-04:00,25.959065424697524,26.26621413399843,25.830259847055807,26.02842140197754,925300,0.0,0.0
2023-03-30 00:00:00-04:00,26.1076847592092,26.642717915631074,26.07795996003798,26.563453674316406,1025100,0.0,0.0
2023-03-31 00:00:00-04:00,26.66253506953545,27.138120528502586,26.62290389285917,27.088581085205078,883000,0.0,0.0
2023-04-03 00:00:00-04:00,27.02913229082357,27.197569037009156,26.573361493576698,26.969682693481445,761800,0.0,0.0
2023-04-04 00:00:00-04:00,27.04894476256179,27.157933792466533,26.053187709605776,26.177038192749023,721000,0.0,0.0
2023-04-05 00:00:00-04:00,25.988787562625394,26.043282083099605,25.28531765419835,25.592466354370117,1578800,0.0,0.0
2023-04-06 00:00:00-04:00,25.661820013971717,25.75099251400867,25.255590575940456,25.443843841552734,946300,0.0,0.0
2023-04-10 00:00:00-04:00,25.28531601388083,25.978877610882456,25.240729762731487,25.968969345092773,1119500,0.0,0.0
2023-04-11 00:00:00-04:00,26.13740937800086,26.335570939151914,25.89961663850482,26.04823875427246,812600,0.0,0.0
2023-04-12 00:00:00-04:00,26.236486034017325,26.450499276938512,26.053187847144013,26.365291595458984,1052800,0.0,0.0
2023-04-13 00:00:00-04:00,26.56345571928777,26.781433817040458,26.211720739488857,26.61299705505371,778400,0.0,0.0
2023-04-14 00:00:00-04:00,26.80124678878959,27.18270654623999,26.657581648556764,26.712074279785156,758700,0.0,0.0
2023-04-17 00:00:00-04:00,26.593179122729037,26.860696652375392,26.513914879479223,26.811155319213867,508300,0.0,0.0
2023-04-18 00:00:00-04:00,26.90032306345756,27.187657075464678,26.82105883425013,27.01922035217285,675600,0.0,0.0
2023-04-19 00:00:00-04:00,26.741798115858465,27.098488139024347,26.622902701342195,26.920143127441406,1129700,0.0,0.0
2023-04-20 00:00:00-04:00,26.64272096623355,27.167847806200843,26.622906320992534,27.009319305419922,619900,0.0,0.0
2023-04-21 00:00:00-04:00,26.959778337292224,27.17280136747532,26.83097463732071,27.157939910888672,628900,0.0,0.0
2023-04-24 00:00:00-04:00,27.157936220468528,27.55425742399756,27.029132537999807,27.207475662231445,1093700,0.0,0.0
2023-04-25 00:00:00-04:00,26.890415312591127,27.039037398778227,26.137404175822578,26.38510513305664,2374600,0.0,0.0
2023-04-26 00:00:00-04:00,26.226579130112718,26.57336088070968,25.98878641565413,26.167131423950195,585700,0.0,0.0
2023-04-27 00:00:00-04:00,26.35538534200847,26.692258834838867,26.038328381652466,26.692258834838867,695700,0.0,0.0
2023-04-28 00:00:00-04:00,26.751710444642843,26.989503199595944,26.553548870610847,26.88051414489746,500600,0.0,0.0
2023-05-01 00:00:00-04:00,26.850789959713897,27.331328635793394,26.766570633306753,27.12821388244629,808700,0.0,0.0
2023-05-02 00:00:00-04:00,26.8904220213665,27.202525834493184,26.44456132099432,26.870607376098633,853500,0.0,0.0
2023-05-03 00:00:00-04:00,26.880511493464954,27.207476735500464,26.404926030469426,26.44455909729004,1022200,0.0,0.0
2023-05-04 00:00:00-04:00,26.96968660495293,27.742514474208484,26.54364243439557,27.157939910888672,1317200,0.0,0.0
2023-05-05 00:00:00-04:00,27.593888698481905,27.702875841249046,27.26890400981278,27.534440994262695,822700,0.0,0.0
2023-05-08 00:00:00-04:00,27.63352222377051,27.742511265624213,26.85078806719087,27.266925811767578,1032100,0.0,0.0
2023-05-09 00:00:00-04:00,27.068760599666867,27.56317225996813,26.95977157255543,27.45517349243164,930600,0.0,0.0
2023-05-10 00:00:00-04:00,27.742512071835378,27.93076536146926,27.257018337355298,27.42545509338379,1042100,0.0,0.0
2023-05-11 00:00:00-04:00,27.326370500429697,27.821772432554827,27.306553969590677,27.7028751373291,790900,0.0,0.0
2023-05-12 00:00:00-04:00,27.77223273619264,27.980300638636205,27.39077302523773,27.603796005249023,716800,0.0,0.0
2023-05-15 00:00:00-04:00,27.683061040317128,28.24781895166887,27.683061040317128,28.178462982177734,997500,0.0,0.0
2023-05-16 00:00:00-04:00,28.069473668963045,28.396438871722395,28.010025965681823,28.218093872070312,692600,0.0,0.0
2023-05-17 00:00:00-04:00,28.36671527312061,28.959217481161865,28.287451035462134,28.802669525146484,755200,0.0,0.0
2023-05-18 00:00:00-04:00,28.852213696569017,29.27825783481561,28.604512693263274,29.0107421875,1217900,0.0,0.0
2023-05-19 00:00:00-04:00,29.446693072552076,29.45660133894986,28.872026850140642,29.020648956298828,931000,0.0,0.0
2023-05-22 00:00:00-04:00,28.951290130615234,29.24357736531877,28.842302983474074,28.951290130615234,928100,0.0,0.0
2023-05-23 00:00:00-04:00,28.85221235503908,29.025602293367587,28.64414253923628,28.792762756347656,941300,0.0,0.0
2023-05-24 00:00:00-04:00,28.535151632149283,28.663957197749298,28.307267188159678,28.515336990356445,816700,0.0,0.0
2023-05-25 00:00:00-04:00,28.67386544444899,29.015692110205688,28.44597911080272,28.931474685668945,1019100,0.0,0.0
2023-05-26 00:00:00-04:00,29.040459530574072,29.788517475427252,28.99092009533445,29.75383949279785,1201100,0.0,0.0
2023-05-30 00:00:00-04:00,29.88264588031774,30.100622060959182,29.525955866714938,29.773656845092773,873400,0.0,0.0
2023-05-31 00:00:00-04:00,29.500961734235545,29.69730422408199,28.85144408070186,29.391881942749023,2138400,0.025,0.0
2023-06-01 00:00:00-04:00,29.262972066325982,29.614999907988043,29.005148298925228,29.431549072265625,805400,0.0,0.0
2023-06-02 00:00:00-04:00,29.639789134536713,29.937278958624407,29.62491530531608,29.9273624420166,1045300,0.0,0.0
2023-06-05 00:00:00-04:00,29.67945120231319,29.857944694441294,29.33238073332875,29.75878143310547,899600,0.0,0.0
2023-06-06 00:00:00-04:00,29.629874010248862,30.40334531956402,29.53071262227548,30.393428802490234,867000,0.0,0.0
2023-06-07 00:00:00-04:00,30.50250665773227,30.819827618370077,29.967026118119378,30.75041389465332,816400,0.0,0.0
2023-06-08 00:00:00-04:00,30.770248212221556,30.88924263173779,30.482674897523296,30.69091796875,769000,0.0,0.0
2023-06-09 00:00:00-04:00,30.651250218021204,30.760330006072483,30.15543575070752,30.502506256103516,700100,0.0,0.0
2023-06-12 00:00:00-04:00,30.899158034174437,31.22639551311511,30.5917535882319,31.186731338500977,1192300,0.0,0.0
2023-06-13 00:00:00-04:00,31.295808152001072,31.628004823362964,31.266060494917543,31.504051208496094,1088500,0.0,0.0
2023-06-14 00:00:00-04:00,31.50405315444228,31.69246129888246,30.938824938357385,31.147066116333008,986100,0.0,0.0
2023-06-15 00:00:00-04:00,31.0082384185351,31.61313080551349,31.0082384185351,31.51396942138672,649200,0.0,0.0
2023-06-16 00:00:00-04:00,31.5536331976551,31.593299263909824,31.147065475454884,31.266061782836914,2339900,0.0,0.0
2023-06-20 00:00:00-04:00,31.117313611260496,31.266059457269865,30.869406389754214,31.107398986816406,1039700,0.0,0.0
2023-06-21 00:00:00-04:00,30.99831750876411,31.22639168614447,30.680996585211975,31.00823402404785,922100,0.0,0.0
2023-06-22 00:00:00-04:00,30.93882370604581,31.132191046859006,30.651250405382626,30.849576950073242,847800,0.0,0.0
2023-06-23 00:00:00-04:00,30.4826743030599,30.65125130357219,30.195102885351965,30.363679885864258,2513500,0.0,0.0
2023-06-26 00:00:00-04:00,30.51242490370271,31.072693929106745,30.383512074022644,30.403345108032227,820100,0.0,0.0
2023-06-27 00:00:00-04:00,30.492590536365835,31.067735257819237,30.418217607773062,30.998321533203125,868000,0.0,0.0
2023-06-28 00:00:00-04:00,31.047899891859856,31.30572362919223,30.839658733657938,31.107398986816406,738900,0.0,0.0
2023-06-29 00:00:00-04:00,31.176816233758682,31.70237839233294,31.047903404815486,31.65279769897461,739400,0.0,0.0
2023-06-30 00:00:00-04:00,31.81146340737377,32.24777885045139,31.727173950186273,31.940372467041016,942900,0.0,0.0
2023-07-03 00:00:00-04:00,31.702375853302787,31.77179146638008,31.523884236678796,31.593297958374023,455100,0.0,0.0
2023-07-05 00:00:00-04:00,31.295809038973562,31.32059938437312,31.000303279872597,31.01815414428711,723600,0.0,0.0
2023-07-06 00:00:00-04:00,30.88924026129105,30.998320046961954,30.4628395260852,30.978487014770508,1256200,0.0,0.0
2023-07-07 00:00:00-04:00,31.097487045382376,31.861041853871132,31.097487045382376,31.60321807861328,1354000,0.0,0.0
2023-07-10 00:00:00-04:00,31.484221900375605,32.108949252376036,31.32556140588902,32.03953552246094,776600,0.0,0.0
2023-07-11 00:00:00-04:00,32.22793704949617,32.29735076513552,31.831284003473773,32.16843795776367,690800,0.0,0.0
2023-07-12 00:00:00-04:00,32.40644176225152,32.6345160187149,32.28744732034999,32.53535461425781,795200,0.0,0.0
2023-07-13 00:00:00-04:00,32.55517341248592,32.798121395079015,32.33701387878239,32.485755920410156,680200,0.0,0.0
2023-07-14 00:00:00-04:00,32.396520476240966,32.396520476240966,31.950290413031734,32.13869857788086,354900,0.0,0.0
2023-07-17 00:00:00-04:00,31.960201871463575,32.386602639487144,31.83128904367951,32.28744125366211,432900,0.0,0.0
2023-07-18 00:00:00-04:00,32.188273727936334,32.575008400203686,32.16844069567082,32.396514892578125,704800,0.0,0.0
2023-07-19 00:00:00-04:00,32.38660797715252,32.48576937932044,31.989954802950823,32.21803283691406,641800,0.0,0.0
2023-07-20 00:00:00-04:00,32.36677054593262,32.465935717402516,31.553635053701957,31.623048782348633,896200,0.0,0.0
2023-07-21 00:00:00-04:00,31.79162556002364,31.811458592993546,31.494135739621424,31.543716430664062,708900,0.0,0.0
2023-07-24 00:00:00-04:00,31.573466418660004,31.861039726571533,31.464386627192578,31.52388572692871,435200,0.0,0.0
2023-07-25 00:00:00-04:00,31.513966237048685,31.72220739233171,31.37513690881136,31.394969940185547,465600,0.0,0.0
2023-07-26 00:00:00-04:00,31.246225560585994,31.464383228574448,30.760327646851295,30.790075302124023,1161500,0.0,0.0
2023-07-27 00:00:00-04:00,31.02806789259754,31.23630904503444,30.492587401105045,30.790075302124023,1049100,0.0,0.0
2023-07-28 00:00:00-04:00,30.91899048430229,31.20656189182554,30.32401274524946,30.502506256103516,1042400,0.0,0.0
2023-07-31 00:00:00-04:00,30.50250455781269,30.69091457448875,30.373591744314652,30.67108154296875,1012800,0.0,0.0
2023-08-01 00:00:00-04:00,30.40334191495919,30.869406816943158,30.28434750616338,30.730579376220703,702100,0.0,0.0
2023-08-02 00:00:00-04:00,30.38350891617157,30.38350891617157,30.041397626282947,30.105854034423828,1179000,0.0,0.0
2023-08-03 00:00:00-04:00,29.748870038507043,29.897614010423133,28.648161241839972,29.520795822143555,1854300,0.0,0.0
2023-08-04 00:00:00-04:00,29.461296731831183,29.758786567162314,28.98531526496004,29.431549072265625,1142300,0.0,0.0
2023-08-07 00:00:00-04:00,29.649705247054996,29.93231934668822,29.5763252948159,29.768701553344727,937500,0.0,0.0
2023-08-08 00:00:00-04:00,29.62987093484072,30.105854248066958,29.352216051122628,30.006690979003906,747600,0.0,0.0
2023-08-09 00:00:00-04:00,30.006693397253635,30.006693397253635,29.36213493347168,29.36213493347168,811300,0.0,0.0
2023-08-10 00:00:00-04:00,29.441463273488456,29.529717052342033,29.0943927719259,29.183639526367188,660900,0.0,0.0
2023-08-11 00:00:00-04:00,29.21338996632516,29.21338996632516,28.896068983143866,28.965482711791992,542500,0.0,0.0
2023-08-14 00:00:00-04:00,28.96548207762771,29.094394906336625,28.876237208021347,28.99523162841797,513600,0.0,0.0
2023-08-15 00:00:00-04:00,28.8167364145074,29.094393198100978,28.697742001097364,29.074560165405273,713500,0.0,0.0
2023-08-16 00:00:00-04:00,29.034890922915846,29.471206217763324,28.920853841895585,29.223299026489258,980000,0.0,0.0
2023-08-17 00:00:00-04:00,29.25305154710156,29.381962467473944,29.104307595477437,29.173721313476562,1038100,0.0,0.0
2023-08-18 00:00:00-04:00,28.925819200257674,29.13406039099433,28.608498209773845,28.84648895263672,1174400,0.0,0.0
2023-08-21 00:00:00-04:00,28.84649159449204,29.287766255508373,28.806825521357666,29.25305938720703,949900,0.0,0.0
2023-08-22 00:00:00-04:00,29.431546502068777,29.94719399183985,29.401796953718964,29.818281173706055,1215800,0.0,0.0
2023-08-23 00:00:00-04:00,29.907528980306182,30.21989262913917,29.83811525642821,30.036441802978516,666700,0.0,0.0
2023-08-24 00:00:00-04:00,29.93727830989022,30.180226341679283,29.877779211532726,29.957109451293945,579400,0.0,0.0
2023-08-25 00:00:00-04:00,30.155434490747822,30.472755433949086,29.887694235653505,30.383508682250977,671700,0.0,0.0
2023-08-28 00:00:00-04:00,30.41325884768856,30.97352971331071,30.41325884768856,30.71074676513672,598700,0.0,0.0
2023-08-29 00:00:00-04:00,30.64133450216924,31.008238049774306,30.54217122783959,30.998321533203125,637700,0.0,0.0
2023-08-30 00:00:00-04:00,30.988404356464375,31.474302309807886,30.958654807384615,31.206562042236328,532800,0.0,0.0
2023-08-31 00:00:00-04:00,31.226396359092604,31.55363384689871,31.06773587357341,31.147066116333008,1061300,0.0,0.0
2023-09-01 00:00:00-04:00,31.256144600351842,31.57346555810045,31.072691884905467,31.563549041748047,958000,0.0,0.0
2023-09-05 00:00:00-04:00,31.404887555125352,31.404887555125352,30.304178863296052,30.452922821044922,1043600,0.0,0.0
2023-09-06 00:00:00-04:00,30.34871982503912,30.854862862830366,30.32589306497702,30.61667823791504,837600,0.025,0.0
2023-09-07 00:00:00-04:00,30.269319325567057,30.428109046005062,29.961664478833768,30.100605010986328,1426200,0.0,0.0
2023-09-08 00:00:00-04:00,30.120458582352384,30.209778049711733,29.792954499675787,29.89219856262207,460000,0.0,0.0
2023-09-11 00:00:00-04:00,30.11053498475196,30.23955094581211,29.931896044112435,29.99144172668457,565900,0.0,0.0
2023-09-12 00:00:00-04:00,29.802880479370533,30.05595105335978,29.589506396649554,29.614316940307617,474400,0.0,0.0
2023-09-13 00:00:00-04:00,29.564695433839606,29.703635990693435,29.26696323539453,29.534921646118164,720300,0.0,0.0
2023-09-14 00:00:00-04:00,29.713562670564556,29.98151920715823,29.683788880754925,29.93189811706543,572200,0.0,0.0
2023-09-15 00:00:00-04:00,29.832649511052722,30.04106222220649,29.673859775375067,29.97159194946289,1588600,0.0,0.0
2023-09-18 00:00:00-04:00,30.011290127865184,31.32626971176709,30.011290127865184,31.23198699951172,976600,0.0,0.0
2023-09-19 00:00:00-04:00,31.10296990676614,31.410624789132928,30.428112570279254,30.705995559692383,702400,0.0,0.0
2023-09-20 00:00:00-04:00,31.013653626975863,31.499947488696062,30.705998713014758,30.715923309326172,846900,0.0,0.0
2023-09-21 00:00:00-04:00,30.557133950507357,30.557133950507357,30.021217100279387,30.110536575317383,498500,0.0,0.0
2023-09-22 00:00:00-04:00,30.189931453915243,30.378495000431368,30.04404386138402,30.110536575317383,418300,0.0,0.0
2023-09-25 00:00:00-04:00,29.902121794627075,30.497584289922877,29.902121794627075,30.398340225219727,479900,0.0,0.0
2023-09-26 00:00:00-04:00,30.239548726129083,30.368566570642013,29.594465182333373,29.624238967895508,559800,0.0,0.0
2023-09-27 00:00:00-04:00,30.318943914987845,30.74569204793826,30.09068390203581,30.705995559692383,870500,0.0,0.0
2023-09-28 00:00:00-04:00,30.70599903717735,31.222064800356698,30.53232143927886,30.825090408325195,881700,0.0,0.0
2023-09-29 00:00:00-04:00,30.964030691192367,31.172441522529827,30.596828221268115,30.686147689819336,812500,0.0,0.0
2023-10-02 00:00:00-04:00,30.49758395618588,30.783405875083176,30.13038338160255,30.289173126220703,994000,0.0,0.0
2023-10-03 00:00:00-04:00,30.358647294847053,30.62660573308855,30.120462647384606,30.48766326904297,877800,0.0,0.0
2023-10-04 00:00:00-04:00,30.596828715381836,30.988841734473652,30.388417880678713,30.735769271850586,715300,0.0,0.0
2023-10-05 00:00:00-04:00,30.884631386549845,30.92432787080796,30.447958702173747,30.66629409790039,573900,0.0,0.0
2023-10-06 00:00:00-04:00,30.467815059387892,31.058314361968748,30.467815059387892,30.58690643310547,1089400,0.0,0.0
2023-10-09 00:00:00-04:00,30.46781341018532,30.894559684650947,30.160156610067787,30.725845336914062,576800,0.0,0.0
2023-10-10 00:00:00-04:00,30.745693257909043,31.52971928054202,30.745693257909043,31.20221519470215,671400,0.0,0.0
2023-10-11 00:00:00-04:00,31.271685728432253,31.787751457715064,31.271685728432253,31.341156005859375,734800,0.0,0.0
2023-10-12 00:00:00-04:00,31.29153848362446,31.43544040628771,30.715925114201532,30.973957061767578,607600,0.0,0.0
2023-10-13 00:00:00-04:00,30.993805180145767,31.24191441513174,30.492625358360335,30.676225662231445,614600,0.0,0.0
2023-10-16 00:00:00-04:00,30.924330931024382,31.122819050725408,30.567053072731742,30.96402931213379,649800,0.0,0.0
2023-10-17 00:00:00-04:00,30.894559650294344,31.54956974125037,30.745694494909266,31.440401077270508,952400,0.0,0.0
2023-10-18 00:00:00-04:00,31.380853756776965,31.42055024611149,29.852500112475234,30.150230407714844,786600,0.0,0.0
2023-10-19 00:00:00-04:00,30.070835699510432,30.507508442101138,29.87234946591325,30.09068489074707,712700,0.0,0.0
2023-10-20 00:00:00-04:00,30.011290829290353,30.10061029934456,29.53492158428331,29.79295539855957,611400,0.0,0.0
2023-10-23 00:00:00-04:00,29.673858873672035,30.00136293017066,29.574614818658503,29.58453941345215,650900,0.0,0.0
2023-10-24 00:00:00-04:00,29.802882152774647,29.902124332979245,29.128024727013184,29.475378036499023,1192000,0.0,0.0
2023-10-25 00:00:00-04:00,29.455527484359052,29.515073168319322,28.626841688834652,28.810443878173828,942800,0.0,0.0
2023-10-26 00:00:00-04:00,28.919609416132936,29.34635756764179,28.83028994754164,29.028778076171875,695500,0.0,0.0
2023-10-27 00:00:00-04:00,29.276886939911055,29.311622078066936,28.80051770841065,28.91960906982422,485300,0.0,0.0
2023-10-30 00:00:00-04:00,29.118098041776012,29.336433472657543,28.750895565419267,29.078399658203125,638800,0.0,0.0
2023-10-31 00:00:00-04:00,29.018853914425215,29.435677476443843,28.939459040370384,29.33643341064453,562800,0.0,0.0
2023-11-01 00:00:00-04:00,29.237188449188917,29.455525765843454,29.038702216593855,29.43567657470703,931600,0.0,0.0
2023-11-02 00:00:00-04:00,30.249471689070987,31.23198384452978,29.763177908667515,31.22205924987793,1118000,0.0,0.0
2023-11-03 00:00:00-04:00,31.281604661252725,32.62139266719956,31.281604661252725,32.085479736328125,925400,0.0,0.0
2023-11-06 00:00:00-05:00,32.07556087996488,32.462610672165866,31.86715003583303,32.31374740600586,1062900,0.0,0.0
2023-11-07 00:00:00-05:00,32.12518510697894,32.24428027455697,31.84730395432372,32.09541320800781,635700,0.0,0.0
2023-11-08 00:00:00-05:00,32.22442626953125,32.36336682511795,31.936618669618102,32.22442626953125,853800,0.0,0.0
2023-11-09 00:00:00-05:00,32.373293124871864,32.42589367783657,31.480100224289817,31.62896728515625,644300,0.0,0.0
2023-11-10 00:00:00-05:00,31.877070901098982,32.10533092472587,31.6686600689848,32.05570983886719,476400,0.0,0.0
2023-11-13 00:00:00-05:00,32.16488066233091,32.542007754741576,32.03090334291795,32.42291259765625,625900,0.0,0.0
2023-11-14 00:00:00-05:00,33.01837409706538,33.4600081876762,32.97867571489122,33.266483306884766,579700,0.0,0.0
2023-11-15 00:00:00-05:00,33.2664833282888,33.97111257602616,33.17716386126251,33.49474334716797,991500,0.0,0.0
2023-11-16 00:00:00-05:00,33.514595678856296,33.713083822608674,33.23175130440925,33.504669189453125,654100,0.0,0.0
2023-11-17 00:00:00-05:00,33.50466426282454,33.723001567431815,33.44015723457507,33.69322967529297,537000,0.0,0.0
2023-11-20 00:00:00-05:00,33.693227128431076,33.693227128431076,33.40541957335785,33.44511795043945,538500,0.0,0.0
2023-11-21 00:00:00-05:00,33.33595456151644,33.34587726442827,32.99852587482126,33.13746643066406,675500,0.0,0.0
2023-11-22 00:00:00-05:00,33.286330822972594,33.41534487977737,32.98860054334062,33.177162170410156,370800,0.0,0.0
2023-11-24 00:00:00-05:00,33.08783971551548,33.27640132553176,33.055088365539554,33.107688903808594,625800,0.0,0.0
2023-11-27 00:00:00-05:00,33.187092947003,33.72300985223753,33.05807885880889,33.683311462402344,931900,0.0,0.0
2023-11-28 00:00:00-05:00,33.59398564588728,33.63170024487573,33.15731479755113,33.20693588256836,696500,0.0,0.0
2023-11-29 00:00:00-05:00,33.420471257617464,33.63896803772949,33.09272040443422,33.25162887573242,751800,0.025,0.0
2023-11-30 00:00:00-05:00,33.40061113531745,33.599247694863706,33.043066085869626,33.49992752075195,927400,0.0,0.0
2023-12-01 00:00:00-05:00,33.50986042435309,34.10576629638672,33.231767733883885,34.10576629638672,759200,0.0,0.0
2023-12-04 00:00:00-05:00,33.976651968264484,34.56262771752431,33.66876890947387,34.10576629638672,911800,0.0,0.0
2023-12-05 00:00:00-05:00,33.97664905411223,34.066035306118394,33.599243802243365,33.668766021728516,757300,0.0,0.0
2023-12-06 00:00:00-05:00,33.778009647843234,34.01637422916747,33.43039857995007,33.48005676269531,854900,0.0,0.0
2023-12-07 00:00:00-05:00,33.4999253397978,33.80781217648393,33.31122270428649,33.79787826538086,568700,0.0,0.0
2023-12-08 00:00:00-05:00,33.6786922083968,34.264667838928425,33.648898057435034,34.00644302368164,496000,0.0,0.0
2023-12-11 00:00:00-05:00,34.07596626760326,34.39378318308033,33.986580023333055,34.2348747253418,863200,0.0,0.0
2023-12-12 00:00:00-05:00,34.33419681276741,34.43351319465226,34.016379844323374,34.026309967041016,670400,0.0,0.0
2023-12-13 00:00:00-05:00,33.98657899348168,34.24480380872846,33.46019166487357,34.00644302368164,1288000,0.0,0.0
2023-12-14 00:00:00-05:00,34.38385097053756,35.0890108384434,34.28453460030237,34.9499626159668,905100,0.0,0.0
2023-12-15 00:00:00-05:00,34.890375101092246,35.14363298754236,34.503035944237475,34.68180465698242,2803400,0.0,0.0
2023-12-18 00:00:00-05:00,34.81091953189612,34.81091953189612,34.284535929622066,34.50303649902344,714700,0.0,0.0
2023-12-19 00:00:00-05:00,34.652008440902534,34.97975927023081,34.61228037880034,34.810916900634766,1211700,0.0,0.0
2023-12-20 00:00:00-05:00,34.64208321095188,34.850649883421845,33.99651537100917,34.0362434387207,897000,0.0,0.0
2023-12-21 00:00:00-05:00,34.344129735050444,34.49310430358724,33.95678676402997,34.21501541137695,699300,0.0,0.0
2023-12-22 00:00:00-05:00,34.33418997724346,34.56262064104249,34.006442951332275,34.1752815246582,418700,0.0,0.0
2023-12-26 00:00:00-05:00,34.224942274378954,34.552693113565,34.12562590481287,34.453372955322266,480700,0.0,0.0
2023-12-27 00:00:00-05:00,34.45337370734998,34.82085261785422,34.339160258723666,34.77119064331055,554800,0.0,0.0
2023-12-28 00:00:00-05:00,34.602356423005446,34.691742684323806,34.44344793495915,34.59242630004883,349500,0.0,0.0
2023-12-29 00:00:00-05:00,34.46330940870714,34.63214800716427,34.28453689935434,34.3143310546875,498000,0.0,0.0
2024-01-02 00:00:00-05:00,34.046172558958055,34.17528688088076,33.56944712648608,33.80781173706055,622700,0.0,0.0
2024-01-03 00:00:00-05:00,33.39067038975202,33.78794342753768,32.98346723092613,33.23176193237305,788200,0.0,0.0
2024-01-04 00:00:00-05:00,33.23176711787203,33.336050454110975,33.087755713920046,33.20197296142578,873100,0.0,0.0
2024-01-05 00:00:00-05:00,33.1423776041465,33.51481967784642,33.1423776041465,33.440330505371094,758200,0.0,0.0
2024-01-08 00:00:00-05:00,33.50985199917406,33.65882653538814,33.30128158659247,33.53964614868164,907700,0.0,0.0
2024-01-09 00:00:00-05:00,33.23176775062231,33.54958472102394,33.07285926542149,33.2714958190918,767500,0.0,0.0
2024-01-10 00:00:00-05:00,33.211897208327215,33.614137192574574,33.172172936319065,33.33108139038086,954200,0.0,0.0
2024-01-11 00:00:00-05:00,33.96671837762518,34.90030515880963,33.82965920754166,34.85064697265625,1323500,0.0,0.0
2024-01-12 00:00:00-05:00,35.098951006557854,35.17840336775274,34.48318099975586,34.48318099975586,693000,0.0,0.0
2024-01-16 00:00:00-05:00,34.155423488383065,34.244809745440804,33.728356236737994,33.87733459472656,489000,0.0,0.0
2024-01-17 00:00:00-05:00,33.658831182072625,33.9667179946348,33.48999259331952,33.68862533569336,597500,0.0,0.0
2024-01-18 00:00:00-05:00,33.9071279450565,34.671876173114796,33.9071279450565,34.562625885009766,817600,0.0,0.0
2024-01-19 00:00:00-05:00,34.60235701669538,35.098946523944925,34.234881842160355,35.07908248901367,685400,0.0,0.0
2024-01-22 00:00:00-05:00,35.337313573602145,35.59553846803175,35.23799339214651,35.52601623535156,430300,0.0,0.0
2024-01-23 00:00:00-05:00,35.476356363495945,35.476356363495945,34.870516545600324,34.979766845703125,497100,0.0,0.0
2024-01-24 00:00:00-05:00,35.25785133873682,35.25785133873682,34.23984143954198,34.32426452636719,474800,0.0,0.0
2024-01-25 00:00:00-05:00,34.671882576557984,34.815894002141015,34.319304447169586,34.423587799072266,535400,0.0,0.0
2024-01-26 00:00:00-05:00,34.453372574081456,34.642078978316206,34.105761495769976,34.294464111328125,394100,0.0,0.0
2024-01-29 00:00:00-05:00,34.25474580166256,34.830787658691406,34.135561592337474,34.830787658691406,462800,0.0,0.0
2024-01-30 00:00:00-05:00,34.771188838532574,34.989689391418096,34.691736503004726,34.810916900634766,410700,0.0,0.0
2024-01-31 00:00:00-05:00,34.72152857808479,34.949959238492106,34.299428362360935,34.35405349731445,516600,0.0,0.0
2024-02-01 00:00:00-05:00,34.56262326667189,35.48627990145277,34.476218707032146,35.456485748291016,562600,0.0,0.0
2024-02-02 00:00:00-05:00,35.18832729306814,35.863689220581755,34.98969076344472,35.78423309326172,490400,0.0,0.0
2024-02-05 00:00:00-05:00,35.42668873064381,35.99280417622218,35.16846388959333,35.853755950927734,587400,0.0,0.0
2024-02-06 00:00:00-05:00,36.01266345344745,36.25102804459401,35.92327720535207,36.04246139526367,612300,0.0,0.0
2024-02-07 00:00:00-05:00,36.141773073962426,36.32054554695009,35.883548273355885,35.89347839355469,473600,0.0,0.0
2024-02-08 00:00:00-05:00,36.02260396673522,36.2708987248831,35.655128785506015,36.231170654296875,581000,0.0,0.0
2024-02-09 00:00:00-05:00,36.151712168090526,36.46952910150294,36.05239200847621,36.44966506958008,395000,0.0,0.0
2024-02-12 00:00:00-05:00,36.360283255851925,36.618508124996566,36.35034934434031,36.51919174194336,450500,0.0,0.0
2024-02-13 00:00:00-05:00,35.78423324176954,36.03252795766009,35.148599375278,35.44655227661133,689200,0.0,0.0
2024-02-14 00:00:00-05:00,35.81403953560855,36.20137877653487,35.555810849205955,36.181514739990234,1328300,0.0,0.0
2024-02-15 00:00:00-05:00,36.429801297956885,38.41615904031581,36.30068698387407,38.36650085449219,1584100,0.0,0.0
2024-02-16 00:00:00-05:00,38.87301912869863,41.276513887732946,38.480713032890336,40.81964874267578,2802400,0.0,0.0
2024-02-20 00:00:00-05:00,40.31312589256522,41.18712425943291,39.8264666346854,40.809715270996094,1722500,0.0,0.0
2024-02-21 00:00:00-05:00,40.958694520613534,41.42548597053062,40.621013584143526,41.37582778930664,959400,0.0,0.0
2024-02-22 00:00:00-05:00,41.991607929145395,42.408745089405166,41.872427507075734,42.319358825683594,1313900,0.0,0.0
2024-02-23 00:00:00-05:00,42.845738162942574,42.885466229173694,41.84262911700673,42.32928466796875,854700,0.0,0.0
2024-02-26 00:00:00-05:00,42.39880651979615,42.53785475039251,42.130647758089935,42.17037582397461,956800,0.0,0.0
2024-02-27 00:00:00-05:00,42.815943736740984,42.815943736740984,42.140581769792135,42.418670654296875,550200,0.0,0.0
2024-02-28 00:00:00-05:00,42.080995162851565,42.70669902332531,42.001542809199485,42.54779052734375,533700,0.0,0.0
2024-02-29 00:00:00-05:00,42.786151692520306,42.786151692520306,42.13064993754419,42.706695556640625,1666100,0.0,0.0
2024-03-01 00:00:00-05:00,42.706693918043634,43.04437490522176,42.597443629739395,42.82587432861328,507800,0.0,0.0
2024-03-04 00:00:00-05:00,42.91525971221019,43.74953014660969,42.736487205647656,43.262874603271484,628600,0.0,0.0
2024-03-05 00:00:00-05:00,43.04436867007937,43.85877497024314,42.80600409479116,43.21320724487305,967000,0.0,0.0
2024-03-06 00:00:00-05:00,43.426865800890916,43.809457795190596,42.70142892212788,42.840553283691406,585800,0.025,0.0
2024-03-07 00:00:00-05:00,43.049245360696766,43.48649395194797,43.007508046861716,43.31755828857422,544600,0.0,0.0
2024-03-08 00:00:00-05:00,43.347369889794585,43.71506008486719,42.90515148436746,43.1386833190918,506600,0.0,0.0
2024-03-11 00:00:00-04:00,42.93993390333062,43.01943571796657,42.26418364234565,42.29399871826172,695400,0.0,0.0
2024-03-12 00:00:00-04:00,42.46293433283825,42.81074908513533,42.30393449462835,42.552371978759766,529000,0.0,0.0
2024-03-13 00:00:00-04:00,42.71137032115733,43.059185061273446,42.42616534276325,42.6716194152832,550300,0.0,0.0
2024-03-14 00:00:00-04:00,42.6219309571533,42.7113685963308,42.244304948308894,42.45299530029297,780600,0.0,0.0
2024-03-15 00:00:00-04:00,42.214497645653644,43.27681659046929,42.03562235043371,42.92005920410156,2102000,0.0,0.0
2024-03-18 00:00:00-04:00,43.18836742381039,43.625619782465314,42.80080559016975,42.9399299621582,800900,0.0,0.0
2024-03-19 00:00:00-04:00,42.77100198089823,43.81443874885741,42.547405950785574,43.79456329345703,661800,0.0,0.0
2024-03-20 00:00:00-04:00,43.82436807538003,44.25168082591465,43.039308553312765,44.24174499511719,699000,0.0,0.0
2024-03-21 00:00:00-04:00,44.51999544408593,44.818119660483596,44.152309036890635,44.718746185302734,612200,0.0,0.0
2024-03-22 00:00:00-04:00,44.798247137209955,44.97711863092698,44.261621283493845,44.48024368286133,941000,0.0,0.0
2024-03-25 00:00:00-04:00,44.45043570214725,44.55974880538152,44.08274927469542,44.19206237792969,666600,0.0,0.0
2024-03-26 00:00:00-04:00,44.24174531696863,44.4504318829279,43.92374565716737,43.93368148803711,503700,0.0,0.0
2024-03-27 00:00:00-04:00,44.162244917220114,44.6293085909712,43.983369629011406,44.46037292480469,701100,0.0,0.0
2024-03-28 00:00:00-04:00,44.41067420252679,45.11623939399762,44.3888123452646,45.07648849487305,833100,0.0,0.0
2024-04-01 00:00:00-04:00,45.215624928095146,45.33487386646599,44.6193764453855,44.97712326049805,1202100,0.0,0.0
2024-04-02 00:00:00-04:00,44.380871936680194,44.8280601655127,43.97343461504506,44.69887161254883,859500,0.0,0.0
2024-04-03 00:00:00-04:00,44.708815048396524,45.056626038903566,43.38712570275881,43.58587646484375,1194500,0.0,0.0
2024-04-04 00:00:00-04:00,43.97342862200077,43.97342862200077,42.22443064309045,42.51261520385742,1541700,0.0,0.0
2024-04-05 00:00:00-04:00,42.56230543286065,43.148614171221766,42.56230543286065,42.8206787109375,601800,0.0,0.0
2024-04-08 00:00:00-04:00,42.83061774322987,43.138681566649176,42.51261808911861,43.04924392700195,551300,0.0,0.0
2024-04-09 00:00:00-04:00,43.019438337393176,43.019438337393176,41.81700174922247,42.49274826049805,685900,0.0,0.0
2024-04-10 00:00:00-04:00,41.53875083200523,42.26418790487359,41.449313176947186,41.72756576538086,665300,0.0,0.0
2024-04-11 00:00:00-04:00,41.71762114219662,42.01574535970759,41.53874585351902,41.797122955322266,622600,0.0,0.0
2024-04-12 00:00:00-04:00,41.42942958376532,41.646069354346636,40.96236973540645,41.3101806640625,603100,0.0,0.0
2024-04-15 00:00:00-04:00,41.687819004012255,41.77725666797369,40.77356690675588,40.82325744628906,460100,0.0,0.0
2024-04-16 00:00:00-04:00,40.82324960077369,40.82324960077369,40.29655955161882,40.35618591308594,623200,0.0,0.0
2024-04-17 00:00:00-04:00,40.68412353862598,40.79343664490312,40.02824869181857,40.1375617980957,597900,0.0,0.0
2024-04-18 00:00:00-04:00,40.38599045611889,40.38599045611889,39.72514594255725,40.07793045043945,601200,0.0,0.0
2024-04-19 00:00:00-04:00,40.09780891324668,40.45555950131144,39.54131136812835,39.71024703979492,617800,0.0,0.0
2024-04-22 00:00:00-04:00,39.948754240815035,40.35122181282754,39.7003167191568,39.92887878417969,388700,0.0,0.0
2024-04-23 00:00:00-04:00,40.14749842064396,40.71393557369862,39.95073408587865,40.505245208740234,554500,0.0,0.0
2024-04-24 00:00:00-04:00,40.65430811393723,40.773557040077115,39.83943350208052,40.05805969238281,461400,0.0,0.0
2024-04-25 00:00:00-04:00,40.0083693776662,40.65430833016488,39.76987152411794,40.52511978149414,493400,0.0,0.0
2024-04-26 00:00:00-04:00,40.53505529376392,40.99217929243198,40.48536856188341,40.96236801147461,417900,0.0,0.0
2024-04-29 00:00:00-04:00,40.98225685413189,41.37975462992054,40.92263048187844,41.26050567626953,571800,0.0,0.0
2024-04-30 00:00:00-04:00,41.13131264638581,41.46918780420494,40.35618884527064,40.37606430053711,691900,0.0,0.0
2024-05-01 00:00:00-04:00,40.15743661308921,41.03193765851674,39.92390476082828,40.36612319946289,842300,0.0,0.0
2024-05-02 00:00:00-04:00,39.87918263347285,40.49033666974691,38.17986750502279,40.09780502319336,1252300,0.0,0.0
2024-05-03 00:00:00-04:00,40.077937344840855,40.187246655136285,39.07424777141686,39.19349670410156,759700,0.0,0.0
2024-05-06 00:00:00-04:00,39.670490866459694,39.968618844179055,39.37236667959504,39.57111740112305,700300,0.0,0.0
2024-05-07 00:00:00-04:00,39.55124442703539,41.05677488722191,39.501557691255115,40.93255615234375,1227200,0.0,0.0
2024-05-08 00:00:00-04:00,40.75368007060029,40.75368007060029,40.127620388523404,40.306495666503906,424000,0.0,0.0
2024-05-09 00:00:00-04:00,40.405872077258145,40.435683362139905,40.08787240233557,40.32637405395508,521300,0.0,0.0
2024-05-10 00:00:00-04:00,40.34624481201172,40.4356824555068,39.83943402610961,40.34624481201172,563000,0.0,0.0
2024-05-13 00:00:00-04:00,40.36612386639534,40.64437644367957,39.8791884901449,40.00837326049805,530700,0.0,0.0
2024-05-14 00:00:00-04:00,40.19718703467455,40.19718703467455,39.710247881519315,39.94874954223633,794400,0.0,0.0
2024-05-15 00:00:00-04:00,40.157434303389664,40.69406017250479,39.779808270584006,40.24687194824219,638300,0.0,0.0
2024-05-16 00:00:00-04:00,40.13756098205695,40.172342079632955,39.35249759007814,39.89906311035156,926100,0.0,0.0
2024-05-17 00:00:00-04:00,40.01830974406923,40.15246431532908,39.263057681787174,39.52143478393555,1008500,0.0,0.0
2024-05-20 00:00:00-04:00,39.62080702002957,40.20711960627793,39.62080702002957,39.97855758666992,537500,0.0,0.0
2024-05-21 00:00:00-04:00,39.96861705232619,40.26674122582549,39.81955307014927,40.25680160522461,360300,0.0,0.0
2024-05-22 00:00:00-04:00,40.24687102206949,40.84311944679518,40.14749754823355,40.52511978149414,463100,0.0,0.0
2024-05-23 00:00:00-04:00,40.56487080383304,40.64437261581406,39.64068308925635,39.749996185302734,437500,0.0,0.0
2024-05-24 00:00:00-04:00,39.899063921541405,40.23693907237283,39.64068679927629,40.1375617980957,416600,0.0,0.0
2024-05-28 00:00:00-04:00,40.18724636465864,40.197185986976066,39.20343604312428,39.243186950683594,564700,0.0,0.0
2024-05-29 00:00:00-04:00,38.84568587369177,38.99474988321137,38.378622181995254,38.54756164550781,601900,0.0,0.0
2024-05-30 00:00:00-04:00,38.72643716968967,39.074248139486016,38.636999521619856,38.88543701171875,695400,0.0,0.0
2024-05-31 00:00:00-04:00,38.93512242940017,39.74999706598444,38.56743601797925,39.73012161254883,1025400,0.0,0.0
2024-06-03 00:00:00-04:00,39.74999567280864,39.74999567280864,38.63699685540939,39.203433990478516,1018000,0.0,0.0
2024-06-04 00:00:00-04:00,38.81587395421174,39.21834146614446,38.6469344934582,38.776123046875,696600,0.0,0.0
2024-06-05 00:00:00-04:00,38.945064163099254,39.5313768603167,38.319004343841755,39.25312805175781,565900,0.0,0.0
2024-06-06 00:00:00-04:00,39.1685957813648,39.36747237849414,38.76090046421467,38.92994689941406,564400,0.025,0.0
2024-06-07 00:00:00-04:00,38.85040027591987,39.12882527559791,38.47253506688815,38.800682067871094,530500,0.0,0.0
2024-06-10 00:00:00-04:00,38.3233770816134,38.62169009699882,38.03500618966332,38.57197189331055,555400,0.0,0.0
2024-06-11 00:00:00-04:00,38.24382844991066,38.47253524258438,37.62234136332245,37.82619094848633,604000,0.0,0.0
2024-06-12 00:00:00-04:00,38.57197041066093,38.99955377380481,38.303487569157404,38.66146469116211,372600,0.0,0.0
2024-06-13 00:00:00-04:00,38.502366903073664,38.780791887397704,38.15731717181955,38.522254943847656,377400,0.0,0.0
2024-06-14 00:00:00-04:00,38.02506607618738,38.08472640646456,37.537818550473105,37.91568374633789,365200,0.0,0.0
2024-06-17 00:00:00-04:00,37.875899667474485,38.32337101636141,37.76651736071822,38.14438247680664,568900,0.0,0.0
2024-06-18 00:00:00-04:00,38.22393318068612,39.307806606490765,38.12449678293559,39.208370208740234,753100,0.0,0.0
2024-06-20 00:00:00-04:00,39.07910507588906,39.65584688097846,38.780792049543756,38.969722747802734,812700,0.0,0.0
2024-06-21 00:00:00-04:00,39.0094939334226,39.337640876495755,38.52721943462109,39.317752838134766,2541900,0.0,0.0
2024-06-24 00:00:00-04:00,39.31775197580218,39.45696444802039,39.09898735188478,39.138763427734375,506500,0.0,0.0
2024-06-25 00:00:00-04:00,39.168597481933695,39.168597481933695,38.15433020646802,38.164276123046875,458900,0.0,0.0
2024-06-26 00:00:00-04:00,38.035000941005045,38.243819643633216,37.68696976995808,38.17421340942383,486100,0.0,0.0
2024-06-27 00:00:00-04:00,38.15433085137893,38.253771052569554,37.82618767058939,37.89579391479492,579700,0.0,0.0
2024-06-28 00:00:00-04:00,38.12449536693156,38.43275425771766,37.7665182791168,37.98528289794922,2321600,0.0,0.0
2024-07-01 00:00:00-04:00,38.25377043381527,38.29354272039239,37.6173683295123,37.67702865600586,422700,0.0,0.0
2024-07-02 00:00:00-04:00,38.10460685445849,38.15432505086736,37.78640584553545,38.0648307800293,519400,0.0,0.0
2024-07-03 00:00:00-04:00,38.06483717556574,38.45264448327043,37.85104548115728,38.114559173583984,344500,0.0,0.0
2024-07-05 00:00:00-04:00,37.99523438439631,38.22394118169965,37.53782078978964,37.856021881103516,1014800,0.0,0.0
2024-07-08 00:00:00-04:00,38.11455730406519,38.611746913813455,37.86596249919105,37.94551086425781,737600,0.0,0.0
2024-07-09 00:00:00-04:00,37.81624629101573,38.223941681672855,37.74664003845888,37.77647399902344,405700,0.0,0.0
2024-07-10 00:00:00-04:00,37.776473453378856,38.512312053567484,37.68697915949038,38.49242401123047,540100,0.0,0.0
2024-07-11 00:00:00-04:00,38.92994740546966,39.73539213409297,38.92994740546966,39.48679733276367,595100,0.0,0.0
2024-07-12 00:00:00-04:00,39.98398662075997,40.083426816462506,39.367472580426686,39.37741470336914,477900,0.0,0.0
2024-07-15 00:00:00-04:00,39.46690866092633,40.312133247852806,39.31775405847265,40.24252700805664,584100,0.0,0.0
2024-07-16 00:00:00-04:00,40.38174540929219,41.376124744489715,40.35191524307823,41.1573600769043,500500,0.0,0.0
2024-07-17 00:00:00-04:00,40.719835636086486,41.21702531712965,40.55078917203857,40.66017150878906,466600,0.0,0.0
2024-07-18 00:00:00-04:00,40.520956098410785,41.12255511412899,39.5345312654034,39.71550750732422,573500,0.0,0.0
2024-07-19 00:00:00-04:00,39.645901449197105,39.80500198474576,38.949835183700756,39.52657699584961,518200,0.0,0.0
2024-07-22 00:00:00-04:00,39.9641050678447,39.9641050678447,39.13379921356077,39.42714309692383,1546900,0.0,0.0
2024-07-23 00:00:00-04:00,39.268034638860016,39.90443669338988,38.910057534873104,39.317752838134766,566900,0.0,0.0
2024-07-24 00:00:00-04:00,38.97966533987746,39.32769654205045,38.36315129891861,38.402923583984375,594300,0.0,0.0
2024-07-25 00:00:00-04:00,38.45264304031481,39.06916089465181,38.194106109298716,38.353206634521484,631100,0.0,0.0
2024-07-26 00:00:00-04:00,38.929953033513335,39.45697287468008,38.67141227853087,39.019447326660156,745000,0.0,0.0
2024-07-29 00:00:00-04:00,39.04927574505007,39.53651948005846,38.87526012540422,39.148712158203125,293900,0.0,0.0
2024-07-30 00:00:00-04:00,39.337638723103915,39.64887910956759,38.46258404939922,38.70123291015625,516000,0.0,0.0
2024-07-31 00:00:00-04:00,39.04927467766778,39.75428922117339,38.72112769537153,39.009498596191406,762300,0.0,0.0
2024-08-01 00:00:00-04:00,33.81884018454869,35.14136654707184,31.979239895643424,35.05187225341797,3644800,0.0,0.0
2024-08-02 00:00:00-04:00,34.16687633640098,34.79333641217901,32.52614883092494,32.834407806396484,1578400,0.0,0.0
2024-08-05 00:00:00-04:00,32.655416194433194,32.864234935969165,31.84996760003676,32.22783279418945,1954800,0.0,0.0
2024-08-06 00:00:00-04:00,32.3173294955307,33.102890107495874,32.12839878097524,32.61564254760742,977200,0.0,0.0
2024-08-07 00:00:00-04:00,33.10288592555207,33.35148073641999,32.3173254128281,32.506256103515625,1009000,0.0,0.0
2024-08-08 00:00:00-04:00,32.89406399118819,33.421083725058836,32.88411807549888,33.21226501464844,947100,0.0,0.0
2024-08-09 00:00:00-04:00,33.12277049139136,33.27192508631393,32.794623554702014,33.252037048339844,792000,0.0,0.0
2024-08-12 00:00:00-04:00,33.16254482263883,33.341533382206904,32.70513130074513,32.74490737915039,708800,0.0,0.0
2024-08-13 00:00:00-04:00,32.983556693961354,33.75917505997408,32.86423225044234,33.63985061645508,1178900,0.0,0.0
2024-08-14 00:00:00-04:00,33.709464217438445,33.80890064320409,33.33159897166728,33.53047561645508,991200,0.0,0.0
2024-08-15 00:00:00-04:00,34.117156020941366,34.4950174334589,33.85861527210717,34.2762565612793,623000,0.0,0.0
2024-08-16 00:00:00-04:00,34.26630770331899,34.34585986328942,33.878500406602555,33.967994689941406,1145000,0.0,0.0
2024-08-19 00:00:00-04:00,33.99782280779286,34.72371915419787,33.99782280779286,34.47512435913086,645300,0.0,0.0
2024-08-20 00:00:00-04:00,34.18675659083692,34.584505978975855,34.017710161104894,34.10720443725586,681200,0.0,0.0
2024-08-21 00:00:00-04:00,34.31602115580954,34.6342259583818,34.067426380202164,34.61433792114258,1232300,0.0,0.0
2024-08-22 00:00:00-04:00,34.63422159987802,34.9524225691514,34.17680438744961,34.20663833618164,657000,0.0,0.0
2024-08-23 00:00:00-04:00,34.39558145150208,35.131423830619525,34.39558145150208,34.833106994628906,583100,0.0,0.0
2024-08-26 00:00:00-04:00,35.08169744383427,35.235828801364335,34.65411407850305,34.76349639892578,567600,0.0,0.0
2024-08-27 00:00:00-04:00,34.40551927508981,34.90270888191628,34.16687038803628,34.76349639892578,703500,0.0,0.0
2024-08-28 00:00:00-04:00,34.77344706000565,35.02999635555854,34.43535792950229,34.45524597167969,592500,0.0,0.0
2024-08-29 00:00:00-04:00,34.72372432544826,35.191083823617795,34.53479361863271,34.57456970214844,646900,0.0,0.0
2024-08-30 00:00:00-04:00,34.63423416164335,34.977292453822734,34.53479395189443,34.833106994628906,1885200,0.0,0.0
2024-09-03 00:00:00-04:00,34.465184654436165,34.59445501905216,33.23215271536188,33.59012985229492,1384700,0.0,0.0
2024-09-04 00:00:00-04:00,33.44097176318203,33.550354076231876,33.03327646479512,33.21226501464844,1319600,0.0,0.0
2024-09-05 00:00:00-04:00,33.24709527134901,33.46602378311003,32.89880336272657,32.94855880737305,937900,0.025,0.0
2024-09-06 00:00:00-04:00,32.91871098948332,33.18739118807055,32.34153712028672,32.391292572021484,552300,0.0,0.0
2024-09-09 00:00:00-04:00,32.490806042676915,32.575390687036496,32.102704423190765,32.13256072998047,800600,0.0,0.0
2024-09-10 00:00:00-04:00,32.122606032819284,32.286802427025435,31.834021019129395,32.10270309448242,625800,0.0,0.0
2024-09-11 00:00:00-04:00,32.00318938869823,32.00318938869823,31.06777224753975,31.794214248657227,1266400,0.0,0.0
2024-09-12 00:00:00-04:00,31.9434823583152,32.42014689730207,31.644945885041615,32.25197219848633,1366800,0.0,0.0
2024-09-13 00:00:00-04:00,32.36143299524522,33.05802055574993,32.34153005967688,32.97840881347656,947900,0.0,0.0
2024-09-16 00:00:00-04:00,32.968467737108405,33.436173557116405,32.93363853991528,33.28690719604492,641300,0.0,0.0
2024-09-17 00:00:00-04:00,33.56553607948727,33.68494991086413,33.13763240461485,33.296852111816406,509100,0.0,0.0
2024-09-18 00:00:00-04:00,33.40631426790484,33.71480409196756,32.93860474667037,33.04806900024414,664100,0.0,0.0
2024-09-19 00:00:00-04:00,33.83422004579207,34.01334269089875,33.37646386211823,33.84416961669922,537600,0.0,0.0
2024-09-20 00:00:00-04:00,33.565535317180334,33.6401703836323,33.0480703315031,33.07792663574219,3044100,0.0,0.0
2024-09-23 00:00:00-04:00,33.33665319408889,33.475969943345426,33.03811676052534,33.21723937988281,1021300,0.0,0.0
2024-09-24 00:00:00-04:00,33.34660428112659,33.44114227789442,33.07792413595981,33.1077766418457,879500,0.0,0.0
2024-09-25 00:00:00-04:00,33.24709229091217,33.24709229091217,32.560458105711085,32.70972442626953,1149500,0.0,0.0
2024-09-26 00:00:00-04:00,33.266999602996506,33.41626973929052,32.91870767977348,33.296852111816406,1236300,0.0,0.0
2024-09-27 00:00:00-04:00,33.41626535104332,34.13275204131219,33.23714272945192,33.71480178833008,1011100,0.0,0.0
2024-09-30 00:00:00-04:00,33.63519023963318,33.804363292591816,33.28689836015478,33.57548522949219,815300,0.0,0.0
2024-10-01 00:00:00-04:00,33.38640926440763,33.51577644663132,32.91372688534343,33.34660339355469,615800,0.0,0.0
2024-10-02 00:00:00-04:00,33.2869070683811,33.71481080145425,33.058028945404395,33.19734573364258,549700,0.0,0.0
2024-10-03 00:00:00-04:00,32.95850356647023,33.23216416622161,32.849039326569674,32.86894226074219,796600,0.0,0.0
2024-10-04 00:00:00-04:00,33.27695289021199,33.54563688788898,33.107783593210364,33.525733947753906,663800,0.0,0.0
2024-10-07 00:00:00-04:00,33.29685474964795,33.605344617582595,33.008267821202395,33.356563568115234,635900,0.0,0.0
2024-10-08 00:00:00-04:00,33.33665288588161,33.470992951109345,32.968458081093864,33.038116455078125,496300,0.0,0.0
2024-10-09 00:00:00-04:00,33.197343011338056,33.68495173018599,33.08787874495659,33.366512298583984,465200,0.0,0.0
2024-10-10 00:00:00-04:00,33.06796967746148,33.73470472362877,32.74953030487604,33.71480178833008,955900,0.0,0.0
2024-10-11 00:00:00-04:00,33.67500068077253,34.68007438088623,33.67500068077253,34.341732025146484,826100,0.0,0.0
2024-10-14 00:00:00-04:00,34.37158637927604,34.421341823687506,34.09294905759709,34.18251037597656,529100,0.0,0.0
2024-10-15 00:00:00-04:00,33.983493227249,34.68007713608591,33.943687347859004,34.17256546020508,751500,0.0,0.0
2024-10-16 00:00:00-04:00,34.39149162029788,34.68007473565667,34.14271058547653,34.29197692871094,443400,0.0,0.0
2024-10-17 00:00:00-04:00,34.41139625435436,35.14778602789916,34.32183492556134,35.13783645629883,701800,0.0,0.0
2024-10-18 00:00:00-04:00,35.23734818178715,35.23734818178715,34.77959195550321,35.12788391113281,570800,0.0,0.0
2024-10-21 00:00:00-04:00,35.01841569651058,35.20749170492695,34.839293054904104,35.0383186340332,471300,0.0,0.0
2024-10-22 00:00:00-04:00,34.86914649248776,35.008463247595124,34.5507071105004,34.57061004638672,490900,0.0,0.0
2024-10-23 00:00:00-04:00,34.102908603348524,34.47110351402423,33.76655536073905,34.06310272216797,498500,0.0,0.0
2024-10-24 00:00:00-04:00,34.15265954800906,34.23227129985999,33.93373102651629,34.16261291503906,719100,0.0,0.0
2024-10-25 00:00:00-04:00,34.44124467514554,34.64027024839425,33.8242688145619,33.864070892333984,542300,0.0,0.0
2024-10-28 00:00:00-04:00,34.05315058065873,34.56066224107756,34.0332476415701,34.321834564208984,970200,0.0,0.0
2024-10-29 00:00:00-04:00,34.20241779691981,34.36163751756856,33.635197304852554,33.764564514160156,1488200,0.0,0.0
2024-10-30 00:00:00-04:00,33.515782430757504,34.25217219253294,33.436170674837214,33.91383361816406,951200,0.0,0.0
2024-10-31 00:00:00-04:00,36.11305528695709,37.29725162516543,36.05334647306107,36.89920425415039,1674800,0.0,0.0
2024-11-01 00:00:00-04:00,36.600666313937985,37.19774310266809,36.36183863532395,36.779788970947266,1215600,0.0,0.0
2024-11-04 00:00:00-05:00,36.809642931354986,37.376863377026794,36.570811471868154,36.89920425415039,736700,0.0,0.0
2024-11-05 00:00:00-05:00,36.889257230339595,37.89433489188056,36.35188920116509,37.82467269897461,1094500,0.0,0.0
2024-11-06 00:00:00-05:00,39.804964310848064,40.053745337790865,38.9093510954151,39.824867248535156,1211600,0.0,0.0
2024-11-07 00:00:00-05:00,39.874621259960854,40.5115000586431,39.506426416240885,40.252769470214844,1017400,0.0,0.0
2024-11-08 00:00:00-05:00,40.153257552277935,40.79014019094416,39.615893401421275,39.85472106933594,1163300,0.0,0.0
2024-11-11 00:00:00-05:00,40.053744572210285,40.60106206180367,39.94428031507218,40.153255462646484,732200,0.0,0.0
2024-11-12 00:00:00-05:00,40.02389635073233,40.13336061959372,39.31735528701728,39.327308654785156,1088200,0.0,0.0
2024-11-13 00:00:00-05:00,39.32730377165627,39.57110810633134,38.87949718014292,38.92925262451172,1161800,0.0,0.0
2024-11-14 00:00:00-05:00,38.84964820829541,38.99891455498596,38.571010861497705,38.7501335144043,882000,0.0,0.0
2024-11-15 00:00:00-05:00,38.80983755080419,38.90934843634183,37.85451938369382,37.894325256347656,707300,0.0,0.0
2024-11-18 00:00:00-05:00,37.9042749136864,38.1281763047098,37.416662462797206,37.43656539916992,755000,0.0,0.0
2024-11-19 00:00:00-05:00,36.93900931062137,37.2972546306713,36.53100853969731,36.909156799316406,1072600,0.0,0.0
2024-11-20 00:00:00-05:00,36.89920513702627,37.3420350780831,36.61061822376979,37.20769119262695,964400,0.0,0.0
2024-11-21 00:00:00-05:00,37.5811123535681,38.31799474951114,37.182794875637754,38.158668518066406,953100,0.025,0.0
2024-11-22 00:00:00-05:00,38.248289384558,38.786016834885174,37.87984819020951,38.67647933959961,1137700,0.0,0.0
2024-11-25 00:00:00-05:00,39.10467182240824,39.459172042040635,38.81589182501324,38.8557243347168,1337700,0.0,0.0
2024-11-26 00:00:00-05:00,38.746182052095484,38.96027701704195,38.477318342722945,38.786014556884766,833200,0.0,0.0
2024-11-27 00:00:00-05:00,38.85572654616517,39.224167785299684,38.54703027634914,39.015052795410156,624000,0.0,0.0
2024-11-29 00:00:00-05:00,39.13454381291326,39.46813253054911,39.034966338544606,39.09471130371094,675900,0.0,0.0
2024-12-02 00:00:00-05:00,39.2142057186745,39.41834066451809,38.93538197502715,39.144500732421875,807100,0.0,0.0
2024-12-03 00:00:00-05:00,38.975216808403005,39.07479807945082,38.53707061170383,38.7661018371582,591700,0.0,0.0
2024-12-04 00:00:00-05:00,38.82584888263021,39.03496384462645,38.457403894004166,38.915470123291016,496900,0.0,0.0
2024-12-05 00:00:00-05:00,38.97521861448929,39.01604636771527,38.23833616777417,38.347869873046875,443100,0.0,0.0
2024-12-06 00:00:00-05:00,38.626691631138236,38.626691631138236,38.14871292880651,38.47732162475586,731300,0.0,0.0
2024-12-09 00:00:00-05:00,38.576906361840074,38.93538757182509,38.39766385752887,38.72627258300781,534100,0.0,0.0
2024-12-10 00:00:00-05:00,39.54281599904021,39.70214223102105,38.52710984567349,38.98517608642578,1100800,0.0,0.0
2024-12-11 00:00:00-05:00,39.27395240354201,39.27395240354201,38.766101224454566,38.99513244628906,823100,0.0,0.0
2024-12-12 00:00:00-05:00,39.771850175292364,40.23987267841556,39.47809395644681,39.74197769165039,1144600,0.0,0.0
2024-12-13 00:00:00-05:00,39.602567213522846,39.60754722694737,38.84576471575942,39.43328094482422,763800,0.0,0.0
2024-12-16 00:00:00-05:00,39.323744885873346,39.692186085849684,38.91547117815982,39.26399612426758,794600,0.0,0.0
2024-12-17 00:00:00-05:00,39.08475534382332,39.22914534169429,37.95951164228082,38.01926040649414,1320200,0.0,0.0
2024-12-18 00:00:00-05:00,38.25824597215674,38.29807847966044,36.58532244200834,36.794437408447266,868100,0.0,0.0
2024-12-19 00:00:00-05:00,37.013508282089006,37.18777455125015,36.18700465104418,36.226837158203125,1005000,0.0,0.0
2024-12-20 00:00:00-05:00,36.02768048333734,36.74465045869122,35.63932301289972,36.37620544433594,4081800,0.0,0.0
2024-12-23 00:00:00-05:00,36.11729818622621,36.77451933293134,36.11729818622621,36.664981842041016,584500,0.0,0.0
2024-12-24 00:00:00-05:00,36.684902125226365,36.97368212409396,36.47578714617213,36.953765869140625,182300,0.0,0.0
2024-12-26 00:00:00-05:00,36.80439914315241,37.26246165207517,36.80439914315241,37.19275665283203,395100,0.0,0.0
2024-12-27 00:00:00-05:00,36.92389408571037,37.23258654674359,36.256712827361156,36.45587158203125,309700,0.0,0.0
2024-12-30 00:00:00-05:00,36.157137582108234,36.31646383595552,35.74388380541021,36.0675163269043,410500,0.0,0.0
2024-12-31 00:00:00-05:00,36.13721716598548,36.4757858912698,36.04261590787106,36.31645965576172,539000,0.0,0.0
2025-01-02 00:00:00-05:00,36.48574020036899,36.794436427335874,35.82851903863052,35.90818405151367,514000,0.0,0.0
2025-01-03 00:00:00-05:00,35.99780685313278,36.60523550884871,35.898225582709394,36.565406799316406,508900,0.0,0.0
2025-01-06 00:00:00-05:00,36.68489907125589,37.327183995142136,36.66000280497749,36.73468780517578,711100,0.0,0.0
2025-01-07 00:00:00-05:00,36.824313090816496,37.222630603204394,36.087430631127404,36.47578811645508,818500,0.0,0.0
2025-01-08 00:00:00-05:00,36.047598677950376,36.097387418109946,35.65924118661338,35.967933654785156,577100,0.0,0.0
2025-01-10 00:00:00-05:00,35.599486574853756,36.07746523946293,35.509865337824735,35.81856155395508,732700,0.0,0.0
2025-01-13 00:00:00-05:00,35.38041245295799,35.84843490196409,35.310707466761784,35.60944366455078,609000,0.0,0.0
2025-01-14 00:00:00-05:00,35.59949554693107,36.44591559992049,35.59949554693107,36.19696807861328,617700,0.0,0.0
2025-01-15 00:00:00-05:00,36.98363428901097,37.3719917213408,36.40607815336673,36.664981842041016,642600,0.0,0.0
2025-01-16 00:00:00-05:00,36.51561721868832,37.103133466483285,36.41603973884674,37.0533447265625,543900,0.0,0.0
2025-01-17 00:00:00-05:00,37.32220430888962,37.66077302060048,37.18279433323872,37.30228805541992,490100,0.0,0.0
2025-01-21 00:00:00-05:00,37.61098662550481,38.88559653774539,37.521365378635565,38.83580780029297,913500,0.0,0.0
2025-01-22 00:00:00-05:00,38.895557392596665,39.37353611986419,38.22837614088931,38.347869873046875,588300,0.0,0.0
2025-01-23 00:00:00-05:00,38.2184180659751,38.70137678334909,38.049131804847434,38.487281799316406,426400,0.0,0.0
2025-01-24 00:00:00-05:00,38.248290121830664,38.79597381017868,38.20348139942482,38.45740509033203,497200,0.0,0.0
2025-01-27 00:00:00-05:00,38.01926172629924,38.39766298217843,37.720525492136645,37.84001922607422,577600,0.0,0.0
2025-01-28 00:00:00-05:00,37.74044174756579,37.94955673161588,37.49149425265741,37.84001922607422,343800,0.0,0.0
2025-01-29 00:00:00-05:00,37.89976291018853,38.13875034601663,37.57115043762888,37.75039291381836,375700,0.0,0.0
2025-01-30 00:00:00-05:00,38.30804130181299,39.433281231142,38.20846002578569,38.905513763427734,750400,0.0,0.0
2025-01-31 00:00:00-05:00,38.86568167611716,39.005091665435764,38.0590942240203,38.38770294189453,694500,0.0,0.0
2025-02-03 00:00:00-05:00,37.451657277998564,38.13377090161966,36.99359485363579,37.790225982666016,502100,0.0,0.0
2025-02-04 00:00:00-05:00,38.05909179370178,38.17858551996766,37.581113090001175,37.93959426879883,400300,0.0,0.0
2025-02-05 00:00:00-05:00,38.23834124708298,38.78602504074593,37.94458119315462,38.7163200378418,441400,0.0,0.0
2025-02-06 00:00:00-05:00,38.81588931591326,38.915470583735114,38.337910626279196,38.67647933959961,544800,0.0,0.0
2025-02-07 00:00:00-05:00,38.87564332896093,38.87564332896093,38.21842206708958,38.22837829589844,581600,0.0,0.0
2025-02-10 00:00:00-05:00,38.38770294189453,38.53707295824292,38.00930168614596,38.38770294189453,610300,0.0,0.0
2025-02-11 00:00:00-05:00,38.02921158337803,38.40761277586085,37.531316676977305,37.660770416259766,840500,0.0,0.0
2025-02-12 00:00:00-05:00,37.21266663742591,38.746183959577984,37.023467928317636,37.561195373535156,1335600,0.0,0.0
2025-02-13 00:00:00-05:00,37.60102591263477,39.29386954558411,37.34212220342469,38.23833465576172,1203100,0.0,0.0
2025-02-14 00:00:00-05:00,38.49723900586806,39.38847145979669,38.46238650984346,39.104671478271484,881300,0.0,0.0
2025-02-18 00:00:00-05:00,39.07479738938602,40.090499745676816,38.89555490330246,40.080543518066406,974700,0.0,0.0
2025-02-19 00:00:00-05:00,39.99092324511057,40.5784394529391,39.82164078116805,40.15024948120117,1062600,0.0,0.0
2025-02-20 00:00:00-05:00,38.38770010083157,38.87563882597179,37.93959388358792,38.45740509033203,3205300,0.0,0.0
2025-02-21 00:00:00-05:00,38.70635523174494,38.71133524523416,37.33216780243137,37.551239013671875,1645200,0.0,0.0
2025-02-24 00:00:00-05:00,37.680687795889895,38.039172747007406,37.06329915709685,37.74043655395508,1316000,0.0,0.0
2025-02-25 00:00:00-05:00,37.88980783365344,38.3179978272988,37.421789127925514,37.83006286621094,1375900,0.0,0.0
2025-02-26 00:00:00-05:00,37.84001686816092,38.21841810046091,37.56119690680149,37.67073440551758,828800,0.0,0.0
2025-02-27 00:00:00-05:00,37.72052344743443,37.89976593794332,36.814354767033755,36.87409973144531,910700,0.0,0.0
2025-02-28 00:00:00-05:00,36.81435917083718,37.24254919398075,36.5156191184951,37.19275665283203,1363200,0.0,0.0
2025-03-03 00:00:00-05:00,37.32220586385224,37.54128086250927,35.97789098705362,36.0475959777832,938100,0.0,0.0
2025-03-04 00:00:00-05:00,35.42024947141444,35.5198269504844,34.399563217079326,34.56386947631836,1427500,0.0,0.0
2025-03-05 00:00:00-05:00,34.64352965854751,34.842688387500935,34.05601349738513,34.763023376464844,1371200,0.0,0.0
2025-03-06 00:00:00-05:00,34.35944194449304,34.518882360423156,33.34300786742884,33.851226806640625,1329900,0.025,0.0
2025-03-07 00:00:00-05:00,33.65192736252526,34.09038758239232,32.52587721895626,33.52238082885742,2015100,0.0,0.0
2025-03-10 00:00:00-04:00,32.94441050570109,33.153675350144745,31.977800793709612,32.4959831237793,2192400,0.0,0.0
2025-03-11 00:00:00-04:00,32.61556378289432,33.073954546399534,31.987765423353004,32.45612335205078,1312300,0.0,0.0
2025-03-12 00:00:00-04:00,32.76503245945597,33.183562057733575,32.3066380119764,32.68531036376953,1273900,0.0,0.0
2025-03-13 00:00:00-04:00,32.59563216880126,32.775003122699175,31.67885067230934,31.987764358520508,1208000,0.0,0.0
2025-03-14 00:00:00-04:00,32.336538751777994,33.13374077712111,32.02762130386292,33.03409194946289,954900,0.0,0.0
2025-03-17 00:00:00-04:00,32.91451184211613,33.53234679515009,32.7201939492398,33.32307815551758,663500,0.0,0.0
2025-03-18 00:00:00-04:00,33.20349947957628,33.41276432218918,32.994234636963384,33.21346664428711,688800,0.0,0.0
2025-03-19 00:00:00-04:00,33.16363680226046,34.56870665039722,33.1088288031088,34.20996856689453,1285300,0.0,0.0
2025-03-20 00:00:00-04:00,33.86118891671371,34.28968573142683,33.60209967592307,33.77150344848633,970400,0.0,0.0
2025-03-21 00:00:00-04:00,33.40279826905486,33.631993621273764,33.09388081100717,33.592132568359375,1000500,0.0,0.0
2025-03-24 00:00:00-04:00,34.249827640917296,34.41923522949219,34.0106689058651,34.41923522949219,734200,0.0,0.0
2025-03-25 00:00:00-04:00,34.379374907787394,34.758047347964016,34.01066963257733,34.190040588378906,673500,0.0,0.0
2025-03-26 00:00:00-04:00,34.20997180008579,34.54877938852143,33.77150776543315,34.08042526245117,614200,0.0,0.0
2025-03-27 00:00:00-04:00,34.219931560296345,34.219931560296345,33.14370591732992,33.4227294921875,1001600,0.0,0.0
2025-03-28 00:00:00-04:00,33.21345974429536,33.45261842863721,32.271760545453276,32.68531036376953,823400,0.0,0.0
2025-03-31 00:00:00-04:00,32.236889953926735,32.96434092744968,32.04257205594827,32.73514175415039,1428300,0.0,0.0
2025-04-01 00:00:00-04:00,32.7550722627714,33.00419816273453,32.20201246074449,32.7949333190918,766400,0.0,0.0
2025-04-02 00:00:00-04:00,32.426225307659884,33.701748591102834,32.34650320176508,33.532344818115234,948200,0.0,0.0
2025-04-03 00:00:00-04:00,31.937938679932884,31.97779973508624,30.0645128033588,30.283742904663086,1202900,0.0,0.0
2025-04-04 00:00:00-04:00,28.908570015560038,29.26731192413925,27.682871028820795,28.798954010009766,1463500,0.0,0.0
2025-04-07 00:00:00-04:00,27.682871226480056,29.775527306321163,27.124827831221264,28.320632934570312,2022200,0.0,0.0
2025-04-08 00:00:00-04:00,29.42675340289669,29.625057035790825,27.40385031367857,27.94196319580078,1534300,0.0,0.0
2025-04-09 00:00:00-04:00,27.523430306644507,31.429724500113913,27.423779566369717,31.110841751098633,1713100,0.0,0.0
2025-04-10 00:00:00-04:00,30.04458252832633,30.13426800249552,28.719232844212396,29.62605094909668,1362500,0.0,0.0
2025-04-11 00:00:00-04:00,29.626048978311857,30.05454579290913,28.848777454790856,29.835315704345703,959600,0.0,0.0
2025-04-14 00:00:00-04:00,30.532870137397563,30.532870137397563,29.52640125875883,30.154199600219727,981700,0.0,0.0
2025-04-15 00:00:00-04:00,30.034618340367082,30.627539207578796,30.00472444835964,30.124303817749023,880500,0.0,0.0
2025-04-16 00:00:00-04:00,29.825354215084822,30.154200339880283,29.451665350513622,29.925004959106445,767000,0.0,0.0
2025-04-17 00:00:00-04:00,30.07447884364358,30.258831476788362,29.54633125330365,29.934968948364258,827100,0.0,0.0
2025-04-21 00:00:00-04:00,29.626049820298352,29.755596345020034,28.83881301119451,29.217483520507812,1204000,0.0,0.0
2025-04-22 00:00:00-04:00,29.60612100787423,29.86521217164251,29.197554684422645,29.755598068237305,1317600,0.0,0.0
2025-04-23 00:00:00-04:00,30.29370950828383,30.951401741964872,30.014689712588723,30.124303817749023,1275000,0.0,0.0
2025-04-24 00:00:00-04:00,30.124302163189103,31.260317514072128,30.079459426961094,31.18059730529785,912800,0.0,0.0
2025-04-25 00:00:00-04:00,30.9514025561545,31.29519752872222,30.79694570824017,31.190563201904297,673000,0.0,0.0
2025-04-28 00:00:00-04:00,31.160668025746986,31.678850353869954,30.921507389847104,31.230422973632812,850900,0.0,0.0
2025-04-29 00:00:00-04:00,31.041085499272366,31.489512861333456,30.91652255433092,31.210491180419922,799700,0.0,0.0
2025-04-30 00:00:00-04:00,30.69230931478027,31.748604471566924,30.562764686476857,31.69877815246582,1328900,0.0,0.0
2025-05-01 00:00:00-04:00,32.615557480898794,33.65192198181476,31.918004305230014,32.117305755615234,1515600,0.0,0.0
2025-05-02 00:00:00-04:00,32.54580851905363,33.313116773035325,32.35647419717231,33.173606872558594,1391300,0.0,0.0
2025-05-05 00:00:00-04:00,33.12377606617747,33.83129259727616,33.02910702280548,33.3131103515625,1150300,0.0,0.0
2025-05-06 00:00:00-04:00,32.97429902941738,33.731639972316444,32.94440514260894,33.3131103515625,709200,0.0,0.0
2025-05-07 00:00:00-04:00,33.54230927562042,34.04056104965005,33.30314675148808,34.03059768676758,1505700,0.0,0.0
2025-05-08 00:00:00-04:00,34.12028352709653,35.216435921270886,34.12028352709653,34.7580451965332,1403300,0.0,0.0
2025-05-09 00:00:00-04:00,35.017136374338186,35.23138480332056,34.668361630115534,34.7281494140625,789700,0.0,0.0
2025-05-12 00:00:00-04:00,36.39231422567861,36.770986681965596,35.884095228832436,36.501930236816406,1453300,0.0,0.0
2025-05-13 00:00:00-04:00,36.66136851920986,37.149653156617916,36.54178534969967,37.0699348449707,1008200,0.0,0.0
2025-05-14 00:00:00-04:00,37.04003790876297,37.19948213803451,36.65638568581736,36.780948638916016,922200,0.0,0.0
2025-05-15 00:00:00-04:00,36.661368039477196,36.990212247928156,36.442136032936865,36.701229095458984,1061000,0.0,0.0
2025-05-16 00:00:00-04:00,36.721159511957836,36.96032207052093,36.571686239045825,36.940391540527344,811400,0.0,0.0
2025-05-19 00:00:00-04:00,36.40227554481256,36.90052734827886,36.40227554481256,36.830772399902344,713500,0.0,0.0
2025-05-20 00:00:00-04:00,36.73112241450169,36.920456725426114,36.40227440981459,36.51189041137695,865000,0.0,0.0
2025-05-21 00:00:00-04:00,36.33252115490569,36.56171653186002,35.42071942822071,35.51538848876953,1007900,0.0,0.0
2025-05-22 00:00:00-04:00,35.385841257753896,35.76451369114426,35.29615578146038,35.68479537963867,737500,0.0,0.0
2025-05-23 00:00:00-04:00,34.9473844157019,35.3061263555172,34.9473844157019,35.13671875,541800,0.0,0.0
2025-05-27 00:00:00-04:00,35.80437338087872,36.00865463491877,35.28619107111357,35.904022216796875,902100,0.0,0.0
2025-05-28 00:00:00-04:00,36.01364086774975,36.01364086774975,35.51538904876846,35.70472717285156,885000,0.0,0.0
2025-05-29 00:00:00-04:00,36.00367483663,36.00367483663,35.460578417468746,35.96381378173828,997500,0.0,0.0
2025-05-30 00:00:00-04:00,35.69475876281308,35.80437476738353,35.360930968064594,35.625003814697266,1014800,0.0,0.0
2025-06-02 00:00:00-04:00,35.495457334703445,35.60507333943696,34.70822237603104,35.50542449951172,762300,0.0,0.0
2025-06-03 00:00:00-04:00,35.6050711637798,36.352448821629146,35.46556127586541,36.25279998779297,626600,0.0,0.0
2025-06-04 00:00:00-04:00,36.442137700352795,36.447121282918424,35.75455155932414,35.7645149230957,1010400,0.0,0.0
2025-06-05 00:00:00-04:00,35.789444903134566,36.0686591983424,35.60994891221254,35.70967102050781,808200,0.025,0.0
2025-06-06 00:00:00-04:00,36.30798709878107,36.30798709878107,35.78944356703245,35.98888397216797,628500,0.0,0.0
2025-06-09 00:00:00-04:00,36.21824340487763,36.60715014884035,35.97891793352048,36.39773941040039,808600,0.0,0.0
2025-06-10 00:00:00-04:00,36.587200288697744,36.94619224639702,36.53734113990823,36.90630340576172,735100,0.0,0.0
2025-06-11 00:00:00-04:00,36.94619491467723,37.075831754099816,36.55728820041897,36.63706588745117,778400,0.0,0.0
2025-06-12 00:00:00-04:00,36.44759462022434,36.557287034390136,36.0886026480488,36.367820739746094,489400,0.0,0.0
2025-06-13 00:00:00-04:00,35.89913854464679,36.09857896403008,35.13129540262736,35.40053939819336,527700,0.0,0.0
2025-06-16 00:00:00-04:00,35.64983836206897,36.24815580598239,35.50025709908584,36.1484375,637800,0.0,0.0
2025-06-17 00:00:00-04:00,35.69969070572293,36.068652932293595,35.37061731554066,35.460365295410156,636200,0.0,0.0
2025-06-18 00:00:00-04:00,35.56009318190199,35.93902962186893,35.41051190707009,35.61992645263672,620900,0.0,0.0
2025-06-20 00:00:00-04:00,35.799417437472044,35.83930247502204,35.34070336755869,35.63986587524414,2388600,0.0,0.0
2025-06-23 00:00:00-04:00,35.43045004636306,36.20826721191406,35.300817022112206,36.20826721191406,636700,0.0,0.0
2025-06-24 00:00:00-04:00,36.65700439154242,36.92624836373715,36.228212662501846,36.73678207397461,763000,0.0,0.0
2025-06-25 00:00:00-04:00,36.866416263808304,36.96613455569273,36.49745021501611,36.716835021972656,646500,0.0,0.0
2025-06-26 00:00:00-04:00,36.85644425342251,37.26529535987193,36.6669779664369,37.195491790771484,737700,0.0,0.0
2025-06-27 00:00:00-04:00,37.35504588821818,37.47471241824599,36.726813723614775,36.89633560180664,1854100,0.0,0.0
2025-06-30 00:00:00-04:00,36.99605220008301,36.99605220008301,36.49745309332173,36.79661560058594,1092700,0.0,0.0
2025-07-01 00:00:00-04:00,36.587204789196015,37.873591527850486,36.56726036642505,37.37499237060547,1052200,0.0,0.0
2025-07-02 00:00:00-04:00,37.414877378375344,37.98328005501088,37.2603128727667,37.953365325927734,1037900,0.0,0.0
2025-07-03 00:00:00-04:00,38.15280609138772,38.402105671661836,38.09297662668814,38.33230209350586,653700,0.0,0.0
2025-07-07 00:00:00-04:00,37.98328296788077,38.312356425059306,37.59437624393813,37.743953704833984,859900,0.0,0.0
2025-07-08 00:00:00-04:00,38.00322393906281,38.491848925897315,37.963335098175726,38.122886657714844,983600,0.0,0.0
2025-07-09 00:00:00-04:00,38.55168365040796,38.59157249280898,37.65420371643195,38.162776947021484,624400,0.0,0.0
2025-07-10 00:00:00-04:00,38.22261044478972,38.71123545316287,38.152803068155585,38.51179504394531,644100,0.0,0.0
2025-07-11 00:00:00-04:00,38.13286221722541,38.30238409141567,37.993251268821844,38.162776947021484,470300,0.0,0.0
2025-07-14 00:00:00-04:00,37.9932482601054,38.372184624888035,37.765890245244904,38.34226989746094,538200,0.0,0.0
2025-07-15 00:00:00-04:00,38.47190819000981,38.47190819000981,37.49465061135666,37.51459503173828,1042200,0.0,0.0
2025-07-16 00:00:00-04:00,37.614321342315336,37.66418049684351,36.98608534403329,37.604347229003906,743200,0.0,0.0
2025-07-17 00:00:00-04:00,37.68411926600114,38.45594890489119,37.589384223803215,38.34226989746094,1831800,0.0,0.0
2025-07-18 00:00:00-04:00,38.48188336327422,38.581601673779986,38.2226134735534,38.33230209350586,853100,0.0,0.0
2025-07-21 00:00:00-04:00,38.46193740552264,38.60653161279267,37.96333826487131,37.97331237792969,621100,0.0,0.0
2025-07-22 00:00:00-04:00,38.03313878210501,38.80098185344912,37.5943729430552,38.731178283691406,1167700,0.0,0.0
2025-07-23 00:00:00-04:00,39.08019819286319,39.54888258938286,38.85084305099448,39.4990234375,1092200,0.0,0.0
2025-07-24 00:00:00-04:00,39.469113699214184,39.628665287825044,38.840877654804586,38.870792388916016,870100,0.0,0.0
2025-07-25 00:00:00-04:00,38.95056333659551,39.66854345894113,38.60154168172442,39.658573150634766,819700,0.0,0.0
2025-07-28 00:00:00-04:00,39.65857747109846,39.95773620500071,39.34944462379399,39.77824020385742,1146500,0.0,0.0
2025-07-29 00:00:00-04:00,40.06742240396142,40.15717039059086,39.489045644791865,39.81812286376953,840200,0.0,0.0
2025-07-30 00:00:00-04:00,39.94776526100278,40.25689429938678,39.2497256903134,39.628662109375,1393300,0.0,0.0
2025-07-31 00:00:00-04:00,40.52613678742247,41.882327033333844,39.38933137658778,41.35381317138672,2833300,0.0,0.0
2025-08-01 00:00:00-04:00,40.725576365071674,40.725576365071674,39.47907856227689,40.27683639526367,1911900,0.0,0.0
2025-08-04 00:00:00-04:00,40.466307473435414,41.094539642333984,40.26686705936831,41.094539642333984,1202000,0.0,0.0
2025-08-05 00:00:00-04:00,41.652970713046365,41.87235554192726,40.73554635918844,41.08456802368164,1443100,0.0,0.0
2025-08-06 00:00:00-04:00,41.014762888308965,41.12445529856849,40.27184749300914,40.43638610839844,1189000,0.0,0.0
2025-08-07 00:00:00-04:00,40.715607253926144,40.78541082861494,39.76826813513743,40.256893157958984,1008400,0.0,0.0
2025-08-08 00:00:00-04:00,40.54607851865797,40.7255744983537,40.25689012870271,40.43638610839844,871800,0.0,0.0
2025-08-11 00:00:00-04:00,40.50619272585025,40.78541082861494,40.07739716475651,40.256893157958984,1020600,0.0,0.0
2025-08-12 00:00:00-04:00,40.56602430642446,41.9271977603206,40.476276313551466,41.92221450805664,871400,0.0,0.0
2025-08-13 00:00:00-04:00,42.34103328343977,43.19862431621937,42.031904286048835,43.059017181396484,1647400,0.0,0.0
2025-08-14 00:00:00-04:00,42.58036707979704,43.148769791912514,42.39089697308553,42.9493293762207,1149200,0.0,0.0
2025-08-15 00:00:00-04:00,42.78977750652324,43.14876949146692,41.67789976448983,41.99201965332031,969600,0.0,0.0
2025-08-18 00:00:00-04:00,42.01195921254742,42.42081030274272,42.01195921254742,42.33106231689453,1032400,0.0,0.0
2025-08-19 00:00:00-04:00,42.440758266868244,42.969272114332306,42.326078796036356,42.560420989990234,630400,0.0,0.0
2025-08-20 00:00:00-04:00,42.39088884406675,42.470666516648855,41.86237507724112,41.96209716796875,891600,0.0,0.0
2025-08-21 00:00:00-04:00,42.13162625475394,42.38092581839153,41.942159955832764,42.16154098510742,818800,0.0,0.0
2025-08-22 00:00:00-04:00,42.465680361351,43.64736148446477,42.23133819818419,43.587528228759766,748500,0.0,0.0
2025-08-25 00:00:00-04:00,43.40803993262393,43.472860255422155,42.97924436769071,43.00916290283203,655500,0.0,0.0
2025-08-26 00:00:00-04:00,42.959299925112184,43.47783963727714,42.819688982904,43.298343658447266,1348800,0.0,0.0
2025-08-27 00:00:00-04:00,43.08893570444475,43.59750894496262,42.969272978915036,43.348209381103516,1214700,0.0,0.0
2025-08-28 00:00:00-04:00,43.58753337671268,43.65733694794162,43.198626678720146,43.308319091796875,746800,0.0,0.0
2025-08-29 00:00:00-04:00,43.20859723056094,43.28837110367336,42.620250175821866,42.789772033691406,705800,0.0,0.0
2025-09-02 00:00:00-04:00,42.02193435868974,42.306135712596976,41.79257921378298,42.28120803833008,855600,0.0,0.0
2025-09-03 00:00:00-04:00,42.13162493281033,42.4607021724112,41.922214218887596,42.440757751464844,716400,0.0,0.0
2025-09-04 00:00:00-04:00,42.59541129116262,43.21404031064891,42.40084365307673,43.19408416748047,604400,0.025,0.0
2025-09-05 00:00:00-04:00,43.41359387095008,43.61814148252295,42.84485711589906,43.353729248046875,706200,0.0,0.0
2025-09-08 00:00:00-04:00,43.40361901147285,43.51836588590624,42.994527582235214,43.28388595581055,695000,0.0,0.0
2025-09-09 00:00:00-04:00,43.16415042684735,43.26892113581313,42.21625831473507,42.485660552978516,629000,0.0,0.0
2025-09-10 00:00:00-04:00,42.65528080430283,43.00450380300956,42.58543620456148,42.81492614746094,943000,0.0,0.0
2025-09-11 00:00:00-04:00,42.98455094221822,43.513375421319736,42.745081027274125,43.13421630859375,1138500,0.0,0.0
2025-09-12 00:00:00-04:00,42.974568231413315,43.1641458725843,42.5854329748679,42.75505447387695,896700,0.0,0.0
2025-09-15 00:00:00-04:00,42.87479100810168,43.11425709977477,42.57046650332325,42.655277252197266,586800,0.0,0.0
2025-09-16 00:00:00-04:00,42.775010548970045,42.89474740175391,42.18631767797324,42.49563217163086,689200,0.0,0.0
2025-09-17 00:00:00-04:00,42.65527896934174,43.29386031450343,42.256163725493145,42.475677490234375,961300,0.0,0.0
2025-09-18 00:00:00-04:00,42.70516663707929,43.503393303836425,42.625345873526065,43.4235725402832,645000,0.0,0.0
2025-09-19 00:00:00-04:00,43.623133206963274,43.782778551470884,42.924683397400514,43.174129486083984,2085000,0.0,0.0
2025-09-22 00:00:00-04:00,42.894749157525105,43.19408368924732,42.655279248400284,43.04441452026367,555100,0.0,0.0
2025-09-23 00:00:00-04:00,43.2040606916423,43.53333134726478,42.67523621518272,42.82490158081055,586100,0.0,0.0
2025-09-24 00:00:00-04:00,42.904727211243284,42.96459564271657,42.16636511472049,42.18632125854492,630200,0.0,0.0
2025-09-25 00:00:00-04:00,41.657492856805526,41.906938921816334,41.23343530753612,41.6674690246582,696100,0.0,0.0
2025-09-26 00:00:00-04:00,41.8470755736254,42.21625853513382,41.68743022489716,42.06658935546875,825100,0.0,0.0
2025-09-29 00:00:00-04:00,42.355942600084774,42.48565561963896,41.6674690246582,41.6674690246582,670800,0.0,0.0
2025-09-30 00:00:00-04:00,41.777229626812016,41.96681108911864,41.34319587099468,41.877010345458984,562500,0.0,0.0
2025-10-01 00:00:00-04:00,41.60761056208135,41.94685741294707,41.557722102945746,41.68743133544922,900300,0.0,0.0
2025-10-02 00:00:00-04:00,41.80716527225612,42.11647598094715,41.44796230168379,41.72734069824219,745200,0.0,0.0
2025-10-03 00:00:00-04:00,41.83710091716342,42.06659087636704,41.22845181367988,41.31825256347656,978400,0.0,0.0
2025-10-06 00:00:00-04:00,41.7472924656963,41.807160889931204,40.24063994844343,40.38032913208008,900500,0.0,0.0
2025-10-07 00:00:00-04:00,40.63975293847022,40.80937824394364,39.37256645638498,39.681880950927734,887400,0.0,0.0
2025-10-08 00:00:00-04:00,39.90139989593056,40.08099758647816,39.30771695896219,39.871463775634766,1011200,0.0,0.0
2025-10-09 00:00:00-04:00,40.01114803520516,40.120904914811526,39.40748900361515,39.52223587036133,1095300,0.0,0.0
2025-10-10 00:00:00-04:00,39.65195114104312,39.71181576513624,38.185206950838975,38.29496383666992,1097700,0.0,0.0
2025-10-13 00:00:00-04:00,38.963477091852525,39.08321014498666,38.404720306396484,38.404720306396484,1065700,0.0,0.0
2025-10-14 00:00:00-04:00,37.905826425174574,39.37256672671814,37.905826425174574,39.05327606201172,846200,0.0,0.0
2025-10-15 00:00:00-04:00,40.23066361140717,40.81935651441057,39.61203839670287,40.330440521240234,1773000,0.0,0.0
2025-10-16 00:00:00-04:00,40.59983979000212,41.40804640330268,40.45017443614673,41.30826950073242,1289800,0.0,0.0
2025-10-17 00:00:00-04:00,41.30827223697355,42.48565803526739,41.238427639298926,42.415809631347656,1430300,0.0,0.0
2025-10-20 00:00:00-04:00,42.65527820751581,43.13421420783326,42.316031398177,42.954612731933594,852700,0.0,0.0
2025-10-21 00:00:00-04:00,42.934660136460074,43.613153811190514,42.77002860848874,43.114261627197266,749500,0.0,0.0
2025-10-22 00:00:00-04:00,43.18410320325034,43.253947799616896,42.14940213458145,42.16636276245117,790800,0.0,0.0
2025-10-23 00:00:00-04:00,42.25616513241947,43.02445952834921,42.1613782086894,42.9246826171875,755600,0.0,0.0
2025-10-24 00:00:00-04:00,43.41359671615953,43.44353283581816,42.7400930206432,42.79497146606445,938900,0.0,0.0
2025-10-27 00:00:00-04:00,43.084327220961725,43.28388484611284,42.63532351593299,42.93465805053711,736100,0.0,0.0
2025-10-28 00:00:00-04:00,42.735108575109024,43.04441930959788,42.318031611717046,42.61537170410156,642600,0.0,0.0
2025-10-29 00:00:00-04:00,42.50560809021791,43.11425709977477,42.37589887649703,42.655277252197266,1100900,0.0,0.0
2025-10-30 00:00:00-04:00,39.2528349129557,42.186319414504,37.86092534356814,37.995628356933594,2878100,0.0,0.0
2025-10-31 00:00:00-04:00,38.005604326975224,38.684097958826186,36.059924171115696,38.414695739746094,2510000,0.0,0.0
2025-11-03 00:00:00-05:00,38.065470674848996,38.32489290520247,37.376997106083685,37.76613235473633,1939100,0.0,0.0
2025-11-04 00:00:00-05:00,37.32711092511968,37.95072611954245,37.322120937815676,37.526668548583984,1650300,0.0,0.0
2025-11-05 00:00:00-05:00,37.406935615658156,38.20516230580226,37.17744187388695,38.04551696777344,1274100,0.0,0.0
2025-11-06 00:00:00-05:00,38.035541358253674,38.42467667646743,37.18742611631322,37.72623062133789,1382100,0.0,0.0
2025-11-07 00:00:00-05:00,37.377000469077714,38.03055180013244,36.818243674582305,37.875892639160156,1126500,0.0,0.0
2025-11-10 00:00:00-05:00,38.19518079008085,38.23509307453896,37.307153395234934,37.80604553222656,973200,0.0,0.0
2025-11-11 00:00:00-05:00,37.72622907750494,37.736205246636175,37.16746845002139,37.22733688354492,997900,0.0,0.0
2025-11-12 00:00:00-05:00,37.26724342785033,37.875892481821786,37.07766577425479,37.09762191772461,1567400,0.0,0.0
2025-11-13 00:00:00-05:00,36.95793058150444,37.07267364201106,36.054933221401896,36.18963623046875,1329900,0.0,0.0
2025-11-14 00:00:00-05:00,34.66302783676935,35.945180494484944,34.66302783676935,35.820457458496094,1302100,0.0,0.0
2025-11-17 00:00:00-05:00,35.67078828023887,35.85038975649911,34.50338249079228,34.62311553955078,1194000,0.0,0.0
2025-11-18 00:00:00-05:00,34.36369166620688,34.942408416582765,34.05438095350171,34.59318161010742,1763500,0.0,0.0
2025-11-19 00:00:00-05:00,34.653046796337975,34.81269212524263,34.37865840935069,34.5333137512207,970000,0.0,0.0
2025-11-20 00:00:00-05:00,35.257233491011476,35.4419545860251,33.829370203248,33.89926528930664,1200200,0.025,0.0
2025-11-21 00:00:00-05:00,34.10895146953705,35.21229971099949,33.94919072437046,34.837860107421875,1094600,0.0,0.0
2025-11-24 00:00:00-05:00,34.70805373240836,35.29717220153855,34.55828017455967,35.187339782714844,1285000,0.0,0.0
2025-11-25 00:00:00-05:00,35.42697597012207,35.78144497842178,35.13740845044185,35.64664840698242,911700,0.0,0.0
2025-11-26 00:00:00-05:00,35.64665159227556,35.98514570017665,35.35708404672033,35.666622161865234,744200,0.0,0.0
2025-11-28 00:00:00-05:00,35.76647261008759,36.31564996395389,35.586741285695446,36.22578430175781,503700,0.0,0.0
2025-12-01 00:00:00-05:00,35.90626109309309,36.155887497481665,35.72153999160341,35.796424865722656,867500,0.0,0.0
2025-12-02 00:00:00-05:00,36.06602081211879,36.07101440658337,35.41200087013092,35.58673858642578,803900,0.0,0.0
2025-12-03 00:00:00-05:00,35.636662243103565,35.8563346862793,35.20730454543996,35.8563346862793,1935400,0.0,0.0
2025-12-04 00:00:00-05:00,35.82638077787675,36.25573847601574,35.77645626137147,35.97615432739258,813300,0.0,0.0
2025-12-05 00:00:00-05:00,35.9362154804623,36.235766375827566,35.89627434534792,36.14590072631836,960200,0.0,0.0
2025-12-08 00:00:00-05:00,36.245752482453995,36.31564756966533,35.63666345761524,35.69657516479492,973200,0.0,0.0
2025-12-09 00:00:00-05:00,35.556786591715515,36.31564920518491,35.556786591715515,35.76647186279297,1105400,0.0,0.0
2025-12-10 00:00:00-05:00,35.736516484526234,36.45543792935307,35.56177876560987,36.295677185058594,1136300,0.0,0.0
2025-12-11 00:00:00-05:00,36.3056618193575,37.20831015155297,36.2108025747652,37.10446548461914,2419200,0.0,0.0
2025-12-12 00:00:00-05:00,37.144408507917724,37.26422811154746,36.771964827880964,37.0445556640625,1557400,0.0,0.0
2025-12-15 00:00:00-05:00,37.21430143556115,37.374062167466306,36.81489770130009,37.23427200317383,1411200,0.0,0.0
2025-12-16 00:00:00-05:00,37.33412432812993,37.718551122868085,37.18435077130712,37.613704681396484,1408300,0.0,0.0
2025-12-17 00:00:00-05:00,37.52384248691628,38.30267564040848,37.39403569166871,37.50387191772461,1474100,0.0,0.0
2025-12-18 00:00:00-05:00,37.57376480102539,37.86332851482505,37.30416784624939,37.57376480102539,1537800,0.0,0.0
2025-12-19 00:00:00-05:00,37.61370252680444,37.99313570521477,37.50387011502446,37.80342102050781,2136600,0.0,0.0
2025-12-22 00:00:00-05:00,37.99313763667158,37.99313763667158,37.50387202160848,37.86333084106445,839500,0.0,0.0
2025-12-23 00:00:00-05:00,37.763481493049625,37.953196185839836,37.566777291530315,37.87331771850586,547000,0.0,0.0
2025-12-24 00:00:00-05:00,38.03307849782186,38.11295696523072,37.843363804853816,37.99313735961914,343500,0.0,0.0
2025-12-26 00:00:00-05:00,37.95319402372084,38.212807598008915,37.81340385710251,38.06303024291992,380700,0.0,0.0
2025-12-29 00:00:00-05:00,38.03307941310982,38.216802558869205,37.5238432202581,37.84336471557617,649500,0.0,0.0
2025-12-30 00:00:00-05:00,37.76348019497037,38.00811299207971,37.54380775160891,37.793434143066406,843000,0.0,0.0
2025-12-31 00:00:00-05:00,37.82339393498465,37.96318411228186,36.81490112620338,37.12443923950195,976000,0.0,0.0
2026-01-02 00:00:00-05:00,37.34411124236765,37.878311589995526,37.074514271275554,37.74351119995117,928800,0.0,0.0
2026-01-05 00:00:00-05:00,37.93322946131165,38.622196954823956,37.93322946131165,37.99313735961914,1162800,0.0,0.0
2026-01-06 00:00:00-05:00,37.833375174552295,38.44246417745266,37.69358500516462,38.402523040771484,1076900,0.0,0.0
2026-01-07 00:00:00-05:00,38.382556688647604,38.382556688647604,37.174365738798976,37.42399215698242,900500,0.0,0.0
2026-01-08 00:00:00-05:00,37.22428689616609,38.961688285648655,36.95468993181553,38.74201583862305,1103800,0.0,0.0
2026-01-09 00:00:00-05:00,38.80192919467016,39.12145068993174,38.43248317996084,38.93173599243164,629900,0.0,0.0
2026-01-12 00:00:00-05:00,38.59224385679549,38.81191250376193,38.16288613413851,38.69209289550781,1076600,0.0,0.0
2026-01-13 00:00:00-05:00,38.68210628619929,39.101476784579575,38.402522144949415,38.55229949951172,659300,0.0,0.0
2026-01-14 00:00:00-05:00,38.452451348492374,38.901779657967744,38.13792343635802,38.28270721435547,938400,0.0,0.0
2026-01-15 00:00:00-05:00,38.54231525148305,38.96168959085391,38.48739713788691,38.8218994140625,709800,0.0,0.0
2026-01-16 00:00:00-05:00,38.722043662221544,38.88180439642631,37.79343320434497,37.82339096069336,1086300,0.0,0.0
2026-01-20 00:00:00-05:00,36.95469211316887,37.329131728703125,36.34560687145708,36.61520004272461,1208800,0.0,0.0
2026-01-21 00:00:00-05:00,37.04455696161974,37.433977352800525,36.62518642972812,37.12443923950195,1182600,0.0,0.0
2026-01-22 00:00:00-05:00,37.593737574588836,38.073019808199156,37.264228896421145,37.50387191772461,1192500,0.0,0.0
2026-01-23 00:00:00-05:00,37.35409336866583,37.55878883964146,36.74500435912413,36.81489944458008,806600,0.0,0.0
2026-01-26 00:00:00-05:00,37.00461903982908,37.2941827700292,36.74500544986078,37.26422882080078,867800,0.0,0.0
2026-01-27 00:00:00-05:00,37.324139144950834,37.324139144950834,36.794928604550506,36.944705963134766,732700,0.0,0.0
2026-01-28 00:00:00-05:00,36.92473472540665,37.40901052585488,36.745003421962025,36.84485626220703,689100,0.0,0.0
2026-01-29 00:00:00-05:00,37.18435070393942,37.478908031454935,36.340612242078656,37.37406539916992,1839900,0.0,0.0
2026-01-30 00:00:00-05:00,37.084495673519555,37.64865374939982,36.99463002128177,37.4439582824707,1253000,0.0,0.0
2026-02-02 00:00:00-05:00,37.254246520225614,37.968178199830874,37.16937064662468,37.713558197021484,1274900,0.0,0.0
2026-02-03 00:00:00-05:00,37.7834523165782,38.90677112431461,37.728534203480244,38.71206283569336,1961000,0.0,0.0
2026-02-04 00:00:00-05:00,39.17137212472234,40.69908439170016,38.91176235863974,40.11995315551758,1786800,0.0,0.0
2026-02-05 00:00:00-05:00,39.690600513534456,40.3695846760958,39.54581673382684,40.19983673095703,1252700,0.0,0.0
2026-02-06 00:00:00-05:00,39.870327429066705,42.196843409814264,39.870327429066705,42.03708267211914,1263900,0.0,0.0
2026-02-09 00:00:00-05:00,38.737025114301254,42.775982475386776,38.737025114301254,42.51637268066406,1594200,0.0,0.0
2026-02-10 00:00:00-05:00,42.76599588990328,42.89579887303882,42.08701178966925,42.49639892578125,1223000,0.0,0.0
2026-02-11 00:00:00-05:00,42.83589200664559,43.1753840649317,40.56928382470547,40.64916229248047,1995100,0.0,0.0
2026-02-12 00:00:00-05:00,44.663153368916944,48.12796889086328,41.637682732379545,42.03708267211914,4533400,0.0,0.0
2026-02-13 00:00:00-05:00,42.81591786358273,43.39504908585002,41.707576124368586,41.72754669189453,1950500,0.0,0.0
2026-02-17 00:00:00-05:00,41.60772575307996,41.88730990601956,40.54931227444027,40.559295654296875,1771200,0.0,0.0
2026-02-18 00:00:00-05:00,40.519359381144014,41.547818938002166,40.19983408246338,40.8888053894043,1218700,0.0,0.0
2026-02-19 00:00:00-05:00,40.63917710900093,41.22330194823523,40.32963901374176,40.94871139526367,1205900,0.0,0.0
2026-02-20 00:00:00-05:00,40.83888055392045,41.65765484100668,40.46943073953046,40.89878845214844,1118600,0.0,0.0
2026-02-23 00:00:00-05:00,40.97867217670417,41.32814762537378,40.19983519124564,40.36958312988281,831700,0.0,0.0
2026-02-24 00:00:00-05:00,40.549313639650016,41.2582517122293,40.43947741254685,40.87881851196289,790300,0.0,0.0
2026-02-25 00:00:00-05:00,40.93873078608832,41.35810132192008,40.075021741106205,40.61920928955078,686300,0.0,0.0
2026-02-26 00:00:00-05:00,40.90877756686342,41.23328885486481,40.179868901804184,40.958702087402344,1253600,0.0,0.0
2026-02-27 00:00:00-05:00,40.46943198532147,40.928747470189364,39.810418421550764,40.858848571777344,1534500,0.0,0.0
2026-03-02 00:00:00-05:00,40.09998385022348,41.05854829070775,39.81041631851579,41.04856491088867,1037100,0.0,0.0
2026-03-03 00:00:00-05:00,39.67062745967679,40.63917912102371,39.15140408498548,40.27971649169922,969400,0.0,0.0
2026-03-04 00:00:00-05:00,40.37956716982812,40.694098887764994,39.575769815762214,40.46943283081055,1110400,0.0,0.0
2026-03-05 00:00:00-05:00,39.924909697228024,40.184683522251,39.19555117694397,39.54524612426758,887600,0.025,0.0
2026-03-06 00:00:00-05:00,38.705983058882204,38.895814842774364,38.0165865268603,38.316322326660156,1086500,0.0,0.0
2026-03-09 00:00:00-04:00,37.836746338976646,38.60607068075185,36.87759020300276,38.566104888916016,1032700,0.0,0.0
2026-03-10 00:00:00-04:00,38.54612465487653,38.80089799470018,38.00659791522486,38.026580810546875,746600,0.0,0.0
2026-03-11 00:00:00-04:00,37.98661364079376,37.98661364079376,37.062426680951866,37.71685028076172,870700,0.0,0.0
2026-03-12 00:00:00-04:00,37.13735970525614,37.457082224101256,36.1232515725987,36.17820358276367,926900,0.0,0.0
2026-03-13 00:00:00-04:00,36.63779860393074,36.63779860393074,35.558748923217706,35.97837829589844,771700,0.0,0.0
2026-03-16 00:00:00-04:00,36.627808114762395,36.847616148872255,36.17820250469563,36.268123626708984,756600,0.0,0.0
2026-03-17 00:00:00-04:00,36.52789947602893,36.79266618015052,35.888458233289946,36.41799545288086,716900,0.0,0.0
2026-03-18 00:00:00-04:00,36.26812501093099,36.677764846549046,35.51878356933594,35.51878356933594,880900,0.0,0.0
2026-03-19 00:00:00-04:00,35.089158412425924,35.62868512780379,34.89932663242885,35.29897689819336,1320300,0.0,0.0
2026-03-20 00:00:00-04:00,35.14910737641353,35.32894961630914,34.79941624958733,35.169090270996094,1678300,0.0,0.0
2026-03-23 00:00:00-04:00,34.94928208373464,37.15734047192215,34.94928208373464,36.45795822143555,1812100,0.0,0.0
2026-03-24 00:00:00-04:00,36.09827481699887,37.18731782545347,35.578730978792784,36.8975715637207,880200,0.0,0.0
2026-03-25 00:00:00-04:00,37.327195302963524,37.48205797994465,36.19818647338637,36.707740783691406,872900,0.0,0.0
2026-03-26 00:00:00-04:00,36.368038605860335,36.717729745564775,35.80353229431913,35.90843963623047,731200,0.0,0.0
2026-03-27 00:00:00-04:00,35.90843941525274,35.90843941525274,34.93929377202979,35.07917022705078,892600,0.0,0.0
2026-03-30 00:00:00-04:00,35.308967126608295,35.308967126608295,34.00011610154804,34.17995834350586,759300,0.0,0.0
2026-03-31 00:00:00-04:00,34.56961543986118,35.63867554396806,34.40975609190166,35.4388542175293,875800,0.0,0.0
2026-04-01 00:00:00-04:00,35.66865101498788,36.1682119428971,35.538764106554204,35.92842102050781,698600,0.0,0.0
2026-04-02 00:00:00-04:00,35.07916965612939,36.158219299692064,34.69450559973461,35.33893966674805,793300,0.0,0.0
2026-04-06 00:00:00-04:00,35.328951707980316,35.5487597500549,34.959277664684784,35.41887283325195,603300,0.0,0.0
2026-04-07 00:00:00-04:00,35.17908067802387,35.65865872576069,35.004235110309544,35.30896759033203,810900,0.0,0.0
2026-04-08 00:00:00-04:00,37.117381483373876,37.527021325082075,36.742710757006094,36.847618103027344,957200,0.0,0.0
2026-04-09 00:00:00-04:00,36.42798284838103,37.33718360718398,36.3180788317102,37.12736892700195,681300,0.0,0.0
2026-04-10 00:00:00-04:00,37.2272813977789,37.23727475142367,36.857607351223955,36.977500915527344,567500,0.0,0.0
2026-04-13 00:00:00-04:00,36.56785987037845,37.4770606433173,36.452962986688945,37.397132873535156,1222200,0.0,0.0
2026-04-14 00:00:00-04:00,37.45708091380583,37.7668062569764,37.26724531756839,37.55699157714844,1142100,0.0,0.0
2026-04-15 00:00:00-04:00,37.46707072762832,37.56698139169632,36.16821303800671,36.368038177490234,1114500,0.0,0.0
2026-04-16 00:00:00-04:00,36.49792171177159,36.97749976541654,36.27811748594322,36.4379768371582,861200,0.0,0.0
2026-04-17 00:00:00-04:00,36.99748287497286,37.92666655033656,36.547881067378725,37.26724624633789,750400,0.0,0.0
2026-04-20 00:00:00-04:00,37.0774125965243,37.537007734452125,37.0774125965243,37.31719970703125,566600,0.0,0.0
2026-04-21 00:00:00-04:00,37.44709040805924,37.91667894644048,36.61782116748679,36.68775939941406,921300,0.0,0.0
2026-04-22 00:00:00-04:00,37.03744757034898,37.167334481167586,35.74857943795412,36.298099517822266,1066600,0.0,0.0
2026-04-23 00:00:00-04:00,36.457959234526164,37.11737952569988,36.22815784715496,36.79766082763672,1437300,0.0,0.0
2026-04-24 00:00:00-04:00,36.71772835726328,37.04744040053037,35.838500053231805,36.12824630737305,1302400,0.0,0.0
2026-04-27 00:00:00-04:00,36.23815292377784,36.61782032503951,35.85848552251617,36.01834487915039,932000,0.0,0.0
2026-04-28 00:00:00-04:00,36.08828188274177,36.168213464015665,35.22903644078523,35.37890625,744100,0.0,0.0
2026-04-29 00:00:00-04:00,35.07917109777164,35.57373537925674,34.39976788965078,34.68951416015625,810300,0.0,0.0
2026-04-30 00:00:00-04:00,34.959277586234215,35.88845746349242,34.78942487828111,35.84849548339844,1893500,0.0,0.0
2026-05-01 00:00:00-04:00,35.92842429773489,35.968390090336506,34.989251039683516,35.129127502441406,1687700,0.0,0.0
2026-05-04 00:00:00-04:00,35.019222844335296,35.398890244480114,34.68951458971171,34.75945281982422,1339600,0.0,0.0
2026-05-05 00:00:00-04:00,34.95927652063239,35.318957198600614,34.60458489658392,34.87934494018555,1006700,0.0,0.0
2026-05-06 00:00:00-04:00,35.55874783875951,35.96838765684186,34.7994168874413,35.00923156738281,1975400,0.0,0.0
2026-05-07 00:00:00-04:00,34.61957486737986,34.69950263634285,29.983648021426994,30.643068313598633,5339200,0.0,0.0
2026-05-08 00:00:00-04:00,30.852882949648777,31.44236501385804,29.998634195907364,30.06357765197754,3714100,0.0,0.0
2026-05-11 00:00:00-04:00,29.903719737926945,30.74298231349265,29.459110782971962,29.943683624267578,3152300,0.0,0.0
2026-05-12 00:00:00-04:00,30.003630675107996,30.303366476165824,29.064455576427054,29.28426170349121,2723100,0.0,0.0
2026-05-13 00:00:00-04:00,29.234307309702686,29.494079234933974,28.584878449461364,28.994518280029297,4028600,0.0,0.0
2026-05-14 00:00:00-04:00,29.40415789135729,29.793814823462007,28.619847350458738,28.694780349731445,2045500,0.0,0.0
2026-05-15 00:00:00-04:00,28.275149731480614,28.574887452557178,27.75560777849414,28.005388259887695,2156600,0.0,0.0
2026-05-18 00:00:00-04:00,27.975413124289556,28.385052949727037,27.735624097619358,27.965421676635742,2213200,0.0,0.0
2026-05-19 00:00:00-04:00,28.724755588360125,28.734747036376067,27.715642206836,27.775588989257812,3058500,0.0,0.0
2026-05-20 00:00:00-04:00,27.86550903648934,28.54491222986926,27.229069258481378,28.395044326782227,2869600,0.0,0.0
2026-05-21 00:00:00-04:00,28.115289862826298,29.28426257064497,27.675677595680362,28.89460563659668,2413100,0.0,0.0
2026-05-22 00:00:00-04:00,29.094430526755353,29.673921151736856,28.914588280093202,29.603981018066406,1595700,0.0,0.0
2026-05-26 00:00:00-04:00,29.214324765688197,29.66393039278215,28.754729596368893,29.49407958984375,2653800,0.0,0.0
2026-05-27 00:00:00-04:00,29.7038940646898,29.713885512516992,29.184350211718705,29.1943416595459,1802100,0.0,0.0
2026-05-28 00:00:00-04:00,28.954552778066773,29.17436082005117,28.56489583916545,28.86463165283203,1859600,0.0,0.0
2026-05-29 00:00:00-04:00,28.774710939422196,28.9945189845525,28.285141420400667,28.355079650878906,2190900,0.0,0.0
2026-06-01 00:00:00-04:00,27.955430937195672,28.877620807160977,27.665686570589894,28.435009002685547,2478900,0.0,0.0
2026-06-02 00:00:00-04:00,28.57488693453488,28.764720630541238,28.175238552685023,28.365070343017578,1630100,0.0,0.0
2026-06-03 00:00:00-04:00,28.20521066845035,28.504948380673024,28.035359869892968,28.44499969482422,1603700,0.0,0.0
2026-06-04 00:00:00-04:00,28.6299991607666,28.704999923706055,27.950000762939453,28.31999969482422,1699100,0.025,0.0
2026-06-05 00:00:00-04:00,28.299999237060547,28.579999923706055,28.010000228881836,28.149999618530273,1536600,0.0,0.0
2026-06-08 00:00:00-04:00,28.059999465942383,28.75,27.825000762939453,28.40999984741211,1970400,0.0,0.0
2026-06-09 00:00:00-04:00,28.760000228881836,29.149999618530273,28.229999542236328,28.81999969482422,1767500,0.0,0.0
2026-06-10 00:00:00-04:00,28.68000030517578,28.78499984741211,28.010000228881836,28.31999969482422,2174900,0.0,0.0
2026-06-11 00:00:00-04:00,28.360000610351562,28.864999771118164,27.799999237060547,28.670000076293945,2283800,0.0,0.0
2026-06-12 00:00:00-04:00,28.920000076293945,29.5,28.510000228881836,29.270000457763672,1352800,0.0,0.0
2026-06-15 00:00:00-04:00,30.0,30.05900001525879,29.329999923706055,29.540000915527344,1313200,0.0,0.0
2026-06-16 00:00:00-04:00,29.670000076293945,30.075000762939453,29.440000534057617,29.780000686645508,1461900,0.0,0.0
2026-06-17 00:00:00-04:00,29.809999465942383,30.15999984741211,28.90999984741211,29.040000915527344,1791600,0.0,0.0
2026-06-18 00:00:00-04:00,29.610000610351562,30.219999313354492,29.610000610351562,29.90999984741211,3430600,0.0,0.0
2026-06-22 00:00:00-04:00,29.790000915527344,30.469999313354492,29.6299991607666,30.459999084472656,1619400,0.0,0.0
2026-06-23 00:00:00-04:00,30.260000228881836,30.690000534057617,30.024999618530273,30.06999969482422,2027000,0.0,0.0
2026-06-24 00:00:00-04:00,30.239999771118164,30.690000534057617,29.975000381469727,30.25,1588700,0.0,0.0
2026-06-25 00:00:00-04:00,30.739999771118164,31.260000228881836,30.15999984741211,30.3700008392334,1383800,0.0,0.0
2026-06-26 00:00:00-04:00,30.229999542236328,30.440000534057617,29.40999984741211,29.610000610351562,2618100,0.0,0.0
2026-06-29 00:00:00-04:00,29.459999084472656,29.670000076293945,28.709999084472656,28.709999084472656,1775400,0.0,0.0
2026-06-30 00:00:00-04:00,28.90999984741211,29.190000534057617,28.5,29.0,1782500,0.0,0.0
2026-07-01 00:00:00-04:00,28.899999618530273,29.34000015258789,28.559999465942383,28.579999923706055,1818500,0.0,0.0
2026-07-02 00:00:00-04:00,28.850000381469727,29.075000762939453,28.309999465942383,28.6200008392334,1314100,0.0,0.0
2026-07-06 00:00:00-04:00,28.549999237060547,29.700000762939453,28.399999618530273,29.06999969482422,1689300,0.0,0.0
2026-07-07 00:00:00-04:00,29.100000381469727,29.1200008392334,28.3799991607666,28.489999771118164,1966700,0.0,0.0
2026-07-08 00:00:00-04:00,28.459999084472656,28.709999084472656,28.149999618530273,28.520000457763672,1799600,0.0,0.0
2026-07-09 00:00:00-04:00,28.760000228881836,29.020000457763672,28.3799991607666,28.920000076293945,1583200,0.0,0.0
2026-07-10 00:00:00-04:00,29.0,29.600000381469727,28.81999969482422,29.420000076293945,1291700,0.0,0.0
2026-07-13 00:00:00-04:00,29.389999389648438,29.90999984741211,29.059999465942383,29.34000015258789,1283900,0.0,0.0
2026-07-14 00:00:00-04:00,29.719999313354492,29.899999618530273,28.989999771118164,29.360000610351562,1435300,0.0,0.0
2026-07-15 00:00:00-04:00,29.40999984741211,29.729999542236328,28.950000762939453,29.68000030517578,1718440,0.0,0.0
