Date,Open,High,Low,Close,Volume,Dividends,Stock Splits
2022-01-03 00:00:00-05:00,23.463662751631283,23.667848587036133,23.463662751631283,23.667848587036133,400,0.0,0.0
2022-01-04 00:00:00-05:00,23.561317763141528,23.712236404418945,23.561317763141528,23.712236404418945,2200,0.0,0.0
2022-01-05 00:00:00-05:00,23.4103975993513,23.4103975993513,23.14406669880653,23.152944564819336,3300,0.0,0.0
2022-01-06 00:00:00-05:00,23.543560075732156,23.543560075732156,22.868857559239117,23.10855484008789,4300,0.0,0.0
2022-01-07 00:00:00-05:00,22.788958775320786,22.984266732770475,21.617107644063285,22.593650817871094,27800,0.0,0.0
2022-01-10 00:00:00-05:00,22.877737268717908,22.904369173217134,22.717939068603407,22.859981536865234,6700,0.0,0.0
2022-01-11 00:00:00-05:00,22.88661245800992,23.50804776065739,22.88661245800992,23.472537994384766,3300,0.0,0.0
2022-01-12 00:00:00-05:00,23.596827533653922,23.801013370619618,23.552439897193484,23.712236404418945,4000,0.0,0.0
2022-01-13 00:00:00-05:00,23.481418206410137,23.50805011045676,23.126310348510742,23.126310348510742,5400,0.0,0.0
2022-01-14 00:00:00-05:00,23.06416542940956,23.06416542940956,22.08762227245585,22.17639923095703,10300,0.0,0.0
2022-01-18 00:00:00-05:00,21.62598639356144,21.73251739533322,20.747098009185436,21.17322540283203,9100,0.0,0.0
2022-01-19 00:00:00-05:00,21.448433273837573,21.759151811717665,21.448433273837573,21.55496597290039,10400,0.0,0.0
2022-01-20 00:00:00-05:00,21.51945339107819,21.954458644204475,21.31526756286621,21.31526756286621,5000,0.0,0.0
2022-01-21 00:00:00-05:00,21.457310508452654,21.46618837421996,20.62280975240308,20.90689468383789,6600,0.0,0.0
2022-01-24 00:00:00-05:00,20.37423721245538,20.782608896681758,18.367885176171423,19.255651473999023,26800,0.0,0.0
2022-01-25 00:00:00-05:00,19.104729971173196,19.761676788330078,18.891666275874726,19.761676788330078,10700,0.0,0.0
2022-01-26 00:00:00-05:00,20.081271947697864,20.31208966683771,19.68177648518731,20.019126892089844,13100,0.0,0.0
2022-01-27 00:00:00-05:00,20.329846193006297,20.51627798057065,20.29433642454814,20.463010787963867,9300,0.0,0.0
2022-01-28 00:00:00-05:00,20.64056609583052,20.64056609583052,20.17004935589322,20.62281036376953,10700,0.0,0.0
2022-01-31 00:00:00-05:00,20.676076776911003,21.17322540283203,20.676076776911003,21.17322540283203,3400,0.0,0.0
2022-02-01 00:00:00-05:00,21.359654315585217,21.430675543912898,20.94240481082006,21.368532180786133,4200,0.0,0.0
2022-02-02 00:00:00-05:00,21.56384249379366,21.56384249379366,21.324145205814304,21.333023071289062,6100,0.0,0.0
2022-02-03 00:00:00-05:00,20.942407206304942,21.43067799524834,20.942407206304942,21.208736419677734,9200,0.0,0.0
2022-02-04 00:00:00-05:00,21.31526756286621,21.350777331856253,21.235368466038963,21.31526756286621,9600,0.0,0.0
2022-02-07 00:00:00-05:00,21.093326533975464,21.466188430786133,21.093326533975464,21.466188430786133,4500,0.0,0.0
2022-02-08 00:00:00-05:00,21.501697317853665,21.821293700077913,21.22649026276039,21.519453048706055,5200,0.0,0.0
2022-02-09 00:00:00-05:00,21.910071140800607,22.105379104614258,21.910071140800607,22.105379104614258,3100,0.0,0.0
2022-02-10 00:00:00-05:00,22.105379327611693,22.265177523834772,22.087623596191406,22.087623596191406,8300,0.0,0.0
2022-02-11 00:00:00-05:00,21.927829011211454,21.95446091739155,21.208737065310714,21.483945846557617,10400,0.0,0.0
2022-02-14 00:00:00-05:00,21.63486411919429,22.043235778808594,21.57271905973671,22.043235778808594,7600,0.0,0.0
2022-02-15 00:00:00-05:00,22.282933346703608,22.51375277627536,22.27405548095703,22.27405548095703,5800,0.0,0.0
2022-02-16 00:00:00-05:00,22.19415855407715,22.19415855407715,22.19415855407715,22.19415855407715,1800,0.0,0.0
2022-02-17 00:00:00-05:00,21.87455948186701,21.87455948186701,21.466187826666047,21.750272750854492,8300,0.0,0.0
2022-02-18 00:00:00-05:00,21.395167729161432,21.7147624391661,21.253125259541623,21.3063907623291,5800,0.0,0.0
2022-02-22 00:00:00-05:00,20.125661763445276,20.347603334858093,19.57524592129838,20.249948501586914,10900,0.0,0.0
2022-02-23 00:00:00-05:00,20.054640803387898,20.054640803387898,19.193508104075864,19.255651473999023,7300,0.0,0.0
2022-02-24 00:00:00-05:00,16.601228993018225,17.053988275178636,16.148468017578125,16.148468017578125,58700,0.0,0.0
2022-02-25 00:00:00-05:00,16.574595301902736,17.098377504218952,16.574595301902736,16.64561653137207,12400,0.0,0.0
2022-02-28 00:00:00-05:00,15.447132351762674,15.447132351762674,13.13894061864956,13.27210521697998,56100,0.0,0.0
2022-03-01 00:00:00-05:00,12.517504445608102,12.517504445608102,9.587875655504092,9.632264137268066,85400,0.0,0.0
2022-03-02 00:00:00-05:00,9.028583018244937,9.028583018244937,7.759076983383627,7.892242431640625,230400,0.0,0.0
2022-03-03 00:00:00-05:00,8.025406516123727,8.744497519783677,6.80028904295778,6.80916690826416,179600,0.0,0.0
2022-03-04 00:00:00-05:00,6.968964892999635,7.217539626234394,6.889066219329834,6.889066219329834,216400,0.0,0.0
2022-03-07 00:00:00-05:00,6.8713108547756825,7.146518776130635,6.578348047942294,6.587225914001465,247700,0.0,0.0
2022-03-08 00:00:00-05:00,6.747023524038425,6.8801885483478555,6.347528874430075,6.596103191375732,233200,0.0,0.0
2022-03-09 00:00:00-05:00,6.8535550768014595,7.261927997848198,6.747023231304009,6.800289154052734,320800,0.0,0.0
2022-03-10 00:00:00-05:00,6.906821850686077,7.057741762828977,6.51620463634692,6.649369239807129,223200,0.0,0.0
2022-03-11 00:00:00-05:00,6.738146182510948,6.826922725607809,6.374161720833896,6.684880256652832,156600,0.0,0.0
2022-03-14 00:00:00-04:00,6.791412000100908,7.2264176893206225,6.525081951736189,6.844677925109863,147800,0.0,0.0
2022-03-15 00:00:00-04:00,6.658246982272119,6.658246982272119,6.471816032902904,6.596103191375732,136900,0.0,0.0
2022-03-16 00:00:00-04:00,6.738145938993388,8.18520502079512,6.738145938993388,7.714688301086426,528700,0.0,0.0
2022-03-17 00:00:00-04:00,7.617034679228861,7.767955015839215,7.066619682560471,7.72356653213501,439100,0.0,0.0
2022-03-18 00:00:00-04:00,7.732444205373601,8.566944122314453,7.732444205373601,8.566944122314453,130600,0.0,0.0
2022-03-21 00:00:00-04:00,8.700109570106216,9.01082725500722,8.469290137912404,8.566944122314453,81100,0.0,0.0
2022-03-22 00:00:00-04:00,8.575822011193246,9.161747612458889,8.43377954381247,8.691231727600098,147900,0.0,0.0
2022-03-23 00:00:00-04:00,8.602455116277898,8.744498436145621,8.300615283988785,8.487046241760254,76500,0.0,0.0
2022-03-24 00:00:00-04:00,9.064092932560046,9.152869891183599,8.708986791345477,8.922050476074219,109000,0.0,0.0
2022-03-25 00:00:00-04:00,9.010827483892296,9.552365461382667,8.762253160329449,9.170625686645508,128900,0.0,0.0
2022-03-28 00:00:00-04:00,9.250523642233718,9.428076708500816,8.708986578459118,9.303789138793945,125000,0.0,0.0
2022-03-29 00:00:00-04:00,10.342475813627109,10.591050957339903,9.729917512751607,10.475641250610352,381600,0.0,0.0
2022-03-30 00:00:00-04:00,10.573295765854933,12.206785780278173,10.573295765854933,11.798413276672363,287100,0.0,0.0
2022-03-31 00:00:00-04:00,12.046988173804822,12.561892549547702,11.54983953008613,11.887190818786621,194300,0.0,0.0
2022-04-01 00:00:00-04:00,12.36658348411967,12.872609949126087,10.653194440656073,12.757200241088867,204400,0.0,0.0
2022-04-04 00:00:00-04:00,12.87261067733496,12.881488543064622,12.189030255668651,12.464238166809082,78000,0.0,0.0
2022-04-05 00:00:00-04:00,12.046987196570413,12.162396905446071,10.83074759068979,11.203609466552734,195600,0.0,0.0
2022-04-06 00:00:00-04:00,10.65319519525741,10.963913727108373,9.712162580488123,10.298089027404785,130200,0.0,0.0
2022-04-07 00:00:00-04:00,10.262578745264642,10.431253968834879,9.59675402384965,10.271455764770508,52200,0.0,0.0
2022-04-08 00:00:00-04:00,10.298089018282441,11.443307466892549,10.209312053077982,10.786359786987305,59600,0.0,0.0
2022-04-11 00:00:00-04:00,10.56441710310839,10.955034692720483,10.040635773055488,10.555540084838867,99100,0.0,0.0
2022-04-12 00:00:00-04:00,10.795237100615681,10.910646810821849,10.57329554559763,10.821869850158691,78500,0.0,0.0
2022-04-13 00:00:00-04:00,10.75972621940174,11.629737533794593,10.75972621940174,11.274630546569824,144200,0.0,0.0
2022-04-14 00:00:00-04:00,11.097077771532335,11.32789719237377,10.919524696515786,11.132588386535645,136100,0.0,0.0
2022-04-18 00:00:00-04:00,10.812994309737887,11.07932353485974,10.449010245207392,10.546664237976074,153600,0.0,0.0
2022-04-19 00:00:00-04:00,10.475642268763853,10.58217412072065,9.765429075745304,9.916349411010742,89800,0.0,0.0
2022-04-20 00:00:00-04:00,9.942981476345434,10.298088471674818,9.587875327655892,9.650018692016602,60100,0.0,0.0
2022-04-21 00:00:00-04:00,9.738795447507549,10.271454659329402,8.877661996762441,8.922050476074219,68400,0.0,0.0
2022-04-22 00:00:00-04:00,9.05521458249844,9.401443686623299,8.353879356173556,8.824395179748535,159500,0.0,0.0
2022-04-25 00:00:00-04:00,8.735620411764208,9.188381421961234,8.495923107551697,8.859907150268555,59200,0.0,0.0
2022-04-26 00:00:00-04:00,8.708986685504442,8.966438846416123,8.655720341649696,8.744497299194336,61000,0.0,0.0
2022-04-27 00:00:00-04:00,8.673476554761448,9.410322464834833,8.673476554761448,9.14399242401123,13100,0.0,0.0
2022-04-28 00:00:00-04:00,9.241646073744437,10.466763540250478,9.241646073744437,10.218189239501953,36400,0.0,0.0
2022-04-29 00:00:00-04:00,10.209311748030718,10.298088710582581,9.809817109827053,10.129412651062012,24300,0.0,0.0
2022-05-02 00:00:00-04:00,9.925227029213204,10.031758878510391,9.330423568990668,9.80981731414795,16300,0.0,0.0
2022-05-03 00:00:00-04:00,9.80981765101845,9.80981765101845,9.099604451341838,9.170625686645508,23500,0.0,0.0
2022-05-04 00:00:00-04:00,9.286034629946123,9.286034629946123,8.744497544334063,9.037460327148438,44100,0.0,0.0
2022-05-05 00:00:00-04:00,8.87766220015498,9.277156829833984,8.859906469367544,9.277156829833984,33100,0.0,0.0
2022-05-06 00:00:00-04:00,9.170624920558668,9.170624920558668,8.92205061776098,9.037460327148438,2400,0.0,0.0
2022-05-09 00:00:00-04:00,8.877661855597246,9.037460039922735,8.433778762817383,8.433778762817383,31800,0.0,0.0
2022-05-10 00:00:00-04:00,8.717864366686305,8.717864366686305,8.513678534106996,8.700109481811523,17100,0.0,0.0
2022-05-11 00:00:00-04:00,8.59357683432382,8.700108673595627,8.433778652096208,8.442656517028809,16500,0.0,0.0
2022-05-12 00:00:00-04:00,8.433779275325582,8.558066853647047,8.336125293770058,8.46041202545166,4900,0.0,0.0
2022-05-13 00:00:00-04:00,8.575821653945848,8.637965019176228,8.469289807848119,8.59357738494873,7100,0.0,0.0
2022-05-16 00:00:00-04:00,8.566943058106967,8.655720012273374,8.566943058106967,8.575820922851562,10400,0.0,0.0
2022-05-17 00:00:00-04:00,8.886540703634193,9.321545979483163,8.886540703634193,9.232769012451172,56100,0.0,0.0
2022-05-18 00:00:00-04:00,9.206135599963932,9.321545310162728,9.135114370093879,9.277156829833984,35300,0.0,0.0
2022-05-19 00:00:00-04:00,9.303789283341546,9.56124229172849,8.957561010401507,9.419198989868164,43800,0.0,0.0
2022-05-20 00:00:00-04:00,9.499098414839416,9.499098414839416,9.286034724556327,9.401444435119629,6500,0.0,0.0
2022-05-23 00:00:00-04:00,9.268279253507336,9.587875644530262,9.143992520678305,9.321545600891113,26900,0.0,0.0
2022-05-24 00:00:00-04:00,9.277157159864663,9.383689008459564,9.019704980767017,9.25940227508545,30100,0.0,0.0
2022-05-25 00:00:00-04:00,9.15287049589555,9.365934194700987,8.815519216133671,9.312667846679688,68900,0.0,0.0
2022-05-26 00:00:00-04:00,9.321546137138371,9.321546137138371,9.055216078177862,9.161747932434082,90700,0.0,0.0
2022-05-27 00:00:00-04:00,9.14399180247346,9.5789970264878,9.14399180247346,9.303789138793945,13300,0.0,0.0
2022-05-31 00:00:00-04:00,9.321545191917346,9.543486744105854,9.037460276040802,9.472465515136719,24000,0.0,0.0
2022-06-01 00:00:00-04:00,9.525732291320578,9.898594216743968,9.321546442304882,9.330424308776855,14300,0.0,0.0
2022-06-02 00:00:00-04:00,9.499098251580014,10.227067117495524,9.454709771873974,9.845327377319336,70200,0.0,0.0
2022-06-03 00:00:00-04:00,9.792060921986742,10.093901564618253,9.792060921986742,9.854205131530762,19100,0.0,0.0
2022-06-06 00:00:00-04:00,9.854205813591033,10.022881030280088,9.62338638305664,9.62338638305664,28300,0.0,0.0
2022-06-07 00:00:00-04:00,9.6233861913378,9.898593252027723,9.17950307067934,9.756550788879395,60600,0.0,0.0
2022-06-08 00:00:00-04:00,9.676652241790821,9.88971679526534,9.51685488498482,9.721040725708008,5100,0.0,0.0
2022-06-09 00:00:00-04:00,9.570119049774279,9.632263257222023,9.49909782409668,9.49909782409668,15100,0.0,0.0
2022-06-10 00:00:00-04:00,9.259402498510122,9.836450237316338,9.241646766662598,9.241646766662598,63900,0.0,0.0
2022-06-13 00:00:00-04:00,9.001950240703446,9.037460857472615,8.877662658691406,8.877662658691406,20000,0.0,0.0
2022-06-14 00:00:00-04:00,8.984194230189098,9.2771570211031,8.975316364612345,9.14399242401123,4200,0.0,0.0
2022-06-15 00:00:00-04:00,9.241646390464961,9.241646390464961,8.708987156320498,8.833273887634277,21000,0.0,0.0
2022-06-16 00:00:00-04:00,8.913172352139243,9.135113895615458,8.442656517028809,8.442656517028809,44300,0.0,0.0
2022-06-17 00:00:00-04:00,8.584699946885694,9.410322853551275,8.460412363596713,9.055215835571289,70200,0.0,0.0
2022-06-21 00:00:00-04:00,8.93980583251593,9.01082706451416,8.176327165215023,9.01082706451416,17700,0.0,0.0
2022-06-22 00:00:00-04:00,8.895418099931025,9.126236678073695,8.74449777193013,8.833273887634277,23100,0.0,0.0
2022-06-23 00:00:00-04:00,8.904295082089076,8.993072044066535,8.211837657240396,8.220715522766113,36200,0.0,0.0
2022-06-24 00:00:00-04:00,8.318368948572084,8.629087448120117,8.309491083638758,8.629087448120117,27200,0.0,0.0
2022-06-27 00:00:00-04:00,8.744497415094559,8.85990627613649,8.44265677140994,8.549188613891602,40200,0.0,0.0
2022-06-28 00:00:00-04:00,8.762253391185867,8.762253391185867,8.442657823899063,8.540311813354492,7200,0.0,0.0
2022-06-29 00:00:00-04:00,8.611332517517985,8.895418295273382,8.522556399864325,8.700109481811523,23900,0.0,0.0
2022-06-30 00:00:00-04:00,8.788885295782121,9.188380774659366,8.655720700582938,8.842151641845703,341500,0.0,0.0
2022-07-01 00:00:00-04:00,9.010827438292328,9.108482271320616,8.859907102375795,8.930929183959961,16300,0.0,0.0
2022-07-05 00:00:00-04:00,8.877662218056354,9.046337427677894,8.708987008434816,8.904294967651367,12100,0.0,0.0
2022-07-06 00:00:00-04:00,8.788885599465184,8.806641330979843,8.700109481811523,8.700109481811523,4900,0.0,0.0
2022-07-07 00:00:00-04:00,8.95756236560222,8.95756236560222,8.735620784082403,8.780009269714355,4500,0.0,0.0
2022-07-08 00:00:00-04:00,8.939805177600999,8.939805177600999,8.824395472398628,8.868783950805664,9600,0.0,0.0
2022-07-11 00:00:00-04:00,8.833274775160742,8.922051746424648,8.70898803135921,8.780009269714355,9200,0.0,0.0
2022-07-12 00:00:00-04:00,8.700109574845555,8.877662658691406,8.700109574845555,8.877662658691406,400,0.0,0.0
2022-07-13 00:00:00-04:00,8.904294825161838,8.966439035408873,8.788885116577148,8.788885116577148,17100,0.0,0.0
2022-07-14 00:00:00-04:00,8.646842696279077,8.726741790771484,8.646842696279077,8.726741790771484,3900,0.0,0.0
2022-07-15 00:00:00-04:00,8.673476145143091,9.037460150201698,8.673476145143091,8.797762870788574,16500,0.0,0.0
2022-07-18 00:00:00-04:00,8.993072245750533,9.14399257651293,8.80664129872874,9.07297134399414,89400,0.0,0.0
2022-07-19 00:00:00-04:00,9.232768133206497,9.277156612495338,9.04633719750522,9.108481407165527,46300,0.0,0.0
2022-07-20 00:00:00-04:00,9.01082706451416,9.188380991149604,9.01082706451416,9.01082706451416,8700,0.0,0.0
2022-07-21 00:00:00-04:00,9.028582572937012,9.14399228374488,8.948683477251576,9.028582572937012,8000,0.0,0.0
2022-07-22 00:00:00-04:00,9.286035155794398,9.321545772490671,9.064093589782715,9.064093589782715,2700,0.0,0.0
2022-07-25 00:00:00-04:00,8.966440597028363,9.206137074573647,8.966440597028363,9.001951217651367,29600,0.0,0.0
2022-07-26 00:00:00-04:00,8.966439716056213,9.055215835571289,8.930929098922205,9.055215835571289,6200,0.0,0.0
2022-07-27 00:00:00-04:00,9.055215742537257,9.055215742537257,8.877662658691406,8.877662658691406,8300,0.0,0.0
2022-07-28 00:00:00-04:00,8.922050737621152,8.966439218234163,8.806641026683264,8.842151641845703,11200,0.0,0.0
2022-07-29 00:00:00-04:00,8.788885693448538,8.877662658691406,8.762252942531632,8.877662658691406,5800,0.0,0.0
2022-08-01 00:00:00-04:00,8.788885532496668,8.788885532496668,8.629088183281732,8.637965202331543,8900,0.0,0.0
2022-08-02 00:00:00-04:00,8.753374730775398,8.78000832727972,8.416023461479327,8.59357738494873,14500,0.0,0.0
2022-08-03 00:00:00-04:00,8.629087670020514,8.629087670020514,8.549188576845538,8.611331939697266,2000,0.0,0.0
2022-08-04 00:00:00-04:00,8.646843221661534,8.646843221661534,8.566944122314453,8.566944122314453,4900,0.0,0.0
2022-08-05 00:00:00-04:00,8.593576981803048,8.62020973041811,8.549188503018069,8.558066368103027,8900,0.0,0.0
2022-08-08 00:00:00-04:00,8.584699228052155,8.70010893573391,8.522555864931142,8.549188613891602,4700,0.0,0.0
2022-08-09 00:00:00-04:00,8.637965734584848,8.637965734584848,8.38051354019948,8.487046241760254,1100,0.0,0.0
2022-08-10 00:00:00-04:00,8.487045888347748,8.504800773441922,8.345002574394908,8.380513191223145,22000,0.0,0.0
2022-08-11 00:00:00-04:00,8.504800252525017,9.303789505542422,8.353879928588867,8.353879928588867,16400,0.0,0.0
2022-08-12 00:00:00-04:00,8.52255617752165,8.52255617752165,8.220715522766113,8.220715522766113,22100,0.0,0.0
2022-08-15 00:00:00-04:00,8.105306640489626,8.318370355076356,8.105306640489626,8.229594230651855,3400,0.0,0.0
2022-08-16 00:00:00-04:00,8.18520443489394,8.238469931694313,7.909996545959324,8.12306022644043,19100,0.0,0.0
2022-08-17 00:00:00-04:00,8.123061168414928,8.247348753094903,7.909997463226318,7.909997463226318,17600,0.0,0.0
2022-08-18 00:00:00-04:00,7.812343215728258,8.016529048053851,7.546013169818454,7.989896297454834,15000,0.0,0.0
2022-08-19 00:00:00-04:00,8.043162524665787,8.043162524665787,7.5637687878737765,7.599279403686523,8600,0.0,0.0
2022-08-22 00:00:00-04:00,7.546013355255127,7.732444307309379,7.546013355255127,7.546013355255127,31700,0.0,0.0
2022-08-23 00:00:00-04:00,7.670300644490279,7.812343107911233,7.492746718574222,7.501624584197998,24000,0.0,0.0
2022-08-24 00:00:00-04:00,7.501624719993561,7.617034435272217,7.2974388867897035,7.617034435272217,14300,0.0,0.0
2022-08-25 00:00:00-04:00,7.634790166841186,7.714688418981904,7.466114103495505,7.617034435272217,6400,0.0,0.0
2022-08-26 00:00:00-04:00,7.474991469407641,7.5904011769685455,7.474991469407641,7.492746353149414,13400,0.0,0.0
2022-08-29 00:00:00-04:00,7.54601302977344,7.581523645459721,7.457236067237808,7.474991798400879,13000,0.0,0.0
2022-08-30 00:00:00-04:00,7.492746906724975,7.501624772571684,7.457236289978027,7.457236289978027,1600,0.0,0.0
2022-08-31 00:00:00-04:00,7.457236219682158,7.457236219682158,7.306315888270316,7.403970718383789,11000,0.0,0.0
2022-09-01 00:00:00-04:00,7.457236587155027,7.474992319556024,7.386215350830877,7.412848949432373,22800,0.0,0.0
2022-09-02 00:00:00-04:00,7.3329493005164235,7.44835901260376,7.27080508838333,7.44835901260376,40300,0.0,0.0
2022-09-06 00:00:00-04:00,7.4483590335932535,7.4483590335932535,7.1287626464077425,7.164273262023926,23400,0.0,0.0
2022-09-07 00:00:00-04:00,7.1198854428258205,7.279682785634293,7.111007577492061,7.2086615562438965,21500,0.0,0.0
2022-09-08 00:00:00-04:00,7.182029359088863,7.297439077381751,7.17315149307251,7.17315149307251,15400,0.0,0.0
2022-09-09 00:00:00-04:00,7.315193813316824,7.315193813316824,7.137640729816879,7.155396461486816,25100,0.0,0.0
2022-09-12 00:00:00-04:00,7.164273757573246,7.386215332185947,7.164273757573246,7.2885613441467285,60400,0.0,0.0
2022-09-13 00:00:00-04:00,7.253050386971946,7.439481334795994,7.253050386971946,7.403970718383789,3400,0.0,0.0
2022-09-14 00:00:00-04:00,7.412848405317319,7.4217254242263095,7.3507041931152335,7.350704193115234,1900,0.0,0.0
2022-09-15 00:00:00-04:00,7.324071296158817,7.421725275317258,7.102129741729762,7.332949161529541,42400,0.0,0.0
2022-09-16 00:00:00-04:00,7.23529501198208,7.537135689679674,7.23529501198208,7.412848949432373,15000,0.0,0.0
2022-09-19 00:00:00-04:00,7.377338037277311,7.4661141558247355,7.217539838596105,7.457236289978027,4900,0.0,0.0
2022-09-20 00:00:00-04:00,7.359582228125816,7.359582228125816,7.057741565633631,7.093252182006836,35100,0.0,0.0
2022-09-21 00:00:00-04:00,7.057741057360545,7.173150763922041,6.853554816259402,6.88018798828125,39400,0.0,0.0
2022-09-22 00:00:00-04:00,6.8713105510799055,6.968964956814924,6.773656568664821,6.791411876678467,11600,0.0,0.0
2022-09-23 00:00:00-04:00,6.853554949134327,6.853554949134327,6.631613396822309,6.747023105621338,27300,0.0,0.0
2022-09-26 00:00:00-04:00,6.65824686974674,6.702635351539692,6.551715021427576,6.604980945587158,14300,0.0,0.0
2022-09-27 00:00:00-04:00,6.60498085633274,6.640491471959266,6.5250817595130925,6.578347682952881,7100,0.0,0.0
2022-09-28 00:00:00-04:00,6.5250819882341435,6.569470470983197,6.436305446055981,6.471816062927246,69000,0.0,0.0
2022-09-29 00:00:00-04:00,6.489571324328998,6.507326632635947,6.374161608673859,6.383039474487305,14700,0.0,0.0
2022-09-30 00:00:00-04:00,6.37416094425814,6.4806932063153,5.628437649777401,5.868134498596191,154900,0.0,0.0
2022-10-03 00:00:00-04:00,5.903645703473278,6.143342576326722,5.797113854053956,5.859257221221924,34400,0.0,0.0
2022-10-04 00:00:00-04:00,5.903645185300205,6.090076117080626,5.823746093588625,5.8326239585876465,37900,0.0,0.0
2022-10-05 00:00:00-04:00,5.814868912174032,5.877012276669011,5.752725124359131,5.752725124359131,23300,0.0,0.0
2022-10-06 00:00:00-04:00,5.743847701674707,5.948033965010158,5.743847701674707,5.877012729644775,15800,0.0,0.0
2022-10-07 00:00:00-04:00,5.859257409639,5.859257409639,5.601805220270072,5.663949012756348,29800,0.0,0.0
2022-10-10 00:00:00-04:00,5.628438472747803,5.87701279948041,5.628438472747803,5.628438472747803,4400,0.0,0.0
2022-10-11 00:00:00-04:00,5.5219053306541745,5.646192897883097,5.5219053306541745,5.592926979064941,20900,0.0,0.0
2022-10-12 00:00:00-04:00,5.584049689059042,5.601804997159392,5.477517840456947,5.521905899047852,33000,0.0,0.0
2022-10-13 00:00:00-04:00,5.5929278357437715,5.5929278357437715,5.433129631492833,5.504150867462158,60300,0.0,0.0
2022-10-14 00:00:00-04:00,5.442006974774587,5.486395031330581,5.415373802185059,5.415373802185059,15600,0.0,0.0
2022-10-17 00:00:00-04:00,5.504150077976428,5.54853855575039,5.442006717076758,5.495272636413574,60100,0.0,0.0
2022-10-18 00:00:00-04:00,5.539660968845883,5.539660968845883,5.44200699015476,5.477517604827881,61300,0.0,0.0
2022-10-19 00:00:00-04:00,5.5041509545266765,5.539661573073045,5.495273511550066,5.5307841300964355,13700,0.0,0.0
2022-10-20 00:00:00-04:00,5.521905565934849,5.903645302043532,5.521905565934849,5.637315273284912,12800,0.0,0.0
2022-10-21 00:00:00-04:00,5.63731542850087,5.9480335217278615,5.63731542850087,5.814868927001953,7300,0.0,0.0
2022-10-24 00:00:00-04:00,5.814868845573357,6.036810398101807,5.681703829392303,6.036810398101807,12200,0.0,0.0
2022-10-25 00:00:00-04:00,6.0368104580624875,6.258752012795374,5.912522882621728,5.9391560554504395,60000,0.0,0.0
2022-10-26 00:00:00-04:00,6.0456878914896635,6.125586986541748,6.027932584069192,6.125586986541748,17100,0.0,0.0
2022-10-27 00:00:00-04:00,6.161097362218893,6.267629202606332,6.054565521831454,6.1699748039245605,61900,0.0,0.0
2022-10-28 00:00:00-04:00,6.169975043432968,6.187730350853441,6.0456878914896635,6.125586986541748,259500,0.0,0.0
2022-10-31 00:00:00-04:00,6.0456882220244195,6.303140405356858,5.948033814212822,6.258752346038818,345500,0.0,0.0
2022-11-01 00:00:00-04:00,6.338651284918463,6.347529151142083,6.0368110297547,6.1167097091674805,36500,0.0,0.0
2022-11-02 00:00:00-04:00,6.143342241718682,6.2587519506302565,6.036810398101807,6.036810398101807,22200,0.0,0.0
2022-11-03 00:00:00-04:00,6.125587700289089,6.169975762352362,5.930278872586787,6.0190558433532715,27300,0.0,0.0
2022-11-04 00:00:00-04:00,6.072321396271199,6.338651022139268,6.072321396271199,6.258752346038818,19900,0.0,0.0
2022-11-07 00:00:00-05:00,6.400794608015093,6.400794608015093,6.240996837615967,6.240996837615967,20900,0.0,0.0
2022-11-08 00:00:00-05:00,6.285384509337572,6.400794214750583,6.134464190462081,6.1699748039245605,54500,0.0,0.0
2022-11-09 00:00:00-05:00,6.16109770174405,6.320895471131329,6.16109770174405,6.303140163421631,90400,0.0,0.0
2022-11-10 00:00:00-05:00,6.4185504992894975,6.542837665342194,6.267630157422668,6.48069429397583,213400,0.0,0.0
2022-11-11 00:00:00-05:00,6.551714945816067,6.613858311625099,6.3120180782042565,6.391916751861572,174700,0.0,0.0
2022-11-14 00:00:00-05:00,6.391916701970119,6.436305182904326,6.285384855711933,6.303140163421631,32600,0.0,0.0
2022-11-15 00:00:00-05:00,6.3830396842239,6.702635667570341,6.3830396842239,6.613858699798584,36800,0.0,0.0
2022-11-16 00:00:00-05:00,6.649368901813112,7.013353346286516,6.649368901813112,6.7647786140441895,34800,0.0,0.0
2022-11-17 00:00:00-05:00,6.7381459702402315,7.288560943421085,6.7381459702402315,7.253050327301025,43800,0.0,0.0
2022-11-18 00:00:00-05:00,7.208662178249639,7.226417910449226,6.65824717966111,6.924577236175537,38100,0.0,0.0
2022-11-21 00:00:00-05:00,6.7736566917645895,7.102130107646452,6.676002284254867,6.844677925109863,79900,0.0,0.0
2022-11-22 00:00:00-05:00,6.791411928035425,6.897943776922897,6.631613731384277,6.631613731384277,74300,0.0,0.0
2022-11-23 00:00:00-05:00,6.631613375284131,6.915698713716029,6.631613375284131,6.871310234069824,15700,0.0,0.0
2022-11-25 00:00:00-05:00,6.844677738042221,7.048863989989366,6.844677738042221,6.889066219329834,7700,0.0,0.0
2022-11-28 00:00:00-05:00,6.720390720243058,6.942332284570927,6.69375754626294,6.755901336669922,31700,0.0,0.0
2022-11-29 00:00:00-05:00,6.8535550768014595,6.8535550768014595,6.702635174006701,6.800289154052734,44500,0.0,0.0
2022-11-30 00:00:00-05:00,6.800289168364628,6.880188264315833,6.551714861680763,6.862432956695557,80900,0.0,0.0
2022-12-01 00:00:00-05:00,6.711512306169425,7.084374171509933,6.711512306169425,6.977842330932617,23700,0.0,0.0
2022-12-02 00:00:00-05:00,6.9512093898160385,7.119885444641113,6.9512093898160385,7.119885444641113,33200,0.0,0.0
2022-12-05 00:00:00-05:00,7.102130278636478,7.4394815684685,7.075497103830812,7.297439098358154,46300,0.0,0.0
2022-12-06 00:00:00-05:00,7.279683196616835,7.279683196616835,7.075496938931927,7.155396461486816,15200,0.0,0.0
2022-12-07 00:00:00-05:00,7.164273288694772,7.279683001536975,6.897943670581916,7.0399861335754395,31500,0.0,0.0
2022-12-08 00:00:00-05:00,7.048864012495017,7.164273302235415,6.9512096073424345,7.102129936218262,26400,0.0,0.0
2022-12-09 00:00:00-05:00,7.075496575107911,7.359581917420018,7.075496575107911,7.235294342041016,30100,0.0,0.0
2022-12-12 00:00:00-05:00,7.235294480899771,7.3507041931152335,7.190906846435242,7.350704193115234,14400,0.0,0.0
2022-12-13 00:00:00-05:00,7.368460101971584,7.457236219682158,7.332949485559378,7.403970718383789,13000,0.0,0.0
2022-12-14 00:00:00-05:00,7.350703892462088,7.5904011726379395,7.341826873916179,7.5904011726379395,32100,0.0,0.0
2022-12-15 00:00:00-05:00,7.546012693349098,7.6347896519267815,7.457235734771415,7.5904011726379395,15400,0.0,0.0
2022-12-16 00:00:00-05:00,7.510501899090851,7.661422217068879,7.457235555893981,7.537134647369385,11800,0.0,0.0
2022-12-19 00:00:00-05:00,7.4572361430961545,7.528257375191176,7.439481258392334,7.439481258392334,42100,0.0,0.0
2022-12-20 00:00:00-05:00,7.457235702205332,7.65254450223942,7.368459590655161,7.466113567352295,34800,0.0,0.0
2022-12-21 00:00:00-05:00,7.492747228560045,7.652545434105044,7.492747228560045,7.528257846832275,20600,0.0,0.0
2022-12-22 00:00:00-05:00,7.581524197560583,7.9455082465109275,7.457236610287815,7.528257846832275,20600,0.0,0.0
2022-12-23 00:00:00-05:00,7.617034488659233,7.6259123545059415,7.457236289978027,7.457236289978027,18400,0.0,0.0
2022-12-27 00:00:00-05:00,7.50162462481551,7.679177705053062,7.386214911001134,7.439481258392334,31100,0.0,0.0
2022-12-28 00:00:00-05:00,7.457236733502307,7.679178313030827,7.403971228533827,7.430603981018066,20500,0.0,0.0
2022-12-29 00:00:00-05:00,7.585046595702972,7.850066255083552,7.36572016135886,7.539353370666504,48300,0.239,0.0
2022-12-30 00:00:00-05:00,7.6216007639737775,7.7769572013421255,7.502798731190585,7.548491954803467,35500,0.0,0.0
2023-01-03 00:00:00-05:00,7.530214510615904,7.840927393352008,7.31088807745834,7.676432132720947,48600,0.0,0.0
2023-01-04 00:00:00-05:00,7.694709245967841,8.041976510524014,7.694709245967841,7.987144470214844,47400,0.0,0.0
2023-01-05 00:00:00-05:00,8.078532218933105,8.133363396576517,7.9962845809421355,8.078532218933105,52800,0.0,0.0
2023-01-06 00:00:00-05:00,8.08767103904896,8.124225447986518,8.069393398817253,8.078532218933105,16000,0.0,0.0
2023-01-09 00:00:00-05:00,8.133362610487579,8.133362610487579,8.087670257376184,8.124224662780762,12200,0.0,0.0
2023-01-10 00:00:00-05:00,8.197332673262947,8.243025893438965,8.08766946775592,8.13336181640625,36200,0.0,0.0
2023-01-11 00:00:00-05:00,8.133361751410542,8.169916152954102,8.09680734986698,8.169916152954102,6800,0.0,0.0
2023-01-12 00:00:00-05:00,8.233888213701208,8.25216498138356,8.133362941107949,8.179056167602539,12500,0.0,0.0
2023-01-13 00:00:00-05:00,8.2247492538792,8.270442479594799,8.133362802448003,8.252164840698242,33000,0.0,0.0
2023-01-17 00:00:00-05:00,8.270441743114919,8.416659355163574,8.270441743114919,8.416659355163574,16000,0.0,0.0
2023-01-18 00:00:00-05:00,8.407520536529105,8.425798173798045,8.398381717894635,8.416659355163574,7900,0.0,0.0
2023-01-19 00:00:00-05:00,8.425798621355671,8.453214207189614,8.279581001540297,8.31613540649414,19200,0.0,0.0
2023-01-20 00:00:00-05:00,8.270442511573544,8.434936904649629,8.270442511573544,8.370966911315918,19300,0.0,0.0
2023-01-23 00:00:00-05:00,8.398382428456094,8.498907698888964,8.398382428456094,8.40752124786377,9200,0.0,0.0
2023-01-24 00:00:00-05:00,8.416659756822074,8.480629747264699,8.407520937751483,8.4349365234375,16100,0.0,0.0
2023-01-25 00:00:00-05:00,8.425798782989736,8.444075550054384,8.325273513793945,8.325273513793945,18900,0.0,0.0
2023-01-26 00:00:00-05:00,8.407520738334929,8.407520738334929,8.032837880585305,8.30699634552002,67400,0.0,0.0
2023-01-27 00:00:00-05:00,8.316134548831855,8.453213335390075,8.151639307741455,8.36182689666748,35500,0.0,0.0
2023-01-30 00:00:00-05:00,8.361828547889447,8.361828547889447,8.115086509055022,8.270442962646484,28900,0.0,0.0
2023-01-31 00:00:00-05:00,8.44407548381759,9.166025643486558,8.407521078449253,8.910144805908203,94000,0.0,0.0
2023-02-01 00:00:00-05:00,8.864450962170045,9.001530626371169,8.407520491217715,8.727372169494629,55700,0.0,0.0
2023-02-02 00:00:00-05:00,8.709095382388105,8.82789742101464,8.56287775685569,8.645125389099121,25500,0.0,0.0
2023-02-03 00:00:00-05:00,8.635986130276697,8.736511396360479,8.361827660587997,8.50804615020752,36700,0.0,0.0
2023-02-06 00:00:00-05:00,8.599431302610428,8.754787732072048,8.37096606769931,8.453213691711426,25300,0.0,0.0
2023-02-07 00:00:00-05:00,8.453213973735261,8.59943158951251,8.453213973735261,8.581154823303223,6900,0.0,0.0
2023-02-08 00:00:00-05:00,8.572016716003418,8.581155535629549,8.508046721672121,8.572016716003418,3600,0.0,0.0
2023-02-09 00:00:00-05:00,8.590292171469045,8.590292171469045,8.42579780095605,8.480628967285156,10800,0.0,0.0
2023-02-10 00:00:00-05:00,8.42579780095605,8.480628967285156,8.407520164495896,8.480628967285156,3900,0.0,0.0
2023-02-13 00:00:00-05:00,8.517183678598313,8.517183678598313,8.416659288986676,8.453213691711426,6900,0.0,0.0
2023-02-14 00:00:00-05:00,8.453213933861143,8.526322741404911,8.160778703686073,8.462352752685547,44600,0.0,0.0
2023-02-15 00:00:00-05:00,8.48063006007361,8.48063006007361,8.352690074469283,8.40752124786377,7500,0.0,0.0
2023-02-16 00:00:00-05:00,8.316135030718506,8.416659421917807,8.316135030718506,8.380105018615723,26900,0.0,0.0
2023-02-17 00:00:00-05:00,8.352690074469283,8.590293278388371,8.306996848956686,8.40752124786377,12100,0.0,0.0
2023-02-21 00:00:00-05:00,8.407520937751483,8.498907385405879,8.316135361622843,8.4349365234375,6700,0.0,0.0
2023-02-22 00:00:00-05:00,8.361827314882472,8.425798173798045,8.361827314882472,8.416659355163574,1600,0.0,0.0
2023-02-23 00:00:00-05:00,8.425798886679123,8.535462104993885,8.041977186814567,8.40752124786377,10400,0.0,0.0
2023-02-24 00:00:00-05:00,8.407520817238668,8.544600486755371,8.270442019247707,8.544600486755371,12800,0.0,0.0
2023-02-27 00:00:00-05:00,8.544600486755371,8.544600486755371,8.544600486755371,8.544600486755371,0,0.0,0.0
2023-02-28 00:00:00-05:00,8.453214473376367,8.572016511098806,8.325273616246252,8.40752124786377,20800,0.0,0.0
2023-03-01 00:00:00-05:00,8.407520536529105,8.489768161187902,8.26130292448045,8.416659355163574,6700,0.0,0.0
2023-03-02 00:00:00-05:00,8.40752124786377,8.453214473376367,8.370966841758849,8.40752124786377,8300,0.0,0.0
2023-03-03 00:00:00-05:00,8.407520846005827,8.48976847369212,8.270442047545838,8.389244079589844,5500,0.0,0.0
2023-03-06 00:00:00-05:00,8.407520937751483,8.489768566335288,8.316135361622843,8.4349365234375,3800,0.0,0.0
2023-03-07 00:00:00-05:00,8.453214001303907,8.47149163909854,8.370966374279535,8.425798416137695,7400,0.0,0.0
2023-03-08 00:00:00-05:00,8.407520536529105,8.444074939541268,8.407520536529105,8.416659355163574,3100,0.0,0.0
2023-03-09 00:00:00-05:00,8.398381447596323,8.489767887948355,8.13336181640625,8.13336181640625,14100,0.0,0.0
2023-03-10 00:00:00-05:00,8.060253559570288,8.270442038029602,8.060253559570288,8.11508560180664,10200,0.0,0.0
2023-03-13 00:00:00-04:00,7.996283739796541,8.115085774228039,7.320026809825646,7.630739688873291,69000,0.0,0.0
2023-03-14 00:00:00-04:00,7.457105920887573,7.9505908459014325,7.457105920887573,7.9414520263671875,22200,0.0,0.0
2023-03-15 00:00:00-04:00,7.886620484760308,7.886620484760308,7.521075564154136,7.767818450927734,19200,0.0,0.0
2023-03-16 00:00:00-04:00,7.493659798542632,7.539353021462705,7.310887778388078,7.447966575622559,9100,0.0,0.0
2023-03-17 00:00:00-04:00,7.447966550373475,7.548491814761996,6.680323632563836,7.365719795227051,37000,0.0,0.0
2023-03-20 00:00:00-04:00,7.283471350079053,7.301748551072165,7.128115359519027,7.292610168457031,10400,0.0,0.0
2023-03-21 00:00:00-04:00,7.3565808601325475,7.393135263461966,7.210362811052016,7.265194416046143,3500,0.0,0.0
2023-03-22 00:00:00-04:00,7.3200261878281205,7.3200261878281205,7.265194149085941,7.292610168457031,5800,0.0,0.0
2023-03-23 00:00:00-04:00,7.265194590428166,7.4388286640548245,7.265194590428166,7.310887813568115,7000,0.0,0.0
2023-03-24 00:00:00-04:00,7.310888083381203,7.475383344145528,7.310888083381203,7.420551300048828,8500,0.0,0.0
2023-03-27 00:00:00-04:00,7.3200266325012535,7.393135440914875,7.310887813568115,7.310887813568115,5000,0.0,0.0
2023-03-28 00:00:00-04:00,7.310887984856618,7.365720028214378,7.128115959540355,7.219501972198486,10000,0.0,0.0
2023-03-29 00:00:00-04:00,7.265194864971814,7.639877740131912,7.219502075868056,7.438828945159912,15200,0.0,0.0
2023-03-30 00:00:00-04:00,7.383996996538787,7.621601071698518,7.383996996538787,7.502799034118652,4700,0.0,0.0
2023-03-31 00:00:00-04:00,7.56676899298847,7.6947098493926065,7.338303738247658,7.383996963500977,9000,0.0,0.0
2023-04-03 00:00:00-04:00,7.466244385912797,7.74954080581665,7.402274395262074,7.74954080581665,5100,0.0,0.0
2023-04-04 00:00:00-04:00,7.758679903812126,7.859205174477632,7.548492286103867,7.603323459625244,9800,0.0,0.0
2023-04-05 00:00:00-04:00,7.950590444472593,7.950590444472593,7.621600801582786,7.667294025421143,5900,0.0,0.0
2023-04-06 00:00:00-04:00,7.575907033600769,7.82264990169,7.575907033600769,7.685570240020752,2500,0.0,0.0
2023-04-10 00:00:00-04:00,7.612461975577812,7.895759265897039,7.612461975577812,7.649016380310059,4300,0.0,0.0
2023-04-11 00:00:00-04:00,7.658155064135446,7.941451477926048,7.658155064135446,7.722125053405762,12800,0.0,0.0
2023-04-12 00:00:00-04:00,7.712985637671274,7.859204114229474,7.63073888848473,7.813510894775391,4500,0.0,0.0
2023-04-13 00:00:00-04:00,7.850066420365461,7.941452000836727,7.630739981403466,7.840927600860596,4600,0.0,0.0
2023-04-14 00:00:00-04:00,7.895759402922391,7.95059057520944,7.65815533227646,7.831788539886475,4700,0.0,0.0
2023-04-17 00:00:00-04:00,7.7769576073781295,7.932314052857659,7.758679968368398,7.840927600860596,4500,0.0,0.0
2023-04-18 00:00:00-04:00,7.831788539886475,7.95059057520944,7.831788539886475,7.831788539886475,6500,0.0,0.0
2023-04-19 00:00:00-04:00,7.886620524519566,7.895759343674088,7.585046464626444,7.630739688873291,6000,0.0,0.0
2023-04-20 00:00:00-04:00,7.78609576259373,7.904896919917993,7.511937301518818,7.521075248718262,9200,0.0,0.0
2023-04-21 00:00:00-04:00,7.539353370666504,7.685570993562578,7.493660145630036,7.539353370666504,11000,0.0,0.0
2023-04-24 00:00:00-04:00,7.585046359388622,7.585046359388622,7.393135517435119,7.548491954803467,6800,0.0,0.0
2023-04-25 00:00:00-04:00,7.566768887985353,7.5759077072143555,7.365720094101932,7.5759077072143555,8600,0.0,0.0
2023-04-26 00:00:00-04:00,7.539353335986865,7.539353335986865,7.137254439109353,7.420551300048828,12400,0.0,0.0
2023-04-27 00:00:00-04:00,7.475383281707764,7.475383281707764,7.402274471206652,7.475383281707764,11900,0.0,0.0
2023-04-28 00:00:00-04:00,7.457105705604703,7.493660111160578,7.411412480778416,7.420551300048828,5400,0.0,0.0
2023-05-01 00:00:00-04:00,7.420551266424403,7.703848561843073,7.420551266424403,7.5759077072143555,12000,0.0,0.0
2023-05-02 00:00:00-04:00,7.566768788170627,7.767818450927734,7.420551168538462,7.767818450927734,2300,0.0,0.0
2023-05-03 00:00:00-04:00,7.511937715662882,7.722125328775307,7.511937715662882,7.5759077072143555,7100,0.0,0.0
2023-05-04 00:00:00-04:00,7.612462182114541,7.758679805010615,7.447966920593569,7.539353370666504,11800,0.0,0.0
2023-05-05 00:00:00-04:00,7.539353001169567,7.65815503183169,7.447966555575398,7.62160062789917,5000,0.0,0.0
2023-05-08 00:00:00-04:00,7.466244430194946,7.786096128397113,7.466244430194946,7.630739688873291,7500,0.0,0.0
2023-05-09 00:00:00-04:00,7.36571980037153,7.73126383969673,7.36571980037153,7.62160062789917,9700,0.0,0.0
2023-05-10 00:00:00-04:00,7.511937010595646,7.621600216473417,7.511937010595646,7.58504581451416,5000,0.0,0.0
2023-05-11 00:00:00-04:00,7.548492021479486,7.859204898960717,7.548492021479486,7.767818450927734,4500,0.0,0.0
2023-05-12 00:00:00-04:00,7.722125020832166,7.76781824362925,7.530214182305002,7.62160062789917,4600,0.0,0.0
2023-05-15 00:00:00-04:00,7.649016078998085,7.749540470170442,7.630739313114802,7.694709300994873,1300,0.0,0.0
2023-05-16 00:00:00-04:00,7.630739779457452,7.7404029960362335,7.630739779457452,7.676432132720947,900,0.0,0.0
2023-05-17 00:00:00-04:00,7.6307396521148245,7.676432004615801,7.420551170202144,7.511937618255615,14500,0.0,0.0
2023-05-18 00:00:00-04:00,7.5027984827936525,7.521075248718262,7.457105260693547,7.521075248718262,1600,0.0,0.0
2023-05-19 00:00:00-04:00,7.484520555481937,7.58504581451416,7.484520555481937,7.58504581451416,400,0.0,0.0
2023-05-22 00:00:00-04:00,7.53021461442676,7.740403102744729,7.420551396336171,7.484521389007568,14900,0.0,0.0
2023-05-23 00:00:00-04:00,7.539353433815756,7.557631072593747,7.484521389007568,7.484521389007568,5300,0.0,0.0
2023-05-24 00:00:00-04:00,7.49366001613275,7.7038484990579414,7.49366001613275,7.630739688873291,8600,0.0,0.0
2023-05-25 00:00:00-04:00,7.530213898863967,7.585045938461709,7.420550691194186,7.493659496307373,22700,0.0,0.0
2023-05-26 00:00:00-04:00,7.475383032290045,7.493659798542632,7.447966575622559,7.447966575622559,3500,0.0,0.0
2023-05-30 00:00:00-04:00,7.484521291890165,7.493660111160578,7.420551300048828,7.420551300048828,16500,0.0,0.0
2023-05-31 00:00:00-04:00,7.420550997768693,7.4936598059023165,7.420550997768693,7.466244220733643,11200,0.0,0.0
2023-06-01 00:00:00-04:00,7.457105705604703,7.457105705604703,7.420551300048828,7.420551300048828,1800,0.0,0.0
2023-06-02 00:00:00-04:00,7.493659680130385,7.795233726501465,7.466244095421849,7.795233726501465,31300,0.0,0.0
2023-06-05 00:00:00-04:00,7.804372475587213,7.804372475587213,7.594184875488281,7.594184875488281,7700,0.0,0.0
2023-06-06 00:00:00-04:00,7.4845211969782275,7.676432041594375,7.4845211969782275,7.630739688873291,3400,0.0,0.0
2023-06-07 00:00:00-04:00,7.63073888848473,7.813510894775391,7.484520411926529,7.813510894775391,15500,0.0,0.0
2023-06-08 00:00:00-04:00,7.767818009691592,7.895758855365179,7.767818009691592,7.868342399597168,7000,0.0,0.0
2023-06-09 00:00:00-04:00,7.694710019248598,7.850066465623811,7.6672944321017376,7.703848838806152,3500,0.0,0.0
2023-06-12 00:00:00-04:00,7.703848666524307,7.822650703538325,7.630739854750416,7.65815544128418,30900,0.0,0.0
2023-06-13 00:00:00-04:00,7.7860953117132095,7.813510894775391,7.703847691000994,7.813510894775391,4100,0.0,0.0
2023-06-14 00:00:00-04:00,7.694710043848903,7.813512083899516,7.685571224262131,7.804373264312744,8300,0.0,0.0
2023-06-15 00:00:00-04:00,7.767818009691592,7.996283245270756,7.731263606859954,7.868342399597168,12900,0.0,0.0
2023-06-16 00:00:00-04:00,7.978006940710428,8.133363396576517,7.868343713897754,8.078532218933105,5500,0.0,0.0
2023-06-20 00:00:00-04:00,8.133363277493277,8.40752177627385,7.895760058640902,8.270442962646484,7700,0.0,0.0
2023-06-21 00:00:00-04:00,8.224748569192835,8.243026206567832,8.060253318920749,8.10594654083252,9300,0.0,0.0
2023-06-22 00:00:00-04:00,8.151640510521164,8.224749323676223,7.914036432004326,8.21561050415039,19200,0.0,0.0
2023-06-23 00:00:00-04:00,8.142501780359181,9.431045715766082,8.142501780359181,8.572016716003418,58300,0.0,0.0
2023-06-26 00:00:00-04:00,8.553738525978043,8.846174634503667,8.398382088440423,8.590292930603027,14900,0.0,0.0
2023-06-27 00:00:00-04:00,8.617709736611403,8.617709736611403,8.343551255061605,8.40752124786377,8700,0.0,0.0
2023-06-28 00:00:00-04:00,8.407520711264855,8.462352752685547,8.37096630749297,8.462352752685547,4800,0.0,0.0
2023-06-29 00:00:00-04:00,8.398381717894635,8.480629342553433,8.243026158737225,8.416659355163574,10800,0.0,0.0
2023-06-30 00:00:00-04:00,8.44407545783476,8.44407545783476,8.20647138790881,8.279581069946289,7200,0.0,0.0
2023-07-03 00:00:00-04:00,8.243026224114336,8.398381784503904,8.243026224114336,8.380105018615723,7200,0.0,0.0
2023-07-05 00:00:00-04:00,8.361828547889447,8.389245007835594,8.24302737422618,8.270442962646484,8000,0.0,0.0
2023-07-06 00:00:00-04:00,8.279580069840808,8.55373764038086,8.279580069840808,8.55373764038086,9200,0.0,0.0
2023-07-07 00:00:00-04:00,8.352689302099787,8.453213691711426,8.352689302099787,8.453213691711426,3900,0.0,0.0
2023-07-10 00:00:00-04:00,8.444074939541268,8.55373814857776,8.398381717894635,8.416659355163574,9500,0.0,0.0
2023-07-11 00:00:00-04:00,8.526323215351635,8.526323215351635,8.416659997940211,8.444075584411621,2500,0.0,0.0
2023-07-12 00:00:00-04:00,8.29785683449817,8.56287645847237,8.29785683449817,8.55373764038086,15600,0.0,0.0
2023-07-13 00:00:00-04:00,8.572016032391808,8.937560073027086,8.370966374279535,8.425798416137695,24300,0.0,0.0
2023-07-14 00:00:00-04:00,8.42579874771426,8.489768739461383,8.20647144317627,8.20647144317627,142700,0.0,0.0
2023-07-17 00:00:00-04:00,8.30699749267431,8.30699749267431,8.060254578701398,8.078532218933105,44100,0.0,0.0
2023-07-18 00:00:00-04:00,8.188193854922607,8.398381447596323,8.124223869591596,8.13336181640625,68700,0.0,0.0
2023-07-19 00:00:00-04:00,8.51718446617853,8.51718446617853,8.21561039793149,8.40752124786377,24800,0.0,0.0
2023-07-20 00:00:00-04:00,8.47149197247325,8.508046377975287,8.09680822667016,8.20647144317627,66700,0.0,0.0
2023-07-21 00:00:00-04:00,8.297857418274361,8.40752062851061,8.096807763745042,8.224748611450195,12500,0.0,0.0
2023-07-24 00:00:00-04:00,8.224748521468285,8.517183745565596,8.179055299821654,8.416659355163574,9200,0.0,0.0
2023-07-25 00:00:00-04:00,8.40752177627385,8.40752177627385,8.270442962646484,8.270442962646484,10400,0.0,0.0
2023-07-26 00:00:00-04:00,8.288719017615929,8.398382233383497,8.25216461236007,8.279581069946289,3600,0.0,0.0
2023-07-27 00:00:00-04:00,8.343550656550287,8.544600311468265,8.343550656550287,8.498907089233398,22500,0.0,0.0
2023-07-28 00:00:00-04:00,8.51718446617853,8.69995736822892,8.352690074469283,8.40752124786377,50600,0.0,0.0
2023-07-31 00:00:00-04:00,8.718234027832162,8.718234027832162,8.44407554966873,8.599431991577148,15300,0.0,0.0
2023-08-01 00:00:00-04:00,8.635985993456822,8.672540397401136,8.41665956979095,8.581154823303223,12000,0.0,0.0
2023-08-02 00:00:00-04:00,8.434936204623408,8.654263496398926,8.434936204623408,8.654263496398926,2600,0.0,0.0
2023-08-03 00:00:00-04:00,8.517184097694068,8.635986130276697,8.407520884123738,8.50804615020752,18200,0.0,0.0
2023-08-04 00:00:00-04:00,8.471491262802221,8.590292417087339,8.407520404888274,8.489768028259277,8900,0.0,0.0
2023-08-07 00:00:00-04:00,8.599432097796049,8.617709736611403,8.40752124786377,8.40752124786377,7900,0.0,0.0
2023-08-08 00:00:00-04:00,8.398381826011546,8.535461492716147,8.398381826011546,8.498907089233398,6300,0.0,0.0
2023-08-09 00:00:00-04:00,8.480629451729161,8.544600311468265,8.407520644763665,8.498907089233398,7200,0.0,0.0
2023-08-10 00:00:00-04:00,8.462353292784044,8.526323285586209,8.40752124786377,8.40752124786377,3300,0.0,0.0
2023-08-11 00:00:00-04:00,8.425798886679123,8.562877691691128,8.40752124786377,8.40752124786377,13700,0.0,0.0
2023-08-14 00:00:00-04:00,8.407520536529105,8.55373814857776,8.407520536529105,8.416659355163574,4700,0.0,0.0
2023-08-15 00:00:00-04:00,8.416658720018319,8.444074302327154,8.041975899536853,8.23388671875,13500,0.0,0.0
2023-08-16 00:00:00-04:00,8.243026754714359,8.498907594299887,8.233887935419146,8.325273513793945,6400,0.0,0.0
2023-08-17 00:00:00-04:00,8.31613540649414,8.5171841979774,8.31613540649414,8.31613540649414,14700,0.0,0.0
2023-08-18 00:00:00-04:00,8.31613542916362,8.462353049377578,8.31613542916362,8.398382186889648,20800,0.0,0.0
2023-08-21 00:00:00-04:00,8.297858029549008,8.489768879481288,8.206471578523814,8.40752124786377,6600,0.0,0.0
2023-08-22 00:00:00-04:00,8.36182867031772,8.36182867031772,8.060254578701398,8.078532218933105,33500,0.0,0.0
2023-08-23 00:00:00-04:00,8.306996956357112,8.306996956357112,8.21561050415039,8.21561050415039,2100,0.0,0.0
2023-08-24 00:00:00-04:00,8.224749094855277,8.553738744900208,8.224749094855277,8.243026733398438,17100,0.0,0.0
2023-08-25 00:00:00-04:00,8.17905650587768,8.270442962646484,8.115086509055022,8.270442962646484,9900,0.0,0.0
2023-08-28 00:00:00-04:00,8.25216529694024,8.34355175342397,8.151640892028809,8.151640892028809,33600,0.0,0.0
2023-08-29 00:00:00-04:00,8.224749081690174,8.48062992020443,8.060253821168123,8.20647144317627,30600,0.0,0.0
2023-08-30 00:00:00-04:00,8.343550597553152,8.352689416240649,7.9688677466229265,8.10594654083252,20600,0.0,0.0
2023-08-31 00:00:00-04:00,8.11508560180664,8.316135261305604,8.014561207820032,8.11508560180664,17800,0.0,0.0
2023-09-01 00:00:00-04:00,8.096807568871006,8.343550439608249,8.060253166338715,8.33441162109375,7500,0.0,0.0
2023-09-05 00:00:00-04:00,8.1699161220765,8.380104583801842,8.087669372558594,8.087669372558594,4000,0.0,0.0
2023-09-06 00:00:00-04:00,8.087670115286787,8.416659758148086,7.904897219949201,7.923174858093262,24600,0.0,0.0
2023-09-07 00:00:00-04:00,7.95059057520944,8.179055826632274,7.831788539886475,7.831788539886475,23100,0.0,0.0
2023-09-08 00:00:00-04:00,7.941451043347391,8.069391886412477,7.7952334350019745,7.859204292297363,74100,0.0,0.0
2023-09-11 00:00:00-04:00,7.8317883147160225,8.12422442076699,7.795233910400369,8.11508560180664,38100,0.0,0.0
2023-09-12 00:00:00-04:00,8.115085426573996,8.115085426573996,7.941451356179694,8.069392204284668,32700,0.0,0.0
2023-09-13 00:00:00-04:00,8.032837775655327,8.224748611450195,8.032837775655327,8.224748611450195,9800,0.0,0.0
2023-09-14 00:00:00-04:00,8.261303014862278,8.261303014862278,8.04197659438978,8.224748611450195,1800,0.0,0.0
2023-09-15 00:00:00-04:00,8.07853064941558,8.13336181640625,8.07853064941558,8.13336181640625,1300,0.0,0.0
2023-09-18 00:00:00-04:00,8.206471754888971,8.25216498138356,8.151640580316108,8.179056167602539,6300,0.0,0.0
2023-09-19 00:00:00-04:00,8.169916218241926,8.224748256758284,8.13336181640625,8.13336181640625,2000,0.0,0.0
2023-09-20 00:00:00-04:00,8.142500538903866,8.142500538903866,8.078530554325823,8.087669372558594,1600,0.0,0.0
2023-09-21 00:00:00-04:00,8.105946008654902,8.160778045654297,7.904896368358004,8.160778045654297,2000,0.0,0.0
2023-09-22 00:00:00-04:00,8.041976247579903,8.160778271427272,7.968867443908551,8.13336181640625,15800,0.0,0.0
2023-09-25 00:00:00-04:00,8.115085249345528,8.115085249345528,7.996283222598128,8.023698806762695,1400,0.0,0.0
2023-09-26 00:00:00-04:00,8.005422625819048,8.078531436614364,7.840927365766701,7.850066184997559,14700,0.0,0.0
2023-09-27 00:00:00-04:00,7.859204997555769,7.932313808289014,7.831788539886475,7.831788539886475,10900,0.0,0.0
2023-09-28 00:00:00-04:00,7.83178878135573,7.904897594343061,7.767818787873264,7.840927600860596,22100,0.0,0.0
2023-09-29 00:00:00-04:00,7.904896641261037,7.996283082239769,7.630739061376227,7.859204292297363,21500,0.0,0.0
2023-10-02 00:00:00-04:00,7.831788716191154,7.831788716191154,7.502799060485527,7.603323459625244,38000,0.0,0.0
2023-10-03 00:00:00-04:00,7.7038485967511905,7.7038485967511905,7.35658130820749,7.420551300048828,26800,0.0,0.0
2023-10-04 00:00:00-04:00,7.4205514286776735,7.603323459625244,7.3657202551562975,7.603323459625244,9900,0.0,0.0
2023-10-05 00:00:00-04:00,7.511937573795748,7.548491978495636,7.292610709833548,7.3748579025268555,45700,0.0,0.0
2023-10-06 00:00:00-04:00,7.402274567082879,7.548492189978953,7.402274567082879,7.539353370666504,1100,0.0,0.0
2023-10-09 00:00:00-04:00,7.502798229320781,7.758679044300741,7.502798229320781,7.685570240020752,2500,0.0,0.0
2023-10-10 00:00:00-04:00,7.630739746132936,7.831788539886475,7.612462107686739,7.831788539886475,4800,0.0,0.0
2023-10-11 00:00:00-04:00,7.850066042100291,7.950590437232531,7.639877561245558,7.649016380310059,19400,0.0,0.0
2023-10-12 00:00:00-04:00,7.667294093965616,7.667294093965616,7.603323231409725,7.630739688873291,9500,0.0,0.0
2023-10-13 00:00:00-04:00,7.5759077763905225,7.722125399286597,7.539353370666504,7.539353370666504,16700,0.0,0.0
2023-10-16 00:00:00-04:00,7.539352594183667,7.712985785608715,7.539352594183667,7.58504581451416,8200,0.0,0.0
2023-10-17 00:00:00-04:00,7.649015800061437,7.895758666930687,7.5484914125549025,7.58504581451416,24400,0.0,0.0
2023-10-18 00:00:00-04:00,7.539352761385189,7.676431553891,7.402273968879378,7.612461566925049,20400,0.0,0.0
2023-10-19 00:00:00-04:00,7.585046359388622,7.63987753050348,7.447966688549976,7.548491954803467,122500,0.0,0.0
2023-10-20 00:00:00-04:00,7.493659496307373,7.55763035442569,7.383996288637592,7.493659496307373,17100,0.0,0.0
2023-10-23 00:00:00-04:00,7.5850458719723175,7.658154676444644,7.493659430619061,7.530213832855225,16200,0.0,0.0
2023-10-24 00:00:00-04:00,7.530214753315831,7.859205285181365,7.530214753315831,7.703848838806152,105700,0.0,0.0
2023-10-25 00:00:00-04:00,7.767818305226239,7.840927113671015,7.557630698828945,7.566768646240234,8800,0.0,0.0
2023-10-26 00:00:00-04:00,7.658154618432674,7.712985785608715,7.58504581451416,7.58504581451416,12500,0.0,0.0
2023-10-27 00:00:00-04:00,7.603323050462622,7.722125082066818,7.566768646240234,7.566768646240234,2800,0.0,0.0
2023-10-30 00:00:00-04:00,7.6490163872754975,7.685570792041032,7.539353172978895,7.667294025421143,3100,0.0,0.0
2023-10-31 00:00:00-04:00,7.6855708899593695,7.76781851961114,7.6672941231066245,7.731264114379883,18500,0.0,0.0
2023-11-01 00:00:00-04:00,7.795234168562738,7.795234168562738,7.667294184983712,7.676432132720947,7000,0.0,0.0
2023-11-02 00:00:00-04:00,7.612461307028736,7.758678913116455,7.511936920724849,7.758678913116455,252300,0.0,0.0
2023-11-03 00:00:00-04:00,7.594185074865131,7.722125053405762,7.548491851875303,7.722125053405762,89200,0.0,0.0
2023-11-06 00:00:00-05:00,7.776956815152589,7.86834238631456,7.594184801302938,7.612461566925049,61300,0.0,0.0
2023-11-07 00:00:00-05:00,7.7038482871252745,7.758679457492476,7.557630670778416,7.722125053405762,46200,0.0,0.0
2023-11-08 00:00:00-05:00,7.767818141792928,7.996283381257426,7.731263738339637,7.795233726501465,20700,0.0,0.0
2023-11-09 00:00:00-05:00,7.877481910643868,7.877481910643868,7.557631075632491,7.7769575119018555,41600,0.0,0.0
2023-11-10 00:00:00-05:00,7.831788004642791,7.886620044708252,7.603322768833834,7.886620044708252,6900,0.0,0.0
2023-11-13 00:00:00-05:00,7.685570792041032,7.767818420644923,7.575907577744429,7.667294025421143,41600,0.0,0.0
2023-11-14 00:00:00-05:00,7.658154773982722,7.895758827306875,7.658154773982722,7.78609561920166,67600,0.0,0.0
2023-11-15 00:00:00-05:00,7.886620212266795,7.914035797119141,7.786095820124376,7.914035797119141,25500,0.0,0.0
2023-11-16 00:00:00-05:00,7.959728842439118,7.959728842439118,7.694709204028316,7.868342399597168,5600,0.0,0.0
2023-11-17 00:00:00-05:00,7.96886783834956,7.987144604409214,7.813511404976722,7.914035797119141,10500,0.0,0.0
2023-11-20 00:00:00-05:00,7.950589713644065,8.179054940309271,7.895758547298793,8.087669372558594,26900,0.0,0.0
2023-11-21 00:00:00-05:00,8.087670016451337,8.169916772517247,8.069392378530639,8.11508560180664,12300,0.0,0.0
2023-11-22 00:00:00-05:00,8.169916772517247,8.21560999579325,8.023699155254636,8.11508560180664,9400,0.0,0.0
2023-11-24 00:00:00-05:00,8.133361591391768,8.188193628391163,8.133361591391768,8.160778045654297,1600,0.0,0.0
2023-11-27 00:00:00-05:00,8.206471754888971,8.206471754888971,8.133362941107949,8.179056167602539,4300,0.0,0.0
2023-11-28 00:00:00-05:00,8.224748544881823,8.270441766658532,8.00542212618448,8.261302947998047,27300,0.0,0.0
2023-11-29 00:00:00-05:00,8.306996725247952,8.306996725247952,8.224749094855277,8.243026733398438,9400,0.0,0.0
2023-11-30 00:00:00-05:00,8.224749081690174,8.243026720204078,8.124224684441018,8.20647144317627,15700,0.0,0.0
2023-12-01 00:00:00-05:00,8.188194575713524,8.407521006034463,8.188194575713524,8.398382186889648,6900,0.0,0.0
2023-12-04 00:00:00-05:00,8.30699573065446,8.380104533022267,8.25216369311577,8.36182689666748,5400,0.0,0.0
2023-12-05 00:00:00-05:00,8.36182795347161,8.444075584411621,8.352690005664993,8.444075584411621,10400,0.0,0.0
2023-12-06 00:00:00-05:00,8.407521178607814,8.508046448212621,8.334412367000198,8.444075584411621,98000,0.0,0.0
2023-12-07 00:00:00-05:00,8.44407500651294,8.517183813117109,8.380105018615723,8.380105018615723,8300,0.0,0.0
2023-12-08 00:00:00-05:00,8.36182866901257,8.517185124854409,8.36182866901257,8.471492767333984,7000,0.0,0.0
2023-12-11 00:00:00-05:00,8.325273309167677,8.489768566335288,8.325273309167677,8.4349365234375,13000,0.0,0.0
2023-12-12 00:00:00-05:00,8.389244239270598,8.425798644324088,8.35268983421711,8.398382186889648,8900,0.0,0.0
2023-12-13 00:00:00-05:00,8.407520404888274,8.498906846750655,8.37096600244846,8.489768028259277,13900,0.0,0.0
2023-12-14 00:00:00-05:00,8.41665956979095,8.608570408380023,8.41665956979095,8.581154823303223,27200,0.0,0.0
2023-12-15 00:00:00-05:00,8.590292862814357,8.727372532720624,8.57201609640897,8.626847267150879,20400,0.0,0.0
2023-12-18 00:00:00-05:00,8.535461692072447,8.699956947349667,8.370966436795225,8.626847267150879,20200,0.0,0.0
2023-12-19 00:00:00-05:00,8.626846603963097,8.86445064964758,8.626846603963097,8.75478744506836,12900,0.0,0.0
2023-12-20 00:00:00-05:00,8.837036515974075,8.910145331019349,8.773066520690918,8.773066520690918,35900,0.0,0.0
2023-12-21 00:00:00-05:00,8.78220378003054,8.882729046476719,8.78220378003054,8.86445140838623,17000,0.0,0.0
2023-12-22 00:00:00-05:00,8.882729288654755,8.937560461369626,8.873590469360352,8.873590469360352,10900,0.0,0.0
2023-12-26 00:00:00-05:00,8.928421536194985,9.111193544445891,8.928421536194985,9.028945922851562,19800,0.0,0.0
2023-12-27 00:00:00-05:00,8.983253010064947,9.092916218765122,8.864450982758331,9.001530647277832,83600,0.0,0.0
2023-12-28 00:00:00-05:00,9.328945724470266,9.376397308315532,9.196081470716257,9.281494140625,108000,0.365,0.0
2023-12-29 00:00:00-05:00,9.300474729352572,9.347926311122137,9.234042152849725,9.253023147583008,45200,0.0,0.0
2024-01-02 00:00:00-05:00,9.29098367007745,9.414357413191352,9.243532091177705,9.300474166870117,42600,0.0,0.0
2024-01-03 00:00:00-05:00,9.262513630150963,9.461809549213804,9.139139879772666,9.272004127502441,37200,0.0,0.0
2024-01-04 00:00:00-05:00,9.300474558931477,9.433337899375308,9.272003972416888,9.347926139831543,97700,0.0,0.0
2024-01-05 00:00:00-05:00,9.347926388496434,9.461809642647832,9.347926388496434,9.452319145202637,38800,0.0,0.0
2024-01-08 00:00:00-05:00,9.442828318554843,9.442828318554843,9.347926062602387,9.385887145996094,6700,0.0,0.0
2024-01-09 00:00:00-05:00,9.347926139831543,9.395376815667982,9.347926139831543,9.347926139831543,5900,0.0,0.0
2024-01-10 00:00:00-05:00,9.347927191923405,9.347927191923405,9.253024019442098,9.290985107421875,14600,0.0,0.0
2024-01-11 00:00:00-05:00,9.215062466279836,9.338436222252056,9.215062466279836,9.281494140625,48400,0.0,0.0
2024-01-12 00:00:00-05:00,9.29098367007745,9.376396331084274,9.281493173284783,9.300474166870117,32100,0.0,0.0
2024-01-16 00:00:00-05:00,9.281494609161,9.36690728338143,9.21506293146232,9.290985107421875,70500,0.0,0.0
2024-01-17 00:00:00-05:00,9.253024019442098,9.300475605682752,9.234043022920345,9.290985107421875,12000,0.0,0.0
2024-01-18 00:00:00-05:00,9.253023147583008,9.29098423198593,9.177100978777162,9.253023147583008,50300,0.0,0.0
2024-01-19 00:00:00-05:00,9.253023305354285,9.27200430041121,9.177101135253906,9.177101135253906,28700,0.0,0.0
2024-01-22 00:00:00-05:00,9.196081240447407,9.196081240447407,9.139140065309835,9.158120155334473,9400,0.0,0.0
2024-01-23 00:00:00-05:00,9.158120770502453,9.27200493855473,9.034747914395975,9.11067008972168,23800,0.0,0.0
2024-01-24 00:00:00-05:00,9.205570841628187,9.366905663914608,9.07270750920189,9.139139175415039,9800,0.0,0.0
2024-01-25 00:00:00-05:00,9.177100742842107,9.253022909696062,9.12964916229248,9.12964916229248,22000,0.0,0.0
2024-01-26 00:00:00-05:00,9.082198370182057,9.281494301740771,9.082198370182057,9.205572128295898,4500,0.0,0.0
2024-01-29 00:00:00-05:00,9.205572356346948,9.205572356346948,9.063218503877184,9.11067008972168,15900,0.0,0.0
2024-01-30 00:00:00-05:00,9.120159521021705,9.272004774042662,9.120159521021705,9.186592102050781,7900,0.0,0.0
2024-01-31 00:00:00-05:00,9.177101443878625,9.309965698554326,9.158120448183373,9.262514114379883,23500,0.0,0.0
2024-02-01 00:00:00-05:00,9.281493719790278,9.309965211844714,9.177100964114938,9.272004127502441,10800,0.0,0.0
2024-02-02 00:00:00-05:00,9.357415903425135,9.357415903425135,9.224552560546726,9.253023147583008,4100,0.0,0.0
2024-02-05 00:00:00-05:00,9.28149373461929,9.338435813755495,9.120158899640955,9.253023147583008,10900,0.0,0.0
2024-02-06 00:00:00-05:00,9.253023394328192,9.357416152954102,9.224552806532701,9.357416152954102,12700,0.0,0.0
2024-02-07 00:00:00-05:00,9.300474962167163,9.43333830837148,9.148630620754421,9.376397132873535,40600,0.0,0.0
2024-02-08 00:00:00-05:00,9.395377163556233,9.395377163556233,9.148630562853985,9.158120155334473,10800,0.0,0.0
2024-02-09 00:00:00-05:00,9.158119998735929,9.253023162427308,9.148630406417707,9.234042167663574,6100,0.0,0.0
2024-02-12 00:00:00-05:00,9.234042321198963,9.395377159118652,9.205571733643625,9.395377159118652,2900,0.0,0.0
2024-02-13 00:00:00-05:00,9.347925899686304,9.347925899686304,9.158119580962104,9.224552154541016,4500,0.0,0.0
2024-02-14 00:00:00-05:00,9.224552964061626,9.347926720033845,9.16761088243457,9.281494140625,4600,0.0,0.0
2024-02-15 00:00:00-05:00,9.309965385461398,9.328945475454663,9.091688467625067,9.177101135253906,21500,0.0,0.0
2024-02-16 00:00:00-05:00,9.309964908906181,9.309964908906181,9.03474683011416,9.167610168457031,28900,0.0,0.0
2024-02-20 00:00:00-05:00,9.082197581742854,9.224552323391734,9.082197581742854,9.12964916229248,14500,0.0,0.0
2024-02-21 00:00:00-05:00,9.12964916229248,9.29098399312304,9.12015866516983,9.12964916229248,24100,0.0,0.0
2024-02-22 00:00:00-05:00,9.158120448183373,9.262514114379883,9.148630855399437,9.262514114379883,9600,0.0,0.0
2024-02-23 00:00:00-05:00,9.338436222252056,9.338436222252056,9.129649796371094,9.281494140625,8800,0.0,0.0
2024-02-26 00:00:00-05:00,9.328945223146928,9.347926217690498,9.205571473804627,9.309965133666992,3100,0.0,0.0
2024-02-27 00:00:00-05:00,9.253023147583008,9.376396898158418,9.139139894374239,9.253023147583008,21400,0.0,0.0
2024-02-28 00:00:00-05:00,9.281493578938461,9.385887238093211,9.205571411406078,9.32894515991211,14900,0.0,0.0
2024-02-29 00:00:00-05:00,9.253023147583008,9.366906400791777,9.253023147583008,9.253023147583008,7800,0.0,0.0
2024-03-01 00:00:00-05:00,9.328944905788443,9.347925899686304,9.07270782361254,9.224552154541016,21100,0.0,0.0
2024-03-04 00:00:00-05:00,9.177100665499697,9.385887075120282,9.120158588307316,9.167610168457031,4100,0.0,0.0
2024-03-05 00:00:00-05:00,9.158119734256083,9.243532398098939,9.10117856173659,9.148630142211914,7500,0.0,0.0
2024-03-06 00:00:00-05:00,9.224552308946981,9.224552308946981,9.129649147996338,9.148630142211914,6100,0.0,0.0
2024-03-07 00:00:00-05:00,9.243531923044781,9.243531923044781,9.139139175415039,9.139139175415039,4300,0.0,0.0
2024-03-08 00:00:00-05:00,9.148630156537779,9.224552323391734,9.12964916229248,9.12964916229248,3800,0.0,0.0
2024-03-11 00:00:00-04:00,9.272004315736938,9.272004315736938,9.063217895083964,9.158120155334473,8700,0.0,0.0
2024-03-12 00:00:00-04:00,9.120158977073574,9.215062141418457,9.034747215239562,9.215062141418457,18700,0.0,0.0
2024-03-13 00:00:00-04:00,9.224553124188967,9.281494301740771,9.110669864021657,9.205572128295898,7100,0.0,0.0
2024-03-14 00:00:00-04:00,9.12965001903496,9.19608169500033,9.063218343069588,9.186592102050781,6800,0.0,0.0
2024-03-15 00:00:00-04:00,9.082198434032392,9.205572193013586,9.082198434032392,9.186592102050781,8300,0.0,0.0
2024-03-18 00:00:00-04:00,9.186591239964757,9.253022909696062,9.015765912011547,9.12964916229248,22900,0.0,0.0
2024-03-19 00:00:00-04:00,9.129649303371371,9.129649303371371,9.03474704586923,9.072708129882812,13800,0.0,0.0
2024-03-20 00:00:00-04:00,9.025257110595703,9.044237201252553,8.920863444260108,9.025257110595703,13700,0.0,0.0
2024-03-21 00:00:00-04:00,9.015766628553191,9.120159390008245,8.920863459911365,9.00627613067627,33900,0.0,0.0
2024-03-22 00:00:00-04:00,9.006275551580895,9.101178714120534,8.645644801019357,8.835451126098633,38000,0.0,0.0
2024-03-25 00:00:00-04:00,8.825960336801732,9.053726833284246,8.759527763196628,8.968314170837402,14500,0.0,0.0
2024-03-26 00:00:00-04:00,8.882902209480385,8.977805376370206,8.787999947654239,8.863922119140625,15000,0.0,0.0
2024-03-27 00:00:00-04:00,8.892392302020566,9.395376891466455,8.87341221254559,9.072708129882812,12900,0.0,0.0
2024-03-28 00:00:00-04:00,9.072709165740289,9.072709165740289,9.006276582333992,9.034748077392578,5700,0.0,0.0
2024-04-01 00:00:00-04:00,9.044237217120262,9.082198303564255,9.00627613067627,9.00627613067627,700,0.0,0.0
2024-04-02 00:00:00-04:00,8.97780530503005,9.32894557163025,8.9303537219622,9.120159149169922,21400,0.0,0.0
2024-04-03 00:00:00-04:00,9.025257110595703,9.110669781210754,9.025257110595703,9.025257110595703,8200,0.0,0.0
2024-04-04 00:00:00-04:00,9.06321803721655,9.272004461143787,9.006275956122332,9.101179122924805,6100,0.0,0.0
2024-04-05 00:00:00-04:00,9.110668996328261,9.224552245649413,8.968314255879113,9.167610168457031,7800,0.0,0.0
2024-04-08 00:00:00-04:00,9.26251364494965,9.26251364494965,9.177100978777162,9.253023147583008,2700,0.0,0.0
2024-04-09 00:00:00-04:00,9.262513552371702,9.404867391193939,9.21506197107641,9.309965133666992,28700,0.0,0.0
2024-04-10 00:00:00-04:00,9.395376675190374,9.46180924948263,9.36690608910147,9.404867172241211,29100,0.0,0.0
2024-04-11 00:00:00-04:00,9.338435657119565,9.509260986599243,9.253022992379725,9.32894515991211,5300,0.0,0.0
2024-04-12 00:00:00-04:00,9.272003723448723,9.272003723448723,8.892391991505006,8.987295150756836,65500,0.0,0.0
2024-04-15 00:00:00-04:00,8.968315332188194,9.158120770502453,8.930354244525342,9.11067008972168,26000,0.0,0.0
2024-04-16 00:00:00-04:00,8.996785458429349,9.120159213247094,8.996785458429349,9.101179122924805,43000,0.0,0.0
2024-04-17 00:00:00-04:00,9.006275087483678,9.091687748355273,9.006275087483678,9.063217163085938,7100,0.0,0.0
2024-04-18 00:00:00-04:00,8.939843585042988,9.091687916031333,8.939843585042988,8.968314170837402,4800,0.0,0.0
2024-04-19 00:00:00-04:00,8.977805542109198,9.253023645094064,8.939844455665206,9.00627613067627,23800,0.0,0.0
2024-04-22 00:00:00-04:00,9.072708237490062,9.253023162427308,9.006275660880638,9.234042167663574,12100,0.0,0.0
2024-04-23 00:00:00-04:00,9.243532728696461,9.30996530576334,9.025256717792344,9.215062141418457,22200,0.0,0.0
2024-04-24 00:00:00-04:00,9.14863039174088,9.300474729352572,9.14863039174088,9.253023147583008,21500,0.0,0.0
2024-04-25 00:00:00-04:00,9.129649239877505,9.262513485532835,9.063217569581655,9.09168815612793,8800,0.0,0.0
2024-04-26 00:00:00-04:00,9.034747624307032,9.044237217120262,8.958824546355357,9.00627613067627,38600,0.0,0.0
2024-04-29 00:00:00-04:00,9.025256395001524,9.167610231363872,8.949334228266455,9.148630142211914,29100,0.0,0.0
2024-04-30 00:00:00-04:00,9.053727307101758,9.253023228219808,8.93035355545119,8.977805137634277,18100,0.0,0.0
2024-05-01 00:00:00-04:00,8.968313856508576,9.205570841628187,8.968313856508576,9.139139175415039,6900,0.0,0.0
2024-05-02 00:00:00-04:00,9.034748077392578,9.20557252242541,8.977805992339142,9.034748077392578,9500,0.0,0.0
2024-05-03 00:00:00-04:00,9.063217802517565,9.290984310868904,9.063217802517565,9.215062141418457,8400,0.0,0.0
2024-05-06 00:00:00-04:00,9.26251364494965,9.338435813755495,9.110669307337957,9.253023147583008,17500,0.0,0.0
2024-05-07 00:00:00-04:00,9.281493578938461,9.43333791400323,9.26251348958718,9.32894515991211,9000,0.0,0.0
2024-05-08 00:00:00-04:00,9.234042620837004,9.37639737336033,9.215062530205442,9.262514114379883,5600,0.0,0.0
2024-05-09 00:00:00-04:00,9.262514355896156,9.404868207067612,9.262514355896156,9.366907119750977,8400,0.0,0.0
2024-05-10 00:00:00-04:00,9.442828102046988,9.680085094083664,9.376396433897071,9.480789184570312,17000,0.0,0.0
2024-05-13 00:00:00-04:00,9.480789170724005,9.604162915010527,9.461809082021862,9.499770164489746,10000,0.0,0.0
2024-05-14 00:00:00-04:00,9.490280151367188,9.632633991612238,9.452319066964264,9.490280151367188,17200,0.0,0.0
2024-05-15 00:00:00-04:00,9.518751291511212,10.145109673087179,9.499771200738692,9.680086135864258,19500,0.0,0.0
2024-05-16 00:00:00-04:00,9.689576473989536,9.75600814819336,9.55671222051821,9.75600814819336,6900,0.0,0.0
2024-05-17 00:00:00-04:00,9.955304240043507,9.955304240043507,9.490280702820584,9.680086135864258,12900,0.0,0.0
2024-05-20 00:00:00-04:00,9.642124656316618,9.869891166687012,9.613654068786234,9.869891166687012,21400,0.0,0.0
2024-05-21 00:00:00-04:00,9.869891230563768,10.002755481671542,9.812950055134483,9.850911140441895,10200,0.0,0.0
2024-05-22 00:00:00-04:00,9.737028347853062,9.945813874446989,9.661106173625505,9.86040210723877,9100,0.0,0.0
2024-05-23 00:00:00-04:00,9.623145023411979,9.917343220348751,9.623145023411979,9.879382133483887,4500,0.0,0.0
2024-05-24 00:00:00-04:00,9.888872385879132,9.888872385879132,9.718047046697784,9.774989128112793,11600,0.0,0.0
2024-05-28 00:00:00-04:00,9.898362009355953,9.898362009355953,9.68008510578528,9.718046188354492,7100,0.0,0.0
2024-05-29 00:00:00-04:00,9.54722262208451,9.54722262208451,9.528241626572717,9.537732124328613,10000,0.0,0.0
2024-05-30 00:00:00-04:00,9.585183158119095,9.774988577029015,9.537731577125708,9.566202163696289,11000,0.0,0.0
2024-05-31 00:00:00-04:00,10.040716720045637,10.116638891817864,9.993265136422076,10.012246131896973,25400,0.0,0.0
2024-06-03 00:00:00-04:00,10.059697943693216,10.202051792729073,9.803459929352236,10.1356201171875,6000,0.0,0.0
2024-06-04 00:00:00-04:00,10.040716582569244,10.154599838668307,9.737027899638408,9.831930160522461,22400,0.0,0.0
2024-06-05 00:00:00-04:00,9.898363396717748,10.221033096313477,9.77498963480975,10.221033096313477,13700,0.0,0.0
2024-06-06 00:00:00-04:00,10.183070182800293,10.221032172322085,10.069186929425852,10.183070182800293,10900,0.0,0.0
2024-06-07 00:00:00-04:00,10.164090410425443,10.325425250675345,10.03122615814209,10.03122615814209,6900,0.0,0.0
2024-06-10 00:00:00-04:00,10.059696618992941,10.211540945986052,9.964793462090457,10.069186210632324,6000,0.0,0.0
2024-06-11 00:00:00-04:00,9.96479439636413,9.993264984078774,9.78447946741984,9.850911140441895,4900,0.0,0.0
2024-06-12 00:00:00-04:00,9.850910812042779,9.850910812042779,9.632633900004093,9.784479141235352,52000,0.0,0.0
2024-06-13 00:00:00-04:00,9.78447924921727,9.822440333678117,9.66110549845361,9.708556175231934,8200,0.0,0.0
2024-06-14 00:00:00-04:00,9.62314478442434,9.79396921854201,9.62314478442434,9.774989128112793,4500,0.0,0.0
2024-06-17 00:00:00-04:00,9.594673609271346,9.62314510345459,9.461810256671054,9.62314510345459,7400,0.0,0.0
2024-06-18 00:00:00-04:00,9.63263469645196,9.756008456054884,9.604164107332428,9.62314510345459,12200,0.0,0.0
2024-06-20 00:00:00-04:00,9.708556068087905,9.793968733448102,9.55671173192028,9.784479141235352,9000,0.0,0.0
2024-06-21 00:00:00-04:00,9.793968841534749,9.86989101045644,9.63263400631024,9.708556175231934,16400,0.0,0.0
2024-06-24 00:00:00-04:00,9.737027821502778,9.955303834341825,9.737027821502778,9.869891166687012,12500,0.0,0.0
2024-06-25 00:00:00-04:00,10.00275524333847,10.00275524333847,9.8888719901297,9.964794158935547,5000,0.0,0.0
2024-06-26 00:00:00-04:00,9.917342577165982,9.964794158935547,9.917342577165982,9.964794158935547,2800,0.0,0.0
2024-06-27 00:00:00-04:00,10.012245570222495,10.097658234940626,9.964793989260908,10.059697151184082,5400,0.0,0.0
2024-06-28 00:00:00-04:00,10.088168548428648,10.116639137268066,9.96479479003956,10.116639137268066,12600,0.0,0.0
2024-07-01 00:00:00-04:00,10.23052135563935,10.23052135563935,10.135619100819842,10.1545991897583,2100,0.0,0.0
2024-07-02 00:00:00-04:00,10.173580575683445,10.24001224712265,10.107147999180597,10.202051162719727,7300,0.0,0.0
2024-07-03 00:00:00-04:00,10.202050452351038,10.382365364443686,10.164089370591345,10.325424194335938,6000,0.0,0.0
2024-07-05 00:00:00-04:00,10.315934586747652,10.43930833936598,10.192560834129324,10.344405174255371,12300,0.0,0.0
2024-07-08 00:00:00-04:00,10.391856333830571,10.429817417316952,10.26848258623393,10.334915161132812,4200,0.0,0.0
2024-07-09 00:00:00-04:00,10.296955108642578,10.344405788953898,10.192561439804763,10.296955108642578,4200,0.0,0.0
2024-07-10 00:00:00-04:00,10.249502344775376,10.439307759387889,10.164089681933843,10.410837173461914,14900,0.0,0.0
2024-07-11 00:00:00-04:00,10.334915319039835,10.581661912939536,10.154599490926769,10.49625015258789,9700,0.0,0.0
2024-07-12 00:00:00-04:00,10.61013286672238,10.61013286672238,10.43930754455477,10.505739212036133,7700,0.0,0.0
2024-07-15 00:00:00-04:00,10.581662006748957,10.581662006748957,10.325424913295137,10.439308166503906,10100,0.0,0.0
2024-07-16 00:00:00-04:00,10.410838449352822,10.572173297811608,10.334916274203243,10.477270126342773,20200,0.0,0.0
2024-07-17 00:00:00-04:00,10.230521749756008,10.486759748273471,10.202051162719727,10.202051162719727,29700,0.0,0.0
2024-07-18 00:00:00-04:00,10.268483306206782,10.401347560256678,10.06918737766378,10.211542129516602,12200,0.0,0.0
2024-07-19 00:00:00-04:00,10.154599037345884,10.448798104516964,10.145108540487294,10.230521202087402,31100,0.0,0.0
2024-07-22 00:00:00-04:00,10.145108526830084,10.353894932119992,10.145108526830084,10.249502182006836,5700,0.0,0.0
2024-07-23 00:00:00-04:00,10.164089534204471,10.543700357912066,10.097657866321542,10.230521202087402,48300,0.0,0.0
2024-07-24 00:00:00-04:00,10.173580575683445,10.401347082100983,10.116638496547239,10.202051162719727,13300,0.0,0.0
2024-07-25 00:00:00-04:00,10.0881677559239,10.448798504793077,10.021736085496084,10.277973175048828,15800,0.0,0.0
2024-07-26 00:00:00-04:00,10.391857374328932,10.581662810765351,10.031226592567876,10.296955108642578,20000,0.0,0.0
2024-07-29 00:00:00-04:00,10.458288758346109,10.553191013165616,10.059696934938792,10.1545991897583,13300,0.0,0.0
2024-07-30 00:00:00-04:00,10.173580748099903,10.183070340563726,9.756007907527303,10.107148170471191,34500,0.0,0.0
2024-07-31 00:00:00-04:00,10.040716963653814,10.202051808850026,9.803459944843349,10.116639137268066,40300,0.0,0.0
2024-08-01 00:00:00-04:00,10.135619571164446,10.154599660983678,9.812949898664657,9.926833152770996,11100,0.0,0.0
2024-08-02 00:00:00-04:00,9.926832995001684,10.135619410076844,9.632633914438335,9.765498161315918,13300,0.0,0.0
2024-08-05 00:00:00-04:00,9.480789422300548,9.60416316986084,9.319454591265059,9.60416316986084,13800,0.0,0.0
2024-08-06 00:00:00-04:00,9.604163232946181,9.746517975710946,9.452318898048,9.585183143615723,25700,0.0,0.0
2024-08-07 00:00:00-04:00,9.7275377203911,9.774989304917941,9.59467346472868,9.680086135864258,5300,0.0,0.0
2024-08-08 00:00:00-04:00,9.632634162902832,9.774988910742923,9.518750907668954,9.632634162902832,26000,0.0,0.0
2024-08-09 00:00:00-04:00,9.623144227340267,9.68008540039527,9.480789484575503,9.585183143615723,4100,0.0,0.0
2024-08-12 00:00:00-04:00,9.442828569597623,9.727537155151367,9.442828569597623,9.727537155151367,11500,0.0,0.0
2024-08-13 00:00:00-04:00,9.765498645954956,9.898362899426283,9.680085976227938,9.75600814819336,5500,0.0,0.0
2024-08-14 00:00:00-04:00,9.68957599311834,9.841420329513497,9.68957599311834,9.765498161315918,9200,0.0,0.0
2024-08-15 00:00:00-04:00,9.812949728000872,9.812949728000872,9.699066475875155,9.784479141235352,7800,0.0,0.0
2024-08-16 00:00:00-04:00,9.746518845897434,9.879382198263805,9.642125177536762,9.86040210723877,50000,0.0,0.0
2024-08-19 00:00:00-04:00,9.879380963891979,10.258992692663167,9.831929384662631,10.230521202087402,59100,0.0,0.0
2024-08-20 00:00:00-04:00,10.230521923137475,10.287464003238705,9.99326491533239,10.107148170471191,12200,0.0,0.0
2024-08-21 00:00:00-04:00,10.050206582453148,10.334915161132812,10.012245498966768,10.334915161132812,5900,0.0,0.0
2024-08-22 00:00:00-04:00,10.33491606520682,10.33491606520682,10.040716963653814,10.116639137268066,7200,0.0,0.0
2024-08-23 00:00:00-04:00,9.926833462387297,10.287464230837214,9.822440702466405,10.012246131896973,14400,0.0,0.0
2024-08-26 00:00:00-04:00,10.088167737735583,10.088167737735583,9.974284486465951,10.059697151184082,2700,0.0,0.0
2024-08-27 00:00:00-04:00,10.116638481536247,10.164090063235404,9.98377513885498,9.98377513885498,4700,0.0,0.0
2024-08-28 00:00:00-04:00,9.869890823278345,9.983774979564766,9.822440147399902,9.822440147399902,3100,0.0,0.0
2024-08-29 00:00:00-04:00,9.784479311403985,10.012245819616664,9.73702772926043,9.926833152770996,3700,0.0,0.0
2024-08-30 00:00:00-04:00,10.211542059064987,10.211542059064987,10.012246131896973,10.012246131896973,1200,0.0,0.0
2024-09-03 00:00:00-04:00,9.964793921278002,9.974284418418296,9.774988503790192,9.84142017364502,16400,0.0,0.0
2024-09-04 00:00:00-04:00,9.756007756718791,9.945813179016113,9.746518164401659,9.945813179016113,36700,0.0,0.0
2024-09-05 00:00:00-04:00,9.955303487961347,9.955303487961347,9.699066398975969,9.822440147399902,3000,0.0,0.0
2024-09-06 00:00:00-04:00,9.708555991113482,9.945812990760206,9.708555991113482,9.822440147399902,5100,0.0,0.0
2024-09-09 00:00:00-04:00,9.869890760002285,9.869890760002285,9.746517917432927,9.84142017364502,1700,0.0,0.0
2024-09-10 00:00:00-04:00,9.831929739537413,9.831929739537413,9.822440147399902,9.822440147399902,600,0.0,0.0
2024-09-11 00:00:00-04:00,9.708556175231934,9.708556175231934,9.708556175231934,9.708556175231934,200,0.0,0.0
2024-09-12 00:00:00-04:00,9.831929910993495,9.8888719901297,9.727537155151367,9.727537155151367,1900,0.0,0.0
2024-09-13 00:00:00-04:00,9.793969059948944,9.879381728156538,9.727537386926889,9.850911140441895,8100,0.0,0.0
2024-09-16 00:00:00-04:00,9.803458683856052,9.90785143288202,9.737027016754396,9.812949180603027,24300,0.0,0.0
2024-09-17 00:00:00-04:00,9.860400608191021,9.917341777673236,9.78447844550569,9.888871192932129,13900,0.0,0.0
2024-09-18 00:00:00-04:00,9.784479404095858,9.879381664218359,9.737027821502778,9.869891166687012,19900,0.0,0.0
2024-09-19 00:00:00-04:00,9.841419614987903,10.021735430163247,9.841419614987903,9.888871192932129,22300,0.0,0.0
2024-09-20 00:00:00-04:00,9.737027884519659,9.850911140441895,9.737027884519659,9.850911140441895,10700,0.0,0.0
2024-09-23 00:00:00-04:00,9.76549745230257,9.964793355617463,9.756006955701011,9.888871192932129,10000,0.0,0.0
2024-09-24 00:00:00-04:00,9.974284563690556,10.097658313120437,9.77498864615977,10.021736145019531,42900,0.0,0.0
2024-09-25 00:00:00-04:00,10.040716561352482,10.183070404909591,10.040716561352482,10.088168144226074,16500,0.0,0.0
2024-09-26 00:00:00-04:00,10.069186210632324,10.088167204038253,10.002754543838734,10.069186210632324,47900,0.0,0.0
2024-09-27 00:00:00-04:00,10.116638961614722,10.211542129516602,10.04071678931869,10.211542129516602,4100,0.0,0.0
2024-09-30 00:00:00-04:00,10.296953915329564,10.296953915329564,10.107147595826067,10.173580169677734,11600,0.0,0.0
2024-10-01 00:00:00-04:00,10.268482006358795,10.268482006358795,9.888871192932129,9.888871192932129,5000,0.0,0.0
2024-10-02 00:00:00-04:00,9.869890606076295,9.9932643517852,9.850910517155329,9.917342185974121,5900,0.0,0.0
2024-10-03 00:00:00-04:00,9.964794411836534,9.964794411836534,9.822440567978623,9.831930160522461,2800,0.0,0.0
2024-10-04 00:00:00-04:00,10.07867723638528,10.07867723638528,9.822440147399902,9.822440147399902,10500,0.0,0.0
2024-10-07 00:00:00-04:00,9.82244023999592,9.82244023999592,9.68957599311834,9.765498161315918,10600,0.0,0.0
2024-10-08 00:00:00-04:00,9.727537544444232,9.774989128112793,9.689576458522119,9.774989128112793,900,0.0,0.0
2024-10-09 00:00:00-04:00,9.68008540457369,9.831929739537413,9.68008540457369,9.822440147399902,11000,0.0,0.0
2024-10-10 00:00:00-04:00,9.831929910993495,9.831929910993495,9.718046657784726,9.727537155151367,6400,0.0,0.0
2024-10-11 00:00:00-04:00,9.680085481322383,9.831929817490007,9.680085481322383,9.784479141235352,6000,0.0,0.0
2024-10-14 00:00:00-04:00,9.803459245414707,9.841420329513497,9.737027574507735,9.765498161315918,8000,0.0,0.0
2024-10-15 00:00:00-04:00,9.680085651543545,9.774988815848968,9.632634069390832,9.689576148986816,7700,0.0,0.0
2024-10-16 00:00:00-04:00,9.689575901774829,9.822440147399902,9.689575901774829,9.822440147399902,7400,0.0,0.0
2024-10-17 00:00:00-04:00,9.774988643958967,9.850910812042779,9.746518057193445,9.784479141235352,25700,0.0,0.0
2024-10-18 00:00:00-04:00,9.784479078113778,9.822440161910789,9.62314424571057,9.803459167480469,12700,0.0,0.0
2024-10-21 00:00:00-04:00,9.831930548636882,9.89836312944817,9.680086201177424,9.879382133483887,25300,0.0,0.0
2024-10-22 00:00:00-04:00,9.831929739537413,9.850910733939694,9.77498856645783,9.822440147399902,14700,0.0,0.0
2024-10-23 00:00:00-04:00,9.82244064741067,9.850911235399755,9.79396915435791,9.79396915435791,13300,0.0,0.0
2024-10-24 00:00:00-04:00,9.77498856645783,9.879381320479485,9.77498856645783,9.822440147399902,23200,0.0,0.0
2024-10-25 00:00:00-04:00,9.803459090147458,9.945812926997409,9.803459090147458,9.84142017364502,28800,0.0,0.0
2024-10-28 00:00:00-04:00,9.917341883639214,10.135618782489496,9.803458638394382,10.069186210632324,84800,0.0,0.0
2024-10-29 00:00:00-04:00,10.088168080479887,10.173580748099903,10.031226000378657,10.107148170471191,25600,0.0,0.0
2024-10-30 00:00:00-04:00,10.050207445740506,10.1356201171875,10.031226449835085,10.1356201171875,42000,0.0,0.0
2024-10-31 00:00:00-04:00,10.154599737866855,10.16409023538015,10.078677567887802,10.126129150390625,14400,0.0,0.0
2024-11-01 00:00:00-04:00,10.221032236129696,10.221032236129696,10.069186992285527,10.164090156555176,26500,0.0,0.0
2024-11-04 00:00:00-05:00,10.088167506913882,10.353895087129727,10.059696921013801,10.173580169677734,19400,0.0,0.0
2024-11-05 00:00:00-05:00,10.18306970966194,10.534210855914202,10.126128538152212,10.429817199707031,16600,0.0,0.0
2024-11-06 00:00:00-05:00,10.581662696057135,11.151079904257465,10.581662696057135,10.809430122375488,141400,0.0,0.0
2024-11-07 00:00:00-05:00,10.69554617895727,11.435787778310598,10.657584189441241,11.369355201721191,97500,0.0,0.0
2024-11-08 00:00:00-05:00,11.397826450937032,12.67901370269689,11.397826450937032,12.47022819519043,269300,0.0,0.0
2024-11-11 00:00:00-05:00,12.280422505535578,12.498699426544702,12.052655991923713,12.38481616973877,160600,0.0,0.0
2024-11-12 00:00:00-05:00,12.384815540549058,12.384815540549058,12.100106960466531,12.213990211486816,7900,0.0,0.0
2024-11-13 00:00:00-05:00,12.204499788875761,12.223480783360268,11.815398452579686,11.938772201538086,29100,0.0,0.0
2024-11-14 00:00:00-05:00,11.862850441564337,11.995714692332777,11.635083930301581,11.729986190795898,25100,0.0,0.0
2024-11-15 00:00:00-05:00,11.559162334768924,11.597123421867357,11.141589471622463,11.227002143859863,59500,0.0,0.0
2024-11-18 00:00:00-05:00,11.13209801356717,11.312413840532347,11.018214762092986,11.24598217010498,73800,0.0,0.0
2024-11-19 00:00:00-05:00,11.198530517085501,11.682535011537816,10.913821937698046,11.521200180053711,42200,0.0,0.0
2024-11-20 00:00:00-05:00,11.397826679007267,11.587632101021882,11.302923515468137,11.388336181640625,23200,0.0,0.0
2024-11-21 00:00:00-05:00,11.321904264988854,11.559161263634463,11.321904264988854,11.521200180053711,3300,0.0,0.0
2024-11-22 00:00:00-05:00,11.540180115240101,11.692024447535848,11.45476745205784,11.597122192382812,15700,0.0,0.0
2024-11-25 00:00:00-05:00,11.578141855038677,11.872340944346684,11.445278509275553,11.492729187011719,21400,0.0,0.0
2024-11-26 00:00:00-05:00,11.502220070724691,11.559162153008817,11.227001967322753,11.321905136108398,10900,0.0,0.0
2024-11-27 00:00:00-05:00,11.359865500291466,11.359865500291466,11.008725246213785,11.20802116394043,18900,0.0,0.0
2024-11-29 00:00:00-05:00,11.274453163146973,11.483239584241451,11.245982575517981,11.274453163146973,9100,0.0,0.0
2024-12-02 00:00:00-05:00,11.179549672076883,11.255471840252401,11.037195833013696,11.20802116394043,7600,0.0,0.0
2024-12-03 00:00:00-05:00,11.198530600176474,11.208021097407986,10.923312515908046,10.989744186401367,35100,0.0,0.0
2024-12-04 00:00:00-05:00,10.809429804002896,11.227001747337582,10.591152882098372,10.961274147033691,42000,0.0,0.0
2024-12-05 00:00:00-05:00,10.980253369091079,11.236491356490674,10.980253369091079,11.160569190979004,10700,0.0,0.0
2024-12-06 00:00:00-05:00,11.208021480901019,11.777437758320385,11.084647727860908,11.748967170715332,38000,0.0,0.0
2024-12-09 00:00:00-05:00,11.540180827640835,11.862850506220212,11.52120073746399,11.711006164550781,29300,0.0,0.0
2024-12-10 00:00:00-05:00,11.711006259586759,11.83438001446028,11.625593590438655,11.654064178466797,12500,0.0,0.0
2024-12-11 00:00:00-05:00,11.853358951545545,11.853358951545545,11.46425763445084,11.511709213256836,6100,0.0,0.0
2024-12-12 00:00:00-05:00,11.540180018537363,11.540180018537363,11.103627114313447,11.160569190979004,15700,0.0,0.0
2024-12-13 00:00:00-05:00,11.331393545156686,11.502218869099421,11.094136553042267,11.435787200927734,10900,0.0,0.0
2024-12-16 00:00:00-05:00,11.635083272875857,11.635083272875857,11.037195535796268,11.10362720489502,16900,0.0,0.0
2024-12-17 00:00:00-05:00,10.970764501662826,11.274453183763832,10.970764501662826,11.01821517944336,12400,0.0,0.0
2024-12-18 00:00:00-05:00,11.151079004350892,11.151079004350892,10.91382200425832,11.0087251663208,22600,0.0,0.0
2024-12-19 00:00:00-05:00,11.056176029350535,11.245982356686875,10.866370607077839,10.894841194152832,9600,0.0,0.0
2024-12-20 00:00:00-05:00,10.733506865804856,11.5212000178108,10.733506865804856,11.359865188598633,28700,0.0,0.0
2024-12-23 00:00:00-05:00,11.312413671016179,11.321904168096054,10.847390174865723,10.847390174865723,25300,0.0,0.0
2024-12-24 00:00:00-05:00,10.847390748293376,11.170060425557526,10.847390748293376,11.01821517944336,12000,0.0,0.0
2024-12-26 00:00:00-05:00,11.103628239005719,11.103628239005719,10.942293394685825,11.065667152404785,8700,0.0,0.0
2024-12-27 00:00:00-05:00,11.084646860721005,11.151078528290473,10.904331041513037,10.999234199523926,20400,0.0,0.0
2024-12-30 00:00:00-05:00,11.207727777840146,11.34476583573565,10.825980435873682,11.031537055969238,17800,0.353,0.0
2024-12-31 00:00:00-05:00,10.796615074263107,11.021748971031382,10.688942909240723,10.688942909240723,26100,0.0,0.0
2025-01-02 00:00:00-05:00,10.747672912186758,10.992383143522472,10.747672912186758,10.982595443725586,7000,0.0,0.0
2025-01-03 00:00:00-05:00,11.060902429558482,11.276247690355705,11.002171564433628,11.148998260498047,14500,0.0,0.0
2025-01-06 00:00:00-05:00,11.354554745635335,11.354554745635335,11.041325024727769,11.158785820007324,7900,0.0,0.0
2025-01-07 00:00:00-05:00,11.20772836029203,11.481803556830993,11.06090259552002,11.06090259552002,17100,0.0,0.0
2025-01-08 00:00:00-05:00,10.86513426927219,11.246881619527993,10.86513426927219,11.01196002960205,15700,0.0,0.0
2025-01-10 00:00:00-05:00,10.92386442056802,11.814609500477014,10.92386442056802,11.667783737182617,219600,0.0,0.0
2025-01-13 00:00:00-05:00,11.883128457151233,11.883128457151233,11.413284355743135,11.560111045837402,10200,0.0,0.0
2025-01-14 00:00:00-05:00,11.432861686859075,11.628629674614457,11.403495788574219,11.403495788574219,2500,0.0,0.0
2025-01-15 00:00:00-05:00,11.58947649314996,11.775455854820773,11.501380662123363,11.74609088897705,17100,0.0,0.0
2025-01-16 00:00:00-05:00,11.785244607821936,12.059319803307439,11.71672604232442,11.96143627166748,15200,0.0,0.0
2025-01-17 00:00:00-05:00,11.8341867939363,12.039743423117407,11.755879595533541,11.81460952758789,4200,0.0,0.0
2025-01-21 00:00:00-05:00,11.89291643987209,12.25508839064106,11.89291643987209,11.912493705749512,11600,0.0,0.0
2025-01-22 00:00:00-05:00,12.11805028478631,12.35297187346664,11.765667901765816,11.990800857543945,32600,0.0,0.0
2025-01-23 00:00:00-05:00,11.981011968309355,12.460643768310547,11.736301751962372,12.460643768310547,32800,0.0,0.0
2025-01-24 00:00:00-05:00,12.460643662218729,12.87175689686101,12.431278697885817,12.695566177368164,32100,0.0,0.0
2025-01-27 00:00:00-05:00,12.548740266930006,12.695566964690865,12.392125869448108,12.558528900146484,11700,0.0,0.0
2025-01-28 00:00:00-05:00,12.65641341292968,12.65641341292968,12.274665117509963,12.48022174835205,2800,0.0,0.0
2025-01-29 00:00:00-05:00,12.490009504882147,12.65641252452599,12.411702311343324,12.548739433288574,15600,0.0,0.0
2025-01-30 00:00:00-05:00,12.72493122713015,12.72493122713015,12.499798276574097,12.538951873779297,2600,0.0,0.0
2025-01-31 00:00:00-05:00,11.667783084579396,12.382336461772317,11.667783084579396,12.245299339294434,16200,0.0,0.0
2025-02-03 00:00:00-05:00,12.46064448184545,12.587893913652021,12.421490882327692,12.48022174835205,22400,0.0,0.0
2025-02-04 00:00:00-05:00,12.352971449441517,12.578105330987167,12.352971449441517,12.548739433288574,12100,0.0,0.0
2025-02-05 00:00:00-05:00,12.685778404900697,12.685778404900697,12.431279540771833,12.627047538757324,6100,0.0,0.0
2025-02-06 00:00:00-05:00,12.715142800896555,12.852180860087385,12.627046972380693,12.822815895080566,24400,0.0,0.0
2025-02-07 00:00:00-05:00,12.842391884182517,13.155620658542091,12.490009513027996,12.999006271362305,23200,0.0,0.0
2025-02-10 00:00:00-05:00,13.165409586748861,13.165409586748861,12.783662242799696,13.126255989074707,18200,0.0,0.0
2025-02-11 00:00:00-05:00,13.116467605386607,13.556946754455566,13.106679905903734,13.556946754455566,40300,0.0,0.0
2025-02-12 00:00:00-05:00,13.50800428873728,15.729972594017259,13.057737447996193,15.074149131774902,540000,0.0,0.0
2025-02-13 00:00:00-05:00,15.51462806249028,16.35642993568855,14.878380941010718,15.240551948547363,375800,0.0,0.0
2025-02-14 00:00:00-05:00,15.749549690000997,15.759338322704057,14.819651053604385,15.16224479675293,186400,0.0,0.0
2025-02-18 00:00:00-05:00,15.367802139429976,15.710395898705018,15.034996079823326,15.181822776794434,93300,0.0,0.0
2025-02-19 00:00:00-05:00,15.132879884932862,15.485262262013814,14.692401680207825,14.858804702758789,71300,0.0,0.0
2025-02-20 00:00:00-05:00,14.780497709305616,15.172033689176523,14.780497709305616,15.142668724060059,93600,0.0,0.0
2025-02-21 00:00:00-05:00,15.17203425788154,15.181822891119081,13.341601849756577,13.752715110778809,165700,0.0,0.0
2025-02-24 00:00:00-05:00,13.86038725812817,14.897959042590507,13.517793496712683,14.800074577331543,127200,0.0,0.0
2025-02-25 00:00:00-05:00,15.005630616922302,15.338436665508224,14.28128858970318,14.545575141906738,87600,0.0,0.0
2025-02-26 00:00:00-05:00,14.83922735207125,15.152456129900068,14.437902747104225,15.015419006347656,51900,0.0,0.0
2025-02-27 00:00:00-05:00,15.064361277296218,15.250340631264885,14.398749189101295,14.486845016479492,41000,0.0,0.0
2025-02-28 00:00:00-05:00,14.64345969273122,15.064361572453649,13.37096635415989,14.388960838317871,185500,0.0,0.0
2025-03-03 00:00:00-05:00,14.41832556327508,14.878381033434229,13.850597933502256,13.958271026611328,112800,0.0,0.0
2025-03-04 00:00:00-05:00,14.075732471136462,14.643460127213979,13.508004815058943,14.281289100646973,71500,0.0,0.0
2025-03-05 00:00:00-05:00,14.310653686523438,14.897958593377536,14.242135123005445,14.310653686523438,86200,0.0,0.0
2025-03-06 00:00:00-05:00,14.291077398996846,14.653248417078185,14.026789910034687,14.232346534729004,70500,0.0,0.0
2025-03-07 00:00:00-05:00,14.281288756638727,15.857223189423287,14.261711490730521,14.682613372802734,255700,0.0,0.0
2025-03-10 00:00:00-04:00,14.92732377929851,15.054573208780834,13.821233446255627,14.144250869750977,125100,0.0,0.0
2025-03-11 00:00:00-04:00,13.977848075418752,14.447692202409407,12.979430822493706,13.527581214904785,313300,0.0,0.0
2025-03-12 00:00:00-04:00,13.782079279097616,14.379171869587864,13.674407120204572,14.340018272399902,64800,0.0,0.0
2025-03-13 00:00:00-04:00,14.28128888630786,14.71197847174927,13.811444768694535,14.22255802154541,80200,0.0,0.0
2025-03-14 00:00:00-04:00,14.232346366745576,14.82943896786,14.193192768860948,14.770709037780762,132000,0.0,0.0
2025-03-17 00:00:00-04:00,14.75113171705797,15.162244960060503,14.692401787197838,15.074149131774902,209600,0.0,0.0
2025-03-18 00:00:00-04:00,15.191610738007162,15.230764335435206,14.359595625791997,15.083937644958496,163900,0.0,0.0
2025-03-19 00:00:00-04:00,14.87838139458236,15.152456583385144,14.565152607379181,14.829439163208008,76700,0.0,0.0
2025-03-20 00:00:00-04:00,14.545575688633459,14.897959016143831,14.4476921570437,14.65324878692627,35900,0.0,0.0
2025-03-21 00:00:00-04:00,14.555363731020053,14.721766754813116,14.447691570593237,14.623882293701172,20900,0.0,0.0
2025-03-24 00:00:00-04:00,14.878381485856103,14.878381485856103,14.516210465056776,14.67282485961914,38100,0.0,0.0
2025-03-25 00:00:00-04:00,14.741344357361745,14.839227887215511,14.574941329765375,14.67282485961914,67800,0.0,0.0
2025-03-26 00:00:00-04:00,14.682613037040648,14.751131599161644,14.222557567167996,14.633670806884766,27500,0.0,0.0
2025-03-27 00:00:00-04:00,14.829438630220164,14.829438630220164,14.535787119519082,14.721766471862793,43500,0.0,0.0
2025-03-28 00:00:00-04:00,14.682613003155824,14.74134386590642,14.437902786436561,14.486845016479492,31700,0.0,0.0
2025-03-31 00:00:00-04:00,14.281288230902312,14.398749021541205,13.772290537971726,14.124673843383789,75500,0.0,0.0
2025-04-01 00:00:00-04:00,14.095308194713017,14.183404022622975,13.811444378945037,13.879963874816895,34100,0.0,0.0
2025-04-02 00:00:00-04:00,13.938693880607484,14.095308271749865,13.89954028282189,13.948482513427734,41600,0.0,0.0
2025-04-03 00:00:00-04:00,13.625465376376392,13.625465376376392,13.00879549854739,13.028372764587402,130100,0.0,0.0
2025-04-04 00:00:00-04:00,12.832603683729499,12.832603683729499,10.96301774019824,11.990800857543945,235800,0.0,0.0
2025-04-07 00:00:00-04:00,11.344766474228745,12.558528997630575,11.344766474228745,12.176780700683594,108100,0.0,0.0
2025-04-08 00:00:00-04:00,12.274664500425413,12.675989108680481,11.657994638901013,11.85376262664795,103200,0.0,0.0
2025-04-09 00:00:00-04:00,11.834186371834528,13.067526102930401,11.657994714965003,13.047948837280273,225700,0.0,0.0
2025-04-10 00:00:00-04:00,12.705353993755708,12.999006440281446,11.892916149581579,12.23551082611084,108400,0.0,0.0
2025-04-11 00:00:00-04:00,12.392125823611684,12.901123547040592,12.010378464535442,12.861969947814941,58300,0.0,0.0
2025-04-14 00:00:00-04:00,12.734719927801894,12.940276547600606,12.656412732973374,12.832603454589844,14600,0.0,0.0
2025-04-15 00:00:00-04:00,13.008795569869351,13.008795569869351,12.666200880254234,12.871757507324219,20000,0.0,0.0
2025-04-16 00:00:00-04:00,12.84239222725331,12.999006618616884,12.74450869939878,12.822815895080566,9200,0.0,0.0
2025-04-17 00:00:00-04:00,12.950064826719931,13.341601751890444,12.950064826719931,13.312236785888672,10300,0.0,0.0
2025-04-21 00:00:00-04:00,13.341601778556651,13.508004808725012,12.871757654112034,13.459062576293945,28100,0.0,0.0
2025-04-22 00:00:00-04:00,13.6450415611419,13.762503289118982,13.31223644352488,13.713561058044434,11800,0.0,0.0
2025-04-23 00:00:00-04:00,14.144250175075912,14.242134634022682,13.801656435752987,14.124673843383789,17100,0.0,0.0
2025-04-24 00:00:00-04:00,14.15403916327354,14.731555431879062,14.134461897594177,14.545575141906738,39300,0.0,0.0
2025-04-25 00:00:00-04:00,14.51621001460789,14.80986246204778,14.437902819756637,14.633670806884766,12600,0.0,0.0
2025-04-28 00:00:00-04:00,14.907746253346135,14.907746253346135,14.36938451256642,14.614094734191895,15400,0.0,0.0
2025-04-29 00:00:00-04:00,14.68261358681903,14.780498050795996,14.56515279014393,14.741344451904297,19100,0.0,0.0
2025-04-30 00:00:00-04:00,14.574940710482128,14.574940710482128,14.193192439835121,14.271499633789062,37300,0.0,0.0
2025-05-01 00:00:00-04:00,14.486845466582269,14.633671227777509,14.222557976236326,14.300865173339844,16300,0.0,0.0
2025-05-02 00:00:00-04:00,14.702190897679323,14.702190897679323,14.242135409182577,14.43790340423584,12000,0.0,0.0
2025-05-05 00:00:00-04:00,14.535787895907129,14.594517827786085,14.300865367904997,14.584729194641113,8100,0.0,0.0
2025-05-06 00:00:00-04:00,14.614094264523118,14.614094264523118,14.232345994997681,14.349806785583496,13700,0.0,0.0
2025-05-07 00:00:00-04:00,14.369384625648745,14.437903189524565,14.300865128277506,14.379172325134277,13000,0.0,0.0
2025-05-08 00:00:00-04:00,14.525999235383667,14.525999235383667,14.242135409182577,14.43790340423584,6000,0.0,0.0
2025-05-09 00:00:00-04:00,14.330230712188747,14.878381078135765,14.330230712188747,14.780497550964355,37400,0.0,0.0
2025-05-12 00:00:00-04:00,15.064361158818816,15.123091087612123,14.82943864315943,14.946900367736816,28100,0.0,0.0
2025-05-13 00:00:00-04:00,14.878380991794877,15.083937611205991,14.731555235142109,14.937111854553223,33700,0.0,0.0
2025-05-14 00:00:00-04:00,15.074149376444073,15.406955429371285,15.074149376444073,15.279706001281738,40100,0.0,0.0
2025-05-15 00:00:00-04:00,15.07414885066781,15.289494100961747,14.995841656650994,15.172033309936523,35200,0.0,0.0
2025-05-16 00:00:00-04:00,15.123091911306902,15.289494941110227,15.044784712987154,15.181822776794434,26400,0.0,0.0
2025-05-19 00:00:00-04:00,15.07414898213492,16.05298984937733,15.07414898213492,15.837645530700684,108900,0.0,0.0
2025-05-20 00:00:00-04:00,16.532622599636966,16.74796879767019,15.80828054032272,16.287912368774414,149100,0.0,0.0
2025-05-21 00:00:00-04:00,15.964894491377638,16.22918198138165,15.220976119856681,15.426532745361328,110000,0.0,0.0
2025-05-22 00:00:00-04:00,15.35801298953467,15.75933853428979,14.839227584747386,15.4461088180542,42900,0.0,0.0
2025-05-23 00:00:00-04:00,15.20139868544002,15.455897539625273,15.113302856414709,15.289494514465332,28400,0.0,0.0
2025-05-27 00:00:00-04:00,15.06436147246345,15.543993279408209,14.966477011109438,15.4461088180542,42900,0.0,0.0
2025-05-28 00:00:00-04:00,15.455897331237793,15.563569491097343,14.878381067409828,15.455897331237793,22200,0.0,0.0
2025-05-29 00:00:00-04:00,15.514628479609408,15.534204811991426,15.269918257113963,15.358013153076172,9200,0.0,0.0
2025-05-30 00:00:00-04:00,15.397166555303631,15.406955188117724,15.093726406030019,15.299283027648926,13000,0.0,0.0
2025-06-02 00:00:00-04:00,15.10351483348586,15.191610660624065,14.682612963156839,15.015419006347656,69800,0.0,0.0
2025-06-03 00:00:00-04:00,15.064361145674573,15.064361145674573,14.653247910498592,14.721766471862793,30900,0.0,0.0
2025-06-04 00:00:00-04:00,14.741344552297218,15.064361978727446,14.721767285970325,14.95668888092041,116700,0.0,0.0
2025-06-05 00:00:00-04:00,14.937111800086408,14.956688131937542,14.7413438140981,14.790285110473633,17300,0.0,0.0
2025-06-06 00:00:00-04:00,14.711978745297564,14.819651843781514,14.663036512668082,14.800074577331543,14800,0.0,0.0
2025-06-09 00:00:00-04:00,14.702190807388138,14.917535133876509,14.535787779240945,14.81965160369873,9400,0.0,0.0
2025-06-10 00:00:00-04:00,14.849016809147264,15.152456971141625,14.849016809147264,15.025208473205566,18200,0.0,0.0
2025-06-11 00:00:00-04:00,15.05457260357626,15.142668430714462,14.623882100566238,15.015419006347656,18600,0.0,0.0
2025-06-12 00:00:00-04:00,15.064362072607917,15.162245604366074,14.927324007951967,15.025208473205566,13800,0.0,0.0
2025-06-13 00:00:00-04:00,14.780497626853863,15.074149143371228,14.780497626853863,14.849016189575195,12400,0.0,0.0
2025-06-16 00:00:00-04:00,14.84901638432686,15.044784375737827,14.711978323591476,14.907746315002441,8700,0.0,0.0
2025-06-17 00:00:00-04:00,14.907746163629255,15.025207890778546,14.702190474856515,14.770709037780762,8000,0.0,0.0
2025-06-18 00:00:00-04:00,14.878381078135765,14.966476906036815,14.653248125495661,14.780497550964355,17700,0.0,0.0
2025-06-20 00:00:00-04:00,14.77070906918041,15.093726485789114,14.73155547121255,14.917534828186035,48600,0.0,0.0
2025-06-23 00:00:00-04:00,14.829439365817631,14.829439365817631,14.212770415959886,14.291077613830566,297200,0.0,0.0
2025-06-24 00:00:00-04:00,14.39874938329314,14.760920396902701,14.19319276113686,14.545575141906738,213100,0.0,0.0
2025-06-25 00:00:00-04:00,14.545574825807105,14.672824249471404,14.388960437757317,14.496633529663086,18200,0.0,0.0
2025-06-26 00:00:00-04:00,14.516210215641612,14.976265691885532,14.506421582775795,14.917534828186035,53100,0.0,0.0
2025-06-27 00:00:00-04:00,14.927323298083259,15.11330265302632,14.849016103002453,15.005630493164062,29600,0.0,0.0
2025-06-30 00:00:00-04:00,15.044784594166526,15.27970618727041,15.00563099531588,15.191611289978027,15400,0.0,0.0
2025-07-01 00:00:00-04:00,15.377590772593805,15.377590772593805,15.123091911306902,15.181822776794434,8800,0.0,0.0
2025-07-02 00:00:00-04:00,15.181821942562472,15.250340503953339,15.0545725189113,15.172033309936523,19000,0.0,0.0
2025-07-03 00:00:00-04:00,15.269917858237903,15.514628074341104,15.269917858237903,15.465685844421387,17200,0.0,0.0
2025-07-07 00:00:00-04:00,15.40695581279912,15.455898045358559,15.074149751589474,15.250341415405273,30200,0.0,0.0
2025-07-08 00:00:00-04:00,15.074148885106334,15.465685789580307,15.074148885106334,15.318859100341797,8800,0.0,0.0
2025-07-09 00:00:00-04:00,15.21118727444238,15.387378931984644,15.172033676488034,15.367801666259766,23800,0.0,0.0
2025-07-10 00:00:00-04:00,15.367801513770825,15.367801513770825,14.946900573311897,15.230764389038086,135900,0.0,0.0
2025-07-11 00:00:00-04:00,15.162245056305897,15.387378944853227,15.034995629474,15.142668724060059,53000,0.0,0.0
2025-07-14 00:00:00-04:00,14.907745989784603,15.318859229526756,13.948482386049843,15.083937644958496,53700,0.0,0.0
2025-07-15 00:00:00-04:00,15.113302575837466,15.113302575837466,14.858804659872359,14.937111854553223,8800,0.0,0.0
2025-07-16 00:00:00-04:00,15.005630450102409,15.083937644958496,14.682613037947203,15.083937644958496,8900,0.0,0.0
2025-07-17 00:00:00-04:00,14.878381194340292,15.279705805916956,14.878381194340292,15.220975875854492,19100,0.0,0.0
2025-07-18 00:00:00-04:00,15.250340797073871,15.358012957542668,15.064361441083149,15.299283027648926,14600,0.0,0.0
2025-07-21 00:00:00-04:00,15.29928319810703,15.495051189093008,15.181822403515442,15.436321258544922,32100,0.0,0.0
2025-07-22 00:00:00-04:00,15.504840062863734,15.504840062863734,15.299283435761547,15.416744232177734,14800,0.0,0.0
2025-07-23 00:00:00-04:00,15.436321170240925,15.641876859478753,15.348225341427336,15.592935562133789,10000,0.0,0.0
2025-07-24 00:00:00-04:00,15.592935921861946,15.632089520738434,15.37759066129355,15.563570022583008,5600,0.0,0.0
2025-07-25 00:00:00-04:00,15.57335834071861,15.57335834071861,15.406955315485034,15.514628410339355,8300,0.0,0.0
2025-07-28 00:00:00-04:00,15.43632103322477,15.46568599807018,15.074149088317975,15.152456283569336,26100,0.0,0.0
2025-07-29 00:00:00-04:00,15.093726200804861,15.377590014086078,14.927323179209452,15.015419006347656,20600,0.0,0.0
2025-07-30 00:00:00-04:00,15.015419082833269,15.172033472545442,14.800073830231332,15.083937644958496,11300,0.0,0.0
2025-07-31 00:00:00-04:00,15.074148857954109,15.172033317270136,14.888169505448124,14.946900367736816,6500,0.0,0.0
2025-08-01 00:00:00-04:00,14.741344360893278,15.162245313006613,14.692402129206958,14.897958755493164,19200,0.0,0.0
2025-08-04 00:00:00-04:00,14.770708950753868,15.064361399906122,14.555363696909495,14.927323341369629,16800,0.0,0.0
2025-08-05 00:00:00-04:00,14.623882538232067,14.96647722435711,14.623882538232067,14.829439163208008,30300,0.0,0.0
2025-08-06 00:00:00-04:00,14.839228110446683,15.827857657863163,14.829439477265426,15.778916358947754,98600,0.0,0.0
2025-08-07 00:00:00-04:00,15.867010350167131,16.190029644716905,15.700609186779745,15.925742149353027,42900,0.0,0.0
2025-08-08 00:00:00-04:00,16.092144867893754,17.041619865775967,16.092144867893754,16.92416000366211,110400,0.0,0.0
2025-08-11 00:00:00-04:00,17.824691359803083,18.304325029411753,16.033412641050298,16.356430053710938,323100,0.0,0.0
2025-08-12 00:00:00-04:00,16.385795473984665,16.973100352688316,15.651664842352785,16.395584106445312,66600,0.0,0.0
2025-08-13 00:00:00-04:00,16.610928457239606,16.640294354688077,16.395584143589723,16.542409896850586,29800,0.0,0.0
2025-08-14 00:00:00-04:00,16.48368148665841,17.06119778738386,15.955106485862533,16.424951553344727,47000,0.0,0.0
2025-08-15 00:00:00-04:00,16.483680265723887,17.42336659710454,16.483680265723887,17.11992645263672,98600,0.0,0.0
2025-08-18 00:00:00-04:00,17.031830591075664,17.100349152559044,16.58156469161871,16.973100662231445,64800,0.0,0.0
2025-08-19 00:00:00-04:00,17.022042111897193,17.31569549274723,16.738179230765358,17.110137939453125,54000,0.0,0.0
2025-08-20 00:00:00-04:00,17.501673547386115,17.501673547386115,16.80669744119872,17.139503479003906,45700,0.0,0.0
2025-08-21 00:00:00-04:00,16.81648651096635,17.11013802631638,16.757756581294505,16.953523635864258,21200,0.0,0.0
2025-08-22 00:00:00-04:00,16.894793198269255,17.09056024695349,16.434738673521018,16.542409896850586,70800,0.0,0.0
2025-08-25 00:00:00-04:00,16.50325707653296,17.50167330938026,16.297699530335375,16.405372619628906,16600,0.0,0.0
2025-08-26 00:00:00-04:00,16.552198961919398,17.002466732943148,16.385795939344003,16.65987205505371,22400,0.0,0.0
2025-08-27 00:00:00-04:00,16.640295765118264,16.699025698002405,16.1312980348133,16.43474006652832,43400,0.0,0.0
2025-08-28 00:00:00-04:00,16.571776523647156,16.620717821224506,16.24875910546049,16.336854934692383,13900,0.0,0.0
2025-08-29 00:00:00-04:00,16.141085710835835,16.36621866269869,15.81806829864411,15.984471321105957,33600,0.0,0.0
2025-09-02 00:00:00-04:00,15.6614537750696,15.681031040366223,14.68261291412775,15.318859100341797,69700,0.0,0.0
2025-09-03 00:00:00-04:00,15.358012751898926,15.671242463287891,15.230764261001207,15.465685844421387,14200,0.0,0.0
2025-09-04 00:00:00-04:00,15.387379294386529,15.671243119614921,15.367802028200568,15.563570022583008,8800,0.0,0.0
2025-09-05 00:00:00-04:00,15.65166520097433,15.955105346244057,15.65166520097433,15.915952682495117,23900,0.0,0.0
2025-09-08 00:00:00-04:00,16.307488654938442,16.307488654938442,15.80827958995166,15.915952682495117,15900,0.0,0.0
2025-09-09 00:00:00-04:00,15.81806838473185,16.072567236175676,15.553781833998183,15.82785701751709,19500,0.0,0.0
2025-09-10 00:00:00-04:00,15.661453799779311,15.906164015400863,15.534204375636657,15.769126892089844,25500,0.0,0.0
2025-09-11 00:00:00-04:00,15.778915796124311,16.101933211620484,15.769127163292207,15.89637565612793,19800,0.0,0.0
2025-09-12 00:00:00-04:00,15.896375459977806,15.935529990823081,15.269917902379719,15.837645530700684,38600,0.0,0.0
2025-09-15 00:00:00-04:00,15.729972869047836,15.984471725545932,15.729972869047836,15.876798629760742,16900,0.0,0.0
2025-09-16 00:00:00-04:00,15.925741719359351,15.925741719359351,15.602723367026488,15.808279991149902,5200,0.0,0.0
2025-09-17 00:00:00-04:00,15.70060885250726,15.778916049430379,15.583147123627162,15.651665687561035,12000,0.0,0.0
2025-09-18 00:00:00-04:00,15.583146833194077,15.592935466000885,15.26991805133945,15.524415969848633,75100,0.0,0.0
2025-09-19 00:00:00-04:00,15.181821977246987,15.495050754029855,15.181821977246987,15.318859100341797,49800,0.0,0.0
2025-09-22 00:00:00-04:00,15.172034049632943,15.299283479488027,14.702190862625343,15.113303184509277,79300,0.0,0.0
2025-09-23 00:00:00-04:00,15.015418951460157,15.191610605092514,14.80986233338754,14.868592262268066,23900,0.0,0.0
2025-09-24 00:00:00-04:00,14.956688974129868,15.201399203768425,14.760920977118111,15.025208473205566,22200,0.0,0.0
2025-09-25 00:00:00-04:00,15.103514953762769,15.661453952087353,14.907746032565358,15.005630493164062,77100,0.0,0.0
2025-09-26 00:00:00-04:00,15.044783886285352,15.367801294978563,15.044783886285352,15.172033309936523,9300,0.0,0.0
2025-09-29 00:00:00-04:00,14.986054540294203,15.42653275714184,14.849016478687982,14.976265907287598,12300,0.0,0.0
2025-09-30 00:00:00-04:00,14.878381636566058,15.123091863922394,14.878381636566058,15.034996032714844,9800,0.0,0.0
2025-10-01 00:00:00-04:00,15.132879789602542,15.299282811105243,14.946900436244142,15.240551948547363,25500,0.0,0.0
2025-10-02 00:00:00-04:00,15.387378855984945,15.504839649267833,15.181822234366038,15.299283027648926,10100,0.0,0.0
2025-10-03 00:00:00-04:00,15.318859934018683,15.397167132476003,15.201399136332704,15.328648567199707,14800,0.0,0.0
2025-10-06 00:00:00-04:00,15.328647983823215,15.436321077725795,14.995841936297792,15.074149131774902,16200,0.0,0.0
2025-10-07 00:00:00-04:00,14.986054332111694,15.54399333680159,14.888169870396263,15.142668724060059,9500,0.0,0.0
2025-10-08 00:00:00-04:00,14.976265561001474,15.172033549129877,14.976265561001474,15.152456283569336,1900,0.0,0.0
2025-10-09 00:00:00-04:00,15.00563096448331,15.162245359564096,14.447691948634144,14.81965160369873,131400,0.0,0.0
2025-10-10 00:00:00-04:00,14.70219101946887,15.29928364270136,14.525999355713685,14.65324878692627,36500,0.0,0.0
2025-10-13 00:00:00-04:00,14.751132206321312,15.034996032714844,14.663036375113762,15.034996032714844,10300,0.0,0.0
2025-10-14 00:00:00-04:00,14.672824953722248,14.976266045254498,14.623882721733764,14.741344451904297,12600,0.0,0.0
2025-10-15 00:00:00-04:00,14.741344479564058,15.054573271285383,14.741344479564058,14.88817024230957,22700,0.0,0.0
2025-10-16 00:00:00-04:00,14.93711250186957,15.367802091278728,14.594517810172528,15.034996032714844,56700,0.0,0.0
2025-10-17 00:00:00-04:00,15.172033558408971,15.46568600752887,15.172033558408971,15.37759017944336,30900,0.0,0.0
2025-10-20 00:00:00-04:00,15.729972976109918,15.729972976109918,15.358013321810766,15.495051383972168,31000,0.0,0.0
2025-10-21 00:00:00-04:00,15.681031818395844,15.681031818395844,15.181822730507863,15.260129928588867,12600,0.0,0.0
2025-10-22 00:00:00-04:00,15.524416395518717,15.54399366166913,15.279706169611133,15.416744232177734,10900,0.0,0.0
2025-10-23 00:00:00-04:00,15.416743865221719,15.416743865221719,15.083937816549732,15.220975875854492,7600,0.0,0.0
2025-10-24 00:00:00-04:00,15.387378900190487,15.397166599537293,15.172033645138834,15.220975875854492,12800,0.0,0.0
2025-10-27 00:00:00-04:00,15.289494565183878,15.455897590895812,15.260129599909835,15.436321258544922,4600,0.0,0.0
2025-10-28 00:00:00-04:00,15.367802212952933,15.514628910626492,15.220976448774817,15.475475311279297,49100,0.0,0.0
2025-10-29 00:00:00-04:00,15.583146833194077,15.583146833194077,15.485262372116804,15.524415969848633,12500,0.0,0.0
2025-10-30 00:00:00-04:00,15.592935554618814,15.592935554618814,14.672824602448562,15.367801666259766,13000,0.0,0.0
2025-10-31 00:00:00-04:00,15.43632082513076,15.43632082513076,15.269917804091016,15.318859100341797,11400,0.0,0.0
2025-11-03 00:00:00-05:00,15.436321175710944,15.436321175710944,15.064361528085875,15.142668724060059,9300,0.0,0.0
2025-11-04 00:00:00-05:00,15.015419534897948,15.446109119573064,14.9077464386076,15.123091697692871,12400,0.0,0.0
2025-11-05 00:00:00-05:00,15.299282733587695,15.299282733587695,14.849015901243312,15.172033309936523,9700,0.0,0.0
2025-11-06 00:00:00-05:00,15.172033933045252,15.367801926127397,15.12309170140086,15.348225593566895,9400,0.0,0.0
2025-11-07 00:00:00-05:00,15.299282908094918,15.30907154083252,15.025207725909898,15.30907154083252,4300,0.0,0.0
2025-11-10 00:00:00-05:00,15.358012794496435,15.446108621897196,14.976265453753665,15.387378692626953,6600,0.0,0.0
2025-11-11 00:00:00-05:00,15.416743777092986,15.485262339605983,15.309071616930364,15.37759017944336,5800,0.0,0.0
2025-11-12 00:00:00-05:00,15.211187769697244,15.622301028350853,15.211187769697244,15.55378246307373,22800,0.0,0.0
2025-11-13 00:00:00-05:00,15.563569700936535,15.563569700936535,15.20139868544002,15.289494514465332,24800,0.0,0.0
2025-11-14 00:00:00-05:00,14.94690063924615,15.162244960060503,14.76092034986646,15.074149131774902,10000,0.0,0.0
2025-11-17 00:00:00-05:00,15.034995757691648,15.034995757691648,14.545575311931557,14.682613372802734,31800,0.0,0.0
2025-11-18 00:00:00-05:00,14.682613372802734,14.682613372802734,14.506421713610568,14.682613372802734,16100,0.0,0.0
2025-11-19 00:00:00-05:00,14.8000741227992,14.995842113809358,14.604306131789041,14.760920524597168,81700,0.0,0.0
2025-11-20 00:00:00-05:00,14.927323505455194,14.976265736434458,14.75113184732801,14.839227676391602,24000,0.0,0.0
2025-11-21 00:00:00-05:00,15.132880289855345,15.495051309364403,14.878381432850464,15.426532745361328,84300,0.0,0.0
2025-11-24 00:00:00-05:00,15.749549660832857,15.915952682495117,15.66145383365926,15.915952682495117,71300,0.0,0.0
2025-11-25 00:00:00-05:00,16.522833871108215,16.591354303627057,16.150875143817498,16.44452667236328,101900,0.0,0.0
2025-11-26 00:00:00-05:00,16.49346999941246,16.640295765118264,16.297701067144118,16.43474006652832,60100,0.0,0.0
2025-11-28 00:00:00-05:00,15.857223799882924,16.278123831167797,15.847435166551987,16.131298065185547,40800,0.0,0.0
2025-12-01 00:00:00-05:00,16.346643927658565,16.464103791227718,16.141086365926242,16.3074893951416,74200,0.0,0.0
2025-12-02 00:00:00-05:00,16.376006722460474,16.55219837148962,16.26833550015767,16.405372619628906,38200,0.0,0.0
2025-12-03 00:00:00-05:00,16.366219206620773,16.415162371907204,16.26833661002962,16.317277908325195,44500,0.0,0.0
2025-12-04 00:00:00-05:00,16.22918204916917,16.356430544707695,16.10193355363065,16.170452117919922,18900,0.0,0.0
2025-12-05 00:00:00-05:00,16.229182773550562,16.415163075630325,15.857224036381973,16.11172103881836,13400,0.0,0.0
2025-12-08 00:00:00-05:00,16.248758353517086,16.415161371366608,16.101932600588857,16.395584106445312,16900,0.0,0.0
2025-12-09 00:00:00-05:00,16.395584776664194,16.601140465768275,16.248759017734024,16.49346923828125,39100,0.0,0.0
2025-12-10 00:00:00-05:00,16.49346926947863,16.865427983938016,16.39558480767643,16.640295028686523,29200,0.0,0.0
2025-12-11 00:00:00-05:00,16.875216661313964,17.30590717418481,16.855639395503736,17.237388610839844,134900,0.0,0.0
2025-12-12 00:00:00-05:00,17.159081653216063,17.4820990756136,17.031831290670787,17.217811584472656,108600,0.0,0.0
2025-12-15 00:00:00-05:00,17.237388297918713,17.71702009961724,16.855639089512742,17.110137939453125,158800,0.0,0.0
2025-12-16 00:00:00-05:00,16.933946769679224,17.129715695856785,16.816486907565366,16.92416000366211,30800,0.0,0.0
2025-12-17 00:00:00-05:00,16.767542880301985,17.188444743046457,16.552198566172823,16.68923568725586,142300,0.0,0.0
2025-12-18 00:00:00-05:00,16.68923665846558,16.933946884349186,16.29770067044998,16.46410369873047,40100,0.0,0.0
2025-12-19 00:00:00-05:00,16.747968456911064,16.816487021439936,16.248759372069603,16.46410369873047,70300,0.0,0.0
2025-12-22 00:00:00-05:00,16.542410361964162,16.973100868364156,16.180240284870486,16.806697845458984,20100,0.0,0.0
2025-12-23 00:00:00-05:00,16.92416033734151,16.92416033734151,16.561988376869643,16.747968673706055,19700,0.0,0.0
2025-12-24 00:00:00-05:00,16.62071782416856,16.93394660949707,16.54241062783643,16.93394660949707,1200,0.0,0.0
2025-12-26 00:00:00-05:00,16.973100919904482,17.550617185447233,16.973100919904482,17.403791427612305,17400,0.0,0.0
2025-12-29 00:00:00-05:00,17.08077342213575,18.0694010285875,17.08077342213575,17.902999877929688,112600,0.0,0.0
2025-12-30 00:00:00-05:00,18.1200008392334,18.1200008392334,17.709999084472656,17.979999542236328,9600,0.387,0.0
2025-12-31 00:00:00-05:00,17.81999969482422,18.0,17.469999313354492,17.700000762939453,14000,0.0,0.0
2026-01-02 00:00:00-05:00,18.0,18.110000610351562,17.6200008392334,18.020000457763672,10500,0.0,0.0
2026-01-05 00:00:00-05:00,18.1200008392334,18.1200008392334,17.709999084472656,17.809999465942383,14500,0.0,0.0
2026-01-06 00:00:00-05:00,17.56999969482422,17.899999618530273,17.329999923706055,17.65999984741211,33900,0.0,0.0
2026-01-07 00:00:00-05:00,17.969999313354492,18.1299991607666,17.459999084472656,18.0,17600,0.0,0.0
2026-01-08 00:00:00-05:00,17.950000762939453,17.950000762939453,17.610000610351562,17.700000762939453,32800,0.0,0.0
2026-01-09 00:00:00-05:00,17.6200008392334,17.969999313354492,17.450000762939453,17.8700008392334,26500,0.0,0.0
2026-01-12 00:00:00-05:00,17.950000762939453,18.100000381469727,17.350000381469727,17.979999542236328,10000,0.0,0.0
2026-01-13 00:00:00-05:00,17.59000015258789,18.06999969482422,17.559999465942383,17.690000534057617,21600,0.0,0.0
2026-01-14 00:00:00-05:00,17.75,18.0,17.030000686645508,17.639999389648438,19200,0.0,0.0
2026-01-15 00:00:00-05:00,17.5,17.889999389648438,17.5,17.700000762939453,7300,0.0,0.0
2026-01-16 00:00:00-05:00,17.8700008392334,17.940000534057617,17.399999618530273,17.600000381469727,56500,0.0,0.0
2026-01-20 00:00:00-05:00,17.600000381469727,17.920000076293945,17.0,17.799999237060547,22800,0.0,0.0
2026-01-21 00:00:00-05:00,17.760000228881836,18.40999984741211,17.760000228881836,18.34000015258789,24100,0.0,0.0
2026-01-22 00:00:00-05:00,18.489999771118164,18.84000015258789,18.239999771118164,18.809999465942383,19700,0.0,0.0
2026-01-23 00:00:00-05:00,18.40999984741211,18.760000228881836,18.34000015258789,18.530000686645508,11200,0.0,0.0
2026-01-26 00:00:00-05:00,18.700000762939453,19.18000030517578,18.5,19.18000030517578,17400,0.0,0.0
2026-01-27 00:00:00-05:00,19.229999542236328,19.479999542236328,18.5,18.719999313354492,75800,0.0,0.0
2026-01-28 00:00:00-05:00,18.790000915527344,19.1299991607666,18.719999313354492,19.040000915527344,23900,0.0,0.0
2026-01-29 00:00:00-05:00,18.8799991607666,19.329999923706055,18.68000030517578,19.290000915527344,16000,0.0,0.0
2026-01-30 00:00:00-05:00,19.209999084472656,19.229999542236328,19.0,19.1200008392334,30800,0.0,0.0
2026-02-02 00:00:00-05:00,19.209999084472656,19.3799991607666,18.25,18.979999542236328,64600,0.0,0.0
2026-02-03 00:00:00-05:00,19.239999771118164,19.280000686645508,18.8799991607666,19.229999542236328,17600,0.0,0.0
2026-02-04 00:00:00-05:00,19.260000228881836,19.5,19.1299991607666,19.420000076293945,24300,0.0,0.0
2026-02-05 00:00:00-05:00,19.200000762939453,19.489999771118164,19.100000381469727,19.139999389648438,19100,0.0,0.0
2026-02-06 00:00:00-05:00,19.229999542236328,19.25,18.510000228881836,19.209999084472656,24900,0.0,0.0
2026-02-09 00:00:00-05:00,19.360000610351562,19.8700008392334,19.209999084472656,19.709999084472656,9300,0.0,0.0
2026-02-10 00:00:00-05:00,19.709999084472656,19.760000228881836,19.399999618530273,19.530000686645508,32100,0.0,0.0
2026-02-11 00:00:00-05:00,19.690000534057617,19.809999465942383,19.59000015258789,19.770000457763672,7900,0.0,0.0
2026-02-12 00:00:00-05:00,19.670000076293945,19.979999542236328,19.5,19.829999923706055,23000,0.0,0.0
2026-02-13 00:00:00-05:00,19.81999969482422,19.8700008392334,19.639999389648438,19.739999771118164,25200,0.0,0.0
2026-02-17 00:00:00-05:00,19.940000534057617,19.940000534057617,19.290000915527344,19.59000015258789,55200,0.0,0.0
2026-02-18 00:00:00-05:00,19.3799991607666,19.780000686645508,19.3799991607666,19.6299991607666,7800,0.0,0.0
2026-02-19 00:00:00-05:00,19.510000228881836,19.670000076293945,19.350000381469727,19.5,18500,0.0,0.0
2026-02-20 00:00:00-05:00,19.59000015258789,19.65999984741211,19.459999084472656,19.5,7300,0.0,0.0
2026-02-23 00:00:00-05:00,19.68000030517578,19.719999313354492,19.40999984741211,19.690000534057617,4800,0.0,0.0
2026-02-24 00:00:00-05:00,19.65999984741211,19.65999984741211,19.360000610351562,19.610000610351562,23500,0.0,0.0
2026-02-25 00:00:00-05:00,19.65999984741211,19.979999542236328,19.5,19.729999542236328,9300,0.0,0.0
2026-02-26 00:00:00-05:00,19.75,19.889999389648438,19.299999237060547,19.6299991607666,17200,0.0,0.0
2026-02-27 00:00:00-05:00,19.399999618530273,19.739999771118164,19.229999542236328,19.530000686645508,16900,0.0,0.0
2026-03-02 00:00:00-05:00,19.420000076293945,19.540000915527344,19.010000228881836,19.489999771118164,19900,0.0,0.0
2026-03-03 00:00:00-05:00,19.049999237060547,19.049999237060547,18.100000381469727,18.559999465942383,47200,0.0,0.0
2026-03-04 00:00:00-05:00,19.34000015258789,19.34000015258789,18.709999084472656,18.940000534057617,4700,0.0,0.0
2026-03-05 00:00:00-05:00,18.829999923706055,19.059999465942383,18.200000762939453,18.600000381469727,14400,0.0,0.0
2026-03-06 00:00:00-05:00,18.639999389648438,18.65999984741211,18.0,18.06999969482422,41800,0.0,0.0
2026-03-09 00:00:00-04:00,18.0,18.459999084472656,17.389999389648438,18.299999237060547,94900,0.0,0.0
2026-03-10 00:00:00-04:00,18.280000686645508,18.479999542236328,17.90999984741211,18.360000610351562,16300,0.0,0.0
2026-03-11 00:00:00-04:00,18.3700008392334,18.56999969482422,17.899999618530273,18.3799991607666,3900,0.0,0.0
2026-03-12 00:00:00-04:00,18.350000381469727,18.40999984741211,17.90999984741211,17.979999542236328,10700,0.0,0.0
2026-03-13 00:00:00-04:00,18.010000228881836,18.399999618530273,17.34000015258789,17.899999618530273,17600,0.0,0.0
2026-03-16 00:00:00-04:00,17.739999771118164,18.200000762939453,17.56999969482422,17.56999969482422,15400,0.0,0.0
2026-03-17 00:00:00-04:00,17.600000381469727,18.3799991607666,17.600000381469727,17.989999771118164,44300,0.0,0.0
2026-03-18 00:00:00-04:00,17.920000076293945,18.299999237060547,17.420000076293945,17.850000381469727,20300,0.0,0.0
2026-03-19 00:00:00-04:00,17.3700008392334,17.93000030517578,17.110000610351562,17.670000076293945,45800,0.0,0.0
2026-03-20 00:00:00-04:00,17.56999969482422,17.6299991607666,17.0,17.1299991607666,16900,0.0,0.0
2026-03-23 00:00:00-04:00,17.420000076293945,17.770000457763672,17.049999237060547,17.469999313354492,37900,0.0,0.0
2026-03-24 00:00:00-04:00,17.510000228881836,17.579999923706055,17.059999465942383,17.149999618530273,27200,0.0,0.0
2026-03-25 00:00:00-04:00,17.15999984741211,17.770000457763672,17.15999984741211,17.690000534057617,18000,0.0,0.0
2026-03-26 00:00:00-04:00,17.670000076293945,17.84000015258789,17.09000015258789,17.549999237060547,38600,0.0,0.0
2026-03-27 00:00:00-04:00,17.489999771118164,17.6200008392334,17.149999618530273,17.329999923706055,6300,0.0,0.0
2026-03-30 00:00:00-04:00,17.3799991607666,17.829999923706055,17.15999984741211,17.469999313354492,21200,0.0,0.0
2026-03-31 00:00:00-04:00,17.59000015258789,18.3700008392334,17.5,18.299999237060547,22600,0.0,0.0
2026-04-01 00:00:00-04:00,18.40999984741211,18.479999542236328,18.100000381469727,18.209999084472656,13300,0.0,0.0
2026-04-02 00:00:00-04:00,17.75,18.3799991607666,17.6299991607666,18.100000381469727,7600,0.0,0.0
2026-04-06 00:00:00-04:00,18.100000381469727,18.3799991607666,17.959999084472656,18.299999237060547,5100,0.0,0.0
2026-04-07 00:00:00-04:00,18.1299991607666,18.3700008392334,17.6200008392334,18.209999084472656,20300,0.0,0.0
2026-04-08 00:00:00-04:00,18.440000534057617,19.1200008392334,18.440000534057617,18.920000076293945,18700,0.0,0.0
2026-04-09 00:00:00-04:00,19.100000381469727,19.280000686645508,18.799999237060547,19.1299991607666,5200,0.0,0.0
2026-04-10 00:00:00-04:00,19.389999389648438,19.90999984741211,19.350000381469727,19.829999923706055,47900,0.0,0.0
2026-04-13 00:00:00-04:00,19.75,20.299999237060547,19.049999237060547,20.290000915527344,45800,0.0,0.0
2026-04-14 00:00:00-04:00,20.68000030517578,20.709999084472656,20.299999237060547,20.670000076293945,21000,0.0,0.0
2026-04-15 00:00:00-04:00,21.0,21.229999542236328,20.479999542236328,21.030000686645508,30300,0.0,0.0
2026-04-16 00:00:00-04:00,20.549999237060547,21.190000534057617,20.110000610351562,21.010000228881836,116300,0.0,0.0
2026-04-17 00:00:00-04:00,21.200000762939453,21.860000610351562,20.799999237060547,20.899999618530273,36000,0.0,0.0
2026-04-20 00:00:00-04:00,20.860000610351562,21.489999771118164,20.719999313354492,20.829999923706055,13200,0.0,0.0
2026-04-21 00:00:00-04:00,20.649999618530273,21.100000381469727,20.329999923706055,20.34000015258789,8200,0.0,0.0
2026-04-22 00:00:00-04:00,20.389999389648438,20.670000076293945,20.209999084472656,20.5,8600,0.0,0.0
2026-04-23 00:00:00-04:00,20.309999465942383,20.309999465942383,19.709999084472656,20.020000457763672,15300,0.0,0.0
2026-04-24 00:00:00-04:00,20.1299991607666,20.510000228881836,19.989999771118164,20.239999771118164,16300,0.0,0.0
2026-04-27 00:00:00-04:00,20.43000030517578,20.600000381469727,20.079999923706055,20.25,9700,0.0,0.0
2026-04-28 00:00:00-04:00,20.020000457763672,20.469999313354492,19.770000457763672,20.1299991607666,9400,0.0,0.0
2026-04-29 00:00:00-04:00,20.239999771118164,20.579999923706055,19.600000381469727,20.399999618530273,48800,0.0,0.0
2026-04-30 00:00:00-04:00,20.040000915527344,20.399999618530273,19.510000228881836,20.31999969482422,37300,0.0,0.0
2026-05-01 00:00:00-04:00,20.1200008392334,20.3700008392334,19.729999542236328,20.1299991607666,7000,0.0,0.0
2026-05-04 00:00:00-04:00,20.479999542236328,20.479999542236328,19.8700008392334,20.149999618530273,10800,0.0,0.0
2026-05-05 00:00:00-04:00,20.299999237060547,20.549999237060547,19.8799991607666,20.479999542236328,15700,0.0,0.0
2026-05-06 00:00:00-04:00,20.709999084472656,21.1299991607666,20.270000457763672,21.1200008392334,44800,0.0,0.0
2026-05-07 00:00:00-04:00,21.1200008392334,21.1200008392334,20.420000076293945,20.739999771118164,32400,0.0,0.0
2026-05-08 00:00:00-04:00,20.90999984741211,20.90999984741211,20.43000030517578,20.809999465942383,27800,0.0,0.0
2026-05-11 00:00:00-04:00,20.850000381469727,21.260000228881836,20.850000381469727,21.229999542236328,4000,0.0,0.0
2026-05-12 00:00:00-04:00,21.149999618530273,21.149999618530273,20.170000076293945,20.719999313354492,25600,0.0,0.0
2026-05-13 00:00:00-04:00,20.690000534057617,21.18000030517578,20.299999237060547,21.170000076293945,27300,0.0,0.0
2026-05-14 00:00:00-04:00,21.25,21.979999542236328,20.84000015258789,21.530000686645508,52300,0.0,0.0
2026-05-15 00:00:00-04:00,20.729999542236328,21.5,20.510000228881836,20.809999465942383,21400,0.0,0.0
2026-05-18 00:00:00-04:00,20.889999389648438,21.489999771118164,20.889999389648438,21.110000610351562,8800,0.0,0.0
2026-05-19 00:00:00-04:00,20.700000762939453,21.200000762939453,20.700000762939453,20.760000228881836,14800,0.0,0.0
2026-05-20 00:00:00-04:00,20.770000457763672,21.18000030517578,20.610000610351562,20.979999542236328,40400,0.0,0.0
2026-05-21 00:00:00-04:00,20.860000610351562,21.139999389648438,20.510000228881836,20.90999984741211,15100,0.0,0.0
2026-05-22 00:00:00-04:00,20.90999984741211,21.290000915527344,20.600000381469727,20.959999084472656,30900,0.0,0.0
2026-05-26 00:00:00-04:00,21.100000381469727,21.739999771118164,20.600000381469727,21.260000228881836,20000,0.0,0.0
2026-05-27 00:00:00-04:00,21.31999969482422,21.420000076293945,20.610000610351562,21.100000381469727,19800,0.0,0.0
2026-05-28 00:00:00-04:00,21.010000228881836,21.299999237060547,21.010000228881836,21.290000915527344,3200,0.0,0.0
2026-05-29 00:00:00-04:00,21.200000762939453,21.299999237060547,20.889999389648438,21.010000228881836,6800,0.0,0.0
2026-06-01 00:00:00-04:00,20.8799991607666,21.299999237060547,20.6299991607666,20.93000030517578,32400,0.0,0.0
2026-06-02 00:00:00-04:00,21.0,21.18000030517578,20.829999923706055,21.06999969482422,20000,0.0,0.0
2026-06-03 00:00:00-04:00,21.020000457763672,21.299999237060547,20.790000915527344,21.09000015258789,25700,0.0,0.0
2026-06-04 00:00:00-04:00,21.09000015258789,21.700000762939453,21.0,21.469999313354492,15700,0.0,0.0
2026-06-05 00:00:00-04:00,21.469999313354492,21.549999237060547,20.540000915527344,20.670000076293945,36600,0.0,0.0
2026-06-08 00:00:00-04:00,20.90999984741211,21.18000030517578,20.690000534057617,20.739999771118164,18000,0.0,0.0
2026-06-09 00:00:00-04:00,21.239999771118164,21.329999923706055,20.5,20.889999389648438,17700,0.0,0.0
2026-06-10 00:00:00-04:00,20.549999237060547,21.420000076293945,20.440000534057617,20.899999618530273,79800,0.0,0.0
2026-06-11 00:00:00-04:00,20.31999969482422,21.559999465942383,20.31999969482422,21.139999389648438,60600,0.0,0.0
2026-06-12 00:00:00-04:00,21.6299991607666,21.6299991607666,21.280000686645508,21.56999969482422,7400,0.0,0.0
2026-06-15 00:00:00-04:00,21.719999313354492,21.719999313354492,21.40999984741211,21.5,18500,0.0,0.0
2026-06-16 00:00:00-04:00,21.709999084472656,21.799999237060547,21.549999237060547,21.739999771118164,8800,0.0,0.0
2026-06-17 00:00:00-04:00,21.799999237060547,21.940000534057617,21.559999465942383,21.84000015258789,13700,0.0,0.0
2026-06-18 00:00:00-04:00,21.850000381469727,21.950000762939453,21.25,21.56999969482422,57300,0.0,0.0
2026-06-22 00:00:00-04:00,21.399999618530273,21.75,21.31999969482422,21.68000030517578,15500,0.0,0.0
2026-06-23 00:00:00-04:00,21.520000457763672,21.75,21.18000030517578,21.3700008392334,37000,0.0,0.0
2026-06-24 00:00:00-04:00,21.360000610351562,21.440000534057617,20.450000762939453,20.760000228881836,45800,0.0,0.0
2026-06-25 00:00:00-04:00,20.6200008392334,21.149999618530273,20.579999923706055,20.81999969482422,12000,0.0,0.0
2026-06-26 00:00:00-04:00,20.969999313354492,21.05500030517578,20.340099334716797,20.56999969482422,55338,0.0,0.0
