Date,Open,High,Low,Close,Volume,Dividends,Stock Splits
2024-05-28 00:00:00-04:00,20.864879556914232,20.864879556914232,20.588357116456294,20.621875762939453,374100,0.0,0.0
2024-05-29 00:00:00-04:00,20.56321784139322,20.613494208243715,20.48780249198904,20.554838180541992,89000,0.0,0.0
2024-05-30 00:00:00-04:00,20.58835737643172,20.6972913806205,20.51294201914935,20.571598052978516,109500,0.0,0.0
2024-05-31 00:00:00-04:00,20.655392764735875,20.906777818023407,20.647013103133922,20.821306228637695,82500,0.0,0.0
2024-06-03 00:00:00-04:00,20.92353374245605,20.92353374245605,20.797842025756836,20.797842025756836,50500,0.0,0.0
2024-06-04 00:00:00-04:00,20.82298276867784,20.906777786313253,20.82298276867784,20.890018463134766,64300,0.0,0.0
2024-06-05 00:00:00-04:00,20.940294834413205,20.940294834413205,20.864879478367033,20.890018463134766,62300,0.0,0.0
2024-06-06 00:00:00-04:00,20.90677969956951,21.5184806672501,20.873261050145118,21.20005989074707,158200,0.0,0.0
2024-06-07 00:00:00-04:00,21.116264528237963,21.116264528237963,21.04922883379067,21.11207389831543,7900,0.0,0.0
2024-06-10 00:00:00-04:00,21.095312599086668,21.158159255981445,21.07436424620737,21.158159255981445,14800,0.0,0.0
2024-06-11 00:00:00-04:00,21.16653959558115,21.20005664161152,21.04084787601763,21.1497802734375,17600,0.0,0.0
2024-06-12 00:00:00-04:00,21.225197957917718,21.225197957917718,21.133023274252654,21.191680908203125,4300,0.0,0.0
2024-06-13 00:00:00-04:00,21.28385486251489,21.28385486251489,21.116266410585993,21.17911148071289,8100,0.0,0.0
2024-06-14 00:00:00-04:00,21.200057761894044,21.283852778783377,21.11626434326172,21.11626434326172,6700,0.0,0.0
2024-06-17 00:00:00-04:00,21.267094292995917,21.267094292995917,21.00733116884395,21.015710830688477,18400,0.0,0.0
2024-06-18 00:00:00-04:00,21.0408484570796,21.081907678685585,21.007329811866654,21.032468795776367,10800,0.0,0.0
2024-06-20 00:00:00-04:00,21.107887348075455,21.200060439865627,21.00733299545492,21.061800003051758,6800,0.0,0.0
2024-06-21 00:00:00-04:00,21.0408484570796,21.1414011962045,21.015709473169892,21.032468795776367,7000,0.0,0.0
2024-06-24 00:00:00-04:00,21.074366865343077,21.074366865343077,21.00733116884395,21.015710830688477,15500,0.0,0.0
2024-06-25 00:00:00-04:00,21.024091172375513,21.116265857388807,20.995600640834265,21.00733184814453,21500,0.0,0.0
2024-06-26 00:00:00-04:00,21.09950585087665,21.116265174565697,21.015710830688477,21.015710830688477,6700,0.0,0.0
2024-06-27 00:00:00-04:00,21.091124809528758,21.14978084034685,21.091124809528758,21.099504470825195,14700,0.0,0.0
2024-06-28 00:00:00-04:00,21.04084981622205,21.09950585087665,21.015710830688477,21.015710830688477,13300,0.0,0.0
2024-07-01 00:00:00-04:00,21.074365081454523,21.074365081454523,20.982192005481107,20.990570068359375,23200,0.0,0.0
2024-07-02 00:00:00-04:00,21.032467566697342,21.053415919602784,20.948672556818693,21.02408790588379,21300,0.0,0.0
2024-07-03 00:00:00-04:00,21.02408924601554,21.18329961510778,21.02408924601554,21.074365615844727,10100,0.0,0.0
2024-07-05 00:00:00-04:00,21.18329961510778,21.18329961510778,21.06598595449703,21.074365615844727,28000,0.0,0.0
2024-07-08 00:00:00-04:00,21.08274773330597,21.099507057953797,21.015712032971816,21.091127395629883,16000,0.0,0.0
2024-07-09 00:00:00-04:00,21.179111345280877,21.179111345280877,21.049230575561523,21.049230575561523,11000,0.0,0.0
2024-07-10 00:00:00-04:00,21.099507057953797,21.14140377131621,21.074368070982054,21.091127395629883,7200,0.0,0.0
2024-07-11 00:00:00-04:00,21.14140431997473,21.19168229522303,21.107887268066406,21.107887268066406,16100,0.0,0.0
2024-07-12 00:00:00-04:00,21.141401729548612,21.267093455754107,21.09950502023245,21.11626434326172,22500,0.0,0.0
2024-07-15 00:00:00-04:00,21.158163177223756,21.31737356547527,21.158163177223756,21.20005989074707,13600,0.0,0.0
2024-07-16 00:00:00-04:00,21.283852207415627,21.283852207415627,21.166540145874023,21.166540145874023,11600,0.0,0.0
2024-07-17 00:00:00-04:00,21.200058422837188,21.25871605526837,21.1749210357666,21.1749210357666,16600,0.0,0.0
2024-07-18 00:00:00-04:00,21.20005989074707,21.24195820252756,21.183302164292048,21.20005989074707,10200,0.0,0.0
2024-07-19 00:00:00-04:00,21.20005583421042,21.27547118272774,21.183298110961914,21.183298110961914,10500,0.0,0.0
2024-07-22 00:00:00-04:00,21.20843863393187,21.27547433161816,21.191680908203125,21.191680908203125,12700,0.0,0.0
2024-07-23 00:00:00-04:00,21.23357854017146,21.27547525369478,21.20005989074707,21.20005989074707,11900,0.0,0.0
2024-07-24 00:00:00-04:00,21.267092884836263,21.317370852574353,21.166540145874023,21.166540145874023,12300,0.0,0.0
2024-07-25 00:00:00-04:00,21.200054711354703,21.367644721018344,21.200054711354703,21.283849716186523,10700,0.0,0.0
2024-07-26 00:00:00-04:00,21.40954649637891,21.40954649637891,21.283854758482306,21.292234420776367,5600,0.0,0.0
2024-07-29 00:00:00-04:00,21.334970927720388,21.409547207577695,21.20844010061117,21.216819763183594,17300,0.0,0.0
2024-07-30 00:00:00-04:00,21.267090278649768,21.35088528302091,21.200054594804207,21.241952896118164,9400,0.0,0.0
2024-07-31 00:00:00-04:00,21.30899181751791,21.367647850012506,21.258715446559258,21.359268188476562,20000,0.0,0.0
2024-08-01 00:00:00-04:00,21.478164046596795,21.49527006555608,21.375519775464372,21.44394874572754,33900,0.519,0.0
2024-08-02 00:00:00-04:00,21.46105795686153,21.46105795686153,21.384075155782675,21.40973663330078,17300,0.0,0.0
2024-08-05 00:00:00-04:00,21.332752577688613,21.37552007289493,21.07614271202462,21.366966247558594,22900,0.0,0.0
2024-08-06 00:00:00-04:00,21.40118252303071,21.46105767163506,21.11891279998488,21.435396194458008,27400,0.0,0.0
2024-08-07 00:00:00-04:00,21.55514491995506,21.55514491995506,21.38407169381447,21.469608306884766,16300,0.0,0.0
2024-08-08 00:00:00-04:00,21.486715675174334,21.527771747954695,21.46960802648866,21.495267868041992,7900,0.0,0.0
2024-08-09 00:00:00-04:00,21.486719131469727,21.486719131469727,21.452503828594605,21.486719131469727,5100,0.0,0.0
2024-08-12 00:00:00-04:00,21.563699925817826,21.563699925817826,21.22155506038064,21.264324188232422,30200,0.0,0.0
2024-08-13 00:00:00-04:00,21.264323606473287,21.384073898231264,21.247215955800613,21.366966247558594,20800,0.0,0.0
2024-08-14 00:00:00-04:00,21.384072271004648,21.384072271004648,21.29853565562558,21.341304779052734,18800,0.0,0.0
2024-08-15 00:00:00-04:00,21.38407545942131,21.38407545942131,21.29853883128853,21.332754135131836,22900,0.0,0.0
2024-08-16 00:00:00-04:00,21.341304203016918,21.469608306884766,21.33275037856237,21.469608306884766,27300,0.0,0.0
2024-08-19 00:00:00-04:00,21.469608659754826,21.503822326660156,21.401179694468944,21.503822326660156,17800,0.0,0.0
2024-08-20 00:00:00-04:00,21.42683982849121,21.5038226194203,21.418287635254863,21.42683982849121,9600,0.0,0.0
2024-08-21 00:00:00-04:00,21.426839184612017,21.503821973227765,21.426839184612017,21.469608306884766,6100,0.0,0.0
2024-08-22 00:00:00-04:00,21.469608952049175,21.546591742978265,21.418287635254863,21.42683982849121,15000,0.0,0.0
2024-08-23 00:00:00-04:00,21.435395893651545,21.54659399504954,21.426842068045897,21.512378692626953,8200,0.0,0.0
2024-08-26 00:00:00-04:00,21.47816518295289,21.597915479380287,21.47816518295289,21.567977905273438,11900,0.0,0.0
2024-08-27 00:00:00-04:00,21.597912410752613,21.597912410752613,21.408876642700026,21.469608306884766,40500,0.0,0.0
2024-08-28 00:00:00-04:00,21.503825454582913,21.589362081501132,21.40973663330078,21.40973663330078,21600,0.0,0.0
2024-08-29 00:00:00-04:00,21.409735708471736,21.512378351159413,21.32419908524841,21.452503204345703,49400,0.0,0.0
2024-08-30 00:00:00-04:00,21.486715675174334,21.529483165413335,21.426838904774485,21.495267868041992,13300,0.0,0.0
2024-09-03 00:00:00-04:00,21.51237897715063,21.52948662858819,21.465333751435058,21.486719131469727,13700,0.0,0.0
2024-09-04 00:00:00-04:00,21.53803889409477,21.555146544293056,21.469609924776947,21.520931243896484,2600,0.0,0.0
2024-09-05 00:00:00-04:00,21.580806732177734,21.580806732177734,21.418288947128964,21.580806732177734,11700,0.0,0.0
2024-09-06 00:00:00-04:00,21.55514491995506,21.55514491995506,21.469608306884766,21.469608306884766,5500,0.0,0.0
2024-09-09 00:00:00-04:00,21.61502363981407,21.76898924254729,21.503825534962097,21.657791137695312,45900,0.0,0.0
2024-09-10 00:00:00-04:00,21.6834478740191,21.75187683455173,21.57224979348163,21.726215362548828,21700,0.0,0.0
2024-09-11 00:00:00-04:00,21.760435452079943,21.794649124145508,21.597916023210963,21.794649124145508,43200,0.0,0.0
2024-09-12 00:00:00-04:00,21.717664711381882,21.820308982914156,21.606468246074318,21.74332618713379,22300,0.0,0.0
2024-09-13 00:00:00-04:00,21.55514764265378,22.042704277821535,21.55514764265378,21.999935150146484,15000,0.0,0.0
2024-09-16 00:00:00-04:00,21.965721130371094,22.017042451290077,21.95716730497203,21.965721130371094,12500,0.0,0.0
2024-09-17 00:00:00-04:00,22.008488282325505,22.008488282325505,21.820309020909896,21.905845642089844,15500,0.0,0.0
2024-09-18 00:00:00-04:00,21.89729374251561,22.00849021779564,21.854524612426758,21.854524612426758,3400,0.0,0.0
2024-09-19 00:00:00-04:00,21.999934159082805,22.025595634531825,21.897291520237385,21.98282814025879,6100,0.0,0.0
2024-09-20 00:00:00-04:00,21.982828497714912,22.017042167394614,21.897291876302624,21.99138069152832,13400,0.0,0.0
2024-09-23 00:00:00-04:00,21.922954548655525,22.06836633437127,21.922954548655525,21.94861602783203,6300,0.0,0.0
2024-09-24 00:00:00-04:00,22.01704404381341,22.068365368444535,21.82031093983117,21.854524612426758,30300,0.0,0.0
2024-09-25 00:00:00-04:00,21.974276240090713,21.982830065989717,21.85452430898016,21.931507110595703,8100,0.0,0.0
2024-09-26 00:00:00-04:00,21.94006000287682,22.008488975681495,21.94006000287682,21.999935150146484,11300,0.0,0.0
2024-09-27 00:00:00-04:00,21.98282878887553,22.11113290695566,21.811755543785104,21.940059661865234,17900,0.0,0.0
2024-09-30 00:00:00-04:00,21.9999360771032,21.9999360771032,21.91440108109993,21.957168579101562,2900,0.0,0.0
2024-10-01 00:00:00-04:00,21.965721479481847,22.102579425091204,21.965721479481847,21.999935150146484,4300,0.0,0.0
2024-10-02 00:00:00-04:00,21.999934159082805,21.999934159082805,21.98282814025879,21.98282814025879,1700,0.0,0.0
2024-10-03 00:00:00-04:00,22.06836663390761,22.06836663390761,21.85452586562759,21.897294998168945,7700,0.0,0.0
2024-10-04 00:00:00-04:00,21.982828438004265,21.982828438004265,21.845970496706485,21.905845642089844,9700,0.0,0.0
2024-10-07 00:00:00-04:00,21.982831631776072,21.982831631776072,21.897294998168945,21.897294998168945,1200,0.0,0.0
2024-10-08 00:00:00-04:00,21.948613484895,21.948613484895,21.8801845131613,21.899858474731445,3700,0.0,0.0
2024-10-09 00:00:00-04:00,21.901569535686935,21.940060936494707,21.828864462758624,21.931507110595703,5900,0.0,0.0
2024-10-10 00:00:00-04:00,21.922951622971084,21.922951622971084,21.726218536632516,21.74332618713379,60400,0.0,0.0
2024-10-11 00:00:00-04:00,21.743325883708703,21.88018382285834,21.71338831148693,21.845970153808594,47400,0.0,0.0
2024-10-14 00:00:00-04:00,21.845966976998398,21.845966976998398,21.786090209786718,21.828859329223633,5300,0.0,0.0
2024-10-15 00:00:00-04:00,21.880184128193257,21.888737953443894,21.717664711381882,21.74332618713379,18400,0.0,0.0
2024-10-16 00:00:00-04:00,21.82886250354606,21.845970153808594,21.768987359102507,21.845970153808594,15300,0.0,0.0
2024-10-17 00:00:00-04:00,21.871630348315602,21.880184173583984,21.828862853449053,21.880184173583984,7500,0.0,0.0
2024-10-18 00:00:00-04:00,21.880182894286367,21.914398193359375,21.86906275894011,21.914398193359375,3600,0.0,0.0
2024-10-21 00:00:00-04:00,21.93150613637314,21.94005996189217,21.86307716369629,21.86307716369629,12900,0.0,0.0
2024-10-22 00:00:00-04:00,21.914399809452107,21.982828781169214,21.914399809452107,21.965721130371094,4700,0.0,0.0
2024-10-23 00:00:00-04:00,21.96572271918228,21.96572271918228,21.845972417884482,21.854524612426758,6500,0.0,0.0
2024-10-24 00:00:00-04:00,21.85452438069823,21.899859821259263,21.845115661621094,21.845115661621094,4900,0.0,0.0
2024-10-25 00:00:00-04:00,21.97427496347347,21.97427496347347,21.897292166330317,21.940059661865234,4200,0.0,0.0
2024-10-28 00:00:00-04:00,21.940060633991582,22.00848960876465,21.918676885276646,22.00848960876465,8800,0.0,0.0
2024-10-29 00:00:00-04:00,22.017042459008387,22.017042459008387,21.897292166330317,21.940059661865234,5400,0.0,0.0
2024-10-30 00:00:00-04:00,21.94006092731072,21.957168579101562,21.87163195162282,21.957168579101562,3200,0.0,0.0
2024-10-31 00:00:00-04:00,21.948613189222296,22.01704216003418,21.863076567838604,22.01704216003418,1900,0.0,0.0
2024-11-01 00:00:00-04:00,22.089625740712478,22.089625740712478,21.99343127151617,22.010921478271484,9500,0.563,0.0
2024-11-04 00:00:00-05:00,22.03715961597122,22.133352429552016,22.03715961597122,22.08000946044922,6400,0.0,0.0
2024-11-05 00:00:00-05:00,22.063387008574402,22.080877212617004,22.010918064404247,22.072132110595703,1800,0.0,0.0
2024-11-06 00:00:00-05:00,22.080880456410714,22.080880456410714,21.993431091308594,21.993431091308594,6000,0.0,0.0
2024-11-07 00:00:00-05:00,22.002172871176555,22.08087712108436,22.002172871176555,22.063386917114258,3500,0.0,0.0
2024-11-08 00:00:00-05:00,22.21205259997398,22.21205259997398,22.098369598388672,22.098369598388672,8200,0.0,0.0
2024-11-11 00:00:00-05:00,22.107112427039514,22.12460096305196,22.03715327911676,22.063386917114258,9600,0.0,0.0
2024-11-12 00:00:00-05:00,22.098369630749715,22.168328785971852,22.06338921915973,22.124603271484375,2300,0.0,0.0
2024-11-13 00:00:00-05:00,22.203308566778936,22.242660697676992,21.993431091308594,21.993431091308594,8100,0.0,0.0
2024-11-14 00:00:00-05:00,22.080878552952203,22.282010907778144,22.002174297940705,22.247032165527344,4100,0.0,0.0
2024-11-15 00:00:00-05:00,22.15083979639816,22.15083979639816,22.002176374893825,22.010921478271484,10000,0.0,0.0
2024-11-18 00:00:00-05:00,22.107115947467793,22.107115947467793,21.932217215830487,22.010921478271484,14900,0.0,0.0
2024-11-19 00:00:00-05:00,22.054646189085904,22.054646189085904,21.81853506049374,21.862258911132812,40700,0.0,0.0
2024-11-20 00:00:00-05:00,21.862258926071576,22.002177249761797,21.81853507540263,21.875375747680664,32400,0.0,0.0
2024-11-21 00:00:00-05:00,21.897239785746283,21.90598322169128,21.818535518577157,21.874502182006836,37000,0.0,0.0
2024-11-22 00:00:00-05:00,21.897238079877432,22.00130197268776,21.86225766699046,21.94970703125,13100,0.0,0.0
2024-11-25 00:00:00-05:00,21.97594231344363,22.063391684231192,21.888494610614078,21.923473358154297,7400,0.0,0.0
2024-11-26 00:00:00-05:00,21.932217717403308,21.932217717403308,21.86225855674006,21.871877670288086,8300,0.0,0.0
2024-11-27 00:00:00-05:00,21.905980603378044,21.94970611766683,21.86225675704708,21.89373779296875,12000,0.0,0.0
2024-11-29 00:00:00-05:00,21.967198697812506,21.967198697812506,21.888494431543382,21.905982971191406,3600,0.0,0.0
2024-12-02 00:00:00-05:00,21.98468577617908,21.993430879400822,21.8710027702122,21.94970703125,17700,0.0,0.0
2024-12-03 00:00:00-05:00,21.932216824806513,21.982062078416767,21.879747873433946,21.94970703125,12200,0.0,0.0
2024-12-04 00:00:00-05:00,21.98031587889512,22.045901656552985,21.940963745117188,21.940963745117188,24600,0.0,0.0
2024-12-05 00:00:00-05:00,21.95845213447174,22.01092108584431,21.94970703125,21.94970703125,9300,0.0,0.0
2024-12-06 00:00:00-05:00,21.99343091081417,22.002176014048406,21.967197269069363,21.975940704345703,4500,0.0,0.0
2024-12-09 00:00:00-05:00,22.010921207637548,22.045899952760177,21.91472673962399,21.98468589782715,12800,0.0,0.0
2024-12-10 00:00:00-05:00,22.037159156993912,22.054647697671,22.010923844041127,22.02316665649414,10900,0.0,0.0
2024-12-11 00:00:00-05:00,22.072134108612854,22.08087921142578,22.01092005688017,22.08087921142578,2500,0.0,0.0
2024-12-12 00:00:00-05:00,22.080880365840706,22.080880365840706,21.98468589782715,21.98468589782715,6000,0.0,0.0
2024-12-13 00:00:00-05:00,22.04589958199576,22.080879994487994,21.93221657731174,21.98118782043457,15000,0.0,0.0
2024-12-16 00:00:00-05:00,22.05464523688319,22.05464523688319,21.96632186147585,22.00217628479004,4000,0.0,0.0
2024-12-17 00:00:00-05:00,21.993430879400822,21.993430879400822,21.892864694287614,21.94970703125,41300,0.0,0.0
2024-12-18 00:00:00-05:00,21.95845216583513,21.99343091081417,21.905981546429725,21.975940704345703,9600,0.0,0.0
2024-12-19 00:00:00-05:00,21.975940672957336,21.993430879400822,21.86225766699046,21.94970703125,11000,0.0,0.0
2024-12-20 00:00:00-05:00,21.993432341263546,21.993432341263546,21.86225912013434,21.905982971191406,26700,0.0,0.0
2024-12-23 00:00:00-05:00,21.949708759456318,21.965449279311624,21.914728343815167,21.932218551635742,12400,0.0,0.0
2024-12-24 00:00:00-05:00,21.984685528092218,21.99343063121528,21.98118782043457,21.98118782043457,1900,0.0,0.0
2024-12-26 00:00:00-05:00,22.089627176282924,22.089627176282924,21.9322186411712,21.940963745117188,8800,0.0,0.0
2024-12-27 00:00:00-05:00,22.063391864444963,22.063391864444963,21.940963745117188,21.940963745117188,2600,0.0,0.0
2024-12-30 00:00:00-05:00,21.967197449348493,22.028411504532606,21.932217036124484,21.993431091308594,2500,0.0,0.0
2024-12-31 00:00:00-05:00,22.124604214233468,22.124604214233468,21.98468589782715,21.98468589782715,8900,0.0,0.0
2025-01-02 00:00:00-05:00,22.037155784391953,22.080879631330262,21.9934302694958,22.022289276123047,7300,0.0,0.0
2025-01-03 00:00:00-05:00,22.037155365318956,22.08087921142578,22.02841026250603,22.08087921142578,14300,0.0,0.0
2025-01-06 00:00:00-05:00,22.045898800174072,22.115859622677494,21.97593964562846,22.08087921142578,18100,0.0,0.0
2025-01-07 00:00:00-05:00,22.12285503774471,22.12285503774471,22.08087921142578,22.08087921142578,3400,0.0,0.0
2025-01-08 00:00:00-05:00,22.08087921142578,22.08087921142578,22.037155365318956,22.08087921142578,12200,0.0,0.0
2025-01-10 00:00:00-05:00,22.08087921142578,22.111486237292123,22.045898800174072,22.08087921142578,5000,0.0,0.0
2025-01-13 00:00:00-05:00,22.150838365971392,22.150838365971392,22.08087921142578,22.08087921142578,11400,0.0,0.0
2025-01-14 00:00:00-05:00,22.079131160838752,22.124604698063134,21.993431482058398,22.054645538330078,24000,0.0,0.0
2025-01-15 00:00:00-05:00,22.09836941705164,22.12460305753261,22.002174954067243,22.08087921142578,22700,0.0,0.0
2025-01-16 00:00:00-05:00,22.080879695848296,22.15083885192871,22.05464438683395,22.15083885192871,10300,0.0,0.0
2025-01-17 00:00:00-05:00,22.150840938583055,22.229545205082353,22.150840938583055,22.168331146240234,8500,0.0,0.0
2025-01-21 00:00:00-05:00,22.203306904868054,22.203306904868054,22.133347751614362,22.18406867980957,2400,0.0,0.0
2025-01-22 00:00:00-05:00,22.203306198120117,22.203306198120117,22.124601944720208,22.203306198120117,7300,0.0,0.0
2025-01-23 00:00:00-05:00,22.190190308745745,22.282011385575508,22.177073488615147,22.27239227294922,10800,0.0,0.0
2025-01-24 00:00:00-05:00,22.273265747671143,22.273265747671143,22.222546488140658,22.2645206451416,3300,0.0,0.0
2025-01-27 00:00:00-05:00,22.17707500427931,22.273267805074184,22.17707500427931,22.255779266357422,6000,0.0,0.0
2025-01-28 00:00:00-05:00,22.264520338097473,22.264520338097473,22.185817752332472,22.212051391601562,7500,0.0,0.0
2025-01-29 00:00:00-05:00,22.23829007760572,22.25752830505371,22.22517325597827,22.25752830505371,2400,0.0,0.0
2025-01-30 00:00:00-05:00,22.273268226410437,22.34322738647461,22.255779687362853,22.34322738647461,9800,0.0,0.0
2025-01-31 00:00:00-05:00,22.444271729220127,22.47109646005085,22.363794125648248,22.41655158996582,30100,0.563,0.0
2025-02-03 00:00:00-05:00,22.44427112100648,22.44427112100648,22.354851374400916,22.35932159423828,16200,0.0,0.0
2025-02-04 00:00:00-05:00,22.381678617856792,22.408503348928768,22.35038196124624,22.363794326782227,29500,0.0,0.0
2025-02-05 00:00:00-05:00,22.399562139574805,22.399562139574805,22.35485311555966,22.37989044189453,20700,0.0,0.0
2025-02-06 00:00:00-05:00,22.381678122512227,22.39956070765115,22.354851686494097,22.37273597717285,28000,0.0,0.0
2025-02-07 00:00:00-05:00,22.3548526763916,22.37273696786229,22.33696838492091,22.3548526763916,15800,0.0,0.0
2025-02-10 00:00:00-05:00,22.3548526763916,22.37273696786229,22.345910530656255,22.3548526763916,10400,0.0,0.0
2025-02-11 00:00:00-05:00,22.354851686494097,22.37273597717285,22.354851686494097,22.37273597717285,12300,0.0,0.0
2025-02-12 00:00:00-05:00,22.37720626964951,22.39956078030054,22.33696746826172,22.33696746826172,26100,0.0,0.0
2025-02-13 00:00:00-05:00,22.381680248855524,22.404034761557813,22.35485381028878,22.39956283569336,20900,0.0,0.0
2025-02-14 00:00:00-05:00,22.417447547857503,22.444273986926596,22.408505401501138,22.426389694213867,10200,0.0,0.0
2025-02-18 00:00:00-05:00,22.426388282267983,22.426388282267983,22.39956184488786,22.41744613647461,4700,0.0,0.0
2025-02-19 00:00:00-05:00,22.41744712807119,22.4800404458536,22.39956283569336,22.39956283569336,8400,0.0,0.0
2025-02-20 00:00:00-05:00,22.381680248855524,22.4800404458536,22.35485381028878,22.39956283569336,12100,0.0,0.0
2025-02-21 00:00:00-05:00,22.390622319351056,22.488982516016616,22.377208247343034,22.435331344604492,8500,0.0,0.0
2025-02-24 00:00:00-05:00,22.444272004643185,22.48898102693627,22.42638771351,22.462156295776367,3000,0.0,0.0
2025-02-25 00:00:00-05:00,22.480039451488313,22.480039451488313,22.41744613647461,22.41744613647461,4600,0.0,0.0
2025-02-26 00:00:00-05:00,22.45321571282685,22.45321571282685,22.37273810266661,22.39956283569336,7000,0.0,0.0
2025-02-27 00:00:00-05:00,22.417447052287123,22.435331344604492,22.40850490612844,22.435331344604492,1900,0.0,0.0
2025-02-28 00:00:00-05:00,22.444270442078597,22.444270442078597,22.3906192779541,22.3906192779541,7300,0.0,0.0
2025-03-03 00:00:00-05:00,22.39062239504444,22.444273566637936,22.381680248855524,22.39956283569336,9800,0.0,0.0
2025-03-04 00:00:00-05:00,22.381680248855524,22.4800404458536,22.356642921742562,22.39956283569336,5700,0.0,0.0
2025-03-05 00:00:00-05:00,22.39956198943782,22.480039596557617,22.395985472205375,22.480039596557617,8600,0.0,0.0
2025-03-06 00:00:00-05:00,22.488980108112912,22.51580654371665,22.444271087646484,22.444271087646484,2600,0.0,0.0
2025-03-07 00:00:00-05:00,22.426388558890537,22.426388558890537,22.35485309720109,22.38167953491211,13300,0.0,0.0
2025-03-10 00:00:00-04:00,22.399561699528423,22.435330282469803,22.3548526763916,22.3548526763916,4900,0.0,0.0
2025-03-11 00:00:00-04:00,22.35485126382265,22.417444574474985,22.328024828311733,22.345909118652344,12300,0.0,0.0
2025-03-12 00:00:00-04:00,22.34322729478035,22.4219174935506,22.328025817871094,22.328025817871094,10500,0.0,0.0
2025-03-13 00:00:00-04:00,22.33696739581534,22.421916923769512,22.33696739581534,22.37273597717285,2300,0.0,0.0
2025-03-14 00:00:00-04:00,22.49792148449528,22.49792148449528,22.36200361094473,22.48897933959961,3200,0.0,0.0
2025-03-17 00:00:00-04:00,22.36379482212695,22.417445990999113,22.31014365325478,22.3548526763916,15800,0.0,0.0
2025-03-18 00:00:00-04:00,22.3548526763916,22.399561699528423,22.328026239185565,22.3548526763916,4600,0.0,0.0
2025-03-19 00:00:00-04:00,22.39956283569336,22.41744712807119,22.373631805623504,22.39956283569336,1400,0.0,0.0
2025-03-20 00:00:00-04:00,22.39956283569336,22.40761127892538,22.35485381028878,22.39956283569336,8100,0.0,0.0
2025-03-21 00:00:00-04:00,22.399562340092917,22.471097802481488,22.381679753650744,22.408504486083984,4300,0.0,0.0
2025-03-24 00:00:00-04:00,22.399562340092917,22.408504486083984,22.381679753650744,22.408504486083984,7500,0.0,0.0
2025-03-25 00:00:00-04:00,22.471096772661568,22.471096772661568,22.354852291184955,22.377206802368164,5300,0.0,0.0
2025-03-26 00:00:00-04:00,22.426386152190513,22.435328297134554,22.381677133010058,22.3906192779541,1400,0.0,0.0
2025-03-27 00:00:00-04:00,22.381677133010058,22.421020524116138,22.31014167899748,22.3906192779541,27900,0.0,0.0
2025-03-28 00:00:00-04:00,22.36379482212695,22.399561699528423,22.3548526763916,22.3548526763916,11000,0.0,0.0
2025-03-31 00:00:00-04:00,22.354854732559623,22.37720924618417,22.328028292886128,22.336076736450195,12900,0.0,0.0
2025-04-01 00:00:00-04:00,22.487194045518844,22.487194045518844,22.328026239185565,22.3548526763916,13300,0.0,0.0
2025-04-02 00:00:00-04:00,22.36379575183474,22.4576857276492,22.36379575183474,22.452320098876953,7800,0.0,0.0
2025-04-03 00:00:00-04:00,22.31908504146412,22.480040260457173,22.310144600888933,22.421918869018555,22100,0.0,0.0
2025-04-04 00:00:00-04:00,22.39956254813733,22.39956254813733,21.907756452840573,21.979291915893555,36400,0.0,0.0
2025-04-07 00:00:00-04:00,21.7557423854916,21.889871159388022,21.12086539312994,21.702091217041016,21700,0.0,0.0
2025-04-08 00:00:00-04:00,21.827278099745342,22.193897548588396,21.827278099745342,21.859468460083008,17900,0.0,0.0
2025-04-09 00:00:00-04:00,21.81833242056378,22.220720387318664,21.56795920172931,21.988229751586914,14500,0.0,0.0
2025-04-10 00:00:00-04:00,21.907755099259283,22.057085347836694,21.70209086888152,21.77362632751465,6700,0.0,0.0
2025-04-11 00:00:00-04:00,21.728915102311806,21.728915102311806,21.559019457911173,21.6484375,11100,0.0,0.0
2025-04-14 00:00:00-04:00,21.684204940029165,21.95246246325693,21.612669486799113,21.84963035583496,16200,0.0,0.0
2025-04-15 00:00:00-04:00,21.80045198810338,22.05976910266808,21.684207502445368,21.952465057373047,14600,0.0,0.0
2025-04-16 00:00:00-04:00,22.03294279824789,22.158131136106086,21.818336411899498,21.85410499572754,16100,0.0,0.0
2025-04-17 00:00:00-04:00,22.086592437608598,22.17601047299624,21.943521534340725,22.104475021362305,7600,0.0,0.0
2025-04-21 00:00:00-04:00,22.104477771197217,22.229666106285023,22.104477771197217,22.158130645751953,17200,0.0,0.0
2025-04-22 00:00:00-04:00,22.20283764520873,22.43622199996703,22.20283764520873,22.3906192779541,14700,0.0,0.0
2025-04-23 00:00:00-04:00,22.43533092405718,22.50686638644575,22.24844467780179,22.408504486083984,13600,0.0,0.0
2025-04-24 00:00:00-04:00,22.453214790258205,22.578401420679295,22.444272644436708,22.51580810546875,9700,0.0,0.0
2025-04-25 00:00:00-04:00,22.462155526966658,22.578400004273917,22.368263854501002,22.506864547729492,9700,0.0,0.0
2025-04-28 00:00:00-04:00,22.480037194703943,22.61058944020914,22.37273486703543,22.48897933959961,10900,0.0,0.0
2025-04-29 00:00:00-04:00,22.506866104060716,22.578401565551758,22.506866104060716,22.578401565551758,5100,0.0,0.0
2025-04-30 00:00:00-04:00,22.48898212476862,22.5390567779541,22.48898212476862,22.5390567779541,1600,0.0,0.0
2025-05-01 00:00:00-04:00,22.68265294566584,22.86557826962491,22.68265294566584,22.810701370239258,10300,0.563,0.0
2025-05-02 00:00:00-04:00,22.8198473108461,22.8198473108461,22.746677531766846,22.792407989501953,4700,0.0,0.0
2025-05-05 00:00:00-04:00,22.85551700320865,22.89301688535902,22.78326134546832,22.819847106933594,2800,0.0,0.0
2025-05-06 00:00:00-04:00,22.81984829525799,22.81984829525799,22.68173930639133,22.682653427124023,10700,0.0,0.0
2025-05-07 00:00:00-04:00,22.618630528370232,22.70094675305943,22.170465385343082,22.582046508789062,31700,0.0,0.0
2025-05-08 00:00:00-04:00,22.682651452281462,22.682651452281462,22.49972788487092,22.582958221435547,13700,0.0,0.0
2025-05-09 00:00:00-04:00,22.627772504124604,22.627772504124604,22.51527461631868,22.51801872253418,12000,0.0,0.0
2025-05-12 00:00:00-04:00,22.801553795309385,22.801553795309385,22.5728980239878,22.709177017211914,5900,0.0,0.0
2025-05-13 00:00:00-04:00,22.71009134078789,22.77411467820915,22.700944900512695,22.700944900512695,4000,0.0,0.0
2025-05-14 00:00:00-04:00,22.71374745861346,22.77411256321967,22.700942792318358,22.728382110595703,5200,0.0,0.0
2025-05-15 00:00:00-04:00,22.81069845934115,22.856428912242617,22.737528687995834,22.774112701416016,12300,0.0,0.0
2025-05-16 00:00:00-04:00,22.856432107705427,22.856432107705427,22.62777632222077,22.710092544555664,7400,0.0,0.0
2025-05-19 00:00:00-04:00,22.74667602750586,22.74667602750586,22.54545783996582,22.54545783996582,29000,0.0,0.0
2025-05-20 00:00:00-04:00,22.54546107973786,22.682654208090185,22.472291294982934,22.600337982177734,32700,0.0,0.0
2025-05-21 00:00:00-04:00,22.67899074296366,22.746674042997274,22.60033276277871,22.61862564086914,6100,0.0,0.0
2025-05-22 00:00:00-04:00,22.74484826304322,22.746678248992588,22.572899364010507,22.5911922454834,21200,0.0,0.0
2025-05-23 00:00:00-04:00,22.481434937642657,22.719237144620774,22.481434937642657,22.636920928955078,3600,0.0,0.0
2025-05-27 00:00:00-04:00,22.66436202686977,22.728385367519696,22.5911922454834,22.5911922454834,10300,0.0,0.0
2025-05-28 00:00:00-04:00,22.59118977174496,22.66161543874826,22.59118977174496,22.646066665649414,2900,0.0,0.0
2025-05-29 00:00:00-04:00,22.696371647294598,22.77411376977505,22.64606710004017,22.737529754638672,19900,0.0,0.0
2025-05-30 00:00:00-04:00,22.73752962052276,22.81984583472537,22.73752962052276,22.78783416748047,4600,0.0,0.0
2025-06-02 00:00:00-04:00,22.819844898822435,22.819844898822435,22.72838224851455,22.774112701416016,14300,0.0,0.0
2025-06-03 00:00:00-04:00,22.819848089170588,22.819848089170588,22.646069203740794,22.710092544555664,16700,0.0,0.0
2025-06-04 00:00:00-04:00,22.764967329864696,22.764967329864696,22.696371647294598,22.737529754638672,1900,0.0,0.0
2025-06-05 00:00:00-04:00,22.728385426075686,22.728385426075686,22.664362085260812,22.710092544555664,2300,0.0,0.0
2025-06-06 00:00:00-04:00,22.70094630880925,22.71009274965186,22.662532303973407,22.682653427124023,4300,0.0,0.0
2025-06-09 00:00:00-04:00,22.847283244944823,22.847283244944823,22.664359682651625,22.73021125793457,9900,0.0,0.0
2025-06-10 00:00:00-04:00,22.70094630880925,22.72381153866317,22.664362289944016,22.682653427124023,8000,0.0,0.0
2025-06-11 00:00:00-04:00,22.728385631337087,22.728385631337087,22.63692296741618,22.682653427124023,4300,0.0,0.0
2025-06-12 00:00:00-04:00,22.6826506150666,22.755820388231136,22.6826506150666,22.719236373901367,4900,0.0,0.0
2025-06-13 00:00:00-04:00,22.705518424530627,22.7613094409561,22.655213876528848,22.755821228027344,3400,0.0,0.0
2025-06-16 00:00:00-04:00,22.774114905102,22.865577564260064,22.755822024369362,22.819847106933594,4800,0.0,0.0
2025-06-17 00:00:00-04:00,22.792405580378585,22.8655753517239,22.76954035392785,22.774112701416016,11600,0.0,0.0
2025-06-18 00:00:00-04:00,22.853686245125854,22.902162551879883,22.828991031421737,22.902162551879883,5400,0.0,0.0
2025-06-20 00:00:00-04:00,22.865577564260064,22.90216332572534,22.819847106933594,22.819847106933594,3700,0.0,0.0
2025-06-23 00:00:00-04:00,22.838138580322266,22.907650132528396,22.81984744382472,22.838138580322266,16500,0.0,0.0
2025-06-24 00:00:00-04:00,22.87472336631654,23.048502239417125,22.87472336631654,22.947893142700195,7800,0.0,0.0
2025-06-25 00:00:00-04:00,23.018318744476435,23.039355731120192,22.957953635525946,23.02106285095215,4800,0.0,0.0
2025-06-26 00:00:00-04:00,23.017404122931826,23.017404122931826,22.99362303032986,23.002769470214844,4100,0.0,0.0
2025-06-27 00:00:00-04:00,23.03935522975478,23.03935522975478,23.002769470214844,23.002769470214844,2100,0.0,0.0
2025-06-30 00:00:00-04:00,23.002768629787138,23.01923152317661,22.911305978784004,22.966184616088867,14600,0.0,0.0
2025-07-01 00:00:00-04:00,23.074111437817486,23.075939679125874,22.984477023059554,23.07502555847168,3100,0.0,0.0
2025-07-02 00:00:00-04:00,23.002769404102256,23.075939178466797,22.911306750020323,23.075939178466797,3000,0.0,0.0
2025-07-03 00:00:00-04:00,23.158255895098907,23.158255895098907,23.075939679089853,23.0942325592041,4600,0.0,0.0
2025-07-07 00:00:00-04:00,23.09514527419046,23.184779683492728,23.094231153591906,23.112524032592773,5600,0.0,0.0
2025-07-08 00:00:00-04:00,23.11252523665882,23.185695011969166,23.11252523665882,23.121671676635742,2600,0.0,0.0
2025-07-09 00:00:00-04:00,23.121671879375473,23.13996301498466,23.0942325592041,23.0942325592041,3600,0.0,0.0
2025-07-10 00:00:00-04:00,23.112523269258766,23.20398591673742,23.094230390862055,23.194839477539062,8900,0.0,0.0
2025-07-11 00:00:00-04:00,23.121670973631247,23.368617867479703,22.922282775008718,23.130817413330078,10500,0.0,0.0
2025-07-14 00:00:00-04:00,22.938746567278926,23.258864991258516,22.938746567278926,23.07502555847168,2800,0.0,0.0
2025-07-15 00:00:00-04:00,23.213131378087624,23.213131378087624,23.112524032592773,23.112524032592773,5000,0.0,0.0
2025-07-16 00:00:00-04:00,23.048502736073765,23.15825653076172,23.048502736073765,23.15825653076172,4500,0.0,0.0
2025-07-17 00:00:00-04:00,23.321056921885795,23.321056921885795,23.112524032592773,23.112524032592773,16800,0.0,0.0
2025-07-18 00:00:00-04:00,23.25886428312578,23.25886428312578,23.057646097005094,23.103378295898438,17000,0.0,0.0
2025-07-21 00:00:00-04:00,23.139966053814575,23.185698260105926,23.139966053814575,23.176551818847656,10000,0.0,0.0
2025-07-22 00:00:00-04:00,23.25886401511669,23.27532690872659,23.167401362888928,23.20398712158203,7200,0.0,0.0
2025-07-23 00:00:00-04:00,23.212216490862506,23.231423489827584,23.121669708457123,23.194839477539062,8600,0.0,0.0
2025-07-24 00:00:00-04:00,23.08508661469779,23.32288882777255,23.08508661469779,23.304595947265625,16800,0.0,0.0
2025-07-25 00:00:00-04:00,23.27715716816602,23.324717608323294,23.249717848823554,23.295448303222656,7300,0.0,0.0
2025-07-28 00:00:00-04:00,23.29545007763336,23.29545007763336,23.240573179273472,23.249719619750977,6000,0.0,0.0
2025-07-29 00:00:00-04:00,23.249717783667148,23.36861801147461,23.240571343911956,23.36861801147461,3200,0.0,0.0
2025-07-30 00:00:00-04:00,23.2405722054089,23.359474182128906,23.2405722054089,23.359474182128906,3800,0.0,0.0
2025-07-31 00:00:00-04:00,23.359473951252834,23.359473951252834,23.139962880170856,23.240571975708008,38800,0.0,0.0
2025-08-01 00:00:00-04:00,23.33691188843159,23.374324846385395,23.253665336333913,23.364971160888672,10100,0.563,0.0
2025-08-04 00:00:00-04:00,23.388356294722033,23.439800676923333,23.377132941676244,23.38368034362793,18200,0.0,0.0
2025-08-05 00:00:00-04:00,23.430450240159747,23.467864990234375,23.402390961637252,23.467864990234375,14100,0.0,0.0
2025-08-06 00:00:00-04:00,23.477214764967993,23.570749840532244,23.40238706132323,23.486568450927734,11600,0.0,0.0
2025-08-07 00:00:00-04:00,23.43044611602482,23.52398119071424,23.43044611602482,23.505273818969727,1400,0.0,0.0
2025-08-08 00:00:00-04:00,23.523982806431416,23.57075123900494,23.482828726606655,23.561397552490234,3900,0.0,0.0
2025-08-11 00:00:00-04:00,23.439801460419087,23.64557899610257,23.439801460419087,23.552043914794922,4400,0.0,0.0
2025-08-12 00:00:00-04:00,23.645579494476348,23.823294190269927,23.626872121013868,23.730695724487305,12200,0.0,0.0
2025-08-13 00:00:00-04:00,23.589458515064518,23.66428622850038,23.552045550363296,23.58010482788086,15400,0.0,0.0
2025-08-14 00:00:00-04:00,23.512759648218143,23.523983001708984,23.495923725965227,23.523983001708984,6100,0.0,0.0
2025-08-15 00:00:00-04:00,23.5613969918036,23.673637659242523,23.5613969918036,23.645578384399414,7000,0.0,0.0
2025-08-18 00:00:00-04:00,23.66428278823204,23.692343845703554,23.653059435663327,23.678314208984375,4700,0.0,0.0
2025-08-19 00:00:00-04:00,23.692345435653394,23.71946987753959,23.692345435653394,23.715728759765625,2200,0.0,0.0
2025-08-20 00:00:00-04:00,23.757817730835004,23.757817730835004,23.69701966533341,23.724145889282227,1800,0.0,0.0
2025-08-21 00:00:00-04:00,23.785880896595273,23.84200123216894,23.682992128015805,23.68673324584961,4800,0.0,0.0
2025-08-22 00:00:00-04:00,23.654931560015196,23.72040557861328,23.580102071293723,23.72040557861328,6400,0.0,0.0
2025-08-25 00:00:00-04:00,23.717598720127288,23.73911059198398,23.701697632562297,23.72321128845215,2900,0.0,0.0
2025-08-26 00:00:00-04:00,23.74846463265873,23.755012034457835,23.729759044685004,23.739110946655273,3400,0.0,0.0
2025-08-27 00:00:00-04:00,23.757818538940814,23.757818538940814,23.580102071293723,23.72040557861328,3700,0.0,0.0
2025-08-28 00:00:00-04:00,23.692346622100615,23.692346622100615,23.657738158900123,23.682992935180664,3000,0.0,0.0
2025-08-29 00:00:00-04:00,23.692346622100615,23.692346622100615,23.64557997153421,23.682992935180664,2600,0.0,0.0
2025-09-02 00:00:00-04:00,23.72601832001864,23.72601832001864,23.664285413958112,23.7110538482666,1900,0.0,0.0
2025-09-03 00:00:00-04:00,23.68579931819877,23.68579931819877,23.570752358268106,23.66428565979004,4700,0.0,0.0
2025-09-04 00:00:00-04:00,23.668961854221063,23.69234517807908,23.617517471313477,23.617517471313477,3600,0.0,0.0
2025-09-05 00:00:00-04:00,23.66428622850038,23.66428622850038,23.58010482788086,23.58010482788086,3500,0.0,0.0
2025-09-08 00:00:00-04:00,23.570750823597447,23.668961854221063,23.570750823597447,23.617517471313477,11600,0.0,0.0
2025-09-09 00:00:00-04:00,23.654932633604002,23.654932633604002,23.53333649294612,23.561397552490234,19400,0.0,0.0
2025-09-10 00:00:00-04:00,23.617518338831076,23.632484594347236,23.596941298525508,23.622194290161133,5900,0.0,0.0
2025-09-11 00:00:00-04:00,23.617517617450744,23.62687130385848,23.58945655822754,23.58945655822754,5700,0.0,0.0
2025-09-12 00:00:00-04:00,23.625936324238324,23.668961854221063,23.533336078198015,23.617517471313477,10300,0.0,0.0
2025-09-15 00:00:00-04:00,23.739111630484356,23.739111630484356,23.61751727700312,23.654932022094727,5100,0.0,0.0
2025-09-16 00:00:00-04:00,23.654932216712904,23.654932216712904,23.617517471313477,23.617517471313477,1500,0.0,0.0
2025-09-17 00:00:00-04:00,23.634356070117214,23.67457710438063,23.61752014639382,23.64090347290039,9700,0.0,0.0
2025-09-18 00:00:00-04:00,23.63061242161492,23.65493236308168,23.570750969445335,23.58945655822754,11000,0.0,0.0
2025-09-19 00:00:00-04:00,23.61564616655589,23.631547255045714,23.54268991022213,23.58945655822754,5300,0.0,0.0
2025-09-22 00:00:00-04:00,23.60816192626953,23.654930354336692,23.542687911008617,23.60816192626953,19300,0.0,0.0
2025-09-23 00:00:00-04:00,23.673635941530442,23.692343312757306,23.55204159662205,23.60816192626953,5600,0.0,0.0
2025-09-24 00:00:00-04:00,23.63622712426639,23.664286401989663,23.533338348525245,23.57075309753418,11600,0.0,0.0
2025-09-25 00:00:00-04:00,23.561397650206604,23.6175179854943,23.54269027709961,23.54269027709961,5200,0.0,0.0
2025-09-26 00:00:00-04:00,23.58010262883601,23.64557843301545,23.54268966762386,23.6362247467041,7900,0.0,0.0
2025-09-29 00:00:00-04:00,23.626869345471494,23.626869345471494,23.54642907625913,23.59880828857422,9900,0.0,0.0
2025-09-30 00:00:00-04:00,23.58010091730937,23.608161974206645,23.55017019370548,23.59880828857422,9000,0.0,0.0
2025-10-01 00:00:00-04:00,23.58010272591405,23.617517471313477,23.56139713724759,23.617517471313477,8400,0.0,0.0
2025-10-02 00:00:00-04:00,23.66428342311502,23.68392562866211,23.589455718549935,23.68392562866211,6700,0.0,0.0
2025-10-03 00:00:00-04:00,23.701700161404904,23.731630888942327,23.645579824268065,23.7110538482666,9700,0.0,0.0
2025-10-06 00:00:00-04:00,23.645577654687063,23.739110946655273,23.645577654687063,23.739110946655273,43200,0.0,0.0
2025-10-07 00:00:00-04:00,23.73911317406234,23.80458898223005,23.664285463046884,23.70170021057129,24600,0.0,0.0
2025-10-08 00:00:00-04:00,23.7110538482666,23.757820498541744,23.7110538482666,23.7110538482666,10500,0.0,0.0
2025-10-09 00:00:00-04:00,23.72508130966668,23.776525690669107,23.711051672678085,23.739110946655273,6100,0.0,0.0
2025-10-10 00:00:00-04:00,23.739110946655273,23.785879376672565,23.739110946655273,23.739110946655273,4800,0.0,0.0
2025-10-13 00:00:00-04:00,23.739113223345218,23.739113223345218,23.673639199074938,23.692346572875977,8800,0.0,0.0
2025-10-14 00:00:00-04:00,23.72976141912177,23.72976141912177,23.67363929748535,23.67363929748535,10400,0.0,0.0
2025-10-15 00:00:00-04:00,23.71479301015253,23.729759264703468,23.701698206432912,23.72040557861328,14100,0.0,0.0
2025-10-16 00:00:00-04:00,23.69234548484961,23.78120283027391,23.69234548484961,23.76997947692871,16400,0.0,0.0
2025-10-17 00:00:00-04:00,23.804588932850233,23.842001896263678,23.682992787681506,23.7110538482666,2900,0.0,0.0
2025-10-20 00:00:00-04:00,23.75782003142957,23.79523477814074,23.71105338207393,23.776527404785156,17300,0.0,0.0
2025-10-21 00:00:00-04:00,23.80458841579753,23.80458841579753,23.729760706562605,23.78588104248047,12100,0.0,0.0
2025-10-22 00:00:00-04:00,23.785881091462947,23.785881091462947,23.75782003142957,23.776527404785156,7600,0.0,0.0
2025-10-23 00:00:00-04:00,23.804586700257175,23.804586700257175,23.7026327718501,23.748464584350586,2400,0.0,0.0
2025-10-24 00:00:00-04:00,23.785879328288313,23.785879328288313,23.748464584350586,23.748464584350586,2900,0.0,0.0
2025-10-27 00:00:00-04:00,23.767172288880257,23.80458703334151,23.729759328452218,23.79242706298828,12900,0.0,0.0
2025-10-28 00:00:00-04:00,23.757819945012777,23.814876898329775,23.757819945012777,23.813005447387695,7400,0.0,0.0
2025-10-29 00:00:00-04:00,23.81393936449522,23.842000423346754,23.81393936449522,23.81768226623535,2600,0.0,0.0
2025-10-30 00:00:00-04:00,23.851354929439555,23.851354929439555,23.813940183018172,23.83171272277832,5000,0.0,0.0
2025-10-31 00:00:00-04:00,23.950318617433542,24.084225560953143,23.921623490531363,24.050748825073242,30300,0.563,0.0
2025-11-03 00:00:00-05:00,24.055530260952892,24.30421588594644,23.99814183190677,24.227697372436523,19200,0.0,0.0
2025-11-04 00:00:00-05:00,24.256391058754307,24.275519317736972,24.122482299804688,24.122482299804688,21400,0.0,0.0
2025-11-05 00:00:00-05:00,24.055528952429025,24.132047461776644,24.007705568216203,24.065093994140625,4600,0.0,0.0
2025-11-06 00:00:00-05:00,24.074660445136466,24.086137401255122,23.95988176222353,23.988576889038086,6600,0.0,0.0
2025-11-07 00:00:00-05:00,24.045963910717425,24.08422407756382,23.95988035965821,24.065093994140625,5600,0.0,0.0
2025-11-10 00:00:00-05:00,24.103355884437093,24.12248414488284,23.983795591011006,23.99814224243164,13900,0.0,0.0
2025-11-11 00:00:00-05:00,23.98857517397855,24.091875069042143,23.98857517397855,24.05552864074707,8900,0.0,0.0
2025-11-12 00:00:00-05:00,24.03448664386129,24.17030731545392,24.031616948950475,24.05552864074707,4100,0.0,0.0
2025-11-13 00:00:00-05:00,23.98857610568128,24.11291800246002,23.98857610568128,24.084224700927734,8300,0.0,0.0
2025-11-14 00:00:00-05:00,23.99240082574459,24.122482107515587,23.979010132390883,24.05552864074707,6600,0.0,0.0
2025-11-17 00:00:00-05:00,24.055529194006336,24.06509423581399,23.927361647343165,23.9503173828125,10400,0.0,0.0
2025-11-18 00:00:00-05:00,23.950316915698938,23.950316915698938,23.663371140101273,23.816408157348633,76700,0.0,0.0
2025-11-19 00:00:00-05:00,23.835538240590843,23.91205674921452,23.797278074106426,23.816408157348633,7400,0.0,0.0
2025-11-20 00:00:00-05:00,23.86423274015486,23.912056122662147,23.76954010762871,23.797277450561523,18000,0.0,0.0
2025-11-21 00:00:00-05:00,23.78771454530852,23.892926353072518,23.77814950381268,23.806842803955078,9800,0.0,0.0
2025-11-24 00:00:00-05:00,23.80684171726312,23.892925262451172,23.80684171726312,23.892925262451172,8700,0.0,0.0
2025-11-25 00:00:00-05:00,23.912055843193407,23.979009307659133,23.84988398718448,23.93309783935547,7800,0.0,0.0
2025-11-26 00:00:00-05:00,23.86423491494681,23.97901177316216,23.86423491494681,23.92640495300293,2400,0.0,0.0
2025-11-28 00:00:00-05:00,23.912057443708086,23.959880828857422,23.883362318011365,23.959880828857422,4000,0.0,0.0
2025-12-01 00:00:00-05:00,23.95988035965821,24.065093994140625,23.95988035965821,24.065093994140625,7100,0.0,0.0
2025-12-02 00:00:00-05:00,24.084223957494196,24.24682601709039,24.06509387416637,24.122482299804688,7100,0.0,0.0
2025-12-03 00:00:00-05:00,24.132047149103254,24.227695740634772,24.05552864074707,24.05552864074707,5700,0.0,0.0
2025-12-04 00:00:00-05:00,24.055529575050233,24.170308254215023,24.055529575050233,24.084224700927734,6400,0.0,0.0
2025-12-05 00:00:00-05:00,24.19900080877083,24.19900080877083,24.122482299804688,24.122482299804688,3200,0.0,0.0
2025-12-08 00:00:00-05:00,24.16074118155362,24.198999521829474,24.122481016932706,24.141611099243164,4400,0.0,0.0
2025-12-09 00:00:00-05:00,24.22769527150234,24.22769527150234,24.12248164042046,24.160741806030273,5200,0.0,0.0
2025-12-10 00:00:00-05:00,24.132047774201578,24.18943802521417,24.066050262578734,24.07465934753418,3400,0.0,0.0
2025-12-11 00:00:00-05:00,24.103352993556534,24.160741416701384,24.007704405418394,24.02683448791504,6800,0.0,0.0
2025-12-12 00:00:00-05:00,24.093788999158107,24.19900080877083,24.074658915830284,24.122482299804688,3200,0.0,0.0
2025-12-15 00:00:00-05:00,24.165523726488303,24.199000459656453,24.122481951794228,24.170307159423828,7200,0.0,0.0
2025-12-16 00:00:00-05:00,24.170307159423828,24.237260625760133,24.170307159423828,24.170307159423828,3700,0.0,0.0
2025-12-17 00:00:00-05:00,24.25734701561715,24.273607404011287,24.122482299804688,24.122482299804688,1600,0.0,0.0
2025-12-18 00:00:00-05:00,24.055529642563663,24.208566665649414,24.055529642563663,24.208566665649414,3800,0.0,0.0
2025-12-19 00:00:00-05:00,24.141612537245468,24.246826171875,24.141612537245468,24.246826171875,800,0.0,0.0
2025-12-22 00:00:00-05:00,24.08422532330216,24.179873921020324,24.01727185220302,24.103355407714844,9700,0.0,0.0
2025-12-23 00:00:00-05:00,24.112916210459776,24.151176375453062,23.940750941025225,24.02683448791504,13300,0.0,0.0
2025-12-24 00:00:00-05:00,24.078482975549413,24.13204574584961,24.078482975549413,24.13204574584961,2500,0.0,0.0
2025-12-26 00:00:00-05:00,24.14161319609255,24.265956917565486,24.122483112120527,24.208566665649414,7900,0.0,0.0
2025-12-29 00:00:00-05:00,24.045962822914014,24.208564875964974,24.045962822914014,24.15117645263672,3600,0.0,0.0
2025-12-30 00:00:00-05:00,24.15117823807856,24.208566665649414,24.15117823807856,24.208566665649414,6900,0.0,0.0
2025-12-31 00:00:00-05:00,24.35203895987853,24.390299128314545,24.179873674952198,24.21813201904297,11500,0.0,0.0
2026-01-02 00:00:00-05:00,24.19900065924885,24.312823377304504,24.19900065924885,24.27360725402832,2600,0.0,0.0
2026-01-05 00:00:00-05:00,24.246825041080534,24.32334354696657,24.13204637007894,24.15117645263672,12600,0.0,0.0
2026-01-06 00:00:00-05:00,24.170306072403246,24.256389617919922,24.170306072403246,24.256389617919922,6100,0.0,0.0
2026-01-07 00:00:00-05:00,24.256389617919922,24.313778040149355,24.256389617919922,24.256389617919922,5000,0.0,0.0
2026-01-08 00:00:00-05:00,24.27551818818725,24.294648270624943,24.265954971313477,24.265954971313477,1400,0.0,0.0
2026-01-09 00:00:00-05:00,24.285084514429723,24.304214597879668,24.246826171875,24.246826171875,5100,0.0,0.0
2026-01-12 00:00:00-05:00,24.294648376820632,24.332908541863265,24.112916241558302,24.234390258789062,12000,0.0,0.0
2026-01-13 00:00:00-05:00,24.265956446276594,24.32334487273286,24.265956446276594,24.313779830932617,3600,0.0,0.0
2026-01-14 00:00:00-05:00,24.34247636738644,24.34247636738644,24.22578394526633,24.237262725830078,2300,0.0,0.0
2026-01-15 00:00:00-05:00,24.256389930094628,24.270736579750363,24.246824888875782,24.265954971313477,3100,0.0,0.0
2026-01-16 00:00:00-05:00,24.275520823445937,24.361604379415397,24.275520823445937,24.352039337158203,4600,0.0,0.0
2026-01-20 00:00:00-05:00,24.3329099145331,24.3329099145331,24.313779830932617,24.313779830932617,1000,0.0,0.0
2026-01-21 00:00:00-05:00,24.37116825738888,24.37116825738888,24.313779830932617,24.313779830932617,3800,0.0,0.0
2026-01-22 00:00:00-05:00,24.313780453629306,24.4285591338266,24.313780453629306,24.332910537719727,7300,0.0,0.0
2026-01-23 00:00:00-05:00,24.34247479831121,24.428558349609375,24.34247479831121,24.428558349609375,4800,0.0,0.0
2026-01-26 00:00:00-05:00,24.41899299621582,24.438121255102814,24.371167788135462,24.41899299621582,7000,0.0,0.0
2026-01-27 00:00:00-05:00,24.428559437382603,24.43812265520142,24.38073422656226,24.404645919799805,10800,0.0,0.0
2026-01-28 00:00:00-05:00,24.40942795459975,24.41899299621582,24.380732829751533,24.41899299621582,6200,0.0,0.0
2026-01-29 00:00:00-05:00,24.41899299621582,24.42855803783189,24.40942795459975,24.41899299621582,5000,0.0,0.0
2026-01-30 00:00:00-05:00,24.597975540269665,24.71338555651014,24.480610497083536,24.646879196166992,26000,0.563,0.0
2026-02-02 00:00:00-05:00,24.71534126183441,24.86204849151243,24.69577980041504,24.69577980041504,12500,0.0,0.0
2026-02-03 00:00:00-05:00,24.60775524198486,24.7055606842041,24.60775524198486,24.7055606842041,4900,0.0,0.0
2026-02-04 00:00:00-05:00,24.734903182673577,24.79847513524185,24.646878470135093,24.725122451782227,4800,0.0,0.0
2026-02-05 00:00:00-05:00,24.81216735721962,24.81216735721962,24.597974391201195,24.636117935180664,7000,0.0,0.0
2026-02-06 00:00:00-05:00,24.66448258248504,24.66448258248504,24.51973037965261,24.568634033203125,6800,0.0,0.0
2026-02-09 00:00:00-05:00,24.646878737792505,24.646878737792505,24.617536544799805,24.617536544799805,1900,0.0,0.0
2026-02-10 00:00:00-05:00,24.671330091373793,24.69578098658059,24.637098464987528,24.646879196166992,7500,0.0,0.0
2026-02-11 00:00:00-05:00,24.646878690428082,24.695780479838245,24.578413573576686,24.61557960510254,9800,0.0,0.0
2026-02-12 00:00:00-05:00,24.637098159647113,24.71534214262939,24.617536697530618,24.627317428588867,9800,0.0,0.0
2026-02-13 00:00:00-05:00,24.632207429644744,24.695781250248157,24.597975802893,24.666439056396484,14900,0.0,0.0
2026-02-17 00:00:00-05:00,24.666437913838944,24.730011731497598,24.637097586830073,24.715341567993164,9500,0.0,0.0
2026-02-18 00:00:00-05:00,24.764244239353122,24.764244239353122,24.627317733808063,24.646879196166992,6800,0.0,0.0
2026-02-19 00:00:00-05:00,24.67621818597694,24.725121839222115,24.67621818597694,24.685998916625977,4000,0.0,0.0
2026-02-20 00:00:00-05:00,24.725122451782227,24.734903182673577,24.705560989999526,24.725122451782227,4800,0.0,0.0
2026-02-23 00:00:00-05:00,24.764244079589844,24.764244079589844,24.666438633909898,24.764244079589844,3900,0.0,0.0
2026-02-24 00:00:00-05:00,24.76424351533273,24.76424351533273,24.676218802774805,24.72707748413086,3500,0.0,0.0
2026-02-25 00:00:00-05:00,24.705561253512716,24.74468231201172,24.65665759853435,24.74468231201172,6100,0.0,0.0
2026-02-26 00:00:00-05:00,24.744681281471653,24.744681281471653,24.62731624537885,24.676218032836914,4800,0.0,0.0
2026-02-27 00:00:00-05:00,24.685999489622546,24.705560951374665,24.59797477722168,24.59797477722168,7300,0.0,0.0
2026-03-02 00:00:00-05:00,24.578413925664645,24.63709831237793,24.539292866672838,24.63709831237793,10400,0.0,0.0
2026-03-03 00:00:00-05:00,24.568634297285808,24.637097547508784,24.519730643209638,24.588193893432617,7300,0.0,0.0
2026-03-04 00:00:00-05:00,24.617536386493505,24.617536386493505,24.60580062866211,24.60580062866211,900,0.0,0.0
2026-03-05 00:00:00-05:00,24.59797477722168,24.646878431601976,24.59797477722168,24.59797477722168,8800,0.0,0.0
2026-03-06 00:00:00-05:00,24.549073749856067,24.67621952422166,24.549073749856067,24.646879196166992,3700,0.0,0.0
2026-03-09 00:00:00-04:00,24.6175362389738,24.627316969849858,24.499191820502247,24.59797477722168,13400,0.0,0.0
2026-03-10 00:00:00-04:00,24.60775596647237,24.627317428588867,24.558854176664838,24.627317428588867,6100,0.0,0.0
2026-03-11 00:00:00-04:00,24.607755661010742,24.6957803739586,24.607755661010742,24.607755661010742,5500,0.0,0.0
2026-03-12 00:00:00-04:00,24.602866075401543,24.632206402546053,24.59797477722168,24.59797477722168,5900,0.0,0.0
2026-03-13 00:00:00-04:00,24.597974359849797,24.661548176723645,24.470828591585736,24.568634033203125,10200,0.0,0.0
2026-03-16 00:00:00-04:00,24.578414196044147,24.578414196044147,24.461049152293917,24.529512405395508,11400,0.0,0.0
2026-03-17 00:00:00-04:00,24.53929241394576,24.53929241394576,24.373023718959722,24.480609893798828,30400,0.0,0.0
2026-03-18 00:00:00-04:00,24.480609587853106,24.52951137645045,24.451267395404503,24.461048126220703,7600,0.0,0.0
2026-03-19 00:00:00-04:00,24.38475871401105,24.45126693611848,24.304559707598493,24.431705474853516,33000,0.0,0.0
2026-03-20 00:00:00-04:00,24.441486474148775,24.441486474148775,24.060047302707275,24.069828033447266,33300,0.0,0.0
2026-03-23 00:00:00-04:00,24.081563791045074,24.187193071359893,23.83509609213837,24.069828033447266,44700,0.0,0.0
2026-03-24 00:00:00-04:00,23.993539495322008,24.196974221075624,23.962242275702298,24.09916877746582,52300,0.0,0.0
2026-03-25 00:00:00-04:00,24.118729404544627,24.333899880652293,24.118729404544627,24.29477882385254,7200,0.0,0.0
2026-03-26 00:00:00-04:00,24.353462541146587,24.353462541146587,24.118730592337226,24.12068748474121,14400,0.0,0.0
2026-03-27 00:00:00-04:00,24.265438504411893,24.265438504411893,24.06004874302761,24.167633056640625,4500,0.0,0.0
2026-03-30 00:00:00-04:00,24.167631761243243,24.304560126977087,24.138291434323147,24.206754684448242,11900,0.0,0.0
2026-03-31 00:00:00-04:00,24.26543823240718,24.37302441029796,24.196974979379863,24.275218963623047,8600,0.0,0.0
2026-04-01 00:00:00-04:00,24.20871161380716,24.461048126220703,24.20871161380716,24.461048126220703,9400,0.0,0.0
2026-04-02 00:00:00-04:00,24.51973037965261,24.568634033203125,24.39258461138855,24.568634033203125,6100,0.0,0.0
2026-04-06 00:00:00-04:00,24.568634755295665,24.637098006794936,24.51973110030783,24.617536544799805,4000,0.0,0.0
2026-04-07 00:00:00-04:00,24.578414060558575,24.58330535888672,24.50017007666182,24.58330535888672,900,0.0,0.0
2026-04-08 00:00:00-04:00,24.627316550930875,24.69577980041504,24.627316550930875,24.69577980041504,1300,0.0,0.0
2026-04-09 00:00:00-04:00,24.730011272064914,24.813146549840774,24.549072418764926,24.558853149414062,4000,0.0,0.0
2026-04-10 00:00:00-04:00,24.578412613496788,24.79358495565732,24.578412613496788,24.739791870117188,5900,0.0,0.0
2026-04-13 00:00:00-04:00,24.710450400138186,24.79358567989691,24.627316985863125,24.788694381713867,6300,0.0,0.0
2026-04-14 00:00:00-04:00,24.798475734696527,25.038098983617868,24.783805570746715,25.018537521362305,10300,0.0,0.0
2026-04-15 00:00:00-04:00,24.930511627733186,25.028317068902062,24.69577968821806,24.940292358398438,8200,0.0,0.0
2026-04-16 00:00:00-04:00,24.84248851330357,24.95985542334351,24.470830051563976,24.920732498168945,6500,0.0,0.0
2026-04-17 00:00:00-04:00,24.950073700839464,24.979415893554688,24.950073700839464,24.979415893554688,4200,0.0,0.0
2026-04-20 00:00:00-04:00,24.862048988177474,25.067438740733003,24.862048988177474,24.979415893554688,6300,0.0,0.0
2026-04-21 00:00:00-04:00,25.038099424858135,25.057660887458425,24.940293977340446,24.98430633544922,6400,0.0,0.0
2026-04-22 00:00:00-04:00,25.057660445873427,25.067439311517493,24.939316024356113,25.018537521362305,11500,0.0,0.0
2026-04-23 00:00:00-04:00,25.028317068433708,25.06743812561035,24.90116943527146,25.06743812561035,3100,0.0,0.0
2026-04-24 00:00:00-04:00,25.065484302261993,25.194586968465817,24.91095136201126,25.082111358642578,7900,0.0,0.0
2026-04-27 00:00:00-04:00,24.989194034818443,25.08211004298221,24.989194034818443,25.057659149169922,6200,0.0,0.0
2026-04-28 00:00:00-04:00,24.9500732421875,25.03809795323135,24.94029251146222,24.9500732421875,2500,0.0,0.0
2026-04-29 00:00:00-04:00,24.959853972912775,25.00875576105552,24.94029251146222,24.9500732421875,1900,0.0,0.0
2026-04-30 00:00:00-04:00,24.940292662388803,25.126122816326337,24.940292662388803,25.086999893188477,5400,0.0,0.0
2026-05-01 00:00:00-04:00,25.1299991607666,25.25,25.1299991607666,25.25,6300,0.563,0.0
2026-05-04 00:00:00-04:00,25.1200008392334,25.219999313354492,25.1200008392334,25.200000762939453,4100,0.0,0.0
2026-05-05 00:00:00-04:00,25.229999542236328,25.299999237060547,25.200000762939453,25.229999542236328,7600,0.0,0.0
2026-05-06 00:00:00-04:00,25.200000762939453,25.350000381469727,25.200000762939453,25.270000457763672,6600,0.0,0.0
2026-05-07 00:00:00-04:00,25.235000610351562,25.309999465942383,25.235000610351562,25.309999465942383,3500,0.0,0.0
2026-05-08 00:00:00-04:00,25.21500015258789,25.3799991607666,25.21500015258789,25.34000015258789,10400,0.0,0.0
2026-05-11 00:00:00-04:00,25.25,25.350000381469727,25.149999618530273,25.350000381469727,8200,0.0,0.0
2026-05-12 00:00:00-04:00,25.139999389648438,25.209999084472656,25.1200008392334,25.1299991607666,2700,0.0,0.0
2026-05-13 00:00:00-04:00,25.280000686645508,25.347999572753906,25.2549991607666,25.347999572753906,700,0.0,0.0
2026-05-14 00:00:00-04:00,25.18000030517578,25.34000015258789,25.1200008392334,25.31999969482422,6200,0.0,0.0
2026-05-15 00:00:00-04:00,25.25,25.25,25.100000381469727,25.18000030517578,15900,0.0,0.0
2026-05-18 00:00:00-04:00,25.1299991607666,25.18000030517578,25.100000381469727,25.100000381469727,13100,0.0,0.0
2026-05-19 00:00:00-04:00,25.18000030517578,25.18000030517578,25.049999237060547,25.100000381469727,26100,0.0,0.0
2026-05-20 00:00:00-04:00,25.200000762939453,25.329999923706055,25.15999984741211,25.15999984741211,12800,0.0,0.0
2026-05-21 00:00:00-04:00,25.079999923706055,25.232999801635742,25.079999923706055,25.232999801635742,1300,0.0,0.0
2026-05-22 00:00:00-04:00,25.149999618530273,25.25,25.149999618530273,25.25,500,0.0,0.0
2026-05-26 00:00:00-04:00,25.229999542236328,25.229999542236328,25.198999404907227,25.198999404907227,1600,0.0,0.0
2026-05-27 00:00:00-04:00,25.149999618530273,25.489999771118164,25.149999618530273,25.489999771118164,7100,0.0,0.0
2026-05-28 00:00:00-04:00,25.450000762939453,25.450000762939453,25.329999923706055,25.329999923706055,700,0.0,0.0
2026-05-29 00:00:00-04:00,25.329999923706055,25.450000762939453,25.280000686645508,25.280000686645508,3300,0.0,0.0
2026-06-01 00:00:00-04:00,25.18000030517578,25.270000457763672,25.18000030517578,25.270000457763672,800,0.0,0.0
2026-06-02 00:00:00-04:00,25.18000030517578,25.350000381469727,25.149999618530273,25.149999618530273,5500,0.0,0.0
2026-06-03 00:00:00-04:00,25.260000228881836,25.299999237060547,25.1299991607666,25.1299991607666,1200,0.0,0.0
2026-06-04 00:00:00-04:00,25.209999084472656,25.209999084472656,25.209999084472656,25.209999084472656,300,0.0,0.0
2026-06-05 00:00:00-04:00,25.21500015258789,25.270000457763672,25.21500015258789,25.225000381469727,4000,0.0,0.0
2026-06-08 00:00:00-04:00,25.229999542236328,25.239999771118164,25.16200065612793,25.200000762939453,1600,0.0,0.0
2026-06-09 00:00:00-04:00,25.239999771118164,25.239999771118164,25.200000762939453,25.200000762939453,1400,0.0,0.0
2026-06-10 00:00:00-04:00,25.190000534057617,25.209999084472656,25.170000076293945,25.200000762939453,1800,0.0,0.0
2026-06-11 00:00:00-04:00,25.200000762939453,25.200000762939453,25.049999237060547,25.149999618530273,7500,0.0,0.0
2026-06-12 00:00:00-04:00,25.15999984741211,25.15999984741211,25.069000244140625,25.06999969482422,6200,0.0,0.0
2026-06-15 00:00:00-04:00,25.139999389648438,25.219999313354492,25.139999389648438,25.18000030517578,2400,0.0,0.0
2026-06-16 00:00:00-04:00,25.145000457763672,25.18000030517578,25.1200008392334,25.135000228881836,3700,0.0,0.0
2026-06-17 00:00:00-04:00,25.18000030517578,25.18000030517578,25.100000381469727,25.100000381469727,5000,0.0,0.0
2026-06-18 00:00:00-04:00,25.149999618530273,25.149999618530273,25.139999389648438,25.139999389648438,700,0.0,0.0
2026-06-22 00:00:00-04:00,25.190000534057617,25.200000762939453,25.149999618530273,25.174999237060547,5600,0.0,0.0
2026-06-23 00:00:00-04:00,25.139999389648438,25.225000381469727,25.139999389648438,25.209999084472656,7200,0.0,0.0
2026-06-24 00:00:00-04:00,25.239999771118164,25.40999984741211,25.239999771118164,25.299999237060547,7700,0.0,0.0
2026-06-25 00:00:00-04:00,25.299999237060547,25.489999771118164,25.299999237060547,25.301000595092773,3300,0.0,0.0
