Date,Open,High,Low,Close,Volume,Dividends,Stock Splits
2022-01-03 00:00:00-05:00,23.280428716183245,23.531846631501697,22.78200467078522,22.870220184326172,73600,0.0,0.0
2022-01-04 00:00:00-05:00,22.843752789477453,23.18338785018401,22.654968118897894,22.9407901763916,20500,0.0,0.0
2022-01-05 00:00:00-05:00,23.024598644174,23.14369159595352,22.40266990661621,22.40266990661621,29300,0.0,0.0
2022-01-06 00:00:00-05:00,22.477655369152927,22.826112367574453,22.12037816548294,22.71584129333496,37800,0.0,0.0
2022-01-07 00:00:00-05:00,22.71583778972987,23.373054031176025,22.71583778972987,22.75112533569336,37500,0.0,0.0
2022-01-10 00:00:00-05:00,22.5349933272348,22.605566736571696,22.257109791832065,22.552637100219727,49300,0.0,0.0
2022-01-11 00:00:00-05:00,22.874629306663522,23.756797800201785,22.7546546742196,23.598007202148438,71800,0.0,0.0
2022-01-12 00:00:00-05:00,23.527433473242954,23.972927816137265,23.390696752848243,23.72150993347168,61500,0.0,0.0
2022-01-13 00:00:00-05:00,23.553898031433036,24.167004828287094,23.46568085087356,24.100841522216797,81900,0.0,0.0
2022-01-14 00:00:00-05:00,24.193468494096233,24.414010601362754,24.1502424295235,24.303739547729492,126200,0.0,0.0
2022-01-18 00:00:00-05:00,22.257108190867633,22.393844897761053,21.520498389061192,22.032155990600586,127800,0.0,0.0
2022-01-19 00:00:00-05:00,23.65907277009951,23.858286222978474,23.350764168011786,23.55472183227539,50500,3.5,0.0
2022-01-20 00:00:00-05:00,23.93418006059445,24.128651133737954,23.241673488852864,23.379226684570312,23100,0.0,0.0
2022-01-21 00:00:00-05:00,23.241670525552102,23.242618644062084,22.539677428845476,22.862215042114258,47200,0.0,0.0
2022-01-24 00:00:00-05:00,23.075663864577034,23.47883505592403,21.64321754908919,22.805301666259766,71400,0.0,0.0
2022-01-25 00:00:00-05:00,22.68671710200748,23.4456280649266,22.68671710200748,23.15155029296875,38100,0.0,0.0
2022-01-26 00:00:00-05:00,23.768167887128175,24.285176594135702,23.573696821706257,23.844058990478516,50100,0.0,0.0
2022-01-27 00:00:00-05:00,24.479649053440713,24.805032878720137,23.967382719617238,24.057504653930664,41000,0.0,0.0
2022-01-28 00:00:00-05:00,23.986356522372702,24.825902938842773,23.78239882636878,24.825902938842773,47200,0.0,0.0
2022-01-31 00:00:00-05:00,26.044903231752254,26.723180770874023,25.87604584062193,26.723180770874023,77200,0.0,0.0
2022-02-01 00:00:00-05:00,26.48602224561586,26.79907329491551,26.063877840737657,26.765871047973633,63100,0.0,0.0
2022-02-02 00:00:00-05:00,27.036230450194267,27.036230450194267,26.22039975936014,26.234630584716797,33500,0.0,0.0
2022-02-03 00:00:00-05:00,25.47097621969341,26.46230477517568,25.138951963952557,26.267833709716797,45700,0.0,0.0
2022-02-04 00:00:00-05:00,26.220402047267083,26.73978288813347,26.120795308011992,26.414873123168945,31500,0.0,0.0
2022-02-07 00:00:00-05:00,26.727924656402763,27.86629309821209,26.727924656402763,27.19750213623047,42800,0.0,0.0
2022-02-08 00:00:00-05:00,27.723993667499137,28.520851104866733,27.681778870856018,28.074989318847656,58500,0.0,0.0
2022-02-09 00:00:00-05:00,28.245743994999867,28.45918826889386,27.58454170987454,27.97538185119629,31000,0.0,0.0
2022-02-10 00:00:00-05:00,27.202245140778825,27.778543883170133,26.874965065976237,27.03623390197754,46700,0.0,0.0
2022-02-11 00:00:00-05:00,27.06469353296956,27.747713522135182,26.423412478151537,26.67100715637207,47700,0.0,0.0
2022-02-14 00:00:00-05:00,26.727925728937176,26.979316507145008,26.016445876602877,26.614089965820312,60700,0.0,0.0
2022-02-15 00:00:00-05:00,26.984055207061328,27.38390792930939,26.984055207061328,27.202241897583008,18700,0.0,0.0
2022-02-16 00:00:00-05:00,27.3160796613901,28.212543869600307,27.3160796613901,27.738224029541016,21600,0.0,0.0
2022-02-17 00:00:00-05:00,27.73822426966871,28.027559664111486,27.112122220121254,27.33030891418457,38700,0.0,0.0
2022-02-18 00:00:00-05:00,27.1880172747127,27.46691797710026,26.803817493714348,26.88445281982422,21300,0.0,0.0
2022-02-22 00:00:00-05:00,26.912910455846568,27.458377225496058,26.580886182058727,27.01725959777832,18900,0.0,0.0
2022-02-23 00:00:00-05:00,27.15481229272599,27.15481229272599,25.779283959383445,25.907350540161133,17000,0.0,0.0
2022-02-24 00:00:00-05:00,25.0251144986215,25.869405062299673,24.714435575766576,25.599042892456055,35800,0.0,0.0
2022-02-25 00:00:00-05:00,25.76031161670491,26.585627139623444,25.76031161670491,26.267833709716797,13900,0.0,0.0
2022-02-28 00:00:00-05:00,26.576140139183835,27.659012786013125,26.386413288223345,26.84650230407715,28900,0.0,0.0
2022-03-01 00:00:00-05:00,27.03623110786072,27.078445906903635,26.32949374417425,26.452817916870117,17900,0.0,0.0
2022-03-02 00:00:00-05:00,26.704208095630975,27.894751972623684,26.704208095630975,27.662334442138672,16200,0.0,0.0
2022-03-03 00:00:00-05:00,26.96508061473353,27.420429009831178,26.646339090367615,27.107378005981445,48400,0.0,0.0
2022-03-04 00:00:00-05:00,26.865477505412453,27.00303070379884,26.324753135906523,26.571399688720703,16300,0.0,0.0
2022-03-07 00:00:00-05:00,27.031491194854937,27.614904439571504,26.55242709504435,26.5666561126709,28600,0.0,0.0
2022-03-08 00:00:00-05:00,26.642544576185287,26.97931303812221,26.182455561217452,26.689977645874023,20600,0.0,0.0
2022-03-09 00:00:00-05:00,28.093965334276643,28.459191846769926,27.667078542207108,28.10819435119629,57100,0.0,0.0
2022-03-10 00:00:00-05:00,28.288436716818293,28.990429906287357,27.721150558412685,28.905052185058594,48200,0.0,0.0
2022-03-11 00:00:00-05:00,28.758015064664967,29.382219119885225,28.69635297313572,28.833906173706055,40400,0.0,0.0
2022-03-14 00:00:00-04:00,29.483722098034693,29.773531558228775,29.175413468701418,29.644990921020508,42500,0.0,0.0
2022-03-15 00:00:00-04:00,30.750157626923123,31.300366786958968,29.77258399717691,30.688493728637695,46200,0.0,0.0
2022-03-16 00:00:00-04:00,31.518553503667526,31.879037613431137,30.90763218247802,31.855323791503906,62500,0.0,0.0
2022-03-17 00:00:00-04:00,32.59051650447798,33.605560695384845,32.111452442056596,33.13124084472656,114100,0.0,0.0
2022-03-18 00:00:00-04:00,33.026888838489526,33.67196410418119,31.855321884737762,33.558128356933594,210400,0.0,0.0
2022-03-21 00:00:00-04:00,33.05535155245839,33.05535155245839,32.14465468886963,32.476680755615234,90900,0.0,0.0
2022-03-22 00:00:00-04:00,32.96048778337769,34.03245173634349,32.96048778337769,33.91387176513672,56800,0.0,0.0
2022-03-23 00:00:00-04:00,33.87118207601061,34.57791763613471,33.87118207601061,34.26012420654297,49100,0.0,0.0
2022-03-24 00:00:00-04:00,33.57235926353503,33.66248119534983,32.147977499172214,32.40553283691406,97700,0.0,0.0
2022-03-25 00:00:00-04:00,32.63320903902476,32.96523150596393,31.43317670846239,31.717771530151367,77900,0.0,0.0
2022-03-28 00:00:00-04:00,30.982572408834805,32.595260620069425,30.982572408834805,32.37232971191406,68400,0.0,0.0
2022-03-29 00:00:00-04:00,32.87985521366086,32.87985521366086,31.732001927992318,32.08774185180664,33100,0.0,0.0
2022-03-30 00:00:00-04:00,31.731999531488384,31.731999531488384,31.238706440134788,31.305110931396484,50200,0.0,0.0
2022-03-31 00:00:00-04:00,30.769127962280827,32.744670442732314,30.503506402866595,32.21580123901367,81800,0.0,0.0
2022-04-01 00:00:00-04:00,32.253749999856545,32.48094744345299,31.305110293978412,31.532785415649414,55600,0.0,0.0
2022-04-04 00:00:00-04:00,30.83078960087558,30.930396333025623,29.535896654765196,30.10982322692871,79900,0.0,0.0
2022-04-05 00:00:00-04:00,29.640251323782763,29.79772406847417,28.056022786655177,28.09396743774414,106100,0.0,0.0
2022-04-06 00:00:00-04:00,27.742967619222114,28.302663353308464,27.22548306410864,28.070247650146484,90000,0.0,0.0
2022-04-07 00:00:00-04:00,27.714511378519333,28.14472022897691,27.612532529569155,27.757200241088867,55600,0.0,0.0
2022-04-08 00:00:00-04:00,28.05127350727165,28.074989136091656,27.54849566249612,27.591182708740234,41300,0.0,0.0
2022-04-11 00:00:00-04:00,27.548497713414825,27.59592897458598,26.97456932067871,26.97456932067871,55900,0.0,0.0
2022-04-12 00:00:00-04:00,27.406198352233197,28.018071348294463,27.075598106784692,27.368253707885742,64700,0.0,0.0
2022-04-13 00:00:00-04:00,27.472605764252922,28.2410052497646,27.472605764252922,27.885265350341797,36500,0.0,0.0
2022-04-14 00:00:00-04:00,28.335870291166618,28.388043957831037,27.60067303319009,27.709766387939453,28100,0.0,0.0
2022-04-18 00:00:00-04:00,27.415687949445136,27.700280955263896,27.18327222788252,27.491579055786133,56500,0.0,0.0
2022-04-19 00:00:00-04:00,27.809373551760665,28.843390978421688,27.809373551760665,28.819673538208008,35900,0.0,0.0
2022-04-20 00:00:00-04:00,29.483724426838513,29.84420674878108,29.09478225998464,29.170673370361328,40200,0.0,0.0
2022-04-21 00:00:00-04:00,29.502697992513518,29.863180318558296,27.67182289828083,27.833091735839844,41000,0.0,0.0
2022-04-22 00:00:00-04:00,27.83308741698237,28.060760715375263,27.311336334338645,27.54849624633789,26400,0.0,0.0
2022-04-25 00:00:00-04:00,26.799072889848187,26.808559504457726,25.300222159888786,26.08759307861328,94700,0.0,0.0
2022-04-26 00:00:00-04:00,26.984056626894173,27.301851874929145,26.580885468438673,26.694721221923828,31700,0.0,0.0
2022-04-27 00:00:00-04:00,26.960341265238256,27.652847835587483,26.874963544577483,27.439403533935547,51900,0.0,0.0
2022-04-28 00:00:00-04:00,27.95641096965043,28.127166403087998,27.16904010054457,27.88051986694336,30300,0.0,0.0
2022-04-29 00:00:00-04:00,27.871033697069013,27.904237751332428,27.055204782314036,27.13109588623047,20000,0.0,0.0
2022-05-02 00:00:00-04:00,26.808557460205922,26.96033966361114,26.28206215053743,26.75638198852539,35900,0.0,0.0
2022-05-03 00:00:00-04:00,26.75638480002543,27.875780024802374,26.75638480002543,27.66707992553711,42300,0.0,0.0
2022-05-04 00:00:00-04:00,27.842576713893376,28.40701670746985,27.510552443218568,28.354841232299805,36500,0.0,0.0
2022-05-05 00:00:00-04:00,28.24574636067782,28.24574636067782,26.941366789107267,27.553239822387695,35800,0.0,0.0
2022-05-06 00:00:00-04:00,27.714508591923718,27.837830955065645,26.91290870803468,27.50106430053711,48700,0.0,0.0
2022-05-09 00:00:00-04:00,26.41961703845755,26.429103652954357,24.86859085126979,25.290735244750977,64800,0.0,0.0
2022-05-10 00:00:00-04:00,25.39982595949166,25.732324254118513,25.115234791690312,25.51840591430664,30600,0.0,0.0
2022-05-11 00:00:00-04:00,25.641732752797473,26.092335180544257,24.878077474703602,25.06780433654785,34100,0.0,0.0
2022-05-12 00:00:00-04:00,25.11998015527294,25.11998015527294,23.611642807450025,24.161853790283203,55700,0.0,0.0
2022-05-13 00:00:00-04:00,24.71206574463093,25.57058540383701,24.702580939014776,25.504180908203125,35100,0.0,0.0
2022-05-16 00:00:00-04:00,25.703393791210463,26.595115677282724,25.512716995720595,26.37218475341797,47400,0.0,0.0
2022-05-17 00:00:00-04:00,26.984054917094802,27.502011724222157,26.984054917094802,27.230701446533203,23400,0.0,0.0
2022-05-18 00:00:00-04:00,27.368254885161253,27.368254885161253,25.651217586342568,25.774539947509766,73200,0.0,0.0
2022-05-19 00:00:00-04:00,25.774540248003515,26.457560168080068,25.42354276931977,26.19194221496582,22700,0.0,0.0
2022-05-20 00:00:00-04:00,26.794330689088248,26.794330689088248,25.727110964196132,26.0733642578125,29300,0.0,0.0
2022-05-23 00:00:00-04:00,26.59037102042615,27.369677450452727,26.338980273532467,27.344539642333984,32200,0.0,0.0
2022-05-24 00:00:00-04:00,27.15481062882652,27.249674957966114,26.6140863049334,26.874961853027344,30500,0.0,0.0
2022-05-25 00:00:00-04:00,26.65203211483175,27.16429842892389,26.372183326811783,26.87970542907715,37600,0.0,0.0
2022-05-26 00:00:00-04:00,26.870221450732153,27.040975084628634,26.514481547021067,26.97931480407715,36600,0.0,0.0
2022-05-27 00:00:00-04:00,27.325566708300816,27.719251240907067,26.898678121728615,27.539011001586914,31300,0.0,0.0
2022-05-31 00:00:00-04:00,27.37774091329933,27.401456542702597,26.301034692034847,26.486019134521484,64700,0.0,0.0
2022-06-01 00:00:00-04:00,26.81329990766455,27.11686431498682,25.556353420509122,26.58562660217285,92000,0.0,0.0
2022-06-02 00:00:00-04:00,26.789584542041975,28.27894856103496,26.41487143144813,28.0512752532959,112700,0.0,0.0
2022-06-03 00:00:00-04:00,27.766685399597417,28.3406120034052,27.3682566396427,27.439403533935547,60600,0.0,0.0
2022-06-06 00:00:00-04:00,27.7856613459715,27.837835016467565,27.161929502954216,27.486839294433594,42800,0.0,0.0
2022-06-07 00:00:00-04:00,27.501067065671656,27.937442306314328,27.25442050520176,27.757200241088867,27500,0.0,0.0
2022-06-08 00:00:00-04:00,26.56191054893186,26.737408379859065,25.727108442095517,25.73659324645996,99400,0.0,0.0
2022-06-09 00:00:00-04:00,25.23855699999651,25.575323635435858,24.75949478149414,24.75949478149414,47500,0.0,0.0
2022-06-10 00:00:00-04:00,24.40375493373404,24.74621389932888,24.019555230786306,24.261459350585938,42300,0.0,0.0
2022-06-13 00:00:00-04:00,23.417169852702038,23.763423116683835,22.95233662943662,22.957080841064453,48400,0.0,0.0
2022-06-14 00:00:00-04:00,23.810855295233203,24.195053190931375,23.540493142932075,24.076473236083984,35400,0.0,0.0
2022-06-15 00:00:00-04:00,24.53182308715813,25.7697981784056,24.53182308715813,25.115236282348633,83400,0.0,0.0
2022-06-16 00:00:00-04:00,24.71206430335399,24.868590727693498,24.33498087825977,24.702579498291016,72300,0.0,0.0
2022-06-17 00:00:00-04:00,24.90178950711415,25.233813729086293,24.479645174495378,24.5555362701416,58100,0.0,0.0
2022-06-21 00:00:00-04:00,26.50973693072446,26.50973693072446,25.361883727429255,26.078105926513672,131900,0.0,0.0
2022-06-22 00:00:00-04:00,25.741338635388217,26.03541643757371,25.044087872584143,25.309707641601562,139700,0.0,0.0
2022-06-23 00:00:00-04:00,25.252791223604877,25.442518090095103,24.697836022766115,25.404573440551758,121200,0.0,0.0
2022-06-24 00:00:00-04:00,20.594968589911225,21.273246171915417,19.983097311858675,20.727779388427734,160900,0.0,0.0
2022-06-27 00:00:00-04:00,27.35199136240797,27.562677392435017,26.456576325751147,26.633180618286133,66600,10.25,0.0
2022-06-28 00:00:00-04:00,26.645572192889006,26.645572192889006,25.003460402910576,25.238933563232422,114200,0.0,0.0
2022-06-29 00:00:00-04:00,25.567354232421412,26.261380120158858,25.41243811952449,26.094070434570312,102100,0.0,0.0
2022-06-30 00:00:00-04:00,25.307097729450575,25.31329333423084,24.474889250498276,24.68743324279785,73300,0.0,0.0
2022-07-01 00:00:00-04:00,24.63785900350379,24.75249778476677,23.503874219623974,23.981016159057617,123300,0.0,0.0
2022-07-05 00:00:00-04:00,23.1072890265247,23.144467382471973,22.45664179529104,22.90899658203125,58600,0.0,0.0
2022-07-06 00:00:00-04:00,22.921390244851185,23.317975135387652,22.63572346233419,23.132076263427734,81200,0.0,0.0
2022-07-07 00:00:00-04:00,24.049181383475233,24.49657925206974,23.844690952888058,23.99960708618164,54100,0.0,0.0
2022-07-08 00:00:00-04:00,24.01199990250469,24.43956756591797,23.686675087324844,24.43956756591797,17600,0.0,0.0
2022-07-11 00:00:00-04:00,24.290848149659976,24.699826612931925,24.253667429787107,24.594482421875,39000,0.0,0.0
2022-07-12 00:00:00-04:00,25.102607305518635,25.84620516201076,25.102607305518635,25.505390167236328,52800,0.0,0.0
2022-07-13 00:00:00-04:00,24.99107098228124,25.77184722977312,24.87333321177774,25.542572021484375,26500,0.0,0.0
2022-07-14 00:00:00-04:00,25.251327514648438,25.251327514648438,24.495336093979837,25.251327514648438,25500,0.0,0.0
2022-07-15 00:00:00-04:00,25.703682461692964,25.703682461692964,24.72461380810719,25.232738494873047,81900,0.0,0.0
2022-07-18 00:00:00-04:00,25.52397952169106,25.75945269003695,25.269917175050015,25.424833297729492,38200,0.0,0.0
2022-07-19 00:00:00-04:00,25.81522015974669,26.310951232910153,25.697484768567932,26.310951232910156,28700,0.0,0.0
2022-07-20 00:00:00-04:00,26.286166865382064,26.391511059214352,25.858599212825332,26.205612182617188,24500,0.0,0.0
2022-07-21 00:00:00-04:00,26.205609354970317,26.205609354970317,25.406241671640437,25.846202850341797,19400,0.0,0.0
2022-07-22 00:00:00-04:00,25.84620328326597,26.07238184446134,24.848543154406855,24.910511016845703,49600,0.0,0.0
2022-07-25 00:00:00-04:00,25.24513357418325,25.573555013217593,25.19555927796464,25.511587142944336,16700,0.0,0.0
2022-07-26 00:00:00-04:00,25.07782374620588,25.07782374620588,24.160720545188898,24.309438705444336,37200,0.0,0.0
2022-07-27 00:00:00-04:00,24.82995599602573,25.536373138427734,24.730809771896194,25.536373138427734,14700,0.0,0.0
2022-07-28 00:00:00-04:00,26.156037682051018,26.63937759399414,25.95774523339882,26.63937759399414,21000,0.0,0.0
2022-07-29 00:00:00-04:00,26.707539558197357,26.86865365528394,26.348135369938678,26.82527732849121,33000,0.0,0.0
2022-08-01 00:00:00-04:00,26.95540821830038,26.95540821830038,26.248991001827118,26.651771545410156,22700,0.0,0.0
2022-08-02 00:00:00-04:00,26.973995608985444,27.066946231863085,26.348135488284576,26.695148468017578,27000,0.0,0.0
2022-08-03 00:00:00-04:00,27.15989605289607,27.22186155709673,26.645573385467237,27.023569107055664,32500,0.0,0.0
2022-08-04 00:00:00-04:00,27.023569920808058,27.221862376820244,26.83147306986952,27.097929000854492,20800,0.0,0.0
2022-08-05 00:00:00-04:00,26.837671279907227,27.017372194647983,26.521641050163463,26.837671279907227,18300,0.0,0.0
2022-08-08 00:00:00-04:00,27.277631302780176,28.75243346000779,27.159895899929033,28.03362274169922,63300,0.0,0.0
2022-08-09 00:00:00-04:00,28.42400967086311,28.42400967086311,27.897295796626615,28.03362274169922,20400,0.0,0.0
2022-08-10 00:00:00-04:00,28.634696870379777,29.37209916122141,28.634696870379777,29.341114044189453,28200,0.0,0.0
2022-08-11 00:00:00-04:00,29.582782760767753,29.867827848904913,29.4278666436716,29.520814895629883,13800,0.0,0.0
2022-08-12 00:00:00-04:00,29.520815713036676,29.81701573424989,28.83298775587119,29.59517478942871,33500,0.0,0.0
2022-08-15 00:00:00-04:00,28.901153874768802,28.907351843938102,27.93447870163001,28.287687301635742,30200,0.0,0.0
2022-08-16 00:00:00-04:00,28.43640174571987,28.634694184193553,28.042915852951495,28.448795318603516,21800,0.0,0.0
2022-08-17 00:00:00-04:00,26.973995804046428,27.271434490040253,26.567496975671297,27.017372131347656,28500,0.0,0.0
2022-08-18 00:00:00-04:00,27.314815482279283,28.386834908724083,27.314815482279283,28.29388427734375,26100,0.0,0.0
2022-08-19 00:00:00-04:00,28.145156998139946,28.145156998139946,27.042155080053977,27.420150756835938,26200,0.0,0.0
2022-08-22 00:00:00-04:00,27.159897466863256,27.884903831851762,27.159897466863256,27.77956199645996,26600,0.0,0.0
2022-08-23 00:00:00-04:00,27.953066851950883,28.042918490935374,27.457335709133485,27.54408836364746,19300,0.0,0.0
2022-08-24 00:00:00-04:00,27.853920942619908,28.57273169890153,27.853920942619908,28.374439239501953,59400,0.0,0.0
2022-08-25 00:00:00-04:00,27.51930071810152,27.562677044574425,27.066945910718005,27.19707489013672,26200,0.0,0.0
2022-08-26 00:00:00-04:00,27.197074745145798,27.61039085650026,26.310954313924746,26.459674835205078,32700,0.0,0.0
2022-08-29 00:00:00-04:00,26.52163879206746,26.52163879206746,25.945350646972656,25.945350646972656,37300,0.0,0.0
2022-08-30 00:00:00-04:00,26.01971176338686,26.02590736791204,25.33188383330744,25.400047302246094,43700,0.0,0.0
2022-08-31 00:00:00-04:00,25.2513301987627,25.42483551486763,24.972480680856464,25.214149475097656,48800,0.0,0.0
2022-09-01 00:00:00-04:00,24.50153609769306,24.50153609769306,23.915953305610927,24.30324363708496,42000,0.0,0.0
2022-09-02 00:00:00-04:00,24.6750416657123,24.916710456845625,24.328028674132394,24.44576644897461,29700,0.0,0.0
2022-09-06 00:00:00-04:00,24.960084944097492,25.009659238023108,24.53871290105951,24.606876373291016,65500,0.0,0.0
2022-09-07 00:00:00-04:00,24.606875016324135,24.75931383428984,24.37140422466001,24.538711547851562,18700,0.0,0.0
2022-09-08 00:00:00-04:00,24.53871159697726,24.74320200280436,24.067767648873893,24.650251388549805,37800,0.0,0.0
2022-09-09 00:00:00-04:00,24.922906515135445,25.14598610948825,24.84854507446289,24.84854507446289,13600,0.0,0.0
2022-09-12 00:00:00-04:00,25.344279601239176,26.174630145637128,25.344279601239176,26.118860244750977,29200,0.0,0.0
2022-09-13 00:00:00-04:00,25.4991952355178,25.982532791270945,25.269917667524524,25.307098388671875,19700,0.0,0.0
2022-09-14 00:00:00-04:00,25.313294071076733,25.468210197249377,24.854743661351907,25.0654296875,34400,0.0,0.0
2022-09-15 00:00:00-04:00,24.786579759815073,24.941495883313916,24.23507873837238,24.476747512817383,26100,0.0,0.0
2022-09-16 00:00:00-04:00,24.104949127851576,24.368925382191122,23.89426311088213,24.32183074951172,36600,0.0,0.0
2022-09-19 00:00:00-04:00,23.826098795939693,23.974816941571017,23.664984713701404,23.78272247314453,21900,0.0,0.0
2022-09-20 00:00:00-04:00,24.055375052381706,24.439566370151155,24.03058790573015,24.352813720703125,18200,0.0,0.0
2022-09-21 00:00:00-04:00,24.123538736889774,24.123538736889774,23.101091384887695,23.101091384887695,30500,0.0,0.0
2022-09-22 00:00:00-04:00,22.76027517539773,22.871814966536178,22.183987042459847,22.196380615234375,28300,0.0,0.0
2022-09-23 00:00:00-04:00,22.214970477000737,22.214970477000737,20.994233068998348,21.644880294799805,58600,0.0,0.0
2022-09-26 00:00:00-04:00,21.713043238544675,21.849367812293647,21.167737852051822,21.297866821289062,36500,0.0,0.0
2022-09-27 00:00:00-04:00,21.285472646904477,21.954711379210114,21.269982454146742,21.607698440551758,58500,0.0,0.0
2022-09-28 00:00:00-04:00,21.688254981038302,22.21496879933064,21.682059376844176,22.202577590942383,40100,0.0,0.0
2022-09-29 00:00:00-04:00,21.793600990987606,21.793600990987606,21.18013441298891,21.2235107421875,18400,0.0,0.0
2022-09-30 00:00:00-04:00,21.118167381748933,21.570522184954932,21.105773808037913,21.235902786254883,18700,0.0,0.0
2022-10-03 00:00:00-04:00,21.11196912214492,21.719240042624342,21.093379943750712,21.44658851623535,32800,0.0,0.0
2022-10-04 00:00:00-04:00,21.96710591258028,22.307920897977354,21.96710591258028,22.078645706176758,18300,0.0,0.0
2022-10-05 00:00:00-04:00,21.979499658868107,22.09723505800021,21.513510291166618,21.998088836669922,19300,0.0,0.0
2022-10-06 00:00:00-04:00,21.99808796431611,22.115823358779306,21.54573319969568,21.81218910217285,23500,0.0,0.0
2022-10-07 00:00:00-04:00,21.706847032066435,21.706847032066435,21.074788948113564,21.37842559814453,20100,0.0,0.0
2022-10-10 00:00:00-04:00,21.45278489637831,21.45278489637831,21.124363459105325,21.409408569335938,25600,0.0,0.0
2022-10-11 00:00:00-04:00,21.46517718664596,21.81838575077175,21.254491169111944,21.626291275024414,34400,0.0,0.0
2022-10-12 00:00:00-04:00,21.750222578889197,22.252151665047844,21.750222578889197,22.171594619750977,14900,0.0,0.0
2022-10-13 00:00:00-04:00,22.165400205585097,23.436331325327693,22.146811026376685,23.361352920532227,57500,0.0,0.0
2022-10-14 00:00:00-04:00,23.51626819741068,23.671184322078958,22.58677144940103,22.64873695373535,26200,0.0,0.0
2022-10-17 00:00:00-04:00,23.231223119155235,23.423317601088034,22.729294023735804,22.82224464416504,26500,0.0,0.0
2022-10-18 00:00:00-04:00,23.274599326295483,23.274599326295483,22.35749615565646,22.952373504638672,17000,0.0,0.0
2022-10-19 00:00:00-04:00,22.79745763343533,22.952373759190394,22.491963014535678,22.63014793395996,14700,0.0,0.0
2022-10-20 00:00:00-04:00,22.64254124603525,22.927586346810948,22.26020789278725,22.487625122070312,20700,0.0,0.0
2022-10-21 00:00:00-04:00,22.729293722160886,23.46669361557419,22.487624948850325,23.32417106628418,14900,0.0,0.0
2022-10-24 00:00:00-04:00,23.32417093435928,23.522463381278808,23.045321442181063,23.516267776489258,24600,0.0,0.0
2022-10-25 00:00:00-04:00,23.50387333680933,23.847167979775406,23.50387333680933,23.62160873413086,17900,0.0,0.0
2022-10-26 00:00:00-04:00,23.795116045919194,24.166913773829805,23.720754609271225,23.78272247314453,18500,0.0,0.0
2022-10-27 00:00:00-04:00,23.60921604876766,23.71456024092722,23.175452798206035,23.454299926757812,13500,0.0,0.0
2022-10-28 00:00:00-04:00,23.3923348419016,23.578233718872074,23.114104668636905,23.57823371887207,11500,0.0,0.0
2022-10-31 00:00:00-04:00,23.578232458330437,23.935159323117972,23.578232458330437,23.7331485748291,7700,0.0,0.0
2022-11-01 00:00:00-04:00,24.104951538544203,24.166917046977762,23.850889171834407,24.14212989807129,7500,0.0,0.0
2022-11-02 00:00:00-04:00,23.702167693872013,23.826101069613017,23.101092358019308,23.156862258911133,24100,0.0,0.0
2022-11-03 00:00:00-04:00,22.648737071338974,23.06391351679864,22.51860809326172,22.51860809326172,19700,0.0,0.0
2022-11-04 00:00:00-04:00,23.051520426022428,23.2188301286979,22.904040914445225,23.156862258911133,11700,0.0,0.0
2022-11-07 00:00:00-05:00,23.286992158025303,23.541054498798996,23.20643511421929,23.392333984375,13700,0.0,0.0
2022-11-08 00:00:00-05:00,22.8594236364777,23.194662366846877,22.729294655326783,22.977161407470703,12700,0.0,0.0
2022-11-09 00:00:00-05:00,23.18164822243807,23.299383623268838,22.801175213099686,22.811708450317383,6200,0.0,0.0
2022-11-10 00:00:00-05:00,24.1669138192423,24.693627662077475,24.011997705016388,24.538711547851562,22800,0.0,0.0
2022-11-11 00:00:00-05:00,24.718416483178512,25.443425176092337,24.698588656423635,25.325687408447266,17400,0.0,0.0
2022-11-14 00:00:00-05:00,24.860938407897933,24.860938407897933,24.340420147377348,24.352813720703125,25100,0.0,0.0
2022-11-15 00:00:00-05:00,24.730808551330902,24.730808551330902,24.073963371495406,24.166913986206055,11700,0.0,0.0
2022-11-16 00:00:00-05:00,24.40858471504587,24.429034230143497,23.61851388165954,23.81370735168457,19800,0.0,0.0
2022-11-17 00:00:00-05:00,23.547250896792047,23.547250896792047,22.843311044523116,23.063913345336914,21000,0.0,0.0
2022-11-18 00:00:00-05:00,23.31797669888952,23.429516502310847,22.803654009354233,23.057716369628906,17000,0.0,0.0
2022-11-21 00:00:00-05:00,23.175452383862595,23.218828708143253,22.84702860366741,23.039125442504883,9900,0.0,0.0
2022-11-22 00:00:00-05:00,23.24361461354756,23.24361461354756,22.989552260273882,23.135173797607422,6500,0.0,0.0
2022-11-23 00:00:00-05:00,22.915192526573406,23.565839767456055,22.890405379686037,23.565839767456055,22100,0.0,0.0
2022-11-25 00:00:00-05:00,23.733149111183458,23.733149111183458,23.229362059140453,23.726953506469727,2400,0.0,0.0
2022-11-28 00:00:00-05:00,23.621610503041076,23.664986829714746,23.187844872471846,23.34895896911621,8100,0.0,0.0
2022-11-29 00:00:00-05:00,22.369888646891912,22.912095112082266,22.17159618587176,22.270742416381836,14600,0.0,0.0
2022-11-30 00:00:00-05:00,22.38847843193978,22.729912748903402,21.688256904299326,22.252151489257812,21700,0.0,0.0
2022-12-01 00:00:00-05:00,22.83463637166376,22.98955250000295,22.642541885375977,22.642541885375977,15700,0.0,0.0
2022-12-02 00:00:00-05:00,22.642540592648693,22.834635067969256,22.414504045842,22.62394905090332,4700,0.0,0.0
2022-12-05 00:00:00-05:00,22.35749509380096,22.636342212757885,21.843172451786046,21.855566024780273,12700,0.0,0.0
2022-12-06 00:00:00-05:00,21.911336905162745,21.911336905162745,21.281758497314733,21.384620666503906,12600,0.0,0.0
2022-12-07 00:00:00-05:00,21.15534675922855,21.15534675922855,20.774873719665827,20.938465118408203,13400,0.0,0.0
2022-12-08 00:00:00-05:00,20.777349190065085,21.01777931008981,20.696794509887695,20.696794509887695,9200,0.0,0.0
2022-12-09 00:00:00-05:00,20.8826933592154,21.068592229651728,20.85171060811474,21.050003051757812,12700,0.0,0.0
2022-12-12 00:00:00-05:00,21.235902744906145,21.44039080115858,21.080986619568776,21.12436294555664,13400,0.0,0.0
2022-12-13 00:00:00-05:00,21.558127572279773,21.581054382432367,20.715383511205268,21.068592071533203,14200,0.0,0.0
2022-12-14 00:00:00-05:00,20.90128313675022,21.019018539843408,20.535680990075903,20.56666374206543,8100,0.0,0.0
2022-12-15 00:00:00-05:00,20.70918582598622,20.861005325831645,20.510893381119136,20.857906341552734,52200,0.0,0.0
2022-12-16 00:00:00-05:00,20.71538467997774,20.71538467997774,20.200442679869596,20.225849151611328,16800,0.0,0.0
2022-12-19 00:00:00-05:00,20.492304181312456,20.596407360182077,20.362175207725425,20.393157958984375,7400,0.0,0.0
2022-12-20 00:00:00-05:00,20.318799716473997,20.90748146986558,20.318799716473997,20.64102554321289,9500,0.0,0.0
2022-12-21 00:00:00-05:00,20.86410367255614,21.006628595189625,20.659615606044472,20.938465118408203,10700,0.0,0.0
2022-12-22 00:00:00-05:00,20.950857463381055,20.950857463381055,20.213455200195312,20.213455200195312,8400,0.0,0.0
2022-12-23 00:00:00-05:00,20.35597675093946,20.4489273663193,20.21345420750075,20.21965217590332,8600,0.0,0.0
2022-12-27 00:00:00-05:00,20.374568894731524,20.374568894731524,20.027555932729936,20.263029098510742,15800,0.0,0.0
2022-12-28 00:00:00-05:00,20.28161830195299,20.28161830195299,19.761100040216228,19.909820556640625,12500,0.0,0.0
2022-12-29 00:00:00-05:00,19.90982152614903,20.634827873962042,19.90982152614903,20.430339813232422,8000,0.0,0.0
2022-12-30 00:00:00-05:00,20.306406279346753,20.715384761453606,20.306406279346753,20.448928833007812,12100,0.0,0.0
2023-01-03 00:00:00-05:00,19.599987974815207,19.81067400323673,19.054683724846495,19.166223526000977,18400,0.0,0.0
2023-01-04 00:00:00-05:00,19.649560556943232,19.835459432561443,19.37690903029202,19.491546630859375,13500,0.0,0.0
2023-01-05 00:00:00-05:00,19.494643821646243,19.494643821646243,18.738653587424103,19.215795516967773,25200,0.0,0.0
2023-01-06 00:00:00-05:00,19.221994863377166,19.519433567411124,19.221994863377166,19.39550018310547,28800,0.0,0.0
2023-01-09 00:00:00-05:00,19.860244480503223,20.139093946373293,19.73631230382905,20.07093048095703,32100,0.0,0.0
2023-01-10 00:00:00-05:00,20.15768599789833,20.15768599789833,19.686742004683488,19.956296920776367,7400,0.0,0.0
2023-01-11 00:00:00-05:00,20.046145417763153,20.139096037314506,19.82926379058659,19.990375518798828,20000,0.0,0.0
2023-01-12 00:00:00-05:00,20.318798679696613,20.43653407883442,20.139095414829136,20.300207138061523,18600,0.0,0.0
2023-01-13 00:00:00-05:00,20.36217498779297,20.424140489641577,20.159544912872526,20.36217498779297,8000,0.0,0.0
2023-01-17 00:00:00-05:00,20.442732703577985,21.03761005068536,20.442732703577985,20.919872283935547,20600,0.0,0.0
2023-01-18 00:00:00-05:00,21.130558947965035,21.3096428999354,20.876496592185955,21.07478904724121,24600,0.0,0.0
2023-01-19 00:00:00-05:00,21.099575243658858,21.099575243658858,20.591450555013065,20.665809631347656,11100,0.0,0.0
2023-01-20 00:00:00-05:00,20.845512639595174,21.12312347899491,20.768054579927337,21.050003051757812,12300,0.0,0.0
2023-01-23 00:00:00-05:00,21.087182089767907,21.31645965576172,20.9316466413148,21.31645965576172,19300,0.0,0.0
2023-01-24 00:00:00-05:00,20.57905737178373,20.6100401238578,20.31260144904827,20.386962890625,37200,0.0,0.0
2023-01-25 00:00:00-05:00,19.85405093764461,20.01516266585685,19.742511139715965,19.990375518798828,11800,0.0,0.0
2023-01-26 00:00:00-05:00,19.519430870534332,19.59688892954439,19.209598634494107,19.43267822265625,33100,0.0,0.0
2023-01-27 00:00:00-05:00,19.339728038921546,19.488448555633823,19.09991842181589,19.116649627685547,16600,0.0,0.0
2023-01-30 00:00:00-05:00,18.73865396955066,19.05468300016381,18.73865396955066,18.788227081298828,26600,0.0,0.0
2023-01-31 00:00:00-05:00,18.8997683968848,19.252976994211775,18.893571609678816,19.240583419799805,17700,0.0,0.0
2023-02-01 00:00:00-05:00,19.290153673596723,20.20105998323864,19.290153673596723,20.064735412597656,46700,0.0,0.0
2023-02-02 00:00:00-05:00,20.132901438314146,20.74017238858047,20.132901438314146,20.622434616088867,53400,0.0,0.0
2023-02-03 00:00:00-05:00,20.41794466378269,20.65341782315457,20.13289957623546,20.331192016601562,27800,0.0,0.0
2023-02-06 00:00:00-05:00,20.07093188573214,20.077129854203164,19.606804037361584,19.810672760009766,23400,0.0,0.0
2023-02-07 00:00:00-05:00,19.6681503573376,19.829263263180888,19.513234238094,19.70532989501953,27000,0.0,0.0
2023-02-08 00:00:00-05:00,19.75490429158525,19.76729786559122,19.457465606939586,19.637168884277344,19900,0.0,0.0
2023-02-09 00:00:00-05:00,19.395499115135266,19.581399181357575,19.12284757574193,19.178617477416992,18000,0.0,0.0
2023-02-10 00:00:00-05:00,19.06087968514588,19.06087968514588,18.88737320399517,19.005109786987305,17800,0.0,0.0
2023-02-13 00:00:00-05:00,18.893571511969522,19.110454335392134,18.887374724795585,18.992717742919922,19700,0.0,0.0
2023-02-14 00:00:00-05:00,18.80062069827104,19.172419628201766,18.6890809011002,18.89976692199707,39100,0.0,0.0
2023-02-15 00:00:00-05:00,18.68908075806077,19.054682898470904,18.68908075806077,19.005109786987305,22900,0.0,0.0
2023-02-16 00:00:00-05:00,18.651901622915478,18.893570398879945,18.55275539780615,18.664295196533203,17100,0.0,0.0
2023-02-17 00:00:00-05:00,18.782029885348354,18.893569679830442,18.68288366401232,18.751047134399414,10300,0.0,0.0
2023-02-21 00:00:00-05:00,17.908302874169927,17.921936277247116,17.369195449323907,17.48693084716797,24800,0.0,0.0
2023-02-22 00:00:00-05:00,17.474538045705952,17.71001001778047,17.387784218591214,17.449750900268555,10500,0.0,0.0
2023-02-23 00:00:00-05:00,17.455948808203065,17.536504672218157,17.23286921259784,17.400178909301758,11000,0.0,0.0
2023-02-24 00:00:00-05:00,17.30722812068343,17.338210870136056,17.04696900676653,17.332014083862305,12300,0.0,0.0
2023-02-27 00:00:00-05:00,17.226672677224677,17.304130739949457,17.059364159995493,17.077953338623047,17500,0.0,0.0
2023-02-28 00:00:00-05:00,17.04077302862715,17.350605265511277,17.04077302862715,17.11513328552246,13600,0.0,0.0
2023-03-01 00:00:00-05:00,17.06556095803843,17.226672688525372,17.040773810630444,17.16470718383789,20000,0.0,0.0
2023-03-02 00:00:00-05:00,16.85487477870647,16.95092201924408,16.675171507389525,16.805301666259766,21300,0.0,0.0
2023-03-03 00:00:00-05:00,16.885857384283558,17.089727294992517,16.699958509700135,16.91064453125,31700,0.0,0.0
2023-03-06 00:00:00-05:00,17.37539365964593,17.654241983718233,17.239066709199836,17.313426971435547,17900,0.0,0.0
2023-03-07 00:00:00-05:00,17.245262889644106,17.34440911452693,17.102740339114572,17.18329620361328,8700,0.0,0.0
2023-03-08 00:00:00-05:00,17.809156970605365,17.81535375722043,17.545800040004238,17.74099349975586,30800,0.0,0.0
2023-03-09 00:00:00-05:00,17.573685349160307,17.796763762295814,17.257656316809097,17.288639068603516,17600,0.0,0.0
2023-03-10 00:00:00-05:00,17.15231337866148,17.400178939815156,17.04077358066327,17.04697036743164,12900,0.0,0.0
2023-03-13 00:00:00-04:00,18.280103007325216,18.490789034844298,18.013647079467773,18.013647079467773,54200,0.0,0.0
2023-03-14 00:00:00-04:00,18.149973837528158,18.242923276478855,17.790567291597313,18.007450103759766,16700,0.0,0.0
2023-03-15 00:00:00-04:00,17.877320076524196,17.926893186516573,17.571825475943193,17.815353393554688,16900,0.0,0.0
2023-03-16 00:00:00-04:00,17.468341669569526,17.753386757296628,17.35060508980929,17.48693084716797,25000,0.0,0.0
2023-03-17 00:00:00-04:00,17.524111344752637,17.562529529531496,17.20808232849469,17.455947875976562,9000,0.0,0.0
2023-03-20 00:00:00-04:00,17.009790756705076,17.50118424438525,17.009790756705076,17.288639068603516,11100,0.0,0.0
2023-03-21 00:00:00-04:00,17.288641567215322,17.63565340151225,17.288641567215322,17.418771743774414,9700,0.0,0.0
2023-03-22 00:00:00-04:00,17.69761736393136,18.019843179850753,17.555094816014936,17.747190475463867,18500,0.0,0.0
2023-03-23 00:00:00-04:00,17.685224361237694,18.527967228162883,17.654240428903133,17.911401748657227,19400,0.0,0.0
2023-03-24 00:00:00-04:00,18.032237696997804,18.156169891357422,17.759584978340616,18.156169891357422,10600,0.0,0.0
2023-03-27 00:00:00-04:00,18.157408789865247,18.48459156269956,18.007449625010782,18.211938858032227,6000,0.0,0.0
2023-03-28 00:00:00-04:00,18.242922128867065,18.49698446424419,18.230528555942286,18.264610290527344,5100,0.0,0.0
2023-03-29 00:00:00-04:00,17.951680015670387,18.15616925198307,17.734798387699538,18.001253128051758,17000,0.0,0.0
2023-03-30 00:00:00-04:00,17.852533573171968,18.24911964930226,17.728601384688176,17.97027015686035,23600,0.0,0.0
2023-03-31 00:00:00-04:00,18.323478844687664,18.527968079830767,18.211939046988476,18.218135833740234,50800,0.0,0.0
2023-04-03 00:00:00-04:00,19.172420052995474,19.172420052995474,18.58993508926205,19.023700714111328,93200,0.0,0.0
2023-04-04 00:00:00-04:00,19.23438627173609,19.699134637661096,19.104256114680656,19.69293785095215,90000,0.0,0.0
2023-04-05 00:00:00-04:00,19.86024485575698,20.07093086019164,19.36451377586138,19.73011589050293,141400,0.0,0.0
2023-04-06 00:00:00-04:00,17.976466778497144,17.98886035180658,17.517915203293867,17.610864639282227,45600,0.0,0.0
2023-04-10 00:00:00-04:00,19.363019813058145,19.383632550872285,18.930133970898574,19.13627052307129,51100,2.79,0.0
2023-04-11 00:00:00-04:00,18.97823250941301,19.122526909513997,18.689642398635197,18.97136116027832,82500,0.0,0.0
2023-04-12 00:00:00-04:00,18.88203297316717,19.012585972030262,18.792708064834976,18.902647018432617,26000,0.0,0.0
2023-04-13 00:00:00-04:00,18.655284937951365,18.765223898741052,18.449149714114647,18.723997116088867,36600,0.0,0.0
2023-04-14 00:00:00-04:00,18.80645218817318,18.895777103280786,18.552217519584772,18.641542434692383,16000,0.0,0.0
2023-04-17 00:00:00-04:00,19.026332054689124,19.10878562927246,18.94387716952985,19.10878562927246,18000,0.0,0.0
2023-04-18 00:00:00-04:00,18.758353073220025,18.758353073220025,18.614058674623728,18.675899505615234,11800,0.0,0.0
2023-04-19 00:00:00-04:00,18.641543451854304,18.66902884912609,18.359824682697862,18.456022262573242,40300,0.0,0.0
2023-04-20 00:00:00-04:00,18.65528645648697,18.75148403794025,18.318598197840238,18.5109920501709,32200,0.0,0.0
2023-04-21 00:00:00-04:00,18.600315249560737,18.600315249560737,18.35295193526215,18.42853546142578,10700,0.0,0.0
2023-04-24 00:00:00-04:00,18.359823440501483,18.47663374985163,18.225835414306626,18.256755828857422,23700,0.0,0.0
2023-04-25 00:00:00-04:00,18.304853651163462,18.476633437861544,18.10284150271343,18.201786041259766,8700,0.0,0.0
2023-04-26 00:00:00-04:00,18.194914790204006,18.194914790204006,17.755158953280283,17.961294174194336,28800,0.0,0.0
2023-04-27 00:00:00-04:00,17.90632554005348,18.016264504475348,17.90632554005348,17.947553634643555,14900,0.0,0.0
2023-04-28 00:00:00-04:00,17.913196405198818,18.17498916329697,17.913196405198818,18.084976196289062,8500,0.0,0.0
2023-05-01 00:00:00-04:00,18.44915006569302,18.579703075584593,18.229272139923513,18.469762802124023,22300,0.0,0.0
2023-05-02 00:00:00-04:00,18.84768036031625,18.854551709765683,18.256757413424246,18.57970428466797,45100,0.0,0.0
2023-05-03 00:00:00-04:00,18.703383929353453,18.978232654539493,18.60718766188385,18.820194244384766,26800,0.0,0.0
2023-05-04 00:00:00-04:00,18.55221753171695,18.7246840653993,18.126203071001942,18.243013381958008,26900,0.0,0.0
2023-05-05 00:00:00-04:00,18.24988584661227,18.689643032106847,18.24301449724468,18.682771682739258,11000,0.0,0.0
2023-05-08 00:00:00-04:00,19.658481274271853,19.73956136308017,19.472958770610266,19.62412452697754,27300,0.0,0.0
2023-05-09 00:00:00-04:00,19.53479813434025,19.5519758514061,19.349275644647115,19.417987823486328,10300,0.0,0.0
2023-05-10 00:00:00-04:00,19.857743099294463,19.988296104271868,19.55541030745366,19.77528953552246,25000,0.0,0.0
2023-05-11 00:00:00-04:00,20.201303972394644,20.201303972394644,19.83026029040309,20.063880920410156,19600,0.0,0.0
2023-05-12 00:00:00-04:00,20.215046362938203,20.215046362938203,19.950505320912193,20.0089111328125,1900,0.0,0.0
2023-05-15 00:00:00-04:00,20.166946265140478,20.441793648722445,20.036393266473155,20.338726043701172,22400,0.0,0.0
2023-05-16 00:00:00-04:00,20.386826063921326,20.469280941935654,20.276887100286107,20.35934066772461,13400,0.0,0.0
2023-05-17 00:00:00-04:00,20.716642032527712,21.04645890875001,20.64792985567079,20.970876693725586,17400,0.0,0.0
2023-05-18 00:00:00-04:00,20.96400723087928,21.02928308394882,20.8197115154415,20.991491317749023,6800,0.0,0.0
2023-05-19 00:00:00-04:00,20.843072714788835,21.060202362687182,20.775735329492218,20.929649353027344,12000,0.0,0.0
2023-05-22 00:00:00-04:00,19.85774567151984,20.166949852156296,19.48670196533203,19.48670196533203,35800,0.0,0.0
2023-05-23 00:00:00-04:00,19.22559503812103,19.24620908607487,18.45258593262633,18.456022262573242,33100,0.0,0.0
2023-05-24 00:00:00-04:00,18.270499191799765,18.456021685859497,18.057492611902948,18.435407638549805,12000,0.0,0.0
2023-05-25 00:00:00-04:00,18.43540687178832,18.43540687178832,18.098718643188477,18.098718643188477,2400,0.0,0.0
2023-05-26 00:00:00-04:00,18.098718894114477,18.356388580749847,18.071233498463652,18.084976196289062,7200,0.0,0.0
2023-05-30 00:00:00-04:00,18.043750935956464,18.078106372843177,17.665834577323103,17.871971130371094,14400,0.0,0.0
2023-05-31 00:00:00-04:00,17.693319234997755,17.737982349542484,17.397857772060995,17.535282135009766,10000,0.0,0.0
2023-06-01 00:00:00-04:00,17.542154416258924,17.542154416258924,17.17798075249862,17.322275161743164,13100,0.0,0.0
2023-06-02 00:00:00-04:00,17.46657015217962,17.54696349715926,17.315404399677476,17.45282745361328,12600,0.0,0.0
2023-06-05 00:00:00-04:00,17.294789690982732,17.397857305140274,17.21233481331121,17.2741756439209,5700,0.0,0.0
2023-06-06 00:00:00-04:00,17.232947623516434,17.30165979821507,17.0405537964754,17.054296493530273,18200,0.0,0.0
2023-06-07 00:00:00-04:00,17.0336867257447,17.0336867257447,16.490861892700195,16.490861892700195,25500,0.0,0.0
2023-06-08 00:00:00-04:00,17.095523126357207,17.32914373196788,17.07491039152879,17.226076126098633,20700,0.0,0.0
2023-06-09 00:00:00-04:00,17.18485062345459,17.638349171454685,17.18485062345459,17.514667510986328,20100,0.0,0.0
2023-06-12 00:00:00-04:00,17.418471210849603,17.597122352208284,17.34975903177691,17.425342559814453,6900,0.0,0.0
2023-06-13 00:00:00-04:00,17.782642942314368,18.09184708260091,17.384113889598243,17.80325698852539,39500,0.0,0.0
2023-06-14 00:00:00-04:00,17.59712355369161,17.810130143842237,17.48031323446528,17.665834426879883,15900,0.0,0.0
2023-06-15 00:00:00-04:00,17.7345465916203,18.387310370815886,17.7345465916203,18.043750762939453,10100,0.0,0.0
2023-06-16 00:00:00-04:00,17.995651767756144,18.243013782417428,17.947553634643555,17.947553634643555,11900,0.0,0.0
2023-06-20 00:00:00-04:00,17.93381015014948,17.93381015014948,17.63147735595703,17.63147735595703,9300,0.0,0.0
2023-06-21 00:00:00-04:00,17.4322126668057,17.4322126668057,16.971842803566663,17.205463409423828,6400,0.0,0.0
2023-06-22 00:00:00-04:00,17.068041182360265,17.308533166582123,17.068041182360265,17.21233558654785,5700,0.0,0.0
2023-06-23 00:00:00-04:00,18.009392413538194,18.009392413538194,16.923744201660156,16.923744201660156,10400,0.0,0.0
2023-06-26 00:00:00-04:00,16.80693379807452,17.01650534874297,16.758835667214697,16.76570701599121,16100,0.0,0.0
2023-06-27 00:00:00-04:00,16.532087513202086,16.532087513202086,16.229756010130426,16.33969497680664,20000,0.0,0.0
2023-06-28 00:00:00-04:00,16.27785345851024,16.380921071605393,16.140429100666164,16.181655883789062,15300,0.0,0.0
2023-06-29 00:00:00-04:00,16.13355866331795,16.29846711570325,15.824355806561465,15.858711242675781,16200,0.0,0.0
2023-06-30 00:00:00-04:00,16.044232562486037,16.600798712154383,15.88619547106768,15.961777687072754,10300,0.0,0.0
2023-07-03 00:00:00-04:00,16.11294631296104,16.229756633362083,15.98239329355378,16.071718215942383,8000,0.0,0.0
2023-07-05 00:00:00-04:00,16.016747440721655,16.312208892683355,15.89306578077715,16.181655883789062,14200,0.0,0.0
2023-07-06 00:00:00-04:00,16.07858657836914,16.2847230934387,16.071715230142587,16.07858657836914,12900,0.0,0.0
2023-07-07 00:00:00-04:00,16.136994351905354,16.40840543180325,16.112945285465994,16.147300720214844,9100,0.0,0.0
2023-07-10 00:00:00-04:00,15.831226725982148,15.975521126434831,15.700673713256498,15.810612678527832,13100,0.0,0.0
2023-07-11 00:00:00-04:00,15.78999892447356,16.14042987425337,15.78999892447356,16.119815826416016,10100,0.0,0.0
2023-07-12 00:00:00-04:00,15.95490635756715,16.793192568077117,15.95490635756715,16.59392738342285,32600,0.0,0.0
2023-07-13 00:00:00-04:00,16.3190791537557,16.48055256687183,16.15417072168157,16.188526153564453,15900,0.0,0.0
2023-07-14 00:00:00-04:00,16.284724555075467,16.40840490252734,16.188526981845186,16.195398330688477,9500,0.0,0.0
2023-07-17 00:00:00-04:00,16.229756041953117,16.55270159337573,16.229756041953117,16.429019927978516,8500,0.0,0.0
2023-07-18 00:00:00-04:00,16.59392707765282,17.50779548741991,16.59392707765282,17.336015701293945,19700,0.0,0.0
2023-07-19 00:00:00-04:00,17.658963366374994,18.119333267211914,17.645220668302056,18.119333267211914,24600,0.0,0.0
2023-07-20 00:00:00-04:00,17.8176866786718,18.098718686267826,17.610863403674664,17.789514541625977,11300,0.0,0.0
2023-07-21 00:00:00-04:00,18.043749109751136,18.043749109751136,17.487182962945774,17.63147735595703,4900,0.0,0.0
2023-07-24 00:00:00-04:00,17.62460474145402,17.995649686394962,17.445953617287163,17.720802307128906,18000,0.0,0.0
2023-07-25 00:00:00-04:00,17.19172220431394,17.323648698990887,16.916874794330372,17.013071060180664,20200,0.0,0.0
2023-07-26 00:00:00-04:00,17.34288802063036,17.817000623833696,17.34288802063036,17.569637298583984,14000,0.0,0.0
2023-07-27 00:00:00-04:00,17.75515970265594,17.75515970265594,17.390986065723286,17.41160011291504,10100,0.0,0.0
2023-07-28 00:00:00-04:00,17.418470026306114,17.755158239232433,17.418470026306114,17.693317413330078,10100,0.0,0.0
2023-07-31 00:00:00-04:00,18.126203755871305,18.281493888915975,17.933811220374995,18.023136138916016,18100,0.0,0.0
2023-08-01 00:00:00-04:00,18.057491141969436,18.167430097520104,17.796385139604805,17.83074188232422,4500,0.0,0.0
2023-08-02 00:00:00-04:00,17.60399468761012,17.614301056347003,17.281047821044922,17.281047821044922,9800,0.0,0.0
2023-08-03 00:00:00-04:00,17.260434998202452,17.610864639282227,17.260434998202452,17.610864639282227,2100,0.0,0.0
2023-08-04 00:00:00-04:00,17.617734215043207,17.696752758357547,17.593685150146484,17.593685150146484,4600,0.0,0.0
2023-08-07 00:00:00-04:00,17.82387238792806,17.82387238792806,17.68644802390614,17.76203155517578,3400,0.0,0.0
2023-08-08 00:00:00-04:00,17.31540384717185,17.535281774913898,17.246691667108504,17.41160011291504,6000,0.0,0.0
2023-08-09 00:00:00-04:00,17.528410344555528,17.8513558856069,17.39785733409824,17.49748992919922,7300,0.0,0.0
2023-08-10 00:00:00-04:00,17.514666623728274,17.85822619181375,17.294788709845694,17.439083099365234,10400,0.0,0.0
2023-08-11 00:00:00-04:00,17.418470690786314,17.672704042016086,17.347010236376438,17.473440170288086,2100,0.0,0.0
2023-08-14 00:00:00-04:00,17.260434276274594,17.34975919249348,17.143623963941707,17.253562927246094,6200,0.0,0.0
2023-08-15 00:00:00-04:00,17.054297284484285,17.177978942562863,16.971843719482422,16.971843719482422,4200,0.0,0.0
2023-08-16 00:00:00-04:00,16.53895970006998,16.910004714325964,16.222885482512,16.346567153930664,14400,0.0,0.0
2023-08-17 00:00:00-04:00,16.147299302567724,16.964971421446183,16.147299302567724,16.827547073364258,3700,0.0,0.0
2023-08-18 00:00:00-04:00,16.580184017597023,16.813804626464844,16.580184017597023,16.813804626464844,2400,0.0,0.0
2023-08-21 00:00:00-04:00,16.614542344346106,16.75883674621582,16.53895881351386,16.75883674621582,5400,0.0,0.0
2023-08-22 00:00:00-04:00,16.90313210849448,17.151182174682617,16.822738765932012,17.151182174682617,4500,0.0,0.0
2023-08-23 00:00:00-04:00,16.86877447199949,16.97184339212749,16.786320908588003,16.93748664855957,2400,0.0,0.0
2023-08-24 00:00:00-04:00,17.129880797818938,17.129880797818938,16.52521520559118,16.59392738342285,5000,0.0,0.0
2023-08-25 00:00:00-04:00,16.518346476147578,17.02337820548831,16.236626393658227,16.951231002807617,20500,0.0,0.0
2023-08-28 00:00:00-04:00,16.45650368358615,16.62828346604289,16.32595068195782,16.394662857055664,15200,0.0,0.0
2023-08-29 00:00:00-04:00,16.298464605569283,16.51490748936747,16.21601104736328,16.21601104736328,5700,0.0,0.0
2023-08-30 00:00:00-04:00,16.161043167114258,16.35343569563831,16.157606837347295,16.161043167114258,9800,0.0,0.0
2023-08-31 00:00:00-04:00,16.22975642450443,16.4633757517242,15.920552253723143,15.920552253723145,13400,0.0,0.0
2023-09-01 00:00:00-04:00,15.996134414369884,16.504602432250977,15.996134414369884,16.504602432250977,8000,0.0,0.0
2023-09-05 00:00:00-04:00,16.676381911673488,16.95466432576202,16.676381911673488,16.848161697387695,8300,0.0,0.0
2023-09-06 00:00:00-04:00,16.401535281804268,16.429019367301322,15.989263514741866,16.009876251220703,6700,0.0,0.0
2023-09-07 00:00:00-04:00,15.803740107282986,15.918488877029292,15.755641977518156,15.844966888427734,7100,0.0,0.0
2023-09-08 00:00:00-04:00,15.831226884419854,16.10607430034884,15.803741487539027,15.89306640625,10300,0.0,0.0
2023-09-11 00:00:00-04:00,16.119814098015055,16.325950622558594,16.082023646895685,16.325950622558594,4600,0.0,0.0
2023-09-12 00:00:00-04:00,16.19539762140526,16.422146881000142,16.19539762140526,16.325950622558594,1800,0.0,0.0
2023-09-13 00:00:00-04:00,16.325950622558594,16.325950622558594,16.325950622558594,16.325950622558594,0,0.0,0.0
2023-09-14 00:00:00-04:00,16.167914147377324,16.703866248130485,16.167914147377324,16.435890197753906,19700,0.0,0.0
2023-09-15 00:00:00-04:00,16.325952373061952,16.453755800041115,15.810612972310915,16.119815826416016,27700,0.0,0.0
2023-09-18 00:00:00-04:00,16.277855198331604,16.60767211971815,16.154173525167668,16.353437423706055,14900,0.0,0.0
2023-09-19 00:00:00-04:00,16.793194197971555,17.006200790405273,16.559573557014865,17.006200790405273,7800,0.0,0.0
2023-09-20 00:00:00-04:00,16.89626073955509,16.89626073955509,16.76914405822754,16.76914405822754,2900,0.0,0.0
2023-09-21 00:00:00-04:00,16.490861892700195,16.490861892700195,16.490861892700195,16.490861892700195,1300,0.0,0.0
2023-09-22 00:00:00-04:00,16.41527746624332,16.793193817138672,16.367179331356397,16.793193817138672,4900,0.0,0.0
2023-09-25 00:00:00-04:00,16.587056922066058,16.587056922066058,16.16791510496084,16.291595458984375,12200,0.0,0.0
2023-09-26 00:00:00-04:00,15.920552035812483,15.9823928691223,15.52889429856755,15.535765647888184,13500,0.0,0.0
2023-09-27 00:00:00-04:00,15.515151537915992,15.515151537915992,15.150977888833227,15.23343276977539,17000,0.0,0.0
2023-09-28 00:00:00-04:00,15.78312767055158,15.798931905046622,15.467053465257731,15.535765647888184,25500,0.0,0.0
2023-09-29 00:00:00-04:00,15.63196209535432,16.071717972278904,15.576992610738747,15.597606658935547,18000,0.0,0.0
2023-10-02 00:00:00-04:00,15.52202261035888,15.52202261035888,15.26778793334961,15.26778793334961,14900,0.0,0.0
2023-10-03 00:00:00-04:00,15.398340980635911,15.583863476926911,15.32962879935304,15.480795860290527,16000,0.0,0.0
2023-10-04 00:00:00-04:00,15.425825645344858,15.721285782861163,15.329628071883565,15.63196086883545,19100,0.0,0.0
2023-10-05 00:00:00-04:00,15.556378580353853,15.597606676794657,15.157849488790664,15.219690322875977,22900,0.0,0.0
2023-10-06 00:00:00-04:00,15.144105771463241,15.769384054982527,15.144105771463241,15.735027313232422,19900,0.0,0.0
2023-10-09 00:00:00-04:00,14.917357235062314,14.96545668004967,14.601283031457763,14.766191482543945,17800,0.0,0.0
2023-10-10 00:00:00-04:00,15.329629292233001,15.401777805716462,15.178463537011066,15.219690322875977,2800,0.0,0.0
2023-10-11 00:00:00-04:00,15.047910737615535,15.24030459206782,14.807418747194154,14.883002281188965,6700,0.0,0.0
2023-10-12 00:00:00-04:00,15.01355526823913,15.020426617730722,14.560056686401367,14.560056686401367,6800,0.0,0.0
2023-10-13 00:00:00-04:00,15.006682879218028,15.006682879218028,14.42950266766535,14.49134349822998,2600,0.0,0.0
2023-10-16 00:00:00-04:00,14.463858624286436,14.463858624286436,14.151219440957682,14.199318885803223,19800,0.0,0.0
2023-10-17 00:00:00-04:00,14.1821394165671,14.29207838021678,13.914163356492981,14.161526679992676,11200,0.0,0.0
2023-10-18 00:00:00-04:00,14.024102653883672,14.39514764796322,14.024102653883672,14.305821418762207,5800,0.0,0.0
2023-10-19 00:00:00-04:00,14.518826470256695,14.518826470256695,14.1202974319458,14.1202974319458,3000,0.0,0.0
2023-10-20 00:00:00-04:00,14.120297971156148,14.153967973208935,14.051587104797363,14.051587104797363,2400,0.0,0.0
2023-10-23 00:00:00-04:00,13.53624831414559,13.53624831414559,13.155583702864826,13.295756340026855,7200,0.0,0.0
2023-10-24 00:00:00-04:00,13.29575585757381,13.433178901672363,13.12397606951879,13.433178901672363,14600,0.0,0.0
2023-10-25 00:00:00-04:00,13.00029460568337,13.041521388468217,12.6684161865274,12.697961807250977,15400,0.0,0.0
2023-10-26 00:00:00-04:00,12.443728138553986,12.450599487274856,12.299432436567253,12.388758659362793,10600,0.0,0.0
2023-10-27 00:00:00-04:00,12.43685725817573,12.43685725817573,12.23759206949395,12.27194881439209,2800,0.0,0.0
2023-10-30 00:00:00-04:00,12.27194909928562,12.42311484861932,12.120782039376081,12.34753131866455,7400,0.0,0.0
2023-10-31 00:00:00-04:00,12.25820604899299,12.649177022924922,12.25820604899299,12.601765632629395,7900,0.0,0.0
2023-11-01 00:00:00-04:00,12.581151045032472,13.160392761230469,12.581151045032472,13.160392761230469,9900,0.0,0.0
2023-11-02 00:00:00-04:00,13.247657114417132,13.742382409346343,13.247657114417132,13.32323932647705,18200,0.0,0.0
2023-11-03 00:00:00-04:00,13.618701231666249,13.735511538631707,13.577474449965429,13.604958534240723,10900,0.0,0.0
2023-11-06 00:00:00-05:00,13.989747246179018,14.058458117299837,13.783610701088984,13.907292366027832,10000,0.0,0.0
2023-11-07 00:00:00-05:00,14.209624667056053,14.233673733196822,14.1017472402852,14.189010620117188,3700,0.0,0.0
2023-11-08 00:00:00-05:00,14.381403706131984,14.381403706131984,13.914162484610953,14.085942268371582,3900,0.0,0.0
2023-11-09 00:00:00-05:00,14.237109404457035,14.237109404457035,13.934777898961801,14.134041786193848,3900,0.0,0.0
2023-11-10 00:00:00-05:00,14.051587591778121,14.168397903442383,13.92790593112469,14.168397903442383,3600,0.0,0.0
2023-11-13 00:00:00-05:00,13.61870281239788,13.742384482431913,13.508763841384498,13.694286346435547,6500,0.0,0.0
2023-11-14 00:00:00-05:00,14.22336733066575,14.415759859327277,13.96226131237395,14.35391902923584,11700,0.0,0.0
2023-11-15 00:00:00-05:00,14.292079199126846,14.502338822494574,14.292079199126846,14.422632217407227,7400,0.0,0.0
2023-11-16 00:00:00-05:00,14.924226940274105,15.23343107110829,14.68442303638941,15.130363464355469,8700,0.0,0.0
2023-11-17 00:00:00-05:00,15.041038566943625,15.405212207446851,15.041038566943625,15.109750747680664,2200,0.0,0.0
2023-11-20 00:00:00-05:00,14.910487069349518,14.99568891647733,14.69060782586496,14.773062705993652,3600,0.0,0.0
2023-11-21 00:00:00-05:00,14.883000614534252,15.04790905249375,14.883000614534252,15.013553619384766,2800,0.0,0.0
2023-11-22 00:00:00-05:00,15.515150591258404,15.549506025052182,15.467052459716797,15.467052459716797,3600,0.0,0.0
2023-11-24 00:00:00-05:00,15.659446357121663,15.789998054504395,15.47392386853467,15.789998054504395,1500,0.0,0.0
2023-11-27 00:00:00-05:00,15.487667408884633,15.549506931201984,15.377727131071016,15.398341178894043,2800,0.0,0.0
2023-11-28 00:00:00-05:00,15.288401352821463,15.44643844552592,15.240303221178872,15.302144050598145,2300,0.0,0.0
2023-11-29 00:00:00-05:00,15.32962865932701,15.32962865932701,15.100131103033759,15.254046440124512,3900,0.0,0.0
2023-11-30 00:00:00-05:00,15.254046703114927,15.254046703114927,14.904302497001225,14.957897186279297,4100,0.0,0.0
2023-12-01 00:00:00-05:00,14.876130101808657,15.254046440124512,14.876130101808657,15.254046440124512,8700,0.0,0.0
2023-12-04 00:00:00-05:00,15.254046294594643,15.693802149671333,15.254046294594643,15.281530380249023,8600,0.0,0.0
2023-12-05 00:00:00-05:00,15.260915971019251,15.659446343447362,15.233431886016916,15.54607105255127,14200,0.0,0.0
2023-12-06 00:00:00-05:00,15.67318767580502,15.961777775486352,15.67318767580502,15.865581512451172,13400,0.0,0.0
2023-12-07 00:00:00-05:00,15.741899643136058,16.29159443965589,15.741899643136058,15.968648910522461,4200,0.0,0.0
2023-12-08 00:00:00-05:00,16.12668596048712,16.312208445315868,15.982391568226387,16.27785301208496,7900,0.0,0.0
2023-12-11 00:00:00-05:00,15.851839588944923,16.085460219648667,15.68005979052016,15.803741455078125,5400,0.0,0.0
2023-12-12 00:00:00-05:00,15.563248904960053,15.803740876058717,15.274658801756818,15.52889347076416,3100,0.0,0.0
2023-12-13 00:00:00-05:00,15.295272019657647,15.693801063379512,15.295272019657647,15.373603820800781,3000,0.0,0.0
2023-12-14 00:00:00-05:00,15.762514094765047,15.934293886916354,15.686930566834215,15.783126831054688,6100,0.0,0.0
2023-12-15 00:00:00-05:00,15.52889429856755,16.140429971769226,15.52889429856755,15.535765647888184,16400,0.0,0.0
2023-12-18 00:00:00-05:00,16.449633810235536,16.82067749211822,16.449633810235536,16.600799560546875,16200,0.0,0.0
2023-12-19 00:00:00-05:00,16.813807109101617,17.013072315148374,16.669512699682315,16.834421157836914,10700,0.0,0.0
2023-12-20 00:00:00-05:00,16.834420984441586,17.054298926382963,16.724482013470897,17.006200790405273,6000,0.0,0.0
2023-12-21 00:00:00-05:00,16.800064515050536,17.212334975567053,16.800064515050536,17.10239601135254,7600,0.0,0.0
2023-12-22 00:00:00-05:00,17.29547629235766,17.52153882417074,16.937487267916556,17.425342559814453,6700,0.0,0.0
2023-12-26 00:00:00-05:00,16.999328526055702,17.013071224331433,16.75196519939589,16.841291427612305,11500,0.0,0.0
2023-12-27 00:00:00-05:00,16.648897012758322,16.968407528549204,16.648897012758322,16.820676803588867,13700,0.0,0.0
2023-12-28 00:00:00-05:00,16.66951287491922,16.93748895841553,16.42902087944964,16.662641525268555,15900,0.0,0.0
2023-12-29 00:00:00-05:00,16.69012614656424,16.841291900110868,16.284725710087134,16.7244815826416,14000,0.0,0.0
2024-01-02 00:00:00-05:00,17.404728512919903,17.727674050813015,17.287918201669065,17.425342559814453,14100,0.0,0.0
2024-01-03 00:00:00-05:00,17.41160033094146,17.62323342880235,17.006199905124742,17.30853271484375,13000,0.0,0.0
2024-01-04 00:00:00-05:00,17.65209160840758,18.181172366200794,17.65209160840758,17.926939010620117,20100,0.0,0.0
2024-01-05 00:00:00-05:00,17.9269398182474,18.071234219443674,17.54215343781482,17.954423904418945,19100,0.0,0.0
2024-01-08 00:00:00-05:00,17.52153812606368,17.52153812606368,17.16423585758224,17.267303466796875,15300,0.0,0.0
2024-01-09 00:00:00-05:00,16.827548512993324,17.07491183647291,16.779450380222478,16.944358825683594,8200,0.0,0.0
2024-01-10 00:00:00-05:00,16.944358324097944,17.13675216006193,16.633780695477746,16.971843719482422,8400,0.0,0.0
2024-01-11 00:00:00-05:00,16.999328146666873,17.226077420852526,16.999328146666873,17.116138458251953,3600,0.0,0.0
2024-01-12 00:00:00-05:00,16.999327611430836,17.026124954223633,16.813805126417755,17.026124954223633,2800,0.0,0.0
2024-01-16 00:00:00-05:00,17.04742811461756,17.04742811461756,16.456506454654118,16.490861892700195,3400,0.0,0.0
2024-01-17 00:00:00-05:00,16.195398330688477,16.621412784941988,16.09370551318966,16.195398330688477,4500,0.0,0.0
2024-01-18 00:00:00-05:00,16.710050640224644,17.00619882370393,16.490859465409873,16.538957595825195,4700,0.0,0.0
2024-01-19 00:00:00-05:00,16.875645723173275,17.064603224689513,16.779449462890625,16.779449462890625,2500,0.0,0.0
2024-01-22 00:00:00-05:00,16.078588810737738,16.112945556640625,16.00987662950781,16.112945556640625,5900,0.0,0.0
2024-01-23 00:00:00-05:00,16.198834911451428,16.22288397748777,16.181655883789062,16.181655883789062,1800,0.0,0.0
2024-01-24 00:00:00-05:00,16.944359622958036,16.944359622958036,16.683254899669596,16.861906051635742,4200,0.0,0.0
2024-01-25 00:00:00-05:00,17.17797863041372,17.329144370554083,16.916873931884766,16.916873931884766,7800,0.0,0.0
2024-01-26 00:00:00-05:00,17.308533666543088,17.308533666543088,17.074913024902344,17.074913024902344,1600,0.0,0.0
2024-01-29 00:00:00-05:00,17.07491192540936,17.48031234741211,17.07491192540936,17.48031234741211,2800,0.0,0.0
2024-01-30 00:00:00-05:00,17.219207894212897,17.219207894212897,16.861906883235033,16.978715896606445,3600,0.0,0.0
2024-01-31 00:00:00-05:00,17.088654131101258,17.301660704304044,16.703866456867836,16.731351852416992,5400,0.0,0.0
2024-02-01 00:00:00-05:00,16.690125228800287,16.731352011941304,16.31083541640585,16.559572219848633,17800,0.0,0.0
2024-02-02 00:00:00-05:00,17.05155072365626,17.05155072365626,16.696996688842773,16.696996688842773,2700,0.0,0.0
2024-02-05 00:00:00-05:00,16.573316399217237,16.74509620666504,16.456506077729696,16.74509620666504,2400,0.0,0.0
2024-02-06 00:00:00-05:00,16.944358248106067,16.944358248106067,16.848161985843387,16.923744201660156,3100,0.0,0.0
2024-02-07 00:00:00-05:00,16.85503412588804,16.958101741804345,16.83442007847444,16.841291427612305,2100,0.0,0.0
2024-02-08 00:00:00-05:00,16.600799641270367,16.600799641270367,16.20227056071544,16.27098274230957,4600,0.0,0.0
2024-02-09 00:00:00-05:00,16.17478658928293,16.278540948871917,16.01674817732142,16.274417877197266,5000,0.0,0.0
2024-02-12 00:00:00-05:00,16.260675140122327,16.305336940780673,16.051103591918945,16.051103591918945,5100,0.0,0.0
2024-02-13 00:00:00-05:00,16.868774797366417,17.164236244870626,16.868774797366417,16.971843719482422,9000,0.0,0.0
2024-02-14 00:00:00-05:00,16.786321425360725,16.889389038085938,16.52659020252468,16.889389038085938,2200,0.0,0.0
2024-02-15 00:00:00-05:00,17.08865484195601,17.08865484195601,16.834420164853825,16.99932861328125,4800,0.0,0.0
2024-02-16 00:00:00-05:00,17.321587197865753,17.48031234741211,17.054297878153417,17.48031234741211,3000,0.0,0.0
2024-02-20 00:00:00-05:00,17.425342650199532,17.658963273912995,17.26112094764248,17.5833797454834,4300,0.0,0.0
2024-02-21 00:00:00-05:00,17.224702818334865,17.370371999845478,17.224702818334865,17.2982234954834,1900,0.0,0.0
2024-02-22 00:00:00-05:00,17.37724400683871,17.459697571268645,16.916874121948272,17.232948303222656,4000,0.0,0.0
2024-02-23 00:00:00-05:00,16.896261216659976,17.603994463789302,16.896261216659976,17.38411521911621,4700,0.0,0.0
2024-02-26 00:00:00-05:00,17.339453583276015,17.339453583276015,17.11613931708946,17.21233558654785,3700,0.0,0.0
2024-02-27 00:00:00-05:00,17.245316014004004,17.31540298461914,17.17797863133813,17.31540298461914,5600,0.0,0.0
2024-02-28 00:00:00-05:00,17.34975919249348,17.418471372202678,17.253562927246094,17.253562927246094,4400,0.0,0.0
2024-02-29 00:00:00-05:00,17.301662745657868,17.61773696831073,17.27417734686582,17.356632232666016,3500,0.0,0.0
2024-03-01 00:00:00-05:00,17.308532552006735,17.55589456619891,17.204776884567064,17.48031234741211,3700,0.0,0.0
2024-03-04 00:00:00-05:00,17.597122393739063,17.8925838470459,17.521538865523137,17.8925838470459,7100,0.0,0.0
2024-03-05 00:00:00-05:00,17.445956124368347,17.97503822459736,17.445956124368347,17.920068740844727,5000,0.0,0.0
2024-03-06 00:00:00-05:00,17.90632475151937,18.139945368271935,17.90632475151937,18.030006408691406,3000,0.0,0.0
2024-03-07 00:00:00-05:00,17.8115049379594,17.8115049379594,17.549025418229455,17.665834426879883,1800,0.0,0.0
2024-03-08 00:00:00-05:00,17.6177355724838,17.799823048614726,17.590251486445222,17.79638671875,2900,0.0,0.0
2024-03-11 00:00:00-04:00,17.18485210206873,17.336017860883384,17.040556382248262,17.322275161743164,4300,0.0,0.0
2024-03-12 00:00:00-04:00,17.102395569246763,17.17797909665631,16.83441951472318,17.064603805541992,4800,0.0,0.0
2024-03-13 00:00:00-04:00,16.786320776316526,17.088653564453125,16.69699455431956,17.088653564453125,4200,0.0,0.0
2024-03-14 00:00:00-04:00,16.834418823688768,16.834418823688768,16.569877799190284,16.642024993896484,3400,0.0,0.0
2024-03-15 00:00:00-04:00,15.831224595091607,16.525213728489682,15.831224595091607,16.07858657836914,14200,0.0,0.0
2024-03-18 00:00:00-04:00,16.999329107364858,17.177980259331008,16.80006521785608,16.861906051635742,9800,0.0,0.0
2024-03-19 00:00:00-04:00,16.66951238883714,17.17110910352583,16.66951238883714,17.07628631591797,3300,0.0,0.0
2024-03-20 00:00:00-04:00,17.31540496537028,17.31540496537028,17.006200790405273,17.006200790405273,4600,0.0,0.0
2024-03-21 00:00:00-04:00,17.648656120453026,17.648656120453026,17.32914559058661,17.535282135009766,1900,0.0,0.0
2024-03-22 00:00:00-04:00,17.67270476899585,17.67270476899585,17.184850782171377,17.34288787841797,4300,0.0,0.0
2024-03-25 00:00:00-04:00,17.418470633265017,17.535280940642505,17.267303582202526,17.404727935791016,3100,0.0,0.0
2024-03-26 00:00:00-04:00,17.542151182962048,17.796384517317268,17.508482493677327,17.720802307128906,17600,0.0,0.0
2024-03-27 00:00:00-04:00,17.844484528521072,18.297983079825052,17.720804177727477,18.13994598388672,25000,0.0,0.0
2024-03-28 00:00:00-04:00,18.27736910542481,18.469761622901707,17.837611971386764,18.31859588623047,48900,0.0,0.0
2024-04-01 00:00:00-04:00,18.531603124966733,19.919584131588106,18.24301302765512,18.895776748657227,211800,0.0,0.0
2024-04-02 00:00:00-04:00,18.401051126694426,18.827064261555797,18.100091820120124,18.442277908325195,139300,0.0,0.0
2024-04-03 00:00:00-04:00,18.442280195097737,18.895778780995556,18.13307601808744,18.65528678894043,183200,0.0,0.0
2024-04-04 00:00:00-04:00,18.442278557648113,18.88890575433777,18.249884718971053,18.641542434692383,272600,0.0,0.0
2024-04-05 00:00:00-04:00,15.886195992924026,16.332823197096747,15.632648061809086,15.659446716308594,125000,0.0,0.0
2024-04-08 00:00:00-04:00,18.215754730738738,18.265231215484427,17.770461649540273,18.034339904785156,53000,3.8,0.0
2024-04-09 00:00:00-04:00,17.729229741065005,17.729229741065005,16.813906213918713,17.102521896362305,118600,0.0,0.0
2024-04-10 00:00:00-04:00,16.7396919698611,16.88564893322583,16.343876955836798,16.525293350219727,31600,0.0,0.0
2024-04-11 00:00:00-04:00,16.83040105823433,16.83040105823433,16.23667850575984,16.517047882080078,22200,0.0,0.0
2024-04-12 00:00:00-04:00,16.244923811318426,16.57476965273611,16.244923811318426,16.30264663696289,15700,0.0,0.0
2024-04-15 00:00:00-04:00,16.954092413531146,16.954092413531146,16.187199829478267,16.211938858032227,28200,0.0,0.0
2024-04-16 00:00:00-04:00,16.929353103112646,17.753968423955037,16.929353103112646,17.60553741455078,67100,0.0,0.0
2024-04-17 00:00:00-04:00,17.490091917961227,17.65501562745984,17.110769588075097,17.143754959106445,14700,0.0,0.0
2024-04-18 00:00:00-04:00,17.448861900093895,17.448861900093895,17.086030680334794,17.226215362548828,8300,0.0,0.0
2024-04-19 00:00:00-04:00,17.234461897581014,17.448862094701276,17.14375527125139,17.415878295898438,17400,0.0,0.0
2024-04-22 00:00:00-04:00,17.457108745679573,17.753970804289374,17.457108745679573,17.68800163269043,14700,0.0,0.0
2024-04-23 00:00:00-04:00,17.77046177269885,17.927139143779993,17.547816803385665,17.877662658691406,12900,0.0,0.0
2024-04-24 00:00:00-04:00,17.976616054447955,18.00960142717398,17.688001907240952,17.786954879760742,6000,0.0,0.0
2024-04-25 00:00:00-04:00,17.91064645780743,17.950228275009938,17.692123873572832,17.877662658691406,5900,0.0,0.0
2024-04-26 00:00:00-04:00,17.93538479322798,18.35593883229143,17.902399422558354,18.347692489624023,16700,0.0,0.0
2024-04-29 00:00:00-04:00,18.54560045496293,18.677538795254538,18.308111127872216,18.43015480041504,8600,0.0,0.0
2024-04-30 00:00:00-04:00,18.430153908926044,18.62806140979043,18.430153908926044,18.471384048461914,4300,0.0,0.0
2024-05-01 00:00:00-04:00,18.817724671072913,18.872149279213325,18.281724933063305,18.487878799438477,26900,0.0,0.0
2024-05-02 00:00:00-04:00,18.966154396978236,19.20529362041983,18.487877522924123,18.792985916137695,21000,0.0,0.0
2024-05-03 00:00:00-04:00,18.67753756405746,19.180553436279297,18.67753756405746,19.180553436279297,22900,0.0,0.0
2024-05-06 00:00:00-04:00,18.31470714010906,18.636308213193196,18.31470714010906,18.55384635925293,25900,0.0,0.0
2024-05-07 00:00:00-04:00,18.727013969104785,18.8836913270474,18.727013969104785,18.80122947692871,11400,0.0,0.0
2024-05-08 00:00:00-04:00,18.83421562146216,18.98264664322052,18.83421562146216,18.916677474975586,5300,0.0,0.0
2024-05-09 00:00:00-04:00,19.32073903162412,19.58461570739746,19.221784491794594,19.58461570739746,17900,0.0,0.0
2024-05-10 00:00:00-04:00,19.50215414897817,19.733047030198428,19.316615367000207,19.650585174560547,19400,0.0,0.0
2024-05-13 00:00:00-04:00,19.650584896275934,19.790769577026367,19.551630356346017,19.790769577026367,16400,0.0,0.0
2024-05-14 00:00:00-04:00,19.774275732112486,19.996922254278246,19.65470612878321,19.972183227539062,14700,0.0,0.0
2024-05-15 00:00:00-04:00,20.16184750651197,20.58239998366835,20.16184750651197,20.442216873168945,17700,0.0,0.0
2024-05-16 00:00:00-04:00,20.442216395544165,20.442216395544165,20.07113883868912,20.153600692749023,8600,0.0,0.0
2024-05-17 00:00:00-04:00,20.005169670007003,20.17833814798666,20.005169670007003,20.153600692749023,5300,0.0,0.0
2024-05-20 00:00:00-04:00,19.78252365431661,19.996923851359334,19.67532434220979,19.700061798095703,27500,0.0,0.0
2024-05-21 00:00:00-04:00,19.74953972436442,19.897969177181395,19.716554352963488,19.753662109375,8500,0.0,0.0
2024-05-22 00:00:00-04:00,19.667076985179975,19.757783606799546,19.580492748385794,19.658830642700195,3800,0.0,0.0
2024-05-23 00:00:00-04:00,19.85673991149537,19.95981684242565,19.477417560629945,19.6423397064209,28300,0.0,0.0
2024-05-24 00:00:00-04:00,19.40732373259538,20.112369537353516,19.40732373259538,20.112369537353516,38400,0.0,0.0
2024-05-28 00:00:00-04:00,20.673106875219073,20.98646159358652,20.615384051527432,20.813291549682617,39600,0.0,0.0
2024-05-29 00:00:00-04:00,20.84627838916964,20.945231358810748,20.65661564717084,20.93698501586914,26600,0.0,0.0
2024-05-30 00:00:00-04:00,20.87101426081794,21.085414442537054,20.838030464384445,20.969968795776367,12500,0.0,0.0
2024-05-31 00:00:00-04:00,20.98646235561527,21.06892263655237,20.78690495261045,20.96172332763672,25300,0.0,0.0
2024-06-03 00:00:00-04:00,21.324554862222833,21.42350782997182,21.05243184166953,21.23384666442871,31300,0.0,0.0
2024-06-04 00:00:00-04:00,21.439999775432227,21.571938109762414,21.176123106771858,21.291568756103516,15200,0.0,0.0
2024-06-05 00:00:00-04:00,21.365784096146292,21.365784096146292,20.830608582976236,21.035938262939453,13200,0.0,0.0
2024-06-06 00:00:00-04:00,21.09366329415457,21.225601641241873,20.93698591717746,21.101909637451172,13600,0.0,0.0
2024-06-07 00:00:00-04:00,21.143138890169872,21.1596315760681,20.635176432571324,20.904001235961914,23000,0.0,0.0
2024-06-10 00:00:00-04:00,20.310277359579988,20.499940103930264,19.88147853110369,20.384492874145508,26200,0.0,0.0
2024-06-11 00:00:00-04:00,20.384492749026055,20.54941646323249,20.291312061577827,20.541170120239258,12700,0.0,0.0
2024-06-12 00:00:00-04:00,20.65661417803967,20.871014360785715,20.574153900146484,20.574153900146484,9600,0.0,0.0
2024-06-13 00:00:00-04:00,20.40923089143793,20.821538586214455,20.28966128247377,20.582399368286133,14500,0.0,0.0
2024-06-14 00:00:00-04:00,19.98867653795898,20.351507744017244,19.98867653795898,20.31027603149414,3900,0.0,0.0
2024-06-17 00:00:00-04:00,20.541169443986345,20.97821617126465,20.541169443986345,20.97821617126465,16600,0.0,0.0
2024-06-18 00:00:00-04:00,20.871016869612205,21.110156108169626,20.722585835035762,20.739078521728516,7500,0.0,0.0
2024-06-20 00:00:00-04:00,20.326768826349355,20.326768826349355,19.799015485833717,19.914461135864258,17400,0.0,0.0
2024-06-21 00:00:00-04:00,19.92270863714784,20.137108837409407,19.625846579427346,19.76603126525879,9700,0.0,0.0
2024-06-24 00:00:00-04:00,19.733047048958664,20.021662757551102,19.564000952513375,19.61760139465332,6400,0.0,0.0
2024-06-25 00:00:00-04:00,19.96393825062994,20.615385177187004,19.96393825062994,20.458707809448242,14400,0.0,0.0
2024-06-26 00:00:00-04:00,20.43396880042928,20.85452281481232,20.43396880042928,20.697845458984375,7500,0.0,0.0
2024-06-27 00:00:00-04:00,20.47519944956511,20.61538412452504,19.92270709211468,20.211322784423828,13400,0.0,0.0
2024-06-28 00:00:00-04:00,19.906216266290837,20.532924190941397,19.906216266290837,20.244308471679688,9500,0.0,0.0
2024-07-01 00:00:00-04:00,20.1371069432197,20.14535328547281,19.906214078619378,19.939199447631836,6400,0.0,0.0
2024-07-02 00:00:00-04:00,19.79077047166381,19.873232329861565,19.749540328979492,19.749540328979492,8100,0.0,0.0
2024-07-03 00:00:00-04:00,19.823755264282227,19.823755264282227,19.823755264282227,19.823755264282227,1100,0.0,0.0
2024-07-05 00:00:00-04:00,20.86276995304219,21.09366284190924,20.442217463736224,21.019447326660156,29300,0.0,0.0
2024-07-08 00:00:00-04:00,21.11015552814884,21.11015552814884,20.87101629616199,21.019447326660156,19900,0.0,0.0
2024-07-09 00:00:00-04:00,20.854523261483063,21.068921871529444,20.6937219447048,20.813291549682617,8300,0.0,0.0
2024-07-10 00:00:00-04:00,21.063976981316696,21.16787807213474,20.935336861472354,21.159631729125977,3200,0.0,0.0
2024-07-11 00:00:00-04:00,21.275076253320595,21.604923664800125,21.266831483579725,21.51421546936035,17000,0.0,0.0
2024-07-12 00:00:00-04:00,21.604924682505878,21.65604949232101,21.254462184507503,21.55544662475586,14800,0.0,0.0
2024-07-15 00:00:00-04:00,21.266833486092448,21.266833486092448,20.590647487152072,20.739078521728516,7000,0.0,0.0
2024-07-16 00:00:00-04:00,21.176123106771858,21.522461627595845,21.068922227110452,21.291568756103516,9500,0.0,0.0
2024-07-17 00:00:00-04:00,21.176123247047958,21.363310347251268,20.86276852131627,21.341045379638672,14400,0.0,0.0
2024-07-18 00:00:00-04:00,21.604923760006145,21.613168529783344,21.151384353637695,21.151384353637695,8400,0.0,0.0
2024-07-19 00:00:00-04:00,21.44824653851474,21.44824653851474,21.192616207340926,21.20086097717285,1200,0.0,0.0
2024-07-22 00:00:00-04:00,21.481230376027128,21.481230376027128,21.008725793200902,21.37403106689453,9000,0.0,0.0
2024-07-23 00:00:00-04:00,21.794586043460896,22.058462729128657,21.580185843148563,21.74510955810547,17600,0.0,0.0
2024-07-24 00:00:00-04:00,22.01723242182747,22.066708906812163,21.819323336230482,21.967754364013672,9600,0.0,0.0
2024-07-25 00:00:00-04:00,21.96775374816252,22.008985461851445,21.176123719283787,21.629661560058594,5600,0.0,0.0
2024-07-26 00:00:00-04:00,21.192616838355125,21.844062199678028,21.101908639212674,21.26683235168457,10900,0.0,0.0
2024-07-29 00:00:00-04:00,20.829785046354505,20.829785046354505,20.11649291910678,20.18658447265625,33800,0.0,0.0
2024-07-30 00:00:00-04:00,20.145354611135293,20.145354611135293,19.444431201786006,19.807262420654297,7900,0.0,0.0
2024-07-31 00:00:00-04:00,20.796799503134263,21.176123399193393,20.796799503134263,21.11840057373047,19400,0.0,0.0
2024-08-01 00:00:00-04:00,20.425725165681538,20.565909855724072,19.91446289234137,20.104124069213867,10900,0.0,0.0
2024-08-02 00:00:00-04:00,19.782522935271107,19.8732311311,19.48566089279767,19.72480010986328,9600,0.0,0.0
2024-08-05 00:00:00-04:00,19.378463034774462,19.609355926513672,19.221785659207526,19.609355926513672,8800,0.0,0.0
2024-08-06 00:00:00-04:00,19.452677349356545,19.587089747203326,19.320739011606573,19.378461837768555,4800,0.0,0.0
2024-08-07 00:00:00-04:00,19.89796920437761,20.16184745745852,19.625846181264276,19.823755264282227,14200,0.0,0.0
2024-08-08 00:00:00-04:00,19.807261573391234,20.244306713068497,19.807261573391234,20.02166175842285,5400,0.0,0.0
2024-08-09 00:00:00-04:00,20.236063299567032,20.53292378326489,19.84024669992138,20.302032470703125,30200,0.0,0.0
2024-08-12 00:00:00-04:00,19.799015597167127,19.799015597167127,19.419691701916744,19.518646240234375,5800,0.0,0.0
2024-08-13 00:00:00-04:00,19.47741545968973,20.277291791211162,19.47741545968973,20.1948299407959,4500,0.0,0.0
2024-08-14 00:00:00-04:00,19.996923778651812,20.36800134388214,19.873231781184728,20.23606300354004,4400,0.0,0.0
2024-08-15 00:00:00-04:00,20.400985001087513,20.607138853046152,20.120615636597435,20.425724029541016,5700,0.0,0.0
2024-08-16 00:00:00-04:00,20.37624597263401,20.56590871178605,20.104122950961766,20.425724029541016,4400,0.0,0.0
2024-08-19 00:00:00-04:00,20.78855372891815,21.093662122630302,20.664861731997195,21.044185638427734,12400,0.0,0.0
2024-08-20 00:00:00-04:00,20.64837000913678,20.953476821006127,20.60713829616185,20.706092834472656,9900,0.0,0.0
2024-08-21 00:00:00-04:00,20.887507963465946,20.887507963465946,20.532923090757514,20.54859161376953,10600,0.0,0.0
2024-08-22 00:00:00-04:00,20.532924190941397,20.532924190941397,20.20307832871193,20.244308471679688,5700,0.0,0.0
2024-08-23 00:00:00-04:00,20.44221541009734,20.683002942820995,20.44221541009734,20.557661056518555,2700,0.0,0.0
2024-08-26 00:00:00-04:00,20.71433822520205,20.71433822520205,20.351507031840626,20.55848503112793,9000,0.0,0.0
2024-08-27 00:00:00-04:00,20.483446357151696,20.483446357151696,20.12061514615638,20.17009162902832,10700,0.0,0.0
2024-08-28 00:00:00-04:00,20.236062270011182,20.598891906385347,20.236062270011182,20.293785095214844,4600,0.0,0.0
2024-08-29 00:00:00-04:00,20.49169395911386,20.904001678320057,20.49169395911386,20.780309677124023,11200,0.0,0.0
2024-08-30 00:00:00-04:00,20.788554164238338,21.11262931054845,20.541170165216116,20.920494079589844,12400,0.0,0.0
2024-09-03 00:00:00-04:00,20.50818689352233,20.706094412396606,20.260801315307617,20.260801315307617,13700,0.0,0.0
2024-09-04 00:00:00-04:00,20.013416170695564,20.615385036275843,20.013416170695564,20.409231185913086,11100,0.0,0.0
2024-09-05 00:00:00-04:00,20.747322468826244,20.747322468826244,20.326768443708673,20.45046043395996,12800,0.0,0.0
2024-09-06 00:00:00-04:00,20.532923001135458,20.60549018760134,20.18658447265625,20.18658447265625,11000,0.0,0.0
2024-09-09 00:00:00-04:00,20.203077632039975,20.565908854395285,20.137108461868927,20.23606300354004,9300,0.0,0.0
2024-09-10 00:00:00-04:00,20.32676874645685,20.58899709087158,20.21956943939683,20.380369186401367,9200,0.0,0.0
2024-09-11 00:00:00-04:00,20.351507926509598,20.532922744750977,20.351507926509598,20.532922744750977,5000,0.0,0.0
2024-09-12 00:00:00-04:00,20.95347669251959,21.3410453551332,20.95347669251959,21.134891510009766,4800,0.0,0.0
2024-09-13 00:00:00-04:00,21.275075956305187,21.448246002197266,21.275075956305187,21.448246002197266,5000,0.0,0.0
2024-09-16 00:00:00-04:00,21.56369295829761,21.56369295829761,20.945231392154298,21.11015510559082,6000,0.0,0.0
2024-09-17 00:00:00-04:00,20.433970932408595,21.02769347610363,20.194831702624345,20.384492874145508,19500,0.0,0.0
2024-09-18 00:00:00-04:00,20.557663545342734,20.68135554903015,20.01341747085477,20.483448028564453,8600,0.0,0.0
2024-09-19 00:00:00-04:00,20.90400006151014,21.16787672974003,20.359754040078737,20.846277236938477,6400,0.0,0.0
2024-09-20 00:00:00-04:00,20.582400262376314,20.60713929135601,20.450461920142807,20.541170120239258,11800,0.0,0.0
2024-09-23 00:00:00-04:00,21.093662557884965,21.34929289984025,20.846278558938444,21.159631729125977,3200,0.0,0.0
2024-09-24 00:00:00-04:00,21.835814425531257,22.12443011702506,21.786337944164284,22.033721923828125,10400,0.0,0.0
2024-09-25 00:00:00-04:00,22.074954967853976,22.264616135230668,22.017232140637514,22.107938766479492,9200,0.0,0.0
2024-09-26 00:00:00-04:00,22.38830664542118,22.965538024902344,22.1409226672601,22.965538024902344,24200,0.0,0.0
2024-09-27 00:00:00-04:00,22.96553957574377,22.96553957574377,22.26461615984936,22.41716957092285,7000,0.0,0.0
2024-09-30 00:00:00-04:00,22.85009197210723,23.254154902074166,22.75113900492153,23.02326202392578,14800,0.0,0.0
2024-10-01 00:00:00-04:00,23.08923129545483,23.08923129545483,22.511999883936834,22.660430908203125,14000,0.0,0.0
2024-10-02 00:00:00-04:00,22.676923294859883,22.676923294859883,22.577968755710263,22.59446144104004,4700,0.0,0.0
2024-10-03 00:00:00-04:00,22.586215659494023,22.586215659494023,22.272038332150448,22.3140926361084,5000,0.0,0.0
2024-10-04 00:00:00-04:00,22.751138780269297,22.751138780269297,22.018055747461013,22.149169921875,9300,0.0,0.0
2024-10-07 00:00:00-04:00,22.14917074953326,22.14917074953326,21.456493668873293,21.761600494384766,6300,0.0,0.0
2024-10-08 00:00:00-04:00,21.769845815898282,21.918276836622272,21.750054908279818,21.856430053710938,2700,0.0,0.0
2024-10-09 00:00:00-04:00,21.654401195338462,22.066708906812163,21.654401195338462,21.967754364013672,5300,0.0,0.0
2024-10-10 00:00:00-04:00,21.505970316372448,21.604924859855686,21.48535524522193,21.538955688476562,5000,0.0,0.0
2024-10-11 00:00:00-04:00,21.646153787196674,21.825920280284272,21.534830521837325,21.547199249267578,3600,0.0,0.0
2024-10-14 00:00:00-04:00,21.852307507091005,21.94301570193516,21.464738845825195,21.464738845825195,3900,0.0,0.0
2024-10-15 00:00:00-04:00,21.934770426312195,22.116185251995383,21.791287519783193,21.918277740478516,9100,0.0,0.0
2024-10-16 00:00:00-04:00,22.157415199266534,22.157415199266534,21.860553169254906,21.934768676757812,7300,0.0,0.0
2024-10-17 00:00:00-04:00,22.454277019449613,22.553231559736464,22.099692144929563,22.248123168945312,15300,0.0,0.0
2024-10-18 00:00:00-04:00,22.272862372896554,22.51200002349658,22.143398093489807,22.47076988220215,6800,0.0,0.0
2024-10-21 00:00:00-04:00,22.676923751831055,22.676923751831055,22.289355075745497,22.676923751831055,12100,0.0,0.0
2024-10-22 00:00:00-04:00,22.82535317762507,22.924306139005473,22.43778295586977,22.70990753173828,11100,0.0,0.0
2024-10-23 00:00:00-04:00,22.660431012730758,22.660431012730758,21.870449301629236,22.058462142944336,8200,0.0,0.0
2024-10-24 00:00:00-04:00,22.017231450420862,22.470769283900076,22.017231450420862,22.338830947875977,3400,0.0,0.0
2024-10-25 00:00:00-04:00,22.479015756868602,22.479015756868602,22.28523063659668,22.28523063659668,2900,0.0,0.0
2024-10-28 00:00:00-04:00,22.80886121994128,23.080984231652245,22.223385056768514,22.924306869506836,17700,0.0,0.0
2024-10-29 00:00:00-04:00,23.08923004409369,23.196429348682233,22.990275509002824,23.17169189453125,7500,0.0,0.0
2024-10-30 00:00:00-04:00,22.932554198438197,23.369600933609565,22.932554198438197,23.260751724243164,8100,0.0,0.0
2024-10-31 00:00:00-04:00,23.394338320516322,23.583999474745106,23.03150712381376,23.567506790161133,6900,0.0,0.0
2024-11-01 00:00:00-04:00,23.682953333106035,23.682953333106035,23.17169267428092,23.526277542114258,7000,0.0,0.0
2024-11-04 00:00:00-05:00,23.33661506272227,23.44958822752092,22.957292735763154,23.17993927001953,9600,0.0,0.0
2024-11-05 00:00:00-05:00,23.155200520844986,23.584000909134296,23.146954178051452,23.278892517089844,3400,0.0,0.0
2024-11-06 00:00:00-05:00,23.27889200504927,23.732431411743164,23.27889200504927,23.732431411743164,12200,0.0,0.0
2024-11-07 00:00:00-05:00,23.76541444694927,23.946830832938456,23.583999633789062,23.583999633789062,11000,0.0,0.0
2024-11-08 00:00:00-05:00,23.79757588816944,23.913847279421844,23.427324053772796,23.565858840942383,6100,0.0,0.0
2024-11-11 00:00:00-05:00,24.16122989479132,24.16122989479132,23.575753732616644,23.699445724487305,5700,0.0,0.0
2024-11-12 00:00:00-05:00,23.71593926663017,23.79015477900066,23.40258453154831,23.48504638671875,8700,0.0,0.0
2024-11-13 00:00:00-05:00,23.649968958090557,23.823963165283203,23.649968958090557,23.823963165283203,3400,0.0,0.0
2024-11-14 00:00:00-05:00,23.60049267163731,24.31790716549477,23.60049267163731,24.06227684020996,8900,0.0,0.0
2024-11-15 00:00:00-05:00,24.128246123418943,24.268430800443365,23.825611801874025,23.90559959411621,6200,0.0,0.0
2024-11-18 00:00:00-05:00,24.047436133231017,24.590032302998655,23.93858691972378,24.491079330444336,25700,0.0,0.0
2024-11-19 00:00:00-05:00,24.499323374689137,25.293429055971927,24.499323374689137,24.99409294128418,21300,0.0,0.0
2024-11-20 00:00:00-05:00,23.831385113764178,24.1117544799238,23.748923257923863,23.913846969604492,21800,0.0,0.0
2024-11-21 00:00:00-05:00,23.633476666310273,23.633476666310273,22.85833776867431,23.303630828857422,18100,0.0,0.0
2024-11-22 00:00:00-05:00,23.41907808965797,23.913847666284862,23.024087219950086,23.4768009185791,4300,0.0,0.0
2024-11-25 00:00:00-05:00,24.458092648222493,24.746708352906886,24.243692455394918,24.623016357421875,17300,0.0,0.0
2024-11-26 00:00:00-05:00,24.49932126988858,24.705475107189542,24.218953498161913,24.326152801513672,10300,0.0,0.0
2024-11-27 00:00:00-05:00,24.565293312578145,24.565293312578145,24.08701487471934,24.22719955444336,7400,0.0,0.0
2024-11-29 00:00:00-05:00,24.392124345800777,24.623017232318105,24.285749194447405,24.614770889282227,3800,0.0,0.0
2024-12-02 00:00:00-05:00,25.134277803486015,25.249725032633663,24.805256110149067,24.977602005004883,8500,0.0,0.0
2024-12-03 00:00:00-05:00,25.150769317943258,25.563077011680033,25.02707732438803,25.39815330505371,18400,0.0,0.0
2024-12-04 00:00:00-05:00,25.513600245081616,25.513600245081616,25.04356973110165,25.2992000579834,12200,0.0,0.0
2024-12-05 00:00:00-05:00,24.96110887911478,25.472369553368956,24.934721525682583,25.340431213378906,6400,0.0,0.0
2024-12-06 00:00:00-05:00,25.56307762915085,25.56307762915085,25.249724466386695,25.497108459472656,9200,0.0,0.0
2024-12-09 00:00:00-05:00,25.365168522715976,25.72634982192047,25.24147653396264,25.56307601928711,10600,0.0,0.0
2024-12-10 00:00:00-05:00,25.6950162519406,25.6950162519406,25.282708543696586,25.356924057006836,10100,0.0,0.0
2024-12-11 00:00:00-05:00,25.29095520100917,25.406400857447363,25.064186273221665,25.389909744262695,20900,0.0,0.0
2024-12-12 00:00:00-05:00,25.117784658054994,25.77747793039362,24.81267783684273,25.13427734375,12700,0.0,0.0
2024-12-13 00:00:00-05:00,24.73846181179586,24.8802963893095,24.383876940840807,24.433353424072266,7700,0.0,0.0
2024-12-16 00:00:00-05:00,24.202463051425624,24.947090679942907,24.202463051425624,24.771448135375977,5700,0.0,0.0
2024-12-17 00:00:00-05:00,24.738461532553384,24.74670787513705,24.573537826538086,24.573537826538086,4500,0.0,0.0
2024-12-18 00:00:00-05:00,24.74670934822847,24.837417549219357,23.913847571648795,24.25193977355957,9400,0.0,0.0
2024-12-19 00:00:00-05:00,24.18596943186048,24.260184943112296,23.823138218277062,24.194215774536133,9900,0.0,0.0
2024-12-20 00:00:00-05:00,24.18597061291975,24.903386732444094,23.699447381101557,24.458093643188477,16900,0.0,0.0
2024-12-23 00:00:00-05:00,24.40861658089657,24.548801264258255,24.239570483857104,24.53230857849121,4200,0.0,0.0
2024-12-24 00:00:00-05:00,24.277503017359635,24.870401402078933,24.277503017359635,24.837417602539062,3300,0.0,0.0
2024-12-26 00:00:00-05:00,24.88689349590124,26.53612432719671,24.88689349590124,26.51138687133789,21400,0.0,0.0
2024-12-27 00:00:00-05:00,26.30523165885894,26.30523165885894,25.737896474759616,26.02486228942871,5200,0.0,0.0
2024-12-30 00:00:00-05:00,25.620798668687655,26.651567856020304,25.571322188087798,26.32172203063965,15200,0.0,0.0
2024-12-31 00:00:00-05:00,26.96492494217198,28.309048961496206,26.96492494217198,28.036924362182617,28000,0.0,0.0
2025-01-02 00:00:00-05:00,26.725784914337442,26.922042523376227,26.231015361138546,26.585601806640625,17600,0.0,0.0
2025-01-03 00:00:00-05:00,25.785722790115848,26.346461488861323,25.684294194471615,26.198030471801758,41200,0.0,0.0
2025-01-06 00:00:00-05:00,26.34646310838267,26.404185935714295,25.903644089978677,26.132062911987305,12300,0.0,0.0
2025-01-07 00:00:00-05:00,25.975385051334,26.132062417432593,25.660381994289438,25.87643051147461,13900,0.0,0.0
2025-01-08 00:00:00-05:00,25.5630764883882,26.074338710200728,25.40639912758338,25.884675979614258,8400,0.0,0.0
2025-01-10 00:00:00-05:00,25.843447638423658,26.44541652336318,25.843447638423658,26.008371353149414,7500,0.0,0.0
2025-01-13 00:00:00-05:00,26.049600813320577,26.688679011527107,25.810461590512883,26.684555053710938,18100,0.0,0.0
2025-01-14 00:00:00-05:00,26.6845544326762,26.6845544326762,26.09083034729099,26.34646224975586,11100,0.0,0.0
2025-01-15 00:00:00-05:00,26.62683067099251,26.99790821131071,26.602090071199328,26.92369270324707,13800,0.0,0.0
2025-01-16 00:00:00-05:00,27.022647714381026,27.212308883666992,26.71754088949996,27.212308883666992,10200,0.0,0.0
2025-01-17 00:00:00-05:00,27.459691268608903,27.698830481535136,27.237044740607722,27.517414093017578,23800,0.0,0.0
2025-01-21 00:00:00-05:00,27.336002154562074,27.715324488964523,26.931939218762487,27.38547706604004,23800,0.0,0.0
2025-01-22 00:00:00-05:00,27.311260064573855,27.373931008600483,27.00615325967625,27.294767379760742,7800,0.0,0.0
2025-01-23 00:00:00-05:00,26.31347668609241,26.62683141170678,26.094954113397744,26.395936965942383,16300,0.0,0.0
2025-01-24 00:00:00-05:00,26.428923090494816,26.4536636916824,26.272247296044725,26.30523109436035,5200,0.0,0.0
2025-01-27 00:00:00-05:00,25.653785933339215,25.653785933339215,24.853907978251172,25.13427734375,17700,0.0,0.0
2025-01-28 00:00:00-05:00,24.89514025398584,25.043571282930543,24.532309024657575,24.85390853881836,9200,0.0,0.0
2025-01-29 00:00:00-05:00,24.697231644915604,25.464122639087424,24.697231644915604,25.27858543395996,6500,0.0,0.0
2025-01-30 00:00:00-05:00,25.220036155640774,25.45587714531611,25.204369205997523,25.43938446044922,6600,0.0,0.0
2025-01-31 00:00:00-05:00,25.56307775192302,25.56307775192302,25.208492873388856,25.340431213378906,7200,0.0,0.0
2025-02-03 00:00:00-05:00,24.829168514204543,25.538336640608236,24.829168514204543,25.323936462402344,7200,0.0,0.0
2025-02-04 00:00:00-05:00,25.752737363124805,25.8846756951434,25.282706858704945,25.785722732543945,7500,0.0,0.0
2025-02-05 00:00:00-05:00,26.26400168871973,26.41243114454007,25.934155832181577,26.247509002685547,11500,0.0,0.0
2025-02-06 00:00:00-05:00,26.02486085790664,26.25575372968667,25.915187490904906,26.074338912963867,7300,0.0,0.0
2025-02-07 00:00:00-05:00,26.198032810917116,26.198032810917116,25.868186950683594,25.868186950683594,3200,0.0,0.0
2025-02-10 00:00:00-05:00,26.074339632362854,26.643324698587357,26.074339632362854,26.527875900268555,4200,0.0,0.0
2025-02-11 00:00:00-05:00,26.12381745298624,26.329971313476562,25.934156278814136,26.329971313476562,3200,0.0,0.0
2025-02-12 00:00:00-05:00,25.975385508003654,25.975385508003654,25.6620323431265,25.958892822265625,8800,0.0,0.0
2025-02-13 00:00:00-05:00,25.967137879615965,26.79999959420616,25.967137879615965,26.743925094604492,8000,0.0,0.0
2025-02-14 00:00:00-05:00,27.113354125102518,27.113354125102518,26.55261542435814,26.968219757080078,5000,0.0,0.0
2025-02-18 00:00:00-05:00,27.063877579422858,27.231273778323292,26.70104793045598,27.11335563659668,11400,0.0,0.0
2025-02-19 00:00:00-05:00,27.29477077537698,28.16886430526592,27.29477077537698,28.00394058227539,18500,0.0,0.0
2025-02-20 00:00:00-05:00,27.641107371648953,27.641107371648953,27.18756955069721,27.418460845947266,11200,0.0,0.0
2025-02-21 00:00:00-05:00,27.632860902183264,27.632860902183264,26.83298609650729,26.890708923339844,5600,0.0,0.0
2025-02-24 00:00:00-05:00,26.78350665403733,26.78350665403733,26.243384597050493,26.404184341430664,5600,0.0,0.0
2025-02-25 00:00:00-05:00,26.132062754019877,26.132062754019877,25.731299614878267,26.115570068359375,5100,0.0,0.0
2025-02-26 00:00:00-05:00,25.95889203348902,26.732381040848143,25.95889203348902,26.552616119384766,6000,0.0,0.0
2025-02-27 00:00:00-05:00,26.62683141170678,26.890708082016342,26.18978469348843,26.395936965942383,7700,0.0,0.0
2025-02-28 00:00:00-05:00,26.470152949489997,26.470152949489997,25.961366344920954,26.20627784729004,3600,0.0,0.0
2025-03-03 00:00:00-05:00,26.346464120667516,26.756296210468612,25.967140197753906,25.967140197753906,10400,0.0,0.0
2025-03-04 00:00:00-05:00,25.967140197753906,25.967140197753906,25.64718900216079,25.967140197753906,12200,0.0,0.0
2025-03-05 00:00:00-05:00,26.255752881326362,26.715887139556312,26.000122563106505,26.56085968017578,7500,0.0,0.0
2025-03-06 00:00:00-05:00,26.35470786205354,26.515507616042854,25.596063191504797,25.9259090423584,6800,0.0,0.0
2025-03-07 00:00:00-05:00,26.0166145153971,26.313476554424426,25.695015021670176,26.074338912963867,9600,0.0,0.0
2025-03-10 00:00:00-04:00,26.18153805678489,26.610338427634815,26.099076205032365,26.193906784057617,9800,0.0,0.0
2025-03-11 00:00:00-04:00,26.305231151649636,26.358007431030273,25.61255408439319,26.358007431030273,11000,0.0,0.0
2025-03-12 00:00:00-04:00,27.195815968277095,27.82004981132703,27.195815968277095,27.7318172454834,18100,0.0,0.0
2025-03-13 00:00:00-04:00,27.995693579453302,27.995693579453302,27.52153909328383,27.867876052856445,8100,0.0,0.0
2025-03-14 00:00:00-04:00,27.888492189599567,28.350277939632605,27.888492189599567,28.185354232788086,9500,0.0,0.0
2025-03-17 00:00:00-04:00,28.853293190790748,29.133662542518135,28.375014766102495,29.067691802978516,23200,0.0,0.0
2025-03-18 00:00:00-04:00,27.946214634649788,27.946214634649788,27.171901474792364,27.26178550720215,14300,0.0,0.0
2025-03-19 00:00:00-04:00,27.171078463803724,27.19993987740725,26.674659004164976,27.11335563659668,12000,0.0,0.0
2025-03-20 00:00:00-04:00,26.453663297090458,26.890708448435063,26.387692555785115,26.841230392456055,16100,0.0,0.0
2025-03-21 00:00:00-04:00,26.85772422375222,26.85772422375222,26.22276996705734,26.48664665222168,11800,0.0,0.0
2025-03-24 00:00:00-04:00,26.437171462722972,26.486646374636393,26.17329320749502,26.387693405151367,8600,0.0,0.0
2025-03-25 00:00:00-04:00,26.496541143656103,26.93193795999796,26.39593670921223,26.503137588500977,7000,0.0,0.0
2025-03-26 00:00:00-04:00,26.214523081080173,26.4247977332609,25.818706512451172,25.818706512451172,10900,0.0,0.0
2025-03-27 00:00:00-04:00,26.189784438763336,26.605390347741565,26.189784438763336,26.503137588500977,11900,0.0,0.0
2025-03-28 00:00:00-04:00,26.2062781080468,26.30523107575275,25.942399857563114,26.099077224731445,11700,0.0,0.0
2025-03-31 00:00:00-04:00,25.728001768637817,26.612812504941918,25.728001768637817,26.36872673034668,19500,0.0,0.0
2025-04-01 00:00:00-04:00,26.074340238009995,26.56086188816471,26.012493452460035,26.387693405151367,9400,0.0,0.0
2025-04-02 00:00:00-04:00,26.387692244148617,26.997909011384095,26.387692244148617,26.808244705200195,13500,0.0,0.0
2025-04-03 00:00:00-04:00,26.832985817055082,27.129847863764038,26.461908258668892,26.79175567626953,21900,0.0,0.0
2025-04-04 00:00:00-04:00,26.791756118698718,26.791756118698718,24.886893384632142,25.30744743347168,37300,0.0,0.0
2025-04-07 00:00:00-04:00,25.39815248960278,26.22276785060065,25.006461451391978,25.818706512451172,24100,0.0,0.0
2025-04-08 00:00:00-04:00,26.387692949338987,26.692799768281443,25.77005555826875,26.06609344482422,44500,0.0,0.0
2025-04-09 00:00:00-04:00,26.173291092631324,28.375014146132386,25.695014251222016,27.987443923950195,99200,0.0,0.0
2025-04-10 00:00:00-04:00,27.45144685018687,27.830769171342045,25.72800057419448,27.484432220458984,88500,0.0,0.0
2025-04-11 00:00:00-04:00,27.90498617727844,29.265602890178137,27.54215652181236,28.73784637451172,140200,0.0,0.0
2025-04-14 00:00:00-04:00,28.11622997427495,28.11622997427495,26.997318693940578,27.112079620361328,69400,4.8,0.0
2025-04-15 00:00:00-04:00,27.01644520650983,27.01644520650983,25.91666107619017,26.433080673217773,57400,0.0,0.0
2025-04-16 00:00:00-04:00,26.299193986725186,26.85386782330087,26.107926391741994,26.47133445739746,34300,0.0,0.0
2025-04-17 00:00:00-04:00,26.719983086022115,27.647626777892906,26.719983086022115,27.370290756225586,23700,0.0,0.0
2025-04-21 00:00:00-04:00,27.31290954934719,27.31290954934719,26.74293543736911,27.06426239013672,32600,0.0,0.0
2025-04-22 00:00:00-04:00,27.991907652661883,28.46624978091311,26.299195367590897,28.240554809570312,70300,0.0,0.0
2025-04-23 00:00:00-04:00,29.388153742963684,29.5354304128782,29.04387462195112,29.196887969970703,41500,0.0,0.0
2025-04-24 00:00:00-04:00,29.407280865041034,29.579421337564526,29.231315332426824,29.3403377532959,11900,0.0,0.0
2025-04-25 00:00:00-04:00,29.512478339757074,29.608110314583335,29.302083617388107,29.474224090576172,18900,0.0,0.0
2025-04-28 00:00:00-04:00,28.747410415243866,28.747410415243866,28.374440597708748,28.41269302368164,17900,0.0,0.0
2025-04-29 00:00:00-04:00,28.527453201969973,29.627237324793054,28.527453201969973,29.3403377532959,32100,0.0,0.0
2025-04-30 00:00:00-04:00,29.16819751914008,29.321210868397415,28.69959390903162,29.034311294555664,10000,0.0,0.0
2025-05-01 00:00:00-04:00,29.078302099632985,29.646364566773464,29.078302099632985,29.330774307250977,9600,0.0,0.0
2025-05-02 00:00:00-04:00,29.550731419854298,29.866321686339678,29.321211391870666,29.713308334350586,29800,0.0,0.0
2025-05-05 00:00:00-04:00,28.699595100222318,28.699595100222318,28.307498148468348,28.364877700805664,26100,0.0,0.0
2025-05-06 00:00:00-04:00,28.757929735225726,29.187325118012904,28.66134012534013,28.85260772705078,17600,0.0,0.0
2025-05-07 00:00:00-04:00,29.522042568749153,29.63680167075747,29.095516436252232,29.426408767700195,17900,0.0,0.0
2025-05-08 00:00:00-04:00,29.923702709861512,29.93326444819335,29.541167510319486,29.74199867248535,19700,0.0,0.0
2025-05-09 00:00:00-04:00,30.02889836053023,30.040375365072236,29.856757884904294,29.875885009765625,9500,0.0,0.0
2025-05-12 00:00:00-04:00,30.67920837082403,30.82074471950766,30.315800288391895,30.41143226623535,29500,0.0,0.0
2025-05-13 00:00:00-04:00,30.65051456402883,31.444273809473522,30.65051456402883,31.23387908935547,24200,0.0,0.0
2025-05-14 00:00:00-04:00,31.367766850558237,31.769429186110568,30.99001433369248,31.692920684814453,28000,0.0,0.0
2025-05-15 00:00:00-04:00,31.874625615303707,32.13283267928028,31.51600023429332,31.769428253173828,16800,0.0,0.0
2025-05-16 00:00:00-04:00,31.654666045207485,32.01711831661082,31.58772293145902,31.87462615966797,6500,0.0,0.0
2025-05-19 00:00:00-04:00,32.037201758257126,32.61100092751276,32.037201758257126,32.55362319946289,17100,0.0,0.0
2025-05-20 00:00:00-04:00,32.6301258558157,32.6301258558157,31.936784935639444,32.13283157348633,12000,0.0,0.0
2025-05-21 00:00:00-04:00,32.45798523820083,32.541188045266,32.037199454217024,32.29541015625,10500,0.0,0.0
2025-05-22 00:00:00-04:00,32.22846890110637,32.22846890110637,31.578161239624023,31.578161239624023,7500,0.0,0.0
2025-05-23 00:00:00-04:00,31.559034422491685,31.941569632317794,31.31230070788556,31.702486038208008,8900,0.0,0.0
2025-05-27 00:00:00-04:00,32.62056475018043,32.82139408497792,32.505805651456996,32.66838073730469,14100,0.0,0.0
2025-05-28 00:00:00-04:00,33.04134929847677,33.398063042638654,32.91702481814037,33.19436264038086,14700,0.0,0.0
2025-05-29 00:00:00-04:00,34.6766820123413,34.69580913716415,33.40475922069345,33.77772903442383,41800,0.0,0.0
2025-05-30 00:00:00-04:00,33.69165911825273,33.85423785673514,33.48604708460285,33.61515426635742,14800,0.0,0.0
2025-06-02 00:00:00-04:00,33.99768392987702,34.20807864509982,33.66296838122791,33.892486572265625,20300,0.0,0.0
2025-06-03 00:00:00-04:00,34.361091700154184,34.858385974063935,34.19851297208472,34.50454330444336,19600,0.0,0.0
2025-06-04 00:00:00-04:00,35.01140134324142,35.33655517007998,35.001835956734546,35.21223068237305,13800,0.0,0.0
2025-06-05 00:00:00-04:00,35.212230760135455,35.63301656421566,35.097471658681954,35.355682373046875,15000,0.0,0.0
2025-06-06 00:00:00-04:00,35.63301514271029,35.69900244424199,35.231356479583354,35.307861328125,8400,0.0,0.0
2025-06-09 00:00:00-04:00,35.374808872033626,35.862537780675375,34.915765178090105,35.107032775878906,40500,0.0,0.0
2025-06-10 00:00:00-04:00,34.64799447553581,34.64799447553581,34.09332242694396,34.255897521972656,17700,0.0,0.0
2025-06-11 00:00:00-04:00,34.791446167042565,34.94541533274271,34.0933224993679,34.399349212646484,12200,0.0,0.0
2025-06-12 00:00:00-04:00,33.34737885877428,33.73565257302798,33.17523837826789,33.55777359008789,16500,0.0,0.0
2025-06-13 00:00:00-04:00,33.098733235824994,33.4047599433589,33.0126629963232,33.146549224853516,14600,0.0,0.0
2025-06-16 00:00:00-04:00,34.284583896823875,35.0018346364907,34.16982479995244,34.44716262817383,24700,0.0,0.0
2025-06-17 00:00:00-04:00,34.475854206413594,34.705376066364416,34.38978396494781,34.5236701965332,11500,0.0,0.0
2025-06-18 00:00:00-04:00,34.93489414636465,35.85297793457741,34.93489414636465,35.403499603271484,26000,0.0,0.0
2025-06-20 00:00:00-04:00,36.11118418939152,36.12074957603774,35.72960843948278,35.89122772216797,22600,0.0,0.0
2025-06-23 00:00:00-04:00,36.17812976946849,36.67350879702387,35.88166481126621,36.56066131591797,19900,0.0,0.0
2025-06-24 00:00:00-04:00,37.478740313206146,37.72738927687361,37.16315188778314,37.66044616699219,40300,0.0,0.0
2025-06-25 00:00:00-04:00,37.64131974158472,37.956908172864665,37.30660053783975,37.316165924072266,28000,0.0,0.0
2025-06-26 00:00:00-04:00,37.526563468056224,37.73695455536897,37.21097136489777,37.24922561645508,19400,0.0,0.0
2025-06-27 00:00:00-04:00,37.478742957905546,37.82302391766194,37.18228163554675,37.306602478027344,14800,0.0,0.0
2025-06-30 00:00:00-04:00,38.224684711401956,39.83514992940454,38.14339351998107,39.73569107055664,50000,0.0,0.0
2025-07-01 00:00:00-04:00,41.275390166949485,41.284951905220026,40.58778772857865,41.0267448425293,41400,0.0,0.0
2025-07-02 00:00:00-04:00,41.14150463111255,41.34616085553776,40.35252805398609,41.256263732910156,22000,0.0,0.0
2025-07-03 00:00:00-04:00,41.33277174951374,41.96395227420866,41.33277174951374,41.868316650390625,12000,0.0,0.0
2025-07-07 00:00:00-04:00,42.0117683320349,42.681203107372134,41.93525983285303,42.298667907714844,23100,0.0,0.0
2025-07-08 00:00:00-04:00,42.76727420535758,42.885860192599786,42.13609366691205,42.52819061279297,19700,0.0,0.0
2025-07-09 00:00:00-04:00,43.226313505969074,44.02006912231445,43.226313505969074,44.02006912231445,31500,0.0,0.0
2025-07-10 00:00:00-04:00,43.80011119056396,43.80011119056396,43.14884775116959,43.417579650878906,15800,0.0,0.0
2025-07-11 00:00:00-04:00,43.35063692495373,43.45583063681569,42.70893521790308,42.948974609375,11200,0.0,0.0
2025-07-14 00:00:00-04:00,42.65251058707216,42.65251058707216,42.12939849893747,42.585567474365234,18800,0.0,0.0
2025-07-15 00:00:00-04:00,42.80552455986575,43.054173537644566,42.39430413931048,42.8342170715332,20200,0.0,0.0
2025-07-16 00:00:00-04:00,44.115704352996666,44.746884874724,44.02963411602812,44.48867416381836,33600,0.0,0.0
2025-07-17 00:00:00-04:00,44.785139660574885,45.13898235096176,44.54127337822161,44.88077163696289,16200,0.0,0.0
2025-07-18 00:00:00-04:00,44.90945879141913,45.229829913067256,44.794699694494966,45.15810775756836,11900,0.0,0.0
2025-07-21 00:00:00-04:00,44.94771577646855,45.11029086966587,44.481025592186164,44.66081619262695,11400,0.0,0.0
2025-07-22 00:00:00-04:00,44.92858614779765,45.02517757816179,44.62255945566766,44.852081298828125,8200,0.0,0.0
2025-07-23 00:00:00-04:00,46.257893393464045,47.81098096716845,46.23398722260493,47.348114013671875,44300,0.0,0.0
2025-07-24 00:00:00-04:00,46.477846811146115,46.6117366812891,45.817977439151015,46.143131256103516,25700,0.0,0.0
2025-07-25 00:00:00-04:00,46.37265271793758,46.86038161528865,45.727124134328285,46.61173629760742,29000,0.0,0.0
2025-07-28 00:00:00-04:00,46.171819570036014,46.30570579046265,45.779722646732615,46.037933349609375,14200,0.0,0.0
2025-07-29 00:00:00-04:00,46.07618907415305,46.124005061819574,45.8112840517668,46.06662368774414,7600,0.0,0.0
2025-07-30 00:00:00-04:00,46.009245034086476,46.37265309965126,45.77016145244863,46.143131256103516,10000,0.0,0.0
2025-07-31 00:00:00-04:00,45.99967988579118,46.16321442817266,45.30155626157294,45.55020523071289,16900,0.0,0.0
2025-08-01 00:00:00-04:00,45.17723652203496,45.25374137338682,44.54605599384638,44.73731994628906,25100,0.0,0.0
2025-08-04 00:00:00-04:00,43.69491445571049,43.738907206818766,42.690764133519366,42.929847717285156,46500,0.0,0.0
2025-08-05 00:00:00-04:00,41.64835997048123,41.76311907033804,40.701591012442,41.31364440917969,56600,0.0,0.0
2025-08-06 00:00:00-04:00,41.03630548570603,41.428402410602914,40.80678364395194,41.103248596191406,22000,0.0,0.0
2025-08-07 00:00:00-04:00,41.27538953198711,41.50491137633535,40.97892457639687,41.06499481201172,16800,0.0,0.0
2025-08-08 00:00:00-04:00,41.11281608998097,41.32320717023818,41.00761872578932,41.09368896484375,6700,0.0,0.0
2025-08-11 00:00:00-04:00,41.610106955592194,42.07871240344239,41.52403671611466,41.64836120605469,8200,0.0,0.0
2025-08-12 00:00:00-04:00,40.93110937228783,41.069778290548406,40.39556447211018,40.864166259765625,15500,0.0,0.0
2025-08-13 00:00:00-04:00,42.42299315820625,42.968103456245,42.34648465764764,42.67163848876953,15200,0.0,0.0
2025-08-14 00:00:00-04:00,42.59513339129565,43.34011721778778,42.59513339129565,42.977664947509766,12500,0.0,0.0
2025-08-15 00:00:00-04:00,42.97766378539687,43.51321232736674,42.81508869923026,43.073299407958984,11000,0.0,0.0
2025-08-18 00:00:00-04:00,43.2550027882501,43.350638413398194,42.88681566377668,42.977664947509766,8100,0.0,0.0
2025-08-19 00:00:00-04:00,42.89159315415143,43.1019878737245,42.748145193818296,42.80552291870117,4100,0.0,0.0
2025-08-20 00:00:00-04:00,42.50906216503536,42.50906216503536,41.791811409657235,42.33692169189453,8000,0.0,0.0
2025-08-21 00:00:00-04:00,42.222164369403394,43.28369246761095,42.21355479169583,42.48993682861328,7600,0.0,0.0
2025-08-22 00:00:00-04:00,43.29325578183355,43.38888775608009,43.10677087836463,43.21674728393555,5300,0.0,0.0
2025-08-25 00:00:00-04:00,43.044608984349615,43.709264736975825,43.044608984349615,43.35063934326172,9100,0.0,0.0
2025-08-26 00:00:00-04:00,43.035046707685204,43.42714365398574,43.025484969147875,43.24544143676758,12300,0.0,0.0
2025-08-27 00:00:00-04:00,43.03504584713578,43.48452416005063,42.69076489665852,43.302818298339844,10100,0.0,0.0
2025-08-28 00:00:00-04:00,44.72775673105903,45.63723087666076,44.517362012567816,45.28242874145508,16800,0.0,0.0
2025-08-29 00:00:00-04:00,45.253740748908726,45.645837683007166,44.38347664404994,44.93815231323242,7600,0.0,0.0
2025-09-02 00:00:00-04:00,42.04045666921817,42.06245486892707,41.23713567848864,41.33277130126953,25200,0.0,0.0
2025-09-03 00:00:00-04:00,41.90657230854616,41.9926425488125,41.6196727237004,41.9161376953125,11000,0.0,0.0
2025-09-04 00:00:00-04:00,42.499497479794464,42.528189991208606,42.11696592615777,42.279541015625,8200,0.0,0.0
2025-09-05 00:00:00-04:00,42.61425827636877,43.00635519855073,42.4564622392633,42.57600402832031,8700,0.0,0.0
2025-09-08 00:00:00-04:00,43.67578772342268,43.84792819712987,43.22631306263258,43.48452377319336,11100,0.0,0.0
2025-09-09 00:00:00-04:00,44.048762733860535,44.20177608831077,43.80967913952415,43.943565368652344,5200,0.0,0.0
2025-09-10 00:00:00-04:00,44.81382766638481,45.225051723611635,44.55561695732661,44.651248931884766,10400,0.0,0.0
2025-09-11 00:00:00-04:00,44.603433720328766,44.94771467172727,44.479109232740186,44.73731994628906,8900,0.0,0.0
2025-09-12 00:00:00-04:00,44.57091719770568,44.947713890016615,44.56804977068185,44.651248931884766,6300,0.0,0.0
2025-09-15 00:00:00-04:00,42.882033231538315,42.882033231538315,42.2699798193689,42.38473892211914,13300,0.0,0.0
2025-09-16 00:00:00-04:00,41.86831587175888,41.99264035634723,41.66748653766491,41.78224563598633,10100,0.0,0.0
2025-09-17 00:00:00-04:00,40.73027862339878,40.73027862339878,39.68787407408219,39.95564651489258,29200,0.0,0.0
2025-09-18 00:00:00-04:00,41.3423332792213,41.3423332792213,40.9024203562562,41.0267448425293,12700,0.0,0.0
2025-09-19 00:00:00-04:00,40.95023749213466,41.59098341800821,40.95023749213466,41.21800994873047,16100,0.0,0.0
2025-09-22 00:00:00-04:00,40.54857891262841,41.10516257055255,40.54857891262841,40.787662506103516,13600,0.0,0.0
2025-09-23 00:00:00-04:00,40.61552279688476,41.02674687730745,40.61552279688476,40.87373352050781,3700,0.0,0.0
2025-09-24 00:00:00-04:00,40.87373346867629,40.87373346867629,40.43573214257224,40.443382263183594,16200,0.0,0.0
2025-09-25 00:00:00-04:00,39.97477574710874,40.58682915731071,39.716565030656135,39.94608688354492,6400,0.0,0.0
2025-09-26 00:00:00-04:00,39.94608486076417,40.54283799993067,39.94608486076417,40.099098205566406,5600,0.0,0.0
2025-09-29 00:00:00-04:00,41.98307877270087,42.95853658421151,41.98307877270087,42.642948150634766,24100,0.0,0.0
2025-09-30 00:00:00-04:00,43.035045305126815,43.35063738846488,42.98722931774631,43.1976203918457,13900,0.0,0.0
2025-10-01 00:00:00-04:00,43.255001765577894,44.24959035484662,42.365610537421865,43.1976203918457,12400,0.0,0.0
2025-10-02 00:00:00-04:00,43.47495980173675,43.47495980173675,42.8332617126932,43.082862854003906,7900,0.0,0.0
2025-10-03 00:00:00-04:00,43.384108711055944,43.428097814033926,43.16319279465733,43.21674728393555,4900,0.0,0.0
2025-10-06 00:00:00-04:00,43.752295286323815,44.81382696877411,43.752295286323815,44.134830474853516,11500,0.0,0.0
2025-10-07 00:00:00-04:00,44.718192606343564,44.74784092659277,43.71404226834484,44.182647705078125,9000,0.0,0.0
2025-10-08 00:00:00-04:00,44.832954173356704,45.20592397637229,44.64168657874909,45.138980865478516,11000,0.0,0.0
2025-10-09 00:00:00-04:00,46.98470609953004,47.37680302427471,46.777178808980025,47.1855354309082,20600,0.0,0.0
2025-10-10 00:00:00-04:00,47.38636803410091,47.46287653598044,46.07619094848633,46.07619094848633,7300,0.0,0.0
2025-10-13 00:00:00-04:00,47.625451082765146,47.625451082765146,46.889073177208076,47.26204299926758,20300,0.0,0.0
2025-10-14 00:00:00-04:00,46.430031217584336,47.003834007249324,46.076188535239474,46.69780731201172,8000,0.0,0.0
2025-10-15 00:00:00-04:00,47.15684903122976,47.15684903122976,45.712782091624604,45.99011993408203,17700,0.0,0.0
2025-10-16 00:00:00-04:00,46.898635780381746,47.46287317332658,46.649986815015744,46.755184173583984,11000,0.0,0.0
2025-10-17 00:00:00-04:00,45.97099109096835,46.89863656128802,45.97099109096835,46.84125518798828,5200,0.0,0.0
2025-10-20 00:00:00-04:00,47.46383193320078,48.04624067748262,47.46383193320078,47.835845947265625,10500,0.0,0.0
2025-10-21 00:00:00-04:00,47.01339769918512,47.03634806062501,46.59261188777805,46.6882438659668,6700,0.0,0.0
2025-10-22 00:00:00-04:00,46.630860392237416,46.630860392237416,45.54063983818018,46.12400436401367,5800,0.0,0.0
2025-10-23 00:00:00-04:00,46.64998836569845,47.23717978635006,46.64998836569845,46.92732620239258,2400,0.0,0.0
2025-10-24 00:00:00-04:00,47.635013580322266,47.635013580322266,47.635013580322266,47.635013580322266,1500,0.0,0.0
2025-10-27 00:00:00-04:00,48.696543743515996,48.91650385614034,48.56361332616426,48.78165817260742,12000,0.0,0.0
2025-10-28 00:00:00-04:00,49.25122072173326,49.25122072173326,48.84956203199638,48.96432113647461,5000,0.0,0.0
2025-10-29 00:00:00-04:00,49.64140570858142,50.06410313891064,49.413795471191406,49.413795471191406,12500,0.0,0.0
2025-10-30 00:00:00-04:00,49.96846903655003,50.293622856588506,49.777201439799285,50.15973663330078,6700,0.0,0.0
2025-10-31 00:00:00-04:00,50.33187804961292,50.33187804961292,49.20340322055587,49.796329498291016,4000,0.0,0.0
2025-11-03 00:00:00-05:00,51.46035404191991,51.46035404191991,50.36056805120907,50.723976135253906,9800,0.0,0.0
2025-11-04 00:00:00-05:00,50.9343654625248,50.9343654625248,49.81545603320453,50.005767822265625,7200,0.0,0.0
2025-11-05 00:00:00-05:00,50.81960607420878,51.613365324858826,50.81960607420878,51.45078659057617,10800,0.0,0.0
2025-11-06 00:00:00-05:00,50.303186293054814,51.01087533048706,49.57637377861524,50.456199645996094,15900,0.0,0.0
2025-11-07 00:00:00-05:00,50.685719000531925,50.685719000531925,49.682524502344755,50.360565185546875,9000,0.0,0.0
2025-11-10 00:00:00-05:00,52.24454705567084,53.09568405151367,52.24454705567084,53.09568405151367,10900,0.0,0.0
2025-11-11 00:00:00-05:00,53.745989659055894,53.745989659055894,52.79921707451863,53.248695373535156,10500,0.0,0.0
2025-11-12 00:00:00-05:00,54.032890785202,54.099833897864556,53.58436828223683,53.99463653564453,11100,0.0,0.0
2025-11-13 00:00:00-05:00,55.77342098352011,55.77342098352011,54.29110341793231,54.72145462036133,14200,0.0,0.0
2025-11-14 00:00:00-05:00,54.75014084075468,54.93184305161698,53.822495365659485,54.05201721191406,8300,0.0,0.0
2025-11-17 00:00:00-05:00,53.67904732345543,54.750140758745125,53.55472283824851,53.908565521240234,9000,0.0,0.0
2025-11-18 00:00:00-05:00,54.463243880164576,55.16136754247537,54.214594897457296,55.00835418701172,9600,0.0,0.0
2025-11-19 00:00:00-05:00,54.49193180714187,55.371761322021484,54.49193180714187,55.371761322021484,5500,0.0,0.0
2025-11-20 00:00:00-05:00,54.377173228035936,54.377173228035936,52.17760489185089,52.445377349853516,16700,0.0,0.0
2025-11-21 00:00:00-05:00,53.60254134702815,53.60254134702815,52.27323714060258,53.14350128173828,6100,0.0,0.0
2025-11-24 00:00:00-05:00,53.55472398485517,54.75014193094569,53.55472398485517,54.549312591552734,17600,0.0,0.0
2025-11-25 00:00:00-05:00,54.7979565809627,55.33350512105819,54.28153516531268,54.93184280395508,5600,0.0,0.0
2025-11-26 00:00:00-05:00,55.64909501380967,56.614994758949756,55.64909501380967,56.270713806152344,16500,0.0,0.0
2025-11-28 00:00:00-05:00,57.29399211243837,57.29399211243837,56.237243068566166,57.07403564453125,5600,0.0,0.0
2025-12-01 00:00:00-05:00,58.145128396350394,58.145128396350394,57.37049989904516,57.41831588745117,13400,0.0,0.0
2025-12-02 00:00:00-05:00,59.302291705605086,60.13717264757826,59.13971661647284,59.75177001953125,14500,0.0,0.0
2025-12-03 00:00:00-05:00,59.665701328208314,59.923912048339844,58.948450543885,59.923912048339844,7400,0.0,0.0
2025-12-04 00:00:00-05:00,59.26403916495632,59.26403916495632,57.98255102618434,58.45115280151367,15400,0.0,0.0
2025-12-05 00:00:00-05:00,59.091901517575955,59.091901517575955,58.12600176223748,58.671112060546875,5200,0.0,0.0
2025-12-08 00:00:00-05:00,58.67110934111196,58.75717957623068,58.38420977342486,58.5946044921875,8200,0.0,0.0
2025-12-09 00:00:00-05:00,58.86237755839313,58.86237755839313,58.10687255859375,58.10687255859375,9600,0.0,0.0
2025-12-10 00:00:00-05:00,57.80084826635925,58.61469048239172,57.28443047683997,58.22163772583008,12000,0.0,0.0
2025-12-11 00:00:00-05:00,59.94303740460131,59.94303740460131,58.56591725266884,59.19709777832031,10600,0.0,0.0
2025-12-12 00:00:00-05:00,59.17797263076717,59.29273173523101,57.858230160991546,58.61373519897461,8300,0.0,0.0
2025-12-15 00:00:00-05:00,59.1205907242999,59.1205907242999,57.71095479057533,58.22163772583008,8700,0.0,0.0
2025-12-16 00:00:00-05:00,58.52766362944141,58.986703684998176,57.86875004263315,58.70936584472656,10200,0.0,0.0
2025-12-17 00:00:00-05:00,59.292731641815564,59.51268811174394,58.31248744171251,58.75718307495117,15500,0.0,0.0
2025-12-18 00:00:00-05:00,60.3446968975088,60.975877431701996,59.95738264756386,60.57421875,14700,0.0,0.0
2025-12-19 00:00:00-05:00,60.94718846405632,61.97046958786659,60.11039589714744,61.45404815673828,39000,0.0,0.0
2025-12-22 00:00:00-05:00,61.53054919336305,62.018281759700926,61.35841601304018,61.903526306152344,11300,0.0,0.0
2025-12-23 00:00:00-05:00,61.57836703995616,63.4575677959653,61.57836703995616,62.611209869384766,9400,0.0,0.0
2025-12-24 00:00:00-05:00,63.18501177771487,63.73873165651091,63.18501177771487,63.69186782836914,8200,0.0,0.0
2025-12-26 00:00:00-05:00,62.525135593078964,62.525135593078964,61.37753732063943,61.48273468017578,19800,0.0,0.0
2025-12-29 00:00:00-05:00,62.56339015700544,64.07440015046004,62.56339015700544,63.77793884277344,19000,0.0,0.0
2025-12-30 00:00:00-05:00,63.787497080072,64.61951057626929,63.730119354903884,63.902259826660156,9200,0.0,0.0
2025-12-31 00:00:00-05:00,63.730119977075894,64.09352440044161,62.99374574397243,63.414527893066406,7400,0.0,0.0
2026-01-02 00:00:00-05:00,64.48562295447257,64.73427191856028,63.6153552282915,64.5908203125,24700,0.0,0.0
2026-01-05 00:00:00-05:00,65.34632531028468,66.6660640346025,65.34632531028468,66.31221771240234,18600,0.0,0.0
2026-01-06 00:00:00-05:00,64.370861761711,65.15505562465425,64.370861761711,64.7629623413086,17600,0.0,0.0
2026-01-07 00:00:00-05:00,65.41326779293684,65.57584287336752,64.77252556094412,65.07855224609375,10200,0.0,0.0
2026-01-08 00:00:00-05:00,64.53344398996104,65.48977832279462,64.53344398996104,65.21244049072266,9200,0.0,0.0
2026-01-09 00:00:00-05:00,65.74798782810157,66.49392746806005,65.74798782810157,66.45567321777344,14700,0.0,0.0
2026-01-12 00:00:00-05:00,66.58955633590752,67.6510880189677,66.58955633590752,67.42156982421875,16800,0.0,0.0
2026-01-13 00:00:00-05:00,66.71388946426362,66.71388946426362,66.15443471851994,66.46524047851562,12900,0.0,0.0
2026-01-14 00:00:00-05:00,65.9870737449201,66.47480633294194,65.34633144661349,66.42698669433594,13200,0.0,0.0
2026-01-15 00:00:00-05:00,65.74798428236592,66.57999776466251,65.63609626090707,66.14964294433594,11800,0.0,0.0
2026-01-16 00:00:00-05:00,66.6182542397128,66.6182542397128,65.03073571850135,65.42283630371094,9300,0.0,0.0
2026-01-20 00:00:00-05:00,64.10308837890625,64.99247958942058,63.950078681574105,64.10308837890625,20300,0.0,0.0
2026-01-21 00:00:00-05:00,64.31348465675863,65.3463274997446,64.07440107067403,65.01161193847656,10800,0.0,0.0
2026-01-22 00:00:00-05:00,66.72344640654325,67.7754200603515,66.70241131121846,67.56502532958984,9300,0.0,0.0
2026-01-23 00:00:00-05:00,67.76585408637428,70.2331985136941,67.76585408637428,69.89847564697266,22100,0.0,0.0
2026-01-26 00:00:00-05:00,70.6348583984528,71.31385493758536,70.6348583984528,70.96957397460938,10500,0.0,0.0
2026-01-27 00:00:00-05:00,71.72507616031592,72.58577853349011,71.36167173442105,72.34669494628906,13100,0.0,0.0
2026-01-28 00:00:00-05:00,70.00366974487002,70.00366974487002,67.89973714616563,68.85607147216797,21800,0.0,0.0
2026-01-29 00:00:00-05:00,68.30139657918033,69.53506874913077,68.04510113662343,69.22904205322266,15700,0.0,0.0
2026-01-30 00:00:00-05:00,68.4209404445621,68.4209404445621,66.83820823669063,67.64153289794922,8700,0.0,0.0
2026-02-02 00:00:00-05:00,67.07729011635375,68.81781832570267,67.07729011635375,68.49266815185547,16600,0.0,0.0
2026-02-03 00:00:00-05:00,70.55834555601463,72.17646452321294,70.50096783113233,71.43817138671875,28700,0.0,0.0
2026-02-04 00:00:00-05:00,73.15958056240378,73.6377477556221,71.17996867433,71.7059555053711,18300,0.0,0.0
2026-02-05 00:00:00-05:00,69.97498582644768,69.97498582644768,68.1866451800725,68.3492202758789,16400,0.0,0.0
2026-02-06 00:00:00-05:00,68.37790750895485,70.99826164187188,68.37790750895485,70.0610580444336,10700,0.0,0.0
2026-02-09 00:00:00-05:00,70.39577559099966,71.19909298278209,69.81241102476378,70.76874542236328,7400,0.0,0.0
2026-02-10 00:00:00-05:00,72.17455830152824,73.5038625332042,72.17455830152824,73.06394958496094,10200,0.0,0.0
2026-02-11 00:00:00-05:00,73.49429276076077,73.49429276076077,72.30078645067857,72.95874786376953,8800,0.0,0.0
2026-02-12 00:00:00-05:00,74.92879799580115,76.00946052608177,73.9810731836103,74.69927978515625,17000,0.0,0.0
2026-02-13 00:00:00-05:00,74.83315965058665,75.95206904058765,74.83315965058665,75.77037048339844,16400,0.0,0.0
2026-02-17 00:00:00-05:00,76.29635003697778,79.70089784366112,76.29635003697778,79.37574768066406,25800,0.0,0.0
2026-02-18 00:00:00-05:00,80.33208672673044,80.95370552374725,78.9549629051858,79.31837463378906,25500,0.0,0.0
2026-02-19 00:00:00-05:00,77.31963211338785,77.45351834106887,75.55998038029324,76.860595703125,35900,0.0,0.0
2026-02-20 00:00:00-05:00,76.37286065370341,78.38116129997528,76.33938544974377,77.33876037597656,19800,0.0,0.0
2026-02-23 00:00:00-05:00,78.98364880839485,80.39902682707213,78.74456522590727,79.67221069335938,14900,0.0,0.0
2026-02-24 00:00:00-05:00,78.28552760570737,79.29923964475638,77.81692583433117,78.7636947631836,16400,0.0,0.0
2026-02-25 00:00:00-05:00,78.41942030959274,79.33845626136494,77.72129299160751,79.28968811035156,10100,0.0,0.0
2026-02-26 00:00:00-05:00,77.51090427077786,77.53002774799064,75.86600797289117,77.3578872680664,17700,0.0,0.0
2026-02-27 00:00:00-05:00,75.07224852530042,75.61735882783786,73.91508480574734,74.48888397216797,26100,0.0,0.0
2026-03-02 00:00:00-05:00,80.07388082967722,81.09715832419616,79.53832861554655,80.96327209472656,24900,0.0,0.0
2026-03-03 00:00:00-05:00,79.38531554180194,80.14082054533787,77.92212517019199,80.04518127441406,19200,0.0,0.0
2026-03-04 00:00:00-05:00,81.52750271802758,82.03244713425082,80.44684753738949,81.76658630371094,26800,0.0,0.0
2026-03-05 00:00:00-05:00,81.53706701993036,82.13955502118839,80.37033796991317,80.98239135742188,17000,0.0,0.0
2026-03-06 00:00:00-05:00,79.52876838821665,80.68593208111372,79.27055402671154,80.54248046875,13300,0.0,0.0
2026-03-09 00:00:00-04:00,77.64478689295736,79.67221101093209,76.02380048908043,79.50963592529297,41400,0.0,0.0
2026-03-10 00:00:00-04:00,78.14207928514428,79.85391865644344,76.8892836146762,77.51090240478516,32400,0.0,0.0
2026-03-11 00:00:00-04:00,76.73626688948261,79.0123473325036,76.73626688948261,78.49592590332031,17600,0.0,0.0
2026-03-12 00:00:00-04:00,75.980762729303,76.4541508688004,75.45478320389142,75.67473602294922,26800,0.0,0.0
2026-03-13 00:00:00-04:00,76.8892870424601,76.8892870424601,74.22111319704469,74.94792938232422,13800,0.0,0.0
2026-03-16 00:00:00-04:00,75.91381913298494,76.92753851954619,75.7321205654073,76.44937133789062,15300,0.0,0.0
2026-03-17 00:00:00-04:00,79.54789336543695,81.47968558678404,79.54789336543695,81.28842163085938,23600,0.0,0.0
2026-03-18 00:00:00-04:00,82.81855511447046,83.7748894859915,82.23519056414246,82.59860229492188,17400,0.0,0.0
2026-03-19 00:00:00-04:00,81.82396830615343,83.58649480999348,81.2884233810321,83.18196868896484,25800,0.0,0.0
2026-03-20 00:00:00-04:00,83.46886367544563,83.46886367544563,80.35121154785156,80.35121154785156,19200,0.0,0.0
2026-03-23 00:00:00-04:00,77.72129188272058,78.2664021876842,75.71299114318366,76.90840911865234,29800,0.0,0.0
2026-03-24 00:00:00-04:00,75.28263994376641,76.72192048986001,74.78917253642724,76.47805786132812,27300,0.0,0.0
2026-03-25 00:00:00-04:00,77.72129152958662,78.58199392726384,76.32026517090412,77.80736541748047,14700,0.0,0.0
2026-03-26 00:00:00-04:00,77.12837073906005,78.51505269911733,76.82234402322831,77.65435028076172,20900,0.0,0.0
2026-03-27 00:00:00-04:00,77.12837078594126,78.66615813483769,76.545006218493,77.08055114746094,16500,0.0,0.0
2026-03-30 00:00:00-04:00,78.15164691231654,79.33176464945784,75.87556641216072,76.45893096923828,15600,0.0,0.0
2026-03-31 00:00:00-04:00,76.05726690076774,78.84976134932845,76.02857803871944,78.7636947631836,20200,0.0,0.0
2026-04-01 00:00:00-04:00,79.2896832650564,81.92916077795304,79.2896832650564,81.6805191040039,25300,0.0,0.0
2026-04-02 00:00:00-04:00,81.30754679998005,82.23519232764885,80.09300533245388,81.74746704101562,24100,0.0,0.0
2026-04-06 00:00:00-04:00,81.54662638296224,81.57532254216225,79.31837290439596,80.16950988769531,22200,0.0,0.0
2026-04-07 00:00:00-04:00,80.44684630407683,81.66138769037758,79.58614394956155,80.69548797607422,14900,0.0,0.0
2026-04-08 00:00:00-04:00,82.54121692020126,83.38279583316266,81.28842123363651,83.33497619628906,16600,0.0,0.0
2026-04-09 00:00:00-04:00,81.2884168290823,84.06178780367782,80.5711660923551,82.53165435791016,45800,0.0,0.0
2026-04-10 00:00:00-04:00,82.73248843386534,85.96489597946389,82.73248843386534,84.31999969482422,32200,0.0,0.0
2026-04-13 00:00:00-04:00,82.30000305175781,82.30000305175781,80.0199966430664,80.62999725341797,52000,3.85,0.0
2026-04-14 00:00:00-04:00,81.0,82.65299987792969,81.0,81.97000122070312,31200,0.0,0.0
2026-04-15 00:00:00-04:00,82.08999633789062,82.64800262451172,81.96099853515625,82.0999984741211,22000,0.0,0.0
2026-04-16 00:00:00-04:00,81.94000244140625,81.94000244140625,80.70999908447266,80.97000122070312,17900,0.0,0.0
2026-04-17 00:00:00-04:00,82.05000305175781,83.98999786376953,81.98999786376953,82.87999725341797,15500,0.0,0.0
2026-04-20 00:00:00-04:00,83.0,83.38999938964844,81.56999969482422,81.56999969482422,12700,0.0,0.0
2026-04-21 00:00:00-04:00,81.76000213623047,82.30000305175781,81.04000091552734,81.30999755859375,37000,0.0,0.0
2026-04-22 00:00:00-04:00,81.30000305175781,82.23999786376953,80.91999816894531,80.91999816894531,25100,0.0,0.0
2026-04-23 00:00:00-04:00,81.47000122070312,82.55000305175781,81.04000091552734,81.33000183105469,15200,0.0,0.0
2026-04-24 00:00:00-04:00,81.9520034790039,82.98999786376953,81.44000244140625,81.66999816894531,16600,0.0,0.0
2026-04-27 00:00:00-04:00,83.66000366210938,84.58999633789062,82.95500183105469,83.91000366210938,39000,0.0,0.0
2026-04-28 00:00:00-04:00,88.4000015258789,89.12999725341797,87.80000305175781,88.58000183105469,53100,0.0,0.0
2026-04-29 00:00:00-04:00,88.88999938964844,89.47000122070312,87.58000183105469,87.72000122070312,21500,0.0,0.0
2026-04-30 00:00:00-04:00,91.41000366210938,93.23999786376953,91.20999908447266,92.08000183105469,31600,0.0,0.0
2026-05-01 00:00:00-04:00,92.5199966430664,93.7300033569336,92.5,93.04000091552734,24200,0.0,0.0
2026-05-04 00:00:00-04:00,92.01000213623047,92.81999969482422,89.91000366210938,90.0999984741211,21800,0.0,0.0
2026-05-05 00:00:00-04:00,93.69999694824219,95.93000030517578,93.69999694824219,95.54000091552734,35000,0.0,0.0
2026-05-06 00:00:00-04:00,93.56999969482422,93.66999816894531,91.98999786376953,91.98999786376953,31600,0.0,0.0
2026-05-07 00:00:00-04:00,92.08000183105469,92.08000183105469,78.41999816894531,86.33999633789062,119500,0.0,0.0
2026-05-08 00:00:00-04:00,88.61000061035156,89.66999816894531,88.33999633789062,88.88999938964844,18400,0.0,0.0
2026-05-11 00:00:00-04:00,89.68000030517578,90.98999786376953,89.2699966430664,89.88999938964844,17800,0.0,0.0
2026-05-12 00:00:00-04:00,91.4000015258789,92.81999969482422,90.93000030517578,91.83999633789062,24400,0.0,0.0
2026-05-13 00:00:00-04:00,91.76000213623047,91.76000213623047,90.4000015258789,90.58999633789062,16800,0.0,0.0
2026-05-14 00:00:00-04:00,90.70999908447266,91.5,90.0,91.44999694824219,15700,0.0,0.0
2026-05-15 00:00:00-04:00,89.91999816894531,89.91999816894531,87.5,88.06999969482422,12000,0.0,0.0
2026-05-18 00:00:00-04:00,85.5999984741211,85.5999984741211,83.5,84.56999969482422,28400,0.0,0.0
2026-05-19 00:00:00-04:00,83.30000305175781,85.93000030517578,83.02999877929688,83.75,28700,0.0,0.0
2026-05-20 00:00:00-04:00,83.25,86.91999816894531,82.72000122070312,85.83999633789062,20000,0.0,0.0
2026-05-21 00:00:00-04:00,84.58999633789062,86.3949966430664,84.58999633789062,85.79000091552734,15800,0.0,0.0
2026-05-22 00:00:00-04:00,85.58000183105469,86.2750015258789,85.31999969482422,85.72000122070312,12700,0.0,0.0
2026-05-26 00:00:00-04:00,88.47000122070312,90.0,88.47000122070312,89.44999694824219,19100,0.0,0.0
2026-05-27 00:00:00-04:00,94.8499984741211,94.91000366210938,91.69999694824219,94.51000213623047,41900,0.0,0.0
2026-05-28 00:00:00-04:00,89.69999694824219,93.37999725341797,89.58000183105469,91.81999969482422,23400,0.0,0.0
2026-05-29 00:00:00-04:00,91.43000030517578,91.43000030517578,90.01000213623047,90.7699966430664,23500,0.0,0.0
2026-06-01 00:00:00-04:00,89.37000274658203,90.33999633789062,89.0,89.61000061035156,15500,0.0,0.0
2026-06-02 00:00:00-04:00,86.68000030517578,87.79000091552734,86.1500015258789,86.41999816894531,30000,0.0,0.0
2026-06-03 00:00:00-04:00,84.48999786376953,84.48999786376953,81.19000244140625,81.4000015258789,42300,0.0,0.0
2026-06-04 00:00:00-04:00,80.2699966430664,80.72000122070312,79.3499984741211,79.52999877929688,25800,0.0,0.0
2026-06-05 00:00:00-04:00,79.19000244140625,79.19000244140625,75.01000213623047,75.0999984741211,32400,0.0,0.0
2026-06-08 00:00:00-04:00,76.31999969482422,77.20999908447266,75.6500015258789,76.55000305175781,27900,0.0,0.0
2026-06-09 00:00:00-04:00,75.83999633789062,75.83999633789062,73.26000213623047,74.05999755859375,31900,0.0,0.0
2026-06-10 00:00:00-04:00,70.54000091552734,71.58999633789062,70.05000305175781,70.30999755859375,34100,0.0,0.0
2026-06-11 00:00:00-04:00,70.0,72.50499725341797,69.47000122070312,72.06999969482422,44800,0.0,0.0
2026-06-12 00:00:00-04:00,72.0999984741211,73.08000183105469,72.0,72.45999908447266,14100,0.0,0.0
2026-06-15 00:00:00-04:00,70.83999633789062,70.86499786376953,69.41999816894531,69.73999786376953,30600,0.0,0.0
2026-06-16 00:00:00-04:00,70.56999969482422,71.48999786376953,69.4800033569336,69.69999694824219,31100,0.0,0.0
2026-06-17 00:00:00-04:00,68.86000061035156,68.97000122070312,66.02999877929688,66.44000244140625,41100,0.0,0.0
2026-06-18 00:00:00-04:00,68.73999786376953,68.94999694824219,67.5,68.58999633789062,35200,0.0,0.0
2026-06-22 00:00:00-04:00,66.0,66.61000061035156,65.12999725341797,66.22000122070312,47600,0.0,0.0
2026-06-23 00:00:00-04:00,65.2300033569336,67.0,65.05999755859375,66.58000183105469,37100,0.0,0.0
2026-06-24 00:00:00-04:00,66.55999755859375,67.88999938964844,66.50900268554688,66.5999984741211,26500,0.0,0.0
2026-06-25 00:00:00-04:00,67.27999877929688,67.5,66.2249984741211,66.5999984741211,39200,0.0,0.0
2026-06-26 00:00:00-04:00,67.2300033569336,67.29499816894531,65.86000061035156,65.86000061035156,16660,0.0,0.0
