Date,Open,High,Low,Close,Volume,Dividends,Stock Splits
2022-01-03 00:00:00-05:00,16.15206201499186,17.136943868082984,16.092969629790048,16.7626895904541,2752400,0.0,0.0
2022-01-04 00:00:00-05:00,17.008906693799172,17.343766607983202,16.742988195150794,16.95966148376465,2243400,0.0,0.0
2022-01-05 00:00:00-05:00,17.048302312114668,17.51119792995538,16.34903718173556,16.536165237426758,2555100,0.0,0.0
2022-01-06 00:00:00-05:00,16.546012793273636,17.028606508084767,16.25054901709524,16.50661849975586,2323100,0.0,0.0
2022-01-07 00:00:00-05:00,16.851328986681867,17.087700404307284,16.654351866070833,16.91042137145996,2598800,0.0,0.0
2022-01-10 00:00:00-05:00,16.9104218910779,16.999061410225245,16.339190477968934,16.733142852783203,1877900,0.0,0.0
2022-01-11 00:00:00-05:00,16.654351675963404,17.018758781380242,16.526317863986854,16.83163070678711,1722100,0.0,0.0
2022-01-12 00:00:00-05:00,16.821778652693347,17.067999067327918,16.693744863628954,16.95966148376465,1906100,0.0,0.0
2022-01-13 00:00:00-05:00,17.17633838086842,17.481651199782423,16.861176518955528,16.88087272644043,1783900,0.0,0.0
2022-01-14 00:00:00-05:00,16.880873315772302,17.127093763801714,16.457373844599644,17.117244720458984,1853900,0.0,0.0
2022-01-18 00:00:00-05:00,16.890723098579283,17.274828291709824,16.3588878843791,16.644502639770508,2657200,0.0,0.0
2022-01-19 00:00:00-05:00,16.496771504629734,16.762690063308703,16.161911514851724,16.17176055908203,2527000,0.0,0.0
2022-01-20 00:00:00-05:00,16.378586088575286,16.79223658490348,16.0043317721418,16.08312225341797,2947700,0.0,0.0
2022-01-21 00:00:00-05:00,15.856597650244453,15.955086207776503,15.16717962603309,15.758109092712402,3961100,0.0,0.0
2022-01-24 00:00:00-05:00,15.108086977466883,15.364156471145824,14.201995645415609,15.265667915344238,5657900,0.0,0.0
2022-01-25 00:00:00-05:00,14.871716187053728,15.669469952937257,14.822471907111858,15.521738052368164,3323600,0.0,0.0
2022-01-26 00:00:00-05:00,15.846748994234195,16.171759927080284,15.295214749226476,15.334609985351562,2709300,0.0,0.0
2022-01-27 00:00:00-05:00,15.51188710542729,15.551282336696215,13.955774061420176,14.044413566589355,4339800,0.0,0.0
2022-01-28 00:00:00-05:00,13.788344291055546,14.123204231262207,13.167868685247276,14.123204231262207,4517100,0.0,0.0
2022-01-31 00:00:00-05:00,13.985322259532083,15.068692683975664,13.985322259532083,14.871716499328613,3845200,0.0,0.0
2022-02-01 00:00:00-05:00,15.19672652968345,15.88614266507632,15.04899369559371,15.472493171691895,4559200,0.0,0.0
2022-02-02 00:00:00-05:00,15.344458185232241,15.462643887107134,14.743680632554081,14.999749183654785,3329900,0.0,0.0
2022-02-03 00:00:00-05:00,14.852017053177844,15.16717891979495,14.704285163015188,14.901261329650879,2253500,0.0,0.0
2022-02-04 00:00:00-05:00,14.81262205840797,15.393702463783894,14.586099697942895,15.186877250671387,1852100,0.0,0.0
2022-02-07 00:00:00-05:00,15.305063078413315,15.817201124125527,15.167179288785638,15.620224952697754,2351800,0.0,0.0
2022-02-08 00:00:00-05:00,15.649772148815407,16.270247795870446,15.423248846276355,16.22100257873535,3986800,0.0,0.0
2022-02-09 00:00:00-05:00,16.506618298373592,17.18618722950856,16.467222126823575,16.98921012878418,3273800,0.0,0.0
2022-02-10 00:00:00-05:00,16.644502822188976,17.452105635370742,16.555863305765318,16.91042137145996,3090500,0.0,0.0
2022-02-11 00:00:00-05:00,16.82178076638479,17.511198765393456,16.595258407301028,16.851327896118164,3022500,0.0,0.0
2022-02-14 00:00:00-05:00,16.930119540776523,17.609686665280698,16.831630979996586,16.94981575012207,2344400,0.0,0.0
2022-02-15 00:00:00-05:00,17.314220945504065,18.16121984456642,17.26497760981977,18.072580337524414,2755100,0.0,0.0
2022-02-16 00:00:00-05:00,18.10212436742915,18.397589997158782,17.757417283846983,17.974090576171875,2467700,0.0,0.0
2022-02-17 00:00:00-05:00,17.90515199675062,18.249861013468955,17.47180346491863,17.580141067504883,2293000,0.0,0.0
2022-02-18 00:00:00-05:00,17.442254530962273,17.87560301800545,17.156639806181484,17.24527931213379,1849400,0.0,0.0
2022-02-22 00:00:00-05:00,16.841478935348395,17.17633889324812,16.536166107326743,16.703594207763672,2018700,0.0,0.0
2022-02-23 00:00:00-05:00,16.930118154983102,17.077850044804077,16.378583011165873,16.39828109741211,2073600,0.0,0.0
2022-02-24 00:00:00-05:00,15.659619667555015,17.530894642933536,15.570981097795007,17.481651306152344,4148600,0.0,0.0
2022-02-25 00:00:00-05:00,18.614265376312158,18.66351059271096,17.008908891969803,17.452104568481445,4744400,0.0,0.0
2022-02-28 00:00:00-05:00,17.146792269085093,17.59983888134599,16.9005718150448,17.27482795715332,3583700,0.0,0.0
2022-03-01 00:00:00-05:00,17.29452520590307,17.629385193817463,16.64450331842528,16.920270919799805,2965500,0.0,0.0
2022-03-02 00:00:00-05:00,16.959664972494636,17.402862561410995,16.762689727375307,17.215734481811523,2678500,0.0,0.0
2022-03-03 00:00:00-05:00,17.31422174677667,17.55059315032327,16.477071851811875,17.264978408813477,2590200,0.0,0.0
2022-03-04 00:00:00-05:00,17.087700707971774,17.452105945511057,16.752840724090063,17.028608322143555,3073400,0.0,0.0
2022-03-07 00:00:00-05:00,16.861178141296886,16.98921195557577,14.773227787457191,14.812623023986816,4066800,0.0,0.0
2022-03-08 00:00:00-05:00,14.891413056372684,15.905841071433509,14.172449776168785,15.403552055358887,3908800,0.0,0.0
2022-03-09 00:00:00-05:00,15.807350993609056,16.6937460522145,15.787654786705572,16.122514724731445,3902000,0.0,0.0
2022-03-10 00:00:00-05:00,15.758109036846205,16.240700900678064,15.600528096758781,15.738410949707031,1917300,0.0,0.0
2022-03-11 00:00:00-05:00,16.004329591691427,16.240701003316385,15.186877755379399,15.19672679901123,1527500,0.0,0.0
2022-03-14 00:00:00-04:00,15.216423653158804,16.0043292826158,15.009598437167048,15.078540802001953,2385700,0.0,0.0
2022-03-15 00:00:00-04:00,15.383853889049703,16.033876678099546,15.245970096356132,15.758109092712402,2384800,0.0,0.0
2022-03-16 00:00:00-04:00,15.994480215452777,16.368736351627682,15.58082978408275,16.22100257873535,2994100,0.0,0.0
2022-03-17 00:00:00-04:00,15.895990499469601,16.240699480203627,15.82704907902536,16.122514724731445,1628300,0.0,0.0
2022-03-18 00:00:00-04:00,16.142211111492212,16.221001575522493,15.669468327310534,15.827049255371094,4050400,0.0,0.0
2022-03-21 00:00:00-04:00,15.767956876976594,15.925537805037154,15.521736442067864,15.827049255371094,1722300,0.0,0.0
2022-03-22 00:00:00-04:00,15.955086216647635,16.65435140633931,15.659620543887202,16.526317596435547,2839100,0.0,0.0
2022-03-23 00:00:00-04:00,16.486922182856993,17.008910247197427,16.37858457666049,16.841480255126953,2239400,0.0,0.0
2022-03-24 00:00:00-04:00,16.890722190583073,16.969512658025813,16.50661889661383,16.851327896118164,1515400,0.0,0.0
2022-03-25 00:00:00-04:00,16.8316296964639,17.087699183559383,16.447526405077127,16.811931610107422,2138400,0.0,0.0
2022-03-28 00:00:00-04:00,16.782387697077517,17.38316435074431,16.683899135955944,17.363466262817383,2742900,0.0,0.0
2022-03-29 00:00:00-04:00,17.66877987816517,17.964243664421897,17.166489938718392,17.67862892150879,2610000,0.0,0.0
2022-03-30 00:00:00-04:00,17.353616699888054,17.70817284102394,17.097547227754315,17.166488647460938,1550800,0.0,0.0
2022-03-31 00:00:00-04:00,17.117245454428126,17.314222572703,16.989211642508575,17.01875877380371,1869400,0.0,0.0
2022-04-01 00:00:00-04:00,17.146791251871758,17.34376835482375,16.723291795483984,16.88087272644043,1733600,0.0,0.0
2022-04-04 00:00:00-04:00,16.88087403960609,17.117245454428126,16.6543516685491,17.01875877380371,1544200,0.0,0.0
2022-04-05 00:00:00-04:00,16.93996742931143,17.038454104861014,16.260398472644365,16.289945602416992,2535400,0.0,0.0
2022-04-06 00:00:00-04:00,16.073269690279822,16.19145632558166,15.659619284492644,15.827049255371094,2622900,0.0,0.0
2022-04-07 00:00:00-04:00,15.767957943029671,15.797505073480988,15.26566799643509,15.49219036102295,2591200,0.0,0.0
2022-04-08 00:00:00-04:00,15.364155663672252,15.738409901833547,15.226271880647902,15.511887550354004,2647600,0.0,0.0
2022-04-11 00:00:00-04:00,15.482342276787369,16.152061267188444,15.32476133786947,16.073270797729492,2797600,0.0,0.0
2022-04-12 00:00:00-04:00,16.280097338908032,16.624804476867443,16.161910692669796,16.417980194091797,3165200,0.0,0.0
2022-04-13 00:00:00-04:00,16.634652487104496,17.156640501247242,16.546012977561148,17.146791458129883,2045300,0.0,0.0
2022-04-14 00:00:00-04:00,17.22558338514223,17.393013375308243,16.752840546501623,16.7626895904541,1782200,0.0,0.0
2022-04-18 00:00:00-04:00,16.674049377441406,16.74299080371817,16.398281793821376,16.674049377441406,1834000,0.0,0.0
2022-04-19 00:00:00-04:00,16.841480712039868,17.264980225737933,16.6838997597587,17.038455963134766,1954000,0.0,0.0
2022-04-20 00:00:00-04:00,17.107396550849515,17.166488928922238,16.713442354330468,16.723291397094727,1976000,0.0,0.0
2022-04-21 00:00:00-04:00,17.028607232022978,17.136942952687207,16.309642090001145,16.408130645751953,1935800,0.0,0.0
2022-04-22 00:00:00-04:00,16.35888671875,16.693746669151007,16.161909614333094,16.35888671875,1693500,0.0,0.0
2022-04-25 00:00:00-04:00,16.12251303059702,16.50661626328972,16.043722575723834,16.388429641723633,2197100,0.0,0.0
2022-04-26 00:00:00-04:00,16.496769031242067,16.516467116749315,15.866445323112742,15.974781036376953,2475500,0.0,0.0
2022-04-27 00:00:00-04:00,15.866445876190292,16.201305827434854,15.65961972818023,15.817200660705566,3297300,0.0,0.0
2022-04-28 00:00:00-04:00,15.905840636082143,15.974782061267744,15.226272609842207,15.620224952697754,1891300,0.0,0.0
2022-04-29 00:00:00-04:00,15.541434484126643,15.935387766238664,15.433097824655487,15.620224952697754,2032400,0.0,0.0
2022-05-02 00:00:00-04:00,15.65961853819267,15.886140876670106,15.245968152119078,15.718711853027344,1898700,0.0,0.0
2022-05-03 00:00:00-04:00,15.748258460616471,16.004327932965456,15.472491842301782,15.876294136047363,2319000,0.0,0.0
2022-05-04 00:00:00-04:00,15.827050125307334,15.984631062029354,15.0095983116195,15.7876558303833,2514200,0.0,0.0
2022-05-05 00:00:00-04:00,15.570982130912968,15.767958308876215,14.576251258127934,14.86186695098877,2758100,0.0,0.0
2022-05-06 00:00:00-04:00,15.22627285476183,15.659620438873468,13.798194414868767,14.950506210327148,5001800,0.0,0.0
2022-05-09 00:00:00-04:00,14.743680369912552,15.058842235964693,13.680008132730128,13.758798599243164,3529700,0.0,0.0
2022-05-10 00:00:00-04:00,14.15275071308007,14.605796358156507,13.68985602502761,14.42851734161377,2971600,0.0,0.0
2022-05-11 00:00:00-04:00,14.458063482840494,14.881561970057588,13.808041718931882,13.867134094238281,2799400,0.0,0.0
2022-05-12 00:00:00-04:00,13.689855790280761,14.802772267564277,13.680007686730042,14.517156600952148,3465600,0.0,0.0
2022-05-13 00:00:00-04:00,14.83232072107785,16.024027768770555,14.743681206407535,16.004329681396484,3517000,0.0,0.0
2022-05-16 00:00:00-04:00,16.024025943430708,16.59525726261723,15.413398453983769,15.482340812683105,2470300,0.0,0.0
2022-05-17 00:00:00-04:00,15.66947039005424,16.3391903617306,15.620226108738647,16.09296989440918,1744600,0.0,0.0
2022-05-18 00:00:00-04:00,15.797505248545889,16.35888758375127,15.265668165606275,15.364156723022461,2195700,0.0,0.0
2022-05-19 00:00:00-04:00,15.295212832328424,16.004327932965456,15.265666643751665,15.876294136047363,1662800,0.0,0.0
2022-05-20 00:00:00-04:00,16.12251501155248,16.161909304573097,15.28536515159482,15.679317474365234,2269300,0.0,0.0
2022-05-23 00:00:00-04:00,15.610377675174252,15.610377675174252,14.861867244856885,15.374005317687988,2154200,0.0,0.0
2022-05-24 00:00:00-04:00,15.22627203600078,15.22627203600078,14.487610716542639,14.822470664978027,2371400,0.0,0.0
2022-05-25 00:00:00-04:00,14.723981441785181,15.580828420564963,14.723981441785181,15.482340812683105,1704700,0.0,0.0
2022-05-26 00:00:00-04:00,15.541434770909328,16.319491366848695,15.541434770909328,15.925539016723633,2114800,0.0,0.0
2022-05-27 00:00:00-04:00,16.250549002614648,16.949814148919764,16.230850916616873,16.88087272644043,3474300,0.0,0.0
2022-05-31 00:00:00-04:00,17.14679084339372,17.324069856124726,16.417978585454012,16.723291397094727,1969300,0.0,0.0
2022-06-01 00:00:00-04:00,16.851329230493576,17.117245905098905,16.33919021230549,16.614957809448242,1640000,0.0,0.0
2022-06-02 00:00:00-04:00,16.585408858664227,16.772536917580894,16.47707126478939,16.65435028076172,1803800,0.0,0.0
2022-06-03 00:00:00-04:00,16.477072183730606,16.664200253083575,16.152061262492804,16.447526931762695,1081000,0.0,0.0
2022-06-06 00:00:00-04:00,16.6543519854899,16.959664833964492,16.250550576003583,16.7626895904541,1171300,0.0,0.0
2022-06-07 00:00:00-04:00,16.60510684873578,17.008908214559188,16.329339283424222,16.98921012878418,1086400,0.0,0.0
2022-06-08 00:00:00-04:00,16.920268920503677,17.058151765642176,16.58540897215628,16.69374656677246,1155300,0.0,0.0
2022-06-09 00:00:00-04:00,16.52631688661188,16.654350691016447,15.994479825593888,16.06342124938965,1723200,0.0,0.0
2022-06-10 00:00:00-04:00,15.708864795466127,15.905840971042005,15.28536625279211,15.364156723022461,1678200,0.0,0.0
2022-06-13 00:00:00-04:00,14.773227726404535,14.98005295214446,14.320182038557869,14.398972511291504,2156500,0.0,0.0
2022-06-14 00:00:00-04:00,14.40882010079844,14.477761522667425,13.936076372857956,14.201994895935059,1818300,0.0,0.0
2022-06-15 00:00:00-04:00,14.330031206317123,14.79292594207039,14.261088837636935,14.645193099975586,2288000,0.0,0.0
2022-06-16 00:00:00-04:00,14.280785811761499,14.408820555888067,13.94592585623916,14.192146301269531,1862400,0.0,0.0
2022-06-17 00:00:00-04:00,14.389122625417343,14.546704500920358,13.936076964080291,14.064111709594727,2247300,0.0,0.0
2022-06-21 00:00:00-04:00,14.123204683344646,14.270936572632273,13.729251413150232,13.739100456237793,2375400,0.0,0.0
2022-06-22 00:00:00-04:00,13.473182629728006,13.945925418504778,13.453484543900759,13.640612602233887,2006000,0.0,0.0
2022-06-23 00:00:00-04:00,13.739100356709779,13.87698414116744,13.207264244167996,13.699705123901367,2031100,0.0,0.0
2022-06-24 00:00:00-04:00,13.886832612932935,14.595946774314134,13.719402645570497,14.586098670959473,2471200,0.0,0.0
2022-06-27 00:00:00-04:00,14.84216781175023,14.960353510152759,14.280785509524101,14.822470664978027,1709400,0.0,0.0
2022-06-28 00:00:00-04:00,15.039145527542574,15.177028378333159,14.684587478637695,14.684587478637695,2008200,0.0,0.0
2022-06-29 00:00:00-04:00,14.51715699809834,14.694436016451013,14.113355624522983,14.674737930297852,1743200,0.0,0.0
2022-06-30 00:00:00-04:00,14.428516863325296,15.25581766075877,14.270935937958235,14.792923927307129,2794000,0.0,0.0
2022-07-01 00:00:00-04:00,14.684587770085187,15.078541061214302,14.389123036552476,14.802773475646973,1763100,0.0,0.0
2022-07-05 00:00:00-04:00,14.576250735223804,15.590678719785618,14.448215989326647,15.413399696350098,3286100,0.0,0.0
2022-07-06 00:00:00-04:00,15.492189208822884,15.708863453068748,14.753527909093101,15.226271629333496,1790700,0.0,0.0
2022-07-07 00:00:00-04:00,15.265668431593557,15.689167920903076,15.13763368042425,15.669469833374023,3197600,0.0,0.0
2022-07-08 00:00:00-04:00,15.531586707076082,15.718713839059044,15.226272930491099,15.364156723022461,1727700,0.0,0.0
2022-07-11 00:00:00-04:00,15.226272990650227,15.442947254268022,14.960354448129774,15.19672679901123,1508100,0.0,0.0
2022-07-12 00:00:00-04:00,15.167179247914751,15.758108699862172,15.167179247914751,15.413399696350098,1710600,0.0,0.0
2022-07-13 00:00:00-04:00,15.098237863600035,15.679318273754323,15.048993585928974,15.620224952697754,1062800,0.0,0.0
2022-07-14 00:00:00-04:00,15.442946128470043,15.67931752286342,15.255818070132966,15.511887550354004,980500,0.0,0.0
2022-07-15 00:00:00-04:00,15.679318452794385,15.964933200183697,15.442947044381963,15.88614273071289,1648700,0.0,0.0
2022-07-18 00:00:00-04:00,16.152058277104075,16.585406718162908,16.033873534050606,16.388429641723633,1748500,0.0,0.0
2022-07-19 00:00:00-04:00,17.343767415141794,18.58471858807396,17.294522202815454,18.54532241821289,9630900,0.0,0.0
2022-07-20 00:00:00-04:00,18.486229847762925,19.155949700264525,18.328648926999342,18.84078598022461,6226700,0.0,0.0
2022-07-21 00:00:00-04:00,18.702904546236542,19.215043516366748,18.476382190471877,19.2051944732666,3443500,0.0,0.0
2022-07-22 00:00:00-04:00,19.36277687673304,19.46126543670327,18.515777890907337,18.63396453857422,3980200,0.0,0.0
2022-07-25 00:00:00-04:00,18.515778257466366,19.096858706430083,18.14152397638599,18.978673934936523,1862900,0.0,0.0
2022-07-26 00:00:00-04:00,18.97867244276175,18.988521486030688,18.25970919074545,18.38774299621582,1842500,0.0,0.0
2022-07-27 00:00:00-04:00,18.6241151068506,18.82109222268871,18.328651311606432,18.476383209228516,2242400,0.0,0.0
2022-07-28 00:00:00-04:00,18.34834701885031,18.761997447993313,18.111975613413296,18.653661727905273,1834000,0.0,0.0
2022-07-29 00:00:00-04:00,18.535475000209537,18.693055936438782,17.855906038650335,18.05288314819336,1950600,0.0,0.0
2022-08-01 00:00:00-04:00,17.92484605752825,18.200611706143626,17.58013711824644,18.062728881835938,2266500,0.0,0.0
2022-08-02 00:00:00-04:00,17.85590496055659,18.811241442092673,17.85590496055659,18.555171966552734,1778600,0.0,0.0
2022-08-03 00:00:00-04:00,18.702904240520322,19.18549607346168,18.46653284551922,19.087007522583008,2666100,0.0,0.0
2022-08-04 00:00:00-04:00,19.08700985352209,19.431718884437494,18.919579860135357,19.057464599609375,2323700,0.0,0.0
2022-08-05 00:00:00-04:00,17.84605774592822,17.914999166357163,16.06342046491762,16.496768951416016,6054400,0.0,0.0
2022-08-08 00:00:00-04:00,16.536167390377873,17.393013559682835,16.536167390377873,17.028608322143555,3750900,0.0,0.0
2022-08-09 00:00:00-04:00,16.939967401875144,16.969512653086994,16.250549403067126,16.47707176208496,2285500,0.0,0.0
2022-08-10 00:00:00-04:00,16.733141839152196,17.02860751124952,16.506619472170005,16.900571823120117,2281400,0.0,0.0
2022-08-11 00:00:00-04:00,17.205885297237273,17.442256716557576,16.752840546501623,16.7626895904541,2268200,0.0,0.0
2022-08-12 00:00:00-04:00,16.900572016700476,17.264979119573887,16.8808739292991,16.97936248779297,1264400,0.0,0.0
2022-08-15 00:00:00-04:00,16.703595197478286,17.235432295718134,16.703595197478286,17.097549438476562,1909100,0.0,0.0
2022-08-16 00:00:00-04:00,16.94981474117822,17.40286134239296,16.762688553199446,17.304372787475586,1951600,0.0,0.0
2022-08-17 00:00:00-04:00,16.96951324972226,17.097548937851666,16.595258985947904,16.900571823120117,2885700,0.0,0.0
2022-08-18 00:00:00-04:00,16.752839649509752,17.00890914302437,16.46722302571974,16.782386779785156,1721100,0.0,0.0
2022-08-19 00:00:00-04:00,16.40813016043039,16.546013007295432,15.935387361024898,16.02402687072754,2484300,0.0,0.0
2022-08-22 00:00:00-04:00,15.541434615609115,15.659620319465644,15.088388947864177,15.098237991333008,2723600,0.0,0.0
2022-08-23 00:00:00-04:00,15.167179318681278,15.531586410611524,14.96035410346033,15.058842658996582,1668300,0.0,0.0
2022-08-24 00:00:00-04:00,15.137633112761248,15.324761180243879,14.970203132068992,15.245969772338867,2310300,0.0,0.0
2022-08-25 00:00:00-04:00,15.305063264657761,15.570981803763523,15.039145664808483,15.117936134338379,1630000,0.0,0.0
2022-08-26 00:00:00-04:00,14.98005246584906,15.177028641288738,14.566402027797489,14.595948219299316,2406200,0.0,0.0
2022-08-29 00:00:00-04:00,14.33988055832159,14.674739607898049,14.33988055832159,14.576251983642578,2056900,0.0,0.0
2022-08-30 00:00:00-04:00,14.645192833741259,14.783076629338519,14.290635709820965,14.339879989624023,3863900,0.0,0.0
2022-08-31 00:00:00-04:00,14.379273022927716,14.389121125974535,13.798192676628693,13.867134094238281,3085000,0.0,0.0
2022-09-01 00:00:00-04:00,13.788344842270218,13.808042928602273,13.276205868714227,13.591368675231934,2881500,0.0,0.0
2022-09-02 00:00:00-04:00,13.59136770430181,13.739099584212848,13.2368096897051,13.404239654541016,2442900,0.0,0.0
2022-09-06 00:00:00-04:00,13.374693564721609,13.483030214835612,12.990589359170587,13.069380760192871,2349400,0.0,0.0
2022-09-07 00:00:00-04:00,12.941348047382954,13.532276602972892,12.892103766269656,13.522427558898926,2554600,0.0,0.0
2022-09-08 00:00:00-04:00,13.295904548230647,13.492880724056839,13.029986006422916,13.453485488891602,2088700,0.0,0.0
2022-09-09 00:00:00-04:00,13.64061313620412,13.896681687187284,13.591368858964733,13.85728645324707,1464400,0.0,0.0
2022-09-12 00:00:00-04:00,13.936076108843087,14.133053206319534,13.61106521296593,13.72925090789795,1812500,0.0,0.0
2022-09-13 00:00:00-04:00,13.246660488607898,13.53227618309512,13.020138117474396,13.158020973205566,2514700,0.0,0.0
2022-09-14 00:00:00-04:00,13.13832287612726,13.758798499878747,12.783764840122728,13.719403266906738,3130600,0.0,0.0
2022-09-15 00:00:00-04:00,13.689856797588863,13.926229146070552,13.473183475427337,13.601218223571777,2126600,0.0,0.0
2022-09-16 00:00:00-04:00,13.374694318969166,13.551973337568027,13.177718153446232,13.364845275878906,2428900,0.0,0.0
2022-09-19 00:00:00-04:00,13.2269629872184,13.522426778329734,13.118625387171525,13.20726490020752,1914400,0.0,0.0
2022-09-20 00:00:00-04:00,13.05953165735033,13.167868306964046,12.833008376377157,12.862555503845215,2003700,0.0,0.0
2022-09-21 00:00:00-04:00,12.823161434409863,12.901951902947175,12.370115770692085,12.379963874816895,2834800,0.0,0.0
2022-09-22 00:00:00-04:00,12.409510354950616,12.44890558715575,12.035255179373635,12.31102180480957,2680500,0.0,0.0
2022-09-23 00:00:00-04:00,12.153442299615739,12.271628010075146,11.808733273000065,11.926918983459473,4139000,0.0,0.0
2022-09-26 00:00:00-04:00,11.828429304254936,12.340567293859388,11.592057924437496,11.680696487426758,2266100,0.0,0.0
2022-09-27 00:00:00-04:00,11.887522894132392,12.320871407329399,11.749640044779545,11.966313362121582,2814100,0.0,0.0
2022-09-28 00:00:00-04:00,12.074651401533512,12.330720901489258,11.917070459793516,12.330720901489258,2521000,0.0,0.0
2022-09-29 00:00:00-04:00,12.104197193977834,12.468603344543933,11.897371979953132,12.36026668548584,3758300,0.0,0.0
2022-09-30 00:00:00-04:00,12.242081817274427,12.41935991333527,11.867826597858036,11.926918983459473,2770200,0.0,0.0
2022-10-03 00:00:00-04:00,12.025407087214235,12.212534220168433,11.877675189579685,12.123895645141602,2527800,0.0,0.0
2022-10-04 00:00:00-04:00,12.498148023170288,12.754217483696243,12.350416147851044,12.51784610748291,2532400,0.0,0.0
2022-10-05 00:00:00-04:00,12.202684240651148,12.291322802057303,11.798881966604565,12.143590927124023,2438400,0.0,0.0
2022-10-06 00:00:00-04:00,12.104197008106087,12.16329032802991,11.532965652287102,11.907220840454102,5831400,0.0,0.0
2022-10-07 00:00:00-04:00,11.710243587397184,11.995859238833388,11.188255617431134,11.306441307067871,2889700,0.0,0.0
2022-10-10 00:00:00-04:00,11.188255812981572,11.24734912846097,10.676117815604469,11.010977745056152,3468300,0.0,0.0
2022-10-11 00:00:00-04:00,10.87309440019063,10.97158295014828,9.878363614792775,10.252618789672852,10147200,0.0,0.0
2022-10-12 00:00:00-04:00,9.730632561768834,10.035945402101792,9.582899724190773,10.026097297668457,7391400,0.0,0.0
2022-10-13 00:00:00-04:00,9.799573856841741,10.163980015139648,9.504109124929345,9.779876708984375,5256800,0.0,0.0
2022-10-14 00:00:00-04:00,9.79957388345481,9.996550058845846,9.218493461608887,9.218493461608887,4491400,0.0,0.0
2022-10-17 00:00:00-04:00,9.474562743115383,9.770027469090156,9.464713699756382,9.513957977294922,3410200,0.0,0.0
2022-10-18 00:00:00-04:00,9.740481438318277,9.917759525410869,9.316981959487247,9.385923385620117,3459000,0.0,0.0
2022-10-19 00:00:00-04:00,9.346528272267362,9.504109213622806,9.011668302258794,9.051063537597656,3282400,0.0,0.0
2022-10-20 00:00:00-04:00,9.041216292690907,9.356378205362047,8.991972009021895,9.011669158935547,2382800,0.0,0.0
2022-10-21 00:00:00-04:00,9.021516896573365,9.661690613015377,8.932877386661668,9.622295379638672,4339900,0.0,0.0
2022-10-24 00:00:00-04:00,9.582899910409092,9.750329899363887,9.366226580561198,9.523807525634766,2489800,0.0,0.0
2022-10-25 00:00:00-04:00,9.51395835640792,10.045794508652572,9.494261208161495,9.858667373657227,2432800,0.0,0.0
2022-10-26 00:00:00-04:00,9.819271828566531,10.351107964056489,9.819271828566531,10.114736557006836,3063400,0.0,0.0
2022-10-27 00:00:00-04:00,10.242770561317856,10.67611908848313,10.134433899154788,10.193527221679688,2482300,0.0,0.0
2022-10-28 00:00:00-04:00,10.203374519954497,10.656420159331697,10.124584055650326,10.626873970031738,2557000,0.0,0.0
2022-10-31 00:00:00-04:00,10.587479240055472,10.735211132818776,10.282165471953121,10.44959545135498,2924300,0.0,0.0
2022-11-01 00:00:00-04:00,10.745059564812541,11.060221419047,10.488990088618836,10.587478637695312,2867300,0.0,0.0
2022-11-02 00:00:00-04:00,10.469293239109806,10.843548421249707,10.223072798695906,10.331409454345703,2405100,0.0,0.0
2022-11-03 00:00:00-04:00,10.144282622509095,10.51853781533346,9.907911218385223,10.44959545135498,3926700,0.0,0.0
2022-11-04 00:00:00-04:00,11.267047818416936,11.749640633084754,10.90264165090698,11.434477806091309,6089800,0.0,0.0
2022-11-07 00:00:00-05:00,11.552663084189346,12.340568713475081,11.493570702065393,12.025406837463379,5421900,0.0,0.0
2022-11-08 00:00:00-05:00,12.212534380949156,12.330721027720548,11.779186786727927,11.995861053466797,2273000,0.0,0.0
2022-11-09 00:00:00-05:00,11.710245649063976,11.759488990639959,11.316292341660379,11.532966613769531,2742300,0.0,0.0
2022-11-10 00:00:00-05:00,12.064800849282177,12.064800849282177,11.621604271241456,11.739789962768555,2963900,0.0,0.0
2022-11-11 00:00:00-05:00,11.818580207586953,12.281474862042558,11.542813599068372,12.20268440246582,2710100,0.0,0.0
2022-11-14 00:00:00-05:00,12.173137478969185,12.665578329175556,12.173137478969185,12.281475067138672,4256300,0.0,0.0
2022-11-15 00:00:00-05:00,12.557242787163824,12.970893212940327,12.498149466657267,12.714823722839355,2070800,0.0,0.0
2022-11-16 00:00:00-05:00,12.61633440878888,12.764066281277401,12.340566869234348,12.606485366821289,1869700,0.0,0.0
2022-11-17 00:00:00-05:00,12.488300914299824,12.567091379309074,12.202685243827181,12.537544250488281,2071600,0.0,0.0
2022-11-18 00:00:00-05:00,12.783764958560448,12.921648744868156,12.222382648694161,12.448905944824219,2457800,0.0,0.0
2022-11-21 00:00:00-05:00,12.507998117328636,12.527696203297994,11.700395377713724,11.808732032775879,3092000,0.0,0.0
2022-11-22 00:00:00-05:00,11.759488449956729,12.104197460678618,11.51326799637152,12.084500312805176,2013700,0.0,0.0
2022-11-23 00:00:00-05:00,12.11404605116809,13.709554418016113,12.104197007971486,13.611065864562988,4445000,0.0,0.0
2022-11-25 00:00:00-05:00,13.611065473493017,13.886833039535896,13.4830307333852,13.640612602233887,1488600,0.0,0.0
2022-11-28 00:00:00-05:00,13.473182923932294,13.581519580578535,13.089078695221435,13.197415351867676,2912800,0.0,0.0
2022-11-29 00:00:00-05:00,13.305752088723102,13.354996361930787,12.990589303747743,13.236809730529785,3459700,0.0,0.0
2022-11-30 00:00:00-05:00,13.364844423947646,13.414088697003454,12.823160238102915,13.404239654541016,2172900,0.0,0.0
2022-12-01 00:00:00-05:00,13.345148175892573,14.280785669859677,13.345148175892573,13.571670532226562,3472200,0.0,0.0
2022-12-02 00:00:00-05:00,13.374694822501212,13.748950020713009,13.118625328052643,13.561822891235352,2391200,0.0,0.0
2022-12-05 00:00:00-05:00,13.47318349981677,13.5618230132508,12.793614522993535,13.039834976196289,2633200,0.0,0.0
2022-12-06 00:00:00-05:00,13.059532943144614,13.059532943144614,12.173138756215858,12.41935920715332,2401500,0.0,0.0
2022-12-07 00:00:00-05:00,12.330720625671757,12.419359198975434,11.79888355031082,11.838279724121094,2374500,0.0,0.0
2022-12-08 00:00:00-05:00,11.907221118626586,12.45875440093688,11.877674927602653,12.212533950805664,2200100,0.0,0.0
2022-12-09 00:00:00-05:00,12.182987263533372,12.350417237943208,11.976162056277483,12.015557289123535,2890900,0.0,0.0
2022-12-12 00:00:00-05:00,11.976162656638605,12.261778343904423,11.749640291232415,12.064802169799805,3374500,0.0,0.0
2022-12-13 00:00:00-05:00,12.576941219975595,12.754219307862531,12.084500312805176,12.084500312805176,3145100,0.0,0.0
2022-12-14 00:00:00-05:00,11.946615363616123,12.143591519555534,11.473871650105139,11.818580627441406,4110700,0.0,0.0
2022-12-15 00:00:00-05:00,11.552664151718698,11.720094148635482,11.207956052792104,11.296595573425293,2770700,0.0,0.0
2022-12-16 00:00:00-05:00,11.079919713478544,11.29659396197837,10.617025026901418,10.666269302368164,5865200,0.0,0.0
2022-12-19 00:00:00-05:00,10.488991389206749,10.518538521147253,9.435168103998603,9.563202857971191,6610900,0.0,0.0
2022-12-20 00:00:00-05:00,9.523807359410538,9.533656403119865,8.82454122340887,9.070761680603027,4915200,0.0,0.0
2022-12-21 00:00:00-05:00,9.041214836263844,9.149551491478716,8.76544726784273,8.814691543579102,4381000,0.0,0.0
2022-12-22 00:00:00-05:00,8.666959748904615,9.238191099378977,8.27300647803014,9.228342056274414,6291100,0.0,0.0
2022-12-23 00:00:00-05:00,9.12985505525208,9.435167897916415,8.489681299371764,8.509379386901855,4631000,0.0,0.0
2022-12-27 00:00:00-05:00,8.489681530280244,8.804843425281625,8.18436867931179,8.607867240905762,4042800,0.0,0.0
2022-12-28 00:00:00-05:00,8.519227256638272,8.804842943158052,8.154821100682446,8.223763465881348,3842400,0.0,0.0
2022-12-29 00:00:00-05:00,8.273007508813913,8.538926070230811,8.194217032673329,8.519227981567383,2551400,0.0,0.0
2022-12-30 00:00:00-05:00,8.371494696205168,8.56847085414695,8.292704233028457,8.529075622558594,2616500,0.0,0.0
2023-01-03 00:00:00-05:00,8.637414570886051,8.863936953293743,8.263159342369528,8.292705535888672,3394800,0.0,0.0
2023-01-04 00:00:00-05:00,8.401041628863043,8.883634432616955,8.30255401080082,8.63741397857666,3208300,0.0,0.0
2023-01-05 00:00:00-05:00,8.538926070230811,8.558623219637676,8.25331035940705,8.519227981567383,3316300,0.0,0.0
2023-01-06 00:00:00-05:00,8.588170288849774,8.666960764405195,8.204066016074686,8.292705535888672,5415700,0.0,0.0
2023-01-09 00:00:00-05:00,8.371494555214,8.814691137932874,8.341948366834446,8.657110214233398,4812400,0.0,0.0
2023-01-10 00:00:00-05:00,8.62756428021957,9.553352703877128,8.558621919626132,9.504108428955078,4358300,0.0,0.0
2023-01-11 00:00:00-05:00,9.573051455490031,9.612446690316885,9.238191489833541,9.385923385620117,4730000,0.0,0.0
2023-01-12 00:00:00-05:00,9.838968573517903,10.410199920137636,9.661690495114275,10.331409454345703,9733800,0.0,0.0
2023-01-13 00:00:00-05:00,10.223072660680543,10.64657211303711,10.144282195952313,10.64657211303711,4201200,0.0,0.0
2023-01-17 00:00:00-05:00,10.715514221414859,11.010978952704686,10.62687470810226,10.92233943939209,3220900,0.0,0.0
2023-01-18 00:00:00-05:00,11.001129463031965,11.050373739459314,10.429898110690205,10.55793285369873,4332800,0.0,0.0
2023-01-19 00:00:00-05:00,10.44959614710535,10.695816610942243,10.173829490599859,10.538235664367676,3022000,0.0,0.0
2023-01-20 00:00:00-05:00,10.735211716196698,11.040525500890556,10.42989887075936,10.873095512390137,3546300,0.0,0.0
2023-01-23 00:00:00-05:00,10.97158300375866,11.207954397704292,10.823850178100319,11.02082633972168,1986300,0.0,0.0
2023-01-24 00:00:00-05:00,11.109466003301122,11.513267375110527,10.833699373157996,11.454174995422363,2750800,0.0,0.0
2023-01-25 00:00:00-05:00,11.207955203019841,11.385234230845157,11.109466645504334,11.335989952087402,2257200,0.0,0.0
2023-01-26 00:00:00-05:00,11.473873675435101,11.631455567258861,11.227653202234722,11.296595573425293,2311100,0.0,0.0
2023-01-27 00:00:00-05:00,11.168559622803459,11.46402434696487,10.912490132579805,11.385233879089355,2089200,0.0,0.0
2023-01-30 00:00:00-05:00,11.198105767870741,11.552662871867645,10.892792940909745,10.991280555725098,2215700,0.0,0.0
2023-01-31 00:00:00-05:00,11.06022289745319,11.769338103523683,11.030676704483412,11.759489059448242,3715100,0.0,0.0
2023-02-01 00:00:00-05:00,11.729942053820519,12.301173421029194,11.562512073163857,12.19283676147461,3518100,0.0,0.0
2023-02-02 00:00:00-05:00,12.379963627542915,12.980742112210725,12.311022203763903,12.655731201171875,5032600,0.0,0.0
2023-02-03 00:00:00-05:00,12.478451526982763,12.744369104236158,12.261777284558823,12.39966106414795,3063800,0.0,0.0
2023-02-06 00:00:00-05:00,12.212533798563546,12.606487077416334,12.153441417252331,12.52769660949707,1509900,0.0,0.0
2023-02-07 00:00:00-05:00,12.46860183595771,12.655729879902198,12.173137146062867,12.51784610748291,1891200,0.0,0.0
2023-02-08 00:00:00-05:00,12.488301982470608,12.576941498001789,12.17313915622013,12.389813423156738,2539100,0.0,0.0
2023-02-09 00:00:00-05:00,12.645882485303776,12.764068188808166,11.897372090519506,12.025406837463379,2039100,0.0,0.0
2023-02-10 00:00:00-05:00,11.848127989740682,11.946616547095255,11.316291846390282,11.523117065429688,2798400,0.0,0.0
2023-02-13 00:00:00-05:00,11.523117813473498,11.729943045939333,11.355687818655603,11.631455421447754,1611800,0.0,0.0
2023-02-14 00:00:00-05:00,11.493571620051679,11.749641134391581,11.247351149937902,11.631455421447754,2385500,0.0,0.0
2023-02-15 00:00:00-05:00,11.513268180634402,12.173139081944115,11.513268180634402,12.163290977478027,2052300,0.0,0.0
2023-02-16 00:00:00-05:00,11.966314471826987,12.015558753701054,11.582211139573689,11.631455421447754,1951500,0.0,0.0
2023-02-17 00:00:00-05:00,11.601907493842141,11.700396050842139,11.286745614252531,11.503419876098633,2188100,0.0,0.0
2023-02-21 00:00:00-05:00,11.267047564188639,12.350417937724073,11.257199459861457,12.291324615478516,4243000,0.0,0.0
2023-02-22 00:00:00-05:00,12.389812475959847,12.79361384761452,12.350417243097354,12.576940536499023,3686600,0.0,0.0
2023-02-23 00:00:00-05:00,12.714824166738076,13.364846018721375,12.56709226919878,12.89210319519043,4970800,0.0,0.0
2023-02-24 00:00:00-05:00,12.23223092985977,13.512577342440117,12.2125328447901,13.069380760192871,4815000,0.0,0.0
2023-02-27 00:00:00-05:00,13.40424001202079,13.837588499361276,13.305752402538978,13.72925090789795,4598600,0.0,0.0
2023-02-28 00:00:00-05:00,13.709553396081917,13.817890045399587,13.315601090148224,13.404239654541016,4308000,0.0,0.0
2023-03-01 00:00:00-05:00,13.473183496352332,13.473183496352332,12.803463563250974,13.22696304321289,3119100,0.0,0.0
2023-03-02 00:00:00-05:00,13.020137711211525,13.581520038900981,12.675428704126414,13.561822891235352,2000500,0.0,0.0
2023-03-03 00:00:00-05:00,13.512578557225657,13.798194241618067,13.473183322801065,13.54212474822998,1702700,0.0,0.0
2023-03-06 00:00:00-05:00,13.591368941813768,13.778496069356345,13.06938185410992,13.31560230255127,2803800,0.0,0.0
2023-03-07 00:00:00-05:00,13.325450363871695,13.354997493854455,13.059532768822152,13.108777046203613,1474100,0.0,0.0
2023-03-08 00:00:00-05:00,13.138323474182407,13.532275821835176,13.069382048157292,13.20726490020752,2775400,0.0,0.0
2023-03-09 00:00:00-05:00,13.177718688620578,13.276206305753607,12.596638272286716,12.626184463500977,3258100,0.0,0.0
2023-03-10 00:00:00-05:00,12.606486924505528,12.921648792359818,12.261777927097556,12.655731201171875,2436800,0.0,0.0
2023-03-13 00:00:00-04:00,12.46860362079648,12.88225405801066,12.133743653598668,12.665579795837402,2411700,0.0,0.0
2023-03-14 00:00:00-04:00,12.901952045689018,13.128474410425822,12.507998759387451,12.626184463500977,2302400,0.0,0.0
2023-03-15 00:00:00-04:00,12.301173503414116,12.547393954351579,12.133743521636122,12.41935920715332,3041000,0.0,0.0
2023-03-16 00:00:00-04:00,12.133742646080133,12.76406729312892,12.074650268102806,12.439056396484375,2332900,0.0,0.0
2023-03-17 00:00:00-04:00,12.429208384270574,12.429208384270574,11.887523198531817,12.084500312805176,4442100,0.0,0.0
2023-03-20 00:00:00-04:00,12.21253330046067,12.783764639205211,12.07465045685391,12.704974174499512,5616500,0.0,0.0
2023-03-21 00:00:00-04:00,12.833009622037201,13.00043960358255,12.636033449412226,12.793614387512207,2739100,0.0,0.0
2023-03-22 00:00:00-04:00,12.803463726709248,12.803463726709248,12.311022814143508,12.330720901489258,1995000,0.0,0.0
2023-03-23 00:00:00-04:00,12.537545026241114,13.680008718077342,12.419359321414571,13.039834976196289,4464500,0.0,0.0
2023-03-24 00:00:00-04:00,12.90195255838738,13.256509684817361,12.69512733315576,13.217114448547363,2040100,0.0,0.0
2023-03-27 00:00:00-04:00,13.295904353325726,13.650461464615413,13.128474371513699,13.561822891235352,2417100,0.0,0.0
2023-03-28 00:00:00-04:00,13.542125419934486,13.89668254734224,13.433788754707358,13.817892074584961,2560700,0.0,0.0
2023-03-29 00:00:00-04:00,13.936076477613366,14.11335549433068,13.709554124480295,14.0542631149292,2053100,0.0,0.0
2023-03-30 00:00:00-04:00,14.21184393884675,14.379273911319794,14.044413966373707,14.201994895935059,1252000,0.0,0.0
2023-03-31 00:00:00-04:00,14.467912927973172,14.704285268894468,14.408820547185192,14.566401481628418,2926400,0.0,0.0
2023-04-03 00:00:00-04:00,14.418670226840598,14.694436874288554,14.290635477139922,14.635343551635742,2070800,0.0,0.0
2023-04-04 00:00:00-04:00,14.635342859690734,14.70428522273557,14.14290197147327,14.359576225280762,1856100,0.0,0.0
2023-04-05 00:00:00-04:00,14.270936626320845,14.35957613592947,14.08380950323543,14.13305377960205,3088000,0.0,0.0
2023-04-06 00:00:00-04:00,14.379274443329193,15.21642339741111,14.251239698509412,14.98005199432373,4302000,0.0,0.0
2023-04-10 00:00:00-04:00,15.374003948754583,16.319490476741972,15.344457758920852,15.964932441711426,6174000,0.0,0.0
2023-04-11 00:00:00-04:00,16.09296688684865,16.457372058414567,15.866444550090083,16.03387451171875,3237300,0.0,0.0
2023-04-12 00:00:00-04:00,16.270250350891338,16.457376569851455,15.876297944510497,16.08312225341797,2154600,0.0,0.0
2023-04-13 00:00:00-04:00,16.211156551955984,16.408133700124885,16.122518901644618,16.280099868774414,1711000,0.0,0.0
2023-04-14 00:00:00-04:00,16.368734434976083,16.44752489465353,15.886140756124892,16.03387451171875,1469200,0.0,0.0
2023-04-17 00:00:00-04:00,16.38843406910163,16.59526024308876,16.211155028116416,16.437679290771484,2448300,0.0,0.0
2023-04-18 00:00:00-04:00,16.644501767123916,16.644501767123916,16.102817537549527,16.289945602416992,1464700,0.0,0.0
2023-04-19 00:00:00-04:00,16.319490432739258,16.37858281224739,16.05357190718335,16.319490432739258,1142800,0.0,0.0
2023-04-20 00:00:00-04:00,16.191457941193804,16.398282225468265,16.043726041210185,16.270248413085938,3126600,0.0,0.0
2023-04-21 00:00:00-04:00,16.270248302008817,16.33918972962964,15.99448071301251,16.230852127075195,2692300,0.0,0.0
2023-04-24 00:00:00-04:00,16.201306370394267,16.30964209106557,15.935387833403619,16.22100257873535,1783700,0.0,0.0
2023-04-25 00:00:00-04:00,16.02402678033874,16.112666289541384,15.699014933510238,15.797504425048828,2055800,0.0,0.0
2023-04-26 00:00:00-04:00,15.7581083471228,15.964932617492595,15.482341714039958,15.649771690368652,1730100,0.0,0.0
2023-04-27 00:00:00-04:00,15.758109592343306,16.35888812167557,15.630074839194734,16.34903907775879,2098500,0.0,0.0
2023-04-28 00:00:00-04:00,16.250547430553805,16.831627761684928,16.230849346461603,16.624801635742188,2148200,0.0,0.0
2023-05-01 00:00:00-04:00,16.565712656859976,16.920270729129935,16.36873741110906,16.841480255126953,2484400,0.0,0.0
2023-05-02 00:00:00-04:00,16.61495578739174,16.742989587100386,16.152060167147216,16.575559616088867,2644600,0.0,0.0
2023-05-03 00:00:00-04:00,16.496770672338098,16.78238730506781,16.211154039608385,16.230852127075195,1648400,0.0,0.0
2023-05-04 00:00:00-04:00,16.004331246725535,16.309644116833223,15.767959810657018,16.260400772094727,3555800,0.0,0.0
2023-05-05 00:00:00-04:00,16.733142217837766,17.018758852810965,15.738411335106496,15.895992279052734,5179800,0.0,0.0
2023-05-08 00:00:00-04:00,16.43767789304774,17.20588450064426,16.014178415263522,16.073270797729492,4570400,0.0,0.0
2023-05-09 00:00:00-04:00,16.073270006623456,16.95966321403773,16.014177627065937,16.69374656677246,3612500,0.0,0.0
2023-05-10 00:00:00-04:00,16.98920960811535,17.048301985116517,16.50661779249477,16.792232513427734,2201600,0.0,0.0
2023-05-11 00:00:00-04:00,16.614956801764297,16.634653010105378,16.112666858064053,16.22100257873535,2093300,0.0,0.0
2023-05-12 00:00:00-04:00,16.250550638190706,16.44752776096794,16.11266777935448,16.20130729675293,1626700,0.0,0.0
2023-05-15 00:00:00-04:00,16.368735165654428,16.861176030248554,16.18160711112507,16.683897018432617,2573500,0.0,0.0
2023-05-16 00:00:00-04:00,16.575562173089455,16.62480551630164,16.13236457012725,16.250551223754883,1500500,0.0,0.0
2023-05-17 00:00:00-04:00,16.417980448445416,17.018758975647334,16.280097591125518,16.91042137145996,2433000,0.0,0.0
2023-05-18 00:00:00-04:00,16.949816699685897,17.16649192124297,16.605109535414478,16.742992401123047,1904200,0.0,0.0
2023-05-19 00:00:00-04:00,16.900571544914925,16.900571544914925,16.319491132386474,16.595258712768555,1512200,0.0,0.0
2023-05-22 00:00:00-04:00,16.72329229434905,16.890722273298913,16.595258488569947,16.703594207763672,1617600,0.0,0.0
2023-05-23 00:00:00-04:00,16.624805745863448,17.038456221502308,16.57556240197129,16.742992401123047,1424100,0.0,0.0
2023-05-24 00:00:00-04:00,16.585409946455485,16.762688974055056,16.437678049626836,16.713443756103516,1359700,0.0,0.0
2023-05-25 00:00:00-04:00,16.674049068552108,16.683898111911045,16.26039864004149,16.555862426757812,1243000,0.0,0.0
2023-05-26 00:00:00-04:00,16.703593199768903,17.028605973275653,16.289944677515553,16.309640884399414,1603500,0.0,0.0
2023-05-30 00:00:00-04:00,16.378584998983303,16.555864039689435,15.413401197931174,15.83690071105957,3396500,0.0,0.0
2023-05-31 00:00:00-04:00,15.827050068809509,15.925538623537433,15.324761069615208,15.76795768737793,3191400,0.0,0.0
2023-06-01 00:00:00-04:00,15.817202106814316,16.221003518142684,15.748260677345531,16.014179229736328,2103400,0.0,0.0
2023-06-02 00:00:00-04:00,16.270248179374562,16.674049576835525,16.22100296107871,16.565711975097656,1500300,0.0,0.0
2023-06-05 00:00:00-04:00,16.31949187886931,17.17633991097361,16.31949187886931,17.097549438476562,2210300,0.0,0.0
2023-06-06 00:00:00-04:00,17.058150774599245,17.530893540619772,16.959662228716773,17.422557830810547,2686100,0.0,0.0
2023-06-07 00:00:00-04:00,17.688475480528524,18.092278729735206,17.422558833410005,18.003639221191406,2923500,0.0,0.0
2023-06-08 00:00:00-04:00,18.013488462573825,18.299103198850315,17.747569934013963,18.082429885864258,1887300,0.0,0.0
2023-06-09 00:00:00-04:00,18.11197492246148,18.436985827352682,18.072580628981303,18.377893447875977,2484000,0.0,0.0
2023-06-12 00:00:00-04:00,18.377892929907386,18.535473856412544,18.0528820341764,18.18091583251953,1892300,0.0,0.0
2023-06-13 00:00:00-04:00,18.230163272101514,18.56502325144097,18.082431370278353,18.111976623535156,2221200,0.0,0.0
2023-06-14 00:00:00-04:00,17.570289462862814,17.698323255747454,16.506617315044334,16.969511032104492,4075700,0.0,0.0
2023-06-15 00:00:00-04:00,16.949814148919764,17.018757449911973,16.55586182152865,16.88087272644043,2447400,0.0,0.0
2023-06-16 00:00:00-04:00,16.99905865070101,16.99905865070101,16.63465158908276,16.792232513427734,2905400,0.0,0.0
2023-06-20 00:00:00-04:00,16.437677692316033,16.437677692316033,15.767957770836883,16.181608200073242,3637500,0.0,0.0
2023-06-21 00:00:00-04:00,16.191458647542646,16.349039598201344,15.964934387271796,16.17176055908203,2008000,0.0,0.0
2023-06-22 00:00:00-04:00,16.12251683519474,16.358888255593317,15.964934009749294,16.014179229736328,2308400,0.0,0.0
2023-06-23 00:00:00-04:00,15.767957688252391,16.09296860391351,15.738410558278495,15.955085754394531,2294900,0.0,0.0
2023-06-26 00:00:00-04:00,15.856596489240133,15.905839825144115,15.6596193885985,15.679317474365234,1833600,0.0,0.0
2023-06-27 00:00:00-04:00,15.669469230368815,15.79750491586746,15.521737336612103,15.620224952697754,1733400,0.0,0.0
2023-06-28 00:00:00-04:00,15.63007428821105,15.77780712398538,15.413400025962599,15.738410949707031,1599100,0.0,0.0
2023-06-29 00:00:00-04:00,15.74826121549856,16.585411198754787,15.74826121549856,16.437679290771484,1971400,0.0,0.0
2023-06-30 00:00:00-04:00,16.575562173089455,16.575562173089455,16.171760747507506,16.250551223754883,1375400,0.0,0.0
2023-07-03 00:00:00-04:00,16.22100188121712,16.417978984261396,16.22100188121712,16.319490432739258,594100,0.0,0.0
2023-07-05 00:00:00-04:00,16.171759070182375,16.171759070182375,15.383853450173135,15.580829620361328,2980800,0.0,0.0
2023-07-06 00:00:00-04:00,15.442945624604937,15.600526549059046,15.22627138385234,15.314910888671875,2805100,0.0,0.0
2023-07-07 00:00:00-04:00,15.433096784976348,15.748258638029323,15.305062047359474,15.393701553344727,2403900,0.0,0.0
2023-07-10 00:00:00-04:00,15.265666782192106,16.132361876183825,15.226271550647029,15.935386657714844,2481600,0.0,0.0
2023-07-11 00:00:00-04:00,16.004329391339787,16.191457460976007,15.54143467825999,15.699015617370605,3240100,0.0,0.0
2023-07-12 00:00:00-04:00,17.20588614053325,17.20588614053325,15.886144242426822,15.915691375732422,3126600,0.0,0.0
2023-07-13 00:00:00-04:00,15.886142534325588,16.516468160812817,15.72856253658849,16.181608200073242,1840400,0.0,0.0
2023-07-14 00:00:00-04:00,15.856597530995153,16.004329426925718,15.078540937964101,15.324761390686035,3249500,0.0,0.0
2023-07-17 00:00:00-04:00,15.364156751136075,15.42324913428872,14.664890622119804,14.802773475646973,4042900,0.0,0.0
2023-07-18 00:00:00-04:00,14.88156342769232,15.699015233798292,14.802772960062091,15.167179107666016,2615000,0.0,0.0
2023-07-19 00:00:00-04:00,14.477762776305168,15.758109348741737,14.152751846127892,15.669469833374023,7077200,0.0,0.0
2023-07-20 00:00:00-04:00,15.551284350988556,15.718714340382085,15.255819608573118,15.374005317687988,2453000,0.0,0.0
2023-07-21 00:00:00-04:00,15.452794987355393,16.230851569702043,14.615646023150578,15.245969772338867,4872900,0.0,0.0
2023-07-24 00:00:00-04:00,15.649771389376971,15.89599088830878,15.09823719456248,15.157330513000488,3926500,0.0,0.0
2023-07-25 00:00:00-04:00,15.236121428987007,15.275516662692754,14.940656706565672,15.147481918334961,2973200,0.0,0.0
2023-07-26 00:00:00-04:00,15.245968980061354,15.718712706642275,15.206573747784313,15.679317474365234,2394200,0.0,0.0
2023-07-27 00:00:00-04:00,15.856597395497053,16.1816083151722,15.718713605018682,15.846748352050781,2255200,0.0,0.0
2023-07-28 00:00:00-04:00,16.08311765532168,16.388430448165018,15.846746279070764,16.32933807373047,2909800,0.0,0.0
2023-07-31 00:00:00-04:00,16.49677167826218,16.861178804566585,16.102819297468994,16.437679290771484,3364700,0.0,0.0
2023-08-01 00:00:00-04:00,16.230850446179353,16.752838438913745,16.07326951979026,16.683897018432617,1942500,0.0,0.0
2023-08-02 00:00:00-04:00,16.526317066901093,17.09754842838567,16.32933995803899,17.077850341796875,2885500,0.0,0.0
2023-08-03 00:00:00-04:00,16.969511739229283,17.46195260371194,16.792232727453477,17.058151245117188,3932800,0.0,0.0
2023-08-04 00:00:00-04:00,17.727872172611455,18.171069728331915,17.127093681193262,17.264978408813477,7533200,0.0,0.0
2023-08-07 00:00:00-04:00,17.540744469416353,17.91500060831523,17.373314486964325,17.79681396484375,3638600,0.0,0.0
2023-08-08 00:00:00-04:00,17.98394133322954,18.180916559986077,17.71802280466968,18.082429885864258,3660600,0.0,0.0
2023-08-09 00:00:00-04:00,18.180916893114208,18.180916893114208,17.196035105746905,17.264978408813477,3195700,0.0,0.0
2023-08-10 00:00:00-04:00,17.30437060440162,17.580138147677566,17.067999229527683,17.560440063476562,2946200,0.0,0.0
2023-08-11 00:00:00-04:00,17.530894036914578,17.718022091537534,17.24527931213379,17.24527931213379,1721300,0.0,0.0
2023-08-14 00:00:00-04:00,17.1073981773889,17.16649056108002,16.752840118216177,16.97936248779297,2405100,0.0,0.0
2023-08-15 00:00:00-04:00,16.811932562690853,17.58999011124118,16.723293047577197,17.580141067504883,2734700,0.0,0.0
2023-08-16 00:00:00-04:00,17.629384802978066,17.718024320079294,17.255130525171932,17.550594329833984,1652000,0.0,0.0
2023-08-17 00:00:00-04:00,17.649081166001828,17.79681305389463,17.412709769670766,17.4422550201416,1977200,0.0,0.0
2023-08-18 00:00:00-04:00,17.255129914793166,17.836210338118185,17.196035653140697,17.6884765625,1764600,0.0,0.0
2023-08-21 00:00:00-04:00,17.70817580158429,17.72787389008308,17.107399130475944,17.373315811157227,1574500,0.0,0.0
2023-08-22 00:00:00-04:00,17.560441466669452,17.589988595331963,16.900570621309495,16.98921012878418,1927400,0.0,0.0
2023-08-23 00:00:00-04:00,16.999060300255415,17.08769981361496,16.644502246817233,16.674049377441406,2118700,0.0,0.0
2023-08-24 00:00:00-04:00,16.368734995523223,16.48691974983026,15.80735083776999,15.876294136047363,5307600,0.0,0.0
2023-08-25 00:00:00-04:00,15.767956870255405,15.895990669807722,15.26566695783416,15.452794075012207,3298100,0.0,0.0
2023-08-28 00:00:00-04:00,15.31491208074789,15.836899168446443,15.31491208074789,15.6005277633667,1775100,0.0,0.0
2023-08-29 00:00:00-04:00,15.6497707792643,15.71871219870724,15.216422298963657,15.482340812683105,3256600,0.0,0.0
2023-08-30 00:00:00-04:00,15.374004053163945,15.955085385549905,15.374004053163945,15.817200660705566,2330200,0.0,0.0
2023-08-31 00:00:00-04:00,15.955084052041302,16.339187308154766,15.846746465542537,16.03387451171875,2912500,0.0,0.0
2023-09-01 00:00:00-04:00,16.24070017357606,16.841478654832905,16.063421154286306,16.772537231445312,1813100,0.0,0.0
2023-09-05 00:00:00-04:00,16.634653319119348,16.979362331416688,16.48692142199563,16.526317596435547,3293700,0.0,0.0
2023-09-06 00:00:00-04:00,16.48692193556762,16.4967709794844,16.112667659295205,16.34903907775879,1533300,0.0,0.0
2023-09-07 00:00:00-04:00,16.260397143518237,16.260397143518237,15.91568817173247,16.15205955505371,1198800,0.0,0.0
2023-09-08 00:00:00-04:00,16.112667485863582,16.309642726539867,15.767958466538802,15.895992279052734,1685300,0.0,0.0
2023-09-11 00:00:00-04:00,16.11266740260839,16.35888786106628,15.856597900390625,15.856597900390625,1763700,0.0,0.0
2023-09-12 00:00:00-04:00,15.73840817754616,16.132360458374023,15.689164846884923,16.132360458374023,1226500,0.0,0.0
2023-09-13 00:00:00-04:00,16.230851342871738,16.427828450996746,15.88614234290943,16.289945602416992,1720600,0.0,0.0
2023-09-14 00:00:00-04:00,16.427829356870202,16.664200772546597,16.142212722190582,16.270248413085938,1449200,0.0,0.0
2023-09-15 00:00:00-04:00,16.152060959714387,16.69374707063186,16.152060959714387,16.516468048095703,4545800,0.0,0.0
2023-09-18 00:00:00-04:00,16.486921696413933,16.900572142353194,16.161910765926873,16.644502639770508,2027400,0.0,0.0
2023-09-19 00:00:00-04:00,16.60510723626531,17.215732881438512,16.496769640487237,17.146791458129883,2480600,0.0,0.0
2023-09-20 00:00:00-04:00,17.196033369484184,17.43240662767739,16.939965783714896,16.969511032104492,1549000,0.0,0.0
2023-09-21 00:00:00-04:00,16.93011717693278,18.062730771479877,16.92026813437864,17.5013484954834,4774700,0.0,0.0
2023-09-22 00:00:00-04:00,17.649083414601016,18.141524355992214,17.324072468423353,17.373315811157227,2982700,0.0,0.0
2023-09-25 00:00:00-04:00,17.4324088574365,18.279405940001737,17.31422221322278,17.836210250854492,2964400,0.0,0.0
2023-09-26 00:00:00-04:00,17.80666191123227,18.24001040591078,17.72787144661007,17.737720489501953,2965100,0.0,0.0
2023-09-27 00:00:00-04:00,17.737720688667917,17.94454495618117,17.501349292147257,17.816511154174805,2036300,0.0,0.0
2023-09-28 00:00:00-04:00,17.90514996555971,18.190764687459634,17.747569040681235,17.91499900817871,1873000,0.0,0.0
2023-09-29 00:00:00-04:00,17.954393701964122,18.318800772971578,17.885452280600973,18.072580337524414,2502700,0.0,0.0
2023-10-02 00:00:00-04:00,18.092277817102236,18.466532039898556,18.092277817102236,18.21046257019043,3755200,0.0,0.0
2023-10-03 00:00:00-04:00,18.043034301695528,18.52562615897628,17.905151450619016,17.94454574584961,4803300,0.0,0.0
2023-10-04 00:00:00-04:00,17.786964805494588,18.34834713167352,17.64908195443673,18.318801879882812,3260900,0.0,0.0
2023-10-05 00:00:00-04:00,18.220311628904295,18.50592822639488,18.131672124752928,18.39759063720703,2718400,0.0,0.0
2023-10-06 00:00:00-04:00,18.42713735256783,19.549903868323785,18.3877430578729,19.362775802612305,5255300,0.0,0.0
2023-10-09 00:00:00-04:00,19.116556294237014,19.362776753336938,18.663511551179408,18.781696319580078,2863900,0.0,0.0
2023-10-10 00:00:00-04:00,18.830942057184497,19.12640586483741,18.60441780090332,18.60441780090332,2038600,0.0,0.0
2023-10-11 00:00:00-04:00,18.604416741626075,18.909731454465238,18.043034411941054,18.171070098876953,3457900,0.0,0.0
2023-10-12 00:00:00-04:00,18.220313646294287,18.30895316026,17.255129914793166,17.6884765625,2988300,0.0,0.0
2023-10-13 00:00:00-04:00,17.4324104866922,17.570293352400768,16.69374905723089,16.742992401123047,3316600,0.0,0.0
2023-10-16 00:00:00-04:00,16.831630240342488,16.84147928383898,16.04372554575299,16.073270797729492,4626300,0.0,0.0
2023-10-17 00:00:00-04:00,16.07327218257,16.73314312558421,16.043726928047942,16.250551223754883,2790100,0.0,0.0
2023-10-18 00:00:00-04:00,16.14221100616291,16.536165202256562,15.945235786628908,15.974781036376953,2922900,0.0,0.0
2023-10-19 00:00:00-04:00,16.02402763003009,16.51646853904014,15.925539072525485,15.945237159729004,2427700,0.0,0.0
2023-10-20 00:00:00-04:00,15.856596538286665,15.994479382054585,15.472492317955108,15.511887550354004,2741600,0.0,0.0
2023-10-23 00:00:00-04:00,15.462643676193927,15.866445992829128,15.177027999078,15.29521369934082,4855400,0.0,0.0
2023-10-24 00:00:00-04:00,15.245969024256924,15.442946125469561,15.058841905212635,15.137632369995117,2795000,0.0,0.0
2023-10-25 00:00:00-04:00,15.117934575498374,15.403550232907975,14.881562252025018,15.255817413330078,2457000,0.0,0.0
2023-10-26 00:00:00-04:00,15.305063400721451,15.50203957629733,15.05884294643748,15.364156723022461,2378000,0.0,0.0
2023-10-27 00:00:00-04:00,15.354307935227055,15.777807424212922,14.950506533755187,15.275517463684082,3402400,0.0,0.0
2023-10-30 00:00:00-04:00,15.43309945010181,16.20130800846417,15.403553256089896,16.102819442749023,3208000,0.0,0.0
2023-10-31 00:00:00-04:00,16.1323621748693,16.388431654281554,15.964932202888702,16.240699768066406,2329900,0.0,0.0
2023-11-01 00:00:00-04:00,16.250547614980164,16.57555849213926,16.142210029756228,16.32933807373047,2796600,0.0,0.0
2023-11-02 00:00:00-04:00,16.516468243875526,16.83163011944764,16.33918921923797,16.595258712768555,2998100,0.0,0.0
2023-11-03 00:00:00-04:00,16.536166763279333,17.186188618278305,15.758109218909436,16.191457748413086,4405600,0.0,0.0
2023-11-06 00:00:00-05:00,15.866445261373405,15.98463001693136,14.911109720886774,15.01944637298584,6011400,0.0,0.0
2023-11-07 00:00:00-05:00,14.94065680359728,15.364156273126811,14.81262205840797,15.186877250671387,2914200,0.0,0.0
2023-11-08 00:00:00-05:00,15.177028436313611,15.21642367086949,14.684587534736888,14.704285621643066,2700400,0.0,0.0
2023-11-09 00:00:00-05:00,14.812621015475477,15.137631907589293,14.418668703597033,14.586098670959473,3686900,0.0,0.0
2023-11-10 00:00:00-05:00,14.527005545507617,14.674737429589875,13.867134709994893,14.290634155273438,3214100,0.0,0.0
2023-11-13 00:00:00-05:00,14.172449252372454,14.389122569237253,13.945925952960119,14.231541633605957,3294400,0.0,0.0
2023-11-14 00:00:00-05:00,14.743681111643706,14.940657287835853,14.261088305902327,14.615646362304688,3195300,0.0,0.0
2023-11-15 00:00:00-05:00,14.477761667545863,14.852016848627446,14.231541227828226,14.261087417602539,3459300,0.0,0.0
2023-11-16 00:00:00-05:00,14.231541192390079,14.379274019406653,14.024715985972023,14.0542631149292,2619100,0.0,0.0
2023-11-17 00:00:00-05:00,14.10350628846669,14.211843881545631,13.837588705718176,14.182296752929688,3062500,0.0,0.0
2023-11-20 00:00:00-05:00,14.241391405308967,14.28078664123176,13.857287150619355,13.945926666259766,3121200,0.0,0.0
2023-11-21 00:00:00-05:00,13.817891584222215,13.906531097742688,13.630764452878488,13.808043479919434,3344400,0.0,0.0
2023-11-22 00:00:00-05:00,13.798193732850757,14.064111320597714,13.699705180792511,13.719403266906738,1923700,0.0,0.0
2023-11-24 00:00:00-05:00,13.68000827535829,14.014867291901714,13.591368764792856,14.005019187927246,1212000,0.0,0.0
2023-11-27 00:00:00-05:00,13.886833036812355,14.201994895935059,13.729251167994574,14.201994895935059,2105700,0.0,0.0
2023-11-28 00:00:00-05:00,14.172449754976325,14.26108832997001,13.90653121222578,14.2413911819458,2367100,0.0,0.0
2023-11-29 00:00:00-05:00,14.290635149635223,14.86186651874308,14.290635149635223,14.49746036529541,3566200,0.0,0.0
2023-11-30 00:00:00-05:00,14.49745965855101,14.635342502765093,13.847437852237674,14.034564971923828,5317100,0.0,0.0
2023-12-01 00:00:00-05:00,13.975471599714377,14.487610559842405,13.886833031313536,14.389122009277344,2594000,0.0,0.0
2023-12-04 00:00:00-05:00,14.408820547185192,14.704285268894468,14.182297249480712,14.566401481628418,2392800,0.0,0.0
2023-12-05 00:00:00-05:00,14.142902134127745,14.18229736806796,13.670159326845164,13.85728645324707,3229800,0.0,0.0
2023-12-06 00:00:00-05:00,13.965624346005633,14.398971928501126,13.926229111233315,13.975472450256348,2271300,0.0,0.0
2023-12-07 00:00:00-05:00,14.024716953262683,14.467913586366993,13.945926482455537,14.448216438293457,2301400,0.0,0.0
2023-12-08 00:00:00-05:00,14.458065578693642,14.861866979096112,14.3595770198975,14.487611770629883,3779400,0.0,0.0
2023-12-11 00:00:00-05:00,14.527006280626741,15.02929621473437,14.438366769989342,14.96035385131836,2279300,0.0,0.0
2023-12-12 00:00:00-05:00,14.950504852674191,15.117934820690794,14.714132525367194,14.792923927307129,2124600,0.0,0.0
2023-12-13 00:00:00-05:00,14.832320048688983,15.177028108800156,14.645191984144338,15.147481918334961,2190200,0.0,0.0
2023-12-14 00:00:00-05:00,15.413399925447246,15.679318464553008,14.81262236046767,15.117936134338379,3006000,0.0,0.0
2023-12-15 00:00:00-05:00,15.177028362086197,15.216423596449404,14.723982697281096,15.058842658996582,8235500,0.0,0.0
2023-12-18 00:00:00-05:00,14.901261737495513,15.15733123075871,14.635343200816854,14.684587478637695,2667500,0.0,0.0
2023-12-19 00:00:00-05:00,14.63534325672792,14.842168472960402,14.408820892845736,14.704285621643066,2158300,0.0,0.0
2023-12-20 00:00:00-05:00,13.709554271526603,14.398971320562545,13.463333829781163,13.926228523254395,5776000,0.0,0.0
2023-12-21 00:00:00-05:00,14.044415502796122,14.359577396396714,13.660311240528001,14.251240730285645,2777200,0.0,0.0
2023-12-22 00:00:00-05:00,14.231541703155578,14.339879301373887,13.808043171390949,13.876984596252441,2386300,0.0,0.0
2023-12-26 00:00:00-05:00,13.847437951375243,13.995169839592679,13.601217511508557,13.699705123901367,2442200,0.0,0.0
2023-12-27 00:00:00-05:00,13.719404357720377,13.975472922769928,13.591369605567342,13.778496742248535,2185400,0.0,0.0
2023-12-28 00:00:00-05:00,13.729251708127254,13.995170241666056,13.670159326845164,13.85728645324707,2107300,0.0,0.0
2023-12-29 00:00:00-05:00,13.936076977774729,13.975472211875077,13.689856529833435,13.876984596252441,2571500,0.0,0.0
2024-01-02 00:00:00-05:00,13.532275744971093,13.906530942743677,13.010288652481968,13.748950004577637,3177600,0.0,0.0
2024-01-03 00:00:00-05:00,13.689855676253943,13.955774194293298,13.601217109497235,13.72925090789795,2517800,0.0,0.0
2024-01-04 00:00:00-05:00,13.788344885076032,13.788344885076032,13.492880163973112,13.611065864562988,2827200,0.0,0.0
2024-01-05 00:00:00-05:00,13.542124342108314,13.729251465199155,13.44363578937222,13.571670532226562,1856100,0.0,0.0
2024-01-08 00:00:00-05:00,13.620914358834414,13.660309590776738,13.325449649638772,13.58151912689209,1960600,0.0,0.0
2024-01-09 00:00:00-05:00,13.512578811267707,13.63076451676342,13.315602635441515,13.453485488891602,2730500,0.0,0.0
2024-01-10 00:00:00-05:00,13.414088814110716,13.68985543067179,13.295903121298826,13.630763053894043,3101000,0.0,0.0
2024-01-11 00:00:00-05:00,13.286055229131044,13.532275678622383,13.08907905738927,13.148172378540039,3859500,0.0,0.0
2024-01-12 00:00:00-05:00,13.148172266809087,13.354997480194504,12.990590391498296,13.295904159545898,2749600,0.0,0.0
2024-01-16 00:00:00-05:00,13.158020118609365,13.246659628254674,12.990590142447436,13.197415351867676,3692800,0.0,0.0
2024-01-17 00:00:00-05:00,13.069382483927978,13.542125316873902,13.069382483927978,13.384544372558594,2892100,0.0,0.0
2024-01-18 00:00:00-05:00,13.433788533865185,13.660310904504358,13.335299974909407,13.532276153564453,2925700,0.0,0.0
2024-01-19 00:00:00-05:00,13.601217414133746,14.0838092473959,13.453484587717531,14.034564971923828,2312900,0.0,0.0
2024-01-22 00:00:00-05:00,14.064111613114862,14.369425379440443,14.064111613114862,14.211844444274902,3071300,0.0,0.0
2024-01-23 00:00:00-05:00,14.369424918026198,14.645191545710794,13.936076420979685,14.034564971923828,3567500,0.0,0.0
2024-01-24 00:00:00-05:00,14.231541295542867,14.48761077948915,13.542124248904472,13.719403266906738,2897100,0.0,0.0
2024-01-25 00:00:00-05:00,13.87698453984541,13.9360769211275,13.64061313620412,13.85728645324707,2147700,0.0,0.0
2024-01-26 00:00:00-05:00,13.91637883015125,14.10350594386454,13.82773932498207,14.044413566589355,1763400,0.0,0.0
2024-01-29 00:00:00-05:00,13.995170188794056,14.527006314605982,13.965623998264633,14.211844444274902,3178800,0.0,0.0
2024-01-30 00:00:00-05:00,14.08380940671194,14.290634614629102,13.709554223849624,13.719403266906738,3813500,0.0,0.0
2024-01-31 00:00:00-05:00,13.650462560074939,14.113357308070919,13.522427802575772,13.620916366577148,2051500,0.0,0.0
2024-02-01 00:00:00-05:00,13.650460705891081,13.817890678396962,13.522425965783265,13.640612602233887,1743600,0.0,0.0
2024-02-02 00:00:00-05:00,13.522427041841656,13.945926528263493,13.423939422637474,13.886834144592285,1862800,0.0,0.0
2024-02-05 00:00:00-05:00,13.768646139541955,13.945925151568193,13.59136806677213,13.72925090789795,3427000,0.0,0.0
2024-02-06 00:00:00-05:00,13.611066157713598,14.398971784538881,13.246660004898905,13.916379928588867,2538400,0.0,0.0
2024-02-07 00:00:00-05:00,13.867135922585454,14.251240169745715,13.78834545228435,14.22169303894043,2262200,0.0,0.0
2024-02-08 00:00:00-05:00,14.369426002456011,14.822471680327881,14.280786487768134,14.655041694641113,5254600,0.0,0.0
2024-02-09 00:00:00-05:00,14.615646841338693,15.08838967969419,14.536856368279443,14.812623023986816,4113900,0.0,0.0
2024-02-12 00:00:00-05:00,14.75352928773388,15.285366374922896,14.694436904217213,15.029296875,3990100,0.0,0.0
2024-02-13 00:00:00-05:00,14.861865007036359,15.433096318040189,14.458063660215347,15.216422080993652,3376500,0.0,0.0
2024-02-14 00:00:00-05:00,15.413399543398272,15.66946903265153,15.137632906879013,15.541434288024902,3155500,0.0,0.0
2024-02-15 00:00:00-05:00,15.551280140316813,16.5361626614532,15.551280140316813,16.299789428710938,10067400,0.0,0.0
2024-02-16 00:00:00-05:00,16.201306091612032,16.742990321186422,15.462643814656168,16.289945602416992,5024900,0.0,0.0
2024-02-20 00:00:00-05:00,16.112666774952675,16.250549625193813,15.964933002822374,16.181608200073242,3282800,0.0,0.0
2024-02-21 00:00:00-05:00,16.132364082263088,16.161911214404732,15.708865520054735,16.053573608398438,2558900,0.0,0.0
2024-02-22 00:00:00-05:00,16.10281784611498,16.427828765790125,15.777806926439835,15.846748352050781,3830500,0.0,0.0
2024-02-23 00:00:00-05:00,15.777805545817085,16.08311835188356,15.511887031575576,16.043724060058594,2951100,0.0,0.0
2024-02-26 00:00:00-05:00,15.915689664666921,16.417979605782996,15.797504901176636,15.807352066040039,3261700,0.0,0.0
2024-02-27 00:00:00-05:00,15.846748211530869,16.59525860019356,15.807352038095123,16.555862426757812,3645100,0.0,0.0
2024-02-28 00:00:00-05:00,16.50661908891032,17.156640922513684,16.486921002191927,16.930118560791016,4009900,0.0,0.0
2024-02-29 00:00:00-05:00,17.04830290546917,17.264978097025317,16.782386255352012,17.146791458129883,4277300,0.0,0.0
2024-03-01 00:00:00-05:00,16.98920953852253,17.36346376268059,16.57555914418321,17.314220428466797,4635000,0.0,0.0
2024-03-04 00:00:00-05:00,17.304372614285686,17.521047808637913,16.70359412596422,16.851327896118164,2343500,0.0,0.0
2024-03-05 00:00:00-05:00,16.871021984215187,17.10739523535554,16.506616822523128,16.95966148376465,2504100,0.0,0.0
2024-03-06 00:00:00-05:00,17.0483024982821,17.16648913435473,16.693746347089927,16.802082061767578,1704500,0.0,0.0
2024-03-07 00:00:00-05:00,16.782386829537867,17.5308953469375,16.782386829537867,17.383163452148438,4003500,0.0,0.0
2024-03-08 00:00:00-05:00,17.442255027786874,17.58013975125842,16.752838924480645,16.88087272644043,1775000,0.0,0.0
2024-03-11 00:00:00-04:00,16.831630656886237,17.432409175449205,16.752840185477407,17.39301300048828,3960600,0.0,0.0
2024-03-12 00:00:00-04:00,17.461955068690564,18.240012646092108,17.304374120092568,17.855907440185547,3762400,0.0,0.0
2024-03-13 00:00:00-04:00,17.90515163557971,18.614265863672173,17.90515163557971,18.584720611572266,3338300,0.0,0.0
2024-03-14 00:00:00-04:00,18.663510066399873,18.929426713402837,18.308952032378755,18.565021514892578,3781200,0.0,0.0
2024-03-15 00:00:00-04:00,18.515773520854108,18.515773520854108,17.983938428158318,18.062728881835938,3065800,0.0,0.0
2024-03-18 00:00:00-04:00,18.033184977583506,18.269556380826952,17.826360704187838,18.01348876953125,2523900,0.0,0.0
2024-03-19 00:00:00-04:00,17.983941950051836,18.08243050606456,17.68847628201366,17.75741958618164,4040200,0.0,0.0
2024-03-20 00:00:00-04:00,17.69832541081476,17.75741967181515,17.501350176352375,17.60968589782715,3476300,0.0,0.0
2024-03-21 00:00:00-04:00,17.609688123543876,17.806665261415485,17.47180525414167,17.540746688842773,1525700,0.0,0.0
2024-03-22 00:00:00-04:00,17.491501824696837,17.777116583443807,17.40286230820325,17.698326110839844,1295400,0.0,0.0
2024-03-25 00:00:00-04:00,17.79681214004174,18.03318352423531,17.461952209472656,17.461952209472656,1066100,0.0,0.0
2024-03-26 00:00:00-04:00,17.560441369256967,17.73772038322292,17.314220933973772,17.32406997680664,1545400,0.0,0.0
2024-03-27 00:00:00-04:00,17.471803043438396,17.79681396484375,17.36346544346562,17.79681396484375,1626400,0.0,0.0
2024-03-28 00:00:00-04:00,17.668780857684013,17.777116583443807,17.4225603959825,17.698326110839844,1641300,0.0,0.0
2024-04-01 00:00:00-04:00,17.727871138445416,18.190764875240205,17.530894041057557,18.18091583251953,2564300,0.0,0.0
2024-04-02 00:00:00-04:00,18.092278623020906,18.368044311519164,17.816511056009784,18.151371002197266,1890900,0.0,0.0
2024-04-03 00:00:00-04:00,18.121825954397607,18.574872589476914,17.983943094314508,18.41729164123535,2626300,0.0,0.0
2024-04-04 00:00:00-04:00,18.436987034655694,18.82109222268871,18.436987034655694,18.476383209228516,2918000,0.0,0.0
2024-04-05 00:00:00-04:00,19.10670424884114,20.09158593051865,18.929425245577153,19.471111297607422,10753400,0.0,0.0
2024-04-08 00:00:00-04:00,19.520359460388836,19.68778946284327,18.88018658459712,18.89003562927246,5351200,0.0,0.0
2024-04-09 00:00:00-04:00,18.83094204411995,19.057464421730895,18.693057305932925,18.791545867919922,3095200,0.0,0.0
2024-04-10 00:00:00-04:00,18.555172972791713,18.5748710593275,17.983941612844323,18.20061492919922,3182400,0.0,0.0
2024-04-11 00:00:00-04:00,18.18092010511348,18.2695596319174,17.53089816089357,17.96424674987793,3164900,0.0,0.0
2024-04-12 00:00:00-04:00,17.81651331130758,17.924850918938844,17.471804278537007,17.52104949951172,2736500,0.0,0.0
2024-04-15 00:00:00-04:00,17.540742073439144,18.02333386787821,17.412708282470703,17.412708282470703,2908700,0.0,0.0
2024-04-16 00:00:00-04:00,17.47180411279207,17.964245046789074,17.373315550290055,17.855907440185547,2426500,0.0,0.0
2024-04-17 00:00:00-04:00,18.043035521088072,18.308954076289595,17.718024579790573,17.855907440185547,1740400,0.0,0.0
2024-04-18 00:00:00-04:00,18.052884084277185,18.24986120403393,17.79681457999863,17.846059799194336,1857600,0.0,0.0
2024-04-19 00:00:00-04:00,17.718023382363064,18.052883345131416,17.580140531286553,17.94454574584961,2461900,0.0,0.0
2024-04-22 00:00:00-04:00,18.01348816281907,18.12182387825288,17.58013966554523,17.589988708496094,3655900,0.0,0.0
2024-04-23 00:00:00-04:00,17.67862669016988,17.97409043913413,17.48164960518525,17.560440063476562,2310600,0.0,0.0
2024-04-24 00:00:00-04:00,17.50134927810902,17.649081166001828,17.19603458081597,17.4422550201416,2041100,0.0,0.0
2024-04-25 00:00:00-04:00,17.225583525844453,17.284675911528943,16.930119718908923,17.215734481811523,1780500,0.0,0.0
2024-04-26 00:00:00-04:00,17.373314408694107,17.49150105163313,17.14679204478335,17.383163452148438,1745200,0.0,0.0
2024-04-29 00:00:00-04:00,17.333920340139354,17.511199367610445,17.05815275534955,17.27482795715332,1981700,0.0,0.0
2024-04-30 00:00:00-04:00,17.127093165873983,17.166489337869532,16.77253701047842,16.88087272644043,2584800,0.0,0.0
2024-05-01 00:00:00-04:00,16.861175840826125,17.393010991786355,16.723291122900083,17.166488647460938,5392700,0.0,0.0
2024-05-02 00:00:00-04:00,18.02333511132475,18.486230731905376,16.90057052755749,17.32406997680664,3622500,0.0,0.0
2024-05-03 00:00:00-04:00,17.59983833916492,18.24001112424591,17.294523633031137,17.452104568481445,3420700,0.0,0.0
2024-05-06 00:00:00-04:00,17.41271093895872,17.589989967739772,16.74299099845831,16.752840042114258,3134000,0.0,0.0
2024-05-07 00:00:00-04:00,16.49677001797056,17.146791850487173,16.427828593084396,17.117244720458984,2397700,0.0,0.0
2024-05-08 00:00:00-04:00,16.999059484226123,17.146791373229263,16.84147855215439,17.107397079467773,1889800,0.0,0.0
2024-05-09 00:00:00-04:00,16.95966148376465,17.20588189839922,16.821778652693347,16.95966148376465,1471500,0.0,0.0
2024-05-10 00:00:00-04:00,16.959665217988682,17.03845569287953,16.85132948908445,16.920270919799805,1452300,0.0,0.0
2024-05-13 00:00:00-04:00,16.930118721295486,18.09227954951713,16.920269677842917,17.75741958618164,4374800,0.0,0.0
2024-05-14 00:00:00-04:00,18.230163748568586,19.018068497893633,17.885454716296465,18.496082305908203,6292600,0.0,0.0
2024-05-15 00:00:00-04:00,18.46653455926396,18.574872163135815,18.111976494601922,18.446836471557617,4228800,0.0,0.0
2024-05-16 00:00:00-04:00,18.45668718647331,18.604419100620415,17.530897644097873,17.540746688842773,3383900,0.0,0.0
2024-05-17 00:00:00-04:00,17.550591115592518,17.639230616460175,17.11724265340761,17.412708282470703,2629100,0.0,0.0
2024-05-20 00:00:00-04:00,17.412708282470703,17.570289199899268,17.235429280735392,17.412708282470703,1485500,0.0,0.0
2024-05-21 00:00:00-04:00,17.274828746009085,17.619535894596176,17.087700666409614,17.215734481811523,2616200,0.0,0.0
2024-05-22 00:00:00-04:00,17.186189898956822,17.49150276184082,16.969514678802316,17.49150276184082,2833000,0.0,0.0
2024-05-23 00:00:00-04:00,17.25512895133825,17.767267919319327,17.25512895133825,17.481651306152344,1398800,0.0,0.0
2024-05-24 00:00:00-04:00,17.60968589782715,17.767268715315215,17.47180304585218,17.60968589782715,1377500,0.0,0.0
2024-05-28 00:00:00-04:00,17.599839214185483,17.599839214185483,16.75284023514469,16.83163070678711,3199300,0.0,0.0
2024-05-29 00:00:00-04:00,16.742989903318247,17.028606515119854,16.69374656677246,16.69374656677246,1846500,0.0,0.0
2024-05-30 00:00:00-04:00,16.782388073705675,16.97936332185626,16.68389951037383,16.733142852783203,3797200,0.0,0.0
2024-05-31 00:00:00-04:00,16.80208495371503,17.028609221967148,16.634654952926862,17.0089111328125,2092000,0.0,0.0
2024-06-03 00:00:00-04:00,17.04830454494238,17.08770072120041,16.644503130862958,16.841480255126953,2168900,0.0,0.0
2024-06-04 00:00:00-04:00,16.664199626197604,16.920269111859984,16.39828109741211,16.39828109741211,2560700,0.0,0.0
2024-06-05 00:00:00-04:00,16.358887308200664,16.427828733676844,16.073270684355975,16.22100257873535,3420300,0.0,0.0
2024-06-06 00:00:00-04:00,16.17175697269769,16.841476803731027,16.152058888605488,16.624801635742188,2617100,0.0,0.0
2024-06-07 00:00:00-04:00,16.496769541639125,16.733140939500768,16.417979075685246,16.54601287841797,2642200,0.0,0.0
2024-06-10 00:00:00-04:00,16.378583403322843,16.683898111911045,16.349038151758975,16.555862426757812,1836700,0.0,0.0
2024-06-11 00:00:00-04:00,16.506618978896345,17.284674613957755,16.36873612981246,16.890722274780273,2634300,0.0,0.0
2024-06-12 00:00:00-04:00,17.058152150060607,17.84605870213938,17.058152150060607,17.599838256835938,3979500,0.0,0.0
2024-06-13 00:00:00-04:00,17.59983623187857,18.013486607536137,17.501347689386254,17.560440063476562,2599300,0.0,0.0
2024-06-14 00:00:00-04:00,17.432408446604825,18.072581234850247,17.166489912275626,18.05288314819336,2932200,0.0,0.0
2024-06-17 00:00:00-04:00,18.180916632561964,18.90973079786045,18.180916632561964,18.87033462524414,4503800,0.0,0.0
2024-06-18 00:00:00-04:00,18.87033558943415,19.61884600077343,18.83094129331787,19.451416015625,4015900,0.0,0.0
2024-06-20 00:00:00-04:00,19.451415112064357,19.66808842692144,18.761997116180964,19.09685707092285,2787800,0.0,0.0
2024-06-21 00:00:00-04:00,19.136252042192673,19.530204352884983,18.899880655777288,19.185495376586914,3482600,0.0,0.0
2024-06-24 00:00:00-04:00,19.983251756362208,20.47569263498902,19.69763514507248,20.436296463012695,5549800,0.0,0.0
2024-06-25 00:00:00-04:00,20.52493528573528,21.165108030860225,20.475691950922904,21.096166610717773,4023500,0.0,0.0
2024-06-26 00:00:00-04:00,20.968133812919532,21.165109040074203,20.662819111283515,20.92873764038086,2179600,0.0,0.0
2024-06-27 00:00:00-04:00,20.918890708157942,21.125716877830875,20.662821196355456,20.820402145385742,1996100,0.0,0.0
2024-06-28 00:00:00-04:00,20.95828428135102,21.332538519181906,20.60372625081755,21.29314422607422,3160300,0.0,0.0
2024-07-01 00:00:00-04:00,21.36208694258395,21.53936596859499,20.840098908052884,21.243900299072266,3301700,0.0,0.0
2024-07-02 00:00:00-04:00,21.273445621662827,21.37193416980039,21.06661948272266,21.096166610717773,2075000,0.0,0.0
2024-07-03 00:00:00-04:00,21.174957888315095,21.283295483286413,20.85979602495805,21.03707504272461,1119600,0.0,0.0
2024-07-05 00:00:00-04:00,20.879493602051394,21.45072493508894,20.81055030242395,21.401479721069336,2927500,0.0,0.0
2024-07-08 00:00:00-04:00,21.61815471478648,21.854526104454305,21.135561014221082,21.509817123413086,3630700,0.0,0.0
2024-07-09 00:00:00-04:00,21.618155726517653,21.805281911358353,21.29314481569976,21.342388153076172,2485100,0.0,0.0
2024-07-10 00:00:00-04:00,21.35223770218695,21.421179127552634,20.781006333926065,21.165109634399414,3045100,0.0,0.0
2024-07-11 00:00:00-04:00,21.224199801000584,21.411327849255947,20.918887001172287,21.23404884338379,2227100,0.0,0.0
2024-07-12 00:00:00-04:00,21.352237504791685,21.54921273565652,21.11586610064612,21.273447036743164,3204000,0.0,0.0
2024-07-15 00:00:00-04:00,21.381782469208794,21.381782469208794,20.564330669736556,20.9681339263916,2393200,0.0,0.0
2024-07-16 00:00:00-04:00,20.82040097397072,21.007529044858238,20.121135786805613,20.534786224365234,2530100,0.0,0.0
2024-07-17 00:00:00-04:00,20.30826416547964,20.65297130324279,20.140834179203388,20.465845108032227,2226800,0.0,0.0
2024-07-18 00:00:00-04:00,20.909041593588682,21.56891251987237,20.81055303114828,21.381784439086914,5404400,0.0,0.0
2024-07-19 00:00:00-04:00,21.411331740249725,21.815133158778483,21.027228410067025,21.046926498413086,2999900,0.0,0.0
2024-07-22 00:00:00-04:00,21.0370749428911,21.470421563694106,20.859795925965834,21.37193489074707,2169200,0.0,0.0
2024-07-23 00:00:00-04:00,21.391633828074948,21.91362190246582,21.174960490023153,21.91362190246582,2214300,0.0,0.0
2024-07-24 00:00:00-04:00,21.79543494233819,21.91362159320686,21.14541305884321,21.194658279418945,3442000,0.0,0.0
2024-07-25 00:00:00-04:00,21.362089201675964,21.706798246649797,20.968136812497228,20.98783302307129,2572300,0.0,0.0
2024-07-26 00:00:00-04:00,21.155260862427582,21.687097942380394,20.849948026813735,21.657550811767578,2515000,0.0,0.0
2024-07-29 00:00:00-04:00,21.726492200516347,22.317421662161827,21.667399817905693,22.21893310546875,3645300,0.0,0.0
2024-07-30 00:00:00-04:00,22.435607183558204,22.731070960343924,22.278026252137437,22.534093856811523,3500200,0.0,0.0
2024-07-31 00:00:00-04:00,22.662130326982613,23.499280228383892,22.583339858527957,23.223512649536133,3446700,0.0,0.0
2024-08-01 00:00:00-04:00,23.223512879382973,23.440186200149483,22.5833400820389,22.740921020507812,3994700,0.0,0.0
2024-08-02 00:00:00-04:00,23.87353336083824,24.98645078873257,23.164419178105053,24.47431182861328,8461200,0.0,0.0
2024-08-05 00:00:00-04:00,23.479579246010186,25.12433171585991,23.22350978548423,25.03569221496582,6821500,0.0,0.0
2024-08-06 00:00:00-04:00,25.124334620463728,26.04027498325195,25.025846066027146,25.803903579711914,4568300,0.0,0.0
2024-08-07 00:00:00-04:00,26.05997170345142,26.05997170345142,25.400102696338525,25.626625061035156,2379400,0.0,0.0
2024-08-08 00:00:00-04:00,25.705414910433994,25.853146802172393,25.045544040723744,25.57737922668457,3952200,0.0,0.0
2024-08-09 00:00:00-04:00,25.557683523201266,25.951635868451216,25.252368811933717,25.587228775024414,2410200,0.0,0.0
2024-08-12 00:00:00-04:00,25.58722911955602,26.51301855224386,25.350857709223316,26.49332046508789,2586300,0.0,0.0
2024-08-13 00:00:00-04:00,26.3160419830638,26.46377576128213,25.93193866812741,26.128915786743164,2263900,0.0,0.0
2024-08-14 00:00:00-04:00,26.12891297093521,26.670597170983864,25.961483001708984,25.961483001708984,1916200,0.0,0.0
2024-08-15 00:00:00-04:00,26.384986706611144,26.522869569939704,25.75466102029531,26.119068145751953,2179700,0.0,0.0
2024-08-16 00:00:00-04:00,26.12891719006301,26.384986706611144,25.72511576587526,26.119068145751953,1595700,0.0,0.0
2024-08-19 00:00:00-04:00,26.158459698123565,26.966062461709384,26.000878762717207,26.926668167114258,2142800,0.0,0.0
2024-08-20 00:00:00-04:00,26.857728067385818,26.877426154911408,26.365287150324164,26.690298080444336,2028500,0.0,0.0
2024-08-21 00:00:00-04:00,26.769086842270106,27.044852535962917,26.50316831319812,26.956214904785156,2684200,0.0,0.0
2024-08-22 00:00:00-04:00,26.966063748173127,27.153191822337803,26.81833184899597,27.064552307128906,1098100,0.0,0.0
2024-08-23 00:00:00-04:00,27.133492610541133,27.458503526668938,26.98576071748539,27.37971305847168,1528600,0.0,0.0
2024-08-26 00:00:00-04:00,27.32061830261856,27.773664864264898,27.231978798785857,27.744117736816406,2654900,0.0,0.0
2024-08-27 00:00:00-04:00,27.123645446899307,28.000189640446177,26.82817978226199,27.753969192504883,2294500,0.0,0.0
2024-08-28 00:00:00-04:00,27.21228190407241,27.586538020738665,26.9660614667704,27.281225204467773,1969600,0.0,0.0
2024-08-29 00:00:00-04:00,27.30092430114746,27.3797147742823,26.81833241838245,27.30092430114746,1396700,0.0,0.0
2024-08-30 00:00:00-04:00,27.19258870819903,27.448658216773058,26.847879682098874,26.966064453125,1963200,0.0,0.0
2024-09-03 00:00:00-04:00,27.035005057463422,27.665328782600767,26.8183298680628,26.838027954101562,2753200,0.0,0.0
2024-09-04 00:00:00-04:00,26.818329167757348,27.389560498374756,26.503167313418476,27.31077003479004,2773600,0.0,0.0
2024-09-05 00:00:00-04:00,27.35016690938986,28.266107246194213,27.231980271716154,28.147920608520508,2265700,0.0,0.0
2024-09-06 00:00:00-04:00,28.01003990468639,28.138073716650904,27.202437100799237,27.66533088684082,1692700,0.0,0.0
2024-09-09 00:00:00-04:00,27.694878769906435,28.413842077905876,27.694878769906435,28.167621612548828,1979200,0.0,0.0
2024-09-10 00:00:00-04:00,28.27595480426598,28.63051284370926,27.852457219780057,28.11837387084961,5815000,0.0,0.0
2024-09-11 00:00:00-04:00,28.029737408455492,28.41384261911761,27.734273595804428,27.80321502685547,2633300,0.0,0.0
2024-09-12 00:00:00-04:00,28.010040665001366,28.423691121941726,27.931250191227633,28.167621612548828,1623800,0.0,0.0
2024-09-13 00:00:00-04:00,28.315353393554688,28.620666243292835,27.97064436784358,28.315353393554688,1138000,0.0,0.0
2024-09-16 00:00:00-04:00,28.216863043498805,28.344898728781803,27.88200308300735,27.980491638183594,1459200,0.0,0.0
2024-09-17 00:00:00-04:00,28.167619200052652,28.167619200052652,27.55699167172036,28.15777015686035,1447900,0.0,0.0
2024-09-18 00:00:00-04:00,28.207013102129093,28.532024008904553,28.029734084158317,28.18731689453125,1806100,0.0,0.0
2024-09-19 00:00:00-04:00,28.403988969030323,28.413838011656694,27.36986391392758,27.90169906616211,2090800,0.0,0.0
2024-09-20 00:00:00-04:00,28.010039979544423,28.138073791851117,27.734272388828362,27.89185333251953,2914800,0.0,0.0
2024-09-23 00:00:00-04:00,27.891852587755483,27.891852587755483,26.946366950854674,27.202436447143555,2796400,0.0,0.0
2024-09-24 00:00:00-04:00,26.975910980770724,27.310770931630223,26.788784797682624,27.291072845458984,2142000,0.0,0.0
2024-09-25 00:00:00-04:00,27.31077221138377,27.360017429119445,26.345588485920274,26.45392608642578,3368100,0.0,0.0
2024-09-26 00:00:00-04:00,26.63120319467661,27.399409750880036,26.513016559138396,27.01530647277832,2535100,0.0,0.0
2024-09-27 00:00:00-04:00,26.95621557673578,27.47820172624492,26.769087509556098,27.419109344482422,1856100,0.0,0.0
2024-09-30 00:00:00-04:00,27.5569921947659,27.773667392083308,27.31077174582372,27.419109344482422,1505600,0.0,0.0
2024-10-01 00:00:00-04:00,27.458504152314795,27.54714366587049,27.03500655017567,27.054702758789062,2665300,0.0,0.0
2024-10-02 00:00:00-04:00,26.828180618552306,27.310772486139086,26.650901589946347,26.946367263793945,2956600,0.0,0.0
2024-10-03 00:00:00-04:00,26.818332338537346,26.857728514244,25.88269570766091,26.286497116088867,2211000,0.0,0.0
2024-10-04 00:00:00-04:00,26.247098729518562,26.7001453194185,26.000878287630933,26.355436325073242,1389700,0.0,0.0
2024-10-07 00:00:00-04:00,26.13876210665245,26.729689643894176,25.98117930107345,26.562259674072266,1600100,0.0,0.0
2024-10-08 00:00:00-04:00,26.493319567930023,26.90696999163283,26.384983849266778,26.513017654418945,1317800,0.0,0.0
2024-10-09 00:00:00-04:00,26.759238690169717,27.16304007953395,26.542565369551554,26.9365177154541,1983100,0.0,0.0
2024-10-10 00:00:00-04:00,27.13349412363613,28.70930545396909,26.985762222342142,28.197166442871094,2887600,0.0,0.0
2024-10-11 00:00:00-04:00,28.620665169528976,29.418420796434287,28.394142801722133,29.231292724609375,3757700,0.0,0.0
2024-10-14 00:00:00-04:00,29.22144464092792,29.379025587058266,28.39414373448707,28.65021324157715,2467700,0.0,0.0
2024-10-15 00:00:00-04:00,28.54187180821514,28.591117021346044,27.70472197011784,28.27595329284668,2517600,0.0,0.0
2024-10-16 00:00:00-04:00,28.16761749452572,28.50247742873681,27.98048944222828,28.23655891418457,1515300,0.0,0.0
2024-10-17 00:00:00-04:00,28.216862432067533,28.70930331876509,27.941096737765157,28.492630004882812,1431000,0.0,0.0
2024-10-18 00:00:00-04:00,28.571421995687686,29.024466733929827,28.14792250997516,28.335050582885742,2938200,0.0,0.0
2024-10-21 00:00:00-04:00,28.325200528754102,28.92597902226464,28.019887699590537,28.128223419189453,2581200,0.0,0.0
2024-10-22 00:00:00-04:00,28.049434157278455,28.57142220511282,27.92140034551464,28.03958511352539,1411900,0.0,0.0
2024-10-23 00:00:00-04:00,27.99033716569488,28.207010457055986,27.5865358308553,27.91154670715332,1438000,0.0,0.0
2024-10-24 00:00:00-04:00,27.69487829240751,28.01988922593464,27.566842600662042,27.78351593017578,1656300,0.0,0.0
2024-10-25 00:00:00-04:00,27.862307566244116,28.433538946227085,27.82291139179074,28.25625991821289,2046300,0.0,0.0
2024-10-28 00:00:00-04:00,28.413838748140012,29.10325484324049,28.25625781905917,28.92597770690918,2906600,0.0,0.0
2024-10-29 00:00:00-04:00,28.807792245875376,29.644942139834168,28.5911189291796,29.211593627929688,3301100,0.0,0.0
2024-10-30 00:00:00-04:00,29.280536097974682,30.226023623300097,29.09340990444701,30.019197463989258,3499200,0.0,0.0
2024-10-31 00:00:00-04:00,28.9161305362525,30.619975616328052,28.010039196114768,29.300233840942383,4232300,0.0,0.0
2024-11-01 00:00:00-04:00,29.369174565094458,29.605545968370343,28.47293228989771,29.39872169494629,3262800,0.0,0.0
2024-11-04 00:00:00-05:00,29.428268162635604,29.62524527943024,28.660061539865136,29.122955322265625,2158600,0.0,0.0
2024-11-05 00:00:00-05:00,29.24114227294922,29.74343223535133,29.21159514156803,29.24114227294922,2258400,0.0,0.0
2024-11-06 00:00:00-05:00,29.979801967023942,30.45254477149291,29.31993109801033,30.294963836669922,3672500,0.0,0.0
2024-11-07 00:00:00-05:00,30.166926855880135,31.18135572388157,30.009345927833113,31.092716217041016,2399900,0.0,0.0
2024-11-08 00:00:00-05:00,30.954836085472962,31.38818461480884,30.826800396151608,31.033626556396484,2131400,0.0,0.0
2024-11-11 00:00:00-05:00,31.220754382642262,31.988960998449627,30.98438109322601,31.890474319458008,2166600,0.0,0.0
2024-11-12 00:00:00-05:00,31.841228090992775,32.6094346371004,31.65409815805072,32.24502944946289,1898200,0.0,0.0
2024-11-13 00:00:00-05:00,32.18593812699167,32.18593812699167,31.191207264951572,31.329090118408203,2121000,0.0,0.0
2024-11-14 00:00:00-05:00,31.44727765518043,32.13669569904518,31.25030053450106,31.49652099609375,2348800,0.0,0.0
2024-11-15 00:00:00-05:00,31.880621071958945,32.21548101594201,31.260146398409653,31.35863494873047,1978300,0.0,0.0
2024-11-18 00:00:00-05:00,31.16166151698202,31.614706271880095,30.807105324000545,31.506370544433594,2040200,0.0,0.0
2024-11-19 00:00:00-05:00,31.14196412630782,32.944297790527344,31.063173655465384,32.944297790527344,2589800,0.0,0.0
2024-11-20 00:00:00-05:00,33.08217802243155,33.74204698935814,32.126841525869956,32.294273376464844,3025600,0.0,0.0
2024-11-21 00:00:00-05:00,32.294276829562584,32.36321825864219,31.398032615988473,31.762439727783203,3441800,0.0,0.0
2024-11-22 00:00:00-05:00,31.772286871754723,32.176088280530934,31.457126858394936,32.136695861816406,2233900,0.0,0.0
2024-11-25 00:00:00-05:00,32.18593596950737,33.23975914403012,32.10714362594177,32.747318267822266,3260500,0.0,0.0
2024-11-26 00:00:00-05:00,32.629137765303646,33.44658777277495,32.08745348222851,32.34352111816406,7899500,0.0,0.0
2024-11-27 00:00:00-05:00,33.239761924053816,33.90948187227091,32.61928531617085,33.66326141357422,2827300,0.0,0.0
2024-11-29 00:00:00-05:00,34.07690794266509,34.46101499116028,33.623863227446115,33.99811935424805,1883300,0.0,0.0
2024-12-02 00:00:00-05:00,34.62844207543065,35.73150858014141,34.44131589602346,35.475440979003906,4589100,0.0,0.0
2024-12-03 00:00:00-05:00,35.34740589903405,35.524684917066956,34.47086173044124,34.96330261230469,2546100,0.0,0.0
2024-12-04 00:00:00-05:00,34.8648155406371,35.15042839351704,34.106456140383656,34.805721282958984,1916600,0.0,0.0
2024-12-05 00:00:00-05:00,35.03224482108684,35.28831618933475,34.72693011495306,34.90420913696289,1357400,0.0,0.0
2024-12-06 00:00:00-05:00,34.65798711793331,34.805720881913494,34.09660482604968,34.64813995361328,1723700,0.0,0.0
2024-12-09 00:00:00-05:00,34.13600851300945,34.27389138600121,32.69808175605749,32.806419372558594,3157600,0.0,0.0
2024-12-10 00:00:00-05:00,32.99354151675357,33.68295955358348,32.61928536698429,33.10187911987305,2607200,0.0,0.0
2024-12-11 00:00:00-05:00,33.20036336322636,33.38749330288552,32.24503060691029,32.530643463134766,1961000,0.0,0.0
2024-12-12 00:00:00-05:00,32.77686390413827,33.17081811255419,32.284423022131264,32.530643463134766,1961000,0.0,0.0
2024-12-13 00:00:00-05:00,32.52080044837593,32.63898522317127,31.64425616767687,31.67380142211914,1828800,0.0,0.0
2024-12-16 00:00:00-05:00,31.575309507040956,31.979110864662296,31.18135531359425,31.683643341064453,2652300,0.0,0.0
2024-12-17 00:00:00-05:00,31.1813571301492,31.40787948961876,30.610125770588215,31.082868576049805,2011300,0.0,0.0
2024-12-18 00:00:00-05:00,31.358634528142705,31.74273780287809,30.442694215915726,30.452543258666992,3013600,0.0,0.0
2024-12-19 00:00:00-05:00,30.81695385122117,31.575313323193797,30.639674818446995,30.89574432373047,2158200,0.0,0.0
2024-12-20 00:00:00-05:00,30.61012539598171,31.112415325079976,30.048743086552154,30.36390495300293,3243000,0.0,0.0
2024-12-23 00:00:00-05:00,30.196476999913624,30.41315032798823,29.79267559665325,30.0290470123291,1575900,0.0,0.0
2024-12-24 00:00:00-05:00,30.019197541018695,30.560883671260484,29.85176755581858,30.24571990966797,1006600,0.0,0.0
2024-12-26 00:00:00-05:00,30.24571951983096,30.600277572982016,30.009348110567917,30.088138580322266,2031400,0.0,0.0
2024-12-27 00:00:00-05:00,29.969952926213818,30.491939068414954,29.802522948136698,30.482091903686523,1673800,0.0,0.0
2024-12-30 00:00:00-05:00,30.157081961044337,31.073020469804202,30.048744360416762,30.501789093017578,1534500,0.0,0.0
2024-12-31 00:00:00-05:00,30.531332911639765,30.8760418847318,30.27526344244319,30.511634826660156,1260000,0.0,0.0
2025-01-02 00:00:00-05:00,30.403302414461212,30.925288573456676,30.157081961044337,30.501789093017578,3210900,0.0,0.0
2025-01-03 00:00:00-05:00,30.452544551336576,30.767706418704094,30.166927934964196,30.59042739868164,1168500,0.0,0.0
2025-01-06 00:00:00-05:00,30.21617328214775,30.49193897803651,29.16235007911475,30.06844139099121,2529800,0.0,0.0
2025-01-07 00:00:00-05:00,30.12753396911071,30.521486307613156,29.891162566009243,30.147232055664062,1691000,0.0,0.0
2025-01-08 00:00:00-05:00,29.940406406661097,30.029045919126762,29.536605018101046,29.969953536987305,1421800,0.0,0.0
2025-01-10 00:00:00-05:00,29.369172958662944,29.910859038573246,29.221441074510253,29.70403289794922,1785100,0.0,0.0
2025-01-13 00:00:00-05:00,29.38887335410358,29.71388427619032,28.994921005894344,29.300233840942383,1713900,0.0,0.0
2025-01-14 00:00:00-05:00,29.43811570009086,29.704034230603682,28.896431474391033,28.906280517578125,2156000,0.0,0.0
2025-01-15 00:00:00-05:00,29.388872558568423,30.20632436341713,28.60096788347795,28.610815048217773,1673500,0.0,0.0
2025-01-16 00:00:00-05:00,28.61081435917402,28.886581928070747,28.098677271955644,28.147920608520508,1941400,0.0,0.0
2025-01-17 00:00:00-05:00,28.275953206055572,28.63051122545856,28.147919409333824,28.23655891418457,1585200,0.0,0.0
2025-01-21 00:00:00-05:00,28.413839732207357,28.532024493854703,27.96079313652476,28.384292602539062,2021700,0.0,0.0
2025-01-22 00:00:00-05:00,28.866884231567383,29.42826654143876,28.758548513960232,28.866884231567383,2047600,0.0,0.0
2025-01-23 00:00:00-05:00,28.77824414076656,29.04416266486764,28.472931323379882,29.00476837158203,1112900,0.0,0.0
2025-01-24 00:00:00-05:00,29.024467519008457,29.054014650850295,28.423690866328908,28.65021324157715,1636800,0.0,0.0
2025-01-27 00:00:00-05:00,28.65021184274019,28.85703611999575,28.108527601678805,28.285804748535156,1620000,0.0,0.0
2025-01-28 00:00:00-05:00,28.325200725606038,28.87673400630194,28.16761978826435,28.394142150878906,1577400,0.0,0.0
2025-01-29 00:00:00-05:00,28.2267102859392,28.600966396027932,28.10852553007852,28.581268310546875,1217700,0.0,0.0
2025-01-30 00:00:00-05:00,29.024464983493854,29.103255449676062,28.14792081240267,28.41383934020996,2889100,0.0,0.0
2025-01-31 00:00:00-05:00,28.522177377123082,28.669911156930112,27.931249771947137,28.197166442871094,2562000,0.0,0.0
2025-02-03 00:00:00-05:00,28.01988865950175,28.817642411393617,27.891852970344573,28.709304809570312,5053400,0.0,0.0
2025-02-04 00:00:00-05:00,28.935824148356907,29.438114051695404,28.83733747902657,29.024463653564453,4269500,0.0,0.0
2025-02-05 00:00:00-05:00,29.290384839245366,30.70861517333661,29.280535795711952,30.088138580322266,4336300,0.0,0.0
2025-02-06 00:00:00-05:00,30.255568639600703,30.71846429427273,30.07829149109146,30.501789093017578,1855700,0.0,0.0
2025-02-07 00:00:00-05:00,30.521486899361072,30.728313055155365,30.33435883050204,30.57073211669922,1718000,0.0,0.0
2025-02-10 00:00:00-05:00,30.72831173131609,30.944985042730313,30.18662563501121,30.61997413635254,1822900,0.0,0.0
2025-02-11 00:00:00-05:00,30.462392711034703,30.915437412608068,30.245717524618872,30.797252655029297,1551300,0.0,0.0
2025-02-12 00:00:00-05:00,30.610125172294463,31.407878875732422,30.610125172294463,31.407878875732422,1725000,0.0,0.0
2025-02-13 00:00:00-05:00,31.516219442685877,32.07760180094663,31.220755636815923,32.028358459472656,3554500,0.0,0.0
2025-02-14 00:00:00-05:00,32.0677490234375,32.520793696954634,31.506364884908862,32.0677490234375,1940300,0.0,0.0
2025-02-18 00:00:00-05:00,32.057907821866806,32.87536167180842,32.00866447408123,32.56019973754883,4446000,0.0,0.0
2025-02-19 00:00:00-05:00,30.728315258711113,30.728315258711113,27.143343955469852,28.13807487487793,14638300,0.0,0.0
2025-02-20 00:00:00-05:00,27.862306304774357,27.911549642098585,26.08951798340862,27.36986541748047,8513600,0.0,0.0
2025-02-21 00:00:00-05:00,27.57669174175737,27.773668862746568,26.66075132262977,27.03500747680664,4297600,0.0,0.0
2025-02-24 00:00:00-05:00,26.778936893486563,27.241830667119885,26.4834712238907,26.60165786743164,4661400,0.0,0.0
2025-02-25 00:00:00-05:00,26.59180894245421,26.769087969299317,25.695566643193274,26.26679801940918,3244900,0.0,0.0
2025-02-26 00:00:00-05:00,25.853148220096873,26.453926741764246,25.222824445569156,25.56753158569336,6846000,0.0,0.0
2025-02-27 00:00:00-05:00,25.616777556698302,25.853148979085518,25.065244237794808,25.281917572021484,2575700,0.0,0.0
2025-02-28 00:00:00-05:00,25.25236743954851,25.419797411994576,24.858415115708606,25.222822189331055,2448500,0.0,0.0
2025-03-03 00:00:00-05:00,25.380405344304084,25.70541627478413,23.97202401938619,23.991722106933594,5051400,0.0,0.0
2025-03-04 00:00:00-05:00,24.08036069267011,24.720533485140205,23.745500731344897,24.011417388916016,4999900,0.0,0.0
2025-03-05 00:00:00-05:00,24.001537383941233,24.604291855840877,23.131987044781955,23.47783088684082,3736500,0.08,0.0
2025-03-06 00:00:00-05:00,23.17151191873785,23.477829875504767,22.845431026773777,23.458066940307617,4222100,0.0,0.0
2025-03-07 00:00:00-05:00,23.576643417749416,24.722867309932127,23.507475027053488,24.1102294921875,5788600,0.0,0.0
2025-03-10 00:00:00-04:00,23.57664213171172,24.22880390083878,23.54699772958878,23.971891403198242,3759100,0.0,0.0
2025-03-11 00:00:00-04:00,23.971892786148246,24.317736625412298,23.5766434918596,23.774267196655273,3944300,0.0,0.0
2025-03-12 00:00:00-04:00,23.912605866803624,24.129992507521003,23.379017905910104,23.586524963378906,5398800,0.0,0.0
2025-03-13 00:00:00-04:00,23.527235651441877,24.06082360089895,23.250562093676514,23.576642990112305,11227000,0.0,0.0
2025-03-14 00:00:00-04:00,23.616167497740893,24.159636926930578,23.527236170867987,23.962011337280273,3973700,0.0,0.0
2025-03-17 00:00:00-04:00,24.03118007267267,24.762391749343113,24.001537553088387,24.643817901611328,4351400,0.0,0.0
2025-03-18 00:00:00-04:00,24.525239977471973,25.137877751661954,24.23868496714718,24.712984085083008,4346200,0.0,0.0
2025-03-19 00:00:00-04:00,24.89084997528208,25.849329803505576,24.89084997528208,25.790042877197266,4558800,0.0,0.0
2025-03-20 00:00:00-04:00,25.552890834504986,26.373033794386373,25.552890834504986,26.116121292114258,5806400,0.0,0.0
2025-03-21 00:00:00-04:00,25.997547438992463,25.997547438992463,25.5924166636432,25.74063491821289,4693800,0.0,0.0
2025-03-24 00:00:00-04:00,26.18529177132838,26.412559889091785,24.960017967437455,25.06871223449707,5207800,0.0,0.0
2025-03-25 00:00:00-04:00,24.940253250035042,25.59241503643403,24.653698227379603,25.295978546142578,2863400,0.0,0.0
2025-03-26 00:00:00-04:00,25.384910101749234,25.83944630896904,25.365147166296914,25.75051498413086,4390200,0.0,0.0
2025-03-27 00:00:00-04:00,25.68134768467822,25.97778607495228,25.39479264724703,25.434316635131836,2448100,0.0,0.0
2025-03-28 00:00:00-04:00,25.226812038487445,25.226812038487445,24.456074467681574,24.545005798339844,2382700,0.0,0.0
2025-03-31 00:00:00-04:00,24.209042120144115,24.712985672074055,23.734742971750272,24.594409942626953,3037800,0.0,0.0
2025-04-01 00:00:00-04:00,24.495598619038635,24.71298525386608,24.08058640004279,24.248567581176758,3168000,0.0,0.0
2025-04-02 00:00:00-04:00,24.14975590083695,24.70310492340599,23.92248590317164,24.4955997467041,2220000,0.0,0.0
2025-04-03 00:00:00-04:00,23.912606801967797,24.732749826576338,23.912606801967797,24.69322395324707,4131100,0.0,0.0
2025-04-04 00:00:00-04:00,24.13987341320463,25.16752155457504,24.011416217597542,24.2880916595459,4202600,0.0,0.0
2025-04-07 00:00:00-04:00,24.673460462287466,26.985671228578738,24.23868717361706,25.394792556762695,7008000,0.0,0.0
2025-04-08 00:00:00-04:00,25.770279731523978,26.22481785540019,24.979781104822813,25.147762298583984,4210400,0.0,0.0
2025-04-09 00:00:00-04:00,25.157640180118925,27.015314654220816,25.00942193322821,26.501489639282227,6632700,0.0,0.0
2025-04-10 00:00:00-04:00,25.869091687830508,27.104246929726944,25.859210219731658,26.857215881347656,4326500,0.0,0.0
2025-04-11 00:00:00-04:00,27.272227660233106,27.934270934164722,26.99555221220142,27.598308563232422,4073400,0.0,0.0
2025-04-14 00:00:00-04:00,27.874981195744283,27.874981195744283,26.867096001300748,27.430326461791992,3269100,0.0,0.0
2025-04-15 00:00:00-04:00,27.489614023631006,27.924389184814267,27.469851087964205,27.855220794677734,2802900,0.0,0.0
2025-04-16 00:00:00-04:00,27.835459361593138,28.01332202280098,27.380921240206714,27.69712257385254,2277300,0.0,0.0
2025-04-17 00:00:00-04:00,27.677356696512877,28.210942738747693,27.469849652251376,28.20106315612793,2652400,0.0,0.0
2025-04-21 00:00:00-04:00,28.3888077867776,28.3888077867776,27.746527434325557,28.21094512939453,3571200,0.0,0.0
2025-04-22 00:00:00-04:00,28.438214485723645,29.120018810707904,28.240588896492174,29.060731887817383,3182000,0.0,0.0
2025-04-23 00:00:00-04:00,29.129902199307654,29.386814728369075,28.576553151550897,28.68524742126465,4817200,0.0,0.0
2025-04-24 00:00:00-04:00,28.833466076350806,28.902634472682557,28.41845381366285,28.655603408813477,3878100,0.0,0.0
2025-04-25 00:00:00-04:00,28.665483403917463,29.54491334297911,28.50738368194452,29.189189910888672,4613800,0.0,0.0
2025-04-28 00:00:00-04:00,29.37693046922723,29.683250312105038,29.169425302791208,29.64372444152832,2850300,0.0,0.0
2025-04-29 00:00:00-04:00,29.60420037245515,29.78206303147935,29.327526800370713,29.416458129882812,2369600,0.0,0.0
2025-04-30 00:00:00-04:00,29.258357809010196,29.564675779566855,29.001445293973305,29.554794311523438,3450600,0.0,0.0
2025-05-01 00:00:00-04:00,29.327527091217668,29.663489476106882,28.77417805686376,29.535032272338867,8470200,0.0,0.0
2025-05-02 00:00:00-04:00,28.606194667283752,30.33541191593517,27.776170237155295,29.940160751342773,4264100,0.0,0.0
2025-05-05 00:00:00-04:00,28.961917254612718,29.515268115453562,27.529138420082152,29.43621826171875,6309800,0.0,0.0
2025-05-06 00:00:00-04:00,29.337405295393516,30.631847349209416,29.159542654394947,30.444103240966797,4481300,0.0,0.0
2025-05-07 00:00:00-04:00,30.533037404044894,31.195080693454134,30.365056214651585,30.79983139038086,2954400,0.0,0.0
2025-05-08 00:00:00-04:00,30.78006804527113,31.145674823694222,30.513274062478384,30.64173126220703,2277100,0.0,0.0
2025-05-09 00:00:00-04:00,30.691134929023043,30.977691831181055,30.315648589147493,30.86899757385254,2176300,0.0,0.0
2025-05-12 00:00:00-04:00,30.55279958008115,31.056743135720687,29.56467540463829,29.959924697875977,3806100,0.0,0.0
2025-05-13 00:00:00-04:00,30.038974870556622,30.424344584602224,29.683251445272553,30.26624298095703,2178000,0.0,0.0
2025-05-14 00:00:00-04:00,30.226717061429223,30.938165751217753,30.05873588519756,30.789947509765625,2934500,0.0,0.0
2025-05-15 00:00:00-04:00,31.293892433419543,31.560686410744317,30.948048598150088,31.491518020629883,2390400,0.0,0.0
2025-05-16 00:00:00-04:00,31.2346040057795,31.81759738678555,31.2346040057795,31.461872100830078,1802800,0.0,0.0
2025-05-19 00:00:00-04:00,31.610090822322633,31.610090822322633,31.06662330247012,31.28400993347168,2379000,0.0,0.0
2025-05-20 00:00:00-04:00,31.16543689406552,31.48163632354159,30.938166905019493,31.22472381591797,3469600,0.0,0.0
2025-05-21 00:00:00-04:00,31.046864550688742,32.14368120568211,31.036983081853084,31.817602157592773,2292400,0.0,0.0
2025-05-22 00:00:00-04:00,31.916411746616404,32.21284826054391,31.71878614753314,32.05474853515625,3283500,0.0,0.0
2025-05-23 00:00:00-04:00,31.946058562128787,32.45987985104543,31.857127229548052,32.064632415771484,2536300,0.0,0.0
2025-05-27 00:00:00-04:00,32.47964022034294,33.28990173339844,32.38082931168526,33.28990173339844,5407500,0.0,0.0
2025-05-28 00:00:00-04:00,33.28990180653629,33.28990180653629,32.42035525413362,32.766197204589844,2917100,0.0,0.0
2025-05-29 00:00:00-04:00,32.67705303688884,32.86524930503144,32.201603071615224,32.647335052490234,1925500,0.08,0.0
2025-05-30 00:00:00-04:00,32.92468248693041,33.68737483677427,32.518571954015535,33.44965362548828,2969900,0.0,0.0
2025-06-02 00:00:00-04:00,33.182216550384766,33.29117368690297,32.37989890935039,32.73648452758789,3481400,0.0,0.0
2025-06-03 00:00:00-04:00,32.67705157108505,32.73647998019565,31.894544770706762,32.003501892089844,11491600,0.0,0.0
2025-06-04 00:00:00-04:00,31.83511438278096,31.963882240650467,30.904032728480257,31.220996856689453,3380200,0.0,0.0
2025-06-05 00:00:00-04:00,31.21109136612724,31.518150127939304,30.9832736360491,31.260616302490234,1951400,0.0,0.0
2025-06-06 00:00:00-04:00,31.50824404082131,31.85492425518396,30.834694341889342,31.835113525390625,2726600,0.0,0.0
2025-06-09 00:00:00-04:00,31.716255043548017,31.775687236897646,30.913937436625776,31.121946334838867,3906400,0.0,0.0
2025-06-10 00:00:00-04:00,31.191279861562684,31.557770805018546,30.99317823177331,31.20118522644043,1746400,0.0,0.0
2025-06-11 00:00:00-04:00,31.112041265690095,31.825212478637695,30.834696695182103,31.825212478637695,2155600,0.0,0.0
2025-06-12 00:00:00-04:00,31.825210474137084,31.835113949910635,31.191280337083175,31.52805519104004,6534500,0.0,0.0
2025-06-13 00:00:00-04:00,31.45871910559315,32.1124561854766,31.240806745632,31.835113525390625,5753600,0.0,0.0
2025-06-16 00:00:00-04:00,31.894548228886237,32.26103731267587,30.735646894197224,31.637014389038086,3336400,0.0,0.0
2025-06-17 00:00:00-04:00,31.6469181223168,32.211510712022516,31.211091501265543,32.19169998168945,11617900,0.0,0.0
2025-06-18 00:00:00-04:00,32.05302870293109,32.637432023973794,31.924260844800198,32.34027862548828,4467600,0.0,0.0
2025-06-20 00:00:00-04:00,32.43932878791431,32.469042994474535,31.211091833036733,31.587486267089844,5976100,0.0,0.0
2025-06-23 00:00:00-04:00,31.55777209792787,31.55777209792787,30.081906677271405,30.76535987854004,4740600,0.0,0.0
2025-06-24 00:00:00-04:00,30.77526551825508,31.18137605222633,30.339438888168146,30.34934425354004,3631400,0.0,0.0
2025-06-25 00:00:00-04:00,30.339437743387062,30.47811096410581,29.844180829011297,29.92342185974121,3157200,0.0,0.0
2025-06-26 00:00:00-04:00,30.032379314123343,30.379059535831296,29.863991885822635,30.14133644104004,3875400,0.0,0.0
2025-06-27 00:00:00-04:00,30.289912658478418,30.70592854007545,29.4677862602337,29.81446647644043,4966200,0.0,0.0
2025-06-30 00:00:00-04:00,29.725321747670108,29.99276094853087,29.23997017347204,29.893709182739258,5197500,0.0,0.0
2025-07-01 00:00:00-04:00,29.87389677688138,30.09180913800166,29.477691625183056,29.81446647644043,4034200,0.0,0.0
2025-07-02 00:00:00-04:00,29.893709182739258,30.200767956363485,29.52721821608689,29.893709182739258,5553600,0.0,0.0
2025-07-03 00:00:00-04:00,30.072001846232645,30.537542687299204,29.903614411931073,30.41868019104004,3558100,0.0,0.0
2025-07-07 00:00:00-04:00,30.61678286336463,30.804981023309054,29.457881586663042,29.576744079589844,4793700,0.0,0.0
2025-07-08 00:00:00-04:00,29.616364219317404,30.507826320979785,29.44797678650577,30.34934425354004,5257500,0.0,0.0
2025-07-09 00:00:00-04:00,29.8540884325397,30.072002700328092,28.090974894282873,28.536705017089844,9258200,0.0,0.0
2025-07-10 00:00:00-04:00,28.75461815194355,29.764940857385742,28.536703892741002,29.56683921813965,5109900,0.0,0.0
2025-07-11 00:00:00-04:00,30.08190750470134,30.111621712114097,29.289495263517498,29.51731300354004,5315600,0.0,0.0
2025-07-14 00:00:00-04:00,29.655985617039732,29.963044385887102,29.25978044929228,29.56683921813965,4222200,0.0,0.0
2025-07-15 00:00:00-04:00,29.566839562375783,29.854087603866287,29.081487990077466,29.44797706604004,3311900,0.0,0.0
2025-07-16 00:00:00-04:00,29.556933887305785,30.022474723795796,29.180537560564698,29.715415954589844,3587800,0.0,0.0
2025-07-17 00:00:00-04:00,29.725321824200034,29.992761025749335,29.32911664926883,29.70551109313965,3486500,0.0,0.0
2025-07-18 00:00:00-04:00,29.953137450854424,30.448394356898817,29.66588942776136,29.933326721191406,3794300,0.0,0.0
2025-07-21 00:00:00-04:00,29.755036709860004,30.34934350344286,29.269683264909332,29.46778678894043,2588000,0.0,0.0
2025-07-22 00:00:00-04:00,29.35883062394337,30.18095706388123,29.299400320488484,29.784751892089844,3322800,0.0,0.0
2025-07-23 00:00:00-04:00,29.61636392097167,30.131431579589844,29.46778722040053,30.131431579589844,2810200,0.0,0.0
2025-07-24 00:00:00-04:00,29.992760113596045,30.111620717832917,28.714996337890625,28.714996337890625,3008600,0.0,0.0
2025-07-25 00:00:00-04:00,28.764522552490234,28.992340280146774,28.32869593795866,28.764522552490234,2839900,0.0,0.0
2025-07-28 00:00:00-04:00,28.705091283765956,28.92300554265403,27.73438815187171,27.96220588684082,4287900,0.0,0.0
2025-07-29 00:00:00-04:00,28.06125737865084,28.20983407874307,27.189606019322564,27.40751838684082,3748100,0.0,0.0
2025-07-30 00:00:00-04:00,27.407518659795368,27.516475789267236,26.842926060268898,26.99150276184082,4341400,0.0,0.0
2025-07-31 00:00:00-04:00,26.89245116417319,27.100460059065675,26.456624532843197,26.615108489990234,8080200,0.0,0.0
2025-08-01 00:00:00-04:00,28.150403257502433,28.219738923650006,25.505731243305938,25.62459373474121,7275800,0.0,0.0
2025-08-04 00:00:00-04:00,25.62459521677756,26.308048441979466,24.87180443216263,25.44630241394043,6011700,0.0,0.0
2025-08-05 00:00:00-04:00,25.27791505566354,25.753361271876916,24.93123481453721,25.25810432434082,4133800,0.0,0.0
2025-08-06 00:00:00-04:00,25.17886211862072,25.32743881812835,24.604364161737376,24.683605194091797,4062300,0.0,0.0
2025-08-07 00:00:00-04:00,24.52512339724157,25.22838733091104,24.52512339724157,24.752941131591797,3800000,0.0,0.0
2025-08-08 00:00:00-04:00,24.782656792780173,25.119431650370714,24.366640903359816,24.574647903442383,5587700,0.0,0.0
2025-08-11 00:00:00-04:00,24.762846068818646,25.238292259918712,24.64398357641602,25.059999465942383,5920800,0.0,0.0
2025-08-12 00:00:00-04:00,25.238291520719947,25.515636068699514,25.059998731965596,25.149145126342773,4179000,0.0,0.0
2025-08-13 00:00:00-04:00,25.02037797865573,25.832598965234578,24.9510423172534,25.73354721069336,5799900,0.0,0.0
2025-08-14 00:00:00-04:00,25.75336031833822,25.75336031833822,25.040191020423823,25.0897159576416,3421400,0.0,0.0
2025-08-15 00:00:00-04:00,25.099621909476085,25.545353911873196,24.802468500714877,25.37696647644043,5168800,0.0,0.0
2025-08-18 00:00:00-04:00,25.436397760104622,26.337765275888632,25.347251356191446,25.84250831604004,5603000,0.0,0.0
2025-08-19 00:00:00-04:00,25.872224229865072,26.436816857798526,25.75336172907391,26.218902587890625,3977800,0.0,0.0
2025-08-20 00:00:00-04:00,26.23871157384299,26.73396849722075,26.09013487468071,26.327857971191406,3176200,0.0,0.0
2025-08-21 00:00:00-04:00,26.30804648882747,26.417003613417744,25.862316404081685,25.931652069091797,3149400,0.0,0.0
2025-08-22 00:00:00-04:00,25.931652419696498,26.62501096842722,25.792981087801394,26.298141479492188,2916800,0.0,0.0
2025-08-25 00:00:00-04:00,26.466531525260343,26.506152989296634,25.892033521521896,25.91184425354004,3405700,0.0,0.0
2025-08-26 00:00:00-04:00,25.763266459644637,26.020800297295793,25.386870124133218,25.634498596191406,3468200,0.0,0.0
2025-08-27 00:00:00-04:00,25.654369268414754,25.932573803485045,25.50533186913592,25.76366424560547,3151500,0.08,0.0
2025-08-28 00:00:00-04:00,25.783536766191354,25.932574167562585,25.326486587524414,25.326486587524414,3430500,0.0,0.0
2025-08-29 00:00:00-04:00,25.256937036451795,25.644434676067906,25.11783570840775,25.634498596191406,3706700,0.0,0.0
2025-09-02 00:00:00-04:00,25.58482009331038,26.091548796358495,25.097963550016342,25.44571876525879,5373700,0.0,0.0
2025-09-03 00:00:00-04:00,25.405974631410643,25.644434864861747,25.227128982543945,25.227128982543945,4925300,0.0,0.0
2025-09-04 00:00:00-04:00,25.296678242476943,25.435781458934805,24.899244542125988,25.246999740600586,3563000,0.0,0.0
2025-09-05 00:00:00-04:00,25.11783580904453,25.723921523031542,25.11783580904453,25.713985443115234,3183200,0.0,0.0
2025-09-08 00:00:00-04:00,25.833216178873467,27.29378579597663,25.723921196295777,27.283849716186523,6531100,0.0,0.0
2025-09-09 00:00:00-04:00,27.005646240138358,27.403079944072566,26.63801887955335,26.83673667907715,4133600,0.0,0.0
2025-09-10 00:00:00-04:00,26.657891940171684,27.015583233367266,26.61814951599076,26.985774993896484,2414000,0.0,0.0
2025-09-11 00:00:00-04:00,26.99571073108543,28.098590941031546,26.975838571690463,27.989295959472656,3765800,0.0,0.0
2025-09-12 00:00:00-04:00,28.058846726662022,28.168141708627655,27.810450418640816,28.068782806396484,2785300,0.0,0.0
2025-09-15 00:00:00-04:00,28.267500728284855,28.674870523522813,28.009168339456046,28.337051391601562,4848800,0.0,0.0
2025-09-16 00:00:00-04:00,28.31718022942279,28.565576547224744,28.108528232123632,28.376794815063477,2853500,0.0,0.0
2025-09-17 00:00:00-04:00,28.31717911441769,28.46621652020773,27.800514338906357,28.068782806396484,3373500,0.0,0.0
2025-09-18 00:00:00-04:00,27.96942316930402,28.188013127492106,27.56205338646144,27.701154708862305,6067300,0.0,0.0
2025-09-19 00:00:00-04:00,27.512376684228816,27.840259747849593,27.095070794610237,27.432889938354492,6335800,0.0,0.0
2025-09-22 00:00:00-04:00,27.413015207946696,27.83032105843995,27.34346454871671,27.820384979248047,4403200,0.0,0.0
2025-09-23 00:00:00-04:00,27.83032397270685,28.963010587606984,27.83032397270685,28.80403709411621,3809500,0.0,0.0
2025-09-24 00:00:00-04:00,28.804034138108907,29.300826728062727,28.29730546894241,28.386728286743164,3301100,0.0,0.0
2025-09-25 00:00:00-04:00,28.5258308025333,28.555639041422182,27.969423609068045,28.207883834838867,2338800,0.0,0.0
2025-09-26 00:00:00-04:00,28.168141928564705,28.764293451493046,28.148269768940622,28.41653823852539,1947000,0.0,0.0
2025-09-29 00:00:00-04:00,27.76077075484279,28.23769119148378,27.194427499442448,27.383207321166992,3529800,0.0,0.0
2025-09-30 00:00:00-04:00,27.373273265051083,28.06878370789385,27.234171934527925,27.840259552001953,2947900,0.0,0.0
2025-10-01 00:00:00-04:00,27.82038739189479,28.307243943839328,27.701156326365304,27.840259552001953,2309500,0.0,0.0
2025-10-02 00:00:00-04:00,27.631604447726488,27.830322249844908,26.936095930538844,27.64154052734375,2374200,0.0,0.0
2025-10-03 00:00:00-04:00,27.62167007397886,28.496026183162627,27.61173588886149,28.048912048339844,3437100,0.0,0.0
2025-10-06 00:00:00-04:00,28.048910573098357,28.048910573098357,26.677763790280277,26.747314453125,3891100,0.0,0.0
2025-10-07 00:00:00-04:00,26.69763488562754,26.836736205772915,26.121355551308106,26.141225814819336,2894900,0.0,0.0
2025-10-08 00:00:00-04:00,26.27039361643724,26.379686701415142,25.326486904098566,25.5649471282959,3253200,0.0,0.0
2025-10-09 00:00:00-04:00,25.733858514897232,26.4889835592753,25.475526113258926,26.42936897277832,4126800,0.0,0.0
2025-10-10 00:00:00-04:00,26.46911004615396,26.76718675363408,25.55501155441913,25.584819793701172,3999100,0.0,0.0
2025-10-13 00:00:00-04:00,25.25693538696235,25.574882341791835,24.70052821601075,24.929052352905273,3999100,0.0,0.0
2025-10-14 00:00:00-04:00,24.76014576924316,26.041869821686827,24.720401447560658,25.992191314697266,3885700,0.0,0.0
2025-10-15 00:00:00-04:00,26.091548454794438,27.15468435124489,25.922638889322926,26.826801300048828,5593600,0.0,0.0
2025-10-16 00:00:00-04:00,26.985773627342326,27.0851325254333,25.98225235733885,26.330007553100586,3526600,0.0,0.0
2025-10-17 00:00:00-04:00,26.300200209296914,27.24410693058221,26.270393865435608,26.290264129638672,3403800,0.0,0.0
2025-10-20 00:00:00-04:00,26.19090744567396,26.85660963006307,26.19090744567396,26.52872657775879,3473900,0.0,0.0
2025-10-21 00:00:00-04:00,26.44923985981098,27.482567521496975,26.44923985981098,27.095069885253906,3398800,0.0,0.0
2025-10-22 00:00:00-04:00,27.134811004688245,27.51237443810191,26.071675154746647,26.141225814819336,4134900,0.0,0.0
2025-10-23 00:00:00-04:00,26.409494693955622,26.717505577117162,25.972316672778557,26.27039337158203,2574300,0.0,0.0
2025-10-24 00:00:00-04:00,26.33000885110926,26.777122967003663,25.843152311087266,26.230649948120117,2588200,0.0,0.0
2025-10-27 00:00:00-04:00,26.14122794292224,27.015584042449866,25.98225445121058,26.866546630859375,4556100,0.0,0.0
2025-10-28 00:00:00-04:00,26.70757001484868,27.11494170061368,26.111420395923822,26.479045867919922,2885600,0.0,0.0
2025-10-29 00:00:00-04:00,26.290264968725324,27.263979960062674,26.290264968725324,27.11494255065918,2638200,0.0,0.0
2025-10-30 00:00:00-04:00,26.806928268567663,27.11494104536406,25.952446284371533,26.002124786376953,2711400,0.0,0.0
2025-10-31 00:00:00-04:00,26.061739535070405,26.926159499351517,25.972316714796037,26.83673667907715,2861100,0.0,0.0
2025-11-03 00:00:00-05:00,26.677763072609824,26.82680047399825,26.12135588970679,26.56846809387207,2849600,0.0,0.0
2025-11-04 00:00:00-05:00,26.816865612321752,27.105006243855552,26.250522324259833,26.578405380249023,4026000,0.0,0.0
2025-11-05 00:00:00-05:00,28.82390804742351,29.310764587738433,27.810450647528715,28.60531997680664,5640700,0.0,0.0
2025-11-06 00:00:00-05:00,28.60532117480951,28.963010587606984,27.3832098378181,28.80403709411621,3299100,0.0,0.0
2025-11-07 00:00:00-05:00,28.75435685952887,28.75435685952887,27.671348815780963,28.396665573120117,2515600,0.0,0.0
2025-11-10 00:00:00-05:00,28.366858092958676,29.916852445446196,27.8402591240088,29.89698028564453,3500500,0.0,0.0
2025-11-11 00:00:00-05:00,30.00627378374507,30.64216770500574,29.7081970868191,30.21492576599121,2977000,0.0,0.0
2025-11-12 00:00:00-05:00,30.22486252750611,30.354027772509635,29.807556658482817,29.827428817749023,2611000,0.0,0.0
2025-11-13 00:00:00-05:00,29.906914750088646,30.572616906578038,29.698260873668772,29.757877349853516,2258900,0.0,0.0
2025-11-14 00:00:00-05:00,29.728070200870565,29.817493023310387,28.943136958368452,29.688325881958008,1590000,0.0,0.0
2025-11-17 00:00:00-05:00,29.559160020812598,29.698261343886017,29.082239574463674,29.40018653869629,2196600,0.0,0.0
2025-11-18 00:00:00-05:00,29.310764252722556,30.036081014996604,28.76429313486971,29.98640251159668,2569100,0.0,0.0
2025-11-19 00:00:00-05:00,29.82742892244244,30.622296344746577,29.628711119309692,29.90691566467285,3146400,0.0,0.0
2025-11-20 00:00:00-05:00,29.877107978330926,30.711719734745497,28.804035990814114,28.873586654663086,2635600,0.0,0.0
2025-11-21 00:00:00-05:00,28.78416414644412,29.8771083056378,28.55563999269015,29.30082893371582,3314500,0.0,0.0
2025-11-24 00:00:00-05:00,29.09217688798083,29.509482770015246,27.661413593132337,27.790578842163086,4165000,0.0,0.0
2025-11-25 00:00:00-05:00,27.83032366781538,28.307244143062857,27.711092601446758,27.81045150756836,3473600,0.0,0.0
2025-11-26 00:00:00-05:00,27.750835081050173,27.96942314392654,27.283848821790887,27.323593139648438,3781500,0.0,0.0
2025-11-28 00:00:00-05:00,27.512995520289792,27.612680665557075,27.13419234854132,27.29368782043457,1638300,0.09,0.0
2025-12-01 00:00:00-05:00,27.15412904339072,27.383403540537667,25.778480159173093,26.795263290405273,3551700,0.0,0.0
2025-12-02 00:00:00-05:00,26.565988821344618,26.914885870300896,25.040813172215913,25.17040252685547,4678800,0.0,0.0
2025-12-03 00:00:00-05:00,25.080687143367676,25.349836469711303,22.75803215588949,22.817842483520508,9285900,0.0,0.0
2025-12-04 00:00:00-05:00,22.638408057269025,23.914373668279456,22.54869352260145,23.7847843170166,7573300,0.0,0.0
2025-12-05 00:00:00-05:00,23.545541566865094,23.904405416331752,21.55184633144788,21.88080596923828,9375500,0.0,0.0
2025-12-08 00:00:00-05:00,22.907557371243378,23.744909506603243,22.728124499189708,23.425918579101562,7249300,0.0,0.0
2025-12-09 00:00:00-05:00,23.376078459164308,24.582263218819058,23.05708560986458,24.442705154418945,6743100,0.0,0.0
2025-12-10 00:00:00-05:00,24.59223035945297,25.240180918959183,24.552355542825676,25.050779342651367,4630700,0.0,0.0
2025-12-11 00:00:00-05:00,25.299992747715518,25.489394335291244,24.552357003498514,24.971033096313477,4208000,0.0,0.0
2025-12-12 00:00:00-05:00,24.901253884251666,25.130528387832214,24.333051026971184,24.572294235229492,3574600,0.0,0.0
2025-12-15 00:00:00-05:00,24.173555079354266,24.502514721906472,23.495698385286452,23.754878997802734,3567900,0.0,0.0
2025-12-16 00:00:00-05:00,23.774816300292166,24.08383853249704,23.485729575625445,23.734941482543945,2859300,0.0,0.0
2025-12-17 00:00:00-05:00,23.495698510087706,23.854564267991183,23.086991130846954,23.415950775146484,3091900,0.0,0.0
2025-12-18 00:00:00-05:00,22.94743250409114,23.43588760622655,21.531908817792953,21.860868453979492,6149200,0.0,0.0
2025-12-19 00:00:00-05:00,21.63159384454147,22.797905621437685,21.58175032336202,22.199796676635742,5108800,0.0,0.0
2025-12-22 00:00:00-05:00,22.239670535382587,22.44900953054207,21.791090233759693,22.379230499267578,3064200,0.0,0.0
2025-12-23 00:00:00-05:00,22.658347077050188,23.13683350220855,22.419103864471005,22.648378372192383,2796100,0.0,0.0
2025-12-24 00:00:00-05:00,22.64837827257411,22.827811156553274,22.44900988030306,22.628442764282227,788500,0.0,0.0
2025-12-26 00:00:00-05:00,22.68825202220271,22.84774748903462,22.369261088538888,22.78793716430664,1764300,0.0,0.0
2025-12-29 00:00:00-05:00,22.777968816330493,23.077022345985117,22.508819498839745,23.03714942932129,1911800,0.0,0.0
2025-12-30 00:00:00-05:00,22.977337718011086,23.276393155713503,22.52875741346148,23.13683319091797,2277400,0.0,0.0
2025-12-31 00:00:00-05:00,23.146801101368617,23.38604430251941,22.927495308981044,23.166738510131836,2300100,0.0,0.0
2026-01-02 00:00:00-05:00,23.15677037092473,23.47576131357789,22.638409138445347,23.455825805664062,2542300,0.0,0.0
2026-01-05 00:00:00-05:00,23.57544540332555,23.57544540332555,22.439039745651744,22.8975887298584,3877100,0.0,0.0
2026-01-06 00:00:00-05:00,22.977336309280382,23.116896265519554,22.458977004781406,22.688251495361328,3624100,0.0,0.0
2026-01-07 00:00:00-05:00,23.02717966783057,23.02717966783057,21.8508992095335,22.478912353515625,3244200,0.0,0.0
2026-01-08 00:00:00-05:00,22.47891240553104,22.93746328586163,22.36926046348303,22.66831398010254,3007900,0.0,0.0
2026-01-09 00:00:00-05:00,22.618473807974254,22.807873493325417,22.050270949248745,22.399166107177734,2451300,0.0,0.0
2026-01-12 00:00:00-05:00,22.429071823390878,23.84459554340943,22.3194179749379,23.774816513061523,4749800,0.0,0.0
2026-01-13 00:00:00-05:00,23.575446054130836,23.695068606242035,22.97733709624678,23.0172119140625,2195800,0.0,0.0
2026-01-14 00:00:00-05:00,23.20661390578132,24.173555438854546,23.04711843437411,24.004091262817383,2806300,0.0,0.0
2026-01-15 00:00:00-05:00,23.93431230690216,24.831474811718994,23.44585718651673,24.382892608642578,4415700,0.0,0.0
2026-01-16 00:00:00-05:00,24.921191352417765,25.34983614789311,23.635256965991722,23.854564666748047,3537400,0.0,0.0
2026-01-20 00:00:00-05:00,24.09380730331229,24.562325005128887,23.535573162650987,24.47260856628418,3395400,0.0,0.0
2026-01-21 00:00:00-05:00,24.54239043833536,24.731790126413706,23.495699245468955,24.103776931762695,3225700,0.0,0.0
2026-01-22 00:00:00-05:00,23.734942151089797,24.422767565933015,23.65519441468305,24.04396629333496,1914600,0.0,0.0
2026-01-23 00:00:00-05:00,24.024027348476576,24.412797300945428,23.78478415454683,23.934310913085938,1400400,0.0,0.0
2026-01-26 00:00:00-05:00,23.78478517396235,23.794753878470335,23.35614038679889,23.58541488647461,1875900,0.0,0.0
2026-01-27 00:00:00-05:00,23.36610815946662,23.505666214340877,22.997273712724205,23.047117233276367,2054600,0.0,0.0
2026-01-28 00:00:00-05:00,23.146800672461357,23.565476742051217,22.9175261799406,23.44585609436035,1211700,0.0,0.0
2026-01-29 00:00:00-05:00,23.276393262071526,23.605352914112107,22.96737101956941,23.156770706176758,1301800,0.0,0.0
2026-01-30 00:00:00-05:00,23.216582430852103,23.675131432267378,23.02718084701989,23.6053524017334,2199700,0.0,0.0
2026-02-02 00:00:00-05:00,23.495698948580287,24.662010782197115,23.45582603103353,24.59223175048828,3543800,0.0,0.0
2026-02-03 00:00:00-05:00,24.30314412778001,25.04081303941471,24.16358606947201,24.60219955444336,2931600,0.0,0.0
2026-02-04 00:00:00-05:00,24.911222604043413,26.147313464795964,24.821506163225116,25.120561599731445,3539400,0.0,0.0
2026-02-05 00:00:00-05:00,25.130528337868466,25.569141836137995,24.971032866013363,25.29002571105957,2226100,0.0,0.0
2026-02-06 00:00:00-05:00,25.39967783902929,25.77848101336274,25.160434629556804,25.688764572143555,1580500,0.0,0.0
2026-02-09 00:00:00-05:00,25.3598042365013,25.838290642522693,24.931159451439484,25.738605499267578,2120400,0.0,0.0
2026-02-10 00:00:00-05:00,25.83829123389628,26.157282178544776,25.6289522381357,25.668827056884766,2560300,0.0,0.0
2026-02-11 00:00:00-05:00,25.748573460144435,26.017722768759803,25.409645123666394,25.95791244506836,1717800,0.0,0.0
2026-02-12 00:00:00-05:00,25.848260066524066,26.316777781128554,24.721821148655547,24.781633377075195,3216800,0.0,0.0
2026-02-13 00:00:00-05:00,24.701885739890294,25.290026012364063,24.323082563719378,24.80156898498535,2788900,0.0,0.0
2026-02-17 00:00:00-05:00,24.921190251703827,25.638919846471964,24.751726081938806,25.28005599975586,4381200,0.0,0.0
2026-02-18 00:00:00-05:00,23.834626890095866,26.825169806307,23.8047207764528,26.326745986938477,5826100,0.0,0.0
2026-02-19 00:00:00-05:00,26.85507662950473,27.572806263878032,26.266936355003377,26.276905059814453,2517300,0.0,0.0
2026-02-20 00:00:00-05:00,26.286873486828274,26.605864432067563,25.87816419923742,26.406494140625,1807600,0.0,0.0
2026-02-23 00:00:00-05:00,26.266935854220144,26.456337439347585,25.329898534539964,25.8183536529541,2245200,0.0,0.0
2026-02-24 00:00:00-05:00,25.89810011878291,26.117407807020594,25.29999118019925,25.57910919189453,1935200,0.0,0.0
2026-02-25 00:00:00-05:00,25.618983897224936,26.087501581391663,25.34983459083014,25.91803741455078,1873300,0.0,0.0
2026-02-26 00:00:00-05:00,26.426431793638884,26.964728543358273,26.10744084545909,26.63576889038086,4483100,0.0,0.0
2026-02-27 00:00:00-05:00,27.39337177188608,28.639431280083254,27.044474729323685,28.150976181030273,5658500,0.0,0.0
2026-03-02 00:00:00-05:00,27.812048505046167,28.868706460787948,27.60271141532486,28.459999084472656,4025100,0.0,0.0
2026-03-03 00:00:00-05:00,28.190000534057617,28.969999313354492,27.81999969482422,28.68000030517578,3168300,0.09,0.0
2026-03-04 00:00:00-05:00,28.760000228881836,29.15250015258789,28.25,28.610000610351562,1493408,0.0,0.0
