Date,Open,High,Low,Close,Volume,Dividends,Stock Splits
2022-01-03 00:00:00-05:00,35.07828535387113,35.29616290265294,35.06085475102288,35.27873229980469,1900,0.0,0.0
2022-01-04 00:00:00-05:00,35.25257982315401,35.923642915594016,35.25257982315401,35.54017639160156,4500,0.0,0.0
2022-01-05 00:00:00-05:00,35.38331471454671,35.98465891296201,34.88655413949357,35.862648010253906,7900,0.0,0.0
2022-01-06 00:00:00-05:00,35.487892337920876,36.2461051940918,35.487892337920876,36.2461051940918,9600,0.0,0.0
2022-01-07 00:00:00-05:00,35.86264029575843,36.31582260131836,35.86264029575843,36.31582260131836,1600,0.0,0.0
2022-01-10 00:00:00-05:00,35.47917208246907,36.289676666259766,35.47917208246907,36.289676666259766,700,0.0,0.0
2022-01-11 00:00:00-05:00,36.2635419261656,36.2635419261656,35.862648010253906,35.862648010253906,900,0.0,0.0
2022-01-12 00:00:00-05:00,35.85392412413073,36.254817962646484,35.731913244977854,36.254817962646484,1400,0.0,0.0
2022-01-13 00:00:00-05:00,36.254817962646484,36.254817962646484,36.254817962646484,36.254817962646484,0,0.0,0.0
2022-01-14 00:00:00-05:00,36.045667049443445,36.1763916015625,35.47047037629479,36.1763916015625,1500,0.0,0.0
2022-01-18 00:00:00-05:00,35.71448473254438,36.228675842285156,35.20901058585109,36.228675842285156,1900,0.0,0.0
2022-01-19 00:00:00-05:00,36.167667388916016,36.167667388916016,36.167667388916016,36.167667388916016,200,0.0,0.0
2022-01-20 00:00:00-05:00,35.73191336571242,35.897499084472656,35.29615832466715,35.897499084472656,2100,0.0,0.0
2022-01-21 00:00:00-05:00,36.14152145385742,36.14152145385742,36.14152145385742,36.14152145385742,300,0.0,0.0
2022-01-24 00:00:00-05:00,34.860406557347865,36.06309151444965,34.860406557347865,35.85392761230469,1600,0.0,0.0
2022-01-25 00:00:00-05:00,35.209014165712425,36.02823257446289,35.209014165712425,36.02823257446289,1000,0.0,0.0
2022-01-26 00:00:00-05:00,35.65348458798869,36.054378509521484,35.65348458798869,36.054378509521484,500,0.0,0.0
2022-01-27 00:00:00-05:00,35.313590786351206,36.08052062988281,34.90397996232626,36.08052062988281,6400,0.0,0.0
2022-01-28 00:00:00-05:00,36.08052062988281,36.08052062988281,36.08052062988281,36.08052062988281,0,0.0,0.0
2022-01-31 00:00:00-05:00,35.32230282014081,35.6447639465332,34.77325385810498,35.6447639465332,900,0.0,0.0
2022-02-01 00:00:00-05:00,35.00856856028759,35.557621002197266,35.00856856028759,35.557621002197266,800,0.0,0.0
2022-02-02 00:00:00-05:00,35.130573940061254,35.42688751220703,35.130573940061254,35.42688751220703,700,0.0,0.0
2022-02-03 00:00:00-05:00,34.91269343858154,35.36587905883789,34.90397647642541,35.36587905883789,1400,0.0,0.0
2022-02-04 00:00:00-05:00,35.81906522433792,35.923648834228516,35.81906522433792,35.923648834228516,500,0.0,0.0
2022-02-07 00:00:00-05:00,35.383309572540604,35.862642798589704,35.04342115737654,35.21772384643555,25600,0.0,0.0
2022-02-08 00:00:00-05:00,34.86040756554122,35.48789596557617,34.42465247097196,35.48789596557617,1900,0.0,0.0
2022-02-09 00:00:00-05:00,34.90397626718881,35.27001221097148,34.703529357910156,34.703529357910156,900,0.0,0.0
2022-02-10 00:00:00-05:00,34.991137762855736,35.862648010253906,34.94755959084762,35.862648010253906,4500,0.0,0.0
2022-02-11 00:00:00-05:00,34.999845872720115,35.88006962072011,34.999845872720115,35.17414855957031,800,0.0,0.0
2022-02-14 00:00:00-05:00,35.801637288871135,35.801637288871135,35.139287736600146,35.16543197631836,700,0.0,0.0
2022-02-15 00:00:00-05:00,35.38331132588911,35.85392761230469,35.38331132588911,35.85392761230469,400,0.0,0.0
2022-02-16 00:00:00-05:00,35.25257840191273,35.76676940917969,35.25257840191273,35.76676940917969,300,0.0,0.0
2022-02-17 00:00:00-05:00,34.94756046710181,35.33974075317383,34.94756046710181,35.33974075317383,700,0.0,0.0
2022-02-18 00:00:00-05:00,35.33974075317383,35.33974075317383,35.33974075317383,35.33974075317383,0,0.0,0.0
2022-02-22 00:00:00-05:00,35.087003051241375,35.10443365610568,34.97370910644531,34.97370910644531,800,0.0,0.0
2022-02-23 00:00:00-05:00,34.9736994713268,34.9736994713268,34.64252471923828,34.64252471923828,400,0.0,0.0
2022-02-24 00:00:00-05:00,34.52051503209451,35.034706115722656,34.52051503209451,35.034706115722656,600,0.0,0.0
2022-02-25 00:00:00-05:00,34.81682843262157,34.834259033203125,34.59895091217281,34.834259033203125,1000,0.0,0.0
2022-02-28 00:00:00-05:00,34.33750534057617,34.816835315410685,34.33750534057617,34.33750534057617,1800,0.0,0.0
2022-03-01 00:00:00-05:00,34.38107223927944,34.74710486558142,34.032466888427734,34.032466888427734,1100,0.0,0.0
2022-03-02 00:00:00-05:00,34.50308324328738,34.64252471923828,33.98889217736586,34.64252471923828,600,0.0,0.0
2022-03-03 00:00:00-05:00,33.97146703867791,34.72096633911133,33.97146703867791,34.72096633911133,1300,0.0,0.0
2022-03-04 00:00:00-05:00,34.72096633911133,34.72096633911133,34.72096633911133,34.72096633911133,0,0.0,0.0
2022-03-07 00:00:00-05:00,34.16319817412515,34.77325593741347,33.988895481107434,34.04118728637695,1300,0.0,0.0
2022-03-08 00:00:00-05:00,34.424653543097875,34.65996170043945,33.561856966178766,34.65996170043945,1600,0.0,0.0
2022-03-09 00:00:00-05:00,34.6861115340244,34.6861115340244,34.076053619384766,34.076053619384766,400,0.0,0.0
2022-03-10 00:00:00-05:00,34.16319376719794,35.27001190185547,34.16319376719794,35.27001190185547,400,0.0,0.0
2022-03-11 00:00:00-05:00,35.034706663180174,36.16766912756805,34.10219112272232,34.1631965637207,2200,0.0,0.0
2022-03-14 00:00:00-04:00,33.98889923095703,33.98889923095703,33.98889923095703,33.98889923095703,1100,0.0,0.0
2022-03-15 00:00:00-04:00,34.0847658889207,34.485659799907204,33.98889923095703,33.98889923095703,1900,0.0,0.0
2022-03-16 00:00:00-04:00,34.304735352871496,34.81360517627267,34.08539560420388,34.260868072509766,3500,0.26,0.0
2022-03-17 00:00:00-04:00,34.24332881375249,34.60304595512142,33.82219679557861,34.0678596496582,3000,0.0,0.0
2022-03-18 00:00:00-04:00,34.611818327029134,34.611818327029134,34.44511795043945,34.44511795043945,1400,0.0,0.0
2022-03-21 00:00:00-04:00,34.52408218383789,34.52408218383789,34.52408218383789,34.52408218383789,600,0.0,0.0
2022-03-22 00:00:00-04:00,34.47144264330611,34.87502705885409,34.217007680385144,34.78729248046875,3300,0.0,0.0
2022-03-23 00:00:00-04:00,34.06786222277576,34.61182403564453,34.06786222277576,34.61182403564453,600,0.0,0.0
2022-03-24 00:00:00-04:00,34.61182403564453,34.61182403564453,34.61182403564453,34.61182403564453,0,0.0,0.0
2022-03-25 00:00:00-04:00,34.559173583984375,34.559173583984375,34.559173583984375,34.559173583984375,300,0.0,0.0
2022-03-28 00:00:00-04:00,34.05908388990906,34.20823669433594,34.05908388990906,34.20823669433594,1600,0.0,0.0
2022-03-29 00:00:00-04:00,33.99766540527344,34.20823306362745,33.99766540527344,33.99766540527344,3700,0.0,0.0
2022-03-30 00:00:00-04:00,33.997674221362146,34.4100341796875,33.997674221362146,34.4100341796875,1400,0.0,0.0
2022-03-31 00:00:00-04:00,34.392478942871094,34.392478942871094,34.08540123588486,34.392478942871094,1200,0.0,0.0
2022-04-01 00:00:00-04:00,34.12928005273372,34.304749245240274,34.09418487548828,34.09418487548828,2100,0.0,0.0
2022-04-04 00:00:00-04:00,33.82219844662449,34.17314348566415,33.82219844662449,34.059085845947266,1000,0.0,0.0
2022-04-05 00:00:00-04:00,34.15559423170535,34.15559423170535,33.82219679557861,34.0678596496582,1900,0.0,0.0
2022-04-06 00:00:00-04:00,33.79588629380086,34.04154586791992,33.51513153856174,34.04154586791992,3200,0.0,0.0
2022-04-07 00:00:00-04:00,33.927475070202306,34.04153269126321,33.927475070202306,33.99766540527344,5200,0.0,0.0
2022-04-08 00:00:00-04:00,34.217010226311345,34.217010226311345,33.436161041259766,33.436161041259766,500,0.0,0.0
2022-04-11 00:00:00-04:00,33.953800201416016,33.953800201416016,33.86606227719679,33.953800201416016,1100,0.0,0.0
2022-04-12 00:00:00-04:00,33.909932912736195,33.953800201416016,33.909932912736195,33.953800201416016,2200,0.0,0.0
2022-04-13 00:00:00-04:00,33.953800201416016,33.953800201416016,33.953800201416016,33.953800201416016,0,0.0,0.0
2022-04-14 00:00:00-04:00,33.953800201416016,33.953800201416016,33.953800201416016,33.953800201416016,0,0.0,0.0
2022-04-18 00:00:00-04:00,33.92748645520906,33.97135710277984,33.558997113010236,33.962581634521484,2800,0.0,0.0
2022-04-19 00:00:00-04:00,33.778320543677985,33.927469962963,33.3747362183503,33.62039566040039,3800,0.0,0.0
2022-04-20 00:00:00-04:00,33.62039566040039,33.62039566040039,33.62039566040039,33.62039566040039,0,0.0,0.0
2022-04-21 00:00:00-04:00,33.51511678267704,33.90992902929986,33.33964430119365,33.901153564453125,1100,0.0,0.0
2022-04-22 00:00:00-04:00,33.34842802782544,33.79588317871094,33.25192130893168,33.79588317871094,800,0.0,0.0
2022-04-25 00:00:00-04:00,33.79588317871094,33.79588317871094,33.79588317871094,33.79588317871094,300,0.0,0.0
2022-04-26 00:00:00-04:00,33.453710115536154,33.453710115536154,32.699180603027344,32.699180603027344,600,0.0,0.0
2022-04-27 00:00:00-04:00,31.81304554462177,32.8220100402832,31.81304554462177,32.8220100402832,700,0.0,0.0
2022-04-28 00:00:00-04:00,31.786724102877805,32.81323612947914,31.67266646728659,32.72549819946289,1100,0.0,0.0
2022-04-29 00:00:00-04:00,32.70794953532929,32.70794953532929,31.602478428441962,32.45351791381836,1200,0.0,0.0
2022-05-02 00:00:00-04:00,32.44473648071289,32.44473648071289,32.44473648071289,32.44473648071289,400,0.0,0.0
2022-05-03 00:00:00-04:00,31.8481349849783,32.014835357666016,31.8481349849783,32.014835357666016,600,0.0,0.0
2022-05-04 00:00:00-04:00,31.716537550711415,31.716537550711415,31.584932327270508,31.584932327270508,2100,0.0,0.0
2022-05-05 00:00:00-04:00,31.698987343079196,31.698987343079196,29.435399106988672,30.00568389892578,3100,0.0,0.0
2022-05-06 00:00:00-04:00,30.1811611493132,30.225028444782122,29.56700897216797,29.56700897216797,3100,0.0,0.0
2022-05-09 00:00:00-04:00,29.40030479258057,29.584552764892578,28.987948251833892,29.584552764892578,1400,0.0,0.0
2022-05-10 00:00:00-04:00,29.47927099471626,29.56700893239619,29.172196579986757,29.53191375732422,2000,0.0,0.0
2022-05-11 00:00:00-04:00,29.01426450789754,29.461719512939453,29.01426450789754,29.461719512939453,600,0.0,0.0
2022-05-12 00:00:00-04:00,29.347665651612104,29.42662811279297,29.347665651612104,29.42662811279297,1200,0.0,0.0
2022-05-13 00:00:00-04:00,30.51455357163943,30.51455357163943,29.39153480529785,29.39153480529785,1200,0.0,0.0
2022-05-16 00:00:00-04:00,30.067104783296706,30.093424492326236,29.3213473411443,29.830217361450195,1300,0.0,0.0
2022-05-17 00:00:00-04:00,30.681252572399465,30.681252572399465,29.093231201171875,29.093231201171875,500,0.0,0.0
2022-05-18 00:00:00-04:00,30.268891927591433,30.268891927591433,29.45294761657715,29.45294761657715,700,0.0,0.0
2022-05-19 00:00:00-04:00,29.45294761657715,29.45294761657715,29.45294761657715,29.45294761657715,300,0.0,0.0
2022-05-20 00:00:00-04:00,30.26888875458295,30.26888875458295,29.12832260131836,29.12832260131836,1600,0.0,0.0
2022-05-23 00:00:00-04:00,29.259926460006263,29.34766438356053,28.970399679426084,29.014266967773438,1700,0.0,0.0
2022-05-24 00:00:00-04:00,28.96162926236423,30.268896102905273,28.96162926236423,30.268896102905273,1000,0.0,0.0
2022-05-25 00:00:00-04:00,30.268896102905273,30.268896102905273,30.268896102905273,30.268896102905273,0,0.0,0.0
2022-05-26 00:00:00-04:00,29.531911235069522,29.79511833190918,29.531911235069522,29.79511833190918,1900,0.0,0.0
2022-05-27 00:00:00-04:00,29.391533581083575,29.91794776916504,29.172193778239667,29.91794776916504,5000,0.0,0.0
2022-05-31 00:00:00-04:00,29.733699751444377,31.146248456371694,29.698604583740234,29.698604583740234,2200,0.0,0.0
2022-06-01 00:00:00-04:00,30.532102584838867,30.532102584838867,30.532102584838867,30.532102584838867,800,0.0,0.0
2022-06-02 00:00:00-04:00,30.181158391906465,30.53210007045526,29.874080657958984,29.874080657958984,3200,0.0,0.0
2022-06-03 00:00:00-04:00,30.084649051643026,30.312760980733138,29.39153445089787,29.68106460571289,5300,0.0,0.0
2022-06-06 00:00:00-04:00,29.68983170896689,29.83020902934827,28.952849940249795,29.172189712524414,10000,0.0,0.0
2022-06-07 00:00:00-04:00,29.39153444274423,30.10219662966223,28.979174530313554,29.47926902770996,5300,0.0,0.0
2022-06-08 00:00:00-04:00,29.461719512939453,29.461719512939453,29.461719512939453,29.461719512939453,1000,0.0,0.0
2022-06-09 00:00:00-04:00,29.63719432372009,29.63719432372009,29.39153480529785,29.39153480529785,1100,0.0,0.0
2022-06-10 00:00:00-04:00,29.39153480529785,29.39153480529785,29.39153480529785,29.39153480529785,900,0.0,0.0
2022-06-13 00:00:00-04:00,29.391533691197566,29.391533691197566,29.08445930480957,29.08445930480957,3000,0.0,0.0
2022-06-14 00:00:00-04:00,28.733516942275525,28.733516942275525,28.540496826171875,28.540496826171875,1500,0.0,0.0
2022-06-15 00:00:00-04:00,28.894262923279754,28.894262923279754,27.85948371887207,27.85948371887207,21100,0.26,0.0
2022-06-16 00:00:00-04:00,27.709135801530987,27.709135801530987,25.9933445987174,26.285205841064453,13500,0.0,0.0
2022-06-17 00:00:00-04:00,26.285203825458968,27.28460857258656,26.161384425143723,26.294048309326172,27900,0.0,0.0
2022-06-21 00:00:00-04:00,26.70973297628333,26.87777312386787,25.39193344116211,25.39193344116211,22400,0.0,0.0
2022-06-22 00:00:00-04:00,25.40077745357314,25.40077745357314,24.29524219674594,24.560571670532227,24400,0.0,0.0
2022-06-23 00:00:00-04:00,24.595942246084448,24.595942246084448,23.446186519053494,23.791112899780273,7300,0.0,0.0
2022-06-24 00:00:00-04:00,24.65785193627515,24.65785193627515,23.791112899780273,23.791112899780273,5400,0.0,0.0
2022-06-27 00:00:00-04:00,23.6407632598353,25.648415498546075,23.6407632598353,23.702672958374023,15300,0.0,0.0
2022-06-28 00:00:00-04:00,23.879559257267037,24.268708102684,23.702672958374023,23.702672958374023,2100,0.0,0.0
2022-06-29 00:00:00-04:00,23.87955790893205,24.631322106410593,23.658450891256752,24.295238494873047,10300,0.0,0.0
2022-06-30 00:00:00-04:00,24.197953941363114,24.419060971713545,23.67614121478308,23.959157943725586,4800,0.0,0.0
2022-07-01 00:00:00-04:00,24.657853474120927,26.24098050504735,24.657853474120927,25.710323333740234,1500,0.0,0.0
2022-07-05 00:00:00-04:00,26.479778721119025,26.479778721119025,25.568817138671875,25.568817138671875,2200,0.0,0.0
2022-07-06 00:00:00-04:00,26.143694298171948,26.647818047859595,25.444996972771815,26.630130767822266,2000,0.0,0.0
2022-07-07 00:00:00-04:00,27.46149449841434,27.46149449841434,26.09063148498535,26.09063148498535,1800,0.0,0.0
2022-07-08 00:00:00-04:00,25.6218796565465,26.002183982836677,25.6218796565465,25.754545211791992,1800,0.0,0.0
2022-07-11 00:00:00-04:00,25.683792869077276,26.090628985919263,25.22388985158507,25.62188148498535,6200,0.0,0.0
2022-07-12 00:00:00-04:00,25.215047729058146,25.79877019556337,25.215047729058146,25.71917152404785,1400,0.0,0.0
2022-07-13 00:00:00-04:00,25.701480586803566,25.701480586803566,25.31233343021691,25.60419464111328,2200,0.0,0.0
2022-07-14 00:00:00-04:00,25.223892211914062,25.223892211914062,25.223892211914062,25.223892211914062,200,0.0,0.0
2022-07-15 00:00:00-04:00,25.471528985683545,26.975057452905684,25.471528985683545,26.488622665405273,1600,0.0,0.0
2022-07-18 00:00:00-04:00,26.42671012878418,26.638974351187223,26.42671012878418,26.42671012878418,700,0.0,0.0
2022-07-19 00:00:00-04:00,26.36480230898468,26.36480230898468,25.931432723999023,25.931432723999023,400,0.0,0.0
2022-07-20 00:00:00-04:00,26.09063272502574,26.417871911615226,26.09063272502574,26.38249397277832,1800,0.0,0.0
2022-07-21 00:00:00-04:00,26.38249397277832,26.38249397277832,26.38249397277832,26.38249397277832,500,0.0,0.0
2022-07-22 00:00:00-04:00,26.09947580961333,26.479780197143555,26.090631325378574,26.479780197143555,2500,0.0,0.0
2022-07-25 00:00:00-04:00,26.276361645378664,26.276361645378664,25.904903411865234,25.904903411865234,1900,0.0,0.0
2022-07-26 00:00:00-04:00,25.04700303863219,27.178474583537124,25.04700303863219,26.66550636291504,7100,0.0,0.0
2022-07-27 00:00:00-04:00,26.81585606401182,28.098277308835556,26.81585606401182,27.514554977416992,4300,0.0,0.0
2022-07-28 00:00:00-04:00,27.417269510019096,27.797573840870545,27.373048782348633,27.373048782348633,6300,0.0,0.0
2022-07-29 00:00:00-04:00,26.868926060526586,27.41727224772267,26.568222045898438,26.568222045898438,1300,0.0,0.0
2022-08-01 00:00:00-04:00,26.709728779209087,27.903705341632552,26.66550636291504,26.66550636291504,3100,0.0,0.0
2022-08-02 00:00:00-04:00,26.745101008041374,26.745101008041374,26.559371948242188,26.559371948242188,900,0.0,0.0
2022-08-03 00:00:00-04:00,25.807613109339666,25.96681044268293,25.807613109339666,25.949121475219727,1100,0.0,0.0
2022-08-04 00:00:00-04:00,26.85123555401382,27.019275665283203,26.842391071276598,27.019275665283203,3200,0.0,0.0
2022-08-05 00:00:00-04:00,27.019275665283203,27.019275665283203,27.019275665283203,27.019275665283203,0,0.0,0.0
2022-08-08 00:00:00-04:00,27.019275665283203,27.019275665283203,27.019275665283203,27.019275665283203,500,0.0,0.0
2022-08-09 00:00:00-04:00,26.187916643459978,26.187916643459978,25.878366470336914,25.878366470336914,3800,0.0,0.0
2022-08-10 00:00:00-04:00,26.488622665405273,26.488622665405273,26.488622665405273,26.488622665405273,1000,0.0,0.0
2022-08-11 00:00:00-04:00,26.09062813510414,27.258072920734975,26.09062813510414,26.311735153198242,1700,0.0,0.0
2022-08-12 00:00:00-04:00,26.22329058287505,26.22329058287505,25.232732140339067,25.648412704467773,7500,0.0,0.0
2022-08-15 00:00:00-04:00,25.701477508915538,25.701477508915538,25.2061982954458,25.542280197143555,5600,0.0,0.0
2022-08-16 00:00:00-04:00,25.391928620256312,25.42730655213387,25.215044021606445,25.215044021606445,900,0.0,0.0
2022-08-17 00:00:00-04:00,25.206201033047666,25.21504551654142,24.870119094848633,24.870119094848633,2100,0.0,0.0
2022-08-18 00:00:00-04:00,24.896649631854324,25.47152753532451,24.896649631854324,25.073535919189453,2500,0.0,0.0
2022-08-19 00:00:00-04:00,24.940873206659653,25.179667512677305,24.73745346069336,24.73745346069336,2700,0.0,0.0
2022-08-22 00:00:00-04:00,24.73745346069336,24.73745346069336,24.73745346069336,24.73745346069336,0,0.0,0.0
2022-08-23 00:00:00-04:00,24.189108423866806,24.525190353393555,24.189108423866806,24.525190353393555,600,0.0,0.0
2022-08-24 00:00:00-04:00,24.100666046142578,24.100666046142578,24.100666046142578,24.100666046142578,300,0.0,0.0
2022-08-25 00:00:00-04:00,23.985691133852132,24.144886776966732,23.985691133852132,24.100666046142578,4800,0.0,0.0
2022-08-26 00:00:00-04:00,24.30408265436192,24.30408265436192,23.94146728515625,23.94146728515625,1300,0.0,0.0
2022-08-29 00:00:00-04:00,24.38368230743907,24.38368230743907,23.446188999144024,23.879558563232422,4400,0.0,0.0
2022-08-30 00:00:00-04:00,23.525787353515625,23.525787353515625,23.525787353515625,23.525787353515625,200,0.0,0.0
2022-08-31 00:00:00-04:00,23.525787353515625,23.525787353515625,23.525787353515625,23.525787353515625,900,0.0,0.0
2022-09-01 00:00:00-04:00,23.525787353515625,23.525787353515625,23.525787353515625,23.525787353515625,200,0.0,0.0
2022-09-02 00:00:00-04:00,23.52578766264115,24.33946157745743,23.52578766264115,23.879558563232422,1600,0.0,0.0
2022-09-06 00:00:00-04:00,23.684981667504164,24.2244815826416,23.684981667504164,24.2244815826416,1400,0.0,0.0
2022-09-07 00:00:00-04:00,24.18911127363385,24.18911127363385,23.95031525806953,23.96800422668457,800,0.0,0.0
2022-09-08 00:00:00-04:00,24.268710164614156,24.268710164614156,24.20680046081543,24.20680046081543,1300,0.0,0.0
2022-09-09 00:00:00-04:00,25.215047177633,26.594754642207867,24.003379849771257,25.011629104614258,9100,0.0,0.0
2022-09-12 00:00:00-04:00,24.940870387269353,25.471525840133026,24.940870387269353,25.43614959716797,1900,0.0,0.0
2022-09-13 00:00:00-04:00,24.993937985276013,25.10891289454787,24.772830963134766,24.772830963134766,600,0.0,0.0
2022-09-14 00:00:00-04:00,25.1442893505925,25.338862911357115,24.233327865600586,24.233327865600586,3000,0.0,0.0
2022-09-15 00:00:00-04:00,24.679782292972536,25.179808062935614,24.21547508239746,24.21547508239746,5500,0.26,0.0
2022-09-16 00:00:00-04:00,24.215473352505473,24.938722610473633,24.215473352505473,24.938722610473633,3600,0.0,0.0
2022-09-19 00:00:00-04:00,24.295831154153642,24.483341217041016,24.295831154153642,24.483341217041016,300,0.0,0.0
2022-09-20 00:00:00-04:00,24.045821987413166,24.55477523803711,24.045821987413166,24.55477523803711,400,0.0,0.0
2022-09-21 00:00:00-04:00,24.152969360351562,24.152969360351562,24.152969360351562,24.152969360351562,400,0.0,0.0
2022-09-22 00:00:00-04:00,23.92974281311035,23.92974281311035,23.92974281311035,23.92974281311035,1100,0.0,0.0
2022-09-23 00:00:00-04:00,23.733303844991568,24.17975425720215,23.6618718471608,24.17975425720215,2700,0.0,0.0
2022-09-26 00:00:00-04:00,23.66187630069405,25.715547902166403,23.66187630069405,24.081539154052734,4500,0.0,0.0
2022-09-27 00:00:00-04:00,23.95653126873479,23.95653126873479,23.215423583984375,23.215423583984375,7700,0.0,0.0
2022-09-28 00:00:00-04:00,23.394004821777344,23.66187441696649,23.394004821777344,23.394004821777344,1200,0.0,0.0
2022-09-29 00:00:00-04:00,23.40293060546547,23.572582244873047,23.224351456207227,23.572582244873047,1000,0.0,0.0
2022-09-30 00:00:00-04:00,23.090420353100235,23.822598898963296,22.947556329667126,22.956483840942383,4500,0.0,0.0
2022-10-03 00:00:00-04:00,23.135062769451466,23.135062769451466,22.545748296752517,22.902908325195312,1300,0.0,0.0
2022-10-04 00:00:00-04:00,22.563607148126735,22.938625610810156,22.5011043548584,22.5011043548584,1900,0.0,0.0
2022-10-05 00:00:00-04:00,22.849337665215327,24.10832799070633,22.57253882070115,23.527942657470703,4000,0.0,0.0
2022-10-06 00:00:00-04:00,23.43864833453258,24.64406487520891,22.545747445598003,23.510080337524414,8500,0.0,0.0
2022-10-07 00:00:00-04:00,23.34935656810134,23.34935656810134,22.126083374023438,22.126083374023438,10700,0.0,0.0
2022-10-10 00:00:00-04:00,20.929596287867323,22.938623189521135,20.929596287867323,22.885047912597656,1000,0.0,0.0
2022-10-11 00:00:00-04:00,22.885047912597656,22.885047912597656,22.885047912597656,22.885047912597656,1200,0.0,0.0
2022-10-12 00:00:00-04:00,22.126083374023438,22.126083374023438,22.126083374023438,22.126083374023438,200,0.0,0.0
2022-10-13 00:00:00-04:00,22.18858925588074,22.60825209509523,22.18858925588074,22.367168426513672,3000,0.0,0.0
2022-10-14 00:00:00-04:00,22.367168426513672,22.367168426513672,22.367168426513672,22.367168426513672,200,0.0,0.0
2022-10-17 00:00:00-04:00,22.099300460458746,22.3225257176351,22.054656090252898,22.117158889770508,3100,0.0,0.0
2022-10-18 00:00:00-04:00,22.295733040534966,22.599319458007812,21.876070264886344,22.599319458007812,9600,0.0,0.0
2022-10-19 00:00:00-04:00,22.5457517105079,22.5457517105079,21.96536636352539,21.96536636352539,900,0.0,0.0
2022-10-20 00:00:00-04:00,22.6350376614016,22.6350376614016,21.88500078553203,22.24216079711914,1700,0.0,0.0
2022-10-21 00:00:00-04:00,22.76897125290833,22.76897125290833,22.63503646850586,22.63503646850586,600,0.0,0.0
2022-10-24 00:00:00-04:00,22.617179760936327,22.617179760936327,22.545747756958008,22.545747756958008,700,0.0,0.0
2022-10-25 00:00:00-04:00,21.617130698552263,21.75999641418457,21.420693107052067,21.75999641418457,12200,0.0,0.0
2022-10-26 00:00:00-04:00,21.563558756989956,21.652849197387695,21.563558756989956,21.652849197387695,1100,0.0,0.0
2022-10-27 00:00:00-04:00,21.67070861844254,21.67070861844254,21.661779403686523,21.661779403686523,1100,0.0,0.0
2022-10-28 00:00:00-04:00,21.67070960998535,21.67070960998535,21.67070960998535,21.67070960998535,500,0.0,0.0
2022-10-31 00:00:00-04:00,21.876071015935114,21.885000228881836,21.876071015935114,21.885000228881836,1000,0.0,0.0
2022-11-01 00:00:00-04:00,22.260017646491477,22.260017646491477,21.876070022583008,21.876070022583008,400,0.0,0.0
2022-11-02 00:00:00-04:00,22.277876071574,22.277876071574,21.876070022583008,21.876070022583008,1300,0.0,0.0
2022-11-03 00:00:00-04:00,22.21537158378517,22.21537158378517,21.876070022583008,21.876070022583008,900,0.0,0.0
2022-11-04 00:00:00-04:00,22.233230008867693,22.545745635519225,21.876070022583008,21.876070022583008,2400,0.0,0.0
2022-11-07 00:00:00-05:00,22.05465211049406,22.05465211049406,21.447479248046875,21.447479248046875,700,0.0,0.0
2022-11-08 00:00:00-05:00,21.13496273824631,21.509981155395508,21.13496273824631,21.509981155395508,3000,0.0,0.0
2022-11-09 00:00:00-05:00,20.965312863193365,21.98322105407715,20.965312863193365,21.98322105407715,6300,0.0,0.0
2022-11-10 00:00:00-05:00,22.054655075073242,22.054655075073242,22.054655075073242,22.054655075073242,200,0.0,0.0
2022-11-11 00:00:00-05:00,21.73320913623628,22.099298387418347,21.483196258544922,21.483196258544922,1700,0.0,0.0
2022-11-14 00:00:00-05:00,21.876070022583008,21.876070022583008,21.876070022583008,21.876070022583008,900,0.0,0.0
2022-11-15 00:00:00-05:00,21.813570022583008,21.813570022583008,21.813570022583008,21.813570022583008,500,0.0,0.0
2022-11-16 00:00:00-05:00,21.69749356604982,21.81357164948893,21.652849197387695,21.652849197387695,1000,0.0,0.0
2022-11-17 00:00:00-05:00,21.643917130198275,21.751065985167184,21.60820198059082,21.60820198059082,2300,0.0,0.0
2022-11-18 00:00:00-05:00,21.876071563403183,21.876071563403183,21.60820198059082,21.60820198059082,2400,0.0,0.0
2022-11-21 00:00:00-05:00,22.08143734179906,22.152869340802816,21.599271774291992,21.599271774291992,1300,0.0,0.0
2022-11-22 00:00:00-05:00,22.242163429480232,22.242163429480232,21.49212646484375,21.49212646484375,900,0.0,0.0
2022-11-23 00:00:00-05:00,21.563554843589706,21.58141326904297,21.259968423177,21.58141326904297,3200,0.0,0.0
2022-11-25 00:00:00-05:00,21.58141432714779,21.697490692138672,21.58141432714779,21.697490692138672,300,0.0,0.0
2022-11-28 00:00:00-05:00,21.78678113477464,21.885000776573364,21.60820198059082,21.60820198059082,1900,0.0,0.0
2022-11-29 00:00:00-05:00,22.01000573105846,23.87616865390865,21.28675651550293,21.28675651550293,8400,0.0,0.0
2022-11-30 00:00:00-05:00,22.188583253745012,22.188583253745012,21.6081981258069,21.64391326904297,1500,0.0,0.0
2022-12-01 00:00:00-05:00,21.688563182047528,21.697490692138672,21.688563182047528,21.697490692138672,1300,0.0,0.0
2022-12-02 00:00:00-05:00,21.831430080237425,22.34931259090486,21.268901497830168,22.30466651916504,8900,0.0,0.0
2022-12-05 00:00:00-05:00,21.61712949068773,22.411812432101183,21.56355591473991,21.60820198059082,5700,0.0,0.0
2022-12-06 00:00:00-05:00,22.197516604820105,22.197516604820105,21.786781311035156,21.786781311035156,1800,0.0,0.0
2022-12-07 00:00:00-05:00,21.608203062576457,21.786782225702254,21.608203062576457,21.77785301208496,4400,0.0,0.0
2022-12-08 00:00:00-05:00,22.313590042163288,22.313590042163288,21.652843676606736,21.74213409423828,4000,0.0,0.0
2022-12-09 00:00:00-05:00,22.242161414490344,22.242161414490344,22.001077761324854,22.072509765625,1100,0.0,0.0
2022-12-12 00:00:00-05:00,21.55462590186552,22.26894760131836,21.55462590186552,22.26894760131836,1200,0.0,0.0
2022-12-13 00:00:00-05:00,22.054652970139138,22.090368120636416,21.26889922231927,21.420692443847656,6300,0.0,0.0
2022-12-14 00:00:00-05:00,22.018935746118252,22.018935746118252,21.608202155406588,21.786781311035156,6700,0.0,0.0
2022-12-15 00:00:00-05:00,22.021435806585487,22.463669358782987,21.470901073376808,21.660429000854492,5200,0.26,0.0
2022-12-16 00:00:00-05:00,21.254296168585373,21.813858032226562,21.254296168585373,21.813858032226562,4800,0.0,0.0
2022-12-19 00:00:00-05:00,21.317475335548778,21.660431408764317,20.73083727442827,21.272348403930664,2600,0.0,0.0
2022-12-20 00:00:00-05:00,22.066566312602895,22.102666138323624,21.434803009033203,21.434803009033203,1500,0.0,0.0
2022-12-21 00:00:00-05:00,21.967287594555543,21.967287594555543,21.47992706298828,21.47992706298828,700,0.0,0.0
2022-12-22 00:00:00-05:00,21.877034657779664,21.976312182027222,21.497977054144673,21.53407859802246,1600,0.0,0.0
2022-12-23 00:00:00-05:00,22.003389358520508,22.003389358520508,22.003389358520508,22.003389358520508,400,0.0,0.0
2022-12-27 00:00:00-05:00,21.75068248514,22.39146938998083,21.75068248514,22.355369567871094,4900,0.0,0.0
2022-12-28 00:00:00-05:00,21.750679720921383,22.472693285521345,21.750679720921383,22.20193862915039,1700,0.0,0.0
2022-12-29 00:00:00-05:00,22.183888006552962,22.562945560831576,22.183888006552962,22.517820358276367,1100,0.0,0.0
2022-12-30 00:00:00-05:00,22.562948442374058,22.562948442374058,22.247066819897547,22.47269630432129,1700,0.0,0.0
2023-01-03 00:00:00-05:00,22.5629461308719,22.5629461308719,22.111687208254462,22.55392074584961,2000,0.0,0.0
2023-01-04 00:00:00-05:00,22.56294580606314,23.609866353751176,22.56294580606314,23.465463638305664,5800,0.0,0.0
2023-01-05 00:00:00-05:00,22.833700467169436,23.465463638305664,22.833700467169436,23.465463638305664,1200,0.0,0.0
2023-01-06 00:00:00-05:00,23.19470897719937,23.465463638305664,22.409517705725264,23.465463638305664,600,0.0,0.0
2023-01-09 00:00:00-05:00,23.312037526448634,23.96184980138142,23.312037526448634,23.8896484375,1400,0.0,0.0
2023-01-10 00:00:00-05:00,23.032259260838405,25.19830206837629,23.032259260838405,24.611665725708008,10100,0.0,0.0
2023-01-11 00:00:00-05:00,24.3589578785399,25.577357386027984,24.19650438135265,24.28675651550293,8500,0.0,0.0
2023-01-12 00:00:00-05:00,24.097229362701224,25.721760944301074,22.111689232820222,24.954620361328125,14400,0.0,0.0
2023-01-13 00:00:00-05:00,23.961850709515108,24.765092849731445,23.916725500910125,24.765092849731445,3300,0.0,0.0
2023-01-17 00:00:00-05:00,24.738018188768088,25.27050394532942,24.738018188768088,24.84632110595703,1400,0.0,0.0
2023-01-18 00:00:00-05:00,24.900472302722807,25.026824274635064,23.55572065985951,24.774120330810547,5700,0.0,0.0
2023-01-19 00:00:00-05:00,24.14235019934973,24.45823176119452,24.088199615478516,24.088199615478516,4700,0.0,0.0
2023-01-20 00:00:00-05:00,24.71093896735488,24.71093896735488,23.82647185199652,24.061126708984375,5700,0.0,0.0
2023-01-23 00:00:00-05:00,24.09722905452911,24.09722905452911,23.862574189713822,23.89867401123047,3200,0.0,0.0
2023-01-24 00:00:00-05:00,23.979900360107422,23.979900360107422,23.979900360107422,23.979900360107422,900,0.0,0.0
2023-01-25 00:00:00-05:00,23.68206921130872,23.68206921130872,23.555717257645803,23.64596939086914,1300,0.0,0.0
2023-01-26 00:00:00-05:00,23.239837428967867,23.826473757648824,23.203735884351737,23.330089569091797,7800,0.0,0.0
2023-01-27 00:00:00-05:00,23.11348533630371,23.11348533630371,23.11348533630371,23.11348533630371,800,0.0,0.0
2023-01-30 00:00:00-05:00,23.19470978042517,23.203733444213867,23.19470978042517,23.203733444213867,900,0.0,0.0
2023-01-31 00:00:00-05:00,23.014209063547963,23.91672706604004,22.833704774482953,23.91672706604004,2900,0.0,0.0
2023-02-01 00:00:00-05:00,23.041282007354077,23.934774498542367,23.041282007354077,23.420339584350586,5600,0.0,0.0
2023-02-02 00:00:00-05:00,23.46546587262835,23.69109535217285,23.46546587262835,23.69109535217285,800,0.0,0.0
2023-02-03 00:00:00-05:00,24.593611609295646,24.593611609295646,23.91672321637925,24.12430191040039,3000,0.0,0.0
2023-02-06 00:00:00-05:00,24.367982644950395,26.163993011100864,24.196503766563456,25.496129989624023,16500,0.0,0.0
2023-02-07 00:00:00-05:00,25.225377941043337,25.27050315096063,24.792168007321823,24.909496307373047,6400,0.0,0.0
2023-02-08 00:00:00-05:00,24.747043015412054,24.846320543804374,24.728992242719556,24.819244384765625,2600,0.0,0.0
2023-02-09 00:00:00-05:00,24.909496590226762,24.909496590226762,24.458237600264017,24.611665725708008,2200,0.0,0.0
2023-02-10 00:00:00-05:00,24.250658816283316,25.035848492826336,24.250658816283316,24.819244384765625,9700,0.0,0.0
2023-02-13 00:00:00-05:00,24.81923887874296,25.089993523399194,24.395056143070587,24.521408081054688,6800,0.0,0.0
2023-02-14 00:00:00-05:00,24.638737921519905,24.638737921519905,24.142353766293464,24.38603401184082,16200,0.0,0.0
2023-02-15 00:00:00-05:00,24.41310933737578,24.774117886796354,24.377009515283525,24.647764205932617,5700,0.0,0.0
2023-02-16 00:00:00-05:00,24.46726125429872,24.72899055480957,24.46726125429872,24.72899055480957,2300,0.0,0.0
2023-02-17 00:00:00-05:00,24.909496370233814,25.270503214732422,24.42213583909838,24.710941314697266,13300,0.0,0.0
2023-02-21 00:00:00-05:00,24.728988507069783,24.819240635482043,24.304805741373187,24.41310691833496,5900,0.0,0.0
2023-02-22 00:00:00-05:00,24.620690094510927,24.629715480507137,24.14235496520996,24.14235496520996,19600,0.0,0.0
2023-02-23 00:00:00-05:00,24.00697836522113,24.187480926513672,23.916726223866654,24.187480926513672,8000,0.0,0.0
2023-02-24 00:00:00-05:00,23.420342028541647,24.728992053224125,23.420342028541647,24.187480926513672,16800,0.0,0.0
2023-02-27 00:00:00-05:00,24.250656763324532,24.31383274098364,23.979900360107422,23.979900360107422,2800,0.0,0.0
2023-02-28 00:00:00-05:00,24.304806887935868,24.367982864379883,24.304806887935868,24.367982864379883,1600,0.0,0.0
2023-03-01 00:00:00-05:00,24.6116660460374,24.6116660460374,23.645972070374913,24.214557647705078,12300,0.0,0.0
2023-03-02 00:00:00-05:00,24.133328493841326,24.34993258375973,23.72719647077543,23.871599197387695,6300,0.0,0.0
2023-03-03 00:00:00-05:00,23.91672396312412,24.160404205322266,23.91672396312412,24.160404205322266,1400,0.0,0.0
2023-03-06 00:00:00-05:00,24.160404205322266,24.160404205322266,24.160404205322266,24.160404205322266,700,0.0,0.0
2023-03-07 00:00:00-05:00,24.521411185664597,24.521411185664597,24.151378987791173,24.27773094177246,2400,0.0,0.0
2023-03-08 00:00:00-05:00,24.27773094177246,24.27773094177246,24.27773094177246,24.27773094177246,300,0.0,0.0
2023-03-09 00:00:00-05:00,23.55572027725963,23.709148406982422,23.55572027725963,23.709148406982422,700,0.0,0.0
2023-03-10 00:00:00-05:00,23.33911570603449,23.456442286978366,23.33911570603449,23.375215530395508,4000,0.0,0.0
2023-03-13 00:00:00-04:00,22.165839206051512,22.535871408407413,21.660429662587692,22.1116886138916,10600,0.0,0.0
2023-03-14 00:00:00-04:00,22.562945811611076,22.878827397256863,21.913133591946494,22.120712280273438,14800,0.0,0.0
2023-03-15 00:00:00-04:00,22.021438598632812,22.021438598632812,21.88606124449654,22.021438598632812,3100,0.0,0.0
2023-03-16 00:00:00-04:00,22.176579873866466,22.349977493286133,21.89366925110223,22.349977493286133,800,0.27,0.0
2023-03-17 00:00:00-04:00,22.340853418910584,22.340853418910584,21.455615964608043,22.039690017700195,1800,0.0,0.0
2023-03-20 00:00:00-04:00,21.95755386352539,21.95755386352539,21.95755386352539,21.95755386352539,600,0.0,0.0
2023-03-21 00:00:00-04:00,21.720273262469053,21.720273262469053,21.501245498657227,21.501245498657227,1400,0.0,0.0
2023-03-22 00:00:00-04:00,21.69289823307784,22.359107971191406,21.69289823307784,22.359107971191406,4500,0.0,0.0
2023-03-23 00:00:00-04:00,22.24046624934816,22.24046624934816,21.95755386352539,21.95755386352539,1500,0.0,0.0
2023-03-24 00:00:00-04:00,21.482994079589844,21.482994079589844,21.482994079589844,21.482994079589844,600,0.0,0.0
2023-03-27 00:00:00-04:00,21.42823600769043,22.614638557765367,21.42823600769043,21.42823600769043,4200,0.0,0.0
2023-03-28 00:00:00-04:00,22.286096608107346,23.636768707828285,22.286096608107346,22.99793815612793,6200,0.0,0.0
2023-03-29 00:00:00-04:00,23.6732740823807,24.1295823629318,22.943179789092177,23.90142822265625,13400,0.0,0.0
2023-03-30 00:00:00-04:00,23.94705810789892,24.5402585183726,23.4542460751299,23.636768341064453,10500,0.0,0.0
2023-03-31 00:00:00-04:00,23.718906823821733,24.321233681165563,23.271724868562114,23.40861701965332,3300,0.0,0.0
2023-04-03 00:00:00-04:00,23.36298474938314,23.52725601196289,22.943180218270673,23.52725601196289,2900,0.0,0.0
2023-04-04 00:00:00-04:00,23.68239927103285,23.68239927103285,23.536380767822266,23.536380767822266,900,0.0,0.0
2023-04-05 00:00:00-04:00,22.541630838524192,23.226093292236328,22.541630838524192,23.226093292236328,1700,0.0,0.0
2023-04-06 00:00:00-04:00,22.49599838256836,22.49599838256836,22.49599838256836,22.49599838256836,900,0.0,0.0
2023-04-10 00:00:00-04:00,21.492120332899386,21.492120332899386,21.47386932373047,21.47386932373047,1200,0.0,0.0
2023-04-11 00:00:00-04:00,22.258718268123697,22.80628857505735,22.258718268123697,22.705900192260742,1600,0.0,0.0
2023-04-12 00:00:00-04:00,22.58725900352983,22.62376450007102,22.57813262939453,22.57813262939453,800,0.0,0.0
2023-04-13 00:00:00-04:00,21.711147720038333,21.729398727416992,21.711147720038333,21.729398727416992,500,0.0,0.0
2023-04-14 00:00:00-04:00,21.902794780394252,23.67327117919922,21.902794780394252,23.67327117919922,1900,0.0,0.0
2023-04-17 00:00:00-04:00,21.90279412473997,22.23133659362793,21.90279412473997,22.23133659362793,700,0.0,0.0
2023-04-18 00:00:00-04:00,22.569007697124448,22.86104472539979,22.359106300636295,22.62376594543457,5500,0.0,0.0
2023-04-19 00:00:00-04:00,22.62376594543457,22.62376594543457,22.62376594543457,22.62376594543457,0,0.0,0.0
2023-04-20 00:00:00-04:00,22.760659249580137,22.997939782365656,22.760659249580137,22.797163009643555,9100,0.0,0.0
2023-04-21 00:00:00-04:00,22.541631238852172,22.9431812988731,22.541631238852172,22.724153518676758,11100,0.0,0.0
2023-04-24 00:00:00-04:00,22.715023040771484,22.715023040771484,22.67851928767114,22.715023040771484,3500,0.0,0.0
2023-04-25 00:00:00-04:00,22.669394821519052,22.669394821519052,22.130950927734375,22.130950927734375,1400,0.0,0.0
2023-04-26 00:00:00-04:00,22.52337631547689,22.52337631547689,22.130950927734375,22.130950927734375,5200,0.0,0.0
2023-04-27 00:00:00-04:00,22.34085153499242,22.34085153499242,21.902796032112846,21.975805282592773,7100,0.0,0.0
2023-04-28 00:00:00-04:00,22.121827215531365,22.276972114455113,22.09444808959961,22.09444808959961,5500,0.0,0.0
2023-05-01 00:00:00-04:00,22.085320797350413,22.167456424583865,22.085320797350413,22.130950927734375,4400,0.0,0.0
2023-05-02 00:00:00-04:00,22.20396209189502,22.20396209189502,20.85328992441103,21.610761642456055,15400,0.0,0.0
2023-05-03 00:00:00-04:00,21.711149851147066,21.838915618728123,21.28221893310547,21.28221893310547,3100,0.0,0.0
2023-05-04 00:00:00-04:00,21.21833720886259,21.336976608003013,21.017562171594896,21.1270751953125,3600,0.0,0.0
2023-05-05 00:00:00-04:00,21.291344840115595,21.291344840115595,21.136199951171875,21.136199951171875,500,0.0,0.0
2023-05-08 00:00:00-04:00,21.090570511107746,21.391733924165607,21.090570511107746,21.355228424072266,3200,0.0,0.0
2023-05-09 00:00:00-04:00,21.38260455122911,21.446487426757812,21.21833330519656,21.446487426757812,1000,0.0,0.0
2023-05-10 00:00:00-04:00,21.52862548828125,21.52862548828125,21.52862548828125,21.52862548828125,800,0.0,0.0
2023-05-11 00:00:00-04:00,22.10357335594274,22.29522374649346,21.857168197631836,21.857168197631836,4600,0.0,0.0
2023-05-12 00:00:00-04:00,21.866288681882146,21.96667704553151,21.85716404943919,21.91192054748535,4500,0.0,0.0
2023-05-15 00:00:00-04:00,21.89367132438535,21.90279769897461,21.875418575206822,21.90279769897461,1700,0.0,0.0
2023-05-16 00:00:00-04:00,21.90279769897461,21.90279769897461,21.90279769897461,21.90279769897461,0,0.0,0.0
2023-05-17 00:00:00-04:00,22.267843059564164,22.45036706245581,22.130950927734375,22.130950927734375,2100,0.0,0.0
2023-05-18 00:00:00-04:00,22.52337631547689,22.541629063901638,22.112698179309632,22.130950927734375,1000,0.0,0.0
2023-05-19 00:00:00-04:00,22.879297256469727,22.879297256469727,22.879297256469727,22.879297256469727,600,0.0,0.0
2023-05-22 00:00:00-04:00,22.79716004456018,22.833665540553643,22.267842537399975,22.632888793945312,1800,0.0,0.0
2023-05-23 00:00:00-04:00,22.815413705051057,23.18045997619629,22.541629436861616,23.18045997619629,1400,0.0,0.0
2023-05-24 00:00:00-04:00,22.906677477192666,22.979686737060547,22.906677477192666,22.979686737060547,700,0.0,0.0
2023-05-25 00:00:00-04:00,22.81541633605957,22.81541633605957,22.81541633605957,22.81541633605957,4100,0.0,0.0
2023-05-26 00:00:00-04:00,22.824541091918945,22.988812356390913,22.815414717150727,22.824541091918945,12100,0.0,0.0
2023-05-30 00:00:00-04:00,22.824541091918945,22.824541091918945,22.824541091918945,22.824541091918945,300,0.0,0.0
2023-05-31 00:00:00-04:00,22.824541091918945,22.824541091918945,22.824541091918945,22.824541091918945,300,0.0,0.0
2023-06-01 00:00:00-04:00,22.99793815612793,22.99793815612793,22.99793815612793,22.99793815612793,1000,0.0,0.0
2023-06-02 00:00:00-04:00,22.94317626953125,22.94317626953125,22.94317626953125,22.94317626953125,600,0.0,0.0
2023-06-05 00:00:00-04:00,22.861044534453427,23.627642597612205,22.861044534453427,23.59113883972168,3000,0.0,0.0
2023-06-06 00:00:00-04:00,22.696773456118294,23.600263595581055,22.651141586037635,23.600263595581055,1400,0.0,0.0
2023-06-07 00:00:00-04:00,23.17133400288756,24.43987221050553,23.17133400288756,24.166086196899414,2200,0.0,0.0
2023-06-08 00:00:00-04:00,23.77366199871087,26.21947479248047,23.77366199871087,26.21947479248047,2400,0.0,0.0
2023-06-09 00:00:00-04:00,24.731910430685396,26.465881638152908,24.731910430685396,26.283357620239258,3500,0.0,0.0
2023-06-12 00:00:00-04:00,26.548014417448762,27.351116180419922,25.44374753510084,27.351116180419922,3000,0.0,0.0
2023-06-13 00:00:00-04:00,26.502386415918654,27.360244750976562,26.465880917059344,27.360244750976562,5300,0.0,0.0
2023-06-14 00:00:00-04:00,26.46588169829285,27.36937193359459,26.00957339314987,26.739665985107422,12600,0.0,0.0
2023-06-15 00:00:00-04:00,26.371221224807908,27.163371661896626,26.325166702270508,26.325166702270508,7600,0.27,0.0
2023-06-16 00:00:00-04:00,26.712032396012248,27.706825256347656,25.910670651110163,27.706825256347656,19600,0.0,0.0
2023-06-20 00:00:00-04:00,27.467336531128566,29.01479240728242,27.467336531128566,27.72524642944336,28800,0.0,0.0
2023-06-21 00:00:00-04:00,27.679191274436015,28.508186782408057,27.35680608452191,27.633136749267578,22200,0.0,0.0
2023-06-22 00:00:00-04:00,27.172584439112136,27.863412857055664,26.988362824913523,27.863412857055664,8800,0.0,0.0
2023-06-23 00:00:00-04:00,27.494969586221185,28.06605339050293,27.494969586221185,28.06605339050293,2200,0.0,0.0
2023-06-26 00:00:00-04:00,28.093688996370176,28.093688996370176,27.863412857055664,27.863412857055664,2200,0.0,0.0
2023-06-27 00:00:00-04:00,27.863412857055664,27.863412857055664,27.863412857055664,27.863412857055664,500,0.0,0.0
2023-06-28 00:00:00-04:00,27.568659679831896,28.01078944566755,27.568659679831896,27.863412857055664,1200,0.0,0.0
2023-06-29 00:00:00-04:00,27.84499302140885,28.09369169742777,27.84499302140885,27.95552635192871,1800,0.0,0.0
2023-06-30 00:00:00-04:00,28.09369113460618,28.37002182006836,27.63313882092411,28.37002182006836,4600,0.0,0.0
2023-07-03 00:00:00-04:00,28.323964911249448,28.99637081107156,28.323964911249448,28.812150955200195,1300,0.0,0.0
2023-07-05 00:00:00-04:00,29.659561846109565,30.451712177974514,29.549030303955078,29.549030303955078,1900,0.0,0.0
2023-07-06 00:00:00-04:00,29.733256665752947,30.764896392822266,29.733256665752947,30.764896392822266,1800,0.0,0.0
2023-07-07 00:00:00-04:00,30.414870931718127,30.90305519104004,29.668775023734327,30.90305519104004,6200,0.0,0.0
2023-07-10 00:00:00-04:00,30.16617268187506,30.967532621181405,30.028005599975586,30.028005599975586,2500,0.0,0.0
2023-07-11 00:00:00-04:00,30.405658771223063,30.470139320496823,30.405658771223063,30.43329429626465,900,0.0,0.0
2023-07-12 00:00:00-04:00,30.396455319518235,30.81095314025879,30.36882330271407,30.81095314025879,2200,0.0,0.0
2023-07-13 00:00:00-04:00,30.442506836223046,30.442506836223046,28.591088105312554,30.212230682373047,2800,0.0,0.0
2023-07-14 00:00:00-04:00,30.39645176297652,30.39645176297652,29.659568786621094,29.659568786621094,600,0.0,0.0
2023-07-17 00:00:00-04:00,30.120116241048926,30.378024362853374,30.120116241048926,30.25827980041504,1900,0.0,0.0
2023-07-18 00:00:00-04:00,30.203018902704255,30.626726150512695,30.203018902704255,30.626726150512695,1800,0.0,0.0
2023-07-19 00:00:00-04:00,30.49777125976995,30.635934829711914,29.61351176269576,30.635934829711914,1700,0.0,0.0
2023-07-20 00:00:00-04:00,30.672779703938343,32.321557632158644,30.672779703938343,32.247867584228516,7800,0.0,0.0
2023-07-21 00:00:00-04:00,31.317555454956995,32.06365142338737,31.317555454956995,32.01759338378906,5100,0.0,0.0
2023-07-24 00:00:00-04:00,32.23866199822455,33.0676575693873,32.23866199822455,32.60710525512695,9500,0.0,0.0
2023-07-25 00:00:00-04:00,32.072857071298515,32.93869400024414,32.072857071298515,32.93869400024414,3400,0.0,0.0
2023-07-26 00:00:00-04:00,33.970334579128355,34.90986158068944,33.20581616574378,34.8177490234375,7300,0.0,0.0
2023-07-27 00:00:00-04:00,34.54142576896104,34.54142576896104,34.00718336380805,34.31114959716797,4200,0.0,0.0
2023-07-28 00:00:00-04:00,34.35720216793978,34.54142379760742,34.35720216793978,34.54142379760742,2200,0.0,0.0
2023-07-31 00:00:00-04:00,34.54142379760742,34.63353285557358,33.896649850638354,34.54142379760742,2500,0.0,0.0
2023-08-01 00:00:00-04:00,34.30193813865422,34.54142379760742,34.30193813865422,34.54142379760742,7100,0.0,0.0
2023-08-02 00:00:00-04:00,34.53221130371094,34.53221130371094,34.53221130371094,34.53221130371094,400,0.0,0.0
2023-08-03 00:00:00-04:00,34.52300138631206,34.63353295894843,33.647951278080406,34.08087158203125,9900,0.0,0.0
2023-08-04 00:00:00-04:00,34.31114959716797,34.31114959716797,34.31114959716797,34.31114959716797,900,0.0,0.0
2023-08-07 00:00:00-04:00,34.15456050383856,34.2006150314276,33.951916365964486,34.04402542114258,1000,0.0,0.0
2023-08-08 00:00:00-04:00,34.37562447457927,34.5966911315918,34.37562447457927,34.5966911315918,600,0.0,0.0
2023-08-09 00:00:00-04:00,34.0900764465332,34.0900764465332,34.0900764465332,34.0900764465332,700,0.0,0.0
2023-08-10 00:00:00-04:00,33.98876076785387,33.98876076785387,33.9519157409668,33.9519157409668,700,0.0,0.0
2023-08-11 00:00:00-04:00,33.90585708618164,33.90585708618164,33.90585708618164,33.90585708618164,500,0.0,0.0
2023-08-14 00:00:00-04:00,33.39003729785174,33.62031341714727,32.634731907661184,33.18739318847656,5600,0.0,0.0
2023-08-15 00:00:00-04:00,33.18739318847656,33.18739318847656,33.18739318847656,33.18739318847656,400,0.0,0.0
2023-08-16 00:00:00-04:00,31.962331118712367,32.70842361450195,31.962331118712367,32.70842361450195,3300,0.0,0.0
2023-08-17 00:00:00-04:00,32.837376862664236,32.837376862664236,32.69920978203495,32.71763229370117,1800,0.0,0.0
2023-08-18 00:00:00-04:00,32.6900048624698,32.69921436272562,31.557043075561523,31.557043075561523,2100,0.0,0.0
2023-08-21 00:00:00-04:00,31.49256229727882,31.49256229727882,31.354398727416992,31.354398727416992,600,0.0,0.0
2023-08-22 00:00:00-04:00,31.262282259912322,31.262282259912322,28.600291090028634,29.48455047607422,6600,0.0,0.0
2023-08-23 00:00:00-04:00,29.4937681242277,29.4937681242277,29.475345611572266,29.475345611572266,1700,0.0,0.0
2023-08-24 00:00:00-04:00,29.47534450299668,29.6964111328125,28.941103954154563,29.6964111328125,2900,0.0,0.0
2023-08-25 00:00:00-04:00,29.92668838729287,29.935897886753082,29.475345611572266,29.475345611572266,10100,0.0,0.0
2023-08-28 00:00:00-04:00,29.38323451784677,29.38323451784677,28.738462393018853,29.19901466369629,6000,0.0,0.0
2023-08-29 00:00:00-04:00,28.6463504357274,30.166172516482018,28.55423963392191,29.62272071838379,11800,0.0,0.0
2023-08-30 00:00:00-04:00,30.580673217773438,30.580673217773438,30.580673217773438,30.580673217773438,2000,0.0,0.0
2023-08-31 00:00:00-04:00,30.93990316897829,31.179388815176313,30.30434226989746,30.30434226989746,4800,0.0,0.0
2023-09-01 00:00:00-04:00,30.76489483928569,30.94911294706277,30.534618690829166,30.580673217773438,8500,0.0,0.0
2023-09-05 00:00:00-04:00,30.645150691173754,31.216234563567923,30.645150691173754,31.032012939453125,2500,0.0,0.0
2023-09-06 00:00:00-04:00,30.86621172336739,31.133332884423535,29.29112379642528,29.53061294555664,3700,0.0,0.0
2023-09-07 00:00:00-04:00,29.466133735774378,29.466133735774378,28.867416141999733,29.024003982543945,3100,0.0,0.0
2023-09-08 00:00:00-04:00,29.935897812928953,29.935897812928953,29.272703170776367,29.272703170776367,1000,0.0,0.0
2023-09-11 00:00:00-04:00,29.52139828763804,29.613510845146884,28.55423927307129,28.55423927307129,3700,0.0,0.0
2023-09-12 00:00:00-04:00,29.235858880705923,29.235858880705923,26.98836323492878,28.01078987121582,3200,0.0,0.0
2023-09-13 00:00:00-04:00,28.14895214487743,28.738460201050902,28.14895214487743,28.56344985961914,2200,0.0,0.0
2023-09-14 00:00:00-04:00,28.80504280271646,28.94442168762471,27.234702876260226,27.773635864257812,9500,0.27,0.0
2023-09-15 00:00:00-04:00,27.875847614687967,27.875847614687967,27.22541046142578,27.22541046142578,3500,0.0,0.0
2023-09-18 00:00:00-04:00,26.95594385995966,27.327621459960938,26.95594385995966,27.327621459960938,2200,0.0,0.0
2023-09-19 00:00:00-04:00,26.95594595028095,27.96876859651123,25.952415466308594,25.952415466308594,2300,0.0,0.0
2023-09-20 00:00:00-04:00,26.277632066830225,26.277632066830225,25.08826197233641,25.70153045654297,2200,0.0,0.0
2023-09-21 00:00:00-04:00,24.763044357299805,24.763044357299805,24.763044357299805,24.763044357299805,1100,0.0,0.0
2023-09-22 00:00:00-04:00,25.088262800736864,25.552860260009766,25.088262800736864,25.552860260009766,3100,0.0,0.0
2023-09-25 00:00:00-04:00,25.367020373472545,26.017457520402054,25.33914566040039,25.33914566040039,4200,0.0,0.0
2023-09-26 00:00:00-04:00,24.391364346683314,26.296213043885853,24.159065638619662,25.459938049316406,7700,0.0,0.0
2023-09-27 00:00:00-04:00,25.088260470874264,26.351966009876044,24.716582892432122,25.459938049316406,3700,0.0,0.0
2023-09-28 00:00:00-04:00,25.088261614832387,25.66436321691028,24.81879425048828,24.81879425048828,2100,0.0,0.0
2023-09-29 00:00:00-04:00,25.07896982937244,25.831617192856847,24.939590950549196,25.785158157348633,1500,0.0,0.0
2023-10-02 00:00:00-04:00,25.367020898687386,25.822327974344194,24.233403721283395,24.97675895690918,3800,0.0,0.0
2023-10-03 00:00:00-04:00,24.16836079913254,25.55286105834522,24.16836079913254,25.069679260253906,3800,0.0,0.0
2023-10-04 00:00:00-04:00,24.15906663090359,25.552858936532644,23.787389037195556,25.524982452392578,5400,0.0,0.0
2023-10-05 00:00:00-04:00,25.645781382834457,25.91524700103,25.246227264404297,25.246227264404297,4300,0.0,0.0
2023-10-06 00:00:00-04:00,25.35773055502077,25.35773055502077,25.209057735327132,25.227642059326172,4000,0.0,0.0
2023-10-09 00:00:00-04:00,25.274102945080983,25.30197765886441,24.670124819392584,24.89313316345215,3600,0.0,0.0
2023-10-10 00:00:00-04:00,25.78515725596583,25.78515725596583,25.05109246896657,25.181180953979492,2100,0.0,0.0
2023-10-11 00:00:00-04:00,25.051093398141695,25.227640923587106,24.159067153930664,24.159067153930664,2800,0.0,0.0
2023-10-12 00:00:00-04:00,23.97322835699838,24.809505207369334,23.97322835699838,24.261280059814453,3300,0.0,0.0
2023-10-13 00:00:00-04:00,24.37278155340223,24.8652554834137,23.880309395689366,24.159067153930664,3800,0.0,0.0
2023-10-16 00:00:00-04:00,24.623665513442752,24.65154199922134,24.261280059814453,24.261280059814453,2800,0.0,0.0
2023-10-17 00:00:00-04:00,24.242694406173126,24.484285286106186,23.13695200979065,23.64801025390625,15800,0.0,0.0
2023-10-18 00:00:00-04:00,23.75951394959188,24.261280059814453,22.9139467095934,24.261280059814453,4300,0.0,0.0
2023-10-19 00:00:00-04:00,23.629427605025057,23.64801192917459,23.006866924405372,23.183414459228516,3600,0.0,0.0
2023-10-20 00:00:00-04:00,23.229875564575195,23.24845989037858,23.229875564575195,23.229875564575195,1000,0.0,0.0
2023-10-23 00:00:00-04:00,23.006866014246228,23.006866014246228,22.59801976062414,22.997573852539062,3500,0.0,0.0
2023-10-24 00:00:00-04:00,23.016156591309336,23.025448752376743,22.3006761398056,22.588726043701172,3600,0.0,0.0
2023-10-25 00:00:00-04:00,21.8360828101805,22.347139358520508,21.8360828101805,22.347139358520508,7500,0.0,0.0
2023-10-26 00:00:00-04:00,22.207761506578418,22.830322265625,22.207761506578418,22.830322265625,2500,0.0,0.0
2023-10-27 00:00:00-04:00,22.300678237542844,22.598020330475627,21.325024273569813,22.217050552368164,13200,0.0,0.0
2023-10-30 00:00:00-04:00,21.743157870261395,22.523681640625,21.510859171279332,22.523681640625,2400,0.0,0.0
2023-10-31 00:00:00-04:00,21.836082657178245,22.644483092808667,21.464405008962636,22.30068016052246,4400,0.0,0.0
2023-11-01 00:00:00-04:00,22.30068016052246,22.30068016052246,22.30068016052246,22.30068016052246,0,0.0,0.0
2023-11-02 00:00:00-04:00,22.90465545654297,22.90465545654297,22.90465545654297,22.90465545654297,1000,0.0,0.0
2023-11-03 00:00:00-04:00,23.229871687032542,23.229871687032542,22.551559859122847,22.978988647460938,6400,0.0,0.0
2023-11-06 00:00:00-05:00,22.932529008029334,23.18341204098246,22.923236846923828,22.923236846923828,1700,0.0,0.0
2023-11-07 00:00:00-05:00,24.623664481331506,24.623664481331506,23.508629909106492,23.65730094909668,3400,0.0,0.0
2023-11-08 00:00:00-05:00,23.415710614260522,23.8152629056606,23.406418453209564,23.462169647216797,3300,0.0,0.0
2023-11-09 00:00:00-05:00,23.69446835659518,23.69446835659518,23.462169647216797,23.462169647216797,500,0.0,0.0
2023-11-10 00:00:00-05:00,23.722346557160236,23.83384895324707,23.4157123094735,23.83384895324707,4400,0.0,0.0
2023-11-13 00:00:00-05:00,23.536505101567087,24.484284258695602,23.536505101567087,24.251985549926758,1200,0.0,0.0
2023-11-14 00:00:00-05:00,24.623666755315476,25.543569564819336,24.623666755315476,25.543569564819336,2400,0.0,0.0
2023-11-15 00:00:00-05:00,24.623665995495013,25.27410316467285,24.437826297930286,25.27410316467285,2900,0.0,0.0
2023-11-16 00:00:00-05:00,24.512161175592674,24.883840560913086,24.344907578956878,24.883840560913086,1800,0.0,0.0
2023-11-17 00:00:00-05:00,24.623665299745856,24.623665299745856,23.963937759399414,23.963937759399414,700,0.0,0.0
2023-11-20 00:00:00-05:00,24.48428696688808,25.078971159978465,24.43782615661621,24.43782615661621,2200,0.0,0.0
2023-11-21 00:00:00-05:00,24.43782615661621,24.43782615661621,24.43782615661621,24.43782615661621,900,0.0,0.0
2023-11-22 00:00:00-05:00,24.43782615661621,24.43782615661621,24.43782615661621,24.43782615661621,700,0.0,0.0
2023-11-24 00:00:00-05:00,24.43782615661621,24.43782615661621,24.43782615661621,24.43782615661621,0,0.0,0.0
2023-11-27 00:00:00-05:00,23.92677116394043,23.92677116394043,23.92677116394043,23.92677116394043,1500,0.0,0.0
2023-11-28 00:00:00-05:00,23.92677116394043,23.92677116394043,23.92677116394043,23.92677116394043,400,0.0,0.0
2023-11-29 00:00:00-05:00,23.93606123855993,24.76304414630933,23.93606123855993,24.465702056884766,1400,0.0,0.0
2023-11-30 00:00:00-05:00,24.465702056884766,24.465702056884766,24.465702056884766,24.465702056884766,200,0.0,0.0
2023-12-01 00:00:00-05:00,24.1590699131049,24.1590699131049,23.92677116394043,23.92677116394043,1700,0.0,0.0
2023-12-04 00:00:00-05:00,24.08473262585944,24.08473262585944,23.973228454589844,23.973228454589844,800,0.0,0.0
2023-12-05 00:00:00-05:00,24.21481905316176,25.078970609981543,24.21481905316176,24.716585159301758,3300,0.0,0.0
2023-12-06 00:00:00-05:00,24.697997851381864,25.078967579730882,24.697997851381864,24.986047744750977,3600,0.0,0.0
2023-12-07 00:00:00-05:00,25.078972967792208,25.813037872314453,25.02322176374584,25.813037872314453,4600,0.0,0.0
2023-12-08 00:00:00-05:00,24.34490526755982,25.747987901965665,24.34490526755982,25.292682647705078,4200,0.0,0.0
2023-12-11 00:00:00-05:00,24.855963435969866,25.264809685926625,24.53074486832923,24.66083335876465,6900,0.0,0.0
2023-12-12 00:00:00-05:00,24.25198631852733,25.18118118305099,24.205525511922012,24.354196548461914,3300,0.0,0.0
2023-12-13 00:00:00-05:00,24.921008210425615,25.274103282991845,24.921008210425615,25.069679260253906,2500,0.0,0.0
2023-12-14 00:00:00-05:00,25.360643508725786,25.360643508725786,22.901542614918476,25.32309913635254,5200,0.27,0.0
2023-12-15 00:00:00-05:00,25.04152289601445,26.261686325073242,24.53468462257472,26.261686325073242,6800,0.0,0.0
2023-12-18 00:00:00-05:00,25.341869354248047,25.989495405672102,25.294940682640622,25.341869354248047,4500,0.0,0.0
2023-12-19 00:00:00-05:00,24.835033955682203,25.370030540510623,24.131093059565845,25.1447696685791,6700,0.0,0.0
2023-12-20 00:00:00-05:00,25.191697435480904,26.130285263061523,25.15415306307486,26.130285263061523,2100,0.0,0.0
2023-12-21 00:00:00-05:00,25.370027542114258,25.370027542114258,25.370027542114258,25.370027542114258,1200,0.0,0.0
2023-12-22 00:00:00-05:00,25.370027542114258,25.370027542114258,25.370027542114258,25.370027542114258,400,0.0,0.0
2023-12-26 00:00:00-05:00,25.370027365691783,25.388797760009766,25.370027365691783,25.388797760009766,2100,0.0,0.0
2023-12-27 00:00:00-05:00,28.14824779112465,28.14824779112465,24.52529832519282,24.684858322143555,9800,0.0,0.0
2023-12-28 00:00:00-05:00,25.16353690963522,25.2573960420566,24.590999603271484,24.590999603271484,4100,0.0,0.0
2023-12-29 00:00:00-05:00,25.135380548337118,27.65079421044024,25.135380548337118,26.18659782409668,2200,0.0,0.0
2024-01-02 00:00:00-05:00,26.149059250137288,26.149059250137288,25.764238357543945,25.764238357543945,2700,0.0,0.0
2024-01-03 00:00:00-05:00,26.280459474644246,26.468177758405968,25.72669250678282,26.073970794677734,6800,0.0,0.0
2024-01-04 00:00:00-05:00,25.933178903345873,26.956239700317383,25.933178903345873,26.956239700317383,3100,0.0,0.0
2024-01-05 00:00:00-05:00,27.07825424050032,27.07825424050032,26.14905267565067,26.327383041381836,6500,0.0,0.0
2024-01-08 00:00:00-05:00,26.327383041381836,26.327383041381836,26.327383041381836,26.327383041381836,1000,0.0,0.0
2024-01-09 00:00:00-05:00,26.327383041381836,26.327383041381836,26.327383041381836,26.327383041381836,500,0.0,0.0
2024-01-10 00:00:00-05:00,25.99888549988619,27.37860906595728,25.99888549988619,26.111515045166016,2800,0.0,0.0
2024-01-11 00:00:00-05:00,26.852997155320654,26.852997155320654,26.374317169189453,26.374317169189453,1700,0.0,0.0
2024-01-12 00:00:00-05:00,26.092739468288276,26.843610763549805,26.092739468288276,26.843610763549805,1800,0.0,0.0
2024-01-16 00:00:00-05:00,27.031326868581093,27.031326868581093,26.09273910522461,26.09273910522461,1800,0.0,0.0
2024-01-17 00:00:00-05:00,26.8342255101618,26.8342255101618,26.149056841601602,26.655893325805664,1200,0.0,0.0
2024-01-18 00:00:00-05:00,26.280458149157074,26.749752044677734,26.280458149157074,26.749752044677734,1000,0.0,0.0
2024-01-19 00:00:00-05:00,26.749752044677734,26.749752044677734,26.749752044677734,26.749752044677734,0,0.0,0.0
2024-01-22 00:00:00-05:00,26.336772974699475,27.39737818348576,26.308616486641846,26.730979919433594,2700,0.0,0.0
2024-01-23 00:00:00-05:00,27.688340089377185,27.82912790128034,26.299230575561523,26.299230575561523,2500,0.0,0.0
2024-01-24 00:00:00-05:00,26.299230575561523,26.299230575561523,26.299230575561523,26.299230575561523,700,0.0,0.0
2024-01-25 00:00:00-05:00,27.21904715445747,27.30352020263672,26.336774090259905,27.30352020263672,1700,0.0,0.0
2024-01-26 00:00:00-05:00,26.60896399836978,27.200273513793945,26.60896399836978,27.200273513793945,2600,0.0,0.0
2024-01-29 00:00:00-05:00,27.26597461366481,27.26597461366481,26.749752044677734,26.749752044677734,600,0.0,0.0
2024-01-30 00:00:00-05:00,27.21904522323549,27.40676349258482,27.125186088560824,27.312904357910156,1800,0.0,0.0
2024-01-31 00:00:00-05:00,27.322290420532227,27.322290420532227,27.312904328053612,27.322290420532227,2500,0.0,0.0
2024-02-01 00:00:00-05:00,27.219045639038086,27.219045639038086,27.219045639038086,27.219045639038086,500,0.0,0.0
2024-02-02 00:00:00-05:00,28.08254784153117,28.223335657468557,27.782200023474292,28.13886260986328,900,0.0,0.0
2024-02-05 00:00:00-05:00,28.13886260986328,28.13886260986328,28.13886260986328,28.13886260986328,0,0.0,0.0
2024-02-06 00:00:00-05:00,28.29842122875022,28.53306817391434,27.219045639038086,27.219045639038086,3000,0.0,0.0
2024-02-07 00:00:00-05:00,26.69343715994359,27.115800589908204,24.431440736795473,26.374317169189453,7900,0.0,0.0
2024-02-08 00:00:00-05:00,25.43572900508586,26.280457642701297,25.43572900508586,26.04581069946289,1500,0.0,0.0
2024-02-09 00:00:00-05:00,26.04581069946289,26.04581069946289,26.04581069946289,26.04581069946289,1200,0.0,0.0
2024-02-12 00:00:00-05:00,26.749752044677734,26.749752044677734,26.749752044677734,26.749752044677734,600,0.0,0.0
2024-02-13 00:00:00-05:00,26.749752044677734,26.749752044677734,26.749752044677734,26.749752044677734,0,0.0,0.0
2024-02-14 00:00:00-05:00,26.56203096029722,27.359830856323242,26.271069277116187,27.359830856323242,1300,0.0,0.0
2024-02-15 00:00:00-05:00,27.350446701049805,27.350446701049805,27.350446701049805,27.350446701049805,900,0.0,0.0
2024-02-16 00:00:00-05:00,26.50571967094379,27.03132834588888,26.205371856689453,26.205371856689453,1500,0.0,0.0
2024-02-20 00:00:00-05:00,26.280458450317383,26.280458450317383,26.280458450317383,26.280458450317383,200,0.0,0.0
2024-02-21 00:00:00-05:00,26.468175888061523,26.468175888061523,26.468175888061523,26.468175888061523,400,0.0,0.0
2024-02-22 00:00:00-05:00,26.289840698242188,26.289840698242188,26.289840698242188,26.289840698242188,300,0.0,0.0
2024-02-23 00:00:00-05:00,26.28045737398154,26.608963449199127,25.351255703084313,26.09273910522461,2800,0.0,0.0
2024-02-26 00:00:00-05:00,25.914408161317947,26.23352813720703,25.81116293670264,26.23352813720703,1600,0.0,0.0
2024-02-27 00:00:00-05:00,26.562028753546347,26.562028753546347,26.167821884155273,26.167821884155273,800,0.0,0.0
2024-02-28 00:00:00-05:00,26.280456820401277,26.280456820401277,25.8111629486084,25.8111629486084,1000,0.0,0.0
2024-02-29 00:00:00-05:00,26.04581069946289,26.04581069946289,26.04581069946289,26.04581069946289,500,0.0,0.0
2024-03-01 00:00:00-05:00,25.163539409451563,25.811165518260633,25.15415331625558,25.679763793945312,2200,0.0,0.0
2024-03-04 00:00:00-05:00,25.679763793945312,25.679763793945312,25.679763793945312,25.679763793945312,300,0.0,0.0
2024-03-05 00:00:00-05:00,25.679763793945312,25.679763793945312,25.679763793945312,25.679763793945312,0,0.0,0.0
2024-03-06 00:00:00-05:00,25.679763793945312,25.679763793945312,25.679763793945312,25.679763793945312,0,0.0,0.0
2024-03-07 00:00:00-05:00,26.28045871312145,26.28045871312145,25.41695785522461,25.41695785522461,800,0.0,0.0
2024-03-08 00:00:00-05:00,25.426343143247763,25.614061415627475,25.426343143247763,25.59528923034668,1700,0.0,0.0
2024-03-11 00:00:00-04:00,25.773618698120117,25.773618698120117,25.773618698120117,25.773618698120117,200,0.0,0.0
2024-03-12 00:00:00-04:00,26.083354802979443,26.09273910522461,26.083354802979443,26.09273910522461,1300,0.0,0.0
2024-03-13 00:00:00-04:00,26.17721176147461,26.17721176147461,26.17721176147461,26.17721176147461,600,0.0,0.0
2024-03-14 00:00:00-04:00,26.433107376098633,26.433107376098633,26.433107376098633,26.433107376098633,0,0.27,0.0
2024-03-15 00:00:00-04:00,25.352659163563782,26.54684070931532,25.352659163563782,26.471019744873047,1100,0.0,0.0
2024-03-18 00:00:00-04:00,26.546836853027344,26.67952306959825,26.12982070531492,26.546836853027344,4000,0.0,0.0
2024-03-19 00:00:00-04:00,26.641618728637695,26.641618728637695,26.641618728637695,26.641618728637695,1100,0.0,0.0
2024-03-20 00:00:00-04:00,25.81706335979894,25.8549747467041,25.81706335979894,25.8549747467041,400,0.0,0.0
2024-03-21 00:00:00-04:00,26.812214499997225,27.94952894590072,26.651094727529937,27.380870819091797,7400,0.0,0.0
2024-03-22 00:00:00-04:00,26.660569831239755,27.49460220336914,26.660569831239755,27.49460220336914,700,0.0,0.0
2024-03-25 00:00:00-04:00,26.745869350014157,27.390348434448242,26.745869350014157,27.390348434448242,500,0.0,0.0
2024-03-26 00:00:00-04:00,27.390348434448242,27.390348434448242,27.390348434448242,27.390348434448242,0,0.0,0.0
2024-03-27 00:00:00-04:00,28.38550036068289,28.38550036068289,27.058630817929263,27.399826049804688,3300,0.0,0.0
2024-03-28 00:00:00-04:00,28.271771134435856,28.271771134435856,27.01124637587048,27.05863380432129,2000,0.0,0.0
2024-04-01 00:00:00-04:00,27.210274436108538,28.19594880837308,26.963857650756836,26.963857650756836,1300,0.0,0.0
2024-04-02 00:00:00-04:00,26.18669094715052,28.195949306576562,25.80758610793272,27.68415641784668,6400,0.0,0.0
2024-04-03 00:00:00-04:00,28.195946894135453,28.195946894135453,27.257661819458008,27.257661819458008,1000,0.0,0.0
2024-04-04 00:00:00-04:00,27.92109692119179,28.66035270690918,27.532514238468593,28.66035270690918,1100,0.0,0.0
2024-04-05 00:00:00-04:00,27.996918859774766,27.996918859774766,27.57990264892578,27.57990264892578,500,0.0,0.0
2024-04-08 00:00:00-04:00,27.57990264892578,27.57990264892578,27.57990264892578,27.57990264892578,0,0.0,0.0
2024-04-09 00:00:00-04:00,27.902143414356853,27.902143414356853,26.5184084850122,27.087066650390625,4600,0.0,0.0
2024-04-10 00:00:00-04:00,27.087066650390625,27.087066650390625,27.087066650390625,27.087066650390625,300,0.0,0.0
2024-04-11 00:00:00-04:00,27.551465617377204,27.551465617377204,26.072956085205078,26.072956085205078,800,0.0,0.0
2024-04-12 00:00:00-04:00,25.72228446393478,26.0919132232666,25.72228446393478,26.0919132232666,600,0.0,0.0
2024-04-15 00:00:00-04:00,26.527881622314453,26.527881622314453,26.527881622314453,26.527881622314453,1100,0.0,0.0
2024-04-16 00:00:00-04:00,27.295569015039256,27.295569015039256,25.978179248508006,26.527881622314453,800,0.0,0.0
2024-04-17 00:00:00-04:00,26.063481548802976,26.167736053466797,26.063481548802976,26.167736053466797,2400,0.0,0.0
2024-04-18 00:00:00-04:00,26.518407821655273,26.518407821655273,26.518407821655273,26.518407821655273,700,0.0,0.0
2024-04-19 00:00:00-04:00,26.518407821655273,26.518407821655273,26.518407821655273,26.518407821655273,0,0.0,0.0
2024-04-22 00:00:00-04:00,26.13930320739746,26.13930320739746,26.13930320739746,26.13930320739746,300,0.0,0.0
2024-04-23 00:00:00-04:00,26.41415260637212,26.433106490357137,26.39519691467285,26.39519691467285,800,0.0,0.0
2024-04-24 00:00:00-04:00,26.39519691467285,26.39519691467285,26.39519691467285,26.39519691467285,0,0.0,0.0
2024-04-25 00:00:00-04:00,26.537363052368164,26.537363052368164,26.537363052368164,26.537363052368164,500,0.0,0.0
2024-04-26 00:00:00-04:00,27.485125635636233,27.485125635636233,27.00176631270449,27.219751358032227,1600,0.0,0.0
2024-04-29 00:00:00-04:00,26.91646716454163,27.01124382019043,26.91646716454163,27.01124382019043,400,0.0,0.0
2024-04-30 00:00:00-04:00,26.30042110789906,26.613182800116856,25.333702492784308,26.063480377197266,4500,0.0,0.0
2024-05-01 00:00:00-04:00,26.063480377197266,26.063480377197266,26.063480377197266,26.063480377197266,400,0.0,0.0
2024-05-02 00:00:00-04:00,26.537363052368164,26.537363052368164,26.537363052368164,26.537363052368164,1000,0.0,0.0
2024-05-03 00:00:00-04:00,26.158260060780922,26.802739212170387,25.45691563359666,26.61318588256836,7000,0.0,0.0
2024-05-06 00:00:00-04:00,26.537360842938405,26.6984806060791,26.537360842938405,26.6984806060791,2100,0.0,0.0
2024-05-07 00:00:00-04:00,27.068109100446442,27.096542639465845,26.5657958984375,26.5657958984375,1500,0.0,0.0
2024-05-08 00:00:00-04:00,26.5657958984375,26.5657958984375,26.5657958984375,26.5657958984375,400,0.0,0.0
2024-05-09 00:00:00-04:00,26.5657958984375,26.5657958984375,26.5657958984375,26.5657958984375,600,0.0,0.0
2024-05-10 00:00:00-04:00,26.584747314453125,26.584747314453125,26.584747314453125,26.584747314453125,600,0.0,0.0
2024-05-13 00:00:00-04:00,27.001765973854116,27.01124382019043,26.906989318205316,27.01124382019043,1300,0.0,0.0
2024-05-14 00:00:00-04:00,27.01124382019043,27.01124382019043,27.01124382019043,27.01124382019043,400,0.0,0.0
2024-05-15 00:00:00-04:00,27.162883596563887,27.162883596563887,27.001763837025702,27.020719528198242,1200,0.0,0.0
2024-05-16 00:00:00-04:00,27.570423905349163,28.669828764597575,27.46616940410022,28.43288803100586,6200,0.0,0.0
2024-05-17 00:00:00-04:00,27.646245012910256,27.835798323864363,26.603705418091355,27.532512664794922,6300,0.0,0.0
2024-05-20 00:00:00-04:00,27.636766510088034,28.622440811292044,27.485124588012695,27.485124588012695,2700,0.0,0.0
2024-05-21 00:00:00-04:00,27.959006563822427,28.43288803100586,27.959006563822427,28.43288803100586,2100,0.0,0.0
2024-05-22 00:00:00-04:00,29.759754180908203,29.759754180908203,29.759754180908203,29.759754180908203,400,0.0,0.0
2024-05-23 00:00:00-04:00,28.859384250788082,28.859384250788082,28.793039321899414,28.793039321899414,400,0.0,0.0
2024-05-24 00:00:00-04:00,28.43288944678194,28.90677093756164,28.15803731442679,28.897293090820312,3400,0.0,0.0
2024-05-28 00:00:00-04:00,28.612964630126953,28.612964630126953,28.053784332043737,28.612964630126953,1400,0.0,0.0
2024-05-29 00:00:00-04:00,28.612964630126953,28.612964630126953,28.612964630126953,28.612964630126953,200,0.0,0.0
2024-05-30 00:00:00-04:00,28.42340888324945,28.42340888324945,28.110647201538086,28.110647201538086,600,0.0,0.0
2024-05-31 00:00:00-04:00,27.674680983396154,28.57505477025015,27.068111419677734,27.068111419677734,5300,0.0,0.0
2024-06-03 00:00:00-04:00,27.106019973754883,27.106019973754883,27.106019973754883,27.106019973754883,500,0.0,0.0
2024-06-04 00:00:00-04:00,28.755129357740966,28.755129357740966,28.120128080000846,28.290725708007812,2100,0.0,0.0
2024-06-05 00:00:00-04:00,27.921094725534015,28.887813336748028,27.921094725534015,28.45184326171875,2200,0.0,0.0
2024-06-06 00:00:00-04:00,28.859381376341993,28.906768798828125,28.849903530301905,28.906768798828125,1600,0.0,0.0
2024-06-07 00:00:00-04:00,28.7077402300476,28.717216268629187,28.281246185302734,28.281246185302734,2000,0.0,0.0
2024-06-10 00:00:00-04:00,28.707737725706533,28.859379637784038,28.52766227722168,28.52766227722168,1800,0.0,0.0
2024-06-11 00:00:00-04:00,25.684377239295547,28.88781533123714,25.684377239295547,28.745651245117188,2100,0.0,0.0
2024-06-12 00:00:00-04:00,28.906771213214917,28.906771213214917,28.811994552612305,28.811994552612305,1800,0.0,0.0
2024-06-13 00:00:00-04:00,28.81199260929593,28.81199260929593,28.442365646362305,28.442365646362305,2700,0.0,0.0
2024-06-14 00:00:00-04:00,28.212837796520507,28.212837796520507,26.77828672212116,28.040691375732422,1200,0.27,0.0
2024-06-17 00:00:00-04:00,28.040691375732422,28.040691375732422,28.040691375732422,28.040691375732422,300,0.0,0.0
2024-06-18 00:00:00-04:00,28.576257705688477,28.576257705688477,28.576257705688477,28.576257705688477,1300,0.0,0.0
2024-06-20 00:00:00-04:00,28.576257705688477,28.576257705688477,28.576257705688477,28.576257705688477,0,0.0,0.0
2024-06-21 00:00:00-04:00,28.193710327148438,28.193710327148438,28.193710327148438,28.193710327148438,800,0.0,0.0
2024-06-24 00:00:00-04:00,28.193710327148438,28.193710327148438,28.193710327148438,28.193710327148438,0,0.0,0.0
2024-06-25 00:00:00-04:00,26.500936971621694,28.21283531188965,26.500936971621694,28.21283531188965,1100,0.0,0.0
2024-06-26 00:00:00-04:00,27.42861770883094,28.212838695977602,27.01737942919889,28.021564483642578,1100,0.0,0.0
2024-06-27 00:00:00-04:00,28.691018757067226,28.87272905328389,27.256467819213867,27.256467819213867,2500,0.0,0.0
2024-06-28 00:00:00-04:00,29.159643148883468,29.159643148883468,27.332981476759862,28.681459426879883,2600,0.0,0.0
2024-07-01 00:00:00-04:00,28.72927847697894,29.169206619262695,28.691022904192817,29.169206619262695,6500,0.0,0.0
2024-07-02 00:00:00-04:00,28.69102242593262,29.169206133031494,28.45193057238318,28.700586318969727,2000,0.0,0.0
2024-07-03 00:00:00-04:00,28.69102246451572,29.178770065307617,28.499748251768516,29.178770065307617,2200,0.0,0.0
2024-07-05 00:00:00-04:00,27.83985604604326,29.169206169730295,27.83985604604326,28.738840103149414,1900,0.0,0.0
2024-07-08 00:00:00-04:00,28.53800392150879,28.53800392150879,28.53800392150879,28.53800392150879,200,0.0,0.0
2024-07-09 00:00:00-04:00,28.662329507671807,28.681457292919077,28.32760238647461,28.32760238647461,2300,0.0,0.0
2024-07-10 00:00:00-04:00,28.136327743530273,28.136327743530273,28.136327743530273,28.136327743530273,300,0.0,0.0
2024-07-11 00:00:00-04:00,28.68145647998477,28.69102037233733,27.744216918945312,27.744216918945312,4700,0.0,0.0
2024-07-12 00:00:00-04:00,28.432802610857156,28.45193039681334,28.16502090397489,28.384984970092773,3000,0.0,0.0
2024-07-15 00:00:00-04:00,28.337164237718632,28.691020965576172,28.337164237718632,28.691020965576172,1700,0.0,0.0
2024-07-16 00:00:00-04:00,28.700584858126483,28.930112806955975,28.691020965576172,28.691020965576172,1200,0.0,0.0
2024-07-17 00:00:00-04:00,29.217023402616718,29.647389463184332,28.930113911655678,29.226587295532227,2700,0.0,0.0
2024-07-18 00:00:00-04:00,29.169205422589066,29.647389118041346,28.834476470947266,28.834476470947266,7200,0.0,0.0
2024-07-19 00:00:00-04:00,29.159642756819764,29.647390365600586,29.150078863613146,29.647390365600586,1600,0.0,0.0
2024-07-22 00:00:00-04:00,30.029935836791992,30.029935836791992,30.029935836791992,30.029935836791992,300,0.0,0.0
2024-07-23 00:00:00-04:00,30.029935836791992,30.029935836791992,30.029935836791992,30.029935836791992,0,0.0,0.0
2024-07-24 00:00:00-04:00,30.029935836791992,30.029935836791992,30.029935836791992,30.029935836791992,0,0.0,0.0
2024-07-25 00:00:00-04:00,28.767532348632812,28.767532348632812,28.767532348632812,28.767532348632812,400,0.0,0.0
2024-07-26 00:00:00-04:00,29.398733139038086,29.398733139038086,29.398733139038086,29.398733139038086,700,0.0,0.0
2024-07-29 00:00:00-04:00,29.350915579590946,30.1255726512976,29.102259840399398,30.116008758544922,3100,0.0,0.0
2024-07-30 00:00:00-04:00,28.90141962628161,29.322221755981445,28.90141962628161,29.322221755981445,500,0.0,0.0
2024-07-31 00:00:00-04:00,29.48480769473268,29.64739023025071,29.37004280090332,29.37004280090332,1400,0.0,0.0
2024-08-01 00:00:00-04:00,29.37004280090332,29.37004280090332,29.37004280090332,29.37004280090332,0,0.0,0.0
2024-08-02 00:00:00-04:00,29.752589543061294,30.718518984083527,29.752589543061294,30.36466407775879,4500,0.0,0.0
2024-08-05 00:00:00-04:00,30.288156062412977,30.297719955444336,30.288156062412977,30.297719955444336,900,0.0,0.0
2024-08-06 00:00:00-04:00,29.83866310119629,29.83866310119629,29.83866310119629,29.83866310119629,300,0.0,0.0
2024-08-07 00:00:00-04:00,29.38916778564453,29.38916778564453,29.38916778564453,29.38916778564453,300,0.0,0.0
2024-08-08 00:00:00-04:00,30.345535278320312,30.345535278320312,30.345535278320312,30.345535278320312,400,0.0,0.0
2024-08-09 00:00:00-04:00,30.316848754882812,30.316848754882812,30.316848754882812,30.316848754882812,600,0.0,0.0
2024-08-12 00:00:00-04:00,30.316848754882812,30.316848754882812,30.316848754882812,30.316848754882812,0,0.0,0.0
2024-08-13 00:00:00-04:00,30.316848754882812,30.316848754882812,30.316848754882812,30.316848754882812,0,0.0,0.0
2024-08-14 00:00:00-04:00,31.234958301666744,31.26364815545782,30.84284782409668,30.84284782409668,3400,0.0,0.0
2024-08-15 00:00:00-04:00,30.84284782409668,30.84284782409668,30.84284782409668,30.84284782409668,0,0.0,0.0
2024-08-16 00:00:00-04:00,29.69520800750756,29.743027473540646,29.647390365600586,29.647390365600586,1400,0.0,0.0
2024-08-19 00:00:00-04:00,29.76215362548828,29.76215362548828,29.76215362548828,29.76215362548828,500,0.0,0.0
2024-08-20 00:00:00-04:00,29.599573042696584,30.039501190185547,29.599573042696584,30.039501190185547,700,0.0,0.0
2024-08-21 00:00:00-04:00,30.039501190185547,30.039501190185547,30.039501190185547,30.039501190185547,0,0.0,0.0
2024-08-22 00:00:00-04:00,29.7908447210463,29.972555041314145,29.7908447210463,29.93429946899414,700,0.0,0.0
2024-08-23 00:00:00-04:00,30.05862829157083,30.41248321533203,30.05862829157083,30.41248321533203,3500,0.0,0.0
2024-08-26 00:00:00-04:00,30.41248321533203,30.41248321533203,30.41248321533203,30.41248321533203,0,0.0,0.0
2024-08-27 00:00:00-04:00,30.41248321533203,30.41248321533203,30.41248321533203,30.41248321533203,1600,0.0,0.0
2024-08-28 00:00:00-04:00,30.41248321533203,30.41248321533203,30.41248321533203,30.41248321533203,0,0.0,0.0
2024-08-29 00:00:00-04:00,29.94386204231029,30.40291976928711,29.264842080692542,30.40291976928711,3200,0.0,0.0
2024-08-30 00:00:00-04:00,29.8864803314209,29.8864803314209,29.8864803314209,29.8864803314209,300,0.0,0.0
2024-09-03 00:00:00-04:00,29.92473793029785,29.92473793029785,29.92473793029785,29.92473793029785,400,0.0,0.0
2024-09-04 00:00:00-04:00,30.603757315559356,31.93310744023362,29.283971083941335,29.417861938476562,5600,0.0,0.0
2024-09-05 00:00:00-04:00,29.41786253283264,30.60375793387517,29.264843889093356,29.92473793029785,4000,0.0,0.0
2024-09-06 00:00:00-04:00,29.838660178660188,31.78008460998535,29.838660178660188,31.78008460998535,3700,0.0,0.0
2024-09-09 00:00:00-04:00,31.76095993720921,31.76095993720921,29.503934152074898,29.83866310119629,1500,0.0,0.0
2024-09-10 00:00:00-04:00,29.943862915039062,29.943862915039062,29.943862915039062,29.943862915039062,700,0.0,0.0
2024-09-11 00:00:00-04:00,30.240341597097146,31.904420852661133,30.240341597097146,31.904420852661133,900,0.0,0.0
2024-09-12 00:00:00-04:00,30.64201387844834,31.273216247558594,30.64201387844834,31.273216247558594,1800,0.0,0.0
2024-09-13 00:00:00-04:00,30.93549156188965,30.93549156188965,30.93549156188965,30.93549156188965,900,0.29,0.0
2024-09-16 00:00:00-04:00,30.93549156188965,30.93549156188965,30.93549156188965,30.93549156188965,800,0.0,0.0
2024-09-17 00:00:00-04:00,31.273212368687513,31.273212368687513,30.89689228866419,30.906539916992188,1300,0.0,0.0
2024-09-18 00:00:00-04:00,31.03198914671581,33.019736054722415,31.03198914671581,32.52762222290039,10300,0.0,0.0
2024-09-19 00:00:00-04:00,31.939012277117694,33.32850646972656,30.65566409188459,33.32850646972656,2500,0.0,0.0
2024-09-20 00:00:00-04:00,33.724121172395826,36.66714096069336,33.24165879133407,36.66714096069336,15700,0.0,0.0
2024-09-23 00:00:00-04:00,36.18468254403473,36.18468254403473,34.58290741065464,35.3741455078125,6300,0.0,0.0
2024-09-24 00:00:00-04:00,35.219757080078125,35.219757080078125,34.47676450270866,35.219757080078125,21200,0.0,0.0
2024-09-25 00:00:00-04:00,33.772369384765625,33.772369384765625,33.772369384765625,33.772369384765625,1400,0.0,0.0
2024-09-26 00:00:00-04:00,34.254831216607485,34.717994689941406,33.289906393604454,34.717994689941406,5000,0.0,0.0
2024-09-27 00:00:00-04:00,34.73729340829888,34.73729340829888,34.18728655713917,34.544307708740234,13200,0.0,0.0
2024-09-30 00:00:00-04:00,34.737295017302536,34.737295017302536,33.72412464881046,33.73377227783203,3300,0.0,0.0
2024-10-01 00:00:00-04:00,34.061845555933004,34.55395927754578,33.95570323633432,34.53466033935547,1700,0.0,0.0
2024-10-02 00:00:00-04:00,34.553959667662895,35.06536865234375,34.254831643679985,35.06536865234375,2900,0.0,0.0
2024-10-03 00:00:00-04:00,34.13904202591121,34.67939758300781,34.13904202591121,34.67939758300781,900,0.0,0.0
2024-10-04 00:00:00-04:00,34.93027877807617,34.93027877807617,34.93027877807617,34.93027877807617,500,0.0,0.0
2024-10-07 00:00:00-04:00,34.82413456808551,34.83378219604492,34.82413456808551,34.83378219604492,300,0.0,0.0
2024-10-08 00:00:00-04:00,34.47676086425781,34.47676086425781,34.47676086425781,34.47676086425781,1000,0.0,0.0
2024-10-09 00:00:00-04:00,34.72764587402344,34.72764587402344,34.72764587402344,34.72764587402344,1400,0.0,0.0
2024-10-10 00:00:00-04:00,34.727649370077174,34.93028271915998,34.44782026083152,34.920631408691406,4000,0.0,0.0
2024-10-11 00:00:00-04:00,33.19341554336768,34.52500915527344,33.19341554336768,34.52500915527344,2600,0.0,0.0
2024-10-14 00:00:00-04:00,34.38027572631836,34.38027572631836,34.38027572631836,34.38027572631836,500,0.0,0.0
2024-10-15 00:00:00-04:00,34.87238311292604,34.87238311292604,33.772369384765625,33.772369384765625,3100,0.0,0.0
2024-10-16 00:00:00-04:00,34.25483322143555,34.34167660782433,34.15834220584636,34.25483322143555,2000,0.0,0.0
2024-10-17 00:00:00-04:00,34.25483322143555,34.25483322143555,34.25483322143555,34.25483322143555,200,0.0,0.0
2024-10-18 00:00:00-04:00,34.25483322143555,34.65045227478529,34.25483322143555,34.25483322143555,600,0.0,0.0
2024-10-21 00:00:00-04:00,33.77236468989082,33.83990912479895,33.62762451171875,33.62762451171875,2500,0.0,0.0
2024-10-22 00:00:00-04:00,33.68552655849765,33.68552655849765,33.56008529663086,33.56008529663086,1200,0.0,0.0
2024-10-23 00:00:00-04:00,32.80744142460644,32.80744142460644,32.08374786376953,32.08374786376953,1200,0.0,0.0
2024-10-24 00:00:00-04:00,32.80744350822556,32.80744350822556,32.72060012817383,32.72060012817383,1000,0.0,0.0
2024-10-25 00:00:00-04:00,32.180238797176024,33.820611601067576,32.180238797176024,32.64340591430664,2900,0.0,0.0
2024-10-28 00:00:00-04:00,32.63375758129774,34.862735272269774,32.61445864291619,34.69869613647461,5100,0.0,0.0
2024-10-29 00:00:00-04:00,33.772370607768885,35.13291453358887,33.22236372377121,34.447818756103516,5800,0.0,0.0
2024-10-30 00:00:00-04:00,34.32237551040349,35.73116486244297,33.36710200108885,35.46098709106445,4400,0.0,0.0
2024-10-31 00:00:00-04:00,35.07501983642578,35.07501983642578,35.07501983642578,35.07501983642578,600,0.0,0.0
2024-11-01 00:00:00-04:00,34.717998259176625,36.184684582633615,32.83639392470038,35.09431838989258,3700,0.0,0.0
2024-11-04 00:00:00-05:00,34.399573604881326,35.528533952919304,34.06184768676758,34.06184768676758,3900,0.0,0.0
2024-11-05 00:00:00-05:00,34.071495371910984,34.071495371910984,33.53113616895776,33.685523986816406,2600,0.0,0.0
2024-11-06 00:00:00-05:00,34.2548340498554,34.30307955881676,34.032901763916016,34.032901763916016,2100,0.0,0.0
2024-11-07 00:00:00-05:00,33.579382415025506,33.579382415025506,32.826742246419705,33.096920013427734,2600,0.0,0.0
2024-11-08 00:00:00-05:00,33.21270809060048,33.7434196472168,33.21270809060048,33.7434196472168,700,0.0,0.0
2024-11-11 00:00:00-05:00,33.87851170606113,33.87851170606113,33.772369384765625,33.772369384765625,1000,0.0,0.0
2024-11-12 00:00:00-05:00,33.579383850097656,33.579383850097656,33.579383850097656,33.579383850097656,400,0.0,0.0
2024-11-13 00:00:00-05:00,33.2899055480957,33.2899055480957,33.2899055480957,33.2899055480957,400,0.0,0.0
2024-11-14 00:00:00-05:00,32.90393654060608,32.90393654060608,32.80744552612305,32.80744552612305,900,0.0,0.0
2024-11-15 00:00:00-05:00,32.903934478759766,32.903934478759766,32.903934478759766,32.903934478759766,500,0.0,0.0
2024-11-18 00:00:00-05:00,32.45042538451063,32.45042538451063,31.84252166748047,31.84252166748047,700,0.0,0.0
2024-11-19 00:00:00-05:00,32.03550552793435,32.1319965398884,31.910064267677154,32.11269760131836,1000,0.0,0.0
2024-11-20 00:00:00-05:00,32.11269760131836,32.11269760131836,32.11269760131836,32.11269760131836,0,0.0,0.0
2024-11-21 00:00:00-05:00,31.765323223747696,31.765323223747696,31.33111000061035,31.33111000061035,800,0.0,0.0
2024-11-22 00:00:00-05:00,31.57234253628215,31.63023567199707,31.389004457461656,31.63023567199707,1000,0.0,0.0
2024-11-25 00:00:00-05:00,31.60129181825171,31.890768564376998,31.50480079650879,31.50480079650879,1500,0.0,0.0
2024-11-26 00:00:00-05:00,31.36970164390872,31.49514289062399,30.877591646634617,31.36005401611328,4600,0.0,0.0
2024-11-27 00:00:00-05:00,29.980215072631836,29.980215072631836,29.980215072631836,29.980215072631836,600,0.0,0.0
2024-11-29 00:00:00-05:00,29.96091508029099,31.958309173583984,29.96091508029099,31.958309173583984,600,0.0,0.0
2024-12-02 00:00:00-05:00,31.958309173583984,31.958309173583984,31.958309173583984,31.958309173583984,0,0.0,0.0
2024-12-03 00:00:00-05:00,30.395133465528488,30.916193779781224,30.395133465528488,30.877595901489258,1400,0.0,0.0
2024-12-04 00:00:00-05:00,30.588117599487305,30.588117599487305,30.588117599487305,30.588117599487305,300,0.0,0.0
2024-12-05 00:00:00-05:00,30.39513134765625,30.39513134765625,30.153900146484375,30.153900146484375,600,0.0,0.0
2024-12-06 00:00:00-05:00,30.163552398783942,30.52057357881224,30.163552398783942,30.2021484375,1300,0.0,0.0
2024-12-09 00:00:00-05:00,30.44337857217737,30.44337857217737,29.430208206176758,29.430208206176758,2800,0.0,0.0
2024-12-10 00:00:00-05:00,29.23722057208327,29.246870040893555,29.23722057208327,29.246870040893555,900,0.0,0.0
2024-12-11 00:00:00-05:00,29.72933407016989,29.72933407016989,29.430207882428054,29.719684600830078,3200,0.0,0.0
2024-12-12 00:00:00-05:00,29.275822089597646,29.62319564819336,29.275822089597646,29.62319564819336,2700,0.0,0.0
2024-12-13 00:00:00-05:00,28.249676239796173,29.2238030066857,27.762612856351414,28.493207931518555,2500,0.29,0.0
2024-12-16 00:00:00-05:00,28.736736297607422,28.82440784512141,28.03536577549466,28.736736297607422,4800,0.0,0.0
2024-12-17 00:00:00-05:00,28.259416931907634,29.145872116088867,28.249675441554075,29.145872116088867,48400,0.0,0.0
2024-12-18 00:00:00-05:00,28.532173464293496,30.100516271924306,28.532173464293496,29.22380256652832,5400,0.0,0.0
2024-12-19 00:00:00-05:00,30.19792931874593,30.19792931874593,28.79518627531276,29.22380256652832,7900,0.0,0.0
2024-12-20 00:00:00-05:00,29.214059243169572,29.75956966994655,29.194576263427734,29.194576263427734,6800,0.0,0.0
2024-12-23 00:00:00-05:00,28.93156440427094,31.347398230386695,28.93156440427094,30.714216232299805,4400,0.0,0.0
2024-12-24 00:00:00-05:00,30.684991015415278,31.415586039591833,30.538872382179814,31.14282989501953,2600,0.0,0.0
2024-12-26 00:00:00-05:00,30.70447374356868,32.06824888125099,30.70447374356868,31.649377822875977,3400,0.0,0.0
2024-12-27 00:00:00-05:00,31.717565164446036,32.029285396175375,31.172052900920544,31.415584564208984,2400,0.0,0.0
2024-12-30 00:00:00-05:00,30.441459268331528,31.639634659213243,30.13948051262946,31.172054290771484,5600,0.0,0.0
2024-12-31 00:00:00-05:00,31.084381353496774,32.00980241719251,31.084381353496774,31.415584564208984,1800,0.0,0.0
2025-01-02 00:00:00-05:00,31.18179342389185,31.93187141418457,31.18179342389185,31.93187141418457,1500,0.0,0.0
2025-01-03 00:00:00-05:00,31.36688019067093,31.951354718820713,31.172054109288194,31.649377822875977,3600,0.0,0.0
2025-01-06 00:00:00-05:00,31.474032838414196,32.039024353027344,31.3766179455511,32.039024353027344,2500,0.0,0.0
2025-01-07 00:00:00-05:00,32.14617955407431,32.14617955407431,31.18179253241284,31.415584564208984,1900,0.0,0.0
2025-01-08 00:00:00-05:00,31.39610635791594,32.14618444078751,31.39610635791594,31.902652740478516,700,0.0,0.0
2025-01-10 00:00:00-05:00,31.318174781658854,31.318174781658854,31.172054290771484,31.172054290771484,1300,0.0,0.0
2025-01-13 00:00:00-05:00,30.402494665828883,31.542224884033203,30.402494665828883,31.542224884033203,700,0.0,0.0
2025-01-14 00:00:00-05:00,30.938266857035003,31.366883161877887,30.451203465440624,31.10386848449707,3700,0.0,0.0
2025-01-15 00:00:00-05:00,30.392753362435545,30.392753362435545,29.70112244885104,30.06155014038086,5100,0.0,0.0
2025-01-16 00:00:00-05:00,30.06155014038086,30.06155014038086,30.06155014038086,30.06155014038086,0,0.0,0.0
2025-01-17 00:00:00-05:00,30.06155014038086,30.06155014038086,30.06155014038086,30.06155014038086,0,0.0,0.0
2025-01-21 00:00:00-05:00,30.62654530334893,31.37662148296774,30.246634610347932,30.5096492767334,2400,0.0,0.0
2025-01-22 00:00:00-05:00,30.62654335922999,31.659117120457445,30.62654335922999,30.92852210998535,3900,0.0,0.0
2025-01-23 00:00:00-05:00,30.538873040585834,32.36049082432573,30.538873040585834,32.33126449584961,1500,0.0,0.0
2025-01-24 00:00:00-05:00,31.785755468975996,31.785755468975996,30.402493613626905,30.665508270263672,3800,0.0,0.0
2025-01-27 00:00:00-05:00,30.665506595360792,31.474033501157592,30.665506595360792,31.415584564208984,2900,0.0,0.0
2025-01-28 00:00:00-05:00,31.172052900920544,31.659116227497428,31.172052900920544,31.415584564208984,3400,0.0,0.0
2025-01-29 00:00:00-05:00,31.181795369700982,31.19153871807812,31.123350143432617,31.123350143432617,900,0.0,0.0
2025-01-30 00:00:00-05:00,30.879817763847896,31.103866463503753,30.879817763847896,30.938264846801758,1900,0.0,0.0
2025-01-31 00:00:00-05:00,30.782403983736685,31.172054290771484,30.782403983736685,31.172054290771484,600,0.0,0.0
2025-02-03 00:00:00-05:00,31.172054290771484,31.172054290771484,31.172054290771484,31.172054290771484,0,0.0,0.0
2025-02-04 00:00:00-05:00,30.441458860598036,33.110567608534566,30.441458860598036,31.318174362182617,5800,0.0,0.0
2025-02-05 00:00:00-05:00,33.11056821868271,33.11056821868271,32.15592078114391,32.341007232666016,1900,0.0,0.0
2025-02-06 00:00:00-05:00,32.04877348768486,32.62350845336914,31.883169997911995,32.62350845336914,2800,0.0,0.0
2025-02-07 00:00:00-05:00,32.34100721932979,32.730655670166016,32.14618113591244,32.730655670166016,4900,0.0,0.0
2025-02-10 00:00:00-05:00,33.1105659084143,33.490474700927734,33.1105659084143,33.490474700927734,1600,0.0,0.0
2025-02-11 00:00:00-05:00,32.681950841092124,34.05546937304388,32.681950841092124,33.50021743774414,2600,0.0,0.0
2025-02-12 00:00:00-05:00,33.169010162353516,33.169010162353516,33.169010162353516,33.169010162353516,400,0.0,0.0
2025-02-13 00:00:00-05:00,33.16901245822516,34.084693908691406,33.16901245822516,34.084693908691406,2200,0.0,0.0
2025-02-14 00:00:00-05:00,33.2177180486546,34.084693908691406,33.2177180486546,34.084693908691406,1800,0.0,0.0
2025-02-18 00:00:00-05:00,33.61711219712329,34.571759673389245,33.61711219712329,34.10417556762695,1200,0.0,0.0
2025-02-19 00:00:00-05:00,33.98728336995718,35.12701365534292,33.98728336995718,34.688655853271484,5800,0.0,0.0
2025-02-20 00:00:00-05:00,35.31209441057954,35.536143115402695,35.10752868652344,35.10752868652344,1900,0.0,0.0
2025-02-21 00:00:00-05:00,35.05882263183594,35.05882263183594,35.05882263183594,35.05882263183594,400,0.0,0.0
2025-02-24 00:00:00-05:00,35.64329424571538,35.64329424571538,33.70478057861328,33.70478057861328,4300,0.0,0.0
2025-02-25 00:00:00-05:00,34.87373743064879,34.912703393073784,34.32822882069368,34.649688720703125,2000,0.0,0.0
2025-02-26 00:00:00-05:00,34.67890930175781,34.92244097864094,34.58149811740396,34.67890930175781,1800,0.0,0.0
2025-02-27 00:00:00-05:00,35.45821262782719,36.33492440996675,35.409503321043,35.808895111083984,2100,0.0,0.0
2025-02-28 00:00:00-05:00,36.27647896333028,36.27647896333028,35.5556235897589,36.091392517089844,2500,0.0,0.0
2025-03-03 00:00:00-05:00,35.67251738991337,36.43233871459961,35.65303441071646,36.43233871459961,4100,0.0,0.0
2025-03-04 00:00:00-05:00,36.15958551880776,36.46156616242345,36.042691344117316,36.30570602416992,5200,0.0,0.0
2025-03-05 00:00:00-05:00,36.773288565233095,37.77663803100586,36.773288565233095,37.77663803100586,5500,0.0,0.0
2025-03-06 00:00:00-05:00,37.50388000733451,38.380595571827506,36.5005306404137,37.55258560180664,10100,0.0,0.0
2025-03-07 00:00:00-05:00,37.649998867886396,37.9909417303491,36.18880880133451,37.46491241455078,5300,0.0,0.0
2025-03-10 00:00:00-04:00,37.016815185546875,37.406467358109936,37.016815185546875,37.016815185546875,2300,0.0,0.0
2025-03-11 00:00:00-04:00,37.016818083637084,37.06552368002105,36.14010248473036,36.91940689086914,4200,0.0,0.0
2025-03-12 00:00:00-04:00,36.91940485890156,37.01681604630819,36.627163864684455,36.94862747192383,7300,0.0,0.0
2025-03-13 00:00:00-04:00,36.90965600051786,37.270081799314696,35.64329217328726,37.084999084472656,8400,0.0,0.0
2025-03-14 00:00:00-04:00,37.36966915315394,37.52672566511284,37.340222227324965,37.35003662109375,3800,0.29,0.0
2025-03-17 00:00:00-04:00,37.379485686089836,37.55617097799812,36.81015351436357,37.5070915222168,7700,0.0,0.0
2025-03-18 00:00:00-04:00,37.44820180121345,37.44820180121345,37.12427061720752,37.20280075073242,4500,0.0,0.0
2025-03-19 00:00:00-04:00,37.10463268486118,37.988077835855,37.05555323081092,37.3598518371582,6800,0.0,0.0
2025-03-20 00:00:00-04:00,37.39911397739691,37.408932115136594,37.35985266000537,37.369667053222656,2700,0.0,0.0
2025-03-21 00:00:00-04:00,37.3009563417736,37.48745977545436,37.3009563417736,37.3402214050293,5200,0.0,0.0
2025-03-24 00:00:00-04:00,37.300955958280355,38.22366246816762,37.300955958280355,37.379486083984375,1300,0.0,0.0
2025-03-25 00:00:00-04:00,37.46782876207722,37.64451780936501,37.00647735595703,37.00647735595703,3400,0.0,0.0
2025-03-26 00:00:00-04:00,37.232245069160435,37.232245069160435,37.00647656788338,37.17334747314453,1600,0.0,0.0
2025-03-27 00:00:00-04:00,37.330400717672134,38.21384585798242,37.30095379450255,37.399112701416016,2700,0.0,0.0
2025-03-28 00:00:00-04:00,37.84083623360614,37.84083623360614,37.320587273598285,37.497276306152344,3300,0.0,0.0
2025-03-31 00:00:00-04:00,37.7034156600038,37.73286258657542,37.35003756305349,37.44820022583008,3200,0.0,0.0
2025-04-01 00:00:00-04:00,37.54635658465084,37.67396616530025,37.49727712886951,37.5070915222168,2500,0.0,0.0
2025-04-02 00:00:00-04:00,37.59543565645193,38.17458221561038,37.202796269689074,37.546356201171875,5300,0.0,0.0
2025-04-03 00:00:00-04:00,37.35985388259032,37.438380264465536,36.947578208047226,37.25187683105469,9900,0.0,0.0
2025-04-04 00:00:00-04:00,37.30095716320458,37.73286163496092,37.05555612923613,37.35003662109375,9300,0.0,0.0
2025-04-07 00:00:00-04:00,36.93776571061736,37.673968833036,36.83960304758125,37.6248893737793,8000,0.0,0.0
2025-04-08 00:00:00-04:00,37.300957800480816,38.01752838256838,37.300957800480816,37.75249481201172,7500,0.0,0.0
2025-04-09 00:00:00-04:00,37.693598856750015,39.44085295274541,37.693598856750015,39.175819396972656,21700,0.0,0.0
2025-04-10 00:00:00-04:00,39.273977426482254,39.39177261163831,39.02857640752404,39.077659606933594,10600,0.0,0.0
2025-04-11 00:00:00-04:00,38.41998456253018,39.166005788815305,38.41998456253018,39.008949279785156,7400,0.0,0.0
2025-04-14 00:00:00-04:00,37.408932663425965,39.05802784275759,37.408932663425965,38.99913024902344,10400,0.0,0.0
2025-04-15 00:00:00-04:00,39.058026681990114,39.26416263714978,39.058026681990114,39.205265045166016,10400,0.0,0.0
2025-04-16 00:00:00-04:00,39.26416540465983,39.6764373440379,39.26416540465983,39.499752044677734,12500,0.0,0.0
2025-04-17 00:00:00-04:00,39.823680491535555,40.000369539985655,39.74515410584813,39.862945556640625,10800,0.0,0.0
2025-04-21 00:00:00-04:00,39.90220972842273,40.07889877291715,39.853126525878906,39.853126525878906,5200,0.0,0.0
2025-04-22 00:00:00-04:00,40.22613717526673,40.7365717769959,40.22613717526673,40.59914779663086,13500,0.0,0.0
2025-04-23 00:00:00-04:00,41.23718798058861,43.97586441040039,41.23718798058861,43.97586441040039,17800,0.0,0.0
2025-04-24 00:00:00-04:00,43.62248660251988,48.20657988020853,43.62248660251988,47.49000930786133,29900,0.0,0.0
2025-04-25 00:00:00-04:00,47.676509589487516,48.09859964100095,46.7538031076678,47.89246368408203,17500,0.0,0.0
2025-04-28 00:00:00-04:00,48.078968866464535,49.92438564203818,47.892465433561576,48.7464599609375,21800,0.0,0.0
2025-04-29 00:00:00-04:00,48.589403366254054,48.589403366254054,47.05809960910764,47.16607666015625,9600,0.0,0.0
2025-04-30 00:00:00-04:00,47.22497519515132,47.22497519515132,44.2801628112793,44.2801628112793,15200,0.0,0.0
2025-05-01 00:00:00-04:00,43.54395967216967,47.185710084597886,42.208977460346716,47.17589569091797,18700,0.0,0.0
2025-05-02 00:00:00-04:00,47.038468406238614,49.64953900310055,47.038468406238614,49.55137634277344,16800,0.0,0.0
2025-05-05 00:00:00-04:00,49.52193168198825,52.85938365078468,49.52193168198825,50.719486236572266,23100,0.0,0.0
2025-05-06 00:00:00-04:00,50.71948470741558,51.0434158747609,47.2740557834592,48.638484954833984,15400,0.0,0.0
2025-05-07 00:00:00-04:00,48.63848339737951,48.63848339737951,44.83967650142365,45.15378952026367,12800,0.0,0.0
2025-05-08 00:00:00-04:00,45.094890078791245,49.08020399087866,44.368505156658784,47.676509857177734,13900,0.0,0.0
2025-05-09 00:00:00-04:00,47.11699733268531,48.01025692400324,46.59674835205078,46.59674835205078,7500,0.0,0.0
2025-05-12 00:00:00-04:00,47.215158915490306,47.3624010382889,46.47895579054281,46.802886962890625,5900,0.0,0.0
2025-05-13 00:00:00-04:00,47.26423854925809,47.96117655621193,47.0777313751983,47.244606018066406,7900,0.0,0.0
2025-05-14 00:00:00-04:00,47.39184926050105,47.794306830025995,46.68509678750775,46.773441314697266,9600,0.0,0.0
2025-05-15 00:00:00-04:00,47.58816644911759,47.72559042437073,46.351346927316804,46.7243537902832,11200,0.0,0.0
2025-05-16 00:00:00-04:00,46.54766597238181,47.745224207303394,46.52803718499325,46.606563568115234,12000,0.0,0.0
2025-05-19 00:00:00-04:00,46.91085921032538,47.28386605932941,46.91085921032538,47.274051666259766,6200,0.0,0.0
2025-05-20 00:00:00-04:00,46.89122820973115,48.83480387438404,46.89122820973115,48.43234634399414,15400,0.0,0.0
2025-05-21 00:00:00-04:00,48.98204899303029,49.07039351705107,48.285107194856224,48.5108757019043,6500,0.0,0.0
2025-05-22 00:00:00-04:00,48.785726198242294,49.81640978981674,48.10841694943308,48.54032516479492,18800,0.0,0.0
2025-05-23 00:00:00-04:00,48.19675849264412,48.82498824484312,47.647062608188264,47.80411911010742,5700,0.0,0.0
2025-05-27 00:00:00-04:00,48.677748880498775,48.677748880498775,47.627432762600044,48.098602294921875,8400,0.0,0.0
2025-05-28 00:00:00-04:00,47.804120426855015,47.980809464446196,47.69614337671346,47.951358795166016,6500,0.0,0.0
2025-05-29 00:00:00-04:00,47.607799338896996,49.5710075590577,47.607799338896996,49.404136657714844,4400,0.0,0.0
2025-05-30 00:00:00-04:00,48.687563768913904,48.78572642947168,48.236026763916016,48.236026763916016,3800,0.0,0.0
2025-06-02 00:00:00-04:00,48.09860547801718,48.54032811396476,46.773441314697266,46.773441314697266,9000,0.0,0.0
2025-06-03 00:00:00-04:00,46.38079766666188,46.60656617950607,44.26053278025253,45.88999557495117,6500,0.0,0.0
2025-06-04 00:00:00-04:00,45.055629502669554,45.163602807827,42.61143365612318,44.04457473754883,9800,0.0,0.0
2025-06-05 00:00:00-04:00,44.64335121618687,44.64335121618687,43.25928967185174,43.35744857788086,6200,0.0,0.0
2025-06-06 00:00:00-04:00,43.34763498071866,45.04580954894311,41.51203644372218,43.93659591674805,5900,0.0,0.0
2025-06-09 00:00:00-04:00,43.543958910312575,43.67156849305423,41.57093255266108,43.6126708984375,4200,0.0,0.0
2025-06-10 00:00:00-04:00,42.79793756551455,44.70225192950546,42.79793756551455,44.18199920654297,5100,0.0,0.0
2025-06-11 00:00:00-04:00,42.73904457900227,44.6433552369414,42.73904457900227,44.19181823730469,5800,0.0,0.0
2025-06-12 00:00:00-04:00,45.07525796108158,46.67527367431872,45.07525796108158,45.57587814331055,6100,0.0,0.0
2025-06-13 00:00:00-04:00,46.38585356609651,46.86986435288585,44.84492895521158,45.05236053466797,5600,0.29,0.0
2025-06-16 00:00:00-04:00,45.60551110789723,46.22780961015798,44.4498176574707,44.4498176574707,6400,0.0,0.0
2025-06-17 00:00:00-04:00,43.90654065306486,44.11397222069697,42.96815490722656,42.96815490722656,5000,0.0,0.0
2025-06-18 00:00:00-04:00,43.14595712528753,43.402776638912606,42.859501837278884,42.90888977050781,5700,0.0,0.0
2025-06-20 00:00:00-04:00,43.511431303532945,44.44981708448358,42.948400588574096,43.44228744506836,6900,0.0,0.0
2025-06-23 00:00:00-04:00,42.65207204334045,43.392902376976906,41.54576646683291,41.82234191894531,13500,0.0,0.0
2025-06-24 00:00:00-04:00,41.73344127920282,42.56317138671875,41.33833026874462,42.56317138671875,8600,0.0,0.0
2025-06-25 00:00:00-04:00,42.5631674526382,42.5631674526382,41.121018803460814,41.190162658691406,8400,0.0,0.0
2025-06-26 00:00:00-04:00,41.200040211553784,41.200040211553784,38.03916361112278,39.11583709716797,26900,0.0,0.0
2025-06-27 00:00:00-04:00,39.24424889300282,42.187814085150166,39.115837256147735,40.88395309448242,402900,0.0,0.0
2025-06-30 00:00:00-04:00,40.49872005776832,42.36561167217625,39.718377962077525,40.78517532348633,34100,0.0,0.0
2025-07-01 00:00:00-04:00,41.486495526578615,43.89666200543148,41.091384538150045,43.2249755859375,12200,0.0,0.0
2025-07-02 00:00:00-04:00,42.94839893364079,42.94839893364079,41.654414062986255,41.990257263183594,13500,0.0,0.0
2025-07-03 00:00:00-04:00,41.99025698079815,43.62996111942692,41.99025698079815,43.14595413208008,7700,0.0,0.0
2025-07-07 00:00:00-04:00,42.849625935808305,43.68923210836019,42.464394779741966,42.721214294433594,9900,0.0,0.0
2025-07-08 00:00:00-04:00,42.96815479988947,43.07681050687035,42.17793661465243,42.57304382324219,31800,0.0,0.0
2025-07-09 00:00:00-04:00,42.67182716593364,43.43241341294985,42.57304752914448,43.15583419799805,10300,0.0,0.0
2025-07-10 00:00:00-04:00,42.58292515528981,44.25226136532946,42.58292515528981,43.23485565185547,13200,0.0,0.0
2025-07-11 00:00:00-04:00,43.5608160152936,43.5608160152936,42.54341037190661,42.889129638671875,3800,0.0,0.0
2025-07-14 00:00:00-04:00,42.45451669037296,43.936177363100036,38.20709018216692,41.437110900878906,8500,0.0,0.0
2025-07-15 00:00:00-04:00,40.48884683263008,40.60737862512117,38.77999496459961,38.77999496459961,8700,0.0,0.0
2025-07-16 00:00:00-04:00,38.52317481295817,39.520824605297086,38.52317481295817,39.33314895629883,6500,0.0,0.0
2025-07-17 00:00:00-04:00,38.93803613425969,39.90605764355641,38.533049081618216,39.629478454589844,5900,0.0,0.0
2025-07-18 00:00:00-04:00,40.25177844010461,40.25177844010461,38.32561896359236,38.533050537109375,6400,0.0,0.0
2025-07-21 00:00:00-04:00,38.049041215222296,38.9973030090332,38.049041215222296,38.9973030090332,3600,0.0,0.0
2025-07-22 00:00:00-04:00,38.414519310488465,39.10596166706643,38.36513137817383,38.36513137817383,7500,0.0,0.0
2025-07-23 00:00:00-04:00,39.007185626442606,39.01706170563789,37.48601320244592,38.55280685424805,6100,0.0,0.0
2025-07-24 00:00:00-04:00,37.13041723040993,37.614428049543186,36.95261764526367,36.95261764526367,4000,0.0,0.0
2025-07-25 00:00:00-04:00,36.50811441301912,37.31808853149414,36.09325127489865,37.31808853149414,5000,0.0,0.0
2025-07-28 00:00:00-04:00,37.881117799854685,37.881117799854685,35.97471436248676,37.051387786865234,3800,0.0,0.0
2025-07-29 00:00:00-04:00,37.318090133392694,37.79222106933594,37.318090133392694,37.79222106933594,2500,0.0,0.0
2025-07-30 00:00:00-04:00,37.58478998089723,37.861369189843074,37.031639099121094,37.031639099121094,6300,0.0,0.0
2025-07-31 00:00:00-04:00,35.184499744236724,35.49071096170836,35.06596794988484,35.085723876953125,5400,0.0,0.0
2025-08-01 00:00:00-04:00,33.63369481114516,34.67085647583008,33.63369481114516,34.67085647583008,5900,0.0,0.0
2025-08-04 00:00:00-04:00,34.0781945834735,35.1054801940918,34.0781945834735,35.1054801940918,6500,0.0,0.0
2025-08-05 00:00:00-04:00,35.06596683368066,36.32043990215109,34.57207997686826,36.201908111572266,9100,0.0,0.0
2025-08-06 00:00:00-04:00,37.23906861538045,37.23906861538045,35.559852600097656,35.559852600097656,5800,0.0,0.0
2025-08-07 00:00:00-04:00,33.31760759832719,35.06596755981445,33.31760759832719,35.06596755981445,3400,0.0,0.0
2025-08-08 00:00:00-04:00,35.609241043478065,35.609241043478065,35.19437789916992,35.19437789916992,3100,0.0,0.0
2025-08-11 00:00:00-04:00,33.46577254652417,35.51046371459961,33.46577254652417,35.51046371459961,4500,0.0,0.0
2025-08-12 00:00:00-04:00,36.66616035111968,37.43662643432617,36.66616035111968,37.43662643432617,4000,0.0,0.0
2025-08-13 00:00:00-04:00,36.5575045014605,37.82185745239258,36.5575045014605,37.82185745239258,11600,0.0,0.0
2025-08-14 00:00:00-04:00,37.26870054344048,37.426744181726846,36.64640206916272,36.92298126220703,5100,0.0,0.0
2025-08-15 00:00:00-04:00,37.7823436066911,37.7823436066911,35.79692014961817,36.54762649536133,6100,0.0,0.0
2025-08-18 00:00:00-04:00,36.18215218415483,36.64640326726671,35.964840761384785,36.39945983886719,3500,0.0,0.0
2025-08-19 00:00:00-04:00,36.54762832432577,36.54762832432577,36.053741455078125,36.053741455078125,2400,0.0,0.0
2025-08-20 00:00:00-04:00,35.559852600097656,36.04386336287765,35.559852600097656,35.559852600097656,5600,0.0,0.0
2025-08-21 00:00:00-04:00,35.69814013982458,35.69814013982458,35.54009650197925,35.54997634887695,4400,0.0,0.0
2025-08-22 00:00:00-04:00,36.34019494500938,38.57256182557795,36.34019494500938,38.50341796875,11000,0.0,0.0
2025-08-25 00:00:00-04:00,37.92063192347478,38.197207355033704,37.02175800285061,37.55515670776367,4300,0.0,0.0
2025-08-26 00:00:00-04:00,38.72072977968803,40.478965759277344,38.4046424972463,40.478965759277344,3300,0.0,0.0
2025-08-27 00:00:00-04:00,40.478964239033836,41.12101862691277,40.39994430541992,40.39994430541992,4700,0.0,0.0
2025-08-28 00:00:00-04:00,40.261657059922655,40.340680769901276,39.44180679321289,39.44180679321289,3300,0.0,0.0
2025-08-29 00:00:00-04:00,39.48131821660018,41.61490937794629,39.48131821660018,40.59749984741211,6200,0.0,0.0
2025-09-02 00:00:00-04:00,41.37783903326545,41.42722696386993,41.03211975097656,41.03211975097656,3100,0.0,0.0
2025-09-03 00:00:00-04:00,41.012363997321685,41.23955149350221,41.012363997321685,41.041996002197266,2400,0.0,0.0
2025-09-04 00:00:00-04:00,41.53588177793632,42.93852233886719,41.53588177793632,42.93852233886719,2600,0.0,0.0
2025-09-05 00:00:00-04:00,43.46204596340392,43.46204596340392,42.79035949707031,42.79035949707031,3700,0.0,0.0
2025-09-08 00:00:00-04:00,42.810115424675175,42.810115424675175,42.79035949707031,42.79035949707031,2300,0.0,0.0
2025-09-09 00:00:00-04:00,42.27671363949055,42.6323127746582,42.27671363949055,42.6323127746582,2000,0.0,0.0
2025-09-10 00:00:00-04:00,42.57304767374019,42.78048302767304,42.57304767374019,42.77060317993164,3200,0.0,0.0
2025-09-11 00:00:00-04:00,42.24708342309677,43.50155652836356,42.24708342309677,43.31387710571289,3000,0.0,0.0
2025-09-12 00:00:00-04:00,43.22434616088867,43.22434616088867,43.22434616088867,43.22434616088867,3200,0.31,0.0
2025-09-15 00:00:00-04:00,43.423308282438576,43.870968202864745,43.423308282438576,43.791385650634766,2800,0.0,0.0
2025-09-16 00:00:00-04:00,44.19925619112214,44.48775100708008,43.89086478838579,44.48775100708008,3300,0.0,0.0
2025-09-17 00:00:00-04:00,44.04008571373922,44.91551652619091,44.04008571373922,44.05998229980469,5900,0.0,0.0
2025-09-18 00:00:00-04:00,43.97045059192003,45.084632873535156,43.71179876188428,45.084632873535156,5700,0.0,0.0
2025-09-19 00:00:00-04:00,45.024942260834706,45.76110076904297,43.73169451981717,45.76110076904297,30400,0.0,0.0
2025-09-22 00:00:00-04:00,44.79613757259665,44.89562050417384,44.79613757259665,44.85582733154297,3300,0.0,0.0
2025-09-23 00:00:00-04:00,44.159461975097656,44.159461975097656,44.159461975097656,44.159461975097656,3100,0.0,0.0
2025-09-24 00:00:00-04:00,44.77623882544325,45.154266357421875,44.77623882544325,45.154266357421875,3300,0.0,0.0
2025-09-25 00:00:00-04:00,44.22909697207474,45.38307238357448,43.97044894660313,44.9155158996582,3900,0.0,0.0
2025-09-26 00:00:00-04:00,44.99509755726929,45.72130584716797,44.99509755726929,45.72130584716797,3300,0.0,0.0
2025-09-29 00:00:00-04:00,45.76109985947625,45.78099644523623,45.044837951660156,45.044837951660156,4300,0.0,0.0
2025-09-30 00:00:00-04:00,45.462658470267016,46.28834590393676,45.064734346524645,45.562137603759766,4300,0.0,0.0
2025-10-01 00:00:00-04:00,45.81084074381444,47.64128494262695,45.73125819337171,47.64128494262695,3100,0.0,0.0
2025-10-02 00:00:00-04:00,46.94491952387497,46.94491952387497,46.37788009643555,46.37788009643555,2900,0.0,0.0
2025-10-03 00:00:00-04:00,47.999416455305365,47.999416455305365,46.34803771972656,46.34803771972656,7600,0.0,0.0
2025-10-06 00:00:00-04:00,46.706165807888375,46.706165807888375,46.10927963256836,46.10927963256836,3100,0.0,0.0
2025-10-07 00:00:00-04:00,45.51239776611328,45.51239776611328,45.51239776611328,45.51239776611328,2200,0.0,0.0
2025-10-08 00:00:00-04:00,44.96525665883497,45.62182882770118,44.85582733154297,44.85582733154297,2700,0.0,0.0
2025-10-09 00:00:00-04:00,44.72650016344618,44.82598309223307,43.52278518676758,43.52278518676758,3700,0.0,0.0
2025-10-10 00:00:00-04:00,43.34371841730814,43.970447567876256,42.18974304199219,42.18974304199219,3800,0.0,0.0
2025-10-13 00:00:00-04:00,42.886110442375454,42.886110442375454,41.72218482006299,42.14995193481445,3500,0.0,0.0
2025-10-14 00:00:00-04:00,37.44451746743419,44.34847726698559,37.44451746743419,42.14995193481445,4100,0.0,0.0
2025-10-15 00:00:00-04:00,41.761976643984234,41.761976643984234,40.24987030029297,40.24987030029297,1900,0.0,0.0
2025-10-16 00:00:00-04:00,40.48862766411882,40.48862766411882,38.688026428222656,38.688026428222656,2300,0.0,0.0
2025-10-17 00:00:00-04:00,38.4492719857124,40.3195054365613,37.62358078542893,39.792259216308594,6000,0.0,0.0
2025-10-20 00:00:00-04:00,40.21007717216073,40.94623565673828,39.812156846482466,40.94623565673828,5400,0.0,0.0
2025-10-21 00:00:00-04:00,41.941041407529255,41.941041407529255,40.53836441040039,40.53836441040039,5800,0.0,0.0
2025-10-22 00:00:00-04:00,41.005927658345875,41.91120147705078,41.005927658345875,41.91120147705078,2900,0.0,0.0
2025-10-23 00:00:00-04:00,43.5128394629455,43.5128394629455,42.537925720214844,42.537925720214844,2800,0.0,0.0
2025-10-24 00:00:00-04:00,42.86621304515277,42.86621304515277,41.78187378790922,42.69709396362305,6400,0.0,0.0
2025-10-27 00:00:00-04:00,41.84156563881952,41.84156563881952,41.83161544799805,41.83161544799805,1900,0.0,0.0
2025-10-28 00:00:00-04:00,41.78187453326057,42.27927780151367,41.41379717732129,42.27927780151367,4500,0.0,0.0
2025-10-29 00:00:00-04:00,42.040521193875385,42.27927642461111,41.88135230501345,42.030574798583984,4800,0.0,0.0
2025-10-30 00:00:00-04:00,41.781875561554116,42.76673572668339,41.781875561554116,41.91120147705078,2200,0.0,0.0
2025-10-31 00:00:00-04:00,42.189744266141574,42.826419830322266,42.189744266141574,42.826419830322266,2200,0.0,0.0
2025-11-03 00:00:00-05:00,43.77148682542871,43.77148682542871,42.69709396362305,42.69709396362305,4300,0.0,0.0
2025-11-04 00:00:00-05:00,42.71699092852762,42.915952993022636,42.48818588256836,42.48818588256836,3100,0.0,0.0
2025-11-05 00:00:00-05:00,44.288787841796875,44.288787841796875,44.288787841796875,44.288787841796875,2700,0.0,0.0
2025-11-06 00:00:00-05:00,43.78143502553915,44.12961959838867,43.463097230005,44.12961959838867,2300,0.0,0.0
2025-11-07 00:00:00-05:00,43.9107610382417,43.9107610382417,43.870967864990234,43.870967864990234,2700,0.0,0.0
2025-11-10 00:00:00-05:00,43.791385650634766,43.791385650634766,43.791385650634766,43.791385650634766,1700,0.0,0.0
2025-11-11 00:00:00-05:00,44.32858112277509,45.3333340660007,43.98039655421848,44.72650146484375,5700,0.0,0.0
2025-11-12 00:00:00-05:00,43.27408322343799,44.42805862426758,43.27408322343799,44.42805862426758,2200,0.0,0.0
2025-11-13 00:00:00-05:00,44.83592987060547,44.83592987060547,44.83592987060547,44.83592987060547,2100,0.0,0.0
2025-11-14 00:00:00-05:00,44.08982419608132,45.38307189941406,44.050031024929986,45.38307189941406,2300,0.0,0.0
2025-11-17 00:00:00-05:00,45.24379923740344,45.263695822821724,44.73644959133688,44.766292572021484,3800,0.0,0.0
2025-11-18 00:00:00-05:00,44.51759040094362,45.49250030517578,44.51759040094362,45.49250030517578,3200,0.0,0.0
2025-11-19 00:00:00-05:00,43.791385650634766,43.791385650634766,43.791385650634766,43.791385650634766,2000,0.0,0.0
2025-11-20 00:00:00-05:00,45.15426853650291,45.15426853650291,44.85582733154297,44.85582733154297,2300,0.0,0.0
2025-11-21 00:00:00-05:00,45.04483888624798,47.153831481933594,45.04483888624798,47.153831481933594,5500,0.0,0.0
2025-11-24 00:00:00-05:00,47.15383182782173,48.466976165771484,47.15383182782173,48.466976165771484,2100,0.0,0.0
2025-11-25 00:00:00-05:00,48.974326222264594,49.650794982910156,48.974326222264594,49.650794982910156,2600,0.0,0.0
2025-11-26 00:00:00-05:00,49.65079372143029,49.74032646085526,49.1434440612793,49.1434440612793,5400,0.0,0.0
2025-11-28 00:00:00-05:00,48.4968192225023,49.73038101196289,48.4968192225023,49.73038101196289,1500,0.0,0.0
2025-12-01 00:00:00-05:00,49.74032616706164,49.74032616706164,48.67588349067738,49.09370040893555,3000,0.0,0.0
2025-12-02 00:00:00-05:00,48.646039142835086,49.64084563823142,48.646039142835086,48.84499740600586,4900,0.0,0.0
2025-12-03 00:00:00-05:00,48.934531399588245,50.17803955078125,48.934531399588245,50.17803955078125,16300,0.0,0.0
2025-12-04 00:00:00-05:00,47.84024695783818,50.685394287109375,47.233414357483525,50.685394287109375,7200,0.0,0.0
2025-12-05 00:00:00-05:00,49.82985837095828,50.516273498535156,49.82985837095828,50.516273498535156,2600,0.0,0.0
2025-12-08 00:00:00-05:00,50.735131974589876,54.207008361816406,50.4366907807753,54.207008361816406,13800,0.0,0.0
2025-12-09 00:00:00-05:00,54.7143591272782,59.370053989335645,54.7143591272782,58.14644241333008,13500,0.0,0.0
2025-12-10 00:00:00-05:00,58.69358621218969,59.66849617185333,56.25630941558771,56.51496124267578,23900,0.0,0.0
2025-12-11 00:00:00-05:00,56.833298751797045,59.55906654909208,56.405531635561886,59.380001068115234,14200,0.0,0.0
2025-12-12 00:00:00-05:00,59.08000183105469,65.86000061035156,59.0,65.29000091552734,27800,0.31,0.0
2025-12-15 00:00:00-05:00,65.38999938964844,68.58999633789062,60.060001373291016,65.0,53800,0.0,0.0
2025-12-16 00:00:00-05:00,64.0,66.37999725341797,61.880001068115234,66.37999725341797,55400,0.0,0.0
2025-12-17 00:00:00-05:00,66.37999725341797,69.69999694824219,66.0,69.69999694824219,47300,0.0,0.0
2025-12-18 00:00:00-05:00,70.0,70.86000061035156,68.87000274658203,69.5,56000,0.0,0.0
2025-12-19 00:00:00-05:00,69.5,71.0,63.9900016784668,66.54000091552734,93800,0.0,0.0
2025-12-22 00:00:00-05:00,66.1500015258789,66.1500015258789,60.31999969482422,61.7599983215332,30500,0.0,0.0
2025-12-23 00:00:00-05:00,61.119998931884766,62.0,60.93000030517578,61.22999954223633,9600,0.0,0.0
2025-12-24 00:00:00-05:00,60.849998474121094,60.849998474121094,60.849998474121094,60.849998474121094,3200,0.0,0.0
2025-12-26 00:00:00-05:00,60.81999969482422,61.47999954223633,59.7599983215332,59.869998931884766,7100,0.0,0.0
2025-12-29 00:00:00-05:00,60.0,61.220001220703125,60.0,60.720001220703125,4700,0.0,0.0
2025-12-30 00:00:00-05:00,59.0099983215332,59.0099983215332,58.75,58.86000061035156,3800,0.0,0.0
2025-12-31 00:00:00-05:00,57.58000183105469,59.20000076293945,57.58000183105469,59.20000076293945,6300,0.0,0.0
2026-01-02 00:00:00-05:00,59.25,59.25,57.25,58.27000045776367,9000,0.0,0.0
2026-01-05 00:00:00-05:00,57.18000030517578,57.5,55.79999923706055,56.20000076293945,9100,0.0,0.0
2026-01-06 00:00:00-05:00,55.779998779296875,56.400001525878906,55.5,55.970001220703125,10700,0.0,0.0
2026-01-07 00:00:00-05:00,56.349998474121094,56.349998474121094,52.45000076293945,53.040000915527344,5400,0.0,0.0
2026-01-08 00:00:00-05:00,53.04999923706055,54.2599983215332,51.93000030517578,52.529998779296875,8900,0.0,0.0
2026-01-09 00:00:00-05:00,51.88999938964844,52.0,50.43000030517578,51.5099983215332,7100,0.0,0.0
2026-01-12 00:00:00-05:00,50.790000915527344,50.790000915527344,47.400001525878906,47.400001525878906,8100,0.0,0.0
2026-01-13 00:00:00-05:00,47.59000015258789,47.59000015258789,45.790000915527344,47.04999923706055,13400,0.0,0.0
2026-01-14 00:00:00-05:00,47.560001373291016,50.0,47.560001373291016,49.97999954223633,7800,0.0,0.0
2026-01-15 00:00:00-05:00,49.709999084472656,51.290000915527344,49.709999084472656,50.75,6300,0.0,0.0
2026-01-16 00:00:00-05:00,50.33000183105469,51.400001525878906,49.56999969482422,49.599998474121094,9100,0.0,0.0
2026-01-20 00:00:00-05:00,48.65999984741211,49.59000015258789,48.65999984741211,48.709999084472656,3700,0.0,0.0
2026-01-21 00:00:00-05:00,49.470001220703125,50.290000915527344,49.36000061035156,50.290000915527344,6100,0.0,0.0
2026-01-22 00:00:00-05:00,50.54999923706055,52.209999084472656,50.38999938964844,52.209999084472656,6200,0.0,0.0
2026-01-23 00:00:00-05:00,52.27000045776367,52.27000045776367,50.869998931884766,50.869998931884766,1900,0.0,0.0
2026-01-26 00:00:00-05:00,50.119998931884766,51.959999084472656,50.119998931884766,51.959999084472656,2400,0.0,0.0
2026-01-27 00:00:00-05:00,52.130001068115234,52.720001220703125,52.130001068115234,52.720001220703125,1800,0.0,0.0
2026-01-28 00:00:00-05:00,52.86000061035156,53.369998931884766,49.90999984741211,49.9900016784668,5300,0.0,0.0
2026-01-29 00:00:00-05:00,49.70000076293945,53.43000030517578,49.66999816894531,53.43000030517578,5700,0.0,0.0
2026-01-30 00:00:00-05:00,54.029998779296875,59.060001373291016,53.9900016784668,58.91999816894531,7200,0.0,0.0
2026-02-02 00:00:00-05:00,59.0,59.84000015258789,57.810001373291016,57.959999084472656,12600,0.0,0.0
2026-02-03 00:00:00-05:00,57.439998626708984,61.459999084472656,57.439998626708984,61.459999084472656,8400,0.0,0.0
2026-02-04 00:00:00-05:00,62.90999984741211,63.70000076293945,61.79999923706055,63.5,9900,0.0,0.0
2026-02-05 00:00:00-05:00,62.93000030517578,62.93000030517578,56.560001373291016,57.20000076293945,15100,0.0,0.0
2026-02-06 00:00:00-05:00,57.599998474121094,57.599998474121094,53.65999984741211,54.20000076293945,13700,0.0,0.0
2026-02-09 00:00:00-05:00,52.849998474121094,53.02000045776367,50.97999954223633,52.29999923706055,6500,0.0,0.0
2026-02-10 00:00:00-05:00,51.5,55.45000076293945,51.5,53.29999923706055,8500,0.0,0.0
2026-02-11 00:00:00-05:00,54.0,54.0,52.77000045776367,52.77000045776367,5500,0.0,0.0
2026-02-12 00:00:00-05:00,53.88999938964844,53.88999938964844,51.650001525878906,53.09000015258789,2400,0.0,0.0
2026-02-13 00:00:00-05:00,53.5099983215332,53.5099983215332,52.220001220703125,52.220001220703125,3200,0.0,0.0
2026-02-17 00:00:00-05:00,52.0,53.81999969482422,51.369998931884766,53.52000045776367,7000,0.0,0.0
2026-02-18 00:00:00-05:00,53.22999954223633,53.22999954223633,51.560001373291016,52.36000061035156,3500,0.0,0.0
2026-02-19 00:00:00-05:00,51.77000045776367,52.689998626708984,51.77000045776367,52.400001525878906,3500,0.0,0.0
2026-02-20 00:00:00-05:00,51.83000183105469,53.58000183105469,51.83000183105469,53.58000183105469,5000,0.0,0.0
2026-02-23 00:00:00-05:00,52.5099983215332,52.5099983215332,50.0099983215332,50.0099983215332,5000,0.0,0.0
2026-02-24 00:00:00-05:00,51.31999969482422,51.31999969482422,49.5,50.869998931884766,6500,0.0,0.0
2026-02-25 00:00:00-05:00,50.9900016784668,52.75,50.9900016784668,52.75,4200,0.0,0.0
2026-02-26 00:00:00-05:00,53.150001525878906,54.400001525878906,52.58000183105469,53.369998931884766,4200,0.0,0.0
2026-02-27 00:00:00-05:00,53.20000076293945,53.20000076293945,50.79999923706055,50.79999923706055,6400,0.0,0.0
2026-03-02 00:00:00-05:00,52.0,52.25,51.130001068115234,51.86000061035156,5800,0.0,0.0
2026-03-03 00:00:00-05:00,50.86000061035156,52.68000030517578,50.86000061035156,51.68000030517578,5600,0.0,0.0
2026-03-04 00:00:00-05:00,53.08000183105469,53.08000183105469,53.0,53.0,5280,0.0,0.0
