Date,Open,High,Low,Close,Volume,Dividends,Stock Splits
2022-01-03 00:00:00-05:00,478.66421096145535,479.9607601755803,460.4250282452275,463.0180969238281,369400,0.0,0.0
2022-01-04 00:00:00-05:00,463.5054806491362,465.38690782759255,457.17880170983574,458.3291015625,569900,0.0,0.0
2022-01-05 00:00:00-05:00,459.0504662048166,462.4721515736378,453.55240424215725,454.7904357910156,494900,0.0,0.0
2022-01-06 00:00:00-05:00,454.64421822325045,463.47623388431293,451.74895284100495,459.6353759765625,397400,0.0,0.0
2022-01-07 00:00:00-05:00,457.9759401760326,461.9194730217701,449.97177464835073,450.4110107421875,375300,0.62,0.0
2022-01-10 00:00:00-05:00,446.574881725297,447.71695518564127,435.47640254567904,442.79730224609375,619000,0.0,0.0
2022-01-11 00:00:00-05:00,441.19641009289904,450.4695488491559,434.5100128207548,449.2884521484375,514800,0.0,0.0
2022-01-12 00:00:00-05:00,452.529201929406,455.66253853907455,450.3231613726192,453.4272155761719,344500,0.0,0.0
2022-01-13 00:00:00-05:00,454.65712467045813,455.2818557034956,443.2657923594427,444.85687255859375,422900,0.0,0.0
2022-01-14 00:00:00-05:00,441.7626176235653,441.84069411331706,426.07636271076245,437.10650634765625,754100,0.0,0.0
2022-01-18 00:00:00-05:00,430.9081828305476,435.330005207338,427.12083249145127,434.7931213378906,731700,0.0,0.0
2022-01-19 00:00:00-05:00,437.2529516359319,443.36344237998196,431.4255142346888,431.91357421875,529100,0.0,0.0
2022-01-20 00:00:00-05:00,435.12492346967866,440.532635638603,428.21400821887886,429.2389221191406,447500,0.0,0.0
2022-01-21 00:00:00-05:00,430.3126752281479,434.3342842825246,426.72056129499725,427.48193359375,592700,0.0,0.0
2022-01-24 00:00:00-05:00,422.1621616233847,424.5146145783421,409.3750124743929,424.07537841796875,967800,0.0,0.0
2022-01-25 00:00:00-05:00,417.6719928176355,420.89317683824316,409.46282020573693,417.6231689453125,570500,0.0,0.0
2022-01-26 00:00:00-05:00,421.5667593853538,426.39853607389443,410.27304252282113,416.6275939941406,623900,0.0,0.0
2022-01-27 00:00:00-05:00,421.37147572115475,422.7868616409496,411.43458124051057,413.3673095703125,583500,0.0,0.0
2022-01-28 00:00:00-05:00,413.61125536489527,425.23684580777876,407.5690713936863,425.0708923339844,539700,0.0,0.0
2022-01-31 00:00:00-05:00,423.2749395254294,426.8670541387073,419.6144893597419,426.72064208984375,847600,0.0,0.0
2022-02-01 00:00:00-05:00,426.61320682423735,432.13804924586265,422.1523613487837,431.43524169921875,647700,0.0,0.0
2022-02-02 00:00:00-05:00,434.96873872920986,452.04109463887994,434.96873872920986,441.5185241699219,896500,0.0,0.0
2022-02-03 00:00:00-05:00,443.15840102066505,453.42717086659854,438.9513269535519,450.44024658203125,1082100,0.0,0.0
2022-02-04 00:00:00-05:00,446.97504454499057,446.97504454499057,435.35922427588133,437.2528991699219,526000,0.0,0.0
2022-02-07 00:00:00-05:00,437.7312113390043,439.3027500829628,432.25516319731156,432.6358642578125,419900,0.0,0.0
2022-02-08 00:00:00-05:00,431.27907470767923,437.58483118331577,426.69132870633615,435.14453125,367500,0.0,0.0
2022-02-09 00:00:00-05:00,439.2539911711607,446.79940934347525,437.50672806541087,443.226806640625,405200,0.0,0.0
2022-02-10 00:00:00-05:00,438.92210733428624,440.3277224679451,429.61968525307896,431.74761962890625,515800,0.0,0.0
2022-02-11 00:00:00-05:00,432.2649431002587,435.1445087884592,423.977694486916,427.37457275390625,469700,0.0,0.0
2022-02-14 00:00:00-05:00,427.0719695886379,433.06536009662983,426.1836969015178,431.6304626464844,568700,0.0,0.0
2022-02-15 00:00:00-05:00,435.7692695388725,438.51216451368145,428.94619987847534,431.3962707519531,460800,0.0,0.0
2022-02-16 00:00:00-05:00,429.5610579518246,435.27136487805734,426.06653230135026,434.3733215332031,386100,0.0,0.0
2022-02-17 00:00:00-05:00,431.171684731951,433.98291481871826,426.9646103332508,427.7259826660156,416800,0.0,0.0
2022-02-18 00:00:00-05:00,428.81924875557746,432.2258978161179,426.8279557357284,429.81488037109375,731400,0.0,0.0
2022-02-22 00:00:00-05:00,430.3225002398431,433.4070429591794,423.4701188978982,428.7216491699219,524300,0.0,0.0
2022-02-23 00:00:00-05:00,430.00038629962796,431.65003153883515,418.423617004554,418.92144775390625,491800,0.0,0.0
2022-02-24 00:00:00-05:00,410.47793922268954,433.93409977663845,409.99964999292604,433.455810546875,552500,0.0,0.0
2022-02-25 00:00:00-05:00,432.2258514215073,439.40033817314344,428.10662452245185,437.711669921875,400800,0.0,0.0
2022-02-28 00:00:00-05:00,435.5349875903662,439.4785207530318,429.1706958791645,437.5165100097656,540800,0.0,0.0
2022-03-01 00:00:00-05:00,438.4828994434716,442.9632871039372,432.5188199628882,435.6033630371094,568300,0.0,0.0
2022-03-02 00:00:00-05:00,438.53168127096774,439.6639840470165,431.8647649810421,438.35595703125,571400,0.0,0.0
2022-03-03 00:00:00-05:00,442.9828011217169,445.6085663971272,436.7844329460588,439.1661682128906,561900,0.0,0.0
2022-03-04 00:00:00-05:00,436.91131094913794,446.2137332083622,433.65107377609456,443.724609375,444000,0.0,0.0
2022-03-07 00:00:00-05:00,443.4219738515462,444.88615369362975,434.178117256973,434.539306640625,460600,0.0,0.0
2022-03-08 00:00:00-05:00,434.5002586676177,437.1064821357625,423.7727104295526,428.057861328125,770500,0.0,0.0
2022-03-09 00:00:00-05:00,432.33323230048995,436.6769476186632,428.6435005788465,432.70416259765625,381200,0.0,0.0
2022-03-10 00:00:00-05:00,426.65226022409263,429.7758559419391,423.8703124423882,425.968994140625,496300,0.0,0.0
2022-03-11 00:00:00-05:00,428.0774296848637,428.92667913842024,421.8009850054481,421.9864501953125,440700,0.0,0.0
2022-03-14 00:00:00-04:00,420.9711614056169,429.8245748461537,420.32691878440977,424.709716796875,369200,0.0,0.0
2022-03-15 00:00:00-04:00,427.9309545984373,436.69652195059206,425.4613724637874,435.15423583984375,321800,0.0,0.0
2022-03-16 00:00:00-04:00,435.583700307093,443.09006412948156,431.9525333737805,442.63128662109375,400200,0.0,0.0
2022-03-17 00:00:00-04:00,440.2300688967438,450.9478759765625,439.9958096563592,450.9478759765625,360300,0.0,0.0
2022-03-18 00:00:00-04:00,449.0150945876209,457.585424984067,445.0715623725494,457.3511657714844,905500,0.0,0.0
2022-03-21 00:00:00-04:00,455.87729811796135,457.2048367374117,448.5856809149275,451.6214294433594,391600,0.0,0.0
2022-03-22 00:00:00-04:00,451.9435101755527,453.1734307723822,449.7081872811164,452.782958984375,294100,0.0,0.0
2022-03-23 00:00:00-04:00,451.5334716137563,453.2026578739982,448.69298928768467,450.9868469238281,259000,0.0,0.0
2022-03-24 00:00:00-04:00,451.6897152214511,452.90986510246927,447.8633418763148,450.4305419921875,224900,0.0,0.0
2022-03-25 00:00:00-04:00,451.68970967519385,455.0573352209793,448.4099611339202,454.7351989746094,205900,0.0,0.0
2022-03-28 00:00:00-04:00,453.7493093187414,461.22639079755106,451.77752819562585,460.98236083984375,260800,0.0,0.0
2022-03-29 00:00:00-04:00,467.10263814449945,468.3130172455537,459.3522440276927,465.2480163574219,297300,0.0,0.0
2022-03-30 00:00:00-04:00,464.3890999924076,468.9866169504647,462.8273020010382,466.8977355957031,383500,0.0,0.0
2022-03-31 00:00:00-04:00,464.8380940290819,469.1525575098945,460.806713687415,460.9531555175781,601200,0.0,0.0
2022-04-01 00:00:00-04:00,461.15814450089425,467.0734294373082,459.63539965323235,465.5604553222656,397900,0.0,0.0
2022-04-04 00:00:00-04:00,466.8114377686512,470.96534717457877,464.0063319540038,470.3789367675781,395300,0.62,0.0
2022-04-05 00:00:00-04:00,468.31665381320073,474.2787418504088,465.2574167646568,465.9513854980469,629800,0.0,0.0
2022-04-06 00:00:00-04:00,464.641603958504,471.23898869541165,460.6245141861312,468.5413818359375,491900,0.0,0.0
2022-04-07 00:00:00-04:00,467.2415181815133,477.19137617428913,465.90249796437826,474.29827880859375,681100,0.0,0.0
2022-04-08 00:00:00-04:00,474.1321671101784,475.71553504659545,470.69173324577315,471.2586364746094,479500,0.0,0.0
2022-04-11 00:00:00-04:00,471.1022382032879,472.9397371828026,466.85058340751164,469.9098205566406,413800,0.0,0.0
2022-04-12 00:00:00-04:00,470.8089357703156,473.1546666061567,459.6471250330481,459.8621520996094,479700,0.0,0.0
2022-04-13 00:00:00-04:00,460.02843458191563,461.4163124935229,456.11887228597345,458.39617919921875,434700,0.0,0.0
2022-04-14 00:00:00-04:00,458.17135671240567,461.4456210156135,450.40111974787743,450.7334289550781,347000,0.0,0.0
2022-04-18 00:00:00-04:00,449.43342270373023,451.55437303454653,443.0901684368828,446.2862243652344,236400,0.0,0.0
2022-04-19 00:00:00-04:00,447.46888696335094,453.36254997282157,446.3253270536379,452.28741455078125,371000,0.0,0.0
2022-04-20 00:00:00-04:00,456.4120651467567,459.8329320629136,454.26179401127825,458.1713562011719,635600,0.0,0.0
2022-04-21 00:00:00-04:00,462.5696397997687,466.3032790606881,456.96921073598367,458.66986083984375,562800,0.0,0.0
2022-04-22 00:00:00-04:00,457.0473526255477,460.0674857691307,443.500734263403,443.8134765625,620700,0.0,0.0
2022-04-25 00:00:00-04:00,444.6344996868399,445.6705312313379,437.0108358850953,444.9765625,1039100,0.0,0.0
2022-04-26 00:00:00-04:00,450.0101220463071,465.61904865422116,445.6900431530093,461.33807373046875,1022200,0.0,0.0
2022-04-27 00:00:00-04:00,463.1951561003399,468.43395509683177,457.45787838177864,463.95751953125,776700,0.0,0.0
2022-04-28 00:00:00-04:00,468.9030693495669,476.4485248321518,466.21524560655223,472.4607849121094,553000,0.0,0.0
2022-04-29 00:00:00-04:00,467.6715628955492,470.7699038523208,455.3857871871735,459.29534912109375,2822200,0.0,0.0
2022-05-02 00:00:00-04:00,455.4639698486753,459.1682881697708,442.4060471762658,448.8959045410156,805300,0.0,0.0
2022-05-03 00:00:00-04:00,449.9710066551646,450.4499184164803,438.975364422268,440.9301452636719,761700,0.0,0.0
2022-05-04 00:00:00-04:00,439.1708822673168,455.718126931207,437.0401780290739,453.8904113769531,822600,0.0,0.0
2022-05-05 00:00:00-04:00,450.92883503450486,455.0925278163682,430.4134194278395,433.47265625,763800,0.0,0.0
2022-05-06 00:00:00-04:00,430.06164457848274,431.89914366662526,422.51618800377446,429.36767578125,676800,0.0,0.0
2022-05-09 00:00:00-04:00,423.4738986918609,426.3963160692602,421.40183595904426,423.1318359375,574300,0.0,0.0
2022-05-10 00:00:00-04:00,427.0903091095799,428.6150358360113,415.9578174891612,420.85455322265625,674000,0.0,0.0
2022-05-11 00:00:00-04:00,418.8704560007998,424.47091411262977,415.8112190677747,419.6621398925781,642600,0.0,0.0
2022-05-12 00:00:00-04:00,414.19854102393543,422.24247550165336,412.58585267953305,419.1441345214844,679700,0.0,0.0
2022-05-13 00:00:00-04:00,421.45069638701005,425.51661366224465,414.7751041389565,420.600341796875,655200,0.0,0.0
2022-05-16 00:00:00-04:00,419.2223326475809,423.64012682489135,415.03910263775543,420.14105224609375,480100,0.0,0.0
2022-05-17 00:00:00-04:00,425.985843801774,429.07440115706726,419.2516392119559,422.9754943847656,472500,0.0,0.0
2022-05-18 00:00:00-04:00,419.6523520476521,420.27789625699853,401.5119875628595,402.1766357421875,643500,0.0,0.0
2022-05-19 00:00:00-04:00,398.8926023038998,406.86811228755926,392.9696183162894,403.83819580078125,685600,0.0,0.0
2022-05-20 00:00:00-04:00,407.37628110205225,412.7030703772093,401.35558286596176,408.0213623046875,663400,0.0,0.0
2022-05-23 00:00:00-04:00,413.59257966214295,416.4954307251918,409.0281527694355,414.32562255859375,624800,0.0,0.0
2022-05-24 00:00:00-04:00,412.3610294550142,419.3005076923638,411.49116745522986,417.31640625,510700,0.0,0.0
2022-05-25 00:00:00-04:00,415.18566330553006,417.95166492637,413.6316161977326,416.1141662597656,529300,0.0,0.0
2022-05-26 00:00:00-04:00,418.71412234279546,424.8032764499187,417.60966620486136,422.740966796875,412000,0.0,0.0
2022-05-27 00:00:00-04:00,427.1782454945167,433.8538386246015,426.26927958186826,433.84405517578125,387900,0.0,0.0
2022-05-31 00:00:00-04:00,429.6803972010059,435.5740605907232,427.25648790502595,432.4366455078125,2166300,0.0,0.0
2022-06-01 00:00:00-04:00,433.6583679323045,435.47629983858656,419.8282991328349,421.089111328125,640100,0.0,0.0
2022-06-02 00:00:00-04:00,422.1545421929219,431.7622782370209,419.8185644461664,431.45928955078125,462700,0.0,0.0
2022-06-03 00:00:00-04:00,429.1721580078422,429.2894400909165,420.6102080123399,422.29132080078125,511100,0.0,0.0
2022-06-06 00:00:00-04:00,423.0047657136116,423.0047657136116,413.76841524178434,415.59613037109375,787000,0.0,0.0
2022-06-07 00:00:00-04:00,412.11661356895354,419.1342687564911,410.52346260932023,418.5771789550781,456700,0.0,0.0
2022-06-08 00:00:00-04:00,415.5472962454121,416.9058533590339,407.88455926939696,408.6078186035156,451100,0.0,0.0
2022-06-09 00:00:00-04:00,405.84189471659977,408.4124068453051,396.6543995509119,397.0453796386719,407500,0.0,0.0
2022-06-10 00:00:00-04:00,391.11260975968895,391.1810342574571,379.9703633500168,381.8567199707031,742400,0.0,0.0
2022-06-13 00:00:00-04:00,374.721716343754,383.55730400302656,373.0308202292976,376.5201110839844,1260000,0.0,0.0
2022-06-14 00:00:00-04:00,376.549499894225,380.0680820780879,371.04678622219143,372.0534973144531,912800,0.0,0.0
2022-06-15 00:00:00-04:00,376.0314582967885,380.9770518470765,372.84515571777473,375.6209411621094,789000,0.0,0.0
2022-06-16 00:00:00-04:00,367.6453316259105,371.55489257331374,363.1884345320775,363.87261962890625,807500,0.0,0.0
2022-06-17 00:00:00-04:00,363.5892259451625,369.0430512102014,361.15553341309953,366.2379455566406,1620300,0.0,0.0
2022-06-21 00:00:00-04:00,367.831148092165,374.57513677651957,367.831148092165,373.97894287109375,649200,0.0,0.0
2022-06-22 00:00:00-04:00,370.12796178765353,376.76445075501556,369.150571417162,374.6728210449219,548600,0.0,0.0
2022-06-23 00:00:00-04:00,376.76451476033543,385.6294242577118,374.3503589419974,385.36553955078125,734200,0.0,0.0
2022-06-24 00:00:00-04:00,388.6593360356327,399.6647628844554,387.60376739349306,398.49188232421875,945600,0.0,0.0
2022-06-27 00:00:00-04:00,397.240874797649,397.4265814073925,388.69849005982866,389.7540588378906,505900,0.0,0.0
2022-06-28 00:00:00-04:00,390.9659718041315,393.3019195192034,382.5897283100128,382.8340759277344,467800,0.0,0.0
2022-06-29 00:00:00-04:00,384.3979678116953,385.90312790049524,381.2214482758696,384.6520690917969,366600,0.0,0.0
2022-06-30 00:00:00-04:00,381.18234293809,387.4572038613664,378.36745317167055,385.7272033691406,525700,0.0,0.0
2022-07-01 00:00:00-04:00,385.9128202391302,392.6959119711481,384.9256463946956,391.61102294921875,392300,0.0,0.0
2022-07-05 00:00:00-04:00,388.9622610758083,392.85228546416073,382.4528376694114,392.51019287109375,582300,0.0,0.0
2022-07-06 00:00:00-04:00,394.7777505458745,399.55717397654695,390.2817488485203,395.5987548828125,628200,0.0,0.0
2022-07-07 00:00:00-04:00,393.7683083655264,396.67561291514147,392.43700240634394,393.89556884765625,440700,0.62,0.0
2022-07-08 00:00:00-04:00,390.9099376247162,396.2546687778916,390.31282905077427,393.5333557128906,412700,0.0,0.0
2022-07-11 00:00:00-04:00,389.9310407588156,392.2803707946504,386.73008119890886,388.9423522949219,319000,0.0,0.0
2022-07-12 00:00:00-04:00,389.6961117868428,393.03413024433905,381.2384879168196,382.687255859375,605600,0.0,0.0
2022-07-13 00:00:00-04:00,376.4125302755252,379.2121709104533,372.15435325595257,376.9117736816406,419500,0.0,0.0
2022-07-14 00:00:00-04:00,373.15288159539864,381.1112322368889,372.69280209843504,379.9463806152344,380400,0.0,0.0
2022-07-15 00:00:00-04:00,386.87690959701854,388.8444880697249,383.2648030828558,386.8083801269531,489100,0.0,0.0
2022-07-18 00:00:00-04:00,386.1720881760505,388.84446851403254,382.4327213693551,383.5682373046875,395800,0.0,0.0
2022-07-19 00:00:00-04:00,388.129850582955,396.59724235744665,387.1705277136153,395.5987854003906,444600,0.0,0.0
2022-07-20 00:00:00-04:00,396.26444984509345,402.0496932033909,394.10111135693734,399.75909423828125,439900,0.0,0.0
2022-07-21 00:00:00-04:00,399.71010293831137,405.96522378884004,399.21088939917263,404.0172424316406,412100,0.0,0.0
2022-07-22 00:00:00-04:00,405.2604206437908,408.7550647740186,401.10993700633094,402.2454528808594,375600,0.0,0.0
2022-07-25 00:00:00-04:00,400.16049298925543,406.5624127447702,397.4783137970459,404.6535949707031,440900,0.0,0.0
2022-07-26 00:00:00-04:00,403.4103453443414,404.82974779995766,400.2583482088238,402.5587158203125,529600,0.0,0.0
2022-07-27 00:00:00-04:00,403.6452609214554,410.8792418322192,402.5293120833043,409.4598693847656,551700,0.0,0.0
2022-07-28 00:00:00-04:00,410.3995715918746,428.03915601954594,409.15639223078375,426.4925231933594,547900,0.0,0.0
2022-07-29 00:00:00-04:00,425.5724223752329,429.5075493734392,422.85110940293725,427.451904296875,510500,0.0,0.0
2022-08-01 00:00:00-04:00,423.73211615481756,426.95267266978175,421.01080310714286,423.26226806640625,396900,0.0,0.0
2022-08-02 00:00:00-04:00,423.74192495468395,423.74192495468395,417.03652221139754,417.3008117675781,418200,0.0,0.0
2022-08-03 00:00:00-04:00,417.7118976244604,421.960276188384,415.3234038883044,420.7366638183594,432600,0.0,0.0
2022-08-04 00:00:00-04:00,419.9045835431658,422.91958102353595,416.88961593614323,421.75469970703125,332400,0.0,0.0
2022-08-05 00:00:00-04:00,418.21118853490873,423.2328691782822,417.3693275945646,422.80218505859375,310100,0.0,0.0
2022-08-08 00:00:00-04:00,426.4142777749198,428.1567307318523,420.7367274684315,421.9114074707031,320900,0.0,0.0
2022-08-09 00:00:00-04:00,419.89483563191465,421.71555651137965,417.21265698515407,419.77734375,374400,0.0,0.0
2022-08-10 00:00:00-04:00,429.57612062705743,429.89917108366745,425.014489253477,429.41949462890625,398000,0.0,0.0
2022-08-11 00:00:00-04:00,430.7115809596776,433.96150278561385,424.24113268492346,424.5445861816406,292700,0.0,0.0
2022-08-12 00:00:00-04:00,426.34578124912565,430.2809085004033,424.055182114201,429.83062744140625,282700,0.0,0.0
2022-08-15 00:00:00-04:00,428.4601701648659,432.1995073066362,426.13040715677,430.1340637207031,244600,0.0,0.0
2022-08-16 00:00:00-04:00,427.39310653280074,430.75072160637495,425.30809613144737,427.1190185546875,355500,0.0,0.0
2022-08-17 00:00:00-04:00,423.41894564402077,427.03105288539683,421.06961512990716,424.8383483886719,316900,0.0,0.0
2022-08-18 00:00:00-04:00,426.4436221607137,426.4436221607137,422.22457909163205,424.593505859375,318000,0.0,0.0
2022-08-19 00:00:00-04:00,422.7531441902998,424.329172343612,418.15237993411665,424.17254638671875,325400,0.0,0.0
2022-08-22 00:00:00-04:00,420.1591680859539,421.343616624491,412.5825690257526,413.2188415527344,376800,0.0,0.0
2022-08-23 00:00:00-04:00,409.64588827004883,412.11268025732517,404.1738968842134,407.9328308105469,699700,0.0,0.0
2022-08-24 00:00:00-04:00,410.3017084174789,411.85813982225943,407.9621770175943,409.78289794921875,470600,0.0,0.0
2022-08-25 00:00:00-04:00,412.3573350640666,415.9596424179905,410.05693802138416,415.65618896484375,432300,0.0,0.0
2022-08-26 00:00:00-04:00,417.897956150344,419.943832776504,400.87504378786286,401.1784973144531,372100,0.0,0.0
2022-08-29 00:00:00-04:00,397.7131738591484,403.2145301517495,397.5663463532397,400.5225830078125,318500,0.0,0.0
2022-08-30 00:00:00-04:00,402.7055381465861,404.7807799952846,395.46172884676736,399.1423645019531,566300,0.0,0.0
2022-08-31 00:00:00-04:00,402.29438251579217,403.71378481701936,393.9542513404859,394.08148193359375,630100,0.0,0.0
2022-09-01 00:00:00-04:00,389.97992371898334,397.09644184630514,389.97992371898334,396.5971984863281,493700,0.0,0.0
2022-09-02 00:00:00-04:00,401.2078221912571,401.73643113093425,390.9882385553866,392.4565734863281,295500,0.0,0.0
2022-09-06 00:00:00-04:00,390.03874670237394,392.38807681355416,386.7594591078698,388.5410461425781,502600,0.0,0.0
2022-09-07 00:00:00-04:00,389.37310750015826,399.3773655987344,388.9521919233285,398.25164794921875,364600,0.0,0.0
2022-09-08 00:00:00-04:00,395.83371975813105,401.2176144213313,395.83371975813105,399.46539306640625,334100,0.0,0.0
2022-09-09 00:00:00-04:00,400.56176939754187,402.97962870806003,399.54371551065265,401.5014953613281,542800,0.0,0.0
2022-09-12 00:00:00-04:00,404.02712418336483,405.00601436542337,398.44746806964577,400.62060546875,1085900,0.0,0.0
2022-09-13 00:00:00-04:00,393.2886224794873,395.5498559777399,385.80011999349784,386.8279724121094,526700,0.0,0.0
2022-09-14 00:00:00-04:00,387.1901435156826,390.5281618672982,385.8294721307643,387.826416015625,436400,0.0,0.0
2022-09-15 00:00:00-04:00,386.6811255946353,388.36481762679375,375.79587333371217,375.8937683105469,582600,0.0,0.0
2022-09-16 00:00:00-04:00,372.6438071649999,377.0684087174637,370.79372075238217,374.0338439941406,891000,0.0,0.0
2022-09-19 00:00:00-04:00,371.76281020547844,375.4336473816108,369.1687579090148,374.278564453125,640800,0.0,0.0
2022-09-20 00:00:00-04:00,371.5866321909412,371.8900856865501,364.9986920518261,370.54901123046875,700500,0.0,0.0
2022-09-21 00:00:00-04:00,373.1234885597175,375.9035323820563,364.33304621512684,364.5386047363281,370400,0.0,0.0
2022-09-22 00:00:00-04:00,362.629751420868,370.3825421870414,362.629751420868,367.64166259765625,662600,0.0,0.0
2022-09-23 00:00:00-04:00,365.82100000890296,370.4609592585632,364.0394427837242,370.02044677734375,744900,0.0,0.0
2022-09-26 00:00:00-04:00,370.8720057116679,373.524788933774,366.69215665981187,369.1100158691406,791900,0.0,0.0
2022-09-27 00:00:00-04:00,371.8411929624836,372.9277765482923,357.2655343621524,359.15478515625,583600,0.0,0.0
2022-09-28 00:00:00-04:00,361.3866223375403,364.4505529809677,357.85284358795656,362.7081298828125,531000,0.0,0.0
2022-09-29 00:00:00-04:00,360.30004600993146,361.47469607464103,356.04186857614894,359.0079040527344,446300,0.0,0.0
2022-09-30 00:00:00-04:00,358.11713510130915,360.476263725018,351.6368876994853,352.04803466796875,663400,0.0,0.0
2022-10-03 00:00:00-04:00,355.4350391452402,366.3985915090533,354.05480037241597,364.382080078125,514500,0.0,0.0
2022-10-04 00:00:00-04:00,368.76749537695633,374.83662620485205,368.1801553172638,371.9293212890625,445900,0.0,0.0
2022-10-05 00:00:00-04:00,367.08560818841175,375.77273387036354,367.08560818841175,373.0273742675781,478900,0.62,0.0
2022-10-06 00:00:00-04:00,372.77244546428244,376.900299432076,372.0959050613059,372.9096984863281,570200,0.0,0.0
2022-10-07 00:00:00-04:00,369.41910060111013,370.546687715531,360.0652502271946,362.1634826660156,577200,0.0,0.0
2022-10-10 00:00:00-04:00,363.84995472098285,364.6441490617812,357.37871608447756,357.9964294433594,419400,0.0,0.0
2022-10-11 00:00:00-04:00,357.8788393581796,365.3992106003145,355.9276738912968,357.02581787109375,540100,0.0,0.0
2022-10-12 00:00:00-04:00,358.0945343117314,362.64399203858204,357.87882532971406,358.810302734375,699700,0.0,0.0
2022-10-13 00:00:00-04:00,350.23104036430476,364.97758843698483,349.270149391235,363.27154541015625,483000,0.0,0.0
2022-10-14 00:00:00-04:00,367.1052426509102,369.5760665319316,355.64331283902663,356.0943298339844,469900,0.0,0.0
2022-10-17 00:00:00-04:00,363.95784831587,365.83055761857605,362.1635351140986,363.7029113769531,373400,0.0,0.0
2022-10-18 00:00:00-04:00,373.4489808037032,373.4489808037032,363.08519585381674,368.06610107421875,440300,0.0,0.0
2022-10-19 00:00:00-04:00,363.5166541327931,367.703335506856,361.6635137382902,364.1833801269531,248700,0.0,0.0
2022-10-20 00:00:00-04:00,365.19331457577374,366.57580913288865,359.6927797740224,360.2418518066406,451400,0.0,0.0
2022-10-21 00:00:00-04:00,359.8398016114644,365.31092221407664,357.9866612950161,363.4970397949219,744400,0.0,0.0
2022-10-24 00:00:00-04:00,366.5267314429075,368.4778967147442,363.33032488238285,365.47760009765625,1057300,0.0,0.0
2022-10-25 00:00:00-04:00,366.8405366508123,372.56659456162845,365.84041771782495,370.6252136230469,1220900,0.0,0.0
2022-10-26 00:00:00-04:00,377.64548273392006,390.0976861564565,374.39024917718075,381.0673828125,1385600,0.0,0.0
2022-10-27 00:00:00-04:00,385.0874478364891,394.62762631681017,385.0874478364891,392.55877685546875,1003400,0.0,0.0
2022-10-28 00:00:00-04:00,393.07841490587265,405.78555627757135,393.07841490587265,405.63848876953125,773600,0.0,0.0
2022-10-31 00:00:00-04:00,403.92258994019534,408.6093302229713,402.8930875672986,406.4522705078125,745700,0.0,0.0
2022-11-01 00:00:00-04:00,408.56035959203473,410.06050801840064,401.4518074557046,405.63848876953125,570000,0.0,0.0
2022-11-02 00:00:00-04:00,405.5600238784465,408.7858438825268,394.40204453089444,395.25506591796875,522700,0.0,0.0
2022-11-03 00:00:00-04:00,388.03866700116413,394.5393194002313,386.3031808415619,389.9604187011719,630000,0.0,0.0
2022-11-04 00:00:00-04:00,395.1374214183727,396.01007177372793,381.07720013772007,388.30340576171875,857500,0.0,0.0
2022-11-07 00:00:00-05:00,389.9114267985404,404.9913361363946,389.9114267985404,404.5697326660156,725300,0.0,0.0
2022-11-08 00:00:00-05:00,407.81514446927105,415.82575987335076,405.1580252996403,408.3053894042969,873000,0.0,0.0
2022-11-09 00:00:00-05:00,406.6876166547077,409.6780990067953,405.83459519332695,408.0799255371094,549600,0.0,0.0
2022-11-10 00:00:00-05:00,429.1506676829748,429.876220703125,421.17927924763603,429.876220703125,647400,0.0,0.0
2022-11-11 00:00:00-05:00,429.45462462876407,434.1217666541653,425.48365205483606,429.8075866699219,609200,0.0,0.0
2022-11-14 00:00:00-05:00,429.5526557171468,432.86671655604573,423.65008703170713,424.150146484375,521800,0.0,0.0
2022-11-15 00:00:00-05:00,427.74856008993044,430.7880550322037,423.5226507505206,427.4446105957031,469400,0.0,0.0
2022-11-16 00:00:00-05:00,426.51310703117514,426.6405755058822,421.06158557416,422.98333740234375,474700,0.0,0.0
2022-11-17 00:00:00-05:00,416.8553067607198,422.4342971105566,414.36485384676297,421.23809814453125,458200,0.0,0.0
2022-11-18 00:00:00-05:00,419.6399022889322,426.4935476831642,414.05112728533703,424.5619812011719,401500,0.0,0.0
2022-11-21 00:00:00-05:00,423.2283948572466,429.80747270548954,423.1205553473247,426.0227966308594,406200,0.0,0.0
2022-11-22 00:00:00-05:00,427.21908151156083,428.581946980297,419.2182799419961,424.2972106933594,557000,0.0,0.0
2022-11-23 00:00:00-05:00,424.96392364555646,427.46416079237883,423.30689340648024,425.1600036621094,651400,0.0,0.0
2022-11-25 00:00:00-05:00,424.9541242671978,430.3958311551943,424.1108874073226,427.8661804199219,177700,0.0,0.0
2022-11-28 00:00:00-05:00,426.1797850714727,426.9837940491753,414.7668671602213,415.7571716308594,549200,0.0,0.0
2022-11-29 00:00:00-05:00,414.18831955117207,417.06114762616744,412.48227678975206,416.95330810546875,437500,0.0,0.0
2022-11-30 00:00:00-05:00,415.708102053951,430.37622199683767,414.16872579080257,430.32720947265625,589500,0.0,0.0
2022-12-01 00:00:00-05:00,433.4941591562016,437.59259946715514,431.9744118875053,436.0532531738281,389900,0.0,0.0
2022-12-02 00:00:00-05:00,429.0819905396945,436.8670828354346,428.25838260420323,435.2100524902344,292900,0.0,0.0
2022-12-05 00:00:00-05:00,434.63159479794797,434.63159479794797,427.0229830190067,428.2976379394531,261100,0.0,0.0
2022-12-06 00:00:00-05:00,428.3074075448541,428.3074075448541,422.52252288031275,425.5914611816406,275900,0.0,0.0
2022-12-07 00:00:00-05:00,425.60122352699835,430.85663460175584,422.8852475742689,425.748291015625,251200,0.0,0.0
2022-12-08 00:00:00-05:00,425.85618584997684,430.49391407492186,424.34625287437683,425.16986083984375,276500,0.0,0.0
2022-12-09 00:00:00-05:00,424.0128772124595,426.35623255807724,422.14013787751503,422.9147033691406,270300,0.0,0.0
2022-12-12 00:00:00-05:00,425.32676264566226,431.3959980990174,423.56186270410785,431.2979431152344,316100,0.0,0.0
2022-12-13 00:00:00-05:00,441.22043633294845,442.4460486560955,431.4253522214533,435.1904296875,421600,0.0,0.0
2022-12-14 00:00:00-05:00,434.50407794540587,439.7595191844228,426.97392295910726,430.2291564941406,377900,0.0,0.0
2022-12-15 00:00:00-05:00,426.366078308964,427.27792681871085,418.6299979220782,421.218505859375,462700,0.0,0.0
2022-12-16 00:00:00-05:00,417.8357431669035,419.09076897673646,412.8744669247377,416.0806579589844,655100,0.0,0.0
2022-12-19 00:00:00-05:00,415.75714956427174,419.76734984270723,413.18827069973383,415.0904235839844,282200,0.0,0.0
2022-12-20 00:00:00-05:00,413.68834824647314,418.8457052280896,412.49214926612353,416.2278137207031,301000,0.0,0.0
2022-12-21 00:00:00-05:00,418.89477148233857,424.3757072273294,416.55138591893837,422.434326171875,251000,0.0,0.0
2022-12-22 00:00:00-05:00,418.09074528508904,420.3752738236707,412.7176493028946,420.1497802734375,369900,0.0,0.0
2022-12-23 00:00:00-05:00,418.7084548403679,421.8656338135949,416.9043568445496,421.7185363769531,189900,0.0,0.0
2022-12-27 00:00:00-05:00,421.9440140459135,425.47378362074636,419.9143928001125,424.6991882324219,287800,0.0,0.0
2022-12-28 00:00:00-05:00,425.37569840745346,427.8269229487482,417.67884736335327,417.8651428222656,200700,0.0,0.0
2022-12-29 00:00:00-05:00,420.492884963086,429.2780960280127,419.6202645099336,428.34661865234375,227500,0.0,0.0
2022-12-30 00:00:00-05:00,425.9346253641614,427.9642466590429,419.9536309291415,423.6598815917969,271600,0.0,0.0
2023-01-03 00:00:00-05:00,427.3072487307216,428.19949802139683,421.6400189978465,425.98358154296875,334900,0.0,0.0
2023-01-04 00:00:00-05:00,430.278206987663,436.5925646729431,427.5916740940139,434.10211181640625,371300,0.0,0.0
2023-01-05 00:00:00-05:00,430.8959189997896,432.8764979243986,425.66010626381325,427.4151916503906,254800,0.0,0.0
2023-01-06 00:00:00-05:00,432.0238478197856,435.8734132341699,428.9795530742517,435.6966552734375,467300,0.683,0.0
2023-01-09 00:00:00-05:00,436.02070798770984,441.3138566432861,434.3021578999205,435.4413146972656,517500,0.0,0.0
2023-01-10 00:00:00-05:00,435.91268203006143,437.89636897854655,433.0942348231862,435.4903869628906,323100,0.0,0.0
2023-01-11 00:00:00-05:00,437.90619501343707,444.27955087015977,435.95193777168,443.98492431640625,304100,0.0,0.0
2023-01-12 00:00:00-05:00,443.17967737272846,445.2812029078381,437.2580463528369,443.1207580566406,345900,0.0,0.0
2023-01-13 00:00:00-05:00,439.60510259435574,443.91622259040196,436.93398356835957,442.8752746582031,279600,0.0,0.0
2023-01-17 00:00:00-05:00,442.87526799544867,444.0536843317822,435.7162711233694,437.0616455078125,512300,0.0,0.0
2023-01-18 00:00:00-05:00,440.08632817874576,440.6558916023146,428.9206373916206,429.94195556640625,517400,0.0,0.0
2023-01-19 00:00:00-05:00,427.9778850958545,431.1989377301318,424.4131164550781,424.4131164550781,463200,0.0,0.0
2023-01-20 00:00:00-05:00,424.5309080365824,434.8422072738122,420.0430605736803,433.6539611816406,462700,0.0,0.0
2023-01-23 00:00:00-05:00,434.0664873313308,436.5804782439456,431.8961824662789,435.0681457519531,503700,0.0,0.0
2023-01-24 00:00:00-05:00,436.1090629138043,438.8685607907526,433.04513857848326,438.1614990234375,382400,0.0,0.0
2023-01-25 00:00:00-05:00,431.3658684442491,436.88486407435784,428.5670810960213,436.2465515136719,382000,0.0,0.0
2023-01-26 00:00:00-05:00,438.48559245147345,440.871914717019,432.64251039142493,436.4626159667969,697700,0.0,0.0
2023-01-27 00:00:00-05:00,430.4525724330674,434.4887254634525,425.0023258251693,426.30841064453125,669100,0.0,0.0
2023-01-30 00:00:00-05:00,425.3754746214963,425.75845015791856,415.16238407210056,415.86944580078125,808800,0.0,0.0
2023-01-31 00:00:00-05:00,418.1084593443509,420.4849515065953,412.54034462160644,419.0806579589844,929000,0.0,0.0
2023-02-01 00:00:00-05:00,414.3472870310823,428.53761115945065,412.69748630696796,426.11199951171875,832900,0.0,0.0
2023-02-02 00:00:00-05:00,427.08423194296324,432.74072626639486,423.85334945914286,424.7764587402344,806900,0.0,0.0
2023-02-03 00:00:00-05:00,421.3982647259186,424.58005766748903,417.88261563642266,422.6061706542969,779000,0.0,0.0
2023-02-06 00:00:00-05:00,421.8303561398688,423.0480919337977,418.5405844377754,422.350830078125,329200,0.0,0.0
2023-02-07 00:00:00-05:00,421.2902925094671,428.1252035490318,418.01032040184356,426.74053955078125,411200,0.0,0.0
2023-02-08 00:00:00-05:00,424.4032999276291,427.1824275919812,418.4030897860084,420.2198486328125,499100,0.0,0.0
2023-02-09 00:00:00-05:00,423.61767954044205,425.72903507226897,419.3851386004992,420.9563903808594,412900,0.0,0.0
2023-02-10 00:00:00-05:00,420.06277121034185,422.03665846296207,417.76482767716504,419.71905517578125,463100,0.0,0.0
2023-02-13 00:00:00-05:00,419.32626954987995,423.1070861707967,418.9530938357804,421.9580993652344,418800,0.0,0.0
2023-02-14 00:00:00-05:00,421.85004369340567,424.56042231977636,416.065880706154,419.0905456542969,313500,0.0,0.0
2023-02-15 00:00:00-05:00,417.96120266748056,418.4227573354191,413.1296384537468,414.0134582519531,690600,0.0,0.0
2023-02-16 00:00:00-05:00,412.34395674803585,418.61910321057275,410.2522312708132,415.36859130859375,641900,0.0,0.0
2023-02-17 00:00:00-05:00,415.59451905183687,421.66344865900027,413.26708607591553,419.9939880371094,601700,0.0,0.0
2023-02-21 00:00:00-05:00,416.8023851545414,419.0021495640348,411.5485262307682,415.60430908203125,639000,0.0,0.0
2023-02-22 00:00:00-05:00,419.8565065441971,420.3475208330974,413.3751119368868,414.02325439453125,390800,0.0,0.0
2023-02-23 00:00:00-05:00,419.7092112781461,424.33455752158545,417.98083137862983,423.2936096191406,586800,0.0,0.0
2023-02-24 00:00:00-05:00,417.5585326415796,421.5259062271206,416.6943427614398,420.74029541015625,402700,0.0,0.0
2023-02-27 00:00:00-05:00,423.8042159387119,425.78790271456467,420.3671161978257,421.2803955078125,330200,0.0,0.0
2023-02-28 00:00:00-05:00,419.4932042992364,423.4114891411657,419.2182374676824,422.46875,584400,0.0,0.0
2023-03-01 00:00:00-05:00,421.13308350298547,424.16754786475525,412.51087477559713,413.6304016113281,539200,0.0,0.0
2023-03-02 00:00:00-05:00,412.4520590048959,419.846734006861,411.5878689433474,418.9825439453125,389300,0.0,0.0
2023-03-03 00:00:00-05:00,418.6191536776473,423.4802072732543,417.6764146056444,422.38031005859375,433600,0.0,0.0
2023-03-06 00:00:00-05:00,422.7436862083291,426.00399841225624,421.0643957098885,421.2313537597656,315500,0.0,0.0
2023-03-07 00:00:00-05:00,421.8009209275774,424.43278039856995,414.0330709681846,414.59283447265625,376100,0.0,0.0
2023-03-08 00:00:00-05:00,414.9071278925919,418.3147686979546,414.57324172916424,416.8711853027344,409500,0.0,0.0
2023-03-09 00:00:00-05:00,420.1510924539584,425.35586176552977,414.86777404457786,415.20166015625,486700,0.0,0.0
2023-03-10 00:00:00-05:00,414.9757957412645,417.52907586772346,409.99690399003936,412.7760314941406,847900,0.0,0.0
2023-03-13 00:00:00-04:00,413.05100551285904,418.8351679382686,410.6646833781589,413.9053955078125,771900,0.0,0.0
2023-03-14 00:00:00-04:00,418.63877386659686,422.1937425189533,415.49630037556125,420.3769836425781,648500,0.0,0.0
2023-03-15 00:00:00-04:00,416.0953337458399,418.8155721744401,409.2898826744999,413.36529541015625,787500,0.0,0.0
2023-03-16 00:00:00-04:00,411.5681894429172,422.8713181727081,409.8398095285985,420.720703125,903700,0.0,0.0
2023-03-17 00:00:00-04:00,424.29523029738755,424.49164798457025,417.0773148458294,418.01025390625,1642200,0.0,0.0
2023-03-20 00:00:00-04:00,419.76814032121104,430.14815992737005,419.76814032121104,424.4131164550781,561900,0.0,0.0
2023-03-21 00:00:00-04:00,425.90582966859336,428.1743134108895,414.94638653962636,422.70440673828125,948200,0.0,0.0
2023-03-22 00:00:00-04:00,424.1872384425732,427.9974839911435,420.3573031738901,420.8777770996094,854100,0.0,0.0
2023-03-23 00:00:00-04:00,421.0349429049805,424.8157591033748,416.82206168338297,417.4112548828125,852600,0.0,0.0
2023-03-24 00:00:00-04:00,417.51921954622173,422.95966555250567,416.34077341815225,421.8695983886719,673300,0.0,0.0
2023-03-27 00:00:00-04:00,425.31657592621787,425.3558654600303,421.8401864275859,422.5276184082031,393700,0.0,0.0
2023-03-28 00:00:00-04:00,421.781256781684,426.30839395357503,421.1331143507527,424.236328125,409800,0.0,0.0
2023-03-29 00:00:00-04:00,426.4950122221573,427.752007640911,424.58007441913634,426.5343017578125,809900,0.0,0.0
2023-03-30 00:00:00-04:00,428.16448625438,431.10074229246896,427.34941567109524,429.1465148925781,436900,0.0,0.0
2023-03-31 00:00:00-04:00,431.12034091591136,432.7701416015625,428.50814151239797,432.7701416015625,957000,0.0,0.0
2023-04-03 00:00:00-04:00,432.3282135161547,435.6180149565692,430.91409009083696,432.86834716796875,609700,0.0,0.0
2023-04-04 00:00:00-04:00,434.007565386606,436.5902755116367,428.97955362264054,429.1563415527344,590900,0.0,0.0
2023-04-05 00:00:00-04:00,430.22151518489545,430.54607868806687,426.84789173391556,430.211669921875,450100,0.683,0.0
2023-04-06 00:00:00-04:00,431.0969201680723,431.0969201680723,426.1299244001794,428.5396728515625,363500,0.0,0.0
2023-04-10 00:00:00-04:00,426.7299090157266,429.17900864418675,424.0152874023737,429.07080078125,359100,0.0,0.0
2023-04-11 00:00:00-04:00,429.32648052967903,432.28702325370136,428.61831193847274,431.5001525878906,410900,0.0,0.0
2023-04-12 00:00:00-04:00,433.0148891817023,438.247466994178,433.0148891817023,435.208251953125,659800,0.0,0.0
2023-04-13 00:00:00-04:00,435.4639023343685,437.13597616103596,429.8871011899344,435.2377014160156,729500,0.0,0.0
2023-04-14 00:00:00-04:00,434.69671773668375,437.8638007053014,430.8706625135285,432.680419921875,456700,0.0,0.0
2023-04-17 00:00:00-04:00,432.9558456856839,435.98521523905833,431.85425675718415,435.6409912109375,410400,0.0,0.0
2023-04-18 00:00:00-04:00,436.69340762988975,438.3064700888228,433.1329039291336,434.4607238769531,327900,0.0,0.0
2023-04-19 00:00:00-04:00,434.4311756777045,437.1261363340143,432.64107873814953,435.7786560058594,374100,0.0,0.0
2023-04-20 00:00:00-04:00,436.31957493431776,438.75882872733047,433.66396549816176,435.906494140625,484100,0.0,0.0
2023-04-21 00:00:00-04:00,438.29656725967664,440.9915278252046,435.92617018647525,438.09002685546875,506600,0.0,0.0
2023-04-24 00:00:00-04:00,439.7129201624764,440.9325321382907,438.1490541565721,440.40142822265625,469700,0.0,0.0
2023-04-25 00:00:00-04:00,439.545743846644,439.8604620969481,430.1133212157369,430.1723327636719,530700,0.0,0.0
2023-04-26 00:00:00-04:00,428.82478974417404,430.30013825910316,422.96274671601407,423.9659729003906,646900,0.0,0.0
2023-04-27 00:00:00-04:00,428.3330583694038,446.67658445513575,428.3330583694038,445.53564453125,823500,0.0,0.0
2023-04-28 00:00:00-04:00,444.57171869097994,449.57806475307467,444.18811364104516,447.3060302734375,560600,0.0,0.0
2023-05-01 00:00:00-04:00,448.01423808727856,454.8795384251065,446.4995382960578,451.0928039550781,446000,0.0,0.0
2023-05-02 00:00:00-04:00,452.0566942954832,456.07950511071977,449.3912391970381,453.1484680175781,687700,0.0,0.0
2023-05-03 00:00:00-04:00,454.59426153631404,455.51881575305646,448.6830217068097,448.9190979003906,406700,0.0,0.0
2023-05-04 00:00:00-04:00,449.83386097122946,450.71906425952784,444.25702922766726,446.0274658203125,376100,0.0,0.0
2023-05-05 00:00:00-04:00,448.41748400917646,453.25661089873586,447.95520688611265,450.5911560058594,329700,0.0,0.0
2023-05-08 00:00:00-04:00,448.67325139481045,452.76485895675205,448.67325139481045,450.71905517578125,341900,0.0,0.0
2023-05-09 00:00:00-04:00,450.85673926019655,452.9418939434105,449.52891943349454,450.030517578125,261900,0.0,0.0
2023-05-10 00:00:00-04:00,453.207458241808,453.9746383822945,447.50278848086225,451.75177001953125,449700,0.0,0.0
2023-05-11 00:00:00-04:00,451.830461368736,451.830461368736,447.98471549423937,450.9255676269531,344800,0.0,0.0
2023-05-12 00:00:00-04:00,451.10263763983454,454.9483535439537,450.73869307654763,454.1221618652344,403700,0.0,0.0
2023-05-15 00:00:00-04:00,454.72220011395285,456.2762210494718,451.99770332459957,454.2894287109375,338700,0.0,0.0
2023-05-16 00:00:00-04:00,451.7025858244276,454.30902914606276,450.7288653044317,452.2730407714844,307400,0.0,0.0
2023-05-17 00:00:00-04:00,454.20088278217804,454.20088278217804,446.4700395842176,446.9618225097656,626900,0.0,0.0
2023-05-18 00:00:00-04:00,446.08643876443404,451.9091314578755,444.95534410416496,450.9747619628906,360100,0.0,0.0
2023-05-19 00:00:00-04:00,452.2928152505458,453.423910107691,448.02414256208715,450.19781494140625,340600,0.0,0.0
2023-05-22 00:00:00-04:00,449.56816744461844,451.92874898253234,447.3748352878303,449.764892578125,333600,0.0,0.0
2023-05-23 00:00:00-04:00,447.17819653332094,448.94863302874205,441.49318726291665,442.5849609375,435800,0.0,0.0
2023-05-24 00:00:00-04:00,441.01120054407045,441.34560928558625,434.1360857943422,434.62786865234375,641600,0.0,0.0
2023-05-25 00:00:00-04:00,437.1851097362232,443.9323860673754,433.8114865786687,442.05377197265625,526800,0.0,0.0
2023-05-26 00:00:00-04:00,444.1979387361144,447.8371438497748,438.2178724588389,442.5652160644531,524100,0.0,0.0
2023-05-30 00:00:00-04:00,443.2341302015507,448.3093035865949,441.9161255450096,444.30621337890625,619700,0.0,0.0
2023-05-31 00:00:00-04:00,440.7653370354708,449.17481243358105,440.7653370354708,446.7552490234375,2362400,0.0,0.0
2023-06-01 00:00:00-04:00,442.75213818021973,446.70609190035793,439.51619829874477,445.35858154296875,604500,0.0,0.0
2023-06-02 00:00:00-04:00,447.56183186675645,453.66976765112673,446.5979264868908,451.31903076171875,507400,0.0,0.0
2023-06-05 00:00:00-04:00,450.6895063984717,450.9649036122496,444.9159801558832,447.41424560546875,366300,0.0,0.0
2023-06-06 00:00:00-04:00,448.7617736619129,450.22727720376514,443.9226163721809,446.5093994140625,370700,0.0,0.0
2023-06-07 00:00:00-04:00,444.09965277411453,446.2143434167742,440.58834541493417,443.165283203125,594800,0.0,0.0
2023-06-08 00:00:00-04:00,442.55543294917527,445.3684166610341,441.47350459228903,444.7881164550781,357300,0.0,0.0
2023-06-09 00:00:00-04:00,444.56194095719695,445.83074937103913,442.02435414556163,444.37506103515625,516200,0.0,0.0
2023-06-12 00:00:00-04:00,445.62421273588114,446.6962959726996,440.76539475349887,446.54876708984375,441500,0.0,0.0
2023-06-13 00:00:00-04:00,446.54872334601674,452.3616008895044,446.36184344068954,448.4273376464844,302600,0.0,0.0
2023-06-14 00:00:00-04:00,448.50594940329455,450.6894664102418,445.7126264782342,448.938720703125,371900,0.0,0.0
2023-06-15 00:00:00-04:00,446.69622371072813,455.12538937488455,446.69622371072813,453.5615234375,396900,0.0,0.0
2023-06-16 00:00:00-04:00,455.7844260407662,456.39423208814935,449.74534710282325,451.2403564453125,1015400,0.0,0.0
2023-06-20 00:00:00-04:00,449.0174667273929,451.37804875757854,447.0700255733513,448.2601318359375,425400,0.0,0.0
2023-06-21 00:00:00-04:00,448.34856780180667,450.52223951051747,445.72246429302965,448.83050537109375,447100,0.0,0.0
2023-06-22 00:00:00-04:00,451.67306040462586,454.81063751707336,446.49949500616174,454.4270324707031,516200,0.0,0.0
2023-06-23 00:00:00-04:00,453.33533158062636,457.80072886586265,452.90256021292697,453.2369689941406,670300,0.0,0.0
2023-06-26 00:00:00-04:00,452.56810608537955,454.20082880609624,449.92231185906667,452.636962890625,363500,0.0,0.0
2023-06-27 00:00:00-04:00,457.4958396506732,464.2824380981161,457.1810913708494,463.13165283203125,622900,0.0,0.0
2023-06-28 00:00:00-04:00,463.2299668931435,464.95120697204845,461.8923018520511,463.3971862792969,576600,0.0,0.0
2023-06-29 00:00:00-04:00,462.99395678761965,468.76748344239155,462.5414948915041,468.3052062988281,342900,0.0,0.0
2023-06-30 00:00:00-04:00,470.17394062389053,474.81637222725135,469.0920122810648,472.8984069824219,556400,0.0,0.0
2023-07-03 00:00:00-04:00,469.9870506857243,470.18377584059664,464.58728436578065,469.5444641113281,297100,0.0,0.0
2023-07-05 00:00:00-04:00,465.2856323156493,469.2494012665934,464.17419816536676,469.1313781738281,352800,0.0,0.0
2023-07-06 00:00:00-04:00,465.7085630934943,471.76733205017615,464.5283021379098,469.160888671875,517100,0.0,0.0
2023-07-07 00:00:00-04:00,465.48002686367425,472.4241269225559,465.48002686367425,469.25250244140625,392600,0.683,0.0
2023-07-10 00:00:00-04:00,469.77453391771166,474.8570145294715,466.53395392260876,468.50390625,330200,0.0,0.0
2023-07-11 00:00:00-04:00,469.6858967482431,471.1042648500666,465.89373244904965,469.7548522949219,486800,0.0,0.0
2023-07-12 00:00:00-04:00,472.88708811690964,474.6600332850866,468.59257617712666,470.0602111816406,379600,0.0,0.0
2023-07-13 00:00:00-04:00,471.7543569020259,473.03481392180225,468.65165786495106,471.6558532714844,430100,0.0,0.0
2023-07-14 00:00:00-04:00,470.798910261434,473.74397932641705,469.8237634342813,470.45416259765625,349900,0.0,0.0
2023-07-17 00:00:00-04:00,468.4645057114913,469.9124218958896,465.4800290937422,469.3706970214844,708800,0.0,0.0
2023-07-18 00:00:00-04:00,466.5241239652382,473.2514979281109,465.08603712566014,472.9855651855469,537100,0.0,0.0
2023-07-19 00:00:00-04:00,473.73413539034044,475.9405024749965,472.14833816798495,475.3790588378906,568200,0.0,0.0
2023-07-20 00:00:00-04:00,475.2804941533364,479.1514428315317,473.10370549045246,474.3546142578125,471600,0.0,0.0
2023-07-21 00:00:00-04:00,492.4880913124453,494.4580436776951,485.8887388652235,491.8774108886719,838000,0.0,0.0
2023-07-24 00:00:00-04:00,492.616127351988,494.58607965455946,484.7264587612815,487.7207946777344,745400,0.0,0.0
2023-07-25 00:00:00-04:00,484.35216756182496,488.7648715822862,480.41226291969105,486.93280029296875,720000,0.0,0.0
2023-07-26 00:00:00-04:00,483.7218268739762,487.5829168170618,479.7031070697654,486.4305114746094,450900,0.0,0.0
2023-07-27 00:00:00-04:00,489.7498296306874,490.51810980512715,481.43662873850013,483.8104248046875,421000,0.0,0.0
2023-07-28 00:00:00-04:00,487.1002623445687,488.15419405674817,482.0079223385214,485.00225830078125,339000,0.0,0.0
2023-07-31 00:00:00-04:00,487.16921766485945,487.16921766485945,482.8057804641132,485.6424865722656,354800,0.0,0.0
2023-08-01 00:00:00-04:00,484.1256474344403,486.94266485518096,482.3822203739281,485.2485046386719,279800,0.0,0.0
2023-08-02 00:00:00-04:00,482.5300357917862,486.54872571784676,480.9836158450716,483.78094482421875,338600,0.0,0.0
2023-08-03 00:00:00-04:00,481.7813974594895,486.26302699649835,481.7321306156785,483.59375,303000,0.0,0.0
2023-08-04 00:00:00-04:00,486.9130774657346,486.9130774657346,478.8756689519926,479.397705078125,234000,0.0,0.0
2023-08-07 00:00:00-04:00,481.1116718905877,485.3766059206508,480.93435331678955,485.2978210449219,312700,0.0,0.0
2023-08-08 00:00:00-04:00,485.2977577183098,485.39623128534856,480.5501654944917,483.8990783691406,353100,0.0,0.0
2023-08-09 00:00:00-04:00,485.59320585360837,485.59320585360837,480.35312591094697,481.21990966796875,372700,0.0,0.0
2023-08-10 00:00:00-04:00,485.59328201792493,487.51399769254425,479.92966868810123,480.6487121582031,235000,0.0,0.0
2023-08-11 00:00:00-04:00,480.2546454470694,483.32779620443347,478.8658555638399,481.76165771484375,319600,0.0,0.0
2023-08-14 00:00:00-04:00,481.6829134462649,490.3900995115745,481.66322474339097,488.7550354003906,376700,0.0,0.0
2023-08-15 00:00:00-04:00,487.9867791018353,490.03554654659087,486.5979589743368,487.3760986328125,370000,0.0,0.0
2023-08-16 00:00:00-04:00,487.6026118015794,490.21279264126963,484.80528308479,488.193603515625,364000,0.0,0.0
2023-08-17 00:00:00-04:00,487.63214739465036,489.3656849699393,478.8658657146136,479.4174499511719,346000,0.0,0.0
2023-08-18 00:00:00-04:00,476.57089689334236,479.91981007320254,474.84718848586107,477.0633850097656,256100,0.0,0.0
2023-08-21 00:00:00-04:00,477.08308253413344,480.1069668390633,475.48742581687367,478.6885986328125,287000,0.0,0.0
2023-08-22 00:00:00-04:00,479.9887391039981,483.5937555241274,478.20593462577426,480.2448425292969,258200,0.0,0.0
2023-08-23 00:00:00-04:00,480.76683801529686,486.55850226375975,480.3334461287394,485.66217041015625,253400,0.0,0.0
2023-08-24 00:00:00-04:00,487.5631840517036,490.9318156402405,481.1608392106206,481.36767578125,229000,0.0,0.0
2023-08-25 00:00:00-04:00,483.4460578187509,489.08995258191965,482.55958519167046,487.3564147949219,206300,0.0,0.0
2023-08-28 00:00:00-04:00,487.93750009241825,489.6021122250878,486.1940730330294,488.193603515625,170600,0.0,0.0
2023-08-29 00:00:00-04:00,486.5388710862831,491.0894566552056,486.5388710862831,490.6659240722656,238600,0.0,0.0
2023-08-30 00:00:00-04:00,491.60158993011834,496.53629987549533,489.9665259557582,495.0686950683594,298500,0.0,0.0
2023-08-31 00:00:00-04:00,497.1470228185576,497.1470228185576,491.3750469510642,491.56219482421875,395800,0.0,0.0
2023-09-01 00:00:00-04:00,492.85252065602094,493.7587119571002,489.1293119412042,492.0350036621094,248800,0.0,0.0
2023-09-05 00:00:00-04:00,491.4932596109571,494.8126245630307,483.76122056386794,485.9774169921875,299000,0.0,0.0
2023-09-06 00:00:00-04:00,485.977374287943,489.5823603758983,484.6279317760896,487.56317138671875,254300,0.0,0.0
2023-09-07 00:00:00-04:00,486.39108028714395,488.6959209187262,485.09090452807067,486.9131164550781,264300,0.0,0.0
2023-09-08 00:00:00-04:00,487.98676133503704,489.57258867955574,482.56939212642897,484.12567138671875,382900,0.0,0.0
2023-09-11 00:00:00-04:00,482.9141424628206,491.08943310790704,482.9141424628206,490.3802490234375,285200,0.0,0.0
2023-09-12 00:00:00-04:00,488.9618839512411,489.86804519531916,484.63782413291943,486.27288818359375,307000,0.0,0.0
2023-09-13 00:00:00-04:00,487.5041151859858,491.69026397032405,487.4056115557133,488.0360107421875,373400,0.0,0.0
2023-09-14 00:00:00-04:00,488.67625940226037,493.0495562467353,488.1443638241246,491.9168395996094,309800,0.0,0.0
2023-09-15 00:00:00-04:00,492.1335291933899,492.35019510339356,485.9872571878151,488.3610534667969,725600,0.0,0.0
2023-09-18 00:00:00-04:00,489.1884361402963,495.0884641682975,488.6959480277904,491.6607360839844,229300,0.0,0.0
2023-09-19 00:00:00-04:00,490.40980532808305,496.2211587858439,489.7104505968281,495.2066345214844,316400,0.0,0.0
2023-09-20 00:00:00-04:00,495.6202555959539,501.254319963137,494.6549982775576,496.57568359375,455500,0.0,0.0
2023-09-21 00:00:00-04:00,494.9604181713423,494.99979557825395,487.17908185652556,488.18377685546875,472700,0.0,0.0
2023-09-22 00:00:00-04:00,486.17432808618884,491.6705113141551,485.1893520297588,487.5335998535156,436000,0.0,0.0
2023-09-25 00:00:00-04:00,487.3071460757553,487.5238420556846,482.0867839125827,485.189453125,437900,0.0,0.0
2023-09-26 00:00:00-04:00,481.7813917483771,482.4117608571709,475.12294331830026,476.1965637207031,377000,0.0,0.0
2023-09-27 00:00:00-04:00,478.84617033253494,482.72697893863347,476.1867526462357,479.3189697265625,488500,0.0,0.0
2023-09-28 00:00:00-04:00,479.3190419522697,481.8504383645224,477.1225338890909,480.1661071777344,411800,0.0,0.0
2023-09-29 00:00:00-04:00,482.15564710879516,482.15564710879516,475.7040357952527,477.00421142578125,422900,0.0,0.0
2023-10-02 00:00:00-04:00,476.53147559791347,477.56571864784064,473.5962657470317,476.61029052734375,330200,0.0,0.0
2023-10-03 00:00:00-04:00,472.56201401010196,477.09291047823046,472.12862208346695,472.8082580566406,356600,0.0,0.0
2023-10-04 00:00:00-04:00,474.18723082993023,481.82079598391323,474.18723082993023,480.81610107421875,359100,0.0,0.0
2023-10-05 00:00:00-04:00,481.3418746120422,484.93222599420244,477.73180694030725,482.5057678222656,398200,0.683,0.0
2023-10-06 00:00:00-04:00,481.4010530068758,490.08097639984805,477.2780909002743,488.07867431640625,423700,0.0,0.0
2023-10-09 00:00:00-04:00,485.63249020034976,492.8526249440828,485.51413227032185,492.7441101074219,275400,0.0,0.0
2023-10-10 00:00:00-04:00,492.57645940148143,497.1235472401599,489.8541065342097,490.4064636230469,416100,0.0,0.0
2023-10-11 00:00:00-04:00,492.0339411211494,496.13718667477906,491.0673011735009,495.180419921875,247200,0.0,0.0
2023-10-12 00:00:00-04:00,495.15088248235077,498.6130028667549,491.8761722105683,495.44677734375,251800,0.0,0.0
2023-10-13 00:00:00-04:00,495.24949481218465,496.541619132464,489.02558908589117,491.047607421875,314100,0.0,0.0
2023-10-16 00:00:00-04:00,493.503613010571,498.6326775894304,492.0240786245005,495.06207275390625,282000,0.0,0.0
2023-10-17 00:00:00-04:00,492.556743219085,495.84132657145966,490.27826256259704,493.1091003417969,396500,0.0,0.0
2023-10-18 00:00:00-04:00,492.3495875273436,492.3495875273436,485.7508618313383,486.17498779296875,289400,0.0,0.0
2023-10-19 00:00:00-04:00,485.08999576715587,488.9959882226952,480.80921321849286,480.8782653808594,428300,0.0,0.0
2023-10-20 00:00:00-04:00,483.3145760239138,483.3145760239138,474.42749633035385,475.5420837402344,481600,0.0,0.0
2023-10-23 00:00:00-04:00,475.5420705681384,476.2029425003548,471.1034674418846,471.3007507324219,458300,0.0,0.0
2023-10-24 00:00:00-04:00,474.5360184772062,480.09905231586464,471.87284444621525,475.9662170410156,638200,0.0,0.0
2023-10-25 00:00:00-04:00,478.1559574515643,498.5242401812647,472.6225127708747,474.64453125,911300,0.0,0.0
2023-10-26 00:00:00-04:00,476.341001983967,479.063354782887,471.83334683537925,473.8258056640625,509800,0.0,0.0
2023-10-27 00:00:00-04:00,472.1785944040986,475.67030397514594,467.98658032033626,469.0814514160156,450100,0.0,0.0
2023-10-30 00:00:00-04:00,472.3364307941707,479.8919235720083,469.5253093532737,478.1855163574219,509800,0.0,0.0
2023-10-31 00:00:00-04:00,480.12862393030633,484.89274150379424,477.39642793742854,481.9040832519531,843900,0.0,0.0
2023-11-01 00:00:00-04:00,483.442800992534,484.951924873973,476.96243310703557,480.5034484863281,602500,0.0,0.0
2023-11-02 00:00:00-04:00,480.7203828864683,488.24628498433816,480.17789905474365,487.3092346191406,722800,0.0,0.0
2023-11-03 00:00:00-04:00,488.5718215393512,498.8397935767883,488.5718215393512,495.6834716796875,613200,0.0,0.0
2023-11-06 00:00:00-05:00,497.77454434019245,500.0135621714813,495.7229065016408,496.33447265625,517100,0.0,0.0
2023-11-07 00:00:00-05:00,496.1372413519987,500.9901278121397,495.2100639799441,500.141845703125,486400,0.0,0.0
2023-11-08 00:00:00-05:00,503.0416840285926,506.2177222345195,500.66456187035226,504.08721923828125,419600,0.0,0.0
2023-11-09 00:00:00-05:00,504.0280051798582,506.4445898479135,501.1379888128022,502.7851867675781,350100,0.0,0.0
2023-11-10 00:00:00-05:00,504.4324415183323,511.52431509533255,503.33757045404894,510.0941467285156,534900,0.0,0.0
2023-11-13 00:00:00-05:00,509.58122000608387,512.382437964415,506.4643006298828,509.9461669921875,506200,0.0,0.0
2023-11-14 00:00:00-05:00,511.63287337558717,518.4584417857919,509.22616171153925,517.5411376953125,539500,0.0,0.0
2023-11-15 00:00:00-05:00,517.9160242613253,521.2301672456693,513.5859053096101,513.7733154296875,423500,0.0,0.0
2023-11-16 00:00:00-05:00,515.114643673731,520.8651170806007,514.0099295643282,517.9356079101562,384100,0.0,0.0
2023-11-17 00:00:00-05:00,520.8059414096115,520.8059414096115,516.1010031194877,517.560791015625,372500,0.0,0.0
2023-11-20 00:00:00-05:00,521.1511419950804,522.7589074006496,513.8915748867164,517.560791015625,353100,0.0,0.0
2023-11-21 00:00:00-05:00,517.3635202453361,521.2300192962444,516.9985733049452,519.9576416015625,325000,0.0,0.0
2023-11-22 00:00:00-05:00,522.413799381414,524.4949968620851,519.3462455361694,521.2695922851562,404100,0.0,0.0
2023-11-24 00:00:00-05:00,520.0761388485691,521.9206204314157,517.5115761830008,518.4190673828125,280800,0.0,0.0
2023-11-27 00:00:00-05:00,518.9515623554871,520.9144014477588,516.3968734559488,517.8369750976562,589300,0.0,0.0
2023-11-28 00:00:00-05:00,518.9121590634959,523.7551415100581,518.201951295181,518.6951293945312,434400,0.0,0.0
2023-11-29 00:00:00-05:00,521.151150579648,524.0313540470437,518.1132168107476,518.6557006835938,377300,0.0,0.0
2023-11-30 00:00:00-05:00,519.0502286451227,531.971531603539,518.833259167917,530.90625,1441800,0.0,0.0
2023-12-01 00:00:00-05:00,530.9062409004181,533.4806162126396,526.3591531278142,533.2044677734375,608600,0.0,0.0
2023-12-04 00:00:00-05:00,530.2650754765599,534.6444994658232,526.7142171944137,529.4266967773438,486600,0.0,0.0
2023-12-05 00:00:00-05:00,527.8683293211952,530.5315035992483,526.1915114274274,528.2332763671875,343300,0.0,0.0
2023-12-06 00:00:00-05:00,530.61030646326,530.7187911919054,524.7316020972829,528.0654907226562,351400,0.0,0.0
2023-12-07 00:00:00-05:00,529.1702403230198,529.1702403230198,524.7809430911994,527.5032958984375,361400,0.0,0.0
2023-12-08 00:00:00-05:00,526.171822123091,530.2454787822708,524.4555716569796,529.27880859375,394000,0.0,0.0
2023-12-11 00:00:00-05:00,532.6323210746689,537.0117447893788,529.6239468572275,532.8394775390625,593500,0.0,0.0
2023-12-12 00:00:00-05:00,534.703736702472,537.5740673054738,534.6248715426512,536.0452270507812,693500,0.0,0.0
2023-12-13 00:00:00-05:00,537.435906375924,544.379832460858,537.1005789759685,543.2554321289062,690600,0.0,0.0
2023-12-14 00:00:00-05:00,543.2554280535012,544.3009632260939,530.8864826731698,531.4783325195312,985100,0.0,0.0
2023-12-15 00:00:00-05:00,528.4502734433444,534.6051272688134,525.6983007715864,534.1612548828125,8038300,0.0,0.0
2023-12-18 00:00:00-05:00,537.0118648184779,537.4162444413619,531.6953895323552,535.5618896484375,653300,0.0,0.0
2023-12-19 00:00:00-05:00,536.400317561846,537.1203384326817,530.3933809003818,534.171142578125,499900,0.0,0.0
2023-12-20 00:00:00-05:00,533.0466314798969,537.5444136031183,527.5131873274457,527.6414184570312,676200,0.0,0.0
2023-12-21 00:00:00-05:00,531.1527936039041,534.1907874416353,528.2923366511671,532.92822265625,407700,0.0,0.0
2023-12-22 00:00:00-05:00,535.7394364906479,538.4124234745556,533.9639470282739,535.4434814453125,420800,0.0,0.0
2023-12-26 00:00:00-05:00,536.193029056,539.0139930743823,534.3584211449456,536.1338500976562,443600,0.0,0.0
2023-12-27 00:00:00-05:00,537.2682271760771,537.5641219917385,535.3349473764157,536.3311767578125,539400,0.0,0.0
2023-12-28 00:00:00-05:00,536.7552724086896,539.9116240699304,536.1536096170582,538.6984252929688,267800,0.0,0.0
2023-12-29 00:00:00-05:00,538.9648179917048,541.3616566893827,536.3608829908088,537.7318725585938,398900,0.0,0.0
2024-01-02 00:00:00-05:00,534.9798126083747,537.8007765334223,523.6860235126563,527.1974487304688,618500,0.0,0.0
2024-01-03 00:00:00-05:00,527.1975003585304,530.0973899102088,523.5578436783871,523.755126953125,488400,0.0,0.0
2024-01-04 00:00:00-05:00,518.823420490985,523.7058962794339,516.3674029046969,517.0183715820312,601000,0.0,0.0
2024-01-05 00:00:00-05:00,517.8370711293459,519.464583148146,514.5821072941582,515.9334106445312,444000,0.0,0.0
2024-01-08 00:00:00-05:00,515.9333597841766,522.8773693828617,515.6765292778308,522.3143920898438,509200,0.75,0.0
2024-01-09 00:00:00-05:00,522.3045602874525,526.5124813973284,520.4870320953008,525.0209350585938,373000,0.0,0.0
2024-01-10 00:00:00-05:00,522.5021023462094,524.823404391919,520.9118027497695,523.8158569335938,401400,0.0,0.0
2024-01-11 00:00:00-05:00,523.3911039405258,526.3445346008046,521.7316530765555,525.8901977539062,336300,0.0,0.0
2024-01-12 00:00:00-05:00,529.3275410898323,529.3275410898323,524.5664703245186,527.658203125,435000,0.0,0.0
2024-01-16 00:00:00-05:00,525.9690320731163,530.9573309603583,524.8825065407756,530.7005004882812,428800,0.0,0.0
2024-01-17 00:00:00-05:00,529.1299139851194,533.397098003811,526.0480689086493,530.6214599609375,427400,0.0,0.0
2024-01-18 00:00:00-05:00,528.4682197903239,535.5900215358046,527.1445780007226,535.3134765625,425000,0.0,0.0
2024-01-19 00:00:00-05:00,536.6567835436128,541.8129873087584,534.7010132993414,541.7833251953125,427300,0.0,0.0
2024-01-22 00:00:00-05:00,543.27483913216,546.6332895259694,541.1906537640848,543.1859130859375,449200,0.0,0.0
2024-01-23 00:00:00-05:00,543.2748986749715,546.4357828704871,539.2250553640259,546.050537109375,304000,0.0,0.0
2024-01-24 00:00:00-05:00,546.6530834847725,547.4531768617627,540.6276948717707,541.0722045898438,353600,0.0,0.0
2024-01-25 00:00:00-05:00,545.438161531763,546.6037259803286,541.5562223977076,544.9541625976562,884500,0.0,0.0
2024-01-26 00:00:00-05:00,546.1790107856782,546.3173134258226,539.7189993671461,542.9588623046875,426300,0.0,0.0
2024-01-29 00:00:00-05:00,542.5933961190478,549.3596147078692,542.020471096776,549.1324462890625,413000,0.0,0.0
2024-01-30 00:00:00-05:00,551.433905493767,555.8097305927929,548.352060005113,554.7034301757812,621300,0.0,0.0
2024-01-31 00:00:00-05:00,521.0302243026275,542.6032024489601,518.7583595873091,530.433837890625,993200,0.0,0.0
2024-02-01 00:00:00-05:00,531.9847053359092,539.5806791688174,528.270670651423,539.1361694335938,561900,0.0,0.0
2024-02-02 00:00:00-05:00,537.4470728666358,544.5294461503022,531.9550593634301,542.8995971679688,489600,0.0,0.0
2024-02-05 00:00:00-05:00,542.0797143854103,542.8502059676039,535.4320239457397,539.2152099609375,335600,0.0,0.0
2024-02-06 00:00:00-05:00,541.664915741083,541.664915741083,535.2443931310436,538.6324462890625,348600,0.0,0.0
2024-02-07 00:00:00-05:00,543.2749367417534,543.9071256829237,540.1239396970971,541.98095703125,413600,0.0,0.0
2024-02-08 00:00:00-05:00,544.1046236826585,546.3172244090165,533.7725017567444,538.671875,508800,0.0,0.0
2024-02-09 00:00:00-05:00,541.7833615583588,544.0355119328527,538.4446854838669,543.53173828125,388000,0.0,0.0
2024-02-12 00:00:00-05:00,542.1389661634689,542.1389661634689,533.4169775332489,535.678955078125,343900,0.0,0.0
2024-02-13 00:00:00-05:00,530.2362999057337,531.5105650972182,525.5246657753542,528.8731689453125,433400,0.0,0.0
2024-02-14 00:00:00-05:00,529.3474078379483,535.2838710526887,528.0138785352698,535.0863647460938,460900,0.0,0.0
2024-02-15 00:00:00-05:00,536.5185309545284,542.2179980646746,531.7080832867767,541.2796020507812,420600,0.0,0.0
2024-02-16 00:00:00-05:00,543.2255577321085,543.6996692914316,537.338411285473,538.8991088867188,552700,0.0,0.0
2024-02-20 00:00:00-05:00,538.8991400095479,540.7363826968859,533.2095598136607,537.4569702148438,440500,0.0,0.0
2024-02-21 00:00:00-05:00,536.2518947871948,542.7909447407525,533.8516145434137,542.3069458007812,381200,0.0,0.0
2024-02-22 00:00:00-05:00,545.7641555835838,551.8290337429629,545.7641555835838,548.52001953125,610300,0.0,0.0
2024-02-23 00:00:00-05:00,552.3228293092852,553.1229226006204,548.1544584131269,550.0608520507812,985100,0.0,0.0
2024-02-26 00:00:00-05:00,547.3049877390422,549.764531546185,539.1558648514089,541.2103881835938,847200,0.0,0.0
2024-02-27 00:00:00-05:00,541.309246139998,541.8525089861008,535.8863844730068,540.4103393554688,852200,0.0,0.0
2024-02-28 00:00:00-05:00,537.7335624048618,539.1658447918211,535.0467894716278,536.8050537109375,457300,0.0,0.0
2024-02-29 00:00:00-05:00,539.4720775974155,539.4720775974155,532.6663093086436,538.0693969726562,817900,0.0,0.0
2024-03-01 00:00:00-05:00,534.4541803790843,543.0971914774886,533.9898958613052,541.2599487304688,781700,0.0,0.0
2024-03-04 00:00:00-05:00,542.6328299981365,545.3097153312269,538.7805531996752,540.5288696289062,521200,0.0,0.0
2024-03-05 00:00:00-05:00,537.5853015454454,537.5853015454454,528.1915753230265,530.4437255859375,431400,0.0,0.0
2024-03-06 00:00:00-05:00,530.9277290270112,539.5213620011253,529.041110042586,533.6046142578125,441900,0.0,0.0
2024-03-07 00:00:00-05:00,538.4743891377253,542.4254796808401,536.6469735882204,539.6399536132812,301800,0.0,0.0
2024-03-08 00:00:00-05:00,539.491756135869,541.8426597995946,537.6940027289695,539.2744750976562,310400,0.0,0.0
2024-03-11 00:00:00-04:00,538.5435114993211,547.4828413146777,536.2617592449168,547.1074829101562,521400,0.0,0.0
2024-03-12 00:00:00-04:00,547.8185552626494,551.4338360502296,546.8505575918795,548.4112548828125,465100,0.0,0.0
2024-03-13 00:00:00-04:00,550.949842690113,550.949842690113,540.9634176918071,542.8007202148438,439500,0.0,0.0
2024-03-14 00:00:00-04:00,542.9094329515586,545.092431996964,537.2198534019167,540.390625,375900,0.0,0.0
2024-03-15 00:00:00-04:00,537.7630605177486,545.0429386534372,535.6591003754772,540.6572265625,877100,0.0,0.0
2024-03-18 00:00:00-04:00,541.8920401850468,544.4306230763857,538.7608178318164,539.4818725585938,373200,0.0,0.0
2024-03-19 00:00:00-04:00,540.3116224820661,545.5172034755614,539.1065688257845,545.1220703125,317800,0.0,0.0
2024-03-20 00:00:00-04:00,546.3271069192047,549.9719897781484,543.37361656446,547.2852172851562,442400,0.0,0.0
2024-03-21 00:00:00-04:00,549.7448070092303,551.7993908178952,547.6803961175873,549.4781494140625,425000,0.0,0.0
2024-03-22 00:00:00-04:00,552.1352014773458,552.1352014773458,546.2777174041261,549.576904296875,240500,0.0,0.0
2024-03-25 00:00:00-04:00,547.2654396939432,547.2654396939432,541.1116364744454,544.203369140625,576200,0.0,0.0
2024-03-26 00:00:00-04:00,544.2034400990105,548.7966068167356,542.4847254166687,547.6507568359375,419000,0.0,0.0
2024-03-27 00:00:00-04:00,550.9696939266236,552.9946761239754,549.7349780935353,552.3427124023438,362800,0.0,0.0
2024-03-28 00:00:00-04:00,553.1526663483808,556.2641742121328,550.9795545299552,553.982421875,478100,0.0,0.0
2024-04-01 00:00:00-04:00,555.4739442390469,558.0915659648686,545.2801832034075,546.8507080078125,268400,0.0,0.0
2024-04-02 00:00:00-04:00,545.2504253645267,546.1097826248737,536.7753203502655,539.2645263671875,775300,0.0,0.0
2024-04-03 00:00:00-04:00,536.2814691192351,542.543973766939,536.2814691192351,538.0199584960938,927300,0.0,0.0
2024-04-04 00:00:00-04:00,544.0833069041146,548.3464740764894,531.2740033784575,531.4421997070312,451500,0.75,0.0
2024-04-05 00:00:00-04:00,531.6796460920006,539.8696491339016,531.0366844573413,537.1099853515625,338800,0.0,0.0
2024-04-08 00:00:00-04:00,535.4481953232599,539.582770285025,534.3304685094741,537.3275146484375,371900,0.0,0.0
2024-04-09 00:00:00-04:00,538.474914218351,540.9180473153937,535.2799689127123,537.5747680664062,315700,0.0,0.0
2024-04-10 00:00:00-04:00,532.9555653058023,533.9744028342167,528.682496958822,530.1661987304688,481800,0.0,0.0
2024-04-11 00:00:00-04:00,531.9269344513967,538.7519269847621,529.9189622299731,533.776611328125,398000,0.0,0.0
2024-04-12 00:00:00-04:00,528.5737383990024,538.9892940681186,528.524293744707,530.0079956054688,590600,0.0,0.0
2024-04-15 00:00:00-04:00,536.4768759960568,536.4768759960568,521.2441804887507,522.5202026367188,800100,0.0,0.0
2024-04-16 00:00:00-04:00,525.230367938995,526.3777372826889,521.2243856816514,521.2540283203125,405300,0.0,0.0
2024-04-17 00:00:00-04:00,522.5795076668643,523.9445180057505,519.9582772867775,520.7495727539062,447800,0.0,0.0
2024-04-18 00:00:00-04:00,524.7458020434527,525.774480285183,520.4529313506466,521.541015625,477300,0.0,0.0
2024-04-19 00:00:00-04:00,524.3105023914525,529.8793341453461,523.7961331611325,528.5736694335938,776900,0.0,0.0
2024-04-22 00:00:00-04:00,533.0644423678863,534.7954280498541,528.5935946879852,533.2523803710938,584000,0.0,0.0
2024-04-23 00:00:00-04:00,534.0832062042443,537.743016071548,532.6291470390373,533.7567749023438,381500,0.0,0.0
2024-04-24 00:00:00-04:00,530.4332602838105,532.8566518085275,528.0494124039624,532.1642456054688,631600,0.0,0.0
2024-04-25 00:00:00-04:00,531.2146695519331,537.2088221890147,527.9604387906389,534.5381469726562,552900,0.0,0.0
2024-04-26 00:00:00-04:00,524.6171342843463,534.4194301176282,520.7990897976132,521.0562744140625,856100,0.0,0.0
2024-04-29 00:00:00-04:00,516.7139670354462,520.9375301429419,506.06096954125286,507.99969482421875,698100,0.0,0.0
2024-04-30 00:00:00-04:00,507.30735540141296,507.6139847106741,502.8463487229472,505.90277099609375,901800,0.0,0.0
2024-05-01 00:00:00-04:00,506.43687967077346,517.6635324443704,505.5664364540809,509.1669006347656,767700,0.0,0.0
2024-05-02 00:00:00-04:00,509.83951111306396,509.83951111306396,502.6979585072057,505.26971435546875,694100,0.0,0.0
2024-05-03 00:00:00-04:00,507.3962900485794,513.8751692517269,505.942291327712,511.59027099609375,1067600,0.0,0.0
2024-05-06 00:00:00-04:00,511.966159058648,513.1728741857487,507.1886224575313,509.9383850097656,651700,0.0,0.0
2024-05-07 00:00:00-04:00,512.282614436853,515.2698198998522,510.89786238137987,514.6071166992188,309900,0.0,0.0
2024-05-08 00:00:00-04:00,515.9919073962989,522.5103307026698,515.2599574822808,515.3885498046875,463200,0.0,0.0
2024-05-09 00:00:00-04:00,514.9830244846816,518.1185640911395,514.3400628810315,517.643798828125,311600,0.0,0.0
2024-05-10 00:00:00-04:00,516.3481116923357,520.759613784473,515.6161616791285,517.81201171875,346700,0.0,0.0
2024-05-13 00:00:00-04:00,521.1551840632065,521.6398503029923,515.4775617594676,516.0908203125,344400,0.0,0.0
2024-05-14 00:00:00-04:00,516.3282299805269,517.8514754385102,511.64964292444995,515.1709594726562,419800,0.0,0.0
2024-05-15 00:00:00-04:00,518.3955348727972,526.9614132146901,517.0502660488031,525.6656494140625,626500,0.0,0.0
2024-05-16 00:00:00-04:00,526.6054131747103,533.6875907369351,525.4085385089037,532.9457397460938,792100,0.0,0.0
2024-05-17 00:00:00-04:00,532.9456839047781,538.1880849497018,531.333389757191,536.0021362304688,787900,0.0,0.0
2024-05-20 00:00:00-04:00,534.9042430217443,540.7401009937059,534.2909240217219,540.4334716796875,777900,0.0,0.0
2024-05-21 00:00:00-04:00,539.1277608482272,539.7904640759106,532.3818561421966,535.5174560546875,380400,0.0,0.0
2024-05-22 00:00:00-04:00,535.5768631933586,543.9251619586936,532.985335269777,541.5017700195312,512000,0.0,0.0
2024-05-23 00:00:00-04:00,541.6400918832303,543.8754847464855,537.2680746965498,538.7023315429688,529500,0.0,0.0
2024-05-24 00:00:00-04:00,538.2968811541366,541.9170866800614,537.7429682766187,538.741943359375,369900,0.0,0.0
2024-05-28 00:00:00-04:00,536.150468187076,536.150468187076,525.1117532048873,527.228515625,518300,0.0,0.0
2024-05-29 00:00:00-04:00,522.8070963244489,527.0208195054483,522.747750661561,525.171142578125,551800,0.0,0.0
2024-05-30 00:00:00-04:00,521.9070619389006,523.0841346791253,518.6231274000215,520.8585815429688,476500,0.0,0.0
2024-05-31 00:00:00-04:00,522.6685421163446,527.208696100468,518.8307557432379,526.9713134765625,765800,0.0,0.0
2024-06-03 00:00:00-04:00,526.9713293592818,530.5321895691482,524.1819627003612,530.3343505859375,549900,0.0,0.0
2024-06-04 00:00:00-04:00,529.1770723367302,538.9695283286651,529.1770723367302,537.4957275390625,506400,0.0,0.0
2024-06-05 00:00:00-04:00,539.0782956803664,541.897304820913,536.1999408854499,540.9774169921875,374000,0.0,0.0
2024-06-06 00:00:00-04:00,542.0358219095755,547.6343571625845,539.2761583023732,544.3800659179688,395500,0.0,0.0
2024-06-07 00:00:00-04:00,546.0417037708376,550.809338573138,545.0624704257702,548.0101318359375,394000,0.0,0.0
2024-06-10 00:00:00-04:00,547.3277912599311,550.5721215034725,545.1615839715836,550.4534301757812,313200,0.0,0.0
2024-06-11 00:00:00-04:00,550.3347474501193,550.3347474501193,544.7857164918603,549.681884765625,316300,0.0,0.0
2024-06-12 00:00:00-04:00,551.3930501148941,553.005344211862,546.1308472251305,552.125,526300,0.0,0.0
2024-06-13 00:00:00-04:00,546.6550704314423,550.4138299955954,540.3839912318465,541.2247314453125,482800,0.0,0.0
2024-06-14 00:00:00-04:00,542.0853278493914,548.7125420298545,541.4720692006787,543.4800415039062,431100,0.0,0.0
2024-06-17 00:00:00-04:00,543.0348581408705,548.1387657630039,541.6797486616072,547.5750122070312,632800,0.0,0.0
2024-06-18 00:00:00-04:00,545.7450710832095,555.7848106224728,545.7450710832095,554.0142211914062,496100,0.0,0.0
2024-06-20 00:00:00-04:00,553.9152305217272,557.7926202312279,550.0180388063919,553.1436767578125,548300,0.0,0.0
2024-06-21 00:00:00-04:00,558.7422794348107,558.7422794348107,551.5216099403473,555.3890991210938,1028900,0.0,0.0
2024-06-24 00:00:00-04:00,554.5385614890577,562.5010833159985,552.1844162015116,556.4376831054688,529100,0.0,0.0
2024-06-25 00:00:00-04:00,558.9500213338504,560.3149713531935,555.7155323145957,556.872802734375,391300,0.0,0.0
2024-06-26 00:00:00-04:00,553.8956076849216,556.3882463475952,550.5919317282558,551.4821166992188,372100,0.0,0.0
2024-06-27 00:00:00-04:00,553.994474878062,559.2863203731789,550.8786770136977,555.9529418945312,435500,0.0,0.0
2024-06-28 00:00:00-04:00,555.8640044551022,563.3122178060543,553.8560923855944,557.53564453125,742900,0.0,0.0
2024-07-01 00:00:00-04:00,560.948026675257,562.372382706325,554.5384547214389,556.5167236328125,360400,0.0,0.0
2024-07-02 00:00:00-04:00,558.0104147778525,561.3734362371179,555.1518012584877,556.9915771484375,503700,0.0,0.0
2024-07-03 00:00:00-04:00,557.0310876775162,558.2081600836927,552.9558585878241,554.3604125976562,284800,0.0,0.0
2024-07-05 00:00:00-04:00,552.2537102361712,556.9421992014193,550.057799739996,556.4476318359375,324800,0.0,0.0
2024-07-08 00:00:00-04:00,553.2979012038141,554.4666308911545,548.2862011433176,551.4853515625,315300,0.75,0.0
2024-07-09 00:00:00-04:00,552.346985854107,552.346985854107,543.9974580187704,545.2156982421875,348700,0.0,0.0
2024-07-10 00:00:00-04:00,545.9982598971311,547.7810668945312,544.2154528997311,547.7810668945312,443700,0.0,0.0
2024-07-11 00:00:00-04:00,547.8998451625434,552.8322913172615,547.8998451625434,550.6235961914062,436300,0.0,0.0
2024-07-12 00:00:00-04:00,553.6247738216815,556.3881216348301,551.6933743930475,553.05029296875,400700,0.0,0.0
2024-07-15 00:00:00-04:00,552.5550300744029,555.3282919328859,548.9992700906621,553.8129272460938,566500,0.0,0.0
2024-07-16 00:00:00-04:00,553.8228153872232,562.0039837169204,553.030463443135,561.6573486328125,405700,0.0,0.0
2024-07-17 00:00:00-04:00,564.5989599552663,568.8083938060528,561.1720242628636,565.8172607421875,661700,0.0,0.0
2024-07-18 00:00:00-04:00,565.8172293984472,567.6990575677136,562.429829879135,565.7379760742188,352000,0.0,0.0
2024-07-19 00:00:00-04:00,567.2830354896018,569.5115589812677,558.963190273022,561.8949584960938,459200,0.0,0.0
2024-07-22 00:00:00-04:00,565.3714657727911,571.7202549984453,564.8068992329715,571.0467529296875,505300,0.0,0.0
2024-07-23 00:00:00-04:00,571.9877856887778,573.5724895719925,568.0061370825348,568.7886352539062,430800,0.0,0.0
2024-07-24 00:00:00-04:00,540.7884470907763,540.7884470907763,515.4724189088057,526.892333984375,2064400,0.0,0.0
2024-07-25 00:00:00-04:00,535.9648723584711,542.9574816320268,529.5070869754596,535.7271728515625,1094500,0.0,0.0
2024-07-26 00:00:00-04:00,545.3939487503751,548.2662313406395,537.093932858343,543.294189453125,777900,0.0,0.0
2024-07-29 00:00:00-04:00,543.8391026062394,550.6435242991694,537.4605693515074,540.4814453125,400600,0.0,0.0
2024-07-30 00:00:00-04:00,541.3035633363297,546.2360105967097,536.4899054041516,539.60986328125,327000,0.0,0.0
2024-07-31 00:00:00-04:00,542.7692713113813,545.0077090005144,537.8169969381023,539.55029296875,560500,0.0,0.0
2024-08-01 00:00:00-04:00,539.2531849711288,543.908335113877,532.7161463283645,539.2036743164062,441000,0.0,0.0
2024-08-02 00:00:00-04:00,541.6797519772011,542.7791422918694,526.9912904294973,530.9135131835938,740000,0.0,0.0
2024-08-05 00:00:00-04:00,565.7380665224092,565.7380665224092,510.9559958551834,512.5902709960938,934500,0.0,0.0
2024-08-06 00:00:00-04:00,515.5317950818958,524.1784473433455,512.9764044158649,513.1943359375,596900,0.0,0.0
2024-08-07 00:00:00-04:00,519.8997395056174,522.0985811765278,509.87633912382427,510.33197021484375,465800,0.0,0.0
2024-08-08 00:00:00-04:00,514.0163800578669,520.7614363500425,511.4511355724741,518.0277709960938,347100,0.0,0.0
2024-08-09 00:00:00-04:00,516.2548187077522,522.7522008178324,513.0259258704202,521.7518920898438,300100,0.0,0.0
2024-08-12 00:00:00-04:00,519.503579802401,521.2170476672096,514.2739482031608,515.10595703125,299000,0.0,0.0
2024-08-13 00:00:00-04:00,515.1059029953565,520.1472847385129,513.9173449881592,520.0086669921875,388500,0.0,0.0
2024-08-14 00:00:00-04:00,519.2261706326495,523.3365827891976,518.7012609530409,522.960205078125,272600,0.0,0.0
2024-08-15 00:00:00-04:00,530.1310948598817,543.8291036700218,527.4073437623109,541.3529663085938,608000,0.0,0.0
2024-08-16 00:00:00-04:00,543.2150157114513,544.5521056791844,540.1544833940436,543.2645263671875,389800,0.0,0.0
2024-08-19 00:00:00-04:00,542.3929098999417,545.3246781798294,540.907227543373,544.63134765625,273900,0.0,0.0
2024-08-20 00:00:00-04:00,545.166293114917,546.6024651370502,539.6296828182006,542.2246704101562,266800,0.0,0.0
2024-08-21 00:00:00-04:00,544.6908464913577,546.6420139006837,542.1651982327683,546.2161254882812,324400,0.0,0.0
2024-08-22 00:00:00-04:00,547.3055584657745,549.2072148528838,539.8078079897599,540.7586059570312,456400,0.0,0.0
2024-08-23 00:00:00-04:00,544.9086952958334,545.4138370174064,537.5892788019476,542.591064453125,392100,0.0,0.0
2024-08-26 00:00:00-04:00,542.7099469926912,547.0580592066839,540.1347880224766,541.511474609375,330200,0.0,0.0
2024-08-27 00:00:00-04:00,538.1240776568756,546.4439234363103,538.1240776568756,545.9387817382812,341600,0.0,0.0
2024-08-28 00:00:00-04:00,546.8895764278161,549.316203136224,543.8390187197451,545.0770874023438,304000,0.0,0.0
2024-08-29 00:00:00-04:00,550.0392632684514,554.6547566082387,547.7017437073627,548.5337524414062,278700,0.0,0.0
2024-08-30 00:00:00-04:00,552.0598470305789,552.0598470305789,543.7895714478534,549.1181640625,407600,0.0,0.0
2024-09-03 00:00:00-04:00,548.0087622743196,552.8125047443835,544.5520843935668,547.087646484375,427300,0.0,0.0
2024-09-04 00:00:00-04:00,546.9787583158227,554.2487244098184,546.3943632831794,553.1790161132812,397300,0.0,0.0
2024-09-05 00:00:00-04:00,550.0492059747867,551.9310948128749,544.7800381333009,549.6134033203125,315500,0.0,0.0
2024-09-06 00:00:00-04:00,550.0095390360171,552.5649297484638,541.5510754771984,542.5316162109375,409400,0.0,0.0
2024-09-09 00:00:00-04:00,544.6313427655301,549.5440208100609,544.6313427655301,548.1078491210938,309600,0.0,0.0
2024-09-10 00:00:00-04:00,551.2277599258651,551.2277599258651,542.7692966641342,547.0579833984375,314400,0.0,0.0
2024-09-11 00:00:00-04:00,545.027599487562,545.3148096709831,532.7954441215406,544.591796875,385700,0.0,0.0
2024-09-12 00:00:00-04:00,545.2553776032203,546.2656610218836,539.3126477571052,546.0477294921875,354400,0.0,0.0
2024-09-13 00:00:00-04:00,546.6024361230886,550.3562390856129,546.0279552542125,546.57275390625,297900,0.0,0.0
2024-09-16 00:00:00-04:00,549.6926589235536,552.2579641973745,546.9788216582687,551.2476806640625,241100,0.0,0.0
2024-09-17 00:00:00-04:00,551.3962304615015,552.8224880942153,545.3643328505767,546.5628051757812,297600,0.0,0.0
2024-09-18 00:00:00-04:00,546.3845834561004,549.0885065509024,541.0063590317543,544.6809692382812,281300,0.0,0.0
2024-09-19 00:00:00-04:00,553.5354743288518,556.4078174562848,550.7721271743692,555.5064697265625,521400,0.0,0.0
2024-09-20 00:00:00-04:00,549.3161868315009,556.7743413713382,547.1371739242899,552.7134399414062,1507100,0.0,0.0
2024-09-23 00:00:00-04:00,554.6052825952634,554.6746216987292,551.524982091345,552.42626953125,349600,0.0,0.0
2024-09-24 00:00:00-04:00,551.4159031609398,551.4159031609398,545.5425132200918,546.7112426757812,357500,0.0,0.0
2024-09-25 00:00:00-04:00,546.7311249698085,547.8008332279913,542.0759746775585,543.1258544921875,401600,0.0,0.0
2024-09-26 00:00:00-04:00,545.8990822279345,548.0484128322267,544.4035461470552,547.226318359375,415200,0.0,0.0
2024-09-27 00:00:00-04:00,547.8503891152335,552.7234108786081,546.9886980855081,548.5139770507812,310500,0.0,0.0
2024-09-30 00:00:00-04:00,548.9002604233732,552.7234022255876,544.0965778407925,551.1287841796875,593300,0.0,0.0
2024-10-01 00:00:00-04:00,551.2871272327338,551.2871272327338,541.3528968486639,543.0366821289062,445900,0.0,0.0
2024-10-02 00:00:00-04:00,544.1262068871672,546.9391254194112,540.6893573804914,546.1071166992188,367000,0.0,0.0
2024-10-03 00:00:00-04:00,543.7598298314069,547.3651007709666,539.8376060172354,543.6904907226562,623400,0.0,0.0
2024-10-04 00:00:00-04:00,546.7805520102937,546.7805520102937,537.5594203793454,539.6591796875,316600,0.0,0.0
2024-10-07 00:00:00-04:00,534.9943506473484,536.3611835322887,532.2210279835041,532.736083984375,388700,0.0,0.0
2024-10-08 00:00:00-04:00,532.736039348875,539.0143910470246,531.287934027632,538.478759765625,309200,0.75,0.0
2024-10-09 00:00:00-04:00,539.3119822736096,545.6894941742632,535.2652657597083,541.4741821289062,512300,0.0,0.0
2024-10-10 00:00:00-04:00,540.2740035607795,540.8790707906168,534.8685345175959,535.0470581054688,577100,0.0,0.0
2024-10-11 00:00:00-04:00,535.8503291502723,547.8019631938881,534.8187790375562,547.0481567382812,843500,0.0,0.0
2024-10-14 00:00:00-04:00,549.5675799655811,550.47012596828,546.5523535048912,549.3096923828125,271900,0.0,0.0
2024-10-15 00:00:00-04:00,550.3906554536625,556.7285139900732,548.9624064952739,551.640380859375,381600,0.0,0.0
2024-10-16 00:00:00-04:00,548.0202599000633,557.0161769707371,545.1637617176915,556.2822265625,365300,0.0,0.0
2024-10-17 00:00:00-04:00,559.0196561734035,561.8463698917877,555.5581516885188,559.138671875,411500,0.0,0.0
2024-10-18 00:00:00-04:00,559.13870787089,561.1620960022485,552.652109568377,553.0686645507812,320500,0.0,0.0
2024-10-21 00:00:00-04:00,551.2734611866915,553.9117235578084,546.6415948045235,552.25537109375,422000,0.0,0.0
2024-10-22 00:00:00-04:00,550.708074548572,551.471809115386,546.2348758634877,547.5936889648438,519100,0.0,0.0
2024-10-23 00:00:00-04:00,545.5109190246021,545.5109190246021,530.6333485057494,538.508544921875,718600,0.0,0.0
2024-10-24 00:00:00-04:00,539.2722591873202,546.1754129033461,537.5761944189928,537.6753540039062,369900,0.0,0.0
2024-10-25 00:00:00-04:00,542.1385407022912,542.8626234927369,535.5924351540879,537.5761108398438,535300,0.0,0.0
2024-10-28 00:00:00-04:00,538.5680442393754,541.3253829895524,536.5843682016613,540.6806640625,282800,0.0,0.0
2024-10-29 00:00:00-04:00,539.2325049690188,548.565733696115,537.5463683977694,544.33056640625,424800,0.0,0.0
2024-10-30 00:00:00-04:00,543.9834906733371,547.4350675376943,539.1135321979954,542.7634887695312,626300,0.0,0.0
2024-10-31 00:00:00-04:00,542.7634639771771,543.3188908097143,533.1228281259291,533.3410034179688,567000,0.0,0.0
2024-11-01 00:00:00-04:00,532.2202368718414,538.2109770261784,531.734245946629,536.4950561523438,510800,0.0,0.0
2024-11-04 00:00:00-05:00,537.6059377894335,537.8241130744691,528.9570796324537,537.655517578125,416300,0.0,0.0
2024-11-05 00:00:00-05:00,539.2127660428383,541.1567298264955,535.4239375261544,538.2705078125,422100,0.0,0.0
2024-11-06 00:00:00-05:00,546.3242248784976,563.3044869204605,539.7185497713833,560.0611572265625,678400,0.0,0.0
2024-11-07 00:00:00-05:00,561.2017337980172,569.0372169689803,558.4443953490049,567.5891723632812,580200,0.0,0.0
2024-11-08 00:00:00-05:00,570.3068913963032,570.3068913963032,561.7869757216021,562.9871215820312,391900,0.0,0.0
2024-11-11 00:00:00-05:00,563.1260157939705,569.2357119236956,560.2496610562171,560.5274047851562,388000,0.0,0.0
2024-11-12 00:00:00-05:00,559.4859577744173,561.3604856992778,555.1417022296462,560.160400390625,539700,0.0,0.0
2024-11-13 00:00:00-05:00,556.6294504585325,569.4439810364706,556.6294504585325,566.5379028320312,372100,0.0,0.0
2024-11-14 00:00:00-05:00,569.0472306625294,569.0472306625294,559.2181421264411,560.160400390625,549700,0.0,0.0
2024-11-15 00:00:00-05:00,558.1866009287868,560.5570476652172,542.8229799467935,543.7553100585938,581300,0.0,0.0
2024-11-18 00:00:00-05:00,543.1601980552207,545.8877523004843,540.7103269447898,544.885986328125,566000,0.0,0.0
2024-11-19 00:00:00-05:00,540.2244238739132,545.1340344208808,537.7646848356229,543.4876098632812,356200,0.0,0.0
2024-11-20 00:00:00-05:00,545.0249009240378,547.7623834490618,541.2856523480608,544.9653930664062,360800,0.0,0.0
2024-11-21 00:00:00-05:00,545.8878086983951,550.7478391614036,543.2197620304476,549.7361450195312,536900,0.0,0.0
2024-11-22 00:00:00-05:00,551.0156130131436,557.5022725619442,551.0156130131436,555.5681762695312,250000,0.0,0.0
2024-11-25 00:00:00-05:00,558.4940368278326,560.8446878376756,552.2454095490278,553.3860473632812,531400,0.0,0.0
2024-11-26 00:00:00-05:00,554.7449349346333,557.6510131441775,549.2997537495052,557.3038940429688,360700,0.0,0.0
2024-11-27 00:00:00-05:00,556.5996647733796,560.1405338453935,552.7216046680252,559.7437744140625,358600,0.0,0.0
2024-11-29 00:00:00-05:00,558.7916783812371,564.8617226743582,556.6195505336109,561.8167724609375,365700,0.0,0.0
2024-12-02 00:00:00-05:00,561.8167029873827,564.6434169913102,557.3534321157165,563.9888305664062,595900,0.0,0.0
2024-12-03 00:00:00-05:00,559.6744386610986,562.8780563896695,555.2210346890216,562.2333374023438,509000,0.0,0.0
2024-12-04 00:00:00-05:00,566.6072900899559,575.3553081509243,563.0664213126365,571.2490844726562,699700,0.0,0.0
2024-12-05 00:00:00-05:00,566.3394889238537,566.3394889238537,545.9274462606202,553.346435546875,750900,0.0,0.0
2024-12-06 00:00:00-05:00,552.4537590601826,555.4292730228048,545.5704010051705,546.7011108398438,544800,0.0,0.0
2024-12-09 00:00:00-05:00,545.3423121213764,546.572181572668,542.5949014510957,543.9437866210938,528400,0.0,0.0
2024-12-10 00:00:00-05:00,543.3586610827311,547.7624244883623,536.495098124402,544.9852294921875,587900,0.0,0.0
2024-12-11 00:00:00-05:00,547.3755951414759,548.9427162316313,545.2233234947691,545.8977661132812,495700,0.0,0.0
2024-12-12 00:00:00-05:00,544.9256875784802,547.6929543352189,540.8294523427711,543.5570068359375,324400,0.0,0.0
2024-12-13 00:00:00-05:00,539.2127887204141,541.4047121022936,535.9298071438922,539.22265625,590300,0.0,0.0
2024-12-16 00:00:00-05:00,538.6076215732687,541.394683599823,537.3579566931853,537.6157836914062,598100,0.0,0.0
2024-12-17 00:00:00-05:00,536.4058677651922,539.212786430015,532.0219604830631,532.3690795898438,1086900,0.0,0.0
2024-12-18 00:00:00-05:00,532.3690007450942,533.6286542686682,522.0439946887601,522.4208374023438,840900,0.0,0.0
2024-12-19 00:00:00-05:00,524.2458073252417,528.3321743911613,517.1938547977761,517.4913940429688,644700,0.0,0.0
2024-12-20 00:00:00-05:00,515.3986979353305,526.2096955003117,514.2679881191717,521.1116943359375,1742100,0.0,0.0
2024-12-23 00:00:00-05:00,518.6419354903986,521.9547007499579,517.7889694156735,520.6553955078125,546900,0.0,0.0
2024-12-24 00:00:00-05:00,518.5626278240286,523.8590083258312,517.3823382978698,523.8292846679688,228100,0.0,0.0
2024-12-26 00:00:00-05:00,521.0224662876414,524.2360120235068,520.9431022898318,522.9367065429688,312600,0.0,0.0
2024-12-27 00:00:00-05:00,520.7744269095082,523.2838059581326,515.9640371101789,519.6337890625,422400,0.0,0.0
2024-12-30 00:00:00-05:00,515.2697229003977,517.5608660536436,509.7153942758447,515.6267700195312,357200,0.0,0.0
2024-12-31 00:00:00-05:00,516.8071404826269,517.7593268197352,512.6909882920654,515.6069946289062,451900,0.0,0.0
2025-01-02 00:00:00-05:00,520.417453433567,520.417453433567,509.4278705409679,509.5964660644531,653400,0.0,0.0
2025-01-03 00:00:00-05:00,517.2409249303868,517.2409249303868,509.8398957874049,511.260498046875,478700,0.825,0.0
2025-01-06 00:00:00-05:00,509.37290572015996,510.07826508792016,501.4453285536135,503.76995849609375,969000,0.0,0.0
2025-01-07 00:00:00-05:00,505.130957066432,510.2868472442938,501.21682801399305,503.76995849609375,621700,0.0,0.0
2025-01-08 00:00:00-05:00,503.9885325923165,508.508641474255,500.9982889926858,506.9489440917969,960700,0.0,0.0
2025-01-10 00:00:00-05:00,504.13750376735265,507.4059072024728,498.80277279387707,499.40875244140625,575600,0.0,0.0
2025-01-13 00:00:00-05:00,496.190048563593,506.51180305909077,496.190048563593,504.6640319824219,572700,0.0,0.0
2025-01-14 00:00:00-05:00,503.432210125894,508.50863914490407,502.2798239941628,507.3363952636719,535800,0.0,0.0
2025-01-15 00:00:00-05:00,514.5784822167453,517.5886137574415,510.39616747274675,514.5586547851562,1000800,0.0,0.0
2025-01-16 00:00:00-05:00,515.3930222694017,516.7838527069356,512.4226673354971,515.6910400390625,619700,0.0,0.0
2025-01-17 00:00:00-05:00,525.5856826127985,525.5856826127985,516.6547292694717,518.8899536132812,763800,0.0,0.0
2025-01-21 00:00:00-05:00,520.6483681784078,527.9301889785296,519.6052149397341,527.3043212890625,686400,0.0,0.0
2025-01-22 00:00:00-05:00,527.3938049672109,532.4106303376817,526.4301432645931,530.9403686523438,481100,0.0,0.0
2025-01-23 00:00:00-05:00,527.6123197646004,529.8574883768124,524.5724167621903,529.73828125,387600,0.0,0.0
2025-01-24 00:00:00-05:00,528.9634229833886,531.4867212897454,525.8639164875493,527.8805541992188,385400,0.0,0.0
2025-01-27 00:00:00-05:00,524.4432904083952,538.1129408500252,523.7379916471195,537.7752075195312,748400,0.0,0.0
2025-01-28 00:00:00-05:00,536.5631229193373,549.6168480608605,532.172165710909,546.0106811523438,686000,0.0,0.0
2025-01-29 00:00:00-05:00,544.3020603024939,546.2988100494327,539.2951182994204,539.4541015625,691300,0.0,0.0
2025-01-30 00:00:00-05:00,562.2731932131315,580.4728949668868,557.9120073313685,566.8529052734375,1153800,0.0,0.0
2025-01-31 00:00:00-05:00,568.2437567924338,578.0985965759721,566.3264381059516,571.8698120117188,1158100,0.0,0.0
2025-02-03 00:00:00-05:00,571.4625037551888,577.6814052831205,565.939017593505,573.2506713867188,892400,0.0,0.0
2025-02-04 00:00:00-05:00,574.2738623256771,575.8136714580451,567.4092058534621,573.87646484375,768100,0.0,0.0
2025-02-05 00:00:00-05:00,574.3434385719113,578.4264341430309,569.3563849063221,577.6018676757812,484800,0.0,0.0
2025-02-06 00:00:00-05:00,578.5457133731664,579.936544168305,573.916341135917,579.5888061523438,714800,0.0,0.0
2025-02-07 00:00:00-05:00,579.6185820696451,580.5921271512608,568.8199686064362,568.998779296875,496600,0.0,0.0
2025-02-10 00:00:00-05:00,569.5352334011991,571.4823842741054,563.683897383474,570.7472534179688,569100,0.0,0.0
2025-02-11 00:00:00-05:00,566.7536230012521,577.6118402639623,566.7536230012521,577.5323486328125,552900,0.0,0.0
2025-02-12 00:00:00-05:00,569.8630274403025,572.0386483296185,562.7401291729576,563.0381469726562,688500,0.0,0.0
2025-02-13 00:00:00-05:00,565.6409149146031,571.6511727408176,561.5678636629447,569.664306640625,400400,0.0,0.0
2025-02-14 00:00:00-05:00,571.224073653357,574.1348255699382,569.167659712083,569.8134155273438,353200,0.0,0.0
2025-02-18 00:00:00-05:00,569.1676615963657,570.369737566312,565.7403050162293,568.7703247070312,550800,0.0,0.0
2025-02-19 00:00:00-05:00,568.770338591582,574.1547295531461,564.40915229524,573.2506713867188,478000,0.0,0.0
2025-02-20 00:00:00-05:00,571.184328526307,578.0588687393639,565.2733893352025,577.6018676757812,474700,0.0,0.0
2025-02-21 00:00:00-05:00,575.5852946085112,576.5886718739227,569.7736738230443,570.2803344726562,634300,0.0,0.0
2025-02-24 00:00:00-05:00,571.3432669481379,576.0919064977468,568.5219507644296,572.793701171875,512100,0.0,0.0
2025-02-25 00:00:00-05:00,574.3434354450869,590.0098344314652,573.3003428015934,583.4830322265625,984000,0.0,0.0
2025-02-26 00:00:00-05:00,581.3570990706846,583.0558309733037,570.6578045029889,571.3731079101562,646000,0.0,0.0
2025-02-27 00:00:00-05:00,570.2704049379739,576.1416294412386,568.2239348542222,568.7405395507812,549100,0.0,0.0
2025-02-28 00:00:00-05:00,575.2474592790212,581.0888511116646,569.8928399933733,580.6616821289062,911100,0.0,0.0
2025-03-03 00:00:00-05:00,584.6254673080327,588.1124273813333,579.3205682189832,581.9630737304688,709900,0.0,0.0
2025-03-04 00:00:00-05:00,582.5591438082284,586.1255957223315,578.625187090382,580.9895629882812,870700,0.0,0.0
2025-03-05 00:00:00-05:00,578.7443438198281,591.2615769608245,578.1681356288027,589.9105224609375,629100,0.0,0.0
2025-03-06 00:00:00-05:00,585.8771920195823,588.4600939197238,579.0324231595562,584.4267578125,569800,0.0,0.0
2025-03-07 00:00:00-05:00,581.774349997967,586.046100662411,574.1745617085162,584.5162353515625,462700,0.0,0.0
2025-03-10 00:00:00-04:00,582.9763917170571,587.2779135948459,570.3101190692241,572.66455078125,748700,0.0,0.0
2025-03-11 00:00:00-04:00,572.3167986212133,572.9128948763652,560.2267344768233,562.0347900390625,611700,0.0,0.0
2025-03-12 00:00:00-04:00,562.9387316074622,565.4918617593753,555.9250968720987,562.7003173828125,621500,0.0,0.0
2025-03-13 00:00:00-04:00,559.7399749222526,564.1707085874345,557.0974694296317,559.1836547851562,431800,0.0,0.0
2025-03-14 00:00:00-04:00,562.5911024054514,568.0350964482291,562.00495019112,565.551513671875,428900,0.0,0.0
2025-03-17 00:00:00-04:00,565.5515640379541,574.4428032959938,565.5515640379541,571.8102416992188,499000,0.0,0.0
2025-03-18 00:00:00-04:00,570.0717114657357,573.5884430253262,565.919107496872,573.0718383789062,459800,0.0,0.0
2025-03-19 00:00:00-04:00,575.4064651265567,576.5191054588925,568.5219803323477,574.0355224609375,488800,0.0,0.0
2025-03-20 00:00:00-04:00,570.5385532725329,573.6480036828814,567.1012529661439,571.6710815429688,439200,0.0,0.0
2025-03-21 00:00:00-04:00,566.1773778693299,569.3266044669355,560.5545731776638,568.4225463867188,879700,0.0,0.0
2025-03-24 00:00:00-04:00,573.4990324183531,575.7342571270005,570.3895816395753,572.86328125,568900,0.0,0.0
2025-03-25 00:00:00-04:00,571.9890167587702,578.3370084228212,568.7603590631516,575.267333984375,735500,0.0,0.0
2025-03-26 00:00:00-04:00,575.7541450417001,581.4266704625106,575.7541450417001,578.8834838867188,336500,0.0,0.0
2025-03-27 00:00:00-04:00,583.8107942177904,590.347600784233,574.3135765110694,588.6587524414062,627300,0.0,0.0
2025-03-28 00:00:00-04:00,585.4897454575786,587.8342331342329,576.8071494469698,578.8139038085938,876500,0.0,0.0
2025-03-31 00:00:00-04:00,579.0026394612416,588.122348181894,576.37996148509,585.7083129882812,994700,0.0,0.0
2025-04-01 00:00:00-04:00,581.9531134581397,589.1058440968083,580.3934161731952,586.9004516601562,438600,0.0,0.0
2025-04-02 00:00:00-04:00,580.3536890063856,589.056172722242,576.2607494576847,586.483154296875,411900,0.0,0.0
2025-04-03 00:00:00-04:00,585.9863801336887,586.622191811687,573.0220914931687,575.8931274414062,994200,0.0,0.0
2025-04-04 00:00:00-04:00,573.8090132417898,575.3609751931207,537.9745342128042,539.0091552734375,1672600,0.825,0.0
2025-04-07 00:00:00-04:00,530.3041966216725,544.858840958264,516.8439225129446,529.7968139648438,1109300,0.0,0.0
2025-04-08 00:00:00-04:00,532.0651188323857,539.0987081439124,511.2727516412184,516.515625,806300,0.0,0.0
2025-04-09 00:00:00-04:00,514.8442594301833,553.394653966426,511.22299489302287,550.9075317382812,1153100,0.0,0.0
2025-04-10 00:00:00-04:00,545.1175593233493,551.6138916689106,530.353973559028,546.7689819335938,944000,0.0,0.0
2025-04-11 00:00:00-04:00,545.9233368393102,561.811044712615,540.5213145694687,557.2745361328125,669100,0.0,0.0
2025-04-14 00:00:00-04:00,565.51189858925,567.7900806601966,555.7822474173054,562.965087890625,378400,0.0,0.0
2025-04-15 00:00:00-04:00,566.9445003441181,568.7352162337203,560.438210347619,564.158935546875,340700,0.0,0.0
2025-04-16 00:00:00-04:00,559.6820960109942,566.9544388442727,549.6838769808373,553.4046020507812,635200,0.0,0.0
2025-04-17 00:00:00-04:00,558.607695222907,561.5623675102662,553.5638036714464,554.36962890625,343100,0.0,0.0
2025-04-21 00:00:00-04:00,547.5847163390664,552.4794166621276,532.1546001339427,536.4921875,372600,0.0,0.0
2025-04-22 00:00:00-04:00,542.7696983225636,548.9476713403817,540.7501258409172,548.460205078125,517600,0.0,0.0
2025-04-23 00:00:00-04:00,552.9569685026759,561.2142029097346,547.5151129959361,548.2413940429688,623400,0.0,0.0
2025-04-24 00:00:00-04:00,548.2811721047126,558.5380627925937,545.1772481045522,556.7771606445312,674300,0.0,0.0
2025-04-25 00:00:00-04:00,556.3593160284354,556.3593160284354,548.2015425097413,554.8272705078125,671000,0.0,0.0
2025-04-28 00:00:00-04:00,535.1789877034399,555.3246782975018,532.7714703231472,549.1068725585938,805900,0.0,0.0
2025-04-29 00:00:00-04:00,550.569280176975,555.1853938047614,549.18648630618,553.3051147460938,716500,0.0,0.0
2025-04-30 00:00:00-04:00,552.041697138438,558.0107907356643,544.9285029801061,557.1950073242188,670400,0.0,0.0
2025-05-01 00:00:00-04:00,561.2340827363286,561.3037294470254,553.663297049228,554.7178344726562,590200,0.0,0.0
2025-05-02 00:00:00-04:00,559.2045603574352,566.4670061372345,559.2045603574352,563.124267578125,556000,0.0,0.0
2025-05-05 00:00:00-04:00,563.0048647590714,572.356468579026,560.4083237386903,568.1880493164062,647800,0.0,0.0
2025-05-06 00:00:00-04:00,562.5373339843344,571.0631965156224,558.0505556396041,566.7654418945312,584900,0.0,0.0
2025-05-07 00:00:00-04:00,567.4916846985695,573.4607784557534,566.5565242477803,571.331787109375,396000,0.0,0.0
2025-05-08 00:00:00-04:00,573.7891098495829,579.1712161370353,569.570959871845,572.0182495117188,485200,0.0,0.0
2025-05-09 00:00:00-04:00,571.580465946762,571.580465946762,561.4628696214093,567.5413818359375,333200,0.0,0.0
2025-05-12 00:00:00-04:00,576.9328417559252,576.9328417559252,563.8804271300345,572.8739013671875,750900,0.0,0.0
2025-05-13 00:00:00-04:00,574.8436098340031,579.5691422006582,572.4957809574472,574.0974731445312,554600,0.0,0.0
2025-05-14 00:00:00-04:00,569.859387254121,573.8984712974417,560.5873883616088,563.0247802734375,623100,0.0,0.0
2025-05-15 00:00:00-04:00,562.8258579221265,571.8093734483492,562.3682662479868,571.4412841796875,515800,0.0,0.0
2025-05-16 00:00:00-04:00,576.027502880176,580.01685690318,571.2621375266699,579.8775634765625,611500,0.0,0.0
2025-05-19 00:00:00-04:00,578.7533551883092,581.0216398561116,575.4206356177716,577.4799194335938,533500,0.0,0.0
2025-05-20 00:00:00-04:00,574.9330641553781,575.6891589861374,570.7845615106382,575.2315673828125,460200,0.0,0.0
2025-05-21 00:00:00-04:00,570.8045547007396,580.942068133128,566.994266144105,569.8594360351562,432200,0.0,0.0
2025-05-22 00:00:00-04:00,565.5218704134998,570.1379838911695,565.5218704134998,566.138671875,346400,0.0,0.0
2025-05-23 00:00:00-04:00,561.5226091187172,566.7952966307621,560.8958493962629,564.1092529296875,375100,0.0,0.0
2025-05-27 00:00:00-04:00,568.2676557500133,571.7694825492082,565.5019466926062,570.8641967773438,433700,0.0,0.0
2025-05-28 00:00:00-04:00,571.3118406350515,573.5800643275494,565.7207952286045,566.1983032226562,360900,0.0,0.0
2025-05-29 00:00:00-04:00,567.1932032503053,568.5760577821837,559.6422734482612,561.3634033203125,782000,0.0,0.0
2025-05-30 00:00:00-04:00,562.0398554640299,569.7499338527882,560.298870021407,567.3324584960938,808800,0.0,0.0
2025-06-02 00:00:00-04:00,563.0247983710356,565.4522321567217,560.1795450421293,563.7709350585938,385700,0.0,0.0
2025-06-03 00:00:00-04:00,561.4827695740123,565.2830995524429,558.9459170939629,564.94482421875,332500,0.0,0.0
2025-06-04 00:00:00-04:00,564.3579471703182,566.3575425744626,560.3984070194315,565.0841674804688,737200,0.0,0.0
2025-06-05 00:00:00-04:00,565.4820037679726,568.1382938960136,562.5870203538408,566.5564575195312,656700,0.0,0.0
2025-06-06 00:00:00-04:00,569.8394624713891,572.0381003338837,568.0487466492777,569.9190673828125,336700,0.0,0.0
2025-06-09 00:00:00-04:00,569.2922909792007,573.5203985528616,565.2731235215923,570.1279907226562,419300,0.0,0.0
2025-06-10 00:00:00-04:00,559.8313312759522,571.3616573456886,559.8313312759522,569.232666015625,352900,0.0,0.0
2025-06-11 00:00:00-04:00,569.1331984266617,570.8443094569844,565.7904598414842,566.6261596679688,336700,0.0,0.0
2025-06-12 00:00:00-04:00,567.1235511864593,570.1280142404362,566.8350668701811,569.0834350585938,274900,0.0,0.0
2025-06-13 00:00:00-04:00,563.7609578211009,567.8995631786593,557.3840031971955,557.8615112304688,436800,0.0,0.0
2025-06-16 00:00:00-04:00,559.582603527429,564.9747284162535,559.582603527429,562.7462158203125,372600,0.0,0.0
2025-06-17 00:00:00-04:00,562.4080665957634,562.9949935257513,556.6876846155959,559.6821899414062,454900,0.0,0.0
2025-06-18 00:00:00-04:00,559.682102955566,559.682102955566,552.1809034982929,552.8872680664062,447100,0.0,0.0
2025-06-20 00:00:00-04:00,556.1006487424526,561.4529409713455,554.9068785745488,559.0951538085938,1124300,0.0,0.0
2025-06-23 00:00:00-04:00,559.6920762136299,563.3729686120438,555.2649864103313,563.2635498046875,374700,0.0,0.0
2025-06-24 00:00:00-04:00,565.5715747330581,568.6058516002278,560.3784928498095,568.07861328125,460600,0.0,0.0
2025-06-25 00:00:00-04:00,567.8995884254167,570.147895995868,560.089987912991,564.0196533203125,494400,0.0,0.0
2025-06-26 00:00:00-04:00,563.1641244299943,563.4625669781617,555.4043145738292,562.3980712890625,509800,0.0,0.0
2025-06-27 00:00:00-04:00,562.3980156372551,566.4370996448018,557.762046592438,560.6072998046875,653000,0.0,0.0
2025-06-30 00:00:00-04:00,561.7812166347181,564.7060747715745,559.1050707179319,563.920166015625,910300,0.0,0.0
2025-07-01 00:00:00-04:00,564.3180935451478,571.98840060337,562.9949274753279,569.7599487304688,563400,0.0,0.0
2025-07-02 00:00:00-04:00,568.7849837991257,568.7849837991257,560.6670428980588,563.1641235351562,460600,0.0,0.0
2025-07-03 00:00:00-04:00,567.0141239782396,571.8490748996237,565.8003767855192,570.0484008789062,244000,0.0,0.0
2025-07-07 00:00:00-04:00,570.0484148975818,572.8041657580083,562.4079826964402,563.08447265625,651900,0.0,0.0
2025-07-08 00:00:00-04:00,562.3622122251644,567.2341395810631,560.1105618328154,562.501708984375,699400,0.825,0.0
2025-07-09 00:00:00-04:00,563.906431045156,569.2465904268768,549.4700376194571,556.5736694335938,861800,0.0,0.0
2025-07-10 00:00:00-04:00,551.542377679871,553.8238854107998,542.6553276826877,547.766357421875,944600,0.0,0.0
2025-07-11 00:00:00-04:00,547.796226194612,549.9282642375541,543.7313008628605,545.4349975585938,743000,0.0,0.0
2025-07-14 00:00:00-04:00,544.0003656562169,546.550894131619,539.198186884289,546.3018188476562,545800,0.0,0.0
2025-07-15 00:00:00-04:00,546.3914694508476,548.9818889729206,542.7649794149812,542.8048095703125,669100,0.0,0.0
2025-07-16 00:00:00-04:00,543.5719714652639,546.9195287367371,539.8956177874901,543.2132568359375,669500,0.0,0.0
2025-07-17 00:00:00-04:00,541.2704498937417,544.9666877774124,541.2704498937417,544.3290405273438,461000,0.0,0.0
2025-07-18 00:00:00-04:00,547.4874483135948,547.4874483135948,538.4011863433747,542.77490234375,642200,0.0,0.0
2025-07-21 00:00:00-04:00,547.5870225755792,553.8736802777482,533.7185278632459,549.8685302734375,914200,0.0,0.0
2025-07-22 00:00:00-04:00,552.1102071213855,562.5415115672631,549.3803517562873,561.7544555664062,812400,0.0,0.0
2025-07-23 00:00:00-04:00,561.7643484622912,564.1455226751651,554.3618386186889,554.9596557617188,885400,0.0,0.0
2025-07-24 00:00:00-04:00,554.4813909804067,560.778021214519,552.1600532057053,558.2972412109375,544500,0.0,0.0
2025-07-25 00:00:00-04:00,558.626050094452,561.325987211391,555.0493023178476,560.9474487304688,278500,0.0,0.0
2025-07-28 00:00:00-04:00,559.5426662876305,562.0732494044858,556.6932594946566,556.9622802734375,439600,0.0,0.0
2025-07-29 00:00:00-04:00,559.6223400201578,561.2463156778753,554.1327112297698,560.977294921875,695800,0.0,0.0
2025-07-30 00:00:00-04:00,561.4954121268674,562.5913190544138,547.9158227573139,550.2969970703125,666600,0.0,0.0
2025-07-31 00:00:00-04:00,548.6430684221707,554.1725272239048,546.9692899140961,548.3641357421875,708100,0.0,0.0
2025-08-01 00:00:00-04:00,549.061472850845,549.0714455906389,537.9128619020771,540.104736328125,497000,0.0,0.0
2025-08-04 00:00:00-04:00,541.0313012910218,545.1161720891337,540.0449729792186,544.3988037109375,473800,0.0,0.0
2025-08-05 00:00:00-04:00,547.2084096570138,547.2084096570138,535.3823203951214,535.9402465820312,668800,0.0,0.0
2025-08-06 00:00:00-04:00,537.8333012955152,540.2045030492137,533.8978993389552,539.8358764648438,493700,0.0,0.0
2025-08-07 00:00:00-04:00,544.0103261547649,544.4985039708426,533.3399193385463,534.7247924804688,423300,0.0,0.0
2025-08-08 00:00:00-04:00,534.7247799140242,536.8369333601073,529.6336351289025,532.4033813476562,358700,0.0,0.0
2025-08-11 00:00:00-04:00,532.4034331781784,534.973907267291,523.8252945522936,525.5289306640625,504900,0.0,0.0
2025-08-12 00:00:00-04:00,525.8178598706945,527.9897890081835,516.3031355577724,517.5784301757812,844900,0.0,0.0
2025-08-13 00:00:00-04:00,519.4912885974397,522.0219322415543,512.1485545521964,520.5972290039062,1105800,0.0,0.0
2025-08-14 00:00:00-04:00,521.6134309016451,524.1539865552796,516.1835777222968,523.0182495117188,890000,0.0,0.0
2025-08-15 00:00:00-04:00,521.6931291008611,528.6572637832724,521.2547542019272,527.680908203125,697600,0.0,0.0
2025-08-18 00:00:00-04:00,528.0296496544848,532.0048816105641,528.0296496544848,530.3112182617188,735600,0.0,0.0
2025-08-19 00:00:00-04:00,530.3111442286371,536.0497871117605,529.0358497150169,530.6199951171875,762700,0.0,0.0
2025-08-20 00:00:00-04:00,534.2864112359947,542.9243247605916,531.4170591985173,538.5206909179688,1337500,0.0,0.0
2025-08-21 00:00:00-04:00,535.3823189711484,538.3413648685885,524.711912264309,524.9909057617188,1191400,0.0,0.0
2025-08-22 00:00:00-04:00,527.7905075295146,536.2192367237743,526.0569533456595,534.8543090820312,673500,0.0,0.0
2025-08-25 00:00:00-04:00,533.9177866265218,534.5852913404082,527.302332693416,528.3284912109375,570700,0.0,0.0
2025-08-26 00:00:00-04:00,527.0432897465479,529.1255858326818,520.407951077895,522.5101318359375,752700,0.0,0.0
2025-08-27 00:00:00-04:00,523.366944345718,527.8802176546609,521.5536689913746,526.7045288085938,656800,0.0,0.0
2025-08-28 00:00:00-04:00,526.2562147971906,526.8739166013808,522.9385151776975,524.6422119140625,794000,0.0,0.0
2025-08-29 00:00:00-04:00,527.5414845049839,530.211564419326,522.1714064518388,524.36328125,872100,0.0,0.0
2025-09-02 00:00:00-04:00,522.1514847365579,523.0680647473484,514.3404571397928,517.0703125,681100,0.0,0.0
2025-09-03 00:00:00-04:00,515.3667064180069,522.7392987049827,515.3667064180069,522.1913452148438,713000,0.0,0.0
2025-09-04 00:00:00-04:00,521.1552258371349,525.2798666246011,519.3917532393299,525.1702880859375,441600,0.0,0.0
2025-09-05 00:00:00-04:00,528.0395770203886,528.0395770203886,514.8685058160488,516.5223388671875,700600,0.0,0.0
2025-09-08 00:00:00-04:00,517.1798955374991,522.1315438058717,515.5958107840194,521.493896484375,1086000,0.0,0.0
2025-09-09 00:00:00-04:00,519.7603505208151,522.9584991107428,516.5522291898621,517.747802734375,969000,0.0,0.0
2025-09-10 00:00:00-04:00,517.5186558461966,517.5186558461966,507.2467937384975,511.33160400390625,1117900,0.0,0.0
2025-09-11 00:00:00-04:00,512.0988057456899,517.2795840357361,511.1025045671964,515.46630859375,849800,0.0,0.0
2025-09-12 00:00:00-04:00,513.6729224085075,515.2470343154608,510.14597770467935,510.63421630859375,615400,0.0,0.0
2025-09-15 00:00:00-04:00,510.6342531466838,512.4873586752748,502.3948232490022,503.3612365722656,689100,0.0,0.0
2025-09-16 00:00:00-04:00,503.132040760075,504.3873898388008,497.15423433520283,500.5815124511719,1871700,0.0,0.0
2025-09-17 00:00:00-04:00,502.5143358776948,515.5260253502897,501.8766886020335,507.76483154296875,940800,0.0,0.0
2025-09-18 00:00:00-04:00,507.7648446706537,511.2220106707286,505.7323819328057,507.1272277832031,736900,0.0,0.0
2025-09-19 00:00:00-04:00,506.6290742999864,507.585514827964,501.08964270154286,502.7534484863281,1437900,0.0,0.0
2025-09-22 00:00:00-04:00,499.64500128027356,508.57185061635283,499.5951983871891,507.74493408203125,665300,0.0,0.0
2025-09-23 00:00:00-04:00,505.5132416003773,506.85822379322053,500.29260303852374,502.12579345703125,1097900,0.0,0.0
2025-09-24 00:00:00-04:00,501.62763792390587,505.46340329195255,500.51178554149897,503.8095397949219,765700,0.0,0.0
2025-09-25 00:00:00-04:00,504.34755609934257,504.94534285455387,490.4292281838586,493.1989440917969,949300,0.0,0.0
2025-09-26 00:00:00-04:00,493.38823636124584,498.4693780975299,492.25243850285545,497.4631042480469,560900,0.0,0.0
2025-09-29 00:00:00-04:00,498.36974153837326,499.28635193594414,492.9498610776246,499.10699462890625,729100,0.0,0.0
2025-09-30 00:00:00-04:00,498.5988976145729,500.22284286748993,493.97604591671075,496.84539794921875,804800,0.0,0.0
2025-10-01 00:00:00-04:00,497.41331926545445,502.13577696214264,493.71702012698944,496.1280822753906,969100,0.0,0.0
2025-10-02 00:00:00-04:00,493.607409442814,498.43947576111924,493.607409442814,495.74945068359375,881200,0.0,0.0
2025-10-03 00:00:00-04:00,496.25340366401,503.87779957989903,496.25340366401,498.9279479980469,1075500,0.825,0.0
2025-10-06 00:00:00-04:00,500.8739613711638,506.3227909834664,496.1037343278266,505.95355224609375,1210200,0.0,0.0
2025-10-07 00:00:00-04:00,504.8059037288294,509.9753069055995,502.6104194789255,509.5262451171875,1019400,0.0,0.0
2025-10-08 00:00:00-04:00,511.0830443989629,520.2143631837976,508.4085305008392,518.9369506835938,1513200,0.0,0.0
2025-10-09 00:00:00-04:00,518.8372013088469,518.9868581200737,510.40446332337996,517.0109252929688,776900,0.0,0.0
2025-10-10 00:00:00-04:00,519.6554534947445,519.7851926062351,502.86986206942703,507.9594421386719,1290900,0.0,0.0
2025-10-13 00:00:00-04:00,506.3128172694012,512.7994986948838,503.07942017627494,511.6817932128906,731400,0.0,0.0
2025-10-14 00:00:00-04:00,507.3606591258724,514.2665257977947,505.7539651074652,512.7695922851562,712600,0.0,0.0
2025-10-15 00:00:00-04:00,506.7618837586823,514.5160189086488,498.13956249233263,498.7084045410156,1057400,0.0,0.0
2025-10-16 00:00:00-04:00,499.14752103715455,502.301034281236,496.5528300992525,499.05767822265625,837000,0.0,0.0
2025-10-17 00:00:00-04:00,499.0177644909839,504.007542868349,497.40108116954804,503.48858642578125,716300,0.0,0.0
2025-10-20 00:00:00-04:00,503.47862075703534,505.93358315798395,500.4947126182699,504.8558044433594,887200,0.0,0.0
2025-10-21 00:00:00-04:00,506.24298050303776,516.4420892618367,504.8657967255088,513.4682006835938,622300,0.0,0.0
2025-10-22 00:00:00-04:00,509.93539467226094,518.0387593123651,507.5303178743895,507.9095458984375,1147900,0.0,0.0
2025-10-23 00:00:00-04:00,466.10516835386966,480.49570237847536,456.0557475434504,478.9787902832031,2230200,0.0,0.0
2025-10-24 00:00:00-04:00,481.6034275435975,482.37184245267,473.82934427561054,477.8211669921875,1059300,0.0,0.0
2025-10-27 00:00:00-04:00,475.5458445585373,475.55583386131093,457.98184840478064,462.7820129394531,1631100,0.0,0.0
2025-10-28 00:00:00-04:00,462.78201002310647,464.02945465430145,454.7783857780371,455.22747802734375,1500200,0.0,0.0
2025-10-29 00:00:00-04:00,450.65679801471873,453.85026826962326,443.2220467120279,445.3676452636719,1657800,0.0,0.0
2025-10-30 00:00:00-04:00,445.397584877137,452.1038480808414,441.784990287542,442.4935302734375,1443300,0.0,0.0
2025-10-31 00:00:00-04:00,438.18236115940374,447.0841391152864,434.52987021630594,445.2379150390625,1164800,0.0,0.0
2025-11-03 00:00:00-05:00,446.6250912002607,447.9224213953457,436.4758685878788,447.623046875,1440100,0.0,0.0
2025-11-04 00:00:00-05:00,449.1898013095237,450.52708867604883,443.6611489571037,448.3914489746094,1193400,0.0,0.0
2025-11-05 00:00:00-05:00,445.2179840865418,450.4871889971495,443.45158299521876,444.9185791015625,1076000,0.0,0.0
2025-11-06 00:00:00-05:00,442.6532174749034,446.4055405645686,440.0485677774768,443.57135009765625,991200,0.0,0.0
2025-11-07 00:00:00-05:00,444.06034345130115,447.9324163913371,442.862784444316,446.1360778808594,769700,0.0,0.0
2025-11-10 00:00:00-05:00,444.09026756443245,451.05600901728894,440.9367240322735,448.9004211425781,821700,0.0,0.0
2025-11-11 00:00:00-05:00,447.87253485314216,448.4713143477663,440.38786730831566,442.3638000488281,772900,0.0,0.0
2025-11-12 00:00:00-05:00,442.3937426893725,454.868188743722,440.12839424977125,454.2694396972656,923600,0.0,0.0
2025-11-13 00:00:00-05:00,452.54296347005936,453.73053316578546,445.94646058794444,446.83465576171875,859400,0.0,0.0
2025-11-14 00:00:00-05:00,445.97643545786286,450.1279043512952,440.47768982904273,448.5810852050781,874500,0.0,0.0
2025-11-17 00:00:00-05:00,447.7427915496194,449.0501110321238,442.59333667238224,442.9725646972656,652100,0.0,0.0
2025-11-18 00:00:00-05:00,442.4935503607813,447.7228589273421,441.3259592491374,443.5014953613281,1071000,0.0,0.0
2025-11-19 00:00:00-05:00,441.1662761651439,444.6690799035168,436.5058097244886,443.8707275390625,1021100,0.0,0.0
2025-11-20 00:00:00-05:00,447.5332508831793,447.5332508831793,439.25020020685525,439.958740234375,774200,0.0,0.0
2025-11-21 00:00:00-05:00,440.0385814389461,448.8704953273543,440.0385814389461,442.84283447265625,1085000,0.0,0.0
2025-11-24 00:00:00-05:00,441.6652442327928,445.05828738942205,437.8330981488739,438.7412414550781,1453100,0.0,0.0
2025-11-25 00:00:00-05:00,439.70924469464717,446.38557073879923,438.5017268296699,445.4974060058594,755900,0.0,0.0
2025-11-26 00:00:00-05:00,444.82875902313236,447.2637733404555,442.8228887979798,445.1680603027344,532500,0.0,0.0
2025-11-28 00:00:00-05:00,447.04420285454626,448.88043758938437,445.08821831496493,445.3077697753906,328300,0.0,0.0
2025-12-01 00:00:00-05:00,443.55136258888774,445.34770104381636,440.8967968878053,442.67315673828125,884200,0.0,0.0
2025-12-02 00:00:00-05:00,444.4096259278063,445.1381140750177,439.908836113948,443.24200439453125,706400,0.0,0.0
2025-12-03 00:00:00-05:00,439.0605846150472,445.377661299448,439.0605846150472,444.9784851074219,565900,0.0,0.0
2025-12-04 00:00:00-05:00,444.99842233386727,447.2238744711895,441.73511821379265,443.8707275390625,609100,0.0,0.0
2025-12-05 00:00:00-05:00,443.1721532536772,448.7806898624186,443.062392745318,446.6450500488281,802200,0.0,0.0
2025-12-08 00:00:00-05:00,447.4434042657622,448.8405666137628,444.8387545000807,445.7967834472656,801700,0.0,0.0
2025-12-09 00:00:00-05:00,445.2179636067831,448.14196638224485,438.3520237910222,439.73919677734375,759500,0.0,0.0
2025-12-10 00:00:00-05:00,439.47971432931206,444.16012876752313,438.51169612992277,441.3758239746094,1175900,0.0,0.0
2025-12-11 00:00:00-05:00,441.5953900207984,448.77069382274937,440.8569125605489,444.9285583496094,954900,0.0,0.0
2025-12-12 00:00:00-05:00,444.9285686954346,449.4293586790708,444.2399768212803,444.9485168457031,1765600,0.0,0.0
2025-12-15 00:00:00-05:00,446.7448433764561,447.9423719193768,438.9308333469215,442.6931457519531,1915400,0.0,0.0
2025-12-16 00:00:00-05:00,441.5155671050806,445.00841199899764,438.99074044282816,442.8727722167969,1352000,0.0,0.0
2025-12-17 00:00:00-05:00,441.58539247108797,452.9121953601555,440.13837502991623,451.3154602050781,2056900,0.0,0.0
2025-12-18 00:00:00-05:00,448.1419718681517,453.88021698517673,445.89657160496796,449.5890197753906,2344000,0.0,0.0
2025-12-19 00:00:00-05:00,448.71082075771756,450.1079526295352,442.74303478107925,444.0802917480469,2952700,0.0,0.0
2025-12-22 00:00:00-05:00,442.43368208626026,449.6688610045203,441.0964250856462,448.33160400390625,742900,0.0,0.0
2025-12-23 00:00:00-05:00,448.2218138624857,448.5211883744768,445.1081666618311,448.42138671875,598800,0.0,0.0
2025-12-24 00:00:00-05:00,446.9943253355233,450.766596529081,445.9564429170024,450.25762939453125,233700,0.0,0.0
2025-12-26 00:00:00-05:00,449.6389186372311,450.6768010947196,448.2817135010616,449.9083557128906,283600,0.0,0.0
2025-12-29 00:00:00-05:00,449.90834565848,451.854371415883,448.50125495073434,449.9183349609375,528400,0.0,0.0
2025-12-30 00:00:00-05:00,448.82058031330274,451.35539628227735,448.4613308849644,449.1598815917969,430800,0.0,0.0
2025-12-31 00:00:00-05:00,449.47924738592116,450.6069422152992,443.6212522189877,444.22003173828125,507500,0.0,0.0
2026-01-02 00:00:00-05:00,444.7300109863281,445.0,428.19000244140625,434.5400085449219,914300,0.91,0.0
2026-01-05 00:00:00-05:00,429.94000244140625,436.30999755859375,427.8900146484375,431.6600036621094,1189300,0.0,0.0
2026-01-06 00:00:00-05:00,430.0,437.3800048828125,430.0,436.5400085449219,774400,0.0,0.0
2026-01-07 00:00:00-05:00,436.5400085449219,440.0,433.9599914550781,437.6000061035156,894700,0.0,0.0
2026-01-08 00:00:00-05:00,433.1199951171875,439.2900085449219,432.2900085449219,434.4700012207031,752300,0.0,0.0
2026-01-09 00:00:00-05:00,433.4200134277344,437.1600036621094,431.80999755859375,434.80999755859375,612500,0.0,0.0
2026-01-12 00:00:00-05:00,433.57000732421875,434.7900085449219,430.80999755859375,432.3900146484375,639100,0.0,0.0
2026-01-13 00:00:00-05:00,430.3699951171875,431.1700134277344,420.4200134277344,426.3599853515625,796600,0.0,0.0
2026-01-14 00:00:00-05:00,424.05999755859375,428.92999267578125,421.4800109863281,424.20001220703125,822900,0.0,0.0
2026-01-15 00:00:00-05:00,423.739990234375,424.04998779296875,412.3299865722656,414.25,1774200,0.0,0.0
2026-01-16 00:00:00-05:00,412.4100036621094,416.739990234375,407.0299987792969,416.1400146484375,1421400,0.0,0.0
2026-01-20 00:00:00-05:00,412.45001220703125,414.32000732421875,400.20001220703125,403.760009765625,1483500,0.0,0.0
2026-01-21 00:00:00-05:00,403.760009765625,406.3599853515625,399.0899963378906,404.6600036621094,1415100,0.0,0.0
2026-01-22 00:00:00-05:00,404.0199890136719,410.0,402.9700012207031,407.4800109863281,1302900,0.0,0.0
2026-01-23 00:00:00-05:00,406.0199890136719,412.1000061035156,403.7300109863281,407.6099853515625,1712300,0.0,0.0
2026-01-26 00:00:00-05:00,409.489990234375,413.0,407.32000732421875,408.6700134277344,1524400,0.0,0.0
2026-01-27 00:00:00-05:00,368.5,382.8599853515625,345.92999267578125,369.2699890136719,5077700,0.0,0.0
2026-01-28 00:00:00-05:00,367.9599914550781,368.20001220703125,356.010009765625,360.3699951171875,2940700,0.0,0.0
2026-01-29 00:00:00-05:00,355.67999267578125,365.6600036621094,353.3500061035156,365.0,2487200,0.0,0.0
2026-01-30 00:00:00-05:00,362.2799987792969,371.5899963378906,360.0,371.2300109863281,3072200,0.0,0.0
2026-02-02 00:00:00-05:00,372.7900085449219,375.55999755859375,369.8500061035156,372.6099853515625,2476200,0.0,0.0
2026-02-03 00:00:00-05:00,362.79998779296875,364.3699951171875,343.9200134277344,348.82000732421875,3248300,0.0,0.0
2026-02-04 00:00:00-05:00,346.1400146484375,361.1600036621094,346.1400146484375,359.7099914550781,2805500,0.0,0.0
2026-02-05 00:00:00-05:00,358.8599853515625,365.2099914550781,349.57000732421875,351.0,2827400,0.0,0.0
2026-02-06 00:00:00-05:00,353.4599914550781,363.5400085449219,351.0,362.4200134277344,1945500,0.0,0.0
2026-02-09 00:00:00-05:00,357.2099914550781,358.4800109863281,349.0299987792969,351.7099914550781,1966100,0.0,0.0
2026-02-10 00:00:00-05:00,350.4599914550781,354.9700012207031,345.25,348.8399963378906,1776000,0.0,0.0
2026-02-11 00:00:00-05:00,347.20001220703125,347.6400146484375,331.2200012207031,333.79998779296875,2433700,0.0,0.0
2026-02-12 00:00:00-05:00,334.4700012207031,335.010009765625,317.6700134277344,319.82000732421875,2736100,0.0,0.0
2026-02-13 00:00:00-05:00,319.8500061035156,325.6099853515625,318.010009765625,321.4100036621094,1640500,0.0,0.0
2026-02-17 00:00:00-05:00,321.7200012207031,323.3900146484375,313.07000732421875,315.5299987792969,1808500,0.0,0.0
2026-02-18 00:00:00-05:00,316.79998779296875,328.79998779296875,313.739990234375,327.6000061035156,2136200,0.0,0.0
2026-02-19 00:00:00-05:00,329.489990234375,335.0,328.2900085449219,332.0,1753100,0.0,0.0
2026-02-20 00:00:00-05:00,330.260009765625,337.6300048828125,330.260009765625,335.7900085449219,2482700,0.0,0.0
2026-02-23 00:00:00-05:00,334.92999267578125,337.0899963378906,329.82000732421875,335.70001220703125,2223100,0.0,0.0
2026-02-24 00:00:00-05:00,335.82000732421875,341.4200134277344,333.9800109863281,337.70001220703125,1565400,0.0,0.0
2026-02-25 00:00:00-05:00,337.8900146484375,344.7900085449219,336.0299987792969,344.239990234375,1560400,0.0,0.0
2026-02-26 00:00:00-05:00,346.1400146484375,354.6499938964844,345.3900146484375,352.1499938964844,1836700,0.0,0.0
2026-02-27 00:00:00-05:00,348.7900085449219,349.9599914550781,345.0,349.7300109863281,1344400,0.0,0.0
2026-03-02 00:00:00-05:00,348.0,356.0299987792969,346.510009765625,353.92999267578125,1372300,0.0,0.0
2026-03-03 00:00:00-05:00,348.55999755859375,357.80999755859375,346.5,356.0,1293400,0.0,0.0
2026-03-04 00:00:00-05:00,357.9750061035156,366.44000244140625,354.05999755859375,361.2699890136719,1612096,0.0,0.0
