Date,Open,High,Low,Close,Volume,Dividends,Stock Splits
2022-01-03 00:00:00-05:00,60.65509719822389,61.967056451183325,60.4333592939442,61.86542510986328,58300,0.0,0.0
2022-01-04 00:00:00-05:00,61.60674162328256,62.752395907281446,61.60674162328256,61.930110931396484,42000,0.0,0.0
2022-01-05 00:00:00-05:00,61.976311528508525,62.9833769840549,61.477395844953655,61.569786071777344,69600,0.0,0.0
2022-01-06 00:00:00-05:00,61.51433409095725,62.07792346177267,61.22791531385613,61.30183029174805,40800,0.0,0.0
2022-01-07 00:00:00-05:00,61.606717965475134,61.66215066874427,61.033887518989154,61.24639129638672,31700,0.0,0.0
2022-01-10 00:00:00-05:00,61.32955058201644,61.79150865010643,60.94150749656181,61.588253021240234,34000,0.0,0.0
2022-01-11 00:00:00-05:00,61.64369455972886,61.74532591317361,58.92737847479048,59.537166595458984,39100,0.0,0.0
2022-01-12 00:00:00-05:00,59.32465984582303,59.490965047955946,58.30835341008693,58.49313735961914,65800,0.0,0.0
2022-01-13 00:00:00-05:00,58.89041185486893,60.04530341795406,58.89041185486893,59.592586517333984,45700,0.0,0.0
2022-01-14 00:00:00-05:00,59.176838443247206,60.359450111646275,58.779550650597216,59.241512298583984,62000,0.0,0.0
2022-01-18 00:00:00-05:00,58.89965889766052,59.34314178382712,57.35672050533744,59.0474853515625,77100,0.0,0.0
2022-01-19 00:00:00-05:00,58.779534406655,58.91812321519758,56.97789751790054,57.264312744140625,82200,0.0,0.0
2022-01-20 00:00:00-05:00,57.55996812854075,57.68007819963266,55.74909355043798,56.04474639892578,57400,0.0,0.0
2022-01-21 00:00:00-05:00,56.10018997562221,58.419217970445345,55.70290574760886,57.33823776245117,62200,0.0,0.0
2022-01-24 00:00:00-05:00,56.86704085842404,60.0822687805796,56.86704085842404,59.490962982177734,71100,0.0,0.0
2022-01-25 00:00:00-05:00,58.825740847953355,58.825740847953355,55.86921192373312,56.37736511230469,54500,0.0,0.0
2022-01-26 00:00:00-05:00,56.3496452856398,57.28279900905708,55.25018285545655,56.17409896850586,71000,0.0,0.0
2022-01-27 00:00:00-05:00,56.51594954039616,57.125737586510354,55.89692740794995,56.146385192871094,77700,0.0,0.0
2022-01-28 00:00:00-05:00,56.05399211489601,56.05399211489601,54.04909572586562,55.38877487182617,54500,0.0,0.0
2022-01-31 00:00:00-05:00,55.16703361210402,55.702906681932895,54.28007493562224,55.65671157836914,82300,0.0,0.0
2022-02-01 00:00:00-05:00,55.40724429695799,56.026266332469504,54.215391797124326,55.462677001953125,66800,0.0,0.0
2022-02-02 00:00:00-05:00,55.536597854013145,55.850729471927735,54.55724551005348,55.555076599121094,63600,0.0,0.0
2022-02-03 00:00:00-05:00,55.388768534413714,56.478989767810646,54.88985301585036,55.9708366394043,41900,0.0,0.0
2022-02-04 00:00:00-05:00,55.693671825329616,56.21106620717084,53.95671176918008,55.71215057373047,58300,0.0,0.0
2022-02-07 00:00:00-05:00,55.71214446757167,56.29421264278963,55.15779617414727,55.739864349365234,33800,0.0,0.0
2022-02-08 00:00:00-05:00,55.555079476337866,56.913233829738836,55.555079476337866,56.86703872680664,38500,0.0,0.0
2022-02-09 00:00:00-05:00,57.07029846722164,58.456172630511745,56.64529790301647,56.913230895996094,51700,0.0,0.0
2022-02-10 00:00:00-05:00,56.19257888228674,56.746927151860476,55.434967935787796,56.03551483154297,65700,0.0,0.0
2022-02-11 00:00:00-05:00,56.11910648721422,57.23368729888247,56.11910648721422,56.8900260925293,28300,0.32,0.0
2022-02-14 00:00:00-05:00,57.02005358945401,57.029343740122535,55.75686237826445,56.83428955078125,39100,0.0,0.0
2022-02-15 00:00:00-05:00,57.373014955467156,58.1903747428663,57.34515158489098,57.614505767822266,36900,0.0,0.0
2022-02-16 00:00:00-05:00,57.87456949212783,58.069620147556094,57.17795697146592,57.66094207763672,60900,0.0,0.0
2022-02-17 00:00:00-05:00,57.716672124586026,57.790979165102655,57.029349715580736,57.242977142333984,37900,0.0,0.0
2022-02-18 00:00:00-05:00,56.95504724884856,57.67952323629132,56.95504724884856,57.44731903076172,43300,0.0,0.0
2022-02-22 00:00:00-05:00,57.60522415000937,57.60522415000937,56.09125162178475,56.18413543701172,56800,0.0,0.0
2022-02-23 00:00:00-05:00,56.657815656751126,56.89001981927879,56.06337356758499,56.202693939208984,43100,0.0,0.0
2022-02-24 00:00:00-05:00,56.01694650141077,56.499931697231986,54.53083738892507,56.10054016113281,57100,0.0,0.0
2022-02-25 00:00:00-05:00,56.342022914023985,57.92101206965088,55.673273732075025,57.80955505371094,47100,0.0,0.0
2022-02-28 00:00:00-05:00,57.33585876071416,57.568062953108026,56.58351590182232,57.280128479003906,64100,0.0,0.0
2022-03-01 00:00:00-05:00,57.31727904517425,57.77240079779071,56.12839477521967,56.62066650390625,55500,0.0,0.0
2022-03-02 00:00:00-05:00,56.65781990205409,58.65477726668341,56.65781990205409,58.46901321411133,58400,0.0,0.0
2022-03-03 00:00:00-05:00,59.03559152219105,61.70129449498978,59.03559152219105,61.62698745727539,56800,0.0,0.0
2022-03-04 00:00:00-05:00,60.87464698073822,65.788088142809,60.87464698073822,65.11933898925781,89200,0.0,0.0
2022-03-07 00:00:00-05:00,65.60233132143495,68.30519174635235,65.0821961549808,67.50640869140625,124700,0.0,0.0
2022-03-08 00:00:00-05:00,68.12872466729277,70.85944888022378,67.28350489291158,69.21543884277344,133700,0.0,0.0
2022-03-09 00:00:00-05:00,69.01109102210167,69.85631062457853,66.28036736455684,68.60240936279297,78800,0.0,0.0
2022-03-10 00:00:00-05:00,67.72932193681713,70.40431895801404,67.68288534683306,70.33930206298828,47400,0.0,0.0
2022-03-11 00:00:00-05:00,70.33928816217679,71.2866780290826,69.06680679807839,69.69840240478516,50400,0.0,0.0
2022-03-14 00:00:00-04:00,68.73245358387807,69.2433057355799,67.18133099425381,68.39807891845703,110500,0.0,0.0
2022-03-15 00:00:00-04:00,68.58381390582664,70.60863436438481,67.79432121811584,70.05134582519531,69900,0.0,0.0
2022-03-16 00:00:00-04:00,69.98634417836375,71.26811589239382,68.47237535158696,70.14424133300781,73500,0.0,0.0
2022-03-17 00:00:00-04:00,69.78200434244496,72.09476330010328,69.78200434244496,70.7015380859375,42600,0.0,0.0
2022-03-18 00:00:00-04:00,70.76655268703277,71.56533568418686,69.7727190165703,71.55604553222656,195100,0.0,0.0
2022-03-21 00:00:00-04:00,71.43529562711392,72.6613333847213,71.43529562711392,71.99258422851562,71500,0.0,0.0
2022-03-22 00:00:00-04:00,72.42912897275392,72.42912897275392,70.84084618881955,71.03590393066406,46300,0.0,0.0
2022-03-23 00:00:00-04:00,70.63651058330086,70.72939083303288,69.8284375293837,70.04206848144531,47400,0.0,0.0
2022-03-24 00:00:00-04:00,69.9956322675293,70.23712661159729,68.95535493534454,69.17827606201172,36800,0.0,0.0
2022-03-25 00:00:00-04:00,68.96465414302196,68.96465414302196,67.95224713346254,68.8160400390625,39100,0.0,0.0
2022-03-28 00:00:00-04:00,68.52811112146837,68.63028154942067,67.80363505875984,68.2680435180664,44200,0.0,0.0
2022-03-29 00:00:00-04:00,68.61169298858908,68.95535063640095,67.8221931152384,68.36090850830078,67200,0.0,0.0
2022-03-30 00:00:00-04:00,68.23089980768844,69.15971685993519,66.70764040890872,66.94913482666016,49900,0.0,0.0
2022-03-31 00:00:00-04:00,67.15345335701231,67.49711101670268,66.17819294228644,66.33609008789062,112400,0.0,0.0
2022-04-01 00:00:00-04:00,66.8469395381876,69.16898130574276,66.46612128688018,68.66741943359375,113100,0.0,0.0
2022-04-04 00:00:00-04:00,68.67672246129527,68.67672246129527,67.55285488543738,68.37950134277344,55400,0.0,0.0
2022-04-05 00:00:00-04:00,68.75100462367375,70.32999716458082,68.3423301204732,68.55595397949219,66800,0.0,0.0
2022-04-06 00:00:00-04:00,68.65813398803381,71.11020969572719,68.65813398803381,70.32071685791016,70400,0.0,0.0
2022-04-07 00:00:00-04:00,70.73868499623072,72.53129446803206,70.36715688992054,71.72322845458984,133000,0.0,0.0
2022-04-08 00:00:00-04:00,72.09476626267545,73.63659854482924,72.09476626267545,72.5034408569336,55300,0.0,0.0
2022-04-11 00:00:00-04:00,72.98642801361255,73.20005191562721,71.88113372114799,72.09476470947266,39200,0.0,0.0
2022-04-12 00:00:00-04:00,71.9925841699789,73.6087232386225,71.9740038677055,73.44153594970703,80800,0.0,0.0
2022-04-13 00:00:00-04:00,74.04528047533215,74.63043254023087,73.17219036801104,73.95240020751953,47800,0.0,0.0
2022-04-14 00:00:00-04:00,74.04527607226116,74.96480271565423,73.1628958647361,74.21246337890625,101000,0.0,0.0
2022-04-18 00:00:00-04:00,74.42607961846151,75.08553862509143,73.7944839790216,74.30533599853516,51400,0.0,0.0
2022-04-19 00:00:00-04:00,74.491115008795,77.59336724226374,74.1753206537812,77.34258270263672,51500,0.0,0.0
2022-04-20 00:00:00-04:00,78.02060446641312,80.58414059733327,78.02060446641312,79.18162536621094,78800,0.0,0.0
2022-04-21 00:00:00-04:00,79.33952311898487,79.33952311898487,77.15680522781436,78.28996276855469,90600,0.0,0.0
2022-04-22 00:00:00-04:00,78.18780007399761,78.7172253771526,75.94006507367708,76.16297912597656,64700,0.0,0.0
2022-04-25 00:00:00-04:00,75.55924877569858,75.79145298649439,73.69232493673331,75.61498260498047,71900,0.0,0.0
2022-04-26 00:00:00-04:00,75.5499547053931,75.61497868390181,73.78520846390539,74.49110412597656,69200,0.0,0.0
2022-04-27 00:00:00-04:00,74.71403047380366,75.91220507336499,73.61802629573044,74.3889389038086,112200,0.0,0.0
2022-04-28 00:00:00-04:00,74.97408701197612,76.3022952092761,74.37964487617984,75.2991714477539,171600,0.0,0.0
2022-04-29 00:00:00-04:00,74.94623225394876,75.28988994568941,73.67375064622487,74.19388580322266,94700,0.0,0.0
2022-05-02 00:00:00-04:00,73.99881123726946,75.5592232909717,73.38579601240845,74.43535614013672,110700,0.0,0.0
2022-05-03 00:00:00-04:00,73.23721872553374,75.10414287186983,68.38879287206134,73.59945678710938,127400,0.0,0.0
2022-05-04 00:00:00-04:00,73.72019269417969,79.33953013781777,73.30222087827131,79.2745132446289,101000,0.0,0.0
2022-05-05 00:00:00-04:00,78.77293661408943,78.77293661408943,74.63041526880423,75.94933319091797,98300,0.0,0.0
2022-05-06 00:00:00-04:00,75.5110855858721,78.81200834360992,74.98889988661583,76.53679656982422,87700,0.32,0.0
2022-05-09 00:00:00-04:00,76.21042957651647,79.73514900557159,76.21042957651647,78.71875762939453,71700,0.0,0.0
2022-05-10 00:00:00-04:00,79.40880025181754,79.75380808520684,76.74194718205267,78.5509262084961,97300,0.0,0.0
2022-05-11 00:00:00-04:00,78.40172496262154,79.19431945757167,76.07056049856274,76.33164978027344,77900,0.0,0.0
2022-05-12 00:00:00-04:00,76.7885576577172,77.58115216953776,76.02393598179687,76.6953125,76600,0.0,0.0
2022-05-13 00:00:00-04:00,77.07764395350048,77.07764395350048,74.78377130392073,75.51110076904297,88300,0.0,0.0
2022-05-16 00:00:00-04:00,75.86542000519967,76.7699129926891,74.53199359239404,75.02619934082031,66900,0.0,0.0
2022-05-17 00:00:00-04:00,75.40851524917447,75.40851524917447,72.05163252462735,72.83490753173828,72600,0.0,0.0
2022-05-18 00:00:00-04:00,71.93972144655385,72.13553836608983,69.37544108277885,70.79278564453125,86200,0.0,0.0
2022-05-19 00:00:00-04:00,70.36387182650603,70.83943139952952,68.9465268719995,69.0397720336914,114300,0.0,0.0
2022-05-20 00:00:00-04:00,69.45938330338535,70.77416364483126,67.45458018388464,68.31245422363281,78700,0.0,0.0
2022-05-23 00:00:00-04:00,69.0397662806909,70.06547720213027,68.67610520049102,69.15166473388672,56500,0.0,0.0
2022-05-24 00:00:00-04:00,68.96517661181679,69.80439733858088,68.37772566015701,69.55262756347656,96800,0.0,0.0
2022-05-25 00:00:00-04:00,69.4034458223829,70.95133570884691,68.84396763587965,69.89765167236328,116900,0.0,0.0
2022-05-26 00:00:00-04:00,70.31723997591834,71.4175426429825,69.61789071957509,69.71113586425781,63900,0.0,0.0
2022-05-27 00:00:00-04:00,70.1027628097975,70.52236947646018,67.7436260232296,69.01177978515625,97500,0.0,0.0
2022-05-31 00:00:00-04:00,68.43367548128215,69.43141376292327,67.92081636327242,68.55489349365234,118900,0.0,0.0
2022-06-01 00:00:00-04:00,68.99314563903448,69.34748721195491,67.78094431325087,69.29153442382812,136700,0.0,0.0
2022-06-02 00:00:00-04:00,69.69249133790953,72.09825478990089,68.45231724066618,71.5667495727539,93600,0.0,0.0
2022-06-03 00:00:00-04:00,71.41756469462139,71.89312432773518,70.29860838463085,70.64362335205078,66900,0.0,0.0
2022-06-06 00:00:00-04:00,70.99794857033167,71.04457470804535,70.09345556622479,70.27995300292969,80400,0.0,0.0
2022-06-07 00:00:00-04:00,70.03750143879209,70.60630610232545,69.97222912236116,70.4944076538086,78800,0.0,0.0
2022-06-08 00:00:00-04:00,70.50374632528147,70.96065261820918,69.74845123291016,69.74845123291016,93800,0.0,0.0
2022-06-09 00:00:00-04:00,69.5619657506006,69.85103506307291,68.676125850755,68.76937103271484,74500,0.0,0.0
2022-06-10 00:00:00-04:00,68.24716989131531,69.15166279875997,68.09797195789601,68.5362319946289,51500,0.0,0.0
2022-06-13 00:00:00-04:00,68.14460856052222,69.14234677257424,67.12821704685234,67.46390533447266,75500,0.0,0.0
2022-06-14 00:00:00-04:00,67.36132698451361,69.72979095560146,67.36132698451361,69.30085754394531,55900,0.0,0.0
2022-06-15 00:00:00-04:00,69.9629119387785,72.07028676232939,69.9629119387785,71.63202667236328,77300,0.0,0.0
2022-06-16 00:00:00-04:00,70.86739169544079,72.29406304788787,70.37318602319688,71.25902557373047,75400,0.0,0.0
2022-06-17 00:00:00-04:00,71.45486059607929,71.55743241599154,66.82051096853152,66.85780334472656,144000,0.0,0.0
2022-06-21 00:00:00-04:00,66.96969676937486,70.53171601622148,66.71793412120252,70.06548309326172,52900,0.0,0.0
2022-06-22 00:00:00-04:00,69.47803757073599,69.83237205862768,68.00473971229356,68.11663818359375,60400,0.0,0.0
2022-06-23 00:00:00-04:00,68.1912269076254,69.77642316431212,68.1912269076254,68.93720245361328,48200,0.0,0.0
2022-06-24 00:00:00-04:00,69.31951640533865,70.02819253051715,68.79733774160225,69.63655853271484,114900,0.0,0.0
2022-06-27 00:00:00-04:00,70.23333106605536,70.83943532183686,69.84169709677508,70.32657623291016,39200,0.0,0.0
2022-06-28 00:00:00-04:00,70.93268245759431,70.93268245759431,69.69250107296575,69.9535903930664,50300,0.0,0.0
2022-06-29 00:00:00-04:00,70.0281813315878,70.0281813315878,68.37771996813427,68.65745544433594,44500,0.0,0.0
2022-06-30 00:00:00-04:00,68.15392460155431,70.18670041048252,67.45457522390676,69.5060043334961,62100,0.0,0.0
2022-07-01 00:00:00-04:00,69.50601549460166,70.27996397087297,68.32177970769959,69.49668884277344,55900,0.0,0.0
2022-07-05 00:00:00-04:00,69.41277216367158,70.30793868089845,67.37999597429666,69.60858917236328,70900,0.0,0.0
2022-07-06 00:00:00-04:00,69.45005959642981,70.3452259581931,68.29379682093777,68.80665588378906,52900,0.0,0.0
2022-07-07 00:00:00-04:00,69.26355497345654,70.50373613196417,68.9931390514711,70.10277557373047,50900,0.0,0.0
2022-07-08 00:00:00-04:00,70.25198388737448,70.80214251782239,69.37547069919357,69.98157501220703,68300,0.0,0.0
2022-07-11 00:00:00-04:00,69.86967777914178,71.48284709201357,69.7018336143005,70.59700012207031,59700,0.0,0.0
2022-07-12 00:00:00-04:00,70.27063076830194,72.2754338754236,70.27063076830194,71.08187866210938,62300,0.0,0.0
2022-07-13 00:00:00-04:00,70.76483912786038,72.5178725218373,70.38253179446377,71.7905502319336,55800,0.0,0.0
2022-07-14 00:00:00-04:00,71.30567699169103,72.57383133564541,70.72754550383942,72.45260620117188,42500,0.0,0.0
2022-07-15 00:00:00-04:00,73.31978887492531,73.8979202760337,72.64841942369782,73.23587036132812,61000,0.0,0.0
2022-07-18 00:00:00-04:00,73.29182266328269,74.35483328318587,72.86288917754551,73.41304779052734,63100,0.0,0.0
2022-07-19 00:00:00-04:00,74.27090220928018,75.38985832085505,73.03072099094923,73.34776306152344,69400,0.0,0.0
2022-07-20 00:00:00-04:00,73.55290178726968,73.55290178726968,71.80919524585995,72.74166107177734,58400,0.0,0.0
2022-07-21 00:00:00-04:00,72.49920368757056,72.66704778774759,70.42912882343666,71.30564880371094,43500,0.0,0.0
2022-07-22 00:00:00-04:00,71.53976208590807,72.25141615560456,70.69701478548397,71.80194854736328,46900,0.32,0.0
2022-07-25 00:00:00-04:00,72.28885736852436,72.28885736852436,71.27756786219204,71.60530090332031,40800,0.0,0.0
2022-07-26 00:00:00-04:00,71.8862214794703,72.10159301757812,70.76256314720415,72.10159301757812,47800,0.0,0.0
2022-07-27 00:00:00-04:00,72.16713311475786,72.91624336462199,71.25883925861216,72.76641845703125,51700,0.0,0.0
2022-07-28 00:00:00-04:00,72.76642696572466,73.85263624063535,71.7925863846465,73.234619140625,48900,0.0,0.0
2022-07-29 00:00:00-04:00,72.75705399510655,73.4031614192753,71.99858503215708,72.03604125976562,88500,0.0,0.0
2022-08-01 00:00:00-04:00,71.51167301997549,73.94627082077372,71.33375771325582,73.4218978881836,71000,0.0,0.0
2022-08-02 00:00:00-04:00,73.42189444062079,74.08672641866443,71.77385611609225,73.53425598144531,61900,0.0,0.0
2022-08-03 00:00:00-04:00,73.90881772865049,74.96692948227819,72.5978781974716,74.14291381835938,70500,0.0,0.0
2022-08-04 00:00:00-04:00,74.58300153363373,76.18421762775144,74.52681362475715,75.44447326660156,60100,0.0,0.0
2022-08-05 00:00:00-04:00,75.65985901694994,76.16550028372981,75.0792981428808,76.05313873291016,60400,0.0,0.0
2022-08-08 00:00:00-04:00,76.24039023296054,77.78542539688871,75.94074761251728,76.44639587402344,71600,0.0,0.0
2022-08-09 00:00:00-04:00,76.95206747718117,77.71053652748286,73.9181841319287,74.21782684326172,66900,0.0,0.0
2022-08-10 00:00:00-04:00,75.00438409066705,75.11675278315187,74.0024531341587,74.67665100097656,69800,0.0,0.0
2022-08-11 00:00:00-04:00,74.77027989124069,75.51002429571253,74.077357556234,74.72346496582031,89600,0.0,0.0
2022-08-12 00:00:00-04:00,75.18229725229274,75.772216796875,74.47064317498649,75.772216796875,66000,0.0,0.0
2022-08-15 00:00:00-04:00,75.65984954239224,75.73475485221005,74.69536777301195,75.63175201416016,51200,0.0,0.0
2022-08-16 00:00:00-04:00,75.83776590334082,78.77801216744545,75.83776590334082,77.61689758300781,70200,0.0,0.0
2022-08-17 00:00:00-04:00,77.25171076216482,77.38280400284361,75.92204666725371,76.91461181640625,63700,0.0,0.0
2022-08-18 00:00:00-04:00,77.38281219017047,79.02148501607759,77.38281219017047,78.45965576171875,78800,0.0,0.0
2022-08-19 00:00:00-04:00,78.49709650003489,80.07022238808202,78.18808797072943,79.9765853881836,56000,0.0,0.0
2022-08-22 00:00:00-04:00,80.0514947184106,80.12640717970628,79.36793815521267,79.8923110961914,58600,0.0,0.0
2022-08-23 00:00:00-04:00,80.11703762356778,80.57587106970826,78.80610533186696,79.73312377929688,65600,0.0,0.0
2022-08-24 00:00:00-04:00,80.0608641272446,80.0608641272446,78.62819717538335,79.2181167602539,81800,0.0,0.0
2022-08-25 00:00:00-04:00,78.8061050369371,79.1525626509992,77.57943676280041,78.77800750732422,81700,0.0,0.0
2022-08-26 00:00:00-04:00,78.51583453416175,78.93721182217976,77.41090059978563,77.76673126220703,76400,0.0,0.0
2022-08-29 00:00:00-04:00,77.18616074559316,77.18616074559316,74.55492305968569,75.8752212524414,60800,0.0,0.0
2022-08-30 00:00:00-04:00,76.02504104579181,76.02504104579181,73.88072021363625,74.09608459472656,63000,0.0,0.0
2022-08-31 00:00:00-04:00,74.0399015953734,74.34891010924571,72.76641845703125,72.76641845703125,93600,0.0,0.0
2022-09-01 00:00:00-04:00,72.6540519639477,75.14483754730529,71.68021861146498,74.09608459472656,77500,0.0,0.0
2022-09-02 00:00:00-04:00,74.8077484049575,74.8077484049575,72.71024937002541,73.44062805175781,53300,0.0,0.0
2022-09-06 00:00:00-04:00,73.59980337385164,75.52875985894586,73.59980337385164,74.44255065917969,46200,0.0,0.0
2022-09-07 00:00:00-04:00,74.7141024748153,75.77221413817412,74.62982417480623,75.64112091064453,48800,0.0,0.0
2022-09-08 00:00:00-04:00,75.03246179958498,75.6317471034854,72.3075875496697,73.21588134765625,66500,0.0,0.0
2022-09-09 00:00:00-04:00,73.23459877163883,75.92202367996062,73.23459877163883,75.1260986328125,60700,0.0,0.0
2022-09-12 00:00:00-04:00,75.42575568547396,75.60366383853878,73.99308175366771,74.09608459472656,79300,0.0,0.0
2022-09-13 00:00:00-04:00,73.29079340048155,74.11481612724552,71.70830884794121,72.18585968017578,96800,0.0,0.0
2022-09-14 00:00:00-04:00,72.60722835862197,72.84132439776737,69.91044455952289,70.32244873046875,92700,0.0,0.0
2022-09-15 00:00:00-04:00,70.56592306918304,70.56592306918304,68.19687187784764,68.72124481201172,103500,0.0,0.0
2022-09-16 00:00:00-04:00,68.5058744257335,70.34118667879969,67.54139265756132,68.8242416381836,218300,0.0,0.0
2022-09-19 00:00:00-04:00,68.71188175946637,70.17264621890101,68.71188175946637,69.68572235107422,68700,0.0,0.0
2022-09-20 00:00:00-04:00,69.10517474168081,69.92919047955279,68.13133406380685,69.77936553955078,81800,0.0,0.0
2022-09-21 00:00:00-04:00,70.3880047270832,70.95919971033234,68.65569523508525,68.83361053466797,70000,0.0,0.0
2022-09-22 00:00:00-04:00,68.5714246901746,68.68378623276945,67.88786101519347,68.34668731689453,92700,0.0,0.0
2022-09-23 00:00:00-04:00,67.54139574453167,68.00022918680273,66.93275167596558,67.75676727294922,73600,0.0,0.0
2022-09-26 00:00:00-04:00,67.70994295957641,68.97406741470522,67.27920706104644,68.65569305419922,52100,0.0,0.0
2022-09-27 00:00:00-04:00,68.96470093096362,69.23625321873949,67.69121778886392,67.94403839111328,60800,0.0,0.0
2022-09-28 00:00:00-04:00,68.356063917992,69.67636940363244,67.47586026089839,69.18944549560547,74000,0.0,0.0
2022-09-29 00:00:00-04:00,68.95533402576683,69.03961232124797,67.18556840515463,67.91594696044922,68200,0.0,0.0
2022-09-30 00:00:00-04:00,68.22497618348443,68.49652854951928,66.55821289351944,66.7080307006836,71800,0.0,0.0
2022-10-03 00:00:00-04:00,67.37284805542662,68.44032559426951,66.53010789405772,68.05641174316406,79900,0.0,0.0
2022-10-04 00:00:00-04:00,68.14067431858476,69.50780152185432,68.14067431858476,69.18006134033203,60000,0.0,0.0
2022-10-05 00:00:00-04:00,68.44032322463627,69.02088404694183,67.6069417914826,67.68185424804688,64600,0.0,0.0
2022-10-06 00:00:00-04:00,67.42903277134684,68.50587610248421,67.42903277134684,67.85040283203125,52400,0.0,0.0
2022-10-07 00:00:00-04:00,67.35412247852011,68.21559431347433,67.19493886328742,68.0283203125,52900,0.0,0.0
2022-10-10 00:00:00-04:00,68.34668789364514,72.18586208567879,68.13132350582417,72.04541015625,67000,0.0,0.0
2022-10-11 00:00:00-04:00,71.71766634193966,75.80030224708271,71.71766634193966,75.38829803466797,103600,0.0,0.0
2022-10-12 00:00:00-04:00,75.39766147728052,76.58687355132194,74.34891562255524,75.57557678222656,93500,0.0,0.0
2022-10-13 00:00:00-04:00,75.14484820168451,79.53649332972194,74.96693287934903,79.39603424072266,94200,0.0,0.0
2022-10-14 00:00:00-04:00,79.3772749079366,79.3772749079366,75.25719069246729,75.93138122558594,135100,0.0,0.0
2022-10-17 00:00:00-04:00,76.6992332445001,76.849051001584,75.21037865172589,76.42768096923828,92200,0.0,0.0
2022-10-18 00:00:00-04:00,77.37344733674779,77.94464244347965,76.73670560190143,77.65436553955078,93400,0.0,0.0
2022-10-19 00:00:00-04:00,77.8322648122855,79.86421700846695,77.8322648122855,79.73312377929688,87600,0.0,0.0
2022-10-20 00:00:00-04:00,79.80802840197752,80.47286032579748,78.70309476170272,78.97463989257812,53900,0.0,0.0
2022-10-21 00:00:00-04:00,79.60203666451284,83.28202749527205,79.60203666451284,82.37373352050781,73000,0.0,0.0
2022-10-24 00:00:00-04:00,82.74827839032417,83.61911602486016,81.559066397247,83.39437866210938,56200,0.0,0.0
2022-10-25 00:00:00-04:00,82.94492700263197,85.67916757572345,82.94492700263197,85.52934265136719,49800,0.0,0.0
2022-10-26 00:00:00-04:00,86.13798972472156,87.32720178594586,85.37015488476814,86.05371856689453,58100,0.0,0.0
2022-10-27 00:00:00-04:00,86.74664094830489,87.44892917304442,85.87580326386603,86.05371856689453,41900,0.0,0.0
2022-10-28 00:00:00-04:00,86.90582056412474,88.67558623747685,85.75407192923586,88.44149017333984,82100,0.0,0.0
2022-10-31 00:00:00-04:00,88.46958909376033,89.49024452031213,87.60811013471,87.71111297607422,116700,0.0,0.0
2022-11-01 00:00:00-04:00,87.36465439490847,87.36465439490847,78.62818752660864,79.16192626953125,113000,0.0,0.0
2022-11-02 00:00:00-04:00,79.11509499660784,80.09830121375664,77.78543121543153,78.10380554199219,89600,0.0,0.0
2022-11-03 00:00:00-04:00,77.45771565772841,80.98788156319196,77.1299825594566,80.46350860595703,65000,0.0,0.0
2022-11-04 00:00:00-04:00,81.11218846923313,81.629248643364,78.92174398235265,81.46002960205078,56100,0.34,0.0
2022-11-07 00:00:00-05:00,82.08988788897966,82.61634387802827,79.25077672634974,81.78905487060547,66700,0.0,0.0
2022-11-08 00:00:00-05:00,82.44712414134953,84.12991128879618,81.81725613528664,83.01119232177734,70600,0.0,0.0
2022-11-09 00:00:00-05:00,83.13340013020513,83.98889107268515,82.19329609488558,83.18980407714844,85400,0.0,0.0
2022-11-10 00:00:00-05:00,84.79740077711556,84.99482898203999,82.249719111411,83.88550567626953,82600,0.0,0.0
2022-11-11 00:00:00-05:00,84.22392839935507,84.22392839935507,77.56799638592473,78.16966247558594,83700,0.0,0.0
2022-11-14 00:00:00-05:00,78.0192392850922,80.58572670088104,78.0192392850922,79.75843048095703,51500,0.0,0.0
2022-11-15 00:00:00-05:00,80.83015295443572,82.87958016109174,80.83015295443572,82.6445541381836,50400,0.0,0.0
2022-11-16 00:00:00-05:00,81.98647483768848,82.65394786469214,80.60452071135245,80.91475677490234,59100,0.0,0.0
2022-11-17 00:00:00-05:00,80.37890287437763,82.0240850969526,79.7302287314434,80.42591094970703,62700,0.0,0.0
2022-11-18 00:00:00-05:00,81.36601618888439,81.46002516840267,80.01226393205977,80.65153503417969,46000,0.0,0.0
2022-11-21 00:00:00-05:00,80.56691702859486,80.83954807330328,79.57040899598299,79.74903106689453,46800,0.0,0.0
2022-11-22 00:00:00-05:00,79.90885174368546,81.05577993982995,79.90885174368546,80.59513092041016,41700,0.0,0.0
2022-11-23 00:00:00-05:00,81.09338309483819,82.00528523540052,79.46699981748087,79.62681579589844,32000,0.0,0.0
2022-11-25 00:00:00-05:00,80.20027979491314,81.1685858862513,79.70202576130616,80.9805679321289,16800,0.0,0.0
2022-11-28 00:00:00-05:00,80.48231185308644,81.86426601528208,80.1908818798758,80.58572387695312,40900,0.0,0.0
2022-11-29 00:00:00-05:00,81.11219147011181,81.88307664851976,80.04047322628678,80.61393737792969,62800,0.0,0.0
2022-11-30 00:00:00-05:00,80.86775449760717,82.39072577764156,79.59861535045785,81.98648071289062,72800,0.0,0.0
2022-12-01 00:00:00-05:00,82.50352192738289,82.50352192738289,80.00284206045342,81.3283920288086,50600,0.0,0.0
2022-12-02 00:00:00-05:00,81.08397542391364,82.87957762678973,80.40709935104779,82.24970245361328,61400,0.0,0.0
2022-12-05 00:00:00-05:00,81.93007598703618,82.52233900413815,79.3917905442593,79.73963165283203,53800,0.0,0.0
2022-12-06 00:00:00-05:00,79.86183834568962,80.64212644974573,79.6644173505233,80.32249450683594,45100,0.0,0.0
2022-12-07 00:00:00-05:00,80.02165958824762,81.49762266483388,79.07215248626291,79.98405456542969,76500,0.0,0.0
2022-12-08 00:00:00-05:00,79.70202827489388,82.55054268699112,79.18497529853828,81.45062255859375,43100,0.0,0.0
2022-12-09 00:00:00-05:00,80.77374624993502,81.47882435722653,80.17208017217361,80.68914031982422,83900,0.0,0.0
2022-12-12 00:00:00-05:00,80.77374423679228,81.46002339998559,80.02166524454748,80.99937438964844,45100,0.0,0.0
2022-12-13 00:00:00-05:00,82.41892577433956,82.75736382843995,79.9370514925535,80.23788452148438,94800,0.0,0.0
2022-12-14 00:00:00-05:00,80.31309554789068,81.17798962002512,78.73372033370268,78.9781494140625,82900,0.0,0.0
2022-12-15 00:00:00-05:00,78.31066864507423,78.60209859948532,76.30824246885093,76.9193115234375,74000,0.0,0.0
2022-12-16 00:00:00-05:00,76.40226730067586,77.22956361001164,75.70659218162844,76.34586334228516,136600,0.0,0.0
2022-12-19 00:00:00-05:00,76.1766295209575,77.89702164248058,76.1766295209575,77.06973266601562,43200,0.0,0.0
2022-12-20 00:00:00-05:00,77.42697572633602,79.00635093135192,76.87231056709746,78.17906188964844,50900,0.0,0.0
2022-12-21 00:00:00-05:00,78.76190690154966,80.12506191724138,78.03803002402113,79.6644058227539,61000,0.0,0.0
2022-12-22 00:00:00-05:00,79.98405716275519,79.98405716275519,77.11673683849385,77.67140197753906,61000,0.0,0.0
2022-12-23 00:00:00-05:00,77.81241229655548,79.60801454944544,77.3611663503593,79.19436645507812,43600,0.0,0.0
2022-12-27 00:00:00-05:00,79.11916764573421,80.23788669198228,78.08504735666195,78.47989654541016,42500,0.0,0.0
2022-12-28 00:00:00-05:00,78.69611739250455,78.902941452716,77.1919521897287,77.23896026611328,49700,0.0,0.0
2022-12-29 00:00:00-05:00,77.4645811694905,78.32007219175722,77.15434508751922,78.2730712890625,52300,0.0,0.0
2022-12-30 00:00:00-05:00,78.27305460140587,79.09094042369006,76.88169764013675,77.36115264892578,82200,0.0,0.0
2023-01-03 00:00:00-05:00,77.18254159897052,77.18254159897052,74.96389545198585,76.59027862548828,88900,0.0,0.0
2023-01-04 00:00:00-05:00,77.05093546257842,78.70552077892191,76.68429541697184,78.05684661865234,87500,0.0,0.0
2023-01-05 00:00:00-05:00,77.8688261963977,77.8688261963977,76.16723285724127,77.5679931640625,62900,0.0,0.0
2023-01-06 00:00:00-05:00,78.49868884478624,81.41300999016761,78.49868884478624,80.80194091796875,76200,0.0,0.0
2023-01-09 00:00:00-05:00,80.81134818623609,80.93355913808696,78.63970999399471,78.71492004394531,93400,0.0,0.0
2023-01-10 00:00:00-05:00,78.99693507429366,80.67031898531522,78.20725118602805,80.04045104980469,116300,0.0,0.0
2023-01-11 00:00:00-05:00,80.76434727545686,80.97116415416058,79.38239309057332,80.14387512207031,94200,0.0,0.0
2023-01-12 00:00:00-05:00,80.5387089911125,81.61983003945718,79.82423510609857,81.42240905761719,91100,0.0,0.0
2023-01-13 00:00:00-05:00,80.96177266036038,83.19921797408752,80.25669454193591,83.0864028930664,72800,0.0,0.0
2023-01-17 00:00:00-05:00,83.40604255520881,83.87609463708223,81.87366817794909,83.16161346435547,62400,0.0,0.0
2023-01-18 00:00:00-05:00,83.14281479517618,83.69747281074524,80.77374827861786,81.083984375,47300,0.0,0.0
2023-01-19 00:00:00-05:00,81.29080696794627,81.50702690580783,79.95586079682336,80.13447570800781,54500,0.0,0.0
2023-01-20 00:00:00-05:00,80.89595932088535,81.28139826577737,80.02166223561204,81.15918731689453,58000,0.0,0.0
2023-01-23 00:00:00-05:00,81.40361273056982,82.49413695819442,80.5669206332209,81.7984619140625,63700,0.0,0.0
2023-01-24 00:00:00-05:00,82.0993058682468,82.33433193073067,80.30370330810547,80.30370330810547,46100,0.0,0.0
2023-01-25 00:00:00-05:00,80.15328685284581,81.41302304990919,79.64562971938828,81.0745849609375,48000,0.0,0.0
2023-01-26 00:00:00-05:00,81.60104680323958,82.22151184082031,80.33190040503094,82.22151184082031,64000,0.0,0.0
2023-01-27 00:00:00-05:00,82.24969221468336,82.4471131826223,78.7619074362476,79.0909423828125,62800,0.0,0.0
2023-01-30 00:00:00-05:00,78.91234103707143,80.63272610184521,78.50809598416281,80.14387512207031,73500,0.0,0.0
2023-01-31 00:00:00-05:00,79.92764205977625,81.3566042123935,78.874730128821,81.1685791015625,113700,0.0,0.0
2023-02-01 00:00:00-05:00,81.39421513484497,82.59754724169484,79.65502397502523,81.51642608642578,83800,0.0,0.0
2023-02-02 00:00:00-05:00,81.00878228099462,81.96769264178481,80.35071216862983,81.8830795288086,87900,0.0,0.0
2023-02-03 00:00:00-05:00,81.69505090896955,83.24622416891951,81.53523492712192,82.74796295166016,55400,0.0,0.0
2023-02-06 00:00:00-05:00,82.94538296178597,82.98298081181399,80.70793074661171,81.94886779785156,68000,0.0,0.0
2023-02-07 00:00:00-05:00,81.60102291835078,81.60102291835078,79.76781597553835,80.69851684570312,80800,0.0,0.0
2023-02-08 00:00:00-05:00,80.53871991469896,80.61392996724584,79.20377375790626,79.24137878417969,49600,0.0,0.0
2023-02-09 00:00:00-05:00,79.89005413053236,79.92765198494276,78.74312591552734,78.74312591552734,52800,0.0,0.0
2023-02-10 00:00:00-05:00,79.13014220755021,80.04576111318289,78.61097462136915,79.42276000976562,77100,0.34,0.0
2023-02-13 00:00:00-05:00,79.29060369304021,80.47052339085332,78.6676026357989,80.18733978271484,78400,0.0,0.0
2023-02-14 00:00:00-05:00,80.15903143232595,80.32894017504293,77.99741745062735,78.0068588256836,47800,0.0,0.0
2023-02-15 00:00:00-05:00,77.94077395114992,79.3755531106704,77.44993053389923,79.09237670898438,48100,0.0,0.0
2023-02-16 00:00:00-05:00,78.30889976399753,79.04516841030988,78.21450764040881,78.25226593017578,47400,0.0,0.0
2023-02-17 00:00:00-05:00,78.76199977388036,79.035742000329,78.0823648946504,78.85639190673828,41300,0.0,0.0
2023-02-21 00:00:00-05:00,78.03517652067801,80.00800623071035,77.88415052658041,79.46996307373047,83900,0.0,0.0
2023-02-22 00:00:00-05:00,79.8380785705384,79.94191206760544,76.2605616123254,78.50712585449219,97500,0.0,0.0
2023-02-23 00:00:00-05:00,78.77143727217306,78.77143727217306,77.45936712556825,77.6575927734375,45300,0.0,0.0
2023-02-24 00:00:00-05:00,77.14787546159818,77.3461011137518,76.04346511151573,76.9402084350586,99600,0.0,0.0
2023-02-27 00:00:00-05:00,77.25168389166913,77.42159258299449,75.27886199951172,75.27886199951172,81200,0.0,0.0
2023-02-28 00:00:00-05:00,75.19392366395131,75.19392366395131,72.14500808913196,72.15444946289062,190600,0.0,0.0
2023-03-01 00:00:00-05:00,72.14500157382034,74.29717369031766,71.62583408885061,73.59866333007812,93800,0.0,0.0
2023-03-02 00:00:00-05:00,73.78745303376351,77.11011077991711,73.78745303376351,76.8269271850586,70700,0.0,0.0
2023-03-03 00:00:00-05:00,77.19505318325055,77.20449455583288,75.53372448996448,75.63755798339844,73200,0.0,0.0
2023-03-06 00:00:00-05:00,75.9962588677013,77.35552126489533,75.864108456886,77.13842010498047,94000,0.0,0.0
2023-03-07 00:00:00-05:00,77.0912203165246,77.95963935807089,75.7791503815461,76.5343017578125,74300,0.0,0.0
2023-03-08 00:00:00-05:00,76.41160285661857,77.36498006511091,75.76972620164237,77.280029296875,67800,0.0,0.0
2023-03-09 00:00:00-05:00,77.4782477551885,79.26228573888326,77.0723550963678,77.55376434326172,70900,0.0,0.0
2023-03-10 00:00:00-05:00,77.47823845920402,78.12011497749629,76.92131269105789,77.66702270507812,120500,0.0,0.0
2023-03-13 00:00:00-04:00,77.05346280104779,78.62984077470409,75.59036689712305,76.14728546142578,85600,0.0,0.0
2023-03-14 00:00:00-04:00,77.14786356615579,77.75198180385352,76.19448654661572,76.96851348876953,87300,0.0,0.0
2023-03-15 00:00:00-04:00,76.24168454948313,77.94077171753993,75.78859943910662,77.74254608154297,85800,0.0,0.0
2023-03-16 00:00:00-04:00,77.25168131657482,78.76198394541471,76.47765446003986,78.2900161743164,91200,0.0,0.0
2023-03-17 00:00:00-04:00,77.74254268699782,77.90301002318046,76.38327301190343,77.71422576904297,166000,0.0,0.0
2023-03-20 00:00:00-04:00,78.09180576348098,79.34723480552388,77.85582183203304,77.97853088378906,84000,0.0,0.0
2023-03-21 00:00:00-04:00,78.54489514765473,78.76200354511569,76.80805677460087,77.9502182006836,96500,0.0,0.0
2023-03-22 00:00:00-04:00,78.02573948446579,78.6204164672065,76.33609347763996,76.36441040039062,80800,0.0,0.0
2023-03-23 00:00:00-04:00,76.80805202926533,77.74254637438769,76.16617545243246,76.49655151367188,54400,0.0,0.0
2023-03-24 00:00:00-04:00,76.45879461296146,78.42218267216138,76.12841854570621,77.90301513671875,60000,0.0,0.0
2023-03-27 00:00:00-04:00,78.47879983580935,79.75311136824831,78.30889115137371,79.2433853149414,52700,0.0,0.0
2023-03-28 00:00:00-04:00,79.35667682596296,80.72538075885203,79.35667682596296,80.35724639892578,63200,0.0,0.0
2023-03-29 00:00:00-04:00,80.9708102914624,81.3200691236745,79.10182147455924,79.12069702148438,58700,0.0,0.0
2023-03-30 00:00:00-04:00,79.33779651327275,80.01742415115547,78.6392789272686,79.23396301269531,43900,0.0,0.0
2023-03-31 00:00:00-04:00,79.42274989499397,80.33836868401931,79.13013213004449,79.92303466796875,145100,0.0,0.0
2023-04-03 00:00:00-04:00,79.76255955501615,81.57491420940696,79.65872606111965,81.16902160644531,90600,0.0,0.0
2023-04-04 00:00:00-04:00,81.58436228733349,81.76371237365112,79.77200748398785,80.32892608642578,89400,0.0,0.0
2023-04-05 00:00:00-04:00,80.49883002994893,80.74425531221243,79.10180931909568,79.80976104736328,48300,0.0,0.0
2023-04-06 00:00:00-04:00,79.92303075083133,79.99854733216806,79.11124550560534,79.3094711303711,46600,0.0,0.0
2023-04-10 00:00:00-04:00,78.98854579038694,80.57435817744823,78.98854579038694,80.11183166503906,73900,0.0,0.0
2023-04-11 00:00:00-04:00,80.11183590157438,81.41446474489554,80.11183590157438,80.37613677978516,67500,0.0,0.0
2023-04-12 00:00:00-04:00,80.5743526484557,80.66874477896799,79.8475181200295,80.23453521728516,56300,0.0,0.0
2023-04-13 00:00:00-04:00,80.33836699776387,80.33836699776387,78.66759679674378,80.05518341064453,60900,0.0,0.0
2023-04-14 00:00:00-04:00,80.28173866055117,81.15959919876795,78.84695228329062,79.63986206054688,57000,0.0,0.0
2023-04-17 00:00:00-04:00,79.61153128723886,80.87640883524297,79.61153128723886,80.4799575805664,44100,0.0,0.0
2023-04-18 00:00:00-04:00,80.69705908183307,80.69705908183307,79.38498906577207,79.83808135986328,50100,0.0,0.0
2023-04-19 00:00:00-04:00,79.91360598517797,80.41389079251623,78.97910438487524,79.48883056640625,44600,0.0,0.0
2023-04-20 00:00:00-04:00,79.20563876010364,80.46106762069485,79.20563876010364,80.44219207763672,38000,0.0,0.0
2023-04-21 00:00:00-04:00,80.75370159022555,81.31062019349574,80.29116791446867,81.24454498291016,44700,0.0,0.0
2023-04-24 00:00:00-04:00,81.19734150777393,81.81090112108528,80.75369780131925,81.25398254394531,49400,0.0,0.0
2023-04-25 00:00:00-04:00,81.1312745988216,81.1312745988216,79.05461883544922,79.05461883544922,57000,0.0,0.0
2023-04-26 00:00:00-04:00,78.7903154021941,79.32835847248957,78.23338958464166,78.65816497802734,61400,0.0,0.0
2023-04-27 00:00:00-04:00,78.79975085962678,79.26227730948445,77.54431472264139,78.8186264038086,83000,0.0,0.0
2023-04-28 00:00:00-04:00,78.67703486768887,79.06405194039674,77.66702401178898,77.86524963378906,57000,0.0,0.0
2023-05-01 00:00:00-04:00,77.79919935069614,78.6487431469027,77.69536581995646,78.31836700439453,46100,0.0,0.0
2023-05-02 00:00:00-04:00,78.11068681730735,78.32779521827858,76.35496566739592,77.54432678222656,72200,0.0,0.0
2023-05-03 00:00:00-04:00,77.43104585879423,77.89357234452942,76.09065886653258,76.49655151367188,58800,0.0,0.0
2023-05-04 00:00:00-04:00,75.9584915633832,75.9584915633832,73.81575392497234,75.0711898803711,83900,0.0,0.0
2023-05-05 00:00:00-04:00,75.32717356769528,75.94336760649833,74.55930511327036,74.73941802978516,61300,0.34,0.0
2023-05-08 00:00:00-04:00,74.55930521858389,74.55930521858389,72.65384609769751,73.58287811279297,52900,0.0,0.0
2023-05-09 00:00:00-04:00,73.04251872893718,73.04251872893718,69.01356749853355,70.68202209472656,107700,0.0,0.0
2023-05-10 00:00:00-04:00,70.65358548517945,70.65358548517945,63.59107367962215,67.78118133544922,396400,0.0,0.0
2023-05-11 00:00:00-04:00,67.57261809390755,67.57261809390755,64.99408825595646,65.49652099609375,158800,0.0,0.0
2023-05-12 00:00:00-04:00,66.0937537419448,66.31178702811106,65.64819802772112,66.06531524658203,125700,0.0,0.0
2023-05-15 00:00:00-04:00,66.02739849207269,66.02739849207269,64.86136948969477,65.26900482177734,120000,0.0,0.0
2023-05-16 00:00:00-04:00,65.17420642894508,65.17420642894508,62.282838741611606,63.42042922973633,182300,0.0,0.0
2023-05-17 00:00:00-04:00,63.29718631639594,63.91338026215033,61.98896484481702,62.37764358520508,213100,0.0,0.0
2023-05-18 00:00:00-04:00,62.074290131311706,62.44400506752067,60.585944860069525,60.80398178100586,162000,0.0,0.0
2023-05-19 00:00:00-04:00,61.6002871855593,62.349191629794795,60.68073731361736,61.67612075805664,227300,0.0,0.0
2023-05-22 00:00:00-04:00,61.676132859927,62.35868577437189,60.60490840022129,62.036373138427734,120200,0.0,0.0
2023-05-23 00:00:00-04:00,61.856246574341355,62.643078726354744,61.1452552344064,62.34919738769531,101800,0.0,0.0
2023-05-24 00:00:00-04:00,62.55775927250907,62.94643803028135,61.325378558458226,61.38225555419922,91700,0.0,0.0
2023-05-25 00:00:00-04:00,60.66178851797743,60.86086162800638,59.078645769124854,59.230323791503906,105100,0.0,0.0
2023-05-26 00:00:00-04:00,58.96488445184837,58.96488445184837,57.23954569957538,57.637699127197266,170300,0.0,0.0
2023-05-30 00:00:00-04:00,57.41018223187227,57.41018223187227,55.99767784041265,56.7181510925293,131300,0.0,0.0
2023-05-31 00:00:00-04:00,56.87930731146881,57.17318503444209,55.89339845016067,56.443233489990234,224700,0.0,0.0
2023-06-01 00:00:00-04:00,56.500118388092766,57.741984740012974,55.69432953495391,57.32487106323242,186700,0.0,0.0
2023-06-02 00:00:00-04:00,57.647190304018764,59.75172261857743,57.63770839252883,59.656925201416016,196600,0.0,0.0
2023-06-05 00:00:00-04:00,59.628470215276714,59.86546730895223,58.53828213785385,58.633079528808594,141200,0.0,0.0
2023-06-06 00:00:00-04:00,58.86060406085422,61.60029376817503,58.83216556405662,61.42017364501953,160200,0.0,0.0
2023-06-07 00:00:00-04:00,61.069417557709336,63.59107044444758,60.98410206417434,63.496273040771484,182700,0.0,0.0
2023-06-08 00:00:00-04:00,63.278235256832154,63.85650884677429,62.102731488419,62.47244644165039,191500,0.0,0.0
2023-06-09 00:00:00-04:00,62.368156830488836,63.43938110375922,62.30179793272124,62.75682830810547,98100,0.0,0.0
2023-06-12 00:00:00-04:00,62.78527719788742,63.45834811845827,62.39659846811364,63.13602828979492,117400,0.0,0.0
2023-06-13 00:00:00-04:00,63.45834649411329,65.26900059668064,63.45834649411329,64.63385009765625,137600,0.0,0.0
2023-06-14 00:00:00-04:00,64.53904976931494,65.38275883744512,64.53904976931494,65.05096435546875,123200,0.0,0.0
2023-06-15 00:00:00-04:00,64.75708430530233,65.41119860578495,64.1693361350854,64.29257202148438,114500,0.0,0.0
2023-06-16 00:00:00-04:00,64.66228963767036,64.66228963767036,61.98896256697148,63.297183990478516,213800,0.0,0.0
2023-06-20 00:00:00-04:00,63.29719389127357,63.695354589035674,61.47705756536825,61.79937744140625,131900,0.0,0.0
2023-06-21 00:00:00-04:00,61.42966484225409,61.93209764851501,60.680752972185864,61.26850128173828,136000,0.0,0.0
2023-06-22 00:00:00-04:00,61.30641152796247,61.30641152796247,60.510104698972434,61.22109603881836,114300,0.0,0.0
2023-06-23 00:00:00-04:00,60.88931162367057,62.889560937488824,60.870347801219715,61.26850128173828,219500,0.0,0.0
2023-06-26 00:00:00-04:00,61.19265713040822,61.76144875193953,59.16395881669164,60.092987060546875,240100,0.0,0.0
2023-06-27 00:00:00-04:00,60.187790472692015,61.52445409119922,60.187790472692015,60.57646560668945,114800,0.0,0.0
2023-06-28 00:00:00-04:00,60.20674807338951,60.377386292776414,59.353560592744145,60.00767135620117,92700,0.0,0.0
2023-06-29 00:00:00-04:00,60.06455217559517,60.870340957258804,59.533677311636474,60.58594512939453,126400,0.0,0.0
2023-06-30 00:00:00-04:00,60.965135839879395,61.514970885128946,60.462703110887844,60.870338439941406,178200,0.0,0.0
2023-07-03 00:00:00-04:00,60.58594394395024,61.99844837805308,60.56698374029171,61.97948455810547,63600,0.0,0.0
2023-07-05 00:00:00-04:00,61.61924808890158,61.61924808890158,61.03149265724868,61.24005126953125,78300,0.0,0.0
2023-07-06 00:00:00-04:00,60.58594723929163,61.22110143938718,60.51011003682174,60.79450225830078,98400,0.0,0.0
2023-07-07 00:00:00-04:00,60.9841043051987,61.78989311492382,60.690222940651566,60.79450225830078,94800,0.0,0.0
2023-07-10 00:00:00-04:00,60.77554074434317,61.78988810715889,60.77554074434317,61.638206481933594,106500,0.0,0.0
2023-07-11 00:00:00-04:00,61.98896616819355,63.76170723065414,61.98896616819355,63.48678970336914,100800,0.0,0.0
2023-07-12 00:00:00-04:00,64.0650602561986,64.0650602561986,61.78040465324851,62.06480407714844,97800,0.0,0.0
2023-07-13 00:00:00-04:00,62.23544339436209,62.40608160522823,61.15473713640252,61.22109603881836,57500,0.0,0.0
2023-07-14 00:00:00-04:00,60.927212440385006,60.927212440385006,59.92234703176516,60.24466323852539,93700,0.0,0.0
2023-07-17 00:00:00-04:00,60.15934818409408,60.75657832386992,59.069163599852324,59.201881408691406,103900,0.0,0.0
2023-07-18 00:00:00-04:00,59.07864251551903,60.10247182240981,58.83216709883556,59.618995666503906,87800,0.0,0.0
2023-07-19 00:00:00-04:00,59.73275961656279,60.633349502609825,59.72328132180606,60.43427276611328,94000,0.0,0.0
2023-07-20 00:00:00-04:00,60.67127014963669,61.562381744384766,60.05507611566364,61.562381744384766,64100,0.0,0.0
2023-07-21 00:00:00-04:00,61.71405178122557,62.12168713793161,61.363300654403545,61.998451232910156,101200,0.0,0.0
2023-07-24 00:00:00-04:00,62.1690924152287,64.67178167184109,61.45810098476884,63.75223159790039,142800,0.0,0.0
2023-07-25 00:00:00-04:00,63.55315406016894,64.25466357088031,62.529324677458035,63.58159255981445,114100,0.0,0.0
2023-07-26 00:00:00-04:00,63.67638404328439,64.5106185289992,63.505745828713465,63.7048225402832,85800,0.0,0.0
2023-07-27 00:00:00-04:00,64.12195489719369,64.12195489719369,62.15961858337881,62.51985168457031,88300,0.0,0.0
2023-07-28 00:00:00-04:00,63.21187414154044,63.21187414154044,62.57672357560461,62.813720703125,56200,0.0,0.0
2023-07-31 00:00:00-04:00,63.04123852428135,63.47731238902107,62.349203701003496,62.889556884765625,96000,0.0,0.0
2023-08-01 00:00:00-04:00,62.927468875185575,63.21186829493666,61.8372879754877,61.865726470947266,71600,0.0,0.0
2023-08-02 00:00:00-04:00,61.38225056636727,62.737874304472,61.19265577425128,61.95104217529297,90200,0.0,0.0
2023-08-03 00:00:00-04:00,62.07429598205315,63.24031789612863,61.72353760043994,62.30181121826172,79500,0.0,0.0
2023-08-04 00:00:00-04:00,62.28274368298457,62.749671636922415,61.644290135940366,61.91110610961914,104700,0.34,0.0
2023-08-07 00:00:00-04:00,61.81581080015789,62.559085887623645,61.29170284351437,61.453697204589844,92000,0.0,0.0
2023-08-08 00:00:00-04:00,66.62805599058882,68.0574336593982,62.85449981735494,66.38030242919922,211400,0.0,0.0
2023-08-09 00:00:00-04:00,65.84665843616851,66.30406245628666,64.46492969676561,64.95092010498047,91500,0.0,0.0
2023-08-10 00:00:00-04:00,65.20820096902746,66.1420641220927,64.73174180873066,65.92288970947266,86100,0.0,0.0
2023-08-11 00:00:00-04:00,66.0277132831145,67.33321403868061,66.0277132831145,67.13309478759766,70700,0.0,0.0
2023-08-14 00:00:00-04:00,66.80912216582718,66.80912216582718,65.0462242484379,66.07537078857422,65400,0.0,0.0
2023-08-15 00:00:00-04:00,66.02770195993278,66.6471002346789,65.44642128503754,66.1611099243164,77600,0.0,0.0
2023-08-16 00:00:00-04:00,66.27547826589623,66.64711586385755,65.73231506347656,65.73231506347656,81400,0.0,0.0
2023-08-17 00:00:00-04:00,65.98004963085036,66.69473823209064,65.02713149586332,65.41783142089844,89200,0.0,0.0
2023-08-18 00:00:00-04:00,65.4845463860232,67.72390292490674,65.4845463860232,67.01874542236328,82300,0.0,0.0
2023-08-21 00:00:00-04:00,66.8281653126884,67.25698295825457,65.10338532126511,65.30349731445312,129600,0.0,0.0
2023-08-22 00:00:00-04:00,65.27491130238931,65.27491130238931,62.75920727322633,63.11178970336914,88800,0.0,0.0
2023-08-23 00:00:00-04:00,63.02602151562581,63.9503535139685,62.568624761309835,63.35001754760742,81800,0.0,0.0
2023-08-24 00:00:00-04:00,63.01649139108109,63.75024263290686,62.39710024510693,62.52097702026367,102700,0.0,0.0
2023-08-25 00:00:00-04:00,62.54956776491002,62.7782661619678,61.89205169440409,62.68297576904297,79900,0.0,0.0
2023-08-28 00:00:00-04:00,62.77826023259038,63.36907224522792,62.51144424952513,62.692501068115234,44700,0.0,0.0
2023-08-29 00:00:00-04:00,62.88308840661454,62.88308840661454,61.60618113418108,61.69194030761719,59800,0.0,0.0
2023-08-30 00:00:00-04:00,61.55851744445936,63.16895161207256,61.510875894112786,63.0260124206543,95100,0.0,0.0
2023-08-31 00:00:00-04:00,62.61627061134314,63.235669059209464,61.272659374461306,61.81582260131836,148800,0.0,0.0
2023-09-01 00:00:00-04:00,62.0159266390444,62.13027218568193,60.59607672841092,61.09159469604492,58400,0.0,0.0
2023-09-05 00:00:00-04:00,60.91054023568432,60.91054023568432,59.042821109955725,59.0714111328125,90700,0.0,0.0
2023-09-06 00:00:00-04:00,59.37634217504677,59.98620932179788,59.2429305559869,59.75750732421875,69400,0.0,0.0
2023-09-07 00:00:00-04:00,59.98621186023447,60.958189029660815,59.61457427914986,60.83430862426758,81700,0.0,0.0
2023-09-08 00:00:00-04:00,60.786658297926685,61.16782706612358,60.36737192589115,60.69136428833008,71900,0.0,0.0
2023-09-11 00:00:00-04:00,61.063011675547045,61.063011675547045,59.84327367447982,60.253028869628906,51700,0.0,0.0
2023-09-12 00:00:00-04:00,60.57702506628341,60.958193897116224,60.310209065757675,60.434085845947266,68600,0.0,0.0
2023-09-13 00:00:00-04:00,60.83430832001895,60.83430832001895,59.96715275679337,60.176795959472656,74200,0.0,0.0
2023-09-14 00:00:00-04:00,60.40550315145245,61.69194167279899,60.40550315145245,61.587120056152344,81000,0.0,0.0
2023-09-15 00:00:00-04:00,61.35841198553825,61.996865535303485,61.0534784042929,61.234535217285156,227200,0.0,0.0
2023-09-18 00:00:00-04:00,61.558526782843785,61.558526782843785,60.34832362165263,60.4150276184082,68200,0.0,0.0
2023-09-19 00:00:00-04:00,60.54842991030354,60.54842991030354,59.71938836853169,60.04338073730469,59500,0.0,0.0
2023-09-20 00:00:00-04:00,60.02433316965083,60.05291955916055,58.89035791782789,59.138118743896484,67700,0.0,0.0
2023-09-21 00:00:00-04:00,59.01423569980162,60.42455446923062,58.28048810930431,60.253028869628906,96800,0.0,0.0
2023-09-22 00:00:00-04:00,60.12914557737747,61.08206391384998,59.9195060152181,60.52937316894531,76200,0.0,0.0
2023-09-25 00:00:00-04:00,60.19585103705427,61.43464781273313,60.07197426756243,60.967716217041016,59100,0.0,0.0
2023-09-26 00:00:00-04:00,60.69137304281393,60.69137304281393,59.576460232922756,59.74798583984375,75300,0.0,0.0
2023-09-27 00:00:00-04:00,59.86232588796805,60.27208103800634,58.62353285452204,59.06187438964844,111900,0.0,0.0
2023-09-28 00:00:00-04:00,59.17623390814892,59.39540834911504,58.442489905279494,58.918949127197266,96100,0.0,0.0
2023-09-29 00:00:00-04:00,59.20482126202541,60.11962205440911,58.461542437505344,60.03385925292969,86300,0.0,0.0
2023-10-02 00:00:00-04:00,59.814683586127394,59.814683586127394,58.785530052180206,59.2143440246582,95900,0.0,0.0
2023-10-03 00:00:00-04:00,58.91894735325467,60.47220175267226,58.91894735325467,60.31020736694336,87100,0.0,0.0
2023-10-04 00:00:00-04:00,60.186326694883064,61.88252393837087,60.186326694883064,61.77770233154297,96400,0.0,0.0
2023-10-05 00:00:00-04:00,61.60617454329602,63.006965721084995,61.510884159609,62.397098541259766,100200,0.0,0.0
2023-10-06 00:00:00-04:00,62.17792239969741,62.17792239969741,60.157736513503195,60.805721282958984,59200,0.0,0.0
2023-10-09 00:00:00-04:00,60.500792213024994,61.58711499740887,60.253031387648335,61.082069396972656,65200,0.0,0.0
2023-10-10 00:00:00-04:00,61.09159594498892,62.368503043145466,61.09159594498892,61.84440231323242,72600,0.0,0.0
2023-10-11 00:00:00-04:00,61.93968736498476,62.206503316557466,61.339351473946174,61.52040100097656,58100,0.0,0.0
2023-10-12 00:00:00-04:00,61.93969473131096,61.93969473131096,60.50078957622544,61.043949127197266,65400,0.0,0.0
2023-10-13 00:00:00-04:00,61.272648904894744,61.38699444667976,59.38586749335656,59.58597946166992,87400,0.0,0.0
2023-10-16 00:00:00-04:00,59.986211610072814,61.49182073166175,59.986211610072814,61.32982635498047,81000,0.0,0.0
2023-10-17 00:00:00-04:00,61.25358314456734,63.68352755831949,61.25358314456734,63.17848205566406,92900,0.0,0.0
2023-10-18 00:00:00-04:00,63.10225686292261,63.47389445290025,62.48285845622975,62.60673522949219,55000,0.0,0.0
2023-10-19 00:00:00-04:00,62.73061643764718,63.47389158400792,62.01592767842492,62.27321243286133,77500,0.0,0.0
2023-10-20 00:00:00-04:00,62.67343390661489,63.14989306052623,62.11121559469057,62.16838836669922,61800,0.0,0.0
2023-10-23 00:00:00-04:00,62.16839225902397,62.84496342751502,61.35841310070033,61.55852508544922,51100,0.0,0.0
2023-10-24 00:00:00-04:00,62.130276365061576,62.130276365061576,60.291147209392776,60.4150276184082,52900,0.0,0.0
2023-10-25 00:00:00-04:00,60.29114977075808,62.09216866495721,60.29114977075808,61.853939056396484,83100,0.0,0.0
2023-10-26 00:00:00-04:00,62.19698158455744,63.350019261442064,61.59664560195522,62.320865631103516,81300,0.0,0.0
2023-10-27 00:00:00-04:00,62.397099290938144,63.264251244155865,62.32086407499649,62.60673522949219,89300,0.0,0.0
2023-10-30 00:00:00-04:00,63.321414753401875,63.83599148040996,62.39709015860567,62.41614532470703,126200,0.0,0.0
2023-10-31 00:00:00-04:00,62.101692402681884,62.70203566712674,61.882525234861276,62.03498840332031,94600,0.0,0.0
2023-11-01 00:00:00-04:00,62.216045231669156,62.216045231669156,61.2917131903797,62.03498840332031,96100,0.0,0.0
2023-11-02 00:00:00-04:00,62.38755931045975,63.51200314202997,61.73004338812948,63.502471923828125,77500,0.0,0.0
2023-11-03 00:00:00-04:00,64.66142614860031,65.58091819332118,64.31661571839585,64.39324188232422,60000,0.34,0.0
2023-11-06 00:00:00-05:00,64.09630854869323,64.24956085556856,63.52162701285516,63.85685729980469,55500,0.0,0.0
2023-11-07 00:00:00-05:00,61.47193456249604,63.03315431978353,58.93374946410479,61.32826232910156,78600,0.0,0.0
2023-11-08 00:00:00-05:00,61.03134348493519,61.05050002580535,57.88974020322506,58.11003494262695,93200,0.0,0.0
2023-11-09 00:00:00-05:00,58.78049426850741,59.872391429263544,58.07172058515945,59.843658447265625,108000,0.0,0.0
2023-11-10 00:00:00-05:00,59.824508384766645,59.824508384766645,58.98164248919601,59.086997985839844,74700,0.0,0.0
2023-11-13 00:00:00-05:00,58.550631988520784,59.00079794097914,58.01425976951668,58.799659729003906,54500,0.0,0.0
2023-11-14 00:00:00-05:00,60.21720953694058,61.740119891303486,60.21720953694058,61.39530944824219,89400,0.0,0.0
2023-11-15 00:00:00-05:00,61.22290241921543,62.33395988238286,60.801469475547414,60.964298248291016,83300,0.0,0.0
2023-11-16 00:00:00-05:00,60.25552404881207,60.26510049301892,58.541051890577116,58.799659729003906,82600,0.0,0.0
2023-11-17 00:00:00-05:00,59.27855672297571,59.288136820014586,58.5793594423333,58.7613410949707,113500,0.0,0.0
2023-11-20 00:00:00-05:00,58.809237333287804,59.096578145887996,58.157929542734486,58.39738082885742,65100,0.0,0.0
2023-11-21 00:00:00-05:00,58.28243539821472,58.66555887686427,57.70775383397668,58.56019973754883,66300,0.0,0.0
2023-11-22 00:00:00-05:00,59.08699172096018,59.37433615652646,58.74218497500593,59.02952575683594,70500,0.0,0.0
2023-11-24 00:00:00-05:00,59.02953378867846,59.6233719724258,59.02953378867846,59.470123291015625,49100,0.0,0.0
2023-11-27 00:00:00-05:00,59.403074065988086,60.14058444789352,59.221092408272426,59.26898193359375,91800,0.0,0.0
2023-11-28 00:00:00-05:00,59.09658134208866,59.422235254978105,58.32075781774523,58.77092742919922,139900,0.0,0.0
2023-11-29 00:00:00-05:00,59.29771541179014,59.48927716840708,57.98552340762952,58.03341293334961,60300,0.0,0.0
2023-11-30 00:00:00-05:00,57.947207685777656,58.39737724525953,57.55450774678383,57.80353546142578,100100,0.0,0.0
2023-12-01 00:00:00-05:00,57.80353287677093,58.83796407688293,57.66944075536448,58.56019973754883,71100,0.0,0.0
2023-12-04 00:00:00-05:00,58.28244328895322,59.79577721539613,58.05257209363073,59.64252853393555,76200,0.0,0.0
2023-12-05 00:00:00-05:00,59.67126140042973,60.140587541689904,58.55063110456885,58.608097076416016,71600,0.0,0.0
2023-12-06 00:00:00-05:00,58.761343543464946,59.479697394381326,58.68472103264358,58.943328857421875,66600,0.0,0.0
2023-12-07 00:00:00-05:00,59.086996538384135,60.78231203925918,58.665563600922674,60.772735595703125,102100,0.0,0.0
2023-12-08 00:00:00-05:00,60.744001450771385,61.53898148680703,59.90113554125342,59.96818161010742,74300,0.0,0.0
2023-12-11 00:00:00-05:00,59.968180316768816,61.48151418966207,59.59463689728511,60.54286193847656,90200,0.0,0.0
2023-12-12 00:00:00-05:00,60.52371015356613,60.52371015356613,59.27856410619063,59.35519027709961,78600,0.0,0.0
2023-12-13 00:00:00-05:00,59.38391881569151,62.1328222044631,59.058264921197924,61.96998977661133,121000,0.0,0.0
2023-12-14 00:00:00-05:00,62.621297593661446,64.26872360815979,61.816744781449685,62.26691436767578,113600,0.0,0.0
2023-12-15 00:00:00-05:00,62.50636164321848,62.50636164321848,61.38572414457072,61.404884338378906,220400,0.0,0.0
2023-12-18 00:00:00-05:00,61.19417016890314,61.72096592198209,60.10227288749708,61.15585708618164,94600,0.0,0.0
2023-12-19 00:00:00-05:00,61.481510498665955,61.989146022490175,61.29952519485243,61.404884338378906,117800,0.0,0.0
2023-12-20 00:00:00-05:00,61.71138351185376,63.05231212696279,61.155854794419966,61.96041488647461,82700,0.0,0.0
2023-12-21 00:00:00-05:00,62.12324076865538,62.54467736053099,61.548559157217014,62.324378967285156,57600,0.0,0.0
2023-12-22 00:00:00-05:00,62.362685761170425,63.18639866725267,61.9508293081293,62.14238739013672,72800,0.0,0.0
2023-12-26 00:00:00-05:00,62.16155905420088,62.63088155695917,62.07535278615823,62.61172866821289,42600,0.0,0.0
2023-12-27 00:00:00-05:00,62.60214364287273,62.621296530111536,62.00830183384501,62.075347900390625,49100,0.0,0.0
2023-12-28 00:00:00-05:00,61.86462532298005,62.142389667299966,61.53897511013974,61.58686828613281,53600,0.0,0.0
2023-12-29 00:00:00-05:00,61.65392265981964,62.0466189875074,60.744003345590635,61.2612190246582,92500,0.0,0.0
2024-01-02 00:00:00-05:00,60.97387869353671,62.99484459002353,60.97387869353671,62.90864562988281,90700,0.0,0.0
2024-01-03 00:00:00-05:00,63.148085744718244,65.34146013421982,62.54467120818514,63.99095153808594,153900,0.0,0.0
2024-01-04 00:00:00-05:00,64.24955407984399,64.24955407984399,61.969973754046165,63.53120040893555,94800,0.0,0.0
2024-01-05 00:00:00-05:00,63.18640503817929,63.81855261851955,62.26691299838326,62.324378967285156,107900,0.0,0.0
2024-01-08 00:00:00-05:00,62.73623195942791,62.73623195942791,61.76884679457185,62.24774932861328,150100,0.0,0.0
2024-01-09 00:00:00-05:00,61.989149525791206,62.01788251065447,60.245944471844716,61.35699462890625,84500,0.0,0.0
2024-01-10 00:00:00-05:00,60.93556327970016,61.21332765310431,60.12143035488026,60.48539733886719,69100,0.0,0.0
2024-01-11 00:00:00-05:00,60.19804631194731,60.19804631194731,59.51800559904063,59.73830032348633,92500,0.0,0.0
2024-01-12 00:00:00-05:00,60.52369690135478,60.52369690135478,59.134882568223816,59.36475372314453,82300,0.0,0.0
2024-01-16 00:00:00-05:00,59.3934890632215,59.69040994166877,56.998976457558484,57.05644607543945,137800,0.0,0.0
2024-01-17 00:00:00-05:00,56.663748724769654,57.86100508191382,56.4147210101277,57.80353546142578,129700,0.0,0.0
2024-01-18 00:00:00-05:00,58.014248422148135,58.33032582520294,57.13306957800039,57.468299865722656,78700,0.0,0.0
2024-01-19 00:00:00-05:00,57.611984779237034,57.74607692389073,56.558396857160865,57.583248138427734,110700,0.0,0.0
2024-01-22 00:00:00-05:00,58.0813010620612,58.91459048150497,57.851429882639174,58.90501403808594,70400,0.0,0.0
2024-01-23 00:00:00-05:00,59.249832426286034,59.27856541414241,57.7843915858184,57.91848373413086,87100,0.0,0.0
2024-01-24 00:00:00-05:00,58.47400334047369,58.73261116793486,58.16750598653527,58.39738082885742,57600,0.0,0.0
2024-01-25 00:00:00-05:00,59.106148041837415,59.49884796142578,58.349481184616614,59.49884796142578,70800,0.0,0.0
2024-01-26 00:00:00-05:00,59.738300281186824,59.86281596143277,58.33990577722447,58.876277923583984,65600,0.0,0.0
2024-01-29 00:00:00-05:00,59.201933805884586,59.201933805884586,58.090880049930405,58.49315643310547,121000,0.0,0.0
2024-01-30 00:00:00-05:00,58.186665157434724,58.89544260403369,57.659873034904905,58.67514419555664,48100,0.0,0.0
2024-01-31 00:00:00-05:00,58.62725408641677,59.51801319452819,57.73649497830535,58.18666458129883,123800,0.0,0.0
2024-02-01 00:00:00-05:00,58.215401174203606,58.25371426060586,56.85531949055699,57.44915771484375,110500,0.0,0.0
2024-02-02 00:00:00-05:00,57.05645031960319,58.14834756440887,56.96067126974662,57.497039794921875,91700,0.0,0.0
2024-02-05 00:00:00-05:00,57.05645228786847,57.334216657265664,56.385987954533974,56.89362716674805,106500,0.0,0.0
2024-02-06 00:00:00-05:00,56.9127822055826,57.63113609264979,56.62544138150309,57.54493713378906,102300,0.0,0.0
2024-02-07 00:00:00-05:00,57.52578179035541,57.832279162924976,57.20012787528314,57.3150634765625,80300,0.0,0.0
2024-02-08 00:00:00-05:00,57.19054564471177,58.26329006244295,57.19054564471177,58.215396881103516,83300,0.0,0.0
2024-02-09 00:00:00-05:00,58.234550994382296,58.378223224935645,56.87446946775343,57.17138671875,136300,0.0,0.0
2024-02-12 00:00:00-05:00,56.92235740237878,59.22109110456312,56.92235740237878,58.809234619140625,105000,0.0,0.0
2024-02-13 00:00:00-05:00,58.07172936600307,58.090885908143704,56.69248756177186,56.90320587158203,184900,0.0,0.0
2024-02-14 00:00:00-05:00,57.60239890881437,58.35906582494951,56.84573199267923,58.31117630004883,123100,0.0,0.0
2024-02-15 00:00:00-05:00,58.56160139104352,59.5440497623558,58.56160139104352,59.4380989074707,104100,0.34,0.0
2024-02-16 00:00:00-05:00,59.39957179920615,60.20864672796323,58.9757720457644,59.727054595947266,85800,0.0,0.0
2024-02-20 00:00:00-05:00,59.67889733585957,60.7191381258922,59.35141453243334,59.54405212402344,89300,0.0,0.0
2024-02-21 00:00:00-05:00,59.70779639958662,59.70779639958662,58.93724601984698,59.3225212097168,56300,0.0,0.0
2024-02-22 00:00:00-05:00,58.8216638235858,59.081724020706375,57.38652130060426,58.08964538574219,111200,0.0,0.0
2024-02-23 00:00:00-05:00,58.17633636224099,59.36105267493651,57.954800727814224,59.16841506958008,57100,0.0,0.0
2024-02-26 00:00:00-05:00,58.98540582830035,59.16840951536899,58.19559135305414,58.272647857666016,89400,0.0,0.0
2024-02-27 00:00:00-05:00,58.6193930881457,58.638657213742704,57.74289558189148,57.848846435546875,102900,0.0,0.0
2024-02-28 00:00:00-05:00,57.85847993961015,59.861905024141976,57.5021027815131,59.149147033691406,222600,0.0,0.0
2024-02-29 00:00:00-05:00,59.50552824827615,63.281209154465074,59.50552824827615,62.5491943359375,301200,0.0,0.0
2024-03-01 00:00:00-05:00,62.15428237014877,63.77243230545192,61.48005629231959,61.87495803833008,180500,0.0,0.0
2024-03-04 00:00:00-05:00,61.826807531344336,63.99397238030204,61.826807531344336,62.972991943359375,107700,0.0,0.0
2024-03-05 00:00:00-05:00,63.1752452713046,65.04382488566216,62.597336247347066,62.65513229370117,143800,0.0,0.0
2024-03-06 00:00:00-05:00,62.606978057266,63.59905668764216,62.43360459332075,62.77071762084961,104800,0.0,0.0
2024-03-07 00:00:00-05:00,63.29083731101467,63.83985204933587,62.85740733021318,63.03078079223633,77500,0.0,0.0
2024-03-08 00:00:00-05:00,63.35825763142357,63.647215840548185,62.80924291289682,63.45457458496094,86200,0.0,0.0
2024-03-11 00:00:00-04:00,63.24268876342374,63.5701679193582,62.37582136754797,62.68404006958008,91800,0.0,0.0
2024-03-12 00:00:00-04:00,62.433601920843586,62.69365843137328,62.11574935913086,62.11574935913086,83900,0.0,0.0
2024-03-13 00:00:00-04:00,62.086857365323844,62.38544213847574,61.52821239751111,62.221702575683594,95100,0.0,0.0
2024-03-14 00:00:00-04:00,62.067595569271894,62.067595569271894,60.516868335199476,60.95029830932617,95500,0.0,0.0
2024-03-15 00:00:00-04:00,60.6902406725481,62.144647338000674,60.6902406725481,62.07722473144531,242000,0.0,0.0
2024-03-18 00:00:00-04:00,61.55710642559334,62.106124838711,61.046619939276546,61.18146514892578,111100,0.0,0.0
2024-03-19 00:00:00-04:00,61.23925988139463,61.58600314485227,60.343498183718516,60.36275863647461,86300,0.0,0.0
2024-03-20 00:00:00-04:00,59.93895767572141,61.85569602149755,59.727055957043405,61.470420837402344,78600,0.0,0.0
2024-03-21 00:00:00-04:00,61.80753543054716,62.06759930950493,61.171833932696394,61.87495803833008,89600,0.0,0.0
2024-03-22 00:00:00-04:00,62.02906982177481,62.26023199407468,61.54747767618419,61.56673812866211,58800,0.0,0.0
2024-03-25 00:00:00-04:00,61.903854021729074,61.903854021729074,60.7769301126099,60.84435272216797,57000,0.0,0.0
2024-03-26 00:00:00-04:00,61.114046928608616,61.59563909719614,60.69987736968281,60.863616943359375,52500,0.0,0.0
2024-03-27 00:00:00-04:00,61.19109876184542,61.69195872413316,60.84435181826566,61.55710983276367,75700,0.0,0.0
2024-03-28 00:00:00-04:00,61.56674009994539,62.308396143069025,61.52821551949956,62.02907180786133,106200,0.0,0.0
2024-04-01 00:00:00-04:00,62.43360531534895,62.43360531534895,61.15257212166804,61.508949279785156,71000,0.0,0.0
2024-04-02 00:00:00-04:00,61.27778503177386,61.58600371833288,60.57466092342006,60.969566345214844,59500,0.0,0.0
2024-04-03 00:00:00-04:00,60.719137579178884,60.79619041056727,59.99674937291274,60.353126525878906,94600,0.0,0.0
2024-04-04 00:00:00-04:00,60.69024741004682,60.91178305532981,59.81374975326666,60.39166259765625,86500,0.0,0.0
2024-04-05 00:00:00-04:00,60.266446397561815,60.304974654605765,59.65963920901848,60.08344268798828,90600,0.0,0.0
2024-04-08 00:00:00-04:00,60.03527494994616,60.31459558481812,59.6307356618542,59.698158264160156,72200,0.0,0.0
2024-04-09 00:00:00-04:00,59.775220660142274,59.948594132953794,59.22620588765799,59.74632263183594,70600,0.0,0.0
2024-04-10 00:00:00-04:00,58.89872013657455,59.51515748731655,58.166698026876105,59.48625946044922,97600,0.0,0.0
2024-04-11 00:00:00-04:00,59.74631557852303,59.958217281222666,59.32251584737995,59.861900329589844,51800,0.0,0.0
2024-04-12 00:00:00-04:00,59.727054908967716,59.727054908967716,58.677183908700435,59.332149505615234,82000,0.0,0.0
2024-04-15 00:00:00-04:00,59.322521540100944,60.0545399958226,59.19730655155742,59.41883850097656,81900,0.0,0.0
2024-04-16 00:00:00-04:00,59.18767064539152,60.353122661727134,58.66755028835943,59.861900329589844,128900,0.0,0.0
2024-04-17 00:00:00-04:00,60.23754732227735,61.036988384890336,59.98711734536976,60.36275863647461,110000,0.0,0.0
2024-04-18 00:00:00-04:00,60.102700231046136,60.969563874011655,60.102700231046136,60.353126525878906,72400,0.0,0.0
2024-04-19 00:00:00-04:00,60.324229765476844,62.231334112984364,60.16048653464585,62.11574935913086,67700,0.0,0.0
2024-04-22 00:00:00-04:00,61.86532897300554,61.86532897300554,60.19901695047087,60.27607345581055,203400,0.0,0.0
2024-04-23 00:00:00-04:00,60.16048791501481,60.77692525268576,60.16048791501481,60.57465744018555,91900,0.0,0.0
2024-04-24 00:00:00-04:00,60.20865364910364,62.10613171738497,60.1990234220291,61.97127914428711,91500,0.0,0.0
2024-04-25 00:00:00-04:00,61.62452761745561,62.13501776632399,61.142935494461184,61.3259391784668,92400,0.0,0.0
2024-04-26 00:00:00-04:00,61.576374908957824,62.12538968666691,61.316314697265625,61.316314697265625,47600,0.0,0.0
2024-04-29 00:00:00-04:00,61.17183153310546,61.88458951146677,61.04662022313831,61.2392578125,148700,0.0,0.0
2024-04-30 00:00:00-04:00,61.2296201965608,61.58599732698703,60.80582046508789,60.80582046508789,63000,0.0,0.0
2024-05-01 00:00:00-04:00,60.80582375553296,61.37410261957557,60.19901663901985,60.67097854614258,100000,0.0,0.0
2024-05-02 00:00:00-04:00,60.834721313208654,61.653430187191866,60.834721313208654,61.49931716918945,66800,0.0,0.0
2024-05-03 00:00:00-04:00,61.576374874879384,61.576374874879384,60.622820765869065,60.84435272216797,66300,0.0,0.0
2024-05-06 00:00:00-04:00,60.74803673539389,61.09478368970211,60.55539913030524,61.07551956176758,45700,0.0,0.0
2024-05-07 00:00:00-04:00,61.431887999700855,62.07721965950662,60.80582046508789,60.80582046508789,98100,0.0,0.0
2024-05-08 00:00:00-04:00,60.449447324958314,61.72085402909459,60.449447324958314,61.316314697265625,77100,0.0,0.0
2024-05-09 00:00:00-04:00,61.69195480852569,63.48347812047485,61.11404204782087,63.425682067871094,94500,0.0,0.0
2024-05-10 00:00:00-04:00,63.464417596980724,63.464417596980724,62.612411574553896,63.019046783447266,107800,0.34,0.0
2024-05-13 00:00:00-04:00,63.62901148933159,65.1877872871266,63.5709228515625,63.5709228515625,91000,0.0,0.0
2024-05-14 00:00:00-04:00,64.68431582352484,66.80463934920637,64.68431582352484,66.7175064086914,150300,0.0,0.0
2024-05-15 00:00:00-04:00,66.90146046705408,66.90146046705408,65.72995963199493,66.33991241455078,134100,0.0,0.0
2024-05-16 00:00:00-04:00,66.53355950665681,67.11446802634137,66.11724037999659,66.54324340820312,82100,0.0,0.0
2024-05-17 00:00:00-04:00,66.44641095975916,66.66909634790657,65.84614209776917,66.34959411621094,56700,0.0,0.0
2024-05-20 00:00:00-04:00,65.96232635920931,66.00105457807108,63.46441902917141,63.64836883544922,99000,0.0,0.0
2024-05-21 00:00:00-04:00,63.7355132748852,64.59719588670033,63.396650571360084,64.51005554199219,68600,0.0,0.0
2024-05-22 00:00:00-04:00,64.49069088940554,64.78114883715378,63.725825187877476,64.62623596191406,75300,0.0,0.0
2024-05-23 00:00:00-04:00,64.4906794119009,64.4906794119009,63.115861128763,63.599952697753906,66700,0.0,0.0
2024-05-24 00:00:00-04:00,64.07436864152902,64.08405254242172,63.40631982632281,63.58059310913086,49600,0.0,0.0
2024-05-28 00:00:00-04:00,63.454729369452906,63.96786529616382,62.35100108533649,62.46717834472656,70400,0.0,0.0
2024-05-29 00:00:00-04:00,62.37036393786011,63.454731850018774,62.15736243844929,62.45750427246094,65500,0.0,0.0
2024-05-30 00:00:00-04:00,62.59305737448431,63.42569567727351,62.59305737448431,63.009376525878906,64300,0.0,0.0
2024-05-31 00:00:00-04:00,63.203002883654165,64.11309752406159,63.203002883654165,63.46441650390625,103400,0.0,0.0
2024-06-03 00:00:00-04:00,63.93882191408796,64.40354573173146,63.561231042258164,63.83232116699219,81800,0.0,0.0
2024-06-04 00:00:00-04:00,63.62900843993273,63.68709707491794,62.031504497967234,62.26386642456055,156300,0.0,0.0
2024-06-05 00:00:00-04:00,62.40909661751494,62.777003624027216,61.08268648843872,61.363460540771484,64900,0.0,0.0
2024-06-06 00:00:00-04:00,61.2763184420266,61.99277197482528,61.02458873014795,61.973411560058594,56800,0.0,0.0
2024-06-07 00:00:00-04:00,61.7507249999905,61.7507249999905,60.608268497334265,60.82126998901367,64800,0.0,0.0
2024-06-10 00:00:00-04:00,60.78253960566913,61.198858673652545,60.53081360083826,61.189178466796875,62000,0.0,0.0
2024-06-11 00:00:00-04:00,60.85032312382242,61.41187124934256,60.26941458109426,61.40218734741211,60900,0.0,0.0
2024-06-12 00:00:00-04:00,62.31227703689633,62.31227703689633,60.84063799522197,60.86968231201172,69600,0.0,0.0
2024-06-13 00:00:00-04:00,60.67604617457087,61.26663858372381,60.36622781129822,60.375911712646484,69900,0.0,0.0
2024-06-14 00:00:00-04:00,60.03704117141325,60.26940677440208,58.991405191278425,60.23067855834961,78000,0.0,0.0
2024-06-17 00:00:00-04:00,59.80468288669851,60.172593574845216,59.25281870114154,60.13386535644531,78800,0.0,0.0
2024-06-18 00:00:00-04:00,60.279092496143086,60.45336579099591,59.67881986572019,60.28877639770508,60800,0.0,0.0
2024-06-20 00:00:00-04:00,60.25972563821239,61.56677151656569,60.085452361988494,60.82126998901367,75000,0.0,0.0
2024-06-21 00:00:00-04:00,60.86968222344032,61.77009297587383,60.86968222344032,61.179500579833984,218000,0.0,0.0
2024-06-24 00:00:00-04:00,61.16013638824144,62.283232545308394,61.102047754824966,61.1310920715332,84700,0.0,0.0
2024-06-25 00:00:00-04:00,61.00522793403319,61.13109279680573,60.38559121473174,60.3952751159668,42300,0.0,0.0
2024-06-26 00:00:00-04:00,60.04672520322919,60.61795346460972,59.89181603200697,60.58890914916992,59400,0.0,0.0
2024-06-27 00:00:00-04:00,60.39527114452671,60.73413379894751,59.75627035810038,60.656681060791016,56600,0.0,0.0
2024-06-28 00:00:00-04:00,60.95681879012245,61.30536536395723,60.08545604886164,60.772865295410156,195200,0.0,0.0
2024-07-01 00:00:00-04:00,60.77286450676363,61.28600045973582,60.356545403788665,60.74382019042969,77700,0.0,0.0
2024-07-02 00:00:00-04:00,60.90840748004137,61.56677237870068,60.10481731137912,60.18227005004883,94900,0.0,0.0
2024-07-03 00:00:00-04:00,60.4533646347877,60.4533646347877,59.63041029742044,60.114501953125,131200,0.0,0.0
2024-07-05 00:00:00-04:00,59.97895245604914,60.20163415804774,59.6691341147184,60.18227005004883,97500,0.0,0.0
2024-07-08 00:00:00-04:00,60.424314228639005,60.908405835563954,60.13386000314921,60.7922248840332,80200,0.0,0.0
2024-07-09 00:00:00-04:00,60.540501280547566,61.02459293625212,59.62073008936989,60.114501953125,81300,0.0,0.0
2024-07-10 00:00:00-04:00,60.433995391037904,61.18918082124017,60.2016334843033,60.918087005615234,84400,0.0,0.0
2024-07-11 00:00:00-04:00,61.84754748135395,64.51973164518114,61.27631921208269,64.4132308959961,153300,0.0,0.0
2024-07-12 00:00:00-04:00,64.85859601338215,65.55568915850645,64.35514395671028,64.82955169677734,84300,0.0,0.0
2024-07-15 00:00:00-04:00,65.36205546526719,65.83646320539638,64.05500951131403,64.11309814453125,97500,0.0,0.0
2024-07-16 00:00:00-04:00,64.77146585004833,66.97892264680569,64.77146585004833,66.80464935302734,110400,0.0,0.0
2024-07-17 00:00:00-04:00,66.80464284796464,69.0798719603838,66.80464284796464,68.9830551147461,121600,0.0,0.0
2024-07-18 00:00:00-04:00,68.51831668957026,70.09645991500214,68.46022806564307,69.43809509277344,86500,0.0,0.0
2024-07-19 00:00:00-04:00,69.60269224394169,69.60269224394169,68.12137307475082,68.81846618652344,82400,0.0,0.0
2024-07-22 00:00:00-04:00,68.96369854310676,69.89315360899349,68.27628191147534,69.65110778808594,81100,0.0,0.0
2024-07-23 00:00:00-04:00,69.63174183070313,70.75483801506243,69.22510661360165,70.16424560546875,93900,0.0,0.0
2024-07-24 00:00:00-04:00,70.35787857584045,70.98719919761312,69.6995136369579,69.87378692626953,61500,0.0,0.0
2024-07-25 00:00:00-04:00,70.31914231202285,72.28456038919856,70.31914231202285,71.99410247802734,84500,0.0,0.0
2024-07-26 00:00:00-04:00,72.5653297152588,72.86547153775074,71.56810217597543,72.53628540039062,73700,0.0,0.0
2024-07-29 00:00:00-04:00,72.90587089711633,72.90587089711633,71.81655957582471,72.633544921875,49100,0.34,0.0
2024-07-30 00:00:00-04:00,73.02258725424211,73.3824434086048,72.40984637246517,72.8377914428711,91400,0.0,0.0
2024-07-31 00:00:00-04:00,72.5168354865468,74.52039050546138,71.94300677445682,73.3824462890625,83700,0.0,0.0
2024-08-01 00:00:00-04:00,73.32409282993022,74.52039049613379,71.87492526707126,72.32231903076172,87700,0.0,0.0
2024-08-02 00:00:00-04:00,70.93150194683311,72.15697628668036,70.52301297365952,70.9509506225586,73600,0.0,0.0
2024-08-05 00:00:00-04:00,68.71399301423008,68.77234647117334,66.79797536109761,67.59550476074219,155400,0.0,0.0
2024-08-06 00:00:00-04:00,67.53714964064204,67.66358460101478,66.08797451939817,67.0313949584961,108700,0.0,0.0
2024-08-07 00:00:00-04:00,67.48851195265436,67.60522627558692,66.08796975877166,67.22591400146484,96100,0.0,0.0
2024-08-08 00:00:00-04:00,67.20645479058292,67.84837240648251,65.51413799826153,65.62112426757812,83700,0.0,0.0
2024-08-09 00:00:00-04:00,65.80593331584255,65.80593331584255,64.66798889702163,65.53359985351562,102000,0.0,0.0
2024-08-12 00:00:00-04:00,65.42659934182079,65.46550411369702,63.30633750668832,63.45222854614258,82800,0.0,0.0
2024-08-13 00:00:00-04:00,63.75373764702506,64.11359379551718,63.00483378603209,63.70510482788086,70500,0.0,0.0
2024-08-14 00:00:00-04:00,64.00661580814409,64.00661580814409,62.625529641607955,62.69361114501953,44800,0.0,0.0
2024-08-15 00:00:00-04:00,63.88017051812386,65.19317496887547,63.29661380893717,63.55921173095703,92100,0.0,0.0
2024-08-16 00:00:00-04:00,63.53976147733692,65.44605063748801,63.53976147733692,64.64852142333984,73900,0.0,0.0
2024-08-19 00:00:00-04:00,64.61934820896099,64.84304136757468,63.94825389246716,64.35674285888672,74200,0.0,0.0
2024-08-20 00:00:00-04:00,64.63880023426874,64.63880023426874,63.530040170624844,63.53976821899414,62700,0.0,0.0
2024-08-21 00:00:00-04:00,64.19140515942603,64.19140515942603,63.17990333920194,63.442508697509766,50400,0.0,0.0
2024-08-22 00:00:00-04:00,63.56895151531674,63.56895151531674,62.489368064850325,62.90758514404297,69300,0.0,0.0
2024-08-23 00:00:00-04:00,62.62552438269962,64.75551432822691,61.954433743926614,64.19140625,88200,0.0,0.0
2024-08-26 00:00:00-04:00,64.81387247898496,65.67948333545817,64.41511151222845,64.47346496582031,70900,0.0,0.0
2024-08-27 00:00:00-04:00,64.53181416255048,65.27099001403893,64.04551562715774,64.65825653076172,45200,0.0,0.0
2024-08-28 00:00:00-04:00,64.75551599866188,65.40715426773708,64.19140790588324,64.87222290039062,44500,0.0,0.0
2024-08-29 00:00:00-04:00,65.3293537652666,65.3293537652666,64.14278396455131,64.852783203125,79800,0.0,0.0
2024-08-30 00:00:00-04:00,65.2320846875048,65.79619276465432,65.1640031899403,65.72811126708984,57200,0.0,0.0
2024-09-03 00:00:00-04:00,65.13482856869334,66.21441193659751,65.13482856869334,66.16577911376953,63600,0.0,0.0
2024-09-04 00:00:00-04:00,66.18523068520574,66.64234505502682,65.70865279912667,66.00043487548828,60700,0.0,0.0
2024-09-05 00:00:00-04:00,66.45756273835401,66.57426964330188,65.4071560718605,65.66975402832031,90700,0.0,0.0
2024-09-06 00:00:00-04:00,65.76702183813397,66.13660608316322,65.3488047675597,65.99071502685547,62300,0.0,0.0
2024-09-09 00:00:00-04:00,65.80592410432416,66.29222265991511,64.94030584867136,65.08619689941406,68300,0.0,0.0
2024-09-10 00:00:00-04:00,65.30016932449266,66.09769865730212,65.18345500005941,65.91290283203125,58700,0.0,0.0
2024-09-11 00:00:00-04:00,65.46551232445246,65.46551232445246,64.69715967926385,64.92086029052734,77100,0.0,0.0
2024-09-12 00:00:00-04:00,65.06675816652823,65.87401567306387,65.06675816652823,65.7573013305664,61800,0.0,0.0
2024-09-13 00:00:00-04:00,66.37974530127227,68.88904734408877,66.37974530127227,68.50973510742188,95800,0.0,0.0
2024-09-16 00:00:00-04:00,68.82096436792641,69.1905485489308,68.26658438625678,68.29576110839844,62000,0.0,0.0
2024-09-17 00:00:00-04:00,68.8404179491898,69.36562124615172,67.93590239669871,67.98453521728516,60400,0.0,0.0
2024-09-18 00:00:00-04:00,67.8872783998177,69.6671253970454,67.55659153771235,68.31521606445312,80000,0.0,0.0
2024-09-19 00:00:00-04:00,68.92795832303983,69.35589599609375,68.43193173028722,69.35589599609375,82000,0.0,0.0
2024-09-20 00:00:00-04:00,68.83069025478675,69.29754010570575,67.35234599747541,67.50796508789062,275700,0.0,0.0
2024-09-23 00:00:00-04:00,67.34261996735022,67.34261996735022,65.86427566573622,66.05879211425781,69300,0.0,0.0
2024-09-24 00:00:00-04:00,65.87401479211695,66.78825115830539,65.66004221056387,66.36031341552734,67500,0.0,0.0
2024-09-25 00:00:00-04:00,66.62288572614752,66.62288572614752,65.51412588579095,66.39918518066406,44700,0.0,0.0
2024-09-26 00:00:00-04:00,66.88550309620412,67.29399954082501,66.61317708000847,66.69098663330078,62100,0.0,0.0
2024-09-27 00:00:00-04:00,67.17728608070396,68.15961129783815,66.68125944745219,66.91468811035156,52000,0.0,0.0
2024-09-30 00:00:00-04:00,67.08002721330523,67.702488801159,66.77852446865565,67.04112243652344,83500,0.0,0.0
2024-10-01 00:00:00-04:00,66.69098446642245,66.69098446642245,65.49468673948665,66.37002563476562,64900,0.0,0.0
2024-10-02 00:00:00-04:00,66.0101634582394,66.10742167770573,64.20113237892484,64.2205810546875,62900,0.0,0.0
2024-10-03 00:00:00-04:00,63.84126606935487,64.26921112106388,62.508805516741226,63.0826416015625,63500,0.0,0.0
2024-10-04 00:00:00-04:00,63.69537747606025,65.44605509981389,63.69537747606025,64.5804443359375,91300,0.0,0.0
2024-10-07 00:00:00-04:00,64.22057965358698,64.27893309992838,62.57688832525825,63.12154769897461,59700,0.0,0.0
2024-10-08 00:00:00-04:00,63.403612803778756,63.69538750680203,63.14100740869741,63.59812927246094,42200,0.0,0.0
2024-10-09 00:00:00-04:00,63.78292635976981,64.42483665524126,63.102103865407486,63.40361404418945,53500,0.0,0.0
2024-10-10 00:00:00-04:00,62.77141367684389,63.4230519109468,61.759911867627814,62.567169189453125,55300,0.0,0.0
2024-10-11 00:00:00-04:00,62.85894378398126,63.568942885415225,62.85894378398126,63.39387512207031,49500,0.0,0.0
2024-10-14 00:00:00-04:00,63.218808736894125,63.218808736894125,62.28511645214227,62.6644287109375,48400,0.0,0.0
2024-10-15 00:00:00-04:00,62.57688972974358,64.83332197660611,62.57688972974358,63.45222854614258,71500,0.0,0.0
2024-10-16 00:00:00-04:00,63.889907778587876,64.74579058079107,63.695383900591324,64.0066146850586,65500,0.0,0.0
2024-10-17 00:00:00-04:00,64.00661356773122,65.06674827840641,63.238260958793774,64.96949005126953,75000,0.0,0.0
2024-10-18 00:00:00-04:00,65.22236124963473,65.22236124963473,63.753744924026215,64.12332916259766,40600,0.0,0.0
2024-10-21 00:00:00-04:00,64.45400117541837,64.6290689356276,62.67415427033853,62.703330993652344,51000,0.0,0.0
2024-10-22 00:00:00-04:00,62.94648848068852,62.94648848068852,61.96416328546951,62.69361114501953,43300,0.0,0.0
2024-10-23 00:00:00-04:00,62.09059992727154,62.58662282310818,61.21526104030858,62.5477180480957,70300,0.0,0.0
2024-10-24 00:00:00-04:00,62.75195730216711,62.75195730216711,61.77936397936212,62.21703338623047,53900,0.0,0.0
2024-10-25 00:00:00-04:00,62.61579887942096,62.61579887942096,61.711286986120456,62.32402420043945,47400,0.0,0.0
2024-10-28 00:00:00-04:00,62.52826880021169,62.86867630305592,61.90580724634595,62.55744552612305,84900,0.0,0.0
2024-10-29 00:00:00-04:00,62.06142137447172,62.59634902957658,61.49731328388458,62.401832580566406,65400,0.0,0.0
2024-10-30 00:00:00-04:00,62.19758658318183,63.471690146392014,61.70155997415347,62.07114791870117,103700,0.0,0.0
2024-10-31 00:00:00-04:00,62.071149243931075,62.35320330527001,61.03047059983856,61.16663360595703,66900,0.0,0.0
2024-11-01 00:00:00-04:00,61.341696546976145,62.54771482898497,61.30279177396596,62.47963333129883,84900,0.0,0.0
2024-11-04 00:00:00-05:00,62.52825824088373,64.10386795696256,62.314285726565224,62.89784240722656,93600,0.0,0.0
2024-11-05 00:00:00-05:00,62.499090949348144,64.79442067053591,62.499090949348144,64.63880157470703,84100,0.0,0.0
2024-11-06 00:00:00-05:00,67.8678201341366,71.54423575105244,66.13659859350015,70.47438049316406,140300,0.0,0.0
2024-11-07 00:00:00-05:00,70.19233211129408,73.2949192871848,69.842196555756,73.10040283203125,153400,0.0,0.0
2024-11-08 00:00:00-05:00,73.11984404518202,73.97572674894519,71.48588075957859,72.50711059570312,82200,0.0,0.0
2024-11-11 00:00:00-05:00,72.98368576238386,74.2383368858296,72.24450990400634,73.84929656982422,74500,0.0,0.0
2024-11-12 00:00:00-05:00,74.0739947285475,74.4843210577176,71.64133725852182,71.66087341308594,82900,0.34,0.0
2024-11-13 00:00:00-05:00,72.22751359583116,72.93093436876073,71.66086825611544,72.79415893554688,88700,0.0,0.0
2024-11-14 00:00:00-05:00,72.69647168107991,73.0774900682575,71.72926427944175,72.37406921386719,66700,0.0,0.0
2024-11-15 00:00:00-05:00,72.8332509544679,72.89186687751058,70.03911099931527,70.05864715576172,63500,0.0,0.0
2024-11-18 00:00:00-05:00,70.43966027853797,70.79137069781534,68.74950335884104,68.79834747314453,67100,0.0,0.0
2024-11-19 00:00:00-05:00,68.09492926066511,69.26729985470296,67.86045812333876,68.23170471191406,66500,0.0,0.0
2024-11-20 00:00:00-05:00,68.05585671514422,68.65180263427767,67.02026157591686,68.49549102783203,82400,0.0,0.0
2024-11-21 00:00:00-05:00,69.1207504272461,69.66785221505422,68.3196339006544,69.1207504272461,44500,0.0,0.0
2024-11-22 00:00:00-05:00,69.36499393682398,70.37127364218826,68.78858418470381,70.02933502197266,53500,0.0,0.0
2024-11-25 00:00:00-05:00,70.39081993381674,73.0481769219823,70.1368051832461,72.07120513916016,107400,0.0,0.0
2024-11-26 00:00:00-05:00,71.51433203493063,71.5436474497366,69.74601548050221,71.3287124633789,87200,0.0,0.0
2024-11-27 00:00:00-05:00,72.03214075211483,72.07121306846767,70.58621907482771,71.11378479003906,72200,0.0,0.0
2024-11-29 00:00:00-05:00,72.06143895246304,72.06143895246304,70.97699970485682,71.1528549194336,39600,0.0,0.0
2024-12-02 00:00:00-05:00,71.02584685236242,71.82696342991927,70.69368001826234,71.3873291015625,74800,0.0,0.0
2024-12-03 00:00:00-05:00,71.45571713333804,71.45571713333804,69.93164350460145,70.05864715576172,73000,0.0,0.0
2024-12-04 00:00:00-05:00,69.82416572304275,70.36149566374638,68.9253535848568,69.6678466796875,253200,0.0,0.0
2024-12-05 00:00:00-05:00,69.35521697998047,69.79485870505661,68.50525639483081,69.35521697998047,91200,0.0,0.0
2024-12-06 00:00:00-05:00,69.65808460711419,69.65808460711419,68.23169937782201,68.77880859375,57400,0.0,0.0
2024-12-09 00:00:00-05:00,69.3552219506478,69.82417166693136,68.72018882693787,68.96443176269531,54400,0.0,0.0
2024-12-10 00:00:00-05:00,69.35522316299388,70.79137284294437,67.91907348304339,70.30288696289062,96200,0.0,0.0
2024-12-11 00:00:00-05:00,70.84999675313718,71.47526560752445,70.18565558319804,70.51782989501953,83500,0.0,0.0
2024-12-12 00:00:00-05:00,70.73275172183018,71.48501664217264,70.10749043763056,71.0649185180664,55800,0.0,0.0
2024-12-13 00:00:00-05:00,71.54365213844629,71.54365213844629,69.39430958771257,69.55062866210938,61400,0.0,0.0
2024-12-16 00:00:00-05:00,69.26730390823437,69.96095300979023,69.04259710877375,69.6971664428711,61400,0.0,0.0
2024-12-17 00:00:00-05:00,69.73624219524073,70.22472807979224,69.1696042339753,69.77532196044922,143800,0.0,0.0
2024-12-18 00:00:00-05:00,69.6971578760143,70.68390138537131,67.8116096404023,68.46617889404297,92100,0.0,0.0
2024-12-19 00:00:00-05:00,68.59318832376488,69.30638100845472,67.96792697589856,68.61273193359375,67700,0.0,0.0
2024-12-20 00:00:00-05:00,68.1242402303003,69.03282421357854,67.18634083477866,67.50874328613281,169700,0.0,0.0
2024-12-23 00:00:00-05:00,67.07888683399284,67.22542663986846,65.97490393837482,66.32661437988281,55600,0.0,0.0
2024-12-24 00:00:00-05:00,66.49269171106717,66.93233344957306,65.85766606717404,66.92256164550781,29800,0.0,0.0
2024-12-26 00:00:00-05:00,66.54154837864449,67.62598764823991,66.37546496531625,67.5966796875,46500,0.0,0.0
2024-12-27 00:00:00-05:00,67.000727619749,67.77253623373815,66.39500242234271,66.54154968261719,64500,0.0,0.0
2024-12-30 00:00:00-05:00,66.69785205800845,66.69785205800845,65.41802156649324,65.94558715820312,48400,0.0,0.0
2024-12-31 00:00:00-05:00,65.99444667673089,67.27427732249743,65.95536691111242,66.16053009033203,65500,0.0,0.0
2025-01-02 00:00:00-05:00,66.30707359282339,67.19611398575955,66.02375089841217,66.93233489990234,51200,0.0,0.0
2025-01-03 00:00:00-05:00,66.86395144482435,67.32312937701404,66.43408147363347,66.4829330444336,57200,0.0,0.0
2025-01-06 00:00:00-05:00,66.38523148572266,66.68809781523925,64.48013943834385,65.16401672363281,95100,0.0,0.0
2025-01-07 00:00:00-05:00,65.21286815872124,65.9162890528011,64.09912089432923,64.94908905029297,62700,0.0,0.0
2025-01-08 00:00:00-05:00,64.19680969874767,65.48641204833984,62.946287111713154,65.48641204833984,53900,0.0,0.0
2025-01-10 00:00:00-05:00,64.58759362733021,64.96861195830834,63.933024438593584,64.53874206542969,73800,0.0,0.0
2025-01-13 00:00:00-05:00,64.00141823151537,65.13470152896198,64.00141823151537,64.90023040771484,91900,0.0,0.0
2025-01-14 00:00:00-05:00,64.77321825179094,65.68180211255421,64.65597897973383,65.21285247802734,76300,0.0,0.0
2025-01-15 00:00:00-05:00,66.11167351094068,66.13121711912078,64.87092272479794,65.59387969970703,69300,0.0,0.0
2025-01-16 00:00:00-05:00,65.56458383028563,65.99445384507834,65.14448562138475,65.838134765625,65900,0.0,0.0
2025-01-17 00:00:00-05:00,66.09214924267097,66.2093810980245,64.91001416106465,65.03701782226562,63600,0.0,0.0
2025-01-21 00:00:00-05:00,65.04678337093598,65.84789993817203,64.50944590657507,64.56806182861328,58900,0.0,0.0
2025-01-22 00:00:00-05:00,64.13820188663985,64.32382146511644,61.363601750903875,61.471065521240234,77400,0.0,0.0
2025-01-23 00:00:00-05:00,61.50037374868983,62.008399516987886,60.81649276340969,61.979087829589844,122200,0.0,0.0
2025-01-24 00:00:00-05:00,61.852085907342484,62.86813374541862,61.5101435417419,62.789974212646484,62200,0.0,0.0
2025-01-27 00:00:00-05:00,63.34684119797724,64.9197662250101,63.34684119797724,64.68529510498047,85500,0.0,0.0
2025-01-28 00:00:00-05:00,64.94908438417444,65.06631622229659,64.26519969574966,64.59737396240234,48000,0.0,0.0
2025-01-29 00:00:00-05:00,64.35313323264168,66.97141787680691,64.21635778101165,66.31684112548828,98400,0.0,0.0
2025-01-30 00:00:00-05:00,66.8834854199511,66.8834854199511,65.92605727459579,66.41454315185547,113900,0.0,0.0
2025-01-31 00:00:00-05:00,66.02375503555989,66.65878818670798,64.69507281133417,66.00421142578125,73400,0.0,0.0
2025-02-03 00:00:00-05:00,65.44733756914434,66.8737154759841,65.35941368656873,66.26799774169922,65000,0.0,0.0
2025-02-04 00:00:00-05:00,66.01398821202612,67.77254053964221,66.01398821202612,67.6357650756836,36500,0.0,0.0
2025-02-05 00:00:00-05:00,67.88976298584096,68.37824884764034,67.37196916492606,68.36848449707031,42600,0.0,0.0
2025-02-06 00:00:00-05:00,68.6420399528746,69.55062401440487,68.52480065491149,69.19891357421875,234800,0.0,0.0
2025-02-07 00:00:00-05:00,68.82765777663977,68.82765777663977,65.96513021062374,67.90930938720703,109500,0.0,0.0
2025-02-10 00:00:00-05:00,67.78229653768909,68.7592682762452,67.43058611551267,68.64203643798828,62200,0.0,0.0
2025-02-11 00:00:00-05:00,68.23169923052248,70.10749053955078,68.14377535622711,70.10749053955078,63400,0.0,0.0
2025-02-12 00:00:00-05:00,69.57015168919303,70.13679704637971,69.1891333343922,70.09771728515625,64400,0.0,0.0
2025-02-13 00:00:00-05:00,70.62529152473498,71.05516149710118,69.76555903370576,70.7425308227539,80900,0.0,0.0
2025-02-14 00:00:00-05:00,71.10400736879541,71.143087135766,69.52131780185522,69.53108215332031,59400,0.0,0.0
2025-02-18 00:00:00-05:00,69.33474827163218,69.57035242141903,69.01080567227015,69.09915161132812,56800,0.34,0.0
2025-02-19 00:00:00-05:00,69.10896575451696,70.37530989034347,68.79483439838434,70.27713775634766,71800,0.0,0.0
2025-02-20 00:00:00-05:00,69.72741132849178,70.60108941649158,69.33474525209714,70.0611801147461,66200,0.0,0.0
2025-02-21 00:00:00-05:00,70.7385270031846,70.7385270031846,68.75557402062717,70.25751495361328,104100,0.0,0.0
2025-02-24 00:00:00-05:00,70.57163764225699,71.24898640676687,69.81576165753607,71.02320098876953,91300,0.0,0.0
2025-02-25 00:00:00-05:00,71.33733528427467,73.11414758942449,70.58145926833626,72.99634552001953,134600,0.0,0.0
2025-02-26 00:00:00-05:00,69.3543819004452,72.94725885904003,65.84985087607406,71.90670013427734,156300,0.0,0.0
2025-02-27 00:00:00-05:00,71.44532148730401,74.01727726728159,71.44532148730401,72.56441497802734,238900,0.0,0.0
2025-02-28 00:00:00-05:00,73.01598014414628,73.01598014414628,70.31641100175598,72.62332153320312,199700,0.0,0.0
2025-03-03 00:00:00-05:00,72.31899690039758,73.26139098944248,70.5520107919943,71.396240234375,131400,0.0,0.0
2025-03-04 00:00:00-05:00,71.22936098739163,72.64295604214371,71.14101504121132,72.25028991699219,154300,0.0,0.0
2025-03-05 00:00:00-05:00,72.15211850475306,73.48717871161867,72.09322121281221,73.34974670410156,118000,0.0,0.0
2025-03-06 00:00:00-05:00,73.3399303261136,76.4027169257077,73.3399303261136,75.84317016601562,139300,0.0,0.0
2025-03-07 00:00:00-05:00,76.5597781936479,79.89742878743357,76.08858486833867,79.83853149414062,160500,0.0,0.0
2025-03-10 00:00:00-04:00,79.83852019414945,81.56623879506014,79.66182084979702,81.04595947265625,192700,0.0,0.0
2025-03-11 00:00:00-04:00,81.30120412182988,81.30120412182988,78.14025293272614,78.19915771484375,146500,0.0,0.0
2025-03-12 00:00:00-04:00,78.05190388800536,78.1108011782966,75.51921555272737,75.9511489868164,100500,0.0,0.0
2025-03-13 00:00:00-04:00,75.97077570478596,76.90335104584214,75.45049635728206,76.10820770263672,65600,0.0,0.0
2025-03-14 00:00:00-04:00,76.56959016403052,77.78684821830112,76.02967339143999,76.6579360961914,80700,0.0,0.0
2025-03-17 00:00:00-04:00,77.08987801929939,79.13173577975307,77.08987801929939,78.56237030029297,138400,0.0,0.0
2025-03-18 00:00:00-04:00,78.1107946752544,78.99429140348067,77.72794734127,77.8653793334961,112800,0.0,0.0
2025-03-19 00:00:00-04:00,77.8261113744208,78.50346010903668,77.1193139973402,78.11079406738281,123500,0.0,0.0
2025-03-20 00:00:00-04:00,77.36474561908622,78.01264584759205,77.07025164297907,77.08006286621094,93500,0.0,0.0
2025-03-21 00:00:00-04:00,76.93281618889989,77.10951556247034,73.81113224881092,74.81242370605469,655400,0.0,0.0
2025-03-24 00:00:00-04:00,74.60627260559068,75.44068336709876,73.69332712807453,74.70443725585938,104400,0.0,0.0
2025-03-25 00:00:00-04:00,74.44920406232046,74.79279157658665,72.78038251938254,72.85891723632812,115100,0.0,0.0
2025-03-26 00:00:00-04:00,73.13378002761085,74.26269222392018,72.64294928917052,74.15470886230469,67100,0.0,0.0
2025-03-27 00:00:00-04:00,74.40993785815589,77.06042066880602,73.88965101980018,76.38307189941406,68700,0.0,0.0
2025-03-28 00:00:00-04:00,76.07876764895902,76.31436431623602,75.18545207258067,75.87261962890625,83700,0.0,0.0
2025-03-31 00:00:00-04:00,75.2934363984972,76.5695993840242,75.20509045569831,75.63702392578125,103500,0.0,0.0
2025-04-01 00:00:00-04:00,74.97930392048048,77.89483982227488,74.97930392048048,76.942626953125,79400,0.0,0.0
2025-04-02 00:00:00-04:00,76.5008734762962,77.89483087182624,76.3732601900515,77.69850158691406,72900,0.0,0.0
2025-04-03 00:00:00-04:00,75.88244233104858,78.02246485250187,75.88244233104858,77.89484405517578,114000,0.0,0.0
2025-04-04 00:00:00-04:00,76.36344714390181,79.32806150710245,75.80390040196238,76.29473114013672,165800,0.0,0.0
2025-04-07 00:00:00-04:00,75.1265431922642,78.42492598340436,73.53625657154146,76.79537200927734,180800,0.0,0.0
2025-04-08 00:00:00-04:00,77.91446978332829,79.01392578302382,74.6160868052771,75.07746887207031,187900,0.0,0.0
2025-04-09 00:00:00-04:00,75.07747624520593,81.870572157103,75.07747624520593,79.09246826171875,168100,0.0,0.0
2025-04-10 00:00:00-04:00,78.89613367737986,80.72202457920076,77.31565813882003,79.97595977783203,146800,0.0,0.0
2025-04-11 00:00:00-04:00,79.75999774478798,80.9379885618409,75.76463569579761,79.33788299560547,85000,0.0,0.0
2025-04-14 00:00:00-04:00,79.17100154875298,80.12321440298258,78.28750470000989,80.11339569091797,115100,0.0,0.0
2025-04-15 00:00:00-04:00,79.73055056445976,79.73055056445976,78.07154018421546,78.31695556640625,80000,0.0,0.0
2025-04-16 00:00:00-04:00,79.13173384499665,79.62256459332711,78.40530643452276,79.29861450195312,110400,0.0,0.0
2025-04-17 00:00:00-04:00,78.85687098944197,81.24230876115472,78.85687098944197,80.94780731201172,75100,0.0,0.0
2025-04-21 00:00:00-04:00,81.47790332132115,82.83259347551004,80.6434925562885,81.40918731689453,119500,0.0,0.0
2025-04-22 00:00:00-04:00,82.33195317883111,83.20563131974079,81.42881890158495,82.53810119628906,230800,0.0,0.0
2025-04-23 00:00:00-04:00,83.25470911169411,83.8437120011108,82.13561560497496,83.0485610961914,143700,0.0,0.0
2025-04-24 00:00:00-04:00,82.4595647067936,83.20562953214834,81.65460258899707,82.47919464111328,128700,0.0,0.0
2025-04-25 00:00:00-04:00,82.07671403290708,82.07671403290708,79.71090635500687,79.9563217163086,115700,0.0,0.0
2025-04-28 00:00:00-04:00,79.7698177603881,80.81037658210364,79.3280655796628,80.72203063964844,97000,0.0,0.0
2025-04-29 00:00:00-04:00,80.41769818816941,83.26451767872169,80.03485085038459,82.69515228271484,119300,0.0,0.0
2025-04-30 00:00:00-04:00,82.9111297750754,85.23767023705928,81.12450613638404,84.41307067871094,179000,0.0,0.0
2025-05-01 00:00:00-04:00,84.07930310429903,85.30637989365108,83.20562502943896,84.99224853515625,114500,0.0,0.0
2025-05-02 00:00:00-04:00,85.65977939367019,86.877037482815,84.90389589038752,86.35675811767578,151600,0.0,0.0
2025-05-05 00:00:00-04:00,85.64014073569503,86.99483829729469,85.49289002384954,86.84758758544922,118900,0.0,0.0
2025-05-06 00:00:00-04:00,86.12116284487733,87.34823966508571,85.64014333892823,87.21080017089844,168400,0.0,0.0
2025-05-07 00:00:00-04:00,87.34823699359592,88.57531377627494,86.58253479003906,86.58253479003906,278800,0.0,0.0
2025-05-08 00:00:00-04:00,86.36657381032653,86.90648309003147,79.2691585483356,79.30842590332031,219100,0.0,0.0
2025-05-09 00:00:00-04:00,78.89613927146229,80.05450016776666,77.40400956292628,79.10228729248047,130600,0.0,0.0
2025-05-12 00:00:00-04:00,80.66973857736436,80.66973857736436,76.95318899542907,77.34751892089844,231300,0.34,0.0
2025-05-13 00:00:00-04:00,77.36723550820223,77.74184478113953,73.98586917215842,74.0844497680664,184300,0.0,0.0
2025-05-14 00:00:00-04:00,73.7196935074786,75.1392781606396,72.38883665574882,74.321044921875,208800,0.0,0.0
2025-05-15 00:00:00-04:00,74.50836046286685,75.85893055483307,73.94644273732061,75.77021026611328,241900,0.0,0.0
2025-05-16 00:00:00-04:00,75.81950292051022,76.76589025535729,74.65623374453233,74.99140930175781,175900,0.0,0.0
2025-05-19 00:00:00-04:00,74.30133052944798,75.27729120105248,73.76898629369536,74.94210815429688,118300,0.0,0.0
2025-05-20 00:00:00-04:00,75.26743393920289,75.26743393920289,74.12388545842988,74.17317199707031,103100,0.0,0.0
2025-05-21 00:00:00-04:00,73.46337950964393,73.75912882577579,72.12266983450742,72.77330780029297,139000,0.0,0.0
2025-05-22 00:00:00-04:00,72.65500793554725,72.98033068516501,71.886068724609,72.27053833007812,104000,0.0,0.0
2025-05-23 00:00:00-04:00,72.25082801230867,73.21692846092009,71.70862340864657,72.54656982421875,111300,0.0,0.0
2025-05-27 00:00:00-04:00,72.79302681825517,75.82935762821745,72.67473309917752,75.60262298583984,160000,0.0,0.0
2025-05-28 00:00:00-04:00,75.41531352633753,76.25325995016433,75.18857136587665,75.81950378417969,92000,0.0,0.0
2025-05-29 00:00:00-04:00,75.41530411338856,77.86999621976591,74.25203506935297,77.13063049316406,193800,0.0,0.0
2025-05-30 00:00:00-04:00,76.63772261545037,77.08134657923077,74.5576396988297,74.72523498535156,142200,0.0,0.0
2025-06-02 00:00:00-04:00,74.21261213094459,75.01112482512201,72.98033574056302,74.1534652709961,111600,0.0,0.0
2025-06-03 00:00:00-04:00,74.05487840344657,75.18856656978161,73.32536542673624,73.65068817138672,112900,0.0,0.0
2025-06-04 00:00:00-04:00,73.64082775763872,73.7492686723786,72.46770584915247,72.89160919189453,113900,0.0,0.0
2025-06-05 00:00:00-04:00,72.69444187207964,73.37466080103955,72.3987000708232,73.02962493896484,105900,0.0,0.0
2025-06-06 00:00:00-04:00,74.74494696529987,75.05054906461041,73.34508296825628,74.94210815429688,127000,0.0,0.0
2025-06-09 00:00:00-04:00,74.99140733000407,74.99140733000407,73.18735299481504,74.26190185546875,129800,0.0,0.0
2025-06-10 00:00:00-04:00,74.78438452684908,75.81949962499351,74.19289340843125,75.52375030517578,107900,0.0,0.0
2025-06-11 00:00:00-04:00,75.00126480779964,75.00126480779964,73.2760780273746,73.46337890625,116600,0.0,0.0
2025-06-12 00:00:00-04:00,73.5126779499529,73.65069230004724,72.56629061164122,72.66487121582031,89700,0.0,0.0
2025-06-13 00:00:00-04:00,72.16210308026918,73.21693137935172,72.16210308026918,72.8226089477539,111700,0.0,0.0
2025-06-16 00:00:00-04:00,73.46337712122217,73.5915386639474,72.71415858149025,73.49295806884766,84000,0.0,0.0
2025-06-17 00:00:00-04:00,73.02962543265808,73.60140344865731,72.79302296459221,72.8620376586914,82100,0.0,0.0
2025-06-18 00:00:00-04:00,72.62543886750342,73.05920255970034,72.14238863287748,72.16210174560547,103600,0.0,0.0
2025-06-20 00:00:00-04:00,72.36912337073872,73.68025958734118,72.36912337073872,72.92118072509766,417700,0.0,0.0
2025-06-23 00:00:00-04:00,73.42395841771611,75.1787187622927,73.3845246713953,74.77452850341797,110200,0.0,0.0
2025-06-24 00:00:00-04:00,74.49849572855574,75.08998684860283,73.66054934838755,73.83799743652344,109800,0.0,0.0
2025-06-25 00:00:00-04:00,73.68026749919729,74.04502401676226,72.18182272451119,72.51699829101562,95200,0.0,0.0
2025-06-26 00:00:00-04:00,73.03947797752825,73.03947797752825,70.61435909729974,70.82138061523438,222800,0.0,0.0
2025-06-27 00:00:00-04:00,71.25514394814222,71.76777510356035,70.80166716986783,71.10726928710938,139300,0.0,0.0
2025-06-30 00:00:00-04:00,71.39315865984511,71.75791515610578,70.38762449784376,71.46216583251953,96600,0.0,0.0
2025-07-01 00:00:00-04:00,71.30444136875528,74.65623458482598,71.30444136875528,73.89714813232422,130200,0.0,0.0
2025-07-02 00:00:00-04:00,73.52253253073205,75.09984463819444,72.29025627158684,74.5576400756836,105400,0.0,0.0
2025-07-03 00:00:00-04:00,74.30133165349955,74.90268306662026,73.81827394707972,74.72523498535156,42200,0.0,0.0
2025-07-07 00:00:00-04:00,74.72524560751071,74.74495872102395,73.69999071679848,74.59708404541016,160700,0.0,0.0
2025-07-08 00:00:00-04:00,74.5576403968328,74.5576403968328,72.41841060683439,72.99018859863281,103100,0.0,0.0
2025-07-09 00:00:00-04:00,73.019765684299,73.6506905616146,72.48742140883563,73.45352935791016,79800,0.0,0.0
2025-07-10 00:00:00-04:00,73.56197431009498,75.06041909558252,73.56197431009498,73.74927520751953,90100,0.0,0.0
2025-07-11 00:00:00-04:00,73.6901257087084,73.91686786637878,73.09863456512288,73.59154510498047,78700,0.0,0.0
2025-07-14 00:00:00-04:00,73.53238309134777,74.81395337040699,73.50280966542162,74.75480651855469,74800,0.0,0.0
2025-07-15 00:00:00-04:00,74.3604789328977,74.3604789328977,73.07890861403472,73.91686248779297,99700,0.0,0.0
2025-07-16 00:00:00-04:00,74.26190994284056,76.8053303460399,74.09432215038335,76.25326538085938,123800,0.0,0.0
2025-07-17 00:00:00-04:00,76.1743880784104,77.92915583883949,76.16453528333535,77.20950317382812,116000,0.0,0.0
2025-07-18 00:00:00-04:00,77.01234146192188,77.15035580422857,75.04069940472057,75.45474243164062,120300,0.0,0.0
2025-07-21 00:00:00-04:00,75.85893090593021,77.0024869961763,75.08999164859416,75.48432159423828,93000,0.0,0.0
2025-07-22 00:00:00-04:00,75.6617681566514,77.35738162362205,75.6617681566514,76.50957489013672,134400,0.0,0.0
2025-07-23 00:00:00-04:00,76.38142290938345,76.7560322235314,75.27730055858468,75.95751953125,88000,0.0,0.0
2025-07-24 00:00:00-04:00,75.48431402486578,76.20396666759274,75.08998411876406,76.1250991821289,84000,0.0,0.0
2025-07-25 00:00:00-04:00,76.53915283982649,76.64759376711088,75.40545702262875,75.87865447998047,77100,0.0,0.0
2025-07-28 00:00:00-04:00,75.66080535461765,75.74001521499237,72.68031621927621,72.71992492675781,117700,0.34,0.0
2025-07-29 00:00:00-04:00,73.05658821265799,73.81904261745463,72.50208141250666,72.581298828125,164200,0.0,0.0
2025-07-30 00:00:00-04:00,72.42286679445535,74.77952834072074,72.2743360230806,72.69022369384766,107400,0.0,0.0
2025-07-31 00:00:00-04:00,72.00698551500406,72.43276969028574,71.37326128499254,71.70002746582031,125900,0.0,0.0
2025-08-01 00:00:00-04:00,72.04659784757541,72.36345997851902,71.43267416373943,71.86836242675781,112200,0.0,0.0
2025-08-04 00:00:00-04:00,71.4524776315446,72.64070865636118,70.92766791508552,71.17521667480469,113300,0.0,0.0
2025-08-05 00:00:00-04:00,71.06629227025311,71.06629227025311,68.452178058278,68.66011810302734,157000,0.0,0.0
2025-08-06 00:00:00-04:00,69.2344345150078,72.57139447759057,68.26404761855298,72.38325500488281,167000,0.0,0.0
2025-08-07 00:00:00-04:00,72.29413882802304,73.32394253119394,70.70982834414023,70.86825561523438,185000,0.0,0.0
2025-08-08 00:00:00-04:00,70.83855248502348,73.0268825679672,67.76894944054187,70.25433349609375,150700,0.0,0.0
2025-08-11 00:00:00-04:00,70.521694109499,70.77914694303998,69.5414031052703,70.15531921386719,116700,0.0,0.0
2025-08-12 00:00:00-04:00,70.74943180256653,72.50208123452438,70.38306447676102,71.84854888916016,148400,0.0,0.0
2025-08-13 00:00:00-04:00,71.29404087265061,71.59110239812202,70.01668840046501,71.1257095336914,148100,0.0,0.0
2025-08-14 00:00:00-04:00,70.53159463799561,70.54149114889744,68.82845799391062,69.45227813720703,128600,0.0,0.0
2025-08-15 00:00:00-04:00,69.42257008926711,69.68991940768056,68.75914127114756,69.48197937011719,139200,0.0,0.0
2025-08-18 00:00:00-04:00,69.54140140519405,70.68011966443287,68.97699053115278,70.30384826660156,133700,0.0,0.0
2025-08-19 00:00:00-04:00,70.55139300522097,71.42276187637053,70.07609608621961,70.73953247070312,118100,0.0,0.0
2025-08-20 00:00:00-04:00,70.93757348918231,71.67031571824735,70.56130208606,70.82865142822266,94800,0.0,0.0
2025-08-21 00:00:00-04:00,70.5513974183329,70.97718159265516,69.36316637838593,70.96727752685547,109300,0.0,0.0
2025-08-22 00:00:00-04:00,71.63069961619176,73.75962028623498,71.42275958161842,72.82884216308594,165400,0.0,0.0
2025-08-25 00:00:00-04:00,72.56149141298928,73.26452898571571,72.07629795806879,72.9080581665039,88100,0.0,0.0
2025-08-26 00:00:00-04:00,72.89816033313079,72.89816033313079,71.9673745937843,72.71992492675781,173900,0.0,0.0
2025-08-27 00:00:00-04:00,72.59119543970638,73.49227654578925,72.5020815129537,73.31404113769531,110300,0.0,0.0
2025-08-28 00:00:00-04:00,73.24473105245502,73.24473105245502,71.64061230810614,72.55158996582031,172200,0.0,0.0
2025-08-29 00:00:00-04:00,72.92786157281103,73.20511495765913,70.56129618195845,70.94747161865234,164700,0.0,0.0
2025-09-02 00:00:00-04:00,70.88805918861573,71.97727977476882,70.69992726839816,71.44257354736328,111300,0.0,0.0
2025-09-03 00:00:00-04:00,70.99698175230786,71.6406100429075,70.26423953380096,71.57129669189453,93600,0.0,0.0
2025-09-04 00:00:00-04:00,72.10600098582466,73.00708207937247,70.77914328648565,71.52178955078125,102600,0.0,0.0
2025-09-05 00:00:00-04:00,71.20492499936809,72.35354725361151,71.20492499936809,72.34364318847656,98200,0.0,0.0
2025-09-08 00:00:00-04:00,71.62080375638999,71.62080375638999,68.7888455471867,70.35335540771484,164500,0.0,0.0
2025-09-09 00:00:00-04:00,70.32365023310696,70.61080770867433,69.22454066054058,70.49198913574219,163500,0.0,0.0
2025-09-10 00:00:00-04:00,70.3038530955003,70.85835994188359,68.94728306963924,69.19483184814453,106200,0.0,0.0
2025-09-11 00:00:00-04:00,68.95718201216245,70.81874596854553,67.87787304428089,70.64051055908203,102800,0.0,0.0
2025-09-12 00:00:00-04:00,70.22463145377182,70.79894639849729,69.59090722324328,70.16522216796875,90500,0.0,0.0
2025-09-15 00:00:00-04:00,69.68002430446221,69.94737362827482,67.82835694982968,69.67012023925781,198600,0.0,0.0
2025-09-16 00:00:00-04:00,69.52159198079704,71.43266868623625,69.20472987415063,71.11580657958984,206900,0.0,0.0
2025-09-17 00:00:00-04:00,71.38315612338978,72.76943067702395,70.72963133163807,71.3138427734375,238100,0.0,0.0
2025-09-18 00:00:00-04:00,70.68012361237079,72.0069889765222,70.68012361237079,71.40296936035156,213700,0.0,0.0
2025-09-19 00:00:00-04:00,71.49208073884934,71.49208073884934,69.42257667724267,70.2246322631836,1306600,0.0,0.0
2025-09-22 00:00:00-04:00,70.46228343383011,70.46228343383011,67.7095348470368,68.96708679199219,201700,0.0,0.0
2025-09-23 00:00:00-04:00,69.12551523504953,70.16522307761483,68.91757517745425,69.95728302001953,179600,0.0,0.0
2025-09-24 00:00:00-04:00,70.00678244877275,71.17521283377548,70.00678244877275,70.54148864746094,133600,0.0,0.0
2025-09-25 00:00:00-04:00,71.06629159274911,71.61090186279709,70.40286275802761,70.86825561523438,137700,0.0,0.0
2025-09-26 00:00:00-04:00,71.0266915727397,72.15551328265592,70.4919853594233,72.12580108642578,162500,0.0,0.0
2025-09-29 00:00:00-04:00,72.15551448528056,72.15551448528056,70.93757127555112,71.84854888916016,292300,0.0,0.0
2025-09-30 00:00:00-04:00,71.86835893286963,72.28423904302959,71.15541728425897,71.16532135009766,126100,0.0,0.0
2025-10-01 00:00:00-04:00,70.80884764371594,71.72972930992466,69.90776655378993,71.32374572753906,142400,0.0,0.0
2025-10-02 00:00:00-04:00,70.80884633289762,70.88805619115053,69.85826004256793,70.86825561523438,114100,0.0,0.0
2025-10-03 00:00:00-04:00,70.65041957978863,72.40306915486524,70.65041957978863,72.26444244384766,124900,0.0,0.0
2025-10-06 00:00:00-04:00,71.95747431512694,71.95747431512694,68.67993103307103,68.81855773925781,164300,0.0,0.0
2025-10-07 00:00:00-04:00,68.68983301531067,68.73933823482477,67.34316714927289,68.03630065917969,158300,0.0,0.0
2025-10-08 00:00:00-04:00,68.31355255629994,68.74924078411028,67.41247901329673,68.38286590576172,132900,0.0,0.0
2025-10-09 00:00:00-04:00,68.50169486046447,68.73933956064631,66.8381668500139,67.49169921875,115600,0.0,0.0
2025-10-10 00:00:00-04:00,67.93728694387663,67.93728694387663,66.87777848081788,67.06591796875,223200,0.0,0.0
2025-10-13 00:00:00-04:00,66.73914518797054,68.00659359209438,66.68963241563291,67.59071350097656,135100,0.0,0.0
2025-10-14 00:00:00-04:00,67.77884710602208,69.34335707401034,67.77884710602208,68.97698974609375,119700,0.0,0.0
2025-10-15 00:00:00-04:00,69.50179061021674,70.1454113271285,68.76904085886528,69.52159118652344,132100,0.0,0.0
2025-10-16 00:00:00-04:00,69.29385403845082,69.29385403845082,67.7788492417091,67.95708465576172,111100,0.0,0.0
2025-10-17 00:00:00-04:00,68.06600129240111,68.83835217354182,67.69963398214054,68.47198486328125,117100,0.0,0.0
2025-10-20 00:00:00-04:00,68.47198878145198,69.30374899194139,67.5511070886452,68.57100677490234,108200,0.0,0.0
2025-10-21 00:00:00-04:00,68.54129807817428,68.54129807817428,66.84806556018366,67.47188568115234,93300,0.0,0.0
2025-10-22 00:00:00-04:00,67.6897376020931,68.37297463817528,66.91738663326406,67.93728637695312,85200,0.0,0.0
2025-10-23 00:00:00-04:00,67.98679070411205,68.16501854745495,67.2639450473395,67.87786865234375,77000,0.0,0.0
2025-10-24 00:00:00-04:00,67.8481551841398,68.12541611817649,66.51139350203326,66.62031555175781,80400,0.0,0.0
2025-10-27 00:00:00-04:00,66.49159887551075,66.53120758391668,64.81816682965574,65.23404693603516,95300,0.0,0.0
2025-10-28 00:00:00-04:00,65.18454482022638,66.37277591062758,65.09542333342232,65.2736587524414,82100,0.0,0.0
2025-10-29 00:00:00-04:00,64.8973824420641,64.8973824420641,62.98630575349757,63.74875259399414,136100,0.0,0.0
2025-10-30 00:00:00-04:00,63.40218815680108,63.63983285469331,61.887190931531386,63.46159744262695,194900,0.0,0.0
2025-10-31 00:00:00-04:00,62.857582699325626,62.857582699325626,61.87729169361059,62.718955993652344,119200,0.0,0.0
2025-11-03 00:00:00-05:00,62.857580886201575,63.53091759502482,62.342679010485675,63.13483428955078,134300,0.0,0.0
2025-11-04 00:00:00-05:00,63.43189147998328,63.95669363942971,62.81797161635781,63.27346420288086,127500,0.0,0.0
2025-11-05 00:00:00-05:00,63.105129852689124,66.56091222657398,60.92669999518849,65.23404693603516,206900,0.0,0.0
2025-11-06 00:00:00-05:00,64.75875127467013,65.18453540557557,63.689338915011646,64.15473175048828,138600,0.0,0.0
2025-11-07 00:00:00-05:00,64.53100665790143,65.21424362876837,63.68934241463232,63.95669174194336,248400,0.0,0.0
2025-11-10 00:00:00-05:00,64.30509917185105,64.30509917185105,62.931401612500885,63.42911911010742,125600,0.34,0.0
2025-11-11 00:00:00-05:00,63.78747879372658,65.37021685220381,62.423730063266994,64.73313903808594,115700,0.0,0.0
2025-11-12 00:00:00-05:00,64.53405284353468,65.77834659297241,64.41459790954478,65.50957489013672,86700,0.0,0.0
2025-11-13 00:00:00-05:00,65.26071250981353,65.91770321836029,65.26071250981353,65.79824829101562,93000,0.0,0.0
2025-11-14 00:00:00-05:00,65.87789055826394,66.57469204111027,65.16117612186966,66.5547866821289,73300,0.0,0.0
2025-11-17 00:00:00-05:00,66.445283348109,66.53486884880465,65.00190569897273,65.13130950927734,95800,0.0,0.0
2025-11-18 00:00:00-05:00,65.29057465268122,65.50957155656884,64.65349689295321,65.17112731933594,85400,0.0,0.0
2025-11-19 00:00:00-05:00,65.25076594226266,65.74848343199902,64.41459661033117,65.01185607910156,95600,0.0,0.0
2025-11-20 00:00:00-05:00,65.44985415385503,66.06702661528139,64.46437558661026,65.28063201904297,149200,0.0,0.0
2025-11-21 00:00:00-05:00,65.92766309656496,67.26154234520364,65.92766309656496,66.73396301269531,150800,0.0,0.0
2025-11-24 00:00:00-05:00,66.68419105176986,66.68419105176986,63.90692638512535,64.11597442626953,157400,0.0,0.0
2025-11-25 00:00:00-05:00,64.66345803101119,66.49506241820826,64.31505729269195,65.40007781982422,114500,0.0,0.0
2025-11-26 00:00:00-05:00,65.12135353301315,65.58920918130151,64.47431928739233,65.09149169921875,113500,0.0,0.0
2025-11-28 00:00:00-05:00,64.90236194526113,65.08154055727931,64.16574213788267,64.67341613769531,67600,0.0,0.0
2025-12-01 00:00:00-05:00,64.86254909419795,66.28601387204205,64.6435521762015,65.43989562988281,154200,0.0,0.0
2025-12-02 00:00:00-05:00,65.29057745031943,67.46062603567931,65.05167517882619,66.75386810302734,147000,0.0,0.0
2025-12-03 00:00:00-05:00,66.4851013597549,67.68957674040539,66.4851013597549,66.96290588378906,110300,0.0,0.0
2025-12-04 00:00:00-05:00,66.5647404559643,67.4506769887087,65.02181318501418,66.16656494140625,88900,0.0,0.0
2025-12-05 00:00:00-05:00,65.62903162735893,66.81360173963229,65.60912626843019,65.96747589111328,113400,0.0,0.0
2025-12-08 00:00:00-05:00,65.64893234506181,66.15660629936855,64.2453730055345,65.13130950927734,185300,0.0,0.0
2025-12-09 00:00:00-05:00,65.11140356430431,66.59459950966776,64.91231201805576,66.38555908203125,102400,0.0,0.0
2025-12-10 00:00:00-05:00,66.30592407840807,66.69414310984037,65.28062727259633,66.25614929199219,151000,0.0,0.0
2025-12-11 00:00:00-05:00,66.73396431623578,67.85880314912986,66.3059269560077,67.23168182373047,126200,0.0,0.0
2025-12-12 00:00:00-05:00,67.74930329259655,68.05789330518382,66.91314154264309,67.34117889404297,88900,0.0,0.0
2025-12-15 00:00:00-05:00,67.5402597444778,67.90857340950834,66.21632944012669,66.98281860351562,116200,0.0,0.0
2025-12-16 00:00:00-05:00,67.11222835689318,67.11222835689318,65.44985366816951,65.91770935058594,116500,0.0,0.0
2025-12-17 00:00:00-05:00,65.76838956310246,68.04793660423952,65.19103544552546,67.95834350585938,118200,0.0,0.0
2025-12-18 00:00:00-05:00,68.14748140875022,68.14748140875022,67.32126850913806,67.7393569946289,99600,0.0,0.0
2025-12-19 00:00:00-05:00,67.2515840874472,67.39094437556692,65.94756670808435,66.87332153320312,727400,0.0,0.0
2025-12-22 00:00:00-05:00,66.54483092597582,66.88328278885672,65.47971573662413,65.89779663085938,101800,0.0,0.0
2025-12-23 00:00:00-05:00,65.77834496910712,66.25614950413853,65.25076564750046,65.63898468017578,137700,0.0,0.0
2025-12-24 00:00:00-05:00,65.67880322346461,66.31588100214344,65.3503078578616,65.61907196044922,67100,0.0,0.0
2025-12-26 00:00:00-05:00,65.5593515484693,65.76839199299118,64.18565394393981,64.76300048828125,61500,0.0,0.0
2025-12-29 00:00:00-05:00,64.59377377115753,65.07158589226708,64.19559826932725,64.52409362792969,159700,0.0,0.0
2025-12-30 00:00:00-05:00,64.47432440595938,65.10145334369322,64.05624351051459,64.08610534667969,96000,0.0,0.0
2025-12-31 00:00:00-05:00,64.19559982790365,64.53405167077462,63.27980146765596,63.79742431640625,106200,0.0,0.0
2026-01-02 00:00:00-05:00,63.77751872567174,64.61368805622186,63.608296602136825,63.81733703613281,100500,0.0,0.0
2026-01-05 00:00:00-05:00,63.7974261070632,65.04171986881337,63.60829861958234,63.6580696105957,124000,0.0,0.0
2026-01-06 00:00:00-05:00,63.54857044280967,64.6933184124748,63.389300994974384,64.31505584716797,135900,0.0,0.0
2026-01-07 00:00:00-05:00,64.40464283240085,65.2507686760555,63.38930245240838,63.59834289550781,106300,0.0,0.0
2026-01-08 00:00:00-05:00,63.409212925264974,66.06702646159027,63.31962361960719,65.29058074951172,123000,0.0,0.0
2026-01-09 00:00:00-05:00,65.16117411838398,65.34035272197342,64.21551390723029,64.91231536865234,89900,0.0,0.0
2026-01-12 00:00:00-05:00,64.85259504012163,66.8136033041668,64.27524088830357,65.84803009033203,97100,0.0,0.0
2026-01-13 00:00:00-05:00,65.71861189530604,67.37103755362224,65.71861189530604,66.38555908203125,101000,0.0,0.0
2026-01-14 00:00:00-05:00,66.75386529408456,67.80903150503133,65.85797991504137,67.580078125,91900,0.0,0.0
2026-01-15 00:00:00-05:00,67.14208855573708,69.46145395757318,66.5647420203538,68.44611358642578,147100,0.0,0.0
2026-01-16 00:00:00-05:00,67.8289382518872,68.76464955399874,67.40090091098149,68.67505645751953,151000,0.0,0.0
2026-01-20 00:00:00-05:00,67.82893686241555,68.08775207580618,66.32582796194718,67.580078125,113600,0.0,0.0
2026-01-21 00:00:00-05:00,67.74930349428978,68.99359724106746,67.41085924055808,68.52574157714844,115600,0.0,0.0
2026-01-22 00:00:00-05:00,68.4759747685021,68.56556027338127,67.81898402112272,68.49588012695312,89900,0.0,0.0
2026-01-23 00:00:00-05:00,68.41625198462805,68.66511073860381,67.61990093407898,68.42620086669922,70900,0.0,0.0
2026-01-26 00:00:00-05:00,68.6551560609761,69.00355680675823,68.2868423613969,68.88410186767578,89600,0.0,0.0
2026-01-27 00:00:00-05:00,68.71487890445003,69.56099716102047,68.29679801455403,69.5510482788086,77900,0.0,0.0
2026-01-28 00:00:00-05:00,69.56099543024402,69.77999234652151,67.97825741734714,68.48593139648438,78100,0.0,0.0
2026-01-29 00:00:00-05:00,68.79451362673218,69.87953413400842,68.69497164540067,69.70035552978516,111600,0.0,0.0
2026-01-30 00:00:00-05:00,69.70035651274277,71.2034655141153,69.15287181041533,70.82520294189453,162000,0.0,0.0
2026-02-02 00:00:00-05:00,70.94465031365228,71.91022349518678,70.7356098714489,71.4224624633789,108400,0.0,0.0
2026-02-03 00:00:00-05:00,71.09396438067368,73.17442743605145,71.09396438067368,72.23871612548828,124200,0.0,0.0
2026-02-04 00:00:00-05:00,72.1690409950512,74.27936603129534,72.1690409950512,73.64228820800781,155000,0.0,0.0
2026-02-05 00:00:00-05:00,73.75177907630928,74.65762861557022,72.26858298095863,73.64228820800781,146400,0.0,0.0
2026-02-06 00:00:00-05:00,74.31918045567744,75.10556741939352,72.71652950435966,73.3436508178711,101100,0.0,0.0
2026-02-09 00:00:00-05:00,73.63232533449982,74.01058788591448,72.96538573283475,73.54273223876953,85500,0.0,0.0
2026-02-10 00:00:00-05:00,73.16446903267153,73.16446903267153,70.62610686514022,71.18355560302734,133600,0.0,0.0
2026-02-11 00:00:00-05:00,71.55186273695605,72.8160693987635,70.15825985797065,70.4967041015625,102900,0.0,0.0
2026-02-12 00:00:00-05:00,71.05415093853489,72.44776152359576,70.3573494432878,71.85050201416016,168100,0.0,0.0
2026-02-13 00:00:00-05:00,72.32830806067824,74.26940320080129,71.61159367215095,74.13999938964844,132600,0.0,0.0
2026-02-17 00:00:00-05:00,74.33999633789062,74.33999633789062,72.12000274658203,72.91999816894531,127300,0.34,0.0
2026-02-18 00:00:00-05:00,72.61000061035156,72.69999694824219,70.88999938964844,72.69999694824219,146000,0.0,0.0
2026-02-19 00:00:00-05:00,72.4000015258789,74.62999725341797,72.26000213623047,73.86000061035156,106700,0.0,0.0
2026-02-20 00:00:00-05:00,73.77999877929688,74.77999877929688,72.55999755859375,74.41999816894531,160300,0.0,0.0
2026-02-23 00:00:00-05:00,73.0,73.48999786376953,70.91999816894531,73.4800033569336,171800,0.0,0.0
2026-02-24 00:00:00-05:00,73.43000030517578,74.29000091552734,72.6500015258789,72.76000213623047,110200,0.0,0.0
2026-02-25 00:00:00-05:00,72.6500015258789,72.69000244140625,70.87999725341797,71.51000213623047,94300,0.0,0.0
2026-02-26 00:00:00-05:00,69.97000122070312,71.51000213623047,65.37000274658203,66.38999938964844,241900,0.0,0.0
2026-02-27 00:00:00-05:00,66.0,68.97000122070312,66.0,67.76000213623047,187400,0.0,0.0
2026-03-02 00:00:00-05:00,67.83999633789062,68.0999984741211,65.66999816894531,66.58999633789062,172400,0.0,0.0
2026-03-03 00:00:00-05:00,66.0999984741211,66.83000183105469,65.0,66.5199966430664,143600,0.0,0.0
2026-03-04 00:00:00-05:00,66.91000366210938,66.99500274658203,65.05000305175781,65.66000366210938,106550,0.0,0.0
