Date,Open,High,Low,Close,Volume,Dividends,Stock Splits
2022-01-03 00:00:00-05:00,9.922402597871885,9.922402597871885,9.792295464692522,9.833381652832031,94800,0.0,0.0
2022-01-04 00:00:00-05:00,9.860774457252033,9.895013388968504,9.758058315155925,9.826536178588867,81100,0.0,0.0
2022-01-05 00:00:00-05:00,9.867620785025219,9.867620785025219,9.67588371256687,9.682731628417969,68200,0.0,0.0
2022-01-06 00:00:00-05:00,9.71696990156706,9.840229774674025,9.67588371256687,9.682731628417969,70400,0.0,0.0
2022-01-07 00:00:00-05:00,9.703273352811415,9.716968529526646,9.614252418476536,9.696425437927246,85500,0.0,0.0
2022-01-10 00:00:00-05:00,9.710124551319554,9.723819732666016,9.600560488334546,9.723819732666016,80900,0.0,0.0
2022-01-11 00:00:00-05:00,9.710125624903787,9.710125624903787,9.586865713890958,9.689581871032715,90500,0.0,0.0
2022-01-12 00:00:00-05:00,9.75121039820197,9.853927193351383,9.737515217347363,9.826536178588867,88100,0.0,0.0
2022-01-13 00:00:00-05:00,9.847079276397428,9.860774457252033,9.799145163826351,9.826536178588867,42600,0.0,0.0
2022-01-14 00:00:00-05:00,9.819687846342656,9.860774040222168,9.78544891607421,9.860774040222168,55800,0.0,0.0
2022-01-18 00:00:00-05:00,9.8607736141316,9.89501254292056,9.78544849323849,9.792296409606934,87300,0.0,0.0
2022-01-19 00:00:00-05:00,9.88131587338638,9.942945805303633,9.778599102506575,9.840229034423828,132500,0.0,0.0
2022-01-20 00:00:00-05:00,9.901859499382443,9.977184612973382,9.79914337602633,9.812838554382324,72700,0.0,0.0
2022-01-21 00:00:00-05:00,9.812840816943567,9.81968873422709,9.593712688297458,9.648494720458984,118800,0.0,0.0
2022-01-24 00:00:00-05:00,9.552623529213944,9.641644473227435,9.20338766878867,9.621101379394531,231900,0.0,0.0
2022-01-25 00:00:00-05:00,9.436210435234885,9.627948131344954,9.319798495829877,9.545774459838867,96300,0.0,0.0
2022-01-26 00:00:00-05:00,9.641643307893903,9.744359417696861,9.40881942908389,9.545774459838867,97800,0.0,0.0
2022-01-27 00:00:00-05:00,9.641644161379343,9.730665102513553,9.538928042483878,9.5800142288208,71100,0.0,0.0
2022-01-28 00:00:00-05:00,9.580013701284063,9.785446580815705,9.504688595112148,9.771751403808594,115200,0.0,0.0
2022-01-31 00:00:00-05:00,9.771749864619409,9.977182058739446,9.669033114506371,9.915552139282227,146000,0.0,0.0
2022-02-01 00:00:00-05:00,9.922403754331627,9.990881613282847,9.895012741361793,9.929251670837402,80300,0.0,0.0
2022-02-02 00:00:00-05:00,9.929249042449342,10.079899900431025,9.929249042449342,10.066204071044922,98800,0.0,0.0
2022-02-03 00:00:00-05:00,9.997729221821272,10.079902258199539,9.860773508137582,9.888164520263672,85000,0.0,0.0
2022-02-04 00:00:00-05:00,9.874469020846169,9.977185149728228,9.737513964652349,9.764904975891113,101200,0.0,0.0
2022-02-07 00:00:00-05:00,9.723816652167988,9.977183630817677,9.600557446884945,9.607404708862305,109000,0.0,0.0
2022-02-08 00:00:00-05:00,9.60055797504242,9.703274093937885,9.566319051059546,9.5800142288208,134600,0.0,0.0
2022-02-09 00:00:00-05:00,9.593709326877136,9.744359536010217,9.593709326877136,9.696425437927246,133600,0.0,0.0
2022-02-10 00:00:00-05:00,9.682732069187654,9.696427248460072,9.484147071838379,9.484147071838379,127900,0.0,0.0
2022-02-11 00:00:00-05:00,9.559471668704083,9.655340530591303,9.443059712502883,9.573166847229004,102100,0.0,0.0
2022-02-14 00:00:00-05:00,9.5252351144824,9.76490700234931,9.5252351144824,9.730668067932129,78300,0.0,0.0
2022-02-15 00:00:00-05:00,9.73751427491817,9.853926239655449,9.703275346515456,9.847078323364258,108900,0.0,0.0
2022-02-16 00:00:00-05:00,9.840230412306326,9.956642377105517,9.79229630434898,9.888164520263672,98000,0.0,0.0
2022-02-17 00:00:00-05:00,9.874468799661665,9.949793915617706,9.819686778411233,9.853925704956055,90200,0.0,0.0
2022-02-18 00:00:00-05:00,9.881316189834674,9.990880226506057,9.85392518066683,9.901859283447266,84700,0.0,0.0
2022-02-22 00:00:00-05:00,9.867621326994177,9.881317159448603,9.621102220293636,9.655341148376465,85700,0.0,0.0
2022-02-23 00:00:00-05:00,9.689579224424444,9.723818151804155,9.532081072752286,9.55947208404541,122000,0.0,0.0
2022-02-24 00:00:00-05:00,9.484148508149644,9.744362831212372,9.449909575203497,9.723819732666016,158700,0.0,0.0
2022-02-25 00:00:00-05:00,9.778600774928162,9.997729531783833,9.778600774928162,9.94979476928711,117500,0.0,0.0
2022-02-28 00:00:00-05:00,9.881314202030401,10.086746402936273,9.840227370017402,9.977182388305664,147200,0.0,0.0
2022-03-01 00:00:00-05:00,10.011423852787741,10.052510695252169,9.826534694330839,9.853925704956055,144700,0.0,0.0
2022-03-02 00:00:00-05:00,9.90185729151038,10.182615242264577,9.881314202030401,9.977182388305664,95100,0.0,0.0
2022-03-03 00:00:00-05:00,10.011424061320035,10.11414084309403,9.936098943795013,9.990880966186523,100200,0.0,0.0
2022-03-04 00:00:00-05:00,10.004574979773988,10.079900741577148,9.76490382299495,10.079900741577148,100800,0.0,0.0
2022-03-07 00:00:00-05:00,10.162074846659774,10.257943058348843,10.052510802984717,10.086749076843262,125300,0.0,0.0
2022-03-08 00:00:00-05:00,10.093596774925942,10.257942836890466,10.093596774925942,10.175769805908203,124000,0.0,0.0
2022-03-09 00:00:00-05:00,10.175771065898523,10.36066089829205,10.175771065898523,10.257944107055664,129000,0.0,0.0
2022-03-10 00:00:00-05:00,10.319574656918016,10.360661506434914,10.271640543359402,10.340118408203125,102000,0.0,0.0
2022-03-11 00:00:00-05:00,10.367510080486662,10.442835214145221,10.271641194241202,10.299032211303711,123700,0.0,0.0
2022-03-14 00:00:00-04:00,10.299028582211154,10.509356058542268,10.116745393429296,10.130766868591309,107800,0.35,0.0
2022-03-15 00:00:00-04:00,10.130767404411532,10.165822097089544,9.815276507534731,9.96951675415039,146200,0.0,0.0
2022-03-16 00:00:00-04:00,10.039626679312498,10.053648825516538,9.906419633437784,10.025605201721191,66800,0.0,0.0
2022-03-17 00:00:00-04:00,10.039623864964012,10.109733239105399,9.962504088298521,10.10272216796875,122000,0.0,0.0
2022-03-18 00:00:00-04:00,10.102723783991653,10.102723783991653,9.885385892890755,9.96951675415039,134800,0.0,0.0
2022-03-21 00:00:00-04:00,10.004572105733969,10.18685531616211,9.9905499602942,10.18685531616211,58100,0.0,0.0
2022-03-22 00:00:00-04:00,10.277997255682527,10.277997255682527,10.158811693895265,10.18685531616211,115700,0.0,0.0
2022-03-23 00:00:00-04:00,10.228919298754395,10.242940773134492,10.151798849519837,10.214897155761719,46100,0.0,0.0
2022-03-24 00:00:00-04:00,10.306043521151075,10.355120374164365,9.857345449803505,10.053650856018066,261900,0.0,0.0
2022-03-25 00:00:00-04:00,10.067667997401518,10.228919298754395,10.039624380028744,10.214897155761719,69000,0.0,0.0
2022-03-28 00:00:00-04:00,10.26397863098377,10.334087371826172,10.16582559146895,10.334087371826172,97300,0.0,0.0
2022-03-29 00:00:00-04:00,10.341095257321317,10.474302291870117,10.306040563404474,10.474302291870117,97300,0.0,0.0
2022-03-30 00:00:00-04:00,10.481315087967559,10.586479187011719,10.411206357217571,10.586479187011719,144700,0.0,0.0
2022-03-31 00:00:00-04:00,10.621530604085098,10.726694677248018,10.607509128830948,10.642563819885254,207400,0.0,0.0
2022-04-01 00:00:00-04:00,10.642566092748568,10.733708041509308,10.642566092748568,10.726696968078613,63700,0.0,0.0
2022-04-04 00:00:00-04:00,10.72669675156576,10.761751449398908,10.558435004301945,10.600500106811523,80000,0.0,0.0
2022-04-05 00:00:00-04:00,10.65658574280573,10.726695127859527,10.516367641310783,10.530389785766602,58700,0.0,0.0
2022-04-06 00:00:00-04:00,10.516369258011096,10.824849128723145,10.411205832876085,10.824849128723145,64300,0.0,0.0
2022-04-07 00:00:00-04:00,10.817838199086797,10.831859676405113,10.607510690410319,10.635554313659668,89200,0.0,0.0
2022-04-08 00:00:00-04:00,10.628542786904084,10.74772834777832,10.628542786904084,10.74772834777832,58600,0.0,0.0
2022-04-11 00:00:00-04:00,10.747729524166612,10.747729524166612,10.551424148315983,10.5794677734375,53300,0.0,0.0
2022-04-12 00:00:00-04:00,10.656586739672308,10.747728681323025,10.551423320866785,10.607510566711426,77200,0.0,0.0
2022-04-13 00:00:00-04:00,10.607510690410319,10.691641560158367,10.565444921229934,10.635554313659668,59900,0.0,0.0
2022-04-14 00:00:00-04:00,10.649576159313142,10.726696627375745,10.565445286655274,10.572456359863281,92700,0.0,0.0
2022-04-18 00:00:00-04:00,10.670606320706998,10.796802259219266,10.6425627045251,10.740715026855469,100700,0.0,0.0
2022-04-19 00:00:00-04:00,10.740717149970864,10.796804393421416,10.719684600830078,10.719684600830078,115400,0.0,0.0
2022-04-20 00:00:00-04:00,10.77577044510648,10.845879824622696,10.726694280612685,10.831857681274414,95200,0.0,0.0
2022-04-21 00:00:00-04:00,10.86691427781885,10.86691427781885,10.684630393981934,10.684630393981934,121000,0.0,0.0
2022-04-22 00:00:00-04:00,10.66359633953515,10.740716124765374,10.446257790449799,10.49533462524414,99100,0.0,0.0
2022-04-25 00:00:00-04:00,10.411203668508032,10.411203668508032,10.165821502721435,10.327072143554688,83600,0.0,0.0
2022-04-26 00:00:00-04:00,10.285009481147274,10.46028230711282,10.22892223032732,10.235933303833008,64800,0.0,0.0
2022-04-27 00:00:00-04:00,10.256963501784304,10.523378216343813,10.242941357990986,10.348105430603027,97600,0.0,0.0
2022-04-28 00:00:00-04:00,10.439249804532944,10.537402159625236,10.37615147990917,10.390172958374023,53700,0.0,0.0
2022-04-29 00:00:00-04:00,10.397183185218553,10.460281504703918,9.955495617433728,9.97652816772461,82100,0.0,0.0
2022-05-02 00:00:00-04:00,9.969517151162526,10.060659088309805,9.815276898404617,9.983538627624512,90900,0.0,0.0
2022-05-03 00:00:00-04:00,9.934464191063146,10.341097108625146,9.934464191063146,10.172835350036621,78600,0.0,0.0
2022-05-04 00:00:00-04:00,10.249956544051328,10.390174695202688,10.228923988531845,10.355120658874512,53600,0.0,0.0
2022-05-05 00:00:00-04:00,10.292018178936456,10.376149035746378,9.997559845795418,10.130766868591309,69200,0.0,0.0
2022-05-06 00:00:00-04:00,10.144790083418924,10.460280996917763,10.060659217726746,10.376150131225586,100800,0.0,0.0
2022-05-09 00:00:00-04:00,10.242940891531957,10.334082816200116,10.053646639230845,10.313050270080566,55400,0.0,0.0
2022-05-10 00:00:00-04:00,10.418214629281183,10.446258249562199,9.955494560338078,10.095712661743164,95300,0.0,0.0
2022-05-11 00:00:00-04:00,10.130766303643401,10.474300783613012,10.08870121189053,10.214897155761719,93500,0.0,0.0
2022-05-12 00:00:00-04:00,10.242942293991684,10.242942293991684,9.88538628655258,9.983538627624512,65000,0.0,0.0
2022-05-13 00:00:00-04:00,10.025603126357893,10.228919523939561,9.99054843671707,10.12375545501709,69700,0.0,0.0
2022-05-16 00:00:00-04:00,10.095714875890618,10.299031334671618,10.032617217879517,10.172835350036621,72300,0.0,0.0
2022-05-17 00:00:00-04:00,10.306040775899838,10.481313580485253,10.306040775899838,10.453269958496094,60700,0.0,0.0
2022-05-18 00:00:00-04:00,10.425224740868275,10.551421354810739,10.28500665238364,10.313050270080566,75300,0.0,0.0
2022-05-19 00:00:00-04:00,10.29201821998935,10.551421863341144,10.207887362843845,10.49533462524414,148200,0.0,0.0
2022-05-20 00:00:00-04:00,10.537399991313745,10.565443611085607,10.30603996104272,10.48131275177002,66900,0.0,0.0
2022-05-23 00:00:00-04:00,10.523381167755998,10.64256674897581,10.502347946166992,10.502347946166992,92000,0.0,0.0
2022-05-24 00:00:00-04:00,10.551424148315983,10.628543950246968,10.3761513241533,10.5794677734375,78600,0.0,0.0
2022-05-25 00:00:00-04:00,10.607511610511661,10.740718665347343,10.579467984829792,10.70566463470459,102500,0.0,0.0
2022-05-26 00:00:00-04:00,10.796803289691724,10.85289052740862,10.614520101418119,10.761749267578125,130300,0.0,0.0
2022-05-27 00:00:00-04:00,10.810828080135623,10.993111981648612,10.796805932967189,10.930013656616211,78300,0.0,0.0
2022-05-31 00:00:00-04:00,10.923001025491498,10.923001025491498,10.705663124273782,10.719684600830078,60800,0.0,0.0
2022-06-01 00:00:00-04:00,10.76876064556993,10.796804266966753,10.59348784468662,10.691640853881836,85400,0.0,0.0
2022-06-02 00:00:00-04:00,10.691640979104802,10.78278291686512,10.649575212210548,10.719684600830078,65300,0.0,0.0
2022-06-03 00:00:00-04:00,10.726693904444424,10.76174859297322,10.656584527386835,10.677617073059082,44500,0.0,0.0
2022-06-06 00:00:00-04:00,10.754739754206783,10.782783377129103,10.523379697944465,10.607510566711426,109300,0.0,0.0
2022-06-07 00:00:00-04:00,10.54441110976414,10.817836905201283,10.54441110976414,10.775771141052246,52600,0.0,0.0
2022-06-08 00:00:00-04:00,10.789794481709098,10.789794481709098,10.55142335186278,10.684630393981934,81600,0.0,0.0
2022-06-09 00:00:00-04:00,10.565444915761168,10.677619408700503,10.47430297309478,10.488325119018555,89500,0.0,0.0
2022-06-10 00:00:00-04:00,10.4532709108025,10.607511180100703,10.418216212969352,10.600500106811523,94700,0.0,0.0
2022-06-13 00:00:00-04:00,10.425224871171125,10.460279560883572,9.948482695752071,10.341094017028809,322200,0.0,0.0
2022-06-14 00:00:00-04:00,10.269282217050366,10.269282217050366,9.673233032226562,9.673233032226562,255700,0.35,0.0
2022-06-15 00:00:00-04:00,9.802496812721133,9.982029726396345,9.780953054841946,9.917398452758789,148400,0.0,0.0
2022-06-16 00:00:00-04:00,9.759409399168888,9.7881346382632,9.350074570859002,9.385980606079102,226800,0.0,0.0
2022-06-17 00:00:00-04:00,9.407524426629104,9.493700138210503,8.991008144887166,9.127452850341797,172700,0.0,0.0
2022-06-21 00:00:00-04:00,9.256716787208477,9.421886730339795,9.192084832117551,9.271079063415527,114500,0.0,0.0
2022-06-22 00:00:00-04:00,9.213627236200093,9.227990195162185,8.983825371715243,8.991006851196289,114500,0.0,0.0
2022-06-23 00:00:00-04:00,9.05563979756791,9.184903712833842,9.019733763206222,9.15617847442627,132200,0.0,0.0
2022-06-24 00:00:00-04:00,9.227992410839942,9.615783492700102,9.220810929634595,9.529607772827148,72500,0.0,0.0
2022-06-27 00:00:00-04:00,9.594238174860019,9.694776847982615,9.479337225499155,9.68759536743164,73000,0.0,0.0
2022-06-28 00:00:00-04:00,9.780952527528322,10.053842623786158,9.701958296320926,9.816859245300293,102800,0.0,0.0
2022-06-29 00:00:00-04:00,9.881488967059841,9.881488967059841,9.587055180627543,9.8240385055542,82400,0.0,0.0
2022-06-30 00:00:00-04:00,9.824040502360603,10.132836624502568,9.802496061269283,9.98202896118164,190000,0.0,0.0
2022-07-01 00:00:00-04:00,9.98202987381307,10.11129379272461,9.838403677724541,10.11129379272461,63900,0.0,0.0
2022-07-05 00:00:00-04:00,10.053843206008134,10.061024686951146,9.658870657370786,9.788134574890137,75100,0.0,0.0
2022-07-06 00:00:00-04:00,9.838401575090394,9.903033520733214,9.594236751490216,9.752225875854492,68800,0.0,0.0
2022-07-07 00:00:00-04:00,9.831219299594762,9.938939428565485,9.780950316993206,9.8240385055542,83100,0.0,0.0
2022-07-08 00:00:00-04:00,9.809677556249412,9.924578502786337,9.694776609712488,9.730683326721191,69200,0.0,0.0
2022-07-11 00:00:00-04:00,9.65168801071583,9.795314872774236,9.65168801071583,9.680413246154785,48100,0.0,0.0
2022-07-12 00:00:00-04:00,9.6804150170041,9.81686042394697,9.464976054233267,9.486519813537598,89300,0.0,0.0
2022-07-13 00:00:00-04:00,9.414705446422547,9.65168883012935,9.407524650600896,9.630145072937012,45500,0.0,0.0
2022-07-14 00:00:00-04:00,9.579878363155107,9.673235579743942,9.500883426499401,9.515246391296387,45900,0.0,0.0
2022-07-15 00:00:00-04:00,9.644507002129416,9.666050757016091,9.551149817802335,9.594237327575684,37900,0.0,0.0
2022-07-18 00:00:00-04:00,9.644509303900909,9.737866510508747,9.622964859008789,9.622964859008789,44100,0.0,0.0
2022-07-19 00:00:00-04:00,9.651687987064523,9.838402359392001,9.651687987064523,9.809677124023438,43900,0.0,0.0
2022-07-20 00:00:00-04:00,9.845585509385502,9.917398952419193,9.752228307387204,9.852766990661621,64700,0.0,0.0
2022-07-21 00:00:00-04:00,9.802495507151,9.895852692011744,9.694776047238246,9.759407997131348,47700,0.0,0.0
2022-07-22 00:00:00-04:00,9.795316271321864,10.089750147825491,9.795316271321864,10.017936706542969,80200,0.0,0.0
2022-07-25 00:00:00-04:00,10.053842750315702,10.16156222012361,9.967667037496637,10.140018463134766,25700,0.0,0.0
2022-07-26 00:00:00-04:00,10.197471554400687,10.24774124675573,10.13283958198982,10.161564826965332,35200,0.0,0.0
2022-07-27 00:00:00-04:00,10.147200655356697,10.305189815702978,10.096931657236226,10.183107376098633,46800,0.0,0.0
2022-07-28 00:00:00-04:00,10.21183407544337,10.355460294077938,10.14002062369417,10.262103080749512,127500,0.0,0.0
2022-07-29 00:00:00-04:00,10.27646485700222,10.56371726106265,10.27646485700222,10.448816299438477,81000,0.0,0.0
2022-08-01 00:00:00-04:00,10.412906787595452,10.520626239038943,10.369818596099915,10.463175773620605,49900,0.0,0.0
2022-08-02 00:00:00-04:00,10.46317618133943,10.606803035345553,10.412907193355442,10.513445854187012,85100,0.0,0.0
2022-08-03 00:00:00-04:00,10.578075657311253,10.621163844541401,10.50626292507901,10.55653190612793,43600,0.0,0.0
2022-08-04 00:00:00-04:00,10.599620093358078,10.685795782954871,10.542169633626882,10.55653190612793,44200,0.0,0.0
2022-08-05 00:00:00-04:00,10.54935147174811,10.692978320157525,10.448813499697806,10.463175773620605,40600,0.0,0.0
2022-08-08 00:00:00-04:00,10.506264374513986,10.613983830154982,10.384181959526938,10.513445854187012,63600,0.0,0.0
2022-08-09 00:00:00-04:00,10.570897236912531,10.642709985268459,10.549352796028462,10.621166229248047,65400,0.0,0.0
2022-08-10 00:00:00-04:00,10.70016289825752,10.764794865922862,10.657075376389834,10.721707344055176,81700,0.0,0.0
2022-08-11 00:00:00-04:00,10.80070159072181,10.80070159072181,10.685800619256229,10.721707344055176,68500,0.0,0.0
2022-08-12 00:00:00-04:00,10.779154854326555,10.836605324200805,10.771973374376367,10.815061569213867,75800,0.0,0.0
2022-08-15 00:00:00-04:00,10.786336394205675,10.858149139515668,10.72170444402214,10.829423904418945,78700,0.0,0.0
2022-08-16 00:00:00-04:00,10.822241690375725,10.937142622969093,10.822241690375725,10.91559886932373,76800,0.0,0.0
2022-08-17 00:00:00-04:00,10.901237512399772,10.901237512399772,10.757610649709871,10.771973609924316,50500,0.0,0.0
2022-08-18 00:00:00-04:00,10.843789482698837,10.944327487381074,10.836608000974735,10.872514724731445,50200,0.0,0.0
2022-08-19 00:00:00-04:00,10.836605384409033,10.879692894622304,10.786336394205675,10.829423904418945,41400,0.0,0.0
2022-08-22 00:00:00-04:00,10.75761075107555,10.771973711425332,10.606803776584693,10.678616523742676,100500,0.0,0.0
2022-08-23 00:00:00-04:00,10.657072768081646,10.750429955764302,10.628347532245723,10.678616523742676,42300,0.0,0.0
2022-08-24 00:00:00-04:00,10.692980531163434,10.858150482177734,10.692980531163434,10.858150482177734,41100,0.0,0.0
2022-08-25 00:00:00-04:00,10.858149501693356,11.023320122656562,10.850968021463729,10.98741340637207,43200,0.0,0.0
2022-08-26 00:00:00-04:00,10.980232179806789,11.037682653243733,10.642710134716994,10.69297981262207,77500,0.0,0.0
2022-08-29 00:00:00-04:00,10.635528450787087,10.815061336496862,10.628346970991428,10.707341194152832,51400,0.0,0.0
2022-08-30 00:00:00-04:00,10.764793036588216,10.764793036588216,10.427271661481333,10.484722137451172,88200,0.0,0.0
2022-08-31 00:00:00-04:00,10.427270152701494,10.570896321844023,10.412907193355442,10.513445854187012,71100,0.0,0.0
2022-09-01 00:00:00-04:00,10.470360379760306,10.613986586197008,10.427272860261183,10.585261344909668,35400,0.0,0.0
2022-09-02 00:00:00-04:00,10.671435221583561,10.771973891118249,10.570897236912531,10.621166229248047,70200,0.0,0.0
2022-09-06 00:00:00-04:00,10.657072692303318,10.664254172427144,10.570896985408314,10.642709732055664,49500,0.0,0.0
2022-09-07 00:00:00-04:00,10.570897968078512,10.865331831889574,10.563716487287095,10.807881355285645,57800,0.0,0.0
2022-09-08 00:00:00-04:00,10.779156175236773,10.872513371438608,10.728886494288888,10.822243690490723,23000,0.0,0.0
2022-09-09 00:00:00-04:00,10.894056469338503,11.016138896604419,10.865331232620855,10.965869903564453,59100,0.0,0.0
2022-09-12 00:00:00-04:00,11.037681407133459,11.195670533680543,10.922780473231429,11.095131874084473,98300,0.0,0.0
2022-09-13 00:00:00-04:00,10.937145233154297,11.166947838047752,10.915601474367447,10.937145233154297,97300,0.0,0.0
2022-09-14 00:00:00-04:00,11.017997816738799,11.017997816738799,10.907744614956734,10.98859691619873,66500,0.35,0.0
2022-09-15 00:00:00-04:00,10.915092491234603,10.981243976422743,10.635783650207363,10.672534942626953,125700,0.0,0.0
2022-09-16 00:00:00-04:00,10.584331880758635,10.650484068921427,10.378525618341985,10.481429100036621,63300,0.0,0.0
2022-09-19 00:00:00-04:00,10.319721920822799,10.503477653530451,10.319721920822799,10.437325477600098,61700,0.0,0.0
2022-09-20 00:00:00-04:00,10.400577331073812,10.41527813059578,10.23152234240739,10.319725036621094,56300,0.0,0.0
2022-09-21 00:00:00-04:00,10.33442442614967,10.488779295207179,10.28297233581543,10.28297233581543,62400,0.0,0.0
2022-09-22 00:00:00-04:00,10.268274065165327,10.282974164322919,10.099218368530273,10.099218368530273,62900,0.0,0.0
2022-09-23 00:00:00-04:00,10.033064795425874,10.062465690686059,9.525899176944508,9.650853157043457,132400,0.0,0.0
2022-09-26 00:00:00-04:00,9.569999565760586,9.922810260788468,9.34949253088189,9.38624382019043,165700,0.0,0.0
2022-09-27 00:00:00-04:00,9.437695679423099,9.540598453496713,9.298040913219513,9.305391311645508,88700,0.0,0.0
2022-09-28 00:00:00-04:00,9.356845783048268,9.731707814671589,9.349496083172115,9.687606811523438,155000,0.0,0.0
2022-09-29 00:00:00-04:00,9.636152548812284,9.636152548812284,9.34214359041683,9.518548965454102,81900,0.0,0.0
2022-09-30 00:00:00-04:00,9.51854977865746,9.717006368258726,9.37154528690062,9.408296585083008,204500,0.0,0.0
2022-10-03 00:00:00-04:00,9.592054917519903,9.78316115794532,9.533253105230989,9.739059448242188,74500,0.0,0.0
2022-10-04 00:00:00-04:00,9.841960271230299,10.187420648447329,9.841960271230299,10.150670051574707,65000,0.0,0.0
2022-10-05 00:00:00-04:00,10.062467594515143,10.062467594515143,9.878711789129037,9.893412590026855,56700,0.0,0.0
2022-10-06 00:00:00-04:00,9.856659712369774,9.856659712369774,9.533249855041504,9.533249855041504,51000,0.0,0.0
2022-10-07 00:00:00-04:00,9.415646079238995,9.621452347902416,9.261291202498269,9.334793090820312,67400,0.0,0.0
2022-10-10 00:00:00-04:00,9.349495277184008,9.474449276953258,9.275992676976424,9.327444076538086,79700,0.0,0.0
2022-10-11 00:00:00-04:00,9.275993512036111,9.422998024712435,9.209841306088563,9.261293411254883,74100,0.0,0.0
2022-10-12 00:00:00-04:00,9.23189140451996,9.320094101576085,9.106937408447266,9.106937408447266,102700,0.0,0.0
2022-10-13 00:00:00-04:00,8.923181963473013,9.393596366178178,8.842328962278497,9.342144966125488,122900,0.0,0.0
2022-10-14 00:00:00-04:00,9.445046709983657,9.570000687698126,9.040783882141113,9.040783882141113,114800,0.0,0.0
2022-10-17 00:00:00-04:00,9.173087459226752,9.364193623203796,9.158387362521463,9.312742233276367,80600,0.0,0.0
2022-10-18 00:00:00-04:00,9.45974740527467,9.555300494334737,9.371544715597532,9.474448204040527,63900,0.0,0.0
2022-10-19 00:00:00-04:00,9.408295470374137,9.518548650885629,9.342143281678192,9.422995567321777,59300,0.0,0.0
2022-10-20 00:00:00-04:00,9.42299717641885,9.577352076076583,9.253942177303246,9.327444076538086,78800,0.0,0.0
2022-10-21 00:00:00-04:00,9.312742594420964,9.42299577739035,9.261291202498269,9.334793090820312,71800,0.0,0.0
2022-10-24 00:00:00-04:00,9.39359318734069,9.39359318734069,9.246588736242344,9.290690422058105,48400,0.0,0.0
2022-10-25 00:00:00-04:00,9.239241682359097,9.481799289702215,9.239241682359097,9.4670991897583,66300,0.0,0.0
2022-10-26 00:00:00-04:00,9.540599913483815,9.621452906597439,9.474448420444507,9.55530071258545,65200,0.0,0.0
2022-10-27 00:00:00-04:00,9.599402356104996,9.761106939497235,9.533250162456953,9.628803253173828,64300,0.0,0.0
2022-10-28 00:00:00-04:00,9.650852389420596,9.834608145424097,9.60675069955182,9.805207252502441,89500,0.0,0.0
2022-10-31 00:00:00-04:00,9.76110569767938,9.864009174815148,9.665552619118865,9.746405601501465,63100,0.0,0.0
2022-11-01 00:00:00-04:00,9.841960222510128,9.9448630148004,9.746407128974376,9.849309921264648,49600,0.0,0.0
2022-11-02 00:00:00-04:00,9.827257288471078,10.055114723712926,9.761105107240459,9.768455505371094,54500,0.0,0.0
2022-11-03 00:00:00-04:00,9.687604463736328,10.003663912943885,9.555300084410174,9.819908142089844,38100,0.0,0.0
2022-11-04 00:00:00-04:00,10.025716918112638,10.033066617532986,9.768458512135785,9.922813415527344,47700,0.0,0.0
2022-11-07 00:00:00-05:00,9.966912952003153,10.033064438254137,9.761105991535834,9.797857284545898,61400,0.0,0.0
2022-11-08 00:00:00-05:00,9.79785811534978,9.922812101595836,9.753757120776271,9.900761604309082,39000,0.0,0.0
2022-11-09 00:00:00-05:00,9.871360221981169,9.886060319124944,9.643502757985251,9.650853157043457,44400,0.0,0.0
2022-11-10 00:00:00-05:00,9.92280961419564,10.216818507560586,9.893408724859144,10.165367126464844,60300,0.0,0.0
2022-11-11 00:00:00-05:00,10.231522038031088,10.231522038031088,10.047766255309226,10.22417163848877,55500,0.0,0.0
2022-11-14 00:00:00-05:00,10.158018088200333,10.180069283882894,9.98896312713623,9.98896312713623,59600,0.0,0.0
2022-11-15 00:00:00-05:00,10.04041603471476,10.187420523317737,9.812559252623318,9.878710746765137,70600,0.0,0.0
2022-11-16 00:00:00-05:00,9.871360636818094,9.996314622168146,9.834609340955256,9.93016242980957,37900,0.0,0.0
2022-11-17 00:00:00-05:00,9.90811255707329,9.959564658552853,9.717007054773976,9.783159255981445,80500,0.0,0.0
2022-11-18 00:00:00-05:00,9.790509012342362,9.96691511691326,9.74640801192921,9.922813415527344,63400,0.0,0.0
2022-11-21 00:00:00-05:00,9.864011840299103,9.91546324228405,9.797859637191154,9.834610939025879,69000,0.0,0.0
2022-11-22 00:00:00-05:00,9.886062189577947,10.08451879586187,9.886062189577947,9.893412590026855,55100,0.0,0.0
2022-11-23 00:00:00-05:00,9.930163815920457,10.06981791852579,9.886062114534543,9.922813415527344,72000,0.0,0.0
2022-11-25 00:00:00-05:00,9.988964222801044,10.04776601579252,9.93016242980957,9.93016242980957,33200,0.0,0.0
2022-11-28 00:00:00-05:00,9.88606071472168,10.047765995609755,9.864010217637334,9.88606071472168,73600,0.0,0.0
2022-11-29 00:00:00-05:00,9.849309723761372,9.89341142026764,9.746406933534558,9.812559127807617,57700,0.0,0.0
2022-11-30 00:00:00-05:00,9.724357678751721,10.003666609866427,9.717007978675333,9.996316909790039,128300,0.0,0.0
2022-12-01 00:00:00-05:00,10.069817543029785,10.11391924277118,10.00366534390406,10.069817543029785,89400,0.0,0.0
2022-12-02 00:00:00-05:00,9.96691330558705,10.135968278069049,9.886060317902063,10.1065673828125,44800,0.0,0.0
2022-12-05 00:00:00-05:00,10.084517529890194,10.091867228443682,9.834609553781936,9.841959953308105,75300,0.0,0.0
2022-12-06 00:00:00-05:00,9.819907779962893,9.834608577555963,9.739055496118839,9.797857284545898,56800,0.0,0.0
2022-12-07 00:00:00-05:00,9.775808855631112,9.856661156566485,9.739057554852213,9.783159255981445,86200,0.0,0.0
2022-12-08 00:00:00-05:00,9.775807289434294,9.8052081851525,9.724355196197948,9.761106491088867,106500,0.0,0.0
2022-12-09 00:00:00-05:00,9.709654284970183,9.775806470034489,9.702303886413574,9.702303886413574,74300,0.0,0.0
2022-12-12 00:00:00-05:00,9.7758079552294,9.878710746765137,9.717006159788209,9.878710746765137,171900,0.0,0.0
2022-12-13 00:00:00-05:00,10.150671826959407,10.150671826959407,9.856662093746273,9.996316909790039,162800,0.0,0.0
2022-12-14 00:00:00-05:00,9.996314188255742,10.139657244946173,9.943503702025936,10.056669235229492,89800,0.35,0.0
2022-12-15 00:00:00-05:00,9.905782110903285,10.169835274685743,9.807704974816447,9.883149147033691,99800,0.0,0.0
2022-12-16 00:00:00-05:00,9.807707216341024,9.988772407657626,9.573830804606914,9.702085494995117,120100,0.0,0.0
2022-12-19 00:00:00-05:00,9.641727898419251,9.762437994254089,9.56628444826694,9.604005813598633,77300,0.0,0.0
2022-12-20 00:00:00-05:00,9.558739938613702,9.739805083335972,9.551195377711375,9.679450035095215,70600,0.0,0.0
2022-12-21 00:00:00-05:00,9.73225978758706,10.034035725493798,9.73225978758706,10.026491165161133,71900,0.0,0.0
2022-12-22 00:00:00-05:00,9.988772177888078,9.996316740558335,9.626641803584882,9.943506240844727,127600,0.0,0.0
2022-12-23 00:00:00-05:00,9.928414768073964,10.245279130415808,9.883148841733087,10.192468643188477,93400,0.0,0.0
2022-12-27 00:00:00-05:00,10.215100779126944,10.237733740464536,10.049124050510576,10.16983413696289,61800,0.0,0.0
2022-12-28 00:00:00-05:00,10.192469047095356,10.328267550988333,10.049125262527994,10.079302787780762,106600,0.0,0.0
2022-12-29 00:00:00-05:00,10.117022769273289,10.335809961707273,10.117022769273289,10.245277404785156,73900,0.0,0.0
2022-12-30 00:00:00-05:00,10.2754566544727,10.501788444643864,10.094391510131342,10.192468643188477,234600,0.0,0.0
2023-01-03 00:00:00-05:00,10.162292524881755,10.28300263780716,10.094392906488956,10.15474796295166,76100,0.0,0.0
2023-01-04 00:00:00-05:00,10.109480716521539,10.418801262069152,10.109480716521539,10.34335708618164,71900,0.0,0.0
2023-01-05 00:00:00-05:00,10.29054711242218,10.305635516665317,10.071759854729029,10.086848258972168,66100,0.0,0.0
2023-01-06 00:00:00-05:00,10.147202848885422,10.448978834267535,10.147202848885422,10.418801307678223,79800,0.0,0.0
2023-01-09 00:00:00-05:00,10.411257096918574,10.630044351934378,10.388624131086322,10.524422645568848,93300,0.0,0.0
2023-01-10 00:00:00-05:00,10.547054705002363,10.599865913391113,10.53196630224054,10.599865913391113,41600,0.0,0.0
2023-01-11 00:00:00-05:00,10.599866632859557,10.697943775679734,10.562144544161182,10.682854652404785,63000,0.0,0.0
2023-01-12 00:00:00-05:00,10.675312042236328,10.780933766001848,10.65267907267555,10.675312042236328,97200,0.0,0.0
2023-01-13 00:00:00-05:00,10.65267296946934,10.660217528163493,10.531962908317755,10.569684982299805,87700,0.0,0.0
2023-01-17 00:00:00-05:00,10.630044763672267,10.690399821222039,10.569689706122496,10.577234268188477,57200,0.0,0.0
2023-01-18 00:00:00-05:00,10.599865532311094,10.652676019312285,10.328267097473145,10.328267097473145,60300,0.0,0.0
2023-01-19 00:00:00-05:00,10.267913406836865,10.313180058456204,10.184925384938598,10.298090934753418,54100,0.0,0.0
2023-01-20 00:00:00-05:00,10.335809416649395,10.433886528015137,10.222643906336721,10.433886528015137,34800,0.0,0.0
2023-01-23 00:00:00-05:00,10.44143462452458,10.584777700780862,10.396167973371066,10.524422645568848,74600,0.0,0.0
2023-01-24 00:00:00-05:00,10.426347316078436,10.667768298443987,10.350903843674127,10.456524848937988,92300,0.0,0.0
2023-01-25 00:00:00-05:00,10.365990683162357,10.41125733535255,10.260369693866952,10.35844612121582,96200,0.0,0.0
2023-01-26 00:00:00-05:00,10.381081376533677,10.456524848937988,10.298092621553058,10.456524848937988,61300,0.0,0.0
2023-01-27 00:00:00-05:00,10.448978689884727,10.524422145571046,10.41125660229708,10.486700057983398,77000,0.0,0.0
2023-01-30 00:00:00-05:00,10.501787998430203,10.501787998430203,10.403710869540296,10.44143295288086,50500,0.0,0.0
2023-01-31 00:00:00-05:00,10.426345586607644,10.599866911384057,10.373535092735658,10.59232234954834,50900,0.0,0.0
2023-02-01 00:00:00-05:00,10.584779444504083,10.73566710739116,10.50179140978847,10.675312042236328,80800,0.0,0.0
2023-02-02 00:00:00-05:00,10.72812171631591,10.750754682611849,10.607411603418862,10.652677536010742,41800,0.0,0.0
2023-02-03 00:00:00-05:00,10.59986512732011,10.622498089528888,10.418799990672081,10.44143295288086,67500,0.0,0.0
2023-02-06 00:00:00-05:00,10.411255836486816,10.46406632353161,10.350900788581646,10.411255836486816,69700,0.0,0.0
2023-02-07 00:00:00-05:00,10.411256017469313,10.479155627415182,10.298089761063215,10.464066505432129,42900,0.0,0.0
2023-02-08 00:00:00-05:00,10.44897828193502,10.44897828193502,10.26791241248129,10.305634498596191,40900,0.0,0.0
2023-02-09 00:00:00-05:00,10.343356351626245,10.343356351626245,10.177379608154297,10.177379608154297,55000,0.0,0.0
2023-02-10 00:00:00-05:00,10.124566456434769,10.32826451208426,10.109477338503606,10.320720672607422,46700,0.0,0.0
2023-02-13 00:00:00-05:00,10.335812524695092,10.516877683438342,10.283002033267223,10.34335708618164,132500,0.0,0.0
2023-02-14 00:00:00-05:00,10.358446400033614,10.41125761559186,10.275458374855008,10.350902557373047,68400,0.0,0.0
2023-02-15 00:00:00-05:00,10.313177171841836,10.418798849731225,10.298088052362429,10.38862133026123,58200,0.0,0.0
2023-02-16 00:00:00-05:00,10.298091020483158,10.486700751404015,10.267913492315381,10.36599063873291,58900,0.0,0.0
2023-02-17 00:00:00-05:00,10.320724750461192,10.479156953893325,10.305635626568117,10.35844612121582,60400,0.0,0.0
2023-02-21 00:00:00-05:00,10.30563504335156,10.44143427274796,10.267912955242672,10.418801307678223,119900,0.0,0.0
2023-02-22 00:00:00-05:00,10.403709772566486,10.4866977715743,10.358443133432974,10.38107681274414,58600,0.0,0.0
2023-02-23 00:00:00-05:00,10.448981005339952,10.501791507971884,10.373536813446506,10.456524848937988,58800,0.0,0.0
2023-02-24 00:00:00-05:00,10.411256017469313,10.4942440299093,10.328267285540388,10.464066505432129,63400,0.0,0.0
2023-02-27 00:00:00-05:00,10.509332969204948,10.524421371436778,10.403711275626438,10.411255836486816,71100,0.0,0.0
2023-02-28 00:00:00-05:00,10.388624237992099,10.45652313618758,10.298090934753418,10.298090934753418,61800,0.0,0.0
2023-03-01 00:00:00-05:00,10.28299812612479,10.3056310824958,10.169831905292318,10.275453567504883,74300,0.0,0.0
2023-03-02 00:00:00-05:00,10.200014015382147,10.388623735611944,10.154747365951843,10.34335708618164,61300,0.0,0.0
2023-03-03 00:00:00-05:00,10.350899583473181,10.56214222654725,10.343355023491183,10.501787185668945,74300,0.0,0.0
2023-03-06 00:00:00-05:00,10.509333202306774,10.63004330079452,10.509333202306774,10.539510726928711,64700,0.0,0.0
2023-03-07 00:00:00-05:00,10.494242564637668,10.539509204777483,10.373532483583276,10.426342964172363,87200,0.0,0.0
2023-03-08 00:00:00-05:00,10.381078226865402,10.569687929884807,10.350900703161853,10.554598808288574,50700,0.0,0.0
2023-03-09 00:00:00-05:00,10.531967952379313,10.539512514686773,10.34335821162717,10.39616870880127,106300,0.0,0.0
2023-03-10 00:00:00-05:00,10.373535811942162,10.464068401780423,10.215103599852936,10.260370254516602,133300,0.0,0.0
2023-03-13 00:00:00-04:00,10.252825002623098,10.54705571993724,10.109481205402703,10.298090934753418,179200,0.0,0.0
2023-03-14 00:00:00-04:00,10.437462877604304,10.530378630372361,10.35229096572696,10.468435287475586,85400,0.35,0.0
2023-03-15 00:00:00-04:00,10.305831948876811,10.383260744170043,10.065800985095445,10.166459083557129,125600,0.0,0.0
2023-03-16 00:00:00-04:00,10.081290235808236,10.391006987485593,10.081290235808236,10.321320533752441,87400,0.0,0.0
2023-03-17 00:00:00-04:00,10.282605469387864,10.282605469387864,9.934173948829548,10.058060646057129,190300,0.0,0.0
2023-03-20 00:00:00-04:00,10.00385900694185,10.158717356902294,9.941915666957671,9.988372802734375,98100,0.0,0.0
2023-03-21 00:00:00-04:00,10.143231417476134,10.143231417476134,9.810285426791058,9.841257095336914,179500,0.0,0.0
2023-03-22 00:00:00-04:00,9.833511914714164,9.903198338815796,9.562510056835517,9.570252418518066,228200,0.0,0.0
2023-03-23 00:00:00-04:00,9.56251409849802,9.639942917008028,9.291511387655541,9.32248306274414,146400,0.0,0.0
2023-03-24 00:00:00-04:00,9.291511525361058,9.46959847515411,9.268282953306093,9.454113006591797,107800,0.0,0.0
2023-03-27 00:00:00-04:00,9.52379778029756,9.670913028578207,9.51605467817151,9.608969688415527,109400,0.0,0.0
2023-03-28 00:00:00-04:00,9.624457065800183,9.818030212009049,9.624457065800183,9.686400413513184,73400,0.0,0.0
2023-03-29 00:00:00-04:00,9.818030505050361,9.965145775653989,9.802544298448414,9.864487648010254,92200,0.0,0.0
2023-03-30 00:00:00-04:00,9.934172282371568,10.050315856933594,9.934172282371568,10.050315856933594,88100,0.0,0.0
2023-03-31 00:00:00-04:00,10.158719054516084,10.445207234423386,10.120004275950668,10.321320533752441,200500,0.0,0.0
2023-04-03 00:00:00-04:00,10.398750755317016,10.414236224678845,10.282606412199664,10.305835723876953,67600,0.0,0.0
2023-04-04 00:00:00-04:00,10.259375351964074,10.313575589226307,10.212917478294408,10.267118453979492,46000,0.0,0.0
2023-04-05 00:00:00-04:00,10.220659666073542,10.468433739443658,10.220659666073542,10.429718971252441,63700,0.0,0.0
2023-04-06 00:00:00-04:00,10.445207011013723,10.51489346325637,10.36777819396198,10.406492233276367,50700,0.0,0.0
2023-04-10 00:00:00-04:00,10.398748762572723,10.406491126558429,10.25937587290957,10.360033988952637,73100,0.0,0.0
2023-04-11 00:00:00-04:00,10.429721246362913,10.491664593611896,10.36003479610207,10.391006469726562,55900,0.0,0.0
2023-04-12 00:00:00-04:00,10.421975552277681,10.45294721820211,10.298088888579965,10.329060554504395,48800,0.0,0.0
2023-04-13 00:00:00-04:00,10.274862731681733,10.321319872244342,10.143232936049452,10.259376525878906,76300,0.0,0.0
2023-04-14 00:00:00-04:00,10.205173990071007,10.236145656296692,10.09677278906972,10.13548755645752,91900,0.0,0.0
2023-04-17 00:00:00-04:00,10.104517125945929,10.205175238094908,10.02708758170122,10.073545455932617,71000,0.0,0.0
2023-04-18 00:00:00-04:00,10.07354567643625,10.120002813261706,10.034830903466453,10.065802574157715,67600,0.0,0.0
2023-04-19 00:00:00-04:00,10.027087877627682,10.14323219742248,10.027087877627682,10.089031219482422,54200,0.0,0.0
2023-04-20 00:00:00-04:00,10.058059251714532,10.158717363863511,10.02708758170122,10.073545455932617,50500,0.0,0.0
2023-04-21 00:00:00-04:00,10.050315856933594,10.120002297039946,10.019344187822197,10.050315856933594,50700,0.0,0.0
2023-04-24 00:00:00-04:00,10.050315929948272,10.112260007043922,10.042573566431304,10.08128833770752,36500,0.0,0.0
2023-04-25 00:00:00-04:00,10.042572800558023,10.042572800558023,9.872228262987312,9.910943031311035,80700,0.0,0.0
2023-04-26 00:00:00-04:00,9.84125581924217,9.895456047563684,9.732854624176412,9.74059772491455,82400,0.0,0.0
2023-04-27 00:00:00-04:00,9.732857411562255,9.810286964273178,9.678657167718372,9.794800758361816,83500,0.0,0.0
2023-04-28 00:00:00-04:00,9.763827414867752,9.903200290538628,9.756085051659337,9.872228622436523,42600,0.0,0.0
2023-05-01 00:00:00-04:00,9.825770891852574,9.918686635912968,9.76382755476086,9.841257095336914,61900,0.0,0.0
2023-05-02 00:00:00-04:00,9.794799642397493,9.818028948617917,9.60896962317123,9.663169860839844,69900,0.0,0.0
2023-05-03 00:00:00-04:00,9.655428741081204,9.694143518013279,9.523798942565918,9.523798942565918,64100,0.0,0.0
2023-05-04 00:00:00-04:00,9.523798942565918,9.639942534939193,9.438626285630761,9.523798942565918,89300,0.0,0.0
2023-05-05 00:00:00-04:00,9.547026647533588,9.748342878584596,9.547026647533588,9.709628105163574,42300,0.0,0.0
2023-05-08 00:00:00-04:00,9.748342063032906,9.748342063032906,9.655427057649504,9.678655624389648,43900,0.0,0.0
2023-05-09 00:00:00-04:00,9.624455827318181,9.71737083693131,9.624455827318181,9.663169860839844,59200,0.0,0.0
2023-05-10 00:00:00-04:00,9.732856232308038,9.78705720800775,9.639941223366481,9.725113868713379,38000,0.0,0.0
2023-05-11 00:00:00-04:00,9.67865568752014,9.69414189106313,9.562512114639029,9.624455451965332,57500,0.0,0.0
2023-05-12 00:00:00-04:00,9.624457065800183,9.70962898429982,9.61671396273032,9.686400413513184,45200,0.0,0.0
2023-05-15 00:00:00-04:00,9.709626615416902,9.771569948017426,9.570253747854334,9.616711616516113,62800,0.0,0.0
2023-05-16 00:00:00-04:00,9.562514240219953,9.632199956384847,9.454113006591797,9.454113006591797,79400,0.0,0.0
2023-05-17 00:00:00-04:00,9.454111908068237,9.547026923914798,9.446368805475297,9.48508358001709,42400,0.0,0.0
2023-05-18 00:00:00-04:00,9.49282668261003,9.516055251965945,9.446368805475297,9.48508358001709,45900,0.0,0.0
2023-05-19 00:00:00-04:00,9.547026923914798,9.562513129100678,9.48508358001709,9.48508358001709,29700,0.0,0.0
2023-05-22 00:00:00-04:00,9.477341066315079,9.539284414061743,9.399912250843224,9.438626289367676,60100,0.0,0.0
2023-05-23 00:00:00-04:00,9.469598697417062,9.562514464663751,9.446370124816895,9.446370124816895,117000,0.0,0.0
2023-05-24 00:00:00-04:00,9.40765380859375,9.438625479810621,9.345710466160005,9.40765380859375,82700,0.0,0.0
2023-05-25 00:00:00-04:00,9.384424556978159,9.423139327788093,9.190851441351324,9.268280982971191,127500,0.0,0.0
2023-05-26 00:00:00-04:00,9.29151021725492,9.330224990844727,9.190852101290579,9.330224990844727,81200,0.0,0.0
2023-05-30 00:00:00-04:00,9.376682496472693,9.376682496472693,9.28376747926374,9.291510581970215,75800,0.0,0.0
2023-05-31 00:00:00-04:00,9.252794934653675,9.34570994310407,9.175366130156435,9.314738273620605,107000,0.0,0.0
2023-06-01 00:00:00-04:00,9.291510445731028,9.48508358001709,9.23731020442626,9.48508358001709,98700,0.0,0.0
2023-06-02 00:00:00-04:00,9.54702794140875,9.779315874993168,9.54702794140875,9.756087303161621,88300,0.0,0.0
2023-06-05 00:00:00-04:00,9.802544298448414,9.887716957913174,9.771572623667494,9.864487648010254,69600,0.0,0.0
2023-06-06 00:00:00-04:00,9.787057024780452,9.996115606379377,9.787057024780452,9.97288703918457,62700,0.0,0.0
2023-06-07 00:00:00-04:00,9.926430991376611,10.03483222225366,9.887716951741854,10.02708911895752,141700,0.0,0.0
2023-06-08 00:00:00-04:00,10.019344698909384,10.096774244848978,9.98837302821812,10.065802574157715,97500,0.0,0.0
2023-06-09 00:00:00-04:00,10.011601810124471,10.081288250131726,9.97288703918457,9.97288703918457,43600,0.0,0.0
2023-06-12 00:00:00-04:00,9.957400525111606,9.980629830005295,9.856742419174065,9.872228622436523,67000,0.0,0.0
2023-06-13 00:00:00-04:00,9.864487205652567,9.926430552436655,9.833515532260524,9.879973411560059,89500,0.0,0.0
2023-06-14 00:00:00-04:00,9.911817134556099,10.031237075483668,9.879971968825142,9.927740097045898,78300,0.35,0.0
2023-06-15 00:00:00-04:00,10.015314417482932,10.1267728805542,9.95958556557163,10.1267728805542,156900,0.0,0.0
2023-06-16 00:00:00-04:00,8.701700556693007,8.741506446612146,7.8896476469647006,8.064796447753906,1530600,0.0,0.0
2023-06-20 00:00:00-04:00,7.977222686271892,8.009067854791494,7.762267229328043,7.833919048309326,753900,0.0,0.0
2023-06-21 00:00:00-04:00,7.786148057630653,7.82595469347942,7.626922273484015,7.698574066162109,578600,0.0,0.0
2023-06-22 00:00:00-04:00,7.642849470709006,7.6985783362588185,7.40401028239019,7.595081329345703,726300,0.0,0.0
2023-06-23 00:00:00-04:00,7.547312011489158,7.825957814299936,7.499544636820798,7.690615653991699,569900,0.0,0.0
2023-06-26 00:00:00-04:00,7.722460000344419,7.770228129169665,7.642847464633875,7.674692630767822,298900,0.0,0.0
2023-06-27 00:00:00-04:00,7.650806015216757,7.730419287579462,7.650806015216757,7.666728973388672,247700,0.0,0.0
2023-06-28 00:00:00-04:00,7.666732257874761,7.666732257874761,7.539351574922332,7.611003398895264,260600,0.0,0.0
2023-06-29 00:00:00-04:00,7.563236502801155,7.642849822319668,7.563236502801155,7.571197986602783,329100,0.0,0.0
2023-06-30 00:00:00-04:00,7.658770539326732,7.770229013099222,7.6269253695701265,7.746344566345215,312900,0.0,0.0
2023-07-03 00:00:00-04:00,7.746342315952652,7.961297718799527,7.722458635385838,7.953336238861084,171900,0.0,0.0
2023-07-05 00:00:00-04:00,7.985183149418263,8.144408986840867,7.921492814449222,8.064796447753906,344600,0.0,0.0
2023-07-06 00:00:00-04:00,7.889646728421941,8.001105181265688,7.865763045401351,7.929453372955322,124400,0.0,0.0
2023-07-07 00:00:00-04:00,7.873727158326126,8.009069339435035,7.873727158326126,7.937417507171631,108800,0.0,0.0
2023-07-10 00:00:00-04:00,7.897608209178337,7.969260017488702,7.889646728421941,7.929453372955322,108400,0.0,0.0
2023-07-11 00:00:00-04:00,7.913529598417383,7.977220678676414,7.897607397789012,7.953336238861084,111000,0.0,0.0
2023-07-12 00:00:00-04:00,7.993141714243711,8.088677181834464,7.953335079602129,7.961296558380127,220200,0.0,0.0
2023-07-13 00:00:00-04:00,7.985182482270744,8.056834292936708,7.985182482270744,8.024989128112793,136600,0.0,0.0
2023-07-14 00:00:00-04:00,8.009067836097307,8.040913004542578,7.921493053436279,7.921493053436279,115800,0.0,0.0
2023-07-17 00:00:00-04:00,7.921493262376409,7.937416226643387,7.873725888072925,7.91353178024292,135500,0.0,0.0
2023-07-18 00:00:00-04:00,7.897606643508323,7.969258437613997,7.825954849402649,7.857800006866455,257500,0.0,0.0
2023-07-19 00:00:00-04:00,7.881687013104754,7.985184008374662,7.881687013104754,7.905571460723877,141700,0.0,0.0
2023-07-20 00:00:00-04:00,7.905569689934731,7.961298536732308,7.881685247665547,7.929453372955322,152600,0.0,0.0
2023-07-21 00:00:00-04:00,7.953339714758583,8.001107856017134,7.929456023753731,7.937417507171631,168000,0.0,0.0
2023-07-24 00:00:00-04:00,7.937414101326569,8.024988103600016,7.937414101326569,7.969259262084961,198300,0.0,0.0
2023-07-25 00:00:00-04:00,7.929457279618382,8.048876512805066,7.929457279618382,8.00110912322998,125100,0.0,0.0
2023-07-26 00:00:00-04:00,7.977222840251573,8.128487203827277,7.977222840251573,8.048873901367188,151600,0.0,0.0
2023-07-27 00:00:00-04:00,8.048873019051033,8.064795981497067,7.945376040897727,7.977221965789795,166400,0.0,0.0
2023-07-28 00:00:00-04:00,7.977220742086689,8.001104422843353,7.92945262132484,7.969259262084961,166600,0.0,0.0
2023-07-31 00:00:00-04:00,7.945377387742738,8.009068489074707,7.9214936992737295,8.009068489074707,197500,0.0,0.0
2023-08-01 00:00:00-04:00,7.921493339274628,7.9931451606741435,7.881686687469482,7.881686687469482,173900,0.0,0.0
2023-08-02 00:00:00-04:00,7.817995473963855,7.849840639996855,7.778189585859089,7.81003475189209,151500,0.0,0.0
2023-08-03 00:00:00-04:00,7.762267475242969,7.794112644771452,7.666731966657519,7.690615653991699,261900,0.0,0.0
2023-08-04 00:00:00-04:00,7.682651172312152,7.738380766665419,7.642845295379233,7.666728973388672,190500,0.0,0.0
2023-08-07 00:00:00-04:00,7.666732520825196,7.690616209885739,7.6348873489948765,7.65877103805542,106400,0.0,0.0
2023-08-08 00:00:00-04:00,7.6587676996445895,7.706535816192627,7.595077383746175,7.706535816192627,149300,0.0,0.0
2023-08-09 00:00:00-04:00,7.706538300018073,7.913531513777822,7.706538300018073,7.865764141082764,218900,0.0,0.0
2023-08-10 00:00:00-04:00,7.921490112902744,7.945373790558671,7.80207096537469,7.8179931640625,239300,0.0,0.0
2023-08-11 00:00:00-04:00,7.786149761743485,7.881685253140808,7.770227559468228,7.841879367828369,107300,0.0,0.0
2023-08-14 00:00:00-04:00,7.873725640811368,7.88964784532961,7.762267172188867,7.7781901359558105,116800,0.0,0.0
2023-08-15 00:00:00-04:00,7.730419287579462,7.7543029655889,7.658767494302714,7.666728973388672,103100,0.0,0.0
2023-08-16 00:00:00-04:00,7.682652405143806,7.698575365870871,7.618962080732659,7.626923561096191,87600,0.0,0.0
2023-08-17 00:00:00-04:00,7.6269265038382885,7.6985783362588185,7.587119845910344,7.595081329345703,95800,0.0,0.0
2023-08-18 00:00:00-04:00,7.595078130068976,7.618961811065674,7.531387807912096,7.618961811065674,224500,0.0,0.0
2023-08-21 00:00:00-04:00,7.642848569633371,7.642848569633371,7.5632352631637225,7.611003398895264,92800,0.0,0.0
2023-08-22 00:00:00-04:00,7.611002103786589,7.658769472141146,7.58711766036068,7.634885787963867,99400,0.0,0.0
2023-08-23 00:00:00-04:00,7.634885103891434,7.698575428823387,7.603039941425457,7.642846584320068,123300,0.0,0.0
2023-08-24 00:00:00-04:00,7.650806483512859,7.75430344021992,7.579155445098877,7.579155445098877,96700,0.0,0.0
2023-08-25 00:00:00-04:00,7.603043023464292,7.666733374214347,7.587120056152344,7.587120056152344,138200,0.0,0.0
2023-08-28 00:00:00-04:00,7.57119674566044,7.642848569633371,7.57119674566044,7.611003398895264,150900,0.0,0.0
2023-08-29 00:00:00-04:00,7.611001090232461,7.674691412389341,7.579155929154021,7.618961811065674,135300,0.0,0.0
2023-08-30 00:00:00-04:00,7.642849470709006,7.682655369388101,7.571197638288476,7.595081329345703,147500,0.0,0.0
2023-08-31 00:00:00-04:00,7.603038435641272,7.634883591800306,7.467696332153277,7.491580009460449,160200,0.0,0.0
2023-09-01 00:00:00-04:00,7.4199302393650175,7.531388695905405,7.4199302393650175,7.4756598472595215,163600,0.0,0.0
2023-09-05 00:00:00-04:00,7.4517745960223,7.475659036493272,7.356239111884025,7.364200592041016,122800,0.0,0.0
2023-09-06 00:00:00-04:00,7.372162764573307,7.372162764573307,7.236820626187618,7.268665790557861,196200,0.0,0.0
2023-09-07 00:00:00-04:00,7.252743912588646,7.404009035388617,7.252743912588646,7.292550563812256,204600,0.0,0.0
2023-09-08 00:00:00-04:00,7.3243961334228525,7.356241304293217,7.308473927612051,7.324396133422852,134300,0.0,0.0
2023-09-11 00:00:00-04:00,7.3562409020705415,7.388086071199685,7.292550563812255,7.292550563812256,100800,0.0,0.0
2023-09-12 00:00:00-04:00,7.292550962552487,7.3243961334228525,7.284589480022705,7.324396133422852,112300,0.0,0.0
2023-09-13 00:00:00-04:00,7.348278791108852,7.380124716761335,7.324395106118145,7.356240272521973,127400,0.0,0.0
2023-09-14 00:00:00-04:00,7.282922730349119,7.478438034144746,7.282922730349119,7.445852279663086,225800,0.21,0.0
2023-09-15 00:00:00-04:00,7.405119978977918,7.478438121645926,7.405119978977918,7.421412467956543,112100,0.0,0.0
2023-09-18 00:00:00-04:00,7.388825462048608,7.429557842957052,7.331800594920116,7.380679607391357,100300,0.0,0.0
2023-09-19 00:00:00-04:00,7.3399490016971765,7.4295596398442285,7.3318023681640625,7.3318023681640625,146100,0.0,0.0
2023-09-20 00:00:00-04:00,7.348094417244811,7.453997527998356,7.348094417244811,7.356240272521973,275800,0.0,0.0
2023-09-21 00:00:00-04:00,7.339946741314187,7.348093372338495,7.2992143630981445,7.2992143630981445,104800,0.0,0.0
2023-09-22 00:00:00-04:00,7.291068205514947,7.307361468621555,7.234043338452909,7.258482456207275,281400,0.0,0.0
2023-09-25 00:00:00-04:00,7.20960551261656,7.266630389897114,7.185165613577164,7.25033712387085,167000,0.0,0.0
2023-09-26 00:00:00-04:00,7.20145815540682,7.217750642888986,7.005943644187191,7.038529396057129,253300,0.0,0.0
2023-09-27 00:00:00-04:00,7.054822235680218,7.054822235680218,6.948918342590332,6.948918342590332,227200,0.0,0.0
2023-09-28 00:00:00-04:00,6.948917649341584,6.973357544704948,6.900039412425993,6.924478530883789,239300,0.0,0.0
2023-09-29 00:00:00-04:00,7.014089714754561,7.046675467624634,6.9489182090144155,7.022236347198486,248100,0.0,0.0
2023-10-02 00:00:00-04:00,6.98964845356517,6.98964845356517,6.712669250548887,6.745254993438721,347900,0.0,0.0
2023-10-03 00:00:00-04:00,6.728965487740944,6.728965487740944,6.500864798134104,6.566036701202393,298800,0.0,0.0
2023-10-04 00:00:00-04:00,6.606766960234349,6.606766960234349,6.435691963679561,6.541595458984375,217100,0.0,0.0
2023-10-05 00:00:00-04:00,6.5415964597083125,6.598622114704924,6.484571581617396,6.533450603485107,272900,0.0,0.0
2023-10-06 00:00:00-04:00,6.48457080282783,6.696378577307211,6.435692175283234,6.6474995613098145,181700,0.0,0.0
2023-10-09 00:00:00-04:00,6.598621920766336,6.720818306485623,6.598621920766336,6.6963791847229,161000,0.0,0.0
2023-10-10 00:00:00-04:00,6.737110188403635,6.883745665765446,6.737110188403635,6.843013286590576,80800,0.0,0.0
2023-10-11 00:00:00-04:00,6.91633032653572,7.04667329788208,6.88374458369913,7.04667329788208,170200,0.0,0.0
2023-10-12 00:00:00-04:00,7.087406645985559,7.1688714027404785,7.038528413457006,7.1688714027404785,269300,0.0,0.0
2023-10-13 00:00:00-04:00,7.17701685617088,7.234041710399218,7.087405483063069,7.144431114196777,273500,0.0,0.0
2023-10-16 00:00:00-04:00,7.201459218342007,7.364388001739983,7.136287704982817,7.282923221588135,176200,0.0,0.0
2023-10-17 00:00:00-04:00,7.250337170857503,7.356241069997486,7.209605559339248,7.242191314697266,211800,0.0,0.0
2023-10-18 00:00:00-04:00,7.242188657729549,7.242188657729549,7.005941823830215,7.014087677001953,166300,0.0,0.0
2023-10-19 00:00:00-04:00,7.005943512705933,7.1199932536575306,6.900039626889741,6.9081854820251465,105800,0.0,0.0
2023-10-20 00:00:00-04:00,6.924478220249646,6.981503086394872,6.777841962269882,6.802281856536865,122900,0.0,0.0
2023-10-23 00:00:00-04:00,6.728964543311007,6.834868433923578,6.696378790576803,6.753403663635254,146100,0.0,0.0
2023-10-24 00:00:00-04:00,6.769696581638596,6.859307202840432,6.7371108305737835,6.761549949645996,194900,0.0,0.0
2023-10-25 00:00:00-04:00,6.720818867150618,6.843015263063789,6.696379743349132,6.712672233581543,153200,0.0,0.0
2023-10-26 00:00:00-04:00,6.688232158166845,6.8430142894279085,6.688232158166845,6.753403663635254,130800,0.0,0.0
2023-10-27 00:00:00-04:00,6.753403448549506,6.875599823184594,6.6474995613098145,6.6474995613098145,162400,0.0,0.0
2023-10-30 00:00:00-04:00,6.696377357667885,6.769695479857441,6.655644981239746,6.671937465667725,164700,0.0,0.0
2023-10-31 00:00:00-04:00,6.663791539707109,6.777841260183662,6.663791539707109,6.737109661102295,146200,0.0,0.0
2023-11-01 00:00:00-04:00,6.7615499056567865,6.883746277128451,6.7615499056567865,6.851160526275635,292900,0.0,0.0
2023-11-02 00:00:00-04:00,6.883747961495301,7.11999490721128,6.883747961495301,7.095555782318115,390800,0.0,0.0
2023-11-03 00:00:00-04:00,7.193312246590296,7.339948533203931,7.185165613577164,7.25033712387085,195300,0.0,0.0
2023-11-06 00:00:00-05:00,7.250336479966994,7.258483112256623,7.136286735534668,7.136286735534668,128200,0.0,0.0
2023-11-07 00:00:00-05:00,7.168872892375302,7.168872892375302,6.867454472798544,6.99779748916626,257900,0.0,0.0
2023-11-08 00:00:00-05:00,6.997796750412022,7.014089237285167,6.948917735981435,6.981503486633301,323900,0.0,0.0
2023-11-09 00:00:00-05:00,7.038529882344194,7.038529882344194,6.900040233102402,6.916332721710205,225600,0.0,0.0
2023-11-10 00:00:00-05:00,6.93262524910829,7.014089237285167,6.908185353440207,6.981503486633301,107500,0.0,0.0
2023-11-13 00:00:00-05:00,6.99779748916626,7.022236610508791,6.973358367823728,6.99779748916626,115600,0.0,0.0
2023-11-14 00:00:00-05:00,7.11184607059932,7.307361339907016,7.071114467361352,7.291068077087402,142400,0.0,0.0
2023-11-15 00:00:00-05:00,7.282922926215521,7.388826825355505,7.217751415499484,7.242191314697266,187100,0.0,0.0
2023-11-16 00:00:00-05:00,7.250336384862821,7.380680169070272,7.250336384862821,7.356240272521973,155900,0.0,0.0
2023-11-17 00:00:00-05:00,7.372532936505471,7.478436815540342,7.372532936505471,7.470290184020996,117300,0.0,0.0
2023-11-20 00:00:00-05:00,7.445849762722399,7.494727989469616,7.413264019255786,7.4377031326293945,112500,0.0,0.0
2023-11-21 00:00:00-05:00,7.429559013969422,7.470291401297914,7.405119892334595,7.445852279663086,119400,0.0,0.0
2023-11-22 00:00:00-05:00,7.437705941348726,7.494730819723393,7.405120185576673,7.486584186553955,65600,0.0,0.0
2023-11-24 00:00:00-05:00,7.470290019061097,7.592486381530762,7.462143387721645,7.592486381530762,76100,0.0,0.0
2023-11-27 00:00:00-05:00,7.706536897472525,7.706536897472525,7.592486389319783,7.673951148986816,208000,0.0,0.0
2023-11-28 00:00:00-05:00,7.649514136172337,7.779857165971551,7.641367502583451,7.739124774932861,255100,0.0,0.0
2023-11-29 00:00:00-05:00,7.739124084908231,7.812442226859637,7.690245064638736,7.714684963226318,242700,0.0,0.0
2023-11-30 00:00:00-05:00,7.73912593594931,7.771711698287598,7.673954411272731,7.7635650634765625,205500,0.0,0.0
2023-12-01 00:00:00-05:00,7.763562806535917,7.902052450439869,7.763562806535917,7.853174209594727,150600,0.0,0.0
2023-12-04 00:00:00-05:00,7.828732754591737,7.90205087817705,7.820586900675406,7.845026016235352,152400,0.0,0.0
2023-12-05 00:00:00-05:00,7.893905821206842,7.893905821206842,7.763562809692625,7.771709442138672,94100,0.0,0.0
2023-12-06 00:00:00-05:00,7.812440865353059,7.812440865353059,7.722829473293548,7.730976104736328,121200,0.0,0.0
2023-12-07 00:00:00-05:00,7.755416608145161,7.755416608145161,7.657658576965331,7.657658576965332,148900,0.0,0.0
2023-12-08 00:00:00-05:00,7.657657058461167,7.722828548387229,7.616925459936461,7.641364574432373,84900,0.0,0.0
2023-12-11 00:00:00-05:00,7.641364574432373,7.673950319395404,7.616925459936461,7.641364574432373,100500,0.0,0.0
2023-12-12 00:00:00-05:00,7.682097772453674,7.682097772453674,7.5761938957573856,7.592486381530762,135600,0.0,0.0
2023-12-13 00:00:00-05:00,7.600631853352026,7.836878687816678,7.568046109870882,7.820586204528809,176100,0.0,0.0
2023-12-14 00:00:00-05:00,7.97883346760483,8.020476807729995,7.895546787354498,7.92886209487915,217800,0.21,0.0
2023-12-15 00:00:00-05:00,7.912201843743118,7.912201843743118,7.662342679295152,7.762286186218262,198000,0.0,0.0
2023-12-18 00:00:00-05:00,7.745630454068305,7.778944961201224,7.703987121582031,7.703987121582031,165700,0.0,0.0
2023-12-19 00:00:00-05:00,7.703986734452379,7.7373012399112255,7.662343404058706,7.712315559387207,228100,0.0,0.0
2023-12-20 00:00:00-05:00,7.72064174915979,7.753956243247936,7.604040622711182,7.604040622711182,157400,0.0,0.0
2023-12-21 00:00:00-05:00,7.5790565359683955,7.629027890412645,7.512427533855824,7.545742034912109,264100,0.0,0.0
2023-12-22 00:00:00-05:00,7.529086414150364,7.662344454249926,7.529086414150364,7.587386608123779,217200,0.0,0.0
2023-12-26 00:00:00-05:00,7.5540706686545365,7.670671828817693,7.5540706686545365,7.645686149597168,243300,0.0,0.0
2023-12-27 00:00:00-05:00,7.662342548370361,7.695657050108826,7.612371192902851,7.662342548370361,258900,0.0,0.0
2023-12-28 00:00:00-05:00,7.6290280466318965,7.7039858741135365,7.6290280466318965,7.662342548370361,277500,0.0,0.0
2023-12-29 00:00:00-05:00,7.654014089478447,7.70398624161011,7.579057052701571,7.637357234954834,268900,0.0,0.0
2024-01-02 00:00:00-05:00,7.637357267393932,7.803929784739625,7.637357267393932,7.787272930145264,216400,0.0,0.0
2024-01-03 00:00:00-05:00,7.745630185281414,7.853902528276285,7.720644504368897,7.812259197235107,193800,0.0,0.0
2024-01-04 00:00:00-05:00,7.787273516322591,7.87055938412447,7.787273516322591,7.812259197235107,120500,0.0,0.0
2024-01-05 00:00:00-05:00,7.812260901384816,7.937190127479664,7.7456318748968105,7.92886209487915,184900,0.0,0.0
2024-01-08 00:00:00-05:00,7.945517439839586,8.012146453627215,7.887217251345534,7.995489597320557,156200,0.0,0.0
2024-01-09 00:00:00-05:00,7.9538460869952425,7.978831768035889,7.895545105526429,7.978831768035889,91400,0.0,0.0
2024-01-10 00:00:00-05:00,7.995488754931132,8.020474433898926,7.928859748163407,8.020474433898926,132900,0.0,0.0
2024-01-11 00:00:00-05:00,8.020477315969604,8.020477315969604,7.795603741612367,7.870561599731445,112400,0.0,0.0
2024-01-12 00:00:00-05:00,7.92053194016906,7.937188796858317,7.820588417191975,7.8788886070251465,145700,0.0,0.0
2024-01-16 00:00:00-05:00,7.812258295644273,7.837243973673263,7.662342638909571,7.670671463012695,139700,0.0,0.0
2024-01-17 00:00:00-05:00,7.670674044749526,7.720646211907138,7.562401677808576,7.629030704498291,152400,0.0,0.0
2024-01-18 00:00:00-05:00,7.679000432417613,7.695657286658659,7.495770270083722,7.537413597106934,154100,0.0,0.0
2024-01-19 00:00:00-05:00,7.579057894155891,7.5873859252021,7.454127897096761,7.479113578796387,174200,0.0,0.0
2024-01-22 00:00:00-05:00,7.487442205147758,7.504099855358507,7.437470843076473,7.445798873901367,151900,0.0,0.0
2024-01-23 00:00:00-05:00,7.437474188511712,7.445802223082623,7.354187488555908,7.354187488555908,208700,0.0,0.0
2024-01-24 00:00:00-05:00,7.395827092754267,7.454127276627416,7.362512588500977,7.362512588500977,159700,0.0,0.0
2024-01-25 00:00:00-05:00,7.412483947740695,7.445798451993984,7.354183763867546,7.362512588500977,121900,0.0,0.0
2024-01-26 00:00:00-05:00,7.379171562534893,7.41248607635498,7.345857048714806,7.4124860763549805,170100,0.0,0.0
2024-01-29 00:00:00-05:00,7.429143424815654,7.504101276397705,7.370843226598782,7.504101276397705,147800,0.0,0.0
2024-01-30 00:00:00-05:00,7.520757568802714,7.554072078742239,7.412485212929116,7.495771884918213,151000,0.0,0.0
2024-01-31 00:00:00-05:00,7.5124296249289415,7.587386677459494,7.429142951965332,7.429142951965332,129200,0.0,0.0
2024-02-01 00:00:00-05:00,7.462453824266511,7.645683938891412,7.462453824266511,7.604040622711182,115300,0.0,0.0
2024-02-02 00:00:00-05:00,7.495771972623988,7.495771972623988,7.387499615483527,7.429142951965332,224600,0.0,0.0
2024-02-05 00:00:00-05:00,7.4041569657881245,7.412484997320339,7.329199122034368,7.370842456817627,179700,0.0,0.0
2024-02-06 00:00:00-05:00,7.395827203511823,7.42914170826402,7.362512698759626,7.387498378753662,116400,0.0,0.0
2024-02-07 00:00:00-05:00,7.429145359659964,7.429145359659964,7.304216104007095,7.354187488555908,207100,0.0,0.0
2024-02-08 00:00:00-05:00,7.387498555013172,7.387498555013172,7.245911707868078,7.270897388458252,186900,0.0,0.0
2024-02-09 00:00:00-05:00,7.295883565522672,7.3125404204760605,7.245911412101643,7.287554740905762,135300,0.0,0.0
2024-02-12 00:00:00-05:00,7.295883866394791,7.412484238718244,7.287555041434412,7.40415620803833,159000,0.0,0.0
2024-02-13 00:00:00-05:00,7.3541844299084,7.3541844299084,7.245912082709279,7.3208699226379395,119400,0.0,0.0
2024-02-14 00:00:00-05:00,7.379169733157191,7.420813063678624,7.337527196916224,7.40415620803833,98300,0.0,0.0
2024-02-15 00:00:00-05:00,7.412485125228666,7.4957717962323605,7.395828267596263,7.487442970275879,112400,0.0,0.0
2024-02-16 00:00:00-05:00,7.479114232808166,7.51242953702826,7.462457374978689,7.495771884918213,150300,0.0,0.0
2024-02-20 00:00:00-05:00,7.495771604283813,7.595715130360598,7.495771604283813,7.529086112976074,130200,0.0,0.0
2024-02-21 00:00:00-05:00,7.537411634534888,7.620697472615158,7.529082812442804,7.604040622711182,133500,0.0,0.0
2024-02-22 00:00:00-05:00,7.645687596377766,7.645687596377766,7.579058576327986,7.587386608123779,121500,0.0,0.0
2024-02-23 00:00:00-05:00,7.612370899429735,7.678999900337976,7.595713252062503,7.620698928833008,76100,0.0,0.0
2024-02-26 00:00:00-05:00,7.620701008457342,7.620701008457342,7.462457286686995,7.487442970275879,160700,0.0,0.0
2024-02-27 00:00:00-05:00,7.495771604283813,7.579058273154738,7.4791139527974115,7.529086112976074,80900,0.0,0.0
2024-02-28 00:00:00-05:00,7.529086394857738,7.587386588681764,7.495771884918213,7.495771884918213,104300,0.0,0.0
2024-02-29 00:00:00-05:00,7.520757588073999,7.645687596377766,7.520757588073999,7.587386608123779,124100,0.0,0.0
2024-03-01 00:00:00-05:00,7.587387364247056,7.6456883583110455,7.529087164463718,7.629030704498291,137800,0.0,0.0
2024-03-04 00:00:00-05:00,7.637356576677532,7.687327930221664,7.629027752993396,7.678999900817871,155700,0.0,0.0
2024-03-05 00:00:00-05:00,7.679003729732095,7.837247487232665,7.662346074057961,7.695660591125488,184000,0.0,0.0
2024-03-06 00:00:00-05:00,7.778944988303357,7.8705596846679455,7.770616162920984,7.795601844787598,147600,0.0,0.0
2024-03-07 00:00:00-05:00,7.845574873082868,7.903875068665502,7.845574873082868,7.862231731414795,127500,0.0,0.0
2024-03-08 00:00:00-05:00,7.870558148608932,7.895543825599212,7.837243647861776,7.845572471618652,153500,0.0,0.0
2024-03-11 00:00:00-04:00,7.8788886070251465,7.895545463714403,7.81225959170709,7.8788886070251465,195000,0.0,0.0
2024-03-12 00:00:00-04:00,7.895545463714403,8.003817812176374,7.837245273881232,7.8788886070251465,204300,0.0,0.0
2024-03-13 00:00:00-04:00,7.903874289199289,7.978832130002232,7.87055978154026,7.8788886070251465,125100,0.0,0.0
2024-03-14 00:00:00-04:00,7.827778668307579,7.981097777500081,7.742602017221462,7.776672840118408,157400,0.21,0.0
2024-03-15 00:00:00-04:00,7.751121659109128,7.810745409432026,7.751121659109128,7.785192489624023,87600,0.0,0.0
2024-03-18 00:00:00-04:00,7.793710845606612,7.819264581850625,7.742604997744198,7.810746669769287,103700,0.0,0.0
2024-03-19 00:00:00-04:00,7.853335037980506,7.90444088337082,7.83629921464189,7.887405872344971,82700,0.0,0.0
2024-03-20 00:00:00-04:00,7.955546608111563,7.955546608111563,7.8107453759655145,7.861851215362549,162200,0.0,0.0
2024-03-21 00:00:00-04:00,7.8788886070251465,7.938512368976041,7.8788886070251465,7.8788886070251465,95400,0.0,0.0
2024-03-22 00:00:00-04:00,7.929995001969596,7.929995001969596,7.810746669769287,7.810746669769287,135700,0.0,0.0
2024-03-25 00:00:00-04:00,7.861851216917232,7.912957868637044,7.827780386541582,7.844816207885742,147000,0.0,0.0
2024-03-26 00:00:00-04:00,7.887408171346336,7.895926085498424,7.819266482755642,7.827783584594727,167300,0.0,0.0
2024-03-27 00:00:00-04:00,7.853336329773728,8.032208442687988,7.853336329773728,8.032208442687988,217500,0.0,0.0
2024-03-28 00:00:00-04:00,8.11738297413874,8.168489626634514,8.074794232444376,8.142936706542969,292900,0.0,0.0
2024-04-01 00:00:00-04:00,8.12590287076025,8.168491622862517,8.006654527336481,8.057761192321777,160700,0.0,0.0
2024-04-02 00:00:00-04:00,8.032209341088004,8.134421872426747,8.015173513041717,8.091833114624023,133600,0.0,0.0
2024-04-03 00:00:00-04:00,8.066276098900325,8.100346925421348,8.006651543254096,8.023687362670898,138600,0.0,0.0
2024-04-04 00:00:00-04:00,8.142937080071087,8.142937080071087,8.015170849127177,8.066277503967285,293000,0.0,0.0
2024-04-05 00:00:00-04:00,8.074795806518631,8.074795806518631,7.938512456380183,7.972583293914795,147200,0.0,0.0
2024-04-08 00:00:00-04:00,7.955547937766925,8.032207521987694,7.947030025672882,8.006653785705566,77100,0.0,0.0
2024-04-09 00:00:00-04:00,8.040724929647446,8.057760754487832,8.006654092279515,8.015172004699707,83200,0.0,0.0
2024-04-10 00:00:00-04:00,7.964064723479661,8.023688475079581,7.793709754943848,7.793709754943848,165000,0.0,0.0
2024-04-11 00:00:00-04:00,7.81074671177195,7.844817547967712,7.674463366988902,7.751122951507568,108600,0.0,0.0
2024-04-12 00:00:00-04:00,7.734087241502996,7.802228914901125,7.623356819152831,7.623356819152832,116000,0.0,0.0
2024-04-15 00:00:00-04:00,7.623357521533516,7.717052940323219,7.52966291505671,7.538180828094482,90500,0.0,0.0
2024-04-16 00:00:00-04:00,7.512625965781088,7.563732624053955,7.435966384528175,7.563732624053955,150400,0.0,0.0
2024-04-17 00:00:00-04:00,7.56373164019572,7.63187330082078,7.56373164019572,7.606320381164551,136100,0.0,0.0
2024-04-18 00:00:00-04:00,7.6403917574349025,7.7426042556762695,7.614838023640015,7.7426042556762695,75800,0.0,0.0
2024-04-19 00:00:00-04:00,7.768156634926206,7.904439956401858,7.725567893886897,7.861851215362549,149100,0.0,0.0
2024-04-22 00:00:00-04:00,7.938510864106103,7.989617516313679,7.861851291951079,7.981099605560303,81300,0.0,0.0
2024-04-23 00:00:00-04:00,8.049243279438748,8.083314118657984,7.964066587547098,8.057761192321777,145200,0.0,0.0
2024-04-24 00:00:00-04:00,8.057761192321777,8.066279105204806,7.981101601000275,8.057761192321777,220400,0.0,0.0
2024-04-25 00:00:00-04:00,8.032208442687988,8.049243456515923,7.929995922781682,8.032208442687988,69800,0.0,0.0
2024-04-26 00:00:00-04:00,8.066278706369609,8.074795806518631,7.972583293914795,7.972583293914795,79100,0.0,0.0
2024-04-29 00:00:00-04:00,7.972582784632504,8.032207355743937,7.964065685027548,7.998136520385742,123200,0.0,0.0
2024-04-30 00:00:00-04:00,7.938514241600426,8.015173846370795,7.912961310781312,7.921479225158691,172100,0.0,0.0
2024-05-01 00:00:00-04:00,7.912958721703834,8.049242057898638,7.8874057992454985,7.989618301391602,184500,0.0,0.0
2024-05-02 00:00:00-04:00,7.989619689648802,8.074796383414274,7.955548849680034,8.032208442687988,92000,0.0,0.0
2024-05-03 00:00:00-04:00,8.091830899973129,8.117383822735995,8.049242153826507,8.08331298828125,110400,0.0,0.0
2024-05-06 00:00:00-04:00,8.083313862025113,8.177009276137989,8.066278849112772,8.16849136352539,105100,0.0,0.0
2024-05-07 00:00:00-04:00,8.177009056901401,8.279221568573565,8.117384482524681,8.253667831420898,159600,0.0,0.0
2024-05-08 00:00:00-04:00,8.253666640866179,8.364397048950195,8.228113719712242,8.364397048950195,117400,0.0,0.0
2024-05-09 00:00:00-04:00,8.33884295638612,8.500679184043848,8.33884295638612,8.475126266479492,175600,0.0,0.0
2024-05-10 00:00:00-04:00,8.483646260085733,8.543270019817475,8.449575424194336,8.449575424194336,165400,0.0,0.0
2024-05-13 00:00:00-04:00,8.492162903886927,8.551786654714245,8.424021242280652,8.441056251525879,153700,0.0,0.0
2024-05-14 00:00:00-04:00,8.475129902284062,8.526236571649981,8.449576973757578,8.500682830810547,95800,0.0,0.0
2024-05-15 00:00:00-04:00,8.628448571061387,8.628448571061387,8.526236050885425,8.5432710647583,209700,0.0,0.0
2024-05-16 00:00:00-04:00,8.568823467698278,8.645482236640364,8.551787644169297,8.619929313659668,91300,0.0,0.0
2024-05-17 00:00:00-04:00,8.6369679049259,8.713626698433481,8.60289705926263,8.705109596252441,142100,0.0,0.0
2024-05-20 00:00:00-04:00,8.739178739685608,8.739178739685608,8.6369662226049,8.654001235961914,157200,0.0,0.0
2024-05-21 00:00:00-04:00,8.654001154608768,8.764731583483481,8.654001154608768,8.739178657531738,130000,0.0,0.0
2024-05-22 00:00:00-04:00,8.747696748778006,8.756213849393793,8.51771797358113,8.534753799438477,257400,0.0,0.0
2024-05-23 00:00:00-04:00,8.56030442515488,8.577339434120836,8.398467372258638,8.40698528289795,131100,0.0,0.0
2024-05-24 00:00:00-04:00,8.4410588579399,8.4580946847581,8.364399261883868,8.372917175292969,158500,0.0,0.0
2024-05-28 00:00:00-04:00,8.372914995596288,8.449574571695754,8.27070249823457,8.304773330688477,122200,0.0,0.0
2024-05-29 00:00:00-04:00,8.279220338167068,8.29625534809104,8.177007841685095,8.185524940490723,94200,0.0,0.0
2024-05-30 00:00:00-04:00,8.202561644091732,8.270703315734863,8.159972896236575,8.270703315734863,68100,0.0,0.0
2024-05-31 00:00:00-04:00,8.32181118378685,8.526236228394737,8.32181118378685,8.517718315124512,173700,0.0,0.0
2024-06-03 00:00:00-04:00,8.57734242870295,8.57734242870295,8.406988218004804,8.500682830810547,58400,0.0,0.0
2024-06-04 00:00:00-04:00,8.526236178688654,8.585859946606798,8.458094497549942,8.57734203338623,107300,0.0,0.0
2024-06-05 00:00:00-04:00,8.577340606692688,8.602894342103966,8.543269771790431,8.56030559539795,110800,0.0,0.0
2024-06-06 00:00:00-04:00,8.543269978181405,8.70510705711142,8.483646218740242,8.509199142456055,71400,0.0,0.0
2024-06-07 00:00:00-04:00,8.509197094002836,8.551785831485166,8.458091258874122,8.475126266479492,92200,0.0,0.0
2024-06-10 00:00:00-04:00,8.458093468582113,8.51771722924674,8.449575556397791,8.483646392822266,85500,0.0,0.0
2024-06-11 00:00:00-04:00,8.432540422691796,8.458094161337728,8.398469583476768,8.415505409240723,57000,0.0,0.0
2024-06-12 00:00:00-04:00,8.45809193442115,8.466609032747792,8.389950273931994,8.40698528289795,58700,0.0,0.0
2024-06-13 00:00:00-04:00,8.441056113142526,8.441056113142526,8.355879443687417,8.40698528289795,70600,0.0,0.0
2024-06-14 00:00:00-04:00,8.364398177592621,8.381434002202436,8.304774416083918,8.338845252990723,107000,0.0,0.0
2024-06-17 00:00:00-04:00,8.304028571063116,8.687023235776827,8.304028571063116,8.356255531311035,106700,0.21,0.0
2024-06-18 00:00:00-04:00,8.312731737897694,8.356254058748103,8.269209417047284,8.277914047241211,101900,0.0,0.0
2024-06-20 00:00:00-04:00,8.260506684131903,8.38236904447863,8.25180205193869,8.347551345825195,133200,0.0,0.0
2024-06-21 00:00:00-04:00,8.364959332919545,8.443299358231739,8.33014163612739,8.356255531311035,165100,0.0,0.0
2024-06-24 00:00:00-04:00,8.3388462004148,8.608683970961218,8.269210807393666,8.58257007598877,146200,0.0,0.0
2024-06-25 00:00:00-04:00,8.626091430381488,8.643500691731171,8.408480644226074,8.408480644226074,142200,0.0,0.0
2024-06-26 00:00:00-04:00,8.443298785495328,8.530343436630881,8.382368027772031,8.43459415435791,127100,0.0,0.0
2024-06-27 00:00:00-04:00,8.391072221977957,8.53904762313158,8.391072221977957,8.512933731079102,117900,0.0,0.0
2024-06-28 00:00:00-04:00,8.547752887356568,8.704432946023196,8.478117490197935,8.55645751953125,210400,0.0,0.0
2024-07-01 00:00:00-04:00,8.608679169498147,8.617382966181752,8.521634561710897,8.547747611999512,110200,0.0,0.0
2024-07-02 00:00:00-04:00,8.58256821376328,8.599977473300825,8.486819776664333,8.495524406433105,75000,0.0,0.0
2024-07-03 00:00:00-04:00,8.469411975529432,8.60868358545432,8.469411975529432,8.57386589050293,38800,0.0,0.0
2024-07-05 00:00:00-04:00,8.591274322918961,8.634796649138032,8.521638933016181,8.57386589050293,56400,0.0,0.0
2024-07-08 00:00:00-04:00,8.643502181039247,8.652205983094516,8.539049085301299,8.55645751953125,98900,0.0,0.0
2024-07-09 00:00:00-04:00,8.539047241210938,8.599977993036298,8.521637980621271,8.539047241210938,110600,0.0,0.0
2024-07-10 00:00:00-04:00,8.626092463403145,8.695727856902554,8.539048636588568,8.669614791870117,133800,0.0,0.0
2024-07-11 00:00:00-04:00,8.739248789021646,8.869814923441476,8.68702183718217,8.782771110534668,130100,0.0,0.0
2024-07-12 00:00:00-04:00,8.817588315887527,8.956859072960233,8.808883686040684,8.913336753845215,77300,0.0,0.0
2024-07-15 00:00:00-04:00,8.948154436714093,8.974268326235945,8.878519058227539,8.878519058227539,105800,0.0,0.0
2024-07-16 00:00:00-04:00,8.939450636992667,8.982972125957371,8.82629293942222,8.878519058227539,123700,0.0,0.0
2024-07-17 00:00:00-04:00,8.834996305436263,8.974267885691761,8.808883247315485,8.922040939331055,131000,0.0,0.0
2024-07-18 00:00:00-04:00,8.948153997451833,9.026494001933315,8.904631680504437,8.922040939331055,140600,0.0,0.0
2024-07-19 00:00:00-04:00,8.965563702807076,8.965563702807076,8.84370137530886,8.913336753845215,62300,0.0,0.0
2024-07-22 00:00:00-04:00,8.974269300682195,9.043904686729915,8.965564669896409,9.017790794372559,81100,0.0,0.0
2024-07-23 00:00:00-04:00,9.1222453479353,9.1222453479353,9.026496884173023,9.061314582824707,101100,0.0,0.0
2024-07-24 00:00:00-04:00,9.087427201719299,9.11354109701149,9.052609504782419,9.070018768310547,72500,0.0,0.0
2024-07-25 00:00:00-04:00,9.12224445023859,9.191880670808652,9.070018322460212,9.078722953796387,83400,0.0,0.0
2024-07-26 00:00:00-04:00,9.157061074831937,9.244104879767804,9.139651815773266,9.183174133300781,69100,0.0,0.0
2024-07-29 00:00:00-04:00,9.217992261463744,9.22669689140873,9.087425302646547,9.139652252197266,123600,0.0,0.0
2024-07-30 00:00:00-04:00,9.165765382425084,9.209287702365632,9.113539262591791,9.191879272460938,109700,0.0,0.0
2024-07-31 00:00:00-04:00,9.297028410098344,9.305791125935324,9.200641042867298,9.23569107055664,48800,0.07,0.0
2024-08-01 00:00:00-04:00,9.23569108688908,9.340841170143053,9.20940377499023,9.32331657409668,129000,0.0,0.0
2024-08-02 00:00:00-04:00,9.367132441395162,9.454757965640821,9.218170387231831,9.297032356262207,146600,0.0,0.0
2024-08-05 00:00:00-04:00,9.200642459232974,9.200642459232974,8.98157954353695,9.007866859436035,140600,0.0,0.0
2024-08-06 00:00:00-04:00,8.937767619009145,9.139305954611753,8.622317292100158,9.03415584564209,195200,0.0,0.0
2024-08-07 00:00:00-04:00,9.121780511910297,9.297030693397478,9.08673047561286,9.183117866516113,157900,0.0,0.0
2024-08-08 00:00:00-04:00,9.226928338090133,9.253216485553693,9.104253659227819,9.148065567016602,188200,0.0,0.0
2024-08-09 00:00:00-04:00,9.156829124266528,9.244454619213224,9.08672906257263,9.218167304992676,124500,0.0,0.0
2024-08-12 00:00:00-04:00,9.235692383708997,9.314555166137556,9.183116916870393,9.270742416381836,107900,0.0,0.0
2024-08-13 00:00:00-04:00,9.29703009078828,9.323318243051514,9.244455457579267,9.261980056762695,76900,0.0,0.0
2024-08-14 00:00:00-04:00,9.288269161227042,9.332081081506422,9.244456405288847,9.305793762207031,109800,0.0,0.0
2024-08-15 00:00:00-04:00,9.32331657409668,9.402178509793226,9.27950383049288,9.32331657409668,100900,0.0,0.0
2024-08-16 00:00:00-04:00,9.349606509847758,9.419706585023132,9.323319190571697,9.39341926574707,111100,0.0,0.0
2024-08-19 00:00:00-04:00,9.375891451732723,9.507329686102619,9.349604139122183,9.402178764343262,189200,0.0,0.0
2024-08-20 00:00:00-04:00,9.437231423331294,9.481043340794143,9.358368634844151,9.384655952453613,163700,0.0,0.0
2024-08-21 00:00:00-04:00,9.472279899479174,9.472279899479174,9.402179004628547,9.41970443725586,94400,0.0,0.0
2024-08-22 00:00:00-04:00,9.419707892044778,9.472283373550772,9.402182452989804,9.428470611572266,66300,0.0,0.0
2024-08-23 00:00:00-04:00,9.516092182974724,9.621242275886976,9.454754837690574,9.542380332946777,233100,0.0,0.0
2024-08-26 00:00:00-04:00,9.621243355701688,9.708868860792307,9.612481473719624,9.691344261169434,144800,0.0,0.0
2024-08-27 00:00:00-04:00,9.691344261169434,9.726394296073932,9.647531508624123,9.691344261169434,154200,0.0,0.0
2024-08-28 00:00:00-04:00,9.708868860792307,9.708868860792307,9.656294226264935,9.691344261169434,161500,0.0,0.0
2024-08-29 00:00:00-04:00,9.682581661514542,9.752681732177734,9.673818943766952,9.752681732177734,98500,0.0,0.0
2024-08-30 00:00:00-04:00,9.72622652850534,9.814406617957573,9.72622652850534,9.779134750366211,97100,0.07,0.0
2024-09-03 00:00:00-04:00,9.761498008039146,9.858496270770075,9.743862495418373,9.83204174041748,178900,0.0,0.0
2024-09-04 00:00:00-04:00,9.884949411050226,9.955493139509743,9.884949411050226,9.937857627868652,116600,0.0,0.0
2024-09-05 00:00:00-04:00,9.955493927001953,9.981947617029899,9.920222059982144,9.955493927001953,125400,0.0,0.0
2024-09-06 00:00:00-04:00,9.999584253346425,10.026037944121276,9.955494208089895,9.981947898864746,152200,0.0,0.0
2024-09-09 00:00:00-04:00,9.990766469226214,10.043674693805437,9.973130954998274,10.008402824401855,272300,0.0,0.0
2024-09-10 00:00:00-04:00,10.034854888916016,10.087762263967818,9.973129337706393,10.034854888916016,175300,0.0,0.0
2024-09-11 00:00:00-04:00,10.070127991695994,10.070127991695994,9.920222342357883,10.061309814453125,156100,0.0,0.0
2024-09-12 00:00:00-04:00,10.026037444124848,10.08776299983715,10.008401931470315,10.070127487182617,108500,0.0,0.0
2024-09-13 00:00:00-04:00,10.114217536492502,10.158307579577526,10.096581182879444,10.149489402770996,123200,0.0,0.0
2024-09-16 00:00:00-04:00,10.175944271784035,10.211216142151056,10.1494905792457,10.193580627441406,86900,0.0,0.0
2024-09-17 00:00:00-04:00,10.220035153637411,10.299397078673763,10.184763280393232,10.272942543029785,197500,0.0,0.0
2024-09-18 00:00:00-04:00,10.290578171356435,10.299396349279933,10.184762559117663,10.237669944763184,148700,0.0,0.0
2024-09-19 00:00:00-04:00,10.281758746364252,10.299395100072143,10.061309370701391,10.131853103637695,223400,0.0,0.0
2024-09-20 00:00:00-04:00,10.131853049157936,10.22885131213451,10.131853049157936,10.149489402770996,99300,0.0,0.0
2024-09-23 00:00:00-04:00,10.20239540399162,10.308210988537848,10.149488032192263,10.299393653869629,117500,0.0,0.0
2024-09-24 00:00:00-04:00,10.35230199381112,10.396392035065537,10.272940087742684,10.378756523132324,130400,0.0,0.0
2024-09-25 00:00:00-04:00,10.396393775939941,10.431665646660226,10.317031856582366,10.396393775939941,125900,0.0,0.0
2024-09-26 00:00:00-04:00,10.405209458320739,10.431663144779492,10.25530383347525,10.264122009277344,113200,0.0,0.0
2024-09-27 00:00:00-04:00,10.246485657673155,10.281757519934002,10.228850147016495,10.264122009277344,126900,0.0,0.0
2024-09-30 00:00:00-04:00,10.290736163962261,10.503647736614765,10.290736163962261,10.414934158325195,152200,0.07,0.0
2024-10-01 00:00:00-04:00,10.49477954736117,10.503651077218723,10.37058066746237,10.406065940856934,96700,0.0,0.0
2024-10-02 00:00:00-04:00,10.406065042347704,10.494778641191985,10.361709088961142,10.388322830200195,106200,0.0,0.0
2024-10-03 00:00:00-04:00,10.388322824853848,10.485907106703872,10.379451295766868,10.459293365478516,93200,0.0,0.0
2024-10-04 00:00:00-04:00,10.432678218439246,10.477035011861437,10.343964631594867,10.36170768737793,75600,0.0,0.0
2024-10-07 00:00:00-04:00,10.379448845043148,10.450419368910747,10.095566749572754,10.095566749572754,143900,0.0,0.0
2024-10-08 00:00:00-04:00,10.148796648165707,10.175411235511731,10.024598624693253,10.033470153808594,129100,0.0,0.0
2024-10-09 00:00:00-04:00,10.09556719432257,10.122180930436514,9.997982931214493,10.051210403442383,124700,0.0,0.0
2024-10-10 00:00:00-04:00,10.122182343336357,10.184281351615427,10.077825546264648,10.077825546264648,106500,0.0,0.0
2024-10-11 00:00:00-04:00,10.086697177921174,10.255252839308346,10.086697177921174,10.219767570495605,99000,0.0,0.0
2024-10-14 00:00:00-04:00,10.255254680348159,10.379452720471209,10.228640089434052,10.30848217010498,76500,0.0,0.0
2024-10-15 00:00:00-04:00,10.361706688179762,10.441548739433296,10.361706688179762,10.414934158325195,69600,0.0,0.0
2024-10-16 00:00:00-04:00,10.468163041270268,10.503648305300251,10.450419986237561,10.477034568786621,83700,0.0,0.0
2024-10-17 00:00:00-04:00,10.539132998723515,10.539132998723515,10.406062631289162,10.414934158325195,104000,0.0,0.0
2024-10-18 00:00:00-04:00,10.459291513753914,10.52139051429753,10.432677777240285,10.477034568786621,75500,0.0,0.0
2024-10-21 00:00:00-04:00,10.432678216309009,10.477035009722142,10.290737154215357,10.32622241973877,141700,0.0,0.0
2024-10-22 00:00:00-04:00,10.317353700409683,10.352838975592796,10.272996894921867,10.30848217010498,76200,0.0,0.0
2024-10-23 00:00:00-04:00,10.30848070828802,10.379451248590113,10.299609179241365,10.370579719543457,57800,0.0,0.0
2024-10-24 00:00:00-04:00,10.388323738747568,10.388323738747568,10.335095405578613,10.335095405578613,100400,0.0,0.0
2024-10-25 00:00:00-04:00,10.37057593255031,10.37057593255031,10.24637795539245,10.28186321258545,126300,0.0,0.0
2024-10-28 00:00:00-04:00,10.326221855074134,10.335092536443316,10.219766064325174,10.264122009277344,92900,0.0,0.0
2024-10-29 00:00:00-04:00,10.264122506597934,10.30847929973471,10.13105297322306,10.16653823852539,109600,0.0,0.0
2024-10-30 00:00:00-04:00,10.166537725491581,10.28186504341326,10.04233888018314,10.086695671081543,73500,0.0,0.0
2024-10-31 00:00:00-04:00,10.113477125808572,10.274150469258903,10.113477125808572,10.22951889038086,72700,0.07,0.0
2024-11-01 00:00:00-04:00,10.283073744641811,10.300925859853187,10.006358723016955,10.033137321472168,108500,0.0,0.0
2024-11-04 00:00:00-05:00,9.997432995772769,10.050991048009518,9.917096343055826,9.979580879211426,110900,0.0,0.0
2024-11-05 00:00:00-05:00,9.997434050205595,10.122402284420877,9.997434050205595,10.113475799560547,87300,0.0,0.0
2024-11-06 00:00:00-05:00,10.175958356631872,10.274147976596606,10.167032724043006,10.202737808227539,96000,0.0,0.0
2024-11-07 00:00:00-05:00,10.291999148507125,10.300925631553124,10.17595742273798,10.274147033691406,107400,0.0,0.0
2024-11-08 00:00:00-05:00,10.292001159274408,10.434821510808346,10.211664498717457,10.408042907714844,77200,0.0,0.0
2024-11-11 00:00:00-05:00,10.434822650680855,10.613348960876465,10.434822650680855,10.613348960876465,99300,0.0,0.0
2024-11-12 00:00:00-05:00,10.62227325447104,10.666904826385911,10.559789564556075,10.568716049194336,134500,0.0,0.0
2024-11-13 00:00:00-05:00,10.631200216687803,10.657978820529113,10.408043198365132,10.461601257324219,81900,0.0,0.0
2024-11-14 00:00:00-05:00,10.425894941578647,10.622272481674855,10.425894941578647,10.550862312316895,56000,0.0,0.0
2024-11-15 00:00:00-05:00,10.533010195615589,10.604420364973548,10.470525658970097,10.550862312316895,85300,0.0,0.0
2024-11-18 00:00:00-05:00,10.550864310825173,10.791874316516848,10.515159219383058,10.765095710754395,130000,0.0,0.0
2024-11-19 00:00:00-05:00,10.738316732823826,10.791874798014849,10.67583303283144,10.729391098022461,153400,0.0,0.0
2024-11-20 00:00:00-05:00,10.747242739395071,10.765095710754395,10.729390619312278,10.765095710754395,100700,0.0,0.0
2024-11-21 00:00:00-05:00,10.76509352721129,10.881134412403558,10.729388443011434,10.854355812072754,204100,0.0,0.0
2024-11-22 00:00:00-05:00,10.881134709344172,10.934692762743706,10.77401945382148,10.907914161682129,123700,0.0,0.0
2024-11-25 00:00:00-05:00,10.907914161682129,10.97932433203059,10.881134709344172,10.907914161682129,135500,0.0,0.0
2024-11-26 00:00:00-05:00,10.907913611372825,11.041807461202087,10.907913611372825,11.023955345153809,99200,0.0,0.0
2024-11-27 00:00:00-05:00,11.06858845019903,11.15785160353794,11.032883359118768,11.131072998046875,134200,0.0,0.0
2024-11-29 00:00:00-05:00,11.175954901551698,11.202884674072266,11.149025129031129,11.202884674072266,36100,0.07,0.0
2024-12-02 00:00:00-05:00,11.20288413228267,11.20288413228267,10.960514479154877,11.050281524658203,117600,0.0,0.0
2024-12-03 00:00:00-05:00,11.059257276974527,11.07721102807394,10.978467109191115,10.996420860290527,80400,0.0,0.0
2024-12-04 00:00:00-05:00,11.032329138552,11.032329138552,10.90665543050961,10.924609184265137,47000,0.0,0.0
2024-12-05 00:00:00-05:00,10.9515380859375,10.996421610666832,10.879724788803381,10.9515380859375,97800,0.0,0.0
2024-12-06 00:00:00-05:00,10.960514673734322,10.969491549660416,10.852794730867199,10.879724502563477,65800,0.0,0.0
2024-12-09 00:00:00-05:00,10.933583370187709,10.987442906034273,10.71814265855579,10.754049301147461,99600,0.0,0.0
2024-12-10 00:00:00-05:00,10.789957349909765,10.807910244079924,10.592470377546434,10.637353897094727,99100,0.0,0.0
2024-12-11 00:00:00-05:00,10.691214211581782,10.718143982832363,10.574517394719942,10.610424041748047,110000,0.0,0.0
2024-12-12 00:00:00-05:00,10.6014478770252,10.682237189671747,10.511680832641948,10.574517250061035,85700,0.0,0.0
2024-12-13 00:00:00-05:00,10.60144923432602,10.691215434120034,10.60144923432602,10.664285659790039,72500,0.0,0.0
2024-12-16 00:00:00-05:00,10.664284294444286,10.682237189671747,10.574517250061035,10.574517250061035,110300,0.0,0.0
2024-12-17 00:00:00-05:00,10.556564647676234,10.583494419305458,10.296241239041725,10.403961181640625,169700,0.0,0.0
2024-12-18 00:00:00-05:00,10.412937261235118,10.51168032037909,10.125683246856577,10.215450286865234,134300,0.0,0.0
2024-12-19 00:00:00-05:00,10.188523466085007,10.269312798176736,10.000013312373266,10.008989334106445,145500,0.0,0.0
2024-12-20 00:00:00-05:00,9.96410492344287,10.278287887573242,9.96410492344287,10.278287887573242,74700,0.0,0.0
2024-12-23 00:00:00-05:00,10.269308640933058,10.466795592513071,10.1795424673653,10.377029418945312,126800,0.0,0.0
2024-12-24 00:00:00-05:00,10.368055041933424,10.628378463318535,10.368055041933424,10.53861141204834,47300,0.0,0.0
2024-12-26 00:00:00-05:00,10.547585877128308,10.673259548960154,10.547585877128308,10.646328926086426,51300,0.0,0.0
2024-12-27 00:00:00-05:00,10.646330688776153,10.763027505637993,10.556564499246885,10.610424041748047,111700,0.0,0.0
2024-12-30 00:00:00-05:00,10.574517043347923,10.60144766978564,10.502703751677938,10.529633522033691,47300,0.0,0.0
2024-12-31 00:00:00-05:00,10.610908288751709,10.64703049528584,10.520602341805713,10.556724548339844,82600,0.07,0.0
2025-01-02 00:00:00-05:00,10.656062214846312,10.692184424609666,10.48448107255432,10.538664817810059,101400,0.0,0.0
2025-01-03 00:00:00-05:00,10.565756381766855,10.628970895498345,10.529634171586613,10.59284782409668,60900,0.0,0.0
2025-01-06 00:00:00-05:00,10.592847159721602,10.628970228857657,10.502542070545577,10.51157283782959,53100,0.0,0.0
2025-01-07 00:00:00-05:00,10.493512134294079,10.511573670292487,10.294839544418776,10.33999252319336,85800,0.0,0.0
2025-01-08 00:00:00-05:00,10.339993584467313,10.385146567876298,10.222596172092564,10.376115798950195,112300,0.0,0.0
2025-01-10 00:00:00-05:00,10.376114733968738,10.511573670292487,10.28580963764101,10.33999252319336,116600,0.0,0.0
2025-01-13 00:00:00-05:00,10.330963874927562,10.367086093114589,10.159383553844586,10.2406587600708,108100,0.0,0.0
2025-01-14 00:00:00-05:00,10.294838365026543,10.493510932141614,10.18647174511505,10.267746925354004,64400,0.0,0.0
2025-01-15 00:00:00-05:00,10.385144337608642,10.493510957784954,10.349022130883204,10.403205871582031,75600,0.0,0.0
2025-01-16 00:00:00-05:00,10.421267334041275,10.6650928938307,10.421267334041275,10.656062126159668,81500,0.0,0.0
2025-01-17 00:00:00-05:00,10.683154857577101,10.827643712870076,10.683154857577101,10.782490730285645,85600,0.0,0.0
2025-01-21 00:00:00-05:00,10.782489676534759,10.972131495878855,10.782489676534759,10.881826400756836,138300,0.0,0.0
2025-01-22 00:00:00-05:00,10.899888132513876,10.899888132513876,10.72830783228482,10.764430046081543,104600,0.0,0.0
2025-01-23 00:00:00-05:00,10.79152019633952,10.79152019633952,10.59284761368385,10.656062126159668,76600,0.0,0.0
2025-01-24 00:00:00-05:00,10.674122075524595,10.764428023660471,10.674122075524595,10.72830581665039,78400,0.0,0.0
2025-01-27 00:00:00-05:00,10.683151415347432,10.719273617531702,10.5206010749076,10.583815574645996,179600,0.0,0.0
2025-01-28 00:00:00-05:00,10.601876245127515,10.728304383383078,10.547693372461726,10.583815574645996,81900,0.0,0.0
2025-01-29 00:00:00-05:00,10.62897142477337,10.737338060710265,10.601879119873047,10.601879119873047,89600,0.0,0.0
2025-01-30 00:00:00-05:00,10.701215103293421,10.81861163813121,10.628970684367978,10.656062126159668,71900,0.0,0.0
2025-01-31 00:00:00-05:00,10.701484680175781,10.819582665290055,10.692400886213832,10.701484680175781,63500,0.07,0.0
2025-02-03 00:00:00-05:00,10.601555897551876,10.746906995653832,10.601555897551876,10.656062126159668,55300,0.0,0.0
2025-02-04 00:00:00-05:00,10.601556061413714,10.728738707399152,10.556133625964563,10.692400932312012,63500,0.0,0.0
2025-02-05 00:00:00-05:00,10.674233546915968,10.737824448257802,10.665148884906833,10.719655990600586,49500,0.0,0.0
2025-02-06 00:00:00-05:00,10.737823343633066,10.737823343633066,10.628810009821064,10.646979331970215,46800,0.0,0.0
2025-02-07 00:00:00-05:00,10.665146910119937,10.755991780668097,10.64697845582684,10.683316230773926,87000,0.0,0.0
2025-02-10 00:00:00-05:00,10.737822460014108,10.755991780668097,10.64697845582684,10.683316230773926,82200,0.0,0.0
2025-02-11 00:00:00-05:00,10.683315437557518,10.783244094652261,10.683315437557518,10.755990982055664,63000,0.0,0.0
2025-02-12 00:00:00-05:00,10.674231688585698,10.810498129555198,10.674231688585698,10.728738784790039,59600,0.0,0.0
2025-02-13 00:00:00-05:00,10.810498278595162,10.837752260253524,10.728738932702822,10.81958293914795,52500,0.0,0.0
2025-02-14 00:00:00-05:00,10.846836054445395,10.901343151401205,10.80141448440329,10.81958293914795,75300,0.0,0.0
2025-02-18 00:00:00-05:00,10.865003625846775,10.919510714024742,10.783243426760212,10.892256736755371,64400,0.0,0.0
2025-02-19 00:00:00-05:00,10.874091034935619,10.901344152736382,10.792330815172337,10.828668594360352,73800,0.0,0.0
2025-02-20 00:00:00-05:00,10.828668480441657,10.88317471546977,10.774161379052558,10.783246040344238,71700,0.0,0.0
2025-02-21 00:00:00-05:00,10.810497525490367,10.946764825206477,10.792329072011398,10.901342391967773,95000,0.0,0.0
2025-02-24 00:00:00-05:00,10.946765818069798,11.019441371299,10.901343380711314,10.928596496582031,74600,0.0,0.0
2025-02-25 00:00:00-05:00,10.974018933940515,10.992188255428282,10.874090264840596,10.928596496582031,55400,0.0,0.0
2025-02-26 00:00:00-05:00,10.964935912699678,10.964935912699678,10.719656100466544,10.7650785446167,103100,0.0,0.0
2025-02-27 00:00:00-05:00,10.792331664562367,10.837754108712522,10.737824558309969,10.7650785446167,68000,0.0,0.0
2025-02-28 00:00:00-05:00,10.765076088358988,10.90215313502141,10.701107322821965,10.883875846862793,77000,0.07,0.0
2025-03-03 00:00:00-05:00,10.929566602203845,11.07578140011818,10.911289316710082,10.956981658935547,78400,0.0,0.0
2025-03-04 00:00:00-05:00,10.975260435057814,11.03009055596809,10.774214624865666,10.792491912841797,86300,0.0,0.0
2025-03-05 00:00:00-05:00,10.801628309398309,10.810766952222284,10.244184169769998,10.673690795898438,262700,0.0,0.0
2025-03-06 00:00:00-05:00,10.582306664183866,10.60058395078781,10.454368272483233,10.490921974182129,60900,0.0,0.0
2025-03-07 00:00:00-05:00,10.52747642730067,10.627998887948703,10.463506796425573,10.618860244750977,58500,0.0,0.0
2025-03-10 00:00:00-04:00,10.600583928636484,10.783352436749047,10.573167998787856,10.664552688598633,117400,0.0,0.0
2025-03-11 00:00:00-04:00,10.701106390221145,10.792491080031922,10.618860343693244,10.664552688598633,104400,0.0,0.0
2025-03-12 00:00:00-04:00,10.609722543133616,10.774214649254915,10.609722543133616,10.728522300720215,86400,0.0,0.0
2025-03-13 00:00:00-04:00,10.728520909824397,10.77421325243533,10.61885981046353,10.673690795898438,50100,0.0,0.0
2025-03-14 00:00:00-04:00,10.673693605066912,10.902154506740372,10.673693605066912,10.89301586151123,90300,0.0,0.0
2025-03-17 00:00:00-04:00,10.920430045609635,11.103198577917212,10.893014983640777,11.048368453979492,109500,0.0,0.0
2025-03-18 00:00:00-04:00,11.048365371703412,11.075780426024012,10.94784205334644,11.020950317382812,109300,0.0,0.0
2025-03-19 00:00:00-04:00,11.066642445655035,11.103196144104004,11.039227389695537,11.103196144104004,103200,0.0,0.0
2025-03-20 00:00:00-04:00,11.103196027590784,11.12147331237793,11.066642329525397,11.12147331237793,83500,0.0,0.0
2025-03-21 00:00:00-04:00,11.057507311724544,11.112337436719704,11.048368667055643,11.075783729553223,70200,0.0,0.0
2025-03-24 00:00:00-04:00,11.084921001979977,11.148889763725114,11.057505942876205,11.066643714904785,75900,0.0,0.0
2025-03-25 00:00:00-04:00,11.075780426024012,11.075780426024012,10.956980695289595,11.020950317382812,85300,0.0,0.0
2025-03-26 00:00:00-04:00,11.011812429458928,11.10319624062127,11.011812429458928,11.039227485656738,86400,0.0,0.0
2025-03-27 00:00:00-04:00,11.057507311724544,11.158029788555085,11.039230022386741,11.075783729553223,100700,0.0,0.0
2025-03-28 00:00:00-04:00,11.103196761967563,11.167166391444686,11.039228003999405,11.094058990478516,154500,0.0,0.0
2025-03-31 00:00:00-04:00,11.094057574236217,11.268695264150553,11.094057574236217,11.241120338439941,119100,0.07,0.0
2025-04-01 00:00:00-04:00,11.140014907190686,11.287077671394409,11.121632499946829,11.241120338439941,119700,0.0,0.0
2025-04-02 00:00:00-04:00,11.268697270101839,11.342228665293092,11.222739928966462,11.296271324157715,85200,0.0,0.0
2025-04-03 00:00:00-04:00,11.121635228803516,11.314655373322038,11.121635228803516,11.130825996398926,187600,0.0,0.0
2025-04-04 00:00:00-04:00,11.084870665799082,11.084870665799082,10.40470382985274,10.423087120056152,270900,0.0,0.0
2025-04-07 00:00:00-04:00,9.889983572179556,10.478234809650557,9.605048721606925,9.862408638000488,241800,0.0,0.0
2025-04-08 00:00:00-04:00,10.073810577440206,10.395511082247317,9.816450699532531,9.899173736572266,134700,0.0,0.0
2025-04-09 00:00:00-04:00,9.788875964296262,10.459851040756424,9.788875964296262,10.413893699645996,199700,0.0,0.0
2025-04-10 00:00:00-04:00,10.413893227977812,10.54257360194612,10.101384374457162,10.266830444335938,101000,0.0,0.0
2025-04-11 00:00:00-04:00,10.211682487852157,10.551765428322831,10.211682487852157,10.496617317199707,107000,0.0,0.0
2025-04-14 00:00:00-04:00,10.57014752094025,10.836699032057949,10.57014752094025,10.744784355163574,69900,0.0,0.0
2025-04-15 00:00:00-04:00,10.744785375954695,11.002146145083763,10.744785375954695,10.91942310333252,72300,0.0,0.0
2025-04-16 00:00:00-04:00,10.91023063659668,11.103250760604007,10.864273297249538,10.91023063659668,134500,0.0,0.0
2025-04-17 00:00:00-04:00,11.011333681302295,11.213545404407053,10.87346256988182,11.121631622314453,115900,0.0,0.0
2025-04-21 00:00:00-04:00,11.066484345126037,11.094058396316695,10.662061713597689,10.717209815979004,70300,0.0,0.0
2025-04-22 00:00:00-04:00,10.91942167478186,11.185973176350839,10.845890286525817,11.066484451293945,105800,0.0,0.0
2025-04-23 00:00:00-04:00,11.21354904070164,11.277889673250103,11.09406029632699,11.130825996398926,112300,0.0,0.0
2025-04-24 00:00:00-04:00,11.140016910370148,11.231931592807031,11.08486880215872,11.176782608032227,48000,0.0,0.0
2025-04-25 00:00:00-04:00,11.231931592807031,11.287079701018461,11.094059569151707,11.176782608032227,65100,0.0,0.0
2025-04-28 00:00:00-04:00,11.167589546873087,11.23193016703692,11.140015496267594,11.204355239868164,53700,0.0,0.0
2025-04-29 00:00:00-04:00,11.204357457721093,11.314655435102585,11.18597504586647,11.305463790893555,72200,0.0,0.0
2025-04-30 00:00:00-04:00,11.305460334587952,11.32394883748118,11.139068216450616,11.29621696472168,101200,0.07,0.0
2025-05-01 00:00:00-04:00,11.342438566653861,11.379414694857621,11.203777424704436,11.259242057800293,68100,0.0,0.0
2025-05-02 00:00:00-04:00,11.24075292949783,11.323949433737333,11.222265307211488,11.305460929870605,60300,0.0,0.0
2025-05-05 00:00:00-04:00,11.286973307584264,11.31470518180397,11.176044929125053,11.305460929870605,52000,0.0,0.0
2025-05-06 00:00:00-04:00,11.296218603096978,11.370170862235055,11.203777838384148,11.333194732666016,85600,0.0,0.0
2025-05-07 00:00:00-04:00,11.286973837744698,11.481098729561651,11.259241962222399,11.4348783493042,107400,0.0,0.0
2025-05-08 00:00:00-04:00,11.499587003959084,11.499587003959084,11.314706354039577,11.416391372680664,107400,0.0,0.0
2025-05-09 00:00:00-04:00,11.40714547783739,11.434877350938454,11.27772860073185,11.379413604736328,50800,0.0,0.0
2025-05-12 00:00:00-04:00,11.508829361708901,11.508829361708901,11.185288498021862,11.268484115600586,121400,0.0,0.0
2025-05-13 00:00:00-04:00,11.259242467574676,11.314706221108674,11.074360938246773,11.102093696594238,171000,0.0,0.0
2025-05-14 00:00:00-04:00,11.166801032429703,11.166801032429703,10.954188520681024,11.092848777770996,77400,0.0,0.0
2025-05-15 00:00:00-04:00,11.12982547125706,11.305461864610733,11.09284934204679,11.277729988098145,38700,0.0,0.0
2025-05-16 00:00:00-04:00,11.360925828814906,11.499586084776048,11.31470544963439,11.471854209899902,77500,0.0,0.0
2025-05-19 00:00:00-04:00,11.45336696562196,11.49034309387207,11.360926204206468,11.49034309387207,101900,0.0,0.0
2025-05-20 00:00:00-04:00,11.508828311593769,11.601269053686993,11.481096441597904,11.592024803161621,90300,0.0,0.0
2025-05-21 00:00:00-04:00,11.601271116041792,11.601271116041792,11.490342734758368,11.49958610534668,89300,0.0,0.0
2025-05-22 00:00:00-04:00,11.518076658957852,11.518076658957852,11.26848709547835,11.351683616638184,72300,0.0,0.0
2025-05-23 00:00:00-04:00,11.213023335758837,11.360927870451624,11.139071068412443,11.351683616638184,110700,0.0,0.0
2025-05-27 00:00:00-04:00,11.434878906067487,11.508831165447967,11.370170899504686,11.38865852355957,88700,0.0,0.0
2025-05-28 00:00:00-04:00,11.407145894929661,11.462609643159768,11.231508635180093,11.24999713897705,56900,0.0,0.0
2025-05-29 00:00:00-04:00,11.249998111585557,11.342438875401463,11.240753858887873,11.277729988098145,57700,0.0,0.0
2025-05-30 00:00:00-04:00,11.259136367529647,11.426489632569059,11.175460621677944,11.398597717285156,71800,0.07,0.0
2025-06-02 00:00:00-04:00,11.38929936286951,11.47297598985134,11.287028422485017,11.426488876342773,63700,0.0,0.0
2025-06-03 00:00:00-04:00,11.500869094757013,11.500869094757013,11.324219109125396,11.417192459106445,62000,0.0,0.0
2025-06-04 00:00:00-04:00,11.398596092331712,11.49156942558002,11.314919471740723,11.314919471740723,58200,0.0,0.0
2025-06-05 00:00:00-04:00,11.38929852026385,11.435785630333195,11.249838076723687,11.277729988098145,66900,0.0,0.0
2025-06-06 00:00:00-04:00,11.370704483249757,11.389299683844412,11.287028740577705,11.305623054504395,66300,0.0,0.0
2025-06-09 00:00:00-04:00,11.296323750973698,11.426487475506605,11.277729439850615,11.333513259887695,100200,0.0,0.0
2025-06-10 00:00:00-04:00,11.407893691656904,11.435785602964609,11.305621872415529,11.314919471740723,90600,0.0,0.0
2025-06-11 00:00:00-04:00,11.370703468647527,11.435785778253592,11.342811556912292,11.380001068115234,82700,0.0,0.0
2025-06-12 00:00:00-04:00,11.417191999678975,11.482274317381636,11.407895285722594,11.435787200927734,70600,0.0,0.0
2025-06-13 00:00:00-04:00,11.361407449431546,11.47297598985134,11.361407449431546,11.426488876342773,52200,0.0,0.0
2025-06-16 00:00:00-04:00,11.472975289456535,11.500867201191772,11.370703468647527,11.380001068115234,51500,0.0,0.0
2025-06-17 00:00:00-04:00,11.361408564117667,11.38930048029215,11.231244810856694,11.2405424118042,52800,0.0,0.0
2025-06-18 00:00:00-04:00,11.231243133544922,11.342811668248864,11.212648821094879,11.231243133544922,55400,0.0,0.0
2025-06-20 00:00:00-04:00,11.221945561980936,11.249838360727427,11.128972226162995,11.194053649902344,139900,0.0,0.0
2025-06-23 00:00:00-04:00,11.212647844354523,11.324216369339664,11.203350245605472,11.268431663513184,44100,0.0,0.0
2025-06-24 00:00:00-04:00,11.314919139998924,11.482272376274278,11.305621540946326,11.47297477722168,75400,0.0,0.0
2025-06-25 00:00:00-04:00,11.500866484483897,11.510164083372198,11.407893155604368,11.445082664489746,67400,0.0,0.0
2025-06-26 00:00:00-04:00,11.463679116132877,11.500868631962398,11.407895285722594,11.435787200927734,75200,0.0,0.0
2025-06-27 00:00:00-04:00,11.51016597004991,11.56594979918781,11.426489339675078,11.482274055480957,66600,0.0,0.0
2025-06-30 00:00:00-04:00,11.454222402693711,11.650580536694493,11.454222402693711,11.603828430175781,88500,0.07,0.0
2025-07-01 00:00:00-04:00,11.575777522953459,11.603828430175781,11.4729236019901,11.603828430175781,75000,0.0,0.0
2025-07-02 00:00:00-04:00,11.585129737854004,11.641231560120625,11.482274910827888,11.585129737854004,88800,0.0,0.0
2025-07-03 00:00:00-04:00,11.538376808166504,11.63188013590046,11.500975298728457,11.538376808166504,31600,0.0,0.0
2025-07-07 00:00:00-04:00,11.50097496416057,11.575777980860614,11.407470747424364,11.463573455810547,79200,0.0,0.0
2025-07-08 00:00:00-04:00,11.416818797517136,11.566424797503002,11.342015797524203,11.426169395446777,63800,0.0,0.0
2025-07-09 00:00:00-04:00,11.491624698438365,11.557077117024365,11.426172279852363,11.538376808166504,99400,0.0,0.0
2025-07-10 00:00:00-04:00,11.594477232348845,11.631878737289755,11.51032451502346,11.622529029846191,97000,0.0,0.0
2025-07-11 00:00:00-04:00,11.566426617751658,11.85628895713249,11.51967451246801,11.641229629516602,133000,0.0,0.0
2025-07-14 00:00:00-04:00,11.678630878094204,11.762784487406241,11.678630878094204,11.734733581542969,86600,0.0,0.0
2025-07-15 00:00:00-04:00,11.78148419585098,11.78148419585098,11.603826400499235,11.650578498840332,67700,0.0,0.0
2025-07-16 00:00:00-04:00,11.650580698026294,11.678631605637053,11.622529790415536,11.669281005859375,62500,0.0,0.0
2025-07-17 00:00:00-04:00,11.659930534787101,11.72538294550314,11.622529029846191,11.622529029846191,109400,0.0,0.0
2025-07-18 00:00:00-04:00,11.697331951609492,11.828236772055435,11.454221725463867,11.454221725463867,233200,0.0,0.0
2025-07-21 00:00:00-04:00,11.547727586344143,11.76278604599521,11.510326076329942,11.716033935546875,138400,0.0,0.0
2025-07-22 00:00:00-04:00,11.753434052320177,11.837587662807223,11.734733745390963,11.800186157226562,66800,0.0,0.0
2025-07-23 00:00:00-04:00,11.83758814908242,11.874989656199492,11.772135734558105,11.772135734558105,65500,0.0,0.0
2025-07-24 00:00:00-04:00,11.725381851196289,11.781484549232808,11.706681546332204,11.725381851196289,39400,0.0,0.0
2025-07-25 00:00:00-04:00,11.80953802147407,11.846939531060814,11.697333492713838,11.762785911560059,52600,0.0,0.0
2025-07-28 00:00:00-04:00,11.725382766281522,11.73473336530438,11.603827654150969,11.613178253173828,99000,0.0,0.0
2025-07-29 00:00:00-04:00,11.613179498190233,11.650581006569174,11.613179498190233,11.631879806518555,53700,0.0,0.0
2025-07-30 00:00:00-04:00,11.687979999168787,11.744082695522525,11.64122790082769,11.650578498840332,93900,0.0,0.0
2025-07-31 00:00:00-04:00,11.622370819226713,11.72580673503246,11.622370819226713,11.65998363494873,88900,0.07,0.0
2025-08-01 00:00:00-04:00,11.659981982542467,11.688192262906329,11.603563215335015,11.650579452514648,71800,0.0,0.0
2025-08-04 00:00:00-04:00,11.71640385426116,11.84804916381836,11.71640385426116,11.84804916381836,81100,0.0,0.0
2025-08-05 00:00:00-04:00,11.85745169561792,11.895064513097077,11.810436346339204,11.84804916381836,92900,0.0,0.0
2025-08-06 00:00:00-04:00,11.84804916381836,11.876258552737651,11.782226060659607,11.84804916381836,99400,0.0,0.0
2025-08-07 00:00:00-04:00,11.866852876349702,12.064320354900914,11.866852876349702,11.989094734191895,247800,0.0,0.0
2025-08-08 00:00:00-04:00,11.989094175679252,12.007901028360456,11.923271984815223,11.970287322998047,115800,0.0,0.0
2025-08-11 00:00:00-04:00,12.007901482570478,12.036110865899238,11.942078392456537,11.951481819152832,106800,0.0,0.0
2025-08-12 00:00:00-04:00,11.998498055874183,11.998498055874183,11.819836535685077,11.951481819152832,84900,0.0,0.0
2025-08-13 00:00:00-04:00,11.998499212925749,11.998499212925749,11.895063302812114,11.942079544067383,66500,0.0,0.0
2025-08-14 00:00:00-04:00,11.970288172906182,11.97969159991444,11.90446597736868,11.9326753616333,71500,0.0,0.0
2025-08-15 00:00:00-04:00,11.979692055830611,11.979692055830611,11.876257045083758,11.913869857788086,85100,0.0,0.0
2025-08-18 00:00:00-04:00,11.92327454063749,11.942080500589766,11.848048907307813,11.857451438903809,73000,0.0,0.0
2025-08-19 00:00:00-04:00,11.85745058630822,11.913870255628833,11.85745058630822,11.895063400268555,45600,0.0,0.0
2025-08-20 00:00:00-04:00,11.904465883479663,12.017304316408362,11.904465883479663,11.979691505432129,126700,0.0,0.0
2025-08-21 00:00:00-04:00,11.979691959407615,12.026708199099645,11.913869761894885,11.960886001586914,66100,0.0,0.0
2025-08-22 00:00:00-04:00,12.007902843143972,12.036112229669039,11.979692559858677,12.017305374145508,44200,0.0,0.0
2025-08-25 00:00:00-04:00,12.045515657430803,12.05491818843234,11.970289132096912,12.017305374145508,89800,0.0,0.0
2025-08-26 00:00:00-04:00,11.989095290955046,12.054917487942129,11.97028843652435,12.007902145385742,67000,0.0,0.0
2025-08-27 00:00:00-04:00,12.026709002314902,12.101934632142092,12.026709002314902,12.092531204223633,33400,0.0,0.0
2025-08-28 00:00:00-04:00,12.092530147135864,12.130142958761475,12.036111378077532,12.054917335510254,63600,0.0,0.0
2025-08-29 00:00:00-04:00,12.08328126754793,12.111646427370431,12.054917009408939,12.064372062683105,46600,0.07,0.0
2025-09-02 00:00:00-04:00,12.054918228088258,12.168376173797645,11.913096021372425,11.950915336608887,91300,0.0,0.0
2025-09-03 00:00:00-04:00,11.922550690315546,11.960370007190063,11.846912056566516,11.856367111206055,67300,0.0,0.0
2025-09-04 00:00:00-04:00,11.856367438934095,11.913096866655774,11.828003175915086,11.846912384033203,69000,0.0,0.0
2025-09-05 00:00:00-04:00,11.941460470040502,12.073828526290102,11.818547468169506,11.865821838378906,48800,0.0,0.0
2025-09-08 00:00:00-04:00,11.875276752355912,11.884730904939124,11.780728013054961,11.790183067321777,54000,0.0,0.0
2025-09-09 00:00:00-04:00,11.818547468169506,11.87527689275751,11.79018320671731,11.865821838378906,64100,0.0,0.0
2025-09-10 00:00:00-04:00,11.932006045123122,11.950916154877913,11.818548091645367,11.875277519226074,121000,0.0,0.0
2025-09-11 00:00:00-04:00,11.91309645645058,11.97928003511058,11.837457823215258,11.88473129272461,93700,0.0,0.0
2025-09-12 00:00:00-04:00,11.894186318812125,11.979280006418962,11.894186318812125,11.91309642791748,49900,0.0,0.0
2025-09-15 00:00:00-04:00,11.950915854234163,11.960370007190063,11.856367111206055,11.856367111206055,82100,0.0,0.0
2025-09-16 00:00:00-04:00,11.884730904939124,11.89418595920594,11.771272958788146,11.790183067321777,89300,0.0,0.0
2025-09-17 00:00:00-04:00,11.846910656788873,11.865820763833618,11.733452719571007,11.76181697845459,80400,0.0,0.0
2025-09-18 00:00:00-04:00,11.761817357099249,11.79963667072271,11.733453097302544,11.752363204956055,95100,0.0,0.0
2025-09-19 00:00:00-04:00,11.723996790445494,11.761816100026927,11.714542639312736,11.733451843261719,67900,0.0,0.0
2025-09-22 00:00:00-04:00,11.761816100026927,11.903639187219895,11.686177480864062,11.733451843261719,80100,0.0,0.0
2025-09-23 00:00:00-04:00,11.780728013054961,11.809092274171805,11.752363751938118,11.790183067321777,123200,0.0,0.0
2025-09-24 00:00:00-04:00,11.865822165845593,11.89418642808057,11.837457903610616,11.856367111206055,93700,0.0,0.0
2025-09-25 00:00:00-04:00,11.865821432533046,11.96036926803442,11.837457172050991,11.903640747070312,102000,0.0,0.0
2025-09-26 00:00:00-04:00,11.969825089651579,11.998189351952485,11.969825089651579,11.98873519897461,67600,0.0,0.0
2025-09-29 00:00:00-04:00,12.064373236608633,12.121101758406592,11.969824498033903,12.111647605895996,78500,0.0,0.0
2025-09-30 00:00:00-04:00,12.159180687309581,12.273262023925781,12.12115357510418,12.273262023925781,103300,0.07,0.0
2025-10-01 00:00:00-04:00,12.32079588589842,12.377837006345151,12.273261769965783,12.368330001831055,82300,0.0,0.0
2025-10-02 00:00:00-04:00,12.377838399425203,12.377838399425203,12.216222931047728,12.282770156860352,33100,0.0,0.0
2025-10-03 00:00:00-04:00,12.2637564847264,12.396851846669051,12.2637564847264,12.358824729919434,46700,0.0,0.0
2025-10-06 00:00:00-04:00,12.387343452838097,12.45389157967179,12.358823345131016,12.444384574890137,68500,0.0,0.0
2025-10-07 00:00:00-04:00,12.42536996433242,12.548958300602514,12.377836755999013,12.520438194274902,79900,0.0,0.0
2025-10-08 00:00:00-04:00,12.54896134117071,12.567975354421366,12.425372974955598,12.529948234558105,82900,0.0,0.0
2025-10-09 00:00:00-04:00,12.567972962457537,12.625013178077383,12.501424835383874,12.558465957641602,78200,0.0,0.0
2025-10-10 00:00:00-04:00,12.54896034636832,12.625014580065741,12.453893007565533,12.472906112670898,82500,0.0,0.0
2025-10-13 00:00:00-04:00,12.472903730224974,12.596492063036205,12.425369616584069,12.501423835754395,67400,0.0,0.0
2025-10-14 00:00:00-04:00,12.453891278071891,12.59649271979175,12.396850157401234,12.539451599121094,93700,0.0,0.0
2025-10-15 00:00:00-04:00,12.567971883558505,12.653533106281143,12.567971883558505,12.605998992919922,98700,0.0,0.0
2025-10-16 00:00:00-04:00,12.64402736320921,12.720081589516564,12.54895912700607,12.567973136901855,80100,0.0,0.0
2025-10-17 00:00:00-04:00,12.567972962457537,12.634520182893318,12.520438845015743,12.558465957641602,47800,0.0,0.0
2025-10-20 00:00:00-04:00,12.577478758159383,12.634519879045328,12.577478758159383,12.596492767333984,44500,0.0,0.0
2025-10-21 00:00:00-04:00,12.596492415573755,12.625012521901366,12.463397074981847,12.520438194274902,55500,0.0,0.0
2025-10-22 00:00:00-04:00,12.577477980920508,12.615505996919726,12.53945087155909,12.605998992919922,46100,0.0,0.0
2025-10-23 00:00:00-04:00,12.625012094281729,12.69156021564256,12.548957875558896,12.605998992919922,63300,0.0,0.0
2025-10-24 00:00:00-04:00,12.634519751795072,12.69156087210652,12.586985635975175,12.644026756286621,51400,0.0,0.0
2025-10-27 00:00:00-04:00,12.691562003940799,12.710575107981638,12.596493763822814,12.653534889221191,53800,0.0,0.0
2025-10-28 00:00:00-04:00,12.701067533770978,12.701067533770978,12.49191886549971,12.510931968688965,63800,0.0,0.0
2025-10-29 00:00:00-04:00,12.567972740791879,12.615506857395296,12.396850283674722,12.434877395629883,40300,0.0,0.0
2025-10-30 00:00:00-04:00,12.377838134765625,12.491919479421417,12.368331129384826,12.377838134765625,39000,0.0,0.0
2025-10-31 00:00:00-04:00,12.377836650325662,12.454301978685251,12.349162380075471,12.425627708435059,59200,0.07,0.0
2025-11-03 00:00:00-05:00,12.387393807164994,12.387393807164994,12.244021558693559,12.282254219055176,93900,0.0,0.0
2025-11-04 00:00:00-05:00,12.282255565167326,12.349162500248399,12.138882389443934,12.196231842041016,77600,0.0,0.0
2025-11-05 00:00:00-05:00,12.23446478331387,12.310930114147068,12.215347994836248,12.272697448730469,97500,0.0,0.0
2025-11-06 00:00:00-05:00,12.244023835591017,12.425628778195307,12.244023835591017,12.330046653747559,57900,0.0,0.0
2025-11-07 00:00:00-05:00,12.26313809685681,12.406510353088379,12.25357970336442,12.406510353088379,57100,0.0,0.0
2025-11-10 00:00:00-05:00,12.463861318698743,12.52121077509092,12.444745440927141,12.492535591125488,79200,0.0,0.0
2025-11-11 00:00:00-05:00,12.463859979220457,12.616790631112712,12.463859979220457,12.578557968139648,73800,0.0,0.0
2025-11-12 00:00:00-05:00,12.54032776933692,12.66458417630037,12.54032776933692,12.597677230834961,61200,0.0,0.0
2025-11-13 00:00:00-05:00,12.626349314500988,12.635907708348256,12.521209716796875,12.521209716796875,79100,0.0,0.0
2025-11-14 00:00:00-05:00,12.50209292429786,12.616790915805163,12.43518599046992,12.588116645812988,39500,0.0,0.0
2025-11-17 00:00:00-05:00,12.54988546711828,12.674141867173557,12.540327072143555,12.540327072143555,104500,0.0,0.0
2025-11-18 00:00:00-05:00,12.559443036329565,12.702815305369077,12.52121037048312,12.645465850830078,76600,0.0,0.0
2025-11-19 00:00:00-05:00,12.549884381264937,12.674140770569181,12.416069597812989,12.435186386108398,86400,0.0,0.0
2025-11-20 00:00:00-05:00,12.435187877370083,12.597676951212641,12.377838417144991,12.387396812438965,73100,0.0,0.0
2025-11-21 00:00:00-05:00,12.444746272664057,12.540327490987549,12.387396812438965,12.387396812438965,29700,0.0,0.0
2025-11-24 00:00:00-05:00,12.396953294271807,12.511651285479688,12.339603842898562,12.454301834106445,72300,0.0,0.0
2025-11-25 00:00:00-05:00,12.482976344715398,12.511650613091735,12.339603179756601,12.463859558105469,101000,0.0,0.0
2025-11-26 00:00:00-05:00,12.482976909384082,12.607232381815102,12.444744245973322,12.549883842468262,58200,0.0,0.0
2025-11-28 00:00:00-05:00,12.569103201567486,12.713243927599583,12.511447277724402,12.636368751525879,44900,0.07,0.0
2025-12-01 00:00:00-05:00,12.578712206193881,12.645977752828818,12.540274620056152,12.540274620056152,85000,0.0,0.0
2025-12-02 00:00:00-05:00,12.588322165602284,12.6459780881254,12.367305352132036,12.376914978027344,72900,0.0,0.0
2025-12-03 00:00:00-05:00,12.415352674811885,12.511447101764745,12.300039912323076,12.396133422851562,114900,0.0,0.0
2025-12-04 00:00:00-05:00,12.41535256518421,12.501837365393246,12.338477390870478,12.376914978027344,117400,0.0,0.0
2025-12-05 00:00:00-05:00,12.434569798707393,12.521054591252904,12.39613221495653,12.42496109008789,74200,0.0,0.0
2025-12-08 00:00:00-05:00,12.405742192484341,12.424961443117992,12.127069473266602,12.127069473266602,80600,0.0,0.0
2025-12-09 00:00:00-05:00,12.203944354556855,12.376913940474951,12.19433472946712,12.223163604736328,69000,0.0,0.0
2025-12-10 00:00:00-05:00,12.251992409114951,12.261602034867867,12.07902281125989,12.136679649353027,66800,0.0,0.0
2025-12-11 00:00:00-05:00,12.107852130475864,12.194336016135853,12.059804916381836,12.059804916381836,90800,0.0,0.0
2025-12-12 00:00:00-05:00,12.059804916381836,12.14628971846621,12.04058566417447,12.059804916381836,137800,0.0,0.0
2025-12-15 00:00:00-05:00,12.069413955521453,12.194335423096563,12.05980432988511,12.117460250854492,59800,0.0,0.0
2025-12-16 00:00:00-05:00,12.1270684072881,12.175115613224525,12.059802868831639,12.107850074768066,79300,0.0,0.0
2025-12-17 00:00:00-05:00,12.059802868831639,12.175115613224525,12.059802868831639,12.107850074768066,58800,0.0,0.0
2025-12-18 00:00:00-05:00,12.088632001311858,12.271211218339278,12.088632001311858,12.213554382324219,63300,0.0,0.0
2025-12-19 00:00:00-05:00,12.165508270263672,12.271212326432323,12.155898643989357,12.165508270263672,83800,0.0,0.0
2025-12-22 00:00:00-05:00,12.127070681590816,12.300040288830864,12.088633092917961,12.165508270263672,80900,0.0,0.0
2025-12-23 00:00:00-05:00,12.10785172418746,12.444180378711117,12.10785172418746,12.357695579528809,59300,0.0,0.0
2025-12-24 00:00:00-05:00,12.357695211503417,12.357695211503417,12.290429665886796,12.300039291381836,47600,0.0,0.0
2025-12-26 00:00:00-05:00,12.28082110100494,12.37691553140572,12.271212391104388,12.319258689880371,69800,0.0,0.0
2025-12-29 00:00:00-05:00,12.37691390802773,12.37691390802773,12.29042911529541,12.29042911529541,88500,0.0,0.0
2025-12-30 00:00:00-05:00,12.26160156152778,12.396132651177819,12.213554351042344,12.3480863571167,78800,0.0,0.0
2025-12-31 00:00:00-05:00,12.35774897362073,12.367411234650367,12.212818743951876,12.280452728271484,74800,0.07,0.0
2026-01-02 00:00:00-05:00,12.232141790996419,12.512340898067885,12.222479530404051,12.444706916809082,121600,0.0,0.0
2026-01-05 00:00:00-05:00,12.483353687727343,12.483353687727343,12.203154610957894,12.357747077941895,98000,0.0,0.0
2026-01-06 00:00:00-05:00,12.386733672968697,12.44470631226279,12.319099694995458,12.37707233428955,93600,0.0,0.0
2026-01-07 00:00:00-05:00,12.415720161602351,12.44470601984639,12.241803169250488,12.241803169250488,90600,0.0,0.0
2026-01-08 00:00:00-05:00,12.367410878619664,12.454369382495203,12.319100496306154,12.3480863571167,106300,0.0,0.0
2026-01-09 00:00:00-05:00,12.425382512011462,12.541326875874256,12.377073051484885,12.473692893981934,86100,0.0,0.0
2026-01-12 00:00:00-05:00,12.454370352321718,12.541327941524774,12.396397704742373,12.425383567810059,92300,0.0,0.0
2026-01-13 00:00:00-05:00,12.415721756683851,12.50267934258764,12.396397234409273,12.464031219482422,57300,0.0,0.0
2026-01-14 00:00:00-05:00,12.415721187060662,12.628285393665125,12.415721187060662,12.550989151000977,70300,0.0,0.0
2026-01-15 00:00:00-05:00,12.579976428031182,12.686258535514991,12.550989644808745,12.6669340133667,77300,0.0,0.0
2026-01-16 00:00:00-05:00,12.66693320915745,12.734568110938477,12.48335486762352,12.69591999053955,151100,0.0,0.0
2026-01-20 00:00:00-05:00,12.647610778922624,12.753892889484241,12.63794851756867,12.676596641540527,83500,0.0,0.0
2026-01-21 00:00:00-05:00,12.67659500302541,12.734567642211914,12.666932742920354,12.734567642211914,58000,0.0,0.0
2026-01-22 00:00:00-05:00,12.744229449955304,12.744229449955304,12.657271870140624,12.69591999053955,121700,0.0,0.0
2026-01-23 00:00:00-05:00,12.676596274440845,12.715244397293496,12.657272673736484,12.6669340133667,63700,0.0,0.0
2026-01-26 00:00:00-05:00,12.724905401043713,12.8988223974182,12.724905401043713,12.811863899230957,90200,0.0,0.0
2026-01-27 00:00:00-05:00,12.811863358446638,13.024427543438927,12.811863358446638,12.976118087768555,74000,0.0,0.0
2026-01-28 00:00:00-05:00,13.043752551892945,13.111386529522214,12.985779912893687,13.014766693115234,86500,0.0,0.0
2026-01-29 00:00:00-05:00,13.024428999708924,13.130712025532446,12.976119538637038,13.092063903808594,88900,0.0,0.0
2026-01-30 00:00:00-05:00,13.111488222264386,13.121200658057285,12.946380518700526,13.033790588378906,57000,0.07,0.0
2026-02-02 00:00:00-05:00,13.033789047238733,13.130911541226062,12.926955044835669,12.975515365600586,111300,0.0,0.0
2026-02-03 00:00:00-05:00,12.975516136491992,13.189185080221204,12.975516136491992,13.150336265563965,159200,0.0,0.0
2026-02-04 00:00:00-05:00,13.179473719307376,13.266883790968482,13.09206364764627,13.228034973144531,102900,0.0,0.0
2026-02-05 00:00:00-05:00,13.257170029772837,13.354292527738815,13.218321215832203,13.286307334899902,67400,0.0,0.0
2026-02-06 00:00:00-05:00,13.286306790445044,13.470838417544005,13.286306790445044,13.39314079284668,76700,0.0,0.0
2026-02-09 00:00:00-05:00,13.393142204984501,13.558249906432028,13.325157007763348,13.538825035095215,65800,0.0,0.0
2026-02-10 00:00:00-05:00,13.61652328281427,13.75249367414704,13.558249596365352,13.635947227478027,140200,0.0,0.0
2026-02-11 00:00:00-05:00,13.69422027359445,13.839903093561478,13.684507838602306,13.830190658569336,98300,0.0,0.0
2026-02-12 00:00:00-05:00,13.888464316306756,14.05357200594914,13.888464316306756,13.956449508666992,103400,0.0,0.0
2026-02-13 00:00:00-05:00,13.956449119746331,14.257528111947877,13.956449119746331,14.140981674194336,192000,0.0,0.0
2026-02-17 00:00:00-05:00,14.179831228025055,14.179831228025055,14.024435043334961,14.024435043334961,159300,0.0,0.0
2026-02-18 00:00:00-05:00,14.063283541008095,14.063283541008095,13.810766714813829,13.830190658569336,127700,0.0,0.0
2026-02-19 00:00:00-05:00,13.781630995344786,14.0827100311374,13.781630995344786,13.927314758300781,134100,0.0,0.0
2026-02-20 00:00:00-05:00,13.966161512469432,14.024434268056668,13.898176322208075,13.975873947143555,134500,0.0,0.0
2026-02-23 00:00:00-05:00,13.975874352933621,14.228391178191393,13.937025539337904,14.082708358764648,109200,0.0,0.0
2026-02-24 00:00:00-05:00,14.140982508537977,14.247816517891604,14.072996387832209,14.228391647338867,93100,0.0,0.0
2026-02-25 00:00:00-05:00,14.199256063099087,14.3837886387713,14.092422047761236,14.27695369720459,97900,0.0,0.0
2026-02-26 00:00:00-05:00,14.238104998979914,14.471197903241764,14.238104998979914,14.35465145111084,129400,0.0,0.0
2026-02-27 00:00:00-05:00,14.413201694098554,14.47175175350029,14.3546507040604,14.393684387207031,113000,0.07,0.0
2026-03-02 00:00:00-05:00,14.413201362540663,14.59861112056293,14.383925402876837,14.510785102844238,107000,0.0,0.0
2026-03-03 00:00:00-05:00,14.413203013352012,14.413203013352012,14.081416210918704,14.374168395996094,95100,0.0,0.0
2026-03-04 00:00:00-05:00,14.305858907526174,14.374167622952385,14.276583876720148,14.315617561340332,89500,0.0,0.0
2026-03-05 00:00:00-05:00,14.286341403691543,14.305857779144045,14.120448024481574,14.149723052978516,82600,0.0,0.0
2026-03-06 00:00:00-05:00,14.003349211527528,14.100932965614415,13.92528183600341,14.032624244689941,91400,0.0,0.0
2026-03-09 00:00:00-04:00,13.847212133432796,13.89600447087408,13.759387042802201,13.85697078704834,153500,0.0,0.0
2026-03-10 00:00:00-04:00,13.808179491528133,13.993590201668228,13.808179491528133,13.827696800231934,99000,0.0,0.0
2026-03-11 00:00:00-04:00,13.8374550001188,14.032623427564355,13.8374550001188,13.87648868560791,71700,0.0,0.0
2026-03-12 00:00:00-04:00,13.739870028530474,13.974072136478544,13.739870028530474,13.866729736328125,108200,0.0,0.0
2026-03-13 00:00:00-04:00,13.905762790291275,14.081414828603869,13.905762790291275,13.974071502685547,91900,0.0,0.0
2026-03-16 00:00:00-04:00,14.071655896406345,14.198515595936678,14.071655896406345,14.188756942749023,89100,0.0,0.0
2026-03-17 00:00:00-04:00,14.159483565243956,14.422960717585246,14.159483565243956,14.27658462524414,101600,0.0,0.0
2026-03-18 00:00:00-04:00,14.286341249876523,14.315616278058274,14.208273887634277,14.208273887634277,82500,0.0,0.0
2026-03-19 00:00:00-04:00,14.042381559194641,14.188757641674245,13.96431419112066,14.052139282226562,55600,0.0,0.0
2026-03-20 00:00:00-04:00,14.052139127954694,14.052139127954694,13.661802291870117,13.661802291870117,101600,0.0,0.0
2026-03-23 00:00:00-04:00,13.759386335749847,13.9350374386213,13.681318972110004,13.769144058227539,85300,0.0,0.0
2026-03-24 00:00:00-04:00,13.749627206183874,14.061896649922488,13.720352178492467,13.944795608520508,51600,0.0,0.0
2026-03-25 00:00:00-04:00,14.110689732141871,14.305858144837778,13.876487636906782,14.130206108093262,55500,0.0,0.0
2026-03-26 00:00:00-04:00,13.983830905472836,14.188757984274288,13.925280843321826,13.935038566589355,61900,0.0,0.0
2026-03-27 00:00:00-04:00,13.896004136910262,14.091172551348473,13.798420395009362,13.974071502685547,76800,0.0,0.0
2026-03-30 00:00:00-04:00,13.954554470161433,14.052138207472161,13.91552078910987,13.983829498291016,128800,0.0,0.0
2026-03-31 00:00:00-04:00,14.052474799926353,14.170150681070178,13.944605476012374,14.160344123840332,84400,0.07,0.0
2026-04-01 00:00:00-04:00,14.111312600371045,14.366276530933122,14.02305545951294,14.336857795715332,98400,0.0,0.0
2026-04-02 00:00:00-04:00,14.228989116380081,14.552598023943935,14.209376001882989,14.425115585327148,81100,0.0,0.0
2026-04-06 00:00:00-04:00,14.405501594692092,14.513371847455925,14.327051011884604,14.434921264648438,48700,0.0,0.0
2026-04-07 00:00:00-04:00,14.425115376128874,14.52317907678264,14.395696640014648,14.395696640014648,108200,0.0,0.0
2026-04-08 00:00:00-04:00,14.562404556804879,14.572210178832231,14.405502446705215,14.552597999572754,45800,0.0,0.0
2026-04-09 00:00:00-04:00,14.474146655418371,14.856593015429219,14.474146655418371,14.709498405456543,113900,0.0,0.0
2026-04-10 00:00:00-04:00,14.76833769206389,14.797756428773432,14.670273989425711,14.699692726135254,62200,0.0,0.0
2026-04-13 00:00:00-04:00,14.729112000117196,14.729112000117196,14.41530872127583,14.513372421264648,76900,0.0,0.0
2026-04-14 00:00:00-04:00,14.474146766755808,14.48395332355068,14.346664334036669,14.464340209960938,45900,0.0,0.0
2026-04-15 00:00:00-04:00,14.46433955711,14.46433955711,14.376082420349121,14.376082420349121,66700,0.0,0.0
2026-04-16 00:00:00-04:00,14.356471061706543,14.434921646589796,14.297632655441731,14.356471061706543,65800,0.0,0.0
2026-04-17 00:00:00-04:00,14.434921646589796,14.434921646589796,14.199568956735295,14.356471061706543,95700,0.0,0.0
2026-04-20 00:00:00-04:00,14.278019462877449,14.444726242512216,14.219181060791016,14.219181060791016,94800,0.0,0.0
2026-04-21 00:00:00-04:00,14.219182187511453,14.366276801576223,14.101506309218687,14.111312866210938,129200,0.0,0.0
2026-04-22 00:00:00-04:00,14.287827675827327,14.317247349809872,14.091701191967912,14.17995834350586,99700,0.0,0.0
2026-04-23 00:00:00-04:00,14.268214260119155,14.45453416985826,14.258407702973738,14.405502319335938,88900,0.0,0.0
2026-04-24 00:00:00-04:00,14.454533442747952,14.483953112704295,14.327051011884604,14.434921264648438,45400,0.0,0.0
2026-04-27 00:00:00-04:00,14.493759097645466,14.562404060727124,14.444727248359921,14.483953475952148,35500,0.0,0.0
2026-04-28 00:00:00-04:00,14.483953475952148,14.621241531705987,14.454533805257979,14.483953475952148,51200,0.0,0.0
2026-04-29 00:00:00-04:00,14.523179810718245,14.552598548319159,14.336858957101233,14.366277694702148,59000,0.0,0.0
2026-04-30 00:00:00-04:00,14.405691062843005,14.819534523364323,14.405691062843005,14.71114730834961,67200,0.07,0.0
2026-05-01 00:00:00-04:00,14.79982785188883,14.868801447195727,14.74070695612952,14.789974212646484,41800,0.0,0.0
2026-05-04 00:00:00-04:00,14.711146795394846,14.740706773060007,14.563345027679546,14.661879539489746,92500,0.0,0.0
2026-05-05 00:00:00-04:00,14.661879263592304,14.730852856744697,14.583052031505362,14.671732902526855,64000,0.0,0.0
2026-05-06 00:00:00-04:00,14.661880079506172,14.661880079506172,14.445104709356457,14.474664688110352,97300,0.0,0.0
2026-05-07 00:00:00-04:00,14.435250387225858,14.435250387225858,14.267742282717336,14.297303199768066,44600,0.0,0.0
2026-05-08 00:00:00-04:00,14.307157296319735,14.484518105822328,14.287450017655686,14.415544509887695,258800,0.0,0.0
2026-05-11 00:00:00-04:00,14.47466402440958,14.55349219696346,14.267742303230653,14.464811325073242,77300,0.0,0.0
2026-05-12 00:00:00-04:00,14.474664354997211,14.494371633509461,14.336717164190501,14.385984420776367,56300,0.0,0.0
2026-05-13 00:00:00-04:00,14.30715676495991,14.336716742163373,14.110087744417534,14.198768615722656,293500,0.0,0.0
2026-05-14 00:00:00-04:00,14.179061951706984,14.317009135283492,14.179061951706984,14.277595520019531,80500,0.0,0.0
2026-05-15 00:00:00-04:00,14.110087281837407,14.257889042398709,14.041113690725622,14.080527305603027,64200,0.0,0.0
2026-05-18 00:00:00-04:00,14.011554316401686,14.050967932972227,13.913019805127957,13.991847038269043,118000,0.0,0.0
2026-05-19 00:00:00-04:00,13.972141387730552,14.248036717307683,13.972141387730552,14.169209480285645,73800,0.0,0.0
2026-05-20 00:00:00-04:00,14.218476749961189,14.346571245150319,14.218476749961189,14.33671760559082,58000,0.0,0.0
2026-05-21 00:00:00-04:00,14.257889969529204,14.356423543282594,14.257889969529204,14.317009925842285,48800,0.0,0.0
2026-05-22 00:00:00-04:00,14.317009832051372,14.484517939999025,14.307157132526912,14.454957962036133,63000,0.0,0.0
2026-05-26 00:00:00-04:00,14.56334539741469,14.573199036784823,14.336717330070227,14.514078140258789,60300,0.0,0.0
2026-05-27 00:00:00-04:00,14.474664189251774,14.474664189251774,14.336717000024661,14.425397872924805,61000,0.0,0.0
2026-05-28 00:00:00-04:00,14.425399099133484,14.425399099133484,14.238183698275948,14.248037338256836,96100,0.0,0.0
2026-05-29 00:00:00-04:00,14.238135220901498,14.347049683596845,14.139121386257793,14.16882610321045,61400,0.07,0.0
2026-06-01 00:00:00-04:00,14.089614429713984,14.158924491478,13.980699967321828,13.990601539611816,73300,0.0,0.0
2026-06-02 00:00:00-04:00,13.960897660576952,14.139121239108531,13.960897660576952,14.010403633117676,115700,0.0,0.0
2026-06-03 00:00:00-04:00,13.960897971360705,14.089614635951026,13.950996398925781,13.950996398925781,47500,0.0,0.0
2026-06-04 00:00:00-04:00,14.00050300516907,14.02030520533218,13.931192943933441,14.010403633117676,72300,0.0,0.0
2026-06-05 00:00:00-04:00,14.000503228527965,14.099516119454924,13.941094738559057,14.059910774230957,74600,0.0,0.0
2026-06-08 00:00:00-04:00,14.069811798533731,14.257936944952945,13.941094195503375,13.98069953918457,78200,0.0,0.0
2026-06-09 00:00:00-04:00,14.030206251714013,14.149022281037304,13.921291794234127,14.020304679870605,91400,0.0,0.0
2026-06-10 00:00:00-04:00,14.030207223641474,14.228233952898384,13.980700305260765,14.109417915344238,52100,0.0,0.0
2026-06-11 00:00:00-04:00,14.099515711524932,14.426260036235702,14.000502823462632,14.139121055603027,57600,0.0,0.0
2026-06-12 00:00:00-04:00,14.11931939877871,14.32724769925289,14.109417826311862,14.218332290649414,69000,0.0,0.0
2026-06-15 00:00:00-04:00,14.25793710943945,14.287641825742442,14.158924221227137,14.228233337402344,51800,0.0,0.0
2026-06-16 00:00:00-04:00,14.099516564612934,14.26783952319566,14.099516564612934,14.15892505645752,75700,0.0,0.0
2026-06-17 00:00:00-04:00,14.129220406104256,14.238134866085442,14.000502801981462,14.050008773803711,76800,0.0,0.0
2026-06-18 00:00:00-04:00,14.059910333501962,14.059910333501962,13.921292101696233,13.960897445678711,67400,0.0,0.0
2026-06-22 00:00:00-04:00,13.911391053452009,14.119319353255795,13.911391053452009,13.950996398925781,59500,0.0,0.0
2026-06-23 00:00:00-04:00,13.970798212485668,14.327247256140554,13.921292240214395,14.119318962097168,67100,0.0,0.0
2026-06-24 00:00:00-04:00,14.14902246973248,14.495569934746465,14.14902246973248,14.356950759887695,86400,0.0,0.0
2026-06-25 00:00:00-04:00,14.406458018672671,14.50547090798818,14.307444185091263,14.475767135620117,53500,0.0,0.0
2026-06-26 00:00:00-04:00,14.554978147441423,14.554978147441423,14.416359910473567,14.505471229553223,48400,0.0,0.0
2026-06-29 00:00:00-04:00,14.564879214023614,14.673793674182242,14.366852493614346,14.604484558105469,46900,0.0,0.0
2026-06-30 00:00:00-04:00,14.584587965003882,14.80345653800543,14.405513591750928,14.763662338256836,72900,0.07,0.0
2026-07-01 00:00:00-04:00,14.763662310474624,14.763662310474624,14.485102912758657,14.604485511779785,31400,0.0,0.0
2026-07-02 00:00:00-04:00,14.604485568460213,14.674125180967339,14.495050807356373,14.594536781311035,29500,0.0,0.0
2026-07-06 00:00:00-04:00,14.614433232012804,14.674125005425239,14.564691194399085,14.624382019042969,39300,0.0,0.0
2026-07-07 00:00:00-04:00,14.574638802920651,14.803456157164826,14.574638802920651,14.664175987243652,57800,0.0,0.0
2026-07-08 00:00:00-04:00,14.694022579485567,14.694022579485567,14.594536606721027,14.624382019042969,61500,0.0,0.0
2026-07-09 00:00:00-04:00,14.614433520511204,14.644279882190885,14.574639320373535,14.574639320373535,57000,0.0,0.0
2026-07-10 00:00:00-04:00,14.644279593103297,14.684073792455404,14.574639032660698,14.624382019042969,59700,0.0,0.0
2026-07-13 00:00:00-04:00,14.634330631720173,14.79350742723217,14.634330631720173,14.654227256774902,71900,0.0,0.0
2026-07-14 00:00:00-04:00,14.694022496052732,14.853199292557349,14.694022496052732,14.80345630645752,55000,0.0,0.0
2026-07-15 00:00:00-04:00,14.753713146873002,14.88304452970437,14.733816521928157,14.833301544189453,47400,0.0,0.0
2026-07-16 00:00:00-04:00,14.892993667513506,14.892993667513506,14.72386808203848,14.773611068725586,39000,0.0,0.0
2026-07-17 00:00:00-04:00,14.803456276159297,14.902941299386795,14.584587707029135,14.644279479980469,76400,0.0,0.0
2026-07-20 00:00:00-04:00,14.654227577371781,14.793507750876142,14.654227577371781,14.763662338256836,56400,0.0,0.0
2026-07-21 00:00:00-04:00,14.783559334104666,14.972582499222318,14.694023094003688,14.863147735595703,159200,0.0,0.0
2026-07-22 00:00:00-04:00,14.82335307834284,15.02232502471138,14.82335307834284,14.942736625671387,54300,0.0,0.0
2026-07-23 00:00:00-04:00,14.952684924465267,15.012376699967836,14.833302322228711,14.863147735595703,32400,0.0,0.0
2026-07-24 00:00:00-04:00,14.853199726712624,14.942736914555757,14.853199726712624,14.892993927001953,53300,0.0,0.0
2026-07-27 00:00:00-04:00,14.95268475305166,14.97258232758061,14.883045139737478,14.892993927001953,29900,0.0,0.0
2026-07-28 00:00:00-04:00,14.87309644169965,14.902941854903553,14.703970852263243,14.713919639587402,50900,0.0,0.0
2026-07-29 00:00:00-04:00,14.694022435243275,14.912890055147091,14.445308454541948,14.485102653503418,43300,0.0,0.0
2026-07-30 00:00:00-04:00,14.455256175276721,14.703970153957588,14.415461976638525,14.504999160766602,59500,0.0,0.0
2026-07-31 00:00:00-04:00,14.510000228881836,14.600000381469727,14.369999885559082,14.479999542236328,94900,0.075,0.0
2026-08-03 00:00:00-04:00,14.5,14.600000381469727,14.470000267028809,14.529999732971191,71800,0.0,0.0
2026-08-04 00:00:00-04:00,14.510000228881836,14.550000190734863,14.460000038146973,14.479999542236328,51100,0.0,0.0
2026-08-05 00:00:00-04:00,14.489999771118164,14.569899559020996,14.449999809265137,14.520000457763672,45121,0.0,0.0
