Date,Open,High,Low,Close,Volume,Dividends,Stock Splits
2022-01-03 00:00:00-05:00,22.200000762939453,24.040000915527344,22.200000762939453,23.549999237060547,80900,0.0,0.0
2022-01-04 00:00:00-05:00,23.350000381469727,24.950000762939453,23.350000381469727,24.139999389648438,45600,0.0,0.0
2022-01-05 00:00:00-05:00,24.06999969482422,25.290000915527344,23.68000030517578,24.719999313354492,47600,0.0,0.0
2022-01-06 00:00:00-05:00,24.920000076293945,25.690000534057617,24.700000762939453,25.020000457763672,28600,0.0,0.0
2022-01-07 00:00:00-05:00,25.0,26.219999313354492,24.860000610351562,24.90999984741211,31700,0.0,0.0
2022-01-10 00:00:00-05:00,24.709999084472656,24.790000915527344,24.200000762939453,24.559999465942383,5800,0.0,0.0
2022-01-11 00:00:00-05:00,24.31999969482422,25.170000076293945,23.219999313354492,24.6299991607666,89400,0.0,0.0
2022-01-12 00:00:00-05:00,25.0,26.209999084472656,23.700000762939453,24.600000381469727,60000,0.0,0.0
2022-01-13 00:00:00-05:00,24.520000457763672,24.549999237060547,23.31999969482422,24.110000610351562,34300,0.0,0.0
2022-01-14 00:00:00-05:00,24.0,25.0,23.420000076293945,24.18000030517578,41400,0.0,0.0
2022-01-18 00:00:00-05:00,24.84000015258789,25.0,23.56999969482422,24.829999923706055,22600,0.0,0.0
2022-01-19 00:00:00-05:00,24.829999923706055,25.389999389648438,23.610000610351562,24.110000610351562,21700,0.0,0.0
2022-01-20 00:00:00-05:00,24.100000381469727,25.25,24.079999923706055,24.450000762939453,12600,0.0,0.0
2022-01-21 00:00:00-05:00,24.190000534057617,24.190000534057617,22.649999618530273,23.670000076293945,40800,0.0,0.0
2022-01-24 00:00:00-05:00,23.15999984741211,23.170000076293945,22.0,22.739999771118164,61900,0.0,0.0
2022-01-25 00:00:00-05:00,23.610000610351562,24.5,22.850000381469727,23.68000030517578,47000,0.0,0.0
2022-01-26 00:00:00-05:00,24.06999969482422,24.799999237060547,23.639999389648438,24.110000610351562,37300,0.0,0.0
2022-01-27 00:00:00-05:00,24.06999969482422,24.440000534057617,23.06999969482422,24.040000915527344,21100,0.0,0.0
2022-01-28 00:00:00-05:00,24.040000915527344,24.040000915527344,23.0,23.219999313354492,13500,0.0,0.0
2022-01-31 00:00:00-05:00,23.100000381469727,24.18000030517578,23.100000381469727,24.09000015258789,10800,0.0,0.0
2022-02-01 00:00:00-05:00,24.100000381469727,24.100000381469727,23.239999771118164,24.020000457763672,226800,0.0,0.0
2022-02-02 00:00:00-05:00,24.059999465942383,24.450000762939453,23.729999542236328,23.93000030517578,36200,0.0,0.0
2022-02-03 00:00:00-05:00,23.68000030517578,24.040000915527344,23.389999389648438,23.6299991607666,46500,0.0,0.0
2022-02-04 00:00:00-05:00,23.59000015258789,24.020000457763672,23.200000762939453,24.010000228881836,80700,0.0,0.0
2022-02-07 00:00:00-05:00,24.079999923706055,24.229999542236328,23.25,24.110000610351562,25100,0.0,0.0
2022-02-08 00:00:00-05:00,23.40999984741211,24.06999969482422,23.06999969482422,23.799999237060547,33400,0.0,0.0
2022-02-09 00:00:00-05:00,23.760000228881836,24.399999618530273,23.5,24.059999465942383,32700,0.0,0.0
2022-02-10 00:00:00-05:00,24.0,24.100000381469727,23.790000915527344,23.850000381469727,52200,0.0,0.0
2022-02-11 00:00:00-05:00,24.049999237060547,24.5,23.579999923706055,23.850000381469727,17000,0.0,0.0
2022-02-14 00:00:00-05:00,24.0,24.100000381469727,23.65999984741211,23.979999542236328,23100,0.0,0.0
2022-02-15 00:00:00-05:00,23.760000228881836,24.5,23.760000228881836,24.270000457763672,22300,0.0,0.0
2022-02-16 00:00:00-05:00,24.5,24.5,23.959999084472656,23.959999084472656,16500,0.0,0.0
2022-02-17 00:00:00-05:00,24.0,24.06999969482422,23.520000457763672,23.81999969482422,9100,0.0,0.0
2022-02-18 00:00:00-05:00,23.81999969482422,23.920000076293945,23.229999542236328,23.709999084472656,29600,0.0,0.0
2022-02-22 00:00:00-05:00,23.520000457763672,24.25,23.059999465942383,23.809999465942383,50700,0.0,0.0
2022-02-23 00:00:00-05:00,23.700000762939453,24.399999618530273,23.520000457763672,23.600000381469727,208700,0.0,0.0
2022-02-24 00:00:00-05:00,23.440000534057617,24.8799991607666,23.030000686645508,24.8799991607666,63700,0.0,0.0
2022-02-25 00:00:00-05:00,20.75,20.969999313354492,14.880000114440918,17.260000228881836,583000,0.0,0.0
2022-02-28 00:00:00-05:00,17.110000610351562,17.5,15.5,15.680000305175781,222200,0.0,0.0
2022-03-01 00:00:00-05:00,15.510000228881836,16.0,14.010000228881836,14.239999771118164,165900,0.0,0.0
2022-03-02 00:00:00-05:00,14.300000190734863,15.220000267028809,14.140000343322754,14.59000015258789,117400,0.0,0.0
2022-03-03 00:00:00-05:00,14.430000305175781,16.209999084472656,14.399999618530273,15.579999923706055,82400,0.0,0.0
2022-03-04 00:00:00-05:00,15.600000381469727,15.989999771118164,14.75,15.0600004196167,46400,0.0,0.0
2022-03-07 00:00:00-05:00,15.479999542236328,15.510000228881836,14.390000343322754,14.5600004196167,95100,0.0,0.0
2022-03-08 00:00:00-05:00,14.729999542236328,15.350000381469727,14.270000457763672,14.779999732971191,180500,0.0,0.0
2022-03-09 00:00:00-05:00,15.15999984741211,16.6200008392334,14.600000381469727,15.300000190734863,192700,0.0,0.0
2022-03-10 00:00:00-05:00,15.3100004196167,16.15999984741211,15.3100004196167,15.430000305175781,62000,0.0,0.0
2022-03-11 00:00:00-05:00,15.520000457763672,16.100000381469727,15.020000457763672,15.109999656677246,36100,0.0,0.0
2022-03-14 00:00:00-04:00,15.020000457763672,15.699999809265137,14.430000305175781,14.829999923706055,75600,0.0,0.0
2022-03-15 00:00:00-04:00,14.829999923706055,15.34000015258789,14.119999885559082,14.210000038146973,67500,0.0,0.0
2022-03-16 00:00:00-04:00,14.40999984741211,14.640000343322754,13.90999984741211,14.130000114440918,91800,0.0,0.0
2022-03-17 00:00:00-04:00,14.380000114440918,14.949999809265137,14.149999618530273,14.699999809265137,131700,0.0,0.0
2022-03-18 00:00:00-04:00,14.680000305175781,15.050000190734863,14.579999923706055,14.739999771118164,149300,0.0,0.0
2022-03-21 00:00:00-04:00,14.800000190734863,15.109999656677246,14.699999809265137,14.75,221100,0.0,0.0
2022-03-22 00:00:00-04:00,14.800000190734863,15.050000190734863,14.510000228881836,14.75,206000,0.0,0.0
2022-03-23 00:00:00-04:00,15.0,15.149999618530273,14.630000114440918,14.850000381469727,34000,0.0,0.0
2022-03-24 00:00:00-04:00,15.0600004196167,15.079999923706055,14.609999656677246,14.899999618530273,57500,0.0,0.0
2022-03-25 00:00:00-04:00,15.069999694824219,16.299999237060547,14.850000381469727,15.960000038146973,137800,0.0,0.0
2022-03-28 00:00:00-04:00,15.670000076293945,16.399999618530273,15.359999656677246,16.239999771118164,37200,0.0,0.0
2022-03-29 00:00:00-04:00,16.239999771118164,16.239999771118164,15.199999809265137,15.899999618530273,55600,0.0,0.0
2022-03-30 00:00:00-04:00,15.829999923706055,15.90999984741211,15.0,15.100000381469727,47400,0.0,0.0
2022-03-31 00:00:00-04:00,15.079999923706055,15.369999885559082,14.770000457763672,14.880000114440918,73000,0.0,0.0
2022-04-01 00:00:00-04:00,14.880000114440918,15.760000228881836,14.880000114440918,15.630000114440918,53500,0.0,0.0
2022-04-04 00:00:00-04:00,15.699999809265137,16.079999923706055,15.520000457763672,15.859999656677246,48000,0.0,0.0
2022-04-05 00:00:00-04:00,15.720000267028809,15.930000305175781,15.180000305175781,15.5,46100,0.0,0.0
2022-04-06 00:00:00-04:00,15.609999656677246,15.670000076293945,15.199999809265137,15.550000190734863,31200,0.0,0.0
2022-04-07 00:00:00-04:00,15.529999732971191,15.670000076293945,15.09000015258789,15.430000305175781,18300,0.0,0.0
2022-04-08 00:00:00-04:00,15.6899995803833,15.880000114440918,15.079999923706055,15.550000190734863,23200,0.0,0.0
2022-04-11 00:00:00-04:00,15.479999542236328,15.510000228881836,14.8100004196167,15.420000076293945,19900,0.0,0.0
2022-04-12 00:00:00-04:00,15.460000038146973,15.710000038146973,15.0,15.399999618530273,45200,0.0,0.0
2022-04-13 00:00:00-04:00,15.369999885559082,15.8100004196167,15.020000457763672,15.399999618530273,44300,0.0,0.0
2022-04-14 00:00:00-04:00,15.399999618530273,15.6899995803833,14.920000076293945,15.529999732971191,65900,0.0,0.0
2022-04-18 00:00:00-04:00,15.399999618530273,16.979999542236328,14.949999809265137,16.719999313354492,75400,0.0,0.0
2022-04-19 00:00:00-04:00,16.719999313354492,18.690000534057617,16.399999618530273,18.520000457763672,91200,0.0,0.0
2022-04-20 00:00:00-04:00,18.75,19.75,18.280000686645508,19.329999923706055,109900,0.0,0.0
2022-04-21 00:00:00-04:00,19.329999923706055,19.700000762939453,19.030000686645508,19.25,59200,0.0,0.0
2022-04-22 00:00:00-04:00,19.100000381469727,19.100000381469727,17.5,17.959999084472656,38500,0.0,0.0
2022-04-25 00:00:00-04:00,17.5,17.959999084472656,16.280000686645508,17.270000457763672,80000,0.0,0.0
2022-04-26 00:00:00-04:00,17.209999084472656,17.209999084472656,16.34000015258789,16.559999465942383,52300,0.0,0.0
2022-04-27 00:00:00-04:00,16.59000015258789,17.799999237060547,16.59000015258789,17.540000915527344,24100,0.0,0.0
2022-04-28 00:00:00-04:00,17.540000915527344,18.219999313354492,16.950000762939453,17.639999389648438,37400,0.0,0.0
2022-04-29 00:00:00-04:00,17.6299991607666,17.8799991607666,16.559999465942383,16.959999084472656,32200,0.0,0.0
2022-05-02 00:00:00-04:00,16.889999389648438,17.579999923706055,16.510000228881836,17.059999465942383,40200,0.0,0.0
2022-05-03 00:00:00-04:00,17.469999313354492,18.06999969482422,17.469999313354492,17.6200008392334,57100,0.0,0.0
2022-05-04 00:00:00-04:00,18.059999465942383,21.489999771118164,18.0,20.65999984741211,97700,0.0,0.0
2022-05-05 00:00:00-04:00,20.780000686645508,21.489999771118164,20.09000015258789,21.100000381469727,33100,0.0,0.0
2022-05-06 00:00:00-04:00,21.18000030517578,21.459999084472656,20.06999969482422,20.940000534057617,34300,0.0,0.0
2022-05-09 00:00:00-04:00,20.799999237060547,20.799999237060547,19.25,19.65999984741211,66800,0.0,0.0
2022-05-10 00:00:00-04:00,19.639999389648438,20.40999984741211,18.6299991607666,19.200000762939453,34200,0.0,0.0
2022-05-11 00:00:00-04:00,19.299999237060547,20.270000457763672,19.030000686645508,19.280000686645508,20100,0.0,0.0
2022-05-12 00:00:00-04:00,19.110000610351562,19.520000457763672,18.59000015258789,19.520000457763672,22900,0.0,0.0
2022-05-13 00:00:00-04:00,19.520000457763672,20.1299991607666,18.809999465942383,19.1200008392334,55000,0.0,0.0
2022-05-16 00:00:00-04:00,18.8700008392334,19.790000915527344,18.790000915527344,19.729999542236328,24200,0.0,0.0
2022-05-17 00:00:00-04:00,19.959999084472656,20.790000915527344,19.469999313354492,20.15999984741211,16500,0.0,0.0
2022-05-18 00:00:00-04:00,20.110000610351562,20.110000610351562,18.270000457763672,18.479999542236328,30200,0.0,0.0
2022-05-19 00:00:00-04:00,18.450000762939453,19.040000915527344,18.149999618530273,18.68000030517578,26900,0.0,0.0
2022-05-20 00:00:00-04:00,19.0,19.0,17.549999237060547,18.559999465942383,23500,0.0,0.0
2022-05-23 00:00:00-04:00,18.420000076293945,19.0,17.540000915527344,18.549999237060547,21200,0.0,0.0
2022-05-24 00:00:00-04:00,18.489999771118164,18.56999969482422,17.950000762939453,18.309999465942383,23700,0.0,0.0
2022-05-25 00:00:00-04:00,18.43000030517578,19.479999542236328,18.309999465942383,18.989999771118164,33500,0.0,0.0
2022-05-26 00:00:00-04:00,19.0,19.75,18.219999313354492,18.229999542236328,40200,0.0,0.0
2022-05-27 00:00:00-04:00,19.149999618530273,19.6200008392334,18.270000457763672,19.149999618530273,26300,0.0,0.0
2022-05-31 00:00:00-04:00,19.3799991607666,19.3799991607666,18.200000762939453,18.350000381469727,67900,0.0,0.0
2022-06-01 00:00:00-04:00,18.450000762939453,19.040000915527344,18.049999237060547,19.040000915527344,23300,0.0,0.0
2022-06-02 00:00:00-04:00,18.780000686645508,19.399999618530273,18.59000015258789,18.850000381469727,29900,0.0,0.0
2022-06-03 00:00:00-04:00,18.610000610351562,19.75,18.350000381469727,19.709999084472656,35000,0.0,0.0
2022-06-06 00:00:00-04:00,19.68000030517578,19.75,19.0,19.040000915527344,27700,0.0,0.0
2022-06-07 00:00:00-04:00,19.18000030517578,19.780000686645508,18.690000534057617,19.709999084472656,39100,0.0,0.0
2022-06-08 00:00:00-04:00,19.719999313354492,19.760000228881836,18.440000534057617,18.649999618530273,65600,0.0,0.0
2022-06-09 00:00:00-04:00,18.600000381469727,18.600000381469727,17.989999771118164,17.989999771118164,26400,0.0,0.0
2022-06-10 00:00:00-04:00,18.25,18.760000228881836,17.889999389648438,18.739999771118164,27400,0.0,0.0
2022-06-13 00:00:00-04:00,18.59000015258789,18.59000015258789,16.559999465942383,17.079999923706055,57100,0.0,0.0
2022-06-14 00:00:00-04:00,17.260000228881836,17.540000915527344,16.299999237060547,17.540000915527344,21600,0.0,0.0
2022-06-15 00:00:00-04:00,17.229999542236328,17.690000534057617,16.299999237060547,16.979999542236328,23400,0.0,0.0
2022-06-16 00:00:00-04:00,16.709999084472656,16.709999084472656,15.229999542236328,15.649999618530273,63900,0.0,0.0
2022-06-17 00:00:00-04:00,15.819999694824219,16.260000228881836,14.550000190734863,15.279999732971191,36000,0.0,0.0
2022-06-21 00:00:00-04:00,15.479999542236328,15.930000305175781,15.050000190734863,15.850000381469727,38500,0.0,0.0
2022-06-22 00:00:00-04:00,15.25,15.680000305175781,15.010000228881836,15.3100004196167,35500,0.0,0.0
2022-06-23 00:00:00-04:00,15.529999732971191,15.529999732971191,14.260000228881836,14.579999923706055,38300,0.0,0.0
2022-06-24 00:00:00-04:00,14.649999618530273,14.989999771118164,13.800000190734863,14.079999923706055,36000,0.0,0.0
2022-06-27 00:00:00-04:00,14.300000190734863,14.430000305175781,13.75,13.75,45600,0.0,0.0
2022-06-28 00:00:00-04:00,14.15999984741211,14.529999732971191,13.539999961853027,13.680000305175781,29000,0.0,0.0
2022-06-29 00:00:00-04:00,14.130000114440918,14.130000114440918,12.90999984741211,12.9399995803833,41700,0.0,0.0
2022-06-30 00:00:00-04:00,13.0,13.399999618530273,12.5,12.729999542236328,41300,0.0,0.0
2022-07-01 00:00:00-04:00,12.760000228881836,13.199999809265137,11.520000457763672,12.020000457763672,21500,0.0,0.0
2022-07-05 00:00:00-04:00,12.270000457763672,12.9399995803833,11.550000190734863,12.9399995803833,167300,0.0,0.0
2022-07-06 00:00:00-04:00,12.539999961853027,13.380000114440918,12.199999809265137,12.770000457763672,78900,0.0,0.0
2022-07-07 00:00:00-04:00,12.970000267028809,13.800000190734863,12.970000267028809,13.289999961853027,22000,0.0,0.0
2022-07-08 00:00:00-04:00,13.050000190734863,13.869999885559082,13.050000190734863,13.609999656677246,9400,0.0,0.0
2022-07-11 00:00:00-04:00,13.4399995803833,13.4399995803833,12.699999809265137,13.0,16300,0.0,0.0
2022-07-12 00:00:00-04:00,12.520000457763672,13.140000343322754,12.520000457763672,12.800000190734863,28700,0.0,0.0
2022-07-13 00:00:00-04:00,12.880000114440918,13.119999885559082,12.880000114440918,13.0,2200,0.0,0.0
2022-07-14 00:00:00-04:00,12.800000190734863,12.930000305175781,12.279999732971191,12.600000381469727,21900,0.0,0.0
2022-07-15 00:00:00-04:00,12.890000343322754,13.449999809265137,12.720000267028809,13.149999618530273,5200,0.0,0.0
2022-07-18 00:00:00-04:00,13.4399995803833,13.979999542236328,12.770000457763672,12.930000305175781,30500,0.0,0.0
2022-07-19 00:00:00-04:00,13.430000305175781,14.119999885559082,12.84000015258789,12.850000381469727,6100,0.0,0.0
2022-07-20 00:00:00-04:00,13.050000190734863,13.9399995803833,13.050000190734863,13.640000343322754,36900,0.0,0.0
2022-07-21 00:00:00-04:00,13.300000190734863,13.880000114440918,13.100000381469727,13.470000267028809,7700,0.0,0.0
2022-07-22 00:00:00-04:00,13.479999542236328,14.149999618530273,13.300000190734863,13.5,15000,0.0,0.0
2022-07-25 00:00:00-04:00,13.579999923706055,13.75,13.579999923706055,13.579999923706055,3400,0.0,0.0
2022-07-26 00:00:00-04:00,13.680000305175781,13.680000305175781,12.680000305175781,13.100000381469727,23200,0.0,0.0
2022-07-27 00:00:00-04:00,13.100000381469727,14.010000228881836,13.100000381469727,13.65999984741211,11900,0.0,0.0
2022-07-28 00:00:00-04:00,13.5,14.239999771118164,13.5,14.199999809265137,13800,0.0,0.0
2022-07-29 00:00:00-04:00,14.1899995803833,14.949999809265137,14.0,14.949999809265137,18100,0.0,0.0
2022-08-01 00:00:00-04:00,14.75,15.25,14.6899995803833,15.25,14300,0.0,0.0
2022-08-02 00:00:00-04:00,15.09000015258789,15.479999542236328,14.75,15.220000267028809,8000,0.0,0.0
2022-08-03 00:00:00-04:00,15.229999542236328,15.859999656677246,15.0600004196167,15.380000114440918,11000,0.0,0.0
2022-08-04 00:00:00-04:00,15.489999771118164,15.489999771118164,14.25,14.510000228881836,44000,0.0,0.0
2022-08-05 00:00:00-04:00,14.399999618530273,15.880000114440918,14.0600004196167,15.600000381469727,21400,0.0,0.0
2022-08-08 00:00:00-04:00,15.319999694824219,16.1200008392334,15.319999694824219,16.049999237060547,16000,0.0,0.0
2022-08-09 00:00:00-04:00,16.34000015258789,16.5,15.369999885559082,16.25,16200,0.0,0.0
2022-08-10 00:00:00-04:00,16.299999237060547,16.739999771118164,15.880000114440918,16.360000610351562,16900,0.0,0.0
2022-08-11 00:00:00-04:00,16.6299991607666,17.850000381469727,16.5,16.520000457763672,60900,0.0,0.0
2022-08-12 00:00:00-04:00,16.610000610351562,17.15999984741211,15.649999618530273,15.989999771118164,33000,0.0,0.0
2022-08-15 00:00:00-04:00,15.800000190734863,16.739999771118164,14.949999809265137,16.329999923706055,48300,0.0,0.0
2022-08-16 00:00:00-04:00,16.1200008392334,16.709999084472656,15.800000190734863,16.0,37400,0.0,0.0
2022-08-17 00:00:00-04:00,15.979999542236328,16.5,15.75,15.970000267028809,31700,0.0,0.0
2022-08-18 00:00:00-04:00,16.110000610351562,16.6200008392334,16.059999465942383,16.31999969482422,15900,0.0,0.0
2022-08-19 00:00:00-04:00,16.110000610351562,17.280000686645508,16.100000381469727,16.6200008392334,41200,0.0,0.0
2022-08-22 00:00:00-04:00,16.75,16.950000762939453,15.210000038146973,16.06999969482422,29600,0.0,0.0
2022-08-23 00:00:00-04:00,16.59000015258789,17.31999969482422,16.270000457763672,16.700000762939453,26100,0.0,0.0
2022-08-24 00:00:00-04:00,15.729999542236328,17.020000457763672,15.729999542236328,17.020000457763672,22200,0.0,0.0
2022-08-25 00:00:00-04:00,16.979999542236328,17.25,16.75,16.920000076293945,17200,0.0,0.0
2022-08-26 00:00:00-04:00,16.799999237060547,17.010000228881836,16.75,16.850000381469727,7200,0.0,0.0
2022-08-29 00:00:00-04:00,16.93000030517578,17.170000076293945,16.5,17.09000015258789,15000,0.0,0.0
2022-08-30 00:00:00-04:00,16.850000381469727,16.850000381469727,16.3799991607666,16.700000762939453,14600,0.0,0.0
2022-08-31 00:00:00-04:00,16.5,16.649999618530273,16.5,16.649999618530273,3600,0.0,0.0
2022-09-01 00:00:00-04:00,16.149999618530273,16.600000381469727,16.010000228881836,16.299999237060547,42200,0.0,0.0
2022-09-02 00:00:00-04:00,16.479999542236328,17.170000076293945,16.079999923706055,16.270000457763672,17200,0.0,0.0
2022-09-06 00:00:00-04:00,16.530000686645508,16.530000686645508,16.0,16.239999771118164,8800,0.0,0.0
2022-09-07 00:00:00-04:00,16.25,16.639999389648438,16.020000457763672,16.280000686645508,7900,0.0,0.0
2022-09-08 00:00:00-04:00,16.649999618530273,16.799999237060547,15.819999694824219,16.299999237060547,12600,0.0,0.0
2022-09-09 00:00:00-04:00,16.5,16.59000015258789,16.239999771118164,16.25,14100,0.0,0.0
2022-09-12 00:00:00-04:00,16.190000534057617,16.899999618530273,16.190000534057617,16.8700008392334,28600,0.0,0.0
2022-09-13 00:00:00-04:00,16.510000228881836,17.25,16.25,16.440000534057617,21000,0.0,0.0
2022-09-14 00:00:00-04:00,16.15999984741211,16.459999084472656,16.040000915527344,16.18000030517578,8200,0.0,0.0
2022-09-15 00:00:00-04:00,16.170000076293945,16.6299991607666,15.859999656677246,16.0,13500,0.0,0.0
2022-09-16 00:00:00-04:00,15.75,16.170000076293945,15.380000114440918,15.789999961853027,24800,0.0,0.0
2022-09-19 00:00:00-04:00,15.369999885559082,16.1200008392334,15.050000190734863,15.710000038146973,27700,0.0,0.0
2022-09-20 00:00:00-04:00,15.789999961853027,16.799999237060547,15.399999618530273,16.3700008392334,56000,0.0,0.0
2022-09-21 00:00:00-04:00,16.020000457763672,16.5,15.5,15.869999885559082,13300,0.0,0.0
2022-09-22 00:00:00-04:00,16.010000228881836,16.520000457763672,15.0,15.300000190734863,34700,0.0,0.0
2022-09-23 00:00:00-04:00,14.949999809265137,15.199999809265137,13.34000015258789,13.600000381469727,63600,0.0,0.0
2022-09-26 00:00:00-04:00,13.5,14.260000228881836,13.010000228881836,13.989999771118164,51500,0.0,0.0
2022-09-27 00:00:00-04:00,14.140000343322754,14.4399995803833,13.449999809265137,13.9399995803833,24000,0.0,0.0
2022-09-28 00:00:00-04:00,13.850000381469727,14.670000076293945,13.800000190734863,14.460000038146973,43300,0.0,0.0
2022-09-29 00:00:00-04:00,14.0,14.6899995803833,13.449999809265137,14.510000228881836,27800,0.0,0.0
2022-09-30 00:00:00-04:00,14.359999656677246,15.4399995803833,14.359999656677246,15.020000457763672,15100,0.0,0.0
2022-10-03 00:00:00-04:00,15.380000114440918,15.960000038146973,14.670000076293945,15.020000457763672,32400,0.0,0.0
2022-10-04 00:00:00-04:00,15.1899995803833,16.25,15.170000076293945,16.25,25900,0.0,0.0
2022-10-05 00:00:00-04:00,16.25,16.3799991607666,16.049999237060547,16.229999542236328,5200,0.0,0.0
2022-10-06 00:00:00-04:00,15.40999984741211,16.68000030517578,15.40999984741211,16.68000030517578,14600,0.0,0.0
2022-10-07 00:00:00-04:00,16.010000228881836,16.760000228881836,16.010000228881836,16.5,20100,0.0,0.0
2022-10-10 00:00:00-04:00,16.40999984741211,16.489999771118164,15.479999542236328,15.75,11300,0.0,0.0
2022-10-11 00:00:00-04:00,16.299999237060547,16.299999237060547,15.430000305175781,15.699999809265137,4600,0.0,0.0
2022-10-12 00:00:00-04:00,15.4399995803833,15.829999923706055,14.720000267028809,15.5,41700,0.0,0.0
2022-10-13 00:00:00-04:00,15.5,16.299999237060547,15.5,16.299999237060547,8500,0.0,0.0
2022-10-14 00:00:00-04:00,15.920000076293945,16.56999969482422,15.8100004196167,16.469999313354492,33900,0.0,0.0
2022-10-17 00:00:00-04:00,16.989999771118164,18.940000534057617,16.899999618530273,17.68000030517578,113900,0.0,0.0
2022-10-18 00:00:00-04:00,17.549999237060547,18.670000076293945,17.40999984741211,18.56999969482422,35300,0.0,0.0
2022-10-19 00:00:00-04:00,18.489999771118164,18.489999771118164,17.389999389648438,18.170000076293945,20900,0.0,0.0
2022-10-20 00:00:00-04:00,18.360000610351562,18.360000610351562,17.719999313354492,17.950000762939453,13300,0.0,0.0
2022-10-21 00:00:00-04:00,17.940000534057617,18.75,17.93000030517578,18.56999969482422,41600,0.0,0.0
2022-10-24 00:00:00-04:00,18.309999465942383,19.40999984741211,18.309999465942383,19.049999237060547,36200,0.0,0.0
2022-10-25 00:00:00-04:00,18.25,19.5,18.25,18.809999465942383,30600,0.0,0.0
2022-10-26 00:00:00-04:00,18.780000686645508,18.780000686645508,18.280000686645508,18.709999084472656,3000,0.0,0.0
2022-10-27 00:00:00-04:00,18.739999771118164,20.139999389648438,18.739999771118164,19.649999618530273,32800,0.0,0.0
2022-10-28 00:00:00-04:00,20.149999618530273,20.149999618530273,19.309999465942383,19.950000762939453,9100,0.0,0.0
2022-10-31 00:00:00-04:00,19.770000457763672,19.899999618530273,18.649999618530273,19.149999618530273,23000,0.0,0.0
2022-11-01 00:00:00-04:00,19.459999084472656,19.950000762939453,19.059999465942383,19.18000030517578,15500,0.0,0.0
2022-11-02 00:00:00-04:00,19.579999923706055,19.579999923706055,19.06999969482422,19.350000381469727,4600,0.0,0.0
2022-11-03 00:00:00-04:00,19.3799991607666,19.3799991607666,19.09000015258789,19.3799991607666,13000,0.0,0.0
2022-11-04 00:00:00-04:00,19.760000228881836,20.739999771118164,19.350000381469727,20.3799991607666,42500,0.0,0.0
2022-11-07 00:00:00-05:00,20.5,20.5,19.649999618530273,20.1299991607666,18500,0.0,0.0
2022-11-08 00:00:00-05:00,20.25,21.299999237060547,20.200000762939453,21.260000228881836,17700,0.0,0.0
2022-11-09 00:00:00-05:00,20.93000030517578,20.93000030517578,19.81999969482422,20.059999465942383,18300,0.0,0.0
2022-11-10 00:00:00-05:00,20.5,20.5,20.0,20.010000228881836,3400,0.0,0.0
2022-11-11 00:00:00-05:00,20.290000915527344,20.329999923706055,20.010000228881836,20.139999389648438,6500,0.0,0.0
2022-11-14 00:00:00-05:00,20.139999389648438,21.0,19.489999771118164,20.0,50500,0.0,0.0
2022-11-15 00:00:00-05:00,20.489999771118164,20.700000762939453,20.049999237060547,20.200000762939453,19700,0.0,0.0
2022-11-16 00:00:00-05:00,20.190000534057617,21.489999771118164,20.15999984741211,21.100000381469727,19700,0.0,0.0
2022-11-17 00:00:00-05:00,21.100000381469727,21.100000381469727,20.260000228881836,20.549999237060547,28700,0.0,0.0
2022-11-18 00:00:00-05:00,20.31999969482422,21.059999465942383,20.31999969482422,20.600000381469727,15100,0.0,0.0
2022-11-21 00:00:00-05:00,20.510000228881836,21.219999313354492,19.75,20.030000686645508,15200,0.0,0.0
2022-11-22 00:00:00-05:00,19.899999618530273,20.559999465942383,19.809999465942383,20.31999969482422,9900,0.0,0.0
2022-11-23 00:00:00-05:00,20.030000686645508,20.739999771118164,20.030000686645508,20.100000381469727,10300,0.0,0.0
2022-11-25 00:00:00-05:00,20.209999084472656,20.530000686645508,19.700000762939453,20.25,6900,0.0,0.0
2022-11-28 00:00:00-05:00,19.90999984741211,20.420000076293945,19.25,20.229999542236328,21500,0.0,0.0
2022-11-29 00:00:00-05:00,20.450000762939453,20.709999084472656,20.1299991607666,20.309999465942383,21400,0.0,0.0
2022-11-30 00:00:00-05:00,20.65999984741211,20.700000762939453,20.15999984741211,20.700000762939453,11100,0.0,0.0
2022-12-01 00:00:00-05:00,20.989999771118164,20.989999771118164,20.479999542236328,20.5,6400,0.0,0.0
2022-12-02 00:00:00-05:00,20.25,20.5,20.06999969482422,20.1200008392334,11000,0.0,0.0
2022-12-05 00:00:00-05:00,20.040000915527344,20.09000015258789,19.59000015258789,19.59000015258789,3600,0.0,0.0
2022-12-06 00:00:00-05:00,19.639999389648438,20.0,19.5,19.6200008392334,4100,0.0,0.0
2022-12-07 00:00:00-05:00,19.229999542236328,19.489999771118164,18.809999465942383,19.149999618530273,19600,0.0,0.0
2022-12-08 00:00:00-05:00,19.1200008392334,20.0,19.1200008392334,20.0,16500,0.0,0.0
2022-12-09 00:00:00-05:00,19.559999465942383,19.780000686645508,17.899999618530273,19.75,42200,0.0,0.0
2022-12-12 00:00:00-05:00,19.190000534057617,19.239999771118164,18.450000762939453,18.760000228881836,45100,0.0,0.0
2022-12-13 00:00:00-05:00,19.149999618530273,19.5,18.559999465942383,18.6200008392334,35800,0.0,0.0
2022-12-14 00:00:00-05:00,18.719999313354492,18.850000381469727,17.690000534057617,18.479999542236328,61400,0.0,0.0
2022-12-15 00:00:00-05:00,17.850000381469727,18.06999969482422,17.34000015258789,17.760000228881836,35700,0.0,0.0
2022-12-16 00:00:00-05:00,17.299999237060547,17.75,16.989999771118164,17.530000686645508,116300,0.0,0.0
2022-12-19 00:00:00-05:00,17.040000915527344,17.719999313354492,16.15999984741211,16.799999237060547,69000,0.0,0.0
2022-12-20 00:00:00-05:00,16.260000228881836,17.530000686645508,16.260000228881836,17.25,35300,0.0,0.0
2022-12-21 00:00:00-05:00,17.25,17.25,16.309999465942383,16.520000457763672,49700,0.0,0.0
2022-12-22 00:00:00-05:00,16.25,16.25,15.800000190734863,15.979999542236328,35600,0.0,0.0
2022-12-23 00:00:00-05:00,15.75,16.540000915527344,15.550000190734863,16.350000381469727,67600,0.0,0.0
2022-12-27 00:00:00-05:00,16.040000915527344,17.389999389648438,16.040000915527344,16.950000762939453,29700,0.0,0.0
2022-12-28 00:00:00-05:00,16.649999618530273,16.969999313354492,15.539999961853027,16.450000762939453,45500,0.0,0.0
2022-12-29 00:00:00-05:00,16.5,16.950000762939453,16.5,16.760000228881836,9400,0.0,0.0
2022-12-30 00:00:00-05:00,16.700000762939453,17.31999969482422,16.110000610351562,16.68000030517578,52500,0.0,0.0
2023-01-03 00:00:00-05:00,16.3799991607666,16.989999771118164,16.1299991607666,16.239999771118164,9900,0.0,0.0
2023-01-04 00:00:00-05:00,16.209999084472656,16.799999237060547,16.110000610351562,16.510000228881836,6400,0.0,0.0
2023-01-05 00:00:00-05:00,16.209999084472656,16.540000915527344,16.209999084472656,16.540000915527344,3300,0.0,0.0
2023-01-06 00:00:00-05:00,16.459999084472656,17.3799991607666,16.459999084472656,17.3799991607666,9300,0.0,0.0
2023-01-09 00:00:00-05:00,17.239999771118164,17.239999771118164,16.75,17.110000610351562,9200,0.0,0.0
2023-01-10 00:00:00-05:00,16.969999313354492,17.309999465942383,16.969999313354492,17.309999465942383,2600,0.0,0.0
2023-01-11 00:00:00-05:00,19.0,19.0,18.010000228881836,18.479999542236328,3800,0.0,0.0
2023-01-12 00:00:00-05:00,18.280000686645508,18.549999237060547,16.790000915527344,16.790000915527344,6500,0.0,0.0
2023-01-13 00:00:00-05:00,17.389999389648438,18.309999465942383,17.030000686645508,18.290000915527344,5400,0.0,0.0
2023-01-17 00:00:00-05:00,18.010000228881836,18.010000228881836,17.469999313354492,17.75,10000,0.0,0.0
2023-01-18 00:00:00-05:00,17.540000915527344,17.6299991607666,17.31999969482422,17.6299991607666,1400,0.0,0.0
2023-01-19 00:00:00-05:00,17.799999237060547,18.139999389648438,17.239999771118164,17.649999618530273,14300,0.0,0.0
2023-01-20 00:00:00-05:00,17.84000015258789,17.84000015258789,17.5,17.5,6400,0.0,0.0
2023-01-23 00:00:00-05:00,17.579999923706055,18.760000228881836,17.579999923706055,18.719999313354492,23500,0.0,0.0
2023-01-24 00:00:00-05:00,17.790000915527344,18.700000762939453,17.549999237060547,18.450000762939453,2000,0.0,0.0
2023-01-25 00:00:00-05:00,18.350000381469727,18.920000076293945,18.350000381469727,18.40999984741211,6000,0.0,0.0
2023-01-26 00:00:00-05:00,18.530000686645508,18.6200008392334,18.170000076293945,18.170000076293945,4900,0.0,0.0
2023-01-27 00:00:00-05:00,17.65999984741211,18.790000915527344,17.65999984741211,18.25,6700,0.0,0.0
2023-01-30 00:00:00-05:00,18.09000015258789,18.149999618530273,17.549999237060547,17.600000381469727,7500,0.0,0.0
2023-01-31 00:00:00-05:00,17.5,18.06999969482422,17.5,17.6200008392334,4700,0.0,0.0
2023-02-01 00:00:00-05:00,17.540000915527344,17.920000076293945,16.280000686645508,17.40999984741211,14900,0.0,0.0
2023-02-02 00:00:00-05:00,17.559999465942383,18.209999084472656,17.209999084472656,17.34000015258789,9900,0.0,0.0
2023-02-03 00:00:00-05:00,17.25,17.899999618530273,17.25,17.8799991607666,11600,0.0,0.0
2023-02-06 00:00:00-05:00,17.610000610351562,17.639999389648438,17.149999618530273,17.229999542236328,9400,0.0,0.0
2023-02-07 00:00:00-05:00,17.31999969482422,17.670000076293945,17.0,17.0,9300,0.0,0.0
2023-02-08 00:00:00-05:00,17.010000228881836,17.010000228881836,16.549999237060547,16.549999237060547,17100,0.0,0.0
2023-02-09 00:00:00-05:00,16.5,16.899999618530273,16.5,16.559999465942383,5100,0.0,0.0
2023-02-10 00:00:00-05:00,16.5,16.600000381469727,16.280000686645508,16.280000686645508,6300,0.0,0.0
2023-02-13 00:00:00-05:00,16.709999084472656,16.709999084472656,16.420000076293945,16.540000915527344,16200,0.0,0.0
2023-02-14 00:00:00-05:00,16.65999984741211,16.68000030517578,16.5,16.5,5000,0.0,0.0
2023-02-15 00:00:00-05:00,16.350000381469727,17.489999771118164,16.350000381469727,17.489999771118164,5500,0.0,0.0
2023-02-16 00:00:00-05:00,16.65999984741211,17.209999084472656,16.65999984741211,16.8799991607666,12900,0.0,0.0
2023-02-17 00:00:00-05:00,17.06999969482422,17.350000381469727,16.600000381469727,16.75,12900,0.0,0.0
2023-02-21 00:00:00-05:00,16.75,17.0,16.059999465942383,16.059999465942383,23000,0.0,0.0
2023-02-22 00:00:00-05:00,16.270000457763672,16.760000228881836,16.0,16.389999389648438,10200,0.0,0.0
2023-02-23 00:00:00-05:00,16.530000686645508,16.530000686645508,15.5,15.550000190734863,25500,0.0,0.0
2023-02-24 00:00:00-05:00,17.0,17.25,16.049999237060547,16.700000762939453,60200,0.0,0.0
2023-02-27 00:00:00-05:00,16.690000534057617,17.260000228881836,16.690000534057617,16.799999237060547,83900,0.0,0.0
2023-02-28 00:00:00-05:00,16.969999313354492,17.079999923706055,16.549999237060547,16.690000534057617,47900,0.0,0.0
2023-03-01 00:00:00-05:00,16.489999771118164,16.709999084472656,16.299999237060547,16.40999984741211,15200,0.0,0.0
2023-03-02 00:00:00-05:00,16.5,17.1299991607666,16.329999923706055,16.719999313354492,38700,0.0,0.0
2023-03-03 00:00:00-05:00,17.040000915527344,17.760000228881836,17.040000915527344,17.389999389648438,49500,0.0,0.0
2023-03-06 00:00:00-05:00,17.34000015258789,17.65999984741211,17.219999313354492,17.5,50800,0.0,0.0
2023-03-07 00:00:00-05:00,17.299999237060547,19.350000381469727,17.299999237060547,18.950000762939453,82300,0.0,0.0
2023-03-08 00:00:00-05:00,19.049999237060547,19.079999923706055,18.559999465942383,18.690000534057617,9100,0.0,0.0
2023-03-09 00:00:00-05:00,18.6299991607666,18.700000762939453,17.649999618530273,17.700000762939453,30100,0.0,0.0
2023-03-10 00:00:00-05:00,17.75,17.799999237060547,16.90999984741211,17.280000686645508,21100,0.0,0.0
2023-03-13 00:00:00-04:00,17.010000228881836,17.190000534057617,16.6299991607666,16.700000762939453,2900,0.0,0.0
2023-03-14 00:00:00-04:00,17.110000610351562,17.540000915527344,17.06999969482422,17.280000686645508,16200,0.0,0.0
2023-03-15 00:00:00-04:00,17.0,17.0,16.0,16.0,19900,0.0,0.0
2023-03-16 00:00:00-04:00,15.970000267028809,16.5,15.970000267028809,16.350000381469727,22700,0.0,0.0
2023-03-17 00:00:00-04:00,16.149999618530273,16.299999237060547,15.630000114440918,16.1200008392334,32100,0.0,0.0
2023-03-20 00:00:00-04:00,15.880000114440918,16.290000915527344,15.880000114440918,15.9399995803833,8900,0.0,0.0
2023-03-21 00:00:00-04:00,16.209999084472656,16.510000228881836,16.0,16.010000228881836,10200,0.0,0.0
2023-03-22 00:00:00-04:00,16.200000762939453,16.200000762939453,15.75,15.890000343322754,12700,0.0,0.0
2023-03-23 00:00:00-04:00,15.789999961853027,16.15999984741211,15.619999885559082,15.619999885559082,10800,0.0,0.0
2023-03-24 00:00:00-04:00,15.630000114440918,15.899999618530273,15.25,15.319999694824219,12900,0.0,0.0
2023-03-27 00:00:00-04:00,15.479999542236328,15.970000267028809,15.479999542236328,15.970000267028809,2800,0.0,0.0
2023-03-28 00:00:00-04:00,15.960000038146973,15.960000038146973,15.279999732971191,15.369999885559082,6400,0.0,0.0
2023-03-29 00:00:00-04:00,15.550000190734863,15.550000190734863,15.0,15.109999656677246,15100,0.0,0.0
2023-03-30 00:00:00-04:00,15.140000343322754,15.300000190734863,14.779999732971191,15.25,8300,0.0,0.0
2023-03-31 00:00:00-04:00,15.520000457763672,15.979999542236328,14.960000038146973,15.350000381469727,26000,0.0,0.0
2023-04-03 00:00:00-04:00,15.6899995803833,15.739999771118164,15.260000228881836,15.300000190734863,5200,0.0,0.0
2023-04-04 00:00:00-04:00,15.319999694824219,15.34000015258789,14.899999618530273,14.899999618530273,9100,0.0,0.0
2023-04-05 00:00:00-04:00,14.899999618530273,15.170000076293945,14.8100004196167,15.170000076293945,7600,0.0,0.0
2023-04-06 00:00:00-04:00,15.0,15.680000305175781,14.5,15.329999923706055,27100,0.0,0.0
2023-04-10 00:00:00-04:00,15.119999885559082,15.449999809265137,15.0,15.289999961853027,14300,0.0,0.0
2023-04-11 00:00:00-04:00,15.489999771118164,16.690000534057617,15.470000267028809,16.219999313354492,11900,0.0,0.0
2023-04-12 00:00:00-04:00,16.290000915527344,16.6200008392334,15.960000038146973,16.049999237060547,5100,0.0,0.0
2023-04-13 00:00:00-04:00,15.930000305175781,16.18000030517578,15.930000305175781,15.9399995803833,2600,0.0,0.0
2023-04-14 00:00:00-04:00,15.960000038146973,15.960000038146973,15.5600004196167,15.59000015258789,2200,0.0,0.0
2023-04-17 00:00:00-04:00,15.649999618530273,15.989999771118164,15.649999618530273,15.989999771118164,1800,0.0,0.0
2023-04-18 00:00:00-04:00,15.9399995803833,16.25,15.649999618530273,15.75,3600,0.0,0.0
2023-04-19 00:00:00-04:00,16.010000228881836,16.290000915527344,15.949999809265137,16.0,3200,0.0,0.0
2023-04-20 00:00:00-04:00,15.890000343322754,16.079999923706055,15.649999618530273,15.800000190734863,5300,0.0,0.0
2023-04-21 00:00:00-04:00,15.770000457763672,15.890000343322754,15.539999961853027,15.890000343322754,2200,0.0,0.0
2023-04-24 00:00:00-04:00,15.819999694824219,15.819999694824219,15.699999809265137,15.699999809265137,900,0.0,0.0
2023-04-25 00:00:00-04:00,16.010000228881836,16.020000457763672,15.529999732971191,15.579999923706055,11900,0.0,0.0
2023-04-26 00:00:00-04:00,15.489999771118164,16.030000686645508,15.489999771118164,15.670000076293945,14300,0.0,0.0
2023-04-27 00:00:00-04:00,15.819999694824219,15.819999694824219,15.260000228881836,15.300000190734863,13700,0.0,0.0
2023-04-28 00:00:00-04:00,15.319999694824219,16.030000686645508,15.319999694824219,15.329999923706055,10800,0.0,0.0
2023-05-01 00:00:00-04:00,15.329999923706055,15.5600004196167,15.069999694824219,15.100000381469727,4600,0.0,0.0
2023-05-02 00:00:00-04:00,15.220000267028809,15.220000267028809,15.0,15.079999923706055,2500,0.0,0.0
2023-05-03 00:00:00-04:00,15.010000228881836,15.010000228881836,14.100000381469727,14.300000190734863,12300,0.0,0.0
2023-05-04 00:00:00-04:00,14.40999984741211,14.40999984741211,13.779999732971191,13.899999618530273,15400,0.0,0.0
2023-05-05 00:00:00-04:00,14.5,15.319999694824219,14.5,15.3100004196167,7600,0.0,0.0
2023-05-08 00:00:00-04:00,14.670000076293945,15.359999656677246,14.649999618530273,14.649999618530273,17100,0.0,0.0
2023-05-09 00:00:00-04:00,14.65999984741211,14.890000343322754,14.609999656677246,14.649999618530273,19600,0.0,0.0
2023-05-10 00:00:00-04:00,14.850000381469727,14.899999618530273,14.649999618530273,14.899999618530273,4500,0.0,0.0
2023-05-11 00:00:00-04:00,14.680000305175781,14.680000305175781,14.180000305175781,14.260000228881836,4900,0.0,0.0
2023-05-12 00:00:00-04:00,14.270000457763672,14.40999984741211,13.949999809265137,14.050000190734863,6800,0.0,0.0
2023-05-15 00:00:00-04:00,14.210000038146973,14.479999542236328,14.09000015258789,14.300000190734863,3800,0.0,0.0
2023-05-16 00:00:00-04:00,14.479999542236328,14.569999694824219,14.050000190734863,14.100000381469727,2400,0.0,0.0
2023-05-17 00:00:00-04:00,14.0600004196167,14.350000381469727,14.020000457763672,14.020000457763672,5300,0.0,0.0
2023-05-18 00:00:00-04:00,14.100000381469727,14.5,14.100000381469727,14.25,1800,0.0,0.0
2023-05-19 00:00:00-04:00,14.289999961853027,14.75,14.289999961853027,14.729999542236328,5600,0.0,0.0
2023-05-22 00:00:00-04:00,14.600000381469727,14.989999771118164,14.569999694824219,14.84000015258789,5200,0.0,0.0
2023-05-23 00:00:00-04:00,14.899999618530273,15.0,14.65999984741211,15.0,10500,0.0,0.0
2023-05-24 00:00:00-04:00,14.800000190734863,14.899999618530273,14.5,14.800000190734863,15400,0.0,0.0
2023-05-25 00:00:00-04:00,14.609999656677246,14.9399995803833,14.609999656677246,14.920000076293945,9300,0.0,0.0
2023-05-26 00:00:00-04:00,14.770000457763672,14.949999809265137,14.430000305175781,14.760000228881836,12600,0.0,0.0
2023-05-30 00:00:00-04:00,14.710000038146973,15.0,14.699999809265137,15.0,20500,0.0,0.0
2023-05-31 00:00:00-04:00,14.90999984741211,15.399999618530273,14.90999984741211,15.140000343322754,11300,0.0,0.0
2023-06-01 00:00:00-04:00,15.170000076293945,15.239999771118164,14.960000038146973,15.029999732971191,20200,0.0,0.0
2023-06-02 00:00:00-04:00,15.1899995803833,15.75,15.149999618530273,15.510000228881836,12300,0.0,0.0
2023-06-05 00:00:00-04:00,15.520000457763672,16.600000381469727,15.050000190734863,15.270000457763672,21800,0.0,0.0
2023-06-06 00:00:00-04:00,15.270000457763672,15.8100004196167,14.960000038146973,15.600000381469727,4500,0.0,0.0
2023-06-07 00:00:00-04:00,16.059999465942383,16.3799991607666,15.949999809265137,16.1299991607666,8100,0.0,0.0
2023-06-08 00:00:00-04:00,15.8100004196167,15.859999656677246,15.600000381469727,15.600000381469727,4600,0.0,0.0
2023-06-09 00:00:00-04:00,15.600000381469727,15.979999542236328,15.199999809265137,15.5,6300,0.0,0.0
2023-06-12 00:00:00-04:00,15.319999694824219,15.6899995803833,15.229999542236328,15.3100004196167,6000,0.0,0.0
2023-06-13 00:00:00-04:00,15.5,16.3700008392334,15.5,16.219999313354492,10900,0.0,0.0
2023-06-14 00:00:00-04:00,16.229999542236328,16.950000762939453,16.229999542236328,16.950000762939453,31900,0.0,0.0
2023-06-15 00:00:00-04:00,16.6299991607666,17.440000534057617,16.579999923706055,17.1299991607666,14900,0.0,0.0
2023-06-16 00:00:00-04:00,17.100000381469727,17.239999771118164,16.68000030517578,17.239999771118164,18300,0.0,0.0
2023-06-20 00:00:00-04:00,16.989999771118164,17.40999984741211,16.559999465942383,16.700000762939453,5900,0.0,0.0
2023-06-21 00:00:00-04:00,16.850000381469727,16.850000381469727,16.850000381469727,16.850000381469727,400,0.0,0.0
2023-06-22 00:00:00-04:00,16.229999542236328,16.229999542236328,15.800000190734863,15.960000038146973,4800,0.0,0.0
2023-06-23 00:00:00-04:00,15.710000038146973,15.829999923706055,15.5,15.75,7300,0.0,0.0
2023-06-26 00:00:00-04:00,15.670000076293945,15.670000076293945,15.25,15.619999885559082,2700,0.0,0.0
2023-06-27 00:00:00-04:00,15.550000190734863,15.979999542236328,15.5,15.5,3400,0.0,0.0
2023-06-28 00:00:00-04:00,15.520000457763672,15.9399995803833,15.520000457763672,15.729999542236328,4900,0.0,0.0
2023-06-29 00:00:00-04:00,15.6899995803833,15.75,15.680000305175781,15.75,2000,0.0,0.0
2023-06-30 00:00:00-04:00,15.869999885559082,16.5,15.869999885559082,16.25,18900,0.0,0.0
2023-07-03 00:00:00-04:00,16.149999618530273,16.149999618530273,16.149999618530273,16.149999618530273,400,0.0,0.0
2023-07-05 00:00:00-04:00,16.149999618530273,16.350000381469727,16.149999618530273,16.229999542236328,11300,0.0,0.0
2023-07-06 00:00:00-04:00,16.110000610351562,16.18000030517578,15.819999694824219,16.09000015258789,5100,0.0,0.0
2023-07-07 00:00:00-04:00,15.84000015258789,16.34000015258789,15.65999984741211,16.34000015258789,2800,0.0,0.0
2023-07-10 00:00:00-04:00,16.239999771118164,16.3799991607666,15.760000228881836,16.200000762939453,4800,0.0,0.0
2023-07-11 00:00:00-04:00,16.0,16.3799991607666,15.300000190734863,15.449999809265137,28700,0.0,0.0
2023-07-12 00:00:00-04:00,15.75,16.3799991607666,15.550000190734863,15.550000190734863,6800,0.0,0.0
2023-07-13 00:00:00-04:00,15.75,15.9399995803833,15.569999694824219,15.930000305175781,4800,0.0,0.0
2023-07-14 00:00:00-04:00,15.579999923706055,16.0,15.579999923706055,16.0,1700,0.0,0.0
2023-07-17 00:00:00-04:00,16.0,16.0,15.25,15.25,11100,0.0,0.0
2023-07-18 00:00:00-04:00,16.3799991607666,16.3799991607666,15.399999618530273,15.399999618530273,3200,0.0,0.0
2023-07-19 00:00:00-04:00,15.579999923706055,15.970000267028809,15.279999732971191,15.279999732971191,9500,0.0,0.0
2023-07-20 00:00:00-04:00,15.720000267028809,15.720000267028809,15.350000381469727,15.539999961853027,5100,0.0,0.0
2023-07-21 00:00:00-04:00,15.449999809265137,15.850000381469727,15.069999694824219,15.829999923706055,10900,0.0,0.0
2023-07-24 00:00:00-04:00,15.899999618530273,15.899999618530273,15.680000305175781,15.859999656677246,4000,0.0,0.0
2023-07-25 00:00:00-04:00,15.850000381469727,15.90999984741211,15.5,15.5,15900,0.0,0.0
2023-07-26 00:00:00-04:00,15.65999984741211,15.890000343322754,15.489999771118164,15.779999732971191,7400,0.0,0.0
2023-07-27 00:00:00-04:00,15.75,16.040000915527344,15.5,15.6899995803833,12700,0.0,0.0
2023-07-28 00:00:00-04:00,15.800000190734863,15.829999923706055,15.550000190734863,15.770000457763672,10400,0.0,0.0
2023-07-31 00:00:00-04:00,15.819999694824219,16.200000762939453,15.8100004196167,16.059999465942383,6900,0.0,0.0
2023-08-01 00:00:00-04:00,16.020000457763672,16.020000457763672,15.75,15.770000457763672,1700,0.0,0.0
2023-08-02 00:00:00-04:00,15.770000457763672,15.770000457763672,15.0,15.15999984741211,20900,0.0,0.0
2023-08-03 00:00:00-04:00,15.25,15.300000190734863,15.239999771118164,15.270000457763672,2500,0.0,0.0
2023-08-04 00:00:00-04:00,15.300000190734863,15.699999809265137,15.010000228881836,15.050000190734863,4700,0.0,0.0
2023-08-07 00:00:00-04:00,15.420000076293945,15.779999732971191,15.300000190734863,15.300000190734863,5100,0.0,0.0
2023-08-08 00:00:00-04:00,15.4399995803833,15.699999809265137,15.199999809265137,15.350000381469727,9000,0.0,0.0
2023-08-09 00:00:00-04:00,15.5,15.680000305175781,15.109999656677246,15.489999771118164,6300,0.0,0.0
2023-08-10 00:00:00-04:00,15.399999618530273,15.399999618530273,13.75,14.0,39700,0.0,0.0
2023-08-11 00:00:00-04:00,14.989999771118164,14.989999771118164,13.90999984741211,14.100000381469727,22600,0.0,0.0
2023-08-14 00:00:00-04:00,14.260000228881836,14.260000228881836,13.5,13.5,5900,0.0,0.0
2023-08-15 00:00:00-04:00,13.5,14.0,13.3100004196167,13.520000457763672,18000,0.0,0.0
2023-08-16 00:00:00-04:00,14.0,14.180000305175781,13.359999656677246,13.399999618530273,12600,0.0,0.0
2023-08-17 00:00:00-04:00,13.399999618530273,13.800000190734863,13.399999618530273,13.760000228881836,7400,0.0,0.0
2023-08-18 00:00:00-04:00,13.319999694824219,13.649999618530273,13.3100004196167,13.649999618530273,5700,0.0,0.0
2023-08-21 00:00:00-04:00,13.800000190734863,14.399999618530273,13.699999809265137,14.25,8300,0.0,0.0
2023-08-22 00:00:00-04:00,14.220000267028809,14.390000343322754,14.039999961853027,14.210000038146973,3800,0.0,0.0
2023-08-23 00:00:00-04:00,14.069999694824219,14.130000114440918,14.010000228881836,14.010000228881836,2200,0.0,0.0
2023-08-24 00:00:00-04:00,13.979999542236328,14.069999694824219,13.510000228881836,13.84000015258789,2300,0.0,0.0
2023-08-25 00:00:00-04:00,14.029999732971191,14.029999732971191,13.6899995803833,13.829999923706055,4300,0.0,0.0
2023-08-28 00:00:00-04:00,13.789999961853027,14.1899995803833,13.529999732971191,13.529999732971191,10600,0.0,0.0
2023-08-29 00:00:00-04:00,13.739999771118164,13.880000114440918,13.5600004196167,13.699999809265137,2200,0.0,0.0
2023-08-30 00:00:00-04:00,13.760000228881836,13.829999923706055,13.6899995803833,13.729999542236328,10900,0.0,0.0
2023-08-31 00:00:00-04:00,14.100000381469727,14.100000381469727,13.510000228881836,13.510000228881836,3800,0.0,0.0
2023-09-01 00:00:00-04:00,13.819999694824219,14.029999732971191,13.770000457763672,13.770000457763672,6300,0.0,0.0
2023-09-05 00:00:00-04:00,13.789999961853027,13.850000381469727,13.300000190734863,13.34000015258789,20700,0.0,0.0
2023-09-06 00:00:00-04:00,13.569999694824219,13.75,13.25,13.260000228881836,11900,0.0,0.0
2023-09-07 00:00:00-04:00,13.359999656677246,13.489999771118164,13.15999984741211,13.460000038146973,10300,0.0,0.0
2023-09-08 00:00:00-04:00,13.470000267028809,13.600000381469727,13.359999656677246,13.420000076293945,4100,0.0,0.0
2023-09-11 00:00:00-04:00,13.4399995803833,13.850000381469727,13.029999732971191,13.050000190734863,11100,0.0,0.0
2023-09-12 00:00:00-04:00,13.0600004196167,13.380000114440918,13.0,13.380000114440918,14100,0.0,0.0
2023-09-13 00:00:00-04:00,13.239999771118164,13.649999618530273,13.239999771118164,13.550000190734863,7000,0.0,0.0
2023-09-14 00:00:00-04:00,13.65999984741211,13.670000076293945,13.220000267028809,13.220000267028809,13700,0.0,0.0
2023-09-15 00:00:00-04:00,13.34000015258789,13.720000267028809,13.109999656677246,13.720000267028809,22300,0.0,0.0
2023-09-18 00:00:00-04:00,13.399999618530273,13.579999923706055,13.210000038146973,13.479999542236328,6500,0.0,0.0
2023-09-19 00:00:00-04:00,13.380000114440918,13.779999732971191,13.180000305175781,13.550000190734863,4900,0.0,0.0
2023-09-20 00:00:00-04:00,13.59000015258789,13.869999885559082,13.289999961853027,13.600000381469727,6700,0.0,0.0
2023-09-21 00:00:00-04:00,13.5,13.84000015258789,13.0,13.229999542236328,38800,0.0,0.0
2023-09-22 00:00:00-04:00,13.1899995803833,14.149999618530273,13.1899995803833,13.449999809265137,61900,0.0,0.0
2023-09-25 00:00:00-04:00,13.630000114440918,13.8100004196167,13.25,13.399999618530273,9900,0.0,0.0
2023-09-26 00:00:00-04:00,13.279999732971191,13.34000015258789,13.279999732971191,13.329999923706055,1500,0.0,0.0
2023-09-27 00:00:00-04:00,13.449999809265137,13.619999885559082,13.260000228881836,13.579999923706055,8600,0.0,0.0
2023-09-28 00:00:00-04:00,13.600000381469727,14.0600004196167,13.5600004196167,13.890000343322754,13900,0.0,0.0
2023-09-29 00:00:00-04:00,13.920000076293945,14.149999618530273,13.789999961853027,13.850000381469727,3800,0.0,0.0
2023-10-02 00:00:00-04:00,13.819999694824219,13.989999771118164,13.520000457763672,13.649999618530273,6700,0.0,0.0
2023-10-03 00:00:00-04:00,15.0,17.600000381469727,15.0,17.329999923706055,138800,0.0,0.0
2023-10-04 00:00:00-04:00,17.420000076293945,19.31999969482422,17.219999313354492,19.0,69400,0.0,0.0
2023-10-05 00:00:00-04:00,19.059999465942383,20.3799991607666,18.950000762939453,20.010000228881836,63700,0.0,0.0
2023-10-06 00:00:00-04:00,19.8799991607666,19.8799991607666,19.260000228881836,19.479999542236328,7200,0.0,0.0
2023-10-09 00:00:00-04:00,19.479999542236328,19.920000076293945,19.100000381469727,19.219999313354492,33200,0.0,0.0
2023-10-10 00:00:00-04:00,19.639999389648438,19.75,19.0,19.34000015258789,10900,0.0,0.0
2023-10-11 00:00:00-04:00,19.34000015258789,19.770000457763672,18.520000457763672,18.520000457763672,22400,0.0,0.0
2023-10-12 00:00:00-04:00,18.969999313354492,18.969999313354492,18.059999465942383,18.5,13200,0.0,0.0
2023-10-13 00:00:00-04:00,18.299999237060547,18.979999542236328,17.850000381469727,18.40999984741211,25100,0.0,0.0
2023-10-16 00:00:00-04:00,18.360000610351562,18.959999084472656,17.950000762939453,18.139999389648438,24100,0.0,0.0
2023-10-17 00:00:00-04:00,18.020000457763672,18.5,17.65999984741211,17.65999984741211,12100,0.0,0.0
2023-10-18 00:00:00-04:00,18.049999237060547,18.610000610351562,17.75,17.860000610351562,11000,0.0,0.0
2023-10-19 00:00:00-04:00,17.899999618530273,17.989999771118164,17.190000534057617,17.440000534057617,12900,0.0,0.0
2023-10-20 00:00:00-04:00,17.68000030517578,17.68000030517578,17.0,17.450000762939453,30800,0.0,0.0
2023-10-23 00:00:00-04:00,17.40999984741211,19.729999542236328,17.399999618530273,18.549999237060547,39200,0.0,0.0
2023-10-24 00:00:00-04:00,19.0,19.360000610351562,18.350000381469727,18.440000534057617,30100,0.0,0.0
2023-10-25 00:00:00-04:00,18.850000381469727,18.979999542236328,18.600000381469727,18.639999389648438,5700,0.0,0.0
2023-10-26 00:00:00-04:00,18.81999969482422,18.81999969482422,18.149999618530273,18.59000015258789,3400,0.0,0.0
2023-10-27 00:00:00-04:00,17.729999542236328,18.450000762939453,17.709999084472656,18.299999237060547,3000,0.0,0.0
2023-10-30 00:00:00-04:00,18.170000076293945,19.450000762939453,18.170000076293945,18.790000915527344,7900,0.0,0.0
2023-10-31 00:00:00-04:00,19.040000915527344,19.040000915527344,18.34000015258789,18.950000762939453,8300,0.0,0.0
2023-11-01 00:00:00-04:00,18.959999084472656,19.610000610351562,18.280000686645508,19.309999465942383,11500,0.0,0.0
2023-11-02 00:00:00-04:00,19.1299991607666,20.299999237060547,19.1299991607666,19.940000534057617,15600,0.0,0.0
2023-11-03 00:00:00-04:00,19.639999389648438,20.729999542236328,19.420000076293945,19.899999618530273,9400,0.0,0.0
2023-11-06 00:00:00-05:00,19.979999542236328,20.450000762939453,19.469999313354492,20.290000915527344,18700,0.0,0.0
2023-11-07 00:00:00-05:00,20.0,20.25,19.520000457763672,19.93000030517578,13500,0.0,0.0
2023-11-08 00:00:00-05:00,19.510000228881836,20.15999984741211,19.5,19.809999465942383,17800,0.0,0.0
2023-11-09 00:00:00-05:00,19.81999969482422,20.959999084472656,19.770000457763672,19.989999771118164,18900,0.0,0.0
2023-11-10 00:00:00-05:00,19.540000915527344,20.719999313354492,19.520000457763672,20.420000076293945,16300,0.0,0.0
2023-11-13 00:00:00-05:00,19.950000762939453,21.0,19.760000228881836,20.860000610351562,22100,0.0,0.0
2023-11-14 00:00:00-05:00,20.479999542236328,21.399999618530273,20.18000030517578,20.850000381469727,5600,0.0,0.0
2023-11-15 00:00:00-05:00,20.469999313354492,21.110000610351562,19.950000762939453,20.219999313354492,12600,0.0,0.0
2023-11-16 00:00:00-05:00,20.010000228881836,20.010000228881836,18.760000228881836,18.770000457763672,7000,0.0,0.0
2023-11-17 00:00:00-05:00,19.18000030517578,19.719999313354492,19.0,19.1200008392334,8900,0.0,0.0
2023-11-20 00:00:00-05:00,19.280000686645508,19.489999771118164,18.809999465942383,19.0,6500,0.0,0.0
2023-11-21 00:00:00-05:00,19.0,19.219999313354492,18.25,18.25,14900,0.0,0.0
2023-11-22 00:00:00-05:00,18.139999389648438,18.950000762939453,18.06999969482422,18.799999237060547,7900,0.0,0.0
2023-11-24 00:00:00-05:00,19.329999923706055,19.329999923706055,18.59000015258789,19.1299991607666,3300,0.0,0.0
2023-11-27 00:00:00-05:00,18.260000228881836,19.399999618530273,18.260000228881836,18.75,19800,0.0,0.0
2023-11-28 00:00:00-05:00,19.040000915527344,19.1299991607666,18.600000381469727,18.799999237060547,3200,0.0,0.0
2023-11-29 00:00:00-05:00,18.59000015258789,20.93000030517578,18.540000915527344,20.75,29400,0.0,0.0
2023-11-30 00:00:00-05:00,20.75,21.0,19.8700008392334,20.700000762939453,33200,0.0,0.0
2023-12-01 00:00:00-05:00,19.770000457763672,20.450000762939453,19.34000015258789,19.68000030517578,34300,0.0,0.0
2023-12-04 00:00:00-05:00,19.8700008392334,20.989999771118164,18.84000015258789,19.260000228881836,53000,0.0,0.0
2023-12-05 00:00:00-05:00,19.25,19.25,18.790000915527344,18.790000915527344,24200,0.0,0.0
2023-12-06 00:00:00-05:00,19.559999465942383,19.559999465942383,18.170000076293945,18.239999771118164,27900,0.0,0.0
2023-12-07 00:00:00-05:00,18.5,18.90999984741211,17.860000610351562,17.989999771118164,28100,0.0,0.0
2023-12-08 00:00:00-05:00,18.170000076293945,18.329999923706055,17.719999313354492,18.020000457763672,16700,0.0,0.0
2023-12-11 00:00:00-05:00,17.719999313354492,18.549999237060547,17.25,17.75,46900,0.0,0.0
2023-12-12 00:00:00-05:00,17.479999542236328,18.06999969482422,17.149999618530273,17.450000762939453,17200,0.0,0.0
2023-12-13 00:00:00-05:00,17.739999771118164,18.90999984741211,17.25,17.860000610351562,37600,0.0,0.0
2023-12-14 00:00:00-05:00,18.09000015258789,19.209999084472656,18.059999465942383,18.309999465942383,28000,0.0,0.0
2023-12-15 00:00:00-05:00,18.329999923706055,18.329999923706055,17.239999771118164,17.239999771118164,99600,0.0,0.0
2023-12-18 00:00:00-05:00,17.579999923706055,18.479999542236328,17.309999465942383,17.389999389648438,31800,0.0,0.0
2023-12-19 00:00:00-05:00,17.5,18.09000015258789,17.209999084472656,17.729999542236328,33800,0.0,0.0
2023-12-20 00:00:00-05:00,17.520000457763672,18.420000076293945,17.520000457763672,17.850000381469727,27400,0.0,0.0
2023-12-21 00:00:00-05:00,18.31999969482422,18.31999969482422,17.760000228881836,18.0,8500,0.0,0.0
2023-12-22 00:00:00-05:00,17.969999313354492,18.15999984741211,17.829999923706055,17.860000610351562,5000,0.0,0.0
2023-12-26 00:00:00-05:00,17.950000762939453,18.700000762939453,17.899999618530273,17.950000762939453,10300,0.0,0.0
2023-12-27 00:00:00-05:00,18.290000915527344,18.31999969482422,18.0,18.149999618530273,4400,0.0,0.0
2023-12-28 00:00:00-05:00,17.8799991607666,18.459999084472656,17.8799991607666,18.25,14500,0.0,0.0
2023-12-29 00:00:00-05:00,18.25,18.25,17.90999984741211,17.90999984741211,4600,0.0,0.0
2024-01-02 00:00:00-05:00,18.200000762939453,18.200000762939453,17.940000534057617,18.0,5600,0.0,0.0
2024-01-03 00:00:00-05:00,18.0,18.010000228881836,17.610000610351562,17.959999084472656,33000,0.0,0.0
2024-01-04 00:00:00-05:00,17.799999237060547,18.440000534057617,17.75,18.440000534057617,27800,0.0,0.0
2024-01-05 00:00:00-05:00,18.110000610351562,18.350000381469727,17.690000534057617,17.770000457763672,28300,0.0,0.0
2024-01-08 00:00:00-05:00,17.739999771118164,17.739999771118164,17.350000381469727,17.350000381469727,22000,0.0,0.0
2024-01-09 00:00:00-05:00,17.549999237060547,17.549999237060547,17.09000015258789,17.219999313354492,17300,0.0,0.0
2024-01-10 00:00:00-05:00,17.0,17.510000228881836,17.0,17.1299991607666,9700,0.0,0.0
2024-01-11 00:00:00-05:00,17.149999618530273,17.479999542236328,16.8799991607666,17.0,18200,0.0,0.0
2024-01-12 00:00:00-05:00,17.25,17.3799991607666,17.25,17.34000015258789,2500,0.0,0.0
2024-01-16 00:00:00-05:00,17.34000015258789,17.68000030517578,17.049999237060547,17.34000015258789,9000,0.0,0.0
2024-01-17 00:00:00-05:00,17.100000381469727,17.25,16.68000030517578,16.739999771118164,24100,0.0,0.0
2024-01-18 00:00:00-05:00,16.520000457763672,16.81999969482422,16.100000381469727,16.100000381469727,48800,0.0,0.0
2024-01-19 00:00:00-05:00,16.25,16.610000610351562,16.0,16.280000686645508,31900,0.0,0.0
2024-01-22 00:00:00-05:00,16.25,17.0,16.239999771118164,16.889999389648438,6200,0.0,0.0
2024-01-23 00:00:00-05:00,16.559999465942383,16.809999465942383,16.229999542236328,16.600000381469727,17600,0.0,0.0
2024-01-24 00:00:00-05:00,16.450000762939453,16.719999313354492,15.930000305175781,16.309999465942383,20000,0.0,0.0
2024-01-25 00:00:00-05:00,16.5,16.5,16.200000762939453,16.489999771118164,23000,0.0,0.0
2024-01-26 00:00:00-05:00,16.40999984741211,16.75,16.25,16.6200008392334,7700,0.0,0.0
2024-01-29 00:00:00-05:00,16.600000381469727,16.90999984741211,16.3799991607666,16.889999389648438,12400,0.0,0.0
2024-01-30 00:00:00-05:00,16.690000534057617,16.760000228881836,16.649999618530273,16.719999313354492,5000,0.0,0.0
2024-01-31 00:00:00-05:00,16.549999237060547,16.780000686645508,16.139999389648438,16.229999542236328,14700,0.0,0.0
2024-02-01 00:00:00-05:00,16.149999618530273,16.389999389648438,16.149999618530273,16.239999771118164,6600,0.0,0.0
2024-02-02 00:00:00-05:00,16.1299991607666,16.329999923706055,16.1299991607666,16.329999923706055,6000,0.0,0.0
2024-02-05 00:00:00-05:00,16.3700008392334,16.3700008392334,15.5600004196167,15.6899995803833,26600,0.0,0.0
2024-02-06 00:00:00-05:00,15.869999885559082,17.229999542236328,15.699999809265137,16.950000762939453,39100,0.0,0.0
2024-02-07 00:00:00-05:00,16.530000686645508,16.780000686645508,16.440000534057617,16.59000015258789,2600,0.0,0.0
2024-02-08 00:00:00-05:00,16.729999542236328,17.020000457763672,16.399999618530273,16.860000610351562,10500,0.0,0.0
2024-02-09 00:00:00-05:00,16.600000381469727,16.84000015258789,16.600000381469727,16.84000015258789,16700,0.0,0.0
2024-02-12 00:00:00-05:00,16.670000076293945,17.219999313354492,16.600000381469727,16.729999542236328,19200,0.0,0.0
2024-02-13 00:00:00-05:00,16.68000030517578,17.149999618530273,16.450000762939453,16.610000610351562,9600,0.0,0.0
2024-02-14 00:00:00-05:00,17.0,17.0,15.760000228881836,15.899999618530273,28300,0.0,0.0
2024-02-15 00:00:00-05:00,16.0,17.06999969482422,15.850000381469727,16.790000915527344,27100,0.0,0.0
2024-02-16 00:00:00-05:00,16.5,17.549999237060547,16.5,17.200000762939453,16800,0.0,0.0
2024-02-20 00:00:00-05:00,17.270000457763672,17.489999771118164,17.030000686645508,17.030000686645508,9200,0.0,0.0
2024-02-21 00:00:00-05:00,17.399999618530273,17.8700008392334,17.209999084472656,17.350000381469727,10500,0.0,0.0
2024-02-22 00:00:00-05:00,17.549999237060547,17.700000762939453,17.229999542236328,17.229999542236328,13300,0.0,0.0
2024-02-23 00:00:00-05:00,17.350000381469727,19.479999542236328,17.110000610351562,19.34000015258789,76100,0.0,0.0
2024-02-26 00:00:00-05:00,19.0,19.790000915527344,19.0,19.389999389648438,81700,0.0,0.0
2024-02-27 00:00:00-05:00,19.530000686645508,19.780000686645508,19.06999969482422,19.549999237060547,94500,0.0,0.0
2024-02-28 00:00:00-05:00,19.5,19.75,18.549999237060547,19.34000015258789,32900,0.0,0.0
2024-02-29 00:00:00-05:00,19.350000381469727,20.139999389648438,19.350000381469727,19.549999237060547,22300,0.0,0.0
2024-03-01 00:00:00-05:00,19.049999237060547,19.829999923706055,19.0,19.489999771118164,28500,0.0,0.0
2024-03-04 00:00:00-05:00,19.270000457763672,20.1299991607666,18.889999389648438,19.6299991607666,46800,0.0,0.0
2024-03-05 00:00:00-05:00,19.65999984741211,19.700000762939453,19.0,19.280000686645508,62200,0.0,0.0
2024-03-06 00:00:00-05:00,19.280000686645508,20.719999313354492,19.239999771118164,20.690000534057617,40600,0.0,0.0
2024-03-07 00:00:00-05:00,20.360000610351562,20.93000030517578,20.360000610351562,20.700000762939453,8500,0.0,0.0
2024-03-08 00:00:00-05:00,20.709999084472656,20.8799991607666,20.530000686645508,20.8799991607666,5100,0.0,0.0
2024-03-11 00:00:00-04:00,21.0,21.0,20.600000381469727,20.649999618530273,31000,0.0,0.0
2024-03-12 00:00:00-04:00,20.479999542236328,20.829999923706055,19.90999984741211,20.6299991607666,34200,0.0,0.0
2024-03-13 00:00:00-04:00,20.5,20.959999084472656,20.200000762939453,20.43000030517578,7200,0.0,0.0
2024-03-14 00:00:00-04:00,20.219999313354492,20.600000381469727,20.219999313354492,20.350000381469727,11600,0.0,0.0
2024-03-15 00:00:00-04:00,19.989999771118164,20.420000076293945,18.260000228881836,18.450000762939453,125000,0.0,0.0
2024-03-18 00:00:00-04:00,19.06999969482422,19.06999969482422,17.5,17.75,107700,0.0,0.0
2024-03-19 00:00:00-04:00,17.75,18.889999389648438,17.260000228881836,18.1200008392334,18100,0.0,0.0
2024-03-20 00:00:00-04:00,18.0,19.260000228881836,18.0,19.190000534057617,55300,0.0,0.0
2024-03-21 00:00:00-04:00,19.25,19.860000610351562,19.200000762939453,19.43000030517578,33900,0.0,0.0
2024-03-22 00:00:00-04:00,25.790000915527344,27.25,24.520000457763672,27.0,917700,0.0,0.0
2024-03-25 00:00:00-04:00,27.25,28.360000610351562,27.25,27.600000381469727,189000,0.0,0.0
2024-03-26 00:00:00-04:00,27.75,28.389999389648438,27.75,28.020000457763672,166700,0.0,0.0
2024-03-27 00:00:00-04:00,27.979999542236328,28.5,27.65999984741211,28.350000381469727,128800,0.0,0.0
2024-03-28 00:00:00-04:00,27.920000076293945,28.700000762939453,27.549999237060547,28.06999969482422,68900,0.0,0.0
2024-04-01 00:00:00-04:00,28.110000610351562,29.18000030517578,28.110000610351562,28.5,32300,0.0,0.0
2024-04-02 00:00:00-04:00,28.260000228881836,28.59000015258789,27.1299991607666,28.469999313354492,83700,0.0,0.0
2024-04-03 00:00:00-04:00,28.5,28.8700008392334,27.510000228881836,28.600000381469727,84900,0.0,0.0
2024-04-04 00:00:00-04:00,28.25,28.75,28.06999969482422,28.309999465942383,38300,0.0,0.0
2024-04-05 00:00:00-04:00,28.020000457763672,28.979999542236328,28.020000457763672,28.31999969482422,21200,0.0,0.0
2024-04-08 00:00:00-04:00,28.31999969482422,28.56999969482422,27.889999389648438,28.489999771118164,19200,0.0,0.0
2024-04-09 00:00:00-04:00,28.399999618530273,28.809999465942383,28.079999923706055,28.280000686645508,42000,0.0,0.0
2024-04-10 00:00:00-04:00,28.0,28.149999618530273,27.549999237060547,27.739999771118164,54300,0.0,0.0
2024-04-11 00:00:00-04:00,27.56999969482422,28.770000457763672,27.56999969482422,28.3700008392334,38200,0.0,0.0
2024-04-12 00:00:00-04:00,28.1299991607666,28.579999923706055,28.09000015258789,28.389999389648438,49100,0.0,0.0
2024-04-15 00:00:00-04:00,28.389999389648438,28.639999389648438,28.139999389648438,28.239999771118164,21800,0.0,0.0
2024-04-16 00:00:00-04:00,28.06999969482422,28.280000686645508,27.709999084472656,28.18000030517578,11500,0.0,0.0
2024-04-17 00:00:00-04:00,28.100000381469727,28.649999618530273,28.0,28.229999542236328,27500,0.0,0.0
2024-04-18 00:00:00-04:00,28.350000381469727,28.350000381469727,27.600000381469727,27.809999465942383,8600,0.0,0.0
2024-04-19 00:00:00-04:00,27.729999542236328,28.360000610351562,27.700000762939453,27.760000228881836,26700,0.0,0.0
2024-04-22 00:00:00-04:00,28.040000915527344,28.350000381469727,27.0,27.489999771118164,67000,0.0,0.0
2024-04-23 00:00:00-04:00,27.219999313354492,28.229999542236328,27.219999313354492,27.979999542236328,16900,0.0,0.0
2024-04-24 00:00:00-04:00,27.719999313354492,28.450000762939453,27.510000228881836,27.90999984741211,18000,0.0,0.0
2024-04-25 00:00:00-04:00,27.510000228881836,28.229999542236328,27.200000762939453,28.020000457763672,38700,0.0,0.0
2024-04-26 00:00:00-04:00,28.329999923706055,29.540000915527344,27.729999542236328,28.989999771118164,27600,0.0,0.0
2024-04-29 00:00:00-04:00,28.709999084472656,29.190000534057617,28.709999084472656,28.90999984741211,10200,0.0,0.0
2024-04-30 00:00:00-04:00,28.75,29.040000915527344,28.190000534057617,28.579999923706055,15000,0.0,0.0
2024-05-01 00:00:00-04:00,28.549999237060547,28.559999465942383,27.729999542236328,27.780000686645508,22600,0.0,0.0
2024-05-02 00:00:00-04:00,28.350000381469727,28.360000610351562,27.809999465942383,28.15999984741211,10000,0.0,0.0
2024-05-03 00:00:00-04:00,28.25,35.88999938964844,28.25,34.02000045776367,132600,0.0,0.0
2024-05-06 00:00:00-04:00,34.88999938964844,36.0,34.029998779296875,35.099998474121094,150600,0.0,0.0
2024-05-07 00:00:00-04:00,34.9900016784668,35.119998931884766,34.310001373291016,35.0,90700,0.0,0.0
2024-05-08 00:00:00-04:00,35.0,35.0,33.63999938964844,34.54999923706055,28400,0.0,0.0
2024-05-09 00:00:00-04:00,34.220001220703125,34.880001068115234,33.88999938964844,34.38999938964844,16400,0.0,0.0
2024-05-10 00:00:00-04:00,33.88999938964844,34.939998626708984,32.130001068115234,32.58000183105469,28500,0.0,0.0
2024-05-13 00:00:00-04:00,32.380001068115234,34.0,32.11000061035156,33.15999984741211,40300,0.0,0.0
2024-05-14 00:00:00-04:00,33.9900016784668,34.41999816894531,33.040000915527344,34.119998931884766,43900,0.0,0.0
2024-05-15 00:00:00-04:00,33.189998626708984,35.22999954223633,33.189998626708984,34.20000076293945,61500,0.0,0.0
2024-05-16 00:00:00-04:00,33.900001525878906,34.470001220703125,32.4900016784668,33.720001220703125,69600,0.0,0.0
2024-05-17 00:00:00-04:00,33.84000015258789,33.84000015258789,32.70000076293945,33.04999923706055,43200,0.0,0.0
2024-05-20 00:00:00-04:00,32.720001220703125,34.08000183105469,32.70000076293945,33.93000030517578,41900,0.0,0.0
2024-05-21 00:00:00-04:00,33.630001068115234,34.25,32.70000076293945,32.810001373291016,45400,0.0,0.0
2024-05-22 00:00:00-04:00,32.310001373291016,33.25,31.079999923706055,32.02000045776367,27500,0.0,0.0
2024-05-23 00:00:00-04:00,31.270000457763672,32.939998626708984,30.93000030517578,31.15999984741211,23700,0.0,0.0
2024-05-24 00:00:00-04:00,30.200000762939453,32.29999923706055,30.0,32.290000915527344,149200,0.0,0.0
2024-05-28 00:00:00-04:00,32.29999923706055,33.97999954223633,31.360000610351562,33.88999938964844,28100,0.0,0.0
2024-05-29 00:00:00-04:00,34.189998626708984,34.36000061035156,33.22999954223633,33.66999816894531,5500,0.0,0.0
2024-05-30 00:00:00-04:00,33.70000076293945,33.790000915527344,31.940000534057617,32.95000076293945,21600,0.0,0.0
2024-05-31 00:00:00-04:00,32.619998931884766,33.900001525878906,32.0,32.529998779296875,10500,0.0,0.0
2024-06-03 00:00:00-04:00,32.849998474121094,34.459999084472656,32.34000015258789,32.56999969482422,4700,0.0,0.0
2024-06-04 00:00:00-04:00,32.5,32.5,31.43000030517578,31.709999084472656,6000,0.0,0.0
2024-06-05 00:00:00-04:00,31.729999542236328,32.5099983215332,31.729999542236328,32.40999984741211,6700,0.0,0.0
2024-06-06 00:00:00-04:00,32.400001525878906,32.4900016784668,32.08000183105469,32.09000015258789,3700,0.0,0.0
2024-06-07 00:00:00-04:00,32.52000045776367,32.560001373291016,31.0,31.940000534057617,3900,0.0,0.0
2024-06-10 00:00:00-04:00,31.1299991607666,33.459999084472656,31.1299991607666,32.65999984741211,5200,0.0,0.0
2024-06-11 00:00:00-04:00,32.90999984741211,33.20000076293945,32.279998779296875,32.36000061035156,12200,0.0,0.0
2024-06-12 00:00:00-04:00,32.5,33.83000183105469,31.530000686645508,31.549999237060547,15800,0.0,0.0
2024-06-13 00:00:00-04:00,32.0,32.63999938964844,31.0,31.0,10600,0.0,0.0
2024-06-14 00:00:00-04:00,31.979999542236328,32.88999938964844,30.670000076293945,32.439998626708984,17100,0.0,0.0
2024-06-17 00:00:00-04:00,32.4900016784668,34.119998931884766,31.950000762939453,33.369998931884766,23300,0.0,0.0
2024-06-18 00:00:00-04:00,34.0,34.41999816894531,33.13999938964844,33.790000915527344,46000,0.0,0.0
2024-06-20 00:00:00-04:00,34.11000061035156,34.119998931884766,33.52000045776367,33.91999816894531,19600,0.0,0.0
2024-06-21 00:00:00-04:00,34.0,35.900001525878906,34.0,35.900001525878906,155300,0.0,0.0
2024-06-24 00:00:00-04:00,35.91999816894531,36.779998779296875,34.880001068115234,36.2400016784668,97900,0.0,0.0
2024-06-25 00:00:00-04:00,36.25,36.369998931884766,35.529998779296875,35.970001220703125,26100,0.0,0.0
2024-06-26 00:00:00-04:00,35.560001373291016,36.220001220703125,35.560001373291016,35.849998474121094,15000,0.0,0.0
2024-06-27 00:00:00-04:00,35.95000076293945,36.29999923706055,35.16999816894531,35.56999969482422,18600,0.0,0.0
2024-06-28 00:00:00-04:00,35.599998474121094,36.0,35.18000030517578,35.560001373291016,15800,0.0,0.0
2024-07-01 00:00:00-04:00,35.36000061035156,36.040000915527344,35.04999923706055,35.380001068115234,15900,0.0,0.0
2024-07-02 00:00:00-04:00,35.47999954223633,35.849998474121094,34.90999984741211,35.27000045776367,18500,0.0,0.0
2024-07-03 00:00:00-04:00,35.470001220703125,35.470001220703125,34.41999816894531,34.7400016784668,10900,0.0,0.0
2024-07-05 00:00:00-04:00,34.86000061035156,35.33000183105469,34.25,34.540000915527344,15700,0.0,0.0
2024-07-08 00:00:00-04:00,34.529998779296875,34.959999084472656,33.84000015258789,34.0,10500,0.0,0.0
2024-07-09 00:00:00-04:00,34.25,34.9900016784668,33.29999923706055,34.43000030517578,126300,0.0,0.0
2024-07-10 00:00:00-04:00,34.65999984741211,34.97999954223633,33.70000076293945,34.220001220703125,5100,0.0,0.0
2024-07-11 00:00:00-04:00,33.790000915527344,35.849998474121094,33.400001525878906,35.599998474121094,26800,0.0,0.0
2024-07-12 00:00:00-04:00,36.0,36.0,34.20000076293945,35.45000076293945,18500,0.0,0.0
2024-07-15 00:00:00-04:00,35.470001220703125,35.9900016784668,34.349998474121094,35.97999954223633,9600,0.0,0.0
2024-07-16 00:00:00-04:00,36.0,36.599998474121094,35.43000030517578,36.41999816894531,32700,0.0,0.0
2024-07-17 00:00:00-04:00,36.5,36.54999923706055,35.900001525878906,36.22999954223633,18500,0.0,0.0
2024-07-18 00:00:00-04:00,36.04999923706055,36.599998474121094,36.04999923706055,36.29999923706055,13800,0.0,0.0
2024-07-19 00:00:00-04:00,36.279998779296875,36.38999938964844,35.349998474121094,36.189998626708984,34100,0.0,0.0
2024-07-22 00:00:00-04:00,36.540000915527344,37.150001525878906,36.02000045776367,36.81999969482422,50000,0.0,0.0
2024-07-23 00:00:00-04:00,36.81999969482422,37.29999923706055,36.0099983215332,37.16999816894531,30600,0.0,0.0
2024-07-24 00:00:00-04:00,37.29999923706055,37.29999923706055,36.5,36.72999954223633,141200,0.0,0.0
2024-07-25 00:00:00-04:00,36.75,37.59000015258789,36.349998474121094,36.88999938964844,33000,0.0,0.0
2024-07-26 00:00:00-04:00,36.599998474121094,37.099998474121094,36.529998779296875,36.93000030517578,19900,0.0,0.0
2024-07-29 00:00:00-04:00,36.970001220703125,36.970001220703125,36.52000045776367,36.68000030517578,11300,0.0,0.0
2024-07-30 00:00:00-04:00,36.560001373291016,37.0,36.04999923706055,36.709999084472656,33700,0.0,0.0
2024-07-31 00:00:00-04:00,36.75,38.04999923706055,36.47999954223633,38.04999923706055,74800,0.0,0.0
2024-08-01 00:00:00-04:00,39.0,40.75,38.61000061035156,39.0,30500,0.0,0.0
2024-08-02 00:00:00-04:00,38.0,39.0,34.88999938964844,37.81999969482422,98100,0.0,0.0
2024-08-05 00:00:00-04:00,34.97999954223633,36.65999984741211,34.0,36.09000015258789,37900,0.0,0.0
2024-08-06 00:00:00-04:00,36.11000061035156,37.0,35.0,36.0099983215332,13100,0.0,0.0
2024-08-07 00:00:00-04:00,36.189998626708984,37.349998474121094,35.66999816894531,36.06999969482422,78300,0.0,0.0
2024-08-08 00:00:00-04:00,35.790000915527344,37.02000045776367,35.790000915527344,37.0,14500,0.0,0.0
2024-08-09 00:00:00-04:00,36.900001525878906,37.0,35.369998931884766,36.41999816894531,22600,0.0,0.0
2024-08-12 00:00:00-04:00,36.380001068115234,36.380001068115234,34.84000015258789,34.84000015258789,85600,0.0,0.0
2024-08-13 00:00:00-04:00,34.79999923706055,35.599998474121094,33.47999954223633,34.400001525878906,16500,0.0,0.0
2024-08-14 00:00:00-04:00,33.81999969482422,35.459999084472656,33.45000076293945,34.7599983215332,31600,0.0,0.0
2024-08-15 00:00:00-04:00,34.70000076293945,35.459999084472656,34.36000061035156,34.779998779296875,17100,0.0,0.0
2024-08-16 00:00:00-04:00,34.91999816894531,34.9900016784668,34.540000915527344,34.810001373291016,26900,0.0,0.0
2024-08-19 00:00:00-04:00,34.709999084472656,35.93000030517578,34.709999084472656,35.689998626708984,9600,0.0,0.0
2024-08-20 00:00:00-04:00,35.9900016784668,36.4900016784668,35.560001373291016,36.150001525878906,34700,0.0,0.0
2024-08-21 00:00:00-04:00,36.5,36.5,35.560001373291016,35.72999954223633,18100,0.0,0.0
2024-08-22 00:00:00-04:00,35.279998779296875,36.7400016784668,35.279998779296875,36.369998931884766,44800,0.0,0.0
2024-08-23 00:00:00-04:00,36.65999984741211,37.619998931884766,36.040000915527344,36.93000030517578,31200,0.0,0.0
2024-08-26 00:00:00-04:00,37.0,37.04999923706055,36.75,36.88999938964844,45800,0.0,0.0
2024-08-27 00:00:00-04:00,36.95000076293945,36.9900016784668,35.61000061035156,36.540000915527344,17200,0.0,0.0
2024-08-28 00:00:00-04:00,36.36000061035156,36.439998626708984,36.13999938964844,36.439998626708984,12000,0.0,0.0
2024-08-29 00:00:00-04:00,36.20000076293945,36.90999984741211,36.0099983215332,36.66999816894531,35200,0.0,0.0
2024-08-30 00:00:00-04:00,36.779998779296875,36.900001525878906,36.18000030517578,36.900001525878906,33000,0.0,0.0
2024-09-03 00:00:00-04:00,36.29999923706055,37.709999084472656,36.29999923706055,36.93000030517578,47200,0.0,0.0
2024-09-04 00:00:00-04:00,37.20000076293945,37.66999816894531,36.75,37.02000045776367,61400,0.0,0.0
2024-09-05 00:00:00-04:00,36.869998931884766,37.36000061035156,36.29999923706055,36.97999954223633,74500,0.0,0.0
2024-09-06 00:00:00-04:00,36.68000030517578,37.16999816894531,36.18000030517578,36.65999984741211,35500,0.0,0.0
2024-09-09 00:00:00-04:00,37.04999923706055,39.18000030517578,36.9900016784668,38.08000183105469,65400,0.0,0.0
2024-09-10 00:00:00-04:00,37.779998779296875,38.209999084472656,37.09000015258789,37.560001373291016,55400,0.0,0.0
2024-09-11 00:00:00-04:00,37.75,38.040000915527344,36.380001068115234,37.220001220703125,54100,0.0,0.0
2024-09-12 00:00:00-04:00,37.400001525878906,37.52000045776367,36.63999938964844,36.97999954223633,72600,0.0,0.0
2024-09-13 00:00:00-04:00,36.83000183105469,37.099998474121094,33.77000045776367,34.59000015258789,86900,0.0,0.0
2024-09-16 00:00:00-04:00,34.599998474121094,36.209999084472656,34.599998474121094,35.970001220703125,40700,0.0,0.0
2024-09-17 00:00:00-04:00,36.38999938964844,37.790000915527344,35.619998931884766,36.779998779296875,83200,0.0,0.0
2024-09-18 00:00:00-04:00,36.310001373291016,37.5099983215332,36.2400016784668,37.0,172900,0.0,0.0
2024-09-19 00:00:00-04:00,37.41999816894531,37.93000030517578,35.79999923706055,36.38999938964844,137200,0.0,0.0
2024-09-20 00:00:00-04:00,35.880001068115234,37.27000045776367,35.599998474121094,35.90999984741211,782800,0.0,0.0
2024-09-23 00:00:00-04:00,36.459999084472656,36.95000076293945,34.939998626708984,35.779998779296875,137700,0.0,0.0
2024-09-24 00:00:00-04:00,36.0,36.400001525878906,35.709999084472656,35.81999969482422,107400,0.0,0.0
2024-09-25 00:00:00-04:00,35.45000076293945,36.560001373291016,34.099998474121094,34.380001068115234,62200,0.0,0.0
2024-09-26 00:00:00-04:00,34.61000061035156,35.040000915527344,33.130001068115234,33.61000061035156,52900,0.0,0.0
2024-09-27 00:00:00-04:00,34.040000915527344,35.33000183105469,33.689998626708984,34.59000015258789,44900,0.0,0.0
2024-09-30 00:00:00-04:00,34.54999923706055,35.849998474121094,34.0,35.029998779296875,58100,0.0,0.0
2024-10-01 00:00:00-04:00,34.5,35.20000076293945,34.2599983215332,34.45000076293945,23300,0.0,0.0
2024-10-02 00:00:00-04:00,35.84000015258789,38.04999923706055,35.4900016784668,37.75,126900,0.0,0.0
2024-10-03 00:00:00-04:00,37.099998474121094,38.79999923706055,37.099998474121094,37.9900016784668,134600,0.0,0.0
2024-10-04 00:00:00-04:00,38.4900016784668,38.599998474121094,37.0,37.119998931884766,77200,0.0,0.0
2024-10-07 00:00:00-04:00,36.650001525878906,36.9900016784668,34.93000030517578,35.029998779296875,52100,0.0,0.0
2024-10-08 00:00:00-04:00,34.66999816894531,35.41999816894531,34.13999938964844,35.15999984741211,64000,0.0,0.0
2024-10-09 00:00:00-04:00,35.15999984741211,36.22999954223633,35.13999938964844,35.880001068115234,112600,0.0,0.0
2024-10-10 00:00:00-04:00,35.7400016784668,37.02000045776367,35.560001373291016,35.90999984741211,69700,0.0,0.0
2024-10-11 00:00:00-04:00,36.25,36.869998931884766,35.70000076293945,36.150001525878906,61800,0.0,0.0
2024-10-14 00:00:00-04:00,36.16999816894531,36.45000076293945,35.779998779296875,35.849998474121094,40500,0.0,0.0
2024-10-15 00:00:00-04:00,36.2400016784668,36.369998931884766,35.0,35.09000015258789,57900,0.0,0.0
2024-10-16 00:00:00-04:00,35.27000045776367,36.13999938964844,35.15999984741211,35.47999954223633,88400,0.0,0.0
2024-10-17 00:00:00-04:00,35.77000045776367,36.27000045776367,34.70000076293945,35.72999954223633,71600,0.0,0.0
2024-10-18 00:00:00-04:00,35.88999938964844,36.0099983215332,35.27000045776367,35.7400016784668,75200,0.0,0.0
2024-10-21 00:00:00-04:00,35.61000061035156,36.290000915527344,35.5099983215332,35.970001220703125,99600,0.0,0.0
2024-10-22 00:00:00-04:00,35.95000076293945,36.34000015258789,35.189998626708984,35.470001220703125,47900,0.0,0.0
2024-10-23 00:00:00-04:00,35.459999084472656,35.779998779296875,34.5,35.15999984741211,72500,0.0,0.0
2024-10-24 00:00:00-04:00,35.459999084472656,35.470001220703125,34.5099983215332,34.7599983215332,38500,0.0,0.0
2024-10-25 00:00:00-04:00,35.099998474121094,35.880001068115234,34.7599983215332,34.91999816894531,42300,0.0,0.0
2024-10-28 00:00:00-04:00,35.06999969482422,35.22999954223633,34.0,35.0,65600,0.0,0.0
2024-10-29 00:00:00-04:00,34.439998626708984,35.9900016784668,34.25,34.40999984741211,37800,0.0,0.0
2024-10-30 00:00:00-04:00,34.0,35.40999984741211,34.0,35.209999084472656,80900,0.0,0.0
2024-10-31 00:00:00-04:00,35.47999954223633,35.779998779296875,34.630001068115234,34.91999816894531,49100,0.0,0.0
2024-11-01 00:00:00-04:00,35.0,35.0,33.290000915527344,33.47999954223633,64000,0.0,0.0
2024-11-04 00:00:00-05:00,33.0,33.619998931884766,31.809999465942383,32.880001068115234,96300,0.0,0.0
2024-11-05 00:00:00-05:00,33.2599983215332,34.939998626708984,33.08000183105469,34.66999816894531,50900,0.0,0.0
2024-11-06 00:00:00-05:00,35.11000061035156,35.97999954223633,35.0099983215332,35.63999938964844,57900,0.0,0.0
2024-11-07 00:00:00-05:00,35.33000183105469,36.5099983215332,35.33000183105469,35.79999923706055,64300,0.0,0.0
2024-11-08 00:00:00-05:00,35.59000015258789,36.13999938964844,35.459999084472656,35.86000061035156,79800,0.0,0.0
2024-11-11 00:00:00-05:00,36.150001525878906,36.29999923706055,35.599998474121094,36.0,72600,0.0,0.0
2024-11-12 00:00:00-05:00,36.75,38.0099983215332,35.349998474121094,35.72999954223633,53200,0.0,0.0
2024-11-13 00:00:00-05:00,35.709999084472656,35.79999923706055,34.70000076293945,35.02000045776367,33500,0.0,0.0
2024-11-14 00:00:00-05:00,35.18000030517578,35.959999084472656,35.18000030517578,35.34000015258789,23600,0.0,0.0
2024-11-15 00:00:00-05:00,35.61000061035156,35.72999954223633,35.15999984741211,35.540000915527344,33300,0.0,0.0
2024-11-18 00:00:00-05:00,35.540000915527344,36.13999938964844,35.34000015258789,36.13999938964844,37500,0.0,0.0
2024-11-19 00:00:00-05:00,35.90999984741211,36.11000061035156,35.400001525878906,36.0,61000,0.0,0.0
2024-11-20 00:00:00-05:00,35.81999969482422,36.13999938964844,35.689998626708984,36.0,38900,0.0,0.0
2024-11-21 00:00:00-05:00,35.75,36.529998779296875,35.75,36.0,83100,0.0,0.0
2024-11-22 00:00:00-05:00,35.7400016784668,38.7400016784668,35.7400016784668,37.349998474121094,86900,0.0,0.0
2024-11-25 00:00:00-05:00,37.15999984741211,38.11000061035156,36.86000061035156,37.36000061035156,45800,0.0,0.0
2024-11-26 00:00:00-05:00,37.06999969482422,38.119998931884766,36.880001068115234,37.130001068115234,42900,0.0,0.0
2024-11-27 00:00:00-05:00,36.849998474121094,37.59000015258789,36.849998474121094,37.459999084472656,30600,0.0,0.0
2024-11-29 00:00:00-05:00,37.20000076293945,38.15999984741211,37.20000076293945,37.790000915527344,47200,0.0,0.0
2024-12-02 00:00:00-05:00,38.0099983215332,38.27000045776367,37.540000915527344,37.880001068115234,62200,0.0,0.0
2024-12-03 00:00:00-05:00,37.97999954223633,38.099998474121094,37.43000030517578,38.0099983215332,89000,0.0,0.0
2024-12-04 00:00:00-05:00,38.400001525878906,38.400001525878906,37.0099983215332,37.29999923706055,47300,0.0,0.0
2024-12-05 00:00:00-05:00,37.619998931884766,38.11000061035156,36.900001525878906,37.95000076293945,160800,0.0,0.0
2024-12-06 00:00:00-05:00,38.13999938964844,38.13999938964844,37.09000015258789,37.810001373291016,96700,0.0,0.0
2024-12-09 00:00:00-05:00,38.0,38.09000015258789,36.43000030517578,37.38999938964844,129300,0.0,0.0
2024-12-10 00:00:00-05:00,36.9900016784668,38.09000015258789,36.5,37.470001220703125,80300,0.0,0.0
2024-12-11 00:00:00-05:00,37.779998779296875,38.0099983215332,36.560001373291016,36.58000183105469,77000,0.0,0.0
2024-12-12 00:00:00-05:00,36.599998474121094,36.66999816894531,35.880001068115234,36.290000915527344,170300,0.0,0.0
2024-12-13 00:00:00-05:00,36.369998931884766,36.5099983215332,35.41999816894531,35.90999984741211,76900,0.0,0.0
2024-12-16 00:00:00-05:00,35.599998474121094,35.599998474121094,34.81999969482422,35.29999923706055,81900,0.0,0.0
2024-12-17 00:00:00-05:00,34.86000061035156,35.5,34.29999923706055,35.5,55600,0.0,0.0
2024-12-18 00:00:00-05:00,35.15999984741211,35.63999938964844,34.599998474121094,34.810001373291016,81200,0.0,0.0
2024-12-19 00:00:00-05:00,34.97999954223633,35.16999816894531,34.22999954223633,34.540000915527344,63200,0.0,0.0
2024-12-20 00:00:00-05:00,34.4900016784668,35.33000183105469,34.4900016784668,34.939998626708984,116200,0.0,0.0
2024-12-23 00:00:00-05:00,35.0,35.209999084472656,34.5,35.0,65500,0.0,0.0
2024-12-24 00:00:00-05:00,35.099998474121094,35.75,35.040000915527344,35.20000076293945,71100,0.0,0.0
2024-12-26 00:00:00-05:00,35.130001068115234,36.45000076293945,35.02000045776367,36.34000015258789,58300,0.0,0.0
2024-12-27 00:00:00-05:00,36.060001373291016,37.0,36.060001373291016,36.47999954223633,24400,0.0,0.0
2024-12-30 00:00:00-05:00,36.25,36.970001220703125,35.709999084472656,36.810001373291016,48200,0.0,0.0
2024-12-31 00:00:00-05:00,36.709999084472656,38.0099983215332,36.709999084472656,37.779998779296875,52100,0.0,0.0
2025-01-02 00:00:00-05:00,37.79999923706055,38.189998626708984,36.95000076293945,37.810001373291016,46700,0.0,0.0
2025-01-03 00:00:00-05:00,37.54999923706055,38.040000915527344,37.54999923706055,38.0,73800,0.0,0.0
2025-01-06 00:00:00-05:00,37.869998931884766,38.099998474121094,37.470001220703125,37.869998931884766,79500,0.0,0.0
2025-01-07 00:00:00-05:00,37.9900016784668,37.9900016784668,37.130001068115234,37.72999954223633,35200,0.0,0.0
2025-01-08 00:00:00-05:00,37.54999923706055,37.84000015258789,37.02000045776367,37.54999923706055,130000,0.0,0.0
2025-01-10 00:00:00-05:00,37.689998626708984,37.900001525878906,36.68000030517578,37.81999969482422,44300,0.0,0.0
2025-01-13 00:00:00-05:00,38.0,38.029998779296875,37.31999969482422,37.720001220703125,53200,0.0,0.0
2025-01-14 00:00:00-05:00,37.560001373291016,38.0099983215332,37.20000076293945,37.849998474121094,86600,0.0,0.0
2025-01-15 00:00:00-05:00,37.900001525878906,38.040000915527344,37.810001373291016,38.0,106900,0.0,0.0
2025-01-16 00:00:00-05:00,38.0,38.400001525878906,37.790000915527344,38.349998474121094,139600,0.0,0.0
2025-01-17 00:00:00-05:00,38.47999954223633,42.2599983215332,38.47999954223633,41.56999969482422,113500,0.0,0.0
2025-01-21 00:00:00-05:00,41.79999923706055,43.029998779296875,41.27000045776367,42.029998779296875,150500,0.0,0.0
2025-01-22 00:00:00-05:00,42.369998931884766,43.9900016784668,41.47999954223633,43.11000061035156,120300,0.0,0.0
2025-01-23 00:00:00-05:00,43.529998779296875,43.529998779296875,42.209999084472656,42.380001068115234,90700,0.0,0.0
2025-01-24 00:00:00-05:00,42.400001525878906,43.0,41.68000030517578,42.880001068115234,75300,0.0,0.0
2025-01-27 00:00:00-05:00,42.880001068115234,43.11000061035156,39.54999923706055,39.72999954223633,72900,0.0,0.0
2025-01-28 00:00:00-05:00,39.41999816894531,40.95000076293945,38.970001220703125,40.709999084472656,70100,0.0,0.0
2025-01-29 00:00:00-05:00,40.9900016784668,41.779998779296875,40.5,41.16999816894531,27100,0.0,0.0
2025-01-30 00:00:00-05:00,41.33000183105469,41.849998474121094,40.779998779296875,41.560001373291016,32300,0.0,0.0
2025-01-31 00:00:00-05:00,41.0,42.720001220703125,41.0,41.540000915527344,59600,0.0,0.0
2025-02-03 00:00:00-05:00,41.5,41.5,40.68000030517578,41.27000045776367,41900,0.0,0.0
2025-02-04 00:00:00-05:00,40.88999938964844,43.04999923706055,40.7400016784668,42.709999084472656,76000,0.0,0.0
2025-02-05 00:00:00-05:00,42.79999923706055,43.45000076293945,41.900001525878906,43.0099983215332,81600,0.0,0.0
2025-02-06 00:00:00-05:00,43.09000015258789,43.9900016784668,42.540000915527344,43.790000915527344,82000,0.0,0.0
2025-02-07 00:00:00-05:00,43.5,43.5,42.290000915527344,42.65999984741211,66400,0.0,0.0
2025-02-10 00:00:00-05:00,42.45000076293945,44.189998626708984,42.41999816894531,43.40999984741211,55600,0.0,0.0
2025-02-11 00:00:00-05:00,43.400001525878906,44.4900016784668,42.959999084472656,43.88999938964844,76200,0.0,0.0
2025-02-12 00:00:00-05:00,43.720001220703125,44.66999816894531,43.15999984741211,43.880001068115234,99700,0.0,0.0
2025-02-13 00:00:00-05:00,43.4900016784668,45.40999984741211,43.43000030517578,45.209999084472656,89600,0.0,0.0
2025-02-14 00:00:00-05:00,45.060001373291016,45.36000061035156,43.90999984741211,44.20000076293945,56900,0.0,0.0
2025-02-18 00:00:00-05:00,44.31999969482422,45.88999938964844,43.90999984741211,45.130001068115234,84600,0.0,0.0
2025-02-19 00:00:00-05:00,45.220001220703125,45.36000061035156,44.83000183105469,45.0,58600,0.0,0.0
2025-02-20 00:00:00-05:00,44.83000183105469,45.380001068115234,43.099998474121094,45.119998931884766,80200,0.0,0.0
2025-02-21 00:00:00-05:00,44.900001525878906,45.209999084472656,43.34000015258789,43.36000061035156,84900,0.0,0.0
2025-02-24 00:00:00-05:00,43.939998626708984,43.939998626708984,42.220001220703125,42.220001220703125,89000,0.0,0.0
2025-02-25 00:00:00-05:00,42.18000030517578,42.36000061035156,40.939998626708984,41.84000015258789,122600,0.0,0.0
2025-02-26 00:00:00-05:00,41.56999969482422,42.33000183105469,41.209999084472656,42.16999816894531,86300,0.0,0.0
2025-02-27 00:00:00-05:00,42.68000030517578,42.869998931884766,41.290000915527344,42.18000030517578,63100,0.0,0.0
2025-02-28 00:00:00-05:00,42.43000030517578,45.34000015258789,41.45000076293945,45.02000045776367,98800,0.0,0.0
2025-03-03 00:00:00-05:00,44.59000015258789,44.709999084472656,42.43000030517578,42.61000061035156,73900,0.0,0.0
2025-03-04 00:00:00-05:00,41.97999954223633,41.97999954223633,40.560001373291016,41.540000915527344,82400,0.0,0.0
2025-03-05 00:00:00-05:00,41.16999816894531,41.2400016784668,40.099998474121094,40.470001220703125,64000,0.0,0.0
2025-03-06 00:00:00-05:00,40.650001525878906,41.0,39.0,39.29999923706055,93700,0.0,0.0
2025-03-07 00:00:00-05:00,39.68000030517578,40.029998779296875,38.45000076293945,39.65999984741211,58800,0.0,0.0
2025-03-10 00:00:00-04:00,38.869998931884766,40.2400016784668,37.86000061035156,38.709999084472656,175200,0.0,0.0
2025-03-11 00:00:00-04:00,38.709999084472656,39.33000183105469,37.119998931884766,37.68000030517578,160600,0.0,0.0
2025-03-12 00:00:00-04:00,38.47999954223633,38.959999084472656,37.5,37.619998931884766,62600,0.0,0.0
2025-03-13 00:00:00-04:00,37.93000030517578,38.130001068115234,36.79999923706055,36.81999969482422,72700,0.0,0.0
2025-03-14 00:00:00-04:00,37.33000183105469,37.79999923706055,37.15999984741211,37.439998626708984,64500,0.0,0.0
2025-03-17 00:00:00-04:00,37.66999816894531,39.63999938964844,37.459999084472656,38.709999084472656,111700,0.0,0.0
2025-03-18 00:00:00-04:00,38.380001068115234,38.63999938964844,37.459999084472656,37.470001220703125,81200,0.0,0.0
2025-03-19 00:00:00-04:00,37.15999984741211,38.209999084472656,37.0,37.93000030517578,158600,0.0,0.0
2025-03-20 00:00:00-04:00,37.40999984741211,38.29999923706055,37.380001068115234,37.4900016784668,137000,0.0,0.0
2025-03-21 00:00:00-04:00,36.849998474121094,37.029998779296875,35.83000183105469,36.220001220703125,301400,0.0,0.0
2025-03-24 00:00:00-04:00,36.56999969482422,36.880001068115234,35.720001220703125,36.20000076293945,161300,0.0,0.0
2025-03-25 00:00:00-04:00,36.0,36.22999954223633,35.470001220703125,35.70000076293945,112800,0.0,0.0
2025-03-26 00:00:00-04:00,35.72999954223633,36.099998474121094,34.84000015258789,35.45000076293945,97500,0.0,0.0
2025-03-27 00:00:00-04:00,35.52000045776367,35.709999084472656,35.0,35.439998626708984,65700,0.0,0.0
2025-03-28 00:00:00-04:00,35.38999938964844,35.38999938964844,34.11000061035156,34.209999084472656,61600,0.0,0.0
2025-03-31 00:00:00-04:00,34.0,34.790000915527344,33.099998474121094,33.88999938964844,101600,0.0,0.0
2025-04-01 00:00:00-04:00,33.88999938964844,33.939998626708984,32.900001525878906,33.25,95600,0.0,0.0
2025-04-02 00:00:00-04:00,32.689998626708984,37.45000076293945,32.689998626708984,36.810001373291016,169000,0.0,0.0
2025-04-03 00:00:00-04:00,35.220001220703125,35.2599983215332,31.729999542236328,31.81999969482422,102200,0.0,0.0
2025-04-04 00:00:00-04:00,31.0,31.0,27.790000915527344,29.350000381469727,250100,0.0,0.0
2025-04-07 00:00:00-04:00,28.110000610351562,29.799999237060547,25.84000015258789,26.719999313354492,585000,0.0,0.0
2025-04-08 00:00:00-04:00,27.979999542236328,29.479999542236328,26.780000686645508,27.389999389648438,387200,0.0,0.0
2025-04-09 00:00:00-04:00,27.0,29.979999542236328,25.799999237060547,29.100000381469727,313000,0.0,0.0
2025-04-10 00:00:00-04:00,28.6299991607666,28.6299991607666,26.940000534057617,27.09000015258789,109700,0.0,0.0
2025-04-11 00:00:00-04:00,26.989999771118164,27.139999389648438,25.719999313354492,26.40999984741211,103900,0.0,0.0
2025-04-14 00:00:00-04:00,26.889999389648438,27.559999465942383,26.34000015258789,27.219999313354492,145900,0.0,0.0
2025-04-15 00:00:00-04:00,27.1299991607666,28.760000228881836,27.1299991607666,27.84000015258789,102300,0.0,0.0
2025-04-16 00:00:00-04:00,28.049999237060547,29.049999237060547,27.149999618530273,27.850000381469727,106700,0.0,0.0
2025-04-17 00:00:00-04:00,28.3700008392334,29.290000915527344,27.56999969482422,29.110000610351562,72800,0.0,0.0
2025-04-21 00:00:00-04:00,28.920000076293945,28.920000076293945,27.079999923706055,27.700000762939453,53700,0.0,0.0
2025-04-22 00:00:00-04:00,28.079999923706055,29.020000457763672,27.709999084472656,28.709999084472656,43200,0.0,0.0
2025-04-23 00:00:00-04:00,29.579999923706055,29.739999771118164,27.450000762939453,28.559999465942383,101900,0.0,0.0
2025-04-24 00:00:00-04:00,28.56999969482422,29.979999542236328,28.56999969482422,29.68000030517578,81200,0.0,0.0
2025-04-25 00:00:00-04:00,29.59000015258789,30.1200008392334,29.030000686645508,29.850000381469727,35800,0.0,0.0
2025-04-28 00:00:00-04:00,29.799999237060547,30.0,28.6299991607666,29.940000534057617,29500,0.0,0.0
2025-04-29 00:00:00-04:00,29.889999389648438,29.93000030517578,29.030000686645508,29.149999618530273,58800,0.0,0.0
2025-04-30 00:00:00-04:00,28.950000762939453,29.110000610351562,27.15999984741211,27.84000015258789,72500,0.0,0.0
2025-05-01 00:00:00-04:00,27.530000686645508,28.3700008392334,26.8700008392334,27.25,59000,0.0,0.0
2025-05-02 00:00:00-04:00,27.530000686645508,28.59000015258789,26.979999542236328,28.079999923706055,65000,0.0,0.0
2025-05-05 00:00:00-04:00,27.65999984741211,27.65999984741211,26.739999771118164,27.350000381469727,46200,0.0,0.0
2025-05-06 00:00:00-04:00,27.1200008392334,27.479999542236328,26.489999771118164,26.639999389648438,50000,0.0,0.0
2025-05-07 00:00:00-04:00,26.700000762939453,28.299999237060547,26.510000228881836,27.610000610351562,74500,0.0,0.0
2025-05-08 00:00:00-04:00,25.0,29.3799991607666,25.0,28.290000915527344,76400,0.0,0.0
2025-05-09 00:00:00-04:00,28.31999969482422,28.770000457763672,27.719999313354492,28.34000015258789,40800,0.0,0.0
2025-05-12 00:00:00-04:00,29.43000030517578,30.239999771118164,28.190000534057617,28.959999084472656,54700,0.0,0.0
2025-05-13 00:00:00-04:00,29.6200008392334,29.719999313354492,29.030000686645508,29.520000457763672,47800,0.0,0.0
2025-05-14 00:00:00-04:00,29.34000015258789,30.200000762939453,28.110000610351562,29.350000381469727,39500,0.0,0.0
2025-05-15 00:00:00-04:00,28.959999084472656,29.56999969482422,28.3799991607666,29.459999084472656,48500,0.0,0.0
2025-05-16 00:00:00-04:00,29.420000076293945,29.420000076293945,28.670000076293945,28.829999923706055,49100,0.0,0.0
2025-05-19 00:00:00-04:00,28.229999542236328,28.389999389648438,27.309999465942383,27.90999984741211,64800,0.0,0.0
2025-05-20 00:00:00-04:00,27.469999313354492,27.899999618530273,27.0,27.290000915527344,86000,0.0,0.0
2025-05-21 00:00:00-04:00,27.079999923706055,27.549999237060547,25.729999542236328,26.690000534057617,42800,0.0,0.0
2025-05-22 00:00:00-04:00,26.5,27.100000381469727,25.68000030517578,26.950000762939453,74600,0.0,0.0
2025-05-23 00:00:00-04:00,26.860000610351562,26.959999084472656,26.3700008392334,26.940000534057617,67500,0.0,0.0
2025-05-27 00:00:00-04:00,27.270000457763672,27.389999389648438,26.0,26.8700008392334,150200,0.0,0.0
2025-05-28 00:00:00-04:00,27.06999969482422,27.59000015258789,26.709999084472656,26.790000915527344,47300,0.0,0.0
2025-05-29 00:00:00-04:00,26.649999618530273,26.8799991607666,25.770000457763672,26.399999618530273,49900,0.0,0.0
2025-05-30 00:00:00-04:00,26.15999984741211,26.25,25.0,25.139999389648438,114400,0.0,0.0
2025-06-02 00:00:00-04:00,25.510000228881836,26.610000610351562,25.510000228881836,25.940000534057617,74800,0.0,0.0
2025-06-03 00:00:00-04:00,26.0,26.649999618530273,25.450000762939453,25.65999984741211,49100,0.0,0.0
2025-06-04 00:00:00-04:00,25.739999771118164,26.239999771118164,24.770000457763672,25.040000915527344,127500,0.0,0.0
2025-06-05 00:00:00-04:00,25.239999771118164,25.290000915527344,24.389999389648438,24.540000915527344,41500,0.0,0.0
2025-06-06 00:00:00-04:00,24.6299991607666,25.15999984741211,24.579999923706055,25.049999237060547,42800,0.0,0.0
2025-06-09 00:00:00-04:00,25.43000030517578,25.479999542236328,24.479999542236328,24.799999237060547,69900,0.0,0.0
2025-06-10 00:00:00-04:00,24.739999771118164,25.600000381469727,24.65999984741211,25.43000030517578,72800,0.0,0.0
2025-06-11 00:00:00-04:00,25.670000076293945,26.34000015258789,25.34000015258789,26.219999313354492,54100,0.0,0.0
2025-06-12 00:00:00-04:00,25.81999969482422,26.850000381469727,25.81999969482422,26.110000610351562,57900,0.0,0.0
2025-06-13 00:00:00-04:00,26.420000076293945,26.8799991607666,26.0,26.290000915527344,57000,0.0,0.0
2025-06-16 00:00:00-04:00,26.239999771118164,27.010000228881836,26.239999771118164,26.469999313354492,55700,0.0,0.0
2025-06-17 00:00:00-04:00,26.65999984741211,26.8799991607666,26.219999313354492,26.34000015258789,92600,0.0,0.0
2025-06-18 00:00:00-04:00,26.299999237060547,26.389999389648438,25.65999984741211,26.360000610351562,87300,0.0,0.0
2025-06-20 00:00:00-04:00,26.5,26.5,25.639999389648438,26.06999969482422,189400,0.0,0.0
2025-06-23 00:00:00-04:00,25.959999084472656,26.1200008392334,24.5,24.969999313354492,166800,0.0,0.0
2025-06-24 00:00:00-04:00,24.770000457763672,25.219999313354492,24.459999084472656,25.06999969482422,103300,0.0,0.0
2025-06-25 00:00:00-04:00,25.260000228881836,25.260000228881836,24.670000076293945,24.739999771118164,64700,0.0,0.0
2025-06-26 00:00:00-04:00,24.739999771118164,25.850000381469727,24.739999771118164,25.84000015258789,117100,0.0,0.0
2025-06-27 00:00:00-04:00,25.829999923706055,26.1299991607666,25.350000381469727,25.770000457763672,1383500,0.0,0.0
2025-06-30 00:00:00-04:00,25.6200008392334,25.809999465942383,24.469999313354492,24.530000686645508,297500,0.0,0.0
2025-07-01 00:00:00-04:00,24.489999771118164,24.520000457763672,23.559999465942383,23.65999984741211,113100,0.0,0.0
2025-07-02 00:00:00-04:00,23.68000030517578,25.290000915527344,23.530000686645508,25.270000457763672,120300,0.0,0.0
2025-07-03 00:00:00-04:00,25.110000610351562,25.459999084472656,24.899999618530273,25.290000915527344,39600,0.0,0.0
2025-07-07 00:00:00-04:00,25.09000015258789,25.09000015258789,24.020000457763672,24.530000686645508,99400,0.0,0.0
2025-07-08 00:00:00-04:00,24.549999237060547,25.290000915527344,24.309999465942383,25.059999465942383,99400,0.0,0.0
2025-07-09 00:00:00-04:00,24.8799991607666,24.90999984741211,24.170000076293945,24.260000228881836,73700,0.0,0.0
2025-07-10 00:00:00-04:00,23.959999084472656,24.790000915527344,23.959999084472656,24.329999923706055,75100,0.0,0.0
2025-07-11 00:00:00-04:00,24.209999084472656,24.5,23.969999313354492,24.440000534057617,45200,0.0,0.0
2025-07-14 00:00:00-04:00,24.459999084472656,24.829999923706055,24.239999771118164,24.809999465942383,76800,0.0,0.0
2025-07-15 00:00:00-04:00,25.0,25.0,24.190000534057617,24.219999313354492,87000,0.0,0.0
2025-07-16 00:00:00-04:00,24.1299991607666,24.530000686645508,23.950000762939453,24.440000534057617,79400,0.0,0.0
2025-07-17 00:00:00-04:00,24.56999969482422,26.010000228881836,24.270000457763672,25.959999084472656,114400,0.0,0.0
2025-07-18 00:00:00-04:00,26.270000457763672,26.8799991607666,26.18000030517578,26.18000030517578,83100,0.0,0.0
2025-07-21 00:00:00-04:00,26.170000076293945,26.170000076293945,25.3700008392334,25.549999237060547,49600,0.0,0.0
2025-07-22 00:00:00-04:00,25.520000457763672,25.780000686645508,24.860000610351562,24.969999313354492,64300,0.0,0.0
2025-07-23 00:00:00-04:00,25.15999984741211,25.639999389648438,25.15999984741211,25.270000457763672,52200,0.0,0.0
2025-07-24 00:00:00-04:00,25.329999923706055,26.049999237060547,25.049999237060547,25.670000076293945,43400,0.0,0.0
2025-07-25 00:00:00-04:00,25.850000381469727,25.850000381469727,25.110000610351562,25.43000030517578,39600,0.0,0.0
2025-07-28 00:00:00-04:00,25.559999465942383,25.6200008392334,25.200000762939453,25.549999237060547,40400,0.0,0.0
2025-07-29 00:00:00-04:00,25.739999771118164,26.170000076293945,25.360000610351562,26.049999237060547,44200,0.0,0.0
2025-07-30 00:00:00-04:00,26.170000076293945,26.43000030517578,25.43000030517578,25.540000915527344,47600,0.0,0.0
2025-07-31 00:00:00-04:00,25.270000457763672,25.81999969482422,25.110000610351562,25.479999542236328,41100,0.0,0.0
2025-08-01 00:00:00-04:00,25.440000534057617,25.440000534057617,24.139999389648438,24.31999969482422,66000,0.0,0.0
2025-08-04 00:00:00-04:00,24.139999389648438,24.700000762939453,24.139999389648438,24.559999465942383,54600,0.0,0.0
2025-08-05 00:00:00-04:00,24.809999465942383,26.219999313354492,24.020000457763672,25.020000457763672,86400,0.0,0.0
2025-08-06 00:00:00-04:00,25.020000457763672,25.459999084472656,24.600000381469727,24.90999984741211,61700,0.0,0.0
2025-08-07 00:00:00-04:00,25.270000457763672,25.389999389648438,24.639999389648438,24.84000015258789,40900,0.0,0.0
2025-08-08 00:00:00-04:00,24.81999969482422,25.34000015258789,24.100000381469727,24.440000534057617,51500,0.0,0.0
2025-08-11 00:00:00-04:00,24.59000015258789,24.75,23.75,24.299999237060547,73200,0.0,0.0
2025-08-12 00:00:00-04:00,24.010000228881836,24.729999542236328,20.049999237060547,20.260000228881836,185000,0.0,0.0
2025-08-13 00:00:00-04:00,20.510000228881836,22.079999923706055,20.510000228881836,21.639999389648438,291900,0.0,0.0
2025-08-14 00:00:00-04:00,21.670000076293945,21.670000076293945,19.940000534057617,20.09000015258789,89600,0.0,0.0
2025-08-15 00:00:00-04:00,20.100000381469727,21.739999771118164,20.100000381469727,20.860000610351562,123300,0.0,0.0
2025-08-18 00:00:00-04:00,20.829999923706055,20.989999771118164,19.829999923706055,19.959999084472656,88600,0.0,0.0
2025-08-19 00:00:00-04:00,19.90999984741211,20.530000686645508,19.780000686645508,19.84000015258789,51100,0.0,0.0
2025-08-20 00:00:00-04:00,19.860000610351562,20.0,19.229999542236328,19.290000915527344,91500,0.0,0.0
2025-08-21 00:00:00-04:00,19.329999923706055,20.290000915527344,19.1299991607666,20.030000686645508,80000,0.0,0.0
2025-08-22 00:00:00-04:00,20.309999465942383,20.920000076293945,19.540000915527344,20.68000030517578,101600,0.0,0.0
2025-08-25 00:00:00-04:00,20.540000915527344,20.540000915527344,19.84000015258789,19.959999084472656,75000,0.0,0.0
2025-08-26 00:00:00-04:00,19.719999313354492,20.8700008392334,19.350000381469727,20.75,155600,0.0,0.0
2025-08-27 00:00:00-04:00,20.639999389648438,20.81999969482422,20.309999465942383,20.510000228881836,117000,0.0,0.0
2025-08-28 00:00:00-04:00,20.600000381469727,21.040000915527344,20.309999465942383,20.920000076293945,66100,0.0,0.0
2025-08-29 00:00:00-04:00,22.549999237060547,23.8799991607666,21.93000030517578,23.020000457763672,132000,0.0,0.0
2025-09-02 00:00:00-04:00,23.440000534057617,23.719999313354492,22.15999984741211,22.350000381469727,84800,0.0,0.0
2025-09-03 00:00:00-04:00,22.15999984741211,23.6200008392334,22.110000610351562,22.229999542236328,69100,0.0,0.0
2025-09-04 00:00:00-04:00,22.40999984741211,23.579999923706055,22.40999984741211,23.25,47700,0.0,0.0
2025-09-05 00:00:00-04:00,23.219999313354492,23.860000610351562,22.809999465942383,23.040000915527344,72600,0.0,0.0
2025-09-08 00:00:00-04:00,23.34000015258789,23.34000015258789,22.149999618530273,22.530000686645508,70900,0.0,0.0
2025-09-09 00:00:00-04:00,22.59000015258789,23.0,22.049999237060547,22.959999084472656,96800,0.0,0.0
2025-09-10 00:00:00-04:00,22.670000076293945,23.450000762939453,22.670000076293945,22.8700008392334,49700,0.0,0.0
2025-09-11 00:00:00-04:00,22.559999465942383,23.59000015258789,22.559999465942383,23.389999389648438,57400,0.0,0.0
2025-09-12 00:00:00-04:00,23.31999969482422,23.729999542236328,23.239999771118164,23.350000381469727,54400,0.0,0.0
2025-09-15 00:00:00-04:00,23.5,23.68000030517578,22.600000381469727,22.649999618530273,53100,0.0,0.0
2025-09-16 00:00:00-04:00,22.65999984741211,23.81999969482422,22.43000030517578,23.770000457763672,66100,0.0,0.0
2025-09-17 00:00:00-04:00,23.700000762939453,23.760000228881836,22.780000686645508,22.84000015258789,69200,0.0,0.0
2025-09-18 00:00:00-04:00,22.68000030517578,23.280000686645508,22.68000030517578,23.260000228881836,66000,0.0,0.0
2025-09-19 00:00:00-04:00,23.229999542236328,23.229999542236328,21.5,22.040000915527344,239400,0.0,0.0
2025-09-22 00:00:00-04:00,21.989999771118164,22.290000915527344,20.989999771118164,22.010000228881836,84800,0.0,0.0
2025-09-23 00:00:00-04:00,22.100000381469727,22.510000228881836,21.670000076293945,21.950000762939453,77000,0.0,0.0
2025-09-24 00:00:00-04:00,22.100000381469727,23.219999313354492,22.100000381469727,22.690000534057617,63600,0.0,0.0
2025-09-25 00:00:00-04:00,22.690000534057617,22.84000015258789,22.280000686645508,22.440000534057617,39600,0.0,0.0
2025-09-26 00:00:00-04:00,22.25,22.6200008392334,21.989999771118164,22.549999237060547,68100,0.0,0.0
2025-09-29 00:00:00-04:00,22.420000076293945,22.420000076293945,21.709999084472656,21.809999465942383,115800,0.0,0.0
2025-09-30 00:00:00-04:00,21.5,21.969999313354492,20.299999237060547,20.540000915527344,88000,0.0,0.0
2025-10-01 00:00:00-04:00,20.209999084472656,21.200000762939453,20.010000228881836,21.079999923706055,92300,0.0,0.0
2025-10-02 00:00:00-04:00,21.0,21.260000228881836,20.600000381469727,21.010000228881836,61100,0.0,0.0
2025-10-03 00:00:00-04:00,21.040000915527344,22.1299991607666,21.040000915527344,22.0,53900,0.0,0.0
2025-10-06 00:00:00-04:00,22.350000381469727,22.350000381469727,21.290000915527344,21.290000915527344,29200,0.0,0.0
2025-10-07 00:00:00-04:00,21.350000381469727,21.670000076293945,21.0,21.510000228881836,41900,0.0,0.0
2025-10-08 00:00:00-04:00,21.530000686645508,21.899999618530273,21.100000381469727,21.829999923706055,37500,0.0,0.0
2025-10-09 00:00:00-04:00,21.610000610351562,22.510000228881836,21.459999084472656,22.3700008392334,73500,0.0,0.0
2025-10-10 00:00:00-04:00,22.270000457763672,22.350000381469727,20.09000015258789,20.110000610351562,178700,0.0,0.0
2025-10-13 00:00:00-04:00,20.489999771118164,20.790000915527344,20.15999984741211,20.40999984741211,92700,0.0,0.0
2025-10-14 00:00:00-04:00,20.010000228881836,20.420000076293945,19.829999923706055,20.260000228881836,79700,0.0,0.0
2025-10-15 00:00:00-04:00,20.31999969482422,21.1200008392334,20.31999969482422,20.920000076293945,69300,0.0,0.0
2025-10-16 00:00:00-04:00,21.0,21.010000228881836,20.09000015258789,20.170000076293945,43400,0.0,0.0
2025-10-17 00:00:00-04:00,20.170000076293945,20.389999389648438,19.84000015258789,20.030000686645508,59200,0.0,0.0
2025-10-20 00:00:00-04:00,20.110000610351562,21.09000015258789,20.110000610351562,21.06999969482422,50700,0.0,0.0
2025-10-21 00:00:00-04:00,21.100000381469727,21.600000381469727,20.540000915527344,21.219999313354492,37500,0.0,0.0
2025-10-22 00:00:00-04:00,21.350000381469727,21.780000686645508,20.8799991607666,21.579999923706055,35800,0.0,0.0
2025-10-23 00:00:00-04:00,21.829999923706055,22.229999542236328,21.670000076293945,21.920000076293945,63600,0.0,0.0
2025-10-24 00:00:00-04:00,21.8700008392334,22.5,21.719999313354492,22.299999237060547,35300,0.0,0.0
2025-10-27 00:00:00-04:00,22.540000915527344,22.700000762939453,21.510000228881836,21.649999618530273,59000,0.0,0.0
2025-10-28 00:00:00-04:00,21.5,22.06999969482422,21.299999237060547,22.0,58700,0.0,0.0
2025-10-29 00:00:00-04:00,22.149999618530273,22.200000762939453,21.899999618530273,22.100000381469727,44000,0.0,0.0
2025-10-30 00:00:00-04:00,21.979999542236328,22.479999542236328,21.979999542236328,22.1299991607666,44300,0.0,0.0
2025-10-31 00:00:00-04:00,22.100000381469727,22.239999771118164,21.899999618530273,21.920000076293945,54300,0.0,0.0
2025-11-03 00:00:00-05:00,21.899999618530273,22.06999969482422,21.700000762939453,21.959999084472656,49200,0.0,0.0
2025-11-04 00:00:00-05:00,21.739999771118164,21.969999313354492,21.530000686645508,21.790000915527344,31500,0.0,0.0
2025-11-05 00:00:00-05:00,21.610000610351562,22.209999084472656,21.610000610351562,22.209999084472656,27400,0.0,0.0
2025-11-06 00:00:00-05:00,22.459999084472656,22.459999084472656,20.799999237060547,21.219999313354492,42900,0.0,0.0
2025-11-07 00:00:00-05:00,21.149999618530273,21.360000610351562,20.920000076293945,21.200000762939453,78700,0.0,0.0
2025-11-10 00:00:00-05:00,20.969999313354492,23.6299991607666,20.969999313354492,23.389999389648438,141300,0.0,0.0
2025-11-11 00:00:00-05:00,22.059999465942383,23.700000762939453,22.059999465942383,23.3700008392334,137600,0.0,0.0
2025-11-12 00:00:00-05:00,23.809999465942383,24.0,22.270000457763672,22.75,79300,0.0,0.0
2025-11-13 00:00:00-05:00,22.940000534057617,23.8700008392334,22.709999084472656,23.5,141200,0.0,0.0
2025-11-14 00:00:00-05:00,23.6200008392334,23.90999984741211,22.739999771118164,23.760000228881836,59200,0.0,0.0
2025-11-17 00:00:00-05:00,24.0,24.399999618530273,23.389999389648438,23.520000457763672,54400,0.0,0.0
2025-11-18 00:00:00-05:00,23.239999771118164,23.969999313354492,23.149999618530273,23.899999618530273,49600,0.0,0.0
2025-11-19 00:00:00-05:00,23.649999618530273,23.649999618530273,23.040000915527344,23.5,214300,0.0,0.0
2025-11-20 00:00:00-05:00,23.65999984741211,24.579999923706055,23.65999984741211,24.09000015258789,96600,0.0,0.0
2025-11-21 00:00:00-05:00,24.209999084472656,24.940000534057617,24.030000686645508,24.8700008392334,57800,0.0,0.0
2025-11-24 00:00:00-05:00,25.0,25.15999984741211,24.440000534057617,24.540000915527344,42400,0.0,0.0
2025-11-25 00:00:00-05:00,24.59000015258789,25.25,24.139999389648438,25.209999084472656,51400,0.0,0.0
2025-11-26 00:00:00-05:00,25.0,25.510000228881836,24.399999618530273,25.209999084472656,35700,0.0,0.0
2025-11-28 00:00:00-05:00,24.979999542236328,25.420000076293945,24.829999923706055,25.040000915527344,24100,0.0,0.0
2025-12-01 00:00:00-05:00,24.8700008392334,25.639999389648438,24.780000686645508,25.18000030517578,26900,0.0,0.0
2025-12-02 00:00:00-05:00,24.93000030517578,25.399999618530273,24.5,25.1299991607666,36300,0.0,0.0
2025-12-03 00:00:00-05:00,24.899999618530273,25.799999237060547,24.899999618530273,25.799999237060547,31900,0.0,0.0
2025-12-04 00:00:00-05:00,25.850000381469727,26.40999984741211,25.719999313354492,26.360000610351562,35200,0.0,0.0
2025-12-05 00:00:00-05:00,25.93000030517578,26.950000762939453,25.93000030517578,26.350000381469727,22800,0.0,0.0
2025-12-08 00:00:00-05:00,26.360000610351562,26.56999969482422,26.030000686645508,26.299999237060547,57000,0.0,0.0
2025-12-09 00:00:00-05:00,26.5,27.93000030517578,26.5,27.670000076293945,79100,0.0,0.0
2025-12-10 00:00:00-05:00,27.43000030517578,27.489999771118164,26.530000686645508,27.219999313354492,50100,0.0,0.0
2025-12-11 00:00:00-05:00,27.209999084472656,27.510000228881836,26.260000228881836,27.190000534057617,58200,0.0,0.0
2025-12-12 00:00:00-05:00,27.399999618530273,27.469999313354492,26.809999465942383,27.079999923706055,37000,0.0,0.0
2025-12-15 00:00:00-05:00,27.43000030517578,27.43000030517578,26.56999969482422,26.68000030517578,124000,0.0,0.0
2025-12-16 00:00:00-05:00,26.65999984741211,26.739999771118164,26.350000381469727,26.5,105800,0.0,0.0
2025-12-17 00:00:00-05:00,26.6299991607666,26.850000381469727,26.3700008392334,26.59000015258789,35100,0.0,0.0
2025-12-18 00:00:00-05:00,27.030000686645508,27.950000762939453,26.540000915527344,26.549999237060547,58800,0.0,0.0
2025-12-19 00:00:00-05:00,26.549999237060547,26.989999771118164,26.299999237060547,26.520000457763672,200100,0.0,0.0
2025-12-22 00:00:00-05:00,26.520000457763672,27.0,26.25,26.59000015258789,42400,0.0,0.0
2025-12-23 00:00:00-05:00,26.739999771118164,27.739999771118164,26.600000381469727,27.559999465942383,57200,0.0,0.0
2025-12-24 00:00:00-05:00,27.700000762939453,27.739999771118164,26.979999542236328,27.31999969482422,33900,0.0,0.0
2025-12-26 00:00:00-05:00,27.049999237060547,27.3700008392334,26.43000030517578,26.790000915527344,32300,0.0,0.0
2025-12-29 00:00:00-05:00,27.040000915527344,27.059999465942383,26.709999084472656,26.93000030517578,28000,0.0,0.0
2025-12-30 00:00:00-05:00,27.149999618530273,27.149999618530273,26.780000686645508,26.989999771118164,14900,0.0,0.0
2025-12-31 00:00:00-05:00,27.0,27.0,26.579999923706055,26.68000030517578,16700,0.0,0.0
2026-01-02 00:00:00-05:00,26.06999969482422,27.149999618530273,25.3799991607666,26.770000457763672,46900,0.0,0.0
2026-01-05 00:00:00-05:00,26.889999389648438,26.899999618530273,26.18000030517578,26.469999313354492,26200,0.0,0.0
2026-01-06 00:00:00-05:00,26.260000228881836,26.6200008392334,25.8799991607666,26.079999923706055,48000,0.0,0.0
2026-01-07 00:00:00-05:00,26.1299991607666,26.1299991607666,25.280000686645508,25.809999465942383,53500,0.0,0.0
2026-01-08 00:00:00-05:00,25.700000762939453,27.059999465942383,25.700000762939453,27.059999465942383,40300,0.0,0.0
2026-01-09 00:00:00-05:00,27.1200008392334,27.25,25.1299991607666,25.739999771118164,116200,0.0,0.0
2026-01-12 00:00:00-05:00,25.729999542236328,26.530000686645508,25.68000030517578,26.440000534057617,52200,0.0,0.0
2026-01-13 00:00:00-05:00,26.68000030517578,26.90999984741211,26.09000015258789,26.56999969482422,46000,0.0,0.0
2026-01-14 00:00:00-05:00,26.510000228881836,27.149999618530273,25.969999313354492,26.209999084472656,47000,0.0,0.0
2026-01-15 00:00:00-05:00,26.059999465942383,26.56999969482422,25.729999542236328,26.479999542236328,28500,0.0,0.0
2026-01-16 00:00:00-05:00,26.420000076293945,27.18000030517578,25.68000030517578,26.809999465942383,33800,0.0,0.0
2026-01-20 00:00:00-05:00,26.65999984741211,27.139999389648438,26.450000762939453,26.700000762939453,32100,0.0,0.0
2026-01-21 00:00:00-05:00,26.799999237060547,27.649999618530273,26.799999237060547,27.600000381469727,43200,0.0,0.0
2026-01-22 00:00:00-05:00,27.760000228881836,29.110000610351562,26.889999389648438,28.56999969482422,80600,0.0,0.0
2026-01-23 00:00:00-05:00,28.65999984741211,29.389999389648438,28.100000381469727,28.200000762939453,46600,0.0,0.0
2026-01-26 00:00:00-05:00,28.209999084472656,28.399999618530273,27.700000762939453,27.989999771118164,37200,0.0,0.0
2026-01-27 00:00:00-05:00,27.920000076293945,28.040000915527344,26.5,27.920000076293945,28100,0.0,0.0
2026-01-28 00:00:00-05:00,27.389999389648438,28.079999923706055,27.389999389648438,27.760000228881836,37300,0.0,0.0
2026-01-29 00:00:00-05:00,27.989999771118164,29.350000381469727,27.969999313354492,28.549999237060547,64200,0.0,0.0
2026-01-30 00:00:00-05:00,28.149999618530273,28.829999923706055,28.079999923706055,28.709999084472656,74000,0.0,0.0
2026-02-02 00:00:00-05:00,28.489999771118164,29.1200008392334,28.149999618530273,28.260000228881836,37800,0.0,0.0
2026-02-03 00:00:00-05:00,28.239999771118164,28.780000686645508,27.709999084472656,28.06999969482422,53300,0.0,0.0
2026-02-04 00:00:00-05:00,28.309999465942383,29.700000762939453,27.75,28.0,36400,0.0,0.0
2026-02-05 00:00:00-05:00,28.0,28.0,27.399999618530273,27.649999618530273,26600,0.0,0.0
2026-02-06 00:00:00-05:00,27.979999542236328,28.559999465942383,27.979999542236328,28.479999542236328,61600,0.0,0.0
2026-02-09 00:00:00-05:00,28.209999084472656,28.989999771118164,27.920000076293945,28.860000610351562,48200,0.0,0.0
2026-02-10 00:00:00-05:00,28.959999084472656,29.270000457763672,28.549999237060547,28.93000030517578,46000,0.0,0.0
2026-02-11 00:00:00-05:00,29.139999389648438,29.360000610351562,28.610000610351562,29.079999923706055,51300,0.0,0.0
2026-02-12 00:00:00-05:00,29.170000076293945,29.25,27.799999237060547,28.479999542236328,39400,0.0,0.0
2026-02-13 00:00:00-05:00,28.739999771118164,29.3700008392334,28.5,29.110000610351562,23000,0.0,0.0
2026-02-17 00:00:00-05:00,29.200000762939453,29.420000076293945,28.709999084472656,29.100000381469727,43400,0.0,0.0
2026-02-18 00:00:00-05:00,29.110000610351562,30.6299991607666,29.0,29.940000534057617,55700,0.0,0.0
2026-02-19 00:00:00-05:00,29.81999969482422,30.899999618530273,29.540000915527344,29.790000915527344,46500,0.0,0.0
2026-02-20 00:00:00-05:00,29.549999237060547,29.81999969482422,29.309999465942383,29.579999923706055,33000,0.0,0.0
2026-02-23 00:00:00-05:00,29.510000228881836,29.81999969482422,28.6200008392334,28.93000030517578,39400,0.0,0.0
2026-02-24 00:00:00-05:00,29.100000381469727,29.170000076293945,28.520000457763672,29.1200008392334,30800,0.0,0.0
2026-02-25 00:00:00-05:00,28.989999771118164,29.469999313354492,28.670000076293945,28.84000015258789,37300,0.0,0.0
2026-02-26 00:00:00-05:00,28.93000030517578,29.899999618530273,28.68000030517578,29.899999618530273,63000,0.0,0.0
2026-02-27 00:00:00-05:00,29.850000381469727,29.850000381469727,28.950000762939453,29.510000228881836,52800,0.0,0.0
2026-03-02 00:00:00-05:00,29.510000228881836,30.200000762939453,29.489999771118164,29.770000457763672,48600,0.0,0.0
2026-03-03 00:00:00-05:00,29.549999237060547,31.15999984741211,29.43000030517578,30.950000762939453,103300,0.0,0.0
2026-03-04 00:00:00-05:00,30.799999237060547,31.850000381469727,30.040000915527344,31.799999237060547,63900,0.0,0.0
2026-03-05 00:00:00-05:00,31.799999237060547,32.459999084472656,31.399999618530273,32.04999923706055,65200,0.0,0.0
2026-03-06 00:00:00-05:00,32.119998931884766,32.7599983215332,31.459999084472656,31.6200008392334,82500,0.0,0.0
2026-03-09 00:00:00-04:00,31.540000915527344,32.029998779296875,31.06999969482422,31.700000762939453,75400,0.0,0.0
2026-03-10 00:00:00-04:00,31.360000610351562,32.02000045776367,31.260000228881836,31.350000381469727,75100,0.0,0.0
2026-03-11 00:00:00-04:00,31.059999465942383,31.739999771118164,31.059999465942383,31.5,43900,0.0,0.0
2026-03-12 00:00:00-04:00,31.299999237060547,31.350000381469727,30.65999984741211,30.8700008392334,70500,0.0,0.0
2026-03-13 00:00:00-04:00,30.950000762939453,30.959999084472656,29.969999313354492,30.290000915527344,86000,0.0,0.0
2026-03-16 00:00:00-04:00,30.40999984741211,30.549999237060547,29.729999542236328,30.09000015258789,77100,0.0,0.0
2026-03-17 00:00:00-04:00,29.889999389648438,32.70000076293945,29.079999923706055,30.729999542236328,162100,0.0,0.0
2026-03-18 00:00:00-04:00,30.43000030517578,31.06999969482422,29.940000534057617,30.450000762939453,101400,0.0,0.0
2026-03-19 00:00:00-04:00,30.270000457763672,31.639999389648438,30.260000228881836,31.3700008392334,98300,0.0,0.0
2026-03-20 00:00:00-04:00,31.469999313354492,31.530000686645508,30.989999771118164,31.34000015258789,252700,0.0,0.0
2026-03-23 00:00:00-04:00,31.309999465942383,32.439998626708984,31.280000686645508,31.84000015258789,108000,0.0,0.0
2026-03-24 00:00:00-04:00,31.639999389648438,32.04999923706055,31.530000686645508,31.65999984741211,77800,0.0,0.0
2026-03-25 00:00:00-04:00,31.799999237060547,32.38999938964844,31.709999084472656,32.130001068115234,316300,0.0,0.0
2026-03-26 00:00:00-04:00,31.299999237060547,33.5,31.299999237060547,32.630001068115234,137100,0.0,0.0
2026-03-27 00:00:00-04:00,32.560001373291016,32.720001220703125,30.3700008392334,31.1299991607666,133600,0.0,0.0
2026-03-30 00:00:00-04:00,31.450000762939453,31.93000030517578,30.969999313354492,31.079999923706055,55200,0.0,0.0
2026-03-31 00:00:00-04:00,31.3799991607666,31.399999618530273,30.040000915527344,30.239999771118164,49800,0.0,0.0
2026-04-01 00:00:00-04:00,30.09000015258789,30.520000457763672,29.260000228881836,29.860000610351562,58000,0.0,0.0
2026-04-02 00:00:00-04:00,29.68000030517578,30.020000457763672,29.209999084472656,29.670000076293945,32900,0.0,0.0
2026-04-06 00:00:00-04:00,29.65999984741211,29.8700008392334,28.889999389648438,28.969999313354492,27100,0.0,0.0
2026-04-07 00:00:00-04:00,28.81999969482422,29.31999969482422,28.75,29.299999237060547,52400,0.0,0.0
2026-04-08 00:00:00-04:00,29.459999084472656,29.459999084472656,28.6299991607666,29.190000534057617,56200,0.0,0.0
2026-04-09 00:00:00-04:00,28.950000762939453,29.290000915527344,28.649999618530273,28.829999923706055,36200,0.0,0.0
2026-04-10 00:00:00-04:00,28.549999237060547,28.8799991607666,28.510000228881836,28.780000686645508,44700,0.0,0.0
2026-04-13 00:00:00-04:00,29.1299991607666,29.920000076293945,28.299999237060547,28.6299991607666,50200,0.0,0.0
2026-04-14 00:00:00-04:00,29.06999969482422,29.420000076293945,28.6200008392334,29.290000915527344,63400,0.0,0.0
2026-04-15 00:00:00-04:00,29.389999389648438,30.020000457763672,28.799999237060547,29.93000030517578,45200,0.0,0.0
2026-04-16 00:00:00-04:00,29.770000457763672,30.25,29.770000457763672,30.030000686645508,33500,0.0,0.0
2026-04-17 00:00:00-04:00,29.799999237060547,29.799999237060547,28.65999984741211,29.200000762939453,49500,0.0,0.0
2026-04-20 00:00:00-04:00,29.510000228881836,29.510000228881836,28.899999618530273,28.920000076293945,34500,0.0,0.0
2026-04-21 00:00:00-04:00,28.670000076293945,29.3799991607666,28.670000076293945,28.950000762939453,21800,0.0,0.0
2026-04-22 00:00:00-04:00,28.81999969482422,29.940000534057617,28.81999969482422,29.1200008392334,45600,0.0,0.0
2026-04-23 00:00:00-04:00,29.309999465942383,29.809999465942383,28.93000030517578,29.6200008392334,25000,0.0,0.0
2026-04-24 00:00:00-04:00,29.420000076293945,29.729999542236328,29.149999618530273,29.68000030517578,32800,0.0,0.0
2026-04-27 00:00:00-04:00,29.690000534057617,30.170000076293945,29.690000534057617,29.959999084472656,26500,0.0,0.0
2026-04-28 00:00:00-04:00,30.229999542236328,30.8700008392334,30.079999923706055,30.799999237060547,32700,0.0,0.0
2026-04-29 00:00:00-04:00,30.649999618530273,31.0,29.770000457763672,30.81999969482422,71200,0.0,0.0
2026-04-30 00:00:00-04:00,31.110000610351562,31.739999771118164,30.450000762939453,31.649999618530273,43600,0.0,0.0
2026-05-01 00:00:00-04:00,31.309999465942383,32.380001068115234,31.100000381469727,32.20000076293945,60900,0.0,0.0
2026-05-04 00:00:00-04:00,31.969999313354492,32.40999984741211,31.510000228881836,31.969999313354492,47600,0.0,0.0
2026-05-05 00:00:00-04:00,32.0,32.349998474121094,31.219999313354492,31.8700008392334,64700,0.0,0.0
2026-05-06 00:00:00-04:00,31.440000534057617,31.780000686645508,30.989999771118164,31.219999313354492,41900,0.0,0.0
2026-05-07 00:00:00-04:00,31.299999237060547,31.329999923706055,28.489999771118164,30.440000534057617,54900,0.0,0.0
2026-05-08 00:00:00-04:00,30.100000381469727,30.420000076293945,29.440000534057617,29.780000686645508,33800,0.0,0.0
2026-05-11 00:00:00-04:00,30.0,31.0,29.0,29.81999969482422,39400,0.0,0.0
2026-05-12 00:00:00-04:00,28.68000030517578,30.18000030517578,28.6299991607666,29.649999618530273,68300,0.0,0.0
2026-05-13 00:00:00-04:00,29.350000381469727,30.540000915527344,28.899999618530273,30.350000381469727,42300,0.0,0.0
2026-05-14 00:00:00-04:00,30.459999084472656,31.479999542236328,29.899999618530273,31.25,65100,0.0,0.0
2026-05-15 00:00:00-04:00,31.389999389648438,32.38999938964844,31.079999923706055,32.130001068115234,66400,0.0,0.0
2026-05-18 00:00:00-04:00,31.920000076293945,32.349998474121094,31.399999618530273,31.889999389648438,64800,0.0,0.0
2026-05-19 00:00:00-04:00,32.040000915527344,32.279998779296875,31.780000686645508,32.11000061035156,124300,0.0,0.0
2026-05-20 00:00:00-04:00,32.11000061035156,32.45000076293945,30.020000457763672,32.439998626708984,241900,0.0,0.0
2026-05-21 00:00:00-04:00,32.45000076293945,33.27000045776367,31.1200008392334,32.040000915527344,76000,0.0,0.0
2026-05-22 00:00:00-04:00,31.899999618530273,32.16999816894531,30.610000610351562,30.860000610351562,63300,0.0,0.0
2026-05-26 00:00:00-04:00,30.670000076293945,31.350000381469727,30.260000228881836,30.959999084472656,72900,0.0,0.0
2026-05-27 00:00:00-04:00,30.59000015258789,30.59000015258789,28.510000228881836,28.549999237060547,54500,0.0,0.0
2026-05-28 00:00:00-04:00,28.389999389648438,29.030000686645508,27.350000381469727,27.510000228881836,83700,0.0,0.0
2026-05-29 00:00:00-04:00,27.510000228881836,27.610000610351562,26.1299991607666,26.649999618530273,89600,0.0,0.0
2026-06-01 00:00:00-04:00,28.559999465942383,30.549999237060547,28.530000686645508,29.829999923706055,191300,0.0,0.0
2026-06-02 00:00:00-04:00,29.969999313354492,30.3700008392334,28.969999313354492,29.75,71500,0.0,0.0
2026-06-03 00:00:00-04:00,30.06999969482422,30.139999389648438,29.06999969482422,29.229999542236328,38900,0.0,0.0
2026-06-04 00:00:00-04:00,29.31999969482422,30.1299991607666,28.739999771118164,30.059999465942383,31300,0.0,0.0
2026-06-05 00:00:00-04:00,30.049999237060547,30.049999237060547,29.010000228881836,29.18000030517578,46200,0.0,0.0
2026-06-08 00:00:00-04:00,28.920000076293945,29.579999923706055,28.920000076293945,29.530000686645508,55200,0.0,0.0
2026-06-09 00:00:00-04:00,29.5,29.850000381469727,29.239999771118164,29.299999237060547,51000,0.0,0.0
2026-06-10 00:00:00-04:00,29.739999771118164,30.100000381469727,29.510000228881836,29.780000686645508,45600,0.0,0.0
2026-06-11 00:00:00-04:00,29.90999984741211,30.1200008392334,29.65999984741211,29.940000534057617,39900,0.0,0.0
2026-06-12 00:00:00-04:00,30.18000030517578,30.549999237060547,29.75,29.8799991607666,49400,0.0,0.0
2026-06-15 00:00:00-04:00,28.81999969482422,29.75,28.549999237060547,28.920000076293945,107700,0.0,0.0
2026-06-16 00:00:00-04:00,28.59000015258789,29.299999237060547,28.389999389648438,28.600000381469727,160400,0.0,0.0
2026-06-17 00:00:00-04:00,28.790000915527344,29.440000534057617,28.3700008392334,28.93000030517578,67600,0.0,0.0
2026-06-18 00:00:00-04:00,29.0,29.010000228881836,28.18000030517578,28.81999969482422,113900,0.0,0.0
2026-06-22 00:00:00-04:00,28.81999969482422,28.84000015258789,28.399999618530273,28.489999771118164,55000,0.0,0.0
2026-06-23 00:00:00-04:00,28.799999237060547,29.389999389648438,28.010000228881836,29.350000381469727,71600,0.0,0.0
2026-06-24 00:00:00-04:00,29.459999084472656,29.459999084472656,28.760000228881836,29.18000030517578,45600,0.0,0.0
2026-06-25 00:00:00-04:00,28.950000762939453,29.479999542236328,28.950000762939453,29.06999969482422,52800,0.0,0.0
2026-06-26 00:00:00-04:00,29.1200008392334,29.899999618530273,29.110000610351562,29.559999465942383,141200,0.0,0.0
2026-06-29 00:00:00-04:00,29.6200008392334,30.06999969482422,28.309999465942383,28.309999465942383,69300,0.0,0.0
2026-06-30 00:00:00-04:00,28.510000228881836,29.030000686645508,28.15999984741211,28.479999542236328,33100,0.0,0.0
2026-07-01 00:00:00-04:00,28.65999984741211,30.020000457763672,28.5,29.5,68900,0.0,0.0
2026-07-02 00:00:00-04:00,29.5,30.280000686645508,29.3799991607666,29.799999237060547,73300,0.0,0.0
2026-07-06 00:00:00-04:00,29.780000686645508,30.510000228881836,29.600000381469727,30.149999618530273,54100,0.0,0.0
2026-07-07 00:00:00-04:00,30.309999465942383,30.479999542236328,29.8799991607666,30.209999084472656,43500,0.0,0.0
2026-07-08 00:00:00-04:00,30.06999969482422,31.18000030517578,30.06999969482422,31.059999465942383,47700,0.0,0.0
2026-07-09 00:00:00-04:00,31.239999771118164,31.280000686645508,30.420000076293945,30.8799991607666,51800,0.0,0.0
2026-07-10 00:00:00-04:00,30.920000076293945,30.920000076293945,30.190000534057617,30.40999984741211,20300,0.0,0.0
2026-07-13 00:00:00-04:00,30.489999771118164,30.920000076293945,30.149999618530273,30.219999313354492,35300,0.0,0.0
2026-07-14 00:00:00-04:00,30.450000762939453,30.5,30.25,30.34000015258789,26300,0.0,0.0
2026-07-15 00:00:00-04:00,30.209999084472656,30.969999313354492,30.209999084472656,30.40999984741211,28400,0.0,0.0
2026-07-16 00:00:00-04:00,30.450000762939453,31.200000762939453,30.450000762939453,31.020000457763672,19600,0.0,0.0
2026-07-17 00:00:00-04:00,30.8799991607666,31.440000534057617,29.360000610351562,29.440000534057617,30100,0.0,0.0
2026-07-20 00:00:00-04:00,29.360000610351562,30.059999465942383,29.0,29.059999465942383,38300,0.0,0.0
2026-07-21 00:00:00-04:00,29.719999313354492,31.170000076293945,29.350000381469727,30.610000610351562,54600,0.0,0.0
2026-07-22 00:00:00-04:00,30.959999084472656,30.959999084472656,29.969999313354492,30.360000610351562,21900,0.0,0.0
2026-07-23 00:00:00-04:00,30.360000610351562,30.360000610351562,29.559999465942383,30.170000076293945,30800,0.0,0.0
2026-07-24 00:00:00-04:00,30.3700008392334,30.8799991607666,30.270000457763672,30.5,32700,0.0,0.0
2026-07-27 00:00:00-04:00,30.520000457763672,30.520000457763672,29.209999084472656,29.860000610351562,48300,0.0,0.0
2026-07-28 00:00:00-04:00,29.700000762939453,29.979999542236328,29.610000610351562,29.850000381469727,40200,0.0,0.0
2026-07-29 00:00:00-04:00,30.31999969482422,32.0,29.719999313354492,30.3700008392334,133300,0.0,0.0
2026-07-30 00:00:00-04:00,30.360000610351562,30.6299991607666,29.899999618530273,30.5,27700,0.0,0.0
2026-07-31 00:00:00-04:00,30.350000381469727,31.31999969482422,30.290000915527344,30.81999969482422,43100,0.0,0.0
2026-08-03 00:00:00-04:00,30.510000228881836,31.450000762939453,30.510000228881836,31.190000534057617,32200,0.0,0.0
2026-08-04 00:00:00-04:00,31.690000534057617,31.690000534057617,29.969999313354492,30.3799991607666,85300,0.0,0.0
2026-08-05 00:00:00-04:00,30.639999389648438,31.709999084472656,29.969999313354492,30.190000534057617,53170,0.0,0.0
