Date,Open,High,Low,Close,Volume,Dividends,Stock Splits
2022-01-03 00:00:00-05:00,4.468582630157471,4.4884431362983115,4.461962356219845,4.468582630157471,50300,0.0,0.0
2022-01-04 00:00:00-05:00,4.481822910794253,4.5414041141886115,4.481822910794253,4.534783840179443,71500,0.0,0.0
2022-01-05 00:00:00-05:00,4.5347822158302105,4.5347822158302105,4.4950615330191805,4.501681804656982,15100,0.0,0.0
2022-01-06 00:00:00-05:00,4.51492402076328,4.5281642541983365,4.508303746209719,4.521543979644775,16800,0.0,0.0
2022-01-07 00:00:00-05:00,4.54140326677509,4.5546434966507965,4.528163036899383,4.548023223876953,24000,0.0,0.0
2022-01-10 00:00:00-05:00,4.548024148115815,4.607605352500438,4.528163957102303,4.594365119934082,60100,0.0,0.0
2022-01-11 00:00:00-05:00,4.6142237248422715,4.706905636620084,4.594363540655552,4.634084224700928,64800,0.0,0.0
2022-01-12 00:00:00-05:00,4.682641690873747,4.682641690873747,4.609475325250551,4.636081218719482,45900,0.033,0.0
2022-01-13 00:00:00-05:00,4.656035703896233,4.656035703896233,4.523006239223245,4.556263446807861,110500,0.0,0.0
2022-01-14 00:00:00-05:00,4.562914655880996,4.569565969914785,4.503051243740736,4.536308765411377,47300,0.0,0.0
2022-01-18 00:00:00-05:00,4.536308765411377,4.549611710646187,4.483096667304905,4.536308765411377,54700,0.0,0.0
2022-01-19 00:00:00-05:00,4.549611568450928,4.556262882276834,4.523005678812859,4.549611568450928,52900,0.0,0.0
2022-01-20 00:00:00-05:00,4.569566595319566,4.589521174486442,4.509703492153492,4.523006439208984,54600,0.0,0.0
2022-01-21 00:00:00-05:00,4.516354175803578,4.549611697377223,4.45649076383791,4.463142395019531,51000,0.0,0.0
2022-01-24 00:00:00-05:00,4.463142130622635,4.463142130622635,4.276900591744204,4.323461055755615,105400,0.0,0.0
2022-01-25 00:00:00-05:00,4.330111841665468,4.376671979424999,4.276899757249051,4.343414783477783,102400,0.0,0.0
2022-01-26 00:00:00-05:00,4.376673698425293,4.416582539537002,4.370022383490313,4.376673698425293,38600,0.0,0.0
2022-01-27 00:00:00-05:00,4.416583635361364,4.443189536037181,4.389977734685545,4.436538219451904,18400,0.0,0.0
2022-01-28 00:00:00-05:00,4.436536733261026,4.456490993499756,4.389976264091912,4.456490993499756,35100,0.0,0.0
2022-01-31 00:00:00-05:00,4.463143060414344,4.523006481304845,4.416582586703145,4.489748954772949,53100,0.0,0.0
2022-02-01 00:00:00-05:00,4.469793722070095,4.549611710646187,4.469793722070095,4.536308765411377,15600,0.0,0.0
2022-02-02 00:00:00-05:00,4.523005820176567,4.576217601115806,4.516354188975546,4.536308765411377,33900,0.0,0.0
2022-02-03 00:00:00-05:00,4.509703534125543,4.569566637848766,4.483097322599659,4.489748954772949,32200,0.0,0.0
2022-02-04 00:00:00-05:00,4.483096950017585,4.529657419859228,4.483096950017585,4.509703159332275,24900,0.0,0.0
2022-02-07 00:00:00-05:00,4.489748581638071,4.529657419859228,4.483096950017585,4.509703159332275,20800,0.0,0.0
2022-02-08 00:00:00-05:00,4.509702733993825,4.589520402908032,4.503051103000696,4.549611568450928,51200,0.0,0.0
2022-02-09 00:00:00-05:00,4.5695656317993185,4.602823151009138,4.5695656317993185,4.582868576049805,26500,0.0,0.0
2022-02-10 00:00:00-05:00,4.57819119314716,4.63165906924389,4.551457255098795,4.598241806030273,29800,0.033,0.0
2022-02-11 00:00:00-05:00,4.604924985456858,4.611608629104262,4.531406817497429,4.558140754699707,35000,0.0,0.0
2022-02-14 00:00:00-05:00,4.564824358553073,4.564824358553073,4.444521633792621,4.457888603210449,30400,0.0,0.0
2022-02-15 00:00:00-05:00,4.464571247008159,4.5447733699651085,4.464571247008159,4.531406402587891,32300,0.0,0.0
2022-02-16 00:00:00-05:00,4.531406077823662,4.618291200201734,4.531406077823662,4.571506977081299,83000,0.0,0.0
2022-02-17 00:00:00-05:00,4.578189478539171,4.598240083913,4.511354658449009,4.524721622467041,60800,0.0,0.0
2022-02-18 00:00:00-05:00,4.558140904750703,4.6249757499565565,4.497989384718595,4.511356353759766,41900,0.0,0.0
2022-02-22 00:00:00-05:00,4.518038914568436,4.53808920397692,4.477937698364258,4.477937698364258,34700,0.0,0.0
2022-02-23 00:00:00-05:00,4.504670528387594,4.511354169018292,4.404418468475342,4.404418468475342,20700,0.0,0.0
2022-02-24 00:00:00-05:00,4.357635706117813,4.404420253412037,4.297484190838619,4.371002674102783,29700,0.0,0.0
2022-02-25 00:00:00-05:00,4.404418657763863,4.451202869415283,4.350950805194502,4.451202869415283,18300,0.0,0.0
2022-02-28 00:00:00-05:00,4.4645707325274,4.484621340629489,4.424469835016826,4.477937698364258,13400,0.0,0.0
2022-03-01 00:00:00-05:00,4.5715058563898845,4.5715058563898845,4.424468943130603,4.451202869415283,37500,0.0,0.0
2022-03-02 00:00:00-05:00,4.4244704246521,4.511355873517429,4.417787100189807,4.4244704246521,34700,0.0,0.0
2022-03-03 00:00:00-05:00,4.431154042584868,4.497988880295588,4.391053139958437,4.417787075042725,44100,0.0,0.0
2022-03-04 00:00:00-05:00,4.411102607322893,4.564822864668238,4.344267782106131,4.491304397583008,391200,0.0,0.0
2022-03-07 00:00:00-05:00,4.5314064842916,4.5314064842916,4.397736489415636,4.4244704246521,27700,0.0,0.0
2022-03-08 00:00:00-05:00,4.457886318746817,4.457886318746817,4.223964314462351,4.404418468475342,88500,0.0,0.0
2022-03-09 00:00:00-05:00,4.451204544201923,4.451204544201923,4.337585155395433,4.344268798828125,42200,0.0,0.0
2022-03-10 00:00:00-05:00,4.346284055640422,4.346284055640422,4.2723907373335175,4.299261093139648,37300,0.033,0.0
2022-03-11 00:00:00-05:00,4.3126962958483555,4.3261314738286964,4.124603483803669,4.232085227966309,41200,0.0,0.0
2022-03-14 00:00:00-04:00,4.232086146092419,4.232086146092419,4.070863655032147,4.077581405639648,73600,0.0,0.0
2022-03-15 00:00:00-04:00,4.077581112642391,4.12460408223612,4.070863362517597,4.0910162925720215,95400,0.0,0.0
2022-03-16 00:00:00-04:00,4.097731620829686,4.185060405745153,4.097731620829686,4.144754886627197,111600,0.0,0.0
2022-03-17 00:00:00-04:00,4.158190815263334,4.198496341705322,4.158190815263334,4.198496341705322,66000,0.0,0.0
2022-03-18 00:00:00-04:00,4.205214023590088,4.218649198859839,4.1783433527307405,4.205214023590088,72600,0.0,0.0
2022-03-21 00:00:00-04:00,4.211931393929699,4.218649141633371,4.164908120963524,4.178343296051025,55600,0.0,0.0
2022-03-22 00:00:00-04:00,4.198495988835329,4.225366337538289,4.178343067148197,4.218648910522461,74000,0.0,0.0
2022-03-23 00:00:00-04:00,4.225367239869096,4.2656727715308165,4.178343959437141,4.191779136657715,46300,0.0,0.0
2022-03-24 00:00:00-04:00,4.2119315171859855,4.2119315171859855,4.171625990743997,4.198496341705322,55600,0.0,0.0
2022-03-25 00:00:00-04:00,4.205213709995804,4.205213709995804,4.164907866872422,4.17162561416626,55800,0.0,0.0
2022-03-28 00:00:00-04:00,4.191778471138527,4.198496218842198,4.144755518492192,4.178343296051025,95800,0.0,0.0
2022-03-29 00:00:00-04:00,4.211932843208306,4.232085772933874,4.1984976634979105,4.225368022918701,53900,0.0,0.0
2022-03-30 00:00:00-04:00,4.24552040594665,4.24552040594665,4.178344195725034,4.232085227966309,110300,0.0,0.0
2022-03-31 00:00:00-04:00,4.245520012132396,4.285825542334681,4.245520012132396,4.272390365600586,20500,0.0,0.0
2022-04-01 00:00:00-04:00,4.2656728699547815,4.305978402546492,4.238802514893641,4.279108047485352,74000,0.0,0.0
2022-04-04 00:00:00-04:00,4.292543712874958,4.326131820678711,4.285826283506169,4.326131820678711,32200,0.0,0.0
2022-04-05 00:00:00-04:00,4.299261160471578,4.326131516698532,4.292543411254883,4.292543411254883,33400,0.0,0.0
2022-04-06 00:00:00-04:00,4.24552059173584,4.305978735133142,4.24552059173584,4.24552059173584,48800,0.0,0.0
2022-04-07 00:00:00-04:00,4.238802263605409,4.292542970541788,4.238802263605409,4.272390365600586,85700,0.0,0.0
2022-04-08 00:00:00-04:00,4.2804930105780175,4.293996129900924,4.260238170623779,4.260238170623779,20200,0.032,0.0
2022-04-11 00:00:00-04:00,4.260238305941202,4.28724454544481,4.219728946685791,4.219728946685791,41400,0.0,0.0
2022-04-12 00:00:00-04:00,4.219728946685791,4.253486907035185,4.212977225840005,4.219728946685791,39300,0.0,0.0
2022-04-13 00:00:00-04:00,4.219728946685791,4.233232066437595,4.206225826933988,4.219728946685791,47500,0.0,0.0
2022-04-14 00:00:00-04:00,4.233230813453728,4.23998253230109,4.192721466188582,4.212975978851318,21500,0.0,0.0
2022-04-18 00:00:00-04:00,4.239983352087079,4.239983352087079,4.185970556684024,4.206225395202637,30300,0.0,0.0
2022-04-19 00:00:00-04:00,4.206225308320798,4.239983264507952,4.199473588307476,4.233231544494629,29500,0.0,0.0
2022-04-20 00:00:00-04:00,4.212975141648836,4.260236198369626,4.212975141648836,4.226478576660156,34000,0.0,0.0
2022-04-21 00:00:00-04:00,4.23998253230109,4.246733929208777,4.206224581943631,4.212975978851318,18200,0.0,0.0
2022-04-22 00:00:00-04:00,4.226481956518868,4.23323335748392,4.172469139099121,4.172469139099121,33000,0.0,0.0
2022-04-25 00:00:00-04:00,4.158963022706358,4.172466136860354,4.11170228413719,4.165714740753174,85600,0.0,0.0
2022-04-26 00:00:00-04:00,4.165714078816844,4.179217190825181,4.111701630783495,4.118453025817871,37400,0.0,0.0
2022-04-27 00:00:00-04:00,4.138709166803779,4.172466796556266,4.118454331400537,4.158963680267334,36900,0.0,0.0
2022-04-28 00:00:00-04:00,4.125205952330796,4.172466697247361,4.104951117409639,4.13870906829834,49300,0.0,0.0
2022-04-29 00:00:00-04:00,4.1387086715151575,4.152211786188142,4.1117024421691895,4.1117024421691895,18200,0.0,0.0
2022-05-02 00:00:00-04:00,4.138708936442086,4.138708936442086,4.0711933587553615,4.077944755554199,24500,0.0,0.0
2022-05-03 00:00:00-04:00,4.091447289825679,4.091447289825679,3.9564161536359035,4.057689666748047,112300,0.0,0.0
2022-05-04 00:00:00-04:00,4.057689729761172,4.091447353363037,4.0374348980483505,4.091447353363037,42200,0.0,0.0
2022-05-05 00:00:00-04:00,4.07119467487158,4.07119467487158,4.003678753418964,4.017181873321533,26100,0.0,0.0
2022-05-06 00:00:00-04:00,4.003678321838379,4.017181440285365,3.963168966497421,4.003678321838379,28500,0.0,0.0
2022-05-09 00:00:00-04:00,3.9429152011871342,3.9631697217475916,3.922660358686877,3.942915201187134,54600,0.0,0.0
2022-05-10 00:00:00-04:00,3.9564175487302684,3.983423785491043,3.9226595918094325,3.9361627101898193,38100,0.0,0.0
2022-05-11 00:00:00-04:00,3.9327666759667856,3.939559174612319,3.8105046153046427,3.824089288711548,502600,0.035,0.0
2022-05-12 00:00:00-04:00,3.7697506672345704,3.830881536793567,3.728996322349682,3.7901275157928467,93500,0.0,0.0
2022-05-13 00:00:00-04:00,3.790126450024722,3.8444651294125336,3.790126450024722,3.817295789718628,38500,0.0,0.0
2022-05-16 00:00:00-04:00,3.8037116527557373,3.8240888223229614,3.790126981005629,3.8037116527557373,36500,0.0,0.0
2022-05-17 00:00:00-04:00,3.844465065884058,3.858049735506529,3.817295726639116,3.851257562637329,90600,0.0,0.0
2022-05-18 00:00:00-04:00,3.824088468632472,3.851257809619793,3.8172959714435954,3.830880641937256,32600,0.0,0.0
2022-05-19 00:00:00-04:00,3.8376734256744385,3.8376734256744385,3.817296256470396,3.8376734256744385,36400,0.0,0.0
2022-05-20 00:00:00-04:00,3.837672956431096,3.8444651294125336,3.81050361673719,3.817295789718628,36400,0.0,0.0
2022-05-23 00:00:00-04:00,3.8376731391261325,3.8376731391261325,3.8105037981388117,3.830880641937256,40800,0.0,0.0
2022-05-24 00:00:00-04:00,3.824088286584143,3.824088286584143,3.790126450024722,3.817295789718628,41500,0.0,0.0
2022-05-25 00:00:00-04:00,3.8240883914566846,3.837673061676186,3.796919051017681,3.8105037212371826,47700,0.0,0.0
2022-05-26 00:00:00-04:00,3.817295726639116,3.8988037443739416,3.817295726639116,3.851257562637329,42500,0.0,0.0
2022-05-27 00:00:00-04:00,3.878427145189888,3.925973653793335,3.878427145189888,3.925973653793335,55100,0.0,0.0
2022-05-31 00:00:00-04:00,3.892012728142681,3.898804903030396,3.8512587071638875,3.8988049030303955,62100,0.0,0.0
2022-06-01 00:00:00-04:00,3.9259746676504412,3.9599361906654496,3.8784281467684187,3.9123899936676025,24700,0.0,0.0
2022-06-02 00:00:00-04:00,3.912388983318649,3.925973653793335,3.898803988959871,3.925973653793335,7900,0.0,0.0
2022-06-03 00:00:00-04:00,3.9191821687169344,3.9191821687169344,3.88522032181775,3.9123899936676025,16600,0.0,0.0
2022-06-06 00:00:00-04:00,3.9055974947340957,3.966728689598957,3.9055974947340957,3.9123899936676025,29100,0.0,0.0
2022-06-07 00:00:00-04:00,3.9055971390429156,3.9803130010860803,3.892012466297263,3.939558982849121,42900,0.0,0.0
2022-06-08 00:00:00-04:00,3.925973653793335,3.9599351680380037,3.919181156613946,3.925973653793335,27400,0.0,0.0
2022-06-09 00:00:00-04:00,3.925973653793335,3.9395583242680208,3.919181156613946,3.925973653793335,26400,0.0,0.0
2022-06-10 00:00:00-04:00,3.9095716484816423,3.9232414668852287,3.827552738060125,3.9027369022369385,54300,0.036,0.0
2022-06-13 00:00:00-04:00,3.8753953992849746,3.8753953992849746,3.7592018358488577,3.7797067165374756,61200,0.0,0.0
2022-06-14 00:00:00-04:00,3.779706709730943,3.841220699857978,3.7523667602240125,3.8275508880615234,100300,0.0,0.0
2022-06-15 00:00:00-04:00,3.8617263009502087,3.8617263009502087,3.800211973433089,3.8207168579101562,30500,0.0,0.0
2022-06-16 00:00:00-04:00,3.7318622457048543,3.7728716815361794,3.649843374042204,3.6703479290008545,166900,0.0,0.0
2022-06-17 00:00:00-04:00,3.6703498056667905,3.7113592624664307,3.6703498056667905,3.7113592624664307,28100,0.0,0.0
2022-06-21 00:00:00-04:00,3.738696417368168,3.7592012951072658,3.6976869878039476,3.7250266075134277,59200,0.0,0.0
2022-06-22 00:00:00-04:00,3.725027250312275,3.725027250312275,3.6908528827352085,3.6976876258850098,21600,0.0,0.0
2022-06-23 00:00:00-04:00,3.718194334890133,3.7250290813996436,3.6976894435332173,3.7113592624664307,20100,0.0,0.0
2022-06-24 00:00:00-04:00,3.7181934451402103,3.7455330764643646,3.7045236294781336,3.7386980056762695,71800,0.0,0.0
2022-06-27 00:00:00-04:00,3.725027157488748,3.752366781234741,3.725027157488748,3.752366781234741,29900,0.0,0.0
2022-06-28 00:00:00-04:00,3.7797062472571104,3.7797062472571104,3.7386964909715594,3.7455315589904785,40900,0.0,0.0
2022-06-29 00:00:00-04:00,3.752366301095416,3.759201369114335,3.7250266808477033,3.7455315589904785,17600,0.0,0.0
2022-06-30 00:00:00-04:00,3.7045224455892938,3.7318620681762695,3.7045224455892938,3.7318620681762695,34700,0.0,0.0
2022-07-01 00:00:00-04:00,3.731862296324211,3.772871732711792,3.7113574151734054,3.772871732711792,50000,0.0,0.0
2022-07-05 00:00:00-04:00,3.7318616753977856,3.738696417368168,3.711356797658688,3.7250266075134277,24400,0.0,0.0
2022-07-06 00:00:00-04:00,3.7113592624664307,3.7250290813996436,3.7045245159569196,3.7113592624664307,22200,0.0,0.0
2022-07-07 00:00:00-04:00,3.7045245159569196,3.7318641538233464,3.7045245159569196,3.7113592624664307,35900,0.0,0.0
2022-07-08 00:00:00-04:00,3.6817651411763994,3.7161742930607553,3.6817651411763994,3.7024106979370117,28200,0.037,0.0
2022-07-11 00:00:00-04:00,3.6955295289839283,3.7092931270599365,3.6817659309079196,3.7092931270599365,12600,0.0,0.0
2022-07-12 00:00:00-04:00,3.709293015007432,3.7437021732330322,3.709293015007432,3.7437021732330322,36800,0.0,0.0
2022-07-13 00:00:00-04:00,3.7092946065861905,3.7368218137179836,3.7092946065861905,3.729940176010132,20300,0.0,0.0
2022-07-14 00:00:00-04:00,3.6955298332133144,3.7368206308405476,3.68864819768382,3.7230570316314697,33200,0.0,0.0
2022-07-15 00:00:00-04:00,3.764347541519802,3.8675746917724614,3.7092931488917347,3.867574691772461,264300,0.0,0.0
2022-07-18 00:00:00-04:00,3.860691771764481,3.8675734044774535,3.750582695007324,3.750582695007324,39600,0.0,0.0
2022-07-19 00:00:00-04:00,3.7505848282830176,3.812521198678013,3.7230576254741625,3.7574667930603027,69900,0.0,0.0
2022-07-20 00:00:00-04:00,3.743702900444961,3.7781117372044037,3.7299393001111607,3.736820936203003,14000,0.0,0.0
2022-07-21 00:00:00-04:00,3.729938142282246,3.7987561225891113,3.729938142282246,3.7987561225891113,63400,0.0,0.0
2022-07-22 00:00:00-04:00,3.8056381546598703,3.8400469813708873,3.791874558345459,3.8125197887420654,23000,0.0,0.0
2022-07-25 00:00:00-04:00,3.8194017509742815,3.8400469813708873,3.8056381546598703,3.8125197887420654,17600,0.0,0.0
2022-07-26 00:00:00-04:00,3.7918753623962402,3.7987569979376565,3.764347835780305,3.7918753623962402,42900,0.0,0.0
2022-07-27 00:00:00-04:00,3.8194018206872187,3.82628345489502,3.791874627555962,3.8262834548950195,26400,0.0,0.0
2022-07-28 00:00:00-04:00,3.8194022622979342,3.8675746917724614,3.8194022622979342,3.867574691772461,37500,0.0,0.0
2022-07-29 00:00:00-04:00,3.8538110596696162,3.915747414905666,3.8538110596696162,3.908865451812744,54800,0.0,0.0
2022-08-01 00:00:00-04:00,3.888221219195143,3.936393660639148,3.888221219195143,3.9295120239257812,40000,0.0,0.0
2022-08-02 00:00:00-04:00,3.9226295948028564,3.943275158799761,3.908865994854956,3.9226295948028564,35400,0.0,0.0
2022-08-03 00:00:00-04:00,3.9570391054469045,3.9639210700988774,3.9295119031392844,3.963921070098877,30300,0.0,0.0
2022-08-04 00:00:00-04:00,3.9363924242473862,3.9776835441589355,3.9363924242473862,3.9776835441589355,20300,0.0,0.0
2022-08-05 00:00:00-04:00,3.9432743286697987,3.977683485370859,3.936392366069571,3.957037925720215,39600,0.0,0.0
2022-08-08 00:00:00-04:00,3.9708018980933413,3.984565496444702,3.957038299741981,3.984565496444702,35200,0.0,0.0
2022-08-09 00:00:00-04:00,3.9776845099203304,3.9845661461430524,3.9639209093247634,3.9708025455474854,28000,0.0,0.0
2022-08-10 00:00:00-04:00,3.9901987496757405,4.0109808490222,3.9832711630099116,4.004053592681885,11500,0.038,0.0
2022-08-11 00:00:00-04:00,4.031762217716336,4.038689472233711,4.010979793513359,4.024834632873535,25800,0.0,0.0
2022-08-12 00:00:00-04:00,4.052547224095496,4.052547224095496,4.010982676143184,4.045619964599609,38100,0.0,0.0
2022-08-15 00:00:00-04:00,4.0317634472699515,4.059473134440836,4.024835860314467,4.052545547485352,24400,0.0,0.0
2022-08-16 00:00:00-04:00,4.059473037719727,4.059473037719727,4.038690607673963,4.059473037719727,27000,0.0,0.0
2022-08-17 00:00:00-04:00,4.0594737216355785,4.0594737216355785,4.017909184867025,4.031764030456543,29300,0.0,0.0
2022-08-18 00:00:00-04:00,4.045617057076512,4.045617057076512,4.017907378356161,4.024834632873535,37600,0.0,0.0
2022-08-19 00:00:00-04:00,4.0248359267303275,4.038690770544395,4.004053826171992,4.01098108291626,75600,0.0,0.0
2022-08-22 00:00:00-04:00,3.997125103047197,4.004052688148053,3.962487838193796,3.9763426780700684,14000,0.0,0.0
2022-08-23 00:00:00-04:00,3.9694163200037673,4.017908435688029,3.9624887333379384,4.004053592681885,37900,0.0,0.0
2022-08-24 00:00:00-04:00,3.9694157089035036,4.024835072396149,3.9694157089035036,3.9901981353759766,81900,0.0,0.0
2022-08-25 00:00:00-04:00,3.9971253906498263,4.017907817122299,3.983270549776665,3.9901981353759766,9400,0.0,0.0
2022-08-26 00:00:00-04:00,3.990198911965304,3.9971261685873656,3.9278519507391194,3.955561637878418,33600,0.0,0.0
2022-08-29 00:00:00-04:00,3.955561842349747,3.962489099329893,3.927852153778076,3.927852153778076,15900,0.0,0.0
2022-08-30 00:00:00-04:00,3.9070693114530743,3.9209241542824094,3.872432369542491,3.886287212371826,39200,0.0,0.0
2022-08-31 00:00:00-04:00,3.8862868311982455,3.9278513556095316,3.879359245300293,3.879359245300293,27500,0.0,0.0
2022-09-01 00:00:00-04:00,3.886286691452616,3.886286691452616,3.844722168535934,3.865504264831543,19100,0.0,0.0
2022-09-02 00:00:00-04:00,3.886287212371826,3.9417065836891663,3.8793596257944043,3.886287212371826,27500,0.0,0.0
2022-09-06 00:00:00-04:00,3.900142740904312,3.900142740904312,3.8516506173132474,3.8585782051086426,25200,0.0,0.0
2022-09-07 00:00:00-04:00,3.858577148257388,3.9486334526524365,3.858577148257388,3.879359245300293,39800,0.0,0.0
2022-09-08 00:00:00-04:00,3.893214050497539,3.9070688918388816,3.823939843790825,3.844722270965576,26800,0.0,0.0
2022-09-09 00:00:00-04:00,3.851700000686317,3.886588720859005,3.851700000686317,3.8656554222106934,27800,0.04,0.0
2022-09-12 00:00:00-04:00,3.8726332326210056,3.907521619469179,3.8656553556172777,3.879610776901245,44600,0.0,0.0
2022-09-13 00:00:00-04:00,3.8168117315202097,3.865655878988854,3.8168117315202097,3.8307671546936035,34200,0.0,0.0
2022-09-14 00:00:00-04:00,3.8377448833083587,3.8586781836156625,3.8307670056314174,3.8517003059387207,32200,0.0,0.0
2022-09-15 00:00:00-04:00,3.844723940222412,3.8586793671331225,3.816812753677368,3.816812753677368,35100,0.0,0.0
2022-09-16 00:00:00-04:00,3.809833526611328,3.809833526611328,3.767967264340415,3.809833526611328,65900,0.0,0.0
2022-09-19 00:00:00-04:00,3.8307681805880787,3.8307681805880787,3.7749464729452367,3.816812753677368,44200,0.0,0.0
2022-09-20 00:00:00-04:00,3.774945654182255,3.7958789563698248,3.7679681086020986,3.781923532485962,30700,0.0,0.0
2022-09-21 00:00:00-04:00,3.7819237010890787,3.8028566714863175,3.774945822474289,3.7958791255950928,15200,0.0,0.0
2022-09-22 00:00:00-04:00,3.7889004422175403,3.7889004422175403,3.754012054724584,3.774945020675659,36800,0.0,0.0
2022-09-23 00:00:00-04:00,3.7330793330391763,3.760990180436873,3.7051684856414795,3.7051684856414795,29000,0.0,0.0
2022-09-26 00:00:00-04:00,3.6563244735646516,3.7121465031787304,3.649346927815116,3.677257776260376,101800,0.0,0.0
2022-09-27 00:00:00-04:00,3.6633003539151066,3.698189061803649,3.649344937304365,3.656322479248047,54800,0.0,0.0
2022-09-28 00:00:00-04:00,3.677257502290987,3.7540124961586985,3.6493466559251893,3.733079195022583,62600,0.0,0.0
2022-09-29 00:00:00-04:00,3.698191487031151,3.719124459313155,3.649347330500483,3.691213607788086,52700,0.0,0.0
2022-09-30 00:00:00-04:00,3.677257776260376,3.705168624705636,3.6563244735646516,3.677257776260376,24100,0.0,0.0
2022-10-03 00:00:00-04:00,3.6772573211768087,3.712146043777466,3.6493464761856904,3.712146043777466,40300,0.0,0.0
2022-10-04 00:00:00-04:00,3.7121440304646867,3.816809476053431,3.7121440304646867,3.802854061126709,127400,0.0,0.0
2022-10-05 00:00:00-04:00,3.7819222958649026,3.7819222958649026,3.7051673232393854,3.740056037902832,155700,0.0,0.0
2022-10-06 00:00:00-04:00,3.7330791820921108,3.7609900283612325,3.705168335822989,3.7261016368865967,43300,0.0,0.0
2022-10-07 00:00:00-04:00,3.6912139912501516,3.6912139912501516,3.6633031368255615,3.6633031368255615,32000,0.0,0.0
2022-10-10 00:00:00-04:00,3.656325256857599,3.6912139912501516,3.6353922824009715,3.6633031368255615,34400,0.0,0.0
2022-10-11 00:00:00-04:00,3.677257625667042,3.70516847296928,3.642368900177473,3.698190927505493,80800,0.0,0.0
2022-10-12 00:00:00-04:00,3.6770983491567075,3.6841289555814423,3.656005859375,3.656005859375,25500,0.04,0.0
2022-10-13 00:00:00-04:00,3.627882170721492,3.6700668081422423,3.627882170721492,3.648974657058716,35100,0.0,0.0
2022-10-14 00:00:00-04:00,3.65600455901937,3.65600455901937,3.592727782687826,3.5997583866119385,29500,0.0,0.0
2022-10-17 00:00:00-04:00,3.648974657058716,3.684128353949159,3.634913111251799,3.648974657058716,46300,0.0,0.0
2022-10-18 00:00:00-04:00,3.648974657058716,3.677097748672549,3.648974657058716,3.648974657058716,33400,0.0,0.0
2022-10-19 00:00:00-04:00,3.6560057175559324,3.6770982065194473,3.6349135638461565,3.641944169998169,42100,0.0,0.0
2022-10-20 00:00:00-04:00,3.6700668567703327,3.6911593433870302,3.656005310777102,3.677097797393799,44300,0.0,0.0
2022-10-21 00:00:00-04:00,3.6560055250971346,3.677098012950302,3.6419439782795964,3.670067071914673,34200,0.0,0.0
2022-10-24 00:00:00-04:00,3.691159897259929,3.698190838938415,3.627882763168558,3.656005859375,25400,0.0,0.0
2022-10-25 00:00:00-04:00,3.6630355920863145,3.7052202224731445,3.6630355920863145,3.7052202224731445,37800,0.0,0.0
2022-10-26 00:00:00-04:00,3.726313063458863,3.726313063458863,3.6841280937636602,3.6981899738311768,30300,0.0,0.0
2022-10-27 00:00:00-04:00,3.6981899738311763,3.6981899738311763,3.6560050041359737,3.6981899738311768,29200,0.0,0.0
2022-10-28 00:00:00-04:00,3.7192844318711784,3.740376929810248,3.6770997712469202,3.7333459854125977,15100,0.0,0.0
2022-10-31 00:00:00-04:00,3.698190711721899,3.7544369021999335,3.6911597702852745,3.719282865524292,31100,0.0,0.0
2022-11-01 00:00:00-04:00,3.7333459854125977,3.8036537531196943,3.7192844318711784,3.7333459854125977,37500,0.0,0.0
2022-11-02 00:00:00-04:00,3.754436588405921,3.754436588405921,3.7263134955174184,3.74037504196167,48400,0.0,0.0
2022-11-03 00:00:00-04:00,3.7263147586704233,3.7966225147247314,3.705222264227218,3.7966225147247314,56900,0.0,0.0
2022-11-04 00:00:00-04:00,3.8317762631080248,3.895053411811059,3.789591609057278,3.8247456550598145,62600,0.0,0.0
2022-11-07 00:00:00-05:00,3.817714711757776,3.8528687577603122,3.817714711757776,3.8247456550598145,10300,0.0,0.0
2022-11-08 00:00:00-05:00,3.831775826309862,3.888022360552938,3.8106836693157753,3.8528683185577393,50500,0.0,0.0
2022-11-09 00:00:00-05:00,3.839408204457258,3.9244134698934356,3.8039891749684007,3.8181567192077637,36200,0.041,0.0
2022-11-10 00:00:00-05:00,3.853575272218396,3.9173293823030537,3.8110726447555767,3.8323237895965576,39600,0.0,0.0
2022-11-11 00:00:00-05:00,3.8394077297307896,3.8677428147060025,3.825240187243183,3.8323237895965576,20600,0.0,0.0
2022-11-14 00:00:00-05:00,3.825240660217895,3.825240660217895,3.7898216307290378,3.8181567192077637,21300,0.0,0.0
2022-11-15 00:00:00-05:00,3.853577141259654,3.881912239977804,3.8252420425415035,3.825242042541504,28600,0.0,0.0
2022-11-16 00:00:00-05:00,3.8464908664387796,3.8677423464879737,3.825239724170402,3.8606584072113037,35700,0.0,0.0
2022-11-17 00:00:00-05:00,3.8394086304342605,3.8394086304342605,3.7756545053932467,3.782738447189331,97900,0.0,0.0
2022-11-18 00:00:00-05:00,3.8394095919005786,3.860660747048681,3.7969069438233536,3.825242042541504,75800,0.0,0.0
2022-11-21 00:00:00-05:00,3.811073115978532,3.832324263447127,3.7969055717391686,3.8181567192077637,47400,0.0,0.0
2022-11-22 00:00:00-05:00,3.8039882441212085,3.8819098872604973,3.8039882441212085,3.8606584072113037,43000,0.0,0.0
2022-11-23 00:00:00-05:00,3.874828103056814,3.8889956517089397,3.839409400317003,3.8464930057525635,33500,0.0,0.0
2022-11-25 00:00:00-05:00,3.8394077297307896,3.860658874571771,3.8323237895965576,3.8323237895965576,2900,0.0,0.0
2022-11-28 00:00:00-05:00,3.839409587650018,3.881912235680189,3.839409587650018,3.853577136993408,43000,0.0,0.0
2022-11-29 00:00:00-05:00,3.8323258841800265,3.860660984641979,3.8252422779550592,3.839409828186035,24600,0.0,0.0
2022-11-30 00:00:00-05:00,3.825240205885855,3.896077918669122,3.818156265717099,3.888993978500366,61400,0.0,0.0
2022-12-01 00:00:00-05:00,3.8748270957205055,3.903162523439417,3.860659550751508,3.867743492126465,46500,0.0,0.0
2022-12-02 00:00:00-05:00,3.8677442070204995,3.896079302195809,3.846492716748528,3.8819117546081543,52300,0.0,0.0
2022-12-05 00:00:00-05:00,3.8819110370954624,3.903162523439417,3.860659550751508,3.867743492126465,57800,0.0,0.0
2022-12-06 00:00:00-05:00,3.860659550751508,3.8748270957205055,3.84649200578251,3.867743492126465,49900,0.0,0.0
2022-12-07 00:00:00-05:00,3.846491109520134,3.888993734523685,3.846491109520134,3.874826192855835,21600,0.0,0.0
2022-12-08 00:00:00-05:00,3.881912416019249,3.9244150660239336,3.87482847212795,3.9031639099121094,101000,0.0,0.0
2022-12-09 00:00:00-05:00,3.910311268224063,3.9174600816027363,3.8602709380700837,3.874568223953247,165400,0.05,0.0
2022-12-12 00:00:00-05:00,3.867419968405396,3.867419968405396,3.838825392514631,3.8459742069244385,39200,0.0,0.0
2022-12-13 00:00:00-05:00,3.8817153656408574,3.8888641765686147,3.8316750526428227,3.8316750526428223,70600,0.0,0.0
2022-12-14 00:00:00-05:00,3.8316761204151972,3.8316761204151972,3.781635452598273,3.7887842655181885,77500,0.0,0.0
2022-12-15 00:00:00-05:00,3.7816352518328706,3.795932536039503,3.760189495959993,3.774486780166626,68800,0.0,0.0
2022-12-16 00:00:00-05:00,3.745892177407458,3.803081659787977,3.745892177407458,3.767338275909424,37000,0.0,0.0
2022-12-19 00:00:00-05:00,3.795932536039503,3.810229820246136,3.753040683419605,3.774486780166626,87600,0.0,0.0
2022-12-20 00:00:00-05:00,3.7601897654326275,3.803081621126355,3.753040952379922,3.7816355228424072,39300,0.0,0.0
2022-12-21 00:00:00-05:00,3.781635613431313,3.8388247557262463,3.738743756710113,3.8173789978027344,59800,0.0,0.0
2022-12-22 00:00:00-05:00,3.7959317477210934,3.817377840014307,3.7673371852461908,3.8030805587768555,63900,0.0,0.0
2022-12-23 00:00:00-05:00,3.7887844266552677,3.8531220412999794,3.781635613431313,3.8173789978027344,24100,0.0,0.0
2022-12-27 00:00:00-05:00,3.817378590751464,3.8459731588498602,3.8030813067022655,3.810229778289795,55700,0.0,0.0
2022-12-28 00:00:00-05:00,3.817446010780181,3.8246625200669753,3.759715312894236,3.7741479873657227,63700,0.05,0.0
2022-12-29 00:00:00-05:00,3.7741482751829705,3.8030136263272203,3.7741482751829705,3.7813644409179688,54900,0.0,0.0
2022-12-30 00:00:00-05:00,3.795797635507179,3.8174464778119073,3.766931938930635,3.803013801574707,55200,0.0,0.0
2023-01-03 00:00:00-05:00,3.8030125580561127,3.824661737384082,3.7957963943481445,3.7957963943481445,48300,0.0,0.0
2023-01-04 00:00:00-05:00,3.810230247817812,3.831879089759324,3.7885810617741615,3.824662923812866,82600,0.0,0.0
2023-01-05 00:00:00-05:00,3.7957963943481445,3.824661737384082,3.788579886538144,3.7957963943481445,52400,0.0,0.0
2023-01-06 00:00:00-05:00,3.817447412848543,3.8390966045581174,3.810231245013504,3.8318800926208496,147000,0.0,0.0
2023-01-09 00:00:00-05:00,3.831878656432349,3.882393188753685,3.831878656432349,3.846311330795288,50300,0.0,0.0
2023-01-10 00:00:00-05:00,3.8390946820191747,3.8968253721980703,3.8390946820191747,3.875176191329956,49100,0.0,0.0
2023-01-11 00:00:00-05:00,3.8751777829516185,3.9329084968418018,3.8679616157664443,3.911259651184082,44600,0.0,0.0
2023-01-12 00:00:00-05:00,3.9112596511840816,3.918475818369256,3.88239429423899,3.911259651184082,86400,0.0,0.0
2023-01-13 00:00:00-05:00,3.89682743632787,3.968990837276078,3.89682743632787,3.9256927967071533,108900,0.0,0.0
2023-01-17 00:00:00-05:00,3.9256909445474313,3.9617724559469867,3.904041762426037,3.9184744358062744,42200,0.0,0.0
2023-01-18 00:00:00-05:00,3.968988959950752,3.968988959950752,3.9329071044921875,3.9329071044921875,43800,0.0,0.0
2023-01-19 00:00:00-05:00,3.918476284561213,3.9545581570864363,3.918476284561213,3.9256927967071533,25800,0.0,0.0
2023-01-20 00:00:00-05:00,3.932908401015126,4.005072135721758,3.9184757228942373,3.9762067794799805,64500,0.0,0.0
2023-01-23 00:00:00-05:00,3.9978535157107213,4.019502693523036,3.976204682000415,4.012286186218262,60700,0.0,0.0
2023-01-24 00:00:00-05:00,4.019504833626519,4.062802868202296,4.012288322479461,4.026721000671387,59400,0.0,0.0
2023-01-25 00:00:00-05:00,4.005072116851807,4.033937472957584,3.9978556057742685,4.005072116851807,43400,0.0,0.0
2023-01-26 00:00:00-05:00,4.005071437143894,4.07723481516136,4.005071437143894,4.0411529541015625,25100,0.0,0.0
2023-01-27 00:00:00-05:00,4.019504112747387,4.070018305308549,4.019504112747387,4.0411529541015625,16100,0.0,0.0
2023-01-30 00:00:00-05:00,4.005072116851807,4.113317030197379,3.990639438798918,4.005072116851807,59500,0.0,0.0
2023-01-31 00:00:00-05:00,4.005072136659372,4.077235527280709,4.005072136659372,4.055586338043213,18800,0.0,0.0
2023-02-01 00:00:00-05:00,4.055585095617022,4.055585095617022,4.005070909708172,4.04836893081665,92900,0.0,0.0
2023-02-02 00:00:00-05:00,4.070018751312243,4.127749460052503,4.041153396942112,4.098884105682373,79900,0.0,0.0
2023-02-03 00:00:00-05:00,4.113315780305705,4.1205322891904,4.062801594521169,4.077234268188477,146100,0.0,0.0
2023-02-06 00:00:00-05:00,4.070017759303781,4.113315780305705,4.070017759303781,4.077234268188477,69400,0.0,0.0
2023-02-07 00:00:00-05:00,4.091667393982953,4.1493980950313984,4.0844508843008365,4.134965419769287,44300,0.0,0.0
2023-02-08 00:00:00-05:00,4.106100069245064,4.1710472799756255,4.106100069245064,4.134965419769287,60300,0.0,0.0
2023-02-09 00:00:00-05:00,4.134966125983857,4.163831481438019,4.134966125983857,4.1493988037109375,77300,0.0,0.0
2023-02-10 00:00:00-05:00,4.129008302591123,4.179983490813159,4.1144439134930515,4.165419101715088,25300,0.052,0.0
2023-02-13 00:00:00-05:00,4.158137080787266,4.187265858983408,4.136290323518946,4.165419101715088,36400,0.0,0.0
2023-02-14 00:00:00-05:00,4.165419115614104,4.201830262101991,4.136290337320766,4.187265872955322,88700,0.0,0.0
2023-02-15 00:00:00-05:00,4.165419115614104,4.187265872955322,4.158137094661984,4.187265872955322,49800,0.0,0.0
2023-02-16 00:00:00-05:00,4.172701469885337,4.187265858983408,4.150854712617017,4.165419101715088,18600,0.0,0.0
2023-02-17 00:00:00-05:00,4.136289614275562,4.17270075439859,4.129007594596376,4.158136367797852,35500,0.0,0.0
2023-02-21 00:00:00-05:00,4.165418838002339,4.172701205711541,4.085314876655543,4.099879264831543,59400,0.0,0.0
2023-02-22 00:00:00-05:00,4.1071618870526905,4.121726277362568,4.099879865518979,4.114444255828857,22200,0.0,0.0
2023-02-23 00:00:00-05:00,4.114444014964364,4.129008404421626,4.107161646614515,4.121726036071777,12000,0.0,0.0
2023-02-24 00:00:00-05:00,4.121725685177422,4.143572441124655,4.078032520525363,4.136290073394775,57100,0.0,0.0
2023-02-27 00:00:00-05:00,4.136290073394775,4.150854461612129,4.129008052907301,4.136290073394775,45900,0.0,0.0
2023-02-28 00:00:00-05:00,4.13628924856758,4.179982404506685,4.121724863254546,4.150853633880615,78000,0.0,0.0
2023-03-01 00:00:00-05:00,4.129007594596376,4.17270075439859,4.129007594596376,4.158136367797852,44800,0.0,0.0
2023-03-02 00:00:00-05:00,4.136290073394775,4.158136829342008,4.136290073394775,4.136290073394775,77800,0.0,0.0
2023-03-03 00:00:00-05:00,4.129007229532231,4.16541801919365,4.114442844219196,4.150853633880615,46200,0.0,0.0
2023-03-06 00:00:00-05:00,4.1362894869403295,4.172700625942444,4.12900746748532,4.143571853637695,204800,0.0,0.0
2023-03-07 00:00:00-05:00,4.1362894869403295,4.179982645397454,4.12900746748532,4.143571853637695,88500,0.0,0.0
2023-03-08 00:00:00-05:00,4.136291168178334,4.194549083709717,4.1144447536912505,4.194549083709717,51000,0.0,0.0
2023-03-09 00:00:00-05:00,4.172701446100572,4.194548203244364,4.107161521911621,4.107161521911621,129200,0.0,0.0
2023-03-10 00:00:00-05:00,4.109365921375644,4.175527207667147,4.006447741746422,4.01379919052124,74400,0.053,0.0
2023-03-13 00:00:00-04:00,3.977043265050033,3.9990972642614118,3.8594228706864824,3.866774320602417,90200,0.0,0.0
2023-03-14 00:00:00-04:00,3.8814760002784734,3.9476372820167542,3.8814760002784734,3.903529644012451,52200,0.0,0.0
2023-03-15 00:00:00-04:00,3.88882796927737,3.8961794191933046,3.8520714207705478,3.866774320602417,55800,0.0,0.0
2023-03-16 00:00:00-04:00,3.844721328036284,3.9182340937610043,3.844721328036284,3.874126434326172,86900,0.0,0.0
2023-03-17 00:00:00-04:00,3.866774320602417,3.88882796927737,3.8594228706864824,3.866774320602417,105500,0.0,0.0
2023-03-20 00:00:00-04:00,3.91823403988287,3.9255854916225137,3.8594238281117708,3.8814778327941895,74700,0.0,0.0
2023-03-21 00:00:00-04:00,3.888828701592761,3.9255852570213055,3.866775048764828,3.8961801528930664,63300,0.0,0.0
2023-03-22 00:00:00-04:00,3.896178546279908,3.9182321900138857,3.896178546279908,3.903529644012451,23900,0.0,0.0
2023-03-23 00:00:00-04:00,3.8888289339973205,3.9402880445652886,3.8814778327941895,3.8814778327941895,33200,0.0,0.0
2023-03-24 00:00:00-04:00,3.881477886166903,3.8961804393118467,3.8520724293404975,3.874126434326172,38500,0.0,0.0
2023-03-27 00:00:00-04:00,3.8741262021611855,3.9182338589527754,3.8741262021611855,3.888828754425049,55000,0.0,0.0
2023-03-28 00:00:00-04:00,3.903531535182148,3.903531535182148,3.859423875808716,3.859423875808716,39200,0.0,0.0
2023-03-29 00:00:00-04:00,3.866775101297502,3.910882758089092,3.866775101297502,3.888828754425049,46600,0.0,0.0
2023-03-30 00:00:00-04:00,3.9182331562042236,3.932935705831134,3.9035306065773128,3.9182331562042236,44900,0.0,0.0
2023-03-31 00:00:00-04:00,3.9255850911057197,3.9549901939911463,3.9255850911057197,3.932936191558838,115500,0.0,0.0
2023-04-03 00:00:00-04:00,3.925584396503199,3.969692043026824,3.925584396503199,3.9623405933380127,87400,0.0,0.0
2023-04-04 00:00:00-04:00,3.9549901939911463,3.9770438458869783,3.932936191558838,3.932936191558838,93100,0.0,0.0
2023-04-05 00:00:00-04:00,3.9329363577851195,3.940287809085425,3.888828701592761,3.8961801528930664,103200,0.0,0.0
2023-04-06 00:00:00-04:00,3.888828701592761,3.9035312536568805,3.888828701592761,3.8961801528930664,53000,0.0,0.0
2023-04-10 00:00:00-04:00,3.8814764241039623,3.925584066924459,3.8814764241039623,3.910881519317627,64400,0.0,0.0
2023-04-11 00:00:00-04:00,3.9108825396630063,3.9402876425484332,3.9108825396630063,3.932936191558838,62400,0.0,0.0
2023-04-12 00:00:00-04:00,3.950012683868408,3.9648623409713677,3.9277380211920936,3.950012683868408,116300,0.053,0.0
2023-04-13 00:00:00-04:00,3.9500129270505724,3.979712243084926,3.9500129270505724,3.964862585067749,85600,0.0,0.0
2023-04-14 00:00:00-04:00,3.964862585067749,3.979712243084926,3.9500129270505724,3.964862585067749,43200,0.0,0.0
2023-04-17 00:00:00-04:00,3.964862764136103,3.97228741645813,3.950013105448259,3.97228741645813,47400,0.0,0.0
2023-04-18 00:00:00-04:00,3.9797121938726354,4.009411509539733,3.9797121938726354,4.001986503601074,138900,0.0,0.0
2023-04-19 00:00:00-04:00,3.987136845767525,4.001986503601074,3.9797121938726354,4.001986503601074,40300,0.0,0.0
2023-04-20 00:00:00-04:00,4.0094122886657715,4.02426194938497,3.994562627946573,4.0094122886657715,43200,0.0,0.0
2023-04-21 00:00:00-04:00,3.987137075145974,3.9945620815117913,3.9574377577702857,3.97228741645813,57000,0.0,0.0
2023-04-24 00:00:00-04:00,3.9574377577702857,3.9945620815117913,3.9574377577702857,3.97228741645813,58000,0.0,0.0
2023-04-25 00:00:00-04:00,3.9722854864940373,3.9722854864940373,3.9277365320749413,3.9425861835479736,118400,0.0,0.0
2023-04-26 00:00:00-04:00,3.927739143371582,3.950013812411908,3.9128894820259825,3.927739143371582,64600,0.0,0.0
2023-04-27 00:00:00-04:00,3.9203118833602346,3.9574358350210055,3.9203118833602346,3.9425861835479736,54500,0.0,0.0
2023-04-28 00:00:00-04:00,3.9277380211920936,3.9574373353980117,3.9277380211920936,3.950012683868408,58400,0.0,0.0
2023-05-01 00:00:00-04:00,3.9351624943839423,3.972286455097026,3.9351624943839423,3.9574368000030518,65100,0.0,0.0
2023-05-02 00:00:00-04:00,3.942588804717182,3.9574384660627815,3.905464828375109,3.927739143371582,82600,0.0,0.0
2023-05-03 00:00:00-04:00,3.920314489720709,3.9574384660627815,3.920314489720709,3.927739143371582,100600,0.0,0.0
2023-05-04 00:00:00-04:00,3.9203152048958136,3.9648641970595944,3.9054655408412198,3.9128901958465576,74200,0.0,0.0
2023-05-05 00:00:00-04:00,3.927739143371582,3.9574384660627815,3.920314489720709,3.927739143371582,58000,0.0,0.0
2023-05-08 00:00:00-04:00,3.950013874760535,3.9722881901085945,3.935164213180542,3.935164213180542,25700,0.0,0.0
2023-05-09 00:00:00-04:00,3.9425871449090772,3.9574368000030518,3.927737489815103,3.9574368000030518,46500,0.0,0.0
2023-05-10 00:00:00-04:00,3.9746874692776872,3.9746874692776872,3.952189081785287,3.959688663482666,25000,0.053,0.0
2023-05-11 00:00:00-04:00,3.952189232607851,3.952189232607851,3.91469203788947,3.922191619873047,28900,0.0,0.0
2023-05-12 00:00:00-04:00,3.92219102906557,3.9371898331736723,3.9146914482116704,3.91469144821167,43700,0.0,0.0
2023-05-15 00:00:00-04:00,3.9146915456899376,3.9446895122528076,3.9146915456899376,3.9446895122528076,40500,0.0,0.0
2023-05-16 00:00:00-04:00,3.929688579077313,3.9446877343985447,3.9071905612945557,3.9071905612945557,23400,0.0,0.0
2023-05-17 00:00:00-04:00,3.922191126730582,3.9521887356937455,3.9146915456899376,3.9446895122528076,27000,0.0,0.0
2023-05-18 00:00:00-04:00,3.9596883167343897,3.9746871212159713,3.9146915456899376,3.9446895122528076,94600,0.0,0.0
2023-05-19 00:00:00-04:00,3.9596885679072438,3.9596885679072438,3.9221913755248963,3.9296905994415283,24700,0.0,0.0
2023-05-22 00:00:00-04:00,3.92969023660468,3.9596882023006184,3.92969023660468,3.937189817428589,24300,0.0,0.0
2023-05-23 00:00:00-04:00,3.92219102906557,3.944689414027572,3.9146914482116704,3.91469144821167,64500,0.0,0.0
2023-05-24 00:00:00-04:00,3.9146914482116704,3.9296902523197725,3.9071922249574675,3.91469144821167,50400,0.0,0.0
2023-05-25 00:00:00-04:00,3.9146897813556265,3.929688579077313,3.8996909836339397,3.9071905612945557,61700,0.0,0.0
2023-05-26 00:00:00-04:00,3.907192570091903,3.9371901809578893,3.907192570091903,3.9296905994415283,25400,0.0,0.0
2023-05-30 00:00:00-04:00,3.929688579077313,3.9371881567379288,3.9071905612945557,3.9071905612945557,63400,0.0,0.0
2023-05-31 00:00:00-04:00,3.907192570091903,3.9371901809578893,3.899692988575542,3.9296905994415283,80100,0.0,0.0
2023-06-01 00:00:00-04:00,3.9146918884978654,3.967187887580308,3.907192664400224,3.959688663482666,40600,0.0,0.0
2023-06-02 00:00:00-04:00,3.9671862009072694,4.012182599161844,3.9671862009072694,3.9971837997436523,20400,0.0,0.0
2023-06-05 00:00:00-04:00,4.0346812076544625,4.042180428992315,4.004683607103839,4.01968240737915,80700,0.0,0.0
2023-06-06 00:00:00-04:00,4.004683491433684,4.042180312239112,3.9971839127128415,4.012182712554932,29600,0.0,0.0
2023-06-07 00:00:00-04:00,4.012184250287069,4.064680248654093,4.012184250287069,4.0271830558776855,65400,0.0,0.0
2023-06-08 00:00:00-04:00,4.042181861468302,4.042181861468302,4.012184250287069,4.0271830558776855,40400,0.0,0.0
2023-06-09 00:00:00-04:00,4.052176622328355,4.052176622328355,4.021880003037856,4.0370283126831055,40600,0.053,0.0
2023-06-12 00:00:00-04:00,4.0370286085100995,4.052176919265393,4.006731986999512,4.006731986999512,54200,0.0,0.0
2023-06-13 00:00:00-04:00,4.02187967300415,4.04460231618951,4.014305699385138,4.02187967300415,27400,0.0,0.0
2023-06-14 00:00:00-04:00,4.021879471203971,4.0446021132492085,3.999157190322876,3.999157190322876,74100,0.0,0.0
2023-06-15 00:00:00-04:00,4.006731693392606,4.0370283126831055,4.006731693392606,4.0370283126831055,72800,0.0,0.0
2023-06-16 00:00:00-04:00,4.021880003037856,4.052176622328355,4.014306028797326,4.0370283126831055,54100,0.0,0.0
2023-06-20 00:00:00-04:00,4.059749888902047,4.059749888902047,4.014304971930812,4.029453277587891,50300,0.0,0.0
2023-06-21 00:00:00-04:00,4.014305699385138,4.04460231618951,4.014305699385138,4.02187967300415,88900,0.0,0.0
2023-06-22 00:00:00-04:00,4.021880003037856,4.052176622328355,4.014306028797326,4.0370283126831055,24500,0.0,0.0
2023-06-23 00:00:00-04:00,4.037027981406337,4.052176289808523,3.961286439395405,4.02187967300415,109900,0.0,0.0
2023-06-26 00:00:00-04:00,4.014304971930812,4.044601583244969,4.014304971930812,4.029453277587891,43700,0.0,0.0
2023-06-27 00:00:00-04:00,4.02187927632264,4.05217589013883,4.02187927632264,4.044601917266846,33000,0.0,0.0
2023-06-28 00:00:00-04:00,4.0370284232920906,4.105195999145508,4.0370284232920906,4.105195999145508,59900,0.0,0.0
2023-06-29 00:00:00-04:00,4.090047542949208,4.150640781025402,4.090047542949208,4.120344161987305,40600,0.0,0.0
2023-06-30 00:00:00-04:00,4.135492324829102,4.1506406338108714,4.11276968077436,4.135492324829102,42700,0.0,0.0
2023-07-03 00:00:00-04:00,4.143067104798606,4.150641441345215,4.1354931294162425,4.150641441345215,18800,0.0,0.0
2023-07-05 00:00:00-04:00,4.127918243408203,4.150640888859205,4.120344269034001,4.127918243408203,57200,0.0,0.0
2023-07-06 00:00:00-04:00,4.12034397714552,4.150640594824488,4.090047359466553,4.090047359466553,64000,0.0,0.0
2023-07-07 00:00:00-04:00,4.097621663533261,4.135492619266093,4.097621663533261,4.105195999145508,41700,0.0,0.0
2023-07-10 00:00:00-04:00,4.173363534310207,4.173363534310207,4.1051959591213985,4.127918243408203,36200,0.0,0.0
2023-07-11 00:00:00-04:00,4.127918243408203,4.150640888859205,4.120344269034001,4.127918243408203,106100,0.0,0.0
2023-07-12 00:00:00-04:00,4.1608076095581055,4.168455963227875,4.137861819126864,4.1608076095581055,92400,0.053,0.0
2023-07-13 00:00:00-04:00,4.153158664703369,4.168455735919717,4.145510311450668,4.153158664703369,53900,0.0,0.0
2023-07-14 00:00:00-04:00,4.145511289149039,4.153159644205566,4.130214214324951,4.130214214324951,77400,0.0,0.0
2023-07-17 00:00:00-04:00,4.137861593487021,4.153158664703369,4.13021324023432,4.153158664703369,64300,0.0,0.0
2023-07-18 00:00:00-04:00,4.168455141043161,4.176103857915266,4.1302126508153165,4.145509719848633,77700,0.0,0.0
2023-07-19 00:00:00-04:00,4.137862569381479,4.160808363973126,4.122565494557391,4.130214214324951,69600,0.0,0.0
2023-07-20 00:00:00-04:00,4.153159644205566,4.153159644205566,4.122565494557391,4.130214214324951,72000,0.0,0.0
2023-07-21 00:00:00-04:00,4.122563933943211,4.160806788881949,4.122563933943211,4.145509719848633,111300,0.0,0.0
2023-07-24 00:00:00-04:00,4.1531598163687455,4.183753967285156,4.1531598163687455,4.183753967285156,44300,0.0,0.0
2023-07-25 00:00:00-04:00,4.191402574313169,4.191402574313169,4.168456779389264,4.176105499267578,72200,0.0,0.0
2023-07-26 00:00:00-04:00,4.191401481628418,4.191401481628418,4.16080733951303,4.191401481628418,80100,0.0,0.0
2023-07-27 00:00:00-04:00,4.1914026873697825,4.1914026873697825,4.176105611911577,4.183753967285156,73000,0.0,0.0
2023-07-28 00:00:00-04:00,4.19140062459381,4.221994760453477,4.18375190827346,4.214346408843994,98600,0.0,0.0
2023-07-31 00:00:00-04:00,4.214347545637573,4.275535833862059,4.214347545637573,4.267887115478516,115000,0.0,0.0
2023-08-01 00:00:00-04:00,4.275535833862059,4.283184187534637,4.2219958993101505,4.267887115478516,58000,0.0,0.0
2023-08-02 00:00:00-04:00,4.2602386474609375,4.275535719106485,4.237292857637138,4.2602386474609375,70800,0.0,0.0
2023-08-03 00:00:00-04:00,4.260238987466859,4.290833133199645,4.252590268678169,4.275536060333252,100300,0.0,0.0
2023-08-04 00:00:00-04:00,4.2831848157436525,4.3520218324479165,4.2831848157436525,4.336724758148193,113700,0.0,0.0
2023-08-07 00:00:00-04:00,4.374967261541991,4.382615981047362,4.313778964343099,4.336724758148193,210500,0.0,0.0
2023-08-08 00:00:00-04:00,4.3367217694029785,4.367315896917822,4.290830578130712,4.3520188331604,175300,0.0,0.0
2023-08-09 00:00:00-04:00,4.367318906747639,4.367318906747639,4.329076038642822,4.336724758148193,85000,0.0,0.0
2023-08-10 00:00:00-04:00,4.364533083250742,4.387707388530632,4.333633763978262,4.349083423614502,88500,0.056,0.0
2023-08-11 00:00:00-04:00,4.3104589563203435,4.372257592943743,4.302734310916883,4.364532947540283,103600,0.0,0.0
2023-08-14 00:00:00-04:00,4.37225846294891,4.3954331404685165,4.318184829318166,4.3413591384887695,88900,0.0,0.0
2023-08-15 00:00:00-04:00,4.341358798746856,4.3490838134318555,4.310459476704805,4.32590913772583,29100,0.0,0.0
2023-08-16 00:00:00-04:00,4.333633899688721,4.356808205694329,4.31045922533416,4.333633899688721,49800,0.0,0.0
2023-08-17 00:00:00-04:00,4.33363415241083,4.356808459767882,4.318184491389805,4.32590913772583,79500,0.0,0.0
2023-08-18 00:00:00-04:00,4.333633629228584,4.403156911255443,4.318183970072734,4.364532947540283,181300,0.0,0.0
2023-08-21 00:00:00-04:00,4.379982337186646,4.395431995391846,4.372257323909592,4.395431995391846,44000,0.0,0.0
2023-08-22 00:00:00-04:00,4.403158270529676,4.457232278442499,4.3877086066044475,4.426332950592041,95700,0.0,0.0
2023-08-23 00:00:00-04:00,4.434055328369141,4.4572299965672535,4.38770636032177,4.434055328369141,27800,0.0,0.0
2023-08-24 00:00:00-04:00,4.410882112386066,4.449506446090951,4.410882112386066,4.418606758117676,43900,0.0,0.0
2023-08-25 00:00:00-04:00,4.426332534946009,4.488131184843843,4.426332534946009,4.472681522369385,61000,0.0,0.0
2023-08-28 00:00:00-04:00,4.47268188493255,4.511306228424156,4.441782557478881,4.464957237243652,85100,0.0,0.0
2023-08-29 00:00:00-04:00,4.457231521606445,4.4804061977337595,4.4417818603045625,4.457231521606445,34100,0.0,0.0
2023-08-30 00:00:00-04:00,4.449506446090951,4.457231091822561,4.395432452573901,4.418606758117676,148500,0.0,0.0
2023-08-31 00:00:00-04:00,4.418605672353351,4.511303976796945,4.38770636032177,4.434055328369141,82600,0.0,0.0
2023-09-01 00:00:00-04:00,4.449506875129995,4.488130844210211,4.410882537700798,4.457231521606445,74300,0.0,0.0
2023-09-05 00:00:00-04:00,4.449507212832201,4.526755525204495,4.418607519534275,4.472681522369385,177300,0.0,0.0
2023-09-06 00:00:00-04:00,4.480406537781119,4.519030509792761,4.4340571820087336,4.472681522369385,96800,0.0,0.0
2023-09-07 00:00:00-04:00,4.503582095213736,4.503582095213736,4.441783428192139,4.441783428192139,90100,0.0,0.0
2023-09-08 00:00:00-04:00,4.46986439741538,4.524470204410254,4.4386611854102025,4.485466003417969,144400,0.056,0.0
2023-09-11 00:00:00-04:00,4.493268473157686,4.5244716954458575,4.493268473157686,4.5166707038879395,65900,0.0,0.0
2023-09-12 00:00:00-04:00,4.524471308129718,4.540072917938232,4.516670317239602,4.540072917938232,40300,0.0,0.0
2023-09-13 00:00:00-04:00,4.547873511555704,4.563475121277422,4.516670292112267,4.524471282958984,87500,0.0,0.0
2023-09-14 00:00:00-04:00,4.5478730470232405,4.586877253329397,4.5478730470232405,4.563474655151367,95200,0.0,0.0
2023-09-15 00:00:00-04:00,4.547873926176111,4.571276528878115,4.485467481599768,4.5166707038879395,93900,0.0,0.0
2023-09-18 00:00:00-04:00,4.532272315032025,4.540073306589943,4.485467481599768,4.5166707038879395,81600,0.0,0.0
2023-09-19 00:00:00-04:00,4.532271901833985,4.532271901833985,4.493268063515547,4.524471282958984,29800,0.0,0.0
2023-09-20 00:00:00-04:00,4.524470779126947,4.547873005117662,4.508869171142578,4.508869171142578,51300,0.0,0.0
2023-09-21 00:00:00-04:00,4.524471282958984,4.540072892680703,4.501068682390549,4.524471282958984,68300,0.0,0.0
2023-09-22 00:00:00-04:00,4.547872749070622,4.633681774139404,4.50886891729147,4.633681774139404,131700,0.0,0.0
2023-09-25 00:00:00-04:00,4.625881286770489,4.66488549475546,4.563474851571892,4.6492838859558105,98200,0.0,0.0
2023-09-26 00:00:00-04:00,4.6258811811616365,4.664885388256141,4.571275737595354,4.586877346038818,57700,0.0,0.0
2023-09-27 00:00:00-04:00,4.594678017077329,4.649283833242834,4.563474799831808,4.6180806159973145,111400,0.0,0.0
2023-09-28 00:00:00-04:00,4.641482391706573,4.641482391706573,4.571275345715438,4.633681774139404,78800,0.0,0.0
2023-09-29 00:00:00-04:00,4.664884931848992,4.664884931848992,4.563474300902532,4.602478504180908,47800,0.0,0.0
2023-10-02 00:00:00-04:00,4.633682077713777,4.649283685841904,4.563474655151367,4.563474655151367,136400,0.0,0.0
2023-10-03 00:00:00-04:00,4.563475537320197,4.5868781400222005,4.493268473157686,4.5166707038879395,60500,0.0,0.0
2023-10-04 00:00:00-04:00,4.540072520708424,4.586877346038818,4.5244709122649605,4.586877346038818,114900,0.0,0.0
2023-10-05 00:00:00-04:00,4.641483783721924,4.649284775600322,4.5634757247967705,4.641483783721924,85500,0.0,0.0
2023-10-06 00:00:00-04:00,4.6258804532757045,4.7740958961526445,4.6024782302787095,4.711689472198486,240300,0.0,0.0
2023-10-09 00:00:00-04:00,4.727292272334627,4.735093263285297,4.586877782968074,4.5946784019470215,213000,0.0,0.0
2023-10-10 00:00:00-04:00,4.5946784019470215,4.664885832616159,4.55567456310884,4.5946784019470215,141900,0.0,0.0
2023-10-11 00:00:00-04:00,4.6466574302276396,4.670284291221233,4.5757760961624925,4.591527462005615,75700,0.056,0.0
2023-10-12 00:00:00-04:00,4.5994033326982695,4.670284291221233,4.567900601012022,4.591527462005615,91600,0.0,0.0
2023-10-13 00:00:00-04:00,4.615153787744899,4.646656513214111,4.607277918606541,4.646656513214111,43800,0.0,0.0
2023-10-16 00:00:00-04:00,4.654532970412294,4.66240884118115,4.6072788724257245,4.61515474319458,109500,0.0,0.0
2023-10-17 00:00:00-04:00,4.6230292813411475,4.701786095014177,4.583651062275687,4.646656513214111,229000,0.0,0.0
2023-10-18 00:00:00-04:00,4.646657458702975,4.678160190582275,4.6387815879620575,4.678160190582275,101600,0.0,0.0
2023-10-19 00:00:00-04:00,4.717539386752248,4.717539386752248,4.646658413234322,4.662409782409668,152800,0.0,0.0
2023-10-20 00:00:00-04:00,4.65453292537811,4.662408796070763,4.591527462005615,4.591527462005615,95900,0.0,0.0
2023-10-23 00:00:00-04:00,4.599402867071736,4.599402867071736,4.473391577541481,4.512770175933838,209600,0.0,0.0
2023-10-24 00:00:00-04:00,4.528521577044145,4.623029763304515,4.528521577044145,4.599402904510498,88000,0.0,0.0
2023-10-25 00:00:00-04:00,4.6072792862031715,4.6072792862031715,4.489143842855968,4.504895210266113,98800,0.0,0.0
2023-10-26 00:00:00-04:00,4.512770627989904,4.512770627989904,4.40251106720532,4.410386562347412,71500,0.0,0.0
2023-10-27 00:00:00-04:00,4.441889294000151,4.465516530510797,4.40251106720532,4.410386562347412,57600,0.0,0.0
2023-10-30 00:00:00-04:00,4.473391106337106,4.544272425760211,4.426137018569071,4.481266975402832,54600,0.0,0.0
2023-10-31 00:00:00-04:00,4.50489576588038,4.567901618834052,4.481268899622237,4.552150249481201,60500,0.0,0.0
2023-11-01 00:00:00-04:00,4.583652420689474,4.6781606251056145,4.567901053286784,4.654533386230469,78000,0.0,0.0
2023-11-02 00:00:00-04:00,4.686035665622299,4.7569169998168945,4.6624088045855565,4.7569169998168945,98500,0.0,0.0
2023-11-03 00:00:00-04:00,4.764792444939855,4.796295173869858,4.709662481541274,4.7490410804748535,104300,0.0,0.0
2023-11-06 00:00:00-05:00,4.780544684047727,4.788420179950044,4.6545333697306805,4.70178747177124,84900,0.0,0.0
2023-11-07 00:00:00-05:00,4.701787981239127,4.804172067858734,4.686036612185515,4.741166591644287,151100,0.0,0.0
2023-11-08 00:00:00-05:00,4.812047481536865,4.835674345094357,4.749042011327254,4.812047481536865,142900,0.0,0.0
2023-11-09 00:00:00-05:00,4.827797900147164,4.843549264603511,4.764792442321777,4.764792442321777,61800,0.0,0.0
2023-11-10 00:00:00-05:00,4.793410401592955,4.833156527684972,4.76161297004827,4.785460948944092,87200,0.056,0.0
2023-11-13 00:00:00-05:00,4.817256498526107,4.920597076416016,4.745712963209917,4.920597076416016,124600,0.0,0.0
2023-11-14 00:00:00-05:00,4.928547378702678,4.968293881373967,4.793410103531929,4.801359176635742,148900,0.0,0.0
2023-11-15 00:00:00-05:00,4.8252078112389745,4.857004866086448,4.785461303154236,4.817258358001709,74100,0.0,0.0
2023-11-16 00:00:00-05:00,4.809309283815238,4.841106338662711,4.785461303154236,4.817258358001709,62200,0.0,0.0
2023-11-17 00:00:00-05:00,4.849054041312602,4.888800538155194,4.817256995458803,4.864952564239502,84600,0.0,0.0
2023-11-20 00:00:00-05:00,4.888801215911379,4.944445864344449,4.841105640518432,4.857004165649414,150900,0.0,0.0
2023-11-21 00:00:00-05:00,4.841107018725843,4.857005548382953,4.801360505057643,4.809309959411621,69800,0.0,0.0
2023-11-22 00:00:00-05:00,4.841107018725843,4.841107018725843,4.785461975400532,4.809309959411621,77500,0.0,0.0
2023-11-24 00:00:00-05:00,4.825206279754639,4.8649523961734635,4.809307757376974,4.825206279754639,28600,0.0,0.0
2023-11-27 00:00:00-05:00,4.825206279754639,4.833155351418134,4.809307757376974,4.825206279754639,48500,0.0,0.0
2023-11-28 00:00:00-05:00,4.817256633449734,4.872901649037592,4.817256633449734,4.833155155181885,43400,0.0,0.0
2023-11-29 00:00:00-05:00,4.8252088376635465,4.86495497515234,4.80136085192957,4.841107368469238,90400,0.0,0.0
2023-11-30 00:00:00-05:00,4.817256957811179,4.833155480613829,4.7616119384765625,4.7616119384765625,81000,0.0,0.0
2023-12-01 00:00:00-05:00,4.753662546521128,4.849053676914036,4.753662546521128,4.833155155181885,21100,0.0,0.0
2023-12-04 00:00:00-05:00,4.833156752408619,4.857004732413283,4.721867063505347,4.7457146644592285,294700,0.0,0.0
2023-12-05 00:00:00-05:00,4.769562422697132,4.785460948944092,4.76161297004827,4.785460948944092,89700,0.0,0.0
2023-12-06 00:00:00-05:00,4.769562775730499,4.8252078112389745,4.769562775730499,4.817258358001709,84400,0.0,0.0
2023-12-07 00:00:00-05:00,4.809307923520696,4.864952564239502,4.785459949605004,4.864952564239502,74100,0.0,0.0
2023-12-08 00:00:00-05:00,4.849697642882117,4.946049160401574,4.849697642882117,4.897873401641846,52700,0.061,0.0
2023-12-11 00:00:00-05:00,4.889842530971685,4.905901111415486,4.857725370084085,4.881813049316406,61700,0.0,0.0
2023-12-12 00:00:00-05:00,4.90590238571167,4.954078139556605,4.8577266318667345,4.90590238571167,40800,0.0,0.0
2023-12-13 00:00:00-05:00,4.9219608533315515,4.9299899540147605,4.881814201314963,4.913931369781494,81200,0.0,0.0
2023-12-14 00:00:00-05:00,4.897873482285814,5.018313072601634,4.897873482285814,5.002254486083984,95000,0.0,0.0
2023-12-15 00:00:00-05:00,5.010284423828125,5.010284423828125,4.94605006704063,5.010284423828125,48700,0.0,0.0
2023-12-18 00:00:00-05:00,5.018313407897949,5.050430583079142,4.962108159897398,5.018313407897949,130000,0.0,0.0
2023-12-19 00:00:00-05:00,5.002255084680119,5.058460335651158,4.921962142483597,4.929991245269775,92600,0.0,0.0
2023-12-20 00:00:00-05:00,4.95407917566681,4.986196351613844,4.913932514299548,4.946049690246582,56500,0.0,0.0
2023-12-21 00:00:00-05:00,4.962107580380036,4.994224751810311,4.905902721810497,4.921961307525635,103200,0.0,0.0
2023-12-22 00:00:00-05:00,4.938020446050568,5.058460043830714,4.938020446050568,5.026342868804932,108600,0.0,0.0
2023-12-26 00:00:00-05:00,5.042401172150645,5.082547447236944,5.034371687413241,5.058459758758545,108700,0.0,0.0
2023-12-27 00:00:00-05:00,5.083594116768254,5.107917703777421,5.059270529759088,5.067378520965576,41600,0.061,0.0
2023-12-28 00:00:00-05:00,5.091701836141055,5.091701836141055,5.043054664719876,5.083593845367432,25900,0.0,0.0
2023-12-29 00:00:00-05:00,5.091702246783498,5.21331902531392,5.043055071438958,5.116025447845459,239600,0.0,0.0
2024-01-02 00:00:00-05:00,5.067378123987425,5.180887285713868,5.067378123987425,5.14845609664917,61300,0.0,0.0
2024-01-03 00:00:00-05:00,5.107917579814663,5.124133175223809,5.051162802577508,5.091701984405518,77800,0.0,0.0
2024-01-04 00:00:00-05:00,5.075486512172065,5.083594116768254,5.010623742351054,5.067378520965576,96500,0.0,0.0
2024-01-05 00:00:00-05:00,5.067378397986654,5.116025184214092,5.051162802577508,5.091701984405518,63300,0.0,0.0
2024-01-08 00:00:00-05:00,5.1160245792338,5.1971025466918945,5.107916975793113,5.1971025466918945,54200,0.0,0.0
2024-01-09 00:00:00-05:00,5.156565463820994,5.164673069946446,5.116026273362614,5.140349864959717,78900,0.0,0.0
2024-01-10 00:00:00-05:00,5.116025184214092,5.124133175223809,5.059270406976936,5.091701984405518,104100,0.0,0.0
2024-01-11 00:00:00-05:00,5.059270529759088,5.107917703777421,5.0268393381537315,5.067378520965576,106000,0.0,0.0
2024-01-12 00:00:00-05:00,5.034948075196155,5.075487264013143,5.002516878786707,5.051163673400879,137900,0.0,0.0
2024-01-16 00:00:00-05:00,5.067378794654454,5.213319164760787,5.051163197975972,5.164672374725342,199900,0.0,0.0
2024-01-17 00:00:00-05:00,5.164672587571839,5.270074163630938,5.14845699022508,5.25385856628418,192800,0.0,0.0
2024-01-18 00:00:00-05:00,5.221425683858482,5.310611633743065,5.172778907542404,5.2700724601745605,128600,0.0,0.0
2024-01-19 00:00:00-05:00,5.2700738099585775,5.294397397651538,5.188995828665893,5.22953462600708,72500,0.0,0.0
2024-01-22 00:00:00-05:00,5.270074220551227,5.270074220551227,5.188996232941737,5.261966228485107,72300,0.0,0.0
2024-01-23 00:00:00-05:00,5.253857941423169,5.278181527855581,5.229534354990758,5.2457499504089355,68100,0.0,0.0
2024-01-24 00:00:00-05:00,5.278180807247331,5.310611993655989,5.261964827432764,5.29439640045166,57300,0.0,0.0
2024-01-25 00:00:00-05:00,5.3025051636840645,5.31061315536499,5.2862895669325365,5.31061315536499,36800,0.0,0.0
2024-01-26 00:00:00-05:00,5.326828125058904,5.351151324017784,5.286288944647066,5.302504539489746,46600,0.0,0.0
2024-01-29 00:00:00-05:00,5.294396041637706,5.302503644385279,5.237641275963842,5.2700724601745605,73300,0.0,0.0
2024-01-30 00:00:00-05:00,5.302502993938788,5.326826572418213,5.278179802069528,5.326826572418213,62500,0.0,0.0
2024-01-31 00:00:00-05:00,5.310610982301984,5.359257752650669,5.310610982301984,5.326826572418213,41900,0.0,0.0
2024-02-01 00:00:00-05:00,5.351153023780574,5.399799823760986,5.326829817095567,5.399799823760986,56300,0.0,0.0
2024-02-02 00:00:00-05:00,5.416013033356373,5.416013033356373,5.359258651733398,5.359258651733398,61200,0.0,0.0
2024-02-05 00:00:00-05:00,5.3835842237675156,5.432231023747928,5.359261017082509,5.399799823760986,82300,0.0,0.0
2024-02-06 00:00:00-05:00,5.416013653903196,5.488984023333672,5.391690455166553,5.448444843292236,126300,0.0,0.0
2024-02-07 00:00:00-05:00,5.480877582953225,5.497093181090527,5.44033839430479,5.464661598205566,92300,0.0,0.0
2024-02-08 00:00:00-05:00,5.472768428639153,5.545738798069628,5.432229248597716,5.448444843292236,141300,0.0,0.0
2024-02-09 00:00:00-05:00,5.456552420298718,5.47276801376398,5.351150869469397,5.375474452972412,115600,0.0,0.0
2024-02-12 00:00:00-05:00,5.425392948228689,5.433575841636046,5.351744956560288,5.3681111335754395,180500,0.061,0.0
2024-02-13 00:00:00-05:00,5.368109899461871,5.368109899461871,5.286279033198802,5.302645206451416,173300,0.0,0.0
2024-02-14 00:00:00-05:00,5.327194970433573,5.376293493039366,5.278096057627408,5.319011688232422,98600,0.0,0.0
2024-02-15 00:00:00-05:00,5.319011490820774,5.335377664415285,5.302645317226263,5.31082820892334,67300,0.0,0.0
2024-02-16 00:00:00-05:00,5.335378646850586,5.335378646850586,5.278096833621974,5.335378646850586,84300,0.0,0.0
2024-02-20 00:00:00-05:00,5.351744490481274,5.36811066607111,5.212631802867476,5.29446268081665,144200,0.0,0.0
2024-02-21 00:00:00-05:00,5.310827788016375,5.335377241562665,5.28627872467041,5.28627872467041,65200,0.0,0.0
2024-02-22 00:00:00-05:00,5.351743066770518,5.351743066770518,5.2289965874004904,5.245362758636475,163100,0.0,0.0
2024-02-23 00:00:00-05:00,5.278095750276503,5.28627903200113,5.220814339005507,5.228997230529785,116400,0.0,0.0
2024-02-26 00:00:00-05:00,5.228997457971919,5.228997457971919,5.155349870248618,5.188082218170166,97700,0.0,0.0
2024-02-27 00:00:00-05:00,5.212630637141591,5.212630637141591,5.130799777492649,5.2044477462768555,79000,0.0,0.0
2024-02-28 00:00:00-05:00,5.17989935187416,5.212631702423096,5.114434650776286,5.212631702423096,61000,0.0,0.0
2024-02-29 00:00:00-05:00,5.245362981001168,5.253546262066221,5.2044477462768555,5.2044477462768555,68800,0.0,0.0
2024-03-01 00:00:00-05:00,5.204448194762358,5.269912888122834,5.204448194762358,5.253546714782715,76600,0.0,0.0
2024-03-04 00:00:00-05:00,5.253547606794558,5.2862799590324965,5.237181430675588,5.278096675872803,68600,0.0,0.0
2024-03-05 00:00:00-05:00,5.278095890939709,5.286279172882424,5.2535468255122835,5.261729717254639,70800,0.0,0.0
2024-03-06 00:00:00-05:00,5.245362758636475,5.2699122105906,5.245362758636475,5.245362758636475,97100,0.0,0.0
2024-03-07 00:00:00-05:00,5.261729717254639,5.269912999197354,5.245363543569568,5.261729717254639,76600,0.0,0.0
2024-03-08 00:00:00-05:00,5.2956018838496846,5.320386465964943,5.246033113556735,5.279078960418701,158100,0.061,0.0
2024-03-11 00:00:00-04:00,5.262555713350522,5.270817371526721,5.204725681867302,5.212986946105957,164600,0.0,0.0
2024-03-12 00:00:00-04:00,5.21298740514155,5.2542949117848385,5.171680292435839,5.237771987915039,239600,0.0,0.0
2024-03-13 00:00:00-04:00,5.27081777416526,5.27081777416526,5.229510268003865,5.246033191680908,59500,0.0,0.0
2024-03-14 00:00:00-04:00,5.270818294387558,5.270818294387558,5.22124951846406,5.22951078414917,82200,0.0,0.0
2024-03-15 00:00:00-04:00,5.246033191680908,5.246033191680908,5.212987344326821,5.246033191680908,54300,0.0,0.0
2024-03-18 00:00:00-04:00,5.246032261267562,5.262555182014172,5.221248077116399,5.254293918609619,85900,0.0,0.0
2024-03-19 00:00:00-04:00,5.270817835654638,5.270817835654638,5.237771987915039,5.237771987915039,49800,0.0,0.0
2024-03-20 00:00:00-04:00,5.246033627836203,5.270818212381146,5.246033627836203,5.262556552886963,39300,0.0,0.0
2024-03-21 00:00:00-04:00,5.246032261267562,5.270816839356229,5.246032261267562,5.254293918609619,56300,0.0,0.0
2024-03-22 00:00:00-04:00,5.2790791006207485,5.2790791006207485,5.229510329011349,5.237771987915039,43000,0.0,0.0
2024-03-25 00:00:00-04:00,5.2542948504882165,5.262556115357951,5.237771926811173,5.246033191680908,58000,0.0,0.0
2024-03-26 00:00:00-04:00,5.254293918609619,5.270816839356229,5.246032261267562,5.254293918609619,53600,0.0,0.0
2024-03-27 00:00:00-04:00,5.27081777416526,5.27081777416526,5.246033191680908,5.246033191680908,36800,0.0,0.0
2024-03-28 00:00:00-04:00,5.262555182014172,5.279078102760782,5.246032261267562,5.254293918609619,68400,0.0,0.0
2024-04-01 00:00:00-04:00,5.237771909408541,5.279079021495118,5.237771909408541,5.270817756652832,101900,0.0,0.0
2024-04-02 00:00:00-04:00,5.2212490031341305,5.2542948504882165,5.2212490031341305,5.246033191680908,62100,0.0,0.0
2024-04-03 00:00:00-04:00,5.221249064045239,5.2542949117848385,5.21298740514155,5.237771987915039,114300,0.0,0.0
2024-04-04 00:00:00-04:00,5.262556552886963,5.262556552886963,5.2295107027854435,5.262556552886963,103100,0.0,0.0
2024-04-05 00:00:00-04:00,5.262556036987719,5.279078960418701,5.262556036987719,5.279078960418701,37400,0.0,0.0
2024-04-08 00:00:00-04:00,5.279078960418701,5.2956018838496846,5.270817695671994,5.279078960418701,45500,0.0,0.0
2024-04-09 00:00:00-04:00,5.2956018838496846,5.312124807280668,5.270817695671994,5.279078960418701,82200,0.0,0.0
2024-04-10 00:00:00-04:00,5.288253708531715,5.313276767730713,5.263230251598362,5.313276767730713,45400,0.061,0.0
2024-04-11 00:00:00-04:00,5.313277348841508,5.313277348841508,5.26323082723559,5.271572113037109,73500,0.0,0.0
2024-04-12 00:00:00-04:00,5.2965951490431324,5.2965951490431324,5.254889913442904,5.288254261016846,85300,0.0,0.0
2024-04-15 00:00:00-04:00,5.296597099790714,5.304938388623511,5.229868380066507,5.246550559997559,66100,0.0,0.0
2024-04-16 00:00:00-04:00,5.254889913442904,5.288254261016846,5.22986645389525,5.288254261016846,36900,0.0,0.0
2024-04-17 00:00:00-04:00,5.313277322830103,5.313277322830103,5.271572087229875,5.288254261016846,60400,0.0,0.0
2024-04-18 00:00:00-04:00,5.304936434803817,5.313277322830103,5.279912975256162,5.288254261016846,54700,0.0,0.0
2024-04-19 00:00:00-04:00,5.296594595686596,5.313276767730713,5.296594595686596,5.313276767730713,28000,0.0,0.0
2024-04-22 00:00:00-04:00,5.313277296982292,5.321618582702398,5.288254235290766,5.304936408996582,68800,0.0,0.0
2024-04-23 00:00:00-04:00,5.304936408996582,5.304936408996582,5.279912949570661,5.304936408996582,65700,0.0,0.0
2024-04-24 00:00:00-04:00,5.304936434803817,5.304936434803817,5.279912975256162,5.288254261016846,102000,0.0,0.0
2024-04-25 00:00:00-04:00,5.271573012791967,5.288255189507929,5.263231725566754,5.279913902282715,63700,0.0,0.0
2024-04-26 00:00:00-04:00,5.30493736622389,5.30493736622389,5.271573012791967,5.279913902282715,48700,0.0,0.0
2024-04-29 00:00:00-04:00,5.279912447631066,5.30493590467811,5.279912447631066,5.296594619750977,49400,0.0,0.0
2024-04-30 00:00:00-04:00,5.296594619750977,5.30493590467811,5.288253732558199,5.296594619750977,35900,0.0,0.0
2024-05-01 00:00:00-04:00,5.296595123276477,5.313277296982292,5.288254235290766,5.304936408996582,86200,0.0,0.0
2024-05-02 00:00:00-04:00,5.296594595686596,5.313276767730713,5.296594595686596,5.313276767730713,40700,0.0,0.0
2024-05-03 00:00:00-04:00,5.313277219086363,5.338300678145424,5.304936331222934,5.329959392547607,73300,0.0,0.0
2024-05-06 00:00:00-04:00,5.321618874380175,5.396688461303711,5.313277588202884,5.396688461303711,136600,0.0,0.0
2024-05-07 00:00:00-04:00,5.396688461303711,5.421711922101167,5.371665398240671,5.396688461303711,97200,0.0,0.0
2024-05-08 00:00:00-04:00,5.396689499302979,5.405030787084633,5.321619897940555,5.371666431427002,63800,0.0,0.0
2024-05-09 00:00:00-04:00,5.354982852935791,5.380005914266675,5.3466415673359045,5.354982852935791,68300,0.0,0.0
2024-05-10 00:00:00-04:00,5.381088733673096,5.397930936221768,5.364246531124423,5.381088733673096,57600,0.061,0.0
2024-05-13 00:00:00-04:00,5.381088689890157,5.381088689890157,5.355825587047592,5.3726677894592285,45000,0.0,0.0
2024-05-14 00:00:00-04:00,5.389510035722323,5.389510035722323,5.355825630624979,5.381088733673096,80000,0.0,0.0
2024-05-15 00:00:00-04:00,5.423193334021964,5.423193334021964,5.389508935799133,5.414772033691406,64300,0.0,0.0
2024-05-16 00:00:00-04:00,5.406351566314697,5.406351566314697,5.355824964948639,5.406351566314697,103200,0.0,0.0
2024-05-17 00:00:00-04:00,5.414772033691406,5.414772033691406,5.39792983457999,5.414772033691406,40400,0.0,0.0
2024-05-20 00:00:00-04:00,5.4147724657675065,5.431614666222859,5.389509365859344,5.406351566314697,96100,0.0,0.0
2024-05-21 00:00:00-04:00,5.4147724657675065,5.431614666222859,5.397930265312154,5.406351566314697,56200,0.0,0.0
2024-05-22 00:00:00-04:00,5.423194560565227,5.440036763485779,5.381088852488949,5.389510154724121,87900,0.0,0.0
2024-05-23 00:00:00-04:00,5.406352238270996,5.423194440819668,5.372667833173651,5.381088733673096,72200,0.0,0.0
2024-05-24 00:00:00-04:00,5.397930936221768,5.406352238270996,5.381088733673096,5.381088733673096,24500,0.0,0.0
2024-05-28 00:00:00-04:00,5.381088733673096,5.389510035722323,5.381088733673096,5.381088733673096,92800,0.0,0.0
2024-05-29 00:00:00-04:00,5.381088526268732,5.3895098279933755,5.347404122469692,5.355825424194336,93600,0.0,0.0
2024-05-30 00:00:00-04:00,5.3726667150304985,5.3726667150304985,5.355824515986974,5.364245414733887,26100,0.0,0.0
2024-05-31 00:00:00-04:00,5.381089647791737,5.4231953620910645,5.364247442381976,5.4231953620910645,61300,0.0,0.0
2024-06-03 00:00:00-04:00,5.423194560565227,5.423194560565227,5.355825748883016,5.389510154724121,48900,0.0,0.0
2024-06-04 00:00:00-04:00,5.3642458644014495,5.4147724657675065,5.355824964948639,5.406351566314697,72800,0.0,0.0
2024-06-05 00:00:00-04:00,5.423195404309422,5.431616306304932,5.381089689682311,5.431616306304932,92100,0.0,0.0
2024-06-06 00:00:00-04:00,5.406351566314697,5.4147724657675065,5.381088064856802,5.406351566314697,51000,0.0,0.0
2024-06-07 00:00:00-04:00,5.4147731179061624,5.473721027374268,5.4147731179061624,5.473721027374268,38500,0.0,0.0
2024-06-10 00:00:00-04:00,5.507406389139869,5.507406389139869,5.397931853201498,5.4231953620910645,72800,0.0,0.0
2024-06-11 00:00:00-04:00,5.355825289465263,5.46529939828337,5.355825289465263,5.440036296844482,59600,0.0,0.0
2024-06-12 00:00:00-04:00,5.431615632992006,5.473721342399617,5.431615632992006,5.456879138946533,52600,0.0,0.0
2024-06-13 00:00:00-04:00,5.4832316567711805,5.500233909762499,5.389719468001774,5.415222644805908,53800,0.061,0.0
2024-06-14 00:00:00-04:00,5.4152232922381485,5.457729132481193,5.35571560233677,5.37271785736084,63500,0.0,0.0
2024-06-17 00:00:00-04:00,5.372716612940235,5.406721115112305,5.372716612940235,5.406721115112305,35200,0.0,0.0
2024-06-18 00:00:00-04:00,5.406721260944039,5.423723512488663,5.37271675785479,5.389719009399414,41600,0.0,0.0
2024-06-20 00:00:00-04:00,5.415222184033525,5.449226687122774,5.37271675785479,5.389719009399414,71700,0.0,0.0
2024-06-21 00:00:00-04:00,5.406721260944039,5.415222184033525,5.381217680944276,5.389719009399414,24800,0.0,0.0
2024-06-24 00:00:00-04:00,5.389719615048273,5.40672186850346,5.372717361593087,5.398220539093018,98900,0.0,0.0
2024-06-25 00:00:00-04:00,5.4152237971862105,5.4577296413927545,5.36421702735782,5.423725128173828,125000,0.0,0.0
2024-06-26 00:00:00-04:00,5.440727384783291,5.4662305670146,5.381219283967283,5.423725128173828,46000,0.0,0.0
2024-06-27 00:00:00-04:00,5.423723366198339,5.466228791230605,5.406721115112305,5.406721115112305,56200,0.0,0.0
2024-06-28 00:00:00-04:00,5.406721260944039,5.440725764033288,5.389719009399414,5.389719009399414,50600,0.0,0.0
2024-07-01 00:00:00-04:00,5.381218138823272,5.432224897797226,5.381218138823272,5.415222644805908,51300,0.0,0.0
2024-07-02 00:00:00-04:00,5.389719468001774,5.449227150788544,5.389719468001774,5.415222644805908,54400,0.0,0.0
2024-07-03 00:00:00-04:00,5.440725787201868,5.508734793669972,5.406721283967816,5.46622896194458,78400,0.0,0.0
2024-07-05 00:00:00-04:00,5.457729168722277,5.50873593413319,5.457729168722277,5.500234603881836,96800,0.0,0.0
2024-07-08 00:00:00-04:00,5.483232348744864,5.517236859018807,5.483232348744864,5.500234603881836,60500,0.0,0.0
2024-07-09 00:00:00-04:00,5.508735784939342,5.53423936963695,5.466229945565237,5.517236709594727,132100,0.0,0.0
2024-07-10 00:00:00-04:00,5.50873593413319,5.525738189270161,5.500234603881836,5.500234603881836,97200,0.0,0.0
2024-07-11 00:00:00-04:00,5.509674875204769,5.552584869621566,5.475346715981756,5.492510795593262,56500,0.061,0.0
2024-07-12 00:00:00-04:00,5.483927769196806,5.544002243882749,5.423853703734742,5.458181858062744,72100,0.0,0.0
2024-07-15 00:00:00-04:00,5.458182138824585,5.54400252905908,5.432435817142286,5.466763973236084,100100,0.0,0.0
2024-07-16 00:00:00-04:00,5.45818170439684,5.48392761480607,5.4410176277160645,5.4410176277160645,57000,0.0,0.0
2024-07-17 00:00:00-04:00,5.432435384763743,5.449599461444518,5.432435384763743,5.4410176277160645,95400,0.0,0.0
2024-07-18 00:00:00-04:00,5.466764626412413,5.466764626412413,5.415272386119355,5.432436466217041,104000,0.0,0.0
2024-07-19 00:00:00-04:00,5.449600593538257,5.449600593538257,5.3895265172877584,5.40669059753418,70300,0.0,0.0
2024-07-22 00:00:00-04:00,5.38952714025722,5.441019386948416,5.38952714025722,5.423855304718018,79300,0.0,0.0
2024-07-23 00:00:00-04:00,5.398108202459728,5.415272282228123,5.3895263671875,5.3895263671875,83400,0.0,0.0
2024-07-24 00:00:00-04:00,5.38952649671659,5.406690576897498,5.363780171833252,5.38094425201416,78000,0.0,0.0
2024-07-25 00:00:00-04:00,5.37236213684082,5.406690295415451,5.363779892585198,5.37236213684082,86800,0.0,0.0
2024-07-26 00:00:00-04:00,5.3895263671875,5.415272282228123,5.380944122691332,5.3895263671875,35900,0.0,0.0
2024-07-29 00:00:00-04:00,5.398108352798992,5.423854677780601,5.372362437041336,5.40669059753418,62400,0.0,0.0
2024-07-30 00:00:00-04:00,5.389526321050138,5.415272235870361,5.372362241428676,5.415272235870361,60500,0.0,0.0
2024-07-31 00:00:00-04:00,5.423854480293061,5.441018559914522,5.380944076627438,5.415272235870361,56300,0.0,0.0
2024-08-01 00:00:00-04:00,5.406689753583311,5.4581819862849565,5.406689753583311,5.449599742889404,79500,0.0,0.0
2024-08-02 00:00:00-04:00,5.3981078526751824,5.3981078526751824,5.2178848221730805,5.303705215454102,165100,0.0,0.0
2024-08-05 00:00:00-04:00,5.252213885983496,5.252213885983496,5.123483069231903,5.157811641693115,183400,0.0,0.0
2024-08-06 00:00:00-04:00,5.166393594608349,5.235049922633869,5.149229512601968,5.226468086242676,102100,0.0,0.0
2024-08-07 00:00:00-04:00,5.2436319402436125,5.329452346543841,5.2436319402436125,5.286541938781738,114500,0.0,0.0
2024-08-08 00:00:00-04:00,5.312287006942636,5.329451084136963,5.29512292974831,5.329451084136963,29900,0.0,0.0
2024-08-09 00:00:00-04:00,5.355197626317218,5.363779870537564,5.329451712104038,5.346615791320801,95200,0.0,0.0
2024-08-12 00:00:00-04:00,5.368261538440363,5.376920223236084,5.324969353068201,5.376920223236084,51800,0.055,0.0
2024-08-13 00:00:00-04:00,5.376920223236084,5.38557849516299,5.342286309790829,5.376920223236084,47600,0.0,0.0
2024-08-14 00:00:00-04:00,5.350945196046134,5.368262154756878,5.342286923125194,5.3596038818359375,64200,0.0,0.0
2024-08-15 00:00:00-04:00,5.350945448362732,5.437530658868122,5.350945448362732,5.42021369934082,66000,0.0,0.0
2024-08-16 00:00:00-04:00,5.411555711945883,5.411555711945883,5.359604826655475,5.385580062866211,87100,0.0,0.0
2024-08-19 00:00:00-04:00,5.411555568189703,5.42021425527589,5.376921645582803,5.402896881103516,99600,0.0,0.0
2024-08-20 00:00:00-04:00,5.394237936114163,5.394237936114163,5.359604017813981,5.36826229095459,36300,0.0,0.0
2024-08-21 00:00:00-04:00,5.368262542163483,5.428872108459473,5.368262542163483,5.428872108459473,34400,0.0,0.0
2024-08-22 00:00:00-04:00,5.40289702462968,5.420214399262085,5.385580062866211,5.385580062866211,22300,0.0,0.0
2024-08-23 00:00:00-04:00,5.385579919800065,5.411555568189703,5.385579919800065,5.402896881103516,32600,0.0,0.0
2024-08-26 00:00:00-04:00,5.428872529493153,5.428872529493153,5.376921645582803,5.402896881103516,73200,0.0,0.0
2024-08-27 00:00:00-04:00,5.376921645582803,5.411555568189703,5.376921645582803,5.402896881103516,37000,0.0,0.0
2024-08-28 00:00:00-04:00,5.385580062866211,5.411555711945883,5.385580062866211,5.385580062866211,31600,0.0,0.0
2024-08-29 00:00:00-04:00,5.385578755195895,5.437530040740967,5.37692048285094,5.437530040740967,28600,0.0,0.0
2024-08-30 00:00:00-04:00,5.446188932197331,5.446188932197331,5.42021369934082,5.42021369934082,43300,0.0,0.0
2024-09-03 00:00:00-04:00,5.420213021663367,5.4635052086344515,5.376920421823452,5.411554336547852,101300,0.0,0.0
2024-09-04 00:00:00-04:00,5.402896326944637,5.446188932197331,5.385579367417336,5.42021369934082,41900,0.0,0.0
2024-09-05 00:00:00-04:00,5.428872108459473,5.428872108459473,5.411555148499032,5.428872108459473,31600,0.0,0.0
2024-09-06 00:00:00-04:00,5.437529979025567,5.437529979025567,5.4028956514323365,5.411554336547852,46600,0.0,0.0
2024-09-09 00:00:00-04:00,5.40289571275464,5.454846998299712,5.40289571275464,5.437530040740967,54300,0.0,0.0
2024-09-10 00:00:00-04:00,5.437530040740967,5.446188313085922,5.40289571275464,5.437530040740967,103000,0.0,0.0
2024-09-11 00:00:00-04:00,5.446188251272251,5.446188251272251,5.4028956514323365,5.411554336547852,69700,0.0,0.0
2024-09-12 00:00:00-04:00,5.411555148499032,5.43753079487414,5.411555148499032,5.428872108459473,54300,0.0,0.0
2024-09-13 00:00:00-04:00,5.449832074743574,5.449832074743574,5.423631191253662,5.423631191253662,90500,0.054,0.0
2024-09-16 00:00:00-04:00,5.43236446997299,5.441098375101886,5.371228799892796,5.388696193695068,102100,0.0,0.0
2024-09-17 00:00:00-04:00,5.41489781611105,5.41489781611105,5.3712295338659,5.397430419921875,56000,0.0,0.0
2024-09-18 00:00:00-04:00,5.39742936022801,5.414896752987757,5.371228479316135,5.379961967468262,27600,0.0,0.0
2024-09-19 00:00:00-04:00,5.4148976589248035,5.4148976589248035,5.379962867560558,5.406164169311523,75400,0.0,0.0
2024-09-20 00:00:00-04:00,5.388696930055075,5.40616432624425,5.3712295338659,5.397430419921875,66700,0.0,0.0
2024-09-23 00:00:00-04:00,5.379962339493744,5.414897127428988,5.362494945526123,5.362494945526123,60600,0.0,0.0
2024-09-24 00:00:00-04:00,5.362494945526123,5.388696244705316,5.345027551558501,5.362494945526123,87500,0.0,0.0
2024-09-25 00:00:00-04:00,5.388696930055075,5.40616432624425,5.362495627543526,5.397430419921875,106800,0.0,0.0
2024-09-26 00:00:00-04:00,5.397429682368445,5.406163587497341,5.379962288566173,5.388696193695068,28600,0.0,0.0
2024-09-27 00:00:00-04:00,5.414897076170718,5.414897076170718,5.379962288566173,5.388696193695068,59900,0.0,0.0
2024-09-30 00:00:00-04:00,5.362495627543526,5.41489781611105,5.362495627543526,5.397430419921875,44800,0.0,0.0
2024-10-01 00:00:00-04:00,5.423631564993647,5.441098960675769,5.397430263242681,5.406164169311523,55400,0.0,0.0
2024-10-02 00:00:00-04:00,5.406164169311523,5.4148976589248035,5.388696773629401,5.406164169311523,42200,0.0,0.0
2024-10-03 00:00:00-04:00,5.397430419921875,5.41489781611105,5.3799630237327,5.397430419921875,83900,0.0,0.0
2024-10-04 00:00:00-04:00,5.414898495935472,5.449833292699782,5.406165004972209,5.432365894317627,63900,0.0,0.0
2024-10-07 00:00:00-04:00,5.4410991125567225,5.476033904896126,5.432365206244085,5.4673004150390625,50100,0.0,0.0
2024-10-08 00:00:00-04:00,5.484767913818359,5.49350140383881,5.467300517321876,5.484767913818359,36900,0.0,0.0
2024-10-09 00:00:00-04:00,5.493501301065828,5.493501301065828,5.4673004150390625,5.4673004150390625,60600,0.0,0.0
2024-10-10 00:00:00-04:00,5.484768071155286,5.4935015614262666,5.476034164428711,5.476034164428711,36100,0.0,0.0
2024-10-11 00:00:00-04:00,5.468988061313974,5.513021949319229,5.468988061313974,5.495408058166504,41100,0.052,0.0
2024-10-14 00:00:00-04:00,5.495408294523368,5.530635658405663,5.477794822551368,5.504215240478516,86500,0.0,0.0
2024-10-15 00:00:00-04:00,5.504215003742866,5.521828474957312,5.48660153252842,5.495408058166504,32700,0.0,0.0
2024-10-16 00:00:00-04:00,5.48660254809764,5.513022969778864,5.477795600891113,5.477795600891113,63000,0.0,0.0
2024-10-17 00:00:00-04:00,5.477794586952058,5.504215003742866,5.477794586952058,5.495408058166504,66800,0.0,0.0
2024-10-18 00:00:00-04:00,5.495407458876136,5.5042144034920755,5.4513739956111396,5.468987464904785,175900,0.0,0.0
2024-10-21 00:00:00-04:00,5.4601818858487885,5.504215780064641,5.4601818858487885,5.486602306365967,86800,0.0,0.0
2024-10-22 00:00:00-04:00,5.486601768506516,5.521828712450515,5.486601768506516,5.504215240478516,73600,0.0,0.0
2024-10-23 00:00:00-04:00,5.48660093419843,5.495407458876136,5.468987464904785,5.468987464904785,50800,0.0,0.0
2024-10-24 00:00:00-04:00,5.468989073622943,5.504216022572337,5.468989073622943,5.477795600891113,32700,0.0,0.0
2024-10-25 00:00:00-04:00,5.495408294523368,5.521828712450515,5.495408294523368,5.504215240478516,27300,0.0,0.0
2024-10-28 00:00:00-04:00,5.49540907536581,5.513022969778864,5.477795600891113,5.477795600891113,9600,0.0,0.0
2024-10-29 00:00:00-04:00,5.477794229494999,5.486601174496658,5.460180759429932,5.460180759429932,82700,0.0,0.0
2024-10-30 00:00:00-04:00,5.460180520288846,5.477793989582491,5.460180520288846,5.468987464904785,24500,0.0,0.0
2024-10-31 00:00:00-04:00,5.468989073622943,5.49540907536581,5.468989073622943,5.477795600891113,24300,0.0,0.0
2024-11-01 00:00:00-04:00,5.495408058166504,5.504215003742866,5.48660153252842,5.495408058166504,32800,0.0,0.0
2024-11-04 00:00:00-05:00,5.49540907536581,5.49540907536581,5.460182126416416,5.477795600891113,36400,0.0,0.0
2024-11-05 00:00:00-05:00,5.460182126416416,5.504216022572337,5.460182126416416,5.477795600891113,42000,0.0,0.0
2024-11-06 00:00:00-05:00,5.504215780064641,5.513022726883146,5.4777953595474616,5.486602306365967,46700,0.0,0.0
2024-11-07 00:00:00-05:00,5.513021352400903,5.548248291015625,5.5042144077781066,5.548248291015625,58600,0.0,0.0
2024-11-08 00:00:00-05:00,5.555349150193833,5.573097851948089,5.528725885981234,5.564223289489746,74200,0.048,0.0
2024-11-11 00:00:00-05:00,5.573096886190785,5.590845584869385,5.537599065671231,5.590845584869385,51400,0.0,0.0
2024-11-12 00:00:00-05:00,5.54647432499797,5.564223025911467,5.528725624084473,5.528725624084473,52100,0.0,0.0
2024-11-13 00:00:00-05:00,5.528725425042571,5.564222825591608,5.519850863324114,5.537599563598633,53500,0.0,0.0
2024-11-14 00:00:00-05:00,5.528724535125163,5.537598672252823,5.5109758377075195,5.5109758377075195,24700,0.0,0.0
2024-11-15 00:00:00-05:00,5.519850574447585,5.5553483963012695,5.493227737010287,5.5553483963012695,59900,0.0,0.0
2024-11-18 00:00:00-05:00,5.546474125317089,5.573097387310065,5.519850863324114,5.537599563598633,99800,0.0,0.0
2024-11-19 00:00:00-05:00,5.546473503112793,5.546473503112793,5.5198502441064194,5.546473503112793,60900,0.0,0.0
2024-11-20 00:00:00-05:00,5.5198502441064194,5.5553480638357,5.510976106545859,5.546473503112793,55600,0.0,0.0
2024-11-21 00:00:00-05:00,5.528725425042571,5.546474125317089,5.510976724768051,5.537599563598633,19400,0.0,0.0
2024-11-22 00:00:00-05:00,5.5553480638357,5.5553480638357,5.528724804829325,5.546473503112793,53100,0.0,0.0
2024-11-25 00:00:00-05:00,5.5730967621191665,5.5730967621191665,5.546473503112793,5.546473503112793,50300,0.0,0.0
2024-11-26 00:00:00-05:00,5.564222825591608,5.573097387310065,5.528725425042571,5.537599563598633,42500,0.0,0.0
2024-11-27 00:00:00-05:00,5.528725885981234,5.564223289489746,5.528725885981234,5.564223289489746,58300,0.0,0.0
2024-11-29 00:00:00-05:00,5.54647471785113,5.581972122192383,5.54647471785113,5.581972122192383,42400,0.0,0.0
2024-12-02 00:00:00-05:00,5.564222534392911,5.573097095646926,5.546473835047255,5.5553483963012695,85300,0.0,0.0
2024-12-03 00:00:00-05:00,5.555349150193833,5.564223289489746,5.528725885981234,5.564223289489746,48000,0.0,0.0
2024-12-04 00:00:00-05:00,5.5553480638357,5.5730967621191665,5.5198502441064194,5.546473503112793,81500,0.0,0.0
2024-12-05 00:00:00-05:00,5.528725425042571,5.555348687035545,5.519850863324114,5.537599563598633,49300,0.0,0.0
2024-12-06 00:00:00-05:00,5.528725425042571,5.546474125317089,5.519850863324114,5.537599563598633,49800,0.0,0.0
2024-12-09 00:00:00-05:00,5.528725425042571,5.564222825591608,5.528725425042571,5.537599563598633,52600,0.0,0.0
2024-12-10 00:00:00-05:00,5.537599273793242,5.564222534392911,5.528725135701599,5.5553483963012695,41600,0.0,0.0
2024-12-11 00:00:00-05:00,5.537599563598633,5.590846087584583,5.528725425042571,5.537599563598633,66300,0.0,0.0
2024-12-12 00:00:00-05:00,5.561741946489747,5.59750916919802,5.543858548322532,5.58856725692749,50100,0.047,0.0
2024-12-13 00:00:00-05:00,5.552801295351904,5.57068469620755,5.552801295351904,5.561742782592773,55500,0.0,0.0
2024-12-16 00:00:00-05:00,5.579626183448419,5.579626183448419,5.552801295351904,5.561742782592773,38700,0.0,0.0
2024-12-17 00:00:00-05:00,5.561742122776867,5.561742122776867,5.499150440394609,5.508091926574707,42800,0.0,0.0
2024-12-18 00:00:00-05:00,5.517033576965332,5.561741858489048,5.481266781196824,5.517033576965332,99700,0.0,0.0
2024-12-19 00:00:00-05:00,5.552800735666302,5.552800735666302,5.490208625793457,5.490208625793457,47500,0.0,0.0
2024-12-20 00:00:00-05:00,5.47232522674034,5.534917336613184,5.454441827687222,5.490208625793457,62800,0.0,0.0
2024-12-23 00:00:00-05:00,5.499150179081078,5.52597506272054,5.4633833833125705,5.517033576965332,64000,0.0,0.0
2024-12-24 00:00:00-05:00,5.525974654736132,5.543858051300049,5.525974654736132,5.543858051300049,21700,0.0,0.0
2024-12-26 00:00:00-05:00,5.5438584606047945,5.561741858489048,5.499150179081078,5.517033576965332,61900,0.0,0.0
2024-12-27 00:00:00-05:00,5.52597532530876,5.534917237862715,5.499150440394609,5.508091926574707,38500,0.0,0.0
2024-12-30 00:00:00-05:00,5.499150440394609,5.517033839128662,5.4723251291066,5.508091926574707,29000,0.0,0.0
2024-12-31 00:00:00-05:00,5.499150538506949,5.525975423899692,5.4812671394538315,5.490208625793457,57800,0.0,0.0
2025-01-02 00:00:00-05:00,5.499150179081078,5.517033576965332,5.499150179081078,5.517033576965332,32700,0.0,0.0
2025-01-03 00:00:00-05:00,5.499150342917301,5.543858625773011,5.472325032104794,5.525975227355957,73000,0.0,0.0
2025-01-06 00:00:00-05:00,5.552799701690674,5.57068309741376,5.5170329102445015,5.552799701690674,112400,0.0,0.0
2025-01-07 00:00:00-05:00,5.561742782592773,5.561742782592773,5.543859381737128,5.561742782592773,40200,0.0,0.0
2025-01-08 00:00:00-05:00,5.561742024190066,5.561742024190066,5.508091828938903,5.525975227355957,24100,0.0,0.0
2025-01-10 00:00:00-05:00,5.52597532530876,5.534917237862715,5.499150440394609,5.508091926574707,48300,0.0,0.0
2025-01-13 00:00:00-05:00,5.5324210316021665,5.568462828838497,5.523410797119141,5.523410797119141,35000,0.047,0.0
2025-01-14 00:00:00-05:00,5.523409186214334,5.577471866301424,5.523409186214334,5.550440311431885,34500,0.0,0.0
2025-01-15 00:00:00-05:00,5.559451846358337,5.586482975822621,5.541430950164795,5.541430950164795,43900,0.0,0.0
2025-01-16 00:00:00-05:00,5.568461547868096,5.604503336813363,5.541430420985152,5.57747220993042,34100,0.0,0.0
2025-01-17 00:00:00-05:00,5.559451846358337,5.577472742551879,5.541430950164795,5.541430950164795,59500,0.0,0.0
2025-01-21 00:00:00-05:00,5.577472421494191,5.61351421180659,5.541430631181791,5.595493316650391,63600,0.0,0.0
2025-01-22 00:00:00-05:00,5.62252555076879,5.6585677778243895,5.5864837533653064,5.649557113647461,108300,0.0,0.0
2025-01-23 00:00:00-05:00,5.640546064061536,5.658566960159251,5.6045038422140525,5.622524738311768,59100,0.0,0.0
2025-01-24 00:00:00-05:00,5.604503150793579,5.649555600305829,5.604503150793579,5.64054536819458,33800,0.0,0.0
2025-01-27 00:00:00-05:00,5.631535401186652,5.631535401186652,5.613514505088937,5.622524738311768,28700,0.0,0.0
2025-01-28 00:00:00-05:00,5.63153470643133,5.65856626206908,5.622524044668078,5.64054536819458,37700,0.0,0.0
2025-01-29 00:00:00-05:00,5.622524044668078,5.65856626206908,5.622524044668078,5.64054536819458,68900,0.0,0.0
2025-01-30 00:00:00-05:00,5.622524044668078,5.65856626206908,5.586482256919078,5.64054536819458,26900,0.0,0.0
2025-01-31 00:00:00-05:00,5.6405455803621996,5.658566474914551,5.622524256157831,5.658566474914551,66400,0.0,0.0
2025-02-03 00:00:00-05:00,5.649557113647461,5.6585677778243895,5.640546879122648,5.649557113647461,75600,0.0,0.0
2025-02-04 00:00:00-05:00,5.649555600305829,5.65856626206908,5.63153470643133,5.64054536819458,43000,0.0,0.0
2025-02-05 00:00:00-05:00,5.622524044668078,5.65856626206908,5.622524044668078,5.64054536819458,56200,0.0,0.0
2025-02-06 00:00:00-05:00,5.63153470643133,5.65856626206908,5.63153470643133,5.64054536819458,39700,0.0,0.0
2025-02-07 00:00:00-05:00,5.649555600305829,5.65856626206908,5.63153470643133,5.64054536819458,40000,0.0,0.0
2025-02-10 00:00:00-05:00,5.649556904963574,5.649556904963574,5.63153600692749,5.63153600692749,49800,0.0,0.0
2025-02-11 00:00:00-05:00,5.6405455803621996,5.658566474914551,5.631534918260015,5.658566474914551,17000,0.0,0.0
2025-02-12 00:00:00-05:00,5.649555812812366,5.658566474914551,5.631534918260015,5.658566474914551,48600,0.0,0.0
2025-02-13 00:00:00-05:00,5.671270399690423,5.716640735961383,5.662196159362793,5.662196159362793,63400,0.044,0.0
2025-02-14 00:00:00-05:00,5.653122351718757,5.680344640018053,5.653122351718757,5.662196159362793,18200,0.0,0.0
2025-02-18 00:00:00-05:00,5.680344468694281,5.680344468694281,5.580529991518809,5.607751846313477,78300,0.0,0.0
2025-02-19 00:00:00-05:00,5.607751470279634,5.625899516487004,5.589603424072266,5.589603424072266,61900,0.0,0.0
2025-02-20 00:00:00-05:00,5.589603424072266,5.607751470279634,5.589603424072266,5.589603424072266,35200,0.0,0.0
2025-02-21 00:00:00-05:00,5.607751846313477,5.61682608636742,5.589603798889171,5.607751846313477,35800,0.0,0.0
2025-02-24 00:00:00-05:00,5.616825681308426,5.616825681308426,5.589603395793319,5.598677635192871,69000,0.0,0.0
2025-02-25 00:00:00-05:00,5.589603424072266,5.616825709725095,5.589603424072266,5.589603424072266,21200,0.0,0.0
2025-02-26 00:00:00-05:00,5.589603424072266,5.5986776635177256,5.589603424072266,5.589603424072266,17100,0.0,0.0
2025-02-27 00:00:00-05:00,5.580530747943302,5.589604556543593,5.553308456775152,5.562382698059082,41800,0.0,0.0
2025-02-28 00:00:00-05:00,5.562382118632217,5.598678214619737,5.535159830299781,5.580530166625977,75700,0.0,0.0
2025-03-03 00:00:00-05:00,5.571455101734926,5.598677386038576,5.535159011119078,5.553307056427002,104500,0.0,0.0
2025-03-04 00:00:00-05:00,5.535159312808983,5.535159312808983,5.471641367111015,5.498863220214844,115700,0.0,0.0
2025-03-05 00:00:00-05:00,5.498863220214844,5.507937459705156,5.4807151739177735,5.498863220214844,85600,0.0,0.0
2025-03-06 00:00:00-05:00,5.489789514468148,5.489789514468148,5.462567228179639,5.480715274810791,103300,0.0,0.0
2025-03-07 00:00:00-05:00,5.46256746032748,5.4807155077298875,5.426271365522666,5.43534517288208,141000,0.0,0.0
2025-03-10 00:00:00-04:00,5.426271541184485,5.426271541184485,5.3899754452046755,5.40812349319458,84200,0.0,0.0
2025-03-11 00:00:00-04:00,5.3809013072810705,5.399049355616381,5.36275325894576,5.389975547790527,65700,0.0,0.0
2025-03-12 00:00:00-04:00,5.389975270717852,5.46256746032748,5.389975270717852,5.43534517288208,75500,0.0,0.0
2025-03-13 00:00:00-04:00,5.420719146728516,5.4481428763105715,5.41157819412476,5.420719146728516,88400,0.044,0.0
2025-03-14 00:00:00-04:00,5.420718653340359,5.448142380426336,5.3750130227108714,5.4115777015686035,124800,0.0,0.0
2025-03-17 00:00:00-04:00,5.402436717377518,5.411578105717328,5.384154376583286,5.393295764923096,64900,0.0,0.0
2025-03-18 00:00:00-04:00,5.365872383117676,5.402437067072943,5.365872383117676,5.365872383117676,56400,0.0,0.0
2025-03-19 00:00:00-04:00,5.365872295890206,5.375013684673128,5.32016665963182,5.338449001312256,77500,0.0,0.0
2025-03-20 00:00:00-04:00,5.356731430071567,5.38415472509531,5.338449088093934,5.365872383117676,82100,0.0,0.0
2025-03-21 00:00:00-04:00,5.411577901100901,5.420718853209696,5.338448540689057,5.347589492797852,132000,0.0,0.0
2025-03-24 00:00:00-04:00,5.365872383117676,5.375013772049201,5.356731430071567,5.365872383117676,95400,0.0,0.0
2025-03-25 00:00:00-04:00,5.375013424128864,5.402436717377518,5.375013424128864,5.393295764923096,70900,0.0,0.0
2025-03-26 00:00:00-04:00,5.384154230462174,5.40243657076024,5.356730937957764,5.356730937957764,81300,0.0,0.0
2025-03-27 00:00:00-04:00,5.347589492797852,5.375013220894979,5.338448540689057,5.347589492797852,44300,0.0,0.0
2025-03-28 00:00:00-04:00,5.347589492797852,5.375013220894979,5.3293071526948905,5.347589492797852,39000,0.0,0.0
2025-03-31 00:00:00-04:00,5.32016665963182,5.34758995420977,5.311025270848898,5.338449001312256,71500,0.0,0.0
2025-04-01 00:00:00-04:00,5.320165575916187,5.329306526951693,5.3018832379598555,5.311024188995361,39300,0.0,0.0
2025-04-02 00:00:00-04:00,5.329307468182098,5.329307468182098,5.292742785811601,5.301884174346924,59600,0.0,0.0
2025-04-03 00:00:00-04:00,5.2836018928160335,5.2836018928160335,5.1830487972191746,5.20133113861084,148000,0.0,0.0
2025-04-04 00:00:00-04:00,5.173906475188994,5.173906475188994,4.835683002517239,4.863106727600098,276300,0.0,0.0
2025-04-07 00:00:00-04:00,4.396907616188784,4.817401939522761,4.360342930323693,4.70770788192749,352000,0.0,0.0
2025-04-08 00:00:00-04:00,4.881389538475906,5.000224529650414,4.75341272354126,4.75341272354126,199500,0.0,0.0
2025-04-09 00:00:00-04:00,4.780836579190954,5.01850700378418,4.735130510364953,5.01850700378418,199300,0.0,0.0
2025-04-10 00:00:00-04:00,5.018506383451884,5.018506383451884,4.826542051413169,4.863106727600098,61900,0.0,0.0
2025-04-11 00:00:00-04:00,4.876011663243555,4.968185709524804,4.857576853987306,4.949750900268555,79400,0.044,0.0
2025-04-14 00:00:00-04:00,5.023489952087402,5.041924760663997,4.977403150406168,5.023489952087402,122400,0.0,0.0
2025-04-15 00:00:00-04:00,4.95896789868948,5.0787943634897434,4.949750275464629,5.069576740264893,119800,0.0,0.0
2025-04-16 00:00:00-04:00,5.023490351918155,5.0787952215702825,5.014273166656494,5.014273166656494,90300,0.0,0.0
2025-04-17 00:00:00-04:00,5.014272599809027,5.078794647428805,5.014272599809027,5.05114221572876,108400,0.0,0.0
2025-04-21 00:00:00-04:00,5.041924953460693,5.069577387143232,5.014272959298677,5.041924953460693,66500,0.0,0.0
2025-04-22 00:00:00-04:00,5.088011856957379,5.106446665008944,5.060359425119785,5.097229480743408,117900,0.0,0.0
2025-04-23 00:00:00-04:00,5.124881383028734,5.1617509984841545,5.088011767573314,5.134099006652832,81500,0.0,0.0
2025-04-24 00:00:00-04:00,5.1617512702941895,5.1617512702941895,5.005055176597032,5.1617512702941895,60200,0.0,0.0
2025-04-25 00:00:00-04:00,5.16175090909778,5.180185716506253,5.143316101689307,5.170968532562256,119100,0.0,0.0
2025-04-28 00:00:00-04:00,5.16175090909778,5.180185716506253,5.115664110336835,5.170968532562256,66100,0.0,0.0
2025-04-29 00:00:00-04:00,5.143316652899212,5.1986210810516145,5.143316652899212,5.1801862716674805,46200,0.0,0.0
2025-04-30 00:00:00-04:00,5.143317426671577,5.207839488983154,5.115665428195609,5.207839488983154,67800,0.0,0.0
2025-05-01 00:00:00-04:00,5.170969200981279,5.235490815491004,5.170969200981279,5.189404010772705,108300,0.0,0.0
2025-05-02 00:00:00-04:00,5.217055989217011,5.2723604184165636,5.217055989217011,5.235490798950195,65700,0.0,0.0
2025-05-05 00:00:00-04:00,5.235491577792195,5.263144016265869,5.20783957883912,5.263144016265869,42600,0.0,0.0
2025-05-06 00:00:00-04:00,5.226274301140664,5.244709113298173,5.198621863144104,5.207839488983154,32400,0.0,0.0
2025-05-07 00:00:00-04:00,5.217056675301613,5.253926299616632,5.198621863144104,5.207839488983154,55500,0.0,0.0
2025-05-08 00:00:00-04:00,5.207838820564132,5.244708440146985,5.180186386116724,5.189404010772705,19600,0.0,0.0
2025-05-09 00:00:00-04:00,5.189404676825645,5.226274301140664,5.161752238829086,5.207839488983154,98700,0.0,0.0
2025-05-12 00:00:00-04:00,5.22627361384387,5.281578043043423,5.22627361384387,5.235490798950195,63400,0.0,0.0
2025-05-13 00:00:00-04:00,5.257784801347128,5.285653114318848,5.257784801347128,5.285653114318848,39900,0.044,0.0
2025-05-14 00:00:00-04:00,5.304233074188232,5.313522218702192,5.285654342208403,5.304233074188232,51700,0.0,0.0
2025-05-15 00:00:00-04:00,5.285653313324306,5.3042320416876745,5.211338399870832,5.2670745849609375,109600,0.0,0.0
2025-05-16 00:00:00-04:00,5.257784801347128,5.322810569646602,5.257784801347128,5.285653114318848,114800,0.0,0.0
2025-05-19 00:00:00-04:00,5.285653435512235,5.294942578432743,5.267074706719384,5.276363849639893,16600,0.0,0.0
2025-05-20 00:00:00-04:00,5.2670745849609375,5.3042320416876745,5.2670745849609375,5.2670745849609375,25000,0.0,0.0
2025-05-21 00:00:00-04:00,5.285652875789303,5.2949420177261395,5.220627110424294,5.239205837249756,111400,0.0,0.0
2025-05-22 00:00:00-04:00,5.229917526245117,5.2670749857996375,5.220627939880558,5.229917526245117,41700,0.0,0.0
2025-05-23 00:00:00-04:00,5.229917249133682,5.276363849639893,5.202048934468488,5.276363849639893,64200,0.0,0.0
2025-05-27 00:00:00-04:00,5.2856539939516445,5.2856539939516445,5.23920694558638,5.2484965324401855,149100,0.0,0.0
2025-05-28 00:00:00-04:00,5.2484961000426065,5.257785243179244,5.220627784729004,5.220627784729004,67700,0.0,0.0
2025-05-29 00:00:00-04:00,5.220627939880558,5.239206669657818,5.220627939880558,5.229917526245117,48700,0.0,0.0
2025-05-30 00:00:00-04:00,5.220627110424294,5.276363290900679,5.220627110424294,5.239205837249756,42800,0.0,0.0
2025-06-02 00:00:00-04:00,5.2206278612868475,5.276364049779549,5.2206278612868475,5.257785320281982,47300,0.0,0.0
2025-06-03 00:00:00-04:00,5.23920694558638,5.276364407097839,5.23920694558638,5.2484965324401855,51600,0.0,0.0
2025-06-04 00:00:00-04:00,5.239206669657818,5.257785399435078,5.220627939880558,5.229917526245117,93100,0.0,0.0
2025-06-05 00:00:00-04:00,5.229917370817486,5.2484961000426065,5.220627784729004,5.220627784729004,42300,0.0,0.0
2025-06-06 00:00:00-04:00,5.229917801684456,5.276364407097839,5.229917801684456,5.2484965324401855,78900,0.0,0.0
2025-06-09 00:00:00-04:00,5.229917801684456,5.2856539939516445,5.229917801684456,5.2484965324401855,59900,0.0,0.0
2025-06-10 00:00:00-04:00,5.23920694558638,5.267075263195915,5.23920694558638,5.2484965324401855,73600,0.0,0.0
2025-06-11 00:00:00-04:00,5.267074706719384,5.276363849639893,5.248495977926533,5.276363849639893,28300,0.0,0.0
2025-06-12 00:00:00-04:00,5.276363849639893,5.285653435512235,5.257785120847041,5.276363849639893,48000,0.0,0.0
2025-06-13 00:00:00-04:00,5.260451793670654,5.26981224260834,5.232371339519142,5.260451793670654,81900,0.043,0.0
2025-06-16 00:00:00-04:00,5.260451617758176,5.269812066382842,5.2417311668396,5.2417311668396,32100,0.0,0.0
2025-06-17 00:00:00-04:00,5.241731507858643,5.251091957092285,5.213651052819285,5.251091957092285,35800,0.0,0.0
2025-06-18 00:00:00-04:00,5.241731810541738,5.2510922603158985,5.232371807098389,5.232371807098389,35600,0.0,0.0
2025-06-20 00:00:00-04:00,5.223010890581458,5.288532694152938,5.204290439036859,5.260451793670654,146600,0.0,0.0
2025-06-23 00:00:00-04:00,5.26981224260834,5.288532694152938,5.241731342126056,5.260451793670654,32200,0.0,0.0
2025-06-24 00:00:00-04:00,5.26981224260834,5.2791722452152525,5.260451793670654,5.260451793670654,66200,0.0,0.0
2025-06-25 00:00:00-04:00,5.269811941592288,5.288532392067559,5.26045149318928,5.279171943664551,40100,0.0,0.0
2025-06-26 00:00:00-04:00,5.297892911431319,5.307253360748291,5.269812456141983,5.307253360748291,54600,0.0,0.0
2025-06-27 00:00:00-04:00,5.3072534968898495,5.32597394967322,5.288533044106479,5.297893047332764,43400,0.0,0.0
2025-06-30 00:00:00-04:00,5.3072530595016305,5.335333513197083,5.3072530595016305,5.3259735107421875,70000,0.0,0.0
2025-07-01 00:00:00-04:00,5.335333047707193,5.354053497314453,5.316612598099932,5.354053497314453,72700,0.0,0.0
2025-07-02 00:00:00-04:00,5.344693495676186,5.363413945283446,5.335333047707193,5.354053497314453,41300,0.0,0.0
2025-07-03 00:00:00-04:00,5.344693618712183,5.382134518788602,5.288532268597556,5.316612720489502,248700,0.0,0.0
2025-07-07 00:00:00-04:00,5.316613061956527,5.3446939619827445,5.29789261071597,5.3259735107421875,129900,0.0,0.0
2025-07-08 00:00:00-04:00,5.316613363734474,5.335333816037628,5.307253360748291,5.307253360748291,81800,0.0,0.0
2025-07-09 00:00:00-04:00,5.288533044106479,5.3166135001161345,5.288533044106479,5.297893047332764,110600,0.0,0.0
2025-07-10 00:00:00-04:00,5.3072530595016305,5.335333513197083,5.3072530595016305,5.3259735107421875,69900,0.0,0.0
2025-07-11 00:00:00-04:00,5.327859198696761,5.337288804009442,5.29956948345918,5.308999538421631,57400,0.042,0.0
2025-07-14 00:00:00-04:00,5.327859401702881,5.327859401702881,5.299569685387384,5.327859401702881,98000,0.0,0.0
2025-07-15 00:00:00-04:00,5.327859047920682,5.3372886529665085,5.299569333483687,5.318428993225098,62400,0.0,0.0
2025-07-16 00:00:00-04:00,5.318428993225098,5.327859047920682,5.308999388179271,5.318428993225098,85400,0.0,0.0
2025-07-17 00:00:00-04:00,5.308999388179271,5.327859047920682,5.308999388179271,5.318428993225098,77000,0.0,0.0
2025-07-18 00:00:00-04:00,5.318429419029674,5.327859474480248,5.290140151977539,5.290140151977539,103100,0.0,0.0
2025-07-21 00:00:00-04:00,5.299570034060385,5.318429696294948,5.271280765533447,5.271280765533447,106600,0.0,0.0
2025-07-22 00:00:00-04:00,5.290140151977539,5.337289080281028,5.271280490726184,5.290140151977539,61500,0.0,0.0
2025-07-23 00:00:00-04:00,5.308999813228893,5.308999813228893,5.280710096526965,5.290140151977539,113100,0.0,0.0
2025-07-24 00:00:00-04:00,5.308999813228893,5.318429419029674,5.290140151977539,5.290140151977539,83100,0.0,0.0
2025-07-25 00:00:00-04:00,5.280709946067008,5.308999661962895,5.280709946067008,5.299569606781006,49500,0.0,0.0
2025-07-28 00:00:00-04:00,5.299569606781006,5.308999661962895,5.290140001248897,5.299569606781006,54900,0.0,0.0
2025-07-29 00:00:00-04:00,5.290140151977539,5.308999813228893,5.290140151977539,5.290140151977539,35400,0.0,0.0
2025-07-30 00:00:00-04:00,5.308999661962895,5.308999661962895,5.290140001248897,5.299569606781006,73500,0.0,0.0
2025-07-31 00:00:00-04:00,5.318429267495004,5.318429267495004,5.299569606781006,5.299569606781006,56700,0.0,0.0
2025-08-01 00:00:00-04:00,5.29014042776801,5.299570034060385,5.271280765533447,5.271280765533447,60600,0.0,0.0
2025-08-04 00:00:00-04:00,5.280710371825821,5.3090000900025744,5.261850709591257,5.271280765533447,86800,0.0,0.0
2025-08-05 00:00:00-04:00,5.27128056376487,5.280710169696308,5.242990846670961,5.252420902252197,94200,0.0,0.0
2025-08-06 00:00:00-04:00,5.271280765533447,5.280710371825821,5.252421103298883,5.271280765533447,138000,0.0,0.0
2025-08-07 00:00:00-04:00,5.27128056376487,5.27128056376487,5.242990846670961,5.252420902252197,81700,0.0,0.0
2025-08-08 00:00:00-04:00,5.271280208964192,5.271280208964192,5.224130833531151,5.242990493774414,71700,0.0,0.0
2025-08-11 00:00:00-04:00,5.233560888477667,5.261850154017676,5.233560888477667,5.242990493774414,88800,0.0,0.0
2025-08-12 00:00:00-04:00,5.233561038970947,5.261850305324426,5.233561038970947,5.233561038970947,142300,0.0,0.0
2025-08-13 00:00:00-04:00,5.233561098230995,5.262055731427626,5.233561098230995,5.243059158325195,86700,0.04,0.0
2025-08-14 00:00:00-04:00,5.214564013169593,5.243059098957601,5.214564013169593,5.233561038970947,78600,0.0,0.0
2025-08-15 00:00:00-04:00,5.252557277679443,5.252557277679443,5.2335607060007145,5.252557277679443,115600,0.0,0.0
2025-08-18 00:00:00-04:00,5.243059098957601,5.252557611858278,5.233561038970947,5.233561038970947,85800,0.0,0.0
2025-08-19 00:00:00-04:00,5.252557671333425,5.252557671333425,5.233561098230995,5.243059158325195,58600,0.0,0.0
2025-08-20 00:00:00-04:00,5.243059158325195,5.252557671333425,5.233561098230995,5.243059158325195,80300,0.0,0.0
2025-08-21 00:00:00-04:00,5.252557277679443,5.262055337061811,5.2335607060007145,5.252557277679443,94500,0.0,0.0
2025-08-22 00:00:00-04:00,5.262056350708008,5.281052926046105,5.252558289496,5.262056350708008,67800,0.0,0.0
2025-08-25 00:00:00-04:00,5.252557671333425,5.281052304530057,5.243059158325195,5.243059158325195,135800,0.0,0.0
2025-08-26 00:00:00-04:00,5.243058765383082,5.281051908740539,5.243058765383082,5.252557277679443,93600,0.0,0.0
2025-08-27 00:00:00-04:00,5.252557896146758,5.281052530562981,5.233561322231259,5.271554470062256,203300,0.0,0.0
2025-08-28 00:00:00-04:00,5.252557896146758,5.300049104478479,5.2430593827319845,5.271554470062256,130300,0.0,0.0
2025-08-29 00:00:00-04:00,5.262055065045466,5.2810516357421875,5.252557006154091,5.2810516357421875,72700,0.0,0.0
2025-09-02 00:00:00-04:00,5.252558036759822,5.300049246362902,5.252558036759822,5.29055118560791,100000,0.0,0.0
2025-09-03 00:00:00-04:00,5.271554864834098,5.300049501384204,5.262056350708008,5.262056350708008,46700,0.0,0.0
2025-09-04 00:00:00-04:00,5.252557006154091,5.300048206438909,5.252557006154091,5.2810516357421875,160500,0.0,0.0
2025-09-05 00:00:00-04:00,5.300048206438909,5.300048206438909,5.271553576850812,5.2810516357421875,88700,0.0,0.0
2025-09-08 00:00:00-04:00,5.2810516357421875,5.2810516357421875,5.271553576850812,5.2810516357421875,97400,0.0,0.0
2025-09-09 00:00:00-04:00,5.271554470062256,5.281052530562981,5.262055956647482,5.271554470062256,84500,0.0,0.0
2025-09-10 00:00:00-04:00,5.271553576850812,5.290550147547534,5.271553576850812,5.2810516357421875,49500,0.0,0.0
2025-09-11 00:00:00-04:00,5.281052530562981,5.290551043977754,5.271554470062256,5.271554470062256,95900,0.0,0.0
2025-09-12 00:00:00-04:00,5.300255961872729,5.319390441813707,5.2428525220497955,5.271554470062256,188700,0.04,0.0
2025-09-15 00:00:00-04:00,5.281121771299408,5.35765969525705,5.271554758905709,5.300256252288818,126900,0.0,0.0
2025-09-16 00:00:00-04:00,5.309823513031006,5.328957993271395,5.300256044809814,5.309823513031006,97700,0.0,0.0
2025-09-17 00:00:00-04:00,5.319390733278229,5.338525214267639,5.290689239895119,5.300256252288818,62700,0.0,0.0
2025-09-18 00:00:00-04:00,5.3098229930761525,5.338524482525198,5.290688514709473,5.290688514709473,99100,0.0,0.0
2025-09-19 00:00:00-04:00,5.30982372088453,5.319390733278229,5.300256252288818,5.300256252288818,47300,0.0,0.0
2025-09-22 00:00:00-04:00,5.30982372088453,5.319390733278229,5.290689239895119,5.300256252288818,69400,0.0,0.0
2025-09-23 00:00:00-04:00,5.319390525050204,5.338525005290593,5.281121564569425,5.309823513031006,143500,0.0,0.0
2025-09-24 00:00:00-04:00,5.290688950003234,5.3098234299442115,5.271554470062256,5.271554470062256,129500,0.0,0.0
2025-09-25 00:00:00-04:00,5.271554242510758,5.300255733082305,5.261986774852264,5.281121253967285,128100,0.0,0.0
2025-09-26 00:00:00-04:00,5.261987001990773,5.281121481931751,5.261987001990773,5.271554470062256,188200,0.0,0.0
2025-09-29 00:00:00-04:00,5.261987209320068,5.28112169001497,5.252419740871615,5.261987209320068,147600,0.0,0.0
2025-09-30 00:00:00-04:00,5.242852210998535,5.26198668980429,5.233284743494678,5.242852210998535,103400,0.0,0.0
2025-10-01 00:00:00-04:00,5.2428527286251665,5.28112169001497,5.2428527286251665,5.261987209320068,127700,0.0,0.0
2025-10-02 00:00:00-04:00,5.252419740871615,5.271554677768522,5.252419740871615,5.261987209320068,80000,0.0,0.0
2025-10-03 00:00:00-04:00,5.242852210998535,5.26198668980429,5.242852210998535,5.242852210998535,117500,0.0,0.0
2025-10-06 00:00:00-04:00,5.26198668980429,5.271554157308148,5.233284743494678,5.242852210998535,103300,0.0,0.0
2025-10-07 00:00:00-04:00,5.26198668980429,5.300255647415801,5.233284743494678,5.242852210998535,78300,0.0,0.0
2025-10-08 00:00:00-04:00,5.261986774852264,5.290688721625779,5.242852295737244,5.281121253967285,150700,0.0,0.0
2025-10-09 00:00:00-04:00,5.290688950003234,5.300255961872729,5.271554470062256,5.271554470062256,67400,0.0,0.0
2025-10-10 00:00:00-04:00,5.271554595442512,5.271554595442512,5.20458368595524,5.223718166351318,103600,0.0,0.0
2025-10-13 00:00:00-04:00,5.261986897699945,5.281121377261684,5.223717938576467,5.233284950256348,95400,0.0,0.0
2025-10-14 00:00:00-04:00,5.241957433973073,5.241957433973073,5.213049378610664,5.232321262359619,98600,0.039,0.0
2025-10-15 00:00:00-04:00,5.251593112945557,5.280501168125414,5.232321229318301,5.251593112945557,51100,0.0,0.0
2025-10-16 00:00:00-04:00,5.270864814733675,5.270864814733675,5.213049165846486,5.22268533706665,45900,0.0,0.0
2025-10-17 00:00:00-04:00,5.241957252645331,5.241957252645331,5.19377731520059,5.203413486480713,68600,0.0,0.0
2025-10-20 00:00:00-04:00,5.232321048808882,5.251592931771278,5.193777282884089,5.22268533706665,78200,0.0,0.0
2025-10-21 00:00:00-04:00,5.241957630603823,5.2805013995475445,5.241957630603823,5.261229515075684,64000,0.0,0.0
2025-10-22 00:00:00-04:00,5.280501102163145,5.290136814117432,5.24195733539011,5.290136814117432,36700,0.0,0.0
2025-10-23 00:00:00-04:00,5.290136847037941,5.299773018530137,5.251593080025048,5.270864963531494,102000,0.0,0.0
2025-10-24 00:00:00-04:00,5.251593112945557,5.290136880200068,5.241957400870904,5.251593112945557,84800,0.0,0.0
2025-10-27 00:00:00-04:00,5.261229070495953,5.261229070495953,5.241957187652588,5.241957187652588,75400,0.0,0.0
2025-10-28 00:00:00-04:00,5.251593112945557,5.251593112945557,5.222685517243648,5.251593112945557,54100,0.0,0.0
2025-10-29 00:00:00-04:00,5.232321048808882,5.251592931771278,5.22268533706665,5.22268533706665,51800,0.0,0.0
2025-10-30 00:00:00-04:00,5.222685550224118,5.251593146108574,5.213049378610664,5.232321262359619,58800,0.0,0.0
2025-10-31 00:00:00-04:00,5.213049165846486,5.241957220029047,5.213049165846486,5.22268533706665,85000,0.0,0.0
2025-11-03 00:00:00-05:00,5.241957252645331,5.241957252645331,5.203413486480713,5.203413486480713,48600,0.0,0.0
2025-11-04 00:00:00-05:00,5.2226855834484365,5.232321295645235,5.193777527902129,5.213049411773682,37600,0.0,0.0
2025-11-05 00:00:00-05:00,5.23232101649194,5.261229070495953,5.213049133648575,5.241957187652588,188900,0.0,0.0
2025-11-06 00:00:00-05:00,5.251593146108574,5.261229317722027,5.213049378610664,5.232321262359619,54900,0.0,0.0
2025-11-07 00:00:00-05:00,5.203413486480713,5.251592964447517,5.203413486480713,5.203413486480713,45300,0.0,0.0
2025-11-10 00:00:00-05:00,5.232321295645235,5.241957467319989,5.184141815705329,5.213049411773682,97200,0.0,0.0
2025-11-11 00:00:00-05:00,5.203413699576883,5.241957467319989,5.203413699576883,5.213049411773682,63400,0.0,0.0
2025-11-12 00:00:00-05:00,5.222685550224118,5.251593146108574,5.222685550224118,5.232321262359619,58300,0.0,0.0
2025-11-13 00:00:00-05:00,5.250762201300457,5.2701735038582385,5.221645478864764,5.231350898742676,53000,0.039,0.0
2025-11-14 00:00:00-05:00,5.241056518647163,5.241056518647163,5.211939334869385,5.211939334869385,54400,0.0,0.0
2025-11-17 00:00:00-05:00,5.211939334869385,5.231350636453925,5.202233915478082,5.211939334869385,95800,0.0,0.0
2025-11-18 00:00:00-05:00,5.192528123875812,5.21193942579901,5.1828227043151855,5.1828227043151855,92100,0.0,0.0
2025-11-19 00:00:00-05:00,5.173116774623194,5.182822656896965,5.144000053405762,5.144000053405762,143000,0.0,0.0
2025-11-20 00:00:00-05:00,5.153706030543636,5.163411913867649,5.105178002329539,5.1148834228515625,107600,0.0,0.0
2025-11-21 00:00:00-05:00,5.0954719962433215,5.144000486090239,5.0954719962433215,5.105177879333496,93100,0.0,0.0
2025-11-24 00:00:00-05:00,5.1148832068613554,5.153705812914036,5.1148832068613554,5.134294509887695,66800,0.0,0.0
2025-11-25 00:00:00-05:00,5.153705382554559,5.192527985365363,5.153705382554559,5.173116683959961,113800,0.0,0.0
2025-11-26 00:00:00-05:00,5.1925280332848445,5.221645217062623,5.173116731700304,5.211939334869385,131200,0.0,0.0
2025-11-28 00:00:00-05:00,5.163411312309002,5.221645217062623,5.163411312309002,5.211939334869385,133500,0.0,0.0
2025-12-01 00:00:00-05:00,5.182822566063628,5.20223386746903,5.173116683959961,5.173116683959961,104500,0.0,0.0
2025-12-02 00:00:00-05:00,5.1828227043151855,5.202234006238383,5.173116821952615,5.1828227043151855,59200,0.0,0.0
2025-12-03 00:00:00-05:00,5.1828227043151855,5.192528123875812,5.173116821952615,5.1828227043151855,83200,0.0,0.0
2025-12-04 00:00:00-05:00,5.202234130427524,5.202234130427524,5.173116945446663,5.192528247833252,41800,0.0,0.0
2025-12-05 00:00:00-05:00,5.1828227043151855,5.21193942579901,5.1828227043151855,5.1828227043151855,59900,0.0,0.0
2025-12-08 00:00:00-05:00,5.182822566063628,5.192527985365363,5.173116683959961,5.173116683959961,59500,0.0,0.0
2025-12-09 00:00:00-05:00,5.173116683959961,5.182822566063628,5.173116683959961,5.173116683959961,42100,0.0,0.0
2025-12-10 00:00:00-05:00,5.173116821952615,5.1828227043151855,5.173116821952615,5.1828227043151855,61500,0.0,0.0
2025-12-11 00:00:00-05:00,5.182822566063628,5.182822566063628,5.163411264658226,5.173116683959961,77600,0.0,0.0
2025-12-12 00:00:00-05:00,5.162362098693848,5.191693439282381,5.162362098693848,5.162362098693848,51000,0.039,0.0
2025-12-15 00:00:00-05:00,5.181916592333763,5.191693550668618,5.152584784902672,5.1721391677856445,124600,0.0,0.0
2025-12-16 00:00:00-05:00,5.181916838426127,5.191693797225296,5.152585029602051,5.152585029602051,130700,0.0,0.0
2025-12-17 00:00:00-05:00,5.152585029602051,5.172139413413674,5.152585029602051,5.152585029602051,92500,0.0,0.0
2025-12-18 00:00:00-05:00,5.172139302492006,5.172139302492006,5.133030535707487,5.142807960510254,57300,0.0,0.0
2025-12-19 00:00:00-05:00,5.152585029602051,5.162362454614505,5.133030645790428,5.152585029602051,144400,0.0,0.0
2025-12-22 00:00:00-05:00,5.16236220945079,5.1721391677856445,5.142807826567816,5.1721391677856445,174300,0.0,0.0
2025-12-23 00:00:00-05:00,5.1819164811572875,5.191693439282381,5.162362098693848,5.162362098693848,110400,0.0,0.0
2025-12-24 00:00:00-05:00,5.181916824034381,5.1916937828063965,5.172139399049082,5.1916937828063965,69000,0.0,0.0
2025-12-26 00:00:00-05:00,5.1819167137146,5.201471097055613,5.172139288937457,5.1819167137146,127100,0.0,0.0
2025-12-29 00:00:00-05:00,5.181916592333763,5.191693550668618,5.16236220945079,5.1721391677856445,161200,0.0,0.0
2025-12-30 00:00:00-05:00,5.16236220945079,5.181916592333763,5.16236220945079,5.1721391677856445,150100,0.0,0.0
2025-12-31 00:00:00-05:00,5.152585029602051,5.172139413413674,5.152585029602051,5.152585029602051,153600,0.0,0.0
2026-01-02 00:00:00-05:00,5.172139413413674,5.172139413413674,5.123253220777975,5.152585029602051,338500,0.0,0.0
2026-01-05 00:00:00-05:00,5.16236220945079,5.1721391677856445,5.152584784902672,5.1721391677856445,70300,0.0,0.0
2026-01-06 00:00:00-05:00,5.1721391677856445,5.181916592333763,5.133030402019698,5.1721391677856445,301700,0.0,0.0
2026-01-07 00:00:00-05:00,5.152584905596442,5.1819167137146,5.152584905596442,5.1819167137146,203500,0.0,0.0
2026-01-08 00:00:00-05:00,5.1819165675380505,5.250356674194336,5.1623621847486465,5.250356674194336,315200,0.0,0.0
2026-01-09 00:00:00-05:00,5.21124792098999,5.221025345514541,5.191693538154153,5.21124792098999,137600,0.0,0.0
2026-01-12 00:00:00-05:00,5.221025222726581,5.250356563183893,5.211247798431977,5.240579605102539,134300,0.0,0.0
2026-01-13 00:00:00-05:00,5.250356674194336,5.260134098695668,5.230802291404931,5.250356674194336,44000,0.0,0.0
2026-01-14 00:00:00-05:00,5.269069442890081,5.269069442890081,5.229674568035213,5.2493720054626465,56300,0.039,0.0
2026-01-15 00:00:00-05:00,5.269069692855357,5.269069692855357,5.219826331762638,5.229674816131592,69300,0.0,0.0
2026-01-16 00:00:00-05:00,5.239523659411734,5.239523659411734,5.209977267681247,5.2198262214660645,64300,0.0,0.0
2026-01-20 00:00:00-05:00,5.2001288934007555,5.239523770124521,5.2001288934007555,5.229674816131592,99200,0.0,0.0
2026-01-21 00:00:00-05:00,5.239523521560906,5.259220958988339,5.239523521560906,5.2493720054626465,42800,0.0,0.0
2026-01-22 00:00:00-05:00,5.259221208486403,5.259221208486403,5.229674816131592,5.229674816131592,55700,0.0,0.0
2026-01-23 00:00:00-05:00,5.229674795065782,5.269069671630859,5.229674795065782,5.269069671630859,176100,0.0,0.0
2026-01-26 00:00:00-05:00,5.278918535303074,5.278918535303074,5.2198262214660645,5.2198262214660645,186200,0.0,0.0
2026-01-27 00:00:00-05:00,5.209977377769709,5.239523770124521,5.209977377769709,5.229674816131592,185800,0.0,0.0
2026-01-28 00:00:00-05:00,5.259221076965332,5.259221076965332,5.200128763357447,5.259221076965332,108300,0.0,0.0
2026-01-29 00:00:00-05:00,5.239523521560906,5.259220958988339,5.209977130607779,5.2493720054626465,95600,0.0,0.0
2026-01-30 00:00:00-05:00,5.229674816131592,5.229674816131592,5.209977377769709,5.229674816131592,20300,0.0,0.0
2026-02-02 00:00:00-05:00,5.229674816131592,5.239523770124521,5.2001288934007555,5.229674816131592,60400,0.0,0.0
2026-02-03 00:00:00-05:00,5.219826353107959,5.229674837517186,5.180431476223097,5.190279960632324,157900,0.0,0.0
2026-02-04 00:00:00-05:00,5.209977399074755,5.219826353107959,5.170582522189894,5.190279960632324,90100,0.0,0.0
2026-02-05 00:00:00-05:00,5.200128685638447,5.209977169613921,5.170582294464111,5.170582294464111,72300,0.0,0.0
2026-02-06 00:00:00-05:00,5.200128914665528,5.200128914665528,5.180431476223097,5.190279960632324,83200,0.0,0.0
2026-02-09 00:00:00-05:00,5.170582412143211,5.200128803990003,5.170582412143211,5.180431365966797,120800,0.0,0.0
2026-02-10 00:00:00-05:00,5.18043111821666,5.219825992379043,5.170582164864093,5.200128555297852,105100,0.0,0.0
2026-02-11 00:00:00-05:00,5.219825992379043,5.219825992379043,5.190279601945284,5.200128555297852,22100,0.0,0.0
2026-02-12 00:00:00-05:00,5.209977399074755,5.229674837517186,5.190279960632324,5.190279960632324,91600,0.0,0.0
2026-02-13 00:00:00-05:00,5.199209334929037,5.228976010062329,5.199209334929037,5.209131717681885,108500,0.039,0.0
2026-02-17 00:00:00-05:00,5.209131717681885,5.228976010062329,5.199209334929037,5.209131717681885,71500,0.0,0.0
2026-02-18 00:00:00-05:00,5.209131595777479,5.219053978298123,5.189287303861432,5.199209213256836,58200,0.0,0.0
2026-02-19 00:00:00-05:00,5.219054339000044,5.219054339000044,5.1793652792997,5.1892876625061035,29300,0.0,0.0
2026-02-20 00:00:00-05:00,5.169443248232136,5.209131833878332,5.169443248232136,5.179365158081055,27800,0.0,0.0
2026-02-23 00:00:00-05:00,5.169443128027765,5.179365037645971,5.119832160560988,5.129754543304443,120300,0.0,0.0
2026-02-24 00:00:00-05:00,5.149598835666104,5.1595207452843095,5.109910250942782,5.129754543304443,141000,0.0,0.0
2026-02-25 00:00:00-05:00,5.149598835666104,5.169443128027765,5.119832160560988,5.129754543304443,129000,0.0,0.0
2026-02-26 00:00:00-05:00,5.119832276514707,5.1396765693257995,5.099987983703613,5.099987983703613,56500,0.0,0.0
2026-02-27 00:00:00-05:00,5.090065953611575,5.109910245953861,5.040454986193234,5.050377368927002,87500,0.0,0.0
2026-03-02 00:00:00-05:00,5.040455224456809,5.099988104297802,5.020610931176478,5.070221900939941,126700,0.0,0.0
2026-03-03 00:00:00-05:00,5.060299152861576,5.080143444711024,4.990844367951127,5.000766277313232,168500,0.0,0.0
2026-03-04 00:00:00-05:00,5.000766280775578,5.050377246996166,5.000766280775578,5.040454864501953,61400,0.0,0.0
2026-03-05 00:00:00-05:00,5.040454864501953,5.06029915636514,5.010688663269791,5.040454864501953,95600,0.0,0.0
2026-03-06 00:00:00-05:00,5.010688897888636,5.020610807722191,4.980922222137451,4.980922222137451,87000,0.0,0.0
2026-03-09 00:00:00-04:00,4.980922220520587,4.980922220520587,4.9213893421628025,4.9412336349487305,95600,0.0,0.0
2026-03-10 00:00:00-04:00,4.961077811825789,4.980922104148083,4.931311136779725,4.9710001945495605,103900,0.0,0.0
2026-03-11 00:00:00-04:00,4.990844364440363,4.990844364440363,4.951155307644149,4.961077690124512,66200,0.0,0.0
2026-03-12 00:00:00-04:00,4.931311136779725,4.990844486871853,4.931311136779725,4.9710001945495605,126600,0.0,0.0
2026-03-13 00:00:00-04:00,4.960000038146973,4.989999771118164,4.949999809265137,4.949999809265137,57200,0.039,0.0
2026-03-16 00:00:00-04:00,4.949999809265137,4.980000019073486,4.949999809265137,4.960000038146973,64000,0.0,0.0
2026-03-17 00:00:00-04:00,4.980000019073486,4.989999771118164,4.949999809265137,4.980000019073486,41100,0.0,0.0
2026-03-18 00:00:00-04:00,4.989999771118164,5.010000228881836,4.960000038146973,4.989999771118164,58500,0.0,0.0
2026-03-19 00:00:00-04:00,4.980000019073486,5.0,4.940000057220459,4.940000057220459,57400,0.0,0.0
2026-03-20 00:00:00-04:00,4.960000038146973,5.0,4.949999809265137,4.989999771118164,189900,0.0,0.0
2026-03-23 00:00:00-04:00,4.989999771118164,5.039999961853027,4.96999979019165,4.989999771118164,49800,0.0,0.0
2026-03-24 00:00:00-04:00,4.96999979019165,5.0,4.96999979019165,4.980000019073486,45600,0.0,0.0
2026-03-25 00:00:00-04:00,5.010000228881836,5.03000020980835,4.96999979019165,4.989999771118164,72600,0.0,0.0
2026-03-26 00:00:00-04:00,4.96999979019165,5.0,4.909999847412109,4.929999828338623,69800,0.0,0.0
2026-03-27 00:00:00-04:00,4.900000095367432,4.940000057220459,4.849999904632568,4.849999904632568,135800,0.0,0.0
2026-03-30 00:00:00-04:00,4.849999904632568,4.880000114440918,4.849999904632568,4.860000133514404,93400,0.0,0.0
2026-03-31 00:00:00-04:00,4.860000133514404,4.989999771118164,4.860000133514404,4.989999771118164,100600,0.0,0.0
2026-04-01 00:00:00-04:00,4.96999979019165,5.018199920654297,4.980000019073486,5.0,57857,0.0,0.0
