Date,Open,High,Low,Close,Volume,Dividends,Stock Splits
2022-01-03 00:00:00-05:00,58.70458166477706,59.20728699397058,58.34352266660763,59.176734924316406,1689100,0.0,0.0
2022-01-04 00:00:00-05:00,59.1767246497055,59.491498143576095,58.473123074362235,58.60273361206055,2269100,0.0,0.0
2022-01-05 00:00:00-05:00,58.66753695218466,59.39428475606284,57.88061383824551,58.43608856201172,1735700,0.0,0.0
2022-01-06 00:00:00-05:00,63.97234158769643,66.2683130116004,62.04668904677635,62.78732681274414,5555900,0.0,0.0
2022-01-07 00:00:00-05:00,62.76880153342722,65.43045782082947,62.25961228793101,65.0277328491211,3026100,0.0,0.0
2022-01-10 00:00:00-05:00,65.02773798839677,65.43508941698755,62.67622148713564,63.45389175415039,2278600,0.0,0.0
2022-01-11 00:00:00-05:00,63.370569325355,64.43523338187903,63.370569325355,64.18527221679688,1711600,0.0,0.0
2022-01-12 00:00:00-05:00,64.40745923556916,64.66668030848393,63.63997415214012,63.722373962402344,1460100,0.0,0.0
2022-01-13 00:00:00-05:00,63.79644319267846,64.26766757897221,63.620540140647286,63.91679382324219,1078400,0.0,0.0
2022-01-14 00:00:00-05:00,63.32429473071413,63.96308762345935,63.05581369215622,63.814964294433594,1190000,0.0,0.0
2022-01-18 00:00:00-05:00,63.20392635531173,63.29187787797516,62.287392663348236,62.69474411010742,1174000,0.0,0.0
2022-01-19 00:00:00-05:00,62.870645406252166,63.055801296948765,61.907819235492006,62.05594253540039,1093400,0.0,0.0
2022-01-20 00:00:00-05:00,61.89856070460987,62.42626277445136,60.370999850886186,60.48209762573242,1232600,0.0,0.0
2022-01-21 00:00:00-05:00,60.58394118929325,61.17644858441998,59.67666026742996,60.00068664550781,1381400,0.0,0.0
2022-01-24 00:00:00-05:00,59.37114928171081,60.21362496522754,57.769530086397815,60.04698181152344,1860900,0.0,0.0
2022-01-25 00:00:00-05:00,59.3989200067972,60.00994010209661,58.246304446768136,59.250789642333984,1359700,0.0,0.0
2022-01-26 00:00:00-05:00,59.71368739933438,60.7968642197715,58.65365330000113,58.99156951904297,1138500,0.0,0.0
2022-01-27 00:00:00-05:00,59.676655272420206,60.287682445576394,58.517562689430456,58.8712158203125,895200,0.0,0.0
2022-01-28 00:00:00-05:00,58.56570131715216,59.28782272338867,58.01022657231389,59.28782272338867,1246700,0.0,0.0
2022-01-31 00:00:00-05:00,58.80642070256174,59.9034875915521,58.65829384060558,59.44521713256836,1171900,0.0,0.0
2022-02-01 00:00:00-05:00,59.41743679046631,59.963651654076955,58.84344571582855,59.7970085144043,1169900,0.0,0.0
2022-02-02 00:00:00-05:00,59.602589884871044,60.111779194095625,59.16746929101868,59.51927185058594,1075100,0.0,0.0
2022-02-03 00:00:00-05:00,59.1893534537384,59.96999510870412,58.91984895897157,59.44956970214844,1062300,0.245,0.0
2022-02-04 00:00:00-05:00,58.86409237030342,59.18006648365417,58.07415885949276,58.3157844543457,679100,0.0,0.0
2022-02-07 00:00:00-05:00,58.390129059852235,60.04434448911477,58.17637885606163,59.72836685180664,1306400,0.0,0.0
2022-02-08 00:00:00-05:00,59.94211997072746,60.40678756739977,59.25441036779418,60.13727951049805,883000,0.0,0.0
2022-02-09 00:00:00-05:00,60.59263531402912,61.884410314732726,60.539663959782146,61.8751220703125,1190700,0.0,0.0
2022-02-10 00:00:00-05:00,61.280368016659985,62.89740934957088,61.02944353122068,61.54058074951172,1201400,0.0,0.0
2022-02-11 00:00:00-05:00,61.84726579225763,62.59072976296566,61.257135903494834,61.56846237182617,1091100,0.0,0.0
2022-02-14 00:00:00-05:00,61.61492725340191,61.90301889959045,60.31385654146936,60.75993347167969,604000,0.0,0.0
2022-02-15 00:00:00-05:00,60.94581002052513,62.15859285759892,60.92721934417621,62.07030487060547,686300,0.0,0.0
2022-02-16 00:00:00-05:00,61.67997520634829,62.61859858381074,61.50339926254683,62.38626480102539,704600,0.0,0.0
2022-02-17 00:00:00-05:00,62.21897889753344,62.25615315044643,61.391871268444774,61.45692443847656,536300,0.0,0.0
2022-02-18 00:00:00-05:00,61.15953779220581,62.088872848596786,61.07124982740646,61.80078125,940600,0.0,0.0
2022-02-22 00:00:00-05:00,61.60563461804216,62.45132600921798,61.02015596261275,61.968074798583984,1168500,0.0,0.0
2022-02-23 00:00:00-05:00,62.172522444444596,62.56284150258807,61.36399831806358,61.475521087646484,586300,0.0,0.0
2022-02-24 00:00:00-05:00,60.32315419550606,60.40679096428314,58.22285455516595,60.01647186279297,1212600,0.0,0.0
2022-02-25 00:00:00-05:00,60.49042865220977,63.17621407586078,60.3231551121139,63.04610061645508,1179100,0.0,0.0
2022-02-28 00:00:00-05:00,61.503410650514105,62.6232613925544,61.23390256174928,61.73574447631836,846700,0.0,0.0
2022-03-01 00:00:00-05:00,61.6520918785357,61.6520918785357,58.98490447390313,59.2451171875,906500,0.0,0.0
2022-03-02 00:00:00-05:00,59.245128331221935,59.32876865420074,58.25073979421442,59.012794494628906,1463300,0.0,0.0
2022-03-03 00:00:00-05:00,59.19865592365023,59.5889785707321,56.3920630532082,56.77309036254883,1521200,0.0,0.0
2022-03-04 00:00:00-05:00,55.63000953064202,55.825169085462,53.67840334704413,53.9200325012207,1983400,0.0,0.0
2022-03-07 00:00:00-05:00,53.67840892937763,53.896803306588026,48.39049199780431,48.929508209228516,2860400,0.0,0.0
2022-03-08 00:00:00-05:00,48.93878565829323,50.20268194689935,47.12658152522216,48.10238265991211,2658300,0.0,0.0
2022-03-09 00:00:00-05:00,49.91459087353591,51.24354044342178,49.50568467708345,49.55215072631836,2195600,0.0,0.0
2022-03-10 00:00:00-05:00,48.464832448447794,48.743632301436996,47.31245523225797,47.70277786254883,1335900,0.0,0.0
2022-03-11 00:00:00-05:00,47.9536923751127,48.14885545112959,46.531810728478604,46.56898498535156,1500800,0.0,0.0
2022-03-14 00:00:00-04:00,46.99647952727938,47.41468106515498,46.19725070936875,46.42958450317383,1556400,0.0,0.0
2022-03-15 00:00:00-04:00,46.37382993937619,47.126589215627035,46.37382993937619,46.996482849121094,1204100,0.0,0.0
2022-03-16 00:00:00-04:00,47.29387766747369,49.33841624477168,47.27993820377497,49.329124450683594,1761500,0.0,0.0
2022-03-17 00:00:00-04:00,49.03172995392588,49.86813316050077,48.82727859408873,49.710147857666016,1318800,0.0,0.0
2022-03-18 00:00:00-04:00,49.803078149496216,50.992626181872986,49.53357006555686,50.723121643066406,2135100,0.0,0.0
2022-03-21 00:00:00-04:00,50.7138179286035,51.61527414213408,50.4536052257832,50.63947296142578,1280400,0.0,0.0
2022-03-22 00:00:00-04:00,50.66735176039557,51.83831246543239,50.48148402519533,51.782554626464844,1152000,0.0,0.0
2022-03-23 00:00:00-04:00,51.48517746946691,52.21934966831787,50.704535669120304,50.927574157714844,1254200,0.0,0.0
2022-03-24 00:00:00-04:00,51.29930341162601,51.838315980612,50.85322294397582,51.81972885131836,898500,0.0,0.0
2022-03-25 00:00:00-04:00,52.08923545819621,53.315957596364996,51.71750351806973,53.17655944824219,1068900,0.0,0.0
2022-03-28 00:00:00-04:00,53.4088977452275,53.93861855206665,52.90705586133801,53.910736083984375,1053700,0.0,0.0
2022-03-29 00:00:00-04:00,54.92370969185116,56.113261175649164,54.73784548528405,55.416259765625,1395900,0.0,0.0
2022-03-30 00:00:00-04:00,55.053824118950466,55.509196425606476,54.9515966698673,55.49990463256836,1070200,0.0,0.0
2022-03-31 00:00:00-04:00,55.258270161028285,56.38276490260065,54.85865574127407,55.67647171020508,1653400,0.0,0.0
2022-04-01 00:00:00-04:00,56.20619412177361,56.90319554224968,55.425552389035126,56.87531661987305,1642300,0.0,0.0
2022-04-04 00:00:00-04:00,56.6801553244064,56.6801553244064,55.667179816092535,56.40135192871094,1545800,0.0,0.0
2022-04-05 00:00:00-04:00,56.11326525605514,56.54075863445767,55.76940864961016,56.029624938964844,1254400,0.0,0.0
2022-04-06 00:00:00-04:00,55.667183262416316,56.62439744182519,55.202515634333146,56.16902160644531,1462600,0.0,0.0
2022-04-07 00:00:00-04:00,58.687513162889225,61.520123323208765,58.687513162889225,60.64841079711914,3190700,0.0,0.0
2022-04-08 00:00:00-04:00,61.001567209474565,62.530327715560496,60.73205912745377,61.6428108215332,2049300,0.0,0.0
2022-04-11 00:00:00-04:00,61.33612827191551,62.72083584914351,60.9365138192606,61.298954010009766,1663600,0.0,0.0
2022-04-12 00:00:00-04:00,61.224595459832315,62.51637071588281,60.834276409140294,61.5777473449707,908200,0.0,0.0
2022-04-13 00:00:00-04:00,61.3918790239917,62.804472452081114,61.3918790239917,62.562843322753906,747600,0.0,0.0
2022-04-14 00:00:00-04:00,62.90669556977416,64.29140289190639,62.90669556977416,63.8546142578125,1428000,0.0,0.0
2022-04-18 00:00:00-04:00,63.60371361014534,64.02191168145517,62.16324098182745,62.41416549682617,944100,0.0,0.0
2022-04-19 00:00:00-04:00,62.321211453803784,63.84532049745661,61.971781955956104,63.25984191894531,952500,0.0,0.0
2022-04-20 00:00:00-04:00,63.520063502962564,64.53304262170606,62.99034268920699,64.26353454589844,859400,0.0,0.0
2022-04-21 00:00:00-04:00,64.72821035555621,64.83508193852019,63.580480598990825,63.808170318603516,592400,0.0,0.0
2022-04-22 00:00:00-04:00,63.705930185137326,64.10554460091544,63.194792993933405,63.38065719604492,984100,0.0,0.0
2022-04-25 00:00:00-04:00,63.34349732177089,64.38434831787201,61.78221373735356,64.25424194335938,717700,0.0,0.0
2022-04-26 00:00:00-04:00,63.836051064715505,63.84999052853128,61.670697875290834,61.68928146362305,746000,0.0,0.0
2022-04-27 00:00:00-04:00,61.55916812283839,62.99034533186009,61.36586621078664,62.11676788330078,637600,0.0,0.0
2022-04-28 00:00:00-04:00,62.67435001365835,63.17619172721495,61.74501508268602,62.971736907958984,778100,0.0,0.0
2022-04-29 00:00:00-04:00,63.0832697537599,63.6408765365161,61.122371947790946,61.429054260253906,930600,0.0,0.0
2022-05-02 00:00:00-04:00,61.88442449808693,62.246871731170124,59.95141276647563,61.215309143066406,1019100,0.0,0.0
2022-05-03 00:00:00-04:00,61.2525039231203,61.67534617124185,60.4161005862714,61.38261032104492,1050100,0.0,0.0
2022-05-04 00:00:00-04:00,61.336117963941646,61.54986816141106,59.57967515310446,61.233890533447266,1021200,0.0,0.0
2022-05-05 00:00:00-04:00,60.846789400182075,60.88409528602465,58.53343305792699,59.16773986816406,1121500,0.245,0.0
2022-05-06 00:00:00-04:00,58.682680721730904,59.214378546941276,57.63794157234467,58.90655517578125,1030600,0.0,0.0
2022-05-09 00:00:00-04:00,58.31888594181015,58.84125727861587,57.274146826562344,58.50544738769531,1300300,0.0,0.0
2022-05-10 00:00:00-04:00,58.962516922042525,60.212477493803775,57.30212759020201,58.22560119628906,798300,0.0,0.0
2022-05-11 00:00:00-04:00,58.60806074975202,59.466238483379854,57.09691612744649,57.21818161010742,1187500,0.0,0.0
2022-05-12 00:00:00-04:00,56.91035649619282,57.992408728088265,56.5185806204346,57.31146240234375,1098500,0.0,0.0
2022-05-13 00:00:00-04:00,57.60995389969505,59.324448236290394,57.60995389969505,59.261016845703125,1249100,0.0,0.0
2022-05-16 00:00:00-04:00,59.2050504387737,60.23113305875749,58.83192754512671,59.25168991088867,1048400,0.0,0.0
2022-05-17 00:00:00-04:00,59.80204040259236,60.268442210682004,58.682675351504535,60.11919021606445,1024400,0.0,0.0
2022-05-18 00:00:00-04:00,59.24236412121664,59.69011304898231,57.59130462833174,58.20695495605469,1664600,0.0,0.0
2022-05-19 00:00:00-04:00,57.50734552860513,58.999829921454634,57.3114540608733,58.22560119628906,1192000,0.0,0.0
2022-05-20 00:00:00-04:00,58.794620900721,58.93454289055732,57.78252965711221,58.92521286010742,848300,0.0,0.0
2022-05-23 00:00:00-04:00,59.80204015466302,60.62290477147597,58.9531890097936,59.6807746887207,907200,0.0,0.0
2022-05-24 00:00:00-04:00,59.671456709364556,59.67611816606779,58.36833047533835,59.44758224487305,689500,0.0,0.0
2022-05-25 00:00:00-04:00,59.25169247452604,59.797385352808845,58.61738566289983,59.35430145263672,980200,0.0,0.0
2022-05-26 00:00:00-04:00,59.5688363640733,61.676974418393115,59.5688363640733,61.35981750488281,833900,0.0,0.0
2022-05-27 00:00:00-04:00,62.0874122869475,63.537922331945424,61.956820337670884,63.421321868896484,761000,0.0,0.0
2022-05-31 00:00:00-04:00,63.02954555017608,63.757131295489316,62.47919478472591,63.038875579833984,1802900,0.0,0.0
2022-06-01 00:00:00-04:00,63.113504312199524,63.36349360736513,61.648995611873275,62.096744537353516,895800,0.0,0.0
2022-06-02 00:00:00-04:00,62.451185892722435,63.56122423579373,61.54637255669803,63.533241271972656,1089300,0.0,0.0
2022-06-03 00:00:00-04:00,63.06685041385157,64.12558446648947,63.02020738830834,63.58921813964844,802000,0.0,0.0
2022-06-06 00:00:00-04:00,63.99965533427526,64.62463203600446,63.36534860389628,64.34479522705078,661700,0.0,0.0
2022-06-07 00:00:00-04:00,63.50528205317049,64.71792267809116,63.4866219924958,64.41010284423828,712500,0.0,0.0
2022-06-08 00:00:00-04:00,64.04631039440575,64.61531414787252,63.449309433002576,63.68251037597656,772900,0.0,0.0
2022-06-09 00:00:00-04:00,63.486627066915,64.05563797859831,62.79635421806565,62.88963317871094,842600,0.0,0.0
2022-06-10 00:00:00-04:00,61.75158634308365,62.74036285226313,61.56502849735767,62.106056213378906,1056800,0.0,0.0
2022-06-13 00:00:00-04:00,60.87476472671646,61.51373291324398,59.895318103275336,60.77215576171875,1507300,0.0,0.0
2022-06-14 00:00:00-04:00,60.77216299132103,60.77216299132103,59.17240448998298,59.839359283447266,1313600,0.0,0.0
2022-06-15 00:00:00-04:00,60.44568187624887,61.53706048404577,59.909315485194,60.744178771972656,933400,0.0,0.0
2022-06-16 00:00:00-04:00,59.78338357714041,59.80204363583989,58.41216460690787,59.42892074584961,953200,0.0,0.0
2022-06-17 00:00:00-04:00,59.52221608518363,61.22924531290399,59.354311104310895,61.06134033203125,2530200,0.0,0.0
2022-06-21 00:00:00-04:00,62.05943831003739,62.787024166250305,60.92141648704652,62.58180618286133,1462900,0.0,0.0
2022-06-22 00:00:00-04:00,62.087391941128224,64.96042811718492,61.90083410807525,63.63584899902344,1269100,0.0,0.0
2022-06-23 00:00:00-04:00,63.83176253596684,64.92314124347189,62.91761170613695,64.55001831054688,1491500,0.0,0.0
2022-06-24 00:00:00-04:00,65.12835552837541,68.02937567059486,65.01641651981143,67.07791900634766,3622900,0.0,0.0
2022-06-27 00:00:00-04:00,66.97530769177129,67.99206029637081,66.57420182098264,67.7868423461914,1160200,0.0,0.0
2022-06-28 00:00:00-04:00,68.74763492952593,69.00882596290091,66.7327824891576,66.891357421875,1096400,0.0,0.0
2022-06-29 00:00:00-04:00,66.78874397497394,67.42305078018573,66.18148785098386,67.18984985351562,841600,0.0,0.0
2022-06-30 00:00:00-04:00,66.42494880063612,67.34842244561709,65.94921693400404,66.65814971923828,1587300,0.0,0.0
2022-07-01 00:00:00-04:00,66.6954516950542,67.34841131251115,65.85592710351949,66.8447036743164,1477700,0.0,0.0
2022-07-05 00:00:00-04:00,66.46225944410403,68.70098960661925,66.21972850467708,68.46778869628906,1381300,0.0,0.0
2022-07-06 00:00:00-04:00,68.71964987673708,69.67111367772085,67.92676812040246,68.58905792236328,1880600,0.0,0.0
2022-07-07 00:00:00-04:00,68.66367968728304,70.22146013015787,68.65434965776771,69.75505828857422,1615500,0.0,0.0
2022-07-08 00:00:00-04:00,70.19347134487468,71.07963192380035,69.79236550966347,69.90430450439453,1310400,0.0,0.0
2022-07-11 00:00:00-04:00,69.66177058846372,70.18413830803314,69.42856969698074,69.61512756347656,1011400,0.0,0.0
2022-07-12 00:00:00-04:00,69.71774825238884,71.0330049176227,69.00882254707422,69.18605041503906,1602400,0.0,0.0
2022-07-13 00:00:00-04:00,68.3278692147885,68.93419302707065,67.58162342786784,68.2625732421875,1938600,0.0,0.0
2022-07-14 00:00:00-04:00,67.04992405341362,69.11141927369842,66.70479125631441,68.98082733154297,1260000,0.0,0.0
2022-07-15 00:00:00-04:00,69.58715397239361,69.78957504936723,67.8521385366201,68.65435028076172,1046400,0.0,0.0
2022-07-18 00:00:00-04:00,69.0741210571429,70.20281274918075,68.16463170062501,68.2345962524414,891100,0.0,0.0
2022-07-19 00:00:00-04:00,69.04611917027958,69.92295682946866,68.868891326091,69.6524429321289,1670900,0.0,0.0
2022-07-20 00:00:00-04:00,69.56850597857361,70.44533667170502,68.66368519465121,69.59648895263672,845700,0.0,0.0
2022-07-21 00:00:00-04:00,69.34462194790734,70.61323551825379,68.92486313985287,70.11885070800781,889800,0.0,0.0
2022-07-22 00:00:00-04:00,70.54794206170286,70.81845599174983,69.6524513536478,69.91363525390625,763200,0.0,0.0
2022-07-25 00:00:00-04:00,69.80170605216294,70.6132407568372,69.53119211169559,69.8296890258789,1934800,0.0,0.0
2022-07-26 00:00:00-04:00,69.47523521367972,70.2774399926963,69.0787907231243,70.10021209716797,1510300,0.0,0.0
2022-07-27 00:00:00-04:00,69.47522761694981,72.1896828750733,69.02747867794875,71.95648193359375,2633600,0.0,0.0
2022-07-28 00:00:00-04:00,72.24564682313174,75.24461454821339,72.05908892180523,74.76422119140625,2890400,0.0,0.0
2022-07-29 00:00:00-04:00,74.62430932241861,75.7156881382441,73.8873934138523,74.30715942382812,1976600,0.0,0.0
2022-08-01 00:00:00-04:00,73.99931016775413,75.81827431332988,73.66350030753605,75.18396759033203,1577900,0.0,0.0
2022-08-02 00:00:00-04:00,75.37985375252296,75.97684746432729,74.32578828690237,75.89289855957031,1114100,0.0,0.0
2022-08-03 00:00:00-04:00,76.16342728653572,76.73243814095105,76.03283533143002,76.25670623779297,996400,0.0,0.0
2022-08-04 00:00:00-04:00,75.98068814883668,76.42510030670196,74.92345418886968,75.43803405761719,1070800,0.245,0.0
2022-08-05 00:00:00-04:00,74.82054633114454,76.2426668453342,74.81118825579355,76.02748107910156,1166900,0.0,0.0
2022-08-08 00:00:00-04:00,76.12103686407936,76.46721425470241,74.81118476277989,74.8486099243164,1165000,0.0,0.0
2022-08-09 00:00:00-04:00,75.02637758294819,75.10122076782758,73.96446093202276,74.28724670410156,1749500,0.0,0.0
2022-08-10 00:00:00-04:00,75.28834693330803,75.9806945790423,74.7831179578415,75.45675659179688,1306700,0.0,0.0
2022-08-11 00:00:00-04:00,75.89649604631042,76.3362256510539,75.04508964832036,75.1386489868164,850000,0.0,0.0
2022-08-12 00:00:00-04:00,75.45675515614376,76.45785501308043,75.36319582278998,76.41107177734375,1082400,0.0,0.0
2022-08-15 00:00:00-04:00,76.36429775663366,77.92676079430751,76.04151198038252,77.88933563232422,808700,0.0,0.0
2022-08-16 00:00:00-04:00,77.72094124174421,77.87999285783116,76.94157975717283,77.32798767089844,1062000,0.0,0.0
2022-08-17 00:00:00-04:00,76.96308558658299,77.16423780058945,76.30815596318676,76.90694427490234,927100,0.0,0.0
2022-08-18 00:00:00-04:00,76.72918229473713,77.03792738187086,76.16781915489808,76.78531646728516,830500,0.0,0.0
2022-08-19 00:00:00-04:00,76.52336132357463,76.85549808873806,76.2239671189486,76.66370391845703,604800,0.0,0.0
2022-08-22 00:00:00-04:00,76.01812300375057,76.54206101348571,75.56622290129401,76.02748107910156,1076500,0.0,0.0
2022-08-23 00:00:00-04:00,76.0181242311227,76.71982999325614,75.90772606505463,76.33622741699219,890300,0.0,0.0
2022-08-24 00:00:00-04:00,76.68241596890668,77.18764504761103,76.25203722885212,77.09408569335938,719600,0.0,0.0
2022-08-25 00:00:00-04:00,77.29991448523356,77.56188351181427,76.57013444788934,77.26248931884766,914600,0.0,0.0
2022-08-26 00:00:00-04:00,77.4683128536486,77.54315603737183,75.51288923969288,75.52224731445312,598000,0.0,0.0
2022-08-29 00:00:00-04:00,74.90475777124294,75.82633202021681,74.50244613393394,75.2415771484375,1341700,0.0,0.0
2022-08-30 00:00:00-04:00,75.57838413066364,75.57838413066364,73.79137724740082,74.64277648925781,1153200,0.0,0.0
2022-08-31 00:00:00-04:00,74.92344620496145,75.35382477478878,74.04397291898655,74.40885925292969,1623600,0.0,0.0
2022-09-01 00:00:00-04:00,74.18433510120725,74.42759510093533,72.80899064545422,74.39952087402344,1084700,0.0,0.0
2022-09-02 00:00:00-04:00,74.89539442515255,74.95152859934515,72.77156108534845,73.19258880615234,1017700,0.0,0.0
2022-09-06 00:00:00-04:00,73.48261985884436,73.7071636783597,72.44409487867182,72.96803283691406,2494500,0.0,0.0
2022-09-07 00:00:00-04:00,72.97741257338686,75.26029802013781,72.93998740267209,74.95154571533203,860200,0.0,0.0
2022-09-08 00:00:00-04:00,74.27788834899495,74.84860956800051,73.42648912698115,74.33402252197266,715500,0.0,0.0
2022-09-09 00:00:00-04:00,74.63343219708507,75.12931033462702,74.0814270130117,74.38082122802734,771700,0.0,0.0
2022-09-12 00:00:00-04:00,74.55856914918208,75.11993226063453,74.3901595019344,74.90473937988281,1229800,0.0,0.0
2022-09-13 00:00:00-04:00,74.07206097644256,74.07206097644256,71.9669436207323,72.18213653564453,1201800,0.0,0.0
2022-09-14 00:00:00-04:00,72.12597931022125,72.19615415613883,70.08636179693633,70.87226867675781,1685300,0.0,0.0
2022-09-15 00:00:00-04:00,71.19973677269026,73.12709327828887,70.65708265275863,72.62186431884766,1634800,0.0,0.0
2022-09-16 00:00:00-04:00,72.24760840804115,72.27567548943325,70.23605096355946,71.6301040649414,2384500,0.0,0.0
2022-09-19 00:00:00-04:00,71.48978284556789,73.28614779234583,71.21845577473374,73.00546264648438,1211700,0.0,0.0
2022-09-20 00:00:00-04:00,72.72477831364374,73.26742526999655,72.04178165844706,72.56571960449219,1795500,0.0,0.0
2022-09-21 00:00:00-04:00,72.90254087010905,74.56792121925994,72.73413122030057,72.92125701904297,1439100,0.0,0.0
2022-09-22 00:00:00-04:00,72.92125388717473,73.19258093010856,71.5739767465706,72.8183364868164,2081600,0.0,0.0
2022-09-23 00:00:00-04:00,72.04179412657652,72.66864958310043,71.56463219277873,72.55638122558594,2057700,0.0,0.0
2022-09-26 00:00:00-04:00,72.37861926456961,73.95044063857834,72.21956765328872,72.66865539550781,1782300,0.0,0.0
2022-09-27 00:00:00-04:00,73.26742826576873,73.97849203456062,71.297978281406,72.20083618164062,1878700,0.0,0.0
2022-09-28 00:00:00-04:00,72.593799336277,74.23111284103929,71.78918326672172,73.91300964355469,1757800,0.0,0.0
2022-09-29 00:00:00-04:00,73.74458604554756,74.26852398395035,72.46748375163128,73.05223846435547,1260200,0.0,0.0
2022-09-30 00:00:00-04:00,72.9961119848029,73.71653393455608,72.31312233896054,72.39732360839844,1761800,0.0,0.0
2022-10-03 00:00:00-04:00,72.94932021836381,73.31420658382504,71.63011017545091,71.69560241699219,3357900,0.0,0.0
2022-10-04 00:00:00-04:00,72.48152335776437,74.4369398544144,72.48152335776437,73.77265930175781,3037900,0.0,0.0
2022-10-05 00:00:00-04:00,75.78421072916672,78.2635721374361,75.12928830650796,76.86016082763672,5416600,0.0,0.0
2022-10-06 00:00:00-04:00,77.04728892472897,79.01206357166409,76.81338701109098,77.40282440185547,2526700,0.0,0.0
2022-10-07 00:00:00-04:00,77.15020923606664,77.55252082816234,75.9011738268919,77.4589614868164,1777600,0.0,0.0
2022-10-10 00:00:00-04:00,77.92676992069994,78.22616411351008,76.38301571416109,77.58995056152344,1220800,0.0,0.0
2022-10-11 00:00:00-04:00,77.6086498536749,77.9080440089802,75.81228492184314,76.11167907714844,2031300,0.0,0.0
2022-10-12 00:00:00-04:00,76.28009058461936,78.1232387977554,75.71872742207982,77.54315948486328,1362900,0.0,0.0
2022-10-13 00:00:00-04:00,76.4017232474109,80.3686976391552,76.00876261395507,79.38630676269531,1792800,0.0,0.0
2022-10-14 00:00:00-04:00,79.13367712750333,80.24704510100182,78.15128648335714,78.5816650390625,1309300,0.0,0.0
2022-10-17 00:00:00-04:00,79.78861854843348,79.85411079783289,78.43199032310832,79.10562896728516,1665700,0.0,0.0
2022-10-18 00:00:00-04:00,79.96638008808318,80.91134573172492,79.39565889977554,79.78861236572266,1578300,0.0,0.0
2022-10-19 00:00:00-04:00,79.6108645398793,80.20030202423274,77.86595798576298,78.46942901611328,1522400,0.0,0.0
2022-10-20 00:00:00-04:00,78.88107107785585,79.25064006130165,77.29054108153797,77.35603332519531,1526700,0.0,0.0
2022-10-21 00:00:00-04:00,77.63672281486342,77.85658403669929,75.4661134397002,76.45785522460938,1480700,0.0,0.0
2022-10-24 00:00:00-04:00,76.9256624993604,78.31971590596922,76.9256624993604,77.40282440185547,2065700,0.0,0.0
2022-10-25 00:00:00-04:00,77.37473535590426,79.98976367446771,77.37473535590426,79.18045806884766,1495600,0.0,0.0
2022-10-26 00:00:00-04:00,79.28339516145161,79.98510094231182,78.42263778341197,78.60975646972656,2300500,0.0,0.0
2022-10-27 00:00:00-04:00,78.84365261878185,79.59214158542937,78.44134104837978,79.38630676269531,1999700,0.0,0.0
2022-10-28 00:00:00-04:00,79.65763265815433,80.34998030229983,79.06820242385582,79.96638488769531,980200,0.0,0.0
2022-10-31 00:00:00-04:00,79.90089285095287,81.76275003181593,79.41437288709375,80.6680908203125,1750900,0.0,0.0
2022-11-01 00:00:00-04:00,80.71488517818807,81.24818136121321,80.25643933547695,80.63068389892578,1200400,0.0,0.0
2022-11-02 00:00:00-04:00,80.43418870320204,82.37089620238683,80.27513712002195,80.62130737304688,1614600,0.0,0.0
2022-11-03 00:00:00-04:00,80.45712733878341,81.31096151395651,79.57514604284184,79.62206268310547,1195200,0.245,0.0
2022-11-04 00:00:00-04:00,80.18500518798828,81.0857486047161,79.41561973879541,80.18500518798828,934000,0.0,0.0
2022-11-07 00:00:00-05:00,80.08180012153787,80.72639912739638,79.64550551750816,79.81908416748047,651200,0.0,0.0
2022-11-08 00:00:00-05:00,79.94104934278967,80.68228765770868,78.99339648364736,79.92228698730469,1817700,0.0,0.0
2022-11-09 00:00:00-05:00,78.91833701825423,79.29364857452644,77.81586066391823,78.11141967773438,1227100,0.0,0.0
2022-11-10 00:00:00-05:00,79.87536470893838,80.3163551955885,77.50152961285663,79.4062271118164,1619700,0.0,0.0
2022-11-11 00:00:00-05:00,79.01216733222377,79.29365280406053,74.98696517240637,76.7884521484375,2899800,0.0,0.0
2022-11-14 00:00:00-05:00,76.72278633060209,77.4171153714033,75.13710556522572,75.16525268554688,1857000,0.0,0.0
2022-11-15 00:00:00-05:00,75.99091444930048,76.31274505298084,74.4896754028387,76.27239990234375,3062500,0.0,0.0
2022-11-16 00:00:00-05:00,76.44129218356117,78.87142184911394,76.44129218356117,77.60475158691406,1333300,0.0,0.0
2022-11-17 00:00:00-05:00,77.3138957088473,78.45859286170456,77.16376820622253,77.70796966552734,1010400,0.0,0.0
2022-11-18 00:00:00-05:00,78.62747825559428,79.4512824777932,78.18648768978113,78.83389282226562,1291200,0.0,0.0
2022-11-21 00:00:00-05:00,78.8995666846843,80.95439188613928,78.8995666846843,80.85118103027344,1475900,0.0,0.0
2022-11-22 00:00:00-05:00,81.32971818022592,81.7660128385362,79.85662597587033,80.86058044433594,944500,0.0,0.0
2022-11-23 00:00:00-05:00,81.2077364511181,81.49391072641436,80.56970891071037,81.0669937133789,575100,0.0,0.0
2022-11-25 00:00:00-05:00,80.7667337397838,81.40476118428707,80.34356783021043,80.83241271972656,493800,0.0,0.0
2022-11-28 00:00:00-05:00,80.31637019363511,81.47045204779259,79.95044337222558,80.19439697265625,1243400,0.0,0.0
2022-11-29 00:00:00-05:00,80.1287107750068,81.0669860600573,79.32179345718559,79.8003158569336,1278300,0.0,0.0
2022-11-30 00:00:00-05:00,79.90354311510785,81.79885643028851,79.50946197404309,81.53614044189453,8140000,0.0,0.0
2022-12-01 00:00:00-05:00,81.5455234064987,82.2773771176259,80.93564292773482,81.17021179199219,1819800,0.0,0.0
2022-12-02 00:00:00-05:00,80.71044604009764,82.33366561738218,80.12871987869677,82.31490325927734,1073900,0.0,0.0
2022-12-05 00:00:00-05:00,81.76132052032686,82.38996334133746,80.82304508891758,82.26799011230469,1889000,0.0,0.0
2022-12-06 00:00:00-05:00,82.26798546750675,83.16216465200881,80.40081946879386,80.96378326416016,1265300,0.0,0.0
2022-12-07 00:00:00-05:00,81.07637493737349,81.93489056736661,80.79488947416505,81.69563293457031,1386800,0.0,0.0
2022-12-08 00:00:00-05:00,81.78946279108153,82.24922287932765,80.79489318343725,81.16082000732422,934400,0.0,0.0
2022-12-09 00:00:00-05:00,81.16081132787657,81.62994896560996,80.29759979248047,80.29759979248047,1380300,0.0,0.0
2022-12-12 00:00:00-05:00,80.41018723457802,81.15612150964795,79.88475537762446,80.70105743408203,1342500,0.0,0.0
2022-12-13 00:00:00-05:00,81.15144644779193,81.5830523212065,80.36329845941943,80.82305145263672,1295900,0.0,0.0
2022-12-14 00:00:00-05:00,80.97315592000909,81.76130368403017,80.48524878740103,81.70500946044922,1550300,0.0,0.0
2022-12-15 00:00:00-05:00,81.42352353921132,81.98648724707374,80.10055918365822,80.83241271972656,1234300,0.0,0.0
2022-12-16 00:00:00-05:00,80.20377675588118,81.92081513504033,80.13809777043217,81.62056732177734,2815200,0.0,0.0
2022-12-19 00:00:00-05:00,81.78007855464163,83.30007995867236,81.46106123035075,81.73316192626953,1376500,0.0,0.0
2022-12-20 00:00:00-05:00,81.73316993940334,82.80280331320772,81.2874905600637,82.31490325927734,1366200,0.0,0.0
2022-12-21 00:00:00-05:00,82.45561708683873,83.60500986514354,82.37774007807477,83.17809295654297,713900,0.0,0.0
2022-12-22 00:00:00-05:00,82.60576482598488,83.28132424094775,81.939590169139,83.11243438720703,1133100,0.0,0.0
2022-12-23 00:00:00-05:00,83.11241818816256,84.09760284423828,82.89661174437173,84.09760284423828,1028700,0.0,0.0
2022-12-27 00:00:00-05:00,84.38849123580292,84.63713364256078,83.81614267272583,84.45417022705078,1202400,0.0,0.0
2022-12-28 00:00:00-05:00,84.72626621107614,85.00774451847649,83.37045862878374,83.44082641601562,1078600,0.0,0.0
2022-12-29 00:00:00-05:00,83.68477175415893,84.30402969613148,83.21563412963013,83.45020294189453,1148900,0.0,0.0
2022-12-30 00:00:00-05:00,83.13119280247767,84.01317390334832,82.60576090841313,83.84428405761719,931800,0.0,0.0
2023-01-03 00:00:00-05:00,83.70354368073271,83.77860742727398,81.21242375498609,81.8645248413086,1990000,0.0,0.0
2023-01-04 00:00:00-05:00,81.86451580775078,82.38994765861382,80.91685579803959,82.080322265625,1946300,0.0,0.0
2023-01-05 00:00:00-05:00,89.01418156822534,90.89073219521333,87.74750416823042,90.10257720947266,5677700,0.0,0.0
2023-01-06 00:00:00-05:00,91.80085000220062,94.03394975107051,90.937638462229,93.46160125732422,3048900,0.0,0.0
2023-01-09 00:00:00-05:00,92.79544319728471,93.9776722656072,92.27000407887829,92.57025909423828,1710000,0.0,0.0
2023-01-10 00:00:00-05:00,92.92679251858314,93.50852581886573,91.64135269826143,91.9979019165039,1304800,0.0,0.0
2023-01-11 00:00:00-05:00,92.316925663927,92.80483293157103,90.15888915540894,91.23790740966797,1591000,0.0,0.0
2023-01-12 00:00:00-05:00,91.51939088159848,92.06359237626842,90.54358352654425,91.06901550292969,1116200,0.0,0.0
2023-01-13 00:00:00-05:00,91.34109689328976,92.27937217140979,90.55294909573563,92.10110473632812,995200,0.0,0.0
2023-01-17 00:00:00-05:00,93.07691497102857,94.55000703348034,92.89864751632514,93.81815338134766,1708500,0.0,0.0
2023-01-18 00:00:00-05:00,93.52728182035882,93.56481369122704,90.51541897829,91.0971450805664,1565000,0.0,0.0
2023-01-19 00:00:00-05:00,90.87196080647186,91.16283101541876,89.68973193147399,89.73664855957031,1080800,0.0,0.0
2023-01-20 00:00:00-05:00,90.34652235437798,90.77812809924407,89.29565152439629,90.599853515625,1934700,0.0,0.0
2023-01-23 00:00:00-05:00,91.17219526670118,91.32701152658717,90.04626794194851,90.1963882446289,2006900,0.0,0.0
2023-01-24 00:00:00-05:00,90.64679302129258,92.07296857482359,89.7554341951449,90.99395751953125,937700,0.0,0.0
2023-01-25 00:00:00-05:00,90.59047971926675,91.75393904375305,90.49664646596815,91.72579193115234,957800,0.0,0.0
2023-01-26 00:00:00-05:00,92.08232988556493,92.71097256744021,91.02677025885286,92.65467834472656,1261000,0.0,0.0
2023-01-27 00:00:00-05:00,92.86110164227892,92.89675799123327,91.37862504513946,92.24183654785156,939300,0.0,0.0
2023-01-30 00:00:00-05:00,92.41072437589796,92.84233011790606,92.01665050169123,92.46702575683594,781600,0.0,0.0
2023-01-31 00:00:00-05:00,92.89866245484083,93.90261698803525,92.57495625085036,93.7243423461914,1696400,0.0,0.0
2023-02-01 00:00:00-05:00,93.36779100733555,94.03865451064239,92.94556276439361,93.45223236083984,1392600,0.0,0.0
2023-02-02 00:00:00-05:00,92.53011331038635,92.57716220419674,90.75177423988399,91.34455871582031,1533300,0.28,0.0
2023-02-03 00:00:00-05:00,91.4480713403887,92.9140243064891,90.78001860556539,92.32312774658203,1292200,0.0,0.0
2023-02-06 00:00:00-05:00,92.32311647930965,93.99795371977008,92.27606758568416,93.28285217285156,997000,0.0,0.0
2023-02-07 00:00:00-05:00,92.71829748546585,93.32048596982368,92.04083364590005,93.20757293701172,1107400,0.0,0.0
2023-02-08 00:00:00-05:00,93.01939892572953,93.48044794941283,92.71830466025115,93.14171600341797,935900,0.0,0.0
2023-02-09 00:00:00-05:00,93.38636539293674,94.18614643160386,92.2102146952927,92.32312774658203,1230300,0.0,0.0
2023-02-10 00:00:00-05:00,92.21020085513473,93.43340026855182,91.97497075091245,93.40516662597656,1089300,0.0,0.0
2023-02-13 00:00:00-05:00,93.79094725139929,94.07322624735164,93.16993633176531,93.70626068115234,813500,0.0,0.0
2023-02-14 00:00:00-05:00,93.7627209787324,94.02711795043074,92.75593641980716,93.40516662597656,936000,0.0,0.0
2023-02-15 00:00:00-05:00,93.25463609256454,94.3555114109183,92.69948923630875,94.195556640625,1760400,0.0,0.0
2023-02-16 00:00:00-05:00,93.46162949890719,94.55309348190595,92.56775076921215,94.10145568847656,1477100,0.0,0.0
2023-02-17 00:00:00-05:00,94.24260687936108,95.00475023695633,94.1202826120355,94.543701171875,1300100,0.0,0.0
2023-02-21 00:00:00-05:00,94.6377875027443,94.89654208114224,93.72039143265512,94.40255737304688,984900,0.0,0.0
2023-02-22 00:00:00-05:00,94.74129210389182,96.18089939114276,94.74129210389182,95.31525421142578,1854600,0.0,0.0
2023-02-23 00:00:00-05:00,95.62574974028117,96.42553792417549,94.13910077637038,94.40255737304688,984300,0.0,0.0
2023-02-24 00:00:00-05:00,93.99797444196032,94.41668384438141,93.16055563711814,94.07324981689453,713900,0.0,0.0
2023-02-27 00:00:00-05:00,94.3555125831174,95.08002543417102,94.0591203096269,95.06120300292969,1138900,0.0,0.0
2023-02-28 00:00:00-05:00,95.03296870325916,95.38111186599232,94.56250846215391,94.6942367553711,1264500,0.0,0.0
2023-03-01 00:00:00-05:00,94.46841722435028,95.08942100559872,94.01677223727123,94.9294662475586,1270500,0.0,0.0
2023-03-02 00:00:00-05:00,95.20233861222637,96.69839879502437,94.6660142023445,96.25617218017578,913100,0.0,0.0
2023-03-03 00:00:00-05:00,96.0585727782017,96.3314405913979,95.56459524639098,95.955078125,872500,0.0,0.0
2023-03-06 00:00:00-05:00,95.7763039293618,96.22794177465201,94.76951922502867,95.96448516845703,1365500,0.0,0.0
2023-03-07 00:00:00-05:00,96.1432584443342,96.43494150661623,94.96710780138562,95.00474548339844,1539300,0.0,0.0
2023-03-08 00:00:00-05:00,95.23056887789242,95.36700637894067,93.35813897623426,94.02619171142578,1441700,0.0,0.0
2023-03-09 00:00:00-05:00,94.46841858704086,94.46841858704086,93.08526431881059,93.33930969238281,1505000,0.0,0.0
2023-03-10 00:00:00-05:00,93.26404492569796,93.72979599075197,91.42924559665639,91.86206817626953,1514400,0.0,0.0
2023-03-13 00:00:00-04:00,91.26929363101202,92.53012372614006,90.37542197722149,90.62005615234375,1295800,0.0,0.0
2023-03-14 00:00:00-04:00,91.49511178453605,92.88767734972495,91.16579102952133,92.79358673095703,1369700,0.0,0.0
2023-03-15 00:00:00-04:00,91.80560554978072,92.21961283381299,90.75177208981367,92.20079040527344,1515300,0.0,0.0
2023-03-16 00:00:00-04:00,91.83384812819672,92.7935911498334,91.20343305591156,92.48308563232422,1079400,0.0,0.0
2023-03-17 00:00:00-04:00,92.04083793017064,92.20079268344334,91.32573637971466,91.56096649169922,2661200,0.0,0.0
2023-03-20 00:00:00-04:00,92.02203275546374,93.60277956822466,91.61743663140427,93.22640991210938,1537800,0.0,0.0
2023-03-21 00:00:00-04:00,94.09206186968014,94.56252217902855,93.19348095594759,93.76274108886719,1335900,0.0,0.0
2023-03-22 00:00:00-04:00,94.08263229345225,94.6613035296557,93.28097055222227,93.81917572021484,1528900,0.0,0.0
2023-03-23 00:00:00-04:00,93.90387291625554,94.23319367006059,92.24785075313784,92.94412994384766,1123500,0.0,0.0
2023-03-24 00:00:00-04:00,92.9629493117273,94.44959826258624,92.6336213901191,94.27082824707031,1532100,0.0,0.0
2023-03-27 00:00:00-04:00,94.985923022867,96.1997113474425,94.51546276583714,95.67279815673828,1248700,0.0,0.0
2023-03-28 00:00:00-04:00,95.97389243409124,96.38789975744673,95.46579449506054,95.67279815673828,1053300,0.0,0.0
2023-03-29 00:00:00-04:00,96.25617799124515,97.27707595683464,96.240176770785,96.51022338867188,1170300,0.0,0.0
2023-03-30 00:00:00-04:00,96.46317196306865,97.25354896071916,95.87980581437725,96.78308868408203,1197200,0.0,0.0
2023-03-31 00:00:00-04:00,97.28177125483174,98.41087299885477,96.97126576269656,98.34500885009766,1448600,0.0,0.0
2023-04-03 00:00:00-04:00,98.2885554231709,98.78724214392234,97.3852725967554,98.06273651123047,1360900,0.0,0.0
2023-04-04 00:00:00-04:00,98.2885558675062,98.32619354944205,96.2561712935469,97.4605484008789,1987000,0.0,0.0
2023-04-05 00:00:00-04:00,97.7522218368074,98.4786153871984,97.26294637712839,98.01567840576172,2168200,0.0,0.0
2023-04-06 00:00:00-04:00,99.73756839217401,103.21897120987344,98.82487440075542,100.54676055908203,3981700,0.0,0.0
2023-04-10 00:00:00-04:00,101.3277322504535,101.47827579949728,99.70934782097326,100.95136260986328,1937700,0.0,0.0
2023-04-11 00:00:00-04:00,100.92313424930609,101.99578303873542,99.90693839237713,101.65705108642578,1720800,0.0,0.0
2023-04-12 00:00:00-04:00,101.35595419941845,103.04960673860123,100.75376567277745,101.77936553955078,1541100,0.0,0.0
2023-04-13 00:00:00-04:00,101.73232229657407,103.0307899416606,101.5723603632625,103.0025634765625,1457500,0.0,0.0
2023-04-14 00:00:00-04:00,102.56034341609775,102.97435076925872,101.8687662141831,102.2874755859375,1390900,0.0,0.0
2023-04-17 00:00:00-04:00,102.65442032349463,103.40715955982657,102.49446556883646,103.0025634765625,1314700,0.0,0.0
2023-04-18 00:00:00-04:00,103.03080414095558,103.26603428739612,101.9957929323481,103.17194366455078,1456600,0.0,0.0
2023-04-19 00:00:00-04:00,103.40715383749487,103.83997636190557,102.27804504547944,102.51327514648438,1088900,0.0,0.0
2023-04-20 00:00:00-04:00,102.52269204476886,103.6894314004186,102.46623911456668,103.67061614990234,1006400,0.0,0.0
2023-04-21 00:00:00-04:00,103.98112475892812,104.3668984246985,103.5483021974682,103.83057403564453,1256500,0.0,0.0
2023-04-24 00:00:00-04:00,103.75528578586335,104.12883415815327,102.74850127958801,103.3412857055664,938500,0.0,0.0
2023-04-25 00:00:00-04:00,103.50124232170138,104.95026057564354,103.23778576255788,103.30364990234375,1166400,0.0,0.0
2023-04-26 00:00:00-04:00,103.1248733937585,104.52684276599791,102.97432986413321,103.7364730834961,1517800,0.0,0.0
2023-04-27 00:00:00-04:00,103.39776340259112,105.0349632245797,103.0308049455705,105.0067367553711,1008800,0.0,0.0
2023-04-28 00:00:00-04:00,104.48922079879893,105.27017933113295,103.9905269209003,105.20431518554688,782100,0.0,0.0
2023-05-01 00:00:00-04:00,105.3172406585635,106.04174634553759,105.28901418978786,105.56188201904297,850500,0.0,0.0
2023-05-02 00:00:00-04:00,105.38309982948556,105.38309982948556,103.89644366258551,104.83736419677734,757000,0.0,0.0
2023-05-03 00:00:00-04:00,106.145243999743,106.35224766747774,104.87500270432558,104.9690933227539,1075500,0.0,0.0
2023-05-04 00:00:00-04:00,104.89362118242994,105.3652651755105,104.37481710807104,104.85589599609375,789900,0.28,0.0
2023-05-05 00:00:00-04:00,104.55403668753239,106.05386832431876,104.55403668753239,105.73314666748047,819000,0.0,0.0
2023-05-08 00:00:00-04:00,105.23319296573828,106.1340346130073,104.91247854286375,105.7991714477539,506300,0.0,0.0
2023-05-09 00:00:00-04:00,105.85577132075962,106.4830586499026,105.3982761047434,105.81803894042969,913600,0.0,0.0
2023-05-10 00:00:00-04:00,105.9784217558198,106.3651733500752,104.61065682290919,105.28982543945312,779300,0.0,0.0
2023-05-11 00:00:00-04:00,105.00682083366452,106.74247451185013,104.52574193417877,106.64813995361328,739100,0.0,0.0
2023-05-12 00:00:00-04:00,106.59153517733068,107.98288342282437,106.52550531066468,107.79894256591797,1060100,0.0,0.0
2023-05-15 00:00:00-04:00,108.09136713358689,108.36964255966215,107.29429482865076,107.43106842041016,958300,0.0,0.0
2023-05-16 00:00:00-04:00,107.50653824285995,108.04421213365312,106.78020242748882,107.19525146484375,1000200,0.0,0.0
2023-05-17 00:00:00-04:00,107.33674884400219,107.64803562994986,106.35572840135046,107.1763916015625,1000600,0.0,0.0
2023-05-18 00:00:00-04:00,106.78963464849235,107.52539814412874,106.2566746203922,107.38390350341797,1096300,0.0,0.0
2023-05-19 00:00:00-04:00,107.65746092281,108.51585648971448,107.06319205114147,107.98761749267578,2567600,0.0,0.0
2023-05-22 00:00:00-04:00,107.92158705524692,108.76582667623413,105.33697266929097,105.41243743896484,1234100,0.0,0.0
2023-05-23 00:00:00-04:00,104.89361317160956,104.99737541790016,103.00232349461385,103.63904571533203,1397500,0.0,0.0
2023-05-24 00:00:00-04:00,102.95043685778214,103.74280240549973,102.3325844585973,103.11079406738281,1028300,0.0,0.0
2023-05-25 00:00:00-04:00,102.90328248384748,103.44096354234038,101.82793476029401,102.76179504394531,1508200,0.0,0.0
2023-05-26 00:00:00-04:00,102.4693706605033,103.84657024748125,102.37504330186134,103.24286651611328,1170000,0.0,0.0
2023-05-30 00:00:00-04:00,102.69576756259723,104.07296718451343,102.62030279508272,103.08251190185547,1330500,0.0,0.0
2023-05-31 00:00:00-04:00,103.41266899269162,104.99739324535366,103.17684697412119,104.89363098144531,4659200,0.0,0.0
2023-06-01 00:00:00-04:00,104.72382395886656,106.23309042062291,104.44555574370763,105.71427917480469,1124300,0.0,0.0
2023-06-02 00:00:00-04:00,106.20478583599956,107.27070581536053,105.6671119974312,106.84622192382812,1019800,0.0,0.0
2023-06-05 00:00:00-04:00,106.51607310763683,108.47811376202262,106.46891302837852,107.9781723022461,828500,0.0,0.0
2023-06-06 00:00:00-04:00,108.1102341956138,108.28946121183208,105.58222216268565,107.05374908447266,989600,0.0,0.0
2023-06-07 00:00:00-04:00,106.56324214781988,106.74246916342994,105.374697301409,105.46902465820312,911100,0.0,0.0
2023-06-08 00:00:00-04:00,105.13888335293291,107.35844429869638,104.81816887595885,106.96886444091797,909900,0.0,0.0
2023-06-09 00:00:00-04:00,106.60098531119257,108.00648250070624,106.60098531119257,107.1763916015625,665900,0.0,0.0
2023-06-12 00:00:00-04:00,107.36504623079568,107.40277861663633,106.28969842284582,107.03489685058594,820000,0.0,0.0
2023-06-13 00:00:00-04:00,106.74247012613907,108.62904606590074,106.64813557177811,108.52528381347656,1231500,0.0,0.0
2023-06-14 00:00:00-04:00,108.80828355901124,108.9686408127243,107.94046021298121,108.47813415527344,712900,0.0,0.0
2023-06-15 00:00:00-04:00,108.80825530248782,108.80825530248782,107.18579900063669,108.23284912109375,737100,0.0,0.0
2023-06-16 00:00:00-04:00,108.47812624359669,108.92147278058867,107.60086806523633,107.85555267333984,1529700,0.0,0.0
2023-06-20 00:00:00-04:00,108.28946662451851,108.5913185004013,106.85566481653795,106.8745346069336,1795700,0.0,0.0
2023-06-21 00:00:00-04:00,107.08205179496737,107.19807725659639,106.30855591415695,106.9311294555664,1267100,0.0,0.0
2023-06-22 00:00:00-04:00,107.12923185138699,108.50643164749135,107.12923185138699,108.47813415527344,868200,0.0,0.0
2023-06-23 00:00:00-04:00,108.50642922193651,109.42141983235422,107.90461095226868,108.18571472167969,2094000,0.0,0.0
2023-06-26 00:00:00-04:00,108.0819296497302,108.3743465967025,107.04431439580424,108.15739440917969,763300,0.0,0.0
2023-06-27 00:00:00-04:00,108.47811638731157,108.87429560690555,107.26127404423059,107.81781768798828,856000,0.0,0.0
2023-06-28 00:00:00-04:00,107.09147644052643,107.09147644052643,105.19075185685311,106.69529724121094,1431600,0.0,0.0
2023-06-29 00:00:00-04:00,106.41231566575213,107.53483067486881,105.90766033426338,107.43106842041016,892300,0.0,0.0
2023-06-30 00:00:00-04:00,107.89328010112193,108.48755615391606,107.09148673116158,108.43095397949219,1231400,0.0,0.0
2023-07-03 00:00:00-04:00,107.50652603988833,109.27990474932703,107.11977453594078,108.59130859375,673400,0.0,0.0
2023-07-05 00:00:00-04:00,108.13853214288358,108.47811638731157,107.13864919913227,107.81781768798828,851400,0.0,0.0
2023-07-06 00:00:00-04:00,107.31787413336606,108.03477503873356,106.91225999967719,107.92158508300781,721200,0.0,0.0
2023-07-07 00:00:00-04:00,107.94986931831052,107.94986931831052,106.13875108517954,106.23308563232422,730300,0.0,0.0
2023-07-10 00:00:00-04:00,106.36514753606357,107.46879267174246,105.76144384492046,105.8746337890625,1045800,0.0,0.0
2023-07-11 00:00:00-04:00,105.89351371740896,106.24252567422083,103.5069962103508,104.24275970458984,1933400,0.0,0.0
2023-07-12 00:00:00-04:00,104.44084696004583,106.39816665228408,104.14842998733879,106.0161361694336,1367200,0.0,0.0
2023-07-13 00:00:00-04:00,106.26139296042511,106.49721495669915,105.29923518546596,105.67655181884766,752000,0.0,0.0
2023-07-14 00:00:00-04:00,105.88408153318949,106.35572554892752,104.93135860631803,106.3179931640625,807100,0.0,0.0
2023-07-17 00:00:00-04:00,106.11989350445502,107.16694369610292,106.01613125506896,106.59153747558594,803900,0.0,0.0
2023-07-18 00:00:00-04:00,106.93114470231234,106.93114470231234,105.45489645230833,105.68600463867188,833800,0.0,0.0
2023-07-19 00:00:00-04:00,105.64825715153029,106.4594854161097,105.44073263779373,105.99727630615234,1089900,0.0,0.0
2023-07-20 00:00:00-04:00,106.36515290979673,107.06318398856237,105.85577654527606,106.85565948486328,879800,0.0,0.0
2023-07-21 00:00:00-04:00,107.09148398420753,107.19524623848729,106.44061297040112,106.5538101196289,864600,0.0,0.0
2023-07-24 00:00:00-04:00,106.53494766838831,106.5962564938417,104.97852104883457,106.29912567138672,1406700,0.0,0.0
2023-07-25 00:00:00-04:00,106.99716062286448,110.72503816749501,96.8473794911079,99.04524230957031,6416800,0.0,0.0
2023-07-26 00:00:00-04:00,99.56404532409017,101.24309671219706,95.22491502622617,95.98898315429688,4358800,0.0,0.0
2023-07-27 00:00:00-04:00,96.12104776679,98.28117813078705,96.03614810526821,96.4040298461914,3300400,0.0,0.0
2023-07-28 00:00:00-04:00,96.97943635434315,97.29072311955628,94.93250313469848,96.29084014892578,2532300,0.0,0.0
2023-07-31 00:00:00-04:00,96.2908376528191,98.2811758441817,95.5739367809257,97.7529296875,2059100,0.0,0.0
2023-08-01 00:00:00-04:00,97.7812394429818,97.91329918982211,96.47949737167511,97.31902313232422,1528200,0.0,0.0
2023-08-02 00:00:00-04:00,97.3756152531663,97.49824009208089,96.08802205934244,96.60211944580078,1512900,0.0,0.0
2023-08-03 00:00:00-04:00,96.16701491724156,97.75608364271103,96.02513236352266,96.67778778076172,1151500,0.28,0.0
2023-08-04 00:00:00-04:00,97.81286063241225,99.05195360301313,96.3278311173041,96.42242431640625,1415500,0.0,0.0
2023-08-07 00:00:00-04:00,96.89534203969438,98.00201296964302,96.67778782835876,97.51961517333984,1344800,0.0,0.0
2023-08-08 00:00:00-04:00,97.54800608524472,97.6567868168047,94.86172675402477,94.98468780517578,1598200,0.0,0.0
2023-08-09 00:00:00-04:00,95.29681378117641,95.33937638292802,93.59423754664626,93.95367431640625,1698600,0.0,0.0
2023-08-10 00:00:00-04:00,94.09556063764342,95.10764565743725,92.19435163574117,92.68620300292969,2185100,0.0,0.0
2023-08-11 00:00:00-04:00,93.0172636866344,93.0172636866344,90.974179204032,91.54170227050781,2334600,0.0,0.0
2023-08-14 00:00:00-04:00,91.9957069319414,92.81861269047609,91.16333319638974,91.93894958496094,1454800,0.0,0.0
2023-08-15 00:00:00-04:00,91.41874455873246,91.62683804120057,90.22694102415447,90.79446411132812,1215200,0.0,0.0
2023-08-16 00:00:00-04:00,90.77554674743892,91.08768696063694,89.21485289789612,89.51753234863281,1301800,0.0,0.0
2023-08-17 00:00:00-04:00,89.7161541981568,89.78236509447419,88.0892496412767,88.24059295654297,1776600,0.0,0.0
2023-08-18 00:00:00-04:00,87.96630215204486,89.7634646070428,87.96630215204486,89.62158203125,1303900,0.0,0.0
2023-08-21 00:00:00-04:00,89.53646023540868,89.93372568964371,88.86015639209273,89.37565612792969,1474900,0.0,0.0
2023-08-22 00:00:00-04:00,89.18646899349727,91.4660218024821,88.94053970899195,91.05929565429688,1785500,0.0,0.0
2023-08-23 00:00:00-04:00,91.34306003076313,91.50385689314444,90.17963173185586,91.41873168945312,1497700,0.0,0.0
2023-08-24 00:00:00-04:00,91.53223392173216,91.69303800400458,90.46812555411731,90.52960968017578,1217200,0.0,0.0
2023-08-25 00:00:00-04:00,91.1065965491857,91.50859594382182,90.27422990689374,91.13497161865234,794800,0.0,0.0
2023-08-28 00:00:00-04:00,91.27685189083311,91.95788240672262,90.79918806176047,91.19172668457031,1106600,0.0,0.0
2023-08-29 00:00:00-04:00,91.60790122898712,91.71194795285885,91.00254240815872,91.46601867675781,1122400,0.0,0.0
2023-08-30 00:00:00-04:00,91.74979111014493,93.7266645887267,91.74979111014493,92.31731414794922,1260500,0.0,0.0
2023-08-31 00:00:00-04:00,92.4970256771302,92.94158764228666,92.09976030179965,92.1375961303711,1094700,0.0,0.0
2023-09-01 00:00:00-04:00,92.22273428625476,92.61999971738663,91.36198530235495,92.01464080810547,1158900,0.0,0.0
2023-09-05 00:00:00-04:00,92.69567427668441,94.17123576202961,91.61737823486328,91.61737823486328,2059400,0.0,0.0
2023-09-06 00:00:00-04:00,91.77815790952357,92.65782106461103,90.89849475443611,91.49440002441406,1098400,0.0,0.0
2023-09-07 00:00:00-04:00,91.65520973825157,93.48074719934783,91.65520973825157,93.05509948730469,1947200,0.0,0.0
2023-09-08 00:00:00-04:00,92.93213781601607,93.35777830874716,92.55378670222883,93.07402038574219,1553700,0.0,0.0
2023-09-11 00:00:00-04:00,93.36723948047427,94.12394171136641,93.12131017296723,93.56587219238281,1217300,0.0,0.0
2023-09-12 00:00:00-04:00,93.23481258211939,93.39560945205945,91.89167305124323,92.33623504638672,898100,0.0,0.0
2023-09-13 00:00:00-04:00,92.51594398130666,94.01988756211789,92.4497330825569,93.7266616821289,1658500,0.0,0.0
2023-09-14 00:00:00-04:00,93.73612978321695,94.96103511421941,93.35777866797389,94.40769958496094,963200,0.0,0.0
2023-09-15 00:00:00-04:00,94.46444338450138,94.9184588844706,94.12392815130133,94.19959259033203,1908500,0.0,0.0
2023-09-18 00:00:00-04:00,94.35094942080885,94.35094942080885,93.40507524115161,93.73612976074219,775200,0.0,0.0
2023-09-19 00:00:00-04:00,93.48075039493993,93.67938311410462,91.68358794325533,91.976806640625,1346600,0.0,0.0
2023-09-20 00:00:00-04:00,92.35515009759374,93.21589902558257,91.4187367231952,92.8186264038086,1444800,0.0,0.0
2023-09-21 00:00:00-04:00,92.26056038676508,92.44027877465166,90.51069474871892,90.54853057861328,1362800,0.0,0.0
2023-09-22 00:00:00-04:00,90.27422175124705,90.7093229488036,88.86959820797006,88.95945739746094,1722500,0.0,0.0
2023-09-25 00:00:00-04:00,88.82704814242652,89.91479768159228,88.37302535856766,89.01622009277344,1399600,0.0,0.0
2023-09-26 00:00:00-04:00,88.56218089517569,89.25267209721915,87.33254901292084,87.3514633178711,2364800,0.0,0.0
2023-09-27 00:00:00-04:00,87.55010697943744,87.88116869739882,86.14075654930615,86.43397521972656,1677500,0.0,0.0
2023-09-28 00:00:00-04:00,86.59477543976013,87.47443862819361,85.88536987542494,87.20013427734375,1954300,0.0,0.0
2023-09-29 00:00:00-04:00,87.14337283488412,87.90953571558946,86.75651358492554,87.45551300048828,2629600,0.0,0.0
2023-10-02 00:00:00-04:00,87.2757970570618,87.77711637479007,86.73664912709593,87.23796844482422,2586200,0.0,0.0
2023-10-03 00:00:00-04:00,86.64206837116164,87.12446619531885,83.99362515211642,84.75978088378906,3229200,0.0,0.0
2023-10-04 00:00:00-04:00,84.75978119238037,85.60160858903411,83.93686810305108,85.59214782714844,3074900,0.0,0.0
2023-10-05 00:00:00-04:00,93.64154841040101,96.30134338651524,92.2511121430089,92.4592056274414,7554600,0.0,0.0
2023-10-06 00:00:00-04:00,92.11869104806271,92.54433156667328,88.04197540984285,88.4108657836914,4835900,0.0,0.0
2023-10-09 00:00:00-04:00,87.82442347564708,88.60950084230343,84.72195706179073,87.68254089355469,3080500,0.0,0.0
2023-10-10 00:00:00-04:00,87.5501145019334,91.83492351535192,87.40823914369902,91.15390014648438,3997200,0.0,0.0
2023-10-11 00:00:00-04:00,91.04038011316493,91.20117697466439,86.37722061455483,86.86907196044922,3401700,0.0,0.0
2023-10-12 00:00:00-04:00,86.96367694869265,86.96367694869265,79.04670723382544,79.54801940917969,7107800,0.0,0.0
2023-10-13 00:00:00-04:00,79.55747390126353,80.03041096774759,76.85700007640293,78.67781066894531,4950400,0.0,0.0
2023-10-16 00:00:00-04:00,79.39667549120186,80.389838981694,78.77239511165241,80.05878448486328,2378200,0.0,0.0
2023-10-17 00:00:00-04:00,80.52227042957627,83.32205727840804,80.03987976915141,82.2059326171875,3102000,0.0,0.0
2023-10-18 00:00:00-04:00,82.09242590428381,83.63419831284317,81.08034075923977,81.84649658203125,2200100,0.0,0.0
2023-10-19 00:00:00-04:00,81.50597820315436,83.92742106593641,80.9195408168094,82.75453186035156,2843600,0.0,0.0
2023-10-20 00:00:00-04:00,82.70722691863776,83.24637482333928,82.15861825309695,82.76397705078125,2037300,0.0,0.0
2023-10-23 00:00:00-04:00,82.70723330898933,83.15179528898528,81.53434423346269,82.45184326171875,2264700,0.0,0.0
2023-10-24 00:00:00-04:00,82.74507614426389,84.34359859553489,82.52752190840894,83.98416900634766,3260300,0.0,0.0
2023-10-25 00:00:00-04:00,83.54907430560924,84.96788568181769,83.51123846960327,84.00308990478516,2753200,0.0,0.0
2023-10-26 00:00:00-04:00,84.19227044295525,85.09084810913679,83.3031463235918,83.97471618652344,2022300,0.0,0.0
2023-10-27 00:00:00-04:00,83.95579750303878,85.251640561517,83.5585248474861,84.06929779052734,2126800,0.0,0.0
2023-10-30 00:00:00-04:00,84.54222267632454,85.2137924071815,84.36251150830002,84.67464447021484,1420400,0.0,0.0
2023-10-31 00:00:00-04:00,85.09084265107171,85.34623272773808,84.24901518558882,84.93950653076172,1293900,0.0,0.0
2023-11-01 00:00:00-04:00,85.07193172327193,86.93530513658266,84.91112761746429,86.0367202758789,1965400,0.0,0.0
2023-11-02 00:00:00-04:00,86.53956562688765,89.37645981560809,86.53956562688765,88.91155242919922,2293100,0.28,0.0
2023-11-03 00:00:00-04:00,89.44287807144389,90.77119217177362,89.19619664784926,89.2720947265625,1366900,0.0,0.0
2023-11-06 00:00:00-05:00,89.11080187578784,90.53399401185709,88.90206587096762,89.35749053955078,1700500,0.0,0.0
2023-11-07 00:00:00-05:00,89.35749969051678,89.80817579867919,88.59846091138935,88.63641357421875,1057200,0.0,0.0
2023-11-08 00:00:00-05:00,88.85463210688373,91.00839306061728,88.82996251618177,89.53776550292969,2088600,0.0,0.0
2023-11-09 00:00:00-05:00,89.65161524954597,90.01216189275759,88.9495091508264,89.52827453613281,1496400,0.0,0.0
2023-11-10 00:00:00-05:00,89.83188578974978,90.13549981536816,88.9589963709381,89.25312042236328,1344300,0.0,0.0
2023-11-13 00:00:00-05:00,88.91155189644834,92.61185273362834,88.91155189644834,91.19815063476562,2212500,0.0,0.0
2023-11-14 00:00:00-05:00,91.54920913845814,91.75794515473729,90.17345956022548,90.97044372558594,1194500,0.0,0.0
2023-11-15 00:00:00-05:00,91.05582269746611,92.13744800723693,89.89829207925173,89.97419738769531,1477900,0.0,0.0
2023-11-16 00:00:00-05:00,89.84138219009797,91.05583837943885,89.55674085377689,90.7996597290039,1318200,0.0,0.0
2023-11-17 00:00:00-05:00,91.2076432974627,91.32150128162674,89.53776962876998,90.89454650878906,2722900,0.0,0.0
2023-11-20 00:00:00-05:00,90.86607423469503,92.64032310538568,90.60041285057662,92.34619903564453,2189700,0.0,0.0
2023-11-21 00:00:00-05:00,92.68776843137124,93.56065792988092,92.01412497673464,93.1147232055664,1551300,0.0,0.0
2023-11-22 00:00:00-05:00,93.38039730727506,93.97814275898264,92.90599983194195,93.82633209228516,792000,0.0,0.0
2023-11-24 00:00:00-05:00,93.83581213109788,94.18686159287918,93.47526545524,94.12993621826172,390200,0.0,0.0
2023-11-27 00:00:00-05:00,94.08248899477542,94.94588843579317,93.68873831278707,94.57585906982422,1127900,0.0,0.0
2023-11-28 00:00:00-05:00,94.56638190963582,94.75614522477515,93.24755763402136,93.39936828613281,1255100,0.0,0.0
2023-11-29 00:00:00-05:00,93.20959310285939,93.92118915688297,92.09950499587764,92.53594970703125,1258400,0.0,0.0
2023-11-30 00:00:00-05:00,92.39363603029396,94.99333902266102,92.16592730264362,94.90794372558594,2879000,0.0,0.0
2023-12-01 00:00:00-05:00,94.75613496097166,95.89468577356071,94.40507829503744,95.75236511230469,1669600,0.0,0.0
2023-12-04 00:00:00-05:00,95.42028711881487,97.45544865974529,95.42028711881487,97.21350860595703,1941100,0.0,0.0
2023-12-05 00:00:00-05:00,96.95734283555177,97.17082021760139,95.09770589798005,95.46773529052734,1499300,0.0,0.0
2023-12-06 00:00:00-05:00,95.44875060992446,96.34536136107607,95.2400146062736,95.8282699584961,930400,0.0,0.0
2023-12-07 00:00:00-05:00,95.74288190540047,96.69641802528248,94.91742786516188,95.8282699584961,1615700,0.0,0.0
2023-12-08 00:00:00-05:00,95.83777161837189,96.34063174008305,95.10719551651462,95.79032897949219,899200,0.0,0.0
2023-12-11 00:00:00-05:00,96.0370107686612,97.56457097503531,95.66698137593504,97.3558349609375,1449700,0.0,0.0
2023-12-12 00:00:00-05:00,97.972551204717,98.45643133159507,97.40327578332948,98.23821258544922,1411400,0.0,0.0
2023-12-13 00:00:00-05:00,98.07692861376282,100.84740790522667,97.8112599688277,100.638671875,1118600,0.0,0.0
2023-12-14 00:00:00-05:00,100.59121661234916,100.93278330281386,99.00673111080589,99.02571105957031,1261600,0.0,0.0
2023-12-15 00:00:00-05:00,98.4184870233468,99.10161319349902,97.75432632527605,98.98776245117188,1974000,0.0,0.0
2023-12-18 00:00:00-05:00,99.12058399485463,101.95747813611239,98.92133797544146,101.75823211669922,1540400,0.0,0.0
2023-12-19 00:00:00-05:00,101.74875439190967,103.00591187068338,100.3540248493827,100.49634552001953,1668700,0.0,0.0
2023-12-20 00:00:00-05:00,99.72782409168008,100.07888078096086,97.83972442705803,98.11487579345703,1489000,0.0,0.0
2023-12-21 00:00:00-05:00,98.70311883560933,99.25342153989865,97.8492020942517,98.63670349121094,1005700,0.0,0.0
2023-12-22 00:00:00-05:00,98.88340392072276,100.62918303184549,98.54183718354996,99.33882141113281,889900,0.0,0.0
2023-12-26 00:00:00-05:00,98.98776411278388,101.20794049018856,98.85493341868599,101.05613708496094,1027900,0.0,0.0
2023-12-27 00:00:00-05:00,101.1320470200638,102.3749732872548,100.90244171870954,102.00494384765625,1080200,0.0,0.0
2023-12-28 00:00:00-05:00,101.9100592073437,103.05810011727004,101.9100592073437,102.59318542480469,912100,0.0,0.0
2023-12-29 00:00:00-05:00,102.61215416523342,103.20989225473247,102.45086079423471,102.55522155761719,925600,0.0,0.0
2024-01-02 00:00:00-05:00,102.15672410252552,102.61689011333475,100.4299180297781,101.10356140136719,2698000,0.0,0.0
2024-01-03 00:00:00-05:00,101.49257958888855,101.72977828579117,98.43745921458607,99.55703735351562,3212100,0.0,0.0
2024-01-04 00:00:00-05:00,101.35025760876938,106.14641548749663,99.6424241177245,99.8701400756836,5531500,0.0,0.0
2024-01-05 00:00:00-05:00,99.46214865776338,102.46982607469798,99.46214865776338,100.5912094116211,2436800,0.0,0.0
2024-01-08 00:00:00-05:00,100.74302574599311,102.41290651462808,100.33504371839278,101.88157653808594,1604400,0.0,0.0
2024-01-09 00:00:00-05:00,101.06560786970361,102.17570316586217,100.83789916942479,101.91004180908203,1122700,0.0,0.0
2024-01-10 00:00:00-05:00,102.02390259540412,102.64062065655881,100.96125706354844,101.69182586669922,990900,0.0,0.0
2024-01-11 00:00:00-05:00,101.8910709098317,102.27059026981874,100.31607533817058,101.68233489990234,995200,0.0,0.0
2024-01-12 00:00:00-05:00,102.10454668717732,102.57420270215627,101.18896321283819,101.66336059570312,744200,0.0,0.0
2024-01-16 00:00:00-05:00,101.4736088057959,102.79243310060855,101.4736088057959,102.7734603881836,1037100,0.0,0.0
2024-01-17 00:00:00-05:00,102.19468963312018,104.49077137010107,102.17571692167978,104.35794067382812,1619400,0.0,0.0
2024-01-18 00:00:00-05:00,104.3769291042504,104.50026983545911,103.07707748370828,104.1207504272461,1396200,0.0,0.0
2024-01-19 00:00:00-05:00,104.76590983114833,104.94618314190866,102.63112173996016,103.64633178710938,1235800,0.0,0.0
2024-01-22 00:00:00-05:00,103.67479690742988,104.3863929545549,102.7592134680524,104.08277893066406,1262400,0.0,0.0
2024-01-23 00:00:00-05:00,104.35794086592456,104.80387559226031,103.38068335351903,103.94995880126953,846700,0.0,0.0
2024-01-24 00:00:00-05:00,103.74122358145573,103.80764616895677,100.37300626702995,100.429931640625,1334600,0.0,0.0
2024-01-25 00:00:00-05:00,100.70507260214923,101.38820596960255,97.20401771331562,99.6613998413086,2119000,0.0,0.0
2024-01-26 00:00:00-05:00,99.98398789022944,100.14053989222171,97.62149099568947,98.85492706298828,1941400,0.0,0.0
2024-01-29 00:00:00-05:00,99.36728129148543,100.18323814919906,98.9498092685433,99.55703735351562,1218800,0.0,0.0
2024-01-30 00:00:00-05:00,99.68985707446008,100.08834910410987,97.97254101425816,98.2097396850586,1408600,0.0,0.0
2024-01-31 00:00:00-05:00,98.14333673410782,98.30463011331507,96.59679657250327,97.19454193115234,2725700,0.0,0.0
2024-02-01 00:00:00-05:00,97.74677985210309,100.45085628808546,97.40876666547632,100.39373016357422,2020100,0.36,0.0
2024-02-02 00:00:00-05:00,100.9459751168304,101.78386375874528,99.96051306181643,101.02214813232422,1496900,0.0,0.0
2024-02-05 00:00:00-05:00,100.62224455180086,100.91740588848903,98.81317549773483,99.14642333984375,1493000,0.0,0.0
2024-02-06 00:00:00-05:00,99.05120996902522,99.3558947458587,95.87106306484186,96.22335052490234,1567300,0.0,0.0
2024-02-07 00:00:00-05:00,96.29000412636096,96.87081064156976,94.5247384881021,95.3949966430664,1767800,0.0,0.0
2024-02-08 00:00:00-05:00,95.42355463909736,97.2516632795857,95.21408249532635,96.05196380615234,1263200,0.0,0.0
2024-02-09 00:00:00-05:00,95.93770682039104,96.3280807619372,94.79513352829458,96.00435638427734,905300,0.0,0.0
2024-02-12 00:00:00-05:00,95.6901452723024,97.01362033224142,95.404500141906,96.29951477050781,883300,0.0,0.0
2024-02-13 00:00:00-05:00,95.90915266016509,98.84174100757839,95.90915266016509,98.64179229736328,2282800,0.0,0.0
2024-02-14 00:00:00-05:00,98.6417865775666,99.06073085901508,96.3566471780644,97.92768096923828,1509400,0.0,0.0
2024-02-15 00:00:00-05:00,98.52753355337143,98.7655687542728,97.24213765709773,98.56561279296875,1228800,0.0,0.0
2024-02-16 00:00:00-05:00,98.49896221968221,98.49896221968221,95.85201197501738,96.38521575927734,2034200,0.0,0.0
2024-02-20 00:00:00-05:00,96.48994375861339,98.49896139805196,95.97579412676164,97.27070617675781,1499900,0.0,0.0
2024-02-21 00:00:00-05:00,97.27071836952796,97.74202346851254,96.31857746425501,96.96602630615234,1396200,0.0,0.0
2024-02-22 00:00:00-05:00,97.13741324932103,100.07953246309009,96.48995713456911,98.79414367675781,2195900,0.0,0.0
2024-02-23 00:00:00-05:00,99.02264325866034,99.3558910860062,97.75629425048828,97.75629425048828,794200,0.0,0.0
2024-02-26 00:00:00-05:00,98.01338226062376,98.58466532265103,97.10884408684385,97.16597747802734,780100,0.0,0.0
2024-02-27 00:00:00-05:00,96.80416081852898,97.6134791077611,95.96627946538702,95.99484252929688,937300,0.0,0.0
2024-02-28 00:00:00-05:00,95.96627719314013,96.60420981955006,95.48068332539519,96.14718627929688,724000,0.0,0.0
2024-02-29 00:00:00-05:00,96.63277103708876,97.63252181671685,95.97579880249074,97.31831359863281,2199900,0.0,0.0
2024-03-01 00:00:00-05:00,97.03267833902959,98.79413747372129,96.59468715174182,97.16597747802734,1886300,0.0,0.0
2024-03-04 00:00:00-05:00,97.11835867124658,97.44684839962173,96.01863724269163,97.34687042236328,1085900,0.0,0.0
2024-03-05 00:00:00-05:00,97.30879493620242,99.03217486703169,96.92317904245664,98.21333312988281,1257000,0.0,0.0
2024-03-06 00:00:00-05:00,98.42279899073858,98.62274769084613,97.07075350808228,97.53730773925781,1110000,0.0,0.0
2024-03-07 00:00:00-05:00,97.68964005129817,97.99242156699849,94.51900959239082,94.95700073242188,1854900,0.0,0.0
2024-03-08 00:00:00-05:00,94.88083211890017,96.4232955648981,93.88108137376553,96.34712982177734,1436500,0.0,0.0
2024-03-11 00:00:00-04:00,96.52803690662493,98.28473793986348,95.83297815303838,97.30879211425781,1563800,0.0,0.0
2024-03-12 00:00:00-04:00,97.53731648904821,98.59419347318166,96.90890000583,98.16572570800781,1352400,0.0,0.0
2024-03-13 00:00:00-04:00,98.1657130761716,98.93695204853906,97.32783180395673,98.01337432861328,1081200,0.0,0.0
2024-03-14 00:00:00-04:00,97.90864956898065,98.30854699979506,95.82345869304213,96.48043823242188,1012600,0.0,0.0
2024-03-15 00:00:00-04:00,95.65206744927201,97.54206758861642,95.65206744927201,97.17549133300781,1325300,0.0,0.0
2024-03-18 00:00:00-04:00,96.73750302161103,98.6132215442731,95.74727572614577,97.93720245361328,1289900,0.0,0.0
2024-03-19 00:00:00-04:00,97.92768576961433,98.90363160168842,97.53731179533965,98.82270050048828,1083000,0.0,0.0
2024-03-20 00:00:00-04:00,99.07977125884753,99.67962462368997,96.97554092145472,98.24188995361328,1762700,0.0,0.0
2024-03-21 00:00:00-04:00,98.00385371930896,98.65130975972424,97.28022467078414,97.82294464111328,1219700,0.0,0.0
2024-03-22 00:00:00-04:00,97.78486111329653,99.32733188530169,97.70869536712664,98.23236846923828,2479300,0.0,0.0
2024-03-25 00:00:00-04:00,98.16571938444784,99.64154059565851,97.69917240573133,97.73725891113281,1440400,0.0,0.0
2024-03-26 00:00:00-04:00,98.13715124026122,100.6222392910387,97.84198991900477,100.54606628417969,2653300,0.0,0.0
2024-03-27 00:00:00-04:00,101.11735792101007,102.18375831510654,100.78411006793566,101.21257781982422,1776000,0.0,0.0
2024-03-28 00:00:00-04:00,101.59342653331812,102.35514212459984,100.9316889282922,101.43156433105469,1407900,0.0,0.0
2024-04-01 00:00:00-04:00,98.61322742795372,100.49846950501015,97.84199566492336,99.95574951171875,2540800,0.0,0.0
2024-04-02 00:00:00-04:00,99.82243971859262,100.26994706464492,97.61823866801154,98.84173583984375,1609000,0.0,0.0
2024-04-03 00:00:00-04:00,98.2990210489243,98.53705626561094,95.62350753792907,96.28048706054688,3640800,0.0,0.0
2024-04-04 00:00:00-04:00,84.293021947682,85.1975600456974,76.19030188967781,77.62803649902344,23227100,0.0,0.0
2024-04-05 00:00:00-04:00,78.0850613334571,78.65348945117016,74.99155565662055,75.96178436279297,9800100,0.0,0.0
2024-04-08 00:00:00-04:00,75.53333531112872,76.58068879240638,73.70522662407045,74.0765609741211,5986400,0.0,0.0
2024-04-09 00:00:00-04:00,74.26698403328251,77.39000476368287,74.22984914652835,76.5902099609375,5574400,0.0,0.0
2024-04-10 00:00:00-04:00,75.98084536816545,77.04723850798688,74.53835251157892,76.03797149658203,4440800,0.0,0.0
2024-04-11 00:00:00-04:00,76.48546746375345,78.265966000201,76.14745430444376,77.46617126464844,5103700,0.0,0.0
2024-04-12 00:00:00-04:00,76.91394250223641,77.58044550606478,75.28578239763742,75.95227813720703,3513700,0.0,0.0
2024-04-15 00:00:00-04:00,76.28551904452625,76.76920235839354,74.90491060680782,76.12364959716797,2649400,0.0,0.0
2024-04-16 00:00:00-04:00,76.16174391850502,78.33262387600988,75.57142124558312,78.13267517089844,3176900,0.0,0.0
2024-04-17 00:00:00-04:00,78.25645755750502,78.78965410057168,76.48547502316723,76.5140380859375,3006400,0.0,0.0
2024-04-18 00:00:00-04:00,76.81872203584585,76.90441122323446,75.35242429393503,76.4473876953125,2580900,0.0,0.0
2024-04-19 00:00:00-04:00,76.40929985046387,78.53257704881253,76.13317814440234,77.12340545654297,2441800,0.0,0.0
2024-04-22 00:00:00-04:00,77.12341130545792,78.55162262592937,76.97106527776359,78.18981170654297,1949500,0.0,0.0
2024-04-23 00:00:00-04:00,78.2564595944861,79.92270609919916,78.12316045524972,79.7132339477539,1932200,0.0,0.0
2024-04-24 00:00:00-04:00,79.45614707075966,80.69393301983489,79.01816317327739,80.47493743896484,3187600,0.0,0.0
2024-04-25 00:00:00-04:00,80.45589442452984,81.1509603773701,79.3609310948948,79.50375366210938,2079400,0.0,0.0
2024-04-26 00:00:00-04:00,79.18004096141168,81.0747993239367,79.18004096141168,79.8370132446289,2462700,0.0,0.0
2024-04-29 00:00:00-04:00,80.13217312738546,81.05574360040089,79.46567020955821,80.61775970458984,1652100,0.0,0.0
2024-04-30 00:00:00-04:00,80.09410123151589,80.37973916474495,78.61352172852904,79.35142517089844,2294100,0.0,0.0
2024-05-01 00:00:00-04:00,78.82774657681294,79.0800633360739,77.42334019158005,78.28502655029297,2678200,0.0,0.0
2024-05-02 00:00:00-04:00,78.87793992880336,80.94360470063454,78.53366125079751,80.79059600830078,2070400,0.36,0.0
2024-05-03 00:00:00-04:00,81.28790238823,82.0051485857732,80.61368921145004,81.36441040039062,1686300,0.0,0.0
2024-05-06 00:00:00-04:00,81.43134412415826,81.69433582688545,80.06379456618168,80.72366333007812,1555900,0.0,0.0
2024-05-07 00:00:00-04:00,81.02968529677132,82.09120280373614,80.8671039702951,81.3835220336914,1561300,0.0,0.0
2024-05-08 00:00:00-04:00,81.39308860301537,81.52697395895834,78.82056357087387,79.52825164794922,1740000,0.0,0.0
2024-05-09 00:00:00-04:00,79.67168877967781,80.42718882675544,78.77274535977868,80.16898345947266,1651200,0.0,0.0
2024-05-10 00:00:00-04:00,80.45588619689502,81.57479569926177,80.23880221251943,81.44091033935547,1542600,0.0,0.0
2024-05-13 00:00:00-04:00,81.77562006738667,82.50242418961442,81.12531665009554,81.3835220336914,2105700,0.0,0.0
2024-05-14 00:00:00-04:00,81.41220779559343,82.33984721165945,81.21424718023474,81.84255981445312,2210900,0.0,0.0
2024-05-15 00:00:00-04:00,82.41636153778586,82.55981222175288,80.80972992900594,82.31116485595703,1476900,0.0,0.0
2024-05-16 00:00:00-04:00,82.2537836845047,83.38225115850669,81.96688232988208,83.16229248046875,1432300,0.0,0.0
2024-05-17 00:00:00-04:00,83.25791920598489,83.40136987532354,82.16770579293785,82.98058319091797,1219900,0.0,0.0
2024-05-20 00:00:00-04:00,83.05709571320877,83.57351377324522,82.06251359345758,82.88495635986328,1185100,0.0,0.0
2024-05-21 00:00:00-04:00,82.9997150185942,83.90822377698655,82.06251028896271,83.42050170898438,2015700,0.0,0.0
2024-05-22 00:00:00-04:00,83.00927420169549,85.23751292028908,82.77019219915168,84.89323425292969,2383800,0.0,0.0
2024-05-23 00:00:00-04:00,84.9028235590458,85.008020253577,83.74566721540835,83.90824127197266,2244700,0.0,0.0
2024-05-24 00:00:00-04:00,84.14730447117697,85.60092721714281,83.78390243278757,85.31402587890625,1698200,0.0,0.0
2024-05-28 00:00:00-04:00,84.9697428826873,85.33315219885233,84.24771785621817,84.53939819335938,1632500,0.0,0.0
2024-05-29 00:00:00-04:00,83.98473015975014,84.08514781664584,81.60347532698152,81.63216400146484,1678300,0.0,0.0
2024-05-30 00:00:00-04:00,81.6608565270858,83.03797133686274,81.4791518518501,81.89037322998047,1165900,0.0,0.0
2024-05-31 00:00:00-04:00,82.02425333849307,84.48201612616542,82.02425333849307,84.4342041015625,3254600,0.0,0.0
2024-06-03 00:00:00-04:00,84.40551747776593,84.70388845008458,83.1622880686285,83.5352554321289,1110200,0.0,0.0
2024-06-04 00:00:00-04:00,83.21011478597221,83.56395153365115,82.18684395225958,82.46417999267578,1755100,0.0,0.0
2024-06-05 00:00:00-04:00,82.24421933163961,82.55024404195568,81.29745652413129,81.5843505859375,1417200,0.0,0.0
2024-06-06 00:00:00-04:00,81.66085032916227,82.75106370542214,81.66085032916227,82.29203033447266,1439300,0.0,0.0
2024-06-07 00:00:00-04:00,82.11034769272109,82.45462646136106,81.36441279273645,82.09121704101562,1466200,0.0,0.0
2024-06-10 00:00:00-04:00,81.61303431504226,82.38766501623083,80.72365621077377,81.75648498535156,1725900,0.0,0.0
2024-06-11 00:00:00-04:00,81.76605451277993,83.24836602184432,81.03924309639574,83.12403869628906,1102800,0.0,0.0
2024-06-12 00:00:00-04:00,83.73608368707688,84.39595239183807,82.3589762241983,82.66500091552734,1233600,0.0,0.0
2024-06-13 00:00:00-04:00,82.6363156872343,82.75107039114113,81.38352089868387,82.40679168701172,979600,0.0,0.0
2024-06-14 00:00:00-04:00,82.26334311448886,83.07622786770574,81.39595571248613,82.97103118896484,904400,0.0,0.0
2024-06-17 00:00:00-04:00,82.77974940816932,84.09948671874331,82.77974940816932,83.30573272705078,963500,0.0,0.0
2024-06-18 00:00:00-04:00,82.72237401025319,83.42527569103083,80.89578398368712,80.98185729980469,1450500,0.0,0.0
2024-06-20 00:00:00-04:00,80.56107878767435,81.09662749630547,78.8205619010834,78.88750457763672,2293400,0.0,0.0
2024-06-21 00:00:00-04:00,79.04051331564378,81.28788273193292,78.73448863720701,81.1444320678711,3053300,0.0,0.0
2024-06-24 00:00:00-04:00,81.33570517216627,81.75648456103106,80.68540179351615,81.24006652832031,1736600,0.0,0.0
2024-06-25 00:00:00-04:00,80.97230428347854,82.0433944589338,80.89579627890211,81.44091033935547,1432200,0.0,0.0
2024-06-26 00:00:00-04:00,80.44632548987003,81.27832629926976,80.12117012934932,80.39850616455078,1511400,0.0,0.0
2024-06-27 00:00:00-04:00,80.39849852484139,80.76190055564037,79.40391648158719,79.80557250976562,2295200,0.0,0.0
2024-06-28 00:00:00-04:00,79.80558201506122,80.42719677815842,79.45174526551415,80.40807342529297,5214900,0.0,0.0
2024-07-01 00:00:00-04:00,80.5706444238244,80.71409510162405,79.05964423724994,79.1265869140625,1715300,0.0,0.0
2024-07-02 00:00:00-04:00,79.06920956142446,79.17440623873057,77.57734002319904,79.1265869140625,2222300,0.0,0.0
2024-07-03 00:00:00-04:00,79.56650130827455,79.70517297964066,78.65799245974429,79.0692138671875,857900,0.0,0.0
2024-07-05 00:00:00-04:00,78.61974792664502,79.02140405777091,77.9025017084034,78.80145263671875,2048300,0.0,0.0
2024-07-08 00:00:00-04:00,78.9353119188745,79.08354158758222,76.51580330992073,76.96527862548828,2323700,0.0,0.0
2024-07-09 00:00:00-04:00,76.43930685572813,76.66404454742539,73.49381449764856,73.50337982177734,3471300,0.0,0.0
2024-07-10 00:00:00-04:00,73.68508315677484,75.04306731014232,73.32167380854665,74.56490325927734,3115900,0.0,0.0
2024-07-11 00:00:00-04:00,74.83266784353758,75.98504486301579,74.4692658212183,75.48297119140625,2469100,0.0,0.0
2024-07-12 00:00:00-04:00,76.4201794498416,76.45842615191887,75.24389271535176,75.5020980834961,2127600,0.0,0.0
2024-07-15 00:00:00-04:00,75.62642919143123,76.2289132780932,73.48424895755744,73.54163360595703,2546800,0.0,0.0
2024-07-16 00:00:00-04:00,73.68509495888246,75.30607105909755,73.26430819193865,74.50753784179688,2407000,0.0,0.0
2024-07-17 00:00:00-04:00,74.19194248363469,76.55407427244265,74.12499980240635,75.5499267578125,2418200,0.0,0.0
2024-07-18 00:00:00-04:00,74.81353981921748,76.63055711349459,74.72746650844881,75.61685180664062,3315900,0.0,0.0
2024-07-19 00:00:00-04:00,76.41061027564186,76.41061027564186,74.06855805104892,74.09629821777344,1607000,0.0,0.0
2024-07-22 00:00:00-04:00,74.21106169185964,76.29872472291903,73.58944694591491,75.88463592529297,2194400,0.0,0.0
2024-07-23 00:00:00-04:00,75.89420424116706,76.20979428871497,74.84224471221226,75.1865234375,2473300,0.0,0.0
2024-07-24 00:00:00-04:00,56.53429529050425,61.35801684131363,53.77433076639828,53.956031799316406,22845200,0.0,0.0
2024-07-25 00:00:00-04:00,52.712798977207385,54.06600398914745,50.67582293916039,50.6949462890625,14857200,0.0,0.0
2024-07-26 00:00:00-04:00,51.54608093113756,54.31942995690542,51.54608093113756,54.233360290527344,9809100,0.0,0.0
2024-07-29 00:00:00-04:00,54.309875203554384,54.36725255638435,52.97101436661997,53.774330139160156,5299800,0.0,0.0
2024-07-30 00:00:00-04:00,54.606330861262194,57.11191300943188,54.558515187799856,56.92064666748047,6622300,0.0,0.0
2024-07-31 00:00:00-04:00,56.90152408658435,58.34557796664189,56.703563462015545,57.3988151550293,4638200,0.0,0.0
2024-08-01 00:00:00-04:00,57.437068017648066,58.374269134491925,56.43292057636327,56.71982192993164,5089200,0.0,0.0
2024-08-02 00:00:00-04:00,56.18100283357265,56.796789918675756,53.910285204469545,54.785858154296875,4766800,0.36,0.0
2024-08-05 00:00:00-04:00,53.40033832940485,54.35288651997793,53.053957169196465,54.247047424316406,4672900,0.0,0.0
2024-08-06 00:00:00-04:00,54.5934299580613,55.69992128058715,53.97763917420868,55.2092170715332,3820100,0.0,0.0
2024-08-07 00:00:00-04:00,55.72878314614523,57.46068892834525,55.27656656557575,55.901973724365234,4061300,0.0,0.0
2024-08-08 00:00:00-04:00,55.92121931981863,57.42220315564535,55.91159925200095,56.97960662841797,2447000,0.0,0.0
2024-08-09 00:00:00-04:00,56.92187127746107,57.98025484255271,56.40229956206826,57.86479568481445,2816600,0.0,0.0
2024-08-12 00:00:00-04:00,57.73971758380606,57.912908169984085,56.08479061754382,56.104034423828125,2798500,0.0,0.0
2024-08-13 00:00:00-04:00,56.517764158615016,57.027712152430546,55.95008474893374,56.893009185791016,2708000,0.0,0.0
2024-08-14 00:00:00-04:00,57.037332219884554,57.258630475132435,56.363817386686904,56.893009185791016,1420500,0.0,0.0
2024-08-15 00:00:00-04:00,57.73009839845784,59.11561943868374,57.73009839845784,58.77886199951172,2198800,0.0,0.0
2024-08-16 00:00:00-04:00,58.54794084921769,59.37540619231985,58.114968041186856,58.624916076660156,1639600,0.0,0.0
2024-08-19 00:00:00-04:00,58.692262741652556,60.58773535225721,58.666283788044936,60.54924774169922,2794500,0.0,0.0
2024-08-20 00:00:00-04:00,60.42416958312532,60.510764878484316,59.019404720973505,59.510108947753906,1711300,0.0,0.0
2024-08-21 00:00:00-04:00,59.894978104435246,60.56849666458539,59.68329989886155,59.84687042236328,1879700,0.0,0.0
2024-08-22 00:00:00-04:00,60.13551114590243,60.30870171163305,59.558211707053886,60.04891586303711,1779500,0.0,0.0
2024-08-23 00:00:00-04:00,60.472275637207396,60.58773847483211,59.894976130606864,60.318328857421875,1648700,0.0,0.0
2024-08-26 00:00:00-04:00,60.616603199724345,60.616603199724345,59.87573316461535,59.88535690307617,2526800,0.0,0.0
2024-08-27 00:00:00-04:00,59.74103018921022,60.40011679930622,59.58708340726425,59.88535690307617,1564500,0.0,0.0
2024-08-28 00:00:00-04:00,59.558214639771826,60.125894039757576,58.3747444922103,58.817344665527344,1665400,0.0,0.0
2024-08-29 00:00:00-04:00,59.15410182841558,59.60632206712674,58.33626030814012,58.98091125488281,1422300,0.0,0.0
2024-08-30 00:00:00-04:00,59.42351445666296,59.84687087098389,58.78944881573868,59.57746124267578,1962900,0.0,0.0
2024-09-03 00:00:00-04:00,59.06751153732021,60.154762747479616,58.89432094913974,59.38502883911133,2465500,0.0,0.0
2024-09-04 00:00:00-04:00,58.91356587968631,60.02968098571042,58.91356587968631,59.34654235839844,2272700,0.0,0.0
2024-09-05 00:00:00-04:00,59.750647899731696,60.116272868819856,58.81734717680073,59.74102783203125,1910400,0.0,0.0
2024-09-06 00:00:00-04:00,59.692920714441755,61.020710292436576,59.543782135826596,60.63584518432617,1815600,0.0,0.0
2024-09-09 00:00:00-04:00,60.98222857546191,61.69423474052948,60.554063970721415,60.78017044067383,2289400,0.0,0.0
2024-09-10 00:00:00-04:00,61.12654514200355,61.521033960870305,59.69291656603579,60.29907989501953,1542300,0.0,0.0
2024-09-11 00:00:00-04:00,60.241360844785035,60.29428039754606,59.168541521988956,60.20287322998047,1407400,0.0,0.0
2024-09-12 00:00:00-04:00,60.539628937052186,61.751963075754276,59.856490310693545,61.45368957519531,1787600,0.0,0.0
2024-09-13 00:00:00-04:00,61.684604714767,62.09833733993428,61.16503299892243,61.742332458496094,1291400,0.0,0.0
2024-09-16 00:00:00-04:00,62.15606619171017,63.22407351430305,61.89628399953724,62.31001663208008,1426400,0.0,0.0
2024-09-17 00:00:00-04:00,62.61791455045471,64.07078339403839,62.20418188898268,63.204837799072266,1792700,0.0,0.0
2024-09-18 00:00:00-04:00,63.25294307082786,64.42198139256278,63.03164846886105,63.28180694580078,2297000,0.0,0.0
2024-09-19 00:00:00-04:00,64.32095151368384,64.44603809490735,62.800723787633224,63.127864837646484,2804300,0.0,0.0
2024-09-20 00:00:00-04:00,62.52169033103529,63.474234755001994,62.03098251351768,62.96428680419922,5336200,0.0,0.0
2024-09-23 00:00:00-04:00,62.8199662541386,63.25293903261373,61.84817426110898,62.44472122192383,2517200,0.0,0.0
2024-09-24 00:00:00-04:00,63.48387210035656,63.93608506671868,62.242674025726956,62.386993408203125,3055900,0.0,0.0
2024-09-25 00:00:00-04:00,62.54093852244961,62.560178658213786,61.66536185956982,62.47358703613281,2377500,0.0,0.0
2024-09-26 00:00:00-04:00,63.25775747133517,64.46527604411419,63.15576493022333,63.98419189453125,2293400,0.0,0.0
2024-09-27 00:00:00-04:00,64.46526546979594,64.87899806420265,63.4357458521923,64.27283477783203,2279200,0.0,0.0
2024-09-30 00:00:00-04:00,64.14775260293476,64.34980704552613,62.069473092879925,62.290767669677734,2978200,0.0,0.0
2024-10-01 00:00:00-04:00,62.29076390942629,63.37801861585815,61.79043970189228,62.45433807373047,4151400,0.0,0.0
2024-10-02 00:00:00-04:00,60.616593485748574,65.59100106239973,59.84685969937066,64.0611572265625,6786600,0.0,0.0
2024-10-03 00:00:00-04:00,63.252942194817486,65.84117727938174,62.93543223375102,65.70647430419922,4480500,0.0,0.0
2024-10-04 00:00:00-04:00,66.72636149246081,67.21706931730294,65.2061340136232,66.24527740478516,3321100,0.0,0.0
2024-10-07 00:00:00-04:00,65.31197555024076,66.63014864259489,64.89824292568879,66.61090850830078,2583900,0.0,0.0
2024-10-08 00:00:00-04:00,66.60128714860267,68.85275732020271,66.29339360357801,68.41978454589844,3403800,0.0,0.0
2024-10-09 00:00:00-04:00,68.41978142953316,69.00670461999731,67.66929140651625,68.26583099365234,2386500,0.0,0.0
2024-10-10 00:00:00-04:00,67.96757027462304,68.33319159751386,66.97653806879754,68.28508758544922,1948700,0.0,0.0
2024-10-11 00:00:00-04:00,68.41978510471158,68.90086923153939,68.10226781922253,68.65070343017578,1252600,0.0,0.0
2024-10-14 00:00:00-04:00,68.9393551128394,69.61094665780543,67.89058792547326,69.56476593017578,2058400,0.0,0.0
2024-10-15 00:00:00-04:00,69.72833178890468,70.10838500429458,68.5256215188898,68.61221313476562,2199600,0.0,0.0
2024-10-16 00:00:00-04:00,68.78541511987956,69.01634081538455,66.85146197016971,67.11124420166016,3777300,0.0,0.0
2024-10-17 00:00:00-04:00,67.45762038164982,68.84314508847302,67.36621321824668,68.31394958496094,2068000,0.0,0.0
2024-10-18 00:00:00-04:00,76.16524374512414,76.28936133776331,72.316570666723,75.26080322265625,7982900,0.0,0.0
2024-10-21 00:00:00-04:00,75.14534487735669,75.75151562150916,73.64436463614446,74.3852310180664,2286500,0.0,0.0
2024-10-22 00:00:00-04:00,74.38521642922068,74.8181964959485,73.56737497974858,74.33711242675781,1682300,0.0,0.0
2024-10-23 00:00:00-04:00,73.46154752635483,74.58728266468437,73.1344138310843,74.23128509521484,2384900,0.0,0.0
2024-10-24 00:00:00-04:00,74.23128109947241,74.77971670201634,73.87527620840453,74.45257568359375,2336200,0.0,0.0
2024-10-25 00:00:00-04:00,74.4718232331133,75.0587464466872,73.79830106075647,74.00997924804688,2568200,0.0,0.0
2024-10-28 00:00:00-04:00,74.23128008390789,75.29928740173895,74.07252144576965,74.71236419677734,1877900,0.0,0.0
2024-10-29 00:00:00-04:00,74.34674262401494,75.29929454318516,73.8079307155433,74.48145294189453,1960900,0.0,0.0
2024-10-30 00:00:00-04:00,74.48144219231922,74.62383826714293,73.2594844952729,74.3274917602539,1749600,0.0,0.0
2024-10-31 00:00:00-04:00,74.15430752812395,75.05874804185484,74.00998082092586,74.7508544921875,1861700,0.0,0.0
2024-11-01 00:00:00-04:00,74.98284627885106,75.42750324385202,74.3835221738836,74.51885223388672,1750200,0.36,0.0
2024-11-04 00:00:00-05:00,74.8281826725599,75.437167911312,74.56718373099845,74.87651062011719,1725600,0.0,0.0
2024-11-05 00:00:00-05:00,75.04084196151548,76.72281390334682,74.49469114485574,76.52947998046875,1601200,0.0,0.0
2024-11-06 00:00:00-05:00,77.74745553847275,78.50143937762915,76.9161381324965,77.32212829589844,1886800,0.0,0.0
2024-11-07 00:00:00-05:00,77.24480372679871,78.57877459525878,77.02247156125452,77.62179565429688,2131600,0.0,0.0
2024-11-08 00:00:00-05:00,77.32213290089162,78.61744440999561,76.99347628473608,78.49177551269531,1580000,0.0,0.0
2024-11-11 00:00:00-05:00,78.83010015386989,79.2070920581672,78.09544604872929,78.28877258300781,1197800,0.0,0.0
2024-11-12 00:00:00-05:00,78.3951026838017,78.7720945798973,76.98379836445558,77.71845245361328,1420100,0.0,0.0
2024-11-13 00:00:00-05:00,77.75712204485565,78.14377511897494,76.8194728527536,77.39945983886719,1393200,0.0,0.0
2024-11-14 00:00:00-05:00,77.44779787486365,78.23077996481095,76.6841454893259,77.7281265258789,1750400,0.0,0.0
2024-11-15 00:00:00-05:00,77.15780366666698,77.7087924503234,72.7498933974156,72.95288848876953,4403000,0.0,0.0
2024-11-18 00:00:00-05:00,73.14620469680663,74.7750105297418,73.14620469680663,74.25785064697266,2215200,0.0,0.0
2024-11-19 00:00:00-05:00,73.73587341622002,73.73587341622002,71.50291995137971,72.56623077392578,1696900,0.0,0.0
2024-11-20 00:00:00-05:00,72.35357043689238,73.67788028651556,71.95241080315687,73.57154846191406,1131900,0.0,0.0
2024-11-21 00:00:00-05:00,73.80354030367673,74.4511924039175,72.92389485221781,74.19020080566406,1266000,0.0,0.0
2024-11-22 00:00:00-05:00,74.31585592072291,75.22450691573279,73.3975437608255,74.35452270507812,1171700,0.0,0.0
2024-11-25 00:00:00-05:00,74.886181627594,75.74649729677525,74.1708645557328,74.21919250488281,2729600,0.0,0.0
2024-11-26 00:00:00-05:00,74.37387180846068,75.13752432932903,73.20422904863027,74.26753997802734,1830800,0.0,0.0
2024-11-27 00:00:00-05:00,74.91517979999668,75.21967611658232,73.75520577242234,74.15152740478516,1338700,0.0,0.0
2024-11-29 00:00:00-05:00,74.43186315370771,74.92001752331036,74.13220476592547,74.66385650634766,689200,0.0,0.0
2024-12-02 00:00:00-05:00,74.62518009122716,75.9108229680094,73.76486445186094,75.72715759277344,1256700,0.0,0.0
2024-12-03 00:00:00-05:00,75.65948977357111,77.01279762681224,75.19550314527582,76.761474609375,1578800,0.0,0.0
2024-12-04 00:00:00-05:00,76.25882501172902,76.52079009806057,74.84752046664755,75.35017395019531,1197800,0.0,0.0
2024-12-05 00:00:00-05:00,75.35017712985294,75.84316946860935,73.83254069970184,75.0988540649414,1356900,0.0,0.0
2024-12-06 00:00:00-05:00,75.7175043393576,76.22015782023907,74.88618685660569,74.94418334960938,1181000,0.0,0.0
2024-12-09 00:00:00-05:00,74.93451002832627,76.49081307407455,74.56718663784555,75.40817260742188,1176700,0.0,0.0
2024-12-10 00:00:00-05:00,75.5241641014378,75.5241641014378,72.82238619544397,73.27188110351562,1547200,0.0,0.0
2024-12-11 00:00:00-05:00,73.84219842728301,74.29652391069082,71.78324200506616,72.45989227294922,1601400,0.0,0.0
2024-12-12 00:00:00-05:00,72.65323207285488,72.6628932382251,71.11142807873598,71.7542495727539,1501000,0.0,0.0
2024-12-13 00:00:00-05:00,70.56043722057228,78.29844783633462,68.0036504421258,76.62614440917969,8234400,0.0,0.0
2024-12-16 00:00:00-05:00,76.71314247603941,81.18002248126322,76.13315547910567,79.46808624267578,5479800,0.0,0.0
2024-12-17 00:00:00-05:00,78.59810866884249,80.3284086405595,77.94078805039656,79.57442474365234,3059000,0.0,0.0
2024-12-18 00:00:00-05:00,78.33710563222722,79.02149216363141,75.28249632965678,75.61116027832031,4076600,0.0,0.0
2024-12-19 00:00:00-05:00,63.76006966432417,66.49568392149126,57.969853072689844,60.415470123291016,12297300,0.0,0.0
2024-12-20 00:00:00-05:00,60.34780627700057,61.822911368494104,59.46815716222758,60.01914596557617,6510300,0.0,0.0
2024-12-23 00:00:00-05:00,60.22213402793729,62.145764032175826,59.87511016775659,61.76877212524414,4385100,0.0,0.0
2024-12-24 00:00:00-05:00,62.19409547601417,62.98675349149897,61.35311688630666,61.56577682495117,1734200,0.0,0.0
2024-12-26 00:00:00-05:00,61.56577172431643,63.45073489627398,61.51260582219314,63.10274124145508,3467700,0.0,0.0
2024-12-27 00:00:00-05:00,62.69676323748131,66.32169169767364,62.69676323748131,64.76538848876953,3453700,0.0,0.0
2024-12-30 00:00:00-05:00,64.15640101129267,64.4947261812462,62.053939624901574,62.80309295654297,2405200,0.0,0.0
2024-12-31 00:00:00-05:00,62.832099554976736,64.7170595916514,62.609767342348576,64.60106658935547,1709900,0.0,0.0
2025-01-02 00:00:00-05:00,64.95870573689571,65.6595310385992,63.70206847594987,63.837398529052734,1811600,0.0,0.0
2025-01-03 00:00:00-05:00,63.847078466079175,64.13706832809453,63.17042070483783,63.344417572021484,1596200,0.0,0.0
2025-01-06 00:00:00-05:00,63.595744249097905,64.58172152139917,60.918130048909525,60.94712829589844,3164500,0.0,0.0
2025-01-07 00:00:00-05:00,61.101787485648416,62.25113425215996,59.584151208237884,59.62281799316406,3578000,0.0,0.0
2025-01-08 00:00:00-05:00,59.44882075170273,59.80647929121394,58.12451472029393,58.85916519165039,2737800,0.0,0.0
2025-01-10 00:00:00-05:00,58.19218011180904,59.13949421726691,57.53485951823133,58.70450210571289,3063200,0.0,0.0
2025-01-13 00:00:00-05:00,58.965494197334394,59.53581633788927,57.88285009046436,58.82049560546875,2324500,0.0,0.0
2025-01-14 00:00:00-05:00,58.946162919651314,59.28449175031403,57.66052368804199,57.824851989746094,2028700,0.0,0.0
2025-01-15 00:00:00-05:00,59.642156173285244,59.893482920545026,57.032206980740824,57.05154037475586,2245900,0.0,0.0
2025-01-16 00:00:00-05:00,57.09020392168916,57.91185283960882,56.35554974069657,57.09986877441406,2530600,0.0,0.0
2025-01-17 00:00:00-05:00,57.82485290519572,58.71417051883695,57.55419278635461,58.0761833190918,1961000,0.0,0.0
2025-01-21 00:00:00-05:00,58.71417076591707,60.62813237320684,58.66583544094842,60.60879898071289,2253600,0.0,0.0
2025-01-22 00:00:00-05:00,60.60879900129547,60.60879900129547,58.75283388338969,58.8398323059082,1937100,0.0,0.0
2025-01-23 00:00:00-05:00,58.965499274287076,59.661486675219145,57.80552150188953,58.49184036254883,2410200,0.0,0.0
2025-01-24 00:00:00-05:00,58.58850529792556,58.91619947742583,57.96018295080266,58.56917190551758,1774200,0.0,0.0
2025-01-27 00:00:00-05:00,58.94616432209978,60.42513382249441,58.458006300331704,60.31880569458008,1867900,0.0,0.0
2025-01-28 00:00:00-05:00,61.18878890898968,61.459452729279995,58.124517958921246,58.317848205566406,2049300,0.0,0.0
2025-01-29 00:00:00-05:00,58.72383419009497,59.47781804168191,58.51117056530174,59.4584846496582,2471200,0.0,0.0
2025-01-30 00:00:00-05:00,60.154476649049485,60.183474895586336,59.02350078449909,59.57448959350586,2662800,0.0,0.0
2025-01-31 00:00:00-05:00,59.46751662160642,59.90027256744838,57.90181366710429,58.29080581665039,2510200,0.37,0.0
2025-02-03 00:00:00-05:00,58.15465248632116,58.81594315425786,56.462529202283605,58.63117218017578,3312100,0.0,0.0
2025-02-04 00:00:00-05:00,58.601997252262464,58.621447414950104,56.88070051640733,57.52254104614258,1981900,0.0,0.0
2025-02-05 00:00:00-05:00,57.48363964101962,57.87263175824811,56.60840088521201,57.425289154052734,2402000,0.0,0.0
2025-02-06 00:00:00-05:00,58.30052865025037,58.47557640363492,57.37666633177397,57.82400894165039,1219500,0.0,0.0
2025-02-07 00:00:00-05:00,58.22272815603647,58.22272815603647,56.75427612064019,57.28914260864258,1152500,0.0,0.0
2025-02-10 00:00:00-05:00,57.53226675675491,57.53226675675491,56.2194122514359,56.88070297241211,1230800,0.0,0.0
2025-02-11 00:00:00-05:00,56.62785085334504,57.40097903661372,55.694265323511154,57.11409378051758,1199100,0.0,0.0
2025-02-12 00:00:00-05:00,56.073534251614646,56.62785089219248,54.88710032138322,54.964900970458984,2795900,0.0,0.0
2025-02-13 00:00:00-05:00,55.431691841203886,56.112432658394546,54.47865618103257,55.69426345825195,3242500,0.0,0.0
2025-02-14 00:00:00-05:00,56.365277624981914,57.50308797128091,55.917935035038965,56.85152053833008,2019100,0.0,0.0
2025-02-18 00:00:00-05:00,56.550053216058515,56.866108147028264,55.6261909238862,56.10270690917969,1726500,0.0,0.0
2025-02-19 00:00:00-05:00,55.43169456371259,55.80124023286431,54.67315677258885,55.597015380859375,3227200,0.0,0.0
2025-02-20 00:00:00-05:00,55.49004682917772,56.102710275603435,55.1496745380908,55.246925354003906,1800300,0.0,0.0
2025-02-21 00:00:00-05:00,55.373342743697435,55.548390492781735,54.1052240790886,54.26470947265625,2041600,0.0,0.0
2025-02-24 00:00:00-05:00,54.274438603835684,54.4981099123261,50.53036571891546,50.851287841796875,5651500,0.0,0.0
2025-02-25 00:00:00-05:00,51.055506718457735,51.211104304829185,49.52870424289441,50.3455924987793,4977100,0.0,0.0
2025-02-26 00:00:00-05:00,50.491466085589536,50.773487886582146,49.801001987771194,50.48174285888672,3167300,0.0,0.0
2025-02-27 00:00:00-05:00,50.19971935759548,50.55565028258749,49.34393446664016,50.06357192993164,3072400,0.0,0.0
2025-02-28 00:00:00-05:00,50.19972290721001,50.851290412480985,48.8965916064075,50.44284439086914,12204000,0.0,0.0
2025-03-03 00:00:00-05:00,50.59844045949343,51.38615537819687,48.128329079733504,48.64374542236328,3005300,0.0,0.0
2025-03-04 00:00:00-05:00,48.06997709216897,49.314757824900674,47.92410272704107,48.53676986694336,3540700,0.0,0.0
2025-03-05 00:00:00-05:00,48.1769534156656,50.355319801205795,48.13805308848897,50.044124603271484,3566200,0.0,0.0
2025-03-06 00:00:00-05:00,50.131644864565054,50.650952694682054,49.484940883474394,50.27751922607422,2016800,0.0,0.0
2025-03-07 00:00:00-05:00,50.18027056497962,52.27111671757847,50.05579397335722,51.551475524902344,2932300,0.0,0.0
2025-03-10 00:00:00-04:00,51.37642834873557,52.51423499290715,50.637337038048194,51.02633285522461,2025800,0.0,0.0
2025-03-11 00:00:00-04:00,50.967986517566416,51.01661007123575,49.39256037829594,50.11219787597656,2072000,0.0,0.0
2025-03-12 00:00:00-04:00,49.898250579833984,50.16082220598044,49.30503361443709,49.898250579833984,2723500,0.0,0.0
2025-03-13 00:00:00-04:00,49.97604471657547,50.29696681155925,46.582071348760415,47.31143569946289,3130700,0.0,0.0
2025-03-14 00:00:00-04:00,47.49621092092977,50.29697131725127,47.29198977477593,49.54815673828125,3371400,0.0,0.0
2025-03-17 00:00:00-04:00,49.985774413465094,52.465612600902524,49.7183393195377,52.125240325927734,2095100,0.0,0.0
2025-03-18 00:00:00-04:00,52.05716621770993,52.05716621770993,51.07495714424369,51.425052642822266,1401600,0.0,0.0
2025-03-19 00:00:00-04:00,50.8901879137145,51.60010216140111,50.69277043086815,51.23055648803711,1723400,0.0,0.0
2025-03-20 00:00:00-04:00,51.55147828873919,52.09120828474809,51.06523531646014,51.29863357543945,2016700,0.0,0.0
2025-03-21 00:00:00-04:00,50.899911424341084,51.930747799062125,50.66651317940338,51.61955261230469,4602500,0.0,0.0
2025-03-24 00:00:00-04:00,51.745972165153745,52.91295594913483,51.43477698405734,52.446163177490234,1784000,0.0,0.0
2025-03-25 00:00:00-04:00,52.33919043326873,52.46561463801034,51.20138371981211,51.551475524902344,1556400,0.0,0.0
2025-03-26 00:00:00-04:00,51.356980812562334,52.348916858310425,51.3375306497352,52.232215881347656,1473900,0.0,0.0
2025-03-27 00:00:00-04:00,51.85294857736147,52.922681597620915,51.60010387230101,52.4169921875,1823400,0.0,0.0
2025-03-28 00:00:00-04:00,52.397543427176814,52.93240995162921,52.09607145060863,52.523963928222656,2720900,0.0,0.0
2025-03-31 00:00:00-04:00,52.16414527674556,52.88378650530282,51.313220078451074,51.833499908447266,2824900,0.0,0.0
2025-04-01 00:00:00-04:00,52.446159919279374,52.942126049046436,50.60816233582063,51.84321975708008,4601700,0.0,0.0
2025-04-02 00:00:00-04:00,51.65844752147319,53.26305066433591,51.5514734839838,52.66011047363281,3691400,0.0,0.0
2025-04-03 00:00:00-04:00,58.29080323967157,59.243838972075,55.917938990202174,57.93098449707031,10401400,0.0,0.0
2025-04-04 00:00:00-04:00,57.357213046497435,58.319975637696615,56.36527706790218,57.37666320800781,5116800,0.0,0.0
2025-04-07 00:00:00-04:00,55.6164657029867,56.99253410266958,53.62287040666019,54.984352111816406,3999200,0.0,0.0
2025-04-08 00:00:00-04:00,55.84013524022837,56.112433798480566,50.78321183204095,51.03605651855469,3024500,0.0,0.0
2025-04-09 00:00:00-04:00,50.681102048567695,53.959350298209316,50.681102048567695,53.739566802978516,3117700,0.0,0.0
2025-04-10 00:00:00-04:00,53.55479547398042,53.739566450013186,51.42505279753874,52.42671203613281,2059900,0.0,0.0
2025-04-11 00:00:00-04:00,52.03771445473315,53.43809640596678,51.80918340383393,53.2338752746582,2207000,0.0,0.0
2025-04-14 00:00:00-04:00,53.69094373924275,54.712053155981,53.23387790512018,54.43975830078125,2236700,0.0,0.0
2025-04-15 00:00:00-04:00,54.23553682001371,54.71205281363158,52.844881744392396,53.12690353393555,1439400,0.0,0.0
2025-04-16 00:00:00-04:00,53.16579789557608,53.55479370671697,51.71679610404119,51.93074417114258,1536900,0.0,0.0
2025-04-17 00:00:00-04:00,52.02799518362432,52.77680976508071,51.886984284219615,52.08634567260742,1458900,0.0,0.0
2025-04-21 00:00:00-04:00,51.356977452804685,51.68762277975667,48.7798885477608,50.092742919921875,2266300,0.0,0.0
2025-04-22 00:00:00-04:00,50.413665741580424,51.2694543135251,50.413665741580424,51.02633285522461,1587700,0.0,0.0
2025-04-23 00:00:00-04:00,51.668175679849725,52.027994415585674,50.540092211004165,50.99715805053711,1622900,0.0,0.0
2025-04-24 00:00:00-04:00,50.822110390146904,51.55147479919444,50.18026985857465,51.15275573730469,1332700,0.0,0.0
2025-04-25 00:00:00-04:00,50.99715677518022,51.04578403560184,49.97604737189119,50.51091384887695,1325900,0.0,0.0
2025-04-28 00:00:00-04:00,50.462288779130084,51.03605556328542,50.14623014459944,50.326141357421875,1353800,0.0,0.0
2025-04-29 00:00:00-04:00,50.112198762966266,50.899913701413794,49.60650563442779,50.74431610107422,1232000,0.0,0.0
2025-04-30 00:00:00-04:00,50.831836117751955,51.60010083401896,50.0538481752141,51.35697937011719,1407100,0.0,0.0
2025-05-01 00:00:00-04:00,51.38615324988262,51.68762520350876,50.55954174861044,50.676239013671875,1368600,0.0,0.0
2025-05-02 00:00:00-04:00,51.34225291933512,51.53324719357646,50.31384146803124,50.44116973876953,1444400,0.37,0.0
2025-05-05 00:00:00-04:00,50.196310386790515,50.74479824534163,49.838813068858435,50.23548889160156,1819300,0.0,0.0
2025-05-06 00:00:00-04:00,49.84371442426812,50.255081277901155,49.66741487789226,50.157135009765625,1460800,0.0,0.0
2025-05-07 00:00:00-04:00,50.15713443148156,50.90151111565695,49.50091125574583,49.794742584228516,1290800,0.0,0.0
2025-05-08 00:00:00-04:00,49.971040446335834,50.715413369184446,49.197281776240565,50.40199279785156,1628400,0.0,0.0
2025-05-09 00:00:00-04:00,50.313841302461654,50.62726186304159,49.66741092923207,49.78494644165039,1209800,0.0,0.0
2025-05-12 00:00:00-04:00,50.676239743595524,51.37164141841696,49.56947122444878,50.186519622802734,1986700,0.0,0.0
2025-05-13 00:00:00-04:00,50.176724263392735,50.92207985839152,49.33930328624145,50.157135009765625,1720100,0.0,0.0
2025-05-14 00:00:00-04:00,50.15713473014184,50.42158404823134,49.43822818100221,50.353023529052734,2072200,0.0,0.0
2025-05-15 00:00:00-04:00,50.36281650989002,51.283492747953034,50.232551522875916,50.72521209716797,2406100,0.0,0.0
2025-05-16 00:00:00-04:00,50.73500334088355,52.742855072021484,50.720312335186,52.742855072021484,2213100,0.0,0.0
2025-05-19 00:00:00-04:00,52.08663235713331,52.527381213191056,51.79280103185082,52.44902420043945,1935800,0.0,0.0
2025-05-20 00:00:00-04:00,52.586146245163626,53.33052293551002,52.248241895927876,52.8016242980957,1737700,0.0,0.0
2025-05-21 00:00:00-04:00,52.605735375857826,52.605735375857826,50.33343427553484,50.353023529052734,1448800,0.0,0.0
2025-05-22 00:00:00-04:00,49.95145337945762,50.382405749831726,49.06995564884231,49.97104263305664,1628000,0.0,0.0
2025-05-23 00:00:00-04:00,49.70658865575761,50.14733747976172,48.93283002431348,49.5204963684082,1911800,0.0,0.0
2025-05-27 00:00:00-04:00,50.67624247952233,52.15519568020486,50.00042628513055,52.09642791748047,1681100,0.0,0.0
2025-05-28 00:00:00-04:00,52.08662847973408,52.71346959001197,51.871150446975655,52.2629280090332,1840300,0.0,0.0
2025-05-29 00:00:00-04:00,52.62532317250717,53.16401455239805,52.10622104559189,53.124839782714844,1945200,0.0,0.0
2025-05-30 00:00:00-04:00,52.987711309253065,55.0445378927493,52.899561545156544,54.63317108154297,2842800,0.0,0.0
2025-06-02 00:00:00-04:00,54.08468985363572,54.58420271919604,52.86038958520874,53.712501525878906,1654600,0.0,0.0
2025-06-03 00:00:00-04:00,53.87900599201511,54.85844623262541,52.83100523346352,54.52543640136719,1864600,0.0,0.0
2025-06-04 00:00:00-04:00,54.48626427739289,55.01515919344418,54.074897413499464,54.084693908691406,907500,0.0,0.0
2025-06-05 00:00:00-04:00,53.81044351395895,54.45883544039656,53.14932212288279,54.104278564453125,1015700,0.0,0.0
2025-06-06 00:00:00-04:00,54.809474613939635,55.30899122573556,54.23160472626018,54.53523254394531,1067800,0.0,0.0
2025-06-09 00:00:00-04:00,54.74091444990722,54.95639249844725,53.83983122195438,54.52543640136719,1062000,0.0,0.0
2025-06-10 00:00:00-04:00,54.975983410226405,55.45590705029457,54.18263544634041,54.486263275146484,1189600,0.0,0.0
2025-06-11 00:00:00-04:00,54.49605429115537,54.85844613337047,54.21201572518797,54.623382568359375,1683900,0.0,0.0
2025-06-12 00:00:00-04:00,53.97695102517368,55.122894287109375,53.516612926993744,55.122894287109375,962200,0.0,0.0
2025-06-13 00:00:00-04:00,54.62338281655663,55.81340286160298,53.39418426507441,53.67332458496094,1635100,0.0,0.0
2025-06-16 00:00:00-04:00,53.91818054876654,54.34913661427851,53.08565789973836,54.15324783325195,1651600,0.0,0.0
2025-06-17 00:00:00-04:00,53.76147371160789,54.21201532141349,52.68409095141747,52.84080123901367,2076700,0.0,0.0
2025-06-18 00:00:00-04:00,52.155194543105075,53.19829708891065,51.88095246224009,52.12581253051758,2141600,0.0,0.0
2025-06-20 00:00:00-04:00,52.11601135493777,52.60573144751099,51.55773074830572,52.4294319152832,2430300,0.0,0.0
2025-06-23 00:00:00-04:00,52.47841145324617,53.20319516064262,52.15519437077912,52.97792434692383,1303200,0.0,0.0
2025-06-24 00:00:00-04:00,53.408877189095804,53.76147628714614,52.28252311062183,52.6840934753418,1585100,0.0,0.0
2025-06-25 00:00:00-04:00,52.12580933827555,52.43922990757507,51.518553716023334,51.92012405395508,1520100,0.0,0.0
2025-06-26 00:00:00-04:00,52.26293471039881,52.546973292497725,51.77321456316684,52.09642791748047,1117600,0.0,0.0
2025-06-27 00:00:00-04:00,52.36087278610007,52.42747549759528,51.52835010121359,52.30210876464844,3555700,0.0,0.0
2025-06-30 00:00:00-04:00,52.88977165228853,53.90839037340727,50.406890854729035,50.783973693847656,3147500,0.0,0.0
2025-07-01 00:00:00-04:00,50.70561893738963,52.12580795601859,50.37260912430607,51.29328155517578,3170700,0.0,0.0
2025-07-02 00:00:00-04:00,51.381431143297704,52.66449912907852,51.36184189127039,51.675262451171875,1936200,0.0,0.0
2025-07-03 00:00:00-04:00,51.714441040482065,52.15518987115382,51.229619194877024,51.39122772216797,1089800,0.0,0.0
2025-07-07 00:00:00-04:00,51.14636983291239,51.507782768425415,49.90248029667477,49.92206954956055,2048900,0.0,0.0
2025-07-08 00:00:00-04:00,50.13754302047756,52.52737952483421,49.88289020975602,51.26390075683594,3605500,0.0,0.0
2025-07-09 00:00:00-04:00,50.950484812967304,52.57635556019595,49.853512724013434,50.20610809326172,2880100,0.0,0.0
2025-07-10 00:00:00-04:00,50.0396003590883,50.725209251707824,49.54008749713669,50.323638916015625,2961200,0.0,0.0
2025-07-11 00:00:00-04:00,49.804535389943574,50.450965807724664,48.82509513656205,50.26487350463867,2328000,0.0,0.0
2025-07-14 00:00:00-04:00,49.39317075678612,50.38240373829845,49.21197297043066,50.02001190185547,2510600,0.0,0.0
2025-07-15 00:00:00-04:00,50.353018931696845,50.460757948074395,48.71735564310737,48.766326904296875,1663500,0.0,0.0
2025-07-16 00:00:00-04:00,48.71736254483694,49.02098664898658,47.70853648732882,48.972015380859375,2781600,0.0,0.0
2025-07-17 00:00:00-04:00,49.128725351093216,49.57926699287071,48.72225672945412,49.451942443847656,2645100,0.0,0.0
2025-07-18 00:00:00-04:00,49.46172924431003,49.46172924431003,47.8064766800024,47.99256896972656,2577000,0.0,0.0
2025-07-21 00:00:00-04:00,48.3059971959764,48.482296755808086,46.88580795789603,47.05231475830078,3464600,0.0,0.0
2025-07-22 00:00:00-04:00,47.228607674307185,48.305990400591654,47.1404579067917,48.15907287597656,3397300,0.0,0.0
2025-07-23 00:00:00-04:00,54.90742206068412,58.27669519407498,53.84962479148384,56.01418685913086,10537900,0.0,0.0
2025-07-24 00:00:00-04:00,55.92603434451146,57.49314091801351,54.574409548497435,57.404991149902344,3771600,0.0,0.0
2025-07-25 00:00:00-04:00,57.0328015808963,59.76544059646719,56.915269804734436,59.60873031616211,3561500,0.0,0.0
2025-07-28 00:00:00-04:00,59.01127511310107,59.45104507100437,57.95347784878537,58.0024528503418,2310700,0.0,0.0
2025-07-29 00:00:00-04:00,57.99265823988067,58.65867793099421,57.35602429790943,58.237518310546875,1635600,0.0,0.0
2025-07-30 00:00:00-04:00,58.53134540751188,58.53134540751188,57.218895374376935,57.493141174316406,1405500,0.0,0.0
2025-07-31 00:00:00-04:00,56.96424219498591,57.57639232334342,55.53426039184705,55.89665222167969,2605000,0.0,0.0
2025-08-01 00:00:00-04:00,55.94594671565068,56.01495463101187,54.71365714041608,55.19671630859375,1668700,0.37,0.0
2025-08-04 00:00:00-04:00,55.15728173097672,55.79018396735721,53.796832997015315,53.865840911865234,1945500,0.0,0.0
2025-08-05 00:00:00-04:00,53.629239766764044,53.89541098553398,52.29836486966908,52.40680694580078,1948400,0.0,0.0
2025-08-06 00:00:00-04:00,52.505391686565716,52.505391686565716,50.52387173749782,50.721038818359375,2137900,0.0,0.0
2025-08-07 00:00:00-04:00,51.25338680481247,51.628000107090244,50.00138021503369,51.38154220581055,1736300,0.0,0.0
2025-08-08 00:00:00-04:00,51.18437486409601,51.91980740378977,50.44007471380397,50.819618225097656,1064700,0.0,0.0
2025-08-11 00:00:00-04:00,50.67174735340389,51.46041190631909,50.661886931127256,50.91820526123047,1130900,0.0,0.0
2025-08-12 00:00:00-04:00,50.918207792885646,52.74199489722139,50.74075778957575,52.219505310058594,1799600,0.0,0.0
2025-08-13 00:00:00-04:00,52.21950486758731,54.477056538301994,51.982903611629105,53.954566955566406,1936800,0.0,0.0
2025-08-14 00:00:00-04:00,53.11660937465697,54.072863500266735,52.88000812833801,54.05315017700195,1458400,0.0,0.0
2025-08-15 00:00:00-04:00,54.260171493840176,54.36861357019957,53.195471573928714,53.382781982421875,1094000,0.0,0.0
2025-08-18 00:00:00-04:00,53.639096984483444,54.13201278245173,53.294057430165275,53.53065490722656,1090600,0.0,0.0
2025-08-19 00:00:00-04:00,53.865842819577004,54.91082576247665,53.777117817249206,54.3193244934082,1114500,0.0,0.0
2025-08-20 00:00:00-04:00,54.181305897054095,54.703799222195755,53.69825050061941,54.40804672241211,1046600,0.0,0.0
2025-08-21 00:00:00-04:00,54.08272616871091,54.38833158044748,53.71796950277564,53.88555908203125,1361300,0.0,0.0
2025-08-22 00:00:00-04:00,54.38833142391264,56.22197893165216,54.15666414042888,56.18254852294922,1203600,0.0,0.0
2025-08-25 00:00:00-04:00,55.94594613794608,55.99030675708477,55.03898282505051,55.18685531616211,975400,0.0,0.0
2025-08-26 00:00:00-04:00,55.27558063642749,55.694558337986656,54.83688585047563,55.61076354980469,1486200,0.0,0.0
2025-08-27 00:00:00-04:00,55.27558266211485,56.12339851882414,55.127706404075056,55.85722351074219,1056600,0.0,0.0
2025-08-28 00:00:00-04:00,55.74877837181221,55.812859835092034,54.999547981684515,55.45302963256836,1142900,0.0,0.0
2025-08-29 00:00:00-04:00,55.54175503719053,56.86276959209404,55.226289211600076,56.71489334106445,1115400,0.0,0.0
2025-09-02 00:00:00-04:00,56.27127263087998,56.793762204235634,55.541755552034,55.748779296875,1345900,0.0,0.0
2025-09-03 00:00:00-04:00,55.59104638261767,55.97552012607933,54.408047645363034,55.748779296875,1302600,0.0,0.0
2025-09-04 00:00:00-04:00,55.83750418000575,56.164801010587276,54.69393961385716,54.97983169555664,1096500,0.0,0.0
2025-09-05 00:00:00-04:00,54.95025628835895,57.33596700950298,54.95025628835895,57.1782341003418,1658900,0.0,0.0
2025-09-08 00:00:00-04:00,56.616310042079355,56.85290752409936,55.522036345951626,56.75432586669922,1533200,0.0,0.0
2025-09-09 00:00:00-04:00,56.557157360806734,57.05993357851908,56.093819069965825,56.310699462890625,1311100,0.0,0.0
2025-09-10 00:00:00-04:00,55.98538201826778,55.98538201826778,54.06300948984562,55.07841491699219,1495500,0.0,0.0
2025-09-11 00:00:00-04:00,55.53189536356903,56.96134816296319,55.28543746565292,56.310699462890625,1401100,0.0,0.0
2025-09-12 00:00:00-04:00,56.07410615147836,56.34520760293134,55.433314065045224,55.62062072753906,1009500,0.0,0.0
2025-09-15 00:00:00-04:00,56.04452995821925,56.29098788021784,55.2952995300293,55.2952995300293,1629600,0.0,0.0
2025-09-16 00:00:00-04:00,55.63047996895875,57.040219520659406,55.526968097621904,56.92192077636719,1834500,0.0,0.0
2025-09-17 00:00:00-04:00,56.8824882966124,57.10922913017383,54.76294869494125,54.861534118652344,1827700,0.0,0.0
2025-09-18 00:00:00-04:00,55.38402216574775,56.19240381450803,55.181924873233044,55.66991424560547,1268800,0.0,0.0
2025-09-19 00:00:00-04:00,55.96566117487101,55.96566117487101,54.733371657441175,54.87138748168945,2174500,0.0,0.0
2025-09-22 00:00:00-04:00,54.733375065373096,55.14249611318921,53.86387155782083,54.58549880981445,1183800,0.0,0.0
2025-09-23 00:00:00-04:00,54.654503434271525,54.97982967264566,53.343349340599495,53.55037307739258,1116600,0.0,0.0
2025-09-24 00:00:00-04:00,53.63909890918057,54.102440979304276,52.70255810730571,53.0081672668457,1103400,0.0,0.0
2025-09-25 00:00:00-04:00,52.820859455604754,53.30391483841954,51.74630285054949,52.081485748291016,1062000,0.0,0.0
2025-09-26 00:00:00-04:00,52.180070463785526,54.51649046287536,51.76601920788073,54.437625885009766,2742000,0.0,0.0
2025-09-29 00:00:00-04:00,55.186853816455056,55.522036718775084,54.1517313642062,54.88124465942383,4258800,0.0,0.0
2025-09-30 00:00:00-04:00,58.56825708075019,59.74139536847681,55.73892135114528,57.257102966308594,6314500,0.0,0.0
2025-10-01 00:00:00-04:00,57.38526054570407,62.005853848733224,57.38526054570407,61.13142013549805,4445600,0.0,0.0
2025-10-02 00:00:00-04:00,61.318729958223464,62.84676827794963,61.14127995870437,61.259578704833984,2822700,0.0,0.0
2025-10-03 00:00:00-04:00,61.41731070752369,62.24540943942813,61.08212779792786,62.008811950683594,2409600,0.0,0.0
2025-10-06 00:00:00-04:00,61.77221098283392,62.59045305670724,61.5158964087509,62.50172805786133,2622100,0.0,0.0
2025-10-07 00:00:00-04:00,62.60030867052169,62.669316583952224,61.46660078876437,62.413002014160156,2801000,0.0,0.0
2025-10-08 00:00:00-04:00,62.89605752491157,63.694582502638774,62.36370753976011,63.112937927246094,1734500,0.0,0.0
2025-10-09 00:00:00-04:00,62.96506900146826,63.86217568914388,62.60031232906813,63.66501235961914,1499000,0.0,0.0
2025-10-10 00:00:00-04:00,63.91146740821081,65.2226253023572,62.58059242986869,62.84676742553711,2349800,0.0,0.0
2025-10-13 00:00:00-04:00,62.76789853318941,63.19180643802233,61.62433398450388,62.90591812133789,1461600,0.0,0.0
2025-10-14 00:00:00-04:00,62.44257590331731,63.339682540626285,62.04824174510819,63.25096130371094,1389800,0.0,0.0
2025-10-15 00:00:00-04:00,63.093222484915756,63.783301597325234,62.72846584540659,63.07350540161133,1437300,0.0,0.0
2025-10-16 00:00:00-04:00,63.457982415544684,64.2811508940061,63.11293534059474,64.03961944580078,1500500,0.0,0.0
2025-10-17 00:00:00-04:00,64.09383941408774,64.25650252694275,63.46783425636658,64.08891296386719,2139200,0.0,0.0
2025-10-20 00:00:00-04:00,64.64098132702645,65.34585487153063,64.00018924692226,64.73956298828125,2489300,0.0,0.0
2025-10-21 00:00:00-04:00,64.93673221111955,64.96630595662789,63.56642684637742,63.73401641845703,2410800,0.0,0.0
2025-10-22 00:00:00-04:00,63.83259582519531,64.04356071799742,63.06364838391341,63.83259582519531,1441400,0.0,0.0
2025-10-23 00:00:00-04:00,63.369256857920575,64.29594100987688,62.63974354749675,64.2367935180664,1448200,0.0,0.0
2025-10-24 00:00:00-04:00,64.79871437839563,65.71553806726206,64.07905400101303,65.43949890136719,1528200,0.0,0.0
2025-10-27 00:00:00-04:00,65.81412622522248,66.11973164460468,65.18319454058239,65.62681579589844,1482300,0.0,0.0
2025-10-28 00:00:00-04:00,65.5085127606606,65.61695484821266,64.23679649991165,64.64098358154297,1058800,0.0,0.0
2025-10-29 00:00:00-04:00,64.27622005237,64.80462888119226,61.80178428553983,62.28484344482422,2081400,0.0,0.0
2025-10-30 00:00:00-04:00,62.008811731500714,62.477080256779,61.25957757827634,61.308868408203125,1489600,0.0,0.0
2025-10-31 00:00:00-04:00,61.140275533728236,61.3485383328962,60.15845924983236,61.21961212158203,2772000,0.37,0.0
2025-11-03 00:00:00-05:00,61.031186071094695,62.28076668316383,60.38655878019062,62.24109649658203,1760800,0.0,0.0
2025-11-04 00:00:00-05:00,61.814653078078244,62.13200699336073,61.17498552857405,61.49729537963867,1432000,0.0,0.0
2025-11-05 00:00:00-05:00,61.447711680732006,62.419608553042934,61.0708562576765,62.24109649658203,1348500,0.0,0.0
2025-11-06 00:00:00-05:00,61.90390497899183,62.54853224388378,60.82292081193686,61.37828826904297,1382600,0.0,0.0
2025-11-07 00:00:00-05:00,61.44771197745687,61.96341305603896,60.9121758054881,61.903907775878906,1407700,0.0,0.0
2025-11-10 00:00:00-05:00,62.11217092808012,62.34820209495433,59.27581704439791,59.860939025878906,2154800,0.0,0.0
2025-11-11 00:00:00-05:00,60.1584596300211,60.61465541674555,59.41466067130019,59.60308837890625,2545400,0.0,0.0
2025-11-12 00:00:00-05:00,59.77168647124041,59.77664619038981,57.16343032276776,57.97665023803711,2189200,0.0,0.0
2025-11-13 00:00:00-05:00,57.83780657960726,58.660945907735915,57.222933834587394,57.35186004638672,1650500,0.0,0.0
2025-11-14 00:00:00-05:00,57.12375723968109,57.2526834489283,55.78492065717179,56.53863525390625,1778200,0.0,0.0
2025-11-17 00:00:00-05:00,56.86591155676249,56.91053767968978,55.61633093375402,55.7849235534668,1372700,0.0,0.0
2025-11-18 00:00:00-05:00,55.85434174219627,56.08045725678345,55.244428726574206,55.71549987792969,984600,0.0,0.0
2025-11-19 00:00:00-05:00,55.437817033139396,55.67583058048859,54.62459714390827,55.58657455444336,1037700,0.0,0.0
2025-11-20 00:00:00-05:00,55.655995440993756,56.370043648756564,55.01137194956977,55.13037872314453,1028300,0.0,0.0
2025-11-21 00:00:00-05:00,55.50723759671107,58.14028467277397,55.24442923931625,57.20309829711914,1615300,0.0,0.0
2025-11-24 00:00:00-05:00,56.806403193596736,56.92541374792555,55.933681827461044,56.05268859863281,1287900,0.0,0.0
2025-11-25 00:00:00-05:00,56.34029135845022,58.68077549606695,56.10227403466094,58.522098541259766,1543100,0.0,0.0
2025-11-26 00:00:00-05:00,58.472514447462515,59.275818683176055,58.46259879262231,59.11714172363281,1847800,0.0,0.0
2025-11-28 00:00:00-05:00,58.97829954886592,59.414660239541305,58.561770167767364,58.57168960571289,381300,0.0,0.0
2025-12-01 00:00:00-05:00,58.57168833005874,59.55350080848439,58.46061483969346,59.00804901123047,1017400,0.0,0.0
2025-12-02 00:00:00-05:00,59.07747246522138,59.07747246522138,58.046070320423155,58.561771392822266,737900,0.0,0.0
2025-12-03 00:00:00-05:00,58.918795827078576,60.24275709099714,58.651027742832596,59.9898681640625,963600,0.0,0.0
2025-12-04 00:00:00-05:00,60.49564894060122,60.49564894060122,59.09730704264476,59.265899658203125,970600,0.0,0.0
2025-12-05 00:00:00-05:00,59.28573459879593,59.53366758562015,58.91383511855961,59.206398010253906,981400,0.0,0.0
2025-12-08 00:00:00-05:00,59.27581715998224,59.91052498184529,58.8295370404982,59.03779983520508,1141400,0.0,0.0
2025-12-09 00:00:00-05:00,58.96838024731973,59.25102369890723,56.52872058275839,57.74855041503906,1351500,0.0,0.0
2025-12-10 00:00:00-05:00,58.333670762687355,58.65102467188296,57.55119283136695,58.492347717285156,2090300,0.0,0.0
2025-12-11 00:00:00-05:00,58.294003273005835,59.45433163095582,57.98656878728664,58.988216400146484,1040900,0.0,0.0
2025-12-12 00:00:00-05:00,59.295655188324936,60.04936981831812,58.82953995343343,59.16672897338867,1029100,0.0,0.0
2025-12-15 00:00:00-05:00,59.95019625505762,60.04936793534056,58.710531335735325,58.968379974365234,1126200,0.0,0.0
2025-12-16 00:00:00-05:00,59.2857336024769,59.87085559287514,58.7799519824445,59.30556869506836,996400,0.0,0.0
2025-12-17 00:00:00-05:00,59.24606748884026,59.74193345656918,58.512184192012334,58.968379974365234,1040300,0.0,0.0
2025-12-18 00:00:00-05:00,59.067556360315024,60.009698687188546,58.25731002472035,58.83945846557617,2691500,0.0,0.0
2025-12-19 00:00:00-05:00,50.42956557761895,50.55353206505966,43.34364448468597,43.576698303222656,23430300,0.0,0.0
2025-12-22 00:00:00-05:00,43.1304224702692,44.211410404492504,42.09902037496024,42.44612503051758,8135000,0.0,0.0
2025-12-23 00:00:00-05:00,42.17835917315555,42.24778010790865,41.06762043394867,41.45439529418945,6027700,0.0,0.0
2025-12-24 00:00:00-05:00,41.315552840144434,42.48678802968169,41.15687587964558,42.1287727355957,2442300,0.0,0.0
2025-12-26 00:00:00-05:00,41.98992993193821,42.32711893837569,41.746956669156766,41.8015022277832,2913300,0.0,0.0
2025-12-29 00:00:00-05:00,41.722162222232086,41.96017955133208,41.074561389436454,41.49406433105469,3423600,0.0,0.0
2025-12-30 00:00:00-05:00,41.41472554727818,42.01968265639654,41.36513970523642,41.60315704345703,2829600,0.0,0.0
2025-12-31 00:00:00-05:00,41.49406573898637,42.34893821211708,41.46431499052332,41.54365158081055,2690900,0.0,0.0
2026-01-02 00:00:00-05:00,41.732082959188055,42.184310223819296,41.29075875366544,41.940345764160156,2215300,0.0,0.0
2026-01-05 00:00:00-05:00,42.049433968504516,42.247777321484804,40.94861095694189,40.958526611328125,3164900,0.0,0.0
2026-01-06 00:00:00-05:00,41.0081156332223,41.39489428113798,40.74035132927974,41.17671203613281,3129800,0.0,0.0
2026-01-07 00:00:00-05:00,41.20646310997742,41.29571913971513,39.62960910671591,39.95688247680664,5043600,0.0,0.0
2026-01-08 00:00:00-05:00,39.669275901171446,41.018031887116386,39.46101311064797,40.958526611328125,3476700,0.0,0.0
2026-01-09 00:00:00-05:00,41.00811519360856,41.265967622788125,40.31390584541099,41.027950286865234,2328100,0.0,0.0
2026-01-12 00:00:00-05:00,40.839522757435574,41.25604836820803,40.43291280175698,41.08745574951172,1863000,0.0,0.0
2026-01-13 00:00:00-05:00,40.99819843887611,41.652741366160924,40.83456176126563,41.5238151550293,2615900,0.0,0.0
2026-01-14 00:00:00-05:00,41.4147242800773,43.105629059011314,41.315552599028216,42.922157287597656,3203000,0.0,0.0
2026-01-15 00:00:00-05:00,42.79323421170481,43.705625769661175,42.26265778148609,43.5667839050293,2312500,0.0,0.0
2026-01-16 00:00:00-05:00,43.12050587861201,43.507280744091354,42.733731013132655,42.97174835205078,2243900,0.0,0.0
2026-01-20 00:00:00-05:00,42.70397696751205,43.55884938089931,42.02959897299253,43.15025329589844,2425000,0.0,0.0
2026-01-21 00:00:00-05:00,43.170090724283014,44.04281590262758,42.644473999550016,43.95355987548828,2872900,0.0,0.0
2026-01-22 00:00:00-05:00,44.07256605122654,44.97504196529131,43.5171985860526,43.745296478271484,3791200,0.0,0.0
2026-01-23 00:00:00-05:00,43.57669895643188,43.89405286638465,43.29405551215655,43.3585205078125,2773200,0.0,0.0
2026-01-26 00:00:00-05:00,43.39818690918883,43.73537591140826,42.88248964288336,43.3585205078125,3002700,0.0,0.0
2026-01-27 00:00:00-05:00,43.11059001866939,44.687444004935045,42.85273758746975,44.67752456665039,2658800,0.0,0.0
2026-01-28 00:00:00-05:00,44.62793615067777,45.094051361083984,43.94364249163724,45.094051361083984,2973600,0.0,0.0
2026-01-29 00:00:00-05:00,45.20314261161344,45.75851006414438,44.82628342371241,45.57999801635742,4040600,0.0,0.0
2026-01-30 00:00:00-05:00,45.560001373291016,46.11000061035156,44.93000030517578,45.93000030517578,3507900,0.38,0.0
2026-02-02 00:00:00-05:00,45.630001068115234,46.150001525878906,45.0,45.02000045776367,3489500,0.0,0.0
2026-02-03 00:00:00-05:00,44.90999984741211,46.33000183105469,44.709999084472656,46.290000915527344,2959100,0.0,0.0
2026-02-04 00:00:00-05:00,46.5,48.150001525878906,46.40999984741211,47.779998779296875,4588900,0.0,0.0
2026-02-05 00:00:00-05:00,47.79999923706055,47.900001525878906,46.69300079345703,47.47999954223633,2215300,0.0,0.0
2026-02-06 00:00:00-05:00,47.939998626708984,50.40999984741211,47.400001525878906,50.119998931884766,3645100,0.0,0.0
2026-02-09 00:00:00-05:00,51.4900016784668,52.04999923706055,50.369998931884766,50.65999984741211,3016500,0.0,0.0
2026-02-10 00:00:00-05:00,50.380001068115234,51.130001068115234,50.18000030517578,50.58000183105469,1472200,0.0,0.0
2026-02-11 00:00:00-05:00,50.45000076293945,50.54999923706055,49.599998474121094,50.2400016784668,1677800,0.0,0.0
2026-02-12 00:00:00-05:00,50.29999923706055,50.58000183105469,49.349998474121094,50.310001373291016,1489200,0.0,0.0
2026-02-13 00:00:00-05:00,50.560001373291016,50.880001068115234,49.709999084472656,49.81999969482422,1383900,0.0,0.0
2026-02-17 00:00:00-05:00,50.0099983215332,50.38999938964844,46.59000015258789,48.18000030517578,2359400,0.0,0.0
2026-02-18 00:00:00-05:00,47.85499954223633,49.10499954223633,47.85499954223633,48.86000061035156,1361500,0.0,0.0
2026-02-19 00:00:00-05:00,48.95000076293945,49.18000030517578,48.56999969482422,48.599998474121094,1264100,0.0,0.0
2026-02-20 00:00:00-05:00,48.66999816894531,49.22999954223633,48.209999084472656,48.27000045776367,1452000,0.0,0.0
2026-02-23 00:00:00-05:00,47.65999984741211,48.06999969482422,46.970001220703125,47.220001220703125,1478000,0.0,0.0
2026-02-24 00:00:00-05:00,47.470001220703125,48.25,47.349998474121094,47.959999084472656,1333900,0.0,0.0
2026-02-25 00:00:00-05:00,47.77000045776367,48.15599822998047,46.33000183105469,47.08000183105469,1311500,0.0,0.0
2026-02-26 00:00:00-05:00,47.47999954223633,47.68000030517578,46.68000030517578,47.45000076293945,1974400,0.0,0.0
2026-02-27 00:00:00-05:00,47.400001525878906,48.26300048828125,47.130001068115234,48.189998626708984,1664800,0.0,0.0
2026-03-02 00:00:00-05:00,47.61000061035156,47.88999938964844,46.31999969482422,46.779998779296875,1868100,0.0,0.0
2026-03-03 00:00:00-05:00,46.540000915527344,47.80500030517578,45.91999816894531,46.90999984741211,1886300,0.0,0.0
2026-03-04 00:00:00-05:00,47.13999938964844,47.13999938964844,45.625,46.029998779296875,1534300,0.0,0.0
2026-03-05 00:00:00-05:00,45.68000030517578,46.86000061035156,45.43000030517578,45.650001525878906,2033000,0.0,0.0
2026-03-06 00:00:00-05:00,45.400001525878906,46.45000076293945,44.88999938964844,46.029998779296875,4678200,0.0,0.0
2026-03-09 00:00:00-04:00,46.060001373291016,46.7599983215332,44.9900016784668,45.75,2960100,0.0,0.0
2026-03-10 00:00:00-04:00,45.619998931884766,45.744998931884766,44.43000030517578,44.47999954223633,2447600,0.0,0.0
2026-03-11 00:00:00-04:00,44.650001525878906,44.70000076293945,43.41999816894531,43.439998626708984,2607600,0.0,0.0
2026-03-12 00:00:00-04:00,42.86000061035156,43.220001220703125,40.439998626708984,40.45000076293945,4372600,0.0,0.0
2026-03-13 00:00:00-04:00,40.959999084472656,41.130001068115234,40.10499954223633,40.54999923706055,4936400,0.0,0.0
2026-03-16 00:00:00-04:00,40.83000183105469,40.83000183105469,39.689998626708984,39.869998931884766,3284700,0.0,0.0
2026-03-17 00:00:00-04:00,40.380001068115234,41.47999954223633,40.0,40.91999816894531,2746800,0.0,0.0
2026-03-18 00:00:00-04:00,40.47999954223633,41.73500061035156,40.209999084472656,41.459999084472656,2827600,0.0,0.0
2026-03-19 00:00:00-04:00,41.119998931884766,41.709999084472656,40.290000915527344,40.63999938964844,2063000,0.0,0.0
2026-03-20 00:00:00-04:00,40.7599983215332,40.834999084472656,39.599998474121094,40.0,37333900,0.0,0.0
2026-03-23 00:00:00-04:00,40.369998931884766,40.91999816894531,40.040000915527344,40.869998931884766,3256600,0.0,0.0
2026-03-24 00:00:00-04:00,40.59000015258789,41.65999984741211,40.0099983215332,41.4900016784668,2329100,0.0,0.0
2026-03-25 00:00:00-04:00,41.4900016784668,41.834999084472656,40.77000045776367,41.790000915527344,2260500,0.0,0.0
2026-03-26 00:00:00-04:00,41.599998474121094,42.25,40.7599983215332,40.83000183105469,1810300,0.0,0.0
2026-03-27 00:00:00-04:00,40.63999938964844,41.904998779296875,40.45000076293945,41.599998474121094,2075100,0.0,0.0
2026-03-30 00:00:00-04:00,41.290000915527344,41.59000015258789,40.56999969482422,40.95000076293945,2737400,0.0,0.0
2026-03-31 00:00:00-04:00,41.2599983215332,42.36000061035156,40.599998474121094,42.2599983215332,4822000,0.0,0.0
2026-04-01 00:00:00-04:00,41.5099983215332,42.689998626708984,38.18000030517578,38.47999954223633,6955300,0.0,0.0
2026-04-02 00:00:00-04:00,37.91999816894531,39.52000045776367,37.619998931884766,39.349998474121094,4642200,0.0,0.0
2026-04-06 00:00:00-04:00,39.290000915527344,40.2599983215332,39.05500030517578,40.16999816894531,2713300,0.0,0.0
2026-04-07 00:00:00-04:00,39.9900016784668,41.36000061035156,39.900001525878906,40.58000183105469,2578600,0.0,0.0
2026-04-08 00:00:00-04:00,41.52000045776367,41.720001220703125,40.77199935913086,41.59000015258789,2030000,0.0,0.0
2026-04-09 00:00:00-04:00,41.16999816894531,42.18000030517578,40.941001892089844,41.61000061035156,2144500,0.0,0.0
2026-04-10 00:00:00-04:00,42.43000030517578,43.040000915527344,41.952999114990234,42.189998626708984,1865700,0.0,0.0
2026-04-13 00:00:00-04:00,42.11000061035156,42.38999938964844,41.380001068115234,42.279998779296875,2608400,0.0,0.0
2026-04-14 00:00:00-04:00,42.16999816894531,44.0099983215332,41.939998626708984,43.72999954223633,2299700,0.0,0.0
2026-04-15 00:00:00-04:00,43.77000045776367,43.970001220703125,42.95000076293945,43.16999816894531,2031200,0.0,0.0
2026-04-16 00:00:00-04:00,43.84000015258789,44.380001068115234,43.290000915527344,43.720001220703125,1995800,0.0,0.0
2026-04-17 00:00:00-04:00,43.68000030517578,45.07500076293945,43.68000030517578,44.81999969482422,2051200,0.0,0.0
2026-04-20 00:00:00-04:00,44.650001525878906,46.150001525878906,44.375,46.0,2030700,0.0,0.0
2026-04-21 00:00:00-04:00,46.119998931884766,46.61000061035156,44.619998931884766,44.790000915527344,1623300,0.0,0.0
2026-04-22 00:00:00-04:00,44.91999816894531,45.189998626708984,44.400001525878906,45.0099983215332,1367900,0.0,0.0
2026-04-23 00:00:00-04:00,45.08000183105469,45.25,43.49800109863281,43.939998626708984,1469200,0.0,0.0
2026-04-24 00:00:00-04:00,44.08000183105469,44.80500030517578,43.5,44.31999969482422,1211800,0.0,0.0
2026-04-27 00:00:00-04:00,44.22999954223633,44.84000015258789,43.2400016784668,43.31999969482422,1388800,0.0,0.0
2026-04-28 00:00:00-04:00,43.720001220703125,44.45000076293945,42.7400016784668,43.08000183105469,1126500,0.0,0.0
2026-04-29 00:00:00-04:00,43.7599983215332,44.02000045776367,42.84000015258789,43.029998779296875,1239300,0.0,0.0
2026-04-30 00:00:00-04:00,43.08000183105469,43.9900016784668,42.75,43.54999923706055,1249900,0.0,0.0
2026-05-01 00:00:00-04:00,43.7599983215332,44.279998779296875,43.220001220703125,43.86000061035156,1563900,0.0,0.0
2026-05-04 00:00:00-04:00,43.709999084472656,44.189998626708984,42.34000015258789,42.540000915527344,1476900,0.0,0.0
2026-05-05 00:00:00-04:00,42.5099983215332,42.93000030517578,41.52000045776367,42.470001220703125,1518200,0.0,0.0
2026-05-06 00:00:00-04:00,43.04999923706055,43.540000915527344,42.61000061035156,43.22999954223633,1124000,0.0,0.0
2026-05-07 00:00:00-04:00,43.060001373291016,43.459999084472656,42.119998931884766,43.029998779296875,1236800,0.0,0.0
2026-05-08 00:00:00-04:00,42.619998931884766,42.619998931884766,41.880001068115234,42.0099983215332,802577,0.0,0.0
