Date,Open,High,Low,Close,Volume,Dividends,Stock Splits
2022-01-03 00:00:00-05:00,9.489999771118164,9.489999771118164,9.0600004196167,9.0600004196167,32800,0.0,0.0
2022-01-04 00:00:00-05:00,9.100000381469727,9.880000114440918,9.100000381469727,9.880000114440918,84700,0.0,0.0
2022-01-05 00:00:00-05:00,9.880000114440918,10.470000267028809,9.880000114440918,10.210000038146973,184900,0.0,0.0
2022-01-06 00:00:00-05:00,10.359999656677246,10.430000305175781,10.069999694824219,10.199999809265137,83900,0.0,0.0
2022-01-07 00:00:00-05:00,10.119999885559082,10.600000381469727,10.119999885559082,10.430000305175781,134900,0.0,0.0
2022-01-10 00:00:00-05:00,10.420000076293945,10.760000228881836,10.199999809265137,10.40999984741211,106600,0.0,0.0
2022-01-11 00:00:00-05:00,10.510000228881836,10.670000076293945,10.229999542236328,10.670000076293945,50000,0.0,0.0
2022-01-12 00:00:00-05:00,10.720000267028809,11.069999694824219,10.720000267028809,10.859999656677246,128200,0.0,0.0
2022-01-13 00:00:00-05:00,10.8100004196167,11.0,10.529999732971191,10.5600004196167,107200,0.0,0.0
2022-01-14 00:00:00-05:00,10.4399995803833,10.449999809265137,10.0,10.319999694824219,80900,0.0,0.0
2022-01-18 00:00:00-05:00,9.850000381469727,9.850000381469727,8.779999732971191,9.25,248300,0.0,0.0
2022-01-19 00:00:00-05:00,9.300000190734863,9.520000457763672,8.9399995803833,8.960000038146973,83900,0.0,0.0
2022-01-20 00:00:00-05:00,9.0,9.1899995803833,8.619999885559082,8.699999809265137,98600,0.0,0.0
2022-01-21 00:00:00-05:00,8.59000015258789,8.609999656677246,8.050000190734863,8.119999885559082,177000,0.0,0.0
2022-01-24 00:00:00-05:00,7.849999904632568,7.920000076293945,7.389999866485596,7.889999866485596,247000,0.0,0.0
2022-01-25 00:00:00-05:00,7.820000171661377,8.180000305175781,7.489999771118164,8.020000457763672,147100,0.0,0.0
2022-01-26 00:00:00-05:00,8.109999656677246,8.119999885559082,7.829999923706055,8.020000457763672,137600,0.0,0.0
2022-01-27 00:00:00-05:00,8.100000381469727,8.430000305175781,7.989999771118164,8.279999732971191,79600,0.0,0.0
2022-01-28 00:00:00-05:00,8.210000038146973,8.279999732971191,7.980000019073486,8.180000305175781,63100,0.0,0.0
2022-01-31 00:00:00-05:00,8.079999923706055,8.619999885559082,7.989999771118164,8.380000114440918,226800,0.0,0.0
2022-02-01 00:00:00-05:00,8.260000228881836,8.5600004196167,8.1899995803833,8.239999771118164,114300,0.0,0.0
2022-02-02 00:00:00-05:00,8.40999984741211,8.40999984741211,8.020000457763672,8.039999961853027,75500,0.0,0.0
2022-02-03 00:00:00-05:00,8.0,8.0600004196167,7.820000171661377,8.029999732971191,60600,0.0,0.0
2022-02-04 00:00:00-05:00,8.119999885559082,8.3100004196167,7.909999847412109,8.229999542236328,89200,0.0,0.0
2022-02-07 00:00:00-05:00,8.260000228881836,8.640000343322754,8.25,8.640000343322754,78700,0.0,0.0
2022-02-08 00:00:00-05:00,8.649999618530273,9.359999656677246,8.600000381469727,9.359999656677246,73600,0.0,0.0
2022-02-09 00:00:00-05:00,9.449999809265137,10.329999923706055,9.199999809265137,10.270000457763672,146800,0.0,0.0
2022-02-10 00:00:00-05:00,10.109999656677246,10.5,10.050000190734863,10.300000190734863,88900,0.0,0.0
2022-02-11 00:00:00-05:00,10.15999984741211,10.5600004196167,10.15999984741211,10.40999984741211,120200,0.0,0.0
2022-02-14 00:00:00-05:00,10.220000267028809,10.3100004196167,9.369999885559082,9.369999885559082,91300,0.0,0.0
2022-02-15 00:00:00-05:00,9.520000457763672,9.65999984741211,9.289999961853027,9.40999984741211,75200,0.0,0.0
2022-02-16 00:00:00-05:00,9.329999923706055,9.5600004196167,9.0600004196167,9.100000381469727,22800,0.0,0.0
2022-02-17 00:00:00-05:00,9.0,9.140000343322754,8.880000114440918,9.0,103400,0.0,0.0
2022-02-18 00:00:00-05:00,8.920000076293945,8.970000267028809,8.760000228881836,8.760000228881836,56200,0.0,0.0
2022-02-22 00:00:00-05:00,8.760000228881836,8.880000114440918,8.25,8.449999809265137,76400,0.0,0.0
2022-02-23 00:00:00-05:00,8.510000228881836,8.649999618530273,8.300000190734863,8.350000381469727,48600,0.0,0.0
2022-02-24 00:00:00-05:00,8.119999885559082,8.579999923706055,8.09000015258789,8.569999694824219,78200,0.0,0.0
2022-02-25 00:00:00-05:00,8.739999771118164,9.710000038146973,8.619999885559082,9.6899995803833,87000,0.0,0.0
2022-02-28 00:00:00-05:00,9.550000190734863,10.270000457763672,9.550000190734863,10.270000457763672,67400,0.0,0.0
2022-03-01 00:00:00-05:00,10.270000457763672,11.0600004196167,10.220000267028809,10.979999542236328,174900,0.0,0.0
2022-03-02 00:00:00-05:00,10.960000038146973,11.59000015258789,10.8100004196167,11.529999732971191,175200,0.0,0.0
2022-03-03 00:00:00-05:00,11.6899995803833,11.8100004196167,11.050000190734863,11.579999923706055,139400,0.0,0.0
2022-03-04 00:00:00-05:00,11.710000038146973,11.84000015258789,11.170000076293945,11.65999984741211,175300,0.0,0.0
2022-03-07 00:00:00-05:00,11.880000114440918,12.640000343322754,11.529999732971191,12.470000267028809,360400,0.0,0.0
2022-03-08 00:00:00-05:00,13.25,13.25,11.649999618530273,11.800000190734863,338900,0.0,0.0
2022-03-09 00:00:00-05:00,11.960000038146973,13.140000343322754,11.949999809265137,12.949999809265137,252400,0.0,0.0
2022-03-10 00:00:00-05:00,13.1899995803833,14.270000457763672,13.0,14.149999618530273,453200,0.0,0.0
2022-03-11 00:00:00-05:00,13.989999771118164,14.09000015258789,13.1899995803833,13.8100004196167,325800,0.0,0.0
2022-03-14 00:00:00-04:00,13.819999694824219,13.970000267028809,11.15999984741211,11.460000038146973,277900,0.0,0.0
2022-03-15 00:00:00-04:00,11.430000305175781,11.970000267028809,11.430000305175781,11.859999656677246,108700,0.0,0.0
2022-03-16 00:00:00-04:00,12.289999961853027,12.449999809265137,10.869999885559082,11.4399995803833,263500,0.0,0.0
2022-03-17 00:00:00-04:00,11.6899995803833,12.470000267028809,11.149999618530273,11.989999771118164,175800,0.0,0.0
2022-03-18 00:00:00-04:00,11.960000038146973,12.539999961853027,11.760000228881836,12.289999961853027,135600,0.0,0.0
2022-03-21 00:00:00-04:00,12.270000457763672,12.479999542236328,11.869999885559082,12.420000076293945,103000,0.0,0.0
2022-03-22 00:00:00-04:00,12.5,12.770000457763672,12.229999542236328,12.489999771118164,100500,0.0,0.0
2022-03-23 00:00:00-04:00,12.420000076293945,13.210000038146973,12.420000076293945,12.65999984741211,129700,0.0,0.0
2022-03-24 00:00:00-04:00,12.789999961853027,13.960000038146973,12.760000228881836,13.210000038146973,179400,0.0,0.0
2022-03-25 00:00:00-04:00,13.300000190734863,13.449999809265137,12.430000305175781,12.600000381469727,212700,0.0,0.0
2022-03-28 00:00:00-04:00,12.520000457763672,12.520000457763672,12.109999656677246,12.369999885559082,58800,0.0,0.0
2022-03-29 00:00:00-04:00,12.0600004196167,12.489999771118164,11.930000305175781,12.09000015258789,169900,0.0,0.0
2022-03-30 00:00:00-04:00,12.239999771118164,12.770000457763672,12.140000343322754,12.4399995803833,71000,0.0,0.0
2022-03-31 00:00:00-04:00,12.430000305175781,12.789999961853027,12.180000305175781,12.699999809265137,112500,0.0,0.0
2022-04-01 00:00:00-04:00,12.829999923706055,12.890000343322754,12.359999656677246,12.670000076293945,92800,0.0,0.0
2022-04-04 00:00:00-04:00,12.75,13.170000076293945,12.529999732971191,12.649999618530273,159700,0.0,0.0
2022-04-05 00:00:00-04:00,12.600000381469727,12.800000190734863,11.569999694824219,11.899999618530273,151000,0.0,0.0
2022-04-06 00:00:00-04:00,11.770000457763672,11.800000190734863,11.100000381469727,11.34000015258789,175700,0.0,0.0
2022-04-07 00:00:00-04:00,11.380000114440918,11.760000228881836,11.0600004196167,11.619999885559082,80800,0.0,0.0
2022-04-08 00:00:00-04:00,11.739999771118164,11.9399995803833,11.609999656677246,11.770000457763672,98700,0.0,0.0
2022-04-11 00:00:00-04:00,11.670000076293945,11.800000190734863,11.420000076293945,11.729999542236328,101800,0.0,0.0
2022-04-12 00:00:00-04:00,11.920000076293945,12.34000015258789,11.710000038146973,12.029999732971191,203400,0.0,0.0
2022-04-13 00:00:00-04:00,12.100000381469727,12.300000190734863,11.859999656677246,12.279999732971191,66300,0.0,0.0
2022-04-14 00:00:00-04:00,12.369999885559082,12.369999885559082,12.029999732971191,12.170000076293945,68200,0.0,0.0
2022-04-18 00:00:00-04:00,12.119999885559082,12.130000114440918,11.8100004196167,11.899999618530273,46700,0.0,0.0
2022-04-19 00:00:00-04:00,11.800000190734863,11.800000190734863,11.079999923706055,11.34000015258789,223000,0.0,0.0
2022-04-20 00:00:00-04:00,11.270000457763672,11.4399995803833,10.920000076293945,11.0600004196167,90900,0.0,0.0
2022-04-21 00:00:00-04:00,11.069999694824219,11.119999885559082,9.640000343322754,10.0600004196167,247500,0.0,0.0
2022-04-22 00:00:00-04:00,10.010000228881836,10.4399995803833,9.640000343322754,9.680000305175781,111000,0.0,0.0
2022-04-25 00:00:00-04:00,9.5,9.510000228881836,8.550000190734863,9.0,212800,0.0,0.0
2022-04-26 00:00:00-04:00,8.869999885559082,8.890000343322754,8.260000228881836,8.449999809265137,129300,0.0,0.0
2022-04-27 00:00:00-04:00,8.420000076293945,8.720000267028809,8.239999771118164,8.520000457763672,76700,0.0,0.0
2022-04-28 00:00:00-04:00,8.640000343322754,8.75,8.229999542236328,8.65999984741211,64200,0.0,0.0
2022-04-29 00:00:00-04:00,8.670000076293945,9.010000228881836,8.260000228881836,8.369999885559082,60700,0.0,0.0
2022-05-02 00:00:00-04:00,8.350000381469727,8.380000114440918,7.909999847412109,8.260000228881836,54100,0.0,0.0
2022-05-03 00:00:00-04:00,8.260000228881836,8.479999542236328,8.109999656677246,8.34000015258789,168900,0.0,0.0
2022-05-04 00:00:00-04:00,8.34000015258789,8.600000381469727,7.880000114440918,8.550000190734863,47700,0.0,0.0
2022-05-05 00:00:00-04:00,8.600000381469727,8.600000381469727,7.880000114440918,8.170000076293945,68200,0.0,0.0
2022-05-06 00:00:00-04:00,8.199999809265137,8.329999923706055,7.869999885559082,8.229999542236328,88700,0.0,0.0
2022-05-09 00:00:00-04:00,7.860000133514404,7.960000038146973,7.320000171661377,7.420000076293945,136700,0.0,0.0
2022-05-10 00:00:00-04:00,7.679999828338623,7.699999809265137,7.349999904632568,7.579999923706055,90300,0.0,0.0
2022-05-11 00:00:00-04:00,7.880000114440918,8.149999618530273,7.46999979019165,7.53000020980835,74500,0.0,0.0
2022-05-12 00:00:00-04:00,7.429999828338623,7.5,6.769999980926514,7.460000038146973,219300,0.0,0.0
2022-05-13 00:00:00-04:00,7.360000133514404,8.25,7.360000133514404,8.029999732971191,175900,0.0,0.0
2022-05-16 00:00:00-04:00,8.029999732971191,9.170000076293945,7.900000095367432,8.90999984741211,236400,0.0,0.0
2022-05-17 00:00:00-04:00,9.210000038146973,9.720000267028809,8.949999809265137,9.449999809265137,211700,0.0,0.0
2022-05-18 00:00:00-04:00,9.449999809265137,9.6899995803833,9.180000305175781,9.520000457763672,103400,0.0,0.0
2022-05-19 00:00:00-04:00,9.34000015258789,10.180000305175781,9.34000015258789,9.90999984741211,98500,0.0,0.0
2022-05-20 00:00:00-04:00,9.979999542236328,10.1899995803833,9.5,9.550000190734863,125200,0.0,0.0
2022-05-23 00:00:00-04:00,9.640000343322754,9.9399995803833,9.25,9.399999618530273,95200,0.0,0.0
2022-05-24 00:00:00-04:00,9.270000457763672,9.380000114440918,8.75,8.920000076293945,127400,0.0,0.0
2022-05-25 00:00:00-04:00,8.720000267028809,9.130000114440918,8.600000381469727,8.720000267028809,74600,0.0,0.0
2022-05-26 00:00:00-04:00,8.59000015258789,9.210000038146973,8.59000015258789,8.899999618530273,107100,0.0,0.0
2022-05-27 00:00:00-04:00,9.0600004196167,9.0600004196167,8.539999961853027,8.8100004196167,91700,0.0,0.0
2022-05-31 00:00:00-04:00,8.850000381469727,9.210000038146973,8.850000381469727,9.039999961853027,120900,0.0,0.0
2022-06-01 00:00:00-04:00,9.140000343322754,9.300000190734863,8.609999656677246,8.65999984741211,48000,0.0,0.0
2022-06-02 00:00:00-04:00,8.640000343322754,9.329999923706055,8.640000343322754,9.3100004196167,79600,0.0,0.0
2022-06-03 00:00:00-04:00,9.420000076293945,9.420000076293945,8.869999885559082,8.90999984741211,28700,0.0,0.0
2022-06-06 00:00:00-04:00,9.100000381469727,9.100000381469727,8.649999618530273,8.789999961853027,72100,0.0,0.0
2022-06-07 00:00:00-04:00,8.65999984741211,9.130000114440918,8.65999984741211,9.029999732971191,53500,0.0,0.0
2022-06-08 00:00:00-04:00,9.020000457763672,9.130000114440918,8.680000305175781,8.829999923706055,40300,0.0,0.0
2022-06-09 00:00:00-04:00,8.850000381469727,9.029999732971191,8.550000190734863,8.5600004196167,51600,0.0,0.0
2022-06-10 00:00:00-04:00,8.5,8.550000190734863,8.15999984741211,8.510000228881836,60200,0.0,0.0
2022-06-13 00:00:00-04:00,8.170000076293945,8.319999694824219,7.639999866485596,7.650000095367432,86700,0.0,0.0
2022-06-14 00:00:00-04:00,7.960000038146973,7.960000038146973,7.349999904632568,7.559999942779541,45200,0.0,0.0
2022-06-15 00:00:00-04:00,7.699999809265137,7.869999885559082,7.400000095367432,7.820000171661377,101800,0.0,0.0
2022-06-16 00:00:00-04:00,7.460000038146973,7.550000190734863,7.21999979019165,7.329999923706055,34200,0.0,0.0
2022-06-17 00:00:00-04:00,7.269999980926514,7.510000228881836,7.099999904632568,7.380000114440918,81700,0.0,0.0
2022-06-21 00:00:00-04:00,7.610000133514404,7.849999904632568,7.46999979019165,7.809999942779541,104100,0.0,0.0
2022-06-22 00:00:00-04:00,7.590000152587891,7.590000152587891,7.190000057220459,7.289999961853027,60000,0.0,0.0
2022-06-23 00:00:00-04:00,7.25,7.25,6.849999904632568,7.079999923706055,63700,0.0,0.0
2022-06-24 00:00:00-04:00,7.150000095367432,7.400000095367432,7.050000190734863,7.099999904632568,56900,0.0,0.0
2022-06-27 00:00:00-04:00,7.130000114440918,7.400000095367432,7.050000190734863,7.289999961853027,40900,0.0,0.0
2022-06-28 00:00:00-04:00,7.329999923706055,7.570000171661377,7.210000038146973,7.340000152587891,57500,0.0,0.0
2022-06-29 00:00:00-04:00,7.260000228881836,7.309999942779541,7.019999980926514,7.179999828338623,47900,0.0,0.0
2022-06-30 00:00:00-04:00,7.090000152587891,7.090000152587891,6.710000038146973,6.840000152587891,69000,0.0,0.0
2022-07-01 00:00:00-04:00,6.849999904632568,6.96999979019165,6.650000095367432,6.96999979019165,25200,0.0,0.0
2022-07-05 00:00:00-04:00,6.78000020980835,6.900000095367432,6.599999904632568,6.789999961853027,44700,0.0,0.0
2022-07-06 00:00:00-04:00,6.659999847412109,6.670000076293945,6.289999961853027,6.380000114440918,55700,0.0,0.0
2022-07-07 00:00:00-04:00,6.489999771118164,6.679999828338623,6.489999771118164,6.590000152587891,36600,0.0,0.0
2022-07-08 00:00:00-04:00,6.639999866485596,6.820000171661377,6.360000133514404,6.710000038146973,99900,0.0,0.0
2022-07-11 00:00:00-04:00,6.659999847412109,6.75,6.369999885559082,6.619999885559082,24700,0.0,0.0
2022-07-12 00:00:00-04:00,6.610000133514404,6.739999771118164,6.539999961853027,6.699999809265137,28400,0.0,0.0
2022-07-13 00:00:00-04:00,6.610000133514404,6.900000095367432,6.550000190734863,6.739999771118164,26700,0.0,0.0
2022-07-14 00:00:00-04:00,6.690000057220459,6.690000057220459,6.360000133514404,6.360000133514404,53600,0.0,0.0
2022-07-15 00:00:00-04:00,6.5,6.599999904632568,6.449999809265137,6.489999771118164,61200,0.0,0.0
2022-07-18 00:00:00-04:00,6.739999771118164,7.090000152587891,6.699999809265137,6.900000095367432,57000,0.0,0.0
2022-07-19 00:00:00-04:00,7.019999980926514,7.230000019073486,6.909999847412109,7.019999980926514,51300,0.0,0.0
2022-07-20 00:00:00-04:00,7.170000076293945,7.190000057220459,6.880000114440918,6.960000038146973,57300,0.0,0.0
2022-07-21 00:00:00-04:00,6.909999847412109,6.920000076293945,6.699999809265137,6.880000114440918,28800,0.0,0.0
2022-07-22 00:00:00-04:00,6.920000076293945,7.0,6.519999980926514,6.550000190734863,48400,0.0,0.0
2022-07-25 00:00:00-04:00,6.579999923706055,6.769999980926514,6.480000019073486,6.510000228881836,47300,0.0,0.0
2022-07-26 00:00:00-04:00,6.670000076293945,6.800000190734863,6.46999979019165,6.75,36800,0.0,0.0
2022-07-27 00:00:00-04:00,6.880000114440918,7.25,6.730000019073486,7.210000038146973,56000,0.0,0.0
2022-07-28 00:00:00-04:00,7.300000190734863,7.480000019073486,7.039999961853027,7.289999961853027,45500,0.0,0.0
2022-07-29 00:00:00-04:00,7.289999961853027,7.75,7.210000038146973,7.599999904632568,69500,0.0,0.0
2022-08-01 00:00:00-04:00,7.599999904632568,7.610000133514404,7.230000019073486,7.349999904632568,71700,0.0,0.0
2022-08-02 00:00:00-04:00,7.239999771118164,7.400000095367432,6.949999809265137,6.949999809265137,60400,0.0,0.0
2022-08-03 00:00:00-04:00,6.960000038146973,7.239999771118164,6.900000095367432,6.980000019073486,34900,0.0,0.0
2022-08-04 00:00:00-04:00,7.03000020980835,7.050000190734863,6.829999923706055,7.010000228881836,50200,0.0,0.0
2022-08-05 00:00:00-04:00,6.980000019073486,7.230000019073486,6.849999904632568,7.230000019073486,52400,0.0,0.0
2022-08-08 00:00:00-04:00,7.5,7.690000057220459,7.269999980926514,7.369999885559082,75600,0.0,0.0
2022-08-09 00:00:00-04:00,7.369999885559082,7.449999809265137,7.150000095367432,7.400000095367432,39600,0.0,0.0
2022-08-10 00:00:00-04:00,7.460000038146973,7.75,7.460000038146973,7.550000190734863,68600,0.0,0.0
2022-08-11 00:00:00-04:00,7.599999904632568,7.75,7.210000038146973,7.429999828338623,106400,0.0,0.0
2022-08-12 00:00:00-04:00,7.510000228881836,7.880000114440918,7.360000133514404,7.869999885559082,100900,0.0,0.0
2022-08-15 00:00:00-04:00,7.909999847412109,7.909999847412109,7.369999885559082,7.53000020980835,97000,0.0,0.0
2022-08-16 00:00:00-04:00,7.599999904632568,7.650000095367432,7.059999942779541,7.300000190734863,76200,0.0,0.0
2022-08-17 00:00:00-04:00,7.349999904632568,7.349999904632568,6.840000152587891,7.130000114440918,89200,0.0,0.0
2022-08-18 00:00:00-04:00,7.25,7.25,7.019999980926514,7.190000057220459,21800,0.0,0.0
2022-08-19 00:00:00-04:00,7.190000057220459,7.190000057220459,6.650000095367432,6.699999809265137,53300,0.0,0.0
2022-08-22 00:00:00-04:00,6.730000019073486,6.760000228881836,6.5,6.710000038146973,50500,0.0,0.0
2022-08-23 00:00:00-04:00,6.760000228881836,7.110000133514404,6.760000228881836,7.090000152587891,50800,0.0,0.0
2022-08-24 00:00:00-04:00,7.329999923706055,7.329999923706055,6.989999771118164,7.139999866485596,56900,0.0,0.0
2022-08-25 00:00:00-04:00,7.309999942779541,7.309999942779541,6.920000076293945,7.119999885559082,42500,0.0,0.0
2022-08-26 00:00:00-04:00,7.159999847412109,7.159999847412109,6.940000057220459,7.079999923706055,53800,0.0,0.0
2022-08-29 00:00:00-04:00,7.039999961853027,7.25,6.980000019073486,7.059999942779541,47500,0.0,0.0
2022-08-30 00:00:00-04:00,7.0,7.25,6.949999809265137,7.170000076293945,38000,0.0,0.0
2022-08-31 00:00:00-04:00,7.139999866485596,7.139999866485596,6.820000171661377,6.820000171661377,34300,0.0,0.0
2022-09-01 00:00:00-04:00,6.800000190734863,6.800000190734863,6.139999866485596,6.300000190734863,136700,0.0,0.0
2022-09-02 00:00:00-04:00,6.429999828338623,6.570000171661377,6.289999961853027,6.559999942779541,51600,0.0,0.0
2022-09-06 00:00:00-04:00,6.630000114440918,6.699999809265137,6.300000190734863,6.300000190734863,40700,0.0,0.0
2022-09-07 00:00:00-04:00,6.28000020980835,6.449999809265137,6.230000019073486,6.239999771118164,27500,0.0,0.0
2022-09-08 00:00:00-04:00,6.329999923706055,6.380000114440918,6.239999771118164,6.25,35100,0.0,0.0
2022-09-09 00:00:00-04:00,6.28000020980835,6.800000190734863,6.28000020980835,6.730000019073486,67300,0.0,0.0
2022-09-12 00:00:00-04:00,6.730000019073486,7.039999961853027,6.730000019073486,6.960000038146973,67700,0.0,0.0
2022-09-13 00:00:00-04:00,6.739999771118164,6.929999828338623,6.539999961853027,6.599999904632568,46000,0.0,0.0
2022-09-14 00:00:00-04:00,6.599999904632568,6.599999904632568,6.170000076293945,6.260000228881836,84000,0.0,0.0
2022-09-15 00:00:00-04:00,6.369999885559082,6.369999885559082,6.079999923706055,6.139999866485596,42100,0.0,0.0
2022-09-16 00:00:00-04:00,6.210000038146973,6.28000020980835,5.639999866485596,5.670000076293945,122100,0.0,0.0
2022-09-19 00:00:00-04:00,5.46999979019165,6.039999961853027,5.25,6.019999980926514,76900,0.0,0.0
2022-09-20 00:00:00-04:00,6.019999980926514,6.019999980926514,5.760000228881836,5.900000095367432,24300,0.0,0.0
2022-09-21 00:00:00-04:00,5.900000095367432,6.019999980926514,5.75,5.75,45300,0.0,0.0
2022-09-22 00:00:00-04:00,5.75,5.75,5.53000020980835,5.579999923706055,36000,0.0,0.0
2022-09-23 00:00:00-04:00,5.510000228881836,5.519999980926514,5.139999866485596,5.269999980926514,60000,0.0,0.0
2022-09-26 00:00:00-04:00,5.269999980926514,5.380000114440918,5.070000171661377,5.110000133514404,33500,0.0,0.0
2022-09-27 00:00:00-04:00,5.119999885559082,5.400000095367432,5.119999885559082,5.269999980926514,51800,0.0,0.0
2022-09-28 00:00:00-04:00,5.289999961853027,5.539999961853027,5.25,5.489999771118164,53000,0.0,0.0
2022-09-29 00:00:00-04:00,5.380000114440918,5.510000228881836,5.329999923706055,5.460000038146973,48800,0.0,0.0
2022-09-30 00:00:00-04:00,5.389999866485596,5.5,5.199999809265137,5.269999980926514,57600,0.0,0.0
2022-10-03 00:00:00-04:00,5.5,5.650000095367432,5.340000152587891,5.559999942779541,28400,0.0,0.0
2022-10-04 00:00:00-04:00,5.789999961853027,6.170000076293945,5.710000038146973,6.059999942779541,71400,0.0,0.0
2022-10-05 00:00:00-04:00,5.980000019073486,6.239999771118164,5.78000020980835,6.170000076293945,24600,0.0,0.0
2022-10-06 00:00:00-04:00,6.150000095367432,6.25,5.800000190734863,5.800000190734863,38600,0.0,0.0
2022-10-07 00:00:00-04:00,5.730000019073486,5.75,5.579999923706055,5.639999866485596,19700,0.0,0.0
2022-10-10 00:00:00-04:00,5.710000038146973,5.869999885559082,5.630000114440918,5.679999828338623,34900,0.0,0.0
2022-10-11 00:00:00-04:00,5.679999828338623,5.739999771118164,5.320000171661377,5.329999923706055,129300,0.0,0.0
2022-10-12 00:00:00-04:00,5.309999942779541,5.46999979019165,5.130000114440918,5.400000095367432,36800,0.0,0.0
2022-10-13 00:00:00-04:00,5.210000038146973,5.690000057220459,5.159999847412109,5.579999923706055,57000,0.0,0.0
2022-10-14 00:00:00-04:00,5.599999904632568,5.71999979019165,5.510000228881836,5.679999828338623,35900,0.0,0.0
2022-10-17 00:00:00-04:00,5.71999979019165,5.789999961853027,5.590000152587891,5.630000114440918,45800,0.0,0.0
2022-10-18 00:00:00-04:00,5.789999961853027,6.0,5.739999771118164,5.880000114440918,41500,0.0,0.0
2022-10-19 00:00:00-04:00,5.820000171661377,5.940000057220459,5.699999809265137,5.860000133514404,34500,0.0,0.0
2022-10-20 00:00:00-04:00,5.849999904632568,6.099999904632568,5.75,5.900000095367432,28100,0.0,0.0
2022-10-21 00:00:00-04:00,5.920000076293945,6.090000152587891,5.739999771118164,6.059999942779541,21400,0.0,0.0
2022-10-24 00:00:00-04:00,6.03000020980835,6.159999847412109,5.940000057220459,6.059999942779541,32900,0.0,0.0
2022-10-25 00:00:00-04:00,6.130000114440918,6.289999961853027,6.099999904632568,6.139999866485596,31000,0.0,0.0
2022-10-26 00:00:00-04:00,6.239999771118164,6.550000190734863,6.230000019073486,6.320000171661377,51400,0.0,0.0
2022-10-27 00:00:00-04:00,6.320000171661377,6.440000057220459,6.110000133514404,6.110000133514404,41300,0.0,0.0
2022-10-28 00:00:00-04:00,6.090000152587891,6.21999979019165,6.03000020980835,6.199999809265137,28400,0.0,0.0
2022-10-31 00:00:00-04:00,6.199999809265137,6.480000019073486,6.110000133514404,6.340000152587891,26000,0.0,0.0
2022-11-01 00:00:00-04:00,6.420000076293945,6.5,6.269999980926514,6.269999980926514,45700,0.0,0.0
2022-11-02 00:00:00-04:00,6.329999923706055,6.489999771118164,5.940000057220459,5.980000019073486,40900,0.0,0.0
2022-11-03 00:00:00-04:00,5.920000076293945,6.170000076293945,5.849999904632568,5.980000019073486,17900,0.0,0.0
2022-11-04 00:00:00-04:00,6.03000020980835,6.550000190734863,6.0,6.099999904632568,86200,0.0,0.0
2022-11-07 00:00:00-05:00,6.25,6.25,5.960000038146973,5.960000038146973,36400,0.0,0.0
2022-11-08 00:00:00-05:00,6.039999961853027,6.25,5.900000095367432,6.03000020980835,42700,0.0,0.0
2022-11-09 00:00:00-05:00,6.25,6.25,5.320000171661377,5.480000019073486,182200,0.0,0.0
2022-11-10 00:00:00-05:00,5.5,5.659999847412109,4.889999866485596,4.900000095367432,220300,0.0,0.0
2022-11-11 00:00:00-05:00,4.920000076293945,5.199999809265137,4.829999923706055,4.980000019073486,154400,0.0,0.0
2022-11-14 00:00:00-05:00,5.090000152587891,5.300000190734863,5.079999923706055,5.260000228881836,62600,0.0,0.0
2022-11-15 00:00:00-05:00,5.269999980926514,5.429999828338623,5.139999866485596,5.349999904632568,90000,0.0,0.0
2022-11-16 00:00:00-05:00,5.389999866485596,5.389999866485596,4.960000038146973,5.0,62100,0.0,0.0
2022-11-17 00:00:00-05:00,5.0,5.0,4.769999980926514,4.809999942779541,87500,0.0,0.0
2022-11-18 00:00:00-05:00,4.789999961853027,5.159999847412109,4.75,5.119999885559082,71100,0.0,0.0
2022-11-21 00:00:00-05:00,5.099999904632568,5.309999942779541,5.0,5.28000020980835,60600,0.0,0.0
2022-11-22 00:00:00-05:00,5.349999904632568,5.429999828338623,5.210000038146973,5.239999771118164,47000,0.0,0.0
2022-11-23 00:00:00-05:00,5.239999771118164,5.599999904632568,5.239999771118164,5.550000190734863,52300,0.0,0.0
2022-11-25 00:00:00-05:00,5.650000095367432,5.739999771118164,5.550000190734863,5.639999866485596,37600,0.0,0.0
2022-11-28 00:00:00-05:00,5.510000228881836,5.639999866485596,5.079999923706055,5.119999885559082,44900,0.0,0.0
2022-11-29 00:00:00-05:00,5.190000057220459,5.25,5.099999904632568,5.179999828338623,16000,0.0,0.0
2022-11-30 00:00:00-05:00,5.329999923706055,5.590000152587891,5.190000057220459,5.579999923706055,84400,0.0,0.0
2022-12-01 00:00:00-05:00,5.610000133514404,5.610000133514404,5.230000019073486,5.340000152587891,28600,0.0,0.0
2022-12-02 00:00:00-05:00,5.260000228881836,5.489999771118164,5.260000228881836,5.489999771118164,32100,0.0,0.0
2022-12-05 00:00:00-05:00,5.389999866485596,5.389999866485596,5.010000228881836,5.090000152587891,68300,0.0,0.0
2022-12-06 00:00:00-05:00,5.010000228881836,5.179999828338623,5.0,5.039999961853027,46200,0.0,0.0
2022-12-07 00:00:00-05:00,5.0,5.079999923706055,4.929999828338623,5.019999980926514,38900,0.0,0.0
2022-12-08 00:00:00-05:00,5.019999980926514,5.019999980926514,4.78000020980835,4.820000171661377,175100,0.0,0.0
2022-12-09 00:00:00-05:00,5.03000020980835,5.360000133514404,4.920000076293945,5.179999828338623,149500,0.0,0.0
2022-12-12 00:00:00-05:00,5.139999866485596,5.179999828338623,4.980000019073486,5.010000228881836,43400,0.0,0.0
2022-12-13 00:00:00-05:00,5.119999885559082,5.420000076293945,5.119999885559082,5.400000095367432,120300,0.0,0.0
2022-12-14 00:00:00-05:00,5.329999923706055,5.5,5.090000152587891,5.119999885559082,49700,0.0,0.0
2022-12-15 00:00:00-05:00,5.170000076293945,5.230000019073486,4.880000114440918,4.940000057220459,113000,0.0,0.0
2022-12-16 00:00:00-05:00,4.929999828338623,5.039999961853027,4.889999866485596,4.96999979019165,42500,0.0,0.0
2022-12-19 00:00:00-05:00,5.019999980926514,5.039999961853027,4.920000076293945,4.960000038146973,43600,0.0,0.0
2022-12-20 00:00:00-05:00,4.909999847412109,5.300000190734863,4.909999847412109,5.300000190734863,67000,0.0,0.0
2022-12-21 00:00:00-05:00,5.269999980926514,5.539999961853027,5.269999980926514,5.340000152587891,81500,0.0,0.0
2022-12-22 00:00:00-05:00,5.269999980926514,5.289999961853027,5.019999980926514,5.130000114440918,46600,0.0,0.0
2022-12-23 00:00:00-05:00,5.119999885559082,5.28000020980835,5.019999980926514,5.230000019073486,18700,0.0,0.0
2022-12-27 00:00:00-05:00,5.349999904632568,5.5,5.349999904632568,5.349999904632568,63100,0.0,0.0
2022-12-28 00:00:00-05:00,5.329999923706055,5.550000190734863,5.210000038146973,5.269999980926514,46300,0.0,0.0
2022-12-29 00:00:00-05:00,5.449999809265137,5.449999809265137,5.239999771118164,5.239999771118164,47900,0.0,0.0
2022-12-30 00:00:00-05:00,5.179999828338623,5.449999809265137,5.170000076293945,5.380000114440918,94100,0.0,0.0
2023-01-03 00:00:00-05:00,5.480000019073486,5.590000152587891,5.309999942779541,5.429999828338623,55700,0.0,0.0
2023-01-04 00:00:00-05:00,5.539999961853027,5.559999942779541,5.400000095367432,5.449999809265137,40200,0.0,0.0
2023-01-05 00:00:00-05:00,5.400000095367432,5.519999980926514,5.269999980926514,5.510000228881836,44400,0.0,0.0
2023-01-06 00:00:00-05:00,5.590000152587891,6.159999847412109,5.420000076293945,6.159999847412109,100300,0.0,0.0
2023-01-09 00:00:00-05:00,6.190000057220459,6.380000114440918,6.059999942779541,6.059999942779541,61700,0.0,0.0
2023-01-10 00:00:00-05:00,6.050000190734863,6.420000076293945,6.050000190734863,6.360000133514404,35000,0.0,0.0
2023-01-11 00:00:00-05:00,6.429999828338623,6.449999809265137,6.210000038146973,6.449999809265137,49000,0.0,0.0
2023-01-12 00:00:00-05:00,6.400000095367432,6.5,6.199999809265137,6.420000076293945,69300,0.0,0.0
2023-01-13 00:00:00-05:00,6.309999942779541,6.619999885559082,6.309999942779541,6.480000019073486,42700,0.0,0.0
2023-01-17 00:00:00-05:00,6.78000020980835,6.960000038146973,6.650000095367432,6.829999923706055,100000,0.0,0.0
2023-01-18 00:00:00-05:00,6.820000171661377,7.059999942779541,6.420000076293945,6.489999771118164,68200,0.0,0.0
2023-01-19 00:00:00-05:00,6.389999866485596,6.539999961853027,6.320000171661377,6.320000171661377,50800,0.0,0.0
2023-01-20 00:00:00-05:00,6.300000190734863,7.010000228881836,6.300000190734863,6.809999942779541,100100,0.0,0.0
2023-01-23 00:00:00-05:00,6.739999771118164,6.829999923706055,6.599999904632568,6.619999885559082,40100,0.0,0.0
2023-01-24 00:00:00-05:00,6.550000190734863,6.550000190734863,6.210000038146973,6.230000019073486,92900,0.0,0.0
2023-01-25 00:00:00-05:00,6.260000228881836,6.349999904632568,5.909999847412109,5.920000076293945,73100,0.0,0.0
2023-01-26 00:00:00-05:00,6.079999923706055,6.079999923706055,5.849999904632568,5.940000057220459,61400,0.0,0.0
2023-01-27 00:00:00-05:00,5.880000114440918,6.099999904632568,5.869999885559082,6.039999961853027,41700,0.0,0.0
2023-01-30 00:00:00-05:00,6.019999980926514,6.110000133514404,5.829999923706055,5.849999904632568,28800,0.0,0.0
2023-01-31 00:00:00-05:00,5.889999866485596,6.340000152587891,5.849999904632568,6.28000020980835,102700,0.0,0.0
2023-02-01 00:00:00-05:00,6.329999923706055,6.519999980926514,6.099999904632568,6.260000228881836,75900,0.0,0.0
2023-02-02 00:00:00-05:00,6.380000114440918,6.420000076293945,5.929999828338623,6.099999904632568,83500,0.0,0.0
2023-02-03 00:00:00-05:00,6.03000020980835,6.320000171661377,6.010000228881836,6.260000228881836,29500,0.0,0.0
2023-02-06 00:00:00-05:00,6.159999847412109,6.210000038146973,5.860000133514404,5.949999809265137,33500,0.0,0.0
2023-02-07 00:00:00-05:00,6.090000152587891,6.400000095367432,6.039999961853027,6.190000057220459,45300,0.0,0.0
2023-02-08 00:00:00-05:00,6.110000133514404,6.21999979019165,6.050000190734863,6.179999828338623,16300,0.0,0.0
2023-02-09 00:00:00-05:00,6.199999809265137,6.300000190734863,6.010000228881836,6.079999923706055,17500,0.0,0.0
2023-02-10 00:00:00-05:00,5.980000019073486,6.21999979019165,5.980000019073486,6.119999885559082,35300,0.0,0.0
2023-02-13 00:00:00-05:00,6.21999979019165,6.21999979019165,6.070000171661377,6.139999866485596,91300,0.0,0.0
2023-02-14 00:00:00-05:00,6.139999866485596,6.519999980926514,6.119999885559082,6.519999980926514,35400,0.0,0.0
2023-02-15 00:00:00-05:00,6.519999980926514,6.869999885559082,6.400000095367432,6.869999885559082,69900,0.0,0.0
2023-02-16 00:00:00-05:00,6.71999979019165,6.840000152587891,6.480000019073486,6.610000133514404,54200,0.0,0.0
2023-02-17 00:00:00-05:00,6.510000228881836,6.869999885559082,6.349999904632568,6.659999847412109,85100,0.0,0.0
2023-02-21 00:00:00-05:00,6.53000020980835,6.739999771118164,6.28000020980835,6.380000114440918,54400,0.0,0.0
2023-02-22 00:00:00-05:00,6.320000171661377,6.400000095367432,6.059999942779541,6.320000171661377,40000,0.0,0.0
2023-02-23 00:00:00-05:00,6.510000228881836,6.510000228881836,6.25,6.480000019073486,37700,0.0,0.0
2023-02-24 00:00:00-05:00,6.420000076293945,6.519999980926514,6.239999771118164,6.449999809265137,21400,0.0,0.0
2023-02-27 00:00:00-05:00,6.5,6.570000171661377,6.25,6.389999866485596,52400,0.0,0.0
2023-02-28 00:00:00-05:00,6.329999923706055,6.489999771118164,6.210000038146973,6.420000076293945,60200,0.0,0.0
2023-03-01 00:00:00-05:00,6.380000114440918,6.840000152587891,6.380000114440918,6.820000171661377,77600,0.0,0.0
2023-03-02 00:00:00-05:00,6.860000133514404,6.860000133514404,6.360000133514404,6.53000020980835,71600,0.0,0.0
2023-03-03 00:00:00-05:00,6.550000190734863,6.659999847412109,6.409999847412109,6.53000020980835,28300,0.0,0.0
2023-03-06 00:00:00-05:00,6.5,6.730000019073486,6.480000019073486,6.650000095367432,28500,0.0,0.0
2023-03-07 00:00:00-05:00,6.570000171661377,6.570000171661377,6.070000171661377,6.099999904632568,54300,0.0,0.0
2023-03-08 00:00:00-05:00,6.159999847412109,6.159999847412109,5.940000057220459,6.039999961853027,53400,0.0,0.0
2023-03-09 00:00:00-05:00,6.050000190734863,6.119999885559082,5.659999847412109,5.800000190734863,47900,0.0,0.0
2023-03-10 00:00:00-05:00,5.75,5.789999961853027,5.159999847412109,5.190000057220459,174200,0.0,0.0
2023-03-13 00:00:00-04:00,5.059999942779541,5.300000190734863,4.800000190734863,5.059999942779541,71100,0.0,0.0
2023-03-14 00:00:00-04:00,5.059999942779541,5.230000019073486,4.909999847412109,5.079999923706055,60500,0.0,0.0
2023-03-15 00:00:00-04:00,4.900000095367432,5.179999828338623,4.75,4.880000114440918,101800,0.0,0.0
2023-03-16 00:00:00-04:00,4.829999923706055,4.96999979019165,4.75,4.940000057220459,51100,0.0,0.0
2023-03-17 00:00:00-04:00,5.0,5.0,4.760000228881836,4.869999885559082,49000,0.0,0.0
2023-03-20 00:00:00-04:00,4.869999885559082,4.929999828338623,4.760000228881836,4.920000076293945,65300,0.0,0.0
2023-03-21 00:00:00-04:00,4.940000057220459,5.03000020980835,4.829999923706055,4.860000133514404,47700,0.0,0.0
2023-03-22 00:00:00-04:00,4.809999942779541,4.940000057220459,4.760000228881836,4.809999942779541,33200,0.0,0.0
2023-03-23 00:00:00-04:00,4.889999866485596,4.929999828338623,4.71999979019165,4.739999771118164,43200,0.0,0.0
2023-03-24 00:00:00-04:00,4.739999771118164,4.840000152587891,4.659999847412109,4.760000228881836,52600,0.0,0.0
2023-03-27 00:00:00-04:00,4.78000020980835,4.869999885559082,4.699999809265137,4.829999923706055,43100,0.0,0.0
2023-03-28 00:00:00-04:00,4.800000190734863,4.929999828338623,4.800000190734863,4.880000114440918,21400,0.0,0.0
2023-03-29 00:00:00-04:00,4.909999847412109,5.230000019073486,4.909999847412109,5.190000057220459,95800,0.0,0.0
2023-03-30 00:00:00-04:00,5.25,5.380000114440918,5.230000019073486,5.28000020980835,59800,0.0,0.0
2023-03-31 00:00:00-04:00,5.210000038146973,5.349999904632568,5.170000076293945,5.179999828338623,29600,0.0,0.0
2023-04-03 00:00:00-04:00,5.179999828338623,5.440000057220459,5.150000095367432,5.360000133514404,24700,0.0,0.0
2023-04-04 00:00:00-04:00,5.429999828338623,5.429999828338623,5.110000133514404,5.139999866485596,23900,0.0,0.0
2023-04-05 00:00:00-04:00,5.179999828338623,5.179999828338623,5.059999942779541,5.090000152587891,26200,0.0,0.0
2023-04-06 00:00:00-04:00,5.019999980926514,5.159999847412109,5.019999980926514,5.090000152587891,22900,0.0,0.0
2023-04-10 00:00:00-04:00,5.099999904632568,5.239999771118164,5.050000190734863,5.179999828338623,19900,0.0,0.0
2023-04-11 00:00:00-04:00,5.179999828338623,5.289999961853027,5.130000114440918,5.159999847412109,23900,0.0,0.0
2023-04-12 00:00:00-04:00,5.199999809265137,5.199999809265137,4.769999980926514,4.860000133514404,83300,0.0,0.0
2023-04-13 00:00:00-04:00,4.849999904632568,5.139999866485596,4.829999923706055,4.96999979019165,47300,0.0,0.0
2023-04-14 00:00:00-04:00,5.119999885559082,5.269999980926514,5.0,5.139999866485596,24400,0.0,0.0
2023-04-17 00:00:00-04:00,5.170000076293945,5.190000057220459,5.099999904632568,5.110000133514404,26200,0.0,0.0
2023-04-18 00:00:00-04:00,5.159999847412109,5.21999979019165,5.019999980926514,5.059999942779541,37400,0.0,0.0
2023-04-19 00:00:00-04:00,5.159999847412109,5.289999961853027,5.010000228881836,5.179999828338623,30300,0.0,0.0
2023-04-20 00:00:00-04:00,5.159999847412109,5.230000019073486,4.880000114440918,4.920000076293945,46400,0.0,0.0
2023-04-21 00:00:00-04:00,4.889999866485596,4.889999866485596,4.739999771118164,4.800000190734863,34600,0.0,0.0
2023-04-24 00:00:00-04:00,4.889999866485596,4.889999866485596,4.659999847412109,4.829999923706055,89600,0.0,0.0
2023-04-25 00:00:00-04:00,4.840000152587891,4.840000152587891,4.579999923706055,4.670000076293945,104900,0.0,0.0
2023-04-26 00:00:00-04:00,4.630000114440918,4.730000019073486,4.510000228881836,4.53000020980835,53000,0.0,0.0
2023-04-27 00:00:00-04:00,4.5,4.789999961853027,4.5,4.690000057220459,44700,0.0,0.0
2023-04-28 00:00:00-04:00,4.610000133514404,4.800000190734863,4.559999942779541,4.730000019073486,33900,0.0,0.0
2023-05-01 00:00:00-04:00,4.710000038146973,4.880000114440918,4.710000038146973,4.730000019073486,38000,0.0,0.0
2023-05-02 00:00:00-04:00,4.75,4.78000020980835,4.579999923706055,4.659999847412109,64800,0.0,0.0
2023-05-03 00:00:00-04:00,4.619999885559082,4.789999961853027,4.619999885559082,4.670000076293945,18200,0.0,0.0
2023-05-04 00:00:00-04:00,4.630000114440918,4.650000095367432,4.46999979019165,4.480000019073486,44800,0.0,0.0
2023-05-05 00:00:00-04:00,4.599999904632568,4.699999809265137,4.550000190734863,4.610000133514404,29000,0.0,0.0
2023-05-08 00:00:00-04:00,4.610000133514404,4.739999771118164,4.590000152587891,4.659999847412109,24100,0.0,0.0
2023-05-09 00:00:00-04:00,4.690000057220459,5.28000020980835,4.53000020980835,5.230000019073486,66700,0.0,0.0
2023-05-10 00:00:00-04:00,5.25,5.400000095367432,5.019999980926514,5.130000114440918,69900,0.0,0.0
2023-05-11 00:00:00-04:00,4.96999979019165,5.0,4.110000133514404,4.409999847412109,316600,0.0,0.0
2023-05-12 00:00:00-04:00,4.5,4.5,4.199999809265137,4.269999980926514,62900,0.0,0.0
2023-05-15 00:00:00-04:00,4.190000057220459,4.289999961853027,4.099999904632568,4.139999866485596,78800,0.0,0.0
2023-05-16 00:00:00-04:00,4.139999866485596,4.139999866485596,3.9000000953674316,3.9600000381469727,91700,0.0,0.0
2023-05-17 00:00:00-04:00,3.950000047683716,4.130000114440918,3.940000057220459,4.010000228881836,103900,0.0,0.0
2023-05-18 00:00:00-04:00,4.099999904632568,4.099999904632568,3.9000000953674316,3.9200000762939453,47900,0.0,0.0
2023-05-19 00:00:00-04:00,3.9000000953674316,3.9800000190734863,3.869999885559082,3.880000114440918,32000,0.0,0.0
2023-05-22 00:00:00-04:00,3.9200000762939453,3.990000009536743,3.8299999237060547,3.880000114440918,44000,0.0,0.0
2023-05-23 00:00:00-04:00,3.9000000953674316,4.0,3.8399999141693115,3.9000000953674316,92200,0.0,0.0
2023-05-24 00:00:00-04:00,3.990000009536743,4.289999961853027,3.950000047683716,4.260000228881836,183800,0.0,0.0
2023-05-25 00:00:00-04:00,4.300000190734863,4.300000190734863,3.869999885559082,3.950000047683716,105000,0.0,0.0
2023-05-26 00:00:00-04:00,3.9600000381469727,4.099999904632568,3.9000000953674316,4.0,104100,0.0,0.0
2023-05-30 00:00:00-04:00,4.0,4.0,3.819999933242798,3.9000000953674316,56800,0.0,0.0
2023-05-31 00:00:00-04:00,3.880000114440918,3.880000114440918,3.619999885559082,3.7699999809265137,86500,0.0,0.0
2023-06-01 00:00:00-04:00,3.8399999141693115,3.880000114440918,3.5999999046325684,3.799999952316284,46800,0.0,0.0
2023-06-02 00:00:00-04:00,3.7899999618530273,3.940000057220459,3.7899999618530273,3.819999933242798,47600,0.0,0.0
2023-06-05 00:00:00-04:00,3.75,3.9000000953674316,3.7200000286102295,3.8399999141693115,48900,0.0,0.0
2023-06-06 00:00:00-04:00,3.8399999141693115,4.150000095367432,3.8399999141693115,4.070000171661377,60300,0.0,0.0
2023-06-07 00:00:00-04:00,4.150000095367432,4.269999980926514,4.039999961853027,4.21999979019165,63400,0.0,0.0
2023-06-08 00:00:00-04:00,4.170000076293945,4.380000114440918,4.159999847412109,4.289999961853027,65500,0.0,0.0
2023-06-09 00:00:00-04:00,4.25,4.360000133514404,4.230000019073486,4.329999923706055,37300,0.0,0.0
2023-06-12 00:00:00-04:00,4.300000190734863,4.380000114440918,4.25,4.309999942779541,27100,0.0,0.0
2023-06-13 00:00:00-04:00,4.380000114440918,4.489999771118164,4.380000114440918,4.46999979019165,52600,0.0,0.0
2023-06-14 00:00:00-04:00,4.440000057220459,4.519999980926514,4.340000152587891,4.510000228881836,53000,0.0,0.0
2023-06-15 00:00:00-04:00,4.480000019073486,4.619999885559082,4.360000133514404,4.590000152587891,33100,0.0,0.0
2023-06-16 00:00:00-04:00,4.579999923706055,4.630000114440918,4.46999979019165,4.579999923706055,24100,0.0,0.0
2023-06-20 00:00:00-04:00,4.579999923706055,4.579999923706055,4.340000152587891,4.340000152587891,38800,0.0,0.0
2023-06-21 00:00:00-04:00,4.28000020980835,4.329999923706055,4.199999809265137,4.269999980926514,27700,0.0,0.0
2023-06-22 00:00:00-04:00,4.21999979019165,4.230000019073486,4.119999885559082,4.190000057220459,30300,0.0,0.0
2023-06-23 00:00:00-04:00,4.090000152587891,4.090000152587891,3.9700000286102295,4.019999980926514,37400,0.0,0.0
2023-06-26 00:00:00-04:00,3.9700000286102295,4.170000076293945,3.9700000286102295,4.099999904632568,44000,0.0,0.0
2023-06-27 00:00:00-04:00,4.199999809265137,4.199999809265137,4.03000020980835,4.050000190734863,7200,0.0,0.0
2023-06-28 00:00:00-04:00,4.03000020980835,4.159999847412109,3.990000009536743,4.0,23400,0.0,0.0
2023-06-29 00:00:00-04:00,3.9800000190734863,4.179999828338623,3.9800000190734863,4.179999828338623,12900,0.0,0.0
2023-06-30 00:00:00-04:00,4.179999828338623,4.300000190734863,4.099999904632568,4.289999961853027,30900,0.0,0.0
2023-07-03 00:00:00-04:00,4.389999866485596,4.409999847412109,4.199999809265137,4.28000020980835,17900,0.0,0.0
2023-07-05 00:00:00-04:00,4.380000114440918,4.380000114440918,4.199999809265137,4.300000190734863,26400,0.0,0.0
2023-07-06 00:00:00-04:00,4.260000228881836,4.289999961853027,3.9600000381469727,3.9800000190734863,53100,0.0,0.0
2023-07-07 00:00:00-04:00,4.039999961853027,4.199999809265137,4.010000228881836,4.130000114440918,30700,0.0,0.0
2023-07-10 00:00:00-04:00,4.199999809265137,4.320000171661377,4.199999809265137,4.28000020980835,21600,0.0,0.0
2023-07-11 00:00:00-04:00,4.349999904632568,4.440000057220459,4.28000020980835,4.389999866485596,18800,0.0,0.0
2023-07-12 00:00:00-04:00,4.489999771118164,4.650000095367432,4.429999828338623,4.630000114440918,62800,0.0,0.0
2023-07-13 00:00:00-04:00,4.639999866485596,4.679999828338623,4.53000020980835,4.679999828338623,37900,0.0,0.0
2023-07-14 00:00:00-04:00,4.599999904632568,4.679999828338623,4.269999980926514,4.329999923706055,37400,0.0,0.0
2023-07-17 00:00:00-04:00,4.300000190734863,4.590000152587891,4.300000190734863,4.489999771118164,37100,0.0,0.0
2023-07-18 00:00:00-04:00,4.590000152587891,4.679999828338623,4.409999847412109,4.429999828338623,58000,0.0,0.0
2023-07-19 00:00:00-04:00,4.489999771118164,4.650000095367432,4.429999828338623,4.460000038146973,48200,0.0,0.0
2023-07-20 00:00:00-04:00,4.539999961853027,4.710000038146973,4.429999828338623,4.5,42000,0.0,0.0
2023-07-21 00:00:00-04:00,4.539999961853027,4.570000171661377,4.400000095367432,4.53000020980835,17500,0.0,0.0
2023-07-24 00:00:00-04:00,4.630000114440918,4.690000057220459,4.449999809265137,4.460000038146973,58400,0.0,0.0
2023-07-25 00:00:00-04:00,4.550000190734863,4.639999866485596,4.449999809265137,4.449999809265137,41600,0.0,0.0
2023-07-26 00:00:00-04:00,4.53000020980835,4.610000133514404,4.429999828338623,4.440000057220459,34800,0.0,0.0
2023-07-27 00:00:00-04:00,4.46999979019165,4.539999961853027,4.269999980926514,4.349999904632568,36900,0.0,0.0
2023-07-28 00:00:00-04:00,4.429999828338623,4.639999866485596,4.309999942779541,4.619999885559082,97000,0.0,0.0
2023-07-31 00:00:00-04:00,4.619999885559082,4.760000228881836,4.590000152587891,4.760000228881836,57100,0.0,0.0
2023-08-01 00:00:00-04:00,4.610000133514404,4.639999866485596,4.46999979019165,4.510000228881836,88700,0.0,0.0
2023-08-02 00:00:00-04:00,4.539999961853027,4.539999961853027,4.320000171661377,4.400000095367432,91500,0.0,0.0
2023-08-03 00:00:00-04:00,4.480000019073486,4.489999771118164,4.099999904632568,4.230000019073486,120400,0.0,0.0
2023-08-04 00:00:00-04:00,4.230000019073486,4.449999809265137,4.150000095367432,4.150000095367432,59700,0.0,0.0
2023-08-07 00:00:00-04:00,4.199999809265137,4.440000057220459,4.150000095367432,4.329999923706055,36500,0.0,0.0
2023-08-08 00:00:00-04:00,4.239999771118164,4.25,4.110000133514404,4.150000095367432,70700,0.0,0.0
2023-08-09 00:00:00-04:00,4.150000095367432,4.170000076293945,4.079999923706055,4.099999904632568,104600,0.0,0.0
2023-08-10 00:00:00-04:00,3.9700000286102295,4.119999885559082,3.700000047683716,3.740000009536743,220600,0.0,0.0
2023-08-11 00:00:00-04:00,3.700000047683716,3.7699999809265137,3.5299999713897705,3.609999895095825,145500,0.0,0.0
2023-08-14 00:00:00-04:00,3.5899999141693115,3.7899999618530273,3.5399999618530273,3.7699999809265137,60400,0.0,0.0
2023-08-15 00:00:00-04:00,3.740000009536743,3.759999990463257,3.440000057220459,3.509999990463257,132400,0.0,0.0
2023-08-16 00:00:00-04:00,3.4800000190734863,3.640000104904175,3.4800000190734863,3.619999885559082,69400,0.0,0.0
2023-08-17 00:00:00-04:00,3.6500000953674316,3.7300000190734863,3.5399999618530273,3.5899999141693115,49600,0.0,0.0
2023-08-18 00:00:00-04:00,3.569999933242798,3.5799999237060547,3.4600000381469727,3.559999942779541,40200,0.0,0.0
2023-08-21 00:00:00-04:00,3.569999933242798,3.619999885559082,3.450000047683716,3.5399999618530273,51000,0.0,0.0
2023-08-22 00:00:00-04:00,3.5299999713897705,3.5299999713897705,3.369999885559082,3.4600000381469727,114900,0.0,0.0
2023-08-23 00:00:00-04:00,3.509999990463257,3.630000114440918,3.4700000286102295,3.5399999618530273,149500,0.0,0.0
2023-08-24 00:00:00-04:00,3.5199999809265137,3.5199999809265137,3.299999952316284,3.369999885559082,68800,0.0,0.0
2023-08-25 00:00:00-04:00,3.369999885559082,3.4600000381469727,3.2300000190734863,3.4600000381469727,95300,0.0,0.0
2023-08-28 00:00:00-04:00,3.450000047683716,3.640000104904175,3.450000047683716,3.5899999141693115,42900,0.0,0.0
2023-08-29 00:00:00-04:00,3.690000057220459,3.690000057220459,3.430000066757202,3.5299999713897705,45800,0.0,0.0
2023-08-30 00:00:00-04:00,3.549999952316284,3.549999952316284,3.3499999046325684,3.4000000953674316,77600,0.0,0.0
2023-08-31 00:00:00-04:00,3.450000047683716,3.450000047683716,3.2799999713897705,3.3499999046325684,134600,0.0,0.0
2023-09-01 00:00:00-04:00,3.3399999141693115,3.490000009536743,3.309999942779541,3.440000057220459,43300,0.0,0.0
2023-09-05 00:00:00-04:00,3.5299999713897705,3.5399999618530273,3.380000114440918,3.4600000381469727,103000,0.0,0.0
2023-09-06 00:00:00-04:00,3.430000066757202,3.440000057220459,3.369999885559082,3.430000066757202,38400,0.0,0.0
2023-09-07 00:00:00-04:00,3.450000047683716,3.450000047683716,3.259999990463257,3.299999952316284,32700,0.0,0.0
2023-09-08 00:00:00-04:00,3.2699999809265137,3.3399999141693115,3.2300000190734863,3.2899999618530273,52000,0.0,0.0
2023-09-11 00:00:00-04:00,3.3499999046325684,3.3499999046325684,3.2300000190734863,3.299999952316284,24100,0.0,0.0
2023-09-12 00:00:00-04:00,3.309999942779541,3.309999942779541,3.2100000381469727,3.2100000381469727,35600,0.0,0.0
2023-09-13 00:00:00-04:00,3.2100000381469727,3.2100000381469727,3.130000114440918,3.190000057220459,34500,0.0,0.0
2023-09-14 00:00:00-04:00,3.200000047683716,3.2699999809265137,3.1500000953674316,3.240000009536743,22400,0.0,0.0
2023-09-15 00:00:00-04:00,3.25,3.25,3.1500000953674316,3.180000066757202,24200,0.0,0.0
2023-09-18 00:00:00-04:00,3.2200000286102295,3.2200000286102295,3.0899999141693115,3.0999999046325684,25600,0.0,0.0
2023-09-19 00:00:00-04:00,3.130000114440918,3.1500000953674316,3.0299999713897705,3.0299999713897705,56500,0.0,0.0
2023-09-20 00:00:00-04:00,3.0399999618530273,3.069999933242798,3.0,3.0399999618530273,24900,0.0,0.0
2023-09-21 00:00:00-04:00,2.880000114440918,3.0199999809265137,2.880000114440918,3.0199999809265137,26300,0.0,0.0
2023-09-22 00:00:00-04:00,3.0799999237060547,3.0799999237060547,2.950000047683716,3.0,25200,0.0,0.0
2023-09-25 00:00:00-04:00,2.950000047683716,3.0,2.9100000858306885,2.9200000762939453,19400,0.0,0.0
2023-09-26 00:00:00-04:00,2.880000114440918,2.9100000858306885,2.75,2.75,71800,0.0,0.0
2023-09-27 00:00:00-04:00,2.740000009536743,2.819999933242798,2.690000057220459,2.809999942779541,33300,0.0,0.0
2023-09-28 00:00:00-04:00,2.8399999141693115,2.9000000953674316,2.7799999713897705,2.8299999237060547,21400,0.0,0.0
2023-09-29 00:00:00-04:00,2.9200000762939453,2.9200000762939453,2.819999933242798,2.8299999237060547,13500,0.0,0.0
2023-10-02 00:00:00-04:00,2.8299999237060547,2.8299999237060547,2.700000047683716,2.740000009536743,15600,0.0,0.0
2023-10-03 00:00:00-04:00,2.7200000286102295,2.7300000190734863,2.609999895095825,2.640000104904175,69200,0.0,0.0
2023-10-04 00:00:00-04:00,2.609999895095825,2.690000057220459,2.5799999237060547,2.6500000953674316,20100,0.0,0.0
2023-10-05 00:00:00-04:00,2.6600000858306885,2.759999990463257,2.6500000953674316,2.759999990463257,27500,0.0,0.0
2023-10-06 00:00:00-04:00,2.7300000190734863,2.819999933242798,2.7100000381469727,2.7899999618530273,81900,0.0,0.0
2023-10-09 00:00:00-04:00,2.759999990463257,2.8499999046325684,2.7300000190734863,2.809999942779541,22700,0.0,0.0
2023-10-10 00:00:00-04:00,2.809999942779541,2.9000000953674316,2.799999952316284,2.819999933242798,29500,0.0,0.0
2023-10-11 00:00:00-04:00,2.859999895095825,2.930000066757202,2.819999933242798,2.930000066757202,33200,0.0,0.0
2023-10-12 00:00:00-04:00,2.940000057220459,2.940000057220459,2.7300000190734863,2.890000104904175,106100,0.0,0.0
2023-10-13 00:00:00-04:00,2.859999895095825,2.890000104904175,2.75,2.8499999046325684,21200,0.0,0.0
2023-10-16 00:00:00-04:00,2.8399999141693115,2.950000047683716,2.7799999713897705,2.930000066757202,28000,0.0,0.0
2023-10-17 00:00:00-04:00,2.940000057220459,3.009999990463257,2.7899999618530273,3.009999990463257,35900,0.0,0.0
2023-10-18 00:00:00-04:00,3.0,3.0,2.890000104904175,2.890000104904175,20500,0.0,0.0
2023-10-19 00:00:00-04:00,2.9100000858306885,2.950000047683716,2.859999895095825,2.930000066757202,26900,0.0,0.0
2023-10-20 00:00:00-04:00,2.8499999046325684,2.8499999046325684,2.6700000762939453,2.7899999618530273,35300,0.0,0.0
2023-10-23 00:00:00-04:00,2.700000047683716,2.700000047683716,2.5799999237060547,2.5999999046325684,36200,0.0,0.0
2023-10-24 00:00:00-04:00,2.5899999141693115,2.6600000858306885,2.549999952316284,2.549999952316284,13800,0.0,0.0
2023-10-25 00:00:00-04:00,2.5799999237060547,2.5799999237060547,2.4000000953674316,2.4000000953674316,35700,0.0,0.0
2023-10-26 00:00:00-04:00,2.4000000953674316,2.4100000858306885,2.299999952316284,2.3299999237060547,67800,0.0,0.0
2023-10-27 00:00:00-04:00,2.4000000953674316,2.4200000762939453,2.2100000381469727,2.240000009536743,44600,0.0,0.0
2023-10-30 00:00:00-04:00,2.240000009536743,2.299999952316284,2.1500000953674316,2.299999952316284,82700,0.0,0.0
2023-10-31 00:00:00-04:00,2.309999942779541,2.369999885559082,2.309999942779541,2.3499999046325684,24200,0.0,0.0
2023-11-01 00:00:00-04:00,2.2799999713897705,2.3499999046325684,2.2699999809265137,2.319999933242798,10200,0.0,0.0
2023-11-02 00:00:00-04:00,2.309999942779541,2.450000047683716,2.309999942779541,2.440000057220459,32900,0.0,0.0
2023-11-03 00:00:00-04:00,2.450000047683716,2.450000047683716,2.369999885559082,2.369999885559082,45000,0.0,0.0
2023-11-06 00:00:00-05:00,2.4200000762939453,2.4200000762939453,2.2200000286102295,2.25,25900,0.0,0.0
2023-11-07 00:00:00-05:00,2.25,2.509999990463257,2.190000057220459,2.25,70200,0.0,0.0
2023-11-08 00:00:00-05:00,2.2799999713897705,2.2799999713897705,2.0999999046325684,2.1500000953674316,60400,0.0,0.0
2023-11-09 00:00:00-05:00,2.069999933242798,2.200000047683716,1.9800000190734863,2.0,83000,0.0,0.0
2023-11-10 00:00:00-05:00,1.9800000190734863,2.069999933242798,1.9700000286102295,2.0,82100,0.0,0.0
2023-11-13 00:00:00-05:00,2.0,2.0299999713897705,1.9800000190734863,2.0299999713897705,57600,0.0,0.0
2023-11-14 00:00:00-05:00,2.009999990463257,2.140000104904175,2.009999990463257,2.049999952316284,51100,0.0,0.0
2023-11-15 00:00:00-05:00,2.0899999141693115,2.190000057220459,2.069999933242798,2.069999933242798,65800,0.0,0.0
2023-11-16 00:00:00-05:00,2.059999942779541,2.1700000762939453,2.049999952316284,2.130000114440918,36700,0.0,0.0
2023-11-17 00:00:00-05:00,2.119999885559082,2.190000057220459,2.049999952316284,2.059999942779541,76700,0.0,0.0
2023-11-20 00:00:00-05:00,2.0899999141693115,2.180000066757202,2.069999933242798,2.1700000762939453,125100,0.0,0.0
2023-11-21 00:00:00-05:00,2.1700000762939453,2.1700000762939453,2.0899999141693115,2.119999885559082,147900,0.0,0.0
2023-11-22 00:00:00-05:00,2.0999999046325684,2.0999999046325684,2.0,2.0399999618530273,48800,0.0,0.0
2023-11-24 00:00:00-05:00,2.130000114440918,2.2100000381469727,2.0899999141693115,2.2100000381469727,46100,0.0,0.0
2023-11-27 00:00:00-05:00,2.1600000858306885,2.180000066757202,2.049999952316284,2.0999999046325684,168700,0.0,0.0
2023-11-28 00:00:00-05:00,2.0899999141693115,2.0999999046325684,2.0199999809265137,2.0299999713897705,177400,0.0,0.0
2023-11-29 00:00:00-05:00,2.0399999618530273,2.0799999237060547,2.009999990463257,2.009999990463257,108000,0.0,0.0
2023-11-30 00:00:00-05:00,2.0299999713897705,2.1500000953674316,1.9900000095367432,2.049999952316284,209500,0.0,0.0
2023-12-01 00:00:00-05:00,2.049999952316284,2.380000114440918,2.049999952316284,2.359999895095825,132700,0.0,0.0
2023-12-04 00:00:00-05:00,2.380000114440918,2.4200000762939453,2.2100000381469727,2.240000009536743,119500,0.0,0.0
2023-12-05 00:00:00-05:00,2.180000066757202,2.2300000190734863,2.0399999618530273,2.069999933242798,81300,0.0,0.0
2023-12-06 00:00:00-05:00,2.130000114440918,2.190000057220459,2.069999933242798,2.1600000858306885,68900,0.0,0.0
2023-12-07 00:00:00-05:00,2.200000047683716,2.2100000381469727,2.109999895095825,2.190000057220459,24700,0.0,0.0
2023-12-08 00:00:00-05:00,2.1600000858306885,2.2899999618530273,2.0999999046325684,2.2100000381469727,56700,0.0,0.0
2023-12-11 00:00:00-05:00,2.1600000858306885,2.25,2.0999999046325684,2.140000104904175,24300,0.0,0.0
2023-12-12 00:00:00-05:00,2.1500000953674316,2.1700000762939453,2.0799999237060547,2.109999895095825,40700,0.0,0.0
2023-12-13 00:00:00-05:00,2.1500000953674316,2.1500000953674316,2.0399999618530273,2.109999895095825,84400,0.0,0.0
2023-12-14 00:00:00-05:00,2.069999933242798,2.1700000762939453,1.9800000190734863,1.9900000095367432,235800,0.0,0.0
2023-12-15 00:00:00-05:00,1.9700000286102295,1.9900000095367432,1.899999976158142,1.9600000381469727,232200,0.0,0.0
2023-12-18 00:00:00-05:00,1.9199999570846558,2.0899999141693115,1.8600000143051147,2.0,176000,0.0,0.0
2023-12-19 00:00:00-05:00,1.9900000095367432,2.049999952316284,1.9800000190734863,1.9800000190734863,129100,0.0,0.0
2023-12-20 00:00:00-05:00,1.940000057220459,2.0799999237060547,1.940000057220459,1.9600000381469727,107800,0.0,0.0
2023-12-21 00:00:00-05:00,2.140000104904175,2.3399999141693115,1.9900000095367432,2.299999952316284,297200,0.0,0.0
2023-12-22 00:00:00-05:00,2.3299999237060547,2.4700000286102295,2.299999952316284,2.430000066757202,140900,0.0,0.0
2023-12-26 00:00:00-05:00,2.430000066757202,2.430000066757202,2.3299999237060547,2.4200000762939453,66100,0.0,0.0
2023-12-27 00:00:00-05:00,2.4200000762939453,2.450000047683716,2.25,2.2899999618530273,113500,0.0,0.0
2023-12-28 00:00:00-05:00,2.319999933242798,2.4100000858306885,2.240000009536743,2.3499999046325684,51400,0.0,0.0
2023-12-29 00:00:00-05:00,2.3499999046325684,2.430000066757202,2.2899999618530273,2.309999942779541,110300,0.0,0.0
2024-01-02 00:00:00-05:00,2.309999942779541,2.359999895095825,2.2300000190734863,2.259999990463257,67300,0.0,0.0
2024-01-03 00:00:00-05:00,2.200000047683716,2.380000114440918,2.1600000858306885,2.319999933242798,94300,0.0,0.0
2024-01-04 00:00:00-05:00,2.380000114440918,2.380000114440918,2.2899999618530273,2.3299999237060547,44200,0.0,0.0
2024-01-05 00:00:00-05:00,2.3399999141693115,2.3499999046325684,2.299999952316284,2.3399999141693115,47800,0.0,0.0
2024-01-08 00:00:00-05:00,2.299999952316284,2.4000000953674316,2.2300000190734863,2.369999885559082,114700,0.0,0.0
2024-01-09 00:00:00-05:00,2.3299999237060547,2.4700000286102295,2.2899999618530273,2.450000047683716,112500,0.0,0.0
2024-01-10 00:00:00-05:00,2.440000057220459,2.630000114440918,2.440000057220459,2.5899999141693115,97600,0.0,0.0
2024-01-11 00:00:00-05:00,2.619999885559082,2.619999885559082,2.380000114440918,2.4000000953674316,60900,0.0,0.0
2024-01-12 00:00:00-05:00,2.380000114440918,2.549999952316284,2.380000114440918,2.4100000858306885,96800,0.0,0.0
2024-01-16 00:00:00-05:00,2.4200000762939453,2.430000066757202,2.1700000762939453,2.190000057220459,132000,0.0,0.0
2024-01-17 00:00:00-05:00,2.200000047683716,2.200000047683716,2.059999942779541,2.109999895095825,86800,0.0,0.0
2024-01-18 00:00:00-05:00,2.140000104904175,2.140000104904175,2.0299999713897705,2.069999933242798,47700,0.0,0.0
2024-01-19 00:00:00-05:00,2.109999895095825,2.1700000762939453,2.069999933242798,2.119999885559082,39900,0.0,0.0
2024-01-22 00:00:00-05:00,2.109999895095825,2.2100000381469727,2.069999933242798,2.069999933242798,25100,0.0,0.0
2024-01-23 00:00:00-05:00,2.059999942779541,2.109999895095825,2.059999942779541,2.0899999141693115,37400,0.0,0.0
2024-01-24 00:00:00-05:00,2.0799999237060547,2.130000114440918,2.0799999237060547,2.119999885559082,22400,0.0,0.0
2024-01-25 00:00:00-05:00,2.130000114440918,2.140000104904175,2.059999942779541,2.0799999237060547,56200,0.0,0.0
2024-01-26 00:00:00-05:00,2.140000104904175,2.140000104904175,2.059999942779541,2.059999942779541,19600,0.0,0.0
2024-01-29 00:00:00-05:00,2.069999933242798,2.0899999141693115,2.0299999713897705,2.069999933242798,36600,0.0,0.0
2024-01-30 00:00:00-05:00,2.0899999141693115,2.0899999141693115,2.0399999618530273,2.059999942779541,16100,0.0,0.0
2024-01-31 00:00:00-05:00,2.0399999618530273,2.109999895095825,2.0,2.0,29400,0.0,0.0
2024-02-01 00:00:00-05:00,2.0,2.0799999237060547,1.9900000095367432,2.0,61900,0.0,0.0
2024-02-02 00:00:00-05:00,2.0,2.049999952316284,1.9600000381469727,1.9800000190734863,24500,0.0,0.0
2024-02-05 00:00:00-05:00,2.0199999809265137,2.0199999809265137,1.850000023841858,1.850000023841858,81500,0.0,0.0
2024-02-06 00:00:00-05:00,1.9199999570846558,1.9900000095367432,1.850000023841858,1.9199999570846558,43700,0.0,0.0
2024-02-07 00:00:00-05:00,1.909999966621399,1.9800000190734863,1.8600000143051147,1.8700000047683716,16800,0.0,0.0
2024-02-08 00:00:00-05:00,1.899999976158142,1.9199999570846558,1.8600000143051147,1.8600000143051147,25400,0.0,0.0
2024-02-09 00:00:00-05:00,1.850000023841858,1.899999976158142,1.7799999713897705,1.7899999618530273,210800,0.0,0.0
2024-02-12 00:00:00-05:00,1.7999999523162842,2.109999895095825,1.7999999523162842,2.0199999809265137,120200,0.0,0.0
2024-02-13 00:00:00-05:00,1.9900000095367432,2.049999952316284,1.840000033378601,1.9800000190734863,103600,0.0,0.0
2024-02-14 00:00:00-05:00,2.059999942779541,2.119999885559082,1.9199999570846558,1.940000057220459,102800,0.0,0.0
2024-02-15 00:00:00-05:00,1.9900000095367432,2.0199999809265137,1.9199999570846558,1.9500000476837158,30900,0.0,0.0
2024-02-16 00:00:00-05:00,1.9700000286102295,2.0799999237060547,1.9700000286102295,2.0299999713897705,50700,0.0,0.0
2024-02-20 00:00:00-05:00,1.940000057220459,2.069999933242798,1.940000057220459,1.9500000476837158,37300,0.0,0.0
2024-02-21 00:00:00-05:00,1.9900000095367432,2.059999942779541,1.899999976158142,1.9299999475479126,38000,0.0,0.0
2024-02-22 00:00:00-05:00,1.9199999570846558,1.9800000190734863,1.8600000143051147,1.9600000381469727,34300,0.0,0.0
2024-02-23 00:00:00-05:00,1.9199999570846558,2.0,1.8799999952316284,1.9800000190734863,25500,0.0,0.0
2024-02-26 00:00:00-05:00,1.9299999475479126,1.9800000190734863,1.899999976158142,1.9600000381469727,25800,0.0,0.0
2024-02-27 00:00:00-05:00,1.9299999475479126,1.9500000476837158,1.840000033378601,1.850000023841858,70600,0.0,0.0
2024-02-28 00:00:00-05:00,1.850000023841858,1.9900000095367432,1.7699999809265137,1.7999999523162842,66900,0.0,0.0
2024-02-29 00:00:00-05:00,1.8300000429153442,1.8799999952316284,1.7599999904632568,1.809999942779541,46300,0.0,0.0
2024-03-01 00:00:00-05:00,1.850000023841858,1.850000023841858,1.7699999809265137,1.7999999523162842,58800,0.0,0.0
2024-03-04 00:00:00-05:00,1.8200000524520874,1.8300000429153442,1.7599999904632568,1.7899999618530273,43400,0.0,0.0
2024-03-05 00:00:00-05:00,1.7999999523162842,1.9700000286102295,1.7999999523162842,1.8300000429153442,171200,0.0,0.0
2024-03-06 00:00:00-05:00,1.8300000429153442,1.8799999952316284,1.7799999713897705,1.7999999523162842,60500,0.0,0.0
2024-03-07 00:00:00-05:00,1.7999999523162842,1.8799999952316284,1.7799999713897705,1.8200000524520874,28300,0.0,0.0
2024-03-08 00:00:00-05:00,1.8200000524520874,1.8300000429153442,1.7000000476837158,1.7100000381469727,114000,0.0,0.0
2024-03-11 00:00:00-04:00,1.7400000095367432,1.7899999618530273,1.7100000381469727,1.7799999713897705,97400,0.0,0.0
2024-03-12 00:00:00-04:00,1.7599999904632568,1.8899999856948853,1.75,1.809999942779541,27300,0.0,0.0
2024-03-13 00:00:00-04:00,1.850000023841858,1.9199999570846558,1.809999942779541,1.909999966621399,34600,0.0,0.0
2024-03-14 00:00:00-04:00,1.9199999570846558,1.9199999570846558,1.7699999809265137,1.8200000524520874,60900,0.0,0.0
2024-03-15 00:00:00-04:00,1.8200000524520874,1.899999976158142,1.7799999713897705,1.7899999618530273,24100,0.0,0.0
2024-03-18 00:00:00-04:00,1.8300000429153442,1.840000033378601,1.7300000190734863,1.75,215300,0.0,0.0
2024-03-19 00:00:00-04:00,1.7899999618530273,1.809999942779541,1.649999976158142,1.690000057220459,128600,0.0,0.0
2024-03-20 00:00:00-04:00,1.6699999570846558,1.7799999713897705,1.6299999952316284,1.75,131200,0.0,0.0
2024-03-21 00:00:00-04:00,1.7400000095367432,1.7799999713897705,1.6200000047683716,1.659999966621399,108600,0.0,0.0
2024-03-22 00:00:00-04:00,1.5800000429153442,1.7400000095367432,1.5,1.5800000429153442,226300,0.0,0.0
2024-03-25 00:00:00-04:00,1.559999942779541,1.649999976158142,1.5,1.5399999618530273,84100,0.0,0.0
2024-03-26 00:00:00-04:00,1.600000023841858,1.600000023841858,1.5,1.5099999904632568,98700,0.0,0.0
2024-03-27 00:00:00-04:00,1.5199999809265137,1.5700000524520874,1.5,1.559999942779541,54400,0.0,0.0
2024-03-28 00:00:00-04:00,1.5700000524520874,1.7100000381469727,1.559999942779541,1.649999976158142,99700,0.0,0.0
2024-04-01 00:00:00-04:00,1.6699999570846558,1.690000057220459,1.6399999856948853,1.6699999570846558,28700,0.0,0.0
2024-04-02 00:00:00-04:00,1.6699999570846558,1.6699999570846558,1.5499999523162842,1.600000023841858,79700,0.0,0.0
2024-04-03 00:00:00-04:00,1.590000033378601,1.6100000143051147,1.5499999523162842,1.590000033378601,96900,0.0,0.0
2024-04-04 00:00:00-04:00,1.6799999475479126,1.690000057220459,1.5499999523162842,1.5499999523162842,76900,0.0,0.0
2024-04-05 00:00:00-04:00,1.5399999618530273,1.559999942779541,1.5,1.5399999618530273,45700,0.0,0.0
2024-04-08 00:00:00-04:00,1.559999942779541,1.5700000524520874,1.5099999904632568,1.5499999523162842,35800,0.0,0.0
2024-04-09 00:00:00-04:00,1.5499999523162842,1.659999966621399,1.5399999618530273,1.649999976158142,80900,0.0,0.0
2024-04-10 00:00:00-04:00,1.659999966621399,1.6699999570846558,1.5499999523162842,1.559999942779541,90200,0.0,0.0
2024-04-11 00:00:00-04:00,1.6399999856948853,1.6399999856948853,1.5199999809265137,1.559999942779541,56400,0.0,0.0
2024-04-12 00:00:00-04:00,1.559999942779541,1.5700000524520874,1.5099999904632568,1.5399999618530273,54900,0.0,0.0
2024-04-15 00:00:00-04:00,1.559999942779541,1.5800000429153442,1.399999976158142,1.4299999475479126,132500,0.0,0.0
2024-04-16 00:00:00-04:00,1.409999966621399,1.4600000381469727,1.3799999952316284,1.4299999475479126,48100,0.0,0.0
2024-04-17 00:00:00-04:00,1.440000057220459,1.4900000095367432,1.3799999952316284,1.440000057220459,54400,0.0,0.0
2024-04-18 00:00:00-04:00,1.4900000095367432,1.4900000095367432,1.3799999952316284,1.399999976158142,35000,0.0,0.0
2024-04-19 00:00:00-04:00,1.4199999570846558,1.4900000095367432,1.3899999856948853,1.4600000381469727,21800,0.0,0.0
2024-04-22 00:00:00-04:00,1.4600000381469727,1.4700000286102295,1.3899999856948853,1.4600000381469727,55700,0.0,0.0
2024-04-23 00:00:00-04:00,1.4500000476837158,1.5099999904632568,1.440000057220459,1.4900000095367432,73700,0.0,0.0
2024-04-24 00:00:00-04:00,1.4500000476837158,1.5399999618530273,1.4500000476837158,1.5299999713897705,21000,0.0,0.0
2024-04-25 00:00:00-04:00,1.5299999713897705,1.5399999618530273,1.4700000286102295,1.5,33400,0.0,0.0
2024-04-26 00:00:00-04:00,1.4800000190734863,1.6299999952316284,1.4800000190734863,1.600000023841858,60400,0.0,0.0
2024-04-29 00:00:00-04:00,1.6299999952316284,1.6699999570846558,1.5,1.559999942779541,127800,0.0,0.0
2024-04-30 00:00:00-04:00,1.5199999809265137,1.6399999856948853,1.5099999904632568,1.600000023841858,46000,0.0,0.0
2024-05-01 00:00:00-04:00,1.6100000143051147,1.649999976158142,1.5499999523162842,1.590000033378601,35700,0.0,0.0
2024-05-02 00:00:00-04:00,1.5499999523162842,1.6299999952316284,1.5099999904632568,1.6299999952316284,28800,0.0,0.0
2024-05-03 00:00:00-04:00,1.659999966621399,1.6799999475479126,1.600000023841858,1.6699999570846558,23300,0.0,0.0
2024-05-06 00:00:00-04:00,1.690000057220459,1.7400000095367432,1.6799999475479126,1.7300000190734863,53400,0.0,0.0
2024-05-07 00:00:00-04:00,1.7000000476837158,1.7699999809265137,1.6200000047683716,1.6699999570846558,30600,0.0,0.0
2024-05-08 00:00:00-04:00,1.6299999952316284,1.659999966621399,1.5399999618530273,1.559999942779541,35000,0.0,0.0
2024-05-09 00:00:00-04:00,1.659999966621399,1.6799999475479126,1.5499999523162842,1.649999976158142,44500,0.0,0.0
2024-05-10 00:00:00-04:00,1.6699999570846558,1.7000000476837158,1.5299999713897705,1.5800000429153442,44100,0.0,0.0
2024-05-13 00:00:00-04:00,1.600000023841858,1.600000023841858,1.5299999713897705,1.590000033378601,21500,0.0,0.0
2024-05-14 00:00:00-04:00,1.6299999952316284,1.690000057220459,1.5499999523162842,1.6299999952316284,50300,0.0,0.0
2024-05-15 00:00:00-04:00,1.6799999475479126,1.7200000286102295,1.600000023841858,1.6200000047683716,50100,0.0,0.0
2024-05-16 00:00:00-04:00,1.6100000143051147,1.6699999570846558,1.5700000524520874,1.6699999570846558,114700,0.0,0.0
2024-05-17 00:00:00-04:00,1.6799999475479126,1.6799999475479126,1.5499999523162842,1.6200000047683716,193200,0.0,0.0
2024-05-20 00:00:00-04:00,1.5700000524520874,1.9199999570846558,1.5700000524520874,1.7999999523162842,505100,0.0,0.0
2024-05-21 00:00:00-04:00,1.7999999523162842,1.8300000429153442,1.7300000190734863,1.809999942779541,98400,0.0,0.0
2024-05-22 00:00:00-04:00,1.809999942779541,1.8700000047683716,1.7699999809265137,1.850000023841858,115500,0.0,0.0
2024-05-23 00:00:00-04:00,1.899999976158142,1.9500000476837158,1.7699999809265137,1.940000057220459,177300,0.0,0.0
2024-05-24 00:00:00-04:00,1.9299999475479126,2.0999999046325684,1.9199999570846558,2.049999952316284,287200,0.0,0.0
2024-05-28 00:00:00-04:00,2.119999885559082,2.1700000762939453,1.8700000047683716,1.940000057220459,170800,0.0,0.0
2024-05-29 00:00:00-04:00,1.9500000476837158,2.049999952316284,1.909999966621399,2.0,82100,0.0,0.0
2024-05-30 00:00:00-04:00,1.9700000286102295,2.240000009536743,1.9700000286102295,2.2300000190734863,185900,0.0,0.0
2024-05-31 00:00:00-04:00,2.2200000286102295,2.299999952316284,2.0999999046325684,2.2100000381469727,174900,0.0,0.0
2024-06-03 00:00:00-04:00,2.2100000381469727,2.2200000286102295,2.0999999046325684,2.1600000858306885,107000,0.0,0.0
2024-06-04 00:00:00-04:00,2.190000057220459,2.190000057220459,2.0,2.059999942779541,96800,0.0,0.0
2024-06-05 00:00:00-04:00,2.0799999237060547,2.130000114440918,2.0,2.130000114440918,59000,0.0,0.0
2024-06-06 00:00:00-04:00,2.140000104904175,2.140000104904175,2.0199999809265137,2.0899999141693115,82400,0.0,0.0
2024-06-07 00:00:00-04:00,2.069999933242798,2.0799999237060547,1.9800000190734863,1.9900000095367432,70700,0.0,0.0
2024-06-10 00:00:00-04:00,1.9600000381469727,1.9700000286102295,1.899999976158142,1.899999976158142,48800,0.0,0.0
2024-06-11 00:00:00-04:00,1.8600000143051147,1.9199999570846558,1.8200000524520874,1.8899999856948853,51700,0.0,0.0
2024-06-12 00:00:00-04:00,1.9299999475479126,1.9900000095367432,1.8200000524520874,1.9600000381469727,101600,0.0,0.0
2024-06-13 00:00:00-04:00,1.9500000476837158,2.069999933242798,1.9500000476837158,1.9700000286102295,85100,0.0,0.0
2024-06-14 00:00:00-04:00,1.9800000190734863,1.9900000095367432,1.850000023841858,1.9299999475479126,86500,0.0,0.0
2024-06-17 00:00:00-04:00,1.8700000047683716,1.899999976158142,1.850000023841858,1.8700000047683716,54500,0.0,0.0
2024-06-18 00:00:00-04:00,1.809999942779541,1.9199999570846558,1.809999942779541,1.8200000524520874,67200,0.0,0.0
2024-06-20 00:00:00-04:00,1.8300000429153442,2.0899999141693115,1.8300000429153442,2.0399999618530273,177100,0.0,0.0
2024-06-21 00:00:00-04:00,2.0199999809265137,2.0299999713897705,1.9600000381469727,1.9600000381469727,17700,0.0,0.0
2024-06-24 00:00:00-04:00,1.7999999523162842,2.0,1.690000057220459,1.9500000476837158,49200,0.0,0.0
2024-06-25 00:00:00-04:00,1.9199999570846558,2.009999990463257,1.8899999856948853,1.909999966621399,77200,0.0,0.0
2024-06-26 00:00:00-04:00,1.940000057220459,1.940000057220459,1.840000033378601,1.8799999952316284,50000,0.0,0.0
2024-06-27 00:00:00-04:00,1.899999976158142,1.9299999475479126,1.8300000429153442,1.8899999856948853,37200,0.0,0.0
2024-06-28 00:00:00-04:00,1.8600000143051147,1.8899999856948853,1.850000023841858,1.850000023841858,18100,0.0,0.0
2024-07-01 00:00:00-04:00,1.8200000524520874,1.899999976158142,1.8200000524520874,1.8799999952316284,24900,0.0,0.0
2024-07-02 00:00:00-04:00,1.8300000429153442,1.8600000143051147,1.7999999523162842,1.8300000429153442,49500,0.0,0.0
2024-07-03 00:00:00-04:00,1.850000023841858,1.8899999856948853,1.8300000429153442,1.840000033378601,18900,0.0,0.0
2024-07-05 00:00:00-04:00,1.840000033378601,1.899999976158142,1.8300000429153442,1.850000023841858,25000,0.0,0.0
2024-07-08 00:00:00-04:00,1.850000023841858,1.850000023841858,1.7100000381469727,1.7799999713897705,50500,0.0,0.0
2024-07-09 00:00:00-04:00,1.7899999618530273,1.809999942779541,1.75,1.7899999618530273,48900,0.0,0.0
2024-07-10 00:00:00-04:00,1.75,1.809999942779541,1.7100000381469727,1.7799999713897705,87400,0.0,0.0
2024-07-11 00:00:00-04:00,1.7400000095367432,1.8300000429153442,1.7300000190734863,1.8200000524520874,74600,0.0,0.0
2024-07-12 00:00:00-04:00,1.7699999809265137,1.8200000524520874,1.7699999809265137,1.7899999618530273,30900,0.0,0.0
2024-07-15 00:00:00-04:00,1.7999999523162842,1.8799999952316284,1.7400000095367432,1.8700000047683716,145200,0.0,0.0
2024-07-16 00:00:00-04:00,1.8700000047683716,2.0199999809265137,1.8700000047683716,2.0199999809265137,417700,0.0,0.0
2024-07-17 00:00:00-04:00,2.0,2.0799999237060547,1.9500000476837158,2.0,143100,0.0,0.0
2024-07-18 00:00:00-04:00,1.9199999570846558,2.0199999809265137,1.9199999570846558,1.9600000381469727,133300,0.0,0.0
2024-07-19 00:00:00-04:00,1.940000057220459,2.0799999237060547,1.940000057220459,2.049999952316284,110100,0.0,0.0
2024-07-22 00:00:00-04:00,2.0799999237060547,2.130000114440918,2.0199999809265137,2.109999895095825,161400,0.0,0.0
2024-07-23 00:00:00-04:00,2.0799999237060547,2.119999885559082,2.0299999713897705,2.0299999713897705,43500,0.0,0.0
2024-07-24 00:00:00-04:00,2.0899999141693115,2.0899999141693115,1.9600000381469727,2.059999942779541,81400,0.0,0.0
2024-07-25 00:00:00-04:00,2.049999952316284,2.2799999713897705,2.049999952316284,2.119999885559082,401000,0.0,0.0
2024-07-26 00:00:00-04:00,2.1700000762939453,2.180000066757202,2.0399999618530273,2.1600000858306885,34000,0.0,0.0
2024-07-29 00:00:00-04:00,2.1700000762939453,2.180000066757202,2.0,2.0399999618530273,83500,0.0,0.0
2024-07-30 00:00:00-04:00,2.0399999618530273,2.0799999237060547,1.940000057220459,2.0299999713897705,177100,0.0,0.0
2024-07-31 00:00:00-04:00,2.0199999809265137,2.1500000953674316,2.0,2.0999999046325684,59300,0.0,0.0
2024-08-01 00:00:00-04:00,2.109999895095825,2.119999885559082,1.9299999475479126,1.9900000095367432,79300,0.0,0.0
2024-08-02 00:00:00-04:00,1.9700000286102295,1.9700000286102295,1.8200000524520874,1.899999976158142,129100,0.0,0.0
2024-08-05 00:00:00-04:00,1.8700000047683716,1.940000057220459,1.809999942779541,1.909999966621399,52900,0.0,0.0
2024-08-06 00:00:00-04:00,1.8799999952316284,1.909999966621399,1.75,1.809999942779541,111900,0.0,0.0
2024-08-07 00:00:00-04:00,1.809999942779541,1.9600000381469727,1.7999999523162842,1.840000033378601,89700,0.0,0.0
2024-08-08 00:00:00-04:00,1.909999966621399,1.9500000476837158,1.840000033378601,1.9500000476837158,71000,0.0,0.0
2024-08-09 00:00:00-04:00,1.909999966621399,1.9199999570846558,1.7699999809265137,1.7799999713897705,90700,0.0,0.0
2024-08-12 00:00:00-04:00,1.7899999618530273,1.809999942779541,1.7599999904632568,1.7799999713897705,69700,0.0,0.0
2024-08-13 00:00:00-04:00,1.7599999904632568,1.8700000047683716,1.7200000286102295,1.7200000286102295,357400,0.0,0.0
2024-08-14 00:00:00-04:00,1.7699999809265137,1.7699999809265137,1.559999942779541,1.600000023841858,314400,0.0,0.0
2024-08-15 00:00:00-04:00,1.6100000143051147,1.7400000095367432,1.6100000143051147,1.6799999475479126,137000,0.0,0.0
2024-08-16 00:00:00-04:00,1.659999966621399,1.7699999809265137,1.659999966621399,1.7699999809265137,39100,0.0,0.0
2024-08-19 00:00:00-04:00,1.7699999809265137,1.8799999952316284,1.7599999904632568,1.8300000429153442,109800,0.0,0.0
2024-08-20 00:00:00-04:00,1.8799999952316284,2.0,1.840000033378601,1.8600000143051147,111000,0.0,0.0
2024-08-21 00:00:00-04:00,1.850000023841858,1.9500000476837158,1.7999999523162842,1.9199999570846558,76900,0.0,0.0
2024-08-22 00:00:00-04:00,1.9500000476837158,1.9500000476837158,1.850000023841858,1.8700000047683716,56800,0.0,0.0
2024-08-23 00:00:00-04:00,1.899999976158142,2.0899999141693115,1.8700000047683716,2.069999933242798,223600,0.0,0.0
2024-08-26 00:00:00-04:00,2.0399999618530273,2.130000114440918,2.0399999618530273,2.069999933242798,125400,0.0,0.0
2024-08-27 00:00:00-04:00,1.9600000381469727,2.0399999618530273,1.9500000476837158,1.9900000095367432,61900,0.0,0.0
2024-08-28 00:00:00-04:00,1.9800000190734863,2.0899999141693115,1.9199999570846558,2.059999942779541,68300,0.0,0.0
2024-08-29 00:00:00-04:00,2.0399999618530273,2.049999952316284,1.9299999475479126,1.9700000286102295,54400,0.0,0.0
2024-08-30 00:00:00-04:00,1.9800000190734863,1.9900000095367432,1.9500000476837158,1.9700000286102295,34700,0.0,0.0
2024-09-03 00:00:00-04:00,1.9600000381469727,1.9700000286102295,1.8300000429153442,1.850000023841858,81100,0.0,0.0
2024-09-04 00:00:00-04:00,1.840000033378601,1.8799999952316284,1.75,1.7899999618530273,71300,0.0,0.0
2024-09-05 00:00:00-04:00,1.7599999904632568,1.7899999618530273,1.7000000476837158,1.75,114900,0.0,0.0
2024-09-06 00:00:00-04:00,1.7599999904632568,1.7899999618530273,1.6699999570846558,1.6799999475479126,83300,0.0,0.0
2024-09-09 00:00:00-04:00,1.7000000476837158,1.7200000286102295,1.659999966621399,1.6699999570846558,74500,0.0,0.0
2024-09-10 00:00:00-04:00,1.7000000476837158,1.7000000476837158,1.590000033378601,1.649999976158142,70500,0.0,0.0
2024-09-11 00:00:00-04:00,1.6799999475479126,1.7999999523162842,1.6399999856948853,1.7899999618530273,73800,0.0,0.0
2024-09-12 00:00:00-04:00,1.7699999809265137,1.8700000047683716,1.7699999809265137,1.8300000429153442,80600,0.0,0.0
2024-09-13 00:00:00-04:00,1.809999942779541,1.8600000143051147,1.7300000190734863,1.7599999904632568,43600,0.0,0.0
2024-09-16 00:00:00-04:00,1.809999942779541,1.809999942779541,1.7100000381469727,1.7200000286102295,88700,0.0,0.0
2024-09-17 00:00:00-04:00,1.7599999904632568,1.7799999713897705,1.690000057220459,1.690000057220459,68100,0.0,0.0
2024-09-18 00:00:00-04:00,1.6699999570846558,1.75,1.6699999570846558,1.6799999475479126,43100,0.0,0.0
2024-09-19 00:00:00-04:00,1.7000000476837158,1.7999999523162842,1.6399999856948853,1.6399999856948853,195200,0.0,0.0
2024-09-20 00:00:00-04:00,1.649999976158142,1.649999976158142,1.5800000429153442,1.6100000143051147,159300,0.0,0.0
2024-09-23 00:00:00-04:00,1.590000033378601,1.7000000476837158,1.5499999523162842,1.6699999570846558,99500,0.0,0.0
2024-09-24 00:00:00-04:00,1.7100000381469727,1.7200000286102295,1.649999976158142,1.690000057220459,62100,0.0,0.0
2024-09-25 00:00:00-04:00,1.6699999570846558,1.7599999904632568,1.6699999570846558,1.7300000190734863,114800,0.0,0.0
2024-09-26 00:00:00-04:00,1.7100000381469727,1.909999966621399,1.7100000381469727,1.8700000047683716,230600,0.0,0.0
2024-09-27 00:00:00-04:00,1.899999976158142,2.119999885559082,1.8600000143051147,1.8700000047683716,389500,0.0,0.0
2024-09-30 00:00:00-04:00,1.9800000190734863,2.0999999046325684,1.9299999475479126,2.0899999141693115,280000,0.0,0.0
2024-10-01 00:00:00-04:00,2.059999942779541,2.119999885559082,2.009999990463257,2.049999952316284,219000,0.0,0.0
2024-10-02 00:00:00-04:00,2.059999942779541,2.109999895095825,1.9900000095367432,2.0399999618530273,69400,0.0,0.0
2024-10-03 00:00:00-04:00,1.9800000190734863,2.0299999713897705,1.909999966621399,1.9600000381469727,84800,0.0,0.0
2024-10-04 00:00:00-04:00,1.9600000381469727,2.069999933242798,1.9500000476837158,2.0,78200,0.0,0.0
2024-10-07 00:00:00-04:00,2.0,2.0299999713897705,1.9700000286102295,1.9800000190734863,26700,0.0,0.0
2024-10-08 00:00:00-04:00,1.9500000476837158,1.9600000381469727,1.909999966621399,1.9299999475479126,40100,0.0,0.0
2024-10-09 00:00:00-04:00,1.9500000476837158,1.9500000476837158,1.8899999856948853,1.909999966621399,96300,0.0,0.0
2024-10-10 00:00:00-04:00,1.9299999475479126,1.9700000286102295,1.8799999952316284,1.9500000476837158,79400,0.0,0.0
2024-10-11 00:00:00-04:00,1.940000057220459,2.140000104904175,1.940000057220459,2.0899999141693115,234300,0.0,0.0
2024-10-14 00:00:00-04:00,2.0899999141693115,2.130000114440918,2.069999933242798,2.109999895095825,127500,0.0,0.0
2024-10-15 00:00:00-04:00,2.069999933242798,2.130000114440918,1.9800000190734863,2.059999942779541,85500,0.0,0.0
2024-10-16 00:00:00-04:00,2.049999952316284,2.0999999046325684,1.9600000381469727,1.9700000286102295,93600,0.0,0.0
2024-10-17 00:00:00-04:00,1.9800000190734863,2.0299999713897705,1.909999966621399,1.9600000381469727,129800,0.0,0.0
2024-10-18 00:00:00-04:00,1.9600000381469727,2.069999933242798,1.9199999570846558,2.009999990463257,111600,0.0,0.0
2024-10-21 00:00:00-04:00,2.0799999237060547,2.140000104904175,1.940000057220459,1.9800000190734863,233500,0.0,0.0
2024-10-22 00:00:00-04:00,2.0299999713897705,2.0299999713897705,1.850000023841858,1.899999976158142,152400,0.0,0.0
2024-10-23 00:00:00-04:00,1.899999976158142,1.899999976158142,1.7799999713897705,1.8899999856948853,97300,0.0,0.0
2024-10-24 00:00:00-04:00,1.8799999952316284,1.9600000381469727,1.8600000143051147,1.909999966621399,37400,0.0,0.0
2024-10-25 00:00:00-04:00,1.9299999475479126,2.069999933242798,1.9299999475479126,2.069999933242798,215500,0.0,0.0
2024-10-28 00:00:00-04:00,2.0999999046325684,2.450000047683716,2.0999999046325684,2.380000114440918,641500,0.0,0.0
2024-10-29 00:00:00-04:00,2.4000000953674316,2.700000047683716,2.319999933242798,2.6700000762939453,701100,0.0,0.0
2024-10-30 00:00:00-04:00,2.7200000286102295,2.8399999141693115,2.509999990463257,2.549999952316284,554600,0.0,0.0
2024-10-31 00:00:00-04:00,2.549999952316284,2.569999933242798,2.319999933242798,2.430000066757202,245100,0.0,0.0
2024-11-01 00:00:00-04:00,2.430000066757202,2.5,2.299999952316284,2.309999942779541,167400,0.0,0.0
2024-11-04 00:00:00-05:00,2.319999933242798,2.4000000953674316,2.200000047683716,2.2799999713897705,119000,0.0,0.0
2024-11-05 00:00:00-05:00,2.2899999618530273,2.5,2.2100000381469727,2.4600000381469727,158600,0.0,0.0
2024-11-06 00:00:00-05:00,2.5399999618530273,2.6600000858306885,2.4100000858306885,2.5799999237060547,234500,0.0,0.0
2024-11-07 00:00:00-05:00,2.619999885559082,2.619999885559082,2.390000104904175,2.4600000381469727,169900,0.0,0.0
2024-11-08 00:00:00-05:00,2.450000047683716,2.450000047683716,2.3499999046325684,2.390000104904175,92200,0.0,0.0
2024-11-11 00:00:00-05:00,2.369999885559082,2.4200000762939453,2.25,2.319999933242798,243600,0.0,0.0
2024-11-12 00:00:00-05:00,2.2100000381469727,2.2899999618530273,2.0399999618530273,2.0799999237060547,310800,0.0,0.0
2024-11-13 00:00:00-05:00,2.0999999046325684,2.180000066757202,2.0199999809265137,2.049999952316284,102700,0.0,0.0
2024-11-14 00:00:00-05:00,2.0199999809265137,2.069999933242798,1.9800000190734863,2.0299999713897705,158000,0.0,0.0
2024-11-15 00:00:00-05:00,2.0799999237060547,2.0799999237060547,1.9199999570846558,1.9500000476837158,123700,0.0,0.0
2024-11-18 00:00:00-05:00,1.9199999570846558,2.0399999618530273,1.8700000047683716,1.9500000476837158,172000,0.0,0.0
2024-11-19 00:00:00-05:00,1.9199999570846558,2.130000114440918,1.899999976158142,2.0399999618530273,101200,0.0,0.0
2024-11-20 00:00:00-05:00,2.0299999713897705,2.0399999618530273,1.9800000190734863,2.0,69700,0.0,0.0
2024-11-21 00:00:00-05:00,1.9800000190734863,2.059999942779541,1.9800000190734863,2.0399999618530273,87000,0.0,0.0
2024-11-22 00:00:00-05:00,2.009999990463257,2.059999942779541,2.0,2.0299999713897705,61600,0.0,0.0
2024-11-25 00:00:00-05:00,2.0299999713897705,2.109999895095825,2.0,2.069999933242798,117100,0.0,0.0
2024-11-26 00:00:00-05:00,2.069999933242798,2.190000057220459,2.049999952316284,2.1700000762939453,225500,0.0,0.0
2024-11-27 00:00:00-05:00,2.2100000381469727,2.25,2.069999933242798,2.0999999046325684,95600,0.0,0.0
2024-11-29 00:00:00-05:00,2.069999933242798,2.140000104904175,2.0399999618530273,2.0999999046325684,73200,0.0,0.0
2024-12-02 00:00:00-05:00,2.059999942779541,2.0799999237060547,1.9500000476837158,1.9700000286102295,96800,0.0,0.0
2024-12-03 00:00:00-05:00,2.0299999713897705,2.240000009536743,2.0,2.200000047683716,166800,0.0,0.0
2024-12-04 00:00:00-05:00,2.240000009536743,2.2799999713897705,2.0899999141693115,2.1600000858306885,201000,0.0,0.0
2024-12-05 00:00:00-05:00,2.1700000762939453,2.1700000762939453,2.0299999713897705,2.059999942779541,104800,0.0,0.0
2024-12-06 00:00:00-05:00,2.0799999237060547,2.1500000953674316,2.0399999618530273,2.130000114440918,162100,0.0,0.0
2024-12-09 00:00:00-05:00,2.130000114440918,2.25,2.059999942779541,2.059999942779541,161500,0.0,0.0
2024-12-10 00:00:00-05:00,2.059999942779541,2.0799999237060547,2.0,2.0199999809265137,84000,0.0,0.0
2024-12-11 00:00:00-05:00,2.0399999618530273,2.049999952316284,1.9900000095367432,2.0299999713897705,105000,0.0,0.0
2024-12-12 00:00:00-05:00,2.009999990463257,2.0299999713897705,1.9700000286102295,1.9800000190734863,71100,0.0,0.0
2024-12-13 00:00:00-05:00,1.9800000190734863,1.9800000190734863,1.9199999570846558,1.940000057220459,149800,0.0,0.0
2024-12-16 00:00:00-05:00,1.9199999570846558,1.9199999570846558,1.7999999523162842,1.809999942779541,461100,0.0,0.0
2024-12-17 00:00:00-05:00,1.809999942779541,1.809999942779541,1.75,1.7699999809265137,136300,0.0,0.0
2024-12-18 00:00:00-05:00,1.7799999713897705,1.840000033378601,1.649999976158142,1.649999976158142,155800,0.0,0.0
2024-12-19 00:00:00-05:00,1.7000000476837158,1.7300000190734863,1.649999976158142,1.6699999570846558,102200,0.0,0.0
2024-12-20 00:00:00-05:00,1.6799999475479126,1.7699999809265137,1.6399999856948853,1.7000000476837158,145100,0.0,0.0
2024-12-23 00:00:00-05:00,1.7400000095367432,1.7699999809265137,1.649999976158142,1.7200000286102295,174500,0.0,0.0
2024-12-24 00:00:00-05:00,1.7000000476837158,1.7599999904632568,1.690000057220459,1.7400000095367432,57400,0.0,0.0
2024-12-26 00:00:00-05:00,1.7200000286102295,1.7699999809265137,1.7200000286102295,1.75,80300,0.0,0.0
2024-12-27 00:00:00-05:00,1.7100000381469727,1.75,1.6699999570846558,1.690000057220459,100800,0.0,0.0
2024-12-30 00:00:00-05:00,1.659999966621399,1.7599999904632568,1.590000033378601,1.7300000190734863,176500,0.0,0.0
2024-12-31 00:00:00-05:00,1.7100000381469727,1.7699999809265137,1.6799999475479126,1.7200000286102295,68300,0.0,0.0
2025-01-02 00:00:00-05:00,1.7300000190734863,1.809999942779541,1.7200000286102295,1.7799999713897705,43200,0.0,0.0
2025-01-03 00:00:00-05:00,1.7799999713897705,1.840000033378601,1.7699999809265137,1.809999942779541,45400,0.0,0.0
2025-01-06 00:00:00-05:00,1.8600000143051147,1.8899999856948853,1.7999999523162842,1.7999999523162842,62300,0.0,0.0
2025-01-07 00:00:00-05:00,1.840000033378601,1.899999976158142,1.7899999618530273,1.8899999856948853,143200,0.0,0.0
2025-01-08 00:00:00-05:00,1.909999966621399,1.909999966621399,1.75,1.7999999523162842,124800,0.0,0.0
2025-01-10 00:00:00-05:00,1.7799999713897705,1.8200000524520874,1.7200000286102295,1.7699999809265137,103400,0.0,0.0
2025-01-13 00:00:00-05:00,1.7300000190734863,1.7599999904632568,1.6699999570846558,1.6799999475479126,48900,0.0,0.0
2025-01-14 00:00:00-05:00,1.7300000190734863,1.7300000190734863,1.6399999856948853,1.649999976158142,159300,0.0,0.0
2025-01-15 00:00:00-05:00,1.7000000476837158,1.7400000095367432,1.6799999475479126,1.7200000286102295,21700,0.0,0.0
2025-01-16 00:00:00-05:00,1.7400000095367432,1.7400000095367432,1.690000057220459,1.7200000286102295,28400,0.0,0.0
2025-01-17 00:00:00-05:00,1.7200000286102295,1.75,1.7000000476837158,1.7300000190734863,52600,0.0,0.0
2025-01-21 00:00:00-05:00,1.7599999904632568,1.7799999713897705,1.7200000286102295,1.7699999809265137,50500,0.0,0.0
2025-01-22 00:00:00-05:00,1.7699999809265137,1.7699999809265137,1.690000057220459,1.7200000286102295,39600,0.0,0.0
2025-01-23 00:00:00-05:00,1.7100000381469727,1.7699999809265137,1.690000057220459,1.75,36400,0.0,0.0
2025-01-24 00:00:00-05:00,1.7999999523162842,1.8200000524520874,1.7200000286102295,1.7899999618530273,71600,0.0,0.0
2025-01-27 00:00:00-05:00,1.75,1.7999999523162842,1.7300000190734863,1.7400000095367432,55700,0.0,0.0
2025-01-28 00:00:00-05:00,1.7599999904632568,1.7799999713897705,1.7000000476837158,1.7799999713897705,34900,0.0,0.0
2025-01-29 00:00:00-05:00,1.7400000095367432,1.7999999523162842,1.7300000190734863,1.7400000095367432,29900,0.0,0.0
2025-01-30 00:00:00-05:00,1.7699999809265137,1.9299999475479126,1.7300000190734863,1.75,53400,0.0,0.0
2025-01-31 00:00:00-05:00,1.7400000095367432,1.809999942779541,1.7100000381469727,1.75,40800,0.0,0.0
2025-02-03 00:00:00-05:00,1.7200000286102295,2.0399999618530273,1.7200000286102295,1.8899999856948853,844600,0.0,0.0
2025-02-04 00:00:00-05:00,2.009999990463257,2.2799999713897705,1.9600000381469727,2.140000104904175,1350300,0.0,0.0
2025-02-05 00:00:00-05:00,2.190000057220459,2.190000057220459,1.9900000095367432,2.049999952316284,242000,0.0,0.0
2025-02-06 00:00:00-05:00,2.0399999618530273,2.1600000858306885,1.9500000476837158,2.119999885559082,234700,0.0,0.0
2025-02-07 00:00:00-05:00,2.1500000953674316,2.2799999713897705,2.109999895095825,2.1500000953674316,263900,0.0,0.0
2025-02-10 00:00:00-05:00,2.200000047683716,2.25,2.0899999141693115,2.0899999141693115,130700,0.0,0.0
2025-02-11 00:00:00-05:00,2.0,2.059999942779541,1.9199999570846558,1.9600000381469727,168300,0.0,0.0
2025-02-12 00:00:00-05:00,1.9800000190734863,1.9800000190734863,1.8300000429153442,1.840000033378601,350800,0.0,0.0
2025-02-13 00:00:00-05:00,1.840000033378601,1.9199999570846558,1.809999942779541,1.8600000143051147,117500,0.0,0.0
2025-02-14 00:00:00-05:00,1.850000023841858,1.909999966621399,1.7999999523162842,1.809999942779541,196200,0.0,0.0
2025-02-18 00:00:00-05:00,1.7999999523162842,1.8600000143051147,1.7200000286102295,1.7400000095367432,186100,0.0,0.0
2025-02-19 00:00:00-05:00,1.75,1.909999966621399,1.75,1.8899999856948853,100100,0.0,0.0
2025-02-20 00:00:00-05:00,1.899999976158142,1.899999976158142,1.7899999618530273,1.8300000429153442,66700,0.0,0.0
2025-02-21 00:00:00-05:00,1.8200000524520874,1.8200000524520874,1.7200000286102295,1.7599999904632568,98200,0.0,0.0
2025-02-24 00:00:00-05:00,1.7599999904632568,1.7999999523162842,1.7300000190734863,1.7400000095367432,54800,0.0,0.0
2025-02-25 00:00:00-05:00,1.7400000095367432,1.7899999618530273,1.649999976158142,1.6699999570846558,101600,0.0,0.0
2025-02-26 00:00:00-05:00,1.6699999570846558,1.7599999904632568,1.6699999570846558,1.7200000286102295,64900,0.0,0.0
2025-02-27 00:00:00-05:00,1.7599999904632568,1.7699999809265137,1.6799999475479126,1.6799999475479126,53200,0.0,0.0
2025-02-28 00:00:00-05:00,1.6799999475479126,1.7599999904632568,1.649999976158142,1.7000000476837158,163800,0.0,0.0
2025-03-03 00:00:00-05:00,1.690000057220459,1.7300000190734863,1.690000057220459,1.7000000476837158,128700,0.0,0.0
2025-03-04 00:00:00-05:00,1.7000000476837158,1.7200000286102295,1.600000023841858,1.6399999856948853,198600,0.0,0.0
2025-03-05 00:00:00-05:00,1.659999966621399,1.7999999523162842,1.659999966621399,1.7999999523162842,85100,0.0,0.0
2025-03-06 00:00:00-05:00,1.7899999618530273,1.8799999952316284,1.7599999904632568,1.7899999618530273,74700,0.0,0.0
2025-03-07 00:00:00-05:00,1.7599999904632568,1.8200000524520874,1.7100000381469727,1.7599999904632568,69200,0.0,0.0
2025-03-10 00:00:00-04:00,1.7000000476837158,1.7599999904632568,1.6799999475479126,1.7000000476837158,46600,0.0,0.0
2025-03-11 00:00:00-04:00,1.690000057220459,1.7300000190734863,1.6699999570846558,1.7100000381469727,102300,0.0,0.0
2025-03-12 00:00:00-04:00,1.7200000286102295,1.7599999904632568,1.7100000381469727,1.7100000381469727,36400,0.0,0.0
2025-03-13 00:00:00-04:00,1.7599999904632568,1.7699999809265137,1.7100000381469727,1.75,57500,0.0,0.0
2025-03-14 00:00:00-04:00,1.7799999713897705,1.8700000047683716,1.7599999904632568,1.850000023841858,76100,0.0,0.0
2025-03-17 00:00:00-04:00,1.8600000143051147,1.9900000095367432,1.8600000143051147,1.9800000190734863,159900,0.0,0.0
2025-03-18 00:00:00-04:00,1.9900000095367432,1.9900000095367432,1.8799999952316284,1.899999976158142,84700,0.0,0.0
2025-03-19 00:00:00-04:00,1.899999976158142,1.9299999475479126,1.8899999856948853,1.9299999475479126,47200,0.0,0.0
2025-03-20 00:00:00-04:00,1.9500000476837158,1.9500000476837158,1.8300000429153442,1.8799999952316284,70100,0.0,0.0
2025-03-21 00:00:00-04:00,1.8899999856948853,1.8899999856948853,1.809999942779541,1.850000023841858,69500,0.0,0.0
2025-03-24 00:00:00-04:00,1.850000023841858,1.899999976158142,1.840000033378601,1.840000033378601,35300,0.0,0.0
2025-03-25 00:00:00-04:00,1.8200000524520874,1.8600000143051147,1.809999942779541,1.8200000524520874,45400,0.0,0.0
2025-03-26 00:00:00-04:00,1.809999942779541,1.8600000143051147,1.75,1.809999942779541,81600,0.0,0.0
2025-03-27 00:00:00-04:00,1.8200000524520874,1.8700000047683716,1.7699999809265137,1.7799999713897705,25600,0.0,0.0
2025-03-28 00:00:00-04:00,1.7899999618530273,1.7999999523162842,1.7000000476837158,1.7000000476837158,67100,0.0,0.0
2025-03-31 00:00:00-04:00,1.7000000476837158,1.7200000286102295,1.5199999809265137,1.6100000143051147,219600,0.0,0.0
2025-04-01 00:00:00-04:00,1.6100000143051147,1.6799999475479126,1.5700000524520874,1.6399999856948853,35900,0.0,0.0
2025-04-02 00:00:00-04:00,1.6100000143051147,1.6100000143051147,1.5800000429153442,1.600000023841858,49300,0.0,0.0
2025-04-03 00:00:00-04:00,1.5700000524520874,1.7000000476837158,1.5399999618530273,1.5800000429153442,293400,0.0,0.0
2025-04-04 00:00:00-04:00,1.5399999618530273,1.6399999856948853,1.3799999952316284,1.440000057220459,246700,0.0,0.0
2025-04-07 00:00:00-04:00,1.440000057220459,1.440000057220459,1.2999999523162842,1.2999999523162842,254900,0.0,0.0
2025-04-08 00:00:00-04:00,1.340000033378601,1.3799999952316284,1.1200000047683716,1.1799999475479126,205600,0.0,0.0
2025-04-09 00:00:00-04:00,1.25,1.4199999570846558,1.190000057220459,1.399999976158142,162300,0.0,0.0
2025-04-10 00:00:00-04:00,1.3899999856948853,1.440000057220459,1.2400000095367432,1.399999976158142,219600,0.0,0.0
2025-04-11 00:00:00-04:00,1.4500000476837158,1.559999942779541,1.3700000047683716,1.559999942779541,123600,0.0,0.0
2025-04-14 00:00:00-04:00,1.590000033378601,1.590000033378601,1.4800000190734863,1.5199999809265137,123900,0.0,0.0
2025-04-15 00:00:00-04:00,1.5199999809265137,1.5199999809265137,1.4700000286102295,1.5,22500,0.0,0.0
2025-04-16 00:00:00-04:00,1.440000057220459,1.600000023841858,1.440000057220459,1.4900000095367432,108100,0.0,0.0
2025-04-17 00:00:00-04:00,1.5199999809265137,1.6399999856948853,1.5199999809265137,1.6100000143051147,70400,0.0,0.0
2025-04-21 00:00:00-04:00,1.6100000143051147,1.649999976158142,1.5299999713897705,1.5399999618530273,52500,0.0,0.0
2025-04-22 00:00:00-04:00,1.5099999904632568,1.6100000143051147,1.5099999904632568,1.559999942779541,29200,0.0,0.0
2025-04-23 00:00:00-04:00,1.6200000047683716,1.690000057220459,1.559999942779541,1.6399999856948853,57600,0.0,0.0
2025-04-24 00:00:00-04:00,1.6299999952316284,1.690000057220459,1.5499999523162842,1.6299999952316284,91900,0.0,0.0
2025-04-25 00:00:00-04:00,1.600000023841858,1.6699999570846558,1.5800000429153442,1.6299999952316284,40800,0.0,0.0
2025-04-28 00:00:00-04:00,1.6200000047683716,1.649999976158142,1.5800000429153442,1.600000023841858,32800,0.0,0.0
2025-04-29 00:00:00-04:00,1.6299999952316284,1.649999976158142,1.5800000429153442,1.600000023841858,48200,0.0,0.0
2025-04-30 00:00:00-04:00,1.5199999809265137,1.5700000524520874,1.5,1.5499999523162842,24900,0.0,0.0
2025-05-01 00:00:00-04:00,1.5299999713897705,1.5399999618530273,1.4500000476837158,1.4900000095367432,39800,0.0,0.0
2025-05-02 00:00:00-04:00,1.4900000095367432,1.5099999904632568,1.4600000381469727,1.4600000381469727,59400,0.0,0.0
2025-05-05 00:00:00-04:00,1.4900000095367432,1.4900000095367432,1.3899999856948853,1.4199999570846558,39800,0.0,0.0
2025-05-06 00:00:00-04:00,1.4199999570846558,1.4299999475479126,1.3899999856948853,1.409999966621399,76900,0.0,0.0
2025-05-07 00:00:00-04:00,1.409999966621399,1.440000057220459,1.409999966621399,1.4199999570846558,41100,0.0,0.0
2025-05-08 00:00:00-04:00,1.4500000476837158,1.4800000190734863,1.4299999475479126,1.440000057220459,25700,0.0,0.0
2025-05-09 00:00:00-04:00,1.440000057220459,1.5099999904632568,1.440000057220459,1.4900000095367432,95600,0.0,0.0
2025-05-12 00:00:00-04:00,1.4800000190734863,1.559999942779541,1.4800000190734863,1.5,85200,0.0,0.0
2025-05-13 00:00:00-04:00,1.5399999618530273,1.5800000429153442,1.4900000095367432,1.5499999523162842,132600,0.0,0.0
2025-05-14 00:00:00-04:00,1.559999942779541,1.5700000524520874,1.5,1.5099999904632568,44300,0.0,0.0
2025-05-15 00:00:00-04:00,1.4600000381469727,1.4900000095367432,1.3899999856948853,1.3899999856948853,189600,0.0,0.0
2025-05-16 00:00:00-04:00,1.3200000524520874,1.3200000524520874,1.1799999475479126,1.2699999809265137,345500,0.0,0.0
2025-05-19 00:00:00-04:00,1.2799999713897705,1.3600000143051147,1.2400000095367432,1.2999999523162842,99100,0.0,0.0
2025-05-20 00:00:00-04:00,1.2799999713897705,1.340000033378601,1.25,1.3200000524520874,169100,0.0,0.0
2025-05-21 00:00:00-04:00,1.3700000047683716,1.3700000047683716,1.2599999904632568,1.2999999523162842,70300,0.0,0.0
2025-05-22 00:00:00-04:00,1.2699999809265137,1.340000033378601,1.2699999809265137,1.2799999713897705,23100,0.0,0.0
2025-05-23 00:00:00-04:00,1.2599999904632568,1.340000033378601,1.2599999904632568,1.340000033378601,97900,0.0,0.0
2025-05-27 00:00:00-04:00,1.3300000429153442,1.3700000047683716,1.2999999523162842,1.3300000429153442,90500,0.0,0.0
2025-05-28 00:00:00-04:00,1.3300000429153442,1.3300000429153442,1.2699999809265137,1.309999942779541,27400,0.0,0.0
2025-05-29 00:00:00-04:00,1.309999942779541,1.3600000143051147,1.309999942779541,1.3300000429153442,60100,0.0,0.0
2025-05-30 00:00:00-04:00,1.3300000429153442,1.3300000429153442,1.2799999713897705,1.2999999523162842,46900,0.0,0.0
2025-06-02 00:00:00-04:00,1.2799999713897705,1.309999942779541,1.2400000095367432,1.2699999809265137,199900,0.0,0.0
2025-06-03 00:00:00-04:00,1.2400000095367432,1.409999966621399,1.2400000095367432,1.399999976158142,506500,0.0,0.0
2025-06-04 00:00:00-04:00,1.399999976158142,1.4199999570846558,1.3600000143051147,1.3700000047683716,79800,0.0,0.0
2025-06-05 00:00:00-04:00,1.399999976158142,1.440000057220459,1.3799999952316284,1.3799999952316284,102400,0.0,0.0
2025-06-06 00:00:00-04:00,1.3899999856948853,1.440000057220459,1.3600000143051147,1.3600000143051147,96200,0.0,0.0
2025-06-09 00:00:00-04:00,1.3600000143051147,1.3799999952316284,1.2999999523162842,1.309999942779541,135300,0.0,0.0
2025-06-10 00:00:00-04:00,1.309999942779541,1.350000023841858,1.2999999523162842,1.309999942779541,90900,0.0,0.0
2025-06-11 00:00:00-04:00,1.3200000524520874,1.3899999856948853,1.2799999713897705,1.2899999618530273,126300,0.0,0.0
2025-06-12 00:00:00-04:00,1.2899999618530273,1.3799999952316284,1.2899999618530273,1.2999999523162842,37300,0.0,0.0
2025-06-13 00:00:00-04:00,1.2799999713897705,1.309999942779541,1.25,1.2699999809265137,72400,0.0,0.0
2025-06-16 00:00:00-04:00,1.2699999809265137,1.340000033378601,1.2699999809265137,1.309999942779541,79700,0.0,0.0
2025-06-17 00:00:00-04:00,1.2999999523162842,1.309999942779541,1.2799999713897705,1.2999999523162842,56000,0.0,0.0
2025-06-18 00:00:00-04:00,1.2799999713897705,1.2999999523162842,1.25,1.2699999809265137,67200,0.0,0.0
2025-06-20 00:00:00-04:00,1.2699999809265137,1.2899999618530273,1.2300000190734863,1.2300000190734863,110300,0.0,0.0
2025-06-23 00:00:00-04:00,1.2300000190734863,1.2400000095367432,1.2000000476837158,1.2100000381469727,233200,0.0,0.0
2025-06-24 00:00:00-04:00,1.2400000095367432,1.2699999809265137,1.1699999570846558,1.1799999475479126,174400,0.0,0.0
2025-06-25 00:00:00-04:00,1.1699999570846558,1.2000000476837158,1.159999966621399,1.2000000476837158,105300,0.0,0.0
2025-06-26 00:00:00-04:00,1.2100000381469727,1.2799999713897705,1.2000000476837158,1.25,149800,0.0,0.0
2025-06-27 00:00:00-04:00,1.25,1.2999999523162842,1.2000000476837158,1.2200000286102295,94500,0.0,0.0
2025-06-30 00:00:00-04:00,1.2300000190734863,1.340000033378601,1.2300000190734863,1.2899999618530273,177600,0.0,0.0
2025-07-01 00:00:00-04:00,1.2899999618530273,1.350000023841858,1.2400000095367432,1.340000033378601,58000,0.0,0.0
2025-07-02 00:00:00-04:00,1.2400000095367432,1.350000023841858,1.2400000095367432,1.3300000429153442,144500,0.0,0.0
2025-07-03 00:00:00-04:00,1.3300000429153442,1.3899999856948853,1.3300000429153442,1.3799999952316284,112900,0.0,0.0
2025-07-07 00:00:00-04:00,1.3799999952316284,1.4700000286102295,1.350000023841858,1.3700000047683716,70200,0.0,0.0
2025-07-08 00:00:00-04:00,1.3700000047683716,1.3799999952316284,1.3600000143051147,1.3700000047683716,46900,0.0,0.0
2025-07-09 00:00:00-04:00,1.3600000143051147,1.3700000047683716,1.309999942779541,1.3300000429153442,140400,0.0,0.0
2025-07-10 00:00:00-04:00,1.2899999618530273,1.3700000047683716,1.2599999904632568,1.350000023841858,134500,0.0,0.0
2025-07-11 00:00:00-04:00,1.3700000047683716,1.3799999952316284,1.309999942779541,1.3799999952316284,121500,0.0,0.0
2025-07-14 00:00:00-04:00,1.3899999856948853,1.3899999856948853,1.340000033378601,1.3600000143051147,82700,0.0,0.0
2025-07-15 00:00:00-04:00,1.3600000143051147,1.3899999856948853,1.340000033378601,1.3700000047683716,100200,0.0,0.0
2025-07-16 00:00:00-04:00,1.3799999952316284,1.3899999856948853,1.350000023841858,1.3799999952316284,98300,0.0,0.0
2025-07-17 00:00:00-04:00,1.3600000143051147,1.5499999523162842,1.3600000143051147,1.5399999618530273,445600,0.0,0.0
2025-07-18 00:00:00-04:00,1.5800000429153442,1.8600000143051147,1.5700000524520874,1.7799999713897705,629000,0.0,0.0
2025-07-21 00:00:00-04:00,1.7599999904632568,1.850000023841858,1.5800000429153442,1.590000033378601,652100,0.0,0.0
2025-07-22 00:00:00-04:00,1.6100000143051147,1.6699999570846558,1.5099999904632568,1.6699999570846558,226900,0.0,0.0
2025-07-23 00:00:00-04:00,1.6799999475479126,1.6799999475479126,1.5800000429153442,1.600000023841858,148000,0.0,0.0
2025-07-24 00:00:00-04:00,1.5800000429153442,1.6200000047683716,1.5399999618530273,1.600000023841858,119800,0.0,0.0
2025-07-25 00:00:00-04:00,1.6100000143051147,1.6100000143051147,1.5499999523162842,1.590000033378601,70800,0.0,0.0
2025-07-28 00:00:00-04:00,1.590000033378601,1.600000023841858,1.399999976158142,1.4700000286102295,612800,0.0,0.0
2025-07-29 00:00:00-04:00,1.5,1.5,1.409999966621399,1.4199999570846558,169400,0.0,0.0
2025-07-30 00:00:00-04:00,1.4800000190734863,1.5,1.3700000047683716,1.399999976158142,208500,0.0,0.0
2025-07-31 00:00:00-04:00,1.3799999952316284,1.3899999856948853,1.3200000524520874,1.350000023841858,171600,0.0,0.0
2025-08-01 00:00:00-04:00,1.340000033378601,1.3899999856948853,1.25,1.2799999713897705,215300,0.0,0.0
2025-08-04 00:00:00-04:00,1.2899999618530273,1.3600000143051147,1.2599999904632568,1.2699999809265137,66600,0.0,0.0
2025-08-05 00:00:00-04:00,1.2999999523162842,1.340000033378601,1.2599999904632568,1.3200000524520874,136000,0.0,0.0
2025-08-06 00:00:00-04:00,1.3300000429153442,1.350000023841858,1.2999999523162842,1.309999942779541,126000,0.0,0.0
2025-08-07 00:00:00-04:00,1.309999942779541,1.350000023841858,1.2899999618530273,1.3200000524520874,72500,0.0,0.0
2025-08-08 00:00:00-04:00,1.309999942779541,1.3700000047683716,1.2699999809265137,1.2799999713897705,124400,0.0,0.0
2025-08-11 00:00:00-04:00,1.2999999523162842,1.3600000143051147,1.2799999713897705,1.2899999618530273,190700,0.0,0.0
2025-08-12 00:00:00-04:00,1.3200000524520874,1.4199999570846558,1.2799999713897705,1.409999966621399,352600,0.0,0.0
2025-08-13 00:00:00-04:00,1.399999976158142,1.4299999475479126,1.3600000143051147,1.3799999952316284,106700,0.0,0.0
2025-08-14 00:00:00-04:00,1.3799999952316284,1.3899999856948853,1.3300000429153442,1.3600000143051147,105500,0.0,0.0
2025-08-15 00:00:00-04:00,1.3799999952316284,1.3899999856948853,1.3300000429153442,1.340000033378601,181100,0.0,0.0
2025-08-18 00:00:00-04:00,1.350000023841858,1.409999966621399,1.350000023841858,1.399999976158142,117000,0.0,0.0
2025-08-19 00:00:00-04:00,1.399999976158142,1.4199999570846558,1.350000023841858,1.3600000143051147,129500,0.0,0.0
2025-08-20 00:00:00-04:00,1.340000033378601,1.440000057220459,1.3200000524520874,1.399999976158142,177500,0.0,0.0
2025-08-21 00:00:00-04:00,1.409999966621399,1.440000057220459,1.3799999952316284,1.409999966621399,32100,0.0,0.0
2025-08-22 00:00:00-04:00,1.399999976158142,1.5199999809265137,1.3799999952316284,1.5099999904632568,172400,0.0,0.0
2025-08-25 00:00:00-04:00,1.5,1.559999942779541,1.4600000381469727,1.4900000095367432,230600,0.0,0.0
2025-08-26 00:00:00-04:00,1.5,1.5099999904632568,1.4600000381469727,1.5099999904632568,63400,0.0,0.0
2025-08-27 00:00:00-04:00,1.4600000381469727,1.5299999713897705,1.4600000381469727,1.5,119200,0.0,0.0
2025-08-28 00:00:00-04:00,1.5,1.559999942779541,1.5,1.559999942779541,99600,0.0,0.0
2025-08-29 00:00:00-04:00,1.5399999618530273,1.5399999618530273,1.5,1.5399999618530273,99100,0.0,0.0
2025-09-02 00:00:00-04:00,1.5,1.5199999809265137,1.4600000381469727,1.4800000190734863,100800,0.0,0.0
2025-09-03 00:00:00-04:00,1.5,1.5199999809265137,1.4299999475479126,1.4600000381469727,65300,0.0,0.0
2025-09-04 00:00:00-04:00,1.4500000476837158,1.5,1.409999966621399,1.4900000095367432,58800,0.0,0.0
2025-09-05 00:00:00-04:00,1.4900000095367432,1.5099999904632568,1.409999966621399,1.4900000095367432,178300,0.0,0.0
2025-09-08 00:00:00-04:00,1.5,1.5099999904632568,1.4199999570846558,1.4900000095367432,130000,0.0,0.0
2025-09-09 00:00:00-04:00,1.5099999904632568,1.5299999713897705,1.4700000286102295,1.5,140300,0.0,0.0
2025-09-10 00:00:00-04:00,1.5099999904632568,1.5399999618530273,1.4900000095367432,1.5399999618530273,73700,0.0,0.0
2025-09-11 00:00:00-04:00,1.5499999523162842,1.600000023841858,1.5,1.600000023841858,189500,0.0,0.0
2025-09-12 00:00:00-04:00,1.600000023841858,1.6200000047683716,1.5700000524520874,1.6200000047683716,228900,0.0,0.0
2025-09-15 00:00:00-04:00,1.6200000047683716,1.75,1.6200000047683716,1.7400000095367432,538500,0.0,0.0
2025-09-16 00:00:00-04:00,1.7599999904632568,1.7699999809265137,1.690000057220459,1.7400000095367432,248500,0.0,0.0
2025-09-17 00:00:00-04:00,1.7400000095367432,1.7799999713897705,1.7000000476837158,1.7100000381469727,126000,0.0,0.0
2025-09-18 00:00:00-04:00,1.7300000190734863,1.7999999523162842,1.6699999570846558,1.7699999809265137,224300,0.0,0.0
2025-09-19 00:00:00-04:00,1.7699999809265137,1.8200000524520874,1.7200000286102295,1.8200000524520874,439200,0.0,0.0
2025-09-22 00:00:00-04:00,1.8300000429153442,1.899999976158142,1.7599999904632568,1.899999976158142,368100,0.0,0.0
2025-09-23 00:00:00-04:00,1.8899999856948853,1.9700000286102295,1.8300000429153442,1.8700000047683716,392000,0.0,0.0
2025-09-24 00:00:00-04:00,1.8700000047683716,2.0,1.8300000429153442,1.8600000143051147,384700,0.0,0.0
2025-09-25 00:00:00-04:00,1.8600000143051147,1.9600000381469727,1.7699999809265137,1.909999966621399,590200,0.0,0.0
2025-09-26 00:00:00-04:00,1.8799999952316284,1.899999976158142,1.850000023841858,1.8899999856948853,201300,0.0,0.0
2025-09-29 00:00:00-04:00,1.8899999856948853,1.9500000476837158,1.5199999809265137,1.590000033378601,1109200,0.0,0.0
2025-09-30 00:00:00-04:00,1.5299999713897705,1.6100000143051147,1.4600000381469727,1.5,609600,0.0,0.0
2025-10-01 00:00:00-04:00,1.5399999618530273,1.6200000047683716,1.399999976158142,1.600000023841858,960800,0.0,0.0
2025-10-02 00:00:00-04:00,1.6200000047683716,1.649999976158142,1.5199999809265137,1.5700000524520874,277900,0.0,0.0
2025-10-03 00:00:00-04:00,1.559999942779541,1.6799999475479126,1.559999942779541,1.6200000047683716,881900,0.0,0.0
2025-10-06 00:00:00-04:00,1.6399999856948853,1.7699999809265137,1.6299999952316284,1.7300000190734863,478100,0.0,0.0
2025-10-07 00:00:00-04:00,1.7599999904632568,1.8200000524520874,1.6799999475479126,1.75,412200,0.0,0.0
2025-10-08 00:00:00-04:00,1.809999942779541,1.9700000286102295,1.7999999523162842,1.8799999952316284,580000,0.0,0.0
2025-10-09 00:00:00-04:00,1.9800000190734863,1.9800000190734863,1.75,1.850000023841858,458900,0.0,0.0
2025-10-10 00:00:00-04:00,1.8600000143051147,2.109999895095825,1.8200000524520874,2.0,3371300,0.0,0.0
2025-10-13 00:00:00-04:00,2.319999933242798,2.700000047683716,2.2799999713897705,2.4600000381469727,3767400,0.0,0.0
2025-10-14 00:00:00-04:00,2.450000047683716,2.640000104904175,2.3299999237060547,2.5199999809265137,2400700,0.0,0.0
2025-10-15 00:00:00-04:00,1.159999966621399,1.590000033378601,1.1299999952316284,1.440000057220459,29706600,0.0,0.0
2025-10-16 00:00:00-04:00,1.3899999856948853,1.559999942779541,1.2999999523162842,1.3200000524520874,4215300,0.0,0.0
2025-10-17 00:00:00-04:00,1.2799999713897705,1.3799999952316284,1.25,1.2899999618530273,3739800,0.0,0.0
2025-10-20 00:00:00-04:00,1.309999942779541,1.3799999952316284,1.2699999809265137,1.3300000429153442,1366500,0.0,0.0
2025-10-21 00:00:00-04:00,1.2899999618530273,1.2899999618530273,1.190000057220459,1.2000000476837158,2770200,0.0,0.0
2025-10-22 00:00:00-04:00,1.2100000381469727,1.2100000381469727,1.1200000047683716,1.149999976158142,2164900,0.0,0.0
2025-10-23 00:00:00-04:00,1.1699999570846558,1.190000057220459,1.100000023841858,1.1100000143051147,3308700,0.0,0.0
2025-10-24 00:00:00-04:00,1.1100000143051147,1.1699999570846558,1.100000023841858,1.149999976158142,1488000,0.0,0.0
2025-10-27 00:00:00-04:00,1.1699999570846558,1.1799999475479126,1.090000033378601,1.149999976158142,1447100,0.0,0.0
2025-10-28 00:00:00-04:00,1.159999966621399,1.1699999570846558,1.090000033378601,1.1200000047683716,1783000,0.0,0.0
2025-10-29 00:00:00-04:00,1.1200000047683716,1.1799999475479126,1.100000023841858,1.149999976158142,682200,0.0,0.0
2025-10-30 00:00:00-04:00,1.149999976158142,1.2300000190734863,1.149999976158142,1.190000057220459,1129100,0.0,0.0
2025-10-31 00:00:00-04:00,1.1799999475479126,1.2200000286102295,1.149999976158142,1.2000000476837158,529100,0.0,0.0
2025-11-03 00:00:00-05:00,1.25,1.25,1.1200000047683716,1.149999976158142,723000,0.0,0.0
2025-11-04 00:00:00-05:00,1.1200000047683716,1.190000057220459,1.100000023841858,1.1200000047683716,751800,0.0,0.0
2025-11-05 00:00:00-05:00,1.1100000143051147,1.190000057220459,1.1100000143051147,1.1799999475479126,257800,0.0,0.0
2025-11-06 00:00:00-05:00,1.1799999475479126,1.190000057220459,1.1100000143051147,1.1200000047683716,443500,0.0,0.0
2025-11-07 00:00:00-05:00,1.1100000143051147,1.1100000143051147,1.0399999618530273,1.090000033378601,862400,0.0,0.0
2025-11-10 00:00:00-05:00,1.1100000143051147,1.1699999570846558,1.1100000143051147,1.159999966621399,374300,0.0,0.0
2025-11-11 00:00:00-05:00,1.149999976158142,1.149999976158142,1.100000023841858,1.1399999856948853,176900,0.0,0.0
2025-11-12 00:00:00-05:00,1.1200000047683716,1.159999966621399,1.090000033378601,1.100000023841858,577400,0.0,0.0
2025-11-13 00:00:00-05:00,1.090000033378601,1.090000033378601,0.9599999785423279,0.9800000190734863,1259000,0.0,0.0
2025-11-14 00:00:00-05:00,0.9800000190734863,1.0199999809265137,0.9399999976158142,0.949999988079071,830200,0.0,0.0
2025-11-17 00:00:00-05:00,0.9599999785423279,0.9599999785423279,0.8899999856948853,0.9100000262260437,907100,0.0,0.0
2025-11-18 00:00:00-05:00,0.8899999856948853,1.0,0.8899999856948853,0.9599999785423279,310800,0.0,0.0
2025-11-19 00:00:00-05:00,0.9700000286102295,1.0299999713897705,0.9399999976158142,0.9399999976158142,329300,0.0,0.0
2025-11-20 00:00:00-05:00,0.9900000095367432,1.0199999809265137,0.8999999761581421,0.8999999761581421,391800,0.0,0.0
2025-11-21 00:00:00-05:00,0.8999999761581421,0.9300000071525574,0.8899999856948853,0.8899999856948853,671500,0.0,0.0
2025-11-24 00:00:00-05:00,0.9100000262260437,0.9300000071525574,0.8500000238418579,0.8899999856948853,757600,0.0,0.0
2025-11-25 00:00:00-05:00,0.8899999856948853,0.9599999785423279,0.8899999856948853,0.9100000262260437,298900,0.0,0.0
2025-11-26 00:00:00-05:00,0.9100000262260437,0.9599999785423279,0.8999999761581421,0.9200000166893005,480100,0.0,0.0
2025-11-28 00:00:00-05:00,0.9200000166893005,1.0199999809265137,0.9200000166893005,0.9900000095367432,231600,0.0,0.0
2025-12-01 00:00:00-05:00,0.9900000095367432,1.0299999713897705,0.9700000286102295,0.9800000190734863,296400,0.0,0.0
2025-12-02 00:00:00-05:00,1.0099999904632568,1.0499999523162842,0.9900000095367432,1.0199999809265137,398600,0.0,0.0
2025-12-03 00:00:00-05:00,1.0700000524520874,1.1100000143051147,1.0199999809265137,1.100000023841858,637400,0.0,0.0
2025-12-04 00:00:00-05:00,1.100000023841858,1.100000023841858,1.0199999809265137,1.0399999618530273,431900,0.0,0.0
2025-12-05 00:00:00-05:00,1.090000033378601,1.090000033378601,1.0099999904632568,1.0299999713897705,221600,0.0,0.0
2025-12-08 00:00:00-05:00,1.0700000524520874,1.0700000524520874,1.0099999904632568,1.0299999713897705,259700,0.0,0.0
2025-12-09 00:00:00-05:00,1.0299999713897705,1.059999942779541,1.0199999809265137,1.059999942779541,201100,0.0,0.0
2025-12-10 00:00:00-05:00,1.0499999523162842,1.090000033378601,1.0299999713897705,1.0499999523162842,216600,0.0,0.0
2025-12-11 00:00:00-05:00,1.0499999523162842,1.100000023841858,1.0499999523162842,1.0700000524520874,370700,0.0,0.0
2025-12-12 00:00:00-05:00,1.059999942779541,1.100000023841858,1.0,1.0,287500,0.0,0.0
2025-12-15 00:00:00-05:00,1.0399999618530273,1.0399999618530273,0.949999988079071,0.9599999785423279,416400,0.0,0.0
2025-12-16 00:00:00-05:00,0.9900000095367432,0.9900000095367432,0.9300000071525574,0.9399999976158142,254200,0.0,0.0
2025-12-17 00:00:00-05:00,0.949999988079071,0.9800000190734863,0.8999999761581421,0.8999999761581421,252800,0.0,0.0
2025-12-18 00:00:00-05:00,0.9300000071525574,0.9399999976158142,0.8799999952316284,0.9100000262260437,729000,0.0,0.0
2025-12-19 00:00:00-05:00,0.9300000071525574,0.9700000286102295,0.9200000166893005,0.9399999976158142,133300,0.0,0.0
2025-12-22 00:00:00-05:00,0.9300000071525574,1.0399999618530273,0.9300000071525574,0.9800000190734863,577000,0.0,0.0
2025-12-23 00:00:00-05:00,0.9900000095367432,1.0399999618530273,0.9599999785423279,1.0,366200,0.0,0.0
2025-12-24 00:00:00-05:00,1.0099999904632568,1.0199999809265137,0.9399999976158142,1.0099999904632568,174300,0.0,0.0
2025-12-26 00:00:00-05:00,1.0199999809265137,1.149999976158142,1.0099999904632568,1.0399999618530273,718600,0.0,0.0
2025-12-29 00:00:00-05:00,1.0,1.0399999618530273,0.949999988079071,0.9599999785423279,671000,0.0,0.0
2025-12-30 00:00:00-05:00,0.949999988079071,0.9800000190734863,0.9200000166893005,0.9200000166893005,326800,0.0,0.0
2025-12-31 00:00:00-05:00,0.8999999761581421,0.9599999785423279,0.8999999761581421,0.9399999976158142,529900,0.0,0.0
2026-01-02 00:00:00-05:00,0.9599999785423279,1.059999942779541,0.949999988079071,1.0499999523162842,210400,0.0,0.0
2026-01-05 00:00:00-05:00,1.0700000524520874,1.190000057220459,1.0499999523162842,1.1399999856948853,1665200,0.0,0.0
2026-01-06 00:00:00-05:00,1.1399999856948853,1.190000057220459,1.100000023841858,1.190000057220459,590000,0.0,0.0
2026-01-07 00:00:00-05:00,1.190000057220459,1.2400000095367432,1.1100000143051147,1.190000057220459,678100,0.0,0.0
2026-01-08 00:00:00-05:00,1.149999976158142,1.149999976158142,1.0499999523162842,1.090000033378601,805400,0.0,0.0
2026-01-09 00:00:00-05:00,1.090000033378601,1.190000057220459,1.090000033378601,1.190000057220459,622900,0.0,0.0
2026-01-12 00:00:00-05:00,1.2100000381469727,1.25,1.190000057220459,1.2100000381469727,961800,0.0,0.0
2026-01-13 00:00:00-05:00,1.2200000286102295,1.2699999809265137,1.1799999475479126,1.2300000190734863,616500,0.0,0.0
2026-01-14 00:00:00-05:00,1.2699999809265137,1.3700000047683716,1.2100000381469727,1.350000023841858,1173100,0.0,0.0
2026-01-15 00:00:00-05:00,1.3799999952316284,1.3799999952316284,1.2899999618530273,1.309999942779541,763000,0.0,0.0
2026-01-16 00:00:00-05:00,1.340000033378601,1.3600000143051147,1.2699999809265137,1.3300000429153442,886100,0.0,0.0
2026-01-20 00:00:00-05:00,1.3200000524520874,1.3600000143051147,1.2799999713897705,1.3200000524520874,800900,0.0,0.0
2026-01-21 00:00:00-05:00,1.340000033378601,1.4700000286102295,1.340000033378601,1.4500000476837158,1358200,0.0,0.0
2026-01-22 00:00:00-05:00,1.4600000381469727,1.4600000381469727,1.3799999952316284,1.3899999856948853,847500,0.0,0.0
2026-01-23 00:00:00-05:00,1.4199999570846558,1.4500000476837158,1.3799999952316284,1.4199999570846558,1043600,0.0,0.0
2026-01-26 00:00:00-05:00,1.5099999904632568,1.5099999904632568,1.3200000524520874,1.340000033378601,2079700,0.0,0.0
2026-01-27 00:00:00-05:00,1.340000033378601,1.3799999952316284,1.309999942779541,1.3300000429153442,1131600,0.0,0.0
2026-01-28 00:00:00-05:00,1.340000033378601,1.3600000143051147,1.2999999523162842,1.340000033378601,1174800,0.0,0.0
2026-01-29 00:00:00-05:00,1.3700000047683716,1.399999976158142,1.25,1.3200000524520874,1091700,0.0,0.0
2026-01-30 00:00:00-05:00,1.2699999809265137,1.3200000524520874,1.2100000381469727,1.25,948200,0.0,0.0
2026-02-02 00:00:00-05:00,1.2400000095367432,1.2899999618530273,1.2000000476837158,1.2100000381469727,822300,0.0,0.0
2026-02-03 00:00:00-05:00,1.2799999713897705,1.340000033378601,1.2200000286102295,1.2999999523162842,2079800,0.0,0.0
2026-02-04 00:00:00-05:00,1.3600000143051147,1.399999976158142,1.2599999904632568,1.3300000429153442,4142700,0.0,0.0
2026-02-05 00:00:00-05:00,1.3600000143051147,1.409999966621399,1.2200000286102295,1.2300000190734863,1444000,0.0,0.0
2026-02-06 00:00:00-05:00,1.2899999618530273,1.5,1.2899999618530273,1.4800000190734863,3501100,0.0,0.0
2026-02-09 00:00:00-05:00,1.5499999523162842,1.7000000476837158,1.4600000381469727,1.6699999570846558,4531200,0.0,0.0
2026-02-10 00:00:00-05:00,1.6799999475479126,1.7699999809265137,1.6699999570846558,1.6799999475479126,3085600,0.0,0.0
2026-02-11 00:00:00-05:00,1.7999999523162842,1.9299999475479126,1.7100000381469727,1.8700000047683716,6699700,0.0,0.0
2026-02-12 00:00:00-05:00,1.8300000429153442,1.8300000429153442,1.5,1.5299999713897705,4840000,0.0,0.0
2026-02-13 00:00:00-05:00,1.5499999523162842,1.590000033378601,1.4800000190734863,1.4800000190734863,2129100,0.0,0.0
