Date,Open,High,Low,Close,Volume,Dividends,Stock Splits
2022-01-03 00:00:00-05:00,14.550000190734863,14.720000267028809,14.444000244140625,14.539999961853027,76400,0.0,0.0
2022-01-04 00:00:00-05:00,14.300000190734863,14.510000228881836,14.1899995803833,14.1899995803833,70700,0.0,0.0
2022-01-05 00:00:00-05:00,14.119999885559082,14.289999961853027,14.050000190734863,14.170000076293945,54100,0.0,0.0
2022-01-06 00:00:00-05:00,14.109999656677246,14.300000190734863,14.0,14.0600004196167,49900,0.0,0.0
2022-01-07 00:00:00-05:00,14.029999732971191,14.390000343322754,13.946000099182129,14.0,33000,0.0,0.0
2022-01-10 00:00:00-05:00,13.734999656677246,13.989999771118164,13.25,13.289999961853027,62900,0.0,0.0
2022-01-11 00:00:00-05:00,13.289999961853027,13.73799991607666,13.15999984741211,13.670000076293945,71000,0.0,0.0
2022-01-12 00:00:00-05:00,13.640000343322754,13.649999618530273,13.210000038146973,13.229999542236328,192200,0.0,0.0
2022-01-13 00:00:00-05:00,13.25,13.869999885559082,13.25,13.449999809265137,60400,0.0,0.0
2022-01-14 00:00:00-05:00,13.449999809265137,13.65999984741211,13.199999809265137,13.529999732971191,47200,0.0,0.0
2022-01-18 00:00:00-05:00,13.430000305175781,13.4399995803833,12.609999656677246,12.770000457763672,105400,0.0,0.0
2022-01-19 00:00:00-05:00,12.789999961853027,12.9399995803833,12.34000015258789,12.40999984741211,80300,0.0,0.0
2022-01-20 00:00:00-05:00,12.40999984741211,12.90999984741211,12.319999694824219,12.369999885559082,67500,0.0,0.0
2022-01-21 00:00:00-05:00,12.260000228881836,12.609999656677246,12.175999641418457,12.25,63600,0.0,0.0
2022-01-24 00:00:00-05:00,12.149999618530273,12.399999618530273,11.779999732971191,12.329999923706055,98200,0.0,0.0
2022-01-25 00:00:00-05:00,12.170000076293945,12.569999694824219,11.739999771118164,12.390000343322754,69300,0.0,0.0
2022-01-26 00:00:00-05:00,12.479999542236328,12.789999961853027,11.96399974822998,12.300000190734863,83700,0.0,0.0
2022-01-27 00:00:00-05:00,12.390000343322754,12.539999961853027,12.100000381469727,12.359999656677246,253000,0.0,0.0
2022-01-28 00:00:00-05:00,12.319999694824219,12.9399995803833,12.22700023651123,12.670000076293945,57000,0.0,0.0
2022-01-31 00:00:00-05:00,12.550000190734863,12.899999618530273,12.470000267028809,12.819999694824219,80600,0.0,0.0
2022-02-01 00:00:00-05:00,12.789999961853027,13.09000015258789,12.539999961853027,13.039999961853027,101000,0.0,0.0
2022-02-02 00:00:00-05:00,13.0,13.149999618530273,12.569999694824219,12.609999656677246,61200,0.0,0.0
2022-02-03 00:00:00-05:00,12.510000228881836,12.66100025177002,12.34000015258789,12.34000015258789,59800,0.0,0.0
2022-02-04 00:00:00-05:00,12.260000228881836,12.630000114440918,12.175000190734863,12.270000457763672,78400,0.0,0.0
2022-02-07 00:00:00-05:00,12.25,12.3100004196167,12.100000381469727,12.25,136500,0.0,0.0
2022-02-08 00:00:00-05:00,12.319999694824219,12.71500015258789,12.279999732971191,12.579999923706055,83900,0.0,0.0
2022-02-09 00:00:00-05:00,12.595000267028809,12.640000343322754,12.380000114440918,12.510000228881836,44400,0.0,0.0
2022-02-10 00:00:00-05:00,12.279999732971191,12.553000450134277,12.104000091552734,12.1899995803833,79700,0.0,0.0
2022-02-11 00:00:00-05:00,12.109999656677246,12.579999923706055,11.9399995803833,12.0600004196167,70300,0.0,0.0
2022-02-14 00:00:00-05:00,12.079999923706055,12.119999885559082,11.729999542236328,11.890000343322754,51100,0.0,0.0
2022-02-15 00:00:00-05:00,11.970000267028809,12.260000228881836,11.90999984741211,12.1899995803833,64100,0.0,0.0
2022-02-16 00:00:00-05:00,12.15999984741211,12.170000076293945,11.949999809265137,12.079999923706055,40300,0.0,0.0
2022-02-17 00:00:00-05:00,12.0,12.149999618530273,11.710000038146973,11.899999618530273,82500,0.0,0.0
2022-02-18 00:00:00-05:00,11.850000381469727,12.050000190734863,11.850000381469727,11.899999618530273,44500,0.0,0.0
2022-02-22 00:00:00-05:00,11.819999694824219,12.045000076293945,11.520000457763672,11.649999618530273,101500,0.0,0.0
2022-02-23 00:00:00-05:00,11.859999656677246,12.289999961853027,11.510000228881836,11.529999732971191,33900,0.0,0.0
2022-02-24 00:00:00-05:00,11.430000305175781,11.90999984741211,11.289999961853027,11.90999984741211,62700,0.0,0.0
2022-02-25 00:00:00-05:00,11.90999984741211,12.199999809265137,11.819999694824219,11.949999809265137,62300,0.0,0.0
2022-02-28 00:00:00-05:00,11.899999618530273,12.069999694824219,11.729999542236328,11.850000381469727,64000,0.0,0.0
2022-03-01 00:00:00-05:00,11.859999656677246,12.0600004196167,11.710000038146973,11.850000381469727,80700,0.0,0.0
2022-03-02 00:00:00-05:00,11.880000114440918,12.09000015258789,11.819999694824219,11.9399995803833,44200,0.0,0.0
2022-03-03 00:00:00-05:00,12.029999732971191,12.178000450134277,11.850000381469727,11.949999809265137,28500,0.0,0.0
2022-03-04 00:00:00-05:00,11.899999618530273,12.045000076293945,11.725000381469727,11.989999771118164,38000,0.0,0.0
2022-03-07 00:00:00-05:00,11.970000267028809,12.079999923706055,11.8149995803833,11.869999885559082,55700,0.0,0.0
2022-03-08 00:00:00-05:00,11.819999694824219,11.892999649047852,11.670000076293945,11.819999694824219,55400,0.0,0.0
2022-03-09 00:00:00-05:00,11.869999885559082,12.130000114440918,11.800000190734863,11.989999771118164,61800,0.0,0.0
2022-03-10 00:00:00-05:00,11.9399995803833,11.989999771118164,11.649999618530273,11.859999656677246,49800,0.0,0.0
2022-03-11 00:00:00-05:00,11.84000015258789,11.899999618530273,11.609999656677246,11.6899995803833,34800,0.0,0.0
2022-03-14 00:00:00-04:00,11.739999771118164,11.739999771118164,11.270000457763672,11.510000228881836,177200,0.0,0.0
2022-03-15 00:00:00-04:00,11.619999885559082,11.699999809265137,11.437999725341797,11.59000015258789,35500,0.0,0.0
2022-03-16 00:00:00-04:00,11.699999809265137,12.130000114440918,11.649999618530273,11.960000038146973,80600,0.0,0.0
2022-03-17 00:00:00-04:00,11.84000015258789,12.130000114440918,11.84000015258789,12.069999694824219,59200,0.0,0.0
2022-03-18 00:00:00-04:00,12.069999694824219,12.130000114440918,11.885000228881836,12.119999885559082,174400,0.0,0.0
2022-03-21 00:00:00-04:00,12.119999885559082,12.119999885559082,11.914999961853027,12.050000190734863,44800,0.0,0.0
2022-03-22 00:00:00-04:00,12.069999694824219,12.109999656677246,11.925000190734863,12.0,72300,0.0,0.0
2022-03-23 00:00:00-04:00,11.869999885559082,12.020000457763672,11.819999694824219,11.84000015258789,58200,0.0,0.0
2022-03-24 00:00:00-04:00,11.800000190734863,12.1899995803833,11.770000457763672,12.180000305175781,97700,0.0,0.0
2022-03-25 00:00:00-04:00,12.0600004196167,12.220000267028809,11.9399995803833,12.0,93600,0.0,0.0
2022-03-28 00:00:00-04:00,12.020000457763672,12.239999771118164,11.960000038146973,12.220000267028809,124600,0.0,0.0
2022-03-29 00:00:00-04:00,12.300000190734863,12.40999984741211,12.020000457763672,12.100000381469727,126800,0.0,0.0
2022-03-30 00:00:00-04:00,12.050000190734863,12.09000015258789,11.960000038146973,12.029999732971191,111700,0.0,0.0
2022-03-31 00:00:00-04:00,12.039999961853027,12.1899995803833,11.960000038146973,12.020000457763672,438200,0.0,0.0
2022-04-01 00:00:00-04:00,12.029999732971191,12.130000114440918,11.920000076293945,12.079999923706055,153000,0.0,0.0
2022-04-04 00:00:00-04:00,12.140000343322754,12.289999961853027,11.899999618530273,12.039999961853027,84900,0.0,0.0
2022-04-05 00:00:00-04:00,12.069999694824219,12.123000144958496,11.8100004196167,11.8100004196167,73700,0.0,0.0
2022-04-06 00:00:00-04:00,11.760000228881836,11.829999923706055,11.567999839782715,11.640000343322754,74600,0.0,0.0
2022-04-07 00:00:00-04:00,11.59000015258789,11.78499984741211,11.550000190734863,11.75,77300,0.0,0.0
2022-04-08 00:00:00-04:00,11.729999542236328,12.130000114440918,11.708999633789062,12.020000457763672,161300,0.0,0.0
2022-04-11 00:00:00-04:00,12.020000457763672,12.180000305175781,11.539999961853027,11.609999656677246,135600,0.0,0.0
2022-04-12 00:00:00-04:00,11.699999809265137,11.869999885559082,11.289999961853027,11.319999694824219,114100,0.0,0.0
2022-04-13 00:00:00-04:00,11.289999961853027,11.640000343322754,11.079999923706055,11.40999984741211,168700,0.0,0.0
2022-04-14 00:00:00-04:00,11.430000305175781,11.9399995803833,11.380000114440918,11.609999656677246,108900,0.0,0.0
2022-04-18 00:00:00-04:00,11.699999809265137,11.90999984741211,11.630000114440918,11.779999732971191,100600,0.0,0.0
2022-04-19 00:00:00-04:00,11.760000228881836,12.140000343322754,11.739999771118164,12.020000457763672,87100,0.0,0.0
2022-04-20 00:00:00-04:00,12.130000114440918,12.270000457763672,12.09000015258789,12.119999885559082,53900,0.0,0.0
2022-04-21 00:00:00-04:00,12.149999618530273,12.149999618530273,11.850000381469727,11.960000038146973,128200,0.0,0.0
2022-04-22 00:00:00-04:00,11.880000114440918,12.050000190734863,11.880000114440918,11.960000038146973,139900,0.0,0.0
2022-04-25 00:00:00-04:00,11.899999618530273,11.899999618530273,11.220000267028809,11.350000381469727,124700,0.0,0.0
2022-04-26 00:00:00-04:00,11.300000190734863,11.350000381469727,10.920000076293945,10.920000076293945,105300,0.0,0.0
2022-04-27 00:00:00-04:00,10.899999618530273,11.0,10.675999641418457,10.720000267028809,87200,0.0,0.0
2022-04-28 00:00:00-04:00,10.800000190734863,10.895000457763672,10.510000228881836,10.760000228881836,64100,0.0,0.0
2022-04-29 00:00:00-04:00,10.619999885559082,10.899999618530273,10.399999618530273,10.449999809265137,101900,0.0,0.0
2022-05-02 00:00:00-04:00,10.460000038146973,10.579999923706055,10.359999656677246,10.460000038146973,78500,0.0,0.0
2022-05-03 00:00:00-04:00,10.470000267028809,10.579999923706055,10.3100004196167,10.430000305175781,66700,0.0,0.0
2022-05-04 00:00:00-04:00,10.4399995803833,10.75,10.25,10.720000267028809,74800,0.0,0.0
2022-05-05 00:00:00-04:00,10.619999885559082,10.630000114440918,10.100000381469727,10.5600004196167,126600,0.0,0.0
2022-05-06 00:00:00-04:00,10.510000228881836,10.510000228881836,10.149999618530273,10.229999542236328,115400,0.0,0.0
2022-05-09 00:00:00-04:00,10.069999694824219,10.180000305175781,9.890000343322754,10.0,159400,0.0,0.0
2022-05-10 00:00:00-04:00,10.079999923706055,10.220000267028809,9.899999618530273,10.010000228881836,141700,0.0,0.0
2022-05-11 00:00:00-04:00,10.010000228881836,10.154999732971191,9.800000190734863,9.8100004196167,90700,0.0,0.0
2022-05-12 00:00:00-04:00,9.75,9.949999809265137,9.680000305175781,9.859999656677246,123000,0.0,0.0
2022-05-13 00:00:00-04:00,9.869999885559082,10.130000114440918,9.850000381469727,10.010000228881836,84500,0.0,0.0
2022-05-16 00:00:00-04:00,9.9399995803833,10.130999565124512,9.9399995803833,10.050000190734863,86200,0.0,0.0
2022-05-17 00:00:00-04:00,10.180000305175781,10.28499984741211,10.149999618530273,10.210000038146973,73400,0.0,0.0
2022-05-18 00:00:00-04:00,10.199999809265137,10.199999809265137,9.960000038146973,10.0,70900,0.0,0.0
2022-05-19 00:00:00-04:00,9.989999771118164,10.180000305175781,9.989999771118164,10.069999694824219,76200,0.0,0.0
2022-05-20 00:00:00-04:00,10.180000305175781,10.25,9.96399974822998,10.220000267028809,62900,0.0,0.0
2022-05-23 00:00:00-04:00,10.329999923706055,10.430000305175781,10.199999809265137,10.3100004196167,54900,0.0,0.0
2022-05-24 00:00:00-04:00,10.289999961853027,10.489999771118164,10.140000343322754,10.420000076293945,83300,0.0,0.0
2022-05-25 00:00:00-04:00,10.430000305175781,10.670000076293945,10.359999656677246,10.550000190734863,65900,0.0,0.0
2022-05-26 00:00:00-04:00,10.630000114440918,10.960000038146973,10.630000114440918,10.84000015258789,70100,0.0,0.0
2022-05-27 00:00:00-04:00,10.899999618530273,11.229999542236328,10.789999961853027,11.0600004196167,81200,0.0,0.0
2022-05-31 00:00:00-04:00,11.0,11.319999694824219,10.979999542236328,11.300000190734863,96000,0.0,0.0
2022-06-01 00:00:00-04:00,11.369999885559082,11.479999542236328,11.069999694824219,11.34000015258789,116600,0.0,0.0
2022-06-02 00:00:00-04:00,11.279999732971191,11.5,11.121999740600586,11.399999618530273,90400,0.0,0.0
2022-06-03 00:00:00-04:00,11.420000076293945,11.420000076293945,11.15999984741211,11.300000190734863,76200,0.0,0.0
2022-06-06 00:00:00-04:00,11.430000305175781,11.729999542236328,11.300000190734863,11.520000457763672,98600,0.0,0.0
2022-06-07 00:00:00-04:00,11.4399995803833,11.4399995803833,11.0600004196167,11.279999732971191,59500,0.0,0.0
2022-06-08 00:00:00-04:00,11.25,11.260000228881836,10.970000267028809,11.020000457763672,58200,0.0,0.0
2022-06-09 00:00:00-04:00,11.0,11.199999809265137,10.994000434875488,11.069999694824219,53300,0.0,0.0
2022-06-10 00:00:00-04:00,10.989999771118164,11.010000228881836,10.819999694824219,10.859999656677246,33500,0.0,0.0
2022-06-13 00:00:00-04:00,10.640000343322754,10.649999618530273,9.800000190734863,9.850000381469727,101500,0.0,0.0
2022-06-14 00:00:00-04:00,9.819999694824219,9.819999694824219,9.460000038146973,9.720000267028809,97600,0.0,0.0
2022-06-15 00:00:00-04:00,9.789999961853027,10.140000343322754,9.75,9.989999771118164,107400,0.0,0.0
2022-06-16 00:00:00-04:00,9.850000381469727,10.095000267028809,9.699999809265137,10.020000457763672,241000,0.0,0.0
2022-06-17 00:00:00-04:00,10.029999732971191,10.286999702453613,9.869999885559082,9.90999984741211,169600,0.0,0.0
2022-06-21 00:00:00-04:00,9.9399995803833,10.210000038146973,9.9399995803833,10.109999656677246,101500,0.0,0.0
2022-06-22 00:00:00-04:00,10.020000457763672,10.289999961853027,9.984000205993652,10.180000305175781,91300,0.0,0.0
2022-06-23 00:00:00-04:00,10.149999618530273,10.289999961853027,10.149999618530273,10.279999732971191,87700,0.0,0.0
2022-06-24 00:00:00-04:00,10.359999656677246,10.470000267028809,10.149999618530273,10.199999809265137,208000,0.0,0.0
2022-06-27 00:00:00-04:00,10.279999732971191,10.366999626159668,10.229999542236328,10.319999694824219,60400,0.0,0.0
2022-06-28 00:00:00-04:00,10.40999984741211,10.430000305175781,10.229999542236328,10.359999656677246,73500,0.0,0.0
2022-06-29 00:00:00-04:00,10.399999618530273,10.649999618530273,10.305000305175781,10.479999542236328,73100,0.0,0.0
2022-06-30 00:00:00-04:00,10.460000038146973,10.579999923706055,10.260000228881836,10.539999961853027,41900,0.0,0.0
2022-07-01 00:00:00-04:00,10.579999923706055,10.710000038146973,10.4399995803833,10.579999923706055,85800,0.0,0.0
2022-07-05 00:00:00-04:00,10.550000190734863,10.550000190734863,10.199999809265137,10.529999732971191,101900,0.0,0.0
2022-07-06 00:00:00-04:00,10.510000228881836,10.739999771118164,10.387999534606934,10.470000267028809,51700,0.0,0.0
2022-07-07 00:00:00-04:00,10.5600004196167,10.710000038146973,10.5,10.59000015258789,42300,0.0,0.0
2022-07-08 00:00:00-04:00,10.510000228881836,10.699999809265137,10.489999771118164,10.649999618530273,38900,0.0,0.0
2022-07-11 00:00:00-04:00,10.649999618530273,10.649999618530273,10.359999656677246,10.359999656677246,31500,0.0,0.0
2022-07-12 00:00:00-04:00,10.289999961853027,10.380000114440918,10.194000244140625,10.239999771118164,58000,0.0,0.0
2022-07-13 00:00:00-04:00,10.180000305175781,10.380000114440918,10.119999885559082,10.350000381469727,51800,0.0,0.0
2022-07-14 00:00:00-04:00,10.350000381469727,10.380000114440918,10.109999656677246,10.25,52700,0.0,0.0
2022-07-15 00:00:00-04:00,10.359999656677246,10.380000114440918,10.1899995803833,10.350000381469727,50600,0.0,0.0
2022-07-18 00:00:00-04:00,10.430000305175781,10.4399995803833,10.180000305175781,10.239999771118164,40600,0.0,0.0
2022-07-19 00:00:00-04:00,10.350000381469727,10.6899995803833,10.350000381469727,10.630000114440918,55500,0.0,0.0
2022-07-20 00:00:00-04:00,10.670000076293945,10.84000015258789,10.609999656677246,10.789999961853027,44400,0.0,0.0
2022-07-21 00:00:00-04:00,10.789999961853027,10.789999961853027,10.579999923706055,10.699999809265137,37700,0.0,0.0
2022-07-22 00:00:00-04:00,10.710000038146973,10.760000228881836,10.5,10.539999961853027,36400,0.0,0.0
2022-07-25 00:00:00-04:00,10.510000228881836,10.579999923706055,10.34000015258789,10.390000343322754,33900,0.0,0.0
2022-07-26 00:00:00-04:00,10.3100004196167,10.390000343322754,10.260000228881836,10.3100004196167,33900,0.0,0.0
2022-07-27 00:00:00-04:00,10.399999618530273,10.399999618530273,10.149999618530273,10.300000190734863,37000,0.0,0.0
2022-07-28 00:00:00-04:00,10.289999961853027,10.630000114440918,10.289999961853027,10.59000015258789,30200,0.0,0.0
2022-07-29 00:00:00-04:00,10.539999961853027,10.710000038146973,10.5,10.5600004196167,47200,0.0,0.0
2022-08-01 00:00:00-04:00,10.470000267028809,10.720000267028809,10.380000114440918,10.640000343322754,34500,0.0,0.0
2022-08-02 00:00:00-04:00,10.630000114440918,10.729999542236328,10.5,10.550000190734863,12100,0.0,0.0
2022-08-03 00:00:00-04:00,10.529999732971191,10.8149995803833,10.524999618530273,10.729999542236328,38400,0.0,0.0
2022-08-04 00:00:00-04:00,10.770000457763672,10.890000343322754,10.640999794006348,10.800000190734863,29500,0.0,0.0
2022-08-05 00:00:00-04:00,10.647000312805176,10.744999885559082,10.579999923706055,10.59000015258789,25800,0.0,0.0
2022-08-08 00:00:00-04:00,10.609999656677246,10.704999923706055,10.470000267028809,10.649999618530273,40400,0.0,0.0
2022-08-09 00:00:00-04:00,10.670000076293945,10.670000076293945,10.524999618530273,10.579999923706055,29900,0.0,0.0
2022-08-10 00:00:00-04:00,10.739999771118164,10.75,10.555000305175781,10.710000038146973,40100,0.0,0.0
2022-08-11 00:00:00-04:00,10.75,10.9399995803833,10.689000129699707,10.850000381469727,25000,0.0,0.0
2022-08-12 00:00:00-04:00,10.829999923706055,11.25,10.829999923706055,11.229999542236328,42800,0.0,0.0
2022-08-15 00:00:00-04:00,11.220000267028809,11.479999542236328,10.869999885559082,11.40999984741211,49800,0.0,0.0
2022-08-16 00:00:00-04:00,11.289999961853027,11.479999542236328,11.289999961853027,11.420000076293945,29000,0.0,0.0
2022-08-17 00:00:00-04:00,11.300000190734863,11.430000305175781,11.300000190734863,11.420000076293945,27600,0.0,0.0
2022-08-18 00:00:00-04:00,11.470000267028809,11.5,11.319999694824219,11.489999771118164,31200,0.0,0.0
2022-08-19 00:00:00-04:00,11.420000076293945,11.4399995803833,11.210000038146973,11.399999618530273,27100,0.0,0.0
2022-08-22 00:00:00-04:00,11.34000015258789,11.34000015258789,11.210000038146973,11.229999542236328,32000,0.0,0.0
2022-08-23 00:00:00-04:00,11.270000457763672,11.289999961853027,11.010000228881836,11.010000228881836,31000,0.0,0.0
2022-08-24 00:00:00-04:00,10.949999809265137,11.100000381469727,10.859999656677246,11.100000381469727,41100,0.0,0.0
2022-08-25 00:00:00-04:00,11.119999885559082,11.175000190734863,11.0600004196167,11.140000343322754,26700,0.0,0.0
2022-08-26 00:00:00-04:00,11.210000038146973,11.210000038146973,10.600000381469727,10.680000305175781,56000,0.0,0.0
2022-08-29 00:00:00-04:00,10.550000190734863,10.71500015258789,10.539999961853027,10.640000343322754,23800,0.0,0.0
2022-08-30 00:00:00-04:00,10.609999656677246,10.616999626159668,10.510000228881836,10.539999961853027,24500,0.0,0.0
2022-08-31 00:00:00-04:00,10.619999885559082,10.710000038146973,10.319999694824219,10.319999694824219,25700,0.0,0.0
2022-09-01 00:00:00-04:00,10.319999694824219,10.319999694824219,9.920000076293945,9.9399995803833,65100,0.0,0.0
2022-09-02 00:00:00-04:00,10.199999809265137,10.199999809265137,9.640000343322754,9.670000076293945,52700,0.0,0.0
2022-09-06 00:00:00-04:00,9.630000114440918,9.630000114440918,9.390000343322754,9.479999542236328,90900,0.0,0.0
2022-09-07 00:00:00-04:00,9.449999809265137,10.055000305175781,9.449999809265137,9.850000381469727,59200,0.0,0.0
2022-09-08 00:00:00-04:00,9.899999618530273,9.899999618530273,9.579999923706055,9.65999984741211,33800,0.0,0.0
2022-09-09 00:00:00-04:00,9.670000076293945,9.789999961853027,9.600000381469727,9.760000228881836,24800,0.0,0.0
2022-09-12 00:00:00-04:00,9.779999732971191,9.8100004196167,9.710000038146973,9.8100004196167,10900,0.0,0.0
2022-09-13 00:00:00-04:00,9.640000343322754,9.899999618530273,9.640000343322754,9.710000038146973,39800,0.0,0.0
2022-09-14 00:00:00-04:00,9.770000457763672,10.09000015258789,9.770000457763672,9.960000038146973,63800,0.0,0.0
2022-09-15 00:00:00-04:00,10.039999961853027,10.039999961853027,9.75,9.84000015258789,19000,0.0,0.0
2022-09-16 00:00:00-04:00,9.800000190734863,10.4399995803833,9.59000015258789,9.600000381469727,244100,0.0,0.0
2022-09-19 00:00:00-04:00,9.600000381469727,9.859999656677246,9.520000457763672,9.569999694824219,23500,0.0,0.0
2022-09-20 00:00:00-04:00,9.5,9.5,8.9399995803833,9.0600004196167,49600,0.0,0.0
2022-09-21 00:00:00-04:00,9.069999694824219,9.199999809265137,8.819999694824219,8.850000381469727,66900,0.0,0.0
2022-09-22 00:00:00-04:00,9.0600004196167,9.0600004196167,8.600000381469727,8.869999885559082,88600,0.0,0.0
2022-09-23 00:00:00-04:00,8.859999656677246,8.920000076293945,8.600000381469727,8.869999885559082,93900,0.0,0.0
2022-09-26 00:00:00-04:00,8.770000457763672,9.005000114440918,8.770000457763672,8.84000015258789,46900,0.0,0.0
2022-09-27 00:00:00-04:00,8.850000381469727,8.949999809265137,8.760000228881836,8.850000381469727,81900,0.0,0.0
2022-09-28 00:00:00-04:00,8.869999885559082,9.079999923706055,8.699999809265137,9.039999961853027,86000,0.0,0.0
2022-09-29 00:00:00-04:00,8.979999542236328,8.979999542236328,8.630000114440918,8.649999618530273,33500,0.0,0.0
2022-09-30 00:00:00-04:00,8.609999656677246,8.699999809265137,8.34000015258789,8.350000381469727,49700,0.0,0.0
2022-10-03 00:00:00-04:00,8.359999656677246,8.380000114440918,8.079999923706055,8.229999542236328,75200,0.0,0.0
2022-10-04 00:00:00-04:00,8.319999694824219,8.430000305175781,8.050000190734863,8.239999771118164,114500,0.0,0.0
2022-10-05 00:00:00-04:00,8.199999809265137,8.234999656677246,8.029999732971191,8.170000076293945,83000,0.0,0.0
2022-10-06 00:00:00-04:00,8.1899995803833,8.1899995803833,7.960000038146973,8.039999961853027,58000,0.0,0.0
2022-10-07 00:00:00-04:00,7.989999771118164,8.010000228881836,7.809999942779541,7.960000038146973,84000,0.0,0.0
2022-10-10 00:00:00-04:00,8.010000228881836,8.305000305175781,7.914999961853027,8.260000228881836,60600,0.0,0.0
2022-10-11 00:00:00-04:00,8.289999961853027,8.34000015258789,7.869999885559082,7.949999809265137,72000,0.0,0.0
2022-10-12 00:00:00-04:00,7.960000038146973,8.100000381469727,7.7829999923706055,8.079999923706055,65900,0.0,0.0
2022-10-13 00:00:00-04:00,7.940000057220459,8.210000038146973,7.849999904632568,8.15999984741211,53900,0.0,0.0
2022-10-14 00:00:00-04:00,8.220000267028809,8.220000267028809,7.800000190734863,7.809999942779541,65400,0.0,0.0
2022-10-17 00:00:00-04:00,7.840000152587891,8.25,7.769999980926514,8.229999542236328,164900,0.0,0.0
2022-10-18 00:00:00-04:00,8.350000381469727,8.399999618530273,8.229999542236328,8.359999656677246,91000,0.0,0.0
2022-10-19 00:00:00-04:00,8.289999961853027,8.4399995803833,8.100000381469727,8.40999984741211,103400,0.0,0.0
2022-10-20 00:00:00-04:00,8.369999885559082,8.489999771118164,8.140000343322754,8.180000305175781,85200,0.0,0.0
2022-10-21 00:00:00-04:00,8.1899995803833,8.3100004196167,8.100000381469727,8.260000228881836,545400,0.0,0.0
2022-10-24 00:00:00-04:00,8.239999771118164,8.399999618530273,8.170000076293945,8.210000038146973,67600,0.0,0.0
2022-10-25 00:00:00-04:00,8.199999809265137,8.550000190734863,8.199999809265137,8.420000076293945,136800,0.0,0.0
2022-10-26 00:00:00-04:00,8.470000267028809,8.579999923706055,8.279999732971191,8.539999961853027,78600,0.0,0.0
2022-10-27 00:00:00-04:00,8.619999885559082,8.699999809265137,8.390000343322754,8.489999771118164,79200,0.0,0.0
2022-10-28 00:00:00-04:00,8.510000228881836,8.569999694824219,8.489999771118164,8.5,86200,0.0,0.0
2022-10-31 00:00:00-04:00,8.520000457763672,8.760000228881836,8.1850004196167,8.630000114440918,112300,0.0,0.0
2022-11-01 00:00:00-04:00,8.6899995803833,8.6899995803833,8.520000457763672,8.5600004196167,50000,0.0,0.0
2022-11-02 00:00:00-04:00,8.5,8.649999618530273,8.289999961853027,8.289999961853027,103700,0.0,0.0
2022-11-03 00:00:00-04:00,8.210000038146973,8.369999885559082,7.980000019073486,8.34000015258789,85000,0.0,0.0
2022-11-04 00:00:00-04:00,8.15999984741211,8.53499984741211,8.15999984741211,8.489999771118164,48900,0.0,0.0
2022-11-07 00:00:00-05:00,8.539999961853027,8.600000381469727,8.359999656677246,8.430000305175781,50000,0.0,0.0
2022-11-08 00:00:00-05:00,8.40999984741211,8.579999923706055,8.039999961853027,8.520000457763672,56800,0.0,0.0
2022-11-09 00:00:00-05:00,8.430000305175781,8.567999839782715,8.239999771118164,8.270000457763672,49600,0.0,0.0
2022-11-10 00:00:00-05:00,8.460000038146973,8.729999542236328,8.460000038146973,8.65999984741211,188400,0.0,0.0
2022-11-11 00:00:00-05:00,8.600000381469727,8.630000114440918,8.380000114440918,8.520000457763672,92100,0.0,0.0
2022-11-14 00:00:00-05:00,8.489999771118164,8.635000228881836,8.295000076293945,8.470000267028809,75000,0.0,0.0
2022-11-15 00:00:00-05:00,8.649999618530273,9.805000305175781,8.555000305175781,9.449999809265137,148000,0.0,0.0
2022-11-16 00:00:00-05:00,9.430000305175781,10.199999809265137,9.406999588012695,10.010000228881836,145800,0.0,0.0
2022-11-17 00:00:00-05:00,10.010000228881836,10.6899995803833,9.899999618530273,10.390000343322754,148100,0.0,0.0
2022-11-18 00:00:00-05:00,10.579999923706055,10.595000267028809,10.319999694824219,10.369999885559082,119800,0.0,0.0
2022-11-21 00:00:00-05:00,10.369999885559082,10.760000228881836,10.369999885559082,10.630000114440918,102900,0.0,0.0
2022-11-22 00:00:00-05:00,10.699999809265137,10.824999809265137,10.149999618530273,10.600000381469727,90300,0.0,0.0
2022-11-23 00:00:00-05:00,10.649999618530273,10.699999809265137,10.40999984741211,10.510000228881836,81900,0.0,0.0
2022-11-25 00:00:00-05:00,10.579999923706055,10.680000305175781,10.520000457763672,10.619999885559082,21300,0.0,0.0
2022-11-28 00:00:00-05:00,10.579999923706055,10.640000343322754,10.175000190734863,10.25,156000,0.0,0.0
2022-11-29 00:00:00-05:00,10.175000190734863,10.319999694824219,9.949999809265137,10.25,102100,0.0,0.0
2022-11-30 00:00:00-05:00,10.270000457763672,10.619999885559082,10.100000381469727,10.609999656677246,97900,0.0,0.0
2022-12-01 00:00:00-05:00,10.609999656677246,10.710000038146973,10.25,10.520000457763672,76500,0.0,0.0
2022-12-02 00:00:00-05:00,10.40999984741211,10.489999771118164,10.199999809265137,10.34000015258789,416500,0.0,0.0
2022-12-05 00:00:00-05:00,10.289999961853027,10.4399995803833,9.970000267028809,10.390000343322754,140500,0.0,0.0
2022-12-06 00:00:00-05:00,10.40999984741211,10.479999542236328,10.154999732971191,10.40999984741211,125100,0.0,0.0
2022-12-07 00:00:00-05:00,10.319999694824219,10.470000267028809,10.130999565124512,10.270000457763672,134800,0.0,0.0
2022-12-08 00:00:00-05:00,10.25,10.729999542236328,10.25,10.670000076293945,110400,0.0,0.0
2022-12-09 00:00:00-05:00,10.65999984741211,10.65999984741211,10.420000076293945,10.5,72700,0.0,0.0
2022-12-12 00:00:00-05:00,10.470000267028809,10.739999771118164,10.430000305175781,10.720000267028809,99800,0.0,0.0
2022-12-13 00:00:00-05:00,10.739999771118164,11.050000190734863,10.600000381469727,10.859999656677246,142000,0.0,0.0
2022-12-14 00:00:00-05:00,10.859999656677246,11.300000190734863,10.84000015258789,10.989999771118164,68600,0.0,0.0
2022-12-15 00:00:00-05:00,10.949999809265137,10.949999809265137,10.229999542236328,10.449999809265137,55700,0.0,0.0
2022-12-16 00:00:00-05:00,10.3100004196167,10.520000457763672,10.229999542236328,10.479999542236328,94700,0.0,0.0
2022-12-19 00:00:00-05:00,10.460000038146973,10.460000038146973,10.010000228881836,10.0600004196167,34800,0.0,0.0
2022-12-20 00:00:00-05:00,10.050000190734863,10.164999961853027,10.020000457763672,10.100000381469727,150800,0.0,0.0
2022-12-21 00:00:00-05:00,10.130000114440918,10.25,10.039999961853027,10.170000076293945,74500,0.0,0.0
2022-12-22 00:00:00-05:00,10.149999618530273,10.149999618530273,9.890000343322754,10.029999732971191,115300,0.0,0.0
2022-12-23 00:00:00-05:00,9.984999656677246,10.055000305175781,9.880000114440918,9.9399995803833,36900,0.0,0.0
2022-12-27 00:00:00-05:00,9.9399995803833,10.09000015258789,9.880000114440918,10.029999732971191,74500,0.0,0.0
2022-12-28 00:00:00-05:00,10.0600004196167,10.09000015258789,9.9350004196167,10.010000228881836,54200,0.0,0.0
2022-12-29 00:00:00-05:00,10.09000015258789,10.569999694824219,10.09000015258789,10.489999771118164,54900,0.0,0.0
2022-12-30 00:00:00-05:00,10.420000076293945,10.619999885559082,10.420000076293945,10.479999542236328,56000,0.0,0.0
2023-01-03 00:00:00-05:00,10.5600004196167,10.640000343322754,10.140000343322754,10.270000457763672,94400,0.0,0.0
2023-01-04 00:00:00-05:00,10.369999885559082,10.5,10.239999771118164,10.40999984741211,51400,0.0,0.0
2023-01-05 00:00:00-05:00,10.350000381469727,10.380000114440918,10.050000190734863,10.279999732971191,44300,0.0,0.0
2023-01-06 00:00:00-05:00,10.300000190734863,10.539999961853027,10.229999542236328,10.539999961853027,44900,0.0,0.0
2023-01-09 00:00:00-05:00,10.670000076293945,10.710000038146973,10.385000228881836,10.449999809265137,45000,0.0,0.0
2023-01-10 00:00:00-05:00,9.199999809265137,10.0649995803833,9.199999809265137,9.529999732971191,171900,0.0,0.0
2023-01-11 00:00:00-05:00,9.640000343322754,10.239999771118164,9.539999961853027,9.890000343322754,109900,0.0,0.0
2023-01-12 00:00:00-05:00,9.890000343322754,10.039999961853027,9.720000267028809,9.75,110800,0.0,0.0
2023-01-13 00:00:00-05:00,9.779999732971191,9.930000305175781,9.6899995803833,9.84000015258789,211800,0.0,0.0
2023-01-17 00:00:00-05:00,9.779999732971191,10.039999961853027,9.760000228881836,9.779999732971191,97500,0.0,0.0
2023-01-18 00:00:00-05:00,9.770000457763672,9.829999923706055,9.170000076293945,9.199999809265137,68500,0.0,0.0
2023-01-19 00:00:00-05:00,9.109999656677246,9.300000190734863,9.0,9.010000228881836,82100,0.0,0.0
2023-01-20 00:00:00-05:00,9.09000015258789,9.09000015258789,8.8100004196167,8.890000343322754,85200,0.0,0.0
2023-01-23 00:00:00-05:00,8.850000381469727,8.96500015258789,8.75,8.899999618530273,59700,0.0,0.0
2023-01-24 00:00:00-05:00,8.850000381469727,9.020000457763672,8.779999732971191,8.899999618530273,170500,0.0,0.0
2023-01-25 00:00:00-05:00,8.899999618530273,9.411999702453613,8.84000015258789,9.359999656677246,101400,0.0,0.0
2023-01-26 00:00:00-05:00,9.430000305175781,9.5,9.09000015258789,9.210000038146973,49400,0.0,0.0
2023-01-27 00:00:00-05:00,9.149999618530273,9.3100004196167,9.119999885559082,9.229999542236328,31600,0.0,0.0
2023-01-30 00:00:00-05:00,9.09000015258789,9.239999771118164,8.8100004196167,8.84000015258789,61400,0.0,0.0
2023-01-31 00:00:00-05:00,8.829999923706055,8.994999885559082,8.819999694824219,8.970000267028809,125300,0.0,0.0
2023-02-01 00:00:00-05:00,8.989999771118164,9.15999984741211,8.75,9.130000114440918,119400,0.0,0.0
2023-02-02 00:00:00-05:00,9.170000076293945,9.489999771118164,9.170000076293945,9.369999885559082,162000,0.0,0.0
2023-02-03 00:00:00-05:00,9.300000190734863,9.579999923706055,9.109999656677246,9.550000190734863,162700,0.0,0.0
2023-02-06 00:00:00-05:00,9.520000457763672,9.520000457763672,9.020000457763672,9.0600004196167,53600,0.0,0.0
2023-02-07 00:00:00-05:00,9.020000457763672,9.170000076293945,8.899999618530273,9.109999656677246,47600,0.0,0.0
2023-02-08 00:00:00-05:00,9.100000381469727,9.100000381469727,8.819999694824219,8.920000076293945,65000,0.0,0.0
2023-02-09 00:00:00-05:00,8.920000076293945,8.949999809265137,8.65999984741211,8.920000076293945,79000,0.0,0.0
2023-02-10 00:00:00-05:00,8.829999923706055,8.920000076293945,8.75,8.880000114440918,107600,0.0,0.0
2023-02-13 00:00:00-05:00,8.710000038146973,9.039999961853027,8.710000038146973,9.020000457763672,76000,0.0,0.0
2023-02-14 00:00:00-05:00,9.039999961853027,9.130000114440918,8.880000114440918,9.119999885559082,76800,0.0,0.0
2023-02-15 00:00:00-05:00,9.029999732971191,9.260000228881836,9.029999732971191,9.079999923706055,52900,0.0,0.0
2023-02-16 00:00:00-05:00,9.0,9.100000381469727,8.800000190734863,8.899999618530273,63000,0.0,0.0
2023-02-17 00:00:00-05:00,8.90999984741211,8.90999984741211,8.760000228881836,8.859999656677246,59200,0.0,0.0
2023-02-21 00:00:00-05:00,8.800000190734863,9.149999618530273,8.800000190734863,9.119999885559082,167400,0.0,0.0
2023-02-22 00:00:00-05:00,9.140000343322754,9.145000457763672,8.90999984741211,9.039999961853027,161700,0.0,0.0
2023-02-23 00:00:00-05:00,9.079999923706055,9.1850004196167,8.989999771118164,9.119999885559082,41500,0.0,0.0
2023-02-24 00:00:00-05:00,9.039999961853027,9.149999618530273,8.850000381469727,9.0600004196167,107300,0.0,0.0
2023-02-27 00:00:00-05:00,9.140000343322754,9.199999809265137,8.75,8.789999961853027,44900,0.0,0.0
2023-02-28 00:00:00-05:00,8.850000381469727,8.930000305175781,8.729999542236328,8.829999923706055,89100,0.0,0.0
2023-03-01 00:00:00-05:00,8.8100004196167,8.829999923706055,8.569999694824219,8.649999618530273,83100,0.0,0.0
2023-03-02 00:00:00-05:00,8.609999656677246,8.800000190734863,8.539999961853027,8.760000228881836,52500,0.0,0.0
2023-03-03 00:00:00-05:00,8.800000190734863,9.109999656677246,8.65999984741211,9.069999694824219,102000,0.0,0.0
2023-03-06 00:00:00-05:00,9.09000015258789,9.09000015258789,8.859999656677246,9.0,135000,0.0,0.0
2023-03-07 00:00:00-05:00,9.0,9.154999732971191,8.899999618530273,9.09000015258789,71900,0.0,0.0
2023-03-08 00:00:00-05:00,9.09000015258789,9.130000114440918,8.975000381469727,9.109999656677246,56200,0.0,0.0
2023-03-09 00:00:00-05:00,9.010000228881836,9.15999984741211,9.010000228881836,9.020000457763672,38100,0.0,0.0
2023-03-10 00:00:00-05:00,9.010000228881836,9.130000114440918,8.779999732971191,8.850000381469727,166000,0.0,0.0
2023-03-13 00:00:00-04:00,8.739999771118164,9.029999732971191,8.6850004196167,9.010000228881836,93900,0.0,0.0
2023-03-14 00:00:00-04:00,9.010000228881836,9.199999809265137,8.979999542236328,9.15999984741211,62100,0.0,0.0
2023-03-15 00:00:00-04:00,9.050000190734863,9.210000038146973,8.869999885559082,8.989999771118164,219000,0.0,0.0
2023-03-16 00:00:00-04:00,8.90999984741211,9.180000305175781,8.800000190734863,8.949999809265137,263300,0.0,0.0
2023-03-17 00:00:00-04:00,8.880000114440918,8.9399995803833,8.470000267028809,8.65999984741211,285400,0.0,0.0
2023-03-20 00:00:00-04:00,8.65999984741211,9.010000228881836,8.59000015258789,8.819999694824219,285600,0.0,0.0
2023-03-21 00:00:00-04:00,8.899999618530273,9.229999542236328,8.760000228881836,9.100000381469727,240600,0.0,0.0
2023-03-22 00:00:00-04:00,9.140000343322754,9.21500015258789,8.9399995803833,9.0600004196167,75700,0.0,0.0
2023-03-23 00:00:00-04:00,9.09000015258789,9.25,9.0600004196167,9.109999656677246,52900,0.0,0.0
2023-03-24 00:00:00-04:00,9.050000190734863,9.239999771118164,8.930000305175781,9.210000038146973,55900,0.0,0.0
2023-03-27 00:00:00-04:00,9.220000267028809,9.390000343322754,9.220000267028809,9.300000190734863,52100,0.0,0.0
2023-03-28 00:00:00-04:00,9.300000190734863,9.4399995803833,9.199999809265137,9.220000267028809,43600,0.0,0.0
2023-03-29 00:00:00-04:00,9.279999732971191,9.420000076293945,9.239999771118164,9.319999694824219,44200,0.0,0.0
2023-03-30 00:00:00-04:00,9.350000381469727,9.359999656677246,9.15999984741211,9.34000015258789,64500,0.0,0.0
2023-03-31 00:00:00-04:00,9.380000114440918,9.460000038146973,9.369999885559082,9.449999809265137,58900,0.0,0.0
2023-04-03 00:00:00-04:00,9.369999885559082,9.369999885559082,9.050000190734863,9.270000457763672,160600,0.0,0.0
2023-04-04 00:00:00-04:00,9.319999694824219,9.319999694824219,9.09000015258789,9.279999732971191,34400,0.0,0.0
2023-04-05 00:00:00-04:00,9.229999542236328,9.329999923706055,9.199999809265137,9.220000267028809,37500,0.0,0.0
2023-04-06 00:00:00-04:00,9.25,9.369999885559082,9.1899995803833,9.3100004196167,27400,0.0,0.0
2023-04-10 00:00:00-04:00,9.289999961853027,9.40999984741211,9.210000038146973,9.399999618530273,44100,0.0,0.0
2023-04-11 00:00:00-04:00,9.390000343322754,9.479999542236328,9.34000015258789,9.430000305175781,94500,0.0,0.0
2023-04-12 00:00:00-04:00,9.449999809265137,9.470000267028809,9.229999542236328,9.260000228881836,25000,0.0,0.0
2023-04-13 00:00:00-04:00,9.300000190734863,9.600000381469727,9.300000190734863,9.539999961853027,43900,0.0,0.0
2023-04-14 00:00:00-04:00,9.550000190734863,9.680000305175781,9.475000381469727,9.609999656677246,79800,0.0,0.0
2023-04-17 00:00:00-04:00,9.5600004196167,9.614999771118164,9.399999618530273,9.5600004196167,58200,0.0,0.0
2023-04-18 00:00:00-04:00,9.550000190734863,9.75,9.449999809265137,9.640000343322754,110300,0.0,0.0
2023-04-19 00:00:00-04:00,9.579999923706055,9.635000228881836,9.430000305175781,9.489999771118164,120600,0.0,0.0
2023-04-20 00:00:00-04:00,9.4399995803833,9.640000343322754,9.380000114440918,9.579999923706055,35800,0.0,0.0
2023-04-21 00:00:00-04:00,9.539999961853027,9.8100004196167,9.350000381469727,9.779999732971191,109400,0.0,0.0
2023-04-24 00:00:00-04:00,9.800000190734863,9.800000190734863,9.600000381469727,9.720000267028809,25800,0.0,0.0
2023-04-25 00:00:00-04:00,9.5600004196167,9.819999694824219,9.5600004196167,9.680000305175781,25700,0.0,0.0
2023-04-26 00:00:00-04:00,9.649999618530273,9.699999809265137,9.380000114440918,9.539999961853027,88700,0.0,0.0
2023-04-27 00:00:00-04:00,9.529999732971191,9.800000190734863,9.494999885559082,9.699999809265137,30500,0.0,0.0
2023-04-28 00:00:00-04:00,9.65999984741211,10.0600004196167,9.65999984741211,9.869999885559082,70900,0.0,0.0
2023-05-01 00:00:00-04:00,9.859999656677246,9.859999656677246,9.395000457763672,9.710000038146973,119900,0.0,0.0
2023-05-02 00:00:00-04:00,9.680000305175781,9.6899995803833,9.479999542236328,9.600000381469727,95300,0.0,0.0
2023-05-03 00:00:00-04:00,9.579999923706055,9.770000457763672,9.446999549865723,9.630000114440918,73500,0.0,0.0
2023-05-04 00:00:00-04:00,9.579999923706055,9.664999961853027,9.550000190734863,9.619999885559082,49600,0.0,0.0
2023-05-05 00:00:00-04:00,9.680000305175781,9.800000190734863,9.359999656677246,9.40999984741211,32200,0.0,0.0
2023-05-08 00:00:00-04:00,9.40999984741211,9.664999961853027,9.100000381469727,9.180000305175781,40800,0.0,0.0
2023-05-09 00:00:00-04:00,9.149999618530273,9.699999809265137,9.149999618530273,9.6899995803833,123900,0.0,0.0
2023-05-10 00:00:00-04:00,9.770000457763672,9.888999938964844,9.529999732971191,9.84000015258789,107200,0.0,0.0
2023-05-11 00:00:00-04:00,9.8100004196167,9.8100004196167,9.359999656677246,9.579999923706055,62000,0.0,0.0
2023-05-12 00:00:00-04:00,9.550000190734863,9.770000457763672,9.550000190734863,9.699999809265137,29600,0.0,0.0
2023-05-15 00:00:00-04:00,9.59000015258789,9.949999809265137,9.524999618530273,9.890000343322754,112700,0.0,0.0
2023-05-16 00:00:00-04:00,9.869999885559082,9.930000305175781,9.779999732971191,9.84000015258789,36400,0.0,0.0
2023-05-17 00:00:00-04:00,9.890000343322754,9.979999542236328,9.789999961853027,9.9399995803833,43900,0.0,0.0
2023-05-18 00:00:00-04:00,9.899999618530273,10.09000015258789,9.784000396728516,10.09000015258789,28700,0.0,0.0
2023-05-19 00:00:00-04:00,10.180000305175781,10.180000305175781,9.970000267028809,10.020000457763672,50400,0.0,0.0
2023-05-22 00:00:00-04:00,10.050000190734863,10.050000190734863,9.739999771118164,9.819999694824219,33100,0.0,0.0
2023-05-23 00:00:00-04:00,9.8100004196167,9.869999885559082,9.739999771118164,9.800000190734863,32900,0.0,0.0
2023-05-24 00:00:00-04:00,9.779999732971191,9.854999542236328,9.680000305175781,9.800000190734863,78200,0.0,0.0
2023-05-25 00:00:00-04:00,9.789999961853027,9.90999984741211,9.649999618530273,9.819999694824219,32300,0.0,0.0
2023-05-26 00:00:00-04:00,9.800000190734863,9.800000190734863,9.470000267028809,9.539999961853027,25600,0.0,0.0
2023-05-30 00:00:00-04:00,9.59000015258789,9.75,9.59000015258789,9.670000076293945,16900,0.0,0.0
2023-05-31 00:00:00-04:00,9.6899995803833,9.800000190734863,9.489999771118164,9.720000267028809,36300,0.0,0.0
2023-06-01 00:00:00-04:00,9.770000457763672,9.789999961853027,9.489999771118164,9.670000076293945,61100,0.0,0.0
2023-06-02 00:00:00-04:00,9.739999771118164,10.069999694824219,9.699999809265137,10.0,58400,0.0,0.0
2023-06-05 00:00:00-04:00,10.0,10.079999923706055,9.779999732971191,9.970000267028809,37900,0.0,0.0
2023-06-06 00:00:00-04:00,10.0,10.380000114440918,10.0,10.279999732971191,68100,0.0,0.0
2023-06-07 00:00:00-04:00,10.329999923706055,10.475000381469727,10.199999809265137,10.399999618530273,81800,0.0,0.0
2023-06-08 00:00:00-04:00,10.449999809265137,10.449999809265137,10.279999732971191,10.329999923706055,40400,0.0,0.0
2023-06-09 00:00:00-04:00,10.300000190734863,10.300000190734863,10.130000114440918,10.210000038146973,33900,0.0,0.0
2023-06-12 00:00:00-04:00,10.25,10.350000381469727,10.119999885559082,10.199999809265137,72800,0.0,0.0
2023-06-13 00:00:00-04:00,10.260000228881836,10.460000038146973,10.079999923706055,10.34000015258789,55300,0.0,0.0
2023-06-14 00:00:00-04:00,10.350000381469727,10.37600040435791,10.154999732971191,10.199999809265137,64600,0.0,0.0
2023-06-15 00:00:00-04:00,10.220000267028809,10.350000381469727,10.0600004196167,10.350000381469727,52600,0.0,0.0
2023-06-16 00:00:00-04:00,10.350000381469727,11.369999885559082,10.244999885559082,11.359999656677246,364100,0.0,0.0
2023-06-20 00:00:00-04:00,11.359999656677246,11.414999961853027,11.029999732971191,11.109999656677246,106100,0.0,0.0
2023-06-21 00:00:00-04:00,11.050000190734863,11.050000190734863,10.75,10.8100004196167,70800,0.0,0.0
2023-06-22 00:00:00-04:00,10.720999717712402,10.960000038146973,10.704999923706055,10.800000190734863,58000,0.0,0.0
2023-06-23 00:00:00-04:00,10.729999542236328,10.75,10.515999794006348,10.619999885559082,148800,0.0,0.0
2023-06-26 00:00:00-04:00,10.569999694824219,10.585000038146973,10.300000190734863,10.449999809265137,73000,0.0,0.0
2023-06-27 00:00:00-04:00,10.5,10.949999809265137,10.458999633789062,10.819999694824219,49700,0.0,0.0
2023-06-28 00:00:00-04:00,10.739999771118164,10.949999809265137,10.739999771118164,10.850000381469727,66600,0.0,0.0
2023-06-29 00:00:00-04:00,10.859999656677246,11.029999732971191,10.770000457763672,10.960000038146973,41100,0.0,0.0
2023-06-30 00:00:00-04:00,11.010000228881836,11.149999618530273,10.989999771118164,11.0,45800,0.0,0.0
2023-07-03 00:00:00-04:00,11.069999694824219,11.069999694824219,11.0,11.0,9400,0.0,0.0
2023-07-05 00:00:00-04:00,10.9399995803833,11.279999732971191,10.850000381469727,11.239999771118164,66900,0.0,0.0
2023-07-06 00:00:00-04:00,11.1899995803833,11.25,11.020000457763672,11.100000381469727,55900,0.0,0.0
2023-07-07 00:00:00-04:00,11.109999656677246,11.199999809265137,10.940999984741211,11.020000457763672,80600,0.0,0.0
2023-07-10 00:00:00-04:00,11.050000190734863,11.0649995803833,10.914999961853027,11.0,55500,0.0,0.0
2023-07-11 00:00:00-04:00,11.010000228881836,11.25,10.829999923706055,11.119999885559082,66900,0.0,0.0
2023-07-12 00:00:00-04:00,11.239999771118164,11.289999961853027,11.0,11.100000381469727,65200,0.0,0.0
2023-07-13 00:00:00-04:00,11.109999656677246,11.430000305175781,10.75,11.079999923706055,84000,0.0,0.0
2023-07-14 00:00:00-04:00,11.069999694824219,11.430000305175781,11.0,11.199999809265137,38900,0.0,0.0
2023-07-17 00:00:00-04:00,11.140000343322754,11.949999809265137,11.130000114440918,11.890000343322754,80700,0.0,0.0
2023-07-18 00:00:00-04:00,11.90999984741211,12.670000076293945,11.90999984741211,12.5,117900,0.0,0.0
2023-07-19 00:00:00-04:00,12.5,12.90999984741211,12.399999618530273,12.579999923706055,119400,0.0,0.0
2023-07-20 00:00:00-04:00,12.539999961853027,12.720000267028809,12.430000305175781,12.539999961853027,115500,0.0,0.0
2023-07-21 00:00:00-04:00,12.649999618530273,12.680000305175781,12.449999809265137,12.529999732971191,44700,0.0,0.0
2023-07-24 00:00:00-04:00,12.539999961853027,12.989999771118164,12.539999961853027,12.880000114440918,131400,0.0,0.0
2023-07-25 00:00:00-04:00,12.819999694824219,12.859999656677246,12.6899995803833,12.800000190734863,43900,0.0,0.0
2023-07-26 00:00:00-04:00,12.699999809265137,13.069999694824219,12.585000038146973,13.010000228881836,61700,0.0,0.0
2023-07-27 00:00:00-04:00,13.0600004196167,13.0600004196167,12.270000457763672,12.329999923706055,46100,0.0,0.0
2023-07-28 00:00:00-04:00,12.449999809265137,12.520000457763672,12.239999771118164,12.279999732971191,23400,0.0,0.0
2023-07-31 00:00:00-04:00,12.350000381469727,12.395000457763672,12.229999542236328,12.319999694824219,42300,0.0,0.0
2023-08-01 00:00:00-04:00,12.319999694824219,12.489999771118164,12.199999809265137,12.4399995803833,24700,0.0,0.0
2023-08-02 00:00:00-04:00,12.390000343322754,12.520000457763672,12.1899995803833,12.470000267028809,31800,0.0,0.0
2023-08-03 00:00:00-04:00,12.470000267028809,12.579999923706055,12.262999534606934,12.470000267028809,60400,0.0,0.0
2023-08-04 00:00:00-04:00,12.529999732971191,12.579999923706055,11.930000305175781,12.170000076293945,45500,0.0,0.0
2023-08-07 00:00:00-04:00,12.25,12.300000190734863,12.119999885559082,12.25,31800,0.0,0.0
2023-08-08 00:00:00-04:00,12.199999809265137,12.199999809265137,12.0600004196167,12.140000343322754,20900,0.0,0.0
2023-08-09 00:00:00-04:00,12.119999885559082,12.260000228881836,12.109999656677246,12.180000305175781,21000,0.0,0.0
2023-08-10 00:00:00-04:00,12.210000038146973,12.3100004196167,12.0,12.039999961853027,47800,0.0,0.0
2023-08-11 00:00:00-04:00,12.109999656677246,12.279999732971191,12.109999656677246,12.140000343322754,17000,0.0,0.0
2023-08-14 00:00:00-04:00,12.140000343322754,12.152999877929688,11.979999542236328,12.029999732971191,29000,0.0,0.0
2023-08-15 00:00:00-04:00,12.010000228881836,12.25,11.84000015258789,12.079999923706055,24700,0.0,0.0
2023-08-16 00:00:00-04:00,12.140000343322754,12.140000343322754,11.970000267028809,12.0,41500,0.0,0.0
2023-08-17 00:00:00-04:00,12.050000190734863,12.09000015258789,11.789999961853027,11.819999694824219,17100,0.0,0.0
2023-08-18 00:00:00-04:00,11.720000267028809,11.930000305175781,11.6899995803833,11.819999694824219,27800,0.0,0.0
2023-08-21 00:00:00-04:00,11.850000381469727,11.850000381469727,11.539999961853027,11.600000381469727,32000,0.0,0.0
2023-08-22 00:00:00-04:00,11.529999732971191,11.6899995803833,11.399999618530273,11.550000190734863,57900,0.0,0.0
2023-08-23 00:00:00-04:00,11.619999885559082,11.6850004196167,11.25,11.380000114440918,47700,0.0,0.0
2023-08-24 00:00:00-04:00,11.329999923706055,11.460000038146973,11.319999694824219,11.359999656677246,22000,0.0,0.0
2023-08-25 00:00:00-04:00,11.449999809265137,11.449999809265137,11.079999923706055,11.15999984741211,21700,0.0,0.0
2023-08-28 00:00:00-04:00,11.289999961853027,11.3100004196167,11.114999771118164,11.25,19900,0.0,0.0
2023-08-29 00:00:00-04:00,11.289999961853027,11.289999961853027,11.069999694824219,11.220000267028809,25800,0.0,0.0
2023-08-30 00:00:00-04:00,11.170000076293945,11.234999656677246,10.612000465393066,11.039999961853027,77400,0.0,0.0
2023-08-31 00:00:00-04:00,11.149999618530273,11.3100004196167,10.960000038146973,10.989999771118164,75800,0.0,0.0
2023-09-01 00:00:00-04:00,11.039999961853027,11.25,11.010000228881836,11.079999923706055,46400,0.0,0.0
2023-09-05 00:00:00-04:00,10.970000267028809,11.0,10.640000343322754,10.720000267028809,95800,0.0,0.0
2023-09-06 00:00:00-04:00,10.760000228881836,10.979999542236328,10.510000228881836,10.6899995803833,23400,0.0,0.0
2023-09-07 00:00:00-04:00,10.6899995803833,10.890000343322754,10.654999732971191,10.8100004196167,60000,0.0,0.0
2023-09-08 00:00:00-04:00,10.770000457763672,10.779999732971191,10.510000228881836,10.619999885559082,27900,0.0,0.0
2023-09-11 00:00:00-04:00,10.670000076293945,10.670000076293945,10.380000114440918,10.489999771118164,30700,0.0,0.0
2023-09-12 00:00:00-04:00,10.489999771118164,10.600000381469727,10.329999923706055,10.369999885559082,18900,0.0,0.0
2023-09-13 00:00:00-04:00,10.3100004196167,10.399999618530273,10.220000267028809,10.350000381469727,31700,0.0,0.0
2023-09-14 00:00:00-04:00,10.329999923706055,10.40999984741211,10.234999656677246,10.279999732971191,42300,0.0,0.0
2023-09-15 00:00:00-04:00,10.289999961853027,10.369999885559082,9.90999984741211,9.989999771118164,154100,0.0,0.0
2023-09-18 00:00:00-04:00,9.9399995803833,10.0600004196167,9.84000015258789,9.970000267028809,88600,0.0,0.0
2023-09-19 00:00:00-04:00,9.979999542236328,9.989999771118164,9.850000381469727,9.899999618530273,27000,0.0,0.0
2023-09-20 00:00:00-04:00,9.970000267028809,9.970000267028809,9.630000114440918,9.65999984741211,72100,0.0,0.0
2023-09-21 00:00:00-04:00,9.529999732971191,9.729999542236328,9.479999542236328,9.529999732971191,53600,0.0,0.0
2023-09-22 00:00:00-04:00,9.539999961853027,9.600000381469727,9.475000381469727,9.510000228881836,96000,0.0,0.0
2023-09-25 00:00:00-04:00,9.4399995803833,9.800000190734863,9.4399995803833,9.710000038146973,163000,0.0,0.0
2023-09-26 00:00:00-04:00,9.710000038146973,9.788000106811523,9.539999961853027,9.569999694824219,55000,0.0,0.0
2023-09-27 00:00:00-04:00,9.59000015258789,9.779999732971191,9.550000190734863,9.619999885559082,32700,0.0,0.0
2023-09-28 00:00:00-04:00,9.65999984741211,9.670000076293945,9.369999885559082,9.625,114500,0.0,0.0
2023-09-29 00:00:00-04:00,9.710000038146973,9.769000053405762,9.569999694824219,9.600000381469727,44400,0.0,0.0
2023-10-02 00:00:00-04:00,9.5600004196167,9.605999946594238,9.444999694824219,9.510000228881836,48900,0.0,0.0
2023-10-03 00:00:00-04:00,9.510000228881836,9.600000381469727,9.359999656677246,9.539999961853027,146500,0.0,0.0
2023-10-04 00:00:00-04:00,9.46500015258789,9.600000381469727,9.399999618530273,9.539999961853027,46700,0.0,0.0
2023-10-05 00:00:00-04:00,9.640000343322754,9.789999961853027,9.59000015258789,9.670000076293945,40500,0.0,0.0
2023-10-06 00:00:00-04:00,9.640000343322754,9.859999656677246,9.45300006866455,9.729999542236328,23000,0.0,0.0
2023-10-09 00:00:00-04:00,9.656999588012695,9.692999839782715,9.510000228881836,9.529999732971191,18800,0.0,0.0
2023-10-10 00:00:00-04:00,9.59000015258789,9.630000114440918,9.399999618530273,9.470000267028809,57000,0.0,0.0
2023-10-11 00:00:00-04:00,9.449999809265137,9.640000343322754,9.449999809265137,9.550000190734863,39300,0.0,0.0
2023-10-12 00:00:00-04:00,9.539999961853027,9.600000381469727,9.329999923706055,9.430000305175781,82200,0.0,0.0
2023-10-13 00:00:00-04:00,9.470000267028809,9.899999618530273,9.470000267028809,9.770000457763672,62800,0.0,0.0
2023-10-16 00:00:00-04:00,9.8100004196167,9.989999771118164,9.600000381469727,9.630000114440918,55700,0.0,0.0
2023-10-17 00:00:00-04:00,9.630000114440918,9.71500015258789,9.5,9.510000228881836,44700,0.0,0.0
2023-10-18 00:00:00-04:00,9.420000076293945,9.539999961853027,9.399999618530273,9.430000305175781,42500,0.0,0.0
2023-10-19 00:00:00-04:00,9.354999542236328,9.600000381469727,9.333999633789062,9.529999732971191,92700,0.0,0.0
2023-10-20 00:00:00-04:00,9.569999694824219,9.670000076293945,9.479999542236328,9.550000190734863,28900,0.0,0.0
2023-10-23 00:00:00-04:00,9.5,9.670000076293945,9.470000267028809,9.470000267028809,45700,0.0,0.0
2023-10-24 00:00:00-04:00,9.520000457763672,9.579999923706055,9.480999946594238,9.539999961853027,11200,0.0,0.0
2023-10-25 00:00:00-04:00,9.539999961853027,9.649999618530273,9.529999732971191,9.550000190734863,25500,0.0,0.0
2023-10-26 00:00:00-04:00,9.59000015258789,9.664999961853027,9.520000457763672,9.5600004196167,21800,0.0,0.0
2023-10-27 00:00:00-04:00,9.5,9.550000190734863,9.279999732971191,9.3100004196167,30000,0.0,0.0
2023-10-30 00:00:00-04:00,9.399999618530273,9.649999618530273,9.336999893188477,9.569999694824219,35800,0.0,0.0
2023-10-31 00:00:00-04:00,9.569999694824219,9.630000114440918,9.454999923706055,9.5600004196167,47600,0.0,0.0
2023-11-01 00:00:00-04:00,9.550000190734863,9.699999809265137,9.364999771118164,9.65999984741211,28100,0.0,0.0
2023-11-02 00:00:00-04:00,9.670000076293945,9.8100004196167,9.437000274658203,9.649999618530273,26500,0.0,0.0
2023-11-03 00:00:00-04:00,9.800000190734863,10.0,9.699999809265137,9.9399995803833,54800,0.0,0.0
2023-11-06 00:00:00-05:00,9.949999809265137,9.949999809265137,9.609999656677246,9.729999542236328,25700,0.0,0.0
2023-11-07 00:00:00-05:00,9.6899995803833,9.800000190734863,9.649999618530273,9.800000190734863,45400,0.0,0.0
2023-11-08 00:00:00-05:00,9.850000381469727,9.850000381469727,9.699999809265137,9.789999961853027,22900,0.0,0.0
2023-11-09 00:00:00-05:00,9.859999656677246,9.90999984741211,9.600000381469727,9.729999542236328,30200,0.0,0.0
2023-11-10 00:00:00-05:00,9.815999984741211,9.890000343322754,9.600000381469727,9.770000457763672,58000,0.0,0.0
2023-11-13 00:00:00-05:00,9.770000457763672,9.869999885559082,9.630000114440918,9.739999771118164,64100,0.0,0.0
2023-11-14 00:00:00-05:00,9.9399995803833,10.4399995803833,9.920000076293945,10.390000343322754,70800,0.0,0.0
2023-11-15 00:00:00-05:00,10.5,10.555000305175781,10.1899995803833,10.229999542236328,57400,0.0,0.0
2023-11-16 00:00:00-05:00,10.300000190734863,10.3100004196167,9.899999618530273,9.960000038146973,64700,0.0,0.0
2023-11-17 00:00:00-05:00,10.050000190734863,10.050000190734863,9.619999885559082,9.670000076293945,47600,0.0,0.0
2023-11-20 00:00:00-05:00,9.609999656677246,10.140000343322754,9.609999656677246,10.039999961853027,107400,0.0,0.0
2023-11-21 00:00:00-05:00,9.979999542236328,10.154999732971191,9.8100004196167,9.970000267028809,147500,0.0,0.0
2023-11-22 00:00:00-05:00,10.0600004196167,10.130000114440918,9.951000213623047,9.989999771118164,25300,0.0,0.0
2023-11-24 00:00:00-05:00,10.020000457763672,10.069999694824219,10.020000457763672,10.039999961853027,7600,0.0,0.0
2023-11-27 00:00:00-05:00,9.960000038146973,10.140000343322754,9.960000038146973,10.020000457763672,39800,0.0,0.0
2023-11-28 00:00:00-05:00,10.010000228881836,10.104000091552734,10.0,10.050000190734863,25600,0.0,0.0
2023-11-29 00:00:00-05:00,10.140000343322754,10.25,9.979999542236328,10.069999694824219,40800,0.0,0.0
2023-11-30 00:00:00-05:00,10.140000343322754,10.140000343322754,9.739999771118164,10.0,49500,0.0,0.0
2023-12-01 00:00:00-05:00,10.0,10.199999809265137,9.890000343322754,10.140000343322754,43200,0.0,0.0
2023-12-04 00:00:00-05:00,10.050000190734863,10.175000190734863,10.050000190734863,10.119999885559082,21400,0.0,0.0
2023-12-05 00:00:00-05:00,10.109999656677246,10.170000076293945,9.880000114440918,10.050000190734863,20500,0.0,0.0
2023-12-06 00:00:00-05:00,10.130000114440918,10.244999885559082,10.069999694824219,10.079999923706055,34900,0.0,0.0
2023-12-07 00:00:00-05:00,10.100000381469727,10.239999771118164,10.020000457763672,10.149999618530273,27100,0.0,0.0
2023-12-08 00:00:00-05:00,10.204999923706055,10.350000381469727,9.890000343322754,10.199999809265137,33000,0.0,0.0
2023-12-11 00:00:00-05:00,10.220000267028809,10.34000015258789,10.149999618530273,10.229999542236328,50400,0.0,0.0
2023-12-12 00:00:00-05:00,10.279999732971191,10.430000305175781,10.1899995803833,10.380000114440918,51300,0.0,0.0
2023-12-13 00:00:00-05:00,10.300000190734863,10.630000114440918,10.229999542236328,10.550000190734863,48700,0.0,0.0
2023-12-14 00:00:00-05:00,10.699999809265137,10.989999771118164,10.42300033569336,10.880000114440918,64900,0.0,0.0
2023-12-15 00:00:00-05:00,11.0,11.140000343322754,10.920000076293945,10.949999809265137,136000,0.0,0.0
2023-12-18 00:00:00-05:00,11.0,11.0,10.569999694824219,10.600000381469727,33600,0.0,0.0
2023-12-19 00:00:00-05:00,10.649999618530273,10.869999885559082,10.520000457763672,10.569999694824219,51400,0.0,0.0
2023-12-20 00:00:00-05:00,10.5,10.779999732971191,10.25,10.319999694824219,60200,0.0,0.0
2023-12-21 00:00:00-05:00,10.430000305175781,10.430000305175781,10.010000228881836,10.255000114440918,44700,0.0,0.0
2023-12-22 00:00:00-05:00,10.34000015258789,10.449999809265137,10.149999618530273,10.239999771118164,73900,0.0,0.0
2023-12-26 00:00:00-05:00,10.210000038146973,10.4399995803833,10.0,10.34000015258789,71300,0.0,0.0
2023-12-27 00:00:00-05:00,10.319999694824219,10.59000015258789,10.319999694824219,10.4399995803833,43700,0.0,0.0
2023-12-28 00:00:00-05:00,10.369999885559082,10.633000373840332,10.210000038146973,10.600000381469727,55900,0.0,0.0
2023-12-29 00:00:00-05:00,10.595000267028809,10.699999809265137,10.46500015258789,10.470000267028809,36500,0.0,0.0
2024-01-02 00:00:00-05:00,10.489999771118164,10.510000228881836,10.25,10.300000190734863,20200,0.0,0.0
2024-01-03 00:00:00-05:00,10.34000015258789,10.34000015258789,9.960000038146973,10.039999961853027,59100,0.0,0.0
2024-01-04 00:00:00-05:00,10.109999656677246,10.3100004196167,9.949999809265137,10.020000457763672,39500,0.0,0.0
2024-01-05 00:00:00-05:00,9.949999809265137,10.359999656677246,9.949999809265137,9.979999542236328,63300,0.0,0.0
2024-01-08 00:00:00-05:00,10.029999732971191,10.15999984741211,9.930000305175781,10.050000190734863,24600,0.0,0.0
2024-01-09 00:00:00-05:00,9.90999984741211,10.09000015258789,9.890000343322754,10.0,25600,0.0,0.0
2024-01-10 00:00:00-05:00,10.0,10.170000076293945,9.930000305175781,10.109999656677246,35300,0.0,0.0
2024-01-11 00:00:00-05:00,10.039999961853027,10.420000076293945,9.920000076293945,9.949999809265137,34500,0.0,0.0
2024-01-12 00:00:00-05:00,9.920000076293945,10.140000343322754,9.829999923706055,9.989999771118164,69000,0.0,0.0
2024-01-16 00:00:00-05:00,9.960000038146973,10.246999740600586,9.829999923706055,10.010000228881836,38100,0.0,0.0
2024-01-17 00:00:00-05:00,9.949999809265137,10.100000381469727,9.949999809265137,9.979999542236328,16300,0.0,0.0
2024-01-18 00:00:00-05:00,10.029999732971191,10.210000038146973,9.96500015258789,10.069999694824219,25600,0.0,0.0
2024-01-19 00:00:00-05:00,10.140000343322754,10.270000457763672,10.03499984741211,10.180000305175781,48500,0.0,0.0
2024-01-22 00:00:00-05:00,10.229999542236328,10.600000381469727,10.199999809265137,10.430000305175781,47300,0.0,0.0
2024-01-23 00:00:00-05:00,10.510000228881836,10.609999656677246,10.390000343322754,10.529999732971191,22300,0.0,0.0
2024-01-24 00:00:00-05:00,10.609999656677246,10.609999656677246,10.4350004196167,10.5,25200,0.0,0.0
2024-01-25 00:00:00-05:00,10.619999885559082,10.619999885559082,10.069999694824219,10.5,24900,0.0,0.0
2024-01-26 00:00:00-05:00,10.550000190734863,10.630000114440918,10.449999809265137,10.5,23100,0.0,0.0
2024-01-29 00:00:00-05:00,10.5,10.557999610900879,10.170000076293945,10.279999732971191,68600,0.0,0.0
2024-01-30 00:00:00-05:00,10.279999732971191,10.279999732971191,10.029999732971191,10.09000015258789,24200,0.0,0.0
2024-01-31 00:00:00-05:00,10.020000457763672,10.199999809265137,9.779999732971191,9.789999961853027,31700,0.0,0.0
2024-02-01 00:00:00-05:00,9.859999656677246,10.149999618530273,9.859999656677246,10.029999732971191,56600,0.0,0.0
2024-02-02 00:00:00-05:00,9.920000076293945,10.081999778747559,9.800000190734863,9.949999809265137,22300,0.0,0.0
2024-02-05 00:00:00-05:00,9.84000015258789,9.930000305175781,9.760000228881836,9.779999732971191,44000,0.0,0.0
2024-02-06 00:00:00-05:00,9.789999961853027,9.800000190734863,9.600000381469727,9.699999809265137,25200,0.0,0.0
2024-02-07 00:00:00-05:00,9.609999656677246,10.039999961853027,9.600000381469727,9.890000343322754,93400,0.0,0.0
2024-02-08 00:00:00-05:00,9.829999923706055,9.989999771118164,9.75,9.829999923706055,67700,0.0,0.0
2024-02-09 00:00:00-05:00,9.789999961853027,9.859999656677246,9.649999618530273,9.6899995803833,34900,0.0,0.0
2024-02-12 00:00:00-05:00,9.75,10.069999694824219,9.649999618530273,10.010000228881836,68300,0.0,0.0
2024-02-13 00:00:00-05:00,9.829999923706055,9.829999923706055,9.40999984741211,9.539999961853027,88500,0.0,0.0
2024-02-14 00:00:00-05:00,9.729999542236328,10.050000190734863,9.609999656677246,10.039999961853027,91100,0.0,0.0
2024-02-15 00:00:00-05:00,10.3100004196167,10.470000267028809,10.199999809265137,10.350000381469727,76400,0.0,0.0
2024-02-16 00:00:00-05:00,10.319999694824219,10.319999694824219,9.960000038146973,10.020000457763672,90600,0.0,0.0
2024-02-20 00:00:00-05:00,10.0,10.319999694824219,9.949999809265137,10.0600004196167,42000,0.0,0.0
2024-02-21 00:00:00-05:00,10.100000381469727,10.100000381469727,9.770000457763672,9.850000381469727,53300,0.0,0.0
2024-02-22 00:00:00-05:00,9.789999961853027,10.109999656677246,9.649999618530273,10.069999694824219,73000,0.0,0.0
2024-02-23 00:00:00-05:00,10.149999618530273,10.149999618530273,9.899999618530273,9.949999809265137,29600,0.0,0.0
2024-02-26 00:00:00-05:00,9.869999885559082,10.0,9.75,9.9399995803833,41700,0.0,0.0
2024-02-27 00:00:00-05:00,10.010000228881836,10.029999732971191,9.829999923706055,9.850000381469727,51600,0.0,0.0
2024-02-28 00:00:00-05:00,9.779999732971191,10.015000343322754,9.729999542236328,9.819999694824219,50900,0.0,0.0
2024-02-29 00:00:00-05:00,9.9399995803833,10.105999946594238,9.880000114440918,9.970000267028809,47400,0.0,0.0
2024-03-01 00:00:00-05:00,9.970000267028809,10.069999694824219,9.84000015258789,9.890000343322754,43200,0.0,0.0
2024-03-04 00:00:00-05:00,10.0600004196167,10.069999694824219,9.800000190734863,9.880000114440918,50800,0.0,0.0
2024-03-05 00:00:00-05:00,9.890000343322754,10.09000015258789,9.829999923706055,9.850000381469727,34100,0.0,0.0
2024-03-06 00:00:00-05:00,9.859999656677246,9.9350004196167,9.725000381469727,9.739999771118164,26800,0.0,0.0
2024-03-07 00:00:00-05:00,9.829999923706055,9.989999771118164,9.800000190734863,9.930000305175781,27500,0.0,0.0
2024-03-08 00:00:00-05:00,9.979999542236328,10.119999885559082,9.859999656677246,10.0,58100,0.0,0.0
2024-03-11 00:00:00-04:00,9.949999809265137,10.039999961853027,9.869999885559082,10.0,24300,0.0,0.0
2024-03-12 00:00:00-04:00,9.90999984741211,10.0,9.869999885559082,9.869999885559082,49100,0.0,0.0
2024-03-13 00:00:00-04:00,9.819999694824219,9.930000305175781,9.5,9.539999961853027,36700,0.0,0.0
2024-03-14 00:00:00-04:00,9.510000228881836,9.510000228881836,9.289999961853027,9.289999961853027,56700,0.0,0.0
2024-03-15 00:00:00-04:00,9.25,9.479999542236328,9.220000267028809,9.300000190734863,145100,0.0,0.0
2024-03-18 00:00:00-04:00,9.260000228881836,9.670000076293945,9.199999809265137,9.199999809265137,33600,0.0,0.0
2024-03-19 00:00:00-04:00,9.229999542236328,9.430000305175781,9.173999786376953,9.329999923706055,25000,0.0,0.0
2024-03-20 00:00:00-04:00,9.260000228881836,9.619999885559082,9.244999885559082,9.454999923706055,36100,0.0,0.0
2024-03-21 00:00:00-04:00,9.4399995803833,9.609999656677246,9.4399995803833,9.569999694824219,32700,0.0,0.0
2024-03-22 00:00:00-04:00,9.470000267028809,9.710000038146973,9.460000038146973,9.460000038146973,28500,0.0,0.0
2024-03-25 00:00:00-04:00,9.479999542236328,9.5649995803833,9.3100004196167,9.329999923706055,26800,0.0,0.0
2024-03-26 00:00:00-04:00,9.319999694824219,9.319999694824219,9.229999542236328,9.25,30800,0.0,0.0
2024-03-27 00:00:00-04:00,9.270000457763672,9.5600004196167,9.270000457763672,9.539999961853027,25400,0.0,0.0
2024-03-28 00:00:00-04:00,9.550000190734863,9.670000076293945,9.5,9.5,29000,0.0,0.0
2024-04-01 00:00:00-04:00,9.5,9.600000381469727,9.404999732971191,9.539999961853027,28100,0.0,0.0
2024-04-02 00:00:00-04:00,9.5,9.5600004196167,9.319999694824219,9.359999656677246,54900,0.0,0.0
2024-04-03 00:00:00-04:00,9.3100004196167,9.520000457763672,9.3100004196167,9.350000381469727,49900,0.0,0.0
2024-04-04 00:00:00-04:00,9.449999809265137,9.53499984741211,9.3100004196167,9.470000267028809,71100,0.0,0.0
2024-04-05 00:00:00-04:00,9.350000381469727,9.656000137329102,9.350000381469727,9.600000381469727,30600,0.0,0.0
2024-04-08 00:00:00-04:00,9.699999809265137,9.913000106811523,9.609999656677246,9.670000076293945,74100,0.0,0.0
2024-04-09 00:00:00-04:00,9.670000076293945,9.75,9.529999732971191,9.6899995803833,23100,0.0,0.0
2024-04-10 00:00:00-04:00,9.520000457763672,9.600000381469727,9.3100004196167,9.510000228881836,107300,0.0,0.0
2024-04-11 00:00:00-04:00,9.5,9.84000015258789,9.5,9.680000305175781,197600,0.0,0.0
2024-04-12 00:00:00-04:00,9.699999809265137,9.720000267028809,9.430000305175781,9.65999984741211,61100,0.0,0.0
2024-04-15 00:00:00-04:00,9.630000114440918,9.800000190734863,9.350000381469727,9.5,75200,0.0,0.0
2024-04-16 00:00:00-04:00,9.5,9.600000381469727,9.404999732971191,9.539999961853027,55300,0.0,0.0
2024-04-17 00:00:00-04:00,9.539999961853027,9.539999961853027,9.279999732971191,9.369999885559082,41500,0.0,0.0
2024-04-18 00:00:00-04:00,9.369999885559082,9.420000076293945,9.289999961853027,9.289999961853027,42400,0.0,0.0
2024-04-19 00:00:00-04:00,9.270000457763672,9.5600004196167,9.270000457763672,9.529999732971191,39800,0.0,0.0
2024-04-22 00:00:00-04:00,9.59000015258789,9.6850004196167,9.5600004196167,9.640000343322754,41000,0.0,0.0
2024-04-23 00:00:00-04:00,9.729999542236328,9.78499984741211,9.369999885559082,9.5,43700,0.0,0.0
2024-04-24 00:00:00-04:00,9.5,9.600000381469727,9.34000015258789,9.569999694824219,45500,0.0,0.0
2024-04-25 00:00:00-04:00,9.529999732971191,9.614999771118164,9.449999809265137,9.489999771118164,82100,0.0,0.0
2024-04-26 00:00:00-04:00,9.529999732971191,9.550000190734863,9.449999809265137,9.5,48000,0.0,0.0
2024-04-29 00:00:00-04:00,9.470000267028809,9.5,9.430000305175781,9.489999771118164,29600,0.0,0.0
2024-04-30 00:00:00-04:00,9.380000114440918,9.5600004196167,9.300000190734863,9.539999961853027,72800,0.0,0.0
2024-05-01 00:00:00-04:00,9.600000381469727,9.760000228881836,9.539999961853027,9.539999961853027,45500,0.0,0.0
2024-05-02 00:00:00-04:00,9.5600004196167,9.84000015258789,9.5600004196167,9.779999732971191,112200,0.0,0.0
2024-05-03 00:00:00-04:00,9.899999618530273,10.029999732971191,9.829999923706055,9.90999984741211,50800,0.0,0.0
2024-05-06 00:00:00-04:00,9.979999542236328,9.979999542236328,9.869999885559082,9.90999984741211,32400,0.0,0.0
2024-05-07 00:00:00-04:00,9.869999885559082,9.930000305175781,9.819999694824219,9.90999984741211,31500,0.0,0.0
2024-05-08 00:00:00-04:00,9.829999923706055,9.880000114440918,9.779999732971191,9.869999885559082,23400,0.0,0.0
2024-05-09 00:00:00-04:00,9.890000343322754,10.0,9.760000228881836,9.949999809265137,28500,0.0,0.0
2024-05-10 00:00:00-04:00,9.920000076293945,9.920000076293945,9.770000457763672,9.8100004196167,15300,0.0,0.0
2024-05-13 00:00:00-04:00,9.880000114440918,9.880000114440918,9.5,9.619999885559082,37100,0.0,0.0
2024-05-14 00:00:00-04:00,9.6899995803833,9.819999694824219,9.685999870300293,9.75,23200,0.0,0.0
2024-05-15 00:00:00-04:00,9.850000381469727,9.920000076293945,9.65999984741211,9.699999809265137,74900,0.0,0.0
2024-05-16 00:00:00-04:00,9.65999984741211,9.65999984741211,9.25,9.289999961853027,189500,0.0,0.0
2024-05-17 00:00:00-04:00,9.300000190734863,9.539999961853027,9.300000190734863,9.520000457763672,36300,0.0,0.0
2024-05-20 00:00:00-04:00,9.5,9.59000015258789,9.319999694824219,9.380000114440918,23900,0.0,0.0
2024-05-21 00:00:00-04:00,9.359999656677246,9.413999557495117,9.270000457763672,9.300000190734863,57400,0.0,0.0
2024-05-22 00:00:00-04:00,9.260000228881836,9.350000381469727,9.239999771118164,9.329999923706055,68700,0.0,0.0
2024-05-23 00:00:00-04:00,9.329999923706055,9.329999923706055,9.069999694824219,9.109999656677246,45100,0.0,0.0
2024-05-24 00:00:00-04:00,9.15999984741211,9.270000457763672,9.100000381469727,9.25,31600,0.0,0.0
2024-05-28 00:00:00-04:00,9.279999732971191,9.369999885559082,9.239999771118164,9.34000015258789,45100,0.0,0.0
2024-05-29 00:00:00-04:00,9.25,9.350000381469727,9.069999694824219,9.130000114440918,43100,0.0,0.0
2024-05-30 00:00:00-04:00,9.1899995803833,9.279999732971191,9.140000343322754,9.199999809265137,46800,0.0,0.0
2024-05-31 00:00:00-04:00,9.270000457763672,9.329999923706055,9.210000038146973,9.300000190734863,22500,0.0,0.0
2024-06-03 00:00:00-04:00,9.369999885559082,9.380000114440918,9.180000305175781,9.199999809265137,25800,0.0,0.0
2024-06-04 00:00:00-04:00,9.210000038146973,9.390000343322754,9.170000076293945,9.359999656677246,34200,0.0,0.0
2024-06-05 00:00:00-04:00,9.40999984741211,9.40999984741211,9.229999542236328,9.34000015258789,26600,0.0,0.0
2024-06-06 00:00:00-04:00,9.289999961853027,9.350000381469727,9.199999809265137,9.199999809265137,35300,0.0,0.0
2024-06-07 00:00:00-04:00,9.149999618530273,9.210000038146973,9.0,9.029999732971191,37700,0.0,0.0
2024-06-10 00:00:00-04:00,9.050000190734863,9.170000076293945,9.010000228881836,9.149999618530273,34400,0.0,0.0
2024-06-11 00:00:00-04:00,9.079999923706055,9.300000190734863,9.079999923706055,9.229999542236328,50000,0.0,0.0
2024-06-12 00:00:00-04:00,9.380000114440918,9.555000305175781,9.375,9.5,74500,0.0,0.0
2024-06-13 00:00:00-04:00,9.539999961853027,9.640000343322754,9.510000228881836,9.609999656677246,55700,0.0,0.0
2024-06-14 00:00:00-04:00,9.600000381469727,9.600000381469727,9.119999885559082,9.130000114440918,52900,0.0,0.0
2024-06-17 00:00:00-04:00,9.140000343322754,9.380000114440918,9.130000114440918,9.289999961853027,35400,0.0,0.0
2024-06-18 00:00:00-04:00,9.289999961853027,9.289999961853027,9.050000190734863,9.0600004196167,60300,0.0,0.0
2024-06-20 00:00:00-04:00,9.039999961853027,9.164999961853027,8.9399995803833,9.079999923706055,25500,0.0,0.0
2024-06-21 00:00:00-04:00,9.069999694824219,9.130000114440918,9.0,9.010000228881836,79100,0.0,0.0
2024-06-24 00:00:00-04:00,9.039999961853027,9.210000038146973,9.039999961853027,9.119999885559082,49200,0.0,0.0
2024-06-25 00:00:00-04:00,9.119999885559082,9.119999885559082,8.979999542236328,9.005000114440918,38800,0.0,0.0
2024-06-26 00:00:00-04:00,9.010000228881836,9.220000267028809,9.0,9.1899995803833,64300,0.0,0.0
2024-06-27 00:00:00-04:00,9.229999542236328,9.609999656677246,9.229999542236328,9.420000076293945,72600,0.0,0.0
2024-06-28 00:00:00-04:00,9.510000228881836,9.65999984741211,9.300999641418457,9.550000190734863,960400,0.0,0.0
2024-07-01 00:00:00-04:00,9.539999961853027,9.5600004196167,9.359999656677246,9.550000190734863,39600,0.0,0.0
2024-07-02 00:00:00-04:00,9.5,9.619000434875488,9.319999694824219,9.34000015258789,36600,0.0,0.0
2024-07-03 00:00:00-04:00,9.40999984741211,9.40999984741211,9.1899995803833,9.199999809265137,29000,0.0,0.0
2024-07-05 00:00:00-04:00,9.180000305175781,9.25,9.100000381469727,9.229999542236328,56100,0.0,0.0
2024-07-08 00:00:00-04:00,9.289999961853027,9.319999694824219,9.239999771118164,9.270000457763672,23600,0.0,0.0
2024-07-09 00:00:00-04:00,9.25,9.34000015258789,9.1899995803833,9.3100004196167,38500,0.0,0.0
2024-07-10 00:00:00-04:00,9.350000381469727,9.350000381469727,9.239999771118164,9.350000381469727,26300,0.0,0.0
2024-07-11 00:00:00-04:00,9.40999984741211,10.555000305175781,9.170000076293945,10.0,253100,0.0,0.0
2024-07-12 00:00:00-04:00,10.15999984741211,10.555000305175781,9.970000267028809,10.34000015258789,187500,0.0,0.0
2024-07-15 00:00:00-04:00,10.4399995803833,10.539999961853027,10.0,10.40999984741211,113300,0.0,0.0
2024-07-16 00:00:00-04:00,10.5,11.0,10.279999732971191,10.970000267028809,89700,0.0,0.0
2024-07-17 00:00:00-04:00,10.949999809265137,10.970000267028809,10.569999694824219,10.720000267028809,69700,0.0,0.0
2024-07-18 00:00:00-04:00,10.680000305175781,10.880000114440918,10.430000305175781,10.510000228881836,62700,0.0,0.0
2024-07-19 00:00:00-04:00,10.539999961853027,10.670000076293945,10.404999732971191,10.529999732971191,89600,0.0,0.0
2024-07-22 00:00:00-04:00,10.550000190734863,10.649999618530273,10.279999732971191,10.609999656677246,50200,0.0,0.0
2024-07-23 00:00:00-04:00,10.600000381469727,11.050000190734863,10.600000381469727,10.899999618530273,134700,0.0,0.0
2024-07-24 00:00:00-04:00,10.800000190734863,11.020000457763672,10.710000038146973,10.720000267028809,53500,0.0,0.0
2024-07-25 00:00:00-04:00,10.800000190734863,11.15999984741211,10.800000190734863,10.970000267028809,72400,0.0,0.0
2024-07-26 00:00:00-04:00,11.119999885559082,11.119999885559082,10.859999656677246,10.920000076293945,26100,0.0,0.0
2024-07-29 00:00:00-04:00,11.029999732971191,11.029999732971191,10.6899995803833,10.8100004196167,25000,0.0,0.0
2024-07-30 00:00:00-04:00,10.880000114440918,10.930000305175781,10.789999961853027,10.920000076293945,31500,0.0,0.0
2024-07-31 00:00:00-04:00,11.010000228881836,11.175000190734863,10.805000305175781,11.0,46000,0.0,0.0
2024-08-01 00:00:00-04:00,11.020000457763672,11.020000457763672,10.479999542236328,10.600000381469727,51400,0.0,0.0
2024-08-02 00:00:00-04:00,10.260000228881836,10.520000457763672,10.220000267028809,10.239999771118164,35000,0.0,0.0
2024-08-05 00:00:00-04:00,9.829999923706055,9.850000381469727,9.489999771118164,9.720000267028809,98800,0.0,0.0
2024-08-06 00:00:00-04:00,9.699999809265137,9.930000305175781,9.609999656677246,9.739999771118164,113100,0.0,0.0
2024-08-07 00:00:00-04:00,9.899999618530273,10.15999984741211,9.65999984741211,9.720000267028809,38200,0.0,0.0
2024-08-08 00:00:00-04:00,9.859999656677246,9.869999885559082,9.59000015258789,9.819999694824219,67600,0.0,0.0
2024-08-09 00:00:00-04:00,9.859999656677246,10.039999961853027,9.649999618530273,9.979999542236328,96100,0.0,0.0
2024-08-12 00:00:00-04:00,9.960000038146973,9.960000038146973,9.649999618530273,9.770000457763672,36000,0.0,0.0
2024-08-13 00:00:00-04:00,9.880000114440918,9.880000114440918,9.642000198364258,9.789999961853027,19100,0.0,0.0
2024-08-14 00:00:00-04:00,9.704999923706055,9.739999771118164,9.670000076293945,9.680000305175781,16000,0.0,0.0
2024-08-15 00:00:00-04:00,9.859999656677246,9.989999771118164,9.730999946594238,9.850000381469727,41700,0.0,0.0
2024-08-16 00:00:00-04:00,9.850000381469727,10.020000457763672,9.850000381469727,9.970000267028809,32000,0.0,0.0
2024-08-19 00:00:00-04:00,9.890000343322754,10.029999732971191,9.890000343322754,10.020000457763672,22200,0.0,0.0
2024-08-20 00:00:00-04:00,10.0600004196167,10.09000015258789,9.920000076293945,10.020000457763672,22700,0.0,0.0
2024-08-21 00:00:00-04:00,10.020000457763672,10.1899995803833,10.0,10.0600004196167,18400,0.0,0.0
2024-08-22 00:00:00-04:00,10.119999885559082,10.119999885559082,9.901000022888184,10.020000457763672,15500,0.0,0.0
2024-08-23 00:00:00-04:00,10.130000114440918,10.369999885559082,10.079999923706055,10.289999961853027,53300,0.0,0.0
2024-08-26 00:00:00-04:00,10.369999885559082,10.449999809265137,10.1899995803833,10.329999923706055,26800,0.0,0.0
2024-08-27 00:00:00-04:00,10.449999809265137,10.529999732971191,10.449999809265137,10.5,29200,0.0,0.0
2024-08-28 00:00:00-04:00,10.510000228881836,10.609999656677246,10.449999809265137,10.449999809265137,47200,0.0,0.0
2024-08-29 00:00:00-04:00,10.529999732971191,10.640000343322754,10.479999542236328,10.550000190734863,13900,0.0,0.0
2024-08-30 00:00:00-04:00,10.529999732971191,10.649999618530273,10.470000267028809,10.649999618530273,10300,0.0,0.0
2024-09-03 00:00:00-04:00,10.420000076293945,10.4399995803833,10.25,10.25,19600,0.0,0.0
2024-09-04 00:00:00-04:00,10.1899995803833,10.324999809265137,9.819999694824219,10.050000190734863,39400,0.0,0.0
2024-09-05 00:00:00-04:00,10.09000015258789,10.09000015258789,9.779999732971191,9.930000305175781,19400,0.0,0.0
2024-09-06 00:00:00-04:00,9.819999694824219,9.90999984741211,9.800000190734863,9.850000381469727,19400,0.0,0.0
2024-09-09 00:00:00-04:00,9.880000114440918,10.1899995803833,9.880000114440918,10.109999656677246,29600,0.0,0.0
2024-09-10 00:00:00-04:00,9.920000076293945,10.1899995803833,9.920000076293945,10.119999885559082,23000,0.0,0.0
2024-09-11 00:00:00-04:00,10.050000190734863,10.140000343322754,9.890000343322754,10.020000457763672,19000,0.0,0.0
2024-09-12 00:00:00-04:00,10.09000015258789,10.100000381469727,9.970000267028809,10.09000015258789,21000,0.0,0.0
2024-09-13 00:00:00-04:00,10.220000267028809,10.279999732971191,10.199999809265137,10.234999656677246,29700,0.0,0.0
2024-09-16 00:00:00-04:00,10.3100004196167,10.420000076293945,9.989999771118164,10.420000076293945,27700,0.0,0.0
2024-09-17 00:00:00-04:00,10.520000457763672,10.75,10.449999809265137,10.710000038146973,37700,0.0,0.0
2024-09-18 00:00:00-04:00,10.770000457763672,11.0,10.399999618530273,10.729999542236328,61400,0.0,0.0
2024-09-19 00:00:00-04:00,10.949999809265137,11.319999694824219,10.8100004196167,11.234999656677246,60000,0.0,0.0
2024-09-20 00:00:00-04:00,11.130000114440918,11.300000190734863,10.670000076293945,10.720000267028809,245000,0.0,0.0
2024-09-23 00:00:00-04:00,10.829999923706055,10.850000381469727,10.59000015258789,10.65999984741211,30400,0.0,0.0
2024-09-24 00:00:00-04:00,10.760000228881836,10.760000228881836,10.5,10.670000076293945,24500,0.0,0.0
2024-09-25 00:00:00-04:00,10.576000213623047,10.635000228881836,10.420000076293945,10.449999809265137,27600,0.0,0.0
2024-09-26 00:00:00-04:00,10.600000381469727,10.699999809265137,10.513999938964844,10.649999618530273,34200,0.0,0.0
2024-09-27 00:00:00-04:00,10.5600004196167,10.892999649047852,10.423999786376953,10.869999885559082,27000,0.0,0.0
2024-09-30 00:00:00-04:00,10.800000190734863,10.880000114440918,10.699999809265137,10.770000457763672,28900,0.0,0.0
2024-10-01 00:00:00-04:00,10.819999694824219,10.819999694824219,10.579999923706055,10.619999885559082,31300,0.0,0.0
2024-10-02 00:00:00-04:00,10.619999885559082,10.78499984741211,10.555000305175781,10.720000267028809,39400,0.0,0.0
2024-10-03 00:00:00-04:00,10.630000114440918,10.744999885559082,10.5,10.550000190734863,17100,0.0,0.0
2024-10-04 00:00:00-04:00,10.720000267028809,10.739999771118164,10.510000228881836,10.720000267028809,19700,0.0,0.0
2024-10-07 00:00:00-04:00,10.640000343322754,10.859999656677246,10.482999801635742,10.619999885559082,19500,0.0,0.0
2024-10-08 00:00:00-04:00,10.579999923706055,10.75,10.539999961853027,10.550000190734863,31300,0.0,0.0
2024-10-09 00:00:00-04:00,10.609999656677246,10.71500015258789,10.5600004196167,10.65999984741211,15500,0.0,0.0
2024-10-10 00:00:00-04:00,10.539999961853027,10.649999618530273,10.479999542236328,10.579999923706055,39300,0.0,0.0
2024-10-11 00:00:00-04:00,10.449999809265137,10.975000381469727,10.449999809265137,10.800000190734863,21900,0.0,0.0
2024-10-14 00:00:00-04:00,10.779999732971191,10.876999855041504,10.59000015258789,10.619999885559082,21800,0.0,0.0
2024-10-15 00:00:00-04:00,10.600000381469727,10.770000457763672,10.600000381469727,10.640000343322754,30100,0.0,0.0
2024-10-16 00:00:00-04:00,10.699999809265137,10.930000305175781,10.694999694824219,10.899999618530273,30300,0.0,0.0
2024-10-17 00:00:00-04:00,10.960000038146973,10.970000267028809,10.859999656677246,10.9399995803833,12200,0.0,0.0
2024-10-18 00:00:00-04:00,10.9399995803833,10.949999809265137,10.850000381469727,10.930000305175781,36300,0.0,0.0
2024-10-21 00:00:00-04:00,10.680000305175781,10.989999771118164,10.680000305175781,10.84000015258789,22400,0.0,0.0
2024-10-22 00:00:00-04:00,10.819999694824219,10.869999885559082,10.770000457763672,10.819999694824219,12200,0.0,0.0
2024-10-23 00:00:00-04:00,10.779999732971191,10.779999732971191,10.529999732971191,10.729999542236328,22000,0.0,0.0
2024-10-24 00:00:00-04:00,10.720000267028809,10.720000267028809,10.5,10.600000381469727,19700,0.0,0.0
2024-10-25 00:00:00-04:00,10.6899995803833,10.6899995803833,10.550000190734863,10.579999923706055,14000,0.0,0.0
2024-10-28 00:00:00-04:00,10.619999885559082,10.850000381469727,10.579999923706055,10.850000381469727,19300,0.0,0.0
2024-10-29 00:00:00-04:00,10.770000457763672,10.960000038146973,10.75,10.960000038146973,14000,0.0,0.0
2024-10-30 00:00:00-04:00,10.949999809265137,10.949999809265137,10.569999694824219,10.59000015258789,38800,0.0,0.0
2024-10-31 00:00:00-04:00,10.506999969482422,10.62399959564209,10.506999969482422,10.520000457763672,18900,0.0,0.0
2024-11-01 00:00:00-04:00,10.510000228881836,10.6899995803833,10.449999809265137,10.6899995803833,24400,0.0,0.0
2024-11-04 00:00:00-05:00,10.59000015258789,11.0600004196167,10.531999588012695,11.050000190734863,57200,0.0,0.0
2024-11-05 00:00:00-05:00,11.0,11.489999771118164,11.0,11.460000038146973,53700,0.0,0.0
2024-11-06 00:00:00-05:00,11.970000267028809,12.25,11.4399995803833,12.130000114440918,142900,0.0,0.0
2024-11-07 00:00:00-05:00,12.15999984741211,12.369999885559082,12.050000190734863,12.140000343322754,39000,0.0,0.0
2024-11-08 00:00:00-05:00,12.140000343322754,12.199999809265137,11.899999618530273,12.050000190734863,35100,0.0,0.0
2024-11-11 00:00:00-05:00,12.1899995803833,12.239999771118164,12.069999694824219,12.130000114440918,25600,0.0,0.0
2024-11-12 00:00:00-05:00,12.119999885559082,12.251999855041504,11.670000076293945,11.739999771118164,37400,0.0,0.0
2024-11-13 00:00:00-05:00,11.880000114440918,12.050000190734863,11.5,11.680000305175781,52200,0.0,0.0
2024-11-14 00:00:00-05:00,11.75,13.399999618530273,11.75,13.039999961853027,158700,0.0,0.0
2024-11-15 00:00:00-05:00,13.319999694824219,13.385000228881836,12.600000381469727,12.760000228881836,58900,0.0,0.0
2024-11-18 00:00:00-05:00,12.880000114440918,13.1850004196167,12.880000114440918,13.100000381469727,32300,0.0,0.0
2024-11-19 00:00:00-05:00,13.020000457763672,13.479000091552734,13.010000228881836,13.260000228881836,49700,0.0,0.0
2024-11-20 00:00:00-05:00,13.170000076293945,13.170000076293945,12.720000267028809,13.100000381469727,34900,0.0,0.0
2024-11-21 00:00:00-05:00,13.270000457763672,13.800000190734863,13.069999694824219,13.800000190734863,75500,0.0,0.0
2024-11-22 00:00:00-05:00,13.930000305175781,14.220000267028809,13.880999565124512,14.029999732971191,75600,0.0,0.0
2024-11-25 00:00:00-05:00,14.210000038146973,14.619999885559082,14.189000129699707,14.300000190734863,79600,0.0,0.0
2024-11-26 00:00:00-05:00,14.300000190734863,14.479999542236328,13.984999656677246,14.420000076293945,38700,0.0,0.0
2024-11-27 00:00:00-05:00,14.600000381469727,14.600000381469727,14.3149995803833,14.449999809265137,36300,0.0,0.0
2024-11-29 00:00:00-05:00,14.550000190734863,14.569999694824219,14.4350004196167,14.539999961853027,14500,0.0,0.0
2024-12-02 00:00:00-05:00,14.609999656677246,14.630000114440918,14.425000190734863,14.630000114440918,43600,0.0,0.0
2024-12-03 00:00:00-05:00,14.630000114440918,14.630000114440918,13.420000076293945,13.989999771118164,80500,0.0,0.0
2024-12-04 00:00:00-05:00,14.244999885559082,14.244999885559082,14.03499984741211,14.15999984741211,35000,0.0,0.0
2024-12-05 00:00:00-05:00,14.050000190734863,14.095000267028809,13.630000114440918,13.770000457763672,40200,0.0,0.0
2024-12-06 00:00:00-05:00,13.84000015258789,13.84000015258789,13.390000343322754,13.649999618530273,38400,0.0,0.0
2024-12-09 00:00:00-05:00,13.600000381469727,13.664999961853027,13.449999809265137,13.600000381469727,34300,0.0,0.0
2024-12-10 00:00:00-05:00,13.619999885559082,13.859999656677246,13.270000457763672,13.710000038146973,77800,0.0,0.0
2024-12-11 00:00:00-05:00,13.890000343322754,14.25,13.699999809265137,14.050000190734863,48400,0.0,0.0
2024-12-12 00:00:00-05:00,14.020000457763672,14.09000015258789,13.710000038146973,13.779999732971191,26000,0.0,0.0
2024-12-13 00:00:00-05:00,13.699999809265137,13.781999588012695,13.3100004196167,13.350000381469727,25000,0.0,0.0
2024-12-16 00:00:00-05:00,13.180000305175781,13.260000228881836,13.050000190734863,13.170000076293945,37100,0.0,0.0
2024-12-17 00:00:00-05:00,13.170000076293945,13.234999656677246,12.890000343322754,13.199999809265137,37800,0.0,0.0
2024-12-18 00:00:00-05:00,13.180000305175781,13.204999923706055,12.345000267028809,12.369999885559082,68900,0.0,0.0
2024-12-19 00:00:00-05:00,12.5,12.5,12.140000343322754,12.15999984741211,40700,0.0,0.0
2024-12-20 00:00:00-05:00,12.020000457763672,12.989999771118164,12.020000457763672,12.949999809265137,187300,0.0,0.0
2024-12-23 00:00:00-05:00,12.869999885559082,12.869999885559082,12.59000015258789,12.680000305175781,39300,0.0,0.0
2024-12-24 00:00:00-05:00,12.680000305175781,12.869999885559082,12.609999656677246,12.869999885559082,14700,0.0,0.0
2024-12-26 00:00:00-05:00,12.920000076293945,12.979999542236328,12.664999961853027,12.960000038146973,30400,0.0,0.0
2024-12-27 00:00:00-05:00,12.779999732971191,12.861000061035156,12.399999618530273,12.550000190734863,55300,0.0,0.0
2024-12-30 00:00:00-05:00,12.569999694824219,12.880000114440918,12.390000343322754,12.84000015258789,39400,0.0,0.0
2024-12-31 00:00:00-05:00,12.970000267028809,12.970000267028809,12.630000114440918,12.680000305175781,25800,0.0,0.0
2025-01-02 00:00:00-05:00,12.84000015258789,12.960000038146973,12.319999694824219,12.4399995803833,35100,0.0,0.0
2025-01-03 00:00:00-05:00,12.470000267028809,12.600000381469727,12.329999923706055,12.569999694824219,30200,0.0,0.0
2025-01-06 00:00:00-05:00,12.550000190734863,12.619999885559082,12.140000343322754,12.1899995803833,57200,0.0,0.0
2025-01-07 00:00:00-05:00,12.289999961853027,12.289999961853027,11.880000114440918,12.069999694824219,67500,0.0,0.0
2025-01-08 00:00:00-05:00,11.970000267028809,12.050000190734863,11.699999809265137,11.979999542236328,47100,0.0,0.0
2025-01-10 00:00:00-05:00,11.770000457763672,12.149999618530273,11.395000457763672,11.569999694824219,100500,0.0,0.0
2025-01-13 00:00:00-05:00,11.369999885559082,11.539999961853027,11.229999542236328,11.470000267028809,53600,0.0,0.0
2025-01-14 00:00:00-05:00,11.550000190734863,11.550000190734863,11.279999732971191,11.449999809265137,55900,0.0,0.0
2025-01-15 00:00:00-05:00,11.720000267028809,11.789999961853027,11.489999771118164,11.6899995803833,38700,0.0,0.0
2025-01-16 00:00:00-05:00,11.729999542236328,11.760000228881836,11.5600004196167,11.59000015258789,25700,0.0,0.0
2025-01-17 00:00:00-05:00,11.710000038146973,11.710000038146973,11.479999542236328,11.550000190734863,23900,0.0,0.0
2025-01-21 00:00:00-05:00,11.579999923706055,11.779999732971191,11.569999694824219,11.600000381469727,37900,0.0,0.0
2025-01-22 00:00:00-05:00,11.529999732971191,11.529999732971191,11.1899995803833,11.199999809265137,45500,0.0,0.0
2025-01-23 00:00:00-05:00,11.170000076293945,11.265000343322754,11.0,11.25,69900,0.0,0.0
2025-01-24 00:00:00-05:00,11.229999542236328,11.329999923706055,11.100000381469727,11.15999984741211,31600,0.0,0.0
2025-01-27 00:00:00-05:00,11.069999694824219,11.289999961853027,11.050000190734863,11.279999732971191,38600,0.0,0.0
2025-01-28 00:00:00-05:00,11.25,11.40999984741211,11.1899995803833,11.350000381469727,32500,0.0,0.0
2025-01-29 00:00:00-05:00,11.3100004196167,11.5,11.260000228881836,11.489999771118164,29800,0.0,0.0
2025-01-30 00:00:00-05:00,11.609999656677246,12.09000015258789,11.609999656677246,11.789999961853027,55400,0.0,0.0
2025-01-31 00:00:00-05:00,11.699999809265137,12.039999961853027,11.699999809265137,11.75,49500,0.0,0.0
2025-02-03 00:00:00-05:00,11.5,11.760000228881836,11.5,11.640000343322754,42500,0.0,0.0
2025-02-04 00:00:00-05:00,11.649999618530273,11.800000190734863,11.640000343322754,11.75,24200,0.0,0.0
2025-02-05 00:00:00-05:00,11.800000190734863,11.92300033569336,11.680000305175781,11.850000381469727,24400,0.0,0.0
2025-02-06 00:00:00-05:00,11.859999656677246,11.899999618530273,11.720000267028809,11.779999732971191,27600,0.0,0.0
2025-02-07 00:00:00-05:00,11.729999542236328,11.75,11.59000015258789,11.640000343322754,36500,0.0,0.0
2025-02-10 00:00:00-05:00,11.555000305175781,11.710000038146973,11.550000190734863,11.569999694824219,29600,0.0,0.0
2025-02-11 00:00:00-05:00,11.569999694824219,11.725000381469727,11.470000267028809,11.640000343322754,34200,0.0,0.0
2025-02-12 00:00:00-05:00,11.420000076293945,11.614999771118164,11.229999542236328,11.449999809265137,48700,0.0,0.0
2025-02-13 00:00:00-05:00,11.430000305175781,11.75,11.40999984741211,11.680000305175781,36000,0.0,0.0
2025-02-14 00:00:00-05:00,11.850000381469727,12.25,11.850000381469727,12.149999618530273,49400,0.0,0.0
2025-02-18 00:00:00-05:00,12.1899995803833,12.22700023651123,11.920000076293945,12.039999961853027,27100,0.0,0.0
2025-02-19 00:00:00-05:00,11.90999984741211,12.069000244140625,11.770000457763672,11.789999961853027,29300,0.0,0.0
2025-02-20 00:00:00-05:00,11.789999961853027,11.989999771118164,11.569999694824219,11.579999923706055,17400,0.0,0.0
2025-02-21 00:00:00-05:00,11.699999809265137,11.779999732971191,11.420000076293945,11.489999771118164,46300,0.0,0.0
2025-02-24 00:00:00-05:00,11.529999732971191,11.569999694824219,11.260000228881836,11.270000457763672,28600,0.0,0.0
2025-02-25 00:00:00-05:00,11.34000015258789,11.699999809265137,11.34000015258789,11.640000343322754,37800,0.0,0.0
2025-02-26 00:00:00-05:00,11.600000381469727,11.729999542236328,11.5,11.609999656677246,21300,0.0,0.0
2025-02-27 00:00:00-05:00,11.5600004196167,11.5600004196167,11.354999542236328,11.380000114440918,17800,0.0,0.0
2025-02-28 00:00:00-05:00,11.430000305175781,11.640000343322754,11.390000343322754,11.630000114440918,42700,0.0,0.0
2025-03-03 00:00:00-05:00,11.619999885559082,11.890000343322754,11.5,11.609999656677246,47900,0.0,0.0
2025-03-04 00:00:00-05:00,11.529999732971191,11.585000038146973,11.34000015258789,11.399999618530273,26800,0.0,0.0
2025-03-05 00:00:00-05:00,11.399999618530273,11.399999618530273,11.149999618530273,11.1899995803833,28100,0.0,0.0
2025-03-06 00:00:00-05:00,11.119999885559082,11.175000190734863,10.960000038146973,10.989999771118164,64600,0.0,0.0
2025-03-07 00:00:00-05:00,11.1899995803833,11.270000457763672,10.8100004196167,10.970000267028809,30100,0.0,0.0
2025-03-10 00:00:00-04:00,10.920000076293945,10.920000076293945,10.5600004196167,10.710000038146973,45800,0.0,0.0
2025-03-11 00:00:00-04:00,10.779999732971191,10.970000267028809,10.609999656677246,10.760000228881836,43200,0.0,0.0
2025-03-12 00:00:00-04:00,10.8100004196167,10.850000381469727,10.680000305175781,10.770000457763672,32200,0.0,0.0
2025-03-13 00:00:00-04:00,10.770000457763672,10.795999526977539,10.619999885559082,10.65999984741211,40000,0.0,0.0
2025-03-14 00:00:00-04:00,10.729999542236328,10.789999961853027,10.630000114440918,10.670000076293945,25600,0.0,0.0
2025-03-17 00:00:00-04:00,10.729999542236328,10.819999694824219,10.710000038146973,10.739999771118164,33500,0.0,0.0
2025-03-18 00:00:00-04:00,10.720000267028809,10.720000267028809,10.579999923706055,10.609999656677246,27000,0.0,0.0
2025-03-19 00:00:00-04:00,10.65999984741211,10.824000358581543,10.65999984741211,10.779999732971191,14400,0.0,0.0
2025-03-20 00:00:00-04:00,10.75,10.779999732971191,10.600000381469727,10.630000114440918,15300,0.0,0.0
2025-03-21 00:00:00-04:00,10.369999885559082,10.899999618530273,10.329999923706055,10.710000038146973,130300,0.0,0.0
2025-03-24 00:00:00-04:00,10.869999885559082,10.869999885559082,10.550000190734863,10.720000267028809,29400,0.0,0.0
2025-03-25 00:00:00-04:00,10.694999694824219,10.694999694824219,10.479999542236328,10.479999542236328,23100,0.0,0.0
2025-03-26 00:00:00-04:00,10.5,10.600000381469727,10.40999984741211,10.5,27100,0.0,0.0
2025-03-27 00:00:00-04:00,10.430000305175781,10.6899995803833,10.420000076293945,10.680000305175781,21000,0.0,0.0
2025-03-28 00:00:00-04:00,10.75,10.800000190734863,10.670000076293945,10.729999542236328,35900,0.0,0.0
2025-03-31 00:00:00-04:00,10.630000114440918,10.744999885559082,10.449999809265137,10.470000267028809,55500,0.0,0.0
2025-04-01 00:00:00-04:00,10.40999984741211,10.710000038146973,10.40999984741211,10.680000305175781,24100,0.0,0.0
2025-04-02 00:00:00-04:00,10.569999694824219,10.630000114440918,10.468000411987305,10.529999732971191,26800,0.0,0.0
2025-04-03 00:00:00-04:00,10.260000228881836,10.420000076293945,10.244999885559082,10.319999694824219,35400,0.0,0.0
2025-04-04 00:00:00-04:00,10.069999694824219,10.520000457763672,9.720000267028809,10.4399995803833,114300,0.0,0.0
2025-04-07 00:00:00-04:00,10.09000015258789,10.710000038146973,10.069999694824219,10.329999923706055,50100,0.0,0.0
2025-04-08 00:00:00-04:00,10.470000267028809,10.640000343322754,9.930000305175781,9.949999809265137,58600,0.0,0.0
2025-04-09 00:00:00-04:00,9.979999542236328,11.140000343322754,9.859999656677246,10.779999732971191,59300,0.0,0.0
2025-04-10 00:00:00-04:00,10.359999656677246,10.770000457763672,10.130000114440918,10.289999961853027,47300,0.0,0.0
2025-04-11 00:00:00-04:00,10.289999961853027,10.380000114440918,9.899999618530273,10.109999656677246,29400,0.0,0.0
2025-04-14 00:00:00-04:00,10.1899995803833,10.282999992370605,9.84000015258789,9.859999656677246,98000,0.0,0.0
2025-04-15 00:00:00-04:00,9.8100004196167,10.109999656677246,9.8100004196167,10.010000228881836,63400,0.0,0.0
2025-04-16 00:00:00-04:00,10.020000457763672,10.140000343322754,9.9399995803833,10.0,56200,0.0,0.0
2025-04-17 00:00:00-04:00,9.970000267028809,10.197999954223633,9.920000076293945,9.960000038146973,165000,0.0,0.0
2025-04-21 00:00:00-04:00,9.930000305175781,10.289999961853027,9.899999618530273,10.25,46100,0.0,0.0
2025-04-22 00:00:00-04:00,10.329999923706055,10.649999618530273,10.220000267028809,10.25,45000,0.0,0.0
2025-04-23 00:00:00-04:00,10.430000305175781,10.479999542236328,10.130000114440918,10.170000076293945,24800,0.0,0.0
2025-04-24 00:00:00-04:00,10.140000343322754,10.3100004196167,10.0600004196167,10.239999771118164,28600,0.0,0.0
2025-04-25 00:00:00-04:00,10.15999984741211,10.15999984741211,10.020000457763672,10.0600004196167,19100,0.0,0.0
2025-04-28 00:00:00-04:00,10.020000457763672,10.130000114440918,9.970000267028809,10.0,104600,0.0,0.0
2025-04-29 00:00:00-04:00,10.0,10.130000114440918,9.84000015258789,9.880000114440918,197600,0.0,0.0
2025-04-30 00:00:00-04:00,9.84000015258789,9.989999771118164,9.824999809265137,9.899999618530273,142800,0.0,0.0
2025-05-01 00:00:00-04:00,9.850000381469727,10.114999771118164,9.850000381469727,9.96500015258789,41000,0.0,0.0
2025-05-02 00:00:00-04:00,9.970000267028809,10.100000381469727,9.864999771118164,10.09000015258789,584300,0.0,0.0
2025-05-05 00:00:00-04:00,10.020000457763672,10.479999542236328,10.010000228881836,10.369999885559082,64900,0.0,0.0
2025-05-06 00:00:00-04:00,10.239999771118164,10.720000267028809,10.234999656677246,10.720000267028809,64000,0.0,0.0
2025-05-07 00:00:00-04:00,10.739999771118164,10.770000457763672,10.260000228881836,10.380000114440918,59100,0.0,0.0
2025-05-08 00:00:00-04:00,10.420000076293945,10.579999923706055,10.25,10.4399995803833,46200,0.0,0.0
2025-05-09 00:00:00-04:00,10.430000305175781,10.430000305175781,10.260000228881836,10.359999656677246,35100,0.0,0.0
2025-05-12 00:00:00-04:00,10.619999885559082,10.619999885559082,10.425000190734863,10.460000038146973,49000,0.0,0.0
2025-05-13 00:00:00-04:00,10.5600004196167,10.670000076293945,10.40999984741211,10.550000190734863,50200,0.0,0.0
2025-05-14 00:00:00-04:00,10.479999542236328,10.479999542236328,10.260000228881836,10.289999961853027,34700,0.0,0.0
2025-05-15 00:00:00-04:00,10.300000190734863,10.609999656677246,10.300000190734863,10.579999923706055,31700,0.0,0.0
2025-05-16 00:00:00-04:00,10.649999618530273,10.895000457763672,10.520000457763672,10.850000381469727,49200,0.0,0.0
2025-05-19 00:00:00-04:00,10.6899995803833,11.005000114440918,10.6899995803833,10.949999809265137,29400,0.0,0.0
2025-05-20 00:00:00-04:00,10.930000305175781,11.0600004196167,10.829999923706055,11.029999732971191,43300,0.0,0.0
2025-05-21 00:00:00-04:00,10.880000114440918,11.012999534606934,10.680000305175781,10.789999961853027,32200,0.0,0.0
2025-05-22 00:00:00-04:00,10.680000305175781,10.8149995803833,10.670000076293945,10.6899995803833,29800,0.0,0.0
2025-05-23 00:00:00-04:00,10.5600004196167,10.690999984741211,10.34000015258789,10.359999656677246,27100,0.0,0.0
2025-05-27 00:00:00-04:00,10.369999885559082,10.800000190734863,10.369999885559082,10.699999809265137,89900,0.0,0.0
2025-05-28 00:00:00-04:00,10.649999618530273,10.760000228881836,10.539999961853027,10.569999694824219,31300,0.0,0.0
2025-05-29 00:00:00-04:00,10.539999961853027,10.71500015258789,10.449999809265137,10.600000381469727,29900,0.0,0.0
2025-05-30 00:00:00-04:00,10.539999961853027,10.739999771118164,10.520000457763672,10.619999885559082,37600,0.0,0.0
2025-06-02 00:00:00-04:00,10.689000129699707,10.689000129699707,10.4399995803833,10.460000038146973,42400,0.0,0.0
2025-06-03 00:00:00-04:00,10.460000038146973,10.520000457763672,10.119999885559082,10.229999542236328,49200,0.0,0.0
2025-06-04 00:00:00-04:00,10.279999732971191,10.279999732971191,10.079999923706055,10.270000457763672,32700,0.0,0.0
2025-06-05 00:00:00-04:00,10.229999542236328,10.260000228881836,10.090999603271484,10.239999771118164,29000,0.0,0.0
2025-06-06 00:00:00-04:00,10.399999618530273,10.399999618530273,10.1899995803833,10.300000190734863,33100,0.0,0.0
2025-06-09 00:00:00-04:00,10.380000114440918,10.579999923706055,10.289999961853027,10.520000457763672,28000,0.0,0.0
2025-06-10 00:00:00-04:00,10.520000457763672,10.739999771118164,10.460000038146973,10.729999542236328,36100,0.0,0.0
2025-06-11 00:00:00-04:00,10.720000267028809,10.779999732971191,10.630000114440918,10.739999771118164,52700,0.0,0.0
2025-06-12 00:00:00-04:00,10.6899995803833,10.75,10.630000114440918,10.649999618530273,18400,0.0,0.0
2025-06-13 00:00:00-04:00,10.489999771118164,10.8100004196167,10.119999885559082,10.140000343322754,36800,0.0,0.0
2025-06-16 00:00:00-04:00,10.270000457763672,10.371000289916992,10.125,10.270000457763672,15600,0.0,0.0
2025-06-17 00:00:00-04:00,10.149999618530273,10.350000381469727,10.010000228881836,10.020000457763672,41600,0.0,0.0
2025-06-18 00:00:00-04:00,10.0,10.15999984741211,10.0,10.100000381469727,27500,0.0,0.0
2025-06-20 00:00:00-04:00,10.140000343322754,10.260000228881836,10.010000228881836,10.0600004196167,49100,0.0,0.0
2025-06-23 00:00:00-04:00,10.09000015258789,10.354999542236328,10.09000015258789,10.300000190734863,34900,0.0,0.0
2025-06-24 00:00:00-04:00,10.350000381469727,10.5,10.329999923706055,10.359999656677246,26300,0.0,0.0
2025-06-25 00:00:00-04:00,10.260000228881836,10.350000381469727,10.163999557495117,10.239999771118164,33700,0.0,0.0
2025-06-26 00:00:00-04:00,10.220000267028809,10.479999542236328,10.1899995803833,10.4399995803833,27200,0.0,0.0
2025-06-27 00:00:00-04:00,10.40999984741211,10.770000457763672,10.40999984741211,10.6899995803833,172000,0.0,0.0
2025-06-30 00:00:00-04:00,10.699999809265137,10.779999732971191,10.579999923706055,10.720000267028809,49400,0.0,0.0
2025-07-01 00:00:00-04:00,10.75,11.15999984741211,10.680000305175781,11.029999732971191,28100,0.0,0.0
2025-07-02 00:00:00-04:00,11.050000190734863,11.140000343322754,10.9399995803833,10.989999771118164,45900,0.0,0.0
2025-07-03 00:00:00-04:00,11.050000190734863,11.140000343322754,10.38599967956543,11.09000015258789,23400,0.0,0.0
2025-07-07 00:00:00-04:00,11.020000457763672,11.069999694824219,10.6899995803833,10.6899995803833,45100,0.0,0.0
2025-07-08 00:00:00-04:00,10.699999809265137,10.829999923706055,10.699999809265137,10.75,42600,0.0,0.0
2025-07-09 00:00:00-04:00,10.960000038146973,10.960000038146973,10.625,10.640000343322754,64500,0.0,0.0
2025-07-10 00:00:00-04:00,10.649999618530273,10.847999572753906,10.295000076293945,10.399999618530273,73700,0.0,0.0
2025-07-11 00:00:00-04:00,10.399999618530273,10.550000190734863,10.029999732971191,10.050000190734863,64500,0.0,0.0
2025-07-14 00:00:00-04:00,10.010000228881836,10.34000015258789,10.0,10.079999923706055,40400,0.0,0.0
2025-07-15 00:00:00-04:00,10.140000343322754,10.1899995803833,10.039999961853027,10.050000190734863,66300,0.0,0.0
2025-07-16 00:00:00-04:00,10.109999656677246,10.25,10.069999694824219,10.220000267028809,48600,0.0,0.0
2025-07-17 00:00:00-04:00,10.239999771118164,10.34000015258789,10.020000457763672,10.029999732971191,48000,0.0,0.0
2025-07-18 00:00:00-04:00,10.130000114440918,10.149999618530273,9.970000267028809,9.970000267028809,65100,0.0,0.0
2025-07-21 00:00:00-04:00,9.9399995803833,10.057999610900879,9.869999885559082,9.880000114440918,62100,0.0,0.0
2025-07-22 00:00:00-04:00,9.890000343322754,10.069999694824219,9.890000343322754,10.0,50900,0.0,0.0
2025-07-23 00:00:00-04:00,10.010000228881836,10.130000114440918,9.989999771118164,10.119999885559082,45900,0.0,0.0
2025-07-24 00:00:00-04:00,10.029999732971191,10.050000190734863,9.90999984741211,9.90999984741211,39600,0.0,0.0
2025-07-25 00:00:00-04:00,9.979999542236328,10.199999809265137,9.979999542236328,10.119999885559082,33000,0.0,0.0
2025-07-28 00:00:00-04:00,10.09000015258789,10.180000305175781,10.085000038146973,10.140000343322754,30800,0.0,0.0
2025-07-29 00:00:00-04:00,10.170000076293945,10.170000076293945,10.003999710083008,10.010000228881836,37700,0.0,0.0
2025-07-30 00:00:00-04:00,10.0,10.079999923706055,9.869999885559082,9.899999618530273,82100,0.0,0.0
2025-07-31 00:00:00-04:00,9.850000381469727,9.989999771118164,9.729999542236328,9.800000190734863,76000,0.0,0.0
2025-08-01 00:00:00-04:00,9.779999732971191,9.902000427246094,9.649999618530273,9.75,71900,0.0,0.0
2025-08-04 00:00:00-04:00,9.760000228881836,9.890000343322754,9.710000038146973,9.8100004196167,35500,0.0,0.0
2025-08-05 00:00:00-04:00,9.789999961853027,9.809000015258789,9.710000038146973,9.760000228881836,36400,0.0,0.0
2025-08-06 00:00:00-04:00,9.729999542236328,9.866999626159668,9.6899995803833,9.800000190734863,20400,0.0,0.0
2025-08-07 00:00:00-04:00,9.899999618530273,10.010000228881836,9.845000267028809,9.9399995803833,53200,0.0,0.0
2025-08-08 00:00:00-04:00,9.949999809265137,10.09000015258789,9.850000381469727,9.90999984741211,18700,0.0,0.0
2025-08-11 00:00:00-04:00,9.90999984741211,10.045000076293945,9.800000190734863,10.0,28400,0.0,0.0
2025-08-12 00:00:00-04:00,10.020000457763672,10.220000267028809,9.954999923706055,10.220000267028809,41800,0.0,0.0
2025-08-13 00:00:00-04:00,10.260000228881836,10.479999542236328,10.260000228881836,10.449999809265137,23000,0.0,0.0
2025-08-14 00:00:00-04:00,10.3100004196167,10.42300033569336,10.010000228881836,10.039999961853027,38900,0.0,0.0
2025-08-15 00:00:00-04:00,10.09000015258789,10.15999984741211,9.989999771118164,10.130000114440918,26900,0.0,0.0
2025-08-18 00:00:00-04:00,10.130000114440918,10.260000228881836,10.050000190734863,10.069999694824219,24200,0.0,0.0
2025-08-19 00:00:00-04:00,10.168000221252441,10.300000190734863,10.09000015258789,10.1899995803833,29300,0.0,0.0
2025-08-20 00:00:00-04:00,10.270000457763672,10.279999732971191,10.130000114440918,10.25,32000,0.0,0.0
2025-08-21 00:00:00-04:00,10.09000015258789,10.140000343322754,10.020000457763672,10.050000190734863,36000,0.0,0.0
2025-08-22 00:00:00-04:00,10.170000076293945,10.65999984741211,10.09000015258789,10.640000343322754,53800,0.0,0.0
2025-08-25 00:00:00-04:00,10.59000015258789,10.59000015258789,10.1899995803833,10.220000267028809,23500,0.0,0.0
2025-08-26 00:00:00-04:00,10.25,10.420000076293945,10.199999809265137,10.210000038146973,14100,0.0,0.0
2025-08-27 00:00:00-04:00,10.119999885559082,10.289999961853027,10.074999809265137,10.210000038146973,33200,0.0,0.0
2025-08-28 00:00:00-04:00,10.180000305175781,10.220000267028809,10.09000015258789,10.100000381469727,32400,0.0,0.0
2025-08-29 00:00:00-04:00,10.199999809265137,10.199999809265137,10.039999961853027,10.100000381469727,40900,0.0,0.0
2025-09-02 00:00:00-04:00,10.029999732971191,10.369000434875488,10.001999855041504,10.149999618530273,42800,0.0,0.0
2025-09-03 00:00:00-04:00,10.130000114440918,10.300000190734863,10.130000114440918,10.210000038146973,28000,0.0,0.0
2025-09-04 00:00:00-04:00,10.279999732971191,10.510000228881836,10.234999656677246,10.510000228881836,27600,0.0,0.0
2025-09-05 00:00:00-04:00,10.609999656677246,11.100000381469727,10.449999809265137,11.020000457763672,56400,0.0,0.0
2025-09-08 00:00:00-04:00,11.119999885559082,11.220000267028809,10.729999542236328,10.960000038146973,70300,0.0,0.0
2025-09-09 00:00:00-04:00,10.850000381469727,10.899999618530273,10.829999923706055,10.880000114440918,36400,0.0,0.0
2025-09-10 00:00:00-04:00,10.829999923706055,11.079999923706055,10.800000190734863,11.029999732971191,43000,0.0,0.0
2025-09-11 00:00:00-04:00,11.0,11.559000015258789,11.0,11.279999732971191,62700,0.0,0.0
2025-09-12 00:00:00-04:00,11.270000457763672,11.270000457763672,11.010000228881836,11.020000457763672,16800,0.0,0.0
2025-09-15 00:00:00-04:00,10.979999542236328,11.5,10.979999542236328,11.119999885559082,26800,0.0,0.0
2025-09-16 00:00:00-04:00,11.0600004196167,11.21500015258789,10.979999542236328,11.1899995803833,23300,0.0,0.0
2025-09-17 00:00:00-04:00,11.229999542236328,11.640000343322754,11.229999542236328,11.430000305175781,39600,0.0,0.0
2025-09-18 00:00:00-04:00,11.5,11.619999885559082,11.40999984741211,11.5,39500,0.0,0.0
2025-09-19 00:00:00-04:00,11.5,11.65999984741211,11.3100004196167,11.390000343322754,104500,0.0,0.0
2025-09-22 00:00:00-04:00,11.489999771118164,11.489999771118164,10.963000297546387,11.34000015258789,45200,0.0,0.0
2025-09-23 00:00:00-04:00,11.430000305175781,11.430000305175781,11.039999961853027,11.09000015258789,29300,0.0,0.0
2025-09-24 00:00:00-04:00,11.109999656677246,11.579999923706055,10.960000038146973,10.979999542236328,28200,0.0,0.0
2025-09-25 00:00:00-04:00,10.960000038146973,11.34000015258789,10.899999618530273,10.960000038146973,36000,0.0,0.0
2025-09-26 00:00:00-04:00,10.979999542236328,11.114999771118164,10.869999885559082,10.979999542236328,25200,0.0,0.0
2025-09-29 00:00:00-04:00,11.039999961853027,11.09000015258789,10.960000038146973,10.979999542236328,39100,0.0,0.0
2025-09-30 00:00:00-04:00,10.979999542236328,11.100000381469727,10.944999694824219,11.069999694824219,45000,0.0,0.0
2025-10-01 00:00:00-04:00,11.010000228881836,11.085000038146973,10.9350004196167,10.989999771118164,64100,0.0,0.0
2025-10-02 00:00:00-04:00,11.029999732971191,11.050000190734863,10.949999809265137,11.039999961853027,35600,0.0,0.0
2025-10-03 00:00:00-04:00,11.09000015258789,11.329999923706055,11.0600004196167,11.109999656677246,28500,0.0,0.0
2025-10-06 00:00:00-04:00,11.100000381469727,11.210000038146973,11.029000282287598,11.109999656677246,31200,0.0,0.0
2025-10-07 00:00:00-04:00,11.130000114440918,11.199999809265137,11.0,11.050000190734863,65800,0.0,0.0
2025-10-08 00:00:00-04:00,11.119999885559082,11.25,11.029999732971191,11.130000114440918,25900,0.0,0.0
2025-10-09 00:00:00-04:00,11.020000457763672,11.050000190734863,10.875,10.989999771118164,75800,0.0,0.0
2025-10-10 00:00:00-04:00,10.899999618530273,11.020000457763672,10.850000381469727,10.90999984741211,94400,0.0,0.0
2025-10-13 00:00:00-04:00,10.949999809265137,11.100000381469727,10.819999694824219,11.0,35500,0.0,0.0
2025-10-14 00:00:00-04:00,10.890000343322754,11.149999618530273,10.890000343322754,11.079999923706055,64800,0.0,0.0
2025-10-15 00:00:00-04:00,11.09000015258789,11.15999984741211,11.0,11.020000457763672,53400,0.0,0.0
2025-10-16 00:00:00-04:00,10.970000267028809,11.0600004196167,10.970000267028809,11.010000228881836,28300,0.0,0.0
2025-10-17 00:00:00-04:00,11.020000457763672,11.092000007629395,10.899999618530273,10.970000267028809,72400,0.0,0.0
2025-10-20 00:00:00-04:00,11.039999961853027,11.100000381469727,10.949999809265137,11.039999961853027,44300,0.0,0.0
2025-10-21 00:00:00-04:00,11.0,11.0600004196167,10.975000381469727,11.020000457763672,47300,0.0,0.0
2025-10-22 00:00:00-04:00,11.0,11.09000015258789,10.90999984741211,10.9399995803833,63300,0.0,0.0
2025-10-23 00:00:00-04:00,11.0,11.079999923706055,10.949999809265137,11.050000190734863,51200,0.0,0.0
2025-10-24 00:00:00-04:00,11.050000190734863,11.09000015258789,10.899999618530273,11.020000457763672,172400,0.0,0.0
2025-10-27 00:00:00-04:00,11.079999923706055,11.109999656677246,10.9399995803833,11.0,84600,0.0,0.0
2025-10-28 00:00:00-04:00,10.979999542236328,11.0649995803833,10.960000038146973,10.989999771118164,64700,0.0,0.0
2025-10-29 00:00:00-04:00,10.960000038146973,11.039999961853027,10.859999656677246,10.90999984741211,76000,0.0,0.0
2025-10-30 00:00:00-04:00,10.859999656677246,11.039999961853027,10.859999656677246,11.010000228881836,53600,0.0,0.0
2025-10-31 00:00:00-04:00,11.0,11.039999961853027,10.895000457763672,11.010000228881836,59500,0.0,0.0
2025-11-03 00:00:00-05:00,11.039999961853027,11.048999786376953,10.899999618530273,11.0,74300,0.0,0.0
2025-11-04 00:00:00-05:00,10.989999771118164,11.100000381469727,10.989999771118164,11.039999961853027,56800,0.0,0.0
2025-11-05 00:00:00-05:00,10.989999771118164,11.069999694824219,10.859999656677246,11.0,54300,0.0,0.0
2025-11-06 00:00:00-05:00,10.960000038146973,10.979999542236328,10.84000015258789,10.850000381469727,47800,0.0,0.0
2025-11-07 00:00:00-05:00,10.84000015258789,10.960000038146973,10.84000015258789,10.930000305175781,43800,0.0,0.0
2025-11-10 00:00:00-05:00,10.989999771118164,11.071999549865723,10.949999809265137,11.0,31400,0.0,0.0
2025-11-11 00:00:00-05:00,11.119999885559082,11.130000114440918,11.03499984741211,11.119999885559082,44600,0.0,0.0
2025-11-12 00:00:00-05:00,11.170000076293945,11.3149995803833,11.097000122070312,11.229999542236328,45700,0.0,0.0
2025-11-13 00:00:00-05:00,11.100000381469727,11.54699993133545,11.010000228881836,11.050000190734863,34200,0.0,0.0
2025-11-14 00:00:00-05:00,11.192999839782715,11.192999839782715,10.970000267028809,11.109999656677246,54100,0.0,0.0
2025-11-17 00:00:00-05:00,11.050000190734863,11.15999984741211,10.970000267028809,11.029999732971191,125500,0.0,0.0
2025-11-18 00:00:00-05:00,11.020000457763672,11.0600004196167,10.984999656677246,11.029999732971191,38300,0.0,0.0
2025-11-19 00:00:00-05:00,11.039999961853027,11.154999732971191,10.97700023651123,10.989999771118164,41700,0.0,0.0
2025-11-20 00:00:00-05:00,11.039999961853027,11.21500015258789,10.75,10.75,50600,0.0,0.0
2025-11-21 00:00:00-05:00,10.770000457763672,11.050000190734863,10.729999542236328,11.0,52900,0.0,0.0
2025-11-24 00:00:00-05:00,11.199999809265137,11.199999809265137,10.96500015258789,11.010000228881836,28000,0.0,0.0
2025-11-25 00:00:00-05:00,11.079999923706055,11.289999961853027,10.989999771118164,11.260000228881836,27400,0.0,0.0
2025-11-26 00:00:00-05:00,11.229999542236328,11.559000015258789,11.229999542236328,11.399999618530273,55000,0.0,0.0
2025-11-28 00:00:00-05:00,11.369999885559082,11.550000190734863,11.329999923706055,11.380000114440918,19700,0.0,0.0
2025-12-01 00:00:00-05:00,11.25,11.3100004196167,11.149999618530273,11.180000305175781,30800,0.0,0.0
2025-12-02 00:00:00-05:00,11.289999961853027,11.505000114440918,11.199999809265137,11.4399995803833,29300,0.0,0.0
2025-12-03 00:00:00-05:00,11.510000228881836,11.734999656677246,11.35200023651123,11.720000267028809,66100,0.0,0.0
2025-12-04 00:00:00-05:00,11.710000038146973,11.960000038146973,11.670000076293945,11.859999656677246,31000,0.0,0.0
2025-12-05 00:00:00-05:00,11.84000015258789,11.84000015258789,11.300000190734863,11.390000343322754,35900,0.0,0.0
2025-12-08 00:00:00-05:00,11.40999984741211,11.515000343322754,11.359999656677246,11.449999809265137,26200,0.0,0.0
2025-12-09 00:00:00-05:00,11.489999771118164,11.59000015258789,11.319999694824219,11.479999542236328,40600,0.0,0.0
2025-12-10 00:00:00-05:00,11.369999885559082,12.0600004196167,11.369999885559082,11.899999618530273,106100,0.0,0.0
2025-12-11 00:00:00-05:00,11.989999771118164,12.119999885559082,11.729999542236328,11.800000190734863,51500,0.0,0.0
2025-12-12 00:00:00-05:00,11.8100004196167,12.020000457763672,11.609999656677246,11.9399995803833,46200,0.0,0.0
2025-12-15 00:00:00-05:00,12.154999732971191,12.154999732971191,11.800000190734863,11.859999656677246,38800,0.0,0.0
2025-12-16 00:00:00-05:00,11.779999732971191,11.850000381469727,11.609999656677246,11.720000267028809,46300,0.0,0.0
2025-12-17 00:00:00-05:00,11.699999809265137,11.739999771118164,11.390000343322754,11.5600004196167,48600,0.0,0.0
2025-12-18 00:00:00-05:00,11.670000076293945,11.795000076293945,11.529999732971191,11.699999809265137,37500,0.0,0.0
2025-12-19 00:00:00-05:00,11.65999984741211,11.65999984741211,11.329999923706055,11.329999923706055,115400,0.0,0.0
2025-12-22 00:00:00-05:00,11.329999923706055,11.866000175476074,11.260000228881836,11.319999694824219,31100,0.0,0.0
2025-12-23 00:00:00-05:00,11.260000228881836,11.619999885559082,11.210000038146973,11.239999771118164,40300,0.0,0.0
2025-12-24 00:00:00-05:00,11.220000267028809,11.220000267028809,11.010000228881836,11.039999961853027,22600,0.0,0.0
2025-12-26 00:00:00-05:00,11.220000267028809,11.220000267028809,10.90999984741211,11.09000015258789,27400,0.0,0.0
2025-12-29 00:00:00-05:00,11.649999618530273,11.649999618530273,11.020000457763672,11.079999923706055,27400,0.0,0.0
2025-12-30 00:00:00-05:00,11.079999923706055,11.164999961853027,10.960000038146973,11.0,22200,0.0,0.0
2025-12-31 00:00:00-05:00,10.920000076293945,11.0649995803833,10.90999984741211,10.989999771118164,31800,0.0,0.0
2026-01-02 00:00:00-05:00,11.0600004196167,11.0600004196167,10.770000457763672,10.8100004196167,32900,0.0,0.0
2026-01-05 00:00:00-05:00,10.800000190734863,11.140000343322754,10.765000343322754,10.819999694824219,37900,0.0,0.0
2026-01-06 00:00:00-05:00,10.729999542236328,10.859999656677246,10.510000228881836,10.800000190734863,44200,0.0,0.0
2026-01-07 00:00:00-05:00,10.670000076293945,10.835000038146973,10.520000457763672,10.65999984741211,35400,0.0,0.0
2026-01-08 00:00:00-05:00,11.079999923706055,11.319000244140625,10.835000038146973,11.170000076293945,47900,0.0,0.0
2026-01-09 00:00:00-05:00,11.1899995803833,11.300000190734863,11.005000114440918,11.050000190734863,29100,0.0,0.0
2026-01-12 00:00:00-05:00,11.010000228881836,11.520000457763672,11.010000228881836,11.5,23000,0.0,0.0
2026-01-13 00:00:00-05:00,11.470000267028809,11.649999618530273,11.380000114440918,11.460000038146973,24000,0.0,0.0
2026-01-14 00:00:00-05:00,11.5,11.515000343322754,11.010000228881836,11.3100004196167,47200,0.0,0.0
2026-01-15 00:00:00-05:00,11.329999923706055,11.699999809265137,11.180999755859375,11.6899995803833,45900,0.0,0.0
2026-01-16 00:00:00-05:00,11.649999618530273,11.774999618530273,11.579999923706055,11.630000114440918,68700,0.0,0.0
2026-01-20 00:00:00-05:00,11.40999984741211,11.529999732971191,11.364999771118164,11.430000305175781,23200,0.0,0.0
2026-01-21 00:00:00-05:00,11.430000305175781,11.934000015258789,11.430000305175781,11.800000190734863,80700,0.0,0.0
2026-01-22 00:00:00-05:00,11.789999961853027,11.989999771118164,11.720000267028809,11.9399995803833,101700,0.0,0.0
2026-01-23 00:00:00-05:00,11.880000114440918,11.930000305175781,11.770000457763672,11.829999923706055,45500,0.0,0.0
2026-01-26 00:00:00-05:00,11.829999923706055,11.944999694824219,11.75,11.819999694824219,30800,0.0,0.0
2026-01-27 00:00:00-05:00,11.819999694824219,11.89799976348877,11.800000190734863,11.850000381469727,17800,0.0,0.0
2026-01-28 00:00:00-05:00,11.859999656677246,11.895000457763672,11.460000038146973,11.470000267028809,68000,0.0,0.0
2026-01-29 00:00:00-05:00,11.557000160217285,11.670000076293945,11.399999618530273,11.649999618530273,28400,0.0,0.0
2026-01-30 00:00:00-05:00,11.619999885559082,11.680000305175781,11.520000457763672,11.579999923706055,36800,0.0,0.0
2026-02-02 00:00:00-05:00,11.579999923706055,11.800000190734863,11.550000190734863,11.579999923706055,41200,0.0,0.0
2026-02-03 00:00:00-05:00,11.630000114440918,11.642999649047852,11.319999694824219,11.470000267028809,56400,0.0,0.0
2026-02-04 00:00:00-05:00,11.569999694824219,11.694999694824219,11.270000457763672,11.300000190734863,90300,0.0,0.0
2026-02-05 00:00:00-05:00,11.369999885559082,11.375,11.010000228881836,11.09000015258789,50800,0.0,0.0
2026-02-06 00:00:00-05:00,11.1899995803833,11.319999694824219,10.8100004196167,11.149999618530273,107100,0.0,0.0
2026-02-09 00:00:00-05:00,11.170000076293945,11.170000076293945,10.763999938964844,10.930000305175781,60700,0.0,0.0
2026-02-10 00:00:00-05:00,10.949999809265137,11.142999649047852,10.819999694824219,10.979999542236328,65300,0.0,0.0
2026-02-11 00:00:00-05:00,11.0600004196167,11.0600004196167,10.59000015258789,10.59000015258789,60700,0.0,0.0
2026-02-12 00:00:00-05:00,10.6899995803833,10.789999961853027,10.520000457763672,10.770000457763672,151300,0.0,0.0
2026-02-13 00:00:00-05:00,10.800000190734863,11.40999984741211,10.800000190734863,11.1899995803833,95300,0.0,0.0
