Date,Open,High,Low,Close,Volume,Dividends,Stock Splits
2022-01-03 00:00:00-05:00,88.59580772441974,89.94855917328971,87.68127122653202,88.1575927734375,321100,0.0,0.0
2022-01-04 00:00:00-05:00,90.10098359150028,90.10098359150028,85.52829393372129,87.19541931152344,404300,0.0,0.0
2022-01-05 00:00:00-05:00,85.34730419098948,86.96680205620227,82.48937447741632,82.52748107910156,412400,0.0,0.0
2022-01-06 00:00:00-05:00,82.3274119943765,84.46133769459311,81.54624497121733,83.59442901611328,330000,0.0,0.0
2022-01-07 00:00:00-05:00,83.23242006244791,84.84238176182785,80.96512511075265,81.0794448852539,371600,0.0,0.0
2022-01-10 00:00:00-05:00,79.86959614259402,81.1175635791341,78.13578594513866,81.02230072021484,449400,0.0,0.0
2022-01-11 00:00:00-05:00,81.02229467260331,82.5465221058118,80.05059468712122,81.5843505859375,368700,0.0,0.0
2022-01-12 00:00:00-05:00,81.94636201272333,83.1181163058836,80.16492394232992,80.42213439941406,471200,0.0,0.0
2022-01-13 00:00:00-05:00,82.44173900750702,82.52747340225532,79.19322237991102,79.45996856689453,728300,0.0,0.0
2022-01-14 00:00:00-05:00,78.64068270423998,81.25092249405434,78.11672614602482,80.97465515136719,347100,0.0,0.0
2022-01-18 00:00:00-05:00,79.18368461073548,80.25064006302684,77.84998302728236,78.7740478515625,502800,0.0,0.0
2022-01-19 00:00:00-05:00,79.0026752236418,80.08868753769126,76.32575102632026,76.70680236816406,417700,0.0,0.0
2022-01-20 00:00:00-05:00,77.31652019692093,78.91695368369716,74.62053838500518,74.64911651611328,460400,0.0,0.0
2022-01-21 00:00:00-05:00,74.25851859211596,76.99260660571775,74.21089080319443,74.45858001708984,592000,0.0,0.0
2022-01-24 00:00:00-05:00,73.35353099515399,76.31625211419777,71.88645950307996,76.15430450439453,661800,0.0,0.0
2022-01-25 00:00:00-05:00,74.06801235977699,75.38265742244734,72.47709988365806,73.46784973144531,582300,0.0,0.0
2022-01-26 00:00:00-05:00,75.25880273574211,77.98336250483769,74.17279021442036,75.36359405517578,511500,0.0,0.0
2022-01-27 00:00:00-05:00,76.30671034831697,76.9545079427274,71.46728168819722,71.80071258544922,383200,0.0,0.0
2022-01-28 00:00:00-05:00,70.87665826771537,71.9912491103694,69.06663466427477,71.85787963867188,699900,0.0,0.0
2022-01-31 00:00:00-05:00,72.64855884494018,76.99260869661065,72.21986512446883,76.8878173828125,768700,0.0,0.0
2022-02-01 00:00:00-05:00,77.12598226815493,77.40224963131749,74.93490756252231,76.16381072998047,456800,0.0,0.0
2022-02-02 00:00:00-05:00,76.98307708588511,78.21198740541455,75.88754347054052,77.23076629638672,355500,0.0,0.0
2022-02-03 00:00:00-05:00,76.011392577718,76.98308532586267,74.93490850884038,75.38264465332031,678900,0.0,0.0
2022-02-04 00:00:00-05:00,79.63143608194082,79.63143608194082,74.63958809487343,79.1741714477539,887300,0.0,0.0
2022-02-07 00:00:00-05:00,80.03153636907089,81.08897062639882,79.09794307889268,79.84100341796875,528300,0.0,0.0
2022-02-08 00:00:00-05:00,78.91694168100925,82.68941431150019,78.91694168100925,82.41314697265625,592700,0.0,0.0
2022-02-09 00:00:00-05:00,83.68969877885615,85.45208714231352,82.49889484839979,85.17582702636719,391000,0.0,0.0
2022-02-10 00:00:00-05:00,82.87040074900112,85.29964296074692,82.30834494762027,82.75608825683594,469100,0.0,0.0
2022-02-11 00:00:00-05:00,83.39438137334409,84.8233460837823,80.10775817848202,80.51739501953125,550400,0.0,0.0
2022-02-14 00:00:00-05:00,80.71745392864338,83.34674367988247,79.7933889488156,80.869873046875,655800,0.0,0.0
2022-02-15 00:00:00-05:00,82.18450321785562,86.45234678608074,81.99397753713285,86.31897735595703,574500,0.0,0.0
2022-02-16 00:00:00-05:00,85.02338448921374,88.55768901149665,84.44227170005323,88.48147583007812,633500,0.0,0.0
2022-02-17 00:00:00-05:00,86.91914656882741,89.68181276325292,86.91914656882741,87.2335205078125,610500,0.0,0.0
2022-02-18 00:00:00-05:00,87.70986670383789,87.9956625957423,85.38541476941681,85.39494323730469,458200,0.0,0.0
2022-02-22 00:00:00-05:00,84.18507033336624,86.31898876549305,82.78468386387715,83.59442901611328,480400,0.0,0.0
2022-02-23 00:00:00-05:00,84.97575819964645,85.35681687795895,82.15593560907763,82.39409637451172,346500,0.0,0.0
2022-02-24 00:00:00-05:00,79.5552089017394,86.11891776001679,79.5552089017394,85.95697021484375,405000,0.0,0.0
2022-02-25 00:00:00-05:00,85.71835127050423,88.79198748841704,84.06698122140396,85.4988021850586,772200,0.18,0.0
2022-02-28 00:00:00-05:00,86.37697444283468,86.65379400588313,84.59197583239487,85.90924835205078,451400,0.0,0.0
2022-03-01 00:00:00-05:00,85.64198185906002,87.5892591553486,81.84288053654632,82.78788757324219,646600,0.0,0.0
2022-03-02 00:00:00-05:00,83.67561466388396,86.4724310894421,83.40833531893445,85.96652221679688,375500,0.0,0.0
2022-03-03 00:00:00-05:00,86.60609105360045,86.60609105360045,83.65653572410389,84.34381103515625,256900,0.0,0.0
2022-03-04 00:00:00-05:00,83.52290307911036,84.28654396316705,81.308353254489,82.37744903564453,352000,0.0,0.0
2022-03-07 00:00:00-05:00,83.44652764799977,83.44652764799977,80.55425034067972,80.83106994628906,539500,0.0,0.0
2022-03-08 00:00:00-05:00,80.5542351059997,84.94515063214725,79.80014196767043,82.96923828125,586500,0.0,0.0
2022-03-09 00:00:00-05:00,84.71606334078889,85.91879484256276,83.78060388771654,85.32697296142578,343500,0.0,0.0
2022-03-10 00:00:00-05:00,83.08380452850633,85.57517376390173,82.28198094524579,83.70426177978516,407100,0.0,0.0
2022-03-11 00:00:00-05:00,85.02153841377802,86.08108663265836,82.63516986361851,83.19835662841797,312000,0.0,0.0
2022-03-14 00:00:00-04:00,82.65424498856419,83.65652253965762,79.31332952840975,80.22015380859375,438400,0.0,0.0
2022-03-15 00:00:00-04:00,80.7260554400352,84.07651811079863,79.84787377444445,84.00015258789062,343200,0.0,0.0
2022-03-16 00:00:00-04:00,84.9356329687067,87.34108927217831,84.30562817338145,87.24563598632812,505200,0.0,0.0
2022-03-17 00:00:00-04:00,86.49152970783587,89.41244205704935,86.1001618269973,89.1738052368164,556800,0.0,0.0
2022-03-18 00:00:00-04:00,89.30744665599937,92.67699759554876,88.17154027541085,92.60063934326172,1443500,0.0,0.0
2022-03-21 00:00:00-04:00,93.19245313651639,93.46927273592371,89.83244974177926,90.75836181640625,463200,0.0,0.0
2022-03-22 00:00:00-04:00,90.69154635683284,92.69609434844273,89.88972279061787,91.5601806640625,404200,0.0,0.0
2022-03-23 00:00:00-04:00,90.45290051099208,92.54335406085272,89.73699006508775,90.14744567871094,297400,0.0,0.0
2022-03-24 00:00:00-04:00,90.70107565182795,93.03017325072565,90.20471429077013,93.0110855102539,314400,0.0,0.0
2022-03-25 00:00:00-04:00,93.87016822512787,93.87016822512787,90.74880208305922,91.94198608398438,349500,0.0,0.0
2022-03-28 00:00:00-04:00,90.98745552848044,92.20927500372858,89.53654672227789,92.02791595458984,251400,0.0,0.0
2022-03-29 00:00:00-04:00,93.5933597712545,94.42381120896819,92.5528994929579,93.64108276367188,372200,0.0,0.0
2022-03-30 00:00:00-04:00,93.36425982808188,93.36425982808188,89.67970703269381,90.18562316894531,338700,0.0,0.0
2022-03-31 00:00:00-04:00,90.18562567461427,90.82517057216158,88.34334922573542,88.46743774414062,370000,0.0,0.0
2022-04-01 00:00:00-04:00,88.6583537018653,90.01381645004362,86.06199107249226,87.74198913574219,392100,0.0,0.0
2022-04-04 00:00:00-04:00,86.9878972142447,88.56290179519917,85.8138080542989,86.88289642333984,434900,0.0,0.0
2022-04-05 00:00:00-04:00,86.31016591992801,86.61562076746073,81.15560899552247,81.40379333496094,375000,0.0,0.0
2022-04-06 00:00:00-04:00,79.71425903996006,80.93607860233121,78.463796936886,78.55925750732422,556500,0.0,0.0
2022-04-07 00:00:00-04:00,78.40653349683224,80.85017284211064,78.0533482891457,78.80744171142578,349500,0.0,0.0
2022-04-08 00:00:00-04:00,78.25377364816475,78.84558818313275,77.28967904806302,77.51876831054688,386800,0.0,0.0
2022-04-11 00:00:00-04:00,76.56424041135503,77.88151310408288,75.44742178387152,75.5715103149414,392100,0.0,0.0
2022-04-12 00:00:00-04:00,77.3755878985748,79.50423119928311,76.4019530319467,77.12741088867188,487300,0.0,0.0
2022-04-13 00:00:00-04:00,77.22288661511615,79.62834287429483,76.56424657442562,78.70243072509766,249400,0.0,0.0
2022-04-14 00:00:00-04:00,79.26559801268992,79.26559801268992,76.87923008341559,77.88150024414062,499900,0.0,0.0
2022-04-18 00:00:00-04:00,77.25153206516754,79.94335581441995,77.25153206516754,79.18926239013672,278000,0.0,0.0
2022-04-19 00:00:00-04:00,78.37787982478619,81.37515778097148,78.37787982478619,81.02197265625,283000,0.0,0.0
2022-04-20 00:00:00-04:00,81.18424965939958,83.16016225186853,80.86924730691173,81.117431640625,232900,0.0,0.0
2022-04-21 00:00:00-04:00,82.23426207086094,82.94062512580321,79.03652965555617,79.48516082763672,291800,0.0,0.0
2022-04-22 00:00:00-04:00,78.83606855819455,79.72379795726154,77.62379652936622,77.84334564208984,256600,0.0,0.0
2022-04-25 00:00:00-04:00,77.50923826110767,79.1987910694015,77.00332935462332,79.06515502929688,339900,0.0,0.0
2022-04-26 00:00:00-04:00,78.0819856953762,78.0819856953762,75.09424746348904,75.18016052246094,562100,0.0,0.0
2022-04-27 00:00:00-04:00,75.18015442760917,76.86970010247995,74.34969557709584,75.96288299560547,412800,0.0,0.0
2022-04-28 00:00:00-04:00,77.57606094669802,81.63288723735832,76.86015042481678,80.85015869140625,589400,0.0,0.0
2022-04-29 00:00:00-04:00,81.02198113527629,81.09834667552423,76.039249797308,76.3637924194336,670800,0.0,0.0
2022-05-02 00:00:00-04:00,76.52607390162854,79.2560804260798,76.51653366979362,79.18926239013672,448500,0.0,0.0
2022-05-03 00:00:00-04:00,79.1606151268772,80.93607385001683,78.7215242025958,79.80970764160156,365900,0.0,0.0
2022-05-04 00:00:00-04:00,80.5828812734431,84.11471065105349,79.70469950575887,83.97152709960938,479000,0.0,0.0
2022-05-05 00:00:00-04:00,82.22469750276846,82.24379252556297,78.09150626446332,79.39923858642578,454900,0.0,0.0
2022-05-06 00:00:00-04:00,78.63560742245869,80.12470622835305,76.18242104450393,79.6187973022461,576100,0.0,0.0
2022-05-09 00:00:00-04:00,78.13922851435042,79.05559288371118,76.47831855004759,77.12741088867188,480900,0.0,0.0
2022-05-10 00:00:00-04:00,79.05561715583086,80.09607763220801,76.40197648933004,77.07970428466797,455300,0.0,0.0
2022-05-11 00:00:00-04:00,76.45921998863278,78.62604594805276,74.55967333018906,74.75057983398438,443900,0.0,0.0
2022-05-12 00:00:00-04:00,74.06331346357356,77.47105394559941,73.92967743870399,76.59286499023438,542200,0.0,0.0
2022-05-13 00:00:00-04:00,78.08196372463746,81.02196356026037,77.62377786515677,80.3060531616211,419700,0.0,0.0
2022-05-16 00:00:00-04:00,78.86470196972165,80.51606475023068,78.77878892421124,79.08424377441406,331700,0.0,0.0
2022-05-17 00:00:00-04:00,81.11744184086302,82.75925726329379,80.97425827330753,82.23426055908203,299200,0.0,0.0
2022-05-18 00:00:00-04:00,80.66878816620391,82.58742284835438,77.88150472949721,78.45423889160156,412500,0.0,0.0
2022-05-19 00:00:00-04:00,78.03423878097752,80.44924219209965,78.03423878097752,78.69287872314453,436200,0.0,0.0
2022-05-20 00:00:00-04:00,80.55424542992932,80.55424542992932,76.43060141771268,79.4278793334961,452300,0.0,0.0
2022-05-23 00:00:00-04:00,79.41832803606191,80.52560633822033,77.91968914960097,78.67378234863281,338200,0.0,0.0
2022-05-24 00:00:00-04:00,77.61422724936742,77.78604602947254,75.67649767978101,76.66922760009766,340600,0.0,0.0
2022-05-25 00:00:00-04:00,75.96287677128092,77.06060763565789,74.00605187032119,75.41878509521484,514800,0.0,0.0
2022-05-26 00:00:00-04:00,75.29469530684344,78.43515708574053,75.29469530684344,77.9197006225586,377500,0.0,0.0
2022-05-27 00:00:00-04:00,79.02942713244717,81.40193215835525,79.02942713244717,81.24887084960938,353600,0.18,0.0
2022-05-31 00:00:00-04:00,81.20102277469552,81.44018696355694,79.0676822973302,80.72269439697266,489600,0.0,0.0
2022-06-01 00:00:00-04:00,81.57411994323415,81.7558870659615,79.0294167186111,80.20610046386719,339200,0.0,0.0
2022-06-02 00:00:00-04:00,79.7469108097048,82.76038116593588,79.47904807558864,82.67427825927734,222300,0.0,0.0
2022-06-03 00:00:00-04:00,80.93318007194719,81.4402071099662,79.32599603327004,79.83302307128906,253100,0.0,0.0
2022-06-06 00:00:00-04:00,80.69400629713077,81.33496465447473,78.24496702207752,79.2398910522461,303300,0.0,0.0
2022-06-07 00:00:00-04:00,78.19712660849359,80.16784462548871,77.82403103170631,79.92868041992188,258800,0.0,0.0
2022-06-08 00:00:00-04:00,79.80430291975715,79.80430291975715,77.88142814138898,78.2066879272461,234200,0.0,0.0
2022-06-09 00:00:00-04:00,77.4031127231248,79.00072798289052,76.3412229879002,76.35078430175781,250500,0.0,0.0
2022-06-10 00:00:00-04:00,74.8201236621984,75.86288331670853,74.32266536283012,74.85839080810547,317800,0.0,0.0
2022-06-13 00:00:00-04:00,72.34239400756992,73.28948225044499,69.47242344237421,70.10381317138672,422500,0.0,0.0
2022-06-14 00:00:00-04:00,71.26135381421167,73.09814018076601,69.62547177265972,72.97377014160156,404100,0.0,0.0
2022-06-15 00:00:00-04:00,73.66258847611834,76.50386091370567,72.9068285756476,74.73404693603516,639900,0.0,0.0
2022-06-16 00:00:00-04:00,72.59113836950262,73.15556985577054,68.33401717938341,69.17587280273438,948500,0.0,0.0
2022-06-17 00:00:00-04:00,70.3525452978457,70.9074080199577,68.79319726713008,69.8550796508789,686900,0.0,0.0
2022-06-21 00:00:00-04:00,71.76839441174316,72.95465417298446,70.79260762616738,71.92146301269531,385000,0.0,0.0
2022-06-22 00:00:00-04:00,70.40038348093441,71.7205747812503,69.82639075409483,70.09425354003906,291300,0.0,0.0
2022-06-23 00:00:00-04:00,70.70650681174975,70.70650681174975,69.17585010965753,70.43863677978516,269400,0.0,0.0
2022-06-24 00:00:00-04:00,71.45269794885175,73.19381301392751,70.4577740118496,72.71548461914062,839200,0.0,0.0
2022-06-27 00:00:00-04:00,73.65299374223035,74.98274590729254,72.19887883969359,74.15045928955078,265300,0.0,0.0
2022-06-28 00:00:00-04:00,74.2652809128876,75.02104082514875,72.59113114867604,72.7059326171875,274800,0.0,0.0
2022-06-29 00:00:00-04:00,72.4380407099289,72.4380407099289,70.62039166526787,72.1414794921875,248800,0.0,0.0
2022-06-30 00:00:00-04:00,70.78303320526085,73.29904521127379,70.4386361800934,71.75882720947266,297100,0.0,0.0
2022-07-01 00:00:00-04:00,70.69695778624825,71.66318345491892,66.66943246270846,67.08079528808594,614600,0.0,0.0
2022-07-05 00:00:00-04:00,65.6553531193644,67.12860545740172,64.34473798326557,67.09990692138672,504400,0.0,0.0
2022-07-06 00:00:00-04:00,67.50169330376886,69.03234983750787,66.54503661953761,67.96089172363281,351500,0.0,0.0
2022-07-07 00:00:00-04:00,69.45327983673529,71.39529190629467,69.45327983673529,71.1082992553711,319400,0.0,0.0
2022-07-08 00:00:00-04:00,70.07511594825498,72.15105961100369,68.80276055545566,71.66316986083984,332000,0.0,0.0
2022-07-11 00:00:00-04:00,70.62039663795731,70.98392355300271,69.44370569658957,69.57764434814453,337800,0.0,0.0
2022-07-12 00:00:00-04:00,70.3525488154314,70.90741156528621,68.93669340178687,69.52982330322266,364600,0.0,0.0
2022-07-13 00:00:00-04:00,68.26702639373654,69.97944285533887,67.95132791394528,69.39588165283203,252600,0.0,0.0
2022-07-14 00:00:00-04:00,69.16629695835596,70.84044653744343,67.5112773058815,70.6873779296875,393500,0.0,0.0
2022-07-15 00:00:00-04:00,72.3710867967519,73.3277435758267,71.35702564780843,73.17467498779297,351500,0.0,0.0
2022-07-18 00:00:00-04:00,74.27484532170173,74.27484532170173,72.02670293963403,72.38066864013672,355700,0.0,0.0
2022-07-19 00:00:00-04:00,73.50949920770843,75.18364847559505,72.96420516668812,74.77229309082031,500300,0.0,0.0
2022-07-20 00:00:00-04:00,74.3704808663839,77.1256565020668,74.1600152499125,76.66645812988281,336200,0.0,0.0
2022-07-21 00:00:00-04:00,77.33613763902105,78.60849302405445,76.37948077184635,78.58936309814453,246000,0.0,0.0
2022-07-22 00:00:00-04:00,78.80938221655016,78.80938221655016,75.20278939906613,76.11161041259766,328200,0.0,0.0
2022-07-25 00:00:00-04:00,75.63329208773607,76.12118914979075,74.47573811596939,76.0446548461914,259600,0.0,0.0
2022-07-26 00:00:00-04:00,75.83417720276928,76.17857421594732,75.04015764894768,75.51848602294922,349600,0.0,0.0
2022-07-27 00:00:00-04:00,76.37947494560805,79.56514382198753,76.10205089815649,79.13465118408203,372600,0.0,0.0
2022-07-28 00:00:00-04:00,79.80431171103032,80.00520877125737,77.55616960043722,79.91911315917969,312400,0.0,0.0
2022-07-29 00:00:00-04:00,79.27816365720795,81.60284032543379,78.77112934545467,81.32540893554688,416300,0.0,0.0
2022-08-01 00:00:00-04:00,80.39744630678265,80.59834337882498,78.83809819595152,79.38339233398438,384100,0.0,0.0
2022-08-02 00:00:00-04:00,78.5893583948821,80.81837051369264,78.5893583948821,79.27815246582031,344100,0.0,0.0
2022-08-03 00:00:00-04:00,78.80939492072962,80.82794161808675,78.80939492072962,80.4261474609375,340000,0.0,0.0
2022-08-04 00:00:00-04:00,80.8757710308574,82.0524548698933,79.30685437966781,81.47846221923828,458600,0.0,0.0
2022-08-05 00:00:00-04:00,79.44078864072381,80.9523082713709,77.498776331125,78.78069305419922,601700,0.0,0.0
2022-08-08 00:00:00-04:00,78.00580143244623,78.91462253220045,76.14031617162223,77.83360290527344,696000,0.0,0.0
2022-08-09 00:00:00-04:00,76.49427806512323,76.86737363914243,72.64852087957446,73.6625747680664,578600,0.0,0.0
2022-08-10 00:00:00-04:00,75.88201239698867,77.57529161696523,74.43745867457613,77.3935317993164,381500,0.0,0.0
2022-08-11 00:00:00-04:00,77.9483817489765,79.11549665163605,76.63775960012954,76.66645812988281,228700,0.0,0.0
2022-08-12 00:00:00-04:00,77.5178961344852,78.95288127521603,77.41266330693466,78.6467514038086,218000,0.0,0.0
2022-08-15 00:00:00-04:00,78.50325656014897,79.33555062369919,77.89099677732318,78.7137222290039,264700,0.0,0.0
2022-08-16 00:00:00-04:00,78.0632017611199,78.62763312875833,77.12568208422702,77.8623046875,228100,0.0,0.0
2022-08-17 00:00:00-04:00,76.48470306396484,76.76213439303352,75.1932179311161,76.48470306396484,294800,0.0,0.0
2022-08-18 00:00:00-04:00,76.1403050185577,80.28263037748552,76.1403050185577,79.67993927001953,461100,0.0,0.0
2022-08-19 00:00:00-04:00,78.94332485733916,79.05812631386581,76.07335413258978,76.14031982421875,493500,0.0,0.0
2022-08-22 00:00:00-04:00,74.86796598083876,75.48022577158791,73.73911062313643,74.3609390258789,322900,0.0,0.0
2022-08-23 00:00:00-04:00,75.09756385401467,75.67155651290155,73.83477708497847,74.64793395996094,378100,0.0,0.0
2022-08-24 00:00:00-04:00,74.27482604980469,74.66705880253983,73.29903942138229,74.27482604980469,289500,0.0,0.0
2022-08-25 00:00:00-04:00,74.53315005555346,77.24048380698628,74.53315005555346,76.75259399414062,296500,0.0,0.0
2022-08-26 00:00:00-04:00,77.0204399497251,77.0204399497251,73.05988143622803,73.06944274902344,308000,0.0,0.0
2022-08-29 00:00:00-04:00,72.35194678318489,72.9737751253412,70.69693470650012,70.91696166992188,398600,0.0,0.0
2022-08-30 00:00:00-04:00,71.56907838946827,73.28566314834991,69.59357078958882,70.16896057128906,606500,0.18,0.0
2022-08-31 00:00:00-04:00,70.34158281735681,70.34158281735681,68.03043163738067,68.59622955322266,641700,0.0,0.0
2022-09-01 00:00:00-04:00,66.76457713179185,67.35914349475901,62.995763599020826,65.82476806640625,871400,0.0,0.0
2022-09-02 00:00:00-04:00,67.04266896202967,68.29893742235402,65.4987019716951,66.17958068847656,662600,0.0,0.0
2022-09-06 00:00:00-04:00,66.65908489347134,67.07144895570737,65.5466581892146,66.47687530517578,633000,0.0,0.0
2022-09-07 00:00:00-04:00,66.81250787420547,67.4358498177594,65.5658313035752,66.57276153564453,353900,0.0,0.0
2022-09-08 00:00:00-04:00,66.06451094731344,67.38790831214769,65.7192755797082,66.43851470947266,571500,0.0,0.0
2022-09-09 00:00:00-04:00,67.72354200584773,68.50031772873898,67.023479543586,67.32076263427734,528400,0.0,0.0
2022-09-12 00:00:00-04:00,67.32077671033663,67.9441187258261,66.50564052845584,67.12898254394531,783000,0.0,0.0
2022-09-13 00:00:00-04:00,65.03839516948598,65.23018933950954,63.897200103353605,64.22325897216797,716900,0.0,0.0
2022-09-14 00:00:00-04:00,64.60683513393712,65.29729832756563,63.82046756775687,65.00001525878906,463400,0.0,0.0
2022-09-15 00:00:00-04:00,64.62602939820292,65.61378324883106,64.05063958697548,64.8274154663086,496600,0.0,0.0
2022-09-16 00:00:00-04:00,65.00962198536303,66.15081696740587,63.89719539505605,66.03573608398438,1853300,0.0,0.0
2022-09-19 00:00:00-04:00,65.11510849672692,67.17692851851847,64.99043571529533,66.76456451416016,521900,0.0,0.0
2022-09-20 00:00:00-04:00,66.03572939486057,66.3042441125,64.87535804136027,65.07674407958984,444800,0.0,0.0
2022-09-21 00:00:00-04:00,65.64254839534847,67.47421404056553,64.8657725544334,64.88495635986328,359900,0.0,0.0
2022-09-22 00:00:00-04:00,64.92330996189868,64.92330996189868,63.024522928857444,63.05329132080078,415000,0.0,0.0
2022-09-23 00:00:00-04:00,62.43953155821346,62.83271171461744,61.13531100479305,62.76558303833008,399900,0.0,0.0
2022-09-26 00:00:00-04:00,62.95738640119078,63.340981984442934,61.72029448635312,62.218963623046875,469100,0.0,0.0
2022-09-27 00:00:00-04:00,63.67662866013227,64.1369375305928,62.2189668318929,63.475242614746094,283800,0.0,0.0
2022-09-28 00:00:00-04:00,62.736837762790586,64.25203680458517,62.60258036075609,63.63828659057617,266300,0.0,0.0
2022-09-29 00:00:00-04:00,62.573799768513815,62.98616379911104,61.50932534805302,62.928627014160156,312800,0.0,0.0
2022-09-30 00:00:00-04:00,62.334044654969766,63.782114510183455,61.59562919138395,61.68193435668945,553000,0.0,0.0
2022-10-03 00:00:00-04:00,62.66008396898513,64.15610572518338,62.22854359336544,63.73414993286133,369800,0.0,0.0
2022-10-04 00:00:00-04:00,65.27813424282061,65.70009014947635,64.64520769931477,65.13428497314453,393500,0.0,0.0
2022-10-05 00:00:00-04:00,64.2520292131411,66.80293418336369,64.05064313388333,66.47687530517578,262400,0.0,0.0
2022-10-06 00:00:00-04:00,66.11245678551853,67.46462241475304,66.11245678551853,66.90840911865234,301800,0.0,0.0
2022-10-07 00:00:00-04:00,65.21101153839803,65.75763296010487,62.45872062335987,62.919036865234375,342800,0.0,0.0
2022-10-10 00:00:00-04:00,62.813550138672305,62.813550138672305,59.93659364377128,61.2791748046875,303700,0.0,0.0
2022-10-11 00:00:00-04:00,60.47362031714178,60.93393286768822,59.27488857356075,60.32018280029297,448600,0.0,0.0
2022-10-12 00:00:00-04:00,60.56951264426921,60.94351633362381,59.64888761535962,60.20509719848633,340600,0.0,0.0
2022-10-13 00:00:00-04:00,58.01861755957606,63.09165127871305,57.548713096989026,62.717647552490234,479700,0.0,0.0
2022-10-14 00:00:00-04:00,63.26427429217379,63.26427429217379,60.31059721085382,60.406497955322266,348800,0.0,0.0
2022-10-17 00:00:00-04:00,61.825788651780385,62.228560755637716,60.66541356110801,61.83538055419922,436900,0.0,0.0
2022-10-18 00:00:00-04:00,63.80129858323065,64.38628027256,60.857213647506,61.62440490722656,314800,0.0,0.0
2022-10-19 00:00:00-04:00,60.94351953813804,61.7107071025694,60.0324827048963,60.66541290283203,353800,0.0,0.0
2022-10-20 00:00:00-04:00,60.8572142716148,62.497078472518645,60.53115908036148,60.9051628112793,244200,0.0,0.0
2022-10-21 00:00:00-04:00,61.37506822585248,62.909443468203136,60.492803376060635,62.70805740356445,320900,0.0,0.0
2022-10-24 00:00:00-04:00,62.823137129897795,63.42729531265333,61.62440535075561,62.81354522705078,187700,0.0,0.0
2022-10-25 00:00:00-04:00,62.986172876117465,64.73152633044207,62.94781257512931,63.99311065673828,206000,0.0,0.0
2022-10-26 00:00:00-04:00,63.3218046447091,64.92330850304528,62.602565596374866,63.417701721191406,211700,0.0,0.0
2022-10-27 00:00:00-04:00,64.16572658136877,64.42464946029095,62.31488417954722,62.61216735839844,264100,0.0,0.0
2022-10-28 00:00:00-04:00,62.89984718919286,64.65479218013787,62.89984718919286,64.57807159423828,354200,0.0,0.0
2022-10-31 00:00:00-04:00,63.830054408568756,64.62601390344095,62.38199198273813,63.97390365600586,407900,0.0,0.0
2022-11-01 00:00:00-04:00,65.41239687842041,66.4576948268753,64.5397239206622,64.78905487060547,608200,0.0,0.0
2022-11-02 00:00:00-04:00,64.54932000673588,66.49605965271567,63.55197407985133,63.63828659057617,622800,0.0,0.0
2022-11-03 00:00:00-04:00,59.75438158410052,62.238153916144704,56.733576111152004,59.54340362548828,1041300,0.0,0.0
2022-11-04 00:00:00-04:00,61.61481010374546,63.69580660343481,61.0394203442823,63.42729187011719,546900,0.0,0.0
2022-11-07 00:00:00-05:00,63.76292240787864,66.71659851074219,63.39851067433428,66.71659851074219,876400,0.0,0.0
2022-11-08 00:00:00-05:00,67.18650317094628,69.23873098694341,66.8508598022508,68.8839111328125,554100,0.0,0.0
2022-11-09 00:00:00-05:00,67.64683143081065,68.19345281968137,67.04267325884133,67.07144165039062,398600,0.0,0.0
2022-11-10 00:00:00-05:00,70.84984067706432,73.76515725165011,70.02511262494238,73.69802856445312,335700,0.0,0.0
2022-11-11 00:00:00-05:00,73.5829568698962,75.32831009794833,71.78965144270572,74.80086517333984,454300,0.0,0.0
2022-11-14 00:00:00-05:00,74.3693120495765,75.14608779198683,72.66231209021007,73.55416870117188,403300,0.0,0.0
2022-11-15 00:00:00-05:00,76.16262476750835,78.03265083607532,75.14610250396065,77.6106948852539,458400,0.0,0.0
2022-11-16 00:00:00-05:00,76.10507529967386,76.94897974422781,74.7624943933328,76.28728485107422,725600,0.0,0.0
2022-11-17 00:00:00-05:00,74.58987857067953,77.0640625037053,73.34320201863095,75.48173522949219,425100,0.0,0.0
2022-11-18 00:00:00-05:00,76.67087322193724,76.72841731620265,74.72413419768291,75.49132537841797,312800,0.0,0.0
2022-11-21 00:00:00-05:00,73.0651013830128,74.13916036927833,71.3485166057742,71.3964614868164,359500,0.0,0.0
2022-11-22 00:00:00-05:00,72.13488087552946,73.46786995771724,71.09917491748381,73.36238098144531,309600,0.0,0.0
2022-11-23 00:00:00-05:00,73.1609975310734,75.16527351850819,72.97878796258733,75.13650512695312,273800,0.0,0.0
2022-11-25 00:00:00-05:00,74.32136630863158,75.19404650880999,74.32136630863158,74.7529067993164,118300,0.0,0.0
2022-11-28 00:00:00-05:00,73.94735695300577,74.791261381758,72.86370619962739,73.113037109375,318100,0.0,0.0
2022-11-29 00:00:00-05:00,73.11304400096166,74.5549263244124,71.6807762797959,73.78592681884766,360800,0.18,0.0
2022-11-30 00:00:00-05:00,73.92049939659329,77.65016557265373,73.09381963928315,77.3617935180664,656600,0.0,0.0
2022-12-01 00:00:00-05:00,78.22691553812061,78.55374599436426,75.7757201183588,77.10224914550781,455900,0.0,0.0
2022-12-02 00:00:00-05:00,74.96826584901926,76.3140241443901,74.71834486117915,75.96797180175781,338600,0.0,0.0
2022-12-05 00:00:00-05:00,75.2758603906848,75.34314793275165,72.52667109973875,73.113037109375,569200,0.0,0.0
2022-12-06 00:00:00-05:00,73.11303656964017,73.1514876410791,69.66213541315683,70.6233901977539,516800,0.0,0.0
2022-12-07 00:00:00-05:00,70.18121892068973,71.50774797860379,69.84478118866,70.81564331054688,353700,0.0,0.0
2022-12-08 00:00:00-05:00,71.23859291271962,73.10342954792156,71.23859291271962,73.02652740478516,324900,0.0,0.0
2022-12-09 00:00:00-05:00,72.83427380347162,73.88204536104607,72.1421764999288,72.88233947753906,267400,0.0,0.0
2022-12-12 00:00:00-05:00,72.94002198296542,73.9781790750866,72.38249969316092,73.8051528930664,202700,0.0,0.0
2022-12-13 00:00:00-05:00,77.11185635181387,78.00582355261902,73.80513770216184,74.7856216430664,264700,0.0,0.0
2022-12-14 00:00:00-05:00,74.62222442390409,75.17013949093517,72.25753795914919,72.61320495605469,235400,0.0,0.0
2022-12-15 00:00:00-05:00,71.26744137480098,71.45008216203411,69.35454607860846,70.01780700683594,261700,0.0,0.0
2022-12-16 00:00:00-05:00,69.24879994874358,70.39269556168347,67.96071464222254,68.95081329345703,685000,0.0,0.0
2022-12-19 00:00:00-05:00,69.01809283026395,69.54677853365487,67.91264841947695,69.21995544433594,385600,0.0,0.0
2022-12-20 00:00:00-05:00,68.57591491453553,70.58494128948455,67.96071242024307,69.22956848144531,278600,0.0,0.0
2022-12-21 00:00:00-05:00,69.90245364906869,71.52697668735462,69.90245364906869,70.86370849609375,251600,0.0,0.0
2022-12-22 00:00:00-05:00,69.33531937273845,69.91207823031455,67.87421502356969,69.60447692871094,312000,0.0,0.0
2022-12-23 00:00:00-05:00,69.21997753691141,69.71982693122514,68.51825813030429,69.26803588867188,235500,0.0,0.0
2022-12-27 00:00:00-05:00,69.01811352293252,69.5083483038907,68.22988469813218,69.14307403564453,164300,0.0,0.0
2022-12-28 00:00:00-05:00,68.65282226113057,69.82555439653564,67.34551502826518,67.37435150146484,199200,0.0,0.0
2022-12-29 00:00:00-05:00,68.51825340767617,69.96013586939931,68.51825340767617,69.16229248046875,187800,0.0,0.0
2022-12-30 00:00:00-05:00,68.0952837437123,69.06615310570834,67.84536278620189,68.94119262695312,198700,0.0,0.0
2023-01-03 00:00:00-05:00,70.20043640737478,70.5945543929944,68.30676329046346,68.8835220336914,336000,0.0,0.0
2023-01-04 00:00:00-05:00,70.00819114352805,71.60387035036622,69.20073327143521,69.62368774414062,192600,0.0,0.0
2023-01-05 00:00:00-05:00,69.03731888534908,70.29656031637046,68.6432082341024,68.74893951416016,255000,0.0,0.0
2023-01-06 00:00:00-05:00,69.87360845685794,72.99768631980533,69.14305281083014,72.78620910644531,279300,0.0,0.0
2023-01-09 00:00:00-05:00,73.87242179421948,76.54470867111239,73.78591239194759,75.9198989868164,350200,0.0,0.0
2023-01-10 00:00:00-05:00,75.84301212991869,76.72736486676796,74.86252803723524,76.63124084472656,263400,0.0,0.0
2023-01-11 00:00:00-05:00,76.43898096503713,77.63094223628768,76.22751106251754,77.10224914550781,294600,0.0,0.0
2023-01-12 00:00:00-05:00,77.4963854652964,78.04430055535228,75.8622474653831,77.3521957397461,158300,0.0,0.0
2023-01-13 00:00:00-05:00,76.85232582849311,79.09205149123608,76.65046318084315,78.98631286621094,198600,0.0,0.0
2023-01-17 00:00:00-05:00,78.57296103740865,79.93794835306534,78.14039933438396,79.5918960571289,233700,0.0,0.0
2023-01-18 00:00:00-05:00,80.16866330528285,81.76434268897599,79.50539505117189,80.25517272949219,367300,0.0,0.0
2023-01-19 00:00:00-05:00,79.87066047164413,79.87066047164413,78.39033448408316,78.79405975341797,287900,0.0,0.0
2023-01-20 00:00:00-05:00,79.90910503704264,81.38943823783504,78.71715119588461,81.3702163696289,379900,0.0,0.0
2023-01-23 00:00:00-05:00,81.70666155866013,84.19630807887422,81.36060922888475,83.19660949707031,343800,0.0,0.0
2023-01-24 00:00:00-05:00,82.23534335171708,83.14853239245288,81.12989896875854,81.30292510986328,218100,0.0,0.0
2023-01-25 00:00:00-05:00,80.21671870710375,81.97581693938105,79.34198055910667,81.34139251708984,261900,0.0,0.0
2023-01-26 00:00:00-05:00,81.94697421007196,83.23505216130613,80.39935334796428,83.15815734863281,254500,0.0,0.0
2023-01-27 00:00:00-05:00,82.51412178155596,84.8595862175629,82.21613509244773,83.98484802246094,443100,0.0,0.0
2023-01-30 00:00:00-05:00,82.81211024362878,83.45614925984472,81.54325408212885,82.50450897216797,331000,0.0,0.0
2023-01-31 00:00:00-05:00,82.51411134058951,83.92715711843933,82.11038607085881,82.75442504882812,458300,0.0,0.0
2023-02-01 00:00:00-05:00,82.73520347949372,86.35913098602377,82.57179191740819,85.51322937011719,420100,0.0,0.0
2023-02-02 00:00:00-05:00,85.51322835708372,87.68566631517612,85.27291465081927,87.16658782958984,561100,0.0,0.0
2023-02-03 00:00:00-05:00,85.6093586229997,88.4162284907745,84.79229342880676,86.06114959716797,406000,0.0,0.0
2023-02-06 00:00:00-05:00,84.15785922372137,85.93617910632766,83.97521846805427,84.56158447265625,522500,0.0,0.0
2023-02-07 00:00:00-05:00,80.74541140413358,82.89862032144848,76.00642446527736,82.8121109008789,981400,0.0,0.0
2023-02-08 00:00:00-05:00,82.12961304947578,83.86948190317514,79.40926018580136,79.9187240600586,510000,0.0,0.0
2023-02-09 00:00:00-05:00,80.95687942708193,82.13921870951984,79.53421911382732,79.92833709716797,256000,0.0,0.0
2023-02-10 00:00:00-05:00,78.48646998211949,79.50539790629496,78.05390084415926,79.4381103515625,275200,0.0,0.0
2023-02-13 00:00:00-05:00,79.8802709599158,81.12029050941018,79.43809464001572,81.04338836669922,289100,0.0,0.0
2023-02-14 00:00:00-05:00,80.0148511681937,81.62015233149832,79.37081218276678,80.8799819946289,255900,0.0,0.0
2023-02-15 00:00:00-05:00,79.86105478317728,81.20681304136926,79.80337450513694,80.96649932861328,235900,0.0,0.0
2023-02-16 00:00:00-05:00,78.9959294006357,80.34168775167511,78.9959294006357,79.19779205322266,261800,0.0,0.0
2023-02-17 00:00:00-05:00,79.15934240903269,79.78415958337195,78.43840120797813,79.45733642578125,330000,0.0,0.0
2023-02-21 00:00:00-05:00,78.52489977045346,80.12057877880922,77.9289192088458,78.2269058227539,445000,0.0,0.0
2023-02-22 00:00:00-05:00,78.50568489426459,78.99592694030318,77.52520813598021,78.32305145263672,368400,0.0,0.0
2023-02-23 00:00:00-05:00,80.70694914414506,80.70694914414506,77.70783163885964,79.71685791015625,295800,0.0,0.0
2023-02-24 00:00:00-05:00,78.93823998453995,79.48615487976956,78.38071048868062,79.29389953613281,337900,0.0,0.0
2023-02-27 00:00:00-05:00,80.07432809871841,80.26701996654032,78.75436601689536,78.9663314819336,234400,0.19,0.0
2023-02-28 00:00:00-05:00,78.82179667476825,80.6042292537932,78.82179667476825,79.2457275390625,330200,0.0,0.0
2023-03-01 00:00:00-05:00,79.8141751982311,81.49062509461719,79.79490895434368,80.70057678222656,251100,0.0,0.0
2023-03-02 00:00:00-05:00,79.59258988590925,81.25939583469334,78.61947906132453,81.22086334228516,263200,0.0,0.0
2023-03-03 00:00:00-05:00,81.22087010226014,81.82785614297504,79.84310183620723,81.77005004882812,368000,0.0,0.0
2023-03-06 00:00:00-05:00,81.89530064785974,82.20361207391683,79.66967777072024,79.97798919677734,319500,0.0,0.0
2023-03-07 00:00:00-05:00,80.07433310254424,80.45008741378423,78.9181671219172,79.45771026611328,327100,0.0,0.0
2023-03-08 00:00:00-05:00,80.09359670503027,80.80657280856975,79.5155137338088,80.25739288330078,196900,0.0,0.0
2023-03-09 00:00:00-05:00,80.49825616497978,81.8952905337964,78.92778883028053,79.07231140136719,271600,0.0,0.0
2023-03-10 00:00:00-05:00,79.45770223364268,80.14176789394516,77.47294813894185,78.37860870361328,310100,0.0,0.0
2023-03-13 00:00:00-04:00,77.15499588142629,78.52312712982146,76.57691298006299,77.6463623046875,410300,0.0,0.0
2023-03-14 00:00:00-04:00,79.39989037146302,80.83546447387516,78.86997676785982,80.60423278808594,538000,0.0,0.0
2023-03-15 00:00:00-04:00,78.99523108705581,80.03578476971798,77.26098230000879,79.77565002441406,586600,0.0,0.0
2023-03-16 00:00:00-04:00,78.77363019923142,81.91454990352804,78.11846763592781,81.69295501708984,413000,0.0,0.0
2023-03-17 00:00:00-04:00,82.10725066276612,82.91656524717187,80.3344547838843,81.05706024169922,743700,0.0,0.0
2023-03-20 00:00:00-04:00,81.08597412728842,82.62753103354952,80.26701535924435,82.49264526367188,410400,0.0,0.0
2023-03-21 00:00:00-04:00,82.84913432319313,84.09201677211335,80.48862576058211,81.5580825805664,366000,0.0,0.0
2023-03-22 00:00:00-04:00,81.29795157292854,82.6179138930493,79.38063994428407,79.43844604492188,378800,0.0,0.0
2023-03-23 00:00:00-04:00,80.42116833418528,83.30195326295588,80.40189473960692,82.86839294433594,671000,0.0,0.0
2023-03-24 00:00:00-04:00,81.99163972781673,83.28269876999639,79.10121759392854,80.27665710449219,604800,0.0,0.0
2023-03-27 00:00:00-04:00,80.52716618610877,81.16305526297229,78.28226979279997,79.69857788085938,534200,0.0,0.0
2023-03-28 00:00:00-04:00,79.19756211416505,79.19756211416505,76.40349331520711,78.05103302001953,453300,0.0,0.0
2023-03-29 00:00:00-04:00,79.39026100282557,80.82583523957076,78.31116745029568,80.52716064453125,266400,0.0,0.0
2023-03-30 00:00:00-04:00,80.68130968284841,81.14378043132596,79.00486700222324,80.24774932861328,415800,0.0,0.0
2023-03-31 00:00:00-04:00,80.37301460495178,82.02055457627172,80.12251660982102,81.54845428466797,347300,0.0,0.0
2023-04-03 00:00:00-04:00,81.12451569011434,81.92420095147617,79.30355024240666,81.00890350341797,331700,0.0,0.0
2023-04-04 00:00:00-04:00,80.95109022931597,80.95109022931597,77.08756440080445,77.6849136352539,551700,0.0,0.0
2023-04-05 00:00:00-04:00,76.79851121487678,77.30915125581528,75.46891974880732,76.06626892089844,435400,0.0,0.0
2023-04-06 00:00:00-04:00,75.09316262654248,76.71179916974823,74.36092036037911,75.40147399902344,364000,0.0,0.0
2023-04-10 00:00:00-04:00,74.57288725796587,77.53075207205855,74.40909844611966,77.31878662109375,257000,0.0,0.0
2023-04-11 00:00:00-04:00,77.93541309166693,78.23408768640928,76.72143376511904,77.20317077636719,312300,0.0,0.0
2023-04-12 00:00:00-04:00,78.03175199175065,78.26299102883196,75.83503259453758,76.11444091796875,303800,0.0,0.0
2023-04-13 00:00:00-04:00,76.56728286539814,77.55965994698919,75.55563218666973,77.42477416992188,270300,0.0,0.0
2023-04-14 00:00:00-04:00,77.13572849425196,77.867970815299,74.98718552362668,75.96028900146484,346000,0.0,0.0
2023-04-17 00:00:00-04:00,75.48819729460305,76.04701405920514,74.765591690601,75.17988586425781,286800,0.0,0.0
2023-04-18 00:00:00-04:00,75.74833766708635,76.1144551850067,74.66924401060784,75.19915771484375,382400,0.0,0.0
2023-04-19 00:00:00-04:00,74.20676142014246,74.5536126349934,73.38781002146997,74.08151245117188,379800,0.0,0.0
2023-04-20 00:00:00-04:00,73.23365505398097,75.23767523024213,72.81936097244798,74.03333282470703,207600,0.0,0.0
2023-04-21 00:00:00-04:00,73.8502881928983,74.50545084793798,72.84827428808916,73.15658569335938,292600,0.0,0.0
2023-04-24 00:00:00-04:00,73.12769317626953,74.12007042515104,72.35691087675828,73.12769317626953,147900,0.0,0.0
2023-04-25 00:00:00-04:00,72.50142349312746,72.50142349312746,71.0851154394715,71.22000122070312,361600,0.0,0.0
2023-04-26 00:00:00-04:00,71.41269773106943,71.72100912655937,70.42995010432287,71.17182922363281,388800,0.0,0.0
2023-04-27 00:00:00-04:00,70.92132845508334,70.92132845508334,68.31031454951041,70.50703430175781,554200,0.0,0.0
2023-04-28 00:00:00-04:00,70.83460412755497,70.83460412755497,69.69770453147204,70.12163543701172,451400,0.0,0.0
2023-05-01 00:00:00-04:00,71.6439248408713,73.59977581958633,71.39341955101567,72.22200775146484,690400,0.0,0.0
2023-05-02 00:00:00-04:00,72.1449338996418,73.33001021023502,71.29707938564063,72.70375061035156,499100,0.0,0.0
2023-05-03 00:00:00-04:00,72.7808261865119,73.80210626508125,71.64392658272361,71.97150421142578,601800,0.0,0.0
2023-05-04 00:00:00-04:00,70.8538875178202,71.61503295310575,69.7073509652006,70.95023345947266,1232500,0.0,0.0
2023-05-05 00:00:00-04:00,75.10279613586667,77.06828399826595,73.41671661844174,76.36495208740234,1385800,0.0,0.0
2023-05-08 00:00:00-04:00,76.14336013070294,77.62711118883063,74.53436008059882,76.41313171386719,447400,0.0,0.0
2023-05-09 00:00:00-04:00,75.33404053572092,76.51910953564362,74.96791568149774,75.69052124023438,473800,0.0,0.0
2023-05-10 00:00:00-04:00,76.6636251347358,78.29189853101161,76.40349039160313,78.00285339355469,446600,0.0,0.0
2023-05-11 00:00:00-04:00,77.89687125375433,78.4749541823028,75.61344258337935,76.2975082397461,326400,0.0,0.0
2023-05-12 00:00:00-04:00,76.51910876581084,76.94303970823628,75.13171110548689,75.54600524902344,345500,0.0,0.0
2023-05-15 00:00:00-04:00,75.54599425439201,77.52111139718365,75.35329505827787,77.04901123046875,333900,0.0,0.0
2023-05-16 00:00:00-04:00,76.47093963623047,77.36697081599297,76.24933736565531,76.47093963623047,277200,0.0,0.0
2023-05-17 00:00:00-04:00,77.10682826772239,79.62149616614413,76.32641662708247,78.94706726074219,329200,0.0,0.0
2023-05-18 00:00:00-04:00,79.37098681027678,82.39629463316243,79.14939190295034,82.00127410888672,435500,0.0,0.0
2023-05-19 00:00:00-04:00,82.35775957450998,82.90693945261383,81.64478353220291,82.80095672607422,467900,0.0,0.0
2023-05-22 00:00:00-04:00,82.18435195708786,84.03422065143972,82.18435195708786,83.61992645263672,594400,0.0,0.0
2023-05-23 00:00:00-04:00,83.06109782004287,83.52356860310302,81.49063774870137,81.65442657470703,325800,0.0,0.0
2023-05-24 00:00:00-04:00,80.61387049992652,80.61387049992652,78.59057650270407,80.13213348388672,297700,0.0,0.0
2023-05-25 00:00:00-04:00,81.67369031520076,82.9454757411832,80.26701911303256,82.53118896484375,369600,0.0,0.0
2023-05-26 00:00:00-04:00,82.77206739107852,87.12696729562073,82.76243059141804,86.3658218383789,415200,0.0,0.0
2023-05-30 00:00:00-04:00,87.77547271208805,88.6540925418105,84.79201051887588,85.3616714477539,376500,0.19,0.0
2023-05-31 00:00:00-04:00,84.0195850576169,85.36166524001679,82.96717131874335,83.42096710205078,668100,0.0,0.0
2023-06-01 00:00:00-04:00,83.5464975775301,86.03754253036796,82.94787951111475,85.77684783935547,307200,0.0,0.0
2023-06-02 00:00:00-04:00,86.72305556471272,87.1961585719567,84.3285613579128,85.73822784423828,383500,0.0,0.0
2023-06-05 00:00:00-04:00,84.44444272486398,84.55065059517919,83.19892009089895,83.94237518310547,249200,0.0,0.0
2023-06-06 00:00:00-04:00,84.15477986371172,86.79064700261821,83.32443155019673,86.12443542480469,455500,0.0,0.0
2023-06-07 00:00:00-04:00,86.99339836815437,90.17961906692773,86.88719052043945,89.03064727783203,621900,0.0,0.0
2023-06-08 00:00:00-04:00,89.96719147737323,90.36305101224566,88.74098380632616,90.05408477783203,353800,0.0,0.0
2023-06-09 00:00:00-04:00,90.9230774826742,91.56997454769244,88.5961765558806,89.3010025024414,371500,0.0,0.0
2023-06-12 00:00:00-04:00,90.35342235647765,91.62790929389183,89.11755712823819,90.09272766113281,511100,0.0,0.0
2023-06-13 00:00:00-04:00,91.27064822405383,91.5603073096004,89.2720211595248,90.18927001953125,634400,0.0,0.0
2023-06-14 00:00:00-04:00,89.52306056756767,90.50788822129682,88.20995211837098,89.50374603271484,310700,0.0,0.0
2023-06-15 00:00:00-04:00,88.27755196748089,88.8954845846773,87.64030481243205,88.6927261352539,240600,0.0,0.0
2023-06-16 00:00:00-04:00,89.83204334981991,89.83204334981991,86.46237829926206,87.45686340332031,860000,0.0,0.0
2023-06-20 00:00:00-04:00,86.8775495912679,87.68858338521088,85.7575421238177,86.63616943359375,320400,0.0,0.0
2023-06-21 00:00:00-04:00,86.02789101995894,86.90651837363333,85.52582350810086,85.86375427246094,285200,0.0,0.0
2023-06-22 00:00:00-04:00,85.40994959816025,86.92581661366874,85.40994959816025,86.05684661865234,328400,0.0,0.0
2023-06-23 00:00:00-04:00,84.68580170595773,85.47752821695622,83.75890291500853,83.85545349121094,408200,0.0,0.0
2023-06-26 00:00:00-04:00,84.51201383178064,87.01271592432245,84.51201383178064,86.29822540283203,393500,0.0,0.0
2023-06-27 00:00:00-04:00,86.50098381589659,89.11755102740851,86.26926094304949,88.75064849853516,221200,0.0,0.0
2023-06-28 00:00:00-04:00,87.56306638717784,88.81823875907152,87.35065067458444,88.3258285522461,189800,0.0,0.0
2023-06-29 00:00:00-04:00,89.00169784191144,90.16997699735398,88.2196284372252,90.13135528564453,185300,0.0,0.0
2023-06-30 00:00:00-04:00,91.19342229144117,92.21687918781677,90.75894094621256,91.40583801269531,236900,0.0,0.0
2023-07-03 00:00:00-04:00,91.56031361941231,92.04307388436798,90.34375568914966,91.5313491821289,164600,0.0,0.0
2023-07-05 00:00:00-04:00,89.76445523999028,90.4692811833019,88.32583154639138,88.59617614746094,457700,0.0,0.0
2023-07-06 00:00:00-04:00,87.2637566832509,87.36031464462766,85.87341190875179,86.8678970336914,285100,0.0,0.0
2023-07-07 00:00:00-04:00,87.20582324054826,88.00720713351603,86.4623755946454,86.587890625,279700,0.0,0.0
2023-07-10 00:00:00-04:00,86.73272711926018,88.87618427338332,86.73272711926018,88.83756256103516,274300,0.0,0.0
2023-07-11 00:00:00-04:00,89.1851383180698,91.2127300557907,89.1851383180698,91.00997161865234,398200,0.0,0.0
2023-07-12 00:00:00-04:00,92.4678968366399,94.37963070489404,92.4678968366399,93.62652587890625,282500,0.0,0.0
2023-07-13 00:00:00-04:00,94.18653735441794,95.69274713123704,94.08032949924863,95.48033142089844,418900,0.0,0.0
2023-07-14 00:00:00-04:00,95.25825210667439,96.16583632984393,93.56859130190085,93.83893585205078,352700,0.0,0.0
2023-07-17 00:00:00-04:00,92.23618055756397,94.1286000253559,90.09272367441406,93.52032470703125,596500,0.0,0.0
2023-07-18 00:00:00-04:00,93.24032410914968,93.24032410914968,91.6858353528123,92.4775619506836,337300,0.0,0.0
2023-07-19 00:00:00-04:00,92.15892739940385,92.2747925095513,90.42099494521227,90.90375518798828,223100,0.0,0.0
2023-07-20 00:00:00-04:00,90.59478116614771,90.59478116614771,88.03615062536157,88.70236206054688,328800,0.0,0.0
2023-07-21 00:00:00-04:00,89.69685326317274,89.80306110432994,88.67339655441585,88.9437484741211,319300,0.0,0.0
2023-07-24 00:00:00-04:00,88.94376287607011,89.76445393635184,87.86237712115886,87.9878921508789,145700,0.0,0.0
2023-07-25 00:00:00-04:00,88.79893007885329,90.5175555550444,88.79893007885329,89.66790008544922,204000,0.0,0.0
2023-07-26 00:00:00-04:00,88.55754583320967,88.9244409895353,87.30236617438769,88.19064331054688,234100,0.0,0.0
2023-07-27 00:00:00-04:00,89.63893355732598,91.80170511581461,89.63893355732598,90.8554916381836,336600,0.0,0.0
2023-07-28 00:00:00-04:00,92.49686431964777,92.73824443805358,91.41547873730848,91.94651794433594,161700,0.0,0.0
2023-07-31 00:00:00-04:00,92.25549805450194,94.01274528571446,92.00446063108937,93.7906723022461,294200,0.0,0.0
2023-08-01 00:00:00-04:00,92.5258337174126,92.60307712736582,91.40582637210187,91.57962036132812,230100,0.0,0.0
2023-08-02 00:00:00-04:00,90.28582287171652,90.60443903425683,87.8913288209179,88.10374450683594,273700,0.0,0.0
2023-08-03 00:00:00-04:00,86.97409554530694,87.4954775420537,85.61270799274523,86.90650939941406,390800,0.0,0.0
2023-08-04 00:00:00-04:00,82.56166270876636,84.48304650382177,79.008546858295,81.37406921386719,1016600,0.0,0.0
2023-08-07 00:00:00-04:00,81.94373189083741,83.9037374325614,80.11889863707114,83.78787231445312,423000,0.0,0.0
2023-08-08 00:00:00-04:00,82.4168375202517,82.96718395768161,80.39889567211712,81.95338439941406,367800,0.0,0.0
2023-08-09 00:00:00-04:00,81.63477315808862,82.53270764903716,80.31200722779387,82.18511962890625,207800,0.0,0.0
2023-08-10 00:00:00-04:00,83.08305517463191,83.65270882431643,81.28718616993545,81.74098205566406,262100,0.0,0.0
2023-08-11 00:00:00-04:00,80.68855326344915,80.68855326344915,79.51061699639573,80.3409652709961,176500,0.0,0.0
2023-08-14 00:00:00-04:00,80.26372252561639,81.62511006843863,79.71337609404381,81.59614562988281,136200,0.0,0.0
2023-08-15 00:00:00-04:00,80.96854607270348,81.43199176668253,79.88716050952489,80.03199005126953,186400,0.0,0.0
2023-08-16 00:00:00-04:00,80.02233764496944,80.02233764496944,77.3671562282665,77.5119857788086,344600,0.0,0.0
2023-08-17 00:00:00-04:00,77.61819213390433,79.21130242659325,76.6816360735699,77.25129699707031,259900,0.0,0.0
2023-08-18 00:00:00-04:00,76.47887839849818,77.97543812937595,76.47887839849818,77.1064682006836,278900,0.0,0.0
2023-08-21 00:00:00-04:00,77.2416628716414,79.38512019494368,76.94235378524228,79.25959777832031,250000,0.0,0.0
2023-08-22 00:00:00-04:00,80.11889323835258,80.84303360347519,79.14371548407988,79.5975112915039,232600,0.0,0.0
2023-08-23 00:00:00-04:00,79.19199767629777,81.66373546215412,78.75751634567034,81.21959686279297,166000,0.0,0.0
2023-08-24 00:00:00-04:00,81.22923887859318,81.22923887859318,77.60853692044175,77.96578216552734,329200,0.0,0.0
2023-08-25 00:00:00-04:00,78.05267258999336,79.06647204731635,77.04853776644602,78.19750213623047,262300,0.0,0.0
2023-08-28 00:00:00-04:00,78.50646312916847,79.64577752139843,78.50646312916847,78.9119873046875,144000,0.0,0.0
2023-08-29 00:00:00-04:00,78.40992517260696,81.19062178242866,78.34233902687184,80.9492416381836,248800,0.0,0.0
2023-08-30 00:00:00-04:00,80.62021902283979,81.69438172773113,79.92346403771364,81.05569458007812,262900,0.19,0.0
2023-08-31 00:00:00-04:00,80.74602087635,82.02340246547327,79.62346961584278,81.30728912353516,546500,0.0,0.0
2023-09-01 00:00:00-04:00,81.9169552828814,83.28142757914746,81.66534768709732,82.68144989013672,212200,0.0,0.0
2023-09-05 00:00:00-04:00,82.0621094372822,82.79756639656601,80.92987900791515,81.75244140625,374800,0.0,0.0
2023-09-06 00:00:00-04:00,81.64600292125827,82.25565985996249,80.0008852942175,80.85247802734375,188500,0.0,0.0
2023-09-07 00:00:00-04:00,79.25574124949404,79.25574124949404,76.30421196772836,77.17515563964844,370200,0.0,0.0
2023-09-08 00:00:00-04:00,77.23320947508046,77.70739438994272,76.15904693555888,76.87516021728516,279000,0.0,0.0
2023-09-11 00:00:00-04:00,77.9880308708247,77.9880308708247,75.51068656382444,76.13970184326172,328300,0.0,0.0
2023-09-12 00:00:00-04:00,75.5397318670273,76.62357390921588,74.71717666806906,74.86233520507812,334900,0.0,0.0
2023-09-13 00:00:00-04:00,74.92037973513436,75.49133455714016,74.3204020715822,75.1332778930664,508300,0.0,0.0
2023-09-14 00:00:00-04:00,76.02357312668666,77.56224149016857,75.31714637898541,77.47514343261719,324500,0.0,0.0
2023-09-15 00:00:00-04:00,77.27193301409929,77.36870290190713,76.20744948207462,76.7493667602539,789000,0.0,0.0
2023-09-18 00:00:00-04:00,76.53645407032788,78.05577129151959,75.89776702539906,77.35901641845703,282600,0.0,0.0
2023-09-19 00:00:00-04:00,77.05902570453213,77.3203124920437,75.70423266953993,76.43968963623047,636000,0.0,0.0
2023-09-20 00:00:00-04:00,76.95258791054343,77.50418440798579,75.99455344300026,76.1493911743164,205400,0.0,0.0
2023-09-21 00:00:00-04:00,75.20103459950359,75.64618203837519,74.27203028580587,74.34944915771484,308200,0.0,0.0
2023-09-22 00:00:00-04:00,75.18166866137734,75.48165750168673,74.12685704427352,74.29136657714844,681700,0.0,0.0
2023-09-25 00:00:00-04:00,74.0688092332252,75.12361364726273,73.85591103290612,74.52363586425781,300500,0.0,0.0
2023-09-26 00:00:00-04:00,73.97203178555158,74.1558923536356,72.57852180432641,72.79141998291016,265300,0.0,0.0
2023-09-27 00:00:00-04:00,73.40108131058133,73.94300599304391,71.82371066666528,72.83980560302734,336300,0.0,0.0
2023-09-28 00:00:00-04:00,72.88818969882142,74.85264716978892,71.83338539493012,74.09783172607422,262100,0.0,0.0
2023-09-29 00:00:00-04:00,75.03651289184222,75.26876208691736,73.19785558841441,73.84622192382812,261300,0.0,0.0
2023-10-02 00:00:00-04:00,73.78817927426728,74.69783263380477,73.47851114509481,74.2817153930664,229500,0.0,0.0
2023-10-03 00:00:00-04:00,73.60430804837296,74.92039938525707,72.57853379991663,73.0527114868164,184700,0.0,0.0
2023-10-04 00:00:00-04:00,73.25590427075956,74.37845540221225,72.51076817238103,73.34300231933594,209500,0.0,0.0
2023-10-05 00:00:00-04:00,73.13979876502046,73.48817626645602,71.62048864384228,72.67529296875,235300,0.0,0.0
2023-10-06 00:00:00-04:00,72.44304626430484,74.05912632879634,71.83338930726988,73.53656005859375,212100,0.0,0.0
2023-10-09 00:00:00-04:00,72.78174017266764,73.75913299207723,72.05595496067485,73.27527618408203,127300,0.0,0.0
2023-10-10 00:00:00-04:00,73.2655919920535,75.7139060925139,73.0139844017685,75.65584564208984,286800,0.0,0.0
2023-10-11 00:00:00-04:00,76.13970515124078,76.13970515124078,74.77522545273072,75.8493881225586,253400,0.0,0.0
2023-10-12 00:00:00-04:00,75.61713798378817,75.94616443771775,74.51394510150232,74.84296417236328,473800,0.0,0.0
2023-10-13 00:00:00-04:00,74.86232289479548,74.88167391778202,72.71399757292522,73.08172607421875,193300,0.0,0.0
2023-10-16 00:00:00-04:00,73.54624492577051,74.72685688087012,73.40108638680302,74.13655090332031,235900,0.0,0.0
2023-10-17 00:00:00-04:00,72.76238943516235,74.7268469020604,72.1817553568286,73.67203521728516,299400,0.0,0.0
2023-10-18 00:00:00-04:00,72.46240335866456,72.84949033750384,71.34953844622295,71.73661804199219,309600,0.0,0.0
2023-10-19 00:00:00-04:00,72.25918195645093,72.74303881816506,69.83989764788029,70.23666381835938,372700,0.0,0.0
2023-10-20 00:00:00-04:00,70.48825852955437,70.69148489260009,68.10768384302636,68.33026123046875,551200,0.0,0.0
2023-10-23 00:00:00-04:00,68.16574464248568,68.76572231671909,67.53672936005232,67.84639739990234,460100,0.0,0.0
2023-10-24 00:00:00-04:00,68.21412714390554,69.13345946068961,67.73027036130401,68.61089324951172,241600,0.0,0.0
2023-10-25 00:00:00-04:00,67.60446389355657,68.02058098275636,66.23031253222442,66.30772399902344,389800,0.0,0.0
2023-10-26 00:00:00-04:00,66.80127606678369,68.24316742411683,66.80127606678369,67.10126495361328,427600,0.0,0.0
2023-10-27 00:00:00-04:00,67.58511436732952,68.35928820155594,67.03351790994057,67.73995208740234,423000,0.0,0.0
2023-10-30 00:00:00-04:00,67.32383856953663,67.49802732246576,65.63033967614143,65.71743774414062,477400,0.0,0.0
2023-10-31 00:00:00-04:00,65.66904312971847,67.47867015467396,65.3013146328214,67.09158325195312,390700,0.0,0.0
2023-11-01 00:00:00-04:00,66.84965928775085,67.77866348596297,64.7400432804351,67.35286712646484,761000,0.0,0.0
2023-11-02 00:00:00-04:00,68.54315893788376,69.40442348740049,67.59479632151421,69.23991394042969,407900,0.0,0.0
2023-11-03 00:00:00-04:00,70.41083242621269,72.79140661835103,69.95600592512103,72.4043197631836,515600,0.0,0.0
2023-11-06 00:00:00-05:00,72.17208976111202,73.4785017838999,71.45597630488905,72.93658447265625,464700,0.0,0.0
2023-11-07 00:00:00-05:00,72.5785244303977,73.05270205608356,71.41727099273906,72.77206420898438,564600,0.0,0.0
2023-11-08 00:00:00-05:00,66.28838375679703,70.18826851039492,64.90455296844917,67.7786636352539,1155200,0.0,0.0
2023-11-09 00:00:00-05:00,68.36897747542938,68.73670604016468,66.84966719300071,67.11094665527344,699200,0.0,0.0
2023-11-10 00:00:00-05:00,68.1947814486633,71.02050350787084,67.55608690186027,70.73018646240234,753600,0.0,0.0
2023-11-13 00:00:00-05:00,70.12052659866714,70.12052659866714,68.41734859471234,69.25926208496094,492800,0.0,0.0
2023-11-14 00:00:00-05:00,72.23982069583411,74.03976855704558,71.80434515214625,73.90428924560547,517900,0.0,0.0
2023-11-15 00:00:00-05:00,74.51394782573998,76.0139068715636,74.4849175987872,75.49134063720703,530500,0.0,0.0
2023-11-16 00:00:00-05:00,75.23005574133562,75.96552016947139,73.97203244862533,74.25267028808594,392100,0.0,0.0
2023-11-17 00:00:00-05:00,74.31073275054355,74.93006890157437,73.94300421807814,74.71717071533203,323200,0.0,0.0
2023-11-20 00:00:00-05:00,74.3978260401389,76.21713250765933,73.73010861263386,76.00423431396484,262500,0.0,0.0
2023-11-21 00:00:00-05:00,75.09457526727938,75.09457526727938,74.00106153703217,74.33975982666016,311100,0.0,0.0
2023-11-22 00:00:00-05:00,75.1719886512912,76.11067197348443,74.36878463507756,74.59136199951172,200600,0.0,0.0
2023-11-24 00:00:00-05:00,74.37847317303485,74.69782045566872,74.09783532312048,74.65911102294922,68500,0.0,0.0
2023-11-27 00:00:00-05:00,73.86558828542165,74.22363762825121,73.43011269180329,73.60430145263672,226500,0.0,0.0
2023-11-28 00:00:00-05:00,72.73336019193697,73.52688507558456,72.4043337175582,73.15914916992188,334600,0.0,0.0
2023-11-29 00:00:00-05:00,74.1391377903374,76.04088671362284,74.1391377903374,75.17733764648438,426300,0.2,0.0
2023-11-30 00:00:00-05:00,75.43930959724068,75.43930959724068,73.61518490473186,74.1391372680664,293900,0.0,0.0
2023-12-01 00:00:00-05:00,73.83834843344947,75.79831929150079,73.43083237876071,75.31317901611328,280900,0.0,0.0
2023-12-04 00:00:00-05:00,73.983892769989,75.53634018692698,73.91597342683087,75.49752807617188,432700,0.0,0.0
2023-12-05 00:00:00-05:00,74.9832754707469,74.9832754707469,73.33380159027342,74.16824340820312,250500,0.0,0.0
2023-12-06 00:00:00-05:00,75.5363300883829,77.04997259485826,74.49813032310507,75.56543731689453,390600,0.0,0.0
2023-12-07 00:00:00-05:00,76.24465675566294,76.7977164409521,75.59457048399312,76.10881805419922,340800,0.0,0.0
2023-12-08 00:00:00-05:00,75.8662351380951,77.55452114590595,75.52663103885001,76.04088592529297,822400,0.0,0.0
2023-12-11 00:00:00-05:00,76.54543148417552,79.02934730667592,76.12821055436618,78.90321350097656,585300,0.0,0.0
2023-12-12 00:00:00-05:00,79.51447802332895,79.51447802332895,76.72977793582562,78.53450012207031,314700,0.0,0.0
2023-12-13 00:00:00-05:00,78.26283593342455,79.39806244695357,76.72979082476891,79.00994873046875,500600,0.0,0.0
2023-12-14 00:00:00-05:00,79.96081817399954,84.54053583648762,79.93170354127527,84.30767059326172,569100,0.0,0.0
2023-12-15 00:00:00-05:00,84.93836103631983,87.01476084068884,82.01781448053508,82.44474029541016,1009300,0.0,0.0
2023-12-18 00:00:00-05:00,82.88136015684285,83.40531252542435,81.68791926395127,82.958984375,352400,0.0,0.0
2023-12-19 00:00:00-05:00,83.56056294518115,84.43380951089199,82.50295330498123,82.69701385498047,348600,0.0,0.0
2023-12-20 00:00:00-05:00,82.163355136621,82.163355136621,79.30103054950646,79.36894989013672,462500,0.0,0.0
2023-12-21 00:00:00-05:00,80.73703391904643,81.31920069815327,79.84437769757244,80.41683959960938,404200,0.0,0.0
2023-12-22 00:00:00-05:00,80.98931688220023,81.94989253248121,80.68853228727403,81.25128936767578,304500,0.0,0.0
2023-12-26 00:00:00-05:00,82.03721836526856,82.73581409962495,81.46474902696568,82.18275451660156,259700,0.0,0.0
2023-12-27 00:00:00-05:00,82.34770801743517,82.58057326276236,81.01842107849767,81.33861541748047,355600,0.0,0.0
2023-12-28 00:00:00-05:00,81.17367044222378,81.17367044222378,80.18398018358106,80.89228820800781,277500,0.0,0.0
2023-12-29 00:00:00-05:00,80.87287686765494,81.19307120403843,79.39805378901835,79.66973114013672,248900,0.0,0.0
2024-01-02 00:00:00-05:00,78.97112879815315,78.97112879815315,76.75889045671404,77.74857330322266,354900,0.0,0.0
2024-01-03 00:00:00-05:00,76.65216546690718,76.65216546690718,75.42960986899585,76.09910583496094,296100,0.0,0.0
2024-01-04 00:00:00-05:00,74.56604786629153,75.50722104637515,73.91596176963758,74.98326873779297,407300,0.0,0.0
2024-01-05 00:00:00-05:00,74.57575372825004,75.38108825407873,73.67339264088042,74.11001586914062,333000,0.0,0.0
2024-01-08 00:00:00-05:00,74.33319885217702,75.14823101928403,74.00329959216681,74.95417785644531,353400,0.0,0.0
2024-01-09 00:00:00-05:00,73.4502321765558,75.36168597948893,73.20766204730343,74.96387481689453,265400,0.0,0.0
2024-01-10 00:00:00-05:00,74.86682948973271,75.22582845339026,72.80983264404615,74.84741973876953,349000,0.0,0.0
2024-01-11 00:00:00-05:00,74.63398852275002,75.3908062727185,73.44054742553944,74.6048812866211,255900,0.0,0.0
2024-01-12 00:00:00-05:00,75.07060414525544,76.72007801651324,73.98388733194922,74.80862426757812,253600,0.0,0.0
2024-01-16 00:00:00-05:00,74.11002221100918,75.0609003618455,73.74131828454148,74.7795181274414,286100,0.0,0.0
2024-01-17 00:00:00-05:00,73.7122060129031,74.6145671157814,73.04271014225563,74.49813079833984,406400,0.0,0.0
2024-01-18 00:00:00-05:00,76.2058453247628,76.54544208147104,75.25496700332565,75.87594604492188,415900,0.0,0.0
2024-01-19 00:00:00-05:00,77.01115256173276,79.80555725097656,76.14760365907108,79.80555725097656,386800,0.0,0.0
2024-01-22 00:00:00-05:00,80.68852715664806,81.24158672651026,79.66972970564547,79.92200469970703,315600,0.0,0.0
2024-01-23 00:00:00-05:00,79.27191018969377,80.01903028531476,78.80617971691275,79.52418518066406,418900,0.0,0.0
2024-01-24 00:00:00-05:00,79.68912713374581,79.72793923833032,77.04026576905864,77.09848022460938,442900,0.0,0.0
2024-01-25 00:00:00-05:00,78.76737094725873,78.76737094725873,75.96326090653388,76.06028747558594,264600,0.0,0.0
2024-01-26 00:00:00-05:00,75.60426057918936,76.0797033905468,74.75041633868861,74.83773803710938,201800,0.0,0.0
2024-01-29 00:00:00-05:00,74.86684002297704,75.62365755869747,73.61517740518863,75.4004898071289,247500,0.0,0.0
2024-01-30 00:00:00-05:00,74.95416726205983,75.17733503016902,73.46963930847839,73.77042388916016,235800,0.0,0.0
2024-01-31 00:00:00-05:00,73.16886184123786,75.00269153896396,72.36352718595087,72.73223114013672,546500,0.0,0.0
2024-02-01 00:00:00-05:00,72.95540006036678,73.71221773748478,72.28590408323005,73.33380889892578,390200,0.0,0.0
2024-02-02 00:00:00-05:00,72.5866790457555,73.19796047495423,71.7716470103605,73.17855072021484,501500,0.0,0.0
2024-02-05 00:00:00-05:00,73.1785476336898,73.62487573938839,71.6843148958369,72.20826721191406,540000,0.0,0.0
2024-02-06 00:00:00-05:00,71.76194275680785,71.76194275680785,70.4617704787605,71.68431854248047,415500,0.0,0.0
2024-02-07 00:00:00-05:00,71.83956934004185,73.26588286406697,70.91779842047697,72.8874740600586,306500,0.0,0.0
2024-02-08 00:00:00-05:00,73.34350256227722,76.32227093056169,73.34350256227722,75.96326446533203,619400,0.0,0.0
2024-02-09 00:00:00-05:00,82.30890020398407,82.4738461195865,78.46659014367228,79.1166763305664,783300,0.0,0.0
2024-02-12 00:00:00-05:00,77.67095061004416,79.07785425849019,76.83650885633135,77.06937408447266,453300,0.0,0.0
2024-02-13 00:00:00-05:00,73.98387683829087,74.54664121907426,69.57880315199445,70.02513122558594,994200,0.0,0.0
2024-02-14 00:00:00-05:00,71.0245253446518,73.65399185500334,70.78195523431809,73.01360321044922,522300,0.0,0.0
2024-02-15 00:00:00-05:00,73.44053787972143,74.48843525742733,72.92629036787481,73.40172576904297,343000,0.0,0.0
2024-02-16 00:00:00-05:00,73.17855483758045,73.33380327362066,71.14096723179631,71.17007446289062,393500,0.0,0.0
2024-02-20 00:00:00-05:00,70.1221729033548,71.02453412141035,69.66614725780259,70.45207214355469,483900,0.0,0.0
2024-02-21 00:00:00-05:00,69.85048768141792,70.58790289783556,69.52059588094171,70.4617691040039,364200,0.0,0.0
2024-02-22 00:00:00-05:00,71.49997982040547,71.79105955896627,70.09306850807437,70.1609878540039,415700,0.0,0.0
2024-02-23 00:00:00-05:00,70.01545628665488,70.07367075766152,68.33686748030823,68.35626983642578,475100,0.0,0.0
2024-02-26 00:00:00-05:00,68.74437451925044,69.58852125082245,68.59883095826864,69.23921966552734,648000,0.0,0.0
2024-02-27 00:00:00-05:00,69.5594087711699,69.92811268220723,67.86141796067942,68.3271484375,546900,0.0,0.0
2024-02-28 00:00:00-05:00,67.43195701417343,69.07639644417804,66.81893449893916,68.531494140625,506400,0.2,0.0
2024-02-29 00:00:00-05:00,69.75752530568462,70.85706233060081,68.65798085703202,69.53372192382812,410600,0.0,0.0
2024-03-01 00:00:00-05:00,69.98132982067187,71.19763494446165,69.21262409158825,70.827880859375,302200,0.0,0.0
2024-03-04 00:00:00-05:00,71.54791594365054,71.54791594365054,70.82786554470547,70.94463348388672,309000,0.0,0.0
2024-03-05 00:00:00-05:00,70.05917163801948,70.75976454219757,68.83313405570779,69.611572265625,463500,0.0,0.0
2024-03-06 00:00:00-05:00,70.60407214806405,71.74253930047723,69.91321178048084,70.9543685913086,312000,0.0,0.0
2024-03-07 00:00:00-05:00,71.88848575075357,75.67362619592656,71.56738688305187,74.42813110351562,556300,0.0,0.0
2024-03-08 00:00:00-05:00,74.97304399301804,75.13845969313823,71.8106509582815,71.9468765258789,301900,0.0,0.0
2024-03-11 00:00:00-04:00,71.14898266835634,72.73504177635226,70.76949608776997,72.30690002441406,306200,0.0,0.0
2024-03-12 00:00:00-04:00,72.59880874101808,72.59880874101808,71.02247489036917,72.13174438476562,225000,0.0,0.0
2024-03-13 00:00:00-04:00,71.71333462089648,71.98579315704247,70.1661983366816,70.42891693115234,274800,0.0,0.0
2024-03-14 00:00:00-04:00,69.94240021039572,70.95436686360163,67.93793194132172,68.24930572509766,386800,0.0,0.0
2024-03-15 00:00:00-04:00,67.46114259497193,68.60933481691295,66.78973985645743,68.19092559814453,866700,0.0,0.0
2024-03-18 00:00:00-04:00,69.19316015935543,69.19316015935543,67.6752138790362,67.7530517578125,294400,0.0,0.0
2024-03-19 00:00:00-04:00,67.10111223018666,67.8795503867002,66.342139110641,67.2470703125,444400,0.0,0.0
2024-03-20 00:00:00-04:00,67.5584551851728,69.1639795068146,67.04274297687752,68.46338653564453,467300,0.0,0.0
2024-03-21 00:00:00-04:00,70.0202503006023,71.35332334741513,68.63852950459132,68.64826202392578,381700,0.0,0.0
2024-03-22 00:00:00-04:00,68.51202916391318,68.78448028641427,67.58763294258584,68.23957061767578,281100,0.0,0.0
2024-03-25 00:00:00-04:00,67.84063167234453,68.44391422609296,67.11084864217514,68.14227294921875,259000,0.0,0.0
2024-03-26 00:00:00-04:00,68.47311073226774,68.49256834632939,67.00381217543216,67.0524673461914,298800,0.0,0.0
2024-03-27 00:00:00-04:00,67.37356910681305,68.74556480439949,67.37356910681305,68.7066421508789,362600,0.0,0.0
2024-03-28 00:00:00-04:00,68.765023825557,70.57488642072231,68.72610117124043,69.62130737304688,315800,0.0,0.0
2024-04-01 00:00:00-04:00,69.64076342090088,70.3900040843538,68.63852922195318,68.76502227783203,240100,0.0,0.0
2024-04-02 00:00:00-04:00,67.69468518468643,67.69468518468643,66.6632607008528,67.10112762451172,430400,0.0,0.0
2024-04-03 00:00:00-04:00,65.85562149617579,67.9087450323083,65.85562149617579,67.6460189819336,310500,0.0,0.0
2024-04-04 00:00:00-04:00,68.58014965139444,68.67745257411714,65.94319367606514,66.30322265625,278800,0.0,0.0
2024-04-05 00:00:00-04:00,65.93346771390813,67.43195646010344,65.93346771390813,67.00381469726562,291400,0.0,0.0
2024-04-08 00:00:00-04:00,67.55844613203408,68.29796166069713,67.42222056408782,67.66548156738281,199200,0.0,0.0
2024-04-09 00:00:00-04:00,68.55095265823495,69.80618041579415,68.55095265823495,69.73806762695312,251100,0.0,0.0
2024-04-10 00:00:00-04:00,68.01577856868293,68.35634249136588,66.75081837159001,67.25680541992188,379700,0.0,0.0
2024-04-11 00:00:00-04:00,67.44166969757644,68.50229139891971,67.11083833808866,68.42444610595703,300500,0.0,0.0
2024-04-12 00:00:00-04:00,67.05246061861523,68.0060395104323,65.7875005431596,66.2059097290039,311600,0.0,0.0
2024-04-15 00:00:00-04:00,66.78001344367031,67.66548713187488,64.88258043142807,65.36910247802734,324900,0.0,0.0
2024-04-16 00:00:00-04:00,65.20368454583107,65.65128392262783,64.22090796648546,65.03826141357422,295000,0.0,0.0
2024-04-17 00:00:00-04:00,64.98960231283071,65.53450451570976,63.81222009661809,63.82194519042969,274800,0.0,0.0
2024-04-18 00:00:00-04:00,63.56896619992263,63.56896619992263,62.12885781578415,62.23589324951172,325200,0.0,0.0
2024-04-19 00:00:00-04:00,61.8369492260727,62.81972209274247,60.45522844356512,61.194740295410156,660000,0.0,0.0
2024-04-22 00:00:00-04:00,61.63260941463295,62.216434351731095,60.854174927879285,61.37961959838867,424600,0.0,0.0
2024-04-23 00:00:00-04:00,61.3407002133459,63.753845394882255,61.3407002133459,62.68349838256836,319700,0.0,0.0
2024-04-24 00:00:00-04:00,64.3182157894788,65.48587320482683,63.85115876232967,65.14530181884766,572200,0.0,0.0
2024-04-25 00:00:00-04:00,64.86312780375843,66.98435696325863,64.86312780375843,65.44695281982422,577700,0.0,0.0
2024-04-26 00:00:00-04:00,65.36909464456247,66.78973795954195,64.98960808758956,65.4566650390625,464000,0.0,0.0
2024-04-29 00:00:00-04:00,65.388559208777,66.1280747882491,64.97014995741297,66.06969451904297,487000,0.0,0.0
2024-04-30 00:00:00-04:00,65.36910053840975,65.85562257057305,64.75608545042934,64.92150115966797,620800,0.0,0.0
2024-05-01 00:00:00-04:00,63.87061424363146,65.93347041184364,63.257599132087265,63.9776496887207,406500,0.0,0.0
2024-05-02 00:00:00-04:00,64.78526407931054,66.18644223496362,63.403543535044186,66.1377944946289,421800,0.0,0.0
2024-05-03 00:00:00-04:00,67.57790997733207,68.01578427788222,65.37883564985523,66.75082397460938,516700,0.0,0.0
2024-05-06 00:00:00-04:00,67.402742654234,68.80392814121625,67.25679201911939,67.79196166992188,330400,0.0,0.0
2024-05-07 00:00:00-04:00,68.24931328246632,69.45588590023691,67.79198136296186,68.27850341796875,711600,0.0,0.0
2024-05-08 00:00:00-04:00,70.66246034523436,74.88546788483532,69.86456453516641,74.56436157226562,1123700,0.0,0.0
2024-05-09 00:00:00-04:00,74.81735926554022,75.64444525485342,73.76646986974269,75.2552261352539,444700,0.0,0.0
2024-05-10 00:00:00-04:00,75.41091688300652,75.41091688300652,73.37725830078125,73.37725830078125,620900,0.0,0.0
2024-05-13 00:00:00-04:00,74.18487742764523,75.52768298836847,74.00972919901773,74.63247680664062,489800,0.0,0.0
2024-05-14 00:00:00-04:00,75.89742862975642,76.25745756631441,74.72004633288675,75.2746810913086,337200,0.0,0.0
2024-05-15 00:00:00-04:00,76.13096409365815,76.79263434200291,75.64444207057338,75.8293228149414,377600,0.0,0.0
2024-05-16 00:00:00-04:00,75.69309766842655,76.41314818799857,75.18711060427768,75.56660461425781,322100,0.0,0.0
2024-05-17 00:00:00-04:00,75.99473221620254,75.99473221620254,73.89296111119263,74.72004699707031,303700,0.0,0.0
2024-05-20 00:00:00-04:00,74.49624994176659,76.1601543730536,73.94161513133758,75.68336486816406,301200,0.0,0.0
2024-05-21 00:00:00-04:00,74.87573486844313,75.80013114784492,74.72005168454884,75.03142547607422,291800,0.0,0.0
2024-05-22 00:00:00-04:00,75.38171802985472,76.5785579633811,75.38171802985472,76.10176849365234,309700,0.0,0.0
2024-05-23 00:00:00-04:00,76.87048455310396,76.87048455310396,73.36752724808974,74.17515563964844,342500,0.0,0.0
2024-05-24 00:00:00-04:00,75.29414149898902,76.14069244536765,74.60328115486985,75.10926818847656,279500,0.0,0.0
2024-05-28 00:00:00-04:00,75.19685362030299,76.0239396949095,74.1654291571752,75.28443145751953,311900,0.0,0.0
2024-05-29 00:00:00-04:00,73.55239180527552,73.98053353742914,72.72530589667225,73.05614471435547,285700,0.0,0.0
2024-05-30 00:00:00-04:00,73.81511961316409,74.40867705654566,73.13399177177708,73.59131622314453,210400,0.0,0.0
2024-05-31 00:00:00-04:00,74.08889502765446,75.09378663925031,73.14253847897221,74.15718841552734,754900,0.2,0.0
2024-06-03 00:00:00-04:00,75.39622268284803,75.39622268284803,73.30838788637134,74.0888900756836,208700,0.0,0.0
2024-06-04 00:00:00-04:00,73.66936367655329,73.92302053440169,71.04493297147602,71.15225219726562,278100,0.0,0.0
2024-06-05 00:00:00-04:00,72.20593096138427,73.89375623446347,71.59128310622057,73.81571197509766,190400,0.0,0.0
2024-06-06 00:00:00-04:00,73.32791763834204,74.80110480487534,72.55717363560848,73.74742889404297,220900,0.0,0.0
2024-06-07 00:00:00-04:00,72.85960042415334,74.13766547886307,72.15714995507244,72.75228118896484,186500,0.0,0.0
2024-06-10 00:00:00-04:00,71.53276131353776,72.76204980836415,71.47422624730555,72.29374694824219,204000,0.0,0.0
2024-06-11 00:00:00-04:00,71.74738178058709,73.07423086677092,70.79126709305892,72.9571533203125,264900,0.0,0.0
2024-06-12 00:00:00-04:00,75.00598465236084,76.19624734883683,73.46450409728354,74.1474380493164,239900,0.0,0.0
2024-06-13 00:00:00-04:00,73.90352716559121,74.02060473974265,71.83520134944398,72.51814270019531,382100,0.0,0.0
2024-06-14 00:00:00-04:00,71.40592260926434,72.26446904563363,70.55712705358694,71.9717788696289,192700,0.0,0.0
2024-06-17 00:00:00-04:00,71.95227349701075,72.596188941148,70.4985957505171,72.4595947265625,221900,0.0,0.0
2024-06-18 00:00:00-04:00,72.58642865821285,74.44011578697902,71.58153710743146,71.72787475585938,380700,0.0,0.0
2024-06-20 00:00:00-04:00,70.70347551480978,71.51324525609216,69.45467793199494,69.93273162841797,472500,0.0,0.0
2024-06-21 00:00:00-04:00,69.93273622040284,70.18640057213742,68.64491269813524,69.62053680419922,1372900,0.0,0.0
2024-06-24 00:00:00-04:00,69.6205189826182,70.43028856978617,68.63513680357548,68.70343017578125,292600,0.0,0.0
2024-06-25 00:00:00-04:00,68.81075356464744,69.07417619012982,67.43512771446309,68.59611511230469,437500,0.0,0.0
2024-06-26 00:00:00-04:00,68.43026994241333,69.2888164226527,67.91319038934753,68.55709838867188,421300,0.0,0.0
2024-06-27 00:00:00-04:00,68.76198056814803,69.24003422850785,67.29854461554353,67.52293395996094,359300,0.0,0.0
2024-06-28 00:00:00-04:00,68.69368814961742,70.23516838427126,68.12782445360232,68.47904968261719,917300,0.0,0.0
2024-07-01 00:00:00-04:00,68.47904578897668,68.47904578897668,66.56682378607819,67.9912338256836,382400,0.0,0.0
2024-07-02 00:00:00-04:00,68.20588477118483,69.04491465375618,67.91319456223998,68.84003448486328,344600,0.0,0.0
2024-07-03 00:00:00-04:00,69.32783432963367,69.67905954115216,68.44002042076521,68.95709991455078,133500,0.0,0.0
2024-07-05 00:00:00-04:00,69.1522285925317,69.27906448026816,68.29368212544327,68.781494140625,176000,0.0,0.0
2024-07-08 00:00:00-04:00,69.57174849879775,70.38151824526605,69.5132134377974,70.11810302734375,168900,0.0,0.0
2024-07-09 00:00:00-04:00,70.26443989936996,70.37175913895902,68.71320125272543,69.94248962402344,371300,0.0,0.0
2024-07-10 00:00:00-04:00,70.65470175264934,71.42544575267944,70.05957040380868,70.25469970703125,320200,0.0,0.0
2024-07-11 00:00:00-04:00,71.73763585147394,72.80106994612785,71.17177211095795,72.4400863647461,387200,0.0,0.0
2024-07-12 00:00:00-04:00,73.48400037646041,74.98646224999833,72.95716251612214,73.30838775634766,308700,0.0,0.0
2024-07-15 00:00:00-04:00,73.81572680546539,74.76207597905055,73.1718112932425,73.63035583496094,449200,0.0,0.0
2024-07-16 00:00:00-04:00,74.6352402087572,77.20112879381891,74.42060172570625,76.5474624633789,561700,0.0,0.0
2024-07-17 00:00:00-04:00,74.99622256041224,76.7718580137229,73.95230513637938,74.04010772705078,451700,0.0,0.0
2024-07-18 00:00:00-04:00,73.9035170032222,75.43524636482611,72.00105320624996,72.57666778564453,273900,0.0,0.0
2024-07-19 00:00:00-04:00,72.73276820074916,73.86448810829447,69.59125790156202,70.10833740234375,306700,0.0,0.0
2024-07-22 00:00:00-04:00,70.90835395423079,73.27912061665226,70.89859562988916,73.10350799560547,438400,0.0,0.0
2024-07-23 00:00:00-04:00,71.86447443270906,73.44498070330704,71.162023893145,72.76204681396484,302400,0.0,0.0
2024-07-24 00:00:00-04:00,72.44984705072343,73.72791222749015,70.31322791045568,70.43030548095703,462500,0.0,0.0
2024-07-25 00:00:00-04:00,70.0888299161072,71.62056685825084,67.74733809281672,69.48394775390625,525000,0.0,0.0
2024-07-26 00:00:00-04:00,71.06445624123525,72.58643490668754,70.33273816242473,71.18153381347656,315100,0.0,0.0
2024-07-29 00:00:00-04:00,72.01081292252805,73.10351460149519,71.15226638839607,71.37666320800781,234600,0.0,0.0
2024-07-30 00:00:00-04:00,71.72787698569861,71.72787698569861,69.30833350647899,69.32784271240234,267500,0.0,0.0
2024-07-31 00:00:00-04:00,71.07420395595018,72.28397558148845,69.6302846643058,71.25957489013672,422000,0.0,0.0
2024-08-01 00:00:00-04:00,70.02053279626257,71.0254317915742,65.46437039913485,66.6448745727539,472100,0.0,0.0
2024-08-02 00:00:00-04:00,63.6887311230824,64.97655445669545,63.132625761827214,64.59606170654297,746000,0.0,0.0
2024-08-05 00:00:00-04:00,60.84967017088749,64.18630631410288,60.84967017088749,63.103363037109375,566800,0.0,0.0
2024-08-06 00:00:00-04:00,63.18141886528926,64.25460388771133,62.4009166071162,62.7033576965332,728700,0.0,0.0
2024-08-07 00:00:00-04:00,61.49358562640813,62.020423531856835,58.17646593052746,58.32280731201172,1093100,0.0,0.0
2024-08-08 00:00:00-04:00,59.98136745177702,60.39113149697734,58.36183164242627,59.43501663208008,543500,0.0,0.0
2024-08-09 00:00:00-04:00,59.08379744134188,60.010637368472224,58.625252918695054,58.888671875,465200,0.0,0.0
2024-08-12 00:00:00-04:00,60.48868501177593,61.220402975628055,58.60573048705965,58.937442779541016,639500,0.0,0.0
2024-08-13 00:00:00-04:00,59.72770841324547,59.903321048453954,58.76183891959881,59.688682556152344,1088600,0.0,0.0
2024-08-14 00:00:00-04:00,60.02039219458071,60.02039219458071,57.91304438870876,58.19597625732422,342300,0.0,0.0
2024-08-15 00:00:00-04:00,60.18624273733442,63.66922381336526,60.09843642917045,63.57166290283203,650400,0.0,0.0
2024-08-16 00:00:00-04:00,63.142383630719536,65.32777920825984,62.85945179023574,64.41069030761719,478800,0.0,0.0
2024-08-19 00:00:00-04:00,64.36192513684419,64.6546079101997,63.35703347248961,64.1180191040039,226100,0.0,0.0
2024-08-20 00:00:00-04:00,63.71799970305518,64.03019907867902,62.36188296736849,62.90823745727539,189000,0.0,0.0
2024-08-21 00:00:00-04:00,63.58142158288833,65.57169566427429,63.11312617751591,65.31803131103516,255700,0.0,0.0
2024-08-22 00:00:00-04:00,65.25948308329238,65.82534674045142,63.67896966125432,63.79604721069336,284200,0.0,0.0
2024-08-23 00:00:00-04:00,64.8497229191814,66.54730644969405,64.42044601403714,66.24486541748047,343700,0.0,0.0
2024-08-26 00:00:00-04:00,66.0887653177769,66.4595071883378,64.64484601761177,64.79119110107422,268900,0.0,0.0
2024-08-27 00:00:00-04:00,64.29363062236096,65.53266997244178,63.43507663796989,63.561912536621094,501700,0.0,0.0
2024-08-28 00:00:00-04:00,63.46434888708881,63.63996151785793,62.21554754365171,62.26432800292969,321500,0.0,0.0
2024-08-29 00:00:00-04:00,63.23994512584449,65.23997723185096,62.89847822671221,64.79119110107422,582000,0.0,0.0
2024-08-30 00:00:00-04:00,65.5251100390153,66.41561318881972,65.19239949902499,65.662109375,1026900,0.2,0.0
2024-09-03 00:00:00-04:00,64.04747681911967,64.30190740077899,60.78883693057961,60.837764739990234,490600,0.0,0.0
2024-09-04 00:00:00-04:00,60.27997656949455,60.81819364570179,59.144834274775256,59.67326354980469,581700,0.0,0.0
2024-09-05 00:00:00-04:00,59.38947748293644,59.947262699727425,58.1369076954693,58.391334533691406,499100,0.0,0.0
2024-09-06 00:00:00-04:00,58.05862392028709,58.205407342394466,56.62990730762272,56.933265686035156,455600,0.0,0.0
2024-09-09 00:00:00-04:00,57.20726598758793,57.43233689411882,56.267838621297486,56.62012481689453,472800,0.0,0.0
2024-09-10 00:00:00-04:00,56.43419404534157,57.070266759159885,55.42626699795343,56.678836822509766,351300,0.0,0.0
2024-09-11 00:00:00-04:00,56.75712179086329,57.53019382840603,55.41648047654714,57.481266021728516,328700,0.0,0.0
2024-09-12 00:00:00-04:00,57.33448301413416,57.598697668838774,56.11126909399386,56.98219680786133,482900,0.0,0.0
2024-09-13 00:00:00-04:00,57.84333586918386,58.81211912671215,57.48126562274063,58.37176513671875,280500,0.0,0.0
2024-09-16 00:00:00-04:00,57.823769042748566,58.63598115105551,56.71798260490756,57.32469940185547,565700,0.0,0.0
2024-09-17 00:00:00-04:00,58.34240677950298,59.37969346879043,57.481266916310204,57.774837493896484,260400,0.0,0.0
2024-09-18 00:00:00-04:00,58.107555722981644,60.642055141673026,57.735697642093946,58.22498321533203,416100,0.0,0.0
2024-09-19 00:00:00-04:00,60.583336408032395,60.73012356562305,59.49712189412845,60.14297866821289,336200,0.0,0.0
2024-09-20 00:00:00-04:00,59.438407739875174,59.76133424806716,58.039050827487785,58.37176513671875,1855300,0.0,0.0
2024-09-23 00:00:00-04:00,58.86105160286138,59.565620237836455,58.303266389236256,59.281837463378906,447300,0.0,0.0
2024-09-24 00:00:00-04:00,60.19190807139239,61.3466222939823,59.82983780148109,60.44633865356445,358800,0.0,0.0
2024-09-25 00:00:00-04:00,59.83961974845011,60.279973723901435,58.743617511323016,59.18397521972656,469400,0.0,0.0
2024-09-26 00:00:00-04:00,61.70869667950183,63.02976994215814,61.033480212048836,62.0218391418457,471200,0.0,0.0
2024-09-27 00:00:00-04:00,62.6970530598396,63.16677049517459,61.64998223168372,62.207767486572266,315800,0.0,0.0
2024-09-30 00:00:00-04:00,61.297690849417585,62.93190273441993,60.74969344268739,62.74597930908203,499700,0.0,0.0
2024-10-01 00:00:00-04:00,62.37412706492056,62.66769766484282,60.34848133966569,60.925838470458984,376200,0.0,0.0
2024-10-02 00:00:00-04:00,60.92583415411649,62.5796216780644,60.92583415411649,61.98269271850586,247600,0.0,0.0
2024-10-03 00:00:00-04:00,61.02369413613747,62.109908649832896,60.41698110192067,61.150909423828125,234600,0.0,0.0
2024-10-04 00:00:00-04:00,62.92212575364038,62.92212575364038,61.47383721676698,61.78697967529297,243400,0.0,0.0
2024-10-07 00:00:00-04:00,61.28790677759896,61.79676417878386,60.651834092879746,61.34661865234375,194500,0.0,0.0
2024-10-08 00:00:00-04:00,60.7203349939547,60.964977764867456,60.25062132175651,60.91604995727539,179500,0.0,0.0
2024-10-09 00:00:00-04:00,60.642052768842454,61.92397853147673,60.30933844274105,61.835906982421875,189300,0.0,0.0
2024-10-10 00:00:00-04:00,60.12340769318496,61.16069441431465,59.71240961853798,61.05305099487305,277700,0.0,0.0
2024-10-11 00:00:00-04:00,60.2016924462528,62.62854824270327,59.917905941119486,62.41326141357422,214700,0.0,0.0
2024-10-14 00:00:00-04:00,62.65790577993204,63.60712093301568,62.36433519913938,63.558189392089844,256600,0.0,0.0
2024-10-15 00:00:00-04:00,63.53862390335806,64.11597728763954,61.51298195862796,61.689125061035156,312900,0.0,0.0
2024-10-16 00:00:00-04:00,62.92212804530609,63.196126773257404,62.090340326528214,62.3251953125,224100,0.0,0.0
2024-10-17 00:00:00-04:00,63.37226670424247,63.67562135700393,62.432835608563025,63.17654800415039,334400,0.0,0.0
2024-10-18 00:00:00-04:00,63.802831533647,63.85176307408871,62.48176206667441,62.70683670043945,228800,0.0,0.0
2024-10-21 00:00:00-04:00,62.344765927698774,62.38390966888985,60.896481100202784,61.689125061035156,214700,0.0,0.0
2024-10-22 00:00:00-04:00,61.53255434026629,61.601054021443254,60.837765993688585,61.02369689941406,240000,0.0,0.0
2024-10-23 00:00:00-04:00,61.62061990344229,61.79676299019347,59.95704838021017,60.76926040649414,206800,0.0,0.0
2024-10-24 00:00:00-04:00,61.14112451742495,61.5521263382892,60.37784022104477,61.0824089050293,295700,0.0,0.0
2024-10-25 00:00:00-04:00,61.25855300017773,63.09827155547406,61.25855300017773,61.60105514526367,519600,0.0,0.0
2024-10-28 00:00:00-04:00,62.393696988282784,63.73433846382405,61.96312701160715,63.42119598388672,316400,0.0,0.0
2024-10-29 00:00:00-04:00,63.20590706101084,64.18447821203492,63.0884833010674,64.17469787597656,294900,0.0,0.0
2024-10-30 00:00:00-04:00,62.922126265357086,64.02790894785306,61.65976488641961,61.73805236816406,217900,0.0,0.0
2024-10-31 00:00:00-04:00,61.62062718617363,61.62062718617363,58.75341338657707,59.13505554199219,334600,0.0,0.0
2024-11-01 00:00:00-04:00,59.36012597672487,61.62062668344903,59.36012597672487,61.48362731933594,360800,0.0,0.0
2024-11-04 00:00:00-05:00,61.14111888927391,62.755758885520876,60.563761819197744,62.11968994140625,432200,0.0,0.0
2024-11-05 00:00:00-05:00,61.522758142711915,63.27440487347189,61.05304450747529,63.19611740112305,594200,0.0,0.0
2024-11-06 00:00:00-05:00,64.09640594994,68.04004622071214,64.09640594994,65.00647735595703,892500,0.0,0.0
2024-11-07 00:00:00-05:00,67.11040927011787,67.16912114828833,62.804694844529095,63.97897720336914,744600,0.0,0.0
2024-11-08 00:00:00-05:00,63.27440197173871,64.92818182031681,63.137395168459165,64.8890380859375,535900,0.0,0.0
2024-11-11 00:00:00-05:00,65.13368914976382,65.13368914976382,62.667693295971254,63.66583251953125,429100,0.0,0.0
2024-11-12 00:00:00-05:00,63.00040447009637,63.851764011306244,61.75762246322699,62.608978271484375,412200,0.0,0.0
2024-11-13 00:00:00-05:00,62.22733485721939,63.29397747912142,61.728265251078255,61.97290802001953,506700,0.0,0.0
2024-11-14 00:00:00-05:00,61.88483914290756,62.72640716868141,60.04512439589767,60.779052734375,506000,0.0,0.0
2024-11-15 00:00:00-05:00,60.67140487978811,60.67140487978811,58.66533498115977,58.7534065246582,350200,0.0,0.0
2024-11-18 00:00:00-05:00,58.59684135774357,59.84941123200335,58.52834167605453,59.2916259765625,362700,0.0,0.0
2024-11-19 00:00:00-05:00,58.401125350421076,59.37969648064535,58.36198160930348,59.16440963745117,290200,0.0,0.0
2024-11-20 00:00:00-05:00,58.68490763650407,59.87876179076265,58.53812048438877,59.829833984375,273700,0.0,0.0
2024-11-21 00:00:00-05:00,60.5148351800114,61.50319031922322,59.47754850088763,61.0726203918457,272700,0.0,0.0
2024-11-22 00:00:00-05:00,61.08240514556441,62.4719780231156,61.08240514556441,62.315406799316406,250200,0.0,0.0
2024-11-25 00:00:00-05:00,63.10804816376631,66.9049088108612,62.87319319016307,66.59176635742188,793300,0.0,0.0
2024-11-26 00:00:00-05:00,66.68962308290227,67.38440767971123,64.12576406993696,64.25298309326172,505200,0.0,0.0
2024-11-27 00:00:00-05:00,64.49762364883698,65.14347668119296,62.69704897427434,63.38204574584961,295000,0.0,0.0
2024-11-29 00:00:00-05:00,63.81402341132801,65.27683508150366,63.55876522042944,64.3147201538086,226000,0.21,0.0
2024-12-02 00:00:00-05:00,64.41289585738666,66.40585575290663,63.91219910106206,65.90515899658203,303000,0.0,0.0
2024-12-03 00:00:00-05:00,65.38482144320297,66.39602696593602,64.69759657052693,64.88412475585938,392000,0.0,0.0
2024-12-04 00:00:00-05:00,65.64990442069484,65.65971656951436,62.25303212675071,62.724273681640625,429800,0.0,0.0
2024-12-05 00:00:00-05:00,62.4199349677024,63.00898600036636,61.10438416599743,61.52653503417969,351600,0.0,0.0
2024-12-06 00:00:00-05:00,62.10577027313433,62.74391201380019,61.33018728605901,61.98796081542969,309100,0.0,0.0
2024-12-09 00:00:00-05:00,62.20394011340458,66.4352978697346,62.145033519418426,65.1197509765625,265600,0.0,0.0
2024-12-10 00:00:00-05:00,64.84487270917442,64.84487270917442,62.95989881300879,63.84347915649414,279000,0.0,0.0
2024-12-11 00:00:00-05:00,64.25580732479355,65.69898715075148,63.95146592945462,64.23617553710938,252200,0.0,0.0
2024-12-12 00:00:00-05:00,63.8729290050061,64.93322539093981,63.20533581647641,64.61906433105469,365300,0.0,0.0
2024-12-13 00:00:00-05:00,64.61905863648973,64.93321966868935,63.05807311436372,63.5489501953125,448900,0.0,0.0
2024-12-16 00:00:00-05:00,63.5784091352785,64.37362770353174,62.645741822236516,63.60786056518555,344100,0.0,0.0
2024-12-17 00:00:00-05:00,63.195519511157364,64.41289260188326,62.09595212877236,63.8729248046875,283200,0.0,0.0
2024-12-18 00:00:00-05:00,64.60924366199812,65.33574718718796,60.44660781228953,61.281097412109375,559200,0.0,0.0
2024-12-19 00:00:00-05:00,61.36944918157141,62.262845292442165,59.7986440674343,60.102989196777344,419500,0.0,0.0
2024-12-20 00:00:00-05:00,59.455034836267835,61.614891048805994,59.455034836267835,60.57423400878906,1077500,0.0,0.0
2024-12-23 00:00:00-05:00,60.86875931631774,62.21376149774526,60.49569167833307,61.271278381347656,287400,0.0,0.0
2024-12-24 00:00:00-05:00,61.29091427621916,62.086136516989896,60.87857556967674,62.01741027832031,92600,0.0,0.0
2024-12-26 00:00:00-05:00,61.31055471601428,63.116982716887286,61.31055471601428,62.635921478271484,149600,0.0,0.0
2024-12-27 00:00:00-05:00,62.32175117237992,62.64573183006307,61.29091009400629,61.85050964355469,172500,0.0,0.0
2024-12-30 00:00:00-05:00,61.241828293577534,61.271279721266836,60.122629100243145,60.67240905761719,200200,0.0,0.0
2024-12-31 00:00:00-05:00,60.91784647575786,61.46763016800294,60.30915992922956,60.57423400878906,347800,0.0,0.0
2025-01-02 00:00:00-05:00,61.24182761358811,62.37084268858472,59.189961200225966,59.64156723022461,620600,0.0,0.0
2025-01-03 00:00:00-05:00,59.87718689439233,61.15346653265842,59.27831626729724,60.613502502441406,255200,0.0,0.0
2025-01-06 00:00:00-05:00,61.713070021523215,63.980919841740494,61.713070021523215,62.174495697021484,299100,0.0,0.0
2025-01-07 00:00:00-05:00,62.616282359669825,63.34277837833056,61.01602569270614,61.41854476928711,377300,0.0,0.0
2025-01-08 00:00:00-05:00,60.80985202589535,61.016023248153424,59.258682382593605,60.24043655395508,431800,0.0,0.0
2025-01-10 00:00:00-05:00,59.18014067798144,59.26849870384491,58.031490086851285,58.78744125366211,328000,0.0,0.0
2025-01-13 00:00:00-05:00,57.717330000063605,59.30777074670847,57.717330000063605,59.00342559814453,434800,0.0,0.0
2025-01-14 00:00:00-05:00,59.828099444446615,60.61350579848368,59.29795502409517,60.50551223754883,413100,0.0,0.0
2025-01-15 00:00:00-05:00,62.00759377059793,62.50828675384235,61.10438172393115,61.506900787353516,393700,0.0,0.0
2025-01-16 00:00:00-05:00,61.9486859579975,62.704637110121205,59.76919427086808,59.7888298034668,453400,0.0,0.0
2025-01-17 00:00:00-05:00,60.86876019275809,61.359637291086784,60.662592710282844,61.084747314453125,545600,0.0,0.0
2025-01-21 00:00:00-05:00,61.68361612771115,62.91080883680843,61.349819561032895,62.095951080322266,405900,0.0,0.0
2025-01-22 00:00:00-05:00,61.948688102235295,63.04825549525374,61.605075632601434,61.78179168701172,409000,0.0,0.0
2025-01-23 00:00:00-05:00,60.65276845670079,61.81123862022962,60.24043352312007,61.791603088378906,443400,0.0,0.0
2025-01-24 00:00:00-05:00,61.271278946579244,61.85051406941407,60.37788278204707,60.8000373840332,499900,0.0,0.0
2025-01-27 00:00:00-05:00,60.2109862103014,61.389088241050544,59.091783288937684,59.87718963623047,504300,0.0,0.0
2025-01-28 00:00:00-05:00,59.65137949549939,60.31897260579611,57.00064633148602,57.786048889160156,458100,0.0,0.0
2025-01-29 00:00:00-05:00,57.91368467960915,58.757990186167184,57.62897504915021,58.031494140625,379600,0.0,0.0
2025-01-30 00:00:00-05:00,58.58126664416088,59.199772789458066,58.2769252632947,58.9543342590332,348000,0.0,0.0
2025-01-31 00:00:00-05:00,58.9543398463994,62.30212156887497,58.9543398463994,61.18292236328125,783700,0.0,0.0
2025-02-03 00:00:00-05:00,60.61350726117183,60.61350726117183,57.84495691206282,59.26850128173828,396600,0.0,0.0
2025-02-04 00:00:00-05:00,59.04269728111934,60.15208058123878,59.04269728111934,60.09317398071289,408900,0.0,0.0
2025-02-05 00:00:00-05:00,60.250254906573566,61.791608718904435,59.74956190658826,61.35963821411133,340300,0.0,0.0
2025-02-06 00:00:00-05:00,61.359637068132315,61.51671758922293,58.99360961258893,59.64156723022461,644500,0.0,0.0
2025-02-07 00:00:00-05:00,61.94868873384417,63.4507714665513,58.16893654895436,58.59109115600586,948400,0.0,0.0
2025-02-10 00:00:00-05:00,58.70890019359228,59.10160337017619,55.9305377653295,56.804298400878906,646300,0.0,0.0
2025-02-11 00:00:00-05:00,56.23488235751077,58.10021693439469,56.23488235751077,57.275543212890625,369400,0.0,0.0
2025-02-12 00:00:00-05:00,56.784659589785065,58.28674222508866,56.35268911655323,58.0118522644043,342500,0.0,0.0
2025-02-13 00:00:00-05:00,58.19838976648754,58.98379614940469,57.952951208099726,58.67945098876953,236900,0.0,0.0
2025-02-14 00:00:00-05:00,58.67944805398904,59.101602652910145,58.22784202796483,58.492916107177734,301400,0.0,0.0
2025-02-18 00:00:00-05:00,58.6794486334989,60.750950582361504,58.6794486334989,60.682228088378906,456100,0.0,0.0
2025-02-19 00:00:00-05:00,60.68222331875942,63.84346902877015,60.64295225525749,63.30350875854492,685600,0.0,0.0
2025-02-20 00:00:00-05:00,63.83365436433177,65.6008149086703,63.83365436433177,65.48300170898438,954400,0.0,0.0
2025-02-21 00:00:00-05:00,66.00333752182259,66.95563279483098,63.234791004269525,63.57840347290039,1319800,0.0,0.0
2025-02-24 00:00:00-05:00,63.59803061763837,64.54051367286667,62.302115480425776,63.706024169921875,650700,0.0,0.0
2025-02-25 00:00:00-05:00,63.70602953467304,63.84347452366471,61.78179219859956,62.41011428833008,798200,0.0,0.0
2025-02-26 00:00:00-05:00,63.44096208781479,64.25581241964046,62.213765534932755,63.17588424682617,577000,0.0,0.0
2025-02-27 00:00:00-05:00,62.822454632326384,63.17588300815944,59.48448876255449,59.49430465698242,677300,0.0,0.0
2025-02-28 00:00:00-05:00,59.65193183489483,60.440065617857705,58.62735603798394,59.898223876953125,466000,0.21,0.0
2025-03-03 00:00:00-05:00,60.67650467527511,60.794723797429604,57.34663537662548,57.56337356567383,468700,0.0,0.0
2025-03-04 00:00:00-05:00,57.38604343996225,59.297268254825575,56.666871157697415,57.96729278564453,719000,0.0,0.0
2025-03-05 00:00:00-05:00,58.450025813068386,59.08053280263196,56.85405076785275,58.56824493408203,578200,0.0,0.0
2025-03-06 00:00:00-05:00,57.277674730938415,59.48445300549788,56.94271741492808,58.78498077392578,290300,0.0,0.0
2025-03-07 00:00:00-05:00,58.962311140305175,62.1049998835615,58.33180413772984,61.848854064941406,548100,0.0,0.0
2025-03-10 00:00:00-04:00,60.87353824759108,61.316864647467476,58.390914166401345,58.48942947387695,747000,0.0,0.0
2025-03-11 00:00:00-04:00,58.51898936898811,58.56824702465885,53.74092160656089,54.63742446899414,786400,0.0,0.0
2025-03-12 00:00:00-04:00,54.883717158635775,55.99695822901085,54.588167462975726,55.78022003173828,537400,0.0,0.0
2025-03-13 00:00:00-04:00,55.51422158424725,56.80479316333867,54.79504931376852,55.258079528808594,742900,0.0,0.0
2025-03-14 00:00:00-04:00,56.37132506313282,56.607763324307044,55.65215273504044,56.40087890625,585500,0.0,0.0
2025-03-17 00:00:00-04:00,55.98710780753751,57.21856799589843,55.75066579780019,56.86390686035156,421900,0.0,0.0
2025-03-18 00:00:00-04:00,56.50924328298509,57.09049261709982,55.64229429556761,56.42057800292969,344200,0.0,0.0
2025-03-19 00:00:00-04:00,56.20384098755799,57.12004764784704,55.7309607367827,56.31221008300781,328600,0.0,0.0
2025-03-20 00:00:00-04:00,56.05606687531403,56.075766930339555,54.71623764649298,54.76549530029297,466700,0.0,0.0
2025-03-21 00:00:00-04:00,53.868994215276004,54.735943231061746,53.23848720674754,54.0660285949707,808100,0.0,0.0
2025-03-24 00:00:00-04:00,55.16941695410923,56.371323311778745,53.71136852843911,55.61274337768555,345600,0.0,0.0
2025-03-25 00:00:00-04:00,55.02163819443218,56.06591775826859,54.78519994933746,54.913272857666016,307500,0.0,0.0
2025-03-26 00:00:00-04:00,54.85416001069109,55.13985966112922,53.96750721902725,54.529052734375,258500,0.0,0.0
2025-03-27 00:00:00-04:00,54.07587833678166,54.519204749220314,53.031602518724156,53.74092102050781,443100,0.0,0.0
2025-03-28 00:00:00-04:00,53.31730060834736,53.61285030938788,50.194319295759186,50.223873138427734,544700,0.0,0.0
2025-03-31 00:00:00-04:00,49.6130688809052,50.47016412337509,48.83478513660398,49.75099182128906,808900,0.0,0.0
2025-04-01 00:00:00-04:00,49.47514289395438,52.23361280612604,48.204275150471794,50.48001480102539,753100,0.0,0.0
2025-04-02 00:00:00-04:00,49.41603160413127,51.37651777108773,49.34707013797824,50.5588264465332,517100,0.0,0.0
2025-04-03 00:00:00-04:00,51.18933537643311,51.18933537643311,44.184789337503474,44.23405075073242,782800,0.0,0.0
2025-04-04 00:00:00-04:00,42.49030093917706,43.83998017545162,40.57907243195059,43.032142639160156,1337800,0.0,0.0
2025-04-07 00:00:00-04:00,41.120924350245936,45.69210442246315,40.50026730135306,42.63808059692383,1535100,0.0,0.0
2025-04-08 00:00:00-04:00,43.95820517443898,44.33257015244392,40.17515903777235,41.5051383972168,1104200,0.0,0.0
2025-04-09 00:00:00-04:00,41.62335746229898,47.91858181210275,40.75640837294122,47.613182067871094,979300,0.0,0.0
2025-04-10 00:00:00-04:00,45.50491657336661,45.75120861670006,42.47060055371997,43.9483528137207,619000,0.0,0.0
2025-04-11 00:00:00-04:00,43.50502740745769,44.64782236508195,42.13564421561086,44.421234130859375,627200,0.0,0.0
2025-04-14 00:00:00-04:00,45.87928364362293,46.440829227625265,43.93850105021082,45.30788803100586,640500,0.0,0.0
2025-04-15 00:00:00-04:00,45.7118034779308,45.928537914531745,44.64782007634745,44.88426208496094,436700,0.0,0.0
2025-04-16 00:00:00-04:00,43.573988958230046,44.53945334155428,42.80555896618225,44.253753662109375,383100,0.0,0.0
2025-04-17 00:00:00-04:00,44.283311866858554,44.77589597270099,43.68235865643182,44.736488342285156,380100,0.0,0.0
2025-04-21 00:00:00-04:00,43.81042735443479,45.61328305386441,43.0025897993499,45.573875427246094,477600,0.0,0.0
2025-04-22 00:00:00-04:00,45.93839514975536,46.440829288370985,44.76604256278804,45.55418014526367,511000,0.0,0.0
2025-04-23 00:00:00-04:00,47.23881305986251,48.62789998679778,46.2437911340166,46.46052932739258,407300,0.0,0.0
2025-04-24 00:00:00-04:00,47.20925869129023,49.62292155086902,47.15015100404633,49.44559097290039,510500,0.0,0.0
2025-04-25 00:00:00-04:00,48.54908493353688,49.94802565223302,48.23383142810754,49.928321838378906,403900,0.0,0.0
2025-04-28 00:00:00-04:00,49.622920288474624,50.20416966633641,48.83478649428535,49.721439361572266,477200,0.0,0.0
2025-04-29 00:00:00-04:00,48.53923395504475,49.38647914358743,48.440714887703656,48.460418701171875,450200,0.0,0.0
2025-04-30 00:00:00-04:00,47.67228809129974,48.568790993470664,46.4309778260317,48.39146041870117,647900,0.0,0.0
2025-05-01 00:00:00-04:00,48.39145786039256,49.44558746683904,47.760950853708856,48.529380798339844,813200,0.0,0.0
2025-05-02 00:00:00-04:00,49.69188223830627,50.92334247797788,49.41603634721772,50.37165069580078,407000,0.0,0.0
2025-05-05 00:00:00-04:00,49.43573651984826,50.578531387743354,49.43573651984826,49.79039764404297,449000,0.0,0.0
2025-05-06 00:00:00-04:00,49.021968621635814,49.70173709375073,48.0762080391751,49.35692596435547,401700,0.0,0.0
2025-05-07 00:00:00-04:00,49.15989255889293,49.81010339247052,48.50968172531533,49.58351516723633,403900,0.0,0.0
2025-05-08 00:00:00-04:00,50.59823410013483,51.632659851115925,49.810100373583424,50.972599029541016,399700,0.0,0.0
2025-05-09 00:00:00-04:00,51.681916687337875,54.55860944142037,50.6376409254605,53.30744552612305,802200,0.0,0.0
2025-05-12 00:00:00-04:00,57.248120381503554,58.36136141573553,56.76538634637417,58.134769439697266,1041300,0.0,0.0
2025-05-13 00:00:00-04:00,57.65203756001937,57.65203756001937,53.44536932955746,54.529052734375,1188200,0.0,0.0
2025-05-14 00:00:00-04:00,54.302469566137844,55.139864782287,53.41582045024383,54.006919860839844,795300,0.0,0.0
2025-05-15 00:00:00-04:00,53.691665097128904,54.19409920868594,53.05130428538371,53.455223083496094,524300,0.0,0.0
2025-05-16 00:00:00-04:00,53.494632512988076,54.134993346290656,52.9823445979697,53.16952896118164,641400,0.0,0.0
2025-05-19 00:00:00-04:00,52.01687863749082,52.154801580026664,51.38637160983079,51.80014419555664,436200,0.0,0.0
2025-05-20 00:00:00-04:00,51.415925523167544,52.24346693764088,51.2090411090788,52.04643630981445,376800,0.0,0.0
2025-05-21 00:00:00-04:00,51.73117725633071,52.17450366991314,50.16475976708492,50.430755615234375,400500,0.0,0.0
2025-05-22 00:00:00-04:00,50.755867191986326,50.94304780103556,49.691883709512325,49.76084518432617,419200,0.0,0.0
2025-05-23 00:00:00-04:00,48.312649587155576,49.57366368466096,48.312649587155576,49.120487213134766,479500,0.0,0.0
2025-05-27 00:00:00-04:00,50.1844678548382,50.972605438604496,49.76084521890531,50.4209098815918,435700,0.0,0.0
2025-05-28 00:00:00-04:00,50.35194761397614,50.7952740583352,49.120487356377886,49.19929885864258,372200,0.0,0.0
2025-05-29 00:00:00-04:00,50.263280976161,50.263280976161,49.15989366723835,49.888916015625,355800,0.0,0.0
2025-05-30 00:00:00-04:00,49.46352990594581,49.700956509952206,48.58307967742283,49.19642639160156,861500,0.21,0.0
2025-06-02 00:00:00-04:00,49.166748511556506,50.34397914154328,48.81061049945489,49.176639556884766,685900,0.0,0.0
2025-06-03 00:00:00-04:00,49.22610347955472,50.83861561696174,48.850183368026,50.3736572265625,1238600,0.0,0.0
2025-06-04 00:00:00-04:00,50.9968984487754,54.310957208318776,50.86829221469152,53.9647102355957,1023700,0.0,0.0
2025-06-05 00:00:00-04:00,54.24170469629462,54.83526550177814,53.15350485455141,53.18318176269531,530900,0.0,0.0
2025-06-06 00:00:00-04:00,54.05374249425391,55.49807659812439,53.77674794659866,54.152671813964844,463800,0.0,0.0
2025-06-09 00:00:00-04:00,54.85505189719667,56.7544495121812,54.8055891252212,56.240028381347656,418200,0.0,0.0
2025-06-10 00:00:00-04:00,56.63574166314756,58.33728829713954,56.13121531926995,57.407371520996094,430300,0.0,0.0
2025-06-11 00:00:00-04:00,57.8921156592161,57.8921156592161,56.576383956753816,57.16994857788086,308600,0.0,0.0
2025-06-12 00:00:00-04:00,56.39831435921203,57.55576290538138,56.13121462232536,57.00177001953125,310200,0.0,0.0
2025-06-13 00:00:00-04:00,55.686044062778976,56.3389625205273,54.40988405825381,54.538490295410156,369800,0.0,0.0
2025-06-16 00:00:00-04:00,55.507970201021514,56.54670350574188,55.072688751364055,56.08174514770508,379500,0.0,0.0
2025-06-17 00:00:00-04:00,55.14194364189071,55.755290343192115,53.81632091729235,53.86578369140625,553000,0.0,0.0
2025-06-18 00:00:00-04:00,53.954817471993934,54.894625262647274,53.08425831892652,53.460182189941406,647900,0.0,0.0
2025-06-20 00:00:00-04:00,53.885568992363474,54.59784123444496,52.5995142362429,52.91608428955078,836200,0.0,0.0
2025-06-23 00:00:00-04:00,53.104046048791986,54.46924053187598,52.925977039095464,54.28127670288086,401300,0.0,0.0
2025-06-24 00:00:00-04:00,55.329904083728,55.83443042128075,54.90451743056276,55.359580993652344,305400,0.0,0.0
2025-06-25 00:00:00-04:00,55.43872592885717,56.01250092069895,54.90451889337945,55.38926315307617,264500,0.0,0.0
2025-06-26 00:00:00-04:00,55.448616270527296,56.220249903232144,55.448616270527296,55.84432601928711,238600,0.0,0.0
2025-06-27 00:00:00-04:00,55.02323015957038,56.220250463297994,54.56816658560075,55.15183639526367,473200,0.0,0.0
2025-06-30 00:00:00-04:00,55.63658027426925,55.84432619482563,54.795697998953415,55.300228118896484,374200,0.0,0.0
2025-07-01 00:00:00-04:00,54.66709267452473,58.416429221372425,54.66709267452473,56.96220397949219,515500,0.0,0.0
2025-07-02 00:00:00-04:00,57.051235055704275,58.82203037777987,56.902846726414374,58.53514099121094,394600,0.0,0.0
2025-07-03 00:00:00-04:00,58.74288949233058,59.47494762560866,58.46589115718916,58.90117263793945,208300,0.0,0.0
2025-07-07 00:00:00-04:00,57.98115036030083,58.4559997945519,55.76518256002801,55.84432601928711,412200,0.0,0.0
2025-07-08 00:00:00-04:00,56.50713508449903,58.357073806232975,56.14110602259262,57.63490295410156,519400,0.0,0.0
2025-07-09 00:00:00-04:00,57.54586742920665,58.841813238600345,56.43788544392439,57.45683670043945,385000,0.0,0.0
2025-07-10 00:00:00-04:00,58.07018280029297,58.71320640195398,57.66458202043156,58.07018280029297,371000,0.0,0.0
2025-07-11 00:00:00-04:00,57.3282323402624,57.64479863210322,56.90284567801984,57.417266845703125,345700,0.0,0.0
2025-07-14 00:00:00-04:00,56.91273496110385,56.91273496110385,55.2309780029443,56.05207061767578,271500,0.0,0.0
2025-07-15 00:00:00-04:00,56.012498769901576,56.813809292349006,53.4403967903757,53.47007369995117,482500,0.0,0.0
2025-07-16 00:00:00-04:00,53.489857932015966,54.963872700824695,52.480801525796075,53.12382888793945,616700,0.0,0.0
2025-07-17 00:00:00-04:00,52.91608607796182,54.14277950919669,52.91608607796182,53.578895568847656,333100,0.0,0.0
2025-07-18 00:00:00-04:00,54.48902702089699,54.68687812392149,53.479970545646914,53.667930603027344,350400,0.0,0.0
2025-07-21 00:00:00-04:00,54.17245650884419,54.953981190183036,53.7272877569274,53.737178802490234,291400,0.0,0.0
2025-07-22 00:00:00-04:00,53.73717525547277,54.14277602459798,53.05457994365746,53.43050003051758,368900,0.0,0.0
2025-07-23 00:00:00-04:00,53.01501289779762,53.37115092628541,51.45196350027185,52.43134307861328,314300,0.0,0.0
2025-07-24 00:00:00-04:00,51.87734506748992,52.51048137461466,51.036466629206345,51.85755920410156,425700,0.0,0.0
2025-07-25 00:00:00-04:00,51.897134035786955,51.946596810333325,51.35303596824124,51.451961517333984,261200,0.0,0.0
2025-07-28 00:00:00-04:00,51.73885450314297,52.856731399978194,51.67950067905292,51.91692352294922,411600,0.0,0.0
2025-07-29 00:00:00-04:00,52.381878052621786,52.44123187230884,50.16591028928908,50.19559097290039,714300,0.0,0.0
2025-07-30 00:00:00-04:00,50.79904415939418,50.79904415939418,48.37533419128466,49.12717819213867,1026400,0.0,0.0
2025-07-31 00:00:00-04:00,48.32586988975313,48.949111457800896,47.22778263488352,47.999412536621094,816500,0.0,0.0
2025-08-01 00:00:00-04:00,47.148634428530386,47.880696298573056,46.871639881157975,47.11895751953125,681900,0.0,0.0
2025-08-04 00:00:00-04:00,47.41573801391286,48.87985798279612,47.40584319505069,48.84028625488281,655300,0.0,0.0
2025-08-05 00:00:00-04:00,48.79082478021055,49.760309497278726,47.574022417754534,47.77187728881836,680200,0.0,0.0
2025-08-06 00:00:00-04:00,47.41574266373153,47.52456303928074,46.268188858084656,46.980464935302734,590200,0.0,0.0
2025-08-07 00:00:00-04:00,39.99620888650018,43.27069578586836,39.10586387647025,42.667240142822266,1660700,0.0,0.0
2025-08-08 00:00:00-04:00,42.85520127523153,44.616101702143304,42.45949153324858,43.70597457885742,859500,0.0,0.0
2025-08-11 00:00:00-04:00,43.775225903778264,44.84364000843167,43.02338187639729,43.369625091552734,1061000,0.0,0.0
2025-08-12 00:00:00-04:00,44.368783369138995,45.78344058021464,43.71586494662468,45.72408676147461,853000,0.0,0.0
2025-08-13 00:00:00-04:00,45.872475413537195,48.01919451931495,45.7735498657439,47.920265197753906,650300,0.0,0.0
2025-08-14 00:00:00-04:00,46.74303482747696,47.1882073424922,45.70430147495325,46.752925872802734,474900,0.0,0.0
2025-08-15 00:00:00-04:00,46.891426358280704,47.09917227152672,45.60537160290776,45.803226470947266,518600,0.0,0.0
2025-08-18 00:00:00-04:00,45.91204871675787,46.43636093082605,45.51633896447797,45.76365661621094,449000,0.0,0.0
2025-08-19 00:00:00-04:00,45.813123779011896,46.60453952040092,45.61526890022265,46.0109748840332,651200,0.0,0.0
2025-08-20 00:00:00-04:00,46.08022533427153,46.08022533427153,44.70513606089786,45.11073684692383,619200,0.0,0.0
2025-08-21 00:00:00-04:00,44.34900198474229,45.0019204176506,44.32921612025806,44.5666389465332,666300,0.0,0.0
2025-08-22 00:00:00-04:00,45.358054597274815,47.484987854428184,44.764493758601574,46.91120910644531,552400,0.0,0.0
2025-08-25 00:00:00-04:00,46.74303680342301,47.11896069574577,45.98129797303359,46.0109748840332,422500,0.0,0.0
2025-08-26 00:00:00-04:00,46.3077583802062,46.51550430155909,45.437199191121124,45.60537338256836,535000,0.0,0.0
2025-08-27 00:00:00-04:00,45.783442281200685,46.446255547308894,44.99202655386598,46.228614807128906,540000,0.0,0.0
2025-08-28 00:00:00-04:00,46.624320946925984,46.66388889990254,45.79333355413722,45.842796325683594,407100,0.0,0.0
2025-08-29 00:00:00-04:00,45.93223976550075,46.08130360479779,44.660206349338345,44.819210052490234,442700,0.21,0.0
2025-09-02 00:00:00-04:00,43.795624089169024,44.312387073787065,43.22917315796118,44.262699127197266,625200,0.0,0.0
2025-09-03 00:00:00-04:00,43.96456683292404,44.41176213480024,43.29873623006529,43.636619567871094,507100,0.0,0.0
2025-09-04 00:00:00-04:00,43.20929756829192,44.48132720775784,42.493779000618666,44.451515197753906,618500,0.0,0.0
2025-09-05 00:00:00-04:00,44.88877357587913,45.952115333934096,44.41176247024695,44.630393981933594,423400,0.0,0.0
2025-09-08 00:00:00-04:00,44.868903611952625,45.03784339487254,43.775749791312585,44.70989990234375,508700,0.0,0.0
2025-09-09 00:00:00-04:00,44.80927476220059,44.82915069931013,44.16332007445624,44.39188766479492,427300,0.0,0.0
2025-09-10 00:00:00-04:00,44.52107900354632,44.83908641285436,43.69624847032464,44.20307159423828,674700,0.0,0.0
2025-09-11 00:00:00-04:00,44.69996079772855,45.35585158487998,44.123573762206405,45.335975646972656,771300,0.0,0.0
2025-09-12 00:00:00-04:00,45.40553629895904,45.40553629895904,43.6863075974227,43.88506317138672,587600,0.0,0.0
2025-09-15 00:00:00-04:00,44.04406981472137,44.85896431056013,43.73599846494915,44.59064483642578,732000,0.0,0.0
2025-09-16 00:00:00-04:00,44.83908586249161,45.38566085359683,44.292510871386376,44.84902572631836,536300,0.0,0.0
2025-09-17 00:00:00-04:00,44.83908845867418,45.94217836858028,43.99438194996191,44.3123893737793,443000,0.0,0.0
2025-09-18 00:00:00-04:00,45.514852988308704,45.76329651312583,44.729770540059214,45.286285400390625,575600,0.0,0.0
2025-09-19 00:00:00-04:00,45.19684535982171,45.46516482023184,42.48384253693795,42.68259811401367,1668500,0.0,0.0
2025-09-22 00:00:00-04:00,42.46396737970017,43.45774149237543,42.46396737970017,42.78197479248047,610000,0.0,0.0
2025-09-23 00:00:00-04:00,42.41427772120515,42.87141288476693,41.14224812139942,41.281375885009766,725200,0.0,0.0
2025-09-24 00:00:00-04:00,41.17206235879838,41.54969758828439,40.38697988913844,40.55592346191406,555100,0.0,0.0
2025-09-25 00:00:00-04:00,40.07891166156432,40.16834769212272,38.90625790890957,39.373329162597656,838800,0.0,0.0
2025-09-26 00:00:00-04:00,39.57208411420079,39.8801554480382,38.95594523747329,39.77083969116211,651300,0.0,0.0
2025-09-29 00:00:00-04:00,40.23791528919947,40.23791528919947,39.09507354895389,39.12488555908203,480600,0.0,0.0
2025-09-30 00:00:00-04:00,39.14476130074018,40.02921964563541,38.90625763901088,39.95965576171875,759900,0.0,0.0
2025-10-01 00:00:00-04:00,39.562148876078915,40.06897200662479,38.349743242884514,38.53855895996094,979900,0.0,0.0
2025-10-02 00:00:00-04:00,39.273952753658264,39.43295645748088,38.45905829769897,38.687625885009766,704900,0.0,0.0
2025-10-03 00:00:00-04:00,38.86650710863417,39.532333960838116,38.32986816477137,38.35968017578125,619800,0.0,0.0
2025-10-06 00:00:00-04:00,38.747255715318765,39.0652631395407,38.0913649289926,38.79694366455078,670300,0.0,0.0
2025-10-07 00:00:00-04:00,39.17457249714424,39.31370405303543,37.36590397097877,37.4752197265625,709400,0.0,0.0
2025-10-08 00:00:00-04:00,37.62428774853037,38.56837389459305,37.30628034220676,38.190738677978516,450200,0.0,0.0
2025-10-09 00:00:00-04:00,38.051612777634865,38.18080068651294,37.2069024830184,37.276466369628906,539200,0.0,0.0
2025-10-10 00:00:00-04:00,37.28640605414935,37.42553382669938,34.33489565581881,34.42433547973633,1566200,0.0,0.0
2025-10-13 00:00:00-04:00,35.4777372486363,42.97079510910709,35.428049300256546,42.88135528564453,7338200,0.0,0.0
2025-10-14 00:00:00-04:00,43.90493943196419,47.66140426472892,43.09004498454906,46.7371940612793,7570600,0.0,0.0
2025-10-15 00:00:00-04:00,48.17817012165476,50.09615452585418,47.30364781209993,48.52599334716797,3329700,0.0,0.0
2025-10-16 00:00:00-04:00,48.555802458695425,48.555802458695425,46.03161536989867,46.7371940612793,1993300,0.0,0.0
2025-10-17 00:00:00-04:00,46.33968774967306,46.60800721393301,44.99809042837334,45.19684600830078,1272800,0.0,0.0
2025-10-20 00:00:00-04:00,45.922301528639984,46.59806823871426,44.88877552606198,45.017967224121094,1220400,0.0,0.0
2025-10-21 00:00:00-04:00,44.81921070683256,44.849026507885114,42.78197454578515,44.42170333862305,1253000,0.0,0.0
2025-10-22 00:00:00-04:00,42.81178992730208,43.40805286924692,41.370816728163476,42.12608337402344,1251400,0.0,0.0
2025-10-23 00:00:00-04:00,41.73851219651225,43.6664325856101,41.68882424970587,43.42792892456055,767800,0.0,0.0
2025-10-24 00:00:00-04:00,44.16331908057368,44.71983393427456,42.712409822755674,42.74222183227539,748400,0.0,0.0
2025-10-27 00:00:00-04:00,43.169544865329534,44.17325881359084,42.53353005781008,42.772037506103516,1013600,0.0,0.0
2025-10-28 00:00:00-04:00,42.70247671824881,42.85154056715647,41.490071034205926,42.394405364990234,816900,0.0,0.0
2025-10-29 00:00:00-04:00,42.61303485817381,42.61303485817381,40.83417829312003,41.231689453125,942800,0.0,0.0
2025-10-30 00:00:00-04:00,40.92361852179252,41.36087776939112,40.13853605799166,40.61554718017578,886300,0.0,0.0
2025-10-31 00:00:00-04:00,40.43666649669357,42.28508691701433,40.06897114359183,41.62919616699219,1354700,0.0,0.0
2025-11-03 00:00:00-05:00,41.64907339658883,41.88758085443091,40.75467516836533,41.360877990722656,787800,0.0,0.0
2025-11-04 00:00:00-05:00,39.94971928718107,40.44660633356156,38.608121987385346,38.717437744140625,1075200,0.0,0.0
2025-11-05 00:00:00-05:00,37.16715335973336,40.396919228474054,36.96839777885215,39.3435173034668,1764000,0.0,0.0
2025-11-06 00:00:00-05:00,38.31993326842651,39.12488791799767,36.18331729165008,36.292633056640625,1339700,0.0,0.0
2025-11-07 00:00:00-05:00,35.7758695645831,35.7758695645831,34.08645274362161,35.08022689819336,1224900,0.0,0.0
2025-11-10 00:00:00-05:00,36.1833136538241,36.1833136538241,34.68271647959293,35.45785903930664,900300,0.0,0.0
2025-11-11 00:00:00-05:00,35.51748951466499,35.66655336144504,34.801970919088745,35.1696662902832,711100,0.0,0.0
2025-11-12 00:00:00-05:00,35.85537156234452,36.501322456643855,35.189540940065136,35.437984466552734,783300,0.0,0.0
2025-11-13 00:00:00-05:00,34.8218448389809,35.428047637221496,34.37464574266019,34.53364944458008,825700,0.0,0.0
2025-11-14 00:00:00-05:00,33.31130845733304,34.61315389973427,33.31130845733304,34.38458251953125,677000,0.0,0.0
2025-11-17 00:00:00-05:00,33.9970108083458,34.13613857480049,31.910086729630784,32.088966369628906,1040000,0.0,0.0
2025-11-18 00:00:00-05:00,31.602016309434863,32.42685065003705,31.452950570286095,31.6318302154541,1256200,0.0,0.0
2025-11-19 00:00:00-05:00,31.631829454309134,32.21815442812261,31.204506289017793,31.39332389831543,737900,0.0,0.0
2025-11-20 00:00:00-05:00,32.04921466832521,32.07902667816935,30.667869278319515,30.727495193481445,857100,0.0,0.0
2025-11-21 00:00:00-05:00,30.777181922656855,32.993299514628184,30.777181922656855,32.85417175292969,1284800,0.0,0.0
2025-11-24 00:00:00-05:00,32.90386020962096,33.718754647345385,32.4665971906829,33.01317596435547,948200,0.0,0.0
2025-11-25 00:00:00-05:00,32.62560580715765,33.54981224054539,32.32747054179997,33.301368713378906,527700,0.0,0.0
2025-11-26 00:00:00-05:00,33.182117106887404,33.718756039034545,33.04298933728201,33.52000045776367,889200,0.0,0.0
2025-11-28 00:00:00-05:00,33.41999816894531,33.7400016784668,33.290000915527344,33.599998474121094,333700,0.21,0.0
2025-12-01 00:00:00-05:00,33.09000015258789,34.40999984741211,32.810001373291016,33.689998626708984,851100,0.0,0.0
2025-12-02 00:00:00-05:00,34.029998779296875,34.88999938964844,33.5,34.560001373291016,673600,0.0,0.0
2025-12-03 00:00:00-05:00,34.90999984741211,36.65999984741211,34.75,36.189998626708984,784200,0.0,0.0
2025-12-04 00:00:00-05:00,36.130001068115234,36.7599983215332,35.560001373291016,36.58000183105469,637800,0.0,0.0
2025-12-05 00:00:00-05:00,36.880001068115234,37.20000076293945,36.11000061035156,36.5099983215332,1039300,0.0,0.0
2025-12-08 00:00:00-05:00,36.77000045776367,37.59000015258789,36.31999969482422,37.2400016784668,931500,0.0,0.0
2025-12-09 00:00:00-05:00,36.849998474121094,37.2599983215332,36.02000045776367,36.369998931884766,1110700,0.0,0.0
2025-12-10 00:00:00-05:00,36.38999938964844,38.20000076293945,36.15999984741211,37.54999923706055,1040600,0.0,0.0
2025-12-11 00:00:00-05:00,37.34000015258789,37.90999984741211,36.810001373291016,37.349998474121094,724100,0.0,0.0
2025-12-12 00:00:00-05:00,37.29999923706055,37.9900016784668,36.119998931884766,36.470001220703125,770000,0.0,0.0
2025-12-15 00:00:00-05:00,36.91999816894531,37.209999084472656,35.7400016784668,36.34000015258789,707200,0.0,0.0
2025-12-16 00:00:00-05:00,36.619998931884766,37.04999923706055,35.779998779296875,36.13999938964844,887400,0.0,0.0
2025-12-17 00:00:00-05:00,36.16999816894531,36.720001220703125,35.54999923706055,36.099998474121094,1007800,0.0,0.0
2025-12-18 00:00:00-05:00,36.9900016784668,37.150001525878906,36.060001373291016,36.16999816894531,848300,0.0,0.0
2025-12-19 00:00:00-05:00,36.08000183105469,36.86000061035156,36.04999923706055,36.58000183105469,10008000,0.0,0.0
2025-12-22 00:00:00-05:00,36.81999969482422,37.54999923706055,36.77000045776367,37.029998779296875,895900,0.0,0.0
2025-12-23 00:00:00-05:00,36.79999923706055,37.220001220703125,36.7599983215332,37.060001373291016,854100,0.0,0.0
2025-12-24 00:00:00-05:00,37.09000015258789,37.45000076293945,36.81999969482422,37.15999984741211,290800,0.0,0.0
2025-12-26 00:00:00-05:00,37.34000015258789,37.470001220703125,36.7599983215332,37.29999923706055,470400,0.0,0.0
2025-12-29 00:00:00-05:00,37.06999969482422,37.06999969482422,35.220001220703125,35.900001525878906,1175700,0.0,0.0
2025-12-30 00:00:00-05:00,35.9900016784668,36.41999816894531,35.779998779296875,35.9900016784668,823000,0.0,0.0
2025-12-31 00:00:00-05:00,35.90999984741211,36.060001373291016,35.45000076293945,35.540000915527344,532500,0.0,0.0
2026-01-02 00:00:00-05:00,36.36000061035156,37.720001220703125,36.060001373291016,37.29999923706055,960300,0.0,0.0
2026-01-05 00:00:00-05:00,37.849998474121094,39.83000183105469,37.58000183105469,37.720001220703125,1135000,0.0,0.0
2026-01-06 00:00:00-05:00,38.08000183105469,40.31999969482422,38.08000183105469,39.68000030517578,1202100,0.0,0.0
2026-01-07 00:00:00-05:00,39.209999084472656,40.63999938964844,38.58000183105469,40.439998626708984,1133100,0.0,0.0
2026-01-08 00:00:00-05:00,39.84000015258789,41.25,39.720001220703125,40.810001373291016,733000,0.0,0.0
2026-01-09 00:00:00-05:00,40.93000030517578,41.72999954223633,40.470001220703125,41.5099983215332,706900,0.0,0.0
2026-01-12 00:00:00-05:00,41.20000076293945,41.72999954223633,40.369998931884766,41.540000915527344,685700,0.0,0.0
2026-01-13 00:00:00-05:00,41.72999954223633,42.15999984741211,40.70000076293945,40.900001525878906,675300,0.0,0.0
2026-01-14 00:00:00-05:00,40.540000915527344,42.52000045776367,40.5,42.099998474121094,646800,0.0,0.0
2026-01-15 00:00:00-05:00,42.810001373291016,43.7599983215332,42.119998931884766,43.47999954223633,1047300,0.0,0.0
2026-01-16 00:00:00-05:00,44.130001068115234,44.97999954223633,42.91999816894531,43.31999969482422,1174100,0.0,0.0
2026-01-20 00:00:00-05:00,42.20000076293945,43.630001068115234,41.95000076293945,42.900001525878906,853200,0.0,0.0
2026-01-21 00:00:00-05:00,43.63999938964844,45.779998779296875,43.43000030517578,45.650001525878906,951300,0.0,0.0
2026-01-22 00:00:00-05:00,46.2599983215332,46.58000183105469,45.2400016784668,45.47999954223633,855800,0.0,0.0
2026-01-23 00:00:00-05:00,45.310001373291016,45.630001068115234,43.79999923706055,44.4900016784668,827100,0.0,0.0
2026-01-26 00:00:00-05:00,44.29999923706055,44.459999084472656,43.72999954223633,44.27000045776367,792500,0.0,0.0
2026-01-27 00:00:00-05:00,44.630001068115234,46.09000015258789,44.529998779296875,45.91999816894531,710400,0.0,0.0
2026-01-28 00:00:00-05:00,46.9900016784668,48.56999969482422,46.38999938964844,46.77000045776367,1236800,0.0,0.0
2026-01-29 00:00:00-05:00,46.849998474121094,47.540000915527344,45.970001220703125,47.119998931884766,859700,0.0,0.0
2026-01-30 00:00:00-05:00,46.119998931884766,47.220001220703125,45.27000045776367,45.939998626708984,1082500,0.0,0.0
2026-02-02 00:00:00-05:00,45.060001373291016,47.099998474121094,44.95000076293945,46.52000045776367,787000,0.0,0.0
2026-02-03 00:00:00-05:00,46.52000045776367,46.650001525878906,44.220001220703125,45.2400016784668,1169700,0.0,0.0
2026-02-04 00:00:00-05:00,46.0099983215332,48.83000183105469,45.849998474121094,47.25,1134000,0.0,0.0
2026-02-05 00:00:00-05:00,46.95000076293945,47.54999923706055,46.2599983215332,47.20000076293945,1102400,0.0,0.0
2026-02-06 00:00:00-05:00,45.84000015258789,48.439998626708984,43.2599983215332,47.34000015258789,1855400,0.0,0.0
2026-02-09 00:00:00-05:00,47.2599983215332,47.45000076293945,44.9900016784668,45.790000915527344,1108100,0.0,0.0
2026-02-10 00:00:00-05:00,45.970001220703125,47.56999969482422,45.540000915527344,45.65999984741211,1223300,0.0,0.0
2026-02-11 00:00:00-05:00,46.72999954223633,48.5,46.529998779296875,48.27000045776367,704200,0.0,0.0
2026-02-12 00:00:00-05:00,48.5099983215332,49.400001525878906,46.040000915527344,46.689998626708984,932000,0.0,0.0
2026-02-13 00:00:00-05:00,47.06999969482422,47.63999938964844,45.88999938964844,47.209999084472656,457200,0.0,0.0
