Date,Open,High,Low,Close,Volume,Dividends,Stock Splits
2022-01-03 00:00:00-05:00,6.540150802817044,6.881046681298855,6.540150802817044,6.748476028442383,312000,0.0,0.0
2022-01-04 00:00:00-05:00,6.798978484876763,6.931548512405794,6.780039393477996,6.8557939529418945,236000,0.0,0.0
2022-01-05 00:00:00-05:00,6.969427215996468,6.975740247479809,6.704285914134335,6.710598945617676,370900,0.0,0.0
2022-01-06 00:00:00-05:00,6.874733420169226,6.9062973701386,6.641156698542082,6.817917346954346,456800,0.0,0.0
2022-01-07 00:00:00-05:00,6.8494838031266525,7.127250613565207,6.8494838031266525,7.0514960289001465,487300,0.0,0.0
2022-01-10 00:00:00-05:00,7.196691555870231,7.266133704128805,7.019930873295798,7.133563041687012,360000,0.0,0.0
2022-01-11 00:00:00-05:00,7.234569621958078,7.398704853311431,7.146188973834602,7.367140293121338,529900,0.0,0.0
2022-01-12 00:00:00-05:00,7.367139446743193,7.594403170323494,7.36082641502167,7.556526184082031,532600,0.0,0.0
2022-01-13 00:00:00-05:00,7.575464897767672,7.59440339143981,7.310323578182294,7.335575103759766,310000,0.0,0.0
2022-01-14 00:00:00-05:00,7.310323124452767,7.442893776017198,7.292647117850018,7.392390727996826,156600,0.0,0.0
2022-01-18 00:00:00-05:00,7.48708450702998,7.506023603377878,7.291385327786071,7.3229498863220215,416900,0.0,0.0
2022-01-19 00:00:00-05:00,7.405015449609247,7.430267573141898,7.095684160859407,7.108310222625732,430500,0.0,0.0
2022-01-20 00:00:00-05:00,7.146189109220491,7.3103243436834155,7.013618435545655,7.0514960289001465,247200,0.0,0.0
2022-01-21 00:00:00-05:00,6.982052777144239,7.038868250279371,6.874733657816032,6.925236701965332,448400,0.0,0.0
2022-01-24 00:00:00-05:00,6.817919218626827,6.994679915563886,6.596967895922563,6.937863826751709,1077200,0.0,0.0
2022-01-25 00:00:00-05:00,6.912611096267973,7.229517929941946,6.843169556489186,7.139875411987305,226000,0.0,0.0
2022-01-26 00:00:00-05:00,7.203004042256482,7.203004042256482,6.912611213288804,6.963114261627197,301500,0.0,0.0
2022-01-27 00:00:00-05:00,7.0641217836578685,7.272447652643204,7.007306294346174,7.057809352874756,504900,0.0,0.0
2022-01-28 00:00:00-05:00,7.057806433979617,7.1524994790475445,7.007303396337562,7.0641188621521,174100,0.0,0.0
2022-01-31 00:00:00-05:00,7.133562816179472,7.322949556829942,7.0514952084961395,7.203004360198975,372600,0.0,0.0
2022-02-01 00:00:00-05:00,7.177750938903864,7.480769764310609,7.1083094132274205,7.4555182456970215,466400,0.0,0.0
2022-02-02 00:00:00-05:00,7.499710333415224,7.607029467807595,7.3987042309386055,7.569151878356934,406400,0.0,0.0
2022-02-03 00:00:00-05:00,7.632278919219971,7.739598024446478,7.4555182879237165,7.632278919219971,604900,0.0,0.0
2022-02-04 00:00:00-05:00,7.638594474245845,7.821668196254519,7.5691523231793125,7.607029914855957,294600,0.0,0.0
2022-02-07 00:00:00-05:00,7.607029606023973,7.669527178220224,7.449207417525733,7.543900489807129,229700,0.0,0.0
2022-02-08 00:00:00-05:00,7.575463718097092,7.657531313955062,7.373451544935174,7.461831569671631,441300,0.0,0.0
2022-02-09 00:00:00-05:00,7.531275319001939,7.588091405385232,7.461833168069515,7.550213813781738,256200,0.0,0.0
2022-02-10 00:00:00-05:00,7.423954879543983,7.629755120152423,7.423954879543983,7.46814489364624,386900,0.0,0.0
2022-02-11 00:00:00-05:00,7.5502138283629385,7.689097528452107,7.480772279340302,7.607029914855957,380800,0.0,0.0
2022-02-14 00:00:00-05:00,7.6512185832690385,7.733286182347368,7.401859872492853,7.46814489364624,439200,0.0,0.0
2022-02-15 00:00:00-05:00,7.390620072383776,7.610271474874947,7.274334506910161,7.526287078857422,314500,0.27,0.0
2022-02-16 00:00:00-05:00,7.532748811029712,7.681336802863321,7.532748811029712,7.5650506019592285,246900,0.0,0.0
2022-02-17 00:00:00-05:00,7.558588864418827,7.6813355263311,7.513366734296049,7.526287078857422,176800,0.0,0.0
2022-02-18 00:00:00-05:00,7.513367318300247,7.616732547246934,7.448763742155887,7.461684703826904,166600,0.0,0.0
2022-02-22 00:00:00-05:00,7.694257409267533,7.700717890892573,7.410002994925585,7.5004472732543945,547500,0.0,0.0
2022-02-23 00:00:00-05:00,7.597353444226075,7.655496552724084,7.3841624571370446,7.397082805633545,495600,0.0,0.0
2022-02-24 00:00:00-05:00,7.429384006815899,7.707178562485369,7.26787565884164,7.506907939910889,912000,0.0,0.0
2022-02-25 00:00:00-05:00,7.590892272637351,7.829924551119661,7.3647803414783155,7.817004203796387,523500,0.0,0.0
2022-02-28 00:00:00-05:00,7.752400615520284,7.926829925100105,7.74594013380871,7.7717814445495605,611500,0.0,0.0
2022-03-01 00:00:00-05:00,7.84930523124999,8.039885125470045,7.7782417820564955,7.868686676025391,646200,0.0,0.0
2022-03-02 00:00:00-05:00,7.946209509835571,8.075416043307419,7.881605935046971,8.01727294921875,768300,0.0,0.0
2022-03-03 00:00:00-05:00,8.049577209238796,8.062497558502109,7.9268311187623945,7.991434097290039,399100,0.0,0.0
2022-03-04 00:00:00-05:00,7.965592521649932,8.023735631693519,7.82992547025007,8.010814666748047,594300,0.0,0.0
2022-03-07 00:00:00-05:00,8.22400490522763,8.236279574357832,7.959131309193908,8.075417518615723,1146700,0.0,0.0
2022-03-08 00:00:00-05:00,8.185240504958118,8.224002151047317,7.888065215151472,8.120636940002441,1417000,0.0,0.0
2022-03-09 00:00:00-05:00,8.159402198156116,8.198163858477773,7.868687281321744,8.056036949157715,645400,0.0,0.0
2022-03-10 00:00:00-05:00,8.114180094592594,8.430736325192088,8.075417817979877,8.366132736206055,1550700,0.0,0.0
2022-03-11 00:00:00-05:00,8.39843241695501,8.534099426796189,8.023733173794675,8.036653518676758,703100,0.0,0.0
2022-03-14 00:00:00-04:00,8.036654388113154,8.04311486930578,7.590891659613702,7.6296539306640625,1188400,0.0,0.0
2022-03-15 00:00:00-04:00,7.468144162518526,7.616731504766315,7.3841597714677105,7.48752498626709,941400,0.0,0.0
2022-03-16 00:00:00-04:00,7.526287663865902,7.7330187378646364,7.416461954083707,7.461684703826904,652500,0.0,0.0
2022-03-17 00:00:00-04:00,7.558590445424483,7.902926233067271,7.558590445424483,7.758861064910889,812400,0.0,0.0
2022-03-18 00:00:00-04:00,7.810544121590848,7.849305781648773,7.687797427161304,7.797623157501221,931200,0.0,0.0
2022-03-21 00:00:00-04:00,7.939751159970767,8.127100837811359,7.8751475678441425,8.094799041748047,1039400,0.0,0.0
2022-03-22 00:00:00-04:00,8.094799647714932,8.217546358723084,7.946212237248344,8.1852445602417,553500,0.0,0.0
2022-03-23 00:00:00-04:00,8.262766433815873,8.398433460514555,8.196225201557446,8.333829879760742,389500,0.0,0.0
2022-03-24 00:00:00-04:00,8.398433792207223,8.527640342712402,8.327370343455733,8.527640342712402,994700,0.0,0.0
2022-03-25 00:00:00-04:00,8.514720209360775,8.721450695356216,8.443656142720757,8.689148902893066,1327800,0.0,0.0
2022-03-28 00:00:00-04:00,8.62454590194804,8.676228523254395,8.391973489963991,8.676228523254395,977800,0.0,0.0
2022-03-29 00:00:00-04:00,8.53410153841555,8.779594312971456,8.333830906294384,8.747292518615723,889100,0.0,0.0
2022-03-30 00:00:00-04:00,8.779592980928046,8.779592980928046,8.566402033073292,8.637465476989746,332000,0.0,0.0
2022-03-31 00:00:00-04:00,8.62454564456329,8.798974332240356,8.56898648945903,8.695609092712402,464600,0.0,0.0
2022-04-01 00:00:00-04:00,8.714990174938704,8.818355417477372,8.598704585135422,8.773133277893066,357800,0.0,0.0
2022-04-04 00:00:00-04:00,8.85065817787228,9.270580291748047,8.824816864411119,9.270580291748047,2228500,0.0,0.0
2022-04-05 00:00:00-04:00,9.367483613911334,9.438547060908574,9.096149556495815,9.128451347351074,819500,0.0,0.0
2022-04-06 00:00:00-04:00,9.205974949843549,9.306756238013644,9.057387579717014,9.21889591217041,538300,0.0,0.0
2022-04-07 00:00:00-04:00,9.309342941263003,9.367486056743822,9.011521818243253,9.283501625061035,624300,0.0,0.0
2022-04-08 00:00:00-04:00,9.354563436538609,9.690501103870062,9.31903201810947,9.658199310302734,952500,0.0,0.0
2022-04-11 00:00:00-04:00,9.677579296656283,9.703421222142545,9.3674835840861,9.690500259399414,840600,0.0,0.0
2022-04-12 00:00:00-04:00,9.690498470033939,9.80678464882804,9.65173620506747,9.722800254821777,682000,0.0,0.0
2022-04-13 00:00:00-04:00,9.852008415533142,9.91015151459512,9.674349493826345,9.826167106628418,821000,0.0,0.0
2022-04-14 00:00:00-04:00,9.910151627799234,9.923071974346485,9.729262463399866,9.858469009399414,546800,0.0,0.0
2022-04-18 00:00:00-04:00,9.923070572869051,10.147890485650862,9.877848442182474,10.09749984741211,998800,0.0,0.0
2022-04-19 00:00:00-04:00,10.110423008550427,10.162105634047894,9.842319157742766,9.88431167602539,674500,0.0,0.0
2022-04-20 00:00:00-04:00,9.877849836444856,10.045818654282892,9.793865427525837,9.955373764038086,514200,0.0,0.0
2022-04-21 00:00:00-04:00,9.994136675560487,10.016747745542553,9.606516396679355,9.66465950012207,649900,0.0,0.0
2022-04-22 00:00:00-04:00,9.619438357144114,9.76802575591512,9.483771307085341,9.580676078796387,566700,0.0,0.0
2022-04-25 00:00:00-04:00,9.341643427989132,9.50961226775415,9.096150650510754,9.470849990844727,1061300,0.0,0.0
2022-04-26 00:00:00-04:00,9.735722873123594,10.097501838261437,9.600055838210084,9.83262825012207,1080200,0.0,0.0
2022-04-27 00:00:00-04:00,9.92953249826101,10.304231791319507,9.916612151658343,10.155644416809082,1087200,0.0,0.0
2022-04-28 00:00:00-04:00,10.297770404934845,10.372064701766035,9.982506212608932,10.355914115905762,618800,0.0,0.0
2022-04-29 00:00:00-04:00,10.388216461751911,10.562645766063417,10.097501570671493,10.233168601989746,613500,0.0,0.0
2022-05-02 00:00:00-04:00,10.252547554614214,10.446357651909887,9.93599141149096,10.246087074279785,914200,0.0,0.0
2022-05-03 00:00:00-04:00,9.82616704180314,10.116881919089721,9.709880844446348,9.994135856628418,1127000,0.0,0.0
2022-05-04 00:00:00-04:00,10.084579267287364,10.25771657550482,9.942452389448315,10.20732593536377,683000,0.0,0.0
2022-05-05 00:00:00-04:00,10.323611975303418,10.323611975303418,9.813245686173111,10.06519889831543,610000,0.0,0.0
2022-05-06 00:00:00-04:00,10.110419646001517,10.181483694504992,9.852006604457854,9.942451477050781,618000,0.0,0.0
2022-05-09 00:00:00-04:00,9.81970729888774,9.91661267600603,9.373944535681039,9.451468467712402,1260000,0.0,0.0
2022-05-10 00:00:00-04:00,9.619438357144114,9.839089214096187,9.277040182739988,9.580676078796387,1014800,0.0,0.0
2022-05-11 00:00:00-04:00,9.761563038747802,9.961833634835434,9.632356500677735,9.684039115905762,1229600,0.0,0.0
2022-05-12 00:00:00-04:00,9.624303476006768,9.949538407069875,9.4185422266219,9.7703275680542,897700,0.4,0.0
2022-05-13 00:00:00-04:00,9.869889276798792,10.042463149748059,9.856614704339346,9.936264038085938,399300,0.0,0.0
2022-05-16 00:00:00-04:00,9.982724819300463,10.161936273939842,9.982724819300463,10.055736541748047,332300,0.0,0.0
2022-05-17 00:00:00-04:00,10.175211063134242,10.341147317435839,10.062374359569429,10.221673011779785,362100,0.0,0.0
2022-05-18 00:00:00-04:00,10.195122490947696,10.281409412834847,9.856613038001523,10.029186248779297,374700,0.0,0.0
2022-05-19 00:00:00-04:00,9.956174795007993,10.108835838026438,9.836700494909001,9.896437644958496,362000,0.0,0.0
2022-05-20 00:00:00-04:00,10.042461832854372,10.148660930590333,9.737139110365202,9.942899703979492,466300,0.0,0.0
2022-05-23 00:00:00-04:00,10.088922993117656,10.195122082572079,9.942898928619574,10.122110366821289,606900,0.0,0.0
2022-05-24 00:00:00-04:00,10.122110394937566,10.148660167374919,9.922986785159166,10.115472793579102,328700,0.0,0.0
2022-05-25 00:00:00-04:00,10.168572486224996,10.414158043088523,10.168572486224996,10.301321983337402,627400,0.0,0.0
2022-05-26 00:00:00-04:00,10.374334042226005,10.586732231810764,10.367696440552349,10.513720512390137,746100,0.0,0.0
2022-05-27 00:00:00-04:00,10.566820396928689,10.67301949510943,10.427433922317327,10.653106689453125,626400,0.0,0.0
2022-05-31 00:00:00-04:00,10.765945106953412,10.90533223679702,10.600009464322588,10.69957160949707,615000,0.0,0.0
2022-06-01 00:00:00-04:00,10.805768386041661,11.117064680596751,10.75266883997237,11.011528968811035,444000,0.0,0.0
2022-06-02 00:00:00-04:00,10.911969184875488,11.071267847998598,10.852232027955168,10.911969184875488,602600,0.0,0.0
2022-06-03 00:00:00-04:00,10.984980535993113,11.097817249908152,10.825681869170692,10.925243377685547,3131000,0.0,0.0
2022-06-06 00:00:00-04:00,11.038078308105469,11.170827808671573,10.93187921404981,11.038078308105469,1728700,0.0,0.0
2022-06-07 00:00:00-04:00,10.96506699612015,11.144278438391657,10.958429394629386,11.018166542053223,1377600,0.0,0.0
2022-06-08 00:00:00-04:00,11.031443358384273,11.522614546597275,11.02480575592276,11.43632698059082,1331300,0.0,0.0
2022-06-09 00:00:00-04:00,11.409777382685313,11.429688923284251,11.064629664381114,11.111091613769531,645200,0.0,0.0
2022-06-10 00:00:00-04:00,10.951792821919964,11.277027729560833,10.892055668884584,11.071267127990723,657300,0.0,0.0
2022-06-13 00:00:00-04:00,10.752669609084567,10.838955902871623,10.301322802215335,10.546908378601074,1334500,0.0,0.0
2022-06-14 00:00:00-04:00,10.679656973698265,10.785856070652938,10.145342055023947,10.248222351074219,1125000,0.0,0.0
2022-06-15 00:00:00-04:00,10.281409642626718,10.377652969073784,10.06901145046291,10.195122718811035,563300,0.0,0.0
2022-06-16 00:00:00-04:00,9.962812441839592,10.049099366412745,9.518103248345327,9.597752571105957,1205000,0.0,0.0
2022-06-17 00:00:00-04:00,9.564565689856863,9.790239099185335,9.073394524257592,9.272518157958984,1285700,0.0,0.0
2022-06-21 00:00:00-04:00,9.458365838058553,9.77032615171074,9.378716517487117,9.730501174926758,585200,0.0,0.0
2022-06-22 00:00:00-04:00,9.285792986286014,9.531378575882956,9.073394775390625,9.073394775390625,933400,0.0,0.0
2022-06-23 00:00:00-04:00,9.139768218113662,9.232692105515763,8.681783850501995,8.787982940673828,1140100,0.0,0.0
2022-06-24 00:00:00-04:00,8.987106813940168,9.166318258590923,8.78798319754928,8.947281837463379,576800,0.0,0.0
2022-06-27 00:00:00-04:00,9.046844876934038,9.445091516988224,8.9671955489232,9.385354995727539,514100,0.0,0.0
2022-06-28 00:00:00-04:00,9.6176647721964,9.650188134979478,9.398628975703058,9.59111499786377,563600,0.0,0.0
2022-06-29 00:00:00-04:00,9.657491166148986,9.657491166148986,9.15304474687187,9.21278190612793,504900,0.0,0.0
2022-06-30 00:00:00-04:00,9.007018697121055,9.22605447823479,8.93400698108198,9.086668014526367,532800,0.0,0.0
2022-07-01 00:00:00-04:00,9.232694880585312,9.498193318812225,9.060120990687324,9.451730728149414,531700,0.0,0.0
2022-07-05 00:00:00-04:00,9.239329534338083,9.239329534338083,8.761433004493975,9.046843528747559,554600,0.0,0.0
2022-07-06 00:00:00-04:00,8.993746134935149,9.046845691724707,8.502574918133421,8.781347274780273,631300,0.0,0.0
2022-07-07 00:00:00-04:00,9.000382827617525,9.312342533960024,8.993745225440897,9.265880584716797,393500,0.0,0.0
2022-07-08 00:00:00-04:00,9.212782449260779,9.365443524807047,9.126495506692448,9.232694625854492,927400,0.0,0.0
2022-07-11 00:00:00-04:00,9.126493566493597,9.232692663078803,8.86763279381975,9.172955513000488,389400,0.0,0.0
2022-07-12 00:00:00-04:00,8.90745735168457,9.06011838758099,8.778027287946605,8.90745735168457,364300,0.0,0.0
2022-07-13 00:00:00-04:00,8.82780777847036,9.146405044022876,8.82780777847036,9.040205955505371,265000,0.0,0.0
2022-07-14 00:00:00-04:00,8.794622138276821,8.947283199857587,8.602136094155156,8.92737102508545,328000,0.0,0.0
2022-07-15 00:00:00-04:00,9.099945190421295,9.25260625696754,8.927371315458602,9.21278190612793,293300,0.0,0.0
2022-07-18 00:00:00-04:00,9.36544137874281,9.538015224334664,9.34021899877196,9.425178527832031,305400,0.0,0.0
2022-07-19 00:00:00-04:00,9.491553502365543,9.69067712635855,9.42517875003569,9.59111499786377,400800,0.0,0.0
2022-07-20 00:00:00-04:00,9.491553666013772,9.723864037180524,9.471641493170122,9.697314262390137,327000,0.0,0.0
2022-07-21 00:00:00-04:00,9.630940331715736,9.630940331715736,9.22605546693729,9.511466026306152,302100,0.0,0.0
2022-07-22 00:00:00-04:00,9.52474062526582,9.62430211811669,9.372078952165083,9.431816101074219,199200,0.0,0.0
2022-07-25 00:00:00-04:00,9.55129036189016,9.810150495498194,9.40526629101093,9.730501174926758,570300,0.0,0.0
2022-07-26 00:00:00-04:00,9.956175448070825,10.075649756006582,9.796876792820871,10.0358247756958,685700,0.0,0.0
2022-07-27 00:00:00-04:00,10.07564942597955,10.235611456413798,9.996000100963482,10.181848526000977,542300,0.0,0.0
2022-07-28 00:00:00-04:00,10.15529763177628,10.420795352569236,10.015911170110854,10.367695808410645,530000,0.0,0.0
2022-07-29 00:00:00-04:00,10.48053486967251,10.574786803431374,10.341148376464844,10.341148376464844,666800,0.0,0.0
2022-08-01 00:00:00-04:00,10.254859106765506,10.288046480074724,9.90307446887939,10.002635955810547,585400,0.0,0.0
2022-08-02 00:00:00-04:00,10.467255938935082,10.467255938935082,9.982721899338117,10.07564640045166,503000,0.0,0.0
2022-08-03 00:00:00-04:00,10.055737250049056,10.215036543059114,9.776964278527213,9.969450950622559,1120900,0.0,0.0
2022-08-04 00:00:00-04:00,9.956175041343839,9.976087214187489,9.677402089546487,9.697314262390137,581300,0.0,0.0
2022-08-05 00:00:00-04:00,9.564564170579269,10.015910917542302,9.411903143222055,9.836699485778809,522200,0.0,0.0
2022-08-08 00:00:00-04:00,9.836701754166713,9.997991826749482,9.684040691605167,9.757052421569824,703500,0.0,0.0
2022-08-09 00:00:00-04:00,9.909713119361092,9.962148655684299,9.703951889455553,9.763689041137695,710500,0.0,0.0
2022-08-10 00:00:00-04:00,9.757051061033671,9.95617468125814,9.630939793589544,9.8499755859375,1267500,0.0,0.0
2022-08-11 00:00:00-04:00,10.000252835153155,10.218837382992568,9.822652564316964,10.164191246032715,1290500,0.42,0.0
2022-08-12 00:00:00-04:00,10.075391219346418,10.451083903574817,9.9558525491692,10.328129768371582,917200,0.0,0.0
2022-08-15 00:00:00-04:00,10.082222451625118,10.273483938781954,9.870468173697882,10.184683799743652,588000,0.0,0.0
2022-08-16 00:00:00-04:00,10.25299337284508,10.362285667992152,10.020746919940818,10.13003921508789,696700,0.0,0.0
2022-08-17 00:00:00-04:00,10.130037996723017,10.430592423662501,10.130037996723017,10.355453491210938,467100,0.0,0.0
2022-08-18 00:00:00-04:00,10.389607624015465,10.751638475599506,10.389607624015465,10.717484474182129,529100,0.0,0.0
2022-08-19 00:00:00-04:00,10.717484111456674,10.813115181902084,10.51802563587914,10.778961181640625,588100,0.0,0.0
2022-08-22 00:00:00-04:00,10.778962390379895,11.080200198348361,10.608876375039987,11.011209487915039,517900,0.0,0.0
2022-08-23 00:00:00-04:00,11.202470914472777,11.341136347476196,11.01803967390285,11.134162902832031,685100,0.0,0.0
2022-08-24 00:00:00-04:00,11.195639608241478,11.270778548817676,11.08634731442169,11.222963333129883,491700,0.0,0.0
2022-08-25 00:00:00-04:00,11.270776879690368,11.29810060053231,10.901915116957836,11.086345672607422,491400,0.0,0.0
2022-08-26 00:00:00-04:00,11.113669871873347,11.140992291024752,10.731146232252874,11.100008010864258,879900,0.0,0.0
2022-08-29 00:00:00-04:00,11.100008137745673,11.294685099316792,11.011208645905096,11.0590238571167,618300,0.0,0.0
2022-08-30 00:00:00-04:00,10.949731130331482,10.949731130331482,10.51939164111172,10.696991920471191,612000,0.0,0.0
2022-08-31 00:00:00-04:00,10.471575616769622,10.974320582942687,10.410098551666215,10.772130012512207,404800,0.0,0.0
2022-09-01 00:00:00-04:00,10.615022124577386,10.656007052716296,10.334960511833732,10.519391059875488,861500,0.0,0.0
2022-09-02 00:00:00-04:00,10.66283962052787,10.895086076500656,10.58838468319279,10.799455642700195,327800,0.0,0.0
2022-09-06 00:00:00-04:00,10.874591766948257,10.9907149717967,10.628684148616264,10.908745765686035,436500,0.0,0.0
2022-09-07 00:00:00-04:00,10.792622087731038,10.854099152477456,10.512560482938078,10.662837028503418,393600,0.0,0.0
2022-09-08 00:00:00-04:00,10.717484299083331,10.864346046775292,10.656007879256508,10.70382308959961,293400,0.0,0.0
2022-09-09 00:00:00-04:00,10.860928198036412,11.127329215989253,10.834288487101071,11.038528442382812,899700,0.0,0.0
2022-09-12 00:00:00-04:00,11.1683152914337,11.229792359135661,11.06585394621933,11.079514503479004,431700,0.0,0.0
2022-09-13 00:00:00-04:00,10.92240845016677,11.181978615073909,10.867762305375825,11.004378318786621,392300,0.0,0.0
2022-09-14 00:00:00-04:00,11.065853713619559,11.291269189499712,11.03852999394116,11.127330780029297,611700,0.0,0.0
2022-09-15 00:00:00-04:00,11.30493146370339,11.30493146370339,10.977054594957718,11.004378318786621,547400,0.0,0.0
2022-09-16 00:00:00-04:00,11.031701341046718,11.079516557486672,10.505732005906827,10.724316596984863,816400,0.0,0.0
2022-09-19 00:00:00-04:00,10.4852388528734,10.881423711738142,10.43059271037022,10.874592781066895,315400,0.0,0.0
2022-09-20 00:00:00-04:00,11.052193404083738,11.102058026911386,10.765300821551108,11.018038749694824,427200,0.0,0.0
2022-09-21 00:00:00-04:00,11.140991221068605,11.229792006232683,10.819945335388184,10.819945335388184,315800,0.0,0.0
2022-09-22 00:00:00-04:00,10.867760971795335,10.983884178084999,10.546714421969007,10.60819149017334,431800,0.0,0.0
2022-09-23 00:00:00-04:00,10.580867770106074,10.676498831588045,9.768006027525912,10.143698692321777,1754300,0.0,0.0
2022-09-26 00:00:00-04:00,10.136869949704108,10.539885768814194,10.082223803190887,10.205177307128906,1036300,0.0,0.0
2022-09-27 00:00:00-04:00,10.389607171765945,10.635514798686824,10.307637962792318,10.615022659301758,814600,0.0,0.0
2022-09-28 00:00:00-04:00,10.662838706157231,11.01530652786833,10.580869490743027,10.970223426818848,667000,0.0,0.0
2022-09-29 00:00:00-04:00,10.826774605110169,10.94972871779698,10.649174364881047,10.915574073791504,513500,0.0,0.0
2022-09-30 00:00:00-04:00,10.895084095915378,10.99071516376482,10.61502247395394,10.690160751342773,464500,0.0,0.0
2022-10-03 00:00:00-04:00,10.936069116576903,11.181977392687497,10.91899179105069,11.086345672607422,770900,0.0,0.0
2022-10-04 00:00:00-04:00,11.270778029712277,11.578163406214808,11.15465481001875,11.441547393798828,1461500,0.0,0.0
2022-10-05 00:00:00-04:00,11.448376649109182,11.776253467478897,11.345915306226978,11.680623054504395,715600,0.0,0.0
2022-10-06 00:00:00-04:00,11.673791644621938,11.919699899721893,11.64646792611456,11.871883392333984,558600,0.0,0.0
2022-10-07 00:00:00-04:00,11.878715402978843,12.069977541336392,11.783084985233431,11.858223915100098,719400,0.0,0.0
2022-10-10 00:00:00-04:00,11.90604010011597,12.083640392537493,11.660131802475885,11.742101669311523,421400,0.0,0.0
2022-10-11 00:00:00-04:00,11.550837870948904,11.899207475391123,11.277607191837355,11.721607208251953,548800,0.0,0.0
2022-10-12 00:00:00-04:00,11.721607331083945,11.742100120807049,11.482529995781029,11.680623054504395,621000,0.0,0.0
2022-10-13 00:00:00-04:00,11.544008779169236,11.994839797202024,11.523517289264834,11.953855514526367,750000,0.0,0.0
2022-10-14 00:00:00-04:00,11.933360821705072,12.01533067687186,11.612314936607333,11.721607208251953,599000,0.0,0.0
2022-10-17 00:00:00-04:00,11.817237865792883,11.89237679268498,11.462038626999963,11.61231517791748,842000,0.0,0.0
2022-10-18 00:00:00-04:00,11.680623883706117,11.762592442684124,11.434715601038594,11.748931884765625,833700,0.0,0.0
2022-10-19 00:00:00-04:00,11.789916719890682,12.076809295567903,11.772840044537702,11.988008499145508,585500,0.0,0.0
2022-10-20 00:00:00-04:00,12.158776526658151,12.220253593488746,11.960684769100315,12.049484252929688,535900,0.0,0.0
2022-10-21 00:00:00-04:00,12.035825363104152,12.151948582884732,11.974348287757559,12.042654991149902,562000,0.0,0.0
2022-10-24 00:00:00-04:00,12.083638902761503,12.206593036422692,11.988007186099095,12.049484252929688,473500,0.0,0.0
2022-10-25 00:00:00-04:00,12.056316812357139,12.356871257164924,11.878716517828305,12.302225112915039,633100,0.0,0.0
2022-10-26 00:00:00-04:00,12.295392643617234,12.479823845959496,12.097299581205169,12.151947021484375,905300,0.0,0.0
2022-10-27 00:00:00-04:00,12.261240610662679,12.350040104901947,12.087055133267475,12.17927074432373,645300,0.0,0.0
2022-10-28 00:00:00-04:00,12.281731731698578,12.350039734454286,12.069978095735992,12.213423728942871,445300,0.0,0.0
2022-10-31 00:00:00-04:00,12.281729947318821,12.630099538179135,12.233914743196806,12.548130989074707,872500,0.0,0.0
2022-11-01 00:00:00-04:00,13.258531593526335,13.292684940740703,12.739392638094529,12.821362495422363,2404300,0.0,0.0
2022-11-02 00:00:00-04:00,12.841852911759673,13.217546214123152,12.67108358419443,12.978468894958496,605700,0.0,0.0
2022-11-03 00:00:00-04:00,12.930654394765662,13.313177344507743,12.852100656158509,13.292684555053711,622900,0.0,0.0
2022-11-04 00:00:00-04:00,13.477119268740243,13.488049019874786,13.2175503822479,13.265365600585938,1009900,0.0,0.0
2022-11-07 00:00:00-05:00,13.408809534026716,13.82548718810384,13.309764295700313,13.504441261291504,1024400,0.0,0.0
2022-11-08 00:00:00-05:00,13.600069045834745,13.661546107548038,13.39856118863375,13.511269569396973,915400,0.0,0.0
2022-11-09 00:00:00-05:00,13.329537371465623,13.43438401818306,12.309028054726316,12.323006629943848,1194300,0.45,0.0
2022-11-10 00:00:00-05:00,12.644536578111726,12.917138098634403,12.427853352393631,12.602598190307617,703600,0.0,0.0
2022-11-11 00:00:00-05:00,12.861217985786315,13.008004322147155,12.770351269522648,12.882187843322754,345700,0.0,0.0
2022-11-14 00:00:00-05:00,12.980046678480733,13.245659585484875,12.95208819696297,13.063924789428711,414800,0.0,0.0
2022-11-15 00:00:00-05:00,13.112852334421577,13.308567025931366,12.952087409179926,13.252647399902344,481600,0.0,0.0
2022-11-16 00:00:00-05:00,13.084892424372741,13.21070891561049,12.94509735992866,12.973055839538574,542900,0.0,0.0
2022-11-17 00:00:00-05:00,12.882191213282905,12.882889808757735,12.483773148244872,12.54668140411377,676400,0.0,0.0
2022-11-18 00:00:00-05:00,12.364946119115883,12.581629362621305,12.071374713993489,12.539690971374512,647900,0.0,0.0
2022-11-21 00:00:00-05:00,12.574637819660735,12.70744426389162,12.274776426999322,12.644536018371582,1077100,0.0,0.0
2022-11-22 00:00:00-05:00,12.756372303163381,12.994025373275353,12.616575909027908,12.868208885192871,794100,0.0,0.0
2022-11-23 00:00:00-05:00,12.826271608564264,12.826271608564264,12.602598425177423,12.756373405456543,526200,0.0,0.0
2022-11-25 00:00:00-05:00,12.791322638349113,12.959078869551407,12.686475993745745,12.896170616149902,124900,0.0,0.0
2022-11-28 00:00:00-05:00,12.637546945522038,12.831863124892115,12.608189939993956,12.72142505645752,473000,0.0,0.0
2022-11-29 00:00:00-05:00,12.85422945284384,12.952087465623823,12.777342633113395,12.86121940612793,307100,0.0,0.0
2022-11-30 00:00:00-05:00,13.056936177260164,13.140812963628559,12.843747234344482,13.105864524841309,476600,0.0,0.0
2022-12-01 00:00:00-05:00,13.259638895228422,13.392445356097978,12.826272408681849,12.896170616149902,724500,0.0,0.0
2022-12-02 00:00:00-05:00,12.777342162242869,13.021983852184116,12.721423871228122,12.868208885192871,356600,0.0,0.0
2022-12-05 00:00:00-05:00,12.81927967397362,12.896167818830342,12.211167134064455,12.39989185333252,659700,0.0,0.0
2022-12-06 00:00:00-05:00,12.336984457742082,12.504739330837824,12.005668950007227,12.120301246643066,616100,0.0,0.0
2022-12-07 00:00:00-05:00,12.218159924332653,12.267088270351785,11.952548331715613,12.043415069580078,636700,0.0,0.0
2022-12-08 00:00:00-05:00,12.232140765042612,12.29504902420435,11.603059506622786,11.777804374694824,979600,0.0,0.0
2022-12-09 00:00:00-05:00,12.162240586369313,12.217460286392347,11.79178237915039,11.79178237915039,514300,0.0,0.0
2022-12-12 00:00:00-05:00,11.868668270400843,12.151755368673346,11.81274997936893,12.120301246643066,762300,0.0,0.0
2022-12-13 00:00:00-05:00,12.27407758498433,12.292251731528722,12.11331264695601,12.190200805664062,748700,0.0,0.0
2022-12-14 00:00:00-05:00,12.190199443732265,12.336984457742082,11.896628082515411,12.120301246643066,1410200,0.0,0.0
2022-12-15 00:00:00-05:00,12.10632301920746,12.144767099596907,11.840711433276372,11.966527938842773,815200,0.0,0.0
2022-12-16 00:00:00-05:00,11.812751940666999,11.867971645523468,11.568108876834772,11.714895248413086,1051000,0.0,0.0
2022-12-19 00:00:00-05:00,11.805759944585276,11.882648094170666,11.364704977069218,11.407341957092285,865600,0.0,0.0
2022-12-20 00:00:00-05:00,11.232599074937832,11.777803502918442,11.190660683000075,11.714895248413086,1704000,0.0,0.0
2022-12-21 00:00:00-05:00,11.882650369031495,11.945558624699812,11.714895464981804,11.854690551757812,862700,0.0,0.0
2022-12-22 00:00:00-05:00,11.805760018490727,11.860281118798994,11.218617296447405,11.344433784484863,1258200,0.0,0.0
2022-12-23 00:00:00-05:00,11.46326307888614,11.882651028898538,11.46326307888614,11.777804374694824,1042800,0.0,0.0
2022-12-27 00:00:00-05:00,11.81974061466861,11.980505544015546,11.721883933013483,11.92458724975586,1313100,0.0,0.0
2022-12-28 00:00:00-05:00,11.742851923968566,11.847699887466066,11.211628819354273,11.21861743927002,1126300,0.0,0.0
2022-12-29 00:00:00-05:00,11.197648574224496,11.770811380169555,11.197648574224496,11.561118125915527,1520600,0.0,0.0
2022-12-30 00:00:00-05:00,11.533159429577289,11.798770999530428,11.379384450467295,11.79178237915039,1100700,0.0,0.0
2023-01-03 00:00:00-05:00,11.631016169609186,11.633811884414209,10.980965815534736,11.015914916992188,2010800,0.0,0.0
2023-01-04 00:00:00-05:00,10.925047273334478,11.176679598272806,10.806220731019494,10.834179878234863,1411000,0.0,0.0
2023-01-05 00:00:00-05:00,10.834179878234863,11.092802156626696,10.799230777565988,10.834179878234863,894500,0.0,0.0
2023-01-06 00:00:00-05:00,10.890098934612224,11.110277817612317,10.771272383983312,10.813211441040039,1244200,0.0,0.0
2023-01-09 00:00:00-05:00,11.085812146583152,11.414332624635728,11.036883805855684,11.253567695617676,860800,0.0,0.0
2023-01-10 00:00:00-05:00,11.239586215842538,11.302494454601874,11.078821309322954,11.14871883392334,446100,0.0,0.0
2023-01-11 00:00:00-05:00,11.183670570418043,11.274537307195823,10.973976613902963,10.980966567993164,696500,0.0,0.0
2023-01-12 00:00:00-05:00,11.169688762618788,11.665964753042541,11.120760425505996,11.561118125915527,654400,0.0,0.0
2023-01-13 00:00:00-05:00,11.533160439086215,11.790384887180025,11.47025218458086,11.714895248413086,694600,0.0,0.0
2023-01-17 00:00:00-05:00,11.903617852925331,11.945556237256564,11.812749798144255,11.88963794708252,955800,0.0,0.0
2023-01-18 00:00:00-05:00,11.8966294830114,12.043414514301055,11.700914774761147,11.742853164672852,792900,0.0,0.0
2023-01-19 00:00:00-05:00,11.67295532279988,11.728173687203927,11.17108787681274,11.400352478027344,772000,0.0,0.0
2023-01-20 00:00:00-05:00,11.463260259452992,11.46675590254529,11.24657704963305,11.435301780700684,654900,0.0,0.0
2023-01-23 00:00:00-05:00,11.568109343458165,11.770814023529143,11.48283403202608,11.693925857543945,563700,0.0,0.0
2023-01-24 00:00:00-05:00,11.854687993411204,11.854687993411204,11.61703626385959,11.658974647521973,518400,0.0,0.0
2023-01-25 00:00:00-05:00,11.638006445644422,11.644996399449298,11.337445098021607,11.449281692504883,769700,0.0,0.0
2023-01-26 00:00:00-05:00,11.554129111523253,11.644995840228258,11.35212305589606,11.519179344177246,1150300,0.0,0.0
2023-01-27 00:00:00-05:00,11.491222381591797,11.596069031086392,11.379385777704563,11.491222381591797,537700,0.0,0.0
2023-01-30 00:00:00-05:00,11.463261855479603,11.5331600618881,11.239588661530325,11.316476821899414,1141400,0.0,0.0
2023-01-31 00:00:00-05:00,11.372393134418274,11.470249806382958,11.281525081996355,11.379383087158203,552300,0.0,0.0
2023-02-01 00:00:00-05:00,11.323466457103587,11.379384754016801,10.841170312978758,11.197649955749512,1433400,0.0,0.0
2023-02-02 00:00:00-05:00,11.351425874238052,11.37938569159703,10.973977005675417,11.036885261535645,1091200,0.0,0.0
2023-02-03 00:00:00-05:00,11.099792278996137,11.204639582598322,10.987955688432736,11.06484317779541,962600,0.0,0.0
2023-02-06 00:00:00-05:00,11.078823326801768,11.176680012381942,10.841170233366473,10.904078483581543,907300,0.0,0.0
2023-02-07 00:00:00-05:00,11.029891564749688,11.176677223086214,10.93902418896055,11.169687271118164,941800,0.0,0.0
2023-02-08 00:00:00-05:00,11.183669090270996,11.288515721352837,11.050863313127422,11.183669090270996,831100,0.0,0.0
2023-02-09 00:00:00-05:00,11.22560879801458,11.302496958687817,11.036884706523011,11.106782913208008,789000,0.0,0.0
2023-02-10 00:00:00-05:00,11.162699666380295,11.358413684762438,11.14802116499653,11.330453872680664,997800,0.0,0.0
2023-02-13 00:00:00-05:00,11.323465054170695,11.596066551198692,11.28152533678393,11.547138214111328,925100,0.0,0.0
2023-02-14 00:00:00-05:00,11.533158479798841,11.840709745888697,11.407341992162207,11.749841690063477,1703800,0.0,0.0
2023-02-15 00:00:00-05:00,11.56642017121851,11.659929183809709,11.278698549439923,11.508875846862793,1046100,0.475,0.0
2023-02-16 00:00:00-05:00,11.508877628467431,11.566421961731162,11.386595748786359,11.436946868896484,494500,0.0,0.0
2023-02-17 00:00:00-05:00,11.278699006310124,11.32329541360369,11.026942062569011,11.142030715942383,574500,0.0,0.0
2023-02-21 00:00:00-05:00,11.444139559644336,11.444139559644336,10.919047371086716,11.113259315490723,969500,0.0,0.0
2023-02-22 00:00:00-05:00,11.508875637011217,11.508875637011217,10.997449657595677,11.192381858825684,673300,0.0,0.0
2023-02-23 00:00:00-05:00,11.48729634480942,11.48729634480942,10.832729172225454,11.091678619384766,838400,0.0,0.0
2023-02-24 00:00:00-05:00,10.95501069020934,11.142030084330685,10.883080628919748,11.098872184753418,559100,0.0,0.0
2023-02-27 00:00:00-05:00,11.249926948105113,11.30747127532959,11.07729328044919,11.30747127532959,577700,0.0,0.0
2023-02-28 00:00:00-05:00,11.436944528471512,11.458524163516337,11.134836497668196,11.185188293457031,588000,0.0,0.0
2023-03-01 00:00:00-05:00,11.138434489258874,11.299558746667532,11.08448676689994,11.199575424194336,940100,0.0,0.0
2023-03-02 00:00:00-05:00,11.213962541391172,11.465718823263597,11.120452830073111,11.357823371887207,716700,0.0,0.0
2023-03-03 00:00:00-05:00,11.379400798495396,11.508875871564888,11.365015060366819,11.415366172790527,912200,0.0,0.0
2023-03-06 00:00:00-05:00,11.350626896947308,11.482260050659196,11.307469003192397,11.39378547668457,566000,0.0,0.0
2023-03-07 00:00:00-05:00,11.22115429335359,11.300277568328472,10.985222287666758,11.08448600769043,666900,0.0,0.0
2023-03-08 00:00:00-05:00,10.990977521974516,11.090960848637923,10.777344038572542,10.782379150390625,862800,0.0,0.0
2023-03-09 00:00:00-05:00,10.875888090718622,10.944222236261872,10.63851757039206,10.667289733886719,611000,0.0,0.0
2023-03-10 00:00:00-05:00,10.609745046878846,10.667289371915524,10.250092672408378,10.372374534606934,872100,0.0,0.0
2023-03-13 00:00:00-04:00,10.242899647264322,10.408340099251687,10.00552913065928,10.257286071777344,741600,0.0,0.0
2023-03-14 00:00:00-04:00,10.286060001778747,10.609747063118032,10.214129238822197,10.329217910766602,486300,0.0,0.0
2023-03-15 00:00:00-04:00,10.070267324663327,10.192549197055698,9.645877377652454,10.063074111938477,1304600,0.0,0.0
2023-03-16 00:00:00-04:00,9.919214345469014,10.365183292244875,9.919214345469014,10.329217910766602,500200,0.0,0.0
2023-03-17 00:00:00-04:00,10.192549072304182,10.314830943199887,10.034301824206945,10.293251991271973,886000,0.0,0.0
2023-03-20 00:00:00-04:00,10.336408975416555,10.537814109449029,10.293251075400823,10.487462997436523,397100,0.0,0.0
2023-03-21 00:00:00-04:00,10.674482945744819,10.811150550842285,10.57378003052709,10.811150550842285,260600,0.0,0.0
2023-03-22 00:00:00-04:00,10.818344154074419,10.82553736670325,10.552201460650295,10.580973625183105,330100,0.0,0.0
2023-03-23 00:00:00-04:00,10.580973051725508,10.739220291070685,10.437112236858287,10.494656562805176,452200,0.0,0.0
2023-03-24 00:00:00-04:00,10.44430545114749,10.696061705718925,10.293970333646193,10.638517379760742,469400,0.0,0.0
2023-03-27 00:00:00-04:00,10.746413170574357,10.976591167910604,10.66728989129213,10.933432579040527,427200,0.0,0.0
2023-03-28 00:00:00-04:00,10.976589996172239,11.136275728971507,10.91904567447659,10.9981689453125,339800,0.0,0.0
2023-03-29 00:00:00-04:00,11.077293689884339,11.206768773916272,11.005363621186333,11.127645492553711,394200,0.0,0.0
2023-03-30 00:00:00-04:00,11.264313354908296,11.30747194587726,11.077293937347008,11.113259315490723,396200,0.0,0.0
2023-03-31 00:00:00-04:00,11.19238251651697,11.300277957561168,11.134837503846581,11.28589153289795,197200,0.0,0.0
2023-04-03 00:00:00-04:00,11.508876503012678,11.677193284058962,11.43694575047585,11.602385520935059,557700,0.0,0.0
2023-04-04 00:00:00-04:00,11.616771450773765,11.631157875061035,11.386594150037173,11.631157875061035,361700,0.0,0.0
2023-04-05 00:00:00-04:00,11.645545951165204,11.674317431855789,11.249928144922475,11.293086051940918,631000,0.0,0.0
2023-04-06 00:00:00-04:00,11.271504562056728,11.329048882454094,11.116853943745408,11.24992561340332,292400,0.0,0.0
2023-04-10 00:00:00-04:00,11.271507098431696,11.465719051979814,11.25712067210384,11.293086051940918,456800,0.0,0.0
2023-04-11 00:00:00-04:00,11.386594091096272,11.56642027786151,11.329049766209993,11.530455589294434,383200,0.0,0.0
2023-04-12 00:00:00-04:00,11.523261528621022,11.591594980652399,11.372207515422462,11.444137573242188,344200,0.0,0.0
2023-04-13 00:00:00-04:00,11.49448881763467,11.782210424265637,11.422558758968139,11.753438949584961,655800,0.0,0.0
2023-04-14 00:00:00-04:00,11.825369548779781,11.918878555297852,11.796596702488173,11.918878555297852,515700,0.0,0.0
2023-04-17 00:00:00-04:00,11.976425268900089,12.041162814026448,11.82537191158198,11.839756965637207,450100,0.0,0.0
2023-04-18 00:00:00-04:00,11.897301975438081,11.983617782592773,11.81098479631837,11.983617782592773,362500,0.0,0.0
2023-04-19 00:00:00-04:00,11.954845246497735,11.983616722348753,11.724666579865115,11.962037086486816,484600,0.0,0.0
2023-04-20 00:00:00-04:00,11.796596946340635,11.911685589956459,11.638350404360093,11.904492378234863,306900,0.0,0.0
2023-04-21 00:00:00-04:00,12.077128111478645,12.185023555843255,11.904493754137254,12.170637130737305,390800,0.0,0.0
2023-04-24 00:00:00-04:00,12.185023395315076,12.228181298099347,12.04116189008085,12.048355102539062,426700,0.0,0.0
2023-04-25 00:00:00-04:00,11.983616659365367,11.998003083197712,11.76063257782358,11.861334800720215,426900,0.0,0.0
2023-04-26 00:00:00-04:00,11.911685490240782,11.926071913563542,11.659928569951871,11.753438949584961,523500,0.0,0.0
2023-04-27 00:00:00-04:00,11.739053095102063,11.82537026725645,11.587999758788023,11.695895195007324,377300,0.0,0.0
2023-04-28 00:00:00-04:00,11.75343922751509,11.947651831070296,11.724666380189188,11.897300720214844,426700,0.0,0.0
2023-05-01 00:00:00-04:00,12.012389182093942,12.062740292180258,11.832563004948613,11.904492378234863,501200,0.0,0.0
2023-05-02 00:00:00-04:00,11.739053215705939,11.753439639873623,10.976590570362639,11.08448600769043,1063600,0.0,0.0
2023-05-03 00:00:00-04:00,11.077292825711524,11.262154123677414,11.005362762625,11.13483715057373,514500,0.0,0.0
2023-05-04 00:00:00-04:00,11.149223201561318,11.259276736325816,10.681675406211399,10.839921951293945,732600,0.0,0.0
2023-05-05 00:00:00-04:00,11.077293657683132,11.270786687509094,11.02046892415637,11.221155166625977,488100,0.0,0.0
2023-05-08 00:00:00-04:00,11.458523212329649,11.487295370685244,11.2643106289426,11.329048156738281,540400,0.0,0.0
2023-05-09 00:00:00-04:00,11.34343683849377,11.63115847936322,11.34343683849377,11.480104446411133,580900,0.0,0.0
2023-05-10 00:00:00-04:00,11.508877628467431,11.544842322270341,11.257120655951681,11.436946868896484,549200,0.0,0.0
2023-05-11 00:00:00-04:00,11.322020196528115,11.41099472744833,11.195972767614464,11.277532577514648,559100,0.475,0.0
2023-05-12 00:00:00-04:00,11.396165913906092,11.492555171162198,11.195973385071682,11.23304557800293,462300,0.0,0.0
2023-05-15 00:00:00-04:00,11.299775750238698,11.351678088971259,11.145552950999907,11.218215942382812,611000,0.0,0.0
2023-05-16 00:00:00-04:00,11.151483569804165,11.170019662623234,10.973534533157277,10.988363265991211,452300,0.0,0.0
2023-05-17 00:00:00-04:00,11.069925772905643,12.022695541042607,11.069925772905643,11.967085838317871,1964900,0.0,0.0
2023-05-18 00:00:00-04:00,11.937429189562767,12.193230728447022,11.789879336582707,12.145035743713379,1089500,0.0,0.0
2023-05-19 00:00:00-04:00,12.22659550365999,12.404544573590982,11.974500634371042,12.15986442565918,912800,0.0,0.0
2023-05-22 00:00:00-04:00,12.15986366581735,12.263668344117368,12.056060401730736,12.17469310760498,598000,0.0,0.0
2023-05-23 00:00:00-04:00,12.256253337747495,12.345227157974072,11.974499607198794,12.115376472473145,468300,0.0,0.0
2023-05-24 00:00:00-04:00,12.18952331108776,12.293326581660798,12.011574241156767,12.15986442565918,329300,0.0,0.0
2023-05-25 00:00:00-04:00,12.0486459437282,12.234009727477865,11.811380526802779,11.841038703918457,419600,0.0,0.0
2023-05-26 00:00:00-04:00,11.84103812879316,11.930012655818656,11.71499070539704,11.759477615356445,300800,0.0,0.0
2023-05-30 00:00:00-04:00,11.677918591684463,11.744649668202594,11.433238449189137,11.522212982177734,461900,0.0,0.0
2023-05-31 00:00:00-04:00,11.477724896427974,11.559285412021634,11.366506911481517,11.410994529724121,361800,0.0,0.0
2023-06-01 00:00:00-04:00,11.49996909282534,11.735751702435802,11.4332380188191,11.61860179901123,306700,0.0,0.0
2023-06-02 00:00:00-04:00,11.722406229551021,11.930013473506659,11.67791860943573,11.878111839294434,298700,0.0,0.0
2023-06-05 00:00:00-04:00,11.974499417939782,12.033815768557787,11.863281437307693,11.915183067321777,302400,0.0,0.0
2023-06-06 00:00:00-04:00,11.826210132375962,12.041232109069824,11.766893773778122,12.041232109069824,311400,0.0,0.0
2023-06-07 00:00:00-04:00,12.085717492678121,12.226594356822837,12.07830418622983,12.107961654663086,438900,0.0,0.0
2023-06-08 00:00:00-04:00,12.159864826265505,12.23401062806619,11.9077699486713,12.041232109069824,437900,0.0,0.0
2023-06-09 00:00:00-04:00,11.974500473394945,12.115377348859868,11.84103902629423,11.922598838806152,267500,0.0,0.0
2023-06-12 00:00:00-04:00,11.774309430150025,11.915185616227458,11.60377435531226,11.833625793457031,417400,0.0,0.0
2023-06-13 00:00:00-04:00,11.885527044565457,11.915184516374547,11.714991985469243,11.803966522216797,416200,0.0,0.0
2023-06-14 00:00:00-04:00,11.848453925695255,11.863283369318163,11.529628665977448,11.72982120513916,367500,0.0,0.0
2023-06-15 00:00:00-04:00,11.707575321112637,11.89293979245926,11.707575321112637,11.818793296813965,229800,0.0,0.0
2023-06-16 00:00:00-04:00,11.863283975110534,11.930015060607623,11.789138167423362,11.833625793457031,521400,0.0,0.0
2023-06-20 00:00:00-04:00,11.87069760155415,11.885527044565457,11.640846184626236,11.803966522216797,314200,0.0,0.0
2023-06-21 00:00:00-04:00,11.803966785751882,11.922599504063875,11.774308606173882,11.900355339050293,291100,0.0,0.0
2023-06-22 00:00:00-04:00,11.833623647854168,11.855867103284536,11.703127813660855,11.796550750732422,249400,0.0,0.0
2023-06-23 00:00:00-04:00,11.67791729150174,11.795808941172316,11.588942768419288,11.626015663146973,274600,0.0,0.0
2023-06-26 00:00:00-04:00,11.611186884642102,11.948548902402399,11.611186884642102,11.752063751220703,373600,0.0,0.0
2023-06-27 00:00:00-04:00,11.796550564296803,11.811380005753813,11.633430243803131,11.744648933410645,224800,0.0,0.0
2023-06-28 00:00:00-04:00,11.744649303015187,11.892940893825278,11.655674772793159,11.8484525680542,234300,0.0,0.0
2023-06-29 00:00:00-04:00,11.85586701385052,11.922598086744944,11.707576133588857,11.752063751220703,418800,0.0,0.0
2023-06-30 00:00:00-04:00,11.885526128665825,11.907768877255233,11.731302620238411,11.82620906829834,290800,0.0,0.0
2023-07-03 00:00:00-04:00,11.83362346083264,11.878111078096984,11.714990757603312,11.744648933410645,258100,0.0,0.0
2023-07-05 00:00:00-04:00,11.781723509021884,11.781723509021884,11.640846623529933,11.7075777053833,291600,0.0,0.0
2023-07-06 00:00:00-04:00,11.603773128180038,11.692748370837988,11.44065349988955,11.56670093536377,420400,0.0,0.0
2023-07-07 00:00:00-04:00,11.537041326751933,11.789877214236185,11.507383151911199,11.67791748046875,485800,0.0,0.0
2023-07-10 00:00:00-04:00,11.685332818682106,11.789136082558736,11.625274710934413,11.781722068786621,390800,0.0,0.0
2023-07-11 00:00:00-04:00,11.781722861034389,12.009349716152308,11.7224065042286,11.93742847442627,383700,0.0,0.0
2023-07-12 00:00:00-04:00,12.018987098370038,12.120567221525432,11.937427994921597,12.011573791503906,360100,0.0,0.0
2023-07-13 00:00:00-04:00,12.056061165896873,12.22659551462364,12.018987559077903,12.12279224395752,282000,0.0,0.0
2023-07-14 00:00:00-04:00,12.115378024874255,12.115378024874255,11.803966785751882,11.900355339050293,266200,0.0,0.0
2023-07-17 00:00:00-04:00,11.900353630235347,12.085717402757476,11.841037986703476,12.063474655151367,231400,0.0,0.0
2023-07-18 00:00:00-04:00,12.08571880645755,12.263669293254667,12.04123189186503,12.211766242980957,244100,0.0,0.0
2023-07-19 00:00:00-04:00,12.271081640697082,12.486104303800538,12.246614334559693,12.36005687713623,352000,0.0,0.0
2023-07-20 00:00:00-04:00,12.471276675789685,12.477950349823235,12.30074231321078,12.389716148376465,229000,0.0,0.0
2023-07-21 00:00:00-04:00,12.4935195981607,12.4935195981607,12.263668896944711,12.330398559570312,352000,0.0,0.0
2023-07-24 00:00:00-04:00,12.330399208559667,12.56766605770532,12.330399208559667,12.456446647644043,542800,0.0,0.0
2023-07-25 00:00:00-04:00,12.471274852062985,12.69371223587647,12.43420266186744,12.54542064666748,383700,0.0,0.0
2023-07-26 00:00:00-04:00,12.60473688561981,12.797515384164308,12.597322164805014,12.760441780090332,437100,0.0,0.0
2023-07-27 00:00:00-04:00,12.864248573258315,12.953222409243923,12.723371683031873,12.775273323059082,441500,0.0,0.0
2023-07-28 00:00:00-04:00,12.856832407664285,12.99770928207313,12.764891561817095,12.849417686462402,414100,0.0,0.0
2023-07-31 00:00:00-04:00,13.049609561287507,13.16082753934068,12.930976862802346,13.153412818908691,525700,0.0,0.0
2023-08-01 00:00:00-04:00,12.938393121001527,13.077044025497482,12.530591934053728,12.86424732208252,920800,0.0,0.0
2023-08-02 00:00:00-04:00,12.96063529448626,12.96063529448626,12.671468247193593,12.782686233520508,306200,0.0,0.0
2023-08-03 00:00:00-04:00,12.834589165485161,13.071854604125422,12.753030054836051,13.034782409667969,410000,0.0,0.0
2023-08-04 00:00:00-04:00,13.160828210528953,13.168242931339083,12.99770859534626,13.094097137451172,448600,0.0,0.0
2023-08-07 00:00:00-04:00,13.168244637058214,13.346193716911404,13.131171028205316,13.227560997009277,776000,0.0,0.0
2023-08-08 00:00:00-04:00,13.160829052010415,13.316533956338489,12.997709426398126,13.27204704284668,640300,0.0,0.0
2023-08-09 00:00:00-04:00,13.346190833286368,13.516725154522732,13.22014341884791,13.449994087219238,1546700,0.0,0.0
2023-08-10 00:00:00-04:00,13.522329088666476,13.522329088666476,12.730480302009079,12.844690322875977,1335700,0.475,0.0
2023-08-11 00:00:00-04:00,12.890373308846144,12.996967778016192,12.791391485553335,12.814233779907227,488400,0.0,0.0
2023-08-14 00:00:00-04:00,12.806617565368157,12.966510694940022,12.684794920094586,12.951282501220703,422000,0.0,0.0
2023-08-15 00:00:00-04:00,12.791391332441734,12.901793575469624,12.699264086470789,12.875144958496094,305500,0.0,0.0
2023-08-16 00:00:00-04:00,12.928442880396691,13.111176886042065,12.852303348317589,12.913214683532715,432800,0.0,0.0
2023-08-17 00:00:00-04:00,12.94366985697557,13.134017943107564,12.936055759261412,13.04265022277832,275500,0.0,0.0
2023-08-18 00:00:00-04:00,12.943670877699578,13.15686127378601,12.925397332192698,13.057879447937012,623800,0.0,0.0
2023-08-21 00:00:00-04:00,13.111175688170613,13.248226542943515,12.928441699220297,13.050264358520508,526700,0.0,0.0
2023-08-22 00:00:00-04:00,13.134017587601717,13.159905228681007,12.867529983781965,12.890372276306152,344500,0.0,0.0
2023-08-23 00:00:00-04:00,12.86753086046927,12.913213996389507,12.722865902441024,12.875144958496094,276700,0.0,0.0
2023-08-24 00:00:00-04:00,12.844689213225,12.951283674435297,12.722865104675293,12.722865104675293,310400,0.0,0.0
2023-08-25 00:00:00-04:00,12.852302664415621,12.882759056522918,12.593430592707135,12.875144958496094,350700,0.0,0.0
2023-08-28 00:00:00-04:00,12.974127769470217,13.027425007479502,12.91397740704224,12.974127769470215,197500,0.0,0.0
2023-08-29 00:00:00-04:00,13.050264358520508,13.086811446758702,12.943669894692986,13.050264358520508,219800,0.0,0.0
2023-08-30 00:00:00-04:00,13.103562735468365,13.1568614242802,13.057879597299,13.088335990905762,257600,0.0,0.0
2023-08-31 00:00:00-04:00,13.156861112774322,13.241375715119084,13.103562425224405,13.210158348083496,299500,0.0,0.0
2023-09-01 00:00:00-04:00,13.324366567059483,13.476645623007874,13.316752469037993,13.41573429107666,446400,0.0,0.0
2023-09-05 00:00:00-04:00,13.499484691825424,13.552781918735155,13.331978914074767,13.35482120513916,320100,0.0,0.0
2023-09-06 00:00:00-04:00,13.339594614169176,13.424870187472656,13.210157853730385,13.293910026550293,236400,0.0,0.0
2023-09-07 00:00:00-04:00,13.248225299079182,13.400504335027426,13.248225299079182,13.35482120513916,198000,0.0,0.0
2023-09-08 00:00:00-04:00,13.400506667739892,13.50710114011494,13.377664372699195,13.430961608886719,380900,0.0,0.0
2023-09-11 00:00:00-04:00,13.400507131319335,13.476646665181539,13.293911203015922,13.339595794677734,278100,0.0,0.0
2023-09-12 00:00:00-04:00,13.453804127918847,13.606083192910571,13.446190029445182,13.476646423339844,376200,0.0,0.0
2023-09-13 00:00:00-04:00,13.499487604405152,13.527659624238765,13.141633680630735,13.172088623046875,478600,0.0,0.0
2023-09-14 00:00:00-04:00,13.392892845774318,13.411927365913986,13.164475699616712,13.301525115966797,333300,0.0,0.0
2023-09-15 00:00:00-04:00,13.263456503772987,13.268786227673747,13.141633828258263,13.202545166015625,622900,0.0,0.0
2023-09-18 00:00:00-04:00,13.24822787867941,13.370050550262238,13.172088345879942,13.301525115966797,226000,0.0,0.0
2023-09-19 00:00:00-04:00,13.370050294187122,13.370050294187122,13.073107719421385,13.073107719421387,417000,0.0,0.0
2023-09-20 00:00:00-04:00,13.088334584916545,13.339593996218161,13.088334584916545,13.17970085144043,517500,0.0,0.0
2023-09-21 00:00:00-04:00,13.172089414576698,13.324368492530557,13.134020371208692,13.233000755310059,365500,0.0,0.0
2023-09-22 00:00:00-04:00,13.347207942755006,13.347207942755006,13.240612030029297,13.240612030029297,315600,0.0,0.0
2023-09-25 00:00:00-04:00,13.301525227489764,13.362436563791873,13.271070285459116,13.32436752319336,588300,0.0,0.0
2023-09-26 00:00:00-04:00,13.29390952395431,13.331980012197402,13.073106501106919,13.111175537109375,514500,0.0,0.0
2023-09-27 00:00:00-04:00,13.240612144565484,13.339593960649829,13.126403585594838,13.26345443725586,873400,0.0,0.0
2023-09-28 00:00:00-04:00,13.286296803817295,13.34720813242301,13.172086791971031,13.187314987182617,517400,0.0,0.0
2023-09-29 00:00:00-04:00,13.194930156527501,13.278683784753362,13.095949784093913,13.118790626525879,424600,0.0,0.0
2023-10-02 00:00:00-04:00,13.202544487029153,13.202544487029153,12.98173999136382,13.073107719421387,535100,0.0,0.0
2023-10-03 00:00:00-04:00,13.050264322916698,13.225385665893555,12.9817388957172,13.225385665893555,446700,0.0,0.0
2023-10-04 00:00:00-04:00,13.225385663436805,13.225385663436805,12.87666783022789,13.04265022277832,488300,0.0,0.0
2023-10-05 00:00:00-04:00,12.974127038396748,13.202544174777236,12.974127038396748,13.194930076599121,237600,0.0,0.0
2023-10-06 00:00:00-04:00,13.232999110927343,13.339595033145397,13.172087777763057,13.286297798156738,670800,0.0,0.0
2023-10-09 00:00:00-04:00,13.32436820568153,13.4538049834835,13.248228668343746,13.36243724822998,482000,0.0,0.0
2023-10-10 00:00:00-04:00,13.362434502254075,13.529941740422698,13.3243654675288,13.385276794433594,581700,0.0,0.0
2023-10-11 00:00:00-04:00,13.362437395032662,13.415736088323282,13.278685210057775,13.39289379119873,241700,0.0,0.0
2023-10-12 00:00:00-04:00,13.392892681070943,13.46903221293406,13.149247340901592,13.453804016113281,537500,0.0,0.0
2023-10-13 00:00:00-04:00,13.5527832402598,13.697448193292782,13.491871910389175,13.598467826843262,416900,0.0,0.0
2023-10-16 00:00:00-04:00,13.62892429556489,13.674607435035828,13.560398860238072,13.613696098327637,781500,0.0,0.0
2023-10-17 00:00:00-04:00,13.644152529987958,13.720292064140912,13.60912883803948,13.621310234069824,292000,0.0,0.0
2023-10-18 00:00:00-04:00,13.644152492802142,13.681460559464838,13.575627057475325,13.613696098327637,200200,0.0,0.0
2023-10-19 00:00:00-04:00,13.64415180015235,13.67460674083998,13.49263516638369,13.666994094848633,412000,0.0,0.0
2023-10-20 00:00:00-04:00,13.6669931780529,13.6669931780529,13.54212371811182,13.583239555358887,320100,0.0,0.0
2023-10-23 00:00:00-04:00,13.621308667257647,13.621308667257647,13.331980213445863,13.507100105285645,479300,0.0,0.0
2023-10-24 00:00:00-04:00,13.392892755312472,13.499487229167258,13.37005045995468,13.469032287597656,357700,0.0,0.0
2023-10-25 00:00:00-04:00,13.522329132920335,13.708869456764031,13.485782042302581,13.666994094848633,619200,0.0,0.0
2023-10-26 00:00:00-04:00,13.7050640158528,13.712678114574953,13.529944101965816,13.651766777038574,614700,0.0,0.0
2023-10-27 00:00:00-04:00,13.69744892684481,13.69744892684481,13.476645888829172,13.552783966064453,526100,0.0,0.0
2023-10-30 00:00:00-04:00,13.606082809118206,13.657856644141615,13.347970251432567,13.491872787475586,312900,0.0,0.0
2023-10-31 00:00:00-04:00,13.408120302160063,13.720291062377832,13.392892105993168,13.705062866210938,714100,0.0,0.0
2023-11-01 00:00:00-04:00,13.705062750609686,13.925867236445049,13.590854184802748,13.773588180541992,910600,0.0,0.0
2023-11-02 00:00:00-04:00,13.895413125998623,13.963938567182822,13.7431340450913,13.93348217010498,608700,0.0,0.0
2023-11-03 00:00:00-04:00,13.933478585995523,14.04768859341824,13.811655933502491,13.97916316986084,707300,0.0,0.0
2023-11-06 00:00:00-05:00,14.00962194890252,14.123830535405556,13.796432974694447,13.887799263000488,443700,0.0,0.0
2023-11-07 00:00:00-05:00,13.849727710955657,13.899217169728349,13.499486463212644,13.682220458984375,840100,0.0,0.0
2023-11-08 00:00:00-05:00,13.623564973210325,13.686130079621803,13.287276966872449,13.420228004455566,806900,0.475,0.0
2023-11-09 00:00:00-05:00,13.451510678007404,13.553178411822381,13.31073882220995,13.318559646606445,324800,0.0,0.0
2023-11-10 00:00:00-05:00,13.388946533235982,13.443690816261746,13.169967909463091,13.248174667358398,666100,0.0,0.0
2023-11-13 00:00:00-05:00,13.232533879557321,13.42805004119873,13.216892228625225,13.42805004119873,321300,0.0,0.0
2023-11-14 00:00:00-05:00,13.44369168301143,13.678310480153996,13.412408381168458,13.568821907043457,579600,0.0,0.0
2023-11-15 00:00:00-05:00,13.568823043532932,13.701774104161338,13.50703956138719,13.545360565185547,299200,0.0,0.0
2023-11-16 00:00:00-05:00,13.545358399633514,13.555525621125579,13.224712038499243,13.537537574768066,825200,0.0,0.0
2023-11-17 00:00:00-05:00,13.647028327095429,13.88164711834313,13.615745026038459,13.670489311218262,599600,0.0,0.0
2023-11-20 00:00:00-05:00,13.678310136482505,13.725233596398066,13.584463216651383,13.670489311218262,376800,0.0,0.0
2023-11-21 00:00:00-05:00,13.615745991383914,13.643118135914479,13.451513124200524,13.529718399047852,287800,0.0,0.0
2023-11-22 00:00:00-05:00,13.498436138952613,13.71741477959149,13.498436138952613,13.686131477355957,257700,0.0,0.0
2023-11-24 00:00:00-05:00,13.670489127591956,13.881646931880486,13.670489127591956,13.834723472595215,238400,0.0,0.0
2023-11-27 00:00:00-05:00,13.834725306125547,13.850365466846858,13.748697709642995,13.803442001342773,293200,0.0,0.0
2023-11-28 00:00:00-05:00,13.76433805490457,13.905109929718503,13.733054753092615,13.779979705810547,257700,0.0,0.0
2023-11-29 00:00:00-05:00,13.803440429139533,13.889468015823594,13.772158619589812,13.842544555664062,215200,0.0,0.0
2023-11-30 00:00:00-05:00,13.842545884516827,13.920751161733609,13.647029708134783,13.725234985351562,989400,0.0,0.0
2023-12-01 00:00:00-05:00,13.709592739277435,13.801093257701956,13.60010268282452,13.60792350769043,467300,0.0,0.0
2023-12-04 00:00:00-05:00,13.529718245295971,13.529718245295971,13.248175977371037,13.271636962890625,577900,0.0,0.0
2023-12-05 00:00:00-05:00,13.24817448155509,13.287277114119416,12.763293782740424,12.778935432434082,1258100,0.0,0.0
2023-12-06 00:00:00-05:00,12.732012233974855,12.732012233974855,12.403544296241629,12.505212783813477,1689700,0.0,0.0
2023-12-07 00:00:00-05:00,12.520853219813091,12.62252095169239,12.434825644759274,12.497390747070312,575700,0.0,0.0
2023-12-08 00:00:00-05:00,12.552137786981493,12.759385945969271,12.552137786981493,12.74765396118164,417200,0.0,0.0
2023-12-11 00:00:00-05:00,12.700728231389924,12.700728231389924,12.520853741213958,12.583418846130371,478700,0.0,0.0
2023-12-12 00:00:00-05:00,12.528675258831157,12.607663652219884,12.450468500442067,12.505212783813477,395600,0.0,0.0
2023-12-13 00:00:00-05:00,12.48957144318139,12.563867786471207,12.240875034197211,12.520853996276855,636800,0.0,0.0
2023-12-14 00:00:00-05:00,12.591240111119642,13.009644544571172,12.591240111119642,12.778935432434082,585000,0.0,0.0
2023-12-15 00:00:00-05:00,12.755472177953031,12.825858105600885,12.599060165589806,12.685086250305176,472300,0.0,0.0
2023-12-18 00:00:00-05:00,12.825859765810653,12.89624570256943,12.700729543055031,12.818038940429688,307300,0.0,0.0
2023-12-19 00:00:00-05:00,12.825859326355301,12.911886910928429,12.724191583226043,12.90406608581543,555700,0.0,0.0
2023-12-20 00:00:00-05:00,12.88842469026606,12.994003593873002,12.833680405063179,12.98227310180664,489000,0.0,0.0
2023-12-21 00:00:00-05:00,12.982273972511877,13.029979070672526,12.900157539200105,13.021376609802246,494500,0.0,0.0
2023-12-22 00:00:00-05:00,13.029196561741983,13.080031180146044,12.98227310180664,12.98227310180664,479100,0.0,0.0
2023-12-26 00:00:00-05:00,13.021376253869024,13.044838730603907,12.340980091091945,12.356621742248535,1395800,0.0,0.0
2023-12-27 00:00:00-05:00,12.356620406066941,12.544316470474627,12.34097875660176,12.520853996276855,885900,0.0,0.0
2023-12-28 00:00:00-05:00,12.427006592131873,12.520854253345071,12.32533810602551,12.387903213500977,840700,0.0,0.0
2023-12-29 00:00:00-05:00,12.340978627902267,12.49739139174842,12.325337724435096,12.48175048828125,664900,0.0,0.0
2024-01-02 00:00:00-05:00,12.473930229624825,12.739833058980748,12.438737262933227,12.505212783813477,496800,0.0,0.0
2024-01-03 00:00:00-05:00,12.63034292097034,12.677266379040141,12.45828924693452,12.614701271057129,667000,0.0,0.0
2024-01-04 00:00:00-05:00,12.669446682856487,12.677266015919281,12.434826415888155,12.520853996276855,508600,0.0,0.0
2024-01-05 00:00:00-05:00,12.591242460081467,12.630345099940596,12.48253551026939,12.552138328552246,519300,0.0,0.0
2024-01-08 00:00:00-05:00,12.544315886679192,12.685086250305176,12.395723207014864,12.685086250305176,667000,0.0,0.0
2024-01-09 00:00:00-05:00,12.68508797688667,12.724192104052277,12.544317594100272,12.708550453186035,358600,0.0,0.0
2024-01-10 00:00:00-05:00,12.716371278619157,12.763294739547955,12.556829721457325,12.708550453186035,807000,0.0,0.0
2024-01-11 00:00:00-05:00,12.700730590475501,12.720281909705342,12.575600357400475,12.638165473937988,266800,0.0,0.0
2024-01-12 00:00:00-05:00,12.71637058212988,12.80239816551246,12.69290810711558,12.78675651550293,214200,0.0,0.0
2024-01-16 00:00:00-05:00,12.685088421789676,12.747653535779058,12.567779019518332,12.622523307800293,308300,0.0,0.0
2024-01-17 00:00:00-05:00,12.552136163074119,12.622522096013736,12.505212705004318,12.614701271057129,267000,0.0,0.0
2024-01-18 00:00:00-05:00,12.645985784922555,12.645985784922555,12.497393079821528,12.622523307800293,223600,0.0,0.0
2024-01-19 00:00:00-05:00,12.606880989958427,12.685086250305176,12.549790314570254,12.685086250305176,343700,0.0,0.0
2024-01-22 00:00:00-05:00,12.692908364994773,12.747652649470519,12.599061446370602,12.724191665649414,226400,0.0,0.0
2024-01-23 00:00:00-05:00,12.716371524916736,12.85714340209961,12.716371524916736,12.85714340209961,306800,0.0,0.0
2024-01-24 00:00:00-05:00,12.857143924963475,12.888425736904058,12.782846824723308,12.802399635314941,308200,0.0,0.0
2024-01-25 00:00:00-05:00,12.896246910095215,12.896246910095215,12.794579153962943,12.896246910095215,285900,0.0,0.0
2024-01-26 00:00:00-05:00,12.857142369616863,12.990093410538607,12.857142369616863,12.966630935668945,472900,0.0,0.0
2024-01-29 00:00:00-05:00,12.958811502676507,12.970541995536445,12.841502099067142,12.950990676879883,311500,0.0,0.0
2024-01-30 00:00:00-05:00,12.96663222936823,12.995569135427573,12.904067115143425,12.93535041809082,372000,0.0,0.0
2024-01-31 00:00:00-05:00,12.90406774669898,12.911888572818597,12.788321608466706,12.825860977172852,329800,0.0,0.0
2024-02-01 00:00:00-05:00,12.8336794527861,12.950988839754883,12.700728416442871,12.700728416442871,530400,0.0,0.0
2024-02-02 00:00:00-05:00,12.70855097501114,12.786757740883667,12.637383399818434,12.653806686401367,406900,0.0,0.0
2024-02-05 00:00:00-05:00,12.52867469035254,12.630342427476373,12.270592697712775,12.48175048828125,924200,0.0,0.0
2024-02-06 00:00:00-05:00,12.466109226029793,12.575598537038996,12.438737084736221,12.528675079345703,323100,0.0,0.0
2024-02-07 00:00:00-05:00,12.559956237086878,12.581072314040226,12.466108580723393,12.473929405212402,455800,0.0,0.0
2024-02-08 00:00:00-05:00,12.513033429557998,12.614701169838433,12.458289146970854,12.528675079345703,582600,0.0,0.0
2024-02-09 00:00:00-05:00,12.567776673628945,12.630341775939984,12.419184742098938,12.497390747070312,1221000,0.0,0.0
2024-02-12 00:00:00-05:00,12.286236496370394,12.485663084850033,11.934307529691337,12.348801612854004,1451000,0.0,0.0
2024-02-13 00:00:00-05:00,12.301877402573787,12.395725823134221,12.215850553867579,12.348801612854004,599700,0.0,0.0
2024-02-14 00:00:00-05:00,12.364441356413234,12.501302061449486,12.33315880299996,12.419185638427734,597000,0.0,0.0
2024-02-15 00:00:00-05:00,12.399032743007902,12.566718117629897,12.342600460714802,12.358723640441895,763600,0.475,0.0
2024-02-16 00:00:00-05:00,12.33453627460428,12.423215669281747,12.237794907092848,12.261980056762695,679300,0.0,0.0
2024-02-20 00:00:00-05:00,12.253918174869122,12.366783488886094,12.004003165817899,12.020126342773438,1038800,0.0,0.0
2024-02-21 00:00:00-05:00,12.012064662374737,12.382906967366777,11.995941485026599,12.270042419433594,634500,0.0,0.0
2024-02-22 00:00:00-05:00,12.302290676436304,12.479649487767178,12.253919602271067,12.431279182434082,586000,0.0,0.0
2024-02-23 00:00:00-05:00,12.439340377075986,12.455463554899694,12.33453703030956,12.415154457092285,459500,0.0,0.0
2024-02-26 00:00:00-05:00,12.390968987548018,12.495772331621467,12.302289589716057,12.471587181091309,675500,0.0,0.0
2024-02-27 00:00:00-05:00,12.423216141157852,12.568328582352889,12.358721893700519,12.495772361755371,594900,0.0,0.0
2024-02-28 00:00:00-05:00,12.50383626982476,12.600577655981182,12.479650346661508,12.519959449768066,626300,0.0,0.0
2024-02-29 00:00:00-05:00,12.552205742372326,12.56026771622306,12.245857655533698,12.278104782104492,569700,0.0,0.0
2024-03-01 00:00:00-05:00,12.374846204012028,12.378876421868602,12.132992384516374,12.149115562438965,650900,0.0,0.0
2024-03-04 00:00:00-05:00,12.149116781765887,12.244245924436166,12.037057954603322,12.221673011779785,628800,0.0,0.0
2024-03-05 00:00:00-05:00,12.213609535575662,12.472393032011944,12.197486358017706,12.407093048095703,510500,0.0,0.0
2024-03-06 00:00:00-05:00,12.495772115809913,12.51028305211098,12.33453650034007,12.44740104675293,309400,0.0,0.0
2024-03-07 00:00:00-05:00,12.479649220969558,12.632823645191367,12.455464068820055,12.53608226776123,404900,0.0,0.0
2024-03-08 00:00:00-05:00,12.536081344382895,12.640884687754006,12.503834220948097,12.560266494750977,290200,0.0,0.0
2024-03-11 00:00:00-04:00,12.503833659772482,12.584451080325312,12.439339415797406,12.568327903747559,300100,0.0,0.0
2024-03-12 00:00:00-04:00,12.4474033291563,12.517541584357758,12.253920555114746,12.253920555114746,786600,0.0,0.0
2024-03-13 00:00:00-04:00,12.28616871898343,12.479651509322004,12.28616871898343,12.342601776123047,320900,0.0,0.0
2024-03-14 00:00:00-04:00,12.342598686487703,12.495772331621467,12.342598686487703,12.471587181091309,341200,0.0,0.0
2024-03-15 00:00:00-04:00,12.471589141105952,12.560268552874623,12.432085774138852,12.519959449768066,583000,0.0,0.0
2024-03-18 00:00:00-04:00,12.519957641957461,12.6368539472041,12.4474014206088,12.608637809753418,434100,0.0,0.0
2024-03-19 00:00:00-04:00,12.536083212689114,12.785998264346695,12.495774110180161,12.7134428024292,510700,0.0,0.0
2024-03-20 00:00:00-04:00,12.673131552980584,12.721501852731228,12.632822457300344,12.665069580078125,417400,0.0,0.0
2024-03-21 00:00:00-04:00,12.697316137873884,12.729563259216789,12.63282189518807,12.673130989074707,295700,0.0,0.0
2024-03-22 00:00:00-04:00,12.657008735706246,12.673132682948813,12.577197042052624,12.648946762084961,208600,0.0,0.0
2024-03-25 00:00:00-04:00,12.648947324665906,12.850492061169286,12.640886119518209,12.818244934082031,359200,0.0,0.0
2024-03-26 00:00:00-04:00,12.818245723799997,12.840819406100755,12.648948103953634,12.657010078430176,249200,0.0,0.0
2024-03-27 00:00:00-04:00,12.697317396656986,12.76987361907959,12.697317396656986,12.76987361907959,220900,0.0,0.0
2024-03-28 00:00:00-04:00,12.802119739121038,12.898861105149818,12.745687467812258,12.882737159729004,461800,0.0,0.0
2024-04-01 00:00:00-04:00,12.882737264193485,12.983509617394619,12.802119842931804,12.971417427062988,513500,0.0,0.0
2024-04-02 00:00:00-04:00,12.971419674482009,13.293890953063965,12.963357700309418,13.293890953063965,898400,0.0,0.0
2024-04-03 00:00:00-04:00,13.293889919956397,13.406754474272956,13.265673781377258,13.398694038391113,304400,0.0,0.0
2024-04-04 00:00:00-04:00,13.414816233474815,13.430940180309328,13.326137601213395,13.374507904052734,576900,0.0,0.0
2024-04-05 00:00:00-04:00,13.374507400246602,13.430939674377441,13.358383454019462,13.430939674377441,282600,0.0,0.0
2024-04-08 00:00:00-04:00,13.414817312255296,13.46318915664876,13.310014724731444,13.310014724731445,322700,0.0,0.0
2024-04-09 00:00:00-04:00,13.2535819935449,13.414816856384277,13.22939607217007,13.414816856384277,284700,0.0,0.0
2024-04-10 00:00:00-04:00,13.414817490324156,13.43497319458781,13.221334723174982,13.293890953063965,298900,0.0,0.0
2024-04-11 00:00:00-04:00,13.301950968690003,13.390631133867121,13.019788064851634,13.092344284057617,363400,0.0,0.0
2024-04-12 00:00:00-04:00,13.181025828119692,13.253582054915881,12.898862894763877,12.947233200073242,325400,0.0,0.0
2024-04-15 00:00:00-04:00,12.955294292626947,13.027850514487548,12.669101160656897,12.681193351745605,353800,0.0,0.0
2024-04-16 00:00:00-04:00,12.616700835924489,12.657009939031047,12.495774295437009,12.519959449768066,328000,0.0,0.0
2024-04-17 00:00:00-04:00,12.528018558615617,12.725532272944925,12.519956586071885,12.673130989074707,491400,0.0,0.0
2024-04-18 00:00:00-04:00,12.205549059550247,12.479649245048437,12.12493086045352,12.38290786743164,1340300,0.0,0.0
2024-04-19 00:00:00-04:00,12.382907815318825,12.717472033147626,12.382907815318825,12.511897087097168,602900,0.0,0.0
2024-04-22 00:00:00-04:00,12.519959150147347,12.648947661935697,12.41515579211127,12.600577354431152,592700,0.0,0.0
2024-04-23 00:00:00-04:00,12.657008977044507,12.874677655976859,12.648947003269502,12.697318077087402,566200,0.0,0.0
2024-04-24 00:00:00-04:00,12.7295645211968,12.842429841502193,12.665070272117173,12.76987361907959,438000,0.0,0.0
2024-04-25 00:00:00-04:00,12.737625598389641,12.98754137261455,12.71344044889434,12.971417427062988,382300,0.0,0.0
2024-04-26 00:00:00-04:00,12.94723380027183,13.035913978836874,12.834369236763122,12.97948169708252,599100,0.0,0.0
2024-04-29 00:00:00-04:00,12.979478963983201,13.084281531220878,12.923852430063134,13.07621955871582,239000,0.0,0.0
2024-04-30 00:00:00-04:00,13.084281832581487,13.084281832581487,12.834366829824747,12.858551979064941,405700,0.0,0.0
2024-05-01 00:00:00-04:00,12.8746768495934,12.919016164914543,12.713441228352671,12.834367752075195,303700,0.0,0.0
2024-05-02 00:00:00-04:00,12.90692422824932,13.06815908383605,12.83436800505282,13.060098648071289,346700,0.0,0.0
2024-05-03 00:00:00-04:00,13.035913284704773,13.245519989820128,13.003665389611209,13.213272094726562,639400,0.0,0.0
2024-05-06 00:00:00-04:00,13.21327254260748,13.463189125061035,13.205210568560819,13.463189125061035,759200,0.0,0.0
2024-05-07 00:00:00-04:00,13.100406958522813,13.547836488363249,13.0842830116883,13.374507904052734,1010900,0.0,0.0
2024-05-08 00:00:00-04:00,13.430940961160067,13.640547669202292,13.358384733850668,13.390632629394531,823700,0.0,0.0
2024-05-09 00:00:00-04:00,13.33701928212583,13.58858359455569,13.33701928212583,13.45249080657959,490500,0.375,0.0
2024-05-10 00:00:00-04:00,13.444242803411903,13.485483757850544,13.172059583433876,13.213299751281738,353600,0.0,0.0
2024-05-13 00:00:00-04:00,13.180307886826649,13.196804269727407,12.858636286170174,12.89162826538086,514400,0.0,0.0
2024-05-14 00:00:00-04:00,12.883378940642464,13.11432277480226,12.883378940642464,12.957611083984375,542000,0.0,0.0
2024-05-15 00:00:00-04:00,12.998851167900396,13.229795787174243,12.941114619786555,13.106075286865234,490300,0.0,0.0
2024-05-16 00:00:00-04:00,13.11432304833292,13.34526767390038,13.089579262233112,13.14731502532959,549200,0.0,0.0
2024-05-17 00:00:00-04:00,13.24629093563715,13.510226751198399,13.178657500888198,13.386507034301758,599100,0.0,0.0
2024-05-20 00:00:00-04:00,13.403003416069724,13.45249098819207,13.29578008094105,13.386507034301758,313200,0.0,0.0
2024-05-21 00:00:00-04:00,13.328772457254978,13.378260033780599,13.246292114257812,13.246292114257812,332800,0.0,0.0
2024-05-22 00:00:00-04:00,13.262788635123888,13.337020787273488,13.08215748440832,13.25454044342041,393700,0.0,0.0
2024-05-23 00:00:00-04:00,13.262788099840227,13.328772057623247,13.044215748064708,13.04833984375,358600,0.0,0.0
2024-05-24 00:00:00-04:00,13.097827894385935,13.173709522693745,12.871007356625492,12.932868003845215,499300,0.0,0.0
2024-05-28 00:00:00-04:00,12.916371264248774,13.386507135934288,12.784403355466228,13.295780181884766,829600,0.0,0.0
2024-05-29 00:00:00-04:00,13.2132999787051,13.2132999787051,12.98235534941843,13.073083877563477,318800,0.0,0.0
2024-05-30 00:00:00-04:00,13.16381161911773,13.16381161911773,13.023595517976107,13.073083877563477,397900,0.0,0.0
2024-05-31 00:00:00-04:00,13.031842506849536,13.287530899047852,13.0070987226338,13.287530899047852,1203400,0.0,0.0
2024-06-03 00:00:00-04:00,13.205052611969476,13.205052611969476,12.924620392180913,13.064836502075195,368100,0.0,0.0
2024-06-04 00:00:00-04:00,13.015347618721924,13.048339596989514,12.792651962063392,13.023595809936523,407900,0.0,0.0
2024-06-05 00:00:00-04:00,13.11432241344195,13.11432241344195,13.02359467774112,13.089578628540039,205600,0.0,0.0
2024-06-06 00:00:00-04:00,13.097825824094386,13.254537498689933,13.05658566133008,13.2297945022583,191000,0.0,0.0
2024-06-07 00:00:00-04:00,13.213299405830073,13.213299405830073,13.05658692942348,13.106075286865234,197600,0.0,0.0
2024-06-10 00:00:00-04:00,13.08957822852228,13.44424175658027,13.08957822852228,13.361763000488281,362300,0.0,0.0
2024-06-11 00:00:00-04:00,13.304026026526676,13.41949911988721,13.122570555790803,13.403002738952637,283900,0.0,0.0
2024-06-12 00:00:00-04:00,13.427748727532956,13.427748727532956,13.271860585657159,13.353516578674316,291500,0.0,0.0
2024-06-13 00:00:00-04:00,13.312275423130238,13.312275423130238,12.974107449239735,13.023595809936523,307300,0.0,0.0
2024-06-14 00:00:00-04:00,13.056588070428706,13.106076432195211,12.809147834777832,12.809147834777832,403700,0.0,0.0
2024-06-17 00:00:00-04:00,12.924619968108454,12.924619968108454,12.809147650045821,12.875131607055664,212200,0.0,0.0
2024-06-18 00:00:00-04:00,12.941115131924743,12.990603491324975,12.899875750113802,12.91637134552002,137000,0.0,0.0
2024-06-20 00:00:00-04:00,12.842139019157848,13.031843476502289,12.809147042218482,12.982355117797852,485600,0.0,0.0
2024-06-21 00:00:00-04:00,13.007100307666166,13.007100307666166,12.866884202372544,12.875131607055664,525100,0.0,0.0
2024-06-24 00:00:00-04:00,12.858635072837972,13.139067262962818,12.850386882165887,13.106075286865234,322300,0.0,0.0
2024-06-25 00:00:00-04:00,13.040091528401488,13.0549376425592,12.866883454668196,12.974106788635254,275600,0.0,0.0
2024-06-26 00:00:00-04:00,12.883380073930482,12.974107820112158,12.809147924058731,12.89162826538086,299200,0.0,0.0
2024-06-27 00:00:00-04:00,12.850387665279454,12.949363599603885,12.80090009141264,12.932868003845215,295600,0.0,0.0
2024-06-28 00:00:00-04:00,12.924617767333984,13.073082038621381,12.908121387595083,12.924617767333984,419700,0.0,0.0
2024-07-01 00:00:00-04:00,12.94936190398489,13.155561936808187,12.94936190398489,13.031842231750488,366400,0.0,0.0
2024-07-02 00:00:00-04:00,13.0318437090058,13.16381161911773,13.00709992250751,13.073083877563477,452600,0.0,0.0
2024-07-03 00:00:00-04:00,13.064836226491167,13.221548716168957,13.031844247599656,13.04833984375,275900,0.0,0.0
2024-07-05 00:00:00-04:00,13.031843269710626,13.056587055374818,12.759659267632221,12.883378982543945,604600,0.0,0.0
2024-07-08 00:00:00-04:00,12.833892115382957,12.883379689426615,12.734915394114026,12.858635902404785,232300,0.0,0.0
2024-07-09 00:00:00-04:00,12.84213892935977,12.858635311009492,12.710171022525083,12.726667404174805,429600,0.0,0.0
2024-07-10 00:00:00-04:00,12.718419798296408,12.858635902404785,12.677179628866154,12.858635902404785,687300,0.0,0.0
2024-07-11 00:00:00-04:00,12.866883277893066,12.987304030113398,12.84213870584915,12.866883277893066,210500,0.0,0.0
2024-07-12 00:00:00-04:00,12.957611126127285,12.963384702335288,12.792651244048065,12.883378982543945,221600,0.0,0.0
2024-07-15 00:00:00-04:00,12.908123861690788,12.969984510977799,12.875131882480103,12.89162826538086,266200,0.0,0.0
2024-07-16 00:00:00-04:00,12.883379368116795,12.949363322923245,12.875131177118291,12.91637134552002,293100,0.0,0.0
2024-07-17 00:00:00-04:00,12.891627063346224,12.982354801068311,12.866883277893066,12.866883277893066,284200,0.0,0.0
2024-07-18 00:00:00-04:00,12.924619354801653,12.998851499562923,12.835541095724441,12.982355117797852,458500,0.0,0.0
2024-07-19 00:00:00-04:00,12.99060206786769,13.04009042184519,12.874305419258942,13.031842231750488,220300,0.0,0.0
2024-07-22 00:00:00-04:00,12.932867589088074,12.98235516136782,12.850387253167458,12.908123016357422,192300,0.0,0.0
2024-07-23 00:00:00-04:00,12.866881939993066,12.899873912697021,12.734913262586572,12.767905235290527,225800,0.0,0.0
2024-07-24 00:00:00-04:00,12.75965889340812,12.833891034814329,12.594699016166958,12.611194610595703,571300,0.0,0.0
2024-07-25 00:00:00-04:00,12.619443325914096,12.743163042342452,12.594699539946578,12.652435302734375,233000,0.0,0.0
2024-07-26 00:00:00-04:00,12.627691901165125,12.718419643535036,12.495723203275986,12.68542766571045,577200,0.0,0.0
2024-07-29 00:00:00-04:00,12.718418656083019,12.726666846546479,12.446234663514726,12.520466804504395,339200,0.0,0.0
2024-07-30 00:00:00-04:00,12.611194579903662,12.644186555271602,12.372002561838416,12.446234703063965,538700,0.0,0.0
2024-07-31 00:00:00-04:00,12.512219084887324,12.56088230922595,12.372002988094986,12.40499496459961,422000,0.0,0.0
2024-08-01 00:00:00-04:00,12.429738793012922,12.470978960433007,12.182299361673952,12.33076286315918,706000,0.0,0.0
2024-08-02 00:00:00-04:00,12.297771135258346,12.297771135258346,11.852379048613262,11.95135498046875,892800,0.0,0.0
2024-08-05 00:00:00-04:00,11.769900480177624,11.827636248593496,11.497715661639294,11.712163925170898,875400,0.0,0.0
2024-08-06 00:00:00-04:00,11.753403449704866,12.16250460890241,11.753403449704866,12.058579444885254,789500,0.0,0.0
2024-08-07 00:00:00-04:00,12.248283845489556,12.248283845489556,11.951355256475,11.967851638793945,567100,0.0,0.0
2024-08-08 00:00:00-04:00,12.05033120779499,12.1658035244198,11.976099847026331,12.132811546325684,460600,0.0,0.0
2024-08-09 00:00:00-04:00,12.128578336289426,12.170897333734358,12.001622151122367,12.060868263244629,456000,0.375,0.0
2024-08-12 00:00:00-04:00,12.103188164210405,12.153970319201093,11.97623116239808,12.120115280151367,573300,0.0,0.0
2024-08-13 00:00:00-04:00,12.103189306683412,12.23014551331189,12.018551297485843,12.170899391174316,320100,0.0,0.0
2024-08-14 00:00:00-04:00,12.187825951799267,12.28939188106252,12.13704379433548,12.204753875732422,378100,0.0,0.0
2024-08-15 00:00:00-04:00,12.272462794264497,12.433274020552767,12.204752719283356,12.331708908081055,408600,0.0,0.0
2024-08-16 00:00:00-04:00,12.340172763910479,12.534839833195413,12.314781687801228,12.517911911010742,502500,0.0,0.0
2024-08-19 00:00:00-04:00,12.534840080940791,12.633019125748424,12.47559315929121,12.619477272033691,1142100,0.0,0.0
2024-08-20 00:00:00-04:00,12.568696652665164,12.58139178893611,12.352870457212529,12.40788459777832,464500,0.0,0.0
2024-08-21 00:00:00-04:00,12.433273764645516,12.61947687059502,12.40788268884214,12.58562183380127,327000,0.0,0.0
2024-08-22 00:00:00-04:00,12.619476920326626,12.636404842374086,12.500984694665409,12.526375770568848,240100,0.0,0.0
2024-08-23 00:00:00-04:00,12.543302885448558,12.602549805446916,12.46712885057049,12.526375770568848,340600,0.0,0.0
2024-08-26 00:00:00-04:00,12.526376622202099,12.687187856747322,12.517912660602928,12.53484058380127,223000,0.0,0.0
2024-08-27 00:00:00-04:00,12.534840190773865,12.56023126760744,12.382492115436854,12.433274269104004,228800,0.0,0.0
2024-08-28 00:00:00-04:00,12.39095562286017,12.543302885448558,12.39095562286017,12.526375770568848,343900,0.0,0.0
2024-08-29 00:00:00-04:00,12.602550850577973,12.754898125800537,12.551767887391907,12.69565200805664,332700,0.0,0.0
2024-08-30 00:00:00-04:00,12.653331252406522,12.653331252406522,12.50098399830456,12.62794017791748,218200,0.0,0.0
2024-09-03 00:00:00-04:00,12.619476359717698,12.619476359717698,12.362177929067915,12.382491111755371,314400,0.0,0.0
2024-09-04 00:00:00-04:00,12.382492532910774,12.441738649909185,12.145507257749326,12.179362297058105,355700,0.0,0.0
2024-09-05 00:00:00-04:00,12.289391638459168,12.357101718519454,12.069333474679329,12.103188514709473,206100,0.0,0.0
2024-09-06 00:00:00-04:00,12.086259540530857,12.162433575769322,11.80695528276832,11.93391227722168,641900,0.0,0.0
2024-09-09 00:00:00-04:00,11.933912933584125,12.018550127373636,11.815419893677449,11.891593933105469,558700,0.0,0.0
2024-09-10 00:00:00-04:00,11.933912222970665,12.357100588222565,11.82388315114504,12.348636627197266,1211500,0.0,0.0
2024-09-11 00:00:00-04:00,12.441736872078122,12.509446941020416,12.255533778902967,12.399417877197266,396200,0.0,0.0
2024-09-12 00:00:00-04:00,12.458665797699906,12.517911911010742,12.348636725002814,12.517911911010742,244000,0.0,0.0
2024-09-13 00:00:00-04:00,12.526377040095385,12.602551082693559,12.348637876422254,12.39095687866211,295300,0.0,0.0
2024-09-16 00:00:00-04:00,12.458665447068219,12.611012706603875,12.44173752535996,12.60254955291748,266800,0.0,0.0
2024-09-17 00:00:00-04:00,12.602550657065203,12.729506852329225,12.585622733873839,12.644868850708008,320700,0.0,0.0
2024-09-18 00:00:00-04:00,12.59408659390971,12.76336178861929,12.59408659390971,12.653332710266113,241300,0.0,0.0
2024-09-19 00:00:00-04:00,12.78029001097748,12.82260820527008,12.670260930047517,12.69565200805664,263400,0.0,0.0
2024-09-20 00:00:00-04:00,12.721042890733543,12.737970813924907,12.551767694658912,12.644868850708008,785100,0.0,0.0
2024-09-23 00:00:00-04:00,12.754897269749367,12.754897269749367,12.636405042214239,12.687187194824219,256400,0.0,0.0
2024-09-24 00:00:00-04:00,12.704115065801432,12.729506142003816,12.61101310777976,12.636404991149902,262100,0.0,0.0
2024-09-25 00:00:00-04:00,12.687186287447815,12.687186287447815,12.467128156095564,12.62794017791748,453600,0.0,0.0
2024-09-26 00:00:00-04:00,12.543303738232636,12.678723895148151,12.458666543744343,12.53484058380127,595000,0.0,0.0
2024-09-27 00:00:00-04:00,12.627941928587097,12.729507047791413,12.5686958108432,12.69565200805664,254400,0.0,0.0
2024-09-30 00:00:00-04:00,12.653332649168368,12.788752804282144,12.611013648903365,12.780289649963379,343600,0.0,0.0
2024-10-01 00:00:00-04:00,12.69565204519358,12.864927244362597,12.64148382002593,12.8141450881958,326200,0.0,0.0
2024-10-02 00:00:00-04:00,12.822606939073523,12.856461975465205,12.695650754396652,12.831070899963379,155000,0.0,0.0
2024-10-03 00:00:00-04:00,12.822608086622825,12.92417401205517,12.770133300178557,12.881855010986328,194000,0.0,0.0
2024-10-04 00:00:00-04:00,12.890317358816505,13.017274354078326,12.890317358816505,12.991883277893066,292500,0.0,0.0
2024-10-07 00:00:00-04:00,12.966492098310718,13.17385431394197,12.932637059170265,13.000347137451172,617000,0.0,0.0
2024-10-08 00:00:00-04:00,12.941099563669486,12.941099563669486,12.776056367338466,12.797215461730957,294200,0.0,0.0
2024-10-09 00:00:00-04:00,12.771825635917558,12.881854713286652,12.712579520091042,12.8395357131958,221100,0.0,0.0
2024-10-10 00:00:00-04:00,12.847998169866047,12.941099313427506,12.805679174731676,12.87338924407959,186100,0.0,0.0
2024-10-11 00:00:00-04:00,12.941101733149699,12.962260831089356,12.80568156913306,12.898782730102539,358900,0.0,0.0
2024-10-14 00:00:00-04:00,12.890317265849813,12.890317265849813,12.661795967495076,12.754897117614746,444800,0.0,0.0
2024-10-15 00:00:00-04:00,12.695651970219947,12.7210430481534,12.492521732416703,12.57715892791748,354900,0.0,0.0
2024-10-16 00:00:00-04:00,12.636405194552935,12.695651309034744,12.549227846480822,12.619477272033691,270400,0.0,0.0
2024-10-17 00:00:00-04:00,12.61947676880407,12.78028879765306,12.610166896090401,12.771824836730957,209400,0.0,0.0
2024-10-18 00:00:00-04:00,12.69565160849349,12.729506647162761,12.623709550425316,12.661796569824219,299000,0.0,0.0
2024-10-21 00:00:00-04:00,12.687186590048528,12.754896661746058,12.594085443256356,12.670259475708008,246800,0.0,0.0
2024-10-22 00:00:00-04:00,12.70411491394043,12.729505989839296,12.594085842155009,12.70411491394043,204800,0.0,0.0
2024-10-23 00:00:00-04:00,12.695651257716932,12.7295062954508,12.568695068006871,12.678723335266113,341600,0.0,0.0
2024-10-24 00:00:00-04:00,12.695651402806984,12.805680478491444,12.5678484926467,12.788752555847168,332900,0.0,0.0
2024-10-25 00:00:00-04:00,12.780288239187145,12.822606427612982,12.594085142876187,12.62794017791748,332100,0.0,0.0
2024-10-28 00:00:00-04:00,12.568694617918457,12.58562173259534,12.33170855510015,12.416346549987793,543200,0.0,0.0
2024-10-29 00:00:00-04:00,12.450200832487832,12.539069995286708,12.382490763545537,12.399417877197266,407500,0.0,0.0
2024-10-30 00:00:00-04:00,12.399418579553387,12.509447649609056,12.39095542583198,12.475592613220215,173700,0.0,0.0
2024-10-31 00:00:00-04:00,12.5094484016389,12.561923993704985,12.416347247764564,12.492521286010742,162200,0.0,0.0
2024-11-01 00:00:00-04:00,12.526375721204142,12.623708851090209,12.467128801439268,12.58562183380127,324500,0.0,0.0
2024-11-04 00:00:00-05:00,12.6956518131143,13.118840206884775,12.578005491304845,12.644868850708008,336900,0.0,0.0
2024-11-05 00:00:00-05:00,12.526376119681169,12.72612108526872,12.424811006069023,12.619477272033691,602400,0.0,0.0
2024-11-06 00:00:00-05:00,12.695650355745121,12.873389493012262,12.526375179102063,12.797215461730957,887900,0.0,0.0
2024-11-07 00:00:00-05:00,12.831072133514104,13.085832053483715,12.737970976278374,13.051130294799805,639500,0.0,0.0
2024-11-08 00:00:00-05:00,13.055466704339683,13.055466704339683,12.88197229785172,13.00341796875,741900,0.375,0.0
2024-11-11 00:00:00-05:00,12.968718871582643,13.012092679304304,12.777874613979273,12.986068725585938,816400,0.0,0.0
2024-11-12 00:00:00-05:00,12.986069533871733,13.098841110052613,12.964382215017741,13.064142227172852,363200,0.0,0.0
2024-11-13 00:00:00-05:00,13.098841789700263,13.220287472437455,12.934021467004545,13.14221477508545,383500,0.0,0.0
2024-11-14 00:00:00-05:00,13.142214177294035,13.307034492492676,13.142214177294035,13.307034492492676,431100,0.0,0.0
2024-11-15 00:00:00-05:00,13.341733614729026,13.376432498452788,13.194263152081383,13.202938079833984,353200,0.0,0.0
2024-11-18 00:00:00-05:00,13.194262901313794,13.307034478094362,13.121395495064792,13.159564018249512,313000,0.0,0.0
2024-11-19 00:00:00-05:00,13.116189487121817,13.116189487121817,12.942695081330507,13.055466651916504,433100,0.0,0.0
2024-11-20 00:00:00-05:00,13.02944402033996,13.176913659765601,13.01209416435655,13.14221477508545,265300,0.0,0.0
2024-11-21 00:00:00-05:00,13.176912757570527,13.341733068981348,13.107514992961741,13.315709114074707,634600,0.0,0.0
2024-11-22 00:00:00-05:00,13.315708740832529,13.51522710166859,13.294021422946052,13.497878074645996,550500,0.0,0.0
2024-11-25 00:00:00-05:00,13.532576276532613,13.532576276532613,13.289683292118797,13.341732025146484,374800,0.0,0.0
2024-11-26 00:00:00-05:00,13.341733068981348,13.341733068981348,13.194262612366028,13.315709114074707,541400,0.0,0.0
2024-11-27 00:00:00-05:00,13.307033791987166,13.376431554537596,13.150888412605404,13.350407600402832,446600,0.0,0.0
2024-11-29 00:00:00-05:00,13.40245592374072,13.480528615849478,13.385106896209113,13.463179588317871,144600,0.0,0.0
2024-12-02 00:00:00-05:00,13.350408137846976,13.515227623717701,13.272335445013143,13.506552696228027,329500,0.0,0.0
2024-12-03 00:00:00-05:00,13.532577353017523,13.584625262898953,13.437154806090545,13.463179588317871,431300,0.0,0.0
2024-12-04 00:00:00-05:00,13.463180272489614,13.463180272489614,13.029443807431882,13.124865531921387,773900,0.0,0.0
2024-12-05 00:00:00-05:00,13.090165443714591,13.163900669083366,13.072815589610606,13.081490516662598,234500,0.0,0.0
2024-12-06 00:00:00-05:00,13.055467675047343,13.116190515011382,12.691128980689806,12.734502792358398,717600,0.0,0.0
2024-12-09 00:00:00-05:00,12.717152110575206,12.968719209165387,12.717152110575206,12.777874946594238,413700,0.0,0.0
2024-12-10 00:00:00-05:00,12.760526483077083,12.829924249388975,12.465585562608224,12.543658256530762,881200,0.0,0.0
2024-12-11 00:00:00-05:00,12.534983273975557,12.691128661136199,12.430886624964005,12.595706939697266,953400,0.0,0.0
2024-12-12 00:00:00-05:00,12.578355868050897,12.70847645990922,12.500283182021285,12.67377758026123,630200,0.0,0.0
2024-12-13 00:00:00-05:00,12.656429037224378,12.708476945039953,12.578356348214434,12.613055229187012,747900,0.0,0.0
2024-12-16 00:00:00-05:00,12.639079892870692,12.639079892870692,12.266067108289768,12.300765991210938,1188400,0.0,0.0
2024-12-17 00:00:00-05:00,12.257392326632516,12.309440237990463,11.953776476993493,12.22269344329834,2339100,0.0,0.0
2024-12-18 00:00:00-05:00,12.179319310462956,12.344138795123182,12.031848853368045,12.083897590637207,746100,0.0,0.0
2024-12-19 00:00:00-05:00,12.179318709024468,12.231367443723363,12.023173332214355,12.023173332214355,586600,0.0,0.0
2024-12-20 00:00:00-05:00,12.092572156113679,12.205343735130944,12.049199171888047,12.144620895385742,807800,0.0,0.0
2024-12-23 00:00:00-05:00,12.08389812235741,12.240042686462402,12.014500354469266,12.240042686462402,579800,0.0,0.0
2024-12-24 00:00:00-05:00,12.370164315701585,12.370164315701585,12.19666989326056,12.335465431213379,226900,0.0,0.0
2024-12-26 00:00:00-05:00,12.352813865957339,12.352813865957339,12.170644524330319,12.274741172790527,413200,0.0,0.0
2024-12-27 00:00:00-05:00,12.240042289970457,12.331994370807973,12.120331433791538,12.274741172790527,605400,0.0,0.0
2024-12-30 00:00:00-05:00,12.187994429588286,12.46558549329229,12.17931950202588,12.448236465454102,778100,0.0,0.0
2024-12-31 00:00:00-05:00,12.439562646695482,12.673779920751096,12.417008329394815,12.665105819702148,435100,0.0,0.0
2025-01-02 00:00:00-05:00,12.66510382348115,12.734501584654753,12.508958447197259,12.69112777709961,1122900,0.0,0.0
2025-01-03 00:00:00-05:00,12.699803189853558,12.751851099081382,12.613055571425049,12.63040542602539,906800,0.0,0.0
2025-01-06 00:00:00-05:00,12.72582714446747,12.789152624642837,12.591369080461222,12.63040542602539,346500,0.0,0.0
2025-01-07 00:00:00-05:00,12.7518514633513,12.812575128900534,12.534983238371563,12.569682121276855,479800,0.0,0.0
2025-01-08 00:00:00-05:00,12.508959689034091,12.691129037021447,12.413537964768961,12.682454109191895,340900,0.0,0.0
2025-01-10 00:00:00-05:00,12.82992296009126,13.02944213865295,12.82992296009126,13.020767211914062,565600,0.0,0.0
2025-01-13 00:00:00-05:00,12.916671904497933,13.35040835871804,12.916671904497933,13.254985809326172,454600,0.0,0.0
2025-01-14 00:00:00-05:00,13.254985087059346,13.28968396841474,13.129201952378514,13.150888442993164,294700,0.0,0.0
2025-01-15 00:00:00-05:00,13.168238266886304,13.39378058153191,13.133539385611089,13.350407600402832,323100,0.0,0.0
2025-01-16 00:00:00-05:00,13.367758292771681,13.454505920410156,13.315710378017947,13.454505920410156,237200,0.0,0.0
2025-01-17 00:00:00-05:00,13.454505125968002,13.532577820775368,13.385107358869595,13.523902893066406,347200,0.0,0.0
2025-01-21 00:00:00-05:00,13.480529229082094,13.52824050471598,13.359082721689768,13.445830345153809,319600,0.0,0.0
2025-01-22 00:00:00-05:00,13.402456269943938,13.454505008456469,13.238503777737757,13.254985809326172,188900,0.0,0.0
2025-01-23 00:00:00-05:00,13.324383827014206,13.411131450408275,13.272335914807083,13.298359870910645,378900,0.0,0.0
2025-01-24 00:00:00-05:00,13.350408759542747,13.350408759542747,13.163901946262671,13.220287322998047,389400,0.0,0.0
2025-01-27 00:00:00-05:00,13.254984584356231,13.254984584356231,12.925344810338476,12.942694664001465,405700,0.0,0.0
2025-01-28 00:00:00-05:00,13.003418383778643,13.05546712102956,12.803900016771127,12.847273826599121,370700,0.0,0.0
2025-01-29 00:00:00-05:00,12.847273573989806,12.89151437931824,12.673778338089175,12.803899765014648,420400,0.0,0.0
2025-01-30 00:00:00-05:00,12.907996410183069,12.96004431912398,12.73189935793601,12.803899765014648,178900,0.0,0.0
2025-01-31 00:00:00-05:00,12.838599396985487,12.855948425217415,12.456910848443318,12.561007499694824,462300,0.0,0.0
2025-02-03 00:00:00-05:00,12.561005965281796,12.74317528954036,12.482066283260586,12.725826263427734,441600,0.0,0.0
2025-02-04 00:00:00-05:00,12.725827305941312,13.012093292186485,12.578356849113602,12.968719482421875,603000,0.0,0.0
2025-02-05 00:00:00-05:00,12.97739415699821,12.986069084239444,12.855947657480721,12.925345420837402,380100,0.0,0.0
2025-02-06 00:00:00-05:00,12.968719246376331,12.994743200846786,12.665104238123421,12.803899765014648,593000,0.0,0.0
2025-02-07 00:00:00-05:00,12.855948324153173,12.951370874181894,12.756189137565546,12.812575340270996,252500,0.0,0.0
2025-02-10 00:00:00-05:00,12.960044909696828,13.159564109159753,12.907996998384158,13.133540153503418,527000,0.0,0.0
2025-02-11 00:00:00-05:00,13.142214163074058,13.2376367119658,13.090166252120952,13.159564018249512,295100,0.0,0.0
2025-02-12 00:00:00-05:00,13.176911756781312,13.207274000367422,12.977393405506168,13.020767211914062,240100,0.0,0.0
2025-02-13 00:00:00-05:00,13.012092363358242,13.171707376252021,12.960043629898726,13.116189002990723,284400,0.0,0.0
2025-02-14 00:00:00-05:00,13.18558837229774,13.22462472033587,13.098841575658186,13.124865531921387,331900,0.0,0.0
2025-02-18 00:00:00-05:00,13.218263844296128,13.331233577595576,13.093731615953718,13.31611156463623,459500,0.375,0.0
2025-02-19 00:00:00-05:00,13.298320613905751,13.698604347427644,13.284978360052731,13.636338233947754,968900,0.0,0.0
2025-02-20 00:00:00-05:00,13.609653247274787,13.663023960759613,13.440644008511045,13.529596328735352,438100,0.0,0.0
2025-02-21 00:00:00-05:00,13.431749734900256,13.51625350773001,13.16489361698135,13.28942584991455,445000,0.0,0.0
2025-02-24 00:00:00-05:00,13.253845090746177,13.422854333030111,13.218264331577803,13.28942584991455,591500,0.0,0.0
2025-02-25 00:00:00-05:00,13.218263369846358,13.485119468349408,13.058150389394248,13.440643310546875,951500,0.0,0.0
2025-02-26 00:00:00-05:00,13.476225371231678,13.511806131254453,13.22360222956364,13.48512077331543,964200,0.0,0.0
2025-02-27 00:00:00-05:00,13.440643181477286,13.56072855189731,13.280530202562732,13.494014739990234,744800,0.0,0.0
2025-02-28 00:00:00-05:00,13.378378162573762,13.458435082724298,13.231607425068516,13.30721664428711,813700,0.0,0.0
2025-03-03 00:00:00-05:00,13.342797094755825,13.369482451417923,12.835771076615007,12.96030330657959,601700,0.0,0.0
2025-03-04 00:00:00-05:00,12.720134099160434,13.000332480294087,12.720134099160434,12.915828704833984,636800,0.0,0.0
2025-03-05 00:00:00-05:00,12.898037537847726,13.022570619467619,12.72013374147089,13.004779815673828,446200,0.0,0.0
2025-03-06 00:00:00-05:00,13.04036044150545,13.06259894602012,12.862456646949129,13.058151245117188,391700,0.0,0.0
2025-03-07 00:00:00-05:00,13.058150528635144,13.22715891211235,12.995883567722775,13.120416641235352,362800,0.0,0.0
2025-03-10 00:00:00-04:00,13.120417009899244,13.182683124249037,12.791294786702624,13.01367473602295,531600,0.0,0.0
2025-03-11 00:00:00-04:00,13.084836214411494,13.378377678807436,13.022570100240289,13.31611156463623,517500,0.0,0.0
2025-03-12 00:00:00-04:00,13.431750880707634,13.663025410875033,13.302770087524328,13.520702362060547,587100,0.0,0.0
2025-03-13 00:00:00-04:00,13.449539569576007,13.547386444332496,13.164893498784624,13.209369659423828,256400,0.0,0.0
2025-03-14 00:00:00-04:00,13.262741297519314,13.431750550060256,13.170231148404747,13.360589027404785,298600,0.0,0.0
2025-03-17 00:00:00-04:00,13.440643897171062,13.529596216658502,13.378377782517168,13.43174934387207,319100,0.0,0.0
2025-03-18 00:00:00-04:00,13.48512076353339,13.55628228352732,13.42285464561676,13.502911567687988,196500,0.0,0.0
2025-03-19 00:00:00-04:00,13.55628130912759,13.80534745951618,13.538491354563932,13.654129028320312,599900,0.0,0.0
2025-03-20 00:00:00-04:00,13.582967992334819,13.698604821856025,13.549166144328732,13.645234107971191,157600,0.0,0.0
2025-03-21 00:00:00-04:00,13.68081559136651,13.68081559136651,13.494016386250047,13.582968711853027,390200,0.0,0.0
2025-03-24 00:00:00-04:00,13.600758908445162,13.716396594448591,13.574073549617374,13.62744426727295,223000,0.0,0.0
2025-03-25 00:00:00-04:00,13.609653123513857,13.72529079942901,13.547386160598196,13.565176963806152,172900,0.0,0.0
2025-03-26 00:00:00-04:00,13.636338225444481,13.707499740323458,13.591862066567078,13.654129028320312,223300,0.0,0.0
2025-03-27 00:00:00-04:00,13.680814515964185,13.680814515964185,13.520700681789723,13.600757598876953,256200,0.0,0.0
2025-03-28 00:00:00-04:00,13.565176972653154,13.642565100371423,13.440643895052803,13.547386169433594,217900,0.0,0.0
2025-03-31 00:00:00-04:00,13.502911788472794,13.633670638235746,13.449540223448556,13.582968711853027,211400,0.0,0.0
2025-04-01 00:00:00-04:00,13.618549346923828,13.636339302893125,13.529597022140628,13.618549346923828,121500,0.0,0.0
2025-04-02 00:00:00-04:00,13.565177075159038,13.68526245286193,13.565177075159038,13.663023948669434,211600,0.0,0.0
2025-04-03 00:00:00-04:00,13.387274175711214,13.547387175010961,13.244951132639327,13.262741088867188,475600,0.0,0.0
2025-04-04 00:00:00-04:00,13.067046522737565,13.075941925036384,12.204212859246343,12.426592826843262,1519000,0.0,0.0
2025-04-07 00:00:00-04:00,11.892879581187662,12.542229473961394,11.385853568481405,12.026308059692383,854800,0.0,0.0
2025-04-08 00:00:00-04:00,12.22200248633411,12.416807210545013,11.59044336143731,11.661604881286621,705700,0.0,0.0
2025-04-09 00:00:00-04:00,11.563758381626062,12.835772075064853,11.464131741592594,12.675658226013184,727000,0.0,0.0
2025-04-10 00:00:00-04:00,12.515542161301381,12.563576137850847,12.035201547494628,12.17752456665039,295800,0.0,0.0
2025-04-11 00:00:00-04:00,12.230898094353172,12.622286460115086,12.061889693943135,12.462173461914062,508600,0.0,0.0
2025-04-14 00:00:00-04:00,12.56001891165849,12.657865779883691,12.284268261063765,12.43548583984375,675600,0.0,0.0
2025-04-15 00:00:00-04:00,12.43548714029077,12.551124823001864,12.4176971843495,12.479963302612305,261700,0.0,0.0
2025-04-16 00:00:00-04:00,12.453276967739585,12.71123767099599,12.453276967739585,12.648971557617188,369400,0.0,0.0
2025-04-17 00:00:00-04:00,12.604495595341062,13.049255493981715,12.604495595341062,13.01367473602295,237400,0.0,0.0
2025-04-21 00:00:00-04:00,12.835771345798022,12.898037462086117,12.711238264909623,12.737923622131348,214300,0.0,0.0
2025-04-22 00:00:00-04:00,12.791295275197136,12.986989875599935,12.711238354654528,12.871352195739746,205800,0.0,0.0
2025-04-23 00:00:00-04:00,12.906932955057325,12.960303669877588,12.773504471382239,12.871352195739746,193400,0.0,0.0
2025-04-24 00:00:00-04:00,12.99588456473979,12.99588456473979,12.746819246919026,12.817980766296387,183400,0.0,0.0
2025-04-25 00:00:00-04:00,12.800190677104586,12.898037553149877,12.733476011110934,12.871352195739746,114700,0.0,0.0
2025-04-28 00:00:00-04:00,12.915828455795902,13.009227631602153,12.880246847893837,12.986989974975586,190100,0.0,0.0
2025-04-29 00:00:00-04:00,12.942514325641506,13.018123548801366,12.817981237992251,12.826876640319824,179400,0.0,0.0
2025-04-30 00:00:00-04:00,12.809085291100825,12.826876094999614,12.462173098196615,12.551124572753906,408600,0.0,0.0
2025-05-01 00:00:00-04:00,12.515543535450096,12.853561167213858,12.515543535450096,12.791295051574707,205300,0.0,0.0
2025-05-02 00:00:00-04:00,12.951409349667717,12.969199305490974,12.76016244677236,12.933618545532227,238300,0.0,0.0
2025-05-05 00:00:00-04:00,12.88914279254057,12.898038194890608,12.675658226013184,12.675658226013184,289500,0.0,0.0
2025-05-06 00:00:00-04:00,12.319850419818822,12.56002034127648,12.275374257085998,12.462173461914062,641400,0.0,0.0
2025-05-07 00:00:00-04:00,12.435486467333966,12.459503882114033,12.124155044555664,12.124155044555664,798500,0.0,0.0
2025-05-08 00:00:00-04:00,12.329959082859935,12.522043056575088,12.30251876441834,12.393987655639648,387100,0.375,0.0
2025-05-09 00:00:00-04:00,12.467162796298332,12.54948462642188,12.357400646904278,12.540337562561035,321800,0.0,0.0
2025-05-12 00:00:00-04:00,12.842181892416134,12.878769270421973,12.6757090171804,12.714125633239746,451600,0.0,0.0
2025-05-13 00:00:00-04:00,12.71412596941542,12.823888978647094,12.67753859044217,12.750713348388672,347700,0.0,0.0
2025-05-14 00:00:00-04:00,12.750714713758233,12.75986177755901,12.5952189907051,12.631806373596191,437900,0.0,0.0
2025-05-15 00:00:00-04:00,12.631806790011813,12.6501000459044,12.512897573617836,12.576925277709961,294300,0.0,0.0
2025-05-16 00:00:00-04:00,12.576924861163132,12.640952563134663,12.421428265821971,12.476309776306152,411400,0.0,0.0
2025-05-19 00:00:00-04:00,12.47630944306543,12.485455634308487,12.302518724767468,12.439722061157227,272400,0.0,0.0
2025-05-20 00:00:00-04:00,12.430575701956146,12.499176937882181,12.388499730605963,12.4671630859375,293100,0.0,0.0
2025-05-21 00:00:00-04:00,12.467161873718577,12.567776951806195,12.320812352023152,12.339105606079102,327700,0.0,0.0
2025-05-22 00:00:00-04:00,12.320812225341797,12.36654666847937,12.183608895929076,12.320812225341797,289300,0.0,0.0
2025-05-23 00:00:00-04:00,12.256783782047435,12.439721556478675,12.256783782047435,12.339105606079102,225300,0.0,0.0
2025-05-27 00:00:00-04:00,12.366546965083106,12.430574663624204,12.302518394230042,12.4031343460083,274400,0.0,0.0
2025-05-28 00:00:00-04:00,12.439721556478675,12.55862988862224,12.284224971599295,12.339105606079102,346800,0.0,0.0
2025-05-29 00:00:00-04:00,12.412280328752189,12.503749215686492,12.366546757596991,12.38484001159668,295400,0.0,0.0
2025-05-30 00:00:00-04:00,12.348253454479734,12.357400518245342,12.192756859712436,12.211050987243652,290600,0.0,0.0
2025-06-02 00:00:00-04:00,12.247638866243328,12.46716317164054,12.247638866243328,12.375694274902344,250700,0.0,0.0
2025-06-03 00:00:00-04:00,12.37569386153258,12.586071968078613,12.37569386153258,12.586071968078613,218600,0.0,0.0
2025-06-04 00:00:00-04:00,12.540337310923082,12.659246521791914,12.375693653979775,12.412281036376953,245300,0.0,0.0
2025-06-05 00:00:00-04:00,12.512896865302553,12.512896865302553,12.357400273613525,12.393987655639648,188000,0.0,0.0
2025-06-06 00:00:00-04:00,12.375693573696703,12.558630484495856,12.375693573696703,12.50374984741211,281600,0.0,0.0
2025-06-09 00:00:00-04:00,12.512897491455078,12.558631067042272,12.4763101075981,12.512897491455078,180700,0.0,0.0
2025-06-10 00:00:00-04:00,12.540336735420953,12.704980384808419,12.540336735420953,12.558629989624023,269300,0.0,0.0
2025-06-11 00:00:00-04:00,12.586072380979966,12.741568981955064,12.55863118858762,12.686687469482422,310900,0.0,0.0
2025-06-12 00:00:00-04:00,12.677539413148322,12.732420921325684,12.622658777282942,12.732420921325684,155700,0.0,0.0
2025-06-13 00:00:00-04:00,12.759861239258374,12.851330128783314,12.613511713868052,12.732420921325684,707200,0.0,0.0
2025-06-16 00:00:00-04:00,12.668393285254155,12.759861302923495,12.30709212937111,12.32995891571045,773800,0.0,0.0
2025-06-17 00:00:00-04:00,12.485456049862563,12.519300011680278,12.220197304121466,12.229344367980957,609200,0.0,0.0
2025-06-18 00:00:00-04:00,12.275077253419033,12.329957884970417,12.009818541422248,12.064699172973633,530200,0.0,0.0
2025-06-20 00:00:00-04:00,12.07384739748352,12.128728906627826,11.954938187930857,12.08299446105957,753600,0.0,0.0
2025-06-23 00:00:00-04:00,12.137875663967906,12.201903362760861,11.817735425379187,11.845175743103027,614800,0.0,0.0
2025-06-24 00:00:00-04:00,11.845175743103027,12.000672330724752,11.707973282171846,11.845175743103027,747600,0.0,0.0
2025-06-25 00:00:00-04:00,11.881763114344958,11.913776963714957,11.689679145812988,11.689679145812988,753400,0.0,0.0
2025-06-26 00:00:00-04:00,11.717121331163387,11.799442291259766,11.707974267048662,11.799442291259766,706400,0.0,0.0
2025-06-27 00:00:00-04:00,11.909205188075157,11.94579257182896,11.799442164501714,11.9366455078125,302100,0.0,0.0
2025-06-30 00:00:00-04:00,11.900056928187325,11.986951410675303,11.868043079658918,11.96408462524414,258900,0.0,0.0
2025-07-01 00:00:00-04:00,11.900058410340517,12.062871966652558,11.881764281867492,12.018967628479004,332600,0.0,0.0
2025-07-02 00:00:00-04:00,12.037260095898167,12.078421009953345,11.945792076462663,11.991525650024414,990000,0.0,0.0
2025-07-03 00:00:00-04:00,11.936645547954432,12.073848019414582,11.936645547954432,12.046407699584961,411900,0.0,0.0
2025-07-07 00:00:00-04:00,11.973231739453245,12.238490464222048,11.950364081612516,12.073846817016602,515100,0.0,0.0
2025-07-08 00:00:00-04:00,12.04640777843198,12.41228161959515,12.04640777843198,12.265932083129883,429300,0.0,0.0
2025-07-09 00:00:00-04:00,12.20190421387919,12.261358385146611,12.128729446636811,12.137876510620117,230900,0.0,0.0
2025-07-10 00:00:00-04:00,12.119581928704369,12.174463438236538,11.982379463341951,12.147022247314453,258000,0.0,0.0
2025-07-11 00:00:00-04:00,12.101287636279778,12.247638035597687,12.073847318044166,12.174463272094727,270000,0.0,0.0
2025-07-14 00:00:00-04:00,12.119582133038945,12.17903630308185,11.959512005876029,12.009819984436035,1074700,0.0,0.0
2025-07-15 00:00:00-04:00,12.055553838484407,12.069273561190343,11.826882488724458,11.845175743103027,423500,0.0,0.0
2025-07-16 00:00:00-04:00,11.85432213361622,11.93938824773748,11.730839402399653,11.772000312805176,452300,0.0,0.0
2025-07-17 00:00:00-04:00,11.680532459585843,11.69242294357118,11.296364538808877,11.32380485534668,1396900,0.0,0.0
2025-07-18 00:00:00-04:00,11.223190971289643,11.305511929642257,11.08598762941123,11.140869140625,1168900,0.0,0.0
2025-07-21 00:00:00-04:00,11.159161806484462,11.177455933359699,10.957930772416754,10.976224899291992,741400,0.0,0.0
2025-07-22 00:00:00-04:00,10.976225315998143,11.140868974877959,10.957931188428379,11.0768404006958,546800,0.0,0.0
2025-07-23 00:00:00-04:00,11.131721872698146,11.296365531010082,11.049400043542176,11.278071403503418,577300,0.0,0.0
2025-07-24 00:00:00-04:00,11.241483688354492,11.278071069973802,11.138124313472145,11.241483688354492,525400,0.0,0.0
2025-07-25 00:00:00-04:00,11.25063083791651,11.323805601714993,11.123489620393249,11.305511474609375,437900,0.0,0.0
2025-07-28 00:00:00-04:00,11.314658214195527,11.470154800893047,11.314658214195527,11.424420356750488,402800,0.0,0.0
2025-07-29 00:00:00-04:00,11.378686574287807,11.506742850871154,11.29636561681853,11.49759578704834,385600,0.0,0.0
2025-07-30 00:00:00-04:00,11.470155590734604,11.479302654655383,11.401554355952829,11.451862335205078,394600,0.0,0.0
2025-07-31 00:00:00-04:00,11.406127435177147,11.506742517375965,11.383259776282875,11.461008071899414,528200,0.0,0.0
2025-08-01 00:00:00-04:00,11.525037434781702,11.534183626654587,11.351246704516095,11.488450050354004,811900,0.0,0.0
2025-08-04 00:00:00-04:00,11.433567919547432,11.561624194278684,11.424420855856912,11.525036811828613,442100,0.0,0.0
2025-08-05 00:00:00-04:00,11.735413253719193,11.74456031679464,11.57076960760893,11.653091430664062,505200,0.0,0.0
2025-08-06 00:00:00-04:00,11.689679641329715,11.845176235414215,11.579917493560423,11.634799003601074,567600,0.0,0.0
2025-08-07 00:00:00-04:00,11.691004683182229,11.83433268834437,11.428706741713762,11.475545883178711,562300,0.3,0.0
2025-08-08 00:00:00-04:00,11.494282280393184,11.579528823863718,11.353764851312802,11.428707122802734,474600,0.0,0.0
2025-08-11 00:00:00-04:00,11.400603223799015,11.466177483575105,11.203879551088459,11.297557830810547,397400,0.0,0.0
2025-08-12 00:00:00-04:00,11.335029417800836,11.634798495500586,11.335029417800836,11.578591346740723,445700,0.0,0.0
2025-08-13 00:00:00-04:00,11.531753659667888,11.85962588101482,11.486787938471396,11.850257873535156,532700,0.0,0.0
2025-08-14 00:00:00-04:00,11.812786420486066,11.85025755601835,11.634798750053305,11.662901878356934,555400,0.0,0.0
2025-08-15 00:00:00-04:00,11.709741410582197,11.73784453982053,11.456810567290084,11.503649711608887,438400,0.0,0.0
2025-08-18 00:00:00-04:00,11.503649462318135,11.503649462318135,11.18514435991131,11.194512367248535,565400,0.0,0.0
2025-08-19 00:00:00-04:00,11.213247679186713,11.288189946423161,11.15704053206823,11.16640853881836,343000,0.0,0.0
2025-08-20 00:00:00-04:00,11.147673409425488,11.306925963278628,11.147673409425488,11.288190841674805,401000,0.0,0.0
2025-08-21 00:00:00-04:00,11.297558214801755,11.381867597358474,11.231983059414555,11.36313247680664,313100,0.0,0.0
2025-08-22 00:00:00-04:00,11.35376466065281,11.587959478471678,11.35376466065281,11.56922435760498,256100,0.0,0.0
2025-08-25 00:00:00-04:00,11.541121673941571,11.644167977490472,11.484915411444385,11.52238655090332,503200,0.0,0.0
2025-08-26 00:00:00-04:00,11.438075771168098,11.475546909013254,11.269455204173699,11.353765487670898,564100,0.0,0.0
2025-08-27 00:00:00-04:00,11.34439690958209,11.395920056547512,11.260087523705513,11.306925773620605,628600,0.0,0.0
2025-08-28 00:00:00-04:00,11.288190523477768,11.438075065612793,11.213248252410255,11.438075065612793,572700,0.0,0.0
2025-08-29 00:00:00-04:00,11.372500231426386,11.485849897036498,11.353764217907978,11.3912353515625,1461400,0.0,0.0
2025-09-02 00:00:00-04:00,11.297558594386526,11.438075130084561,11.297558594386526,11.428707122802734,357600,0.0,0.0
2025-09-03 00:00:00-04:00,11.250719073348703,11.372500483773715,11.250719073348703,11.36313247680664,522000,0.0,0.0
2025-09-04 00:00:00-04:00,11.335029161457848,11.46617768329439,11.241350880104061,11.381867408752441,469900,0.0,0.0
2025-09-05 00:00:00-04:00,11.33502979715985,11.38186804708127,11.171093242287824,11.194512367248535,501500,0.0,0.0
2025-09-08 00:00:00-04:00,11.194511665686454,11.241350806054808,11.035259124463426,11.16640853881836,901600,0.0,0.0
2025-09-09 00:00:00-04:00,11.19451292848339,11.447443778974986,11.19451292848339,11.353765487670898,298100,0.0,0.0
2025-09-10 00:00:00-04:00,11.335029729284074,11.653533936401297,11.325661722002945,11.541120529174805,587100,0.0,0.0
2025-09-11 00:00:00-04:00,11.531753287429149,11.794051234716333,11.494282152102409,11.784683227539062,464400,0.0,0.0
2025-09-12 00:00:00-04:00,11.794051618674201,11.832459019939627,11.733160463421962,11.737844467163086,341100,0.0,0.0
2025-09-15 00:00:00-04:00,11.747211078213867,11.859624474490763,11.69100393338429,11.794050216674805,699300,0.0,0.0
2025-09-16 00:00:00-04:00,11.850258368618423,12.02824694463862,11.836207250194262,12.018878936767578,443300,0.0,0.0
2025-09-17 00:00:00-04:00,12.018877733750026,12.168762271154552,11.981406599398893,12.159394264221191,502100,0.0,0.0
2025-09-18 00:00:00-04:00,12.178130467208431,12.178130467208431,12.004825909779164,12.14065933227539,354400,0.0,0.0
2025-09-19 00:00:00-04:00,12.140659396593804,12.178130531725358,12.01887798407067,12.131291389465332,705800,0.0,0.0
2025-09-22 00:00:00-04:00,12.103188514709473,12.131291643300585,12.018878235553784,12.103188514709473,445700,0.0,0.0
2025-09-23 00:00:00-04:00,12.112556144593869,12.39358920851241,12.062906422027103,12.37485408782959,423400,0.0,0.0
2025-09-24 00:00:00-04:00,12.40295740540638,12.552841946692615,12.393589398230406,12.46853256225586,727600,0.0,0.0
2025-09-25 00:00:00-04:00,12.440428858723017,12.47789999500239,12.365486586164266,12.431061744689941,378200,0.0,0.0
2025-09-26 00:00:00-04:00,12.43106092394525,12.646519719980676,12.43106092394525,12.524738311767578,447400,0.0,0.0
2025-09-29 00:00:00-04:00,12.496636074828407,12.506004082292563,12.257757244786598,12.421693801879883,439700,0.0,0.0
2025-09-30 00:00:00-04:00,12.393589782559026,12.393589782559026,12.14065983464066,12.309280395507812,376300,0.0,0.0
2025-10-01 00:00:00-04:00,12.196866983034308,12.506004082292563,12.196866983034308,12.421693801879883,256400,0.0,0.0
2025-10-02 00:00:00-04:00,12.459164815068364,12.497572215879575,12.290544255911534,12.318647384643555,220100,0.0,0.0
2025-10-03 00:00:00-04:00,12.328014884792593,12.524738564587466,12.328014884792593,12.496635437011719,260200,0.0,0.0
2025-10-06 00:00:00-04:00,12.496635941221573,12.674623614225785,12.496635941221573,12.66525650024414,489300,0.0,0.0
2025-10-07 00:00:00-04:00,12.609049413757527,12.655888557434082,12.506004012374994,12.655888557434082,241800,0.0,0.0
2025-10-08 00:00:00-04:00,12.646519719980676,12.646519719980676,12.487267177962186,12.524738311767578,365300,0.0,0.0
2025-10-09 00:00:00-04:00,12.57157815754187,12.618417300771512,12.318647320131214,12.328015327453613,551700,0.0,0.0
2025-10-10 00:00:00-04:00,12.271808947020382,12.271808947020382,11.850257555570208,11.887728691101074,612800,0.0,0.0
2025-10-13 00:00:00-04:00,11.94393616156706,11.990775305583012,11.756580478885619,11.850257873535156,338900,0.0,0.0
2025-10-14 00:00:00-04:00,11.606694923314242,11.719108323146592,11.54111977004199,11.634798049926758,771700,0.0,0.0
2025-10-15 00:00:00-04:00,11.653533490578775,11.803418921195698,11.634798370115604,11.70974063873291,257800,0.0,0.0
2025-10-16 00:00:00-04:00,11.765947915934376,11.7706310260648,11.629177336156285,11.691004753112793,369800,0.0,0.0
2025-10-17 00:00:00-04:00,11.634798873151514,11.775315409538681,11.578591722567237,11.765948295593262,441500,0.0,0.0
2025-10-20 00:00:00-04:00,11.765947790316773,11.840890058955925,11.672269507826678,11.82215404510498,420400,0.0,0.0
2025-10-21 00:00:00-04:00,11.850256985341607,11.981406400079965,11.83152186516887,11.962671279907227,343100,0.0,0.0
2025-10-22 00:00:00-04:00,11.99077472695769,12.11255613816955,11.9345675781744,12.037613868713379,323200,0.0,0.0
2025-10-23 00:00:00-04:00,12.224969482740295,12.28117573786718,12.100377491351248,12.271808624267578,254700,0.0,0.0
2025-10-24 00:00:00-04:00,12.281175929991548,12.318647065123102,12.10318826146225,12.131291389465332,212700,0.0,0.0
2025-10-27 00:00:00-04:00,12.262440365248242,12.32801462600926,12.159394077329729,12.299911499023438,256400,0.0,0.0
2025-10-28 00:00:00-04:00,12.318647386599771,12.318647386599771,12.11255658468909,12.206233978271484,276800,0.0,0.0
2025-10-29 00:00:00-04:00,12.224969610789655,12.318647001443118,12.19686648293185,12.253072738647461,241200,0.0,0.0
2025-10-30 00:00:00-04:00,12.168763589263875,12.365487289261827,12.168763589263875,12.346752166748047,241600,0.0,0.0
2025-10-31 00:00:00-04:00,12.365485254942064,12.393588380780526,12.271807871019767,12.356117248535156,212400,0.0,0.0
2025-11-03 00:00:00-05:00,12.374854020921745,12.379538024412705,12.206233468776455,12.271808624267578,2414400,0.0,0.0
2025-11-04 00:00:00-05:00,12.309279764202866,12.580945713121281,12.271808629641095,12.496635437011719,485100,0.0,0.0
2025-11-05 00:00:00-05:00,12.449796295463926,12.589376562055774,12.4310611748742,12.496635437011719,527700,0.0,0.0
2025-11-06 00:00:00-05:00,12.525386279254642,12.64996942292255,12.391220519870503,12.602052688598633,424200,0.3,0.0
2025-11-07 00:00:00-05:00,12.496635602616076,12.76496801381292,12.458302401016526,12.755385398864746,440200,0.0,0.0
2025-11-10 00:00:00-05:00,12.745802511108801,12.947052058113412,12.717052836946904,12.937468528747559,432600,0.0,0.0
2025-11-11 00:00:00-05:00,12.985384267618162,13.138717069991639,12.956634595657034,13.081216812133789,1000200,0.0,0.0
2025-11-12 00:00:00-05:00,13.071634459633882,13.186634063720703,12.994968056909334,13.186634063720703,437700,0.0,0.0
2025-11-13 00:00:00-05:00,13.205799886632553,13.234550472407543,13.042883556316626,13.090800285339355,724800,0.0,0.0
2025-11-14 00:00:00-05:00,13.062051041156673,13.203883796001717,12.985384637784454,13.16746711730957,383500,0.0,0.0
2025-11-17 00:00:00-05:00,13.148301070907275,13.167467214924605,12.97580120507317,13.014134407043457,386700,0.0,0.0
2025-11-18 00:00:00-05:00,13.033301684521899,13.148301292369748,12.947051750152102,13.119550704956055,342800,0.0,0.0
2025-11-19 00:00:00-05:00,12.99496883893857,13.100384920544796,12.879968313995478,13.071635246276855,367300,0.0,0.0
2025-11-20 00:00:00-05:00,13.090800975708978,13.21538411216398,13.042884244159263,13.129134178161621,580100,0.0,0.0
2025-11-21 00:00:00-05:00,13.13871797421447,13.368717193603516,13.109968300274753,13.368717193603516,473800,0.0,0.0
2025-11-24 00:00:00-05:00,13.387883767470944,13.387883767470944,13.253717104050423,13.301633834838867,318300,0.0,0.0
2025-11-25 00:00:00-05:00,13.272885011903284,13.301634686643162,13.10038513559266,13.177051544189453,346400,0.0,0.0
2025-11-26 00:00:00-05:00,13.224966857092735,13.502882786879416,13.19621718544186,13.387883186340332,440800,0.0,0.0
2025-11-28 00:00:00-05:00,13.292050264996668,13.450174836357078,13.292050264996668,13.445383071899414,94200,0.0,0.0
2025-12-01 00:00:00-05:00,13.50288375369201,13.713716826743866,13.435800877058277,13.665800094604492,751200,0.0,0.0
2025-12-02 00:00:00-05:00,13.617882936632816,13.617882936632816,13.431008692462045,13.445383071899414,429700,0.0,0.0
2025-12-03 00:00:00-05:00,13.49330038343517,13.780799865722656,13.483716854107266,13.780799865722656,534600,0.0,0.0
2025-12-04 00:00:00-05:00,13.752050239849519,13.938924492719979,13.713717036339279,13.914966583251953,427900,0.0,0.0
2025-12-05 00:00:00-05:00,13.905382596789305,14.159339718970628,13.835424479834407,14.116214752197266,413500,0.0,0.0
2025-12-08 00:00:00-05:00,14.097048541225776,14.135381743294234,13.761632337675051,13.847882270812988,258500,0.0,0.0
2025-12-09 00:00:00-05:00,13.819132501012403,14.01079851001304,13.809548972078465,14.001214981079102,353600,0.0,0.0
2025-12-10 00:00:00-05:00,13.895798999425836,14.073090630170876,13.886215470426508,13.991632461547852,248000,0.0,0.0
2025-12-11 00:00:00-05:00,13.838298424414836,13.991632143107411,13.713716206001505,13.895798683166504,563400,0.0,0.0
2025-12-12 00:00:00-05:00,13.972464616716485,13.972464616716485,13.8526732527776,13.962881088256836,341500,0.0,0.0
2025-12-15 00:00:00-05:00,13.962882293596843,13.962882293596843,13.483716796477548,13.512467384338379,827700,0.0,0.0
2025-12-16 00:00:00-05:00,13.50288396623364,13.50288396623364,12.928843717892555,12.937468528747559,600700,0.0,0.0
2025-12-17 00:00:00-05:00,13.014135197437346,13.282467627526122,12.996885575380556,13.177051544189453,631400,0.0,0.0
2025-12-18 00:00:00-05:00,13.32080078533758,13.32080078533758,12.913510833814358,13.042884826660156,512900,0.0,0.0
2025-12-19 00:00:00-05:00,13.129133251768549,13.147341590193946,12.793717982458762,12.841633796691895,830900,0.0,0.0
2025-12-22 00:00:00-05:00,12.860802121692055,13.014134935803062,12.841635062960348,12.937468528747559,411400,0.0,0.0
2025-12-23 00:00:00-05:00,12.937468003102882,13.033301464996413,12.808093103727304,13.014134407043457,350400,0.0,0.0
2025-12-24 00:00:00-05:00,13.023717180945857,13.036175036744512,12.764967397196196,12.841633796691895,166400,0.0,0.0
2025-12-26 00:00:00-05:00,12.764968703482293,12.843552547852394,12.745802558614812,12.793719291687012,253900,0.0,0.0
2025-12-29 00:00:00-05:00,12.784135236785442,12.92788451615747,12.769759943273987,12.87038516998291,352700,0.0,0.0
2025-12-30 00:00:00-05:00,12.860801915165377,13.042884400514287,12.860801915165377,12.966217994689941,348500,0.0,0.0
2025-12-31 00:00:00-05:00,12.86080158722532,12.9135100826114,12.707468779486488,12.736218452453613,541400,0.0,0.0
2026-01-02 00:00:00-05:00,12.69788478781488,12.956634576897173,12.649968058658649,12.947051048278809,324400,0.0,0.0
2026-01-05 00:00:00-05:00,13.052467498194142,13.10134203326222,12.65955195285077,12.889551162719727,335800,0.0,0.0
2026-01-06 00:00:00-05:00,12.937467668725287,12.947051197454073,12.736218135098802,12.784134864807129,301200,0.0,0.0
2026-01-07 00:00:00-05:00,12.889551634479178,12.889551634479178,12.717052677731782,12.822468757629395,316000,0.0,0.0
2026-01-08 00:00:00-05:00,12.899134705506802,13.20580031899568,12.887634653607407,13.16746711730957,366700,0.0,0.0
2026-01-09 00:00:00-05:00,13.157883588404138,13.253717049587221,13.124342151170744,13.16746711730957,190600,0.0,0.0
2026-01-12 00:00:00-05:00,13.186634188734933,13.512466860371081,13.153092751466911,13.445383071899414,405400,0.0,0.0
2026-01-13 00:00:00-05:00,13.598715782165527,13.713716300460979,13.536424672529805,13.598715782165527,313200,0.0,0.0
2026-01-14 00:00:00-05:00,13.550799910394085,13.761632060557265,13.550799910394085,13.608299255371094,200700,0.0,0.0
2026-01-15 00:00:00-05:00,13.541216698888006,13.644716253420341,13.301633956686736,13.560382843017578,295500,0.0,0.0
2026-01-16 00:00:00-05:00,13.579550317875466,13.646633195291372,13.430050550546595,13.502883911132812,224300,0.0,0.0
2026-01-20 00:00:00-05:00,13.56038321242163,13.838299164388502,13.531633538476273,13.64663314819336,487200,0.0,0.0
2026-01-21 00:00:00-05:00,13.867050064753196,14.05871608526739,13.804758036876285,14.02038288116455,519800,0.0,0.0
2026-01-22 00:00:00-05:00,13.972465733375211,14.13538207446697,13.876632268991004,14.077881813049316,396000,0.0,0.0
2026-01-23 00:00:00-05:00,14.135381588123455,14.192881847562747,13.991632310428649,14.010798454284668,308300,0.0,0.0
2026-01-26 00:00:00-05:00,14.07788153691108,14.12196522212252,13.905382583912996,13.982048988342285,247300,0.0,0.0
2026-01-27 00:00:00-05:00,13.982048890819295,14.164131371584949,13.934132159901294,14.135381698608398,159400,0.0,0.0
2026-01-28 00:00:00-05:00,14.135382023868706,14.432465031247801,14.087465291848124,14.365381240844727,601900,0.0,0.0
2026-01-29 00:00:00-05:00,14.54746463973581,14.55704725499141,14.307881893568545,14.365381240844727,358300,0.0,0.0
2026-01-30 00:00:00-05:00,14.365380797100489,14.374964325995702,13.905382377357723,14.154548645019531,406700,0.0,0.0
2026-02-02 00:00:00-05:00,14.049132241817428,14.178507145499392,13.905382958127907,13.924549102783203,468000,0.0,0.0
2026-02-03 00:00:00-05:00,13.924548372751113,14.20246431019984,13.828715826627597,14.173714637756348,399100,0.0,0.0
2026-02-04 00:00:00-05:00,14.250381687931288,14.36058953225347,14.125798549766174,14.35579776763916,249600,0.0,0.0
2026-02-05 00:00:00-05:00,14.231215269734792,14.274340236498613,14.039548344590857,14.259964942932129,303400,0.0,0.0
2026-02-06 00:00:00-05:00,14.279131250382367,14.489964322090419,14.231215432484047,14.374964714050293,362700,0.0,0.0
2026-02-09 00:00:00-05:00,14.374964820259496,14.557047305851098,14.374964820259496,14.499547958374023,382700,0.0,0.0
2026-02-10 00:00:00-05:00,14.489964277672849,14.604963885360453,14.451631075110313,14.51871395111084,287600,0.0,0.0
2026-02-11 00:00:00-05:00,14.614548050912406,14.643297725602373,14.432465559295032,14.566631317138672,424000,0.0,0.0
2026-02-12 00:00:00-05:00,14.557046459759063,14.585797045762193,14.422880714153505,14.480380058288574,369100,0.0,0.0
2026-02-13 00:00:00-05:00,14.442048174901235,14.66246478468614,14.403714970669384,14.566631317138672,356000,0.0,0.0
2026-02-17 00:00:00-05:00,14.585797103636262,14.628922068876475,14.29829764001338,14.614546775817871,580600,0.0,0.0
2026-02-18 00:00:00-05:00,14.761182454783786,14.761182454783786,14.327144809210536,14.5070161819458,743600,0.3,0.0
2026-02-19 00:00:00-05:00,14.624322859702087,14.793441359539331,14.536342158798908,14.761181831359863,443700,0.0,0.0
2026-02-20 00:00:00-05:00,14.761181960857066,14.819835140456757,14.614547147306874,14.731854438781738,539500,0.0,0.0
2026-02-23 00:00:00-05:00,14.76118202162316,14.849161791384876,14.477689166323003,14.526566505432129,350400,0.0,0.0
2026-02-24 00:00:00-05:00,14.643874224294748,14.946918769893434,14.477689588383159,14.888264656066895,706500,0.0,0.0
2026-02-25 00:00:00-05:00,14.90781586964925,14.917591710359071,14.585220584429043,14.66342544555664,368200,0.0,0.0
2026-02-26 00:00:00-05:00,14.526566931708063,14.731854931727126,14.5070161819458,14.5070161819458,393800,0.0,0.0
2026-02-27 00:00:00-05:00,14.59010834985651,14.790508420902432,14.569579643949165,14.761181831359863,348300,0.0,0.0
2026-03-02 00:00:00-05:00,15.103328497063526,15.103328497063526,14.838409358520968,14.888264656066895,590400,0.0,0.0
2026-03-03 00:00:00-05:00,14.976245459017152,14.976245459017152,14.551006627015383,14.614547729492188,769300,0.0,0.0
2026-03-04 00:00:00-05:00,14.594996791745885,14.805172710908948,14.526566837333755,14.780733108520508,292800,0.0,0.0
2026-03-05 00:00:00-05:00,14.849162158723212,15.093552589416504,14.7514065458112,15.093552589416504,929000,0.0,0.0
2026-03-06 00:00:00-05:00,15.103328372437492,15.103328372437492,14.8002847616149,14.849162101745605,790500,0.0,0.0
2026-03-09 00:00:00-04:00,15.0251233496566,15.034899190488943,14.858937784608713,14.946918487548828,399800,0.0,0.0
2026-03-10 00:00:00-04:00,14.937142834704506,14.995796948161258,14.741630676974507,14.780733108520508,596400,0.0,0.0
2026-03-11 00:00:00-04:00,14.810059634542519,15.030011393702017,14.790508884992509,14.986021041870117,445400,0.0,0.0
2026-03-12 00:00:00-04:00,14.995797034738063,15.044675307521633,14.912704250688646,14.956694602966309,294500,0.0,0.0
2026-03-13 00:00:00-04:00,14.956694171335734,15.054449781806264,14.88826421850333,15.04467487335205,271300,0.0,0.0
2026-03-16 00:00:00-04:00,14.995796724935634,15.128744803757883,14.927367703817637,15.08377742767334,366500,0.0,0.0
2026-03-17 00:00:00-04:00,15.09355277137811,15.142431044561127,14.966470566287995,14.995797157287598,443100,0.0,0.0
2026-03-18 00:00:00-04:00,14.946918083573212,15.054449532996232,14.829610793582063,14.966469764709473,426200,0.0,0.0
2026-03-19 00:00:00-04:00,15.005572572235335,15.098440263142642,14.92736771027366,15.015347480773926,648000,0.0,0.0
2026-03-20 00:00:00-04:00,15.034899190488943,15.103328211764369,14.888264374830253,14.946918487548828,582100,0.0,0.0
2026-03-23 00:00:00-04:00,14.819835576928424,14.937142871858207,14.614547577732429,14.643874168395996,541100,0.0,0.0
2026-03-24 00:00:00-04:00,14.741630519239367,14.951806436153552,14.69079726554593,14.87848949432373,297900,0.0,0.0
2026-03-25 00:00:00-04:00,14.682977067548823,14.917591649982041,14.663425386208315,14.86871337890625,303600,0.0,0.0
2026-03-26 00:00:00-04:00,14.95669417726098,15.03489903857858,14.868713475209809,14.976244926452637,297700,0.0,0.0
2026-03-27 00:00:00-04:00,14.986020953716846,15.025123384862352,14.751406366843804,14.810059547424316,537300,0.0,0.0
2026-03-30 00:00:00-04:00,14.858937935331483,15.025123502065084,14.858937935331483,14.91759204864502,304700,0.0,0.0
2026-03-31 00:00:00-04:00,14.868713812567883,14.995796948161258,14.614547541381132,14.780733108520508,466300,0.0,0.0
2026-04-01 00:00:00-04:00,14.634099076760574,14.712303939069507,14.17953273191771,14.360381126403809,632600,0.0,0.0
2026-04-02 00:00:00-04:00,14.42881095603912,14.653649700174757,14.282176141264344,14.32127857208252,631300,0.0,0.0
2026-04-06 00:00:00-04:00,14.291952599599105,14.350606714498582,13.988908980732473,14.135542869567871,516400,0.0,0.0
2026-04-07 00:00:00-04:00,14.174644903567046,14.301728038713467,13.959581064682682,14.086664199829102,452400,0.0,0.0
2026-04-08 00:00:00-04:00,13.94980594497118,14.037785715102455,13.685863837750892,13.871600151062012,435000,0.0,0.0
2026-04-09 00:00:00-04:00,13.949806412490702,14.137497713791703,13.715190887451172,13.715190887451172,386500,0.0,0.0
2026-04-10 00:00:00-04:00,13.695639583131646,13.842273464604595,13.695639583131646,13.764068603515625,200200,0.0,0.0
2026-04-13 00:00:00-04:00,13.822722623043445,13.86182505332647,13.519678089143401,13.588107109069824,833900,0.0,0.0
2026-04-14 00:00:00-04:00,13.549005363538527,13.558781204672211,13.177531790938195,13.197083473205566,616700,0.0,0.0
2026-04-15 00:00:00-04:00,13.412147001496601,13.412147001496601,13.14820489074459,13.324166297912598,284500,0.0,0.0
2026-04-16 00:00:00-04:00,13.314390097088655,13.695639491554749,13.30461425644903,13.588107109069824,411600,0.0,0.0
2026-04-17 00:00:00-04:00,13.294839829827914,13.451249556627571,13.079775989340632,13.363268852233887,647200,0.0,0.0
2026-04-20 00:00:00-04:00,13.373044534686462,13.632097792023925,13.333942103450118,13.46102523803711,271900,0.0,0.0
2026-04-21 00:00:00-04:00,13.480575505158933,13.685863494873047,13.461024756378071,13.685863494873047,257600,0.0,0.0
2026-04-22 00:00:00-04:00,13.705415519297057,13.891151832608175,13.705415519297057,13.871600151062012,183400,0.0,0.0
2026-04-23 00:00:00-04:00,13.930254079830112,14.067113052023053,13.920478239185872,14.037785530090332,241800,0.0,0.0
2026-04-24 00:00:00-04:00,14.047561555875536,14.076888145919295,13.832497720245172,13.871600151062012,186100,0.0,0.0
2026-04-27 00:00:00-04:00,13.940030494740903,14.067113631524856,13.89115222178161,13.988908767700195,256500,0.0,0.0
2026-04-28 00:00:00-04:00,14.067112985511127,14.120878244249285,13.744517703980284,13.793395042419434,341300,0.0,0.0
2026-04-29 00:00:00-04:00,13.896040272273556,13.969357216260464,13.754293372593413,13.95958137512207,220600,0.0,0.0
2026-04-30 00:00:00-04:00,13.803170825993728,14.023122577163123,13.803170825993728,13.998682975769043,341600,0.0,0.0
2026-05-01 00:00:00-04:00,13.90092807097092,14.008459525723937,13.778732854638873,13.920478820800781,225400,0.0,0.0
2026-05-04 00:00:00-04:00,13.940030502906156,14.036809091866525,13.832498115877623,13.920478820800781,293700,0.0,0.0
2026-05-05 00:00:00-04:00,13.793395161630741,13.837385512426547,13.245961135267025,13.382819175720215,624200,0.0,0.0
2026-05-06 00:00:00-04:00,13.402371445164533,13.470800468393708,13.216635125424409,13.265512466430664,558700,0.0,0.0
2026-05-07 00:00:00-04:00,13.294839368503531,13.324165958191971,12.923365814106543,13.069999694824219,988000,0.0,0.0
2026-05-08 00:00:00-04:00,12.989999771118164,13.40999984741211,12.949999809265137,13.300000190734863,538000,0.3,0.0
2026-05-11 00:00:00-04:00,13.329999923706055,13.520000457763672,13.210000038146973,13.380000114440918,579600,0.0,0.0
2026-05-12 00:00:00-04:00,13.489999771118164,13.545000076293945,13.3100004196167,13.520000457763672,468400,0.0,0.0
2026-05-13 00:00:00-04:00,13.5600004196167,13.609999656677246,13.430000305175781,13.550000190734863,251100,0.0,0.0
2026-05-14 00:00:00-04:00,13.529999732971191,13.90999984741211,13.529999732971191,13.779999732971191,488400,0.0,0.0
2026-05-15 00:00:00-04:00,14.0,14.029999732971191,13.770000457763672,14.010000228881836,267900,0.0,0.0
2026-05-18 00:00:00-04:00,14.0,14.095000267028809,13.890000343322754,14.0600004196167,270200,0.0,0.0
2026-05-19 00:00:00-04:00,14.020000457763672,14.1899995803833,13.911999702453613,14.15999984741211,268300,0.0,0.0
2026-05-20 00:00:00-04:00,14.020000457763672,14.25,13.807999610900879,13.930000305175781,359700,0.0,0.0
2026-05-21 00:00:00-04:00,14.0,14.015999794006348,13.829999923706055,13.899999618530273,237300,0.0,0.0
2026-05-22 00:00:00-04:00,13.859999656677246,13.920000076293945,13.75,13.819999694824219,180800,0.0,0.0
2026-05-26 00:00:00-04:00,13.779999732971191,13.84000015258789,13.600000381469727,13.720000267028809,448700,0.0,0.0
2026-05-27 00:00:00-04:00,13.65999984741211,13.65999984741211,13.279999732971191,13.279999732971191,618300,0.0,0.0
2026-05-28 00:00:00-04:00,13.390000343322754,13.390000343322754,13.140000343322754,13.3100004196167,486200,0.0,0.0
2026-05-29 00:00:00-04:00,13.279999732971191,13.579999923706055,13.279999732971191,13.5600004196167,301900,0.0,0.0
2026-06-01 00:00:00-04:00,13.600000381469727,13.760000228881836,13.510000228881836,13.65999984741211,346500,0.0,0.0
2026-06-02 00:00:00-04:00,13.619999885559082,13.640000343322754,13.550000190734863,13.600000381469727,444500,0.0,0.0
2026-06-03 00:00:00-04:00,13.720000267028809,13.930000305175781,13.625,13.920000076293945,299100,0.0,0.0
2026-06-04 00:00:00-04:00,13.859999656677246,13.96500015258789,13.75,13.880000114440918,241100,0.0,0.0
2026-06-05 00:00:00-04:00,13.869999885559082,14.109999656677246,13.779999732971191,13.890000343322754,435900,0.0,0.0
2026-06-08 00:00:00-04:00,13.930000305175781,14.0600004196167,13.850000381469727,13.850000381469727,472400,0.0,0.0
2026-06-09 00:00:00-04:00,13.789999961853027,13.850000381469727,13.5600004196167,13.699999809265137,649300,0.0,0.0
2026-06-10 00:00:00-04:00,13.720000267028809,14.0,13.720000267028809,13.800000190734863,365200,0.0,0.0
2026-06-11 00:00:00-04:00,13.770000457763672,13.9399995803833,13.720000267028809,13.819999694824219,266600,0.0,0.0
2026-06-12 00:00:00-04:00,13.670000076293945,14.050000190734863,13.670000076293945,13.970000267028809,271700,0.0,0.0
2026-06-15 00:00:00-04:00,13.739999771118164,13.850000381469727,13.630000114440918,13.630000114440918,374300,0.0,0.0
2026-06-16 00:00:00-04:00,13.630000114440918,13.800000190734863,13.619999885559082,13.739999771118164,233300,0.0,0.0
2026-06-17 00:00:00-04:00,13.670000076293945,13.850000381469727,13.670000076293945,13.8100004196167,203900,0.0,0.0
2026-06-18 00:00:00-04:00,13.710000038146973,14.039999961853027,13.609999656677246,14.010000228881836,655800,0.0,0.0
2026-06-22 00:00:00-04:00,13.899999618530273,13.954999923706055,13.720000267028809,13.859999656677246,279900,0.0,0.0
2026-06-23 00:00:00-04:00,13.720000267028809,14.210000038146973,13.720000267028809,14.180000305175781,322900,0.0,0.0
2026-06-24 00:00:00-04:00,14.039999961853027,14.170000076293945,13.864999771118164,14.15999984741211,283900,0.0,0.0
2026-06-25 00:00:00-04:00,14.050000190734863,14.119999885559082,13.930000305175781,13.949999809265137,300400,0.0,0.0
2026-06-26 00:00:00-04:00,13.890000343322754,14.109999656677246,13.876999855041504,14.100000381469727,246100,0.0,0.0
2026-06-29 00:00:00-04:00,14.029999732971191,14.109999656677246,13.9399995803833,13.970000267028809,190900,0.0,0.0
2026-06-30 00:00:00-04:00,13.989999771118164,14.0600004196167,13.824999809265137,13.970000267028809,330610,0.0,0.0
