Date,Open,High,Low,Close,Volume,Dividends,Stock Splits
2023-06-30 00:00:00-04:00,30.03325298237804,30.859168441861407,29.80800379982477,30.23973274230957,3471100,0.0,0.0
2023-07-03 00:00:00-04:00,30.23973429354986,31.628771885610675,29.56398492110403,31.20642852783203,613000,0.0,0.0
2023-07-05 00:00:00-04:00,32.14496915019578,34.969970703125,31.98541919701806,34.969970703125,1522500,0.0,0.0
2023-07-06 00:00:00-04:00,33.656018980996194,33.749871476417475,31.73201418291426,32.71747970581055,561000,0.0,0.0
2023-07-07 00:00:00-04:00,32.77379025876141,33.77333689306673,32.745635225764616,32.97088623046875,338900,0.0,0.0
2023-07-10 00:00:00-04:00,33.083507093227155,33.083507093227155,31.910333082829027,32.586082458496094,215800,0.0,0.0
2023-07-11 00:00:00-04:00,32.58608798417736,32.97088898162962,31.844641024618948,32.86764907836914,262500,0.0,0.0
2023-07-12 00:00:00-04:00,32.94271998956212,33.97511511673393,32.94271998956212,33.37445068359375,216400,0.0,0.0
2023-07-13 00:00:00-04:00,32.96882990306715,33.46878524561469,32.96882990306715,33.25182342529297,184400,0.18,0.0
2023-07-14 00:00:00-04:00,32.695267302004055,33.14805764843645,32.47830548590882,32.997127532958984,127300,0.0,0.0
2023-07-17 00:00:00-04:00,32.874497453124086,32.874497453124086,32.478307228164326,32.751869201660156,55700,0.0,0.0
2023-07-18 00:00:00-04:00,32.7613030325003,33.091465174659334,31.81327121636197,32.57263946533203,232500,0.0,0.0
2023-07-19 00:00:00-04:00,32.185876378838906,32.78016527484308,32.185876378838906,32.60093688964844,110600,0.0,0.0
2023-07-20 00:00:00-04:00,31.51612510134404,32.60093779580275,31.51612510134404,32.24247741699219,181000,0.0,0.0
2023-07-21 00:00:00-04:00,32.33680888819319,33.11032622670377,29.9879585988124,31.563291549682617,93400,0.0,0.0
2023-07-24 00:00:00-04:00,31.4217951213072,32.35095652125269,31.4217951213072,32.10097885131836,34300,0.0,0.0
2023-07-25 00:00:00-04:00,32.22832955346083,32.46887207645683,31.789688319495543,31.987783432006836,79500,0.0,0.0
2023-07-26 00:00:00-04:00,31.619885952357237,33.619710640002474,31.619885952357237,33.61027908325195,699300,0.0,0.0
2023-07-27 00:00:00-04:00,33.66687698610552,34.49699435365581,33.534813595497916,33.78950881958008,180800,0.0,0.0
2023-07-28 00:00:00-04:00,34.16683715552774,34.53472907125901,34.00175431263396,34.48756408691406,162700,0.0,0.0
2023-07-31 00:00:00-04:00,34.55359818500779,34.66207729669107,34.14797281424012,34.21400451660156,199500,0.0,0.0
2023-08-01 00:00:00-04:00,34.41209454996868,34.41209454996868,33.53481223541833,33.61027908325195,126700,0.0,0.0
2023-08-02 00:00:00-04:00,33.24239768079492,33.65745467941593,32.53491195227321,32.629241943359375,125600,0.0,0.0
2023-08-03 00:00:00-04:00,32.27077574180255,32.27077574180255,30.99730309707772,31.572725296020508,89600,0.0,0.0
2023-08-04 00:00:00-04:00,32.308513655162535,32.61980909063287,31.978355100989475,32.167015075683594,111800,0.0,0.0
2023-08-07 00:00:00-04:00,32.52547165061548,32.52547165061548,32.119846275863985,32.308509826660156,89400,0.0,0.0
2023-08-08 00:00:00-04:00,31.87459018479257,32.11513273379293,31.393497889875086,32.02552032470703,134500,0.0,0.0
2023-08-09 00:00:00-04:00,31.799116447728522,32.251906769679614,31.22369428906434,32.09154510498047,164900,0.0,0.0
2023-08-10 00:00:00-04:00,32.38397817033797,32.57263813132144,32.25191115980821,32.393409729003906,74900,0.0,0.0
2023-08-11 00:00:00-04:00,32.4688644745225,32.978254871823395,32.36510296258978,32.6103630065918,21500,0.0,0.0
2023-08-14 00:00:00-04:00,32.280211415408395,32.76130004934553,32.280211415408395,32.54433822631836,26400,0.0,0.0
2023-08-15 00:00:00-04:00,32.54433334717033,33.38388224037313,32.36510498070303,33.37445068359375,130400,0.0,0.0
2023-08-16 00:00:00-04:00,33.0631571095757,34.36493152097802,33.0631571095757,34.280033111572266,366000,0.0,0.0
2023-08-17 00:00:00-04:00,34.388521741124926,34.60076600200553,33.45935665532753,33.5631217956543,359400,0.0,0.0
2023-08-18 00:00:00-04:00,33.23295657643942,33.58198179915944,33.09146161512701,33.48765182495117,147000,0.0,0.0
2023-08-21 00:00:00-04:00,33.48766347799272,34.30834605425103,33.393333470959476,34.16685104370117,20300,0.0,0.0
2023-08-22 00:00:00-04:00,34.223433395855224,35.37427771571285,34.157401698662504,35.006385803222656,181700,0.0,0.0
2023-08-23 00:00:00-04:00,35.0724221361406,36.00630117613536,34.82715842975747,35.940269470214844,78000,0.0,0.0
2023-08-24 00:00:00-04:00,36.06290568740903,36.42608371237843,35.0158262261642,35.2327880859375,114800,0.0,0.0
2023-08-25 00:00:00-04:00,35.195052049390114,35.97800091863089,34.8648899395279,35.64784240722656,76900,0.0,0.0
2023-08-28 00:00:00-04:00,35.40257697534981,35.9497008798964,35.40257697534981,35.89310073852539,36100,0.0,0.0
2023-08-29 00:00:00-04:00,36.053470463401716,36.50626085497004,35.7610417611884,36.14780044555664,43200,0.0,0.0
2023-08-30 00:00:00-04:00,36.04403781105294,36.19496795206486,35.421450529571466,35.82707595825195,237300,0.0,0.0
2023-08-31 00:00:00-04:00,35.9968639899775,36.03459741559254,34.968651531941504,35.03468322753906,192600,0.0,0.0
2023-09-01 00:00:00-04:00,35.015824382016945,35.39315152602943,34.64321481688066,34.7516975402832,31500,0.0,0.0
2023-09-05 00:00:00-04:00,34.48757810545693,34.48757810545693,34.138549162823914,34.16685104370117,76800,0.0,0.0
2023-09-06 00:00:00-04:00,34.14797387803703,34.51586583078526,33.598964336907756,33.76121520996094,33100,0.0,0.0
2023-09-07 00:00:00-04:00,33.44048227408367,33.96873581508956,33.44048227408367,33.61027908325195,50500,0.0,0.0
2023-09-08 00:00:00-04:00,33.62915534083217,34.36493932377514,33.46879004289479,34.18571090698242,20400,0.0,0.0
2023-09-11 00:00:00-04:00,34.57246617710612,34.73282786063516,34.34606919031792,34.5818977355957,33200,0.0,0.0
2023-09-12 00:00:00-04:00,34.58189218777589,34.85545412004171,34.2422985613021,34.827152252197266,51400,0.0,0.0
2023-09-13 00:00:00-04:00,35.06298262438011,35.3035287223348,34.17626868467443,34.204566955566406,35100,0.0,0.0
2023-09-14 00:00:00-04:00,34.412097999310994,34.50643156855867,33.86497769150536,34.364933013916016,146900,0.0,0.0
2023-09-15 00:00:00-04:00,34.51586947898344,34.51586947898344,33.80838377247117,34.044212341308594,37600,0.0,0.0
2023-09-18 00:00:00-04:00,33.959307201629194,34.39323081890906,33.73762781497644,33.82724380493164,90900,0.0,0.0
2023-09-19 00:00:00-04:00,34.06307297304665,34.08193968699799,33.445203384585604,33.9404411315918,45800,0.0,0.0
2023-09-20 00:00:00-04:00,33.86497705673417,34.96865280781156,33.86497705673417,34.25173568725586,31300,0.0,0.0
2023-09-21 00:00:00-04:00,34.36493439804465,34.36493439804465,33.23295671068353,33.25182342529297,58900,0.0,0.0
2023-09-22 00:00:00-04:00,33.581977383163775,33.949872870496996,33.25181891839247,33.32728576660156,44000,0.0,0.0
2023-09-25 00:00:00-04:00,33.06315905014983,33.06315905014983,32.072679947920314,32.12928009033203,31200,0.0,0.0
2023-09-26 00:00:00-04:00,32.299078694198926,32.299078694198926,31.270866107186528,31.45952606201172,43100,0.0,0.0
2023-09-27 00:00:00-04:00,31.327463876030645,31.55386086849159,30.65771165428995,30.91240692138672,47200,0.0,0.0
2023-09-28 00:00:00-04:00,30.761477256597797,31.58215961953962,30.761477256597797,31.402931213378906,56000,0.0,0.0
2023-09-29 00:00:00-04:00,31.45952133408191,31.9972100411341,30.987864320986485,31.006731033325195,56400,0.0,0.0
2023-10-02 00:00:00-04:00,30.99730522144122,31.077486064898416,29.89362753427258,30.3841495513916,61700,0.0,0.0
2023-10-03 00:00:00-04:00,30.34641637576744,30.610546801234594,29.44083559877239,29.47856903076172,84400,0.0,0.0
2023-10-04 00:00:00-04:00,29.506869650026278,29.78042984008789,29.044645894989753,29.78042984008789,82900,0.0,0.0
2023-10-05 00:00:00-04:00,29.535164596806013,30.042667694181084,29.289902709670393,29.742694854736328,79800,0.0,0.0
2023-10-06 00:00:00-04:00,29.7049656398839,30.469049681771093,29.37480529116773,30.32755470275879,134500,0.0,0.0
2023-10-09 00:00:00-04:00,30.148321919823815,30.506782334704766,29.521018892625804,30.308687210083008,82300,0.0,0.0
2023-10-10 00:00:00-04:00,30.374719059259295,31.2708683013916,30.374719059259295,31.2708683013916,46500,0.0,0.0
2023-10-11 00:00:00-04:00,31.582157911414477,32.09060562975163,31.101069269077474,31.45952606201172,85100,0.0,0.0
2023-10-12 00:00:00-04:00,31.77250846278596,31.77250846278596,30.017906887370913,30.530059814453125,59500,0.18,0.0
2023-10-13 00:00:00-04:00,30.824075860411277,30.824075860411277,29.742862701416016,29.742862701416016,137200,0.0,0.0
2023-10-16 00:00:00-04:00,30.06533172888246,30.188627243041992,29.519981941309393,30.188627243041992,341500,0.0,0.0
2023-10-17 00:00:00-04:00,30.074816109067246,30.43522174056444,29.918325570674796,30.131723403930664,322000,0.0,0.0
2023-10-18 00:00:00-04:00,29.714411736704847,29.823481336352252,28.21588737056082,28.642683029174805,167800,0.0,0.0
2023-10-19 00:00:00-04:00,28.310732948005693,29.316071689105097,28.310732948005693,29.278135299682617,230200,0.0,0.0
2023-10-20 00:00:00-04:00,29.164318227767943,29.18328732418813,27.466622087005817,28.452993392944336,268700,0.0,0.0
2023-10-23 00:00:00-04:00,28.263308564075,28.965150722192572,27.665796445560897,28.699588775634766,87800,0.0,0.0
2023-10-24 00:00:00-04:00,28.946181665848272,29.287616387352077,28.784947949668535,29.202259063720703,92700,0.0,0.0
2023-10-25 00:00:00-04:00,28.965148264395513,29.49627030345074,28.88927187839501,29.221223831176758,86700,0.0,0.0
2023-10-26 00:00:00-04:00,29.164319363229808,29.818738743264134,28.98411655820735,29.65750503540039,36600,0.0,0.0
2023-10-27 00:00:00-04:00,29.904097871485682,30.07481431893611,29.591115004337556,29.65750503540039,38800,0.0,0.0
2023-10-30 00:00:00-04:00,30.103269535927463,30.29295689943009,29.514292244053912,29.60059928894043,52500,0.0,0.0
2023-10-31 00:00:00-04:00,29.591113304180837,30.017907111774484,29.58637012566734,29.818737030029297,138000,0.0,0.0
2023-11-01 00:00:00-04:00,30.074812199057448,30.492125071163443,29.761829353970498,30.473155975341797,74200,0.0,0.0
2023-11-02 00:00:00-04:00,31.118092529545308,31.677668225132493,30.8809842452793,31.05170249938965,76900,0.0,0.0
2023-11-03 00:00:00-04:00,31.35520222028605,33.1382539929979,31.35520222028605,32.948570251464844,195300,0.0,0.0
2023-11-06 00:00:00-05:00,32.977024515532634,33.72628765086922,32.88217901980196,32.929603576660156,83500,0.0,0.0
2023-11-07 00:00:00-05:00,33.19516034443823,33.25585928472608,32.67636657053969,33.14773941040039,99800,0.0,0.0
2023-11-08 00:00:00-05:00,33.19516152532914,33.47020801771267,32.85372499933379,32.901145935058594,99600,0.0,0.0
2023-11-09 00:00:00-05:00,32.92959405528447,33.07660000867906,31.800956499334763,31.84838104248047,71800,0.0,0.0
2023-11-10 00:00:00-05:00,32.00013643831811,32.830015454044364,31.8768391143743,32.73042678833008,40800,0.0,0.0
2023-11-13 00:00:00-05:00,32.730425095993645,33.223610748283186,32.521772271629565,32.86320877075195,67500,0.0,0.0
2023-11-14 00:00:00-05:00,33.792676931692874,34.34276632266201,33.493918149317714,34.191017150878906,155300,0.0,0.0
2023-11-15 00:00:00-05:00,34.51348487552485,34.89285961707914,34.409156640698136,34.61781311035156,56400,0.0,0.0
2023-11-16 00:00:00-05:00,34.57038793259852,34.741106183563275,34.437607874733764,34.66522979736328,22300,0.0,0.0
2023-11-17 00:00:00-05:00,34.69368362426758,35.04460284902358,34.59883814596524,34.69368362426758,54800,0.0,0.0
2023-11-20 00:00:00-05:00,34.89001136893512,35.64117029886989,34.873889625195226,35.5567626953125,75300,0.0,0.0
2023-11-21 00:00:00-05:00,35.64212050686285,35.64212050686285,35.05883251144497,35.43346405029297,31000,0.0,0.0
2023-11-22 00:00:00-05:00,35.47140025256954,35.774898562535,35.262743807723815,35.40501022338867,41100,0.0,0.0
2023-11-24 00:00:00-05:00,35.24377672767131,35.993039806138206,35.24377672767131,35.96458435058594,17800,0.0,0.0
2023-11-27 00:00:00-05:00,35.91716450177186,35.93613360005202,35.13944956221302,35.29119873046875,76500,0.0,0.0
2023-11-28 00:00:00-05:00,35.34810197295843,35.367071069063954,33.91596596986533,34.020294189453125,79900,0.0,0.0
2023-11-29 00:00:00-05:00,33.9254503970842,34.29533870513815,33.716793969777896,33.88751220703125,33200,0.0,0.0
2023-11-30 00:00:00-05:00,33.93493686729551,36.04994235252977,33.92545412773197,35.84128952026367,159100,0.0,0.0
2023-12-01 00:00:00-05:00,35.831804686736895,35.860260142608496,34.94027879244559,35.386043548583984,67400,0.0,0.0
2023-12-04 00:00:00-05:00,33.98236516746852,35.14893763367103,33.56979540023191,34.36173629760742,140500,0.0,0.0
2023-12-05 00:00:00-05:00,34.134106225117165,34.693681855626785,34.06771258469766,34.24791717529297,60900,0.0,0.0
2023-12-06 00:00:00-05:00,34.086687738985646,34.706014499784224,33.8021585039729,34.4376106262207,205100,0.0,0.0
2023-12-07 00:00:00-05:00,34.257406876769565,35.148936418648496,34.14359590346067,34.60832977294922,263100,0.0,0.0
2023-12-08 00:00:00-05:00,34.21946518079356,35.11099091926999,33.74524866964943,34.930789947509766,1047300,0.0,0.0
2023-12-11 00:00:00-05:00,34.74110568745855,35.29119500761227,34.52296650722646,34.816978454589844,244800,0.0,0.0
2023-12-12 00:00:00-05:00,34.5609047073437,34.80749936685559,33.39907547775341,34.76007843017578,327000,0.0,0.0
2023-12-13 00:00:00-05:00,34.8928567029662,37.07425223975766,34.8928567029662,36.53364562988281,326400,0.0,0.0
2023-12-14 00:00:00-05:00,36.69488119614986,37.70970448576317,36.268089127385664,37.00786590576172,302600,0.0,0.0
2023-12-15 00:00:00-05:00,36.98889258994785,37.387232773514334,36.571583309356484,37.32084274291992,125100,0.0,0.0
2023-12-18 00:00:00-05:00,37.06476789086179,37.59588812003825,36.88456328340387,37.46310806274414,76800,0.0,0.0
2023-12-19 00:00:00-05:00,37.77609545984476,38.33566756520524,37.557952643671605,37.605377197265625,95400,0.0,0.0
2023-12-20 00:00:00-05:00,37.72866786515631,37.89938611397482,36.66642379760742,36.66642379760742,104300,0.0,0.0
2023-12-21 00:00:00-05:00,37.007864522162016,37.49156387040422,36.89879311040929,37.25445556640625,126700,0.0,0.0
2023-12-22 00:00:00-05:00,37.53898165407831,37.673657525597946,37.35877706003549,37.425167083740234,52700,0.0,0.0
2023-12-26 00:00:00-05:00,37.21652521595557,37.72393689944363,37.13116607209842,37.472599029541016,34700,0.0,0.0
2023-12-27 00:00:00-05:00,37.60537119396422,38.04164952069234,37.34929384097556,37.94680404663086,65000,0.0,0.0
2023-12-28 00:00:00-05:00,38.0795901621246,38.12701109321616,37.5294972311042,37.55794906616211,41500,0.0,0.0
2023-12-29 00:00:00-05:00,37.709699614838364,37.86619194943033,37.46310859322684,37.57691955566406,116400,0.0,0.0
2024-01-02 00:00:00-05:00,37.72866885438024,37.72866885438024,36.56209653552372,36.73281478881836,88100,0.0,0.0
2024-01-03 00:00:00-05:00,36.47674032331971,36.8371459555138,36.182728344254095,36.56209945678711,118900,0.0,0.0
2024-01-04 00:00:00-05:00,36.66642504477583,36.66642504477583,35.51882181378322,35.6800537109375,91300,0.0,0.0
2024-01-05 00:00:00-05:00,35.66108352856463,36.533643872089755,35.46191344355902,36.457767486572266,154000,0.0,0.0
2024-01-08 00:00:00-05:00,36.61899773686914,36.91300964355469,36.38663267107274,36.91300964355469,105900,0.0,0.0
2024-01-09 00:00:00-05:00,36.495709779271124,37.036316423866964,36.38189880619453,36.6190071105957,114900,0.0,0.0
2024-01-10 00:00:00-05:00,36.505198208890626,36.590557348037905,35.76541779695225,36.27757263183594,59800,0.0,0.0
2024-01-11 00:00:00-05:00,36.36521066289019,36.53193906606311,36.01270634671286,36.41284942626953,63300,0.172,0.0
2024-01-12 00:00:00-05:00,36.38426962628829,37.0321176320269,36.38426962628829,36.765357971191406,129200,0.0,0.0
2024-01-16 00:00:00-05:00,36.44143750521442,36.46525689195562,35.7507189016573,35.85075378417969,58000,0.0,0.0
2024-01-17 00:00:00-05:00,35.22195862322261,35.44584776309095,34.83134468802507,35.19337463378906,130000,0.0,0.0
2024-01-18 00:00:00-05:00,35.39344695886186,35.39344695886186,34.826579037450216,35.059993743896484,72500,0.0,0.0
2024-01-19 00:00:00-05:00,35.441085139263826,35.884098839791925,35.055232152140526,35.841224670410156,127300,0.0,0.0
2024-01-22 00:00:00-05:00,35.88885801690268,36.34616550726587,35.717372250926466,35.74595260620117,117000,0.0,0.0
2024-01-23 00:00:00-05:00,35.84122154442014,35.84122154442014,35.298173008468915,35.62209701538086,93400,0.0,0.0
2024-01-24 00:00:00-05:00,36.069878331751795,36.21278374921456,35.72689951491609,35.85075378417969,186800,0.0,0.0
2024-01-25 00:00:00-05:00,36.00414123602525,37.3655751248603,36.00414123602525,36.92732238769531,243400,0.0,0.0
2024-01-26 00:00:00-05:00,36.79394346002283,37.21314142478527,36.527183761958234,36.889217376708984,93900,0.0,0.0
2024-01-29 00:00:00-05:00,37.09881033757013,37.09881033757013,36.298527660543705,36.631980895996094,325100,0.0,0.0
2024-01-30 00:00:00-05:00,36.736779004755185,36.960664508938734,36.19373045507231,36.327110290527344,214600,0.0,0.0
2024-01-31 00:00:00-05:00,36.174679638916864,36.84157888929333,36.12704086303711,36.12704086303711,138100,0.0,0.0
2024-02-01 00:00:00-05:00,36.27471415451003,36.4890741064575,36.10798934362552,36.146095275878906,87500,0.0,0.0
2024-02-02 00:00:00-05:00,36.174672306938824,36.174672306938824,35.46965999815531,35.926963806152344,116700,0.0,0.0
2024-02-05 00:00:00-05:00,35.94602640343866,35.94602640343866,34.836109780654255,34.993309020996094,112200,0.0,0.0
2024-02-06 00:00:00-05:00,35.25053548396886,36.43190638037359,35.25053548396886,35.926963806152344,280100,0.0,0.0
2024-02-07 00:00:00-05:00,35.88885774130178,36.079401921768536,35.61066447349182,35.75547790527344,206700,0.0,0.0
2024-02-08 00:00:00-05:00,35.7697712964182,35.9460253151923,35.41250228881836,35.41250228881836,58400,0.0,0.0
2024-02-09 00:00:00-05:00,35.3458144640392,35.54588788226719,34.90756532759409,34.945674896240234,40900,0.0,0.0
2024-02-12 00:00:00-05:00,34.86945020818312,35.07904916804295,34.65413808483148,35.03141403198242,61800,0.0,0.0
2024-02-13 00:00:00-05:00,34.545528655960894,34.84087233550134,34.26447878915204,34.35498809814453,129500,0.0,0.0
2024-02-14 00:00:00-05:00,34.80276129690461,35.03141504466412,34.65985588459195,34.98377990722656,51700,0.0,0.0
2024-02-15 00:00:00-05:00,35.00283461751129,35.55540875244777,35.00283461751129,35.54588317871094,39700,0.0,0.0
2024-02-16 00:00:00-05:00,35.4506126047213,35.4506126047213,34.58363993998872,34.640804290771484,151900,0.0,0.0
2024-02-20 00:00:00-05:00,34.78370670306709,34.78370670306709,33.821463838046725,34.04058837890625,114000,0.0,0.0
2024-02-21 00:00:00-05:00,34.07393232621104,34.307347038010306,33.71666335262265,34.08822250366211,119400,0.0,0.0
2024-02-22 00:00:00-05:00,34.41215100257376,34.907564479958296,33.287944195110455,33.878631591796875,261300,0.0,0.0
2024-02-23 00:00:00-05:00,34.12633315765764,34.12633315765764,33.27841534805355,33.478485107421875,125000,0.0,0.0
2024-02-26 00:00:00-05:00,33.18790256885197,33.30699221805927,32.72583414843522,33.278411865234375,77300,0.0,0.0
2024-02-27 00:00:00-05:00,33.354630804341525,33.630919691347444,33.245070350950655,33.29747009277344,114200,0.0,0.0
2024-02-28 00:00:00-05:00,32.97354411249899,33.221248994702506,32.249476978068095,33.20219421386719,165400,0.0,0.0
2024-02-29 00:00:00-05:00,33.43085276330815,33.583287397612125,33.13550906932555,33.526123046875,90100,0.0,0.0
2024-03-01 00:00:00-05:00,33.354633777375845,34.08822659395483,33.15456400039841,34.07870101928711,69700,0.0,0.0
2024-03-04 00:00:00-05:00,34.273995465732995,35.33627660799757,34.097745132074884,34.602684020996094,188900,0.0,0.0
2024-03-05 00:00:00-05:00,34.61698308667367,35.11716113538028,34.61698308667367,34.917091369628906,55100,0.0,0.0
2024-03-06 00:00:00-05:00,35.4220261867555,35.4220261867555,34.69415029588509,34.74559783935547,130400,0.0,0.0
2024-03-07 00:00:00-05:00,34.80275611018021,35.26005990321829,34.79323053784353,35.24100875854492,71400,0.0,0.0
2024-03-08 00:00:00-05:00,35.34581227002674,35.66973631475507,35.32676112121473,35.42203140258789,42600,0.0,0.0
2024-03-11 00:00:00-04:00,35.50777475072613,35.50777475072613,34.99330652861113,35.11716079711914,59700,0.0,0.0
2024-03-12 00:00:00-04:00,35.059995476944934,35.34580993652344,34.945670419979145,35.34580993652344,186500,0.0,0.0
2024-03-13 00:00:00-04:00,35.422027852059074,36.25089084677491,35.38391828959841,36.15562057495117,127300,0.0,0.0
2024-03-14 00:00:00-04:00,36.29852983778877,36.39380375405903,35.717375303017526,36.336639404296875,136700,0.0,0.0
2024-03-15 00:00:00-04:00,36.07940035508313,37.155971838793285,36.07940035508313,36.58434295654297,262600,0.0,0.0
2024-03-18 00:00:00-04:00,36.365214796208285,36.90826695897223,36.17467425834338,36.58434295654297,61400,0.0,0.0
2024-03-19 00:00:00-04:00,36.346161689228666,36.460486732646025,35.826928938871205,35.926963806152344,84800,0.0,0.0
2024-03-20 00:00:00-04:00,35.83169863966888,36.43381595100285,35.66020923298347,36.42238235473633,157500,0.0,0.0
2024-03-21 00:00:00-04:00,36.41286149818748,36.584350927090135,35.78406813698727,35.822174072265625,117800,0.0,0.0
2024-03-22 00:00:00-04:00,36.0412942424498,36.38426938943657,35.965075120234225,36.2127799987793,220600,0.0,0.0
2024-03-25 00:00:00-04:00,36.33663425521572,36.62244869486859,36.08892937667065,36.2127799987793,67800,0.0,0.0
2024-03-26 00:00:00-04:00,36.327110659276535,36.48907085130797,36.23660135530133,36.30805587768555,41500,0.0,0.0
2024-03-27 00:00:00-04:00,36.56528881726528,37.33698745840642,36.33663507975776,37.29888153076172,75500,0.0,0.0
2024-03-28 00:00:00-04:00,37.394157685423785,38.09917015554011,36.751074171839505,37.3846321105957,70200,0.0,0.0
2024-04-01 00:00:00-04:00,37.575171383378645,37.575171383378645,36.45572921184697,37.44179153442383,108400,0.0,0.0
2024-04-02 00:00:00-04:00,36.984484181609524,37.70855134303078,36.984484181609524,37.613277435302734,45900,0.0,0.0
2024-04-03 00:00:00-04:00,37.55135665063533,37.7847713926506,37.28935791568973,37.39415740966797,86600,0.0,0.0
2024-04-04 00:00:00-04:00,37.39415363287542,38.089636818463035,37.39415363287542,37.57516860961914,51500,0.0,0.0
2024-04-05 00:00:00-04:00,37.86098453085214,38.37544907583757,37.71807549182252,38.242069244384766,73900,0.0,0.0
2024-04-08 00:00:00-04:00,38.40879764170512,39.48060463212609,38.40879764170512,39.185264587402344,50000,0.0,0.0
2024-04-09 00:00:00-04:00,39.299584204656085,39.44249323731318,37.7466541627149,38.13726806640625,109500,0.0,0.0
2024-04-10 00:00:00-04:00,37.51800875066487,37.603753454087126,36.603397369384766,36.603397369384766,36600,0.0,0.0
2024-04-11 00:00:00-04:00,36.78441574733767,36.78441574733767,35.06476072014101,35.317230224609375,172100,0.0,0.0
2024-04-12 00:00:00-04:00,35.20521037971153,35.20521037971153,34.00361733974107,34.17116928100586,75300,0.183,0.0
2024-04-15 00:00:00-04:00,34.42010410887867,34.42010410887867,33.23287223232163,33.40521240234375,37300,0.0,0.0
2024-04-16 00:00:00-04:00,33.09882976364277,33.61585025924684,32.840319515840726,33.366912841796875,57600,0.0,0.0
2024-04-17 00:00:00-04:00,33.54883287026067,33.769044514128055,33.400426592164315,33.58713150024414,66400,0.0,0.0
2024-04-18 00:00:00-04:00,33.68287472647774,33.91265920373319,33.50096171095397,33.60627746582031,70200,0.0,0.0
2024-04-19 00:00:00-04:00,33.42436389659693,33.74032211303711,33.031812073126574,33.74032211303711,46400,0.0,0.0
2024-04-22 00:00:00-04:00,32.91692484657617,34.72649337293757,32.91692484657617,34.70734405517578,105500,0.0,0.0
2024-04-23 00:00:00-04:00,34.68818605396366,35.329675255144146,34.477547263671866,34.90839767456055,63400,0.0,0.0
2024-04-24 00:00:00-04:00,35.080740389763356,35.080740389763356,33.96053289235644,34.11372375488281,65900,0.0,0.0
2024-04-25 00:00:00-04:00,33.826491451100225,34.46797704859488,33.09883211253148,34.199893951416016,73800,0.0,0.0
2024-04-26 00:00:00-04:00,34.42010310047217,35.27701568398881,34.26691224853589,34.669036865234375,61200,0.0,0.0
2024-04-29 00:00:00-04:00,34.91797864455932,35.31053047995881,34.78393708891439,35.099891662597656,27200,0.0,0.0
2024-04-30 00:00:00-04:00,35.11904401167233,35.11904401167233,33.80734683652219,33.99883270263672,80600,0.0,0.0
2024-05-01 00:00:00-04:00,34.065850987394995,35.14967730256022,34.065850987394995,34.46797561645508,22700,0.0,0.0
2024-05-02 00:00:00-04:00,34.774361544955916,34.822233008643266,34.27649028741861,34.40095901489258,36000,0.0,0.0
2024-05-03 00:00:00-04:00,34.87968032601458,34.941912862447396,34.34351044627553,34.62117004394531,32700,0.0,0.0
2024-05-06 00:00:00-04:00,34.98499552303889,35.2818007482119,34.59244373139227,34.68818664550781,88400,0.0,0.0
2024-05-07 00:00:00-04:00,34.86053064548441,34.97542288552631,33.78819454959031,33.950958251953125,306400,0.0,0.0
2024-05-08 00:00:00-04:00,33.95095537025334,34.41052794377163,33.88393459822097,33.989253997802734,100400,0.0,0.0
2024-05-09 00:00:00-04:00,34.32436127765977,35.33925309468232,33.90308728971984,35.119041442871094,193300,0.0,0.0
2024-05-10 00:00:00-04:00,35.23393404893855,35.3392534601022,34.95627444720867,35.05202102661133,23600,0.0,0.0
2024-05-13 00:00:00-04:00,35.253086166207126,35.47329783779454,34.43926026458585,34.51585388183594,46800,0.0,0.0
2024-05-14 00:00:00-04:00,34.669040775463145,34.81265881325833,33.998829353016305,34.01797866821289,30300,0.0,0.0
2024-05-15 00:00:00-04:00,34.314786189543966,35.320101456439005,34.314786189543966,35.262657165527344,104200,0.0,0.0
2024-05-16 00:00:00-04:00,35.05202132813781,35.43499669196725,34.89883045213433,35.31053161621094,74400,0.0,0.0
2024-05-17 00:00:00-04:00,35.36797266642117,35.559462156943006,35.24350760208648,35.41584777832031,37200,0.0,0.0
2024-05-20 00:00:00-04:00,35.664784044845156,35.894572179957066,35.58818678235502,35.770103454589844,37900,0.0,0.0
2024-05-21 00:00:00-04:00,35.55945898310481,35.77009776911422,35.30094874182724,35.69350051879883,69400,0.0,0.0
2024-05-22 00:00:00-04:00,35.71264924759723,36.306263318406266,35.58339595525025,35.91371154785156,61900,0.0,0.0
2024-05-23 00:00:00-04:00,35.91371226483947,36.019031658225174,34.69871887450485,34.803077697753906,50500,0.0,0.0
2024-05-24 00:00:00-04:00,34.793512845046514,34.985002363074415,34.228620775661525,34.324363708496094,31000,0.0,0.0
2024-05-28 00:00:00-04:00,34.53500219821838,34.54457868282134,33.15628425645022,33.481815338134766,123000,0.0,0.0
2024-05-29 00:00:00-04:00,33.19457828518732,33.319047014942676,32.43820037940294,33.03181457519531,195000,0.0,0.0
2024-05-30 00:00:00-04:00,33.22329747039813,33.39563763040194,33.06053014045768,33.15627670288086,130000,0.0,0.0
2024-05-31 00:00:00-04:00,33.03181828683085,33.35734939575195,32.39990538743801,33.35734939575195,75200,0.0,0.0
2024-06-03 00:00:00-04:00,33.319043544707064,33.319043544707064,29.920118781590084,30.102033615112305,655000,0.0,0.0
2024-06-04 00:00:00-04:00,30.14990393659016,31.892453122642543,29.97277735141949,31.442453384399414,170300,0.0,0.0
2024-06-05 00:00:00-04:00,31.624373074905012,32.28501174992984,31.32756778251659,31.892459869384766,155700,0.0,0.0
2024-06-06 00:00:00-04:00,31.595648807078867,32.08394359069592,31.078628222760592,31.30841636657715,265000,0.0,0.0
2024-06-07 00:00:00-04:00,31.203097099188422,31.246180321904358,29.326506090413947,29.508420944213867,350700,0.0,0.0
2024-06-10 00:00:00-04:00,29.278631271578554,30.21213933992131,28.82863334391559,29.853097915649414,269200,0.0,0.0
2024-06-11 00:00:00-04:00,29.65203835602833,30.475440734127712,29.561081838565023,30.05416488647461,238500,0.0,0.0
2024-06-12 00:00:00-04:00,30.398841319536192,30.398841319536192,29.412673526391306,29.719057083129883,424600,0.0,0.0
2024-06-13 00:00:00-04:00,29.98714122175842,30.04458734168101,29.067995998280093,29.355228424072266,99700,0.0,0.0
2024-06-14 00:00:00-04:00,29.240336966812336,29.240336966812336,28.658209451614326,28.89565658569336,166600,0.0,0.0
2024-06-17 00:00:00-04:00,28.84778083389344,28.87650480526158,28.560548424928523,28.6275691986084,101200,0.0,0.0
2024-06-18 00:00:00-04:00,28.627569819709063,29.450972088335643,28.627569819709063,29.307355880737305,344500,0.0,0.0
2024-06-20 00:00:00-04:00,29.278634003613625,29.948845455264628,29.278634003613625,29.7286319732666,204700,0.0,0.0
2024-06-21 00:00:00-04:00,29.795654417786192,30.06278061810671,29.680760348402526,29.967992782592773,927500,0.0,0.0
2024-06-24 00:00:00-04:00,30.22650229126418,30.48501257109082,29.85309977118963,30.178630828857422,202100,0.0,0.0
2024-06-25 00:00:00-04:00,30.360544431059736,30.360544431059736,28.972251906582578,29.54671859741211,149700,0.0,0.0
2024-06-26 00:00:00-04:00,29.38395526179739,29.38395526179739,28.732893085271193,28.819063186645508,74400,0.0,0.0
2024-06-27 00:00:00-04:00,28.75203825698809,28.94352592318246,28.436081872897194,28.72331428527832,149200,0.0,0.0
2024-06-28 00:00:00-04:00,29.029697705006203,29.269058671341913,28.62757120851504,28.713741302490234,251200,0.0,0.0
2024-07-01 00:00:00-04:00,28.713740813029023,28.95310177528453,28.340338296287783,28.857357025146484,123700,0.0,0.0
2024-07-02 00:00:00-04:00,28.330762756448998,28.80948466605283,27.832891532178017,28.244592666625977,143900,0.0,0.0
2024-07-03 00:00:00-04:00,28.244592329082714,29.211610794067383,28.244592329082714,29.211610794067383,126100,0.0,0.0
2024-07-05 00:00:00-04:00,28.895653869701537,28.97224929984195,28.56054817802007,28.780759811401367,59500,0.0,0.0
2024-07-08 00:00:00-04:00,28.40735751708207,29.249907254539014,28.40735751708207,29.11586570739746,52400,0.0,0.0
2024-07-09 00:00:00-04:00,28.94831377347052,29.202035795182493,28.785548255007583,29.11586570739746,398300,0.0,0.0
2024-07-10 00:00:00-04:00,29.269058083788803,30.245651245117188,29.25948342618607,30.245651245117188,355000,0.0,0.0
2024-07-11 00:00:00-04:00,30.379693363838644,31.356286543318134,30.10394942876419,31.08820343017578,98100,0.0,0.0
2024-07-12 00:00:00-04:00,31.356285241933968,31.44245533220461,30.877563329843372,31.116924285888672,215300,0.0,0.0
2024-07-15 00:00:00-04:00,31.27387277904806,31.27387277904806,30.64319701602889,30.830955505371094,158900,0.183,0.0
2024-07-16 00:00:00-04:00,30.821325349790975,31.25461559188639,30.821325349790975,31.19684600830078,73200,0.0,0.0
2024-07-17 00:00:00-04:00,30.850214397396947,31.16795813224211,30.11843632832352,30.156949996948242,307600,0.0,0.0
2024-07-18 00:00:00-04:00,30.205092082560412,30.243605748257803,29.348140523420717,29.569599151611328,163300,0.0,0.0
2024-07-19 00:00:00-04:00,29.69477291509321,29.714030666343263,29.059281816003377,29.47331428527832,242600,0.0,0.0
2024-07-22 00:00:00-04:00,29.377028871448054,30.20990737224463,29.377028871448054,30.041406631469727,118400,0.0,0.0
2024-07-23 00:00:00-04:00,30.04140773533408,30.04140773533408,29.444430249686576,29.617746353149414,107500,0.0,0.0
2024-07-24 00:00:00-04:00,29.521457965189327,29.637002640624647,28.69820835096872,28.924482345581055,116900,0.0,0.0
2024-07-25 00:00:00-04:00,28.87634029703726,28.98225610502778,28.231220245361328,28.231220245361328,237500,0.0,0.0
2024-07-26 00:00:00-04:00,29.213341392123024,29.213341392123024,27.528326653194135,28.173446655273438,210800,0.0,0.0
2024-07-29 00:00:00-04:00,28.17344698233237,28.19270473462285,27.200952529907227,27.200952529907227,102700,0.0,0.0
2024-07-30 00:00:00-04:00,27.133550038971556,27.307828459108762,26.28622737192149,27.01800537109375,252600,0.0,0.0
2024-07-31 00:00:00-04:00,28.11567386282419,28.443048285896268,27.143179469171272,28.28898811340332,271300,0.0,0.0
2024-08-01 00:00:00-04:00,28.592291783674607,28.616363054758768,27.53795468341823,28.00012969970703,246500,0.0,0.0
2024-08-02 00:00:00-04:00,27.65349716477541,28.096416260431827,27.306866825261952,27.537954330444336,136800,0.0,0.0
2024-08-05 00:00:00-04:00,26.738777751440992,27.460926940602214,26.286229750860265,27.258724212646484,138800,0.0,0.0
2024-08-06 00:00:00-04:00,26.960236135837253,27.489811468183063,26.960236135837253,27.200952529907227,243300,0.0,0.0
2024-08-07 00:00:00-04:00,27.653496971008064,27.903842225664878,27.46092496963221,27.75941276550293,127300,0.0,0.0
2024-08-08 00:00:00-04:00,27.788301688559667,28.63562260498025,27.788301688559667,28.625993728637695,54200,0.0,0.0
2024-08-09 00:00:00-04:00,28.46230651651927,28.93411043839207,28.46230651651927,28.75116729736328,56400,0.0,0.0
2024-08-12 00:00:00-04:00,28.674135982685968,28.75116515119034,28.216774491213656,28.44304847717285,136900,0.0,0.0
2024-08-13 00:00:00-04:00,28.443050095279,29.511829639514275,28.443050095279,29.165199279785156,189600,0.0,0.0
2024-08-14 00:00:00-04:00,29.08816692567661,29.35776993657623,28.568220491859087,29.0303955078125,241500,0.0,0.0
2024-08-15 00:00:00-04:00,29.17964000653585,29.588857119738158,29.174824650463215,29.47331428527832,45300,0.0,0.0
2024-08-16 00:00:00-04:00,29.492571435219187,29.54071581536071,28.818566641920743,28.953367233276367,401100,0.0,0.0
2024-08-19 00:00:00-04:00,28.857081730314288,28.972626411822553,28.46230697631836,28.46230697631836,48200,0.0,0.0
2024-08-20 00:00:00-04:00,28.288989030934726,28.494080597697067,27.484997178782777,27.557212829589844,65200,0.0,0.0
2024-08-21 00:00:00-04:00,27.749782746084875,27.749782746084875,27.306865508309656,27.528324127197266,228800,0.0,0.0
2024-08-22 00:00:00-04:00,27.740156470239263,27.740156470239263,26.93134924706111,27.14318084716797,117200,0.0,0.0
2024-08-23 00:00:00-04:00,27.383897805076778,28.163818416223418,27.383897805076778,28.038646697998047,244200,0.0,0.0
2024-08-26 00:00:00-04:00,28.1638160854524,28.1638160854524,27.46092470596493,27.701641082763672,96900,0.0,0.0
2024-08-27 00:00:00-04:00,27.60535535812602,27.60535535812602,25.804795973763966,25.8721981048584,425000,0.0,0.0
2024-08-28 00:00:00-04:00,25.939596262778384,26.469171536399877,25.756651309346175,26.218826293945312,406300,0.0,0.0
2024-08-29 00:00:00-04:00,26.421031521577035,26.705076935678104,25.939598740830835,26.334373474121094,209600,0.0,0.0
2024-08-30 00:00:00-04:00,26.382513653995343,26.613601147668103,26.22845532488017,26.498058319091797,268600,0.0,0.0
2024-09-03 00:00:00-04:00,26.28622714510737,26.28622714510737,25.5351932382027,25.55445098876953,169100,0.0,0.0
2024-09-04 00:00:00-04:00,25.410019373277645,25.82405182260456,25.169303003810384,25.2463321685791,313800,0.0,0.0
2024-09-05 00:00:00-04:00,25.37150805792095,25.487050897510326,25.00561811400716,25.332992553710938,252600,0.0,0.0
2024-09-06 00:00:00-04:00,25.41964983514253,25.41964983514253,24.750458580095607,24.909332275390625,231700,0.0,0.0
2024-09-09 00:00:00-04:00,25.198191999891776,25.27522117190725,24.89007531182987,25.0826473236084,164800,0.0,0.0
2024-09-10 00:00:00-04:00,25.178931185976552,25.178931185976552,24.36049518500949,24.601211547851562,130500,0.0,0.0
2024-09-11 00:00:00-04:00,24.50974226473651,25.968482971191406,24.47604211773407,25.968482971191406,162300,0.0,0.0
2024-09-12 00:00:00-04:00,26.09365463256836,26.329555644522607,25.506306107545708,26.09365463256836,458700,0.0,0.0
2024-09-13 00:00:00-04:00,26.141800733220176,26.632862410739545,26.141800733220176,26.565462112426758,79500,0.0,0.0
2024-09-16 00:00:00-04:00,27.355007859177483,27.566837601456555,26.324742099992687,26.594345092773438,89400,0.0,0.0
2024-09-17 00:00:00-04:00,26.738778737463285,26.83506566687287,26.47880457901352,26.681005477905273,142100,0.0,0.0
2024-09-18 00:00:00-04:00,26.70026204417795,27.25872400610361,26.392145352980396,27.075780868530273,750700,0.0,0.0
2024-09-19 00:00:00-04:00,27.59572806245764,27.59572806245764,26.777291931790952,26.84469223022461,74900,0.0,0.0
2024-09-20 00:00:00-04:00,26.74840543681723,26.86394827348756,26.54620271786374,26.623231887817383,83400,0.0,0.0
2024-09-23 00:00:00-04:00,26.594346205044346,26.825433707155554,26.517317037673944,26.700260162353516,82000,0.0,0.0
2024-09-24 00:00:00-04:00,26.748404947329192,27.239466585492497,26.748404947329192,27.037263870239258,126200,0.0,0.0
2024-09-25 00:00:00-04:00,26.921722924723028,26.950609555619607,26.22846031188965,26.22846031188965,75900,0.0,0.0
2024-09-26 00:00:00-04:00,26.555830627942306,26.79654700485858,26.339185521413622,26.421030044555664,113500,0.0,0.0
2024-09-27 00:00:00-04:00,26.623231560904227,26.63286043659523,25.77591070181859,25.91071128845215,250400,0.0,0.0
2024-09-30 00:00:00-04:00,25.886642088567385,26.4162174383,25.602596660778335,25.939599990844727,110300,0.0,0.0
2024-10-01 00:00:00-04:00,25.9010831419727,26.122541779539933,25.434094595193155,25.80479621887207,108900,0.0,0.0
2024-10-02 00:00:00-04:00,26.141799297555764,26.141799297555764,25.448536763170875,25.496679306030273,110300,0.0,0.0
2024-10-03 00:00:00-04:00,25.323361899651935,25.920339317349764,25.12116102630731,25.862567901611328,639400,0.0,0.0
2024-10-04 00:00:00-04:00,25.48705268853799,26.721447872015535,25.48705268853799,26.36326026916504,96800,0.0,0.0
2024-10-07 00:00:00-04:00,26.045512814530543,26.15142861443166,25.38595041632888,25.583337783813477,150800,0.0,0.0
2024-10-08 00:00:00-04:00,25.410020907150283,26.286228397981652,25.323362861989356,26.189943313598633,209200,0.0,0.0
2024-10-09 00:00:00-04:00,26.112916460139942,26.498062341391474,25.891455971464936,26.151430130004883,181900,0.0,0.0
2024-10-10 00:00:00-04:00,26.064768559690222,26.315113807849468,25.8818236020892,25.958852767944336,117500,0.0,0.0
2024-10-11 00:00:00-04:00,26.39900014965037,26.42808528165766,25.74944699461212,26.379610061645508,112100,0.184,0.0
2024-10-14 00:00:00-04:00,26.389303000783894,26.46686149747654,25.671886444091797,25.671886444091797,155000,0.0,0.0
2024-10-15 00:00:00-04:00,25.69127835379496,25.73975172424024,25.128978750583183,25.27440071105957,369300,0.0,0.0
2024-10-16 00:00:00-04:00,25.448905839990896,25.594327789248474,25.1095867256296,25.119281768798828,78400,0.0,0.0
2024-10-17 00:00:00-04:00,25.10958674413382,25.188116039120306,24.77026762952247,25.080503463745117,130800,0.0,0.0
2024-10-18 00:00:00-04:00,25.274398791169027,25.274398791169027,25.05141834543387,25.148366928100586,173300,0.0,0.0
2024-10-21 00:00:00-04:00,24.94477470841633,25.235620456286238,24.69270913325191,25.080503463745117,240700,0.0,0.0
2024-10-22 00:00:00-04:00,24.935081494075966,25.167756999952974,24.489120570096844,24.886608123779297,234600,0.0,0.0
2024-10-23 00:00:00-04:00,24.702406030833462,25.070810302629972,24.702406030833462,24.99325180053711,73300,0.0,0.0
2024-10-24 00:00:00-04:00,25.03203006817352,25.361654163578514,24.57637410059158,24.809049606323242,263900,0.0,0.0
2024-10-25 00:00:00-04:00,24.94477448830695,25.36165209551039,24.45033838551732,24.527896881103516,92000,0.0,0.0
2024-10-28 00:00:00-04:00,24.644235577399222,24.896301150629377,24.47942354294644,24.49881362915039,73200,0.0,0.0
2024-10-29 00:00:00-04:00,24.324308344691215,24.74118598310479,23.955904076220392,24.14980125427246,86300,0.0,0.0
2024-10-30 00:00:00-04:00,23.94621108294779,25.17745207177022,23.94621108294779,24.915693283081055,206200,0.0,0.0
2024-10-31 00:00:00-04:00,24.71209923323526,25.41982074323703,24.624845693740202,25.26470375061035,215300,0.0,0.0
2024-11-01 00:00:00-04:00,25.458600706561146,25.482837389745885,24.489118586048416,24.49881362915039,186700,0.0,0.0
2024-11-04 00:00:00-05:00,24.552135581375772,25.48768598092633,24.498813768581634,25.032028198242188,159400,0.0,0.0
2024-11-05 00:00:00-05:00,25.19684404327557,25.46829974529743,24.343700456999365,24.73149299621582,141500,0.0,0.0
2024-11-06 00:00:00-05:00,28.842093047706744,28.842093047706744,23.19001236644109,24.41156005859375,592400,0.0,0.0
2024-11-07 00:00:00-05:00,24.683016067078764,25.681583404541016,24.479425691489485,25.681583404541016,136300,0.0,0.0
2024-11-08 00:00:00-05:00,25.60402286275161,25.60402286275161,24.731489317032,25.148366928100586,104400,0.0,0.0
2024-11-11 00:00:00-05:00,25.158061962685693,25.225925415787085,24.77026763215133,25.196840286254883,72700,0.0,0.0
2024-11-12 00:00:00-05:00,25.06111322765047,25.06111322765047,24.513355310871056,24.595762252807617,76400,0.0,0.0
2024-11-13 00:00:00-05:00,24.678169174298798,24.72179594699441,24.227359806157658,24.324308395385742,134700,0.0,0.0
2024-11-14 00:00:00-05:00,24.489118554168186,24.605455372959643,24.217662895087464,24.41156005859375,143400,0.0,0.0
2024-11-15 00:00:00-05:00,24.25644310253709,24.624845494763537,24.25644310253709,24.615150451660156,98800,0.0,0.0
2024-11-18 00:00:00-05:00,24.64423758606243,25.196842143933036,24.527898908496784,24.838134765625,177500,0.0,0.0
2024-11-19 00:00:00-05:00,24.304920295157054,24.925388358328426,24.304920295157054,24.750883102416992,115100,0.0,0.0
2024-11-20 00:00:00-05:00,24.5860690596161,24.658779114764737,24.300071738094175,24.3533935546875,143900,0.0,0.0
2024-11-21 00:00:00-05:00,24.4115618001674,24.4115618001674,23.645669983731622,23.69414520263672,122000,0.0,0.0
2024-11-22 00:00:00-05:00,23.655363039751588,23.732921534341973,23.04459012599486,23.558414459228516,150900,0.0,0.0
2024-11-25 00:00:00-05:00,23.55841459153851,24.237052809871056,23.393602558465773,23.96559715270996,116500,0.0,0.0
2024-11-26 00:00:00-05:00,23.839567019909648,23.839567019909648,22.928253250435798,23.24818229675293,202900,0.0,0.0
2024-11-27 00:00:00-05:00,23.228792108211916,23.946210547512802,22.60832410572521,22.72466278076172,270500,0.0,0.0
2024-11-29 00:00:00-05:00,23.034895055364338,23.519636108257174,23.005809926500234,23.364519119262695,213200,0.0,0.0
2024-12-02 00:00:00-05:00,23.296657505970543,23.36936756015752,22.695577739332755,23.238487243652344,185300,0.0,0.0
2024-12-03 00:00:00-05:00,23.238489226106324,23.980144416238904,23.238489226106324,23.58750343322754,208600,0.0,0.0
2024-12-04 00:00:00-05:00,23.539026163463365,23.762006603709533,23.238485379680753,23.335433959960938,174600,0.0,0.0
2024-12-05 00:00:00-05:00,23.170624078114837,24.450340278958823,23.170624078114837,24.275835037231445,170600,0.0,0.0
2024-12-06 00:00:00-05:00,24.508510472027137,24.508510472027137,23.762008740619518,24.081937789916992,169200,0.0,0.0
2024-12-09 00:00:00-05:00,24.382474972760786,25.012637981568204,24.207967895122337,24.56667709350586,96400,0.0,0.0
2024-12-10 00:00:00-05:00,24.47942354294644,24.731489116176597,24.227357969716284,24.49881362915039,140000,0.0,0.0
2024-12-11 00:00:00-05:00,24.45034029488568,24.518205601821162,24.09163291821512,24.3533935546875,145200,0.0,0.0
2024-12-12 00:00:00-05:00,24.246749900429776,24.624847364467612,23.984989264184872,24.39217185974121,87000,0.0,0.0
2024-12-13 00:00:00-05:00,24.22735792017915,24.73148906560868,24.140104381580176,24.45033836364746,260000,0.0,0.0
2024-12-16 00:00:00-05:00,24.334003541932322,25.206537150386836,24.304918410298974,24.799354553222656,216200,0.0,0.0
2024-12-17 00:00:00-05:00,24.83813104368849,25.43920888180934,24.79935087393088,25.187143325805664,114700,0.0,0.0
2024-12-18 00:00:00-05:00,25.29378860802438,25.29378860802438,24.363084813137167,24.382474899291992,186900,0.0,0.0
2024-12-19 00:00:00-05:00,24.527896909315917,25.08050327128611,24.411560090373012,24.49881362915039,159300,0.0,0.0
2024-12-20 00:00:00-05:00,24.52789707112485,25.429515745012075,24.52789707112485,25.167755126953125,163500,0.0,0.0
2024-12-23 00:00:00-05:00,25.109586642811312,25.361652216958596,24.653930710202996,24.925384521484375,140900,0.0,0.0
2024-12-24 00:00:00-05:00,25.448907818605086,25.457633912877956,25.09019859001624,25.351959228515625,64900,0.0,0.0
2024-12-26 00:00:00-05:00,25.681583359210137,25.681583359210137,25.148368886725596,25.44890785217285,76500,0.0,0.0
2024-12-27 00:00:00-05:00,25.351959225380245,25.83670032662706,25.16000179366588,25.410127639770508,125100,0.0,0.0
2024-12-30 00:00:00-05:00,25.37134921095338,25.37134921095338,24.828439697504738,24.935081481933594,169800,0.0,0.0
2024-12-31 00:00:00-05:00,24.857522985823238,25.235622300775617,24.615152436120155,24.818744659423828,105500,0.0,0.0
2025-01-02 00:00:00-05:00,25.012638131783962,25.119281757456893,24.77026760008396,25.05141830444336,64400,0.0,0.0
2025-01-03 00:00:00-05:00,25.09989151017252,25.09989151017252,24.498813630929597,24.556982040405273,44000,0.0,0.0
2025-01-06 00:00:00-05:00,24.838134716644433,25.26470555221601,24.731491083181268,24.847827911376953,67100,0.0,0.0
2025-01-07 00:00:00-05:00,25.099891599674063,25.196840181906158,24.818742745255435,24.925384521484375,37100,0.0,0.0
2025-01-08 00:00:00-05:00,24.81874245523972,24.81874245523972,23.858955385552285,23.917123794555664,156800,0.0,0.0
2025-01-10 00:00:00-05:00,23.91712543263493,23.91712543263493,22.734357839810045,22.860389709472656,81700,0.0,0.0
2025-01-13 00:00:00-05:00,22.705270807302043,22.95733637465864,22.511373648061472,22.90886116027832,124400,0.0,0.0
2025-01-14 00:00:00-05:00,22.995842061427062,23.60176629006371,22.87856538205084,23.523582458496094,133600,0.189,0.0
2025-01-15 00:00:00-05:00,23.982916922521994,24.06110076329098,23.709272547805636,23.758136749267578,63100,0.0,0.0
2025-01-16 00:00:00-05:00,23.621314210754328,23.67506594787239,23.284146765263344,23.416080474853516,210500,0.0,0.0
2025-01-17 00:00:00-05:00,23.455171585083008,23.90472814571998,23.435625161390213,23.455171585083008,56600,0.0,0.0
2025-01-21 00:00:00-05:00,23.367215917153143,23.977050951086728,23.367215917153143,23.816774368286133,43500,0.0,0.0
2025-01-22 00:00:00-05:00,23.621313331490402,24.48133550121742,23.621313331490402,24.188146591186523,109400,0.0,0.0
2025-01-23 00:00:00-05:00,24.07086948139844,24.87225609175129,23.899842930925036,24.579065322875977,73800,0.0,0.0
2025-01-24 00:00:00-05:00,24.882027950734606,24.891801162969454,24.559519403183163,24.70611572265625,46200,0.0,0.0
2025-01-27 00:00:00-05:00,24.54974949743257,24.803845574269637,24.45201923339153,24.58884048461914,42900,0.0,0.0
2025-01-28 00:00:00-05:00,24.657250387956143,26.07433451491671,24.530202353259185,25.917966842651367,696300,0.0,0.0
2025-01-29 00:00:00-05:00,25.702958724096487,26.074333326842297,25.25340215283005,25.6052303314209,318800,0.0,0.0
2025-01-30 00:00:00-05:00,25.74205445261113,26.719353401111018,25.74205445261113,26.38707160949707,306800,0.0,0.0
2025-01-31 00:00:00-05:00,26.142746020172392,26.338206549120684,25.51727531001746,25.644323348999023,308200,0.0,0.0
2025-02-03 00:00:00-05:00,25.184993041802347,27.178681823860018,24.882029041391114,26.025468826293945,441400,0.0,0.0
2025-02-04 00:00:00-05:00,26.084108763864286,26.533665373477387,25.761600193996266,26.201383590698242,477100,0.0,0.0
2025-02-05 00:00:00-05:00,26.445707056509317,26.445707056509317,25.64432227662262,25.86910057067871,379600,0.0,0.0
2025-02-06 00:00:00-05:00,25.830010206580663,26.054788506046282,25.561253382084836,26.035242080688477,319700,0.0,0.0
2025-02-07 00:00:00-05:00,25.820236372509882,26.06456109145337,25.341360147066606,25.86910057067871,194700,0.0,0.0
2025-02-10 00:00:00-05:00,25.84955584319677,25.89842004105059,25.590570375232495,25.820236206054688,67700,0.0,0.0
2025-02-11 00:00:00-05:00,25.64432339052534,25.917967758686117,25.517275351338046,25.654096603393555,49700,0.0,0.0
2025-02-12 00:00:00-05:00,25.360906695194473,26.0938808555868,25.360906695194473,25.898420333862305,56300,0.0,0.0
2025-02-13 00:00:00-05:00,25.888648680817408,26.318660736083984,25.888648680817408,26.318660736083984,62700,0.0,0.0
2025-02-14 00:00:00-05:00,26.396842579300518,26.63139408332087,26.21115527293245,26.29911231994629,71500,0.0,0.0
2025-02-18 00:00:00-05:00,26.15251752850132,26.519004598355796,25.957057012292413,26.21115493774414,204900,0.0,0.0
2025-02-19 00:00:00-05:00,26.02547023710434,26.616737518959,24.31519707336979,24.33474349975586,335300,0.0,0.0
2025-02-20 00:00:00-05:00,24.422698555894524,24.520428815777606,23.728817252418988,24.315195083618164,305100,0.0,0.0
2025-02-21 00:00:00-05:00,24.422698923481192,24.52042918483522,23.76302292142849,23.90472984313965,244100,0.0,0.0
2025-02-24 00:00:00-05:00,24.10019082673855,24.10019082673855,22.96652424707094,23.513811111450195,943800,0.0,0.0
2025-02-25 00:00:00-05:00,23.640859701679027,23.86563798979043,23.030047920474367,23.171754837036133,313000,0.0,0.0
2025-02-26 00:00:00-05:00,23.245053833305143,23.44051435594776,22.84924711377621,23.386762619018555,349300,0.0,0.0
2025-02-27 00:00:00-05:00,23.474720588699547,23.484493801620044,22.751519609030712,23.122892379760742,277200,0.0,0.0
2025-02-28 00:00:00-05:00,23.13266442239177,23.23039468260276,22.614695348108295,22.810155868530273,163700,0.0,0.0
2025-03-03 00:00:00-05:00,23.113117700187402,23.337895990946116,22.663561118669975,22.731971740722656,149000,0.0,0.0
2025-03-04 00:00:00-05:00,22.55605855164422,22.74174586469509,22.042977001631016,22.468101501464844,1857400,0.0,0.0
2025-03-05 00:00:00-05:00,22.751519810763252,23.279260264801046,22.58440029160565,23.181529998779297,114800,0.0,0.0
2025-03-06 00:00:00-05:00,23.06425450986699,24.158828238605242,22.97140992098447,24.02200698852539,132300,0.0,0.0
2025-03-07 00:00:00-05:00,23.953594756015047,24.33474070654522,23.230393839190047,24.100189208984375,76300,0.0,0.0
2025-03-10 00:00:00-04:00,23.82654737693422,24.12951139095762,23.533358440062962,23.758136749267578,80400,0.0,0.0
2025-03-11 00:00:00-04:00,23.709271259847576,23.953595981984442,23.09357191619484,23.416080474853516,87600,0.0,0.0
2025-03-12 00:00:00-04:00,23.445402009403526,23.533359065612885,22.165140883761524,22.370372772216797,220500,0.0,0.0
2025-03-13 00:00:00-04:00,22.155365367418316,22.389916871579093,21.598305312030263,22.253095626831055,121000,0.0,0.0
2025-03-14 00:00:00-04:00,22.4681006423503,23.09845885651619,22.4681006423503,22.741744995117188,75900,0.0,0.0
2025-03-17 00:00:00-04:00,22.56583245326705,23.298806651106254,22.282414868691994,23.161985397338867,191100,0.0,0.0
2025-03-18 00:00:00-04:00,22.86879440463346,22.86879440463346,22.477875208598224,22.604923248291016,83700,0.0,0.0
2025-03-19 00:00:00-04:00,22.536512533188684,23.289033147622394,22.536512533188684,23.08380126953125,79900,0.0,0.0
2025-03-20 00:00:00-04:00,22.771062375698154,23.337895632053097,22.771062375698154,23.142436981201172,338800,0.0,0.0
2025-03-21 00:00:00-04:00,22.859020854295338,23.074027806978236,22.556058714846397,23.025161743164062,137900,0.0,0.0
2025-03-24 00:00:00-04:00,22.74174561925341,23.122891589884013,22.155365912402694,22.907886505126953,101700,0.0,0.0
2025-03-25 00:00:00-04:00,23.103343581363887,23.68972324802811,23.103343581363887,23.50403594970703,110800,0.0,0.0
2025-03-26 00:00:00-04:00,23.53335631735484,23.684838310702872,23.181528133604388,23.191301345825195,71200,0.0,0.0
2025-03-27 00:00:00-04:00,23.034933992361594,23.04470720471561,22.57560419602081,22.77106285095215,100000,0.0,0.0
2025-03-28 00:00:00-04:00,22.604922958688796,22.888340537214447,22.350826882558557,22.5267391204834,122900,0.0,0.0
2025-03-31 00:00:00-04:00,22.282415431171977,22.477875967816395,22.10650318505179,22.29218864440918,134600,0.0,0.0
2025-04-01 00:00:00-04:00,22.116272725193284,22.32150645828739,21.78887849675106,22.31173324584961,117800,0.0,0.0
2025-04-02 00:00:00-04:00,22.116272600261546,22.458327577453062,22.116272600261546,22.282413482666016,52300,0.0,0.0
2025-04-03 00:00:00-04:00,22.086956621342477,24.579068195800335,21.979453140451024,24.324970245361328,397500,0.0,0.0
2025-04-04 00:00:00-04:00,23.709270602160178,23.74836158731186,22.52673801051496,22.731971740722656,209300,0.0,0.0
2025-04-07 00:00:00-04:00,22.23354981450381,22.410440675528534,21.197613509915794,21.40284538269043,218300,0.0,0.0
2025-04-08 00:00:00-04:00,22.243322679913796,22.497420611799196,21.28557022714937,21.31488800048828,242300,0.0,0.0
2025-04-09 00:00:00-04:00,21.266024535681893,22.756405002752174,20.816466067133465,22.53651237487793,327900,0.0,0.0
2025-04-10 00:00:00-04:00,22.36059810934519,22.61958358652858,21.746856008007278,21.97945213317871,81100,0.0,0.0
2025-04-11 00:00:00-04:00,22.13581968502804,22.712426184444485,22.086955485707886,22.458328247070312,63700,0.0,0.0
2025-04-14 00:00:00-04:00,22.670339310200927,23.160428604183945,22.512564152892324,22.976028442382812,65000,0.205,0.0
2025-04-15 00:00:00-04:00,23.133802734212857,23.133802734212857,22.54214685685466,22.630895614624023,72600,0.0,0.0
2025-04-16 00:00:00-04:00,22.601311795432927,23.227482742874315,22.601311795432927,23.035194396972656,294900,0.0,0.0
2025-04-17 00:00:00-04:00,23.104220431122595,24.159342432337063,23.104220431122595,23.932540893554688,257600,0.0,0.0
2025-04-21 00:00:00-04:00,23.774765381786214,24.041009762832967,23.45921509252481,23.853652954101562,182500,0.0,0.0
2025-04-22 00:00:00-04:00,24.129758610584933,24.6721123180857,23.821110959191046,24.435449600219727,885300,0.0,0.0
2025-04-23 00:00:00-04:00,24.76086242839122,25.47085062087088,24.642530122563844,25.244049072265625,381100,0.0,0.0
2025-04-24 00:00:00-04:00,24.03115128146983,26.78235710550715,24.03115128146983,26.348474502563477,272000,0.0,0.0
2025-04-25 00:00:00-04:00,26.348475209928555,26.838564494399854,26.180838873438148,26.604860305786133,255900,0.0,0.0
2025-04-28 00:00:00-04:00,26.713329428205597,27.41838791878198,26.713329428205597,27.196516036987305,141600,0.0,0.0
2025-04-29 00:00:00-04:00,27.166933059692383,27.541650441397824,26.949992704534775,27.166933059692383,438800,0.0,0.0
2025-04-30 00:00:00-04:00,26.92040976307232,27.092977625642305,26.412571118950776,27.038742065429688,306400,0.0,0.0
2025-05-01 00:00:00-04:00,27.25568299914243,27.25568299914243,26.14139574895218,27.009159088134766,70800,0.0,0.0
2025-05-02 00:00:00-04:00,27.324709170193813,27.521929049720974,26.81687051952939,27.21623992919922,129900,0.0,0.0
2025-05-05 00:00:00-04:00,27.314850283905805,27.314850283905805,26.920410518859505,26.999298095703125,974800,0.0,0.0
2025-05-06 00:00:00-04:00,26.93027299102456,27.443043205483814,26.668958232868412,27.226102828979492,267400,0.0,0.0
2025-05-07 00:00:00-04:00,27.334571060842826,27.5810949762283,26.83166204775708,27.472625732421875,137400,0.0,0.0
2025-05-08 00:00:00-04:00,27.62053743756645,27.62053743756645,27.196516036987305,27.196516036987305,159900,0.0,0.0
2025-05-09 00:00:00-04:00,27.374015239051506,27.659981997111352,27.231030919607498,27.40359878540039,150700,0.0,0.0
2025-05-12 00:00:00-04:00,27.876924258367367,27.876924258367367,26.920410281635583,27.304988861083984,200800,0.0,0.0
2025-05-13 00:00:00-04:00,27.36415408915773,27.64026154625458,26.97464585883222,27.206378936767578,295300,0.0,0.0
2025-05-14 00:00:00-04:00,27.226102232358325,27.590956579430713,26.96971713074701,27.25568389892578,139000,0.0,0.0
2025-05-15 00:00:00-04:00,27.31485116657772,28.330528516157166,26.88096853950291,28.123449325561523,336500,0.0,0.0
2025-05-16 00:00:00-04:00,28.09386488182461,28.92218537944145,27.945950910284786,28.65593910217285,402100,0.0,0.0
2025-05-19 00:00:00-04:00,28.59677348014185,29.129266027052356,28.300945541299235,28.872880935668945,178500,0.0,0.0
2025-05-20 00:00:00-04:00,28.882741857523797,29.346206125755856,28.838367479014376,29.178569793701172,160200,0.0,0.0
2025-05-21 00:00:00-04:00,28.9912108955067,29.65189503713508,28.882741656106436,29.28704071044922,632000,0.0,0.0
2025-05-22 00:00:00-04:00,29.079959763894756,29.267318459330397,28.64607716213838,28.695383071899414,282300,0.0,0.0
2025-05-23 00:00:00-04:00,28.49816428999192,28.90246336143309,28.1135875832133,28.833436965942383,189800,0.0,0.0
2025-05-27 00:00:00-04:00,29.11940387598871,29.29689950489095,28.793992401759123,28.82357406616211,131700,0.0,0.0
2025-05-28 00:00:00-04:00,28.557329521207244,28.981350957579057,28.557329521207244,28.734827041625977,221800,0.0,0.0
2025-05-29 00:00:00-04:00,28.813714619497834,29.188432025010318,28.705245375441667,28.734827041625977,133700,0.0,0.0
2025-05-30 00:00:00-04:00,28.73482712368258,28.754549488413918,28.25164047273412,28.43899917602539,136200,0.0,0.0
2025-06-02 00:00:00-04:00,28.438998186469547,29.025724410599633,28.438998186469547,28.586912155151367,181900,0.0,0.0
2025-06-03 00:00:00-04:00,28.498163645076584,28.828506662799832,28.320666128786858,28.379833221435547,148100,0.0,0.0
2025-06-04 00:00:00-04:00,28.488301689125084,28.606633990379965,28.22205730275081,28.32066535949707,75900,0.0,0.0
2025-06-05 00:00:00-04:00,28.222057342529297,28.45872006454451,28.097807955829513,28.222057342529297,84000,0.0,0.0
2025-06-06 00:00:00-04:00,28.123447812168852,28.29108414446127,27.743800769011674,28.005115509033203,165400,0.0,0.0
2025-06-09 00:00:00-04:00,28.162891083968194,28.162891083968194,27.85720196076514,27.88678550720215,228100,0.0,0.0
2025-06-10 00:00:00-04:00,28.064280776875872,28.162890716216744,27.74873047564761,27.807897567749023,260400,0.0,0.0
2025-06-11 00:00:00-04:00,27.827616709985943,28.17768207181835,27.689563930058164,27.77831268310547,205600,0.0,0.0
2025-06-12 00:00:00-04:00,27.837479263267337,27.916366838660256,27.605748068516473,27.61067771911621,115500,0.0,0.0
2025-06-13 00:00:00-04:00,27.17679514404337,27.74873053648048,27.15707466079449,27.4134578704834,154000,0.0,0.0
2025-06-16 00:00:00-04:00,27.6501225200253,27.965672822427774,27.26554394324764,27.314849853515625,85700,0.0,0.0
2025-06-17 00:00:00-04:00,27.12749126081044,27.245821684253805,26.782357410915658,26.821802139282227,46200,0.0,0.0
2025-06-18 00:00:00-04:00,26.65416647946127,27.42825142536405,26.65416647946127,27.07818603515625,211400,0.0,0.0
2025-06-20 00:00:00-04:00,26.94013280349061,27.04860392663991,26.37805858504094,26.516111373901367,70600,0.0,0.0
2025-06-23 00:00:00-04:00,26.683748118188777,26.74291521217405,26.35636551661338,26.49639129638672,63300,0.0,0.0
2025-06-24 00:00:00-04:00,26.713330975135356,26.984506899330892,26.580207838349587,26.92041015625,177500,0.0,0.0
2025-06-25 00:00:00-04:00,26.77249553862026,26.86617582566166,26.33368329140986,26.368196487426758,253300,0.0,0.0
2025-06-26 00:00:00-04:00,26.525971958418477,26.80207941074648,26.397780354626132,26.7429141998291,297300,0.0,0.0
2025-06-27 00:00:00-04:00,26.752774226189896,27.235962751069522,26.61472143669754,26.90069007873535,150800,0.0,0.0
2025-06-30 00:00:00-04:00,26.80207990568585,27.211308619927923,26.80207990568585,27.009159088134766,119500,0.0,0.0
2025-07-01 00:00:00-04:00,27.206380337135098,27.206380337135098,26.8119424358572,26.940134048461914,59500,0.0,0.0
2025-07-02 00:00:00-04:00,26.969716413039382,27.221169976312375,26.792218895045178,27.09790802001953,113800,0.0,0.0
2025-07-03 00:00:00-04:00,27.038743573002904,27.265545127602923,26.99929884307512,27.157075881958008,34500,0.0,0.0
2025-07-07 00:00:00-04:00,27.038742444707307,27.14721356665409,26.940132504830974,27.019020080566406,201000,0.0,0.0
2025-07-08 00:00:00-04:00,26.920411645991592,27.033814305728793,26.220284607294317,26.35833740234375,293700,0.0,0.0
2025-07-09 00:00:00-04:00,26.397781685630555,26.525973295886455,25.885011482950475,25.894872665405273,85600,0.0,0.0
2025-07-10 00:00:00-04:00,25.83570729953418,26.04771801899466,25.628626230857986,25.7075138092041,86500,0.0,0.0
2025-07-11 00:00:00-04:00,25.58918208949144,25.840635645008984,25.056689551932223,25.579320907592773,451200,0.0,0.0
2025-07-14 00:00:00-04:00,25.709510110539462,25.709510110539462,24.90453377421889,24.984037399291992,105500,0.201,0.0
2025-07-15 00:00:00-04:00,25.1629192978027,25.302050158226262,24.83496663000729,25.212610244750977,94700,0.0,0.0
2025-07-16 00:00:00-04:00,25.341803649536057,26.097089005376294,25.08341640447104,25.74925994873047,580900,0.0,0.0
2025-07-17 00:00:00-04:00,25.779075651096313,25.779075651096313,25.321928383417156,25.590253829956055,283200,0.0,0.0
2025-07-18 00:00:00-04:00,25.679695417712363,25.918206291792906,25.540564548377695,25.739322662353516,107700,0.0,0.0
2025-07-21 00:00:00-04:00,25.85857796799672,25.85857796799672,25.38652438679095,25.520687103271484,156300,0.0,0.0
2025-07-22 00:00:00-04:00,25.649880090130026,25.689632849060754,25.321927411015032,25.39149284362793,98300,0.0,0.0
2025-07-23 00:00:00-04:00,25.43124501164368,26.24615759562969,25.33186501214191,26.23621940612793,147700,0.0,0.0
2025-07-24 00:00:00-04:00,26.077212753613196,26.564172677093623,26.077212753613196,26.35547637939453,80300,0.0,0.0
2025-07-25 00:00:00-04:00,25.123169836720024,26.623802398954272,25.123169836720024,26.4747314453125,130000,0.0,0.0
2025-07-28 00:00:00-04:00,26.22628145169197,27.12069955970872,26.22628145169197,26.86231231689453,85800,0.0,0.0
2025-07-29 00:00:00-04:00,27.100822897468273,27.766666428972982,26.792744709917677,27.577844619750977,135400,0.0,0.0
2025-07-30 00:00:00-04:00,27.66728775200402,27.875984054659117,27.190266006921586,27.458589553833008,129900,0.0,0.0
2025-07-31 00:00:00-04:00,27.329397205859888,28.104558972630013,27.259831770800247,27.91573715209961,107800,0.0,0.0
2025-08-01 00:00:00-04:00,28.044928429639967,28.174122998732077,27.428775839482633,27.8262939453125,101500,0.0,0.0
2025-08-04 00:00:00-04:00,28.01511695653214,28.26853416750605,27.657349698201042,27.87598419189453,86600,0.0,0.0
2025-08-05 00:00:00-04:00,28.0250536076586,28.14430809020996,27.816355419919983,28.14430809020996,141000,0.0,0.0
2025-08-06 00:00:00-04:00,28.28344067945663,28.40269706480889,28.020085276845144,28.10455894470215,67900,0.0,0.0
2025-08-07 00:00:00-04:00,28.203935993520272,28.601455999398045,28.164185130242014,28.472261428833008,43000,0.0,0.0
2025-08-08 00:00:00-04:00,28.39275874649985,28.641207810638655,28.213875117037365,28.27350425720215,44200,0.0,0.0
2025-08-11 00:00:00-04:00,28.24368899594396,28.442449000597346,27.84617088215307,28.134370803833008,59400,0.0,0.0
2025-08-12 00:00:00-04:00,28.18406193042806,28.51201461331246,28.064805547781056,28.362945556640625,47900,0.0,0.0
2025-08-13 00:00:00-04:00,28.27350378449106,28.76046371459961,28.27350378449106,28.76046371459961,53700,0.0,0.0
2025-08-14 00:00:00-04:00,28.621330707665358,28.626300750311522,28.263565353292762,28.323192596435547,42700,0.0,0.0
2025-08-15 00:00:00-04:00,28.323191693352932,28.750524362535177,28.253626262651792,28.3331298828125,79600,0.0,0.0
2025-08-18 00:00:00-04:00,28.203937014945947,28.295367226174122,28.01511709038321,28.293378829956055,27900,0.0,0.0
2025-08-19 00:00:00-04:00,28.154247960169634,28.37785249769491,28.00517890032476,28.293378829956055,93100,0.0,0.0
2025-08-20 00:00:00-04:00,28.372881085167933,28.482199275017457,27.97536297960036,28.01511573791504,38200,0.0,0.0
2025-08-21 00:00:00-04:00,27.78654086763187,28.134369917053988,27.78654086763187,27.955486297607422,21400,0.0,0.0
2025-08-22 00:00:00-04:00,28.323191883553257,28.531888177058153,28.27350283143757,28.372880935668945,37200,0.0,0.0
2025-08-25 00:00:00-04:00,28.313254883241598,28.407664844433153,27.806418569206897,27.836233139038086,32900,0.0,0.0
2025-08-26 00:00:00-04:00,27.736852100303555,27.915735721585015,27.11076132133428,27.239953994750977,60500,0.0,0.0
2025-08-27 00:00:00-04:00,27.180328113804705,27.548031668836423,26.981568103425012,27.518218994140625,205400,0.0,0.0
2025-08-28 00:00:00-04:00,27.617597361168873,27.851138179669007,27.31945736328376,27.766666412353516,96700,0.0,0.0
2025-08-29 00:00:00-04:00,27.617598825044674,27.617598825044674,27.190266132286244,27.289644241333008,266400,0.0,0.0
2025-09-02 00:00:00-04:00,26.961691342016646,27.577845849067867,26.961691342016646,27.4387149810791,58100,0.0,0.0
2025-09-03 00:00:00-04:00,27.498342023931343,27.57784564727402,27.254861111216705,27.398962020874023,32800,0.0,0.0
2025-09-04 00:00:00-04:00,27.403930841245856,27.557968038373982,27.215109033410677,27.5380916595459,163700,0.0,0.0
2025-09-05 00:00:00-04:00,27.786542251824084,28.08468226425887,27.627535003398567,28.04492950439453,78200,0.0,0.0
2025-09-08 00:00:00-04:00,27.945549987452416,28.258594425786608,27.72691361024855,28.14430809020996,36200,0.0,0.0
2025-09-09 00:00:00-04:00,28.094619377566104,28.129402093356475,27.59772127139981,27.8262939453125,70000,0.0,0.0
2025-09-10 00:00:00-04:00,27.965424689183994,28.33313012020553,27.87101473180082,27.9952392578125,174000,0.0,0.0
2025-09-11 00:00:00-04:00,28.293377157558524,28.362944483855607,27.856108193928954,27.955486297607422,137200,0.0,0.0
2025-09-12 00:00:00-04:00,27.90579736374793,28.030021889387033,27.667286501982748,27.786540985107422,77400,0.0,0.0
2025-09-15 00:00:00-04:00,27.6871641964626,27.811388728003777,26.92690877447977,27.080947875976562,68000,0.0,0.0
2025-09-16 00:00:00-04:00,26.9616906323119,26.9616906323119,26.514483470327185,26.713241577148438,85600,0.0,0.0
2025-09-17 00:00:00-04:00,26.782808494141086,27.140573839139726,26.668520262464426,26.822559356689453,257900,0.0,0.0
2025-09-18 00:00:00-04:00,26.792746069288903,26.792746069288903,25.957958960697873,26.3057861328125,173000,0.0,0.0
2025-09-19 00:00:00-04:00,26.186530990596168,26.837466306897806,26.186530990596168,26.752994537353516,100300,0.0,0.0
2025-09-22 00:00:00-04:00,26.782809819543537,27.369149761395903,26.782809819543537,27.289644241333008,157000,0.0,0.0
2025-09-23 00:00:00-04:00,27.478465277787222,28.22381244750396,27.031258113266702,27.905797958374023,212400,0.0,0.0
2025-09-24 00:00:00-04:00,27.80641749504505,27.84617025328432,27.34430210585069,27.617597579956055,176300,0.0,0.0
2025-09-25 00:00:00-04:00,27.602689658261827,27.84120052383206,27.379085129441027,27.4884033203125,84400,0.0,0.0
2025-09-26 00:00:00-04:00,27.458588731331076,27.836232356512905,27.31945786706191,27.67722511291504,150300,0.0,0.0
2025-09-29 00:00:00-04:00,27.8262939453125,28.193999377902532,27.68716308215101,27.8262939453125,94700,0.0,0.0
2025-09-30 00:00:00-04:00,27.76666717179102,28.422572531355573,27.76666717179102,28.1144962310791,77000,0.0,0.0
2025-10-01 00:00:00-04:00,28.397728912469482,28.397728912469482,27.4089007988802,27.518218994140625,72200,0.0,0.0
2025-10-02 00:00:00-04:00,27.6474106171411,27.6474106171411,27.021319830755903,27.110761642456055,75400,0.0,0.0
2025-10-03 00:00:00-04:00,27.259831441566163,27.309520495861225,26.752995126589685,26.872251510620117,63600,0.0,0.0
2025-10-06 00:00:00-04:00,26.782809330801385,26.852374764071037,25.80193103515161,26.603925704956055,54700,0.0,0.0
2025-10-07 00:00:00-04:00,26.454857417196614,26.603926477893403,26.136841020056597,26.176593780517578,97800,0.0,0.0
2025-10-08 00:00:00-04:00,26.21634451766512,26.514484533121298,25.92814458779168,26.345539093017578,88000,0.0,0.0
2025-10-09 00:00:00-04:00,26.464792718463194,26.464792718463194,25.873484645169913,25.977832794189453,77000,0.0,0.0
2025-10-10 00:00:00-04:00,25.923173459588146,26.00764712386103,25.50578086735456,25.540563583374023,81600,0.0,0.0
2025-10-13 00:00:00-04:00,25.620067253967516,25.977832604495763,25.620067253967516,25.938081741333008,137200,0.0,0.0
2025-10-14 00:00:00-04:00,25.6598178470763,26.23621957323894,25.431245173627424,25.689632415771484,153300,0.0,0.0
2025-10-15 00:00:00-04:00,25.649880027027955,26.11696546573552,25.5803145945862,25.957958221435547,93100,0.0,0.0
2025-10-16 00:00:00-04:00,26.136840430864776,26.574111308498633,25.98777137352839,26.057336807250977,105900,0.0,0.0
2025-10-17 00:00:00-04:00,25.948020584580426,26.405165947803912,25.649880573528844,26.266035079956055,173900,0.0,0.0
2025-10-20 00:00:00-04:00,26.33560026618806,26.762932951148372,26.325662076361553,26.603925704956055,98000,0.0,0.0
2025-10-21 00:00:00-04:00,26.49460670180418,26.748025795837254,26.430009417666124,26.633737564086914,136700,0.0,0.0
2025-10-22 00:00:00-04:00,26.623802608122304,27.110762546101025,26.469763506056367,27.1008243560791,184800,0.0,0.0
2025-10-23 00:00:00-04:00,27.259830373896882,27.577844858167996,27.036225847295054,27.239953994750977,221600,0.0,0.0
2025-10-24 00:00:00-04:00,27.61759853765491,28.839967463163006,27.01138222209513,28.59151840209961,330700,0.0,0.0
2025-10-27 00:00:00-04:00,28.651144921086885,29.808918426196282,28.651144921086885,29.60519027709961,135900,0.0,0.0
2025-10-28 00:00:00-04:00,29.535622339682316,29.81388595767296,29.06357066176515,29.674755096435547,162200,0.0,0.0
2025-10-29 00:00:00-04:00,29.664817250985955,30.26109535615712,29.625064492733816,30.131900787353516,86300,0.0,0.0
2025-10-30 00:00:00-04:00,30.121963009284627,30.420103013701002,29.87351395336225,30.0225830078125,162800,0.0,0.0
2025-10-31 00:00:00-04:00,30.121963801523076,30.53935830227121,30.05239836731771,30.18159294128418,91000,0.0,0.0
2025-11-03 00:00:00-05:00,30.26109582377458,30.509544880142133,29.595252276888893,29.644941329956055,53300,0.0,0.0
2025-11-04 00:00:00-05:00,29.42630735299322,29.9828327181623,29.267300105802054,29.555500030517578,65300,0.0,0.0
2025-11-05 00:00:00-05:00,29.7940102115376,30.355505606409817,29.69463021046491,30.1915283203125,75500,0.0,0.0
2025-11-06 00:00:00-05:00,30.33066095947029,30.549295444548548,29.977863757804514,30.3604736328125,78900,0.0,0.0
2025-11-07 00:00:00-05:00,30.19152856748637,30.718241250622647,30.19152856748637,30.628799438476562,43300,0.0,0.0
2025-11-10 00:00:00-05:00,30.638738058246354,31.14557436901589,30.638738058246354,31.10582160949707,55500,0.0,0.0
2025-11-11 00:00:00-05:00,31.105821809927182,31.443712685950736,30.817621883622337,31.14557456970215,66700,0.0,0.0
2025-11-12 00:00:00-05:00,31.334394925469706,31.334394925469706,30.658613204956055,30.658613204956055,26500,0.0,0.0
2025-11-13 00:00:00-05:00,30.479729500608098,31.38408389010008,30.385319544084282,30.449914932250977,61800,0.0,0.0
2025-11-14 00:00:00-05:00,30.380351016486017,30.658614648480356,30.11202557443961,30.370412826538086,46100,0.0,0.0
2025-11-17 00:00:00-05:00,30.430040927820656,30.44494726447593,29.694630060896447,29.774133682250977,33700,0.0,0.0
2025-11-18 00:00:00-05:00,29.44618085408846,30.57910982189349,29.44618085408846,30.320722579956055,84100,0.0,0.0
2025-11-19 00:00:00-05:00,30.459854678105657,30.80768374464842,29.774134734980315,30.18159294128418,69500,0.0,0.0
2025-11-20 00:00:00-05:00,30.946814908509285,31.00644404883967,30.236250431457663,30.241220474243164,91700,0.0,0.0
2025-11-21 00:00:00-05:00,30.151778334231334,30.464824683285478,30.03252195037207,30.370412826538086,63900,0.0,0.0
2025-11-24 00:00:00-05:00,30.251158198994883,31.03625624610972,29.674756453278555,29.953018188476562,88900,0.0,0.0
2025-11-25 00:00:00-05:00,29.80394860399976,31.115759319641178,29.80394860399976,31.00644302368164,66500,0.0,0.0
2025-11-26 00:00:00-05:00,31.135636279511353,31.36420896093373,30.956752652131783,31.12569808959961,33700,0.0,0.0
2025-11-28 00:00:00-05:00,31.10582183534572,31.165450975056896,30.817621908805368,30.95675277709961,32500,0.0,0.0
2025-12-01 00:00:00-05:00,31.006442356916626,31.016378650913563,30.479729685834887,30.678489685058594,54500,0.0,0.0
2025-12-02 00:00:00-05:00,30.598986335853485,31.2052007373822,30.598986335853485,30.926939010620117,39000,0.0,0.0
2025-12-03 00:00:00-05:00,31.036256401198596,31.036256401198596,30.19152921044943,30.95675277709961,67200,0.0,0.0
2025-12-04 00:00:00-05:00,30.4598549747604,31.03128858218281,30.449916784703426,30.827560424804688,49300,0.0,0.0
2025-12-05 00:00:00-05:00,30.688425950282053,31.195262241863045,30.549295088265406,30.8673095703125,55000,0.0,0.0
2025-12-08 00:00:00-05:00,31.006443601690503,31.225078093201137,30.86234269124408,31.12569808959961,79400,0.0,0.0
2025-12-09 00:00:00-05:00,31.27476578369167,31.97042198754055,31.2548913002506,31.622594833374023,25500,0.0,0.0
2025-12-10 00:00:00-05:00,31.622596171885373,31.622596171885373,30.698365361943303,30.728179931640625,44600,0.0,0.0
2025-12-11 00:00:00-05:00,30.797745429153444,31.01637992083856,30.579110937468332,30.93687629699707,70800,0.0,0.0
2025-12-12 00:00:00-05:00,30.86731011455967,32.01017539038566,30.449915625634475,30.589048385620117,38800,0.0,0.0
2025-12-15 00:00:00-05:00,30.579110628590772,31.69713139379634,30.579110628590772,31.066070556640625,89400,0.0,0.0
2025-12-16 00:00:00-05:00,30.99650512659116,31.11575961340305,30.28097062365626,30.290908813476562,76000,0.0,0.0
2025-12-17 00:00:00-05:00,30.738118439274988,30.777869303766412,29.982833058778667,30.01264762878418,118500,0.0,0.0
2025-12-18 00:00:00-05:00,30.181592372350657,30.77786859459433,30.047429653691065,30.6486759185791,95600,0.0,0.0
2025-12-19 00:00:00-05:00,30.70830357642636,31.195263508777057,30.0225836369662,30.539358139038086,78100,0.0,0.0
2025-12-22 00:00:00-05:00,30.479730648550717,31.026317820406362,30.479730648550717,30.877248764038086,30900,0.0,0.0
2025-12-23 00:00:00-05:00,30.996505737304688,31.175389366562896,30.63873847878827,30.996505737304688,29400,0.0,0.0
2025-12-24 00:00:00-05:00,30.976628032629876,31.254891654634015,30.976628032629876,31.115758895874023,5900,0.0,0.0
2025-12-26 00:00:00-05:00,31.215139389038086,31.25489214803016,30.949795598865233,31.215139389038086,19600,0.0,0.0
2025-12-29 00:00:00-05:00,31.115760125946437,31.26482918467473,30.897125632846,30.97662925720215,28300,0.0,0.0
2025-12-30 00:00:00-05:00,31.036255990356494,31.145574182863967,30.18159251648498,30.290908813476562,44700,0.0,0.0
2025-12-31 00:00:00-05:00,30.27103153128154,30.454885194201626,30.082211616873213,30.300846099853516,38000,0.0,0.0
2026-01-02 00:00:00-05:00,30.2312810591615,30.59898649423503,30.007676530773264,30.38035011291504,62900,0.0,0.0
2026-01-05 00:00:00-05:00,30.60892249504899,30.82755887427381,30.141838958959692,30.320722579956055,61700,0.0,0.0
2026-01-06 00:00:00-05:00,30.151776947401906,30.390287808634223,29.72444427687557,30.280969619750977,88500,0.0,0.0
2026-01-07 00:00:00-05:00,30.241218708213125,30.976627669697944,30.16171508793141,30.847434997558594,37600,0.0,0.0
2026-01-08 00:00:00-05:00,30.7182413519864,31.478494862220902,30.70830316221339,31.423837661743164,58700,0.0,0.0
2026-01-09 00:00:00-05:00,31.334395748968177,31.49340299379545,30.96669031060768,31.403961181640625,50700,0.0,0.0
2026-01-12 00:00:00-05:00,31.254891687460027,31.890920657833664,31.254891687460027,31.702098846435547,20400,0.0,0.0
2026-01-13 00:00:00-05:00,31.82135571911067,31.861108478132792,31.543092092503457,31.80147933959961,49900,0.0,0.0
2026-01-14 00:00:00-05:00,31.741851806640625,31.890920860580174,31.562968183706825,31.741851806640625,61500,0.0,0.0
2026-01-15 00:00:00-05:00,31.731914307311285,32.30931119764482,31.731914307311285,31.880985260009766,40200,0.0,0.0
2026-01-16 00:00:00-05:00,31.84123344945292,32.12943527804232,31.523217050332068,32.079742431640625,49400,0.0,0.0
2026-01-20 00:00:00-05:00,32.010176446731755,32.010176446731755,31.503342025004475,31.771665573120117,43300,0.0,0.0
2026-01-21 00:00:00-05:00,31.950551645885582,32.21887330308878,31.849183243388254,32.079742431640625,58800,0.0,0.0
2026-01-22 00:00:00-05:00,32.12943309273464,32.243717533208795,31.682222147244214,31.83129119873047,295400,0.0,0.0
2026-01-23 00:00:00-05:00,31.90085685032369,31.90085685032369,31.006442535221122,31.682222366333008,92000,0.0,0.0
2026-01-26 00:00:00-05:00,31.83129201335032,32.20893564199696,31.682222958049124,31.80147933959961,48300,0.0,0.0
2026-01-27 00:00:00-05:00,31.905828230610446,32.477261833986795,31.871045513415286,32.14930725097656,41200,0.0,0.0
2026-01-28 00:00:00-05:00,32.19899903347583,32.3371366473524,31.851168081974944,31.930673599243164,43900,0.0,0.0
2026-01-29 00:00:00-05:00,32.01017508938509,32.01017508938509,30.698364392388612,31.304580688476562,136400,0.0,0.0
2026-01-30 00:00:00-05:00,31.324458159160383,31.324458159160383,30.400227346203344,30.748056411743164,216700,0.0,0.0
2026-02-02 00:00:00-05:00,30.7480560216092,31.093896686568293,30.380350580871802,30.66855239868164,30200,0.0,0.0
2026-02-03 00:00:00-05:00,30.857372624201904,31.40396169582142,30.857372624201904,31.31451988220215,22000,0.0,0.0
2026-02-04 00:00:00-05:00,31.493402177673385,31.69216028079891,31.105820369874333,31.433773040771484,37900,0.0,0.0
2026-02-05 00:00:00-05:00,31.24495457362365,31.493403635669445,30.996505511577855,31.14557456970215,94000,0.0,0.0
2026-02-06 00:00:00-05:00,31.394022905475772,32.020115588836,31.135635659463787,31.970422744750977,33700,0.0,0.0
2026-02-09 00:00:00-05:00,31.950550303557275,33.366709172774904,31.950550303557275,33.16297912597656,95300,0.0,0.0
2026-02-10 00:00:00-05:00,33.14310377716666,33.182856537441396,32.67602211255013,32.98409652709961,47500,0.0,0.0
2026-02-11 00:00:00-05:00,33.02385014917979,33.07353920530397,32.4772629497498,32.765464782714844,46600,0.0,0.0
2026-02-12 00:00:00-05:00,32.785339932957825,33.4809942746529,32.60645630479856,32.90459442138672,72900,0.0,0.0
2026-02-13 00:00:00-05:00,32.805210045959335,34.10708439907839,32.805210045959335,33.938140869140625,52900,0.0,0.0
2026-02-17 00:00:00-05:00,33.7294422241576,33.87851317304934,33.321985927022766,33.461116790771484,28800,0.0,0.0
2026-02-18 00:00:00-05:00,33.36173749334508,33.56049748775413,33.08347577579137,33.41142654418945,58200,0.0,0.0
2026-02-19 00:00:00-05:00,33.520745928534524,33.8188840352863,32.599498685837396,33.461116790771484,37100,0.0,0.0
2026-02-20 00:00:00-05:00,33.72944217384293,35.99033007948212,33.72944217384293,35.766727447509766,229700,0.0,0.0
2026-02-23 00:00:00-05:00,35.8164160950835,36.03008243054346,35.03131618422768,35.68722152709961,69000,0.0,0.0
2026-02-24 00:00:00-05:00,35.7766630453634,37.00897199609095,34.974670303964416,36.591575622558594,68100,0.0,0.0
2026-02-25 00:00:00-05:00,36.60151854941422,37.177918416340916,36.02511489145561,36.392818450927734,168300,0.0,0.0
2026-02-26 00:00:00-05:00,36.253684385683854,36.54685623169077,35.83629180754308,36.5120735168457,53800,0.0,0.0
2026-02-27 00:00:00-05:00,36.15430905535176,36.91953263164102,36.049960902816665,36.50213623046875,45200,0.0,0.0
2026-03-02 00:00:00-05:00,36.43256984592396,36.492198984832164,34.59404832645299,34.753055572509766,79800,0.0,0.0
2026-03-03 00:00:00-05:00,34.23628044958047,34.23628044958047,32.344093118765,33.27229690551758,113100,0.0,0.0
2026-03-04 00:00:00-05:00,33.4014914059744,34.07727313572519,32.98409502417221,33.83876037597656,183100,0.0,0.0
2026-03-05 00:00:00-05:00,33.351804234527506,33.85863866491135,32.97416058988877,33.25242233276367,52100,0.0,0.0
2026-03-06 00:00:00-05:00,32.78533874315975,33.39155124877541,32.73067964814848,32.85490417480469,47200,0.0,0.0
2026-03-09 00:00:00-04:00,32.795273843427246,32.795273843427246,31.920732146113686,32.616390228271484,48000,0.0,0.0
2026-03-10 00:00:00-04:00,32.87477988933987,33.858635997587925,32.87477988933987,33.30210876464844,232500,0.0,0.0
2026-03-11 00:00:00-04:00,33.1927946301553,33.441243680407865,32.755521875450526,32.77539825439453,68000,0.0,0.0
2026-03-12 00:00:00-04:00,32.40769597708236,32.40769597708236,31.662348797447653,31.672286987304688,155800,0.0,0.0
2026-03-13 00:00:00-04:00,31.582844381085486,32.179122488924335,31.18333787823703,31.513277053833008,69000,0.0,0.0
2026-03-16 00:00:00-04:00,31.960487303377835,32.19900007184244,31.48346555748048,31.75179100036621,48500,0.0,0.0
2026-03-17 00:00:00-04:00,32.44744976364932,32.46732235296067,32.12943526022082,32.2685661315918,43100,0.0,0.0
2026-03-18 00:00:00-04:00,32.3480661894412,33.376645125075356,32.3480661894412,32.705833435058594,38700,0.0,0.0
2026-03-19 00:00:00-04:00,32.358008303232424,32.68595910492075,32.05986638583873,32.53689193725586,25800,0.0,0.0
2026-03-20 00:00:00-04:00,32.367943565168794,32.367943565168794,31.07600919813762,31.354270935058594,90900,0.0,0.0
2026-03-23 00:00:00-04:00,31.880983630445613,32.30334625346027,31.652409065898716,32.129432678222656,36800,0.0,0.0
2026-03-24 00:00:00-04:00,31.712036057275718,32.53688870910504,31.433772443567666,32.46731948852539,39800,0.0,0.0
2026-03-25 00:00:00-04:00,32.91452989215104,33.50086981621524,32.59651540361097,33.12322998046875,56000,0.0,0.0
2026-03-26 00:00:00-04:00,32.70583205976259,32.805210161129985,32.11949216321922,32.238746643066406,48500,0.0,0.0
2026-03-27 00:00:00-04:00,31.990300753412022,32.765464426442136,31.990300753412022,32.49713897705078,28500,0.0,0.0
2026-03-30 00:00:00-04:00,32.68595583617022,33.10335220416061,32.4971359262648,32.84496307373047,44900,0.0,0.0
2026-03-31 00:00:00-04:00,33.15304364685363,33.391552624885065,32.61639275973513,33.1331672668457,69100,0.0,0.0
2026-04-01 00:00:00-04:00,33.45117985433569,34.07727252021449,33.12322908051551,33.9083251953125,103600,0.0,0.0
2026-04-02 00:00:00-04:00,33.44124577655063,33.78907295229384,33.32695753821678,33.779136657714844,32100,0.0,0.0
2026-04-06 00:00:00-04:00,34.52448197858368,34.78783736747889,33.57043473648686,33.987831115722656,63400,0.0,0.0
2026-04-07 00:00:00-04:00,33.98783194112289,34.28597005294212,33.451181065229214,33.769195556640625,39100,0.0,0.0
2026-04-08 00:00:00-04:00,34.792804706044905,35.24001377240164,34.76299203196506,34.98162841796875,55300,0.0,0.0
2026-04-09 00:00:00-04:00,34.6735488339098,35.428836069377084,34.564230645273874,34.89218521118164,30300,0.0,0.0
2026-04-10 00:00:00-04:00,35.17044789115341,35.88598238821568,34.82758697947245,35.27976608276367,146500,0.0,0.0
2026-04-13 00:00:00-04:00,35.319518640014465,35.42883683100043,34.513549085103065,35.240013122558594,60300,0.0,0.0
2026-04-14 00:00:00-04:00,35.40895922281973,35.88598093790545,35.40895922281973,35.56796646118164,38900,0.0,0.0
2026-04-15 00:00:00-04:00,35.408959968391784,36.59157609167018,35.32448440948986,36.104618072509766,43700,0.0,0.0
2026-04-16 00:00:00-04:00,36.34312622086526,36.3480962632844,35.88598088512608,36.134429931640625,35200,0.0,0.0
2026-04-17 00:00:00-04:00,36.46238299456474,36.52201213424926,35.52821588569826,35.627593994140625,49700,0.0,0.0
2026-04-20 00:00:00-04:00,35.71703518279555,36.044989758770626,35.68722250899118,35.885982513427734,26200,0.0,0.0
2026-04-21 00:00:00-04:00,35.85616930451505,35.93070098791367,34.93690477159383,35.200260162353516,103900,0.0,0.0
2026-04-22 00:00:00-04:00,35.5480906990902,35.75678699224162,35.269828974888306,35.30957794189453,34400,0.0,0.0
2026-04-23 00:00:00-04:00,35.45864850588223,35.86610479378877,35.08597493312509,35.23007583618164,25600,0.0,0.0
2026-04-24 00:00:00-04:00,35.836294236336066,36.67108324022677,33.63006534226097,36.04499053955078,126700,0.0,0.0
2026-04-27 00:00:00-04:00,36.04499085057822,36.37791168825041,35.095913601386094,35.3294563293457,44300,0.0,0.0
2026-04-28 00:00:00-04:00,35.29964405321856,35.637534937501165,35.210202237054574,35.40896224975586,34600,0.0,0.0
2026-04-29 00:00:00-04:00,35.40896174313845,35.731946285277914,34.59404911465135,34.72323989868164,59900,0.0,0.0
2026-04-30 00:00:00-04:00,34.78286656509856,35.508337327103966,34.49466476085445,35.37914276123047,102900,0.0,0.0
2026-05-01 00:00:00-04:00,35.37914378457362,35.48349572339511,34.42510032675418,35.200260162353516,33800,0.0,0.0
2026-05-04 00:00:00-04:00,36.29343685673278,36.29343685673278,34.79777254812668,34.9219970703125,48700,0.0,0.0
2026-05-05 00:00:00-04:00,35.119998931884766,35.849998474121094,34.939998626708984,35.689998626708984,48600,0.218,0.0
2026-05-06 00:00:00-04:00,36.209999084472656,36.720001220703125,35.744998931884766,36.380001068115234,117300,0.0,0.0
2026-05-07 00:00:00-04:00,36.06999969482422,36.459999084472656,35.0,35.72999954223633,78500,0.0,0.0
2026-05-08 00:00:00-04:00,36.150001525878906,36.150001525878906,35.099998474121094,35.58000183105469,107800,0.0,0.0
2026-05-11 00:00:00-04:00,35.72999954223633,36.130001068115234,35.380001068115234,35.65999984741211,92900,0.0,0.0
2026-05-12 00:00:00-04:00,35.34000015258789,35.56999969482422,34.400001525878906,34.630001068115234,78300,0.0,0.0
2026-05-13 00:00:00-04:00,34.66999816894531,34.84000015258789,33.525001525878906,34.4900016784668,144600,0.0,0.0
2026-05-14 00:00:00-04:00,34.40999984741211,34.65999984741211,33.040000915527344,34.45000076293945,1087400,0.0,0.0
2026-05-15 00:00:00-04:00,33.81999969482422,34.29999923706055,32.0099983215332,34.0,212800,0.0,0.0
2026-05-18 00:00:00-04:00,34.150001525878906,35.02000045776367,33.9900016784668,34.720001220703125,330000,0.0,0.0
2026-05-19 00:00:00-04:00,34.36000061035156,34.52299880981445,33.790000915527344,34.099998474121094,183900,0.0,0.0
2026-05-20 00:00:00-04:00,34.310001373291016,34.77000045776367,34.040000915527344,34.58000183105469,181300,0.0,0.0
2026-05-21 00:00:00-04:00,34.22999954223633,34.529998779296875,32.0099983215332,34.08000183105469,113600,0.0,0.0
2026-05-22 00:00:00-04:00,34.08000183105469,34.380001068115234,33.81999969482422,34.11000061035156,61900,0.0,0.0
2026-05-26 00:00:00-04:00,34.40999984741211,34.869998931884766,34.189998626708984,34.63999938964844,104100,0.0,0.0
2026-05-27 00:00:00-04:00,34.59000015258789,35.0099983215332,34.30099868774414,34.880001068115234,79400,0.0,0.0
2026-05-28 00:00:00-04:00,34.68000030517578,35.15999984741211,34.400001525878906,34.88999938964844,111100,0.0,0.0
2026-05-29 00:00:00-04:00,34.630001068115234,35.189998626708984,34.36000061035156,34.95000076293945,204100,0.0,0.0
2026-06-01 00:00:00-04:00,34.7400016784668,35.0,34.060001373291016,34.70000076293945,186300,0.0,0.0
2026-06-02 00:00:00-04:00,34.599998474121094,35.099998474121094,34.209999084472656,34.88999938964844,144700,0.0,0.0
2026-06-03 00:00:00-04:00,34.7599983215332,34.904998779296875,34.400001525878906,34.56999969482422,76000,0.0,0.0
2026-06-04 00:00:00-04:00,34.63999938964844,34.720001220703125,32.400001525878906,34.0,70600,0.0,0.0
2026-06-05 00:00:00-04:00,33.810001373291016,33.93000030517578,33.31999969482422,33.81999969482422,53800,0.0,0.0
2026-06-08 00:00:00-04:00,33.97999954223633,34.290000915527344,33.68000030517578,34.2599983215332,108100,0.0,0.0
2026-06-09 00:00:00-04:00,34.4900016784668,34.61000061035156,33.63999938964844,33.720001220703125,77900,0.0,0.0
2026-06-10 00:00:00-04:00,33.68000030517578,34.31999969482422,33.20000076293945,33.70000076293945,42800,0.0,0.0
2026-06-11 00:00:00-04:00,33.939998626708984,34.0099983215332,33.38999938964844,33.88999938964844,114500,0.0,0.0
2026-06-12 00:00:00-04:00,34.04999923706055,34.59000015258789,33.98500061035156,34.33000183105469,48800,0.0,0.0
2026-06-15 00:00:00-04:00,34.470001220703125,34.86000061035156,34.279998779296875,34.31999969482422,61400,0.0,0.0
2026-06-16 00:00:00-04:00,34.599998474121094,34.689998626708984,34.13999938964844,34.13999938964844,37500,0.0,0.0
2026-06-17 00:00:00-04:00,34.220001220703125,34.755001068115234,34.00600051879883,34.31999969482422,74600,0.0,0.0
2026-06-18 00:00:00-04:00,34.720001220703125,34.720001220703125,33.52000045776367,33.849998474121094,115200,0.0,0.0
2026-06-22 00:00:00-04:00,34.029998779296875,34.029998779296875,33.560001373291016,33.68000030517578,56700,0.0,0.0
2026-06-23 00:00:00-04:00,33.36000061035156,33.630001068115234,33.0099983215332,33.13999938964844,109200,0.0,0.0
2026-06-24 00:00:00-04:00,32.86000061035156,33.099998474121094,32.25,32.34000015258789,421300,0.0,0.0
2026-06-25 00:00:00-04:00,32.540000915527344,33.564998626708984,31.895000457763672,33.529998779296875,79400,0.0,0.0
2026-06-26 00:00:00-04:00,33.529998779296875,33.95899963378906,33.349998474121094,33.849998474121094,64700,0.0,0.0
2026-06-29 00:00:00-04:00,33.90999984741211,34.470001220703125,33.09000015258789,34.15999984741211,58900,0.0,0.0
2026-06-30 00:00:00-04:00,34.2599983215332,34.47999954223633,33.7599983215332,34.310001373291016,50691,0.0,0.0
