Date,Open,High,Low,Close,Volume,Dividends,Stock Splits
2022-01-04 00:00:00-05:00,186.42716777906887,186.42716777906887,180.241958264163,183.45826721191406,48900,0.0,0.0
2022-01-05 00:00:00-05:00,183.34940250797825,183.34940250797825,177.18397493945744,178.81687927246094,105700,0.0,0.0
2022-01-06 00:00:00-05:00,177.827257091182,182.2509203193634,177.827257091182,179.21273803710938,33900,0.0,0.0
2022-01-07 00:00:00-05:00,178.173602643103,180.19246337086244,177.34231415548834,177.82723999023438,38200,0.0,0.0
2022-01-10 00:00:00-05:00,176.68914386387706,177.63919858973856,170.63259217590883,173.91818237304688,76200,0.0,0.0
2022-01-11 00:00:00-05:00,176.54071201206855,179.2720949206022,173.58170253570097,178.9356231689453,34300,0.0,0.0
2022-01-12 00:00:00-05:00,178.93563050652196,180.3211264652428,175.79849412731852,176.89698791503906,28700,0.0,0.0
2022-01-13 00:00:00-05:00,179.10385785970618,179.10385785970618,173.54212269337128,174.5713348388672,42500,0.0,0.0
2022-01-14 00:00:00-05:00,173.1957361934901,174.41299615000565,171.70139519315734,172.29518127441406,55800,0.0,0.0
2022-01-17 00:00:00-05:00,174.05674964595053,174.5218786119164,172.33478187191034,173.1858673095703,24200,0.0,0.0
2022-01-18 00:00:00-05:00,170.95920412895634,172.78012632592294,169.7221621309176,171.89935302734375,53500,0.0,0.0
2022-01-19 00:00:00-05:00,172.03787920479857,174.69010476294542,172.03787920479857,172.59207153320312,39700,0.0,0.0
2022-01-20 00:00:00-05:00,172.93845892769951,176.30320688089887,172.91866202897924,173.1858673095703,48200,0.0,0.0
2022-01-21 00:00:00-05:00,172.69105020151278,173.87860741200308,171.09773962141716,171.31546020507812,31200,0.0,0.0
2022-01-24 00:00:00-05:00,170.23675179087022,174.7494779463687,169.405448209114,174.1359100341797,97700,0.0,0.0
2022-01-25 00:00:00-05:00,174.01716363139857,175.5412077882266,170.77116672412558,173.01763916015625,96200,0.0,0.0
2022-01-26 00:00:00-05:00,173.71035564327303,179.17313643282472,173.71035564327303,176.16464233398438,96900,0.0,0.0
2022-01-27 00:00:00-05:00,177.34234164219848,181.35036082237863,176.18447211914386,177.5006866455078,133900,0.0,0.0
2022-01-28 00:00:00-05:00,178.45071000027292,178.45071000027292,174.0468290907808,177.59962463378906,55400,0.0,0.0
2022-01-31 00:00:00-05:00,178.0449522944161,184.31922455582148,178.0449522944161,183.5176239013672,85900,0.0,0.0
2022-02-01 00:00:00-05:00,183.08220749887678,185.80369977250874,180.54874801661148,185.69483947753906,84700,0.0,0.0
2022-02-02 00:00:00-05:00,186.65477009892965,189.70284301033092,186.6448792004106,188.23818969726562,90600,0.0,0.0
2022-02-03 00:00:00-05:00,186.8428078104178,188.03036499023438,185.93234680253815,188.03036499023438,50500,0.0,0.0
2022-02-04 00:00:00-05:00,186.6151829053309,189.45542601361316,186.6151829053309,188.1688995361328,46900,0.0,0.0
2022-02-07 00:00:00-05:00,188.1886821599313,189.77208646545532,187.00112515563663,189.0298614501953,65400,0.0,0.0
2022-02-08 00:00:00-05:00,189.39604239337586,193.7603141525964,188.77256852751273,192.5628662109375,78800,0.0,0.0
2022-02-09 00:00:00-05:00,193.76033148105114,196.88757688708597,193.67126809242185,194.90830993652344,60900,0.0,0.0
2022-02-10 00:00:00-05:00,197.3428088277282,198.4313965565111,193.95826425899654,194.25514221191406,61700,0.0,0.0
2022-02-11 00:00:00-05:00,195.65050949192639,196.94692675914135,188.92099971873517,189.51478576660156,112600,0.0,0.0
2022-02-14 00:00:00-05:00,189.64346291957648,190.23723392941164,188.57465698114348,189.01998901367188,133000,0.0,0.0
2022-02-15 00:00:00-05:00,191.44459531702424,193.3842835986185,188.4262101571853,189.86119079589844,113700,0.0,0.0
2022-02-16 00:00:00-05:00,189.86120054265203,196.9667621060733,188.27778083963082,196.4521484375,84800,0.0,0.0
2022-02-17 00:00:00-05:00,194.88849284268608,195.94740779979446,188.83194143379572,188.97048950195312,61200,0.0,0.0
2022-02-18 00:00:00-05:00,189.5148012996791,189.5148012996791,186.78341847695734,186.92196655273438,74900,0.0,0.0
2022-02-22 00:00:00-05:00,186.88236921597178,186.88236921597178,181.36021298509007,182.46861267089844,155800,0.0,0.0
2022-02-23 00:00:00-05:00,182.52797509524353,184.35878770835848,177.01571015977592,177.70846557617188,99700,0.0,0.0
2022-02-24 00:00:00-05:00,174.30415341678065,176.96626995138448,172.06757203944505,175.26409912109375,84100,0.0,0.0
2022-02-25 00:00:00-05:00,176.3724898776968,177.09491813032994,173.4530739685433,175.58078002929688,66800,0.0,0.0
2022-02-28 00:00:00-05:00,175.03650188706308,175.03650188706308,167.46581037315866,172.24574279785156,170300,0.0,0.0
2022-03-01 00:00:00-05:00,171.691501704545,171.691501704545,164.69478641188755,165.1500244140625,160600,0.0,0.0
2022-03-02 00:00:00-05:00,165.4766196885753,166.92147610302396,161.87435445035766,163.95257568359375,185900,0.0,0.0
2022-03-03 00:00:00-05:00,164.9125444567354,164.9125444567354,159.3903870911393,160.95401000976562,200100,0.0,0.0
2022-03-04 00:00:00-05:00,159.34089054094918,160.75607435281734,152.83900604763537,156.48085021972656,251500,0.0,0.0
2022-03-07 00:00:00-05:00,156.36209219360248,158.08405991094105,153.63070918390807,154.0067596435547,219500,0.0,0.0
2022-03-08 00:00:00-05:00,154.8479355588198,156.03549258996017,151.93841101713141,152.0967559814453,202300,0.0,0.0
2022-03-09 00:00:00-05:00,155.41202826997727,159.97423901762528,154.056235293763,159.4596405029297,206800,0.0,0.0
2022-03-10 00:00:00-05:00,157.69811311526198,158.78670096598825,156.11469338615694,157.14390563964844,116100,0.0,0.0
2022-03-11 00:00:00-05:00,158.34134659391137,159.18254103793456,156.3719706594309,157.5496368408203,178200,0.0,0.0
2022-03-14 00:00:00-04:00,159.8851915534345,160.96388848280887,156.40167728086706,156.53033447265625,91300,0.0,0.0
2022-03-15 00:00:00-04:00,156.46104422440717,157.52983499177995,154.18488441855789,155.5010986328125,104600,0.0,0.0
2022-03-16 00:00:00-04:00,157.361610662455,165.14013024349697,157.3517197640976,163.57650756835938,153900,0.0,0.0
2022-03-17 00:00:00-04:00,164.4375172724804,165.9615463228343,163.28953870952765,163.90310668945312,95100,0.0,0.0
2022-03-18 00:00:00-04:00,163.9525802131092,166.46625776067947,161.84465602488348,162.21083068847656,174200,0.0,0.0
2022-03-21 00:00:00-04:00,163.00254316476406,163.9030981884144,159.8159220332377,161.29046630859375,72500,0.0,0.0
2022-03-22 00:00:00-04:00,161.6962073423137,167.02044008779117,161.6962073423137,165.7932891845703,182100,0.0,0.0
2022-03-23 00:00:00-04:00,164.14061539540896,166.406869500401,161.8347674934774,161.9634246826172,93300,0.0,0.0
2022-03-24 00:00:00-04:00,163.16086297194138,163.16086297194138,158.34135287597354,159.78622436523438,99700,0.0,0.0
2022-03-25 00:00:00-04:00,160.32062457867804,160.64720544081877,157.470475309529,158.95492553710938,96200,0.0,0.0
2022-03-28 00:00:00-04:00,159.32109113687346,160.86491686968623,158.29186391459314,159.2716064453125,96800,0.0,0.0
2022-03-29 00:00:00-04:00,161.29044798451633,163.92287646377162,161.29044798451633,163.22023010253906,74300,0.0,0.0
2022-03-30 00:00:00-04:00,163.36867715635813,163.36867715635813,160.25132300673738,160.40966796875,57400,0.0,0.0
2022-03-31 00:00:00-04:00,160.5680354782292,164.88283814502753,160.5680354782292,161.25088500976562,87400,0.0,0.0
2022-04-01 00:00:00-04:00,161.88423391233079,163.14107256260212,160.68677085015602,161.63682556152344,51300,0.0,0.0
2022-04-04 00:00:00-04:00,160.76597031854135,163.94270072037884,160.74617341898386,163.56663513183594,50100,0.0,0.0
2022-04-05 00:00:00-04:00,161.96343454383464,162.329594134469,159.33100560961634,160.30084228515625,87300,0.0,0.0
2022-04-06 00:00:00-04:00,157.81684652905503,159.04399743588309,155.00629117212827,155.80789184570312,82300,0.0,0.0
2022-04-07 00:00:00-04:00,154.75889959694257,155.6198759544478,152.44314561025092,153.7395782470703,77200,0.0,0.0
2022-04-08 00:00:00-04:00,153.7890250542214,154.78856445738367,152.46291991603397,153.23483276367188,74600,0.0,0.0
2022-04-11 00:00:00-04:00,152.1462483774556,156.13446987692086,151.7009012551875,154.808349609375,100100,0.0,0.0
2022-04-12 00:00:00-04:00,156.9261820246467,159.06377878124846,154.3333321402022,154.56094360351562,83800,0.0,0.0
2022-04-13 00:00:00-04:00,154.4916913679147,157.24287138031062,154.4916913679147,156.57981872558594,60700,0.0,0.0
2022-04-14 00:00:00-04:00,158.4898017267073,158.4898017267073,152.5717975224934,152.70045471191406,65700,0.0,0.0
2022-04-18 00:00:00-04:00,152.7004349531681,153.61089585903693,149.65236230276872,152.5222930908203,77100,0.0,0.0
2022-04-19 00:00:00-04:00,151.60193967484292,155.91674180930738,151.60193967484292,155.6000518798828,101700,0.0,0.0
2022-04-20 00:00:00-04:00,155.60995265662953,158.3908199409227,155.1844024658203,155.1844024658203,67000,0.0,0.0
2022-04-21 00:00:00-04:00,157.82674287257584,159.09347251660236,152.03739608556592,153.00723266601562,71600,0.0,0.0
2022-04-22 00:00:00-04:00,151.8790556987637,153.89790141105442,149.9294764797245,149.96905517578125,79000,0.0,0.0
2022-04-25 00:00:00-04:00,148.97940126904166,151.7899715237266,148.5934448577465,150.8498077392578,66000,0.0,0.0
2022-04-26 00:00:00-04:00,150.84983353553085,150.84983353553085,146.99026876256914,147.21788024902344,99300,0.0,0.0
2022-04-27 00:00:00-04:00,146.97046153788227,148.98932227775384,142.39835972796297,143.50674438476562,118600,0.0,0.0
2022-04-28 00:00:00-04:00,144.66462253471354,144.89224911963063,142.2202416019627,144.1995086669922,136300,0.0,0.0
2022-04-29 00:00:00-04:00,143.36819886902686,143.70468573210098,139.7164488747041,140.3795166015625,91300,0.0,0.0
2022-05-02 00:00:00-04:00,140.5675131210486,141.02275110220674,133.3530927089288,135.16412353515625,146500,0.0,0.0
2022-05-03 00:00:00-04:00,133.6499924134284,140.99307035921072,133.60050772377966,138.3111572265625,281700,0.0,0.0
2022-05-04 00:00:00-04:00,140.8347448371093,143.1207958688012,134.96622526921513,143.00204467773438,146300,0.0,0.0
2022-05-05 00:00:00-04:00,141.51759576212922,143.9421949071627,139.8055339716391,141.2701873779297,199600,0.0,0.0
2022-05-06 00:00:00-04:00,141.725428146289,141.725428146289,137.49968863557078,139.7263641357422,81400,0.0,0.0
2022-05-09 00:00:00-04:00,140.33993644732715,140.97330133849061,134.50110432880803,135.49073791503906,86700,0.0,0.0
2022-05-10 00:00:00-04:00,136.74753158845212,141.65611973966836,134.4021053376887,139.6174774169922,133500,0.0,0.0
2022-05-11 00:00:00-04:00,139.50866208060918,139.50866208060918,134.50111803990663,136.26266479492188,93000,0.0,0.0
2022-05-12 00:00:00-04:00,135.97565195177646,138.70705037932566,135.39177174611737,137.3512420654297,124600,0.0,0.0
2022-05-13 00:00:00-04:00,137.75699393340463,143.0119459269566,137.75699393340463,142.87339782714844,71700,0.0,0.0
2022-05-16 00:00:00-04:00,142.79420273440408,144.50627946189135,141.5274731364045,142.36866760253906,78900,0.0,0.0
2022-05-17 00:00:00-04:00,144.4469061020362,145.83238690230317,142.35877890267142,144.37762451171875,68300,0.0,0.0
2022-05-18 00:00:00-04:00,144.1896031232525,144.1896031232525,139.04351175802404,140.02325439453125,67200,0.0,0.0
2022-05-19 00:00:00-04:00,138.17263270936328,143.98179197053645,138.17263270936328,141.2602996826172,83500,0.0,0.0
2022-05-20 00:00:00-04:00,142.33898369320036,143.33850806091613,141.16131744870464,142.59628295898438,101500,0.0,0.0
2022-05-24 00:00:00-04:00,145.6047733168787,145.6047733168787,139.1028743473582,140.1123046875,43400,0.0,0.0
2022-05-25 00:00:00-04:00,139.98366297102933,142.58640404611396,139.47895529550976,140.39930725097656,61900,0.0,0.0
2022-05-26 00:00:00-04:00,140.3894126717632,145.89177266294496,140.22117678433318,144.92193603515625,65100,0.0,0.0
2022-05-27 00:00:00-04:00,145.96104545194078,148.5934589971194,145.52560431045924,148.06895446777344,53400,0.0,0.0
2022-05-30 00:00:00-04:00,148.97944390001135,150.68161499603792,147.1288337958591,149.56333923339844,24900,0.0,0.0
2022-05-31 00:00:00-04:00,149.34557709611562,152.43322841150965,147.10899599148692,152.33425903320312,148300,0.0,0.0
2022-06-01 00:00:00-04:00,151.44361128229278,152.55199595535308,144.82296083927005,144.89224243164062,80800,0.0,0.0
2022-06-02 00:00:00-04:00,144.89224433600688,147.5048761715653,143.82343834410452,147.2376708984375,69100,0.0,0.0
2022-06-03 00:00:00-04:00,146.257941633579,147.16841782498912,144.0015782562466,146.4756622314453,54900,0.0,0.0
2022-06-06 00:00:00-04:00,148.0788517442001,149.46433247583983,146.416259765625,146.416259765625,45100,0.0,0.0
2022-06-07 00:00:00-04:00,144.98131403515455,148.03927805857572,144.98131403515455,147.8413543701172,71400,0.0,0.0
2022-06-08 00:00:00-04:00,147.4553808596299,147.95019757392396,144.80317051930547,145.78289794921875,102500,0.0,0.0
2022-06-09 00:00:00-04:00,144.54586581605463,147.42570290970343,141.57696533203125,141.57696533203125,35000,0.0,0.0
2022-06-10 00:00:00-04:00,139.85503579530368,140.4290100283994,135.80742265766398,138.24192810058594,59400,0.0,0.0
2022-06-13 00:00:00-04:00,136.56941997348764,136.95537642591012,131.977521239273,132.5614013671875,84700,0.0,0.0
2022-06-14 00:00:00-04:00,132.62076892377868,134.80786542205388,131.26497597317183,131.48269653320312,75900,0.0,0.0
2022-06-15 00:00:00-04:00,133.09582364581433,133.54115573011885,129.97846885446307,131.6608428955078,99800,0.0,0.0
2022-06-16 00:00:00-04:00,129.1768605357276,131.34416033341446,124.66413415728262,124.99071502685547,81400,0.0,0.0
2022-06-17 00:00:00-04:00,125.7131333030395,132.35358025722897,125.7131333030395,131.33425903320312,122000,0.0,0.0
2022-06-20 00:00:00-04:00,131.8291145669749,133.82816381017008,131.50253362709952,132.36351013183594,21500,0.0,0.0
2022-06-21 00:00:00-04:00,132.3337877472913,135.8865682517415,131.93794040273278,133.43228149414062,58400,0.0,0.0
2022-06-22 00:00:00-04:00,132.51191961847084,135.1938330479151,130.82954568848197,134.80787658691406,48900,0.0,0.0
2022-06-23 00:00:00-04:00,134.69902184306457,139.26123307020242,134.69902184306457,138.67735290527344,63800,0.0,0.0
2022-06-24 00:00:00-04:00,140.79516567798174,141.35924893430624,139.47895127907904,139.5482177734375,41800,0.0,0.0
2022-06-27 00:00:00-04:00,140.2013631845913,140.2013631845913,137.72727966308594,137.72727966308594,42500,0.0,0.0
2022-06-28 00:00:00-04:00,139.82531137396415,141.6660302985626,137.55905729021345,138.54869079589844,44800,0.0,0.0
2022-06-29 00:00:00-04:00,137.77868870818753,138.32374157391465,135.9552528678055,138.1552734375,36500,0.193,0.0
2022-06-30 00:00:00-04:00,138.04625597072064,140.09761740834742,134.60748593312118,139.76068115234375,69300,0.0,0.0
2022-07-04 00:00:00-04:00,140.74177167572012,143.7444993446715,140.74177167572012,143.0111541748047,39500,0.0,0.0
2022-07-05 00:00:00-04:00,142.5156660614733,146.12290440571803,141.8814268511046,145.0823516845703,79400,0.0,0.0
2022-07-06 00:00:00-04:00,146.65806240909706,147.569780389158,142.0003513610753,143.0706329345703,99300,0.0,0.0
2022-07-07 00:00:00-04:00,144.74539737725962,148.3823640499771,143.7841265673599,148.32290649414062,103600,0.0,0.0
2022-07-08 00:00:00-04:00,147.658932481428,148.07515047653283,145.42918350100376,146.99496459960938,53700,0.0,0.0
2022-07-11 00:00:00-04:00,145.7760704775744,146.65805965750064,143.47694378028652,143.5760498046875,39500,0.0,0.0
2022-07-12 00:00:00-04:00,143.60574561774612,147.91658450326517,143.52646384071863,147.40127563476562,74500,0.0,0.0
2022-07-13 00:00:00-04:00,147.15356181465333,148.60041301598616,145.5877803579069,147.5598602294922,41200,0.0,0.0
2022-07-14 00:00:00-04:00,145.4490145642055,147.5003758594846,141.31654807410646,141.97059631347656,51600,0.0,0.0
2022-07-15 00:00:00-04:00,142.32737621858155,146.02381609464052,141.80214757200747,145.9445343017578,58300,0.0,0.0
2022-07-18 00:00:00-04:00,147.05444086376284,152.3067421546735,147.05444086376284,150.68150329589844,98400,0.0,0.0
2022-07-19 00:00:00-04:00,151.00851954440967,154.59593315438346,150.87968476124925,152.73284912109375,94100,0.0,0.0
2022-07-20 00:00:00-04:00,152.83197359423554,154.7247866336716,151.7220587789016,153.98153686523438,42800,0.0,0.0
2022-07-21 00:00:00-04:00,153.0400857418792,156.1220956016138,152.90134638028002,155.7653350830078,41700,0.0,0.0
2022-07-22 00:00:00-04:00,156.32027039347645,157.82657878283806,155.03196798770574,155.31935119628906,62300,0.0,0.0
2022-07-25 00:00:00-04:00,154.5265769567206,155.73559780821427,154.06082100646347,155.52749633789062,49100,0.0,0.0
2022-07-26 00:00:00-04:00,154.81397129624526,156.69686464059887,154.81397129624526,155.94371032714844,58300,0.0,0.0
2022-07-27 00:00:00-04:00,155.9932536197863,159.25363571210085,155.49775381040112,157.46983337402344,59500,0.0,0.0
2022-07-28 00:00:00-04:00,157.37075012443708,159.67978116283624,157.37075012443708,158.1040802001953,55400,0.0,0.0
2022-07-29 00:00:00-04:00,158.89690046441757,158.89690046441757,157.49958715102247,158.48068237304688,70800,0.0,0.0
2022-08-02 00:00:00-04:00,156.44910661347333,157.9752545103634,156.37974450258977,156.77613830566406,59400,0.0,0.0
2022-08-03 00:00:00-04:00,163.50504370219048,164.50594794172653,156.5085732142128,160.0365447998047,79700,0.0,0.0
2022-08-04 00:00:00-04:00,159.50138878828471,159.50138878828471,152.35628986289336,156.18154907226562,98600,0.0,0.0
2022-08-05 00:00:00-04:00,155.2698407887065,157.56896757386977,153.83289410870785,157.1923828125,51500,0.0,0.0
2022-08-08 00:00:00-04:00,158.28248919177642,160.363594819387,155.9040957214702,157.57887268066406,36700,0.0,0.0
2022-08-09 00:00:00-04:00,157.5689461031036,157.5689461031036,152.08871918734724,152.74278259277344,53600,0.0,0.0
2022-08-10 00:00:00-04:00,152.81213037985106,158.55002634728115,152.81213037985106,157.03379821777344,58300,0.0,0.0
2022-08-11 00:00:00-04:00,157.89596895996402,161.84014315587376,156.58784222239723,161.68157958984375,83800,0.0,0.0
2022-08-12 00:00:00-04:00,161.750966138524,168.3609320734602,161.53294500303664,168.06362915039062,156700,0.0,0.0
2022-08-15 00:00:00-04:00,167.57805813711022,167.85553684806078,164.90234680494262,166.83480834960938,38400,0.0,0.0
2022-08-16 00:00:00-04:00,166.51765811460928,167.49875314192525,165.37801464689613,166.8843231201172,37200,0.0,0.0
2022-08-17 00:00:00-04:00,165.11047973718095,166.5870749048546,164.40686321528082,166.33932495117188,76800,0.0,0.0
2022-08-18 00:00:00-04:00,166.02218092619222,167.62759562448497,164.2681071978818,166.34921264648438,56600,0.0,0.0
2022-08-19 00:00:00-04:00,165.45730731301677,165.45730731301677,160.04644260015363,162.2266387939453,129500,0.0,0.0
2022-08-22 00:00:00-04:00,161.93924997220557,161.93924997220557,158.06443786621094,158.06443786621094,58200,0.0,0.0
2022-08-23 00:00:00-04:00,158.06444375312228,158.61940113620832,155.57704008198488,156.8554229736328,73000,0.0,0.0
2022-08-24 00:00:00-04:00,156.43920783984115,159.43203106440754,155.9734367872232,158.20318603515625,71900,0.0,0.0
2022-08-25 00:00:00-04:00,158.55003894918005,161.78069235430812,158.55003894918005,161.44375610351562,71500,0.0,0.0
2022-08-26 00:00:00-04:00,161.4437720785099,162.1275643219565,156.52840669013077,156.75633239746094,90500,0.0,0.0
2022-08-29 00:00:00-04:00,156.518475371812,156.83558737281194,153.60493420044835,154.48692321777344,98800,0.0,0.0
2022-08-30 00:00:00-04:00,155.87433589159647,156.39957964343247,153.81306982602072,154.16983032226562,45400,0.0,0.0
2022-08-31 00:00:00-04:00,154.001319198994,155.24006859770358,151.38508107377749,151.61302185058594,69100,0.0,0.0
2022-09-01 00:00:00-04:00,151.41483877677345,151.4247584515879,145.92470704626606,149.08599853515625,73000,0.0,0.0
2022-09-02 00:00:00-04:00,150.70132957133833,151.01844160783426,148.045442548591,148.5211181640625,42100,0.0,0.0
2022-09-06 00:00:00-04:00,150.56259317114836,150.56259317114836,144.28957771005577,144.50759887695312,58000,0.0,0.0
2022-09-07 00:00:00-04:00,144.54719250825468,148.92740863014689,144.43818195475146,148.57064819335938,91500,0.0,0.0
2022-09-08 00:00:00-04:00,147.47065780337311,149.59139648268135,146.44992935762622,149.2247314453125,40500,0.0,0.0
2022-09-09 00:00:00-04:00,149.86890674362954,152.64370941572506,149.86890674362954,152.43560791015625,71700,0.0,0.0
2022-09-12 00:00:00-04:00,153.80316716420165,154.82389575663808,152.86172037097327,154.0608367919922,44300,0.0,0.0
2022-09-13 00:00:00-04:00,151.5337510490127,151.5337510490127,148.4715659427788,149.49229431152344,53900,0.0,0.0
2022-09-14 00:00:00-04:00,151.4247337990683,151.4247337990683,147.6490279446009,148.362548828125,51000,0.0,0.0
2022-09-15 00:00:00-04:00,147.76794305137057,151.1571596873835,147.421087161355,148.362548828125,86600,0.0,0.0
2022-09-16 00:00:00-04:00,146.31119112287587,147.1634514465491,145.2805581163537,146.19227600097656,168000,0.0,0.0
2022-09-19 00:00:00-04:00,144.68593732244568,147.20306957858847,143.7048423037278,146.77694702148438,43700,0.0,0.0
2022-09-20 00:00:00-04:00,145.32018324156851,146.37064041622486,143.39764156502955,144.4877471923828,89000,0.0,0.0
2022-09-21 00:00:00-04:00,144.48775727983082,145.5778478618349,142.17872619628906,142.17872619628906,44900,0.0,0.0
2022-09-22 00:00:00-04:00,142.05980622549473,142.05980622549473,136.82732927034118,137.13453674316406,65800,0.0,0.0
2022-09-23 00:00:00-04:00,135.1426137032901,136.4705646899598,132.74439643102718,133.64620971679688,72800,0.0,0.0
2022-09-26 00:00:00-04:00,132.76421712462013,133.93358938994393,129.0776974167069,129.86058044433594,89100,0.0,0.0
2022-09-27 00:00:00-04:00,130.52456177348895,130.52456177348895,125.61910929958233,125.96595764160156,102100,0.0,0.0
2022-09-28 00:00:00-04:00,126.30291672897826,128.97861306391673,123.84524155154541,128.45338439941406,143300,0.0,0.0
2022-09-29 00:00:00-04:00,126.91733756596798,126.97679512793954,121.7839513082323,122.85423278808594,158300,0.0,0.0
2022-09-30 00:00:00-04:00,123.33981885722662,127.22454333612013,122.83440690509596,125.45064544677734,150700,0.0,0.0
2022-10-03 00:00:00-04:00,126.99659534028197,127.86867984533693,124.87586431763337,127.2047119140625,151100,0.0,0.0
2022-10-04 00:00:00-04:00,129.36510165620297,136.81742406462868,129.36510165620297,136.16336059570312,216500,0.0,0.0
2022-10-05 00:00:00-04:00,134.48857693062527,135.61831599208486,131.10926429959548,131.42637634277344,117400,0.0,0.0
2022-10-06 00:00:00-04:00,130.7029454690691,131.93179049980984,127.21462240740063,127.26417541503906,123100,0.0,0.0
2022-10-07 00:00:00-04:00,125.8966036103131,125.8966036103131,122.5767561059667,123.28036499023438,124600,0.0,0.0
2022-10-11 00:00:00-04:00,122.56684147515556,125.38127695443568,120.35690884850673,124.32090759277344,971800,0.0,0.0
2022-10-12 00:00:00-04:00,124.67766355837267,126.69930375184327,123.8452274814463,126.25335693359375,108000,0.0,0.0
2022-10-13 00:00:00-04:00,125.27228824503582,128.3443785496575,121.90288741563664,127.78942108154297,122100,0.0,0.0
2022-10-14 00:00:00-04:00,130.04888603040908,130.05880570511258,126.66958099451311,126.94706726074219,80400,0.0,0.0
2022-10-17 00:00:00-04:00,129.25607515842486,131.8921378171567,129.25607515842486,130.3164520263672,37400,0.0,0.0
2022-10-18 00:00:00-04:00,133.0119581980053,133.28943685683862,129.9002202769863,131.67410278320312,53500,0.0,0.0
2022-10-19 00:00:00-04:00,130.32635458253188,130.32635458253188,128.0074191008799,128.57229614257812,109600,0.0,0.0
2022-10-20 00:00:00-04:00,128.96869123048512,130.44528612276147,128.51282474729067,128.66148376464844,70400,0.0,0.0
2022-10-21 00:00:00-04:00,128.47320417302646,130.4353794010692,128.2353587945084,129.06781005859375,55900,0.0,0.0
2022-10-24 00:00:00-04:00,129.0975405626045,131.23808851199416,129.0975405626045,130.22727966308594,35700,0.0,0.0
2022-10-25 00:00:00-04:00,130.5741134502216,134.35973951676897,129.8209591310478,132.5164794921875,90300,0.0,0.0
2022-10-26 00:00:00-04:00,132.60568505861755,134.11200903679003,131.6741427973985,133.9534454345703,55600,0.0,0.0
2022-10-27 00:00:00-04:00,134.29035874835859,134.3498314300982,127.60111103013443,128.8299560546875,93000,0.0,0.0
2022-10-28 00:00:00-04:00,128.84976584250558,131.0894193838248,128.84976584250558,129.80111694335938,110500,0.0,0.0
2022-10-31 00:00:00-04:00,130.05880467512773,130.05880467512773,126.46147096389086,126.70922088623047,70600,0.0,0.0
2022-11-01 00:00:00-04:00,126.04524721845314,126.04524721845314,120.26771747575305,122.01187896728516,155800,0.0,0.0
2022-11-02 00:00:00-04:00,120.36680727152722,121.60555673821187,116.96767843251546,117.13614654541016,180300,0.0,0.0
2022-11-03 00:00:00-04:00,115.66947588700532,119.50463954540793,114.85685650784276,117.83976745605469,122800,0.0,0.0
2022-11-04 00:00:00-04:00,118.91997026306142,119.66322007720555,116.5118405628053,116.6109390258789,101000,0.0,0.0
2022-11-07 00:00:00-05:00,118.09743597530984,118.09743597530984,115.90732747993171,117.0667953491211,83400,0.0,0.0
2022-11-08 00:00:00-05:00,117.07669881677089,122.01188043297554,116.25416728728221,120.09925079345703,119000,0.0,0.0
2022-11-09 00:00:00-05:00,119.25688719814627,121.54610139554036,118.74157073734578,120.88213348388672,92800,0.0,0.0
2022-11-10 00:00:00-05:00,124.66776753129705,128.4236498085525,124.3506479240104,127.07588958740234,120700,0.0,0.0
2022-11-11 00:00:00-05:00,127.08578295857565,134.12187042621767,127.08578295857565,132.7642059326172,143300,0.0,0.0
2022-11-14 00:00:00-05:00,132.76423263648425,132.76423263648425,125.52002716064453,125.52002716064453,60200,0.0,0.0
2022-11-15 00:00:00-05:00,127.43264908949652,127.63084600722057,125.43083300186365,125.61912536621094,47400,0.0,0.0
2022-11-16 00:00:00-05:00,124.3704523921521,125.41100501813027,124.1326146001986,124.56864929199219,33900,0.0,0.0
2022-11-17 00:00:00-05:00,122.52719606803154,123.77585774349396,121.75421755108297,122.39836883544922,49800,0.0,0.0
2022-11-18 00:00:00-05:00,123.62720137047386,124.62811309376342,121.67493092869474,121.84339904785156,70900,0.0,0.0
2022-11-21 00:00:00-05:00,120.76322623726905,123.7064966093707,120.76322623726905,123.32000732421875,63300,0.0,0.0
2022-11-22 00:00:00-05:00,122.90377377969921,124.71730496134963,122.15061948627664,124.10289001464844,51800,0.0,0.0
2022-11-23 00:00:00-05:00,123.79566919084515,124.73712335468406,123.6371131851764,124.62811279296875,38200,0.0,0.0
2022-11-24 00:00:00-05:00,124.55874312285236,126.10470009157578,124.48937345273598,124.62811279296875,9700,0.0,0.0
2022-11-25 00:00:00-05:00,124.86596145045097,125.86687325844642,124.86596145045097,125.1929931640625,32000,0.0,0.0
2022-11-28 00:00:00-05:00,124.89569119273932,126.02543024779382,122.34882226185643,122.89387512207031,54800,0.0,0.0
2022-11-29 00:00:00-05:00,122.49746362571827,124.62811432073602,122.32899550490286,123.3001708984375,49600,0.0,0.0
2022-11-30 00:00:00-05:00,123.11188769772285,126.20380171289858,122.23980318207663,125.87677001953125,90000,0.0,0.0
2022-12-01 00:00:00-05:00,126.03533057843369,129.1867096375674,125.48037321681143,128.48309326171875,127600,0.0,0.0
2022-12-02 00:00:00-05:00,127.38308947292921,130.5443808035423,126.87768509072755,128.3443603515625,68400,0.0,0.0
2022-12-05 00:00:00-05:00,128.43357222451854,128.88942363644867,124.74704442494999,125.35155487060547,77700,0.0,0.0
2022-12-06 00:00:00-05:00,125.89660127421153,125.89660127421153,120.8325922635364,121.68485260009766,117800,0.0,0.0
2022-12-07 00:00:00-05:00,122.14069622894253,125.75784614867926,122.08123867455164,125.05423736572266,85300,0.0,0.0
2022-12-08 00:00:00-05:00,125.65876021524785,126.91733402048955,123.79567601109053,124.29117584228516,66600,0.0,0.0
2022-12-09 00:00:00-05:00,124.39028114548337,124.80650677275766,121.91278185309564,122.10107421875,67800,0.0,0.0
2022-12-12 00:00:00-05:00,124.28125748005763,126.60019280323426,123.8749440344758,125.01459503173828,138200,0.0,0.0
2022-12-13 00:00:00-05:00,127.64075614531426,128.42363920434022,123.0920638843456,124.41009521484375,119400,0.0,0.0
2022-12-14 00:00:00-05:00,124.05334329721097,124.3902795675522,122.50738617780489,123.37946319580078,88000,0.0,0.0
2022-12-15 00:00:00-05:00,121.57583533608515,121.87313825041593,119.61365273510174,119.97041320800781,59800,0.0,0.0
2022-12-16 00:00:00-05:00,118.91997181550144,121.75423174862914,117.63166909654223,120.94161224365234,248700,0.0,0.0
2022-12-19 00:00:00-05:00,120.63438616019532,120.63438616019532,118.68211571379169,119.10824584960938,75100,0.0,0.0
2022-12-20 00:00:00-05:00,118.26589947549813,119.06861436637197,117.71094206806151,118.36500549316406,48500,0.0,0.0
2022-12-21 00:00:00-05:00,120.1686150880923,122.25962487461791,119.7623016179558,121.74430084228516,58100,0.0,0.0
2022-12-22 00:00:00-05:00,121.0208854722523,121.34790962544116,119.18752998796577,120.06952667236328,38300,0.0,0.0
2022-12-23 00:00:00-05:00,121.22899017756484,121.58575065989116,119.6334801206964,121.21907806396484,24500,0.0,0.0
2022-12-28 00:00:00-05:00,123.01278663913287,123.01278663913287,119.16771063127061,119.25689697265625,60000,0.0,0.0
2022-12-29 00:00:00-05:00,120.33298062548981,124.02576094482556,120.33298062548981,123.86692810058594,51800,0.204,0.0
2022-12-30 00:00:00-05:00,124.34339872736405,126.06073502688025,122.93378397271869,123.46983337402344,50900,0.0,0.0
2023-01-03 00:00:00-05:00,125.07798646155982,126.45781443648065,123.12240085828711,125.71330261230469,34300,0.0,0.0
2023-01-04 00:00:00-05:00,126.28905939743063,127.11298762833985,125.16732340941313,126.29898834228516,30500,0.0,0.0
2023-01-05 00:00:00-05:00,125.32616375786142,125.32616375786142,122.16943315194847,123.14226531982422,35100,0.0,0.0
2023-01-06 00:00:00-05:00,123.79742528553076,126.01111044304146,121.45469413823993,125.93169403076172,86300,0.0,0.0
2023-01-09 00:00:00-05:00,126.11038492806962,127.96670391806093,125.94163072177032,126.36848449707031,23900,0.0,0.0
2023-01-10 00:00:00-05:00,126.07068048521529,128.09574616842815,125.94163448364354,128.05604553222656,44100,0.0,0.0
2023-01-11 00:00:00-05:00,128.1751485694513,131.53041997901698,128.1652271982693,131.06385803222656,45100,0.0,0.0
2023-01-12 00:00:00-05:00,132.026776442111,132.026776442111,130.52783127532268,131.98707580566406,37800,0.0,0.0
2023-01-13 00:00:00-05:00,130.9546629673309,132.57274015825422,130.5774388008257,131.88778686523438,73500,0.0,0.0
2023-01-16 00:00:00-05:00,133.1981250767713,142.42015360319056,133.02937087639873,133.37681579589844,21200,0.0,0.0
2023-01-17 00:00:00-05:00,133.3668986399922,134.508477445064,131.13336303666088,133.65476989746094,40900,0.0,0.0
2023-01-18 00:00:00-05:00,133.8135893345171,136.03718819616475,133.50586021685203,135.20333862304688,59900,0.0,0.0
2023-01-19 00:00:00-05:00,134.23050728294703,134.5680156433775,132.31462248943456,132.55287170410156,44600,0.0,0.0
2023-01-20 00:00:00-05:00,132.5429595815122,134.34963369061927,132.006902597892,133.4462890625,38000,0.0,0.0
2023-01-23 00:00:00-05:00,133.66468413401407,138.44942075279647,133.66468413401407,137.9034423828125,57000,0.0,0.0
2023-01-24 00:00:00-05:00,137.80419765400805,138.5685523048736,136.88099501408885,137.12916564941406,55500,0.0,0.0
2023-01-25 00:00:00-05:00,135.4018893568073,137.06960386306952,134.2603105202939,136.26553344726562,32800,0.0,0.0
2023-01-26 00:00:00-05:00,137.07952555176445,137.41703397325315,134.7665734625038,136.2158966064453,38900,0.0,0.0
2023-01-27 00:00:00-05:00,135.9478551148131,140.0277804886635,135.9478551148131,139.07481384277344,59700,0.0,0.0
2023-01-30 00:00:00-05:00,138.9556944774012,138.99541026047262,137.22843659212393,137.62550354003906,52000,0.0,0.0
2023-01-31 00:00:00-05:00,137.3277015648316,142.57900078388087,137.3277015648316,141.68557739257812,76600,0.0,0.0
2023-02-01 00:00:00-05:00,141.68557733889298,143.204380441685,139.2634294725195,143.04556274414062,82200,0.0,0.0
2023-02-02 00:00:00-05:00,144.45515768479655,149.47812857368396,144.45515768479655,149.39871215820312,93400,0.0,0.0
2023-02-03 00:00:00-05:00,147.14533223255756,148.8229681893962,145.87469976230435,148.28692626953125,62000,0.0,0.0
2023-02-06 00:00:00-05:00,146.44053102229046,147.47291418843804,145.57688692140226,146.7978973388672,43300,0.0,0.0
2023-02-07 00:00:00-05:00,146.9070937183967,148.9718752075987,144.40552949051863,148.93215942382812,65000,0.0,0.0
2023-02-08 00:00:00-05:00,148.66412210165652,150.5204486311881,145.68607467468087,147.06590270996094,60700,0.0,0.0
2023-02-09 00:00:00-05:00,147.90969867947734,160.18917687041568,147.90969867947734,156.84384155273438,216200,0.0,0.0
2023-02-10 00:00:00-05:00,160.13953807082558,160.14945944223203,150.7288976584071,152.4760284423828,88900,0.0,0.0
2023-02-13 00:00:00-05:00,152.52565956989116,156.45668892183969,151.13591013326598,156.0894012451172,135000,0.0,0.0
2023-02-14 00:00:00-05:00,155.90079850332904,158.01520204829185,155.73204428640653,156.05963134765625,108200,0.0,0.0
2023-02-15 00:00:00-05:00,154.62020139371342,158.94829715786474,154.62020139371342,158.4817352294922,55900,0.0,0.0
2023-02-16 00:00:00-05:00,156.72471445749827,159.71268326300125,156.72471445749827,158.33285522460938,100100,0.0,0.0
2023-02-17 00:00:00-05:00,158.14423181568492,158.60087238758516,156.91331532532428,157.7372283935547,55800,0.0,0.0
2023-02-21 00:00:00-05:00,158.4222181383789,158.4222181383789,155.166220306239,156.01992797851562,59700,0.0,0.0
2023-02-22 00:00:00-05:00,155.77173459865296,156.55596224857777,153.29994974422834,154.87832641601562,51300,0.0,0.0
2023-02-23 00:00:00-05:00,156.52618537431883,156.52618537431883,153.26026627927953,155.01731872558594,69000,0.0,0.0
2023-02-24 00:00:00-05:00,153.52829453433654,156.3177302164866,152.10875053998362,155.9405059814453,87600,0.0,0.0
2023-02-27 00:00:00-05:00,156.94309577766222,158.06481660590026,155.7220855019986,157.10191345214844,90000,0.0,0.0
2023-02-28 00:00:00-05:00,156.5460258917963,157.74717837133926,155.39451056625856,157.1118621826172,95700,0.0,0.0
2023-03-01 00:00:00-05:00,156.6849799582416,156.6849799582416,153.82606506347656,153.82606506347656,44500,0.0,0.0
2023-03-02 00:00:00-05:00,152.8929677050282,153.49850465497883,150.97708254319753,152.13851928710938,62100,0.0,0.0
2023-03-03 00:00:00-05:00,153.9154085809794,153.9154085809794,151.92010727018447,153.4190673828125,43500,0.0,0.0
2023-03-06 00:00:00-05:00,153.5977552336932,155.02722042233387,151.65210606359088,152.5058135986328,32000,0.0,0.0
2023-03-07 00:00:00-05:00,152.5058141667847,153.94520073257766,152.02931567070763,153.76651000976562,39400,0.0,0.0
2023-03-08 00:00:00-05:00,154.3522033197528,156.426906054893,153.39922148007005,155.71217346191406,58700,0.0,0.0
2023-03-09 00:00:00-05:00,155.0570026210816,155.35481039887662,154.03454086345386,154.779052734375,36500,0.0,0.0
2023-03-10 00:00:00-05:00,154.223146942321,154.223146942321,148.32661073119985,148.87258911132812,67600,0.0,0.0
2023-03-13 00:00:00-04:00,146.28169524094062,147.47291122320013,144.86215137550548,145.88462829589844,104400,0.0,0.0
2023-03-14 00:00:00-04:00,146.96663114265476,151.57267683494837,146.96663114265476,151.23516845703125,78000,0.0,0.0
2023-03-15 00:00:00-04:00,150.0042427234797,150.0042427234797,143.7701982698509,144.41543579101562,78900,0.0,0.0
2023-03-16 00:00:00-04:00,141.69550405361767,147.1552577477719,140.9609135581637,146.7681121826172,92600,0.0,0.0
2023-03-17 00:00:00-04:00,146.91701033235532,146.91701033235532,140.38515764992303,142.4400177001953,196900,0.0,0.0
2023-03-20 00:00:00-04:00,142.04295222617154,142.4300978414475,138.91600803718367,140.00794982910156,76100,0.0,0.0
2023-03-21 00:00:00-04:00,141.35799627578362,143.3929986365729,141.02048782686992,142.1521453857422,56400,0.0,0.0
2023-03-22 00:00:00-04:00,142.5293555561731,142.5293555561731,138.45935123622564,139.72006225585938,89000,0.0,0.0
2023-03-23 00:00:00-04:00,139.72006560871247,142.98598445624853,138.7273830821852,141.02047729492188,81100,0.0,0.0
2023-03-24 00:00:00-04:00,142.63852858537845,142.63852858537845,137.94314533443574,137.99276733398438,85600,0.0,0.0
2023-03-27 00:00:00-04:00,139.91859237338392,140.83185843632813,138.07220235672014,140.21640014648438,70500,0.0,0.0
2023-03-28 00:00:00-04:00,140.19654117318467,140.19654117318467,136.49383979662602,137.2085723876953,71100,0.0,0.0
2023-03-29 00:00:00-04:00,138.98545713992976,139.63070978713566,138.26080323033148,139.1840057373047,29000,0.0,0.0
2023-03-30 00:00:00-04:00,140.85173350682058,141.62602472304272,140.2164172487118,140.84181213378906,25600,0.0,0.0
2023-03-31 00:00:00-04:00,141.4572501444252,142.6087654300354,141.3976916205371,141.5863037109375,82200,0.0,0.0
2023-04-03 00:00:00-04:00,142.5889063817435,142.5889063817435,137.26812784872308,138.57847595214844,40400,0.0,0.0
2023-04-04 00:00:00-04:00,138.6777307019151,139.04503349645705,134.06176351917335,135.58056640625,98200,0.0,0.0
2023-04-05 00:00:00-04:00,134.53824983380338,135.96771497043846,134.53824983380338,135.1338653564453,57200,0.0,0.0
2023-04-06 00:00:00-04:00,135.5110752705295,137.55601383318276,135.15370898403137,137.26812744140625,57700,0.0,0.0
2023-04-10 00:00:00-04:00,135.85853030969807,136.10670093972843,129.8428766613038,132.6223907470703,106500,0.0,0.0
2023-04-11 00:00:00-04:00,132.1756452515847,133.21796472018428,131.49070717228858,131.97711181640625,51200,0.0,0.0
2023-04-12 00:00:00-04:00,132.20542932001945,134.12131414967308,131.61975036343657,131.71902465820312,40000,0.0,0.0
2023-04-13 00:00:00-04:00,131.51056810418163,133.80366216401777,130.48810638180564,132.89039611816406,39500,0.0,0.0
2023-04-14 00:00:00-04:00,132.9003416671487,135.64013999087166,132.76136671914392,134.70701599121094,58100,0.0,0.0
2023-04-17 00:00:00-04:00,134.40920292003594,137.4666668030905,134.40920292003594,137.29791259765625,40700,0.0,0.0
2023-04-18 00:00:00-04:00,136.8512144789592,139.49175364961414,136.8512144789592,137.7644805908203,78100,0.0,0.0
2023-04-19 00:00:00-04:00,136.41442535874342,137.7148369913882,135.68977138542468,136.9107666015625,34000,0.0,0.0
2023-04-20 00:00:00-04:00,136.85121752876796,138.21118778094782,136.26553845709833,137.31777954101562,47900,0.0,0.0
2023-04-21 00:00:00-04:00,137.0001115237735,138.59833101475814,135.95780697728506,138.10198974609375,68900,0.0,0.0
2023-04-24 00:00:00-04:00,137.9828819584235,138.55863968640972,136.72217081012369,136.7618865966797,32800,0.0,0.0
2023-04-25 00:00:00-04:00,136.34493810098095,138.6280955769915,136.27544306011416,136.64273071289062,44600,0.0,0.0
2023-04-26 00:00:00-04:00,136.31517575142843,137.45675463106113,136.10670575009647,136.3945770263672,38400,0.0,0.0
2023-04-27 00:00:00-04:00,136.37472577615424,142.39037926198972,136.37472577615424,141.71534729003906,69900,0.0,0.0
2023-04-28 00:00:00-04:00,140.91129227102923,143.819860170296,140.91129227102923,143.0257110595703,68400,0.0,0.0
2023-05-01 00:00:00-04:00,143.02569853241107,144.69339788644564,141.08003413890432,141.26864624023438,35900,0.0,0.0
2023-05-02 00:00:00-04:00,133.99227830859041,133.99227830859041,121.01792603599792,127.55970001220703,507300,0.0,0.0
2023-05-03 00:00:00-04:00,127.85750184175187,127.85750184175187,124.09523446942461,124.80996704101562,173700,0.0,0.0
2023-05-04 00:00:00-04:00,123.88677744710999,124.46252753384586,120.83924251397663,121.2958755493164,139900,0.0,0.0
2023-05-05 00:00:00-04:00,122.21907113509005,122.30840892405348,120.31311499463993,120.75982666015625,75900,0.0,0.0
2023-05-08 00:00:00-04:00,120.71018625665235,123.21175031021652,118.98292088775929,123.05291748046875,71000,0.0,0.0
2023-05-09 00:00:00-04:00,123.00329915274602,123.00329915274602,120.91865972623366,121.8517837524414,43500,0.0,0.0
2023-05-10 00:00:00-04:00,121.85177302004755,122.74518875649636,121.03777369874221,121.86170196533203,74200,0.0,0.0
2023-05-11 00:00:00-04:00,121.54403861568359,124.13494035242064,121.54403861568359,124.01581573486328,51800,0.0,0.0
2023-05-12 00:00:00-04:00,125.22688857921162,125.63388443244725,123.09261986522243,123.24152374267578,37300,0.0,0.0
2023-05-15 00:00:00-04:00,123.59890210276464,123.6088234749499,122.40767854024386,122.81468200683594,44400,0.0,0.0
2023-05-16 00:00:00-04:00,122.70547743808915,122.76503596115374,120.17413417791992,122.09001159667969,67000,0.0,0.0
2023-05-17 00:00:00-04:00,121.79220849242283,125.55447577178673,121.65323355955478,125.03827667236328,39600,0.0,0.0
2023-05-18 00:00:00-04:00,125.54455430744545,127.83764840996582,125.0879212760187,127.32144927978516,78200,0.0,0.0
2023-05-19 00:00:00-04:00,127.15269234408902,128.0758949060599,126.66628006051933,127.28174591064453,55400,0.0,0.0
2023-05-23 00:00:00-04:00,128.7509175539532,130.4583326701449,125.92177393634087,126.87474822998047,58500,0.0,0.0
2023-05-24 00:00:00-04:00,124.34340841274397,127.71853032817009,123.39043414960594,124.31362915039062,26700,0.0,0.0
2023-05-25 00:00:00-04:00,125.30631219727125,128.82040906887948,124.50223424220326,126.7159194946289,32600,0.0,0.0
2023-05-26 00:00:00-04:00,126.18979850516688,128.5424586891356,126.18979850516688,127.4703598022461,31000,0.0,0.0
2023-05-29 00:00:00-04:00,130.8851967830709,130.8851967830709,128.05604553222656,128.05604553222656,11700,0.0,0.0
2023-05-30 00:00:00-04:00,129.46564208343767,129.66417554212828,125.55447841755772,125.78279113769531,30600,0.0,0.0
2023-05-31 00:00:00-04:00,126.09051290441126,126.61664092897985,124.48237229169487,125.51476287841797,138800,0.0,0.0
2023-06-01 00:00:00-04:00,126.15010742231861,126.15010742231861,122.82462220603097,124.06547546386719,42800,0.0,0.0
2023-06-02 00:00:00-04:00,125.46513655780709,128.88988804388612,125.21696594074147,128.6615753173828,46700,0.0,0.0
2023-06-05 00:00:00-04:00,128.68143519662684,130.05132672394973,128.2049366985616,128.36376953125,28400,0.0,0.0
2023-06-06 00:00:00-04:00,129.4160032287982,131.76867088207197,128.274424496002,130.81568908691406,61400,0.0,0.0
2023-06-07 00:00:00-04:00,130.83553313587328,134.75662528035065,130.83553313587328,134.30992126464844,47900,0.0,0.0
2023-06-08 00:00:00-04:00,133.49593179780453,134.38935509217467,131.98706537789727,133.5257110595703,37900,0.0,0.0
2023-06-09 00:00:00-04:00,133.03930635264095,134.2106643744478,132.7712778496167,133.5257110595703,37600,0.0,0.0
2023-06-12 00:00:00-04:00,134.48861615445736,134.48861615445736,131.16313898406065,131.43115234375,82400,0.0,0.0
2023-06-13 00:00:00-04:00,131.91758055607238,131.91758055607238,130.59731097601588,131.11351013183594,51500,0.0,0.0
2023-06-14 00:00:00-04:00,130.67671384341114,131.73889130896558,129.57483574558785,130.86532592773438,57500,0.0,0.0
2023-06-15 00:00:00-04:00,130.79583877474596,130.79583877474596,126.21957948643305,127.44058227539062,107600,0.0,0.0
2023-06-16 00:00:00-04:00,128.7409903727963,128.7409903727963,126.01111361390623,126.1401596069336,196500,0.0,0.0
2023-06-19 00:00:00-04:00,127.53984458385197,127.53984458385197,124.81989662832486,126.0706787109375,22900,0.0,0.0
2023-06-20 00:00:00-04:00,125.87214031565591,125.87214031565591,122.95365142822266,122.95365142822266,59100,0.0,0.0
2023-06-21 00:00:00-04:00,122.41760179563632,123.01320976242768,120.71018673688587,122.29847717285156,67900,0.0,0.0
2023-06-22 00:00:00-04:00,122.65584532927159,123.11247836319447,121.05762592375834,122.70548248291016,29100,0.0,0.0
2023-06-23 00:00:00-04:00,122.77496671731737,123.50954961569231,121.91133025231072,122.27862548828125,37900,0.0,0.0
2023-06-26 00:00:00-04:00,122.76503413265553,125.7331600472663,122.76503413265553,125.32615661621094,43500,0.0,0.0
2023-06-27 00:00:00-04:00,125.32616429293158,128.2645111264389,125.32616429293158,127.12291717529297,36500,0.0,0.0
2023-06-28 00:00:00-04:00,127.29166243907478,128.1652278155076,125.8423470151163,126.17986297607422,48100,0.0,0.0
2023-06-29 00:00:00-04:00,127.25264439960122,129.24112993681268,126.57656159258174,128.6346435546875,48400,0.199,0.0
2023-06-30 00:00:00-04:00,129.40019789470645,130.60323374235216,128.69429671069463,129.25106811523438,49900,0.0,0.0
2023-07-04 00:00:00-04:00,131.2097264145573,132.36304733398893,130.09618355214533,131.35885620117188,30200,0.0,0.0
2023-07-05 00:00:00-04:00,131.49805623466008,132.23379862083578,130.49388021793007,131.73667907714844,53300,0.0,0.0
2023-07-06 00:00:00-04:00,131.23956276360022,131.2494996932001,129.04228765123239,129.8675079345703,54600,0.0,0.0
2023-07-07 00:00:00-04:00,131.23955206621545,131.85597541063157,129.20135901888915,130.47398376464844,43100,0.0,0.0
2023-07-10 00:00:00-04:00,130.94128822650748,134.63985894275797,130.3149279011433,134.56031799316406,49300,0.0,0.0
2023-07-11 00:00:00-04:00,134.5205429675591,138.68640690503256,134.5205429675591,137.0757293701172,63400,0.0,0.0
2023-07-12 00:00:00-04:00,138.11968247591065,140.84390284508908,137.6722779522599,139.78005981445312,80800,0.0,0.0
2023-07-13 00:00:00-04:00,139.79993590965483,142.0966254000259,139.79993590965483,141.10238647460938,56500,0.0,0.0
2023-07-14 00:00:00-04:00,141.0228549174447,142.36508362436192,139.79994520571142,141.3410186767578,44000,0.0,0.0
2023-07-17 00:00:00-04:00,141.18195635124655,141.63931302588372,138.66653256795502,138.71624755859375,86000,0.0,0.0
2023-07-18 00:00:00-04:00,140.27716554111223,141.04273375713717,138.6466143196203,139.3326416015625,61400,0.0,0.0
2023-07-19 00:00:00-04:00,140.30700937879453,140.73454005762295,139.18352957251946,140.56552124023438,40000,0.0,0.0
2023-07-20 00:00:00-04:00,140.04851455019602,141.04275360985355,139.79001785620332,141.00299072265625,26400,0.0,0.0
2023-07-21 00:00:00-04:00,142.1960785538154,142.1960785538154,140.9234537353813,141.30125427246094,84700,0.0,0.0
2023-07-24 00:00:00-04:00,142.74288784769857,142.74288784769857,140.63509103850433,140.6649169921875,19800,0.0,0.0
2023-07-25 00:00:00-04:00,141.16206681928222,141.67907541249494,140.58540630586901,140.7544403076172,28600,0.0,0.0
2023-07-26 00:00:00-04:00,141.4106215172136,142.09664891662777,140.8737390838242,141.21177673339844,56400,0.0,0.0
2023-07-27 00:00:00-04:00,142.9019959551574,142.9019959551574,129.14172906942136,131.826171875,194900,0.0,0.0
2023-07-28 00:00:00-04:00,131.83608872386785,133.5163397788775,129.45985827831487,131.2196502685547,118300,0.0,0.0
2023-07-31 00:00:00-04:00,132.07469122833896,133.82456139366568,130.8617185622399,132.74082946777344,74100,0.0,0.0
2023-08-01 00:00:00-04:00,132.2238550798205,133.47659080575298,130.712607494731,133.12860107421875,69300,0.0,0.0
2023-08-02 00:00:00-04:00,133.21811033913428,151.3629749858727,132.7508167208625,145.07937622070312,157400,0.0,0.0
2023-08-03 00:00:00-04:00,143.89620667876116,148.14161147007988,143.48858021733892,145.765380859375,116500,0.0,0.0
2023-08-04 00:00:00-04:00,145.7653877284056,147.9924886619402,142.6235886893704,146.71986389160156,48700,0.0,0.0
2023-08-08 00:00:00-04:00,149.7820936052954,151.6810936643402,148.3603391712001,149.01654052734375,80600,0.0,0.0
2023-08-09 00:00:00-04:00,149.7522746985505,149.7522746985505,140.28713025479072,143.06105041503906,107400,0.0,0.0
2023-08-10 00:00:00-04:00,143.41897278091432,145.06941312775857,143.22012801920746,144.80096435546875,54400,0.0,0.0
2023-08-11 00:00:00-04:00,145.148945857636,146.87891187461747,142.84230427381803,146.7297821044922,128500,0.0,0.0
2023-08-14 00:00:00-04:00,146.68010106781279,146.68010106781279,142.87216329029383,144.37347412109375,123900,0.0,0.0
2023-08-15 00:00:00-04:00,142.38497488036163,145.6460776099419,142.38497488036163,144.612060546875,76900,0.0,0.0
2023-08-16 00:00:00-04:00,145.16883510012445,145.5068878997101,144.08511819999418,144.6916046142578,102600,0.0,0.0
2023-08-17 00:00:00-04:00,144.71149900055835,144.71149900055835,142.30544228283946,143.17042541503906,75100,0.0,0.0
2023-08-18 00:00:00-04:00,143.1505144830541,145.83495651467462,141.44042233857962,145.1389923095703,125200,0.0,0.0
2023-08-21 00:00:00-04:00,144.7114759846471,146.08351536045473,143.54821828366855,145.40744018554688,71800,0.0,0.0
2023-08-22 00:00:00-04:00,144.69161144146665,145.80515435132537,144.26409592103317,144.67172241210938,37000,0.0,0.0
2023-08-23 00:00:00-04:00,145.78526285064194,147.92287053589538,144.86061273347886,147.33627319335938,53000,0.0,0.0
2023-08-24 00:00:00-04:00,147.6245958623206,149.3446401783422,147.36609919541263,148.3106231689453,49800,0.0,0.0
2023-08-25 00:00:00-04:00,148.3603475521682,150.03066182120082,148.0918987693296,150.0107879638672,82900,0.0,0.0
2023-08-28 00:00:00-04:00,151.20388506008015,153.16253731255918,151.0746291216178,152.00921630859375,66500,0.0,0.0
2023-08-29 00:00:00-04:00,152.00921528900005,153.6099408457491,151.8998483812389,152.76483154296875,49600,0.0,0.0
2023-08-30 00:00:00-04:00,152.61569394640148,154.1070525191676,152.61569394640148,153.5403289794922,79300,0.0,0.0
2023-08-31 00:00:00-04:00,153.39117335143055,155.4591920444759,152.55601633237802,155.21063232421875,195700,0.0,0.0
2023-09-01 00:00:00-04:00,154.63398661694333,157.96469325259895,154.63398661694333,156.3639678955078,53200,0.0,0.0
2023-09-05 00:00:00-04:00,156.39379293002514,157.73600643626472,155.43931684415642,157.1195831298828,72400,0.0,0.0
2023-09-06 00:00:00-04:00,156.05577021672258,157.44769883846925,155.0913571106252,156.72190856933594,83400,0.0,0.0
2023-09-07 00:00:00-04:00,155.7873264590528,156.1750790998552,153.59005138058265,154.8030242919922,37900,0.0,0.0
2023-09-08 00:00:00-04:00,155.03170602997983,157.76586373925971,153.41110650395441,154.59425354003906,36800,0.0,0.0
2023-09-11 00:00:00-04:00,154.892487607504,157.59681890942758,154.83283569466326,156.08558654785156,39900,0.0,0.0
2023-09-12 00:00:00-04:00,156.77159236497656,156.77159236497656,154.27605802998255,155.43931579589844,33500,0.0,0.0
2023-09-13 00:00:00-04:00,155.44926818189617,156.07562841338725,149.86163488470388,150.38858032226562,88000,0.0,0.0
2023-09-14 00:00:00-04:00,151.91974156128956,151.95950445115955,148.27088578759088,151.60157775878906,88200,0.0,0.0
2023-09-15 00:00:00-04:00,150.82605790029777,151.95948978828972,146.9882946355384,149.47389221191406,151300,0.0,0.0
2023-09-18 00:00:00-04:00,149.51365404551672,149.51365404551672,147.7737359308475,148.76797485351562,50700,0.0,0.0
2023-09-19 00:00:00-04:00,148.50946425133156,149.48382932663216,144.88049822196098,145.3975067138672,53900,0.0,0.0
2023-09-20 00:00:00-04:00,146.57071231500237,147.2965025408962,144.0751778736569,144.21437072753906,58200,0.0,0.0
2023-09-21 00:00:00-04:00,143.78685031385493,143.78685031385493,137.74187491137735,137.94073486328125,71200,0.0,0.0
2023-09-22 00:00:00-04:00,137.9705689322211,137.9705689322211,135.5147970565167,137.56292724609375,96400,0.0,0.0
2023-09-25 00:00:00-04:00,137.25470805697915,138.6565888010856,136.47920278808718,137.7617645263672,63700,0.0,0.0
2023-09-26 00:00:00-04:00,136.64820359399388,136.99617812365543,132.14430236816406,132.14430236816406,61200,0.0,0.0
2023-09-27 00:00:00-04:00,132.12440434874225,132.70106472048764,129.042257747902,130.2651824951172,98700,0.0,0.0
2023-09-28 00:00:00-04:00,130.7424303364005,131.03075297526166,128.2667697301096,129.15164184570312,67300,0.0,0.0
2023-09-29 00:00:00-04:00,130.7325143637567,131.1699668564814,127.90886358160304,128.60484313964844,92000,0.0,0.0
2023-10-02 00:00:00-04:00,127.49126449445366,128.17729184133168,124.44889553950193,126.71575927734375,97100,0.0,0.0
2023-10-03 00:00:00-04:00,126.1291636367583,127.46144029260968,124.518493681433,126.95438385009766,84000,0.0,0.0
2023-10-04 00:00:00-04:00,126.765477575414,128.88321158488608,126.49703637226048,127.96851348876953,141200,0.0,0.0
2023-10-05 00:00:00-04:00,128.36620439932852,130.04647082178508,127.18305750205394,129.27096557617188,99700,0.0,0.0
2023-10-06 00:00:00-04:00,129.25108994696083,130.44417389690952,126.79531802429774,129.32069396972656,42000,0.0,0.0
2023-10-10 00:00:00-04:00,130.4640497000568,131.13018804481422,127.90884805276794,128.20712280273438,94100,0.0,0.0
2023-10-11 00:00:00-04:00,128.46562376936402,129.84761532846713,127.35206580866662,128.903076171875,51000,0.0,0.0
2023-10-12 00:00:00-04:00,129.0422662277516,129.68853064568984,125.79110820936596,128.24688720703125,78800,0.0,0.0
2023-10-13 00:00:00-04:00,129.35050367341347,129.35050367341347,124.00149284551608,124.23016357421875,72200,0.0,0.0
2023-10-16 00:00:00-04:00,124.69745870614443,125.72152370474012,123.78276060889799,125.24429321289062,38900,0.0,0.0
2023-10-17 00:00:00-04:00,125.07527627930872,125.19458011134616,123.45466176334153,123.73304748535156,77300,0.0,0.0
2023-10-18 00:00:00-04:00,123.74298638328742,123.91200519463021,120.80003982134951,120.95912170410156,99300,0.0,0.0
2023-10-19 00:00:00-04:00,120.63102377933686,121.9732449577436,119.6765552172378,120.1537857055664,48400,0.0,0.0
2023-10-20 00:00:00-04:00,119.98477022419593,120.16373355865223,118.47353018857547,118.97064971923828,66700,0.0,0.0
2023-10-23 00:00:00-04:00,118.75191881583794,120.33275532098867,118.29456974669795,119.33851623535156,48800,0.0,0.0
2023-10-24 00:00:00-04:00,119.13966893059646,121.65509255034414,118.87122013530897,121.02872467041016,65300,0.0,0.0
2023-10-25 00:00:00-04:00,119.766025500506,121.76444795554055,119.766025500506,120.64095306396484,51900,0.0,0.0
2023-10-26 00:00:00-04:00,119.31862826118615,122.37094178362794,119.31862826118615,122.19197845458984,62000,0.0,0.0
2023-10-27 00:00:00-04:00,121.4363566838302,121.84399833441474,120.32280621960503,121.36676025390625,62600,0.0,0.0
2023-10-30 00:00:00-04:00,121.32698973968682,124.05120260561968,121.32698973968682,123.31546783447266,43100,0.0,0.0
2023-10-31 00:00:00-04:00,123.05696030962403,126.25841117138425,123.05696030962403,124.98578643798828,65900,0.0,0.0
2023-11-01 00:00:00-04:00,124.98580279408525,127.98840169328228,124.98580279408525,127.74979400634766,82500,0.0,0.0
2023-11-02 00:00:00-04:00,114.33748494900998,127.24271050084906,114.33748494900998,117.90679931640625,453900,0.0,0.0
2023-11-03 00:00:00-04:00,117.66817235407176,132.18405878391164,117.66817235407176,130.523681640625,182300,0.0,0.0
2023-11-06 00:00:00-05:00,130.11604641627105,132.4922768978256,130.11604641627105,132.14430236816406,118500,0.0,0.0
2023-11-07 00:00:00-05:00,132.1045458115049,132.11449791198027,130.09619373051024,131.81622314453125,69500,0.0,0.0
2023-11-08 00:00:00-05:00,131.9554085088843,134.77904378226637,131.07053635733553,132.0150604248047,76700,0.0,0.0
2023-11-09 00:00:00-05:00,132.94964068862575,132.94964068862575,130.73249195988652,131.0605926513672,56700,0.0,0.0
2023-11-10 00:00:00-05:00,131.38869430316583,132.81046414080606,130.12602153742648,131.27932739257812,78700,0.0,0.0
2023-11-13 00:00:00-05:00,130.25526408315864,133.24793359963522,130.25526408315864,132.691162109375,37700,0.0,0.0
2023-11-14 00:00:00-05:00,135.00770652256014,141.27141522833128,135.00770652256014,140.1876983642578,63200,0.0,0.0
2023-11-15 00:00:00-05:00,140.5853919657838,143.3394383109053,140.5853919657838,142.92185974121094,62600,0.0,0.0
2023-11-16 00:00:00-05:00,142.07673952637018,145.61624292293595,141.05267462413758,141.1819305419922,59300,0.0,0.0
2023-11-17 00:00:00-05:00,141.70888501088268,143.20024352724298,139.30282842499412,141.02285766601562,33800,0.0,0.0
2023-11-20 00:00:00-05:00,141.04274373088415,143.37921142578125,140.82400993940942,143.37921142578125,26200,0.0,0.0
2023-11-21 00:00:00-05:00,142.1861358471979,144.96007158050878,142.1861358471979,144.37347412109375,202500,0.0,0.0
2023-11-22 00:00:00-05:00,145.39751172876095,147.61466037325485,145.00975913917787,146.4016876220703,49600,0.0,0.0
2023-11-23 00:00:00-05:00,145.56653576588937,147.35616900172423,145.56653576588937,146.82920837402344,48800,0.0,0.0
2023-11-24 00:00:00-05:00,146.79938089811495,147.61466415245513,145.964223786998,146.78944396972656,18600,0.0,0.0
2023-11-27 00:00:00-05:00,146.78944203934049,147.95269982257355,145.34779855606274,145.37762451171875,33700,0.0,0.0
2023-11-28 00:00:00-05:00,145.75545274158648,147.29651115292495,143.62778175305544,144.23426818847656,30900,0.0,0.0
2023-11-29 00:00:00-05:00,147.11756799545134,147.11756799545134,143.7073198277404,145.03961181640625,48800,0.0,0.0
2023-11-30 00:00:00-05:00,145.15890138013157,145.29809424037305,140.02862423828736,140.3865509033203,104800,0.0,0.0
2023-12-01 00:00:00-05:00,139.88943651056093,142.8025649244108,139.68065479798054,142.76278686523438,77800,0.0,0.0
2023-12-04 00:00:00-05:00,142.79259048322376,145.16882092260485,142.79259048322376,143.8464813232422,30200,0.0,0.0
2023-12-05 00:00:00-05:00,142.7230208697939,144.33368330103016,142.56393897832055,143.17042541503906,48800,0.0,0.0
2023-12-06 00:00:00-05:00,143.77689826670652,147.3859905877145,143.1604749590965,145.6460723876953,50200,0.0,0.0
2023-12-07 00:00:00-05:00,144.96005368429732,148.3901753054218,144.59217492680327,148.01235961914062,53800,0.0,0.0
2023-12-08 00:00:00-05:00,147.6743382389227,149.9213132336274,146.74970312082033,147.7439422607422,41100,0.0,0.0
2023-12-11 00:00:00-05:00,147.77376012587052,149.06625880025453,146.80934699930833,147.6345672607422,34200,0.0,0.0
2023-12-12 00:00:00-05:00,146.92863781760045,147.8731618309249,146.1332435855282,147.495361328125,60300,0.0,0.0
2023-12-13 00:00:00-05:00,143.24002297813533,153.33154296875,143.24002297813533,153.33154296875,50200,0.0,0.0
2023-12-14 00:00:00-05:00,153.84855996990274,161.7527575841791,153.56022214237714,159.1080780029297,151800,0.0,0.0
2023-12-15 00:00:00-05:00,160.7585024328684,160.7585024328684,154.56439786115698,157.82550048828125,110600,0.0,0.0
2023-12-18 00:00:00-05:00,157.73600668056972,160.58948284353585,157.4178580987092,160.5298309326172,72400,0.0,0.0
2023-12-19 00:00:00-05:00,160.52985258028735,162.94584632359022,160.40059664194473,161.57379150390625,41400,0.0,0.0
2023-12-20 00:00:00-05:00,161.80245430939073,163.2242087445384,160.40057373046875,160.40057373046875,64300,0.0,0.0
2023-12-21 00:00:00-05:00,161.43460451945975,162.55809960382086,160.05261271987737,161.82235717773438,42100,0.0,0.0
2023-12-22 00:00:00-05:00,162.09079713729432,164.546568895815,162.09079713729432,164.3278350830078,26100,0.0,0.0
2023-12-27 00:00:00-05:00,165.54079977133287,170.02481236968686,165.53086284247436,169.57740783691406,55100,0.0,0.0
2023-12-28 00:00:00-05:00,168.81891782054734,171.94445602715618,168.30130841382754,168.5999298095703,38400,0.198,0.0
2023-12-29 00:00:00-05:00,168.25154723967503,169.1573599667022,166.8082281140972,166.82814025878906,27000,0.0,0.0
2024-01-02 00:00:00-05:00,166.75843893601433,166.75843893601433,161.34349043994163,162.428466796875,52700,0.0,0.0
2024-01-03 00:00:00-05:00,160.53723298322245,161.7914246575311,153.92781373041626,154.0373077392578,84700,0.0,0.0
2024-01-04 00:00:00-05:00,153.98753505531658,155.22182977486509,150.71269364307253,151.30992126464844,81000,0.0,0.0
2024-01-05 00:00:00-05:00,151.13073970242476,153.68889551612182,151.13073970242476,152.3052978515625,44900,0.0,0.0
2024-01-08 00:00:00-05:00,151.3397762815864,153.84817472715292,151.3397762815864,153.29075622558594,47100,0.0,0.0
2024-01-09 00:00:00-05:00,151.32984283988864,153.8780506365281,151.32984283988864,152.19583129882812,25300,0.0,0.0
2024-01-10 00:00:00-05:00,152.63380010037815,153.12154890876397,150.3244925902295,151.38955688476562,45900,0.0,0.0
2024-01-11 00:00:00-05:00,150.4439237081377,151.32982420315736,149.17976844383506,150.98143005371094,21100,0.0,0.0
2024-01-12 00:00:00-05:00,151.89720067194,152.25554328508184,148.2839139218028,148.60243225097656,38600,0.0,0.0
2024-01-15 00:00:00-05:00,147.30844217233275,149.57794048888329,147.29847850636884,149.52816772460938,24100,0.0,0.0
2024-01-16 00:00:00-05:00,149.50825061061596,150.00594785977816,146.46234587590578,149.89645385742188,40600,0.0,0.0
2024-01-17 00:00:00-05:00,147.66677824071587,148.19433610381208,146.26326836862313,147.6568145751953,24600,0.0,0.0
2024-01-18 00:00:00-05:00,148.12467642034582,150.7425692275622,147.53739721818854,150.20504760742188,41800,0.0,0.0
2024-01-19 00:00:00-05:00,150.1254037666457,155.71951592127937,150.1254037666457,155.2815399169922,36300,0.0,0.0
2024-01-22 00:00:00-05:00,155.32136493770506,158.7256277969511,155.32136493770506,158.03880310058594,36600,0.0,0.0
2024-01-23 00:00:00-05:00,158.05869329967726,159.02422722452073,156.48598328265913,157.25242614746094,23100,0.0,0.0
2024-01-24 00:00:00-05:00,157.81980684508488,159.23326526469882,157.13298218454025,158.83511352539062,24000,0.0,0.0
2024-01-25 00:00:00-05:00,158.84507110554281,160.42774486448394,158.54644968969146,159.16358947753906,38300,0.0,0.0
2024-01-26 00:00:00-05:00,159.2432126503088,161.01501369855742,158.8848700119824,159.34275817871094,31600,0.0,0.0
2024-01-29 00:00:00-05:00,158.636017582338,161.04487046456185,158.1084597091679,160.29832458496094,30500,0.0,0.0
2024-01-30 00:00:00-05:00,159.3925453513156,159.7110637316678,157.83973217437185,158.2179718017578,24700,0.0,0.0
2024-01-31 00:00:00-05:00,156.5954729068738,160.726354082345,156.41629399555492,157.09317016601562,49600,0.0,0.0
2024-02-01 00:00:00-05:00,156.6850685625716,158.38718483311976,153.75860599101424,158.13833618164062,47900,0.0,0.0
2024-02-02 00:00:00-05:00,157.9691077121942,157.9691077121942,154.65444212903577,156.02809143066406,29500,0.0,0.0
2024-02-05 00:00:00-05:00,154.15673616803844,154.61462430557916,152.91249308490126,152.99212646484375,26400,0.0,0.0
2024-02-06 00:00:00-05:00,152.9821936799844,153.4998031084465,149.9760978299948,150.27471923828125,35100,0.0,0.0
2024-02-07 00:00:00-05:00,150.28465684610578,150.28465684610578,147.46768859806437,147.7065887451172,48500,0.0,0.0
2024-02-08 00:00:00-05:00,147.70659165041974,161.99050903320312,145.46695398898427,161.99050903320312,89100,0.0,0.0
2024-02-09 00:00:00-05:00,160.92542566733448,164.35953362635544,159.2133459263504,163.4835968017578,67500,0.0,0.0
2024-02-12 00:00:00-05:00,161.14443009682734,168.32123179724613,161.14443009682734,166.2707061767578,36400,0.0,0.0
2024-02-13 00:00:00-05:00,164.19033456300852,168.0226098094531,161.58240559784795,165.15586853027344,83100,0.0,0.0
2024-02-14 00:00:00-05:00,165.87254435022396,168.6496884139897,164.31973130910632,167.54481506347656,38200,0.0,0.0
2024-02-15 00:00:00-05:00,169.21705904054625,174.28361322186979,169.21705904054625,172.5814971923828,87200,0.0,0.0
2024-02-16 00:00:00-05:00,171.54628948226022,175.6970828455598,170.76988296472305,172.9796600341797,73500,0.0,0.0
2024-02-20 00:00:00-05:00,170.36177358175564,171.84491695022996,167.82352959394265,168.28140258789062,42500,0.0,0.0
2024-02-21 00:00:00-05:00,167.74388771730997,167.74388771730997,163.34424578896332,166.3403778076172,37000,0.0,0.0
2024-02-22 00:00:00-05:00,167.46518159600433,170.27218627929688,167.46518159600433,170.27218627929688,25000,0.0,0.0
2024-02-23 00:00:00-05:00,160.25850861458628,160.9552817012947,158.67583506295273,160.59693908691406,137700,0.0,0.0
2024-02-26 00:00:00-05:00,159.273066069283,160.33814545866844,158.90477497017542,159.63140869140625,54200,0.0,0.0
2024-02-27 00:00:00-05:00,159.63142005996468,160.71641166910368,159.12377430435117,159.4920654296875,63400,0.0,0.0
2024-02-28 00:00:00-05:00,159.43233497504045,159.80062607909818,156.10772099585873,156.4362030029297,95300,0.0,0.0
2024-02-29 00:00:00-05:00,157.27235215118694,158.37724080232138,155.1123476183148,157.20266723632812,93600,0.0,0.0
2024-03-01 00:00:00-05:00,157.22256454834096,159.84045704875004,157.1727917836401,158.85501098632812,50100,0.0,0.0
2024-03-04 00:00:00-05:00,159.40247592656456,160.77612520812738,158.41702989563714,160.30828857421875,42300,0.0,0.0
2024-03-05 00:00:00-05:00,159.90018611338968,159.99973164766124,158.26773959554234,159.13372802734375,32600,0.0,0.0
2024-03-06 00:00:00-05:00,159.13371845196227,160.85576192244176,157.5510447964832,157.70034790039062,24600,0.0,0.0
2024-03-07 00:00:00-05:00,158.31750815058086,158.87492667523264,157.63068347252218,157.8894805908203,33400,0.0,0.0
2024-03-08 00:00:00-05:00,158.25778223542824,159.5517829772372,156.6750933850278,158.26773071289062,79900,0.0,0.0
2024-03-11 00:00:00-04:00,158.43692869415142,158.46678931179952,156.93388858131436,158.19802856445312,44600,0.0,0.0
2024-03-12 00:00:00-04:00,157.6008197533313,160.66663676717772,157.58090760969492,160.5073699951172,71300,0.0,0.0
2024-03-13 00:00:00-04:00,160.00967407226562,161.81133577940207,159.93004068556428,160.00967407226562,49500,0.0,0.0
2024-03-14 00:00:00-04:00,159.99972738898524,161.8113375940829,158.36728091458835,161.71180725097656,40700,0.0,0.0
2024-03-15 00:00:00-04:00,162.2990885595095,162.36875828176048,159.760829354492,160.69650268554688,50100,0.0,0.0
2024-03-18 00:00:00-04:00,161.07475238697234,161.64211937897647,159.42239379882812,159.42239379882812,25100,0.0,0.0
2024-03-19 00:00:00-04:00,159.39253138230507,161.2141051997762,159.18349184749042,160.9951171875,20000,0.0,0.0
2024-03-20 00:00:00-04:00,160.93538810553056,165.583894151406,160.93538810553056,164.53872680664062,44000,0.0,0.0
2024-03-21 00:00:00-04:00,164.71788467686397,168.77909623379185,164.71788467686397,167.6045379638672,62900,0.0,0.0
2024-03-22 00:00:00-04:00,167.55476439739437,168.50038617075313,164.81742941800493,164.8472900390625,36500,0.0,0.0
2024-03-25 00:00:00-04:00,165.51420636858816,166.0019551712866,163.24470798485558,163.89170837402344,18000,0.0,0.0
2024-03-26 00:00:00-04:00,164.2301316056281,164.8373228122597,162.51805197999514,162.54791259765625,42300,0.0,0.0
2024-03-27 00:00:00-04:00,163.7324591019129,166.26075463934697,163.7324591019129,166.1612091064453,25400,0.0,0.0
2024-03-28 00:00:00-04:00,166.05172302267874,167.28600252099508,164.73779495071145,164.80747985839844,39100,0.0,0.0
2024-04-01 00:00:00-04:00,164.61835046374588,164.61835046374588,160.92543011416066,161.46295166015625,17900,0.0,0.0
2024-04-02 00:00:00-04:00,159.54182288169736,160.84578719452722,159.4621895022517,160.57704162597656,17500,0.0,0.0
2024-04-03 00:00:00-04:00,160.22866630933916,162.10001297482796,160.22866630933916,161.25392150878906,21500,0.0,0.0
2024-04-04 00:00:00-04:00,163.85190387754616,163.85190387754616,159.47217376202843,159.6811981201172,18200,0.0,0.0
2024-04-05 00:00:00-04:00,160.6666389531594,161.21410899674416,158.96450757919877,160.03953552246094,77300,0.0,0.0
2024-04-08 00:00:00-04:00,160.17888797343556,160.6367761459808,158.67584768196696,160.5073699951172,22300,0.0,0.0
2024-04-09 00:00:00-04:00,160.5173273741946,164.25005711596393,160.3282151589652,161.92083740234375,24500,0.0,0.0
2024-04-10 00:00:00-04:00,159.39253369771916,159.39253369771916,155.23177659254503,155.61997985839844,42100,0.0,0.0
2024-04-11 00:00:00-04:00,156.91400675448412,156.91400675448412,154.53501422833259,154.91326904296875,21300,0.0,0.0
2024-04-12 00:00:00-04:00,150.6927712860876,155.30145263671875,150.6927712860876,155.30145263671875,24800,0.0,0.0
2024-04-15 00:00:00-04:00,156.38644046697323,156.38644046697323,150.77241573680652,150.79232788085938,30000,0.0,0.0
2024-04-16 00:00:00-04:00,150.7425550696479,151.2103917293974,148.44319605899418,150.24485778808594,48000,0.0,0.0
2024-04-17 00:00:00-04:00,150.4140660006089,150.70272372745643,147.92557970928024,149.4485321044922,24200,0.0,0.0
2024-04-18 00:00:00-04:00,149.77702654152296,149.77702654152296,145.11857191971075,146.61166381835938,53200,0.0,0.0
2024-04-19 00:00:00-04:00,146.6116548326014,147.9454950569161,144.62086575641771,145.1981964111328,88700,0.0,0.0
2024-04-22 00:00:00-04:00,145.25792550422776,148.21424865722656,144.82991312020218,148.21424865722656,30400,0.0,0.0
2024-04-23 00:00:00-04:00,148.13461949162476,149.8068749917431,146.9799582052488,149.45848083496094,29900,0.0,0.0
2024-04-24 00:00:00-04:00,148.6422621657868,149.89645376503722,145.81534543753145,148.80152893066406,71000,0.0,0.0
2024-04-25 00:00:00-04:00,148.6721272512282,148.84134249829992,145.7456649098952,146.23341369628906,52800,0.0,0.0
2024-04-26 00:00:00-04:00,146.2532996553376,147.56722762348366,146.2532996553376,146.93017578125,29000,0.0,0.0
2024-04-29 00:00:00-04:00,146.92023912138413,148.264012627598,144.62086499218984,145.71580505371094,54200,0.0,0.0
2024-04-30 00:00:00-04:00,144.90954525636673,146.1239278630483,142.271740497568,142.69976806640625,66500,0.0,0.0
2024-05-01 00:00:00-04:00,142.12242195919245,144.8896173852689,142.12242195919245,143.2372589111328,73200,0.0,0.0
2024-05-02 00:00:00-04:00,138.95709067665572,144.84982481993205,137.49385941598823,142.18215942382812,84500,0.0,0.0
2024-05-03 00:00:00-04:00,143.95395503732806,148.23415464231027,143.95395503732806,146.90032958984375,48100,0.0,0.0
2024-05-06 00:00:00-04:00,148.18438082779514,151.8076163585279,147.76631694215467,151.7777557373047,36300,0.0,0.0
2024-05-07 00:00:00-04:00,150.80227589999998,154.98293001596022,150.80227589999998,152.9622802734375,71900,0.0,0.0
2024-05-08 00:00:00-04:00,151.67822980613508,152.69352133427512,149.68744066128917,150.2946319580078,68600,0.0,0.0
2024-05-09 00:00:00-04:00,150.31450919204798,153.78844126188037,150.31450919204798,153.40023803710938,43700,0.0,0.0
2024-05-10 00:00:00-04:00,154.53500701628332,155.39104695415568,151.8374810482212,155.20191955566406,37800,0.0,0.0
2024-05-13 00:00:00-04:00,155.65980600628265,157.03344016959622,152.59398894175294,153.4998016357422,50500,0.0,0.0
2024-05-14 00:00:00-04:00,154.43546981280548,156.52580459826848,153.73869661382335,153.858154296875,32600,0.0,0.0
2024-05-15 00:00:00-04:00,155.7394350335819,160.1689376596928,155.2914953437324,158.25778198242188,78700,0.0,0.0
2024-05-16 00:00:00-04:00,158.13831311575905,159.59159571137022,157.48136431494837,157.85960388183594,27900,0.0,0.0
2024-05-17 00:00:00-04:00,157.8596249459538,158.18810698444747,155.02275946744413,156.97372436523438,50400,0.0,0.0
2024-05-21 00:00:00-04:00,156.1575070165008,157.15290159934233,154.50514836374006,155.2716064453125,34300,0.0,0.0
2024-05-22 00:00:00-04:00,154.89334903380302,155.28155230702998,153.17132068728512,153.53961181640625,33900,0.0,0.0
2024-05-23 00:00:00-04:00,152.25555965801948,152.25555965801948,150.32449176779133,151.3596954345703,29100,0.0,0.0
2024-05-24 00:00:00-04:00,151.57868126905322,152.54421520024698,151.05112337120704,151.82752990722656,22700,0.0,0.0
2024-05-27 00:00:00-04:00,150.0358084803144,154.27619876384443,150.0358084803144,154.25628662109375,12700,0.0,0.0
2024-05-28 00:00:00-04:00,153.59932193627313,154.55490733344274,152.74328206390763,153.14144897460938,71100,0.0,0.0
2024-05-29 00:00:00-04:00,150.88190021392234,151.89720685725354,150.0258603359205,150.45387268066406,61200,0.0,0.0
2024-05-30 00:00:00-04:00,151.0610721204487,151.55876939769013,150.2348928176061,151.29002380371094,41900,0.0,0.0
2024-05-31 00:00:00-04:00,152.81296904954112,154.07710913837977,149.30917613023416,152.1261444091797,120200,0.0,0.0
2024-06-03 00:00:00-04:00,154.037323938785,154.037323938785,150.86201253696004,151.32984924316406,49800,0.0,0.0
2024-06-04 00:00:00-04:00,151.8673440486222,152.5342565317483,149.48833664565217,150.37425231933594,64900,0.0,0.0
2024-06-05 00:00:00-04:00,150.39415616954176,152.1659572211249,149.46844654542352,150.0756378173828,67700,0.0,0.0
2024-06-06 00:00:00-04:00,149.45847700736124,150.33442902128454,147.5473214039496,147.68667602539062,82900,0.0,0.0
2024-06-07 00:00:00-04:00,146.40263168606913,146.58179541390794,145.07875511692575,146.33294677734375,37700,0.0,0.0
2024-06-10 00:00:00-04:00,145.09866324111735,150.93167572813678,145.09866324111735,150.00595092773438,27300,0.0,0.0
2024-06-11 00:00:00-04:00,148.29387857887974,150.27471923828125,147.77628433893335,150.27471923828125,49300,0.0,0.0
2024-06-12 00:00:00-04:00,151.23027727442252,156.5058710986325,151.23027727442252,152.56411743164062,64700,0.0,0.0
2024-06-13 00:00:00-04:00,149.309180764591,152.60393425663386,148.2042922193924,152.2953643798828,58300,0.0,0.0
2024-06-14 00:00:00-04:00,149.6874464455581,151.9967540447881,149.4186856478339,151.05113220214844,63900,0.0,0.0
2024-06-17 00:00:00-04:00,149.76706553072202,151.62844841494953,149.1101015050482,151.0809783935547,45900,0.0,0.0
2024-06-18 00:00:00-04:00,150.22494085889855,151.29996877545122,149.07027955721068,149.52816772460938,72900,0.0,0.0
2024-06-19 00:00:00-04:00,148.41333727765814,152.14606693566245,148.16448863379117,148.67213439941406,39200,0.0,0.0
2024-06-20 00:00:00-04:00,150.19508684569658,150.19508684569658,146.76097859892982,148.12466430664062,116500,0.0,0.0
2024-06-21 00:00:00-04:00,148.0649356615257,149.7770154603906,147.40797162948135,148.95083618164062,721400,0.0,0.0
2024-06-24 00:00:00-04:00,148.9806955371389,150.9117633302861,148.48299827863767,149.99600219726562,54100,0.0,0.0
2024-06-25 00:00:00-04:00,149.93629001775304,149.93629001775304,148.2441070857704,148.6820831298828,35000,0.0,0.0
2024-06-26 00:00:00-04:00,147.5075223535742,148.72190493248945,146.76097643318442,148.59249877929688,41000,0.0,0.0
2024-06-27 00:00:00-04:00,148.37351883316092,151.38956330054216,148.37351883316092,151.071044921875,63100,0.0,0.0
2024-06-28 00:00:00-04:00,151.8435034940492,153.62767820377132,150.88664075696408,152.27210998535156,33000,0.205,0.0
2024-07-02 00:00:00-04:00,147.0691091737196,149.29183691568602,146.1521094559983,149.13235473632812,48600,0.0,0.0
2024-07-03 00:00:00-04:00,149.67060822051263,154.2157440185547,149.67060822051263,154.2157440185547,30400,0.0,0.0
2024-07-04 00:00:00-04:00,153.6177009535461,156.54812160080365,153.05952848912733,154.3253936767578,16200,0.0,0.0
2024-07-05 00:00:00-04:00,153.45823003392172,154.53469678251244,151.684017304587,152.0328826904297,55700,0.0,0.0
2024-07-08 00:00:00-04:00,152.08271336284838,153.85691077331748,151.21555373218587,153.7472686767578,31700,0.0,0.0
2024-07-09 00:00:00-04:00,153.91672048432096,154.96330142034893,152.5013503000869,154.66427612304688,41500,0.0,0.0
2024-07-10 00:00:00-04:00,154.58452167406,158.41200256347656,154.58452167406,158.41200256347656,29300,0.0,0.0
2024-07-11 00:00:00-04:00,159.47853031015038,165.81780249834117,159.46856837726682,165.70816040039062,102200,0.0,0.0
2024-07-12 00:00:00-04:00,165.82776859180098,169.65526497415945,165.82776859180098,167.78138732910156,59600,0.0,0.0
2024-07-15 00:00:00-04:00,169.52568350743925,171.4394240908078,168.6286076280408,170.2732391357422,45800,0.0,0.0
2024-07-16 00:00:00-04:00,171.43942627644557,176.38326758663575,171.1503781218024,176.22378540039062,63300,0.0,0.0
2024-07-17 00:00:00-04:00,174.32001560560258,177.90828893360998,174.32001560560258,177.2205352783203,100400,0.0,0.0
2024-07-18 00:00:00-04:00,176.87164550299033,180.73900453361827,176.04434884390977,177.46969604492188,96700,0.0,0.0
2024-07-19 00:00:00-04:00,177.4198787131082,180.38020037802355,177.4198787131082,178.6060028076172,41600,0.0,0.0
2024-07-22 00:00:00-04:00,178.9249430623527,180.6991405442908,178.3368696157789,180.4698944091797,40200,0.0,0.0
2024-07-23 00:00:00-04:00,178.77543266794277,182.9119009545653,178.77543266794277,182.4235076904297,49100,0.0,0.0
2024-07-24 00:00:00-04:00,182.9019458536216,184.23757494156123,180.1609085179406,180.5496368408203,78300,0.0,0.0
2024-07-25 00:00:00-04:00,180.39016014698714,190.50708920123262,180.39016014698714,187.39724731445312,101200,0.0,0.0
2024-07-26 00:00:00-04:00,190.1183521954019,193.11853663115926,189.32095648621,191.9025115966797,62700,0.0,0.0
2024-07-29 00:00:00-04:00,192.34108825947078,193.61691536535952,188.9621372946616,189.0817413330078,61200,0.0,0.0
2024-07-30 00:00:00-04:00,189.25116712876863,189.4604893846612,185.0349578857422,185.0349578857422,82300,0.0,0.0
2024-07-31 00:00:00-04:00,186.02174971309057,189.45054067073698,182.18429135674666,185.4635772705078,160200,0.0,0.0
2024-08-01 00:00:00-04:00,185.91210622492707,193.88603296592603,185.91210622492707,193.5969696044922,135300,0.0,0.0
2024-08-02 00:00:00-04:00,189.38077505848287,189.38077505848287,184.04820504558074,188.09498596191406,133700,0.0,0.0
2024-08-06 00:00:00-04:00,182.33379300693997,186.4303984327896,180.29048646960032,184.3472137451172,105200,0.0,0.0
2024-08-07 00:00:00-04:00,186.1214198836138,186.1214198836138,179.9117284724368,180.0612335205078,63400,0.0,0.0
2024-08-08 00:00:00-04:00,180.8586117820894,184.71600894909545,179.9914521689834,183.5697479248047,89800,0.0,0.0
2024-08-09 00:00:00-04:00,184.3173157156821,185.32401849651117,182.46337713075786,183.04148864746094,61100,0.0,0.0
2024-08-12 00:00:00-04:00,183.0315267357146,183.0315267357146,179.74227889639113,180.9882049560547,57500,0.0,0.0
2024-08-13 00:00:00-04:00,182.45340516817268,187.52681215347104,182.2341209770269,185.852294921875,38300,0.0,0.0
2024-08-14 00:00:00-04:00,185.77255293841623,187.30752705998464,184.12792151274564,186.14134216308594,47800,0.0,0.0
2024-08-15 00:00:00-04:00,187.11814942965952,188.3640754516605,186.1812106276655,187.26766967773438,31600,0.0,0.0
2024-08-16 00:00:00-04:00,187.4570680776767,188.56343587429387,186.9686595621597,188.29432678222656,31100,0.0,0.0
2024-08-19 00:00:00-04:00,189.29104726730841,191.2147496935738,188.2544283276054,190.83599853515625,57600,0.0,0.0
2024-08-20 00:00:00-04:00,190.28780298937784,191.6134701705025,187.71620972175165,189.22128295898438,43000,0.0,0.0
2024-08-21 00:00:00-04:00,189.26116399341,190.9954833984375,188.04513889773887,190.9954833984375,32700,0.0,0.0
2024-08-22 00:00:00-04:00,190.34758555297117,193.74647521972656,190.34758555297117,193.74647521972656,86200,0.0,0.0
2024-08-23 00:00:00-04:00,195.97918304821522,196.80647978719475,193.37768879496198,195.73997497558594,141200,0.0,0.0
2024-08-26 00:00:00-04:00,195.36121391556034,198.59065986575226,194.74323943231815,195.03228759765625,62000,0.0,0.0
2024-08-27 00:00:00-04:00,194.08538505397638,195.85958260075984,192.99894114672134,194.58375549316406,42500,0.0,0.0
2024-08-28 00:00:00-04:00,193.8760536098336,194.97247460782424,191.7530059814453,191.7530059814453,48900,0.0,0.0
2024-08-29 00:00:00-04:00,191.8327568387569,193.34779202885125,190.92571898597672,191.65333557128906,28700,0.0,0.0
2024-08-30 00:00:00-04:00,192.64010676903678,194.14517996501735,190.97555138818112,193.81625366210938,100200,0.0,0.0
2024-09-03 00:00:00-04:00,191.96231119452614,194.3644602249157,189.1016699032426,190.27781677246094,48800,0.0,0.0
2024-09-04 00:00:00-04:00,189.82930740727818,191.67328421461332,188.6332213310071,189.131591796875,44300,0.0,0.0
2024-09-05 00:00:00-04:00,188.89236111122872,191.37425140945635,188.50363277141562,188.8026580810547,28900,0.0,0.0
2024-09-06 00:00:00-04:00,190.29777149195127,190.7961419437558,186.18122669314698,188.8126220703125,52000,0.0,0.0
2024-09-09 00:00:00-04:00,190.79612411391474,193.7365064629717,190.0784695136561,192.54042053222656,71400,0.0,0.0
2024-09-10 00:00:00-04:00,192.37097046612632,192.37097046612632,189.76947642296304,192.0719451904297,44000,0.0,0.0
2024-09-11 00:00:00-04:00,190.09842815821568,193.11855190810545,189.5402556803437,192.92916870117188,40400,0.0,0.0
2024-09-12 00:00:00-04:00,192.92914889477197,194.5937042236328,191.21475348356222,194.5937042236328,38800,0.0,0.0
2024-09-13 00:00:00-04:00,194.62362033285754,198.8996472598293,194.62362033285754,198.70030212402344,66200,0.0,0.0
2024-09-16 00:00:00-04:00,199.0690842254044,203.61422007815364,197.39455168493666,199.986083984375,57900,0.0,0.0
2024-09-17 00:00:00-04:00,199.62725910292963,200.59409895811078,195.15188714656583,196.47755432128906,57100,0.0,0.0
2024-09-18 00:00:00-04:00,194.2946882457515,199.8764431369374,194.2946882457515,197.20518493652344,45900,0.0,0.0
2024-09-19 00:00:00-04:00,199.03917955632394,201.41142760792104,197.97265956369563,201.36158752441406,61800,0.0,0.0
2024-09-20 00:00:00-04:00,200.19540594867922,203.28529346044445,200.1355887220276,201.4512939453125,212500,0.0,0.0
2024-09-23 00:00:00-04:00,201.45128338841133,201.58086455911166,198.7401471998311,200.59408569335938,158100,0.0,0.0
2024-09-24 00:00:00-04:00,200.265173538879,202.74706377751,199.72694016170027,202.1290740966797,35900,0.0,0.0
2024-09-25 00:00:00-04:00,200.92301658768542,203.48463258977932,200.92301658768542,200.98281860351562,32000,0.0,0.0
2024-09-26 00:00:00-04:00,202.5975408701444,205.27877620563618,202.05930750001008,202.99624633789062,50000,0.0,0.0
2024-09-27 00:00:00-04:00,203.33513385625207,205.17911051651302,199.577416584784,199.986083984375,37200,0.0,0.0
2024-09-30 00:00:00-04:00,200.36484524894428,204.8003388861065,200.32496709880238,204.5810546875,42900,0.0,0.0
2024-10-01 00:00:00-04:00,203.4647176391055,205.97649366838027,202.0294083600578,204.25213623046875,50300,0.0,0.0
2024-10-02 00:00:00-04:00,204.17240138638488,207.43174837324375,203.91325422881317,206.1160430908203,70100,0.0,0.0
2024-10-03 00:00:00-04:00,206.00637349831217,206.7240280640547,198.66039894540143,201.072509765625,121200,0.0,0.0
2024-10-04 00:00:00-04:00,200.05584827129357,202.20879679317983,199.24847546539678,199.32821655273438,48800,0.0,0.0
2024-10-07 00:00:00-04:00,197.71351729909395,200.0957273425306,197.20518493652344,197.20518493652344,63000,0.0,0.0
2024-10-08 00:00:00-04:00,196.36789765712402,201.05259153962407,196.36789765712402,200.95291137695312,86700,0.0,0.0
2024-10-09 00:00:00-04:00,200.31499323520413,205.08937481892443,200.31499323520413,204.08267211914062,49900,0.0,0.0
2024-10-10 00:00:00-04:00,201.66060943457836,203.50457082094832,201.15226188401354,202.29852294921875,47200,0.0,0.0
2024-10-11 00:00:00-04:00,201.69053120002295,206.6044566341634,201.69053120002295,205.03958129882812,44800,0.0,0.0
2024-10-15 00:00:00-04:00,204.76048236224554,207.57129909085936,204.76048236224554,206.22569274902344,57300,0.0,0.0
2024-10-16 00:00:00-04:00,205.19903564453125,207.33206047306822,205.0196295903738,205.19903564453125,38400,0.0,0.0
2024-10-17 00:00:00-04:00,205.1990409396587,207.6809312162913,204.45148527659504,206.54464721679688,28300,0.0,0.0
2024-10-18 00:00:00-04:00,207.00312187172628,208.69759339756504,206.80377675370337,207.99986267089844,46200,0.0,0.0
2024-10-21 00:00:00-04:00,208.40853359811135,209.85380473971367,204.92991788355351,205.8170166015625,42200,0.0,0.0
2024-10-22 00:00:00-04:00,205.24887604920534,205.68744446101857,203.47467853527618,203.73382568359375,44200,0.0,0.0
2024-10-23 00:00:00-04:00,204.3019736380798,205.39839465883296,202.737083200192,204.0926513671875,45300,0.0,0.0
2024-10-24 00:00:00-04:00,204.09265155049363,214.05009814554023,204.09265155049363,213.92051696777344,101300,0.0,0.0
2024-10-25 00:00:00-04:00,213.65140421255666,215.42560168335007,213.62150320421077,215.2960205078125,47500,0.0,0.0
2024-10-28 00:00:00-04:00,215.30598886595897,216.82103923994677,212.255964251197,213.05335998535156,42500,0.0,0.0
2024-10-29 00:00:00-04:00,211.36885274381112,214.30923507770888,209.52489137939412,213.65139770507812,69600,0.0,0.0
2024-10-30 00:00:00-04:00,213.27263825424353,216.08343950777942,213.27263825424353,214.63816833496094,50000,0.0,0.0
2024-10-31 00:00:00-04:00,214.02019417258958,215.51530543113,210.45186014378615,212.1463165283203,78700,0.0,0.0
2024-11-01 00:00:00-04:00,212.95369533598205,215.33590556961758,210.59142417964472,211.8074493408203,70100,0.0,0.0
2024-11-04 00:00:00-05:00,211.77753774624483,215.00698369948245,210.0731041353269,213.00352478027344,56800,0.0,0.0
2024-11-05 00:00:00-05:00,206.3253603697481,206.3253603697481,198.56075567390621,205.3585205078125,120900,0.0,0.0
2024-11-06 00:00:00-05:00,205.81702803593902,207.43174338090665,195.36121081840702,204.33187866210938,133100,0.0,0.0
2024-11-07 00:00:00-05:00,204.46143982706582,209.88371207079777,204.06273439205185,208.70755004882812,73700,0.0,0.0
2024-11-08 00:00:00-05:00,206.74398343108507,213.2925780573083,206.74398343108507,210.46182250976562,39500,0.0,0.0
2024-11-11 00:00:00-05:00,211.05986594569285,211.55823634934265,207.4018290079902,208.66769409179688,18200,0.0,0.0
2024-11-12 00:00:00-05:00,207.73075790191098,208.85706468611053,205.7871163451386,207.80052185058594,27600,0.0,0.0
2024-11-13 00:00:00-05:00,208.74743641942598,209.67441335196028,206.0163761260443,207.94007873535156,31400,0.0,0.0
2024-11-14 00:00:00-05:00,209.40528313273356,209.40528313273356,204.50131993820088,205.41831970214844,53400,0.0,0.0
2024-11-15 00:00:00-05:00,205.07942402078012,205.2887462852777,201.6406712284644,203.03610229492188,19200,0.0,0.0
2024-11-18 00:00:00-05:00,201.04263039895656,203.34509937476932,201.04263039895656,201.90980529785156,24800,0.0,0.0
2024-11-19 00:00:00-05:00,198.42120804331591,202.6473795078417,198.42120804331591,200.0558624267578,40000,0.0,0.0
2024-11-20 00:00:00-05:00,196.7965195536512,198.38133388474293,195.60043355299817,198.24179077148438,51300,0.0,0.0
2024-11-21 00:00:00-05:00,200.00601804026516,200.43460929562218,196.7666103517981,200.2552032470703,39900,0.0,0.0
2024-11-22 00:00:00-05:00,203.05602951231126,203.1955726108083,199.3282135823801,203.12579345703125,51900,0.0,0.0
2024-11-25 00:00:00-05:00,205.8768129777325,214.80760192871094,205.8768129777325,214.80760192871094,91400,0.0,0.0
2024-11-26 00:00:00-05:00,210.5814295490142,215.92396075593265,210.5814295490142,212.2360076904297,43400,0.0,0.0
2024-11-27 00:00:00-05:00,213.8707012887683,215.56515776963118,213.1430694843913,213.6713409423828,27300,0.0,0.0
2024-11-28 00:00:00-05:00,213.6713213508589,215.7844221981338,211.74761889890792,212.84402465820312,16400,0.0,0.0
2024-11-29 00:00:00-05:00,214.57837581676756,215.56515476500886,212.9636604551535,213.95042419433594,27200,0.0,0.0
2024-12-02 00:00:00-05:00,213.68129031113807,214.81757417617087,212.2559431068539,212.58486938476562,23100,0.0,0.0
2024-12-03 00:00:00-05:00,215.44554120994522,215.44554120994522,211.7077628044357,213.83082580566406,67000,0.0,0.0
2024-12-04 00:00:00-05:00,213.19290722040523,216.99048755766788,211.45857260576372,216.96058654785156,60800,0.0,0.0
2024-12-05 00:00:00-05:00,217.28949278199732,217.75796217123357,211.43862919646304,212.46527099609375,40500,0.0,0.0
2024-12-06 00:00:00-05:00,212.6646207418145,215.20631286002418,212.17621226755955,213.88064575195312,51700,0.0,0.0
2024-12-09 00:00:00-05:00,214.20958596615873,214.608276234154,210.7110157469062,210.94027709960938,40700,0.0,0.0
2024-12-10 00:00:00-05:00,210.85055462076423,210.85055462076423,207.62112397140336,208.0596923828125,43400,0.0,0.0
2024-12-11 00:00:00-05:00,208.31882946636102,210.6910774630678,208.30886753351336,209.6245574951172,45100,0.0,0.0
2024-12-12 00:00:00-05:00,209.6245668123799,211.29909935773617,207.90020939151307,210.1827392578125,44200,0.0,0.0
2024-12-13 00:00:00-05:00,210.10300003108685,210.10300003108685,204.91995058008592,206.5247039794922,55400,0.0,0.0
2024-12-16 00:00:00-05:00,207.18255674973017,208.36868081220018,205.04953190758485,206.305419921875,41800,0.0,0.0
2024-12-17 00:00:00-05:00,206.3253481502885,206.68417545108608,203.9830011577128,204.86013793945312,34000,0.0,0.0
2024-12-18 00:00:00-05:00,205.27877998095138,205.35852107596716,197.29489105459888,197.73345947265625,66600,0.0,0.0
2024-12-19 00:00:00-05:00,198.7899994191835,198.7899994191835,193.4873307471742,193.9059600830078,105600,0.0,0.0
2024-12-20 00:00:00-05:00,193.90595654347965,195.6303291491746,191.95235301191698,194.03553771972656,194500,0.0,0.0
2024-12-23 00:00:00-05:00,193.98569452112292,195.01233635428864,192.2214742111535,193.50726318359375,34900,0.0,0.0
2024-12-24 00:00:00-05:00,196.22836303710938,196.22836303710938,193.61690692006678,196.22836303710938,12900,0.0,0.0
2024-12-27 00:00:00-05:00,196.53734259983543,196.53734259983543,192.6998996656508,194.0654296875,31300,0.0,0.0
2024-12-30 00:00:00-05:00,193.24812349416763,193.24812349416763,190.85593629618532,191.7829132080078,39500,0.0,0.0
2024-12-31 00:00:00-05:00,194.0031424904358,195.0608673095703,192.4265283393602,195.0608673095703,34200,0.215,0.0
2025-01-02 00:00:00-05:00,195.33029258745952,197.7251406590223,192.15711813133524,193.11505126953125,43300,0.0,0.0
2025-01-03 00:00:00-05:00,193.20484047478521,197.01665704487397,192.9952992775815,196.3181610107422,28800,0.0,0.0
2025-01-06 00:00:00-05:00,196.31817562088432,197.61537611249412,194.66173116947547,195.84918212890625,27100,0.0,0.0
2025-01-07 00:00:00-05:00,196.10861166804392,197.69519883701435,193.57406447380595,194.90121459960938,27600,0.0,0.0
2025-01-08 00:00:00-05:00,194.40227883125496,194.40227883125496,192.20698383882794,193.5341339111328,60100,0.0,0.0
2025-01-09 00:00:00-05:00,192.31675972177064,193.6040023351285,190.46074717368228,193.40443420410156,23600,0.0,0.0
2025-01-10 00:00:00-05:00,191.5284633416558,192.16709050681058,186.58907969580983,188.3852081298828,61900,0.0,0.0
2025-01-13 00:00:00-05:00,187.34744199973287,187.34744199973287,184.41374326806613,184.5634307861328,71400,0.0,0.0
2025-01-14 00:00:00-05:00,184.92265260910398,185.90054707446012,181.76942448285308,182.92694091796875,100500,0.0,0.0
2025-01-15 00:00:00-05:00,186.1200678711799,193.27469212205105,186.02027620086304,192.9354248046875,83200,0.0,0.0
2025-01-16 00:00:00-05:00,193.02524095453302,197.28608976122342,192.9953064966699,196.47781372070312,54600,0.0,0.0
2025-01-17 00:00:00-05:00,196.56762052691158,199.07223311631265,195.5797377984826,198.82276916503906,34700,0.0,0.0
2025-01-20 00:00:00-05:00,198.5633448973491,202.51484561285739,198.5633448973491,201.20765686035156,18000,0.0,0.0
2025-01-21 00:00:00-05:00,201.22761559223213,202.53480432753113,200.11000667968864,200.48919677734375,49900,0.0,0.0
2025-01-22 00:00:00-05:00,200.57900108455854,202.74434647522054,199.06227113901625,201.37728881835938,38000,0.0,0.0
2025-01-23 00:00:00-05:00,201.2874732686207,204.01161534032948,201.09787823037908,203.67234802246094,32400,0.0,0.0
2025-01-24 00:00:00-05:00,203.50272933767377,203.89189251941045,201.14778886647755,202.0957489013672,34800,0.0,0.0
2025-01-27 00:00:00-05:00,200.86840095791788,206.81561375054056,200.64887143610233,206.54620361328125,47600,0.0,0.0
2025-01-28 00:00:00-05:00,206.5461916406725,207.18481878727937,205.01947338040807,206.5761260986328,38300,0.0,0.0
2025-01-29 00:00:00-05:00,207.17482007808843,207.7336169000436,202.58469245054863,202.59466552734375,39300,0.0,0.0
2025-01-30 00:00:00-05:00,203.8819185586202,207.8633537331192,203.8819185586202,206.99522399902344,42000,0.0,0.0
2025-01-31 00:00:00-05:00,206.99523413490314,207.60392685412842,205.05939121716796,206.34661865234375,45200,0.0,0.0
2025-02-03 00:00:00-05:00,205.1691392310811,205.1691392310811,200.18983312363636,202.3052978515625,69600,0.0,0.0
2025-02-04 00:00:00-05:00,201.84627989270595,205.14918031631652,200.19982383248805,204.919677734375,50400,0.0,0.0
2025-02-05 00:00:00-05:00,205.5782758115014,208.43214428108143,204.84983004516545,208.06292724609375,63400,0.0,0.0
2025-02-06 00:00:00-05:00,193.584034514745,198.1641892028727,183.51567266253952,194.1328582763672,304200,0.0,0.0
2025-02-07 00:00:00-05:00,189.71235059284152,193.73370847703166,189.20344958733895,192.8057098388672,124900,0.0,0.0
2025-02-10 00:00:00-05:00,192.83564376063805,195.11075388937897,189.00388093602933,193.12501525878906,94700,0.0,0.0
2025-02-11 00:00:00-05:00,191.64818654992962,191.64818654992962,186.9882016928705,189.6425018310547,81900,0.0,0.0
2025-02-12 00:00:00-05:00,185.67104023308963,188.67458077794655,185.1421626390877,185.85064697265625,47700,0.0,0.0
2025-02-13 00:00:00-05:00,186.7886269781531,187.0580523036162,183.99462773272762,186.8983917236328,48400,0.0,0.0
2025-02-14 00:00:00-05:00,187.58692771184587,189.7223386330609,185.860626119473,186.22984313964844,34900,0.0,0.0
2025-02-18 00:00:00-05:00,188.0559164844102,188.0559164844102,182.53775973467162,185.2619171142578,42900,0.0,0.0
2025-02-19 00:00:00-05:00,185.16212890537645,187.36739703115128,182.3880908632256,187.2376708984375,63400,0.0,0.0
2025-02-20 00:00:00-05:00,187.82639874634128,187.82639874634128,180.6717742674659,181.05096435546875,80200,0.0,0.0
2025-02-21 00:00:00-05:00,181.6097713703841,181.6097713703841,176.20139429186727,178.08734130859375,74400,0.0,0.0
2025-02-24 00:00:00-05:00,178.08734116567965,178.72596832358056,176.72028347440877,177.2990264892578,49400,0.0,0.0
2025-02-25 00:00:00-05:00,178.60622452057032,182.06878554683513,177.22917857177566,181.54989624023438,68500,0.0,0.0
2025-02-26 00:00:00-05:00,179.88347945766756,184.60333339411977,179.88347945766756,182.01889038085938,87900,0.0,0.0
2025-02-27 00:00:00-05:00,182.00890834646975,185.1621366148752,181.49003424615435,183.9746856689453,110900,0.0,0.0
2025-02-28 00:00:00-05:00,183.30612468758537,188.2455083178056,183.30612468758537,185.6011962890625,118300,0.0,0.0
2025-03-03 00:00:00-05:00,184.72306989847857,186.2597764325716,181.8392671038499,182.23841857910156,29300,0.0,0.0
2025-03-04 00:00:00-05:00,182.2384196184417,183.94474460339933,178.40664156453192,181.59979248046875,47600,0.0,0.0
2025-03-05 00:00:00-05:00,180.49216645544746,183.78507849630762,180.03314607658507,183.21630859375,44200,0.0,0.0
2025-03-06 00:00:00-05:00,180.71170516026095,181.50997767987724,177.72811061085284,177.83787536621094,72000,0.0,0.0
2025-03-07 00:00:00-05:00,177.8777753930558,179.3146902294247,173.20781740092852,178.0474090576172,52500,0.0,0.0
2025-03-10 00:00:00-04:00,175.66253822923431,179.43444737372656,175.22349444239867,177.01962280273438,73000,0.0,0.0
2025-03-11 00:00:00-04:00,175.7024540174704,177.89773376881874,175.52283205292176,175.75234985351562,31200,0.0,0.0
2025-03-12 00:00:00-04:00,175.75235103236142,178.8756294056007,175.65255935960158,175.9020233154297,40900,0.0,0.0
2025-03-13 00:00:00-04:00,175.103732410149,175.103732410149,170.53355099580597,171.29193115234375,52000,0.0,0.0
2025-03-14 00:00:00-04:00,172.1101601479378,176.02175296651924,171.97046094820527,175.642578125,25300,0.0,0.0
2025-03-17 00:00:00-04:00,174.82433575054904,179.61404670797603,174.82433575054904,178.01747131347656,35000,0.0,0.0
2025-03-18 00:00:00-04:00,177.69816222461415,178.4764885284851,174.01607189610942,174.5648956298828,35100,0.0,0.0
2025-03-19 00:00:00-04:00,174.56490826660047,178.2869063969638,174.30545599581436,177.31898498535156,30200,0.0,0.0
2025-03-20 00:00:00-04:00,178.23700539099158,178.3567584456027,176.14151726119402,176.67037963867188,25700,0.0,0.0
2025-03-21 00:00:00-04:00,175.38313532276263,176.97971074231415,172.67895454816087,175.6824951171875,65000,0.0,0.0
2025-03-24 00:00:00-04:00,176.09161469479602,181.60975606483413,176.09161469479602,181.5598602294922,49100,0.0,0.0
2025-03-25 00:00:00-04:00,178.8556822966722,180.9511703787938,176.26125107948764,177.6981658935547,46900,0.0,0.0
2025-03-26 00:00:00-04:00,179.58411887840825,180.2726418523673,175.34323150797778,176.9198455810547,60600,0.0,0.0
2025-03-27 00:00:00-04:00,175.68251129990722,176.9098698214266,173.9163020535734,175.4130859375,36600,0.0,0.0
2025-03-28 00:00:00-04:00,175.34323901019164,175.6126643650232,171.72101724059513,172.0802459716797,63200,0.0,0.0
2025-03-31 00:00:00-04:00,174.42521152943445,174.62477966097535,170.2541660176889,173.77659606933594,40300,0.0,0.0
2025-04-01 00:00:00-04:00,173.4772386118182,177.9077056171151,169.64546073064457,175.6026611328125,55700,0.0,0.0
2025-04-02 00:00:00-04:00,175.14366235941077,177.8478431755661,174.07594929563854,177.5584716796875,24100,0.0,0.0
2025-04-03 00:00:00-04:00,171.40170895089184,173.22778704033811,163.4088735990121,163.6782989501953,76600,0.0,0.0
2025-04-04 00:00:00-04:00,161.2435175665604,161.97196327462046,155.97484007899652,159.64695739746094,59900,0.0,0.0
2025-04-07 00:00:00-04:00,153.94920491032238,161.69256110612352,151.6840677852676,156.8330078125,128800,0.0,0.0
2025-04-08 00:00:00-04:00,163.4787318729231,163.4787318729231,149.06969042154506,151.83375549316406,75300,0.0,0.0
2025-04-09 00:00:00-04:00,150.48663726761725,162.9698236099718,146.2956457716479,162.51080322265625,118700,0.0,0.0
2025-04-10 00:00:00-04:00,158.0803243360997,158.0803243360997,152.22291527978385,155.6455535888672,63000,0.0,0.0
2025-04-11 00:00:00-04:00,155.64556256366973,164.2570640491478,147.98203638564078,154.84727478027344,70600,0.0,0.0
2025-04-14 00:00:00-04:00,155.9548928494742,159.27775484358733,155.66552133620584,158.38966369628906,40700,0.0,0.0
2025-04-15 00:00:00-04:00,154.73751495255428,161.2135897155732,154.73751495255428,158.54931640625,39900,0.0,0.0
2025-04-16 00:00:00-04:00,159.04825109351597,159.26778060932787,155.70542774225765,157.0824737548828,34800,0.0,0.0
2025-04-17 00:00:00-04:00,157.15231919162517,159.21787282959656,157.15231919162517,157.9007110595703,24400,0.0,0.0
2025-04-21 00:00:00-04:00,156.55358949123698,156.55358949123698,151.1751475568385,153.96914672851562,79900,0.0,0.0
2025-04-22 00:00:00-04:00,156.48376764670337,157.1024334248491,155.3661586985424,156.09458923339844,25700,0.0,0.0
2025-04-23 00:00:00-04:00,159.05821274973428,163.77808177470138,159.05821274973428,160.265625,37600,0.0,0.0
2025-04-24 00:00:00-04:00,162.23140529340193,163.51863263545752,159.18794191744496,161.0339813232422,26900,0.0,0.0
2025-04-25 00:00:00-04:00,161.9220762157498,162.00190651244276,159.32764486448175,159.5870819091797,13600,0.0,0.0
2025-04-28 00:00:00-04:00,158.2300078199033,162.2314042559714,158.2300078199033,161.672607421875,27000,0.0,0.0
2025-04-29 00:00:00-04:00,162.35114240853406,164.3867768523171,161.22357566107829,163.2492218017578,42400,0.0,0.0
2025-04-30 00:00:00-04:00,162.0617713268072,165.58420123909582,159.34760221222902,164.4566192626953,69900,0.0,0.0
2025-05-01 00:00:00-04:00,164.4566167824616,166.69181932136655,163.92775441104502,164.52647399902344,27600,0.0,0.0
2025-05-02 00:00:00-04:00,165.72390873054707,167.92916173005764,165.54428675203906,167.81939697265625,20000,0.0,0.0
2025-05-05 00:00:00-04:00,167.82937779812485,169.00684039226272,166.40243601548872,168.02894592285156,38500,0.0,0.0
2025-05-06 00:00:00-04:00,166.55211598968197,166.55211598968197,158.17011809592066,162.87002563476562,83800,0.0,0.0
2025-05-07 00:00:00-04:00,166.6419342226682,168.19858698043288,163.00973937919306,167.03109741210938,55200,0.0,0.0
2025-05-08 00:00:00-04:00,166.4523232263084,171.36177192528382,166.10308283265508,171.14224243164062,47100,0.0,0.0
2025-05-09 00:00:00-04:00,160.51509502746143,172.23990143935015,160.51509502746143,171.431640625,52500,0.0,0.0
2025-05-12 00:00:00-04:00,174.18571196724744,180.8913043905977,174.18571196724744,180.36244201660156,79900,0.0,0.0
2025-05-13 00:00:00-04:00,180.28261116602135,181.1906636265207,178.6461282121663,179.5242462158203,64900,0.0,0.0
2025-05-14 00:00:00-04:00,179.14506519132905,180.46224226345117,176.98969283298692,177.19924926757812,33000,0.0,0.0
2025-05-15 00:00:00-04:00,175.87209548366843,178.92553198185163,175.87209548366843,178.2769317626953,49900,0.0,0.0
2025-05-16 00:00:00-04:00,174.05599435726495,179.9433532024085,174.05599435726495,177.61834716796875,51300,0.0,0.0
2025-05-20 00:00:00-04:00,173.8963427246614,174.67466906725656,172.3197286592304,174.50503540039062,52700,0.0,0.0
2025-05-21 00:00:00-04:00,172.12016545520282,172.95836073640842,164.55641609139647,165.10523986816406,93700,0.0,0.0
2025-05-22 00:00:00-04:00,164.25705759059443,165.27487485505614,163.20930586771377,163.7281951904297,42500,0.0,0.0
2025-05-23 00:00:00-04:00,162.2513577042021,163.13944874913378,160.83438908206426,161.83224487304688,55000,0.0,0.0
2025-05-26 00:00:00-04:00,161.90211770454843,166.6419331689343,161.90211770454843,166.51220703125,18600,0.0,0.0
2025-05-27 00:00:00-04:00,166.51220116678195,168.38817504106393,164.39675163268316,168.07884216308594,37200,0.0,0.0
2025-05-28 00:00:00-04:00,167.77947896049557,168.0988001352063,165.73387145996094,165.73387145996094,33400,0.0,0.0
2025-05-29 00:00:00-04:00,165.81369598456297,166.63194504673652,164.4965342498877,165.77378845214844,31500,0.0,0.0
2025-05-30 00:00:00-04:00,165.82368575918855,165.92347743938035,163.66832859212883,165.18505859375,63800,0.0,0.0
2025-06-02 00:00:00-04:00,164.48655403573136,166.78162552723896,162.40103897140042,166.03323364257812,64700,0.0,0.0
2025-06-03 00:00:00-04:00,164.07742925973437,167.31048767842563,164.07742925973437,166.7716522216797,42000,0.0,0.0
2025-06-04 00:00:00-04:00,167.00115631929594,170.82294606689703,165.7039406639995,170.81295776367188,63900,0.0,0.0
2025-06-05 00:00:00-04:00,170.08452848060693,173.4971936984669,169.95481757239196,172.1201629638672,73300,0.0,0.0
2025-06-06 00:00:00-04:00,173.51715413280084,174.49504860805385,171.13227924680086,172.3895721435547,29000,0.0,0.0
2025-06-09 00:00:00-04:00,172.928421423151,173.7466553005729,171.99043449029597,172.9783172607422,19800,0.0,0.0
2025-06-10 00:00:00-04:00,171.7210107729395,177.00964986013278,171.7210107729395,176.65042114257812,23100,0.0,0.0
2025-06-11 00:00:00-04:00,176.3510675425393,178.4964668461371,175.2833696555803,175.50289916992188,35900,0.0,0.0
2025-06-12 00:00:00-04:00,176.00180959167514,177.78796476116636,174.59482926968786,175.9918212890625,28400,0.0,0.0
2025-06-13 00:00:00-04:00,173.29761960733177,174.32540989081508,171.89063923733445,172.52926635742188,39300,0.0,0.0
2025-06-16 00:00:00-04:00,174.5349647889297,177.8378651104952,173.41735591898802,173.48721313476562,32600,0.0,0.0
2025-06-17 00:00:00-04:00,173.55705602192236,173.63688631490754,171.83076971107386,173.21778869628906,28500,0.0,0.0
2025-06-18 00:00:00-04:00,172.96833305760651,176.83004563283626,172.8984910641809,176.58058166503906,39500,0.0,0.0
2025-06-19 00:00:00-04:00,178.696023485992,178.696023485992,175.7323904590676,176.00181579589844,21800,0.0,0.0
2025-06-20 00:00:00-04:00,178.32681935858392,179.1949490450986,175.39312082696293,176.85997009277344,98700,0.0,0.0
2025-06-23 00:00:00-04:00,177.0296140295252,180.8913113845215,177.0296140295252,180.4722137451172,140900,0.0,0.0
2025-06-24 00:00:00-04:00,180.55203739355224,182.5776835224516,179.64398492857757,181.93905639648438,38100,0.0,0.0
2025-06-25 00:00:00-04:00,181.7494715729049,181.86920940761027,175.15364351726774,175.50289916992188,62400,0.0,0.0
2025-06-26 00:00:00-04:00,176.6504228745833,177.9476385465868,174.78443727608365,177.6383056640625,58500,0.0,0.0
2025-06-27 00:00:00-04:00,177.6382995200624,182.12865076517772,177.4886120095822,178.78582763671875,60200,0.0,0.0
2025-06-30 00:00:00-04:00,178.9906217728376,178.9906217728376,175.4641570587624,177.9916229248047,30500,0.205,0.0
2025-07-02 00:00:00-04:00,177.9916226454828,179.88972959987427,176.07354668949114,177.06256103515625,43900,0.0,0.0
2025-07-03 00:00:00-04:00,177.8218024557236,180.58903364976328,177.39224024982371,180.3592529296875,20700,0.0,0.0
2025-07-04 00:00:00-04:00,183.0765369569604,183.0765369569604,178.81082253537585,180.31930541992188,15100,0.0,0.0
2025-07-07 00:00:00-04:00,179.38023161409336,179.6599500734654,177.51210863682022,178.25135803222656,47700,0.0,0.0
2025-07-08 00:00:00-04:00,177.98164193207256,181.06854477489523,177.97164218754702,179.3502655029297,34600,0.0,0.0
2025-07-09 00:00:00-04:00,179.03059165921363,181.12848011033458,177.2823436615231,180.42918395996094,40000,0.0,0.0
2025-07-10 00:00:00-04:00,181.46813354116586,185.55405038977386,181.3682428030793,183.42617797851562,36600,0.0,0.0
2025-07-11 00:00:00-04:00,180.49911044119744,184.52508995429906,180.49911044119744,183.61599731445312,41100,0.0,0.0
2025-07-14 00:00:00-04:00,182.93667447148275,185.69392120310886,182.93667447148275,185.234375,24600,0.0,0.0
2025-07-15 00:00:00-04:00,184.51509507819983,185.5140939852215,182.25736303599575,183.31629943847656,33000,0.0,0.0
2025-07-16 00:00:00-04:00,183.39622273395045,186.97264068060824,182.8168015337475,186.36325073242188,42100,0.0,0.0
2025-07-17 00:00:00-04:00,187.98161165721635,190.91867071333377,186.91269081501432,190.59898376464844,48800,0.0,0.0
2025-07-18 00:00:00-04:00,190.598992654771,190.64894564827213,188.97063481993072,189.42018127441406,38700,0.0,0.0
2025-07-21 00:00:00-04:00,188.81079005368267,192.57702013404833,188.81079005368267,190.7588348388672,50000,0.0,0.0
2025-07-22 00:00:00-04:00,189.79979977619772,192.62696839228462,189.79979977619772,190.41917419433594,49400,0.0,0.0
2025-07-23 00:00:00-04:00,189.67991589609406,191.97761641032707,188.94066646738074,189.7098846435547,70800,0.0,0.0
2025-07-24 00:00:00-04:00,190.70888553447872,193.85574124234927,189.65994887536885,193.0465545654297,50700,0.0,0.0
2025-07-25 00:00:00-04:00,191.80778380367394,195.33424860933337,191.80778380367394,195.0345458984375,37400,0.0,0.0
2025-07-28 00:00:00-04:00,194.2553273601621,196.77280878252597,191.6079864501953,191.6079864501953,45000,0.0,0.0
2025-07-29 00:00:00-04:00,191.6879171098144,204.54502829622407,191.6879171098144,204.2553253173828,170000,0.0,0.0
2025-07-30 00:00:00-04:00,204.6648956781664,206.9625961509868,201.89767975575404,204.09547424316406,85600,0.0,0.0
2025-07-31 00:00:00-04:00,207.03253465006276,214.29524557692696,207.03253465006276,208.74081420898438,159900,0.0,0.0
2025-08-01 00:00:00-04:00,208.56100341724385,209.03053411701453,203.50607145138613,207.69186401367188,89500,0.0,0.0
2025-08-05 00:00:00-04:00,214.04549992830994,215.583966778598,209.0205366549209,215.4141387939453,84500,0.0,0.0
2025-08-06 00:00:00-04:00,215.58396548546347,215.82371546541106,213.05649949009282,214.86468505859375,82800,0.0,0.0
2025-08-07 00:00:00-04:00,215.63390877125894,217.24229753622257,214.14539499087235,215.4640655517578,79800,0.0,0.0
2025-08-08 00:00:00-04:00,217.26227168205705,217.95158334672112,215.61392963104453,216.09344482421875,53000,0.0,0.0
2025-08-11 00:00:00-04:00,218.05148607179007,218.0914393191601,212.9166325262617,213.45608520507812,44600,0.0,0.0
2025-08-12 00:00:00-04:00,213.48606334598045,218.18135515949118,213.48606334598045,217.59194946289062,54000,0.0,0.0
2025-08-13 00:00:00-04:00,217.82170301020648,222.99652499084104,216.65287618244167,222.11740112304688,65100,0.0,0.0
2025-08-14 00:00:00-04:00,222.11741449694804,223.9455843356343,220.35918189900764,223.80572509765625,51700,0.0,0.0
2025-08-15 00:00:00-04:00,223.45606920811113,225.344191784625,220.90863417858935,224.44508361816406,43600,0.0,0.0
2025-08-18 00:00:00-04:00,223.8456917194054,226.5829389603118,223.80572322688081,225.49403381347656,48900,0.0,0.0
2025-08-19 00:00:00-04:00,224.83468463941347,229.02049236966852,224.83468463941347,227.77174377441406,43700,0.0,0.0
2025-08-20 00:00:00-04:00,227.05246576995035,228.58093284725663,225.61390493401188,225.73379516601562,70300,0.0,0.0
2025-08-21 00:00:00-04:00,224.3152037997191,226.41310756375137,224.15537556257001,225.7038116455078,44100,0.0,0.0
2025-08-22 00:00:00-04:00,226.28323428334062,233.3861170385575,226.28323428334062,231.27822875976562,48800,0.0,0.0
2025-08-25 00:00:00-04:00,229.28022567076258,234.03547005827892,229.28022567076258,233.81568908691406,68500,0.0,0.0
2025-08-26 00:00:00-04:00,232.75675826434548,235.8336766932159,230.53897949576688,230.6388702392578,170000,0.0,0.0
2025-08-27 00:00:00-04:00,230.63887154456404,232.66683809541973,225.7737517714834,229.3002166748047,54100,0.0,0.0
2025-08-28 00:00:00-04:00,230.4490500924916,230.4490500924916,226.87264758201457,227.66184997558594,58600,0.0,0.0
2025-08-29 00:00:00-04:00,227.561947118379,228.98053893572705,225.12440266697374,226.5229949951172,51600,0.0,0.0
2025-09-02 00:00:00-04:00,224.00551600234604,224.7447806658579,221.47805003953908,222.27725219726562,56300,0.0,0.0
2025-09-03 00:00:00-04:00,222.15737444925625,223.256264064406,219.59993977110975,221.8177032470703,48900,0.0,0.0
2025-09-04 00:00:00-04:00,222.5469800113229,228.68083239373962,221.71780912941557,228.65086364746094,41000,0.0,0.0
2025-09-05 00:00:00-04:00,229.2402733753736,232.18731701190163,226.95255741216616,229.65985107421875,50900,0.0,0.0
2025-09-08 00:00:00-04:00,229.65984479397002,232.20729490770134,226.1633488223619,230.04945373535156,40300,0.0,0.0
2025-09-09 00:00:00-04:00,231.03847466883101,231.34816188189555,228.02149379058136,230.58892822265625,36600,0.0,0.0
2025-09-10 00:00:00-04:00,228.35116176780602,231.6478610620127,228.17133404597,229.23028564453125,31400,0.0,0.0
2025-09-11 00:00:00-04:00,230.19929741753978,234.11538631921954,229.93956320451022,232.57691955566406,48500,0.0,0.0
2025-09-12 00:00:00-04:00,232.80669121695834,232.91658170299328,229.5000073783338,230.618896484375,40800,0.0,0.0
2025-09-15 00:00:00-04:00,230.61889337454468,232.19729816210685,228.93058285891655,229.54995727539062,44000,0.0,0.0
2025-09-16 00:00:00-04:00,229.54996055457536,230.6788341626096,227.16235385018936,227.77174377441406,35300,0.0,0.0
2025-09-17 00:00:00-04:00,228.13139214755267,230.74876441899363,226.78273751898567,227.58193969726562,40600,0.0,0.0
2025-09-18 00:00:00-04:00,228.14137011433516,231.66783495310463,226.782731023229,228.9305877685547,63100,0.0,0.0
2025-09-19 00:00:00-04:00,230.2093071425748,230.37913512501618,226.33318656316632,226.60292053222656,132100,0.0,0.0
2025-09-22 00:00:00-04:00,226.483038776588,228.58092724128622,224.13538535280466,227.02249145507812,37300,0.0,0.0
2025-09-23 00:00:00-04:00,227.0224962731021,228.72079132633243,223.65587491366503,224.83468627929688,71000,0.0,0.0
2025-09-24 00:00:00-04:00,224.83468712577647,225.64387378548776,218.9206155424714,219.4300994873047,67200,0.0,0.0
2025-09-25 00:00:00-04:00,219.310230176801,219.310230176801,216.4630771770159,217.82171630859375,50600,0.0,0.0
2025-09-26 00:00:00-04:00,219.17035837195286,219.29023335672898,216.04348707526444,218.28125,66500,0.0,0.0
2025-09-29 00:00:00-04:00,219.7497866063946,220.5389890207456,217.46207061657427,218.79074096679688,39800,0.0,0.0
2025-09-30 00:00:00-04:00,218.79073219408474,219.52001232839146,215.02451751277633,217.4420928955078,53400,0.0,0.0
2025-10-01 00:00:00-04:00,217.56197960630416,219.25029018924457,214.2952489293578,214.51502990722656,43800,0.0,0.0
2025-10-02 00:00:00-04:00,214.34519434728404,215.49405218981326,213.59594519744397,214.35519409179688,56100,0.0,0.0
2025-10-03 00:00:00-04:00,212.82671407670372,217.29224027695744,212.82671407670372,216.73280334472656,36300,0.0,0.0
2025-10-06 00:00:00-04:00,217.31221867953101,217.31221867953101,212.28725568215904,212.67686462402344,40000,0.0,0.0
2025-10-07 00:00:00-04:00,212.79673877068683,212.79673877068683,210.23930416302485,212.09744262695312,34400,0.0,0.0
2025-10-08 00:00:00-04:00,213.16638665413714,219.0904427168222,210.30924923738579,210.97857666015625,25900,0.0,0.0
2025-10-09 00:00:00-04:00,211.8876748488497,213.76578243353256,210.3691922378927,213.46607971191406,19100,0.0,0.0
2025-10-10 00:00:00-04:00,213.46606628560636,214.85468931654938,209.0405087107897,209.25030517578125,29600,0.0,0.0
2025-10-14 00:00:00-04:00,209.36019895127083,214.53500574263538,209.36019895127083,213.77577209472656,41500,0.0,0.0
2025-10-15 00:00:00-04:00,216.86268316689802,219.28025867707743,214.93460736215366,217.3621826171875,51800,0.0,0.0
2025-10-16 00:00:00-04:00,217.78176040188924,220.06946117786407,216.86268324225884,217.04249572753906,37600,0.0,0.0
2025-10-17 00:00:00-04:00,217.212318056151,224.6848406158539,216.29324092044962,220.85867309570312,66100,0.0,0.0
2025-10-20 00:00:00-04:00,220.9785556484991,223.4960371676637,219.7897445076849,222.90663146972656,56900,0.0,0.0
2025-10-21 00:00:00-04:00,223.6059255313561,226.60292223021864,222.27725516563876,225.55397033691406,53100,0.0,0.0
2025-10-22 00:00:00-04:00,225.55396170542704,228.27123982789217,225.27424324371853,227.98153686523438,37600,0.0,0.0
2025-10-23 00:00:00-04:00,230.76873850522242,237.83166781878367,230.47903554065164,236.0834197998047,187500,0.0,0.0
2025-10-24 00:00:00-04:00,236.32317975545183,239.0204737642606,232.2172936248327,232.63687133789062,56400,0.0,0.0
2025-10-27 00:00:00-04:00,231.68781545690393,233.80568817749042,231.5279719797053,232.6268768310547,52500,0.0,0.0
2025-10-28 00:00:00-04:00,232.49700569843486,232.49700569843486,228.99052510788525,229.5699462890625,44900,0.0,0.0
2025-10-29 00:00:00-04:00,228.42108036980164,229.35015722454764,226.14336421711894,227.23228454589844,43600,0.0,0.0
2025-10-30 00:00:00-04:00,226.25326080764114,227.34218116581533,223.03648321256773,223.38613891601562,64800,0.0,0.0
2025-10-31 00:00:00-04:00,223.98554717174954,224.6348903509242,220.62891030153418,223.5260009765625,50400,0.0,0.0
2025-11-03 00:00:00-05:00,223.91560336887872,224.93458647197886,220.02949842192774,222.98654174804688,60700,0.0,0.0
2025-11-04 00:00:00-05:00,217.81173211829065,226.21331664803907,215.5440003140946,218.4311065673828,92300,0.0,0.0
2025-11-05 00:00:00-05:00,218.53100013055007,218.53100013055007,211.66788285580273,216.36317443847656,92300,0.0,0.0
2025-11-06 00:00:00-05:00,216.0135190942146,216.8426899767164,212.4570855938059,212.55699157714844,80500,0.0,0.0
2025-11-07 00:00:00-05:00,212.2273315705148,213.40614297126723,209.400162816786,212.47708129882812,73800,0.0,0.0
2025-11-10 00:00:00-05:00,213.53601396701433,213.53601396701433,210.0595020779807,212.0774688720703,25700,0.0,0.0
2025-11-11 00:00:00-05:00,213.0265330897601,214.73481268976266,212.30725265496525,213.1464080810547,23200,0.0,0.0
2025-11-12 00:00:00-05:00,213.6958582610395,214.82471665194106,212.2273286592209,212.65689086914062,20500,0.0,0.0
2025-11-13 00:00:00-05:00,211.31823249539914,212.93660580788813,206.98258100174766,207.52203369140625,43300,0.0,0.0
2025-11-14 00:00:00-05:00,205.9236494554751,206.0435244463195,203.79577690690513,205.334228515625,89400,0.0,0.0
2025-11-17 00:00:00-05:00,204.61496405571845,204.61496405571845,195.03455292409305,195.54405212402344,53400,0.0,0.0
2025-11-18 00:00:00-05:00,193.74584398171535,195.6039824963209,191.03855032715876,191.25833129882812,87500,0.0,0.0
2025-11-19 00:00:00-05:00,192.02756001222767,194.2952916680896,190.96862367104032,193.12646484375,48100,0.0,0.0
2025-11-20 00:00:00-05:00,195.08450539104757,196.8327534787597,191.8777274350975,192.1174774169922,40500,0.0,0.0
2025-11-21 00:00:00-05:00,192.64693909077315,198.18140138585576,192.64693909077315,197.56201171875,54900,0.0,0.0
2025-11-24 00:00:00-05:00,197.7118784653687,198.09148768659477,195.9736148696544,197.08250427246094,90000,0.0,0.0
2025-11-25 00:00:00-05:00,197.5720143011491,201.17840089571547,197.5720143011491,199.58998107910156,55700,0.0,0.0
2025-11-26 00:00:00-05:00,199.80975959340122,203.93562982698165,199.79977509231134,201.94761657714844,39900,0.0,0.0
2025-11-27 00:00:00-05:00,202.88667185581818,202.88667185581818,200.73883043559232,201.37818908691406,11600,0.0,0.0
2025-11-28 00:00:00-05:00,202.78679095617517,202.78679095617517,199.89968476260523,202.34722900390625,24200,0.0,0.0
2025-12-01 00:00:00-05:00,200.20936168913326,202.0874691474941,198.09147377738898,199.52005004882812,28400,0.0,0.0
2025-12-02 00:00:00-05:00,199.58997866902146,203.36620844320075,198.8607137579439,199.73983764648438,36100,0.0,0.0
2025-12-03 00:00:00-05:00,199.0705061688564,202.0475184895422,197.97160133059344,200.93862915039062,28400,0.0,0.0
2025-12-04 00:00:00-05:00,199.91964399306912,203.0365307552073,199.66989428180713,201.69786071777344,30900,0.0,0.0
2025-12-05 00:00:00-05:00,201.88768684546295,203.44612271213734,199.96961076005496,201.46810913085938,57300,0.0,0.0
2025-12-08 00:00:00-05:00,201.55800539571044,201.55800539571044,193.8657171884555,197.04254150390625,94100,0.0,0.0
2025-12-09 00:00:00-05:00,197.95161637236765,199.23033368309763,195.1943850292648,195.3042755126953,30600,0.0,0.0
2025-12-10 00:00:00-05:00,197.26232669014777,199.30027770996094,195.3842039069868,199.30027770996094,54900,0.0,0.0
2025-12-11 00:00:00-05:00,199.04054085126404,202.44711542153377,198.94063486660545,200.40916442871094,65500,0.0,0.0
2025-12-12 00:00:00-05:00,190.80878242112004,200.44911533085522,190.80878242112004,200.2393341064453,83100,0.0,0.0
2025-12-15 00:00:00-05:00,199.14043527237482,201.52804201211083,197.3722182106444,198.920654296875,44100,0.0,0.0
2025-12-16 00:00:00-05:00,198.87072006431512,203.0565126870592,198.87072006431512,201.8477325439453,32100,0.0,0.0
2025-12-17 00:00:00-05:00,202.51705333527315,202.656912568154,196.17340437611136,197.53204345703125,59200,0.0,0.0
2025-12-18 00:00:00-05:00,197.8417376408444,202.816763193295,197.8417376408444,201.81776428222656,38100,0.0,0.0
2025-12-19 00:00:00-05:00,202.3871843498223,203.69587047540344,200.0595150737412,201.58798217773438,88600,0.0,0.0
2025-12-22 00:00:00-05:00,200.63893498850118,203.76580641673883,199.53004560213193,202.92665100097656,27100,0.0,0.0
2025-12-23 00:00:00-05:00,202.18737998521752,204.06550273219904,201.18838111869763,203.63592529296875,19800,0.0,0.0
2025-12-24 00:00:00-05:00,202.45711734480898,205.6838794696331,202.45711734480898,205.3142547607422,13000,0.0,0.0
2025-12-29 00:00:00-05:00,204.41514450091043,205.26429964030575,203.22633340316224,204.1853790283203,20600,0.0,0.0
2025-12-30 00:00:00-05:00,203.25631636346193,205.58397031130173,203.25631636346193,204.56500244140625,53500,0.0,0.0
2025-12-31 00:00:00-05:00,203.8699951171875,204.30999755859375,201.60000610351562,201.74000549316406,24900,0.205,0.0
2026-01-02 00:00:00-05:00,201.75,203.1999969482422,198.85000610351562,199.41000366210938,19500,0.0,0.0
2026-01-05 00:00:00-05:00,199.10000610351562,205.82000732421875,199.10000610351562,202.3800048828125,42500,0.0,0.0
2026-01-06 00:00:00-05:00,203.5,204.3300018310547,200.5500030517578,203.1300048828125,63400,0.0,0.0
2026-01-07 00:00:00-05:00,203.9600067138672,203.97999572753906,200.9499969482422,201.35000610351562,42900,0.0,0.0
2026-01-08 00:00:00-05:00,201.0500030517578,204.75,201.0500030517578,203.10000610351562,58500,0.0,0.0
2026-01-09 00:00:00-05:00,204.6300048828125,206.6699981689453,202.44000244140625,203.14999389648438,41900,0.0,0.0
2026-01-12 00:00:00-05:00,202.52000427246094,203.05999755859375,200.5800018310547,202.5,44300,0.0,0.0
2026-01-13 00:00:00-05:00,201.0500030517578,202.50999450683594,198.86000061035156,200.4499969482422,34900,0.0,0.0
2026-01-14 00:00:00-05:00,199.77999877929688,202.2100067138672,195.19000244140625,199.49000549316406,53900,0.0,0.0
2026-01-15 00:00:00-05:00,199.39999389648438,205.88999938964844,199.39999389648438,205.24000549316406,54800,0.0,0.0
2026-01-16 00:00:00-05:00,204.02999877929688,206.9199981689453,203.1699981689453,204.82000732421875,48500,0.0,0.0
2026-01-19 00:00:00-05:00,204.13999938964844,209.6199951171875,201.8800048828125,205.02000427246094,36600,0.0,0.0
2026-01-20 00:00:00-05:00,206.86000061035156,206.86000061035156,196.74000549316406,197.7100067138672,53000,0.0,0.0
2026-01-21 00:00:00-05:00,197.8800048828125,200.4499969482422,196.74000549316406,198.50999450683594,48800,0.0,0.0
2026-01-22 00:00:00-05:00,199.8699951171875,200.3800048828125,194.0399932861328,194.52999877929688,39600,0.0,0.0
2026-01-23 00:00:00-05:00,194.4199981689453,194.4199981689453,191.0399932861328,191.4499969482422,84700,0.0,0.0
2026-01-26 00:00:00-05:00,188.1999969482422,192.35000610351562,188.1999969482422,189.67999267578125,53400,0.0,0.0
2026-01-27 00:00:00-05:00,190.42999267578125,190.42999267578125,185.9600067138672,186.52999877929688,81600,0.0,0.0
2026-01-28 00:00:00-05:00,186.8699951171875,189.0500030517578,184.77999877929688,187.19000244140625,88700,0.0,0.0
2026-01-29 00:00:00-05:00,187.17999267578125,187.55999755859375,184.92999267578125,186.58999633789062,70200,0.0,0.0
2026-01-30 00:00:00-05:00,187.02000427246094,187.75999450683594,182.5500030517578,186.05999755859375,55200,0.0,0.0
2026-02-02 00:00:00-05:00,186.05999755859375,189.3699951171875,185.80999755859375,186.6699981689453,46400,0.0,0.0
2026-02-03 00:00:00-05:00,190.0,192.47999572753906,173.64999389648438,174.9499969482422,263100,0.0,0.0
2026-02-04 00:00:00-05:00,179.14999389648438,185.83999633789062,178.02000427246094,183.97000122070312,286500,0.0,0.0
2026-02-05 00:00:00-05:00,183.7100067138672,187.33999633789062,182.3300018310547,183.8000030517578,119800,0.0,0.0
2026-02-06 00:00:00-05:00,184.0800018310547,190.77999877929688,184.0500030517578,190.75,102500,0.0,0.0
2026-02-09 00:00:00-05:00,190.1199951171875,194.41000366210938,188.97000122070312,194.38999938964844,68600,0.0,0.0
2026-02-10 00:00:00-05:00,193.77999877929688,199.80999755859375,193.77999877929688,198.42999267578125,77300,0.0,0.0
2026-02-11 00:00:00-05:00,198.1199951171875,198.75,175.47999572753906,176.44000244140625,151600,0.0,0.0
2026-02-12 00:00:00-05:00,177.11000061035156,178.25999450683594,156.97000122070312,160.6199951171875,400800,0.0,0.0
2026-02-13 00:00:00-05:00,161.02999877929688,162.02000427246094,135.89999389648438,155.1300048828125,850900,0.0,0.0
2026-02-17 00:00:00-05:00,154.8699951171875,154.8800048828125,148.64999389648438,150.42999267578125,220900,0.0,0.0
2026-02-18 00:00:00-05:00,151.13999938964844,161.4499969482422,151.13999938964844,159.5500030517578,203100,0.0,0.0
2026-02-19 00:00:00-05:00,160.0,162.24000549316406,157.5,157.6999969482422,279600,0.0,0.0
2026-02-20 00:00:00-05:00,158.92999267578125,160.7899932861328,155.0800018310547,156.2899932861328,129900,0.0,0.0
2026-02-23 00:00:00-05:00,156.39999389648438,156.39999389648438,151.42999267578125,152.7100067138672,98100,0.0,0.0
2026-02-24 00:00:00-05:00,153.57000732421875,156.9499969482422,152.02000427246094,156.39999389648438,100100,0.0,0.0
2026-02-25 00:00:00-05:00,157.57000732421875,160.72000122070312,155.0,160.27999877929688,99000,0.0,0.0
2026-02-26 00:00:00-05:00,160.3699951171875,166.02999877929688,160.02999877929688,165.60000610351562,92800,0.0,0.0
2026-02-27 00:00:00-05:00,164.02999877929688,164.02999877929688,160.39999389648438,161.7899932861328,164500,0.0,0.0
2026-03-02 00:00:00-05:00,159.08999633789062,160.63999938964844,155.0,159.25,166400,0.0,0.0
2026-03-03 00:00:00-05:00,156.52999877929688,161.92999267578125,154.77000427246094,160.5500030517578,168600,0.0,0.0
2026-03-04 00:00:00-05:00,160.38999938964844,162.00999450683594,159.82000732421875,161.07000732421875,70600,0.0,0.0
2026-03-05 00:00:00-05:00,160.49000549316406,163.88999938964844,160.49000549316406,162.42999267578125,50500,0.0,0.0
2026-03-06 00:00:00-05:00,159.91000366210938,159.91000366210938,156.0,157.66000366210938,86400,0.0,0.0
2026-03-09 00:00:00-04:00,154.88999938964844,160.67999267578125,152.42999267578125,159.94000244140625,143100,0.0,0.0
2026-03-10 00:00:00-04:00,159.08999633789062,159.08999633789062,148.64999389648438,152.07000732421875,137800,0.0,0.0
2026-03-11 00:00:00-04:00,152.0800018310547,152.0800018310547,144.0,149.0500030517578,97400,0.0,0.0
2026-03-12 00:00:00-04:00,147.52000427246094,149.97000122070312,144.07000732421875,144.49000549316406,111100,0.0,0.0
2026-03-13 00:00:00-04:00,145.27999877929688,149.97000122070312,145.27999877929688,148.1300048828125,47200,0.0,0.0
2026-03-16 00:00:00-04:00,148.5500030517578,152.05999755859375,147.80999755859375,148.1699981689453,101600,0.0,0.0
2026-03-17 00:00:00-04:00,149.77999877929688,152.0,147.55999755859375,147.92999267578125,47700,0.0,0.0
2026-03-18 00:00:00-04:00,146.83999633789062,148.4499969482422,144.6199951171875,144.9600067138672,81400,0.0,0.0
2026-03-19 00:00:00-04:00,144.27000427246094,144.27999877929688,141.3000030517578,142.22000122070312,112800,0.0,0.0
2026-03-20 00:00:00-04:00,143.5800018310547,143.5800018310547,136.6699981689453,137.77999877929688,153100,0.0,0.0
2026-03-23 00:00:00-04:00,142.0500030517578,143.22000122070312,139.91000366210938,140.33999633789062,103400,0.0,0.0
2026-03-24 00:00:00-04:00,139.1300048828125,141.77999877929688,136.49000549316406,140.0,70300,0.0,0.0
2026-03-25 00:00:00-04:00,141.61000061035156,143.63999938964844,139.3699951171875,141.57000732421875,95000,0.0,0.0
2026-03-26 00:00:00-04:00,140.0800018310547,143.52000427246094,136.47999572753906,136.77000427246094,99000,0.0,0.0
2026-03-27 00:00:00-04:00,136.5,138.88999938964844,132.8699951171875,138.85000610351562,182300,0.0,0.0
2026-03-30 00:00:00-04:00,139.94000244140625,145.27000427246094,139.25999450683594,143.8800048828125,121600,0.0,0.0
2026-03-31 00:00:00-04:00,145.6699981689453,152.3000030517578,143.77999877929688,148.72999572753906,106000,0.0,0.0
2026-04-01 00:00:00-04:00,147.05999755859375,150.7100067138672,147.05999755859375,148.22000122070312,62700,0.0,0.0
2026-04-02 00:00:00-04:00,146.92999267578125,150.4199981689453,144.86000061035156,149.88999938964844,56100,0.0,0.0
2026-04-06 00:00:00-04:00,149.66000366210938,152.0,149.66000366210938,151.10000610351562,40600,0.0,0.0
2026-04-07 00:00:00-04:00,150.0,151.4499969482422,147.75999450683594,150.14999389648438,78200,0.0,0.0
2026-04-08 00:00:00-04:00,157.6699981689453,157.6699981689453,150.69000244140625,152.5500030517578,114400,0.0,0.0
2026-04-09 00:00:00-04:00,152.8300018310547,154.27000427246094,148.8800048828125,154.0800018310547,86100,0.0,0.0
2026-04-10 00:00:00-04:00,154.08999633789062,155.1199951171875,151.6999969482422,153.6999969482422,61500,0.0,0.0
2026-04-13 00:00:00-04:00,152.66000366210938,157.5800018310547,152.4499969482422,156.99000549316406,68100,0.0,0.0
2026-04-14 00:00:00-04:00,157.74000549316406,159.50999450683594,156.5,156.77999877929688,78000,0.0,0.0
2026-04-15 00:00:00-04:00,158.1199951171875,158.77000427246094,155.6199951171875,156.42999267578125,51000,0.0,0.0
2026-04-16 00:00:00-04:00,157.0399932861328,158.6699981689453,155.55999755859375,157.38999938964844,37500,0.0,0.0
2026-04-17 00:00:00-04:00,158.3000030517578,162.99000549316406,158.3000030517578,160.1699981689453,97800,0.0,0.0
2026-04-20 00:00:00-04:00,160.1699981689453,161.89999389648438,158.75999450683594,160.58999633789062,55400,0.0,0.0
2026-04-21 00:00:00-04:00,160.2100067138672,163.07000732421875,157.27999877929688,157.75,61200,0.0,0.0
2026-04-22 00:00:00-04:00,158.75,159.08999633789062,156.33999633789062,158.60000610351562,84200,0.0,0.0
2026-04-23 00:00:00-04:00,159.05999755859375,160.25,149.11000061035156,151.8000030517578,109000,0.0,0.0
2026-04-24 00:00:00-04:00,151.7100067138672,153.07000732421875,148.0,148.8800048828125,70500,0.0,0.0
2026-04-27 00:00:00-04:00,149.11000061035156,149.94000244140625,148.05999755859375,149.41000366210938,79900,0.0,0.0
2026-04-28 00:00:00-04:00,149.92999267578125,152.0,148.94000244140625,151.4600067138672,135900,0.0,0.0
2026-04-29 00:00:00-04:00,150.47999572753906,150.47999572753906,142.27000427246094,142.52000427246094,124600,0.0,0.0
2026-04-30 00:00:00-04:00,142.27000427246094,142.8300018310547,139.74000549316406,142.0,135200,0.0,0.0
2026-05-01 00:00:00-04:00,142.91000366210938,144.25999450683594,140.88999938964844,141.08999633789062,102800,0.0,0.0
2026-05-04 00:00:00-04:00,141.00999450683594,142.27000427246094,138.69000244140625,139.99000549316406,169400,0.0,0.0
2026-05-05 00:00:00-04:00,139.2899932861328,139.3699951171875,128.82000732421875,132.13999938964844,274300,0.0,0.0
2026-05-06 00:00:00-04:00,130.99000549316406,137.9199981689453,130.99000549316406,135.41000366210938,88400,0.0,0.0
2026-05-07 00:00:00-04:00,134.13999938964844,141.7100067138672,134.13999938964844,141.58999633789062,124100,0.0,0.0
2026-05-08 00:00:00-04:00,140.92999267578125,144.30999755859375,135.0,135.3300018310547,138000,0.0,0.0
2026-05-11 00:00:00-04:00,135.69000244140625,135.75,130.88999938964844,131.17999267578125,183300,0.0,0.0
2026-05-12 00:00:00-04:00,131.5399932861328,132.0399932861328,129.0800018310547,130.85000610351562,149600,0.0,0.0
2026-05-13 00:00:00-04:00,130.8000030517578,135.74000549316406,129.89999389648438,135.1999969482422,92800,0.0,0.0
2026-05-14 00:00:00-04:00,135.92999267578125,136.66000366210938,128.08999633789062,128.69000244140625,130200,0.0,0.0
2026-05-15 00:00:00-04:00,128.2100067138672,128.6699981689453,125.08000183105469,126.7699966430664,114200,0.0,0.0
2026-05-19 00:00:00-04:00,127.6500015258789,131.35000610351562,126.19000244140625,128.4199981689453,98100,0.0,0.0
2026-05-20 00:00:00-04:00,128.5399932861328,134.14999389648438,126.5,132.82000732421875,98800,0.0,0.0
2026-05-21 00:00:00-04:00,132.61000061035156,133.27999877929688,128.7899932861328,132.6199951171875,89100,0.0,0.0
2026-05-22 00:00:00-04:00,133.4600067138672,134.19000244140625,131.47999572753906,132.80999755859375,52400,0.0,0.0
2026-05-25 00:00:00-04:00,134.77000427246094,136.0,134.4499969482422,134.47999572753906,21500,0.0,0.0
2026-05-26 00:00:00-04:00,133.86000061035156,134.13999938964844,130.94000244140625,132.77999877929688,80800,0.0,0.0
2026-05-27 00:00:00-04:00,132.8699951171875,137.57000732421875,132.36000061035156,133.07000732421875,175500,0.0,0.0
2026-05-28 00:00:00-04:00,133.32000732421875,133.8000030517578,130.8699951171875,132.0800018310547,98300,0.0,0.0
2026-05-29 00:00:00-04:00,131.97000122070312,132.3300018310547,129.7100067138672,130.11000061035156,148700,0.0,0.0
2026-06-01 00:00:00-04:00,129.94000244140625,133.8699951171875,128.75,133.72000122070312,79600,0.0,0.0
2026-06-02 00:00:00-04:00,133.6199951171875,135.17999267578125,131.5800018310547,133.72999572753906,96100,0.0,0.0
2026-06-03 00:00:00-04:00,132.92999267578125,134.41000366210938,131.30999755859375,133.08999633789062,86200,0.0,0.0
2026-06-04 00:00:00-04:00,135.0,137.0,134.5,135.33999633789062,75300,0.0,0.0
2026-06-05 00:00:00-04:00,136.0,136.0,133.5,135.6199951171875,64600,0.0,0.0
2026-06-08 00:00:00-04:00,134.9499969482422,137.38999938964844,134.0,135.0399932861328,77200,0.0,0.0
2026-06-09 00:00:00-04:00,137.0800018310547,141.05999755859375,135.85000610351562,138.77999877929688,104800,0.0,0.0
2026-06-10 00:00:00-04:00,138.92999267578125,139.63999938964844,136.6699981689453,137.86000061035156,98600,0.0,0.0
2026-06-11 00:00:00-04:00,138.0,138.63999938964844,133.10000610351562,135.83999633789062,150500,0.0,0.0
2026-06-12 00:00:00-04:00,135.91000366210938,138.0,134.5,136.33999633789062,71200,0.0,0.0
2026-06-15 00:00:00-04:00,137.07000732421875,139.8699951171875,132.35000610351562,133.1699981689453,88800,0.0,0.0
2026-06-16 00:00:00-04:00,133.25,135.11000061035156,132.97999572753906,134.00999450683594,106200,0.0,0.0
2026-06-17 00:00:00-04:00,133.30999755859375,136.7899932861328,131.02000427246094,131.25,106500,0.0,0.0
2026-06-18 00:00:00-04:00,132.39999389648438,132.99000549316406,127.83000183105469,129.25,135800,0.0,0.0
2026-06-19 00:00:00-04:00,129.14999389648438,131.02000427246094,128.5,129.88999938964844,51100,0.0,0.0
2026-06-22 00:00:00-04:00,129.1999969482422,130.39999389648438,126.62000274658203,126.83999633789062,58300,0.0,0.0
2026-06-23 00:00:00-04:00,127.05999755859375,128.72000122070312,126.51000213623047,127.11000061035156,54500,0.0,0.0
2026-06-24 00:00:00-04:00,127.0999984741211,130.44000244140625,127.0999984741211,128.33999633789062,47000,0.0,0.0
2026-06-25 00:00:00-04:00,128.33999633789062,130.27000427246094,125.5,125.94000244140625,84107,0.0,0.0
