Date,Open,High,Low,Close,Volume,Dividends,Stock Splits
2022-01-03 00:00:00-05:00,33.47200942827234,33.8280952370648,32.482883858610876,32.641143798828125,594275,0.0,0.0
2022-01-04 00:00:00-05:00,32.75983645712534,33.27418218488346,32.08723079568892,32.12679672241211,725250,0.0,0.0
2022-01-05 00:00:00-05:00,32.16636242770583,32.16636242770583,30.58376121520996,30.58376121520996,1148150,0.0,0.0
2022-01-06 00:00:00-05:00,30.623326441774623,30.860718236464585,30.108982584232464,30.306806564331055,732975,0.0,0.0
2022-01-07 00:00:00-05:00,30.227675106051795,30.623324933367815,29.930938207216577,30.465065002441406,619875,0.0,0.0
2022-01-10 00:00:00-05:00,30.306807375166883,30.46506731812279,29.19898777447551,29.871593475341797,1031575,0.0,0.0
2022-01-11 00:00:00-05:00,29.8715923168109,30.979411874536932,29.8715923168109,30.90028190612793,847900,0.0,0.0
2022-01-12 00:00:00-05:00,30.999194570126846,31.612451348339707,30.999194570126846,31.533321380615234,863175,0.0,0.0
2022-01-13 00:00:00-05:00,31.810274647136016,32.087228568546344,31.216798993731302,31.295928955078125,626150,0.0,0.0
2022-01-14 00:00:00-05:00,30.900280415056994,31.157453271628377,30.267240698331857,31.05854034423828,1572875,0.0,0.0
2022-01-18 00:00:00-05:00,30.504630875799766,30.583760841126324,29.555069405273876,29.71333122253418,826100,0.0,0.0
2022-01-19 00:00:00-05:00,30.26724154875913,30.26724154875913,29.198986053466797,29.198986053466797,623025,0.0,0.0
2022-01-20 00:00:00-05:00,29.475937521681253,29.97050024443837,29.001157760620117,29.001157760620117,1717850,0.0,0.0
2022-01-21 00:00:00-05:00,28.882461275405277,29.574847895651196,28.684635448702497,29.475934982299805,1790150,0.0,0.0
2022-01-24 00:00:00-05:00,28.684639919091,29.198985639391463,27.972470227864573,29.040725708007812,1414000,0.0,0.0
2022-01-25 00:00:00-05:00,28.447251348118723,28.68464125626042,27.45812578755802,28.09116554260254,1500200,0.0,0.0
2022-01-26 00:00:00-05:00,28.20986072864993,29.950721897732873,27.695514997342123,27.814210891723633,1687875,0.0,0.0
2022-01-27 00:00:00-05:00,27.932902973365515,28.288988745348664,26.587691733968825,27.10203742980957,1969675,0.0,0.0
2022-01-28 00:00:00-05:00,27.378997849244268,28.961599240865585,27.02291201731243,28.922033309936523,1640350,0.0,0.0
2022-01-31 00:00:00-05:00,28.684637613567258,29.812240005696683,28.605507654235492,28.882463455200195,1957375,0.0,0.0
2022-02-01 00:00:00-05:00,29.119853644188936,29.357243524719504,28.22964112054754,29.001157760620117,1058850,0.0,0.0
2022-02-02 00:00:00-05:00,29.59463459100126,29.990284407737814,28.92202895924555,29.43637466430664,1801375,0.0,0.0
2022-02-03 00:00:00-05:00,29.19898393446009,29.693546662808235,28.961594051245832,29.119853973388672,827325,0.0,0.0
2022-02-04 00:00:00-05:00,28.882466277670353,29.594635981251333,28.645074489869465,29.238550186157227,1028650,0.0,0.0
2022-02-07 00:00:00-05:00,29.43637590065859,30.16832856401561,29.416592937339075,29.911155700683594,753050,0.0,0.0
2022-02-08 00:00:00-05:00,29.91115671752659,30.54419647241373,29.91115671752659,30.306806564331055,803925,0.0,0.0
2022-02-09 00:00:00-05:00,30.662890195846558,31.770709688357783,30.465064343165977,31.652015686035156,888700,0.0,0.0
2022-02-10 00:00:00-05:00,31.177234090461635,31.335494008759852,30.069412775767066,30.26723861694336,893075,0.0,0.0
2022-02-11 00:00:00-05:00,30.346371156405674,30.72223802267166,29.456158568632798,29.792461395263672,714600,0.0,0.0
2022-02-14 00:00:00-05:00,29.040725440124845,29.35724529997244,27.339428363533234,27.49768829345703,2102275,0.0,0.0
2022-02-15 00:00:00-05:00,27.69551520123001,28.24942497700458,27.458125297326625,27.893341064453125,1316725,0.0,0.0
2022-02-16 00:00:00-05:00,27.972470227864573,29.060506784475372,27.7350803307891,29.040725708007812,996875,0.0,0.0
2022-02-17 00:00:00-05:00,28.645074801002213,29.7924621658116,28.645074801002213,29.35724639892578,1012775,0.0,0.0
2022-02-18 00:00:00-05:00,29.04072841436124,29.515508252757705,27.774646958696618,27.853776931762695,721775,0.0,0.0
2022-02-22 00:00:00-05:00,27.81421288853334,28.641120446761278,27.497691109661655,27.853776931762695,723050,0.0,0.0
2022-02-23 00:00:00-05:00,28.130727132732314,28.38789996521395,26.112910394771927,26.508560180664062,2073675,0.0,0.0
2022-02-24 00:00:00-05:00,26.152477787634528,27.893338830083234,25.63813209374141,27.774642944335938,1227950,0.0,0.0
2022-02-25 00:00:00-05:00,27.77464383281318,29.555068969726562,27.735079794036544,29.555068969726562,1184725,0.0,0.0
2022-02-28 00:00:00-05:00,28.961594791180186,29.574851533499896,28.34833616225334,28.68463897705078,1834575,0.0,0.0
2022-03-01 00:00:00-05:00,28.684641669223932,28.9615975093468,27.260300313260696,28.249425888061523,1051975,0.0,0.0
2022-03-02 00:00:00-05:00,28.565942772300897,29.45615720548435,28.32855288565435,29.278114318847656,714750,0.0,0.0
2022-03-03 00:00:00-05:00,29.634199812466374,29.83202567203608,28.684640214389095,29.159420013427734,583900,0.0,0.0
2022-03-04 00:00:00-05:00,28.605507954047805,28.902244833000243,27.57681658534616,28.28898811340332,1008725,0.0,0.0
2022-03-07 00:00:00-05:00,28.130727360793053,28.19007435750626,26.35030047993371,26.587690353393555,1276700,0.0,0.0
2022-03-08 00:00:00-05:00,26.58769325016458,27.299864834743335,25.796393585751762,26.231609344482422,2917575,0.0,0.0
2022-03-09 00:00:00-05:00,26.904214611174357,27.71529722705088,26.587692863406303,27.537254333496094,1160675,0.0,0.0
2022-03-10 00:00:00-05:00,27.022908087302227,28.091163541131213,26.90421408499187,28.051599502563477,719000,0.0,0.0
2022-03-11 00:00:00-05:00,28.38790587362528,28.86268571551238,27.042694435004435,27.181171417236328,857325,0.0,0.0
2022-03-14 00:00:00-04:00,27.181168392500183,27.220734318224885,25.44030727936412,26.033782958984375,1284400,0.0,0.0
2022-03-15 00:00:00-04:00,26.231613302849794,27.10204306505231,26.231613302849794,27.06247901916504,906750,0.0,0.0
2022-03-16 00:00:00-04:00,27.14160199204327,27.735077620030708,26.56790932519705,27.299861907958984,1047725,0.0,0.0
2022-03-17 00:00:00-04:00,26.706388643838036,27.69551414916537,26.627258678876135,27.49768829345703,701825,0.0,0.0
2022-03-18 00:00:00-04:00,28.328553316197006,28.842899021718537,27.77464357226997,28.012033462524414,1679525,0.0,0.0
2022-03-21 00:00:00-04:00,27.814214757098235,28.031821725996988,26.884436096153557,27.06247901916504,710600,0.0,0.0
2022-03-22 00:00:00-04:00,26.86464939649328,28.012034866883162,26.86464939649328,27.814210891723633,796800,0.0,0.0
2022-03-23 00:00:00-04:00,27.57682128547558,27.67573422418724,27.10204144358848,27.181171417236328,366475,0.0,0.0
2022-03-24 00:00:00-04:00,27.18116991678721,27.398778747261943,26.726173065080555,27.33942985534668,469950,0.0,0.0
2022-03-25 00:00:00-04:00,27.339429200804837,27.814210891723633,27.181169266034317,27.814210891723633,726425,0.0,0.0
2022-03-28 00:00:00-04:00,27.616383963841205,28.20985963962346,27.616383963841205,28.13072967529297,471575,0.0,0.0
2022-03-29 00:00:00-04:00,28.3681200563237,29.159419713241952,28.3681200563237,29.040725708007812,817200,0.0,0.0
2022-03-30 00:00:00-04:00,28.922027491562556,29.278113251859025,28.684637613567258,28.882463455200195,493275,0.0,0.0
2022-03-31 00:00:00-04:00,29.040724209419203,29.31767813174534,28.427465591998146,28.486812591552734,834675,0.0,0.0
2022-04-01 00:00:00-04:00,28.368118399906642,29.238547971692256,28.209858477763806,29.119853973388672,877125,0.0,0.0
2022-04-04 00:00:00-04:00,28.882466186210877,29.198986053466797,28.249424565091818,29.198986053466797,567800,0.0,0.0
2022-04-05 00:00:00-04:00,29.23854817013686,29.456156979515505,28.387901554497457,28.486812591552734,528075,0.0,0.0
2022-04-06 00:00:00-04:00,28.288988630835078,28.526378515660525,27.537253052250957,28.486812591552734,855950,0.0,0.0
2022-04-07 00:00:00-04:00,28.328550913083188,28.565940783199828,27.062471605794457,27.1416015625,1106375,0.0,0.0
2022-04-08 00:00:00-04:00,27.220734880101578,27.81421057197206,26.785519121182265,27.695514678955078,644650,0.0,0.0
2022-04-11 00:00:00-04:00,27.53725178183256,27.814207577988565,27.102036069760835,27.299861907958984,694275,0.0,0.0
2022-04-12 00:00:00-04:00,27.61638397493683,28.130729686595245,27.220734153125417,27.41855812072754,866450,0.0,0.0
2022-04-13 00:00:00-04:00,27.537253052250957,28.645072514769698,27.537253052250957,28.486812591552734,732975,0.0,0.0
2022-04-14 00:00:00-04:00,28.684641669223932,28.9615975093468,28.17029591754175,28.249425888061523,455725,0.0,0.0
2022-04-18 00:00:00-04:00,28.01203687789485,28.427469708143605,27.497691109661655,27.853776931762695,829875,0.0,0.0
2022-04-19 00:00:00-04:00,27.774644435478425,29.911155400776213,27.774644435478425,29.792461395263672,1595900,0.0,0.0
2022-04-20 00:00:00-04:00,30.069413066737155,30.326585908112083,28.823114783123458,28.961593627929688,786700,0.0,0.0
2022-04-21 00:00:00-04:00,29.43637481136295,29.713330627765707,27.913120651058524,28.051599502563477,664450,0.0,0.0
2022-04-22 00:00:00-04:00,27.893339366682557,28.15051033196935,27.477906588485762,27.972469329833984,679100,0.0,0.0
2022-04-25 00:00:00-04:00,27.774644393144644,28.407684119199203,27.655948501205813,28.328554153442383,637100,0.0,0.0
2022-04-26 00:00:00-04:00,27.853775598968596,28.051601465471574,27.161386952815455,27.33942985534668,1226700,0.0,0.0
2022-04-27 00:00:00-04:00,27.141605875450985,27.893341526912106,26.943780008948007,27.33942985534668,1003900,0.0,0.0
2022-04-28 00:00:00-04:00,27.616382826424616,29.634197777049355,27.616382826424616,29.119853973388672,1401500,0.0,0.0
2022-04-29 00:00:00-04:00,28.64507384755913,28.981376671694346,27.49768840754739,27.537254333496094,1251500,0.0,0.0
2022-05-02 00:00:00-04:00,27.735077837595618,28.110944669192136,26.884429367920568,27.378992080688477,1197200,0.0,0.0
2022-05-03 00:00:00-04:00,27.576818258418932,27.81421003991181,26.963561501616006,27.49768829345703,571475,0.0,0.0
2022-05-04 00:00:00-04:00,27.616385233262214,27.932905105133397,26.429433827138027,27.893341064453125,654325,0.0,0.0
2022-05-05 00:00:00-04:00,27.02290615958466,27.69551174671925,25.6381309495701,25.91508674621582,845775,0.0,0.0
2022-05-06 00:00:00-04:00,25.67769580211518,25.95465160757078,24.253356511047443,24.807266235351562,1175375,0.0,0.0
2022-05-09 00:00:00-04:00,24.09509745213251,24.64900719625994,22.908146113823733,22.987276077270508,2474825,0.0,0.0
2022-05-10 00:00:00-04:00,23.343359948342624,23.640096815365354,21.28597918025927,21.60249900817871,2665225,0.0,0.0
2022-05-11 00:00:00-04:00,21.958587232822435,23.659882442944237,21.642065482621145,21.80032730102539,1642650,0.0,0.0
2022-05-12 00:00:00-04:00,21.76075977890593,22.255322501153792,20.87054725618119,21.91901969909668,1523100,0.0,0.0
2022-05-13 00:00:00-04:00,22.19597953874555,23.73901498448714,22.19597953874555,23.501625061035156,2207575,0.0,0.0
2022-05-16 00:00:00-04:00,23.382926848261118,23.798359644953397,23.224666914912365,23.34336280822754,732150,0.0,0.0
2022-05-17 00:00:00-04:00,23.739011647191823,24.530311280788695,23.560968757980742,24.411617279052734,874525,0.0,0.0
2022-05-18 00:00:00-04:00,24.09509472266898,24.372048620056113,23.20488037647624,23.422489166259766,681975,0.0,0.0
2022-05-19 00:00:00-04:00,23.14553803694924,24.05553363981221,23.026844024658203,23.026844024658203,955225,0.0,0.0
2022-05-20 00:00:00-04:00,23.422492243105268,23.422492243105268,22.47293077796488,23.145536422729492,947650,0.0,0.0
2022-05-23 00:00:00-04:00,23.10597430282915,23.897274017333984,22.611411509611795,23.897274017333984,1073000,0.0,0.0
2022-05-24 00:00:00-04:00,23.462055948094985,23.739011764526367,22.512496383085363,23.739011764526367,1167925,0.0,0.0
2022-05-25 00:00:00-04:00,23.739011764526367,24.055531619529575,23.382925984344183,23.739011764526367,883550,0.0,0.0
2022-05-26 00:00:00-04:00,23.8577104834208,24.56988024165449,23.8577104834208,24.09510040283203,662800,0.0,0.0
2022-05-27 00:00:00-04:00,24.292924779360813,25.044660479441987,24.174230761068074,25.005096435546875,679400,0.0,0.0
2022-05-31 00:00:00-04:00,24.728135491457127,24.846831371923212,23.739010071798845,23.818140029907227,2368150,0.0,0.0
2022-06-01 00:00:00-04:00,23.81814291151934,24.05553281456485,23.105973202382824,23.46205711364746,856550,0.0,0.0
2022-06-02 00:00:00-04:00,23.145535030381456,23.224664990499065,22.43336538932299,22.631189346313477,2273325,0.0,0.0
2022-06-03 00:00:00-04:00,22.275106638511343,22.769669386862265,21.998150820256246,22.354236602783203,1295050,0.0,0.0
2022-06-06 00:00:00-04:00,22.829015524643822,22.829015524643822,21.89923706467366,22.037715911865234,1275775,0.0,0.0
2022-06-07 00:00:00-04:00,21.760756778801028,22.27510239181287,21.329497329443377,22.195972442626953,1299725,0.0,0.0
2022-06-08 00:00:00-04:00,21.95858789760886,22.413584743648382,21.20685225551085,21.325546264648438,3232100,0.0,0.0
2022-06-09 00:00:00-04:00,21.325544913603974,21.83989061823403,20.771635170636987,20.811201095581055,3599650,0.0,0.0
2022-06-10 00:00:00-04:00,20.57380777352472,21.800324942148865,20.257287944179264,21.64206314086914,4592850,0.0,0.0
2022-06-13 00:00:00-04:00,21.00902575873251,21.52337148045728,19.46599048016541,19.624250411987305,3710200,0.0,0.0
2022-06-14 00:00:00-04:00,19.861638539346448,19.861638539346448,17.7449107249484,18.279037475585938,3321100,0.0,0.0
2022-06-15 00:00:00-04:00,18.635127484640975,19.584687207538813,18.160347623192056,19.189037322998047,3604500,0.0,0.0
2022-06-16 00:00:00-04:00,18.39773464789076,18.47686461229989,17.883388935927833,18.041648864746094,1810275,0.0,0.0
2022-06-17 00:00:00-04:00,18.27903872633002,19.66381404439614,18.100995835065902,18.75381851196289,11911675,0.0,0.0
2022-06-21 00:00:00-04:00,19.545117951236424,20.019897686098776,18.67468655071515,18.714252471923828,2794675,0.0,0.0
2022-06-22 00:00:00-04:00,18.437298654874308,19.268164223035416,18.358168690602163,18.75381851196289,2574250,0.0,0.0
2022-06-23 00:00:00-04:00,18.793383129946086,20.49467818674162,18.674687248491963,20.37598419189453,4034700,0.0,0.0
2022-06-24 00:00:00-04:00,20.494681415652185,21.305765979058776,20.019901588248814,20.13859748840332,5819375,0.0,0.0
2022-06-27 00:00:00-04:00,20.455117464956523,20.573811479035328,20.000118713368206,20.17816162109375,1623500,0.0,0.0
2022-06-28 00:00:00-04:00,20.415550285390697,20.771636079031257,19.42642475781778,19.703380584716797,1731075,0.0,0.0
2022-06-29 00:00:00-04:00,19.545119381176544,19.62424934277616,18.239474071479304,18.516427993774414,2176650,0.0,0.0
2022-06-30 00:00:00-04:00,18.16034790922298,19.545123470230024,18.16034790922298,19.3077335357666,1608275,0.0,0.0
2022-07-01 00:00:00-04:00,19.268166004524456,20.197944585642663,19.268166004524456,20.17816162109375,1281450,0.0,0.0
2022-07-05 00:00:00-04:00,20.05946760701495,20.375987493368207,19.60446885542663,20.17816162109375,1435900,0.0,0.0
2022-07-06 00:00:00-04:00,20.217722600626608,20.69250231392417,20.000113817076738,20.45511245727539,1448075,0.0,0.0
2022-07-07 00:00:00-04:00,20.652941243939207,20.910114120679406,20.059467406269707,20.099031448364258,1230925,0.0,0.0
2022-07-08 00:00:00-04:00,19.98033774506523,20.57381159193051,19.861641843727767,20.217727661132812,810525,0.0,0.0
2022-07-11 00:00:00-04:00,20.019904626990613,20.05947056191678,19.386864761032843,19.822080612182617,525675,0.0,0.0
2022-07-12 00:00:00-04:00,19.663815377785475,20.25729109337331,19.663815377785475,19.980337142944336,563725,0.0,0.0
2022-07-13 00:00:00-04:00,19.58468176557168,20.13859333662161,19.228597911733228,20.0198974609375,636050,0.0,0.0
2022-07-14 00:00:00-04:00,19.5846861897006,20.00011901852976,19.307732228219407,19.545122146606445,873375,0.0,0.0
2022-07-15 00:00:00-04:00,20.178161731817873,20.554030513880388,19.465991983615133,20.217727661132812,1515875,0.0,0.0
2022-07-18 00:00:00-04:00,20.336417782336245,20.732067566699403,19.44620529586739,19.505552291870117,1266300,0.0,0.0
2022-07-19 00:00:00-04:00,19.703381703313234,20.2572915019505,19.703381703313234,20.13859748840332,968400,0.0,0.0
2022-07-20 00:00:00-04:00,20.217723943693038,20.573807809017474,19.980334071274417,20.257287979125977,1761475,0.0,0.0
2022-07-21 00:00:00-04:00,20.17816252072384,20.573812396305208,20.099032545607567,20.53424835205078,1109825,0.0,0.0
2022-07-22 00:00:00-04:00,20.53424377358454,20.65293776649035,20.138593986220165,20.257287979125977,722800,0.0,0.0
2022-07-25 00:00:00-04:00,20.41554761741624,21.04858915522776,20.375983582519446,20.85076332092285,609025,0.0,0.0
2022-07-26 00:00:00-04:00,20.732072346537752,20.850768252515874,20.494682421188934,20.53424835205078,435025,0.0,0.0
2022-07-27 00:00:00-04:00,20.613379490517215,21.147506381044536,20.5144665443877,21.009029388427734,583400,0.0,0.0
2022-07-28 00:00:00-04:00,21.167288010106997,22.077283661105604,21.00902806094267,21.998153686523438,907900,0.0,0.0
2022-07-29 00:00:00-04:00,22.11684683756655,22.11684683756655,21.483805233132284,21.681631088256836,1309325,0.0,0.0
2022-08-01 00:00:00-04:00,21.36511523985097,21.48380926592036,20.81120538277624,21.009029388427734,920575,0.0,0.0
2022-08-02 00:00:00-04:00,21.04859231892256,21.721196106119166,20.989243427746505,21.325546264648438,560225,0.0,0.0
2022-08-03 00:00:00-04:00,21.444241194071676,21.958586908109776,21.3453282665094,21.681631088256836,1044400,0.0,0.0
2022-08-04 00:00:00-04:00,21.64206483903365,22.156410545382126,21.206850982837693,21.56293487548828,856025,0.0,0.0
2022-08-05 00:00:00-04:00,21.32554910995759,21.32554910995759,20.534249321438896,20.929899215698242,893925,0.0,0.0
2022-08-08 00:00:00-04:00,20.96945944681354,21.879454899485232,20.96945944681354,21.64206314086914,1471225,0.0,0.0
2022-08-09 00:00:00-04:00,21.958589770477683,21.958589770477683,21.009028183351674,21.28598403930664,1001975,0.0,0.0
2022-08-10 00:00:00-04:00,21.80032837591517,21.879458345715285,21.22663373660523,21.483806610107422,729700,0.0,0.0
2022-08-11 00:00:00-04:00,21.800325702257147,22.235539539478182,21.444239938524426,21.91901969909668,961950,0.0,0.0
2022-08-12 00:00:00-04:00,22.15640750283957,22.730100131415174,21.998147597481257,22.55205726623535,945725,0.0,0.0
2022-08-15 00:00:00-04:00,22.43336986383408,22.947715650492352,22.27510991203268,22.90814971923828,708725,0.0,0.0
2022-08-16 00:00:00-04:00,22.829016470784673,23.185102254596437,22.55206065153028,23.105972290039062,713725,0.0,0.0
2022-08-17 00:00:00-04:00,22.74988443018524,22.908144344857966,21.64206314086914,21.64206314086914,1049275,0.0,0.0
2022-08-18 00:00:00-04:00,21.721195653854558,21.879457473754883,21.464024677208677,21.879457473754883,520275,0.0,0.0
2022-08-19 00:00:00-04:00,21.642063888970426,21.760759772381434,21.088154168468876,21.206850051879883,797175,0.0,0.0
2022-08-22 00:00:00-04:00,20.969461671667553,21.048591637399586,20.0792471989232,20.3364200592041,944700,0.0,0.0
2022-08-23 00:00:00-04:00,21.266196546204526,21.928910653573784,20.326526641845703,20.326526641845703,3010200,0.0,0.25
2022-08-24 00:00:00-04:00,20.010011911791477,20.216738815217642,19.114854385164794,19.327516555786133,3807400,0.0,0.0
2022-08-25 00:00:00-04:00,19.574795096239495,19.851749036531288,19.198926339261742,19.703380584716797,2190700,0.0,0.0
2022-08-26 00:00:00-04:00,19.58468723515304,19.76273015509929,19.080234810781956,19.198928833007812,2609300,0.0,0.0
2022-08-29 00:00:00-04:00,18.8131685527578,19.080232906016338,18.437299784481205,18.457082748413086,1770300,0.0,0.0
2022-08-30 00:00:00-04:00,18.49664926749977,18.763711742687352,17.932846097063592,17.942737579345703,1746600,0.0,0.0
2022-08-31 00:00:00-04:00,18.051537205194077,18.199905626819508,17.463008315216893,17.606430053710938,3243700,0.0,0.0
2022-09-01 00:00:00-04:00,17.517414283123447,17.735023132647804,17.12176440208932,17.586654663085938,2653800,0.0,0.0
2022-09-02 00:00:00-04:00,18.279035993838836,18.555991770693442,17.68061561057428,17.744909286499023,1543900,0.0,0.0
2022-09-06 00:00:00-04:00,17.824040288441946,18.42740550387052,17.373988303682943,17.428390502929688,2039200,0.0,0.0
2022-09-07 00:00:00-04:00,17.359153524638337,18.071325164037564,17.220676544358426,18.021867752075195,2379700,0.0,0.0
2022-09-08 00:00:00-04:00,17.735021386874582,18.115834949448807,17.507522963500033,17.65589141845703,1178900,0.0,0.0
2022-09-09 00:00:00-04:00,17.903172336457562,18.47686506410371,17.764693480400066,18.209800720214844,1611800,0.0,0.0
2022-09-12 00:00:00-04:00,18.397736709841343,18.921972075328508,18.35322598195966,18.84284210205078,1515200,0.0,0.0
2022-09-13 00:00:00-04:00,18.130669180215914,18.22958210121261,17.43828061984608,17.6262149810791,1555900,0.0,0.0
2022-09-14 00:00:00-04:00,17.61632221161606,17.893277992825006,17.29188996748027,17.843822479248047,2014100,0.0,0.0
2022-09-15 00:00:00-04:00,17.705346560642067,17.96251942412267,16.785459518432617,16.785459518432617,1753000,0.0,0.0
2022-09-16 00:00:00-04:00,16.60741671410683,16.67665519167779,16.01394108454473,16.11285400390625,4549800,0.0,0.0
2022-09-19 00:00:00-04:00,15.944704438454313,16.38486499923453,15.796335042369657,16.09307289123535,2022300,0.0,0.0
2022-09-20 00:00:00-04:00,15.835899261737216,15.919974022499595,15.005033702333362,15.084163665771484,3155600,0.0,0.0
2022-09-21 00:00:00-04:00,15.232532790785827,15.390793668024315,14.609384536743164,14.609384536743164,1662300,0.0,0.0
2022-09-22 00:00:00-04:00,15.242423357143029,15.341336281564201,14.550035716105484,14.639057159423828,2753400,0.0,0.0
2022-09-23 00:00:00-04:00,14.253298682675338,14.648949459166982,13.600475986263278,13.857648849487305,2712200,0.0,0.0
2022-09-26 00:00:00-04:00,13.580694365937418,13.729063775532785,12.650916694348673,12.888306617736816,2472800,0.0,0.0
2022-09-27 00:00:00-04:00,13.076239482106295,13.150423706558179,12.710263157280558,13.036674499511719,3533500,0.0,0.0
2022-09-28 00:00:00-04:00,13.09602171189454,13.610367437180987,13.046565247031827,13.481781005859375,2304000,0.0,0.0
2022-09-29 00:00:00-04:00,13.125431962003846,13.16007661569605,12.308804610701845,12.38304328918457,2321700,0.01,0.0
2022-09-30 00:00:00-04:00,12.45233259656898,12.650302720521582,12.293956497406896,12.38304328918457,1706600,0.0,0.0
2022-10-03 00:00:00-04:00,12.45233508946449,13.115535845472216,12.115785339371472,12.877971649169922,2136900,0.0,0.0
2022-10-04 00:00:00-04:00,13.11553629094904,13.63025967774976,13.096729053969929,13.610462188720703,1988900,0.0,0.0
2022-10-05 00:00:00-04:00,13.214520776321411,13.29370883802253,12.58596471057214,13.006651878356934,1559700,0.0,0.0
2022-10-06 00:00:00-04:00,13.056144324398542,13.145231134010952,12.600812476154374,12.877971649169922,1715400,0.0,0.0
2022-10-07 00:00:00-04:00,12.610709692195108,12.813629203280179,12.46223232349738,12.551319122314453,1660700,0.0,0.0
2022-10-10 00:00:00-04:00,12.689900128857571,12.793835061642675,12.39294533574874,12.442437171936035,1385500,0.0,0.0
2022-10-11 00:00:00-04:00,12.29395894545378,12.521624397334381,12.07124192166084,12.373147010803223,1675400,0.0,0.0
2022-10-12 00:00:00-04:00,12.383046917958632,12.412742209254539,11.675302691431563,11.848526954650879,2020100,0.0,0.0
2022-10-13 00:00:00-04:00,11.403094179087311,11.93761415973226,11.106138424507602,11.85842514038086,2438300,0.0,0.0
2022-10-14 00:00:00-04:00,12.115787802216708,12.284062711469417,11.388246949150977,11.422891616821289,1658000,0.0,0.0
2022-10-17 00:00:00-04:00,11.80893202089906,12.42264001035787,11.759439243169306,12.40284252166748,1915100,0.0,0.0
2022-10-18 00:00:00-04:00,12.858174328465628,13.234318116180077,12.798783750613786,13.194724082946777,2173700,0.0,0.0
2022-10-19 00:00:00-04:00,12.927464987091088,13.23926789026994,12.71464669800249,12.868073463439941,1633200,0.0,0.0
2022-10-20 00:00:00-04:00,13.02644828352311,13.273911209711606,12.68989855286737,12.739391326904297,1401200,0.0,0.0
2022-10-21 00:00:00-04:00,12.838377325910894,12.957159421373916,12.55132035920955,12.630508422851562,1613500,0.0,0.0
2022-10-24 00:00:00-04:00,12.660203516516987,12.689898803928186,12.105886135529666,12.31375503540039,1308300,0.0,0.0
2022-10-25 00:00:00-04:00,12.491928805522884,13.085840225219727,12.472132261664283,13.085840225219727,1357500,0.0,0.0
2022-10-26 00:00:00-04:00,13.056144771762789,13.377847360607568,12.907667379985378,13.105637550354004,1140700,0.0,0.0
2022-10-27 00:00:00-04:00,13.313505094253914,13.442185927741399,13.041296256027863,13.09573745727539,1086200,0.0,0.0
2022-10-28 00:00:00-04:00,13.115534800229394,13.313504948037405,12.858173136080916,13.283809661865234,1630200,0.0,0.0
2022-10-31 00:00:00-04:00,13.095738699972838,13.135333677722718,12.57111751673787,12.670103073120117,3869900,0.0,0.0
2022-11-01 00:00:00-04:00,13.056144824690854,13.551070724616904,12.957160211103387,13.491680145263672,2184000,0.0,0.0
2022-11-02 00:00:00-04:00,13.402591346517962,13.496627517890516,12.778984691724766,12.818578720092773,1477800,0.0,0.0
2022-11-03 00:00:00-04:00,12.541422658279128,13.066043859537325,12.28406095804067,12.8977689743042,1986500,0.0,0.0
2022-11-04 00:00:00-04:00,13.39269210782123,13.39269210782123,11.957407452599512,12.303855895996094,1456200,0.0,0.0
2022-11-07 00:00:00-05:00,12.373148094417179,12.462234911736388,11.873272798123171,12.135583877563477,1696600,0.0,0.0
2022-11-08 00:00:00-05:00,12.076190327725222,12.259313304194748,11.78913337779719,12.036596298217773,1259200,0.0,0.0
2022-11-09 00:00:00-05:00,11.848524876036652,11.99700225046474,11.640655985439654,11.868321418762207,1276400,0.0,0.0
2022-11-10 00:00:00-05:00,12.759189823439868,14.04104795801803,12.689899556708466,13.966808319091797,2639700,0.0,0.0
2022-11-11 00:00:00-05:00,14.164777892004064,14.491428869404928,13.986604288332277,14.432037353515625,1727900,0.0,0.0
2022-11-14 00:00:00-05:00,14.154882036960029,14.293460695651516,13.551071787531196,14.144983291625977,2025900,0.0,0.0
2022-11-15 00:00:00-05:00,14.511226938264043,15.169478333954862,14.432038871413736,15.095239639282227,3544600,0.0,0.0
2022-11-16 00:00:00-05:00,14.887369551714734,14.956658868735916,14.66960191308169,14.897268295288086,2083800,0.0,0.0
2022-11-17 00:00:00-05:00,14.61021147289199,14.669602046881515,14.189524307148892,14.540921211242676,1271000,0.0,0.0
2022-11-18 00:00:00-05:00,15.035847606544715,15.134833158744264,14.512216697478353,14.81808090209961,1235300,0.0,0.0
2022-11-21 00:00:00-05:00,14.69929844041627,14.75868901506253,14.31325592923092,14.352849960327148,1358900,0.0,0.0
2022-11-22 00:00:00-05:00,14.30335590525511,14.402341446134194,14.12518325326727,14.39244270324707,1218500,0.0,0.0
2022-11-23 00:00:00-05:00,14.30335759241876,14.709196658701126,14.224169527973235,14.699298858642578,779500,0.0,0.0
2022-11-25 00:00:00-05:00,14.610212439261598,15.263514460334918,14.610212439261598,15.214021682739258,613600,0.0,0.0
2022-11-28 00:00:00-05:00,14.946762009521738,15.154630917659327,14.204373186744093,14.224169731140137,1080900,0.0,0.0
2022-11-29 00:00:00-05:00,14.263762545090556,14.441936149411049,13.828228221635722,13.85792350769043,2254900,0.0,0.0
2022-11-30 00:00:00-05:00,13.768838319930572,14.308307623824003,13.610462183740983,14.283561706542969,8647700,0.0,0.0
2022-12-01 00:00:00-05:00,14.32315333730944,14.610210271986864,13.818328779912429,14.055892944335938,2633200,0.0,0.0
2022-12-02 00:00:00-05:00,13.788636955566895,14.303359440985568,13.699550135553046,14.144983291625977,899100,0.0,0.0
2022-12-05 00:00:00-05:00,13.8876191282247,13.98165530432492,13.669852433250492,13.818329811096191,1142500,0.0,0.0
2022-12-06 00:00:00-05:00,13.758937843406548,13.818329358999392,12.828477688423494,12.848274230957031,1753800,0.0,0.0
2022-12-07 00:00:00-05:00,12.818580571461254,12.986855452328003,12.447386147901588,12.600812911987305,1837100,0.0,0.0
2022-12-08 00:00:00-05:00,12.65030654924224,13.014572065161431,12.462235110564881,12.501829147338867,1123600,0.0,0.0
2022-12-09 00:00:00-05:00,12.37314751027847,12.630509205051359,12.066293036665218,12.482030868530273,1389300,0.0,0.0
2022-12-12 00:00:00-05:00,12.482027879162866,12.541419388346654,12.10588417165491,12.38304328918457,1364500,0.0,0.0
2022-12-13 00:00:00-05:00,13.155129422439407,13.29370900414619,12.650304814789157,12.986854553222656,1970100,0.0,0.0
2022-12-14 00:00:00-05:00,12.887870561387762,13.466932943426183,12.887870561387762,13.194724082946777,2452900,0.0,0.0
2022-12-15 00:00:00-05:00,12.85817175584708,13.006650058762087,12.583983390164102,12.65030288696289,1090000,0.0,0.0
2022-12-16 00:00:00-05:00,12.392943507780934,12.412740050536595,11.739640604913848,12.036596298217773,3586300,0.0,0.0
2022-12-19 00:00:00-05:00,11.977206895642228,11.977206895642228,11.002202289809187,11.056644439697266,2367000,0.0,0.0
2022-12-20 00:00:00-05:00,10.947761855295843,11.23481885348372,10.858675037927833,11.076441764831543,2239400,0.0,0.0
2022-12-21 00:00:00-05:00,11.125932693481445,11.348649699817361,10.942810660712915,11.125932693481445,1455700,0.0,0.0
2022-12-22 00:00:00-05:00,10.937861666226674,11.066542502770064,10.596362559399832,10.967556953430176,1718000,0.0,0.0
2022-12-23 00:00:00-05:00,10.888368891556729,11.086339046240345,10.804231457816671,10.967556953430176,1390900,0.0,0.0
2022-12-27 00:00:00-05:00,10.908166698697512,10.947760730794576,10.517174805742332,10.591413497924805,1267000,0.0,0.0
2022-12-28 00:00:00-05:00,10.650806458427176,10.789385117509454,10.284561376001236,10.31425666809082,1922900,0.0,0.0
2022-12-29 00:00:00-05:00,10.373704065671866,11.032587793657104,10.339026123920492,11.027633666992188,1761100,0.01,0.0
2022-12-30 00:00:00-05:00,10.85919581484937,11.087079944208577,10.656081370889057,10.83937931060791,1476400,0.0,0.0
2023-01-03 00:00:00-05:00,10.997908371481978,11.255516309059852,10.383609976365348,10.433150291442871,2472400,0.0,0.0
2023-01-04 00:00:00-05:00,10.601588061751736,11.230747965090616,10.502508364668019,11.225793838500977,1987900,0.0,0.0
2023-01-05 00:00:00-05:00,11.096989317431731,11.10689757055347,10.72048420293295,10.730392456054688,1335100,0.0,0.0
2023-01-06 00:00:00-05:00,10.829473097466007,10.859196911928194,10.467829417746806,10.730392456054688,1209100,0.0,0.0
2023-01-09 00:00:00-05:00,10.799747953668675,11.26047131349608,10.720483821322347,10.968184471130371,1642700,0.0,0.0
2023-01-10 00:00:00-05:00,10.869105228174138,11.235702091680258,10.76011633300811,11.225793838500977,1133900,0.0,0.0
2023-01-11 00:00:00-05:00,11.265423724661941,11.731101139972084,11.265423724661941,11.711284637451172,1143000,0.0,0.0
2023-01-12 00:00:00-05:00,11.859908013810031,11.998619780408193,11.633014115699565,11.79055118560791,926500,0.0,0.0
2023-01-13 00:00:00-05:00,11.582479979463136,11.958985015878314,11.582479979463136,11.929261207580566,884900,0.0,0.0
2023-01-17 00:00:00-05:00,11.889633142240877,12.127425578308939,11.770736924206846,11.978805541992188,1097800,0.0,0.0
2023-01-18 00:00:00-05:00,12.038251738643712,12.226504770024386,11.78559789610618,11.810367584228516,936500,0.0,0.0
2023-01-19 00:00:00-05:00,11.641929863408722,11.721193991141824,11.44376954407597,11.5131254196167,883000,0.0,0.0
2023-01-20 00:00:00-05:00,11.602298877005108,11.894585729503127,11.314966151063347,11.830183029174805,1239000,0.0,0.0
2023-01-23 00:00:00-05:00,11.780641003991292,12.077880971294263,11.681560384955093,12.058065414428711,730900,0.0,0.0
2023-01-24 00:00:00-05:00,12.058069401831418,12.81107970978662,11.919356678291315,12.692183494567871,3835900,0.0,0.0
2023-01-25 00:00:00-05:00,12.503930369846266,12.920067593058052,12.380080028292832,12.870527267456055,1993500,0.0,0.0
2023-01-26 00:00:00-05:00,13.118226229816454,13.266847187127508,12.929974151106045,13.256938934326172,1203400,0.0,0.0
2023-01-27 00:00:00-05:00,13.217307150108454,13.539317813800286,13.197490644082858,13.375835418701172,1020600,0.0,0.0
2023-01-30 00:00:00-05:00,13.187583753463114,13.98022512151999,13.157858993483698,13.722617149353027,1596400,0.0,0.0
2023-01-31 00:00:00-05:00,13.752340881837211,14.961120378218967,13.752340881837211,14.66387939453125,3407300,0.0,0.0
2023-02-01 00:00:00-05:00,14.594521828115253,15.223681705187941,14.3071891122329,15.050291061401367,1967200,0.0,0.0
2023-02-02 00:00:00-05:00,15.367349762046276,16.298704808481055,15.12955734611091,15.258360862731934,2788800,0.0,0.0
2023-02-03 00:00:00-05:00,14.802591128839431,15.134510053345052,14.678740797977678,15.089923858642578,1710600,0.0,0.0
2023-02-06 00:00:00-05:00,14.871946680593874,14.916532871470706,14.178385076258541,14.723325729370117,1304000,0.0,0.0
2023-02-07 00:00:00-05:00,14.663879449222582,14.921488365706267,14.336914649417539,14.822407722473145,921200,0.0,0.0
2023-02-08 00:00:00-05:00,14.61433800920922,14.703510392314293,14.208109103866523,14.257649421691895,907600,0.0,0.0
2023-02-09 00:00:00-05:00,14.38645284251087,14.505349029857706,13.873216547158684,14.009947776794434,992200,0.0,0.0
2023-02-10 00:00:00-05:00,13.801880836486816,13.876190844208212,13.56408748891413,13.801880836486816,972500,0.0,0.0
2023-02-13 00:00:00-05:00,13.83160435242239,14.277465334042208,13.732523714327765,14.109028816223145,1173100,0.0,0.0
2023-02-14 00:00:00-05:00,13.920776214853072,14.322050988748455,13.663167321405412,14.118936538696289,937400,0.0,0.0
2023-02-15 00:00:00-05:00,14.76295942365428,14.951212460337373,14.30719015708345,14.941304206848145,1274100,0.0,0.0
2023-02-16 00:00:00-05:00,14.604430260028588,15.070107751792643,14.34682135438013,14.762958526611328,856900,0.0,0.0
2023-02-17 00:00:00-05:00,14.68369529564245,14.723327364723552,14.178386651084173,14.267558097839355,1076000,0.0,0.0
2023-02-21 00:00:00-05:00,14.000039176842282,14.000039176842282,13.306477628779847,13.465005874633789,1500900,0.0,0.0
2023-02-22 00:00:00-05:00,13.405559070642363,13.702800043108889,13.356018751080775,13.573995590209961,1557700,0.0,0.0
2023-02-23 00:00:00-05:00,13.573996739841293,13.692892949917058,13.296572249664512,13.623537063598633,1658700,0.0,0.0
2023-02-24 00:00:00-05:00,13.504639925596534,13.593812313251943,11.849999462154868,12.097700119018555,3746400,0.0,0.0
2023-02-27 00:00:00-05:00,12.18687256507522,12.305768767551195,11.775689510507172,12.25622844696045,1935600,0.0,0.0
2023-02-28 00:00:00-05:00,12.236411533758435,12.375123282203694,12.137330903523605,12.157147407531738,1797200,0.0,0.0
2023-03-01 00:00:00-05:00,12.186870964352172,12.394939527581462,11.944124464735152,12.375123023986816,1903600,0.0,0.0
2023-03-02 00:00:00-05:00,12.077884802244746,12.360264372594253,11.775690613647553,12.305769920349121,1175900,0.0,0.0
2023-03-03 00:00:00-05:00,12.454387500554038,12.454387500554038,12.211640994076348,12.226503372192383,1411600,0.0,0.0
2023-03-06 00:00:00-05:00,12.23641371265307,12.404850247103422,11.879724136215573,12.028345108032227,862600,0.0,0.0
2023-03-07 00:00:00-05:00,12.097698336236267,12.385031018059124,11.830181212692807,11.988710403442383,1999300,0.0,0.0
2023-03-08 00:00:00-05:00,12.028342558527116,12.761536173726364,12.028342558527116,12.751627922058105,3053000,0.0,0.0
2023-03-09 00:00:00-05:00,12.781355249947683,12.791263504342973,11.954034906003963,11.978805541992188,1561600,0.0,0.0
2023-03-10 00:00:00-05:00,11.899538887871023,12.36521540743385,11.319919356591125,11.40413761138916,2053700,0.0,0.0
2023-03-13 00:00:00-04:00,11.225794063542674,11.443770913341448,10.918645768051856,11.186161994934082,1904300,0.0,0.0
2023-03-14 00:00:00-04:00,11.532943803403654,11.790551788064422,11.31496694416477,11.602299690246582,1350400,0.0,0.0
2023-03-15 00:00:00-04:00,11.136620750171183,11.552757908531937,11.03754105931094,11.52303409576416,1713700,0.0,0.0
2023-03-16 00:00:00-04:00,11.295150511858207,11.676609781843764,11.176254300090584,11.671655654907227,1568300,0.0,0.0
2023-03-17 00:00:00-04:00,11.562668746635971,11.582484311277822,10.83938221159635,10.99791145324707,2234000,0.0,0.0
2023-03-20 00:00:00-04:00,11.047448204258972,11.255516780374931,10.720483433920029,10.869104385375977,1618800,0.0,0.0
2023-03-21 00:00:00-04:00,11.116805425758724,11.542849900810246,11.106897172991644,11.394229888916016,1849900,0.0,0.0
2023-03-22 00:00:00-04:00,11.38432307991492,11.38432307991492,10.39352035522461,10.39352035522461,2172400,0.0,0.0
2023-03-23 00:00:00-04:00,10.502507258172107,10.86910408305527,10.036829801740877,10.234990119934082,1937800,0.0,0.0
2023-03-24 00:00:00-04:00,10.026922547762783,10.760116270516873,9.898118091889279,10.730392456054688,1557100,0.0,0.0
2023-03-27 00:00:00-04:00,10.879012918245003,11.374414255758595,10.730392894952152,11.324874877929688,2066600,0.0,0.0
2023-03-28 00:00:00-04:00,11.225792412163736,11.305056537720706,10.507460211287913,10.879011154174805,2647700,0.0,0.0
2023-03-29 00:00:00-04:00,11.156437491924052,11.423953702314263,11.057356854059238,11.394229888916016,1156400,0.0,0.0
2023-03-30 00:00:00-04:00,11.552895928890845,11.850395593757316,11.483479687187968,11.711563110351562,961800,0.01,0.0
2023-03-31 00:00:00-04:00,11.810729213088232,11.984270765690129,11.751229846652103,11.89006233215332,1442100,0.0,0.0
2023-04-03 00:00:00-04:00,11.949561093140646,12.033852639421077,11.483478369841482,11.652061462402344,1433400,0.0,0.0
2023-04-04 00:00:00-04:00,11.701647229010181,11.721480037300518,11.270272536421382,11.314897537231445,2811100,0.0,0.0
2023-04-05 00:00:00-04:00,11.156229403341538,11.453729043242369,10.93806287465089,11.265312194824219,5637700,0.0,0.0
2023-04-06 00:00:00-04:00,11.3148948687375,11.48347795521139,11.245478637504212,11.295062065124512,1635800,0.0,0.0
2023-04-10 00:00:00-04:00,11.086814105877789,11.374396894787704,11.017396918399282,11.364480018615723,1948600,0.0,0.0
2023-04-11 00:00:00-04:00,11.404146194458008,11.533062743186747,11.265312769890443,11.404146194458008,1131100,0.0,0.0
2023-04-12 00:00:00-04:00,11.671897569929898,11.671897569929898,10.987648186455564,11.116564750671387,2083900,0.0,0.0
2023-04-13 00:00:00-04:00,11.156230871416328,11.800812721252441,11.10664743395384,11.800812721252441,1543500,0.0,0.0
2023-04-14 00:00:00-04:00,11.860313444038487,11.89006312925094,11.235564380224348,11.612397193908691,2911600,0.0,0.0
2023-04-17 00:00:00-04:00,11.562814246383473,12.098313331604004,11.562814246383473,12.098313331604004,1444200,0.0,0.0
2023-04-18 00:00:00-04:00,12.108230060712403,12.108230060712403,11.661980986114866,11.820647239685059,1445500,0.0,0.0
2023-04-19 00:00:00-04:00,11.6024799171279,11.919813349452575,11.6024799171279,11.800812721252441,878600,0.0,0.0
2023-04-20 00:00:00-04:00,11.572729488344589,11.75122947343459,11.513229178072805,11.731395721435547,963500,0.0,0.0
2023-04-21 00:00:00-04:00,11.800813829994627,12.046746908505797,11.53306475570156,12.028897285461426,1300900,0.0,0.0
2023-04-24 00:00:00-04:00,11.959478178321195,12.04872721795825,11.746270090116806,11.830561637878418,1439200,0.0,0.0
2023-04-25 00:00:00-04:00,11.751230634442537,11.790897196634287,11.542980946504489,11.612397193908691,1505800,0.0,0.0
2023-04-26 00:00:00-04:00,11.602479746467258,11.979312541623766,11.58264693920923,11.622313499450684,1744100,0.0,0.0
2023-04-27 00:00:00-04:00,11.81072919938415,12.375977908498388,11.751229833017062,12.286728858947754,2045500,0.0,0.0
2023-04-28 00:00:00-04:00,12.227228166297502,12.564394384301707,12.118145367535991,12.326395034790039,1885200,0.0,0.0
2023-05-01 00:00:00-04:00,12.32639582446142,12.336311755365644,11.954521462378878,11.999146461486816,1474800,0.0,0.0
2023-05-02 00:00:00-04:00,11.810729615769764,11.959479928382414,11.423980883572778,11.602479934692383,2026700,0.0,0.0
2023-05-03 00:00:00-04:00,10.412482612727228,11.195897933379591,10.114982920361358,10.670315742492676,2789300,0.0,0.0
2023-05-04 00:00:00-04:00,10.511649313282447,10.82898180868781,10.224066502889979,10.590982437133789,1846800,0.0,0.0
2023-05-05 00:00:00-04:00,10.828981395757852,11.017397321288763,10.65543983930348,10.92814826965332,1386400,0.0,0.0
2023-05-08 00:00:00-04:00,10.967814244618102,11.162179718259564,10.719898018838288,11.136396408081055,1220700,0.0,0.0
2023-05-09 00:00:00-04:00,10.93806266276527,11.007479843023438,10.670313654048895,10.888479232788086,687500,0.0,0.0
2023-05-10 00:00:00-04:00,11.205813213996773,11.205813213996773,10.878563882734351,11.076896667480469,675900,0.0,0.0
2023-05-11 00:00:00-04:00,10.888479810862075,10.997563551748238,10.690147026149027,10.87856388092041,637900,0.0,0.0
2023-05-12 00:00:00-04:00,10.938063628058707,10.938063628058707,10.486856172324883,10.838897705078125,776300,0.0,0.0
2023-05-15 00:00:00-04:00,10.89839899564107,11.057065257029121,10.7694824218319,10.789316177368164,1064600,0.0,0.0
2023-05-16 00:00:00-04:00,10.620731162993678,10.71989803171486,10.382731812933258,10.392647743225098,864200,0.0,0.0
2023-05-17 00:00:00-04:00,10.471981431069015,10.828980443390284,10.298439889876962,10.779397010803223,971600,0.0,0.0
2023-05-18 00:00:00-04:00,10.650482148313134,10.893439966105909,10.571149021920617,10.848814964294434,843300,0.0,0.0
2023-05-19 00:00:00-04:00,11.037230490167655,11.066980172471514,10.838897698599686,10.938063621520996,1624600,0.0,0.0
2023-05-22 00:00:00-04:00,11.047148681080522,11.265314304910097,10.769481794110305,11.195898056030273,1283700,0.0,0.0
2023-05-23 00:00:00-04:00,11.205814727320982,11.860313478234653,11.205814727320982,11.314897537231445,1692300,0.0,0.0
2023-05-24 00:00:00-04:00,11.166147819324568,11.220688749728556,10.888480946052523,11.007481575012207,1697000,0.0,0.0
2023-05-25 00:00:00-04:00,11.126480480041858,11.364479829864326,11.106646728027311,11.285146713256836,1365900,0.0,0.0
2023-05-26 00:00:00-04:00,11.324814845856512,12.321438325722683,11.314897968470664,12.247063636779785,2126500,0.0,0.0
2023-05-30 00:00:00-04:00,12.604062502267793,13.070145328698478,12.108229989898053,12.316479682922363,4085700,0.0,0.0
2023-05-31 00:00:00-04:00,12.197478669667882,12.455311775092046,12.133019920449161,12.356144905090332,4722500,0.0,0.0
2023-06-01 00:00:00-04:00,12.514812087161493,12.688353649928885,12.415646155384007,12.504895210266113,2443400,0.0,0.0
2023-06-02 00:00:00-04:00,12.78256226021645,12.931311632738009,12.688353819899223,12.732978820800781,1558000,0.0,0.0
2023-06-05 00:00:00-04:00,13.526309026754538,14.175849245054252,13.397392481506639,14.022141456604004,4098300,0.0,0.0
2023-06-06 00:00:00-04:00,13.982475473219411,14.041974837634195,13.476726147067035,13.813892364501953,2393100,0.0,0.0
2023-06-07 00:00:00-04:00,14.051892278384992,14.418808192774373,14.041975402008834,14.1510591506958,1619400,0.0,0.0
2023-06-08 00:00:00-04:00,14.200639925014267,14.379139895312298,13.8535578053212,14.329556465148926,1665100,0.0,0.0
2023-06-09 00:00:00-04:00,14.428726782268328,14.458476469203587,14.096518950027193,14.319643020629883,1745600,0.0,0.0
2023-06-12 00:00:00-04:00,14.279975334004892,14.389059087071416,14.002309404402272,14.190726280212402,2003800,0.0,0.0
2023-06-13 00:00:00-04:00,14.190727213242704,14.428726597121813,14.136185333123352,14.28989315032959,1938100,0.0,0.0
2023-06-14 00:00:00-04:00,14.37914105413304,14.526899290723172,13.605642696713808,13.76430892944336,1703400,0.0,0.0
2023-06-15 00:00:00-04:00,13.675057101388141,14.279972268898234,13.51639088995764,14.260139465332031,1123600,0.0,0.0
2023-06-16 00:00:00-04:00,14.418807808695197,14.491199302007137,13.675059123351788,13.744475364685059,2710900,0.0,0.0
2023-06-20 00:00:00-04:00,13.437059963767236,13.84066718091655,13.357726845183954,13.575892448425293,1829800,0.0,0.0
2023-06-21 00:00:00-04:00,13.516391730804523,13.516391730804523,13.025517754007467,13.16930866241455,1282000,0.0,0.0
2023-06-22 00:00:00-04:00,13.149477202551576,13.149477202551576,12.703228173068457,12.980894088745117,1536100,0.0,0.0
2023-06-23 00:00:00-04:00,12.683394838266473,12.792477643729526,12.227228917481717,12.34622859954834,6089100,0.0,0.0
2023-06-26 00:00:00-04:00,12.227227427176757,12.881726071632889,12.227227427176757,12.703227043151855,1749500,0.0,0.0
2023-06-27 00:00:00-04:00,12.842060472425937,13.085018263346994,12.584227367304479,12.951144218444824,1152200,0.0,0.0
2023-06-28 00:00:00-04:00,12.961059766591564,13.744474989258856,12.861893845356347,13.734559059143066,2156400,0.0,0.0
2023-06-29 00:00:00-04:00,13.684939683361707,14.325026150704266,13.684939683361707,14.270444869995117,2248100,0.01,0.0
2023-06-30 00:00:00-04:00,14.409378852470269,14.657474210565896,14.315102351399497,14.597930908203125,2348600,0.0,0.0
2023-07-03 00:00:00-04:00,14.57808513540152,14.826180532811689,14.488771587317283,14.647552490234375,676300,0.0,0.0
2023-07-05 00:00:00-04:00,14.538388530462095,14.78648390433625,14.379607642608033,14.687246322631836,995000,0.0,0.0
2023-07-06 00:00:00-04:00,14.379606966178876,14.528464751346219,13.992578806842928,14.48876953125,1045800,0.0,0.0
2023-07-07 00:00:00-04:00,14.48877096928704,15.362065898079953,14.478846926675832,15.223133087158203,1772200,0.0,0.0
2023-07-10 00:00:00-04:00,15.084197821112078,15.53076928345384,14.975036202533465,15.362064361572266,1359000,0.0,0.0
2023-07-11 00:00:00-04:00,15.580388695228477,15.620083915676613,15.272750973357597,15.610159873962402,956400,0.0,0.0
2023-07-12 00:00:00-04:00,16.066658452540633,16.225439355322028,15.768943786621094,15.768943786621094,918500,0.0,0.0
2023-07-13 00:00:00-04:00,15.798712120456194,15.833445318375407,15.560540809231306,15.67962646484375,758400,0.0,0.0
2023-07-14 00:00:00-04:00,15.689550059447477,15.92772041748373,15.610158678223877,15.808635711669922,1653600,0.0,0.0
2023-07-17 00:00:00-04:00,15.808636309290666,16.498341092722107,15.669702569907988,16.453683853149414,1920100,0.0,0.0
2023-07-18 00:00:00-04:00,16.473531329982418,16.949873939361762,16.448722173980485,16.860559463500977,1627400,0.0,0.0
2023-07-19 00:00:00-04:00,17.128507332799725,17.247592069616644,16.49834476428876,16.810945510864258,5983200,0.0,0.0
2023-07-20 00:00:00-04:00,16.6422393422401,16.691857663490996,16.28498137221723,16.404067993164062,1916800,0.0,0.0
2023-07-21 00:00:00-04:00,16.572771489253014,16.607504689661415,16.0765807487702,16.185741424560547,1000400,0.0,0.0
2023-07-24 00:00:00-04:00,16.255205154418945,16.55292068548027,16.12123534218107,16.255205154418945,603400,0.0,0.0
2023-07-25 00:00:00-04:00,16.106352221102757,16.433838059307188,15.98726749420166,15.98726749420166,786100,0.0,0.0
2023-07-26 00:00:00-04:00,16.026960159372525,16.314751690587514,15.85825523589208,16.04680824279785,1271000,0.0,0.0
2023-07-27 00:00:00-04:00,16.205589102835788,16.215513144535144,14.364721955997,14.478845596313477,2433000,0.0,0.0
2023-07-28 00:00:00-04:00,14.736864696761215,15.46130269045032,14.67732139420726,15.292597770690918,1951500,0.0,0.0
2023-07-31 00:00:00-04:00,15.292597841881982,15.97734156560103,15.292597841881982,15.897951126098633,1219300,0.0,0.0
2023-08-01 00:00:00-04:00,15.788789749145508,15.907876363761996,15.518861666696075,15.788789749145508,964600,0.0,0.0
2023-08-02 00:00:00-04:00,15.421606735627435,15.818558912366004,15.362063435912328,15.798711776733398,1110200,0.0,0.0
2023-08-03 00:00:00-04:00,15.729246025770712,15.833445621523364,15.352140969240235,15.739169120788574,1752700,0.0,0.0
2023-08-04 00:00:00-04:00,15.639929523325186,16.56284443565905,15.550615054853063,15.927719116210938,2471600,0.0,0.0
2023-08-07 00:00:00-04:00,16.314751877139592,16.612465560654055,15.729246659119372,16.55292320251465,1947300,0.0,0.0
2023-08-08 00:00:00-04:00,16.284980761711868,17.00941882459533,16.076581548889596,16.97964859008789,1241300,0.0,0.0
2023-08-09 00:00:00-04:00,16.930028543550304,16.93499151122848,16.592618668502194,16.791095733642578,2219700,0.0,0.0
2023-08-10 00:00:00-04:00,16.9895745089074,17.44606915473519,16.781173380251147,16.810945510864258,2289100,0.0,0.0
2023-08-11 00:00:00-04:00,16.57277177680937,17.173162128934838,16.483457290547356,17.029266357421875,2659000,0.0,0.0
2023-08-14 00:00:00-04:00,17.138429090803825,17.475838954818652,17.088808879732518,17.188047409057617,1279100,0.0,0.0
2023-08-15 00:00:00-04:00,16.939950004987224,17.04911256346334,16.607503148271462,16.850635528564453,937800,0.0,0.0
2023-08-16 00:00:00-04:00,16.79109422423126,16.93002702164982,16.026960052794365,16.056732177734375,1415500,0.0,0.0
2023-08-17 00:00:00-04:00,16.06665626238214,16.215513101845772,15.863217193715741,15.878103256225586,3214000,0.0,0.0
2023-08-18 00:00:00-04:00,15.649856778901992,15.81359968927413,15.173513164650203,15.282674789428711,3274300,0.0,0.0
2023-08-21 00:00:00-04:00,15.312446594238281,15.481151522156805,14.965112696427504,15.312446594238281,1315500,0.0,0.0
2023-08-22 00:00:00-04:00,15.411684339802674,15.714360998381942,15.238017389037378,15.471227645874023,1278000,0.0,0.0
2023-08-23 00:00:00-04:00,15.481150313972353,16.146045931782737,15.30252135802071,15.947568893432617,1151600,0.0,0.0
2023-08-24 00:00:00-04:00,15.947572417304901,16.999496410238468,15.91283921184137,16.14604949951172,2276100,0.0,0.0
2023-08-25 00:00:00-04:00,16.1758161280143,16.374293165940504,15.888026505120349,16.126197814941406,864900,0.0,0.0
2023-08-28 00:00:00-04:00,16.255208956134304,16.681933325484437,16.205590635761418,16.602542877197266,935200,0.0,0.0
2023-08-29 00:00:00-04:00,16.73155501201877,17.267440111941625,16.55292601443856,17.158279418945312,1474600,0.0,0.0
2023-08-30 00:00:00-04:00,17.168197631835938,17.30713231631905,17.02033263521278,17.168197631835938,1021700,0.0,0.0
2023-08-31 00:00:00-04:00,17.28728485107422,17.664388967410076,17.23766653594124,17.28728485107422,1581200,0.0,0.0
2023-09-01 00:00:00-04:00,17.32697873546888,17.515531735810775,17.05903718982417,17.148351669311523,957500,0.0,0.0
2023-09-05 00:00:00-04:00,16.97965173419782,17.19301395415783,16.880413184222807,17.039194107055664,925800,0.0,0.0
2023-09-06 00:00:00-04:00,16.910180982831545,16.999493572817755,16.384218127745445,16.74147605895996,878400,0.0,0.0
2023-09-07 00:00:00-04:00,16.642239473254353,16.93002914584688,16.513228808478193,16.91018295288086,1377800,0.0,0.0
2023-09-08 00:00:00-04:00,16.90025780848869,17.178123420079064,16.830789512773574,17.009418487548828,1004100,0.0,0.0
2023-09-11 00:00:00-04:00,17.197969013162176,17.525454788535967,16.75139664091735,17.2376651763916,2001600,0.0,0.0
2023-09-12 00:00:00-04:00,17.3269809161751,17.75370528458335,17.188048105183608,17.64454460144043,1611600,0.0,0.0
2023-09-13 00:00:00-04:00,17.634617854309287,17.76362660289929,17.083845876893612,17.366674423217773,1641200,0.0,0.0
2023-09-14 00:00:00-04:00,17.614771072729,18.29455184892712,17.515532547276898,18.120885848999023,1841400,0.0,0.0
2023-09-15 00:00:00-04:00,18.00179890006763,18.1853908311744,17.694161180509177,17.80332374572754,2360800,0.0,0.0
2023-09-18 00:00:00-04:00,17.72393265577072,17.96210396793928,17.465913261050446,17.862865447998047,911600,0.0,0.0
2023-09-19 00:00:00-04:00,17.803323129223433,17.97103431651833,17.530418618445232,17.684236526489258,1465600,0.0,0.0
2023-09-20 00:00:00-04:00,17.54530457926038,17.67431333668843,16.97964744786041,17.25751304626465,2346600,0.0,0.0
2023-09-21 00:00:00-04:00,16.9002562870713,17.009416956304435,16.096425972946147,16.275054931640625,1899600,0.0,0.0
2023-09-22 00:00:00-04:00,16.3941395077802,16.612462712066456,16.205586531050137,16.284976959228516,992000,0.0,0.0
2023-09-25 00:00:00-04:00,16.056734192359823,16.999495553272055,15.977343742042818,16.91018295288086,1322600,0.0,0.0
2023-09-26 00:00:00-04:00,16.701780248938864,16.969723703075775,16.121237991126353,16.185741424560547,1186400,0.0,0.0
2023-09-27 00:00:00-04:00,16.52315272129327,16.865525573504392,16.344523736281833,16.404067993164062,2183900,0.0,0.0
2023-09-28 00:00:00-04:00,17.0693651387284,17.39704920030426,16.617558297859215,17.19845199584961,3492000,0.01,0.0
2023-09-29 00:00:00-04:00,17.22824332445072,17.824033084649447,17.22824332445072,17.456628799438477,1916100,0.0,0.0
2023-10-02 00:00:00-04:00,17.238173603830543,17.28782196202212,16.587769505325454,16.731752395629883,1952500,0.0,0.0
2023-10-03 00:00:00-04:00,16.61259111827647,16.78139816160109,15.857925394745834,16.026731491088867,1370800,0.0,0.0
2023-10-04 00:00:00-04:00,16.076382785977106,16.165751337927155,15.421013720670615,15.808277130126953,2284900,0.0,0.0
2023-10-05 00:00:00-04:00,15.699048529657329,16.056521770064307,15.594784909341799,15.927434921264648,1773300,0.0,0.0
2023-10-06 00:00:00-04:00,15.73876844800633,16.071416580114473,15.48059284546288,15.838066101074219,1045200,0.0,0.0
2023-10-09 00:00:00-04:00,15.569959783934012,16.225327824852805,15.51038044067706,16.09623908996582,1728100,0.0,0.0
2023-10-10 00:00:00-04:00,16.195539308566584,16.831049210617387,16.056522405288252,16.6324520111084,1585400,0.0,0.0
2023-10-11 00:00:00-04:00,16.682100725435816,17.282856414682914,16.62252232187761,17.24810218811035,1974500,0.0,0.0
2023-10-12 00:00:00-04:00,17.198452449398182,17.24810269880285,16.752604005335414,16.850908279418945,1504600,0.0,0.0
2023-10-13 00:00:00-04:00,16.880696488694728,16.930344838429164,16.31469696828436,16.562942504882812,1297400,0.0,0.0
2023-10-16 00:00:00-04:00,16.850909006786157,17.18852314145753,16.68210193945047,16.880699157714844,1458900,0.0,0.0
2023-10-17 00:00:00-04:00,16.582805295882125,17.05943634901847,16.433856434559,16.831050872802734,1262300,0.0,0.0
2023-10-18 00:00:00-04:00,16.61259518648548,16.672175494458614,16.150858216493667,16.215402603149414,1281200,0.0,0.0
2023-10-19 00:00:00-04:00,16.106170620150234,16.255119465487077,15.530241966247559,15.530241966247559,987300,0.0,0.0
2023-10-20 00:00:00-04:00,15.520312934103568,15.89268033694112,15.391225125861764,15.48059368133545,1262600,0.0,0.0
2023-10-23 00:00:00-04:00,15.281998085085013,15.36640161927712,14.909629718998959,14.984103202819824,2047600,0.0,0.0
2023-10-24 00:00:00-04:00,15.321716441200175,15.669259660979943,15.26213708944788,15.510382652282715,1114600,0.0,0.0
2023-10-25 00:00:00-04:00,15.202557497588996,15.450803041039634,14.998995280736404,15.252205848693848,1783500,0.0,0.0
2023-10-26 00:00:00-04:00,15.252206915807898,15.704013760740002,15.013891404697226,15.609681129455566,1566700,0.0,0.0
2023-10-27 00:00:00-04:00,15.778487797879384,15.813242024020838,15.103259586051246,15.16283893585205,1591100,0.0,0.0
2023-10-30 00:00:00-04:00,15.510382272620665,15.927435830714785,15.510382272620665,15.808277130126953,2633200,0.0,0.0
2023-10-31 00:00:00-04:00,16.04659350802301,16.284909028166314,15.574927492778766,15.73876953125,2067300,0.0,0.0
2023-11-01 00:00:00-04:00,15.947294623391853,16.09127750616764,13.981190195979849,14.497541427612305,4490000,0.0,0.0
2023-11-02 00:00:00-04:00,15.073471932868333,16.2451913744535,14.966229092211758,16.106172561645508,3380800,0.0,0.0
2023-11-03 00:00:00-04:00,16.562946238180082,16.880700293613938,16.056525002096038,16.086315155029297,2871100,0.0,0.0
2023-11-06 00:00:00-05:00,15.897646736761956,15.94729509382208,15.485559123083647,15.877786636352539,2325600,0.0,0.0
2023-11-07 00:00:00-05:00,15.718908728843285,15.9611958794037,15.275046116080343,15.54017162322998,1639400,0.0,0.0
2023-11-08 00:00:00-05:00,15.609680651884883,15.733803428496921,15.346540024553972,15.381294250488281,1302300,0.0,0.0
2023-11-09 00:00:00-05:00,15.659331368255287,15.75862903033705,15.147945141447284,15.202559471130371,1265900,0.0,0.0
2023-11-10 00:00:00-05:00,15.242276672689353,15.550100614764547,15.053609530272796,15.470662117004395,1053200,0.0,0.0
2023-11-13 00:00:00-05:00,15.281996395497599,15.376329022649747,14.994031595441228,15.242277145385742,1677600,0.0,0.0
2023-11-14 00:00:00-05:00,16.16575239889305,16.900559067847723,16.16575239889305,16.741682052612305,1923600,0.0,0.0
2023-11-15 00:00:00-05:00,16.65231153172378,17.168662717350067,16.557977012948612,16.79132843017578,1196200,0.0,0.0
2023-11-16 00:00:00-05:00,16.731750321554713,16.811188821192086,16.07638222605557,16.25511932373047,1004400,0.0,0.0
2023-11-17 00:00:00-05:00,16.304769899905573,16.62748991405904,16.230295467727544,16.582805633544922,1038900,0.0,0.0
2023-11-20 00:00:00-05:00,16.52322552619957,16.682102549031217,16.384208604712754,16.433856964111328,1037800,0.0,0.0
2023-11-21 00:00:00-05:00,16.274979631941054,16.274979631941054,15.917507284346078,16.106172561645508,1119800,0.0,0.0
2023-11-22 00:00:00-05:00,16.394134570213623,16.67217023786846,16.260081760485203,16.344484329223633,746600,0.0,0.0
2023-11-24 00:00:00-05:00,16.245189207650633,16.43882043134687,16.165750708340298,16.304767608642578,337600,0.0,0.0
2023-11-27 00:00:00-05:00,16.26504891343617,16.73671587523987,16.05652354373373,16.602663040161133,1009400,0.0,0.0
2023-11-28 00:00:00-05:00,16.533151689399467,16.67217047216203,16.344484558912242,16.483503341674805,1320300,0.0,0.0
2023-11-29 00:00:00-05:00,16.75161240112998,17.427833111735396,16.75161240112998,17.357330322265625,1952800,0.0,0.0
2023-11-30 00:00:00-05:00,17.387117684256083,17.531100550644027,17.05943365031709,17.138872146606445,1775500,0.0,0.0
2023-12-01 00:00:00-05:00,17.12894180386378,17.58571267619785,16.989924911233953,17.387117385864258,2053500,0.0,0.0
2023-12-04 00:00:00-05:00,17.18852058715913,17.545994769327212,16.69202950924264,16.751609802246094,1215800,0.0,0.0
2023-12-05 00:00:00-05:00,16.602663049481045,16.74168185665744,16.27497897264798,16.314699172973633,1534000,0.0,0.0
2023-12-06 00:00:00-05:00,16.85090733394727,17.178591385778923,16.23525942757907,16.394136428833008,1197600,0.0,0.0
2023-12-07 00:00:00-05:00,16.413998756730003,16.647348318659514,16.324630194641763,16.433856964111328,912400,0.0,0.0
2023-12-08 00:00:00-05:00,16.374278628481658,16.52322560131804,16.006876221749486,16.38420867919922,894400,0.0,0.0
2023-12-11 00:00:00-05:00,16.34448537590847,16.761537957116847,16.34448537590847,16.751609802246094,1437800,0.0,0.0
2023-12-12 00:00:00-05:00,16.731751023488794,17.029644936135448,16.473575415345483,16.91048812866211,1616900,0.0,0.0
2023-12-13 00:00:00-05:00,16.88069792924758,17.456627547545732,16.41896104025404,17.24810218811035,2158200,0.0,0.0
2023-12-14 00:00:00-05:00,17.83395769320744,18.285766369098557,17.173625578372466,17.49634552001953,4018500,0.0,0.0
2023-12-15 00:00:00-05:00,17.496348944061864,17.615505759338266,16.63245351047252,16.930347442626953,4772400,0.0,0.0
2023-12-18 00:00:00-05:00,16.88069997521247,17.109085461502332,16.523225722610228,16.5728759765625,2080700,0.0,0.0
2023-12-19 00:00:00-05:00,16.850909004282503,17.22625657248907,16.67217378062725,17.168664932250977,3025200,0.0,0.0
2023-12-20 00:00:00-05:00,16.960136064523944,17.555925769087644,16.622521961736624,16.6324520111084,1899100,0.0,0.0
2023-12-21 00:00:00-05:00,16.960137005341995,16.960137005341995,16.54308437840886,16.801259994506836,1935700,0.0,0.0
2023-12-22 00:00:00-05:00,16.90055695630562,17.377187942461987,16.85090671152068,16.890626907348633,1457900,0.0,0.0
2023-12-26 00:00:00-05:00,17.029643555439414,17.223274772357218,16.860836513568966,17.089221954345703,1235600,0.0,0.0
2023-12-27 00:00:00-05:00,17.029642664155972,17.307678334438975,17.01971261586411,17.2083797454834,1132300,0.0,0.0
2023-12-28 00:00:00-05:00,17.138834825961922,17.764774046650235,17.138834825961922,17.725032806396484,1448900,0.01,0.0
2023-12-29 00:00:00-05:00,17.566066732874546,17.70516393755085,17.372323656344754,17.426969528198242,1172000,0.0,0.0
2024-01-02 00:00:00-05:00,17.168641785571975,17.908839660798233,17.039478493817185,17.734968185424805,2436700,0.0,0.0
2024-01-03 00:00:00-05:00,17.69522134975997,17.74986720060634,17.218315207011475,17.685285568237305,1383300,0.0,0.0
2024-01-04 00:00:00-05:00,17.60580230774764,17.625673872030735,17.069283337500885,17.37728500366211,1535300,0.0,0.0
2024-01-05 00:00:00-05:00,17.228251067165342,17.675351762443007,16.930185200351275,16.979862213134766,1337100,0.0,0.0
2024-01-08 00:00:00-05:00,16.890442550773827,17.83432098075148,16.791086627346186,17.7647705078125,2653300,0.0,0.0
2024-01-09 00:00:00-05:00,17.456770146162487,18.013160705566406,17.28786563231849,18.013160705566406,4460700,0.0,0.0
2024-01-10 00:00:00-05:00,17.943611842161644,18.14133069093203,17.466705655838314,17.973419189453125,2572800,0.0,0.0
2024-01-11 00:00:00-05:00,17.864129290305222,18.01316225177036,17.466707428045886,17.69522476196289,1616900,0.0,0.0
2024-01-12 00:00:00-05:00,18.06283991177538,18.192001297373587,17.715095095855432,18.05290412902832,2396500,0.0,0.0
2024-01-16 00:00:00-05:00,17.784642071509353,18.003225482061485,17.64753093508034,17.7647705078125,1089100,0.0,0.0
2024-01-17 00:00:00-05:00,17.41702956900924,17.655482674907002,17.267994719648414,17.575998306274414,1742300,0.0,0.0
2024-01-18 00:00:00-05:00,17.744901134249186,17.913805638367872,17.421994851503957,17.804513931274414,1291800,0.0,0.0
2024-01-19 00:00:00-05:00,17.9336747956111,18.201935217154936,17.81444920496268,18.191999435424805,1881500,0.0,0.0
2024-01-22 00:00:00-05:00,18.410583986901045,19.35446056921114,18.231743694763612,19.3345890045166,2553900,0.0,0.0
2024-01-23 00:00:00-05:00,19.61278636964051,20.03007977729485,19.354461698706217,19.821434020996094,3600600,0.0,0.0
2024-01-24 00:00:00-05:00,20.04994887263945,20.05988465434229,19.39420244070463,19.553171157836914,1801200,0.0,0.0
2024-01-25 00:00:00-05:00,19.87111473083496,20.08969631065356,19.702210179820575,19.87111473083496,2512300,0.0,0.0
2024-01-26 00:00:00-05:00,19.96053012526162,20.43743630993807,19.930722778073072,20.268531799316406,1611100,0.0,0.0
2024-01-29 00:00:00-05:00,20.198984675571495,20.25859747919475,19.8313682806049,20.139371871948242,1029600,0.0,0.0
2024-01-30 00:00:00-05:00,19.980400771772185,20.129433710752064,19.861173283554304,20.01020622253418,1341400,0.0,0.0
2024-01-31 00:00:00-05:00,19.960530379973612,20.179111910308745,19.324655458957416,19.513429641723633,1786400,0.0,0.0
2024-02-01 00:00:00-05:00,19.6525303801898,19.826401851547452,19.04646085993128,19.6127872467041,1446900,0.0,0.0
2024-02-02 00:00:00-05:00,19.24516962176404,19.97046463495229,19.06632934014357,19.83136558532715,1478700,0.0,0.0
2024-02-05 00:00:00-05:00,19.433944473211163,19.44884909390785,19.116007025846375,19.205427169799805,926600,0.0,0.0
2024-02-06 00:00:00-05:00,19.195493014841723,19.364397534953966,18.976911475013985,19.165687561035156,1355000,0.0,0.0
2024-02-07 00:00:00-05:00,19.294849189024333,19.294849189024333,18.812974132559145,19.06633186340332,1059600,0.0,0.0
2024-02-08 00:00:00-05:00,19.106073309619486,19.97046749628158,18.996783484681057,19.76181983947754,1520700,0.0,0.0
2024-02-09 00:00:00-05:00,20.02014460785326,20.174146405357313,19.821434628392456,20.040016174316406,1240500,0.0,0.0
2024-02-12 00:00:00-05:00,20.169176652484776,20.85473050395044,20.08969228528997,20.576534271240234,2634000,0.0,0.0
2024-02-13 00:00:00-05:00,19.652527764068985,19.890980848069855,18.74839244325278,18.927230834960938,4105900,0.0,0.0
2024-02-14 00:00:00-05:00,19.42401127851889,19.74691760748161,19.185558161231604,19.5631103515625,2086200,0.0,0.0
2024-02-15 00:00:00-05:00,19.841304141988804,20.656021304985877,19.831368358836258,20.417566299438477,2074600,0.0,0.0
2024-02-16 00:00:00-05:00,19.95059614599809,20.3678895690691,19.811498969993387,19.990339279174805,2649400,0.0,0.0
2024-02-20 00:00:00-05:00,19.84130786623962,20.247672566686948,18.082715609398754,18.370845794677734,5387900,0.0,0.0
2024-02-21 00:00:00-05:00,18.033036119935925,18.579492908453474,17.864131570038815,18.152263641357422,3394300,0.0,0.0
2024-02-22 00:00:00-05:00,18.400650508430566,19.116009871491066,18.192002843127323,18.66891098022461,3792400,0.0,0.0
2024-02-23 00:00:00-05:00,18.83781069157853,19.155750031969678,18.783166732895197,18.927230834960938,1757900,0.0,0.0
2024-02-26 00:00:00-05:00,18.877556243539583,18.957040615078526,17.923743785072265,17.933677673339844,3026000,0.0,0.0
2024-02-27 00:00:00-05:00,18.20193450266113,18.41058212069056,17.834320068359375,17.834320068359375,1971200,0.0,0.0
2024-02-28 00:00:00-05:00,17.675353981211046,18.038001526211655,17.43689898375892,18.00322723388672,1918600,0.0,0.0
2024-02-29 00:00:00-05:00,18.360907260354097,18.61923194695701,18.142325707870217,18.251617431640625,1616100,0.0,0.0
2024-03-01 00:00:00-05:00,18.29135708689178,18.7334889928696,18.15225991963317,18.43045425415039,2350100,0.0,0.0
2024-03-04 00:00:00-05:00,18.43045473968871,18.619230825267703,18.047937519650365,18.23174476623535,1213800,0.0,0.0
2024-03-05 00:00:00-05:00,18.072775338746194,18.420520147820525,17.888966204129186,18.201936721801758,1642800,0.0,0.0
2024-03-06 00:00:00-05:00,18.480132184686237,18.55464770815899,17.96348288369248,18.033031463623047,1950600,0.0,0.0
2024-03-07 00:00:00-05:00,18.21187240652938,18.29135677145742,17.834322146885388,17.923742294311523,1628400,0.0,0.0
2024-03-08 00:00:00-05:00,18.092644088286026,18.868611042048624,17.983354275893774,18.271484375,1726500,0.0,0.0
2024-03-11 00:00:00-04:00,18.221805387584823,18.519871236475772,18.08270824410991,18.13238525390625,1118200,0.0,0.0
2024-03-12 00:00:00-04:00,18.211873200372967,18.513914937299358,18.082711812381124,18.23174476623535,1917700,0.0,0.0
2024-03-13 00:00:00-04:00,18.201937182485796,18.500004981403528,18.19200139968286,18.331100463867188,1418300,0.0,0.0
2024-03-14 00:00:00-04:00,18.350968803599397,18.599357670489216,18.231743208724016,18.41058349609375,2137300,0.0,0.0
2024-03-15 00:00:00-04:00,18.32116346009702,18.649036690516485,18.24167909802735,18.360904693603516,4362400,0.0,0.0
2024-03-18 00:00:00-04:00,18.38077574766211,18.624197665712817,18.092643758747254,18.42051887512207,1819500,0.0,0.0
2024-03-19 00:00:00-04:00,18.321162951528787,18.50993712179374,18.201935464205526,18.42051887512207,1572600,0.0,0.0
2024-03-20 00:00:00-04:00,18.22180660135337,18.500002801890517,17.93367461918384,18.10257911682129,6810300,0.0,0.0
2024-03-21 00:00:00-04:00,18.579489781467085,19.265041755324372,18.321165107744996,19.25510597229004,4502600,0.0,0.0
2024-03-22 00:00:00-04:00,19.125943880556992,19.284912613154482,18.31122865223066,18.43045425415039,1681500,0.0,0.0
2024-03-25 00:00:00-04:00,18.53974585724289,18.688778806276936,18.380777125599007,18.480133056640625,1037200,0.0,0.0
2024-03-26 00:00:00-04:00,18.65897264550687,18.90736151615765,18.50000391989491,18.7781982421875,1365800,0.0,0.0
2024-03-27 00:00:00-04:00,18.9670744762352,19.20565380282219,18.74837723421211,19.14600944519043,2217000,0.01,0.0
2024-03-28 00:00:00-04:00,19.185773687460003,19.3597391011598,18.981987039913484,19.15595245361328,1516600,0.0,0.0
2024-04-01 00:00:00-04:00,19.146010018845928,19.374648310001458,18.7583188385335,19.245418548583984,1751700,0.0,0.0
2024-04-02 00:00:00-04:00,18.9273139594114,19.006840408986232,18.47003545231102,18.78814125061035,2014200,0.0,0.0
2024-04-03 00:00:00-04:00,18.569446280507066,18.68873502156426,18.15193189468619,18.51974105834961,1627600,0.0,0.0
2024-04-04 00:00:00-04:00,18.808021922064288,18.942223151136936,18.201631604638237,18.211572647094727,1482700,0.0,0.0
2024-04-05 00:00:00-04:00,18.09228638232746,18.44021343516972,17.933233473582355,18.310983657836914,1042000,0.0,0.0
2024-04-08 00:00:00-04:00,18.46009382315353,18.529679227315242,18.14198803495139,18.350744247436523,761100,0.0,0.0
2024-04-09 00:00:00-04:00,18.41039125899431,18.887549960845448,18.360686042513898,18.817964553833008,930100,0.0,0.0
2024-04-10 00:00:00-04:00,18.10222407090695,18.281159052836852,17.84376453707496,18.052520751953125,1615400,0.0,0.0
2024-04-11 00:00:00-04:00,18.191690486845502,18.539619387141883,18.122105085998218,18.529678344726562,1826100,0.0,0.0
2024-04-12 00:00:00-04:00,18.3209233044997,18.47500473156249,18.052520830437945,18.400449752807617,1919600,0.0,0.0
2024-04-15 00:00:00-04:00,18.58932777911203,18.708616516381504,17.89346985948569,18.072404861450195,1845600,0.0,0.0
2024-04-16 00:00:00-04:00,18.022696909825182,18.033633383937563,17.495834923945143,17.595243453979492,1458900,0.0,0.0
2024-04-17 00:00:00-04:00,17.873584066545504,17.893466150656163,17.326840025921637,17.42624855041504,1094000,0.0,0.0
2024-04-18 00:00:00-04:00,17.48589344055378,17.72447276898614,17.18766975402832,17.18766975402832,2234100,0.0,0.0
2024-04-19 00:00:00-04:00,17.17772685389759,17.475950508170147,17.01867398547759,17.197607040405273,1237900,0.0,0.0
2024-04-22 00:00:00-04:00,16.84968292446886,17.306959524470976,16.68068898619415,17.038557052612305,1424100,0.0,0.0
2024-04-23 00:00:00-04:00,17.098204939927527,17.615125950920675,16.968973265134046,17.32684326171875,1464300,0.0,0.0
2024-04-24 00:00:00-04:00,17.257256323283208,17.386486090580753,16.978912806563773,17.058439254760742,1522200,0.0,0.0
2024-04-25 00:00:00-04:00,16.790038049234308,17.00873722033951,16.56139973040635,16.9490909576416,11499800,0.0,0.0
2024-04-26 00:00:00-04:00,17.06837809868579,17.257254099841152,16.670745908932275,16.680686950683594,1801000,0.0,0.0
2024-04-29 00:00:00-04:00,16.80991830300946,17.21749157334859,16.80991830300946,16.959030151367188,2238100,0.0,0.0
2024-04-30 00:00:00-04:00,16.84968080186136,16.84968080186136,16.302934884054924,16.34269905090332,2608000,0.0,0.0
2024-05-01 00:00:00-04:00,15.110039243577548,15.4082638956806,13.708384421526247,14.026490211486816,11529900,0.0,0.0
2024-05-02 00:00:00-04:00,14.2153658243389,14.558324211744143,13.782939949086199,14.45394515991211,3592100,0.0,0.0
2024-05-03 00:00:00-04:00,14.891340566105036,14.9708679590999,14.404240853687769,14.612998008728027,2878600,0.0,0.0
2024-05-06 00:00:00-04:00,14.662702180555396,14.772050804678909,14.275010052795674,14.762110710144043,2073300,0.0,0.0
2024-05-07 00:00:00-04:00,14.772050516613346,15.05039401482166,14.563293366972102,14.712406158447266,3456000,0.0,0.0
2024-05-08 00:00:00-04:00,14.603055470375374,14.757138771238992,14.463884679956502,14.68258285522461,2643900,0.0,0.0
2024-05-09 00:00:00-04:00,14.77205097433431,15.040453438488228,14.702465571641076,14.791933059692383,1914600,0.0,0.0
2024-05-10 00:00:00-04:00,14.77205136941913,15.000690617001966,14.608027952948195,14.861518859863281,2180900,0.0,0.0
2024-05-13 00:00:00-04:00,15.12992154207269,15.13986163712611,14.493709005181376,14.563294410705566,1883200,0.0,0.0
2024-05-14 00:00:00-04:00,14.861518858163345,15.030512796087406,13.95690480694045,14.026490211486816,4806700,0.0,0.0
2024-05-15 00:00:00-04:00,14.324713913308646,14.473826703483256,14.06625250209663,14.195483207702637,2755600,0.0,0.0
2024-05-16 00:00:00-04:00,14.235247778386496,14.424123807574787,14.056313740455032,14.096076965332031,2372500,0.0,0.0
2024-05-17 00:00:00-04:00,14.165660454218882,14.165660454218882,13.658678694645971,13.768028259277344,3187400,0.0,0.0
2024-05-20 00:00:00-04:00,13.768030212287991,13.817733532683706,13.360455969620629,13.439983367919922,2044400,0.0,0.0
2024-05-21 00:00:00-04:00,13.360456069199639,13.430042424726407,13.052291309117077,13.12187671661377,2875600,0.0,0.0
2024-05-22 00:00:00-04:00,13.111934149017085,13.305780679985217,12.997615007696114,13.022467613220215,1341800,0.0,0.0
2024-05-23 00:00:00-04:00,13.191461711436398,13.310751375424559,12.873354992771324,13.052289962768555,2177500,0.0,0.0
2024-05-24 00:00:00-04:00,13.101994203827628,13.241165004225328,12.843532791617651,12.883296012878418,1649000,0.0,0.0
2024-05-28 00:00:00-04:00,13.012526133526512,13.489684767187502,12.95288083030392,13.111933708190918,1495400,0.0,0.0
2024-05-29 00:00:00-04:00,12.82365124891086,13.34057409517642,12.75406584577127,13.310751914978027,1760400,0.0,0.0
2024-05-30 00:00:00-04:00,13.390277281388876,13.708383039274006,13.350514061653234,13.618915557861328,3279200,0.0,0.0
2024-05-31 00:00:00-04:00,13.64873834984769,13.817732278336365,13.420100063086533,13.559271812438965,3611000,0.0,0.0
2024-06-03 00:00:00-04:00,13.320691108703613,13.708383217179998,13.280927888451929,13.320691108703613,2132600,0.0,0.0
2024-06-04 00:00:00-04:00,13.231225682194975,13.370396490715608,13.042349659159784,13.18152141571045,1514100,0.0,0.0
2024-06-05 00:00:00-04:00,13.221284639292064,13.439982843005955,13.106965489998677,13.18152141571045,1648400,0.0,0.0
2024-06-06 00:00:00-04:00,13.270988464355469,13.459863533078243,13.1218756698617,13.270988464355469,1555000,0.0,0.0
2024-06-07 00:00:00-04:00,13.042349804592298,13.136787817162952,12.813711503456028,12.873355865478516,1644400,0.0,0.0
2024-06-10 00:00:00-04:00,12.803770065307617,12.997615657943532,12.644717174116096,12.803770065307617,2157400,0.0,0.0
2024-06-11 00:00:00-04:00,12.724242641994126,13.02246726407796,12.724242641994126,12.962821960449219,1165300,0.0,0.0
2024-06-12 00:00:00-04:00,13.43004080276255,13.599034727442104,13.012526512145996,13.012526512145996,1310500,0.0,0.0
2024-06-13 00:00:00-04:00,13.042349229076889,13.171579938463147,12.535367434106956,12.773947715759277,1624100,0.0,0.0
2024-06-14 00:00:00-04:00,12.614893366270643,12.863413732373948,12.37631404233866,12.684479713439941,1905100,0.0,0.0
2024-06-17 00:00:00-04:00,12.664598046703759,12.80376979760149,12.301758527755737,12.426018714904785,1499000,0.0,0.0
2024-06-18 00:00:00-04:00,12.416076571839664,12.445899696693495,12.048266564244907,12.237142562866211,2458700,0.0,0.0
2024-06-20 00:00:00-04:00,12.17749826295031,12.515486121525157,12.17749826295031,12.24708366394043,1331300,0.0,0.0
2024-06-21 00:00:00-04:00,12.257024209216485,12.694420578347312,12.222231510132659,12.654656410217285,3451500,0.0,0.0
2024-06-24 00:00:00-04:00,12.734183339367705,12.9926437866855,12.60495264169385,12.903176307678223,2229400,0.0,0.0
2024-06-25 00:00:00-04:00,12.933000486943783,13.320691663538367,12.789852698469323,13.251106262207031,3338600,0.0,0.0
2024-06-26 00:00:00-04:00,13.16163871766889,13.355485253138438,13.082112274204968,13.241165161132812,2721300,0.0,0.0
2024-06-27 00:00:00-04:00,13.350515644084634,13.579153947657495,13.280929290276765,13.400218963623047,1942200,0.0,0.0
2024-06-28 00:00:00-04:00,13.559389354355043,13.629026412963867,13.3504772297948,13.629026412963867,2490500,0.01,0.0
2024-07-01 00:00:00-04:00,13.619078816493422,13.688716828058688,13.061980416374261,13.191307067871094,1747300,0.0,0.0
2024-07-02 00:00:00-04:00,13.250997046980949,13.250997046980949,13.061981736450194,13.14156723022461,1027100,0.0,0.0
2024-07-03 00:00:00-04:00,13.201255994389081,13.449960883970785,13.141566403446573,13.300737380981445,603500,0.0,0.0
2024-07-05 00:00:00-04:00,13.320634481345897,13.320634481345897,13.012239994945668,13.091825485229492,797100,0.0,0.0
2024-07-08 00:00:00-04:00,13.171410393413572,13.211203136796877,12.912757087055176,13.042083740234375,2612700,0.0,0.0
2024-07-09 00:00:00-04:00,13.081875840266644,13.360425978984848,13.066954155190384,13.330580711364746,2394200,0.0,0.0
2024-07-10 00:00:00-04:00,13.36042594909668,13.390270267916227,13.01223875084474,13.36042594909668,1638500,0.0,0.0
2024-07-11 00:00:00-04:00,13.668819222113534,13.87773134772373,13.49969983715605,13.569337844848633,1847600,0.0,0.0
2024-07-12 00:00:00-04:00,13.569338718027527,13.997110470387627,13.569338718027527,13.907576560974121,1644200,0.0,0.0
2024-07-15 00:00:00-04:00,14.076695273112193,14.225918764464893,13.827990402924813,13.947369575500488,1619000,0.0,0.0
2024-07-16 00:00:00-04:00,14.146334258379595,14.524365801006768,14.03690350075387,14.474624633789062,2183400,0.0,0.0
2024-07-17 00:00:00-04:00,14.395039357997062,14.743225636187498,14.24581585414356,14.295557022094727,1855300,0.0,0.0
2024-07-18 00:00:00-04:00,14.215970963830499,14.633795239921476,13.932447551211729,13.967266082763672,3063000,0.0,0.0
2024-07-19 00:00:00-04:00,14.02695570791895,14.02695570791895,13.713587025673819,13.937421798706055,1039400,0.0,0.0
2024-07-22 00:00:00-04:00,14.076694588328136,14.156280067017827,13.837938152259062,13.987161636352539,1047000,0.0,0.0
2024-07-23 00:00:00-04:00,13.857837496014918,14.265713385056847,13.818044749492142,14.255764961242676,1055500,0.0,0.0
2024-07-24 00:00:00-04:00,14.116488880510754,14.335349445349312,13.758354187011719,13.758354187011719,1359000,0.0,0.0
2024-07-25 00:00:00-04:00,13.917524337768555,14.255763113744518,13.748404949780575,13.917524337768555,1230700,0.0,0.0
2024-07-26 00:00:00-04:00,14.13638550683578,14.245815313185863,13.89265483673752,14.215970993041992,775600,0.0,0.0
2024-07-29 00:00:00-04:00,14.265711988862423,14.305504731490656,14.056799852880737,14.086644172668457,839000,0.0,0.0
2024-07-30 00:00:00-04:00,14.136385064506008,14.255763290079965,13.96726567442612,14.04685115814209,843300,0.0,0.0
2024-07-31 00:00:00-04:00,14.255763602257746,14.40001288761039,13.902603129126216,14.05679988861084,1696800,0.0,0.0
2024-08-01 00:00:00-04:00,14.09659298301662,14.176178470460851,13.609131635237247,13.758354187011719,1373700,0.0,0.0
2024-08-02 00:00:00-04:00,13.390270745831877,13.499700551231763,13.131617443540703,13.221151351928711,1916100,0.0,0.0
2024-08-05 00:00:00-04:00,12.634208153929626,12.922705786820126,12.186539544097313,12.276073455810547,2552100,0.0,0.0
2024-08-06 00:00:00-04:00,12.286021097398422,12.614311453638066,12.136797604458893,12.405399322509766,1412900,0.0,0.0
2024-08-07 00:00:00-04:00,12.534725895676553,12.763533921928943,12.14674595482196,12.186538696289062,2584400,0.0,0.0
2024-08-08 00:00:00-04:00,12.98239616453814,13.181359897776664,12.206437130540934,12.95255184173584,2741900,0.0,0.0
2024-08-09 00:00:00-04:00,13.022186832257223,13.022186832257223,12.435243201355824,12.5148286819458,2847200,0.0,0.0
2024-08-12 00:00:00-04:00,12.47503704573032,12.499907154840606,12.077109607562624,12.116902351379395,1594600,0.0,0.0
2024-08-13 00:00:00-04:00,12.236280032607734,12.40539942340777,12.077109064498009,12.315865516662598,1823900,0.0,0.0
2024-08-14 00:00:00-04:00,12.325814108047886,12.435243912937564,12.15669471493323,12.166642189025879,2007900,0.0,0.0
2024-08-15 00:00:00-04:00,12.455141773903316,12.554623164076006,12.022394833013731,12.136798858642578,1994600,0.0,0.0
2024-08-16 00:00:00-04:00,12.087057224568253,12.27607347147829,11.938829892497365,11.99752426147461,1884600,0.0,0.0
2024-08-19 00:00:00-04:00,12.266125519727582,12.266125519727582,12.02736904483245,12.136798858642578,1950500,0.0,0.0
2024-08-20 00:00:00-04:00,12.087055919185925,12.226330983513217,11.957730225773005,12.01741886138916,1666500,0.0,0.0
2024-08-21 00:00:00-04:00,12.087055454702666,12.165646658682121,11.917936079066244,12.156693458557129,1928900,0.0,0.0
2024-08-22 00:00:00-04:00,12.146745191671855,12.23627909153109,11.89804033594453,12.00747013092041,1348000,0.0,0.0
2024-08-23 00:00:00-04:00,12.0870567016054,12.81327543932577,12.05721238186544,12.72374153137207,2340200,0.0,0.0
2024-08-26 00:00:00-04:00,12.833171955852281,12.86301722576705,12.624259810118227,12.74363899230957,1271200,0.0,0.0
2024-08-27 00:00:00-04:00,12.594414537618718,12.614311382725656,12.23627986429797,12.465087890625,1700000,0.0,0.0
2024-08-28 00:00:00-04:00,12.365606307983398,12.504880426506926,12.295968299987857,12.365606307983398,1112900,0.0,0.0
2024-08-29 00:00:00-04:00,12.484984805917328,12.624258927513663,12.295968571274019,12.405399322509766,1279200,0.0,0.0
2024-08-30 00:00:00-04:00,12.42529582977295,12.514829740191038,12.36063297710091,12.42529582977295,2207700,0.0,0.0
2024-09-03 00:00:00-04:00,12.256175622720164,12.465087750322612,12.116901503474388,12.305916786193848,1803600,0.0,0.0
2024-09-04 00:00:00-04:00,12.236281274795594,12.45514185253139,11.942809416775793,12.077110290527344,1761500,0.0,0.0
2024-09-05 00:00:00-04:00,12.136796836758728,12.25617505431893,11.92291050785488,11.947781562805176,2033800,0.0,0.0
2024-09-06 00:00:00-04:00,11.917936507069125,12.017418831157464,11.276278457773987,11.460320472717285,2803100,0.0,0.0
2024-09-09 00:00:00-04:00,11.470269961973864,11.599596626523628,11.01265289846467,11.12208366394043,2256000,0.0,0.0
2024-09-10 00:00:00-04:00,11.141979264512303,12.156695705917453,11.082290620155469,12.136798858642578,5202800,0.0,0.0
2024-09-11 00:00:00-04:00,11.97762714318061,13.10177332967625,11.808507746618108,13.042083740234375,4828700,0.0,0.0
2024-09-12 00:00:00-04:00,13.191306993046545,13.907576360565459,13.166435935937946,13.80809497833252,6529000,0.0,0.0
2024-09-13 00:00:00-04:00,14.017007483870131,14.390064811728703,13.748405752419714,14.036903381347656,3312800,0.0,0.0
2024-09-16 00:00:00-04:00,14.046851396031895,14.559183786272115,13.907576322803358,14.395038604736328,3109100,0.0,0.0
2024-09-17 00:00:00-04:00,14.554211026916727,14.554211026916727,13.862811700669972,14.007060050964355,2562200,0.0,0.0
2024-09-18 00:00:00-04:00,14.056798755189122,14.404984988812949,13.78819705187321,13.927472114562988,1644600,0.0,0.0
2024-09-19 00:00:00-04:00,14.275661034335545,14.454727909605689,13.897629488512573,14.106541633605957,2342900,0.0,0.0
2024-09-20 00:00:00-04:00,13.987163944257988,14.554210810669158,13.897630028775405,14.434832572937012,5267100,0.0,0.0
2024-09-23 00:00:00-04:00,14.424882653001355,14.832758493461228,14.24581484061066,14.633794784545898,3145900,0.0,0.0
2024-09-24 00:00:00-04:00,14.713380748700411,14.802914657820237,14.424883124166435,14.49452018737793,2629200,0.0,0.0
2024-09-25 00:00:00-04:00,14.444778896563555,14.613897330546617,13.987161910753404,14.026954650878906,2177700,0.0,0.0
2024-09-26 00:00:00-04:00,14.275661034335545,14.414935165241895,14.017007721603955,14.106541633605957,1760700,0.0,0.0
2024-09-27 00:00:00-04:00,14.285608260054502,14.633795478723496,14.206022772713105,14.31545352935791,1976500,0.0,0.0
2024-09-30 00:00:00-04:00,14.186036294697915,14.375183027560714,14.00684395348526,14.066575050354004,10770900,0.01,0.0
2024-10-01 00:00:00-04:00,14.335361128644854,14.335361128644854,13.628548127407615,13.698234558105469,1960500,0.0,0.0
2024-10-02 00:00:00-04:00,13.658415583540457,14.6340162219537,13.658415583540457,14.514554977416992,5767900,0.0,0.0
2024-10-03 00:00:00-04:00,14.34531728955451,14.78334278125939,14.176080297222196,14.554374694824219,4731600,0.0,0.0
2024-10-04 00:00:00-04:00,14.67383678660888,15.101906962614233,14.494645392671188,14.98244571685791,3577700,0.0,0.0
2024-10-07 00:00:00-04:00,14.952580699312271,15.19648086232797,14.683792183298893,14.843073844909668,3405800,0.0,0.0
2024-10-08 00:00:00-04:00,14.84307333079347,14.942624840548856,14.514554677751672,14.763432502746582,3521200,0.0,0.0
2024-10-09 00:00:00-04:00,14.713657446149288,14.882894451128957,14.544420441169617,14.872939109802246,2361300,0.0,0.0
2024-10-10 00:00:00-04:00,14.683792183298893,14.872938919113292,14.594196011294434,14.843073844909668,1260700,0.0,0.0
2024-10-11 00:00:00-04:00,14.843074602975346,15.291054536483287,14.768411438956294,15.261189460754395,2442300,0.0,0.0
2024-10-14 00:00:00-04:00,15.28109824929328,15.430424558814723,15.032220433828526,15.410513877868652,1790300,0.0,0.0
2024-10-15 00:00:00-04:00,15.350783541324986,15.729077930014977,15.281098057674608,15.380648612976074,1449600,0.0,0.0
2024-10-16 00:00:00-04:00,15.520020550751559,15.709167270656723,15.286074799218644,15.529975891113281,1894500,0.0,0.0
2024-10-17 00:00:00-04:00,15.529977735844607,15.898316828439953,15.410515536100624,15.818675994873047,2319800,0.0,0.0
2024-10-18 00:00:00-04:00,15.908268891721171,16.396069163256016,15.810709217171595,16.04764175415039,1798600,0.0,0.0
2024-10-21 00:00:00-04:00,16.027732849121094,16.236789317738424,15.838585164095521,16.027732849121094,1764200,0.0,0.0
2024-10-22 00:00:00-04:00,15.958045592155525,16.107371895884643,15.778853268165792,16.04764175415039,1375500,0.0,0.0
2024-10-23 00:00:00-04:00,16.037688305430002,16.248736603315017,15.520021952584798,15.74898910522461,1591800,0.0,0.0
2024-10-24 00:00:00-04:00,15.739034137979765,16.79427653822156,15.739034137979765,16.545398712158203,2125600,0.0,0.0
2024-10-25 00:00:00-04:00,16.575264358186875,17.068043334511092,16.565309016375675,16.78432273864746,2906600,0.0,0.0
2024-10-28 00:00:00-04:00,16.98342388026053,17.252212412828726,16.465759397535894,16.485668182373047,3310800,0.0,0.0
2024-10-29 00:00:00-04:00,16.465757347992337,16.585217637294853,16.152170765695864,16.316429138183594,1235600,0.0,0.0
2024-10-30 00:00:00-04:00,16.33634005029019,16.714635402266254,16.047642764738328,16.05759620666504,1874100,0.0,0.0
2024-10-31 00:00:00-04:00,16.057596234632147,16.12230499999101,15.584728942625574,15.619571685791016,2753200,0.0,0.0
2024-11-01 00:00:00-04:00,13.519042821898548,13.688279811887917,12.56335197523827,13.34980583190918,10255100,0.0,0.0
2024-11-04 00:00:00-05:00,13.349807153530765,13.439403327617862,12.443891970016539,12.513577461242676,4577300,0.0,0.0
2024-11-05 00:00:00-05:00,12.453846557472444,12.598195201900873,12.19501339231178,12.543442726135254,3355100,0.0,0.0
2024-11-06 00:00:00-05:00,12.682814727193536,13.170615074533218,12.513577716991012,12.702725410461426,3960900,0.0,0.0
2024-11-07 00:00:00-05:00,12.672859065259562,12.862006753949364,12.463802592592323,12.503623008728027,1846500,0.0,0.0
2024-11-08 00:00:00-05:00,12.553397551268782,12.633038381855284,12.145238057164564,12.314475059509277,2675000,0.0,0.0
2024-11-11 00:00:00-05:00,12.254744979525151,12.493667472615456,12.090485646851368,12.473756790161133,2931100,0.0,0.0
2024-11-12 00:00:00-05:00,12.443891136999843,12.553397037223764,12.11537248693453,12.384160041809082,1915500,0.0,0.0
2024-11-13 00:00:00-05:00,12.384160557610532,12.737567574305409,12.224878896325807,12.463802337646484,1737400,0.0,0.0
2024-11-14 00:00:00-05:00,12.463802463185765,12.72263469068369,12.394116023626601,12.483712196350098,2121800,0.0,0.0
2024-11-15 00:00:00-05:00,12.563353095130571,12.682814342937643,12.214924693041675,12.642993927001953,2692400,0.0,0.0
2024-11-18 00:00:00-05:00,12.623084191657199,12.891871761830556,12.473756919877685,12.493667602539062,2643700,0.0,0.0
2024-11-19 00:00:00-05:00,12.414026379658416,12.523532282665913,12.105417453883003,12.2846097946167,4067100,0.0,0.0
2024-11-20 00:00:00-05:00,12.185057251738636,12.364249577303276,11.67734629556782,11.687301635742188,3668000,0.0,0.0
2024-11-21 00:00:00-05:00,11.727123520216905,11.92622560174815,11.557886513566942,11.916271209716797,7976500,0.0,0.0
2024-11-22 00:00:00-05:00,11.946136659906124,12.493668113363883,11.856540483053845,12.27465534210205,2737400,0.0,0.0
2024-11-25 00:00:00-05:00,12.662904615935693,12.901827111668124,12.299542252274817,12.79232120513916,3980200,0.0,0.0
2024-11-26 00:00:00-05:00,12.623082615099573,12.921735222571227,12.493666042144897,12.692768096923828,1816200,0.0,0.0
2024-11-27 00:00:00-05:00,12.762454624678346,13.2502558856057,12.69276913714311,13.001378059387207,2555900,0.0,0.0
2024-11-29 00:00:00-05:00,13.110885178146793,13.349807685639838,13.036222013229422,13.041199684143066,1121300,0.0,0.0
2024-12-02 00:00:00-05:00,13.150704829880485,13.444380750919928,13.001378508745741,13.220390319824219,2056300,0.0,0.0
2024-12-03 00:00:00-05:00,13.170614559627944,13.339851563214145,12.941647407360492,13.071063995361328,1497400,0.0,0.0
2024-12-04 00:00:00-05:00,13.07106341544972,13.240300411527542,12.932687406225254,12.981467247009277,2698200,0.0,0.0
2024-12-05 00:00:00-05:00,12.981468583671747,13.09097449560025,12.772411152249225,12.89187240600586,1616100,0.0,0.0
2024-12-06 00:00:00-05:00,13.041198976043933,13.150704882017315,12.727612371266705,12.782365798950195,1250400,0.0,0.0
2024-12-09 00:00:00-05:00,12.762454722673056,13.110884061811735,12.563352650048197,12.573307991027832,1381100,0.0,0.0
2024-12-10 00:00:00-05:00,12.543443037228135,12.583263452133252,12.28460986564809,12.443891525268555,1583200,0.0,0.0
2024-12-11 00:00:00-05:00,12.43393619003614,12.6230838729695,12.175103018334479,12.593217849731445,1690100,0.0,0.0
2024-12-12 00:00:00-05:00,12.4936674030257,12.623083990077163,12.214924495972944,12.314475059509277,1342900,0.0,0.0
2024-12-13 00:00:00-05:00,12.274653871839792,12.372214500275138,12.100439209871592,12.195013046264648,1112300,0.0,0.0
2024-12-16 00:00:00-05:00,12.185058331309081,12.24478942825384,11.871472683181429,11.995911598205566,2128600,0.0,0.0
2024-12-17 00:00:00-05:00,11.946135389915888,12.080529640906892,11.796809077299356,11.926224708557129,2643500,0.0,0.0
2024-12-18 00:00:00-05:00,11.9262243816703,11.99093314491912,11.179590940265093,11.289097785949707,2351200,0.0,0.0
2024-12-19 00:00:00-05:00,11.398603463411801,11.458334555310655,10.940668256832252,11.109905242919922,2518300,0.0,0.0
2024-12-20 00:00:00-05:00,11.020310276412081,11.587752388189818,10.965557798069106,11.00040054321289,4977600,0.0,0.0
2024-12-23 00:00:00-05:00,10.960579405140207,11.060129963363174,10.557396653747547,10.74156665802002,2615300,0.0,0.0
2024-12-24 00:00:00-05:00,10.73161113959032,10.88093839854119,10.547442087762493,10.861027717590332,1478800,0.0,0.0
2024-12-26 00:00:00-05:00,10.771431167445417,10.875960339917592,10.563369685663947,10.801297187805176,1417700,0.0,0.0
2024-12-27 00:00:00-05:00,10.691790453093025,10.831162367996905,10.542464147362331,10.671880722045898,2087100,0.0,0.0
2024-12-30 00:00:00-05:00,10.661925561889403,11.21941228152653,10.502643913248368,11.1397705078125,2412100,0.0,0.0
2024-12-31 00:00:00-05:00,11.169664484142627,11.508441256313967,11.134790572344311,11.239412307739258,1906000,0.01,0.0
2025-01-02 00:00:00-05:00,11.319123536506858,11.458620123576926,11.04013131260948,11.050095558166504,1566500,0.0,0.0
2025-01-03 00:00:00-05:00,11.149735660731144,11.45862063508818,10.9853294026722,11.28923225402832,2213100,0.0,0.0
2025-01-06 00:00:00-05:00,11.458619407591652,11.637972015440315,11.279266799742988,11.299195289611816,1861800,0.0,0.0
2025-01-07 00:00:00-05:00,11.319123769363307,11.428728572259844,10.830887129938224,10.930527687072754,1998800,0.0,0.0
2025-01-08 00:00:00-05:00,10.80099523510388,10.900634841001255,10.57182233607866,10.86077880859375,1935300,0.0,0.0
2025-01-10 00:00:00-05:00,10.751174784520122,10.840851093558749,10.462218316641636,10.571822166442871,1728800,0.0,0.0
2025-01-13 00:00:00-05:00,10.51203923292631,10.641571581607023,10.213118501374117,10.362578392028809,5128900,0.0,0.0
2025-01-14 00:00:00-05:00,10.452253565398863,10.691389744435915,10.312757936081937,10.591750144958496,2571600,0.0,0.0
2025-01-15 00:00:00-05:00,10.910599024581025,10.990311088942459,10.601715012741158,10.641571044921875,2094200,0.0,0.0
2025-01-16 00:00:00-05:00,10.681427476197534,11.194573790916838,10.556877252198822,11.179628372192383,1878800,0.0,0.0
2025-01-17 00:00:00-05:00,11.319124377633358,11.368944658877878,10.985329728610752,11.239412307739258,1531500,0.0,0.0
2025-01-21 00:00:00-05:00,11.458621345135874,11.817325671244003,11.269305410583964,11.777469635009766,2079700,0.0,0.0
2025-01-22 00:00:00-05:00,11.76750609043018,11.877109950201824,11.408800821645094,11.4187650680542,1652400,0.0,0.0
2025-01-23 00:00:00-05:00,11.339052665542878,11.488512556335653,11.209520316742495,11.468585014343262,2094000,0.0,0.0
2025-01-24 00:00:00-05:00,11.508440639091026,11.588152704709993,11.368944049136445,11.558260917663574,1203900,0.0,0.0
2025-01-27 00:00:00-05:00,11.32908736812223,11.368943398651313,10.561858542876719,10.880706787109375,5042300,0.0,0.0
2025-01-28 00:00:00-05:00,11.010239511243963,11.070023084019487,10.312758477325383,10.422362327575684,4053900,0.0,0.0
2025-01-29 00:00:00-05:00,10.422362071534776,10.60769266297439,10.203153426176609,10.432326316833496,2192900,0.0,0.0
2025-01-30 00:00:00-05:00,10.581785722853047,10.915580323513934,10.536947571253622,10.820921897888184,2178300,0.0,0.0
2025-01-31 00:00:00-05:00,10.810959588656985,11.030167293964507,10.751175064327713,10.930527687072754,2078900,0.0,0.0
2025-02-03 00:00:00-05:00,10.581787265276544,10.80099593279908,10.333683613805952,10.5020751953125,2478500,0.0,0.0
2025-02-04 00:00:00-05:00,10.561858832496432,10.731247204450558,10.412398001231924,10.721282958984375,1335600,0.0,0.0
2025-02-05 00:00:00-05:00,10.751175139131144,10.940491058712619,10.522003186467106,10.890671730041504,2048000,0.0,0.0
2025-02-06 00:00:00-05:00,11.000275137681403,11.060059660003924,10.711318671981836,10.870742797851562,1410300,0.0,0.0
2025-02-07 00:00:00-05:00,10.870742840006134,10.920563117094304,10.611678159341853,10.721282958984375,1180900,0.0,0.0
2025-02-10 00:00:00-05:00,10.840851170487374,10.88668517973655,10.472182636456804,10.531966209411621,1566300,0.0,0.0
2025-02-11 00:00:00-05:00,10.502074573688464,10.65153445846372,10.392470721536128,10.452254295349121,2172600,0.0,0.0
2025-02-12 00:00:00-05:00,10.21311832376241,10.392470949623249,10.143370502702215,10.332686424255371,1689100,0.0,0.0
2025-02-13 00:00:00-05:00,10.442290062738254,10.452254308467182,10.17824420262106,10.19318962097168,1344700,0.0,0.0
2025-02-14 00:00:00-05:00,10.33268655225531,10.452254654229465,10.108496717394823,10.143370628356934,1415600,0.0,0.0
2025-02-18 00:00:00-05:00,10.12344201083199,10.332686424255371,10.00387391033903,10.332686424255371,2550400,0.0,0.0
2025-02-19 00:00:00-05:00,10.302794398268858,10.781066789172677,10.083585743983221,10.711318969726562,4041500,0.0,0.0
2025-02-20 00:00:00-05:00,10.492110154460335,12.584554208167072,9.998891402567196,12.19595718383789,7446100,0.0,0.0
2025-02-21 00:00:00-05:00,12.47495051212921,12.541708867616869,11.787432764446235,12.11624526977539,5132300,0.0,0.0
2025-02-24 00:00:00-05:00,12.235814363360598,12.390257333167487,11.777469477668706,11.857181549072266,3219600,0.0,0.0
2025-02-25 00:00:00-05:00,11.907000284037647,12.106280436651634,11.249375305290133,11.398835182189941,3315500,0.0,0.0
2025-02-26 00:00:00-05:00,11.438691588016539,11.493493988124476,11.00525736064047,11.199555397033691,2564300,0.0,0.0
2025-02-27 00:00:00-05:00,11.259339105737915,11.53833130837731,11.07998650034839,11.119842529296875,1573100,0.0,0.0
2025-02-28 00:00:00-05:00,11.020204189037443,11.458620557477584,11.020204189037443,11.32908821105957,2530800,0.0,0.0
2025-03-03 00:00:00-05:00,11.309160273050566,11.667864561929097,11.0999158669774,11.159699440002441,3073200,0.0,0.0
2025-03-04 00:00:00-05:00,10.980347856059028,11.010239642803963,10.611678368486162,10.86077880859375,2761200,0.0,0.0
2025-03-05 00:00:00-05:00,10.86077796061469,11.030166322681906,10.641570274609927,10.671462059020996,1965400,0.0,0.0
2025-03-06 00:00:00-05:00,10.462218070034584,10.661498224177173,9.690007116391028,9.804593086242676,3823600,0.0,0.0
2025-03-07 00:00:00-05:00,9.894269135078257,10.008855101940961,9.450869734653875,9.814557075500488,4521500,0.0,0.0
2025-03-10 00:00:00-04:00,9.635204175978767,9.814556779745429,9.022417380099574,9.047327041625977,4931800,0.0,0.0
2025-03-11 00:00:00-04:00,8.967615780853135,9.301410406261267,8.917795503133176,9.127039909362793,3348000,0.0,0.0
2025-03-12 00:00:00-04:00,9.276500516505855,9.49570821274438,9.246607780456543,9.246607780456543,2187000,0.0,0.0
2025-03-13 00:00:00-04:00,9.246608632717757,9.316357406352168,9.057292704836529,9.176860809326172,1978200,0.0,0.0
2025-03-14 00:00:00-04:00,9.366176304821376,9.699970937453182,9.266536697467913,9.525601387023926,2245500,0.0,0.0
2025-03-17 00:00:00-04:00,9.535564862804367,9.65513296403394,9.415996761574794,9.555493354797363,1867200,0.0,0.0
2025-03-18 00:00:00-04:00,9.46581674233461,9.714917182922363,9.276500825594736,9.714917182922363,2294100,0.0,0.0
2025-03-19 00:00:00-04:00,9.714917801547191,9.889288311110706,9.585385450164088,9.764738082885742,1702900,0.0,0.0
2025-03-20 00:00:00-04:00,9.595349358030946,9.83448555972973,9.376140698018997,9.44588851928711,2133300,0.0,0.0
2025-03-21 00:00:00-04:00,9.276499887644784,9.435924001462679,9.161912974375834,9.196786880493164,4945700,0.0,0.0
2025-03-24 00:00:00-04:00,9.316356944499951,9.455852584367717,9.236644878791862,9.415996551513672,2727700,0.0,0.0
2025-03-25 00:00:00-04:00,9.346248855766103,9.465816955916972,9.21671650970863,9.226680755615234,1325200,0.0,0.0
2025-03-26 00:00:00-04:00,9.166896182745882,9.545528973042613,9.166896182745882,9.376140594482422,2645000,0.0,0.0
2025-03-27 00:00:00-04:00,9.346249090837846,9.450870824760198,9.087184392207046,9.107112884521484,2074700,0.0,0.0
2025-03-28 00:00:00-04:00,9.087184681284072,9.166896752591953,8.743425779867055,8.83808422088623,2564500,0.0,0.0
2025-03-31 00:00:00-04:00,8.608652891274842,8.838083505180798,8.608652891274842,8.798182487487793,1657700,0.01,0.0
2025-04-01 00:00:00-04:00,8.828108787536621,8.987712855113937,8.668503768644023,8.828108787536621,1988100,0.0,0.0
2025-04-02 00:00:00-04:00,8.658529124221367,9.242082083884954,8.638578140355474,9.167266845703125,2259000,0.0,0.0
2025-04-03 00:00:00-04:00,8.668503421902905,8.777233997768182,8.06998819242865,8.079963684082031,5623500,0.0,0.0
2025-04-04 00:00:00-04:00,7.740805344637043,7.820607383133067,6.882932479489446,7.072462558746338,7516900,0.0,0.0
2025-04-07 00:00:00-04:00,6.623575431654785,7.411621281587526,6.424070333820296,7.142289161682129,4621900,0.0,0.0
2025-04-08 00:00:00-04:00,7.53132403603316,7.651027082337902,6.57369871427998,6.78317928314209,4483400,0.0,0.0
2025-04-09 00:00:00-04:00,6.66347597891754,8.119864992511811,6.3941438781022795,7.950284957885742,6422000,0.0,0.0
2025-04-10 00:00:00-04:00,7.730829215936326,7.820606739686673,7.072461976854125,7.331818580627441,2895300,0.0,0.0
2025-04-11 00:00:00-04:00,7.2420422287319015,7.651027919520157,7.182190223372848,7.611126899719238,3987200,0.0,0.0
2025-04-14 00:00:00-04:00,7.8006564314939775,7.8006564314939775,7.381695277472127,7.621101379394531,2073300,0.0,0.0
2025-04-15 00:00:00-04:00,7.651027264695432,7.9004088549363125,7.541299231805307,7.720853805541992,2246700,0.0,0.0
2025-04-16 00:00:00-04:00,7.670978069730875,7.940310178587017,7.616114288991576,7.75078010559082,2102600,0.0,0.0
2025-04-17 00:00:00-04:00,7.860508085055395,8.01113459311609,7.805643829060975,7.9203596115112305,1418800,0.0,0.0
2025-04-21 00:00:00-04:00,7.810631396513597,7.9004089219725335,7.72085387105466,7.870482921600342,1608500,0.0,0.0
2025-04-22 00:00:00-04:00,8.069989083237928,8.174728903214456,7.790681469660826,8.08993911743164,1827400,0.0,0.0
2025-04-23 00:00:00-04:00,8.419121531681865,8.608652060928987,8.080960368002264,8.129838943481445,2435200,0.0,0.0
2025-04-24 00:00:00-04:00,8.159766779088715,8.508900470663031,8.150788264640312,8.37922191619873,2060300,0.0,0.0
2025-04-25 00:00:00-04:00,8.35927134745309,8.568751929538161,8.28944480386317,8.468998908996582,1691300,0.0,0.0
2025-04-28 00:00:00-04:00,8.508899743271131,8.748306797139854,8.219617131523576,8.339320182800293,1988800,0.0,0.0
2025-04-29 00:00:00-04:00,8.309394657809936,8.488949710382656,8.229592623625457,8.339320182800293,2161300,0.0,0.0
2025-04-30 00:00:00-04:00,8.139815793179423,8.408150465241059,8.064003568828698,8.37922191619873,2340600,0.0,0.0
2025-05-01 00:00:00-04:00,8.628602451646639,9.107415589040732,8.204654518632548,8.718379974365234,4909200,0.0,0.0
2025-05-02 00:00:00-04:00,8.887960597663673,9.227119745941156,8.77823302964493,9.17724323272705,2289100,0.0,0.0
2025-05-05 00:00:00-04:00,9.087465347917915,9.296945934267146,8.90791123912952,8.917885780334473,1380300,0.0,0.0
2025-05-06 00:00:00-04:00,8.778232633569079,8.877984704181092,8.748307107517007,8.768257141113281,2141800,0.0,0.0
2025-05-07 00:00:00-04:00,8.78820848629248,8.88796056099377,8.57374014627743,8.708405494689941,1773400,0.0,0.0
2025-05-08 00:00:00-04:00,8.868009980090477,8.897935505525174,8.638578414916992,8.638578414916992,1885400,0.0,0.0
2025-05-09 00:00:00-04:00,8.738332645775024,8.798183704938788,8.588703095234749,8.598678588867188,1581100,0.0,0.0
2025-05-12 00:00:00-04:00,9.187217523062174,9.296945076718009,8.977736956035404,9.057538986206055,2866900,0.0,0.0
2025-05-13 00:00:00-04:00,9.077490745117613,9.177242815697557,8.952799943406191,9.087465286254883,2112900,0.0,0.0
2025-05-14 00:00:00-04:00,9.077491200282909,9.60617995968066,9.077491200282909,9.48647689819336,3147000,0.0,0.0
2025-05-15 00:00:00-04:00,9.416648913196253,11.940391421171963,9.391711133415773,11.800737380981445,16982400,0.0,0.0
2025-05-16 00:00:00-04:00,11.531405051584482,12.134908038116519,11.421676543985738,11.920439720153809,7278100,0.0,0.0
2025-05-19 00:00:00-04:00,11.780786863336871,11.79076140405001,11.291998218412493,11.561330795288086,5200900,0.0,0.0
2025-05-20 00:00:00-04:00,11.361826001927142,11.531405565486898,11.102468910445713,11.351850509643555,3691600,0.0,0.0
2025-05-21 00:00:00-04:00,11.082518465209315,11.311950042320575,10.873037873636143,10.942865371704102,2750000,0.0,0.0
2025-05-22 00:00:00-04:00,10.773284499881356,10.952838591480635,10.63363047191282,10.843111038208008,2412300,0.0,0.0
2025-05-23 00:00:00-04:00,10.653582448362599,11.257085474604343,10.653582448362599,11.152345657348633,3415100,0.0,0.0
2025-05-27 00:00:00-04:00,11.361826476495056,11.561331573923322,10.972790823023429,11.431653022766113,3054600,0.0,0.0
2025-05-28 00:00:00-04:00,11.471553561773742,11.486516800197393,11.002715888967748,11.192246437072754,1963000,0.0,0.0
2025-05-29 00:00:00-04:00,11.252097244851141,11.35683800892144,10.9827656182559,11.072543144226074,1375300,0.0,0.0
2025-05-30 00:00:00-04:00,10.972790362129784,11.147357671790363,10.912938359757614,11.032642364501953,2154200,0.0,0.0
2025-06-02 00:00:00-04:00,11.00271636044637,11.232147936197201,10.92291432139791,11.112444877624512,2421200,0.0,0.0
2025-06-03 00:00:00-04:00,11.262072365595072,11.262072365595072,10.95383671062849,10.972789764404297,2441100,0.0,0.0
2025-06-04 00:00:00-04:00,11.052592277526855,11.14236980445092,10.96281475060279,11.052592277526855,2655900,0.0,0.0
2025-06-05 00:00:00-04:00,11.072542587633802,11.152344617525756,10.828147800860053,10.843111038208008,1747000,0.0,0.0
2025-06-06 00:00:00-04:00,10.96281486612696,11.136384245974371,10.663556756998313,10.873037338256836,2368300,0.0,0.0
2025-06-09 00:00:00-04:00,10.97278950175411,11.027653753683754,10.663555924489613,10.693482398986816,1793900,0.0,0.0
2025-06-10 00:00:00-04:00,10.823162142080417,10.942865199478936,10.434126492048723,10.653582572937012,3195200,0.0,0.0
2025-06-11 00:00:00-04:00,10.773284964857245,10.85308699819346,10.493977848180487,10.603705406188965,2155000,0.0,0.0
2025-06-12 00:00:00-04:00,10.503951922937599,10.719418164440174,10.38923662401962,10.683506965637207,1480500,0.0,0.0
2025-06-13 00:00:00-04:00,10.444101206286792,10.583754287186052,10.259558411978855,10.304447174072266,1824500,0.0,0.0
2025-06-16 00:00:00-04:00,10.444101258414857,10.613680815766298,10.099954397752782,10.134867668151855,2426200,0.0,0.0
2025-06-17 00:00:00-04:00,10.045089782248777,10.204693841941731,9.990226481301347,10.035115242004395,2256900,0.0,0.0
2025-06-18 00:00:00-04:00,9.97526407223099,10.334373236357793,9.915412069218867,10.055066108703613,2491800,0.0,0.0
2025-06-20 00:00:00-04:00,10.114917747393696,10.239608543805435,9.875510695283547,9.955312728881836,3832900,0.0,0.0
2025-06-23 00:00:00-04:00,9.94533877915057,10.229633659652547,9.685981678886705,10.174769401550293,3878300,0.0,0.0
2025-06-24 00:00:00-04:00,10.264547048739864,10.459064400482658,10.045090965161231,10.314423561096191,4518100,0.0,0.0
2025-06-25 00:00:00-04:00,10.27452278137207,10.523904397661124,10.114918699157535,10.27452278137207,2910400,0.0,0.0
2025-06-26 00:00:00-04:00,10.294472459060845,10.35432446347379,10.035116310112317,10.174769401550293,2948100,0.0,0.0
2025-06-27 00:00:00-04:00,10.224645496893082,10.344348549528142,9.965288407192807,10.244596481323242,7964200,0.0,0.0
2025-06-30 00:00:00-04:00,10.224625753308633,10.38438538191619,10.08483655439827,10.334461212158203,2793600,0.01,0.0
2025-07-01 00:00:00-04:00,10.254581799975819,10.489228644664257,10.054881304142853,10.434310913085938,3082600,0.0,0.0
2025-07-02 00:00:00-04:00,10.364415482801913,10.653980035933266,10.354430268359549,10.624025344848633,2620100,0.0,0.0
2025-07-03 00:00:00-04:00,10.73386083966882,10.769807043640208,10.474250953613037,10.584086418151855,1562600,0.0,0.0
2025-07-07 00:00:00-04:00,10.514190067993054,10.651983363345352,10.264565416173943,10.34444522857666,2254100,0.0,0.0
2025-07-08 00:00:00-04:00,10.35443017387797,10.569107521217633,10.194670553227745,10.394370079040527,1763500,0.0,0.0
2025-07-09 00:00:00-04:00,10.494220564910142,10.494220564910142,10.154730886921806,10.384385108947754,2123200,0.0,0.0
2025-07-10 00:00:00-04:00,10.484235764104051,11.033410208862765,10.3544308260889,10.833710670471191,2097700,0.0,0.0
2025-07-11 00:00:00-04:00,10.673950329014176,10.878643431769559,10.614040942262505,10.823725700378418,1942600,0.0,0.0
2025-07-14 00:00:00-04:00,10.883634647048403,10.973499675784733,10.72387501918048,10.763814926147461,1536700,0.0,0.0
2025-07-15 00:00:00-04:00,10.843694876580157,10.843694876580157,10.50420613920864,10.564115524291992,1308600,0.0,0.0
2025-07-16 00:00:00-04:00,10.683935488935274,10.903605461120605,10.559123156232193,10.903605461120605,1573700,0.0,0.0
2025-07-17 00:00:00-04:00,10.903605461120605,11.193170034902053,10.888627638388925,10.903605461120605,2291200,0.0,0.0
2025-07-18 00:00:00-04:00,10.973500177127892,11.023425301178158,10.678942992698126,10.74384593963623,1724500,0.0,0.0
2025-07-21 00:00:00-04:00,10.773800387548324,10.91359054125362,10.67395014172418,10.753830909729004,1212800,0.0,0.0
2025-07-22 00:00:00-04:00,10.68393522259027,11.023424911438154,10.678942615137506,10.953530311584473,1555900,0.0,0.0
2025-07-23 00:00:00-04:00,11.013439589469247,11.123275047877307,10.81374005451254,11.113289833068848,1324700,0.0,0.0
2025-07-24 00:00:00-04:00,11.083334846116479,11.283034375762028,11.013439296558683,11.203154563903809,1419100,0.0,0.0
2025-07-25 00:00:00-04:00,11.263064273302074,11.263064273302074,10.8936198946834,11.073349952697754,1644700,0.0,0.0
2025-07-28 00:00:00-04:00,11.083335496568742,11.283035037934143,10.858672917381089,10.9435453414917,1896000,0.0,0.0
2025-07-29 00:00:00-04:00,10.933560371398926,11.05338009890349,10.803755428541677,10.933560371398926,1526500,0.0,0.0
2025-07-30 00:00:00-04:00,10.903604777381474,11.113289521263521,10.67394960444282,10.853679656982422,2483200,0.0,0.0
2025-07-31 00:00:00-04:00,10.813740074735568,10.853679981801601,10.554130202685098,10.723875045776367,1248100,0.0,0.0
2025-08-01 00:00:00-04:00,10.554130419318886,10.643995450122654,10.324476187035938,10.404356002807617,2280500,0.0,0.0
2025-08-04 00:00:00-04:00,10.394370679484979,10.624025861617852,10.324476079473564,10.564115524291992,1550700,0.0,0.0
2025-08-05 00:00:00-04:00,10.604055292835527,10.63400998498476,10.349438028960808,10.41434097290039,1676900,0.0,0.0
2025-08-06 00:00:00-04:00,10.534160223230703,10.64399472436712,10.392373226618767,10.394370079040527,2421100,0.0,0.0
2025-08-07 00:00:00-04:00,10.179693291902883,10.7039056472823,10.059873569821374,10.254581451416016,3003100,0.0,0.0
2025-08-08 00:00:00-04:00,10.374400553470215,10.494220268390684,10.264565100611284,10.474249839782715,2037200,0.0,0.0
2025-08-11 00:00:00-04:00,10.474249984940544,10.753830275871993,10.364415482801913,10.624025344848633,2077400,0.0,0.0
2025-08-12 00:00:00-04:00,10.753830558857157,11.123274932764371,10.63400988688064,10.923574447631836,2886700,0.0,0.0
2025-08-13 00:00:00-04:00,11.03340978867853,11.52267387716592,11.003455097121183,11.472748756408691,3104700,0.0,0.0
2025-08-14 00:00:00-04:00,11.332959496234034,11.472748690864684,11.103304322959797,11.203154563903809,1242500,0.0,0.0
2025-08-15 00:00:00-04:00,11.223124285851437,11.402854342578834,11.103304565447338,11.193169593811035,1219000,0.0,0.0
2025-08-18 00:00:00-04:00,11.173199217434613,11.307996760621325,11.103304618260388,11.113289833068848,1223100,0.0,0.0
2025-08-19 00:00:00-04:00,11.203155356137245,11.253080480139715,11.083335629876837,11.0933198928833,1545100,0.0,0.0
2025-08-20 00:00:00-04:00,11.293019783981508,11.307996653810235,10.884633453252446,11.273049354553223,2986900,0.0,0.0
2025-08-21 00:00:00-04:00,11.163215063388018,11.243094878147225,10.898612581846578,10.953530311584473,1751900,0.0,0.0
2025-08-22 00:00:00-04:00,11.023424623978602,11.592568527356926,11.0034551469308,11.392868995666504,2472700,0.0,0.0
2025-08-25 00:00:00-04:00,11.37289957082771,11.477741468355545,11.288027150439351,11.312989234924316,1672300,0.0,0.0
2025-08-26 00:00:00-04:00,11.377892948678415,11.432809728712773,11.153230364129755,11.243095397949219,1593000,0.0,0.0
2025-08-27 00:00:00-04:00,11.173199248494397,11.477741635301516,11.12327507879831,11.422823905944824,1981900,0.0,0.0
2025-08-28 00:00:00-04:00,11.4827346030261,11.4827346030261,11.243095152892458,11.253080368041992,2031800,0.0,0.0
2025-08-29 00:00:00-04:00,11.283034491297393,11.462763593697533,11.203154678621223,11.392868995666504,1514600,0.0,0.0
2025-09-02 00:00:00-04:00,11.233109719044485,11.339949424130864,11.03341018115442,11.223124504089355,1757100,0.0,0.0
2025-09-03 00:00:00-04:00,11.163215336181244,11.372900093108813,11.143244905882176,11.253080368041992,1680300,0.0,0.0
2025-09-04 00:00:00-04:00,11.342944199423519,11.342944199423519,11.108297361999815,11.26306438446045,1250500,0.0,0.0
2025-09-05 00:00:00-04:00,11.253079684375814,11.40285409354936,11.088326501145456,11.203154563903809,1535500,0.0,0.0
2025-09-08 00:00:00-04:00,11.243094826508413,11.422823932769893,11.14823718982659,11.38288402557373,1736200,0.0,0.0
2025-09-09 00:00:00-04:00,11.322974033400698,11.372899152777943,11.108296686648254,11.213138580322266,1295200,0.0,0.0
2025-09-10 00:00:00-04:00,11.2830356136861,11.402855344619514,11.14324545147583,11.153230667114258,2237700,0.0,0.0
2025-09-11 00:00:00-04:00,11.163214676674269,12.291518211364746,11.143244247555025,12.291518211364746,5242300,0.0,0.0
2025-09-12 00:00:00-04:00,12.391367910006753,12.561112754163764,12.021923529265761,12.04189395904541,2034000,0.0,0.0
2025-09-15 00:00:00-04:00,12.191668150858558,12.231608057446234,11.887125767975975,12.011938095092773,1793600,0.0,0.0
2025-09-16 00:00:00-04:00,11.952029091797936,12.051878385324356,11.74733694498988,11.802253723144531,1289500,0.0,0.0
2025-09-17 00:00:00-04:00,11.981983812632947,12.061863628537765,11.662464549013675,11.762313842773438,1546100,0.0,0.0
2025-09-18 00:00:00-04:00,11.852178153186987,12.301502328396055,11.782283556580065,12.141742706298828,2262900,0.0,0.0
2025-09-19 00:00:00-04:00,12.201654085226226,12.281533903112932,11.872149598382924,12.021924018859863,2642200,0.0,0.0
2025-09-22 00:00:00-04:00,12.001953414922113,12.331457870863273,11.842192841889092,12.301502227783203,4678400,0.0,0.0
2025-09-23 00:00:00-04:00,12.271548026513592,12.820722459072083,12.181682998173159,12.281533241271973,2610600,0.0,0.0
2025-09-24 00:00:00-04:00,12.33145910304499,12.516180825950894,12.181683729406165,12.251579284667969,1870500,0.0,0.0
2025-09-25 00:00:00-04:00,12.181683549268108,12.236601280681162,11.782284463289168,11.832209587097168,1814400,0.0,0.0
2025-09-26 00:00:00-04:00,11.83220890388422,12.25157839606823,11.63250842018328,11.782283782958984,3480500,0.0,0.0
2025-09-29 00:00:00-04:00,11.882133072566976,11.981983314417446,11.67244832647497,11.782283782958984,2780600,0.0,0.0
2025-09-30 00:00:00-04:00,11.772290326028978,11.902205362048209,11.232643766514583,11.692342758178711,2511500,0.01,0.0
2025-10-01 00:00:00-04:00,11.592408203466718,11.91719530097998,11.462493173851385,11.882218360900879,2262600,0.0,0.0
2025-10-02 00:00:00-04:00,11.812264013395733,12.261970270190131,11.567424469724438,11.772290229797363,3213000,0.0,0.0
2025-10-03 00:00:00-04:00,12.192015676365921,12.331924398265356,11.902205501256534,11.972159385681152,3224600,0.0,0.0
2025-10-06 00:00:00-04:00,12.062100604337598,12.231989425783214,11.772290430056874,11.902205467224121,1768500,0.0,0.0
2025-10-07 00:00:00-04:00,11.94217931522124,12.112068137573317,11.652369139394205,11.752304077148438,1653900,0.0,0.0
2025-10-08 00:00:00-04:00,11.822258126968977,12.002140636220476,11.68234940276779,11.812264442443848,1337000,0.0,0.0
2025-10-09 00:00:00-04:00,11.822257758748025,11.932185425949971,11.572421371702546,11.62238883972168,1573400,0.0,0.0
2025-10-10 00:00:00-04:00,11.642374997135656,11.737313088963417,10.942833319518305,11.132709503173828,2964100,0.0,0.0
2025-10-13 00:00:00-04:00,11.302598314218507,12.132055024247476,11.162689597532234,11.642374992370605,5083300,0.0,0.0
2025-10-14 00:00:00-04:00,11.76229718333307,13.990837227031943,11.502467120384726,13.471177101135254,14545900,0.0,0.0
2025-10-15 00:00:00-04:00,13.790968501729353,13.980843733047617,13.281302052803772,13.820948600769043,6937200,0.0,0.0
2025-10-16 00:00:00-04:00,13.850929132799472,13.865919659313015,12.461839412917715,12.481825828552246,5938400,0.0,0.0
2025-10-17 00:00:00-04:00,12.371897528422311,12.811609133489355,11.952172337969603,12.311936378479004,4291100,0.0,0.0
2025-10-20 00:00:00-04:00,12.74165540675041,12.756645932679938,12.261970013607412,12.591753959655762,3096600,0.0,0.0
2025-10-21 00:00:00-04:00,12.331924409793302,12.898552780262795,12.262969321910177,12.551780700683594,3047000,0.0,0.0
2025-10-22 00:00:00-04:00,12.531792555927403,12.601746436085605,11.702335865579627,11.882218360900879,3851300,0.0,0.0
2025-10-23 00:00:00-04:00,12.052107597313118,12.696684973185679,11.902205194911236,12.43185806274414,4266100,0.0,0.0
2025-10-24 00:00:00-04:00,12.6517140816828,12.781629113145359,12.426861912384263,12.451845169067383,1862800,0.0,0.0
2025-10-27 00:00:00-04:00,12.51180646663043,12.886561039588688,12.451845315615037,12.731661796569824,2477000,0.0,0.0
2025-10-28 00:00:00-04:00,12.781629624498358,12.891557292572163,12.531793235471378,12.631728172302246,2210700,0.0,0.0
2025-10-29 00:00:00-04:00,12.561773499242104,12.796620317944534,12.451845829733653,12.691688537597656,4568300,0.0,0.0
2025-10-30 00:00:00-04:00,12.491819610618077,13.191361318202649,12.10207449566872,12.401878356933594,6929700,0.0,0.0
2025-10-31 00:00:00-04:00,12.681694841162557,12.821603563809145,11.812264311191383,11.822257995605469,6882700,0.0,0.0
2025-11-03 00:00:00-05:00,11.632382150819097,12.621733983053026,11.592408368296013,12.451845169067383,5158000,0.0,0.0
2025-11-04 00:00:00-05:00,12.212002395784504,12.411871307120965,11.772289837794148,11.802270889282227,3331800,0.0,0.0
2025-11-05 00:00:00-05:00,11.802270812241169,11.862231008725633,11.43251213736969,11.662362098693848,2331600,0.0,0.0
2025-11-06 00:00:00-05:00,11.542440760963082,11.752303354909689,10.887869722745151,10.932839393615723,3701600,0.0,0.0
2025-11-07 00:00:00-05:00,10.802925790888256,10.802925790888256,10.383200584574917,10.533102035522461,4327000,0.0,0.0
2025-11-10 00:00:00-05:00,10.84289909882444,10.980808313277851,10.623042821106534,10.932839393615723,3357900,0.0,0.0
2025-11-11 00:00:00-05:00,10.942833054101737,10.992800519801772,10.47813724327664,10.64302921295166,2698200,0.0,0.0
2025-11-12 00:00:00-05:00,10.643029149226487,10.663016516606882,10.273271430140369,10.283265113830566,2805300,0.0,0.0
2025-11-13 00:00:00-05:00,10.19332412841669,10.43316682483822,9.593717387362858,9.753612518310547,4247200,0.0,0.0
2025-11-14 00:00:00-05:00,9.323893821532037,9.693651557345774,9.293913722155295,9.593717575073242,3597800,0.0,0.0
2025-11-17 00:00:00-05:00,9.55374394934369,9.568733522754542,9.223959038552104,9.36386775970459,2684400,0.0,0.0
2025-11-18 00:00:00-05:00,9.21396579269243,9.543749732015304,9.183984741444796,9.403841018676758,2548300,0.0,0.0
2025-11-19 00:00:00-05:00,9.433821171885121,9.50877284739113,9.223958577178612,9.253939628601074,2936000,0.0,0.0
2025-11-20 00:00:00-05:00,9.443815661509895,9.60870764620268,9.114031692124328,9.193979263305664,3973600,0.0,0.0
2025-11-21 00:00:00-05:00,9.243946170129258,9.313900052386614,8.934148635896365,9.1639986038208,2907800,0.0,0.0
2025-11-24 00:00:00-05:00,9.124024961165052,9.472796534297638,9.114031276960063,9.443815231323242,3127600,0.0,0.0
2025-11-25 00:00:00-05:00,9.423828649089765,9.493782531185607,9.243946148785986,9.383854866027832,3479500,0.0,0.0
2025-11-26 00:00:00-05:00,9.423828851372113,9.523762834646943,9.373861383209604,9.51377010345459,2779400,0.0,0.0
2025-11-28 00:00:00-05:00,9.57373066525593,9.768602750112061,9.523763195201731,9.703645706176758,1449800,0.0,0.0
2025-12-01 00:00:00-05:00,9.50377615725245,9.703645071343162,9.43382132253308,9.533756256103516,2059900,0.0,0.0
2025-12-02 00:00:00-05:00,9.583724251697468,9.703645606768891,9.443815527589035,9.493782997131348,2851400,0.0,0.0
2025-12-03 00:00:00-05:00,9.513770398905983,9.893520881413801,9.443815560085941,9.853547096252441,2602900,0.0,0.0
2025-12-04 00:00:00-05:00,9.783593144637406,9.893520814828761,9.618701162825266,9.713639259338379,2637900,0.0,0.0
2025-12-05 00:00:00-05:00,9.693651458770386,14.825290988488863,9.643683991617154,14.110758781433105,56005800,0.0,0.0
2025-12-08 00:00:00-05:00,14.29064119962289,15.250012941846459,13.790968437069992,14.990182876586914,12896800,0.0,0.0
2025-12-09 00:00:00-05:00,14.815297126529558,15.539823008925081,14.340608576899866,15.070130348205566,7213600,0.0,0.0
2025-12-10 00:00:00-05:00,14.945212007711545,15.434891078286647,14.670392374014332,14.790313720703125,6717100,0.0,0.0
2025-12-11 00:00:00-05:00,14.790314614033184,15.260007298387839,14.500504437101629,15.230026245117188,3023900,0.0,0.0
2025-12-12 00:00:00-05:00,15.250012867740866,15.349946847935731,13.590099707001047,14.340608596801758,10328500,0.0,0.0
2025-12-15 00:00:00-05:00,14.420556547257194,14.49051043056663,13.830942522077143,14.020817756652832,2633500,0.0,0.0
2025-12-16 00:00:00-05:00,13.990837363557137,14.110758712307323,13.301289369981037,13.46118450164795,3317300,0.0,0.0
2025-12-17 00:00:00-05:00,13.53113890663376,13.701027728860677,13.061446224415214,13.131401062011719,2767900,0.0,0.0
2025-12-18 00:00:00-05:00,13.481171302544048,13.530139021235197,13.001485893810028,13.141393661499023,2478500,0.0,0.0
2025-12-19 00:00:00-05:00,13.221340702939976,13.351255734226063,13.011479059766469,13.181366920471191,4402400,0.0,0.0
2025-12-22 00:00:00-05:00,13.391229708632451,13.42620760271286,12.826599904036712,13.021471977233887,4468900,0.0,0.0
2025-12-23 00:00:00-05:00,12.981498593526812,13.436200747007799,12.671702003686018,13.281302452087402,2512100,0.0,0.0
2025-12-24 00:00:00-05:00,13.261315530944962,13.785971548638047,13.211348064247964,13.611085891723633,1168500,0.0,0.0
2025-12-26 00:00:00-05:00,13.52114453214745,13.96085709183932,13.407219776422403,13.910889625549316,2082700,0.0,0.0
2025-12-29 00:00:00-05:00,15.265002924767511,15.309973550849135,15.240019667188916,15.25001335144043,86863700,0.0,0.0
2025-12-30 00:00:00-05:00,15.279993188168872,15.379928122863701,15.260006773060008,15.269999504089355,15056600,0.0,0.0
2025-12-31 00:00:00-05:00,15.279999732971191,15.359999656677246,15.25,15.34000015258789,10318000,0.01,0.0
2026-01-02 00:00:00-05:00,15.300000190734863,15.390000343322754,15.260000228881836,15.380000114440918,17239500,0.0,0.0
2026-01-05 00:00:00-05:00,15.329999923706055,15.449999809265137,15.3100004196167,15.3100004196167,16621000,0.0,0.0
2026-01-06 00:00:00-05:00,15.319999694824219,15.359999656677246,15.319999694824219,15.359999656677246,8440100,0.0,0.0
2026-01-07 00:00:00-05:00,15.350000381469727,15.399999618530273,15.329999923706055,15.390000343322754,4809200,0.0,0.0
2026-01-08 00:00:00-05:00,15.369999885559082,15.390000343322754,15.350000381469727,15.369999885559082,6804300,0.0,0.0
2026-01-09 00:00:00-05:00,15.380000114440918,15.390000343322754,15.350000381469727,15.359999656677246,3033400,0.0,0.0
2026-01-12 00:00:00-05:00,15.359999656677246,15.380000114440918,15.350000381469727,15.359999656677246,2044000,0.0,0.0
2026-01-13 00:00:00-05:00,15.359999656677246,15.380000114440918,15.34000015258789,15.350000381469727,11497800,0.0,0.0
2026-01-14 00:00:00-05:00,15.359999656677246,15.369999885559082,15.34000015258789,15.359999656677246,3960700,0.0,0.0
2026-01-15 00:00:00-05:00,15.359999656677246,15.369999885559082,15.329999923706055,15.329999923706055,4072600,0.0,0.0
2026-01-16 00:00:00-05:00,15.34000015258789,15.359999656677246,15.329999923706055,15.350000381469727,5144400,0.0,0.0
2026-01-20 00:00:00-05:00,15.350000381469727,15.354999542236328,15.319999694824219,15.350000381469727,6740600,0.0,0.0
2026-01-21 00:00:00-05:00,15.350000381469727,15.359999656677246,15.329999923706055,15.34000015258789,3048600,0.0,0.0
2026-01-22 00:00:00-05:00,15.359999656677246,15.380000114440918,15.350000381469727,15.369999885559082,4572300,0.0,0.0
2026-01-23 00:00:00-05:00,15.380000114440918,15.470000267028809,15.369999885559082,15.430000305175781,3392800,0.0,0.0
2026-01-26 00:00:00-05:00,15.4399995803833,15.494999885559082,15.380000114440918,15.40999984741211,3663700,0.0,0.0
2026-01-27 00:00:00-05:00,15.399999618530273,15.420000076293945,15.359999656677246,15.380000114440918,4118500,0.0,0.0
2026-01-28 00:00:00-05:00,15.359999656677246,15.399999618530273,15.359999656677246,15.380000114440918,3484900,0.0,0.0
2026-01-29 00:00:00-05:00,15.399999618530273,15.449999809265137,15.380000114440918,15.40999984741211,2939700,0.0,0.0
2026-01-30 00:00:00-05:00,15.390000343322754,15.4399995803833,15.380000114440918,15.390000343322754,2473600,0.0,0.0
2026-02-02 00:00:00-05:00,15.390000343322754,15.460000038146973,15.380000114440918,15.4399995803833,4640500,0.0,0.0
2026-02-03 00:00:00-05:00,15.4399995803833,15.470000267028809,15.420000076293945,15.449999809265137,5123100,0.0,0.0
2026-02-04 00:00:00-05:00,15.430000305175781,15.470000267028809,15.319999694824219,15.449999809265137,9132700,0.0,0.0
2026-02-05 00:00:00-05:00,15.399999618530273,15.449999809265137,15.380000114440918,15.430000305175781,5716100,0.0,0.0
2026-02-06 00:00:00-05:00,15.4399995803833,15.4399995803833,15.395000457763672,15.430000305175781,2458800,0.0,0.0
2026-02-09 00:00:00-05:00,15.430000305175781,15.449999809265137,15.390000343322754,15.399999618530273,3042600,0.0,0.0
2026-02-10 00:00:00-05:00,15.40999984741211,15.420000076293945,15.390000343322754,15.390000343322754,2704300,0.0,0.0
2026-02-11 00:00:00-05:00,15.4399995803833,15.4399995803833,15.390000343322754,15.40999984741211,3267000,0.0,0.0
