Date,Open,High,Low,Close,Volume,Dividends,Stock Splits
2022-01-03 00:00:00-05:00,8.050000190734863,8.4399995803833,8.039999961853027,8.40999984741211,326200,0.0,0.0
2022-01-04 00:00:00-05:00,8.40999984741211,8.420000076293945,8.1899995803833,8.399999618530273,329500,0.0,0.0
2022-01-05 00:00:00-05:00,8.359999656677246,8.470000267028809,8.079999923706055,8.100000381469727,371600,0.0,0.0
2022-01-06 00:00:00-05:00,8.100000381469727,8.119000434875488,7.934999942779541,7.949999809265137,470000,0.0,0.0
2022-01-07 00:00:00-05:00,7.960000038146973,8.0600004196167,7.760000228881836,7.820000171661377,298700,0.0,0.0
2022-01-10 00:00:00-05:00,7.71999979019165,7.829999923706055,7.659999847412109,7.829999923706055,181400,0.0,0.0
2022-01-11 00:00:00-05:00,7.820000171661377,8.020000457763672,7.789999961853027,8.0,237800,0.0,0.0
2022-01-12 00:00:00-05:00,8.069999694824219,8.149999618530273,7.860000133514404,7.869999885559082,241900,0.0,0.0
2022-01-13 00:00:00-05:00,7.900000095367432,8.039999961853027,7.679999828338623,7.71999979019165,254900,0.0,0.0
2022-01-14 00:00:00-05:00,7.679999828338623,7.849999904632568,7.550000190734863,7.800000190734863,261800,0.0,0.0
2022-01-18 00:00:00-05:00,7.760000228881836,8.010000228881836,7.619999885559082,7.630000114440918,252900,0.0,0.0
2022-01-19 00:00:00-05:00,7.710000038146973,7.710000038146973,7.449999809265137,7.46999979019165,175600,0.0,0.0
2022-01-20 00:00:00-05:00,7.489999771118164,7.809999942779541,7.46999979019165,7.539999961853027,245600,0.0,0.0
2022-01-21 00:00:00-05:00,7.510000228881836,7.63100004196167,7.360000133514404,7.369999885559082,224800,0.0,0.0
2022-01-24 00:00:00-05:00,7.269999980926514,7.96999979019165,7.059999942779541,7.960000038146973,887800,0.0,0.0
2022-01-25 00:00:00-05:00,7.880000114440918,8.380000114440918,7.800000190734863,8.130000114440918,1157000,0.0,0.0
2022-01-26 00:00:00-05:00,8.180000305175781,8.444999694824219,7.949999809265137,8.079999923706055,710500,0.0,0.0
2022-01-27 00:00:00-05:00,8.149999618530273,8.350000381469727,7.739999771118164,7.880000114440918,685400,0.0,0.0
2022-01-28 00:00:00-05:00,7.809999942779541,8.229999542236328,7.78000020980835,8.229999542236328,616200,0.0,0.0
2022-01-31 00:00:00-05:00,8.170000076293945,8.819999694824219,8.100000381469727,8.220000267028809,3906500,0.0,0.0
2022-02-01 00:00:00-05:00,8.25,8.300000190734863,7.710000038146973,7.710000038146973,595900,0.0,0.0
2022-02-02 00:00:00-05:00,7.619999885559082,7.639999866485596,7.289999961853027,7.380000114440918,465600,0.0,0.0
2022-02-03 00:00:00-05:00,7.380000114440918,7.460000038146973,7.059999942779541,7.139999866485596,569700,0.0,0.0
2022-02-04 00:00:00-05:00,7.079999923706055,7.309999942779541,7.010000228881836,7.159999847412109,338700,0.0,0.0
2022-02-07 00:00:00-05:00,7.139999866485596,7.400000095367432,7.079999923706055,7.349999904632568,293200,0.0,0.0
2022-02-08 00:00:00-05:00,7.380000114440918,7.909999847412109,7.340000152587891,7.860000133514404,376400,0.0,0.0
2022-02-09 00:00:00-05:00,7.929999828338623,8.229999542236328,7.929999828338623,8.210000038146973,423500,0.0,0.0
2022-02-10 00:00:00-05:00,8.0600004196167,8.199999809265137,7.829999923706055,7.900000095367432,284600,0.0,0.0
2022-02-11 00:00:00-05:00,7.909999847412109,7.954999923706055,7.619999885559082,7.75,304700,0.0,0.0
2022-02-14 00:00:00-05:00,7.800000190734863,7.869999885559082,7.619999885559082,7.639999866485596,233200,0.0,0.0
2022-02-15 00:00:00-05:00,7.710000038146973,8.079999923706055,7.710000038146973,8.0600004196167,235000,0.0,0.0
2022-02-16 00:00:00-05:00,8.09000015258789,8.555000305175781,8.09000015258789,8.5,2230900,0.0,0.0
2022-02-17 00:00:00-05:00,8.390000343322754,8.428000450134277,8.050000190734863,8.079999923706055,358500,0.0,0.0
2022-02-18 00:00:00-05:00,8.0,8.270000457763672,7.869999885559082,7.869999885559082,309600,0.0,0.0
2022-02-22 00:00:00-05:00,7.78000020980835,8.270000457763672,7.78000020980835,8.170000076293945,514300,0.0,0.0
2022-02-23 00:00:00-05:00,8.239999771118164,8.25,7.630000114440918,7.630000114440918,460700,0.0,0.0
2022-02-24 00:00:00-05:00,7.340000152587891,8.0600004196167,7.340000152587891,8.0600004196167,414400,0.0,0.0
2022-02-25 00:00:00-05:00,8.119999885559082,8.289999961853027,7.96999979019165,8.289999961853027,411200,0.0,0.0
2022-02-28 00:00:00-05:00,8.15999984741211,8.21500015258789,7.690000057220459,7.860000133514404,702600,0.0,0.0
2022-03-01 00:00:00-05:00,7.829999923706055,7.900000095367432,7.539999961853027,7.630000114440918,378900,0.0,0.0
2022-03-02 00:00:00-05:00,7.75,8.0600004196167,7.75,7.900000095367432,289400,0.0,0.0
2022-03-03 00:00:00-05:00,7.940000057220459,7.940000057220459,7.710000038146973,7.78000020980835,293100,0.0,0.0
2022-03-04 00:00:00-05:00,7.630000114440918,7.710000038146973,7.360000133514404,7.409999847412109,256800,0.0,0.0
2022-03-07 00:00:00-05:00,7.480000019073486,7.679999828338623,7.400000095367432,7.519999980926514,585500,0.0,0.0
2022-03-08 00:00:00-05:00,7.570000171661377,8.229999542236328,7.53000020980835,7.989999771118164,534500,0.0,0.0
2022-03-09 00:00:00-05:00,8.140000343322754,8.289999961853027,8.140000343322754,8.180000305175781,323400,0.0,0.0
2022-03-10 00:00:00-05:00,8.050000190734863,8.140000343322754,7.949999809265137,8.079999923706055,259200,0.0,0.0
2022-03-11 00:00:00-05:00,8.270000457763672,8.779999732971191,7.960000038146973,8.350000381469727,593700,0.0,0.0
2022-03-14 00:00:00-04:00,8.449999809265137,8.789999961853027,8.210000038146973,8.40999984741211,819100,0.0,0.0
2022-03-15 00:00:00-04:00,8.359999656677246,8.789999961853027,8.359999656677246,8.550000190734863,582200,0.0,0.0
2022-03-16 00:00:00-04:00,8.579999923706055,8.84000015258789,8.5600004196167,8.829999923706055,487200,0.0,0.0
2022-03-17 00:00:00-04:00,8.710000038146973,9.175000190734863,8.710000038146973,9.15999984741211,521700,0.0,0.0
2022-03-18 00:00:00-04:00,9.079999923706055,9.399999618530273,8.930000305175781,8.989999771118164,1943600,0.0,0.0
2022-03-21 00:00:00-04:00,8.979999542236328,9.170000076293945,8.789999961853027,8.920000076293945,389200,0.0,0.0
2022-03-22 00:00:00-04:00,8.989999771118164,9.140000343322754,8.84000015258789,8.869999885559082,302900,0.0,0.0
2022-03-23 00:00:00-04:00,8.75,8.821000099182129,8.59000015258789,8.670000076293945,571400,0.0,0.0
2022-03-24 00:00:00-04:00,8.680000305175781,8.859999656677246,8.569999694824219,8.829999923706055,157900,0.0,0.0
2022-03-25 00:00:00-04:00,8.890000343322754,9.069999694824219,8.708999633789062,8.850000381469727,439200,0.0,0.0
2022-03-28 00:00:00-04:00,8.770000457763672,8.90999984741211,8.539999961853027,8.779999732971191,453100,0.0,0.0
2022-03-29 00:00:00-04:00,8.829999923706055,9.050000190734863,8.829999923706055,8.880000114440918,366100,0.0,0.0
2022-03-30 00:00:00-04:00,9.020000457763672,9.149999618530273,8.694999694824219,8.760000228881836,696700,0.0,0.0
2022-03-31 00:00:00-04:00,8.739999771118164,8.84000015258789,8.390000343322754,8.390000343322754,628900,0.0,0.0
2022-04-01 00:00:00-04:00,8.390000343322754,8.479999542236328,8.239999771118164,8.34000015258789,380500,0.0,0.0
2022-04-04 00:00:00-04:00,8.4399995803833,8.4399995803833,8.199999809265137,8.239999771118164,273900,0.0,0.0
2022-04-05 00:00:00-04:00,8.300000190734863,8.350000381469727,8.079999923706055,8.130000114440918,255300,0.0,0.0
2022-04-06 00:00:00-04:00,7.980000019073486,8.15999984741211,7.9079999923706055,8.0600004196167,325000,0.0,0.0
2022-04-07 00:00:00-04:00,8.0,8.024999618530273,7.699999809265137,7.730000019073486,454500,0.0,0.0
2022-04-08 00:00:00-04:00,7.650000095367432,8.0600004196167,7.610000133514404,7.869999885559082,297100,0.0,0.0
2022-04-11 00:00:00-04:00,7.769999980926514,7.960000038146973,7.659999847412109,7.840000152587891,267300,0.0,0.0
2022-04-12 00:00:00-04:00,7.900000095367432,7.989999771118164,7.739999771118164,7.860000133514404,216600,0.0,0.0
2022-04-13 00:00:00-04:00,8.09000015258789,8.359999656677246,7.889999866485596,8.270000457763672,340300,0.0,0.0
2022-04-14 00:00:00-04:00,8.319999694824219,8.319999694824219,7.989999771118164,8.119999885559082,374700,0.0,0.0
2022-04-18 00:00:00-04:00,8.149999618530273,8.25,7.880000114440918,7.96999979019165,330600,0.0,0.0
2022-04-19 00:00:00-04:00,8.010000228881836,8.09000015258789,7.909999847412109,7.980000019073486,190400,0.0,0.0
2022-04-20 00:00:00-04:00,8.079999923706055,8.25,8.079999923706055,8.140000343322754,146100,0.0,0.0
2022-04-21 00:00:00-04:00,8.220000267028809,8.220000267028809,7.880000114440918,7.909999847412109,204400,0.0,0.0
2022-04-22 00:00:00-04:00,7.829999923706055,7.860000133514404,7.380000114440918,7.510000228881836,192500,0.0,0.0
2022-04-25 00:00:00-04:00,7.389999866485596,7.409999847412109,7.150000095367432,7.400000095367432,410300,0.0,0.0
2022-04-26 00:00:00-04:00,7.289999961853027,7.289999961853027,6.710000038146973,6.71999979019165,326600,0.0,0.0
2022-04-27 00:00:00-04:00,6.760000228881836,7.0,6.710000038146973,6.860000133514404,281100,0.0,0.0
2022-04-28 00:00:00-04:00,7.03000020980835,7.090000152587891,6.710000038146973,6.900000095367432,675700,0.0,0.0
2022-04-29 00:00:00-04:00,6.900000095367432,6.96999979019165,6.539999961853027,6.570000171661377,558600,0.0,0.0
2022-05-02 00:00:00-04:00,6.570000171661377,6.670000076293945,6.28000020980835,6.53000020980835,632200,0.0,0.0
2022-05-03 00:00:00-04:00,6.5,6.590000152587891,6.369999885559082,6.46999979019165,238500,0.0,0.0
2022-05-04 00:00:00-04:00,6.489999771118164,6.699999809265137,6.269999980926514,6.690000057220459,768700,0.0,0.0
2022-05-05 00:00:00-04:00,6.570000171661377,6.835999965667725,6.28000020980835,6.409999847412109,367400,0.0,0.0
2022-05-06 00:00:00-04:00,6.400000095367432,6.460000038146973,6.204999923706055,6.25,365700,0.0,0.0
2022-05-09 00:00:00-04:00,6.130000114440918,6.239999771118164,5.809999942779541,5.840000152587891,683200,0.0,0.0
2022-05-10 00:00:00-04:00,5.980000019073486,6.025000095367432,5.53000020980835,5.570000171661377,362500,0.0,0.0
2022-05-11 00:00:00-04:00,5.5,5.760000228881836,5.25,5.409999847412109,698300,0.0,0.0
2022-05-12 00:00:00-04:00,5.340000152587891,5.769999980926514,5.309999942779541,5.510000228881836,672800,0.0,0.0
2022-05-13 00:00:00-04:00,5.679999828338623,6.139999866485596,5.599999904632568,5.909999847412109,952600,0.0,0.0
2022-05-16 00:00:00-04:00,5.829999923706055,5.880000114440918,5.570000171661377,5.730000019073486,446800,0.0,0.0
2022-05-17 00:00:00-04:00,5.960000038146973,6.599999904632568,5.960000038146973,6.510000228881836,531500,0.0,0.0
2022-05-18 00:00:00-04:00,6.349999904632568,6.579999923706055,6.065000057220459,6.099999904632568,260900,0.0,0.0
2022-05-19 00:00:00-04:00,6.039999961853027,6.170000076293945,5.909999847412109,5.949999809265137,384700,0.0,0.0
2022-05-20 00:00:00-04:00,6.039999961853027,6.179999828338623,5.760000228881836,5.889999866485596,241400,0.0,0.0
2022-05-23 00:00:00-04:00,6.019999980926514,6.019999980926514,5.820000171661377,5.940000057220459,176300,0.0,0.0
2022-05-24 00:00:00-04:00,5.860000133514404,5.980000019073486,5.730000019073486,5.960000038146973,380400,0.0,0.0
2022-05-25 00:00:00-04:00,5.929999828338623,6.0,5.829999923706055,5.940000057220459,196700,0.0,0.0
2022-05-26 00:00:00-04:00,6.010000228881836,6.050000190734863,5.929999828338623,5.960000038146973,286500,0.0,0.0
2022-05-27 00:00:00-04:00,5.989999771118164,6.090000152587891,5.965000152587891,6.0,293100,0.0,0.0
2022-05-31 00:00:00-04:00,5.960000038146973,6.119999885559082,5.760000228881836,5.960000038146973,393100,0.0,0.0
2022-06-01 00:00:00-04:00,5.989999771118164,6.014999866485596,5.769999980926514,5.929999828338623,261500,0.0,0.0
2022-06-02 00:00:00-04:00,5.960000038146973,6.039999961853027,5.945000171661377,6.0,248800,0.0,0.0
2022-06-03 00:00:00-04:00,5.949999809265137,5.949999809265137,5.789999961853027,5.880000114440918,294400,0.0,0.0
2022-06-06 00:00:00-04:00,5.989999771118164,6.0,5.78000020980835,6.0,245000,0.0,0.0
2022-06-07 00:00:00-04:00,5.920000076293945,6.005000114440918,5.860000133514404,6.0,166800,0.0,0.0
2022-06-08 00:00:00-04:00,6.0,6.079999923706055,5.849999904632568,5.849999904632568,570500,0.0,0.0
2022-06-09 00:00:00-04:00,5.75,5.760000228881836,5.559999942779541,5.75,349100,0.0,0.0
2022-06-10 00:00:00-04:00,5.579999923706055,5.800000190734863,5.5,5.75,367800,0.0,0.0
2022-06-13 00:00:00-04:00,5.650000095367432,5.735000133514404,5.570000171661377,5.619999885559082,619500,0.0,0.0
2022-06-14 00:00:00-04:00,5.599999904632568,5.599999904632568,5.119999885559082,5.21999979019165,444400,0.0,0.0
2022-06-15 00:00:00-04:00,5.28000020980835,5.28000020980835,4.789999961853027,4.829999923706055,511200,0.0,0.0
2022-06-16 00:00:00-04:00,4.699999809265137,4.849999904632568,4.534999847412109,4.809999942779541,597300,0.0,0.0
2022-06-17 00:00:00-04:00,4.829999923706055,4.880000114440918,4.619999885559082,4.869999885559082,442600,0.0,0.0
2022-06-21 00:00:00-04:00,5.0,5.059999942779541,4.71999979019165,4.75,352400,0.0,0.0
2022-06-22 00:00:00-04:00,4.639999866485596,4.954999923706055,4.623000144958496,4.900000095367432,299400,0.0,0.0
2022-06-23 00:00:00-04:00,4.869999885559082,4.940000057220459,4.829999923706055,4.929999828338623,280000,0.0,0.0
2022-06-24 00:00:00-04:00,4.929999828338623,5.409999847412109,4.910999774932861,5.380000114440918,1025800,0.0,0.0
2022-06-27 00:00:00-04:00,5.409999847412109,5.539999961853027,5.25,5.400000095367432,766100,0.0,0.0
2022-06-28 00:00:00-04:00,5.389999866485596,5.699999809265137,5.349999904632568,5.409999847412109,997100,0.0,0.0
2022-06-29 00:00:00-04:00,5.380000114440918,5.474999904632568,5.300000190734863,5.300000190734863,673700,0.0,0.0
2022-06-30 00:00:00-04:00,5.199999809265137,5.659999847412109,5.170000076293945,5.599999904632568,776800,0.0,0.0
2022-07-01 00:00:00-04:00,5.539999961853027,5.659999847412109,5.139999866485596,5.170000076293945,392400,0.0,0.0
2022-07-05 00:00:00-04:00,5.03000020980835,5.079999923706055,4.769999980926514,5.010000228881836,386600,0.0,0.0
2022-07-06 00:00:00-04:00,5.090000152587891,5.125,4.875,4.980000019073486,343700,0.0,0.0
2022-07-07 00:00:00-04:00,5.0,5.199999809265137,5.0,5.159999847412109,134400,0.0,0.0
2022-07-08 00:00:00-04:00,5.139999866485596,5.300000190734863,5.079999923706055,5.170000076293945,279200,0.0,0.0
2022-07-11 00:00:00-04:00,5.110000133514404,5.110000133514404,4.980000019073486,4.989999771118164,120500,0.0,0.0
2022-07-12 00:00:00-04:00,4.960000038146973,5.150000095367432,4.940000057220459,5.03000020980835,239300,0.0,0.0
2022-07-13 00:00:00-04:00,4.920000076293945,5.0,4.885000228881836,4.900000095367432,229700,0.0,0.0
2022-07-14 00:00:00-04:00,4.829999923706055,4.994999885559082,4.760000228881836,4.96999979019165,220100,0.0,0.0
2022-07-15 00:00:00-04:00,5.099999904632568,5.125,4.929999828338623,5.110000133514404,220300,0.0,0.0
2022-07-18 00:00:00-04:00,5.170000076293945,5.260000228881836,5.010000228881836,5.03000020980835,199200,0.0,0.0
2022-07-19 00:00:00-04:00,5.130000114440918,5.300000190734863,5.130000114440918,5.28000020980835,186500,0.0,0.0
2022-07-20 00:00:00-04:00,5.269999980926514,5.440000057220459,5.269999980926514,5.400000095367432,251100,0.0,0.0
2022-07-21 00:00:00-04:00,5.340000152587891,5.400000095367432,5.230000019073486,5.329999923706055,168700,0.0,0.0
2022-07-22 00:00:00-04:00,5.380000114440918,5.429999828338623,5.230000019073486,5.329999923706055,199600,0.0,0.0
2022-07-25 00:00:00-04:00,5.369999885559082,5.505000114440918,5.260000228881836,5.489999771118164,171300,0.0,0.0
2022-07-26 00:00:00-04:00,5.5,5.559999942779541,5.401000022888184,5.519999980926514,153800,0.0,0.0
2022-07-27 00:00:00-04:00,5.53000020980835,5.71999979019165,5.519999980926514,5.699999809265137,120200,0.0,0.0
2022-07-28 00:00:00-04:00,5.730000019073486,5.929999828338623,5.679999828338623,5.920000076293945,413600,0.0,0.0
2022-07-29 00:00:00-04:00,5.960000038146973,6.255000114440918,5.920000076293945,6.190000057220459,271000,0.0,0.0
2022-08-01 00:00:00-04:00,6.130000114440918,6.320000171661377,6.03000020980835,6.260000228881836,207600,0.0,0.0
2022-08-02 00:00:00-04:00,6.25,6.409999847412109,6.21999979019165,6.320000171661377,178300,0.0,0.0
2022-08-03 00:00:00-04:00,6.420000076293945,6.559999942779541,6.316999912261963,6.539999961853027,178700,0.0,0.0
2022-08-04 00:00:00-04:00,6.579999923706055,6.659999847412109,6.545000076293945,6.599999904632568,116200,0.0,0.0
2022-08-05 00:00:00-04:00,6.650000095367432,6.800000190734863,6.559999942779541,6.730000019073486,186800,0.0,0.0
2022-08-08 00:00:00-04:00,6.78000020980835,6.880000114440918,6.599999904632568,6.610000133514404,204200,0.0,0.0
2022-08-09 00:00:00-04:00,6.510000228881836,6.690000057220459,6.510000228881836,6.610000133514404,215600,0.0,0.0
2022-08-10 00:00:00-04:00,7.099999904632568,7.579999923706055,6.599999904632568,6.739999771118164,457800,0.0,0.0
2022-08-11 00:00:00-04:00,6.960000038146973,7.150000095367432,6.78000020980835,7.130000114440918,414500,0.0,0.0
2022-08-12 00:00:00-04:00,7.230000019073486,7.389999866485596,7.139999866485596,7.389999866485596,319700,0.0,0.0
2022-08-15 00:00:00-04:00,7.389999866485596,7.519999980926514,7.255000114440918,7.460000038146973,300400,0.0,0.0
2022-08-16 00:00:00-04:00,7.5,7.5,7.309999942779541,7.400000095367432,190700,0.0,0.0
2022-08-17 00:00:00-04:00,7.289999961853027,7.289999961853027,7.079999923706055,7.110000133514404,188300,0.0,0.0
2022-08-18 00:00:00-04:00,7.070000171661377,7.070000171661377,6.960000038146973,7.0,131200,0.0,0.0
2022-08-19 00:00:00-04:00,6.920000076293945,7.090000152587891,6.820000171661377,7.03000020980835,179500,0.0,0.0
2022-08-22 00:00:00-04:00,6.900000095367432,6.960000038146973,6.849999904632568,6.849999904632568,158800,0.0,0.0
2022-08-23 00:00:00-04:00,6.820000171661377,7.010000228881836,6.809999942779541,6.889999866485596,179500,0.0,0.0
2022-08-24 00:00:00-04:00,6.820000171661377,7.010000228881836,6.78000020980835,6.929999828338623,151900,0.0,0.0
2022-08-25 00:00:00-04:00,6.96999979019165,7.045000076293945,6.900000095367432,7.019999980926514,138800,0.0,0.0
2022-08-26 00:00:00-04:00,7.03000020980835,7.03000020980835,6.760000228881836,6.800000190734863,118600,0.0,0.0
2022-08-29 00:00:00-04:00,6.769999980926514,6.769999980926514,6.650000095367432,6.690000057220459,132400,0.0,0.0
2022-08-30 00:00:00-04:00,6.670000076293945,6.690000057220459,6.599999904632568,6.630000114440918,138800,0.0,0.0
2022-08-31 00:00:00-04:00,6.650000095367432,6.699999809265137,6.579999923706055,6.579999923706055,118100,0.0,0.0
2022-09-01 00:00:00-04:00,6.489999771118164,6.550000190734863,6.40500020980835,6.449999809265137,189800,0.0,0.0
2022-09-02 00:00:00-04:00,6.519999980926514,6.599999904632568,6.420000076293945,6.5,213200,0.0,0.0
2022-09-06 00:00:00-04:00,6.510000228881836,6.539999961853027,6.429999828338623,6.449999809265137,165900,0.0,0.0
2022-09-07 00:00:00-04:00,6.46999979019165,6.78000020980835,6.449999809265137,6.78000020980835,313200,0.0,0.0
2022-09-08 00:00:00-04:00,6.679999828338623,6.840000152587891,6.650000095367432,6.800000190734863,250000,0.0,0.0
2022-09-09 00:00:00-04:00,6.820000171661377,7.070000171661377,6.769999980926514,7.019999980926514,228600,0.0,0.0
2022-09-12 00:00:00-04:00,7.090000152587891,7.110000133514404,6.769999980926514,6.909999847412109,201100,0.0,0.0
2022-09-13 00:00:00-04:00,6.690000057220459,6.920000076293945,6.690000057220459,6.900000095367432,199600,0.0,0.0
2022-09-14 00:00:00-04:00,6.900000095367432,7.039999961853027,6.860000133514404,6.940000057220459,187200,0.0,0.0
2022-09-15 00:00:00-04:00,6.889999866485596,7.03000020980835,6.71999979019165,6.769999980926514,228000,0.0,0.0
2022-09-16 00:00:00-04:00,6.659999847412109,6.690000057220459,6.420000076293945,6.570000171661377,1115800,0.0,0.0
2022-09-19 00:00:00-04:00,6.449999809265137,6.670000076293945,6.449999809265137,6.519999980926514,227800,0.0,0.0
2022-09-20 00:00:00-04:00,6.420000076293945,6.46999979019165,6.349999904632568,6.429999828338623,149500,0.0,0.0
2022-09-21 00:00:00-04:00,6.519999980926514,6.610000133514404,6.340000152587891,6.349999904632568,212200,0.0,0.0
2022-09-22 00:00:00-04:00,6.389999866485596,6.389999866485596,6.130000114440918,6.139999866485596,298300,0.0,0.0
2022-09-23 00:00:00-04:00,6.019999980926514,6.224999904632568,6.010000228881836,6.150000095367432,258000,0.0,0.0
2022-09-26 00:00:00-04:00,6.090000152587891,6.300000190734863,6.090000152587891,6.139999866485596,194300,0.0,0.0
2022-09-27 00:00:00-04:00,6.190000057220459,6.309999942779541,6.079999923706055,6.139999866485596,217300,0.0,0.0
2022-09-28 00:00:00-04:00,6.130000114440918,6.420000076293945,6.090000152587891,6.269999980926514,382400,0.0,0.0
2022-09-29 00:00:00-04:00,6.179999828338623,6.21999979019165,5.900000095367432,6.0,343200,0.0,0.0
2022-09-30 00:00:00-04:00,6.010000228881836,6.130000114440918,5.829999923706055,5.829999923706055,280900,0.0,0.0
2022-10-03 00:00:00-04:00,5.909999847412109,6.054999828338623,5.875,6.019999980926514,437400,0.0,0.0
2022-10-04 00:00:00-04:00,6.139999866485596,6.309999942779541,6.139999866485596,6.210000038146973,271800,0.0,0.0
2022-10-05 00:00:00-04:00,6.099999904632568,6.28000020980835,6.099999904632568,6.21999979019165,320700,0.0,0.0
2022-10-06 00:00:00-04:00,6.21999979019165,6.360000133514404,6.130000114440918,6.139999866485596,195800,0.0,0.0
2022-10-07 00:00:00-04:00,6.079999923706055,6.199999809265137,6.070000171661377,6.139999866485596,445200,0.0,0.0
2022-10-10 00:00:00-04:00,6.139999866485596,6.329999923706055,6.119999885559082,6.269999980926514,202700,0.0,0.0
2022-10-11 00:00:00-04:00,6.230000019073486,6.304999828338623,6.079999923706055,6.25,211900,0.0,0.0
2022-10-12 00:00:00-04:00,6.239999771118164,6.309999942779541,6.119999885559082,6.190000057220459,246800,0.0,0.0
2022-10-13 00:00:00-04:00,6.039999961853027,6.480000019073486,6.0,6.400000095367432,624700,0.0,0.0
2022-10-14 00:00:00-04:00,6.489999771118164,6.510000228881836,6.090000152587891,6.099999904632568,316300,0.0,0.0
2022-10-17 00:00:00-04:00,6.210000038146973,6.420000076293945,6.210000038146973,6.360000133514404,343000,0.0,0.0
2022-10-18 00:00:00-04:00,6.519999980926514,6.78000020980835,6.510000228881836,6.690000057220459,223400,0.0,0.0
2022-10-19 00:00:00-04:00,6.599999904632568,6.71999979019165,6.525000095367432,6.690000057220459,235900,0.0,0.0
2022-10-20 00:00:00-04:00,6.739999771118164,6.800000190734863,6.340000152587891,6.340000152587891,198500,0.0,0.0
2022-10-21 00:00:00-04:00,6.389999866485596,6.71999979019165,6.349999904632568,6.679999828338623,266300,0.0,0.0
2022-10-24 00:00:00-04:00,6.690000057220459,6.789999961853027,6.570000171661377,6.710000038146973,175200,0.0,0.0
2022-10-25 00:00:00-04:00,6.699999809265137,6.820000171661377,6.690000057220459,6.760000228881836,207300,0.0,0.0
2022-10-26 00:00:00-04:00,6.809999942779541,6.900000095367432,6.690000057220459,6.699999809265137,200300,0.0,0.0
2022-10-27 00:00:00-04:00,6.800000190734863,6.889999866485596,6.659999847412109,6.710000038146973,252800,0.0,0.0
2022-10-28 00:00:00-04:00,6.789999961853027,7.0,6.75,6.960000038146973,271000,0.0,0.0
2022-10-31 00:00:00-04:00,6.920000076293945,6.985000133514404,6.849999904632568,6.929999828338623,259900,0.0,0.0
2022-11-01 00:00:00-04:00,7.019999980926514,7.070000171661377,6.800000190734863,6.940000057220459,384200,0.0,0.0
2022-11-02 00:00:00-04:00,6.949999809265137,6.980000019073486,6.699999809265137,6.699999809265137,242600,0.0,0.0
2022-11-03 00:00:00-04:00,6.590000152587891,6.769999980926514,6.53000020980835,6.659999847412109,153000,0.0,0.0
2022-11-04 00:00:00-04:00,6.75,6.820000171661377,6.630000114440918,6.800000190734863,159500,0.0,0.0
2022-11-07 00:00:00-05:00,6.869999885559082,6.869999885559082,6.659999847412109,6.769999980926514,164500,0.0,0.0
2022-11-08 00:00:00-05:00,6.840000152587891,6.849999904632568,6.670000076293945,6.809999942779541,306100,0.0,0.0
2022-11-09 00:00:00-05:00,6.130000114440918,6.130000114440918,5.525000095367432,5.75,1004400,0.0,0.0
2022-11-10 00:00:00-05:00,5.96999979019165,6.429999828338623,5.809999942779541,6.159999847412109,966900,0.0,0.0
2022-11-11 00:00:00-05:00,6.190000057220459,6.53000020980835,6.005000114440918,6.050000190734863,448300,0.0,0.0
2022-11-14 00:00:00-05:00,6.309999942779541,6.559999942779541,6.159999847412109,6.420000076293945,814400,0.0,0.0
2022-11-15 00:00:00-05:00,6.429999828338623,6.550000190734863,6.284999847412109,6.349999904632568,306700,0.0,0.0
2022-11-16 00:00:00-05:00,6.340000152587891,6.440000057220459,6.210000038146973,6.349999904632568,218700,0.0,0.0
2022-11-17 00:00:00-05:00,6.28000020980835,6.369999885559082,6.179999828338623,6.300000190734863,148000,0.0,0.0
2022-11-18 00:00:00-05:00,6.440000057220459,6.570000171661377,6.349999904632568,6.550000190734863,226300,0.0,0.0
2022-11-21 00:00:00-05:00,6.510000228881836,6.690000057220459,6.473999977111816,6.610000133514404,213300,0.0,0.0
2022-11-22 00:00:00-05:00,6.630000114440918,6.789999961853027,6.570000171661377,6.710000038146973,155200,0.0,0.0
2022-11-23 00:00:00-05:00,6.760000228881836,6.949999809265137,6.705999851226807,6.789999961853027,124400,0.0,0.0
2022-11-25 00:00:00-05:00,6.760000228881836,6.949999809265137,6.760000228881836,6.880000114440918,39700,0.0,0.0
2022-11-28 00:00:00-05:00,6.869999885559082,6.989999771118164,6.699999809265137,6.78000020980835,226500,0.0,0.0
2022-11-29 00:00:00-05:00,6.800000190734863,6.849999904632568,6.639999866485596,6.650000095367432,205400,0.0,0.0
2022-11-30 00:00:00-05:00,6.670000076293945,6.840000152587891,6.440000057220459,6.840000152587891,423600,0.0,0.0
2022-12-01 00:00:00-05:00,6.889999866485596,7.110000133514404,6.840000152587891,6.960000038146973,292400,0.0,0.0
2022-12-02 00:00:00-05:00,6.860000133514404,6.980000019073486,6.800000190734863,6.869999885559082,182400,0.0,0.0
2022-12-05 00:00:00-05:00,6.820000171661377,6.900000095367432,6.739999771118164,6.880000114440918,169500,0.0,0.0
2022-12-06 00:00:00-05:00,6.900000095367432,7.0,6.760000228881836,6.820000171661377,163000,0.0,0.0
2022-12-07 00:00:00-05:00,6.760000228881836,6.909999847412109,6.730000019073486,6.789999961853027,143800,0.0,0.0
2022-12-08 00:00:00-05:00,6.78000020980835,6.889999866485596,6.71999979019165,6.769999980926514,137700,0.0,0.0
2022-12-09 00:00:00-05:00,6.760000228881836,6.769999980926514,6.650000095367432,6.679999828338623,152600,0.0,0.0
2022-12-12 00:00:00-05:00,6.670000076293945,6.730000019073486,6.59499979019165,6.639999866485596,178900,0.0,0.0
2022-12-13 00:00:00-05:00,6.739999771118164,6.829999923706055,6.380000114440918,6.519999980926514,470700,0.0,0.0
2022-12-14 00:00:00-05:00,6.559999942779541,6.572999954223633,6.369999885559082,6.420000076293945,265600,0.0,0.0
2022-12-15 00:00:00-05:00,6.320000171661377,6.340000152587891,6.050000190734863,6.179999828338623,409500,0.0,0.0
2022-12-16 00:00:00-05:00,6.070000171661377,6.260000228881836,6.03000020980835,6.21999979019165,379500,0.0,0.0
2022-12-19 00:00:00-05:00,6.269999980926514,6.269999980926514,6.130000114440918,6.170000076293945,137000,0.0,0.0
2022-12-20 00:00:00-05:00,6.139999866485596,6.239999771118164,6.070000171661377,6.119999885559082,149200,0.0,0.0
2022-12-21 00:00:00-05:00,6.190000057220459,6.260000228881836,6.15500020980835,6.199999809265137,123900,0.0,0.0
2022-12-22 00:00:00-05:00,6.159999847412109,6.159999847412109,6.0,6.039999961853027,150300,0.0,0.0
2022-12-23 00:00:00-05:00,6.019999980926514,6.199999809265137,5.940000057220459,6.139999866485596,129600,0.0,0.0
2022-12-27 00:00:00-05:00,6.170000076293945,6.210000038146973,6.079999923706055,6.119999885559082,134600,0.0,0.0
2022-12-28 00:00:00-05:00,6.139999866485596,6.195000171661377,6.079999923706055,6.110000133514404,199500,0.0,0.0
2022-12-29 00:00:00-05:00,6.170000076293945,6.409999847412109,6.105000019073486,6.309999942779541,331500,0.0,0.0
2022-12-30 00:00:00-05:00,6.25,6.400000095367432,6.179999828338623,6.320000171661377,306200,0.0,0.0
2023-01-03 00:00:00-05:00,6.389999866485596,6.454999923706055,6.204999923706055,6.320000171661377,137500,0.0,0.0
2023-01-04 00:00:00-05:00,6.429999828338623,6.559999942779541,6.264999866485596,6.489999771118164,281200,0.0,0.0
2023-01-05 00:00:00-05:00,6.519999980926514,6.519999980926514,6.379000186920166,6.409999847412109,137200,0.0,0.0
2023-01-06 00:00:00-05:00,6.489999771118164,6.789999961853027,6.46999979019165,6.699999809265137,193700,0.0,0.0
2023-01-09 00:00:00-05:00,6.75,6.96999979019165,6.735000133514404,6.849999904632568,331900,0.0,0.0
2023-01-10 00:00:00-05:00,6.820000171661377,7.010000228881836,6.820000171661377,7.010000228881836,153900,0.0,0.0
2023-01-11 00:00:00-05:00,7.019999980926514,7.090000152587891,6.929999828338623,6.949999809265137,183900,0.0,0.0
2023-01-12 00:00:00-05:00,6.960000038146973,7.070000171661377,6.894999980926514,7.070000171661377,281700,0.0,0.0
2023-01-13 00:00:00-05:00,7.019999980926514,7.170000076293945,7.019999980926514,7.159999847412109,196400,0.0,0.0
2023-01-17 00:00:00-05:00,7.099999904632568,7.099999904632568,6.820000171661377,6.820000171661377,195100,0.0,0.0
2023-01-18 00:00:00-05:00,6.840000152587891,6.894999980926514,6.75,6.809999942779541,188400,0.0,0.0
2023-01-19 00:00:00-05:00,6.769999980926514,6.784999847412109,6.559999942779541,6.590000152587891,137900,0.0,0.0
2023-01-20 00:00:00-05:00,6.670000076293945,6.800000190734863,6.559999942779541,6.789999961853027,169700,0.0,0.0
2023-01-23 00:00:00-05:00,6.78000020980835,6.929999828338623,6.769999980926514,6.840000152587891,191900,0.0,0.0
2023-01-24 00:00:00-05:00,6.760000228881836,6.949999809265137,6.730000019073486,6.909999847412109,148600,0.0,0.0
2023-01-25 00:00:00-05:00,6.869999885559082,6.96999979019165,6.800000190734863,6.900000095367432,146000,0.0,0.0
2023-01-26 00:00:00-05:00,6.96999979019165,7.105000019073486,6.869999885559082,7.039999961853027,142600,0.0,0.0
2023-01-27 00:00:00-05:00,7.0,7.139999866485596,6.940000057220459,7.059999942779541,242600,0.0,0.0
2023-01-30 00:00:00-05:00,7.0,7.159999847412109,6.989999771118164,7.03000020980835,231900,0.0,0.0
2023-01-31 00:00:00-05:00,7.079999923706055,7.159999847412109,7.008999824523926,7.079999923706055,690300,0.0,0.0
2023-02-01 00:00:00-05:00,7.079999923706055,7.190000057220459,6.989999771118164,7.190000057220459,283900,0.0,0.0
2023-02-02 00:00:00-05:00,7.269999980926514,7.284999847412109,7.099999904632568,7.21999979019165,437400,0.0,0.0
2023-02-03 00:00:00-05:00,7.210000038146973,7.340000152587891,7.150000095367432,7.329999923706055,300600,0.0,0.0
2023-02-06 00:00:00-05:00,7.289999961853027,7.369999885559082,7.170000076293945,7.25,182200,0.0,0.0
2023-02-07 00:00:00-05:00,7.239999771118164,7.340000152587891,7.139999866485596,7.300000190734863,165100,0.0,0.0
2023-02-08 00:00:00-05:00,7.210000038146973,7.25,7.105000019073486,7.21999979019165,91000,0.0,0.0
2023-02-09 00:00:00-05:00,7.25,7.369999885559082,7.03000020980835,7.050000190734863,180200,0.0,0.0
2023-02-10 00:00:00-05:00,7.039999961853027,7.090000152587891,6.900000095367432,7.019999980926514,134700,0.0,0.0
2023-02-13 00:00:00-05:00,7.039999961853027,7.070000171661377,6.980000019073486,7.059999942779541,110200,0.0,0.0
2023-02-14 00:00:00-05:00,7.0,7.079999923706055,6.914999961853027,7.019999980926514,138600,0.0,0.0
2023-02-15 00:00:00-05:00,6.949999809265137,7.119999885559082,6.920000076293945,7.099999904632568,92600,0.0,0.0
2023-02-16 00:00:00-05:00,7.25,7.639999866485596,7.210000038146973,7.5,544100,0.0,0.0
2023-02-17 00:00:00-05:00,7.510000228881836,7.510000228881836,7.340000152587891,7.409999847412109,258300,0.0,0.0
2023-02-21 00:00:00-05:00,7.329999923706055,7.349999904632568,7.099999904632568,7.190000057220459,353600,0.0,0.0
2023-02-22 00:00:00-05:00,7.179999828338623,7.309999942779541,7.051000118255615,7.079999923706055,373200,0.0,0.0
2023-02-23 00:00:00-05:00,7.110000133514404,7.230000019073486,7.09499979019165,7.199999809265137,208600,0.0,0.0
2023-02-24 00:00:00-05:00,7.139999866485596,7.255000114440918,7.079999923706055,7.210000038146973,199900,0.0,0.0
2023-02-27 00:00:00-05:00,7.28000020980835,7.309999942779541,7.210000038146973,7.230000019073486,167000,0.0,0.0
2023-02-28 00:00:00-05:00,7.239999771118164,7.320000171661377,7.215000152587891,7.239999771118164,217500,0.0,0.0
2023-03-01 00:00:00-05:00,7.21999979019165,7.269999980926514,7.139999866485596,7.150000095367432,188200,0.0,0.0
2023-03-02 00:00:00-05:00,7.079999923706055,7.130000114440918,7.03000020980835,7.130000114440918,188100,0.0,0.0
2023-03-03 00:00:00-05:00,7.159999847412109,7.380000114440918,7.135000228881836,7.329999923706055,290500,0.0,0.0
2023-03-06 00:00:00-05:00,7.340000152587891,7.360000133514404,7.230000019073486,7.25,140600,0.0,0.0
2023-03-07 00:00:00-05:00,7.239999771118164,7.53000020980835,7.199999809265137,7.510000228881836,257900,0.0,0.0
2023-03-08 00:00:00-05:00,7.539999961853027,7.619999885559082,7.370999813079834,7.440000057220459,162000,0.0,0.0
2023-03-09 00:00:00-05:00,7.46999979019165,7.46999979019165,6.769999980926514,6.78000020980835,376900,0.0,0.0
2023-03-10 00:00:00-05:00,6.739999771118164,6.739999771118164,6.389999866485596,6.429999828338623,379800,0.0,0.0
2023-03-13 00:00:00-04:00,6.28000020980835,6.400000095367432,6.199999809265137,6.210000038146973,330500,0.0,0.0
2023-03-14 00:00:00-04:00,6.409999847412109,6.539999961853027,6.260000228881836,6.309999942779541,479300,0.0,0.0
2023-03-15 00:00:00-04:00,6.989999771118164,6.989999771118164,6.409999847412109,6.840000152587891,709500,0.0,0.0
2023-03-16 00:00:00-04:00,6.650000095367432,7.039999961853027,6.650000095367432,6.929999828338623,543000,0.0,0.0
2023-03-17 00:00:00-04:00,6.920000076293945,6.920000076293945,6.474999904632568,6.539999961853027,609600,0.0,0.0
2023-03-20 00:00:00-04:00,6.599999904632568,6.739999771118164,6.579999923706055,6.590000152587891,280500,0.0,0.0
2023-03-21 00:00:00-04:00,6.730000019073486,6.989999771118164,6.730000019073486,6.960000038146973,243800,0.0,0.0
2023-03-22 00:00:00-04:00,6.940000057220459,6.960000038146973,6.679999828338623,6.690000057220459,230500,0.0,0.0
2023-03-23 00:00:00-04:00,6.71999979019165,6.730000019073486,6.449999809265137,6.590000152587891,244600,0.0,0.0
2023-03-24 00:00:00-04:00,6.510000228881836,6.610000133514404,6.420000076293945,6.539999961853027,327100,0.0,0.0
2023-03-27 00:00:00-04:00,6.619999885559082,6.71999979019165,6.559999942779541,6.690000057220459,168500,0.0,0.0
2023-03-28 00:00:00-04:00,6.639999866485596,6.710000038146973,6.570000171661377,6.630000114440918,133300,0.0,0.0
2023-03-29 00:00:00-04:00,6.730000019073486,6.730000019073486,6.619999885559082,6.71999979019165,130000,0.0,0.0
2023-03-30 00:00:00-04:00,6.789999961853027,6.849999904632568,6.679999828338623,6.699999809265137,208300,0.0,0.0
2023-03-31 00:00:00-04:00,6.760000228881836,6.809999942779541,6.644999980926514,6.789999961853027,374200,0.0,0.0
2023-04-03 00:00:00-04:00,6.789999961853027,6.809999942779541,6.539999961853027,6.659999847412109,198000,0.0,0.0
2023-04-04 00:00:00-04:00,6.690000057220459,6.690000057220459,6.260000228881836,6.340000152587891,289200,0.0,0.0
2023-04-05 00:00:00-04:00,6.239999771118164,6.5,6.199999809265137,6.289999961853027,306000,0.0,0.0
2023-04-06 00:00:00-04:00,6.289999961853027,6.340000152587891,6.170000076293945,6.25,271000,0.0,0.0
2023-04-10 00:00:00-04:00,6.230000019073486,6.449999809265137,6.199999809265137,6.380000114440918,596300,0.0,0.0
2023-04-11 00:00:00-04:00,6.460000038146973,6.630000114440918,6.460000038146973,6.510000228881836,392800,0.0,0.0
2023-04-12 00:00:00-04:00,6.619999885559082,6.650000095367432,6.5,6.550000190734863,191100,0.0,0.0
2023-04-13 00:00:00-04:00,6.550000190734863,6.650000095367432,6.5,6.590000152587891,150800,0.0,0.0
2023-04-14 00:00:00-04:00,6.599999904632568,6.679999828338623,6.409999847412109,6.489999771118164,248400,0.0,0.0
2023-04-17 00:00:00-04:00,6.489999771118164,6.599999904632568,6.460000038146973,6.550000190734863,170800,0.0,0.0
2023-04-18 00:00:00-04:00,6.559999942779541,6.610000133514404,6.369999885559082,6.400000095367432,201300,0.0,0.0
2023-04-19 00:00:00-04:00,6.329999923706055,6.485000133514404,6.320000171661377,6.480000019073486,181100,0.0,0.0
2023-04-20 00:00:00-04:00,6.46999979019165,6.46999979019165,6.364999771118164,6.409999847412109,165300,0.0,0.0
2023-04-21 00:00:00-04:00,6.429999828338623,6.449999809265137,6.239999771118164,6.239999771118164,294100,0.0,0.0
2023-04-24 00:00:00-04:00,6.260000228881836,6.510000228881836,6.260000228881836,6.489999771118164,163200,0.0,0.0
2023-04-25 00:00:00-04:00,6.420000076293945,6.445000171661377,6.260000228881836,6.260000228881836,106700,0.0,0.0
2023-04-26 00:00:00-04:00,6.190000057220459,6.324999809265137,6.150000095367432,6.320000171661377,301900,0.0,0.0
2023-04-27 00:00:00-04:00,6.349999904632568,6.449999809265137,6.119999885559082,6.28000020980835,193100,0.0,0.0
2023-04-28 00:00:00-04:00,6.269999980926514,6.340000152587891,6.269999980926514,6.28000020980835,166200,0.0,0.0
2023-05-01 00:00:00-04:00,6.239999771118164,6.460000038146973,6.210000038146973,6.409999847412109,174200,0.0,0.0
2023-05-02 00:00:00-04:00,6.380000114440918,6.380000114440918,6.21999979019165,6.269999980926514,186100,0.0,0.0
2023-05-03 00:00:00-04:00,6.28000020980835,6.449999809265137,6.275000095367432,6.28000020980835,242000,0.0,0.0
2023-05-04 00:00:00-04:00,6.199999809265137,6.230000019073486,6.019999980926514,6.039999961853027,200000,0.0,0.0
2023-05-05 00:00:00-04:00,6.210000038146973,6.260000228881836,6.130000114440918,6.199999809265137,175800,0.0,0.0
2023-05-08 00:00:00-04:00,6.25,6.28000020980835,6.210000038146973,6.25,252400,0.0,0.0
2023-05-09 00:00:00-04:00,6.230000019073486,6.380000114440918,6.139999866485596,6.300000190734863,245100,0.0,0.0
2023-05-10 00:00:00-04:00,6.440000057220459,6.539999961853027,6.03000020980835,6.489999771118164,496900,0.0,0.0
2023-05-11 00:00:00-04:00,6.409999847412109,6.409999847412109,6.139999866485596,6.230000019073486,328700,0.0,0.0
2023-05-12 00:00:00-04:00,6.28000020980835,6.510000228881836,6.265999794006348,6.389999866485596,332600,0.0,0.0
2023-05-15 00:00:00-04:00,6.420000076293945,6.590000152587891,6.34499979019165,6.519999980926514,264100,0.0,0.0
2023-05-16 00:00:00-04:00,6.449999809265137,6.46999979019165,6.380000114440918,6.409999847412109,178200,0.0,0.0
2023-05-17 00:00:00-04:00,6.570000171661377,6.739999771118164,6.519999980926514,6.71999979019165,244500,0.0,0.0
2023-05-18 00:00:00-04:00,6.71999979019165,6.820000171661377,6.659999847412109,6.789999961853027,166100,0.0,0.0
2023-05-19 00:00:00-04:00,6.860000133514404,6.869999885559082,6.659999847412109,6.800000190734863,173200,0.0,0.0
2023-05-22 00:00:00-04:00,6.809999942779541,6.96999979019165,6.789999961853027,6.900000095367432,194900,0.0,0.0
2023-05-23 00:00:00-04:00,6.860000133514404,7.019999980926514,6.760000228881836,6.800000190734863,237100,0.0,0.0
2023-05-24 00:00:00-04:00,6.739999771118164,6.829999923706055,6.639999866485596,6.659999847412109,171900,0.0,0.0
2023-05-25 00:00:00-04:00,6.630000114440918,6.710000038146973,6.539999961853027,6.570000171661377,143700,0.0,0.0
2023-05-26 00:00:00-04:00,6.570000171661377,6.644999980926514,6.510000228881836,6.619999885559082,198100,0.0,0.0
2023-05-30 00:00:00-04:00,6.639999866485596,6.650000095367432,6.545000076293945,6.550000190734863,179200,0.0,0.0
2023-05-31 00:00:00-04:00,6.539999961853027,6.630000114440918,6.389999866485596,6.440000057220459,1119100,0.0,0.0
2023-06-01 00:00:00-04:00,6.429999828338623,6.429999828338623,6.284999847412109,6.349999904632568,220300,0.0,0.0
2023-06-02 00:00:00-04:00,6.489999771118164,6.769999980926514,6.409999847412109,6.760000228881836,212100,0.0,0.0
2023-06-05 00:00:00-04:00,6.710000038146973,6.75,6.489999771118164,6.519999980926514,308000,0.0,0.0
2023-06-06 00:00:00-04:00,6.519999980926514,6.855000019073486,6.5,6.769999980926514,391200,0.0,0.0
2023-06-07 00:00:00-04:00,6.860000133514404,7.099999904632568,6.835000038146973,7.070000171661377,260500,0.0,0.0
2023-06-08 00:00:00-04:00,7.059999942779541,7.099999904632568,6.869999885559082,7.090000152587891,1498500,0.0,0.0
2023-06-09 00:00:00-04:00,7.059999942779541,7.079999923706055,6.920000076293945,7.0,182800,0.0,0.0
2023-06-12 00:00:00-04:00,7.03000020980835,7.119999885559082,6.960000038146973,7.010000228881836,273900,0.0,0.0
2023-06-13 00:00:00-04:00,7.019999980926514,7.150000095367432,7.010000228881836,7.070000171661377,292200,0.0,0.0
2023-06-14 00:00:00-04:00,7.159999847412109,7.164999961853027,6.96999979019165,7.130000114440918,333800,0.0,0.0
2023-06-15 00:00:00-04:00,7.099999904632568,7.210000038146973,7.050000190734863,7.190000057220459,269200,0.0,0.0
2023-06-16 00:00:00-04:00,7.309999942779541,7.309999942779541,7.025000095367432,7.090000152587891,401000,0.0,0.0
2023-06-20 00:00:00-04:00,7.050000190734863,7.050000190734863,6.949999809265137,6.980000019073486,230400,0.0,0.0
2023-06-21 00:00:00-04:00,6.929999828338623,6.980000019073486,6.880000114440918,6.920000076293945,229800,0.0,0.0
2023-06-22 00:00:00-04:00,6.909999847412109,6.929999828338623,6.800000190734863,6.820000171661377,360000,0.0,0.0
2023-06-23 00:00:00-04:00,6.670000076293945,6.78000020980835,6.570000171661377,6.650000095367432,2346500,0.0,0.0
2023-06-26 00:00:00-04:00,6.639999866485596,6.864999771118164,6.639999866485596,6.690000057220459,365900,0.0,0.0
2023-06-27 00:00:00-04:00,6.730000019073486,6.769000053405762,6.650000095367432,6.650000095367432,201400,0.0,0.0
2023-06-28 00:00:00-04:00,6.679999828338623,6.739999771118164,6.605000019073486,6.670000076293945,302300,0.0,0.0
2023-06-29 00:00:00-04:00,6.699999809265137,6.880000114440918,6.684999942779541,6.710000038146973,230100,0.0,0.0
2023-06-30 00:00:00-04:00,6.800000190734863,6.849999904632568,6.71999979019165,6.739999771118164,211800,0.0,0.0
2023-07-03 00:00:00-04:00,6.710000038146973,6.840000152587891,6.710000038146973,6.75,142900,0.0,0.0
2023-07-05 00:00:00-04:00,6.71999979019165,6.71999979019165,6.59499979019165,6.659999847412109,264900,0.0,0.0
2023-07-06 00:00:00-04:00,6.579999923706055,6.619999885559082,6.5,6.579999923706055,417600,0.0,0.0
2023-07-07 00:00:00-04:00,6.550000190734863,6.789999961853027,6.53000020980835,6.760000228881836,389700,0.0,0.0
2023-07-10 00:00:00-04:00,6.760000228881836,6.909999847412109,6.760000228881836,6.840000152587891,303800,0.0,0.0
2023-07-11 00:00:00-04:00,6.889999866485596,6.954999923706055,6.829999923706055,6.909999847412109,246900,0.0,0.0
2023-07-12 00:00:00-04:00,7.050000190734863,7.070000171661377,6.949999809265137,6.949999809265137,203700,0.0,0.0
2023-07-13 00:00:00-04:00,6.989999771118164,7.03000020980835,6.920000076293945,6.949999809265137,199500,0.0,0.0
2023-07-14 00:00:00-04:00,6.920000076293945,6.940000057220459,6.760000228881836,6.769999980926514,194000,0.0,0.0
2023-07-17 00:00:00-04:00,6.789999961853027,6.965000152587891,6.769999980926514,6.900000095367432,299600,0.0,0.0
2023-07-18 00:00:00-04:00,6.949999809265137,7.050000190734863,6.864999771118164,6.889999866485596,232700,0.0,0.0
2023-07-19 00:00:00-04:00,6.920000076293945,7.010000228881836,6.869999885559082,6.949999809265137,210800,0.0,0.0
2023-07-20 00:00:00-04:00,6.980000019073486,7.0,6.880000114440918,6.949999809265137,260800,0.0,0.0
2023-07-21 00:00:00-04:00,7.0,7.039999961853027,6.804999828338623,6.840000152587891,236300,0.0,0.0
2023-07-24 00:00:00-04:00,6.849999904632568,6.90500020980835,6.78000020980835,6.820000171661377,184200,0.0,0.0
2023-07-25 00:00:00-04:00,6.769999980926514,6.855000019073486,6.710000038146973,6.809999942779541,170900,0.0,0.0
2023-07-26 00:00:00-04:00,6.78000020980835,6.889999866485596,6.75,6.809999942779541,193800,0.0,0.0
2023-07-27 00:00:00-04:00,6.849999904632568,6.849999904632568,6.675000190734863,6.710000038146973,219500,0.0,0.0
2023-07-28 00:00:00-04:00,6.769999980926514,6.815000057220459,6.730000019073486,6.78000020980835,144700,0.0,0.0
2023-07-31 00:00:00-04:00,6.820000171661377,6.974999904632568,6.820000171661377,6.920000076293945,175000,0.0,0.0
2023-08-01 00:00:00-04:00,6.849999904632568,6.949999809265137,6.809999942779541,6.889999866485596,183700,0.0,0.0
2023-08-02 00:00:00-04:00,6.809999942779541,6.860000133514404,6.78000020980835,6.849999904632568,156500,0.0,0.0
2023-08-03 00:00:00-04:00,6.789999961853027,6.914999961853027,6.760000228881836,6.840000152587891,173700,0.0,0.0
2023-08-04 00:00:00-04:00,6.860000133514404,6.920000076293945,6.730000019073486,6.739999771118164,177900,0.0,0.0
2023-08-07 00:00:00-04:00,6.739999771118164,6.809999942779541,6.679999828338623,6.739999771118164,213800,0.0,0.0
2023-08-08 00:00:00-04:00,6.650000095367432,6.679999828338623,6.565000057220459,6.619999885559082,351100,0.0,0.0
2023-08-09 00:00:00-04:00,7.0,7.53000020980835,6.730000019073486,6.739999771118164,620400,0.0,0.0
2023-08-10 00:00:00-04:00,6.789999961853027,6.820000171661377,6.554999828338623,6.650000095367432,310400,0.0,0.0
2023-08-11 00:00:00-04:00,6.639999866485596,6.730000019073486,6.599999904632568,6.659999847412109,210400,0.0,0.0
2023-08-14 00:00:00-04:00,6.639999866485596,6.639999866485596,6.574999809265137,6.599999904632568,248000,0.0,0.0
2023-08-15 00:00:00-04:00,6.559999942779541,6.609000205993652,6.494999885559082,6.550000190734863,435000,0.0,0.0
2023-08-16 00:00:00-04:00,6.539999961853027,6.619999885559082,6.5,6.5,293600,0.0,0.0
2023-08-17 00:00:00-04:00,6.510000228881836,6.534999847412109,6.449999809265137,6.46999979019165,246600,0.0,0.0
2023-08-18 00:00:00-04:00,6.409999847412109,6.53000020980835,6.409999847412109,6.480000019073486,210000,0.0,0.0
2023-08-21 00:00:00-04:00,6.46999979019165,6.510000228881836,6.34499979019165,6.380000114440918,218600,0.0,0.0
2023-08-22 00:00:00-04:00,6.420000076293945,6.449999809265137,6.349999904632568,6.380000114440918,279900,0.0,0.0
2023-08-23 00:00:00-04:00,6.360000133514404,6.505000114440918,6.309999942779541,6.420000076293945,365800,0.0,0.0
2023-08-24 00:00:00-04:00,6.369999885559082,6.519999980926514,6.36299991607666,6.389999866485596,210700,0.0,0.0
2023-08-25 00:00:00-04:00,6.420000076293945,6.489999771118164,6.355000019073486,6.400000095367432,189800,0.0,0.0
2023-08-28 00:00:00-04:00,6.409999847412109,6.539999961853027,6.409999847412109,6.460000038146973,224400,0.0,0.0
2023-08-29 00:00:00-04:00,6.440000057220459,6.570000171661377,6.400000095367432,6.559999942779541,176600,0.0,0.0
2023-08-30 00:00:00-04:00,6.519999980926514,6.650000095367432,6.519999980926514,6.650000095367432,165600,0.0,0.0
2023-08-31 00:00:00-04:00,6.639999866485596,6.739999771118164,6.639999866485596,6.710000038146973,286700,0.0,0.0
2023-09-01 00:00:00-04:00,6.78000020980835,6.829999923706055,6.739999771118164,6.800000190734863,116400,0.0,0.0
2023-09-05 00:00:00-04:00,6.769999980926514,6.789999961853027,6.670000076293945,6.679999828338623,185600,0.0,0.0
2023-09-06 00:00:00-04:00,6.710000038146973,6.760000228881836,6.625,6.690000057220459,181000,0.0,0.0
2023-09-07 00:00:00-04:00,6.670000076293945,6.75,6.630000114440918,6.699999809265137,267100,0.0,0.0
2023-09-08 00:00:00-04:00,6.659999847412109,6.691999912261963,6.510000228881836,6.519999980926514,214700,0.0,0.0
2023-09-11 00:00:00-04:00,6.599999904632568,6.619999885559082,6.449999809265137,6.5,700100,0.0,0.0
2023-09-12 00:00:00-04:00,6.440000057220459,6.534999847412109,6.380000114440918,6.5,235500,0.0,0.0
2023-09-13 00:00:00-04:00,6.480000019073486,6.5,6.369999885559082,6.440000057220459,2266800,0.0,0.0
2023-09-14 00:00:00-04:00,6.53000020980835,6.599999904632568,6.449999809265137,6.539999961853027,332200,0.0,0.0
2023-09-15 00:00:00-04:00,6.550000190734863,6.610000133514404,6.510000228881836,6.53000020980835,650800,0.0,0.0
2023-09-18 00:00:00-04:00,6.539999961853027,6.599999904632568,6.420000076293945,6.420000076293945,203400,0.0,0.0
2023-09-19 00:00:00-04:00,6.429999828338623,6.449999809265137,6.260000228881836,6.289999961853027,394500,0.0,0.0
2023-09-20 00:00:00-04:00,6.329999923706055,6.360000133514404,6.260000228881836,6.260000228881836,344100,0.0,0.0
2023-09-21 00:00:00-04:00,6.320000171661377,6.400000095367432,6.25,6.260000228881836,344800,0.0,0.0
2023-09-22 00:00:00-04:00,6.25,6.28000020980835,6.159999847412109,6.210000038146973,284800,0.0,0.0
2023-09-25 00:00:00-04:00,6.099999904632568,6.289999961853027,6.090000152587891,6.230000019073486,270300,0.0,0.0
2023-09-26 00:00:00-04:00,6.190000057220459,6.25,6.150000095367432,6.159999847412109,286800,0.0,0.0
2023-09-27 00:00:00-04:00,6.230000019073486,6.340000152587891,6.195000171661377,6.239999771118164,342400,0.0,0.0
2023-09-28 00:00:00-04:00,6.25,6.340000152587891,6.25,6.260000228881836,430100,0.0,0.0
2023-09-29 00:00:00-04:00,6.349999904632568,6.349999904632568,6.179999828338623,6.199999809265137,384700,0.0,0.0
2023-10-02 00:00:00-04:00,6.150000095367432,6.199999809265137,6.090000152587891,6.150000095367432,499300,0.0,0.0
2023-10-03 00:00:00-04:00,6.119999885559082,6.170000076293945,6.010000228881836,6.039999961853027,311000,0.0,0.0
2023-10-04 00:00:00-04:00,6.019999980926514,6.045000076293945,5.96999979019165,5.989999771118164,292300,0.0,0.0
2023-10-05 00:00:00-04:00,5.989999771118164,6.114999771118164,5.96999979019165,6.090000152587891,307500,0.0,0.0
2023-10-06 00:00:00-04:00,6.059999942779541,6.190000057220459,6.034999847412109,6.150000095367432,309000,0.0,0.0
2023-10-09 00:00:00-04:00,6.110000133514404,6.21999979019165,6.110000133514404,6.190000057220459,256000,0.0,0.0
2023-10-10 00:00:00-04:00,6.230000019073486,6.324999809265137,6.099999904632568,6.099999904632568,640000,0.0,0.0
2023-10-11 00:00:00-04:00,6.099999904632568,6.150000095367432,6.005000114440918,6.070000171661377,271200,0.0,0.0
2023-10-12 00:00:00-04:00,6.039999961853027,6.059999942779541,5.940000057220459,6.0,457800,0.0,0.0
2023-10-13 00:00:00-04:00,6.0,6.074999809265137,5.880000114440918,5.889999866485596,341300,0.0,0.0
2023-10-16 00:00:00-04:00,5.940000057220459,6.017000198364258,5.869999885559082,5.949999809265137,373200,0.0,0.0
2023-10-17 00:00:00-04:00,5.929999828338623,6.260000228881836,5.90500020980835,6.239999771118164,445800,0.0,0.0
2023-10-18 00:00:00-04:00,6.170000076293945,6.170000076293945,6.079999923706055,6.099999904632568,433600,0.0,0.0
2023-10-19 00:00:00-04:00,6.059999942779541,6.059999942779541,5.889999866485596,5.889999866485596,348100,0.0,0.0
2023-10-20 00:00:00-04:00,5.900000095367432,5.920000076293945,5.820000171661377,5.840000152587891,412700,0.0,0.0
2023-10-23 00:00:00-04:00,5.78000020980835,5.864999771118164,5.605000019073486,5.639999866485596,578300,0.0,0.0
2023-10-24 00:00:00-04:00,5.679999828338623,5.739999771118164,5.420000076293945,5.539999961853027,999300,0.0,0.0
2023-10-25 00:00:00-04:00,5.519999980926514,5.599999904632568,5.480000019073486,5.53000020980835,438200,0.0,0.0
2023-10-26 00:00:00-04:00,5.519999980926514,5.670000076293945,5.519999980926514,5.610000133514404,317000,0.0,0.0
2023-10-27 00:00:00-04:00,5.610000133514404,5.690000057220459,5.579999923706055,5.630000114440918,280100,0.0,0.0
2023-10-30 00:00:00-04:00,5.699999809265137,5.760000228881836,5.670000076293945,5.699999809265137,398500,0.0,0.0
2023-10-31 00:00:00-04:00,5.710000038146973,5.809999942779541,5.650000095367432,5.769999980926514,351300,0.0,0.0
2023-11-01 00:00:00-04:00,5.75,5.909999847412109,5.71999979019165,5.880000114440918,364800,0.0,0.0
2023-11-02 00:00:00-04:00,5.989999771118164,6.135000228881836,5.980000019073486,6.099999904632568,404600,0.0,0.0
2023-11-03 00:00:00-04:00,6.230000019073486,6.389999866485596,6.199999809265137,6.320000171661377,389100,0.0,0.0
2023-11-06 00:00:00-05:00,6.289999961853027,6.289999961853027,6.059999942779541,6.059999942779541,339600,0.0,0.0
2023-11-07 00:00:00-05:00,6.03000020980835,6.150000095367432,6.010000228881836,6.110000133514404,348500,0.0,0.0
2023-11-08 00:00:00-05:00,5.570000171661377,5.570000171661377,4.414999961853027,5.0,2057300,0.0,0.0
2023-11-09 00:00:00-05:00,5.0,5.050000190734863,4.590000152587891,4.710000038146973,1075400,0.0,0.0
2023-11-10 00:00:00-05:00,4.71999979019165,5.03000020980835,4.630000114440918,4.96999979019165,1139700,0.0,0.0
2023-11-13 00:00:00-05:00,4.889999866485596,4.961999893188477,4.820000171661377,4.860000133514404,633200,0.0,0.0
2023-11-14 00:00:00-05:00,5.059999942779541,5.204999923706055,5.039999961853027,5.190000057220459,466900,0.0,0.0
2023-11-15 00:00:00-05:00,5.360000133514404,5.465000152587891,5.260000228881836,5.380000114440918,535800,0.0,0.0
2023-11-16 00:00:00-05:00,5.480000019073486,5.510000228881836,5.21999979019165,5.21999979019165,508200,0.0,0.0
2023-11-17 00:00:00-05:00,5.300000190734863,5.820000171661377,5.184999942779541,5.710000038146973,2593800,0.0,0.0
2023-11-20 00:00:00-05:00,5.699999809265137,5.855000019073486,5.579999923706055,5.690000057220459,829900,0.0,0.0
2023-11-21 00:00:00-05:00,5.619999885559082,5.730000019073486,5.590000152587891,5.630000114440918,450800,0.0,0.0
2023-11-22 00:00:00-05:00,5.670000076293945,5.795000076293945,5.670000076293945,5.75,547900,0.0,0.0
2023-11-24 00:00:00-05:00,5.739999771118164,5.949999809265137,5.739999771118164,5.929999828338623,270500,0.0,0.0
2023-11-27 00:00:00-05:00,5.920000076293945,5.940000057220459,5.769999980926514,5.769999980926514,505600,0.0,0.0
2023-11-28 00:00:00-05:00,5.75,5.880000114440918,5.670000076293945,5.670000076293945,509500,0.0,0.0
2023-11-29 00:00:00-05:00,5.739999771118164,5.920000076293945,5.650000095367432,5.809999942779541,2358400,0.0,0.0
2023-11-30 00:00:00-05:00,5.820000171661377,5.880000114440918,5.769999980926514,5.809999942779541,633900,0.0,0.0
2023-12-01 00:00:00-05:00,5.789999961853027,6.039999961853027,5.789999961853027,6.03000020980835,633000,0.0,0.0
2023-12-04 00:00:00-05:00,5.989999771118164,6.09499979019165,5.978000164031982,6.059999942779541,452200,0.0,0.0
2023-12-05 00:00:00-05:00,6.019999980926514,6.025000095367432,5.960000038146973,5.980000019073486,383700,0.0,0.0
2023-12-06 00:00:00-05:00,6.059999942779541,6.135000228881836,6.010000228881836,6.019999980926514,407000,0.0,0.0
2023-12-07 00:00:00-05:00,6.010000228881836,6.050000190734863,5.869999885559082,5.940000057220459,611800,0.0,0.0
2023-12-08 00:00:00-05:00,5.949999809265137,6.09499979019165,5.949999809265137,6.019999980926514,416600,0.0,0.0
2023-12-11 00:00:00-05:00,6.010000228881836,6.039999961853027,5.920000076293945,5.949999809265137,406300,0.0,0.0
2023-12-12 00:00:00-05:00,5.929999828338623,5.960000038146973,5.880000114440918,5.920000076293945,349400,0.0,0.0
2023-12-13 00:00:00-05:00,5.920000076293945,6.239999771118164,5.889999866485596,6.239999771118164,600200,0.0,0.0
2023-12-14 00:00:00-05:00,6.349999904632568,6.486000061035156,6.309999942779541,6.400000095367432,781800,0.0,0.0
2023-12-15 00:00:00-05:00,6.46999979019165,6.4770002365112305,6.190000057220459,6.25,1135300,0.0,0.0
2023-12-18 00:00:00-05:00,6.329999923706055,6.360000133514404,6.199999809265137,6.21999979019165,421700,0.0,0.0
2023-12-19 00:00:00-05:00,6.320000171661377,6.389999866485596,6.25,6.369999885559082,429400,0.0,0.0
2023-12-20 00:00:00-05:00,6.389999866485596,6.440000057220459,6.21999979019165,6.21999979019165,499900,0.0,0.0
2023-12-21 00:00:00-05:00,6.329999923706055,6.400000095367432,6.289999961853027,6.349999904632568,349900,0.0,0.0
2023-12-22 00:00:00-05:00,6.409999847412109,6.480000019073486,6.389999866485596,6.409999847412109,294500,0.0,0.0
2023-12-26 00:00:00-05:00,6.420000076293945,6.550000190734863,6.420000076293945,6.510000228881836,400400,0.0,0.0
2023-12-27 00:00:00-05:00,6.550000190734863,6.590000152587891,6.46999979019165,6.5,273600,0.0,0.0
2023-12-28 00:00:00-05:00,6.5,6.5,6.340000152587891,6.340000152587891,620300,0.0,0.0
2023-12-29 00:00:00-05:00,6.349999904632568,6.369999885559082,6.150000095367432,6.179999828338623,865900,0.0,0.0
2024-01-02 00:00:00-05:00,6.139999866485596,6.360000133514404,6.111999988555908,6.260000228881836,445200,0.0,0.0
2024-01-03 00:00:00-05:00,6.199999809265137,6.215000152587891,6.079999923706055,6.079999923706055,420000,0.0,0.0
2024-01-04 00:00:00-05:00,6.119999885559082,6.269999980926514,6.090000152587891,6.230000019073486,467800,0.0,0.0
2024-01-05 00:00:00-05:00,6.130000114440918,6.320000171661377,6.130000114440918,6.199999809265137,453200,0.0,0.0
2024-01-08 00:00:00-05:00,6.179999828338623,6.360000133514404,6.130000114440918,6.360000133514404,408700,0.0,0.0
2024-01-09 00:00:00-05:00,6.25,6.255000114440918,6.190000057220459,6.199999809265137,305900,0.0,0.0
2024-01-10 00:00:00-05:00,6.139999866485596,6.215000152587891,6.125,6.190000057220459,291300,0.0,0.0
2024-01-11 00:00:00-05:00,6.139999866485596,6.239999771118164,6.110000133514404,6.21999979019165,306600,0.0,0.0
2024-01-12 00:00:00-05:00,6.340000152587891,6.369999885559082,6.230000019073486,6.239999771118164,289700,0.0,0.0
2024-01-16 00:00:00-05:00,6.150000095367432,6.264999866485596,6.150000095367432,6.21999979019165,355400,0.0,0.0
2024-01-17 00:00:00-05:00,6.110000133514404,6.190000057220459,6.099999904632568,6.159999847412109,273500,0.0,0.0
2024-01-18 00:00:00-05:00,6.170000076293945,6.21999979019165,6.119999885559082,6.21999979019165,262600,0.0,0.0
2024-01-19 00:00:00-05:00,6.239999771118164,6.389999866485596,6.159999847412109,6.380000114440918,406300,0.0,0.0
2024-01-22 00:00:00-05:00,6.449999809265137,6.511000156402588,6.369999885559082,6.400000095367432,412000,0.0,0.0
2024-01-23 00:00:00-05:00,6.510000228881836,6.510000228881836,6.329999923706055,6.369999885559082,451400,0.0,0.0
2024-01-24 00:00:00-05:00,6.46999979019165,6.46999979019165,6.340000152587891,6.360000133514404,438100,0.0,0.0
2024-01-25 00:00:00-05:00,6.46999979019165,6.590000152587891,6.400000095367432,6.489999771118164,574500,0.0,0.0
2024-01-26 00:00:00-05:00,6.559999942779541,6.590000152587891,6.489999771118164,6.53000020980835,350000,0.0,0.0
2024-01-29 00:00:00-05:00,6.550000190734863,6.599999904632568,6.5,6.570000171661377,446700,0.0,0.0
2024-01-30 00:00:00-05:00,6.5,6.614999771118164,6.5,6.579999923706055,386900,0.0,0.0
2024-01-31 00:00:00-05:00,6.579999923706055,6.784999847412109,6.525000095367432,6.539999961853027,1128400,0.0,0.0
2024-02-01 00:00:00-05:00,6.579999923706055,6.690000057220459,6.525000095367432,6.690000057220459,360100,0.0,0.0
2024-02-02 00:00:00-05:00,6.599999904632568,6.739999771118164,6.550000190734863,6.699999809265137,241200,0.0,0.0
2024-02-05 00:00:00-05:00,6.610000133514404,6.610000133514404,6.505000114440918,6.579999923706055,234400,0.0,0.0
2024-02-06 00:00:00-05:00,6.559999942779541,6.715000152587891,6.559999942779541,6.670000076293945,320700,0.0,0.0
2024-02-07 00:00:00-05:00,6.699999809265137,6.75,6.639999866485596,6.730000019073486,202000,0.0,0.0
2024-02-08 00:00:00-05:00,6.699999809265137,6.78000020980835,6.679999828338623,6.78000020980835,207100,0.0,0.0
2024-02-09 00:00:00-05:00,6.820000171661377,6.829999923706055,6.724999904632568,6.769999980926514,325100,0.0,0.0
2024-02-12 00:00:00-05:00,6.760000228881836,6.940000057220459,6.760000228881836,6.920000076293945,306600,0.0,0.0
2024-02-13 00:00:00-05:00,6.710000038146973,6.784999847412109,6.550000190734863,6.590000152587891,496100,0.0,0.0
2024-02-14 00:00:00-05:00,6.690000057220459,6.855000019073486,6.644999980926514,6.849999904632568,286000,0.0,0.0
2024-02-15 00:00:00-05:00,6.880000114440918,7.0,6.815000057220459,7.0,314200,0.0,0.0
2024-02-16 00:00:00-05:00,6.940000057220459,6.985000133514404,6.880000114440918,6.900000095367432,317600,0.0,0.0
2024-02-20 00:00:00-05:00,6.820000171661377,6.900000095367432,6.760000228881836,6.849999904632568,327800,0.0,0.0
2024-02-21 00:00:00-05:00,6.829999923706055,6.829999923706055,6.739999771118164,6.760000228881836,284900,0.0,0.0
2024-02-22 00:00:00-05:00,6.760000228881836,6.769999980926514,6.53000020980835,6.559999942779541,360100,0.0,0.0
2024-02-23 00:00:00-05:00,6.539999961853027,6.559999942779541,6.400000095367432,6.460000038146973,838300,0.0,0.0
2024-02-26 00:00:00-05:00,6.440000057220459,6.480000019073486,6.320000171661377,6.340000152587891,402400,0.0,0.0
2024-02-27 00:00:00-05:00,6.389999866485596,6.420000076293945,6.309999942779541,6.349999904632568,427900,0.0,0.0
2024-02-28 00:00:00-05:00,6.28000020980835,6.360000133514404,6.235000133514404,6.239999771118164,307200,0.0,0.0
2024-02-29 00:00:00-05:00,6.329999923706055,6.420000076293945,6.28000020980835,6.420000076293945,600800,0.0,0.0
2024-03-01 00:00:00-05:00,6.420000076293945,6.429999828338623,6.300000190734863,6.320000171661377,435800,0.0,0.0
2024-03-04 00:00:00-05:00,6.349999904632568,6.385000228881836,6.199999809265137,6.199999809265137,401100,0.0,0.0
2024-03-05 00:00:00-05:00,6.159999847412109,6.289999961853027,6.159999847412109,6.170000076293945,408800,0.0,0.0
2024-03-06 00:00:00-05:00,6.25,6.25,6.050000190734863,6.090000152587891,293600,0.0,0.0
2024-03-07 00:00:00-05:00,6.139999866485596,6.210000038146973,6.059999942779541,6.210000038146973,676000,0.0,0.0
2024-03-08 00:00:00-05:00,5.860000133514404,5.869999885559082,5.0,5.110000133514404,2013300,0.0,0.0
2024-03-11 00:00:00-04:00,5.130000114440918,5.369999885559082,5.000999927520752,5.360000133514404,1063000,0.0,0.0
2024-03-12 00:00:00-04:00,5.369999885559082,5.380000114440918,5.150000095367432,5.230000019073486,654200,0.0,0.0
2024-03-13 00:00:00-04:00,5.380000114440918,5.489999771118164,5.269999980926514,5.349999904632568,672700,0.0,0.0
2024-03-14 00:00:00-04:00,5.340000152587891,5.440000057220459,5.239999771118164,5.309999942779541,584100,0.0,0.0
2024-03-15 00:00:00-04:00,5.289999961853027,5.400000095367432,5.28000020980835,5.360000133514404,755100,0.0,0.0
2024-03-18 00:00:00-04:00,5.349999904632568,5.449999809265137,5.269999980926514,5.369999885559082,400900,0.0,0.0
2024-03-19 00:00:00-04:00,5.380000114440918,5.53000020980835,5.375,5.519999980926514,474400,0.0,0.0
2024-03-20 00:00:00-04:00,5.46999979019165,5.579999923706055,5.389999866485596,5.559999942779541,557600,0.0,0.0
2024-03-21 00:00:00-04:00,5.590000152587891,5.610000133514404,5.5,5.53000020980835,509100,0.0,0.0
2024-03-22 00:00:00-04:00,5.539999961853027,5.559999942779541,5.46999979019165,5.480000019073486,425100,0.0,0.0
2024-03-25 00:00:00-04:00,5.460000038146973,5.610000133514404,5.460000038146973,5.53000020980835,499900,0.0,0.0
2024-03-26 00:00:00-04:00,5.570000171661377,5.590000152587891,5.465000152587891,5.550000190734863,562800,0.0,0.0
2024-03-27 00:00:00-04:00,5.590000152587891,5.75,5.539999961853027,5.75,612900,0.0,0.0
2024-03-28 00:00:00-04:00,5.75,5.940000057220459,5.724999904632568,5.820000171661377,773100,0.0,0.0
2024-04-01 00:00:00-04:00,5.840000152587891,6.03000020980835,5.789999961853027,5.880000114440918,823300,0.0,0.0
2024-04-02 00:00:00-04:00,5.840000152587891,5.96999979019165,5.775000095367432,5.820000171661377,640800,0.0,0.0
2024-04-03 00:00:00-04:00,5.849999904632568,6.039999961853027,5.829999923706055,5.96999979019165,854500,0.0,0.0
2024-04-04 00:00:00-04:00,6.050000190734863,6.269999980926514,5.704999923706055,5.800000190734863,782900,0.0,0.0
2024-04-05 00:00:00-04:00,5.760000228881836,5.84499979019165,5.75,5.789999961853027,1010600,0.0,0.0
2024-04-08 00:00:00-04:00,5.840000152587891,5.900000095367432,5.829999923706055,5.860000133514404,505400,0.0,0.0
2024-04-09 00:00:00-04:00,5.880000114440918,5.929999828338623,5.824999809265137,5.829999923706055,486600,0.0,0.0
2024-04-10 00:00:00-04:00,5.699999809265137,5.764999866485596,5.619999885559082,5.739999771118164,561400,0.0,0.0
2024-04-11 00:00:00-04:00,5.739999771118164,5.820000171661377,5.684000015258789,5.739999771118164,467200,0.0,0.0
2024-04-12 00:00:00-04:00,5.710000038146973,5.78000020980835,5.610000133514404,5.650000095367432,617200,0.0,0.0
2024-04-15 00:00:00-04:00,5.670000076293945,5.710000038146973,5.510000228881836,5.519999980926514,537500,0.0,0.0
2024-04-16 00:00:00-04:00,5.46999979019165,5.550000190734863,5.320000171661377,5.329999923706055,567400,0.0,0.0
2024-04-17 00:00:00-04:00,5.349999904632568,5.400000095367432,5.190000057220459,5.230000019073486,533500,0.0,0.0
2024-04-18 00:00:00-04:00,5.239999771118164,5.340000152587891,5.190000057220459,5.21999979019165,499500,0.0,0.0
2024-04-19 00:00:00-04:00,5.210000038146973,5.309999942779541,5.139999866485596,5.179999828338623,558600,0.0,0.0
2024-04-22 00:00:00-04:00,5.190000057220459,5.260000228881836,5.15500020980835,5.25,745100,0.0,0.0
2024-04-23 00:00:00-04:00,5.289999961853027,5.429999828338623,5.260000228881836,5.369999885559082,647500,0.0,0.0
2024-04-24 00:00:00-04:00,5.300000190734863,5.340000152587891,5.150000095367432,5.170000076293945,636400,0.0,0.0
2024-04-25 00:00:00-04:00,5.079999923706055,5.170000076293945,5.079999923706055,5.130000114440918,609900,0.0,0.0
2024-04-26 00:00:00-04:00,5.159999847412109,5.159999847412109,5.110000133514404,5.119999885559082,315600,0.0,0.0
2024-04-29 00:00:00-04:00,5.159999847412109,5.190000057220459,5.119999885559082,5.130000114440918,581400,0.0,0.0
2024-04-30 00:00:00-04:00,5.070000171661377,5.090000152587891,4.96999979019165,4.989999771118164,733300,0.0,0.0
2024-05-01 00:00:00-04:00,5.0,5.0,4.769999980926514,4.840000152587891,711600,0.0,0.0
2024-05-02 00:00:00-04:00,4.909999847412109,4.940000057220459,4.75,4.900000095367432,688200,0.0,0.0
2024-05-03 00:00:00-04:00,4.179999828338623,4.340000152587891,3.6050000190734863,4.170000076293945,2392700,0.0,0.0
2024-05-06 00:00:00-04:00,4.199999809265137,4.199999809265137,3.8399999141693115,3.880000114440918,1722600,0.0,0.0
2024-05-07 00:00:00-04:00,3.880000114440918,4.139999866485596,3.865000009536743,4.050000190734863,1169800,0.0,0.0
2024-05-08 00:00:00-04:00,4.019999980926514,4.179999828338623,4.019999980926514,4.170000076293945,772700,0.0,0.0
2024-05-09 00:00:00-04:00,4.420000076293945,4.659999847412109,4.357999801635742,4.519999980926514,1231300,0.0,0.0
2024-05-10 00:00:00-04:00,4.519999980926514,4.664999961853027,4.489999771118164,4.53000020980835,968900,0.0,0.0
2024-05-13 00:00:00-04:00,4.539999961853027,4.590000152587891,4.519999980926514,4.559999942779541,677800,0.0,0.0
2024-05-14 00:00:00-04:00,4.599999904632568,4.710000038146973,4.579999923706055,4.599999904632568,657300,0.0,0.0
2024-05-15 00:00:00-04:00,4.639999866485596,4.65500020980835,4.525000095367432,4.550000190734863,528100,0.0,0.0
2024-05-16 00:00:00-04:00,4.539999961853027,4.71999979019165,4.494999885559082,4.699999809265137,758100,0.0,0.0
2024-05-17 00:00:00-04:00,4.710000038146973,4.829999923706055,4.695000171661377,4.829999923706055,983700,0.0,0.0
2024-05-20 00:00:00-04:00,4.829999923706055,4.920000076293945,4.730000019073486,4.739999771118164,980900,0.0,0.0
2024-05-21 00:00:00-04:00,4.71999979019165,4.800000190734863,4.630000114440918,4.650000095367432,485000,0.0,0.0
2024-05-22 00:00:00-04:00,4.619999885559082,4.775000095367432,4.599999904632568,4.679999828338623,449900,0.0,0.0
2024-05-23 00:00:00-04:00,4.659999847412109,4.659999847412109,4.460000038146973,4.460000038146973,682900,0.0,0.0
2024-05-24 00:00:00-04:00,4.480000019073486,4.599999904632568,4.480000019073486,4.590000152587891,465000,0.0,0.0
2024-05-28 00:00:00-04:00,4.570000171661377,4.664999961853027,4.570000171661377,4.599999904632568,496200,0.0,0.0
2024-05-29 00:00:00-04:00,4.550000190734863,4.630000114440918,4.510000228881836,4.539999961853027,658300,0.0,0.0
2024-05-30 00:00:00-04:00,4.579999923706055,4.75,4.579999923706055,4.730000019073486,547100,0.0,0.0
2024-05-31 00:00:00-04:00,4.75,4.864999771118164,4.690000057220459,4.769999980926514,427900,0.0,0.0
2024-06-03 00:00:00-04:00,4.800000190734863,4.849999904632568,4.690000057220459,4.699999809265137,477600,0.0,0.0
2024-06-04 00:00:00-04:00,4.650000095367432,4.690000057220459,4.570000171661377,4.590000152587891,560100,0.0,0.0
2024-06-05 00:00:00-04:00,4.639999866485596,4.769999980926514,4.639999866485596,4.739999771118164,451800,0.0,0.0
2024-06-06 00:00:00-04:00,4.71999979019165,4.840000152587891,4.715000152587891,4.769999980926514,727800,0.0,0.0
2024-06-07 00:00:00-04:00,4.71999979019165,4.849999904632568,4.670000076293945,4.679999828338623,592300,0.0,0.0
2024-06-10 00:00:00-04:00,4.659999847412109,4.809999942779541,4.650000095367432,4.690000057220459,559700,0.0,0.0
2024-06-11 00:00:00-04:00,4.639999866485596,4.699999809265137,4.599999904632568,4.630000114440918,351800,0.0,0.0
2024-06-12 00:00:00-04:00,4.760000228881836,4.835000038146973,4.684999942779541,4.699999809265137,540000,0.0,0.0
2024-06-13 00:00:00-04:00,4.670000076293945,4.739999771118164,4.550000190734863,4.579999923706055,365000,0.0,0.0
2024-06-14 00:00:00-04:00,4.400000095367432,4.400000095367432,4.230000019073486,4.269999980926514,983600,0.0,0.0
2024-06-17 00:00:00-04:00,4.329999923706055,4.420000076293945,4.28000020980835,4.389999866485596,514000,0.0,0.0
2024-06-18 00:00:00-04:00,4.369999885559082,4.5,4.369999885559082,4.449999809265137,516600,0.0,0.0
2024-06-20 00:00:00-04:00,4.400000095367432,4.489999771118164,4.400000095367432,4.449999809265137,571900,0.0,0.0
2024-06-21 00:00:00-04:00,4.449999809265137,4.449999809265137,4.349999904632568,4.420000076293945,622700,0.0,0.0
2024-06-24 00:00:00-04:00,4.460000038146973,4.505000114440918,4.380000114440918,4.440000057220459,430300,0.0,0.0
2024-06-25 00:00:00-04:00,4.400000095367432,4.440000057220459,4.340000152587891,4.389999866485596,441100,0.0,0.0
2024-06-26 00:00:00-04:00,4.369999885559082,4.449999809265137,4.349999904632568,4.389999866485596,424000,0.0,0.0
2024-06-27 00:00:00-04:00,4.400000095367432,4.429999828338623,4.329999923706055,4.349999904632568,545100,0.0,0.0
2024-06-28 00:00:00-04:00,4.349999904632568,4.400000095367432,4.28000020980835,4.349999904632568,1535400,0.0,0.0
2024-07-01 00:00:00-04:00,4.349999904632568,4.349999904632568,4.179999828338623,4.21999979019165,528600,0.0,0.0
2024-07-02 00:00:00-04:00,4.230000019073486,4.335000038146973,4.15500020980835,4.199999809265137,928800,0.0,0.0
2024-07-03 00:00:00-04:00,4.230000019073486,4.315000057220459,4.190000057220459,4.21999979019165,613200,0.0,0.0
2024-07-05 00:00:00-04:00,4.21999979019165,4.309999942779541,4.139999866485596,4.179999828338623,554300,0.0,0.0
2024-07-08 00:00:00-04:00,4.210000038146973,4.25,4.150000095367432,4.210000038146973,660400,0.0,0.0
2024-07-09 00:00:00-04:00,4.170000076293945,4.210000038146973,4.099999904632568,4.099999904632568,524800,0.0,0.0
2024-07-10 00:00:00-04:00,4.099999904632568,4.190000057220459,4.079999923706055,4.150000095367432,451800,0.0,0.0
2024-07-11 00:00:00-04:00,4.25,4.494999885559082,4.235000133514404,4.369999885559082,1091300,0.0,0.0
2024-07-12 00:00:00-04:00,4.449999809265137,4.579999923706055,4.449999809265137,4.510000228881836,635600,0.0,0.0
2024-07-15 00:00:00-04:00,4.519999980926514,4.625,4.420000076293945,4.460000038146973,1664900,0.0,0.0
2024-07-16 00:00:00-04:00,4.510000228881836,4.900000095367432,4.5,4.880000114440918,701100,0.0,0.0
2024-07-17 00:00:00-04:00,4.820000171661377,5.079999923706055,4.820000171661377,5.010000228881836,974200,0.0,0.0
2024-07-18 00:00:00-04:00,4.949999809265137,5.090000152587891,4.75,4.800000190734863,559700,0.0,0.0
2024-07-19 00:00:00-04:00,4.809999942779541,4.820000171661377,4.679999828338623,4.71999979019165,318800,0.0,0.0
2024-07-22 00:00:00-04:00,4.769999980926514,4.860000133514404,4.684999942779541,4.860000133514404,413400,0.0,0.0
2024-07-23 00:00:00-04:00,4.820000171661377,4.994999885559082,4.789999961853027,4.980000019073486,405100,0.0,0.0
2024-07-24 00:00:00-04:00,4.960000038146973,5.090000152587891,4.909999847412109,4.920000076293945,437600,0.0,0.0
2024-07-25 00:00:00-04:00,4.900000095367432,5.199999809265137,4.900000095367432,5.150000095367432,486600,0.0,0.0
2024-07-26 00:00:00-04:00,5.260000228881836,5.329999923706055,5.110000133514404,5.170000076293945,422800,0.0,0.0
2024-07-29 00:00:00-04:00,5.199999809265137,5.255000114440918,5.005000114440918,5.019999980926514,559600,0.0,0.0
2024-07-30 00:00:00-04:00,5.039999961853027,5.070000171661377,4.925000190734863,4.980000019073486,579600,0.0,0.0
2024-07-31 00:00:00-04:00,5.010000228881836,5.170000076293945,4.909999847412109,5.010000228881836,693800,0.0,0.0
2024-08-01 00:00:00-04:00,5.019999980926514,5.019999980926514,4.59499979019165,4.659999847412109,922600,0.0,0.0
2024-08-02 00:00:00-04:00,4.21999979019165,4.244999885559082,3.819999933242798,4.070000171661377,1511700,0.0,0.0
2024-08-05 00:00:00-04:00,3.8499999046325684,3.947000026702881,3.6500000953674316,3.7899999618530273,895300,0.0,0.0
2024-08-06 00:00:00-04:00,3.7699999809265137,3.934999942779541,3.619999885559082,3.9100000858306885,1015300,0.0,0.0
2024-08-07 00:00:00-04:00,3.9700000286102295,4.059999942779541,3.930000066757202,4.050000190734863,921100,0.0,0.0
2024-08-08 00:00:00-04:00,4.159999847412109,4.300000190734863,4.119999885559082,4.25,793400,0.0,0.0
2024-08-09 00:00:00-04:00,4.300000190734863,4.300000190734863,4.034999847412109,4.110000133514404,530000,0.0,0.0
2024-08-12 00:00:00-04:00,4.320000171661377,4.320000171661377,4.054999828338623,4.190000057220459,557300,0.0,0.0
2024-08-13 00:00:00-04:00,4.230000019073486,4.304999828338623,4.170000076293945,4.300000190734863,529100,0.0,0.0
2024-08-14 00:00:00-04:00,4.329999923706055,4.329999923706055,4.224999904632568,4.309999942779541,373300,0.0,0.0
2024-08-15 00:00:00-04:00,4.449999809265137,4.480000019073486,4.315000057220459,4.360000133514404,542200,0.0,0.0
2024-08-16 00:00:00-04:00,4.349999904632568,4.429999828338623,4.329999923706055,4.429999828338623,282500,0.0,0.0
2024-08-19 00:00:00-04:00,4.420000076293945,4.485000133514404,4.389999866485596,4.440000057220459,572400,0.0,0.0
2024-08-20 00:00:00-04:00,4.449999809265137,4.519999980926514,4.414999961853027,4.5,346600,0.0,0.0
2024-08-21 00:00:00-04:00,4.53000020980835,4.570000171661377,4.454999923706055,4.480000019073486,383200,0.0,0.0
2024-08-22 00:00:00-04:00,4.46999979019165,4.480000019073486,4.369999885559082,4.380000114440918,330400,0.0,0.0
2024-08-23 00:00:00-04:00,4.400000095367432,4.599999904632568,4.35099983215332,4.5,1033100,0.0,0.0
2024-08-26 00:00:00-04:00,4.579999923706055,4.670000076293945,4.360000133514404,4.389999866485596,519700,0.0,0.0
2024-08-27 00:00:00-04:00,4.349999904632568,4.349999904632568,4.164999961853027,4.190000057220459,442300,0.0,0.0
2024-08-28 00:00:00-04:00,4.119999885559082,4.230000019073486,4.079999923706055,4.230000019073486,579400,0.0,0.0
2024-08-29 00:00:00-04:00,4.269999980926514,4.355000019073486,4.210000038146973,4.25,243900,0.0,0.0
2024-08-30 00:00:00-04:00,4.190000057220459,4.255000114440918,4.050000190734863,4.099999904632568,333900,0.0,0.0
2024-09-03 00:00:00-04:00,4.050000190734863,4.070000171661377,3.8499999046325684,3.880000114440918,482800,0.0,0.0
2024-09-04 00:00:00-04:00,3.880000114440918,3.880000114440918,3.7300000190734863,3.799999952316284,436300,0.0,0.0
2024-09-05 00:00:00-04:00,3.8399999141693115,3.8399999141693115,3.4200000762939453,3.740000009536743,3197900,0.0,0.0
2024-09-06 00:00:00-04:00,3.75,3.7699999809265137,3.5,3.700000047683716,960400,0.0,0.0
2024-09-09 00:00:00-04:00,3.690000057220459,3.740000009536743,3.369999885559082,3.390000104904175,1263400,0.0,0.0
2024-09-10 00:00:00-04:00,3.390000104904175,3.4600000381469727,3.325000047683716,3.4200000762939453,1141600,0.0,0.0
2024-09-11 00:00:00-04:00,3.4000000953674316,3.430000066757202,3.259999990463257,3.4100000858306885,725200,0.0,0.0
2024-09-12 00:00:00-04:00,3.440000057220459,3.6050000190734863,3.3949999809265137,3.559999942779541,456600,0.0,0.0
2024-09-13 00:00:00-04:00,3.640000104904175,3.7799999713897705,3.5850000381469727,3.7300000190734863,380500,0.0,0.0
2024-09-16 00:00:00-04:00,3.75,3.7899999618530273,3.6700000762939453,3.740000009536743,363700,0.0,0.0
2024-09-17 00:00:00-04:00,3.759999990463257,3.940000057220459,3.740000009536743,3.8499999046325684,447400,0.0,0.0
2024-09-18 00:00:00-04:00,3.8299999237060547,3.944999933242798,3.740000009536743,3.759999990463257,453600,0.0,0.0
2024-09-19 00:00:00-04:00,3.890000104904175,3.890000104904175,3.7899999618530273,3.8399999141693115,322200,0.0,0.0
2024-09-20 00:00:00-04:00,3.819999933242798,3.819999933242798,3.700000047683716,3.7100000381469727,1025400,0.0,0.0
2024-09-23 00:00:00-04:00,3.7100000381469727,3.740000009536743,3.5899999141693115,3.6500000953674316,441400,0.0,0.0
2024-09-24 00:00:00-04:00,3.6700000762939453,3.759999990463257,3.6600000858306885,3.690000057220459,396200,0.0,0.0
2024-09-25 00:00:00-04:00,3.75,3.75,3.505000114440918,3.5199999809265137,379600,0.0,0.0
2024-09-26 00:00:00-04:00,3.559999942779541,3.640000104904175,3.509999990463257,3.5799999237060547,351200,0.0,0.0
2024-09-27 00:00:00-04:00,3.640000104904175,3.690000057220459,3.559999942779541,3.5999999046325684,378500,0.0,0.0
2024-09-30 00:00:00-04:00,3.559999942779541,3.630000114440918,3.4200000762939453,3.450000047683716,416400,0.0,0.0
2024-10-01 00:00:00-04:00,3.4600000381469727,3.4600000381469727,3.2899999618530273,3.2899999618530273,499100,0.0,0.0
2024-10-02 00:00:00-04:00,3.299999952316284,3.4000000953674316,3.200000047683716,3.369999885559082,426600,0.0,0.0
2024-10-03 00:00:00-04:00,3.3399999141693115,3.4000000953674316,3.2799999713897705,3.3299999237060547,466100,0.0,0.0
2024-10-04 00:00:00-04:00,3.4000000953674316,3.450000047683716,3.309999942779541,3.3499999046325684,672100,0.0,0.0
2024-10-07 00:00:00-04:00,3.3299999237060547,3.365999937057495,3.2100000381469727,3.2200000286102295,933500,0.0,0.0
2024-10-08 00:00:00-04:00,3.200000047683716,3.2100000381469727,3.0899999141693115,3.119999885559082,662800,0.0,0.0
2024-10-09 00:00:00-04:00,3.130000114440918,3.1500000953674316,3.0350000858306885,3.109999895095825,450400,0.0,0.0
2024-10-10 00:00:00-04:00,3.059999942779541,3.174999952316284,3.0299999713897705,3.1500000953674316,364500,0.0,0.0
2024-10-11 00:00:00-04:00,3.140000104904175,3.4200000762939453,3.130000114440918,3.4200000762939453,667000,0.0,0.0
2024-10-14 00:00:00-04:00,3.4100000858306885,3.4749999046325684,3.369999885559082,3.4000000953674316,416100,0.0,0.0
2024-10-15 00:00:00-04:00,3.369999885559082,3.490000009536743,3.3499999046325684,3.369999885559082,865600,0.0,0.0
2024-10-16 00:00:00-04:00,3.390000104904175,3.450000047683716,3.2950000762939453,3.3399999141693115,466200,0.0,0.0
2024-10-17 00:00:00-04:00,3.3399999141693115,3.4100000858306885,3.309999942779541,3.390000104904175,552200,0.0,0.0
2024-10-18 00:00:00-04:00,3.4000000953674316,3.4549999237060547,3.3350000381469727,3.369999885559082,348900,0.0,0.0
2024-10-21 00:00:00-04:00,3.380000114440918,3.4149999618530273,3.259999990463257,3.2799999713897705,281900,0.0,0.0
2024-10-22 00:00:00-04:00,3.240000009536743,3.3499999046325684,3.200000047683716,3.299999952316284,324100,0.0,0.0
2024-10-23 00:00:00-04:00,3.2899999618530273,3.3299999237060547,3.234999895095825,3.25,315400,0.0,0.0
2024-10-24 00:00:00-04:00,3.2699999809265137,3.2699999809265137,3.1700000762939453,3.200000047683716,372800,0.0,0.0
2024-10-25 00:00:00-04:00,3.2200000286102295,3.2699999809265137,3.190000057220459,3.240000009536743,290300,0.0,0.0
2024-10-28 00:00:00-04:00,3.25,3.559999942779541,3.2200000286102295,3.559999942779541,421000,0.0,0.0
2024-10-29 00:00:00-04:00,3.549999952316284,3.690000057220459,3.509999990463257,3.630000114440918,519400,0.0,0.0
2024-10-30 00:00:00-04:00,3.5999999046325684,4.054999828338623,3.549999952316284,3.9700000286102295,1305900,0.0,0.0
2024-10-31 00:00:00-04:00,3.950000047683716,4.184999942779541,3.640000104904175,4.090000152587891,1183000,0.0,0.0
2024-11-01 00:00:00-04:00,4.090000152587891,4.195000171661377,4.0,4.03000020980835,538400,0.0,0.0
2024-11-04 00:00:00-05:00,4.019999980926514,4.224999904632568,4.019999980926514,4.110000133514404,486100,0.0,0.0
2024-11-05 00:00:00-05:00,4.059999942779541,4.380000114440918,4.059999942779541,4.349999904632568,435500,0.0,0.0
2024-11-06 00:00:00-05:00,4.550000190734863,5.079999923706055,4.510000228881836,5.0,1793400,0.0,0.0
2024-11-07 00:00:00-05:00,5.019999980926514,5.105000019073486,4.909999847412109,5.010000228881836,761500,0.0,0.0
2024-11-08 00:00:00-05:00,5.0,5.065000057220459,4.875,5.019999980926514,641700,0.0,0.0
2024-11-11 00:00:00-05:00,5.119999885559082,5.159999847412109,4.994999885559082,5.139999866485596,449200,0.0,0.0
2024-11-12 00:00:00-05:00,5.090000152587891,5.195000171661377,4.918000221252441,4.989999771118164,687400,0.0,0.0
2024-11-13 00:00:00-05:00,4.989999771118164,5.119999885559082,4.954999923706055,5.0,543400,0.0,0.0
2024-11-14 00:00:00-05:00,5.059999942779541,5.110000133514404,4.980000019073486,5.099999904632568,962000,0.0,0.0
2024-11-15 00:00:00-05:00,5.159999847412109,5.159999847412109,4.96999979019165,5.090000152587891,393900,0.0,0.0
2024-11-18 00:00:00-05:00,5.119999885559082,5.199999809265137,4.989999771118164,5.050000190734863,491000,0.0,0.0
2024-11-19 00:00:00-05:00,4.960000038146973,5.079999923706055,4.960000038146973,5.059999942779541,296300,0.0,0.0
2024-11-20 00:00:00-05:00,5.03000020980835,5.184999942779541,5.0,5.179999828338623,361800,0.0,0.0
2024-11-21 00:00:00-05:00,5.190000057220459,5.335000038146973,5.150000095367432,5.25,534000,0.0,0.0
2024-11-22 00:00:00-05:00,5.260000228881836,5.795000076293945,5.210000038146973,5.71999979019165,1324300,0.0,0.0
2024-11-25 00:00:00-05:00,5.820000171661377,6.039999961853027,5.795000076293945,5.880000114440918,1134300,0.0,0.0
2024-11-26 00:00:00-05:00,5.800000190734863,5.880000114440918,5.710000038146973,5.800000190734863,600200,0.0,0.0
2024-11-27 00:00:00-05:00,5.829999923706055,6.050000190734863,5.75,6.0,497400,0.0,0.0
2024-11-29 00:00:00-05:00,6.110000133514404,6.110000133514404,5.960000038146973,5.980000019073486,516700,0.0,0.0
2024-12-02 00:00:00-05:00,5.929999828338623,5.989999771118164,5.710000038146973,5.789999961853027,513500,0.0,0.0
2024-12-03 00:00:00-05:00,5.789999961853027,5.864999771118164,5.639999866485596,5.800000190734863,455800,0.0,0.0
2024-12-04 00:00:00-05:00,5.789999961853027,5.809999942779541,5.644999980926514,5.730000019073486,434400,0.0,0.0
2024-12-05 00:00:00-05:00,5.71999979019165,5.876999855041504,5.650000095367432,5.760000228881836,550200,0.0,0.0
2024-12-06 00:00:00-05:00,5.800000190734863,5.815000057220459,5.552000045776367,5.690000057220459,407600,0.0,0.0
2024-12-09 00:00:00-05:00,5.78000020980835,5.829999923706055,5.570000171661377,5.570000171661377,396700,0.0,0.0
2024-12-10 00:00:00-05:00,5.519999980926514,5.539999961853027,5.28000020980835,5.300000190734863,738400,0.0,0.0
2024-12-11 00:00:00-05:00,5.369999885559082,5.389999866485596,5.230000019073486,5.25,607700,0.0,0.0
2024-12-12 00:00:00-05:00,5.21999979019165,5.260000228881836,5.114999771118164,5.179999828338623,415600,0.0,0.0
2024-12-13 00:00:00-05:00,5.150000095367432,5.234000205993652,5.059999942779541,5.190000057220459,1031900,0.0,0.0
2024-12-16 00:00:00-05:00,5.21999979019165,5.434999942779541,5.195000171661377,5.239999771118164,856600,0.0,0.0
2024-12-17 00:00:00-05:00,5.179999828338623,5.179999828338623,4.980000019073486,5.079999923706055,590000,0.0,0.0
2024-12-18 00:00:00-05:00,5.079999923706055,5.179999828338623,4.775000095367432,4.809999942779541,733200,0.0,0.0
2024-12-19 00:00:00-05:00,4.880000114440918,4.949999809265137,4.71999979019165,4.900000095367432,751000,0.0,0.0
2024-12-20 00:00:00-05:00,4.860000133514404,5.144999980926514,4.849999904632568,4.929999828338623,1544300,0.0,0.0
2024-12-23 00:00:00-05:00,4.889999866485596,4.889999866485596,4.585000038146973,4.75,624700,0.0,0.0
2024-12-24 00:00:00-05:00,4.760000228881836,4.840000152587891,4.691999912261963,4.820000171661377,121200,0.0,0.0
2024-12-26 00:00:00-05:00,4.769999980926514,4.909999847412109,4.71999979019165,4.889999866485596,240700,0.0,0.0
2024-12-27 00:00:00-05:00,4.860000133514404,4.940000057220459,4.710000038146973,4.71999979019165,460600,0.0,0.0
2024-12-30 00:00:00-05:00,4.690000057220459,4.894999980926514,4.625,4.809999942779541,743000,0.0,0.0
2024-12-31 00:00:00-05:00,4.829999923706055,4.920000076293945,4.800000190734863,4.809999942779541,327300,0.0,0.0
2025-01-02 00:00:00-05:00,4.929999828338623,4.954999923706055,4.809999942779541,4.840000152587891,509100,0.0,0.0
2025-01-03 00:00:00-05:00,4.889999866485596,4.945000171661377,4.809999942779541,4.869999885559082,586500,0.0,0.0
2025-01-06 00:00:00-05:00,4.860000133514404,5.019999980926514,4.824999809265137,4.900000095367432,491300,0.0,0.0
2025-01-07 00:00:00-05:00,4.920000076293945,4.949999809265137,4.559999942779541,4.610000133514404,614400,0.0,0.0
2025-01-08 00:00:00-05:00,4.539999961853027,4.570000171661377,4.449999809265137,4.5,1051900,0.0,0.0
2025-01-10 00:00:00-05:00,4.369999885559082,4.559999942779541,4.369999885559082,4.5,674800,0.0,0.0
2025-01-13 00:00:00-05:00,4.460000038146973,4.519999980926514,4.425000190734863,4.5,319700,0.0,0.0
2025-01-14 00:00:00-05:00,4.579999923706055,4.75,4.474999904632568,4.480000019073486,1599400,0.0,0.0
2025-01-15 00:00:00-05:00,4.670000076293945,4.699999809265137,4.559999942779541,4.659999847412109,637700,0.0,0.0
2025-01-16 00:00:00-05:00,4.630000114440918,4.664999961853027,4.550000190734863,4.630000114440918,491500,0.0,0.0
2025-01-17 00:00:00-05:00,4.710000038146973,4.929999828338623,4.690000057220459,4.760000228881836,526700,0.0,0.0
2025-01-21 00:00:00-05:00,4.829999923706055,5.070000171661377,4.730000019073486,5.019999980926514,1025700,0.0,0.0
2025-01-22 00:00:00-05:00,4.989999771118164,5.329999923706055,4.949999809265137,5.059999942779541,3570300,0.0,0.0
2025-01-23 00:00:00-05:00,5.079999923706055,5.369999885559082,5.070000171661377,5.369999885559082,1036400,0.0,0.0
2025-01-24 00:00:00-05:00,5.409999847412109,5.449999809265137,5.239999771118164,5.25,534800,0.0,0.0
2025-01-27 00:00:00-05:00,5.230000019073486,5.269999980926514,5.014999866485596,5.050000190734863,856700,0.0,0.0
2025-01-28 00:00:00-05:00,5.050000190734863,5.179999828338623,5.03000020980835,5.079999923706055,645700,0.0,0.0
2025-01-29 00:00:00-05:00,5.070000171661377,5.235000133514404,5.070000171661377,5.190000057220459,639400,0.0,0.0
2025-01-30 00:00:00-05:00,5.239999771118164,5.400000095367432,5.204999923706055,5.289999961853027,677700,0.0,0.0
2025-01-31 00:00:00-05:00,5.260000228881836,5.320000171661377,5.090000152587891,5.090000152587891,2834000,0.0,0.0
2025-02-03 00:00:00-05:00,4.900000095367432,5.0,4.695000171661377,4.78000020980835,759400,0.0,0.0
2025-02-04 00:00:00-05:00,4.909999847412109,5.210000038146973,4.860000133514404,5.199999809265137,691500,0.0,0.0
2025-02-05 00:00:00-05:00,5.210000038146973,5.429999828338623,5.105000019073486,5.420000076293945,1031600,0.0,0.0
2025-02-06 00:00:00-05:00,5.440000057220459,5.440000057220459,5.09499979019165,5.119999885559082,528700,0.0,0.0
2025-02-07 00:00:00-05:00,5.119999885559082,5.184999942779541,5.005000114440918,5.059999942779541,483500,0.0,0.0
2025-02-10 00:00:00-05:00,5.119999885559082,5.304999828338623,5.119999885559082,5.230000019073486,364100,0.0,0.0
2025-02-11 00:00:00-05:00,5.190000057220459,5.369999885559082,5.179999828338623,5.239999771118164,488200,0.0,0.0
2025-02-12 00:00:00-05:00,5.119999885559082,5.199999809265137,5.070000171661377,5.190000057220459,495000,0.0,0.0
2025-02-13 00:00:00-05:00,5.21999979019165,5.275000095367432,5.065000057220459,5.159999847412109,440800,0.0,0.0
2025-02-14 00:00:00-05:00,5.199999809265137,5.215000152587891,5.019999980926514,5.019999980926514,378200,0.0,0.0
2025-02-18 00:00:00-05:00,5.010000228881836,5.070000171661377,4.920000076293945,5.019999980926514,409200,0.0,0.0
2025-02-19 00:00:00-05:00,4.980000019073486,4.998000144958496,4.800000190734863,4.920000076293945,489300,0.0,0.0
2025-02-20 00:00:00-05:00,4.880000114440918,4.889999866485596,4.710000038146973,4.800000190734863,436300,0.0,0.0
2025-02-21 00:00:00-05:00,4.889999866485596,4.889999866485596,4.59499979019165,4.619999885559082,494600,0.0,0.0
2025-02-24 00:00:00-05:00,4.679999828338623,4.679999828338623,4.480000019073486,4.480000019073486,421500,0.0,0.0
2025-02-25 00:00:00-05:00,4.550000190734863,4.550000190734863,4.409999847412109,4.510000228881836,346600,0.0,0.0
2025-02-26 00:00:00-05:00,4.539999961853027,4.574999809265137,4.434999942779541,4.480000019073486,274800,0.0,0.0
2025-02-27 00:00:00-05:00,4.489999771118164,4.539999961853027,4.329999923706055,4.340000152587891,338500,0.0,0.0
2025-02-28 00:00:00-05:00,4.320000171661377,4.465000152587891,4.28000020980835,4.429999828338623,642800,0.0,0.0
2025-03-03 00:00:00-05:00,4.5,4.519999980926514,4.130000114440918,4.139999866485596,536500,0.0,0.0
2025-03-04 00:00:00-05:00,4.010000228881836,4.135000228881836,3.875,4.019999980926514,834300,0.0,0.0
2025-03-05 00:00:00-05:00,5.349999904632568,5.480000019073486,4.460000038146973,4.829999923706055,2556000,0.0,0.0
2025-03-06 00:00:00-05:00,4.829999923706055,5.289999961853027,4.789999961853027,4.949999809265137,2016300,0.0,0.0
2025-03-07 00:00:00-05:00,4.940000057220459,5.074999809265137,4.809999942779541,4.920000076293945,716100,0.0,0.0
2025-03-10 00:00:00-04:00,4.760000228881836,4.849999904632568,4.630000114440918,4.75,967400,0.0,0.0
2025-03-11 00:00:00-04:00,4.739999771118164,4.935999870300293,4.690000057220459,4.909999847412109,849300,0.0,0.0
2025-03-12 00:00:00-04:00,4.989999771118164,4.989999771118164,4.71999979019165,4.769999980926514,447400,0.0,0.0
2025-03-13 00:00:00-04:00,4.71999979019165,4.809999942779541,4.585000038146973,4.610000133514404,539700,0.0,0.0
2025-03-14 00:00:00-04:00,4.699999809265137,4.730000019073486,4.619999885559082,4.670000076293945,389000,0.0,0.0
2025-03-17 00:00:00-04:00,4.739999771118164,4.900000095367432,4.690000057220459,4.730000019073486,506300,0.0,0.0
2025-03-18 00:00:00-04:00,4.679999828338623,4.715000152587891,4.630000114440918,4.690000057220459,334600,0.0,0.0
2025-03-19 00:00:00-04:00,4.699999809265137,4.860000133514404,4.679999828338623,4.860000133514404,503000,0.0,0.0
2025-03-20 00:00:00-04:00,4.769999980926514,4.869999885559082,4.664999961853027,4.800000190734863,679300,0.0,0.0
2025-03-21 00:00:00-04:00,4.730000019073486,4.789999961853027,4.650000095367432,4.789999961853027,851000,0.0,0.0
2025-03-24 00:00:00-04:00,4.880000114440918,5.15500020980835,4.869999885559082,5.150000095367432,333700,0.0,0.0
2025-03-25 00:00:00-04:00,5.159999847412109,5.210000038146973,5.054999828338623,5.210000038146973,683200,0.0,0.0
2025-03-26 00:00:00-04:00,5.21999979019165,5.260000228881836,4.684999942779541,4.739999771118164,474500,0.0,0.0
2025-03-27 00:00:00-04:00,4.710000038146973,4.730000019073486,4.510000228881836,4.650000095367432,497400,0.0,0.0
2025-03-28 00:00:00-04:00,4.610000133514404,4.650000095367432,4.409999847412109,4.449999809265137,717800,0.0,0.0
2025-03-31 00:00:00-04:00,4.320000171661377,4.340000152587891,4.199999809265137,4.21999979019165,665100,0.0,0.0
2025-04-01 00:00:00-04:00,4.199999809265137,4.230000019073486,4.114999771118164,4.199999809265137,548700,0.0,0.0
2025-04-02 00:00:00-04:00,4.110000133514404,4.409999847412109,4.099999904632568,4.400000095367432,440600,0.0,0.0
2025-04-03 00:00:00-04:00,4.090000152587891,4.224999904632568,3.950000047683716,4.019999980926514,910300,0.0,0.0
2025-04-04 00:00:00-04:00,3.7699999809265137,3.7699999809265137,3.3550000190734863,3.5199999809265137,887700,0.0,0.0
2025-04-07 00:00:00-04:00,3.25,3.75,3.180000066757202,3.619999885559082,857000,0.0,0.0
2025-04-08 00:00:00-04:00,3.8499999046325684,3.869999885559082,3.2899999618530273,3.390000104904175,807600,0.0,0.0
2025-04-09 00:00:00-04:00,3.309999942779541,3.869999885559082,3.244999885559082,3.75,1245500,0.0,0.0
2025-04-10 00:00:00-04:00,3.609999895095825,3.694999933242798,3.384999990463257,3.5399999618530273,827400,0.0,0.0
2025-04-11 00:00:00-04:00,3.549999952316284,3.609999895095825,3.359999895095825,3.4100000858306885,994600,0.0,0.0
2025-04-14 00:00:00-04:00,3.5,3.7049999237060547,3.3299999237060547,3.6500000953674316,2369900,0.0,0.0
2025-04-15 00:00:00-04:00,3.630000114440918,3.740000009536743,3.369999885559082,3.4100000858306885,1067800,0.0,0.0
2025-04-16 00:00:00-04:00,3.369999885559082,3.434999942779541,3.2899999618530273,3.390000104904175,712500,0.0,0.0
2025-04-17 00:00:00-04:00,3.390000104904175,3.809999942779541,3.390000104904175,3.799999952316284,1136000,0.0,0.0
2025-04-21 00:00:00-04:00,3.740000009536743,3.805000066757202,3.505000114440918,3.759999990463257,2512100,0.0,0.0
2025-04-22 00:00:00-04:00,3.799999952316284,3.880000114440918,3.674999952316284,3.8399999141693115,809400,0.0,0.0
2025-04-23 00:00:00-04:00,3.990000009536743,4.150000095367432,3.9149999618530273,3.950000047683716,783400,0.0,0.0
2025-04-24 00:00:00-04:00,3.9600000381469727,4.260000228881836,3.934999942779541,4.260000228881836,593400,0.0,0.0
2025-04-25 00:00:00-04:00,4.199999809265137,4.394999980926514,4.144999980926514,4.340000152587891,908900,0.0,0.0
2025-04-28 00:00:00-04:00,4.199999809265137,4.300000190734863,3.9649999141693115,4.150000095367432,771200,0.0,0.0
2025-04-29 00:00:00-04:00,4.159999847412109,4.260000228881836,3.944999933242798,4.230000019073486,927100,0.0,0.0
2025-04-30 00:00:00-04:00,4.079999923706055,4.110000133514404,3.8399999141693115,4.03000020980835,1011600,0.0,0.0
2025-05-01 00:00:00-04:00,3.799999952316284,4.190000057220459,3.7699999809265137,3.9100000858306885,954900,0.0,0.0
2025-05-02 00:00:00-04:00,4.0,4.28000020980835,4.0,4.099999904632568,1004900,0.0,0.0
2025-05-05 00:00:00-04:00,3.990000009536743,4.224999904632568,3.990000009536743,4.199999809265137,801800,0.0,0.0
2025-05-06 00:00:00-04:00,4.150000095367432,4.235000133514404,4.025000095367432,4.139999866485596,583000,0.0,0.0
2025-05-07 00:00:00-04:00,4.190000057220459,4.289999961853027,4.065000057220459,4.119999885559082,586300,0.0,0.0
2025-05-08 00:00:00-04:00,4.199999809265137,4.269999980926514,4.079999923706055,4.269999980926514,771500,0.0,0.0
2025-05-09 00:00:00-04:00,4.300000190734863,4.355000019073486,4.199999809265137,4.329999923706055,906100,0.0,0.0
2025-05-12 00:00:00-04:00,4.599999904632568,4.679999828338623,4.400000095367432,4.480000019073486,578300,0.0,0.0
2025-05-13 00:00:00-04:00,4.539999961853027,4.659999847412109,4.480000019073486,4.559999942779541,552600,0.0,0.0
2025-05-14 00:00:00-04:00,4.550000190734863,4.699999809265137,4.494999885559082,4.679999828338623,650700,0.0,0.0
2025-05-15 00:00:00-04:00,4.639999866485596,4.699999809265137,4.545000076293945,4.599999904632568,317000,0.0,0.0
2025-05-16 00:00:00-04:00,4.610000133514404,4.738999843597412,4.510000228881836,4.71999979019165,626000,0.0,0.0
2025-05-19 00:00:00-04:00,4.610000133514404,4.704999923706055,4.565000057220459,4.659999847412109,311200,0.0,0.0
2025-05-20 00:00:00-04:00,4.650000095367432,4.699999809265137,4.534999847412109,4.559999942779541,287000,0.0,0.0
2025-05-21 00:00:00-04:00,4.489999771118164,4.519999980926514,4.349999904632568,4.369999885559082,275600,0.0,0.0
2025-05-22 00:00:00-04:00,4.340000152587891,4.394999980926514,4.300000190734863,4.369999885559082,337100,0.0,0.0
2025-05-23 00:00:00-04:00,4.230000019073486,4.340000152587891,4.230000019073486,4.309999942779541,328000,0.0,0.0
2025-05-27 00:00:00-04:00,4.420000076293945,4.480000019073486,4.329999923706055,4.440000057220459,261600,0.0,0.0
2025-05-28 00:00:00-04:00,4.429999828338623,4.445000171661377,4.335000038146973,4.360000133514404,235300,0.0,0.0
2025-05-29 00:00:00-04:00,4.380000114440918,4.429999828338623,4.309999942779541,4.400000095367432,260500,0.0,0.0
2025-05-30 00:00:00-04:00,4.360000133514404,4.40500020980835,4.300000190734863,4.300000190734863,261500,0.0,0.0
2025-06-02 00:00:00-04:00,4.309999942779541,4.315000057220459,4.190000057220459,4.239999771118164,360500,0.0,0.0
2025-06-03 00:00:00-04:00,4.269999980926514,4.514999866485596,4.25,4.5,439300,0.0,0.0
2025-06-04 00:00:00-04:00,4.53000020980835,4.619999885559082,4.5,4.599999904632568,644100,0.0,0.0
2025-06-05 00:00:00-04:00,4.619999885559082,4.670000076293945,4.5,4.53000020980835,413000,0.0,0.0
2025-06-06 00:00:00-04:00,4.659999847412109,4.78000020980835,4.619999885559082,4.659999847412109,399700,0.0,0.0
2025-06-09 00:00:00-04:00,4.710000038146973,4.829999923706055,4.630000114440918,4.639999866485596,503700,0.0,0.0
2025-06-10 00:00:00-04:00,4.690000057220459,4.755000114440918,4.639999866485596,4.739999771118164,510600,0.0,0.0
2025-06-11 00:00:00-04:00,4.75,4.804999828338623,4.684999942779541,4.739999771118164,310400,0.0,0.0
2025-06-12 00:00:00-04:00,4.670000076293945,4.795000076293945,4.670000076293945,4.71999979019165,245700,0.0,0.0
2025-06-13 00:00:00-04:00,4.599999904632568,4.735000133514404,4.599999904632568,4.639999866485596,375700,0.0,0.0
2025-06-16 00:00:00-04:00,4.730000019073486,4.804999828338623,4.670000076293945,4.71999979019165,275000,0.0,0.0
2025-06-17 00:00:00-04:00,4.650000095367432,4.789999961853027,4.650000095367432,4.699999809265137,468200,0.0,0.0
2025-06-18 00:00:00-04:00,4.679999828338623,4.855000019073486,4.659999847412109,4.739999771118164,400400,0.0,0.0
2025-06-20 00:00:00-04:00,4.809999942779541,4.849999904632568,4.739999771118164,4.75,527500,0.0,0.0
2025-06-23 00:00:00-04:00,4.699999809265137,4.84499979019165,4.625,4.829999923706055,556900,0.0,0.0
2025-06-24 00:00:00-04:00,4.880000114440918,5.045000076293945,4.820000171661377,4.960000038146973,536500,0.0,0.0
2025-06-25 00:00:00-04:00,4.96999979019165,5.0279998779296875,4.889999866485596,4.920000076293945,330700,0.0,0.0
2025-06-26 00:00:00-04:00,4.949999809265137,5.119999885559082,4.940000057220459,5.070000171661377,682900,0.0,0.0
2025-06-27 00:00:00-04:00,5.110000133514404,5.139999866485596,4.994999885559082,5.039999961853027,2609900,0.0,0.0
2025-06-30 00:00:00-04:00,5.079999923706055,5.130000114440918,4.929999828338623,4.940000057220459,620200,0.0,0.0
2025-07-01 00:00:00-04:00,4.900000095367432,5.074999809265137,4.860000133514404,4.900000095367432,927500,0.0,0.0
2025-07-02 00:00:00-04:00,4.900000095367432,5.0,4.840000152587891,5.0,885500,0.0,0.0
2025-07-03 00:00:00-04:00,5.019999980926514,5.150000095367432,4.965000152587891,5.139999866485596,418900,0.0,0.0
2025-07-07 00:00:00-04:00,5.070000171661377,5.079999923706055,4.965000152587891,5.010000228881836,602800,0.0,0.0
2025-07-08 00:00:00-04:00,5.050000190734863,5.179999828338623,5.010000228881836,5.090000152587891,560000,0.0,0.0
2025-07-09 00:00:00-04:00,5.159999847412109,5.210000038146973,5.090000152587891,5.190000057220459,382800,0.0,0.0
2025-07-10 00:00:00-04:00,5.179999828338623,5.284999847412109,5.179999828338623,5.199999809265137,466100,0.0,0.0
2025-07-11 00:00:00-04:00,5.139999866485596,5.195000171661377,5.130000114440918,5.150000095367432,512800,0.0,0.0
2025-07-14 00:00:00-04:00,5.139999866485596,5.239999771118164,5.090000152587891,5.150000095367432,484700,0.0,0.0
2025-07-15 00:00:00-04:00,5.53000020980835,5.929999828338623,5.425000190734863,5.670000076293945,1991700,0.0,0.0
2025-07-16 00:00:00-04:00,5.730000019073486,5.730000019073486,5.364999771118164,5.610000133514404,925300,0.0,0.0
2025-07-17 00:00:00-04:00,5.579999923706055,5.849999904632568,5.579999923706055,5.78000020980835,1572600,0.0,0.0
2025-07-18 00:00:00-04:00,5.820000171661377,5.840000152587891,5.510000228881836,5.579999923706055,1193200,0.0,0.0
2025-07-21 00:00:00-04:00,5.619999885559082,5.744999885559082,5.550000190734863,5.559999942779541,1007500,0.0,0.0
2025-07-22 00:00:00-04:00,5.570000171661377,5.795000076293945,5.570000171661377,5.730000019073486,904600,0.0,0.0
2025-07-23 00:00:00-04:00,5.800000190734863,5.889999866485596,5.75,5.889999866485596,799900,0.0,0.0
2025-07-24 00:00:00-04:00,5.849999904632568,5.965000152587891,5.75,5.809999942779541,613800,0.0,0.0
2025-07-25 00:00:00-04:00,5.869999885559082,5.980000019073486,5.755000114440918,5.960000038146973,646100,0.0,0.0
2025-07-28 00:00:00-04:00,6.0,6.019999980926514,5.885000228881836,5.949999809265137,602900,0.0,0.0
2025-07-29 00:00:00-04:00,6.010000228881836,6.070000171661377,5.724999904632568,5.78000020980835,569300,0.0,0.0
2025-07-30 00:00:00-04:00,5.840000152587891,5.880000114440918,5.659999847412109,5.699999809265137,822800,0.0,0.0
2025-07-31 00:00:00-04:00,6.130000114440918,6.639999866485596,5.923999786376953,6.190000057220459,2090900,0.0,0.0
2025-08-01 00:00:00-04:00,6.070000171661377,6.480000019073486,6.070000171661377,6.159999847412109,1828600,0.0,0.0
2025-08-04 00:00:00-04:00,6.199999809265137,6.239999771118164,5.974999904632568,6.0,824900,0.0,0.0
2025-08-05 00:00:00-04:00,6.059999942779541,6.085000038146973,5.730000019073486,5.989999771118164,1307900,0.0,0.0
2025-08-06 00:00:00-04:00,5.989999771118164,6.050000190734863,5.809999942779541,5.840000152587891,649900,0.0,0.0
2025-08-07 00:00:00-04:00,5.96999979019165,6.119999885559082,5.699999809265137,5.78000020980835,949900,0.0,0.0
2025-08-08 00:00:00-04:00,5.800000190734863,5.900000095367432,5.610000133514404,5.699999809265137,900000,0.0,0.0
2025-08-11 00:00:00-04:00,5.679999828338623,5.739999771118164,5.539999961853027,5.599999904632568,536900,0.0,0.0
2025-08-12 00:00:00-04:00,5.630000114440918,5.940000057220459,5.610000133514404,5.929999828338623,628500,0.0,0.0
2025-08-13 00:00:00-04:00,5.940000057220459,6.090000152587891,5.934999942779541,6.039999961853027,622000,0.0,0.0
2025-08-14 00:00:00-04:00,5.949999809265137,5.989999771118164,5.815000057220459,5.96999979019165,531500,0.0,0.0
2025-08-15 00:00:00-04:00,5.980000019073486,6.010000228881836,5.835000038146973,5.889999866485596,355800,0.0,0.0
2025-08-18 00:00:00-04:00,5.869999885559082,6.150000095367432,5.869999885559082,6.139999866485596,428900,0.0,0.0
2025-08-19 00:00:00-04:00,6.159999847412109,6.275000095367432,6.0,6.03000020980835,463400,0.0,0.0
2025-08-20 00:00:00-04:00,5.309999942779541,5.849999904632568,5.28000020980835,5.710000038146973,455500,0.0,0.0
2025-08-21 00:00:00-04:00,5.679999828338623,5.75,5.60099983215332,5.679999828338623,336900,0.0,0.0
2025-08-22 00:00:00-04:00,5.739999771118164,6.125,5.659999847412109,6.03000020980835,533500,0.0,0.0
2025-08-25 00:00:00-04:00,6.019999980926514,6.090000152587891,5.940000057220459,5.940000057220459,376600,0.0,0.0
2025-08-26 00:00:00-04:00,5.909999847412109,6.050000190734863,5.909999847412109,6.010000228881836,680700,0.0,0.0
2025-08-27 00:00:00-04:00,5.960000038146973,6.050000190734863,5.934999942779541,5.989999771118164,367800,0.0,0.0
2025-08-28 00:00:00-04:00,6.059999942779541,6.190000057220459,5.989999771118164,6.110000133514404,677300,0.0,0.0
2025-08-29 00:00:00-04:00,6.130000114440918,6.199999809265137,6.059999942779541,6.139999866485596,572400,0.0,0.0
2025-09-02 00:00:00-04:00,5.989999771118164,6.164999961853027,5.909999847412109,6.139999866485596,442100,0.0,0.0
2025-09-03 00:00:00-04:00,6.119999885559082,6.159999847412109,6.005000114440918,6.059999942779541,400900,0.0,0.0
2025-09-04 00:00:00-04:00,6.090000152587891,6.21999979019165,6.039999961853027,6.150000095367432,532400,0.0,0.0
2025-09-05 00:00:00-04:00,6.199999809265137,6.320000171661377,6.074999809265137,6.090000152587891,804300,0.0,0.0
2025-09-08 00:00:00-04:00,6.150000095367432,6.171000003814697,5.880000114440918,5.889999866485596,551200,0.0,0.0
2025-09-09 00:00:00-04:00,5.820000171661377,5.860000133514404,5.599999904632568,5.610000133514404,915200,0.0,0.0
2025-09-10 00:00:00-04:00,5.630000114440918,5.815000057220459,5.539999961853027,5.710000038146973,3577000,0.0,0.0
2025-09-11 00:00:00-04:00,5.75,5.920000076293945,5.75,5.849999904632568,813400,0.0,0.0
2025-09-12 00:00:00-04:00,5.78000020980835,5.840000152587891,5.670000076293945,5.710000038146973,527900,0.0,0.0
2025-09-15 00:00:00-04:00,5.769999980926514,5.824999809265137,5.699999809265137,5.769999980926514,473800,0.0,0.0
2025-09-16 00:00:00-04:00,5.789999961853027,5.820000171661377,5.625,5.739999771118164,482700,0.0,0.0
2025-09-17 00:00:00-04:00,5.75,5.889999866485596,5.574999809265137,5.599999904632568,491400,0.0,0.0
2025-09-18 00:00:00-04:00,5.679999828338623,6.079999923706055,5.630000114440918,5.989999771118164,556600,0.0,0.0
2025-09-19 00:00:00-04:00,6.019999980926514,6.039999961853027,5.71999979019165,5.78000020980835,1009700,0.0,0.0
2025-09-22 00:00:00-04:00,5.730000019073486,6.059999942779541,5.699999809265137,6.019999980926514,747600,0.0,0.0
2025-09-23 00:00:00-04:00,6.050000190734863,6.170000076293945,5.929999828338623,6.079999923706055,1043600,0.0,0.0
2025-09-24 00:00:00-04:00,6.090000152587891,6.125,5.929999828338623,5.980000019073486,600100,0.0,0.0
2025-09-25 00:00:00-04:00,5.880000114440918,5.980000019073486,5.829999923706055,5.96999979019165,602200,0.0,0.0
2025-09-26 00:00:00-04:00,5.96999979019165,6.179999828338623,5.940000057220459,6.179999828338623,515900,0.0,0.0
2025-09-29 00:00:00-04:00,6.210000038146973,6.349999904632568,6.15500020980835,6.340000152587891,628700,0.0,0.0
2025-09-30 00:00:00-04:00,6.340000152587891,6.434999942779541,6.28000020980835,6.420000076293945,625300,0.0,0.0
2025-10-01 00:00:00-04:00,6.380000114440918,6.534999847412109,6.355000019073486,6.510000228881836,642600,0.0,0.0
2025-10-02 00:00:00-04:00,6.519999980926514,6.579999923706055,6.275000095367432,6.389999866485596,1046600,0.0,0.0
2025-10-03 00:00:00-04:00,6.449999809265137,6.585999965667725,6.4079999923706055,6.519999980926514,639300,0.0,0.0
2025-10-06 00:00:00-04:00,6.559999942779541,6.590000152587891,6.429999828338623,6.460000038146973,790500,0.0,0.0
2025-10-07 00:00:00-04:00,6.449999809265137,6.480000019073486,6.179999828338623,6.199999809265137,1733600,0.0,0.0
2025-10-08 00:00:00-04:00,6.190000057220459,6.389999866485596,6.105000019073486,6.28000020980835,588100,0.0,0.0
2025-10-09 00:00:00-04:00,6.360000133514404,6.710000038146973,6.360000133514404,6.480000019073486,1477500,0.0,0.0
2025-10-10 00:00:00-04:00,6.480000019073486,6.519999980926514,6.130000114440918,6.139999866485596,807700,0.0,0.0
2025-10-13 00:00:00-04:00,6.190000057220459,6.46999979019165,6.190000057220459,6.46999979019165,814900,0.0,0.0
2025-10-14 00:00:00-04:00,6.349999904632568,6.730000019073486,6.239999771118164,6.539999961853027,911900,0.0,0.0
2025-10-15 00:00:00-04:00,6.599999904632568,6.625,6.485000133514404,6.570000171661377,1105600,0.0,0.0
2025-10-16 00:00:00-04:00,6.559999942779541,6.630000114440918,6.349999904632568,6.409999847412109,823800,0.0,0.0
2025-10-17 00:00:00-04:00,6.329999923706055,6.434999942779541,6.304999828338623,6.380000114440918,643000,0.0,0.0
2025-10-20 00:00:00-04:00,6.480000019073486,6.579999923706055,6.400000095367432,6.579999923706055,493500,0.0,0.0
2025-10-21 00:00:00-04:00,6.590000152587891,6.65500020980835,6.489999771118164,6.599999904632568,401100,0.0,0.0
2025-10-22 00:00:00-04:00,6.610000133514404,6.659999847412109,6.360000133514404,6.429999828338623,646200,0.0,0.0
2025-10-23 00:00:00-04:00,6.429999828338623,6.480000019073486,6.284999847412109,6.389999866485596,560400,0.0,0.0
2025-10-24 00:00:00-04:00,6.5,6.619999885559082,6.380000114440918,6.610000133514404,614800,0.0,0.0
2025-10-27 00:00:00-04:00,6.650000095367432,6.7820000648498535,6.619999885559082,6.739999771118164,955800,0.0,0.0
2025-10-28 00:00:00-04:00,5.989999771118164,6.150000095367432,5.46999979019165,6.019999980926514,2641000,0.0,0.0
2025-10-29 00:00:00-04:00,5.980000019073486,6.40500020980835,5.96999979019165,6.039999961853027,1172100,0.0,0.0
2025-10-30 00:00:00-04:00,6.0,6.09499979019165,5.820000171661377,5.860000133514404,668300,0.0,0.0
2025-10-31 00:00:00-04:00,5.880000114440918,5.940000057220459,5.764999866485596,5.889999866485596,620500,0.0,0.0
2025-11-03 00:00:00-05:00,5.880000114440918,5.934999942779541,5.75,5.809999942779541,552100,0.0,0.0
2025-11-04 00:00:00-05:00,5.71999979019165,5.864999771118164,5.699999809265137,5.739999771118164,590100,0.0,0.0
2025-11-05 00:00:00-05:00,5.760000228881836,5.925000190734863,5.739999771118164,5.869999885559082,535000,0.0,0.0
2025-11-06 00:00:00-05:00,5.860000133514404,5.860000133514404,5.730000019073486,5.800000190734863,414200,0.0,0.0
2025-11-07 00:00:00-05:00,5.71999979019165,5.815000057220459,5.630000114440918,5.760000228881836,455400,0.0,0.0
2025-11-10 00:00:00-05:00,5.840000152587891,5.940000057220459,5.75,5.889999866485596,528500,0.0,0.0
2025-11-11 00:00:00-05:00,5.860000133514404,5.980000019073486,5.804999828338623,5.96999979019165,532300,0.0,0.0
2025-11-12 00:00:00-05:00,5.96999979019165,6.09499979019165,5.869999885559082,5.989999771118164,328800,0.0,0.0
2025-11-13 00:00:00-05:00,5.869999885559082,5.989999771118164,5.804999828338623,5.840000152587891,467200,0.0,0.0
2025-11-14 00:00:00-05:00,5.710000038146973,5.855000019073486,5.699999809265137,5.789999961853027,461100,0.0,0.0
2025-11-17 00:00:00-05:00,5.78000020980835,5.815000057220459,5.635000228881836,5.650000095367432,567700,0.0,0.0
2025-11-18 00:00:00-05:00,5.579999923706055,5.65500020980835,5.440000057220459,5.449999809265137,619100,0.0,0.0
2025-11-19 00:00:00-05:00,5.429999828338623,5.505000114440918,5.360000133514404,5.440000057220459,954600,0.0,0.0
2025-11-20 00:00:00-05:00,5.590000152587891,5.625,5.28000020980835,5.340000152587891,1353400,0.0,0.0
2025-11-21 00:00:00-05:00,5.340000152587891,5.449999809265137,5.179999828338623,5.389999866485596,2118200,0.0,0.0
2025-11-24 00:00:00-05:00,5.400000095367432,5.599999904632568,5.300000190734863,5.590000152587891,775600,0.0,0.0
2025-11-25 00:00:00-05:00,5.679999828338623,6.179999828338623,5.679999828338623,6.170000076293945,883600,0.0,0.0
2025-11-26 00:00:00-05:00,6.170000076293945,6.5,6.170000076293945,6.46999979019165,903200,0.0,0.0
2025-11-28 00:00:00-05:00,6.53000020980835,6.53000020980835,6.375,6.389999866485596,305100,0.0,0.0
2025-12-01 00:00:00-05:00,6.360000133514404,6.5,6.329999923706055,6.349999904632568,461500,0.0,0.0
2025-12-02 00:00:00-05:00,6.400000095367432,6.401000022888184,6.239999771118164,6.309999942779541,648900,0.0,0.0
2025-12-03 00:00:00-05:00,6.340000152587891,6.559999942779541,6.300000190734863,6.449999809265137,541000,0.0,0.0
2025-12-04 00:00:00-05:00,6.409999847412109,6.449999809265137,6.045000076293945,6.099999904632568,981700,0.0,0.0
2025-12-05 00:00:00-05:00,6.119999885559082,6.170000076293945,6.050000190734863,6.110000133514404,615300,0.0,0.0
2025-12-08 00:00:00-05:00,6.139999866485596,6.159999847412109,6.014999866485596,6.019999980926514,458700,0.0,0.0
2025-12-09 00:00:00-05:00,5.96999979019165,6.105000019073486,5.369999885559082,5.949999809265137,467700,0.0,0.0
2025-12-10 00:00:00-05:00,5.929999828338623,6.360000133514404,5.929999828338623,6.329999923706055,979300,0.0,0.0
2025-12-11 00:00:00-05:00,6.340000152587891,6.449999809265137,6.28000020980835,6.329999923706055,725300,0.0,0.0
2025-12-12 00:00:00-05:00,6.349999904632568,6.349999904632568,6.105000019073486,6.130000114440918,661100,0.0,0.0
2025-12-15 00:00:00-05:00,6.190000057220459,6.235000133514404,6.099999904632568,6.179999828338623,794600,0.0,0.0
2025-12-16 00:00:00-05:00,6.150000095367432,6.300000190734863,6.110000133514404,6.230000019073486,746500,0.0,0.0
2025-12-17 00:00:00-05:00,6.210000038146973,6.349999904632568,5.949999809265137,6.0,691400,0.0,0.0
2025-12-18 00:00:00-05:00,6.050000190734863,6.164999961853027,5.954999923706055,5.980000019073486,1206700,0.0,0.0
2025-12-19 00:00:00-05:00,5.980000019073486,6.005000114440918,5.909999847412109,5.960000038146973,1196000,0.0,0.0
2025-12-22 00:00:00-05:00,6.0,6.099999904632568,5.960000038146973,5.989999771118164,769200,0.0,0.0
2025-12-23 00:00:00-05:00,5.980000019073486,6.054999828338623,5.889999866485596,5.980000019073486,976500,0.0,0.0
2025-12-24 00:00:00-05:00,5.949999809265137,6.045000076293945,5.949999809265137,5.989999771118164,682700,0.0,0.0
2025-12-26 00:00:00-05:00,5.960000038146973,5.989999771118164,5.880000114440918,5.96999979019165,497000,0.0,0.0
2025-12-29 00:00:00-05:00,5.900000095367432,6.0,5.880000114440918,5.889999866485596,645200,0.0,0.0
2025-12-30 00:00:00-05:00,5.889999866485596,5.889999866485596,5.78000020980835,5.789999961853027,578000,0.0,0.0
2025-12-31 00:00:00-05:00,5.820000171661377,5.860000133514404,5.730000019073486,5.760000228881836,409800,0.0,0.0
2026-01-02 00:00:00-05:00,5.800000190734863,5.855000019073486,5.739999771118164,5.800000190734863,544400,0.0,0.0
2026-01-05 00:00:00-05:00,5.820000171661377,6.25,5.820000171661377,6.190000057220459,3070800,0.0,0.0
2026-01-06 00:00:00-05:00,6.190000057220459,6.235000133514404,5.994999885559082,6.130000114440918,828200,0.0,0.0
2026-01-07 00:00:00-05:00,6.130000114440918,6.210000038146973,5.820000171661377,5.920000076293945,1035000,0.0,0.0
2026-01-08 00:00:00-05:00,5.900000095367432,6.144999980926514,5.900000095367432,5.920000076293945,1145100,0.0,0.0
2026-01-09 00:00:00-05:00,5.96999979019165,6.260000228881836,5.96999979019165,6.230000019073486,695800,0.0,0.0
2026-01-12 00:00:00-05:00,6.210000038146973,6.309999942779541,6.114999771118164,6.190000057220459,753500,0.0,0.0
2026-01-13 00:00:00-05:00,6.239999771118164,6.369999885559082,6.199999809265137,6.360000133514404,1087400,0.0,0.0
2026-01-14 00:00:00-05:00,6.349999904632568,6.40500020980835,6.260000228881836,6.309999942779541,752800,0.0,0.0
2026-01-15 00:00:00-05:00,6.380000114440918,6.519999980926514,6.369999885559082,6.400000095367432,813000,0.0,0.0
2026-01-16 00:00:00-05:00,6.389999866485596,6.389999866485596,6.260000228881836,6.28000020980835,587700,0.0,0.0
2026-01-20 00:00:00-05:00,6.139999866485596,6.235000133514404,6.099999904632568,6.21999979019165,499800,0.0,0.0
2026-01-21 00:00:00-05:00,6.269999980926514,6.505000114440918,6.190000057220459,6.449999809265137,1151000,0.0,0.0
2026-01-22 00:00:00-05:00,6.5,6.730000019073486,6.460000038146973,6.619999885559082,745800,0.0,0.0
2026-01-23 00:00:00-05:00,6.570000171661377,6.579999923706055,6.329999923706055,6.340000152587891,449600,0.0,0.0
2026-01-26 00:00:00-05:00,6.309999942779541,6.409999847412109,6.269999980926514,6.340000152587891,437000,0.0,0.0
2026-01-27 00:00:00-05:00,6.360000133514404,6.454999923706055,6.329999923706055,6.400000095367432,414900,0.0,0.0
2026-01-28 00:00:00-05:00,6.449999809265137,6.449999809265137,6.284999847412109,6.289999961853027,595400,0.0,0.0
2026-01-29 00:00:00-05:00,6.309999942779541,6.360000133514404,6.199999809265137,6.320000171661377,665000,0.0,0.0
2026-01-30 00:00:00-05:00,6.170000076293945,6.40500020980835,6.170000076293945,6.320000171661377,1557000,0.0,0.0
2026-02-02 00:00:00-05:00,6.320000171661377,6.690000057220459,6.295000076293945,6.590000152587891,656700,0.0,0.0
2026-02-03 00:00:00-05:00,6.639999866485596,6.801000118255615,6.394999980926514,6.550000190734863,1292900,0.0,0.0
2026-02-04 00:00:00-05:00,6.610000133514404,6.748000144958496,6.494999885559082,6.599999904632568,1392800,0.0,0.0
2026-02-05 00:00:00-05:00,6.590000152587891,6.670000076293945,6.445000171661377,6.510000228881836,693500,0.0,0.0
2026-02-06 00:00:00-05:00,6.590000152587891,6.965000152587891,6.590000152587891,6.869999885559082,947900,0.0,0.0
2026-02-09 00:00:00-05:00,6.900000095367432,6.974999904632568,6.760000228881836,6.900000095367432,837100,0.0,0.0
2026-02-10 00:00:00-05:00,6.949999809265137,7.005000114440918,6.815000057220459,6.96999979019165,952500,0.0,0.0
2026-02-11 00:00:00-05:00,7.0,7.230000019073486,6.980000019073486,7.090000152587891,1016300,0.0,0.0
2026-02-12 00:00:00-05:00,7.199999809265137,7.309999942779541,6.949999809265137,7.079999923706055,998500,0.0,0.0
2026-02-13 00:00:00-05:00,7.070000171661377,7.359000205993652,6.960000038146973,7.260000228881836,819200,0.0,0.0
2026-02-17 00:00:00-05:00,7.25,7.329999923706055,7.099999904632568,7.170000076293945,874000,0.0,0.0
2026-02-18 00:00:00-05:00,7.159999847412109,7.320000171661377,7.159999847412109,7.289999961853027,784000,0.0,0.0
2026-02-19 00:00:00-05:00,7.190000057220459,7.429999828338623,7.179999828338623,7.400000095367432,888000,0.0,0.0
2026-02-20 00:00:00-05:00,7.389999866485596,7.650000095367432,7.300000190734863,7.539999961853027,1135500,0.0,0.0
2026-02-23 00:00:00-05:00,7.489999771118164,7.619999885559082,7.400000095367432,7.559999942779541,1262200,0.0,0.0
2026-02-24 00:00:00-05:00,7.590000152587891,7.75,7.360000133514404,7.489999771118164,838900,0.0,0.0
2026-02-25 00:00:00-05:00,7.5,7.559999942779541,7.360000133514404,7.389999866485596,756600,0.0,0.0
2026-02-26 00:00:00-05:00,7.440000057220459,7.445000171661377,7.179999828338623,7.289999961853027,563400,0.0,0.0
2026-02-27 00:00:00-05:00,7.159999847412109,7.21999979019165,7.019999980926514,7.159999847412109,671900,0.0,0.0
2026-03-02 00:00:00-05:00,7.010000228881836,7.235000133514404,6.929999828338623,7.190000057220459,771800,0.0,0.0
2026-03-03 00:00:00-05:00,6.929999828338623,7.079999923706055,6.755000114440918,7.0,624800,0.0,0.0
2026-03-04 00:00:00-05:00,7.099999904632568,7.199999809265137,7.010000228881836,7.059999942779541,427400,0.0,0.0
2026-03-05 00:00:00-05:00,7.0,7.03000020980835,6.75,6.829999923706055,702400,0.0,0.0
2026-03-06 00:00:00-05:00,6.610000133514404,6.695000171661377,6.409999847412109,6.409999847412109,891800,0.0,0.0
2026-03-09 00:00:00-04:00,6.25,6.440000057220459,6.050000190734863,6.380000114440918,1133200,0.0,0.0
2026-03-10 00:00:00-04:00,5.860000133514404,6.099999904632568,5.630000114440918,5.659999847412109,1893100,0.0,0.0
2026-03-11 00:00:00-04:00,5.510000228881836,6.010000228881836,5.5,6.010000228881836,1397400,0.0,0.0
2026-03-12 00:00:00-04:00,5.880000114440918,6.130000114440918,5.75,6.090000152587891,1472000,0.0,0.0
2026-03-13 00:00:00-04:00,6.179999828338623,6.190000057220459,5.75,5.849999904632568,934000,0.0,0.0
2026-03-16 00:00:00-04:00,5.909999847412109,6.204999923706055,5.823999881744385,6.159999847412109,1532300,0.0,0.0
2026-03-17 00:00:00-04:00,6.25,6.329999923706055,6.199999809265137,6.320000171661377,851300,0.0,0.0
2026-03-18 00:00:00-04:00,6.289999961853027,6.360000133514404,6.21999979019165,6.300000190734863,787100,0.0,0.0
2026-03-19 00:00:00-04:00,6.110000133514404,6.315000057220459,6.072000026702881,6.269999980926514,769600,0.0,0.0
2026-03-20 00:00:00-04:00,6.239999771118164,6.260000228881836,6.025000095367432,6.079999923706055,904000,0.0,0.0
2026-03-23 00:00:00-04:00,6.309999942779541,6.429999828338623,6.230000019073486,6.309999942779541,575600,0.0,0.0
2026-03-24 00:00:00-04:00,6.21999979019165,6.510000228881836,6.21999979019165,6.480000019073486,625800,0.0,0.0
2026-03-25 00:00:00-04:00,6.630000114440918,6.630000114440918,6.489999771118164,6.590000152587891,534800,0.0,0.0
2026-03-26 00:00:00-04:00,6.550000190734863,6.614999771118164,6.514999866485596,6.579999923706055,489700,0.0,0.0
2026-03-27 00:00:00-04:00,6.519999980926514,6.545000076293945,6.40500020980835,6.460000038146973,577000,0.0,0.0
2026-03-30 00:00:00-04:00,6.559999942779541,6.559999942779541,6.300000190734863,6.309999942779541,712800,0.0,0.0
2026-03-31 00:00:00-04:00,6.429999828338623,6.614999771118164,6.329999923706055,6.570000171661377,539600,0.0,0.0
2026-04-01 00:00:00-04:00,6.630000114440918,6.724999904632568,6.570000171661377,6.619999885559082,478500,0.0,0.0
2026-04-02 00:00:00-04:00,6.440000057220459,6.744999885559082,6.349999904632568,6.590000152587891,737000,0.0,0.0
2026-04-06 00:00:00-04:00,6.619999885559082,6.679999828338623,6.534999847412109,6.630000114440918,447000,0.0,0.0
2026-04-07 00:00:00-04:00,6.559999942779541,6.764999866485596,6.510000228881836,6.639999866485596,557000,0.0,0.0
2026-04-08 00:00:00-04:00,7.0,7.190000057220459,6.920000076293945,7.0,1453400,0.0,0.0
2026-04-09 00:00:00-04:00,7.0,7.320000171661377,7.0,7.28000020980835,1022600,0.0,0.0
2026-04-10 00:00:00-04:00,7.320000171661377,7.375,7.244999885559082,7.260000228881836,611600,0.0,0.0
2026-04-13 00:00:00-04:00,7.239999771118164,7.364999771118164,7.190000057220459,7.360000133514404,559300,0.0,0.0
2026-04-14 00:00:00-04:00,7.380000114440918,7.46999979019165,7.295000076293945,7.300000190734863,722000,0.0,0.0
2026-04-15 00:00:00-04:00,7.28000020980835,7.340000152587891,7.125,7.170000076293945,714600,0.0,0.0
2026-04-16 00:00:00-04:00,7.150000095367432,7.329999923706055,7.099999904632568,7.260000228881836,752200,0.0,0.0
2026-04-17 00:00:00-04:00,7.389999866485596,7.675000190734863,7.389999866485596,7.610000133514404,655600,0.0,0.0
2026-04-20 00:00:00-04:00,7.599999904632568,7.96999979019165,7.599999904632568,7.880000114440918,751600,0.0,0.0
2026-04-21 00:00:00-04:00,8.25,8.460000038146973,8.140000343322754,8.369999885559082,1170600,0.0,0.0
2026-04-22 00:00:00-04:00,8.5,8.649999618530273,8.350000381469727,8.430000305175781,942800,0.0,0.0
2026-04-23 00:00:00-04:00,8.510000228881836,8.829999923706055,8.5,8.760000228881836,1153900,0.0,0.0
2026-04-24 00:00:00-04:00,8.96500015258789,8.96500015258789,8.630000114440918,8.739999771118164,1089800,0.0,0.0
2026-04-27 00:00:00-04:00,8.789999961853027,8.975000381469727,8.710000038146973,8.779999732971191,1407400,0.0,0.0
2026-04-28 00:00:00-04:00,9.25,9.350000381469727,8.779999732971191,9.010000228881836,2451100,0.0,0.0
2026-04-29 00:00:00-04:00,9.079999923706055,9.319999694824219,8.970000267028809,9.130000114440918,1924200,0.0,0.0
2026-04-30 00:00:00-04:00,9.319999694824219,9.899999618530273,9.319999694824219,9.850000381469727,2390800,0.0,0.0
2026-05-01 00:00:00-04:00,9.9350004196167,10.180000305175781,9.760000228881836,10.100000381469727,2409300,0.0,0.0
2026-05-04 00:00:00-04:00,10.09000015258789,10.204999923706055,9.470000267028809,9.550000190734863,2278300,0.0,0.0
2026-05-05 00:00:00-04:00,9.46500015258789,10.100000381469727,9.46500015258789,9.930000305175781,1467500,0.0,0.0
2026-05-06 00:00:00-04:00,10.039999961853027,10.109999656677246,9.869999885559082,9.970000267028809,1104900,0.0,0.0
2026-05-07 00:00:00-04:00,10.010000228881836,10.055000305175781,9.770000457763672,9.770000457763672,749700,0.0,0.0
2026-05-08 00:00:00-04:00,9.859999656677246,9.895000457763672,9.65999984741211,9.699999809265137,942000,0.0,0.0
2026-05-11 00:00:00-04:00,9.5600004196167,9.989999771118164,9.5600004196167,9.84000015258789,1059600,0.0,0.0
2026-05-12 00:00:00-04:00,9.859999656677246,10.029999732971191,9.600000381469727,9.960000038146973,1107100,0.0,0.0
2026-05-13 00:00:00-04:00,10.020000457763672,10.140000343322754,9.739999771118164,9.920000076293945,1233700,0.0,0.0
2026-05-14 00:00:00-04:00,9.774999618530273,10.220000267028809,9.770000457763672,10.09000015258789,1142400,0.0,0.0
2026-05-15 00:00:00-04:00,9.899999618530273,9.9350004196167,9.65999984741211,9.84000015258789,871600,0.0,0.0
2026-05-18 00:00:00-04:00,9.899999618530273,9.994000434875488,9.680000305175781,9.699999809265137,677300,0.0,0.0
2026-05-19 00:00:00-04:00,9.630000114440918,9.670000076293945,9.1899995803833,9.260000228881836,781000,0.0,0.0
2026-05-20 00:00:00-04:00,9.359999656677246,9.420000076293945,9.180000305175781,9.319999694824219,674200,0.0,0.0
2026-05-21 00:00:00-04:00,9.25,9.390000343322754,9.0600004196167,9.239999771118164,767800,0.0,0.0
2026-05-22 00:00:00-04:00,9.34000015258789,9.345000267028809,9.164999961853027,9.229999542236328,763200,0.0,0.0
2026-05-26 00:00:00-04:00,9.619999885559082,9.970000267028809,9.390000343322754,9.680000305175781,997300,0.0,0.0
2026-05-27 00:00:00-04:00,9.829999923706055,9.925000190734863,9.670000076293945,9.779999732971191,800700,0.0,0.0
2026-05-28 00:00:00-04:00,9.729999542236328,9.9399995803833,9.640000343322754,9.779999732971191,698600,0.0,0.0
2026-05-29 00:00:00-04:00,9.75,9.954999923706055,9.489999771118164,9.579999923706055,1084800,0.0,0.0
2026-06-01 00:00:00-04:00,9.470000267028809,9.529999732971191,9.295000076293945,9.460000038146973,698700,0.0,0.0
2026-06-02 00:00:00-04:00,9.489999771118164,9.819999694824219,9.489999771118164,9.760000228881836,794200,0.0,0.0
2026-06-03 00:00:00-04:00,9.75,9.949999809265137,9.5600004196167,9.829999923706055,680800,0.0,0.0
2026-06-04 00:00:00-04:00,9.8100004196167,10.0,9.760000228881836,10.0,488900,0.0,0.0
2026-06-05 00:00:00-04:00,9.930000305175781,9.930000305175781,9.604999542236328,9.680000305175781,791500,0.0,0.0
2026-06-08 00:00:00-04:00,9.989999771118164,10.429100036621094,9.75,10.239999771118164,1335592,0.0,0.0
