Date,Open,High,Low,Close,Volume,Dividends,Stock Splits
2022-08-29 00:00:00-04:00,19.05236691823783,19.277838139289447,19.014787425721853,19.202680587768555,139900,0.0,0.0
2022-08-30 00:00:00-04:00,19.240258771061193,19.31541631746791,19.1575853266627,19.300384521484375,243900,0.0,0.0
2022-08-31 00:00:00-04:00,19.292866736940457,19.315414428710938,19.240256889653494,19.315414428710938,58700,0.0,0.0
2022-09-01 00:00:00-04:00,19.345479735149972,19.548404693603516,19.247775921919224,19.548404693603516,64200,0.0,0.0
2022-09-02 00:00:00-04:00,19.548401231089727,19.548401231089727,19.45821189880371,19.45821189880371,9600,0.0,0.0
2022-09-06 00:00:00-04:00,19.501802247211543,19.53336815305944,19.428148466899785,19.464975357055664,12800,0.0,0.0
2022-09-07 00:00:00-04:00,19.54088765095564,19.54088765095564,19.2402588968739,19.398088455200195,32800,0.0,0.0
2022-09-08 00:00:00-04:00,19.42814796851644,19.53336765197693,19.337958644471254,19.51307487487793,14500,0.0,0.0
2022-09-09 00:00:00-04:00,19.525851647469405,19.533367543890808,19.39808427532694,19.473241806030273,17300,0.0,0.0
2022-09-12 00:00:00-04:00,19.51833724975586,19.51833724975586,19.420633455796843,19.51833724975586,31300,0.0,0.0
2022-09-13 00:00:00-04:00,19.42815192032251,19.5183398292018,19.285352725500836,19.300384521484375,37300,0.0,0.0
2022-09-14 00:00:00-04:00,19.352992481484247,19.435665917798516,19.300382634197284,19.315414428710938,38800,0.0,0.0
2022-09-15 00:00:00-04:00,19.405604390184912,19.518339993991315,19.30790058248896,19.428152084350586,38700,0.0,0.0
2022-09-16 00:00:00-04:00,19.405603013101526,19.540886301473467,19.36050906148117,19.465728759765625,25800,0.0,0.0
2022-09-19 00:00:00-04:00,19.48076055480937,19.540886301473467,19.42965302506499,19.465728759765625,31000,0.0,0.0
2022-09-20 00:00:00-04:00,19.465730141115728,19.540887688156985,19.428152084350586,19.428152084350586,29200,0.0,0.0
2022-09-21 00:00:00-04:00,19.49579183934175,19.540885789781285,19.44318199157715,19.44318199157715,28300,0.0,0.0
2022-09-22 00:00:00-04:00,19.39057411108924,19.54088921693161,19.39057411108924,19.503311157226562,19800,0.0,0.0
2022-09-23 00:00:00-04:00,19.270319045169977,19.458212176058172,19.210193300626184,19.315414428710938,53100,0.0,0.0
2022-09-26 00:00:00-04:00,19.307146862536424,19.390571462516803,19.2177101178671,19.29286766052246,24400,0.0,0.0
2022-09-27 00:00:00-04:00,19.315414803700147,19.38831743164479,18.977206588131093,19.240257263183594,34200,0.0,0.0
2022-09-28 00:00:00-04:00,19.202679698022767,19.54088794744056,18.924598633844578,19.255290985107422,79900,0.0,0.0
2022-09-29 00:00:00-04:00,19.142552030458823,19.255289057989074,18.375949131020388,19.240257263183594,77700,0.0,0.0
2022-09-30 00:00:00-04:00,19.232744181781335,19.773875972411858,18.789316204670232,19.202680587768555,535000,0.0,0.0
2022-10-03 00:00:00-04:00,18.939631171031575,20.009870453772823,18.939631171031575,19.08994483947754,57100,0.0,0.0
2022-10-04 00:00:00-04:00,19.195164779583248,19.728780634370484,19.17261708565145,19.270320892333984,51500,0.0,0.0
2022-10-05 00:00:00-04:00,19.240255334558473,19.240255334558473,19.127519751839582,19.225223541259766,11500,0.0,0.0
2022-10-06 00:00:00-04:00,19.24776967144753,19.465724922573756,19.24776967144753,19.450693130493164,6500,0.0,0.0
2022-10-07 00:00:00-04:00,19.40184754038976,19.428152467346116,19.21019571998088,19.352994918823242,6600,0.0,0.0
2022-10-10 00:00:00-04:00,19.285354037792644,19.427402082534233,19.16510252876364,19.202680587768555,8200,0.0,0.0
2022-10-11 00:00:00-04:00,19.345473510379772,19.352989406442383,19.18012809753418,19.18012809753418,3200,0.0,0.0
2022-10-12 00:00:00-04:00,19.337959123978656,19.337959123978656,19.01478273560998,19.225223541259766,6800,0.0,0.0
2022-10-13 00:00:00-04:00,19.22522693798135,19.31541628019758,19.089943641412486,19.270320892333984,5300,0.0,0.0
2022-10-14 00:00:00-04:00,19.240255933360565,19.345475622704786,18.977205276489258,18.977205276489258,3400,0.0,0.0
2022-10-17 00:00:00-04:00,18.984724225523006,19.18764917346293,18.97720832743142,19.12752342224121,5200,0.0,0.0
2022-10-18 00:00:00-04:00,19.12752230690445,19.202678416415967,19.08994281863779,19.183889389038086,4900,0.0,0.0
2022-10-19 00:00:00-04:00,19.089944215748687,19.352994918823242,18.962176813313103,19.352994918823242,6700,0.0,0.0
2022-10-20 00:00:00-04:00,19.22522751638766,19.352994918823242,18.789315455168197,19.352994918823242,3900,0.0,0.0
2022-10-21 00:00:00-04:00,19.195161777514823,19.35299130982044,18.804343744885582,19.165098190307617,13000,0.0,0.0
2022-10-24 00:00:00-04:00,19.525854196933466,19.661137483161088,19.127521669164196,19.240257263183594,24500,0.0,0.0
2022-10-25 00:00:00-04:00,19.578463012858816,19.59349480687166,19.255288042647287,19.533369064331055,4500,0.0,0.0
2022-10-26 00:00:00-04:00,19.593495258760633,19.732535772809236,19.17261505126953,19.17261505126953,2800,0.0,0.0
2022-10-27 00:00:00-04:00,19.706230093627994,20.10456402781302,18.958416271808076,18.992237091064453,32300,0.0,0.0
2022-10-28 00:00:00-04:00,19.17111167262637,19.17111167262637,19.04484803796777,19.097457885742188,4600,0.0,0.0
2022-10-31 00:00:00-04:00,19.120004036724765,19.706229645833194,19.0147829161455,19.02229881286621,16800,0.0,0.0
2022-11-01 00:00:00-04:00,19.326687578696273,19.326687578696273,18.887016906517815,18.984722137451172,9100,0.0,0.0
2022-11-02 00:00:00-04:00,19.029817815510775,19.029817815510775,18.830651537192765,18.8419246673584,4000,0.0,0.0
2022-11-03 00:00:00-04:00,18.90956576666678,18.90956576666678,18.78931427001953,18.78931427001953,13300,0.0,0.0
2022-11-04 00:00:00-04:00,18.97720394465757,19.360506057739258,18.868225597764503,19.360506057739258,4700,0.0,0.0
2022-11-07 00:00:00-05:00,19.206437981539985,19.206437981539985,18.947144517644073,18.954660415649414,7500,0.0,0.0
2022-11-08 00:00:00-05:00,19.315412071444968,19.315412071444968,19.014781951904297,19.014781951904297,4600,0.0,0.0
2022-11-09 00:00:00-05:00,19.01478636608038,19.112491607666016,18.977208309169583,19.112491607666016,9100,0.0,0.0
2022-11-10 00:00:00-05:00,19.044846708500273,19.262801981709558,19.044846708500273,19.165098190307617,16700,0.0,0.0
2022-11-11 00:00:00-05:00,19.18013248211371,19.97679901123047,19.03357605916653,19.97679901123047,5500,0.0,0.0
2022-11-14 00:00:00-05:00,19.54088652822166,19.54088652822166,19.104974501470995,19.277835845947266,26100,0.0,0.0
2022-11-15 00:00:00-05:00,19.413117257071175,19.413117257071175,19.177875275366222,19.307897567749023,5500,0.0,0.0
2022-11-16 00:00:00-05:00,19.18013193167654,19.806192007087436,19.18013193167654,19.19516372680664,8000,0.0,0.0
2022-11-17 00:00:00-05:00,19.12751862062141,19.27783224418668,19.100461107581797,19.104970932006836,4000,0.0,0.0
2022-11-18 00:00:00-05:00,19.24777492468465,19.55216091308355,19.120007524149624,19.12752342224121,25600,0.0,0.0
2022-11-21 00:00:00-05:00,19.202676240805886,19.202676240805886,19.165098190307617,19.165098190307617,3300,0.0,0.0
2022-11-22 00:00:00-05:00,19.120007524149624,19.221469998119584,19.104975727966448,19.12752342224121,1800,0.0,0.0
2022-11-23 00:00:00-05:00,19.157585562661165,19.187649154998585,19.112491607666016,19.112491607666016,12600,0.0,0.0
2022-11-25 00:00:00-05:00,19.15758393901473,19.352992972113686,19.15758393901473,19.32292938232422,1700,0.0,0.0
2022-11-28 00:00:00-05:00,19.15758649200709,19.24476976720614,19.08994483947754,19.08994483947754,14500,0.0,0.0
2022-11-29 00:00:00-05:00,19.54088778270166,19.54088778270166,19.029818180561552,19.12752342224121,14100,0.0,0.0
2022-11-30 00:00:00-05:00,18.97720832743142,19.650617314519074,18.97720832743142,19.12752342224121,37600,0.0,0.0
2022-12-01 00:00:00-05:00,19.57846366514575,19.954249926922145,19.315414428710938,19.315414428710938,6500,0.0,0.0
2022-12-02 00:00:00-05:00,19.34547593970281,19.845272339299115,19.315413785187896,19.533369064331055,3500,0.0,0.0
2022-12-05 00:00:00-05:00,19.53337023019724,19.540886127652254,19.337961196899414,19.337961196899414,5300,0.0,0.0
2022-12-06 00:00:00-05:00,19.555920649863435,19.73103692780581,19.202680587768555,19.202680587768555,8100,0.0,0.0
2022-12-07 00:00:00-05:00,19.585979700015844,19.585979700015844,19.300382769803914,19.413118362426758,4200,0.0,0.0
2022-12-08 00:00:00-05:00,19.518339458373855,19.826484102627116,19.35299400622923,19.56719207763672,5300,0.0,0.0
2022-12-09 00:00:00-05:00,19.330446235932556,19.728780219281024,19.330446235932556,19.69120216369629,7800,0.0,0.0
2022-12-12 00:00:00-05:00,19.691201180490747,19.946735959538387,19.616043639563053,19.66865348815918,12600,0.0,0.0
2022-12-13 00:00:00-05:00,19.849028409808774,19.954248094721418,19.728776931762695,19.728776931762695,900,0.0,0.0
2022-12-14 00:00:00-05:00,19.91324675434953,20.49212022362889,19.91324675434953,20.06761360168457,9100,0.689,0.0
2022-12-15 00:00:00-05:00,20.06761283122423,20.06761283122423,19.459409713745117,19.459409713745117,5100,0.0,0.0
2022-12-16 00:00:00-05:00,19.797475239663072,19.797475239663072,19.488742972158207,19.55048942565918,11200,0.0,0.0
2022-12-19 00:00:00-05:00,19.496456009172118,19.681695317858527,19.48873752062462,19.527328491210938,18300,0.0,0.0
2022-12-20 00:00:00-05:00,19.527330353184173,19.77045761308393,19.450148404652072,19.758880615234375,9300,0.0,0.0
2022-12-21 00:00:00-05:00,19.797473719822516,19.85922016858325,19.535050944551532,19.589078903198242,4300,0.0,0.0
2022-12-22 00:00:00-05:00,19.604513773867573,19.874655010183826,19.604513773867573,19.758880615234375,7400,0.0,0.0
2022-12-23 00:00:00-05:00,19.70099373196089,19.70099373196089,19.57364233237267,19.627670288085938,2800,0.0,0.0
2022-12-27 00:00:00-05:00,19.712570996389665,20.029021693762445,19.697134017944336,19.697134017944336,4100,0.0,0.0
2022-12-28 00:00:00-05:00,19.81290838460972,20.029021666091886,19.81290838460972,20.021303176879883,2300,0.0,0.0
2022-12-29 00:00:00-05:00,19.928683133484142,19.999692352208694,19.913246154785156,19.913246154785156,3000,0.0,0.0
2022-12-30 00:00:00-05:00,20.05989536864342,20.06761385832402,19.866937543082614,20.044458389282227,9500,0.0,0.0
2023-01-03 00:00:00-05:00,20.059899487839857,20.059899487839857,19.596800316968626,19.903989791870117,6000,0.0,0.0
2023-01-04 00:00:00-05:00,19.527330998987,19.681697845458984,19.527330998987,19.681697845458984,6800,0.0,0.0
2023-01-05 00:00:00-05:00,19.64310889375366,19.85844932711095,19.64310889375366,19.80750846862793,700,0.0,0.0
2023-01-06 00:00:00-05:00,19.797473541096064,20.044459333909277,19.720290112804072,19.90553092956543,3300,0.0,0.0
2023-01-09 00:00:00-05:00,19.874653507621627,20.063752800392123,19.75887912142494,19.797470092773438,9000,0.0,0.0
2023-01-10 00:00:00-05:00,20.075332586696252,20.075332586696252,19.712572400303287,19.8360652923584,9800,0.0,0.0
2023-01-11 00:00:00-05:00,20.025162748836888,20.02670703562181,19.758881481562913,19.982711791992188,3900,0.0,0.0
2023-01-12 00:00:00-05:00,19.820626580860175,19.990428924560547,19.766598629326026,19.990428924560547,6600,0.0,0.0
2023-01-13 00:00:00-05:00,19.866936690839513,19.990429576128776,19.866936690839513,19.913246154785156,1400,0.0,0.0
2023-01-17 00:00:00-05:00,19.913242833614074,19.917102813720703,19.905525817702955,19.917102813720703,700,0.0,0.0
2023-01-18 00:00:00-05:00,19.990430423252985,19.990430423252985,19.951839447021484,19.951839447021484,2500,0.0,0.0
2023-01-19 00:00:00-05:00,19.890092849731445,19.990430270457253,19.82062791532459,19.890092849731445,5000,0.0,0.0
2023-01-20 00:00:00-05:00,19.83606413029494,19.97344970703125,19.83606413029494,19.97344970703125,1800,0.0,0.0
2023-01-23 00:00:00-05:00,19.86693476463147,19.90166722726103,19.812906816574635,19.82062530517578,11600,0.0,0.0
2023-01-24 00:00:00-05:00,19.836063639995658,19.836063639995658,19.812908172607422,19.812908172607422,7300,0.0,0.0
2023-01-25 00:00:00-05:00,19.797472843496553,19.8360652923584,19.797472843496553,19.8360652923584,4400,0.0,0.0
2023-01-26 00:00:00-05:00,19.797472843496553,19.971135182996367,19.797472843496553,19.8360652923584,15500,0.0,0.0
2023-01-27 00:00:00-05:00,19.83606253627313,19.951836922469813,19.797470092773438,19.797470092773438,20900,0.0,0.0
2023-01-30 00:00:00-05:00,19.81676587579354,19.836062833908525,19.812907367461268,19.828344345092773,11500,0.0,0.0
2023-01-31 00:00:00-05:00,19.874654456107503,19.874654456107503,19.751161575317383,19.751161575317383,14900,0.0,0.0
2023-02-01 00:00:00-05:00,19.8360652923584,19.98965926401977,19.756566172639253,19.8360652923584,13500,0.0,0.0
2023-02-02 00:00:00-05:00,19.936400893109422,20.167949676513672,19.87388304546355,20.167949676513672,7800,0.0,0.0
2023-02-03 00:00:00-05:00,19.90553133559568,20.167952641698964,19.90553133559568,19.944122314453125,6800,0.0,0.0
2023-02-06 00:00:00-05:00,20.052176868514213,20.052176868514213,19.8437820637008,19.951839447021484,9100,0.0,0.0
2023-02-07 00:00:00-05:00,19.99814891292956,20.02130438195929,19.93640246766833,19.951839447021484,6100,0.0,0.0
2023-02-08 00:00:00-05:00,20.013585892282713,20.013585892282713,19.913246998638606,19.951839447021484,2600,0.0,0.0
2023-02-09 00:00:00-05:00,20.337755108539426,20.337755108539426,19.99043043366942,20.044458389282227,3800,0.0,0.0
2023-02-10 00:00:00-05:00,20.036738191733395,20.160232543945312,20.036738191733395,20.160232543945312,1100,0.0,0.0
2023-02-13 00:00:00-05:00,20.152516253637298,20.22198119026921,20.144797763772484,20.204999923706055,3200,0.0,0.0
2023-02-14 00:00:00-05:00,20.330037778843362,20.330037778843362,20.221981861452335,20.299163818359375,4300,0.0,0.0
2023-02-15 00:00:00-05:00,20.27600875766613,20.33775520324707,20.27600875766613,20.33775520324707,1400,0.0,0.0
2023-02-16 00:00:00-05:00,20.337756966175522,20.530714809360962,20.29144749601344,20.368629455566406,6700,0.0,0.0
2023-02-17 00:00:00-05:00,20.191106842935564,20.33775520324707,20.144797376787707,20.33775520324707,1600,0.0,0.0
2023-02-21 00:00:00-05:00,20.144795015216616,20.492118178835998,20.067611599250796,20.15251350402832,7000,0.0,0.0
2023-02-22 00:00:00-05:00,20.206545024135416,20.268291473388672,20.206545024135416,20.268291473388672,600,0.0,0.0
2023-02-23 00:00:00-05:00,20.299163150698007,20.847164154052734,20.27600915324804,20.847164154052734,14700,0.0,0.0
2023-02-24 00:00:00-05:00,20.42265822891412,20.646490042550223,20.22198335950795,20.260574340820312,6000,0.0,0.0
2023-02-27 00:00:00-05:00,20.453525015611056,20.91662398964001,20.453525015611056,20.769975662231445,5200,0.0,0.0
2023-02-28 00:00:00-05:00,20.83944597438714,20.83944597438714,20.376346880526025,20.4072208404541,22800,0.0,0.0
2023-03-01 00:00:00-05:00,20.445813989302977,20.445813989302977,20.423431396484375,20.423431396484375,600,0.0,0.0
2023-03-02 00:00:00-05:00,20.484403563558573,20.484403563558573,20.33775520324707,20.33775520324707,3500,0.0,0.0
2023-03-03 00:00:00-05:00,20.376345731630963,20.685077952747072,20.245134353637695,20.245134353637695,2200,0.0,0.0
2023-03-06 00:00:00-05:00,20.363224894375406,20.363224894375406,20.260571778233047,20.33775520324707,1700,0.0,0.0
2023-03-07 00:00:00-05:00,20.33775520324707,20.33775520324707,20.33775520324707,20.33775520324707,0,0.0,0.0
2023-03-08 00:00:00-05:00,20.33775520324707,20.33775520324707,20.33775520324707,20.33775520324707,900,0.0,0.0
2023-03-09 00:00:00-05:00,20.191109923819095,20.260574869715963,20.02902603149414,20.02902603149414,14700,0.0,0.0
2023-03-10 00:00:00-05:00,20.02902099248982,20.06761196510067,19.604512933014252,19.720287322998047,21600,0.0,0.0
2023-03-13 00:00:00-04:00,19.604512207696587,19.681695622213937,18.34642799802316,19.234033584594727,42200,0.0,0.0
2023-03-14 00:00:00-04:00,19.677969280042145,19.677969280042145,18.576003300621768,18.69407081604004,55200,0.484,0.0
2023-03-15 00:00:00-04:00,18.497294116945827,18.812141376121176,17.865238037721177,17.88334083557129,28000,0.0,0.0
2023-03-16 00:00:00-04:00,17.773142169851713,18.20605690265135,17.71017272687522,17.92269515991211,75800,0.0,0.0
2023-03-17 00:00:00-04:00,17.867598395694383,17.867598395694383,15.78960362241369,16.545238494873047,27800,0.0,0.0
2023-03-20 00:00:00-04:00,16.76563268559379,16.76563268559379,15.899803059659353,16.191036224365234,10200,0.0,0.0
2023-03-21 00:00:00-04:00,16.135934309346997,17.74952713975775,16.017866797589356,16.12019157409668,119900,0.0,0.0
2023-03-22 00:00:00-04:00,16.09658403242926,16.52949887872898,15.624312335632078,15.734508514404297,57200,0.0,0.0
2023-03-23 00:00:00-04:00,15.75811654486758,16.372068162648294,14.908028419139876,15.222875595092773,42700,0.0,0.0
2023-03-24 00:00:00-04:00,14.95525708831721,15.551105991446573,14.616795766635175,15.506240844726562,135100,0.0,0.0
2023-03-27 00:00:00-04:00,15.624310512406039,16.686921330874338,15.60069640486313,16.08871078491211,20300,0.0,0.0
2023-03-28 00:00:00-04:00,16.474399991384924,16.94667166530704,16.23826340376873,16.923057556152344,29700,0.0,0.0
2023-03-29 00:00:00-04:00,16.93880020634255,17.355972290039062,16.93880020634255,17.355972290039062,30900,0.0,0.0
2023-03-30 00:00:00-04:00,17.403200508099626,17.5448821596608,16.80498992445813,17.355972290039062,19100,0.0,0.0
2023-03-31 00:00:00-04:00,17.474038085303196,17.741658599319027,17.15918936200694,17.5842342376709,39500,0.0,0.0
2023-04-03 00:00:00-04:00,17.537007795116583,18.095861434936523,17.537007795116583,18.095861434936523,11900,0.0,0.0
2023-04-04 00:00:00-04:00,18.080908117906876,18.81214072049253,17.51339488333844,18.49729347229004,13900,0.0,0.0
2023-04-05 00:00:00-04:00,18.199761895559245,18.89085245193746,18.103733599773395,18.190317153930664,15500,0.0,0.0
2023-04-06 00:00:00-04:00,18.40283723195337,19.04827592127765,18.40283723195337,18.725557327270508,11000,0.0,0.0
2023-04-10 00:00:00-04:00,18.654716530581414,18.654716530581414,17.954179763793945,17.954179763793945,8900,0.0,0.0
2023-04-11 00:00:00-04:00,17.969922248708684,18.021085391373745,17.30874233274934,17.51339340209961,15000,0.0,0.0
2023-04-12 00:00:00-04:00,17.505522904000756,17.505522904000756,16.52949571795491,17.481908798217773,13200,0.0,0.0
2023-04-13 00:00:00-04:00,17.67081775555279,18.4579365597857,17.5606201020694,17.946308135986328,7100,0.0,0.0
2023-04-14 00:00:00-04:00,17.94630821411984,17.94630821411984,17.725915908813477,17.725915908813477,3800,0.0,0.0
2023-04-17 00:00:00-04:00,17.71017551422119,17.71017551422119,17.004130354827794,17.31661605834961,7800,0.0,0.0
2023-04-18 00:00:00-04:00,17.51339668095376,17.631464223484656,17.308745573288753,17.355972290039062,6700,0.0,0.0
2023-04-19 00:00:00-04:00,17.529139468760373,17.891213467030646,17.355972338013494,17.710176467895508,5400,0.0,0.0
2023-04-20 00:00:00-04:00,17.71017345319892,18.103732863270004,17.71017345319892,17.804628372192383,4100,0.0,0.0
2023-04-21 00:00:00-04:00,18.143086933280127,18.34144149862158,17.906951904296875,17.906951904296875,7400,0.0,0.0
2023-04-24 00:00:00-04:00,17.985668570860824,17.985668570860824,17.552752241241866,17.58030128479004,500,0.0,0.0
2023-04-25 00:00:00-04:00,17.996682479002406,17.996682479002406,17.15918731689453,17.15918731689453,10600,0.0,0.0
2023-04-26 00:00:00-04:00,17.316611659780087,17.316611659780087,17.15918731689453,17.15918731689453,3700,0.0,0.0
2023-04-27 00:00:00-04:00,17.572428914928224,17.572428914928224,17.399261807206518,17.4031982421875,1300,0.0,0.0
2023-04-28 00:00:00-04:00,17.92269798070629,18.11868952079749,17.481910309186787,18.103734970092773,19500,0.0,0.0
2023-05-01 00:00:00-04:00,18.056506715216237,18.103733425524705,17.458296213172126,17.552749633789062,9800,0.0,0.0
2023-05-02 00:00:00-04:00,17.316614611395476,17.702302665764805,16.70266137106529,17.119834899902344,17900,0.0,0.0
2023-05-03 00:00:00-04:00,16.828599419732065,16.954539809957325,16.04148061335655,16.379941940307617,16700,0.0,0.0
2023-05-04 00:00:00-04:00,15.545597125675796,16.29099906521228,14.364918862966242,15.722699165344238,33700,0.0,0.0
2023-05-05 00:00:00-04:00,15.750247187921701,16.324843545032003,15.750247187921701,15.978510856628418,8100,0.0,0.0
2023-05-08 00:00:00-04:00,15.781734678238728,16.647565841674805,15.781734678238728,16.647565841674805,7800,0.0,0.0
2023-05-09 00:00:00-04:00,16.52949447946082,16.60820665819643,15.191391944885256,15.191391944885254,1700,0.0,0.0
2023-05-10 00:00:00-04:00,15.742373727278506,16.923051756824396,15.742373727278506,15.750245094299316,3400,0.0,0.0
2023-05-11 00:00:00-04:00,16.16742390013789,16.494864169195846,15.427531669219004,15.432254791259766,5300,0.0,0.0
2023-05-12 00:00:00-04:00,16.080838681254683,16.135936761694754,15.584952954673824,15.632181167602539,4700,0.0,0.0
2023-05-15 00:00:00-04:00,15.939155860935447,16.017868041992188,15.939155860935447,16.017868041992188,1700,0.0,0.0
2023-05-16 00:00:00-04:00,16.017870895914637,16.017870895914637,15.20713783880795,15.447209358215332,10000,0.0,0.0
2023-05-17 00:00:00-04:00,15.61643555196918,16.135933787964724,15.61643555196918,16.104448318481445,6800,0.0,0.0
2023-05-18 00:00:00-04:00,16.135934612150614,16.726273683326855,16.135934612150614,16.631818771362305,9400,0.0,0.0
2023-05-19 00:00:00-04:00,16.726276874542236,17.017511532463686,16.450784955170093,16.529497146606445,4800,0.0,0.0
2023-05-22 00:00:00-04:00,16.545239158899186,17.379584748356322,16.46652697091792,17.363842010498047,4600,0.0,0.0
2023-05-23 00:00:00-04:00,17.237904747508168,17.355972290039062,16.911251163129013,17.355972290039062,2700,0.0,0.0
2023-05-24 00:00:00-04:00,17.23790430357226,17.765274047851562,16.734148667715093,17.765274047851562,7500,0.0,0.0
2023-05-25 00:00:00-04:00,17.316613700952423,17.537007506708864,17.316613700952423,17.51339340209961,2200,0.0,0.0
2023-05-26 00:00:00-04:00,17.34022823730618,18.182445138976426,17.34022823730618,17.749528884887695,8000,0.0,0.0
2023-05-30 00:00:00-04:00,17.71017551422119,18.103734970092773,16.923056602478027,18.103734970092773,6200,0.0,0.0
2023-05-31 00:00:00-04:00,18.08641365296309,18.41070556640625,17.647200982233866,18.41070556640625,14800,0.0,0.0
2023-06-01 00:00:00-04:00,18.261157730269534,18.339868413401437,18.245414993119137,18.253286361694336,1800,0.0,0.0
2023-06-02 00:00:00-04:00,18.497293445357542,19.166344785132495,18.497293445357542,19.001049041748047,7500,0.0,0.0
2023-06-05 00:00:00-04:00,19.615001629384842,19.65435697101438,18.772784707508347,18.898723602294922,6200,0.0,0.0
2023-06-06 00:00:00-04:00,19.520546259427963,19.654356519730037,19.087631506203035,19.166343688964844,11100,0.0,0.0
2023-06-07 00:00:00-04:00,19.28441003356317,19.567773273659192,19.28441003356317,19.481189727783203,7200,0.0,0.0
2023-06-08 00:00:00-04:00,18.890849749068693,19.205696944624535,18.741296768188477,18.741296768188477,7300,0.0,0.0
2023-06-09 00:00:00-04:00,19.31825667153937,19.31825667153937,19.048276092624658,19.170278549194336,3200,0.0,0.0
2023-06-12 00:00:00-04:00,19.197829339816582,19.197829339816582,18.583877563476562,18.583877563476562,6200,0.0,0.0
2023-06-13 00:00:00-04:00,19.05221094747238,19.05221094747238,18.58387579079557,18.67045783996582,1900,0.0,0.0
2023-06-14 00:00:00-04:00,19.08346594068543,19.08346594068543,18.135318756103516,18.135318756103516,6300,0.484,0.0
2023-06-15 00:00:00-04:00,18.446278191825172,19.284343009954675,17.854087018320225,17.990684509277344,9300,0.0,0.0
2023-06-16 00:00:00-04:00,19.28434354479445,19.589678309917645,18.16745913825132,18.802234649658203,6700,0.0,0.0
2023-06-20 00:00:00-04:00,19.670030096935466,19.686100751082545,18.585285463318613,18.85848045349121,4600,0.0,0.0
2023-06-21 00:00:00-04:00,18.882582561982023,19.565569897335994,18.006752014160156,18.006752014160156,18400,0.0,0.0
2023-06-22 00:00:00-04:00,18.304058041750928,18.842412735113662,18.127283898132625,18.625463485717773,10500,0.0,0.0
2023-06-23 00:00:00-04:00,18.802237903048304,19.228101115080005,18.521007537841797,18.521007537841797,7100,0.0,0.0
2023-06-26 00:00:00-04:00,18.56921554012929,18.67367172241211,18.456722498537946,18.67367172241211,1400,0.0,0.0
2023-06-27 00:00:00-04:00,18.85044485197049,19.22809755601885,18.85044485197049,19.05775260925293,6600,0.0,0.0
2023-06-28 00:00:00-04:00,19.199169158935547,19.199169158935547,19.199169158935547,19.199169158935547,700,0.0,0.0
2023-06-29 00:00:00-04:00,19.155782930609348,19.155782930609348,18.36030387878418,18.36030387878418,9600,0.0,0.0
2023-06-30 00:00:00-04:00,18.938831887135382,19.927154112560892,18.199598666656858,19.80662727355957,15500,0.0,0.0
2023-07-03 00:00:00-04:00,19.846806776814653,19.846806776814653,19.292381398177103,19.774490356445312,4400,0.0,0.0
2023-07-05 00:00:00-04:00,19.75038303005927,19.766453685178682,19.364696502685547,19.364696502685547,2900,0.0,0.0
2023-07-06 00:00:00-04:00,19.332553974533496,19.58164451544608,18.681707809019624,18.802234649658203,4400,0.0,0.0
2023-07-07 00:00:00-04:00,19.28434587110743,19.830735916001945,19.244170763575468,19.557540893554688,5000,0.0,0.0
2023-07-10 00:00:00-04:00,19.766454446929984,19.790558897956004,19.11560821533203,19.11560821533203,5800,0.0,0.0
2023-07-11 00:00:00-04:00,19.605749371073323,19.605749371073323,19.376747909330984,19.501293182373047,4500,0.0,0.0
2023-07-12 00:00:00-04:00,19.605748797444207,19.605748797444207,19.123639906404204,19.597713470458984,13400,0.0,0.0
2023-07-13 00:00:00-04:00,19.60575116358008,19.60575116358008,19.16381885413124,19.39683723449707,7800,0.0,0.0
2023-07-14 00:00:00-04:00,19.445047220574928,19.445047220574928,18.223705082364184,18.64153289794922,7000,0.0,0.0
2023-07-17 00:00:00-04:00,18.922760009765625,18.922760009765625,18.922760009765625,18.922760009765625,1700,0.0,0.0
2023-07-18 00:00:00-04:00,18.946869186544504,18.946869186544504,18.62546373822041,18.898658752441406,1900,0.0,0.0
2023-07-19 00:00:00-04:00,18.480825691209798,18.962934494018555,18.480825691209798,18.962934494018555,8400,0.0,0.0
2023-07-20 00:00:00-04:00,19.083461311575334,19.264252304201325,18.28798247660262,18.962934494018555,6300,0.0,0.0
2023-07-21 00:00:00-04:00,18.88258934020996,18.88258934020996,18.88258934020996,18.88258934020996,1600,0.0,0.0
2023-07-24 00:00:00-04:00,19.20399504828386,19.20399504828386,18.782150268554688,18.782150268554688,1400,0.0,0.0
2023-07-25 00:00:00-04:00,18.818305303765193,18.88258638761123,18.778130201079644,18.802234649658203,2200,0.0,0.0
2023-07-26 00:00:00-04:00,19.187923437793483,19.187923437793483,18.810272216796875,18.810272216796875,1900,0.0,0.0
2023-07-27 00:00:00-04:00,19.2039948096971,19.352644551975747,18.49690277682539,18.88258934020996,7600,0.0,0.0
2023-07-28 00:00:00-04:00,18.850441868075432,18.89865382218312,18.762056350708008,18.762056350708008,3100,0.0,0.0
2023-07-31 00:00:00-04:00,19.003113015843525,19.87090840435626,18.914727484406853,19.862873077392578,11400,0.0,0.0
2023-08-01 00:00:00-04:00,19.686101942163653,19.83877010063401,19.364696502685547,19.364696502685547,3400,0.0,0.0
2023-08-02 00:00:00-04:00,19.565573918738508,19.67003010557654,19.00954246520996,19.00954246520996,2300,0.0,0.0
2023-08-03 00:00:00-04:00,19.589678301247805,19.589678301247805,19.051323649557276,19.123640060424805,2700,0.0,0.0
2023-08-04 00:00:00-04:00,19.822695962998925,19.822695962998925,19.163814544677734,19.163814544677734,1800,0.0,0.0
2023-08-07 00:00:00-04:00,19.686101738764187,19.686101738764187,19.445048044791715,19.52539825439453,2100,0.0,0.0
2023-08-08 00:00:00-04:00,19.485223350917085,19.822699445514598,19.364696502685547,19.364696502685547,6900,0.0,0.0
2023-08-09 00:00:00-04:00,19.485221915467616,19.485221915467616,19.203991601923867,19.220062255859375,3400,0.0,0.0
2023-08-10 00:00:00-04:00,19.171850727820818,19.23613180729674,18.67367121244606,19.083463668823242,6700,0.0,0.0
2023-08-11 00:00:00-04:00,18.84241118329132,19.01918377976894,18.561180868263612,19.01114845275879,5500,0.0,0.0
2023-08-14 00:00:00-04:00,19.1638154013136,19.1638154013136,18.88258510388826,19.083463668823242,2700,0.0,0.0
2023-08-15 00:00:00-04:00,19.115605592891562,19.115605592891562,19.003112550735242,19.043289184570312,2900,0.0,0.0
2023-08-16 00:00:00-04:00,19.06900131067563,19.06900131067563,18.8906210411608,19.043289184570312,3500,0.0,0.0
2023-08-17 00:00:00-04:00,19.03525089106895,19.04328621658362,18.77009127941138,18.962934494018555,5000,0.0,0.0
2023-08-18 00:00:00-04:00,19.003112167298518,19.003112167298518,18.68170676601252,18.721881866455078,8800,0.0,0.0
2023-08-21 00:00:00-04:00,18.858480406450745,18.858480406450745,18.721882911705173,18.802234649658203,3600,0.0,0.0
2023-08-22 00:00:00-04:00,18.802234649658203,18.96293812556426,18.802234649658203,18.802234649658203,4800,0.0,0.0
2023-08-23 00:00:00-04:00,18.95489982235244,19.51736036712832,18.938829170768745,19.244165420532227,5000,0.0,0.0
2023-08-24 00:00:00-04:00,19.220060266821907,19.220060266821907,18.818303155502537,18.842409133911133,5500,0.0,0.0
2023-08-25 00:00:00-04:00,19.28434496253945,19.28434496253945,19.268274307250977,19.268274307250977,1300,0.0,0.0
2023-08-28 00:00:00-04:00,19.08346325159073,19.28434181213379,19.08346325159073,19.28434181213379,7300,0.0,0.0
2023-08-29 00:00:00-04:00,19.28434051690978,19.43700864179152,19.099532621442336,19.244165420532227,6500,0.0,0.0
2023-08-30 00:00:00-04:00,19.123637066236192,19.244165420532227,19.123637066236192,19.244165420532227,8100,0.0,0.0
2023-08-31 00:00:00-04:00,19.284342956003133,19.47718620165334,19.155780792236328,19.155780792236328,4200,0.0,0.0
2023-09-01 00:00:00-04:00,19.268272517101533,19.376747131347656,19.268272517101533,19.376747131347656,500,0.0,0.0
2023-09-05 00:00:00-04:00,19.320499420166016,19.320499420166016,19.320499420166016,19.320499420166016,400,0.0,0.0
2023-09-06 00:00:00-04:00,19.16381498232431,19.28434181213379,19.16381498232431,19.28434181213379,2200,0.0,0.0
2023-09-07 00:00:00-04:00,19.083465666126955,19.203992511186097,19.083465666126955,19.19595718383789,3600,0.0,0.0
2023-09-08 00:00:00-04:00,19.18792162835383,19.284344022803914,18.336999936086954,18.91472816467285,23400,0.0,0.0
2023-09-11 00:00:00-04:00,18.649567044243618,19.067394867709098,18.649567044243618,18.97820472717285,8600,0.0,0.0
2023-09-12 00:00:00-04:00,18.946865336426097,19.163814544677734,18.802232530925007,19.163814544677734,3400,0.0,0.0
2023-09-13 00:00:00-04:00,18.810269546956988,18.810269546956988,18.633496953564556,18.68170738220215,10800,0.0,0.0
2023-09-14 00:00:00-04:00,18.78346131437901,18.995996536196483,18.635753631591797,18.635753631591797,1900,0.484,0.0
2023-09-15 00:00:00-04:00,18.56190066627403,18.8573144557173,18.5454883543149,18.78346061706543,5000,0.0,0.0
2023-09-18 00:00:00-04:00,18.53727912902832,18.709603680573935,18.436344835839645,18.53727912902832,9500,0.0,0.0
2023-09-19 00:00:00-04:00,18.553695534453944,18.553695534453944,18.25007400710706,18.3731632232666,5200,0.0,0.0
2023-09-20 00:00:00-04:00,18.278794546580684,18.38136915297582,18.102366098367906,18.176219940185547,9700,0.0,0.0
2023-09-21 00:00:00-04:00,18.077747794820578,18.315720049346236,17.741303237107783,17.9710693359375,10200,0.0,0.0
2023-09-22 00:00:00-04:00,18.258282249624077,18.258282249624077,18.012103789178084,18.053133010864258,3400,0.0,0.0
2023-09-25 00:00:00-04:00,18.028514538753868,18.053133010864258,17.659246848084877,18.053133010864258,6500,0.0,0.0
2023-09-26 00:00:00-04:00,17.683860748367934,17.80695152282715,17.64283153365767,17.80695152282715,5600,0.0,0.0
2023-09-27 00:00:00-04:00,17.91362928433981,18.46342923986686,17.91362928433981,18.455223083496094,27600,0.0,0.0
2023-09-28 00:00:00-04:00,18.25827902711443,18.676783588139905,18.053129824562582,18.627548217773438,4700,0.0,0.0
2023-09-29 00:00:00-04:00,18.767048695013017,19.98153153097767,18.474915508058906,19.7353515625,25400,0.0,0.0
2023-10-02 00:00:00-04:00,19.571231315650117,19.653291297456988,18.326385977570318,18.817922592163086,10400,0.0,0.0
2023-10-03 00:00:00-04:00,18.799873966773028,18.799873966773028,18.118778634514978,18.3731632232666,4400,0.0,0.0
2023-10-04 00:00:00-04:00,18.250073862719077,19.587647612519454,18.21725080241289,18.955787658691406,5800,0.0,0.0
2023-10-05 00:00:00-04:00,19.284024394449503,19.284024394449503,19.152729034423828,19.152729034423828,1800,0.0,0.0
2023-10-06 00:00:00-04:00,18.816284003597378,19.15272855081339,18.816284003597378,18.996814727783203,2100,0.0,0.0
2023-10-09 00:00:00-04:00,19.005023279878706,19.57944171179781,19.005023279878706,19.53020477294922,1800,0.0,0.0
2023-10-10 00:00:00-04:00,19.448145655087753,19.448145655087753,19.02964108056757,19.439939498901367,6200,0.0,0.0
2023-10-11 00:00:00-04:00,19.0050255199566,19.40711784362793,19.0050255199566,19.40711784362793,4100,0.0,0.0
2023-10-12 00:00:00-04:00,19.119903365798255,19.29879379272461,19.005020323352003,19.29879379272461,1100,0.0,0.0
2023-10-13 00:00:00-04:00,19.284025934744967,19.284025934744967,19.03784750632457,19.275819778442383,3500,0.0,0.0
2023-10-16 00:00:00-04:00,19.24299430847168,19.24299430847168,19.24299430847168,19.24299430847168,200,0.0,0.0
2023-10-17 00:00:00-04:00,19.037850494009092,19.300441276244054,19.00502586364746,19.00502586364746,1900,0.0,0.0
2023-10-18 00:00:00-04:00,18.996816897849612,18.996816897849612,18.21725082397461,18.21725082397461,1300,0.0,0.0
2023-10-19 00:00:00-04:00,18.865522927826277,18.865522927826277,17.642833709716797,17.642833709716797,8400,0.0,0.0
2023-10-20 00:00:00-04:00,17.790541405154684,18.594726007911618,17.642833709716797,17.642833709716797,9200,0.0,0.0
2023-10-23 00:00:00-04:00,17.642835464427463,17.761000693431537,17.642835464427463,17.724895477294922,2500,0.0,0.0
2023-10-24 00:00:00-04:00,18.085958594813004,18.106473206738727,17.724895477294922,17.724895477294922,1100,0.0,0.0
2023-10-25 00:00:00-04:00,17.97106994683241,18.038359486728027,17.651037689632567,17.80695152282715,2000,0.0,0.0
2023-10-26 00:00:00-04:00,17.765923763567613,18.053133010864258,17.413066822474402,18.053133010864258,8300,0.0,0.0
2023-10-27 00:00:00-04:00,18.0367173886779,18.0367173886779,17.847980499267578,17.847980499267578,1400,0.0,0.0
2023-10-30 00:00:00-04:00,17.847980499267578,17.847980499267578,17.847980499267578,17.847980499267578,100,0.0,0.0
2023-10-31 00:00:00-04:00,17.946451144054926,18.044921875,17.80694963757936,18.044921875,7300,0.0,0.0
2023-11-01 00:00:00-04:00,18.03671681107025,18.274690628051758,18.03671681107025,18.274690628051758,2900,0.0,0.0
2023-11-02 00:00:00-04:00,17.971071773349696,18.791668672271275,17.971071773349696,18.405988693237305,3400,0.0,0.0
2023-11-03 00:00:00-04:00,18.405987703375256,18.955787658691406,18.405987703375256,18.955787658691406,1800,0.0,0.0
2023-11-06 00:00:00-05:00,18.66857771047898,19.382497634672855,18.46342850486932,19.20196533203125,5200,0.0,0.0
2023-11-07 00:00:00-05:00,19.119905471801758,19.119905471801758,19.103494724761887,19.119905471801758,800,0.0,0.0
2023-11-08 00:00:00-05:00,19.284023581675985,19.456348147510074,19.103492860540644,19.382495880126953,3600,0.0,0.0
2023-11-09 00:00:00-05:00,19.464555073073413,19.464555073073413,18.922961323071053,19.25119972229004,2700,0.0,0.0
2023-11-10 00:00:00-05:00,19.119906516088413,19.119906516088413,18.972200393676758,18.972200393676758,1100,0.0,0.0
2023-11-13 00:00:00-05:00,18.963993201355425,19.119905471801758,18.963993201355425,19.119905471801758,700,0.0,0.0
2023-11-14 00:00:00-05:00,19.43994187551747,19.43994187551747,19.333263397216797,19.333263397216797,1200,0.0,0.0
2023-11-15 00:00:00-05:00,19.333259090867234,19.58682350043846,19.333259090867234,19.538408279418945,2300,0.0,0.0
2023-11-16 00:00:00-05:00,19.492459044153943,19.595853805541992,19.333263040970454,19.595853805541992,1100,0.0,0.0
2023-11-17 00:00:00-05:00,19.5137953654867,19.595853805541992,19.5137953654867,19.595853805541992,800,0.0,0.0
2023-11-20 00:00:00-05:00,19.595849227885356,19.595849227885356,19.3660831451416,19.3660831451416,2700,0.0,0.0
2023-11-21 00:00:00-05:00,19.10349244814563,19.129751205444336,19.078873982773317,19.129751205444336,1500,0.0,0.0
2023-11-22 00:00:00-05:00,19.44814863083796,19.604060926742594,19.40711784362793,19.40711784362793,1700,0.0,0.0
2023-11-24 00:00:00-05:00,19.20196533203125,19.20196533203125,19.20196533203125,19.20196533203125,1300,0.0,0.0
2023-11-27 00:00:00-05:00,19.284026087574713,19.479328852729747,18.873727660179508,18.955787658691406,9500,0.0,0.0
2023-11-28 00:00:00-05:00,19.242996166982948,19.242996166982948,19.10349464416504,19.10349464416504,2800,0.0,0.0
2023-11-29 00:00:00-05:00,18.906553114347386,19.60405921936035,18.873728487438164,19.60405921936035,10800,0.0,0.0
2023-11-30 00:00:00-05:00,19.604057611766386,20.203094482421875,19.489174557333605,20.203094482421875,18100,0.0,0.0
2023-12-01 00:00:00-05:00,20.014354899178958,20.014354899178958,19.571233453285018,19.834644317626953,3100,0.0,0.0
2023-12-04 00:00:00-05:00,20.09641862472466,20.09641862472466,19.612266310887527,20.055389404296875,3400,0.0,0.0
2023-12-05 00:00:00-05:00,19.77638089493419,19.86664546813342,19.653291702270508,19.653291702270508,4900,0.0,0.0
2023-12-06 00:00:00-05:00,19.65329636838007,20.063594818115234,19.65329636838007,20.063594818115234,5900,0.0,0.0
2023-12-07 00:00:00-05:00,19.99794592332646,19.99794592332646,19.612264402118345,19.91588592529297,3100,0.0,0.0
2023-12-08 00:00:00-05:00,19.899473190307617,19.899473190307617,19.899473190307617,19.899473190307617,1500,0.0,0.0
2023-12-11 00:00:00-05:00,19.718942688040524,19.858444213867188,19.201965800791722,19.858444213867188,12300,0.0,0.0
2023-12-12 00:00:00-05:00,19.694323982160114,19.899473190307617,19.604057829722656,19.899473190307617,3900,0.0,0.0
2023-12-13 00:00:00-05:00,19.65329227943835,20.18667984008789,19.439936942145724,20.18667984008789,12900,0.0,0.0
2023-12-14 00:00:00-05:00,20.424410306034897,20.43278115771646,20.19840210036286,20.25699806213379,3200,0.484,0.0
2023-12-15 00:00:00-05:00,20.215142912671844,20.531554067350413,20.173290252685547,20.173290252685547,5800,0.0,0.0
2023-12-18 00:00:00-05:00,20.583450212021358,20.583450212021358,20.148175569232045,20.15152359008789,5800,0.0,0.0
2023-12-19 00:00:00-05:00,20.17329165878081,20.340703906971402,19.98076685490209,20.164920806884766,6000,0.0,0.0
2023-12-20 00:00:00-05:00,20.282105793664428,20.340700149536133,20.148175381221545,20.340700149536133,2900,0.0,0.0
2023-12-21 00:00:00-05:00,20.424409026831693,20.717382431030273,20.424409026831693,20.717382431030273,6700,0.0,0.0
2023-12-22 00:00:00-05:00,20.717381134162643,20.842940700508933,20.558338165283203,20.558338165283203,5100,0.0,0.0
2023-12-26 00:00:00-05:00,20.600192885858085,20.796902292185795,20.600192885858085,20.783510208129883,900,0.0,0.0
2023-12-27 00:00:00-05:00,20.623631623475813,20.92664909362793,20.623631623475813,20.92664909362793,5800,0.0,0.0
2023-12-28 00:00:00-05:00,20.69226958548214,20.69226958548214,20.67134325617261,20.67552947998047,1600,0.0,0.0
2023-12-29 00:00:00-05:00,20.675527777219795,20.747514216389913,20.340700149536133,20.340700149536133,8000,0.0,0.0
2024-01-02 00:00:00-05:00,20.700637420024435,20.842938673800326,20.59181956552586,20.725749969482422,7300,0.0,0.0
2024-01-03 00:00:00-05:00,20.717382431030273,20.842942005236345,20.717382431030273,20.717382431030273,3400,0.0,0.0
2024-01-04 00:00:00-05:00,20.842939983502863,20.884794235229492,20.842939983502863,20.884794235229492,2200,0.0,0.0
2024-01-05 00:00:00-05:00,20.90990518968902,20.926646890379672,20.884794235229492,20.884794235229492,6500,0.0,0.0
2024-01-08 00:00:00-05:00,20.63367391029657,20.778486590552564,20.63367391029657,20.759233474731445,3600,0.0,0.0
2024-01-09 00:00:00-05:00,20.508116494706083,20.90990778162805,20.508116494706083,20.846290588378906,8300,0.0,0.0
2024-01-10 00:00:00-05:00,20.834567823980997,20.909903875778607,20.725749969482422,20.725749969482422,2500,0.0,0.0
2024-01-11 00:00:00-05:00,20.725749969482422,20.725749969482422,20.725749969482422,20.725749969482422,0,0.0,0.0
2024-01-12 00:00:00-05:00,20.5064379505554,20.905719346252443,20.5064379505554,20.729934692382812,4200,0.0,0.0
2024-01-16 00:00:00-05:00,20.88479352637324,20.90990447998047,20.868051826250824,20.90990447998047,4300,0.0,0.0
2024-01-17 00:00:00-05:00,20.90153565520941,20.90990650608173,20.771791458129883,20.771791458129883,3400,0.0,0.0
2024-01-18 00:00:00-05:00,20.90990578886884,20.90990578886884,20.767604522073515,20.897350311279297,3400,0.0,0.0
2024-01-19 00:00:00-05:00,20.888979252203097,21.052206845544003,20.801087716800527,21.031280517578125,3200,0.0,0.0
2024-01-22 00:00:00-05:00,20.92664998382553,21.077322119161348,20.918279132242798,21.010356903076172,3800,0.0,0.0
2024-01-23 00:00:00-05:00,21.010356903076172,21.010356903076172,21.010356903076172,21.010356903076172,2500,0.0,0.0
2024-01-24 00:00:00-05:00,21.156841188656532,21.161027412414576,20.935019226777154,21.052207946777344,7000,0.0,0.0
2024-01-25 00:00:00-05:00,21.219622964323964,22.224101184839917,21.110803492574327,21.17776870727539,15500,0.0,0.0
2024-01-26 00:00:00-05:00,21.345180726581866,21.596299861205164,21.052207338470343,21.110801696777344,7300,0.0,0.0
2024-01-29 00:00:00-05:00,21.110801194126264,21.17776640153646,21.10243034362793,21.10243034362793,700,0.0,0.0
2024-01-30 00:00:00-05:00,21.103266744974842,21.13591194152832,21.103266744974842,21.13591194152832,1600,0.0,0.0
2024-01-31 00:00:00-05:00,21.035466894123996,21.04383774532187,20.717382531487793,20.750865936279297,7900,0.0,0.0
2024-02-01 00:00:00-05:00,20.742493517777,20.742493517777,19.959835753967756,20.005874633789062,10600,0.0,0.0
2024-02-02 00:00:00-05:00,20.097953912034523,20.92664902170484,20.097953912034523,20.750865936279297,3700,0.0,0.0
2024-02-05 00:00:00-05:00,20.558339570687956,20.92664904084834,20.382556485101606,20.549968719482422,2400,0.0,0.0
2024-02-06 00:00:00-05:00,20.340702280375698,20.92664909362793,20.340702280375698,20.92664909362793,1000,0.0,0.0
2024-02-07 00:00:00-05:00,20.926646901406084,20.926646901406084,20.340700149536133,20.340700149536133,1500,0.0,0.0
2024-02-08 00:00:00-05:00,21.18613687594211,21.18613687594211,20.340700149536133,20.340700149536133,3300,0.0,0.0
2024-02-09 00:00:00-05:00,20.918277781428422,20.918277781428422,20.57508087158203,20.57508087158203,900,0.0,0.0
2024-02-12 00:00:00-05:00,21.05137295822788,21.227994254497162,20.805275030740937,21.010356903076172,3500,0.0,0.0
2024-02-13 00:00:00-05:00,21.010356009317768,21.110803030884274,20.92664909362793,20.92664909362793,3900,0.0,0.0
2024-02-14 00:00:00-05:00,20.943391598896714,21.131731767274264,20.26536699273753,20.357444763183594,11700,0.0,0.0
2024-02-15 00:00:00-05:00,20.717380020715627,20.7592326750562,20.709009170532227,20.709009170532227,1000,0.0,0.0
2024-02-16 00:00:00-05:00,20.667158856093998,20.70901151517306,20.424408963020937,20.441150665283203,4800,0.0,0.0
2024-02-20 00:00:00-05:00,20.616934260252354,21.068950653076172,20.616934260252354,21.068950653076172,1600,0.0,0.0
2024-02-21 00:00:00-05:00,20.926646890379672,20.926646890379672,20.884794235229492,20.884794235229492,2200,0.0,0.0
2024-02-22 00:00:00-05:00,20.90153635781252,20.90153635781252,20.81783103942871,20.81783103942871,800,0.0,0.0
2024-02-23 00:00:00-05:00,20.591822144454948,21.043836915274788,20.591822144454948,20.842941284179688,6800,0.0,0.0
2024-02-26 00:00:00-05:00,20.92664909362793,21.028770924070415,20.92664909362793,20.92664909362793,3500,0.0,0.0
2024-02-27 00:00:00-05:00,20.9685001373291,20.9685001373291,20.9685001373291,20.9685001373291,900,0.0,0.0
2024-02-28 00:00:00-05:00,21.010356290282708,21.068950653076172,21.010356290282708,21.068950653076172,600,0.0,0.0
2024-02-29 00:00:00-05:00,21.052207255581305,21.052207255581305,20.93501853942871,20.93501853942871,2900,0.0,0.0
2024-03-01 00:00:00-05:00,20.95176164730787,20.998637136915786,20.92664909362793,20.92664909362793,4000,0.0,0.0
2024-03-04 00:00:00-05:00,20.92664837583763,21.052207946777344,20.92664837583763,21.052207946777344,4300,0.0,0.0
2024-03-05 00:00:00-05:00,20.926646285023136,21.13591274787337,20.817828426834637,20.943387985229492,10100,0.0,0.0
2024-03-06 00:00:00-05:00,21.089042134574147,21.13591762871561,20.74249716247349,20.85968589782715,6000,0.0,0.0
2024-03-07 00:00:00-05:00,20.83457043331199,20.842941284179688,20.83457043331199,20.842941284179688,500,0.0,0.0
2024-03-08 00:00:00-05:00,20.92664819628012,20.92664819628012,20.842941284179688,20.842941284179688,6100,0.0,0.0
2024-03-11 00:00:00-04:00,21.027098507086706,21.094063722856102,20.97687339782715,20.97687339782715,3600,0.0,0.0
2024-03-12 00:00:00-04:00,21.02709761078539,21.02709761078539,20.84294207783686,20.893165588378906,2600,0.0,0.0
2024-03-13 00:00:00-04:00,21.08903645999997,21.13591194152832,21.08903645999997,21.13591194152832,900,0.0,0.0
2024-03-14 00:00:00-04:00,21.31001392847582,21.49776840209961,21.053987172524998,21.49776840209961,5900,0.484,0.0
2024-03-15 00:00:00-04:00,21.280145149609016,21.489234924316406,21.280145149609016,21.489234924316406,1200,0.0,0.0
2024-03-18 00:00:00-04:00,21.489232696292913,21.52336883544922,21.47643184758159,21.52336883544922,1100,0.0,0.0
2024-03-19 00:00:00-04:00,21.51910306448408,21.51910306448408,21.20760325700148,21.387676239013672,7600,0.0,0.0
2024-03-20 00:00:00-04:00,21.387676239013672,21.387676239013672,21.387676239013672,21.387676239013672,400,0.0,0.0
2024-03-21 00:00:00-04:00,21.523367852116223,21.54897117614746,21.48923171451949,21.54897117614746,2200,0.0,0.0
2024-03-22 00:00:00-04:00,21.531904543263124,21.531904543263124,21.3185483707113,21.49776840209961,2000,0.0,0.0
2024-03-25 00:00:00-04:00,21.531903708286368,21.531903708286368,21.07958968179479,21.158103942871094,5600,0.0,0.0
2024-03-26 00:00:00-04:00,21.29294365575911,21.31001091003418,21.29294365575911,21.31001091003418,1500,0.0,0.0
2024-03-27 00:00:00-04:00,21.250273715007328,21.250273715007328,21.08812257377931,21.24173927307129,5700,0.0,0.0
2024-03-28 00:00:00-04:00,21.241740018370372,21.49776840209961,21.241740018370372,21.49776840209961,3500,0.0,0.0
2024-04-01 00:00:00-04:00,21.50630290918301,21.50630290918301,21.37828790304318,21.446561813354492,2600,0.0,0.0
2024-04-02 00:00:00-04:00,21.449977503677825,21.506303521984073,21.33561792745306,21.450830459594727,7600,0.0,0.0
2024-04-03 00:00:00-04:00,21.506302264933442,21.506302264933442,21.344151122384616,21.42095947265625,3200,0.0,0.0
2024-04-04 00:00:00-04:00,21.442291644540198,21.5643310546875,21.37401774620602,21.5643310546875,4600,0.0,0.0
2024-04-05 00:00:00-04:00,21.621512111438896,21.621512111438896,21.591642379760742,21.591642379760742,1900,0.0,0.0
2024-04-08 00:00:00-04:00,21.403036592275594,21.591642379760742,21.403036592275594,21.591642379760742,600,0.0,0.0
2024-04-09 00:00:00-04:00,21.446562158571115,21.489234370564073,21.386822689559416,21.395357131958008,3700,0.0,0.0
2024-04-10 00:00:00-04:00,21.416692953719295,21.514836602062616,21.378288775865084,21.506303787231445,7100,0.0,0.0
2024-04-11 00:00:00-04:00,21.386820803340232,21.420958569923805,21.335615781243174,21.378286361694336,2800,0.0,0.0
2024-04-12 00:00:00-04:00,21.531904345518804,21.531904345518804,21.378287642247727,21.45850944519043,3600,0.0,0.0
2024-04-15 00:00:00-04:00,21.395354031671864,21.395354031671864,21.258806228637695,21.258806228637695,5100,0.0,0.0
2024-04-16 00:00:00-04:00,21.310012597009454,21.310012597009454,20.849164139536466,21.16493034362793,10700,0.0,0.0
2024-04-17 00:00:00-04:00,21.33561668037906,21.42095947265625,21.216137747858017,21.42095947265625,6500,0.0,0.0
2024-04-18 00:00:00-04:00,21.344151464832315,21.43802870062124,21.33561702268983,21.369754791259766,2600,0.0,0.0
2024-04-19 00:00:00-04:00,21.480698376821362,21.480698376821362,21.32708168029785,21.32708168029785,4800,0.0,0.0
2024-04-22 00:00:00-04:00,21.497766916958547,21.548971939055605,21.378286361694336,21.378286361694336,2300,0.0,0.0
2024-04-23 00:00:00-04:00,21.352683908576065,21.54897117614746,21.352683908576065,21.54897117614746,1400,0.0,0.0
2024-04-24 00:00:00-04:00,21.480701446533203,21.480701446533203,21.480701446533203,21.480701446533203,400,0.0,0.0
2024-04-25 00:00:00-04:00,21.3782878815217,21.46363067626953,21.3782878815217,21.46363067626953,1300,0.0,0.0
2024-04-26 00:00:00-04:00,21.472161026859876,21.547261825482238,21.35268211364746,21.35268211364746,6400,0.0,0.0
2024-04-29 00:00:00-04:00,21.386820803340232,21.481550989497855,21.335615781243174,21.378286361694336,3400,0.0,0.0
2024-04-30 00:00:00-04:00,21.378287605623854,21.378287605623854,21.164931435396955,21.369754791259766,15500,0.0,0.0
2024-05-01 00:00:00-04:00,21.403890588645137,21.497767822927884,21.395356146639582,21.42095947265625,1100,0.0,0.0
2024-05-02 00:00:00-04:00,21.35268466453496,21.453388797066882,21.35268466453496,21.378286361694336,8700,0.0,0.0
2024-05-03 00:00:00-04:00,21.50630323742574,21.50630323742574,21.420960441289438,21.479846954345703,3800,0.0,0.0
2024-05-06 00:00:00-04:00,21.38682136313826,21.472164154052734,21.37828692126898,21.472164154052734,4400,0.0,0.0
2024-05-07 00:00:00-04:00,21.46362947249188,21.46362947249188,21.34415054321289,21.34415054321289,4500,0.0,0.0
2024-05-08 00:00:00-04:00,21.438026467406356,21.455093722135018,21.335614800143247,21.403888702392578,6400,0.0,0.0
2024-05-09 00:00:00-04:00,21.378287648449188,21.455096000107005,21.335617065429688,21.335617065429688,3400,0.0,0.0
2024-05-10 00:00:00-04:00,21.438027795688534,21.438027795688534,21.2161371926855,21.32708168029785,5800,0.0,0.0
2024-05-13 00:00:00-04:00,21.33561326909941,21.36121659102245,21.27587381239043,21.318544387817383,5100,0.0,0.0
2024-05-14 00:00:00-04:00,21.54641274065827,21.54641274065827,21.32708262327011,21.335617065429688,2700,0.0,0.0
2024-05-15 00:00:00-04:00,21.378286361694336,21.382554396406437,21.35268466453496,21.378286361694336,8100,0.0,0.0
2024-05-16 00:00:00-04:00,21.34585869569982,21.43803002542318,21.344152783832946,21.41584014892578,2700,0.0,0.0
2024-05-17 00:00:00-04:00,21.335617065429688,21.420959859247088,21.335617065429688,21.335617065429688,5800,0.0,0.0
2024-05-20 00:00:00-04:00,21.335616080830736,21.378286661881067,21.335616080830736,21.36121940612793,4300,0.0,0.0
2024-05-21 00:00:00-04:00,21.344151122384616,21.676986221709452,21.344151122384616,21.42095947265625,7500,0.0,0.0
2024-05-22 00:00:00-04:00,21.378287648449188,21.553239643274573,21.335617065429688,21.335617065429688,5700,0.0,0.0
2024-05-23 00:00:00-04:00,21.335615781243174,21.378286361694336,21.29294520079201,21.378286361694336,4200,0.0,0.0
2024-05-24 00:00:00-04:00,21.497769714436696,21.497769714436696,21.335618557620794,21.438030242919922,2600,0.0,0.0
2024-05-28 00:00:00-04:00,21.403887129627336,21.403887129627336,21.3356132323948,21.35268211364746,4700,0.0,0.0
2024-05-29 00:00:00-04:00,21.33561453242133,21.33561453242133,21.284409513321418,21.292943954467773,2100,0.0,0.0
2024-05-30 00:00:00-04:00,21.42095947265625,21.42095947265625,21.42095947265625,21.42095947265625,200,0.0,0.0
2024-05-31 00:00:00-04:00,21.37828668253046,21.386821124304436,21.335616101438916,21.34415054321289,10200,0.0,0.0
2024-06-03 00:00:00-04:00,21.44655993399876,21.44655993399876,21.335615449881818,21.374019622802734,6100,0.0,0.0
2024-06-04 00:00:00-04:00,21.455095030717906,21.455095030717906,21.335616101438916,21.34415054321289,5400,0.0,0.0
2024-06-05 00:00:00-04:00,21.3356132323948,21.369750994900123,21.3356132323948,21.35268211364746,7100,0.0,0.0
2024-06-06 00:00:00-04:00,21.403891307623855,21.403891307623855,21.335617397064386,21.33988380432129,1100,0.0,0.0
2024-06-07 00:00:00-04:00,21.374020254887363,21.378286661881067,21.36121940612793,21.36121940612793,5900,0.0,0.0
2024-06-10 00:00:00-04:00,21.395357131958008,21.440588211669944,21.36548739745216,21.395357131958008,5100,0.0,0.0
2024-06-11 00:00:00-04:00,21.368043455663614,21.446557704980883,21.35268211364746,21.35268211364746,3800,0.0,0.0
2024-06-12 00:00:00-04:00,21.361219106180855,21.531903055763816,21.35268466453496,21.378286361694336,6700,0.0,0.0
2024-06-13 00:00:00-04:00,21.378287648449188,21.378287648449188,21.335617065429688,21.335617065429688,13600,0.0,0.0
2024-06-14 00:00:00-04:00,21.37828668253046,21.489232797813806,21.335616101438916,21.34415054321289,2900,0.0,0.0
2024-06-17 00:00:00-04:00,21.739251071666377,21.739251071666377,21.225793838500977,21.225793838500977,9600,0.484,0.0
2024-06-18 00:00:00-04:00,21.430308496191312,21.469470547656545,21.404199908580722,21.408552169799805,6700,0.0,0.0
2024-06-20 00:00:00-04:00,21.53908890029196,21.669628501040787,21.452061946492385,21.58260154724121,8500,0.0,0.0
2024-06-21 00:00:00-04:00,21.58260128128528,21.58260128128528,21.52342414855957,21.52342414855957,3200,0.0,0.0
2024-06-24 00:00:00-04:00,21.53908890029196,21.58260154724121,21.523424413786277,21.58260154724121,3900,0.0,0.0
2024-06-25 00:00:00-04:00,21.58260185044139,21.626116157903024,21.36503529283653,21.53908920288086,7700,0.0,0.0
2024-06-26 00:00:00-04:00,21.539090745045673,21.626117706298828,21.539090745045673,21.626117706298828,900,0.0,0.0
2024-06-27 00:00:00-04:00,21.573900345772223,21.59565666924685,21.321522345743556,21.58260154724121,6100,0.0,0.0
2024-06-28 00:00:00-04:00,21.576510746592096,21.60871116921782,21.45206297683498,21.460765838623047,8100,0.0,0.0
2024-07-01 00:00:00-04:00,21.582605240433512,21.5913081032928,21.539092586038425,21.573904037475586,8200,0.0,0.0
2024-07-02 00:00:00-04:00,21.91417342786607,21.91417342786607,21.58260154724121,21.58260154724121,4300,0.0,0.0
2024-07-03 00:00:00-04:00,21.7479525934703,21.7479525934703,21.58260154724121,21.58260154724121,3400,0.0,0.0
2024-07-05 00:00:00-04:00,21.660926325963715,21.660926325963715,21.643522262573242,21.643522262573242,500,0.0,0.0
2024-07-08 00:00:00-04:00,21.626985285231946,21.669628143310547,21.626985285231946,21.669628143310547,800,0.0,0.0
2024-07-09 00:00:00-04:00,21.460766645907952,21.626117706298828,21.452063783792514,21.626117706298828,3700,0.0,0.0
2024-07-10 00:00:00-04:00,21.626117706298828,21.626117706298828,21.626117706298828,21.626117706298828,500,0.0,0.0
2024-07-11 00:00:00-04:00,21.652225431952864,21.669631156826206,21.50428009033203,21.50428009033203,1500,0.0,0.0
2024-07-12 00:00:00-04:00,21.70879085222847,21.70879085222847,21.53908920288086,21.53908920288086,900,0.0,0.0
2024-07-15 00:00:00-04:00,21.730549719420697,21.948116302490234,21.730549719420697,21.948116302490234,5800,0.0,0.0
2024-07-16 00:00:00-04:00,21.913304542426893,21.913304542426893,21.66092653200141,21.895898818969727,2500,0.0,0.0
2024-07-17 00:00:00-04:00,21.861088966202665,21.861088966202665,21.84368324279785,21.84368324279785,2300,0.0,0.0
2024-07-18 00:00:00-04:00,21.895898818969727,21.895898818969727,21.895898818969727,21.895898818969727,1100,0.0,0.0
2024-07-19 00:00:00-04:00,21.739251728650547,21.974224027519124,21.71314480204375,21.922008514404297,1900,0.0,0.0
2024-07-22 00:00:00-04:00,21.756656342364597,21.800168991088867,21.756656342364597,21.800168991088867,1600,0.0,0.0
2024-07-23 00:00:00-04:00,21.80016973067125,21.974223651275498,21.80016973067125,21.817575454711914,3800,0.0,0.0
2024-07-24 00:00:00-04:00,21.87849339278182,21.887196254628652,21.756656646728516,21.756656646728516,6400,0.0,0.0
2024-07-25 00:00:00-04:00,21.84368614650813,21.856739610846383,21.573904037475586,21.573904037475586,2700,0.0,0.0
2024-07-26 00:00:00-04:00,21.74795421288537,21.833239936801125,21.60000887837998,21.721845626831055,5400,0.0,0.0
2024-07-29 00:00:00-04:00,21.721844314516407,21.721844314516407,21.53908920288086,21.53908920288086,3400,0.0,0.0
2024-07-30 00:00:00-04:00,21.53909008026123,21.756656646728516,21.49557743092824,21.756656646728516,7600,0.0,0.0
2024-07-31 00:00:00-04:00,21.495576699292666,21.73925018310547,21.417252605238232,21.73925018310547,5200,0.0,0.0
2024-08-01 00:00:00-04:00,21.73924937322066,21.75665509567345,21.669628143310547,21.669628143310547,2700,0.0,0.0
2024-08-02 00:00:00-04:00,21.66962999252282,21.756656952312312,21.66962999252282,21.713144302368164,5800,0.0,0.0
2024-08-05 00:00:00-04:00,21.582604440833165,21.669631406300496,21.077850033004204,21.408552169799805,7300,0.0,0.0
2024-08-06 00:00:00-04:00,21.53908956328989,21.617413658130307,21.452062606811523,21.452062606811523,4100,0.0,0.0
2024-08-07 00:00:00-04:00,21.582604069939656,21.582604069939656,21.347633425087484,21.49557876586914,5800,0.0,0.0
2024-08-08 00:00:00-04:00,21.547792205623054,21.634819161215695,21.547792205623054,21.58956527709961,4200,0.0,0.0
2024-08-09 00:00:00-04:00,21.63481879567048,21.730546951293945,21.530386118743596,21.730546951293945,3300,0.0,0.0
2024-08-12 00:00:00-04:00,21.756655760485717,21.756655760485717,21.338928368260657,21.53908920288086,13800,0.0,0.0
2024-08-13 00:00:00-04:00,21.64352165707281,21.739249812696276,21.64352165707281,21.730546951293945,2900,0.0,0.0
2024-08-14 00:00:00-04:00,21.756656573773487,21.804521483819975,21.60871124267578,21.60871124267578,5500,0.0,0.0
2024-08-15 00:00:00-04:00,21.626117342578677,21.756656952312312,21.626117342578677,21.713144302368164,5900,0.0,0.0
2024-08-16 00:00:00-04:00,21.713143571442167,21.791467666625977,21.713143571442167,21.791467666625977,5700,0.0,0.0
2024-08-19 00:00:00-04:00,21.826275578455327,21.887193945053767,21.643520478660005,21.6522216796875,15300,0.0,0.0
2024-08-20 00:00:00-04:00,21.74795492533998,21.7653606499464,21.590436935424805,21.590436935424805,9900,0.0,0.0
2024-08-21 00:00:00-04:00,21.634820398046894,21.713144496567836,21.634820398046894,21.6722412109375,3500,0.0,0.0
2024-08-22 00:00:00-04:00,21.704439248529546,21.86108742835093,21.704439248529546,21.852384567260742,2800,0.0,0.0
2024-08-23 00:00:00-04:00,21.843684035183333,21.843684035183333,21.721845626831055,21.721845626831055,8400,0.0,0.0
2024-08-26 00:00:00-04:00,21.739249825003316,21.861088224803837,21.669628593646344,21.826276779174805,9400,0.0,0.0
2024-08-27 00:00:00-04:00,21.791466554887737,21.795817155553266,21.765357971191406,21.765357971191406,2900,0.0,0.0
2024-08-28 00:00:00-04:00,21.800168194953034,21.826276779174805,21.756655547817832,21.826276779174805,2700,0.0,0.0
2024-08-29 00:00:00-04:00,21.887195295752644,22.061249205261657,21.887195295752644,22.026437759399414,5200,0.0,0.0
2024-08-30 00:00:00-04:00,22.01773543060016,22.061249738980685,21.791467666625977,21.791467666625977,4800,0.0,0.0
2024-09-03 00:00:00-04:00,21.861959558590627,21.913305282592773,21.861959558590627,21.913305282592773,1200,0.0,0.0
2024-09-04 00:00:00-04:00,22.02643733410678,22.061248779296875,22.02643733410678,22.061248779296875,700,0.0,0.0
2024-09-05 00:00:00-04:00,22.061251361153754,22.061251361153754,21.93071174621582,21.93071174621582,3900,0.0,0.0
2024-09-06 00:00:00-04:00,21.78015318685292,21.97422218322754,21.725326653698744,21.97422218322754,8400,0.0,0.0
2024-09-09 00:00:00-04:00,21.84368125069603,21.989885330200195,21.84368125069603,21.989885330200195,1200,0.0,0.0
2024-09-10 00:00:00-04:00,22.069954285892887,22.069954285892887,21.88719749654186,21.982927322387695,3300,0.0,0.0
2024-09-11 00:00:00-04:00,21.930710257063975,21.982925767513326,21.67833224673999,21.800168991088867,11700,0.0,0.0
2024-09-12 00:00:00-04:00,21.930709828189016,21.976833500518936,21.834980010986328,21.834980010986328,4100,0.0,0.0
2024-09-13 00:00:00-04:00,22.061249946538428,22.061249946538428,22.000331574133696,22.04384422302246,2200,0.0,0.0
2024-09-16 00:00:00-04:00,21.852203339422147,22.313557627965725,21.852203339422147,22.118370056152344,4500,0.484,0.0
2024-09-17 00:00:00-04:00,22.10949859136383,22.402280807495117,22.00303156175426,22.402280807495117,7600,0.0,0.0
2024-09-18 00:00:00-04:00,22.162729385218476,22.313556677268615,22.162729385218476,22.224834442138672,8800,0.0,0.0
2024-09-19 00:00:00-04:00,22.2603246068983,22.2603246068983,22.224835035005256,22.233707427978516,2500,0.0,0.0
2024-09-20 00:00:00-04:00,22.19822234865677,22.20265769958496,22.18047756047172,22.20265769958496,1300,0.0,0.0
2024-09-23 00:00:00-04:00,22.242582800909336,22.27807237755711,22.189350128173828,22.189350128173828,5400,0.0,0.0
2024-09-24 00:00:00-04:00,22.189347155348138,22.393407117025365,22.189347155348138,22.233707427978516,9500,0.0,0.0
2024-09-25 00:00:00-04:00,22.224838012585447,22.313560261968725,22.189350128173828,22.189350128173828,9400,0.0,0.0
2024-09-26 00:00:00-04:00,22.136113899244613,22.25145162034842,22.136113899244613,22.224834442138672,8100,0.0,0.0
2024-09-27 00:00:00-04:00,22.15385967331964,22.171604460940102,22.13167953491211,22.13167953491211,1200,0.0,0.0
2024-09-30 00:00:00-04:00,22.313557867260396,22.491002346983475,22.202655490492464,22.24258041381836,36600,0.0,0.0
2024-10-01 00:00:00-04:00,22.27806962312183,22.863634027522334,22.1804749916431,22.446640014648438,7000,0.0,0.0
2024-10-02 00:00:00-04:00,22.313559648692234,22.32065857916837,22.26919937133789,22.26919937133789,2700,0.0,0.0
2024-10-03 00:00:00-04:00,22.313558331169943,22.313558331169943,22.180475814728773,22.2780704498291,10000,0.0,0.0
2024-10-04 00:00:00-04:00,22.233707427978516,22.30468487952868,22.233707427978516,22.233707427978516,2100,0.0,0.0
2024-10-07 00:00:00-04:00,22.189350128173828,22.313560261968725,22.189350128173828,22.189350128173828,3200,0.0,0.0
2024-10-08 00:00:00-04:00,22.23814481492553,22.30468522490143,22.20709228515625,22.20709228515625,1500,0.0,0.0
2024-10-09 00:00:00-04:00,22.189350128173828,22.269199983395165,22.189350128173828,22.189350128173828,3600,0.0,0.0
2024-10-10 00:00:00-04:00,22.223950688002514,22.295814878890234,22.180477142333984,22.180477142333984,1300,0.0,0.0
2024-10-11 00:00:00-04:00,22.091751929496557,22.313556671142578,22.082879536762412,22.313556671142578,6700,0.0,0.0
2024-10-14 00:00:00-04:00,22.127242439396408,22.313557618012073,22.100625260064476,22.20709228515625,7700,0.0,0.0
2024-10-15 00:00:00-04:00,22.269198648408818,22.313558924323083,22.224836680258495,22.286943435668945,4800,0.0,0.0
2024-10-16 00:00:00-04:00,22.313559648692234,22.313559648692234,22.180477124393096,22.26919937133789,7800,0.0,0.0
2024-10-17 00:00:00-04:00,22.251452925345777,22.313557985908297,22.224835745574993,22.304685592651367,6600,0.0,0.0
2024-10-18 00:00:00-04:00,22.31355654326358,22.357918506680075,22.207091215535737,22.340173721313477,6300,0.0,0.0
2024-10-21 00:00:00-04:00,22.34017551135258,22.34017551135258,22.24967811407322,22.2780704498291,2600,0.0,0.0
2024-10-22 00:00:00-04:00,22.23370831074229,22.428897579431947,22.23370831074229,22.291378021240234,4000,0.0,0.0
2024-10-23 00:00:00-04:00,22.357919357959336,22.38453484478675,22.224835154878534,22.295812606811523,9700,0.0,0.0
2024-10-24 00:00:00-04:00,22.24258087625225,22.349047904746794,22.20709299491141,22.2780704498291,7100,0.0,0.0
2024-10-25 00:00:00-04:00,22.269198648408818,22.313558924323083,22.198221191604357,22.286943435668945,4800,0.0,0.0
2024-10-28 00:00:00-04:00,22.50874821498375,22.50874821498375,22.189348813028957,22.19822120666504,5600,0.0,0.0
2024-10-29 00:00:00-04:00,22.19822191222928,22.26919937133789,22.180477124393096,22.26919937133789,3900,0.0,0.0
2024-10-30 00:00:00-04:00,22.278070999833833,22.278070999833833,22.23104714445997,22.27363395690918,7300,0.0,0.0
2024-10-31 00:00:00-04:00,22.34904707540565,22.5353622530622,22.215964563902983,22.446640014648438,5500,0.0,0.0
2024-11-01 00:00:00-04:00,22.402278906248164,22.402278906248164,22.224834436036993,22.313556671142578,2800,0.0,0.0
2024-11-04 00:00:00-05:00,22.357919952192937,22.357919952192937,22.233708138831922,22.304685592651367,3600,0.0,0.0
2024-11-05 00:00:00-05:00,22.313556677268615,22.313556677268615,22.21596374163797,22.224834442138672,5600,0.0,0.0
2024-11-06 00:00:00-05:00,22.313558331169943,22.313558331169943,22.1982206015172,22.2780704498291,6900,0.0,0.0
2024-11-07 00:00:00-05:00,22.269199983395165,22.304687867806784,22.180477734011887,22.189350128173828,6900,0.0,0.0
2024-11-08 00:00:00-05:00,22.357920298141007,22.357920298141007,22.1982206015172,22.2780704498291,11800,0.0,0.0
2024-11-11 00:00:00-05:00,22.27807237755711,22.357922232778442,22.189350128173828,22.189350128173828,6300,0.0,0.0
2024-11-12 00:00:00-05:00,22.273634722178883,22.273634722178883,22.26919937133789,22.26919937133789,800,0.0,0.0
2024-11-13 00:00:00-05:00,22.189347508833205,22.313557627965725,22.109497663037743,22.118370056152344,11000,0.0,0.0
2024-11-14 00:00:00-05:00,22.180474164602142,22.313556671142578,22.180474164602142,22.313556671142578,2500,0.0,0.0
2024-11-15 00:00:00-05:00,22.313558924323083,22.313558924323083,22.18047640434423,22.286943435668945,1900,0.0,0.0
2024-11-18 00:00:00-05:00,22.224834442138672,22.313556677268615,22.224834442138672,22.224834442138672,3300,0.0,0.0
2024-11-19 00:00:00-05:00,22.31355792995761,22.31355792995761,22.207092595613393,22.27718162536621,3700,0.0,0.0
2024-11-20 00:00:00-05:00,22.286943042234718,22.286943042234718,22.190235137939453,22.190235137939453,1300,0.0,0.0
2024-11-21 00:00:00-05:00,22.153859942638825,22.26919937133789,22.136116847038753,22.26919937133789,8000,0.0,0.0
2024-11-22 00:00:00-05:00,22.189348337771854,22.313558461544552,22.189348337771854,22.251453399658203,3000,0.0,0.0
2024-11-25 00:00:00-05:00,22.420024999576217,22.535362727376523,22.224835732510495,22.290491104125977,10900,0.0,0.0
2024-11-26 00:00:00-05:00,22.491003874176027,22.535364151000977,22.313559382404044,22.535364151000977,2800,0.0,0.0
2024-11-27 00:00:00-05:00,22.526492026018076,22.526492026018076,22.26919937133789,22.26919937133789,3900,0.0,0.0
2024-11-29 00:00:00-05:00,22.526490664937903,22.75716781616211,22.390746261441585,22.75716781616211,4200,0.0,0.0
2024-12-02 00:00:00-05:00,22.43777038144365,22.491003050130423,22.269198289660174,22.402280807495117,38500,0.0,0.0
2024-12-03 00:00:00-05:00,22.402280945805533,22.44664122127905,22.22483645943939,22.279844284057617,19500,0.0,0.0
2024-12-04 00:00:00-05:00,22.224836680258495,22.357920892473405,22.20709358523442,22.286943435668945,14300,0.0,0.0
2024-12-05 00:00:00-05:00,22.269197163017083,22.30912208557129,22.260324769978823,22.30912208557129,4200,0.0,0.0
2024-12-06 00:00:00-05:00,22.27807176525598,22.313559648692234,22.20709430614737,22.26919937133789,21900,0.0,0.0
2024-12-09 00:00:00-05:00,22.269198648408818,22.313558924323083,22.224836680258495,22.286943435668945,6900,0.0,0.0
2024-12-10 00:00:00-05:00,22.286943435668945,22.286943435668945,22.286943435668945,22.286943435668945,400,0.0,0.0
2024-12-11 00:00:00-05:00,22.24258041381836,22.295813080840894,22.189347746795825,22.24258041381836,11000,0.0,0.0
2024-12-12 00:00:00-05:00,22.269197119984113,22.295812606811523,22.215964454093356,22.295812606811523,8000,0.0,0.0
2024-12-13 00:00:00-05:00,22.286944159174073,22.349049224364595,22.2603269774198,22.26919937133789,4000,0.0,0.0
2024-12-16 00:00:00-05:00,22.408516850894152,22.72967200136849,22.336143834935022,22.716102600097656,25400,0.484,0.0
2024-12-17 00:00:00-05:00,22.707054713587965,22.707054713587965,22.571355530591187,22.688961029052734,2400,0.0,0.0
2024-12-18 00:00:00-05:00,22.489938145241467,22.688963520457182,22.489938145241467,22.61659049987793,7700,0.0,0.0
2024-12-19 00:00:00-05:00,22.61658697426275,22.725147350963017,22.61658697426275,22.661819458007812,3000,0.0,0.0
2024-12-20 00:00:00-05:00,22.628348041219578,22.734192467305107,22.628348041219578,22.661819458007812,2300,0.0,0.0
2024-12-23 00:00:00-05:00,22.643730452039033,22.725150313802356,22.63468360900879,22.63468360900879,4000,0.0,0.0
2024-12-24 00:00:00-05:00,22.63468360900879,22.63468360900879,22.63468360900879,22.63468360900879,0,0.0,0.0
2024-12-26 00:00:00-05:00,22.661820965976396,22.842754364013672,22.661820965976396,22.842754364013672,7800,0.0,0.0
2024-12-27 00:00:00-05:00,22.734193226704864,22.78304582922899,22.707054425754755,22.752286911010742,3500,0.0,0.0
2024-12-30 00:00:00-05:00,22.833708275866023,22.878942489624023,22.66182171460326,22.878942489624023,27000,0.0,0.0
2024-12-31 00:00:00-05:00,22.698008963700325,23.213666919210226,22.661821592888284,23.159387588500977,29500,0.0,0.0
2025-01-02 00:00:00-05:00,22.969406419105418,22.98750010378385,22.66182068160701,22.797521591186523,24300,0.0,0.0
2025-01-03 00:00:00-05:00,22.887986963329116,22.924174333318042,22.661821077424644,22.670867919921875,24000,0.0,0.0
2025-01-06 00:00:00-05:00,22.752287949371166,22.88798713684082,22.752287949371166,22.88798713684082,2200,0.0,0.0
2025-01-07 00:00:00-05:00,22.779428013789,22.788474856170826,22.679914473097693,22.734193801879883,6600,0.0,0.0
2025-01-08 00:00:00-05:00,22.752286911010742,22.752286911010742,22.67991389929594,22.752286911010742,9100,0.0,0.0
2025-01-10 00:00:00-05:00,22.75228691104359,22.8427536070644,22.634681414072634,22.643728256225586,19800,0.0,0.0
2025-01-13 00:00:00-05:00,22.64372749801533,22.67086629805675,22.607540130615234,22.607540130615234,8600,0.0,0.0
2025-01-14 00:00:00-05:00,22.5641173104901,22.61658830611087,22.508027923017686,22.57135581970215,8800,0.0,0.0
2025-01-15 00:00:00-05:00,22.61659049987793,22.688963520457182,22.535170636037655,22.61659049987793,20500,0.0,0.0
2025-01-16 00:00:00-05:00,22.61659049987793,22.61659049987793,22.593974254479836,22.61659049987793,16200,0.0,0.0
2025-01-17 00:00:00-05:00,22.60754041801484,22.630156660173082,22.598493576049805,22.598493576049805,9200,0.0,0.0
2025-01-21 00:00:00-05:00,22.589448814663378,22.80204530665095,22.580401971865097,22.707056045532227,33700,0.0,0.0
2025-01-22 00:00:00-05:00,22.87894021140835,22.87894021140835,22.661819458007812,22.661819458007812,13900,0.0,0.0
2025-01-23 00:00:00-05:00,22.589448814663378,22.75228853401481,22.589448814663378,22.707056045532227,2100,0.0,0.0
2025-01-24 00:00:00-05:00,22.589445459191545,22.589445459191545,21.268637665996053,21.576223373413086,121600,0.0,0.0
2025-01-27 00:00:00-05:00,21.576227061104134,21.88381282109205,21.37719996610674,21.802392959594727,24400,0.0,0.0
2025-01-28 00:00:00-05:00,21.938092153587306,21.938092153587306,21.178174596618213,21.802392959594727,31300,0.0,0.0
2025-01-29 00:00:00-05:00,21.793344963017827,22.02855769205871,21.793344963017827,21.892858505249023,26600,0.0,0.0
2025-01-30 00:00:00-05:00,21.901901241446367,22.0077473893861,21.784295752464455,21.84762191772461,9900,0.0,0.0
2025-01-31 00:00:00-05:00,21.892858505249023,22.07379017915901,21.69654564609405,21.892858505249023,9600,0.0,0.0
2025-02-03 00:00:00-05:00,22.019512465133836,22.16425850508552,21.86390952315588,22.010465621948242,19100,0.0,0.0
2025-02-04 00:00:00-05:00,21.983323474994215,22.119024387285172,21.919997302863116,22.00141716003418,30600,0.0,0.0
2025-02-05 00:00:00-05:00,22.07379166484033,22.164258370638592,21.91999878263595,22.126262664794922,24000,0.0,0.0
2025-02-06 00:00:00-05:00,22.218534371014385,22.49898128947134,22.164255045881173,22.39042091369629,10600,0.0,0.0
2025-02-07 00:00:00-05:00,22.309003250702624,22.39946995180091,22.299956408041915,22.381376266479492,4900,0.0,0.0
2025-02-10 00:00:00-05:00,22.318050672851665,22.3904236905077,22.262865448841097,22.309003829956055,14300,0.0,0.0
2025-02-11 00:00:00-05:00,22.36328200756635,22.390422534852355,22.25472334943985,22.345190048217773,14800,0.0,0.0
2025-02-12 00:00:00-05:00,22.31804952093177,22.345190048217773,22.31804952093177,22.345190048217773,1600,0.0,0.0
2025-02-13 00:00:00-05:00,22.345191369012333,22.471843719482422,22.345191369012333,22.471843719482422,6300,0.0,0.0
2025-02-14 00:00:00-05:00,22.46279658835314,22.48089027404785,22.46279658835314,22.48089027404785,1200,0.0,0.0
2025-02-18 00:00:00-05:00,22.43565233827461,22.480886545008126,22.25472068786621,22.25472068786621,8600,0.0,0.0
2025-02-19 00:00:00-05:00,22.26377134098685,22.498984079746176,22.26377134098685,22.309003829956055,14100,0.0,0.0
2025-02-20 00:00:00-05:00,22.26376983348398,22.272816675767018,22.073789596557617,22.073789596557617,25400,0.0,0.0
2025-02-21 00:00:00-05:00,21.974277027091308,22.009558502926243,21.89285717485151,21.983322143554688,5800,0.0,0.0
2025-02-24 00:00:00-05:00,21.938092107981173,22.028558812291116,21.467666625976562,21.467666625976562,19200,0.0,0.0
2025-02-25 00:00:00-05:00,21.4676640446296,21.86752651900709,20.37302205807858,21.711923599243164,170400,0.0,0.0
2025-02-26 00:00:00-05:00,21.530992100636826,21.892858906100013,21.485759612708332,21.766204833984375,11800,0.0,0.0
2025-02-27 00:00:00-05:00,21.76620455623791,21.811438769098004,20.72584181757876,21.38353157043457,18200,0.0,0.0
2025-02-28 00:00:00-05:00,21.395292978288555,21.711925571305187,20.970101723700335,21.151033401489258,81000,0.0,0.0
2025-03-03 00:00:00-05:00,21.15103350046637,21.64498110710764,21.14198838321709,21.370866775512695,9400,0.0,0.0
2025-03-04 00:00:00-05:00,21.25959384315892,21.838577974384258,21.25959384315892,21.485759735107422,12100,0.0,0.0
2025-03-05 00:00:00-05:00,21.48575562712092,21.48575562712092,21.259589778414384,21.440523147583008,7400,0.0,0.0
2025-03-06 00:00:00-05:00,21.440523147583008,21.48575562712092,21.395288942536606,21.440523147583008,12100,0.0,0.0
2025-03-07 00:00:00-05:00,21.48575847149059,21.48575847149059,21.32291876278316,21.41067123413086,9600,0.0,0.0
2025-03-10 00:00:00-04:00,21.413386718704256,21.485759735107422,21.295781214114914,21.485759735107422,6700,0.0,0.0
2025-03-11 00:00:00-04:00,21.52375573239177,21.52375573239177,21.422433853149414,21.422433853149414,5100,0.0,0.0
2025-03-12 00:00:00-04:00,21.259592676124118,21.395291858742315,21.259592676124118,21.355487823486328,4100,0.0,0.0
2025-03-13 00:00:00-04:00,21.42243458767181,21.711926667152415,21.313874195112128,21.6214599609375,18700,0.0,0.0
2025-03-14 00:00:00-04:00,21.48485308698465,21.62145642789555,21.37719687868104,21.50385093688965,11200,0.0,0.0
2025-03-17 00:00:00-04:00,21.729179062877634,22.015453338623047,21.387495499150393,22.015453338623047,15500,0.484,0.0
2025-03-18 00:00:00-04:00,21.793820391499505,21.93234008184701,21.655300701151997,21.930492401123047,19100,0.0,0.0
2025-03-19 00:00:00-04:00,21.86769917001025,21.876934051513672,21.692239944192373,21.876934051513672,14900,0.0,0.0
2025-03-20 00:00:00-04:00,22.033921642403737,22.033921642403737,21.701472982018437,21.767038345336914,12700,0.0,0.0
2025-03-21 00:00:00-04:00,21.710709656655105,21.91387176513672,21.708861975809302,21.91387176513672,2400,0.0,0.0
2025-03-24 00:00:00-04:00,21.701472332011004,22.144736024999073,21.701472332011004,21.719942092895508,11500,0.0,0.0
2025-03-25 00:00:00-04:00,21.710707212453254,21.839992015898105,21.655299691173084,21.719942092895508,5700,0.0,0.0
2025-03-26 00:00:00-04:00,21.821523618568133,21.886167785703304,21.701473688064016,21.74764633178711,3300,0.0,0.0
2025-03-27 00:00:00-04:00,21.83999492790332,21.83999492790332,21.655302578552597,21.76796531677246,7000,0.0,0.0
2025-03-28 00:00:00-04:00,22.135503648264596,22.135503648264596,21.793821840120934,21.884321212768555,5100,0.0,0.0
2025-03-31 00:00:00-04:00,22.03392243165833,22.78193018294548,21.74764640323952,22.514123916625977,80500,0.0,0.0
2025-04-01 00:00:00-04:00,22.37560388489961,22.37560388489961,21.99698257446289,21.99698257446289,6300,0.0,0.0
2025-04-02 00:00:00-04:00,21.954504480840566,22.32943220740249,21.954504480840566,22.052391052246094,4800,0.0,0.0
2025-04-03 00:00:00-04:00,22.052389439394705,22.052389439394705,21.599890856577957,21.65530014038086,5400,0.0,0.0
2025-04-04 00:00:00-04:00,21.641449667968725,21.641449667968725,21.00887523645139,21.489078521728516,10400,0.0,0.0
2025-04-07 00:00:00-04:00,21.23974082684269,21.433668049802407,21.008874078724837,21.175098419189453,8300,0.0,0.0
2025-04-08 00:00:00-04:00,21.267444659067085,21.47060675556292,21.267444659067085,21.34132194519043,2600,0.0,0.0
2025-04-09 00:00:00-04:00,21.33208913589266,21.9785150119054,21.239742078926948,21.63683319091797,9100,0.0,0.0
2025-04-10 00:00:00-04:00,21.479843546031034,21.66453589707159,21.33578256107766,21.452138900756836,4400,0.0,0.0
2025-04-11 00:00:00-04:00,21.424434708281343,21.80305603036845,21.424434708281343,21.49831199645996,7300,0.0,0.0
2025-04-14 00:00:00-04:00,21.58142231027048,21.84922679637719,21.10121909771039,21.683002471923828,4900,0.0,0.0
2025-04-15 00:00:00-04:00,21.803055932641307,21.849228577030928,21.44290261318304,21.46137237548828,12700,0.0,0.0
2025-04-16 00:00:00-04:00,21.71070934333351,21.71070934333351,21.396730422973633,21.396730422973633,900,0.0,0.0
2025-04-17 00:00:00-04:00,21.71994570690522,21.71994570690522,21.35055923461914,21.35055923461914,600,0.0,0.0
2025-04-21 00:00:00-04:00,21.590658646410272,21.743031553654607,21.465992145867673,21.526016235351562,4300,0.0,0.0
2025-04-22 00:00:00-04:00,21.68300420313028,21.839993659717937,21.62298011779785,21.62298011779785,3300,0.0,0.0
2025-04-23 00:00:00-04:00,21.710710400770203,21.886169632193308,21.479843639930078,21.489078521728516,2500,0.0,0.0
2025-04-24 00:00:00-04:00,21.48907531976232,21.876931490636412,21.48907531976232,21.756879806518555,1800,0.0,0.0
2025-04-25 00:00:00-04:00,21.996983892670457,21.996983892670457,21.839994430541992,21.839994430541992,1300,0.0,0.0
2025-04-28 00:00:00-04:00,21.701473737123873,22.11703457706499,21.701473737123873,21.710708618164062,2300,0.0,0.0
2025-04-29 00:00:00-04:00,21.886169621436334,21.886169621436334,21.59989356994629,21.59989356994629,3300,0.0,0.0
2025-04-30 00:00:00-04:00,21.701473688064016,21.79382073688366,21.701473688064016,21.74764633178711,2500,0.0,0.0
2025-05-01 00:00:00-04:00,21.876933504919542,21.93234103118216,21.687622842263227,21.793821334838867,15400,0.0,0.0
2025-05-02 00:00:00-04:00,21.83999352519262,21.886167930594855,21.53524949503174,21.858463287353516,7900,0.0,0.0
2025-05-05 00:00:00-04:00,22.107798880101086,22.274023209942758,21.987747192382812,21.987747192382812,2200,0.0,0.0
2025-05-06 00:00:00-04:00,22.163206808764407,22.163206808764407,21.581423405038645,21.738412857055664,6700,0.0,0.0
2025-05-07 00:00:00-04:00,21.75688090631509,22.11703421550084,21.75688090631509,21.81229019165039,1000,0.0,0.0
2025-05-08 00:00:00-04:00,22.03392255267888,22.163207365337172,21.932340621948242,21.932340621948242,10200,0.0,0.0
2025-05-09 00:00:00-04:00,22.163207365337172,22.163207365337172,21.932340621948242,21.932340621948242,3600,0.0,0.0
2025-05-12 00:00:00-04:00,22.117034313708732,22.163206956986414,22.05239014719717,22.070859909057617,5600,0.0,0.0
2025-05-13 00:00:00-04:00,22.117033811300207,22.117033811300207,22.06162452697754,22.06162452697754,2100,0.0,0.0
2025-05-14 00:00:00-04:00,21.987748147177015,21.987748147177015,21.913870859747497,21.932340621948242,2900,0.0,0.0
2025-05-15 00:00:00-04:00,21.94157337423866,21.97851113368292,21.79381881371503,21.879701614379883,2000,0.0,0.0
2025-05-16 00:00:00-04:00,21.973896658798903,21.973896658798903,21.658070066792096,21.858463287353516,3000,0.0,0.0
2025-05-19 00:00:00-04:00,21.839993714728614,22.04315757751465,21.747646664496187,22.04315757751465,11200,0.0,0.0
2025-05-20 00:00:00-04:00,21.849228002605795,21.886167526245117,21.756880954880913,21.886167526245117,1800,0.0,0.0
2025-05-21 00:00:00-04:00,21.876932645335287,22.03392209805555,21.876932645335287,21.886167526245117,2100,0.0,0.0
2025-05-22 00:00:00-04:00,21.886167526245117,21.886167526245117,21.886167526245117,21.886167526245117,0,0.0,0.0
2025-05-23 00:00:00-04:00,21.978512361866933,22.06162452697754,21.782737470164335,22.06162452697754,2900,0.0,0.0
2025-05-27 00:00:00-04:00,22.027458860489794,22.06162598390106,21.93234116802381,22.015453338623047,2000,0.0,0.0
2025-05-28 00:00:00-04:00,21.821523213544808,22.024687069451847,21.77535057067871,21.77535057067871,5500,0.0,0.0
2025-05-29 00:00:00-04:00,21.93234076496104,22.04315757751465,21.93234076496104,22.04315757751465,1400,0.0,0.0
2025-05-30 00:00:00-04:00,22.015453108126675,22.015453108126675,21.516780089752253,21.646066665649414,27700,0.0,0.0
2025-06-02 00:00:00-04:00,21.932340621948242,21.932340621948242,21.932340621948242,21.932340621948242,4600,0.0,0.0
2025-06-03 00:00:00-04:00,22.022840951971187,22.03392351432471,21.793821879356443,21.876934051513672,3800,0.0,0.0
2025-06-04 00:00:00-04:00,22.0246875744381,22.0246875744381,21.895401000976562,21.895401000976562,3100,0.0,0.0
2025-06-05 00:00:00-04:00,22.033923005392058,22.153972939416544,21.932341072574296,21.978513717651367,6400,0.0,0.0
2025-06-06 00:00:00-04:00,21.978514854005326,22.10780143737793,21.978514854005326,22.10780143737793,3400,0.0,0.0
2025-06-09 00:00:00-04:00,22.163207383905394,22.255554433613028,21.978513284490127,21.984054565429688,13600,0.0,0.0
2025-06-10 00:00:00-04:00,21.97851453698362,22.117036000125754,21.932341890185292,22.047775268554688,6600,0.0,0.0
2025-06-11 00:00:00-04:00,22.0154519824697,22.131808309591666,21.98774734018539,22.09856414794922,2100,0.0,0.0
2025-06-12 00:00:00-04:00,22.15397349546968,22.15397349546968,21.9508113861084,21.9508113861084,3900,0.0,0.0
2025-06-13 00:00:00-04:00,22.098563646420992,22.11703340752469,21.95080908033812,22.08932876586914,3500,0.0,0.0
2025-06-16 00:00:00-04:00,21.961144172003728,22.008272171020508,21.961144172003728,22.008272171020508,1400,0.484,0.0
2025-06-17 00:00:00-04:00,21.876314680731817,22.17792846890964,21.876314680731817,21.885740280151367,11300,0.0,0.0
2025-06-18 00:00:00-04:00,21.96114158630371,22.168501162064388,21.96114158630371,21.96114158630371,4000,0.0,0.0
2025-06-20 00:00:00-04:00,22.045971148470567,22.159076540029602,21.975281851776728,22.03183364868164,3800,0.0,0.0
2025-06-23 00:00:00-04:00,22.102523803710938,22.149649999503843,21.97810877715856,22.102523803710938,10900,0.0,0.0
2025-06-24 00:00:00-04:00,22.149652786031467,22.16850398581985,22.07424978462729,22.083675384521484,4200,0.0,0.0
2025-06-25 00:00:00-04:00,21.92344349943036,22.071421640589456,21.92344349943036,22.06011199951172,3800,0.0,0.0
2025-06-26 00:00:00-04:00,22.017698102885426,22.017698102885426,21.546428892106196,21.6218318939209,10200,0.0,0.0
2025-06-27 00:00:00-04:00,21.838617013130715,21.85746821450102,21.235392951277145,21.405048370361328,11600,0.0,0.0
2025-06-30 00:00:00-04:00,21.480450629189722,22.01769722030253,20.764121241789546,20.858373641967773,131900,0.0,0.0
2025-07-01 00:00:00-04:00,21.112860453950862,21.254240858777106,20.91304240763991,21.197689056396484,16000,0.0,0.0
2025-07-02 00:00:00-04:00,21.018605457785593,21.508725853908228,21.018605457785593,21.39562225341797,12400,0.0,0.0
2025-07-03 00:00:00-04:00,21.442748453997357,21.52757705323971,21.33906865542352,21.39562225341797,5300,0.0,0.0
2025-07-07 00:00:00-04:00,21.376771621774513,21.51061226418344,21.23539121853249,21.4427490234375,7200,0.0,0.0
2025-07-08 00:00:00-04:00,21.40504680041263,21.45594468082945,21.103434791607512,21.16752815246582,9200,0.0,0.0
2025-07-09 00:00:00-04:00,21.574702567584527,21.574702567584527,21.348493576049805,21.348493576049805,6300,0.0,0.0
2025-07-10 00:00:00-04:00,21.471026034643465,21.574704039242363,21.43332363460795,21.518152236938477,7600,0.0,0.0
2025-07-11 00:00:00-04:00,21.555854424680735,21.59355502659557,21.39562282160661,21.4427490234375,14500,0.0,0.0
2025-07-14 00:00:00-04:00,21.489874868688915,21.593554668295752,21.44274866763999,21.471025466918945,9600,0.0,0.0
2025-07-15 00:00:00-04:00,21.47102472442187,21.885740313009123,21.47102472442187,21.7066593170166,20000,0.0,0.0
2025-07-16 00:00:00-04:00,21.848040646672366,21.88574124826899,21.444634681516938,21.799970626831055,10100,0.0,0.0
2025-07-17 00:00:00-04:00,21.84615646705095,21.979997118496804,21.819765504603836,21.970571517944336,17800,0.0,0.0
2025-07-18 00:00:00-04:00,22.093101035598934,22.121376037597656,21.923443832609156,22.121376037597656,3400,0.0,0.0
2025-07-21 00:00:00-04:00,22.121375712564955,22.58321931516822,21.93286911026224,22.507816314697266,10300,0.0,0.0
2025-07-22 00:00:00-04:00,22.33816146850586,22.43241387313085,22.319310268481107,22.33816146850586,5000,0.0,0.0
2025-07-23 00:00:00-04:00,22.385287670818354,22.47954187319273,22.33816146850586,22.33816146850586,9600,0.0,0.0
2025-07-24 00:00:00-04:00,22.196780434831542,22.32873704420354,22.10252802524373,22.11195182800293,8800,0.0,0.0
2025-07-25 00:00:00-04:00,22.111951322113775,22.243907928466797,22.111951322113775,22.243907928466797,14000,0.0,0.0
2025-07-28 00:00:00-04:00,22.309885797681,22.51724361520051,22.262759592983215,22.432415008544922,6300,0.0,0.0
2025-07-29 00:00:00-04:00,22.347584222947805,22.517241419717013,22.196778225319466,22.48331069946289,6600,0.0,0.0
2025-07-30 00:00:00-04:00,22.517241914474802,22.58321931516822,22.427701413212212,22.507816314697266,10500,0.0,0.0
2025-07-31 00:00:00-04:00,22.573795300722153,23.2995484992698,22.41733358183615,22.894258499145508,45000,0.0,0.0
2025-08-01 00:00:00-04:00,22.67747445881232,22.884834067047755,22.668048858642578,22.668048858642578,4500,0.0,0.0
2025-08-04 00:00:00-04:00,22.88483230566143,22.95080970402208,22.679358552374488,22.70574951171875,9400,0.0,0.0
2025-08-05 00:00:00-04:00,22.977201761685127,22.977201761685127,22.66804819748278,22.76230239868164,3300,0.0,0.0
2025-08-06 00:00:00-04:00,22.78586544815962,22.950810749323004,22.72460174560547,22.72460174560547,5300,0.0,0.0
2025-08-07 00:00:00-04:00,22.91310788081035,22.91310788081035,22.75287628173828,22.75287628173828,7900,0.0,0.0
2025-08-08 00:00:00-04:00,22.922533856927224,22.988511258025802,22.781153454894646,22.865982055664062,4400,0.0,0.0
2025-08-11 00:00:00-04:00,22.959293218026712,23.06391504268079,22.926304516356453,22.98851203918457,5500,0.0,0.0
2025-08-12 00:00:00-04:00,22.939500413407103,23.261849472685363,22.939500413407103,23.139318466186523,6700,0.0,0.0
2025-08-13 00:00:00-04:00,23.233572681939034,23.412655492728064,23.210009579986398,23.28070068359375,10400,0.0,0.0
2025-08-14 00:00:00-04:00,23.092191759836922,23.356103169996274,23.092191759836922,23.27127456665039,2800,0.0,0.0
2025-08-15 00:00:00-04:00,23.271273674918664,23.327825475732446,23.14874267578125,23.14874267578125,4300,0.0,0.0
2025-08-18 00:00:00-04:00,23.15816809943581,23.15816809943581,22.894258499145508,22.894258499145508,12100,0.0,0.0
2025-08-19 00:00:00-04:00,22.9083951047262,23.035637998929946,22.861267108123375,22.92818832397461,3800,0.0,0.0
2025-08-20 00:00:00-04:00,22.833936776712,22.99793826886175,22.833936776712,22.849018096923828,1300,0.0,0.0
2025-08-21 00:00:00-04:00,22.99793664336022,22.99793664336022,22.649198441449162,22.790578842163086,5800,0.0,0.0
2025-08-22 00:00:00-04:00,22.92253371616218,22.92253371616218,22.470115713336458,22.507816314697266,22600,0.0,0.0
2025-08-25 00:00:00-04:00,22.507815176866806,22.60206937212803,22.02712219675813,22.09309959411621,27600,0.0,0.0
2025-08-26 00:00:00-04:00,22.243904188838794,22.291030384631703,21.99884401566758,22.102523803710938,84800,0.0,0.0
2025-08-27 00:00:00-04:00,22.274068286711852,22.32873604812367,22.055399038813977,22.06294059753418,23400,0.0,0.0
2025-08-28 00:00:00-04:00,22.19677886671294,22.19677886671294,21.584129258926154,21.866891860961914,27900,0.0,0.0
2025-08-29 00:00:00-04:00,21.885740453868028,21.95171965032859,21.55585346031163,21.60297966003418,50400,0.0,0.0
2025-09-02 00:00:00-04:00,21.602977824693017,21.998843981078064,21.602977824693017,21.96114158630371,16900,0.0,0.0
2025-09-03 00:00:00-04:00,22.140227186137277,22.187355185608236,21.99884678322312,22.083675384521484,7000,0.0,0.0
2025-09-04 00:00:00-04:00,22.083675292256604,22.23448129443489,22.074249692401793,22.225055694580078,6200,0.0,0.0
2025-09-05 00:00:00-04:00,22.21091702104919,22.385286114784034,22.190179983363674,22.30988311767578,3100,0.0,0.0
2025-09-08 00:00:00-04:00,22.375862638273976,22.47671458343975,22.33816203501774,22.38528823852539,6500,0.0,0.0
2025-09-09 00:00:00-04:00,22.329677281432897,22.470115661621094,22.243906660728854,22.470115661621094,5600,0.0,0.0
2025-09-10 00:00:00-04:00,22.39942564236878,22.60207155251713,22.38246028108997,22.526668548583984,10200,0.0,0.0
2025-09-11 00:00:00-04:00,22.602071455203816,22.809431063439256,22.57379645244401,22.668048858642578,8000,0.0,0.0
2025-09-12 00:00:00-04:00,22.80943049179465,22.941385295365155,22.414506304002316,22.620922088623047,4600,0.0,0.0
2025-09-15 00:00:00-04:00,22.99030674883083,23.00954593989539,22.701726221863385,22.991268157958984,7900,0.484,0.0
2025-09-16 00:00:00-04:00,23.009544314203772,23.557848377552776,23.009544314203772,23.42317771911621,19400,0.0,0.0
2025-09-17 00:00:00-04:00,23.471274696386633,23.557849218400268,23.33564262404874,23.413558959960938,6400,0.0,0.0
2025-09-18 00:00:00-04:00,23.32698565475993,23.55785044725556,23.182695388793945,23.182695388793945,21100,0.0,0.0
2025-09-19 00:00:00-04:00,23.403940315412175,23.403940315412175,23.3808536529541,23.3808536529541,1100,0.0,0.0
2025-09-22 00:00:00-04:00,23.557849048062053,23.682901949955394,23.461654931547987,23.567468643188477,8300,0.0,0.0
2025-09-23 00:00:00-04:00,23.60594702369417,23.60594702369417,23.399130315351485,23.567468643188477,5300,0.0,0.0
2025-09-24 00:00:00-04:00,23.567468643188477,23.567468643188477,23.567468643188477,23.567468643188477,0,0.0,0.0
2025-09-25 00:00:00-04:00,23.77909338858563,23.77909338858563,23.57708740234375,23.57708740234375,1700,0.0,0.0
2025-09-26 00:00:00-04:00,23.687711496143635,23.72137916265763,23.687711496143635,23.711759567260742,2900,0.0,0.0
2025-09-29 00:00:00-04:00,23.750237145181277,23.981101922643834,23.750237145181277,23.807952880859375,4100,0.0,0.0
2025-09-30 00:00:00-04:00,23.942623067894225,23.981101447417217,23.67328175023378,23.769474029541016,11800,0.0,0.0
2025-10-01 00:00:00-04:00,23.856049859409467,23.865669454818732,23.7983341217041,23.7983341217041,4500,0.0,0.0
2025-10-02 00:00:00-04:00,23.88971597649191,23.88971597649191,23.57708740234375,23.57708740234375,4400,0.0,0.0
2025-10-03 00:00:00-04:00,23.71175937350754,23.71175937350754,23.557849517915418,23.605947494506836,4900,0.0,0.0
2025-10-06 00:00:00-04:00,23.759858590235854,23.79833513876705,23.63480567932129,23.63480567932129,1400,0.0,0.0
2025-10-07 00:00:00-04:00,23.711758833575992,23.711758833575992,23.394319534301758,23.394319534301758,6100,0.0,0.0
2025-10-08 00:00:00-04:00,23.250029446243353,23.33660396801537,23.069185460464073,23.24040985107422,8300,0.0,0.0
2025-10-09 00:00:00-04:00,23.115358953566556,23.341413020079926,23.053793910980858,23.08650016784668,7000,0.0,0.0
2025-10-10 00:00:00-04:00,23.09611861821822,23.21155008587544,22.884493037679917,22.903730392456055,13600,0.0,0.0
2025-10-13 00:00:00-04:00,22.932591769704562,23.201934949275866,22.932591769704562,23.134597778320312,5400,0.0,0.0
2025-10-14 00:00:00-04:00,23.103815277537496,23.269269384161905,22.971067428588867,22.971067428588867,1800,0.0,0.0
2025-10-15 00:00:00-04:00,23.05764164778834,23.19231414794922,22.83639645897075,23.19231414794922,3600,0.0,0.0
2025-10-16 00:00:00-04:00,23.278888238555055,23.278888238555055,22.653627395629883,22.653627395629883,10800,0.0,0.0
2025-10-17 00:00:00-04:00,22.846016369718516,23.009545823439144,22.692106511481484,22.79792022705078,10400,0.0,0.0
2025-10-20 00:00:00-04:00,22.86525384815368,22.93258917674541,22.86525384815368,22.903730392456055,1900,0.0,0.0
2025-10-21 00:00:00-04:00,22.9133511230278,23.18846640959009,22.9133511230278,23.08650016784668,5300,0.0,0.0
2025-10-22 00:00:00-04:00,22.990305452542724,23.240409418029397,22.990305452542724,23.115358352661133,3300,0.0,0.0
2025-10-23 00:00:00-04:00,23.134594596547128,23.14421419107491,23.019163131713867,23.019163131713867,2800,0.0,0.0
2025-10-24 00:00:00-04:00,23.149027693249234,23.240411100142182,23.096120834350586,23.096120834350586,3500,0.0,0.0
2025-10-27 00:00:00-04:00,23.250030695828325,23.278889482886758,23.086501238664443,23.096120834350586,5100,0.0,0.0
2025-10-28 00:00:00-04:00,23.134597778320312,23.27888988133191,23.11536042136903,23.134597778320312,2200,0.0,0.0
2025-10-29 00:00:00-04:00,23.15383546752792,23.210589795039496,22.99992561340332,22.99992561340332,5600,0.0,0.0
2025-10-30 00:00:00-04:00,23.2115512041371,23.23079039459022,22.99030601817676,22.99992561340332,3000,0.0,0.0
2025-10-31 00:00:00-04:00,22.913350151876465,22.98068548095207,22.332339834209648,22.749820709228516,27300,0.0,0.0
2025-11-03 00:00:00-05:00,22.624768929825127,23.04321120065829,22.624768929825127,23.019163131713867,8500,0.0,0.0
2025-11-04 00:00:00-05:00,22.94221174177581,23.086502012403262,22.740203895097107,22.870065689086914,2700,0.0,0.0
2025-11-05 00:00:00-05:00,23.067260977366765,23.230790426945685,23.067260977366765,23.08650016784668,10000,0.0,0.0
2025-11-06 00:00:00-05:00,23.0191662976114,23.134597778320312,22.99030751005902,23.134597778320312,15400,0.0,0.0
2025-11-07 00:00:00-05:00,23.08650126656653,23.307746463364392,23.08650126656653,23.182695388793945,3100,0.0,0.0
2025-11-10 00:00:00-05:00,23.19231454460792,23.452036284520496,23.19231454460792,23.230791091918945,3200,0.0,0.0
2025-11-11 00:00:00-05:00,23.192315353425073,23.259650689630323,23.134597778320312,23.134597778320312,5600,0.0,0.0
2025-11-12 00:00:00-05:00,23.15383613297862,23.250030253258696,23.144216537475586,23.144216537475586,2600,0.0,0.0
2025-11-13 00:00:00-05:00,23.21636242367809,23.221171304020785,23.09612023285818,23.12497901916504,12900,0.0,0.0
2025-11-14 00:00:00-05:00,23.134596941972553,23.182694919487712,23.086500799207634,23.144216537475586,6600,0.0,0.0
2025-11-17 00:00:00-05:00,23.245220132899412,23.278887797988954,23.038403427492167,23.115358352661133,19700,0.0,0.0
2025-11-18 00:00:00-05:00,23.230791062252635,23.59632835236689,23.086500799207634,23.144216537475586,7400,0.0,0.0
2025-11-19 00:00:00-05:00,23.163455330782877,23.259649449411377,23.09611999816799,23.10573959350586,6400,0.0,0.0
2025-11-20 00:00:00-05:00,23.134596544769266,23.230790663397766,23.08650040283012,23.10573959350586,4100,0.0,0.0
2025-11-21 00:00:00-05:00,23.19231331210039,23.442417277956633,23.19231331210039,23.201932907104492,2500,0.0,0.0
2025-11-24 00:00:00-05:00,23.326984640617646,23.519372876708385,23.326984640617646,23.346223831176758,3400,0.0,0.0
2025-11-25 00:00:00-05:00,23.46165399062296,23.56746769801981,23.10573815897006,23.317363739013672,11900,0.0,0.0
2025-11-26 00:00:00-05:00,23.53861086885975,23.663663776124466,23.36546365339746,23.403940200805664,7900,0.0,0.0
2025-11-28 00:00:00-05:00,23.403940200805664,23.403940200805664,23.403940200805664,23.403940200805664,0,0.0,0.0
2025-12-01 00:00:00-05:00,23.51937267236653,23.51937267236653,23.413558959960938,23.413558959960938,4000,0.0,0.0
2025-12-02 00:00:00-05:00,23.5386104274133,23.567469213490917,23.32698483376142,23.452035903930664,5700,0.0,0.0
2025-12-03 00:00:00-05:00,23.58670840420933,23.596327999568533,23.41548217546577,23.452035903930664,5100,0.0,0.0
2025-12-04 00:00:00-05:00,23.437608551879364,23.711760611133982,23.42029401330281,23.63480567932129,12200,0.0,0.0
2025-12-05 00:00:00-05:00,23.66366262428905,23.88490780668023,23.66366262428905,23.807952880859375,6500,0.0,0.0
2025-12-08 00:00:00-05:00,23.8849094852728,23.952244820754494,23.788715362548828,23.788715362548828,7200,0.0,0.0
2025-12-09 00:00:00-05:00,23.933003744833428,24.024388979863378,23.875288009643555,23.875288009643555,8200,0.0,0.0
2025-12-10 00:00:00-05:00,23.894529342651367,24.019580419236565,23.894529342651367,23.894529342651367,2000,0.0,0.0
2025-12-11 00:00:00-05:00,23.90414792740083,24.135012713850852,23.90414792740083,24.05805778503418,6300,0.0,0.0
2025-12-12 00:00:00-05:00,24.14463251519585,24.14463251519585,23.817573606248356,23.99072265625,5400,0.0,0.0
2025-12-15 00:00:00-05:00,24.279128135064116,24.279128135064116,24.043694389796887,24.1810302734375,6200,0.484,0.0
2025-12-16 00:00:00-05:00,24.230079127737554,24.36741500564191,24.216345539947117,24.27912712097168,11600,0.0,0.0
2025-12-17 00:00:00-05:00,24.298747645651236,24.34779564005402,24.151601791381836,24.151601791381836,12900,0.0,0.0
2025-12-18 00:00:00-05:00,24.26931810618086,24.33798604784381,24.23008008425678,24.25950813293457,4500,0.0,0.0
2025-12-19 00:00:00-05:00,24.309537946362568,24.4262734448423,24.23007959704475,24.308557510375977,5000,0.0,0.0
2025-12-22 00:00:00-05:00,24.406653933938248,24.436083853610114,24.33798599243164,24.33798599243164,2700,0.0,0.0
2025-12-23 00:00:00-05:00,24.27912748438081,24.573419190312528,24.27912748438081,24.465513229370117,5600,0.0,0.0
2025-12-24 00:00:00-05:00,24.563611514376625,24.608735894137357,24.510638033438454,24.534181594848633,3600,0.0,0.0
2025-12-26 00:00:00-05:00,24.49494171142578,24.593039572161853,24.440989665528953,24.49494171142578,3200,0.0,0.0
2025-12-29 00:00:00-05:00,24.573419252977278,24.62246911813167,24.279127546295086,24.347795486450195,3300,0.0,0.0
2025-12-30 00:00:00-05:00,24.573419616491556,24.681327450366457,24.514561648496638,24.534181594848633,6300,0.0,0.0
2025-12-31 00:00:00-05:00,24.671516995543403,24.691136941512372,24.518484784895325,24.543991088867188,3500,0.0,0.0
2026-01-02 00:00:00-05:00,24.573419091974802,24.583229064941406,24.573419091974802,24.583229064941406,600,0.0,0.0
2026-01-05 00:00:00-05:00,24.53418207419774,24.60285001671029,24.514562127462412,24.524372100830078,15600,0.0,0.0
2026-01-06 00:00:00-05:00,24.543991513327818,24.671517422209455,24.52437156701955,24.612659454345703,5700,0.0,0.0
2026-01-07 00:00:00-05:00,24.61265897540102,24.74018488180109,24.61265897540102,24.622468948364258,2500,0.0,0.0
2026-01-08 00:00:00-05:00,24.769615708668717,24.77942568199156,24.68132781982422,24.68132781982422,2900,0.0,0.0
2026-01-09 00:00:00-05:00,24.83828268692914,24.83828268692914,24.700946807861328,24.700946807861328,12600,0.0,0.0
2026-01-12 00:00:00-05:00,24.67151641845703,24.7990441932113,24.67151641845703,24.67151641845703,2900,0.0,0.0
2026-01-13 00:00:00-05:00,24.7107572601076,24.74999528157619,24.68132734071036,24.691137313842773,1700,0.0,0.0
2026-01-14 00:00:00-05:00,24.691136407956805,24.759804346303298,24.60284852406532,24.632278442382812,2800,0.0,0.0
2026-01-15 00:00:00-05:00,24.672497812687283,24.828473204746462,24.651897430419922,24.651897430419922,3600,0.0,0.0
2026-01-16 00:00:00-05:00,24.75293898748968,24.75293898748968,24.64208984375,24.64208984375,5100,0.0,0.0
2026-01-20 00:00:00-05:00,24.602849055713055,24.62246900168202,24.52437114289822,24.543991088867188,8900,0.0,0.0
2026-01-21 00:00:00-05:00,24.67151743143984,24.67151743143984,24.57341957092285,24.57341957092285,600,0.0,0.0
2026-01-22 00:00:00-05:00,24.661707863333504,24.769615698780612,24.651897890014574,24.72056770324707,4800,0.0,0.0
2026-01-23 00:00:00-05:00,24.651897890014574,24.72056770324707,24.651897890014574,24.72056770324707,1700,0.0,0.0
2026-01-26 00:00:00-05:00,24.730375749666695,24.828473611573383,24.730375749666695,24.79904556274414,1800,0.0,0.0
2026-01-27 00:00:00-05:00,24.906950099585963,24.906950099585963,24.7499942779541,24.7499942779541,4600,0.0,0.0
2026-01-28 00:00:00-05:00,24.828472137451172,24.867712028308524,24.828472137451172,24.828472137451172,3100,0.0,0.0
2026-01-29 00:00:00-05:00,24.87752288923659,25.034478716147902,24.87752288923659,24.965810775756836,7500,0.0,0.0
2026-01-30 00:00:00-05:00,25.014859673797776,25.112957536926853,25.014859673797776,25.024669647216797,3800,0.0,0.0
2026-02-02 00:00:00-05:00,25.024669647216797,25.024669647216797,25.014859673797776,25.024669647216797,1300,0.0,0.0
2026-02-03 00:00:00-05:00,25.024668226737628,25.044288172461975,24.975618362426758,24.975618362426758,1300,0.0,0.0
2026-02-04 00:00:00-05:00,24.9167605014071,24.9167605014071,24.818662643432617,24.818662643432617,4100,0.0,0.0
2026-02-05 00:00:00-05:00,24.867713033387062,24.867713033387062,24.769615173339844,24.769615173339844,1200,0.0,0.0
2026-02-06 00:00:00-05:00,24.855939305195946,24.87752199358543,24.855939305195946,24.867712020874023,900,0.0,0.0
2026-02-09 00:00:00-05:00,25.014858232856703,25.014858232856703,24.85986328125,24.85986328125,600,0.0,0.0
2026-02-10 00:00:00-05:00,25.044288216967207,25.103146183183835,24.93638038635254,24.93638038635254,2300,0.0,0.0
2026-02-11 00:00:00-05:00,24.99523882388955,24.99523882388955,24.965810775756836,24.965810775756836,700,0.0,0.0
2026-02-12 00:00:00-05:00,25.0148586712083,25.122766503431475,24.87752279096865,25.083526611328125,1900,0.0,0.0
2026-02-13 00:00:00-05:00,25.191434434847075,25.191434434847075,25.122766494750977,25.122766494750977,1000,0.0,0.0
2026-02-17 00:00:00-05:00,25.063906665276452,25.230672464593614,25.063906665276452,25.083526611328125,1800,0.0,0.0
2026-02-18 00:00:00-05:00,25.073717596691818,25.446489101677894,25.063907623291016,25.063907623291016,15300,0.0,0.0
2026-02-19 00:00:00-05:00,25.162005486237934,25.162005486237934,25.063907623291016,25.063907623291016,2600,0.0,0.0
2026-02-20 00:00:00-05:00,25.014858391893917,25.089412689208984,25.014858391893917,25.089412689208984,4900,0.0,0.0
2026-02-23 00:00:00-05:00,25.09333674688823,25.09333674688823,24.84318898182275,24.848093032836914,2900,0.0,0.0
2026-02-24 00:00:00-05:00,24.916761027880145,25.014858887927367,24.769615173339844,24.769615173339844,6400,0.0,0.0
2026-02-25 00:00:00-05:00,24.808855490043676,24.87752343193272,24.789235543486498,24.83828353881836,5600,0.0,0.0
2026-02-26 00:00:00-05:00,24.808855747562905,24.838283796643054,24.769615854041234,24.8333797454834,17200,0.0,0.0
2026-02-27 00:00:00-05:00,24.84809351209695,24.84809351209695,24.52437187814784,24.83828353881836,38800,0.0,0.0
2026-03-02 00:00:00-05:00,24.848092713335706,24.848092713335706,24.622468948364258,24.622468948364258,400,0.0,0.0
2026-03-03 00:00:00-05:00,24.769615708668717,24.769615708668717,24.66170787317853,24.68132781982422,1800,0.0,0.0
2026-03-04 00:00:00-05:00,24.838282589239718,24.96581036592485,24.818662643432617,24.818662643432617,1300,0.0,0.0
2026-03-05 00:00:00-05:00,25.16200467841956,25.16200467841956,24.887332916259766,24.887332916259766,600,0.0,0.0
2026-03-06 00:00:00-05:00,24.789234595782982,25.014858359381584,24.789234595782982,24.818662643432617,6500,0.0,0.0
2026-03-09 00:00:00-04:00,24.720567187863644,24.91676103696859,24.720567187863644,24.730375289916992,3500,0.0,0.0
2026-03-10 00:00:00-04:00,24.76961421591367,24.90695009203467,24.76961421591367,24.789234161376953,1300,0.0,0.0
2026-03-11 00:00:00-04:00,24.9069514807074,25.309151029824136,24.81866359226118,24.83828353881836,3600,0.0,0.0
2026-03-12 00:00:00-04:00,24.946190883713857,25.00504885116795,24.848093023916338,24.887332916259766,1100,0.0,0.0
2026-03-13 00:00:00-04:00,25.318960936790035,25.318960936790035,24.93147728413658,24.95600128173828,3300,0.0,0.0
2026-03-16 00:00:00-04:00,24.959999084472656,25.099000930786133,24.959999084472656,24.989999771118164,15900,0.484,0.0
2026-03-17 00:00:00-04:00,25.030000686645508,25.288999557495117,24.990999221801758,25.049999237060547,2800,0.0,0.0
2026-03-18 00:00:00-04:00,25.19499969482422,25.19499969482422,25.0,25.0,2200,0.0,0.0
2026-03-19 00:00:00-04:00,25.0,25.0,25.0,25.0,0,0.0,0.0
2026-03-20 00:00:00-04:00,25.010000228881836,25.149999618530273,24.799999237060547,24.809999465942383,10800,0.0,0.0
2026-03-23 00:00:00-04:00,24.850000381469727,25.100000381469727,24.850000381469727,24.950000762939453,2400,0.0,0.0
2026-03-24 00:00:00-04:00,25.0,25.0,24.90999984741211,24.90999984741211,2800,0.0,0.0
2026-03-25 00:00:00-04:00,25.22100067138672,25.22100067138672,24.959999084472656,24.959999084472656,4100,0.0,0.0
2026-03-26 00:00:00-04:00,24.920000076293945,25.049999237060547,24.899999618530273,24.899999618530273,2700,0.0,0.0
2026-03-27 00:00:00-04:00,24.899999618530273,25.110000610351562,24.809999465942383,24.809999465942383,14200,0.0,0.0
2026-03-30 00:00:00-04:00,25.190000534057617,25.190000534057617,24.889999389648438,25.0,16300,0.0,0.0
2026-03-31 00:00:00-04:00,25.030000686645508,25.059999465942383,24.350000381469727,24.350000381469727,22900,0.0,0.0
2026-04-01 00:00:00-04:00,24.5,24.700000762939453,24.5,24.700000762939453,4000,0.0,0.0
2026-04-02 00:00:00-04:00,24.700000762939453,25.06999969482422,24.700000762939453,24.760000228881836,7200,0.0,0.0
2026-04-06 00:00:00-04:00,24.899999618530273,24.940000534057617,24.860000610351562,24.899999618530273,4200,0.0,0.0
2026-04-07 00:00:00-04:00,24.860000610351562,24.860000610351562,24.860000610351562,24.860000610351562,900,0.0,0.0
2026-04-08 00:00:00-04:00,25.05500030517578,25.06999969482422,24.8799991607666,24.913999557495117,3900,0.0,0.0
2026-04-09 00:00:00-04:00,24.940000534057617,25.104999542236328,24.940000534057617,25.0049991607666,1000,0.0,0.0
2026-04-10 00:00:00-04:00,25.1200008392334,25.1200008392334,24.940000534057617,24.940000534057617,700,0.0,0.0
2026-04-13 00:00:00-04:00,25.219999313354492,25.219999313354492,25.0,25.0,2100,0.0,0.0
2026-04-14 00:00:00-04:00,24.90999984741211,25.43000030517578,24.90999984741211,25.059999465942383,2700,0.0,0.0
2026-04-15 00:00:00-04:00,25.200000762939453,25.43000030517578,25.200000762939453,25.43000030517578,1100,0.0,0.0
2026-04-16 00:00:00-04:00,25.15999984741211,25.15999984741211,25.15999984741211,25.15999984741211,200,0.0,0.0
2026-04-17 00:00:00-04:00,25.18199920654297,25.18199920654297,25.18199920654297,25.18199920654297,300,0.0,0.0
2026-04-20 00:00:00-04:00,25.110000610351562,25.28499984741211,25.110000610351562,25.200000762939453,1700,0.0,0.0
2026-04-21 00:00:00-04:00,25.200000762939453,25.200000762939453,25.200000762939453,25.200000762939453,0,0.0,0.0
2026-04-22 00:00:00-04:00,25.200000762939453,25.200000762939453,25.200000762939453,25.200000762939453,0,0.0,0.0
2026-04-23 00:00:00-04:00,25.135000228881836,25.200000762939453,25.135000228881836,25.200000762939453,1900,0.0,0.0
2026-04-24 00:00:00-04:00,25.25,25.290000915527344,25.25,25.290000915527344,6500,0.0,0.0
2026-04-27 00:00:00-04:00,25.290000915527344,25.43000030517578,25.290000915527344,25.43000030517578,900,0.0,0.0
2026-04-28 00:00:00-04:00,25.25,25.34000015258789,25.25,25.34000015258789,2200,0.0,0.0
2026-04-29 00:00:00-04:00,25.25,25.25,25.25,25.25,200,0.0,0.0
2026-04-30 00:00:00-04:00,25.280000686645508,25.389999389648438,25.25,25.389999389648438,1300,0.0,0.0
2026-05-01 00:00:00-04:00,25.308000564575195,25.308000564575195,25.260000228881836,25.260000228881836,700,0.0,0.0
2026-05-04 00:00:00-04:00,25.25,25.25,25.059999465942383,25.121000289916992,1400,0.0,0.0
2026-05-05 00:00:00-04:00,25.200000762939453,25.200000762939453,25.125,25.190000534057617,1500,0.0,0.0
2026-05-06 00:00:00-04:00,25.190000534057617,25.190000534057617,25.190000534057617,25.190000534057617,0,0.0,0.0
2026-05-07 00:00:00-04:00,25.31999969482422,25.31999969482422,25.31999969482422,25.31999969482422,300,0.0,0.0
2026-05-08 00:00:00-04:00,25.31999969482422,25.389999389648438,25.29400062561035,25.29400062561035,2200,0.0,0.0
2026-05-11 00:00:00-04:00,25.18000030517578,25.450000762939453,25.18000030517578,25.450000762939453,2200,0.0,0.0
2026-05-12 00:00:00-04:00,25.450000762939453,25.450000762939453,25.280000686645508,25.280000686645508,2000,0.0,0.0
2026-05-13 00:00:00-04:00,25.280000686645508,25.280000686645508,25.280000686645508,25.280000686645508,0,0.0,0.0
2026-05-14 00:00:00-04:00,25.540000915527344,25.540000915527344,25.3700008392334,25.489999771118164,1500,0.0,0.0
2026-05-15 00:00:00-04:00,25.549999237060547,25.549999237060547,25.3799991607666,25.389999389648438,900,0.0,0.0
2026-05-18 00:00:00-04:00,25.25,25.461000442504883,25.219999313354492,25.309999465942383,3300,0.0,0.0
2026-05-19 00:00:00-04:00,25.43000030517578,25.43000030517578,25.3700008392334,25.389999389648438,1900,0.0,0.0
2026-05-20 00:00:00-04:00,25.389999389648438,25.579999923706055,25.389999389648438,25.579999923706055,1700,0.0,0.0
2026-05-21 00:00:00-04:00,25.489999771118164,25.489999771118164,25.360000610351562,25.43000030517578,1500,0.0,0.0
2026-05-22 00:00:00-04:00,25.43000030517578,25.43000030517578,25.43000030517578,25.43000030517578,0,0.0,0.0
2026-05-26 00:00:00-04:00,25.309999465942383,25.440000534057617,25.309999465942383,25.43000030517578,1300,0.0,0.0
2026-05-27 00:00:00-04:00,25.450000762939453,25.450000762939453,25.375,25.420000076293945,5500,0.0,0.0
2026-05-28 00:00:00-04:00,25.399999618530273,25.450000762939453,25.368000030517578,25.440000534057617,3900,0.0,0.0
2026-05-29 00:00:00-04:00,25.440000534057617,25.459999084472656,25.440000534057617,25.459999084472656,5200,0.0,0.0
2026-06-01 00:00:00-04:00,25.325000762939453,25.459999084472656,25.325000762939453,25.350000381469727,3800,0.0,0.0
2026-06-02 00:00:00-04:00,25.350000381469727,25.41699981689453,25.350000381469727,25.41699981689453,900,0.0,0.0
2026-06-03 00:00:00-04:00,25.469999313354492,25.5,25.434999465942383,25.5,5100,0.0,0.0
2026-06-04 00:00:00-04:00,25.440000534057617,25.46299934387207,25.399999618530273,25.440000534057617,2700,0.0,0.0
2026-06-05 00:00:00-04:00,25.399999618530273,25.399999618530273,25.399999618530273,25.399999618530273,600,0.0,0.0
2026-06-08 00:00:00-04:00,25.445100784301758,25.445100784301758,25.445100784301758,25.445100784301758,520,0.0,0.0
