Date,Open,High,Low,Close,Volume,Dividends,Stock Splits
2022-01-03 00:00:00-05:00,13.905747114720757,13.905747114720757,13.635153677975625,13.676430702209473,103200,0.0,0.0
2022-01-04 00:00:00-05:00,13.566358746823667,13.988300975163776,13.538841022628548,13.758984565734863,100200,0.0,0.0
2022-01-05 00:00:00-05:00,13.575531855126654,13.75898481098525,12.96096379692083,12.988481521606445,131900,0.0,0.0
2022-01-06 00:00:00-05:00,12.878410269153381,12.97013718818031,12.649093846358788,12.704130172729492,74200,0.0,0.0
2022-01-07 00:00:00-05:00,12.731647124208115,12.974722832505051,12.722474257908756,12.89675521850586,51100,0.0,0.0
2022-01-10 00:00:00-05:00,12.85089141722539,12.860064283278806,12.474812656761834,12.805027961730957,104600,0.0,0.0
2022-01-11 00:00:00-05:00,13.190279978545348,13.54801389225999,13.116898797491988,13.483804702758789,94400,0.0,0.0
2022-01-12 00:00:00-05:00,13.84153833102151,14.098372459411621,13.832365464885841,14.098372459411621,114900,0.0,0.0
2022-01-13 00:00:00-05:00,14.070855103675347,14.180926875863342,13.88740215002869,13.93326473236084,52900,0.0,0.0
2022-01-14 00:00:00-05:00,13.887402326427905,14.144236464795561,13.878229459935886,14.125890731811523,79000,0.0,0.0
2022-01-18 00:00:00-05:00,14.125890038343515,14.13506290438522,13.832365323190192,14.043336868286133,101500,0.0,0.0
2022-01-19 00:00:00-05:00,14.74045850509643,14.933085198609549,14.520314962185266,14.85970401763916,109900,0.0,0.0
2022-01-20 00:00:00-05:00,15.199092489073884,15.437581782902281,15.015640397352765,15.07067584991455,963500,0.0,0.0
2022-01-21 00:00:00-05:00,14.891808056792652,14.96060192928721,14.621213751299221,14.722112655639648,192800,0.0,0.0
2022-01-24 00:00:00-05:00,14.538660659715774,14.63038669832098,14.281825652166773,14.44693374633789,185200,0.0,0.0
2022-01-25 00:00:00-05:00,14.520314525707128,14.823012106804113,14.346034444834455,14.74963092803955,135400,0.0,0.0
2022-01-26 00:00:00-05:00,15.153228414611169,15.565996892585195,14.978947457486854,15.061501502990723,199700,0.0,0.0
2022-01-27 00:00:00-05:00,15.648552416181257,15.79531478881836,15.483444309578147,15.79531478881836,247300,0.0,0.0
2022-01-28 00:00:00-05:00,15.776970476801027,15.92373284639072,15.639379224458422,15.822833061218262,180500,0.0,0.0
2022-01-31 00:00:00-05:00,15.987940002782313,16.648370617952057,15.978767136656234,16.33650016784668,252300,0.0,0.0
2022-02-01 00:00:00-05:00,16.235602381440806,16.518118964333752,16.189738050127094,16.409881591796875,158800,0.0,0.0
2022-02-02 00:00:00-05:00,16.501609522847502,16.501609522847502,16.20166395068839,16.391538619995117,272800,0.0,0.0
2022-02-03 00:00:00-05:00,16.22642969733931,16.446573241480465,16.143875649593202,16.327327728271484,227200,0.0,0.0
2022-02-04 00:00:00-05:00,15.6668967427814,15.987940060165123,15.602688429213723,15.942075729370117,95900,0.0,0.0
2022-02-07 00:00:00-05:00,15.77697028377188,15.864109892916664,15.611862182617188,15.611862182617188,107400,0.0,0.0
2022-02-08 00:00:00-05:00,15.55682472835793,15.593516194479673,15.162401964821578,15.419235229492188,94800,0.0,0.0
2022-02-09 00:00:00-05:00,15.355026127173272,15.822831799002254,15.318336412475379,15.593515396118164,100400,0.0,0.0
2022-02-10 00:00:00-05:00,15.510961632962523,15.8411778189704,15.497203208393977,15.52930736541748,108700,0.0,0.0
2022-02-11 00:00:00-05:00,15.639378777586453,15.868695192211154,15.336681180263664,15.419235229492188,76700,0.0,0.0
2022-02-14 00:00:00-05:00,15.721932307558514,15.905386133017409,15.465099051370471,15.52930736541748,274600,0.0,0.0
2022-02-15 00:00:00-05:00,15.666897627856018,15.804487128923261,15.46509980959376,15.786141395568848,79700,0.0,0.0
2022-02-16 00:00:00-05:00,16.079667531286503,16.428227709721046,16.079667531286503,16.3640193939209,114300,0.0,0.0
2022-02-17 00:00:00-05:00,16.308983643264973,16.354846225261873,16.079667234189767,16.134702682495117,278300,0.0,0.0
2022-02-18 00:00:00-05:00,15.79531444714219,15.82191628568111,15.313750312997055,15.410062789916992,119800,0.0,0.0
2022-02-22 00:00:00-05:00,14.878048043258554,15.24495569870483,14.823012594759758,14.896393775939941,170600,0.0,0.0
2022-02-23 00:00:00-05:00,14.960601907009297,15.089020284656199,14.749631232400924,14.978947639465332,99500,0.0,0.0
2022-02-24 00:00:00-05:00,14.428587274344192,14.832184622796868,14.32768837461734,14.657903671264648,158500,0.0,0.0
2022-02-25 00:00:00-05:00,14.795493813995668,15.024810221060077,14.53866055779255,14.978947639465332,111500,0.0,0.0
2022-02-28 00:00:00-05:00,14.841358045567073,15.052328718760073,14.786322598113536,14.960601806640625,58500,0.0,0.0
2022-03-01 00:00:00-05:00,15.006466971675072,15.575170709248015,15.006466971675072,15.318337440490723,84800,0.0,0.0
2022-03-02 00:00:00-05:00,15.36420007126284,15.758624591825512,15.199091969674239,15.648551940917969,187000,0.0,0.0
2022-03-03 00:00:00-05:00,16.079669175391803,16.327329597437114,15.997115118194845,16.290639877319336,287600,0.0,0.0
2022-03-04 00:00:00-05:00,16.006285630171185,16.198910568920905,15.977850270230228,16.143875122070312,118800,0.0,0.0
2022-03-07 00:00:00-05:00,16.125531499410993,16.162222968474747,15.676071500653245,15.76779842376709,163500,0.0,0.0
2022-03-08 00:00:00-05:00,15.868695834677654,16.1576350186756,15.81366038281225,16.033803939819336,132700,0.0,0.0
2022-03-09 00:00:00-05:00,16.382364337030907,16.721751632624578,16.382364337030907,16.538299560546875,201700,0.0,0.0
2022-03-10 00:00:00-05:00,16.134703964882064,16.263120604316224,15.786142015638633,16.10718536376953,147200,0.0,0.0
2022-03-11 00:00:00-05:00,16.17139225543293,16.226429452797806,15.364199272413543,15.52930736541748,172600,0.0,0.0
2022-03-14 00:00:00-04:00,15.547652805932305,15.547652805932305,14.841357865586685,15.043155670166016,126100,0.0,0.0
2022-03-15 00:00:00-04:00,14.96977471194645,14.97894757813691,14.630386535853406,14.823012351989746,110100,0.0,0.0
2022-03-16 00:00:00-04:00,14.841358568128582,14.978948066379589,14.593696421549533,14.969775199890137,81900,0.0,0.0
2022-03-17 00:00:00-04:00,15.226610945148252,15.92373308596008,15.217438078217711,15.896214485168457,74700,0.0,0.0
2022-03-18 00:00:00-04:00,15.749450732140241,16.611680902993065,15.740277866014162,16.33650016784668,160200,0.0,0.0
2022-03-21 00:00:00-04:00,16.611680422935073,16.822651089102106,16.5749889594911,16.740097045898438,123100,0.0,0.0
2022-03-22 00:00:00-04:00,17.244594581564588,17.666537716298247,17.079488224020626,17.363840103149414,233300,0.0,0.0
2022-03-23 00:00:00-04:00,17.519773410811393,18.115995704336182,17.45556509836884,17.794952392578125,221400,0.0,0.0
2022-03-24 00:00:00-04:00,18.198551097034834,18.730565117531913,18.060961595958,18.592975616455078,282300,0.0,0.0
2022-03-25 00:00:00-04:00,18.92318997600765,19.13416240946904,18.670942267017214,18.868154525756836,771600,0.0,0.0
2022-03-28 00:00:00-04:00,18.80394706091023,18.941536567544375,18.47373084535188,18.849809646606445,233200,0.0,0.0
2022-03-29 00:00:00-04:00,19.161678474652987,19.235059655162345,18.537937565550763,18.61132049560547,281000,0.0,0.0
2022-03-30 00:00:00-04:00,18.648009378657637,18.9415340875924,18.417776219388035,18.547109603881836,101700,0.0,0.0
2022-03-31 00:00:00-04:00,18.592973543035647,18.66635471872979,18.134340757560935,18.16185760498047,131000,0.0,0.0
2022-04-01 00:00:00-04:00,18.510420758828445,18.712218568306202,18.308621199805334,18.64801025390625,154900,0.0,0.0
2022-04-04 00:00:00-04:00,18.831462025321937,18.959878640107913,18.5837999114817,18.76725196838379,190700,0.0,0.0
2022-04-05 00:00:00-04:00,18.675529803340602,18.849809022855624,18.262759547551468,18.3544864654541,224400,0.0,0.0
2022-04-06 00:00:00-04:00,18.060960568628236,18.253585509269975,17.822471297206082,18.024269104003906,107100,0.0,0.0
2022-04-07 00:00:00-04:00,17.76743554412863,17.905025035012,17.464737964367103,17.794952392578125,97800,0.0,0.0
2022-04-08 00:00:00-04:00,17.565635834923324,18.143514140853767,17.37301089931003,17.99675178527832,206100,0.0,0.0
2022-04-11 00:00:00-04:00,18.326967950755055,18.354486551117912,17.859162241859178,17.96006202697754,134100,0.0,0.0
2022-04-12 00:00:00-04:00,18.46455517341197,18.519592367341502,18.143513623215856,18.16185760498047,196400,0.0,0.0
2022-04-13 00:00:00-04:00,18.345313248176723,18.40952156461808,17.923371883250454,17.969234466552734,256500,0.0,0.0
2022-04-14 00:00:00-04:00,17.785781057103677,18.005924611370187,17.565637502837166,17.96006202697754,101500,0.0,0.0
2022-04-18 00:00:00-04:00,18.14351510224164,18.308621448853703,17.96923413968152,18.171031951904297,209800,0.0,0.0
2022-04-19 00:00:00-04:00,18.00592326552957,18.097650177004247,17.492255010634835,17.83164405822754,199700,0.0,0.0
2022-04-20 00:00:00-04:00,17.675708233616508,18.620490665964493,17.602327056836614,17.923370361328125,285100,0.0,0.0
2022-04-21 00:00:00-04:00,17.996753031356057,18.042615614569385,17.120764395436446,17.262939453125,104000,0.0,0.0
2022-04-22 00:00:00-04:00,17.455566380665804,17.666537065488026,16.657544475646603,16.749271392822266,168300,0.0,0.0
2022-04-25 00:00:00-04:00,16.3731927397152,16.657544610673842,16.033803668277766,16.51078224182129,136700,0.0,0.0
2022-04-26 00:00:00-04:00,16.272293618337148,16.29063935257788,15.850352228073334,15.868696212768555,121000,0.0,0.0
2022-04-27 00:00:00-04:00,15.914559650291865,16.052149150242002,15.694416100462568,15.850351333618164,426000,0.0,0.0
2022-04-28 00:00:00-04:00,15.740278443816765,15.978767723213428,15.43758084872588,15.776969909667969,125500,0.0,0.0
2022-04-29 00:00:00-04:00,16.18973858033565,16.40988212921506,15.455926750737621,15.575170516967773,166100,0.0,0.0
2022-05-02 00:00:00-04:00,15.144055922475689,15.171574521504988,14.474451550564998,14.621213912963867,194300,0.0,0.0
2022-05-03 00:00:00-04:00,14.511142710195381,14.657905078349295,14.208445107184753,14.4927978515625,189600,0.0,0.0
2022-05-04 00:00:00-04:00,14.44693321326018,14.896393147727284,13.970872317435958,14.868874549865723,268400,0.0,0.0
2022-05-05 00:00:00-04:00,14.538660451303066,14.547832442691233,13.768157189246635,13.960783004760742,193000,0.0,0.0
2022-05-06 00:00:00-04:00,13.878230364568237,13.896575223975361,13.254489398816439,13.382906913757324,151900,0.0,0.0
2022-05-09 00:00:00-04:00,13.05786863961182,13.06726300498511,12.43785485931055,12.776044845581055,253900,0.344,0.0
2022-05-10 00:00:00-04:00,13.151809748437087,13.208175041553174,12.738467550537562,13.020291328430176,325100,0.0,0.0
2022-05-11 00:00:00-04:00,12.98271514740079,13.621517640685148,12.9733216781847,13.302116394042969,224200,0.0,0.0
2022-05-12 00:00:00-04:00,13.151810569375545,13.480606191968333,12.935745540051597,13.452423095703125,214500,0.0,0.0
2022-05-13 00:00:00-04:00,13.800005742547844,14.241531036575616,13.75303570999046,14.128801345825195,338800,0.0,0.0
2022-05-16 00:00:00-04:00,14.128801406130068,14.203954533617786,13.621517347640003,13.8281888961792,175800,0.0,0.0
2022-05-17 00:00:00-04:00,14.363655873483925,14.57032743238257,14.250926176601753,14.391838073730469,144200,0.0,0.0
2022-05-18 00:00:00-04:00,14.222743907717145,14.241531742492175,13.63091233001989,13.649700164794922,225800,0.0,0.0
2022-05-19 00:00:00-04:00,13.893947042180635,14.185166070193976,13.809399553534957,13.94091796875,409100,0.0,0.0
2022-05-20 00:00:00-04:00,14.0254664579174,14.344867706298828,13.922130232914013,14.344867706298828,382500,0.0,0.0
2022-05-23 00:00:00-04:00,14.645479650789639,15.105792775008013,14.560932159423828,15.0306396484375,137200,0.0,0.0
2022-05-24 00:00:00-04:00,15.312463987956027,15.350041448518423,14.75820988310024,15.284282684326172,247800,0.0,0.0
2022-05-25 00:00:00-04:00,15.077609572857536,15.641258914003732,15.049428270464936,15.52853012084961,140100,0.0,0.0
2022-05-26 00:00:00-04:00,15.622469775523948,16.871891582986578,15.61307720283357,16.78734588623047,242700,0.0,0.0
2022-05-27 00:00:00-04:00,16.721586548719337,17.44493654023175,16.66522214952635,17.134929656982422,231600,0.0,0.0
2022-05-31 00:00:00-04:00,17.16311252982557,17.42614758384189,16.95644008247912,17.059776306152344,308400,0.0,0.0
2022-06-01 00:00:00-04:00,17.078564019183478,17.210081538359578,16.89068031311035,16.89068031311035,239400,0.0,0.0
2022-06-02 00:00:00-04:00,17.200688192061783,17.473119402815044,16.72158632582778,17.29463005065918,478800,0.0,0.0
2022-06-03 00:00:00-04:00,17.08796055533029,17.1584156102178,16.684011790190553,16.730981826782227,297100,0.0,0.0
2022-06-06 00:00:00-04:00,16.862500141969747,16.918864540853807,16.46794576619744,16.561885833740234,129400,0.0,0.0
2022-06-07 00:00:00-04:00,16.1767245302684,16.233090716439722,15.81035327911377,15.81035327911377,171600,0.0,0.0
2022-06-08 00:00:00-04:00,15.7633845469769,15.913690805558996,15.31246397943867,15.519136428833008,209600,0.0,0.0
2022-06-09 00:00:00-04:00,15.397011542175164,15.688231487287943,15.209129614009958,15.218523979187012,203100,0.0,0.0
2022-06-10 00:00:00-04:00,14.664267762706409,15.04003429858425,14.532750236660725,14.805180549621582,133600,0.0,0.0
2022-06-13 00:00:00-04:00,14.326079108859956,14.344867839360663,13.78121846688319,13.912736892700195,160100,0.0,0.0
2022-06-14 00:00:00-04:00,13.800006213022709,13.865765873457647,13.264539939728913,13.339693069458008,190600,0.0,0.0
2022-06-15 00:00:00-04:00,13.649699435005118,14.156983489352504,13.574546308131131,14.025465965270996,170200,0.0,0.0
2022-06-16 00:00:00-04:00,13.630912119080232,13.846977143077387,13.16214350930683,13.339693069458008,102800,0.0,0.0
2022-06-17 00:00:00-04:00,13.612123102027372,13.668488396085122,13.320904954434203,13.396058082580566,135700,0.0,0.0
2022-06-21 00:00:00-04:00,13.339692677337561,13.489998932377496,13.236357350971593,13.358481407165527,388400,0.0,0.0
2022-06-22 00:00:00-04:00,13.21756851035473,13.649699437920422,13.16120411313517,13.320904731750488,111200,0.0,0.0
2022-06-23 00:00:00-04:00,13.48999829657913,13.574545785028265,12.935744231215955,13.001502990722656,164600,0.0,0.0
2022-06-24 00:00:00-04:00,12.86998562907524,13.198781245308746,12.747861568642682,13.039080619812012,245400,0.0,0.0
2022-06-27 00:00:00-04:00,13.28332805633545,13.565151831849528,13.236357128451125,13.28332805633545,293400,0.0,0.0
2022-06-28 00:00:00-04:00,13.536969974121233,13.71545932539398,13.20817526244905,13.33029842376709,641800,0.0,0.0
2022-06-29 00:00:00-04:00,13.443029294757494,13.546364624161006,13.255145574538782,13.339693069458008,225800,0.0,0.0
2022-06-30 00:00:00-04:00,13.086051098592895,13.292721751366862,12.95453267745823,13.057868003845215,198600,0.0,0.0
2022-07-01 00:00:00-04:00,12.597555611525454,12.729074040362827,12.372096215715102,12.578767776489258,231700,0.0,0.0
2022-07-05 00:00:00-04:00,12.015117140637072,12.015117140637072,11.80374841912731,11.996329307556152,245500,0.0,0.0
2022-07-06 00:00:00-04:00,11.8835987177354,11.8835987177354,11.348132484787826,11.761475563049316,199000,0.0,0.0
2022-07-07 00:00:00-04:00,12.099665689132362,12.456643507898999,12.099665689132362,12.268760681152344,168600,0.0,0.0
2022-07-08 00:00:00-04:00,12.625737360015808,12.682102654898472,12.358004225089084,12.597555160522461,221400,0.0,0.0
2022-07-11 00:00:00-04:00,12.221789360417425,12.353306886994536,12.090270937944355,12.15602970123291,143100,0.0,0.0
2022-07-12 00:00:00-04:00,11.864811957669799,12.03390695005954,11.76617291347712,11.799053192138672,97500,0.0,0.0
2022-07-13 00:00:00-04:00,11.611169592582668,11.884539713734208,11.601776123046875,11.601776123046875,133500,0.0,0.0
2022-07-14 00:00:00-04:00,11.413892385778235,11.949359568169232,11.226009556823499,11.770870208740234,213600,0.0,0.0
2022-07-15 00:00:00-04:00,11.658140007556636,12.03390654512322,11.51722811590414,11.921175956726074,118500,0.0,0.0
2022-07-18 00:00:00-04:00,12.156029818803715,12.372095736678082,11.930570431722959,12.02451229095459,142200,0.0,0.0
2022-07-19 00:00:00-04:00,12.212394941586519,12.306336799495567,11.996329922650046,12.052694320678711,112700,0.0,0.0
2022-07-20 00:00:00-04:00,12.109059221149703,12.259365472203589,11.97754080352959,12.07148265838623,520300,0.0,0.0
2022-07-21 00:00:00-04:00,11.761476496965193,12.165424346923828,11.686322471035238,12.165424346923828,536900,0.0,0.0
2022-07-22 00:00:00-04:00,12.202999831237436,12.268759486115444,11.817839849949255,11.892992973327637,1314200,0.0,0.0
2022-07-25 00:00:00-04:00,12.156030029832028,12.409672516623079,12.080876899500453,12.334519386291504,153300,0.0,0.0
2022-07-26 00:00:00-04:00,12.409672405363139,12.597555229507599,12.174818651208573,12.296942710876465,123000,0.0,0.0
2022-07-27 00:00:00-04:00,12.522401532176419,13.104838708568819,12.484824969050972,13.048474311828613,199100,0.0,0.0
2022-07-28 00:00:00-04:00,13.330298198850565,13.49939318227779,13.020291326497942,13.489998817443848,215400,0.0,0.0
2022-07-29 00:00:00-04:00,13.443029007000257,13.734247154492783,13.330298418923714,13.565152168273926,218400,0.0,0.0
2022-08-01 00:00:00-04:00,13.443028896665234,13.724852676855626,13.377269238177655,13.593335151672363,151900,0.0,0.0
2022-08-02 00:00:00-04:00,13.54636371750091,13.734246529248624,13.414845301329553,13.508787155151367,173300,0.0,0.0
2022-08-03 00:00:00-04:00,13.659094307246779,13.790612732109876,13.414846187885013,13.64030647277832,145800,0.0,0.0
2022-08-04 00:00:00-04:00,13.912737085955238,14.579721797763414,13.80940085855792,14.391838073730469,264200,0.0,0.0
2022-08-05 00:00:00-04:00,14.232137442929714,14.598509629643846,14.222743973446782,14.457597732543945,133000,0.0,0.0
2022-08-08 00:00:00-04:00,14.55153812821822,14.833362807266358,14.373049672495442,14.673662185668945,189900,0.0,0.0
2022-08-09 00:00:00-04:00,14.776997345942297,14.81457480555987,14.51396139989092,14.532750129699707,93800,0.0,0.0
2022-08-10 00:00:00-04:00,15.171551701851502,15.60837981473031,15.049428541767657,15.406405448913574,167300,0.0,0.0
2022-08-11 00:00:00-04:00,15.434587964376114,15.472163630764118,14.636084895972951,14.748814582824707,129600,0.0,0.0
2022-08-12 00:00:00-04:00,15.368829781115428,15.490952941199271,15.22791609944467,15.406405448913574,140800,0.0,0.0
2022-08-15 00:00:00-04:00,15.293677151541134,15.64125970510346,15.256099690727936,15.49095344543457,213100,0.0,0.0
2022-08-16 00:00:00-04:00,15.368830178799621,15.434588942991875,15.021245835765221,15.284282684326172,133500,0.0,0.0
2022-08-17 00:00:00-04:00,15.12458090119858,15.594288371473123,15.12458090119858,15.443982124328613,151700,0.0,0.0
2022-08-18 00:00:00-04:00,15.509741559158293,15.688230907340166,15.34064657580619,15.434588432312012,149200,0.0,0.0
2022-08-19 00:00:00-04:00,15.087004269398046,15.133976094071878,14.87093925127412,15.105792999267578,131100,0.0,0.0
2022-08-22 00:00:00-04:00,14.927304548486605,14.927304548486605,14.748815198267996,14.870939254760742,172300,0.0,0.0
2022-08-23 00:00:00-04:00,15.002458003904195,15.284282686897791,14.91791050941652,15.152763366699219,153000,0.0,0.0
2022-08-24 00:00:00-04:00,15.180946233946138,15.547317510024637,15.171551868945162,15.312463760375977,166000,0.0,0.0
2022-08-25 00:00:00-04:00,15.293677161766057,15.312464100393264,15.068217772111986,15.256099700927734,107100,0.0,0.0
2022-08-26 00:00:00-04:00,15.199734232476256,15.312463023479182,14.805179880382356,14.983668327331543,90200,0.0,0.0
2022-08-29 00:00:00-04:00,15.030639322361383,15.76338363437156,15.01185059317839,15.453376770019531,178500,0.0,0.0
2022-08-30 00:00:00-04:00,15.190340554577004,15.227916222679237,14.692450857627016,14.805180549621582,311900,0.0,0.0
2022-08-31 00:00:00-04:00,14.363655653188232,14.683056904070385,14.288502523086077,14.31668472290039,183500,0.0,0.0
2022-09-01 00:00:00-04:00,14.175772444168697,14.335473065286385,13.912736495932016,14.100619316101074,174200,0.0,0.0
2022-09-02 00:00:00-04:00,14.232136784056436,14.373049570528808,13.99728303583177,14.166378021240234,123400,0.0,0.0
2022-09-06 00:00:00-04:00,13.828189649508596,13.837583119034335,13.302116832539335,13.452423095703125,157100,0.0,0.0
2022-09-07 00:00:00-04:00,13.292721306423985,13.659093462816843,13.086050660567837,13.612122535705566,84300,0.0,0.0
2022-09-08 00:00:00-04:00,13.555758817012212,13.649699780031291,13.22696320670553,13.367875099182129,143100,0.0,0.0
2022-09-09 00:00:00-04:00,13.4524221430006,13.818794305437804,13.4524221430006,13.687275886535645,117600,0.0,0.0
2022-09-12 00:00:00-04:00,13.884552738772,14.166377403532161,13.846976176530372,14.110013008117676,148100,0.0,0.0
2022-09-13 00:00:00-04:00,13.621517239310641,13.865765349651237,13.255145073799747,13.320904731750488,121400,0.0,0.0
2022-09-14 00:00:00-04:00,13.273934628986034,13.62151808644292,13.264540263566552,13.518182754516602,88600,0.0,0.0
2022-09-15 00:00:00-04:00,13.311510251178907,13.311510251178907,12.7478609085083,12.7478609085083,110500,0.0,0.0
2022-09-16 00:00:00-04:00,12.606949466053305,12.841803217811531,12.466037573356754,12.729073524475098,151700,0.0,0.0
2022-09-19 00:00:00-04:00,12.588160989494032,13.292722258963384,12.588160989494032,13.208175659179688,120600,0.0,0.0
2022-09-20 00:00:00-04:00,13.09544467409916,13.518182139792396,13.08605120500283,13.396058082580566,85900,0.0,0.0
2022-09-21 00:00:00-04:00,13.424240227779253,13.513484903055831,13.161204280322755,13.22696304321289,134300,0.0,0.0
2022-09-22 00:00:00-04:00,13.377269444618722,14.241531320143142,13.283328481737524,14.072436332702637,199500,0.0,0.0
2022-09-23 00:00:00-04:00,13.396057744712985,13.396057744712985,12.865287782683117,13.048474311828613,199100,0.0,0.0
2022-09-26 00:00:00-04:00,12.710284976524234,12.81362120215274,12.221789631729752,12.400278091430664,150000,0.0,0.0
2022-09-27 00:00:00-04:00,12.447247885385094,12.682101619071606,12.127846664228096,12.193605422973633,643900,0.0,0.0
2022-09-28 00:00:00-04:00,12.156029309522877,12.23118333129716,11.883599004239862,12.17481803894043,430800,0.0,0.0
2022-09-29 00:00:00-04:00,11.855416527917676,12.015117140637072,11.601774958001867,11.996329307556152,552600,0.0,0.0
2022-09-30 00:00:00-04:00,11.761476554964073,12.35330723292612,11.733293459140368,12.099665641784668,708100,0.0,0.0
2022-10-03 00:00:00-04:00,13.057868218253372,13.53697008607934,13.010898184694561,13.433634757995605,384500,0.0,0.0
2022-10-04 00:00:00-04:00,13.71545932539398,13.781218088549226,13.104839039324,13.33029842376709,357600,0.0,0.0
2022-10-05 00:00:00-04:00,13.17059859104404,13.273933917431023,12.71028456502069,13.057868003845215,309900,0.0,0.0
2022-10-06 00:00:00-04:00,13.048474367322342,13.27393374703388,13.010897804037086,13.151809692382812,252000,0.0,0.0
2022-10-07 00:00:00-04:00,12.992109195693939,13.08605105273175,11.864811390719929,12.015117645263672,1247900,0.0,0.0
2022-10-10 00:00:00-04:00,11.545410217397752,11.648745544009115,11.113279285183765,11.244797706604004,1795600,0.0,0.0
2022-10-11 00:00:00-04:00,11.197826554123868,11.50783342366102,11.047520301729604,11.169644355773926,1041000,0.0,0.0
2022-10-12 00:00:00-04:00,11.02873145518636,11.02873145518636,10.67175366159056,10.831454277038574,250500,0.0,0.0
2022-10-13 00:00:00-04:00,10.840849292774296,11.592381487801681,10.79387836260459,11.357527732849121,446700,0.0,0.0
2022-10-14 00:00:00-04:00,11.338739252519428,11.385710183725164,10.962973594665527,10.962973594665527,431900,0.0,0.0
2022-10-17 00:00:00-04:00,11.160249717016011,11.64874502530371,11.160249717016011,11.395103454589844,357500,0.0,0.0
2022-10-18 00:00:00-04:00,11.742687282296798,11.864811337540196,11.53601573527751,11.676928520202637,161800,0.0,0.0
2022-10-19 00:00:00-04:00,11.62995742407618,11.799052405187945,11.578289314092933,11.705110549926758,316800,0.0,0.0
2022-10-20 00:00:00-04:00,11.902387787652682,12.174818094171581,11.761475899965504,11.874205589294434,215700,0.0,0.0
2022-10-21 00:00:00-04:00,11.846023084252087,12.513007784545497,11.799053049950729,12.46603775024414,241400,0.0,0.0
2022-10-24 00:00:00-04:00,12.052694491380656,12.118453255310756,11.91178259841731,11.958752632141113,295200,0.0,0.0
2022-10-25 00:00:00-04:00,11.780264364900615,12.04330032076475,11.442075278789586,11.46086311340332,367700,0.0,0.0
2022-10-26 00:00:00-04:00,11.301162320292612,11.780264190443402,11.27298012084138,11.489045143127441,299000,0.0,0.0
2022-10-27 00:00:00-04:00,11.611169531786416,11.921176422244343,11.56419949666539,11.667534828186035,281000,0.0,0.0
2022-10-28 00:00:00-04:00,11.460862552754406,11.554804408915516,11.263585371532827,11.507833480834961,237400,0.0,0.0
2022-10-31 00:00:00-04:00,11.357527017841138,12.249971051298255,11.3387382885977,12.13724136352539,310600,0.0,0.0
2022-11-01 00:00:00-04:00,12.400277856797857,13.095444743799721,12.249971599705125,12.794832229614258,387600,0.0,0.0
2022-11-02 00:00:00-04:00,12.569373154761266,12.616344085238122,12.06208907658238,12.099665641784668,169700,0.0,0.0
2022-11-03 00:00:00-04:00,12.503613593506318,13.349086704673184,12.466037030696588,13.24575138092041,430000,0.0,0.0
2022-11-04 00:00:00-04:00,13.687276330089261,14.156983832380819,13.405452545431098,13.903342247009277,995600,0.0,0.0
2022-11-07 00:00:00-05:00,13.846976800123638,13.846976800123638,12.954532734772181,12.992109298706055,300400,0.0,0.0
2022-11-08 00:00:00-05:00,13.245751773122045,13.5463642845009,13.076656787523465,13.22696304321289,403200,0.0,0.0
2022-11-09 00:00:00-05:00,13.179992577851309,13.414846334599387,12.898167890574417,12.907562255859375,253100,0.0,0.0
2022-11-10 00:00:00-05:00,12.268759551027275,12.513006755351334,11.930569598139355,12.062088012695312,477700,0.0,0.0
2022-11-11 00:00:00-05:00,12.362700967496494,12.869985019795422,12.353306602701196,12.68210220336914,356400,0.0,0.0
2022-11-14 00:00:00-05:00,12.278153420557619,12.738467438588467,12.20300029432726,12.513007164001465,291600,0.0,0.0
2022-11-15 00:00:00-05:00,12.776044401706413,13.208175339008434,12.503614086617919,12.559978485107422,110800,0.0,0.0
2022-11-16 00:00:00-05:00,12.353307245400881,12.466037837017568,11.817840966753543,11.864811897277832,295400,0.0,0.0
2022-11-17 00:00:00-05:00,11.479651938022933,11.902388523101298,11.375376812168724,11.799053192138672,275400,0.0,0.0
2022-11-18 00:00:00-05:00,12.174818436775714,12.334519058459719,11.808446264224887,11.921175956726074,298000,0.0,0.0
2022-11-21 00:00:00-05:00,11.864810830048734,11.89299302746995,11.442074285146873,11.827234268188477,234400,0.0,0.0
2022-11-22 00:00:00-05:00,11.733293252743593,11.75208198296222,11.479651666063873,11.723898887634277,292100,0.0,0.0
2022-11-23 00:00:00-05:00,11.53601500544873,11.75208090363942,11.385708761087843,11.517227172851562,319500,0.0,0.0
2022-11-25 00:00:00-05:00,11.864811960312734,12.080876987617987,11.70511133321929,11.733293533325195,238200,0.0,0.0
2022-11-28 00:00:00-05:00,11.827234772113323,11.944661644916838,11.742687280351442,11.846022605895996,209200,0.0,0.0
2022-11-29 00:00:00-05:00,12.40027810033966,12.559978725611202,12.146636510488138,12.231184005737305,307200,0.0,0.0
2022-11-30 00:00:00-05:00,12.409672109783042,13.001503663663511,12.334518981915295,12.992109298706055,396300,0.0,0.0
2022-12-01 00:00:00-05:00,12.738467724374013,12.860590885316206,12.503613975661258,12.522401809692383,294200,0.0,0.0
2022-12-02 00:00:00-05:00,12.860591510924662,13.029686504910241,12.625737750787355,12.644526481628418,177900,0.0,0.0
2022-12-05 00:00:00-05:00,12.353306886994536,12.484825309467608,12.127847502094381,12.15602970123291,223600,0.0,0.0
2022-12-06 00:00:00-05:00,12.296942092466738,12.466037073640999,12.005723057766168,12.17481803894043,226400,0.0,0.0
2022-12-07 00:00:00-05:00,12.118453142171893,12.17481843636858,11.813143446337724,11.98693561553955,311100,0.0,0.0
2022-12-08 00:00:00-05:00,11.958753034418837,12.066786444947212,11.770870205515571,11.836629867553711,269100,0.0,0.0
2022-12-09 00:00:00-05:00,11.770869478973422,12.071482882559659,11.695716352050848,11.846022605895996,171000,0.0,0.0
2022-12-12 00:00:00-05:00,11.395104171871976,11.723898887634277,11.150856054405605,11.723898887634277,348000,0.0,0.0
2022-12-13 00:00:00-05:00,11.761476949932634,11.799053516396802,11.24479848912832,11.272980690002441,444600,0.0,0.0
2022-12-14 00:00:00-05:00,11.132067736883906,11.338738384942266,10.972367120541401,11.235403060913086,373400,0.0,0.0
2022-12-15 00:00:00-05:00,11.207221030374178,11.43455910499792,11.066308245430651,11.141461372375488,242200,0.0,0.0
2022-12-16 00:00:00-05:00,11.094490723573092,11.254190437536375,10.97236667509867,11.08509635925293,200900,0.0,0.0
2022-12-19 00:00:00-05:00,11.169644792256216,11.498439508243175,11.169644792256216,11.489045143127441,195400,0.0,0.0
2022-12-20 00:00:00-05:00,11.958752462769665,12.249971505570947,11.930570263755332,12.052694320678711,288000,0.0,0.0
2022-12-21 00:00:00-05:00,12.127847167409827,12.174818095275123,11.939964351844582,12.10905933380127,131300,0.0,0.0
2022-12-22 00:00:00-05:00,12.156029981695585,12.325124972220024,11.9587527913824,12.165424346923828,913500,0.0,0.0
2022-12-23 00:00:00-05:00,12.372095441357468,12.71967887878418,12.372095441357468,12.71967887878418,911200,0.0,0.0
2022-12-27 00:00:00-05:00,11.986935557679951,12.10905961460333,11.892993699770903,12.052694320678711,961300,0.0,0.0
2022-12-28 00:00:00-05:00,12.240577188868789,12.658617472726947,12.212394989743327,12.456643104553223,1059800,0.0,0.0
2022-12-29 00:00:00-05:00,12.597555229507599,12.644526159517707,12.118453356017248,12.296942710876465,146100,0.0,0.0
2022-12-30 00:00:00-05:00,12.165424454519695,12.466037873210327,12.146636619793021,12.268760681152344,116300,0.0,0.0
2023-01-03 00:00:00-05:00,11.357527405582248,11.460862732261218,10.718724923831653,10.775090217590332,541800,0.0,0.0
2023-01-04 00:00:00-05:00,10.746906789127149,11.009943623973784,10.685845210688846,10.89721393585205,340300,0.0,0.0
2023-01-05 00:00:00-05:00,10.803272786851075,11.27298029932286,10.803272786851075,11.226009368896484,313200,0.0,0.0
2023-01-06 00:00:00-05:00,11.639352173421084,11.949359051773339,11.545410315055449,11.921175956726074,236500,0.0,0.0
2023-01-09 00:00:00-05:00,11.53601578912984,11.902387956570333,11.470257026728705,11.780263900756836,329000,0.0,0.0
2023-01-10 00:00:00-05:00,12.024512772869171,12.400278433063582,11.921176544393706,12.343914031982422,205100,0.0,0.0
2023-01-11 00:00:00-05:00,12.456642490285196,12.62573657259548,12.203000022975901,12.569372177124023,227500,0.0,0.0
2023-01-12 00:00:00-05:00,12.663313528585002,13.330298201706945,12.484825076181528,13.086050987243652,434900,0.0,0.0
2023-01-13 00:00:00-05:00,12.78543792409198,12.879379783160244,12.522401972955189,12.663313865661621,347500,0.0,0.0
2023-01-17 00:00:00-05:00,12.296943024132725,12.710285247780146,12.287548658712193,12.644526481628418,327400,0.0,0.0
2023-01-18 00:00:00-05:00,12.92635008273002,13.095444166557762,12.494219164688593,12.606948852539062,551100,0.0,0.0
2023-01-19 00:00:00-05:00,12.484824688020925,12.72907279078634,12.231183116607543,12.569372177124023,812800,0.0,0.0
2023-01-20 00:00:00-05:00,12.10905961460333,12.17481837760209,11.902388064740999,12.052694320678711,880400,0.0,0.0
2023-01-23 00:00:00-05:00,11.808446787170295,12.010421164473819,11.568895844035605,11.601776123046875,1068100,0.0,0.0
2023-01-24 00:00:00-05:00,11.789658754891793,12.240577537319254,11.686322528663512,12.099665641784668,288200,0.0,0.0
2023-01-25 00:00:00-05:00,12.21239509851563,12.70089133248632,12.118453239399432,12.494219779968262,405300,0.0,0.0
2023-01-26 00:00:00-05:00,12.456642878735963,12.550583839416504,12.325124458708075,12.550583839416504,291600,0.0,0.0
2023-01-27 00:00:00-05:00,12.400277699042615,12.503613921401204,12.2217892449897,12.353306770324707,289300,0.0,0.0
2023-01-30 00:00:00-05:00,12.33451893961869,12.33451893961869,11.902388007913002,12.118453025817871,884200,0.0,0.0
2023-01-31 00:00:00-05:00,12.40967167063636,12.456642597865509,12.137241367782407,12.372095108032227,251900,0.0,0.0
2023-02-01 00:00:00-05:00,12.334519052493043,12.400277815779603,11.958752515108232,12.221789360046387,272800,0.0,0.0
2023-02-02 00:00:00-05:00,12.663314182947536,12.700891644233137,11.902388509833868,12.033906936645508,321000,0.0,0.0
2023-02-03 00:00:00-05:00,11.789658435649363,11.949359057408683,11.526622486355876,11.686322212219238,247900,0.0,0.0
2023-02-06 00:00:00-05:00,11.460863052178482,11.648745876792036,11.34813335741035,11.592381477355957,189300,0.0,0.0
2023-02-07 00:00:00-05:00,11.695715560747571,11.789657410992886,11.517227120356532,11.582985877990723,221300,0.0,0.0
2023-02-08 00:00:00-05:00,11.667534266665163,11.803748974573347,11.489044916569812,11.6487455368042,164900,0.0,0.0
2023-02-09 00:00:00-05:00,11.470256337420624,11.5266216274457,11.061610448452527,11.08509635925293,276200,0.0,0.0
2023-02-10 00:00:00-05:00,11.197826888548265,11.37631534462305,11.16964468935666,11.282374382019043,155200,0.0,0.0
2023-02-13 00:00:00-05:00,11.348133308466988,11.648745826552162,11.348133308466988,11.423286437988281,187300,0.0,0.0
2023-02-14 00:00:00-05:00,11.263585145956307,11.41389139608714,11.042822953063636,11.197826385498047,235500,0.0,0.0
2023-02-15 00:00:00-05:00,11.291769359241059,11.423286893196194,11.122674363131875,11.338739395141602,391400,0.0,0.0
2023-02-16 00:00:00-05:00,11.19782677420801,11.5829867775123,11.19782677420801,11.413891792297363,169100,0.0,0.0
2023-02-17 00:00:00-05:00,11.432680071959515,11.578289139107396,11.272979457966649,11.329344749450684,271900,0.0,0.0
2023-02-21 00:00:00-05:00,11.272979968721458,11.545410282129723,10.878425598144531,10.878425598144531,114700,0.0,0.0
2023-02-22 00:00:00-05:00,10.89721432337506,11.226009034781956,10.784483735348516,11.113279342651367,791800,0.0,0.0
2023-02-23 00:00:00-05:00,11.395104421254164,11.44207535193273,10.995852854330339,11.160250663757324,378000,0.0,0.0
2023-02-24 00:00:00-05:00,11.00994431541412,11.00994431541412,10.587207734435172,10.652966499328613,595900,0.0,0.0
2023-02-27 00:00:00-05:00,10.737513764482502,10.869031291449543,10.54023657813598,10.812666893005371,375400,0.0,0.0
2023-02-28 00:00:00-05:00,10.803271852572776,10.850242778937057,10.587206845551355,10.756300926208496,1112800,0.0,0.0
2023-03-01 00:00:00-05:00,10.822061774729308,10.88782054135239,10.559024916444967,10.662361145019531,389000,0.0,0.0
2023-03-02 00:00:00-05:00,10.671753432855539,10.944183730563685,10.57781247606757,10.587206840515137,308500,0.0,0.0
2023-03-03 00:00:00-05:00,10.765696477698091,10.803273043753567,10.63417804855592,10.662361145019531,324200,0.0,0.0
2023-03-06 00:00:00-05:00,10.502659741032403,11.038125991821289,10.465083177747147,11.038125991821289,423500,0.0,0.0
2023-03-07 00:00:00-05:00,10.944184693913149,11.000549989664144,10.76569623317763,10.991155624389648,355100,0.0,0.0
2023-03-08 00:00:00-05:00,11.188432801612342,11.423286557803687,11.122674036565478,11.291769027709961,464000,0.0,0.0
2023-03-09 00:00:00-05:00,11.395104075184186,11.507833767851542,11.207221254071923,11.216614723205566,208500,0.0,0.0
2023-03-10 00:00:00-05:00,10.869031179326862,11.019337434822074,10.72811928877409,10.775090217590332,335800,0.0,0.0
2023-03-13 00:00:00-04:00,10.502659106143147,10.662359714425516,10.20204572213734,10.211440086364746,606200,0.0,0.0
2023-03-14 00:00:00-04:00,10.540236246914176,10.765695625397834,10.314775972534587,10.399323463439941,261500,0.0,0.0
2023-03-15 00:00:00-04:00,10.089316929372144,10.324170680405365,9.854463178338923,10.108105659484863,559500,0.0,0.0
2023-03-16 00:00:00-04:00,10.117499576996963,10.267805827666123,9.8920393050973,10.192652702331543,1094600,0.0,0.0
2023-03-17 00:00:00-04:00,10.042346281043024,10.12219659446494,9.882646550095176,10.051740646362305,372400,0.0,0.0
2023-03-20 00:00:00-04:00,10.098711967468262,10.220836033652144,9.948405700133028,10.098711967468262,230700,0.0,0.0
2023-03-21 00:00:00-04:00,10.023558571546493,10.183259200385814,9.845069211833843,9.854463577270508,242700,0.0,0.0
2023-03-22 00:00:00-04:00,9.85446307358002,10.12689338604662,9.812189327171758,9.835675239562988,232100,0.0,0.0
2023-03-23 00:00:00-04:00,9.892039294907002,9.910828024169254,9.516273668621198,9.657185554504395,380200,0.0,0.0
2023-03-24 00:00:00-04:00,9.732339510998063,10.061135134002429,9.675975110189084,9.920223236083984,365100,0.0,0.0
2023-03-27 00:00:00-04:00,10.051740584344415,10.267806505874852,9.957799619419166,10.183259010314941,302700,0.0,0.0
2023-03-28 00:00:00-04:00,10.295988303867821,10.718724869270238,10.295988303867821,10.605995178222656,336000,0.0,0.0
2023-03-29 00:00:00-04:00,10.652965994173428,11.113279118391802,10.559024138012319,11.038125991821289,805400,0.0,0.0
2023-03-30 00:00:00-04:00,11.695716067842053,11.752081359612264,11.113278900397502,11.432680130004883,602500,0.0,0.0
2023-03-31 00:00:00-04:00,11.554804349979518,11.592380913073113,11.075702498614236,11.10388469696045,562200,0.0,0.0
2023-04-03 00:00:00-04:00,11.08509686482817,11.235403117222434,11.028731572232354,11.169644355773926,243300,0.0,0.0
2023-04-04 00:00:00-04:00,11.16964384181341,11.23540260023609,11.009943232018992,11.019336700439453,1089100,0.0,0.0
2023-04-05 00:00:00-04:00,11.009944192141527,11.019337661381144,10.7093307790745,10.85024356842041,1037000,0.0,0.0
2023-04-06 00:00:00-04:00,10.784483572596208,10.962972921031296,10.728119175329505,10.906607627868652,195300,0.0,0.0
2023-04-10 00:00:00-04:00,11.000549597022847,11.056914890762004,10.873728358031709,10.944184303283691,242100,0.0,0.0
2023-04-11 00:00:00-04:00,11.432680627945938,11.733293141424207,11.207221242837235,11.686322212219238,753100,0.0,0.0
2023-04-12 00:00:00-04:00,11.97754091495763,12.259365586253468,11.92117562234009,12.10905933380127,710900,0.0,0.0
2023-04-13 00:00:00-04:00,12.015117926864033,12.146636350620199,11.939964797830784,11.958752632141113,365600,0.0,0.0
2023-04-14 00:00:00-04:00,11.81783996585993,12.090270264752563,11.77086903931377,11.996329307556152,323100,0.0,0.0
2023-04-17 00:00:00-04:00,11.996330263178363,11.996330263178363,11.789658707449444,11.930570602416992,415200,0.0,0.0
2023-04-18 00:00:00-04:00,11.67692807450056,11.911781811182255,11.662836527777133,11.761475563049316,920400,0.0,0.0
2023-04-19 00:00:00-04:00,11.648745195224215,11.648745195224215,11.26358520332814,11.301161766052246,335900,0.0,0.0
2023-04-20 00:00:00-04:00,11.272979901882216,11.498439284904832,11.25419117201569,11.413891792297363,220200,0.0,0.0
2023-04-21 00:00:00-04:00,11.4326801821144,11.4326801821144,11.038125825612326,11.132067680358887,185700,0.0,0.0
2023-04-24 00:00:00-04:00,11.188432626591714,11.517228238474642,11.122673862573516,11.489045143127441,258600,0.0,0.0
2023-04-25 00:00:00-04:00,11.357527682991705,11.357527682991705,11.03812643431498,11.188432693481445,380900,0.0,0.0
2023-04-26 00:00:00-04:00,11.16964550939687,11.216615546199286,10.812667675143155,10.840849876403809,331200,0.0,0.0
2023-04-27 00:00:00-04:00,10.934790834374672,11.073824031071695,10.859637706652174,11.009943962097168,280600,0.0,0.0
2023-04-28 00:00:00-04:00,10.850243775533174,11.216615063854812,10.81266721016952,11.160250663757324,310000,0.0,0.0
2023-05-01 00:00:00-04:00,11.122673595792413,11.198765622075245,10.953578611348883,11.075702667236328,126700,0.0,0.0
2023-05-02 00:00:00-04:00,11.103885042642306,11.132068137761836,10.742210947567933,10.746907234191895,377400,0.0,0.0
2023-05-03 00:00:00-04:00,10.746906842504512,10.869030895883599,10.6153893203239,10.765695571899414,330800,0.0,0.0
2023-05-04 00:00:00-04:00,10.878425315948082,10.925396243778478,10.516750336318758,10.634177207946777,332200,0.0,0.0
2023-05-05 00:00:00-04:00,10.878425809976617,11.226009258273063,10.878425809976617,11.188432693481445,456800,0.0,0.0
2023-05-08 00:00:00-04:00,11.301161989945214,11.498439172129112,11.226008863008104,11.376315116882324,478800,0.0,0.0
2023-05-09 00:00:00-04:00,11.432681009806236,11.789658829432994,11.404498809700332,11.733293533325195,223400,0.0,0.0
2023-05-10 00:00:00-04:00,12.015118208553014,12.033906939199802,11.742687885446495,11.968147277832031,180700,0.0,0.0
2023-05-11 00:00:00-04:00,11.84602195711238,12.466036564110532,11.84602195711238,12.32512378692627,396800,0.0,0.0
2023-05-12 00:00:00-04:00,12.325124961462283,12.517704968993257,12.278154031258051,12.400278091430664,389400,0.0,0.0
2023-05-15 00:00:00-04:00,12.287547618198944,12.437853868615482,12.109059169803285,12.372095108032227,212800,0.0,0.0
2023-05-16 00:00:00-04:00,12.43785368776069,12.513006811876181,11.98693494306774,11.996329307556152,239300,0.0,0.0
2023-05-17 00:00:00-04:00,12.12784766298829,12.466037640721073,12.019815151610747,12.362701416015625,338800,0.0,0.0
2023-05-18 00:00:00-04:00,12.259366205521701,12.287548405306097,12.080876849796576,12.231184005737305,238500,0.0,0.0
2023-05-19 00:00:00-04:00,12.062311536232915,12.303557766957574,11.985112816023532,12.207058906555176,441600,0.345,0.0
2023-05-22 00:00:00-04:00,12.371106147766113,12.573753013974697,12.23600885048127,12.371106147766113,227400,0.0,0.0
2023-05-23 00:00:00-04:00,12.429005891831048,12.660602051983354,12.226359021627449,12.264958381652832,353600,0.0,0.0
2023-05-24 00:00:00-04:00,12.28425701312824,12.361456649762602,12.100910291860018,12.168458938598633,768400,0.0,0.0
2023-05-25 00:00:00-04:00,12.129859738961825,12.15880994818358,11.85001415845398,11.93686294555664,267400,0.0,0.0
2023-05-26 00:00:00-04:00,11.946512992325454,12.091260357030684,11.714916840684564,11.994762420654297,283900,0.0,0.0
2023-05-30 00:00:00-04:00,11.67631742100271,11.67631742100271,11.357872484091844,11.570168495178223,682500,0.0,0.0
2023-05-31 00:00:00-04:00,11.521918856125941,11.570168283318921,11.299972779432025,11.435070991516113,832800,0.0,0.0
2023-06-01 00:00:00-04:00,11.492969781626782,11.850014077043788,11.454370423210925,11.81141471862793,382600,0.0,0.0
2023-06-02 00:00:00-04:00,12.486904098031003,12.892197826308918,12.433830554760274,12.843949317932129,448700,0.0,0.0
2023-06-05 00:00:00-04:00,13.02729638701344,13.229943256511568,12.737800727690207,13.04659652709961,341700,0.0,0.0
2023-06-06 00:00:00-04:00,13.104494807013932,13.615936543940268,13.104494807013932,13.451889038085938,438000,0.0,0.0
2023-06-07 00:00:00-04:00,13.6448867060292,13.71243535398833,13.33609091475609,13.56768798828125,343000,0.0,0.0
2023-06-08 00:00:00-04:00,13.413289632504041,13.625586566451558,13.413289632504041,13.56768798828125,148800,0.0,0.0
2023-06-09 00:00:00-04:00,13.779983583242833,14.23352672644212,13.702784867840565,13.96333122253418,507900,0.0,0.0
2023-06-12 00:00:00-04:00,13.953681497171447,14.098428862050215,13.876482779865263,13.924732208251953,438400,0.0,0.0
2023-06-13 00:00:00-04:00,14.021230225403578,14.035705330087247,13.722085424191562,13.808934211730957,306200,0.0,0.0
2023-06-14 00:00:00-04:00,13.866832634746727,14.330025856347046,13.837883345984611,14.281776428222656,719100,0.0,0.0
2023-06-15 00:00:00-04:00,14.161153500554065,14.262476472667913,14.011581099694013,14.233527183532715,653800,0.0,0.0
2023-06-16 00:00:00-04:00,14.001931292976678,14.214227310998798,13.866833074005154,14.069479942321777,657500,0.0,0.0
2023-06-20 00:00:00-04:00,14.37827479467166,14.387924864641718,14.040530628251565,14.127379417419434,952400,0.0,0.0
2023-06-21 00:00:00-04:00,14.050180280570979,14.571272079807082,14.00193085243626,14.523022651672363,1053800,0.0,0.0
2023-06-22 00:00:00-04:00,14.281776532355824,14.387924538778403,14.180452640527692,14.349325180053711,524900,0.0,0.0
2023-06-23 00:00:00-04:00,14.088779639022494,14.609871438258597,14.07912956933929,14.523022651672363,553800,0.0,0.0
2023-06-26 00:00:00-04:00,14.474773383621816,14.677420247803774,14.426523954953481,14.532672882080078,379600,0.0,0.0
2023-06-27 00:00:00-04:00,14.590571673119536,14.590571673119536,13.982631071704391,14.185277938842773,371400,0.0,0.0
2023-06-28 00:00:00-04:00,14.059829769425216,14.127379338557217,13.876483042424226,14.001931190490723,281200,0.0,0.0
2023-06-29 00:00:00-04:00,14.098429150028991,14.185277938842773,13.972981001773677,14.185277938842773,230500,0.0,0.0
2023-06-30 00:00:00-04:00,14.33002577790803,14.571271996928157,14.252827061444094,14.397574424743652,359100,0.0,0.0
2023-07-03 00:00:00-04:00,14.523022496480088,14.889716857991655,14.484423138441043,14.754618644714355,157700,0.0,0.0
2023-07-05 00:00:00-04:00,14.532672566060171,14.918666146450615,14.484423138441043,14.754618644714355,1071300,0.0,0.0
2023-07-06 00:00:00-04:00,14.445824280734426,14.633996042656953,14.137028485445613,14.24317741394043,360100,0.0,0.0
2023-07-07 00:00:00-04:00,14.571272241714151,15.198512053591102,14.513372743252885,15.015165328979492,658700,0.0,0.0
2023-07-10 00:00:00-04:00,14.918666390984253,15.121313254081167,14.822167534164274,14.889717102050781,361300,0.0,0.0
2023-07-11 00:00:00-04:00,14.484423707987336,15.184037214989885,14.358975559357336,15.092364311218262,562700,0.0,0.0
2023-07-12 00:00:00-04:00,15.343259523691081,15.671354536546987,15.304660164548112,15.323960304260254,482200,0.0,0.0
2023-07-13 00:00:00-04:00,15.545907689632827,15.931901290499876,15.439758759183386,15.893301010131836,523900,0.0,0.0
2023-07-14 00:00:00-04:00,15.883650092115072,15.883650092115072,15.401158576929012,15.536256790161133,423300,0.0,0.0
2023-07-17 00:00:00-04:00,15.362559425462209,15.671354293823242,15.237111280120214,15.671354293823242,225800,0.0,0.0
2023-07-18 00:00:00-04:00,15.613455772399902,15.80162753095021,15.454232382511117,15.613455772399902,190700,0.0,0.0
2023-07-19 00:00:00-04:00,15.555557723636603,15.690655023485983,15.285361283375176,15.526607513427734,197200,0.0,0.0
2023-07-20 00:00:00-04:00,15.565205574035645,15.632756062877734,15.401158988254268,15.565205574035645,226900,0.0,0.0
2023-07-21 00:00:00-04:00,15.854702410302941,15.989799709102188,15.82575220031911,15.883650779724121,449800,0.0,0.0
2023-07-24 00:00:00-04:00,16.038050322353055,16.443344065966674,15.88365104046734,16.25999641418457,501700,0.0,0.0
2023-07-25 00:00:00-04:00,16.530190477575008,16.892059813989686,16.443343530153097,16.588090896606445,516200,0.0,0.0
2023-07-26 00:00:00-04:00,16.549489974975586,16.645988829053625,16.346844037918,16.549489974975586,409000,0.0,0.0
2023-07-27 00:00:00-04:00,16.47229161837446,16.47229161837446,15.931900600562441,15.970499038696289,602100,0.0,0.0
2023-07-28 00:00:00-04:00,16.05734835379401,16.13454707316561,15.922251055034373,16.124897003173828,304300,0.0,0.0
2023-07-31 00:00:00-04:00,16.192447662353516,16.269646382531967,16.105598872082425,16.192447662353516,242300,0.0,0.0
2023-08-01 00:00:00-04:00,15.931900920865628,16.05734814802593,15.787153553969086,15.989799499511719,338200,0.0,0.0
2023-08-02 00:00:00-04:00,15.960851187796719,16.04769813579647,15.652054472595657,15.931900978088379,228900,0.0,0.0
2023-08-03 00:00:00-04:00,15.864352435548374,15.989799663999156,15.67135471732586,15.758203506469727,459300,0.0,0.0
2023-08-04 00:00:00-04:00,15.87400229697575,15.980149384097274,15.565205583763923,15.623106002807617,349700,0.0,0.0
2023-08-07 00:00:00-04:00,15.516956857156485,15.526606926861545,15.362559423000706,15.430108070373535,246100,0.0,0.0
2023-08-08 00:00:00-04:00,15.063413860898436,15.43975830078125,14.947615784076334,15.43975830078125,583700,0.0,0.0
2023-08-09 00:00:00-04:00,15.246761506077746,15.391508872035047,15.048939676471491,15.198512077331543,198700,0.0,0.0
2023-08-10 00:00:00-04:00,15.459058416626672,15.623105921942782,15.246761482638531,15.2564115524292,204700,0.0,0.0
2023-08-11 00:00:00-04:00,15.24676126224222,15.31430990923784,14.957265614676102,15.063413619995117,234700,0.0,0.0
2023-08-14 00:00:00-04:00,14.716019951215845,14.841468100578002,14.561622512087444,14.735320091247559,625900,0.0,0.0
2023-08-15 00:00:00-04:00,14.773919128983835,14.89936635533013,14.223877113727212,14.233527183532715,430100,0.0,0.0
2023-08-16 00:00:00-04:00,14.14667797088623,14.407224326120252,14.050180036573886,14.14667797088623,415200,0.0,0.0
2023-08-17 00:00:00-04:00,14.291426410577298,14.291426410577298,13.866832550014673,13.915081977844238,320900,0.0,0.0
2023-08-18 00:00:00-04:00,13.808934054164721,14.127378991321358,13.808934054164721,14.04053020477295,271900,0.0,0.0
2023-08-21 00:00:00-04:00,13.905432355942867,13.963331855258827,13.725945288485379,13.944031715393066,366700,0.0,0.0
2023-08-22 00:00:00-04:00,14.185278074468627,14.291427004158727,14.059829925013899,14.252827644348145,252500,0.0,0.0
2023-08-23 00:00:00-04:00,14.397574506634616,14.677420085478424,14.291426500963274,14.523022651672363,318100,0.0,0.0
2023-08-24 00:00:00-04:00,14.455473104154246,14.571272099950166,14.19975269916494,14.223876953125,227900,0.0,0.0
2023-08-25 00:00:00-04:00,14.204577573411138,14.301075508441635,14.050180141137314,14.214226722717285,196200,0.0,0.0
2023-08-28 00:00:00-04:00,14.165978695188556,14.24317741394043,13.987456082899024,14.24317741394043,249400,0.0,0.0
2023-08-29 00:00:00-04:00,14.243177435055307,14.42652416229248,14.194928005693528,14.42652416229248,296100,0.0,0.0
2023-08-30 00:00:00-04:00,14.580921437719951,14.619520796723448,14.349325283698976,14.416873931884766,242800,0.0,0.0
2023-08-31 00:00:00-04:00,14.185278111329755,14.19492818137781,13.664186292392134,13.712435722351074,324900,0.0,0.0
2023-09-01 00:00:00-04:00,14.127379014251346,14.18527759185673,13.97298065998063,13.982630729675293,226700,0.0,0.0
2023-09-05 00:00:00-04:00,13.625586590005696,13.881307918163657,13.625586590005696,13.7510347366333,357900,0.0,0.0
2023-09-06 00:00:00-04:00,13.702784937163862,13.958506258403387,13.529088286770655,13.606287002563477,348900,0.0,0.0
2023-09-07 00:00:00-04:00,13.509788408907058,13.615936415104345,13.442239761352539,13.442239761352539,124700,0.0,0.0
2023-09-08 00:00:00-04:00,13.529088386538104,13.548387605487985,13.365040884198303,13.432589530944824,266600,0.0,0.0
2023-09-11 00:00:00-04:00,13.7220850827204,13.881307549153302,13.543562477189553,13.847533226013184,144800,0.0,0.0
2023-09-12 00:00:00-04:00,13.770335241033614,14.021230620653972,13.770335241033614,13.895782470703125,132800,0.0,0.0
2023-09-13 00:00:00-04:00,14.030880582655817,14.23352745097244,13.992281222989858,14.069479942321777,147800,0.0,0.0
2023-09-14 00:00:00-04:00,14.233527261817006,14.66777028235855,14.233527261817006,14.600221633911133,206300,0.0,0.0
2023-09-15 00:00:00-04:00,14.735319425835476,14.928316216030698,14.571271924099216,14.754618644714355,591500,0.0,0.0
2023-09-18 00:00:00-04:00,14.928316378645304,14.957265667419612,14.609871441284037,14.76426887512207,152200,0.0,0.0
2023-09-19 00:00:00-04:00,14.677419900697299,14.720844293443724,14.494073180431165,14.571271896362305,187700,0.0,0.0
2023-09-20 00:00:00-04:00,14.696719514336936,14.880067159809615,14.633995901063425,14.658120155334473,141100,0.0,0.0
2023-09-21 00:00:00-04:00,14.262476285702176,14.349325072250586,14.011580916017245,14.04053020477295,146400,0.0,0.0
2023-09-22 00:00:00-04:00,14.001930685941154,14.156328117911297,13.934381119243254,14.030879974365234,173100,0.0,0.0
2023-09-25 00:00:00-04:00,13.934381914969169,13.963332125327744,13.68831156889066,13.779984474182129,145500,0.0,0.0
2023-09-26 00:00:00-04:00,13.673836289608294,13.731734869025567,13.336091201976002,13.345741271972656,148600,0.0,0.0
2023-09-27 00:00:00-04:00,13.384340006855988,13.403640145948307,12.65095128641096,12.8246488571167,310100,0.0,0.0
2023-09-28 00:00:00-04:00,12.786050081219004,13.027296309166534,12.67025200223795,12.921148300170898,356300,0.0,0.0
2023-09-29 00:00:00-04:00,13.220293289386955,13.220293289386955,12.901848337736743,13.114145278930664,234500,0.0,0.0
2023-10-02 00:00:00-04:00,13.046596205895185,13.046596205895185,12.496554190638562,12.544803619384766,175200,0.0,0.0
2023-10-03 00:00:00-04:00,12.477254724292209,12.554453440645279,12.07196100329794,12.168458938598633,340800,0.0,0.0
2023-10-04 00:00:00-04:00,12.187759055590181,12.32768138361934,11.98511219546279,12.226358413696289,211600,0.0,0.0
2023-10-05 00:00:00-04:00,12.129859575564915,12.192584107752474,11.801764571055097,11.927212715148926,426900,0.0,0.0
2023-10-06 00:00:00-04:00,11.743866049043293,11.936862840754014,11.435071182306137,11.869314193725586,588400,0.0,0.0
2023-10-09 00:00:00-04:00,11.898264083100647,12.260133430932859,11.792116072371147,12.149160385131836,437300,0.0,0.0
2023-10-10 00:00:00-04:00,12.390406105034598,12.689550904857347,12.313207387642837,12.660601615905762,316500,0.0,0.0
2023-10-11 00:00:00-04:00,12.660601776446814,12.72815042495082,12.515854409572139,12.670251846313477,243600,0.0,0.0
2023-10-12 00:00:00-04:00,12.631651967678222,12.641302037148046,12.18775889516038,12.216708183288574,95700,0.0,0.0
2023-10-13 00:00:00-04:00,12.525503022194469,12.573752449178034,12.120210228263845,12.27460765838623,301400,0.0,0.0
2023-10-16 00:00:00-04:00,12.36145726725528,12.429005917368157,12.043011396039901,12.207058906555176,193600,0.0,0.0
2023-10-17 00:00:00-04:00,12.091260117236928,12.462779511635366,12.052660759395616,12.100910186767578,233500,0.0,0.0
2023-10-18 00:00:00-04:00,12.014062069655601,12.081611639845288,11.792115979795964,11.840365409851074,256000,0.0,0.0
2023-10-19 00:00:00-04:00,11.907913474067964,12.226358408375086,11.869314115978655,11.985112190246582,227000,0.0,0.0
2023-10-20 00:00:00-04:00,11.93686329107272,11.96581258085112,11.69561706226297,11.898263931274414,269700,0.0,0.0
2023-10-23 00:00:00-04:00,11.830715357967387,12.197409738555956,11.79211599792024,12.023712158203125,150800,0.0,0.0
2023-10-24 00:00:00-04:00,12.429005097260621,12.612351815589742,12.293906885667766,12.515853881835938,329400,0.0,0.0
2023-10-25 00:00:00-04:00,12.506203803569809,12.554453230553372,12.245657450027327,12.27460765838623,228800,0.0,0.0
2023-10-26 00:00:00-04:00,12.380756090775462,12.650951602857523,12.303557373037728,12.602703094482422,312100,0.0,0.0
2023-10-27 00:00:00-04:00,12.892197489832533,12.901847559368555,12.245657555419639,12.342156410217285,237100,0.0,0.0
2023-10-30 00:00:00-04:00,12.43865528061133,12.45795449942629,11.956162846580684,12.043010711669922,227300,0.0,0.0
2023-10-31 00:00:00-04:00,11.965812633118711,12.149160283172543,11.946513413275923,12.081611633300781,206100,0.0,0.0
2023-11-01 00:00:00-04:00,12.322857788797656,12.950097614545008,12.322857788797656,12.863248825073242,456600,0.0,0.0
2023-11-02 00:00:00-04:00,12.95009703445059,13.365040823214528,12.911497676445663,13.249241828918457,233100,0.0,0.0
2023-11-03 00:00:00-04:00,13.41328997414634,13.644887053570375,13.36504146453594,13.529088973999023,548100,0.0,0.0
2023-11-06 00:00:00-05:00,13.577337343630731,13.70278549194336,13.418114870826495,13.70278549194336,235500,0.0,0.0
2023-11-07 00:00:00-05:00,14.156328095773874,14.233526811638223,14.035704987200669,14.08877944946289,339900,0.0,0.0
2023-11-08 00:00:00-05:00,14.117729082732083,14.146678371818112,13.64488670644128,13.808934211730957,265000,0.0,0.0
2023-11-09 00:00:00-05:00,13.915081865734765,14.088779436409256,13.533912401261583,13.606287002563477,229100,0.0,0.0
2023-11-10 00:00:00-05:00,13.895781920431833,14.04053020477295,13.71243519793731,14.04053020477295,281300,0.0,0.0
2023-11-13 00:00:00-05:00,13.799284581892323,14.156328892941033,13.77033529188333,14.079130172729492,369900,0.0,0.0
2023-11-14 00:00:00-05:00,14.590571023205754,14.793217881317554,14.19492737648302,14.204577445983887,450100,0.0,0.0
2023-11-15 00:00:00-05:00,14.243177701145077,14.590571942533492,14.233527631036177,14.262476921081543,146700,0.0,0.0
2023-11-16 00:00:00-05:00,14.407224782344874,14.56162221835886,14.233527206688487,14.416873931884766,454300,0.0,0.0
2023-11-17 00:00:00-05:00,14.243177172268153,14.349325178680573,14.098428886853428,14.108078956604004,165900,0.0,0.0
2023-11-20 00:00:00-05:00,14.194927465987039,14.576096010861875,14.194927465987039,14.571271896362305,260800,0.0,0.0
2023-11-21 00:00:00-05:00,14.262476844046967,14.330026414163092,14.108079404263826,14.137028694152832,161300,0.0,0.0
2023-11-22 00:00:00-05:00,14.330025717203942,14.436173721821874,14.021229932375006,14.214226722717285,266600,0.0,0.0
2023-11-24 00:00:00-05:00,14.13702798464433,14.272126197814941,14.122553800566923,14.272126197814941,66900,0.0,0.0
2023-11-27 00:00:00-05:00,14.117728861277767,14.117728861277767,13.770334636850814,13.857182502746582,283200,0.0,0.0
2023-11-28 00:00:00-05:00,13.79928398448572,14.122553956481857,13.78963391480672,14.04053020477295,150500,0.0,0.0
2023-11-29 00:00:00-05:00,13.799284487259195,13.92473263681298,13.731734917326337,13.77033519744873,224100,0.0,0.0
2023-11-30 00:00:00-05:00,13.751034398849033,14.030879974365234,13.57733682774198,14.030879974365234,323400,0.0,0.0
2023-12-01 00:00:00-05:00,13.65453629128468,14.16597896303781,13.625587001275687,14.079130172729492,172100,0.0,0.0
2023-12-04 00:00:00-05:00,13.895782206925395,14.02123035449491,13.775159094294857,13.818583488464355,274300,0.0,0.0
2023-12-05 00:00:00-05:00,13.712435649313585,13.924732587833349,13.336091201976002,13.345741271972656,600800,0.0,0.0
2023-12-06 00:00:00-05:00,13.673835936713926,13.693135155927834,13.374690216507277,13.384340286254883,321500,0.0,0.0
2023-12-07 00:00:00-05:00,13.365040823214528,13.432589469652829,13.191343252051709,13.249241828918457,205100,0.0,0.0
2023-12-08 00:00:00-05:00,13.249242304756,13.779984186595955,13.220293015282932,13.760684967041016,322200,0.0,0.0
2023-12-11 00:00:00-05:00,13.538737641257388,13.577336999738899,13.374690137640647,13.500138282775879,233100,0.0,0.0
2023-12-12 00:00:00-05:00,13.461538735779982,13.461538735779982,13.229942588134179,13.307141304016113,121600,0.0,0.0
2023-12-13 00:00:00-05:00,13.567687604168318,14.252826894995476,13.384339964496686,14.14667797088623,382800,0.0,0.0
2023-12-14 00:00:00-05:00,14.870416690525143,15.073063549914703,14.465122971746025,14.571271896362305,444700,0.0,0.0
2023-12-15 00:00:00-05:00,14.687069885394765,14.706369104125391,14.358974884442569,14.445823669433594,312100,0.0,0.0
2023-12-18 00:00:00-05:00,14.60987196648781,14.735320116061217,14.474773746882297,14.677420616149902,152500,0.0,0.0
2023-12-19 00:00:00-05:00,14.812518568069008,14.8897172863681,14.64847106161311,14.84146785736084,172500,0.0,0.0
2023-12-20 00:00:00-05:00,14.899366086267664,14.986214872386196,14.624345543746507,14.63882064819336,456000,0.0,0.0
2023-12-21 00:00:00-05:00,15.02481460571289,15.082714104664426,14.83181780967663,15.02481460571289,556200,0.0,0.0
2023-12-22 00:00:00-05:00,15.034464673944358,15.314310258236725,15.034464673944358,15.266060829162598,327200,0.0,0.0
2023-12-26 00:00:00-05:00,15.266060669409905,15.541081215888756,15.237111380380895,15.49765682220459,593700,0.0,0.0
2023-12-27 00:00:00-05:00,15.410808853713945,15.68100436352985,15.367384460315511,15.671354293823242,813000,0.0,0.0
2023-12-28 00:00:00-05:00,15.526607007053862,15.642404162987468,15.314310073852539,15.314310073852539,355000,0.0,0.0
2023-12-29 00:00:00-05:00,15.314309723495372,15.314309723495372,15.111662864685059,15.111662864685059,105900,0.0,0.0
2024-01-02 00:00:00-05:00,15.266060993837064,15.381859072695294,14.986215406526012,15.034464836120605,209500,0.0,0.0
2024-01-03 00:00:00-05:00,15.053765053619456,15.348084827128128,15.053765053619456,15.159913063049316,198700,0.0,0.0
2024-01-04 00:00:00-05:00,14.899366195246325,15.024814340526072,14.84146761759801,14.947615623474121,241100,0.0,0.0
2024-01-05 00:00:00-05:00,15.082714183745072,15.343259629689769,15.053764894258178,15.150262832641602,138000,0.0,0.0
2024-01-08 00:00:00-05:00,15.140612476587853,15.420458057089435,15.121313257388417,15.372209548950195,169700,0.0,0.0
2024-01-09 00:00:00-05:00,15.381858778582641,15.468708486417338,15.2564115524292,15.2564115524292,141900,0.0,0.0
2024-01-10 00:00:00-05:00,15.179211961234381,15.25641159951668,15.053764734693758,15.140612602233887,232600,0.0,0.0
2024-01-11 00:00:00-05:00,15.39150919690571,15.506342821339857,15.208162468137784,15.217812538146973,234900,0.0,0.0
2024-01-12 00:00:00-05:00,15.734078930165632,15.874002180988237,15.43975824414657,15.49765682220459,161800,0.0,0.0
2024-01-16 00:00:00-05:00,14.986215334213938,15.015165543999798,14.42169912732817,14.42652416229248,295100,0.0,0.0
2024-01-17 00:00:00-05:00,14.185277754786512,14.339675190549315,14.161153500554065,14.233527183532715,166400,0.0,0.0
2024-01-18 00:00:00-05:00,14.050180907974202,14.069480127921107,13.808934676809187,14.021230697631836,289400,0.0,0.0
2024-01-19 00:00:00-05:00,13.828233353233275,14.223877009547993,13.69313513778966,14.16597843170166,230500,0.0,0.0
2024-01-22 00:00:00-05:00,14.079130095526978,14.262476824953676,13.866833155968695,13.953681945800781,227200,0.0,0.0
2024-01-23 00:00:00-05:00,14.272126439691185,14.532672800875545,14.088779716113574,14.407224655151367,147100,0.0,0.0
2024-01-24 00:00:00-05:00,14.725670077244164,14.735320147296727,14.36862576783131,14.378274917602539,217000,0.0,0.0
2024-01-25 00:00:00-05:00,14.465123153854442,14.629170657343707,14.387924436951412,14.523022651672363,199700,0.0,0.0
2024-01-26 00:00:00-05:00,14.532672825551673,14.62917076223168,14.445824038342753,14.590571403503418,80400,0.0,0.0
2024-01-29 00:00:00-05:00,14.580921519784473,14.590571589659987,14.127379279011091,14.30107593536377,210300,0.0,0.0
2024-01-30 00:00:00-05:00,14.165978088261701,14.26730105717696,13.915081802926847,14.204577445983887,247700,0.0,0.0
2024-01-31 00:00:00-05:00,14.426524431807517,14.687070803059832,14.238352666090627,14.262476921081543,214600,0.0,0.0
2024-02-01 00:00:00-05:00,14.378274969098864,14.580921839521823,14.252827739091575,14.561622619628906,236200,0.0,0.0
2024-02-02 00:00:00-05:00,14.330025876432785,14.378274384343504,13.963331510567263,13.982630729675293,250500,0.0,0.0
2024-02-05 00:00:00-05:00,13.982630546804245,14.108078690350306,13.731734259712121,14.030879974365234,209100,0.0,0.0
2024-02-06 00:00:00-05:00,14.223877453317174,14.474773752562442,14.19492816349082,14.436174392700195,279300,0.0,0.0
2024-02-07 00:00:00-05:00,14.494073118498648,14.63882048018071,14.36862497557626,14.387924194335938,163500,0.0,0.0
2024-02-08 00:00:00-05:00,14.281776797587268,14.29142686751798,14.040530571007352,14.185277938842773,205000,0.0,0.0
2024-02-09 00:00:00-05:00,14.281776977920902,14.571272637528478,14.151503793055292,14.378274917602539,265600,0.0,0.0
2024-02-12 00:00:00-05:00,14.320376211313992,14.465123579698115,14.238352457154635,14.36862564086914,178300,0.0,0.0
2024-02-13 00:00:00-05:00,14.088780178034858,14.088780178034858,13.403640849097245,13.471189498901367,198700,0.0,0.0
2024-02-14 00:00:00-05:00,13.538738056703828,14.272126810638401,13.50978876702469,14.069479942321777,545800,0.0,0.0
2024-02-15 00:00:00-05:00,14.36862503086175,14.45547289603638,14.310725533797378,14.330025672912598,373600,0.0,0.0
2024-02-16 00:00:00-05:00,14.484423499964047,14.706369584157878,14.358975353135715,14.658120155334473,213600,0.0,0.0
2024-02-20 00:00:00-05:00,14.600221818843915,14.716019897769653,14.532673169540898,14.551972389221191,251800,0.0,0.0
2024-02-21 00:00:00-05:00,14.513372315412711,14.590571030897785,14.330025596205987,14.445823669433594,189300,0.0,0.0
2024-02-22 00:00:00-05:00,14.36862550599975,14.36862550599975,14.040530492441947,14.059829711914062,131600,0.0,0.0
2024-02-23 00:00:00-05:00,13.924732662001611,13.982631241727272,13.693135582254966,13.712435722351074,177100,0.0,0.0
2024-02-26 00:00:00-05:00,13.82823371887207,13.919907543214274,13.693135499856261,13.82823371887207,168800,0.0,0.0
2024-02-27 00:00:00-05:00,14.108078877610376,14.291426520719503,14.108078877610376,14.223876953125,120000,0.0,0.0
2024-02-28 00:00:00-05:00,13.924732418416985,13.934381568014915,13.53873790577898,13.577337265014648,162500,0.0,0.0
2024-02-29 00:00:00-05:00,13.258891770861107,13.336090486127853,13.094844270848949,13.239592552185059,303600,0.0,0.0
2024-03-01 00:00:00-05:00,13.152743843987254,13.229942559703291,13.003171447322597,13.123794555664062,328500,0.0,0.0
2024-03-04 00:00:00-05:00,13.085195297720684,13.094844447047905,12.9404470144369,12.95009708404541,186400,0.0,0.0
2024-03-05 00:00:00-05:00,12.718501538634333,12.843949688653735,12.660602038517172,12.747450828552246,211300,0.0,0.0
2024-03-06 00:00:00-05:00,12.75710018221473,12.83429889784812,12.612351900191166,12.641302108764648,291600,0.0,0.0
2024-03-07 00:00:00-05:00,12.728150320595256,12.757100529957885,12.525503456463381,12.602703094482422,211300,0.0,0.0
2024-03-08 00:00:00-05:00,12.60270314115936,12.814999155583756,12.597878106247718,12.728150367736816,226600,0.0,0.0
2024-03-11 00:00:00-04:00,12.757101000086957,12.979047091691843,12.747450929943787,12.8149995803833,200200,0.0,0.0
2024-03-12 00:00:00-04:00,12.872898710582419,12.979046718259191,12.786049922355373,12.911498069763184,138900,0.0,0.0
2024-03-13 00:00:00-04:00,12.921148427105413,13.04659657730426,12.863248926905431,12.930797576904297,188600,0.0,0.0
2024-03-14 00:00:00-04:00,12.93079766125733,12.979047091691843,12.78605029023513,12.8149995803833,160000,0.0,0.0
2024-03-15 00:00:00-04:00,12.901848189875077,12.950097619631823,12.612352531615919,12.622002601623535,182600,0.0,0.0
2024-03-18 00:00:00-04:00,12.650951358156398,12.699200785879542,12.467604637145996,12.467604637145996,156100,0.0,0.0
2024-03-19 00:00:00-04:00,12.525503559157485,12.747450564684145,12.515854409572139,12.670251846313477,83200,0.0,0.0
2024-03-20 00:00:00-04:00,12.670251945689603,13.02729625102467,12.670251945689603,12.979046821594238,251300,0.0,0.0
2024-03-21 00:00:00-04:00,12.959747232352973,12.959747232352973,12.777364964882274,12.834299087524414,109700,0.0,0.0
2024-03-22 00:00:00-04:00,12.708850882947212,12.795699668980316,12.62200209691411,12.650951385498047,83400,0.0,0.0
2024-03-25 00:00:00-04:00,12.554454136915636,12.61235271725085,12.494624806325417,12.573753356933594,130800,0.0,0.0
2024-03-26 00:00:00-04:00,12.486904387456931,12.496554457468484,12.361457158432051,12.380756378173828,255900,0.0,0.0
2024-03-27 00:00:00-04:00,12.371106360281349,12.573753229971071,12.260133315524945,12.564104080200195,572300,0.0,0.0
2024-03-28 00:00:00-04:00,12.660601882679313,12.776399961206954,12.332506866710334,12.496554374694824,413200,0.0,0.0
2024-04-01 00:00:00-04:00,12.48690412083306,12.48690412083306,11.929143706238392,12.062311172485352,762600,0.0,0.0
2024-04-02 00:00:00-04:00,12.014061906830296,12.100910695696173,11.763165610169164,11.83071517944336,814800,0.0,0.0
2024-04-03 00:00:00-04:00,11.705266849102445,11.888613573638443,11.5942938074022,11.8789644241333,1096500,0.0,0.0
2024-04-04 00:00:00-04:00,11.994762875277997,12.236009105784593,11.743866574683617,11.782465934753418,669300,0.0,0.0
2024-04-05 00:00:00-04:00,11.811414692271756,11.82106476192451,11.565343437814265,11.628067970275879,640900,0.0,0.0
2024-04-08 00:00:00-04:00,11.6377183789628,12.139510051867616,11.6377183789628,12.071961402893066,488500,0.0,0.0
2024-04-09 00:00:00-04:00,12.322857907150588,12.322857907150588,12.129860186345793,12.207058906555176,719400,0.0,0.0
2024-04-10 00:00:00-04:00,11.91756362172359,11.965812129440298,11.772815337729577,11.869314193725586,442000,0.0,0.0
2024-04-11 00:00:00-04:00,11.72456590202769,11.72456590202769,11.377171677176653,11.386821746826172,809300,0.0,0.0
2024-04-12 00:00:00-04:00,11.290323443082439,11.492970314226952,11.2324248629162,11.242074012756348,479100,0.0,0.0
2024-04-15 00:00:00-04:00,10.94292921730903,11.029778007967252,10.605184124811803,10.759581565856934,716000,0.0,0.0
2024-04-16 00:00:00-04:00,10.460435942591126,10.53763465712616,10.32533773201418,10.344637870788574,593300,0.0,0.0
2024-04-17 00:00:00-04:00,10.489385422012568,10.701682351001189,10.441135994476797,10.53763484954834,530500,0.0,0.0
2024-04-18 00:00:00-04:00,10.605183333905918,10.788530971684446,10.421836616408664,10.527984619140625,602300,0.0,0.0
2024-04-19 00:00:00-04:00,10.605184024191663,10.720982103876839,10.605184024191663,10.692032814025879,260500,0.0,0.0
2024-04-22 00:00:00-04:00,10.711332530677678,11.000827258305755,10.653433032983287,10.846429824829102,584300,0.0,0.0
2024-04-23 00:00:00-04:00,10.740281978414714,11.005652456096868,10.701682619474013,10.856080055236816,1046000,0.0,0.0
2024-04-24 00:00:00-04:00,10.827131008734941,10.856080298518886,10.643783359446855,10.749932289123535,1022300,0.0,0.0
2024-04-25 00:00:00-04:00,10.59553379508772,10.778881442047838,10.581059610520192,10.682382583618164,230300,0.0,0.0
2024-04-26 00:00:00-04:00,10.971878028848414,11.188999996023245,10.971878028848414,11.029777526855469,287700,0.0,0.0
2024-04-29 00:00:00-04:00,11.039426354057913,11.116625989241031,10.952578490004292,11.010477066040039,315100,0.0,0.0
2024-04-30 00:00:00-04:00,10.827131196042695,10.904329916989628,10.701683044433594,10.701683044433594,218900,0.0,0.0
2024-05-01 00:00:00-04:00,10.663083157984614,10.96222795682779,10.619658764558782,10.788531303405762,210000,0.0,0.0
2024-05-02 00:00:00-04:00,11.116626687088086,11.203474556593589,10.913979817679252,10.933279037475586,547000,0.0,0.0
2024-05-03 00:00:00-04:00,11.290323049651933,11.338572478296692,11.068376966279876,11.15522575378418,358600,0.0,0.0
2024-05-06 00:00:00-04:00,11.097326467672866,11.19382532680864,10.790461420826219,10.807830810546875,550600,0.0,0.0
2024-05-07 00:00:00-04:00,10.923629043760691,11.169700309782256,10.923629043760691,11.058727264404297,321700,0.0,0.0
2024-05-08 00:00:00-04:00,10.94292884292372,11.140750672529975,10.94292884292372,11.097326278686523,249500,0.0,0.0
2024-05-09 00:00:00-04:00,10.749932048220217,10.94292884292372,10.605183761981607,10.856080055236816,432400,0.0,0.0
2024-05-10 00:00:00-04:00,10.923628679307306,10.933278749091603,10.66308323710047,10.672733306884766,306500,0.0,0.0
2024-05-13 00:00:00-04:00,10.759580933860388,10.844499889559774,10.624483641021918,10.778881072998047,403700,0.0,0.0
2024-05-14 00:00:00-04:00,10.817480719792085,10.894679437841166,10.7547571064827,10.79818058013916,232000,0.0,0.0
2024-05-15 00:00:00-04:00,10.7885317762639,10.880204681708609,10.658258590276569,10.759581565856934,274900,0.0,0.0
2024-05-16 00:00:00-04:00,10.85607973346033,10.885029021737466,10.720981521031563,10.836779594421387,319700,0.0,0.0
2024-05-17 00:00:00-04:00,10.827131008734941,10.827131008734941,10.653433429468613,10.749932289123535,311000,0.0,0.0
2024-05-20 00:00:00-04:00,10.692032232754428,10.904329160776411,10.65343287495782,10.836779594421387,548000,0.0,0.0
2024-05-21 00:00:00-04:00,10.875380541351046,11.000827771694247,10.769231610671099,10.81748104095459,276200,0.0,0.0
2024-05-22 00:00:00-04:00,10.740282224627192,10.788531654479474,10.494210960633744,10.508686065673828,294400,0.0,0.0
2024-05-23 00:00:00-04:00,10.56658394500648,10.605183302273998,10.339812836094975,10.344637870788574,266600,0.0,0.0
2024-05-24 00:00:00-04:00,10.566584053271654,10.642818313817825,10.402536553133558,10.412186622619629,263900,0.0,0.0
2024-05-28 00:00:00-04:00,10.566584755422813,10.608079320745215,10.296389233827236,10.334988594055176,221100,0.0,0.0
2024-05-29 00:00:00-04:00,10.151641159164381,10.339812912193263,10.103391732154565,10.228839874267578,482600,0.0,0.0
2024-05-30 00:00:00-04:00,10.209540022770444,10.33981320328002,10.0165432295792,10.248139381408691,300600,0.0,0.0
2024-05-31 00:00:00-04:00,10.354287139859652,10.402536567073385,10.045492278141806,10.113040924072266,450000,0.0,0.0
2024-06-03 00:00:00-04:00,10.016542884330669,10.132340956254106,9.968293457625586,10.045492172241211,339900,0.0,0.0
2024-06-04 00:00:00-04:00,9.862146302737573,9.891095593136267,9.678798649556029,9.736698150634766,510200,0.0,0.0
2024-06-05 00:00:00-04:00,9.736698074832217,9.74634814498377,9.577475598456962,9.611249923706055,373400,0.0,0.0
2024-06-06 00:00:00-04:00,9.601599820438166,9.910395622253418,9.587125635542101,9.910395622253418,339000,0.0,0.0
2024-06-07 00:00:00-04:00,9.66914864792267,9.804245938071029,9.495451080267618,9.562999725341797,417300,0.0,0.0
2024-06-10 00:00:00-04:00,9.510000228881836,9.579999923706055,9.380000114440918,9.470000267028809,285800,0.347,0.0
2024-06-11 00:00:00-04:00,9.5600004196167,9.609999656677246,9.4399995803833,9.539999961853027,262400,0.0,0.0
2024-06-12 00:00:00-04:00,9.479999542236328,9.5,9.074999809265137,9.109999656677246,733000,0.0,0.0
2024-06-13 00:00:00-04:00,9.149999618530273,9.326000213623047,9.0600004196167,9.229999542236328,542000,0.0,0.0
2024-06-14 00:00:00-04:00,9.149999618530273,9.508999824523926,9.149999618530273,9.449999809265137,409900,0.0,0.0
2024-06-17 00:00:00-04:00,9.300000190734863,9.300000190734863,9.170000076293945,9.1899995803833,481900,0.0,0.0
2024-06-18 00:00:00-04:00,9.180000305175781,9.390000343322754,9.149999618530273,9.170000076293945,470700,0.0,0.0
2024-06-20 00:00:00-04:00,9.420000076293945,9.515000343322754,9.210000038146973,9.25,511000,0.0,0.0
2024-06-21 00:00:00-04:00,9.350000381469727,9.539999961853027,9.329999923706055,9.5,432000,0.0,0.0
2024-06-24 00:00:00-04:00,9.680000305175781,9.850000381469727,9.609999656677246,9.779999732971191,453100,0.0,0.0
2024-06-25 00:00:00-04:00,9.8100004196167,9.821000099182129,9.574999809265137,9.649999618530273,414800,0.0,0.0
2024-06-26 00:00:00-04:00,9.510000228881836,9.739999771118164,9.479999542236328,9.65999984741211,426200,0.0,0.0
2024-06-27 00:00:00-04:00,9.739999771118164,10.010000228881836,9.649999618530273,9.970000267028809,417800,0.0,0.0
2024-06-28 00:00:00-04:00,9.90999984741211,9.90999984741211,9.600000381469727,9.739999771118164,512600,0.0,0.0
2024-07-01 00:00:00-04:00,9.8100004196167,9.890000343322754,9.59000015258789,9.619999885559082,484800,0.0,0.0
2024-07-02 00:00:00-04:00,9.609999656677246,9.680000305175781,9.449999809265137,9.539999961853027,454100,0.0,0.0
2024-07-03 00:00:00-04:00,9.819999694824219,10.074999809265137,9.78499984741211,10.069999694824219,286900,0.0,0.0
2024-07-05 00:00:00-04:00,10.3100004196167,10.350000381469727,10.140000343322754,10.329999923706055,677900,0.0,0.0
2024-07-08 00:00:00-04:00,10.1899995803833,10.265000343322754,10.069999694824219,10.140000343322754,308200,0.0,0.0
2024-07-09 00:00:00-04:00,10.149999618530273,10.449999809265137,10.149999618530273,10.380000114440918,364900,0.0,0.0
2024-07-10 00:00:00-04:00,10.59000015258789,10.59000015258789,10.270999908447266,10.359999656677246,335400,0.0,0.0
2024-07-11 00:00:00-04:00,10.520000457763672,10.609999656677246,10.380000114440918,10.489999771118164,476200,0.0,0.0
2024-07-12 00:00:00-04:00,10.359999656677246,10.520000457763672,10.3100004196167,10.5,346700,0.0,0.0
2024-07-15 00:00:00-04:00,10.489999771118164,10.510000228881836,10.34000015258789,10.5,348300,0.0,0.0
2024-07-16 00:00:00-04:00,10.59000015258789,10.640000343322754,10.390000343322754,10.539999961853027,284800,0.0,0.0
2024-07-17 00:00:00-04:00,10.449999809265137,10.53499984741211,10.375,10.4399995803833,593500,0.0,0.0
2024-07-18 00:00:00-04:00,10.180000305175781,10.229999542236328,9.859999656677246,9.869999885559082,866700,0.0,0.0
2024-07-19 00:00:00-04:00,10.109999656677246,10.149999618530273,9.90999984741211,9.930000305175781,1184600,0.0,0.0
2024-07-22 00:00:00-04:00,10.0,10.154999732971191,9.979999542236328,10.020000457763672,189900,0.0,0.0
2024-07-23 00:00:00-04:00,9.930000305175781,9.949999809265137,9.760000228881836,9.789999961853027,188000,0.0,0.0
2024-07-24 00:00:00-04:00,9.630000114440918,9.75,9.529999732971191,9.539999961853027,323200,0.0,0.0
2024-07-25 00:00:00-04:00,9.489999771118164,9.670000076293945,9.444999694824219,9.550000190734863,199300,0.0,0.0
2024-07-26 00:00:00-04:00,9.510000228881836,9.8149995803833,9.479999542236328,9.670000076293945,912600,0.0,0.0
2024-07-29 00:00:00-04:00,9.630000114440918,9.649999618530273,9.454999923706055,9.5600004196167,247700,0.0,0.0
2024-07-30 00:00:00-04:00,9.40999984741211,9.529000282287598,9.390000343322754,9.510000228881836,388400,0.0,0.0
2024-07-31 00:00:00-04:00,9.510000228881836,9.574999809265137,9.354999542236328,9.420000076293945,513500,0.0,0.0
2024-08-01 00:00:00-04:00,9.489999771118164,9.569999694824219,9.0600004196167,9.09000015258789,489500,0.0,0.0
2024-08-02 00:00:00-04:00,9.180000305175781,9.180000305175781,8.930000305175781,9.039999961853027,863400,0.0,0.0
2024-08-05 00:00:00-04:00,8.720000267028809,8.970000267028809,8.6850004196167,8.890000343322754,522600,0.0,0.0
2024-08-06 00:00:00-04:00,8.960000038146973,9.28499984741211,8.864999771118164,9.15999984741211,682700,0.0,0.0
2024-08-07 00:00:00-04:00,9.239999771118164,9.34000015258789,9.130000114440918,9.279999732971191,636500,0.0,0.0
2024-08-08 00:00:00-04:00,9.350000381469727,9.545000076293945,9.270000457763672,9.520000457763672,446800,0.0,0.0
2024-08-09 00:00:00-04:00,9.760000228881836,9.869999885559082,9.635000228881836,9.779999732971191,455900,0.0,0.0
2024-08-12 00:00:00-04:00,9.930000305175781,9.960000038146973,9.729999542236328,9.779999732971191,353500,0.0,0.0
2024-08-13 00:00:00-04:00,9.890000343322754,10.0600004196167,9.84000015258789,10.010000228881836,592500,0.0,0.0
2024-08-14 00:00:00-04:00,9.850000381469727,9.9399995803833,9.755000114440918,9.819999694824219,684800,0.0,0.0
2024-08-15 00:00:00-04:00,9.800000190734863,10.119999885559082,9.800000190734863,10.0,939600,0.0,0.0
2024-08-16 00:00:00-04:00,10.109999656677246,10.119999885559082,9.789999961853027,9.850000381469727,331800,0.0,0.0
2024-08-19 00:00:00-04:00,9.899999618530273,10.359999656677246,9.880000114440918,10.329999923706055,385900,0.0,0.0
2024-08-20 00:00:00-04:00,10.170000076293945,10.220000267028809,10.0649995803833,10.109999656677246,324600,0.0,0.0
2024-08-21 00:00:00-04:00,10.300000190734863,10.34000015258789,10.085000038146973,10.170000076293945,584700,0.0,0.0
2024-08-22 00:00:00-04:00,10.0,10.039999961853027,9.770000457763672,9.789999961853027,323000,0.0,0.0
2024-08-23 00:00:00-04:00,10.0,10.265000343322754,9.875,10.149999618530273,439100,0.0,0.0
2024-08-26 00:00:00-04:00,10.15999984741211,10.274999618530273,10.109999656677246,10.1899995803833,678500,0.0,0.0
2024-08-27 00:00:00-04:00,10.220000267028809,10.269000053405762,10.104999542236328,10.119999885559082,393100,0.0,0.0
2024-08-28 00:00:00-04:00,9.930000305175781,9.949999809265137,9.75,9.829999923706055,214300,0.0,0.0
2024-08-29 00:00:00-04:00,9.680000305175781,9.680000305175781,9.460000038146973,9.5600004196167,322300,0.0,0.0
2024-08-30 00:00:00-04:00,9.369999885559082,9.529999732971191,9.335000038146973,9.5,567500,0.0,0.0
2024-09-03 00:00:00-04:00,9.420000076293945,9.430000305175781,9.229999542236328,9.279999732971191,776600,0.0,0.0
2024-09-04 00:00:00-04:00,9.380000114440918,9.569000244140625,9.350000381469727,9.5,483700,0.0,0.0
2024-09-05 00:00:00-04:00,9.569999694824219,9.600000381469727,9.430000305175781,9.579999923706055,479100,0.0,0.0
2024-09-06 00:00:00-04:00,9.630000114440918,9.640000343322754,9.1899995803833,9.229999542236328,431700,0.0,0.0
2024-09-09 00:00:00-04:00,9.210000038146973,9.25,9.104999542236328,9.109999656677246,539500,0.0,0.0
2024-09-10 00:00:00-04:00,9.050000190734863,9.055000305175781,8.760000228881836,8.850000381469727,556400,0.0,0.0
2024-09-11 00:00:00-04:00,9.020000457763672,9.164999961853027,8.859999656677246,9.130000114440918,562800,0.0,0.0
2024-09-12 00:00:00-04:00,8.979999542236328,9.210000038146973,8.970000267028809,9.199999809265137,879500,0.0,0.0
2024-09-13 00:00:00-04:00,9.380000114440918,9.529999732971191,9.343000411987305,9.380000114440918,464900,0.0,0.0
2024-09-16 00:00:00-04:00,9.510000228881836,9.579999923706055,9.40999984741211,9.520000457763672,424800,0.0,0.0
2024-09-17 00:00:00-04:00,9.619999885559082,9.739999771118164,9.545000076293945,9.699999809265137,647300,0.0,0.0
2024-09-18 00:00:00-04:00,9.739999771118164,9.869999885559082,9.529999732971191,9.5600004196167,720100,0.0,0.0
2024-09-19 00:00:00-04:00,9.75,9.760000228881836,9.529999732971191,9.5600004196167,379300,0.0,0.0
2024-09-20 00:00:00-04:00,9.4399995803833,9.449999809265137,8.979999542236328,9.0,542900,0.0,0.0
2024-09-23 00:00:00-04:00,8.9399995803833,8.949999809265137,8.819999694824219,8.850000381469727,612200,0.0,0.0
2024-09-24 00:00:00-04:00,9.229999542236328,9.357999801635742,9.15999984741211,9.289999961853027,648800,0.0,0.0
2024-09-25 00:00:00-04:00,9.260000228881836,9.260000228881836,9.085000038146973,9.119999885559082,780900,0.0,0.0
2024-09-26 00:00:00-04:00,9.420000076293945,9.5649995803833,9.300000190734863,9.489999771118164,526900,0.0,0.0
2024-09-27 00:00:00-04:00,9.569999694824219,9.720000267028809,9.470000267028809,9.670000076293945,979000,0.0,0.0
2024-09-30 00:00:00-04:00,9.680000305175781,9.779999732971191,9.539999961853027,9.5600004196167,594600,0.0,0.0
2024-10-01 00:00:00-04:00,9.579999923706055,9.774999618530273,9.475000381469727,9.770000457763672,957200,0.0,0.0
2024-10-02 00:00:00-04:00,10.050000190734863,10.119999885559082,9.880000114440918,9.899999618530273,544000,0.0,0.0
2024-10-03 00:00:00-04:00,9.579999923706055,9.579999923706055,9.319999694824219,9.550000190734863,432700,0.0,0.0
2024-10-04 00:00:00-04:00,9.520000457763672,9.649999618530273,9.45300006866455,9.630000114440918,438400,0.0,0.0
2024-10-07 00:00:00-04:00,9.600000381469727,9.760000228881836,9.420000076293945,9.489999771118164,328600,0.0,0.0
2024-10-08 00:00:00-04:00,9.3100004196167,9.329999923706055,9.149999618530273,9.229999542236328,734500,0.0,0.0
2024-10-09 00:00:00-04:00,9.020000457763672,9.119999885559082,8.78499984741211,8.859999656677246,1017800,0.0,0.0
2024-10-10 00:00:00-04:00,8.819999694824219,8.960000038146973,8.755000114440918,8.899999618530273,522300,0.0,0.0
2024-10-11 00:00:00-04:00,8.699999809265137,8.710000038146973,8.46500015258789,8.619999885559082,704200,0.0,0.0
2024-10-14 00:00:00-04:00,8.579999923706055,8.788999557495117,8.539999961853027,8.760000228881836,461800,0.0,0.0
2024-10-15 00:00:00-04:00,8.640000343322754,8.649999618530273,8.510000228881836,8.520000457763672,607400,0.0,0.0
2024-10-16 00:00:00-04:00,8.4399995803833,8.614999771118164,8.40999984741211,8.529999732971191,479600,0.0,0.0
2024-10-17 00:00:00-04:00,8.350000381469727,8.449999809265137,8.295000076293945,8.4399995803833,517200,0.0,0.0
2024-10-18 00:00:00-04:00,8.520000457763672,8.520000457763672,8.270000457763672,8.279999732971191,321000,0.0,0.0
2024-10-21 00:00:00-04:00,8.270000457763672,8.289999961853027,8.199999809265137,8.199999809265137,548500,0.0,0.0
2024-10-22 00:00:00-04:00,8.199999809265137,8.234999656677246,8.029999732971191,8.15999984741211,691500,0.0,0.0
2024-10-23 00:00:00-04:00,8.09000015258789,8.194999694824219,8.010000228881836,8.15999984741211,607300,0.0,0.0
2024-10-24 00:00:00-04:00,8.149999618530273,8.295999526977539,8.09000015258789,8.279999732971191,329200,0.0,0.0
2024-10-25 00:00:00-04:00,8.199999809265137,8.270000457763672,8.149999618530273,8.210000038146973,437500,0.0,0.0
2024-10-28 00:00:00-04:00,8.319999694824219,8.609999656677246,8.3149995803833,8.460000038146973,584700,0.0,0.0
2024-10-29 00:00:00-04:00,8.460000038146973,8.524999618530273,8.329999923706055,8.329999923706055,523900,0.0,0.0
2024-10-30 00:00:00-04:00,8.359999656677246,8.5,8.319999694824219,8.329999923706055,475200,0.0,0.0
2024-10-31 00:00:00-04:00,8.34000015258789,8.375,8.130000114440918,8.130000114440918,442600,0.0,0.0
2024-11-01 00:00:00-04:00,8.069999694824219,8.130000114440918,7.800000190734863,7.809999942779541,638500,0.0,0.0
2024-11-04 00:00:00-05:00,8.09000015258789,8.430000305175781,8.09000015258789,8.3100004196167,599700,0.0,0.0
2024-11-05 00:00:00-05:00,8.15999984741211,8.390000343322754,8.149999618530273,8.300000190734863,463900,0.0,0.0
2024-11-06 00:00:00-05:00,8.180000305175781,8.5,8.140000343322754,8.4399995803833,436900,0.0,0.0
2024-11-07 00:00:00-05:00,8.579999923706055,8.640000343322754,8.430000305175781,8.430000305175781,360000,0.0,0.0
2024-11-08 00:00:00-05:00,8.1899995803833,8.199999809265137,7.974999904632568,8.140000343322754,415200,0.0,0.0
2024-11-11 00:00:00-05:00,7.920000076293945,8.100000381469727,7.889999866485596,8.069999694824219,677800,0.0,0.0
2024-11-12 00:00:00-05:00,7.880000114440918,7.929999828338623,7.775000095367432,7.869999885559082,586200,0.0,0.0
2024-11-13 00:00:00-05:00,7.829999923706055,7.880000114440918,7.730000019073486,7.820000171661377,590600,0.0,0.0
2024-11-14 00:00:00-05:00,7.900000095367432,8.008000373840332,7.75,7.78000020980835,542000,0.0,0.0
2024-11-15 00:00:00-05:00,8.050000190734863,8.149999618530273,7.849999904632568,7.860000133514404,429200,0.0,0.0
2024-11-18 00:00:00-05:00,7.909999847412109,8.0600004196167,7.690000057220459,7.730000019073486,1000300,0.0,0.0
2024-11-19 00:00:00-05:00,7.599999904632568,7.739999771118164,7.579999923706055,7.630000114440918,511400,0.0,0.0
2024-11-20 00:00:00-05:00,7.590000152587891,7.710000038146973,7.590000152587891,7.610000133514404,311900,0.0,0.0
2024-11-21 00:00:00-05:00,7.360000133514404,7.409999847412109,7.21999979019165,7.21999979019165,1041400,0.0,0.0
2024-11-22 00:00:00-05:00,7.409999847412109,7.735000133514404,7.40500020980835,7.599999904632568,1323400,0.0,0.0
2024-11-25 00:00:00-05:00,7.769999980926514,7.815000057220459,7.610000133514404,7.730000019073486,569300,0.0,0.0
2024-11-26 00:00:00-05:00,7.730000019073486,7.744999885559082,7.534999847412109,7.610000133514404,498700,0.0,0.0
2024-11-27 00:00:00-05:00,7.570000171661377,7.619999885559082,7.289999961853027,7.320000171661377,1214200,0.0,0.0
2024-11-29 00:00:00-05:00,6.269999980926514,6.789999961853027,6.230000019073486,6.610000133514404,1932200,0.0,0.0
2024-12-02 00:00:00-05:00,6.599999904632568,6.739999771118164,6.539999961853027,6.570000171661377,1038700,0.0,0.0
2024-12-03 00:00:00-05:00,6.510000228881836,6.570000171661377,6.429999828338623,6.559999942779541,944500,0.0,0.0
2024-12-04 00:00:00-05:00,6.510000228881836,6.574999809265137,6.389999866485596,6.480000019073486,1226100,0.0,0.0
2024-12-05 00:00:00-05:00,6.650000095367432,6.683000087738037,6.461999893188477,6.5,939900,0.0,0.0
2024-12-06 00:00:00-05:00,6.389999866485596,6.3979997634887695,6.079999923706055,6.190000057220459,1334400,0.0,0.0
2024-12-09 00:00:00-05:00,6.300000190734863,6.389999866485596,6.150000095367432,6.159999847412109,1113700,0.0,0.0
2024-12-10 00:00:00-05:00,6.269999980926514,6.389999866485596,6.21999979019165,6.349999904632568,913100,0.0,0.0
2024-12-11 00:00:00-05:00,6.340000152587891,6.684999942779541,6.150000095367432,6.53000020980835,2307300,0.0,0.0
2024-12-12 00:00:00-05:00,6.329999923706055,6.329999923706055,6.019999980926514,6.119999885559082,1473400,0.0,0.0
2024-12-13 00:00:00-05:00,6.059999942779541,6.079999923706055,5.900000095367432,5.909999847412109,1420000,0.0,0.0
2024-12-16 00:00:00-05:00,5.789999961853027,5.925000190734863,5.630000114440918,5.670000076293945,1485700,0.0,0.0
2024-12-17 00:00:00-05:00,5.630000114440918,5.889999866485596,5.570000171661377,5.849999904632568,1439800,0.0,0.0
2024-12-18 00:00:00-05:00,5.639999866485596,5.644999980926514,5.295000076293945,5.369999885559082,2343200,0.0,0.0
2024-12-19 00:00:00-05:00,5.480000019073486,5.554999828338623,5.394999980926514,5.449999809265137,1362300,0.0,0.0
2024-12-20 00:00:00-05:00,5.519999980926514,5.697999954223633,5.420000076293945,5.619999885559082,1408800,0.0,0.0
2024-12-23 00:00:00-05:00,5.579999923706055,5.605000019073486,5.5,5.590000152587891,1138900,0.0,0.0
2024-12-24 00:00:00-05:00,5.599999904632568,5.610000133514404,5.550000190734863,5.599999904632568,88300,0.0,0.0
2024-12-26 00:00:00-05:00,5.510000228881836,5.614999771118164,5.460000038146973,5.510000228881836,909400,0.0,0.0
2024-12-27 00:00:00-05:00,5.409999847412109,5.510000228881836,5.315000057220459,5.380000114440918,1381800,0.0,0.0
2024-12-30 00:00:00-05:00,5.380000114440918,5.389999866485596,5.244999885559082,5.369999885559082,1266800,0.0,0.0
2024-12-31 00:00:00-05:00,5.380000114440918,5.494999885559082,5.369999885559082,5.440000057220459,876400,0.0,0.0
2025-01-02 00:00:00-05:00,5.28000020980835,5.480000019073486,5.090000152587891,5.340000152587891,1465300,0.0,0.0
2025-01-03 00:00:00-05:00,5.260000228881836,5.320000171661377,5.210000038146973,5.230000019073486,1226600,0.0,0.0
2025-01-06 00:00:00-05:00,5.429999828338623,5.635000228881836,5.369999885559082,5.559999942779541,1146200,0.0,0.0
2025-01-07 00:00:00-05:00,5.630000114440918,5.789999961853027,5.559999942779541,5.610000133514404,1590500,0.0,0.0
2025-01-08 00:00:00-05:00,5.440000057220459,5.460000038146973,5.349999904632568,5.400000095367432,1265000,0.0,0.0
2025-01-10 00:00:00-05:00,5.380000114440918,5.429999828338623,5.264999866485596,5.28000020980835,655800,0.0,0.0
2025-01-13 00:00:00-05:00,5.380000114440918,5.610000133514404,5.375,5.480000019073486,699900,0.0,0.0
2025-01-14 00:00:00-05:00,5.400000095367432,5.53000020980835,5.340000152587891,5.5,896200,0.0,0.0
2025-01-15 00:00:00-05:00,5.690000057220459,5.775000095367432,5.579999923706055,5.760000228881836,600100,0.0,0.0
2025-01-16 00:00:00-05:00,6.0,6.0,5.730000019073486,5.840000152587891,1436300,0.0,0.0
2025-01-17 00:00:00-05:00,5.71999979019165,5.755000114440918,5.510000228881836,5.519999980926514,1099700,0.0,0.0
2025-01-21 00:00:00-05:00,5.150000095367432,5.175000190734863,5.010000228881836,5.139999866485596,1447300,0.0,0.0
2025-01-22 00:00:00-05:00,5.199999809265137,5.329999923706055,5.195000171661377,5.210000038146973,1070000,0.0,0.0
2025-01-23 00:00:00-05:00,5.269999980926514,5.28000020980835,5.110000133514404,5.170000076293945,913700,0.0,0.0
2025-01-24 00:00:00-05:00,5.210000038146973,5.248000144958496,5.130000114440918,5.139999866485596,671400,0.0,0.0
2025-01-27 00:00:00-05:00,5.329999923706055,5.380000114440918,5.244999885559082,5.380000114440918,1294700,0.0,0.0
2025-01-28 00:00:00-05:00,5.349999904632568,5.349999904632568,5.21999979019165,5.239999771118164,707700,0.0,0.0
2025-01-29 00:00:00-05:00,5.170000076293945,5.255000114440918,5.119999885559082,5.179999828338623,873000,0.0,0.0
2025-01-30 00:00:00-05:00,5.239999771118164,5.570000171661377,5.210000038146973,5.570000171661377,3631500,0.0,0.0
2025-01-31 00:00:00-05:00,5.53000020980835,5.630000114440918,5.369999885559082,5.389999866485596,1741600,0.0,0.0
2025-02-03 00:00:00-05:00,5.25,5.454999923706055,5.199999809265137,5.429999828338623,1349900,0.0,0.0
2025-02-04 00:00:00-05:00,5.349999904632568,5.46999979019165,5.300000190734863,5.440000057220459,780700,0.0,0.0
2025-02-05 00:00:00-05:00,5.260000228881836,5.360000133514404,5.21999979019165,5.25,1776900,0.0,0.0
2025-02-06 00:00:00-05:00,5.289999961853027,5.394999980926514,5.215000152587891,5.380000114440918,801200,0.0,0.0
2025-02-07 00:00:00-05:00,5.269999980926514,5.269999980926514,4.949999809265137,4.960000038146973,1421900,0.0,0.0
2025-02-10 00:00:00-05:00,5.090000152587891,5.224999904632568,5.070000171661377,5.190000057220459,815400,0.0,0.0
2025-02-11 00:00:00-05:00,5.21999979019165,5.329999923706055,5.21999979019165,5.309999942779541,933700,0.0,0.0
2025-02-12 00:00:00-05:00,5.070000171661377,5.130000114440918,4.980000019073486,5.110000133514404,1548200,0.0,0.0
2025-02-13 00:00:00-05:00,5.039999961853027,5.119999885559082,5.002999782562256,5.059999942779541,1456100,0.0,0.0
2025-02-14 00:00:00-05:00,5.25,5.440000057220459,5.199999809265137,5.429999828338623,1489700,0.0,0.0
2025-02-18 00:00:00-05:00,5.519999980926514,5.635000228881836,5.489999771118164,5.510000228881836,1089000,0.0,0.0
2025-02-19 00:00:00-05:00,5.389999866485596,5.409999847412109,5.239999771118164,5.260000228881836,844500,0.0,0.0
2025-02-20 00:00:00-05:00,5.349999904632568,5.360000133514404,5.264999866485596,5.269999980926514,419900,0.0,0.0
2025-02-21 00:00:00-05:00,5.260000228881836,5.269999980926514,5.105000019073486,5.139999866485596,420600,0.0,0.0
2025-02-24 00:00:00-05:00,5.050000190734863,5.050000190734863,4.835000038146973,4.869999885559082,1131100,0.0,0.0
2025-02-25 00:00:00-05:00,4.989999771118164,5.065000057220459,4.965000152587891,4.989999771118164,893300,0.0,0.0
2025-02-26 00:00:00-05:00,5.0,5.0,4.860000133514404,4.880000114440918,1060100,0.0,0.0
2025-02-27 00:00:00-05:00,4.809999942779541,5.190000057220459,4.809999942779541,5.099999904632568,964100,0.0,0.0
2025-02-28 00:00:00-05:00,4.980000019073486,4.994999885559082,4.769999980926514,4.809999942779541,1555600,0.0,0.0
2025-03-03 00:00:00-05:00,4.989999771118164,5.010000228881836,4.744999885559082,4.75,743800,0.0,0.0
2025-03-04 00:00:00-05:00,4.710000038146973,4.769999980926514,4.539999961853027,4.710000038146973,1117100,0.0,0.0
2025-03-05 00:00:00-05:00,4.800000190734863,4.974999904632568,4.800000190734863,4.949999809265137,942500,0.0,0.0
2025-03-06 00:00:00-05:00,4.960000038146973,5.019999980926514,4.889999866485596,4.940000057220459,709400,0.0,0.0
2025-03-07 00:00:00-05:00,4.940000057220459,5.099999904632568,4.929999828338623,5.039999961853027,697700,0.0,0.0
2025-03-10 00:00:00-04:00,4.989999771118164,5.110000133514404,4.860000133514404,4.920000076293945,1085700,0.0,0.0
2025-03-11 00:00:00-04:00,4.860000133514404,4.889999866485596,4.730000019073486,4.829999923706055,806500,0.0,0.0
2025-03-12 00:00:00-04:00,4.849999904632568,4.889999866485596,4.769999980926514,4.800000190734863,791600,0.0,0.0
2025-03-13 00:00:00-04:00,4.789999961853027,4.994999885559082,4.78000020980835,4.929999828338623,918400,0.0,0.0
2025-03-14 00:00:00-04:00,5.079999923706055,5.300000190734863,5.039999961853027,5.28000020980835,1392200,0.0,0.0
2025-03-17 00:00:00-04:00,5.360000133514404,5.605000019073486,5.355000019073486,5.5,1355200,0.0,0.0
2025-03-18 00:00:00-04:00,5.510000228881836,5.510000228881836,5.414999961853027,5.480000019073486,1049200,0.0,0.0
2025-03-19 00:00:00-04:00,5.480000019073486,5.730000019073486,5.480000019073486,5.650000095367432,1583200,0.0,0.0
2025-03-20 00:00:00-04:00,5.639999866485596,5.675000190734863,5.525000095367432,5.550000190734863,958600,0.0,0.0
2025-03-21 00:00:00-04:00,5.46999979019165,5.539999961853027,5.460000038146973,5.5,888600,0.0,0.0
2025-03-24 00:00:00-04:00,5.429999828338623,5.480000019073486,5.289999961853027,5.329999923706055,766200,0.0,0.0
2025-03-25 00:00:00-04:00,5.389999866485596,5.534999847412109,5.389999866485596,5.400000095367432,791100,0.0,0.0
2025-03-26 00:00:00-04:00,5.460000038146973,5.474999904632568,5.329999923706055,5.389999866485596,884600,0.0,0.0
2025-03-27 00:00:00-04:00,5.369999885559082,5.559999942779541,5.360000133514404,5.440000057220459,803900,0.0,0.0
2025-03-28 00:00:00-04:00,5.389999866485596,5.429999828338623,5.275000095367432,5.380000114440918,895100,0.0,0.0
2025-03-31 00:00:00-04:00,5.300000190734863,5.309999942779541,5.204999923706055,5.21999979019165,651600,0.0,0.0
2025-04-01 00:00:00-04:00,5.199999809265137,5.335000038146973,5.179999828338623,5.21999979019165,877400,0.0,0.0
2025-04-02 00:00:00-04:00,5.230000019073486,5.34499979019165,5.170000076293945,5.320000171661377,663600,0.0,0.0
2025-04-03 00:00:00-04:00,5.429999828338623,5.605000019073486,5.429999828338623,5.539999961853027,1494000,0.0,0.0
2025-04-04 00:00:00-04:00,5.199999809265137,5.210000038146973,4.96999979019165,5.03000020980835,1493800,0.0,0.0
2025-04-07 00:00:00-04:00,4.860000133514404,5.119999885559082,4.739999771118164,4.769999980926514,1380500,0.0,0.0
2025-04-08 00:00:00-04:00,4.880000114440918,4.880000114440918,4.389999866485596,4.440000057220459,2844800,0.0,0.0
2025-04-09 00:00:00-04:00,4.360000133514404,4.735000133514404,4.309999942779541,4.659999847412109,3674700,0.0,0.0
2025-04-10 00:00:00-04:00,4.534999847412109,4.71999979019165,4.5,4.679999828338623,2575500,0.0,0.0
2025-04-11 00:00:00-04:00,4.639999866485596,4.830999851226807,4.619999885559082,4.78000020980835,1152900,0.0,0.0
2025-04-14 00:00:00-04:00,4.940000057220459,4.985000133514404,4.835000038146973,4.909999847412109,1431800,0.0,0.0
2025-04-15 00:00:00-04:00,4.900000095367432,4.920000076293945,4.71999979019165,4.730000019073486,1585700,0.0,0.0
2025-04-16 00:00:00-04:00,4.710000038146973,4.840000152587891,4.699999809265137,4.75,1150400,0.0,0.0
2025-04-17 00:00:00-04:00,4.739999771118164,4.949999809265137,4.739999771118164,4.909999847412109,1297000,0.0,0.0
2025-04-21 00:00:00-04:00,4.920000076293945,4.934999942779541,4.820000171661377,4.860000133514404,739200,0.0,0.0
2025-04-22 00:00:00-04:00,4.880000114440918,5.079999923706055,4.829999923706055,5.079999923706055,1350000,0.0,0.0
2025-04-23 00:00:00-04:00,5.260000228881836,5.340000152587891,5.175000190734863,5.25,2049900,0.0,0.0
2025-04-24 00:00:00-04:00,5.369999885559082,5.525000095367432,5.289999961853027,5.510000228881836,1548700,0.0,0.0
2025-04-25 00:00:00-04:00,5.480000019073486,5.494999885559082,5.369999885559082,5.409999847412109,1336500,0.0,0.0
2025-04-28 00:00:00-04:00,5.440000057220459,5.525000095367432,5.420000076293945,5.46999979019165,1137100,0.0,0.0
2025-04-29 00:00:00-04:00,5.5,5.599999904632568,5.420000076293945,5.489999771118164,1234500,0.0,0.0
2025-04-30 00:00:00-04:00,5.429999828338623,5.510000228881836,5.375,5.480000019073486,1237100,0.0,0.0
2025-05-01 00:00:00-04:00,5.489999771118164,5.489999771118164,5.289999961853027,5.349999904632568,1246300,0.0,0.0
2025-05-02 00:00:00-04:00,5.559999942779541,5.704999923706055,5.5,5.670000076293945,1286400,0.0,0.0
2025-05-05 00:00:00-04:00,5.670000076293945,5.699999809265137,5.380000114440918,5.389999866485596,1316200,0.0,0.0
2025-05-06 00:00:00-04:00,5.489999771118164,5.5289998054504395,5.389999866485596,5.429999828338623,1067800,0.0,0.0
2025-05-07 00:00:00-04:00,5.349999904632568,5.360000133514404,5.25,5.260000228881836,943800,0.0,0.0
2025-05-08 00:00:00-04:00,5.559999942779541,5.820000171661377,5.514999866485596,5.670000076293945,1422000,0.0,0.0
2025-05-09 00:00:00-04:00,5.599999904632568,5.670000076293945,5.525000095367432,5.570000171661377,1081700,0.0,0.0
2025-05-12 00:00:00-04:00,5.639999866485596,5.639999866485596,5.425000190734863,5.429999828338623,1103300,0.0,0.0
2025-05-13 00:00:00-04:00,5.599999904632568,5.75,5.570000171661377,5.710000038146973,1579100,0.0,0.0
2025-05-14 00:00:00-04:00,5.619999885559082,5.630000114440918,5.465000152587891,5.519999980926514,1096100,0.0,0.0
2025-05-15 00:00:00-04:00,5.519999980926514,5.545000076293945,5.389999866485596,5.440000057220459,929300,0.0,0.0
2025-05-16 00:00:00-04:00,5.300000190734863,5.349999904632568,5.105000019073486,5.329999923706055,1829800,0.0,0.0
2025-05-19 00:00:00-04:00,5.309999942779541,5.414999961853027,5.170000076293945,5.369999885559082,1181300,0.0,0.0
2025-05-20 00:00:00-04:00,5.300000190734863,5.419000148773193,5.239999771118164,5.349999904632568,1107700,0.0,0.0
2025-05-21 00:00:00-04:00,5.340000152587891,5.485000133514404,5.340000152587891,5.440000057220459,2452100,0.0,0.0
2025-05-22 00:00:00-04:00,5.449999809265137,5.710000038146973,5.360000133514404,5.5,3316500,0.0,0.0
2025-05-23 00:00:00-04:00,5.309999942779541,5.784999847412109,5.309999942779541,5.730000019073486,2842600,0.0,0.0
2025-05-27 00:00:00-04:00,5.880000114440918,5.925000190734863,5.75,5.809999942779541,1560200,0.0,0.0
2025-05-28 00:00:00-04:00,5.659999847412109,5.739999771118164,5.644999980926514,5.730000019073486,1360900,0.0,0.0
2025-05-29 00:00:00-04:00,5.789999961853027,6.067999839782715,5.739999771118164,5.980000019073486,1823700,0.0,0.0
2025-05-30 00:00:00-04:00,6.010000228881836,6.010000228881836,5.699999809265137,5.829999923706055,2079400,0.0,0.0
2025-06-02 00:00:00-04:00,5.900000095367432,5.900000095367432,5.65500020980835,5.659999847412109,797500,0.0,0.0
2025-06-03 00:00:00-04:00,5.730000019073486,6.059999942779541,5.670000076293945,6.050000190734863,1409800,0.0,0.0
2025-06-04 00:00:00-04:00,6.150000095367432,6.25,5.860000133514404,5.869999885559082,1765400,0.0,0.0
2025-06-05 00:00:00-04:00,5.889999866485596,5.929999828338623,5.760000228881836,5.760000228881836,1018500,0.0,0.0
2025-06-06 00:00:00-04:00,5.800000190734863,5.889999866485596,5.710000038146973,5.800000190734863,1372900,0.0,0.0
2025-06-09 00:00:00-04:00,5.75,5.775000095367432,5.590000152587891,5.71999979019165,2371300,0.0,0.0
2025-06-10 00:00:00-04:00,5.809999942779541,6.059999942779541,5.800000190734863,5.949999809265137,1563900,0.0,0.0
2025-06-11 00:00:00-04:00,5.960000038146973,6.059999942779541,5.875,5.980000019073486,1469600,0.0,0.0
2025-06-12 00:00:00-04:00,5.949999809265137,6.09499979019165,5.940000057220459,5.980000019073486,1138700,0.0,0.0
2025-06-13 00:00:00-04:00,5.929999828338623,5.929999828338623,5.800000190734863,5.909999847412109,787100,0.0,0.0
2025-06-16 00:00:00-04:00,5.96999979019165,6.21999979019165,5.96999979019165,6.159999847412109,1991000,0.0,0.0
2025-06-17 00:00:00-04:00,6.110000133514404,6.150000095367432,5.869999885559082,5.869999885559082,1442000,0.0,0.0
2025-06-18 00:00:00-04:00,5.949999809265137,5.949999809265137,5.755000114440918,5.78000020980835,1750000,0.0,0.0
2025-06-20 00:00:00-04:00,5.730000019073486,5.730000019073486,5.275000095367432,5.28000020980835,2849200,0.0,0.0
2025-06-23 00:00:00-04:00,5.25,5.260000228881836,4.980000019073486,5.03000020980835,2162500,0.0,0.0
2025-06-24 00:00:00-04:00,5.050000190734863,5.190000057220459,5.03000020980835,5.170000076293945,2200600,0.0,0.0
2025-06-25 00:00:00-04:00,5.130000114440918,5.130000114440918,4.920000076293945,4.940000057220459,1497500,0.0,0.0
2025-06-26 00:00:00-04:00,5.0,5.090000152587891,4.980000019073486,4.989999771118164,1612200,0.0,0.0
2025-06-27 00:00:00-04:00,5.0,5.008999824523926,4.889999866485596,4.909999847412109,1034700,0.0,0.0
2025-06-30 00:00:00-04:00,4.900000095367432,5.090000152587891,4.900000095367432,5.050000190734863,1212100,0.0,0.0
2025-07-01 00:00:00-04:00,5.050000190734863,5.25,5.034999847412109,5.230000019073486,2692900,0.0,0.0
2025-07-02 00:00:00-04:00,5.179999828338623,5.230000019073486,5.099999904632568,5.139999866485596,1822700,0.0,0.0
2025-07-03 00:00:00-04:00,5.190000057220459,5.269999980926514,5.159999847412109,5.25,578500,0.0,0.0
2025-07-07 00:00:00-04:00,5.179999828338623,5.199999809265137,5.019999980926514,5.039999961853027,1130400,0.0,0.0
2025-07-08 00:00:00-04:00,5.059999942779541,5.085000038146973,4.985000133514404,5.010000228881836,767400,0.0,0.0
2025-07-09 00:00:00-04:00,5.039999961853027,5.039999961853027,4.840000152587891,4.860000133514404,1136000,0.0,0.0
2025-07-10 00:00:00-04:00,4.659999847412109,4.690000057220459,4.574999809265137,4.679999828338623,2349100,0.0,0.0
2025-07-11 00:00:00-04:00,4.559999942779541,4.659999847412109,4.514999866485596,4.590000152587891,1781500,0.0,0.0
2025-07-14 00:00:00-04:00,4.590000152587891,4.605000019073486,4.480000019073486,4.480000019073486,1207100,0.0,0.0
2025-07-15 00:00:00-04:00,4.599999904632568,4.610000133514404,4.474999904632568,4.53000020980835,1601700,0.0,0.0
2025-07-16 00:00:00-04:00,4.519999980926514,4.519999980926514,4.409999847412109,4.440000057220459,1638500,0.0,0.0
2025-07-17 00:00:00-04:00,4.440000057220459,4.480000019073486,4.400000095367432,4.429999828338623,1167300,0.0,0.0
2025-07-18 00:00:00-04:00,4.460000038146973,4.460000038146973,4.215000152587891,4.230000019073486,1719700,0.0,0.0
2025-07-21 00:00:00-04:00,4.25,4.264999866485596,4.139999866485596,4.150000095367432,1548200,0.0,0.0
2025-07-22 00:00:00-04:00,4.210000038146973,4.230000019073486,4.090000152587891,4.099999904632568,1701200,0.0,0.0
2025-07-23 00:00:00-04:00,4.110000133514404,4.269999980926514,4.099999904632568,4.239999771118164,1908400,0.0,0.0
2025-07-24 00:00:00-04:00,4.150000095367432,4.275000095367432,4.125,4.25,1075800,0.0,0.0
2025-07-25 00:00:00-04:00,4.269999980926514,4.340000152587891,4.210000038146973,4.320000171661377,814200,0.0,0.0
2025-07-28 00:00:00-04:00,4.300000190734863,4.300000190734863,4.135000228881836,4.170000076293945,1002000,0.0,0.0
2025-07-29 00:00:00-04:00,4.150000095367432,4.239999771118164,4.110000133514404,4.150000095367432,1169600,0.0,0.0
2025-07-30 00:00:00-04:00,4.110000133514404,4.295000076293945,4.010000228881836,4.230000019073486,2707900,0.0,0.0
2025-07-31 00:00:00-04:00,4.119999885559082,4.300000190734863,4.119999885559082,4.230000019073486,1236600,0.0,0.0
2025-08-01 00:00:00-04:00,4.320000171661377,4.355000019073486,4.159999847412109,4.159999847412109,1118600,0.0,0.0
2025-08-04 00:00:00-04:00,4.179999828338623,4.269999980926514,4.15500020980835,4.179999828338623,847700,0.0,0.0
2025-08-05 00:00:00-04:00,4.21999979019165,4.385000228881836,4.210000038146973,4.28000020980835,1318700,0.0,0.0
2025-08-06 00:00:00-04:00,4.300000190734863,4.389999866485596,4.239999771118164,4.25,1125100,0.0,0.0
2025-08-07 00:00:00-04:00,4.300000190734863,4.394999980926514,4.25,4.369999885559082,1304100,0.0,0.0
2025-08-08 00:00:00-04:00,4.369999885559082,4.409999847412109,4.25,4.260000228881836,960100,0.0,0.0
2025-08-11 00:00:00-04:00,4.21999979019165,4.230000019073486,4.09499979019165,4.119999885559082,1108300,0.0,0.0
2025-08-12 00:00:00-04:00,4.230000019073486,4.396999835968018,4.21999979019165,4.340000152587891,1059200,0.0,0.0
2025-08-13 00:00:00-04:00,4.210000038146973,4.380000114440918,4.210000038146973,4.28000020980835,939800,0.0,0.0
2025-08-14 00:00:00-04:00,4.070000171661377,4.130000114440918,3.930000066757202,4.03000020980835,2817200,0.0,0.0
2025-08-15 00:00:00-04:00,4.0,4.110000133514404,3.9649999141693115,4.050000190734863,1339000,0.0,0.0
2025-08-18 00:00:00-04:00,4.159999847412109,4.340000152587891,4.139999866485596,4.21999979019165,1383900,0.0,0.0
2025-08-19 00:00:00-04:00,4.0,4.070000171661377,3.869999885559082,3.9200000762939453,2032700,0.0,0.0
2025-08-20 00:00:00-04:00,3.9200000762939453,3.994999885559082,3.8499999046325684,3.869999885559082,1338700,0.0,0.0
2025-08-21 00:00:00-04:00,3.8499999046325684,3.880000114440918,3.799999952316284,3.809999942779541,888900,0.0,0.0
2025-08-22 00:00:00-04:00,3.880000114440918,4.010000228881836,3.8350000381469727,3.9700000286102295,1370700,0.0,0.0
2025-08-25 00:00:00-04:00,4.059999942779541,4.119999885559082,3.9800000190734863,4.010000228881836,1017500,0.0,0.0
2025-08-26 00:00:00-04:00,4.0,4.03000020980835,3.930000066757202,3.950000047683716,511400,0.0,0.0
2025-08-27 00:00:00-04:00,3.950000047683716,4.099999904632568,3.934999942779541,4.099999904632568,1047900,0.0,0.0
2025-08-28 00:00:00-04:00,4.210000038146973,4.315000057220459,4.170000076293945,4.21999979019165,1929400,0.0,0.0
2025-08-29 00:00:00-04:00,4.239999771118164,4.329999923706055,4.235000133514404,4.28000020980835,1186300,0.0,0.0
2025-09-02 00:00:00-04:00,4.449999809265137,4.605000019073486,4.375,4.579999923706055,2531100,0.0,0.0
2025-09-03 00:00:00-04:00,4.570000171661377,4.900000095367432,4.564000129699707,4.869999885559082,3591100,0.0,0.0
2025-09-04 00:00:00-04:00,5.050000190734863,5.269999980926514,5.0,5.190000057220459,3296900,0.0,0.0
2025-09-05 00:00:00-04:00,5.429999828338623,5.480000019073486,5.235000133514404,5.309999942779541,2758000,0.0,0.0
2025-09-08 00:00:00-04:00,5.5,5.53000020980835,5.335000038146973,5.480000019073486,2059800,0.0,0.0
2025-09-09 00:00:00-04:00,5.400000095367432,5.40500020980835,5.199999809265137,5.289999961853027,1520100,0.0,0.0
2025-09-10 00:00:00-04:00,5.289999961853027,5.425000190734863,5.289999961853027,5.400000095367432,1575100,0.0,0.0
2025-09-11 00:00:00-04:00,5.429999828338623,5.559999942779541,5.389999866485596,5.46999979019165,1346300,0.0,0.0
2025-09-12 00:00:00-04:00,5.409999847412109,5.566999912261963,5.394999980926514,5.53000020980835,1236600,0.0,0.0
2025-09-15 00:00:00-04:00,5.519999980926514,5.690000057220459,5.460000038146973,5.619999885559082,1005100,0.0,0.0
2025-09-16 00:00:00-04:00,5.710000038146973,5.869999885559082,5.639999866485596,5.820000171661377,1973800,0.0,0.0
2025-09-17 00:00:00-04:00,5.869999885559082,6.005000114440918,5.84499979019165,5.949999809265137,2236600,0.0,0.0
2025-09-18 00:00:00-04:00,6.0,6.0,5.835000038146973,5.880000114440918,1016800,0.0,0.0
2025-09-19 00:00:00-04:00,5.699999809265137,5.739999771118164,5.545000076293945,5.659999847412109,1095500,0.0,0.0
2025-09-22 00:00:00-04:00,4.670000076293945,4.670000076293945,4.289999961853027,4.650000095367432,12500600,0.0,0.0
2025-09-23 00:00:00-04:00,4.590000152587891,4.869999885559082,4.570000171661377,4.769999980926514,7154300,0.0,0.0
2025-09-24 00:00:00-04:00,4.860000133514404,5.125,4.849999904632568,4.989999771118164,2955400,0.0,0.0
2025-09-25 00:00:00-04:00,4.96999979019165,4.96999979019165,4.599999904632568,4.650000095367432,2256400,0.0,0.0
2025-09-26 00:00:00-04:00,4.599999904632568,4.650000095367432,4.514999866485596,4.630000114440918,1885000,0.0,0.0
2025-09-29 00:00:00-04:00,4.679999828338623,4.699999809265137,4.570000171661377,4.659999847412109,1088300,0.0,0.0
2025-09-30 00:00:00-04:00,4.690000057220459,4.699999809265137,4.550000190734863,4.599999904632568,1231800,0.0,0.0
2025-10-01 00:00:00-04:00,4.610000133514404,4.659999847412109,4.550000190734863,4.570000171661377,1725800,0.0,0.0
2025-10-02 00:00:00-04:00,4.570000171661377,4.619999885559082,4.389999866485596,4.400000095367432,2037100,0.0,0.0
2025-10-03 00:00:00-04:00,4.440000057220459,4.550000190734863,4.420000076293945,4.539999961853027,1024400,0.0,0.0
2025-10-06 00:00:00-04:00,4.539999961853027,4.554999828338623,4.440000057220459,4.5,1241600,0.0,0.0
2025-10-07 00:00:00-04:00,4.429999828338623,4.46999979019165,4.309999942779541,4.329999923706055,1525200,0.0,0.0
2025-10-08 00:00:00-04:00,4.360000133514404,4.440000057220459,4.324999809265137,4.380000114440918,884900,0.0,0.0
2025-10-09 00:00:00-04:00,4.380000114440918,4.420000076293945,4.264999866485596,4.349999904632568,1101300,0.0,0.0
2025-10-10 00:00:00-04:00,4.360000133514404,4.360000133514404,4.110000133514404,4.21999979019165,2405900,0.0,0.0
2025-10-13 00:00:00-04:00,4.289999961853027,4.369999885559082,4.25,4.28000020980835,1377300,0.0,0.0
2025-10-14 00:00:00-04:00,4.210000038146973,4.289999961853027,4.210000038146973,4.28000020980835,992900,0.0,0.0
2025-10-15 00:00:00-04:00,4.25,4.349999904632568,4.21999979019165,4.329999923706055,1497900,0.0,0.0
2025-10-16 00:00:00-04:00,4.329999923706055,4.36899995803833,4.130000114440918,4.159999847412109,1848800,0.0,0.0
2025-10-17 00:00:00-04:00,4.139999866485596,4.315000057220459,4.130000114440918,4.309999942779541,860800,0.0,0.0
2025-10-20 00:00:00-04:00,4.349999904632568,4.400000095367432,4.309999942779541,4.329999923706055,743300,0.0,0.0
2025-10-21 00:00:00-04:00,4.28000020980835,4.500999927520752,4.28000020980835,4.440000057220459,1463500,0.0,0.0
2025-10-22 00:00:00-04:00,4.400000095367432,4.434999942779541,4.3420000076293945,4.420000076293945,1220400,0.0,0.0
2025-10-23 00:00:00-04:00,4.510000228881836,4.565000057220459,4.420000076293945,4.550000190734863,1396400,0.0,0.0
2025-10-24 00:00:00-04:00,4.590000152587891,4.630000114440918,4.385000228881836,4.409999847412109,2784800,0.0,0.0
2025-10-27 00:00:00-04:00,4.449999809265137,4.559999942779541,4.349999904632568,4.539999961853027,2226100,0.0,0.0
2025-10-28 00:00:00-04:00,4.510000228881836,4.590000152587891,4.480000019073486,4.550000190734863,937900,0.0,0.0
2025-10-29 00:00:00-04:00,4.570000171661377,4.605000019073486,4.46999979019165,4.510000228881836,1746200,0.0,0.0
2025-10-30 00:00:00-04:00,4.429999828338623,4.525000095367432,4.400000095367432,4.449999809265137,1344300,0.0,0.0
2025-10-31 00:00:00-04:00,4.460000038146973,4.599999904632568,4.28000020980835,4.590000152587891,2975700,0.0,0.0
2025-11-03 00:00:00-05:00,4.550000190734863,4.728000164031982,4.539999961853027,4.599999904632568,1526400,0.0,0.0
2025-11-04 00:00:00-05:00,4.320000171661377,4.449999809265137,4.284999847412109,4.309999942779541,3321700,0.0,0.0
2025-11-05 00:00:00-05:00,4.380000114440918,4.53000020980835,4.369999885559082,4.489999771118164,1391400,0.0,0.0
2025-11-06 00:00:00-05:00,4.760000228881836,4.96999979019165,4.579999923706055,4.679999828338623,12521100,0.0,0.0
2025-11-07 00:00:00-05:00,4.619999885559082,4.775000095367432,4.519999980926514,4.75,5162000,0.0,0.0
2025-11-10 00:00:00-05:00,4.909999847412109,4.920000076293945,4.7230000495910645,4.909999847412109,3689500,0.0,0.0
2025-11-11 00:00:00-05:00,5.139999866485596,5.355000019073486,4.992000102996826,5.300000190734863,2897600,0.0,0.0
2025-11-12 00:00:00-05:00,5.110000133514404,5.230000019073486,4.875,5.190000057220459,3985900,0.0,0.0
2025-11-13 00:00:00-05:00,5.28000020980835,5.28000020980835,4.880000114440918,5.079999923706055,3182100,0.0,0.0
2025-11-14 00:00:00-05:00,5.0,5.295000076293945,4.985000133514404,5.085000038146973,2165300,0.0,0.0
2025-11-17 00:00:00-05:00,4.920000076293945,5.289999961853027,4.75,4.769999980926514,2418900,0.0,0.0
2025-11-18 00:00:00-05:00,4.769999980926514,4.909999847412109,4.710000038146973,4.760000228881836,2142400,0.0,0.0
2025-11-19 00:00:00-05:00,4.75,4.880000114440918,4.625,4.650000095367432,1241600,0.0,0.0
2025-11-20 00:00:00-05:00,4.670000076293945,4.755000114440918,4.550000190734863,4.550000190734863,1046700,0.0,0.0
2025-11-21 00:00:00-05:00,4.679999828338623,4.679999828338623,4.5,4.639999866485596,1330900,0.0,0.0
2025-11-24 00:00:00-05:00,4.679999828338623,4.784999847412109,4.650000095367432,4.699999809265137,1072300,0.0,0.0
2025-11-25 00:00:00-05:00,4.659999847412109,4.760000228881836,4.644999980926514,4.710000038146973,1111100,0.0,0.0
2025-11-26 00:00:00-05:00,4.75,5.014999866485596,4.75,4.96999979019165,1765500,0.0,0.0
2025-11-28 00:00:00-05:00,5.019999980926514,5.039999961853027,4.85099983215332,4.889999866485596,1016700,0.0,0.0
2025-12-01 00:00:00-05:00,4.869999885559082,4.985000133514404,4.800000190734863,4.909999847412109,1378100,0.0,0.0
2025-12-02 00:00:00-05:00,5.03000020980835,5.429999828338623,5.03000020980835,5.340000152587891,2654900,0.0,0.0
2025-12-03 00:00:00-05:00,5.349999904632568,5.449999809265137,5.289999961853027,5.360000133514404,1824600,0.0,0.0
2025-12-04 00:00:00-05:00,5.409999847412109,5.519999980926514,5.380000114440918,5.449999809265137,994800,0.0,0.0
2025-12-05 00:00:00-05:00,5.610000133514404,5.610000133514404,4.880000114440918,4.929999828338623,3403400,0.0,0.0
2025-12-08 00:00:00-05:00,5.0,5.019999980926514,4.864999771118164,4.929999828338623,1230000,0.0,0.0
2025-12-09 00:00:00-05:00,4.880000114440918,4.885000228881836,4.699999809265137,4.849999904632568,1775500,0.0,0.0
2025-12-10 00:00:00-05:00,4.789999961853027,4.840000152587891,4.695000171661377,4.800000190734863,1518400,0.0,0.0
2025-12-11 00:00:00-05:00,4.820000171661377,4.885000228881836,4.769999980926514,4.809999942779541,1241000,0.0,0.0
2025-12-12 00:00:00-05:00,4.869999885559082,4.900000095367432,4.619999885559082,4.639999866485596,1198600,0.0,0.0
2025-12-15 00:00:00-05:00,4.679999828338623,4.760000228881836,4.639999866485596,4.670000076293945,794900,0.0,0.0
2025-12-16 00:00:00-05:00,4.559999942779541,4.559999942779541,4.260000228881836,4.329999923706055,3254500,0.0,0.0
2025-12-17 00:00:00-05:00,4.260000228881836,4.28000020980835,4.15500020980835,4.190000057220459,1526900,0.0,0.0
2025-12-18 00:00:00-05:00,4.210000038146973,4.21999979019165,4.130000114440918,4.199999809265137,1267900,0.0,0.0
2025-12-19 00:00:00-05:00,4.199999809265137,4.267000198364258,4.03000020980835,4.039999961853027,2202700,0.0,0.0
2025-12-22 00:00:00-05:00,4.039999961853027,4.039999961853027,3.9200000762939453,3.9200000762939453,2272500,0.0,0.0
2025-12-23 00:00:00-05:00,3.950000047683716,3.9800000190734863,3.890000104904175,3.9200000762939453,2636000,0.0,0.0
2025-12-24 00:00:00-05:00,3.990000009536743,4.03000020980835,3.880000114440918,3.880000114440918,2615700,0.0,0.0
2025-12-26 00:00:00-05:00,3.8399999141693115,4.050000190734863,3.8399999141693115,4.010000228881836,2516000,0.0,0.0
2025-12-29 00:00:00-05:00,3.9200000762939453,4.054999828338623,3.880000114440918,3.9100000858306885,2739800,0.0,0.0
2025-12-30 00:00:00-05:00,3.990000009536743,4.050000190734863,3.944999933242798,4.010000228881836,4883900,0.0,0.0
2025-12-31 00:00:00-05:00,3.990000009536743,4.010000228881836,3.940000057220459,3.950000047683716,910600,0.0,0.0
2026-01-02 00:00:00-05:00,4.010000228881836,4.025000095367432,3.9149999618530273,3.930000066757202,2157000,0.0,0.0
2026-01-05 00:00:00-05:00,3.9700000286102295,4.034999847412109,3.930000066757202,3.940000057220459,3258400,0.0,0.0
2026-01-06 00:00:00-05:00,4.0,4.039999961853027,3.9049999713897705,4.0,2830400,0.0,0.0
2026-01-07 00:00:00-05:00,3.869999885559082,3.9000000953674316,3.819999933242798,3.9000000953674316,2400800,0.0,0.0
2026-01-08 00:00:00-05:00,3.8299999237060547,3.880000114440918,3.809999942779541,3.869999885559082,2600500,0.0,0.0
2026-01-09 00:00:00-05:00,3.8399999141693115,3.9100000858306885,3.809999942779541,3.9000000953674316,3082400,0.0,0.0
2026-01-12 00:00:00-05:00,3.890000104904175,3.990000009536743,3.869999885559082,3.990000009536743,2712000,0.0,0.0
2026-01-13 00:00:00-05:00,3.940000057220459,3.994999885559082,3.875,3.9100000858306885,4021000,0.0,0.0
2026-01-14 00:00:00-05:00,3.950000047683716,4.034999847412109,3.8350000381469727,3.8499999046325684,4215900,0.0,0.0
2026-01-15 00:00:00-05:00,3.9000000953674316,3.9000000953674316,3.7799999713897705,3.7899999618530273,2462300,0.0,0.0
2026-01-16 00:00:00-05:00,3.759999990463257,3.869999885559082,3.7149999141693115,3.8499999046325684,2178000,0.0,0.0
2026-01-20 00:00:00-05:00,3.7799999713897705,3.924999952316284,3.759999990463257,3.8299999237060547,2876200,0.0,0.0
2026-01-21 00:00:00-05:00,3.940000057220459,4.079999923706055,3.940000057220459,4.059999942779541,2394200,0.0,0.0
2026-01-22 00:00:00-05:00,4.170000076293945,4.309999942779541,4.159999847412109,4.230000019073486,2967800,0.0,0.0
2026-01-23 00:00:00-05:00,4.190000057220459,4.355000019073486,4.170000076293945,4.349999904632568,1677600,0.0,0.0
2026-01-26 00:00:00-05:00,4.28000020980835,4.349999904632568,4.249000072479248,4.340000152587891,1299900,0.0,0.0
2026-01-27 00:00:00-05:00,4.480000019073486,4.559999942779541,4.434999942779541,4.550000190734863,2724800,0.0,0.0
2026-01-28 00:00:00-05:00,4.659999847412109,4.71999979019165,4.539999961853027,4.679999828338623,2277900,0.0,0.0
2026-01-29 00:00:00-05:00,4.710000038146973,4.744999885559082,4.440000057220459,4.570000171661377,1980900,0.0,0.0
2026-01-30 00:00:00-05:00,4.519999980926514,4.675000190734863,4.440999984741211,4.53000020980835,2236600,0.0,0.0
2026-02-02 00:00:00-05:00,4.449999809265137,4.519999980926514,4.369999885559082,4.400000095367432,1038300,0.0,0.0
2026-02-03 00:00:00-05:00,4.610000133514404,4.690000057220459,4.510000228881836,4.599999904632568,1391200,0.0,0.0
2026-02-04 00:00:00-05:00,4.599999904632568,4.599999904632568,4.394999980926514,4.449999809265137,1546700,0.0,0.0
2026-02-05 00:00:00-05:00,4.400000095367432,4.460000038146973,4.248000144958496,4.260000228881836,820700,0.0,0.0
2026-02-06 00:00:00-05:00,4.320000171661377,4.429999828338623,4.269999980926514,4.420000076293945,1129700,0.0,0.0
2026-02-09 00:00:00-05:00,4.630000114440918,4.75,4.570000171661377,4.75,3816900,0.0,0.0
2026-02-10 00:00:00-05:00,4.690000057220459,4.804999828338623,4.570000171661377,4.760000228881836,3817400,0.0,0.0
2026-02-11 00:00:00-05:00,4.889999866485596,5.050000190734863,4.78000020980835,5.03000020980835,2954700,0.0,0.0
2026-02-12 00:00:00-05:00,4.960000038146973,5.03000020980835,4.704999923706055,4.760000228881836,4166800,0.0,0.0
2026-02-13 00:00:00-05:00,4.710000038146973,4.71999979019165,4.539999961853027,4.690000057220459,2889600,0.0,0.0
2026-02-17 00:00:00-05:00,4.670000076293945,4.675000190734863,4.489999771118164,4.650000095367432,1167000,0.0,0.0
2026-02-18 00:00:00-05:00,4.659999847412109,4.886000156402588,4.630000114440918,4.880000114440918,2186700,0.0,0.0
2026-02-19 00:00:00-05:00,4.949999809265137,5.03000020980835,4.869999885559082,4.940000057220459,1866400,0.0,0.0
2026-02-20 00:00:00-05:00,4.929999828338623,5.085000038146973,4.889999866485596,5.059999942779541,1218600,0.0,0.0
2026-02-23 00:00:00-05:00,5.239999771118164,5.425000190734863,5.105000019073486,5.190000057220459,2800200,0.0,0.0
2026-02-24 00:00:00-05:00,5.210000038146973,5.380000114440918,5.210000038146973,5.320000171661377,1408000,0.0,0.0
2026-02-25 00:00:00-05:00,5.380000114440918,5.420000076293945,5.110000133514404,5.110000133514404,1151500,0.0,0.0
2026-02-26 00:00:00-05:00,5.110000133514404,5.289999961853027,5.014999866485596,5.260000228881836,2528700,0.0,0.0
2026-02-27 00:00:00-05:00,5.170000076293945,5.170000076293945,4.90500020980835,4.960000038146973,2232200,0.0,0.0
2026-03-02 00:00:00-05:00,4.760000228881836,4.864999771118164,4.710000038146973,4.800000190734863,1392300,0.0,0.0
2026-03-03 00:00:00-05:00,4.53000020980835,4.605000019073486,4.320000171661377,4.53000020980835,1953200,0.0,0.0
2026-03-04 00:00:00-05:00,4.53000020980835,4.704999923706055,4.5,4.610000133514404,1281200,0.0,0.0
2026-03-05 00:00:00-05:00,4.5,4.53000020980835,4.324999809265137,4.360000133514404,1848100,0.0,0.0
2026-03-06 00:00:00-05:00,4.300000190734863,4.355000019073486,4.215000152587891,4.25,1315100,0.0,0.0
2026-03-09 00:00:00-04:00,4.199999809265137,4.505000114440918,4.199999809265137,4.460000038146973,2501400,0.0,0.0
2026-03-10 00:00:00-04:00,4.53000020980835,4.849999904632568,4.409999847412109,4.75,2469300,0.0,0.0
2026-03-11 00:00:00-04:00,4.78000020980835,4.829999923706055,4.574999809265137,4.619999885559082,1620200,0.0,0.0
2026-03-12 00:00:00-04:00,4.480000019073486,4.5,4.284999847412109,4.300000190734863,2135500,0.0,0.0
2026-03-13 00:00:00-04:00,4.380000114440918,4.429999828338623,4.059999942779541,4.090000152587891,895900,0.0,0.0
2026-03-16 00:00:00-04:00,4.25,4.264999866485596,4.099999904632568,4.179999828338623,1151800,0.0,0.0
2026-03-17 00:00:00-04:00,4.260000228881836,4.340000152587891,4.019999980926514,4.03000020980835,1712400,0.0,0.0
2026-03-18 00:00:00-04:00,4.019999980926514,4.099999904632568,3.950000047683716,4.03000020980835,1606300,0.0,0.0
2026-03-19 00:00:00-04:00,3.8499999046325684,4.079999923706055,3.825000047683716,4.03000020980835,1974000,0.0,0.0
2026-03-20 00:00:00-04:00,4.0,4.0,3.8299999237060547,3.880000114440918,4821700,0.0,0.0
2026-03-23 00:00:00-04:00,4.059999942779541,4.197999954223633,4.03000020980835,4.079999923706055,5331600,0.0,0.0
2026-03-24 00:00:00-04:00,3.9700000286102295,4.059999942779541,3.9100000858306885,4.039999961853027,8005200,0.0,0.0
2026-03-25 00:00:00-04:00,4.130000114440918,4.21999979019165,4.03000020980835,4.159999847412109,2896200,0.0,0.0
2026-03-26 00:00:00-04:00,4.090000152587891,4.119999885559082,3.9649999141693115,4.0,1870200,0.0,0.0
2026-03-27 00:00:00-04:00,3.890000104904175,3.9700000286102295,3.8399999141693115,3.859999895095825,997200,0.0,0.0
2026-03-30 00:00:00-04:00,3.940000057220459,3.940000057220459,3.815000057220459,3.8399999141693115,1140100,0.0,0.0
2026-03-31 00:00:00-04:00,3.9700000286102295,4.144999980926514,3.9600000381469727,4.119999885559082,2198900,0.0,0.0
2026-04-01 00:00:00-04:00,4.199999809265137,4.369999885559082,4.190000057220459,4.21999979019165,3316600,0.0,0.0
2026-04-02 00:00:00-04:00,4.059999942779541,4.21999979019165,4.019999980926514,4.190000057220459,1564700,0.0,0.0
2026-04-06 00:00:00-04:00,4.179999828338623,4.21999979019165,4.099999904632568,4.119999885559082,1011900,0.0,0.0
2026-04-07 00:00:00-04:00,4.070000171661377,4.070000171661377,3.9749999046325684,4.059999942779541,1353500,0.0,0.0
2026-04-08 00:00:00-04:00,4.320000171661377,4.320000171661377,4.054999828338623,4.070000171661377,2437300,0.0,0.0
2026-04-09 00:00:00-04:00,4.139999866485596,4.309999942779541,4.139999866485596,4.309999942779541,2627400,0.0,0.0
2026-04-10 00:00:00-04:00,4.429999828338623,4.53000020980835,4.349999904632568,4.429999828338623,1446400,0.0,0.0
2026-04-13 00:00:00-04:00,4.340000152587891,4.400000095367432,4.244999885559082,4.389999866485596,877500,0.0,0.0
2026-04-14 00:00:00-04:00,4.440000057220459,4.514999866485596,4.324999809265137,4.360000133514404,1971800,0.0,0.0
2026-04-15 00:00:00-04:00,4.400000095367432,4.449999809265137,4.300000190734863,4.329999923706055,948500,0.0,0.0
2026-04-16 00:00:00-04:00,4.340000152587891,4.360000133514404,4.25,4.25,1474100,0.0,0.0
2026-04-17 00:00:00-04:00,4.400000095367432,4.440000057220459,4.164999961853027,4.190000057220459,2573700,0.0,0.0
2026-04-20 00:00:00-04:00,4.179999828338623,4.230000019073486,4.135000228881836,4.210000038146973,2035100,0.0,0.0
2026-04-21 00:00:00-04:00,4.21999979019165,4.260000228881836,4.059999942779541,4.119999885559082,1805500,0.0,0.0
2026-04-22 00:00:00-04:00,4.190000057220459,4.324999809265137,4.110000133514404,4.119999885559082,1661800,0.0,0.0
2026-04-23 00:00:00-04:00,4.099999904632568,4.135000228881836,4.019999980926514,4.050000190734863,1381100,0.0,0.0
2026-04-24 00:00:00-04:00,4.019999980926514,4.079999923706055,3.994999885559082,4.079999923706055,1073000,0.0,0.0
2026-04-27 00:00:00-04:00,4.119999885559082,4.135000228881836,3.9800000190734863,3.990000009536743,1063900,0.0,0.0
2026-04-28 00:00:00-04:00,4.0,4.215000152587891,3.994999885559082,4.210000038146973,4408200,0.0,0.0
2026-04-29 00:00:00-04:00,4.110000133514404,4.114999771118164,3.9000000953674316,3.9200000762939453,3151900,0.0,0.0
2026-04-30 00:00:00-04:00,4.0,4.039999961853027,3.924999952316284,4.03000020980835,1073900,0.0,0.0
2026-05-01 00:00:00-04:00,4.070000171661377,4.070000171661377,3.990000009536743,4.03000020980835,337000,0.0,0.0
2026-05-04 00:00:00-04:00,4.050000190734863,4.170000076293945,4.03000020980835,4.090000152587891,1398800,0.0,0.0
2026-05-05 00:00:00-04:00,4.139999866485596,4.320000171661377,4.074999809265137,4.300000190734863,1562300,0.0,0.0
2026-05-06 00:00:00-04:00,4.349999904632568,4.369999885559082,4.24399995803833,4.25,918900,0.0,0.0
2026-05-07 00:00:00-04:00,4.21999979019165,4.239999771118164,4.125,4.179999828338623,1260800,0.0,0.0
2026-05-08 00:00:00-04:00,4.329999923706055,4.355000019073486,4.15500020980835,4.170000076293945,1310500,0.0,0.0
2026-05-11 00:00:00-04:00,4.170000076293945,4.190000057220459,3.990000009536743,4.0,1161700,0.0,0.0
2026-05-12 00:00:00-04:00,3.990000009536743,4.001999855041504,3.859999895095825,3.880000114440918,1119600,0.0,0.0
2026-05-13 00:00:00-04:00,3.809999942779541,3.859999895095825,3.609999895095825,3.630000114440918,2679900,0.0,0.0
2026-05-14 00:00:00-04:00,3.630000114440918,3.755000114440918,3.619999885559082,3.690000057220459,3479800,0.0,0.0
2026-05-15 00:00:00-04:00,3.490000009536743,3.569999933242798,3.3010001182556152,3.4200000762939453,5249400,0.0,0.0
2026-05-18 00:00:00-04:00,3.549999952316284,3.5999999046325684,3.509999990463257,3.5299999713897705,1164700,0.0,0.0
2026-05-19 00:00:00-04:00,3.4100000858306885,3.450000047683716,3.25,3.259999990463257,2997700,0.0,0.0
2026-05-20 00:00:00-04:00,3.319999933242798,3.4649999141693115,3.2750000953674316,3.450000047683716,3372800,0.0,0.0
2026-05-21 00:00:00-04:00,3.380000114440918,3.5799999237060547,3.3550000190734863,3.4700000286102295,1764800,0.0,0.0
2026-05-22 00:00:00-04:00,3.450000047683716,3.4800000190734863,3.3450000286102295,3.359999895095825,1639700,0.0,0.0
2026-05-26 00:00:00-04:00,3.2899999618530273,3.365000009536743,3.2249999046325684,3.3399999141693115,2519400,0.0,0.0
2026-05-27 00:00:00-04:00,3.319999933242798,3.359999895095825,3.1649999618530273,3.180000066757202,2776800,0.0,0.0
2026-05-28 00:00:00-04:00,3.140000104904175,3.200000047683716,3.0399999618530273,3.109999895095825,3083600,0.0,0.0
2026-05-29 00:00:00-04:00,3.009999990463257,3.075000047683716,2.9600000381469727,3.0,6943700,0.0,0.0
2026-06-01 00:00:00-04:00,3.009999990463257,3.115000009536743,2.984999895095825,3.059999942779541,2634000,0.0,0.0
2026-06-02 00:00:00-04:00,3.0799999237060547,3.1600000858306885,3.053999900817871,3.069999933242798,1889700,0.0,0.0
2026-06-03 00:00:00-04:00,2.9600000381469727,2.9800000190734863,2.819999933242798,2.8499999046325684,6255900,0.0,0.0
2026-06-04 00:00:00-04:00,2.8499999046325684,2.869999885559082,2.809999942779541,2.869999885559082,1009300,0.0,0.0
2026-06-05 00:00:00-04:00,2.799999952316284,2.819999933242798,2.7300000190734863,2.7899999618530273,2700900,0.0,0.0
2026-06-08 00:00:00-04:00,2.759999990463257,2.7850000858306885,2.6600000858306885,2.6600000858306885,4343000,0.0,0.0
2026-06-09 00:00:00-04:00,2.7300000190734863,2.739000082015991,2.609999895095825,2.690000057220459,3914700,0.0,0.0
2026-06-10 00:00:00-04:00,2.630000114440918,2.680000066757202,2.619999885559082,2.630000114440918,2376000,0.0,0.0
2026-06-11 00:00:00-04:00,2.6500000953674316,2.694999933242798,2.5199999809265137,2.6600000858306885,3589100,0.0,0.0
2026-06-12 00:00:00-04:00,2.700000047683716,2.7300000190734863,2.6600000858306885,2.6700000762939453,995800,0.0,0.0
2026-06-15 00:00:00-04:00,2.759999990463257,2.7899999618530273,2.559999942779541,2.619999885559082,1607700,0.0,0.0
2026-06-16 00:00:00-04:00,2.5999999046325684,2.6459999084472656,2.569999933242798,2.5899999141693115,961200,0.0,0.0
2026-06-17 00:00:00-04:00,2.75,2.8499999046325684,2.7200000286102295,2.7200000286102295,2856387,0.0,0.0
