Date,Open,High,Low,Close,Volume,Dividends,Stock Splits
2022-01-03 00:00:00-05:00,20.392814604227162,20.904386601850767,20.273681271130215,20.33675193786621,1085200,0.0,0.0
2022-01-04 00:00:00-05:00,20.659110020551807,20.659110020551807,19.923287425681995,20.189584732055664,1044400,0.0,0.0
2022-01-05 00:00:00-05:00,20.287698777144584,20.287698777144584,19.117389360468078,19.292585372924805,1332400,0.0,0.0
2022-01-06 00:00:00-05:00,19.614945497064372,20.778246918942983,19.397702814738476,20.568012237548828,1863800,0.0,0.0
2022-01-07 00:00:00-05:00,20.420847992517118,20.918405392386845,20.16155862725733,20.322738647460938,956800,0.0,0.0
2022-01-10 00:00:00-05:00,20.035412748011883,20.301710054385556,19.60793412122963,20.189584732055664,1507500,0.0,0.0
2022-01-11 00:00:00-05:00,20.140533447265625,20.38580813222337,19.867228095345578,20.140533447265625,1057400,0.0,0.0
2022-01-12 00:00:00-05:00,20.427855377579363,20.53998072187239,19.614945963135142,19.6219539642334,1490600,0.0,0.0
2022-01-13 00:00:00-05:00,19.621954745247606,20.196597491781812,19.509829396491646,19.551876068115234,1053900,0.0,0.0
2022-01-14 00:00:00-05:00,19.537860891975686,19.923292964190946,19.0683354729554,19.593923568725586,947900,0.0,0.0
2022-01-18 00:00:00-05:00,19.313605898337414,20.007381870374306,19.236520570315104,19.579904556274414,1893000,0.0,0.0
2022-01-19 00:00:00-05:00,19.544867927844617,19.65699327580377,18.886131842744472,18.956209182739258,1753100,0.0,0.0
2022-01-20 00:00:00-05:00,19.040302945419665,19.558882988925976,18.73195758505608,18.745973587036133,1542300,0.0,0.0
2022-01-21 00:00:00-05:00,18.647863871348484,18.74597320995633,17.63873447195533,17.75786781311035,3026300,0.0,0.0
2022-01-24 00:00:00-05:00,17.358420276092478,18.472666960695225,16.72771493341757,18.395580291748047,2631900,0.0,0.0
2022-01-25 00:00:00-05:00,18.13629227909032,18.963217747330937,17.968104252155896,18.640857696533203,1372200,0.0,0.0
2022-01-26 00:00:00-05:00,19.09636623038169,19.446758271306123,18.2203861280706,18.283456802368164,1396800,0.0,0.0
2022-01-27 00:00:00-05:00,18.53573860899776,18.844082627816206,17.624718544380997,17.666765213012695,1532200,0.0,0.0
2022-01-28 00:00:00-05:00,18.03817959608679,18.46565825424864,17.288340946723082,18.374555587768555,1518700,0.0,0.0
2022-01-31 00:00:00-05:00,18.185346094637517,18.77400478616924,18.115267424380985,18.75998878479004,1268500,0.0,0.0
2022-02-01 00:00:00-05:00,18.766999337057094,19.390696780195793,18.598811307558105,19.369672775268555,1168800,0.0,0.0
2022-02-02 00:00:00-05:00,19.250535932944167,19.390693267120383,18.900143934143035,19.194473266601562,1209100,0.0,0.0
2022-02-03 00:00:00-05:00,18.942193083000536,19.55187444930207,18.45164372032894,18.528730392456055,1521800,0.0,0.0
2022-02-04 00:00:00-05:00,18.507704143751337,19.348645424367646,18.34652415490233,19.27155876159668,951200,0.0,0.0
2022-02-07 00:00:00-05:00,19.362661444325173,20.07746144926975,19.27156011191745,19.937305450439453,1268600,0.0,0.0
2022-02-08 00:00:00-05:00,19.937306666155393,20.287698689556088,19.720062649266524,20.175573348999023,1167600,0.0,0.0
2022-02-09 00:00:00-05:00,20.350766298048413,21.07257290217762,20.231632974555346,20.932416915893555,2027400,0.0,0.0
2022-02-10 00:00:00-05:00,20.659113416251508,21.612180149348642,20.603050745871645,20.820293426513672,2035100,0.0,0.0
2022-02-11 00:00:00-05:00,20.81328740904087,20.93942741883569,20.06344733152992,20.46990203857422,1752900,0.0,0.0
2022-02-14 00:00:00-05:00,20.511948760195587,20.63809009872795,19.895258068846132,20.119508743286133,1632700,0.0,0.0
2022-02-15 00:00:00-05:00,20.46990087845233,20.897379564555045,20.406831545449112,20.806278228759766,1151400,0.0,0.0
2022-02-16 00:00:00-05:00,20.77824423332268,21.38792686918652,20.673126906212183,21.317848205566406,1096700,0.0,0.0
2022-02-17 00:00:00-05:00,21.149662737464322,21.49304675985635,20.79927071421048,20.967458724975586,1526600,0.0,0.0
2022-02-18 00:00:00-05:00,20.73620228016296,21.04454766815041,20.385810219108013,20.532974243164062,1479200,0.0,0.0
2022-02-22 00:00:00-05:00,20.30171253608157,20.46289387619308,19.56588985126426,19.727069854736328,2138900,0.0,0.0
2022-02-23 00:00:00-05:00,20.252654549672837,20.659109160354685,20.028403914350328,20.147537231445312,1374400,0.0,0.0
2022-02-24 00:00:00-05:00,19.222507200142413,20.42084731490028,18.745973820014303,20.357776641845703,1452000,0.0,0.0
2022-02-25 00:00:00-05:00,20.35777432359528,21.27580231056458,20.336751659397407,21.247770309448242,1410900,0.0,0.0
2022-02-28 00:00:00-05:00,21.009501384701373,21.493042658786624,20.890368066061217,21.458003997802734,2037100,0.0,0.0
2022-03-01 00:00:00-05:00,20.357775353695253,20.5329713596191,17.84896860233134,18.47967529296875,9183000,0.0,0.0
2022-03-02 00:00:00-05:00,18.78802253114666,19.173454612428237,18.220387748621782,18.626842498779297,2655200,0.0,0.0
2022-03-03 00:00:00-05:00,18.675894635634,18.774005311393683,17.547633225833334,18.185346603393555,2305900,0.0,0.0
2022-03-04 00:00:00-05:00,17.778893065181194,18.122277111081615,17.533618364783866,18.108261108398438,2187100,0.0,0.0
2022-03-07 00:00:00-05:00,18.11527025914198,18.11527025914198,15.417251056863016,15.46630573272705,4186700,0.0,0.0
2022-03-08 00:00:00-05:00,15.704568801047273,16.755744765436727,14.583314171703986,16.475431442260742,4736900,0.0,0.0
2022-03-09 00:00:00-05:00,17.120151697495057,17.975107614587028,16.72070506953701,16.77676773071289,2523800,0.0,0.0
2022-03-10 00:00:00-05:00,16.510473061792013,17.00803046905158,15.795674293904147,16.06197166442871,2409400,0.0,0.0
2022-03-11 00:00:00-05:00,16.20913462610919,16.664645331791306,16.054962614989396,16.160079956054688,1867600,0.0,0.0
2022-03-14 00:00:00-04:00,16.174216962886415,16.308531209985766,14.84521716255318,14.89470100402832,2029600,0.2,0.0
2022-03-15 00:00:00-04:00,15.078501795507425,15.735933174859206,14.725044180658836,15.69351863861084,2592100,0.0,0.0
2022-03-16 00:00:00-04:00,16.01869553970011,17.849605697310743,15.905589235227396,17.814260482788086,3389800,0.0,0.0
2022-03-17 00:00:00-04:00,17.559774111203506,18.40100359759247,17.29114557347685,17.870817184448242,2161000,0.0,0.0
2022-03-18 00:00:00-04:00,17.76477600620987,18.35858480263845,17.467871607995583,18.20306396484375,2819000,0.0,0.0
2022-03-21 00:00:00-04:00,18.174784916592618,18.309099150879014,17.70822110100137,18.04047203063965,1410100,0.0,0.0
2022-03-22 00:00:00-04:00,18.040472469723213,18.41513658474612,17.81425986857728,18.217201232910156,997400,0.0,0.0
2022-03-23 00:00:00-04:00,18.089956792545767,18.132371319314096,17.658738167345003,17.849605560302734,1145200,0.0,0.0
2022-03-24 00:00:00-04:00,17.89909307502543,18.04047665772986,17.545635466598124,18.01219940185547,857700,0.0,0.0
2022-03-25 00:00:00-04:00,18.005129149554413,18.005129149554413,17.050794735202583,17.284076690673828,1223900,0.0,0.0
2022-03-28 00:00:00-04:00,17.312353405562398,17.672880326013114,17.135624602302265,17.383045196533203,962700,0.0,0.0
2022-03-29 00:00:00-04:00,17.743571147309734,18.521178108825367,17.743571147309734,18.224273681640625,1543100,0.0,0.0
2022-03-30 00:00:00-04:00,18.04754184638342,18.43634458744725,17.510286242579983,17.800121307373047,685400,0.0,0.0
2022-03-31 00:00:00-04:00,17.821330896976278,17.842538837605495,17.156831603931796,17.446666717529297,957700,0.0,0.0
2022-04-01 00:00:00-04:00,17.708221367792525,17.870812853150255,17.206312332195797,17.312349319458008,1247900,0.0,0.0
2022-04-04 00:00:00-04:00,17.269936992623563,17.835468562234535,16.72561201416449,17.778915405273438,1146800,0.0,0.0
2022-04-05 00:00:00-04:00,17.821331187494582,17.920300230377265,16.90234198525317,16.99424171447754,1114700,0.0,0.0
2022-04-06 00:00:00-04:00,16.704402540973305,16.78216363028033,15.481439791266732,15.90558910369873,2623800,0.0,0.0
2022-04-07 00:00:00-04:00,15.95507444595247,16.110596639216997,15.27643656079911,15.856106758117676,1437700,0.0,0.0
2022-04-08 00:00:00-04:00,15.81369237382687,16.315601479161266,15.502649332750922,16.29439353942871,1361200,0.0,0.0
2022-04-11 00:00:00-04:00,16.117665965679084,16.704405525743997,15.96921442138574,16.428709030151367,2188300,0.0,0.0
2022-04-12 00:00:00-04:00,16.669056065205737,16.951821802649135,16.464051411184297,16.64784812927246,3419200,0.0,0.0
2022-04-13 00:00:00-04:00,16.78923709548475,17.59512004460119,16.753891872511996,17.354768753051758,1641000,0.0,0.0
2022-04-14 00:00:00-04:00,17.517358779672236,17.60218784685365,17.156831873316953,17.390113830566406,1036200,0.0,0.0
2022-04-18 00:00:00-04:00,17.19217780153781,17.25580027871185,16.449917365619065,16.732683181762695,1565200,0.0,0.0
2022-04-19 00:00:00-04:00,16.732677303499795,18.125299301481554,16.732677303499795,17.602182388305664,1652100,0.0,0.0
2022-04-20 00:00:00-04:00,17.70115548679725,17.87788426914147,17.2770061395044,17.2911434173584,1279200,0.0,0.0
2022-04-21 00:00:00-04:00,17.531495774864844,17.672879348990243,15.63696424125339,15.76420783996582,1904100,0.0,0.0
2022-04-22 00:00:00-04:00,15.750069873066094,15.856106874860314,15.290573951401752,15.439026832580566,1982500,0.0,0.0
2022-04-25 00:00:00-04:00,15.255228762538998,16.343878732138002,15.085569289679473,16.29439353942871,2265400,0.0,0.0
2022-04-26 00:00:00-04:00,16.14594312423214,16.14594312423214,15.205745970995347,15.212815284729004,1728700,0.0,0.0
2022-04-27 00:00:00-04:00,15.283506105279958,15.601617113134811,14.703834550854964,15.021946907043457,1671000,0.0,0.0
2022-04-28 00:00:00-04:00,15.248159836114539,16.336809833330733,15.106777612645125,16.202495574951172,1983500,0.0,0.0
2022-04-29 00:00:00-04:00,16.124732752675616,17.008376611192112,15.382472450855172,15.43195629119873,2293400,0.0,0.0
2022-05-02 00:00:00-04:00,15.340058365288789,15.88438197308918,15.050223279208852,15.877312660217285,1495400,0.0,0.0
2022-05-03 00:00:00-04:00,15.891448698622774,16.14593852724248,15.424884911708881,15.884379386901855,1639600,0.0,0.0
2022-05-04 00:00:00-04:00,15.665241103515351,15.955076234667901,14.23020272736133,15.81369400024414,4279400,0.0,0.0
2022-05-05 00:00:00-04:00,15.389539759847294,15.545060573297743,14.230198251549952,14.4917573928833,2498700,0.0,0.0
2022-05-06 00:00:00-04:00,14.329169836602375,14.788664395916983,13.565701559305205,14.61193561553955,3709200,0.0,0.0
2022-05-09 00:00:00-04:00,14.244335969330521,14.279682525821787,12.851714003572955,12.887059211730957,3406800,0.0,0.0
2022-05-10 00:00:00-04:00,13.961573481866408,14.491759816620828,13.113274806925904,14.187786102294922,4407800,0.0,0.0
2022-05-11 00:00:00-04:00,14.138302527260917,15.191605903741824,13.961573745670156,13.989850997924805,2966700,0.0,0.0
2022-05-12 00:00:00-04:00,14.003987620915021,14.65434956069251,13.615184858928567,14.265546798706055,2106300,0.0,0.0
2022-05-13 00:00:00-04:00,14.654351759665571,15.707655244950224,14.654351759665571,15.318852424621582,2357100,0.0,0.0
2022-05-16 00:00:00-04:00,15.191607212807451,15.382474636972644,14.322101856055415,14.406930923461914,1285800,0.0,0.0
2022-05-17 00:00:00-04:00,14.937117442451276,15.552134253942194,14.809873840246626,15.212815284729004,1658700,0.0,0.0
2022-05-18 00:00:00-04:00,14.866426461306263,15.085569785747673,14.032266347733158,14.216064453125,1573200,0.0,0.0
2022-05-19 00:00:00-04:00,13.982778536228343,14.951251286198849,13.982778536228343,14.399858474731445,1908500,0.0,0.0
2022-05-20 00:00:00-04:00,14.675558632080538,14.710903850141783,13.912090326288308,14.56245231628418,2302000,0.0,0.0
2022-05-23 00:00:00-04:00,14.712360053953422,15.005036676881964,14.448236550515357,14.726635932922363,1925200,0.2,0.0
2022-05-24 00:00:00-04:00,14.476789075112197,14.626695995671586,13.241835167947292,13.613035202026367,1918800,0.0,0.0
2022-05-25 00:00:00-04:00,13.613036306222913,14.812297214183523,13.613036306222913,14.398266792297363,2623400,0.0,0.0
2022-05-26 00:00:00-04:00,14.27691218496438,15.233465410281188,14.27691218496438,15.012173652648926,3666100,0.0,0.0
2022-05-27 00:00:00-04:00,15.247742695062101,15.690326211656703,15.026449575212348,15.654634475708008,2774600,0.0,0.0
2022-05-31 00:00:00-04:00,15.597528897900215,15.86878966621862,15.012175638724218,15.29057502746582,1767800,0.0,0.0
2022-06-01 00:00:00-04:00,15.490452094266077,15.583251435342094,14.926513342830521,15.276297569274902,3438700,0.0,0.0
2022-06-02 00:00:00-04:00,15.440482772641992,15.783129762966569,15.326267563051367,15.38337516784668,1387800,0.0,0.0
2022-06-03 00:00:00-04:00,15.026451821500515,15.433345024524902,14.92651385666259,15.176360130310059,1084500,0.0,0.0
2022-06-06 00:00:00-04:00,15.504727968759747,15.775990094690952,15.37623688766627,15.683189392089844,1377000,0.0,0.0
2022-06-07 00:00:00-04:00,15.411929157887505,15.81882099922894,15.33340569322419,15.7545747756958,1124400,0.0,0.0
2022-06-08 00:00:00-04:00,15.697464831156932,15.94731106745515,15.547557906309471,15.654634475708008,819300,0.0,0.0
2022-06-09 00:00:00-04:00,15.376236828184783,15.540421010240713,15.047867102520318,15.169220924377441,1010500,0.0,0.0
2022-06-10 00:00:00-04:00,14.755193106296668,14.962207685421845,13.948547931380254,14.027070045471191,2338600,0.0,0.0
2022-06-13 00:00:00-04:00,13.391745195680954,13.527376256880284,12.506576710877214,13.063375473022461,2531900,0.0,0.0
2022-06-14 00:00:00-04:00,13.120479674328609,13.498818279009075,12.899187950843016,13.455987930297852,1513600,0.0,0.0
2022-06-15 00:00:00-04:00,13.841468014766605,14.226945355431539,13.555930000321828,13.748668670654297,1465000,0.0,0.0
2022-06-16 00:00:00-04:00,13.234700376384353,13.427437687082566,12.549407773343228,12.806392669677734,2955700,0.0,0.0
2022-06-17 00:00:00-04:00,12.97057375213477,13.463127564926616,12.656481327588283,13.327496528625488,2108600,0.0,0.0
2022-06-21 00:00:00-04:00,13.755804038045907,13.984234395579344,13.52023506164551,13.520235061645508,1356900,0.0,0.0
2022-06-22 00:00:00-04:00,13.199007477287497,13.720114537085532,13.099069510080389,13.398884773254395,1828400,0.0,0.0
2022-06-23 00:00:00-04:00,13.548788877092488,13.627312327142532,13.049097784503088,13.570204734802246,1211400,0.0,0.0
2022-06-24 00:00:00-04:00,13.827191091129684,15.212050697005465,13.684421413911386,15.162081718444824,5739500,0.0,0.0
2022-06-27 00:00:00-04:00,15.34054356950798,15.34054356950798,14.383990245038015,14.448236465454102,1618600,0.0,0.0
2022-06-28 00:00:00-04:00,14.726636603693482,15.197776031495586,14.341160622922414,14.362576484680176,1633900,0.0,0.0
2022-06-29 00:00:00-04:00,14.219806625476567,14.269775607425885,13.670145100928774,13.705838203430176,1026300,0.0,0.0
2022-06-30 00:00:00-04:00,13.348918920682333,13.448856911330214,12.913472484482842,13.248979568481445,1809600,0.0,0.0
2022-07-01 00:00:00-04:00,13.284670958502176,13.834331197368455,13.134762630409314,13.777223587036133,2293300,0.0,0.0
2022-07-05 00:00:00-04:00,13.334638072764188,14.077036902717866,12.942022115564743,14.01279067993164,1632800,0.0,0.0
2022-07-06 00:00:00-04:00,13.948542605931575,14.169834343695891,13.313219144885414,13.348912239074707,1175900,0.0,0.0
2022-07-07 00:00:00-04:00,13.505962921863325,13.827194084366626,13.199009002483024,13.234702110290527,2455500,0.0,0.0
2022-07-08 00:00:00-04:00,13.077652956614822,13.206145399976526,12.64220664556741,12.842083930969238,2190800,0.0,0.0
2022-07-11 00:00:00-04:00,12.563683142522407,12.742144546928827,11.964052714792642,12.570821762084961,2184300,0.0,0.0
2022-07-12 00:00:00-04:00,12.506575547574451,13.091928736179113,12.413774854813735,12.570821762084961,1363800,0.0,0.0
2022-07-13 00:00:00-04:00,12.22104014254201,12.449470570365698,12.028301458483492,12.385224342346191,1440400,0.0,0.0
2022-07-14 00:00:00-04:00,12.121096966205789,12.335251445557292,11.749896957905039,12.042574882507324,1478800,0.0,0.0
2022-07-15 00:00:00-04:00,12.27100665545802,12.877775708052972,12.235313557333333,12.849221229553223,4904000,0.0,0.0
2022-07-18 00:00:00-04:00,13.084791532358075,13.448853000124,12.906330108642578,12.906330108642578,2022600,0.0,0.0
2022-07-19 00:00:00-04:00,13.170454256321658,13.762946157453671,13.170454256321658,13.598760604858398,1825500,0.0,0.0
2022-07-20 00:00:00-04:00,13.484543284803793,13.698697787079379,13.377466714442233,13.513097763061523,1387500,0.0,0.0
2022-07-21 00:00:00-04:00,13.313221345542765,13.427436542723468,13.106206811234946,13.306082725524902,1600900,0.0,0.0
2022-07-22 00:00:00-04:00,13.320358967669945,13.4060210399144,12.713589927133034,12.899189949035645,1928400,0.0,0.0
2022-07-25 00:00:00-04:00,12.991990392610338,13.199004907455656,12.642204852382955,13.184727668762207,1295600,0.0,0.0
2022-07-26 00:00:00-04:00,13.127620212045587,13.127620212045587,12.670759461524035,12.856359481811523,1341700,0.0,0.0
2022-07-27 00:00:00-04:00,13.134760855346604,13.741529984097815,13.07765325273194,13.71297550201416,2211100,0.0,0.0
2022-07-28 00:00:00-04:00,13.762946117502326,13.948546170054065,13.21328458050902,13.591623306274414,1168200,0.0,0.0
2022-07-29 00:00:00-04:00,13.541652053740787,13.570206534474007,13.056238135249288,13.527376174926758,1302400,0.0,0.0
2022-08-01 00:00:00-04:00,13.156175534594702,13.570205956731236,12.94202102287079,13.356051445007324,1758100,0.0,0.0
2022-08-02 00:00:00-04:00,13.563066639153257,14.840850939229188,13.277528666428942,14.648112297058105,3654400,0.0,0.0
2022-08-03 00:00:00-04:00,14.783746026978212,15.133531670990017,14.648116303805205,14.905099868774414,2296700,0.0,0.0
2022-08-04 00:00:00-04:00,14.940792999750668,15.204915186602815,14.648116326994058,14.662393569946289,1626000,0.0,0.0
2022-08-05 00:00:00-04:00,14.398267891364089,14.983621150276187,14.398267891364089,14.712360382080078,1481600,0.0,0.0
2022-08-08 00:00:00-04:00,14.847987174987793,15.269156166343192,14.847987174987793,14.847987174987793,1460800,0.0,0.0
2022-08-09 00:00:00-04:00,14.705220943700882,14.933651338223587,14.46251330913237,14.926512718200684,1447200,0.0,0.0
2022-08-10 00:00:00-04:00,15.24774421443945,15.847374696684996,15.040728312961843,15.4262056350708,2456000,0.0,0.0
2022-08-11 00:00:00-04:00,15.74743391823709,15.975864297661179,15.583249753220084,15.697464942932129,1136000,0.0,0.0
2022-08-12 00:00:00-04:00,15.954452048571117,16.275681804315912,15.711744395846967,16.161466598510742,2071400,0.0,0.0
2022-08-15 00:00:00-04:00,15.909395064888294,16.08224482259888,15.678928721274179,15.786959648132324,1684900,0.2,0.0
2022-08-16 00:00:00-04:00,15.599704615442468,16.03903191940184,15.599704615442468,15.909394264221191,890700,0.0,0.0
2022-08-17 00:00:00-04:00,15.650118666401974,15.830170656692898,15.304419174728443,15.52768325805664,966400,0.0,0.0
2022-08-18 00:00:00-04:00,15.628513624671177,15.657321229386193,15.29001499687777,15.60690689086914,549300,0.0,0.0
2022-08-19 00:00:00-04:00,15.333227169369863,15.340428039674627,14.6562313446528,14.728252410888672,1141900,0.0,0.0
2022-08-22 00:00:00-04:00,14.252916597132494,14.483382931161762,13.92882245634902,13.964832305908203,1068600,0.0,0.0
2022-08-23 00:00:00-04:00,14.116076724019576,14.605818371641844,14.116076724019576,14.396957397460938,794400,0.0,0.0
2022-08-24 00:00:00-04:00,14.245714919837393,14.533797848847257,14.231310429964958,14.324936866760254,590300,0.0,0.0
2022-08-25 00:00:00-04:00,14.461771589358548,14.800268737900048,14.375346054790894,14.490580558776855,712700,0.0,0.0
2022-08-26 00:00:00-04:00,14.562604603393705,14.598615825969127,13.640739284465827,13.683951377868652,979700,0.0,0.0
2022-08-29 00:00:00-04:00,13.46788696594648,13.669544279118726,13.302238121099741,13.496694564819336,908100,0.0,0.0
2022-08-30 00:00:00-04:00,13.698355162252064,13.734365009287448,12.956540499609694,13.165401458740234,964300,0.0,0.0
2022-08-31 00:00:00-04:00,13.230221894068814,13.395869408511054,12.855713395052444,12.9205322265625,906700,0.0,0.0
2022-09-01 00:00:00-04:00,12.733275716541831,12.812499024031498,12.164310824002474,12.5748291015625,1551300,0.0,0.0
2022-09-02 00:00:00-04:00,12.862914977201225,13.02856248310704,12.538820836352707,12.733277320861816,1120900,0.0,0.0
2022-09-06 00:00:00-04:00,12.8701189618444,12.8701189618444,12.351568266380642,12.481205940246582,891600,0.0,0.0
2022-09-07 00:00:00-04:00,12.45959499104988,12.927731182562894,12.401978419220383,12.84850788116455,828800,0.0,0.0
2022-09-08 00:00:00-04:00,12.538819839939464,12.776488399779172,12.229130213002474,12.769286155700684,812400,0.0,0.0
2022-09-09 00:00:00-04:00,13.006955837074209,13.532708710636449,12.913329403356057,13.460687637329102,1026700,0.0,0.0
2022-09-12 00:00:00-04:00,13.64073692156401,14.09446725791592,13.590322592379069,14.087265014648438,2076200,0.0,0.0
2022-09-13 00:00:00-04:00,13.467890384423045,13.583123556538274,12.913329885063654,12.927734375,1632400,0.0,0.0
2022-09-14 00:00:00-04:00,12.906127680840843,12.978148757062176,12.45239723591565,12.790894508361816,1305600,0.0,0.0
2022-09-15 00:00:00-04:00,12.711669836671255,13.136592630177097,12.697265348219755,12.884519577026367,1617900,0.0,0.0
2022-09-16 00:00:00-04:00,12.59643887634183,12.754884155917146,12.337163533684162,12.632450103759766,1265600,0.0,0.0
2022-09-19 00:00:00-04:00,12.437989982686034,13.230218897742064,12.437989982686034,13.093379020690918,1170000,0.0,0.0
2022-09-20 00:00:00-04:00,12.920531432568675,13.064572203093363,12.4379920352512,12.47400188446045,880500,0.0,0.0
2022-09-21 00:00:00-04:00,12.574830856830692,12.65405417537881,11.941048429508921,11.955452919006348,1261900,0.0,0.0
2022-09-22 00:00:00-04:00,11.955453473365342,12.070686647312515,11.393690720107035,11.50172233581543,2174100,0.0,0.0
2022-09-23 00:00:00-04:00,11.213637857291081,11.32166946474499,10.810321779292584,11.112809181213379,1567100,0.0,0.0
2022-09-26 00:00:00-04:00,11.17762855595658,11.753794409897537,11.033586405627466,11.040788650512695,1178300,0.0,0.0
2022-09-27 00:00:00-04:00,11.307264882940782,11.811410319725944,11.134415136644813,11.285658836364746,1228900,0.0,0.0
2022-09-28 00:00:00-04:00,11.3072656545169,11.847422350527298,11.206436972385903,11.732189178466797,1235000,0.0,0.0
2022-09-29 00:00:00-04:00,11.386488244793595,11.393689802452354,10.954363190451417,11.199234008789062,1168700,0.0,0.0
2022-09-30 00:00:00-04:00,11.084000661085994,11.710581498744354,10.975969055862523,11.37928581237793,1427900,0.0,0.0
2022-10-03 00:00:00-04:00,11.688975708678283,11.941048787693543,11.23524526540103,11.732189178466797,3134900,0.0,0.0
2022-10-04 00:00:00-04:00,12.099492315065222,12.812499353427834,12.07788695696716,12.654052734375,2232500,0.0,0.0
2022-10-05 00:00:00-04:00,12.365972573223447,13.071776149648457,12.365972573223447,12.95654296875,1177600,0.0,0.0
2022-10-06 00:00:00-04:00,12.790895219596992,13.143797001648013,12.531619880258344,12.67566204071045,842800,0.0,0.0
2022-10-07 00:00:00-04:00,12.380375954290017,12.661256635836544,12.214727069622915,12.53882122039795,953900,0.0,0.0
2022-10-10 00:00:00-04:00,12.423587417638746,12.52441609333228,11.926643536300647,12.214726448059082,1673600,0.0,0.0
2022-10-11 00:00:00-04:00,12.214726123922054,12.272344078432436,11.544933886990565,12.207525253295898,2420900,0.0,0.0
2022-10-12 00:00:00-04:00,12.135505526734397,12.502811785257549,11.977058881672766,12.445195198059082,1307000,0.0,0.0
2022-10-13 00:00:00-04:00,12.07068765863181,13.22302086833734,11.912242374601362,13.0357666015625,3023600,0.0,0.0
2022-10-14 00:00:00-04:00,13.237422488672436,13.403071373339538,12.502811369728612,12.53882122039795,1810700,0.0,0.0
2022-10-17 00:00:00-04:00,12.898923619896298,13.30944191076966,12.898923619896298,13.251825332641602,1655100,0.0,0.0
2022-10-18 00:00:00-04:00,13.67674852604795,14.051256982076477,13.590324343079903,13.626334190368652,1943600,0.0,0.0
2022-10-19 00:00:00-04:00,13.503897156418805,13.712758091808062,13.042964573059695,13.302238464355469,1488300,0.0,0.0
2022-10-20 00:00:00-04:00,13.374259853664482,13.928820240245544,13.345452253338024,13.381462097167969,1229300,0.0,0.0
2022-10-21 00:00:00-04:00,13.424676509887442,13.611930752351297,12.978148324824787,13.453485488891602,1850400,0.0,0.0
2022-10-24 00:00:00-04:00,13.381463028762642,13.68395040853029,13.02856131464832,13.518302917480469,1233700,0.0,0.0
2022-10-25 00:00:00-04:00,13.590324978239659,14.173693048445042,13.590324978239659,13.95042896270752,1393200,0.0,0.0
2022-10-26 00:00:00-04:00,14.02244860425747,14.490584881133152,14.02244860425747,14.15208625793457,1089700,0.0,0.0
2022-10-27 00:00:00-04:00,14.43297050146467,14.66343686597951,14.274523845594802,14.368151664733887,971600,0.0,0.0
2022-10-28 00:00:00-04:00,14.260116095194867,14.613019180599945,14.094468605270084,14.598614692687988,763000,0.0,0.0
2022-10-31 00:00:00-04:00,14.584211478738435,14.735454493962667,14.440169334411621,14.440169334411621,974600,0.0,0.0
2022-11-01 00:00:00-04:00,14.793070674820294,14.843485007176419,14.447369844672876,14.562602996826172,786100,0.0,0.0
2022-11-02 00:00:00-04:00,14.483382632270787,14.771465543862256,13.97203426221921,13.986438751220703,1076300,0.0,0.0
2022-11-03 00:00:00-04:00,13.568716496109118,14.144882247534929,13.511099920966538,13.806385040283203,1298900,0.0,0.0
2022-11-04 00:00:00-04:00,14.209705008864017,14.49058709259338,14.008047626757476,14.368151664733887,1002700,0.0,0.0
2022-11-07 00:00:00-05:00,14.562606801238351,14.72105345710822,14.202502763261942,14.368151664733887,1305800,0.0,0.0
2022-11-08 00:00:00-05:00,15.48447140031896,17.594680978385014,15.203590730776956,17.580276489257812,3984300,0.0,0.0
2022-11-09 00:00:00-05:00,17.55146869900167,17.673904107912183,16.01742496537656,16.226285934448242,3826800,0.0,0.0
2022-11-10 00:00:00-05:00,16.49276187849265,17.248981054709247,16.118253412577058,17.01131248474121,2369100,0.0,0.0
2022-11-11 00:00:00-05:00,17.335404683669925,17.77473196126868,16.7376321557395,16.84566307067871,2542100,0.0,0.0
2022-11-14 00:00:00-05:00,16.723227133453495,17.681103596387764,16.564781888181027,17.220170974731445,2106600,0.0,0.0
2022-11-15 00:00:00-05:00,17.609083130093204,18.12763230665139,17.40742443014349,17.947580337524414,1471700,0.0,0.0
2022-11-16 00:00:00-05:00,17.630692853945483,17.8107448676672,17.17696238378941,17.673906326293945,1356400,0.0,0.0
2022-11-17 00:00:00-05:00,17.277789086025006,17.594680978385014,17.2561823523342,17.580276489257812,777600,0.0,0.0
2022-11-18 00:00:00-05:00,17.990797574211186,18.026808802555024,17.400227166251252,17.623491287231445,1071900,0.0,0.0
2022-11-21 00:00:00-05:00,17.385821288592467,17.62348988195883,17.07613161796919,17.256183624267578,769500,0.0,0.0
2022-11-22 00:00:00-05:00,17.270585041684917,17.573072413395362,17.068927709669655,17.407424926757812,941800,0.0,0.0
2022-11-23 00:00:00-05:00,17.33540153503418,17.501048999433532,17.191360799173278,17.33540153503418,687900,0.0,0.0
2022-11-25 00:00:00-05:00,17.3644575506821,17.487918827439007,17.255521455943086,17.32814598083496,332900,0.2,0.0
2022-11-28 00:00:00-05:00,17.14658498982923,17.45160687961061,17.008598534043053,17.429819107055664,930400,0.0,0.0
2022-11-29 00:00:00-05:00,17.502441045955923,17.778412531580628,17.349929430986386,17.604114532470703,1631300,0.0,0.0
2022-11-30 00:00:00-05:00,17.69126520656076,17.843775444797863,17.182894975375532,17.821989059448242,1051400,0.0,0.0
2022-12-01 00:00:00-05:00,17.86556370563041,18.301309432147733,17.531491474061387,18.199634552001953,1528600,0.0,0.0
2022-12-02 00:00:00-05:00,17.923663355759306,18.60633162635691,17.923663355759306,18.439294815063477,1239700,0.0,0.0
2022-12-05 00:00:00-05:00,18.163323447899355,18.43203237287727,17.880089341788167,17.916400909423828,2916400,0.0,0.0
2022-12-06 00:00:00-05:00,17.938186063994724,18.032596957191675,17.596851283150208,17.778411865234375,693100,0.0,0.0
2022-12-07 00:00:00-05:00,17.575068965211845,17.981764375300074,17.53149341808988,17.546018600463867,789600,0.0,0.0
2022-12-08 00:00:00-05:00,17.75662612915039,17.99628605082935,17.625902283653257,17.75662612915039,885300,0.0,0.0
2022-12-09 00:00:00-05:00,17.76389038652713,17.901876845509612,17.47339367172001,17.487918853759766,752100,0.0,0.0
2022-12-12 00:00:00-05:00,17.291829501623887,17.858299018093902,17.103006329467217,17.74936294555664,836900,0.0,0.0
2022-12-13 00:00:00-05:00,18.395722108404268,18.58454532092057,17.996289295325923,18.0616512298584,3320400,0.0,0.0
2022-12-14 00:00:00-05:00,17.887348695407557,18.243208670345442,17.691264311197692,18.076171875,2805900,0.0,0.0
2022-12-15 00:00:00-05:00,17.909135168007964,18.032596415524534,17.495177274922188,17.589588165283203,1177400,0.0,0.0
2022-12-16 00:00:00-05:00,17.357192717049518,17.560541083433765,17.023121884986917,17.088483810424805,2832000,0.0,0.0
2022-12-19 00:00:00-05:00,17.153847676137033,17.153847676137033,16.369505867362797,16.463916778564453,899300,0.0,0.0
2022-12-20 00:00:00-05:00,16.36950474414061,16.57285173437504,16.246043477842214,16.42034149169922,850400,0.0,0.0
2022-12-21 00:00:00-05:00,16.66726402429601,16.7616749290195,16.413078901305493,16.42034149169922,745800,0.0,0.0
2022-12-22 00:00:00-05:00,16.15889367983877,16.19520524638863,15.52706217140987,15.882922172546387,1013500,0.0,0.0
2022-12-23 00:00:00-05:00,15.824825206634854,16.333194140510187,15.81030002375901,16.325931549072266,573600,0.0,0.0
2022-12-27 00:00:00-05:00,16.362237421065764,16.81976940195227,16.20972583730554,16.514747619628906,822100,0.0,0.0
2022-12-28 00:00:00-05:00,16.413075808644717,16.60916155673512,16.144365555498915,16.2533016204834,907000,0.0,0.0
2022-12-29 00:00:00-05:00,16.413075755033418,16.587373735478717,16.231515185586584,16.43486213684082,576800,0.0,0.0
2022-12-30 00:00:00-05:00,16.21699293466548,16.667263837651937,16.144368416738956,16.47117805480957,706000,0.0,0.0
2023-01-03 00:00:00-05:00,16.82703711988745,17.16110797202591,16.26056752711648,16.376766204833984,783800,0.0,0.0
2023-01-04 00:00:00-05:00,16.696312658332552,17.168369942665898,16.52201464804935,17.146583557128906,1168200,0.0,0.0
2023-01-05 00:00:00-05:00,16.99407196044922,17.262782259161348,16.8923984672488,16.99407196044922,666100,0.0,0.0
2023-01-06 00:00:00-05:00,17.2627817367452,17.589589977226836,16.892397956041414,17.270044326782227,804100,0.0,0.0
2023-01-09 00:00:00-05:00,17.451601018027105,17.662210541195826,17.233727521248966,17.299089431762695,744500,0.0,0.0
2023-01-10 00:00:00-05:00,17.233733665534196,17.662216838246724,17.211947277726928,17.640430450439453,572100,0.0,0.0
2023-01-11 00:00:00-05:00,17.727576926840918,17.77115108311752,17.40802988201845,17.647689819335938,678500,0.0,0.0
2023-01-12 00:00:00-05:00,17.72757743288722,18.083436053898854,17.50244266963445,17.83651351928711,804200,0.0,0.0
2023-01-13 00:00:00-05:00,17.647689610248655,18.01081080704552,17.647689610248655,17.851037979125977,518200,0.0,0.0
2023-01-17 00:00:00-05:00,17.76388792063413,18.05438598031338,17.720313765761205,17.95271110534668,643900,0.0,0.0
2023-01-18 00:00:00-05:00,18.15605910764773,18.235946210984544,17.74936377149169,17.865562438964844,794300,0.0,0.0
2023-01-19 00:00:00-05:00,17.654952787085108,17.94544947713636,17.509705134658223,17.858301162719727,731900,0.0,0.0
2023-01-20 00:00:00-05:00,18.039863798355007,18.373934683229386,17.756629666813893,18.148799896240234,1190500,0.0,0.0
2023-01-23 00:00:00-05:00,18.192371622930484,18.664430292567733,18.14879746664922,18.42477035522461,1422000,0.0,0.0
2023-01-24 00:00:00-05:00,18.37393266999479,18.80967839898861,18.34488369350053,18.642642974853516,642600,0.0,0.0
2023-01-25 00:00:00-05:00,18.519181135539892,18.947664260864258,18.301308970377224,18.947664260864258,883500,0.0,0.0
2023-01-26 00:00:00-05:00,19.12922510150254,19.383410220863233,18.933139319264512,19.368885040283203,1257100,0.0,0.0
2023-01-27 00:00:00-05:00,19.252687672689447,19.49961021851839,19.13648899055789,19.361623764038086,779600,0.0,0.0
2023-01-30 00:00:00-05:00,19.121965849156236,19.252689726800842,18.867780685424805,18.867780685424805,545300,0.0,0.0
2023-01-31 00:00:00-05:00,18.889565121285983,19.354359817247705,18.889565121285983,19.2091121673584,1340100,0.0,0.0
2023-02-01 00:00:00-05:00,19.172798063240602,19.586755987592344,18.976712293222185,19.50687026977539,1123700,0.0,0.0
2023-02-02 00:00:00-05:00,19.695694279418998,20.102389631060838,19.252685977060736,19.623069763183594,1830300,0.0,0.0
2023-02-03 00:00:00-05:00,19.383405136584308,20.066071822412326,19.383405136584308,19.71747589111328,981900,0.0,0.0
2023-02-06 00:00:00-05:00,19.44877259681193,19.62307061219965,19.230899038679162,19.58675765991211,596300,0.0,0.0
2023-02-07 00:00:00-05:00,19.58675657547994,19.732005606193322,19.310785079361413,19.70295524597168,650000,0.0,0.0
2023-02-08 00:00:00-05:00,19.57223342585976,19.840942340782167,19.397934029178113,19.681169509887695,996100,0.0,0.0
2023-02-09 00:00:00-05:00,20.07334065231503,20.204064513498157,19.44151050352662,19.46329689025879,848000,0.0,0.0
2023-02-10 00:00:00-05:00,19.245421352165025,19.368882601152844,19.063860773371015,19.1800594329834,615500,0.0,0.0
2023-02-13 00:00:00-05:00,19.259948412542688,19.54318249986915,19.15827353655062,19.521394729614258,677300,0.0,0.0
2023-02-14 00:00:00-05:00,19.390672445216246,19.82641677281419,19.25994859285789,19.470558166503906,687900,0.0,0.0
2023-02-15 00:00:00-05:00,19.339833117749315,19.666642728428187,19.339833117749315,19.608543395996094,649800,0.0,0.0
2023-02-16 00:00:00-05:00,19.368885082075312,19.76831785250578,19.288997973910234,19.528657913208008,809900,0.0,0.0
2023-02-17 00:00:00-05:00,19.49960715528272,19.521393539011445,19.20184790594656,19.31804656982422,552100,0.0,0.0
2023-02-21 00:00:00-05:00,19.0348101846904,19.28899526895438,18.78788907491092,18.918611526489258,711800,0.0,0.0
2023-02-22 00:00:00-05:00,18.89682901228278,19.03481408139591,18.46108326222631,18.88956642150879,993000,0.0,0.0
2023-02-23 00:00:00-05:00,18.962190570403497,19.158274976647167,18.526444828933343,18.991239547729492,722600,0.0,0.0
2023-02-24 00:00:00-05:00,18.7007428150551,18.75157956418287,18.09069905512682,18.519182205200195,1291100,0.0,0.0
2023-02-27 00:00:00-05:00,18.751578691354066,19.034812786280828,18.6716915834732,18.74431610107422,1012700,0.0,0.0
2023-02-28 00:00:00-05:00,18.947660475499976,19.768313611206523,18.91861012051,19.28899383544922,2590800,0.0,0.0
2023-03-01 00:00:00-05:00,19.463292234303527,19.7102147163152,19.288994256153618,19.499605178833008,1268200,0.0,0.0
2023-03-02 00:00:00-05:00,19.245423431049943,19.804630406588213,19.042075062164,19.7828426361084,1354500,0.0,0.0
2023-03-03 00:00:00-05:00,19.949878110512778,20.000716241775855,19.49960860090503,19.753793716430664,1469000,0.0,0.0
2023-03-06 00:00:00-05:00,19.753794975197973,19.978929744348065,19.318049232986727,19.46329689025879,1973500,0.0,0.0
2023-03-07 00:00:00-05:00,19.485080889011872,19.652116285868164,18.969449519969245,19.092910766601562,1022900,0.0,0.0
2023-03-08 00:00:00-05:00,19.11469859021738,19.259947615510985,18.773365181533986,19.063861846923828,1052800,0.0,0.0
2023-03-09 00:00:00-05:00,19.06386350733053,19.15101320713665,18.003550240008085,18.01807403564453,1027000,0.0,0.0
2023-03-10 00:00:00-05:00,17.974499497069864,18.02533624371281,17.24825709314785,17.30635643005371,1411300,0.0,0.0
2023-03-13 00:00:00-04:00,16.94748675331357,17.211147329633516,16.33227967318145,16.91819190979004,1510500,0.2,0.0
2023-03-14 00:00:00-04:00,17.511425621831822,17.753114001424773,17.255089123009835,17.562692642211914,1458900,0.0,0.0
2023-03-15 00:00:00-04:00,16.86692419981161,17.650580439860573,16.625235813657053,17.584665298461914,3240300,0.0,0.0
2023-03-16 00:00:00-04:00,17.26241202047418,18.668599242598162,17.115935028809638,18.448883056640625,1894000,0.0,0.0
2023-03-17 00:00:00-04:00,18.133957598842166,18.434237072984914,17.877621087595,18.324378967285156,1965500,0.0,0.0
2023-03-20 00:00:00-04:00,18.51479700416238,18.990849641147804,18.412261579960848,18.63930320739746,1538800,0.0,0.0
2023-03-21 00:00:00-04:00,19.093385468661552,19.37169413597879,18.902964116529095,18.924936294555664,1207100,0.0,0.0
2023-03-22 00:00:00-04:00,18.968879758719808,18.968879758719808,18.243814627596603,18.25113868713379,1518100,0.0,0.0
2023-03-23 00:00:00-04:00,18.5148016593184,18.763814128397495,18.016776721160213,18.273113250732422,920200,0.0,0.0
2023-03-24 00:00:00-04:00,18.038743866808755,18.33902469876478,17.511424189974644,18.302404403686523,946900,0.0,0.0
2023-03-27 00:00:00-04:00,18.56606652102305,18.73451570195821,18.177899741678885,18.39761734008789,557200,0.0,0.0
2023-03-28 00:00:00-04:00,18.397618010580032,18.580715317466325,18.229167426584237,18.317054748535156,507200,0.0,0.0
2023-03-29 00:00:00-04:00,18.62465744034494,19.020146878990662,18.52944606278029,18.97620391845703,687900,0.0,0.0
2023-03-30 00:00:00-04:00,19.210567624293603,19.35704601729441,18.880993335424016,18.924936294555664,501500,0.0,0.0
2023-03-31 00:00:00-04:00,19.093386975108324,19.693945919336386,19.093386975108324,19.62803077697754,1971300,0.0,0.0
2023-04-03 00:00:00-04:00,19.64267813375995,19.847747612790215,19.32775055403979,19.569438934326172,1118200,0.0,0.0
2023-04-04 00:00:00-04:00,19.657327030519387,19.657327030519387,19.034795906092192,19.33507537841797,692700,0.0,0.0
2023-04-05 00:00:00-04:00,19.254513527079187,19.254513527079187,18.95423265761355,19.0421199798584,769200,0.0,0.0
2023-04-06 00:00:00-04:00,19.108035281619586,19.291132590644747,18.866346889583237,19.0494441986084,826600,0.0,0.0
2023-04-10 00:00:00-04:00,19.02746860029971,19.752533646148947,19.012820482948083,19.649999618530273,1037600,0.0,0.0
2023-04-11 00:00:00-04:00,19.649999938440168,19.84042127634738,19.57676074741103,19.664648056030273,765400,0.0,0.0
2023-04-12 00:00:00-04:00,19.97225500468559,20.08211311182175,19.459581975488003,19.510848999023438,617000,0.0,0.0
2023-04-13 00:00:00-04:00,19.693945850303848,19.87704315689848,19.635354768070428,19.75986099243164,734400,0.0,0.0
2023-04-14 00:00:00-04:00,19.759861170038402,20.1040850035601,19.730566327119178,20.038169860839844,922200,0.0,0.0
2023-04-17 00:00:00-04:00,20.1260574230517,20.47028128456366,20.08211445663888,20.45563316345215,1016300,0.0,0.0
2023-04-18 00:00:00-04:00,20.499573958631824,20.982950728740665,20.419010697973164,20.602108001708984,1803800,0.0,0.0
2023-04-19 00:00:00-04:00,20.462954777667743,20.52154585818753,20.140703136348137,20.272533416748047,3735400,0.0,0.0
2023-04-20 00:00:00-04:00,20.543517930230276,20.587462291070537,19.979579268663297,20.24323844909668,1465400,0.0,0.0
2023-04-21 00:00:00-04:00,20.162673259581723,21.100130452314218,20.04549111049016,20.982948303222656,1750100,0.0,0.0
2023-04-24 00:00:00-04:00,20.946335522186363,21.224642858319253,20.616759758548376,20.865772247314453,2061500,0.0,0.0
2023-04-25 00:00:00-04:00,20.682671421902555,20.968302770918736,20.426334915310854,20.609432220458984,1188600,0.0,0.0
2023-04-26 00:00:00-04:00,20.689994780147433,20.704642899323748,19.71591720566691,19.833099365234375,1511600,0.0,0.0
2023-04-27 00:00:00-04:00,19.906337151128646,20.184644411115155,19.679296907698486,20.148025512695312,1732900,0.0,0.0
2023-04-28 00:00:00-04:00,20.016197342917074,20.73393844383658,19.87704299986645,20.609432220458984,1665600,0.0,0.0
2023-05-01 00:00:00-04:00,20.668020753693558,21.129426688047815,20.668020753693558,20.982948303222656,1666900,0.0,0.0
2023-05-02 00:00:00-04:00,20.895063343363933,20.895063343363933,19.906337692979378,20.33112335205078,1453100,0.0,0.0
2023-05-03 00:00:00-04:00,20.331125346119965,20.48492641506023,19.86239668239161,19.906339645385742,1403600,0.0,0.0
2023-05-04 00:00:00-04:00,19.899015507912587,19.906339567870024,18.85169868166641,18.910289764404297,1841400,0.0,0.0
2023-05-05 00:00:00-04:00,19.36436904520552,20.257883283537808,19.298453911558234,20.133377075195312,1281700,0.0,0.0
2023-05-08 00:00:00-04:00,20.287180509666197,20.411686724086472,19.796479711294705,20.067462921142578,1262300,0.0,0.0
2023-05-09 00:00:00-04:00,20.067462262013528,20.440980893005882,19.59873365696654,19.745210647583008,2217700,0.0,0.0
2023-05-10 00:00:00-04:00,19.994226164055384,20.030846465070688,18.141282237252096,18.939586639404297,2850300,0.0,0.0
2023-05-11 00:00:00-04:00,19.29845271180305,19.496198100451384,19.04944031059878,19.2032413482666,1389800,0.0,0.0
2023-05-12 00:00:00-04:00,19.188597678278096,19.43761011906362,18.924937118170703,19.1446533203125,2665400,0.0,0.0
2023-05-15 00:00:00-04:00,19.2691624146037,19.357049746721298,18.946912122989932,19.188600540161133,1495500,0.0,0.0
2023-05-16 00:00:00-04:00,19.07141448188447,19.21789147638414,18.485502313121383,18.64662742614746,1609500,0.0,0.0
2023-05-17 00:00:00-04:00,18.793107249406365,19.086062657647304,18.69057320575243,19.00550079345703,807800,0.0,0.0
2023-05-18 00:00:00-04:00,18.910288967971198,19.261835449592667,18.8663460069989,19.254512786865234,1053500,0.0,0.0
2023-05-19 00:00:00-04:00,19.32042727261083,19.32042727261083,18.82240376962867,19.0421199798584,1208600,0.0,0.0
2023-05-22 00:00:00-04:00,19.115360541076953,19.291133801140074,18.990854307250363,19.151979446411133,955600,0.0,0.0
2023-05-23 00:00:00-04:00,18.998178110493107,19.049445136035555,18.09733824409837,18.28043556213379,1752600,0.0,0.0
2023-05-24 00:00:00-04:00,18.0884768141957,18.19922230896807,17.859602603905422,18.154924392700195,1453700,0.2,0.0
2023-05-25 00:00:00-04:00,18.132772958802935,18.398563246851907,17.97772956291119,18.191837310791016,1689900,0.0,0.0
2023-05-26 00:00:00-04:00,18.228753171409398,18.39117978519123,18.02941045799178,18.376413345336914,1269400,0.0,0.0
2023-05-30 00:00:00-04:00,18.435477012778424,18.56098893047445,18.04417622858887,18.051559448242188,1220200,0.0,0.0
2023-05-31 00:00:00-04:00,18.051559962650003,18.16230544419527,17.75623680092236,18.110624313354492,1728900,0.0,0.0
2023-06-01 00:00:00-04:00,18.213986489380385,18.782481742365853,18.118007448013906,18.531457901000977,1101100,0.0,0.0
2023-06-02 00:00:00-04:00,18.885842826851594,19.269761784807272,18.75294769462039,19.254995346069336,1010500,0.0,0.0
2023-06-05 00:00:00-04:00,19.173784892695974,19.240232471119384,18.863696662788517,19.0113582611084,611800,0.0,0.0
2023-06-06 00:00:00-04:00,18.95229036470864,20.03021504327878,18.95229036470864,19.875171661376953,1162100,0.0,0.0
2023-06-07 00:00:00-04:00,19.949004767003025,20.384604902351153,19.91208866591955,20.355072021484375,1231000,0.0,0.0
2023-06-08 00:00:00-04:00,22.149151393345427,23.389504096685588,22.038405918019723,23.256608963012695,5811600,0.0,0.0
2023-06-09 00:00:00-04:00,23.25660939172484,23.507633224799868,22.614283369866936,22.65858268737793,3183000,0.0,0.0
2023-06-12 00:00:00-04:00,22.850542258146746,23.352588517984888,22.680731023457877,23.315673828125,2026600,0.0,0.0
2023-06-13 00:00:00-04:00,23.359974663589576,23.79557481788276,23.330443189643685,23.404273986816406,1588200,0.0,0.0
2023-06-14 00:00:00-04:00,23.62576458160703,23.795574426568056,23.0203545895162,23.153249740600586,1689800,0.0,0.0
2023-06-15 00:00:00-04:00,23.064652375978746,23.3156762359235,22.695499806437077,22.946523666381836,1874700,0.0,0.0
2023-06-16 00:00:00-04:00,23.175397341740823,23.241844915413907,22.64381816056143,22.6881160736084,1154000,0.0,0.0
2023-06-20 00:00:00-04:00,22.518303699708618,22.665965270857605,22.363260317386782,22.621665954589844,1036000,0.0,0.0
2023-06-21 00:00:00-04:00,22.47400920454366,22.850545000769607,22.451859543046137,22.79886245727539,973900,0.0,0.0
2023-06-22 00:00:00-04:00,22.518306101600754,22.821011087359295,22.46662496864763,22.651201248168945,867300,0.0,0.0
2023-06-23 00:00:00-04:00,22.28204653616534,22.533070364716046,22.17868428024627,22.437089920043945,5168000,0.0,0.0
2023-06-26 00:00:00-04:00,22.606903109219257,23.25661098702423,22.52568909641667,23.064651489257812,1384000,0.0,0.0
2023-06-27 00:00:00-04:00,23.20492935180664,23.278760142917914,22.902224375635107,23.20492935180664,2006600,0.0,0.0
2023-06-28 00:00:00-04:00,23.07203598559485,23.448571781864395,22.828395341915183,23.227079391479492,1284300,0.0,0.0
2023-06-29 00:00:00-04:00,23.286144520893032,23.470720803747778,23.131099711028302,23.359973907470703,1024800,0.0,0.0
2023-06-30 00:00:00-04:00,23.47810236823325,23.62576395624187,23.204930261084154,23.5445499420166,1585900,0.0,0.0
2023-07-03 00:00:00-04:00,23.263994733460198,23.588849383815095,23.204930379596153,23.522401809692383,366200,0.0,0.0
2023-07-05 00:00:00-04:00,23.315676626575005,23.43380533815115,22.68811696619842,22.79886245727539,1096600,0.0,0.0
2023-07-06 00:00:00-04:00,22.58475151044953,22.65858229682345,21.942425499663074,22.606901168823242,1227000,0.0,0.0
2023-07-07 00:00:00-04:00,22.761946256755195,23.16801349990177,22.74717981673399,23.049884796142578,745200,0.0,0.0
2023-07-10 00:00:00-04:00,23.03512241683618,23.47072259018482,22.990823091671466,23.323060989379883,722400,0.0,0.0
2023-07-11 00:00:00-04:00,23.33044167344719,23.551932642365788,22.98343737174809,23.45595359802246,1465600,0.0,0.0
2023-07-12 00:00:00-04:00,23.77342325016269,23.921084823922264,23.588846987065793,23.692209243774414,988600,0.0,0.0
2023-07-13 00:00:00-04:00,23.921089818864385,24.08351504914655,23.65529949387976,23.78819465637207,1400700,0.0,0.0
2023-07-14 00:00:00-04:00,23.736508703569548,24.04659547556018,23.50763312204531,23.869403839111328,802400,0.0,0.0
2023-07-17 00:00:00-04:00,23.78080325141557,24.275469063397637,23.662674564681204,24.14995574951172,1149800,0.0,0.0
2023-07-18 00:00:00-04:00,24.216408788293936,24.66677538844591,24.13519476972087,24.53388023376465,1105600,0.0,0.0
2023-07-19 00:00:00-04:00,24.437897621879678,24.570792764857764,24.223791283890925,24.51911163330078,773500,0.0,0.0
2023-07-20 00:00:00-04:00,24.364067600768422,24.511729179812725,23.958000370704355,24.45266342163086,2796600,0.0,0.0
2023-07-21 00:00:00-04:00,24.659388298916216,24.666770109747382,24.275469358263678,24.364065170288086,1585600,0.0,0.0
2023-07-24 00:00:00-04:00,24.54864488968637,24.6593917826702,24.135193014478613,24.371450424194336,796600,0.0,0.0
2023-07-25 00:00:00-04:00,24.23117775784682,24.53388279366983,24.142581917618642,24.40098762512207,421000,0.0,0.0
2023-07-26 00:00:00-04:00,24.371454197439245,24.888268417360692,24.142581380573418,24.770139694213867,946100,0.0,0.0
2023-07-27 00:00:00-04:00,24.917795777943375,25.094990231584834,24.482195679835506,24.58555793762207,831800,0.0,0.0
2023-07-28 00:00:00-04:00,24.895649199169284,24.96209677169559,24.62247428077753,24.71107292175293,864500,0.0,0.0
2023-07-31 00:00:00-04:00,24.703688935591572,25.050693247405388,24.637241361338088,24.976863861083984,1381200,0.0,0.0
2023-08-01 00:00:00-04:00,23.721741234127045,24.78489945587349,22.95390333243842,24.430513381958008,2496800,0.0,0.0
2023-08-02 00:00:00-04:00,24.43051652357641,24.48219765664267,23.574082697379186,23.70697784423828,1897400,0.0,0.0
2023-08-03 00:00:00-04:00,23.58884978394121,24.120427569529248,23.337825923709698,24.031831741333008,1389600,0.0,0.0
2023-08-04 00:00:00-04:00,24.08351082921234,24.305001789086067,23.80295692769712,23.994915008544922,854500,0.0,0.0
2023-08-07 00:00:00-04:00,24.27547340570791,24.319769910900614,23.972768415778678,24.179492950439453,625300,0.0,0.0
2023-08-08 00:00:00-04:00,23.817722954649675,24.157345464904168,23.662679548731045,24.083513259887695,635700,0.0,0.0
2023-08-09 00:00:00-04:00,24.245939763419642,24.29762089546227,23.832487890668165,24.13519287109375,982300,0.0,0.0
2023-08-10 00:00:00-04:00,24.282853538021804,24.36406754713792,23.876786308851575,23.994915008544922,688500,0.0,0.0
2023-08-11 00:00:00-04:00,23.817721788782656,24.009682696018444,23.559316124900448,23.670063018798828,971000,0.0,0.0
2023-08-14 00:00:00-04:00,23.44717970997928,23.803791891218843,23.424892422870393,23.78150177001953,1343500,0.2,0.0
2023-08-15 00:00:00-04:00,23.655203547864723,23.788932939736753,23.53633329221075,23.58833885192871,587500,0.0,0.0
2023-08-16 00:00:00-04:00,23.439746555147636,23.65519974453272,23.350594586263803,23.365453720092773,623000,0.0,0.0
2023-08-17 00:00:00-04:00,23.447178051110868,23.543761011900262,22.979126633350685,23.02370262145996,726400,0.0,0.0
2023-08-18 00:00:00-04:00,22.785963009405364,23.343167841962998,22.548222507574664,23.00884437561035,753300,0.0,0.0
2023-08-21 00:00:00-04:00,23.083136394935536,23.18714750012396,22.912260602970264,23.15743064880371,600200,0.0,0.0
2023-08-22 00:00:00-04:00,23.291160253210446,23.387741792264826,22.897401695737877,23.09799575805664,1001100,0.0,0.0
2023-08-23 00:00:00-04:00,23.14257360528966,23.670061580065695,23.05342162623001,23.551191329956055,949800,0.0,0.0
2023-08-24 00:00:00-04:00,23.447180428650256,23.551192967512236,23.209439911900457,23.2465877532959,759400,0.0,0.0
2023-08-25 00:00:00-04:00,23.38031289082195,23.402601592951466,22.99398530655924,23.1425724029541,985400,0.0,0.0
2023-08-28 00:00:00-04:00,23.26887243588605,23.521472060912764,23.17972046060903,23.424890518188477,780900,0.0,0.0
2023-08-29 00:00:00-04:00,23.32830664437458,23.788929888741464,23.26887152417031,23.662630081176758,617800,0.0,0.0
2023-08-30 00:00:00-04:00,23.625486498974027,23.781503186207892,23.588340073550334,23.65520477294922,609800,0.0,0.0
2023-08-31 00:00:00-04:00,23.73692724087985,23.803791936423924,23.580909145595275,23.78893280029297,1029200,0.0,0.0
2023-09-01 00:00:00-04:00,23.922660698996836,24.13811390831924,23.677490636311592,23.892942428588867,665400,0.0,0.0
2023-09-05 00:00:00-04:00,23.89294512299107,23.89294512299107,23.261445976058955,23.491758346557617,950700,0.0,0.0
2023-09-06 00:00:00-04:00,23.395173999100475,23.536332957071536,23.291162881145592,23.506614685058594,465800,0.0,0.0
2023-09-07 00:00:00-04:00,23.46946524880037,23.499182099952705,23.105424965652862,23.12771224975586,679400,0.0,0.0
2023-09-08 00:00:00-04:00,23.142573682084706,23.261443932588797,22.68195181564264,22.756244659423828,703200,0.0,0.0
2023-09-11 00:00:00-04:00,23.00884545198063,23.031134156461874,22.62994597807083,22.800823211669922,879400,0.0,0.0
2023-09-12 00:00:00-04:00,22.57794021180903,22.956839682258682,22.57794021180903,22.748817443847656,825600,0.0,0.0
2023-09-13 00:00:00-04:00,22.748816691065958,22.77853354540765,22.25104698169737,22.3327693939209,924200,0.0,0.0
2023-09-14 00:00:00-04:00,23.848364412248817,24.873622042346128,23.781499722588336,24.665599822998047,4082600,0.0,0.0
2023-09-15 00:00:00-04:00,24.539299524221008,24.628454336541235,24.145542355789335,24.197547912597656,2583700,0.0,0.0
2023-09-18 00:00:00-04:00,24.056392318454684,24.450149518655103,23.959809347693827,24.204980850219727,1244800,0.0,0.0
2023-09-19 00:00:00-04:00,24.160401931529208,24.21983564006899,23.595767529949555,23.60319709777832,1070300,0.0,0.0
2023-09-20 00:00:00-04:00,23.65520289148396,23.952379939418105,23.469467945047715,23.54376220703125,793900,0.0,0.0
2023-09-21 00:00:00-04:00,23.17971957982615,23.32087710482524,22.889972128572914,23.09799575805664,1209000,0.0,0.0
2023-09-22 00:00:00-04:00,23.17972004288854,23.358025407274443,22.830537464385042,22.9791259765625,924300,0.0,0.0
2023-09-25 00:00:00-04:00,22.69681191676957,22.941982011301633,22.570512085220003,22.63737678527832,801300,0.0,0.0
2023-09-26 00:00:00-04:00,22.451637196240306,22.763671926538194,22.258472704432567,22.317909240722656,1003400,0.0,0.0
2023-09-27 00:00:00-04:00,22.41449163629109,22.622515270135985,22.273332691287585,22.52593231201172,578900,0.0,0.0
2023-09-28 00:00:00-04:00,22.31790999553058,22.860255654115022,22.31790999553058,22.61508560180664,560200,0.0,0.0
2023-09-29 00:00:00-04:00,22.87511489086012,22.91969087773936,22.459067623170327,22.52593231201172,636400,0.0,0.0
2023-10-02 00:00:00-04:00,22.503646066233383,22.577938908781004,22.27333371979132,22.429351806640625,1043500,0.0,0.0
2023-10-03 00:00:00-04:00,22.154464016735233,22.347628529614333,21.916723513821015,22.3327693939209,1375100,0.0,0.0
2023-10-04 00:00:00-04:00,22.325339065662728,22.429351594928868,22.095028138439723,22.37734603881836,1074900,0.0,0.0
2023-10-05 00:00:00-04:00,22.26590227146883,22.503644165494137,22.065309629669844,22.317909240722656,844600,0.0,0.0
2023-10-06 00:00:00-04:00,22.1396038193408,23.164861460298784,22.102457398933744,22.882543563842773,1001900,0.0,0.0
2023-10-09 00:00:00-04:00,22.75624549630241,22.889974887298802,22.06531267122972,22.60765838623047,966100,0.0,0.0
2023-10-10 00:00:00-04:00,22.867684073182225,23.662629311447205,22.726525135897,23.365453720092773,1276900,0.0,0.0
2023-10-11 00:00:00-04:00,23.439746433699355,23.588334937129186,23.04598930858678,23.224294662475586,631700,0.0,0.0
2023-10-12 00:00:00-04:00,23.372883681850467,23.439748372219253,22.62251578690317,22.882543563842773,850300,0.0,0.0
2023-10-13 00:00:00-04:00,22.88254144864825,23.07570593440862,22.53336031114583,22.71909523010254,971100,0.0,0.0
2023-10-16 00:00:00-04:00,23.0237051323033,23.060852973983103,22.733959052427164,22.934553146362305,956700,0.0,0.0
2023-10-17 00:00:00-04:00,22.659662266693086,23.10542639797148,22.407062639536832,22.548221588134766,1107700,0.0,0.0
2023-10-18 00:00:00-04:00,22.317910444960432,22.377345567412526,21.983586995514216,22.26590347290039,1112500,0.0,0.0
2023-10-19 00:00:00-04:00,22.184183091650013,22.696810538234615,21.849859611664208,22.295623779296875,1466500,0.0,0.0
2023-10-20 00:00:00-04:00,22.25847357953467,22.25847357953467,21.924151552028995,22.072738647460938,1886900,0.0,0.0
2023-10-23 00:00:00-04:00,21.91672609808147,22.525936562894106,21.74585026859409,22.15446662902832,1271200,0.0,0.0
2023-10-24 00:00:00-04:00,22.4144915361784,22.65966158848678,22.15446234929495,22.61508560180664,903200,0.0,0.0
2023-10-25 00:00:00-04:00,22.169324700779345,22.251048535755807,20.92861512462755,20.936044692993164,2683500,0.0,0.0
2023-10-26 00:00:00-04:00,20.86175036660372,20.906326359624387,19.093554194967613,19.13813018798828,3763000,0.0,0.0
2023-10-27 00:00:00-04:00,19.19756328412252,20.15595482629462,18.70722316170049,20.037084579467773,3256500,0.0,0.0
2023-10-30 00:00:00-04:00,20.326831296971047,20.37883685091073,19.42044392701066,19.628467559814453,2084400,0.0,0.0
2023-10-31 00:00:00-04:00,19.955366235575138,20.259971482251323,18.61064399171204,18.88553237915039,4196200,0.0,0.0
2023-11-01 00:00:00-04:00,19.115840911865234,20.066804375849312,19.011829792242604,19.115840911865234,2849400,0.0,0.0
2023-11-02 00:00:00-04:00,19.487311401448817,20.393698900987545,19.375870710354214,20.207963943481445,2428800,0.0,0.0
2023-11-03 00:00:00-04:00,20.497705474947512,20.995475107282125,20.415981658326245,20.950899124145508,1838100,0.0,0.0
2023-11-06 00:00:00-05:00,20.9509027845101,21.06977303833906,20.69830314086225,21.032625198364258,1023100,0.0,0.0
2023-11-07 00:00:00-05:00,21.01033764408483,21.456100381748865,20.950902517926615,21.433813095092773,1229400,0.0,0.0
2023-11-08 00:00:00-05:00,21.545253779508784,21.67155359972564,21.188643022559482,21.433813095092773,2042500,0.0,0.0
2023-11-09 00:00:00-05:00,21.50810802768563,21.50810802768563,19.442734849459132,19.710193634033203,4520800,0.0,0.0
2023-11-10 00:00:00-05:00,19.799343207751356,20.185672201328227,19.65075611432991,20.051942825317383,1613400,0.0,0.0
2023-11-13 00:00:00-05:00,19.955363585924335,20.200533664526034,19.576464115895302,19.68047523498535,1664400,0.0,0.0
2023-11-14 00:00:00-05:00,20.31940316404556,20.423414279267124,20.037085255522502,20.200532913208008,1452500,0.0,0.0
2023-11-15 00:00:00-05:00,20.19310437711083,20.386268898852354,19.73991063698476,19.98508071899414,1715700,0.0,0.0
2023-11-16 00:00:00-05:00,19.88849537927308,20.037082463593595,19.658183060452085,19.87363624572754,1356300,0.0,0.0
2023-11-17 00:00:00-05:00,19.96279131342047,20.133667112469276,19.821632366923808,19.933073043823242,1466800,0.0,0.0
2023-11-20 00:00:00-05:00,20.111380544092626,20.170815672548073,19.806775333627794,19.98508071899414,1365600,0.0,0.0
2023-11-21 00:00:00-05:00,19.74733880392164,19.888497755378804,19.48730960398849,19.75476837158203,1283500,0.0,0.0
2023-11-22 00:00:00-05:00,19.84392097485937,20.20796271646677,19.710193003892883,20.141098022460938,863600,0.0,0.0
2023-11-24 00:00:00-05:00,20.141100578727375,20.32683554852886,20.051947169722705,20.18567657470703,307400,0.0,0.0
2023-11-27 00:00:00-05:00,20.059372190131416,20.118807310309265,19.472449138460767,19.546743392944336,1138200,0.0,0.0
2023-11-28 00:00:00-05:00,19.546745177633664,19.928546950190338,19.486854787501215,19.8461971282959,1377400,0.2,0.0
2023-11-29 00:00:00-05:00,20.02586923776579,20.12319059083238,19.66652688012048,19.741390228271484,872900,0.0,0.0
2023-11-30 00:00:00-05:00,19.8461965641827,20.12318907520964,19.58417557933867,20.010894775390625,1255500,0.0,0.0
2023-12-01 00:00:00-05:00,19.891116550405723,20.66969312778193,19.793795192183538,20.662206649780273,1169000,0.0,0.0
2023-12-04 00:00:00-05:00,20.55739691991471,20.826904410269776,20.12319120095357,20.3702392578125,1505000,0.0,0.0
2023-12-05 00:00:00-05:00,20.280405313778335,20.347782189470596,19.58417855022475,19.816253662109375,1093200,0.0,0.0
2023-12-06 00:00:00-05:00,20.100732224244112,20.41515713850121,19.63658061637903,19.681499481201172,740700,0.0,0.0
2023-12-07 00:00:00-05:00,19.696472679457898,20.018384098499045,19.561718929356978,19.906089782714844,610000,0.0,0.0
2023-12-08 00:00:00-05:00,19.838710749590838,20.392697218042787,19.838710749590838,20.21302604675293,1038500,0.0,0.0
2023-12-11 00:00:00-05:00,20.27291569570001,20.699634890393593,20.250456264647905,20.467559814453125,857300,0.0,0.0
2023-12-12 00:00:00-05:00,20.39269883942746,20.542425541356597,19.921062155780085,20.07078742980957,896300,0.0,0.0
2023-12-13 00:00:00-05:00,20.123191150744272,20.467561990660915,19.726417821933353,20.45258903503418,907300,0.0,0.0
2023-12-14 00:00:00-05:00,20.77449839249424,21.575532876821992,20.744552484194383,20.991601943969727,1363900,0.0,0.0
2023-12-15 00:00:00-05:00,21.05897758795258,21.081437019397285,20.40018330580245,20.527450561523438,1167800,0.0,0.0
2023-12-18 00:00:00-05:00,20.60980351207967,20.767015272368422,20.26543265046188,20.407672882080078,657700,0.0,0.0
2023-12-19 00:00:00-05:00,20.61728740219227,21.073951097061112,20.56488206077495,21.029033660888672,854800,0.0,0.0
2023-12-20 00:00:00-05:00,20.91673811422085,21.13384023274314,20.28040185665643,20.325319290161133,1092100,0.0,0.0
2023-12-21 00:00:00-05:00,20.594829424835833,20.781987087990032,20.332808410840027,20.60231590270996,679000,0.0,0.0
2023-12-22 00:00:00-05:00,20.617287841786155,20.849362932841455,20.527451539626266,20.632259368896484,421100,0.0,0.0
2023-12-26 00:00:00-05:00,20.744555133749643,20.84187792025504,20.54242593850706,20.737070083618164,467400,0.0,0.0
2023-12-27 00:00:00-05:00,20.722097127555845,20.879308882511154,20.422645145807866,20.737070083618164,687500,0.0,0.0
2023-12-28 00:00:00-05:00,20.572370341660065,20.826904882117695,20.572370341660065,20.662206649780273,450200,0.0,0.0
2023-12-29 00:00:00-05:00,20.57985652073193,20.722096744897968,20.39269885710807,20.51996612548828,673200,0.0,0.0
2024-01-02 00:00:00-05:00,20.385210617375023,20.729581431187686,20.168108488842726,20.51247787475586,996700,0.0,0.0
2024-01-03 00:00:00-05:00,20.183080302310785,20.205539734367647,19.516799524852317,19.53925895690918,1519000,0.0,0.0
2024-01-04 00:00:00-05:00,19.127514133931513,19.17991948324428,18.438773821289725,18.902925491333008,2454000,0.0,0.0
2024-01-05 00:00:00-05:00,18.858004002664103,19.43444844243853,18.74570970545607,19.20985984802246,970700,0.0,0.0
2024-01-08 00:00:00-05:00,19.157459313755492,19.53926113386301,19.045164996759095,19.524288177490234,918100,0.0,0.0
2024-01-09 00:00:00-05:00,19.194889952080327,19.70395903694543,18.80560308827144,19.17243194580078,1442500,0.0,0.0
2024-01-10 00:00:00-05:00,19.120027846628606,19.32215704073315,19.000245626704135,19.31467056274414,611900,0.0,0.0
2024-01-11 00:00:00-05:00,19.24729376998978,19.47188382690907,18.970301222725574,19.38953399658203,892500,0.0,0.0
2024-01-12 00:00:00-05:00,19.584175354138793,19.69646965266653,19.179915593859054,19.277236938476562,673900,0.0,0.0
2024-01-16 00:00:00-05:00,19.045161469036834,19.36707283192554,18.895434788842266,19.29969596862793,822300,0.0,0.0
2024-01-17 00:00:00-05:00,19.052649743201194,19.29969778929832,18.917896003893745,19.224834442138672,652700,0.0,0.0
2024-01-18 00:00:00-05:00,19.456909573396118,19.681499615338762,19.322155833810445,19.674013137817383,636300,0.0,0.0
2024-01-19 00:00:00-05:00,19.756360998989503,19.778820430944574,19.15745709251636,19.46439552307129,817000,0.0,0.0
2024-01-22 00:00:00-05:00,19.831225831061662,19.87614327043981,19.4868564159964,19.62160873413086,566500,0.0,0.0
2024-01-23 00:00:00-05:00,19.898601752641046,20.040841969753675,19.71893057581963,19.965978622436523,694300,0.0,0.0
2024-01-24 00:00:00-05:00,20.22051305651507,20.34029384052919,19.599149703979492,19.599149703979492,578700,0.0,0.0
2024-01-25 00:00:00-05:00,19.876143384896896,20.153137356439828,19.614123797099115,19.85368537902832,513600,0.0,0.0
2024-01-26 00:00:00-05:00,20.108219109938926,20.115705587561266,19.786307711676226,19.951005935668945,606400,0.0,0.0
2024-01-29 00:00:00-05:00,19.965978794190004,20.205540365346007,19.801280570995154,20.115705490112305,633200,0.0,0.0
2024-01-30 00:00:00-05:00,19.928547219244706,20.04832800112675,19.71144365964627,19.83122444152832,730800,0.0,0.0
2024-01-31 00:00:00-05:00,19.808765458375266,20.0108960678443,19.382046234762587,19.434450149536133,639600,0.0,0.0
2024-02-01 00:00:00-05:00,19.576691192735762,19.898602600384244,19.49434279228822,19.78630828857422,629500,0.0,0.0
2024-02-02 00:00:00-05:00,19.57669005004765,19.74887474663261,19.2996975256109,19.53177261352539,707900,0.0,0.0
2024-02-05 00:00:00-05:00,19.32215454849289,19.344613979563018,18.99275812686126,19.187400817871094,505200,0.0,0.0
2024-02-06 00:00:00-05:00,19.17991933215213,19.651556049053525,19.1574598969093,19.359590530395508,516400,0.0,0.0
2024-02-07 00:00:00-05:00,19.509316028508433,19.554234899485724,19.32215834980237,19.42696762084961,550000,0.0,0.0
2024-02-08 00:00:00-05:00,19.449422748442725,19.6515533542105,19.367074352977735,19.37455940246582,520500,0.0,0.0
2024-02-09 00:00:00-05:00,19.56920462195904,20.018383294965602,19.277239127059616,20.00341033935547,813000,0.0,0.0
2024-02-12 00:00:00-05:00,19.92106057189435,20.370237786169227,19.92106057189435,20.21302604675293,778400,0.0,0.0
2024-02-13 00:00:00-05:00,19.4569121069347,19.644069785640767,19.17991954207359,19.42696762084961,760500,0.0,0.0
2024-02-14 00:00:00-05:00,19.62160735928496,19.86117035094861,19.36707426871027,19.83122444152832,826700,0.0,0.0
2024-02-15 00:00:00-05:00,19.84619841387587,20.04832902912865,19.51680053286019,19.801280975341797,622700,0.0,0.0
2024-02-16 00:00:00-05:00,19.599150021013227,19.733903762183765,19.262265668086876,19.501827239990234,659800,0.0,0.0
2024-02-20 00:00:00-05:00,19.337130506529668,19.531774655676625,19.179918748314655,19.524288177490234,788700,0.0,0.0
2024-02-21 00:00:00-05:00,19.352102011181103,19.576690628326112,19.3146696230572,19.367074966430664,514200,0.0,0.0
2024-02-22 00:00:00-05:00,19.516804007848293,19.554236403207923,19.25478295193041,19.29221534729004,489700,0.0,0.0
2024-02-23 00:00:00-05:00,19.202376754974107,19.659041929045795,19.19489027678772,19.524288177490234,435400,0.0,0.0
2024-02-26 00:00:00-05:00,19.404507600131662,19.629096236645562,19.07510969573151,19.142486572265625,603800,0.0,0.0
2024-02-27 00:00:00-05:00,19.344613575831886,19.45690787303992,19.067619643345907,19.20985984802246,846800,0.0,0.0
2024-02-28 00:00:00-05:00,19.037675915977445,19.464395118967815,19.030189438814514,19.247291564941406,816800,0.0,0.0
2024-02-29 00:00:00-05:00,19.397020956108612,20.415159145790795,19.344617036563157,20.340295791625977,2914300,0.0,0.0
2024-03-01 00:00:00-05:00,19.816252327647916,20.26543099271462,19.726417451374346,19.943519592285156,2046300,0.0,0.0
2024-03-04 00:00:00-05:00,19.58417661484652,19.793793699385088,18.161778743497948,18.25161361694336,2226500,0.0,0.0
2024-03-05 00:00:00-05:00,18.154292523595323,19.060134887834465,17.847354083820115,18.47620391845703,2801500,0.0,0.0
2024-03-06 00:00:00-05:00,18.730739209309693,18.730739209309693,18.236643094446336,18.513635635375977,1180600,0.0,0.0
2024-03-07 00:00:00-05:00,18.610959760809344,19.09756943289323,18.610959760809344,18.835548400878906,1163400,0.0,0.0
2024-03-08 00:00:00-05:00,18.992759309963283,19.187402013097845,18.543580655876763,18.77565574645996,1284800,0.0,0.0
2024-03-11 00:00:00-04:00,18.70079288531386,18.932869409826043,18.685819929945406,18.828060150146484,1180000,0.0,0.0
2024-03-12 00:00:00-04:00,18.558555758789613,18.558555758789613,17.510471635317867,17.652711868286133,2030500,0.0,0.0
2024-03-13 00:00:00-04:00,17.21850319454579,17.667681824331233,16.222824588672818,16.27522850036621,3768500,0.0,0.0
2024-03-14 00:00:00-04:00,16.035667843312037,16.1255041454601,15.309496660221892,15.534085273742676,4580100,0.0,0.0
2024-03-15 00:00:00-04:00,15.436764363878323,15.728729855392974,15.3020106207486,15.376873970031738,3174500,0.0,0.0
2024-03-18 00:00:00-04:00,15.421791782112033,15.466709221610417,14.94266719183053,15.1972017288208,3413400,0.0,0.0
2024-03-19 00:00:00-04:00,15.204687534405368,15.601462278145684,15.12982418661857,15.526598930358887,1812600,0.0,0.0
2024-03-20 00:00:00-04:00,15.429278871094883,16.529765463738297,15.376874951621346,16.484848022460938,2761800,0.0,0.0
2024-03-21 00:00:00-04:00,16.60462747504594,16.911565916769728,16.37255238133031,16.61211395263672,1648100,0.0,0.0
2024-03-22 00:00:00-04:00,16.49233625803917,16.56719819217863,16.00572511873349,16.125507354736328,923800,0.0,0.0
2024-03-25 00:00:00-04:00,16.170844569747928,16.427764650084214,16.065054457120816,16.276636123657227,841200,0.2,0.0
2024-03-26 00:00:00-04:00,16.495770595606235,16.495770595606235,16.102833889657614,16.133060455322266,646600,0.0,0.0
2024-03-27 00:00:00-04:00,16.269077464542196,16.752690995214703,16.253964181388177,16.745134353637695,1041300,0.0,0.0
2024-03-28 00:00:00-04:00,16.64690266047888,17.281646207418245,16.631789375722665,17.070064544677734,1216800,0.0,0.0
2024-04-01 00:00:00-04:00,17.0020528273149,17.10784291703021,16.578891027171764,16.624229431152344,799000,0.0,0.0
2024-04-02 00:00:00-04:00,16.495771230540292,16.677126307662764,16.261521102750688,16.35975456237793,1483600,0.0,0.0
2024-04-03 00:00:00-04:00,16.231293555901544,16.760246913199538,16.231293555901544,16.646900177001953,1089100,0.0,0.0
2024-04-04 00:00:00-04:00,16.767802393244665,16.782914233417724,16.012155615881632,16.027267456054688,1465800,0.0,0.0
2024-04-05 00:00:00-04:00,16.178398494532,16.329528436853604,16.0272685522104,16.0574951171875,1399700,0.0,0.0
2024-04-08 00:00:00-04:00,16.20107105601947,16.29930452562489,16.11039278760646,16.155731201171875,927300,0.0,0.0
2024-04-09 00:00:00-04:00,16.284191324888717,16.427764650084214,16.057497814607135,16.276636123657227,2071800,0.0,0.0
2024-04-10 00:00:00-04:00,15.91392222858207,15.974373918821165,15.558768728587635,15.70234203338623,1269300,0.0,0.0
2024-04-11 00:00:00-04:00,15.717453002929688,15.861026299762374,15.558767865337169,15.717453002929688,1684300,0.0,0.0
2024-04-12 00:00:00-04:00,15.536097260330353,15.619218866629444,15.082708907952703,15.097822189331055,1171700,0.0,0.0
2024-04-15 00:00:00-04:00,15.112937751915336,15.301849473814277,14.886244262149429,14.976921081542969,1018500,0.0,0.0
2024-04-16 00:00:00-04:00,14.886240837767604,15.505870912453341,14.765337478867057,15.28673267364502,1231900,0.0,0.0
2024-04-17 00:00:00-04:00,15.400080610488875,15.490758857477141,15.052483786477842,15.097822189331055,1800800,0.0,0.0
2024-04-18 00:00:00-04:00,15.120492660861236,15.173387706325775,14.939137601576293,15.112936019897461,1057800,0.0,0.0
2024-04-19 00:00:00-04:00,15.022258497456018,15.279178537544835,15.022258497456018,15.264066696166992,1312400,0.0,0.0
2024-04-22 00:00:00-04:00,15.354740797574392,15.475644154934685,15.196055681519647,15.437862396240234,628300,0.0,0.0
2024-04-23 00:00:00-04:00,15.36229915856887,15.588992618694885,15.294290832274692,15.498315811157227,1284400,0.0,0.0
2024-04-24 00:00:00-04:00,15.536098398210154,15.611663369354524,15.309404926058985,15.520986557006836,796000,0.0,0.0
2024-04-25 00:00:00-04:00,15.41519446418135,15.445421028060263,15.211169481844374,15.309404373168945,632000,0.0,0.0
2024-04-26 00:00:00-04:00,15.316960692128081,15.43030742172731,15.128048995702077,15.339629173278809,985700,0.0,0.0
2024-04-29 00:00:00-04:00,15.513432282294245,15.604109108474427,15.316963903860966,15.415197372436523,783300,0.0,0.0
2024-04-30 00:00:00-04:00,15.26406789606475,15.26406789606475,14.803122827679898,14.91646957397461,1467900,0.0,0.0
2024-05-01 00:00:00-04:00,14.9089125621559,15.264067517358457,14.720000842590979,15.037372589111328,1449100,0.0,0.0
2024-05-02 00:00:00-04:00,15.301847901969175,15.332074466183442,14.95425106119655,15.052484512329102,616500,0.0,0.0
2024-05-03 00:00:00-04:00,15.316962881678808,15.400083059916565,15.112937874465825,15.15071964263916,813700,0.0,0.0
2024-05-06 00:00:00-04:00,15.324519399303691,15.339631241681243,14.931582671846199,14.976921081542969,1134900,0.0,0.0
2024-05-07 00:00:00-04:00,14.961805954373704,15.384969197010617,14.93913747295943,15.27917766571045,1087100,0.0,0.0
2024-05-08 00:00:00-04:00,15.158276696994056,15.264068245065761,15.00714817890636,15.18850326538086,956400,0.0,0.0
2024-05-09 00:00:00-04:00,15.233841676678956,15.301850014267158,15.014704821003063,15.18850326538086,1009600,0.0,0.0
2024-05-10 00:00:00-04:00,15.23384003845383,15.23384003845383,14.969363358639168,15.19605827331543,802600,0.0,0.0
2024-05-13 00:00:00-04:00,15.362298995267263,15.384968917551632,15.090265692982271,15.12804889678955,1217800,0.0,0.0
2024-05-14 00:00:00-04:00,15.70234473547048,16.79047534702142,15.468093134361867,15.566328048706055,1430300,0.0,0.0
2024-05-15 00:00:00-04:00,15.77034975786958,15.793018240035211,15.180944719770409,15.528541564941406,1067600,0.0,0.0
2024-05-16 00:00:00-04:00,15.581440734850048,15.732569260000101,15.475649181834617,15.641892433166504,803100,0.0,0.0
2024-05-17 00:00:00-04:00,15.64188978368052,15.64188978368052,15.279178213937145,15.294291496276855,575300,0.0,0.0
2024-05-20 00:00:00-04:00,15.369856286007256,15.551211348105989,15.264066193436806,15.354743003845215,597300,0.0,0.0
2024-05-21 00:00:00-04:00,15.316960501707522,15.853469021072202,15.316960501707522,15.687227249145508,1005300,0.0,0.0
2024-05-22 00:00:00-04:00,15.551213144462714,15.596551554904064,15.309406367066074,15.37741470336914,856700,0.0,0.0
2024-05-23 00:00:00-04:00,15.33962998990461,15.483203290390612,14.719999823245569,14.825791358947754,1034600,0.0,0.0
2024-05-24 00:00:00-04:00,14.856017386342247,15.044929104318403,14.78045241089538,14.863574028015137,1013900,0.0,0.0
2024-05-28 00:00:00-04:00,14.924024845694602,15.060041505273132,14.463079819630014,14.538644790649414,1387100,0.0,0.0
2024-05-29 00:00:00-04:00,14.349733988588197,14.636880608312033,14.281725654510554,14.432855606079102,1221100,0.0,0.0
2024-05-30 00:00:00-04:00,14.921588770257328,15.08958974926476,14.70776815072021,15.00558853149414,1624900,0.2,0.0
2024-05-31 00:00:00-04:00,15.1048614951578,15.395045240981984,15.059041859080036,15.074315071105957,1392300,0.0,0.0
2024-06-03 00:00:00-04:00,15.20413443690977,15.387408611338378,14.997950444477464,15.272862434387207,1483500,0.0,0.0
2024-06-04 00:00:00-04:00,15.143040759090336,15.883773950967804,15.127767549393868,15.860865592956543,1250700,0.0,0.0
2024-06-05 00:00:00-04:00,15.868506718079129,15.960143089294432,15.792142104377135,15.960143089294434,1342100,0.0,0.0
2024-06-06 00:00:00-04:00,15.776865339762168,16.166323471114694,15.723410559160875,16.05941390991211,1161000,0.0,0.0
2024-06-07 00:00:00-04:00,15.868503941232314,16.097596285715316,15.807412552267941,16.08232307434082,810600,0.0,0.0
2024-06-10 00:00:00-04:00,15.899050702357673,16.212144288213228,15.669958332011483,16.158689498901367,875600,0.0,0.0
2024-06-11 00:00:00-04:00,16.08996104893521,16.349599838256836,15.990688079622224,16.349599838256836,790900,0.0,0.0
2024-06-12 00:00:00-04:00,16.81542174720094,16.945241135053454,16.532873153686523,16.532873153686523,1327100,0.0,0.0
2024-06-13 00:00:00-04:00,16.48705464245051,16.624510633470276,15.899049105992008,15.921958923339844,1379700,0.0,0.0
2024-06-14 00:00:00-04:00,15.715773733021146,15.860866318709794,15.425590018177362,15.494318008422852,946900,0.0,0.0
2024-06-17 00:00:00-04:00,15.417955278079923,15.608866061515418,15.41031867195846,15.501955032348633,682700,0.0,0.0
2024-06-18 00:00:00-04:00,15.501953543537741,15.654682738231466,15.410317191948343,15.509590148925781,763200,0.0,0.0
2024-06-20 00:00:00-04:00,15.448498682926779,15.807411851651624,15.448498682926779,15.585954666137695,576100,0.0,0.0
2024-06-21 00:00:00-04:00,15.585956990924263,15.799777602982696,15.555412021506635,15.59359359741211,1618700,0.0,0.0
2024-06-24 00:00:00-04:00,15.593592849272493,15.784503632707986,15.456136852153547,15.501955032348633,1163600,0.0,0.0
2024-06-25 00:00:00-04:00,15.501952549973467,15.555408784263593,15.318678402007686,15.448497772216797,697300,0.0,0.0
2024-06-26 00:00:00-04:00,15.35686364386711,15.39504521733961,15.249952616383506,15.272862434387207,988200,0.0,0.0
2024-06-27 00:00:00-04:00,15.318680645387976,15.387408643006859,15.21177107421801,15.333953857421875,1345600,0.0,0.0
2024-06-28 00:00:00-04:00,15.494317106194465,15.753954385129001,15.41795251519799,15.62413501739502,6229800,0.0,0.0
2024-07-01 00:00:00-04:00,15.708138350671435,15.75395652889078,15.143042630854087,15.265225410461426,1258600,0.0,0.0
2024-07-02 00:00:00-04:00,15.303407973135645,15.509590497107244,15.165951986132193,15.395044326782227,1013300,0.0,0.0
2024-07-03 00:00:00-04:00,15.402681942286527,15.54013793830289,15.242316128089548,15.257589340209961,389500,0.0,0.0
2024-07-05 00:00:00-04:00,15.249952616383506,15.56304617976575,15.173589469438502,15.272862434387207,717500,0.0,0.0
2024-07-08 00:00:00-04:00,15.272862434387207,15.425591641344544,15.234680860914704,15.272862434387207,722600,0.0,0.0
2024-07-09 00:00:00-04:00,15.18886116163131,15.341590367952387,15.120133164440192,15.150679588317871,630500,0.0,0.0
2024-07-10 00:00:00-04:00,15.227044020438935,15.364500013277183,15.158316024019813,15.3034086227417,533900,0.0,0.0
2024-07-11 00:00:00-04:00,15.62413501739502,15.708136213144485,15.463770687182505,15.62413501739502,1114100,0.0,0.0
2024-07-12 00:00:00-04:00,15.807412749667911,15.929595529122455,15.471409377901107,15.921958923339844,1586600,0.0,0.0
2024-07-15 00:00:00-04:00,15.914323504197583,16.219780475610126,15.761594290224448,16.151052474975586,1018500,0.0,0.0
2024-07-16 00:00:00-04:00,16.18923433079436,16.448873101769006,16.051778339509706,16.44123649597168,1276100,0.0,0.0
2024-07-17 00:00:00-04:00,16.349598417523442,16.708510144969647,16.341961811850084,16.47941780090332,1169600,0.0,0.0
2024-07-18 00:00:00-04:00,16.464144825102675,16.55578263796039,15.876140745177794,15.921958923339844,914800,0.0,0.0
2024-07-19 00:00:00-04:00,15.883776215425614,15.990687242009145,15.685230287199738,15.746321678161621,1698500,0.0,0.0
2024-07-22 00:00:00-04:00,15.784501608995193,16.173959732055664,15.662318839784083,16.173959732055664,1136600,0.0,0.0
2024-07-23 00:00:00-04:00,16.135777803201826,16.20450579762167,15.616501727022653,15.761592864990234,2100800,0.0,0.0
2024-07-24 00:00:00-04:00,15.685228658557095,15.8303197866928,15.295770535413546,15.379770278930664,1509900,0.0,0.0
2024-07-25 00:00:00-04:00,15.372134510103791,15.593591701727927,15.28049815645721,15.395044326782227,1709700,0.0,0.0
2024-07-26 00:00:00-04:00,17.96852028864002,18.25870398735007,16.975783516140513,18.15179443359375,6332500,0.0,0.0
2024-07-29 00:00:00-04:00,18.18234503796708,18.189981645109736,17.716523654536292,17.907434463500977,2763500,0.0,0.0
2024-07-30 00:00:00-04:00,17.181969659795477,17.678337380882848,16.88414931844978,17.441608428955078,2602800,0.0,0.0
2024-07-31 00:00:00-04:00,17.579066143670826,18.426709072926133,17.579066143670826,17.922704696655273,1946200,0.0,0.0
2024-08-01 00:00:00-04:00,17.90743228161146,17.915067431289945,16.861240535080885,16.907058715820312,2143900,0.0,0.0
2024-08-02 00:00:00-04:00,16.471778797755743,16.830691929495597,16.212140068786507,16.54814338684082,1437700,0.0,0.0
2024-08-05 00:00:00-04:00,15.837959500938117,16.380146920330034,15.654685311104364,16.326690673828125,1265700,0.0,0.0
2024-08-06 00:00:00-04:00,16.250327520464403,16.685603903386287,16.18923612385315,16.326690673828125,1368200,0.0,0.0
2024-08-07 00:00:00-04:00,16.341961172389926,16.80014729912738,16.28086978592717,16.30377960205078,952500,0.0,0.0
2024-08-08 00:00:00-04:00,16.44123662678607,16.731420366725246,16.44123662678607,16.68560218811035,1041800,0.0,0.0
2024-08-09 00:00:00-04:00,16.624510968390393,16.769602111582177,16.425963583643387,16.532873153686523,668900,0.0,0.0
2024-08-12 00:00:00-04:00,16.532872785223294,16.624510597884857,16.257962260305842,16.319053649902344,693300,0.0,0.0
2024-08-13 00:00:00-04:00,16.450098904792963,16.58885348782306,16.41155661852637,16.56572723388672,840100,0.2,0.0
2024-08-14 00:00:00-04:00,16.596565213003352,16.789279619455947,16.29592973913722,16.450101852416992,725900,0.0,0.0
2024-08-15 00:00:00-04:00,16.820112228393555,16.95886682860191,16.71219263725113,16.820112228393555,802600,0.0,0.0
2024-08-16 00:00:00-04:00,16.735317020636387,17.136163307072906,16.735317020636387,16.835529327392578,485100,0.0,0.0
2024-08-19 00:00:00-04:00,16.843238586533563,16.98970193988962,16.835529834220697,16.92803192138672,689500,0.0,0.0
2024-08-20 00:00:00-04:00,16.858654109151182,16.866361390263762,16.635104729242517,16.650522232055664,721300,0.0,0.0
2024-08-21 00:00:00-04:00,16.804694824969246,16.98970193988962,16.681357728551774,16.92803192138672,702200,0.0,0.0
2024-08-22 00:00:00-04:00,16.98199165842643,17.005116442988573,16.78156852722168,16.78156852722168,472200,0.0,0.0
2024-08-23 00:00:00-04:00,16.951155924606883,17.244082592373324,16.85865384973935,17.08991050720215,591800,0.0,0.0
2024-08-26 00:00:00-04:00,17.213246283658773,17.328874603633615,17.08220046227559,17.159286499023438,919300,0.0,0.0
2024-08-27 00:00:00-04:00,17.09761905308339,17.15157884115685,16.95886447215509,17.005115509033203,615300,0.0,0.0
2024-08-28 00:00:00-04:00,16.874070570480253,17.05907619805748,16.874070570480253,16.951156616210938,676400,0.0,0.0
2024-08-29 00:00:00-04:00,17.113036732843696,17.359710892475594,17.028241939109993,17.259498596191406,640200,0.0,0.0
2024-08-30 00:00:00-04:00,17.305751103842862,17.34429338992511,17.12074401382497,17.259498596191406,620100,0.0,0.0
2024-09-03 00:00:00-04:00,16.97428524709038,17.174708405927916,16.696776031731595,16.76615333557129,632400,0.0,0.0
2024-09-04 00:00:00-04:00,16.72760864685835,17.136162188410847,16.689064888970552,16.8046932220459,612400,0.0,0.0
2024-09-05 00:00:00-04:00,16.92803192138672,17.03595298347263,16.71219273780323,16.92803192138672,803400,0.0,0.0
2024-09-06 00:00:00-04:00,16.966571604705052,17.151577204861557,16.665937688237452,16.712188720703125,622500,0.0,0.0
2024-09-09 00:00:00-04:00,16.7276098446213,16.92032423697733,16.59656399900743,16.627397537231445,573900,0.0,0.0
2024-09-10 00:00:00-04:00,16.635102748260245,16.773857316467076,16.37301111282374,16.504056930541992,419500,0.0,0.0
2024-09-11 00:00:00-04:00,16.46551588882326,16.604270467483172,16.272801522972028,16.473224639892578,543100,0.0,0.0
2024-09-12 00:00:00-04:00,16.57343708376414,16.727609179637717,16.473226250652168,16.5965633392334,645900,0.0,0.0
2024-09-13 00:00:00-04:00,16.71989747116304,16.912611821779464,16.61197643501805,16.712188720703125,494400,0.0,0.0
2024-09-16 00:00:00-04:00,16.71219137953924,16.858654720991666,16.68135637279387,16.719900131225586,449300,0.0,0.0
2024-09-17 00:00:00-04:00,16.874072023964768,17.020535376439604,16.689066380451685,16.820112228393555,586200,0.0,0.0
2024-09-18 00:00:00-04:00,16.82781967715408,17.259499478579436,16.789277389101365,16.889488220214844,816500,0.0,0.0
2024-09-19 00:00:00-04:00,17.35971136476901,17.35971136476901,16.87407031327399,16.904905319213867,579000,0.0,0.0
2024-09-20 00:00:00-04:00,16.8355269511669,16.866360484843998,16.542600294617948,16.70448112487793,1539700,0.0,0.0
2024-09-23 00:00:00-04:00,16.858655690235164,16.858655690235164,16.56572899048928,16.627397537231445,542700,0.0,0.0
2024-09-24 00:00:00-04:00,16.71219136376371,16.750733651864994,16.40384864807129,16.40384864807129,600400,0.0,0.0
2024-09-25 00:00:00-04:00,16.51176726781084,16.51176726781084,16.303635395499125,16.311344146728516,646300,0.0,0.0
2024-09-26 00:00:00-04:00,16.619689230931908,16.91261593853567,16.60427319655342,16.75844383239746,810000,0.0,0.0
2024-09-27 00:00:00-04:00,17.00511726374326,17.00511726374326,16.712192039563792,16.750734329223633,849000,0.0,0.0
2024-09-30 00:00:00-04:00,16.658230718644614,16.735315290896946,16.373012802311486,16.41926383972168,637400,0.0,0.0
2024-10-01 00:00:00-04:00,16.365304633818905,16.411557143170185,16.110921713562952,16.172590255737305,1439900,0.0,0.0
2024-10-02 00:00:00-04:00,16.033836455438784,16.265094602666533,15.956751876656961,16.010711669921875,1400100,0.0,0.0
2024-10-03 00:00:00-04:00,15.833413182780726,15.89508172173738,15.725492136886123,15.887372970581055,630600,0.0,0.0
2024-10-04 00:00:00-04:00,16.172591808183785,16.21113556967643,15.979877411603061,16.018421173095703,559500,0.0,0.0
2024-10-07 00:00:00-04:00,15.879665935268186,15.97216801855131,15.640700504776996,15.710076332092285,955100,0.0,0.0
2024-10-08 00:00:00-04:00,15.725494025536124,15.725494025536124,15.494237344247964,15.57132339477539,568800,0.0,0.0
2024-10-09 00:00:00-04:00,15.471109366463805,15.871955608367223,15.447984583084658,15.733201026916504,1091000,0.0,0.0
2024-10-10 00:00:00-04:00,15.609862591539356,15.702366127899985,15.517359055178725,15.656113624572754,796400,0.0,0.0
2024-10-11 00:00:00-04:00,15.656116538461447,15.871957183278909,15.656116538461447,15.710076332092285,520800,0.0,0.0
2024-10-14 00:00:00-04:00,15.617572012526274,15.82570387555202,15.478817437175776,15.779451370239258,633600,0.0,0.0
2024-10-15 00:00:00-04:00,15.802576892565687,15.910496459386746,15.694657325744629,15.694657325744629,526800,0.0,0.0
2024-10-16 00:00:00-04:00,15.779452438861775,15.995293067390227,15.748618903525706,15.979875564575195,885300,0.0,0.0
2024-10-17 00:00:00-04:00,15.949041218968313,15.987583503753806,15.794869139238509,15.918206214904785,1083800,0.0,0.0
2024-10-18 00:00:00-04:00,15.95675333824123,15.95675333824123,15.632993078702315,15.879667282104492,1695800,0.0,0.0
2024-10-21 00:00:00-04:00,15.825704920112566,15.895082212366997,15.65611533002663,15.663824081420898,787500,0.0,0.0
2024-10-22 00:00:00-04:00,15.686951397598953,15.779453480004523,15.609865348731583,15.771744728088379,1329000,0.0,0.0
2024-10-23 00:00:00-04:00,15.609866032463966,15.83341543694168,15.417151637001448,15.817997932434082,1261200,0.0,0.0
2024-10-24 00:00:00-04:00,15.949041687561882,16.172589592414777,15.895081899159251,16.141756057739258,662500,0.0,0.0
2024-10-25 00:00:00-04:00,16.27280098842861,16.326760773847408,15.98758308940855,16.195714950561523,637300,0.0,0.0
2024-10-28 00:00:00-04:00,16.265091694997714,16.480930829472356,16.234256692762003,16.27280044555664,794500,0.0,0.0
2024-10-29 00:00:00-04:00,16.172589565187373,16.504058516581445,16.149464781793156,16.311344146728516,693200,0.0,0.0
2024-10-30 00:00:00-04:00,16.280512106540538,16.419265230524275,15.987585414110871,16.010711669921875,1099800,0.0,0.0
2024-10-31 00:00:00-04:00,16.072379083553212,16.072379083553212,15.640699297532082,15.663824081420898,1345900,0.0,0.0
2024-11-01 00:00:00-04:00,15.817998793206986,15.88737609697235,15.717786478748465,15.841123580932617,573600,0.0,0.0
2024-11-04 00:00:00-05:00,15.764036379252405,15.94133325043862,15.640699297532082,15.663824081420898,433000,0.0,0.0
2024-11-05 00:00:00-05:00,15.571321719510626,15.810287127171478,15.548195465752237,15.787160873413086,697000,0.0,0.0
2024-11-06 00:00:00-05:00,16.396139953723498,16.542601825255744,16.280511618721288,16.365304946899414,1106700,0.0,0.0
2024-11-07 00:00:00-05:00,16.396140509150413,16.55031113761128,16.234259658428286,16.288219451904297,601700,0.0,0.0
2024-11-08 00:00:00-05:00,16.14175691968424,16.357596084820248,16.0338358668222,16.25738525390625,720800,0.0,0.0
2024-11-11 00:00:00-05:00,16.365307292219565,16.565730454416695,16.288221234406166,16.496353149414062,1376700,0.0,0.0
2024-11-12 00:00:00-05:00,15.90278983236426,16.534894227518887,15.779452748015558,16.172590255737305,1138700,0.0,0.0
2024-11-13 00:00:00-05:00,16.38072422485213,16.504061324921597,16.072381474678462,16.110923767089844,848800,0.0,0.0
2024-11-14 00:00:00-05:00,16.041545257672915,16.149466314835216,15.293813960968476,15.340065002441406,1656200,0.0,0.0
2024-11-15 00:00:00-05:00,15.471109443261586,15.532777983068696,14.769629251595475,15.039429664611816,1505400,0.0,0.0
2024-11-18 00:00:00-05:00,15.031722466966045,15.062557475203562,14.73879724018022,14.792757034301758,1363500,0.0,0.0
2024-11-19 00:00:00-05:00,14.492120251924222,14.654001089690325,14.37649192225928,14.62316608428955,2227800,0.0,0.0
2024-11-20 00:00:00-05:00,14.499830946655031,14.584625752578043,14.314825300336427,14.453579902648926,1521700,0.0,0.0
2024-11-21 00:00:00-05:00,14.407327468944672,14.646292888602702,14.30711516792115,14.63858413696289,876200,0.0,0.0
2024-11-22 00:00:00-05:00,14.630874751381812,14.908383917214707,14.615457248770213,14.831297874450684,460300,0.0,0.0
2024-11-25 00:00:00-05:00,15.000885584492604,15.116515380642193,14.846714973449707,14.846714973449707,962500,0.0,0.0
2024-11-26 00:00:00-05:00,14.838924983882471,15.134925381225651,14.722083347340487,14.971345901489258,1183100,0.2,0.0
2024-11-27 00:00:00-05:00,14.99471503836356,15.376398515598897,14.99471503836356,15.05703067779541,736800,0.0,0.0
2024-11-29 00:00:00-05:00,15.041452109365151,15.10376775175032,14.877874105249871,14.97913646697998,387600,0.0,0.0
2024-12-02 00:00:00-05:00,14.986926114614436,15.820398389030093,14.971346832580734,15.633451461791992,1352900,0.0,0.0
2024-12-03 00:00:00-05:00,15.656818790804325,15.711344786648821,15.376397685636105,15.516608238220215,718300,0.0,0.0
2024-12-04 00:00:00-05:00,15.485451610164278,15.625662180248973,15.33745288460567,15.508820533752441,847700,0.0,0.0
2024-12-05 00:00:00-05:00,15.578924384591208,15.578924384591208,15.127135636866944,15.173871994018555,514600,0.0,0.0
2024-12-06 00:00:00-05:00,15.314083041541338,15.462083243935975,15.228398479251485,15.329662322998047,726700,0.0,0.0
2024-12-09 00:00:00-05:00,15.477662943165996,15.539978584952806,15.134926170477486,15.189452171325684,880500,0.0,0.0
2024-12-10 00:00:00-05:00,15.20503098817275,15.2361880652522,14.831137148887038,14.854504585266113,809400,0.0,0.0
2024-12-11 00:00:00-05:00,14.940190017902104,14.96355745564294,14.838926168618029,14.877874374389648,810100,0.0,0.0
2024-12-12 00:00:00-05:00,14.799978216232216,14.909030211868146,14.63640022277832,14.63640022277832,484900,0.0,0.0
2024-12-13 00:00:00-05:00,14.60524234240354,14.722083983998353,14.558505982910033,14.566295623779297,754000,0.0,0.0
2024-12-16 00:00:00-05:00,14.457241931557542,14.558505775694588,13.896401168451806,13.989873886108398,868400,0.0,0.0
2024-12-17 00:00:00-05:00,13.911981995460136,14.0599807291447,13.87303378734139,13.94313907623291,1512700,0.0,0.0
2024-12-18 00:00:00-05:00,13.982086516457489,14.184611244663442,13.32777151321968,13.38229751586914,1072300,0.0,0.0
2024-12-19 00:00:00-05:00,13.319979752082906,13.5458733679246,13.218715918374427,13.296610832214355,1429300,0.0,0.0
2024-12-20 00:00:00-05:00,13.21092784999844,13.577033542881692,13.21092784999844,13.413454055786133,2693500,0.0,0.0
2024-12-23 00:00:00-05:00,13.34334904163104,13.553664892526832,13.203139960089292,13.3121919631958,1254400,0.0,0.0
2024-12-24 00:00:00-05:00,13.28103331172812,13.343348953911045,13.179770950326654,13.33556079864502,934700,0.0,0.0
2024-12-26 00:00:00-05:00,13.24208621347742,13.553664415473653,13.203139495373664,13.467981338500977,1503600,0.0,0.0
2024-12-27 00:00:00-05:00,13.296612710322947,13.436823277894778,13.117455423190991,13.304402351379395,1215600,0.0,0.0
2024-12-30 00:00:00-05:00,13.226507688292264,13.553665190527012,13.109666041577457,13.545875549316406,1076200,0.0,0.0
2024-12-31 00:00:00-05:00,13.553665041578446,13.771770535912115,13.553665041578446,13.75619125366211,785400,0.0,0.0
2025-01-02 00:00:00-05:00,13.80292670657854,13.904190548819166,13.514717432525755,13.569243431091309,945900,0.0,0.0
2025-01-03 00:00:00-05:00,13.584822712316331,13.66271763271942,13.397875794782138,13.569243431091309,606600,0.0,0.0
2025-01-06 00:00:00-05:00,13.748402152315427,13.98987509378248,13.693876148021788,13.725034713745117,1027900,0.0,0.0
2025-01-07 00:00:00-05:00,13.701664572283642,13.919770055805278,13.701664572283642,13.826295852661133,1422400,0.0,0.0
2025-01-08 00:00:00-05:00,13.756190687096696,13.880821968519378,13.63934904647819,13.795137405395508,1294700,0.0,0.0
2025-01-10 00:00:00-05:00,13.631560087347799,13.787349939777775,13.483559876111537,13.553665161132812,1425700,0.0,0.0
2025-01-13 00:00:00-05:00,13.444612918141267,13.52250784297894,13.288823068465925,13.475769996643066,825700,0.0,0.0
2025-01-14 00:00:00-05:00,13.530296151381192,13.717243061145174,13.467980514793199,13.608189582824707,1445400,0.0,0.0
2025-01-15 00:00:00-05:00,13.849663858964401,13.911979495032057,13.631558389866631,13.639348030090332,937900,0.0,0.0
2025-01-16 00:00:00-05:00,13.701664855271261,13.826296138222826,13.242086442241579,13.405664443969727,1316300,0.0,0.0
2025-01-17 00:00:00-05:00,13.538083981683828,13.577032182194667,13.319980001710858,13.374505996704102,789200,0.0,0.0
2025-01-21 00:00:00-05:00,13.615980416913166,13.857454829869965,13.30440220665515,13.514718055725098,2169400,0.0,0.0
2025-01-22 00:00:00-05:00,13.701663415619512,13.787347970791508,13.319979965969063,13.561452865600586,3006200,0.0,0.0
2025-01-23 00:00:00-05:00,13.444611868427108,13.514717146735196,13.179770036090336,13.327770233154297,2122300,0.0,0.0
2025-01-24 00:00:00-05:00,13.234296447129761,13.42124336655353,13.156401525939346,13.358927726745605,1469200,0.0,0.0
2025-01-27 00:00:00-05:00,13.366718995933251,13.561455579773448,13.117456406333357,13.125246047973633,1731900,0.0,0.0
2025-01-28 00:00:00-05:00,13.226507397485193,13.405664684223632,13.171981395931939,13.3121919631958,1147900,0.0,0.0
2025-01-29 00:00:00-05:00,13.273244005157315,13.538084347171246,13.273244005157315,13.421242713928223,1484100,0.0,0.0
2025-01-30 00:00:00-05:00,13.56924450241008,13.670506866923537,13.444613214214064,13.5380859375,1154800,0.0,0.0
2025-01-31 00:00:00-05:00,13.553665532694518,13.60040189541589,13.218718380793295,13.25766658782959,1049300,0.0,0.0
2025-02-03 00:00:00-05:00,13.008403778076172,13.171981787599915,12.790298279655689,13.008403778076172,1663700,0.0,0.0
2025-02-04 00:00:00-05:00,13.000614189520013,13.203140406219772,12.96945562430982,13.164192199707031,1481000,0.0,0.0
2025-02-05 00:00:00-05:00,13.203141242442879,13.257667249291964,12.969456445732462,13.195351600646973,1224300,0.0,0.0
2025-02-06 00:00:00-05:00,13.22650727316346,13.33556076096704,12.985034346102138,13.031770706176758,597500,0.0,0.0
2025-02-07 00:00:00-05:00,13.00061338661582,13.351138309249452,12.93050810494468,12.953875541687012,2618800,0.0,0.0
2025-02-10 00:00:00-05:00,13.094086377490239,13.101876018473794,12.914929092034795,13.023981094360352,921100,0.0,0.0
2025-02-11 00:00:00-05:00,12.868192703054538,13.14861234922436,12.868192703054538,13.031770706176758,837600,0.0,0.0
2025-02-12 00:00:00-05:00,12.922717456084447,13.031769447634238,12.844822539668046,12.969453811645508,723800,0.0,0.0
2025-02-13 00:00:00-05:00,13.101874647111467,13.382295750279573,13.031769371319442,13.343347549438477,1424600,0.0,0.0
2025-02-14 00:00:00-05:00,13.41345450402018,13.577033996582031,13.343349219453977,13.577033996582031,2187200,0.0,0.0
2025-02-18 00:00:00-05:00,13.631559291356046,13.966506414516324,13.631559291356046,13.826295852661133,1252000,0.0,0.0
2025-02-19 00:00:00-05:00,13.810717809353966,14.215770249755954,13.639350154901829,14.059980392456055,1631400,0.0,0.0
2025-02-20 00:00:00-05:00,14.05219137841511,14.223559022399893,13.818506606739026,14.176822662353516,905200,0.0,0.0
2025-02-21 00:00:00-05:00,14.363769676769147,14.371559317778559,13.896401616259206,13.982086181640625,1303000,0.0,0.0
2025-02-24 00:00:00-05:00,14.021032355372636,14.059979073182074,13.693874874318393,13.841875076293945,1724500,0.0,0.0
2025-02-25 00:00:00-05:00,13.483558955779444,14.044401197668861,13.164191117246654,14.036611557006836,2383300,0.0,0.0
2025-02-26 00:00:00-05:00,13.92755921961767,14.418296221655712,13.841876136728267,14.293664932250977,2397900,0.0,0.0
2025-02-27 00:00:00-05:00,14.324821561598096,14.355980125831236,13.935348423016553,13.958717346191406,2212500,0.0,0.0
2025-02-28 00:00:00-05:00,13.943137550699294,13.966506473013723,13.647138629993504,13.81071662902832,1432000,0.0,0.0
2025-03-03 00:00:00-05:00,13.787350115070202,14.122295776325505,13.662718825830515,13.818507194519043,1486200,0.0,0.0
2025-03-04 00:00:00-05:00,13.600401076357006,13.77177020555195,13.327771072132489,13.53029727935791,1866600,0.0,0.0
2025-03-05 00:00:00-05:00,13.709454219070484,14.036611701636238,13.639348938111961,13.997663497924805,910100,0.0,0.0
2025-03-06 00:00:00-05:00,13.810718140073622,14.028823648371926,13.725035053656828,13.94313907623291,1365000,0.0,0.0
2025-03-07 00:00:00-05:00,13.896401579695695,13.943137939907087,13.569244086771748,13.678296089172363,941000,0.0,0.0
2025-03-10 00:00:00-04:00,13.654929866781144,13.787350803929748,13.506929646268649,13.74840259552002,1532300,0.0,0.0
2025-03-11 00:00:00-04:00,13.779915400151495,13.803552159976057,13.393857339518929,13.40173625946045,1372000,0.2,0.0
2025-03-12 00:00:00-04:00,13.433251244236967,13.512038945639468,13.141738702623256,13.26779842376709,1416800,0.0,0.0
2025-03-13 00:00:00-04:00,13.220526045091281,13.49628073838773,12.96840510689823,12.97628402709961,794500,0.0,0.0
2025-03-14 00:00:00-04:00,13.015678166510309,13.244160833245795,12.976283566900523,13.118101119995117,1449300,0.0,0.0
2025-03-17 00:00:00-04:00,13.141737619637642,13.685371061489638,13.118100860339629,13.677492141723633,1240700,0.0,0.0
2025-03-18 00:00:00-04:00,13.559310374343719,13.709006850208304,13.338706623333117,13.36234188079834,1174500,0.0,0.0
2025-03-19 00:00:00-04:00,13.393857257373622,13.669613442634317,13.362341577800827,13.638097763061523,821500,0.0,0.0
2025-03-20 00:00:00-04:00,13.472645412431719,13.669613908219462,13.472645412431719,13.496280670166016,615100,0.0,0.0
2025-03-21 00:00:00-04:00,13.354465181466674,13.44113030141587,13.055072213640932,13.43325138092041,2141100,0.0,0.0
2025-03-24 00:00:00-04:00,13.582946618609268,13.653855393812153,13.267797341457719,13.449007987976074,1346800,0.0,0.0
2025-03-25 00:00:00-04:00,13.535676666186081,13.598706531225053,13.228406261964912,13.29931354522705,931400,0.0,0.0
2025-03-26 00:00:00-04:00,13.322948783189403,13.401736481157624,13.236282165149325,13.36234188079834,1094700,0.0,0.0
2025-03-27 00:00:00-04:00,13.307190816001157,13.307190816001157,12.960527352651157,12.968404769897461,1397100,0.0,0.0
2025-03-28 00:00:00-04:00,12.929013112246182,12.968406213865258,12.700530417904645,12.795074462890625,1222800,0.0,0.0
2025-03-31 00:00:00-04:00,12.519317788084372,12.889618768341478,12.432651169574628,12.810831069946289,1717400,0.0,0.0
2025-04-01 00:00:00-04:00,12.605984730765925,12.795074321397356,12.4484100719064,12.66113567352295,1756800,0.0,0.0
2025-04-02 00:00:00-04:00,12.605984231047945,13.078708940262327,12.519318359954566,13.031436920166016,916200,0.0,0.0
2025-04-03 00:00:00-04:00,12.598104179032383,12.724163889800352,12.046592568734948,12.070228576660156,1894000,0.0,0.0
2025-04-04 00:00:00-04:00,11.550233893608825,11.715687480478573,10.93569232153916,11.447810173034668,2980400,0.0,0.0
2025-04-07 00:00:00-04:00,11.061751005365116,12.180532153103094,10.880540344789699,11.597505569458008,2750000,0.0,0.0
2025-04-08 00:00:00-04:00,12.022956881203278,12.133258755377057,11.187810148047378,11.376899719238281,2956500,0.0,0.0
2025-04-09 00:00:00-04:00,11.313870513031196,12.716286040437,11.305992343976406,12.566590309143066,2009800,0.0,0.0
2025-04-10 00:00:00-04:00,12.204168274424411,12.282955976231786,11.69992938725788,12.149017333984375,1675000,0.0,0.0
2025-04-11 00:00:00-04:00,12.117502261678448,12.34598569259476,11.881139910398595,12.330227851867676,1170300,0.0,0.0
2025-04-14 00:00:00-04:00,12.472045218832397,12.511439068661895,12.05447221394016,12.298712730407715,934100,0.0,0.0
2025-04-15 00:00:00-04:00,12.385378374868255,12.566589017887017,12.259318666442136,12.558710098266602,1243500,0.0,0.0
2025-04-16 00:00:00-04:00,12.49568071089161,12.582347327203777,12.196288516506735,12.38537883758545,1178500,0.0,0.0
2025-04-17 00:00:00-04:00,12.41689481000334,12.747801960498052,12.330228186403396,12.6532564163208,1570700,0.0,0.0
2025-04-21 00:00:00-04:00,12.605984730765925,12.700530277456883,12.416895140134494,12.66113567352295,1289800,0.0,0.0
2025-04-22 00:00:00-04:00,12.881739436258897,13.055071164984746,12.787193900658238,13.00779914855957,1019900,0.0,0.0
2025-04-23 00:00:00-04:00,13.259919105501936,13.46476652190204,12.873861033238407,12.889618873596191,1151100,0.0,0.0
2025-04-24 00:00:00-04:00,12.858102798461914,12.929011575146472,12.771436181902937,12.858102798461914,642700,0.0,0.0
2025-04-25 00:00:00-04:00,12.810831509316213,12.913254468817485,12.739922728603636,12.89749813079834,619200,0.0,0.0
2025-04-28 00:00:00-04:00,12.873861358687895,12.992042158858144,12.724164877005366,12.929012298583984,1132000,0.0,0.0
2025-04-29 00:00:00-04:00,12.84234576743464,13.078708872186759,12.70052970788387,13.039314270019531,831400,0.0,0.0
2025-04-30 00:00:00-04:00,12.850226159459492,13.1338613165434,12.669015476989479,12.921134948730469,1002100,0.0,0.0
2025-05-01 00:00:00-04:00,12.96840477937105,13.047192476644636,12.818709807576605,12.936890602111816,615200,0.0,0.0
2025-05-02 00:00:00-04:00,13.141738497636865,13.204768357225635,13.00779985816693,13.110222816467285,800500,0.0,0.0
2025-05-05 00:00:00-04:00,12.97628367228949,13.33082755790546,12.905374895166297,13.19688892364502,958100,0.0,0.0
2025-05-06 00:00:00-04:00,13.141738891601562,13.267798614558137,13.015679168644988,13.141738891601562,953900,0.0,0.0
2025-05-07 00:00:00-04:00,13.244162710339573,13.409617046649863,13.15749758441564,13.346587181091309,1638100,0.0,0.0
2025-05-08 00:00:00-04:00,13.330827409832038,13.764157484993563,13.25203971359804,13.606583595275879,1540500,0.0,0.0
2025-05-09 00:00:00-04:00,13.598705852610108,13.66961463508421,13.425374108090324,13.567190170288086,943400,0.0,0.0
2025-05-12 00:00:00-04:00,14.079308779265771,14.189610656333487,13.85870352237997,14.095065116882324,1708600,0.0,0.0
2025-05-13 00:00:00-04:00,12.04659395610676,13.189011155729329,11.952049162142329,12.755681037902832,8512500,0.0,0.0
2025-05-14 00:00:00-04:00,12.771436260905856,13.370220655084864,12.684771146561099,13.19688892364502,3594400,0.0,0.0
2025-05-15 00:00:00-04:00,13.181131257412773,13.291434635919604,13.015678443778052,13.102343559265137,1334400,0.0,0.0
2025-05-16 00:00:00-04:00,13.062952586742563,13.354466666489342,12.905377164811775,13.315072059631348,2476900,0.0,0.0
2025-05-19 00:00:00-04:00,13.512039582739629,13.677493913761184,12.558711957420448,12.66113567352295,3720500,0.0,0.0
2025-05-20 00:00:00-04:00,12.550833365259566,12.550833365259566,12.070229732707118,12.227805137634277,3736400,0.0,0.0
2025-05-21 00:00:00-04:00,12.117502342655998,12.14901727294557,11.762959189054516,11.81023120880127,3563300,0.0,0.0
2025-05-22 00:00:00-04:00,11.818109522595023,11.999320174614734,11.755079665251197,11.97568416595459,1661500,0.0,0.0
2025-05-23 00:00:00-04:00,11.739321600209554,12.078107640470181,11.739321600209554,12.046592712402344,2194200,0.0,0.0
2025-05-27 00:00:00-04:00,12.251440480967988,12.440530054938028,12.172652782792882,12.369621276855469,1851500,0.0,0.0
2025-05-28 00:00:00-04:00,12.377500619388707,12.385379539750158,12.172653198242188,12.172653198242188,1516200,0.0,0.0
2025-05-29 00:00:00-04:00,12.196600455562516,12.252475452701725,11.869335768840251,11.941174507141113,3080300,0.2,0.0
2025-05-30 00:00:00-04:00,11.853371196341882,11.917227678968656,11.709693729816983,11.741621971130371,2677400,0.0,0.0
2025-06-02 00:00:00-04:00,11.693728627997736,11.749603618348612,11.470230950282067,11.669782638549805,3042000,0.0,0.0
2025-06-03 00:00:00-04:00,11.597944266756242,11.69372898873206,11.390411083089953,11.613908767700195,1874800,0.0,0.0
2025-06-04 00:00:00-04:00,11.59794522201454,11.781533191844622,11.55803472759675,11.621891975402832,2818900,0.0,0.0
2025-06-05 00:00:00-04:00,11.613908589969162,11.741621550649157,11.57399809944934,11.64583683013916,2402200,0.0,0.0
2025-06-06 00:00:00-04:00,11.741621550649157,11.8214425316888,11.57399809944934,11.64583683013916,1066100,0.0,0.0
2025-06-09 00:00:00-04:00,11.71767579542315,11.845388758660029,11.64583706329508,11.757585525512695,1848600,0.0,0.0
2025-06-10 00:00:00-04:00,11.829424395530737,12.180635809755362,11.77355016377063,12.116779327392578,2418000,0.0,0.0
2025-06-11 00:00:00-04:00,12.116779861696287,12.180636346874898,11.99704838106438,12.005030632019043,1605800,0.0,0.0
2025-06-12 00:00:00-04:00,11.94915621578691,12.12476116673862,11.845389238644898,12.028976440429688,1366300,0.0,0.0
2025-06-13 00:00:00-04:00,11.973102465770605,11.989066967781723,11.621891795048917,11.653820037841797,1838200,0.0,0.0
2025-06-16 00:00:00-04:00,11.693728594357214,12.036957740783691,11.693728594357214,12.036957740783691,1935600,0.0,0.0
2025-06-17 00:00:00-04:00,11.749603817745182,12.316330652492365,11.749603817745182,12.156688690185547,2226200,0.0,0.0
2025-06-18 00:00:00-04:00,12.132743787919548,12.15668977992039,11.957138070378194,11.981084823608398,1212000,0.0,0.0
2025-06-20 00:00:00-04:00,11.989066113187166,12.076868584301588,11.821442660165598,11.965119361877441,1641100,0.0,0.0
2025-06-23 00:00:00-04:00,11.957137180842917,12.148707386286128,11.81346047829714,12.140725135803223,1326100,0.0,0.0
2025-06-24 00:00:00-04:00,12.316330973814592,12.4919359189666,12.244492241148174,12.483954429626465,1285500,0.0,0.0
2025-06-25 00:00:00-04:00,12.523864510430903,12.547811262809276,12.308349067630871,12.396151542663574,1193400,0.0,0.0
2025-06-26 00:00:00-04:00,12.444043518278168,12.49193549762087,12.340276548063265,12.388169288635254,1327500,0.0,0.0
2025-06-27 00:00:00-04:00,12.404132910540685,12.587720859560584,12.364222420646856,12.563774108886719,2272400,0.0,0.0
2025-06-30 00:00:00-04:00,12.587721645422448,12.675524119687028,12.436061926603514,12.619649887084961,1303400,0.0,0.0
2025-07-01 00:00:00-04:00,12.571758016835249,13.601445594708627,12.49991927779949,13.002790451049805,3560700,0.0,0.0
2025-07-02 00:00:00-04:00,13.010770688315748,13.2821611316512,12.779291499858275,13.25023365020752,2675100,0.0,0.0
2025-07-03 00:00:00-04:00,13.609425193985315,13.928709128737413,13.409873495994571,13.68924617767334,3056400,0.0,0.0
2025-07-07 00:00:00-04:00,13.553549437699361,13.840904337672416,13.473728462989238,13.657317161560059,3641200,0.0,0.0
2025-07-08 00:00:00-04:00,13.74512065979532,14.080367579422457,13.601444713491114,13.848888397216797,3338100,0.0,0.0
2025-07-09 00:00:00-04:00,13.984581827812786,14.232025479912032,13.816957628194384,14.136240005493164,3654900,0.0,0.0
2025-07-10 00:00:00-04:00,14.247992740582857,14.519383194495578,14.247992740582857,14.36772346496582,4081600,0.0,0.0
2025-07-11 00:00:00-04:00,14.367721792899363,14.583237985182915,14.29588306213818,14.479470252990723,4030300,0.0,0.0
2025-07-14 00:00:00-04:00,14.345578839558204,14.575107882094974,14.00128527575305,14.096921920776367,3528700,3.0,0.0
2025-07-15 00:00:00-04:00,14.173431464805214,14.182995402835425,13.704809446132769,13.79088306427002,3071000,0.0,0.0
2025-07-16 00:00:00-04:00,13.771755443549068,14.068231143511241,13.771755443549068,13.876956939697266,3648200,0.0,0.0
2025-07-17 00:00:00-04:00,13.953466860645158,14.077795323274385,13.762192653549182,13.781319618225098,2686700,0.0,0.0
2025-07-18 00:00:00-04:00,13.829138366972408,13.943902890972373,13.637864160305801,13.800447463989258,2081200,0.0,0.0
2025-07-21 00:00:00-04:00,13.800446930446773,13.953466289864139,13.72393725073809,13.810009956359863,1711900,0.0,0.0
2025-07-22 00:00:00-04:00,13.733500735514115,14.010848561741652,13.733500735514115,13.819574356079102,1790400,0.0,0.0
2025-07-23 00:00:00-04:00,14.01084879121334,14.192559973619371,13.867393362633731,14.087358474731445,1774500,0.0,0.0
2025-07-24 00:00:00-04:00,13.92477613632669,13.9630309782369,13.656991330887852,13.72393798828125,1688400,0.0,0.0
2025-07-25 00:00:00-04:00,13.762192315631731,13.934338641757542,13.723937475151846,13.91521167755127,1517900,0.0,0.0
2025-07-28 00:00:00-04:00,13.790882907768639,14.049102847182736,13.66655445098877,13.66655445098877,4495800,0.0,0.0
2025-07-29 00:00:00-04:00,14.125613114939013,14.775945373572771,14.068230400790618,14.708999633789062,6761400,0.0,0.0
2025-07-30 00:00:00-04:00,14.53685382078848,14.842893472640661,14.316888704585008,14.355143547058105,4608500,0.0,0.0
2025-07-31 00:00:00-04:00,14.240378019999998,14.402961317114576,14.039539883097714,14.192559242248535,2956500,0.0,0.0
2025-08-01 00:00:00-04:00,14.05866672108125,14.10648549840456,13.752628005519776,14.049102783203125,2681400,0.0,0.0
2025-08-04 00:00:00-04:00,14.106486131213899,14.479471516586853,14.106486131213899,14.364706993103027,2677600,0.0,0.0
2025-08-05 00:00:00-04:00,14.297759943934743,15.043729782104492,14.278632979913638,15.043729782104492,3412900,0.0,0.0
2025-08-06 00:00:00-04:00,15.072421147288598,15.072421147288598,14.756818497768608,14.852455139160156,2133400,0.0,0.0
2025-08-07 00:00:00-04:00,14.833328498967116,14.90983817857463,14.307323767614964,14.555980682373047,1851400,0.0,0.0
2025-08-08 00:00:00-04:00,14.565543054871169,14.613361830497572,14.35514190142265,14.441215515136719,1208100,0.0,0.0
2025-08-11 00:00:00-04:00,14.527289551756684,14.622927111798026,14.240378695767399,14.288196563720703,1997900,0.0,0.0
2025-08-12 00:00:00-04:00,14.423906006627615,14.666243135251513,14.297890588810052,14.608081817626953,2020500,0.2,0.0
2025-08-13 00:00:00-04:00,14.695322458944435,15.24785078356521,14.685628752509016,15.16061019897461,2222800,0.0,0.0
2025-08-14 00:00:00-04:00,15.005514171649022,15.073369194525698,14.840725778944185,15.05398178100586,1526300,0.0,0.0
2025-08-15 00:00:00-04:00,15.141223265966117,15.141223265966117,14.918273557541992,15.005514144897461,1049500,0.0,0.0
2025-08-18 00:00:00-04:00,15.005513921761317,15.189690649361644,14.91827333570314,14.927966117858887,1259100,0.0,0.0
2025-08-19 00:00:00-04:00,15.024901638226977,15.257545054630034,14.995821442287284,15.150917053222656,2039900,0.0,0.0
2025-08-20 00:00:00-04:00,15.451414793114008,15.528963524152774,15.209077666390847,15.22846508026123,2657500,0.0,0.0
2025-08-21 00:00:00-04:00,15.170303425587088,15.40294776464201,15.121836740874953,15.315706253051758,1556500,0.0,0.0
2025-08-22 00:00:00-04:00,15.39325407339998,15.80037958715925,15.364173877654908,15.771300315856934,2147400,0.0,0.0
2025-08-25 00:00:00-04:00,15.71313884764735,15.916703001194552,15.6743658677104,15.887621879577637,1365500,0.0,0.0
2025-08-26 00:00:00-04:00,15.77129997883379,15.965168562619917,15.732525152745282,15.858541488647461,1519000,0.0,0.0
2025-08-27 00:00:00-04:00,15.72283294862609,15.916703399823072,15.65497884537284,15.848849296569824,1106500,0.0,0.0
2025-08-28 00:00:00-04:00,15.887621203300958,16.05241052101114,15.79068783314187,16.01363754272461,1148500,0.0,0.0
2025-08-29 00:00:00-04:00,15.974863488028385,16.17842764275411,15.91670309334344,16.129959106445312,1235500,0.0,0.0
2025-09-02 00:00:00-04:00,16.120264167894614,16.129957874415954,15.858541487360313,15.907008171081543,1591200,0.0,0.0
2025-09-03 00:00:00-04:00,15.732526271440959,15.907009303475299,15.587124361040875,15.790688514709473,1909400,0.0,0.0
2025-09-04 00:00:00-04:00,15.780993626991886,16.217199325561523,15.732525094560508,16.217199325561523,1465400,0.0,0.0
2025-09-05 00:00:00-04:00,16.25597381591797,16.488617220129505,16.12995748308333,16.25597381591797,1380800,0.0,0.0
2025-09-08 00:00:00-04:00,16.343216279438742,16.61463267578324,16.255974766646432,16.304441452026367,1822900,0.0,0.0
2025-09-09 00:00:00-04:00,16.30444049846334,16.401375712439503,15.926395197730269,16.25597381591797,1879300,0.0,0.0
2025-09-10 00:00:00-04:00,16.265668372686388,16.314135057765935,15.868235638600455,16.01363754272461,1382300,0.0,0.0
2025-09-11 00:00:00-04:00,16.042716750434202,16.275362014770508,16.042716750434202,16.275362014770508,1179300,0.0,0.0
2025-09-12 00:00:00-04:00,16.236587594641183,16.236587594641183,15.926396366266744,15.974863052368164,1164200,0.0,0.0
2025-09-15 00:00:00-04:00,16.081492849236618,16.28505516052246,15.994251330432498,16.28505516052246,1204800,0.0,0.0
2025-09-16 00:00:00-04:00,16.294748880697735,16.362602984512375,16.110573984311042,16.188121795654297,1013600,0.0,0.0
2025-09-17 00:00:00-04:00,16.246281353322047,16.362602139889727,15.907009002876107,16.07179832458496,1350100,0.0,0.0
2025-09-18 00:00:00-04:00,16.12026371869629,16.285053027196202,16.110571861330488,16.159038543701172,1520900,0.0,0.0
2025-09-19 00:00:00-04:00,16.159039613813018,16.178427027599366,15.974862880613792,16.04271697998047,2488300,0.0,0.0
2025-09-22 00:00:00-04:00,15.936089669131205,16.42076391339651,15.858541864004176,16.372295379638672,2427400,0.0,0.0
2025-09-23 00:00:00-04:00,16.53708576117802,16.915132953282953,16.508006487936925,16.5177001953125,2345300,0.0,0.0
2025-09-24 00:00:00-04:00,16.478923686614955,16.730954506041204,16.42076329717365,16.643712997436523,1351200,0.0,0.0
2025-09-25 00:00:00-04:00,16.47892531829583,16.60493981604371,16.30444228380982,16.420764923095703,1236700,0.0,0.0
2025-09-26 00:00:00-04:00,16.488617725849366,16.721261137196272,16.46923031268242,16.604938507080078,1299100,0.0,0.0
2025-09-29 00:00:00-04:00,16.68248642063208,16.818196464808185,16.595246758577755,16.798809051513672,1381500,0.0,0.0
2025-09-30 00:00:00-04:00,16.760036806433387,16.779422371689797,16.47892484803131,16.721261978149414,1079600,0.0,0.0
2025-10-01 00:00:00-04:00,16.730955172168137,17.031452686611917,16.69218034507319,16.924823760986328,1523700,0.0,0.0
2025-10-02 00:00:00-04:00,16.97329398286484,17.37072675568553,16.87635875437269,17.35133934020996,1720800,0.0,0.0
2025-10-03 00:00:00-04:00,17.44827225563931,18.000800581246214,17.438578549186587,17.748769760131836,3170500,0.0,0.0
2025-10-06 00:00:00-04:00,17.777852934437107,17.845707038563972,17.487049102783203,17.487049102783203,1775500,0.0,0.0
2025-10-07 00:00:00-04:00,17.487046675007175,17.487046675007175,16.82788944262627,16.87635612487793,1954500,0.0,0.0
2025-10-08 00:00:00-04:00,16.75034203267244,16.84727539943834,16.575859014277082,16.837583541870117,2063700,0.0,0.0
2025-10-09 00:00:00-04:00,16.866662237746755,16.963597450095808,16.469229531112486,16.488616943359375,1548000,0.0,0.0
2025-10-10 00:00:00-04:00,16.508006605826946,16.55647329416531,15.8779285641143,15.897315979003906,1905200,0.0,0.0
2025-10-13 00:00:00-04:00,16.091184839010864,16.304440835052546,16.091184839010864,16.217199325561523,987700,0.0,0.0
2025-10-14 00:00:00-04:00,16.091185112246784,16.537084524874277,16.071797698945023,16.440149307250977,1528500,0.0,0.0
2025-10-15 00:00:00-04:00,16.420764923095703,16.653408352781838,16.3819900937052,16.420764923095703,1363900,0.0,0.0
2025-10-16 00:00:00-04:00,16.42076272871919,16.585552033836077,16.168731918017752,16.29474639892578,1119200,0.0,0.0
2025-10-17 00:00:00-04:00,16.265667068820704,16.488616760531663,16.16873185754648,16.197811126708984,929900,0.0,0.0
2025-10-20 00:00:00-04:00,16.294748480811556,16.391683704833174,16.188121398384833,16.22689437866211,846400,0.0,0.0
2025-10-21 00:00:00-04:00,16.139651189369488,16.42076312501182,16.139651189369488,16.25597381591797,1070800,0.0,0.0
2025-10-22 00:00:00-04:00,16.20750483022921,16.391681546733345,16.03302366862492,16.10087776184082,1032700,0.0,0.0
2025-10-23 00:00:00-04:00,16.1784267961113,16.333522406411827,16.12995826233894,16.275362014770508,873900,0.0,0.0
2025-10-24 00:00:00-04:00,16.401375252747812,16.401375252747812,16.06210293778295,16.10087776184082,945800,0.0,0.0
2025-10-27 00:00:00-04:00,16.236586849817197,16.604938454392993,16.159039046280952,16.411069869995117,1538800,0.0,0.0
2025-10-28 00:00:00-04:00,16.35291120425138,16.49831312010621,16.275363392536423,16.478925704956055,1458100,0.0,0.0
2025-10-29 00:00:00-04:00,16.41107072661261,16.469231120079254,16.081492082159006,16.168733596801758,1510500,0.0,0.0
2025-10-30 00:00:00-04:00,16.081492815936485,16.294748834301824,15.974863882310988,16.0911865234375,1384800,0.0,0.0
2025-10-31 00:00:00-04:00,15.974862377142259,16.217199495177372,15.858541595861274,16.14934539794922,2186100,0.0,0.0
2025-11-03 00:00:00-05:00,16.02333085495496,16.1105723650583,15.897314518634367,16.052410125732422,1397400,0.0,0.0
2025-11-04 00:00:00-05:00,15.829460255312842,17.05083953504058,15.26723822326853,16.120264053344727,3646000,0.0,0.0
2025-11-05 00:00:00-05:00,16.149345622386566,16.49831166885028,16.139651915664185,16.17842674255371,1641300,0.0,0.0
2025-11-06 00:00:00-05:00,16.246280051076738,16.527390136820465,16.042715917571943,16.159038543701172,2007200,0.0,0.0
2025-11-07 00:00:00-05:00,16.129958493133493,16.343216347012245,15.945783608819811,16.04271697998047,1450700,0.0,0.0
2025-11-10 00:00:00-05:00,16.255973483680787,16.478923177049555,16.062103059690756,16.391681671142578,1812300,0.0,0.0
2025-11-11 00:00:00-05:00,16.420765216932015,16.59524825454026,16.188121783082913,16.28505516052246,1501300,0.0,0.0
2025-11-12 00:00:00-05:00,16.566166688796425,16.566166688796425,16.052411297236848,16.129959106445312,1564100,0.0,0.0
2025-11-13 00:00:00-05:00,16.17842804206097,16.17842804206097,16.00394500481403,16.0911865234375,1493600,0.0,0.0
2025-11-14 00:00:00-05:00,15.994250859029815,16.217200578786777,15.897315635561606,15.984557151794434,1511300,0.0,0.0
2025-11-17 00:00:00-05:00,15.89731497827986,15.98455649090565,15.654977854071674,15.703446388244629,3008000,0.0,0.0
2025-11-18 00:00:00-05:00,15.62483021624304,15.76240861549556,15.457772204131794,15.477426528930664,3049400,0.22,0.0
2025-11-19 00:00:00-05:00,15.487253034132397,15.516733582909914,15.172790410883128,15.212098121643066,2084900,0.0,0.0
2025-11-20 00:00:00-05:00,15.271060223194471,15.487253101905083,15.143309928373188,15.192444801330566,1937800,0.0,0.0
2025-11-21 00:00:00-05:00,15.330022510438727,15.506906743958332,15.231752762906904,15.428291320800781,1290900,0.0,0.0
2025-11-24 00:00:00-05:00,15.447945830288567,15.506906929778381,15.212098620819978,15.369330406188965,1344700,0.0,0.0
2025-11-25 00:00:00-05:00,15.575695757886969,15.762408088555258,15.556041433745145,15.654311180114746,1405300,0.0,0.0
2025-11-26 00:00:00-05:00,15.654311024909848,15.732926446358192,15.369329887867165,15.379156112670898,1997000,0.0,0.0
2025-11-28 00:00:00-05:00,15.349676081579174,15.497080704643265,15.192445233379967,15.369330406188965,1443700,0.0,0.0
2025-12-01 00:00:00-05:00,15.300540691222555,15.526560730763853,15.25140675569465,15.379156112670898,1968400,0.0,0.0
2025-12-02 00:00:00-05:00,15.349675541223345,15.438118124514393,15.06469440460205,15.06469440460205,3279900,0.0,0.0
2025-12-03 00:00:00-05:00,15.13348357066218,15.212098996704336,14.966425556030146,15.084349632263184,1356600,0.0,0.0
2025-12-04 00:00:00-05:00,15.03521405489394,15.045041216982957,14.740405752411753,14.838675498962402,1601300,0.0,0.0
2025-12-05 00:00:00-05:00,14.936944647407218,15.05486778364296,14.681444050311557,14.720751762390137,1525900,0.0,0.0
2025-12-08 00:00:00-05:00,14.701098611442829,14.809194587105496,14.602828861080551,14.642136573791504,1499000,0.0,0.0
2025-12-09 00:00:00-05:00,14.612655815625851,15.074522136284939,14.612655815625851,15.0352144241333,1386000,0.0,0.0
2025-12-10 00:00:00-05:00,15.03521473342478,15.45777241345494,15.03521473342478,15.251407623291016,1581100,0.0,0.0
2025-12-11 00:00:00-05:00,15.349676093000989,15.69361927657002,15.221925794451629,15.683792114257812,1523800,0.0,0.0
2025-12-12 00:00:00-05:00,15.713272664024656,15.90981216158969,15.664137789633397,15.683792114257812,1802800,0.0,0.0
2025-12-15 00:00:00-05:00,15.742754484908364,15.850849523956523,15.43811900695623,15.732927322387695,1404500,0.0,0.0
2025-12-16 00:00:00-05:00,15.703445013659623,15.752580823693553,15.447945361671445,15.52656078338623,1504800,0.0,0.0
2025-12-17 00:00:00-05:00,15.4479457122377,15.585522234775778,15.408638000488281,15.408638000488281,1309300,0.0,0.0
2025-12-18 00:00:00-05:00,15.605176390790765,15.870503207942917,15.418464059119101,15.782060623168945,1489600,0.0,0.0
2025-12-19 00:00:00-05:00,15.742754248713306,15.919639422752264,15.742754248713306,15.811542510986328,2766000,0.0,0.0
2025-12-22 00:00:00-05:00,15.791887969887739,16.12600398864174,15.713272546318535,15.723099708557129,1578900,0.0,0.0
2025-12-23 00:00:00-05:00,15.782060330682532,15.860675751875815,15.36932983800267,15.398810386657715,1003400,0.0,0.0
2025-12-24 00:00:00-05:00,15.38898322471612,15.457771483967806,15.339848352177881,15.398810386657715,626700,0.0,0.0
2025-12-26 00:00:00-05:00,15.428291704818424,15.497080904670803,15.300541404715194,15.457772254943848,1053900,0.0,0.0
2025-12-29 00:00:00-05:00,15.438118500664858,15.506906761714038,15.133483032703209,15.26123332977295,1317100,0.0,0.0
2025-12-30 00:00:00-05:00,15.231752395629883,15.330022140792167,15.192444684998918,15.231752395629883,1283800,0.0,0.0
2025-12-31 00:00:00-05:00,15.192444734847971,15.280887318350274,15.153137024088032,15.212098121643066,895900,0.0,0.0
2026-01-02 00:00:00-05:00,15.241580147221848,15.349676121346407,15.025387261802946,15.0352144241333,1522600,0.0,0.0
2026-01-05 00:00:00-05:00,14.995906859152175,15.320195721878223,14.976252534298578,15.143310546875,2072800,0.0,0.0
2026-01-06 00:00:00-05:00,15.19244554599975,15.497081023531628,15.123657282789564,15.418464660644531,1608700,0.0,0.0
2026-01-07 00:00:00-05:00,15.349675569556743,15.398810442272437,14.524212706876268,14.730578422546387,2047500,0.0,0.0
2026-01-08 00:00:00-05:00,14.632310074993686,15.192445204947521,14.632310074993686,15.0548677444458,1618700,0.0,0.0
2026-01-09 00:00:00-05:00,15.074522156470348,15.162964743222407,14.494732698579982,14.868156433105469,1875400,0.0,0.0
2026-01-12 00:00:00-05:00,14.799368191307789,14.868156453467025,14.622483017561429,14.701098442077637,1632700,0.0,0.0
2026-01-13 00:00:00-05:00,14.504559231037563,14.789540366435181,14.31784690329824,14.435770034790039,2115900,0.0,0.0
2026-01-14 00:00:00-05:00,14.416116948511531,14.534040082460468,14.327674363757387,14.337501525878906,1985000,0.0,0.0
2026-01-15 00:00:00-05:00,14.396462557324938,14.484905141667824,14.023039770141267,14.357154846191406,1697300,0.0,0.0
2026-01-16 00:00:00-05:00,14.317847235088458,14.317847235088458,13.944423508126134,14.003385543823242,2056700,0.0,0.0
2026-01-20 00:00:00-05:00,13.826500864314543,13.895290064596018,13.561174037191067,13.679097175598145,1737300,0.0,0.0
2026-01-21 00:00:00-05:00,13.679096606983027,13.924770036078023,13.64961605789916,13.708577156066895,2150600,0.0,0.0
2026-01-22 00:00:00-05:00,13.797019958496094,13.973905130133792,13.669269660887732,13.797019958496094,1476400,0.0,0.0
2026-01-23 00:00:00-05:00,13.747884967727565,13.895289588563895,13.65944238265972,13.83632755279541,1190900,0.0,0.0
2026-01-26 00:00:00-05:00,13.905116148541753,14.013213060526533,13.816674498513004,13.885462760925293,1300900,0.0,0.0
2026-01-27 00:00:00-05:00,14.003386113818143,14.003386113818143,13.757712673224843,13.973905563354492,1341200,0.0,0.0
2026-01-28 00:00:00-05:00,13.973905421341065,14.02304029639434,13.688924270635823,13.698750495910645,1281700,0.0,0.0
2026-01-29 00:00:00-05:00,13.67909659147549,13.89528947124153,13.659442267328687,13.875635147094727,1071700,0.0,0.0
2026-01-30 00:00:00-05:00,13.787192468064868,14.258885935480576,13.669269335503378,14.22940444946289,2302100,0.0,0.0
2026-02-02 00:00:00-05:00,14.347328874701647,14.366982262030671,14.023040017829672,14.111481666564941,1414800,0.0,0.0
2026-02-03 00:00:00-05:00,14.062347309294912,14.062347309294912,13.728231300161193,13.93459701538086,1186400,0.0,0.0
2026-02-04 00:00:00-05:00,14.131136391854206,14.308021568681148,14.062348128496971,14.140963554382324,1683400,0.0,0.0
2026-02-05 00:00:00-05:00,14.101655188934167,14.111481413837812,13.728231464672739,13.875635147094727,1348000,0.0,0.0
2026-02-06 00:00:00-05:00,13.787193040634833,14.09182851528057,13.757712490562596,14.032866477966309,2036800,0.0,0.0
2026-02-09 00:00:00-05:00,13.964077782324452,14.05252036696798,13.777366388097924,14.023039817810059,1551900,0.0,0.0
2026-02-10 00:00:00-05:00,14.101655441485315,14.239231964297806,13.954250819253653,14.111481666564941,1564900,0.0,0.0
2026-02-11 00:00:00-05:00,14.160616897436919,14.199924610255149,13.934597783024547,13.993558883666992,947400,0.0,0.0
2026-02-12 00:00:00-05:00,13.954250459086595,14.03286588071313,13.177922467647242,13.266365051269531,1477000,0.0,0.0
2026-02-13 00:00:00-05:00,13.197577409072743,13.344981097226178,13.158269696420508,13.217230796813965,1662800,0.0,0.0
2026-02-17 00:00:00-05:00,13.295845835025007,13.344980708702243,13.079653890316791,13.187749862670898,1208900,0.0,0.0
2026-02-18 00:00:00-05:00,13.177923179272303,13.639789509146897,13.177923179272303,13.34498119354248,1779300,0.0,0.0
2026-02-19 00:00:00-05:00,13.286020041957814,13.42359656812301,13.168095966430792,13.364635467529297,2121800,0.0,0.0
2026-02-20 00:00:00-05:00,13.315500041371575,13.462903723927335,13.187749745810695,13.227057456970215,1843900,0.0,0.0
2026-02-23 00:00:00-05:00,13.128787468040397,13.177922340374876,12.539171811535887,12.824152946472168,2216400,0.0,0.0
2026-02-24 00:00:00-05:00,13.089480195763294,13.482558250427246,12.873288249726379,13.482558250427246,2473500,0.0,0.0
2026-02-25 00:00:00-05:00,13.335153332072954,13.610308245372451,13.030518807078888,13.580826759338379,2481400,0.0,0.0
2026-02-26 00:00:00-05:00,13.59065455905235,13.659442822020042,13.344981120259401,13.531693458557129,2159200,0.0,0.0
2026-02-27 00:00:00-05:00,13.286020160094722,13.413769524906959,13.177923246095407,13.32532787322998,1927100,0.0,0.0
2026-03-02 00:00:00-05:00,13.030519462583488,13.335154002902295,12.83398089831816,13.197577476501465,1788900,0.0,0.0
2026-03-03 00:00:00-05:00,12.94207687437164,13.335154002902295,12.843807123654077,13.197577476501465,2737200,0.0,0.0
2026-03-04 00:00:00-05:00,13.32532735468783,13.443250489504743,13.138615021683727,13.335153579711914,1849400,0.0,0.0
2026-03-05 00:00:00-05:00,13.158269115927588,13.453076479228676,13.11896140500946,13.413768768310547,1291200,0.0,0.0
2026-03-06 00:00:00-05:00,13.2172304625492,13.315500210279437,13.05017245370966,13.168095588684082,1127100,0.0,0.0
2026-03-09 00:00:00-04:00,12.961729719340626,13.11896150133739,12.548999220254618,13.059999465942383,964200,0.0,0.0
2026-03-10 00:00:00-04:00,12.930000305175781,13.050000190734863,12.670000076293945,12.760000228881836,1668200,0.23,0.0
2026-03-11 00:00:00-04:00,12.859999656677246,13.020000457763672,12.739999771118164,12.970000267028809,1067300,0.0,0.0
2026-03-12 00:00:00-04:00,12.859999656677246,12.9399995803833,12.609999656677246,12.640000343322754,1081700,0.0,0.0
2026-03-13 00:00:00-04:00,12.649999618530273,12.770000457763672,12.600000381469727,12.670000076293945,1201600,0.0,0.0
2026-03-16 00:00:00-04:00,12.739999771118164,12.859999656677246,12.699999809265137,12.770000457763672,846100,0.0,0.0
2026-03-17 00:00:00-04:00,12.819999694824219,12.979999542236328,12.699999809265137,12.739999771118164,852700,0.0,0.0
2026-03-18 00:00:00-04:00,12.649999618530273,12.779999732971191,12.569999694824219,12.619999885559082,809300,0.0,0.0
2026-03-19 00:00:00-04:00,12.569999694824219,13.149999618530273,12.529999732971191,12.949999809265137,1039600,0.0,0.0
2026-03-20 00:00:00-04:00,12.970000267028809,12.970000267028809,12.65999984741211,12.789999961853027,1836200,0.0,0.0
2026-03-23 00:00:00-04:00,13.079999923706055,13.279999732971191,13.039999961853027,13.050000190734863,1175500,0.0,0.0
2026-03-24 00:00:00-04:00,12.920000076293945,13.069999694824219,12.760000228881836,13.020000457763672,689400,0.0,0.0
2026-03-25 00:00:00-04:00,13.170000076293945,13.25,12.880000114440918,12.9399995803833,931400,0.0,0.0
2026-03-26 00:00:00-04:00,12.880000114440918,13.09000015258789,12.829999923706055,12.880000114440918,882800,0.0,0.0
2026-03-27 00:00:00-04:00,12.800000190734863,12.949999809265137,12.529999732971191,12.609999656677246,1111800,0.0,0.0
2026-03-30 00:00:00-04:00,12.699999809265137,12.75,12.430000305175781,12.479999542236328,1007300,0.0,0.0
2026-03-31 00:00:00-04:00,12.619999885559082,12.869999885559082,12.5,12.739999771118164,901700,0.0,0.0
2026-04-01 00:00:00-04:00,12.770000457763672,13.020000457763672,12.670000076293945,12.8100004196167,1127900,0.0,0.0
2026-04-02 00:00:00-04:00,12.649999618530273,12.75,12.40999984741211,12.729999542236328,805800,0.0,0.0
2026-04-06 00:00:00-04:00,12.640000343322754,12.729999542236328,12.479999542236328,12.539999961853027,977900,0.0,0.0
2026-04-07 00:00:00-04:00,12.449999809265137,12.489999771118164,12.1899995803833,12.270000457763672,1706500,0.0,0.0
2026-04-08 00:00:00-04:00,12.6899995803833,12.890000343322754,12.460000038146973,12.5,1065900,0.0,0.0
2026-04-09 00:00:00-04:00,12.380000114440918,12.430000305175781,12.170000076293945,12.359999656677246,941208,0.0,0.0
