Date,Open,High,Low,Close,Volume,Dividends,Stock Splits
2022-01-03 00:00:00-05:00,24.297240981002112,24.605474784312047,23.127090606834415,23.79302978515625,92000,0.0,0.0
2022-01-04 00:00:00-05:00,23.745461119216138,24.040378019311888,23.01388103535529,23.44103240966797,66200,0.0,0.0
2022-01-05 00:00:00-05:00,23.383954864299337,23.621790044698855,21.186358305478524,21.471759796142578,51000,0.0,0.0
2022-01-06 00:00:00-05:00,22.00451037519922,22.00451037519922,20.396745841486293,20.986576080322266,73300,0.0,0.0
2022-01-07 00:00:00-05:00,20.539446542902365,21.928403140228653,19.692753872327803,19.987668991088867,51300,0.0,0.0
2022-01-10 00:00:00-05:00,19.74983620292765,20.28258656921629,18.97925062487139,20.09231948852539,38900,0.0,0.0
2022-01-11 00:00:00-05:00,20.463343737992773,21.214902133391018,19.678486740480135,20.177940368652344,135600,0.0,0.0
2022-01-12 00:00:00-05:00,20.6440948596071,21.02463079409649,19.93058930198757,20.415771484375,52900,0.0,0.0
2022-01-13 00:00:00-05:00,20.919985630278177,20.919985630278177,19.60713602075018,19.78788948059082,38900,0.0,0.0
2022-01-14 00:00:00-05:00,19.483460520209047,20.66312297751645,18.53211965323159,20.529935836791992,61900,0.0,0.0
2022-01-18 00:00:00-05:00,20.472853317797732,21.148304377415872,20.26355719208289,21.081710815429688,44800,0.0,0.0
2022-01-19 00:00:00-05:00,20.853392870349264,21.329063326502723,20.57750313480164,20.824851989746094,60000,0.0,0.0
2022-01-20 00:00:00-05:00,20.82484997629881,21.8047316744692,20.044750793957107,20.23501968383789,45300,0.0,0.0
2022-01-21 00:00:00-05:00,20.044749783711623,20.358692166015345,18.617738625142252,18.77946662902832,67100,0.0,0.0
2022-01-24 00:00:00-05:00,18.237202476251067,20.644095256834117,18.142068037163558,20.349178314208984,51800,0.0,0.0
2022-01-25 00:00:00-05:00,20.00669713252443,20.520420206977562,19.502485869018376,20.111343383789062,38300,0.0,0.0
2022-01-26 00:00:00-05:00,20.606038622836667,20.891440096024105,19.140974944849056,19.51199722290039,43500,0.0,0.0
2022-01-27 00:00:00-05:00,19.66421241831601,20.19696270432418,19.169514816896367,19.550050735473633,40700,0.0,0.0
2022-01-28 00:00:00-05:00,19.7498341182081,21.024630863882788,19.359784557244488,20.501392364501953,64100,0.0,0.0
2022-01-31 00:00:00-05:00,20.54896280631308,21.195874877264995,20.54896280631308,20.767770767211914,54500,0.0,0.0
2022-02-01 00:00:00-05:00,20.929495548293453,20.958036422729492,20.211234113101185,20.958036422729492,59800,0.0,0.0
2022-02-02 00:00:00-05:00,21.024629436060078,22.1567253557621,20.78964853437265,21.100736618041992,117600,0.0,0.0
2022-02-03 00:00:00-05:00,21.052999986834468,21.339436463380068,20.804757590044925,21.0911922454834,79500,0.08,0.0
2022-02-04 00:00:00-05:00,20.862043290744452,21.46355677063399,20.51832026160355,21.339435577392578,59200,0.0,0.0
2022-02-07 00:00:00-05:00,21.35852952108597,21.58767757670387,20.61379697449764,21.158023834228516,50900,0.0,0.0
2022-02-08 00:00:00-05:00,21.01480857877482,22.151002725608368,21.01480857877482,21.65451431274414,52100,0.0,0.0
2022-02-09 00:00:00-05:00,21.94094920405869,22.37919497648081,21.348983784474942,21.67361068725586,33900,0.0,0.0
2022-02-10 00:00:00-05:00,21.549483840676462,21.864562623108117,21.110283886241252,21.511293411254883,69700,0.0,0.0
2022-02-11 00:00:00-05:00,21.606778917786567,22.04598086656421,21.266876495328198,21.749998092651367,33900,0.0,0.0
2022-02-14 00:00:00-05:00,21.721348867128867,23.249004536291206,21.721348867128867,22.294219970703125,85100,0.0,0.0
2022-02-15 00:00:00-05:00,22.61884462427086,22.80980042577611,21.72230097175701,21.95049476623535,90300,0.0,0.0
2022-02-16 00:00:00-05:00,21.893208091073852,22.170094639166415,20.222335276007595,21.301240921020508,49200,0.0,0.0
2022-02-17 00:00:00-05:00,21.081640154373783,21.69270160719115,20.5946998762449,21.234405517578125,58600,0.0,0.0
2022-02-18 00:00:00-05:00,20.967068222734316,21.97914117521907,20.77229354048729,21.167573928833008,55500,0.0,0.0
2022-02-22 00:00:00-05:00,20.776110923063804,21.005258984360363,20.336909106415224,20.55651092529297,23000,0.0,0.0
2022-02-23 00:00:00-05:00,20.65198955515821,21.482652936662948,19.97409338106601,20.05047607421875,38900,0.0,0.0
2022-02-24 00:00:00-05:00,19.88816277377777,20.5565127097403,19.668562756944134,20.546964645385742,58600,0.0,0.0
2022-02-25 00:00:00-05:00,20.69018126923374,21.10073891706898,20.34645824851456,20.97661590576172,107300,0.0,0.0
2022-02-28 00:00:00-05:00,20.976620326517825,21.49220496625442,20.67108949753646,21.02436065673828,76500,0.0,0.0
2022-03-01 00:00:00-05:00,21.091189407245956,21.33943359173645,20.556510605862442,20.852493286132812,40400,0.0,0.0
2022-03-02 00:00:00-05:00,20.957522990764087,21.52084605831004,20.890686538101868,21.41581916809082,48300,0.0,0.0
2022-03-03 00:00:00-05:00,21.444458333026134,21.454006396263836,20.34645655618646,20.508769989013672,72500,0.0,0.0
2022-03-04 00:00:00-05:00,20.403742737845693,20.403742737845693,19.86906218076809,20.00273323059082,124200,0.0,0.0
2022-03-07 00:00:00-05:00,19.897709359989104,19.95499592075373,19.1529767856212,19.458507537841797,66400,0.0,0.0
2022-03-08 00:00:00-05:00,19.582631337035277,21.482652372808623,19.525344773951083,20.97661590576172,46500,0.0,0.0
2022-03-09 00:00:00-05:00,21.09119407431747,22.67613652353717,21.09119407431747,22.38970184326172,29900,0.0,0.0
2022-03-10 00:00:00-05:00,21.912303773747706,23.010305522907636,21.635415410155066,22.38014793395996,117500,0.0,0.0
2022-03-11 00:00:00-05:00,21.37762532108226,22.423115560494306,20.241433026849844,21.769086837768555,291200,0.0,0.0
2022-03-14 00:00:00-04:00,21.759539467448054,23.573629639747157,21.749991403986172,23.439958572387695,148900,0.0,0.0
2022-03-15 00:00:00-04:00,23.325390103030436,24.213340149824607,23.2967459069345,24.165599822998047,46000,0.0,0.0
2022-03-16 00:00:00-04:00,24.432936422681397,25.387720958710815,23.49724801443824,23.85051727294922,72600,0.0,0.0
2022-03-17 00:00:00-04:00,23.917354307720448,24.919879264176025,23.620417321500664,24.700279235839844,37700,0.0,0.0
2022-03-18 00:00:00-04:00,24.347008401623523,24.633443066140927,23.917354583740234,23.917354583740234,167300,0.0,0.0
2022-03-21 00:00:00-04:00,23.936450812425367,24.117860405292,22.07462184316647,22.61884880065918,48200,0.0,0.0
2022-03-22 00:00:00-04:00,22.67613079920507,23.88870749374399,22.51859049004774,23.840967178344727,73600,0.0,0.0
2022-03-23 00:00:00-04:00,23.65001035314533,24.662081321275185,22.857539362996214,23.90780258178711,61600,0.0,0.0
2022-03-24 00:00:00-04:00,23.907803230655393,24.11308020965618,23.01030534793668,23.32538414001465,25500,0.0,0.0
2022-03-25 00:00:00-04:00,23.306293376032365,24.087307984525204,22.618849077282782,22.809804916381836,15500,0.0,0.0
2022-03-28 00:00:00-04:00,22.485176867533568,22.953022929641953,22.361055669352467,22.876638412475586,16900,0.0,0.0
2022-03-29 00:00:00-04:00,23.19171958403922,23.965094626003452,22.933927296348752,23.726398468017578,30600,0.0,0.0
2022-03-30 00:00:00-04:00,23.735941705591276,24.10830705356544,22.847991887092768,23.163070678710938,41800,0.0,0.0
2022-03-31 00:00:00-04:00,23.000758701207427,23.965091262665705,23.000758701207427,23.449506759643555,37200,0.0,0.0
2022-04-01 00:00:00-04:00,23.630920636719434,24.82440147695779,23.268103262574158,24.1369571685791,55700,0.0,0.0
2022-04-04 00:00:00-04:00,24.136955754526653,24.136955754526653,22.475630740775696,22.723873138427734,31900,0.0,0.0
2022-04-05 00:00:00-04:00,22.953018221694826,22.953018221694826,21.301239798914718,21.520841598510742,37800,0.0,0.0
2022-04-06 00:00:00-04:00,21.530389089152834,21.988687019200515,20.90309608516556,21.95049476623535,35500,0.0,0.0
2022-04-07 00:00:00-04:00,22.093714312368167,23.220360393557065,22.093714312368167,22.94347381591797,15800,0.0,0.0
2022-04-08 00:00:00-04:00,22.91673798758951,23.439958384925163,22.43743540383487,23.2585506439209,39500,0.0,0.0
2022-04-11 00:00:00-04:00,23.315837327251625,23.898256449120836,22.73341820538241,23.268098831176758,29600,0.0,0.0
2022-04-12 00:00:00-04:00,23.249002889206213,24.891231570074826,23.249002889206213,23.449506759643555,79800,0.0,0.0
2022-04-13 00:00:00-04:00,24.347002114822693,24.347002114822693,23.5545311384394,23.71684455871582,29500,0.0,0.0
2022-04-14 00:00:00-04:00,23.860066231237976,24.070118181439742,22.170097102051663,22.628395080566406,29800,0.0,0.0
2022-04-18 00:00:00-04:00,22.313314766541968,22.733418639115293,21.74044369717925,22.666584014892578,32500,0.0,0.0
2022-04-19 00:00:00-04:00,22.65703414529593,24.709820310871343,22.485172656075395,24.270620346069336,41700,0.0,0.0
2022-04-20 00:00:00-04:00,24.595247866198513,25.683701565988535,24.251524878430363,24.32790756225586,47400,0.0,0.0
2022-04-21 00:00:00-04:00,24.662084158490366,24.87213609797098,23.28719393533528,23.49724769592285,27600,0.0,0.0
2022-04-22 00:00:00-04:00,23.583176341237426,23.583176341237426,22.57301386703448,23.163070678710938,25600,0.0,0.0
2022-04-25 00:00:00-04:00,23.077137757333862,23.516337683155736,22.35245569439983,23.45905113220215,19800,0.0,0.0
2022-04-26 00:00:00-04:00,23.516342087983105,24.098761231941342,22.666584442095413,23.18216896057129,32000,0.0,0.0
2022-04-27 00:00:00-04:00,23.143981554160757,23.75504319642802,22.55201604349118,23.277650833129883,30000,0.0,0.0
2022-04-28 00:00:00-04:00,23.583179667080017,24.146502710493113,22.86709123776917,24.089214324951172,23800,0.0,0.0
2022-04-29 00:00:00-04:00,24.060481066421783,25.286491630331277,24.060481066421783,24.309513092041016,54000,0.08,0.0
2022-05-02 00:00:00-04:00,24.40529576276759,24.70222179643923,23.792290477329114,24.453187942504883,60200,0.0,0.0
2022-05-03 00:00:00-04:00,24.769267664557987,25.621728321294054,24.280778419391325,24.826736450195312,99500,0.0,0.0
2022-05-04 00:00:00-04:00,25.209864963265925,25.209864963265925,23.763554085378736,24.625593185424805,56000,0.0,0.0
2022-05-05 00:00:00-04:00,24.596859370514814,25.13802909463199,23.734820282219147,24.472341537475586,83700,0.0,0.0
2022-05-06 00:00:00-04:00,24.434030645253372,24.443609081034083,23.629460308671696,23.945541381835938,91800,0.0,0.0
2022-05-09 00:00:00-04:00,23.90722722399628,24.558546230587808,22.116101782769366,22.451339721679688,109500,0.0,0.0
2022-05-10 00:00:00-04:00,22.930247584024205,23.773129713513097,22.85362193588885,23.46662712097168,76700,0.0,0.0
2022-05-11 00:00:00-04:00,23.715667246336125,23.715667246336125,22.16399517497526,22.21188735961914,96600,0.0,0.0
2022-05-12 00:00:00-04:00,22.077790627723296,23.445561432621666,21.7904448332102,22.48007583618164,123900,0.0,0.0
2022-05-13 00:00:00-04:00,23.46663089158139,23.993432078795724,22.662060543432325,22.90151596069336,209100,0.0,0.0
2022-05-16 00:00:00-04:00,23.05476695012767,23.115109451336323,22.345979144453306,22.74826431274414,73600,0.0,0.0
2022-05-17 00:00:00-04:00,23.236752045657017,23.437893703104187,22.786576555013554,23.04518699645996,84200,0.0,0.0
2022-05-18 00:00:00-04:00,22.93025360239047,23.227177838484444,22.587353599968385,22.987722396850586,75800,0.0,0.0
2022-05-19 00:00:00-04:00,22.9589847354723,23.428317133793193,22.527966080802017,23.32295799255371,86300,0.0,0.0
2022-05-20 00:00:00-04:00,23.725244181248833,23.725244181248833,22.834469699166995,23.006877899169922,102900,0.0,0.0
2022-05-23 00:00:00-04:00,23.370848835780205,23.96469908653088,22.777000411929414,23.907228469848633,126500,0.0,0.0
2022-05-24 00:00:00-04:00,23.591151202928916,23.782716302400036,23.284648505295277,23.552839279174805,95400,0.0,0.0
2022-05-25 00:00:00-04:00,23.543254133928922,25.650462320157086,23.466628481351517,25.411006927490234,209400,0.0,0.0
2022-05-26 00:00:00-04:00,25.717508574534243,26.148527169050702,24.74053017059091,25.027875900268555,140700,0.0,0.0
2022-05-27 00:00:00-04:00,25.037457010645277,26.675332960169623,24.975199919597994,26.110218048095703,187500,0.0,0.0
2022-05-31 00:00:00-04:00,26.100641335552897,26.368832069345295,23.61030454916603,24.12752914428711,301400,0.0,0.0
2022-06-01 00:00:00-04:00,23.83060105442081,25.171552781276603,23.39000398700801,25.037456512451172,141600,0.0,0.0
2022-06-02 00:00:00-04:00,25.02787808526628,25.660042034165887,24.558545711472433,25.458898544311523,154400,0.0,0.0
2022-06-03 00:00:00-04:00,25.33438335918253,26.54123702984009,25.31522648773722,25.84202766418457,136700,0.0,0.0
2022-06-06 00:00:00-04:00,26.349668948692404,27.288333554034246,25.995274199749332,26.64659309387207,206200,0.0,0.0
2022-06-07 00:00:00-04:00,26.637021612141613,27.173403092531416,25.123663362477437,26.761539459228516,306800,0.0,0.0
2022-06-08 00:00:00-04:00,24.711794985133395,24.807577504450887,21.858444531641982,22.997295379638672,597600,0.0,0.0
2022-06-09 00:00:00-04:00,22.38429098630245,24.031743435757747,22.38429098630245,23.591144561767578,491600,0.0,0.0
2022-06-10 00:00:00-04:00,21.60845838817816,21.65635057230512,20.008895976338152,20.5069637298584,3206400,0.0,0.0
2022-06-13 00:00:00-04:00,20.10467775066836,20.10467775066836,17.643076214357123,18.572162628173828,1418400,0.0,0.0
2022-06-14 00:00:00-04:00,18.706259291852106,19.007971825422306,16.99175749557703,17.384464263916016,651400,0.0,0.0
2022-06-15 00:00:00-04:00,17.326996324053326,18.44764789122245,16.991758332235197,18.265661239624023,408700,0.0,0.0
2022-06-16 00:00:00-04:00,17.738856018886484,18.021413456769544,17.001332967205318,17.623916625976562,349600,0.0,0.0
2022-06-17 00:00:00-04:00,17.80590422534147,18.58173923312871,17.556870382628333,18.150720596313477,402700,0.0,0.0
2022-06-21 00:00:00-04:00,18.399752739470898,18.54342744630345,17.80111421733455,18.016624450683594,279100,0.0,0.0
2022-06-22 00:00:00-04:00,18.045360676909134,18.639209098063326,17.930421270966455,18.332706451416016,257300,0.0,0.0
2022-06-23 00:00:00-04:00,18.361445650232376,18.792466230221507,17.8346443430459,17.978317260742188,200500,0.0,0.0
2022-06-24 00:00:00-04:00,18.131563154880727,19.218690888584373,18.131563154880727,18.342283248901367,1531600,0.0,0.0
2022-06-27 00:00:00-04:00,19.5204056534133,19.61618818982984,18.80203937063916,19.12769889831543,447000,0.0,0.0
2022-06-28 00:00:00-04:00,19.15643243624629,19.19474617803067,18.457223090779245,18.849929809570312,384000,0.0,0.0
2022-06-29 00:00:00-04:00,18.95529091064831,18.969657650472218,17.959155539795745,18.150720596313477,287200,0.0,0.0
2022-06-30 00:00:00-04:00,18.01662211319122,18.85950606606658,17.729276390606177,18.840349197387695,219200,0.0,0.0
2022-07-01 00:00:00-04:00,18.916974551285495,19.340331111873525,18.725409521272162,19.108539581298828,176000,0.0,0.0
2022-07-05 00:00:00-04:00,19.003183585139972,19.453359148036835,18.18903473573075,19.4342041015625,271400,0.0,0.0
2022-07-06 00:00:00-04:00,19.769434413732544,20.48780051105596,19.37672776001437,20.133407592773438,854600,0.0,0.0
2022-07-07 00:00:00-04:00,20.066361474253966,21.225324630737305,20.066361474253966,21.225324630737305,252000,0.0,0.0
2022-07-08 00:00:00-04:00,21.359423034669128,21.800021963674894,21.024186903458098,21.72339630126953,501200,0.0,0.0
2022-07-11 00:00:00-04:00,21.54141006845047,21.57014537747417,19.52040567294869,19.692813873291016,180500,0.0,0.0
2022-07-12 00:00:00-04:00,19.74070684234978,20.46865159121794,19.74070684234978,20.075942993164062,125500,0.0,0.0
2022-07-13 00:00:00-04:00,19.788595899186678,20.334553968249736,19.52998360534632,19.88437843322754,85100,0.0,0.0
2022-07-14 00:00:00-04:00,19.280948845880797,19.367152939796043,18.62005322839696,19.146854400634766,167200,0.0,0.0
2022-07-15 00:00:00-04:00,19.683232606117514,20.497381309032523,19.271370864077845,20.430334091186523,203000,0.0,0.0
2022-07-18 00:00:00-04:00,21.01460555795419,21.105597948557016,20.210035300635642,20.42075538635254,81900,0.0,0.0
2022-07-19 00:00:00-04:00,20.526119654167335,21.148703403822864,20.526119654167335,20.966716766357422,92400,0.0,0.0
2022-07-20 00:00:00-04:00,21.043336856221803,21.65634383401182,20.89391657665731,21.32110595703125,123500,0.0,0.0
2022-07-21 00:00:00-04:00,21.27321802688407,21.436047780898615,20.842199379363077,21.40731430053711,57500,0.0,0.0
2022-07-22 00:00:00-04:00,21.618037633588536,21.618037633588536,20.66021583802396,20.890092849731445,77400,0.0,0.0
2022-07-25 00:00:00-04:00,20.794303336523864,21.340263111638006,20.793346041196322,21.052915573120117,65400,0.0,0.0
2022-07-26 00:00:00-04:00,21.091232331847497,21.51267252570277,20.7655728376595,21.44562530517578,76200,0.0,0.0
2022-07-27 00:00:00-04:00,21.50310219843888,22.017451355811613,21.110395369011915,21.819183349609375,152100,0.0,0.0
2022-07-28 00:00:00-04:00,21.991584215994035,22.135258925072073,21.388157380085584,22.03947639465332,182000,0.0,0.0
2022-07-29 00:00:00-04:00,22.039475141766165,22.851657484270632,21.900106020881076,22.73151206970215,105300,0.08,0.0
2022-08-01 00:00:00-04:00,22.606560467250063,22.85646313652386,22.3182103873464,22.721899032592773,98000,0.0,0.0
2022-08-02 00:00:00-04:00,22.721901008372754,23.34665865251969,22.52005758483502,23.22170639038086,105300,0.0,0.0
2022-08-03 00:00:00-04:00,23.231313453377712,23.673447623254372,23.183256029094846,23.385099411010742,96100,0.0,0.0
2022-08-04 00:00:00-04:00,23.33704511331134,23.83684862594332,22.964113291114703,23.769567489624023,168700,0.0,0.0
2022-08-05 00:00:00-04:00,23.394715979642772,24.673063156018674,23.317822985322177,24.6250057220459,86600,0.0,0.0
2022-08-08 00:00:00-04:00,24.625006736655042,25.643839411699677,24.625006736655042,25.211315155029297,164100,0.0,0.0
2022-08-09 00:00:00-04:00,24.942191335765948,25.134422918672282,24.307823628954964,24.701900482177734,128800,0.0,0.0
2022-08-10 00:00:00-04:00,25.192088734558453,25.807234481501048,25.154603791889855,25.547719955444336,119300,0.0,0.0
2022-08-11 00:00:00-04:00,25.663060407596213,26.114806490947906,25.57655556540303,25.797622680664062,115500,0.0,0.0
2022-08-12 00:00:00-04:00,25.278598388681797,25.278598388681797,23.1832635755542,24.509668350219727,251600,0.0,0.0
2022-08-15 00:00:00-04:00,24.57694846186771,25.05753017393637,24.278988313701785,25.04791831970215,113800,0.0,0.0
2022-08-16 00:00:00-04:00,25.05752778139495,26.162865246958358,24.77879136831176,25.85529327392578,95400,0.0,0.0
2022-08-17 00:00:00-04:00,25.663067772320154,26.374328586367266,25.31704830424761,26.24937629699707,133300,0.0,0.0
2022-08-18 00:00:00-04:00,26.0090791195506,26.403155937023065,25.249761044398856,25.932186126708984,129800,0.0,0.0
2022-08-19 00:00:00-04:00,25.65345175307525,26.028304893797685,25.326656049218975,25.48044204711914,116900,0.0,0.0
2022-08-22 00:00:00-04:00,25.326654540591274,25.768788799899294,24.951799588924043,24.999858856201172,80800,0.0,0.0
2022-08-23 00:00:00-04:00,25.16326126820786,25.384328438009106,24.615398354668287,24.990251541137695,148800,0.0,0.0
2022-08-24 00:00:00-04:00,25.038305477007654,25.66306314465178,24.8941313357335,25.461217880249023,90500,0.0,0.0
2022-08-25 00:00:00-04:00,25.663065340106247,26.162868950396202,25.422774473001407,25.682287216186523,116700,0.0,0.0
2022-08-26 00:00:00-04:00,25.701509450515815,25.701509450515815,24.77879345375989,24.82685089111328,92100,0.0,0.0
2022-08-29 00:00:00-04:00,24.461607879955434,24.88451843208191,24.192481483196552,24.6250057220459,74200,0.0,0.0
2022-08-30 00:00:00-04:00,24.7980144852465,24.89413118995765,24.298210920641107,24.78840446472168,150000,0.0,0.0
2022-08-31 00:00:00-04:00,25.24976465803561,25.24976465803561,24.509668350219727,24.509668350219727,77300,0.0,0.0
2022-09-01 00:00:00-04:00,24.182869681228524,24.19248153469826,23.413939736385643,24.17325782775879,98800,0.0,0.0
2022-09-02 00:00:00-04:00,24.500051728106804,24.788401811375312,23.71189813373179,23.971412658691406,127100,0.0,0.0
2022-09-06 00:00:00-04:00,24.86529748988096,26.51849784633745,24.56733552161296,25.41316032409668,230400,0.0,0.0
2022-09-07 00:00:00-04:00,25.538108983727152,26.73956312735958,25.40354670628785,26.662670135498047,146500,0.0,0.0
2022-09-08 00:00:00-04:00,26.595390256801025,26.826069243314617,25.864905882871174,26.095584869384766,96700,0.0,0.0
2022-09-09 00:00:00-04:00,26.345486330160618,26.768398702280635,26.14364291388483,26.5377197265625,111500,0.0,0.0
2022-09-12 00:00:00-04:00,26.941408031444656,27.412377829718636,25.595777941206418,26.066749572753906,129300,0.0,0.0
2022-09-13 00:00:00-04:00,25.547723330391754,26.32626517813664,24.913355627299815,25.77840232849121,174100,0.0,0.0
2022-09-14 00:00:00-04:00,25.951409596789972,26.35509826384876,25.55733278290801,26.335874557495117,144300,0.0,0.0
2022-09-15 00:00:00-04:00,26.383940369077337,26.677093713969043,25.30743637875518,25.701513290405273,213200,0.0,0.0
2022-09-16 00:00:00-04:00,25.365099654101105,25.518885640009124,24.778791270304364,24.980634689331055,750700,0.0,0.0
2022-09-19 00:00:00-04:00,24.50966632378505,25.51888714498438,24.50966632378505,25.211315155029297,134900,0.0,0.0
2022-09-20 00:00:00-04:00,24.84607531392798,24.84607531392798,23.663844721606292,23.692678451538086,108200,0.0,0.0
2022-09-21 00:00:00-04:00,23.92335558406768,24.817237807434253,23.759957738578372,23.817628860473633,137300,0.0,0.0
2022-09-22 00:00:00-04:00,23.6157806054895,23.745537863387874,22.85646259623316,23.481218338012695,148900,0.0,0.0
2022-09-23 00:00:00-04:00,23.04869789459118,23.471610303955096,22.587339902525287,23.106369018554688,126100,0.0,0.0
2022-09-26 00:00:00-04:00,23.144813218868986,23.75995717154901,22.7315126881845,23.048696517944336,97400,0.0,0.0
2022-09-27 00:00:00-04:00,23.346658617745682,23.75995731769882,22.8132126659425,22.971803665161133,105700,0.0,0.0
2022-09-28 00:00:00-04:00,22.962192473562688,23.856074706861172,22.909328194541477,23.788793563842773,131800,0.0,0.0
2022-09-29 00:00:00-04:00,23.356266356793405,23.356266356793405,22.904520287045568,23.32743263244629,85700,0.0,0.0
2022-09-30 00:00:00-04:00,23.32743462476335,23.93777356364097,22.94296965668749,23.12558937072754,253500,0.0,0.0
2022-10-03 00:00:00-04:00,23.58694832237818,24.865295441321127,23.457191056553047,24.41354751586914,142300,0.0,0.0
2022-10-04 00:00:00-04:00,25.047919655605387,25.66306552648755,24.894133646203304,25.230541229248047,141600,0.0,0.0
2022-10-05 00:00:00-04:00,24.692288617412114,25.28820890742107,24.548114471975993,25.076753616333008,66800,0.0,0.0
2022-10-06 00:00:00-04:00,24.798011628481138,25.83606788657399,24.76917790368104,25.32665252685547,62700,0.0,0.0
2022-10-07 00:00:00-04:00,24.903740652313957,25.004662357596267,24.500051997911235,24.894128799438477,51600,0.0,0.0
2022-10-10 00:00:00-04:00,24.836459172501186,25.470826787335206,24.548110923312436,25.249759674072266,66900,0.0,0.0
2022-10-11 00:00:00-04:00,25.163257486282117,26.143644570149288,24.89413108092437,25.864906311035156,137800,0.0,0.0
2022-10-12 00:00:00-04:00,25.884132194575088,26.124423058864462,25.278598189932538,25.83607292175293,98600,0.0,0.0
2022-10-13 00:00:00-04:00,25.297817550715433,27.35470640883402,24.96141003187936,27.29703712463379,107700,0.0,0.0
2022-10-14 00:00:00-04:00,27.979463829893227,28.069813046742095,25.95140871067105,26.04752540588379,104000,0.0,0.0
2022-10-17 00:00:00-04:00,26.749177630206443,27.652671749032432,26.701120193010116,27.277816772460938,63900,0.0,0.0
2022-10-18 00:00:00-04:00,27.825683595602698,28.13325561716433,26.364714659911076,27.07597541809082,120900,0.0,0.0
2022-10-19 00:00:00-04:00,26.77801133882753,27.25859301061827,26.422380095062003,27.152864456176758,54100,0.0,0.0
2022-10-20 00:00:00-04:00,27.075974659442693,27.830487826593274,26.902964943843408,27.21053695678711,69000,0.0,0.0
2022-10-21 00:00:00-04:00,27.52771879836147,28.138057768685343,27.268206077335478,27.787233352661133,119900,0.0,0.0
2022-10-24 00:00:00-04:00,27.98907664097288,28.53213259596091,27.55655241434445,28.363929748535156,114900,0.0,0.0
2022-10-25 00:00:00-04:00,28.200531195829956,28.56096743112096,27.364318323314492,27.42198944091797,129500,0.0,0.0
2022-10-26 00:00:00-04:00,27.566166627284225,27.60941905364963,27.14325421763068,27.306652069091797,102200,0.0,0.0
2022-10-27 00:00:00-04:00,27.595001669524684,27.8881568140361,27.172091073014435,27.364322662353516,124800,0.0,0.0
2022-10-28 00:00:00-04:00,27.508493373330325,29.055964978988488,27.508493373330325,28.786840438842773,152500,0.0,0.0
2022-10-31 00:00:00-04:00,28.729018750957934,29.04705210103556,28.1893261831682,28.304975509643555,113100,0.08,0.0
2022-11-01 00:00:00-04:00,28.767565549728396,30.232447031990564,28.64227864183069,29.365081787109375,106000,0.0,0.0
2022-11-02 00:00:00-04:00,29.355444692187408,29.70239079606028,28.66155432262515,28.902488708496094,87900,0.0,0.0
2022-11-03 00:00:00-04:00,28.324250811416302,29.75058402440946,28.324250811416302,29.201251983642578,191500,0.0,0.0
2022-11-04 00:00:00-04:00,29.393999195098875,30.357736873626706,28.479412711689292,28.91213035583496,266500,0.0,0.0
2022-11-07 00:00:00-05:00,29.355444621100677,29.355444621100677,28.651916657225218,28.7386531829834,94200,0.0,0.0
2022-11-08 00:00:00-05:00,28.690473217789023,28.854308708582963,27.902134974727666,28.189329147338867,86500,0.0,0.0
2022-11-09 00:00:00-05:00,28.1796892141689,28.266425751412637,27.485798754402705,27.52434730529785,62500,0.0,0.0
2022-11-10 00:00:00-05:00,28.700107375318037,28.7772063124383,27.138851600903177,27.39906120300293,203600,0.0,0.0
2022-11-11 00:00:00-05:00,28.91213209062792,28.931407286519132,28.189328788362225,28.66156005859375,338300,0.0,0.0
2022-11-14 00:00:00-05:00,28.63264516862546,28.892854779555872,28.25678806718178,28.410985946655273,199000,0.0,0.0
2022-11-15 00:00:00-05:00,25.558323786674812,25.943818492122688,23.81395725747458,24.3825626373291,739500,0.0,0.0
2022-11-16 00:00:00-05:00,24.33437761700571,25.794439685807227,24.33437761700571,25.240291595458984,252600,0.0,0.0
2022-11-17 00:00:00-05:00,25.00899354820444,25.84744430098917,25.00899354820444,25.43303680419922,193500,0.0,0.0
2022-11-18 00:00:00-05:00,26.001642387775796,26.001642387775796,24.26691528420231,24.46929931640625,122200,0.0,0.0
2022-11-21 00:00:00-05:00,24.46929998061675,24.70059681149277,24.13199325112077,24.33437728881836,158500,0.0,0.0
2022-11-22 00:00:00-05:00,24.334374418330338,24.71505121178115,23.86214321455665,24.3729248046875,145100,0.0,0.0
2022-11-23 00:00:00-05:00,24.237999931849135,24.459659135571034,23.90069140895119,24.035615921020508,87300,0.0,0.0
2022-11-25 00:00:00-05:00,24.151264039628746,24.72950697440801,23.919967233353766,24.71023178100586,119500,0.0,0.0
2022-11-28 00:00:00-05:00,24.527126248903222,24.796971640002536,24.103081128082188,24.7680606842041,156300,0.0,0.0
2022-11-29 00:00:00-05:00,24.768057961756618,25.34629907237272,24.353650484480394,24.411474227905273,130000,0.0,0.0
2022-11-30 00:00:00-05:00,24.411476620165477,25.018630581085333,24.18981738349504,24.999357223510742,151300,0.0,0.0
2022-12-01 00:00:00-05:00,25.153551015829244,25.519770484665006,24.90297902633802,25.230649948120117,94800,0.0,0.0
2022-12-02 00:00:00-05:00,24.835515971394468,25.428214317017027,24.816240780109975,25.07645034790039,128700,0.0,0.0
2022-12-05 00:00:00-05:00,25.03790262621896,25.03790262621896,24.421111145033358,24.787330627441406,138500,0.0,0.0
2022-12-06 00:00:00-05:00,24.835520355470692,24.835520355470692,23.862145081980234,23.968156814575195,119900,0.0,0.0
2022-12-07 00:00:00-05:00,23.804318297044105,23.92960337014742,22.156326125373788,22.310523986816406,131600,0.0,0.0
2022-12-08 00:00:00-05:00,22.11778178972884,22.5032765167231,21.68409907299539,22.16596794128418,126800,0.0,0.0
2022-12-09 00:00:00-05:00,21.896115524061692,22.647831442186682,21.896115524061692,22.426172256469727,89800,0.0,0.0
2022-12-12 00:00:00-05:00,22.14669199490077,22.26234132817195,20.974787329277163,21.240779876708984,135700,0.0,0.0
2022-12-13 00:00:00-05:00,21.327511736730063,21.568446130601853,20.53724721893996,20.961292266845703,407300,0.0,0.0
2022-12-14 00:00:00-05:00,20.73963453853136,21.317877492525916,20.383050801476546,21.105854034423828,287800,0.0,0.0
2022-12-15 00:00:00-05:00,20.720361875572326,21.057670459788188,20.570981860769667,20.97093391418457,171800,0.0,0.0
2022-12-16 00:00:00-05:00,20.701084280486807,20.82637120436756,20.14211651702358,20.78782081604004,269800,0.0,0.0
2022-12-19 00:00:00-05:00,20.556522519159607,21.05766650219882,20.43123744249158,20.643259048461914,168800,0.0,0.0
2022-12-20 00:00:00-05:00,20.537248557979822,20.816733355421764,20.3734130859375,20.3734130859375,140700,0.0,0.0
2022-12-21 00:00:00-05:00,20.681809263330923,20.681809263330923,19.824083335723213,20.228853225708008,119500,0.0,0.0
2022-12-22 00:00:00-05:00,19.94936802683452,19.94936802683452,19.42894886733528,19.65060806274414,104800,0.0,0.0
2022-12-23 00:00:00-05:00,19.313302668691442,19.80769869711099,19.274752281799703,19.38076400756836,164300,0.0,0.0
2022-12-27 00:00:00-05:00,19.380763321838888,19.47713560929115,18.841068953551737,19.110916137695312,130300,0.0,0.0
2022-12-28 00:00:00-05:00,19.255475535029447,19.255475535029447,18.783244362801913,18.831432342529297,117400,0.0,0.0
2022-12-29 00:00:00-05:00,18.975996291263108,19.216930722148984,18.76975574197315,19.14946937561035,106200,0.0,0.0
2022-12-30 00:00:00-05:00,18.966353435836513,19.486770706431017,18.937440650398862,19.409671783447266,218200,0.0,0.0
2023-01-03 00:00:00-05:00,19.31330084959936,19.53496003879823,18.860343037203,19.30366325378418,136500,0.0,0.0
2023-01-04 00:00:00-05:00,19.573508647576894,20.036104057293944,19.41931079039903,19.708433151245117,199300,0.0,0.0
2023-01-05 00:00:00-05:00,19.81444747442002,20.180668846014193,19.490633004611112,20.142118453979492,99900,0.0,0.0
2023-01-06 00:00:00-05:00,20.37340967040591,20.73963094095592,20.23848701187873,20.710718154907227,119100,0.0,0.0
2023-01-09 00:00:00-05:00,20.8841911920176,21.067301827267922,20.469783782958984,20.469783782958984,96400,0.0,0.0
2023-01-10 00:00:00-05:00,20.34450175458808,20.845643920169753,20.074654559133617,20.758909225463867,86100,0.0,0.0
2023-01-11 00:00:00-05:00,20.85527705945044,20.932375979075307,20.498695245504145,20.893827438354492,69000,0.0,0.0
2023-01-12 00:00:00-05:00,20.942017052517425,21.24077702410167,20.86010024101382,21.202226638793945,57300,0.0,0.0
2023-01-13 00:00:00-05:00,21.07694062152618,21.386299545614175,21.067303025629705,21.16367530822754,42900,0.0,0.0
2023-01-17 00:00:00-05:00,21.19259137296013,21.308240703417415,20.845645219772017,21.057668685913086,63100,0.0,0.0
2023-01-18 00:00:00-05:00,21.269687974898922,21.761194358471172,21.033573298531504,21.202226638793945,215200,0.0,0.0
2023-01-19 00:00:00-05:00,20.93238044040801,21.178134562841,20.53724816334285,20.92274284362793,80000,0.0,0.0
2023-01-20 00:00:00-05:00,21.0576706244844,21.809384908016536,20.990209274750377,21.221506118774414,103400,0.0,0.0
2023-01-23 00:00:00-05:00,21.40460725960611,21.40460725960611,20.701079382732633,20.98056411743164,64600,0.0,0.0
2023-01-24 00:00:00-05:00,21.12512823677988,21.44316157081975,20.705902896041774,21.385337829589844,54800,0.0,0.0
2023-01-25 00:00:00-05:00,21.1636783939848,21.65518482726811,21.08657945375509,21.616636276245117,35700,0.0,0.0
2023-01-26 00:00:00-05:00,21.7901106632583,21.847934412366133,21.394978341017733,21.5106258392334,39600,0.0,0.0
2023-01-27 00:00:00-05:00,21.414251176286687,21.809383488889655,21.32751463564859,21.732284545898438,37600,0.0,0.0
2023-01-30 00:00:00-05:00,21.58772119294519,21.96165184055168,21.520259857177734,21.520259857177734,41800,0.0,0.0
2023-01-31 00:00:00-05:00,21.52026113325025,22.069591286425382,21.52026113325025,22.059953689575195,45500,0.0,0.0
2023-02-01 00:00:00-05:00,21.973218467444855,22.51291289416182,21.934669915927216,22.19487953186035,57700,0.0,0.0
2023-02-02 00:00:00-05:00,22.301259183147753,22.664889015450072,22.2432338721408,22.40764045715332,53700,0.08,0.0
2023-02-03 00:00:00-05:00,22.243230956053118,22.910528401220233,22.243230956053118,22.339941024780273,59800,0.0,0.0
2023-02-06 00:00:00-05:00,22.1271794450366,22.543031467022697,22.059482947427927,22.368953704833984,53000,0.0,0.0
2023-02-07 00:00:00-05:00,22.25290530827489,22.66488926349317,22.135886274506394,22.60106086730957,50500,0.0,0.0
2023-02-08 00:00:00-05:00,22.436656024399955,22.59139143053307,22.13685456099945,22.485010147094727,44300,0.0,0.0
2023-02-09 00:00:00-05:00,22.63974336999634,22.68809748802815,22.15619481131279,22.252904891967773,43600,0.0,0.0
2023-02-10 00:00:00-05:00,22.14652299261974,22.649413922133874,22.04014356703925,22.514020919799805,50700,0.0,0.0
2023-02-13 00:00:00-05:00,22.4656631504881,22.688095020590083,22.19487716761305,22.591386795043945,46400,0.0,0.0
2023-02-14 00:00:00-05:00,22.446321787183166,22.987897466717072,22.446321787183166,22.65908432006836,39200,0.0,0.0
2023-02-15 00:00:00-05:00,22.523691555871945,23.152304279946577,22.455993211785277,22.871845245361328,67100,0.0,0.0
2023-02-16 00:00:00-05:00,22.59138947674053,22.92020264748422,22.465665817260742,22.465665817260742,41800,0.0,0.0
2023-02-17 00:00:00-05:00,22.543031305651315,23.18131519938004,22.43278193408159,22.978225708007812,47100,0.0,0.0
2023-02-21 00:00:00-05:00,22.891185575587706,23.01690737128636,21.866063293935813,22.011127471923828,60800,0.0,0.0
2023-02-22 00:00:00-05:00,22.078827078531535,22.61072975435129,22.023703310284432,22.233562469482422,44900,0.0,0.0
2023-02-23 00:00:00-05:00,22.417314459696154,22.68810050806508,21.8273845493068,22.378629684448242,128200,0.0,0.0
2023-02-24 00:00:00-05:00,22.088494859647014,22.088494859647014,20.40574635949975,21.053701400756836,171100,0.0,0.0
2023-02-27 00:00:00-05:00,21.227780994767684,22.020800280985416,20.995676079424275,21.015018463134766,56200,0.0,0.0
2023-02-28 00:00:00-05:00,20.889297319131664,21.034361512367663,20.521799395369747,20.773244857788086,97000,0.0,0.0
2023-03-01 00:00:00-05:00,20.811928215442258,21.18909546120323,20.6716987054984,21.1407413482666,51300,0.0,0.0
2023-03-02 00:00:00-05:00,20.927979619607555,21.26646395680015,20.927979619607555,21.034360885620117,28000,0.0,0.0
2023-03-03 00:00:00-05:00,21.140743615034125,21.721000410855037,21.140743615034125,21.4888973236084,41600,0.0,0.0
2023-03-06 00:00:00-05:00,21.65330492377705,22.011131686277018,21.31482239186128,21.517911911010742,63200,0.0,0.0
2023-03-07 00:00:00-05:00,21.52758268013369,21.66297569023414,21.024691721772854,21.131072998046875,42300,0.0,0.0
2023-03-08 00:00:00-05:00,21.227782066519033,21.28580737598886,20.763574056986453,21.10205841064453,41800,0.0,0.0
2023-03-09 00:00:00-05:00,21.208436767810074,21.411526245345794,20.927977762156658,21.053701400756836,61700,0.0,0.0
2023-03-10 00:00:00-05:00,20.966662298784293,20.966662298784293,20.07693302558378,20.192983627319336,49400,0.0,0.0
2023-03-13 00:00:00-04:00,19.941542515987084,20.067264324229562,19.5218223703043,19.854503631591797,61100,0.0,0.0
2023-03-14 00:00:00-04:00,20.27035273459734,20.463772877204814,19.467662278581322,19.76746368408203,84900,0.0,0.0
2023-03-15 00:00:00-04:00,19.254902587345743,19.341941471534952,18.268463129595553,19.032470703125,129700,0.0,0.0
2023-03-16 00:00:00-04:00,18.54892228790017,18.558593480050273,16.034469511203472,18.32649040222168,278100,0.0,0.0
2023-03-17 00:00:00-04:00,18.239452533408198,18.84872291607099,17.67853626959797,18.394187927246094,337600,0.0,0.0
2023-03-20 00:00:00-04:00,18.48122850424605,18.645635105783562,18.01702043575736,18.200769424438477,154200,0.0,0.0
2023-03-21 00:00:00-04:00,18.481224861139996,18.776189750864624,18.297475908680337,18.37484359741211,118100,0.0,0.0
2023-03-22 00:00:00-04:00,18.37484123315712,18.389347096493136,17.988002839272003,18.04602813720703,85600,0.0,0.0
2023-03-23 00:00:00-04:00,18.11372422331239,18.12339541351862,17.707543457605315,17.775239944458008,112900,0.0,0.0
2023-03-24 00:00:00-04:00,17.610839528699483,18.24912539229749,17.610839528699483,18.200769424438477,109400,0.0,0.0
2023-03-27 00:00:00-04:00,18.365173131783585,19.10016712608779,18.258791863850092,18.993785858154297,249000,0.0,0.0
2023-03-28 00:00:00-04:00,18.897078790809402,19.26457488830148,18.87773640552261,19.138853073120117,65700,0.0,0.0
2023-03-29 00:00:00-04:00,19.31293140137086,19.722980428414044,19.090499476769523,19.64174461364746,69900,0.0,0.0
2023-03-30 00:00:00-04:00,19.815819218144696,20.260684840200316,19.77713629360452,20.16397476196289,62700,0.0,0.0
2023-03-31 00:00:00-04:00,20.30903881321479,20.85061266508162,20.134961042538343,20.83127212524414,88500,0.0,0.0
2023-04-03 00:00:00-04:00,20.85061165197298,20.879625227206418,20.221998945311533,20.802257537841797,118000,0.0,0.0
2023-04-04 00:00:00-04:00,20.782916672397107,20.782916672397107,20.173646304721753,20.473445892333984,64400,0.0,0.0
2023-04-05 00:00:00-04:00,20.26068599768113,20.55081440437694,20.26068599768113,20.3670654296875,58500,0.0,0.0
2023-04-06 00:00:00-04:00,20.38640338893643,20.686202923373298,20.13012329051387,20.589494705200195,43900,0.0,0.0
2023-04-10 00:00:00-04:00,20.36706492671802,20.821601755799033,20.36706492671802,20.763574600219727,47800,0.0,0.0
2023-04-11 00:00:00-04:00,20.889297675409427,21.131071949790112,20.705548710394535,21.08271598815918,66800,0.0,0.0
2023-04-12 00:00:00-04:00,21.285808766530508,21.80804027505749,21.22294693448667,21.45988655090332,67700,0.0,0.0
2023-04-13 00:00:00-04:00,21.469556052777968,21.779026825246117,21.421200091710254,21.633962631225586,53300,0.0,0.0
2023-04-14 00:00:00-04:00,21.479223467179413,21.759682482355746,21.479223467179413,21.6146183013916,48700,0.0,0.0
2023-04-17 00:00:00-04:00,21.537250727509697,21.759682595786977,21.537250727509697,21.730669021606445,37800,0.0,0.0
2023-04-18 00:00:00-04:00,21.77902680040365,21.83221743522181,21.37284595085469,21.653303146362305,66400,0.0,0.0
2023-04-19 00:00:00-04:00,21.430871042759133,21.78869777226832,21.285806850371028,21.479225158691406,42300,0.0,0.0
2023-04-20 00:00:00-04:00,21.508240332019074,21.53241739178039,20.966666446081685,21.150415420532227,42100,0.0,0.0
2023-04-21 00:00:00-04:00,21.31482278739081,21.31482278739081,20.850614737908096,20.98600959777832,56300,0.0,0.0
2023-04-24 00:00:00-04:00,20.995673505677843,21.247118929317168,20.831268798065874,21.23744773864746,46400,0.0,0.0
2023-04-25 00:00:00-04:00,20.99568001297369,21.276139095546213,20.0382539750251,20.212331771850586,57300,0.0,0.0
2023-04-26 00:00:00-04:00,19.999567139912173,20.154302519190352,19.83516056885521,20.115617752075195,42600,0.0,0.0
2023-04-27 00:00:00-04:00,20.173644980678194,20.70071294481529,20.07693490710794,20.1543025970459,45600,0.0,0.0
2023-04-28 00:00:00-04:00,20.096279408662454,20.628182102468582,20.096279408662454,20.3670654296875,44700,0.0,0.0
2023-05-01 00:00:00-04:00,20.309041325022868,20.860286437281697,20.309041325022868,20.608840942382812,26800,0.0,0.0
2023-05-02 00:00:00-04:00,20.65719450084156,20.65719450084156,19.89318691181637,20.16397476196289,46800,0.0,0.0
2023-05-03 00:00:00-04:00,20.173648841773577,20.753905705069755,20.154306454439283,20.212331771850586,40900,0.0,0.0
2023-05-04 00:00:00-04:00,20.076418207164988,20.076418207164988,19.610428293868303,19.71721649169922,34700,0.08,0.0
2023-05-05 00:00:00-04:00,19.97933364061458,20.4744485467076,19.97933364061458,20.348241806030273,32200,0.0,0.0
2023-05-08 00:00:00-04:00,20.28029002948434,20.542410075033704,19.785175005117598,20.144376754760742,169700,0.0,0.0
2023-05-09 00:00:00-04:00,20.008456828310653,20.59094315586925,19.94050021354074,20.338533401489258,51300,0.0,0.0
2023-05-10 00:00:00-04:00,21.348183562076713,21.348183562076713,20.309413660565617,20.688030242919922,38900,0.0,0.0
2023-05-11 00:00:00-04:00,20.600652595335198,20.600652595335198,19.91137620723361,20.571529388427734,76700,0.0,0.0
2023-05-12 00:00:00-04:00,20.765695280181973,20.89190204238906,20.571533736933215,20.697738647460938,36800,0.0,0.0
2023-05-15 00:00:00-04:00,20.67832126233394,21.056939684911185,20.61036463183219,20.969566345214844,58800,0.0,0.0
2023-05-16 00:00:00-04:00,20.823942931516047,21.251099386837204,20.741422850404117,20.998687744140625,45500,0.0,0.0
2023-05-17 00:00:00-04:00,21.154019055910048,21.707382245426125,21.02295906075954,21.299640655517578,317000,0.0,0.0
2023-05-18 00:00:00-04:00,21.328763119808215,21.620008160534518,21.086059845042485,21.561758041381836,53700,0.0,0.0
2023-05-19 00:00:00-04:00,21.785047581977473,22.299577365871585,21.577292886674055,21.794755935668945,53600,0.0,0.0
2023-05-22 00:00:00-04:00,21.85300420613865,22.22676749070424,21.62971762627218,21.794755935668945,46200,0.0,0.0
2023-05-23 00:00:00-04:00,21.687964218454322,21.860768456760443,21.406427538225277,21.4355525970459,52600,0.0,0.0
2023-05-24 00:00:00-04:00,21.31905643284458,21.31905643284458,20.552114987516298,20.658905029296875,48300,0.0,0.0
2023-05-25 00:00:00-04:00,20.55211565067501,20.571532359203307,20.260872429467522,20.38707733154297,39000,0.0,0.0
2023-05-26 00:00:00-04:00,20.367659318154654,20.581239394924367,20.25116277780674,20.52298927307129,38400,0.0,0.0
2023-05-30 00:00:00-04:00,20.561818944933236,20.590942148879584,20.008455849807184,20.134660720825195,56100,0.0,0.0
2023-05-31 00:00:00-04:00,20.115250414857556,20.289997100830078,20.01331546526671,20.289997100830078,127200,0.0,0.0
2023-06-01 00:00:00-04:00,20.3579511157664,20.804526128228996,20.289994491445366,20.552114486694336,35300,0.0,0.0
2023-06-02 00:00:00-04:00,20.91131474708113,21.639424561087928,20.8530646287517,21.49380111694336,59300,0.0,0.0
2023-06-05 00:00:00-04:00,21.309350119166165,21.352064654913086,20.988981842668267,21.124895095825195,40400,0.0,0.0
2023-06-06 00:00:00-04:00,18.668732424871223,19.591005460176643,18.571650760363482,18.82406234741211,912600,0.0,0.0
2023-06-07 00:00:00-04:00,18.9988142941159,19.74634091300007,18.853192682409965,19.57159423828125,241000,0.0,0.0
2023-06-08 00:00:00-04:00,19.328888347310933,19.756046622586474,19.134724989909593,19.416261672973633,121500,0.0,0.0
2023-06-09 00:00:00-04:00,19.45509538952155,19.57159192444186,19.222098616322853,19.48421859741211,79600,0.0,0.0
2023-06-12 00:00:00-04:00,19.425970381124092,19.644403699273873,19.319180347433303,19.493927001953125,128700,0.0,0.0
2023-06-13 00:00:00-04:00,19.765753663804276,19.882250189170193,19.513342056606277,19.552173614501953,82400,0.0,0.0
2023-06-14 00:00:00-04:00,19.542466559109197,19.688090002999708,19.08618507639876,19.416261672973633,78200,0.0,0.0
2023-06-15 00:00:00-04:00,19.4162641279592,19.571594092848535,19.1832691806252,19.53276252746582,59900,0.0,0.0
2023-06-16 00:00:00-04:00,19.75605053962904,20.319122165718625,19.566742247051934,20.289997100830078,250700,0.0,0.0
2023-06-20 00:00:00-04:00,20.260868636126727,20.28028348934084,19.848271989705403,19.979331970214844,67200,0.0,0.0
2023-06-21 00:00:00-04:00,19.92108736563788,20.173499020564584,19.84342238348191,19.94050407409668,118200,0.0,0.0
2023-06-22 00:00:00-04:00,19.921084271727274,20.154079182009124,19.785169185303648,20.0958309173584,51800,0.0,0.0
2023-06-23 00:00:00-04:00,19.872541063079325,20.047287696003675,19.726919486201968,19.794876098632812,172200,0.0,0.0
2023-06-26 00:00:00-04:00,20.18320253082264,21.319051927869957,20.070587130132694,20.950143814086914,134600,0.0,0.0
2023-06-27 00:00:00-04:00,20.930728642635913,22.124830090179074,20.755981999011112,22.095705032348633,130700,0.0,0.0
2023-06-28 00:00:00-04:00,22.16366644976411,22.4937431032906,21.425848156686037,21.454973220825195,100400,0.0,0.0
2023-06-29 00:00:00-04:00,21.532636541298245,21.84814971251051,21.474388269204766,21.513219833374023,110000,0.0,0.0
2023-06-30 00:00:00-04:00,21.687964863583268,21.72679642482019,21.12489333805507,21.163724899291992,104300,0.0,0.0
2023-07-03 00:00:00-04:00,21.202557579345477,21.435552493750716,21.17828762295141,21.416135787963867,53300,0.0,0.0
2023-07-05 00:00:00-04:00,21.348179859877558,21.513218161045828,21.100623333964666,21.144309997558594,77900,0.0,0.0
2023-07-06 00:00:00-04:00,21.10547355765993,21.387010205258743,20.79481370629488,21.31905174255371,76600,0.0,0.0
2023-07-07 00:00:00-04:00,21.357887423144373,21.644277351294605,21.357887423144373,21.387012481689453,47400,0.0,0.0
2023-07-10 00:00:00-04:00,21.416135688555563,21.65883895472766,21.348179070296013,21.387012481689453,36000,0.0,0.0
2023-07-11 00:00:00-04:00,21.44526377557268,21.474388838230762,21.124895493050683,21.212268829345703,40000,0.0,0.0
2023-07-12 00:00:00-04:00,21.3675950032909,21.474385029082118,21.173431656703034,21.221973419189453,48400,0.0,0.0
2023-07-13 00:00:00-04:00,21.20256131223313,21.775341272034975,21.120041223950164,21.396724700927734,34200,0.0,0.0
2023-07-14 00:00:00-04:00,21.56175999919785,21.7122367098204,21.06567477161404,21.571468353271484,44900,0.0,0.0
2023-07-17 00:00:00-04:00,21.493804032912788,22.32870399211172,21.493804032912788,22.144248962402344,63500,0.0,0.0
2023-07-18 00:00:00-04:00,22.066579870702128,22.435489861436427,21.833584964191537,22.0762882232666,47400,0.0,0.0
2023-07-19 00:00:00-04:00,22.05687357688512,22.23162023599832,21.838442104672705,22.10541534423828,55500,0.0,0.0
2023-07-20 00:00:00-04:00,22.0762907820455,22.30928571556165,21.901544118988603,22.221912384033203,42800,0.0,0.0
2023-07-21 00:00:00-04:00,22.367535740052816,22.367535740052816,22.1345389558747,22.19278907775879,42700,0.0,0.0
2023-07-24 00:00:00-04:00,22.066582478829556,22.328702474014456,22.03260416667734,22.23162078857422,37000,0.0,0.0
2023-07-25 00:00:00-04:00,22.134539052504756,22.352972381325873,21.904456810263436,22.221912384033203,44200,0.0,0.0
2023-07-26 00:00:00-04:00,22.221912536387375,22.416075908154923,22.115124348426452,22.25103759765625,50100,0.0,0.0
2023-07-27 00:00:00-04:00,22.260743673500777,22.726733496043813,22.251035320737927,22.581111907958984,56900,0.0,0.0
2023-07-28 00:00:00-04:00,22.765568370428575,23.017978151771324,22.464614970472322,22.484031677246094,49100,0.0,0.0
2023-07-31 00:00:00-04:00,22.542278548574494,22.77139048960179,22.251035371737306,22.5908203125,68200,0.0,0.0
2023-08-01 00:00:00-04:00,22.55198715513297,22.678193891080504,22.08599732627819,22.64906883239746,58200,0.0,0.0
2023-08-02 00:00:00-04:00,22.542281886562616,23.11506182394625,22.542281886562616,22.911191940307617,57800,0.0,0.0
2023-08-03 00:00:00-04:00,22.852741121957553,22.88196524608996,22.136767731497464,22.687143325805664,41200,0.08,0.0
2023-08-04 00:00:00-04:00,22.813778800586725,23.13523675272657,22.687144637976573,22.696884155273438,29500,0.0,0.0
2023-08-07 00:00:00-04:00,22.84300329840696,23.067049359430538,22.71636727575719,22.959896087646484,35500,0.0,0.0
2023-08-08 00:00:00-04:00,22.67740244348203,23.047565400643496,22.570249177313872,22.745590209960938,50900,0.0,0.0
2023-08-09 00:00:00-04:00,24.3333981473748,26.26214586858245,24.080127963078237,24.91786766052246,204100,0.0,0.0
2023-08-10 00:00:00-04:00,25.083468391361535,25.77508934643981,25.083468391361535,25.33673858642578,104400,0.0,0.0
2023-08-11 00:00:00-04:00,25.083467775182857,25.375701608013447,24.304176315649688,24.674339294433594,284000,0.0,0.0
2023-08-14 00:00:00-04:00,24.567188045439593,25.025023441354364,24.460036622164317,24.537965774536133,110000,0.0,0.0
2023-08-15 00:00:00-04:00,24.537963439818885,24.679208737694147,24.206764109256955,24.3431396484375,84600,0.0,0.0
2023-08-16 00:00:00-04:00,24.352879493003503,24.440550007816498,24.167797088623047,24.167797088623047,66600,0.0,0.0
2023-08-17 00:00:00-04:00,24.16779966016777,24.298331866194108,23.85608306676587,24.021682739257812,57900,0.0,0.0
2023-08-18 00:00:00-04:00,23.797631129296875,24.07720093169972,23.563843738677164,23.817113876342773,46700,0.0,0.0
2023-08-21 00:00:00-04:00,23.768411792087793,24.109352502096762,23.23264914634327,23.934011459350586,116400,0.0,0.0
2023-08-22 00:00:00-04:00,24.128832533622045,24.528219593541,23.700221350546634,24.35287857055664,133700,0.0,0.0
2023-08-23 00:00:00-04:00,24.42106693086925,24.839936749809056,24.197020888452176,24.27495002746582,190100,0.0,0.0
2023-08-24 00:00:00-04:00,24.080124491596337,24.080124491596337,23.68755622702513,24.002195358276367,75900,0.0,0.0
2023-08-25 00:00:00-04:00,24.002197971707073,24.401585055705517,24.002197971707073,24.226245880126953,37300,0.0,0.0
2023-08-28 00:00:00-04:00,24.206764418713693,24.830197586340226,24.101560164575584,24.674339294433594,115300,0.0,0.0
2023-08-29 00:00:00-04:00,24.61589219077506,24.976313783691143,24.601279198970058,24.888643264770508,42300,0.0,0.0
2023-08-30 00:00:00-04:00,24.888639996415446,25.385438919067383,24.888639996415446,25.385438919067383,98100,0.0,0.0
2023-08-31 00:00:00-04:00,25.453631621104442,25.833537846299482,25.268551054395985,25.736125946044922,119300,0.0,0.0
2023-09-01 00:00:00-04:00,25.765345395658297,25.765345395658297,25.258805092682046,25.34647560119629,210400,0.0,0.0
2023-09-05 00:00:00-04:00,25.278290394162354,25.42440730378638,24.72304316482736,25.200361251831055,86100,0.0,0.0
2023-09-06 00:00:00-04:00,25.17114073421865,25.43902208325141,24.986058297914486,25.10295295715332,59100,0.0,0.0
2023-09-07 00:00:00-04:00,25.17113653001499,25.48480211010316,24.89838360933259,25.278289794921875,87400,0.0,0.0
2023-09-08 00:00:00-04:00,25.102950503789803,25.35622069240668,25.02502135790595,25.11269187927246,60800,0.0,0.0
2023-09-11 00:00:00-04:00,25.200361697586843,25.200361697586843,24.86429075573196,24.888643264770508,88900,0.0,0.0
2023-09-12 00:00:00-04:00,24.791234491179296,25.054244203358362,24.567186565873328,24.66459846496582,64200,0.0,0.0
2023-09-13 00:00:00-04:00,24.625634912675665,25.161397572732,24.498998885986204,24.898386001586914,110900,0.0,0.0
2023-09-14 00:00:00-04:00,24.908122114225396,25.32699189280582,24.684076093395838,25.093204498291016,76600,0.0,0.0
2023-09-15 00:00:00-04:00,25.08346721358827,25.385442415149267,24.82045565514288,25.054243087768555,388300,0.0,0.0
2023-09-18 00:00:00-04:00,24.947091675717633,25.35134853068161,24.674338741999,25.054243087768555,109300,0.0,0.0
2023-09-19 00:00:00-04:00,25.14191544977623,25.336739253563973,25.00553990191131,25.190622329711914,49400,0.0,0.0
2023-09-20 00:00:00-04:00,25.297770686559907,25.83840491153225,25.278289794921875,25.278289794921875,126000,0.0,0.0
2023-09-21 00:00:00-04:00,25.122431786695834,25.531558385195222,25.044500787388575,25.23932456970215,70200,0.0,0.0
2023-09-22 00:00:00-04:00,25.180878937457095,25.530585574899586,24.995796524476294,25.326995849609375,60300,0.0,0.0
2023-09-25 00:00:00-04:00,25.23932489427716,26.30111061978828,25.23932489427716,26.00887680053711,136600,0.0,0.0
2023-09-26 00:00:00-04:00,25.784830323219587,26.05758326552499,25.47311373657194,25.5120792388916,89400,0.0,0.0
2023-09-27 00:00:00-04:00,25.512076464256715,25.901722155189308,25.482852340695317,25.560781478881836,123500,0.0,0.0
2023-09-28 00:00:00-04:00,25.609490152581117,26.033229755148035,25.404924989218827,25.697158813476562,84800,0.0,0.0
2023-09-29 00:00:00-04:00,25.794571080912664,25.999136247235885,25.667936917362,25.96017074584961,185800,0.0,0.0
2023-10-02 00:00:00-04:00,25.823793189759,26.388779909885216,25.53155752612165,25.726381301879883,130900,0.0,0.0
2023-10-03 00:00:00-04:00,25.521822262509854,26.018619443323693,25.453632629047185,25.8530216217041,110000,0.0,0.0
2023-10-04 00:00:00-04:00,25.75560571300101,26.48619209327996,25.75560571300101,26.125768661499023,88000,0.0,0.0
2023-10-05 00:00:00-04:00,26.184215869800646,26.447227420833276,26.028357585776266,26.145252227783203,67900,0.0,0.0
2023-10-06 00:00:00-04:00,25.736120292577855,26.90505912289625,25.736120292577855,26.612823486328125,122200,0.0,0.0
2023-10-09 00:00:00-04:00,26.61282687766021,27.67461259074499,26.37903945339989,27.664871215820312,172000,0.0,0.0
2023-10-10 00:00:00-04:00,28.035039141446166,28.035039141446166,26.905065536499023,26.905065536499023,108100,0.0,0.0
2023-10-11 00:00:00-04:00,26.905066243845653,27.45057030864988,26.905066243845653,27.362899780273438,82300,0.0,0.0
2023-10-12 00:00:00-04:00,27.39212080020633,27.684354622975885,27.12910924492733,27.148591995239258,101100,0.0,0.0
2023-10-13 00:00:00-04:00,27.14859211020833,27.14859211020833,26.534898478625127,26.944026947021484,92200,0.0,0.0
2023-10-16 00:00:00-04:00,27.2947103050225,27.616168269729304,26.651794375608905,26.719982147216797,82200,0.0,0.0
2023-10-17 00:00:00-04:00,26.642056602497895,27.1096315493011,26.642056602497895,26.924549102783203,88400,0.0,0.0
2023-10-18 00:00:00-04:00,26.78816822412683,27.284967203240644,26.69075633171636,26.817392349243164,52900,0.0,0.0
2023-10-19 00:00:00-04:00,26.681012245002695,27.177811173625273,26.63230723273616,26.79790687561035,67900,0.0,0.0
2023-10-20 00:00:00-04:00,26.905061956856873,28.843550932570867,26.8680454761521,27.372636795043945,233200,0.0,0.0
2023-10-23 00:00:00-04:00,27.37263860028342,27.640519919538097,26.827134586422236,27.138851165771484,84600,0.0,0.0
2023-10-24 00:00:00-04:00,27.333670453735692,27.655128377328573,26.953766141665156,26.982990264892578,64200,0.0,0.0
2023-10-25 00:00:00-04:00,27.070660485315475,27.528493929755626,27.05117773670683,27.46030616760254,146900,0.0,0.0
2023-10-26 00:00:00-04:00,27.450566753350138,27.75254194643739,27.24600159430714,27.392120361328125,78400,0.0,0.0
2023-10-27 00:00:00-04:00,27.265485935685916,27.309321196755242,26.63718114635137,27.060922622680664,83900,0.0,0.0
2023-10-30 00:00:00-04:00,27.041436653370234,27.518752851554986,26.973248890483436,26.982990264892578,85600,0.0,0.0
2023-10-31 00:00:00-04:00,26.963511037383437,27.431085922222152,26.88071027308094,27.323932647705078,74000,0.0,0.0
2023-11-01 00:00:00-04:00,27.236260915131485,27.95710781972061,27.119368128101115,27.918142318725586,147100,0.0,0.0
2023-11-02 00:00:00-04:00,27.830225866072517,28.084204986926967,27.351573552485394,27.605552673339844,119000,0.08,0.0
2023-11-03 00:00:00-04:00,27.869300654464965,28.152583842474566,27.566478317710224,27.937679290771484,125700,0.0,0.0
2023-11-06 00:00:00-05:00,27.888834796995834,27.918140724001496,27.341803868469583,27.898603439331055,90900,0.0,0.0
2023-11-07 00:00:00-05:00,27.752080604277023,28.35772345389119,27.58601739254235,28.172122955322266,92900,0.0,0.0
2023-11-08 00:00:00-05:00,28.553085988548343,28.826602369247887,27.483444865002156,27.761844635009766,158300,0.0,0.0
2023-11-09 00:00:00-05:00,29.40294012734695,30.301634706004783,27.799941917330646,29.959739685058594,372200,0.0,0.0
2023-11-10 00:00:00-05:00,30.252793044699906,30.633762653573267,29.256415720329287,30.096498489379883,177200,0.0,0.0
2023-11-13 00:00:00-05:00,30.428628290315284,31.67898673597366,29.91090321657397,31.5519962310791,321200,0.0,0.0
2023-11-14 00:00:00-05:00,31.571532643350675,31.825513646099747,31.122186224771788,31.49338722229004,238300,0.0,0.0
2023-11-15 00:00:00-05:00,31.454310843535577,31.454310843535577,30.94635259354372,31.425003051757812,269300,0.0,0.0
2023-11-16 00:00:00-05:00,31.503150770055242,31.737594461894183,31.01472982788384,31.053804397583008,125100,0.0,0.0
2023-11-17 00:00:00-05:00,31.17102604090646,31.493385668563644,31.097762150406535,31.239404678344727,111400,0.0,0.0
2023-11-20 00:00:00-05:00,31.258939743041992,31.581299347792992,31.087014993143725,31.258939743041992,121900,0.0,0.0
2023-11-21 00:00:00-05:00,31.346859260930255,31.346859260930255,30.536080492738247,30.64353370666504,122500,0.0,0.0
2023-11-22 00:00:00-05:00,30.74121288280378,31.473846146209326,30.72656085101619,31.258939743041992,164000,0.0,0.0
2023-11-24 00:00:00-05:00,31.16125537991538,31.376159921257855,31.024498113895444,31.073339462280273,75100,0.0,0.0
2023-11-27 00:00:00-05:00,31.161255639773135,32.08437278263974,30.88774110545239,31.923192977905273,328000,0.0,0.0
2023-11-28 00:00:00-05:00,32.23578209595951,32.41161393277322,31.258940214263763,31.405467987060547,166800,0.0,0.0
2023-11-29 00:00:00-05:00,31.74736122563203,32.18694081864276,31.385930771981453,31.571529388427734,215500,0.0,0.0
2023-11-30 00:00:00-05:00,31.522690008883668,31.98180691541774,31.317554094781492,31.45431137084961,181700,0.0,0.0
2023-12-01 00:00:00-05:00,31.337089771596165,31.981805273063863,31.20033063937286,31.952497482299805,236100,0.0,0.0
2023-12-04 00:00:00-05:00,31.903661813010913,32.74374658826584,31.551998072080313,32.35300827026367,483300,0.0,0.0
2023-12-05 00:00:00-05:00,32.33346591637461,32.8414241596581,31.97203545097611,32.43115234375,272900,0.0,0.0
2023-12-06 00:00:00-05:00,32.52883687539053,32.58744873511426,31.639910831207484,31.747364044189453,147800,0.0,0.0
2023-12-07 00:00:00-05:00,31.874356141953754,31.893893429507948,31.317556488907297,31.766902923583984,184200,0.0,0.0
2023-12-08 00:00:00-05:00,31.708289712381998,31.923196139981663,31.14172143965434,31.444541931152344,155900,0.0,0.0
2023-12-11 00:00:00-05:00,32.12833220546351,32.206481352707925,31.415238005462196,31.610607147216797,249800,0.0,0.0
2023-12-12 00:00:00-05:00,31.649678655424445,31.698520004543482,31.034267222727596,31.620370864868164,193500,0.0,0.0
2023-12-13 00:00:00-05:00,31.38592516051221,32.206472345308455,31.083102889167087,32.08924865722656,327500,0.0,0.0
2023-12-14 00:00:00-05:00,32.235783109469615,32.79258270143378,30.22348929159865,30.711910247802734,369100,0.0,0.0
2023-12-15 00:00:00-05:00,31.102650169022475,31.95250168586161,30.98152122154534,31.131956100463867,1394400,0.0,0.0
2023-12-18 00:00:00-05:00,31.24917325745007,31.503152383971994,30.446208695505153,31.356624603271484,151500,0.0,0.0
2023-12-19 00:00:00-05:00,31.50315449453056,31.913426345808208,31.14172213479488,31.28824806213379,148700,0.0,0.0
2023-12-20 00:00:00-05:00,31.258942344038008,31.620372821511182,31.034269143102993,31.10264778137207,154200,0.0,0.0
2023-12-21 00:00:00-05:00,31.31755382190632,31.31755382190632,30.86820556231781,31.239404678344727,91000,0.0,0.0
2023-12-22 00:00:00-05:00,31.356620907655074,31.796200471592556,31.268704994867576,31.63990592956543,196300,0.0,0.0
2023-12-26 00:00:00-05:00,31.69851508155284,32.245544068898504,31.67897779966828,31.981800079345703,171300,0.0,0.0
2023-12-27 00:00:00-05:00,32.07949207173791,32.216249358260676,31.669216485813024,31.766902923583984,169400,0.0,0.0
2023-12-28 00:00:00-05:00,31.79619908603781,32.32369453977659,31.79619908603781,32.30415725708008,177300,0.0,0.0
2023-12-29 00:00:00-05:00,32.489756841001046,32.489756841001046,31.928075783410268,32.128326416015625,140000,0.0,0.0
2024-01-02 00:00:00-05:00,32.29439488253238,32.50929756878652,31.27359314898957,31.581300735473633,135300,0.0,0.0
2024-01-03 00:00:00-05:00,31.74736360325189,31.74736360325189,30.741215716773922,30.799827575683594,118900,0.0,0.0
2024-01-04 00:00:00-05:00,30.760749989710288,31.26870634158678,30.39931954439774,30.809593200683594,156200,0.0,0.0
2024-01-05 00:00:00-05:00,30.868203386806137,31.083107926920206,30.40420312709044,30.623992919921875,120400,0.0,0.0
2024-01-08 00:00:00-05:00,30.663069036669356,30.91704817406248,30.457933115993107,30.877975463867188,96800,0.0,0.0
2024-01-09 00:00:00-05:00,30.702139999720305,30.956119107247545,30.623992725340997,30.809593200683594,94000,0.0,0.0
2024-01-10 00:00:00-05:00,30.85843738931429,31.78643798828125,30.809596037022622,31.78643798828125,157300,0.0,0.0
2024-01-11 00:00:00-05:00,31.991568781964396,33.163779681078516,31.91341964972412,33.13447189331055,252200,0.0,0.0
2024-01-12 00:00:00-05:00,33.857339269956015,33.90618061848026,33.06121448257825,33.14424514770508,218000,0.0,0.0
2024-01-16 00:00:00-05:00,33.31031084320046,33.7498904902367,31.796206482392538,31.85481834411621,219000,0.0,0.0
2024-01-17 00:00:00-05:00,31.805978054983786,32.138104496500844,31.5910716144855,31.845048904418945,99500,0.0,0.0
2024-01-18 00:00:00-05:00,31.766901771291725,32.72420646858302,31.642843912497003,32.57767868041992,131500,0.0,0.0
2024-01-19 00:00:00-05:00,32.72420507686723,33.15401419011991,32.41161595334596,32.89026641845703,151600,0.0,0.0
2024-01-22 00:00:00-05:00,32.08925078592751,32.21624125992935,30.692368614152077,32.13809585571289,267300,0.0,0.0
2024-01-23 00:00:00-05:00,32.38231210793364,32.38231210793364,31.34685830024825,31.903657913208008,123000,0.0,0.0
2024-01-24 00:00:00-05:00,32.69489995339069,32.69489995339069,31.981805805528083,32.26508712768555,165700,0.0,0.0
2024-01-25 00:00:00-05:00,32.37253901488503,32.997717216227066,32.36277223576982,32.978179931640625,129100,0.0,0.0
2024-01-26 00:00:00-05:00,33.19308712315985,33.486138946196355,32.987951219669895,33.10517120361328,102900,0.0,0.0
2024-01-29 00:00:00-05:00,33.114940221152274,33.23216019982787,32.6948979273458,32.851192474365234,131100,0.0,0.0
2024-01-30 00:00:00-05:00,33.11494702348931,33.81338923909393,32.71444193158464,33.75966262817383,167200,0.0,0.0
2024-01-31 00:00:00-05:00,33.759661437276655,33.91595601088808,33.075871280342966,33.20286178588867,181600,0.0,0.0
2024-02-01 00:00:00-05:00,33.27924361767904,34.24882888793945,33.13233924923421,34.24882888793945,123000,0.088,0.0
2024-02-02 00:00:00-05:00,34.121511949776504,34.376148453687605,33.69058719853133,34.062747955322266,126400,0.0,0.0
2024-02-05 00:00:00-05:00,33.9746072325253,34.09213523319838,33.22048604033697,33.719970703125,118300,0.0,0.0
2024-02-06 00:00:00-05:00,33.798317701521405,34.141102086600945,33.68569137513142,33.827701568603516,86200,0.0,0.0
2024-02-07 00:00:00-05:00,34.082334809738455,34.73851964969031,33.876666440093395,34.01377868652344,188800,0.0,0.0
2024-02-08 00:00:00-05:00,34.18027923392722,34.25960633764238,33.524094308800294,33.876670837402344,160200,0.0,0.0
2024-02-09 00:00:00-05:00,34.141103378544926,34.66996817368935,33.83749498073335,34.53285217285156,231700,0.0,0.0
2024-02-12 00:00:00-05:00,34.53284539194697,34.87562972268844,34.26841678232725,34.728721618652344,127100,0.0,0.0
2024-02-13 00:00:00-05:00,34.425119953996926,34.425119953996926,33.57305885552605,33.88645935058594,129600,0.0,0.0
2024-02-14 00:00:00-05:00,34.19006894076277,34.59161357295965,33.85708043581691,34.58182144165039,114600,0.0,0.0
2024-02-15 00:00:00-05:00,34.58181630521845,35.12047311191077,34.474084196674355,34.689544677734375,208700,0.0,0.0
2024-02-16 00:00:00-05:00,34.91481018882461,35.04212657687195,34.052956922509814,34.2684211730957,125700,0.0,0.0
2024-02-20 00:00:00-05:00,34.27821244062753,34.704242997359934,34.20965631462857,34.39573669433594,153800,0.0,0.0
2024-02-21 00:00:00-05:00,34.74831504228978,35.31635581485522,34.503470654672725,34.79728317260742,208400,0.0,0.0
2024-02-22 00:00:00-05:00,34.88542798991269,35.1596562499542,34.385947073171366,35.14986038208008,128100,0.0,0.0
2024-02-23 00:00:00-05:00,35.2282059624176,35.63954267349137,35.10088585545408,35.52201843261719,181500,0.0,0.0
2024-02-26 00:00:00-05:00,35.512228185842844,35.913772830394386,35.375115927122145,35.600372314453125,113200,0.0,0.0
2024-02-27 00:00:00-05:00,35.580785347316386,36.01171008998084,35.38980330315017,35.8060417175293,142800,0.0,0.0
2024-02-28 00:00:00-05:00,35.62975248867327,35.74727673596381,34.99315565512828,35.12047576904297,169000,0.0,0.0
2024-02-29 00:00:00-05:00,35.43387403951724,35.61016226745739,34.92949528469948,35.189029693603516,285300,0.0,0.0
2024-03-01 00:00:00-05:00,35.18902951385358,35.25758563147697,34.52305259748787,35.02253341674805,231100,0.0,0.0
2024-03-04 00:00:00-05:00,34.875634999677054,36.62872170310363,34.76888171144441,36.246761322021484,255500,0.0,0.0
2024-03-05 00:00:00-05:00,36.18800039338175,37.16737792101845,35.89026878810974,36.21738052368164,402300,0.0,0.0
2024-03-06 00:00:00-05:00,38.048810345586915,38.048810345586915,33.68078805545398,36.33489990234375,600500,0.0,0.0
2024-03-07 00:00:00-05:00,36.65810316712929,37.85294501185069,36.47202277165177,37.598304748535156,391400,0.0,0.0
2024-03-08 00:00:00-05:00,37.941086920291255,38.48953594262483,37.03026552416869,37.6668586730957,323400,0.0,0.0
2024-03-11 00:00:00-04:00,37.70603618937109,37.70603618937109,36.66789462723877,37.2457275390625,277200,0.0,0.0
2024-03-12 00:00:00-04:00,37.2457238923992,38.479741593588855,37.049851387727806,38.38180160522461,218300,0.0,0.0
2024-03-13 00:00:00-04:00,38.7833494247817,38.98412361551077,38.34263251679577,38.675621032714844,197000,0.0,0.0
2024-03-14 00:00:00-04:00,37.402429034122605,37.402429034122605,34.63079238107783,34.865840911865234,765300,0.0,0.0
2024-03-15 00:00:00-04:00,34.63078869362734,34.699344819142965,33.78852345325976,34.062747955322266,1795000,0.0,0.0
2024-03-18 00:00:00-04:00,34.336977265161515,34.439811456644684,33.78852450788919,33.94522476196289,261500,0.0,0.0
2024-03-19 00:00:00-04:00,33.82769968805473,34.40553256149503,33.7885236914757,34.39573669433594,334900,0.0,0.0
2024-03-20 00:00:00-04:00,34.02357339704756,34.66016648184321,33.528986751208215,34.288002014160156,334500,0.0,0.0
2024-03-21 00:00:00-04:00,34.43491355870934,34.949088252687936,33.88646080086742,34.2684211730957,387200,0.0,0.0
2024-03-22 00:00:00-04:00,34.219448121809755,34.5524366175218,33.88645962609771,33.89625549316406,224500,0.0,0.0
2024-03-25 00:00:00-04:00,34.01378183382627,34.27821422042155,33.76403951270369,33.98440170288086,240900,0.0,0.0
2024-03-26 00:00:00-04:00,34.748309790728456,35.22820636178315,34.28310701897434,34.89521789550781,446500,0.0,0.0
2024-03-27 00:00:00-04:00,35.14006262026355,35.77176149989529,35.061710633939455,35.07150650024414,585100,0.0,0.0
2024-03-28 00:00:00-04:00,35.071507899557886,35.51222476411584,34.900113856642584,35.45346450805664,267400,0.0,0.0
2024-04-01 00:00:00-04:00,35.659133940755716,35.659133940755716,35.14006507125317,35.335941314697266,314800,0.0,0.0
2024-04-02 00:00:00-04:00,35.1400622461212,35.433874719651605,34.591609555777026,34.89521789550781,183100,0.0,0.0
2024-04-03 00:00:00-04:00,34.7874927888018,35.34573772173458,34.66017265475583,35.0323371887207,289400,0.0,0.0
2024-04-04 00:00:00-04:00,35.2282092286533,35.87459821743462,34.85114680584751,35.179237365722656,306300,0.0,0.0
2024-04-05 00:00:00-04:00,35.17923858105266,35.96274358266732,35.17923858105266,35.87459945678711,268400,0.0,0.0
2024-04-08 00:00:00-04:00,35.894186014431476,36.32511075919676,34.98434350173301,35.1694450378418,719900,0.0,0.0
2024-04-09 00:00:00-04:00,35.25758837775449,35.47305261336988,33.17151335264936,33.200897216796875,514000,0.0,0.0
2024-04-10 00:00:00-04:00,32.809145981991556,33.69058721920279,32.08440499405914,33.09316635131836,408400,0.0,0.0
2024-04-11 00:00:00-04:00,33.142135848645694,33.915844995953705,33.09610423786034,33.47512435913086,266900,0.0,0.0
2024-04-12 00:00:00-04:00,33.33800581690162,33.65140626932612,32.70140904639857,32.88749313354492,315400,0.0,0.0
2024-04-15 00:00:00-04:00,33.279248796497214,33.43594905550725,32.446779371011836,32.858116149902344,297100,0.0,0.0
2024-04-16 00:00:00-04:00,32.59368025202796,33.05398884780802,32.26069177049038,32.8679084777832,151500,0.0,0.0
2024-04-17 00:00:00-04:00,33.2890418164198,33.36739007120791,32.32924860905842,32.41739273071289,123000,0.0,0.0
2024-04-18 00:00:00-04:00,32.4173974236352,33.08337449787317,32.074616754260845,32.29008102416992,214900,0.0,0.0
2024-04-19 00:00:00-04:00,32.41739870238303,32.61817291381431,32.00606188290807,32.182350158691406,148100,0.0,0.0
2024-04-22 00:00:00-04:00,32.39781101983036,32.72100366732381,32.133378634047254,32.52512741088867,266900,0.0,0.0
2024-04-23 00:00:00-04:00,32.69162034617101,33.00502083147167,32.436980116846414,32.71120834350586,144600,0.0,0.0
2024-04-24 00:00:00-04:00,32.71121282453023,32.90708535265385,32.40760442829222,32.74059295654297,208400,0.0,0.0
2024-04-25 00:00:00-04:00,32.52512485007153,32.52512485007153,31.751415752885457,32.41739273071289,293300,0.0,0.0
2024-04-26 00:00:00-04:00,32.427192883737035,32.72786102937913,32.3047706839259,32.43698501586914,113500,0.0,0.0
2024-04-29 00:00:00-04:00,32.583892310261355,33.26945735874026,32.24110791800743,33.210693359375,229400,0.0,0.0
2024-04-30 00:00:00-04:00,33.07357957933195,33.318423961409295,32.66223907470703,32.66223907470703,205400,0.0,0.0
2024-05-01 00:00:00-04:00,32.77976425102458,33.44769889083678,32.377237072882224,33.02460861206055,157100,0.0,0.0
2024-05-02 00:00:00-04:00,33.41542625090733,33.56271879000021,32.88518135094368,33.228858947753906,145700,0.088,0.0
2024-05-03 00:00:00-04:00,33.562711086800746,33.837653101145165,32.98336630957214,33.57252883911133,174900,0.0,0.0
2024-05-06 00:00:00-04:00,33.7394633633509,34.2304334268553,33.7394633633509,33.965309143066406,203400,0.0,0.0
2024-05-07 00:00:00-04:00,33.97512982832885,34.068415347102864,33.533259729683756,33.729644775390625,205400,0.0,0.0
2024-05-08 00:00:00-04:00,30.440143807550285,31.765761475041238,28.657921960211755,29.811702728271484,959900,0.0,0.0
2024-05-09 00:00:00-04:00,29.733147753824568,30.518699107162508,29.634953366431784,30.371408462524414,344300,0.0,0.0
2024-05-10 00:00:00-04:00,30.616891690504072,30.813278580815695,29.870617012354987,30.744543075561523,322700,0.0,0.0
2024-05-13 00:00:00-04:00,30.74454458311084,30.852558595465,29.251997026528105,29.43856430053711,392700,0.0,0.0
2024-05-14 00:00:00-04:00,29.6447737507523,30.057188690029523,29.085068163069398,29.8902587890625,417900,0.0,0.0
2024-05-15 00:00:00-04:00,30.125920225085068,30.27321085405139,29.143980201440325,29.36000633239746,243300,0.0,0.0
2024-05-16 00:00:00-04:00,29.438561459372963,29.68404646528415,29.153799826425008,29.36000633239746,192800,0.0,0.0
2024-05-17 00:00:00-04:00,29.556394627604426,29.949170256386484,29.45329137621825,29.900074005126953,185700,0.0,0.0
2024-05-20 00:00:00-04:00,29.900075934824223,30.587432861328125,29.782242302133866,30.587432861328125,210700,0.0,0.0
2024-05-21 00:00:00-04:00,30.64635318787457,31.127505541013083,30.5972569263228,31.107866287231445,163200,0.0,0.0
2024-05-22 00:00:00-04:00,31.10786452537916,31.353349565039156,30.926206120443382,31.323890686035156,152500,0.0,0.0
2024-05-23 00:00:00-04:00,31.42208468958491,32.10944354133046,31.363168805204552,31.736305236816406,182400,0.0,0.0
2024-05-24 00:00:00-04:00,31.814861578001665,32.73788394787319,31.65775130768727,32.59059143066406,164300,0.0,0.0
2024-05-28 00:00:00-04:00,32.70842522769523,33.31035347446104,32.4433009581031,32.806617736816406,285100,0.0,0.0
2024-05-29 00:00:00-04:00,32.60040814948657,32.9440856448432,31.7755784148269,32.0112419128418,211700,0.0,0.0
2024-05-30 00:00:00-04:00,32.16835878452262,32.52185785014449,31.89341673161873,32.06034851074219,124200,0.0,0.0
2024-05-31 00:00:00-04:00,32.13889989664892,32.354927923175296,31.80405870301564,32.24691390991211,305400,0.0,0.0
2024-06-03 00:00:00-04:00,32.050524939402145,32.23218521021599,31.23551471416055,31.500640869140625,148200,0.0,0.0
2024-06-04 00:00:00-04:00,31.294434852837224,31.461364760978583,30.842741389024372,31.117685317993164,148600,0.0,0.0
2024-06-05 00:00:00-04:00,31.402446595569597,32.629871824035284,31.402446595569597,32.40402603149414,286300,0.0,0.0
2024-06-06 00:00:00-04:00,32.31564721810377,32.43249757579032,31.559552922563203,31.65774917602539,205800,0.0,0.0
2024-06-07 00:00:00-04:00,31.589013128134678,32.03088694900071,31.343529961200712,31.854137420654297,205900,0.0,0.0
2024-06-10 00:00:00-04:00,31.863956109854396,32.33528689527726,31.81976685876257,32.119258880615234,258300,0.0,0.0
2024-06-11 00:00:00-04:00,31.981787746251946,33.19939507991192,31.667567223850163,33.09138107299805,275600,0.0,0.0
2024-06-12 00:00:00-04:00,33.366323088597774,34.08313888933109,33.130659569734156,33.43505859375,167000,0.0,0.0
2024-06-13 00:00:00-04:00,33.48416217196507,33.518529932058385,32.63969667455713,33.3466911315918,137700,0.0,0.0
2024-06-14 00:00:00-04:00,32.89499277940594,33.268131059758694,32.01124520641367,32.20763397216797,175000,0.0,0.0
2024-06-17 00:00:00-04:00,32.23709449036446,32.29109774840015,31.3631665492243,31.461360931396484,326400,0.0,0.0
2024-06-18 00:00:00-04:00,31.43189820013074,31.92188680651475,31.422080448144403,31.77557945251465,186800,0.0,0.0
2024-06-20 00:00:00-04:00,31.755943786715008,31.9621503139355,30.86237842295524,31.029308319091797,128200,0.0,0.0
2024-06-21 00:00:00-04:00,30.98021090248834,30.990030528710978,30.50888008121493,30.70526885986328,407000,0.0,0.0
2024-06-24 00:00:00-04:00,30.7740036618887,31.535008756950813,30.7740036618887,31.029308319091797,157000,0.0,0.0
2024-06-25 00:00:00-04:00,30.94093361405637,31.323889664103437,30.832919600801183,30.8721981048584,181100,0.0,0.0
2024-06-26 00:00:00-04:00,30.685627772358664,31.96214913852795,30.685627772358664,31.922870635986328,196900,0.0,0.0
2024-06-27 00:00:00-04:00,31.922868430186004,32.345102938822514,31.620432222282385,32.33528518676758,184700,0.0,0.0
2024-06-28 00:00:00-04:00,32.541497808239825,32.96373239623414,32.256734249675354,32.953914642333984,1847300,0.0,0.0
2024-07-01 00:00:00-04:00,33.0717458997528,33.35650945385354,32.246915990298454,32.46294403076172,295700,0.0,0.0
2024-07-02 00:00:00-04:00,32.46294673440263,33.44488700620883,32.404028969604504,33.228858947753906,193800,0.0,0.0
2024-07-03 00:00:00-04:00,33.1895798829357,33.52343971959964,33.037380342008184,33.42524719238281,80600,0.0,0.0
2024-07-05 00:00:00-04:00,33.42524173810308,34.02422579547691,33.06192120591634,34.014404296875,146700,0.0,0.0
2024-07-08 00:00:00-04:00,34.12242093830767,34.68212653604865,33.92505075419442,34.0340461730957,273300,0.0,0.0
2024-07-09 00:00:00-04:00,34.06350420256749,34.367907013173834,33.60199485553771,33.95549392700195,115600,0.0,0.0
2024-07-10 00:00:00-04:00,34.13223502070981,34.42682003693475,33.93585000429862,34.40718078613281,94100,0.0,0.0
2024-07-11 00:00:00-04:00,34.80977988044901,35.688616784741114,34.613391096696915,34.75086212158203,212300,0.0,0.0
2024-07-12 00:00:00-04:00,35.01598523638544,36.39070293046447,34.99143523456803,36.14521789550781,276600,0.0,0.0
2024-07-15 00:00:00-04:00,36.5085319487195,37.47083276377584,36.5085319487195,36.78347396850586,261900,0.0,0.0
2024-07-16 00:00:00-04:00,37.087877034890425,38.492051640011816,36.783474263539624,37.87342834472656,417400,0.0,0.0
2024-07-17 00:00:00-04:00,37.480655721879565,37.79488003273966,36.70492580891391,37.13697814941406,220000,0.0,0.0
2024-07-18 00:00:00-04:00,37.09769669066481,37.706502264599436,36.724562140477616,37.028961181640625,164300,0.0,0.0
2024-07-19 00:00:00-04:00,37.02895464681829,37.11241864364599,36.67938501321486,36.9798583984375,113400,0.0,0.0
2024-07-22 00:00:00-04:00,37.04860133280639,37.569028412564585,36.788387792927296,37.26462936401367,241300,0.0,0.0
2024-07-23 00:00:00-04:00,37.26462739086435,38.207288983993486,36.812935845715494,37.76541519165039,272000,0.0,0.0
2024-07-24 00:00:00-04:00,37.49047148888567,37.90779526186785,36.57726694076729,36.63618469238281,229400,0.0,0.0
2024-07-25 00:00:00-04:00,36.79329556553475,37.205708596320825,35.71315924269694,36.12557601928711,327800,0.0,0.0
2024-07-26 00:00:00-04:00,36.79329720469304,36.79329720469304,35.8800926006355,36.22377014160156,247400,0.0,0.0
2024-07-29 00:00:00-04:00,36.40051831539062,36.606724832344796,35.67388475684614,35.870269775390625,117600,0.0,0.0
2024-07-30 00:00:00-04:00,36.155041708167275,36.228687980157915,35.55115051861502,35.70335006713867,129000,0.0,0.0
2024-07-31 00:00:00-04:00,35.94882617255966,36.81293447362307,35.894819169630445,36.037200927734375,165400,0.0,0.0
2024-08-01 00:00:00-04:00,35.94882254423279,36.06665429063826,34.475912603851576,35.09453582763672,163600,0.0,0.0
2024-08-02 00:00:00-04:00,34.07867193492744,34.216482258963154,33.20258879922922,33.724300384521484,207800,0.088,0.0
2024-08-05 00:00:00-04:00,31.854009703545085,32.83837339646033,31.696511662880628,32.30681610107422,218900,0.0,0.0
2024-08-06 00:00:00-04:00,32.24775775069008,32.799002852985225,32.07057571411133,32.07057571411133,210600,0.0,0.0
2024-08-07 00:00:00-04:00,32.69072543155789,33.07462676600367,32.20838920547744,32.22807693481445,152600,0.0,0.0
2024-08-08 00:00:00-04:00,32.720252942485544,33.714458685064095,32.51353369962984,33.6553955078125,130000,0.0,0.0
2024-08-09 00:00:00-04:00,33.655400737576755,33.79321483924562,33.04509616467307,33.320716857910156,206500,0.0,0.0
2024-08-12 00:00:00-04:00,33.32071246120818,33.87688040031079,32.139478928885445,33.46836853027344,233500,0.0,0.0
2024-08-13 00:00:00-04:00,33.66524246889748,33.75383536046234,33.045092227943485,33.36993408203125,156600,0.0,0.0
2024-08-14 00:00:00-04:00,32.90728545083449,33.55204260319782,32.74978737716367,33.40930938720703,135700,0.0,0.0
2024-08-15 00:00:00-04:00,34.19679777240876,34.19679777240876,33.07461996137336,33.86211395263672,196100,0.0,0.0
2024-08-16 00:00:00-04:00,33.763677834964895,34.305077177899115,33.763677834964895,34.167266845703125,199700,0.0,0.0
2024-08-19 00:00:00-04:00,34.206644347322005,34.68406142319337,33.98024110872272,34.590545654296875,202300,0.0,0.0
2024-08-20 00:00:00-04:00,34.59054197929634,35.220534185866484,34.38382649058733,34.561012268066406,418500,0.0,0.0
2024-08-21 00:00:00-04:00,34.807105659878225,35.023666904282564,33.98023989175714,34.8858528137207,203800,0.0,0.0
2024-08-22 00:00:00-04:00,34.83663328989687,35.06795937712234,34.44289003413098,34.46257400512695,107400,0.0,0.0
2024-08-23 00:00:00-04:00,34.83663695940541,35.77178339230871,34.728356332272895,35.4272575378418,135200,0.0,0.0
2024-08-26 00:00:00-04:00,35.71271804911661,35.71271804911661,35.0039786549065,35.02366638183594,84200,0.0,0.0
2024-08-27 00:00:00-04:00,34.92523088451553,35.47647602290827,34.68898565024028,35.18116760253906,94800,0.0,0.0
2024-08-28 00:00:00-04:00,35.17131501561896,35.56506200284701,34.72835059374979,34.98428726196289,91700,0.0,0.0
2024-08-29 00:00:00-04:00,35.328814734866356,35.845607210729355,35.20576926490371,35.515846252441406,84100,0.0,0.0
2024-08-30 00:00:00-04:00,35.74224875361442,35.74224875361442,35.15162825654502,35.68318557739258,99100,0.0,0.0
2024-09-03 00:00:00-04:00,35.44694245775503,35.56998794550141,34.10821070531665,34.29523849487305,128200,0.0,0.0
2024-09-04 00:00:00-04:00,34.1475771159977,34.66929245663076,33.98023708101802,34.659446716308594,82700,0.0,0.0
2024-09-05 00:00:00-04:00,35.013822196597836,35.013822196597836,34.39367191344044,34.63976287841797,86600,0.0,0.0
2024-09-06 00:00:00-04:00,34.71851563381127,34.71851563381127,33.16321885011509,33.310874938964844,107700,0.0,0.0
2024-09-09 00:00:00-04:00,33.40930577991018,33.704617921826284,33.2419657375376,33.36993408203125,322000,0.0,0.0
2024-09-10 00:00:00-04:00,33.31087141371624,33.76367786419505,32.80884752384624,33.241966247558594,326700,0.0,0.0
2024-09-11 00:00:00-04:00,33.163216371276164,33.99008214591862,32.49778770810653,33.91133499145508,111200,0.0,0.0
2024-09-12 00:00:00-04:00,33.960553818269254,34.5413286569576,33.83258546261244,34.48226547241211,125000,0.0,0.0
2024-09-13 00:00:00-04:00,34.86616377847063,35.51584748731033,34.69882373592697,35.210693359375,146500,0.0,0.0
2024-09-16 00:00:00-04:00,35.54537568456452,35.9194349617283,35.081739696496335,35.57490539550781,170600,0.0,0.0
2024-09-17 00:00:00-04:00,35.870216436713115,36.31318090904142,35.4764731596824,35.860374450683594,135600,0.0,0.0
2024-09-18 00:00:00-04:00,35.97849676724203,36.39193152308732,35.43709741879816,35.92927932739258,150100,0.0,0.0
2024-09-19 00:00:00-04:00,36.42145777387504,37.051449956182786,36.26888259833009,36.77582931518555,107000,0.0,0.0
2024-09-20 00:00:00-04:00,36.785676220967915,38.30159745933456,36.45099235996554,37.41566848754883,1343900,0.0,0.0
2024-09-23 00:00:00-04:00,37.41566765987423,37.81433756588386,36.69708251201062,36.70692825317383,137400,0.0,0.0
2024-09-24 00:00:00-04:00,36.91364136970459,36.91364136970459,36.08677565282122,36.35255432128906,198000,0.0,0.0
2024-09-25 00:00:00-04:00,36.44114913138378,36.84473814809477,36.02771437362741,36.815208435058594,178600,0.0,0.0
2024-09-26 00:00:00-04:00,37.23848702525607,37.63223032044518,36.8152102605164,37.28770446777344,215500,0.0,0.0
2024-09-27 00:00:00-04:00,37.50426197379881,37.55348317137676,37.01700290918844,37.27785873413086,225600,0.0,0.0
2024-09-30 00:00:00-04:00,37.34675978933443,37.395980981488556,36.78567274523506,37.356605529785156,70600,0.0,0.0
2024-10-01 00:00:00-04:00,37.17942303389323,37.51410689281426,36.87426888883138,37.48457717895508,98200,0.0,0.0
2024-10-02 00:00:00-04:00,37.49442201149341,38.10472659289634,37.4314235314548,37.71098327636719,113900,0.0,0.0
2024-10-03 00:00:00-04:00,37.69129023756079,37.69129023756079,36.94317165796022,37.140045166015625,88400,0.0,0.0
2024-10-04 00:00:00-04:00,37.73066058531713,38.46893332435105,37.25127221236809,38.4000244140625,154800,0.0,0.0
2024-10-07 00:00:00-04:00,38.39019469499618,38.39019469499618,37.770044344662864,38.213008880615234,118400,0.0,0.0
2024-10-08 00:00:00-04:00,38.44925287306276,39.03002768782017,38.22284964087598,38.488624572753906,124000,0.0,0.0
2024-10-09 00:00:00-04:00,38.488628599684084,39.57143118805641,38.488628599684084,39.335182189941406,339500,0.0,0.0
2024-10-10 00:00:00-04:00,38.852842698168494,39.384396327941715,38.498471108286275,39.21705627441406,422000,0.0,0.0
2024-10-11 00:00:00-04:00,39.12845807702843,39.650169649772934,39.038881368559636,39.59111022949219,181300,0.0,0.0
2024-10-14 00:00:00-04:00,39.43361524761513,39.48283268668977,37.907848350952,37.917694091796875,276700,0.0,0.0
2024-10-15 00:00:00-04:00,37.730664583693446,37.856661522326014,36.43130097065281,36.47067642211914,181800,0.0,0.0
2024-10-16 00:00:00-04:00,36.765983688108285,37.75034741475161,36.765983688108285,37.691287994384766,134000,0.0,0.0
2024-10-17 00:00:00-04:00,37.99643672024249,38.09979821156004,37.69128638127463,38.08502960205078,78100,0.0,0.0
2024-10-18 00:00:00-04:00,38.114567677620435,38.114567677620435,37.63222776162672,37.898006439208984,77100,0.0,0.0
2024-10-21 00:00:00-04:00,37.9669163299227,38.05550923347523,37.38614146331174,37.68144989013672,176100,0.0,0.0
2024-10-22 00:00:00-04:00,37.61253991752009,37.61253991752009,36.85457934049631,37.002235412597656,67800,0.0,0.0
2024-10-23 00:00:00-04:00,36.77582896632319,36.95301473529762,36.4755977330637,36.854576110839844,85900,0.0,0.0
2024-10-24 00:00:00-04:00,37.19910329069213,37.26800844589187,36.47559540604544,36.490360260009766,84000,0.0,0.0
2024-10-25 00:00:00-04:00,36.87426512357436,37.05145089873705,36.234430939975475,36.539581298828125,77300,0.0,0.0
2024-10-28 00:00:00-04:00,36.83489284789542,36.864426316335035,36.480525022070225,36.70692825317383,146600,0.0,0.0
2024-10-29 00:00:00-04:00,36.59864404486905,36.81520526864154,36.249195368813226,36.64786148071289,117000,0.0,0.0
2024-10-30 00:00:00-04:00,36.5986471751457,36.87426784348473,35.83084459617271,35.8899040222168,118900,0.0,0.0
2024-10-31 00:00:00-04:00,35.68318777800415,35.89876519271649,34.18695435022392,34.2263298034668,156800,0.0,0.0
2024-11-01 00:00:00-04:00,34.54015288482681,35.290165976768776,34.47699456127196,34.737525939941406,198600,0.088,0.0
2024-11-04 00:00:00-05:00,34.6191069302299,35.191484703877094,34.36252080461907,34.42173385620117,97800,0.0,0.0
2024-11-05 00:00:00-05:00,34.51054472673503,35.14213542706562,34.51054472673503,34.89542007446289,107200,0.0,0.0
2024-11-06 00:00:00-05:00,36.88888105695686,38.655360143581134,36.415188025523186,36.661903381347656,293800,0.0,0.0
2024-11-07 00:00:00-05:00,34.283566596473975,36.76058704712811,32.21115540352698,33.553287506103516,502500,0.0,0.0
2024-11-08 00:00:00-05:00,33.67170651273568,34.72764780290874,33.38551959672234,34.471065521240234,234600,0.0,0.0
2024-11-11 00:00:00-05:00,35.5368800078057,35.5368800078057,34.33291156993051,34.37238693237305,193300,0.0,0.0
2024-11-12 00:00:00-05:00,34.00725007733239,34.62897394389032,33.2473661881123,33.99738311767578,232900,0.0,0.0
2024-11-13 00:00:00-05:00,34.194746494534435,34.377313430743556,32.87235216545603,32.89208984375,226900,0.0,0.0
2024-11-14 00:00:00-05:00,32.8822210642358,33.286834081714375,32.65524339731635,33.05985641479492,242500,0.0,0.0
2024-11-15 00:00:00-05:00,33.188156063810425,33.474343061571965,31.86576139306565,32.09273910522461,369000,0.0,0.0
2024-11-18 00:00:00-05:00,31.62890853653681,32.02365462008334,30.507834252049385,30.59270477294922,396000,0.0,0.0
2024-11-19 00:00:00-05:00,30.474280521648883,31.638779207462406,30.059798640433126,31.530223846435547,349200,0.0,0.0
2024-11-20 00:00:00-05:00,31.322986487968908,32.03352615167966,31.135482259742382,32.00392150878906,307800,0.0,0.0
2024-11-21 00:00:00-05:00,32.0729990022473,32.68485208297759,32.03352363843815,32.369056701660156,316500,0.0,0.0
2024-11-22 00:00:00-05:00,32.36905685619211,33.079598349837454,32.230896846778386,33.040122985839844,259400,0.0,0.0
2024-11-25 00:00:00-05:00,33.46447488233567,33.65197722087273,32.93156874386861,33.158546447753906,209500,0.0,0.0
2024-11-26 00:00:00-05:00,32.95130564555054,33.395394083747576,32.70755298768745,33.10920333862305,247800,0.0,0.0
2024-11-27 00:00:00-05:00,33.03025861860597,33.306578659112844,32.576299426172696,33.010520935058594,287400,0.0,0.0
2024-11-29 00:00:00-05:00,33.04998997354648,33.42499459540394,32.87235462021295,32.95130157470703,164700,0.0,0.0
2024-12-02 00:00:00-05:00,33.01051763880648,34.01711681173994,32.61577153643256,33.75066375732422,354000,0.0,0.0
2024-12-03 00:00:00-05:00,33.72105776287311,34.441470015883446,33.31644467308026,34.23422622680664,412000,0.0,0.0
2024-12-04 00:00:00-05:00,34.313176490152536,35.0335849687464,34.229294162035956,34.678314208984375,305900,0.0,0.0
2024-12-05 00:00:00-05:00,34.73752532007574,36.00070682694393,34.41185922026125,35.359249114990234,446700,0.0,0.0
2024-12-06 00:00:00-05:00,35.45793659496817,35.96123434044187,34.520417348339436,35.06319046020508,553600,0.0,0.0
2024-12-09 00:00:00-05:00,35.12239950766387,35.596092556656295,34.61910181953996,34.816471099853516,233400,0.0,0.0
2024-12-10 00:00:00-05:00,34.717786717552706,34.92502672216778,33.85921829516329,34.550018310546875,208900,0.0,0.0
2024-12-11 00:00:00-05:00,34.74738989812023,35.290162929382234,34.648705261373536,35.21121597290039,265000,0.0,0.0
2024-12-12 00:00:00-05:00,35.30003523287653,35.98096829191363,34.974369140786344,35.30990219116211,250900,0.0,0.0
2024-12-13 00:00:00-05:00,35.230954870582956,35.517145597446415,34.44146645559559,34.816471099853516,294800,0.0,0.0
2024-12-16 00:00:00-05:00,34.70791800970418,35.94149491533048,34.59936640425455,35.90202331542969,267600,0.0,0.0
2024-12-17 00:00:00-05:00,35.65530348416765,36.11912578288049,34.6733736793476,35.25069046020508,316000,0.0,0.0
2024-12-18 00:00:00-05:00,35.88228356943556,36.721114311185254,35.20134674736375,35.82307052612305,554300,0.0,0.0
2024-12-19 00:00:00-05:00,35.84281091837594,36.40532169637101,34.67831399719153,35.28030014038086,283600,0.0,0.0
2024-12-20 00:00:00-05:00,34.530285060885966,35.1914804496873,33.41513052732281,33.50394821166992,608100,0.0,0.0
2024-12-23 00:00:00-05:00,33.63224273347961,34.01711812766497,31.835164966887636,32.08286666870117,486100,0.0,0.0
2024-12-24 00:00:00-05:00,32.19141906208111,32.378925144680906,31.697988342949248,31.87562370300293,224100,0.0,0.0
2024-12-26 00:00:00-05:00,31.767068381664657,31.95457446449585,30.977579982994907,31.194690704345703,478200,0.0,0.0
2024-12-27 00:00:00-05:00,30.98745234004115,31.658520378503407,30.45454808103178,31.6289119720459,360500,0.0,0.0
2024-12-30 00:00:00-05:00,31.253903093481966,31.93483804055921,31.01705656456138,31.64864730834961,240700,0.0,0.0
2024-12-31 00:00:00-05:00,31.84601906451986,32.15194746562956,31.461141823640613,31.87562370300293,289800,0.0,0.0
2025-01-02 00:00:00-05:00,32.309848215687495,32.398665904154996,31.352591324935336,31.826284408569336,313900,0.0,0.0
2025-01-03 00:00:00-05:00,31.796680078830548,32.18155547776822,31.619044700155,32.15195083618164,128500,0.0,0.0
2025-01-06 00:00:00-05:00,32.26050342146983,32.290111828531984,31.73253263122872,32.023658752441406,172100,0.0,0.0
2025-01-07 00:00:00-05:00,32.16181539341226,32.240762353273574,31.204560447055147,31.747331619262695,209100,0.0,0.0
2025-01-08 00:00:00-05:00,31.559831252159363,32.20129275197244,31.473974404526892,31.915102005004883,196900,0.0,0.0
2025-01-10 00:00:00-05:00,31.510489639950055,31.762140389659532,31.145350037694964,31.6289119720459,183800,0.0,0.0
2025-01-13 00:00:00-05:00,31.244034339147444,31.801609720687114,31.184823177325928,31.559829711914062,290100,0.0,0.0
2025-01-14 00:00:00-05:00,31.58943660407457,32.714461934922376,31.352591939900975,32.645381927490234,535400,0.0,0.0
2025-01-15 00:00:00-05:00,33.06973079766718,34.42173390989711,32.808213074116935,33.99738311767578,190800,0.0,0.0
2025-01-16 00:00:00-05:00,34.668444668132224,35.83294150970777,34.062509524015994,35.556617736816406,344400,0.0,0.0
2025-01-17 00:00:00-05:00,35.87241107501904,37.94482231367713,35.81320179920834,37.688236236572266,359300,0.0,0.0
2025-01-21 00:00:00-05:00,38.25074585766346,39.51393099802038,37.82639892295672,38.418514251708984,641300,0.0,0.0
2025-01-22 00:00:00-05:00,38.77379002424148,39.079714686111146,38.23101694115787,38.872474670410156,292000,0.0,0.0
2025-01-23 00:00:00-05:00,38.477733293216716,38.90208029412462,37.540214072618056,37.98430252075195,264900,0.0,0.0
2025-01-24 00:00:00-05:00,37.97443032202192,39.23761184579845,37.402052605777385,38.98102951049805,422300,0.0,0.0
2025-01-27 00:00:00-05:00,38.24088345764772,39.43498497953622,37.846137348382776,39.31656265258789,358600,0.0,0.0
2025-01-28 00:00:00-05:00,39.405375682490536,39.71130406924883,38.433316609068626,38.842864990234375,265000,0.0,0.0
2025-01-29 00:00:00-05:00,38.99089559528773,39.138926323790464,38.15206483931307,38.17180252075195,162200,0.0,0.0
2025-01-30 00:00:00-05:00,38.39877916962681,39.0797122202114,38.39877916962681,38.813262939453125,154300,0.0,0.0
2025-01-31 00:00:00-05:00,38.98638426505872,39.002211134873356,38.105951422256254,38.13562774658203,121000,0.095,0.0
2025-02-03 00:00:00-05:00,37.383794194228926,38.3730451412663,36.91884504153963,36.95841598510742,206800,0.0,0.0
2025-02-04 00:00:00-05:00,37.07712468535358,37.443146475601466,36.69131742351219,36.73088836669922,206500,0.0,0.0
2025-02-05 00:00:00-05:00,36.82981902416841,36.99799367816492,36.34508808495935,36.44401168823242,135700,0.0,0.0
2025-02-06 00:00:00-05:00,36.48357560297949,36.78035012925783,35.355830138906086,35.56357192993164,157300,0.0,0.0
2025-02-07 00:00:00-05:00,35.56357274658591,36.404434552632246,35.01948547363281,35.01948547363281,159100,0.0,0.0
2025-02-10 00:00:00-05:00,35.34593947214109,36.048306810136175,35.34593947214109,35.89992141723633,138100,0.0,0.0
2025-02-11 00:00:00-05:00,35.52400303191083,36.0987591271967,35.3558321743588,36.038414001464844,144200,0.0,0.0
2025-02-12 00:00:00-05:00,35.8900235216635,36.02555192925204,34.93045265923643,35.29647445678711,143600,0.0,0.0
2025-02-13 00:00:00-05:00,35.55367941713841,35.73174489821083,34.613893990436644,35.316261291503906,318200,0.0,0.0
2025-02-14 00:00:00-05:00,35.30636447018446,35.4893772514741,34.53474994937175,34.67324447631836,109800,0.0,0.0
2025-02-18 00:00:00-05:00,34.88098841421975,35.109508171443515,34.57432302101292,34.871097564697266,144600,0.0,0.0
2025-02-19 00:00:00-05:00,34.76227861121059,35.48443136915147,34.5149658677914,35.1381950378418,174300,0.0,0.0
2025-02-20 00:00:00-05:00,34.999703822415114,35.03432745882753,34.24787089789773,34.57432556152344,127400,0.0,0.0
2025-02-21 00:00:00-05:00,34.99969843914744,34.99969843914744,33.189367452817315,33.21904754638672,223100,0.0,0.0
2025-02-24 00:00:00-05:00,33.33776390309144,33.763142191746326,32.90249098984816,32.99152374267578,124700,0.0,0.0
2025-02-25 00:00:00-05:00,33.27840747664183,33.94120769740156,32.763996435159335,32.99152374267578,187700,0.0,0.0
2025-02-26 00:00:00-05:00,33.13001917242045,33.85217198275303,33.01130632990775,33.060768127441406,152700,0.0,0.0
2025-02-27 00:00:00-05:00,33.040981740186105,34.60399620794135,32.68485081055529,32.71452713012695,155300,0.0,0.0
2025-02-28 00:00:00-05:00,32.73431558126249,33.27048943950965,32.53151731587911,33.25861740112305,220700,0.0,0.0
2025-03-03 00:00:00-05:00,33.426793942292534,33.59002127150777,32.03195011035732,32.06162643432617,183200,0.0,0.0
2025-03-04 00:00:00-05:00,31.814311394153403,32.45732604120261,31.33947137617416,31.972591400146484,135000,0.0,0.0
2025-03-05 00:00:00-05:00,32.10119334194423,32.66506606854517,32.10119334194423,32.44742965698242,154500,0.0,0.0
2025-03-06 00:00:00-05:00,32.11109221603851,32.97174345484479,32.11109221603851,32.56614685058594,196900,0.0,0.0
2025-03-07 00:00:00-05:00,32.44743600308711,33.73346170521345,32.33070434065904,33.65432357788086,168600,0.0,0.0
2025-03-10 00:00:00-04:00,33.63453417980173,34.166749439463686,33.42679237437754,33.48614501953125,340200,0.0,0.0
2025-03-11 00:00:00-04:00,33.47625084529202,33.89173441487769,32.81839808642199,33.159690856933594,296200,0.0,0.0
2025-03-12 00:00:00-04:00,31.250437853627197,35.37561252912302,31.250437853627197,34.85131072998047,588600,0.0,0.0
2025-03-13 00:00:00-04:00,34.63367548156146,34.84043234978303,33.2784026825965,34.534751892089844,395600,0.0,0.0
2025-03-14 00:00:00-04:00,34.99970440849946,34.99970440849946,32.68485672099534,33.357547760009766,379200,0.0,0.0
2025-03-17 00:00:00-04:00,32.754104314622076,33.327867986619886,31.685711322104627,32.08141326904297,396100,0.0,0.0
2025-03-18 00:00:00-04:00,32.07151569234054,32.239690325099915,31.58678481434342,31.982486724853516,348200,0.0,0.0
2025-03-19 00:00:00-04:00,31.53731936622797,32.259473991680494,31.032803043585567,32.01216125488281,393000,0.0,0.0
2025-03-20 00:00:00-04:00,32.04184071054092,32.0467880223949,31.092160614011842,31.55710792541504,257200,0.0,0.0
2025-03-21 00:00:00-04:00,31.567000763930977,31.76485172810165,30.122695140763618,30.8349552154541,604300,0.0,0.0
2025-03-24 00:00:00-04:00,31.230653762817383,31.69560294032046,30.973448276439342,31.230653762817383,267400,0.0,0.0
2025-03-25 00:00:00-04:00,31.151515881296096,31.47796865801489,30.79538489329499,30.98334312438965,298300,0.0,0.0
2025-03-26 00:00:00-04:00,31.102052595479073,31.25241728631821,29.90505788018189,30.043554306030273,173500,0.0,0.0
2025-03-27 00:00:00-04:00,30.04355610197177,30.462007753662323,29.86549060584131,30.320545196533203,226700,0.0,0.0
2025-03-28 00:00:00-04:00,30.2611870871837,30.43232783574363,28.74763243562603,28.767417907714844,281900,0.0,0.0
2025-03-31 00:00:00-04:00,28.44096677193908,29.568712328844196,28.43107403533595,29.291723251342773,308600,0.0,0.0
2025-04-01 00:00:00-04:00,29.15322609998736,29.57860432909958,28.8465588203109,28.975162506103516,177000,0.0,0.0
2025-04-02 00:00:00-04:00,28.668492915604308,30.231509386788385,28.668492915604308,30.053443908691406,196700,0.0,0.0
2025-04-03 00:00:00-04:00,29.05430459683113,29.54398281716248,28.18870991532649,28.42118263244629,225300,0.0,0.0
2025-04-04 00:00:00-04:00,27.65945715949027,28.490428153597808,27.209348028252567,27.86720085144043,316500,0.0,0.0
2025-04-07 00:00:00-04:00,27.22418803246622,28.5497845263171,26.78298104396065,28.005695343017578,362200,0.0,0.0
2025-04-08 00:00:00-04:00,28.876235858236658,28.876235858236658,27.733650327788066,28.124404907226562,329100,0.0,0.0
2025-04-09 00:00:00-04:00,28.124404977506444,30.686565104178133,27.654510396095112,30.18204689025879,256100,0.0,0.0
2025-04-10 00:00:00-04:00,29.726993641178073,30.20183558466706,29.118604464821342,29.895166397094727,207500,0.0,0.0
2025-04-11 00:00:00-04:00,30.013876514342456,30.518394767966793,29.509358260718116,30.439254760742188,157400,0.0,0.0
2025-04-14 00:00:00-04:00,30.607428060380386,31.200979068623596,29.73490866318532,30.864633560180664,292900,0.0,0.0
2025-04-15 00:00:00-04:00,30.676672663094465,31.468072680666044,30.231508973931405,30.686565399169922,235700,0.0,0.0
2025-04-16 00:00:00-04:00,30.58764467914624,30.773623617837796,29.84570633979455,30.310653686523438,216900,0.0,0.0
2025-04-17 00:00:00-04:00,30.221618192120726,30.696460120215548,29.746778150872505,30.409576416015625,127000,0.0,0.0
2025-04-21 00:00:00-04:00,30.18204735023927,31.05159866690749,28.757525423747968,28.826772689819336,397400,0.0,0.0
2025-04-22 00:00:00-04:00,28.846560421591946,29.509358699521282,28.302473099688047,29.054304122924805,222500,0.0,0.0
2025-04-23 00:00:00-04:00,29.6577454010909,30.33538371458859,29.05430355636474,29.074087142944336,215000,0.0,0.0
2025-04-24 00:00:00-04:00,29.113657225675627,29.954520952865295,28.77731173479976,29.756669998168945,254800,0.0,0.0
2025-04-25 00:00:00-04:00,29.67753030617173,30.701404950786927,29.67753030617173,30.12269401550293,340600,0.0,0.0
2025-04-28 00:00:00-04:00,30.112800183627684,30.39968198499182,28.757525518731402,28.994945526123047,305000,0.0,0.0
2025-04-29 00:00:00-04:00,29.004840850830078,29.445057271750535,28.51021531957623,29.004840850830078,473100,0.0,0.0
2025-04-30 00:00:00-04:00,28.87623705263703,29.069140694634783,28.480537032276704,28.836666107177734,341700,0.0,0.0
2025-05-01 00:00:00-04:00,29.153227073397048,29.835810810039057,28.688279770179598,29.351078033447266,465900,0.0,0.0
2025-05-02 00:00:00-04:00,29.683542592192868,30.059672785909704,29.157554693958403,29.514829635620117,339800,0.095,0.0
2025-05-05 00:00:00-04:00,29.395736945501717,30.169830067864265,29.088082706345297,29.55452537536621,279200,0.0,0.0
2025-05-06 00:00:00-04:00,29.34611660980928,30.189681390682747,28.730811870518657,29.385814666748047,444100,0.0,0.0
2025-05-07 00:00:00-04:00,32.29362933638449,36.074780088320864,30.457635946389065,35.15182113647461,972800,0.0,0.0
2025-05-08 00:00:00-04:00,35.30068647440888,36.93819524716895,35.29076385375265,36.20379638671875,559600,0.0,0.0
2025-05-09 00:00:00-04:00,36.253419969165286,36.65039297191867,35.002961446377846,35.11212921142578,385000,0.0,0.0
2025-05-12 00:00:00-04:00,35.92591682038689,36.283191729508424,34.933488199855844,35.49917221069336,321900,0.0,0.0
2025-05-13 00:00:00-04:00,35.548794196597456,36.39732024417127,35.48924711427451,35.73735427856445,302200,0.0,0.0
2025-05-14 00:00:00-04:00,35.638114388667496,35.638114388667496,34.53651792831411,34.73500442504883,234500,0.0,0.0
2025-05-15 00:00:00-04:00,34.96326124389013,35.23121743643688,34.457124292956216,34.953338623046875,197900,0.0,0.0
2025-05-16 00:00:00-04:00,34.97318739946133,35.21236003963423,34.427348611628496,35.02280807495117,345100,0.0,0.0
2025-05-19 00:00:00-04:00,34.754854571722255,35.34038767373397,34.73500554282853,35.17167282104492,283500,0.0,0.0
2025-05-20 00:00:00-04:00,35.0525777051268,35.13197380999165,34.25863558555152,34.665531158447266,326600,0.0,0.0
2025-05-21 00:00:00-04:00,34.48689627479511,34.596064034201106,33.15704170585962,33.18681335449219,205700,0.0,0.0
2025-05-22 00:00:00-04:00,33.00817866152688,33.41507429885515,32.85931662005473,32.87916564941406,247800,0.0,0.0
2025-05-23 00:00:00-04:00,32.65090634678568,32.933748380071954,32.23408431647085,32.4424934387207,298300,0.0,0.0
2025-05-27 00:00:00-04:00,32.85931411223979,33.16696457929157,32.52188821051383,33.11734390258789,304200,0.0,0.0
2025-05-28 00:00:00-04:00,33.1669656318566,33.633408336466815,32.224161387121605,32.38294982910156,243800,0.0,0.0
2025-05-29 00:00:00-04:00,32.56158885268656,32.77992060468861,32.382951373711535,32.55166244506836,207100,0.0,0.0
2025-05-30 00:00:00-04:00,32.353173886429644,32.62113008791162,31.926429245456315,32.521888732910156,416600,0.0,0.0
2025-06-02 00:00:00-04:00,32.70052428390376,32.750144958496094,32.095142210758766,32.750144958496094,285500,0.0,0.0
2025-06-03 00:00:00-04:00,33.246363176213,33.6234871618222,32.82954491776225,33.3356819152832,505800,0.0,0.0
2025-06-04 00:00:00-04:00,33.33568016483777,33.89144159940451,33.25628405169322,33.82197189331055,278700,0.0,0.0
2025-06-05 00:00:00-04:00,33.90136353772573,34.14947070758198,33.256283381773486,33.702877044677734,197700,0.0,0.0
2025-06-06 00:00:00-04:00,34.199091142622,34.665533830115066,34.01053105775765,34.22886657714844,149300,0.0,0.0
2025-06-09 00:00:00-04:00,34.73500211092974,35.032729943289034,34.39757622470526,34.77470016479492,262600,0.0,0.0
2025-06-10 00:00:00-04:00,35.092278762441566,35.092278762441566,34.545448075769684,34.74492645263672,280800,0.0,0.0
2025-06-11 00:00:00-04:00,35.39000461720384,36.14921190962286,34.07007651453513,35.7572021484375,448000,0.0,0.0
2025-06-12 00:00:00-04:00,35.429699582869326,36.129359733913134,35.35030348259558,35.87629318237305,261800,0.0,0.0
2025-06-13 00:00:00-04:00,34.8044746761595,35.5785678611526,33.593710434347656,34.139549255371094,569600,0.0,0.0
2025-06-16 00:00:00-04:00,34.35787863943483,34.586136773550585,33.96090945281324,34.17924118041992,237400,0.0,0.0
2025-06-17 00:00:00-04:00,33.98075773008417,34.35787788117967,33.638368643559424,33.93113327026367,243200,0.0,0.0
2025-06-18 00:00:00-04:00,34.00060683783836,34.08992557553261,33.434922761046536,33.4746208190918,408500,0.0,0.0
2025-06-20 00:00:00-04:00,33.67310773307639,33.79219812284551,32.43257179768694,32.621131896972656,579900,0.0,0.0
2025-06-23 00:00:00-04:00,32.62112892679548,32.77495794313189,31.79741510932054,32.5417366027832,260900,0.0,0.0
2025-06-24 00:00:00-04:00,32.57150924348088,32.730297682158444,32.02666610567105,32.720375061035156,225900,0.0,0.0
2025-06-25 00:00:00-04:00,32.47226672886693,32.66082680999274,31.311123236546216,31.370670318603516,248800,0.0,0.0
2025-06-26 00:00:00-04:00,31.658473480103545,32.06040776383133,31.14241012904977,32.025672912597656,319700,0.0,0.0
2025-06-27 00:00:00-04:00,32.194384538709116,32.263854242413345,31.51953463636267,31.78748893737793,561500,0.0,0.0
2025-06-30 00:00:00-04:00,31.976053743614305,31.976053743614305,31.455027164751343,31.608854293823242,219300,0.0,0.0
2025-07-01 00:00:00-04:00,31.44014067603228,32.114992476806364,31.35082194399409,31.489761352539062,205700,0.0,0.0
2025-07-02 00:00:00-04:00,31.767641166920093,31.767641166920093,31.340898414005473,31.668399810791016,164600,0.0,0.0
2025-07-03 00:00:00-04:00,31.95620361715625,32.13980049638064,31.688247424591438,31.98597526550293,108000,0.0,0.0
2025-07-07 00:00:00-04:00,31.92642969415143,32.19438589939927,31.459990776111184,31.569156646728516,252700,0.0,0.0
2025-07-08 00:00:00-04:00,31.499684553498863,32.055444057421866,31.400441311714335,31.70809555053711,210300,0.0,0.0
2025-07-09 00:00:00-04:00,31.91650416538676,32.32339974684894,31.52945761055867,32.303550720214844,207500,0.0,0.0
2025-07-10 00:00:00-04:00,32.28370384280914,32.74022391415592,32.239046369270476,32.46234130859375,239900,0.0,0.0
2025-07-11 00:00:00-04:00,32.44249262025697,32.56654620691631,32.14476476943756,32.521888732910156,223600,0.0,0.0
2025-07-14 00:00:00-04:00,32.53181003070842,33.266208899615386,32.194384137288715,33.196739196777344,284800,0.0,0.0
2025-07-15 00:00:00-04:00,33.276132199463525,33.36049151390115,31.688247836739734,31.718019485473633,522400,0.0,0.0
2025-07-16 00:00:00-04:00,32.04552103106366,32.248966929429955,31.643586758734386,31.976051330566406,197500,0.0,0.0
2025-07-17 00:00:00-04:00,32.20431202100256,32.720375398480535,31.985976495888593,32.323402404785156,144100,0.0,0.0
2025-07-18 00:00:00-04:00,32.363100207431124,32.63105640820115,32.21919759299083,32.39287185668945,154700,0.0,0.0
2025-07-21 00:00:00-04:00,32.53181103351634,32.55166006148405,31.9661269867892,32.00582504272461,159500,0.0,0.0
2025-07-22 00:00:00-04:00,31.90658400310804,32.7402242568914,31.90658400310804,32.521888732910156,201600,0.0,0.0
2025-07-23 00:00:00-04:00,32.849388850590756,33.563938734641916,32.73029846518726,33.55401611328125,180800,0.0,0.0
2025-07-24 00:00:00-04:00,33.36544719009563,34.11969501717419,33.157038100698074,33.44484329223633,266400,0.0,0.0
2025-07-25 00:00:00-04:00,33.66317924191917,33.78227341013206,33.15704227736685,33.63340759277344,178600,0.0,0.0
2025-07-28 00:00:00-04:00,33.80212051903151,33.80212051903151,33.12726874740021,33.405147552490234,190300,0.0,0.0
2025-07-29 00:00:00-04:00,33.49446567358182,33.68302574707314,32.958553314208984,32.958553314208984,234900,0.0,0.0
2025-07-30 00:00:00-04:00,33.35552924751506,33.48454603867782,32.00086240484373,32.45241928100586,164400,0.0,0.0
2025-07-31 00:00:00-04:00,32.21423608619343,33.1967422074309,32.05544763876078,32.819618225097656,278500,0.0,0.0
2025-08-01 00:00:00-04:00,32.28713407038477,32.555862225376224,31.769585869879208,32.18760681152344,286200,0.095,0.0
2025-08-04 00:00:00-04:00,32.43643159309543,32.993794162955716,32.207515840310464,32.91416931152344,265300,0.0,0.0
2025-08-05 00:00:00-04:00,33.11322770609439,34.596204497971215,33.013696641615546,34.128421783447266,400700,0.0,0.0
2025-08-06 00:00:00-04:00,31.849210374204606,32.39164041596384,28.534901995573374,28.714054107666016,1566400,0.0,0.0
2025-08-07 00:00:00-04:00,29.08231007191916,31.052981442652626,28.863347429998065,30.93354606628418,593200,0.0,0.0
2025-08-08 00:00:00-04:00,30.91364105348004,31.09777067829186,30.20201006666943,30.406044006347656,584700,0.0,0.0
2025-08-11 00:00:00-04:00,30.465763123394407,30.465763123394407,28.286082098228288,28.305988311767578,434500,0.0,0.0
2025-08-12 00:00:00-04:00,28.614523773477572,30.127361659890628,28.087020564852274,29.579952239990234,748900,0.0,0.0
2025-08-13 00:00:00-04:00,28.3955633830845,30.027834869105888,28.17659883851806,29.80887222290039,654900,0.0,0.0
2025-08-14 00:00:00-04:00,29.43066084323679,29.978070289011388,28.649360048187333,29.08230972290039,369200,0.0,0.0
2025-08-15 00:00:00-04:00,29.18183911067949,29.634695001101118,28.87330041239553,29.11216926574707,441300,0.0,0.0
2025-08-18 00:00:00-04:00,29.112169109414804,29.783987637210792,29.112169109414804,29.52023696899414,238500,0.0,0.0
2025-08-19 00:00:00-04:00,29.440614383050185,29.61976649891157,29.057428334871314,29.311227798461914,326800,0.0,0.0
2025-08-20 00:00:00-04:00,29.380896871649014,29.51924181773852,29.012639543350733,29.122121810913086,178800,0.0,0.0
2025-08-21 00:00:00-04:00,28.923063669506767,29.54014295642525,28.923063669506767,29.49037742614746,211200,0.0,0.0
2025-08-22 00:00:00-04:00,29.779011564547606,31.326684423926835,29.729247933035307,30.913639068603516,305600,0.0,0.0
2025-08-25 00:00:00-04:00,30.913639607038192,30.943498925482157,30.077597674216115,30.127363204956055,237000,0.0,0.0
2025-08-26 00:00:00-04:00,30.127362379161482,30.893734446302183,30.047739430520945,30.615053176879883,213800,0.0,0.0
2025-08-27 00:00:00-04:00,30.654863570332143,31.033073998520603,30.565287516201234,30.85392189025879,133700,0.0,0.0
2025-08-28 00:00:00-04:00,30.903687330757048,31.08781695189798,30.485666353120756,30.75439453125,190800,0.0,0.0
2025-08-29 00:00:00-04:00,30.88378234974673,31.112698097274418,30.43092645861113,30.664817810058594,202200,0.0,0.0
2025-09-02 00:00:00-04:00,30.475715145066435,30.774300744080524,30.316467340783184,30.75439453125,176000,0.0,0.0
2025-09-03 00:00:00-04:00,30.77430046948884,31.102745384818082,30.09750442617745,30.286609649658203,265600,0.0,0.0
2025-09-04 00:00:00-04:00,30.346325781012233,31.99850532923051,30.122385639057878,31.74968147277832,397100,0.0,0.0
2025-09-05 00:00:00-04:00,31.839257632976455,32.24732739206365,31.640201204873392,31.849210739135742,210300,0.0,0.0
2025-09-08 00:00:00-04:00,31.859161627028488,32.42647918060681,31.480953088577728,31.719823837280273,178500,0.0,0.0
2025-09-09 00:00:00-04:00,31.680011357174465,31.69991756925805,30.744440271215502,31.11269760131836,119200,0.0,0.0
2025-09-10 00:00:00-04:00,31.162462993292486,31.640202618478003,30.883783601825325,31.3515682220459,158800,0.0,0.0
2025-09-11 00:00:00-04:00,31.391382142692393,32.43643370716068,31.371475928536924,32.33690643310547,177700,0.0,0.0
2025-09-12 00:00:00-04:00,32.17765693555765,32.44638130494503,31.908928769448558,32.36676025390625,237700,0.0,0.0
2025-09-15 00:00:00-04:00,32.49614804007942,32.68027385233553,31.759633400890074,32.61558151245117,232600,0.0,0.0
2025-09-16 00:00:00-04:00,32.91416864802669,33.182896821110674,32.565819421837354,32.82459259033203,671900,0.0,0.0
2025-09-17 00:00:00-04:00,33.02364866179207,33.28739931456028,32.62553203330172,32.6952018737793,323100,0.0,0.0
2025-09-18 00:00:00-04:00,32.79473351310316,34.21301785767709,32.52600535359627,34.138370513916016,282500,0.0,0.0
2025-09-19 00:00:00-04:00,34.188135326485536,34.188135326485536,33.581012941479806,33.610870361328125,645700,0.0,0.0
2025-09-22 00:00:00-04:00,33.53124456306408,34.34738025405787,33.14308292914285,34.33742904663086,211200,0.0,0.0
2025-09-23 00:00:00-04:00,34.725591154512195,36.96498873159652,34.725591154512195,36.79579162597656,567800,0.0,0.0
2025-09-24 00:00:00-04:00,36.367816947546814,37.64178411044228,35.90998547297146,36.0294189453125,462000,0.0,0.0
2025-09-25 00:00:00-04:00,35.800503469167815,35.81045467663481,35.04408261313978,35.55168151855469,306800,0.0,0.0
2025-09-26 00:00:00-04:00,35.49196239229696,36.18866460371409,35.46707867889144,36.168758392333984,222300,0.0,0.0
2025-09-29 00:00:00-04:00,36.2583387361446,36.507160712760076,35.76069478291366,36.05928039550781,390000,0.0,0.0
2025-09-30 00:00:00-04:00,35.73083311332725,36.35786168622314,35.49196237361339,36.337955474853516,315000,0.0,0.0
2025-10-01 00:00:00-04:00,36.00951318835598,36.34791119486195,35.268024834659705,35.91993713378906,233100,0.0,0.0
2025-10-02 00:00:00-04:00,36.09909053726886,36.4374885559082,35.5815404030721,36.4374885559082,219700,0.0,0.0
2025-10-03 00:00:00-04:00,36.53701625232461,37.34320078183763,36.31805550595659,36.4972038269043,342300,0.0,0.0
2025-10-06 00:00:00-04:00,36.86546296997239,37.552210221417745,36.397676464319005,37.34320068359375,208200,0.0,0.0
2025-10-07 00:00:00-04:00,37.57211597287601,37.641785817962145,36.74105153740444,37.45268249511719,310900,0.0,0.0
2025-10-08 00:00:00-04:00,37.4924903639243,38.53754561249542,37.17399856520299,38.378299713134766,271100,0.0,0.0
2025-10-09 00:00:00-04:00,38.816229534540504,39.612459124622546,38.025972188433386,38.29867935180664,458400,0.0,0.0
2025-10-10 00:00:00-04:00,38.71670137998342,39.16955540663624,37.40292163701402,38.17924499511719,874200,0.0,0.0
2025-10-13 00:00:00-04:00,38.65698083816588,39.25415203862692,38.16928811363591,38.78636932373047,560900,0.0,0.0
2025-10-14 00:00:00-04:00,38.4181102219408,41.86180913394112,38.19914947254749,40.87647247314453,375400,0.0,0.0
2025-10-15 00:00:00-04:00,41.08548231413734,41.45573104426358,39.45321080466263,40.39873504638672,325600,0.0,0.0
2025-10-16 00:00:00-04:00,40.518168922005636,41.194964988125825,40.12005604569621,40.796852111816406,262400,0.0,0.0
2025-10-17 00:00:00-04:00,40.28925096463926,41.16510531946583,39.95085295005093,40.498260498046875,230800,0.0,0.0
2025-10-20 00:00:00-04:00,40.94614273259404,42.70780273394504,40.781919321353755,41.10538864135742,246600,0.0,0.0
2025-10-21 00:00:00-04:00,41.00586069837744,41.86180886768713,40.6475564603667,41.18501281738281,225200,0.0,0.0
2025-10-22 00:00:00-04:00,41.394024208308956,41.394024208308956,40.488312364713536,40.91628646850586,218300,0.0,0.0
2025-10-23 00:00:00-04:00,41.33430376419621,42.658038445333666,41.19496407075477,42.399261474609375,203100,0.0,0.0
2025-10-24 00:00:00-04:00,42.797378034385304,43.42441045006424,42.47390872012988,43.24525833129883,187500,0.0,0.0
2025-10-27 00:00:00-04:00,43.57370119189984,43.57370119189984,42.60827455177384,42.707801818847656,130000,0.0,0.0
2025-10-28 00:00:00-04:00,42.727707774895386,43.424410030391876,42.289782486991065,43.01634216308594,167600,0.0,0.0
2025-10-29 00:00:00-04:00,43.61351176203125,44.081298250165936,42.518696683906924,42.97652816772461,219500,0.0,0.0
2025-10-30 00:00:00-04:00,42.92676457168825,43.704082594387344,42.259919760602656,42.468929290771484,183500,0.0,0.0
2025-10-31 00:00:00-04:00,42.264441596122836,42.79312378267824,41.95521634145174,42.354217529296875,221700,0.095,0.0
2025-11-03 00:00:00-05:00,42.51381876547365,42.51381876547365,41.256959506230714,42.354217529296875,381500,0.0,0.0
2025-11-04 00:00:00-05:00,41.436514039465024,42.982651827912015,41.436514039465024,42.42404556274414,359600,0.0,0.0
2025-11-05 00:00:00-05:00,44.887893059263696,46.52380677525918,41.78564028567024,44.99761962890625,489500,0.0,0.0
2025-11-06 00:00:00-05:00,45.40659767209623,45.40659767209623,43.281903019889825,43.34175491333008,356700,0.0,0.0
2025-11-07 00:00:00-05:00,42.95272685744077,43.47641665237779,41.79561689433077,42.83302307128906,300100,0.0,0.0
2025-11-10 00:00:00-05:00,42.833023709739564,43.36170592680545,41.895366868737604,43.21207809448242,305600,0.0,0.0
2025-11-11 00:00:00-05:00,43.32180258576703,43.87043160264088,42.633522961528236,43.521305084228516,253500,0.0,0.0
2025-11-12 00:00:00-05:00,43.41157762085508,43.910331954083844,43.04250047972,43.12229919433594,224700,0.0,0.0
2025-11-13 00:00:00-05:00,43.13227975698077,44.24948848460278,42.7542223296715,43.082401275634766,376500,0.0,0.0
2025-11-14 00:00:00-05:00,42.284394268818964,43.740756094930056,41.98514241218151,42.85297393798828,324900,0.0,0.0
2025-11-17 00:00:00-05:00,42.85297326635568,43.16220233631101,41.955217710513786,41.98514175415039,295600,0.0,0.0
2025-11-18 00:00:00-05:00,41.31680978475885,42.020055266151275,40.109825134277344,40.109825134277344,350000,0.0,0.0
2025-11-19 00:00:00-05:00,40.219551148221214,40.69336626652075,39.6160588313116,39.90034866333008,240200,0.0,0.0
2025-11-20 00:00:00-05:00,40.61855612608465,41.53626231815128,39.31181833848322,39.41156768798828,433800,0.0,0.0
2025-11-21 00:00:00-05:00,39.421545942599586,40.42902809778888,38.84298904571517,40.14972686767578,394100,0.0,0.0
2025-11-24 00:00:00-05:00,40.24947338698941,41.187133973850436,39.80059752881269,40.71830368041992,417100,0.0,0.0
2025-11-25 00:00:00-05:00,40.82803309825574,42.55372276460691,40.82803309825574,42.42404556274414,290800,0.0,0.0
2025-11-26 00:00:00-05:00,42.32429492375264,43.63103270539076,42.32429492375264,42.96269989013672,258000,0.0,0.0
2025-11-28 00:00:00-05:00,43.34175543328317,43.34175543328317,42.50484490182685,42.573673248291016,104200,0.0,0.0
2025-12-01 00:00:00-05:00,42.364194182114204,42.503844786257645,41.46044929285318,42.14474105834961,219400,0.0,0.0
2025-12-02 00:00:00-05:00,42.40409332573033,43.2519780071061,42.179655389444996,42.77317428588867,242700,0.0,0.0
2025-12-03 00:00:00-05:00,42.91282489559454,43.46145392166491,42.71332239378884,42.77317428588867,422300,0.0,0.0
2025-12-04 00:00:00-05:00,42.53376989462284,43.97018484225855,42.53376989462284,43.690879821777344,178500,0.0,0.0
2025-12-05 00:00:00-05:00,43.52130739055197,43.59113269793469,42.32429614154351,42.743247985839844,164800,0.0,0.0
2025-12-08 00:00:00-05:00,42.89287298893568,43.31182480559049,42.35421739164211,42.50384521484375,183100,0.0,0.0
2025-12-09 00:00:00-05:00,42.64349586127459,43.77068172961162,42.09486685099867,42.99262237548828,201000,0.0,0.0
2025-12-10 00:00:00-05:00,42.533769582214944,43.700856718596775,41.705839355039274,42.6933708190918,358100,0.0,0.0
2025-12-11 00:00:00-05:00,42.8928752255127,43.89038395168741,42.78314865680247,43.34175491333008,215000,0.0,0.0
2025-12-12 00:00:00-05:00,43.66095484202421,45.12729380121094,43.301851112819826,43.611080169677734,429700,0.0,0.0
2025-12-15 00:00:00-05:00,43.64100449194301,43.82055635769677,41.506336538196656,41.69586181640625,241200,0.0,0.0
2025-12-16 00:00:00-05:00,41.5661877325146,42.354220557247004,40.94773337376479,41.636016845703125,199400,0.0,0.0
2025-12-17 00:00:00-05:00,41.24698393920642,42.3641964423471,40.11980182837156,40.389129638671875,187300,0.0,0.0
2025-12-18 00:00:00-05:00,40.79810572598993,41.306833468428366,40.22952609406727,40.678401947021484,245700,0.0,0.0
2025-12-19 00:00:00-05:00,40.66842878028704,41.82553868094783,40.611571577790144,41.5063362121582,324000,0.0,0.0
2025-12-22 00:00:00-05:00,41.865440591916126,43.22205300796621,41.845489961657314,42.6933708190918,271500,0.0,0.0
2025-12-23 00:00:00-05:00,42.384147317806224,42.77317511097506,41.925290413243744,42.194618225097656,177900,0.0,0.0
2025-12-24 00:00:00-05:00,42.19461916577628,42.33925839047019,41.827535917058896,42.27442169189453,71300,0.0,0.0
2025-12-26 00:00:00-05:00,42.15471655246439,42.31431779439484,41.29686225533438,41.835514068603516,92400,0.0,0.0
2025-12-29 00:00:00-05:00,41.81556297537857,41.94524017213632,41.43651240823085,41.795616149902344,107800,0.0,0.0
2025-12-30 00:00:00-05:00,41.83551374857501,42.35821038040453,41.38164926616721,41.64598846435547,162000,0.0,0.0
2025-12-31 00:00:00-05:00,41.875413830800376,41.88539104848523,40.69835328676698,40.73825454711914,108700,0.0,0.0
2026-01-02 00:00:00-05:00,40.79810591806157,41.386636182583025,40.28937436803454,41.017555236816406,230100,0.0,0.0
2026-01-05 00:00:00-05:00,41.30683613339658,42.49387014579847,41.30683613339658,41.87541580200195,242100,0.0,0.0
2026-01-06 00:00:00-05:00,41.82554108922504,42.74324728853752,41.526289233153314,42.68339920043945,203400,0.0,0.0
2026-01-07 00:00:00-05:00,42.952724646993374,44.35921171774765,42.743244934605094,43.29187774658203,299900,0.0,0.0
2026-01-08 00:00:00-05:00,43.531279432134944,44.18963502756784,42.07491763090366,42.304344177246094,372100,0.0,0.0
2026-01-09 00:00:00-05:00,42.54374856129072,43.0026016606594,41.85546510704389,42.194618225097656,252200,0.0,0.0
2026-01-12 00:00:00-05:00,42.453970590702696,42.91382062882235,41.99511370811685,42.18464279174805,249100,0.0,0.0
2026-01-13 00:00:00-05:00,42.65346913316778,43.26693864062845,41.94523888941492,42.334266662597656,205000,0.0,0.0
2026-01-14 00:00:00-05:00,42.35422015825978,42.35422015825978,40.70833302149891,41.765689849853516,214500,0.0,0.0
2026-01-15 00:00:00-05:00,42.0350167437517,43.985148112824184,42.0350167437517,43.471431732177734,276300,0.0,0.0
2026-01-16 00:00:00-05:00,43.38165424118017,43.95322476753199,42.68339740295527,43.5013542175293,155800,0.0,0.0
2026-01-20 00:00:00-05:00,43.03252642454848,43.281903609489255,42.224546780664454,42.25447082519531,131900,0.0,0.0
2026-01-21 00:00:00-05:00,43.72081010754656,44.88789351237526,42.49387100297103,44.54874038696289,258200,0.0,0.0
2026-01-22 00:00:00-05:00,44.69836820437048,45.99911665417759,44.04001258530463,44.059959411621094,158800,0.0,0.0
2026-01-23 00:00:00-05:00,44.14973430615341,44.41906211737943,42.9627002983295,43.32180404663086,134300,0.0,0.0
2026-01-26 00:00:00-05:00,43.22205257688903,43.44150189715999,42.104840124699976,42.334266662597656,185200,0.0,0.0
2026-01-27 00:00:00-05:00,42.29437026210978,42.788136001521494,41.55621215226739,41.775665283203125,292000,0.0,0.0
2026-01-28 00:00:00-05:00,41.97516880176813,41.97516880176813,39.34673119130043,40.239501953125,373900,0.0,0.0
2026-01-29 00:00:00-05:00,40.35919956838997,41.21206901813844,39.451466837792736,40.03999710083008,169400,0.0,0.0
2026-01-30 00:00:00-05:00,39.84000015258789,40.599998474121094,39.61000061035156,40.0099983215332,241200,0.1,0.0
2026-02-02 00:00:00-05:00,39.869998931884766,41.119998931884766,39.19499969482422,40.720001220703125,198500,0.0,0.0
2026-02-03 00:00:00-05:00,41.220001220703125,42.849998474121094,40.89500045776367,42.0,258000,0.0,0.0
2026-02-04 00:00:00-05:00,43.54999923706055,43.685001373291016,41.29999923706055,41.33000183105469,197100,0.0,0.0
2026-02-05 00:00:00-05:00,40.7599983215332,41.52000045776367,39.69499969482422,40.36000061035156,235900,0.0,0.0
2026-02-06 00:00:00-05:00,40.81999969482422,41.95000076293945,40.81999969482422,41.630001068115234,146700,0.0,0.0
2026-02-09 00:00:00-05:00,41.459999084472656,42.70000076293945,41.369998931884766,42.45000076293945,236400,0.0,0.0
2026-02-10 00:00:00-05:00,42.79999923706055,43.189998626708984,41.93000030517578,42.11000061035156,202300,0.0,0.0
2026-02-11 00:00:00-05:00,42.70000076293945,43.06999969482422,41.375,41.41999816894531,165400,0.0,0.0
2026-02-12 00:00:00-05:00,41.75,42.5,40.900001525878906,41.25,148400,0.0,0.0
2026-02-13 00:00:00-05:00,41.470001220703125,42.525001525878906,41.2599983215332,42.189998626708984,143200,0.0,0.0
2026-02-17 00:00:00-05:00,42.130001068115234,43.029998779296875,41.79999923706055,42.380001068115234,123100,0.0,0.0
2026-02-18 00:00:00-05:00,42.689998626708984,43.314998626708984,42.23500061035156,42.63999938964844,114200,0.0,0.0
2026-02-19 00:00:00-05:00,42.59000015258789,43.915000915527344,42.290000915527344,43.369998931884766,223800,0.0,0.0
2026-02-20 00:00:00-05:00,43.369998931884766,44.630001068115234,42.689998626708984,44.2599983215332,138500,0.0,0.0
2026-02-23 00:00:00-05:00,44.15999984741211,44.32500076293945,42.07500076293945,42.2400016784668,178500,0.0,0.0
2026-02-24 00:00:00-05:00,42.2599983215332,42.83000183105469,41.97999954223633,42.150001525878906,195000,0.0,0.0
2026-02-25 00:00:00-05:00,42.95000076293945,42.97999954223633,41.7400016784668,42.5099983215332,128000,0.0,0.0
2026-02-26 00:00:00-05:00,42.58000183105469,43.77000045776367,42.2400016784668,43.689998626708984,141500,0.0,0.0
2026-02-27 00:00:00-05:00,43.15999984741211,44.459999084472656,42.7599983215332,44.38999938964844,189600,0.0,0.0
2026-03-02 00:00:00-05:00,44.29999923706055,47.380001068115234,44.064998626708984,46.06999969482422,267500,0.0,0.0
2026-03-03 00:00:00-05:00,46.0099983215332,46.06999969482422,44.08000183105469,44.90999984741211,236900,0.0,0.0
2026-03-04 00:00:00-05:00,45.08000183105469,45.66999816894531,44.209999084472656,45.45000076293945,163600,0.0,0.0
2026-03-05 00:00:00-05:00,47.709999084472656,48.7599983215332,44.84199905395508,45.0,426700,0.0,0.0
2026-03-06 00:00:00-05:00,44.279998779296875,45.09199905395508,42.470001220703125,43.5099983215332,222400,0.0,0.0
2026-03-09 00:00:00-04:00,44.20000076293945,45.220001220703125,43.099998474121094,44.0,706700,0.0,0.0
2026-03-10 00:00:00-04:00,44.0099983215332,45.25,40.630001068115234,40.689998626708984,691300,0.0,0.0
2026-03-11 00:00:00-04:00,37.5,37.97999954223633,34.15999984741211,35.209999084472656,1349400,0.0,0.0
2026-03-12 00:00:00-04:00,34.41999816894531,34.5,31.719999313354492,31.950000762939453,984700,0.0,0.0
2026-03-13 00:00:00-04:00,32.29999923706055,32.909000396728516,31.268999099731445,31.649999618530273,643600,0.0,0.0
2026-03-16 00:00:00-04:00,32.2599983215332,33.5,31.950000762939453,32.86000061035156,772900,0.0,0.0
2026-03-17 00:00:00-04:00,32.9900016784668,33.59000015258789,32.7400016784668,32.97999954223633,348800,0.0,0.0
2026-03-18 00:00:00-04:00,32.689998626708984,33.22999954223633,32.09000015258789,32.220001220703125,335900,0.0,0.0
2026-03-19 00:00:00-04:00,32.0,32.84000015258789,31.299999237060547,32.08000183105469,325700,0.0,0.0
2026-03-20 00:00:00-04:00,32.0,32.25,31.0,31.56999969482422,639000,0.0,0.0
2026-03-23 00:00:00-04:00,32.09000015258789,32.540000915527344,31.549999237060547,31.610000610351562,464400,0.0,0.0
2026-03-24 00:00:00-04:00,31.06999969482422,32.040000915527344,31.020000457763672,31.8799991607666,349800,0.0,0.0
2026-03-25 00:00:00-04:00,32.15999984741211,32.86000061035156,31.809999465942383,32.220001220703125,478300,0.0,0.0
2026-03-26 00:00:00-04:00,31.770000457763672,31.889999389648438,30.6299991607666,30.649999618530273,277900,0.0,0.0
2026-03-27 00:00:00-04:00,30.40999984741211,30.729999542236328,29.885000228881836,29.959999084472656,339900,0.0,0.0
2026-03-30 00:00:00-04:00,30.420000076293945,30.565000534057617,29.190000534057617,29.389999389648438,413300,0.0,0.0
2026-03-31 00:00:00-04:00,29.93000030517578,30.838499069213867,29.590099334716797,30.68000030517578,256944,0.0,0.0
