Date,Open,High,Low,Close,Volume,Dividends,Stock Splits
2022-01-03 00:00:00-05:00,21.756810676598246,22.171984364175817,21.606641793083778,21.898147583007812,485700,0.0,0.0
2022-01-04 00:00:00-05:00,22.136650225479638,22.666658160946696,21.92464738826257,22.357486724853516,465600,0.0,0.0
2022-01-05 00:00:00-05:00,22.48115826514137,22.58715885054323,22.074818194837107,22.18082046508789,643000,0.0,0.0
2022-01-06 00:00:00-05:00,22.41932485236368,22.94049922278129,22.375158218199108,22.843332290649414,604000,0.0,0.0
2022-01-07 00:00:00-05:00,22.78149677965709,22.905164694787317,22.569492232506736,22.772663116455078,444000,0.0,0.0
2022-01-10 00:00:00-05:00,22.940494988722534,22.940494988722534,22.224985201251577,22.489988327026367,564100,0.0,0.0
2022-01-11 00:00:00-05:00,22.60482823901275,22.65782853654979,22.18082248901827,22.534160614013672,444000,0.0,0.0
2022-01-12 00:00:00-05:00,22.5076556118217,22.622491535011434,22.1189845860148,22.357486724853516,538500,0.0,0.0
2022-01-13 00:00:00-05:00,22.454657167471254,22.878662876720302,22.26915361664422,22.693161010742188,495000,0.0,0.0
2022-01-14 00:00:00-05:00,22.419320571553747,22.75499299256698,22.198484073199854,22.73732566833496,504500,0.0,0.0
2022-01-18 00:00:00-05:00,22.604828696234115,22.931665836647298,22.56949404059533,22.684329986572266,713300,0.0,0.0
2022-01-19 00:00:00-05:00,22.684330516818704,22.684330516818704,21.959986907783232,21.968820571899414,787800,0.0,0.0
2022-01-20 00:00:00-05:00,22.896327326515024,22.896327326515024,21.129635408372966,21.235637664794922,597300,0.0,0.0
2022-01-21 00:00:00-05:00,21.509475077233986,21.509475077233986,20.785131638924092,21.138469696044922,762600,0.0,0.0
2022-01-24 00:00:00-05:00,20.855801672994712,21.747981423892448,20.732132075000177,21.686145782470703,729300,0.0,0.0
2022-01-25 00:00:00-05:00,21.438814603643362,21.845153083406363,20.86463985905032,21.45648193359375,686100,0.0,0.0
2022-01-26 00:00:00-05:00,21.597815110592624,21.739150366801194,20.87346981646226,21.147308349609375,733700,0.0,0.0
2022-01-27 00:00:00-05:00,21.323973509821073,21.597812003574326,20.493629420259666,20.670297622680664,697200,0.0,0.0
2022-01-28 00:00:00-05:00,20.634963444749435,20.77629867232864,20.034287885113415,20.528961181640625,787800,0.0,0.0
2022-01-31 00:00:00-05:00,20.28162419729373,20.820465818922408,20.051955710380344,20.81163215637207,950100,0.0,0.0
2022-02-01 00:00:00-05:00,20.802802395634018,21.07664093150962,20.43179692317759,21.032472610473633,532000,0.0,0.0
2022-02-02 00:00:00-05:00,20.864633845563983,20.952967100158375,20.57312972479553,20.838132858276367,552600,0.0,0.0
2022-02-03 00:00:00-05:00,20.891133112252895,21.023634678766573,20.599628991983277,20.705631256103516,372900,0.0,0.0
2022-02-04 00:00:00-05:00,20.696799457710128,21.067804888271667,20.56429787926293,20.882301330566406,430400,0.0,0.0
2022-02-07 00:00:00-05:00,20.846966714720033,21.156138163224234,20.714465146746473,21.014802932739258,571600,0.0,0.0
2022-02-08 00:00:00-05:00,21.33280665191758,21.597811476353453,21.217972407389578,21.588977813720703,747300,0.0,0.0
2022-02-09 00:00:00-05:00,21.597810696281044,21.63314366068701,21.05896908908737,21.173803329467773,440500,0.0,0.0
2022-02-10 00:00:00-05:00,21.10313839313286,21.394642547072255,20.83813522949669,20.988304138183594,530900,0.0,0.0
2022-02-11 00:00:00-05:00,20.89113334242827,21.42114129917135,20.811632064674363,21.014802932739258,462200,0.0,0.0
2022-02-14 00:00:00-05:00,21.111969264824186,21.27980547818607,20.581961322788466,20.77629852294922,541200,0.0,0.0
2022-02-15 00:00:00-05:00,20.923081233971185,21.48352015240251,20.82522614632758,21.27001953125,618700,0.165,0.0
2022-02-16 00:00:00-05:00,21.1632700690498,21.350082476276206,21.04762283878879,21.27001953125,309700,0.0,0.0
2022-02-17 00:00:00-05:00,20.976457941257088,21.029832677385606,20.629519611293322,20.656206130981445,470800,0.0,0.0
2022-02-18 00:00:00-05:00,20.629515783513213,21.05651698681637,20.53166070480759,20.887495040893555,431100,0.0,0.0
2022-02-22 00:00:00-05:00,20.931978675747267,20.931978675747267,20.585038659001338,20.682893753051758,541800,0.0,0.0
2022-02-23 00:00:00-05:00,20.878600229468315,20.96755924304241,20.30036918636477,20.38043212890625,496300,0.0,0.0
2022-02-24 00:00:00-05:00,19.79330492733145,20.077972412109375,19.33961548718462,20.077972412109375,940500,0.0,0.0
2022-02-25 00:00:00-05:00,20.238101661678517,21.04762559240547,20.184726923595512,21.012042999267578,583000,0.0,0.0
2022-02-28 00:00:00-05:00,20.46049914360779,20.8697083120388,20.46049914360779,20.82522964477539,755900,0.0,0.0
2022-03-01 00:00:00-05:00,20.629518419940887,20.754060029299254,19.579805721771304,19.793306350708008,1020000,0.0,0.0
2022-03-02 00:00:00-05:00,20.06907639863249,20.834121538729754,20.015701669271674,20.611724853515625,531400,0.0,0.0
2022-03-03 00:00:00-05:00,20.665101664140188,20.860811852760683,20.229204320829805,20.451601028442383,675900,0.0,0.0
2022-03-04 00:00:00-05:00,19.900052891888667,20.10465740167419,19.695446685351364,19.828886032104492,886600,0.0,0.0
2022-03-07 00:00:00-05:00,19.757721599265203,19.86447275959772,19.09942758467903,19.126115798950195,734800,0.0,0.0
2022-03-08 00:00:00-05:00,19.375203171611016,19.766620183500443,18.95709624530537,19.33072280883789,1095700,0.0,0.0
2022-03-09 00:00:00-05:00,19.91784807625299,20.10466218813245,19.704347446070877,19.864473342895508,626500,0.0,0.0
2022-03-10 00:00:00-05:00,19.597600682640874,20.407124653362192,19.597600682640874,20.282581329345703,881800,0.0,0.0
2022-03-11 00:00:00-05:00,20.52276703306737,20.976456500887394,20.52276703306737,20.56724739074707,897200,0.0,0.0
2022-03-14 00:00:00-04:00,20.94087272669662,21.065414327649123,20.264786598986362,20.38043212890625,786400,0.0,0.0
2022-03-15 00:00:00-04:00,20.451601339009667,20.665101977949583,20.175829892472972,20.513872146606445,595700,0.0,0.0
2022-03-16 00:00:00-04:00,20.62952182812776,21.056523156545715,20.522770647647047,20.869709014892578,701500,0.0,0.0
2022-03-17 00:00:00-04:00,20.602833391145467,20.727375019763443,20.282581549839314,20.57614517211914,476900,0.0,0.0
2022-03-18 00:00:00-04:00,20.673997681160607,20.860811797370296,20.193621676304108,20.682893753051758,1706900,0.0,0.0
2022-03-21 00:00:00-04:00,20.71847809562881,20.84301970893114,20.122454851357013,20.451601028442383,633100,0.0,0.0
2022-03-22 00:00:00-04:00,20.665099857972894,20.869704403873122,20.51387004214401,20.52276611328125,388700,0.0,0.0
2022-03-23 00:00:00-04:00,20.318164730301095,20.32706080282318,19.53532731588101,19.562015533447266,519700,0.0,0.0
2022-03-24 00:00:00-04:00,19.748830899594715,19.87337252919813,19.490849870556282,19.819997787475586,471400,0.0,0.0
2022-03-25 00:00:00-04:00,19.86447336001051,20.45160051770523,19.86447336001051,20.398225784301758,523600,0.0,0.0
2022-03-28 00:00:00-04:00,20.238103070303914,20.282581739010194,19.882268630396315,20.2736873626709,579500,0.0,0.0
2022-03-29 00:00:00-04:00,20.59393523694092,20.807435877318117,20.424913260360203,20.736268997192383,564800,0.0,0.0
2022-03-30 00:00:00-04:00,20.745159000950142,20.789639348487544,20.02459433836188,20.211406707763672,795500,0.0,0.0
2022-03-31 00:00:00-04:00,20.166932745806932,20.416017659673543,20.069077655225023,20.10466194152832,820200,0.0,0.0
2022-04-01 00:00:00-04:00,20.353748096120803,20.398228460419386,19.83778774752406,20.060184478759766,1074200,0.0,0.0
2022-04-04 00:00:00-04:00,19.97122655059283,20.184727202628608,19.704349462983842,20.086872100830078,978100,0.0,0.0
2022-04-05 00:00:00-04:00,20.069073123406216,20.327054050593702,19.80219782340351,19.828886032104492,887900,0.0,0.0
2022-04-06 00:00:00-04:00,19.766618583660346,19.864473677088828,19.508639287465535,19.544221878051758,773100,0.0,0.0
2022-04-07 00:00:00-04:00,19.606495837486474,19.606495837486474,19.05495122003123,19.108325958251953,965500,0.0,0.0
2022-04-08 00:00:00-04:00,19.24176168481955,19.51753481372711,19.126116147706693,19.339616775512695,754900,0.0,0.0
2022-04-11 00:00:00-04:00,19.304033634276575,19.731034877686312,19.197282475048084,19.517534255981445,813600,0.0,0.0
2022-04-12 00:00:00-04:00,19.642073206225607,19.846677728943654,19.3840939594837,19.464155197143555,666600,0.0,0.0
2022-04-13 00:00:00-04:00,19.437472130986034,19.695451423483792,19.268450162055114,19.633180618286133,676300,0.0,0.0
2022-04-14 00:00:00-04:00,19.642073995570872,19.900054949432004,19.455261605604083,19.66876220703125,698500,0.0,0.0
2022-04-18 00:00:00-04:00,19.59759944812213,19.864474831663028,19.59759944812213,19.731037139892578,775800,0.0,0.0
2022-04-19 00:00:00-04:00,19.864475130383962,20.54056136850714,19.864475130383962,20.478290557861328,721400,0.0,0.0
2022-04-20 00:00:00-04:00,20.7184745421036,20.923079070793932,20.62061946457695,20.745161056518555,582200,0.0,0.0
2022-04-21 00:00:00-04:00,20.940870706338526,21.136579159918103,20.08686663387369,20.22920036315918,1019200,0.0,0.0
2022-04-22 00:00:00-04:00,20.25588974192854,20.291472327926172,19.775512105320598,19.802200317382812,814900,0.0,0.0
2022-04-25 00:00:00-04:00,19.544223356646796,20.1313505681317,19.126118129302196,20.095767974853516,1183800,0.0,0.0
2022-04-26 00:00:00-04:00,19.677659292306757,19.873367762853142,19.384095738111156,19.392990112304688,1343700,0.0,0.0
2022-04-27 00:00:00-04:00,19.312929296167788,19.722140120942328,19.1883876827266,19.53532600402832,863000,0.0,0.0
2022-04-28 00:00:00-04:00,19.686554040980408,20.104660899615208,19.481949495596442,19.989013671875,1111100,0.0,0.0
2022-04-29 00:00:00-04:00,19.87337010745725,19.980119577893994,19.1439091713813,19.232868194580078,1219600,0.0,0.0
2022-05-02 00:00:00-04:00,19.330717538707955,19.588698482201746,19.010467497812893,19.464155197143555,1057600,0.0,0.0
2022-05-03 00:00:00-04:00,19.597599624766275,19.802204200442,19.339618614499408,19.570911407470703,1631200,0.0,0.0
2022-05-04 00:00:00-04:00,19.5175355881797,20.2736847354666,19.437472637481548,20.220308303833008,1137100,0.0,0.0
2022-05-05 00:00:00-04:00,19.971221014001845,20.122450812696027,19.188383810143065,19.464155197143555,1372600,0.0,0.0
2022-05-06 00:00:00-04:00,19.36630839469264,19.39299491738954,18.788077213976212,19.05495262145996,1289000,0.0,0.0
2022-05-09 00:00:00-04:00,18.823656441806833,18.930407603751394,18.592363671553745,18.654634475708008,1556000,0.0,0.0
2022-05-10 00:00:00-04:00,18.725796589795216,18.939298859394643,17.96075329461221,18.387754440307617,1342300,0.0,0.0
2022-05-11 00:00:00-04:00,18.503408108101667,18.627951436419906,17.925176922864576,17.98744773864746,1287300,0.0,0.0
2022-05-12 00:00:00-04:00,17.95186264624526,18.04082166931605,17.64050691387362,18.01413345336914,1616700,0.0,0.0
2022-05-13 00:00:00-04:00,18.20094108581543,18.361066945861023,17.951857922857215,18.20094108581543,1052800,0.0,0.0
2022-05-16 00:00:00-04:00,18.10309359525178,18.298802100700954,17.83621650954581,18.049718856811523,1050100,0.0,0.0
2022-05-17 00:00:00-04:00,18.38604894777632,18.906239532506373,18.314298581284717,18.84345817565918,1096100,0.165,0.0
2022-05-18 00:00:00-04:00,18.628202282272692,18.69995263029956,18.179762179438953,18.25151252746582,974300,0.0,0.0
2022-05-19 00:00:00-04:00,18.036267024087817,18.556457634749865,18.036267024087817,18.403987884521484,1279800,0.0,0.0
2022-05-20 00:00:00-04:00,18.583358073267004,18.73582778344778,17.982448240279616,18.493671417236328,1399500,0.0,0.0
2022-05-23 00:00:00-04:00,18.960053319136673,19.551994315297872,18.861397626885676,19.453338623046875,2147800,0.0,0.0
2022-05-24 00:00:00-04:00,19.27395914094565,19.480241217572612,18.798611924199395,19.336740493774414,1360000,0.0,0.0
2022-05-25 00:00:00-04:00,19.193240905624226,19.68652616969842,19.1842718960232,19.498180389404297,1258700,0.0,0.0
2022-05-26 00:00:00-04:00,19.650648894836422,20.0363077300956,19.650648894836422,19.892807006835938,1004700,0.0,0.0
2022-05-27 00:00:00-04:00,19.973523004939093,20.24258638795326,19.865896625335463,20.215681076049805,926700,0.0,0.0
2022-05-31 00:00:00-04:00,19.964559977566378,20.359187873434813,19.874871586142124,20.260530471801758,955400,0.0,0.0
2022-06-01 00:00:00-04:00,20.206712488879813,20.260524824469428,19.78517767988178,20.108055114746094,944600,0.0,0.0
2022-06-02 00:00:00-04:00,20.179808775341744,20.51165527233934,19.901776333422838,20.46681022644043,1253800,0.0,0.0
2022-06-03 00:00:00-04:00,20.39505852661738,20.646185635197266,20.287433844842766,20.610309600830078,1534500,0.0,0.0
2022-06-06 00:00:00-04:00,20.816592785938475,21.06771990802363,20.161870519498525,20.26949691772461,2259200,0.0,0.0
2022-06-07 00:00:00-04:00,20.090119228220317,20.475778047250216,19.973525536977167,20.206714630126953,1175000,0.0,0.0
2022-06-08 00:00:00-04:00,20.02733356481303,20.206710278036983,19.776206508432118,19.91073989868164,1089000,0.0,0.0
2022-06-09 00:00:00-04:00,19.73136837838591,19.901776129730496,19.15736548206339,19.211177825927734,1416300,0.0,0.0
2022-06-10 00:00:00-04:00,18.75376641571963,19.067674854141185,18.529546346941864,18.735828399658203,1546100,0.0,0.0
2022-06-13 00:00:00-04:00,18.323265300622612,18.744798437238526,18.24254593457607,18.42192268371582,1753500,0.0,0.0
2022-06-14 00:00:00-04:00,18.430886271053062,18.699951340594264,18.15285390545729,18.368104934692383,1531400,0.0,0.0
2022-06-15 00:00:00-04:00,18.502640811732345,19.0766453972439,18.502640811732345,18.717893600463867,2834900,0.0,0.0
2022-06-16 00:00:00-04:00,18.28738742840543,18.520576494583143,18.03626205764735,18.3950138092041,3570300,0.0,0.0
2022-06-17 00:00:00-04:00,18.52057590490077,18.81654630434451,18.24254352012956,18.25151252746582,12319500,0.0,0.0
2022-06-21 00:00:00-04:00,18.493675459327342,18.995928027660412,18.448830410847087,18.690988540649414,2527500,0.0,0.0
2022-06-22 00:00:00-04:00,18.46676843023919,18.888301621971486,18.439861401151035,18.690988540649414,2280400,0.0,0.0
2022-06-23 00:00:00-04:00,18.583359733495065,18.71789315088684,18.15285758769907,18.520578384399414,1468100,0.0,0.0
2022-06-24 00:00:00-04:00,18.520574807450508,19.17529690823255,18.520574807450508,18.744794845581055,7327000,0.0,0.0
2022-06-27 00:00:00-04:00,19.3457073073655,19.471269998773344,18.9690175224786,19.26498794555664,1920500,0.0,0.0
2022-06-28 00:00:00-04:00,19.426429175897916,19.507148548122544,18.870364290198907,18.879331588745117,1291000,0.0,0.0
2022-06-29 00:00:00-04:00,18.951082979180157,18.951082979180157,18.565425826232065,18.690988540649414,1385900,0.0,0.0
2022-06-30 00:00:00-04:00,18.296357880155984,18.726860016003553,18.224607524181387,18.628204345703125,1146300,0.0,0.0
2022-07-01 00:00:00-04:00,18.63717383120463,18.94211327956995,18.421922757769725,18.924175262451172,1004100,0.0,0.0
2022-07-05 00:00:00-04:00,18.475733445190503,19.148393630981445,18.26945139877381,19.148393630981445,1096400,0.0,0.0
2022-07-06 00:00:00-04:00,18.92417366427332,19.076643375579657,18.65510856220508,18.870361328125,806200,0.0,0.0
2022-07-07 00:00:00-04:00,19.085614215075204,19.273958265001827,19.031800163098897,19.247051239013672,1056800,0.0,0.0
2022-07-08 00:00:00-04:00,19.336742724110756,19.390556784739772,19.067679263620743,19.282930374145508,845100,0.0,0.0
2022-07-11 00:00:00-04:00,19.1483945975358,19.229113960758248,19.00489388750997,19.085613250732422,789300,0.0,0.0
2022-07-12 00:00:00-04:00,18.89727143115424,19.534057461204895,18.89727143115424,19.309837341308594,1104100,0.0,0.0
2022-07-13 00:00:00-04:00,19.031799370152086,19.202207106316838,18.583359219681046,18.78067398071289,971100,0.0,0.0
2022-07-14 00:00:00-04:00,18.33223746290079,18.58336290210222,18.31429944276819,18.529550552368164,658500,0.0,0.0
2022-07-15 00:00:00-04:00,18.852424169274602,19.184268919710554,18.690985442829696,19.085613250732422,1058400,0.0,0.0
2022-07-18 00:00:00-04:00,19.29189713678705,19.498179213175575,19.17530172967106,19.23808479309082,843000,0.0,0.0
2022-07-19 00:00:00-04:00,19.498178300957143,19.94661846899387,19.38158460995953,19.803117752075195,1783100,0.0,0.0
2022-07-20 00:00:00-04:00,19.64167266320433,20.108050697634447,19.64167266320433,20.090112686157227,1392300,0.0,0.0
2022-07-21 00:00:00-04:00,19.85693166725483,20.063215461007484,19.381586146281283,19.758275985717773,1232100,0.0,0.0
2022-07-22 00:00:00-04:00,19.803119872511832,20.206716751225773,19.758276535171916,19.901777267456055,1189000,0.0,0.0
2022-07-25 00:00:00-04:00,20.027335756030016,20.332275175476685,19.919709374187477,20.108055114746094,1142800,0.0,0.0
2022-07-26 00:00:00-04:00,19.964560179964856,20.377124389769644,19.964560179964856,20.359188079833984,869800,0.0,0.0
2022-07-27 00:00:00-04:00,20.36815172133841,20.834529909179796,20.36815172133841,20.708967208862305,1653300,0.0,0.0
2022-07-28 00:00:00-04:00,20.771744374541505,20.807620402069823,20.46680498320339,20.789682388305664,877900,0.0,0.0
2022-07-29 00:00:00-04:00,20.780717298581365,21.256064488955477,20.735873966381163,21.1663761138916,1302100,0.0,0.0
2022-08-01 00:00:00-04:00,20.98699809871227,21.42646922830506,20.83452838349327,21.282968521118164,842500,0.0,0.0
2022-08-02 00:00:00-04:00,21.22915399746326,21.345747668547325,21.04977727661973,21.08565330505371,752000,0.0,0.0
2022-08-03 00:00:00-04:00,21.121530447935044,21.39059556518915,20.95112442207054,21.27400016784668,978900,0.0,0.0
2022-08-04 00:00:00-04:00,21.27399988181459,21.31884492275237,21.085655841866107,21.20224952697754,550100,0.0,0.0
2022-08-05 00:00:00-04:00,21.03184809205642,21.453381304859754,21.03184809205642,21.417505264282227,527300,0.0,0.0
2022-08-08 00:00:00-04:00,21.525128941992374,21.794192369501857,21.516159932986916,21.60584831237793,809000,0.0,0.0
2022-08-09 00:00:00-04:00,21.68656900022488,21.704507019325526,21.453379883907402,21.58791160583496,990900,0.0,0.0
2022-08-10 00:00:00-04:00,21.803160252089356,21.973567993062137,21.75831692004237,21.848005294799805,1130000,0.0,0.0
2022-08-11 00:00:00-04:00,21.883880207193016,22.179850654392602,21.83006786515587,22.09016227722168,1065200,0.0,0.0
2022-08-12 00:00:00-04:00,22.1977903175354,22.42201042175293,22.117070943164,22.42201042175293,994500,0.0,0.0
2022-08-15 00:00:00-04:00,22.20675725949634,22.744885801650444,22.152944918479974,22.726947784423828,1017600,0.0,0.0
2022-08-16 00:00:00-04:00,22.632156704072937,23.092563773864395,22.58701946506164,23.03839874267578,1004900,0.165,0.0
2022-08-17 00:00:00-04:00,22.749514416897767,22.86687226183854,22.57798982333034,22.776596069335938,612100,0.0,0.0
2022-08-18 00:00:00-04:00,22.875900268554688,22.88492806007742,22.650210646111866,22.875900268554688,783500,0.0,0.0
2022-08-19 00:00:00-04:00,22.695353328286895,22.695353328286895,22.40647081773401,22.52383041381836,775600,0.0,0.0
2022-08-22 00:00:00-04:00,22.22591302331162,22.29813362792382,22.054388441654506,22.198829650878906,719200,0.0,0.0
2022-08-23 00:00:00-04:00,22.271053708389715,22.49674334802809,22.054391860961914,22.054391860961914,760600,0.0,0.0
2022-08-24 00:00:00-04:00,22.000227140068226,22.171750028863915,21.873839769211795,22.045364379882812,745200,0.0,0.0
2022-08-25 00:00:00-04:00,22.054393828923896,22.388413561143835,22.009254863843193,22.307165145874023,745900,0.0,0.0
2022-08-26 00:00:00-04:00,22.352302138238137,22.3793855148963,21.657177634223036,21.693288803100586,730600,0.0,0.0
2022-08-29 00:00:00-04:00,21.476629211609897,21.56690369953662,21.31413237834102,21.32316017150879,795100,0.0,0.0
2022-08-30 00:00:00-04:00,21.621068858694912,21.621068858694912,21.250937975581586,21.413433074951172,866900,0.0,0.0
2022-08-31 00:00:00-04:00,21.440519136023784,21.485656382296764,21.232885048167166,21.241912841796875,1516900,0.0,0.0
2022-09-01 00:00:00-04:00,21.097468355988838,21.133577803101247,20.880804785813137,21.070384979248047,911400,0.0,0.0
2022-09-02 00:00:00-04:00,21.413433312746548,21.42246110534656,20.609978711974605,20.736364364624023,922500,0.0,0.0
2022-09-06 00:00:00-04:00,20.87178095715613,20.87178095715613,20.04124292186379,20.13151741027832,912100,0.0,0.0
2022-09-07 00:00:00-04:00,20.086377363429996,20.619005035760853,19.987073373779246,20.573867797851562,734400,0.0,0.0
2022-09-08 00:00:00-04:00,20.38428371926243,21.214821480125313,20.266925889976065,21.196765899658203,787200,0.0,0.0
2022-09-09 00:00:00-04:00,21.28704896399153,21.449545796994403,21.232883926949064,21.268993377685547,710300,0.0,0.0
2022-09-12 00:00:00-04:00,21.314129770469428,21.70231621980987,21.305101978406245,21.548847198486328,817200,0.0,0.0
2022-09-13 00:00:00-04:00,21.08844181161846,21.314131465520624,20.971082227339103,21.03427505493164,752900,0.0,0.0
2022-09-14 00:00:00-04:00,21.133577803101247,21.160661179842037,20.799558099341382,21.070384979248047,712200,0.0,0.0
2022-09-15 00:00:00-04:00,20.971079235469187,21.593983073496783,20.93496979137166,21.377321243286133,699800,0.0,0.0
2022-09-16 00:00:00-04:00,21.268990394941593,21.42245941326912,20.962052358286538,21.350238800048828,2375400,0.0,0.0
2022-09-19 00:00:00-04:00,20.998160942290898,21.846754334627683,20.998160942290898,21.783559799194336,773100,0.0,0.0
2022-09-20 00:00:00-04:00,21.58495428546228,21.77453445431598,21.43148528091408,21.612037658691406,587800,0.0,0.0
2022-09-21 00:00:00-04:00,21.65717750923123,21.97314334758502,21.386350631713867,21.386350631713867,828200,0.0,0.0
2022-09-22 00:00:00-04:00,21.467602126868847,21.47662992033453,20.944002158987928,21.043304443359375,811000,0.0,0.0
2022-09-23 00:00:00-04:00,20.772475262082196,20.835668087576575,20.48359279017911,20.799558639526367,926700,0.0,0.0
2022-09-26 00:00:00-04:00,20.727337181229064,21.06135862974536,20.55581428241367,20.619007110595703,1070600,0.0,0.0
2022-09-27 00:00:00-04:00,20.79053083998975,20.916916490935623,20.15859914150968,20.384288787841797,995700,0.0,0.0
2022-09-28 00:00:00-04:00,20.564842028841152,21.178716445420005,20.411372994227584,20.98011016845703,1072500,0.0,0.0
2022-09-29 00:00:00-04:00,20.754418114524007,20.853722102467376,20.366231676427446,20.528728485107422,929300,0.0,0.0
2022-09-30 00:00:00-04:00,20.60997889860287,20.916916962281174,20.27595745687928,20.321096420288086,1074800,0.0,0.0
2022-10-03 00:00:00-04:00,20.60094968358024,20.871778279708213,20.2669299867936,20.77247428894043,955100,0.0,0.0
2022-10-04 00:00:00-04:00,20.943996916456065,21.621065760024145,20.943996916456065,21.603010177612305,1038000,0.0,0.0
2022-10-05 00:00:00-04:00,21.250937581491822,21.639122320530586,21.250937581491822,21.630094528198242,920500,0.0,0.0
2022-10-06 00:00:00-04:00,21.485650613810442,21.702314159002324,21.440513379655947,21.603010177612305,755100,0.0,0.0
2022-10-07 00:00:00-04:00,21.458573579059955,21.521766409222757,21.079414876207647,21.16969108581543,848900,0.0,0.0
2022-10-10 00:00:00-04:00,21.296074993635635,21.449544020776884,21.07038534912646,21.214826583862305,564100,0.0,0.0
2022-10-11 00:00:00-04:00,21.088435860605394,21.413427699638746,20.953020728976995,21.196765899658203,1098300,0.0,0.0
2022-10-12 00:00:00-04:00,21.24190767527341,21.621066306123225,21.007190263616366,21.431486129760742,936600,0.0,0.0
2022-10-13 00:00:00-04:00,21.205799618924605,22.243971679802062,20.9530265873358,22.22591781616211,1455800,0.0,0.0
2022-10-14 00:00:00-04:00,22.23494310896242,22.52382730147283,21.864812228226825,21.88286781311035,1075000,0.0,0.0
2022-10-17 00:00:00-04:00,22.18980813678804,22.568966848721583,22.1085597183826,22.54188346862793,1560600,0.0,0.0
2022-10-18 00:00:00-04:00,22.568965031791414,23.05645550297829,22.433551585975742,22.7495174407959,2029100,0.0,0.0
2022-10-19 00:00:00-04:00,22.56896307219219,22.785624911060207,22.234941661098645,22.596046447753906,1204300,0.0,0.0
2022-10-20 00:00:00-04:00,22.966179815061746,22.966179815061746,21.241910985598377,21.3953800201416,1402800,0.0,0.0
2022-10-21 00:00:00-04:00,21.377324794633992,21.71134452599521,21.18774458553333,21.53982162475586,1516200,0.0,0.0
2022-10-24 00:00:00-04:00,21.729400059913395,22.072449305320983,21.684262816932346,21.900924682617188,1281900,0.0,0.0
2022-10-25 00:00:00-04:00,21.76550970490666,22.171750028863915,21.702316880416106,22.045364379882812,779000,0.0,0.0
2022-10-26 00:00:00-04:00,22.234943333508365,22.433551325482185,22.02730927087698,22.08147430419922,880400,0.0,0.0
2022-10-27 00:00:00-04:00,22.271061083833157,22.577999233139195,22.099536418779575,22.162729263305664,755100,0.0,0.0
2022-10-28 00:00:00-04:00,22.48771618569032,22.9300676851466,22.180778129434884,22.912012100219727,1333800,0.0,0.0
2022-10-31 00:00:00-04:00,22.758543273847465,23.110620295541263,22.749517203179362,23.011316299438477,974100,0.0,0.0
2022-11-01 00:00:00-04:00,23.0022899399129,23.110621735308104,22.839793107757824,22.975208282470703,847100,0.0,0.0
2022-11-02 00:00:00-04:00,22.767570778750223,23.092564418707713,22.207861423129373,22.24397087097168,1395500,0.0,0.0
2022-11-03 00:00:00-04:00,22.054390028230888,22.31618909308061,21.792589241506008,22.20785903930664,763800,0.0,0.0
2022-11-04 00:00:00-04:00,22.442575568829263,22.749513578906782,22.316188215231108,22.69534683227539,853500,0.0,0.0
2022-11-07 00:00:00-05:00,22.785625747286527,22.939094770684715,22.51479886923104,22.677295684814453,701800,0.0,0.0
2022-11-08 00:00:00-05:00,22.63215308974769,22.902981646190387,22.27105006969912,22.460628509521484,865500,0.0,0.0
2022-11-09 00:00:00-05:00,22.325222553516213,22.59605120047214,22.26202971912251,22.568967819213867,786800,0.0,0.0
2022-11-10 00:00:00-05:00,23.02033916516952,23.426581133304865,22.74048454371795,23.300193786621094,1586700,0.0,0.0
2022-11-11 00:00:00-05:00,23.336307978689415,23.54394202408123,23.155755586772486,23.273115158081055,1201000,0.0,0.0
2022-11-14 00:00:00-05:00,23.31825684328306,23.652278315484317,23.246036217114618,23.255064010620117,1049300,0.0,0.0
2022-11-15 00:00:00-05:00,23.468579353399495,23.686637955409598,23.21417678456652,23.368635177612305,937900,0.165,0.0
2022-11-16 00:00:00-05:00,23.47766434760895,23.47766434760895,22.83257282771667,22.887088775634766,605000,0.0,0.0
2022-11-17 00:00:00-05:00,22.70537118198274,22.759885393964325,22.396454425794495,22.578170776367188,618900,0.0,0.0
2022-11-18 00:00:00-05:00,22.923430158739595,23.032460317561117,22.541827202327642,22.614513397216797,1262400,0.0,0.0
2022-11-21 00:00:00-05:00,22.523656515193778,22.77805732586927,22.523656515193778,22.75080108642578,499400,0.0,0.0
2022-11-22 00:00:00-05:00,22.950689656515088,23.096062055951826,22.723545065773223,22.86891746520996,563900,0.0,0.0
2022-11-23 00:00:00-05:00,22.841660106769,23.02337647745589,22.82348985608091,22.87800407409668,396800,0.0,0.0
2022-11-25 00:00:00-05:00,23.07788877047749,23.214175170636736,22.914344397096155,23.168746948242188,200800,0.0,0.0
2022-11-28 00:00:00-05:00,23.041544942295545,23.086973161541756,22.505483636907957,22.650856018066406,645200,0.0,0.0
2022-11-29 00:00:00-05:00,22.650855348139995,22.80531371517449,22.541825199008112,22.66902732849121,581200,0.0,0.0
2022-11-30 00:00:00-05:00,22.61451450375869,23.1324038843065,22.269255494385376,23.123319625854492,1118300,0.0,0.0
2022-12-01 00:00:00-05:00,23.15057406338494,23.25051822832655,22.977945438636475,23.068801879882812,567900,0.0,0.0
2022-12-02 00:00:00-05:00,22.9052564576152,23.186916958024224,22.850742248783803,23.050630569458008,508400,0.0,0.0
2022-12-05 00:00:00-05:00,22.814400737600813,22.932515149277027,21.633247955961135,21.960336685180664,935200,0.0,0.0
2022-12-06 00:00:00-05:00,21.951254194823676,22.06937035830957,21.55147921013999,21.751367568969727,812100,0.0,0.0
2022-12-07 00:00:00-05:00,21.65141964422609,21.97850836902064,21.442447062485346,21.724105834960938,553200,0.0,0.0
2022-12-08 00:00:00-05:00,21.85130623550305,21.896736187822004,21.62416167283472,21.724105834960938,454800,0.0,0.0
2022-12-09 00:00:00-05:00,21.60599427527372,21.814966884583374,21.524222083287206,21.65142250061035,393900,0.0,0.0
2022-12-12 00:00:00-05:00,21.742280674383082,21.905825058281813,21.506050090193323,21.796794891357422,628400,0.0,0.0
2022-12-13 00:00:00-05:00,21.760454654410317,21.97851327529216,21.133535036265098,21.215307235717773,1204100,0.0,0.0
2022-12-14 00:00:00-05:00,21.269816759221396,21.324330969155778,20.742841441921087,20.79735565185547,974800,0.0,0.0
2022-12-15 00:00:00-05:00,20.60655431692131,20.624726297244273,20.052321047899,20.088665008544922,1242900,0.0,0.0
2022-12-16 00:00:00-05:00,19.679806909369187,20.33398269706605,19.39814810628833,20.306726455688477,3970400,0.0,0.0
2022-12-19 00:00:00-05:00,20.379412654321463,20.57021327586717,20.115924101167096,20.306726455688477,801500,0.0,0.0
2022-12-20 00:00:00-05:00,20.452099178402726,20.72467199436987,20.37032698701744,20.51569938659668,769900,0.0,0.0
2022-12-21 00:00:00-05:00,20.770102550666277,21.006333140031487,20.733758583236668,20.81553077697754,804400,0.0,0.0
2022-12-22 00:00:00-05:00,20.72467108457549,20.72467108457549,20.215867708384167,20.561126708984375,531500,0.0,0.0
2022-12-23 00:00:00-05:00,20.52478314493864,20.84278588428298,20.479354924878955,20.742841720581055,611900,0.0,0.0
2022-12-27 00:00:00-05:00,20.806444232788696,20.806444232788696,20.497527449740574,20.633813858032227,407300,0.0,0.0
2022-12-28 00:00:00-05:00,20.688329369566777,20.733757593709957,20.4702707743233,20.47935676574707,424300,0.0,0.0
2022-12-29 00:00:00-05:00,20.515700624393205,20.988161818019105,20.497528640105486,20.942731857299805,666500,0.0,0.0
2022-12-30 00:00:00-05:00,20.797357453851177,20.915473607414626,20.579298862244393,20.706501007080078,565800,0.0,0.0
2023-01-03 00:00:00-05:00,20.84278660877025,20.942729042970623,20.24312507166573,20.406667709350586,618300,0.0,0.0
2023-01-04 00:00:00-05:00,20.59746994242404,20.761014312208243,20.243124963208647,20.315811157226562,693700,0.0,0.0
2023-01-05 00:00:00-05:00,20.288554486001658,20.288554486001658,19.897865518229004,20.015981674194336,565600,0.0,0.0
2023-01-06 00:00:00-05:00,20.188607539631608,20.688326603265946,20.07049313286738,20.64289665222168,708700,0.0,0.0
2023-01-09 00:00:00-05:00,20.63381353206835,20.75192968823735,20.29764051245803,20.424840927124023,532000,0.0,0.0
2023-01-10 00:00:00-05:00,20.388495807659716,20.74284076004815,20.261293678026988,20.670154571533203,503300,0.0,0.0
2023-01-11 00:00:00-05:00,20.788270283813777,20.960900642246287,20.688327851437514,20.951814651489258,730800,0.0,0.0
2023-01-12 00:00:00-05:00,21.060848829304483,21.32433567967076,20.979076629851807,21.215307235717773,575900,0.0,0.0
2023-01-13 00:00:00-05:00,20.99724517201355,21.369762138228776,20.770100595883505,21.27890396118164,536000,0.0,0.0
2023-01-17 00:00:00-05:00,21.315245509416037,21.35158947226091,20.942728555133783,21.006330490112305,533300,0.0,0.0
2023-01-18 00:00:00-05:00,20.9609015481149,20.9609015481149,20.424840201111845,20.47027015686035,730400,0.0,0.0
2023-01-19 00:00:00-05:00,20.73375800407426,21.278905369460382,19.906951830879326,20.22495460510254,715300,0.0,0.0
2023-01-20 00:00:00-05:00,20.26129554704555,20.479355865680958,19.93420853504362,20.379411697387695,1114400,0.0,0.0
2023-01-23 00:00:00-05:00,20.39758334211866,20.561125978927304,20.224952981460277,20.315811157226562,901600,0.0,0.0
2023-01-24 00:00:00-05:00,20.188610574890102,20.433927148484987,20.02506792546921,20.397584915161133,697300,0.0,0.0
2023-01-25 00:00:00-05:00,20.31581126607308,20.461183654887776,20.079580701005302,20.406667709350586,503400,0.0,0.0
2023-01-26 00:00:00-05:00,20.6065544243617,20.688326603265946,20.315809669580123,20.64289665222168,566900,0.0,0.0
2023-01-27 00:00:00-05:00,20.606558504234233,20.87004534055675,20.606558504234233,20.7337589263916,614300,0.0,0.0
2023-01-30 00:00:00-05:00,20.642900992226537,21.169876404304368,20.642900992226537,20.969989776611328,1284800,0.0,0.0
2023-01-31 00:00:00-05:00,21.024499786045812,21.724105442334185,21.024499786045812,21.687763214111328,1104400,0.0,0.0
2023-02-01 00:00:00-05:00,21.54238856899974,22.251080198043635,21.49696035160191,21.942163467407227,1017000,0.0,0.0
2023-02-02 00:00:00-05:00,21.95124975105032,22.65085539937585,21.914907523241105,22.641769409179688,798600,0.0,0.0
2023-02-03 00:00:00-05:00,22.514571909252382,22.787144718306443,22.450969969695823,22.68720054626465,912100,0.0,0.0
2023-02-06 00:00:00-05:00,22.623603521758334,22.65994749233111,22.15114230216766,22.414630889892578,679800,0.0,0.0
2023-02-07 00:00:00-05:00,22.205653490190493,22.732628819516123,22.205653490190493,22.659942626953125,706700,0.0,0.0
2023-02-08 00:00:00-05:00,22.469141572508764,22.696286153871714,22.27834095599219,22.3601131439209,566600,0.0,0.0
2023-02-09 00:00:00-05:00,22.460050183978794,22.54182235225704,21.923988962143714,21.933074951171875,557300,0.0,0.0
2023-02-10 00:00:00-05:00,21.896732728034436,21.96033291825636,21.705930424393458,21.933074951171875,412900,0.0,0.0
2023-02-13 00:00:00-05:00,21.878566338849527,22.323769517105184,21.796794149682608,22.27834129333496,466900,0.0,0.0
2023-02-14 00:00:00-05:00,22.16850513076672,22.38817632433617,21.875610206007455,22.076976776123047,440000,0.18,0.0
2023-02-15 00:00:00-05:00,21.875610562931147,22.507166345867482,21.875610562931147,22.424789428710938,504600,0.0,0.0
2023-02-16 00:00:00-05:00,22.067819197759462,22.296643530392252,22.04951283215897,22.159347534179688,714700,0.0,0.0
2023-02-17 00:00:00-05:00,22.241728433953906,22.51631872997531,22.076976351290774,22.488859176635742,798300,0.0,0.0
2023-02-21 00:00:00-05:00,22.24172987152975,22.305802166796667,21.903070754076584,22.031211853027344,780500,0.0,0.0
2023-02-22 00:00:00-05:00,22.058668813992295,22.08612662008605,21.765773910383352,21.884761810302734,901400,0.0,0.0
2023-02-23 00:00:00-05:00,21.98544583904448,22.15019966439982,21.683397741156817,21.930526733398438,563100,0.0,0.0
2023-02-24 00:00:00-05:00,21.665089048752748,22.01290128491345,21.564405778325956,22.00374984741211,600000,0.0,0.0
2023-02-27 00:00:00-05:00,22.186811520011837,22.26918843589857,21.957987141613458,22.08612823486328,532300,0.0,0.0
2023-02-28 00:00:00-05:00,22.095279125527853,22.351563031211167,22.05866813659668,22.05866813659668,967600,0.0,0.0
2023-03-01 00:00:00-05:00,22.058667469798475,22.26003226731118,21.848149488881845,22.232574462890625,1025600,0.0,0.0
2023-03-02 00:00:00-05:00,22.012905923682975,22.012905923682975,21.61932943391256,21.948835372924805,740500,0.0,0.0
2023-03-03 00:00:00-05:00,22.076976362038884,22.186811083867777,21.811539250334775,22.16850471496582,849500,0.0,0.0
2023-03-06 00:00:00-05:00,22.10443200453629,22.269185816933906,21.829843481067766,21.939678192138672,849800,0.0,0.0
2023-03-07 00:00:00-05:00,21.820691560892996,21.820691560892996,21.253206368199397,21.3630428314209,762400,0.0,0.0
2023-03-08 00:00:00-05:00,21.326430392653002,21.427113673194942,20.969464937337225,21.161678314208984,760700,0.0,0.0
2023-03-09 00:00:00-05:00,21.02438378214216,21.02438378214216,19.962638779605765,20.063322067260742,1341200,0.0,0.0
2023-03-10 00:00:00-05:00,19.669742155805174,20.59419279754551,19.157176068332287,20.072473526000977,1904000,0.0,0.0
2023-03-13 00:00:00-04:00,18.992421307764285,20.85962886708574,18.205264974427838,19.807035446166992,3591900,0.0,0.0
2023-03-14 00:00:00-04:00,20.96031047894229,21.28981810738223,19.75211816905087,20.02670669555664,2559800,0.0,0.0
2023-03-15 00:00:00-04:00,19.312776284280595,20.118237261293917,19.14802246617095,19.834495544433594,2378200,0.0,0.0
2023-03-16 00:00:00-04:00,19.550754858409835,21.070148545412998,19.431765207593973,20.649110794067383,2207800,0.0,0.0
2023-03-17 00:00:00-04:00,20.356216079514862,20.356216079514862,19.285317940522166,19.367694854736328,4729700,0.0,0.0
2023-03-20 00:00:00-04:00,19.770422584021258,20.328752765553048,19.523291887095603,19.69719886779785,1724100,0.0,0.0
2023-03-21 00:00:00-04:00,20.35621427894373,20.61249818336217,20.127389925431604,20.447744369506836,1465000,0.0,0.0
2023-03-22 00:00:00-04:00,20.337908616951726,20.585039346304736,19.495834896993983,19.52329444885254,1191900,0.0,0.0
2023-03-23 00:00:00-04:00,19.66974153316656,19.715507452076107,19.1846332674732,19.504987716674805,1780700,0.0,0.0
2023-03-24 00:00:00-04:00,19.129718869493733,20.11824017555414,19.001577768309176,20.109086990356445,1654600,0.0,0.0
2023-03-27 00:00:00-04:00,20.301296922922376,20.658262355748086,20.237226383265586,20.447744369506836,2062200,0.0,0.0
2023-03-28 00:00:00-04:00,20.282995290661844,20.49351332604796,20.05417088373128,20.173160552978516,1418000,0.0,0.0
2023-03-29 00:00:00-04:00,20.374521686524403,20.429439045349802,19.980943499061098,20.292144775390625,1053500,0.0,0.0
2023-03-30 00:00:00-04:00,20.53927779620349,20.53927779620349,19.65143804306087,19.770427703857422,1026200,0.0,0.0
2023-03-31 00:00:00-04:00,19.944330660128074,20.081624917363694,19.733810936856173,19.871105194091797,1171900,0.0,0.0
2023-04-03 00:00:00-04:00,19.889413769358658,19.962637497735372,19.45007139909837,19.669742584228516,937300,0.0,0.0
2023-04-04 00:00:00-04:00,19.78873165906891,19.78873165906891,18.983268924533522,19.312776565551758,926500,0.0,0.0
2023-04-05 00:00:00-04:00,18.974117822291287,19.28531912944306,18.964964637281934,19.001577377319336,2133500,0.0,0.0
2023-04-06 00:00:00-04:00,19.02903727772325,19.358543215082708,18.98327135184585,19.349390029907227,1353700,0.0,0.0
2023-04-10 00:00:00-04:00,19.129714757283875,19.58736344404086,19.11140839082371,19.54159927368164,945000,0.0,0.0
2023-04-11 00:00:00-04:00,19.688047900730382,19.688047900730382,19.40430618665641,19.504987716674805,1023000,0.0,0.0
2023-04-12 00:00:00-04:00,19.61482804438575,19.61482804438575,19.175485610961914,19.175485610961914,833200,0.0,0.0
2023-04-13 00:00:00-04:00,19.2212462460032,19.486683341665938,19.056492427425134,19.4134578704834,887100,0.0,0.0
2023-04-14 00:00:00-04:00,19.770425096574815,19.843648822103965,18.873434022394907,18.98326873779297,865500,0.0,0.0
2023-04-17 00:00:00-04:00,18.964960950724766,19.54159927368164,18.809360327395744,19.54159927368164,786500,0.0,0.0
2023-04-18 00:00:00-04:00,19.523294488062138,19.541600856004607,18.95580930238492,19.09310531616211,2033400,0.0,0.0
2023-04-19 00:00:00-04:00,19.230398431947805,19.962635647860836,19.10225735561083,19.88941192626953,1250200,0.0,0.0
2023-04-20 00:00:00-04:00,19.971792582962607,20.13654642393967,19.752121376923707,19.99009895324707,999900,0.0,0.0
2023-04-21 00:00:00-04:00,20.072476135442376,20.11824031595866,19.71551063919896,19.898569107055664,1139900,0.0,0.0
2023-04-24 00:00:00-04:00,19.825343041911488,20.145697505268803,19.66058921813965,19.66058921813965,996000,0.0,0.0
2023-04-25 00:00:00-04:00,19.312777362515256,19.495835812797345,19.029035629813595,19.248706817626953,1318200,0.0,0.0
2023-04-26 00:00:00-04:00,18.99242228751721,19.532447928367755,18.99242228751721,19.321929931640625,994800,0.0,0.0
2023-04-27 00:00:00-04:00,19.47753010239024,19.889412901873037,19.44091736690307,19.834495544433594,755400,0.0,0.0
2023-04-28 00:00:00-04:00,19.64228381167512,20.15485167646449,19.64228381167512,19.926027297973633,1165100,0.0,0.0
2023-05-01 00:00:00-04:00,19.907716543249467,20.02670442570472,19.367690989309526,19.468374252319336,1089600,0.0,0.0
2023-05-02 00:00:00-04:00,19.358545808019617,19.57821704427981,18.14119994929116,18.51647186279297,1842000,0.0,0.0
2023-05-03 00:00:00-04:00,18.64461202440349,19.440919922211474,18.64461202440349,18.791059494018555,1682400,0.0,0.0
2023-05-04 00:00:00-04:00,18.33340856779829,19.09310538212191,18.16865474732957,18.992422103881836,2869600,0.0,0.0
2023-05-05 00:00:00-04:00,19.633130531070428,19.633130531070428,18.93750427621916,19.184633255004883,2081600,0.0,0.0
2023-05-08 00:00:00-04:00,19.349386077426566,19.367692444038102,18.653759858309076,18.800209045410156,864700,0.0,0.0
2023-05-09 00:00:00-04:00,18.928354121038492,18.928354121038492,18.37002204190916,18.598846435546875,765800,0.0,0.0
2023-05-10 00:00:00-04:00,18.964963800499273,18.964963800499273,18.324256590238196,18.52562141418457,860700,0.0,0.0
2023-05-11 00:00:00-04:00,18.214421522937105,18.452399103625304,18.095433605488804,18.388328552246094,1102700,0.0,0.0
2023-05-12 00:00:00-04:00,18.54392447396644,18.553077656938413,18.159499518099356,18.232723236083984,942500,0.0,0.0
2023-05-15 00:00:00-04:00,18.232724041420553,18.99242080373844,18.21441767466802,18.91919708251953,1179000,0.0,0.0
2023-05-16 00:00:00-04:00,18.836096543332655,19.09463184061097,18.706829775257315,18.78993034362793,1336300,0.18,0.0
2023-05-17 00:00:00-04:00,19.131566672960847,20.09183923641251,19.131566672960847,19.934871673583984,1724300,0.0,0.0
2023-05-18 00:00:00-04:00,19.87023892342122,20.211873078698787,19.75020396855124,20.147239685058594,1118000,0.0,0.0
2023-05-19 00:00:00-04:00,20.313435711944443,20.313435711944443,19.316230756530448,19.713266372680664,1029200,0.0,0.0
2023-05-22 00:00:00-04:00,19.888702252250432,20.16570296015191,19.510132035131342,20.027202606201172,1671100,0.0,0.0
2023-05-23 00:00:00-04:00,19.93486958731712,20.63660674998567,19.93486958731712,20.20263671875,941000,0.0,0.0
2023-05-24 00:00:00-04:00,20.091834790510188,20.138000985367974,19.704032765871457,19.842533111572266,860700,0.0,0.0
2023-05-25 00:00:00-04:00,19.620936719304602,20.276505994937647,19.55630332718617,20.184173583984375,1167300,0.0,0.0
2023-05-26 00:00:00-04:00,20.128773134163765,20.3873084780236,19.80560615574891,20.359607696533203,785000,0.0,0.0
2023-05-30 00:00:00-04:00,20.461174989632337,20.571976351878018,20.036440250134365,20.396541595458984,841900,0.0,0.0
2023-05-31 00:00:00-04:00,20.304204296777044,20.304204296777044,19.510132979374607,19.824068069458008,1615000,0.0,0.0
2023-06-01 00:00:00-04:00,20.008737025728582,20.32267212576953,19.777902496941277,20.3042049407959,982300,0.0,0.0
2023-06-02 00:00:00-04:00,20.396539233415577,21.513777514464305,20.387305640870416,21.46761131286621,1600400,0.0,0.0
2023-06-05 00:00:00-04:00,21.3291091398051,21.3291091398051,20.692005397190254,20.812040328979492,837700,0.0,0.0
2023-06-06 00:00:00-04:00,20.876675445662414,21.81847898910468,20.821273890479922,21.596878051757812,1460300,0.0,0.0
2023-06-07 00:00:00-04:00,21.64304803316176,22.280150127036716,21.64304803316176,22.113950729370117,1706600,0.0,0.0
2023-06-08 00:00:00-04:00,21.929284810074783,22.095485987257945,21.587648861295165,21.947751998901367,789700,0.0,0.0
2023-06-09 00:00:00-04:00,21.809249203638227,21.9292823955386,21.467613292474628,21.587646484375,804700,0.0,0.0
2023-06-12 00:00:00-04:00,21.670744206517693,21.966213872868206,21.375276301294807,21.52301025390625,904700,0.0,0.0
2023-06-13 00:00:00-04:00,21.587642055615593,22.150878809365107,21.458375296838,22.030845642089844,830400,0.0,0.0
2023-06-14 00:00:00-04:00,22.030850022389245,22.17858399354481,21.550713735569747,21.735382080078125,1184700,0.0,0.0
2023-06-15 00:00:00-04:00,21.559947400939997,22.02161650262553,21.559947400939997,21.85541534423828,1290700,0.0,0.0
2023-06-16 00:00:00-04:00,21.956984872866776,21.975450299959423,21.35681358359182,21.606115341186523,2881500,0.0,0.0
2023-06-20 00:00:00-04:00,21.578414118786757,21.578414118786757,21.21831102973001,21.366044998168945,869200,0.0,0.0
2023-06-21 00:00:00-04:00,21.19984142463824,21.273710161557617,20.932074297815976,21.015174865722656,900300,0.0,0.0
2023-06-22 00:00:00-04:00,20.93207510132609,20.93207510132609,20.424239843404667,20.57197380065918,879300,0.0,0.0
2023-06-23 00:00:00-04:00,20.313438996993554,20.58120790184069,20.119538833727198,20.405773162841797,2216300,0.0,0.0
2023-06-26 00:00:00-04:00,20.470407663358447,20.93207675656804,20.470407663358447,20.719709396362305,741400,0.0,0.0
2023-06-27 00:00:00-04:00,20.775107335607707,21.107509616538284,20.59967260276905,20.96900749206543,932600,0.0,0.0
2023-06-28 00:00:00-04:00,20.858210302786112,21.09827844869839,20.76587612956941,20.94131088256836,915000,0.0,0.0
2023-06-29 00:00:00-04:00,21.22754419329542,21.384511751726055,21.172144396533955,21.273712158203125,951500,0.0,0.0
2023-06-30 00:00:00-04:00,21.53224891901531,21.56918329643361,21.042880746119174,21.052112579345703,947800,0.0,0.0
2023-07-03 00:00:00-04:00,20.996710453869795,21.412213348265627,20.996710453869795,21.347579956054688,451900,0.0,0.0
2023-07-05 00:00:00-04:00,21.1075096981348,21.384510425895986,21.00594194276278,21.227542877197266,1142600,0.0,0.0
2023-07-06 00:00:00-04:00,20.95054401818682,20.95054401818682,20.51657394188989,20.83974266052246,828000,0.0,0.0
2023-07-07 00:00:00-04:00,20.858210256324107,21.292178580009704,20.83974306949633,21.07057762145996,1055100,0.0,0.0
2023-07-10 00:00:00-04:00,20.95054356486464,21.44914526074607,20.95054356486464,21.26447868347168,788900,0.0,0.0
2023-07-11 00:00:00-04:00,21.28294700315872,21.495316149544458,21.1721473939495,21.449148178100586,597700,0.0,0.0
2023-07-12 00:00:00-04:00,21.82771340630138,21.947748352604084,21.57841344307224,21.670745849609375,961800,0.0,0.0
2023-07-13 00:00:00-04:00,21.73537952602368,22.132413426145167,21.679977972504513,21.901578903198242,693600,0.0,0.0
2023-07-14 00:00:00-04:00,21.984679685724593,21.984679685724593,21.384510272463093,21.504545211791992,747400,0.0,0.0
2023-07-17 00:00:00-04:00,21.578413393644922,22.049314301514528,21.458378447617168,21.938514709472656,949400,0.0,0.0
2023-07-18 00:00:00-04:00,21.938512443728595,22.7602827508256,21.938512443728595,22.7418155670166,1782300,0.0,0.0
2023-07-19 00:00:00-04:00,22.769519248477216,23.074220775700038,22.63101887449008,23.064987182617188,1713700,0.0,0.0
2023-07-20 00:00:00-04:00,23.06498516712835,23.314286875197133,22.10471446508483,22.28938102722168,1707200,0.0,0.0
2023-07-21 00:00:00-04:00,22.529451980846147,22.529451980846147,21.606113770474355,21.716915130615234,1407100,0.0,0.0
2023-07-24 00:00:00-04:00,21.587646484375,21.993915788187095,21.532246685123127,21.587646484375,1032700,0.0,0.0
2023-07-25 00:00:00-04:00,21.726147647531953,21.753846665348792,21.2460113792585,21.273712158203125,1312800,0.0,0.0
2023-07-26 00:00:00-04:00,21.402976173178878,22.307847034959106,21.36604180602333,22.243213653564453,2379000,0.0,0.0
2023-07-27 00:00:00-04:00,22.55715308047563,22.723354242475708,22.04931600090563,22.206283569335938,1838500,0.0,0.0
2023-07-28 00:00:00-04:00,22.35401441202596,22.51098195846249,22.187815034441087,22.28938102722168,821800,0.0,0.0
2023-07-31 00:00:00-04:00,22.464815374544205,22.547915942481232,22.27091522344289,22.446348190307617,1004500,0.0,0.0
2023-08-01 00:00:00-04:00,22.169347847872107,22.44634857161601,21.975445932349256,22.42788314819336,1047000,0.0,0.0
2023-08-02 00:00:00-04:00,22.17858144014726,22.474049348441458,22.132413478771507,22.42788314819336,931000,0.0,0.0
2023-08-03 00:00:00-04:00,22.34478651035845,22.704887866810058,22.252452332488613,22.667953491210938,881500,0.0,0.0
2023-08-04 00:00:00-04:00,22.594084761433088,22.81568571458101,22.363250215096357,22.529451370239258,1052700,0.0,0.0
2023-08-07 00:00:00-04:00,22.55715695961349,22.640257554904277,22.317088768898795,22.46482276916504,646200,0.0,0.0
2023-08-08 00:00:00-04:00,22.07701377127318,22.547916412353516,21.698445292172302,22.547916412353516,1227700,0.0,0.0
2023-08-09 00:00:00-04:00,22.3817180133645,22.3817180133645,21.975448707589127,22.104717254638672,677000,0.0,0.0
2023-08-10 00:00:00-04:00,22.16934940719523,22.335550557582707,21.753846531226547,21.80001449584961,787600,0.0,0.0
2023-08-11 00:00:00-04:00,21.698449554334466,21.90158334168811,21.606115374218078,21.86465072631836,504400,0.0,0.0
2023-08-14 00:00:00-04:00,21.670744441124782,21.735379587078704,21.393743717261433,21.64304542541504,794300,0.0,0.0
2023-08-15 00:00:00-04:00,21.447641592385725,21.466251686268468,20.89865624613841,20.9917049407959,884300,0.18,0.0
2023-08-16 00:00:00-04:00,20.95448926969477,21.14058490860424,20.8614405628618,20.880050659179688,652400,0.0,0.0
2023-08-17 00:00:00-04:00,21.019622506458216,21.10336616383506,20.768391534327694,20.917268753051758,671800,0.0,0.0
2023-08-18 00:00:00-04:00,20.72186657350286,21.159193150098172,20.675341336786566,21.00101089477539,2073400,0.0,0.0
2023-08-21 00:00:00-04:00,21.01962364503254,21.121977403983212,20.61021038398637,20.74978256225586,661100,0.0,0.0
2023-08-22 00:00:00-04:00,20.759087419295035,20.889356322600637,20.182188614500657,20.22871208190918,766600,0.0,0.0
2023-08-23 00:00:00-04:00,20.238018797951163,20.461334654474996,20.014702941427327,20.405506134033203,499600,0.0,0.0
2023-08-24 00:00:00-04:00,20.39619836801531,20.712562899639458,20.340369855009996,20.377588272094727,541000,0.0,0.0
2023-08-25 00:00:00-04:00,20.54507306949981,20.61951166930844,20.070526330186226,20.33106231689453,723300,0.0,0.0
2023-08-28 00:00:00-04:00,20.442720621940083,20.712561672532598,20.442720621940083,20.563684463500977,496200,0.0,0.0
2023-08-29 00:00:00-04:00,20.517161003795735,20.79630712597885,20.321760315548385,20.72186851501465,428400,0.0,0.0
2023-08-30 00:00:00-04:00,20.628820419311523,20.721869129465002,20.489248241459574,20.628820419311523,529900,0.0,0.0
2023-08-31 00:00:00-04:00,20.591599225745906,20.86144029461613,20.563685856384467,20.638124465942383,795000,0.0,0.0
2023-09-01 00:00:00-04:00,20.833525837986635,21.261549188136392,20.777697322665016,21.224328994750977,852500,0.0,0.0
2023-09-05 00:00:00-04:00,21.019623547438755,21.17780582201148,20.75908751439058,20.76839256286621,1007500,0.0,0.0
2023-09-06 00:00:00-04:00,20.8149166257272,21.149889478085516,20.34967487684847,20.517160415649414,895500,0.0,0.0
2023-09-07 00:00:00-04:00,20.47994351711717,20.59160055126338,20.265932722706463,20.43341827392578,786800,0.0,0.0
2023-09-08 00:00:00-04:00,20.47063727368217,20.56368597987747,20.238016395572142,20.479942321777344,827300,0.0,0.0
2023-09-11 00:00:00-04:00,20.628818325144945,20.777695536374395,20.27523539216409,20.368282318115234,1028100,0.0,0.0
2023-09-12 00:00:00-04:00,20.396199242114974,20.628820126822145,20.31245558163987,20.526466369628906,888200,0.0,0.0
2023-09-13 00:00:00-04:00,20.60090504751033,20.675343659863998,20.21010188896444,20.24732208251953,939500,0.0,0.0
2023-09-14 00:00:00-04:00,20.461332102708663,20.684647931382415,20.43341695859078,20.638124465942383,794000,0.0,0.0
2023-09-15 00:00:00-04:00,20.47063695066411,20.64742931216983,20.34967487684847,20.517160415649414,2667000,0.0,0.0
2023-09-18 00:00:00-04:00,20.582297253248118,20.582297253248118,20.172883987426758,20.172883987426758,692700,0.0,0.0
2023-09-19 00:00:00-04:00,20.256626251211987,20.33106486033297,20.014700327879694,20.09844398498535,737800,0.0,0.0
2023-09-20 00:00:00-04:00,20.219405263994645,20.331064060662516,19.92165083922213,19.93095588684082,587600,0.0,0.0
2023-09-21 00:00:00-04:00,19.884433873714336,20.098444660283256,19.651812990550773,19.72625160217285,894500,0.0,0.0
2023-09-22 00:00:00-04:00,19.577375025600627,19.754165624819937,19.49363136291504,19.49363136291504,802700,0.0,0.0
2023-09-25 00:00:00-04:00,19.409888045157015,19.75416597586557,19.363362801306817,19.716947555541992,636600,0.0,0.0
2023-09-26 00:00:00-04:00,19.521543014083523,19.80999417114587,19.381970846822995,19.456409454345703,1175500,0.0,0.0
2023-09-27 00:00:00-04:00,19.51223699636772,19.62389578947955,19.149349024577806,19.186569213867188,709800,0.0,0.0
2023-09-28 00:00:00-04:00,19.037690214948373,19.484323612251877,19.037690214948373,19.326141357421875,954700,0.0,0.0
2023-09-29 00:00:00-04:00,19.409882998190106,19.69833233603227,19.40057795183957,19.48432159423828,854400,0.0,0.0
2023-10-02 00:00:00-04:00,19.48432299274997,19.568066641159486,19.009776243348117,19.12143325805664,799700,0.0,0.0
2023-10-03 00:00:00-04:00,19.000471816932905,19.214482581077913,18.73993581617617,19.186569213867188,1502200,0.0,0.0
2023-10-04 00:00:00-04:00,19.093521464517046,19.53084806186841,19.00977780920945,19.456409454345703,895400,0.0,0.0
2023-10-05 00:00:00-04:00,19.465712877244066,19.90303943808991,19.447102783227752,19.837905883789062,939300,0.0,0.0
2023-10-06 00:00:00-04:00,19.642507308554134,20.144967477103872,19.614592164562755,19.958871841430664,759000,0.0,0.0
2023-10-09 00:00:00-04:00,19.791383743286133,20.04261470499085,19.754163552771494,19.791383743286133,740200,0.0,0.0
2023-10-10 00:00:00-04:00,19.800692934633926,20.135665845584107,19.800692934633926,20.01470375061035,678600,0.0,0.0
2023-10-11 00:00:00-04:00,20.061222888310766,20.275235432793767,19.90304062921795,20.08913803100586,684300,0.0,0.0
2023-10-12 00:00:00-04:00,20.08914102306622,20.08914102306622,19.66111764510712,19.800691604614258,625900,0.0,0.0
2023-10-13 00:00:00-04:00,19.893737570704893,19.912347667695663,19.43780084297021,19.512239456176758,773700,0.0,0.0
2023-10-16 00:00:00-04:00,19.75416024503054,19.930952570859304,19.726246881574887,19.85651397705078,738200,0.0,0.0
2023-10-17 00:00:00-04:00,19.689031789864256,20.4427229689624,19.689031789864256,20.210102081298828,1176100,0.0,0.0
2023-10-18 00:00:00-04:00,19.958872582544306,20.061224564800355,19.661116359849295,19.7076416015625,919000,0.0,0.0
2023-10-19 00:00:00-04:00,19.91234673083285,19.91234673083285,18.898119564389496,19.102827072143555,2639700,0.0,0.0
2023-10-20 00:00:00-04:00,19.15865807661112,19.335450463177754,18.70272131105016,19.14935302734375,1677900,0.0,0.0
2023-10-23 00:00:00-04:00,18.96325463762408,19.43780147784922,18.96325463762408,19.019084930419922,1205200,0.0,0.0
2023-10-24 00:00:00-04:00,19.205178279997885,19.2423984707335,18.572449235543377,18.795766830444336,1250300,0.0,0.0
2023-10-25 00:00:00-04:00,18.637584062484738,18.851594829125432,18.24678094417045,18.57244873046875,1269300,0.0,0.0
2023-10-26 00:00:00-04:00,18.851597890797137,19.065608692195134,18.749244127190867,18.963254928588867,1171000,0.0,0.0
2023-10-27 00:00:00-04:00,18.860901587133533,18.972558616917805,18.488708529925148,18.749242782592773,1018500,0.0,0.0
2023-10-30 00:00:00-04:00,18.981865354577668,19.102829218158977,18.767854549480457,18.926036834716797,861000,0.0,0.0
2023-10-31 00:00:00-04:00,19.000471927572566,19.13073904133132,18.832984624307695,19.02838706970215,889100,0.0,0.0
2023-11-01 00:00:00-04:00,18.963250119608617,19.009775352520464,18.53522862535661,18.832983016967773,1139400,0.0,0.0
2023-11-02 00:00:00-04:00,19.08421573175007,19.586675870804658,19.02838722180097,19.56806755065918,990600,0.0,0.0
2023-11-03 00:00:00-04:00,20.079831386197686,20.321757279375515,19.968172599055528,20.191490173339844,891500,0.0,0.0
2023-11-06 00:00:00-05:00,20.11704994275864,20.11704994275864,19.791380429312834,19.85651397705078,938000,0.0,0.0
2023-11-07 00:00:00-05:00,19.8844364752119,19.93095994802872,19.59598526452609,19.754167556762695,645900,0.0,0.0
2023-11-08 00:00:00-05:00,19.782079003860233,19.819297420198367,19.456409430808705,19.59598159790039,763100,0.0,0.0
2023-11-09 00:00:00-05:00,19.633200819767612,19.679724281582665,19.242397706349735,19.326141357421875,696100,0.0,0.0
2023-11-10 00:00:00-05:00,19.39127491386547,19.456408470309064,19.19587246977838,19.326141357421875,644300,0.0,0.0
2023-11-13 00:00:00-05:00,19.19587545590637,19.381972881628677,19.028389902464195,19.298229217529297,596600,0.0,0.0
2023-11-14 00:00:00-05:00,20.020972755767648,20.83758143659696,19.97404198377614,20.687400817871094,1307300,0.18,0.0
2023-11-15 00:00:00-05:00,20.640470520671045,21.091012426291115,20.574766716554915,20.987764358520508,988700,0.0,0.0
2023-11-16 00:00:00-05:00,20.94083195781355,21.053468330262564,20.527836102854106,20.790651321411133,1008100,0.0,0.0
2023-11-17 00:00:00-05:00,20.99714694464402,21.222417855318767,20.90328361762269,20.950214385986328,1071700,0.0,0.0
2023-11-20 00:00:00-05:00,20.818808250776488,20.98776189311081,20.724944917224732,20.95960235595703,863500,0.0,0.0
2023-11-21 00:00:00-05:00,20.88451328441573,20.903286310297066,20.424584892088628,20.433971405029297,736600,0.0,0.0
2023-11-22 00:00:00-05:00,20.715556993731017,20.78126078565336,20.49967259447359,20.640466690063477,513600,0.0,0.0
2023-11-24 00:00:00-05:00,20.668626336104868,20.743716640174974,20.574763008443718,20.67801284790039,232600,0.0,0.0
2023-11-27 00:00:00-05:00,20.51844885786112,20.65924297568263,20.415199002654656,20.6123104095459,740300,0.0,0.0
2023-11-28 00:00:00-05:00,20.64985511971458,20.64985511971458,20.368266902381617,20.602924346923828,681700,0.0,0.0
2023-11-29 00:00:00-05:00,20.800037130936627,21.13794444655183,20.771877591203914,20.922060012817383,1067300,0.0,0.0
2023-11-30 00:00:00-05:00,20.978374726905304,21.10978231560575,20.79064806565256,20.81880760192871,716800,0.0,0.0
2023-12-01 00:00:00-05:00,20.58414803505566,21.719889025956995,20.58414803505566,21.635412216186523,1166400,0.0,0.0
2023-12-04 00:00:00-05:00,21.53216546467479,22.189205169677734,21.53216546467479,22.189205169677734,1226800,0.0,0.0
2023-12-05 00:00:00-05:00,22.03902414505748,22.057797168062564,21.804366728375964,21.851299285888672,838400,0.0,0.0
2023-12-06 00:00:00-05:00,22.07657098715607,22.470795533008648,21.776209769419648,21.794981002807617,1003400,0.0,0.0
2023-12-07 00:00:00-05:00,21.86068676350298,22.226751776809948,21.682346617661135,22.217365264892578,709000,0.0,0.0
2023-12-08 00:00:00-05:00,22.24552570957403,22.46141012161208,22.085958581047176,22.161048889160156,855200,0.0,0.0
2023-12-11 00:00:00-05:00,22.12350347543759,22.37693394395881,21.935778594909966,22.339387893676758,781900,0.0,0.0
2023-12-12 00:00:00-05:00,22.283071623788555,22.39570798947234,22.1610505354009,22.32061767578125,878800,0.0,0.0
2023-12-13 00:00:00-05:00,22.236139144853446,23.24047268485725,22.18920658345962,23.202926635742188,2224800,0.0,0.0
2023-12-14 00:00:00-05:00,23.371879306897654,24.000761281140775,23.296789002075823,23.80364990234375,3382600,0.0,0.0
2023-12-15 00:00:00-05:00,23.681625036662464,23.878738189094893,23.353104309471036,23.45635414123535,2992000,0.0,0.0
2023-12-18 00:00:00-05:00,23.65346831174414,23.681626055950765,23.324947570412746,23.475128173828125,1262900,0.0,0.0
2023-12-19 00:00:00-05:00,23.64408288329683,23.97260363967661,23.568992578149516,23.878740310668945,1381900,0.0,0.0
2023-12-20 00:00:00-05:00,23.935057524124378,24.216645720055265,23.484515694517324,23.4939022064209,1493500,0.0,0.0
2023-12-21 00:00:00-05:00,23.700400856570177,23.784877676114156,23.418812651619675,23.709787368774414,873400,0.0,0.0
2023-12-22 00:00:00-05:00,23.80364945325342,24.057078108312,23.700399614711078,23.81303596496582,1180200,0.0,0.0
2023-12-26 00:00:00-05:00,23.8318079484911,24.169715219601,23.74733113071363,24.066465377807617,1028800,0.0,0.0
2023-12-27 00:00:00-05:00,24.16032836735135,24.207260926730186,23.97260350071827,24.1133975982666,698300,0.0,0.0
2023-12-28 00:00:00-05:00,24.01014865328444,24.197875317212077,23.991375628832845,24.09462547302246,711800,0.0,0.0
2023-12-29 00:00:00-05:00,23.99137420462416,24.057077996010193,23.766103295460326,23.775489807128906,750600,0.0,0.0
2024-01-02 00:00:00-05:00,23.531445874627906,23.99137420462416,23.465742083241874,23.775489807128906,1018100,0.0,0.0
2024-01-03 00:00:00-05:00,23.568991648575608,23.61592241608142,22.9682674407959,22.9682674407959,1173800,0.0,0.0
2024-01-04 00:00:00-05:00,23.071516266653905,23.18415261014369,22.87440490341421,22.911949157714844,1326400,0.0,0.0
2024-01-05 00:00:00-05:00,22.752387640629824,23.17477179465844,22.733614613718686,22.836864471435547,998200,0.0,0.0
2024-01-08 00:00:00-05:00,22.789930638752004,23.062132331288808,22.67729428268199,23.052745819091797,770500,0.0,0.0
2024-01-09 00:00:00-05:00,23.005814639726005,23.005814639726005,22.658520855782417,22.752384185791016,598000,0.0,0.0
2024-01-10 00:00:00-05:00,22.667906362195275,22.78054271126753,22.527112268575486,22.733610153198242,798200,0.0,0.0
2024-01-11 00:00:00-05:00,22.52711576906478,22.602206083349888,22.13289117149437,22.508342742919922,1007900,0.0,0.0
2024-01-12 00:00:00-05:00,22.761770310983398,22.846247127526038,22.076571057065614,22.179819107055664,822300,0.0,0.0
2024-01-16 00:00:00-05:00,22.020249880210635,22.07656894604975,21.67295792567232,21.682344436645508,1012700,0.0,0.0
2024-01-17 00:00:00-05:00,21.3538241555088,21.719889139566316,21.316278110839338,21.672958374023438,1150300,0.0,0.0
2024-01-18 00:00:00-05:00,21.588484268158236,22.301843093593547,21.588484268158236,22.23613929748535,1255100,0.0,0.0
2024-01-19 00:00:00-05:00,22.37693457135378,23.099679946899414,22.17982138243485,23.099679946899414,1328800,0.0,0.0
2024-01-22 00:00:00-05:00,23.231082469375615,23.57837620715215,23.127832641062128,23.550216674804688,1043400,0.0,0.0
2024-01-23 00:00:00-05:00,23.728560233633583,23.78487751618618,23.24047234406005,23.249858856201172,985200,0.0,0.0
2024-01-24 00:00:00-05:00,23.418811582950354,23.550219167224856,23.202925392692737,23.306175231933594,829800,0.0,0.0
2024-01-25 00:00:00-05:00,23.465744538781504,23.634698185907805,22.89317979914108,23.109066009521484,822800,0.0,0.0
2024-01-26 00:00:00-05:00,23.306176379351104,23.49390304352324,23.090291968759058,23.127836227416992,727000,0.0,0.0
2024-01-29 00:00:00-05:00,23.10906151989011,23.33433240886145,23.015198201911915,23.31555938720703,624600,0.0,0.0
2024-01-30 00:00:00-05:00,23.23108699514722,23.42819838909815,23.03397560119629,23.03397560119629,822300,0.0,0.0
2024-01-31 00:00:00-05:00,22.602202522170753,22.836859941126136,21.954547544571568,22.001480102539062,1349700,0.0,0.0
2024-02-01 00:00:00-05:00,22.085957498997093,22.20797857234224,21.044077958466556,21.794981002807617,1733000,0.0,0.0
2024-02-02 00:00:00-05:00,21.363212640394458,21.91700431837545,21.33505310429074,21.785594940185547,1067600,0.0,0.0
2024-02-05 00:00:00-05:00,21.5133925039277,21.672959622376013,21.250575546985175,21.53216552734375,968900,0.0,0.0
2024-02-06 00:00:00-05:00,21.672958260659595,21.823138857964004,21.54155068559172,21.635412216186523,1291600,0.0,0.0
2024-02-07 00:00:00-05:00,21.701119464985542,21.98270765903992,21.19425856733477,21.794981002807617,1105700,0.0,0.0
2024-02-08 00:00:00-05:00,21.70111734100428,22.00147852934307,21.70111734100428,21.954545974731445,1000900,0.0,0.0
2024-02-09 00:00:00-05:00,21.973321878540204,22.283069618427028,21.729277933433288,22.245525360107422,1026700,0.0,0.0
2024-02-12 00:00:00-05:00,22.245524764922873,22.761770387490593,22.226751741118278,22.52711296081543,954000,0.0,0.0
2024-02-13 00:00:00-05:00,21.846194819389478,21.98805286420038,21.240931062334493,21.543563842773438,1607400,0.18,0.0
2024-02-14 00:00:00-05:00,21.84619399676876,22.07316722068409,21.619220772853435,22.035337448120117,992000,0.0,0.0
2024-02-15 00:00:00-05:00,22.158282946269765,22.858117521388785,22.158282946269765,22.754087448120117,1155900,0.0,0.0
2024-02-16 00:00:00-05:00,22.47037291334738,22.64060329814761,22.30959997257194,22.385257720947266,860600,0.0,0.0
2024-02-20 00:00:00-05:00,22.082625962357564,22.404171832767965,22.03533874387195,22.19611167907715,776700,0.0,0.0
2024-02-21 00:00:00-05:00,22.120451781766498,22.18665207738441,21.950221419421712,22.110994338989258,1062800,0.0,0.0
2024-02-22 00:00:00-05:00,22.044796233102524,22.177198641312778,21.884023297565246,22.129911422729492,1138400,0.0,0.0
2024-02-23 00:00:00-05:00,22.092081837441604,22.441998210275177,21.940766356677443,22.14882469177246,761100,0.0,0.0
2024-02-26 00:00:00-05:00,21.940765556109955,22.30959680153696,21.940765556109955,22.158281326293945,768600,0.0,0.0
2024-02-27 00:00:00-05:00,22.309596724284827,22.404169346939916,22.082623512206254,22.290681838989258,810000,0.0,0.0
2024-02-28 00:00:00-05:00,22.063710632007854,22.2339410074926,21.940767474059378,21.959680557250977,632900,0.0,0.0
2024-02-29 00:00:00-05:00,22.3379704250483,22.55548620784691,22.016424570553458,22.18665313720703,844300,0.0,0.0
2024-03-01 00:00:00-05:00,22.054252914124135,22.13936810080759,21.67596419765482,22.07316780090332,763700,0.0,0.0
2024-03-04 00:00:00-05:00,22.17719790188559,22.385256245246172,21.865109484933278,21.87456512451172,1080500,0.0,0.0
2024-03-05 00:00:00-05:00,21.732707013646028,22.791917221607953,21.732707013646028,22.754087448120117,1182500,0.0,0.0
2024-03-06 00:00:00-05:00,22.687886424544935,22.97160430518382,22.271767948568264,22.63114356994629,1262000,0.0,0.0
2024-03-07 00:00:00-05:00,22.877033021812615,22.999976181300283,22.498744295901016,22.59331512451172,807200,0.0,0.0
2024-03-08 00:00:00-05:00,22.914859017931686,22.933773903553114,22.593313177658523,22.659513473510742,635500,0.0,0.0
2024-03-11 00:00:00-04:00,22.583855219701718,22.801372791740924,22.54602725314451,22.687885284423828,676800,0.0,0.0
2024-03-12 00:00:00-04:00,22.53657183613169,22.744630180453417,22.3947137921022,22.489286422729492,686400,0.0,0.0
2024-03-13 00:00:00-04:00,22.432540893554688,22.668971559057752,22.35688315274662,22.432540893554688,735400,0.0,0.0
2024-03-14 00:00:00-04:00,22.32851427316237,22.413629463323122,21.8083656884219,21.931310653686523,949500,0.0,0.0
2024-03-15 00:00:00-04:00,21.84619111789591,22.27176518022179,21.84619111789591,22.02587890625,2626100,0.0,0.0
2024-03-18 00:00:00-04:00,22.092080865733198,22.14882371756825,21.72324781924851,21.742162704467773,1042400,0.0,0.0
2024-03-19 00:00:00-04:00,21.72324697673125,21.997507390305408,21.675961569339755,21.817819595336914,718600,0.0,0.0
2024-03-20 00:00:00-04:00,21.73270634012435,22.58385637517082,21.68542092855287,22.432540893554688,927900,0.0,0.0
2024-03-21 00:00:00-04:00,22.593314110317387,22.744629593889606,22.39471321456242,22.45145606994629,1291500,0.0,0.0
2024-03-22 00:00:00-04:00,22.49874145548697,22.564941748686,22.054250680311714,22.120450973510742,693400,0.0,0.0
2024-03-25 00:00:00-04:00,22.110994797945164,22.34742546081543,22.08262427284733,22.34742546081543,950100,0.0,0.0
2024-03-26 00:00:00-04:00,22.479830357372173,22.479830357372173,22.2528571122462,22.385257720947266,823400,0.0,0.0
2024-03-27 00:00:00-04:00,22.470372051495954,23.236406949892707,22.37579941869838,23.208036422729492,1302400,0.0,0.0
2024-03-28 00:00:00-04:00,23.208035799892112,23.33097895655346,23.009433095964845,23.236406326293945,1346600,0.0,0.0
2024-04-01 00:00:00-04:00,23.321520064764908,23.321520064764908,22.70680071198948,22.791915893554688,765300,0.0,0.0
2024-04-02 00:00:00-04:00,22.59331358900859,22.725715986946422,22.36634036888735,22.479827880859375,928000,0.0,0.0
2024-04-03 00:00:00-04:00,22.328513290282917,22.65005914921985,22.262312990588175,22.337970733642578,795500,0.0,0.0
2024-04-04 00:00:00-04:00,22.65951474491551,22.782459704530343,22.319055803740852,22.404170989990234,820500,0.0,0.0
2024-04-05 00:00:00-04:00,22.319054957795647,22.58385614602569,22.290682628846938,22.479827880859375,637300,0.0,0.0
2024-04-08 00:00:00-04:00,22.52711345898509,22.791916453001402,22.508198572879035,22.697343826293945,638700,0.0,0.0
2024-04-09 00:00:00-04:00,22.791918515905802,22.924319122986173,22.65951610500245,22.91486167907715,539800,0.0,0.0
2024-04-10 00:00:00-04:00,22.441999728741926,22.48928694706953,21.571934753566396,21.71379280090332,1157100,0.0,0.0
2024-04-11 00:00:00-04:00,21.827279955795245,22.129910932735722,21.60976416659714,21.959680557250977,1118900,0.0,0.0
2024-04-12 00:00:00-04:00,21.638133774461956,21.92185165616314,21.600305805862163,21.685420989990234,955900,0.0,0.0
2024-04-15 00:00:00-04:00,21.72324487215431,21.988047817831173,21.401699082340443,21.60030174255371,919700,0.0,0.0
2024-04-16 00:00:00-04:00,21.411160154282385,21.45844736893363,21.165272049564308,21.184186935424805,706200,0.0,0.0
2024-04-17 00:00:00-04:00,21.401704113212435,21.581391933011528,21.193645766587057,21.212560653686523,1117900,0.0,0.0
2024-04-18 00:00:00-04:00,22.243398450999855,22.243398450999855,21.28821830264216,21.959680557250977,1713100,0.0,0.0
2024-04-19 00:00:00-04:00,21.902935868159865,22.725715346247974,21.902935868159865,22.70680046081543,1595300,0.0,0.0
2024-04-22 00:00:00-04:00,22.73517372264613,23.07563265530002,22.602771323003612,22.981060028076172,1134700,0.0,0.0
2024-04-23 00:00:00-04:00,22.93377133725531,23.52957573707733,22.89594157024562,23.349889755249023,1054800,0.0,0.0
2024-04-24 00:00:00-04:00,23.075631675371707,23.47283524978598,22.962145970580632,23.453920364379883,891200,0.0,0.0
2024-04-25 00:00:00-04:00,23.32152184831027,23.32152184831027,22.971605456291005,23.18912124633789,820300,0.0,0.0
2024-04-26 00:00:00-04:00,23.141830771622782,23.378261415482598,22.99051530385831,23.094545364379883,686400,0.0,0.0
2024-04-29 00:00:00-04:00,23.094546848531955,23.198576915738936,22.735173040452143,22.791915893554688,658400,0.0,0.0
2024-04-30 00:00:00-04:00,22.621687592390305,22.744630752622545,22.39471435546875,22.39471435546875,851400,0.0,0.0
2024-05-01 00:00:00-04:00,22.612227323036787,23.189118688845543,22.517654701848397,22.735172271728516,843700,0.0,0.0
2024-05-02 00:00:00-04:00,22.952688141887773,23.0850887298584,22.820285750094428,23.0850887298584,845300,0.0,0.0
2024-05-03 00:00:00-04:00,23.425551355676767,23.595781727699677,23.141833467697627,23.283693313598633,634700,0.0,0.0
2024-05-06 00:00:00-04:00,23.48229294411557,23.576865568336704,23.321520024086478,23.53903579711914,765200,0.0,0.0
2024-05-07 00:00:00-04:00,23.63360883530794,23.690351689305423,23.349892761497728,23.359350204467773,1279400,0.0,0.0
2024-05-08 00:00:00-04:00,23.217491210394158,23.491751655058373,23.122920384890648,23.283693313598633,1296200,0.0,0.0
2024-05-09 00:00:00-04:00,23.236404593678024,23.46337780708293,23.17020429857944,23.453920364379883,815600,0.0,0.0
2024-05-10 00:00:00-04:00,23.52012304597511,23.52012304597511,23.264777498135278,23.491750717163086,637500,0.0,0.0
2024-05-13 00:00:00-04:00,23.64306627827799,23.70926657524552,23.349892761497728,23.359350204467773,612500,0.0,0.0
2024-05-14 00:00:00-04:00,23.692781980191807,23.692781980191807,23.43556196553644,23.597515106201172,639700,0.18,0.0
2024-05-15 00:00:00-04:00,23.759468611904502,23.86426053954618,23.45461606410233,23.664201736450195,644400,0.0,0.0
2024-05-16 00:00:00-04:00,23.626095671736206,23.65467628120031,23.45461746614544,23.483196258544922,594500,0.0,0.0
2024-05-17 00:00:00-04:00,23.549882888793945,23.626096031460673,23.4641428761608,23.549882888793945,614500,0.0,0.0
2024-05-20 00:00:00-04:00,23.51177386672472,23.521300735329984,22.968755075675574,23.006860733032227,838800,0.0,0.0
2024-05-21 00:00:00-04:00,22.968758344566258,23.216451512361317,22.9020720719031,23.102130889892578,803600,0.0,0.0
2024-05-22 00:00:00-04:00,23.016390340040708,23.102130350624687,22.768697178027494,22.806804656982422,730300,0.0,0.0
2024-05-23 00:00:00-04:00,22.797276189428555,22.797276189428555,22.273309292909715,22.425737380981445,674800,0.0,0.0
2024-05-24 00:00:00-04:00,22.559106860983977,22.62579311839212,22.34951940391355,22.61626625061035,712000,0.0,0.0
2024-05-28 00:00:00-04:00,22.61627023962206,22.68295650879219,22.37810395426328,22.454317092895508,640900,0.0,0.0
2024-05-29 00:00:00-04:00,21.92082523678972,22.29236406242638,21.777925828242125,21.787452697753906,1115900,0.0,0.0
2024-05-30 00:00:00-04:00,22.063723675128703,22.273309343978088,21.949404880143394,22.206623077392578,955700,0.0,0.0
2024-05-31 00:00:00-04:00,22.292364257411535,22.425738614678504,22.19709737852501,22.40668487548828,819600,0.0,0.0
2024-06-03 00:00:00-04:00,22.702009313709645,22.702009313709645,22.02561796330981,22.092304229736328,605900,0.0,0.0
2024-06-04 00:00:00-04:00,21.816030839512177,22.06372398824815,21.7683983104364,21.825557708740234,773500,0.0,0.0
2024-06-05 00:00:00-04:00,22.006565834180144,22.263785866687215,21.854139552042163,22.197097778320312,1711000,0.0,0.0
2024-06-06 00:00:00-04:00,22.12088461497797,22.273310896962474,21.901772061758322,22.139938354492188,1139600,0.0,0.0
2024-06-07 00:00:00-04:00,21.920822143554688,22.082775268272734,21.825555278944492,21.920822143554688,680200,0.0,0.0
2024-06-10 00:00:00-04:00,21.530230088858456,21.796975134925095,21.444490090604365,21.71123695373535,857300,0.0,0.0
2024-06-11 00:00:00-04:00,21.473072132568134,21.79697659345659,21.358751521558204,21.644550323486328,991800,0.0,0.0
2024-06-12 00:00:00-04:00,22.32094488270549,22.378104283253847,21.825558565780838,22.073251724243164,1246400,0.0,0.0
2024-06-13 00:00:00-04:00,21.939879224055208,21.939879224055208,21.62549979486758,21.796977996826172,493100,0.0,0.0
2024-06-14 00:00:00-04:00,21.51117726627685,21.74934353442299,21.425437264379088,21.739816665649414,658700,0.0,0.0
2024-06-17 00:00:00-04:00,21.66360658887597,21.9494072412114,21.568339704764163,21.93988037109375,800300,0.0,0.0
2024-06-18 00:00:00-04:00,21.892246375143756,22.139939551021037,21.863667581392537,22.006567001342773,925200,0.0,0.0
2024-06-20 00:00:00-04:00,21.87319020911289,22.101831436157227,21.816030810884065,22.101831436157227,764000,0.0,0.0
2024-06-21 00:00:00-04:00,22.054196974145942,22.08277758164237,21.8731900941309,22.04467010498047,1621100,0.0,0.0
2024-06-24 00:00:00-04:00,22.120881718061025,22.578162321194377,22.04466858704953,22.444787979125977,810400,0.0,0.0
2024-06-25 00:00:00-04:00,22.330474731926166,22.42574162359488,22.120887206842024,22.216154098510742,677900,0.0,0.0
2024-06-26 00:00:00-04:00,22.073250325308287,22.330470337070956,22.073250325308287,22.254257202148438,763800,0.0,0.0
2024-06-27 00:00:00-04:00,22.330471782041442,22.559111201603898,22.17804550233314,22.52100372314453,570600,0.0,0.0
2024-06-28 00:00:00-04:00,22.721061429617613,23.006860213058598,22.587687089222715,22.82585334777832,2856000,0.0,0.0
2024-07-01 00:00:00-04:00,22.83538158786918,22.97828280523797,22.578163394147165,22.587688446044922,803600,0.0,0.0
2024-07-02 00:00:00-04:00,22.54958279299146,22.949702204183954,22.4447890514449,22.92112159729004,668000,0.0,0.0
2024-07-03 00:00:00-04:00,22.97828508790053,23.02591762037897,22.57816563706186,22.597217559814453,393400,0.0,0.0
2024-07-05 00:00:00-04:00,22.530532125970687,22.654379622326918,22.359052095363417,22.397159576416016,541400,0.0,0.0
2024-07-08 00:00:00-04:00,22.60674263875562,22.70200951322984,22.32094383239746,22.32094383239746,641700,0.0,0.0
2024-07-09 00:00:00-04:00,22.216150467510563,22.787749907036012,22.13041046072852,22.778223037719727,782100,0.0,0.0
2024-07-10 00:00:00-04:00,22.721062995249543,23.168814938043994,22.673428650017488,23.149761199951172,736400,0.0,0.0
2024-07-11 00:00:00-04:00,23.45461830757545,23.807103418288307,23.38793021643345,23.73089027404785,1269400,0.0,0.0
2024-07-12 00:00:00-04:00,23.81662801035128,23.940473676496723,23.626094259442667,23.664201736450195,1457800,0.0,0.0
2024-07-15 00:00:00-04:00,23.911897304654037,24.378703042829706,23.835684159994024,24.2929630279541,1608000,0.0,0.0
2024-07-16 00:00:00-04:00,24.435861727764063,25.445686319050196,24.369175455282615,25.388526916503906,2392300,0.0,0.0
2024-07-17 00:00:00-04:00,24.616865958687818,25.712430443778064,24.616865958687818,25.531423568725586,1925700,0.0,0.0
2024-07-18 00:00:00-04:00,25.579061358591215,26.09349962926306,25.131307545102445,25.407581329345703,2082200,0.0,0.0
2024-07-19 00:00:00-04:00,25.607640154542565,26.04586709788583,25.47426760603425,25.85533332824707,1651000,0.0,0.0
2024-07-22 00:00:00-04:00,25.88391184546454,26.45551129108831,25.569532422931147,26.350717544555664,1443300,0.0,0.0
2024-07-23 00:00:00-04:00,26.093499396523594,26.855632651143104,26.093499396523594,26.74131202697754,1498100,0.0,0.0
2024-07-24 00:00:00-04:00,26.636517379702298,27.103324913748764,26.369772294035307,26.37929916381836,1604100,0.0,0.0
2024-07-25 00:00:00-04:00,26.445983411162107,27.217641633883428,26.369770275795364,26.989002227783203,1848200,0.0,0.0
2024-07-26 00:00:00-04:00,27.20811653137207,27.455809691662086,26.874683361094565,27.20811653137207,1217700,0.0,0.0
2024-07-29 00:00:00-04:00,27.236696201162296,27.32243620819314,26.760363636352974,26.788944244384766,893200,0.0,0.0
2024-07-30 00:00:00-04:00,26.950897616486454,27.551075853701494,26.84610386988361,27.465335845947266,1509500,0.0,0.0
2024-07-31 00:00:00-04:00,27.389121642724717,27.617761048824942,26.9699484896754,26.989002227783203,1351700,0.0,0.0
2024-08-01 00:00:00-04:00,26.84610296553621,27.036634896410405,25.779117247795664,26.103023529052734,1695600,0.0,0.0
2024-08-02 00:00:00-04:00,25.23609806491586,25.683850003939618,25.036039267819433,25.369470596313477,1874100,0.0,0.0
2024-08-05 00:00:00-04:00,24.331070008612222,24.797875737191184,23.826156799954333,24.502548217773438,1946400,0.0,0.0
2024-08-06 00:00:00-04:00,24.45491291512501,24.959826066599515,24.17863916703581,24.588285446166992,983200,0.0,0.0
2024-08-07 00:00:00-04:00,24.921721071029214,25.016987952853434,24.369175336926297,24.49302101135254,776500,0.0,0.0
2024-08-08 00:00:00-04:00,24.797872234436383,24.874085366764312,24.521598494082387,24.845504760742188,658900,0.0,0.0
2024-08-09 00:00:00-04:00,24.788347244262695,24.845506643574172,24.607340359867724,24.788347244262695,628400,0.0,0.0
2024-08-12 00:00:00-04:00,24.969352689263907,25.207518976572707,24.45491445355047,24.5216007232666,599400,0.0,0.0
2024-08-13 00:00:00-04:00,24.78834654354185,24.78834654354185,24.32154085872069,24.712133407592773,763000,0.0,0.0
2024-08-14 00:00:00-04:00,24.841717746121926,24.841717746121926,24.46736476803167,24.601747512817383,806900,0.195,0.0
2024-08-15 00:00:00-04:00,24.95690113644306,25.331254067624954,24.880110744640945,25.120080947875977,1018600,0.0,0.0
2024-08-16 00:00:00-04:00,25.06248962239631,25.64801569693899,25.06248962239631,25.38884925842285,1088700,0.0,0.0
2024-08-19 00:00:00-04:00,25.417644255417805,25.744003888146743,25.379249973770087,25.72480583190918,649400,0.0,0.0
2024-08-20 00:00:00-04:00,25.65761670227652,25.65761670227652,25.350455099012297,25.446443557739258,537200,0.0,0.0
2024-08-21 00:00:00-04:00,25.600024582912667,25.657616926320717,25.28326394792701,25.61922264099121,427000,0.0,0.0
2024-08-22 00:00:00-04:00,25.667216706860792,25.89758791806553,25.609624361766517,25.744007110595703,552300,0.0,0.0
2024-08-23 00:00:00-04:00,25.993573229958336,27.06864058277404,25.820794384789078,26.771076202392578,1155000,0.0,0.0
2024-08-26 00:00:00-04:00,26.8766639975304,27.03024478819295,26.463914936064505,26.492712020874023,763900,0.0,0.0
2024-08-27 00:00:00-04:00,26.31993299119753,26.463914752592025,26.108759863207432,26.377525329589844,530600,0.0,0.0
2024-08-28 00:00:00-04:00,26.29114056834229,26.72308775994295,26.23354821973812,26.559907913208008,455500,0.0,0.0
2024-08-29 00:00:00-04:00,26.847868230927954,26.847868230927954,26.38712583631825,26.540706634521484,465300,0.0,0.0
2024-08-30 00:00:00-04:00,26.684689287206954,26.771078717909077,26.415923796869325,26.723085403442383,576000,0.0,0.0
2024-09-03 00:00:00-04:00,26.454316141975017,26.828670924502877,26.319933406662557,26.665491104125977,796300,0.0,0.0
2024-09-04 00:00:00-04:00,26.61749554218981,26.828670501007334,26.252741624601928,26.377525329589844,552400,0.0,0.0
2024-09-05 00:00:00-04:00,26.607900053231482,26.607900053231482,26.031972931046663,26.08956527709961,576700,0.0,0.0
2024-09-06 00:00:00-04:00,26.19514967124228,26.319933378064345,25.590423701338363,25.67681312561035,679200,0.0,0.0
2024-09-09 00:00:00-04:00,25.667217254638672,25.926385559335415,25.53283450294155,25.667217254638672,726100,0.0,0.0
2024-09-10 00:00:00-04:00,25.734406071935634,25.839993555387245,25.14887997573511,25.628820419311523,804100,0.0,0.0
2024-09-11 00:00:00-04:00,25.29286144962161,25.456041271780233,24.774524897766877,25.427244186401367,748700,0.0,0.0
2024-09-12 00:00:00-04:00,25.52323329961147,25.52323329961147,25.148880334151468,25.436843872070312,613000,0.0,0.0
2024-09-13 00:00:00-04:00,25.763202783805923,25.897585520192532,25.600022962124694,25.849592208862305,850700,0.0,0.0
2024-09-16 00:00:00-04:00,25.926382837766358,26.252742484052728,25.657615531757735,26.022371292114258,826000,0.0,0.0
2024-09-17 00:00:00-04:00,26.204746257562398,26.675089481329632,26.00317215951422,26.17595100402832,763700,0.0,0.0
2024-09-18 00:00:00-04:00,26.252742754621654,27.030245764280608,25.90718504773878,26.281538009643555,1149400,0.0,0.0
2024-09-19 00:00:00-04:00,26.86706423475107,27.030244049222343,26.463914212576597,26.934255599975586,856100,0.0,0.0
2024-09-20 00:00:00-04:00,26.675090323225405,26.75188071978555,26.310334566444112,26.329532623291016,3201900,0.0,0.0
2024-09-23 00:00:00-04:00,26.502312236394793,26.636694976537743,26.233544925281368,26.454317092895508,753100,0.0,0.0
2024-09-24 00:00:00-04:00,26.3967229159664,26.492711365462668,25.926381527344834,26.003171920776367,716200,0.0,0.0
2024-09-25 00:00:00-04:00,26.051168504318387,26.051168504318387,25.523234711977338,25.57122802734375,747600,0.0,0.0
2024-09-26 00:00:00-04:00,25.88798888874521,25.88798888874521,25.59042630312588,25.744007110595703,707500,0.0,0.0
2024-09-27 00:00:00-04:00,26.07036551778911,26.089563575497188,25.696012546619333,25.753604888916016,669500,0.0,0.0
2024-09-30 00:00:00-04:00,25.6768122909855,26.1375546515747,25.523231504122432,26.003171920776367,880500,0.0,0.0
2024-10-01 00:00:00-04:00,25.87838657131394,25.87838657131394,25.11048263153478,25.187273025512695,1021400,0.0,0.0
2024-10-02 00:00:00-04:00,25.03369456427115,25.504035999954397,24.956904163156082,25.02409553527832,567300,0.0,0.0
2024-10-03 00:00:00-04:00,24.80332337466098,25.216072467443382,24.74573103149968,24.99530029296875,537000,0.0,0.0
2024-10-04 00:00:00-04:00,25.446443557739258,25.648017673321068,25.254466640285333,25.446443557739258,666300,0.0,0.0
2024-10-07 00:00:00-04:00,25.340853879148153,25.379249991650333,25.11048269661732,25.2160701751709,602900,0.0,0.0
2024-10-08 00:00:00-04:00,25.360053509805834,25.360053509805834,24.937705400198656,24.9569034576416,554500,0.0,0.0
2024-10-09 00:00:00-04:00,24.91850843824249,25.379252682991158,24.889713181639678,25.312061309814453,868300,0.0,0.0
2024-10-10 00:00:00-04:00,25.120086118271242,25.321660251680964,24.95690627325149,25.196876525878906,849500,0.0,0.0
2024-10-11 00:00:00-04:00,25.408047346211795,25.935982951807706,25.408047346211795,25.868791580200195,1137400,0.0,0.0
2024-10-14 00:00:00-04:00,25.878388057304843,26.06076594003519,25.676813948098285,25.830394744873047,893800,0.0,0.0
2024-10-15 00:00:00-04:00,26.012774872086457,26.655895200632,25.820797944139734,26.08956527709961,1132300,0.0,0.0
2024-10-16 00:00:00-04:00,26.425520482112603,26.607896525572244,26.291135918035458,26.348730087280273,1146700,0.0,0.0
2024-10-17 00:00:00-04:00,25.052892417159168,26.300736882770355,25.052892417159168,25.897586822509766,1140200,0.0,0.0
2024-10-18 00:00:00-04:00,26.089564078950055,26.108762137028602,25.55203126854389,25.61922264099121,1122900,0.0,0.0
2024-10-21 00:00:00-04:00,25.580825641029733,25.580825641029733,25.17767558944684,25.436843872070312,1432500,0.0,0.0
2024-10-22 00:00:00-04:00,25.34085445686678,25.686412153954734,25.196872693355953,25.67681312561035,1167000,0.0,0.0
2024-10-23 00:00:00-04:00,25.657616054247477,26.003173764605833,25.61922177022295,25.974376678466797,1153900,0.0,0.0
2024-10-24 00:00:00-04:00,26.051165284691663,26.118356650231608,25.696010400886994,26.06076431274414,999400,0.0,0.0
2024-10-25 00:00:00-04:00,26.223948989057654,26.223948989057654,25.696015164101247,25.792003631591797,719300,0.0,0.0
2024-10-28 00:00:00-04:00,26.031972519249102,26.876666961031646,25.935984056794172,26.847869873046875,1019000,0.0,0.0
2024-10-29 00:00:00-04:00,26.63669443156317,26.780676197460178,26.387125182955533,26.53110694885254,921100,0.0,0.0
2024-10-30 00:00:00-04:00,26.406324547165834,27.203025644118018,26.406324547165834,26.55030632019043,986800,0.0,0.0
2024-10-31 00:00:00-04:00,26.63669470611176,26.723084132705893,26.185551346763805,26.19515037536621,756700,0.0,0.0
2024-11-01 00:00:00-04:00,26.348732254188782,26.473515969493192,26.031971620601738,26.07036590576172,757200,0.0,0.0
2024-11-04 00:00:00-05:00,25.84959286585574,26.166353488837444,25.571226526748553,25.85919189453125,569500,0.0,0.0
2024-11-05 00:00:00-05:00,25.84959401235482,26.30073739514803,25.763204581271157,26.271942138671875,649900,0.0,0.0
2024-11-06 00:00:00-05:00,27.45259418050443,29.61232621135277,27.45259418050443,29.53553581237793,2867500,0.0,0.0
2024-11-07 00:00:00-05:00,29.21877676656268,29.21877676656268,28.230098724365234,28.230098724365234,1355800,0.0,0.0
2024-11-08 00:00:00-05:00,28.393277799976026,28.81562592126941,28.04772007975166,28.642847061157227,1157500,0.0,0.0
2024-11-11 00:00:00-05:00,29.35315815338012,30.053870778253184,29.16118123905687,29.708314895629883,986700,0.0,0.0
2024-11-12 00:00:00-05:00,29.621923906177283,30.034672968640923,29.535534482367336,29.99627685546875,2378800,0.0,0.0
2024-11-13 00:00:00-05:00,30.155650968196877,30.26190145138095,29.614742934604717,29.749969482421875,1419900,0.195,0.0
2024-11-14 00:00:00-05:00,29.904517382486894,29.97213250493145,29.508495162644465,29.58576774597168,783400,0.0,0.0
2024-11-15 00:00:00-05:00,29.89486095499314,29.89486095499314,29.411906831922646,29.788610458374023,1012300,0.0,0.0
2024-11-18 00:00:00-05:00,29.70167426834152,29.88519732438673,29.5374698165797,29.576107025146484,1022200,0.0,0.0
2024-11-19 00:00:00-05:00,29.180084613797703,29.701675904236208,29.180084613797703,29.6920166015625,828500,0.0,0.0
2024-11-20 00:00:00-05:00,29.537472918362646,29.720995993679942,29.180086070884084,29.440881729125977,651900,0.0,0.0
2024-11-21 00:00:00-05:00,29.701675415039062,29.9528117534483,29.41190370889494,29.701675415039062,800000,0.0,0.0
2024-11-22 00:00:00-05:00,29.81758574758048,30.667584118834448,29.769289234125157,30.580652236938477,876100,0.0,0.0
2024-11-25 00:00:00-05:00,30.909062309138722,31.788038621168962,30.812471120957927,30.967018127441406,1420800,0.0,0.0
2024-11-26 00:00:00-05:00,30.82212889886491,31.16019527728394,30.667583742352328,30.99599266052246,811100,0.0,0.0
2024-11-27 00:00:00-05:00,31.140883451689433,31.372699367173496,30.64826818315261,30.67724609375,717600,0.0,0.0
2024-11-29 00:00:00-05:00,30.99599574102624,30.99599574102624,30.35849644647376,30.67724609375,576500,0.0,0.0
2024-12-02 00:00:00-05:00,30.83179034887838,30.83179034887838,30.261904353674204,30.435768127441406,825900,0.0,0.0
2024-12-03 00:00:00-05:00,30.445426184196695,30.570993436596662,30.078380045199303,30.126676559448242,609600,0.0,0.0
2024-12-04 00:00:00-05:00,30.049404301478283,30.348835323740797,29.91417590245355,30.194290161132812,736000,0.0,0.0
2024-12-05 00:00:00-05:00,30.35849369479814,30.493720247348243,29.914174984196414,29.95281219482422,587900,0.0,0.0
2024-12-06 00:00:00-05:00,30.17497062896328,30.17497062896328,29.759629826332407,29.95281219482422,509400,0.0,0.0
2024-12-09 00:00:00-05:00,29.99144683657312,30.00110613899607,29.334630852724533,29.373266220092773,875000,0.0,0.0
2024-12-10 00:00:00-05:00,29.46020033543805,29.7886092734485,29.083496723971113,29.440881729125977,747700,0.0,0.0
2024-12-11 00:00:00-05:00,29.730652174766607,29.981788503480185,29.5374698165797,29.576107025146484,687100,0.0,0.0
2024-12-12 00:00:00-05:00,29.624402719832606,29.67269738989069,29.247699134873557,29.29599380493164,595800,0.0,0.0
2024-12-13 00:00:00-05:00,29.218720252667445,29.382924704639837,29.093153009311383,29.315311431884766,606000,0.0,0.0
2024-12-16 00:00:00-05:00,29.373267522891005,29.547131289568405,29.112471872874902,29.42156219482422,804100,0.0,0.0
2024-12-17 00:00:00-05:00,29.180083235075895,29.527810745605212,28.561902631755785,28.755084991455078,1106400,0.0,0.0
2024-12-18 00:00:00-05:00,29.24769828086723,29.24769828086723,27.219290878154688,27.383495330810547,1245100,0.0,0.0
2024-12-19 00:00:00-05:00,27.86645183699423,28.156223559009607,27.093724174413765,27.15167999267578,1093400,0.0,0.0
2024-12-20 00:00:00-05:00,26.89088530788769,27.557362503362842,26.832931329857946,27.132362365722656,4212800,0.0,0.0
2024-12-23 00:00:00-05:00,26.93917959644211,27.335201818229898,26.900544225750572,27.325544357299805,819700,0.0,0.0
2024-12-24 00:00:00-05:00,27.306224329427813,27.538042068481445,27.199973841490205,27.538042068481445,325300,0.0,0.0
2024-12-26 00:00:00-05:00,27.286906151288743,27.895427495544634,27.18065566168706,27.7891788482666,468900,0.0,0.0
2024-12-27 00:00:00-05:00,27.54769868926327,27.856788977909254,27.209630495185433,27.441448211669922,573800,0.0,0.0
2024-12-30 00:00:00-05:00,27.28690751635457,27.50906596725038,27.05508976207324,27.354520797729492,458800,0.0,0.0
2024-12-31 00:00:00-05:00,27.52838171910752,27.595994993470406,27.228950714504666,27.3351993560791,657000,0.0,0.0
2025-01-02 00:00:00-05:00,27.528383213713102,27.576677885930508,26.765314864877283,26.861906051635742,548500,0.0,0.0
2025-01-03 00:00:00-05:00,26.89088309383915,27.31588319648715,26.504520201578966,27.28690528869629,672300,0.0,0.0
2025-01-06 00:00:00-05:00,27.267587453070284,27.914746006742075,27.132360897543645,27.161338806152344,976100,0.0,0.0
2025-01-07 00:00:00-05:00,27.373836889549665,27.431790862214584,26.65906508560375,26.95849609375,1108000,0.0,0.0
2025-01-08 00:00:00-05:00,26.774972870001164,27.14201899342784,26.6204277156079,27.035768508911133,934300,0.0,0.0
2025-01-10 00:00:00-05:00,26.407928186756138,26.65906451940176,26.10849718496939,26.301677703857422,1713800,0.0,0.0
2025-01-13 00:00:00-05:00,26.147134705664058,26.697702085448913,26.147134705664058,26.630088806152344,1425400,0.0,0.0
2025-01-14 00:00:00-05:00,26.842589377654647,27.499405396690424,26.7073609788124,27.48974609375,1169200,0.0,0.0
2025-01-15 00:00:00-05:00,28.25281268395332,28.426676441395568,27.76019931864146,28.117586135864258,1235500,0.0,0.0
2025-01-16 00:00:00-05:00,27.238612456666637,28.561905682271735,27.238612456666637,28.436338424682617,1992900,0.0,0.0
2025-01-17 00:00:00-05:00,28.8323586607728,29.460198590130535,28.571563017981195,29.36360740661621,1782100,0.0,0.0
2025-01-21 00:00:00-05:00,29.45054138606109,29.827245002053235,29.035200556980662,29.064178466796875,1408000,0.0,0.0
2025-01-22 00:00:00-05:00,28.92895099079731,29.238041316434128,28.793722591588455,28.82270050048828,1960100,0.0,0.0
2025-01-23 00:00:00-05:00,29.04485855825901,29.295994905103992,28.89997270032019,29.01588249206543,1226000,0.0,0.0
2025-01-24 00:00:00-05:00,28.88065305644758,29.170426604232148,28.870993753955737,29.035198211669922,946500,0.0,0.0
2025-01-27 00:00:00-05:00,29.23804096761909,29.556790592419777,29.044858595238946,29.42156219482422,918300,0.0,0.0
2025-01-28 00:00:00-05:00,29.26701568756557,29.624402507331933,29.189743110632783,29.411903381347656,1035100,0.0,0.0
2025-01-29 00:00:00-05:00,29.324973841203757,29.7306553630422,29.05451887920356,29.180086135864258,982700,0.0,0.0
2025-01-30 00:00:00-05:00,29.508494970812077,29.682358742748956,29.06417808015,29.257360458374023,938600,0.0,0.0
2025-01-31 00:00:00-05:00,29.267017156072644,29.431221620584413,28.890313554914204,29.160768508911133,1742600,0.0,0.0
2025-02-03 00:00:00-05:00,28.610201197612735,29.16076856727662,28.301109031430318,28.899972915649414,1706900,0.0,0.0
2025-02-04 00:00:00-05:00,28.909630710122762,29.460198051059315,28.870993500494592,29.411903381347656,731700,0.0,0.0
2025-02-05 00:00:00-05:00,29.58576908501082,29.865883363702135,29.3056566486433,29.856224060058594,786200,0.0,0.0
2025-02-06 00:00:00-05:00,29.943153489949545,30.14599332282418,29.71133574852555,30.126676559448242,877000,0.0,0.0
2025-02-07 00:00:00-05:00,30.059065430530058,30.203951298986453,29.295997031763267,29.788610458374023,806200,0.0,0.0
2025-02-10 00:00:00-05:00,29.74996963942506,29.798266151274312,29.228380207718,29.450538635253906,794200,0.0,0.0
2025-02-11 00:00:00-05:00,29.24770015401167,30.174971116167402,29.24770015401167,30.165311813354492,893100,0.0,0.0
2025-02-12 00:00:00-05:00,29.80081952347978,29.936895732386304,29.51894711161637,29.548105239868164,737200,0.195,0.0
2025-02-13 00:00:00-05:00,29.66474576947634,29.7133438898506,29.237075265364904,29.63558578491211,902400,0.0,0.0
2025-02-14 00:00:00-05:00,29.703622250743763,29.83970031727808,29.023239333669604,29.130155563354492,1018600,0.0,0.0
2025-02-18 00:00:00-05:00,29.100996618168416,29.66474329543076,29.023238519714965,29.305110931396484,981900,0.0,0.0
2025-02-19 00:00:00-05:00,28.896880055511847,29.39258862157977,28.896880055511847,29.20791244506836,982200,0.0,0.0
2025-02-20 00:00:00-05:00,29.081559451823406,29.23707566381983,28.751087037856134,29.003801345825195,1262200,0.0,0.0
2025-02-21 00:00:00-05:00,29.39258997259441,29.39258997259441,28.52753086764097,28.63444709777832,1109500,0.0,0.0
2025-02-24 00:00:00-05:00,28.87744188313341,28.87744188313341,28.342855161712595,28.362295150756836,773500,0.0,0.0
2025-02-25 00:00:00-05:00,28.615008364978564,28.731644587036328,28.284535979316022,28.43033218383789,1016500,0.0,0.0
2025-02-26 00:00:00-05:00,28.33313696854094,28.634449402285764,28.245658866179618,28.4886531829834,717100,0.0,0.0
2025-02-27 00:00:00-05:00,28.47892879461407,28.858001131003007,28.430330680309982,28.527528762817383,682600,0.0,0.0
2025-02-28 00:00:00-05:00,28.712207271229587,29.139875902833598,28.683047287934116,29.1107177734375,1009700,0.0,0.0
2025-03-03 00:00:00-05:00,29.15931657851769,29.800821394933127,28.945482257679018,29.1884765625,1080900,0.0,0.0
2025-03-04 00:00:00-05:00,28.848284897791252,28.984361118699873,27.954065759178604,28.16790008544922,1487400,0.0,0.0
2025-03-05 00:00:00-05:00,28.177618955503718,28.420613256797026,27.70135034743677,28.119300842285156,1149200,0.0,0.0
2025-03-06 00:00:00-05:00,27.87630780240623,28.109582119735638,27.594433510279362,27.915185928344727,1086900,0.0,0.0
2025-03-07 00:00:00-05:00,27.798547272239745,28.187337767214565,27.458354893924533,28.07069969177246,1025100,0.0,0.0
2025-03-10 00:00:00-04:00,27.65275348773298,28.080422142672848,27.312561079653943,27.429197311401367,1400700,0.0,0.0
2025-03-11 00:00:00-04:00,27.497234038157252,27.7207883342644,26.87516741112531,26.904327392578125,880600,0.0,0.0
2025-03-12 00:00:00-04:00,27.137604198022988,27.390318499008306,26.777971809032497,27.108444213867188,891100,0.0,0.0
2025-03-13 00:00:00-04:00,27.312560395158933,27.56527469614425,27.050126099455014,27.108444213867188,915900,0.0,0.0
2025-03-14 00:00:00-04:00,27.29311866744015,27.613871057127724,27.01124625415074,27.5847110748291,888000,0.0,0.0
2025-03-17 00:00:00-04:00,27.64303212424661,27.866586435611236,27.55555402781708,27.759668350219727,920200,0.0,0.0
2025-03-18 00:00:00-04:00,27.769387601854586,27.895745672827932,27.409757085175176,27.56527328491211,1005200,0.0,0.0
2025-03-19 00:00:00-04:00,27.652753290246842,27.983225701003565,27.370879000054565,27.808269500732422,1127000,0.0,0.0
2025-03-20 00:00:00-04:00,27.429197119827556,27.92490573604064,27.30284089400044,27.322280883789062,1090400,0.0,0.0
2025-03-21 00:00:00-04:00,27.195920653228313,27.46807492704686,26.91404823918349,27.215360641479492,4684800,0.0,0.0
2025-03-24 00:00:00-04:00,27.68191064120536,27.97350491807599,27.419476348191616,27.85686683654785,843000,0.0,0.0
2025-03-25 00:00:00-04:00,27.866587516785724,27.973505606325467,27.633313201889475,27.691631317138672,966900,0.0,0.0
2025-03-26 00:00:00-04:00,27.90546246358212,28.187336720660362,27.73050813776373,27.89574432373047,707100,0.0,0.0
2025-03-27 00:00:00-04:00,27.97350629545094,28.002664426844117,27.555555775753348,27.769390106201172,991500,0.0,0.0
2025-03-28 00:00:00-04:00,27.594430904331368,27.81798705948868,27.205640412165412,27.351436614990234,581800,0.0,0.0
2025-03-31 00:00:00-04:00,27.050126057113598,27.594432783207203,26.884889854954896,27.47779655456543,1034200,0.0,0.0
2025-04-01 00:00:00-04:00,27.22508297889363,27.623593502846383,27.050126777373013,27.429197311401367,896700,0.0,0.0
2025-04-02 00:00:00-04:00,27.08900435304775,27.594431068928643,27.08900435304775,27.5847110748291,968900,0.0,0.0
2025-04-03 00:00:00-04:00,26.39890023824552,26.515538316346618,25.096450659963505,25.106170654296875,1636600,0.0,0.0
2025-04-04 00:00:00-04:00,24.192510967205564,24.54242333874837,23.541286194556072,24.416067123413086,1620100,0.0,0.0
2025-04-07 00:00:00-04:00,23.794000479125952,25.79627476751055,23.551006188643296,24.416067123413086,1678500,0.0,0.0
2025-04-08 00:00:00-04:00,25.174209175953365,25.553281545609813,23.959237672732648,24.3480281829834,1389500,0.0,0.0
2025-04-09 00:00:00-04:00,23.998117520099527,26.36974054667143,23.7065232485739,25.94207191467285,1656700,0.0,0.0
2025-04-10 00:00:00-04:00,25.36860698755376,25.563001328216153,23.832882982993162,24.49382781982422,1268000,0.0,0.0
2025-04-11 00:00:00-04:00,24.474385434091342,24.83401594876169,24.08559493692097,24.52298355102539,1647300,0.0,0.0
2025-04-14 00:00:00-04:00,25.0089714416487,25.183927623992957,24.279988584480474,25.057571411132812,1016000,0.0,0.0
2025-04-15 00:00:00-04:00,25.125612255154813,25.61160087961081,25.125612255154813,25.368606567382812,819200,0.0,0.0
2025-04-16 00:00:00-04:00,25.203368359413986,25.601878851508673,25.11589026564693,25.25196647644043,1216800,0.0,0.0
2025-04-17 00:00:00-04:00,25.912911574457876,26.389180172100875,25.601879172233822,25.718515396118164,1667000,0.0,0.0
2025-04-21 00:00:00-04:00,25.465803197633477,25.708797495878457,25.368605107555613,25.582439422607422,1237300,0.0,0.0
2025-04-22 00:00:00-04:00,25.76711512050707,26.54469611860902,25.65047704384211,26.466938018798828,998100,0.0,0.0
2025-04-23 00:00:00-04:00,27.001527782272664,27.613872613870363,26.525259167941254,26.758533477783203,1128100,0.0,0.0
2025-04-24 00:00:00-04:00,26.641896650962288,27.127885282835223,26.437782315447418,27.040407180786133,931600,0.0,0.0
2025-04-25 00:00:00-04:00,26.73909295618615,26.91404914855957,26.58357675272075,26.91404914855957,717400,0.0,0.0
2025-04-28 00:00:00-04:00,26.943207866306544,27.157044041164955,26.739093540013794,27.1181640625,781600,0.0,0.0
2025-04-29 00:00:00-04:00,27.05012502840836,27.293119325053745,26.661334524555613,27.176481246948242,773100,0.0,0.0
2025-04-30 00:00:00-04:00,26.758532024077812,27.06956442030302,26.428059639613696,26.972366333007812,939000,0.0,0.0
2025-05-01 00:00:00-04:00,26.923767658394688,27.438914358755557,26.67105337822363,27.254240036010742,948100,0.0,0.0
2025-05-02 00:00:00-04:00,27.701350237233168,27.81798831710567,27.35143785151505,27.759668350219727,787700,0.0,0.0
2025-05-05 00:00:00-04:00,27.468075196601692,27.847145701723054,27.468075196601692,27.56527328491211,716800,0.0,0.0
2025-05-06 00:00:00-04:00,27.302841230398677,27.64303364029322,27.17648314911524,27.419477462768555,545900,0.0,0.0
2025-05-07 00:00:00-04:00,27.623593502846383,27.769389719480408,27.33200106957834,27.429197311401367,600900,0.0,0.0
2025-05-08 00:00:00-04:00,27.652751734962216,28.11930034017868,27.477795544531205,27.90546417236328,616100,0.0,0.0
2025-05-09 00:00:00-04:00,28.041544111640935,28.041544111640935,27.701351702410385,27.788829803466797,485000,0.0,0.0
2025-05-12 00:00:00-04:00,28.916321624908825,29.198195902048546,28.683047319982528,28.741365432739258,935200,0.0,0.0
2025-05-13 00:00:00-04:00,28.867724688076493,28.896882818698536,28.576130404559883,28.789966583251953,706300,0.0,0.0
2025-05-14 00:00:00-04:00,28.633392989511634,28.770394271491757,28.388746776545712,28.574678421020508,638200,0.2,0.0
2025-05-15 00:00:00-04:00,28.64317710279167,28.829106868046225,28.496389758353,28.75082015991211,553300,0.0,0.0
2025-05-16 00:00:00-04:00,28.70189041100084,28.731248625204522,28.447458154075736,28.69210433959961,855600,0.0,0.0
2025-05-19 00:00:00-04:00,28.457244110113873,28.594245376171127,28.378957405723693,28.58445930480957,694600,0.0,0.0
2025-05-20 00:00:00-04:00,28.506172524872767,28.613817443062338,28.4181016158567,28.476816177368164,536500,0.0,0.0
2025-05-21 00:00:00-04:00,28.212597879525937,28.33002886917064,27.5765181740813,27.59609031677246,560000,0.0,0.0
2025-05-22 00:00:00-04:00,27.44930350046485,27.860309200214704,27.390588933786994,27.605876922607422,719700,0.0,0.0
2025-05-23 00:00:00-04:00,26.93065362860366,27.566733363130883,26.93065362860366,27.478660583496094,603800,0.0,0.0
2025-05-27 00:00:00-04:00,27.83095198129484,28.17345703147773,27.50801907489437,28.153884887695312,745500,0.0,0.0
2025-05-28 00:00:00-04:00,28.114741939298188,28.261529291653417,27.6743798822325,27.684165954589844,663500,0.0,0.0
2025-05-29 00:00:00-04:00,27.830951878398647,27.870094299316406,27.48844682948206,27.870094299316406,505600,0.0,0.0
2025-05-30 00:00:00-04:00,27.811381162230386,27.82116723458773,27.547162808089503,27.684165954589844,746800,0.0,0.0
2025-06-02 00:00:00-04:00,27.57651775281295,27.605874099898973,27.067653249629924,27.517803192138672,537400,0.0,0.0
2025-06-03 00:00:00-04:00,27.459088016285765,27.801593057747926,27.282942459733665,27.75266456604004,720900,0.0,0.0
2025-06-04 00:00:00-04:00,27.674376785554983,27.899450825081406,27.34165782864538,27.380800247192383,692000,0.0,0.0
2025-06-05 00:00:00-04:00,27.361228332716713,27.41015868943609,27.097011872441115,27.243799209594727,629600,0.0,0.0
2025-06-06 00:00:00-04:00,27.69395045008924,27.83095359802246,27.508020672862497,27.83095359802246,647000,0.0,0.0
2025-06-09 00:00:00-04:00,27.919025607536977,28.310459162530865,27.83095282435055,27.958168029785156,629700,0.0,0.0
2025-06-10 00:00:00-04:00,27.948379822114973,28.39852977583966,27.948379822114973,28.271312713623047,475900,0.0,0.0
2025-06-11 00:00:00-04:00,28.290886176326058,28.378958956891772,27.674378578868414,27.801593780517578,540200,0.0,0.0
2025-06-12 00:00:00-04:00,27.61566268858727,27.674379121116473,27.292729775686265,27.635234832763672,548900,0.0,0.0
2025-06-13 00:00:00-04:00,27.28294312917611,27.341659560469083,26.90129565828361,26.989368438720703,760800,0.0,0.0
2025-06-16 00:00:00-04:00,27.302513577034595,27.38080028072672,26.950224343671156,27.02851104736328,746200,0.0,0.0
2025-06-17 00:00:00-04:00,26.823009185218815,27.097013600817856,26.70558005460664,26.852367401123047,816400,0.0,0.0
2025-06-18 00:00:00-04:00,26.783865998623,27.194871677027777,26.7153634968036,26.979581832885742,716100,0.0,0.0
2025-06-20 00:00:00-04:00,27.087228013914853,27.263373579489826,26.793651449122425,27.038297653198242,1804400,0.0,0.0
2025-06-23 00:00:00-04:00,26.960011547688996,27.51780647336395,26.823010267612226,27.508020401000977,1237200,0.0,0.0
2025-06-24 00:00:00-04:00,27.733091354370117,27.99730967901956,27.537373662073737,27.733091354370117,1220300,0.0,0.0
2025-06-25 00:00:00-04:00,27.742880416234108,27.78202283901147,27.429733568005407,27.576520919799805,1289100,0.0,0.0
2025-06-26 00:00:00-04:00,27.713519819892298,28.13431156101038,27.55694640922077,28.02666664123535,1033200,0.0,0.0
2025-06-27 00:00:00-04:00,28.144097210255843,28.212597843084165,27.870092812440305,27.948379516601562,1880300,0.0,0.0
2025-06-30 00:00:00-04:00,28.124527415687098,28.19302805423449,27.830952717197587,27.850522994995117,949300,0.0,0.0
2025-07-01 00:00:00-04:00,27.674377400313073,28.98568111455613,27.674377400313073,28.73124885559082,1002900,0.0,0.0
2025-07-02 00:00:00-04:00,28.858464889567053,29.015038304782895,28.50617377208023,28.8878231048584,1440200,0.0,0.0
2025-07-03 00:00:00-04:00,28.985683916655713,29.416259904373316,28.985683916655713,29.171613693237305,661300,0.0,0.0
2025-07-07 00:00:00-04:00,29.269471311318206,29.279257383329465,28.594247274560445,28.76060676574707,902000,0.0,0.0
2025-07-08 00:00:00-04:00,28.770391762956987,29.298828432809355,28.760605691311312,29.093324661254883,1172300,0.0,0.0
2025-07-09 00:00:00-04:00,29.181398629748443,29.337972049460518,28.91718028404592,29.044397354125977,864200,0.0,0.0
2025-07-10 00:00:00-04:00,28.926968133005612,29.328187778976574,28.848681418340608,29.112899780273438,990000,0.0,0.0
2025-07-11 00:00:00-04:00,28.858465431364877,28.966110356285107,28.701892013209473,28.721464157104492,918900,0.0,0.0
2025-07-14 00:00:00-04:00,28.69210487195487,28.975895348349123,28.65296245212598,28.878036499023438,977200,0.0,0.0
2025-07-15 00:00:00-04:00,28.731249092817677,28.878036433220572,27.870093460516696,27.889665603637695,1187300,0.0,0.0
2025-07-16 00:00:00-04:00,28.046240089395322,28.104954654504,27.468874910736606,27.909238815307617,1593200,0.0,0.0
2025-07-17 00:00:00-04:00,28.467031666538478,29.024824697730153,27.76245129027042,28.506174087524414,2122200,0.0,0.0
2025-07-18 00:00:00-04:00,28.936752697820687,29.543476104736328,28.731250782471747,29.543476104736328,2042500,0.0,0.0
2025-07-21 00:00:00-04:00,29.51411706360963,29.76854933252896,29.171612014429666,29.210756301879883,1097800,0.0,0.0
2025-07-22 00:00:00-04:00,29.161826137783805,29.445616624190567,29.024824863795644,29.073753356933594,1101000,0.0,0.0
2025-07-23 00:00:00-04:00,29.19118556186576,29.220543778865164,28.750821639386917,28.84868049621582,736400,0.0,0.0
2025-07-24 00:00:00-04:00,28.731248311160147,28.80953501501199,28.183239517694997,28.193025588989258,1567200,0.0,0.0
2025-07-25 00:00:00-04:00,28.193025817617762,28.193025817617762,27.723305590697557,28.0560245513916,965400,0.0,0.0
2025-07-28 00:00:00-04:00,28.193025705599435,28.300670623779297,27.879878888896844,28.300670623779297,895200,0.0,0.0
2025-07-29 00:00:00-04:00,28.535532668922823,28.57467695691289,27.99731177457612,28.124526977539062,722500,0.0,0.0
2025-07-30 00:00:00-04:00,28.134310943725676,28.261526137166754,27.605874294426794,27.733091354370117,972600,0.0,0.0
2025-07-31 00:00:00-04:00,27.488447071045066,27.733093270063623,27.410160362019223,27.556947708129883,1003700,0.0,0.0
2025-08-01 00:00:00-04:00,27.14594292915306,27.312302424722766,26.62729229790574,27.008941650390625,1208100,0.0,0.0
2025-08-04 00:00:00-04:00,27.116584988305974,27.35144699214948,26.98936978051799,27.33187484741211,941700,0.0,0.0
2025-08-05 00:00:00-04:00,27.3808032215602,27.400375366210938,26.891510804306435,27.400375366210938,999700,0.0,0.0
2025-08-06 00:00:00-04:00,27.390589202521046,27.43951956398468,27.087228427456292,27.11658477783203,554200,0.0,0.0
2025-08-07 00:00:00-04:00,27.380802291753696,27.380802291753696,26.871937747129387,26.960010528564453,775700,0.0,0.0
2025-08-08 00:00:00-04:00,27.20465599542162,27.253586354067664,26.871937022637848,27.08722686767578,567700,0.0,0.0
2025-08-11 00:00:00-04:00,27.106800079345703,27.20465706748943,26.881724153708884,27.106800079345703,821500,0.0,0.0
2025-08-12 00:00:00-04:00,27.322089011885073,28.056027647376432,27.29273079452453,28.007099151611328,793200,0.0,0.0
2025-08-13 00:00:00-04:00,28.184480249494484,28.430848080557134,27.967675355191428,28.401283264160156,850500,0.2,0.0
2025-08-14 00:00:00-04:00,28.11549821358401,28.470266620438945,28.02680564196092,28.42099380493164,799900,0.0,0.0
2025-08-15 00:00:00-04:00,28.460412326852477,28.558959839739433,27.770583495918714,27.810001373291016,700900,0.0,0.0
2025-08-18 00:00:00-04:00,27.829711813029423,28.05636978149414,27.63261866291826,28.05636978149414,670500,0.0,0.0
2025-08-19 00:00:00-04:00,28.02680578520526,28.361866195352214,27.84942064105247,28.253463745117188,711400,0.0,0.0
2025-08-20 00:00:00-04:00,28.430849939243483,28.47026781737904,28.154917273744573,28.3421573638916,750700,0.0,0.0
2025-08-21 00:00:00-04:00,28.20419054500429,28.371720747794743,28.085933157301508,28.184480667114258,404400,0.0,0.0
2025-08-22 00:00:00-04:00,28.391430996448353,29.603562267839216,28.19433784083799,29.514869689941406,1321600,0.0,0.0
2025-08-25 00:00:00-04:00,29.44588327431624,29.603560420457423,29.278353068701335,29.2882080078125,586800,0.0,0.0
2025-08-26 00:00:00-04:00,29.12067863973394,29.702106906552906,29.12067863973394,29.48530387878418,864400,0.0,0.0
2025-08-27 00:00:00-04:00,29.27835245287337,29.830217753666208,29.27835245287337,29.613412857055664,1061100,0.0,0.0
2025-08-28 00:00:00-04:00,29.800653308830306,29.800653308830306,29.140387431130286,29.337482452392578,891300,0.0,0.0
2025-08-29 00:00:00-04:00,29.357193908024776,29.53457718112804,29.189663694840423,29.32762908935547,880700,0.0,0.0
2025-09-02 00:00:00-04:00,28.943294959725744,29.150243045169624,28.785617811282233,29.0714054107666,670900,0.0,0.0
2025-09-03 00:00:00-04:00,28.884164995085843,29.327627858323385,28.736344667219146,29.06155014038086,688300,0.0,0.0
2025-09-04 00:00:00-04:00,29.229080944970697,29.66268887794318,29.041840856699345,29.652833938598633,897800,0.0,0.0
2025-09-05 00:00:00-04:00,29.780942560227587,30.037165328523752,29.19951433210116,29.42617416381836,1085800,0.0,0.0
2025-09-08 00:00:00-04:00,29.426175837621408,29.426175837621408,28.963003088739672,29.18966293334961,857500,0.0,0.0
2025-09-09 00:00:00-04:00,29.169953276425844,29.317773607764384,28.736345342146965,28.795473098754883,671100,0.0,0.0
2025-09-10 00:00:00-04:00,28.943295289285498,29.15024337708577,28.63779780781249,29.081260681152344,934100,0.0,0.0
2025-09-11 00:00:00-04:00,29.04184079351668,29.091115490132196,28.726490253727306,28.963003158569336,937300,0.0,0.0
2025-09-12 00:00:00-04:00,28.913730826493826,29.564141795626607,28.756055553954816,29.436031341552734,1562000,0.0,0.0
2025-09-15 00:00:00-04:00,29.51486814535264,29.810508803115326,28.89402013255855,28.953147888183594,1340000,0.0,0.0
2025-09-16 00:00:00-04:00,28.88416510412107,28.913729921660995,28.361866485044608,28.549104690551758,830800,0.0,0.0
2025-09-17 00:00:00-04:00,28.598379240086654,29.445883329214976,28.598379240086654,28.71663475036621,1267100,0.0,0.0
2025-09-18 00:00:00-04:00,28.844748328915284,29.416321665725864,28.687073055287367,29.32762908935547,997000,0.0,0.0
2025-09-19 00:00:00-04:00,29.337483566550645,29.337483566550645,28.726490481143625,28.854602813720703,3427500,0.0,0.0
2025-09-22 00:00:00-04:00,28.726491117956655,28.923586151073312,28.361867750219645,28.52939796447754,990400,0.0,0.0
2025-09-23 00:00:00-04:00,28.608234086752628,28.982712374277487,28.28302861507876,28.312591552734375,1097800,0.0,0.0
2025-09-24 00:00:00-04:00,28.292882153735103,28.480122240487535,28.066224189561748,28.154916763305664,1084300,0.0,0.0
2025-09-25 00:00:00-04:00,28.105643946620145,28.214044519255786,27.938113738396908,28.154916763305664,1071800,0.0,0.0
2025-09-26 00:00:00-04:00,28.223898400926966,28.470266234397734,28.154915708297136,28.35201072692871,773700,0.0,0.0
2025-09-29 00:00:00-04:00,28.322446786564,28.322446786564,27.878985800377993,27.97753143310547,734100,0.0,0.0
2025-09-30 00:00:00-04:00,27.96767735808015,28.145062509890572,27.54392623720111,27.888839721679688,896500,0.0,0.0
2025-10-01 00:00:00-04:00,27.71145601893893,27.849421410586714,27.474941233774878,27.76072883605957,742900,0.0,0.0
2025-10-02 00:00:00-04:00,27.612907078124586,27.84941997142901,27.405957121709843,27.603052139282227,817400,0.0,0.0
2025-10-03 00:00:00-04:00,27.662182845722064,28.00709822347582,27.662182845722064,27.691747665405273,833700,0.0,0.0
2025-10-06 00:00:00-04:00,27.93811306600458,28.263318535359662,27.53406996406758,27.790292739868164,1390400,0.0,0.0
2025-10-07 00:00:00-04:00,27.721307843158108,27.977530615968476,27.396102377598293,27.49464988708496,929300,0.0,0.0
2025-10-08 00:00:00-04:00,27.62276364522999,27.75087409845752,27.27784828396549,27.652326583862305,1316600,0.0,0.0
2025-10-09 00:00:00-04:00,27.721308377097017,27.73116331619924,27.228572699810535,27.396102905273438,954200,0.0,0.0
2025-10-10 00:00:00-04:00,27.52421609240413,27.672036424272882,26.26281204253995,26.33179473876953,1078600,0.0,0.0
2025-10-13 00:00:00-04:00,26.538745443062183,26.883660813412718,26.420488046505195,26.75554847717285,971500,0.0,0.0
2025-10-14 00:00:00-04:00,26.686564738795514,27.98738665202896,26.64714686123805,27.928258895874023,1402600,0.0,0.0
2025-10-15 00:00:00-04:00,28.056368775291254,28.15491628663132,26.923077093974104,27.051189422607422,1621000,0.0,0.0
2025-10-16 00:00:00-04:00,26.72598396383491,27.55377817243378,25.858768119188568,26.134700775146484,1939300,0.0,0.0
2025-10-17 00:00:00-04:00,26.38107016741123,26.87380587372984,26.252957831171365,26.75554847717285,2202700,0.0,0.0
2025-10-20 00:00:00-04:00,26.94278750150453,27.070897953017347,26.716129536715524,26.9526424407959,1048100,0.0,0.0
2025-10-21 00:00:00-04:00,26.932932711898538,26.992060468337876,26.696419806503695,26.785112380981445,847100,0.0,0.0
2025-10-22 00:00:00-04:00,26.804823409350245,27.03148138512046,26.568308614173638,26.64714813232422,1068900,0.0,0.0
2025-10-23 00:00:00-04:00,26.82453059013335,26.932933044642642,26.42048747013737,26.794967651367188,1233300,0.0,0.0
2025-10-24 00:00:00-04:00,27.00191401109062,27.238426904252538,26.834383810146253,26.97235107421875,1217400,0.0,0.0
2025-10-27 00:00:00-04:00,27.01177019690662,27.179300405584904,26.854094927519707,26.9526424407959,773500,0.0,0.0
2025-10-28 00:00:00-04:00,26.873804570985946,26.98220514296764,26.6372916689748,26.716129302978516,668700,0.0,0.0
2025-10-29 00:00:00-04:00,26.459906019108313,26.96249663118332,26.09528079400539,26.243101119995117,1269500,0.0,0.0
2025-10-30 00:00:00-04:00,26.026299135622445,26.686565038964538,26.026299135622445,26.33179473876953,1094900,0.0,0.0
2025-10-31 00:00:00-04:00,26.105136443011567,26.450051799459967,25.91789635585887,26.32193946838379,1342400,0.0,0.0
2025-11-03 00:00:00-05:00,26.3022327589657,26.676711071993118,25.996735265044904,26.64714813232422,1082800,0.0,0.0
2025-11-04 00:00:00-05:00,26.361359863314682,26.706275228107987,26.31208704533172,26.627437591552734,1071900,0.0,0.0
2025-11-05 00:00:00-05:00,26.597873481924484,27.090609193437654,26.548600662628196,26.706275939941406,857100,0.0,0.0
2025-11-06 00:00:00-05:00,26.597871252238072,26.844239087341766,26.5485984370723,26.69641876220703,802000,0.0,0.0
2025-11-07 00:00:00-05:00,26.706273144555116,27.080751419067383,26.558452822501255,27.080751419067383,730800,0.0,0.0
2025-11-10 00:00:00-05:00,27.1103185257052,27.258138860247424,26.873805614510136,27.149736404418945,667700,0.0,0.0
2025-11-11 00:00:00-05:00,27.248283003382532,27.258137942638598,26.9033676479701,27.17930030822754,738800,0.0,0.0
2025-11-12 00:00:00-05:00,27.26867238908671,27.526861074405176,27.129648440861086,27.169370651245117,738600,0.21,0.0
2025-11-13 00:00:00-05:00,26.990623357164093,27.387835973997802,26.801946653895897,26.970762252807617,784800,0.0,0.0
2025-11-14 00:00:00-05:00,26.901250076390994,27.14950819677551,26.573549433245798,27.099857330322266,802800,0.0,0.0
2025-11-17 00:00:00-05:00,27.089928423669587,27.089928423669587,26.017453354228405,26.047243118286133,928200,0.0,0.0
2025-11-18 00:00:00-05:00,25.99759170686383,26.55368938837354,25.98766115436518,26.45438575744629,920000,0.0,0.0
2025-11-19 00:00:00-05:00,26.494107661782106,26.950901707094598,26.494107661782106,26.9012508392334,1100100,0.0,0.0
2025-11-20 00:00:00-05:00,27.06013587875101,27.308394006079,26.65299270145784,26.73243522644043,834800,0.0,0.0
2025-11-21 00:00:00-05:00,26.891320980327496,27.89428406827379,26.85160066382606,27.695676803588867,1408100,0.0,0.0
2025-11-24 00:00:00-05:00,27.55665139484135,27.715536440548135,27.40769690124863,27.60630226135254,1238700,0.0,0.0
2025-11-25 00:00:00-05:00,27.74532958458246,28.361008696193906,27.72546847928938,28.202123641967773,895500,0.0,0.0
2025-11-26 00:00:00-05:00,28.05316790096082,28.212052948167194,27.973725377357635,27.98365592956543,758400,0.0,0.0
2025-11-28 00:00:00-05:00,28.04323857582509,28.122681102904398,27.834702652514125,27.864492416381836,452000,0.0,0.0
2025-12-01 00:00:00-05:00,27.596374526404873,28.212053625598536,27.596374526404873,28.102819442749023,828000,0.0,0.0
2025-12-02 00:00:00-05:00,28.251775816406315,28.281565579665838,27.735398453903567,27.765188217163086,949900,0.0,0.0
2025-12-03 00:00:00-05:00,27.804911335763336,28.34114982067294,27.60630406859846,28.26170539855957,1202900,0.0,0.0
2025-12-04 00:00:00-05:00,28.212052974821596,28.450380545856323,28.162402107794883,28.321287155151367,1011300,0.0,0.0
2025-12-05 00:00:00-05:00,28.162402314825364,28.39079933532193,28.09289034285329,28.19219207763672,666600,0.0,0.0
2025-12-08 00:00:00-05:00,28.231915299907392,28.63905848811926,28.162403325440867,28.202123641967773,1150800,0.0,0.0
2025-12-09 00:00:00-05:00,28.43051926672304,28.53975344638159,27.556651511632083,27.626163482666016,1600400,0.0,0.0
2025-12-10 00:00:00-05:00,27.735399151061618,28.44045134546092,27.646026070918147,28.39080047607422,3149400,0.0,0.0
2025-12-11 00:00:00-05:00,28.509962538002263,28.768151218659593,28.34114882909549,28.420591354370117,1561400,0.0,0.0
2025-12-12 00:00:00-05:00,28.51989275092414,28.609265827551614,28.331217939429855,28.529823303222656,1397200,0.0,0.0
2025-12-15 00:00:00-05:00,28.797942650836447,28.84759351847283,28.430519790525935,28.549684524536133,1141300,0.0,0.0
2025-12-16 00:00:00-05:00,28.748292464458768,28.748292464458768,28.370939042866862,28.50003433227539,1586600,0.0,0.0
2025-12-17 00:00:00-05:00,28.450380674849058,28.867454399565617,28.321287283558796,28.67877769470215,1474800,0.0,0.0
2025-12-18 00:00:00-05:00,28.82773499099508,28.897246964956945,28.410661253164637,28.50003433227539,1217100,0.0,0.0
2025-12-19 00:00:00-05:00,28.470242212491573,28.529823632912017,28.073029586256617,28.25177574157715,4088700,0.0,0.0
2025-12-22 00:00:00-05:00,28.25177575140414,28.529823642835723,28.25177575140414,28.420591354370117,857500,0.0,0.0
2025-12-23 00:00:00-05:00,28.42059133447984,28.589406937327674,28.0730295763744,28.08296012878418,1051200,0.0,0.0
2025-12-24 00:00:00-05:00,28.122680222027967,28.281565271209885,28.003517382171125,28.212053298950195,419100,0.0,0.0
2025-12-26 00:00:00-05:00,28.212053975477236,28.321288159681444,28.092891132762862,28.162403106689453,996900,0.0,0.0
2025-12-29 00:00:00-05:00,28.281564682941983,28.41065996650405,27.80490954531085,27.943933486938477,1154700,0.0,0.0
2025-12-30 00:00:00-05:00,27.943933589759407,27.943933589759407,27.685744915744404,27.794979095458984,968900,0.0,0.0
2025-12-31 00:00:00-05:00,27.854562203108596,27.854562203108596,27.497071773925814,27.586444854736328,951500,0.0,0.0
2026-01-02 00:00:00-05:00,27.566583522794666,27.87442307969177,27.21902175517058,27.715538024902344,1442100,0.0,0.0
2026-01-05 00:00:00-05:00,27.56658264287725,28.380868996196075,27.427558697888923,27.894283294677734,1119900,0.0,0.0
2026-01-06 00:00:00-05:00,27.775118147561678,28.331217707368545,27.636094204639544,28.321287155151367,1150600,0.0,0.0
2026-01-07 00:00:00-05:00,28.29149536766665,28.390798995320015,27.904213303283587,28.132610321044922,910300,0.0,0.0
2026-01-08 00:00:00-05:00,28.023376614918156,28.797942650836447,28.023376614918156,28.549684524536133,1023000,0.0,0.0
2026-01-09 00:00:00-05:00,28.529823632912017,28.648988367812105,28.21205353192405,28.25177574157715,1097200,0.0,0.0
2026-01-12 00:00:00-05:00,27.90421397352657,28.271634942392364,27.804910343487986,28.08296012878418,1632700,0.0,0.0
2026-01-13 00:00:00-05:00,28.03330802318277,28.192193077341386,27.794980441944848,27.864492416381836,953800,0.0,0.0
2026-01-14 00:00:00-05:00,27.7552603697006,28.59933651707449,27.69567705332231,28.410661697387695,2130700,0.0,0.0
2026-01-15 00:00:00-05:00,28.043238391137137,29.31432071009418,27.854561680294157,28.66884994506836,1941800,0.0,0.0
2026-01-16 00:00:00-05:00,28.77808167411646,29.016409249137354,28.549684651478838,28.738361358642578,1788300,0.0,0.0
2026-01-20 00:00:00-05:00,28.291495381661726,28.738360759293357,28.26170372513323,28.30142593383789,1129000,0.0,0.0
2026-01-21 00:00:00-05:00,28.420592159394385,29.393763595088792,28.361008843206292,29.234878540039062,1430800,0.0,0.0
2026-01-22 00:00:00-05:00,29.294459275764364,29.582439615081316,29.02634004137807,29.115713119506836,1185700,0.0,0.0
2026-01-23 00:00:00-05:00,28.93696622655528,29.006478197983707,28.092890123142485,28.1524715423584,1197100,0.0,0.0
2026-01-26 00:00:00-05:00,28.132610567162466,28.410660348212577,27.943933862376348,28.341148376464844,1227400,0.0,0.0
2026-01-27 00:00:00-05:00,28.3808691447032,28.54968474766918,28.261704409761663,28.420591354370117,845300,0.0,0.0
2026-01-28 00:00:00-05:00,28.351076668672405,28.480171952302392,28.043237128881056,28.112749099731445,1141400,0.0,0.0
2026-01-29 00:00:00-05:00,28.22198399906771,28.75822056934992,28.22198399906771,28.738361358642578,1605800,0.0,0.0
2026-01-30 00:00:00-05:00,28.589406628805246,28.8178036495878,28.361007713963506,28.698638916015625,3659100,0.0,0.0
2026-02-02 00:00:00-05:00,28.599336077935295,29.215017079309085,28.549685209108365,29.006479263305664,1218600,0.0,0.0
2026-02-03 00:00:00-05:00,28.93696685706971,29.5327867443888,28.817804016041418,29.264667510986328,1354100,0.0,0.0
2026-02-04 00:00:00-05:00,29.493066341897556,30.078955675062748,29.38383215956056,29.751253128051758,1168800,0.0,0.0
2026-02-05 00:00:00-05:00,29.79097602162203,30.049164707763197,29.552648440736164,29.870418548583984,1097400,0.0,0.0
2026-02-06 00:00:00-05:00,30.088885042761262,30.61519296799566,30.00944251575034,30.37686538696289,1445500,0.0,0.0
2026-02-09 00:00:00-05:00,30.24776918285626,30.42651533674489,30.049163818359375,30.049163818359375,1084600,0.0,0.0
2026-02-10 00:00:00-05:00,29.94986141065331,30.19811954694457,29.72146437983957,29.93000030517578,943100,0.0,0.0
2026-02-11 00:00:00-05:00,30.209999084472656,30.520000457763672,29.610000610351562,29.709999084472656,1008900,0.21,0.0
2026-02-12 00:00:00-05:00,29.959999084472656,30.030000686645508,29.020000457763672,29.469999313354492,1570000,0.0,0.0
2026-02-13 00:00:00-05:00,29.40999984741211,29.579999923706055,29.06999969482422,29.350000381469727,907100,0.0,0.0
2026-02-17 00:00:00-05:00,29.489999771118164,29.81999969482422,29.280000686645508,29.440000534057617,1072900,0.0,0.0
2026-02-18 00:00:00-05:00,29.479999542236328,29.920000076293945,29.1299991607666,29.15999984741211,1220400,0.0,0.0
2026-02-19 00:00:00-05:00,29.0,29.200000762939453,28.81999969482422,29.190000534057617,917500,0.0,0.0
2026-02-20 00:00:00-05:00,29.209999084472656,29.43000030517578,28.8700008392334,29.399999618530273,1453200,0.0,0.0
2026-02-23 00:00:00-05:00,29.360000610351562,29.5,28.040000915527344,28.290000915527344,1478000,0.0,0.0
2026-02-24 00:00:00-05:00,28.18000030517578,28.510000228881836,28.049999237060547,28.280000686645508,1332300,0.0,0.0
2026-02-25 00:00:00-05:00,28.440000534057617,28.75,28.34000015258789,28.649999618530273,1160000,0.0,0.0
2026-02-26 00:00:00-05:00,28.700000762939453,29.239999771118164,28.639999389648438,28.8700008392334,1139300,0.0,0.0
2026-02-27 00:00:00-05:00,28.360000610351562,28.360000610351562,27.15999984741211,27.459999084472656,2406900,0.0,0.0
2026-03-02 00:00:00-05:00,27.040000915527344,28.299999237060547,26.829999923706055,27.969999313354492,2433500,0.0,0.0
2026-03-03 00:00:00-05:00,27.309999465942383,28.06999969482422,27.110000610351562,27.84000015258789,1489400,0.0,0.0
2026-03-04 00:00:00-05:00,27.889999389648438,28.1299991607666,27.709999084472656,28.020000457763672,1546000,0.0,0.0
2026-03-05 00:00:00-05:00,27.719999313354492,27.959999084472656,27.440000534057617,27.579999923706055,1525600,0.0,0.0
2026-03-06 00:00:00-05:00,26.899999618530273,27.020000457763672,26.3799991607666,26.959999084472656,1438400,0.0,0.0
2026-03-09 00:00:00-04:00,26.670000076293945,27.100000381469727,26.0,26.950000762939453,2128600,0.0,0.0
2026-03-10 00:00:00-04:00,26.829999923706055,27.309999465942383,26.510000228881836,26.700000762939453,1521500,0.0,0.0
2026-03-11 00:00:00-04:00,26.540000915527344,26.790000915527344,26.139999389648438,26.31999969482422,1158500,0.0,0.0
2026-03-12 00:00:00-04:00,25.760000228881836,26.350000381469727,25.709999084472656,26.329999923706055,1511400,0.0,0.0
2026-03-13 00:00:00-04:00,26.520000457763672,26.600000381469727,26.020000457763672,26.309999465942383,1507600,0.0,0.0
2026-03-16 00:00:00-04:00,26.59000015258789,26.760000228881836,26.34000015258789,26.3700008392334,1036800,0.0,0.0
2026-03-17 00:00:00-04:00,26.65999984741211,26.719999313354492,26.15999984741211,26.420000076293945,1221500,0.0,0.0
2026-03-18 00:00:00-04:00,26.309999465942383,26.3700008392334,25.93000030517578,26.020000457763672,1350900,0.0,0.0
2026-03-19 00:00:00-04:00,25.920000076293945,26.280000686645508,25.68000030517578,26.1200008392334,1463000,0.0,0.0
2026-03-20 00:00:00-04:00,26.15999984741211,26.280000686645508,25.90999984741211,26.1200008392334,3234600,0.0,0.0
2026-03-23 00:00:00-04:00,26.809999465942383,27.100000381469727,26.489999771118164,26.510000228881836,1838400,0.0,0.0
2026-03-24 00:00:00-04:00,26.25,26.920000076293945,26.25,26.600000381469727,1078000,0.0,0.0
2026-03-25 00:00:00-04:00,26.780000686645508,26.920000076293945,26.34000015258789,26.6200008392334,1101400,0.0,0.0
2026-03-26 00:00:00-04:00,26.459999084472656,26.799999237060547,26.350000381469727,26.729999542236328,1175000,0.0,0.0
2026-03-27 00:00:00-04:00,26.649999618530273,26.719999313354492,26.329999923706055,26.43000030517578,1445500,0.0,0.0
2026-03-30 00:00:00-04:00,26.649999618530273,26.729999542236328,26.329999923706055,26.469999313354492,1220500,0.0,0.0
2026-03-31 00:00:00-04:00,26.950000762939453,27.059999465942383,26.559999465942383,26.93000030517578,994131,0.0,0.0
