Date,Open,High,Low,Close,Volume,Dividends,Stock Splits
2022-01-03 00:00:00-05:00,98.94874381184327,100.8616553661796,98.83919633164156,100.49929809570312,10717700,0.0,0.0
2022-01-04 00:00:00-05:00,101.0807491721624,102.79141673227379,100.83637452136645,102.32793426513672,16413100,0.0,0.0
2022-01-05 00:00:00-05:00,103.01052621983361,104.35883027456555,102.8672703204104,102.9936752319336,15487100,0.0,0.0
2022-01-06 00:00:00-05:00,104.17344061815214,104.76332161556711,102.50490997954586,103.87007141113281,13318500,0.0,0.0
2022-01-07 00:00:00-05:00,104.11445447446654,105.79140742366981,103.60883483378787,105.36163330078125,14164600,0.0,0.0
2022-01-10 00:00:00-05:00,105.46274740257309,105.91780117370422,104.37567557640762,105.42903900146484,12626100,0.0,0.0
2022-01-11 00:00:00-05:00,106.06106375752842,107.86442154082647,105.19309326911737,107.83914184570312,14609000,0.0,0.0
2022-01-12 00:00:00-05:00,107.85600786295863,108.22678749180517,106.57512050752062,107.29983520507812,12469200,0.0,0.0
2022-01-13 00:00:00-05:00,107.13972992375676,107.94871891654023,106.55827109432548,106.85321807861328,9691300,0.0,0.0
2022-01-14 00:00:00-05:00,106.81949993560679,108.87566135302657,106.81949993560679,108.67342376708984,13281000,0.0,0.0
2022-01-18 00:00:00-05:00,109.28859114541838,109.5498232820477,107.75489387663858,109.02735900878906,12905500,0.0,0.0
2022-01-19 00:00:00-05:00,109.5076641143908,109.67619969843342,108.31946703046296,108.63127136230469,12064300,0.0,0.0
2022-01-20 00:00:00-05:00,108.09195890404928,110.27452511900198,107.76330355774449,108.24363708496094,11370400,0.0,0.0
2022-01-21 00:00:00-05:00,107.66217822693442,108.20149339446826,106.37286233378025,106.94589233398438,13055700,0.0,0.0
2022-01-24 00:00:00-05:00,104.87287489182526,107.63690631149768,103.5161420937089,107.17342376708984,19513700,0.0,0.0
2022-01-25 00:00:00-05:00,107.12286988977041,111.85879507852633,105.56388657604865,111.73238372802734,19984500,0.0,0.0
2022-01-26 00:00:00-05:00,111.99361590899059,113.51889724510721,110.889692882981,111.81665802001953,17266500,0.0,0.0
2022-01-27 00:00:00-05:00,113.29979151017345,115.44865592573522,112.57507680535302,114.07506561279297,20654100,0.0,0.0
2022-01-28 00:00:00-05:00,109.54979329195083,111.28573411291906,107.92340637897533,110.06383514404297,24817800,0.0,0.0
2022-01-31 00:00:00-05:00,109.70991105998942,111.11720307281347,108.98519649893339,110.67057800292969,16401800,0.0,0.0
2022-02-01 00:00:00-05:00,110.2492400502711,114.38685500720305,109.97957281942296,113.58628845214844,16169700,0.0,0.0
2022-02-02 00:00:00-05:00,113.2155144551703,114.437413547063,111.90934113965413,114.1087646484375,10906700,0.0,0.0
2022-02-03 00:00:00-05:00,113.6368527718567,114.05819814682326,112.23798304094204,113.08909606933594,9447700,0.0,0.0
2022-02-04 00:00:00-05:00,113.77168725146173,115.44864667527304,113.77168725146173,114.50483703613281,13034700,0.0,0.0
2022-02-07 00:00:00-05:00,114.04978589885731,117.49638867176533,113.6200181591788,116.75482940673828,18422500,0.0,0.0
2022-02-08 00:00:00-05:00,116.44301950574699,116.6536922255288,113.7716909619268,114.97674560546875,11021600,0.0,0.0
2022-02-09 00:00:00-05:00,115.2126996861256,116.57785481531712,114.69023544822615,116.11437225341797,10140800,0.0,0.0
2022-02-10 00:00:00-05:00,115.92051888383588,116.95702473940263,114.09188179321681,114.6396255493164,11012700,0.0,0.0
2022-02-11 00:00:00-05:00,115.33068555494211,117.50482977956253,114.84192325404818,116.97393035888672,12821200,0.0,0.0
2022-02-14 00:00:00-05:00,116.240799178646,116.33349570344733,113.80542269080499,115.17057800292969,15945000,0.0,0.0
2022-02-15 00:00:00-05:00,113.32272849109079,114.82143135327723,112.55633615761286,114.3275375366211,11746800,1.42,0.0
2022-02-16 00:00:00-05:00,114.91508984593861,115.9454568958287,113.9017572000436,114.3615951538086,11348800,0.0,0.0
2022-02-17 00:00:00-05:00,114.25089962239781,114.60003346665329,112.78625261115235,113.77404022216797,10073900,0.0,0.0
2022-02-18 00:00:00-05:00,113.10130565965511,114.02947914393103,112.44561763242697,113.61222076416016,10691800,0.0,0.0
2022-02-22 00:00:00-05:00,116.66075693969528,116.66075693969528,111.14279192844931,112.7436752319336,19428700,0.0,0.0
2022-02-23 00:00:00-05:00,113.19497860679677,115.8773320152714,112.87991359752675,115.42601776123047,16134200,0.0,0.0
2022-02-24 00:00:00-05:00,117.45265942708338,117.7081234895518,112.16461440316408,114.8299331665039,22108900,0.0,0.0
2022-02-25 00:00:00-05:00,115.7751504158218,119.64112849491258,115.32382317286985,119.53894805908203,28028000,0.0,0.0
2022-02-28 00:00:00-05:00,118.5937556636628,122.62152862548828,118.0657930243162,122.62152862548828,24394300,0.0,0.0
2022-03-01 00:00:00-05:00,123.48156603031637,127.6966910723671,123.21759123236598,127.49231719970703,31159900,0.0,0.0
2022-03-02 00:00:00-05:00,127.90105564694248,132.62709601702443,127.77333009374183,131.25611877441406,31329500,0.0,0.0
2022-03-03 00:00:00-05:00,129.655230745489,133.79370784578904,129.22095084368738,133.02732849121094,22492900,0.0,0.0
2022-03-04 00:00:00-05:00,132.66115735178533,136.2035601002693,132.06508308964726,135.0965576171875,29034400,0.0,0.0
2022-03-07 00:00:00-05:00,136.16096965697722,138.03436432114765,132.60154578194008,137.98326110839844,34824700,0.0,0.0
2022-03-08 00:00:00-05:00,139.91626016642192,148.167668618434,139.7374443944178,145.21282958984375,57231000,0.0,0.0
2022-03-09 00:00:00-05:00,138.60489722538918,144.56566551875144,137.276499513248,141.5852813720703,43430000,0.0,0.0
2022-03-10 00:00:00-05:00,143.6885766186911,148.81482780083718,143.30537399107249,145.45977783203125,34913600,0.0,0.0
2022-03-11 00:00:00-05:00,141.26169077914508,147.29909432362223,141.25318007362128,145.52789306640625,28423600,0.0,0.0
2022-03-14 00:00:00-04:00,141.53416503490573,143.35645620002504,139.90772401083646,141.96844482421875,25156200,0.0,0.0
2022-03-15 00:00:00-04:00,135.48824187969413,136.40790468376133,132.20981465205017,134.78146362304688,28534400,0.0,0.0
2022-03-16 00:00:00-04:00,135.21574663422993,136.67188269028762,133.01878948689532,134.2960968017578,22299700,0.0,0.0
2022-03-17 00:00:00-04:00,136.2035301856431,137.08913717497884,134.47490870838075,136.62078857421875,15750700,0.0,0.0
2022-03-18 00:00:00-04:00,137.00401019170033,137.71929931640625,135.20726368028417,137.71929931640625,23214700,0.0,0.0
2022-03-21 00:00:00-04:00,138.8177777326439,140.99771370842163,138.5623136431667,140.197265625,13180600,0.0,0.0
2022-03-22 00:00:00-04:00,139.38830224107028,140.72521057553334,138.44309423657506,139.72891235351562,11063900,0.0,0.0
2022-03-23 00:00:00-04:00,141.35535986353383,142.50494178269298,140.452731331308,141.23614501953125,10755000,0.0,0.0
2022-03-24 00:00:00-04:00,141.72148518909464,142.5474782172929,140.5037918961793,141.6107940673828,9024800,0.0,0.0
2022-03-25 00:00:00-04:00,140.69119138185442,144.49756949934994,140.64010115103375,144.17398071289062,10254700,0.0,0.0
2022-03-28 00:00:00-04:00,141.27020920717547,141.89184156736988,140.61453402302493,141.65341186523438,9992000,0.0,0.0
2022-03-29 00:00:00-04:00,139.2350324432258,140.06102569117326,136.6719066595251,139.92478942871094,15102600,0.0,0.0
2022-03-30 00:00:00-04:00,140.70820624377754,141.65341436299735,139.36277404746363,140.91256713867188,9906000,0.0,0.0
2022-03-31 00:00:00-04:00,139.2009593041623,141.49159928445286,138.5623056141977,138.65597534179688,10395900,0.0,0.0
2022-04-01 00:00:00-04:00,138.61338256305953,141.3127570083928,138.2301929844463,139.839599609375,8795300,0.0,0.0
2022-04-04 00:00:00-04:00,140.50380416095132,140.88699375542916,138.80072774687918,139.9673309326172,8718600,0.0,0.0
2022-04-05 00:00:00-04:00,140.52939806257595,142.82003871381434,138.885934989202,139.10733032226562,9538200,0.0,0.0
2022-04-06 00:00:00-04:00,140.35906016107444,142.21540742632718,139.93329100921537,140.34202575683594,9269000,0.0,0.0
2022-04-07 00:00:00-04:00,140.58897664545364,142.80296839975117,139.158385564013,142.29205322265625,8018400,0.0,0.0
2022-04-08 00:00:00-04:00,142.24943770559557,145.69816950023073,142.22389260287858,144.7018585205078,10801200,0.0,0.0
2022-04-11 00:00:00-04:00,143.54378996314452,143.72260569555303,140.42715726390225,140.98065185546875,10206100,0.0,0.0
2022-04-12 00:00:00-04:00,143.8844317329627,147.043631640589,143.18616407000653,143.91848754882812,9528400,0.0,0.0
2022-04-13 00:00:00-04:00,145.55342027817179,146.5326970176189,143.30535991918913,146.18356323242188,7330700,0.0,0.0
2022-04-14 00:00:00-04:00,145.34906875574322,147.26502985494517,145.23836462322097,146.11544799804688,9421100,0.0,0.0
2022-04-18 00:00:00-04:00,147.3161516858246,148.62751518024712,146.3539090804944,148.0740203857422,7639000,0.0,0.0
2022-04-19 00:00:00-04:00,147.38424706880193,147.90368593936498,145.63859099602817,146.31982421875,6970200,0.0,0.0
2022-04-20 00:00:00-04:00,146.1409602704505,147.8099806145281,146.00472405346773,146.91586303710938,7495000,0.0,0.0
2022-04-21 00:00:00-04:00,146.24318080687814,146.8392549712645,139.50751026570669,140.1461639404297,14594800,0.0,0.0
2022-04-22 00:00:00-04:00,139.97586729959693,140.90404091084847,136.97844890137225,137.05508422851562,12160100,0.0,0.0
2022-04-25 00:00:00-04:00,132.6100791782342,134.8496294596013,128.88886030969573,134.10879516601562,15449800,0.0,0.0
2022-04-26 00:00:00-04:00,135.24130480241092,136.56117863367814,133.1720601947047,133.29127502441406,9810600,0.0,0.0
2022-04-27 00:00:00-04:00,133.75966174060204,134.4749509226103,131.57972538013166,133.04437255859375,10396600,0.0,0.0
2022-04-28 00:00:00-04:00,134.07471237298586,138.8007528763606,131.92883206458572,137.7703857421875,9366400,0.0,0.0
2022-04-29 00:00:00-04:00,137.33609938199902,138.3238869528617,133.08691848224151,133.41050720214844,14713200,0.0,0.0
2022-05-02 00:00:00-04:00,133.10394002227855,136.24611820226917,132.11615254688596,136.03323364257812,11559000,0.0,0.0
2022-05-03 00:00:00-04:00,135.87997992908274,139.16690546660672,135.61599212767752,138.36647033691406,8827200,0.0,0.0
2022-05-04 00:00:00-04:00,140.47826353508458,142.96475361972904,139.2009561837879,142.70928955078125,9183200,0.0,0.0
2022-05-05 00:00:00-04:00,144.13138211835832,144.33575600804514,138.50271288349853,141.57676696777344,9807600,0.0,0.0
2022-05-06 00:00:00-04:00,143.28835417909175,145.58750500323842,140.86146481316598,145.3490753173828,10418100,0.0,0.0
2022-05-09 00:00:00-04:00,142.8455428478295,142.8455428478295,134.9517795542296,135.6074676513672,14110700,0.0,0.0
2022-05-10 00:00:00-04:00,138.12806138692656,139.81410392486814,134.432374540038,136.9103546142578,11636000,0.0,0.0
2022-05-11 00:00:00-04:00,139.29465629591888,142.59862952325778,138.3835039497103,138.93701171875,9105500,0.0,0.0
2022-05-12 00:00:00-04:00,138.9881151871824,140.37612710185988,135.27540680269755,140.2569122314453,8936400,0.0,0.0
2022-05-13 00:00:00-04:00,141.7811352659376,143.73115237019758,140.40164729692788,142.94773864746094,9229900,0.0,0.0
2022-05-16 00:00:00-04:00,143.9099520628294,148.99363602428753,143.79073723766297,147.32461547851562,13296300,0.0,0.0
2022-05-17 00:00:00-04:00,148.882981379036,149.57272545338455,146.9840542494741,148.1932373046875,12827600,0.0,0.0
2022-05-18 00:00:00-04:00,149.48962262399314,149.49821644508089,142.33795213753666,144.28684997558594,13107500,1.42,0.0
2022-05-19 00:00:00-04:00,141.3420431544185,145.64334205975877,139.79666198771844,143.256591796875,10958700,0.0,0.0
2022-05-20 00:00:00-04:00,144.9908494209675,146.84529366707093,140.87841818232653,144.08079528808594,9615000,0.0,0.0
2022-05-23 00:00:00-04:00,145.46303549081534,148.4937064434357,145.18830835168686,147.42910766601562,10216400,0.0,0.0
2022-05-24 00:00:00-04:00,146.54482134295168,149.02601202887163,145.78929872013754,148.21897888183594,9782700,0.0,0.0
2022-05-25 00:00:00-04:00,148.64823979255794,151.09509431594412,148.50228895121128,150.59713745117188,10174500,0.0,0.0
2022-05-26 00:00:00-04:00,151.52435248172182,152.76064416191272,150.25369862377352,151.61019897460938,11213900,0.0,0.0
2022-05-27 00:00:00-04:00,151.55012515469116,153.12126156879174,150.8375323701317,153.0611572265625,10512300,0.0,0.0
2022-05-31 00:00:00-04:00,154.5034998957251,155.36204342835222,148.93154765285456,149.95321655273438,20547600,0.0,0.0
2022-06-01 00:00:00-04:00,151.73041089809487,152.93237983107795,150.19362357632932,151.37841796875,8824100,0.0,0.0
2022-06-02 00:00:00-04:00,150.02192318112859,151.54153602016396,149.47245576524503,151.1036834716797,7441900,0.0,0.0
2022-06-03 00:00:00-04:00,151.10371113326232,153.03543471309098,151.10371113326232,152.47738647460938,8435300,0.0,0.0
2022-06-06 00:00:00-04:00,152.73490377621954,152.8207633778021,150.6829850616209,151.81626892089844,6734200,0.0,0.0
2022-06-07 00:00:00-04:00,152.36575872354948,155.10451535267907,151.8935570460551,154.70957946777344,9668300,0.0,0.0
2022-06-08 00:00:00-04:00,155.3534509560816,156.59833646912,154.75247309809768,155.50799560546875,8715200,0.0,0.0
2022-06-09 00:00:00-04:00,154.56361604559842,155.08732820893374,152.29706127812065,152.40867614746094,9764600,0.0,0.0
2022-06-10 00:00:00-04:00,151.42133511813603,153.3101415755129,149.08609540750288,150.5885467529297,9529700,0.0,0.0
2022-06-13 00:00:00-04:00,147.33466059717134,147.66949206097058,140.8526541104745,143.66009521484375,14614900,0.0,0.0
2022-06-14 00:00:00-04:00,145.41151089041568,147.91845638126134,142.38085333159762,143.84896850585938,10269300,0.0,0.0
2022-06-15 00:00:00-04:00,143.1879018456531,144.10654979406277,139.03255392842294,141.0243682861328,11565300,0.0,0.0
2022-06-16 00:00:00-04:00,137.31546895975916,137.83058727261133,132.00108184503378,133.48635864257812,18125900,0.0,0.0
2022-06-17 00:00:00-04:00,132.97126644911742,133.47780414137162,125.16709343813248,127.39073181152344,35575100,0.0,0.0
2022-06-21 00:00:00-04:00,130.54156441772028,133.9499837514209,130.0178522679484,132.72225952148438,13772000,0.0,0.0
2022-06-22 00:00:00-04:00,127.12458483826896,129.4684057088504,125.63071393266112,126.95286560058594,13735800,0.0,0.0
2022-06-23 00:00:00-04:00,127.7426860050839,128.12044725416158,120.32487043335055,122.2823486328125,15713700,0.0,0.0
2022-06-24 00:00:00-04:00,124.66052640256622,126.28317326045898,122.42832093316115,124.2913589477539,11108300,0.0,0.0
2022-06-27 00:00:00-04:00,125.22717424216977,127.76846914799971,125.00395761476464,126.6952896118164,9242400,0.0,0.0
2022-06-28 00:00:00-04:00,129.53705930489048,130.66174929657373,127.15888992455896,128.7300262451172,9183300,0.0,0.0
2022-06-29 00:00:00-04:00,130.18098734483883,130.59308465882776,125.42464784043692,126.18875122070312,9082900,0.0,0.0
2022-06-30 00:00:00-04:00,124.1024654211033,126.99575282110632,123.12372635609431,124.2999267578125,10685000,0.0,0.0
2022-07-01 00:00:00-04:00,125.86248853081673,126.17156473003234,122.31669950930632,125.78520965576172,7684600,0.0,0.0
2022-07-05 00:00:00-04:00,123.32978530662568,124.0938886015236,119.68956875580231,122.4798355102539,11513100,0.0,0.0
2022-07-06 00:00:00-04:00,121.62126797067414,122.99492962708113,117.44874628996698,120.8657455444336,12421200,0.0,0.0
2022-07-07 00:00:00-04:00,123.71614996238752,124.74639976193639,122.84043173761934,123.21819305419922,12741800,0.0,0.0
2022-07-08 00:00:00-04:00,124.38579965679398,124.87516269149187,121.13191211070018,122.57427215576172,7915500,0.0,0.0
2022-07-11 00:00:00-04:00,121.83594855878306,122.642981792106,120.1360224756967,121.49252319335938,7056800,0.0,0.0
2022-07-12 00:00:00-04:00,118.90828838276934,119.86985302090527,117.84368960459338,119.26887512207031,8653900,0.0,0.0
2022-07-13 00:00:00-04:00,118.14420055280826,120.82285273806995,117.74068396075442,118.47045135498047,9414600,0.0,0.0
2022-07-14 00:00:00-04:00,115.31098090769412,116.89929169884385,113.79135517187174,116.71041107177734,10150200,0.0,0.0
2022-07-15 00:00:00-04:00,119.30323871648311,119.30323871648311,117.13111109588405,118.17853546142578,7051900,0.0,0.0
2022-07-18 00:00:00-04:00,120.67686389870045,122.03336410670879,119.40622327487405,119.83549499511719,7943900,0.0,0.0
2022-07-19 00:00:00-04:00,119.92995871913948,124.49740390234616,119.69814827684377,124.15399169921875,9152100,0.0,0.0
2022-07-20 00:00:00-04:00,124.05953124943048,126.42910650734792,123.0464562443427,125.79379272460938,7856600,0.0,0.0
2022-07-21 00:00:00-04:00,122.87477385546791,124.89235685141487,121.48393721165452,124.8322525024414,6724200,0.0,0.0
2022-07-22 00:00:00-04:00,124.96960416391228,125.60493114323988,123.13232138621969,123.79340362548828,5889500,0.0,0.0
2022-07-25 00:00:00-04:00,125.08979713401237,127.5881620988504,123.78480722277364,127.47654724121094,6210900,0.0,0.0
2022-07-26 00:00:00-04:00,128.3522938779239,129.36536924043676,125.80241782777352,126.48067474365234,6112800,0.0,0.0
2022-07-27 00:00:00-04:00,127.35633603245844,128.95322742116346,125.91398928154233,128.1461944580078,6223000,0.0,0.0
2022-07-28 00:00:00-04:00,129.37394449881748,130.04360749667387,127.09021524954494,129.1163787841797,6574300,0.0,0.0
2022-07-29 00:00:00-04:00,134.39642817912025,141.3678120945003,133.8469607222746,140.61228942871094,17143700,0.0,0.0
2022-08-01 00:00:00-04:00,138.38006277613735,138.96387928532033,136.63722016986148,137.80484008789062,8017800,0.0,0.0
2022-08-02 00:00:00-04:00,138.13108293151453,138.62903980471842,135.90745809281304,136.62863159179688,5928300,0.0,0.0
2022-08-03 00:00:00-04:00,136.77459147123116,137.33265272305175,132.51622215753136,133.3833465576172,8751400,0.0,0.0
2022-08-04 00:00:00-04:00,133.34898794823494,133.4520089801763,129.40826317212645,129.76026916503906,10640000,0.0,0.0
2022-08-05 00:00:00-04:00,128.47250182901206,133.08287813433557,127.94020883147307,131.90667724609375,7170200,0.0,0.0
2022-08-08 00:00:00-04:00,131.86371430604152,133.05708943965988,131.48595300901073,131.7091827392578,5966900,0.0,0.0
2022-08-09 00:00:00-04:00,133.88129661001804,135.47818829599103,132.73085128257947,133.42626953125,5842200,0.0,0.0
2022-08-10 00:00:00-04:00,133.93279082475013,134.33630733231303,131.2970558966409,133.77825927734375,6145800,0.0,0.0
2022-08-11 00:00:00-04:00,135.74434469814224,138.36290559871753,135.32365356974256,137.04074096679688,7888600,0.0,0.0
2022-08-12 00:00:00-04:00,135.8645299033117,137.28971547797371,134.91154594680108,137.2382049560547,7244700,0.0,0.0
2022-08-15 00:00:00-04:00,133.22875914626965,135.4695579547517,131.73490200750342,134.62818908691406,8975200,0.0,0.0
2022-08-16 00:00:00-04:00,135.1433335266591,135.5811859892131,133.77825252546066,134.2847900390625,7218400,0.0,0.0
2022-08-17 00:00:00-04:00,134.47369907069879,136.8003450775542,133.51212125316746,135.392333984375,6741100,0.0,0.0
2022-08-18 00:00:00-04:00,136.1460249131784,138.3205579412115,136.09404636132166,137.76609802246094,6477500,1.42,0.0
2022-08-19 00:00:00-04:00,137.28098069143556,138.38990079910042,136.55324113004204,136.6138916015625,6834200,0.0,0.0
2022-08-22 00:00:00-04:00,135.7475184217754,136.65718276787632,133.78091275458468,135.929443359375,9147000,0.0,0.0
2022-08-23 00:00:00-04:00,137.8354069205569,140.64235447078605,137.4975331147194,140.33914184570312,10354800,0.0,0.0
2022-08-24 00:00:00-04:00,140.05324770411292,141.51737194749433,139.1955619350816,141.37875366210938,9468100,0.0,0.0
2022-08-25 00:00:00-04:00,142.01120668141465,142.86022069657474,140.8762973590398,142.61764526367188,8050700,0.0,0.0
2022-08-26 00:00:00-04:00,142.2364575730502,143.92584020751076,140.7463569443996,141.5693817138672,7765800,0.0,0.0
2022-08-29 00:00:00-04:00,141.98521250849439,144.53226768558363,141.7686263637673,142.62631225585938,8462600,0.0,0.0
2022-08-30 00:00:00-04:00,140.6250484527919,140.832962676636,137.5408508656327,139.15225219726562,8814300,0.0,0.0
2022-08-31 00:00:00-04:00,136.54458053557107,139.83669284270144,135.27971153263917,136.93443298339844,13582700,0.0,0.0
2022-09-01 00:00:00-04:00,135.56558666629175,135.91213240560114,132.74996697882324,134.751220703125,8244400,0.0,0.0
2022-09-02 00:00:00-04:00,137.09037631168073,137.86142248842862,135.773528798578,136.75250244140625,7526600,0.0,0.0
2022-09-06 00:00:00-04:00,138.51980328429119,138.60644301059736,134.89849009779255,136.12002563476562,8550000,0.0,0.0
2022-09-07 00:00:00-04:00,133.46904343589316,134.9938183520193,132.22150512974235,134.3787078857422,9442100,0.0,0.0
2022-09-08 00:00:00-04:00,134.79453026308232,135.47894978376476,132.87991642489087,135.10641479492188,9232500,0.0,0.0
2022-09-09 00:00:00-04:00,137.23764643233108,139.17824980768825,136.47525898094418,138.58914184570312,8261100,0.0,0.0
2022-09-12 00:00:00-04:00,141.04957058622287,142.53968444425325,139.6980750450721,140.781005859375,8920800,0.0,0.0
2022-09-13 00:00:00-04:00,139.83667775698748,140.91960845044156,137.52353938209382,138.10398864746094,10308300,0.0,0.0
2022-09-14 00:00:00-04:00,139.4294749696043,141.70796505544578,138.91833492748813,141.44805908203125,11160800,0.0,0.0
2022-09-15 00:00:00-04:00,139.20423075322665,140.08790586266875,138.25125971541533,139.15225219726562,9665000,0.0,0.0
2022-09-16 00:00:00-04:00,139.06559376304943,139.60272301053888,134.81183998485363,135.53956604003906,43741600,0.0,0.0
2022-09-19 00:00:00-04:00,132.4900547229277,135.9727632271641,132.3774389299172,135.929443359375,6813800,0.0,0.0
2022-09-20 00:00:00-04:00,135.184406519937,135.88615675515166,133.7116233334342,135.392333984375,8955200,0.0,0.0
2022-09-21 00:00:00-04:00,137.15099265344273,137.558175617007,134.2400746689021,134.29205322265625,6877000,0.0,0.0
2022-09-22 00:00:00-04:00,136.53590996036144,137.1250179245654,134.0581639533908,134.1881103515625,6981100,0.0,0.0
2022-09-23 00:00:00-04:00,129.7350999805326,130.1076218021244,124.45906469654382,125.42070770263672,13919700,0.0,0.0
2022-09-26 00:00:00-04:00,124.38110943683701,125.66329583484547,122.059298869198,122.11994934082031,9444000,0.0,0.0
2022-09-27 00:00:00-04:00,123.27214582036818,124.55434512271482,121.6867471118869,122.1718978881836,10121000,0.0,0.0
2022-09-28 00:00:00-04:00,123.09022806912614,126.86749061553189,122.50110693542427,126.29570007324219,8279800,0.0,0.0
2022-09-29 00:00:00-04:00,125.19544965295877,125.97516770132466,123.25484626723551,125.42070770263672,8197600,0.0,0.0
2022-09-30 00:00:00-04:00,124.77961989583635,125.7412629939249,123.44545494051863,124.46773529052734,9402700,0.0,0.0
2022-10-03 00:00:00-04:00,129.05934851576382,131.97892541555296,128.47889925428646,131.45045471191406,9597400,0.0,0.0
2022-10-04 00:00:00-04:00,133.78957663471186,136.7784757764243,133.09651160064863,136.5618896484375,9520200,0.0,0.0
2022-10-05 00:00:00-04:00,135.01112958911636,138.38120931215929,134.1101370863865,137.3415985107422,10633100,0.0,0.0
2022-10-06 00:00:00-04:00,136.3106495324119,140.29583978547834,136.1893618231117,139.8453369140625,9498300,0.0,0.0
2022-10-07 00:00:00-04:00,140.7896440018741,142.01985164107697,137.80075803443205,138.64111328125,9972500,0.0,0.0
2022-10-10 00:00:00-04:00,139.48148082693433,139.88866384714638,135.530951559606,136.13739013671875,5904500,0.0,0.0
2022-10-11 00:00:00-04:00,134.06683858410628,138.55449765958815,133.51237852035234,136.16339111328125,7533300,0.0,0.0
2022-10-12 00:00:00-04:00,135.27103979366927,137.58417819492618,134.7339103937923,136.570556640625,4942000,0.0,0.0
2022-10-13 00:00:00-04:00,135.45295787914677,143.80451771481785,135.45295787914677,143.1894073486328,10227500,0.0,0.0
2022-10-14 00:00:00-04:00,142.1151582316589,143.34537916090235,138.55448150050654,138.73641967773438,7327900,0.0,0.0
2022-10-17 00:00:00-04:00,141.46541983473978,142.86890723382723,139.56813605153351,139.75006103515625,5890400,0.0,0.0
2022-10-18 00:00:00-04:00,140.65968833875402,141.48271293939567,137.71412243560468,140.97157287597656,5631200,0.0,0.0
2022-10-19 00:00:00-04:00,141.7253005726213,146.59416589193694,141.7253005726213,145.54588317871094,9766800,0.0,0.0
2022-10-20 00:00:00-04:00,146.67211741568292,148.8553091219785,145.49388843983405,146.3775634765625,8871500,0.0,0.0
2022-10-21 00:00:00-04:00,146.5421666337554,150.60532444682556,146.28227385969933,150.04220581054688,7971300,0.0,0.0
2022-10-24 00:00:00-04:00,149.0805547982757,151.32438375497995,148.67337184852727,149.99021911621094,7007700,0.0,0.0
2022-10-25 00:00:00-04:00,149.9295919538173,151.610302565933,149.15854580097104,151.54965209960938,7280600,0.0,0.0
2022-10-26 00:00:00-04:00,151.88753907427602,154.6251779177195,151.75757945483022,153.42095947265625,6865300,0.0,0.0
2022-10-27 00:00:00-04:00,155.84671097134355,157.15488640229373,153.7588175617989,154.1226806640625,9177400,0.0,0.0
2022-10-28 00:00:00-04:00,157.2155560928356,158.41977456168607,152.93581164085265,155.92469787597656,10773900,0.0,0.0
2022-10-31 00:00:00-04:00,154.26129506927072,159.2687650761134,154.26129506927072,156.72171020507812,13281000,0.0,0.0
2022-11-01 00:00:00-04:00,159.29477394040518,159.84057525684622,157.58807405761993,157.8653106689453,9185600,0.0,0.0
2022-11-02 00:00:00-04:00,156.74768180454916,158.45438128499788,154.44321580816464,154.64247131347656,8087500,0.0,0.0
2022-11-03 00:00:00-04:00,154.18333808462222,157.8393130830283,153.6981872597023,156.92098999023438,6607800,0.0,0.0
2022-11-04 00:00:00-04:00,160.1351148350606,160.62026564186345,156.46182260105726,158.9049072265625,7491900,0.0,0.0
2022-11-07 00:00:00-05:00,158.10788344458797,161.46930459404632,157.77000959230307,160.80221557617188,7578000,0.0,0.0
2022-11-08 00:00:00-05:00,160.55098096650715,161.35667506583408,159.2861120863815,160.56829833984375,6308200,0.0,0.0
2022-11-09 00:00:00-05:00,159.06954137495887,159.24280766071413,153.53359960207737,154.14869689941406,8021700,0.0,0.0
2022-11-10 00:00:00-05:00,157.8739772366208,157.96061698682718,154.24399114451228,157.0682830810547,6981500,0.0,0.0
2022-11-11 00:00:00-05:00,159.4506811509538,162.09303407706872,159.31206288153268,161.53857421875,8428300,0.0,0.0
2022-11-14 00:00:00-05:00,161.40863445997672,164.3282110641842,161.29600544981693,161.61656188964844,9722400,0.0,0.0
2022-11-15 00:00:00-05:00,162.11036944662695,163.25395046728346,160.5076401438409,162.91607666015625,7747300,0.0,0.0
2022-11-16 00:00:00-05:00,161.60791448540337,162.71684772573968,159.13016842181833,160.2650909423828,7941100,0.0,0.0
2022-11-17 00:00:00-05:00,158.46656452374583,160.84125055751676,157.38399607886055,160.71902465820312,6550500,1.42,0.0
2022-11-18 00:00:00-05:00,157.98638495906656,160.125344655424,156.84268369033484,159.7586669921875,7661500,0.0,0.0
2022-11-21 00:00:00-05:00,156.91257259398594,158.63247448516734,153.49897245064807,158.2308807373047,8432900,0.0,0.0
2022-11-22 00:00:00-05:00,160.42222443988655,162.8754819039424,159.83728513848322,162.29054260253906,9018000,0.0,0.0
2022-11-23 00:00:00-05:00,159.95076975420568,161.64446787003806,159.4007464898534,160.85000610351562,5831200,0.0,0.0
2022-11-25 00:00:00-05:00,161.41751293486462,161.7754650774919,160.03809832702586,160.3785858154297,2796400,0.0,0.0
2022-11-28 00:00:00-05:00,157.39275391478532,158.4316809321276,155.36729383762247,155.7165069580078,9365500,0.0,0.0
2022-11-29 00:00:00-05:00,157.3752971087518,158.76345063731708,156.84273841455436,158.04754638671875,6985400,0.0,0.0
2022-11-30 00:00:00-05:00,159.6364921728458,160.0642762559937,156.8165435465096,160.0380859375,10936700,0.0,0.0
2022-12-01 00:00:00-05:00,160.8674559466354,161.12064675427237,158.40547308068813,159.32217407226562,5217400,0.0,0.0
2022-12-02 00:00:00-05:00,158.48406946977803,160.317471747278,157.08719027533738,158.04754638671875,6852300,0.0,0.0
2022-12-05 00:00:00-05:00,159.47933181286427,159.72378365869713,152.46004692807162,154.14501953125,8162200,0.0,0.0
2022-12-06 00:00:00-05:00,153.22831451432322,155.45458470893604,149.39564271073235,150.1726531982422,8765000,0.0,0.0
2022-12-07 00:00:00-05:00,149.34322133983343,152.4163464695075,149.15988917098747,150.6178741455078,6936300,0.0,0.0
2022-12-08 00:00:00-05:00,153.87438377711229,154.00533537082498,150.19012796222233,151.5084228515625,8076600,0.0,0.0
2022-12-09 00:00:00-05:00,150.42588533077753,151.20289603165085,146.61066380978028,146.67178344726562,10754300,0.0,0.0
2022-12-12 00:00:00-05:00,147.48368071873338,148.8718342310221,146.41857666445455,148.1995849609375,9364900,0.0,0.0
2022-12-13 00:00:00-05:00,151.534624129749,152.31163465746167,150.58299371763874,151.49969482421875,7838800,0.0,0.0
2022-12-14 00:00:00-05:00,152.3378090194937,152.71321242404866,149.5265996919702,150.4520263671875,7045500,0.0,0.0
2022-12-15 00:00:00-05:00,148.94167655329798,149.61391248835605,146.72413190144835,149.3258056640625,7272900,0.0,0.0
2022-12-16 00:00:00-05:00,147.13445785500903,148.548788271087,145.8860083290392,147.3003387451172,23876000,0.0,0.0
2022-12-19 00:00:00-05:00,148.51386143303654,149.1337299789272,146.8899952763145,148.3130645751953,7131600,0.0,0.0
2022-12-20 00:00:00-05:00,148.2519584316348,151.2901551771672,148.06862620787393,150.74887084960938,6199100,0.0,0.0
2022-12-21 00:00:00-05:00,152.94893075832002,153.6211799078777,151.176648445361,152.52113342285156,5479400,0.0,0.0
2022-12-22 00:00:00-05:00,152.9227480589428,152.96640302540928,146.9598419878325,150.2337646484375,5755000,0.0,0.0
2022-12-23 00:00:00-05:00,151.99733073119785,155.03552741700042,151.6393786344381,154.8783721923828,6079100,0.0,0.0
2022-12-27 00:00:00-05:00,155.71649935483865,157.34909126144677,154.87836925655995,156.8252716064453,5168000,0.0,0.0
2022-12-28 00:00:00-05:00,156.1530345118216,156.5371769482732,153.5950023717927,154.51170349121094,4494400,0.0,0.0
2022-12-29 00:00:00-05:00,154.22359606459503,156.44986639692368,154.22359606459503,155.6815948486328,4142100,0.0,0.0
2022-12-30 00:00:00-05:00,155.42838040857552,157.104627152567,155.1402736260985,156.70303344726562,5005100,0.0,0.0
2023-01-03 00:00:00-05:00,155.4371168285637,156.2752469193673,149.73612704298947,151.9012908935547,7565400,0.0,0.0
2023-01-04 00:00:00-05:00,149.2472211295644,152.1631917695874,149.1599245166352,150.28614807128906,7684500,0.0,0.0
2023-01-05 00:00:00-05:00,149.72740236016645,153.82199059698627,149.5004151756973,152.9925994873047,6088200,0.0,0.0
2023-01-06 00:00:00-05:00,154.54662660461912,156.61574162885668,153.39419934144152,154.14501953125,7191200,0.0,0.0
2023-01-09 00:00:00-05:00,155.6291842410906,155.6903038590352,152.24177462222903,152.94020080566406,8385600,0.0,0.0
2023-01-10 00:00:00-05:00,154.005321899318,154.2759773720272,151.66556481880636,153.69102478027344,8307000,0.0,0.0
2023-01-11 00:00:00-05:00,155.30618372293839,155.52444526694848,152.17195114814442,152.9576873779297,6962600,0.0,0.0
2023-01-12 00:00:00-05:00,153.6474123380639,155.72525332737422,153.56882805214667,154.59902954101562,6891400,0.0,0.0
2023-01-13 00:00:00-05:00,154.60773366552144,155.39348316381353,153.37673544333575,155.01806640625,5726300,0.0,0.0
2023-01-17 00:00:00-05:00,155.7863484095002,158.3007254435524,155.55934789737665,157.5760955810547,10697700,0.0,0.0
2023-01-18 00:00:00-05:00,157.8641954404757,159.22614516672994,154.47677245452235,154.72994995117188,8899200,0.0,0.0
2023-01-19 00:00:00-05:00,154.1886736311255,157.10464443398155,153.79580554694155,156.27525329589844,5907200,0.0,0.0
2023-01-20 00:00:00-05:00,156.10935799638654,158.33562803013166,154.9831344827832,157.93402099609375,10477900,0.0,0.0
2023-01-23 00:00:00-05:00,158.2046958604634,159.37457448325307,157.17449449472755,157.72451782226562,8381300,0.0,0.0
2023-01-24 00:00:00-05:00,158.09989670977896,158.8943717657979,156.01331730571945,157.87290954589844,5989000,0.0,0.0
2023-01-25 00:00:00-05:00,156.52842498915186,157.174483880701,153.9616807177695,156.3450927734375,6727500,0.0,0.0
2023-01-26 00:00:00-05:00,161.50480707465033,163.96679021403727,160.18649890320097,163.94932556152344,14307800,0.0,0.0
2023-01-27 00:00:00-05:00,160.8412963315491,160.8412963315491,155.332376987741,156.6681365966797,19654700,0.0,0.0
2023-01-30 00:00:00-05:00,155.40218743767176,155.6990198794077,151.6218966727559,152.08460998535156,11476000,0.0,0.0
2023-01-31 00:00:00-05:00,150.81870277936704,152.4600335906241,149.65754995242725,151.92747497558594,14481300,0.0,0.0
2023-02-01 00:00:00-05:00,151.3076006153714,151.61317204500446,148.01621345472643,149.60516357421875,11526400,0.0,0.0
2023-02-02 00:00:00-05:00,149.40437931387396,149.6662824794873,145.6415528561352,147.5535125732422,10463400,0.0,0.0
2023-02-03 00:00:00-05:00,148.29563526203177,149.7710855430996,147.09956617290436,147.93768310546875,8404900,0.0,0.0
2023-02-06 00:00:00-05:00,148.03368560143232,148.52258925630403,146.1217126269961,148.10353088378906,7659500,0.0,0.0
2023-02-07 00:00:00-05:00,148.4789508321927,152.2505029098944,148.07734378033578,151.98858642578125,10256500,0.0,0.0
2023-02-08 00:00:00-05:00,150.58301290022894,151.97116655691474,147.95514849345747,148.41786193847656,9784700,0.0,0.0
2023-02-09 00:00:00-05:00,148.61865508364303,148.99407188746778,146.67176573284038,147.055908203125,10123400,0.0,0.0
2023-02-10 00:00:00-05:00,149.11627873545288,150.8012513388314,149.0988140831409,150.1377410888672,11602400,0.0,0.0
2023-02-13 00:00:00-05:00,149.57029237288282,150.07664748307113,148.21706799908546,149.2996368408203,9442900,0.0,0.0
2023-02-14 00:00:00-05:00,148.8369137113273,151.48224265408714,148.40039060761606,150.44332885742188,8077300,0.0,0.0
2023-02-15 00:00:00-05:00,149.2014228527237,149.30712367620626,147.5279765541354,148.85792541503906,8885700,1.51,0.0
2023-02-16 00:00:00-05:00,148.13571105600494,148.54967124397928,146.55913584493848,146.70887756347656,6727500,0.0,0.0
2023-02-17 00:00:00-05:00,145.0882768287088,145.18516142422845,142.55168517769437,143.4324493408203,9612100,0.0,0.0
2023-02-21 00:00:00-05:00,142.842304139184,144.225110119174,141.53877713594596,141.80300903320312,7259700,0.0,0.0
2023-02-22 00:00:00-05:00,141.1688545946947,142.38431323036627,139.96221220034332,141.2305145263672,6205900,0.0,0.0
2023-02-23 00:00:00-05:00,142.90393645773693,143.4235839103115,141.4154433822353,142.62208557128906,6445500,0.0,0.0
2023-02-24 00:00:00-05:00,141.60046907481797,143.2122692290679,140.17362188287788,143.044921875,5330200,0.0,0.0
2023-02-27 00:00:00-05:00,143.57330918284876,143.89038470384602,142.6132798196088,143.40597534179688,6386800,0.0,0.0
2023-02-28 00:00:00-05:00,144.7271482663387,144.7271482663387,141.16885414744593,141.60043334960938,10854200,0.0,0.0
2023-03-01 00:00:00-05:00,141.73256121878416,144.08419981709426,141.44190744514214,142.7278289794922,7470400,0.0,0.0
2023-03-02 00:00:00-05:00,142.66615719091467,143.99611950888408,142.32265974866547,143.177001953125,5582000,0.0,0.0
2023-03-03 00:00:00-05:00,141.6884976158544,145.83690188827507,141.2921565114632,145.29083251953125,6007500,0.0,0.0
2023-03-06 00:00:00-05:00,144.74475239287398,146.91143774408582,144.27794854848224,146.35655212402344,7703600,0.0,0.0
2023-03-07 00:00:00-05:00,145.94258439457016,146.73528001628708,144.07536911391534,144.47171020507812,7393000,0.0,0.0
2023-03-08 00:00:00-05:00,143.76711513166407,145.58148696238837,142.1377096686493,143.5557403564453,5435800,0.0,0.0
2023-03-09 00:00:00-05:00,144.26033438305723,145.75764398373093,141.0895919425899,141.37142944335938,6214700,0.0,0.0
2023-03-10 00:00:00-05:00,141.75016588388687,145.03541197003221,139.75082776224357,140.631591796875,7385800,0.0,0.0
2023-03-13 00:00:00-04:00,137.7867486114631,141.7589901715157,135.46153174519424,139.7860870361328,10106100,0.0,0.0
2023-03-14 00:00:00-04:00,139.38970380113562,144.46291296952995,139.05502262472598,141.59161376953125,10035200,0.0,0.0
2023-03-15 00:00:00-04:00,137.0380482411114,139.11665152604283,133.8849119523109,135.46148681640625,14063100,0.0,0.0
2023-03-16 00:00:00-04:00,132.25553521565683,136.93239025014333,132.0353441994238,135.89308166503906,12849600,0.0,0.0
2023-03-17 00:00:00-04:00,135.30297510373438,136.85312850218378,132.64307723029225,134.17559814453125,33161800,0.0,0.0
2023-03-20 00:00:00-04:00,133.64716199788367,137.2054433847028,133.25080736392502,136.14852905273438,8469200,0.0,0.0
2023-03-21 00:00:00-04:00,138.42086183621535,140.5435061233384,137.81313257697013,140.3144989013672,9753500,0.0,0.0
2023-03-22 00:00:00-04:00,140.80772281453656,140.97507010871772,137.3375108385403,137.46083068847656,6315000,0.0,0.0
2023-03-23 00:00:00-04:00,138.2975673535772,139.83008811580754,134.88019872529804,136.0956573486328,7859400,0.0,0.0
2023-03-24 00:00:00-04:00,133.9642084868055,137.97167389673356,133.72639844606383,137.4520263671875,6600100,0.0,0.0
2023-03-27 00:00:00-04:00,138.6322412620347,139.58346794699048,137.1261424237316,138.85243225097656,7006800,0.0,0.0
2023-03-28 00:00:00-04:00,138.52658875064526,141.08961573241405,137.99812486843086,140.47308349609375,5605400,0.0,0.0
2023-03-29 00:00:00-04:00,141.46831455287747,142.08486012693814,140.33213486466,141.67970275878906,7569700,0.0,0.0
2023-03-30 00:00:00-04:00,142.90396103187715,143.5733368432135,142.31385075621372,143.0272674560547,6322400,0.0,0.0
2023-03-31 00:00:00-04:00,143.30030223539086,144.19868529173192,142.8158793403348,143.70545959472656,7041400,0.0,0.0
2023-04-03 00:00:00-04:00,149.5537428151187,150.69873880196917,148.77866612751657,149.68585205078125,12868200,0.0,0.0
2023-04-04 00:00:00-04:00,150.7339790231924,150.7339790231924,147.72176718437234,148.88436889648438,7521400,0.0,0.0
2023-04-05 00:00:00-04:00,149.07812367336973,150.1174322785601,147.7393719451627,149.62420654296875,6478100,0.0,0.0
2023-04-06 00:00:00-04:00,149.15740492850605,149.21024862392593,147.20210756160907,147.66009521484375,5803200,0.0,0.0
2023-04-10 00:00:00-04:00,148.39991841915636,149.44801619981314,147.3606100001695,148.2237548828125,5923500,0.0,0.0
2023-04-11 00:00:00-04:00,148.9107679800762,150.0293285239903,148.03000402710308,149.04287719726562,5469600,0.0,0.0
2023-04-12 00:00:00-04:00,150.12625291398865,150.71636330626714,149.2631077741748,149.57138061523438,6157900,0.0,0.0
2023-04-13 00:00:00-04:00,149.95006102540412,151.9053580504902,149.5713389815047,151.57066345214844,6856600,0.0,0.0
2023-04-14 00:00:00-04:00,151.93179571805328,152.2664903512552,150.80441883077506,151.8789520263672,4930700,0.0,0.0
2023-04-17 00:00:00-04:00,151.83493128486484,151.9670405316105,149.92367469204257,150.5402069091797,7006000,0.0,0.0
2023-04-18 00:00:00-04:00,150.45212864399016,151.8349212799239,149.84439927021674,150.18789672851562,8045600,0.0,0.0
2023-04-19 00:00:00-04:00,149.2542614975234,150.3816382528204,148.9371859451342,150.3287811279297,5506800,0.0,0.0
2023-04-20 00:00:00-04:00,148.63773529795736,149.7827312435805,147.98597850629872,149.5977783203125,5851100,0.0,0.0
2023-04-21 00:00:00-04:00,149.58015182049633,150.24952762270794,148.70819062180354,148.95480346679688,7179000,0.0,0.0
2023-04-24 00:00:00-04:00,148.9371923839314,151.82609712419588,148.4791913574822,151.0334014892578,7177600,0.0,0.0
2023-04-25 00:00:00-04:00,150.01174991219892,150.082199214448,148.3470928397501,148.84033203125,5807200,0.0,0.0
2023-04-26 00:00:00-04:00,148.1533069710499,148.80506367976594,145.52862077633625,146.18919372558594,5927400,0.0,0.0
2023-04-27 00:00:00-04:00,146.58554753637014,147.43108689816626,145.38772138619666,147.04354858398438,6417200,0.0,0.0
2023-04-28 00:00:00-04:00,144.88568340375446,148.79627785990937,144.48934227685066,148.4792022705078,10036300,0.0,0.0
2023-05-01 00:00:00-04:00,147.71294088072986,148.61131051190256,146.52390406852908,147.29898071289062,6099800,0.0,0.0
2023-05-02 00:00:00-04:00,145.6078888152111,145.66073249688222,139.5570319154607,140.9574432373047,10701700,0.0,0.0
2023-05-03 00:00:00-04:00,139.2928353742671,140.54353220798384,138.05096822205036,138.13023376464844,7538100,0.0,0.0
2023-05-04 00:00:00-04:00,138.37683598469377,139.33686554287755,136.88834263774132,137.59295654296875,7500400,0.0,0.0
2023-05-05 00:00:00-04:00,140.30572494783283,141.9087086342578,139.84772384911412,141.1072235107422,5802000,0.0,0.0
2023-05-08 00:00:00-04:00,142.3050321574441,142.9479860521839,140.49946344432362,140.55230712890625,5028200,0.0,0.0
2023-05-09 00:00:00-04:00,139.25761933212374,141.29218235426646,139.0814691912194,140.14718627929688,5019800,0.0,0.0
2023-05-10 00:00:00-04:00,141.30978737718374,141.30978737718374,137.29350542978918,138.35922241210938,6161200,0.0,0.0
2023-05-11 00:00:00-04:00,136.85311799020653,137.68103832089434,135.54077475971283,137.59295654296875,6666100,0.0,0.0
2023-05-12 00:00:00-04:00,138.27996137661523,139.09906552494368,137.0116589436223,137.9452667236328,4898900,0.0,0.0
2023-05-15 00:00:00-04:00,138.48253757086553,139.30165518353476,137.60177345883923,138.45611572265625,5096700,0.0,0.0
2023-05-16 00:00:00-04:00,137.82193996880454,138.29756003074814,135.04753888523547,135.20606994628906,7007700,0.0,0.0
2023-05-17 00:00:00-04:00,136.33346877276708,137.76911855265683,135.6024463983257,137.14378356933594,6169600,0.0,0.0
2023-05-18 00:00:00-04:00,135.96087443614965,137.17934643624085,134.76909658791212,136.9747772216797,7477700,1.51,0.0
2023-05-19 00:00:00-04:00,137.7574559802262,139.1360115875162,136.95701134167,138.05984497070312,8100900,0.0,0.0
2023-05-22 00:00:00-04:00,136.7791123011907,137.70408435249578,135.26715389267008,135.5784454345703,11661000,0.0,0.0
2023-05-23 00:00:00-04:00,137.09040620772205,140.23883698163021,136.82358682020492,139.5006561279297,10436200,0.0,0.0
2023-05-24 00:00:00-04:00,140.4789998507939,141.03043029838577,139.00261074849976,139.8742218017578,7064000,0.0,0.0
2023-05-25 00:00:00-04:00,137.57066580460568,138.41559609961632,136.5211934375359,137.4639434814453,7037700,0.0,0.0
2023-05-26 00:00:00-04:00,138.11318596972836,138.41558848704676,136.4856163470565,137.0370330810547,7736200,0.0,0.0
2023-05-30 00:00:00-04:00,134.89361631498764,136.30774144543528,134.48450501019047,136.1832275390625,7814800,0.0,0.0
2023-05-31 00:00:00-04:00,134.77798344668633,135.56064999534297,133.72851109371237,133.95974731445312,13346400,0.0,0.0
2023-06-01 00:00:00-04:00,134.5645469792276,136.7346581261766,133.17710242848915,135.3294219970703,9887700,0.0,0.0
2023-06-02 00:00:00-04:00,137.48173951540295,139.4117118240972,136.61903118589936,138.9759063720703,9464300,0.0,0.0
2023-06-05 00:00:00-04:00,140.92367404868804,140.92367404868804,138.0687431668511,138.30886840820312,6443800,0.0,0.0
2023-06-06 00:00:00-04:00,136.3700027343143,138.8869749695607,136.25437783368886,138.55789184570312,6176400,0.0,0.0
2023-06-07 00:00:00-04:00,139.23383694721556,142.48900362356414,139.18936478739704,142.15103149414062,9900000,0.0,0.0
2023-06-08 00:00:00-04:00,142.44450248389427,142.7380023937877,139.7140725643069,141.6262664794922,7142200,0.0,0.0
2023-06-09 00:00:00-04:00,141.66182591369392,142.64904787773725,141.0748261359397,141.2882843017578,6669500,0.0,0.0
2023-06-12 00:00:00-04:00,139.68739724433956,141.70631354054862,138.9492029409504,139.9275360107422,7159600,0.0,0.0
2023-06-13 00:00:00-04:00,140.98590757776475,142.8180462200722,140.76356039164017,140.9770050048828,7660800,0.0,0.0
2023-06-14 00:00:00-04:00,142.28442939277159,142.9870542085708,138.87806834977602,139.71409606933594,7721100,0.0,0.0
2023-06-15 00:00:00-04:00,139.9186856050075,142.1154639749805,139.9186856050075,140.77249145507812,7705400,0.0,0.0
2023-06-16 00:00:00-04:00,141.0304062844694,141.62629522696662,139.86529541015625,139.86529541015625,22908100,0.0,0.0
2023-06-20 00:00:00-04:00,138.87806599878255,139.25162126498344,135.40056584664825,136.6812744140625,10438700,0.0,0.0
2023-06-21 00:00:00-04:00,135.782980030196,138.70907664323158,135.63178556988345,137.74853515625,7328200,0.0,0.0
2023-06-22 00:00:00-04:00,136.3877892102374,136.60123385448708,135.1604282218128,135.75631713867188,7088600,0.0,0.0
2023-06-23 00:00:00-04:00,134.30662148856325,134.92030204015046,133.52396843481304,134.60902404785156,15172700,0.0,0.0
2023-06-26 00:00:00-04:00,134.84913833048088,137.82859652207216,134.7779855911984,136.9747772216797,7371800,0.0,0.0
2023-06-27 00:00:00-04:00,136.52117098609764,137.59733732797508,135.91639315965057,136.5478515625,6581700,0.0,0.0
2023-06-28 00:00:00-04:00,136.46784207069032,137.8730782341485,135.35610588798593,137.7841339111328,5773800,0.0,0.0
2023-06-29 00:00:00-04:00,138.23769827758562,138.98479520304005,137.3572120280446,138.95811462402344,5633500,0.0,0.0
2023-06-30 00:00:00-04:00,140.04316106588908,140.45227229849243,139.27828618428768,139.94532775878906,6346600,0.0,0.0
2023-07-03 00:00:00-04:00,139.7941371472055,140.6123868563734,139.36723428620286,139.82083129882812,3272600,0.0,0.0
2023-07-05 00:00:00-04:00,140.25662045549754,140.25662045549754,137.96199556903358,139.02037048339844,6318700,0.0,0.0
2023-07-06 00:00:00-04:00,138.0331629135226,138.59348229712782,134.85805140542266,135.96978759765625,9203000,0.0,0.0
2023-07-07 00:00:00-04:00,135.31161442711849,138.73576680986395,135.15153095372077,137.1615447998047,6602200,0.0,0.0
2023-07-10 00:00:00-04:00,136.90362164264786,138.557885476409,136.89473263954596,138.07762145996094,5167900,0.0,0.0
2023-07-11 00:00:00-04:00,138.7446574936367,140.88808783118654,138.44226854844615,140.63015747070312,5060500,0.0,0.0
2023-07-12 00:00:00-04:00,141.60849870381185,142.6046099077094,140.81694314264385,141.98204040527344,6464000,0.0,0.0
2023-07-13 00:00:00-04:00,142.15989336565463,142.83583749549376,139.25160194835647,140.08761596679688,8143900,0.0,0.0
2023-07-14 00:00:00-04:00,139.6429591436191,139.65186171887618,136.343333620977,136.5923614501953,7065700,0.0,0.0
2023-07-17 00:00:00-04:00,136.38776222931875,137.0903733293086,135.7562902826742,136.46780395507812,4351700,0.0,0.0
2023-07-18 00:00:00-04:00,135.78298872494844,138.8069188378206,135.5161693663132,136.7435302734375,6798300,0.0,0.0
2023-07-19 00:00:00-04:00,136.8146843948574,138.5489898870831,136.32551782756389,137.57955932617188,5653100,0.0,0.0
2023-07-20 00:00:00-04:00,138.88697344093515,139.8030429193525,138.4867511514029,139.1004180908203,5866600,0.0,0.0
2023-07-21 00:00:00-04:00,140.10542117959415,141.261629371765,139.68740734418625,141.13711547851562,8760100,0.0,0.0
2023-07-24 00:00:00-04:00,142.7202332913979,145.8953445056479,142.31110843928028,143.92091369628906,9722100,0.0,0.0
2023-07-25 00:00:00-04:00,144.00095843603543,145.423972517428,142.8892223235424,144.5790557861328,6767600,0.0,0.0
2023-07-26 00:00:00-04:00,143.0848919975888,144.16104497753165,142.79139202915044,143.49400329589844,6056400,0.0,0.0
2023-07-27 00:00:00-04:00,144.16104062244315,144.4990127403132,141.60849887389134,141.9998321533203,6470100,0.0,0.0
2023-07-28 00:00:00-04:00,140.88809939769038,141.4128355934821,139.19825233919482,141.29721069335938,6542300,0.0,0.0
2023-07-31 00:00:00-04:00,143.30723551029155,145.84198569219868,142.85363849309957,145.55738830566406,13056300,0.0,0.0
2023-08-01 00:00:00-04:00,145.53958660491645,145.53958660491645,142.79137839601472,144.34780883789062,7531400,0.0,0.0
2023-08-02 00:00:00-04:00,143.34281022543797,143.38728238551892,140.5768101487778,142.0620880126953,7067100,0.0,0.0
2023-08-03 00:00:00-04:00,142.2221862549047,143.81418645942807,141.279436165757,142.00872802734375,6680700,0.0,0.0
2023-08-04 00:00:00-04:00,142.8892026030498,144.9881606365941,141.44838357183156,141.6885223388672,10185400,0.0,0.0
2023-08-07 00:00:00-04:00,143.2005027103861,143.5295858335189,141.48398863779227,142.2043914794922,13927400,0.0,0.0
2023-08-08 00:00:00-04:00,140.4700888191111,142.11545018580915,138.9403387842472,141.99093627929688,6451300,0.0,0.0
2023-08-09 00:00:00-04:00,143.06709271839136,143.5829398862733,141.68853726968925,142.17770385742188,10531500,0.0,0.0
2023-08-10 00:00:00-04:00,142.59574128699742,144.507922225876,141.96426912005188,143.04043579101562,8647100,0.0,0.0
2023-08-11 00:00:00-04:00,142.74691533551584,146.01097089878022,142.4623043796467,145.99317932128906,6682600,0.0,0.0
2023-08-14 00:00:00-04:00,145.6552078888586,146.082110713897,144.62351362160265,145.88644409179688,6060100,0.0,0.0
2023-08-15 00:00:00-04:00,145.32611328831143,145.33501586106263,141.50175259993088,141.6262664794922,7876500,0.0,0.0
2023-08-16 00:00:00-04:00,142.7647152920953,143.92981262269674,140.9414652656664,141.08377075195312,7920500,0.0,0.0
2023-08-17 00:00:00-04:00,142.9334822730839,145.59137953801522,142.7449233378976,143.4453125,8270500,1.51,0.0
2023-08-18 00:00:00-04:00,142.21516134704333,144.85509636835272,142.0176142569167,144.4779510498047,5999200,0.0,0.0
2023-08-21 00:00:00-04:00,144.74732041081774,145.5285342634002,143.1759319771054,143.99305725097656,6802300,0.0,0.0
2023-08-22 00:00:00-04:00,144.10981904564522,144.79224578318107,142.74495186915127,142.80780029296875,6080800,0.0,0.0
2023-08-23 00:00:00-04:00,141.99962817422542,143.14001096899693,140.70659787171581,142.996337890625,4975600,0.0,0.0
2023-08-24 00:00:00-04:00,141.63149569851524,143.57104148983873,141.47884816421032,141.820068359375,5989600,0.0,0.0
2023-08-25 00:00:00-04:00,142.83472230405152,143.58898544691087,141.55964080358325,142.87960815429688,5291800,0.0,0.0
2023-08-28 00:00:00-04:00,143.24777935924607,145.28609863244992,142.9694212935836,143.85838317871094,4386100,0.0,0.0
2023-08-29 00:00:00-04:00,144.4869326145666,144.52284403776588,142.86167011174405,143.63389587402344,5374800,0.0,0.0
2023-08-30 00:00:00-04:00,144.19957804659094,144.7922192556058,143.60693683757611,143.8314208984375,5534900,0.0,0.0
2023-08-31 00:00:00-04:00,144.57670706472328,144.78324226208096,143.6069342948029,144.65753173828125,7003700,0.0,0.0
2023-09-01 00:00:00-04:00,146.0403369878671,147.88110886211936,146.0403369878671,147.53091430664062,6663000,0.0,0.0
2023-09-05 00:00:00-04:00,148.41093264438945,150.45822661681598,148.3390960855331,149.4705047607422,9755800,0.0,0.0
2023-09-06 00:00:00-04:00,149.30882477109998,150.35043401328917,148.680272194406,149.62310791015625,7195500,0.0,0.0
2023-09-07 00:00:00-04:00,150.08107876404134,150.76350544740382,149.30885296644277,149.63211059570312,7925900,0.0,0.0
2023-09-08 00:00:00-04:00,150.33249510919626,151.29329353587283,149.69496800302346,150.14393615722656,7434400,0.0,0.0
2023-09-11 00:00:00-04:00,150.92514261512937,151.38308521888135,146.2468882258502,147.04605102539062,7155100,0.0,0.0
2023-09-12 00:00:00-04:00,148.42886545234373,150.12596442349923,148.24928094191742,149.7847442626953,7521100,0.0,0.0
2023-09-13 00:00:00-04:00,150.32352375453652,150.6288188173006,148.6802986323591,149.2370147705078,5759500,0.0,0.0
2023-09-14 00:00:00-04:00,150.5839116415105,151.3022634068717,150.06310695415914,150.16188049316406,8822800,0.0,0.0
2023-09-15 00:00:00-04:00,149.24601316735618,151.18554535351535,148.94969251496835,149.50640869140625,17439700,0.0,0.0
2023-09-18 00:00:00-04:00,150.73656143629617,151.17655515329656,149.41659398671555,150.1529083251953,7027600,0.0,0.0
2023-09-19 00:00:00-04:00,151.47287876879017,151.7153254095965,149.44353393335035,150.13494873046875,6615100,0.0,0.0
2023-09-20 00:00:00-04:00,150.0182221268239,151.31123887160936,149.59619097559224,149.677001953125,5939100,0.0,0.0
2023-09-21 00:00:00-04:00,150.06311923067082,150.73657149677507,148.20439810096218,148.33010864257812,7150000,0.0,0.0
2023-09-22 00:00:00-04:00,149.26393833804048,150.33248466302095,149.00354285532194,149.308837890625,5963000,0.0,0.0
2023-09-25 00:00:00-04:00,149.3537518701672,151.55369314511591,149.0484568053739,151.4908447265625,5510000,0.0,0.0
2023-09-26 00:00:00-04:00,150.35046368147246,151.22146303155515,149.93740693447003,150.67372131347656,5659200,0.0,0.0
2023-09-27 00:00:00-04:00,152.08347105200744,153.75363316534632,151.58062890199932,153.58302307128906,9124400,0.0,0.0
2023-09-28 00:00:00-04:00,153.1430436535897,154.17566495138718,152.13734564812793,153.178955078125,7151800,0.0,0.0
2023-09-29 00:00:00-04:00,153.0891537396433,153.0981281694882,150.69166563476654,151.41000366210938,7396100,0.0,0.0
2023-10-02 00:00:00-04:00,151.15860078070003,151.36513600473413,148.36601820427964,149.5423126220703,6839600,0.0,0.0
2023-10-03 00:00:00-04:00,148.9855910893805,150.2786215695557,148.6174339134988,149.8925018310547,6168600,0.0,0.0
2023-10-04 00:00:00-04:00,147.89009834451826,148.14151939961138,145.00773064097936,146.39952087402344,9664700,0.0,0.0
2023-10-05 00:00:00-04:00,144.94487475963354,147.93500425924117,144.91793776695945,147.1717529296875,8073000,0.0,0.0
2023-10-06 00:00:00-04:00,147.53991995154644,147.59379394049256,142.76290567889723,145.67221069335938,10190400,0.0,0.0
2023-10-09 00:00:00-04:00,149.398653904753,151.0239165017535,148.11459780288908,149.70394897460938,8183500,0.0,0.0
2023-10-10 00:00:00-04:00,149.74884784610444,150.31453842555888,148.77008681858175,149.5423126220703,6512900,0.0,0.0
2023-10-11 00:00:00-04:00,148.22233965775374,148.23131408751817,144.10080196023728,144.65753173828125,12570700,0.0,0.0
2023-10-12 00:00:00-04:00,146.59707101287736,146.59707101287736,144.4779408603178,144.77426147460938,7397000,0.0,0.0
2023-10-13 00:00:00-04:00,146.73179176149142,148.01583424861514,145.7350818002701,147.31544494628906,8042800,0.0,0.0
2023-10-16 00:00:00-04:00,148.46481801868526,148.88684927092777,147.12690139901852,148.51869201660156,5446000,0.0,0.0
2023-10-17 00:00:00-04:00,148.00686875312596,151.03291024719496,147.84523306514131,150.48516845703125,7538300,0.0,0.0
2023-10-18 00:00:00-04:00,151.27535942608762,152.37981745676257,150.47619650935155,151.67942810058594,6893500,0.0,0.0
2023-10-19 00:00:00-04:00,151.4818511943989,152.801818652599,150.4133048042921,151.84103393554688,6580200,0.0,0.0
2023-10-20 00:00:00-04:00,151.2214601574073,151.84103841542446,149.1472294337298,149.80271911621094,7458300,0.0,0.0
2023-10-23 00:00:00-04:00,146.6330133959869,147.64767218704787,143.89430470040617,144.28041076660156,16232400,0.0,0.0
2023-10-24 00:00:00-04:00,144.4689674025431,144.63957748780666,140.50009069292116,140.66171264648438,17689900,0.0,0.0
2023-10-25 00:00:00-04:00,140.92211733436582,141.3441484681805,139.33276633471107,139.96131896972656,10502400,0.0,0.0
2023-10-26 00:00:00-04:00,139.1891164905715,139.34176403446565,137.94997357501254,138.95565795898438,10830400,0.0,0.0
2023-10-27 00:00:00-04:00,135.33697702094858,135.81288222287196,129.2669318124582,129.61712646484375,24524300,0.0,0.0
2023-10-30 00:00:00-04:00,130.79341359488106,131.49380286015068,129.59018215982002,131.1795196533203,13857100,0.0,0.0
2023-10-31 00:00:00-04:00,131.1885232754925,131.56565494736464,129.5093727656671,130.8562774658203,14261300,0.0,0.0
2023-11-01 00:00:00-04:00,131.08073895655838,131.107675949798,129.14120693620356,129.2848663330078,10819600,0.0,0.0
2023-11-02 00:00:00-04:00,129.78771848436966,133.79252077235572,129.15019132663988,133.57701110839844,11099100,0.0,0.0
2023-11-03 00:00:00-04:00,133.16396610347815,133.3974246266267,131.23339469158762,132.5443878173828,13160000,0.0,0.0
2023-11-06 00:00:00-05:00,133.55008454935873,134.08885190064296,131.71830021755352,131.9966583251953,10634200,0.0,0.0
2023-11-07 00:00:00-05:00,130.34444224441634,130.7485108566413,128.62040611788103,129.67098999023438,15054600,0.0,0.0
2023-11-08 00:00:00-05:00,129.19508263825767,129.88648374248277,127.7314420461737,127.86612701416016,12654100,0.0,0.0
2023-11-09 00:00:00-05:00,128.4498121209889,129.2220380172975,127.30942899124204,127.4531021118164,10359500,0.0,0.0
2023-11-10 00:00:00-05:00,128.66528039096727,128.7999790505305,127.26450202059718,128.3599853515625,11988200,0.0,0.0
2023-11-13 00:00:00-05:00,128.5395745996761,129.57220955536792,128.270204673463,129.30282592773438,8747700,0.0,0.0
2023-11-14 00:00:00-05:00,129.7338362226722,130.649735109321,129.17712008638617,130.24566650390625,11224400,0.0,0.0
2023-11-15 00:00:00-05:00,130.0750453893574,131.67337081414342,129.670976818178,130.70359802246094,10052100,0.0,0.0
2023-11-16 00:00:00-05:00,129.76904330051354,130.21363539981388,127.70028892016798,128.63485717773438,14031300,1.51,0.0
2023-11-17 00:00:00-05:00,129.70551691758484,131.7379833505451,129.20647227500032,131.07562255859375,11075600,0.0,0.0
2023-11-20 00:00:00-05:00,131.22987372036403,132.19166132364083,130.90322756783178,131.00303649902344,8062400,0.0,0.0
2023-11-21 00:00:00-05:00,130.50401401547447,130.9304691716524,129.47870517040238,130.69454956054688,6783300,0.0,0.0
2023-11-22 00:00:00-05:00,128.60764172418308,131.01211083948004,127.6821419432753,130.95767211914062,7216100,0.0,0.0
2023-11-24 00:00:00-05:00,130.9304372727865,132.4184887812591,130.8396968529228,131.47483825683594,3861000,0.0,0.0
2023-11-27 00:00:00-05:00,131.24797303181978,131.4022344816633,129.6147565833059,130.98484802246094,9850800,0.0,0.0
2023-11-28 00:00:00-05:00,131.3659747402837,132.9447668358092,130.71268241420734,132.02833557128906,9746500,0.0,0.0
2023-11-29 00:00:00-05:00,132.82678974181647,132.91753015946762,129.80531658861253,130.57656860351562,16417100,0.0,0.0
2023-11-30 00:00:00-05:00,131.5474353714139,132.48200360044618,128.87075897238816,130.29530334472656,16276000,0.0,0.0
2023-12-01 00:00:00-05:00,130.19551027974694,132.9356942341825,129.38797024038536,131.39320373535156,11906500,0.0,0.0
2023-12-04 00:00:00-05:00,130.65822754945125,132.20071774456792,129.9777159476312,131.44761657714844,11842800,0.0,0.0
2023-12-05 00:00:00-05:00,131.34782830726525,131.62911811008246,129.4151844688512,129.62387084960938,9597600,0.0,0.0
2023-12-06 00:00:00-05:00,128.7527981587778,130.685455667939,128.25376736001996,129.32443237304688,18079700,0.0,0.0
2023-12-07 00:00:00-05:00,130.21361620546637,130.66729058770343,127.92710728742283,129.224609375,14786700,0.0,0.0
2023-12-08 00:00:00-05:00,130.2136626383044,131.26619090322546,129.85979704777645,130.93954467773438,10821700,0.0,0.0
2023-12-11 00:00:00-05:00,131.42040690445688,131.9285200560494,130.49492102621838,130.97581481933594,9849600,0.0,0.0
2023-12-12 00:00:00-05:00,129.9051480899565,130.286232989252,128.61671423661082,129.29722595214844,9863900,0.0,0.0
2023-12-13 00:00:00-05:00,128.99778232369314,131.27522291732475,128.52595705246685,131.2117156982422,10641300,0.0,0.0
2023-12-14 00:00:00-05:00,132.33686175407522,136.03883361816406,132.33686175407522,136.03883361816406,14960500,0.0,0.0
2023-12-15 00:00:00-05:00,133.67065595381223,135.93902836265335,133.67065595381223,135.5125732421875,30850900,0.0,0.0
2023-12-18 00:00:00-05:00,136.8554100256849,138.02588379059165,135.48531843342306,135.81195068359375,11561700,0.0,0.0
2023-12-19 00:00:00-05:00,136.06603839911577,137.76277630275487,135.6395833358945,137.5903778076172,8738100,0.0,0.0
2023-12-20 00:00:00-05:00,138.0531507513847,138.87884169971932,136.15679458260982,136.32919311523438,9370000,0.0,0.0
2023-12-21 00:00:00-05:00,136.8100587338593,136.82820958750347,135.3945967405993,136.74655151367188,7264700,0.0,0.0
2023-12-22 00:00:00-05:00,137.6811113368117,138.27088251639788,136.78283104424565,137.05503845214844,6396100,0.0,0.0
2023-12-26 00:00:00-05:00,137.98053671757887,138.8334329477253,137.82627524011363,138.28903198242188,5165600,0.0,0.0
2023-12-27 00:00:00-05:00,138.16201907834792,138.79716053105827,137.3181774129257,137.8353729248047,5337200,0.0,0.0
2023-12-28 00:00:00-05:00,137.1729822420646,137.93516574131627,135.55790251741462,135.8936309814453,8148000,0.0,0.0
2023-12-29 00:00:00-05:00,136.1295532909601,136.31102030052674,134.8955582428435,135.3401641845703,7658600,0.0,0.0
2024-01-02 00:00:00-05:00,136.0932652183389,137.4452062058254,135.4127535497237,135.63050842285156,8879700,0.0,0.0
2024-01-03 00:00:00-05:00,135.54885316987657,138.99678179838082,134.90462935167713,138.21646118164062,10255300,0.0,0.0
2024-01-04 00:00:00-05:00,139.42324936728477,140.0493223866748,136.63768131754583,136.70120239257812,8220300,0.0,0.0
2024-01-05 00:00:00-05:00,137.8988839402379,137.94425415490335,135.94808931503582,136.46527099609375,7455400,0.0,0.0
2024-01-08 00:00:00-05:00,134.6687127177426,135.83011812142666,132.99919418057732,135.64865112304688,10038200,0.0,0.0
2024-01-09 00:00:00-05:00,136.0569464156619,136.0569464156619,132.10090519200244,132.20071411132812,11784700,0.0,0.0
2024-01-10 00:00:00-05:00,132.4910974977844,132.4910974977844,130.75805768122973,131.11192321777344,8490400,0.0,0.0
2024-01-11 00:00:00-05:00,132.07369768616945,132.6271810438998,131.22078754359697,131.81964111328125,8612500,0.0,0.0
2024-01-12 00:00:00-05:00,134.1334031372611,134.74132530044332,132.62720048785903,133.6252899169922,9386900,0.0,0.0
2024-01-16 00:00:00-05:00,132.93568513589565,132.99920620584638,130.27715944889917,130.37696838378906,9380400,0.0,0.0
2024-01-17 00:00:00-05:00,129.22463025974352,130.67639405554746,128.8798332431048,129.85977172851562,8167000,0.0,0.0
2024-01-18 00:00:00-05:00,129.75088656335765,129.92328506141124,126.68404299599122,128.6802215576172,11187800,0.0,0.0
2024-01-19 00:00:00-05:00,128.5985378202479,129.0703630591854,127.9452455955786,129.06129455566406,11192500,0.0,0.0
2024-01-22 00:00:00-05:00,128.76189815721497,129.44240989793659,127.86361767524562,129.2881622314453,9184600,0.0,0.0
2024-01-23 00:00:00-05:00,128.83445958531692,130.05030364024765,128.75278767204134,128.92518615722656,6767200,0.0,0.0
2024-01-24 00:00:00-05:00,129.47869564742274,131.54745019776902,129.04317201709895,131.49301147460938,8100000,0.0,0.0
2024-01-25 00:00:00-05:00,132.67256451830903,134.91371753142798,131.77428407398708,134.80484008789062,9773600,0.0,0.0
2024-01-26 00:00:00-05:00,134.31487874401125,135.43091419873267,133.36215947264276,135.32203674316406,9151900,0.0,0.0
2024-01-29 00:00:00-05:00,135.276646629948,135.39460641950046,133.48009965200004,135.267578125,10494800,0.0,0.0
2024-01-30 00:00:00-05:00,134.45093801900674,136.38359538595512,134.02449682209448,136.21119689941406,9902900,0.0,0.0
2024-01-31 00:00:00-05:00,136.43803929709816,136.44712164623724,133.68877344656934,133.7704315185547,10428000,0.0,0.0
2024-02-01 00:00:00-05:00,134.46002785769048,135.21312906213694,132.94475694454326,134.1878204345703,8641100,0.0,0.0
2024-02-02 00:00:00-05:00,136.88268051985654,139.16920404060664,135.6940554597392,138.13482666015625,12839100,0.0,0.0
2024-02-05 00:00:00-05:00,137.5722373634412,139.287126250283,136.81913610640916,138.21646118164062,8277800,0.0,0.0
2024-02-06 00:00:00-05:00,138.3707006723482,139.31433739167105,137.7446277459022,138.23460388183594,6198200,0.0,0.0
2024-02-07 00:00:00-05:00,138.84252834604047,139.53210850492167,137.16392739390378,138.0349884033203,6252000,0.0,0.0
2024-02-08 00:00:00-05:00,137.87167172910273,140.00394732352513,137.5994642720419,139.7861785888672,9237000,0.0,0.0
2024-02-09 00:00:00-05:00,140.11281851026195,140.9294408449704,136.9915360114739,137.0459747314453,9194500,0.0,0.0
2024-02-12 00:00:00-05:00,137.572207007357,138.47048721465234,137.3635206806271,137.98959350585938,6713000,0.0,0.0
2024-02-13 00:00:00-05:00,138.47957850211404,138.88789656491207,135.73939491494264,136.64674377441406,6987100,0.0,0.0
2024-02-14 00:00:00-05:00,137.26375641859894,138.09851584209616,136.1749403812133,137.01876831054688,5995100,0.0,0.0
2024-02-15 00:00:00-05:00,137.50491650518794,142.2562635999837,137.28477152158365,141.67840576171875,8950300,1.63,0.0
2024-02-16 00:00:00-05:00,142.513060530609,142.87996875452498,141.33898220631315,141.8343048095703,7570200,0.0,0.0
2024-02-20 00:00:00-05:00,142.6048126528372,142.7332270515995,141.10052369757065,141.25645446777344,6977900,0.0,0.0
2024-02-21 00:00:00-05:00,141.7792982348244,142.69654796968035,141.34818973975248,142.57730102539062,6628900,0.0,0.0
2024-02-22 00:00:00-05:00,142.0086063494055,143.6688260796207,141.10052410091376,142.568115234375,8874900,0.0,0.0
2024-02-23 00:00:00-05:00,142.05444625023247,142.10031153112763,140.56850632283715,141.86183166503906,6561600,0.0,0.0
2024-02-26 00:00:00-05:00,141.75175382080283,142.6781849187284,141.1005144114108,141.66920471191406,6900800,0.0,0.0
2024-02-27 00:00:00-05:00,140.5226591694685,141.1463962786438,137.49573218945665,139.5687255859375,15093800,0.0,0.0
2024-02-28 00:00:00-05:00,139.75217459778688,141.12804924373668,139.2201680551518,139.73382568359375,6715900,0.0,0.0
2024-02-29 00:00:00-05:00,140.25665495365288,140.5593490341173,138.9449806049738,139.43112182617188,9334400,0.0,0.0
2024-03-01 00:00:00-05:00,140.3850619471281,141.57748929318151,139.65125942677838,140.1649169921875,7459100,0.0,0.0
2024-03-04 00:00:00-05:00,139.8805742031362,139.96312331408913,135.45025663244684,136.5601348876953,12503200,0.0,0.0
2024-03-05 00:00:00-05:00,136.51429044898802,138.15616144514817,136.02814917099036,137.21139526367188,6985500,0.0,0.0
2024-03-06 00:00:00-05:00,138.34877303893268,139.79802923512716,135.88136912245494,136.05564880371094,14692100,0.0,0.0
2024-03-07 00:00:00-05:00,136.21157976331256,138.2753915779082,136.16571447931983,137.00958251953125,8739300,0.0,0.0
2024-03-08 00:00:00-05:00,137.00959538730442,137.5782997692108,136.11069452032592,137.47740173339844,7528400,0.0,0.0
2024-03-11 00:00:00-04:00,138.04606166638825,139.4953176810247,137.2113611902674,139.42193603515625,7577100,0.0,0.0
2024-03-12 00:00:00-04:00,139.2660121837775,139.94478194459012,138.3120647363587,139.321044921875,6432900,0.0,0.0
2024-03-13 00:00:00-04:00,140.55932622723904,142.06361493096367,140.47676313060367,141.15553283691406,8065600,0.0,0.0
2024-03-14 00:00:00-04:00,141.0454953729626,142.84329701195088,140.1190641850458,142.81578063964844,9047200,0.0,0.0
2024-03-15 00:00:00-04:00,142.34798169028835,144.0448852198296,141.64169550977812,142.67819213867188,20387200,0.0,0.0
2024-03-18 00:00:00-04:00,143.1184644849526,143.70550371224473,142.11866570655368,142.54977416992188,7242700,0.0,0.0
2024-03-19 00:00:00-04:00,142.44889030661872,143.86144877653808,142.18288003880315,143.65965270996094,7736700,0.0,0.0
2024-03-20 00:00:00-04:00,142.87080482444904,143.48536042925116,141.467413936624,141.7609405517578,8449100,0.0,0.0
2024-03-21 00:00:00-04:00,142.12782193162172,142.80659167045545,141.63251330866387,142.04527282714844,7899100,0.0,0.0
2024-03-22 00:00:00-04:00,142.24707483154458,142.43052195900643,141.40320684832508,141.86183166503906,5974700,0.0,0.0
2024-03-25 00:00:00-04:00,142.61398195137178,144.2925506114993,142.42136734880302,143.52206420898438,6058700,0.0,0.0
2024-03-26 00:00:00-04:00,143.56791825664186,143.87977977666117,141.85265190429797,142.42135620117188,6677900,0.0,0.0
2024-03-27 00:00:00-04:00,142.05444775562245,143.49453641350235,142.03611283996503,143.4119873046875,7416900,0.0,0.0
2024-03-28 00:00:00-04:00,144.14579320938518,145.0997407911525,143.43033952111995,144.68698120117188,8331600,0.0,0.0
2024-04-01 00:00:00-04:00,145.17312186077666,146.38388425287212,143.95317801366352,145.9160919189453,6285700,0.0,0.0
2024-04-02 00:00:00-04:00,146.80582785966052,147.87900840643476,145.86106172029207,146.55816650390625,8815400,0.0,0.0
2024-04-03 00:00:00-04:00,146.851666936648,147.63132070098501,146.5031076089925,147.1635284423828,7819700,0.0,0.0
2024-04-04 00:00:00-04:00,147.4937355382469,148.54856695876666,146.5948348670838,147.39283752441406,9269700,0.0,0.0
2024-04-05 00:00:00-04:00,147.97987775475468,148.7503640498312,146.6315197403118,148.2275390625,7432800,0.0,0.0
2024-04-08 00:00:00-04:00,148.27342639236306,149.05309433038593,147.0626639194778,147.9248809814453,7253200,0.0,0.0
2024-04-09 00:00:00-04:00,148.45688529193896,149.08060843596684,147.18190863353263,148.59446716308594,6576200,0.0,0.0
2024-04-10 00:00:00-04:00,148.7870574148601,149.30071492952655,147.68634674501197,149.208984375,7525800,0.0,0.0
2024-04-11 00:00:00-04:00,150.080383510523,150.080383510523,146.57649711952152,148.49354553222656,7682500,0.0,0.0
2024-04-12 00:00:00-04:00,148.86042854823324,150.30968456775327,144.96211782358765,145.80599975585938,11071000,0.0,0.0
2024-04-15 00:00:00-04:00,146.70490435713506,147.2093944401199,144.33839869195742,144.5493621826172,7236900,0.0,0.0
2024-04-16 00:00:00-04:00,144.28339226761335,144.75118461380882,142.5589582135173,143.34779357910156,5541900,0.0,0.0
2024-04-17 00:00:00-04:00,143.0817782455731,144.6594487666088,142.76073526894461,143.4578399658203,6733900,0.0,0.0
2024-04-18 00:00:00-04:00,144.1366117431719,144.96213084290875,143.4486744946848,144.53103637695312,4979200,0.0,0.0
2024-04-19 00:00:00-04:00,145.6133714914322,147.4478706598282,145.06301614246624,146.7599334716797,7734700,0.0,0.0
2024-04-22 00:00:00-04:00,146.714074253704,149.2365107144452,145.32903236295422,148.52105712890625,6779200,0.0,0.0
2024-04-23 00:00:00-04:00,147.96155776912101,149.37413024902344,147.31031827196605,149.37413024902344,5597600,0.0,0.0
2024-04-24 00:00:00-04:00,148.48436140436496,150.2821626817739,148.0899368204906,150.03451538085938,7610300,0.0,0.0
2024-04-25 00:00:00-04:00,150.15377115688122,151.896553962107,149.20900509773884,151.60302734375,9702600,0.0,0.0
2024-04-26 00:00:00-04:00,151.55716371998088,153.16235069188713,149.78687852053034,152.1625518798828,9736400,0.0,0.0
2024-04-29 00:00:00-04:00,152.1809036496307,153.28160050894851,151.06185787709023,152.56614685058594,6364000,0.0,0.0
2024-04-30 00:00:00-04:00,152.23595229516144,152.37353416840247,147.6313543237026,147.9248809814453,8457300,0.0,0.0
2024-05-01 00:00:00-04:00,147.47539421895755,148.08994979080342,145.7509604378196,146.42056274414062,7713700,0.0,0.0
2024-05-02 00:00:00-04:00,147.1360222969418,148.39264986073016,146.65904855166042,147.42953491210938,8597100,0.0,0.0
2024-05-03 00:00:00-04:00,147.36531823382143,147.36531823382143,144.04486529652738,146.98924255371094,11664500,0.0,0.0
2024-05-06 00:00:00-04:00,147.42950993870934,150.4472686667953,147.42950993870934,148.86959838867188,8430300,0.0,0.0
2024-05-07 00:00:00-04:00,148.8787739732691,149.64926024526872,148.61277775893024,149.208984375,6869900,0.0,0.0
2024-05-08 00:00:00-04:00,148.54859346534835,149.58509015638825,148.17251771067296,149.0897674560547,6706400,0.0,0.0
2024-05-09 00:00:00-04:00,149.53003186799802,151.81397438633346,149.26402164945037,151.75894165039062,6683300,0.0,0.0
2024-05-10 00:00:00-04:00,152.30014022006836,152.64869959899414,151.36455556524695,152.09835815429688,5490900,0.0,0.0
2024-05-13 00:00:00-04:00,152.70371886951747,153.09814349972802,149.49334507230756,150.9150848388672,6848300,0.0,0.0
2024-05-14 00:00:00-04:00,150.74080108063197,151.52963632356145,149.5300388450418,150.0712127685547,4924000,0.0,0.0
2024-05-15 00:00:00-04:00,149.63095306913368,150.2455087092557,146.9158877075826,149.5575714111328,7603100,0.0,0.0
2024-05-16 00:00:00-04:00,149.65948334091945,150.09494511515086,148.68664290620137,149.25181579589844,6409400,1.63,0.0
2024-05-17 00:00:00-04:00,149.86330893884394,150.99365465658119,149.34446450528267,150.7156982421875,5497900,0.0,0.0
2024-05-20 00:00:00-04:00,150.7620321199548,151.0214543461177,149.23329299167696,149.2981414794922,4913800,0.0,0.0
2024-05-21 00:00:00-04:00,148.77928415854922,149.59461916308248,148.00101754737648,148.214111328125,4783300,0.0,0.0
2024-05-22 00:00:00-04:00,147.79718923738193,147.79718923738193,145.01765340590822,145.99049377441406,6260500,0.0,0.0
2024-05-23 00:00:00-04:00,146.31477714148886,146.94481266931768,144.84162641623766,145.40679931640625,6718400,0.0,0.0
2024-05-24 00:00:00-04:00,146.4629924230192,147.28758738982518,145.74031432345657,146.15724182128906,4477700,0.0,0.0
2024-05-28 00:00:00-04:00,146.50007342210424,147.70454185375533,146.34256807805426,147.3524627685547,6928300,0.0,0.0
2024-05-29 00:00:00-04:00,146.4074234647238,146.84288521569155,144.94353287555882,145.36972045898438,5909600,0.0,0.0
2024-05-30 00:00:00-04:00,145.32337465128984,146.81505914464276,145.28630626406198,146.62974548339844,6369600,0.0,0.0
2024-05-31 00:00:00-04:00,146.97258216870176,150.63230122040653,146.8613911310583,150.3728790283203,10334200,0.0,0.0
2024-06-03 00:00:00-04:00,149.6224224125969,149.79844781060044,144.9620683566757,145.88858032226562,9009900,0.0,0.0
2024-06-04 00:00:00-04:00,144.27643775380866,144.86014478917446,142.7847529925572,144.65631103515625,6360500,0.0,0.0
2024-06-05 00:00:00-04:00,144.6841117821816,145.4809126372205,143.17389275592802,143.5908203125,7058500,0.0,0.0
2024-06-06 00:00:00-04:00,143.14610293660024,144.5544051246246,142.11767405874215,144.47100830078125,5215100,0.0,0.0
2024-06-07 00:00:00-04:00,144.26718045760467,146.10167014107807,143.72980183568816,144.6099853515625,5887700,0.0,0.0
2024-06-10 00:00:00-04:00,144.91574592424743,146.57419619076433,144.83236323688402,145.22149658203125,7074700,0.0,0.0
2024-06-11 00:00:00-04:00,144.69336231010175,145.23074091076313,143.1275549307944,144.98985290527344,5132000,0.0,0.0
2024-06-12 00:00:00-04:00,145.91638656791307,146.04609768828064,141.20042953019163,142.88668823242188,10017400,0.0,0.0
2024-06-13 00:00:00-04:00,142.46975678886005,142.76623328277597,141.04292036594478,141.60809326171875,6163000,0.0,0.0
2024-06-14 00:00:00-04:00,141.87678512467073,142.02501629816075,140.8020278265248,141.35794067382812,6159100,0.0,0.0
2024-06-17 00:00:00-04:00,141.2930775161214,142.61798286685348,140.76495889942896,141.932373046875,6321400,0.0,0.0
2024-06-18 00:00:00-04:00,142.26590650495461,144.48952943236424,141.60807682885314,142.06207275390625,6942900,0.0,0.0
2024-06-20 00:00:00-04:00,142.4141567533424,145.8422481095203,141.98795503975964,145.1288299560547,8336000,0.0,0.0
2024-06-21 00:00:00-04:00,145.27707653604995,146.0831374082804,143.81318595907425,143.8687744140625,21289800,0.0,0.0
2024-06-24 00:00:00-04:00,144.78602527060212,147.81570914481907,144.71190261867858,147.6026153564453,7971600,0.0,0.0
2024-06-25 00:00:00-04:00,147.42659647641634,147.64896446333566,146.08315679856125,146.8151092529297,5985400,0.0,0.0
2024-06-26 00:00:00-04:00,146.81510196436741,146.81510196436741,144.34130241223886,144.4895477294922,8637800,0.0,0.0
2024-06-27 00:00:00-04:00,145.18443190038747,145.40679987649855,144.2023314131037,144.83236694335938,5568700,0.0,0.0
2024-06-28 00:00:00-04:00,145.94415652452702,146.92625686360168,144.6933598210191,144.92498779296875,11283400,0.0,0.0
2024-07-01 00:00:00-04:00,145.61063682281846,147.03745915592793,144.51734525495763,145.01766967773438,5584100,0.0,0.0
2024-07-02 00:00:00-04:00,146.0924080568388,146.12947645449216,144.0262902173833,145.2307586669922,7216800,0.0,0.0
2024-07-03 00:00:00-04:00,145.4067888600807,146.14800125350982,145.05470979227547,145.19369506835938,3264200,0.0,0.0
2024-07-05 00:00:00-04:00,145.0454541933748,145.0454541933748,142.38635518086576,142.97006225585938,6183100,0.0,0.0
2024-07-08 00:00:00-04:00,142.05282963423585,143.86878527571977,142.05282963423585,142.9886016845703,4990700,0.0,0.0
2024-07-09 00:00:00-04:00,141.75634242686567,143.386998531313,141.15411525454275,141.73780822753906,5301600,0.0,0.0
2024-07-10 00:00:00-04:00,141.29309651210826,144.0170443724325,141.10779691794363,143.72982788085938,5416600,0.0,0.0
2024-07-11 00:00:00-04:00,143.60936220991618,145.16589560789214,142.88668396979142,143.85025024414062,8322500,0.0,0.0
2024-07-12 00:00:00-04:00,144.6841091969377,144.94353141138933,143.2016844251138,144.15599060058594,6446300,0.0,0.0
2024-07-15 00:00:00-04:00,145.4160392641383,147.79718162307037,144.87866066791105,146.42593383789062,5661200,0.0,0.0
2024-07-16 00:00:00-04:00,145.47163836822872,146.67610674883665,144.6748375137451,146.17579650878906,6924200,0.0,0.0
2024-07-17 00:00:00-04:00,146.8521418757948,149.61314348696092,146.6575681487305,149.3815155029297,7296600,0.0,0.0
2024-07-18 00:00:00-04:00,149.38151475310204,152.2073789715884,148.46427698891065,150.067138671875,6577700,0.0,0.0
2024-07-19 00:00:00-04:00,150.53964723795093,150.74348098381157,146.7687512144277,147.45436096191406,6427700,0.0,0.0
2024-07-22 00:00:00-04:00,146.59274618792728,147.296890297302,145.32342912976077,145.45314025878906,5577300,0.0,0.0
2024-07-23 00:00:00-04:00,144.86014610535844,145.09177408817004,142.53459210996184,142.76622009277344,6238700,0.0,0.0
2024-07-24 00:00:00-04:00,143.32213054267575,144.25790248831882,142.14545645091374,143.67420959472656,5971700,0.0,0.0
2024-07-25 00:00:00-04:00,143.95216294476805,146.6297820226033,143.25727895428363,145.9626922607422,5432100,0.0,0.0
2024-07-26 00:00:00-04:00,146.13871423166555,147.35244252713957,145.5179529712876,146.24063110351562,5232500,0.0,0.0
2024-07-29 00:00:00-04:00,146.62052072710563,146.62052072710563,143.47964568271496,145.09178161621094,5072000,0.0,0.0
2024-07-30 00:00:00-04:00,144.96206834001262,148.32529716125097,144.94353414221678,147.84352111816406,5740900,0.0,0.0
2024-07-31 00:00:00-04:00,149.80774458120283,149.80774458120283,148.28826529387453,148.67739868164062,6209200,0.0,0.0
2024-08-01 00:00:00-04:00,147.04671969096407,147.77865792037358,140.85761243410985,141.4042510986328,16689900,0.0,0.0
2024-08-02 00:00:00-04:00,140.02374897322073,140.8668640637937,136.2157844714668,137.6333465576172,13278600,0.0,0.0
2024-08-05 00:00:00-04:00,134.82603676414382,135.05766477542346,132.87109578344553,134.02923583984375,13037200,0.0,0.0
2024-08-06 00:00:00-04:00,133.87172940087956,134.42762814096258,132.6023982959139,132.70431518554688,9692700,0.0,0.0
2024-08-07 00:00:00-04:00,133.95510946376513,135.02059263111377,131.82412899161636,131.944580078125,8867900,0.0,0.0
2024-08-08 00:00:00-04:00,132.5561042798045,134.17750059359633,132.2225593297549,133.8717498779297,7531100,0.0,0.0
2024-08-09 00:00:00-04:00,133.6122979875837,135.37266508315815,132.66725181564178,134.33497619628906,7653100,0.0,0.0
2024-08-12 00:00:00-04:00,135.12249487327398,135.95636408283963,129.4244522264334,134.36276245117188,8442200,0.0,0.0
2024-08-13 00:00:00-04:00,133.49185317040963,133.92731494960634,132.53754692343426,133.55670166015625,7794800,0.0,0.0
2024-08-14 00:00:00-04:00,133.779090908449,134.5666319035015,132.8896330097715,134.03851318359375,5874200,0.0,0.0
2024-08-15 00:00:00-04:00,134.89087716281418,136.6790526540833,134.78896027846773,136.011962890625,6304200,0.0,0.0
2024-08-16 00:00:00-04:00,135.3170725080481,136.77168891144197,134.93719921729195,136.44741821289062,6874400,0.0,0.0
2024-08-19 00:00:00-04:00,136.79403683013933,138.40547384941632,136.68161564599075,137.56228637695312,5967400,1.63,0.0
2024-08-20 00:00:00-04:00,137.09387341405053,137.26250522434398,135.435589134445,135.55738830566406,7497600,0.0,0.0
2024-08-21 00:00:00-04:00,136.25067202710233,137.38430495170306,135.42622601397923,136.1476287841797,5985000,0.0,0.0
2024-08-22 00:00:00-04:00,136.1757178099474,137.0938575832149,135.96960275738266,136.53172302246094,4027000,0.0,0.0
2024-08-23 00:00:00-04:00,137.2812318930621,138.74276460566716,137.08449480249843,138.30242919921875,4824100,0.0,0.0
2024-08-26 00:00:00-04:00,139.56721219767562,140.6165147075768,138.23684243100104,139.1268768310547,5780300,0.0,0.0
2024-08-27 00:00:00-04:00,139.28618109405684,140.11064144907607,137.4780065285094,137.67474365234375,5100000,0.0,0.0
2024-08-28 00:00:00-04:00,137.1969286320884,137.8527428204902,136.29751610536803,136.78469848632812,5614400,0.0,0.0
2024-08-29 00:00:00-04:00,137.21566831008954,138.82709130905943,136.26004519450203,138.1150665283203,4466700,0.0,0.0
2024-08-30 00:00:00-04:00,136.99081701498162,138.73341721422403,136.50363462173172,138.6116180419922,6414800,0.0,0.0
2024-09-03 00:00:00-04:00,136.36309022914904,136.5692052801985,135.17324685184997,135.52926635742188,7944700,0.0,0.0
2024-09-04 00:00:00-04:00,135.51056161576344,136.3443857144766,132.7280219648003,133.102783203125,9820700,0.0,0.0
2024-09-05 00:00:00-04:00,134.1333181220933,134.1333181220933,131.72554018193608,132.03469848632812,9371100,0.0,0.0
2024-09-06 00:00:00-04:00,132.1658667557119,133.1402171274813,129.16783482111984,129.8142852783203,7836400,0.0,0.0
2024-09-09 00:00:00-04:00,129.88924659346955,133.0559105406965,129.7955527280802,131.44447326660156,9892300,0.0,0.0
2024-09-10 00:00:00-04:00,132.0065988660333,132.17524497136233,128.43708260496552,129.505126953125,8202500,0.0,0.0
2024-09-11 00:00:00-04:00,129.4863881621963,129.73933585429955,126.82563404795816,129.17721557617188,9534000,0.0,0.0
2024-09-12 00:00:00-04:00,129.50510950205515,130.66684756281506,128.74623786952725,130.4232635498047,6591500,0.0,0.0
2024-09-13 00:00:00-04:00,131.04161159711688,132.59683832717914,130.89172142095453,131.7349090576172,5900700,0.0,0.0
2024-09-16 00:00:00-04:00,132.74674359235422,134.13332422596423,132.16588163010084,133.12149047851562,6864300,0.0,0.0
2024-09-17 00:00:00-04:00,132.8497898787483,135.0420889980392,132.79357928015258,134.35816955566406,7338800,0.0,0.0
2024-09-18 00:00:00-04:00,134.27387050139657,136.40995929004762,134.15207132537626,134.87347412109375,6180300,0.0,0.0
2024-09-19 00:00:00-04:00,136.60669060418417,137.51546681199545,135.78223030125994,135.8384552001953,7247400,0.0,0.0
2024-09-20 00:00:00-04:00,136.06329997140858,136.7003868426219,134.38628833054332,136.48489379882812,23162900,0.0,0.0
2024-09-23 00:00:00-04:00,137.01890728904547,139.05193824923774,136.737840004702,138.22747802734375,6960600,0.0,0.0
2024-09-24 00:00:00-04:00,139.48293659264874,139.68905168743123,137.637278704801,138.1431884765625,6014200,0.0,0.0
2024-09-25 00:00:00-04:00,137.67474613977456,138.1057179592334,134.44250752870786,134.88284301757812,7888400,0.0,0.0
2024-09-26 00:00:00-04:00,132.00658987397173,134.1801616881604,131.75364217672453,133.02780151367188,8046200,0.0,0.0
2024-09-27 00:00:00-04:00,133.9553032207352,136.56921042308005,133.82414039200768,136.306884765625,8049200,0.0,0.0
2024-09-30 00:00:00-04:00,136.1944497752677,138.17127017703393,135.17325244100078,137.9745330810547,7491700,0.0,0.0
2024-10-01 00:00:00-04:00,137.11263009345882,141.01942471309542,136.26942806242883,140.2511749267578,9489100,0.0,0.0
2024-10-02 00:00:00-04:00,142.10619127954473,142.6683259461605,139.83893957003696,141.42227172851562,8105400,0.0,0.0
2024-10-03 00:00:00-04:00,141.75951870071495,142.5652372558193,140.550948015896,141.70330810546875,6553300,0.0,0.0
2024-10-04 00:00:00-04:00,142.85568959134335,142.87443122445757,140.66339027433722,141.22552490234375,7892400,0.0,0.0
2024-10-07 00:00:00-04:00,141.93753195743048,143.10863370625415,141.17866031150083,141.58151245117188,5895900,0.0,0.0
2024-10-08 00:00:00-04:00,139.78272359668114,140.15748479193186,138.40550658245016,139.3611297607422,5892700,0.0,0.0
2024-10-09 00:00:00-04:00,138.19938928404176,140.87887103050915,138.05886277287362,140.20431518554688,4973500,0.0,0.0
2024-10-10 00:00:00-04:00,141.16929348681276,141.9843900893662,140.3916944444343,141.1130828857422,4420900,0.0,0.0
2024-10-11 00:00:00-04:00,140.88822898341874,142.71514484749923,140.76642982725483,141.86257934570312,5051300,0.0,0.0
2024-10-14 00:00:00-04:00,141.01940931817248,142.3122960848559,140.70085873908596,142.1998748779297,4214700,0.0,0.0
2024-10-15 00:00:00-04:00,139.40797240311633,140.49475839235188,138.24623417713929,138.40550231933594,6704600,0.0,0.0
2024-10-16 00:00:00-04:00,138.98635625246106,139.62342871890405,138.8551934331537,139.3423614501953,4303700,0.0,0.0
2024-10-17 00:00:00-04:00,139.83891143510763,141.77826277863318,139.56722212150225,141.65646362304688,6593100,0.0,0.0
2024-10-18 00:00:00-04:00,141.30048236931685,141.5440664261079,139.95137064870613,141.23489379882812,5208200,0.0,0.0
2024-10-21 00:00:00-04:00,142.40599218937726,142.85569131981714,140.99130622920305,141.356689453125,5074000,0.0,0.0
2024-10-22 00:00:00-04:00,141.70332238094946,142.10617455124813,140.7383356102077,141.39414978027344,4416400,0.0,0.0
2024-10-23 00:00:00-04:00,140.8694971341885,141.4691006977692,139.86702710837886,140.98191833496094,5248600,0.0,0.0
2024-10-24 00:00:00-04:00,141.59089846685117,141.8906930978484,139.95135592525514,140.9538116455078,5474300,0.0,0.0
2024-10-25 00:00:00-04:00,141.83448488593257,142.51840435486622,140.96319198251146,141.2910919189453,6839900,0.0,0.0
2024-10-28 00:00:00-04:00,138.89267941469254,141.18803618163471,138.80836351245213,141.0381317138672,8892000,0.0,0.0
2024-10-29 00:00:00-04:00,140.56969473647985,140.92571428303805,138.53666358587427,139.14564514160156,6014700,0.0,0.0
2024-10-30 00:00:00-04:00,139.67030915971932,140.2043242322934,138.33993901733373,138.705322265625,5784000,0.0,0.0
2024-10-31 00:00:00-04:00,139.37048713762516,140.1293731628675,138.55540480522964,139.4267120361328,8400900,0.0,0.0
2024-11-01 00:00:00-04:00,142.85566115757044,146.08789888607484,142.124894864019,143.40843200683594,11728000,0.0,0.0
2024-11-04 00:00:00-05:00,144.67322646827606,144.67322646827606,142.9868370612147,144.2516326904297,6130000,0.0,0.0
2024-11-05 00:00:00-05:00,144.77629241789495,144.9074552518701,142.92127111005306,143.72698974609375,5978900,0.0,0.0
2024-11-06 00:00:00-05:00,147.18409164889746,148.59877758937432,146.26593747178305,147.76495361328125,12118900,0.0,0.0
2024-11-07 00:00:00-05:00,147.97104265209396,148.036616912819,146.52823736804464,146.87489318847656,8143200,0.0,0.0
2024-11-08 00:00:00-05:00,146.71565246809922,147.63379235940167,145.84434521648393,147.02481079101562,6041500,0.0,0.0
2024-11-11 00:00:00-05:00,147.22155180374702,147.97105982961557,146.05981364886696,146.6219482421875,7771700,0.0,0.0
2024-11-12 00:00:00-05:00,147.37146805766736,147.5307362028583,145.32905888117622,145.4883270263672,5681900,0.0,0.0
2024-11-13 00:00:00-05:00,146.21908282265966,148.98288001532296,144.7762775019054,148.70181274414062,8824000,0.0,0.0
2024-11-14 00:00:00-05:00,149.75112371728045,151.61552290166804,149.60121925814178,151.58741760253906,10111200,0.0,0.0
2024-11-15 00:00:00-05:00,151.3251086661544,152.13082735345014,150.61306955441356,151.23141479492188,9022800,0.0,0.0
2024-11-18 00:00:00-05:00,151.9601597727098,152.8687470661849,150.54997568253643,152.14944458007812,6075400,1.63,0.0
2024-11-19 00:00:00-05:00,151.4112267746186,151.8371212101593,150.2471114664059,151.0515899658203,4657400,0.0,0.0
2024-11-20 00:00:00-05:00,151.34497818203542,152.79302787604024,151.2219365604844,152.6889190673828,6391300,0.0,0.0
2024-11-21 00:00:00-05:00,153.34198033571445,153.9382268114043,152.65106978542133,152.97286987304688,7945200,0.0,0.0
2024-11-22 00:00:00-05:00,152.85926363383538,153.9003516698393,152.5185452258254,153.6637420654297,7005900,0.0,0.0
2024-11-25 00:00:00-05:00,153.46497710578913,154.43034829427623,151.26924757998927,151.77085876464844,10702400,0.0,0.0
2024-11-26 00:00:00-05:00,153.61641313568907,154.2126739440887,152.75515073277936,153.8246307373047,7369500,0.0,0.0
2024-11-27 00:00:00-05:00,154.04231850444006,155.85947861411427,152.95392005236855,153.42713928222656,7674500,0.0,0.0
2024-11-29 00:00:00-05:00,153.55964214543127,154.03286138162673,152.05480844029086,153.25677490234375,5077000,0.0,0.0
2024-12-02 00:00:00-05:00,153.5974766530396,154.2221294429564,151.5342479391672,153.5217742919922,6229600,0.0,0.0
2024-12-03 00:00:00-05:00,154.25055227362722,154.45876991188916,152.74571843105747,153.24732971191406,5900100,0.0,0.0
2024-12-04 00:00:00-05:00,153.1621428324384,153.17160201841273,149.40478086537203,149.84014892578125,7862700,0.0,0.0
2024-12-05 00:00:00-05:00,150.7581853973723,152.06427517539504,150.19033095064927,150.79605102539062,6358400,0.0,0.0
2024-12-06 00:00:00-05:00,150.24710361674767,150.3228204255666,146.85885224000046,146.92510986328125,9701700,0.0,0.0
2024-12-09 00:00:00-05:00,148.5908633775953,151.5058960609137,148.42051135787568,148.6665802001953,9404500,0.0,0.0
2024-12-10 00:00:00-05:00,150.54048099449486,150.97584898788838,148.30688592041756,148.5908203125,9126200,0.0,0.0
2024-12-11 00:00:00-05:00,148.45833411596135,148.75172772140422,147.45511168128397,147.84315490722656,13764700,0.0,0.0
2024-12-12 00:00:00-05:00,147.52135000919537,148.14600282433267,146.0070572215491,146.42349243164062,7621500,0.0,0.0
2024-12-13 00:00:00-05:00,146.5749174495109,146.66010788515882,144.8713398006262,145.62847900390625,5816200,0.0,0.0
2024-12-16 00:00:00-05:00,145.64742709863233,145.64742709863233,141.2559528279074,141.3600616455078,11961200,0.0,0.0
2024-12-17 00:00:00-05:00,140.07289314407393,140.68807237114527,139.04127868079834,140.177001953125,11909300,0.0,0.0
2024-12-18 00:00:00-05:00,139.84572492955235,140.70698729113388,136.26818913383235,136.3628387451172,10174500,0.0,0.0
2024-12-19 00:00:00-05:00,136.82663058173912,137.00644177862816,133.40051314850834,133.5897979736328,16544300,0.0,0.0
2024-12-20 00:00:00-05:00,133.2774616826978,135.19873046875,133.02191927249024,135.19873046875,32209200,0.0,0.0
2024-12-23 00:00:00-05:00,134.84854161246406,135.67195285548866,133.9588871898307,135.3123016357422,8156500,0.0,0.0
2024-12-24 00:00:00-05:00,135.43534123552897,136.32498120341754,134.64032200152687,136.1356964111328,3556100,0.0,0.0
2024-12-26 00:00:00-05:00,135.97481012703494,136.58053015625447,135.24604847826149,136.26820373535156,4492600,0.0,0.0
2024-12-27 00:00:00-05:00,136.56160069504404,137.90555603306467,135.7098118473174,136.28713989257812,5296500,0.0,0.0
2024-12-30 00:00:00-05:00,136.08838961721253,136.26821524821358,134.72553026745348,135.40696716308594,6194800,0.0,0.0
2024-12-31 00:00:00-05:00,135.83286196937442,137.55537258566142,135.64357715153605,137.0821533203125,6137800,0.0,0.0
2025-01-02 00:00:00-05:00,137.687875199049,140.13916200108878,137.687875199049,138.8520050048828,7170300,0.0,0.0
2025-01-03 00:00:00-05:00,139.6375458801251,140.5461332981337,139.41040985675323,139.9309539794922,5809000,0.0,0.0
2025-01-06 00:00:00-05:00,140.4514673866933,142.27810119819767,139.00341763945414,139.37252807617188,5888700,0.0,0.0
2025-01-07 00:00:00-05:00,140.5555578349863,142.43897539967745,139.72270188542984,141.5777130126953,7736000,0.0,0.0
2025-01-08 00:00:00-05:00,140.1107498207501,143.0825661465588,140.1012906346492,142.2497100830078,7640900,0.0,0.0
2025-01-10 00:00:00-05:00,145.19313399177975,146.073314866317,142.78917211054946,144.93759155273438,11074700,0.0,0.0
2025-01-13 00:00:00-05:00,145.84617250570506,148.9220975016141,145.75152288307515,147.0292205810547,11774100,0.0,0.0
2025-01-14 00:00:00-05:00,146.89673156612056,148.5056741894498,146.18690266393068,148.49620056152344,6830200,0.0,0.0
2025-01-15 00:00:00-05:00,148.47727643887785,150.190327812517,148.00405718907675,149.849609375,7900000,0.0,0.0
2025-01-16 00:00:00-05:00,149.56567081442472,151.33550613861817,149.56567081442472,150.84336853027344,5578900,0.0,0.0
2025-01-17 00:00:00-05:00,150.60677879593078,153.10537611823324,150.29445232545459,152.82144165039062,9260400,0.0,0.0
2025-01-21 00:00:00-05:00,152.51855989920426,152.7551695263774,149.0546059329337,149.76443481445312,10131400,0.0,0.0
2025-01-22 00:00:00-05:00,149.2344066090553,149.95370906756915,147.89993938132136,148.03244018554688,7232200,0.0,0.0
2025-01-23 00:00:00-05:00,149.18710986526455,149.48050349845178,147.28475918046007,147.65386962890625,5979800,0.0,0.0
2025-01-24 00:00:00-05:00,148.07976815440915,149.03566580231737,146.9535040737174,147.31314086914062,8003800,0.0,0.0
2025-01-27 00:00:00-05:00,147.95672860472496,149.4331703158325,147.1901157502272,148.8085174560547,7141000,0.0,0.0
2025-01-28 00:00:00-05:00,149.2628125656956,150.4079949896181,146.8683100288937,147.84315490722656,6425400,0.0,0.0
2025-01-29 00:00:00-05:00,147.37942044515816,148.19335822156788,146.5181578502872,147.3510284423828,5630600,0.0,0.0
2025-01-30 00:00:00-05:00,148.17438632851218,149.01671588555342,147.19009679503264,147.94725036621094,6931900,0.0,0.0
2025-01-31 00:00:00-05:00,145.5243425627559,146.1016704826027,140.68804244644943,141.19912719726562,16726800,0.0,0.0
2025-02-03 00:00:00-05:00,141.01930940848334,142.77968525795404,139.8835863149706,141.34109497070312,7605000,0.0,0.0
2025-02-04 00:00:00-05:00,140.75433248634852,145.17419847335108,140.75433248634852,145.0133056640625,8458100,0.0,0.0
2025-02-05 00:00:00-05:00,144.79563903808594,145.56225195334014,144.13312049953944,144.79563903808594,6533700,0.0,0.0
2025-02-06 00:00:00-05:00,145.95973640778553,146.94402602462048,142.96898749118387,143.7639923095703,6420500,0.0,0.0
2025-02-07 00:00:00-05:00,144.31293376226424,145.5716986594751,143.78293053007127,144.4454345703125,4724900,0.0,0.0
2025-02-10 00:00:00-05:00,146.0259728212191,147.45510403250907,145.80829603516642,147.4267120361328,5653800,0.0,0.0
2025-02-11 00:00:00-05:00,147.9756639524015,150.20925937045115,147.7579727014289,149.0072784423828,6011800,0.0,0.0
2025-02-12 00:00:00-05:00,148.35423425502728,149.0356711275,146.29100526557212,146.6033172607422,6693500,0.0,0.0
2025-02-13 00:00:00-05:00,146.48976503712422,148.0419237601204,145.10797277134463,147.53085327148438,7836400,0.0,0.0
2025-02-14 00:00:00-05:00,148.4016382951856,150.66957196806092,148.21025401337786,148.6504364013672,5828800,1.71,0.0
2025-02-18 00:00:00-05:00,148.6504555080225,150.5356208595904,148.11457360940784,149.43515014648438,5981500,0.0,0.0
2025-02-19 00:00:00-05:00,149.77964420696725,151.5404031470938,149.28203334069278,150.4590606689453,4945800,0.0,0.0
2025-02-20 00:00:00-05:00,150.71743266034437,152.10498705656278,150.3059571545888,151.95187377929688,6256200,0.0,0.0
2025-02-21 00:00:00-05:00,151.32029830699278,152.10497825462284,150.0667144505024,150.1623992919922,6689800,0.0,0.0
2025-02-24 00:00:00-05:00,150.32507024061132,151.51167611752336,149.99971551041563,151.0906219482422,5925000,0.0,0.0
2025-02-25 00:00:00-05:00,151.18632599300065,152.14326200626982,148.76527904756446,149.68392944335938,6810900,0.0,0.0
2025-02-26 00:00:00-05:00,149.87530655354917,149.94229908008083,147.75090753761776,148.45904541015625,6005200,0.0,0.0
2025-02-27 00:00:00-05:00,148.9853787390542,151.47340375443977,148.14327032681123,149.9231719970703,7517200,0.0,0.0
2025-02-28 00:00:00-05:00,149.95188426543484,151.83704955453953,148.24853917198277,151.78919982910156,8828500,0.0,0.0
2025-03-03 00:00:00-05:00,152.5930378953846,153.19589771304916,145.22461819745502,146.49734497070312,9059800,0.0,0.0
2025-03-04 00:00:00-05:00,144.69831158687043,147.5116914064795,143.5882622257892,145.45428466796875,8826300,0.0,0.0
2025-03-05 00:00:00-05:00,143.68393995212534,144.85140308407776,141.37773520284827,144.31552124023438,9288300,0.0,0.0
2025-03-06 00:00:00-05:00,144.02844639477914,146.72701319135606,143.03323928076978,146.36337280273438,7314700,0.0,0.0
2025-03-07 00:00:00-05:00,147.32031458623948,150.66959104790246,147.09065925966198,149.60739135742188,8562600,0.0,0.0
2025-03-10 00:00:00-04:00,150.42076822634576,153.46381761762925,149.4446894435051,150.78440856933594,11750300,0.0,0.0
2025-03-11 00:00:00-04:00,151.60736503023315,151.99971229867214,147.1671825286403,147.4447021484375,10466300,0.0,0.0
2025-03-12 00:00:00-04:00,147.02367298118705,148.1241437390545,145.6648253682329,146.09544372558594,9710200,0.0,0.0
2025-03-13 00:00:00-04:00,145.70306468936067,147.77961397999815,145.3777099658545,146.99493408203125,9022800,0.0,0.0
2025-03-14 00:00:00-04:00,147.35858735830612,150.46862951578726,146.42077951760606,150.2581024169922,6671500,0.0,0.0
2025-03-17 00:00:00-04:00,150.4494685371876,152.58343157906214,150.0092715833172,151.88487243652344,7615200,0.0,0.0
2025-03-18 00:00:00-04:00,152.8609585319371,154.15281334249093,151.98057918351753,153.88487243652344,9289500,0.0,0.0
2025-03-19 00:00:00-04:00,154.0380019431195,157.4542561553413,153.97100940872014,156.98536682128906,11503900,0.0,0.0
2025-03-20 00:00:00-04:00,156.10497248665388,158.19108593291045,155.4159774067545,157.67434692382812,9545900,0.0,0.0
2025-03-21 00:00:00-04:00,157.40641428884655,157.7891828637169,156.0858378826792,157.65521240234375,21625500,0.0,0.0
2025-03-24 00:00:00-04:00,157.5977988320003,159.26285819724163,157.24373716958652,157.91358947753906,8068000,0.0,0.0
2025-03-25 00:00:00-04:00,158.9279462975301,160.593020337307,157.9997171295821,158.79397583007812,7869200,0.0,0.0
2025-03-26 00:00:00-04:00,160.16237430501576,161.6839136485428,160.0475466570834,160.73654174804688,10076100,0.0,0.0
2025-03-27 00:00:00-04:00,160.047556148958,160.97578529595376,158.7078515046783,159.473388671875,6862700,0.0,0.0
2025-03-28 00:00:00-04:00,159.52124687088678,159.93273699171942,158.18154215542623,158.93751525878906,4923000,0.0,0.0
2025-03-31 00:00:00-04:00,159.03319460112394,161.6456257667774,158.97578077796211,160.0858154296875,10675300,0.0,0.0
2025-04-01 00:00:00-04:00,160.08583269594766,161.3394312441549,159.0045048391752,161.2532958984375,6378600,0.0,0.0
2025-04-02 00:00:00-04:00,160.1911063341101,160.74613105561582,158.7078669768042,159.30116271972656,7044900,0.0,0.0
2025-04-03 00:00:00-04:00,153.22457911397106,154.4016208416313,149.09062341707818,149.39683532714844,15501000,0.0,0.0
2025-04-04 00:00:00-04:00,145.2246162268055,145.8944831732992,136.60262728490466,137.10980224609375,20374700,0.0,0.0
2025-04-07 00:00:00-04:00,132.75573084190827,139.89448002294344,131.37774062774818,134.1145782470703,17817000,0.0,0.0
2025-04-08 00:00:00-04:00,137.94232848673326,138.26769784742964,129.06196293576758,131.0332489013672,12904400,0.0,0.0
2025-04-09 00:00:00-04:00,129.20551748408616,141.1193691169662,128.11461090424456,139.7413787841797,16846800,0.0,0.0
2025-04-10 00:00:00-04:00,137.0523792026675,137.4447264788507,127.70311011351575,129.16722106933594,20991200,0.0,0.0
2025-04-11 00:00:00-04:00,129.1959353048823,131.2150710240119,126.35383397033293,129.78924560546875,17224400,0.0,0.0
2025-04-14 00:00:00-04:00,132.51650645263078,132.57392028210674,128.32513628234034,129.4925994873047,9628200,0.0,0.0
2025-04-15 00:00:00-04:00,128.53565754600254,130.74617749041272,128.4686650135366,128.7461700439453,9334800,0.0,0.0
2025-04-16 00:00:00-04:00,129.5691395487782,131.62656088428986,128.99498666109196,129.53086853027344,8637200,0.0,0.0
2025-04-17 00:00:00-04:00,130.80360736282756,134.20073368534716,130.57393742550929,131.9327850341797,8434400,0.0,0.0
2025-04-21 00:00:00-04:00,130.16245357204318,130.42081580813482,126.63135699526187,127.97106170654297,9967500,0.0,0.0
2025-04-22 00:00:00-04:00,129.435156253727,132.28683600618854,129.1289443309788,131.38731384277344,7984700,0.0,0.0
2025-04-23 00:00:00-04:00,131.30121118256397,132.58350207634803,129.3299105139617,130.7940216064453,10002000,0.0,0.0
2025-04-24 00:00:00-04:00,131.98061527031635,133.3968765037219,131.31076297084647,133.0811004638672,7745800,0.0,0.0
2025-04-25 00:00:00-04:00,132.37296871620254,133.06196385682404,131.33947600527026,132.7557373046875,6878500,0.0,0.0
2025-04-28 00:00:00-04:00,132.9853995706344,134.41123949385766,132.70787994851045,134.06674194335938,6715500,0.0,0.0
2025-04-29 00:00:00-04:00,132.71746166907826,133.98060964848048,132.60263401686493,133.3011932373047,7343800,0.0,0.0
2025-04-30 00:00:00-04:00,132.0571568723766,132.200691419608,128.36338363956017,130.20069885253906,13858000,0.0,0.0
2025-05-01 00:00:00-04:00,129.58826713441354,132.00931396718812,129.3011834234551,130.39208984375,10199800,0.0,0.0
2025-05-02 00:00:00-04:00,131.94234884559893,133.76052152195993,129.46387334878048,132.53564453125,12393200,0.0,0.0
2025-05-05 00:00:00-04:00,130.880153625731,131.10024483881313,129.35861413944443,129.6648406982422,9665000,0.0,0.0
2025-05-06 00:00:00-04:00,130.47824591385373,131.39689641289212,129.22464733016898,129.7605438232422,9916200,0.0,0.0
2025-05-07 00:00:00-04:00,130.2103078482285,130.43039907241194,128.82273876100595,129.94235229492188,8422100,0.0,0.0
2025-05-08 00:00:00-04:00,130.80358518674376,132.90884148267023,130.59305809698265,131.1385040283203,8669300,0.0,0.0
2025-05-09 00:00:00-04:00,132.91840994913653,133.368171055509,131.77008962290932,132.5260772705078,5965700,0.0,0.0
2025-05-12 00:00:00-04:00,136.31552937890692,137.52127807601758,134.51649963994018,135.52127075195312,8028200,0.0,0.0
2025-05-13 00:00:00-04:00,135.43515408561558,137.0619424034004,134.8514225278692,136.2198486328125,8536800,0.0,0.0
2025-05-14 00:00:00-04:00,135.6552430506502,136.10500414192558,134.6696001319024,135.56912231445312,6453600,0.0,0.0
2025-05-15 00:00:00-04:00,133.97105763920374,136.3251269338918,133.50215368085938,136.13372802734375,7545400,0.0,0.0
2025-05-16 00:00:00-04:00,136.55477421866905,136.84185795990106,134.64090207936974,135.98062133789062,8200100,0.0,0.0
2025-05-19 00:00:00-04:00,135.0895205387903,135.1379530922306,132.81332354295895,134.1403045654297,7713600,1.71,0.0
2025-05-20 00:00:00-04:00,133.9465712898682,134.39213007997776,132.7261507805871,132.9586181640625,6503900,0.0,0.0
2025-05-21 00:00:00-04:00,132.32901211194675,132.82300340798443,131.23451338564018,131.30230712890625,9073200,0.0,0.0
2025-05-22 00:00:00-04:00,130.7502362326262,131.71882820915772,129.56855283889448,131.04080200195312,8877600,0.0,0.0
2025-05-23 00:00:00-04:00,130.16905929459546,132.4936738435721,129.84942220769184,132.25152587890625,7025900,0.0,0.0
2025-05-27 00:00:00-04:00,133.06515894307807,133.636624612658,132.12562362483476,133.5010223388672,8348900,0.0,0.0
2025-05-28 00:00:00-04:00,134.4211718776747,134.4308524752611,131.39917012242225,131.74786376953125,6876300,0.0,0.0
2025-05-29 00:00:00-04:00,132.21278840504667,133.60756304305687,131.8253575742833,133.57850646972656,7554300,0.0,0.0
2025-05-30 00:00:00-04:00,132.58084834739924,133.1329379798525,130.96330183893053,132.406494140625,12858900,0.0,0.0
2025-06-02 00:00:00-04:00,134.14030530905538,134.33402074435017,132.14499346485204,133.51071166992188,9076600,0.0,0.0
2025-06-03 00:00:00-04:00,133.32665885155754,136.17432118289693,132.30964925854062,135.1669921875,9001300,0.0,0.0
2025-06-04 00:00:00-04:00,135.04108206593415,136.21308477783828,133.0167285249121,133.0554656982422,8735600,0.0,0.0
2025-06-05 00:00:00-04:00,133.81095955160248,133.9465618208254,132.40650431046387,132.6002197265625,6342600,0.0,0.0
2025-06-06 00:00:00-04:00,133.75286460015417,136.19372055775398,133.75286460015417,135.80628967285156,6563500,0.0,0.0
2025-06-09 00:00:00-04:00,136.13559323724263,137.67565079685772,135.3026036197932,136.3389892578125,7159500,0.0,0.0
2025-06-10 00:00:00-04:00,137.753127523428,140.38769841221557,137.452866428966,138.84764099121094,9841500,0.0,0.0
2025-06-11 00:00:00-04:00,139.6612614055957,140.5620447331385,138.13088450697597,140.23272705078125,9256700,0.0,0.0
2025-06-12 00:00:00-04:00,139.9615239485203,140.63953529547732,138.92512356281972,140.41676330566406,6999400,0.0,0.0
2025-06-13 00:00:00-04:00,142.46050605920323,142.96417801246324,140.00027422483112,141.32725524902344,14148000,0.0,0.0
2025-06-16 00:00:00-04:00,141.1528856766154,142.25707979063503,139.22539736065139,141.44346618652344,10105100,0.0,0.0
2025-06-17 00:00:00-04:00,142.70264765976103,145.2694103055945,141.89871460212234,144.17491149902344,11330300,0.0,0.0
2025-06-18 00:00:00-04:00,144.74636909049636,145.45343700595816,143.0610139431571,143.53562927246094,9841900,0.0,0.0
2025-06-20 00:00:00-04:00,143.85527206495007,145.19191882700184,143.2547350412938,144.85292053222656,23705900,0.0,0.0
2025-06-23 00:00:00-04:00,147.34219404271673,147.37125061714534,141.72437288660473,142.24740600585938,10540600,0.0,0.0
2025-06-24 00:00:00-04:00,140.00026307425196,141.79216395436643,138.6636163371751,139.04136657714844,10778400,0.0,0.0
2025-06-25 00:00:00-04:00,138.90576902366007,139.6709501277088,138.0340274390483,138.73141479492188,7386100,0.0,0.0
2025-06-26 00:00:00-04:00,139.18666374245086,140.52332539635574,138.89608319427057,139.90342712402344,7415700,0.0,0.0
2025-06-27 00:00:00-04:00,140.00995825239727,140.1261845477499,138.0921504813839,139.27381896972656,9213500,0.0,0.0
2025-06-30 00:00:00-04:00,138.5473750807455,139.57409488145575,137.92747687289466,138.6926727294922,6980300,0.0,0.0
2025-07-01 00:00:00-04:00,138.83795430565732,141.67593615390686,138.03402128460476,140.9979248046875,8508200,0.0,0.0
2025-07-02 00:00:00-04:00,142.39269426011495,143.3612861897847,140.90106919142113,143.3322296142578,8228700,0.0,0.0
2025-07-03 00:00:00-04:00,143.19662366907048,144.30081784944207,142.73170369300337,143.70997619628906,5173300,0.0,0.0
2025-07-07 00:00:00-04:00,142.7704315185547,143.51625137474534,141.00760205246786,142.7704315185547,9460900,0.0,0.0
2025-07-08 00:00:00-04:00,142.6929553571868,148.42701721191406,142.63482743262855,148.42701721191406,14082100,0.0,0.0
2025-07-09 00:00:00-04:00,148.1364391015312,149.12440692145196,147.69088034994698,148.21392822265625,9495900,0.0,0.0
2025-07-10 00:00:00-04:00,147.99114307559728,150.40294211604734,146.91600552497962,149.3278045654297,8395100,0.0,0.0
2025-07-11 00:00:00-04:00,149.4440237931324,150.9937766002345,148.7466512874284,150.43199157714844,8333200,0.0,0.0
2025-07-14 00:00:00-04:00,150.03487113343084,150.03487113343084,146.39297111068112,146.88694763183594,10706300,0.0,0.0
2025-07-15 00:00:00-04:00,146.8385296703238,147.5262216039968,145.53092476725513,145.9571075439453,7346300,0.0,0.0
2025-07-16 00:00:00-04:00,146.02491740375555,146.72230479175397,144.5332923002558,145.2113037109375,7923400,0.0,0.0
2025-07-17 00:00:00-04:00,144.47516736386297,147.0709864900446,143.9327582795587,146.6254425048828,8359600,0.0,0.0
2025-07-18 00:00:00-04:00,150.1511127019564,151.013158857141,141.92776257609933,145.3275146484375,45782600,0.0,0.0
2025-07-21 00:00:00-04:00,146.45108454888867,146.9063239000828,144.446107107695,144.97882080078125,17982200,0.0,0.0
2025-07-22 00:00:00-04:00,144.57201418791792,146.19925618102536,143.8165137273983,145.3275146484375,26196500,0.0,0.0
2025-07-23 00:00:00-04:00,146.17019609663046,148.33015173163832,145.7440133282081,148.31077575683594,13162800,0.0,0.0
2025-07-24 00:00:00-04:00,147.8943060952129,151.10034306081533,147.41969072265667,150.93568420410156,15701000,0.0,0.0
2025-07-25 00:00:00-04:00,150.935672131464,151.29404639214457,149.12441007294683,149.9767608642578,7875500,0.0,0.0
2025-07-28 00:00:00-04:00,150.5191706798661,151.63306019804276,150.0833072942922,151.3715362548828,8755400,0.0,0.0
2025-07-29 00:00:00-04:00,151.75896362600946,152.27233090254234,150.56759979143226,152.0979766845703,6446000,0.0,0.0
2025-07-30 00:00:00-04:00,151.23592234100212,151.40058117267387,147.9039642001347,148.73695373535156,9191700,0.0,0.0
2025-07-31 00:00:00-04:00,147.22596723103592,149.09534248393533,146.3929776147314,146.8772735595703,10237100,0.0,0.0
2025-08-01 00:00:00-04:00,147.74898469548356,149.7927139573665,145.6277810966289,146.64479064941406,10706500,0.0,0.0
2025-08-04 00:00:00-04:00,146.49952285974612,147.30345589923192,145.11444355597828,146.29611206054688,10116600,0.0,0.0
2025-08-05 00:00:00-04:00,146.28644236804126,148.29143481711264,145.19192872504829,148.23330688476562,8604100,0.0,0.0
2025-08-06 00:00:00-04:00,149.62806374826005,150.28671388677162,147.43905150400815,147.98146057128906,7840900,0.0,0.0
2025-08-07 00:00:00-04:00,148.95973590382275,150.27702142688074,148.02989599315765,148.3495330810547,6510400,0.0,0.0
2025-08-08 00:00:00-04:00,149.15346540400066,150.85818175196025,148.6788500733605,150.14141845703125,6332800,0.0,0.0
2025-08-11 00:00:00-04:00,150.46105488089842,151.0325205270144,148.18487289432935,148.6304168701172,6169700,0.0,0.0
2025-08-12 00:00:00-04:00,149.250327122246,151.14877381027765,148.54325915078513,149.58934020996094,6641600,0.0,0.0
2025-08-13 00:00:00-04:00,149.71525339533935,151.11001328222585,149.3568643510661,150.9744110107422,6581900,0.0,0.0
2025-08-14 00:00:00-04:00,150.80976104621382,150.80976104621382,149.2600228207882,150.28672790527344,7337300,0.0,0.0
2025-08-15 00:00:00-04:00,150.59665626990443,153.5605449577189,150.4126214542035,151.633056640625,11617000,0.0,0.0
2025-08-18 00:00:00-04:00,151.22625321605025,151.57494688002484,149.88959170755783,150.4416961669922,8174300,0.0,0.0
2025-08-19 00:00:00-04:00,150.2947763784859,150.7648718260094,148.71798326552073,148.86488342285156,8567500,1.71,0.0
2025-08-20 00:00:00-04:00,149.27623569529183,150.324173416356,148.79633688694472,150.0597381591797,8076300,0.0,0.0
2025-08-21 00:00:00-04:00,149.66798715966343,152.45919493816282,149.57983211549114,152.3416748046875,7533600,0.0,0.0
2025-08-22 00:00:00-04:00,152.116423284921,155.51483835371138,152.116423284921,154.91741943359375,9084300,0.0,0.0
2025-08-25 00:00:00-04:00,154.6431964390881,155.05454679705431,153.9282573823613,154.93701171875,7030000,0.0,0.0
2025-08-26 00:00:00-04:00,154.2612342677764,156.69988155432912,153.32104334712696,154.1143341064453,10270000,0.0,0.0
2025-08-27 00:00:00-04:00,154.1535214481866,156.6901124501049,153.96745286898627,155.95558166503906,7483000,0.0,0.0
2025-08-28 00:00:00-04:00,155.7303017027732,156.22979215881952,154.5942388748921,156.03392028808594,6502000,0.0,0.0
2025-08-29 00:00:00-04:00,156.40607551014764,157.77720852103656,156.1612319307817,157.2875213623047,6934800,0.0,0.0
2025-09-02 00:00:00-04:00,157.1699804663553,158.52152175654427,156.09267772344916,158.4921417236328,8947300,0.0,0.0
2025-09-03 00:00:00-04:00,156.69988473368073,158.51173312854013,153.7813535648543,154.79989624023438,9556100,0.0,0.0
2025-09-04 00:00:00-04:00,154.79990950877254,156.35711116021193,154.25146225624547,154.4375457763672,7243000,0.0,0.0
2025-09-05 00:00:00-04:00,152.84113851471756,153.4875290870537,150.32415453804802,150.4906463623047,11011700,0.0,0.0
2025-09-08 00:00:00-04:00,150.73549881751057,151.83239322752607,149.72674450600013,150.82363891601562,9462000,0.0,0.0
2025-09-09 00:00:00-04:00,151.71487273642916,153.7519730245314,151.41126910181018,151.65611267089844,7769200,0.0,0.0
2025-09-10 00:00:00-04:00,151.8519854565324,154.6627848645788,151.8030137536052,154.53546142578125,7440800,0.0,0.0
2025-09-11 00:00:00-04:00,153.27207221201434,155.64215613599853,152.7921734431164,154.98597717285156,6417400,0.0,0.0
2025-09-12 00:00:00-04:00,155.57360818038495,156.48441907489848,153.8597032143489,153.86949157714844,5546300,0.0,0.0
2025-09-15 00:00:00-04:00,154.13393202645548,155.0545462589706,153.27207786085566,154.06536865234375,5030500,0.0,0.0
2025-09-16 00:00:00-04:00,154.98597294104133,156.79782125636666,154.8586495081833,156.24935913085938,8011000,0.0,0.0
2025-09-17 00:00:00-04:00,155.9163823908857,157.3560637780451,155.33855515224772,156.78802490234375,5736800,0.0,0.0
2025-09-18 00:00:00-04:00,156.7292700791216,156.98390202058138,154.8292815212722,155.56381225585938,6244200,0.0,0.0
2025-09-19 00:00:00-04:00,155.72051537800837,155.72051537800837,152.34167699541194,152.98806762695312,16734000,0.0,0.0
2025-09-22 00:00:00-04:00,152.4102211506432,153.87928257526158,151.94991404207084,152.83135986328125,5244000,0.0,0.0
2025-09-23 00:00:00-04:00,153.8792804334777,156.53339127906898,153.751971940414,154.173095703125,7181400,0.0,0.0
2025-09-24 00:00:00-04:00,155.0545571989381,157.17979778536179,154.98599381998886,155.8968048095703,6285200,0.0,0.0
2025-09-25 00:00:00-04:00,156.15144660048642,157.68905653785598,156.06330649677858,157.40504455566406,6311000,0.0,0.0
2025-09-26 00:00:00-04:00,157.25814496641627,157.97308405036617,156.21999561287194,156.85659790039062,7015200,0.0,0.0
2025-09-29 00:00:00-04:00,155.84782807829237,155.84782807829237,152.35145485746062,152.8803253173828,8315100,0.0,0.0
2025-09-30 00:00:00-04:00,151.69527715121956,152.5179479355468,150.75507129479905,152.08702087402344,7755700,0.0,0.0
2025-10-01 00:00:00-04:00,151.63652142622013,151.8911533589223,150.03034820626002,151.3916778564453,6768400,0.0,0.0
2025-10-02 00:00:00-04:00,150.78446140968973,153.37000875140853,150.15766250697197,150.2066192626953,7562400,0.0,0.0
2025-10-03 00:00:00-04:00,150.4122993435442,151.09785833080343,149.09013812635018,150.38291931152344,7249300,0.0,0.0
2025-10-06 00:00:00-04:00,150.79425949822524,151.46022683728938,149.76591351260865,150.84323120117188,4778900,0.0,0.0
2025-10-07 00:00:00-04:00,150.48085310271725,151.7638459707031,148.15974082643612,151.71487426757812,5479600,0.0,0.0
2025-10-08 00:00:00-04:00,151.17622280796454,151.48961482395896,149.68756963580844,150.5690155029297,5678000,0.0,0.0
2025-10-09 00:00:00-04:00,150.9509766665448,151.77364755205676,148.4339773585518,148.5123291015625,6178600,0.0,0.0
2025-10-10 00:00:00-04:00,147.5917036284187,148.2283058881641,145.81903854118661,145.82882690429688,7796600,0.0,0.0
2025-10-13 00:00:00-04:00,146.90613344259728,148.84529021970144,146.34788296236437,148.80612182617188,5978800,0.0,0.0
2025-10-14 00:00:00-04:00,146.7200690716293,150.29479441774205,146.57316889666663,149.24685668945312,6419400,0.0,0.0
2025-10-15 00:00:00-04:00,149.7463248559112,151.02931774504123,147.9246880557262,148.97262573242188,5824900,0.0,0.0
2025-10-16 00:00:00-04:00,149.0019953294052,149.57982254075935,147.13138695631133,148.58087158203125,5276800,0.0,0.0
2025-10-17 00:00:00-04:00,149.11952856520992,151.00972877349457,149.06076849706764,149.92262268066406,7735500,0.0,0.0
2025-10-20 00:00:00-04:00,150.2654008814303,151.52880217450587,150.02055729143066,151.2937469482422,5676500,0.0,0.0
2025-10-21 00:00:00-04:00,151.54838323031998,152.08702713533464,150.04994176001094,150.6179656982422,6304900,0.0,0.0
2025-10-22 00:00:00-04:00,151.4602295826773,152.7627991955268,150.44168688562712,152.36126708984375,6036700,0.0,0.0
2025-10-23 00:00:00-04:00,154.93701435061374,155.31896973744261,152.89991397283777,153.33084106445312,9810900,0.0,0.0
2025-10-24 00:00:00-04:00,154.17309238824433,154.3787675557948,152.22413225408508,152.35145568847656,4979900,0.0,0.0
2025-10-27 00:00:00-04:00,152.58651881017687,153.27207783083065,151.67569294097078,152.07723999023438,4884400,0.0,0.0
2025-10-28 00:00:00-04:00,151.70508100132923,153.00765068152498,150.71591828662417,150.9509735107422,5066500,0.0,0.0
2025-10-29 00:00:00-04:00,150.68652572596693,152.92928622807452,150.68652572596693,151.9009552001953,7344400,0.0,0.0
2025-10-30 00:00:00-04:00,152.02826782046583,152.02826782046583,150.07932253515713,150.35354614257812,8971200,0.0,0.0
2025-10-31 00:00:00-04:00,152.5179586686564,155.89679708382977,151.91075137235998,154.4669189453125,11136100,0.0,0.0
2025-11-03 00:00:00-05:00,154.16330972867448,154.4669133658563,150.40251606230785,150.86280822753906,8512200,0.0,0.0
2025-11-04 00:00:00-05:00,150.26539520417134,150.58859052404807,149.01179726626137,150.22622680664062,6976800,0.0,0.0
2025-11-05 00:00:00-05:00,150.36332705854193,151.21537787196664,149.5112762451172,149.5112762451172,5894700,0.0,0.0
2025-11-06 00:00:00-05:00,149.75612716879746,151.59734068307742,149.53086032101888,149.78550720214844,6466300,0.0,0.0
2025-11-07 00:00:00-05:00,150.26539999643128,152.94889110688683,150.26539999643128,151.82261657714844,9835900,0.0,0.0
2025-11-10 00:00:00-05:00,152.21435380542817,152.76280102919733,149.22725916447183,152.43960571289062,8436800,0.0,0.0
2025-11-11 00:00:00-05:00,153.51691629200891,154.73134576247588,152.68444218775943,153.01744079589844,6361400,0.0,0.0
2025-11-12 00:00:00-05:00,152.37104952029367,152.5767097466979,148.9432396022803,150.1576690673828,11670900,0.0,0.0
2025-11-13 00:00:00-05:00,150.8236348616347,152.9782552279879,150.75507149081906,152.3710479736328,7998700,0.0,0.0
2025-11-14 00:00:00-05:00,153.00764309560466,154.69216809143398,151.61693337933923,154.3689727783203,8484800,0.0,0.0
2025-11-17 00:00:00-05:00,154.4669190543197,154.6334108955486,151.2545724779908,151.62673950195312,8745000,0.0,0.0
2025-11-18 00:00:00-05:00,151.02264507868776,152.78539998941727,150.28980844294745,152.1317901611328,10813400,1.71,0.0
2025-11-19 00:00:00-05:00,149.69563039322455,150.48788335861272,148.79444245620843,150.2303924560547,7539900,0.0,0.0
2025-11-20 00:00:00-05:00,151.0622436931798,151.55739988284154,148.59637553968363,148.85385131835938,7623400,0.0,0.0
2025-11-21 00:00:00-05:00,148.9826041990594,149.5470744257439,147.30897377671522,148.5270538330078,9248400,0.0,0.0
2025-11-24 00:00:00-05:00,148.3686150118012,148.66569665101713,146.3087633510831,148.29928588867188,14181100,0.0,0.0
2025-11-25 00:00:00-05:00,147.4575057117534,148.44781808083428,146.8336191946904,147.09109497070312,11447900,0.0,0.0
2025-11-26 00:00:00-05:00,146.82370924609825,149.0024085890834,146.76429292055644,148.0615997314453,7578900,0.0,0.0
2025-11-28 00:00:00-05:00,148.01210410879776,150.05214531989023,147.81402953178522,149.66592407226562,3848600,0.0,0.0
2025-12-01 00:00:00-05:00,150.27990048576248,152.4585846534779,150.0323223960001,151.06224060058594,8209000,0.0,0.0
2025-12-02 00:00:00-05:00,150.54729071973566,150.98303058029413,147.81401890749345,148.79443359375,9196300,0.0,0.0
2025-12-03 00:00:00-05:00,149.57678509381228,151.02264791282028,149.51736876484748,150.1214599609375,8060200,0.0,0.0
2025-12-04 00:00:00-05:00,150.27990401072864,151.45837816339466,149.75503965699858,150.7849578857422,7254700,0.0,0.0
2025-12-05 00:00:00-05:00,150.52748453776042,151.15138618418325,148.3785084468204,148.54685974121094,12659800,0.0,0.0
2025-12-08 00:00:00-05:00,147.80412544958838,148.6161888694772,146.2295323628884,147.2693634033203,10237200,0.0,0.0
2025-12-09 00:00:00-05:00,147.6060709570453,148.6459020324533,146.78410982547393,147.05149841308594,8916700,0.0,0.0
2025-12-10 00:00:00-05:00,147.73479921579246,150.32942802556468,147.25945348637862,149.94320678710938,10976300,0.0,0.0
2025-12-11 00:00:00-05:00,149.36882266488863,150.46807004480468,148.64589883641156,149.2598876953125,8414200,0.0,0.0
2025-12-12 00:00:00-05:00,149.6857076440149,150.0818416558508,148.18044373194076,148.53695678710938,5848100,0.0,0.0
2025-12-15 00:00:00-05:00,148.388406506385,148.64589740160758,146.99206239465153,148.3488006591797,7503000,0.0,0.0
2025-12-16 00:00:00-05:00,147.1009910960969,147.378292458592,145.0708628497618,145.32833862304688,11290500,0.0,0.0
2025-12-17 00:00:00-05:00,146.07108261574743,148.41811822633466,145.92254179645775,148.07151794433594,8805300,0.0,0.0
2025-12-18 00:00:00-05:00,147.4080128843418,147.8239422962374,145.655155632735,146.25924682617188,6998800,0.0,0.0
2025-12-19 00:00:00-05:00,146.5266215337201,147.56643740945793,145.76407679534074,146.3186492919922,21701400,0.0,0.0
2025-12-22 00:00:00-05:00,147.36838594245808,149.03211863347343,147.25945097393344,148.3488006591797,8143600,0.0,0.0
2025-12-23 00:00:00-05:00,148.5864623743917,149.61639570846205,148.39831571600223,149.05191040039062,4663700,0.0,0.0
2025-12-24 00:00:00-05:00,148.92319004740133,149.5272812422062,148.64590377217635,149.04202270507812,2227600,0.0,0.0
2025-12-26 00:00:00-05:00,148.92317870626314,149.67581066584782,148.2002397978677,148.56666564941406,3706900,0.0,0.0
2025-12-29 00:00:00-05:00,149.53716513962564,150.1709644404145,148.63597727274808,149.5272674560547,5589100,0.0,0.0
2025-12-30 00:00:00-05:00,150.03232206494468,151.19098570915986,150.00261390311613,150.83447265625,5150500,0.0,0.0
2025-12-31 00:00:00-05:00,150.91370697685954,151.0721605884844,150.20068083551584,150.9335174560547,4953100,0.0,0.0
2026-01-02 00:00:00-05:00,150.69583326236415,154.3896942138672,149.7847476848041,154.3896942138672,6862100,0.0,0.0
2026-01-05 00:00:00-05:00,164.1442828574286,164.1442828574286,157.76666848430816,162.2626953125,35094900,0.0,0.0
2026-01-06 00:00:00-05:00,163.28271554673378,163.4510668436851,154.5976714506855,155.02349853515625,20564900,0.0,0.0
2026-01-07 00:00:00-05:00,155.91479272885633,156.4792629610747,153.39939067302618,153.6964874267578,13537900,0.0,0.0
2026-01-08 00:00:00-05:00,153.9935734867114,158.88571901073215,153.70638954832717,157.70724487304688,12929600,0.0,0.0
2026-01-09 00:00:00-05:00,159.00456347200392,161.12383149614067,158.39057459269296,160.53955078125,12549600,0.0,0.0
2026-01-12 00:00:00-05:00,161.1238165176667,161.9754857441354,159.15310460980243,160.76730346679688,9796800,0.0,0.0
2026-01-13 00:00:00-05:00,161.8863670516483,164.5206016267223,161.71801575923695,162.28248596191406,12068600,0.0,0.0
2026-01-14 00:00:00-05:00,162.5102773331301,167.72921300833124,162.5102773331301,165.61985778808594,16414900,0.0,0.0
2026-01-15 00:00:00-05:00,164.1640870048572,165.70897189558465,163.50057952542772,164.55030822753906,8097400,0.0,0.0
2026-01-16 00:00:00-05:00,164.97614268098556,165.66935835388364,164.20370020104653,164.6493377685547,9745800,0.0,0.0
2026-01-20 00:00:00-05:00,165.0949829940108,166.0258639350399,163.55008299290705,163.69863891601562,11142500,0.0,0.0
2026-01-21 00:00:00-05:00,165.38216518131492,166.84782325244967,164.45126913918625,165.11477661132812,10918500,0.0,0.0
2026-01-22 00:00:00-05:00,164.64933715767114,165.93674632311576,164.12447278506937,165.04547119140625,8957400,0.0,0.0
2026-01-23 00:00:00-05:00,166.32296896925217,166.80822749807135,164.8276026455385,165.10488891601562,8368700,0.0,0.0
2026-01-26 00:00:00-05:00,166.69928040327645,166.77850720493205,165.15439554840995,165.8773193359375,8912600,0.0,0.0
2026-01-27 00:00:00-05:00,166.14470912537365,167.70940446991105,165.0355490049994,167.4123077392578,9784900,0.0,0.0
2026-01-28 00:00:00-05:00,168.31350623379564,168.76904148669854,166.5705466965159,168.28378295898438,9200200,0.0,0.0
2026-01-29 00:00:00-05:00,170.9774333652342,173.2254467909757,169.38302976369442,169.53158569335938,16786600,0.0,0.0
2026-01-30 00:00:00-05:00,170.9477280171557,175.58239807941547,169.61081529396105,175.18626403808594,22946600,0.0,0.0
2026-02-02 00:00:00-05:00,171.7597897293655,174.56237571064676,170.9774344500174,172.3440704345703,14235300,0.0,0.0
2026-02-03 00:00:00-05:00,172.19552789428866,177.08767365176274,172.0667824445757,176.31521606445312,18425400,0.0,0.0
2026-02-04 00:00:00-05:00,177.1470792272229,180.82112960896117,177.1470792272229,179.47430419921875,16170500,0.0,0.0
2026-02-05 00:00:00-05:00,177.89971456198748,178.71177796330625,175.6913221953011,177.49368286132812,10474100,0.0,0.0
2026-02-06 00:00:00-05:00,178.5533223909423,180.33588766972898,177.77096716062908,179.10789489746094,9901800,0.0,0.0
2026-02-09 00:00:00-05:00,179.25644644882368,181.04892462968243,178.20671769701838,180.8310546875,12021300,0.0,0.0
2026-02-10 00:00:00-05:00,180.9597870426526,181.17765698726163,179.1079076244447,180.4943389892578,7458200,0.0,0.0
2026-02-11 00:00:00-05:00,182.15805959510064,184.71306732076616,181.77183837557956,184.0198516845703,10502100,0.0,0.0
2026-02-12 00:00:00-05:00,184.00005165958544,184.00005165958544,180.32598591256385,180.6329803466797,9673700,0.0,0.0
2026-02-13 00:00:00-05:00,180.77161973922844,183.04934129266192,179.95957142492458,181.9600067138672,9034700,0.0,0.0
2026-02-17 00:00:00-05:00,183.3000030517578,183.8000030517578,178.74000549316406,180.5500030517578,9849000,1.78,0.0
2026-02-18 00:00:00-05:00,183.22999572753906,183.9199981689453,181.97999572753906,183.8699951171875,10313400,0.0,0.0
2026-02-19 00:00:00-05:00,185.2899932861328,187.89999389648438,184.74000549316406,184.77999877929688,10773300,0.0,0.0
2026-02-20 00:00:00-05:00,184.58999633789062,184.88999938964844,182.32000732421875,183.92999267578125,9566200,0.0,0.0
2026-02-23 00:00:00-05:00,184.6699981689453,186.6300048828125,184.0500030517578,184.91000366210938,7047200,0.0,0.0
2026-02-24 00:00:00-05:00,185.2899932861328,185.9600067138672,183.85000610351562,185.33999633789062,7451800,0.0,0.0
2026-02-25 00:00:00-05:00,185.83999633789062,185.97999572753906,182.50999450683594,184.22000122070312,9440700,0.0,0.0
2026-02-26 00:00:00-05:00,182.89999389648438,186.25999450683594,181.75999450683594,184.16000366210938,7133800,0.0,0.0
2026-02-27 00:00:00-05:00,186.0,187.5500030517578,183.77000427246094,186.75999450683594,12035500,0.0,0.0
2026-03-02 00:00:00-05:00,190.3300018310547,191.44000244140625,187.22000122070312,189.60000610351562,15809100,0.0,0.0
2026-03-03 00:00:00-05:00,190.52000427246094,191.55999755859375,187.4199981689453,188.77000427246094,14004200,0.0,0.0
2026-03-04 00:00:00-05:00,187.4499969482422,188.4600067138672,184.14999389648438,186.02999877929688,11054400,0.0,0.0
2026-03-05 00:00:00-05:00,186.60000610351562,189.97000122070312,186.49000549316406,189.89999389648438,13567200,0.0,0.0
2026-03-06 00:00:00-05:00,190.8800048828125,192.41000366210938,188.1199951171875,189.94000244140625,13073100,0.0,0.0
2026-03-09 00:00:00-04:00,191.0,191.64999389648438,188.11000061035156,189.44000244140625,15987500,0.0,0.0
2026-03-10 00:00:00-04:00,188.6300048828125,189.17999267578125,185.63999938964844,186.2899932861328,11988700,0.0,0.0
2026-03-11 00:00:00-04:00,186.58999633789062,191.86000061035156,186.49000549316406,191.7899932861328,9428156,0.0,0.0
