Date,Open,High,Low,Close,Volume,Dividends,Stock Splits
2022-01-03 00:00:00-05:00,24.0,24.0,22.049999237060547,23.100000381469727,4047,0.0,0.0
2022-01-04 00:00:00-05:00,23.549999237060547,24.299999237060547,21.149999618530273,22.049999237060547,6507,0.0,0.0
2022-01-05 00:00:00-05:00,21.600000381469727,22.469999313354492,20.850000381469727,21.0,2513,0.0,0.0
2022-01-06 00:00:00-05:00,21.030000686645508,21.149999618530273,19.049999237060547,20.25,3447,0.0,0.0
2022-01-07 00:00:00-05:00,19.950000762939453,21.0,19.649999618530273,20.700000762939453,1547,0.0,0.0
2022-01-10 00:00:00-05:00,20.850000381469727,23.700000762939453,18.600000381469727,20.399999618530273,11433,0.0,0.0
2022-01-11 00:00:00-05:00,20.549999237060547,21.0,19.799999237060547,20.100000381469727,2547,0.0,0.0
2022-01-12 00:00:00-05:00,20.100000381469727,20.549999237060547,19.649999618530273,19.799999237060547,2300,0.0,0.0
2022-01-13 00:00:00-05:00,20.25,21.450000762939453,19.350000381469727,19.350000381469727,14487,0.0,0.0
2022-01-14 00:00:00-05:00,19.5,19.950000762939453,17.954999923706055,18.149999618530273,6387,0.0,0.0
2022-01-18 00:00:00-05:00,18.0,20.25,17.25,18.0,8407,0.0,0.0
2022-01-19 00:00:00-05:00,18.600000381469727,18.600000381469727,17.864999771118164,18.299999237060547,2753,0.0,0.0
2022-01-20 00:00:00-05:00,18.600000381469727,18.600000381469727,17.700000762939453,18.299999237060547,3880,0.0,0.0
2022-01-21 00:00:00-05:00,18.299999237060547,18.75,17.25,17.399999618530273,6427,0.0,0.0
2022-01-24 00:00:00-05:00,17.100000381469727,18.149999618530273,16.049999237060547,18.149999618530273,4720,0.0,0.0
2022-01-25 00:00:00-05:00,18.600000381469727,18.600000381469727,17.25,17.399999618530273,3220,0.0,0.0
2022-01-26 00:00:00-05:00,18.149999618530273,19.950000762939453,17.25,17.700000762939453,16307,0.0,0.0
2022-01-27 00:00:00-05:00,17.850000381469727,17.850000381469727,16.799999237060547,17.399999618530273,3073,0.0,0.0
2022-01-28 00:00:00-05:00,16.950000762939453,17.700000762939453,16.5,16.649999618530273,2420,0.0,0.0
2022-01-31 00:00:00-05:00,16.649999618530273,18.450000762939453,16.649999618530273,17.850000381469727,4580,0.0,0.0
2022-02-01 00:00:00-05:00,17.850000381469727,19.5,17.100000381469727,19.049999237060547,4593,0.0,0.0
2022-02-02 00:00:00-05:00,19.200000762939453,19.350000381469727,18.149999618530273,18.600000381469727,2400,0.0,0.0
2022-02-03 00:00:00-05:00,18.0,19.200000762939453,18.0,18.75,1213,0.0,0.0
2022-02-04 00:00:00-05:00,19.020000457763672,19.950000762939453,18.764999389648438,19.5,1613,0.0,0.0
2022-02-07 00:00:00-05:00,19.799999237060547,19.799999237060547,19.5,19.799999237060547,1413,0.0,0.0
2022-02-08 00:00:00-05:00,19.5,20.700000762939453,19.5,20.100000381469727,3127,0.0,0.0
2022-02-09 00:00:00-05:00,20.700000762939453,21.704999923706055,20.475000381469727,21.149999618530273,2800,0.0,0.0
2022-02-10 00:00:00-05:00,19.950000762939453,22.049999237060547,19.350000381469727,21.899999618530273,7840,0.0,0.0
2022-02-11 00:00:00-05:00,21.299999237060547,27.75,21.149999618530273,24.299999237060547,88360,0.0,0.0
2022-02-14 00:00:00-05:00,23.700000762939453,25.5,22.950000762939453,24.899999618530273,21113,0.0,0.0
2022-02-15 00:00:00-05:00,24.780000686645508,24.899999618530273,24.299999237060547,24.75,10247,0.0,0.0
2022-02-16 00:00:00-05:00,24.719999313354492,28.350000381469727,23.850000381469727,27.899999618530273,51987,0.0,0.0
2022-02-17 00:00:00-05:00,27.600000381469727,29.700000762939453,27.600000381469727,29.475000381469727,20540,0.0,0.0
2022-02-18 00:00:00-05:00,29.850000381469727,37.5,29.549999237060547,34.5,100400,0.0,0.0
2022-02-22 00:00:00-05:00,33.45000076293945,43.20000076293945,33.45000076293945,39.599998474121094,210820,0.0,0.0
2022-02-23 00:00:00-05:00,39.45000076293945,41.25,33.67499923706055,34.20000076293945,58073,0.0,0.0
2022-02-24 00:00:00-05:00,30.899999618530273,32.70000076293945,22.815000534057617,32.70000076293945,65627,0.0,0.0
2022-02-25 00:00:00-05:00,31.5,36.45000076293945,31.5,36.0,22033,0.0,0.0
2022-02-28 00:00:00-05:00,35.54999923706055,38.849998474121094,35.17499923706055,36.0,20513,0.0,0.0
2022-03-01 00:00:00-05:00,35.20500183105469,38.099998474121094,35.20500183105469,37.349998474121094,17680,0.0,0.0
2022-03-02 00:00:00-05:00,36.599998474121094,39.900001525878906,36.45000076293945,38.849998474121094,23107,0.0,0.0
2022-03-03 00:00:00-05:00,38.099998474121094,41.400001525878906,37.650001525878906,40.5,23013,0.0,0.0
2022-03-04 00:00:00-05:00,39.75,41.25,39.0,39.45000076293945,15000,0.0,0.0
2022-03-07 00:00:00-05:00,35.54999923706055,38.849998474121094,35.099998474121094,36.29999923706055,28567,0.0,0.0
2022-03-08 00:00:00-05:00,35.54999923706055,38.25,35.54999923706055,38.099998474121094,13467,0.0,0.0
2022-03-09 00:00:00-05:00,37.95000076293945,37.95000076293945,36.599998474121094,36.599998474121094,5220,0.0,0.0
2022-03-10 00:00:00-05:00,36.599998474121094,38.25,36.599998474121094,37.04999923706055,5413,0.0,0.0
2022-03-11 00:00:00-05:00,37.04999923706055,37.79999923706055,35.70000076293945,35.70000076293945,7353,0.0,0.0
2022-03-14 00:00:00-04:00,35.70000076293945,35.70000076293945,33.525001525878906,33.599998474121094,8553,0.0,0.0
2022-03-15 00:00:00-04:00,33.29999923706055,35.25,33.29999923706055,34.349998474121094,3907,0.0,0.0
2022-03-16 00:00:00-04:00,33.75,37.95000076293945,33.75,36.150001525878906,7000,0.0,0.0
2022-03-17 00:00:00-04:00,36.150001525878906,37.650001525878906,36.0,36.900001525878906,4200,0.0,0.0
2022-03-18 00:00:00-04:00,36.599998474121094,38.849998474121094,36.599998474121094,38.70000076293945,8280,0.0,0.0
2022-03-21 00:00:00-04:00,39.599998474121094,42.29999923706055,39.45000076293945,39.900001525878906,12340,0.0,0.0
2022-03-22 00:00:00-04:00,40.20000076293945,44.25,40.20000076293945,42.0,32287,0.0,0.0
2022-03-23 00:00:00-04:00,43.79999923706055,43.79999923706055,40.5,42.0,8273,0.0,0.0
2022-03-24 00:00:00-04:00,41.54999923706055,42.150001525878906,40.650001525878906,40.650001525878906,6080,0.0,0.0
2022-03-25 00:00:00-04:00,40.349998474121094,40.95000076293945,38.400001525878906,39.599998474121094,4807,0.0,0.0
2022-03-28 00:00:00-04:00,39.150001525878906,41.849998474121094,39.150001525878906,41.099998474121094,3693,0.0,0.0
2022-03-29 00:00:00-04:00,41.70000076293945,41.70000076293945,40.349998474121094,41.70000076293945,4887,0.0,0.0
2022-03-30 00:00:00-04:00,41.70000076293945,42.0,41.23500061035156,41.70000076293945,4087,0.0,0.0
2022-03-31 00:00:00-04:00,41.400001525878906,42.29999923706055,40.95000076293945,42.0,4233,0.0,0.0
2022-04-01 00:00:00-04:00,42.0,42.45000076293945,41.54999923706055,42.150001525878906,4607,0.0,0.0
2022-04-04 00:00:00-04:00,42.29999923706055,42.29999923706055,41.70000076293945,42.29999923706055,2973,0.0,0.0
2022-04-05 00:00:00-04:00,42.900001525878906,43.349998474121094,42.0,43.349998474121094,24547,0.0,0.0
2022-04-06 00:00:00-04:00,42.67499923706055,43.04999923706055,41.849998474121094,42.45000076293945,3713,0.0,0.0
2022-04-07 00:00:00-04:00,42.29999923706055,43.20000076293945,40.5,43.20000076293945,5773,0.0,0.0
2022-04-08 00:00:00-04:00,43.04999923706055,46.04999923706055,42.345001220703125,45.599998474121094,10353,0.0,0.0
2022-04-11 00:00:00-04:00,44.849998474121094,48.29999923706055,44.099998474121094,46.04999923706055,12287,0.0,0.0
2022-04-12 00:00:00-04:00,45.75,47.54999923706055,45.599998474121094,46.20000076293945,6387,0.0,0.0
2022-04-13 00:00:00-04:00,45.82500076293945,47.54999923706055,44.400001525878906,47.099998474121094,6840,0.0,0.0
2022-04-14 00:00:00-04:00,46.95000076293945,48.0,46.650001525878906,47.654998779296875,7147,0.0,0.0
2022-04-18 00:00:00-04:00,48.0,52.20000076293945,46.650001525878906,51.0,19947,0.0,0.0
2022-04-19 00:00:00-04:00,50.70000076293945,52.95000076293945,50.70000076293945,52.20000076293945,17640,0.0,0.0
2022-04-20 00:00:00-04:00,52.95000076293945,54.45000076293945,51.75,53.099998474121094,27033,0.0,0.0
2022-04-21 00:00:00-04:00,53.099998474121094,54.75,46.79999923706055,47.70000076293945,15620,0.0,0.0
2022-04-22 00:00:00-04:00,46.95000076293945,50.25,41.25,46.95000076293945,54607,0.0,0.0
2022-04-25 00:00:00-04:00,46.5,47.099998474121094,41.400001525878906,43.04999923706055,15480,0.0,0.0
2022-04-26 00:00:00-04:00,43.5,45.0,42.209999084472656,43.95000076293945,13813,0.0,0.0
2022-04-27 00:00:00-04:00,44.54999923706055,45.67499923706055,41.25,42.29999923706055,8287,0.0,0.0
2022-04-28 00:00:00-04:00,42.45000076293945,42.75,40.5,42.45000076293945,5687,0.0,0.0
2022-04-29 00:00:00-04:00,42.75,43.5,40.5,43.04999923706055,3507,0.0,0.0
2022-05-02 00:00:00-04:00,42.45000076293945,44.400001525878906,39.75,42.599998474121094,10340,0.0,0.0
2022-05-03 00:00:00-04:00,43.5,43.95000076293945,41.849998474121094,43.95000076293945,18033,0.0,0.0
2022-05-04 00:00:00-04:00,43.5,44.70000076293945,42.75,44.25,10000,0.0,0.0
2022-05-05 00:00:00-04:00,44.400001525878906,45.45000076293945,42.29999923706055,42.75,13407,0.0,0.0
2022-05-06 00:00:00-04:00,43.349998474121094,43.5,41.849998474121094,42.75,5193,0.0,0.0
2022-05-09 00:00:00-04:00,43.20000076293945,43.5,38.849998474121094,39.29999923706055,13020,0.0,0.0
2022-05-10 00:00:00-04:00,39.900001525878906,40.20000076293945,35.849998474121094,36.45000076293945,5393,0.0,0.0
2022-05-11 00:00:00-04:00,36.29999923706055,36.29999923706055,32.400001525878906,32.849998474121094,4433,0.0,0.0
2022-05-12 00:00:00-04:00,33.0,33.0,32.084999084472656,32.54999923706055,3593,0.0,0.0
2022-05-13 00:00:00-04:00,35.099998474121094,35.70000076293945,33.0,33.599998474121094,1787,0.0,0.0
2022-05-16 00:00:00-04:00,32.70000076293945,36.0,27.149999618530273,27.600000381469727,11940,0.0,0.0
2022-05-17 00:00:00-04:00,28.5,31.049999237060547,23.549999237060547,24.299999237060547,18933,0.0,0.0
2022-05-18 00:00:00-04:00,27.899999618530273,27.899999618530273,20.475000381469727,21.450000762939453,22613,0.0,0.0
2022-05-19 00:00:00-04:00,21.0,21.915000915527344,21.0,21.899999618530273,6753,0.0,0.0
2022-05-20 00:00:00-04:00,22.5,24.75,22.5,23.549999237060547,9620,0.0,0.0
2022-05-23 00:00:00-04:00,24.899999618530273,25.049999237060547,22.950000762939453,23.100000381469727,13607,0.0,0.0
2022-05-24 00:00:00-04:00,22.649999618530273,23.309999465942383,22.350000381469727,23.100000381469727,6680,0.0,0.0
2022-05-25 00:00:00-04:00,22.350000381469727,22.950000762939453,20.850000381469727,21.149999618530273,6773,0.0,0.0
2022-05-26 00:00:00-04:00,21.600000381469727,22.350000381469727,21.299999237060547,21.75,14113,0.0,0.0
2022-05-27 00:00:00-04:00,21.299999237060547,22.649999618530273,21.299999237060547,22.200000762939453,5660,0.0,0.0
2022-05-31 00:00:00-04:00,22.200000762939453,23.174999237060547,22.049999237060547,22.649999618530273,5793,0.0,0.0
2022-06-01 00:00:00-04:00,22.5,22.815000534057617,22.350000381469727,22.649999618530273,5840,0.0,0.0
2022-06-02 00:00:00-04:00,22.5,22.799999237060547,22.049999237060547,22.5,8647,0.0,0.0
2022-06-03 00:00:00-04:00,22.5,25.200000762939453,22.350000381469727,25.200000762939453,7813,0.0,0.0
2022-06-06 00:00:00-04:00,27.450000762939453,28.200000762939453,25.200000762939453,25.350000381469727,8580,0.0,0.0
2022-06-07 00:00:00-04:00,24.899999618530273,26.700000762939453,23.850000381469727,23.850000381469727,4333,0.0,0.0
2022-06-08 00:00:00-04:00,24.75,25.799999237060547,22.950000762939453,23.100000381469727,6553,0.0,0.0
2022-06-09 00:00:00-04:00,23.549999237060547,24.450000762939453,22.950000762939453,23.25,8093,0.0,0.0
2022-06-10 00:00:00-04:00,22.950000762939453,23.399999618530273,22.200000762939453,22.350000381469727,2847,0.0,0.0
2022-06-13 00:00:00-04:00,21.75,22.049999237060547,21.524999618530273,21.899999618530273,1740,0.0,0.0
2022-06-14 00:00:00-04:00,21.600000381469727,22.049999237060547,21.450000762939453,22.049999237060547,1833,0.0,0.0
2022-06-15 00:00:00-04:00,21.899999618530273,23.700000762939453,21.899999618530273,23.399999618530273,4140,0.0,0.0
2022-06-16 00:00:00-04:00,23.399999618530273,23.399999618530273,21.75,22.200000762939453,3907,0.0,0.0
2022-06-17 00:00:00-04:00,22.200000762939453,23.549999237060547,22.200000762939453,23.549999237060547,4713,0.0,0.0
2022-06-21 00:00:00-04:00,23.399999618530273,25.5,23.100000381469727,25.350000381469727,4273,0.0,0.0
2022-06-22 00:00:00-04:00,25.350000381469727,26.549999237060547,24.149999618530273,25.049999237060547,3787,0.0,0.0
2022-06-23 00:00:00-04:00,25.350000381469727,26.399999618530273,23.399999618530273,23.850000381469727,4300,0.0,0.0
2022-06-24 00:00:00-04:00,23.850000381469727,25.049999237060547,23.625,24.899999618530273,3853,0.0,0.0
2022-06-27 00:00:00-04:00,24.600000381469727,25.950000762939453,24.600000381469727,25.5,4827,0.0,0.0
2022-06-28 00:00:00-04:00,25.350000381469727,25.950000762939453,24.299999237060547,25.049999237060547,6667,0.0,0.0
2022-06-29 00:00:00-04:00,24.75,25.649999618530273,24.450000762939453,24.899999618530273,3193,0.0,0.0
2022-06-30 00:00:00-04:00,25.049999237060547,25.049999237060547,23.850000381469727,24.450000762939453,4667,0.0,0.0
2022-07-01 00:00:00-04:00,24.75,25.5,24.600000381469727,25.5,1900,0.0,0.0
2022-07-05 00:00:00-04:00,24.899999618530273,25.5,24.899999618530273,25.5,2087,0.0,0.0
2022-07-06 00:00:00-04:00,25.350000381469727,26.25,24.899999618530273,26.100000381469727,3313,0.0,0.0
2022-07-07 00:00:00-04:00,25.799999237060547,27.450000762939453,25.799999237060547,27.450000762939453,4787,0.0,0.0
2022-07-08 00:00:00-04:00,27.600000381469727,27.75,27.239999771118164,27.75,2593,0.0,0.0
2022-07-11 00:00:00-04:00,27.690000534057617,27.75,27.149999618530273,27.75,2173,0.0,0.0
2022-07-12 00:00:00-04:00,27.75,27.75,26.700000762939453,26.80500030517578,1967,0.0,0.0
2022-07-13 00:00:00-04:00,26.850000381469727,26.850000381469727,25.950000762939453,26.399999618530273,2847,0.0,0.0
2022-07-14 00:00:00-04:00,25.950000762939453,26.700000762939453,25.799999237060547,26.700000762939453,2620,0.0,0.0
2022-07-15 00:00:00-04:00,27.299999237060547,32.70000076293945,27.0,32.70000076293945,7640,0.0,0.0
2022-07-18 00:00:00-04:00,35.099998474121094,36.45000076293945,25.649999618530273,27.450000762939453,52140,0.0,0.0
2022-07-19 00:00:00-04:00,26.850000381469727,29.34000015258789,26.399999618530273,27.75,5073,0.0,0.0
2022-07-20 00:00:00-04:00,28.799999237060547,29.850000381469727,27.0,27.450000762939453,5527,0.0,0.0
2022-07-21 00:00:00-04:00,32.70000076293945,34.5,30.149999618530273,33.29999923706055,1154233,0.0,0.0
2022-07-22 00:00:00-04:00,32.400001525878906,32.625,28.950000762939453,30.75,39467,0.0,0.0
2022-07-25 00:00:00-04:00,28.350000381469727,28.950000762939453,26.700000762939453,27.149999618530273,18520,0.0,0.0
2022-07-26 00:00:00-04:00,26.700000762939453,26.969999313354492,24.0,24.75,7633,0.0,0.0
2022-07-27 00:00:00-04:00,24.450000762939453,24.975000381469727,24.299999237060547,24.299999237060547,2100,0.0,0.0
2022-07-28 00:00:00-04:00,24.299999237060547,24.4950008392334,21.075000762939453,21.299999237060547,19033,0.0,0.0
2022-07-29 00:00:00-04:00,21.299999237060547,23.010000228881836,21.299999237060547,22.350000381469727,4693,0.0,0.0
2022-08-01 00:00:00-04:00,21.899999618530273,22.350000381469727,21.0,21.600000381469727,6547,0.0,0.0
2022-08-02 00:00:00-04:00,21.299999237060547,21.299999237060547,20.100000381469727,20.850000381469727,5767,0.0,0.0
2022-08-03 00:00:00-04:00,20.25,22.049999237060547,19.5,21.299999237060547,10640,0.0,0.0
2022-08-04 00:00:00-04:00,21.0,21.899999618530273,20.700000762939453,21.75,4927,0.0,0.0
2022-08-05 00:00:00-04:00,21.299999237060547,23.700000762939453,20.700000762939453,22.5,17120,0.0,0.0
2022-08-08 00:00:00-04:00,25.049999237060547,25.5,22.950000762939453,24.75,18920,0.0,0.0
2022-08-09 00:00:00-04:00,24.450000762939453,26.399999618530273,23.549999237060547,23.700000762939453,18287,0.0,0.0
2022-08-10 00:00:00-04:00,24.0,25.0049991607666,21.299999237060547,22.649999618530273,3573,0.0,0.0
2022-08-11 00:00:00-04:00,22.799999237060547,23.549999237060547,20.700000762939453,21.0,9727,0.0,0.0
2022-08-12 00:00:00-04:00,20.850000381469727,22.049999237060547,20.700000762939453,21.0,8700,0.0,0.0
2022-08-15 00:00:00-04:00,21.0,21.0,20.25,20.700000762939453,4227,0.0,0.0
2022-08-16 00:00:00-04:00,20.700000762939453,21.239999771118164,20.100000381469727,21.0,2880,0.0,0.0
2022-08-17 00:00:00-04:00,21.0,21.600000381469727,19.5,20.850000381469727,5653,0.0,0.0
2022-08-18 00:00:00-04:00,21.0,21.0,19.649999618530273,20.100000381469727,2333,0.0,0.0
2022-08-19 00:00:00-04:00,20.100000381469727,21.0,19.049999237060547,19.950000762939453,4133,0.0,0.0
2022-08-22 00:00:00-04:00,19.799999237060547,20.850000381469727,18.899999618530273,19.799999237060547,3687,0.0,0.0
2022-08-23 00:00:00-04:00,19.649999618530273,20.700000762939453,18.450000762939453,18.450000762939453,36820,0.0,0.0
2022-08-24 00:00:00-04:00,18.450000762939453,19.200000762939453,18.299999237060547,18.600000381469727,4793,0.0,0.0
2022-08-25 00:00:00-04:00,18.600000381469727,19.350000381469727,18.0,19.049999237060547,16833,0.0,0.0
2022-08-26 00:00:00-04:00,18.600000381469727,19.200000762939453,18.0,18.0,3013,0.0,0.0
2022-08-29 00:00:00-04:00,18.0,19.049999237060547,17.700000762939453,18.299999237060547,3840,0.0,0.0
2022-08-30 00:00:00-04:00,19.049999237060547,19.200000762939453,17.475000381469727,18.0,5960,0.0,0.0
2022-08-31 00:00:00-04:00,19.049999237060547,19.200000762939453,18.0,18.149999618530273,2947,0.0,0.0
2022-09-01 00:00:00-04:00,18.450000762939453,18.600000381469727,17.25,17.399999618530273,2393,0.0,0.0
2022-09-02 00:00:00-04:00,17.549999237060547,18.149999618530273,17.25,17.25,3247,0.0,0.0
2022-09-06 00:00:00-04:00,17.25,20.100000381469727,15.960000038146973,19.350000381469727,23247,0.0,0.0
2022-09-07 00:00:00-04:00,19.049999237060547,23.700000762939453,18.75,23.25,11940,0.0,0.0
2022-09-08 00:00:00-04:00,22.5,22.5,20.700000762939453,21.450000762939453,14473,0.0,0.0
2022-09-09 00:00:00-04:00,21.299999237060547,22.350000381469727,21.0,22.049999237060547,7113,0.0,0.0
2022-09-12 00:00:00-04:00,21.899999618530273,23.25,21.149999618530273,22.350000381469727,16787,0.0,0.0
2022-09-13 00:00:00-04:00,22.049999237060547,22.350000381469727,20.639999389648438,21.450000762939453,3240,0.0,0.0
2022-09-14 00:00:00-04:00,22.049999237060547,22.049999237060547,20.700000762939453,21.389999389648438,5713,0.0,0.0
2022-09-15 00:00:00-04:00,22.049999237060547,22.799999237060547,21.0,21.450000762939453,6807,0.0,0.0
2022-09-16 00:00:00-04:00,22.950000762939453,23.399999618530273,21.75,22.5,8027,0.0,0.0
2022-09-19 00:00:00-04:00,22.5,24.75,22.274999618530273,24.600000381469727,6020,0.0,0.0
2022-09-20 00:00:00-04:00,24.299999237060547,25.950000762939453,22.5,22.950000762939453,18307,0.0,0.0
2022-09-21 00:00:00-04:00,23.80500030517578,24.149999618530273,22.5,23.399999618530273,1667,0.0,0.0
2022-09-22 00:00:00-04:00,22.799999237060547,24.0,21.75,22.350000381469727,11413,0.0,0.0
2022-09-23 00:00:00-04:00,23.850000381469727,23.850000381469727,21.299999237060547,23.100000381469727,8327,0.0,0.0
2022-09-26 00:00:00-04:00,22.950000762939453,25.049999237060547,22.950000762939453,24.299999237060547,3353,0.0,0.0
2022-09-27 00:00:00-04:00,24.75,27.0,24.299999237060547,26.100000381469727,4840,0.0,0.0
2022-09-28 00:00:00-04:00,26.25,26.850000381469727,23.549999237060547,25.5,23647,0.0,0.0
2022-09-29 00:00:00-04:00,26.549999237060547,26.549999237060547,21.899999618530273,22.649999618530273,7767,0.0,0.0
2022-09-30 00:00:00-04:00,22.049999237060547,24.450000762939453,21.899999618530273,22.350000381469727,2847,0.0,0.0
2022-10-03 00:00:00-04:00,22.200000762939453,24.299999237060547,21.614999771118164,23.549999237060547,1307,0.0,0.0
2022-10-04 00:00:00-04:00,23.700000762939453,24.584999084472656,22.649999618530273,24.299999237060547,3207,0.0,0.0
2022-10-05 00:00:00-04:00,24.600000381469727,24.600000381469727,21.600000381469727,22.334999084472656,6213,0.0,0.0
2022-10-06 00:00:00-04:00,22.950000762939453,23.235000610351562,22.0049991607666,22.5,580,0.0,0.0
2022-10-07 00:00:00-04:00,21.764999389648438,22.350000381469727,21.65999984741211,22.049999237060547,427,0.0,0.0
2022-10-10 00:00:00-04:00,22.200000762939453,23.25,21.899999618530273,22.485000610351562,780,0.0,0.0
2022-10-11 00:00:00-04:00,21.899999618530273,23.549999237060547,21.0,21.75,1853,0.0,0.0
2022-10-12 00:00:00-04:00,21.149999618530273,24.674999237060547,20.850000381469727,21.75,460,0.0,0.0
2022-10-13 00:00:00-04:00,22.049999237060547,24.0,21.149999618530273,21.299999237060547,887,0.0,0.0
2022-10-14 00:00:00-04:00,20.90999984741211,23.940000534057617,20.90999984741211,22.799999237060547,2660,0.0,0.0
2022-10-17 00:00:00-04:00,23.25,24.0,22.799999237060547,23.100000381469727,1013,0.0,0.0
2022-10-18 00:00:00-04:00,23.100000381469727,23.700000762939453,22.350000381469727,23.25,1180,0.0,0.0
2022-10-19 00:00:00-04:00,23.25,23.549999237060547,22.200000762939453,23.25,713,0.0,0.0
2022-10-20 00:00:00-04:00,22.049999237060547,24.450000762939453,22.049999237060547,24.149999618530273,2947,0.0,0.0
2022-10-21 00:00:00-04:00,24.0,24.600000381469727,23.399999618530273,23.399999618530273,673,0.0,0.0
2022-10-24 00:00:00-04:00,23.625,24.600000381469727,23.100000381469727,24.600000381469727,1787,0.0,0.0
2022-10-25 00:00:00-04:00,24.149999618530273,25.049999237060547,23.579999923706055,23.850000381469727,700,0.0,0.0
2022-10-26 00:00:00-04:00,24.299999237060547,24.75,24.0,24.149999618530273,847,0.0,0.0
2022-10-27 00:00:00-04:00,26.850000381469727,29.25,20.399999618530273,21.434999465942383,107573,0.0,0.0
2022-10-28 00:00:00-04:00,20.100000381469727,21.360000610351562,19.5,20.399999618530273,17313,0.0,0.0
2022-10-31 00:00:00-04:00,20.850000381469727,20.850000381469727,19.799999237060547,20.549999237060547,1487,0.0,0.0
2022-11-01 00:00:00-04:00,19.920000076293945,20.399999618530273,19.5,19.5,1933,0.0,0.0
2022-11-02 00:00:00-04:00,19.5,21.299999237060547,19.5,20.700000762939453,3120,0.0,0.0
2022-11-03 00:00:00-04:00,21.450000762939453,21.450000762939453,20.700000762939453,21.0,1140,0.0,0.0
2022-11-04 00:00:00-04:00,21.450000762939453,21.450000762939453,20.25,20.700000762939453,687,0.0,0.0
2022-11-07 00:00:00-05:00,21.55500030517578,21.55500030517578,20.850000381469727,21.299999237060547,740,0.0,0.0
2022-11-08 00:00:00-05:00,21.299999237060547,22.049999237060547,20.700000762939453,21.299999237060547,1033,0.0,0.0
2022-11-09 00:00:00-05:00,21.299999237060547,21.299999237060547,20.25,21.149999618530273,2213,0.0,0.0
2022-11-10 00:00:00-05:00,22.350000381469727,22.649999618530273,20.25,20.850000381469727,1447,0.0,0.0
2022-11-11 00:00:00-05:00,22.200000762939453,22.200000762939453,21.0,21.600000381469727,1520,0.0,0.0
2022-11-14 00:00:00-05:00,21.600000381469727,21.75,20.700000762939453,20.850000381469727,1467,0.0,0.0
2022-11-15 00:00:00-05:00,20.850000381469727,21.075000762939453,20.325000762939453,20.700000762939453,3093,0.0,0.0
2022-11-16 00:00:00-05:00,20.700000762939453,20.850000381469727,19.649999618530273,20.399999618530273,900,0.0,0.0
2022-11-17 00:00:00-05:00,20.549999237060547,21.0,19.799999237060547,20.549999237060547,840,0.0,0.0
2022-11-18 00:00:00-05:00,20.25,20.700000762939453,19.5,20.399999618530273,800,0.0,0.0
2022-11-21 00:00:00-05:00,20.700000762939453,20.700000762939453,19.649999618530273,20.25,453,0.0,0.0
2022-11-22 00:00:00-05:00,20.174999237060547,20.700000762939453,20.174999237060547,20.459999084472656,727,0.0,0.0
2022-11-23 00:00:00-05:00,20.549999237060547,20.700000762939453,20.100000381469727,20.700000762939453,433,0.0,0.0
2022-11-25 00:00:00-05:00,19.889999389648438,21.149999618530273,19.889999389648438,20.985000610351562,520,0.0,0.0
2022-11-28 00:00:00-05:00,20.700000762939453,20.850000381469727,19.950000762939453,20.549999237060547,987,0.0,0.0
2022-11-29 00:00:00-05:00,20.100000381469727,20.700000762939453,19.5,19.799999237060547,1693,0.0,0.0
2022-11-30 00:00:00-05:00,20.549999237060547,20.700000762939453,20.100000381469727,20.700000762939453,873,0.0,0.0
2022-12-01 00:00:00-05:00,20.850000381469727,21.149999618530273,19.350000381469727,21.149999618530273,1453,0.0,0.0
2022-12-02 00:00:00-05:00,21.149999618530273,21.450000762939453,20.700000762939453,21.299999237060547,693,0.0,0.0
2022-12-05 00:00:00-05:00,21.299999237060547,21.450000762939453,20.399999618530273,21.299999237060547,320,0.0,0.0
2022-12-06 00:00:00-05:00,20.850000381469727,22.200000762939453,20.43000030517578,20.850000381469727,1927,0.0,0.0
2022-12-07 00:00:00-05:00,21.75,22.200000762939453,20.43000030517578,21.75,767,0.0,0.0
2022-12-08 00:00:00-05:00,21.600000381469727,21.899999618530273,21.0,21.524999618530273,660,0.0,0.0
2022-12-09 00:00:00-05:00,21.149999618530273,21.75,20.850000381469727,21.450000762939453,820,0.0,0.0
2022-12-12 00:00:00-05:00,21.600000381469727,21.899999618530273,20.850000381469727,21.450000762939453,1160,0.0,0.0
2022-12-13 00:00:00-05:00,21.704999923706055,21.899999618530273,20.670000076293945,21.899999618530273,2220,0.0,0.0
2022-12-14 00:00:00-05:00,20.639999389648438,21.899999618530273,20.639999389648438,21.899999618530273,660,0.0,0.0
2022-12-15 00:00:00-05:00,21.899999618530273,22.350000381469727,21.19499969482422,21.75,1080,0.0,0.0
2022-12-16 00:00:00-05:00,22.049999237060547,22.049999237060547,21.299999237060547,22.049999237060547,713,0.0,0.0
2022-12-19 00:00:00-05:00,21.0,22.0049991607666,20.670000076293945,22.0049991607666,600,0.0,0.0
2022-12-20 00:00:00-05:00,21.0,22.350000381469727,21.0,22.049999237060547,787,0.0,0.0
2022-12-21 00:00:00-05:00,21.450000762939453,22.200000762939453,21.450000762939453,22.110000610351562,780,0.0,0.0
2022-12-22 00:00:00-05:00,22.350000381469727,22.350000381469727,22.049999237060547,22.350000381469727,493,0.0,0.0
2022-12-23 00:00:00-05:00,22.350000381469727,22.5,21.600000381469727,22.5,653,0.0,0.0
2022-12-27 00:00:00-05:00,22.5,22.950000762939453,21.450000762939453,22.049999237060547,1173,0.0,0.0
2022-12-28 00:00:00-05:00,22.049999237060547,22.049999237060547,21.450000762939453,21.899999618530273,600,0.0,0.0
2022-12-29 00:00:00-05:00,21.704999923706055,22.5,21.55500030517578,22.5,940,0.0,0.0
2022-12-30 00:00:00-05:00,22.350000381469727,22.5,21.899999618530273,22.5,453,0.0,0.0
2023-01-03 00:00:00-05:00,22.049999237060547,22.5,22.049999237060547,22.5,187,0.0,0.0
2023-01-04 00:00:00-05:00,22.649999618530273,22.649999618530273,20.309999465942383,21.704999923706055,2467,0.0,0.0
2023-01-05 00:00:00-05:00,21.450000762939453,21.600000381469727,20.71500015258789,21.450000762939453,807,0.0,0.0
2023-01-06 00:00:00-05:00,21.450000762939453,22.5,21.225000381469727,22.5,593,0.0,0.0
2023-01-09 00:00:00-05:00,21.899999618530273,22.350000381469727,21.149999618530273,22.049999237060547,1027,0.0,0.0
2023-01-10 00:00:00-05:00,21.93000030517578,22.049999237060547,21.299999237060547,22.049999237060547,447,0.0,0.0
2023-01-11 00:00:00-05:00,21.75,22.350000381469727,21.149999618530273,22.200000762939453,753,0.0,0.0
2023-01-12 00:00:00-05:00,21.450000762939453,22.03499984741211,20.850000381469727,22.03499984741211,2040,0.0,0.0
2023-01-13 00:00:00-05:00,19.950000762939453,21.524999618530273,19.950000762939453,20.969999313354492,1700,0.0,0.0
2023-01-17 00:00:00-05:00,21.030000686645508,21.030000686645508,20.700000762939453,21.0,167,0.0,0.0
2023-01-18 00:00:00-05:00,21.450000762939453,21.450000762939453,19.860000610351562,21.299999237060547,760,0.0,0.0
2023-01-19 00:00:00-05:00,21.299999237060547,21.450000762939453,20.850000381469727,21.0,707,0.0,0.0
2023-01-20 00:00:00-05:00,21.75,21.75,20.25,21.299999237060547,467,0.0,0.0
2023-01-23 00:00:00-05:00,20.850000381469727,21.299999237060547,20.25,21.239999771118164,940,0.0,0.0
2023-01-24 00:00:00-05:00,21.600000381469727,21.600000381469727,20.399999618530273,21.0,307,0.0,0.0
2023-01-25 00:00:00-05:00,20.954999923706055,21.0,20.25,20.774999618530273,513,0.0,0.0
2023-01-26 00:00:00-05:00,20.850000381469727,22.200000762939453,20.850000381469727,21.239999771118164,660,0.0,0.0
2023-01-27 00:00:00-05:00,21.149999618530273,21.299999237060547,20.850000381469727,21.2549991607666,373,0.0,0.0
2023-01-30 00:00:00-05:00,20.850000381469727,21.0,20.399999618530273,20.549999237060547,767,0.0,0.0
2023-01-31 00:00:00-05:00,21.6299991607666,21.6299991607666,20.549999237060547,20.850000381469727,327,0.0,0.0
2023-02-01 00:00:00-05:00,21.75,21.75,20.399999618530273,21.0,1053,0.0,0.0
2023-02-02 00:00:00-05:00,21.600000381469727,21.600000381469727,20.700000762939453,21.149999618530273,433,0.0,0.0
2023-02-03 00:00:00-05:00,21.0,21.149999618530273,20.700000762939453,20.924999237060547,1000,0.0,0.0
2023-02-06 00:00:00-05:00,21.149999618530273,21.149999618530273,20.399999618530273,20.639999389648438,1713,0.0,0.0
2023-02-07 00:00:00-05:00,21.299999237060547,21.299999237060547,19.649999618530273,20.44499969482422,460,0.0,0.0
2023-02-08 00:00:00-05:00,21.0,21.0,19.649999618530273,20.399999618530273,380,0.0,0.0
2023-02-09 00:00:00-05:00,20.53499984741211,20.549999237060547,19.049999237060547,20.05500030517578,800,0.0,0.0
2023-02-10 00:00:00-05:00,20.100000381469727,20.985000610351562,19.350000381469727,20.850000381469727,1407,0.0,0.0
2023-02-13 00:00:00-05:00,19.950000762939453,20.100000381469727,19.350000381469727,19.5,633,0.0,0.0
2023-02-14 00:00:00-05:00,19.049999237060547,19.260000228881836,18.149999618530273,19.049999237060547,593,0.0,0.0
2023-02-15 00:00:00-05:00,19.200000762939453,19.799999237060547,18.600000381469727,19.799999237060547,1660,0.0,0.0
2023-02-16 00:00:00-05:00,19.799999237060547,20.399999618530273,18.899999618530273,19.40999984741211,1213,0.0,0.0
2023-02-17 00:00:00-05:00,20.850000381469727,20.850000381469727,18.450000762939453,18.84000015258789,747,0.0,0.0
2023-02-21 00:00:00-05:00,18.299999237060547,20.100000381469727,17.700000762939453,18.149999618530273,420,0.0,0.0
2023-02-22 00:00:00-05:00,18.149999618530273,20.399999618530273,17.549999237060547,19.049999237060547,1393,0.0,0.0
2023-02-23 00:00:00-05:00,18.450000762939453,19.5,17.700000762939453,17.700000762939453,300,0.0,0.0
2023-02-24 00:00:00-05:00,18.0,19.049999237060547,17.850000381469727,18.899999618530273,487,0.0,0.0
2023-02-27 00:00:00-05:00,18.299999237060547,19.920000076293945,17.924999237060547,18.75,393,0.0,0.0
2023-02-28 00:00:00-05:00,17.549999237060547,18.75,17.549999237060547,18.75,393,0.0,0.0
2023-03-01 00:00:00-05:00,19.049999237060547,19.049999237060547,17.25,17.850000381469727,447,0.0,0.0
2023-03-02 00:00:00-05:00,17.700000762939453,17.700000762939453,16.799999237060547,16.799999237060547,760,0.0,0.0
2023-03-03 00:00:00-05:00,18.0,18.19499969482422,17.25,17.549999237060547,1273,0.0,0.0
2023-03-06 00:00:00-05:00,19.350000381469727,19.350000381469727,16.950000762939453,17.385000228881836,713,0.0,0.0
2023-03-07 00:00:00-05:00,17.25,18.149999618530273,16.649999618530273,17.100000381469727,1620,0.0,0.0
2023-03-08 00:00:00-05:00,16.5,18.600000381469727,16.049999237060547,16.5,2293,0.0,0.0
2023-03-09 00:00:00-05:00,16.5,17.399999618530273,16.200000762939453,16.5,2107,0.0,0.0
2023-03-10 00:00:00-05:00,17.25,17.25,16.545000076293945,16.950000762939453,1093,0.0,0.0
2023-03-13 00:00:00-04:00,17.399999618530273,18.149999618530273,16.799999237060547,17.399999618530273,720,0.0,0.0
2023-03-14 00:00:00-04:00,17.969999313354492,18.0,16.68000030517578,17.700000762939453,720,0.0,0.0
2023-03-15 00:00:00-04:00,17.399999618530273,17.399999618530273,16.799999237060547,16.799999237060547,533,0.0,0.0
2023-03-16 00:00:00-04:00,16.5,17.25,16.5,16.5,413,0.0,0.0
2023-03-17 00:00:00-04:00,17.100000381469727,17.100000381469727,16.799999237060547,16.950000762939453,293,0.0,0.0
2023-03-20 00:00:00-04:00,16.649999618530273,17.280000686645508,16.649999618530273,17.190000534057617,360,0.0,0.0
2023-03-21 00:00:00-04:00,17.655000686645508,17.700000762939453,17.100000381469727,17.700000762939453,253,0.0,0.0
2023-03-22 00:00:00-04:00,17.520000457763672,17.700000762939453,16.5,17.625,1273,0.0,0.0
2023-03-23 00:00:00-04:00,16.799999237060547,18.0,16.799999237060547,17.25,3627,0.0,0.0
2023-03-24 00:00:00-04:00,18.0,18.0,16.649999618530273,17.25,2380,0.0,0.0
2023-03-27 00:00:00-04:00,16.950000762939453,19.200000762939453,16.649999618530273,18.899999618530273,8747,0.0,0.0
2023-03-28 00:00:00-04:00,18.075000762939453,18.75,18.075000762939453,18.450000762939453,2187,0.0,0.0
2023-03-29 00:00:00-04:00,18.299999237060547,18.450000762939453,17.25,17.700000762939453,9387,0.0,0.0
2023-03-30 00:00:00-04:00,17.985000610351562,18.0,17.399999618530273,17.850000381469727,2960,0.0,0.0
2023-03-31 00:00:00-04:00,17.549999237060547,18.299999237060547,16.649999618530273,18.299999237060547,11960,0.0,0.0
2023-04-03 00:00:00-04:00,18.0,18.149999618530273,17.549999237060547,17.850000381469727,627,0.0,0.0
2023-04-04 00:00:00-04:00,17.399999618530273,18.450000762939453,17.399999618530273,18.149999618530273,160,0.0,0.0
2023-04-05 00:00:00-04:00,18.149999618530273,18.149999618530273,17.549999237060547,17.80500030517578,313,0.0,0.0
2023-04-06 00:00:00-04:00,18.299999237060547,19.184999465942383,17.549999237060547,17.850000381469727,693,0.0,0.0
2023-04-10 00:00:00-04:00,17.850000381469727,17.850000381469727,17.25,17.549999237060547,553,0.0,0.0
2023-04-11 00:00:00-04:00,18.149999618530273,18.299999237060547,17.25,17.655000686645508,1467,0.0,0.0
2023-04-12 00:00:00-04:00,17.549999237060547,17.700000762939453,16.799999237060547,17.700000762939453,833,0.0,0.0
2023-04-13 00:00:00-04:00,18.0,18.450000762939453,17.549999237060547,17.850000381469727,1360,0.0,0.0
2023-04-14 00:00:00-04:00,17.100000381469727,18.299999237060547,17.100000381469727,17.475000381469727,913,0.0,0.0
2023-04-17 00:00:00-04:00,17.850000381469727,18.149999618530273,17.25,18.1200008392334,1333,0.0,0.0
2023-04-18 00:00:00-04:00,18.0,18.0,17.25,17.399999618530273,1153,0.0,0.0
2023-04-19 00:00:00-04:00,17.850000381469727,17.850000381469727,17.295000076293945,17.655000686645508,1220,0.0,0.0
2023-04-20 00:00:00-04:00,17.100000381469727,17.700000762939453,16.950000762939453,17.700000762939453,533,0.0,0.0
2023-04-21 00:00:00-04:00,17.100000381469727,18.315000534057617,15.899999618530273,15.899999618530273,7053,0.0,0.0
2023-04-24 00:00:00-04:00,15.899999618530273,17.010000228881836,15.899999618530273,16.31999969482422,633,0.0,0.0
2023-04-25 00:00:00-04:00,16.950000762939453,16.950000762939453,15.449999809265137,15.989999771118164,1233,0.0,0.0
2023-04-26 00:00:00-04:00,16.200000762939453,16.200000762939453,15.75,15.899999618530273,287,0.0,0.0
2023-04-27 00:00:00-04:00,15.600000381469727,16.21500015258789,15.300000190734863,15.600000381469727,900,0.0,0.0
2023-04-28 00:00:00-04:00,15.300000190734863,16.5,15.300000190734863,15.75,1820,0.0,0.0
2023-05-01 00:00:00-04:00,16.5,17.25,16.049999237060547,16.950000762939453,2493,0.0,0.0
2023-05-02 00:00:00-04:00,17.25,17.25,15.75,16.049999237060547,1120,0.0,0.0
2023-05-03 00:00:00-04:00,16.709999084472656,17.549999237060547,16.049999237060547,17.084999084472656,2727,0.0,0.0
2023-05-04 00:00:00-04:00,17.53499984741211,17.53499984741211,16.530000686645508,16.844999313354492,233,0.0,0.0
2023-05-05 00:00:00-04:00,16.950000762939453,17.399999618530273,16.260000228881836,16.889999389648438,513,0.0,0.0
2023-05-08 00:00:00-04:00,17.100000381469727,17.25,16.5,16.905000686645508,613,0.0,0.0
2023-05-09 00:00:00-04:00,15.899999618530273,16.950000762939453,15.899999618530273,16.799999237060547,913,0.0,0.0
2023-05-10 00:00:00-04:00,16.350000381469727,17.25,16.200000762939453,16.30500030517578,1187,0.0,0.0
2023-05-11 00:00:00-04:00,16.799999237060547,17.145000457763672,16.110000610351562,16.184999465942383,393,0.0,0.0
2023-05-12 00:00:00-04:00,16.649999618530273,17.25,15.899999618530273,17.174999237060547,3567,0.0,0.0
2023-05-15 00:00:00-04:00,16.649999618530273,17.700000762939453,16.5,17.25,5407,0.0,0.0
2023-05-16 00:00:00-04:00,17.25,17.399999618530273,15.899999618530273,16.049999237060547,2340,0.0,0.0
2023-05-17 00:00:00-04:00,16.5,16.5,16.049999237060547,16.049999237060547,560,0.0,0.0
2023-05-18 00:00:00-04:00,15.0,17.25,14.850000381469727,17.25,9453,0.0,0.0
2023-05-19 00:00:00-04:00,16.799999237060547,17.25,16.5,17.25,3327,0.0,0.0
2023-05-22 00:00:00-04:00,16.649999618530273,17.100000381469727,16.350000381469727,16.5,1813,0.0,0.0
2023-05-23 00:00:00-04:00,16.200000762939453,16.950000762939453,15.899999618530273,16.649999618530273,7073,0.0,0.0
2023-05-24 00:00:00-04:00,16.950000762939453,16.950000762939453,15.75,16.200000762939453,2493,0.0,0.0
2023-05-25 00:00:00-04:00,16.200000762939453,16.200000762939453,15.0,15.300000190734863,3793,0.0,0.0
2023-05-26 00:00:00-04:00,15.149999618530273,15.720000267028809,13.5,15.149999618530273,8907,0.0,0.0
2023-05-30 00:00:00-04:00,14.699999809265137,15.300000190734863,14.25,14.550000190734863,4827,0.0,0.0
2023-05-31 00:00:00-04:00,14.114999771118164,14.850000381469727,12.0,13.800000190734863,6273,0.0,0.0
2023-06-01 00:00:00-04:00,12.300000190734863,14.024999618530273,12.300000190734863,12.614999771118164,5373,0.0,0.0
2023-06-02 00:00:00-04:00,12.600000381469727,12.885000228881836,12.449999809265137,12.75,2820,0.0,0.0
2023-06-05 00:00:00-04:00,12.704999923706055,13.4399995803833,12.300000190734863,13.03499984741211,1027,0.0,0.0
2023-06-06 00:00:00-04:00,13.020000457763672,13.40999984741211,12.75,13.050000190734863,973,0.0,0.0
2023-06-07 00:00:00-04:00,13.484999656677246,13.484999656677246,12.75,13.125,1107,0.0,0.0
2023-06-08 00:00:00-04:00,13.199999809265137,15.600000381469727,13.109999656677246,15.585000038146973,5400,0.0,0.0
2023-06-09 00:00:00-04:00,16.049999237060547,17.25,15.899999618530273,16.049999237060547,11833,0.0,0.0
2023-06-12 00:00:00-04:00,16.049999237060547,16.799999237060547,15.65999984741211,16.59000015258789,3927,0.0,0.0
2023-06-13 00:00:00-04:00,16.350000381469727,17.100000381469727,16.350000381469727,16.350000381469727,2440,0.0,0.0
2023-06-14 00:00:00-04:00,16.200000762939453,16.5,15.899999618530273,16.334999084472656,2147,0.0,0.0
2023-06-15 00:00:00-04:00,16.350000381469727,16.5,16.200000762939453,16.350000381469727,887,0.0,0.0
2023-06-16 00:00:00-04:00,16.350000381469727,16.350000381469727,16.200000762939453,16.350000381469727,200,0.0,0.0
2023-06-20 00:00:00-04:00,15.0,15.854999542236328,14.234999656677246,14.699999809265137,2433,0.0,0.0
2023-06-21 00:00:00-04:00,14.444999694824219,14.729999542236328,14.385000228881836,14.699999809265137,1047,0.0,0.0
2023-06-22 00:00:00-04:00,14.699999809265137,15.510000228881836,14.699999809265137,15.510000228881836,3213,0.0,0.0
2023-06-23 00:00:00-04:00,15.75,15.75,14.699999809265137,15.0,3487,0.0,0.0
2023-06-26 00:00:00-04:00,15.0,15.0,14.399999618530273,14.53499984741211,947,0.0,0.0
2023-06-27 00:00:00-04:00,14.399999618530273,14.399999618530273,13.649999618530273,13.829999923706055,1140,0.0,0.0
2023-06-28 00:00:00-04:00,14.024999618530273,15.479999542236328,14.024999618530273,15.479999542236328,1573,0.0,0.0
2023-06-29 00:00:00-04:00,14.699999809265137,15.449999809265137,14.579999923706055,14.579999923706055,2147,0.0,0.0
2023-06-30 00:00:00-04:00,14.579999923706055,15.449999809265137,13.649999618530273,13.755000114440918,2180,0.0,0.0
2023-07-03 00:00:00-04:00,13.949999809265137,14.220000267028809,13.949999809265137,14.1899995803833,273,0.0,0.0
2023-07-05 00:00:00-04:00,14.175000190734863,14.625,14.145000457763672,14.5649995803833,133,0.0,0.0
2023-07-06 00:00:00-04:00,13.649999618530273,14.550000190734863,13.649999618530273,14.130000114440918,660,0.0,0.0
2023-07-07 00:00:00-04:00,14.114999771118164,14.130000114440918,13.5,13.875,673,0.0,0.0
2023-07-10 00:00:00-04:00,13.5,13.680000305175781,13.199999809265137,13.484999656677246,3540,0.0,0.0
2023-07-11 00:00:00-04:00,12.899999618530273,13.649999618530273,12.46500015258789,12.84000015258789,3467,0.0,0.0
2023-07-12 00:00:00-04:00,12.46500015258789,13.5,12.029999732971191,12.329999923706055,1440,0.0,0.0
2023-07-13 00:00:00-04:00,11.850000381469727,12.75,11.850000381469727,12.645000457763672,2307,0.0,0.0
2023-07-14 00:00:00-04:00,12.479999542236328,12.479999542236328,12.449999809265137,12.449999809265137,180,0.0,0.0
2023-07-17 00:00:00-04:00,12.4350004196167,12.600000381469727,12.0,12.585000038146973,1427,0.0,0.0
2023-07-18 00:00:00-04:00,12.28499984741211,12.524999618530273,11.699999809265137,12.329999923706055,32180,0.0,0.0
2023-07-19 00:00:00-04:00,12.75,13.920000076293945,12.375,13.800000190734863,21567,0.0,0.0
2023-07-20 00:00:00-04:00,13.949999809265137,14.850000381469727,13.649999618530273,13.949999809265137,23047,0.0,0.0
2023-07-21 00:00:00-04:00,14.100000381469727,15.0,12.75,13.8149995803833,13700,0.0,0.0
2023-07-24 00:00:00-04:00,14.699999809265137,14.699999809265137,12.75,13.9350004196167,13720,0.0,0.0
2023-07-25 00:00:00-04:00,14.25,14.25,12.149999618530273,12.149999618530273,15660,0.0,0.0
2023-07-26 00:00:00-04:00,12.989999771118164,12.989999771118164,12.164999961853027,12.164999961853027,3960,0.0,0.0
2023-07-27 00:00:00-04:00,12.180000305175781,12.510000228881836,11.100000381469727,11.279999732971191,17153,0.0,0.0
2023-07-28 00:00:00-04:00,11.850000381469727,12.225000381469727,11.085000038146973,11.295000076293945,18660,0.0,0.0
2023-07-31 00:00:00-04:00,11.295000076293945,11.399999618530273,10.680000305175781,10.949999809265137,6707,0.0,0.0
2023-08-01 00:00:00-04:00,11.114999771118164,11.234999656677246,10.604999542236328,11.234999656677246,6493,0.0,0.0
2023-08-02 00:00:00-04:00,11.234999656677246,11.234999656677246,9.539999961853027,10.395000457763672,3607,0.0,0.0
2023-08-03 00:00:00-04:00,10.21500015258789,10.335000038146973,9.149999618530273,9.149999618530273,8687,0.0,0.0
2023-08-04 00:00:00-04:00,8.819999694824219,11.25,8.774999618530273,10.274999618530273,37167,0.0,0.0
2023-08-07 00:00:00-04:00,10.9350004196167,17.100000381469727,9.345000267028809,17.100000381469727,819967,0.0,0.0
2023-08-08 00:00:00-04:00,11.399999618530273,12.0,9.75,11.024999618530273,87647,0.0,0.0
2023-08-09 00:00:00-04:00,10.664999961853027,11.100000381469727,9.119999885559082,9.585000038146973,54193,0.0,0.0
2023-08-10 00:00:00-04:00,9.015000343322754,9.75,8.25,9.0,68087,0.0,0.0
2023-08-11 00:00:00-04:00,8.699999809265137,9.225000381469727,8.699999809265137,9.029999732971191,9960,0.0,0.0
2023-08-14 00:00:00-04:00,8.9399995803833,9.119999885559082,8.550000190734863,8.550000190734863,6940,0.0,0.0
2023-08-15 00:00:00-04:00,8.444999694824219,8.5649995803833,8.25,8.3100004196167,10787,0.0,0.0
2023-08-16 00:00:00-04:00,8.34000015258789,8.399999618530273,7.664999961853027,8.15999984741211,16547,0.0,0.0
2023-08-17 00:00:00-04:00,10.9350004196167,10.949999809265137,8.265000343322754,10.140000343322754,424960,0.0,0.0
2023-08-18 00:00:00-04:00,8.550000190734863,10.050000190734863,8.444999694824219,9.704999923706055,55113,0.0,0.0
2023-08-21 00:00:00-04:00,9.6899995803833,10.350000381469727,9.300000190734863,9.75,11467,0.0,0.0
2023-08-22 00:00:00-04:00,9.704999923706055,9.944999694824219,8.265000343322754,8.805000305175781,24220,0.0,0.0
2023-08-23 00:00:00-04:00,8.744999885559082,9.359999656677246,8.100000381469727,8.100000381469727,38913,0.0,0.0
2023-08-24 00:00:00-04:00,8.100000381469727,8.100000381469727,6.914999961853027,6.914999961853027,9407,0.0,0.0
2023-08-25 00:00:00-04:00,7.050000190734863,7.335000038146973,6.0,6.300000190734863,58460,0.0,0.0
2023-08-28 00:00:00-04:00,6.255000114440918,8.100000381469727,6.0,7.769999980926514,115900,0.0,0.0
2023-08-29 00:00:00-04:00,8.055000305175781,9.0,7.349999904632568,8.475000381469727,117347,0.0,0.0
2023-08-30 00:00:00-04:00,9.0,9.0,7.949999809265137,8.640000343322754,31207,0.0,0.0
2023-08-31 00:00:00-04:00,8.385000228881836,9.029999732971191,7.949999809265137,7.949999809265137,10520,0.0,0.0
2023-09-01 00:00:00-04:00,8.279999732971191,8.279999732971191,7.5,7.5,1780,0.0,0.0
2023-09-05 00:00:00-04:00,8.100000381469727,9.300000190734863,7.5,8.204999923706055,14527,0.0,0.0
2023-09-06 00:00:00-04:00,8.399999618530273,9.899999618530273,7.829999923706055,8.984999656677246,50873,0.0,0.0
2023-09-07 00:00:00-04:00,8.71500015258789,9.225000381469727,8.399999618530273,9.149999618530273,19180,0.0,0.0
2023-09-08 00:00:00-04:00,9.0,9.149999618530273,7.650000095367432,7.650000095367432,35940,0.0,0.0
2023-09-11 00:00:00-04:00,7.710000038146973,10.800000190734863,7.650000095367432,9.704999923706055,274620,0.0,0.0
2023-09-12 00:00:00-04:00,5.820000171661377,5.96999979019165,4.695000171661377,4.755000114440918,369073,0.0,0.0
2023-09-13 00:00:00-04:00,4.574999809265137,5.25,4.5,4.5,128520,0.0,0.0
2023-09-14 00:00:00-04:00,4.485000133514404,4.650000095367432,4.15500020980835,4.15500020980835,238407,0.0,0.0
2023-09-15 00:00:00-04:00,5.025000095367432,5.025000095367432,4.15500020980835,4.215000152587891,184553,0.0,0.0
2023-09-18 00:00:00-04:00,4.215000152587891,4.335000038146973,3.75,3.9000000953674316,65367,0.0,0.0
2023-09-19 00:00:00-04:00,4.050000190734863,4.139999866485596,3.765000104904175,3.884999990463257,74867,0.0,0.0
2023-09-20 00:00:00-04:00,3.765000104904175,3.809999942779541,3.1649999618530273,3.390000104904175,96200,0.0,0.0
2023-09-21 00:00:00-04:00,3.2249999046325684,3.315000057220459,2.865000009536743,2.984999895095825,78087,0.0,0.0
2023-09-22 00:00:00-04:00,3.015000104904175,3.2100000381469727,2.7750000953674316,2.880000114440918,48500,0.0,0.0
2023-09-25 00:00:00-04:00,2.9100000858306885,3.1050000190734863,2.7899999618530273,3.075000047683716,21587,0.0,0.0
2023-09-26 00:00:00-04:00,3.0450000762939453,3.180000066757202,2.865000009536743,3.1500000953674316,20013,0.0,0.0
2023-09-27 00:00:00-04:00,2.880000114440918,3.1500000953674316,2.880000114440918,2.984999895095825,18867,0.0,0.0
2023-09-28 00:00:00-04:00,3.134999990463257,3.1500000953674316,2.7750000953674316,3.015000104904175,26240,0.0,0.0
2023-09-29 00:00:00-04:00,3.075000047683716,3.119999885559082,2.8499999046325684,3.119999885559082,26613,0.0,0.0
2023-10-02 00:00:00-04:00,3.0,3.0899999141693115,2.8499999046325684,3.059999942779541,21020,0.0,0.0
2023-10-03 00:00:00-04:00,2.9700000286102295,3.1050000190734863,2.865000009536743,3.015000104904175,17293,0.0,0.0
2023-10-04 00:00:00-04:00,2.940000057220459,2.9700000286102295,2.8350000381469727,2.9549999237060547,6827,0.0,0.0
2023-10-05 00:00:00-04:00,2.924999952316284,3.1050000190734863,2.924999952316284,3.0899999141693115,25680,0.0,0.0
2023-10-06 00:00:00-04:00,3.0899999141693115,3.734999895095825,2.940000057220459,3.5250000953674316,45967,0.0,0.0
2023-10-09 00:00:00-04:00,3.5399999618530273,3.5399999618530273,3.1500000953674316,3.2100000381469727,9273,0.0,0.0
2023-10-10 00:00:00-04:00,3.2249999046325684,3.299999952316284,3.015000104904175,3.299999952316284,13513,0.0,0.0
2023-10-11 00:00:00-04:00,3.015000104904175,3.75,3.015000104904175,3.674999952316284,52513,0.0,0.0
2023-10-12 00:00:00-04:00,3.75,4.050000190734863,3.5399999618530273,3.734999895095825,33440,0.0,0.0
2023-10-13 00:00:00-04:00,3.240000009536743,3.9000000953674316,3.180000066757202,3.75,271780,0.0,0.0
2023-10-16 00:00:00-04:00,3.494999885559082,3.6600000858306885,3.2249999046325684,3.375,16720,0.0,0.0
2023-10-17 00:00:00-04:00,3.299999952316284,3.5999999046325684,3.194999933242798,3.5999999046325684,17753,0.0,0.0
2023-10-18 00:00:00-04:00,3.5250000953674316,3.5250000953674316,3.299999952316284,3.494999885559082,4940,0.0,0.0
2023-10-19 00:00:00-04:00,3.2850000858306885,3.450000047683716,3.194999933242798,3.3450000286102295,356760,0.0,0.0
2023-10-20 00:00:00-04:00,3.434999942779541,3.869999885559082,3.2699999809265137,3.555000066757202,147647,0.0,0.0
2023-10-23 00:00:00-04:00,3.4049999713897705,3.4049999713897705,3.0,3.0299999713897705,36100,0.0,0.0
2023-10-24 00:00:00-04:00,2.940000057220459,3.2850000858306885,2.865000009536743,3.194999933242798,23247,0.0,0.0
2023-10-25 00:00:00-04:00,3.299999952316284,3.299999952316284,2.880000114440918,3.1500000953674316,11267,0.0,0.0
2023-10-26 00:00:00-04:00,3.194999933242798,3.194999933242798,2.880000114440918,2.9700000286102295,9487,0.0,0.0
2023-10-27 00:00:00-04:00,3.0299999713897705,3.0299999713897705,2.8499999046325684,2.9100000858306885,9513,0.0,0.0
2023-10-30 00:00:00-04:00,2.8949999809265137,3.134999990463257,2.7149999141693115,2.7750000953674316,19713,0.0,0.0
2023-10-31 00:00:00-04:00,2.7149999141693115,2.759999990463257,2.5799999237060547,2.684999942779541,5347,0.0,0.0
2023-11-01 00:00:00-04:00,2.684999942779541,3.2850000858306885,2.684999942779541,3.119999885559082,24487,0.0,0.0
2023-11-02 00:00:00-04:00,2.9549999237060547,3.2699999809265137,2.9100000858306885,3.194999933242798,9127,0.0,0.0
2023-11-03 00:00:00-04:00,3.1500000953674316,3.299999952316284,2.9100000858306885,3.2699999809265137,14633,0.0,0.0
2023-11-06 00:00:00-05:00,3.194999933242798,3.194999933242798,2.9100000858306885,3.119999885559082,6800,0.0,0.0
2023-11-07 00:00:00-05:00,3.119999885559082,3.119999885559082,2.8949999809265137,3.075000047683716,2813,0.0,0.0
2023-11-08 00:00:00-05:00,3.059999942779541,3.1500000953674316,2.865000009536743,3.075000047683716,2687,0.0,0.0
2023-11-09 00:00:00-05:00,3.075000047683716,3.075000047683716,2.549999952316284,2.700000047683716,22953,0.0,0.0
2023-11-10 00:00:00-05:00,2.880000114440918,3.299999952316284,2.700000047683716,3.2850000858306885,67720,0.0,0.0
2023-11-13 00:00:00-05:00,3.450000047683716,3.450000047683716,2.9700000286102295,3.299999952316284,50787,0.0,0.0
2023-11-14 00:00:00-05:00,3.075000047683716,3.75,3.0,3.434999942779541,96100,0.0,0.0
2023-11-15 00:00:00-05:00,3.0,3.1649999618530273,2.8499999046325684,3.075000047683716,37853,0.0,0.0
2023-11-16 00:00:00-05:00,3.119999885559082,3.2249999046325684,2.9700000286102295,2.9700000286102295,11953,0.0,0.0
2023-11-17 00:00:00-05:00,2.8350000381469727,3.059999942779541,2.7750000953674316,2.8949999809265137,16007,0.0,0.0
2023-11-20 00:00:00-05:00,2.805000066757202,3.0450000762939453,2.805000066757202,2.9700000286102295,4407,0.0,0.0
2023-11-21 00:00:00-05:00,3.119999885559082,3.119999885559082,2.7899999618530273,2.7899999618530273,4040,0.0,0.0
2023-11-22 00:00:00-05:00,2.8499999046325684,2.8949999809265137,2.7300000190734863,2.7750000953674316,7033,0.0,0.0
2023-11-24 00:00:00-05:00,2.8499999046325684,2.8499999046325684,2.7750000953674316,2.8350000381469727,1107,0.0,0.0
2023-11-27 00:00:00-05:00,2.7750000953674316,2.7750000953674316,2.625,2.744999885559082,8927,0.0,0.0
2023-11-28 00:00:00-05:00,2.744999885559082,2.744999885559082,2.625,2.700000047683716,4047,0.0,0.0
2023-11-29 00:00:00-05:00,2.5799999237060547,2.7300000190734863,2.5799999237060547,2.700000047683716,6700,0.0,0.0
2023-11-30 00:00:00-05:00,2.700000047683716,2.759999990463257,2.625,2.700000047683716,5387,0.0,0.0
2023-12-01 00:00:00-05:00,2.700000047683716,2.7300000190734863,2.625,2.7300000190734863,5633,0.0,0.0
2023-12-04 00:00:00-05:00,2.700000047683716,2.759999990463257,2.6549999713897705,2.759999990463257,4253,0.0,0.0
2023-12-05 00:00:00-05:00,2.700000047683716,2.744999885559082,2.684999942779541,2.700000047683716,7227,0.0,0.0
2023-12-06 00:00:00-05:00,2.549999952316284,2.700000047683716,2.549999952316284,2.684999942779541,4193,0.0,0.0
2023-12-07 00:00:00-05:00,2.759999990463257,2.759999990463257,2.625,2.700000047683716,4187,0.0,0.0
2023-12-08 00:00:00-05:00,2.700000047683716,2.9700000286102295,2.6700000762939453,2.865000009536743,53467,0.0,0.0
2023-12-11 00:00:00-05:00,2.865000009536743,2.865000009536743,2.7149999141693115,2.8350000381469727,7887,0.0,0.0
2023-12-12 00:00:00-05:00,2.8499999046325684,2.8499999046325684,2.5199999809265137,2.609999895095825,11387,0.0,0.0
2023-12-13 00:00:00-05:00,2.640000104904175,2.684999942779541,2.565000057220459,2.684999942779541,8973,0.0,0.0
2023-12-14 00:00:00-05:00,2.6700000762939453,2.6700000762939453,2.609999895095825,2.6549999713897705,9847,0.0,0.0
2023-12-15 00:00:00-05:00,2.549999952316284,2.9100000858306885,2.549999952316284,2.7899999618530273,22607,0.0,0.0
2023-12-18 00:00:00-05:00,2.8499999046325684,2.8499999046325684,2.625,2.819999933242798,5080,0.0,0.0
2023-12-19 00:00:00-05:00,2.700000047683716,2.7750000953674316,2.700000047683716,2.7750000953674316,2693,0.0,0.0
2023-12-20 00:00:00-05:00,2.684999942779541,3.1050000190734863,2.684999942779541,2.9100000858306885,42167,0.0,0.0
2023-12-21 00:00:00-05:00,2.9100000858306885,2.9549999237060547,2.805000066757202,2.8949999809265137,7060,0.0,0.0
2023-12-22 00:00:00-05:00,2.7149999141693115,3.1500000953674316,2.7149999141693115,3.015000104904175,15780,0.0,0.0
2023-12-26 00:00:00-05:00,3.0,3.015000104904175,2.759999990463257,3.0,7173,0.0,0.0
2023-12-27 00:00:00-05:00,2.865000009536743,3.299999952316284,2.865000009536743,3.2699999809265137,16653,0.0,0.0
2023-12-28 00:00:00-05:00,3.2699999809265137,4.050000190734863,3.2249999046325684,3.930000066757202,85247,0.0,0.0
2023-12-29 00:00:00-05:00,4.260000228881836,4.320000171661377,3.299999952316284,3.5250000953674316,48560,0.0,0.0
2024-01-02 00:00:00-05:00,3.4200000762939453,3.4200000762939453,2.549999952316284,2.684999942779541,75500,0.0,0.0
2024-01-03 00:00:00-05:00,2.684999942779541,2.8499999046325684,2.684999942779541,2.7300000190734863,13360,0.0,0.0
2024-01-04 00:00:00-05:00,2.700000047683716,2.805000066757202,2.565000057220459,2.7300000190734863,157413,0.0,0.0
2024-01-05 00:00:00-05:00,2.7750000953674316,2.924999952316284,2.700000047683716,2.8499999046325684,23013,0.0,0.0
2024-01-08 00:00:00-05:00,2.7300000190734863,2.865000009536743,2.640000104904175,2.700000047683716,7913,0.0,0.0
2024-01-09 00:00:00-05:00,2.700000047683716,3.119999885559082,2.700000047683716,2.865000009536743,17027,0.0,0.0
2024-01-10 00:00:00-05:00,2.819999933242798,2.865000009536743,2.700000047683716,2.805000066757202,3707,0.0,0.0
2024-01-11 00:00:00-05:00,2.8949999809265137,2.924999952316284,2.7149999141693115,2.805000066757202,6533,0.0,0.0
2024-01-12 00:00:00-05:00,2.8350000381469727,2.8350000381469727,2.7149999141693115,2.7149999141693115,10393,0.0,0.0
2024-01-16 00:00:00-05:00,2.700000047683716,2.700000047683716,2.4000000953674316,2.4749999046325684,32267,0.0,0.0
2024-01-17 00:00:00-05:00,2.309999942779541,2.325000047683716,2.0399999618530273,2.0850000381469727,30207,0.0,0.0
2024-01-18 00:00:00-05:00,1.9950000047683716,2.0850000381469727,1.8600000143051147,2.055000066757202,61520,0.0,0.0
2024-01-19 00:00:00-05:00,1.9049999713897705,1.9199999570846558,1.5750000476837158,1.6649999618530273,107940,0.0,0.0
2024-01-22 00:00:00-05:00,1.649999976158142,1.725000023841858,1.5,1.590000033378601,56373,0.0,0.0
2024-01-23 00:00:00-05:00,1.4299999475479126,2.2799999713897705,1.4199999570846558,1.7400000095367432,918500,0.0,0.06666666666666667
2024-01-24 00:00:00-05:00,1.7999999523162842,2.0999999046325684,1.649999976158142,1.899999976158142,254300,0.0,0.0
2024-01-25 00:00:00-05:00,1.840000033378601,1.8849999904632568,1.649999976158142,1.659999966621399,81100,0.0,0.0
2024-01-26 00:00:00-05:00,1.6100000143051147,1.784000039100647,1.6100000143051147,1.7000000476837158,54600,0.0,0.0
2024-01-29 00:00:00-05:00,1.7000000476837158,2.075000047683716,1.6699999570846558,1.7200000286102295,147600,0.0,0.0
2024-01-30 00:00:00-05:00,1.7000000476837158,1.7999999523162842,1.7000000476837158,1.7740000486373901,50800,0.0,0.0
2024-01-31 00:00:00-05:00,1.7300000190734863,1.9579999446868896,1.7100000381469727,1.899999976158142,63500,0.0,0.0
2024-02-01 00:00:00-05:00,1.899999976158142,2.1500000953674316,1.8200000524520874,1.9600000381469727,139100,0.0,0.0
2024-02-02 00:00:00-05:00,1.9199999570846558,2.299999952316284,1.9199999570846558,2.2170000076293945,128900,0.0,0.0
2024-02-05 00:00:00-05:00,2.390000104904175,2.9509999752044678,2.309999942779541,2.4600000381469727,532200,0.0,0.0
2024-02-06 00:00:00-05:00,2.3499999046325684,2.3499999046325684,1.8459999561309814,1.940000057220459,128200,0.0,0.0
2024-02-07 00:00:00-05:00,1.899999976158142,2.0,1.75,1.8700000047683716,85800,0.0,0.0
2024-02-08 00:00:00-05:00,1.940000057220459,2.194000005722046,1.8700000047683716,2.180000066757202,110500,0.0,0.0
2024-02-09 00:00:00-05:00,2.130000114440918,2.299999952316284,2.0799999237060547,2.1500000953674316,54500,0.0,0.0
2024-02-12 00:00:00-05:00,2.0999999046325684,2.1500000953674316,2.0,2.059999942779541,70400,0.0,0.0
2024-02-13 00:00:00-05:00,2.0199999809265137,2.3329999446868896,1.4700000286102295,1.4700000286102295,320100,0.0,0.0
2024-02-14 00:00:00-05:00,10.539999961853027,20.290000915527344,8.300000190734863,8.979999542236328,88097400,0.0,0.0
2024-02-15 00:00:00-05:00,10.199999809265137,13.829999923706055,8.539999961853027,9.819999694824219,11995200,0.0,0.0
2024-02-16 00:00:00-05:00,9.300000190734863,9.482000350952148,7.75,9.100000381469727,1119300,0.0,0.0
2024-02-20 00:00:00-05:00,8.9399995803833,10.470000267028809,7.110000133514404,7.449999809265137,1524100,0.0,0.0
2024-02-21 00:00:00-05:00,7.400000095367432,8.220000267028809,6.300000190734863,7.300000190734863,598100,0.0,0.0
2024-02-22 00:00:00-05:00,7.010000228881836,7.139999866485596,5.909999847412109,5.909999847412109,220200,0.0,0.0
2024-02-23 00:00:00-05:00,5.789999961853027,5.789999961853027,4.96999979019165,5.46999979019165,171600,0.0,0.0
2024-02-26 00:00:00-05:00,5.5,8.4399995803833,5.499000072479248,7.099999904632568,1534100,0.0,0.0
2024-02-27 00:00:00-05:00,6.960000038146973,7.949999809265137,6.853000164031982,7.949999809265137,235700,0.0,0.0
2024-02-28 00:00:00-05:00,7.789999961853027,8.187000274658203,7.363999843597412,7.630000114440918,95100,0.0,0.0
2024-02-29 00:00:00-05:00,7.599999904632568,7.630000114440918,7.22599983215332,7.400000095367432,166500,0.0,0.0
2024-03-01 00:00:00-05:00,7.230000019073486,7.300000190734863,6.599999904632568,6.78000020980835,145800,0.0,0.0
2024-03-04 00:00:00-05:00,6.659999847412109,6.800000190734863,5.599999904632568,5.630000114440918,164000,0.0,0.0
2024-03-05 00:00:00-05:00,6.099999904632568,13.199999809265137,5.639999866485596,9.220000267028809,15263500,0.0,0.0
2024-03-06 00:00:00-05:00,8.289999961853027,9.970000267028809,8.270000457763672,9.039999961853027,881500,0.0,0.0
2024-03-07 00:00:00-05:00,8.710000038146973,9.220000267028809,8.199999809265137,8.760000228881836,202600,0.0,0.0
2024-03-08 00:00:00-05:00,8.329999923706055,8.725000381469727,7.599999904632568,7.949999809265137,205400,0.0,0.0
2024-03-11 00:00:00-04:00,7.800000190734863,8.5,7.75,8.050000190734863,78700,0.0,0.0
2024-03-12 00:00:00-04:00,7.929999828338623,9.800000190734863,7.929999828338623,8.729999542236328,500700,0.0,0.0
2024-03-13 00:00:00-04:00,8.359999656677246,8.699999809265137,7.751999855041504,7.909999847412109,133500,0.0,0.0
2024-03-14 00:00:00-04:00,7.599999904632568,8.0649995803833,7.460000038146973,7.460000038146973,141300,0.0,0.0
2024-03-15 00:00:00-04:00,7.329999923706055,8.020000457763672,7.329999923706055,7.929999828338623,148900,0.0,0.0
2024-03-18 00:00:00-04:00,7.769999980926514,8.041999816894531,7.610000133514404,7.96999979019165,188100,0.0,0.0
2024-03-19 00:00:00-04:00,7.670000076293945,8.5,7.53000020980835,8.09000015258789,232400,0.0,0.0
2024-03-20 00:00:00-04:00,7.920000076293945,8.050000190734863,7.800000190734863,7.869999885559082,72300,0.0,0.0
2024-03-21 00:00:00-04:00,7.789999961853027,7.789999961853027,7.0,7.320000171661377,91900,0.0,0.0
2024-03-22 00:00:00-04:00,7.510000228881836,7.510000228881836,7.099999904632568,7.340000152587891,32900,0.0,0.0
2024-03-25 00:00:00-04:00,7.340000152587891,7.5,6.723999977111816,6.829999923706055,44900,0.0,0.0
2024-03-26 00:00:00-04:00,7.090000152587891,8.770000457763672,7.019999980926514,7.570000171661377,764500,0.0,0.0
2024-03-27 00:00:00-04:00,7.46999979019165,8.100000381469727,7.309999942779541,8.029999732971191,90200,0.0,0.0
2024-03-28 00:00:00-04:00,7.840000152587891,8.029999732971191,7.699999809265137,7.699999809265137,28700,0.0,0.0
2024-04-01 00:00:00-04:00,7.699999809265137,8.34000015258789,7.699999809265137,8.1899995803833,103700,0.0,0.0
2024-04-02 00:00:00-04:00,8.140000343322754,9.470000267028809,8.140000343322754,8.729999542236328,216200,0.0,0.0
2024-04-03 00:00:00-04:00,8.90999984741211,9.300000190734863,8.680000305175781,8.899999618530273,98500,0.0,0.0
2024-04-04 00:00:00-04:00,8.930000305175781,9.687000274658203,8.710000038146973,9.050000190734863,190500,0.0,0.0
2024-04-05 00:00:00-04:00,9.220000267028809,9.220000267028809,8.100000381469727,8.390000343322754,112600,0.0,0.0
2024-04-08 00:00:00-04:00,8.100000381469727,8.65999984741211,8.100000381469727,8.399999618530273,109500,0.0,0.0
2024-04-09 00:00:00-04:00,9.079999923706055,9.779999732971191,8.300000190734863,8.40999984741211,371500,0.0,0.0
2024-04-10 00:00:00-04:00,8.40999984741211,8.899999618530273,8.3100004196167,8.670000076293945,89400,0.0,0.0
2024-04-11 00:00:00-04:00,8.670000076293945,8.710000038146973,8.350000381469727,8.350000381469727,34800,0.0,0.0
2024-04-12 00:00:00-04:00,8.25,8.430000305175781,8.25,8.369999885559082,19000,0.0,0.0
2024-04-15 00:00:00-04:00,8.289999961853027,8.579999923706055,7.659999847412109,8.21399974822998,105200,0.0,0.0
2024-04-16 00:00:00-04:00,7.920000076293945,8.220000267028809,7.849999904632568,7.980000019073486,35000,0.0,0.0
2024-04-17 00:00:00-04:00,7.659999847412109,8.600000381469727,6.800000190734863,7.300000190734863,122500,0.0,0.0
2024-04-18 00:00:00-04:00,7.300000190734863,7.65500020980835,7.25,7.53000020980835,14500,0.0,0.0
2024-04-19 00:00:00-04:00,7.429999828338623,7.690000057220459,7.210000038146973,7.239999771118164,33600,0.0,0.0
2024-04-22 00:00:00-04:00,7.019999980926514,7.559999942779541,7.019999980926514,7.5,18600,0.0,0.0
2024-04-23 00:00:00-04:00,7.309999942779541,7.46999979019165,7.269999980926514,7.320000171661377,10100,0.0,0.0
2024-04-24 00:00:00-04:00,7.320000171661377,7.699999809265137,7.320000171661377,7.610000133514404,19100,0.0,0.0
2024-04-25 00:00:00-04:00,7.71999979019165,7.800000190734863,7.429999828338623,7.800000190734863,20600,0.0,0.0
2024-04-26 00:00:00-04:00,7.650000095367432,8.385000228881836,7.650000095367432,8.1899995803833,31400,0.0,0.0
2024-04-29 00:00:00-04:00,8.329999923706055,8.329999923706055,8.0,8.170000076293945,14000,0.0,0.0
2024-04-30 00:00:00-04:00,8.170000076293945,8.5600004196167,8.074000358581543,8.229999542236328,22400,0.0,0.0
2024-05-01 00:00:00-04:00,8.251999855041504,8.32699966430664,8.109999656677246,8.119999885559082,8400,0.0,0.0
2024-05-02 00:00:00-04:00,8.121999740600586,8.289999961853027,7.980000019073486,8.270000457763672,14000,0.0,0.0
2024-05-03 00:00:00-04:00,8.16100025177002,8.170000076293945,7.590000152587891,7.599999904632568,21400,0.0,0.0
2024-05-06 00:00:00-04:00,7.599999904632568,8.25,7.445000171661377,7.449999809265137,46000,0.0,0.0
2024-05-07 00:00:00-04:00,7.340000152587891,7.682000160217285,7.340000152587891,7.369999885559082,14100,0.0,0.0
2024-05-08 00:00:00-04:00,7.159999847412109,7.650000095367432,7.159999847412109,7.639999866485596,13600,0.0,0.0
2024-05-09 00:00:00-04:00,7.630000114440918,7.639999866485596,7.385000228881836,7.400000095367432,5800,0.0,0.0
2024-05-10 00:00:00-04:00,7.5,7.5269999504089355,7.4019999504089355,7.519999980926514,17700,0.0,0.0
2024-05-13 00:00:00-04:00,7.454999923706055,7.454999923706055,7.110000133514404,7.159999847412109,30900,0.0,0.0
2024-05-14 00:00:00-04:00,7.0,7.25,7.0,7.079999923706055,27900,0.0,0.0
2024-05-15 00:00:00-04:00,7.010000228881836,7.110000133514404,6.800000190734863,6.96999979019165,42600,0.0,0.0
2024-05-16 00:00:00-04:00,6.989999771118164,6.989999771118164,6.690000057220459,6.75,14400,0.0,0.0
2024-05-17 00:00:00-04:00,6.650000095367432,6.872000217437744,6.599999904632568,6.695000171661377,16500,0.0,0.0
2024-05-20 00:00:00-04:00,6.5,6.968999862670898,6.5,6.75,22600,0.0,0.0
2024-05-21 00:00:00-04:00,6.539999961853027,6.75,6.21999979019165,6.25,40800,0.0,0.0
2024-05-22 00:00:00-04:00,6.260000228881836,6.679999828338623,6.031000137329102,6.179999828338623,34800,0.0,0.0
2024-05-23 00:00:00-04:00,6.090000152587891,6.170000076293945,5.550000190734863,5.625,40700,0.0,0.0
2024-05-24 00:00:00-04:00,5.567999839782715,5.64300012588501,5.420000076293945,5.489999771118164,12200,0.0,0.0
2024-05-28 00:00:00-04:00,5.4019999504089355,5.4019999504089355,4.699999809265137,5.019999980926514,42800,0.0,0.0
2024-05-29 00:00:00-04:00,5.019999980926514,5.050000190734863,4.690000057220459,4.880000114440918,12900,0.0,0.0
2024-05-30 00:00:00-04:00,4.860000133514404,4.960000038146973,4.769999980926514,4.769999980926514,16200,0.0,0.0
2024-05-31 00:00:00-04:00,4.840000152587891,5.460000038146973,4.739999771118164,5.130000114440918,33300,0.0,0.0
2024-06-03 00:00:00-04:00,5.190000057220459,5.599999904632568,4.53000020980835,4.53000020980835,64300,0.0,0.0
2024-06-04 00:00:00-04:00,4.71999979019165,5.090000152587891,4.559999942779541,4.739999771118164,53200,0.0,0.0
2024-06-05 00:00:00-04:00,4.659999847412109,4.860000133514404,4.099999904632568,4.179999828338623,41400,0.0,0.0
2024-06-06 00:00:00-04:00,4.099999904632568,4.559999942779541,4.099999904632568,4.5,20900,0.0,0.0
2024-06-07 00:00:00-04:00,4.46999979019165,4.46999979019165,4.270999908447266,4.46999979019165,8800,0.0,0.0
2024-06-10 00:00:00-04:00,4.309999942779541,4.859000205993652,4.309999942779541,4.449999809265137,31400,0.0,0.0
2024-06-11 00:00:00-04:00,4.400000095367432,4.880000114440918,4.380000114440918,4.539999961853027,21600,0.0,0.0
2024-06-12 00:00:00-04:00,4.572999954223633,4.814000129699707,4.360000133514404,4.619999885559082,15800,0.0,0.0
2024-06-13 00:00:00-04:00,4.599999904632568,4.849999904632568,4.5,4.599999904632568,23500,0.0,0.0
2024-06-14 00:00:00-04:00,4.519999980926514,4.519999980926514,4.309999942779541,4.429999828338623,7700,0.0,0.0
2024-06-17 00:00:00-04:00,4.340000152587891,4.400000095367432,4.300000190734863,4.389999866485596,4100,0.0,0.0
2024-06-18 00:00:00-04:00,4.130000114440918,4.699999809265137,4.130000114440918,4.369999885559082,7700,0.0,0.0
2024-06-20 00:00:00-04:00,4.320000171661377,4.420000076293945,3.809999942779541,3.9200000762939453,16500,0.0,0.0
2024-06-21 00:00:00-04:00,3.9639999866485596,4.050000190734863,3.819999933242798,3.933000087738037,16400,0.0,0.0
2024-06-24 00:00:00-04:00,3.9800000190734863,4.429999828338623,3.9600000381469727,4.230000019073486,7500,0.0,0.0
2024-06-25 00:00:00-04:00,4.210000038146973,4.610000133514404,4.170000076293945,4.389999866485596,11400,0.0,0.0
2024-06-26 00:00:00-04:00,4.329999923706055,4.809999942779541,4.329999923706055,4.349999904632568,10400,0.0,0.0
2024-06-27 00:00:00-04:00,4.420000076293945,4.420000076293945,4.355000019073486,4.400000095367432,4200,0.0,0.0
2024-06-28 00:00:00-04:00,4.360000133514404,4.5,4.360000133514404,4.5,3100,0.0,0.0
2024-07-01 00:00:00-04:00,5.289999961853027,7.670000076293945,4.599999904632568,4.940000057220459,14970500,0.0,0.0
2024-07-02 00:00:00-04:00,3.359999895095825,3.75,3.109999895095825,3.4600000381469727,1152000,0.0,0.0
2024-07-03 00:00:00-04:00,3.640000104904175,3.640000104904175,3.0,3.119999885559082,244500,0.0,0.0
2024-07-05 00:00:00-04:00,3.0,3.059999942779541,2.799999952316284,2.869999885559082,205400,0.0,0.0
2024-07-08 00:00:00-04:00,2.7300000190734863,2.7860000133514404,2.5999999046325684,2.690000057220459,83700,0.0,0.0
2024-07-09 00:00:00-04:00,2.609999895095825,2.759999990463257,2.609999895095825,2.690000057220459,44400,0.0,0.0
2024-07-10 00:00:00-04:00,2.7300000190734863,2.880000114440918,2.7090001106262207,2.8499999046325684,79700,0.0,0.0
2024-07-11 00:00:00-04:00,2.9100000858306885,3.36299991607666,2.9100000858306885,3.1600000858306885,139300,0.0,0.0
2024-07-12 00:00:00-04:00,3.0999999046325684,3.2699999809265137,3.009999990463257,3.059999942779541,23500,0.0,0.0
2024-07-15 00:00:00-04:00,3.0,3.0399999618530273,2.9000000953674316,2.930000066757202,40400,0.0,0.0
2024-07-16 00:00:00-04:00,3.0399999618530273,3.0399999618530273,2.9000000953674316,2.9700000286102295,27500,0.0,0.0
2024-07-17 00:00:00-04:00,2.9700000286102295,3.0299999713897705,2.8499999046325684,2.9200000762939453,52500,0.0,0.0
2024-07-18 00:00:00-04:00,2.9000000953674316,2.9800000190734863,2.859999895095825,2.880000114440918,13900,0.0,0.0
2024-07-19 00:00:00-04:00,2.8299999237060547,2.9200000762939453,2.700000047683716,2.7699999809265137,31200,0.0,0.0
2024-07-22 00:00:00-04:00,2.890000104904175,2.9800000190734863,2.7339999675750732,2.809999942779541,30400,0.0,0.0
2024-07-23 00:00:00-04:00,2.740000009536743,2.880000114440918,2.740000009536743,2.880000114440918,23900,0.0,0.0
2024-07-24 00:00:00-04:00,2.818000078201294,2.859999895095825,2.700000047683716,2.700000047683716,26100,0.0,0.0
2024-07-25 00:00:00-04:00,2.700000047683716,2.8499999046325684,2.6500000953674316,2.759999990463257,50400,0.0,0.0
2024-07-26 00:00:00-04:00,2.859999895095825,2.859999895095825,2.6700000762939453,2.75,21200,0.0,0.0
2024-07-29 00:00:00-04:00,2.799999952316284,2.799999952316284,2.640000104904175,2.6500000953674316,18900,0.0,0.0
2024-07-30 00:00:00-04:00,2.7200000286102295,2.7200000286102295,2.5,2.549999952316284,33200,0.0,0.0
2024-07-31 00:00:00-04:00,2.549999952316284,2.549999952316284,2.2200000286102295,2.4200000762939453,30900,0.0,0.0
2024-08-01 00:00:00-04:00,2.430000066757202,2.430000066757202,2.2699999809265137,2.2699999809265137,15600,0.0,0.0
2024-08-02 00:00:00-04:00,2.380000114440918,2.390000104904175,2.0450000762939453,2.1500000953674316,23700,0.0,0.0
2024-08-05 00:00:00-04:00,2.1500000953674316,2.2300000190734863,2.0,2.1700000762939453,33500,0.0,0.0
2024-08-06 00:00:00-04:00,2.240000009536743,2.369999885559082,2.0999999046325684,2.190000057220459,29400,0.0,0.0
2024-08-07 00:00:00-04:00,2.1600000858306885,2.259999990463257,2.0199999809265137,2.0199999809265137,24900,0.0,0.0
2024-08-08 00:00:00-04:00,2.049999952316284,2.2200000286102295,2.0299999713897705,2.0799999237060547,42300,0.0,0.0
2024-08-09 00:00:00-04:00,2.049999952316284,2.1649999618530273,2.049999952316284,2.1600000858306885,29000,0.0,0.0
2024-08-12 00:00:00-04:00,2.118000030517578,2.2980000972747803,2.0999999046325684,2.0999999046325684,5600,0.0,0.0
2024-08-13 00:00:00-04:00,2.066999912261963,2.0899999141693115,2.015000104904175,2.069999933242798,20100,0.0,0.0
2024-08-14 00:00:00-04:00,2.0299999713897705,2.130000114440918,2.0199999809265137,2.130000114440918,9700,0.0,0.0
2024-08-15 00:00:00-04:00,2.130000114440918,2.1600000858306885,2.0999999046325684,2.1440000534057617,14800,0.0,0.0
2024-08-16 00:00:00-04:00,2.0,2.140000104904175,2.0,2.059999942779541,24000,0.0,0.0
2024-08-19 00:00:00-04:00,2.069999933242798,2.1449999809265137,2.049999952316284,2.0799999237060547,26100,0.0,0.0
2024-08-20 00:00:00-04:00,2.0799999237060547,2.109999895095825,2.0299999713897705,2.069999933242798,22800,0.0,0.0
2024-08-21 00:00:00-04:00,2.0899999141693115,2.200000047683716,2.059999942779541,2.134000062942505,39500,0.0,0.0
2024-08-22 00:00:00-04:00,2.109999895095825,2.24399995803833,2.109999895095825,2.130000114440918,11400,0.0,0.0
2024-08-23 00:00:00-04:00,2.140000104904175,2.1500000953674316,2.0399999618530273,2.130000114440918,22700,0.0,0.0
2024-08-26 00:00:00-04:00,2.140000104904175,2.2200000286102295,2.119999885559082,2.2200000286102295,14000,0.0,0.0
2024-08-27 00:00:00-04:00,2.1500000953674316,2.2300000190734863,2.109999895095825,2.2300000190734863,12800,0.0,0.0
2024-08-28 00:00:00-04:00,2.240000009536743,2.240000009536743,2.0999999046325684,2.109999895095825,21500,0.0,0.0
2024-08-29 00:00:00-04:00,2.2300000190734863,2.2300000190734863,2.049999952316284,2.049999952316284,14200,0.0,0.0
2024-08-30 00:00:00-04:00,2.0899999141693115,2.1700000762939453,2.049999952316284,2.119999885559082,29200,0.0,0.0
2024-09-03 00:00:00-04:00,2.109999895095825,2.130000114440918,2.049999952316284,2.059999942779541,8800,0.0,0.0
2024-09-04 00:00:00-04:00,2.0299999713897705,2.069999933242798,2.000999927520752,2.009999990463257,17500,0.0,0.0
2024-09-05 00:00:00-04:00,2.0299999713897705,2.0299999713897705,1.9600000381469727,1.9700000286102295,24000,0.0,0.0
2024-09-06 00:00:00-04:00,1.940000057220459,1.9900000095367432,1.819000005722046,1.840000033378601,26600,0.0,0.0
2024-09-09 00:00:00-04:00,2.0199999809265137,2.0199999809265137,1.875,1.8799999952316284,8500,0.0,0.0
2024-09-10 00:00:00-04:00,1.940000057220459,1.940000057220459,1.8589999675750732,1.8799999952316284,3700,0.0,0.0
2024-09-11 00:00:00-04:00,1.809999942779541,2.1600000858306885,1.649999976158142,2.1600000858306885,275800,0.0,0.0
2024-09-12 00:00:00-04:00,2.1700000762939453,2.190000057220459,2.059999942779541,2.1700000762939453,41300,0.0,0.0
2024-09-13 00:00:00-04:00,2.109999895095825,2.190000057220459,2.109999895095825,2.1600000858306885,21800,0.0,0.0
2024-09-16 00:00:00-04:00,2.1600000858306885,2.2899999618530273,2.109999895095825,2.265000104904175,44600,0.0,0.0
2024-09-17 00:00:00-04:00,2.2699999809265137,3.549999952316284,2.2230000495910645,2.940000057220459,40522000,0.0,0.0
2024-09-18 00:00:00-04:00,2.680000066757202,2.680000066757202,1.940000057220459,2.0,1338100,0.0,0.0
2024-09-19 00:00:00-04:00,2.059999942779541,2.390000104904175,2.0399999618530273,2.0399999618530273,448800,0.0,0.0
2024-09-20 00:00:00-04:00,2.0299999713897705,2.109999895095825,1.9900000095367432,1.9900000095367432,152900,0.0,0.0
2024-09-23 00:00:00-04:00,2.0899999141693115,2.0899999141693115,1.940999984741211,1.9500000476837158,105900,0.0,0.0
2024-09-24 00:00:00-04:00,1.9500000476837158,2.1500000953674316,1.899999976158142,2.0899999141693115,157600,0.0,0.0
2024-09-25 00:00:00-04:00,2.0399999618530273,2.1500000953674316,2.0,2.0199999809265137,80000,0.0,0.0
2024-09-26 00:00:00-04:00,2.0299999713897705,3.0,2.009999990463257,2.059999942779541,11123200,0.0,0.0
2024-09-27 00:00:00-04:00,2.2799999713897705,2.499000072479248,2.1500000953674316,2.4100000858306885,1096300,0.0,0.0
2024-09-30 00:00:00-04:00,2.4100000858306885,2.569999933242798,2.309999942779541,2.5,433900,0.0,0.0
2024-10-01 00:00:00-04:00,2.4700000286102295,2.4700000286102295,2.130000114440918,2.359999895095825,149800,0.0,0.0
2024-10-02 00:00:00-04:00,2.3299999237060547,2.5399999618530273,2.319999933242798,2.5,164000,0.0,0.0
2024-10-03 00:00:00-04:00,2.450000047683716,2.450000047683716,2.180000066757202,2.2699999809265137,138200,0.0,0.0
2024-10-04 00:00:00-04:00,2.312999963760376,2.319999933242798,2.2100000381469727,2.240000009536743,68700,0.0,0.0
2024-10-07 00:00:00-04:00,2.25,2.450000047683716,2.240000009536743,2.430000066757202,77200,0.0,0.0
2024-10-08 00:00:00-04:00,2.380000114440918,2.380000114440918,2.140000104904175,2.1600000858306885,104000,0.0,0.0
2024-10-09 00:00:00-04:00,2.3399999141693115,2.3399999141693115,2.1700000762939453,2.240000009536743,80400,0.0,0.0
2024-10-10 00:00:00-04:00,2.309999942779541,2.799999952316284,2.180000066757202,2.2200000286102295,4203300,0.0,0.0
2024-10-11 00:00:00-04:00,2.180000066757202,2.4200000762939453,2.109999895095825,2.3399999141693115,378400,0.0,0.0
2024-10-14 00:00:00-04:00,2.3399999141693115,2.490000009536743,2.2300000190734863,2.3399999141693115,133600,0.0,0.0
2024-10-15 00:00:00-04:00,2.2750000953674316,2.3499999046325684,2.2100000381469727,2.2200000286102295,75300,0.0,0.0
2024-10-16 00:00:00-04:00,2.2799999713897705,2.299999952316284,2.1500000953674316,2.190000057220459,103200,0.0,0.0
2024-10-17 00:00:00-04:00,2.194999933242798,2.2300000190734863,2.0999999046325684,2.2100000381469727,69300,0.0,0.0
2024-10-18 00:00:00-04:00,2.190000057220459,2.3499999046325684,2.190000057220459,2.2899999618530273,114000,0.0,0.0
2024-10-21 00:00:00-04:00,2.259999990463257,2.4200000762939453,2.2200000286102295,2.380000114440918,120500,0.0,0.0
2024-10-22 00:00:00-04:00,2.3299999237060547,2.3980000019073486,2.259999990463257,2.3499999046325684,47900,0.0,0.0
2024-10-23 00:00:00-04:00,2.4260001182556152,2.4260001182556152,2.2709999084472656,2.2799999713897705,152500,0.0,0.0
2024-10-24 00:00:00-04:00,2.3399999141693115,2.75,2.2899999618530273,2.5399999618530273,380600,0.0,0.0
2024-10-25 00:00:00-04:00,2.609999895095825,2.6700000762939453,2.359999895095825,2.4700000286102295,118000,0.0,0.0
2024-10-28 00:00:00-04:00,2.450000047683716,2.5199999809265137,2.3389999866485596,2.380000114440918,76200,0.0,0.0
2024-10-29 00:00:00-04:00,2.4600000381469727,2.4700000286102295,2.309999942779541,2.359999895095825,99700,0.0,0.0
2024-10-30 00:00:00-04:00,2.369999885559082,2.4000000953674316,2.3299999237060547,2.369999885559082,68500,0.0,0.0
2024-10-31 00:00:00-04:00,2.3499999046325684,2.4800000190734863,2.259999990463257,2.430000066757202,107200,0.0,0.0
2024-11-01 00:00:00-04:00,2.430000066757202,2.5199999809265137,2.4100000858306885,2.4200000762939453,79400,0.0,0.0
2024-11-04 00:00:00-05:00,2.4000000953674316,2.640000104904175,2.4000000953674316,2.552999973297119,93300,0.0,0.0
2024-11-05 00:00:00-05:00,2.549999952316284,2.6050000190734863,2.4100000858306885,2.4200000762939453,32800,0.0,0.0
2024-11-06 00:00:00-05:00,2.440000057220459,2.499000072479248,2.369999885559082,2.380000114440918,75800,0.0,0.0
2024-11-07 00:00:00-05:00,2.4000000953674316,2.4800000190734863,2.380000114440918,2.4600000381469727,40500,0.0,0.0
2024-11-08 00:00:00-05:00,2.440000057220459,2.5899999141693115,2.2899999618530273,2.5,150200,0.0,0.0
2024-11-11 00:00:00-05:00,2.4800000190734863,2.640000104904175,2.4800000190734863,2.619999885559082,128300,0.0,0.0
2024-11-12 00:00:00-05:00,2.630000114440918,2.944000005722046,2.630000114440918,2.880000114440918,322300,0.0,0.0
2024-11-13 00:00:00-05:00,2.75,3.0,2.299999952316284,2.359999895095825,300400,0.0,0.0
2024-11-14 00:00:00-05:00,2.4100000858306885,2.490000009536743,2.369999885559082,2.380000114440918,42600,0.0,0.0
2024-11-15 00:00:00-05:00,2.440000057220459,2.490000009536743,2.3499999046325684,2.4000000953674316,49300,0.0,0.0
2024-11-18 00:00:00-05:00,2.450000047683716,2.4820001125335693,2.299999952316284,2.380000114440918,38800,0.0,0.0
2024-11-19 00:00:00-05:00,2.369999885559082,3.0,2.299999952316284,2.450000047683716,598300,0.0,0.0
2024-11-20 00:00:00-05:00,2.440000057220459,2.5799999237060547,2.4100000858306885,2.5199999809265137,118400,0.0,0.0
2024-11-21 00:00:00-05:00,2.559999942779541,2.559999942779541,2.450000047683716,2.4619998931884766,30000,0.0,0.0
2024-11-22 00:00:00-05:00,2.5399999618530273,2.7149999141693115,2.486999988555908,2.6500000953674316,96300,0.0,0.0
2024-11-25 00:00:00-05:00,2.680000066757202,2.8299999237060547,2.549999952316284,2.690000057220459,160200,0.0,0.0
2024-11-26 00:00:00-05:00,2.559999942779541,2.690000057220459,2.380000114440918,2.5199999809265137,63300,0.0,0.0
2024-11-27 00:00:00-05:00,2.5199999809265137,2.5739998817443848,2.4100000858306885,2.490000009536743,30500,0.0,0.0
2024-11-29 00:00:00-05:00,2.5,2.569999933242798,2.4690001010894775,2.5,44900,0.0,0.0
2024-12-02 00:00:00-05:00,2.5,2.9000000953674316,2.440000057220459,2.549999952316284,245600,0.0,0.0
2024-12-03 00:00:00-05:00,2.549999952316284,2.5899999141693115,2.3499999046325684,2.390000104904175,85400,0.0,0.0
2024-12-04 00:00:00-05:00,2.4800000190734863,2.49399995803833,2.3499999046325684,2.4100000858306885,33200,0.0,0.0
2024-12-05 00:00:00-05:00,2.4700000286102295,2.4700000286102295,2.3399999141693115,2.3499999046325684,37200,0.0,0.0
2024-12-06 00:00:00-05:00,2.390000104904175,2.447000026702881,2.3499999046325684,2.4000000953674316,53400,0.0,0.0
2024-12-09 00:00:00-05:00,2.450000047683716,2.5480000972747803,2.390000104904175,2.5,71400,0.0,0.0
2024-12-10 00:00:00-05:00,2.4600000381469727,2.5,2.3499999046325684,2.4000000953674316,49300,0.0,0.0
2024-12-11 00:00:00-05:00,2.359999895095825,2.450000047683716,2.25,2.309999942779541,78200,0.0,0.0
2024-12-12 00:00:00-05:00,2.3499999046325684,2.390000104904175,2.200000047683716,2.259999990463257,49100,0.0,0.0
2024-12-13 00:00:00-05:00,2.319999933242798,2.3299999237060547,2.1700000762939453,2.200000047683716,22400,0.0,0.0
2024-12-16 00:00:00-05:00,2.1700000762939453,2.200000047683716,1.909999966621399,2.200000047683716,176000,0.0,0.0
2024-12-17 00:00:00-05:00,2.109999895095825,2.2200000286102295,2.0,2.119999885559082,64600,0.0,0.0
2024-12-18 00:00:00-05:00,2.0999999046325684,2.1530001163482666,2.009999990463257,2.009999990463257,43500,0.0,0.0
2024-12-19 00:00:00-05:00,2.0899999141693115,2.0899999141693115,2.0,2.0299999713897705,23700,0.0,0.0
2024-12-20 00:00:00-05:00,2.053999900817871,2.1500000953674316,2.009999990463257,2.119999885559082,37900,0.0,0.0
2024-12-23 00:00:00-05:00,2.200000047683716,2.200000047683716,2.0299999713897705,2.109999895095825,30800,0.0,0.0
2024-12-24 00:00:00-05:00,2.130000114440918,2.1500000953674316,2.049999952316284,2.130000114440918,52900,0.0,0.0
2024-12-26 00:00:00-05:00,2.25,2.3499999046325684,2.130000114440918,2.240000009536743,88900,0.0,0.0
2024-12-27 00:00:00-05:00,2.240000009536743,2.4100000858306885,2.0,2.1600000858306885,83100,0.0,0.0
2024-12-30 00:00:00-05:00,2.130000114440918,2.259999990463257,2.078000068664551,2.2200000286102295,66700,0.0,0.0
2024-12-31 00:00:00-05:00,2.2200000286102295,2.424999952316284,2.1500000953674316,2.2899999618530273,114700,0.0,0.0
2025-01-02 00:00:00-05:00,2.180000066757202,2.319999933242798,2.180000066757202,2.2799999713897705,29300,0.0,0.0
2025-01-03 00:00:00-05:00,2.359999895095825,2.4839999675750732,2.2799999713897705,2.3299999237060547,89500,0.0,0.0
2025-01-06 00:00:00-05:00,2.380000114440918,2.799999952316284,2.299999952316284,2.430000066757202,245600,0.0,0.0
2025-01-07 00:00:00-05:00,2.4100000858306885,2.4800000190734863,2.252000093460083,2.3399999141693115,63700,0.0,0.0
2025-01-08 00:00:00-05:00,2.3499999046325684,2.3499999046325684,2.1500000953674316,2.2699999809265137,34200,0.0,0.0
2025-01-10 00:00:00-05:00,2.4000000953674316,2.4000000953674316,2.1600000858306885,2.25,48700,0.0,0.0
2025-01-13 00:00:00-05:00,2.259999990463257,2.259999990463257,2.0999999046325684,2.119999885559082,63600,0.0,0.0
2025-01-14 00:00:00-05:00,2.2149999141693115,2.2899999618530273,2.119999885559082,2.1500000953674316,40000,0.0,0.0
2025-01-15 00:00:00-05:00,2.2699999809265137,2.380000114440918,2.119999885559082,2.180000066757202,50500,0.0,0.0
2025-01-16 00:00:00-05:00,2.130000114440918,2.253999948501587,2.069999933242798,2.069999933242798,44900,0.0,0.0
2025-01-17 00:00:00-05:00,2.1500000953674316,2.1500000953674316,2.0799999237060547,2.0999999046325684,23700,0.0,0.0
2025-01-21 00:00:00-05:00,2.2200000286102295,2.2200000286102295,2.0799999237060547,2.0899999141693115,30000,0.0,0.0
2025-01-22 00:00:00-05:00,2.0799999237060547,2.130000114440918,2.0399999618530273,2.049999952316284,37000,0.0,0.0
2025-01-23 00:00:00-05:00,2.1500000953674316,2.299999952316284,2.0199999809265137,2.0899999141693115,231500,0.0,0.0
2025-01-24 00:00:00-05:00,2.140000104904175,2.25,2.059999942779541,2.0999999046325684,96000,0.0,0.0
2025-01-27 00:00:00-05:00,2.3499999046325684,3.0999999046325684,1.9500000476837158,2.0799999237060547,3879400,0.0,0.0
2025-01-28 00:00:00-05:00,2.059999942779541,2.0899999141693115,1.850000023841858,1.9249999523162842,271100,0.0,0.0
2025-01-29 00:00:00-05:00,1.9199999570846558,2.0299999713897705,1.8200000524520874,1.9800000190734863,86100,0.0,0.0
2025-01-30 00:00:00-05:00,2.0299999713897705,2.059999942779541,1.9199999570846558,2.0,224900,0.0,0.0
2025-01-31 00:00:00-05:00,2.0399999618530273,2.055999994277954,1.9500000476837158,1.9900000095367432,57800,0.0,0.0
2025-02-03 00:00:00-05:00,1.9800000190734863,2.0399999618530273,1.965999960899353,2.0399999618530273,22000,0.0,0.0
2025-02-04 00:00:00-05:00,1.9500000476837158,2.2200000286102295,1.940000057220459,2.130000114440918,126300,0.0,0.0
2025-02-05 00:00:00-05:00,2.1700000762939453,2.3499999046325684,1.7999999523162842,2.1500000953674316,233300,0.0,0.0
2025-02-06 00:00:00-05:00,2.009999990463257,2.200000047683716,2.009999990463257,2.0999999046325684,51200,0.0,0.0
2025-02-07 00:00:00-05:00,2.119999885559082,2.181999921798706,2.0199999809265137,2.0399999618530273,45200,0.0,0.0
2025-02-10 00:00:00-05:00,1.9800000190734863,2.121000051498413,1.9800000190734863,2.0899999141693115,35600,0.0,0.0
2025-02-11 00:00:00-05:00,2.0299999713897705,2.2100000381469727,2.0299999713897705,2.1600000858306885,101700,0.0,0.0
2025-02-12 00:00:00-05:00,2.200000047683716,2.3499999046325684,2.049999952316284,2.3359999656677246,121100,0.0,0.0
2025-02-13 00:00:00-05:00,2.369999885559082,2.559999942779541,2.299999952316284,2.440000057220459,166200,0.0,0.0
2025-02-14 00:00:00-05:00,2.5,2.890000104904175,2.200000047683716,2.200000047683716,558600,0.0,0.0
2025-02-18 00:00:00-05:00,2.319999933242798,2.380000114440918,2.2200000286102295,2.299999952316284,262600,0.0,0.0
2025-02-19 00:00:00-05:00,2.4000000953674316,2.4000000953674316,2.256999969482422,2.318000078201294,59000,0.0,0.0
2025-02-20 00:00:00-05:00,2.299999952316284,2.3499999046325684,2.240000009536743,2.240000009536743,48300,0.0,0.0
2025-02-21 00:00:00-05:00,2.299999952316284,2.3499999046325684,2.240000009536743,2.3299999237060547,50300,0.0,0.0
2025-02-24 00:00:00-05:00,2.299999952316284,2.4100000858306885,2.2730000019073486,2.2950000762939453,42800,0.0,0.0
2025-02-25 00:00:00-05:00,2.299999952316284,2.4000000953674316,2.190000057220459,2.299999952316284,95100,0.0,0.0
2025-02-26 00:00:00-05:00,2.25,2.2799999713897705,2.200000047683716,2.2699999809265137,27200,0.0,0.0
2025-02-27 00:00:00-05:00,2.2699999809265137,2.299999952316284,2.180000066757202,2.2200000286102295,24500,0.0,0.0
2025-02-28 00:00:00-05:00,2.2130000591278076,2.240000009536743,2.180000066757202,2.180000066757202,20500,0.0,0.0
2025-03-03 00:00:00-05:00,2.200000047683716,2.200000047683716,2.049999952316284,2.140000104904175,41200,0.0,0.0
2025-03-04 00:00:00-05:00,2.0999999046325684,2.200000047683716,2.009999990463257,2.0799999237060547,39000,0.0,0.0
2025-03-05 00:00:00-05:00,2.0399999618530273,2.1429998874664307,2.0199999809265137,2.0850000381469727,27700,0.0,0.0
2025-03-06 00:00:00-05:00,2.0799999237060547,2.1600000858306885,2.0460000038146973,2.0999999046325684,21800,0.0,0.0
2025-03-07 00:00:00-05:00,2.130000114440918,2.1700000762939453,2.049999952316284,2.1700000762939453,24400,0.0,0.0
2025-03-10 00:00:00-04:00,2.115999937057495,2.1700000762939453,2.069999933242798,2.119999885559082,13300,0.0,0.0
2025-03-11 00:00:00-04:00,2.119999885559082,2.13100004196167,2.069999933242798,2.0899999141693115,23700,0.0,0.0
2025-03-12 00:00:00-04:00,2.119999885559082,2.1500000953674316,2.049999952316284,2.0799999237060547,21800,0.0,0.0
2025-03-13 00:00:00-04:00,2.069999933242798,2.0999999046325684,2.049999952316284,2.049999952316284,11900,0.0,0.0
2025-03-14 00:00:00-04:00,2.059999942779541,2.180000066757202,2.059999942779541,2.140000104904175,26900,0.0,0.0
2025-03-17 00:00:00-04:00,2.0799999237060547,2.1760001182556152,2.0799999237060547,2.1500000953674316,13500,0.0,0.0
2025-03-18 00:00:00-04:00,2.1500000953674316,2.1500000953674316,2.0799999237060547,2.130000114440918,27000,0.0,0.0
2025-03-19 00:00:00-04:00,2.1500000953674316,2.1500000953674316,2.059999942779541,2.0799999237060547,20400,0.0,0.0
2025-03-20 00:00:00-04:00,2.119999885559082,2.119999885559082,2.069999933242798,2.0840001106262207,4200,0.0,0.0
2025-03-21 00:00:00-04:00,2.0950000286102295,2.2300000190734863,2.0899999141693115,2.200000047683716,16900,0.0,0.0
2025-03-24 00:00:00-04:00,2.1710000038146973,2.299999952316284,2.1710000038146973,2.296999931335449,45400,0.0,0.0
2025-03-25 00:00:00-04:00,2.4100000858306885,2.700000047683716,2.200000047683716,2.309999942779541,748200,0.0,0.0
2025-03-26 00:00:00-04:00,2.299999952316284,2.3359999656677246,2.2100000381469727,2.25,74500,0.0,0.0
2025-03-27 00:00:00-04:00,2.2100000381469727,2.4000000953674316,2.2100000381469727,2.390000104904175,80700,0.0,0.0
2025-03-28 00:00:00-04:00,2.3299999237060547,2.440000057220459,2.200000047683716,2.2320001125335693,43600,0.0,0.0
2025-03-31 00:00:00-04:00,2.180000066757202,2.2100000381469727,2.140000104904175,2.1740000247955322,24700,0.0,0.0
2025-04-01 00:00:00-04:00,2.180000066757202,2.2200000286102295,2.1600000858306885,2.1700000762939453,15900,0.0,0.0
2025-04-02 00:00:00-04:00,2.1700000762939453,2.2260000705718994,2.119999885559082,2.140000104904175,19100,0.0,0.0
2025-04-03 00:00:00-04:00,2.109999895095825,2.1500000953674316,2.069999933242798,2.069999933242798,42300,0.0,0.0
2025-04-04 00:00:00-04:00,2.0,2.0799999237060547,1.899999976158142,1.909999966621399,69700,0.0,0.0
2025-04-07 00:00:00-04:00,1.899999976158142,1.940000057220459,1.7999999523162842,1.8700000047683716,43300,0.0,0.0
2025-04-08 00:00:00-04:00,1.9700000286102295,2.055999994277954,1.7799999713897705,1.8300000429153442,25000,0.0,0.0
2025-04-09 00:00:00-04:00,1.7400000095367432,1.809999942779541,1.6299999952316284,1.7940000295639038,91300,0.0,0.0
2025-04-10 00:00:00-04:00,1.7799999713897705,1.899999976158142,1.7799999713897705,1.8300000429153442,51100,0.0,0.0
2025-04-11 00:00:00-04:00,1.840000033378601,1.9800000190734863,1.8300000429153442,1.875,110500,0.0,0.0
2025-04-14 00:00:00-04:00,1.8650000095367432,1.9850000143051147,1.8250000476837158,1.8860000371932983,15700,0.0,0.0
2025-04-15 00:00:00-04:00,1.9199999570846558,1.9500000476837158,1.899999976158142,1.9500000476837158,10000,0.0,0.0
2025-04-16 00:00:00-04:00,1.9249999523162842,1.9249999523162842,1.8459999561309814,1.8799999952316284,9600,0.0,0.0
2025-04-17 00:00:00-04:00,1.940000057220459,1.940000057220459,1.840000033378601,1.840000033378601,8300,0.0,0.0
2025-04-21 00:00:00-04:00,1.8899999856948853,1.8980000019073486,1.850000023841858,1.8949999809265137,23200,0.0,0.0
2025-04-22 00:00:00-04:00,1.850000023841858,1.9450000524520874,1.850000023841858,1.8899999856948853,6800,0.0,0.0
2025-04-23 00:00:00-04:00,1.8799999952316284,1.9539999961853027,1.8700000047683716,1.909999966621399,103500,0.0,0.0
2025-04-24 00:00:00-04:00,1.9010000228881836,2.2699999809265137,1.8700000047683716,2.240000009536743,249500,0.0,0.0
2025-04-25 00:00:00-04:00,2.2200000286102295,2.240000009536743,2.059999942779541,2.130000114440918,106200,0.0,0.0
2025-04-28 00:00:00-04:00,2.059999942779541,2.197999954223633,2.059999942779541,2.1600000858306885,21700,0.0,0.0
2025-04-29 00:00:00-04:00,2.1600000858306885,2.2100000381469727,2.0940001010894775,2.121999979019165,32700,0.0,0.0
2025-04-30 00:00:00-04:00,2.190999984741211,2.2799999713897705,2.1500000953674316,2.25,44700,0.0,0.0
2025-05-01 00:00:00-04:00,2.180000066757202,2.25,2.0299999713897705,2.2100000381469727,31900,0.0,0.0
2025-05-02 00:00:00-04:00,2.109999895095825,2.200000047683716,2.109999895095825,2.1649999618530273,21400,0.0,0.0
2025-05-05 00:00:00-04:00,2.240000009536743,2.240000009536743,2.109999895095825,2.125999927520752,24000,0.0,0.0
2025-05-06 00:00:00-04:00,2.259999990463257,2.259999990463257,2.0999999046325684,2.109999895095825,28000,0.0,0.0
2025-05-07 00:00:00-04:00,2.177999973297119,2.240000009536743,2.140000104904175,2.140000104904175,12300,0.0,0.0
2025-05-08 00:00:00-04:00,2.1600000858306885,2.700000047683716,1.9800000190734863,2.109999895095825,226700,0.0,0.0
2025-05-09 00:00:00-04:00,2.0999999046325684,2.1610000133514404,1.9700000286102295,2.0,71700,0.0,0.0
2025-05-12 00:00:00-04:00,2.0899999141693115,2.24399995803833,2.049999952316284,2.1700000762939453,93700,0.0,0.0
2025-05-13 00:00:00-04:00,2.134000062942505,2.4030001163482666,2.1010000705718994,2.252000093460083,140900,0.0,0.0
2025-05-14 00:00:00-04:00,2.246000051498413,2.2799999713897705,2.059999942779541,2.140000104904175,68900,0.0,0.0
2025-05-15 00:00:00-04:00,2.130000114440918,2.359999895095825,2.0799999237060547,2.240000009536743,347200,0.0,0.0
2025-05-16 00:00:00-04:00,2.1600000858306885,2.799999952316284,2.1600000858306885,2.6110000610351562,1004300,0.0,0.0
2025-05-19 00:00:00-04:00,2.5999999046325684,2.609999895095825,2.2239999771118164,2.549999952316284,3584600,0.0,0.0
2025-05-20 00:00:00-04:00,2.559999942779541,2.559999942779541,2.2699999809265137,2.3299999237060547,168600,0.0,0.0
2025-05-21 00:00:00-04:00,2.3299999237060547,2.5299999713897705,2.25,2.259999990463257,230200,0.0,0.0
2025-05-22 00:00:00-04:00,2.25,2.3399999141693115,2.200000047683716,2.299999952316284,118200,0.0,0.0
2025-05-23 00:00:00-04:00,2.299999952316284,2.299999952316284,2.1600000858306885,2.2100000381469727,94200,0.0,0.0
2025-05-27 00:00:00-04:00,2.2799999713897705,2.2799999713897705,2.180000066757202,2.24399995803833,52600,0.0,0.0
2025-05-28 00:00:00-04:00,2.299999952316284,2.4000000953674316,2.259999990463257,2.380000114440918,119200,0.0,0.0
2025-05-29 00:00:00-04:00,2.3499999046325684,2.4200000762939453,2.2860000133514404,2.4000000953674316,89000,0.0,0.0
2025-05-30 00:00:00-04:00,2.380000114440918,2.430000066757202,2.200000047683716,2.2699999809265137,63500,0.0,0.0
2025-06-02 00:00:00-04:00,2.200000047683716,2.2899999618530273,2.119999885559082,2.2899999618530273,59400,0.0,0.0
2025-06-03 00:00:00-04:00,2.2300000190734863,2.359999895095825,2.2019999027252197,2.259999990463257,34400,0.0,0.0
2025-06-04 00:00:00-04:00,2.259999990463257,2.3340001106262207,2.190000057220459,2.2200000286102295,39300,0.0,0.0
2025-06-05 00:00:00-04:00,2.190000057220459,2.2049999237060547,2.109999895095825,2.128000020980835,64600,0.0,0.0
2025-06-06 00:00:00-04:00,2.240000009536743,2.424999952316284,2.140000104904175,2.3499999046325684,434400,0.0,0.0
2025-06-09 00:00:00-04:00,2.380000114440918,2.440000057220459,2.2300000190734863,2.369999885559082,119300,0.0,0.0
2025-06-10 00:00:00-04:00,2.3410000801086426,2.390000104904175,2.309999942779541,2.3499999046325684,53900,0.0,0.0
2025-06-11 00:00:00-04:00,2.309999942779541,2.3399999141693115,2.200000047683716,2.240000009536743,113900,0.0,0.0
2025-06-12 00:00:00-04:00,2.200000047683716,2.2200000286102295,2.0999999046325684,2.0999999046325684,214800,0.0,0.0
2025-06-13 00:00:00-04:00,2.119999885559082,2.177000045776367,2.109999895095825,2.119999885559082,43800,0.0,0.0
2025-06-16 00:00:00-04:00,2.25,2.25,2.0899999141693115,2.140000104904175,26400,0.0,0.0
2025-06-17 00:00:00-04:00,2.0999999046325684,2.171999931335449,2.0799999237060547,2.0799999237060547,53700,0.0,0.0
2025-06-18 00:00:00-04:00,2.180000066757202,2.180000066757202,2.0299999713897705,2.0399999618530273,41500,0.0,0.0
2025-06-20 00:00:00-04:00,2.0399999618530273,2.122999906539917,2.009999990463257,2.0299999713897705,45200,0.0,0.0
2025-06-23 00:00:00-04:00,2.069999933242798,2.069999933242798,1.909999966621399,1.9900000095367432,45400,0.0,0.0
2025-06-24 00:00:00-04:00,1.9900000095367432,2.049999952316284,1.9500000476837158,2.0,23700,0.0,0.0
2025-06-25 00:00:00-04:00,1.9700000286102295,2.0999999046325684,1.9600000381469727,2.0399999618530273,10100,0.0,0.0
2025-06-26 00:00:00-04:00,1.9800000190734863,2.1500000953674316,1.9700000286102295,1.9900000095367432,158200,0.0,0.0
2025-06-27 00:00:00-04:00,2.0,2.015000104904175,1.9700000286102295,1.9900000095367432,27900,0.0,0.0
2025-06-30 00:00:00-04:00,2.0,2.009999990463257,1.9299999475479126,1.940000057220459,35000,0.0,0.0
2025-07-01 00:00:00-04:00,1.944000005722046,1.9800000190734863,1.909999966621399,1.9450000524520874,37200,0.0,0.0
2025-07-02 00:00:00-04:00,1.9199999570846558,1.9570000171661377,1.899999976158142,1.940000057220459,49400,0.0,0.0
2025-07-03 00:00:00-04:00,1.9299999475479126,1.9600000381469727,1.9049999713897705,1.9149999618530273,19100,0.0,0.0
2025-07-07 00:00:00-04:00,1.9199999570846558,1.944000005722046,1.850000023841858,1.934999942779541,61100,0.0,0.0
2025-07-08 00:00:00-04:00,1.909999966621399,2.0,1.909999966621399,2.0,21900,0.0,0.0
2025-07-09 00:00:00-04:00,1.9800000190734863,2.0399999618530273,1.8899999856948853,2.0209999084472656,46800,0.0,0.0
2025-07-10 00:00:00-04:00,2.0,2.0989999771118164,1.9900000095367432,2.0950000286102295,20100,0.0,0.0
2025-07-11 00:00:00-04:00,2.109999895095825,2.109999895095825,2.0,2.0399999618530273,17900,0.0,0.0
2025-07-14 00:00:00-04:00,2.01200008392334,2.0920000076293945,2.01200008392334,2.0199999809265137,5800,0.0,0.0
2025-07-15 00:00:00-04:00,2.007999897003174,2.049999952316284,1.8899999856948853,1.9529999494552612,85500,0.0,0.0
2025-07-16 00:00:00-04:00,2.009999990463257,2.0799999237060547,1.9299999475479126,2.0,157500,0.0,0.0
2025-07-17 00:00:00-04:00,2.0299999713897705,2.0390000343322754,1.9500000476837158,2.009999990463257,23500,0.0,0.0
2025-07-18 00:00:00-04:00,2.0399999618530273,2.119999885559082,2.009999990463257,2.009999990463257,60600,0.0,0.0
2025-07-21 00:00:00-04:00,2.200000047683716,2.25,2.119999885559082,2.2300000190734863,193500,0.0,0.0
2025-07-22 00:00:00-04:00,2.1700000762939453,2.2100000381469727,2.109999895095825,2.1700000762939453,52300,0.0,0.0
2025-07-23 00:00:00-04:00,2.1600000858306885,2.1600000858306885,2.119999885559082,2.132999897003174,41300,0.0,0.0
2025-07-24 00:00:00-04:00,2.109999895095825,2.1549999713897705,2.0399999618530273,2.059999942779541,34500,0.0,0.0
2025-07-25 00:00:00-04:00,2.119999885559082,2.1740000247955322,2.0199999809265137,2.1649999618530273,85000,0.0,0.0
2025-07-28 00:00:00-04:00,2.111999988555908,2.130000114440918,2.069999933242798,2.130000114440918,43600,0.0,0.0
2025-07-29 00:00:00-04:00,2.130000114440918,2.130000114440918,2.0,2.0,80100,0.0,0.0
2025-07-30 00:00:00-04:00,2.0799999237060547,2.0799999237060547,1.9500000476837158,1.9529999494552612,39100,0.0,0.0
2025-07-31 00:00:00-04:00,1.9769999980926514,1.9900000095367432,1.909999966621399,1.9570000171661377,19200,0.0,0.0
2025-08-01 00:00:00-04:00,1.9199999570846558,1.972000002861023,1.909999966621399,1.9550000429153442,12700,0.0,0.0
2025-08-04 00:00:00-04:00,1.9299999475479126,2.069999933242798,1.9299999475479126,1.944000005722046,27800,0.0,0.0
2025-08-05 00:00:00-04:00,1.934999942779541,1.940000057220459,1.899999976158142,1.899999976158142,33300,0.0,0.0
2025-08-06 00:00:00-04:00,1.9600000381469727,1.9600000381469727,1.9199999570846558,1.9199999570846558,9400,0.0,0.0
2025-08-07 00:00:00-04:00,1.9600000381469727,1.9900000095367432,1.7999999523162842,1.812999963760376,118600,0.0,0.0
2025-08-08 00:00:00-04:00,1.840000033378601,1.909999966621399,1.809999942779541,1.850000023841858,16600,0.0,0.0
2025-08-11 00:00:00-04:00,1.8600000143051147,1.8830000162124634,1.809999942779541,1.840000033378601,12600,0.0,0.0
2025-08-12 00:00:00-04:00,1.843999981880188,1.8550000190734863,1.7999999523162842,1.840000033378601,6200,0.0,0.0
2025-08-13 00:00:00-04:00,1.899999976158142,1.899999976158142,1.7599999904632568,1.8289999961853027,31100,0.0,0.0
2025-08-14 00:00:00-04:00,1.809999942779541,1.840000033378601,1.7999999523162842,1.8200000524520874,19200,0.0,0.0
2025-08-15 00:00:00-04:00,1.850000023841858,1.8589999675750732,1.7920000553131104,1.815999984741211,22100,0.0,0.0
2025-08-18 00:00:00-04:00,1.809999942779541,2.0,1.7599999904632568,1.8899999856948853,346900,0.0,0.0
2025-08-19 00:00:00-04:00,1.968999981880188,1.9700000286102295,1.8700000047683716,1.8899999856948853,90000,0.0,0.0
2025-08-20 00:00:00-04:00,1.899999976158142,1.909999966621399,1.850000023841858,1.8899999856948853,15800,0.0,0.0
2025-08-21 00:00:00-04:00,1.8940000534057617,1.8960000276565552,1.7999999523162842,1.8380000591278076,16400,0.0,0.0
2025-08-22 00:00:00-04:00,1.8799999952316284,1.909999966621399,1.8530000448226929,1.909999966621399,27000,0.0,0.0
2025-08-25 00:00:00-04:00,1.9049999713897705,2.1500000953674316,1.899999976158142,2.1050000190734863,135900,0.0,0.0
2025-08-26 00:00:00-04:00,2.119999885559082,2.25,2.049999952316284,2.2200000286102295,156700,0.0,0.0
2025-08-27 00:00:00-04:00,2.200000047683716,2.200000047683716,2.130000114440918,2.1500000953674316,45700,0.0,0.0
2025-08-28 00:00:00-04:00,2.0899999141693115,2.109999895095825,2.009999990463257,2.0799999237060547,67100,0.0,0.0
2025-08-29 00:00:00-04:00,2.0799999237060547,2.0880000591278076,2.0399999618530273,2.059999942779541,12000,0.0,0.0
2025-09-02 00:00:00-04:00,2.0299999713897705,2.190000057220459,2.0,2.1679999828338623,57400,0.0,0.0
2025-09-03 00:00:00-04:00,2.111999988555908,2.1530001163482666,2.0299999713897705,2.049999952316284,37100,0.0,0.0
2025-09-04 00:00:00-04:00,2.0380001068115234,2.0799999237060547,2.0299999713897705,2.069999933242798,14600,0.0,0.0
2025-09-05 00:00:00-04:00,2.0299999713897705,2.059999942779541,1.9500000476837158,2.0360000133514404,61800,0.0,0.0
2025-09-08 00:00:00-04:00,2.0,2.140000104904175,1.9900000095367432,2.0799999237060547,71200,0.0,0.0
2025-09-09 00:00:00-04:00,2.1500000953674316,2.193000078201294,2.059999942779541,2.180000066757202,59200,0.0,0.0
2025-09-10 00:00:00-04:00,2.240000009536743,2.2799999713897705,2.130000114440918,2.25,162500,0.0,0.0
2025-09-11 00:00:00-04:00,2.25,2.299999952316284,2.049999952316284,2.130000114440918,337300,0.0,0.0
2025-09-12 00:00:00-04:00,2.1700000762939453,2.180000066757202,2.009999990463257,2.0899999141693115,128200,0.0,0.0
2025-09-15 00:00:00-04:00,2.059999942779541,2.1500000953674316,2.009999990463257,2.0799999237060547,92300,0.0,0.0
2025-09-16 00:00:00-04:00,2.119999885559082,2.200000047683716,2.0799999237060547,2.180000066757202,143900,0.0,0.0
2025-09-17 00:00:00-04:00,2.1600000858306885,2.180000066757202,2.130000114440918,2.130000114440918,37000,0.0,0.0
2025-09-18 00:00:00-04:00,2.140000104904175,2.190000057220459,2.119999885559082,2.1600000858306885,61400,0.0,0.0
2025-09-19 00:00:00-04:00,2.1600000858306885,2.200000047683716,2.049999952316284,2.075000047683716,36700,0.0,0.0
2025-09-22 00:00:00-04:00,2.0799999237060547,2.1700000762939453,2.059999942779541,2.130000114440918,54600,0.0,0.0
2025-09-23 00:00:00-04:00,2.140000104904175,2.299999952316284,2.115999937057495,2.2950000762939453,168200,0.0,0.0
2025-09-24 00:00:00-04:00,2.2699999809265137,2.3399999141693115,2.2100000381469727,2.2990000247955322,156500,0.0,0.0
2025-09-25 00:00:00-04:00,2.3399999141693115,2.3480000495910645,2.1600000858306885,2.299999952316284,113400,0.0,0.0
2025-09-26 00:00:00-04:00,2.4000000953674316,2.5,2.049999952316284,2.065999984741211,555200,0.0,0.0
2025-09-29 00:00:00-04:00,2.0999999046325684,2.130000114440918,2.0199999809265137,2.0799999237060547,142200,0.0,0.0
2025-09-30 00:00:00-04:00,2.0399999618530273,2.0850000381469727,1.9019999504089355,2.0199999809265137,101800,0.0,0.0
2025-10-01 00:00:00-04:00,2.059999942779541,2.069999933242798,2.0,2.0399999618530273,55800,0.0,0.0
2025-10-02 00:00:00-04:00,2.069999933242798,2.0799999237060547,2.0,2.049999952316284,47400,0.0,0.0
2025-10-03 00:00:00-04:00,2.049999952316284,2.053999900817871,1.9500000476837158,2.0,61800,0.0,0.0
2025-10-06 00:00:00-04:00,2.0199999809265137,2.0299999713897705,2.0,2.015000104904175,32100,0.0,0.0
2025-10-07 00:00:00-04:00,2.049999952316284,2.069999933242798,2.0,2.0,34300,0.0,0.0
2025-10-08 00:00:00-04:00,2.0399999618530273,2.0450000762939453,1.9900000095367432,2.009999990463257,26600,0.0,0.0
2025-10-09 00:00:00-04:00,2.0299999713897705,2.0299999713897705,1.9500000476837158,1.9900000095367432,21400,0.0,0.0
2025-10-10 00:00:00-04:00,2.0,2.0250000953674316,1.9199999570846558,1.9700000286102295,68600,0.0,0.0
2025-10-13 00:00:00-04:00,2.0,2.0399999618530273,1.9500000476837158,2.0,68700,0.0,0.0
2025-10-14 00:00:00-04:00,1.909999966621399,2.009999990463257,1.909999966621399,2.0,16200,0.0,0.0
2025-10-15 00:00:00-04:00,2.0199999809265137,2.0299999713897705,1.940000057220459,1.9600000381469727,33900,0.0,0.0
2025-10-16 00:00:00-04:00,1.9600000381469727,1.9600000381469727,1.8300000429153442,1.850000023841858,50900,0.0,0.0
2025-10-17 00:00:00-04:00,1.9249999523162842,1.940000057220459,1.899999976158142,1.9199999570846558,24500,0.0,0.0
2025-10-20 00:00:00-04:00,1.9600000381469727,1.9700000286102295,1.9299999475479126,1.940000057220459,24900,0.0,0.0
2025-10-21 00:00:00-04:00,1.9119999408721924,1.9700000286102295,1.8600000143051147,1.9500000476837158,30100,0.0,0.0
2025-10-22 00:00:00-04:00,1.9500000476837158,2.0,1.899999976158142,1.9199999570846558,55400,0.0,0.0
2025-10-23 00:00:00-04:00,1.909999966621399,1.940000057220459,1.8700000047683716,1.940000057220459,32500,0.0,0.0
2025-10-24 00:00:00-04:00,1.909999966621399,1.972000002861023,1.909999966621399,1.930999994277954,33700,0.0,0.0
2025-10-27 00:00:00-04:00,1.9509999752044678,1.975000023841858,1.9149999618530273,1.9299999475479126,30300,0.0,0.0
2025-10-28 00:00:00-04:00,1.9450000524520874,1.9500000476837158,1.8799999952316284,1.9500000476837158,68600,0.0,0.0
2025-10-29 00:00:00-04:00,1.9700000286102295,1.9700000286102295,1.8700000047683716,1.899999976158142,57900,0.0,0.0
2025-10-30 00:00:00-04:00,1.8799999952316284,1.9500000476837158,1.8799999952316284,1.9359999895095825,37000,0.0,0.0
2025-10-31 00:00:00-04:00,1.899999976158142,1.934999942779541,1.8300000429153442,1.9199999570846558,27400,0.0,0.0
2025-11-03 00:00:00-05:00,1.899999976158142,1.909999966621399,1.8600000143051147,1.8700000047683716,14500,0.0,0.0
2025-11-04 00:00:00-05:00,1.850000023841858,1.899999976158142,1.7799999713897705,1.7999999523162842,40100,0.0,0.0
2025-11-05 00:00:00-05:00,1.7799999713897705,1.850000023841858,1.7799999713897705,1.840000033378601,19400,0.0,0.0
2025-11-06 00:00:00-05:00,1.8600000143051147,1.8600000143051147,1.7999999523162842,1.7999999523162842,7900,0.0,0.0
2025-11-07 00:00:00-05:00,1.7899999618530273,1.8200000524520874,1.659999966621399,1.7999999523162842,52900,0.0,0.0
2025-11-10 00:00:00-05:00,1.840000033378601,1.840000033378601,1.7000000476837158,1.7300000190734863,18800,0.0,0.0
2025-11-11 00:00:00-05:00,1.7269999980926514,1.7899999618530273,1.7000000476837158,1.7100000381469727,35500,0.0,0.0
2025-11-12 00:00:00-05:00,1.8309999704360962,1.8309999704360962,1.7200000286102295,1.781000018119812,14900,0.0,0.0
2025-11-13 00:00:00-05:00,1.75,1.7999999523162842,1.7000000476837158,1.7100000381469727,62600,0.0,0.0
2025-11-14 00:00:00-05:00,1.7799999713897705,1.7799999713897705,1.371000051498413,1.4600000381469727,115600,0.0,0.0
2025-11-17 00:00:00-05:00,1.5099999904632568,1.5099999904632568,1.0299999713897705,1.1699999570846558,136900,0.0,0.0
2025-11-18 00:00:00-05:00,1.2100000381469727,1.350000023841858,1.2100000381469727,1.340000033378601,67800,0.0,0.0
2025-11-19 00:00:00-05:00,1.3700000047683716,1.3700000047683716,1.2710000276565552,1.3200000524520874,74000,0.0,0.0
2025-11-20 00:00:00-05:00,1.3799999952316284,1.399999976158142,1.2200000286102295,1.25,82500,0.0,0.0
2025-11-21 00:00:00-05:00,1.2699999809265137,1.3250000476837158,1.1399999856948853,1.2300000190734863,65700,0.0,0.0
2025-11-24 00:00:00-05:00,1.2000000476837158,1.2799999713897705,1.1799999475479126,1.2300000190734863,60000,0.0,0.0
2025-11-25 00:00:00-05:00,1.1799999475479126,1.2999999523162842,1.1799999475479126,1.2400000095367432,77500,0.0,0.0
2025-11-26 00:00:00-05:00,1.2799999713897705,1.2899999618530273,1.190000057220459,1.2710000276565552,50000,0.0,0.0
2025-11-28 00:00:00-05:00,1.2400000095367432,1.3200000524520874,1.222000002861023,1.2300000190734863,30600,0.0,0.0
2025-12-01 00:00:00-05:00,1.2799999713897705,1.3700000047683716,1.2300000190734863,1.2699999809265137,57500,0.0,0.0
2025-12-02 00:00:00-05:00,1.25,1.3309999704360962,1.190000057220459,1.190000057220459,33100,0.0,0.0
2025-12-03 00:00:00-05:00,1.2000000476837158,1.2400000095367432,1.149999976158142,1.2300000190734863,46000,0.0,0.0
2025-12-04 00:00:00-05:00,1.2100000381469727,1.25,1.149999976158142,1.2000000476837158,40900,0.0,0.0
2025-12-05 00:00:00-05:00,1.2100000381469727,1.2899999618530273,1.1799999475479126,1.2589999437332153,50500,0.0,0.0
2025-12-08 00:00:00-05:00,1.2200000286102295,1.2799999713897705,1.2000000476837158,1.2599999904632568,21800,0.0,0.0
2025-12-09 00:00:00-05:00,1.2100000381469727,1.25,1.0779999494552612,1.2000000476837158,132700,0.0,0.0
2025-12-10 00:00:00-05:00,1.2000000476837158,1.2350000143051147,1.2000000476837158,1.2300000190734863,7500,0.0,0.0
2025-12-11 00:00:00-05:00,1.25,1.4390000104904175,1.1699999570846558,1.409999966621399,274500,0.0,0.0
2025-12-12 00:00:00-05:00,1.2899999618530273,1.3200000524520874,1.1200000047683716,1.2699999809265137,100500,0.0,0.0
2025-12-15 00:00:00-05:00,1.2799999713897705,1.2799999713897705,1.0750000476837158,1.1100000143051147,116700,0.0,0.0
2025-12-16 00:00:00-05:00,1.1100000143051147,1.1799999475479126,0.9990000128746033,1.0219999551773071,61600,0.0,0.0
2025-12-17 00:00:00-05:00,1.0700000524520874,1.0700000524520874,0.9800000190734863,0.9900000095367432,71500,0.0,0.0
2025-12-18 00:00:00-05:00,1.0099999904632568,1.0800000429153442,0.9800000190734863,0.9800000190734863,85500,0.0,0.0
2025-12-19 00:00:00-05:00,0.9399999976158142,0.9900000095367432,0.8999999761581421,0.8999999761581421,91700,0.0,0.0
2025-12-22 00:00:00-05:00,0.890999972820282,0.8999999761581421,0.8500000238418579,0.890999972820282,81800,0.0,0.0
2025-12-23 00:00:00-05:00,0.8870000243186951,0.8889999985694885,0.8299999833106995,0.8309999704360962,61600,0.0,0.0
2025-12-24 00:00:00-05:00,0.8399999737739563,0.8500000238418579,0.800000011920929,0.8389999866485596,55600,0.0,0.0
2025-12-26 00:00:00-05:00,0.8299999833106995,0.890999972820282,0.824999988079071,0.8410000205039978,22100,0.0,0.0
2025-12-29 00:00:00-05:00,0.8199999928474426,0.828000009059906,0.6399999856948853,0.6949999928474426,181400,0.0,0.0
2025-12-30 00:00:00-05:00,0.6980000138282776,0.7590000033378601,0.6880000233650208,0.7059999704360962,67600,0.0,0.0
2025-12-31 00:00:00-05:00,0.6819999814033508,0.7580000162124634,0.6539999842643738,0.6539999842643738,88900,0.0,0.0
2026-01-02 00:00:00-05:00,0.7039999961853027,0.7039999961853027,0.6499999761581421,0.6840000152587891,48700,0.0,0.0
2026-01-05 00:00:00-05:00,0.699999988079071,0.9800000190734863,0.699999988079071,0.8299999833106995,526900,0.0,0.0
2026-01-06 00:00:00-05:00,0.8379999995231628,0.949999988079071,0.7540000081062317,0.890999972820282,115000,0.0,0.0
2026-01-07 00:00:00-05:00,0.8880000114440918,0.8999999761581421,0.8389999866485596,0.8510000109672546,60100,0.0,0.0
2026-01-08 00:00:00-05:00,0.8600000143051147,0.8600000143051147,0.7900000214576721,0.8299999833106995,34300,0.0,0.0
2026-01-09 00:00:00-05:00,0.8299999833106995,0.859000027179718,0.7749999761581421,0.8050000071525574,8500,0.0,0.0
2026-01-12 00:00:00-05:00,0.8659999966621399,0.9200000166893005,0.7839999794960022,0.8399999737739563,46900,0.0,0.0
2026-01-13 00:00:00-05:00,0.8389999866485596,0.8679999709129333,0.8100000023841858,0.8109999895095825,13500,0.0,0.0
2026-01-14 00:00:00-05:00,0.800000011920929,0.8600000143051147,0.7900000214576721,0.8100000023841858,8400,0.0,0.0
2026-01-15 00:00:00-05:00,0.8100000023841858,0.8500000238418579,0.800000011920929,0.8220000267028809,33300,0.0,0.0
2026-01-16 00:00:00-05:00,0.8360000252723694,1.100000023841858,0.8220000267028809,1.0,122600,0.0,0.0
2026-01-20 00:00:00-05:00,1.090000033378601,1.1690000295639038,0.9739999771118164,1.090000033378601,723800,0.0,0.0
2026-01-21 00:00:00-05:00,1.100000023841858,1.1699999570846558,0.9779999852180481,1.0299999713897705,199100,0.0,0.0
2026-01-22 00:00:00-05:00,1.0499999523162842,1.0800000429153442,1.0089999437332153,1.0499999523162842,36400,0.0,0.0
2026-01-23 00:00:00-05:00,1.0700000524520874,1.3300000429153442,1.0,1.2200000286102295,263000,0.0,0.0
2026-01-26 00:00:00-05:00,1.2400000095367432,1.2400000095367432,1.0499999523162842,1.1799999475479126,138400,0.0,0.0
2026-01-27 00:00:00-05:00,1.190000057220459,1.2300000190734863,1.1200000047683716,1.1699999570846558,80300,0.0,0.0
2026-01-28 00:00:00-05:00,1.2000000476837158,1.590000033378601,1.149999976158142,1.3799999952316284,391000,0.0,0.0
2026-01-29 00:00:00-05:00,1.399999976158142,1.399999976158142,1.1699999570846558,1.2300000190734863,117500,0.0,0.0
2026-01-30 00:00:00-05:00,1.25,1.25,1.100000023841858,1.149999976158142,88100,0.0,0.0
2026-02-02 00:00:00-05:00,1.149999976158142,1.2100000381469727,1.0700000524520874,1.090000033378601,50900,0.0,0.0
2026-02-03 00:00:00-05:00,1.0850000381469727,1.1399999856948853,1.0199999809265137,1.100000023841858,76100,0.0,0.0
2026-02-04 00:00:00-05:00,1.090000033378601,1.090999960899353,0.9750000238418579,1.0,52900,0.0,0.0
2026-02-05 00:00:00-05:00,1.0,1.0099999904632568,0.8209999799728394,0.8700000047683716,70300,0.0,0.0
2026-02-06 00:00:00-05:00,0.8799999952316284,1.0399999618530273,0.8799999952316284,1.0399999618530273,58000,0.0,0.0
2026-02-09 00:00:00-05:00,1.0099999904632568,1.0549999475479126,0.9900000095367432,1.0,32600,0.0,0.0
2026-02-10 00:00:00-05:00,1.0199999809265137,1.149999976158142,1.0099999904632568,1.1200000047683716,68000,0.0,0.0
2026-02-11 00:00:00-05:00,1.1399999856948853,1.1399999856948853,1.0499999523162842,1.0499999523162842,33000,0.0,0.0
2026-02-12 00:00:00-05:00,1.0299999713897705,1.062999963760376,0.9649999737739563,0.9700000286102295,33000,0.0,0.0
2026-02-13 00:00:00-05:00,0.9700000286102295,1.0449999570846558,0.8799999952316284,0.9259999990463257,56600,0.0,0.0
2026-02-17 00:00:00-05:00,0.9169999957084656,0.9300000071525574,0.8500000238418579,0.8999999761581421,30800,0.0,0.0
2026-02-18 00:00:00-05:00,0.8289999961853027,0.9900000095367432,0.7900000214576721,0.9639999866485596,316500,0.0,0.0
2026-02-19 00:00:00-05:00,1.0,1.0299999713897705,0.875,0.9229999780654907,12400,0.0,0.0
2026-02-20 00:00:00-05:00,0.9100000262260437,0.9990000128746033,0.9100000262260437,0.9210000038146973,13800,0.0,0.0
2026-02-23 00:00:00-05:00,0.9559999704360962,0.9750000238418579,0.8970000147819519,0.9279999732971191,25300,0.0,0.0
2026-02-24 00:00:00-05:00,0.9279999732971191,0.9700000286102295,0.8999999761581421,0.8999999761581421,8100,0.0,0.0
2026-02-25 00:00:00-05:00,0.9020000100135803,0.921999990940094,0.8820000290870667,0.8899999856948853,22100,0.0,0.0
2026-02-26 00:00:00-05:00,0.8939999938011169,0.949999988079071,0.8859999775886536,0.8859999775886536,31700,0.0,0.0
2026-02-27 00:00:00-05:00,0.8799999952316284,0.9200000166893005,0.8799999952316284,0.9129999876022339,14300,0.0,0.0
2026-03-02 00:00:00-05:00,0.8799999952316284,0.9399999976158142,0.8799999952316284,0.9200000166893005,19100,0.0,0.0
2026-03-03 00:00:00-05:00,0.9179999828338623,0.9399999976158142,0.8849999904632568,0.9150000214576721,21200,0.0,0.0
2026-03-04 00:00:00-05:00,0.9399999976158142,0.9549999833106995,0.9150000214576721,0.9169999957084656,9400,0.0,0.0
2026-03-05 00:00:00-05:00,0.9549999833106995,0.9700000286102295,0.8700000047683716,0.9079999923706055,41100,0.0,0.0
2026-03-06 00:00:00-05:00,0.8899999856948853,0.9399999976158142,0.8600000143051147,0.8799999952316284,13800,0.0,0.0
2026-03-09 00:00:00-04:00,0.8500000238418579,0.8799999952316284,0.8199999928474426,0.8270000219345093,17500,0.0,0.0
2026-03-10 00:00:00-04:00,0.8610000014305115,0.9890000224113464,0.8500000238418579,0.9810000061988831,74300,0.0,0.0
2026-03-11 00:00:00-04:00,0.9769999980926514,0.9769999980926514,0.9399999976158142,0.9700000286102295,12152,0.0,0.0
