Date,Open,High,Low,Close,Volume,Dividends,Stock Splits
2022-01-03 00:00:00-05:00,57.400001525878906,64.19999694824219,57.20000076293945,63.20000076293945,31345,0.0,0.0
2022-01-04 00:00:00-05:00,62.79999923706055,63.5,60.20000076293945,61.400001525878906,18840,0.0,0.0
2022-01-05 00:00:00-05:00,60.79999923706055,61.63999938964844,57.0,57.79999923706055,20210,0.0,0.0
2022-01-06 00:00:00-05:00,57.63999938964844,60.0,54.20000076293945,55.400001525878906,24620,0.0,0.0
2022-01-07 00:00:00-05:00,55.400001525878906,57.58000183105469,54.599998474121094,55.79999923706055,15745,0.0,0.0
2022-01-10 00:00:00-05:00,54.599998474121094,56.29999923706055,53.0,55.79999923706055,13525,0.0,0.0
2022-01-11 00:00:00-05:00,55.20000076293945,58.20000076293945,54.79999923706055,57.400001525878906,12310,0.0,0.0
2022-01-12 00:00:00-05:00,57.599998474121094,59.0,55.0,55.20000076293945,15235,0.0,0.0
2022-01-13 00:00:00-05:00,55.20000076293945,56.20000076293945,51.0,51.400001525878906,42345,0.0,0.0
2022-01-14 00:00:00-05:00,51.400001525878906,52.91999816894531,49.599998474121094,52.79999923706055,25395,0.0,0.0
2022-01-18 00:00:00-05:00,51.20000076293945,52.0,50.0,50.0,15635,0.0,0.0
2022-01-19 00:00:00-05:00,49.20000076293945,50.599998474121094,48.0,49.0,16660,0.0,0.0
2022-01-20 00:00:00-05:00,48.0,51.400001525878906,47.20000076293945,47.79999923706055,23175,0.0,0.0
2022-01-21 00:00:00-05:00,47.20000076293945,47.79999923706055,45.540000915527344,46.0,21030,0.0,0.0
2022-01-24 00:00:00-05:00,42.400001525878906,45.0,39.400001525878906,42.0,44305,0.0,0.0
2022-01-25 00:00:00-05:00,41.79999923706055,45.599998474121094,40.400001525878906,44.79999923706055,24695,0.0,0.0
2022-01-26 00:00:00-05:00,45.0,46.20000076293945,41.79999923706055,42.20000076293945,19405,0.0,0.0
2022-01-27 00:00:00-05:00,43.400001525878906,43.79999923706055,38.20000076293945,38.20000076293945,25775,0.0,0.0
2022-01-28 00:00:00-05:00,38.599998474121094,40.20000076293945,36.79999923706055,39.599998474121094,20270,0.0,0.0
2022-01-31 00:00:00-05:00,39.599998474121094,42.79999923706055,39.599998474121094,41.79999923706055,16225,0.0,0.0
2022-02-01 00:00:00-05:00,42.400001525878906,44.20000076293945,40.400001525878906,43.599998474121094,11625,0.0,0.0
2022-02-02 00:00:00-05:00,43.599998474121094,44.20000076293945,41.0,42.0,20815,0.0,0.0
2022-02-03 00:00:00-05:00,41.599998474121094,42.599998474121094,40.400001525878906,40.599998474121094,16375,0.0,0.0
2022-02-04 00:00:00-05:00,41.20000076293945,41.79999923706055,39.20000076293945,40.79999923706055,12265,0.0,0.0
2022-02-07 00:00:00-05:00,40.79999923706055,42.0,40.20000076293945,40.79999923706055,13265,0.0,0.0
2022-02-08 00:00:00-05:00,40.79999923706055,40.79999923706055,39.20000076293945,40.400001525878906,11930,0.0,0.0
2022-02-09 00:00:00-05:00,40.20000076293945,41.70000076293945,39.599998474121094,41.599998474121094,21685,0.0,0.0
2022-02-10 00:00:00-05:00,41.20000076293945,42.599998474121094,39.599998474121094,40.0,20630,0.0,0.0
2022-02-11 00:00:00-05:00,40.20000076293945,41.79999923706055,37.0,37.79999923706055,36770,0.0,0.0
2022-02-14 00:00:00-05:00,37.0,38.20000076293945,36.0,36.0,20920,0.0,0.0
2022-02-15 00:00:00-05:00,36.20000076293945,38.0,36.20000076293945,37.400001525878906,20055,0.0,0.0
2022-02-16 00:00:00-05:00,36.79999923706055,39.0,36.79999923706055,37.79999923706055,11165,0.0,0.0
2022-02-17 00:00:00-05:00,38.0,38.0,35.220001220703125,35.599998474121094,16455,0.0,0.0
2022-02-18 00:00:00-05:00,36.0,36.52000045776367,34.0,35.400001525878906,14240,0.0,0.0
2022-02-22 00:00:00-05:00,34.599998474121094,35.79999923706055,33.79999923706055,34.400001525878906,12915,0.0,0.0
2022-02-23 00:00:00-05:00,35.20000076293945,35.20000076293945,32.20000076293945,32.400001525878906,13005,0.0,0.0
2022-02-24 00:00:00-05:00,29.600000381469727,34.20000076293945,29.280000686645508,33.400001525878906,14785,0.0,0.0
2022-02-25 00:00:00-05:00,33.599998474121094,35.599998474121094,32.79999923706055,34.79999923706055,13835,0.0,0.0
2022-02-28 00:00:00-05:00,34.0,35.79999923706055,33.20000076293945,34.79999923706055,15595,0.0,0.0
2022-03-01 00:00:00-05:00,35.0,36.91999816894531,34.20000076293945,34.599998474121094,11125,0.0,0.0
2022-03-02 00:00:00-05:00,34.79999923706055,36.0,34.0,34.599998474121094,7440,0.0,0.0
2022-03-03 00:00:00-05:00,34.599998474121094,35.0,33.20000076293945,33.400001525878906,7365,0.0,0.0
2022-03-04 00:00:00-05:00,33.599998474121094,33.79999923706055,31.200000762939453,31.799999237060547,11265,0.0,0.0
2022-03-07 00:00:00-05:00,31.799999237060547,33.599998474121094,31.0,32.79999923706055,14185,0.0,0.0
2022-03-08 00:00:00-05:00,32.79999923706055,34.599998474121094,32.0,33.599998474121094,12120,0.0,0.0
2022-03-09 00:00:00-05:00,33.599998474121094,38.20000076293945,33.599998474121094,37.400001525878906,18205,0.0,0.0
2022-03-10 00:00:00-05:00,36.79999923706055,38.2400016784668,34.20000076293945,36.400001525878906,7200,0.0,0.0
2022-03-11 00:00:00-05:00,36.400001525878906,36.599998474121094,34.599998474121094,34.599998474121094,9220,0.0,0.0
2022-03-14 00:00:00-04:00,35.0,35.099998474121094,33.0,33.0,9175,0.0,0.0
2022-03-15 00:00:00-04:00,33.79999923706055,35.79999923706055,33.0,34.79999923706055,9875,0.0,0.0
2022-03-16 00:00:00-04:00,35.20000076293945,40.20000076293945,34.599998474121094,39.79999923706055,116355,0.0,0.0
2022-03-17 00:00:00-04:00,37.0,38.79999923706055,35.79999923706055,36.400001525878906,48520,0.0,0.0
2022-03-18 00:00:00-04:00,36.20000076293945,37.599998474121094,35.0,36.20000076293945,17885,0.0,0.0
2022-03-21 00:00:00-04:00,36.20000076293945,37.0,34.599998474121094,36.400001525878906,30070,0.0,0.0
2022-03-22 00:00:00-04:00,36.400001525878906,38.599998474121094,35.599998474121094,36.400001525878906,19460,0.0,0.0
2022-03-23 00:00:00-04:00,36.20000076293945,37.599998474121094,36.0,37.400001525878906,9840,0.0,0.0
2022-03-24 00:00:00-04:00,37.0,37.400001525878906,35.599998474121094,36.599998474121094,12290,0.0,0.0
2022-03-25 00:00:00-04:00,35.599998474121094,36.599998474121094,35.0,35.20000076293945,7730,0.0,0.0
2022-03-28 00:00:00-04:00,35.400001525878906,36.20000076293945,33.0,33.79999923706055,23675,0.0,0.0
2022-03-29 00:00:00-04:00,34.20000076293945,35.880001068115234,33.79999923706055,35.0,10475,0.0,0.0
2022-03-30 00:00:00-04:00,35.400001525878906,38.400001525878906,35.20000076293945,36.400001525878906,25120,0.0,0.0
2022-03-31 00:00:00-04:00,36.20000076293945,37.599998474121094,35.599998474121094,37.20000076293945,13830,0.0,0.0
2022-04-01 00:00:00-04:00,37.20000076293945,38.0,36.400001525878906,37.0,7190,0.0,0.0
2022-04-04 00:00:00-04:00,37.20000076293945,39.29999923706055,36.400001525878906,38.20000076293945,9310,0.0,0.0
2022-04-05 00:00:00-04:00,38.20000076293945,40.79999923706055,37.599998474121094,38.79999923706055,18995,0.0,0.0
2022-04-06 00:00:00-04:00,38.599998474121094,38.599998474121094,36.400001525878906,37.0,14205,0.0,0.0
2022-04-07 00:00:00-04:00,37.79999923706055,38.400001525878906,36.0,36.20000076293945,8775,0.0,0.0
2022-04-08 00:00:00-04:00,36.0,37.0,34.599998474121094,35.0,16545,0.0,0.0
2022-04-11 00:00:00-04:00,34.79999923706055,37.400001525878906,34.0,36.599998474121094,32880,0.0,0.0
2022-04-12 00:00:00-04:00,36.20000076293945,37.79999923706055,33.79999923706055,34.400001525878906,25110,0.0,0.0
2022-04-13 00:00:00-04:00,34.0,35.20000076293945,33.20000076293945,33.79999923706055,15900,0.0,0.0
2022-04-14 00:00:00-04:00,33.79999923706055,34.0,32.20000076293945,32.79999923706055,9950,0.0,0.0
2022-04-18 00:00:00-04:00,33.20000076293945,33.20000076293945,30.399999618530273,31.0,17545,0.0,0.0
2022-04-19 00:00:00-04:00,30.799999237060547,32.79999923706055,30.0,31.399999618530273,14555,0.0,0.0
2022-04-20 00:00:00-04:00,31.600000381469727,32.599998474121094,30.600000381469727,31.399999618530273,5670,0.0,0.0
2022-04-21 00:00:00-04:00,31.600000381469727,32.0,29.600000381469727,29.799999237060547,10830,0.0,0.0
2022-04-22 00:00:00-04:00,29.799999237060547,30.799999237060547,28.399999618530273,30.200000762939453,15910,0.0,0.0
2022-04-25 00:00:00-04:00,30.0,32.0,29.399999618530273,31.799999237060547,5405,0.0,0.0
2022-04-26 00:00:00-04:00,32.0,32.70000076293945,30.0,30.600000381469727,7075,0.0,0.0
2022-04-27 00:00:00-04:00,30.200000762939453,30.600000381469727,29.399999618530273,29.799999237060547,8235,0.0,0.0
2022-04-28 00:00:00-04:00,30.0,30.799999237060547,28.600000381469727,30.399999618530273,5965,0.0,0.0
2022-04-29 00:00:00-04:00,29.799999237060547,31.399999618530273,28.799999237060547,29.200000762939453,6820,0.0,0.0
2022-05-02 00:00:00-04:00,28.799999237060547,30.799999237060547,28.559999465942383,29.799999237060547,7470,0.0,0.0
2022-05-03 00:00:00-04:00,30.600000381469727,30.799999237060547,29.200000762939453,30.200000762939453,11180,0.0,0.0
2022-05-04 00:00:00-04:00,29.799999237060547,31.0,28.940000534057617,30.399999618530273,6065,0.0,0.0
2022-05-05 00:00:00-04:00,30.0,30.0,27.399999618530273,28.200000762939453,9590,0.0,0.0
2022-05-06 00:00:00-04:00,28.399999618530273,29.079999923706055,25.399999618530273,26.639999389648438,9590,0.0,0.0
2022-05-09 00:00:00-04:00,27.399999618530273,27.399999618530273,23.200000762939453,23.600000381469727,18770,0.0,0.0
2022-05-10 00:00:00-04:00,23.399999618530273,24.600000381469727,22.399999618530273,23.899999618530273,8485,0.0,0.0
2022-05-11 00:00:00-04:00,23.399999618530273,24.0,20.399999618530273,21.0,16255,0.0,0.0
2022-05-12 00:00:00-04:00,20.399999618530273,22.600000381469727,19.399999618530273,21.600000381469727,22110,0.0,0.0
2022-05-13 00:00:00-04:00,21.200000762939453,24.200000762939453,21.0,23.799999237060547,9930,0.0,0.0
2022-05-16 00:00:00-04:00,24.0,24.200000762939453,19.200000762939453,19.260000228881836,60630,0.0,0.0
2022-05-17 00:00:00-04:00,19.0,19.200000762939453,13.279999732971191,13.539999961853027,198050,0.0,0.0
2022-05-18 00:00:00-04:00,14.199999809265137,14.199999809265137,12.399999618530273,12.5,62060,0.0,0.0
2022-05-19 00:00:00-04:00,12.399999618530273,13.800000190734863,12.399999618530273,12.9399995803833,38130,0.0,0.0
2022-05-20 00:00:00-04:00,13.460000038146973,14.479999542236328,12.399999618530273,13.180000305175781,52180,0.0,0.0
2022-05-23 00:00:00-04:00,13.9399995803833,15.800000190734863,13.199999809265137,14.899999618530273,53125,0.0,0.0
2022-05-24 00:00:00-04:00,15.199999809265137,15.199999809265137,13.020000457763672,13.359999656677246,17015,0.0,0.0
2022-05-25 00:00:00-04:00,13.399999618530273,14.199999809265137,13.0,13.199999809265137,12000,0.0,0.0
2022-05-26 00:00:00-04:00,13.199999809265137,16.200000762939453,13.0,16.100000381469727,83350,0.0,0.0
2022-05-27 00:00:00-04:00,16.100000381469727,17.84000015258789,14.600000381469727,16.399999618530273,48755,0.0,0.0
2022-05-31 00:00:00-04:00,17.15999984741211,17.600000381469727,16.020000457763672,16.760000228881836,19815,0.0,0.0
2022-06-01 00:00:00-04:00,17.0,17.5,15.079999923706055,15.300000190734863,4220,0.0,0.0
2022-06-02 00:00:00-04:00,15.300000190734863,16.739999771118164,15.0,15.779999732971191,6715,0.0,0.0
2022-06-03 00:00:00-04:00,16.0,17.200000762939453,15.600000381469727,16.639999389648438,7355,0.0,0.0
2022-06-06 00:00:00-04:00,16.84000015258789,17.520000457763672,15.680000305175781,16.200000762939453,4815,0.0,0.0
2022-06-07 00:00:00-04:00,16.079999923706055,16.719999313354492,15.220000267028809,15.9399995803833,10005,0.0,0.0
2022-06-08 00:00:00-04:00,15.800000190734863,17.399999618530273,15.800000190734863,17.020000457763672,5325,0.0,0.0
2022-06-09 00:00:00-04:00,17.0,18.799999237060547,16.399999618530273,18.299999237060547,13740,0.0,0.0
2022-06-10 00:00:00-04:00,17.760000228881836,18.200000762939453,17.200000762939453,17.600000381469727,13735,0.0,0.0
2022-06-13 00:00:00-04:00,16.84000015258789,17.700000762939453,15.520000457763672,16.020000457763672,6400,0.0,0.0
2022-06-14 00:00:00-04:00,16.0,16.260000228881836,15.0,15.5600004196167,4805,0.0,0.0
2022-06-15 00:00:00-04:00,15.399999618530273,17.0,15.0,16.639999389648438,6495,0.0,0.0
2022-06-16 00:00:00-04:00,16.219999313354492,17.0,15.300000190734863,15.84000015258789,3815,0.0,0.0
2022-06-17 00:00:00-04:00,15.960000038146973,17.0,15.180000305175781,16.0,4510,0.0,0.0
2022-06-21 00:00:00-04:00,16.3799991607666,16.3799991607666,15.600000381469727,16.239999771118164,5625,0.0,0.0
2022-06-22 00:00:00-04:00,16.0,17.200000762939453,16.0,16.719999313354492,6940,0.0,0.0
2022-06-23 00:00:00-04:00,17.18000030517578,17.600000381469727,16.399999618530273,16.700000762939453,3250,0.0,0.0
2022-06-24 00:00:00-04:00,16.600000381469727,17.260000228881836,16.0,16.0,10030,0.0,0.0
2022-06-27 00:00:00-04:00,16.0,18.200000762939453,16.0,17.1200008392334,8030,0.0,0.0
2022-06-28 00:00:00-04:00,18.18000030517578,18.18000030517578,16.200000762939453,16.200000762939453,4055,0.0,0.0
2022-06-29 00:00:00-04:00,16.239999771118164,17.0,15.600000381469727,15.739999771118164,7900,0.0,0.0
2022-06-30 00:00:00-04:00,15.760000228881836,15.760000228881836,14.65999984741211,15.0,3685,0.0,0.0
2022-07-01 00:00:00-04:00,15.0,16.0,15.0,15.5,2660,0.0,0.0
2022-07-05 00:00:00-04:00,15.779999732971191,16.780000686645508,15.100000381469727,16.600000381469727,6290,0.0,0.0
2022-07-06 00:00:00-04:00,16.81999969482422,17.0,15.859999656677246,16.600000381469727,8830,0.0,0.0
2022-07-07 00:00:00-04:00,16.600000381469727,16.899999618530273,15.619999885559082,16.0,227905,0.0,0.0
2022-07-08 00:00:00-04:00,20.0,21.200000762939453,17.540000915527344,19.0,1259300,0.0,0.0
2022-07-11 00:00:00-04:00,18.799999237060547,18.899999618530273,16.459999084472656,18.0,72740,0.0,0.0
2022-07-12 00:00:00-04:00,17.600000381469727,19.200000762939453,17.579999923706055,18.920000076293945,37065,0.0,0.0
2022-07-13 00:00:00-04:00,17.799999237060547,20.0,17.799999237060547,19.860000610351562,37060,0.0,0.0
2022-07-14 00:00:00-04:00,19.979999542236328,21.200000762939453,19.020000457763672,20.799999237060547,32685,0.0,0.0
2022-07-15 00:00:00-04:00,21.200000762939453,22.799999237060547,20.399999618530273,22.399999618530273,36135,0.0,0.0
2022-07-18 00:00:00-04:00,22.399999618530273,25.600000381469727,21.399999618530273,24.0,41365,0.0,0.0
2022-07-19 00:00:00-04:00,24.200000762939453,25.799999237060547,18.799999237060547,25.0,134905,0.0,0.0
2022-07-20 00:00:00-04:00,25.0,25.399999618530273,22.600000381469727,22.600000381469727,21665,0.0,0.0
2022-07-21 00:00:00-04:00,22.399999618530273,22.600000381469727,22.0,22.399999618530273,11825,0.0,0.0
2022-07-22 00:00:00-04:00,22.399999618530273,23.0,22.0,22.600000381469727,8765,0.0,0.0
2022-07-25 00:00:00-04:00,22.0,23.0,22.0,22.799999237060547,8755,0.0,0.0
2022-07-26 00:00:00-04:00,22.200000762939453,22.559999465942383,21.399999618530273,21.600000381469727,8525,0.0,0.0
2022-07-27 00:00:00-04:00,22.0,22.200000762939453,21.600000381469727,22.200000762939453,4615,0.0,0.0
2022-07-28 00:00:00-04:00,22.0,22.18000030517578,21.399999618530273,21.799999237060547,5700,0.0,0.0
2022-07-29 00:00:00-04:00,21.399999618530273,21.600000381469727,18.260000228881836,19.200000762939453,24280,0.0,0.0
2022-08-01 00:00:00-04:00,18.440000534057617,19.600000381469727,18.239999771118164,19.0,4930,0.0,0.0
2022-08-02 00:00:00-04:00,19.0,19.5,18.200000762939453,18.459999084472656,6310,0.0,0.0
2022-08-03 00:00:00-04:00,18.399999618530273,19.600000381469727,18.260000228881836,18.799999237060547,3570,0.0,0.0
2022-08-04 00:00:00-04:00,19.0,19.399999618530273,18.479999542236328,19.0,5590,0.0,0.0
2022-08-05 00:00:00-04:00,19.200000762939453,20.0,18.440000534057617,19.799999237060547,3995,0.0,0.0
2022-08-08 00:00:00-04:00,20.0,23.200000762939453,19.399999618530273,19.579999923706055,17125,0.0,0.0
2022-08-09 00:00:00-04:00,19.5,20.200000762939453,18.399999618530273,18.459999084472656,5085,0.0,0.0
2022-08-10 00:00:00-04:00,18.780000686645508,20.399999618530273,18.600000381469727,19.920000076293945,9980,0.0,0.0
2022-08-11 00:00:00-04:00,19.600000381469727,20.399999618530273,19.020000457763672,19.780000686645508,4750,0.0,0.0
2022-08-12 00:00:00-04:00,19.399999618530273,20.0,18.65999984741211,19.0,5380,0.0,0.0
2022-08-15 00:00:00-04:00,19.18000030517578,19.200000762939453,18.399999618530273,18.399999618530273,4440,0.0,0.0
2022-08-16 00:00:00-04:00,18.200000762939453,18.780000686645508,17.0,17.600000381469727,6785,0.0,0.0
2022-08-17 00:00:00-04:00,17.799999237060547,18.31999969482422,17.200000762939453,17.219999313354492,3520,0.0,0.0
2022-08-18 00:00:00-04:00,17.520000457763672,19.8799991607666,17.5,17.81999969482422,22380,0.0,0.0
2022-08-19 00:00:00-04:00,17.5,18.399999618530273,16.799999237060547,17.020000457763672,10125,0.0,0.0
2022-08-22 00:00:00-04:00,15.800000190734863,16.0,14.800000190734863,15.260000228881836,10675,0.0,0.0
2022-08-23 00:00:00-04:00,15.0,19.200000762939453,15.0,17.200000762939453,10290,0.0,0.0
2022-08-24 00:00:00-04:00,17.200000762939453,17.760000228881836,16.280000686645508,16.600000381469727,3075,0.0,0.0
2022-08-25 00:00:00-04:00,16.799999237060547,17.780000686645508,16.0,16.3799991607666,5355,0.0,0.0
2022-08-26 00:00:00-04:00,16.0,16.3799991607666,15.420000076293945,15.760000228881836,6170,0.0,0.0
2022-08-29 00:00:00-04:00,15.9399995803833,17.0,15.680000305175781,16.100000381469727,3145,0.0,0.0
2022-08-30 00:00:00-04:00,15.800000190734863,16.399999618530273,15.600000381469727,15.899999618530273,1605,0.0,0.0
2022-08-31 00:00:00-04:00,15.5600004196167,17.799999237060547,15.020000457763672,15.880000114440918,11435,0.0,0.0
2022-09-01 00:00:00-04:00,15.399999618530273,15.880000114440918,15.220000267028809,15.600000381469727,1970,0.0,0.0
2022-09-02 00:00:00-04:00,15.600000381469727,16.0,15.239999771118164,15.600000381469727,3385,0.0,0.0
2022-09-06 00:00:00-04:00,15.239999771118164,15.800000190734863,13.600000381469727,14.779999732971191,16345,0.0,0.0
2022-09-07 00:00:00-04:00,14.15999984741211,15.020000457763672,14.15999984741211,14.819999694824219,2315,0.0,0.0
2022-09-08 00:00:00-04:00,14.199999809265137,14.779999732971191,14.199999809265137,14.479999542236328,8635,0.0,0.0
2022-09-09 00:00:00-04:00,14.239999771118164,14.880000114440918,14.199999809265137,14.5,2540,0.0,0.0
2022-09-12 00:00:00-04:00,14.800000190734863,16.780000686645508,14.479999542236328,15.800000190734863,7085,0.0,0.0
2022-09-13 00:00:00-04:00,16.760000228881836,20.739999771118164,16.0,18.600000381469727,101540,0.0,0.0
2022-09-14 00:00:00-04:00,19.0,19.0,17.219999313354492,17.260000228881836,5905,0.0,0.0
2022-09-15 00:00:00-04:00,17.600000381469727,18.0,17.020000457763672,17.65999984741211,3825,0.0,0.0
2022-09-16 00:00:00-04:00,17.0,18.299999237060547,16.799999237060547,17.0,4200,0.0,0.0
2022-09-19 00:00:00-04:00,16.799999237060547,16.799999237060547,15.800000190734863,16.200000762939453,1945,0.0,0.0
2022-09-20 00:00:00-04:00,15.84000015258789,17.0,15.34000015258789,15.34000015258789,2545,0.0,0.0
2022-09-21 00:00:00-04:00,15.199999809265137,15.600000381469727,15.039999961853027,15.380000114440918,2035,0.0,0.0
2022-09-22 00:00:00-04:00,15.199999809265137,15.960000038146973,15.199999809265137,15.300000190734863,1700,0.0,0.0
2022-09-23 00:00:00-04:00,15.600000381469727,15.600000381469727,14.199999809265137,14.199999809265137,3995,0.0,0.0
2022-09-26 00:00:00-04:00,14.199999809265137,15.640000343322754,12.979999542236328,13.039999961853027,6360,0.0,0.0
2022-09-27 00:00:00-04:00,13.199999809265137,14.800000190734863,13.199999809265137,13.300000190734863,6510,0.0,0.0
2022-09-28 00:00:00-04:00,13.600000381469727,13.9399995803833,13.399999618530273,13.600000381469727,1070,0.0,0.0
2022-09-29 00:00:00-04:00,13.600000381469727,13.600000381469727,13.199999809265137,13.5600004196167,2490,0.0,0.0
2022-09-30 00:00:00-04:00,13.199999809265137,13.5,13.0,13.0,7615,0.0,0.0
2022-10-03 00:00:00-04:00,13.300000190734863,13.460000038146973,12.420000076293945,13.15999984741211,3145,0.0,0.0
2022-10-04 00:00:00-04:00,12.739999771118164,14.0,12.739999771118164,13.34000015258789,2520,0.0,0.0
2022-10-05 00:00:00-04:00,13.399999618530273,14.65999984741211,13.199999809265137,14.039999961853027,2645,0.0,0.0
2022-10-06 00:00:00-04:00,13.5600004196167,15.65999984741211,13.520000457763672,15.15999984741211,7675,0.0,0.0
2022-10-07 00:00:00-04:00,15.0,15.0,13.600000381469727,13.600000381469727,980,0.0,0.0
2022-10-10 00:00:00-04:00,13.600000381469727,16.760000228881836,13.600000381469727,13.979999542236328,8375,0.0,0.0
2022-10-11 00:00:00-04:00,15.520000457763672,15.520000457763672,13.600000381469727,13.699999809265137,6625,0.0,0.0
2022-10-12 00:00:00-04:00,13.600000381469727,14.600000381469727,11.899999618530273,13.800000190734863,2655,0.0,0.0
2022-10-13 00:00:00-04:00,13.199999809265137,13.800000190734863,12.760000228881836,13.399999618530273,1215,0.0,0.0
2022-10-14 00:00:00-04:00,13.100000381469727,15.359999656677246,12.9399995803833,15.199999809265137,2590,0.0,0.0
2022-10-17 00:00:00-04:00,15.0,15.199999809265137,14.0,14.600000381469727,1455,0.0,0.0
2022-10-18 00:00:00-04:00,15.199999809265137,15.199999809265137,14.079999923706055,14.5,2235,0.0,0.0
2022-10-19 00:00:00-04:00,14.5600004196167,14.600000381469727,13.819999694824219,13.819999694824219,1110,0.0,0.0
2022-10-20 00:00:00-04:00,13.600000381469727,14.600000381469727,13.600000381469727,13.699999809265137,505,0.0,0.0
2022-10-21 00:00:00-04:00,14.0,14.399999618530273,13.199999809265137,13.680000305175781,1465,0.0,0.0
2022-10-24 00:00:00-04:00,13.199999809265137,14.5600004196167,13.199999809265137,13.239999771118164,1760,0.0,0.0
2022-10-25 00:00:00-04:00,14.0,14.199999809265137,13.399999618530273,14.0,1530,0.0,0.0
2022-10-26 00:00:00-04:00,13.800000190734863,14.399999618530273,13.399999618530273,13.399999618530273,1615,0.0,0.0
2022-10-27 00:00:00-04:00,14.079999923706055,14.199999809265137,13.460000038146973,14.0,1840,0.0,0.0
2022-10-28 00:00:00-04:00,14.399999618530273,14.399999618530273,13.600000381469727,13.779999732971191,615,0.0,0.0
2022-10-31 00:00:00-04:00,13.199999809265137,14.359999656677246,13.199999809265137,13.399999618530273,5315,0.0,0.0
2022-11-01 00:00:00-04:00,13.399999618530273,14.0,13.199999809265137,13.380000114440918,3110,0.0,0.0
2022-11-02 00:00:00-04:00,13.199999809265137,13.739999771118164,13.0,13.600000381469727,3685,0.0,0.0
2022-11-03 00:00:00-04:00,13.399999618530273,13.84000015258789,13.0,13.800000190734863,2850,0.0,0.0
2022-11-04 00:00:00-04:00,13.65999984741211,13.960000038146973,13.0,13.140000343322754,3415,0.0,0.0
2022-11-07 00:00:00-05:00,13.5,13.600000381469727,12.0,12.720000267028809,6075,0.0,0.0
2022-11-08 00:00:00-05:00,12.779999732971191,13.199999809265137,12.0,12.199999809265137,2420,0.0,0.0
2022-11-09 00:00:00-05:00,12.600000381469727,12.800000190734863,10.720000267028809,11.779999732971191,4590,0.0,0.0
2022-11-10 00:00:00-05:00,12.0,12.800000190734863,9.65999984741211,10.5,40920,0.0,0.0
2022-11-11 00:00:00-05:00,10.399999618530273,10.699999809265137,6.619999885559082,9.140000343322754,72500,0.0,0.0
2022-11-14 00:00:00-05:00,9.600000381469727,9.600000381469727,8.199999809265137,9.0,7755,0.0,0.0
2022-11-15 00:00:00-05:00,7.0,8.920000076293945,6.860000133514404,8.199999809265137,20705,0.0,0.0
2022-11-16 00:00:00-05:00,8.199999809265137,8.65999984741211,7.679999828338623,7.900000095367432,5620,0.0,0.0
2022-11-17 00:00:00-05:00,8.380000114440918,8.399999618530273,7.019999980926514,7.5,8920,0.0,0.0
2022-11-18 00:00:00-05:00,7.599999904632568,7.800000190734863,7.21999979019165,7.599999904632568,6200,0.0,0.0
2022-11-21 00:00:00-05:00,7.599999904632568,7.78000020980835,7.059999942779541,7.159999847412109,4535,0.0,0.0
2022-11-22 00:00:00-05:00,7.360000133514404,7.400000095367432,6.800000190734863,7.0,6595,0.0,0.0
2022-11-23 00:00:00-05:00,7.0,7.800000190734863,7.0,7.800000190734863,4130,0.0,0.0
2022-11-25 00:00:00-05:00,7.400000095367432,7.800000190734863,7.21999979019165,7.699999809265137,2145,0.0,0.0
2022-11-28 00:00:00-05:00,7.199999809265137,7.699999809265137,7.199999809265137,7.400000095367432,2460,0.0,0.0
2022-11-29 00:00:00-05:00,7.559999942779541,7.800000190734863,7.199999809265137,7.800000190734863,2275,0.0,0.0
2022-11-30 00:00:00-05:00,7.559999942779541,8.380000114440918,7.400000095367432,8.300000190734863,4480,0.0,0.0
2022-12-01 00:00:00-05:00,8.399999618530273,8.600000381469727,7.71999979019165,8.140000343322754,2720,0.0,0.0
2022-12-02 00:00:00-05:00,8.199999809265137,9.640000343322754,8.0,9.600000381469727,4545,0.0,0.0
2022-12-05 00:00:00-05:00,10.079999923706055,10.899999618530273,10.079999923706055,10.300000190734863,11030,0.0,0.0
2022-12-06 00:00:00-05:00,9.0,9.800000190734863,9.0,9.5,8500,0.0,0.0
2022-12-07 00:00:00-05:00,10.800000190734863,10.800000190734863,8.779999732971191,9.359999656677246,6900,0.0,0.0
2022-12-08 00:00:00-05:00,10.800000190734863,10.800000190734863,9.020000457763672,9.539999961853027,4350,0.0,0.0
2022-12-09 00:00:00-05:00,9.800000190734863,10.399999618530273,9.479999542236328,10.399999618530273,3975,0.0,0.0
2022-12-12 00:00:00-05:00,10.399999618530273,10.399999618530273,9.0,9.0,2945,0.0,0.0
2022-12-13 00:00:00-05:00,9.199999809265137,9.460000038146973,9.0,9.119999885559082,3430,0.0,0.0
2022-12-14 00:00:00-05:00,9.199999809265137,9.199999809265137,8.380000114440918,8.380000114440918,3815,0.0,0.0
2022-12-15 00:00:00-05:00,8.399999618530273,8.399999618530273,7.599999904632568,7.599999904632568,7495,0.0,0.0
2022-12-16 00:00:00-05:00,8.0,8.0,6.400000095367432,6.400000095367432,18475,0.0,0.0
2022-12-19 00:00:00-05:00,6.71999979019165,7.320000171661377,6.400000095367432,6.800000190734863,10660,0.0,0.0
2022-12-20 00:00:00-05:00,6.800000190734863,8.0,6.739999771118164,6.739999771118164,5395,0.0,0.0
2022-12-21 00:00:00-05:00,6.800000190734863,8.15999984741211,6.800000190734863,7.039999961853027,15075,0.0,0.0
2022-12-22 00:00:00-05:00,6.800000190734863,7.5,6.800000190734863,7.139999866485596,4695,0.0,0.0
2022-12-23 00:00:00-05:00,6.800000190734863,7.5,6.800000190734863,7.420000076293945,4670,0.0,0.0
2022-12-27 00:00:00-05:00,7.420000076293945,7.420000076293945,7.0,7.0,2710,0.0,0.0
2022-12-28 00:00:00-05:00,6.800000190734863,7.199999809265137,6.599999904632568,6.880000114440918,7865,0.0,0.0
2022-12-29 00:00:00-05:00,6.760000228881836,7.199999809265137,6.239999771118164,6.619999885559082,18520,0.0,0.0
2022-12-30 00:00:00-05:00,6.079999923706055,6.840000152587891,6.079999923706055,6.619999885559082,11265,0.0,0.0
2023-01-03 00:00:00-05:00,7.760000228881836,7.980000019073486,6.71999979019165,7.5,5960,0.0,0.0
2023-01-04 00:00:00-05:00,8.0,8.0,7.5,7.880000114440918,4465,0.0,0.0
2023-01-05 00:00:00-05:00,8.0,10.640000343322754,7.860000133514404,10.300000190734863,20925,0.0,0.0
2023-01-06 00:00:00-05:00,10.520000457763672,10.520000457763672,9.0,9.119999885559082,5625,0.0,0.0
2023-01-09 00:00:00-05:00,8.880000114440918,9.399999618530273,8.699999809265137,9.15999984741211,3300,0.0,0.0
2023-01-10 00:00:00-05:00,9.15999984741211,9.199999809265137,8.800000190734863,9.100000381469727,2420,0.0,0.0
2023-01-11 00:00:00-05:00,9.800000190734863,10.600000381469727,9.5,10.199999809265137,129515,0.0,0.0
2023-01-12 00:00:00-05:00,10.279999732971191,10.640000343322754,8.199999809265137,10.0,25635,0.0,0.0
2023-01-13 00:00:00-05:00,9.800000190734863,10.0,9.619999885559082,9.760000228881836,9950,0.0,0.0
2023-01-17 00:00:00-05:00,9.5600004196167,11.600000381469727,9.199999809265137,11.140000343322754,40350,0.0,0.0
2023-01-18 00:00:00-05:00,11.199999809265137,12.0,10.399999618530273,10.5600004196167,9715,0.0,0.0
2023-01-19 00:00:00-05:00,10.5600004196167,10.5600004196167,9.699999809265137,9.760000228881836,6385,0.0,0.0
2023-01-20 00:00:00-05:00,9.600000381469727,9.960000038146973,9.479999542236328,9.800000190734863,2970,0.0,0.0
2023-01-23 00:00:00-05:00,9.399999618530273,9.720000267028809,9.199999809265137,9.579999923706055,7400,0.0,0.0
2023-01-24 00:00:00-05:00,9.779999732971191,10.0,9.380000114440918,9.600000381469727,8160,0.0,0.0
2023-01-25 00:00:00-05:00,9.399999618530273,10.0,9.039999961853027,10.0,4655,0.0,0.0
2023-01-26 00:00:00-05:00,9.800000190734863,9.800000190734863,9.220000267028809,9.539999961853027,1745,0.0,0.0
2023-01-27 00:00:00-05:00,9.800000190734863,9.800000190734863,9.380000114440918,9.479999542236328,3125,0.0,0.0
2023-01-30 00:00:00-05:00,10.199999809265137,10.199999809265137,9.720000267028809,9.920000076293945,5280,0.0,0.0
2023-01-31 00:00:00-05:00,9.399999618530273,10.039999961853027,9.399999618530273,10.020000457763672,8445,0.0,0.0
2023-02-01 00:00:00-05:00,9.800000190734863,10.380000114440918,9.800000190734863,10.0,2300,0.0,0.0
2023-02-02 00:00:00-05:00,10.199999809265137,11.0,10.199999809265137,10.420000076293945,4075,0.0,0.0
2023-02-03 00:00:00-05:00,10.65999984741211,11.319999694824219,10.420000076293945,10.479999542236328,5940,0.0,0.0
2023-02-06 00:00:00-05:00,11.0,11.180000305175781,10.199999809265137,10.199999809265137,5945,0.0,0.0
2023-02-07 00:00:00-05:00,10.600000381469727,10.600000381469727,9.84000015258789,10.039999961853027,4980,0.0,0.0
2023-02-08 00:00:00-05:00,10.039999961853027,10.399999618530273,10.039999961853027,10.399999618530273,1575,0.0,0.0
2023-02-09 00:00:00-05:00,10.300000190734863,10.600000381469727,10.0,10.399999618530273,2465,0.0,0.0
2023-02-10 00:00:00-05:00,10.399999618530273,10.600000381469727,9.199999809265137,9.479999542236328,7350,0.0,0.0
2023-02-13 00:00:00-05:00,0.4740000069141388,0.4740000069141388,0.4740000069141388,0.4740000069141388,0,0.0,0.05
2023-02-14 00:00:00-05:00,7.75,9.899999618530273,7.739999771118164,8.199999809265137,69700,0.0,0.0
2023-02-15 00:00:00-05:00,8.609999656677246,8.609999656677246,7.599999904632568,7.800000190734863,25000,0.0,0.0
2023-02-16 00:00:00-05:00,7.736000061035156,7.736000061035156,6.96999979019165,7.099999904632568,18500,0.0,0.0
2023-02-17 00:00:00-05:00,7.139999866485596,7.150000095367432,6.880000114440918,6.920000076293945,8500,0.0,0.0
2023-02-21 00:00:00-05:00,6.800000190734863,6.949999809265137,6.28000020980835,6.300000190734863,28400,0.0,0.0
2023-02-22 00:00:00-05:00,6.550000190734863,6.566999912261963,5.989999771118164,6.309999942779541,31300,0.0,0.0
2023-02-23 00:00:00-05:00,5.21999979019165,5.349999904632568,5.050000190734863,5.050000190734863,114500,0.0,0.0
2023-02-24 00:00:00-05:00,4.909999847412109,5.099999904632568,4.795000076293945,5.099999904632568,33300,0.0,0.0
2023-02-27 00:00:00-05:00,5.125,5.239999771118164,5.0,5.059999942779541,15700,0.0,0.0
2023-02-28 00:00:00-05:00,5.139999866485596,5.190000057220459,4.935999870300293,5.130000114440918,5900,0.0,0.0
2023-03-01 00:00:00-05:00,5.150000095367432,5.199999809265137,5.050000190734863,5.199999809265137,5100,0.0,0.0
2023-03-02 00:00:00-05:00,5.130000114440918,5.25,5.11299991607666,5.210000038146973,6800,0.0,0.0
2023-03-03 00:00:00-05:00,5.25,5.300000190734863,5.170000076293945,5.25,7200,0.0,0.0
2023-03-06 00:00:00-05:00,5.275000095367432,5.322999954223633,5.119999885559082,5.130000114440918,10900,0.0,0.0
2023-03-07 00:00:00-05:00,5.210000038146973,5.230000019073486,4.800000190734863,4.860000133514404,38000,0.0,0.0
2023-03-08 00:00:00-05:00,4.860000133514404,5.056000232696533,4.860000133514404,4.926000118255615,11600,0.0,0.0
2023-03-09 00:00:00-05:00,4.815000057220459,5.119999885559082,4.815000057220459,5.079999923706055,4000,0.0,0.0
2023-03-10 00:00:00-05:00,5.150000095367432,5.190000057220459,4.920000076293945,5.039999961853027,15200,0.0,0.0
2023-03-13 00:00:00-04:00,5.050000190734863,5.150000095367432,4.929999828338623,5.105000019073486,14100,0.0,0.0
2023-03-14 00:00:00-04:00,5.210000038146973,5.449999809265137,5.050000190734863,5.179999828338623,29200,0.0,0.0
2023-03-15 00:00:00-04:00,5.320000171661377,5.320000171661377,5.039999961853027,5.21999979019165,58200,0.0,0.0
2023-03-16 00:00:00-04:00,5.190000057220459,5.324999809265137,5.150000095367432,5.150000095367432,4300,0.0,0.0
2023-03-17 00:00:00-04:00,5.0229997634887695,5.255000114440918,5.0229997634887695,5.170000076293945,9600,0.0,0.0
2023-03-20 00:00:00-04:00,5.139999866485596,5.150000095367432,5.050000190734863,5.138999938964844,6000,0.0,0.0
2023-03-21 00:00:00-04:00,5.070000171661377,5.070000171661377,4.920000076293945,5.03000020980835,31400,0.0,0.0
2023-03-22 00:00:00-04:00,4.960000038146973,5.239999771118164,4.820000171661377,4.820000171661377,16200,0.0,0.0
2023-03-23 00:00:00-04:00,5.099999904632568,5.099999904632568,4.699999809265137,4.75,8800,0.0,0.0
2023-03-24 00:00:00-04:00,4.619999885559082,4.659999847412109,4.599999904632568,4.599999904632568,1900,0.0,0.0
2023-03-27 00:00:00-04:00,4.517000198364258,4.760000228881836,4.517000198364258,4.699999809265137,4500,0.0,0.0
2023-03-28 00:00:00-04:00,4.5269999504089355,4.73199987411499,4.5,4.610000133514404,11300,0.0,0.0
2023-03-29 00:00:00-04:00,4.650000095367432,4.650000095367432,4.500999927520752,4.550000190734863,7500,0.0,0.0
2023-03-30 00:00:00-04:00,4.684999942779541,4.684999942779541,4.579999923706055,4.60099983215332,3400,0.0,0.0
2023-03-31 00:00:00-04:00,4.570000171661377,4.679999828338623,4.440000057220459,4.440000057220459,4900,0.0,0.0
2023-04-03 00:00:00-04:00,4.380000114440918,4.380000114440918,4.135000228881836,4.190000057220459,7300,0.0,0.0
2023-04-04 00:00:00-04:00,4.150000095367432,4.170000076293945,3.8399999141693115,3.9800000190734863,13900,0.0,0.0
2023-04-05 00:00:00-04:00,3.859999895095825,3.999000072479248,3.799999952316284,3.8399999141693115,12400,0.0,0.0
2023-04-06 00:00:00-04:00,4.690000057220459,4.690000057220459,4.0879998207092285,4.420000076293945,62400,0.0,0.0
2023-04-10 00:00:00-04:00,4.510000228881836,4.53000020980835,4.130000114440918,4.210000038146973,7900,0.0,0.0
2023-04-11 00:00:00-04:00,4.150000095367432,4.363999843597412,4.099999904632568,4.179999828338623,25500,0.0,0.0
2023-04-12 00:00:00-04:00,4.429999828338623,4.429999828338623,4.039999961853027,4.050000190734863,20700,0.0,0.0
2023-04-13 00:00:00-04:00,4.059999942779541,4.46999979019165,4.050000190734863,4.199999809265137,10200,0.0,0.0
2023-04-14 00:00:00-04:00,4.119999885559082,4.300000190734863,4.058000087738037,4.099999904632568,30900,0.0,0.0
2023-04-17 00:00:00-04:00,4.099999904632568,4.099999904632568,4.039999961853027,4.050000190734863,5700,0.0,0.0
2023-04-18 00:00:00-04:00,4.052999973297119,4.260000228881836,4.03000020980835,4.260000228881836,2000,0.0,0.0
2023-04-19 00:00:00-04:00,4.130000114440918,4.130000114440918,4.059999942779541,4.059999942779541,4900,0.0,0.0
2023-04-20 00:00:00-04:00,4.380000114440918,4.380000114440918,3.7799999713897705,3.930000066757202,4900,0.0,0.0
2023-04-21 00:00:00-04:00,3.930000066757202,3.930000066757202,3.7899999618530273,3.9200000762939453,4800,0.0,0.0
2023-04-24 00:00:00-04:00,3.8489999771118164,4.0,3.759999990463257,3.9079999923706055,21400,0.0,0.0
2023-04-25 00:00:00-04:00,3.880000114440918,4.050000190734863,3.7799999713897705,3.7799999713897705,21800,0.0,0.0
2023-04-26 00:00:00-04:00,3.7799999713897705,3.927999973297119,3.7799999713897705,3.819999933242798,14200,0.0,0.0
2023-04-27 00:00:00-04:00,4.077000141143799,4.084000110626221,3.799999952316284,3.9700000286102295,3300,0.0,0.0
2023-04-28 00:00:00-04:00,4.189000129699707,4.189000129699707,3.9019999504089355,3.9649999141693115,8000,0.0,0.0
2023-05-01 00:00:00-04:00,3.946000099182129,3.990000009536743,3.7799999713897705,3.8450000286102295,9100,0.0,0.0
2023-05-02 00:00:00-04:00,3.7699999809265137,3.9700000286102295,3.759999990463257,3.9000000953674316,2000,0.0,0.0
2023-05-03 00:00:00-04:00,3.859999895095825,4.070000171661377,3.799999952316284,3.8499999046325684,12700,0.0,0.0
2023-05-04 00:00:00-04:00,3.819999933242798,4.039999961853027,3.819999933242798,3.8399999141693115,7700,0.0,0.0
2023-05-05 00:00:00-04:00,3.8499999046325684,4.0,3.8499999046325684,3.9000000953674316,7100,0.0,0.0
2023-05-08 00:00:00-04:00,3.9700000286102295,3.9700000286102295,3.822000026702881,3.940000057220459,3200,0.0,0.0
2023-05-09 00:00:00-04:00,3.940000057220459,3.9619998931884766,3.809999942779541,3.890000104904175,6700,0.0,0.0
2023-05-10 00:00:00-04:00,3.890000104904175,4.079999923706055,3.8299999237060547,3.8499999046325684,4300,0.0,0.0
2023-05-11 00:00:00-04:00,3.859999895095825,3.9049999713897705,3.809999942779541,3.9049999713897705,2800,0.0,0.0
2023-05-12 00:00:00-04:00,3.9100000858306885,3.9800000190734863,3.809999942779541,3.950000047683716,5700,0.0,0.0
2023-05-15 00:00:00-04:00,3.799999952316284,3.930000066757202,3.6500000953674316,3.6600000858306885,9300,0.0,0.0
2023-05-16 00:00:00-04:00,3.9800000190734863,3.9800000190734863,3.6500000953674316,3.88700008392334,11100,0.0,0.0
2023-05-17 00:00:00-04:00,3.880000114440918,3.880000114440918,3.759999990463257,3.8399999141693115,4600,0.0,0.0
2023-05-18 00:00:00-04:00,3.880000114440918,3.880000114440918,3.6700000762939453,3.73799991607666,8000,0.0,0.0
2023-05-19 00:00:00-04:00,3.7730000019073486,3.8570001125335693,3.7300000190734863,3.8350000381469727,11700,0.0,0.0
2023-05-22 00:00:00-04:00,3.8299999237060547,3.859999895095825,3.700000047683716,3.75,16600,0.0,0.0
2023-05-23 00:00:00-04:00,3.7899999618530273,3.8299999237060547,3.5999999046325684,3.6500000953674316,31100,0.0,0.0
2023-05-24 00:00:00-04:00,3.6500000953674316,3.6600000858306885,3.3299999237060547,3.6600000858306885,9500,0.0,0.0
2023-05-25 00:00:00-04:00,3.4600000381469727,3.680000066757202,3.4100000858306885,3.5889999866485596,10500,0.0,0.0
2023-05-26 00:00:00-04:00,3.5199999809265137,3.640000104904175,3.4000000953674316,3.4000000953674316,13800,0.0,0.0
2023-05-30 00:00:00-04:00,3.4000000953674316,3.799999952316284,3.3299999237060547,3.799999952316284,16800,0.0,0.0
2023-05-31 00:00:00-04:00,3.7899999618530273,3.9000000953674316,3.7839999198913574,3.8499999046325684,16200,0.0,0.0
2023-06-01 00:00:00-04:00,3.869999885559082,3.869999885559082,3.609999895095825,3.6600000858306885,24500,0.0,0.0
2023-06-02 00:00:00-04:00,3.6600000858306885,3.736999988555908,3.430000066757202,3.609999895095825,28300,0.0,0.0
2023-06-05 00:00:00-04:00,3.6600000858306885,3.7899999618530273,3.549999952316284,3.549999952316284,14500,0.0,0.0
2023-06-06 00:00:00-04:00,3.6700000762939453,3.759999990463257,3.2899999618530273,3.75,25500,0.0,0.0
2023-06-07 00:00:00-04:00,3.700000047683716,3.7200000286102295,3.549999952316284,3.549999952316284,14500,0.0,0.0
2023-06-08 00:00:00-04:00,3.609999895095825,3.6600000858306885,3.450000047683716,3.4800000190734863,18700,0.0,0.0
2023-06-09 00:00:00-04:00,3.6700000762939453,3.7279999256134033,3.450000047683716,3.5299999713897705,10300,0.0,0.0
2023-06-12 00:00:00-04:00,3.509999990463257,3.630000114440918,3.180000066757202,3.25,38300,0.0,0.0
2023-06-13 00:00:00-04:00,3.2699999809265137,3.450000047683716,3.25,3.3399999141693115,19600,0.0,0.0
2023-06-14 00:00:00-04:00,3.2320001125335693,3.4100000858306885,3.2320001125335693,3.4000000953674316,14300,0.0,0.0
2023-06-15 00:00:00-04:00,3.4200000762939453,3.4700000286102295,3.200000047683716,3.4100000858306885,26300,0.0,0.0
2023-06-16 00:00:00-04:00,3.4600000381469727,3.559999942779541,3.3399999141693115,3.559999942779541,28700,0.0,0.0
2023-06-20 00:00:00-04:00,3.5999999046325684,3.619999885559082,3.4000000953674316,3.5,7900,0.0,0.0
2023-06-21 00:00:00-04:00,3.490000009536743,3.490000009536743,3.2100000381469727,3.3399999141693115,6100,0.0,0.0
2023-06-22 00:00:00-04:00,3.2799999713897705,3.390000104904175,3.1600000858306885,3.190000057220459,7500,0.0,0.0
2023-06-23 00:00:00-04:00,3.190000057220459,3.190000057220459,2.9600000381469727,3.1470000743865967,20900,0.0,0.0
2023-06-26 00:00:00-04:00,3.1500000953674316,3.2300000190734863,3.0199999809265137,3.1549999713897705,8300,0.0,0.0
2023-06-27 00:00:00-04:00,3.265000104904175,3.5,3.0,3.119999885559082,9200,0.0,0.0
2023-06-28 00:00:00-04:00,3.259999990463257,3.259999990463257,3.0,3.009999990463257,3500,0.0,0.0
2023-06-29 00:00:00-04:00,2.9600000381469727,3.1600000858306885,2.809999942779541,2.9800000190734863,8600,0.0,0.0
2023-06-30 00:00:00-04:00,3.0199999809265137,3.1500000953674316,3.0,3.1500000953674316,9300,0.0,0.0
2023-07-03 00:00:00-04:00,3.197000026702881,3.259999990463257,3.193000078201294,3.23799991607666,2200,0.0,0.0
2023-07-05 00:00:00-04:00,3.1600000858306885,3.1600000858306885,3.009999990463257,3.124000072479248,3700,0.0,0.0
2023-07-06 00:00:00-04:00,3.2200000286102295,3.25,2.9100000858306885,2.9100000858306885,4700,0.0,0.0
2023-07-07 00:00:00-04:00,3.0,3.059999942779541,2.7799999713897705,2.888000011444092,10900,0.0,0.0
2023-07-10 00:00:00-04:00,2.8550000190734863,2.9619998931884766,2.8299999237060547,2.885999917984009,13000,0.0,0.0
2023-07-11 00:00:00-04:00,2.8299999237060547,2.9700000286102295,2.8299999237060547,2.9700000286102295,6200,0.0,0.0
2023-07-12 00:00:00-04:00,3.1110000610351562,3.2249999046325684,3.109999895095825,3.180000066757202,4400,0.0,0.0
2023-07-13 00:00:00-04:00,3.200000047683716,3.319999933242798,3.1600000858306885,3.319999933242798,5900,0.0,0.0
2023-07-14 00:00:00-04:00,3.319999933242798,3.319999933242798,3.130000114440918,3.130000114440918,4300,0.0,0.0
2023-07-17 00:00:00-04:00,3.2269999980926514,3.2780001163482666,3.119999885559082,3.2239999771118164,10200,0.0,0.0
2023-07-18 00:00:00-04:00,3.390000104904175,5.199999809265137,3.059999942779541,3.5,1787100,0.0,0.0
2023-07-19 00:00:00-04:00,3.5,3.75,3.3499999046325684,3.4200000762939453,140500,0.0,0.0
2023-07-20 00:00:00-04:00,3.3399999141693115,3.5,3.1700000762939453,3.4200000762939453,102300,0.0,0.0
2023-07-21 00:00:00-04:00,3.309999942779541,3.4089999198913574,3.200000047683716,3.25,21900,0.0,0.0
2023-07-24 00:00:00-04:00,3.259999990463257,3.319999933242798,3.0,3.11899995803833,43100,0.0,0.0
2023-07-25 00:00:00-04:00,3.0399999618530273,3.0739998817443848,2.8299999237060547,2.950000047683716,45200,0.0,0.0
2023-07-26 00:00:00-04:00,2.9649999141693115,3.134999990463257,2.9649999141693115,3.0,12900,0.0,0.0
2023-07-27 00:00:00-04:00,2.9800000190734863,3.0460000038146973,2.880000114440918,2.930999994277954,8700,0.0,0.0
2023-07-28 00:00:00-04:00,3.0,3.0799999237060547,2.9100000858306885,3.0799999237060547,6100,0.0,0.0
2023-07-31 00:00:00-04:00,3.069999933242798,3.180000066757202,3.0299999713897705,3.0999999046325684,10000,0.0,0.0
2023-08-01 00:00:00-04:00,3.1500000953674316,3.180000066757202,2.950000047683716,3.0999999046325684,20900,0.0,0.0
2023-08-02 00:00:00-04:00,3.0399999618530273,3.569999933242798,3.0399999618530273,3.569999933242798,65700,0.0,0.0
2023-08-03 00:00:00-04:00,3.5299999713897705,3.997999906539917,3.440000057220459,3.819999933242798,41000,0.0,0.0
2023-08-04 00:00:00-04:00,3.7200000286102295,4.099999904632568,3.690000057220459,4.0,36900,0.0,0.0
2023-08-07 00:00:00-04:00,4.03000020980835,4.03000020980835,3.8299999237060547,3.869999885559082,24500,0.0,0.0
2023-08-08 00:00:00-04:00,3.940000057220459,4.309999942779541,3.9000000953674316,4.0,38200,0.0,0.0
2023-08-09 00:00:00-04:00,4.119999885559082,4.119999885559082,3.743000030517578,3.880000114440918,18800,0.0,0.0
2023-08-10 00:00:00-04:00,3.930000066757202,4.050000190734863,3.799999952316284,3.9800000190734863,8500,0.0,0.0
2023-08-11 00:00:00-04:00,4.098999977111816,4.098999977111816,3.930000066757202,3.994999885559082,8600,0.0,0.0
2023-08-14 00:00:00-04:00,4.0960001945495605,4.0960001945495605,3.7899999618530273,3.8499999046325684,26700,0.0,0.0
2023-08-15 00:00:00-04:00,3.799999952316284,3.799999952316284,3.5399999618530273,3.630000114440918,17100,0.0,0.0
2023-08-16 00:00:00-04:00,3.390000104904175,3.6700000762939453,3.390000104904175,3.5999999046325684,13300,0.0,0.0
2023-08-17 00:00:00-04:00,3.6500000953674316,3.819999933242798,3.4200000762939453,3.5999999046325684,20900,0.0,0.0
2023-08-18 00:00:00-04:00,3.690000057220459,3.9600000381469727,3.490000009536743,3.890000104904175,29200,0.0,0.0
2023-08-21 00:00:00-04:00,3.6540000438690186,3.8359999656677246,3.6540000438690186,3.7230000495910645,4700,0.0,0.0
2023-08-22 00:00:00-04:00,3.621999979019165,3.759999990463257,3.621999979019165,3.759999990463257,10500,0.0,0.0
2023-08-23 00:00:00-04:00,3.7100000381469727,3.7899999618530273,3.609999895095825,3.6500000953674316,7500,0.0,0.0
2023-08-24 00:00:00-04:00,3.4700000286102295,3.6500000953674316,3.4700000286102295,3.6500000953674316,10500,0.0,0.0
2023-08-25 00:00:00-04:00,3.572999954223633,3.640000104904175,3.450000047683716,3.640000104904175,7700,0.0,0.0
2023-08-28 00:00:00-04:00,3.6649999618530273,3.6700000762939453,3.4600000381469727,3.6510000228881836,13000,0.0,0.0
2023-08-29 00:00:00-04:00,3.630000114440918,3.700000047683716,3.5,3.640000104904175,14400,0.0,0.0
2023-08-30 00:00:00-04:00,3.7100000381469727,3.7899999618530273,3.569999933242798,3.7300000190734863,5200,0.0,0.0
2023-08-31 00:00:00-04:00,3.690000057220459,3.7679998874664307,3.6700000762939453,3.700000047683716,1800,0.0,0.0
2023-09-01 00:00:00-04:00,3.7799999713897705,3.990000009536743,3.7339999675750732,3.7799999713897705,7600,0.0,0.0
2023-09-05 00:00:00-04:00,3.7899999618530273,3.871000051498413,3.75,3.871000051498413,4800,0.0,0.0
2023-09-06 00:00:00-04:00,3.7869999408721924,3.9800000190734863,3.6480000019073486,3.9800000190734863,7300,0.0,0.0
2023-09-07 00:00:00-04:00,3.8299999237060547,3.880000114440918,3.8299999237060547,3.880000114440918,1000,0.0,0.0
2023-09-08 00:00:00-04:00,3.940000057220459,3.9700000286102295,3.7799999713897705,3.9700000286102295,6900,0.0,0.0
2023-09-11 00:00:00-04:00,3.9700000286102295,4.25,3.9700000286102295,4.074999809265137,19900,0.0,0.0
2023-09-12 00:00:00-04:00,4.080999851226807,4.28000020980835,4.0,4.019999980926514,10800,0.0,0.0
2023-09-13 00:00:00-04:00,4.099999904632568,4.159999847412109,4.00600004196167,4.050000190734863,5500,0.0,0.0
2023-09-14 00:00:00-04:00,4.079999923706055,4.099999904632568,4.0,4.0,7100,0.0,0.0
2023-09-15 00:00:00-04:00,4.0,4.130000114440918,4.0,4.0,18900,0.0,0.0
2023-09-18 00:00:00-04:00,4.21999979019165,4.239999771118164,4.010000228881836,4.110000133514404,3900,0.0,0.0
2023-09-19 00:00:00-04:00,4.043000221252441,4.099999904632568,4.010000228881836,4.099999904632568,2500,0.0,0.0
2023-09-20 00:00:00-04:00,4.150000095367432,4.5,4.139999866485596,4.349999904632568,18300,0.0,0.0
2023-09-21 00:00:00-04:00,4.179999828338623,4.429999828338623,4.179999828338623,4.309999942779541,3500,0.0,0.0
2023-09-22 00:00:00-04:00,4.389999866485596,4.440000057220459,4.139999866485596,4.150000095367432,7200,0.0,0.0
2023-09-25 00:00:00-04:00,4.159999847412109,4.34499979019165,4.090000152587891,4.090000152587891,7100,0.0,0.0
2023-09-26 00:00:00-04:00,4.150000095367432,4.300000190734863,4.099999904632568,4.170000076293945,2200,0.0,0.0
2023-09-27 00:00:00-04:00,4.110000133514404,4.179999828338623,4.019999980926514,4.019999980926514,3100,0.0,0.0
2023-09-28 00:00:00-04:00,4.025000095367432,4.230000019073486,4.025000095367432,4.065999984741211,3300,0.0,0.0
2023-09-29 00:00:00-04:00,4.394000053405762,4.418000221252441,4.166999816894531,4.166999816894531,1400,0.0,0.0
2023-10-02 00:00:00-04:00,4.130000114440918,4.25,4.010000228881836,4.010000228881836,3600,0.0,0.0
2023-10-03 00:00:00-04:00,4.130000114440918,4.349999904632568,4.059999942779541,4.269999980926514,16800,0.0,0.0
2023-10-04 00:00:00-04:00,4.072000026702881,5.0,4.072000026702881,4.815000057220459,63800,0.0,0.0
2023-10-05 00:00:00-04:00,5.099999904632568,5.179999828338623,4.869999885559082,4.869999885559082,54700,0.0,0.0
2023-10-06 00:00:00-04:00,4.679999828338623,5.158999919891357,4.650000095367432,4.815999984741211,18100,0.0,0.0
2023-10-09 00:00:00-04:00,4.889999866485596,5.170000076293945,4.614999771118164,5.139999866485596,6900,0.0,0.0
2023-10-10 00:00:00-04:00,4.954999923706055,5.050000190734863,4.860000133514404,5.031000137329102,12600,0.0,0.0
2023-10-11 00:00:00-04:00,4.980000019073486,5.498000144958496,4.909999847412109,5.260000228881836,36500,0.0,0.0
2023-10-12 00:00:00-04:00,5.380000114440918,5.400000095367432,5.170000076293945,5.260000228881836,9600,0.0,0.0
2023-10-13 00:00:00-04:00,5.369999885559082,5.440000057220459,5.039000034332275,5.260000228881836,26200,0.0,0.0
2023-10-16 00:00:00-04:00,5.489999771118164,5.519999980926514,5.091000080108643,5.199999809265137,16300,0.0,0.0
2023-10-17 00:00:00-04:00,5.144999980926514,5.46999979019165,5.107999801635742,5.329999923706055,8800,0.0,0.0
2023-10-18 00:00:00-04:00,5.269999980926514,5.480000019073486,5.0,5.170000076293945,6700,0.0,0.0
2023-10-19 00:00:00-04:00,5.0,5.0,5.0,5.0,1100,0.0,0.0
2023-10-20 00:00:00-04:00,3.8499999046325684,4.449999809265137,3.8499999046325684,4.078999996185303,50400,0.0,0.0
2023-10-23 00:00:00-04:00,3.930000066757202,4.14900016784668,3.8499999046325684,3.9049999713897705,9700,0.0,0.0
2023-10-24 00:00:00-04:00,3.9200000762939453,4.300000190734863,3.809999942779541,3.950000047683716,24800,0.0,0.0
2023-10-25 00:00:00-04:00,3.950000047683716,4.079999923706055,3.819999933242798,3.930000066757202,6400,0.0,0.0
2023-10-26 00:00:00-04:00,4.109000205993652,4.109000205993652,3.8550000190734863,3.8550000190734863,1200,0.0,0.0
2023-10-27 00:00:00-04:00,3.7799999713897705,3.7799999713897705,3.509999990463257,3.5380001068115234,17900,0.0,0.0
2023-10-30 00:00:00-04:00,3.5,3.6500000953674316,3.5,3.575000047683716,4400,0.0,0.0
2023-10-31 00:00:00-04:00,3.5,3.5999999046325684,3.3499999046325684,3.359999895095825,11100,0.0,0.0
2023-11-01 00:00:00-04:00,3.390000104904175,3.7799999713897705,3.359999895095825,3.4600000381469727,9700,0.0,0.0
2023-11-02 00:00:00-04:00,3.559999942779541,3.559999942779541,3.559999942779541,3.559999942779541,800,0.0,0.0
2023-11-03 00:00:00-04:00,3.7200000286102295,4.0,3.5329999923706055,4.0,9100,0.0,0.0
2023-11-06 00:00:00-05:00,3.9100000858306885,4.0,3.890000104904175,4.0,3100,0.0,0.0
2023-11-07 00:00:00-05:00,4.199999809265137,4.394000053405762,4.070000171661377,4.110000133514404,1600,0.0,0.0
2023-11-08 00:00:00-05:00,4.03000020980835,4.409999847412109,4.0,4.070000171661377,6100,0.0,0.0
2023-11-09 00:00:00-05:00,3.990000009536743,4.052000045776367,3.990000009536743,4.050000190734863,1200,0.0,0.0
2023-11-10 00:00:00-05:00,3.825000047683716,3.950000047683716,3.825000047683716,3.8399999141693115,11300,0.0,0.0
2023-11-13 00:00:00-05:00,3.990000009536743,3.990000009536743,3.990000009536743,3.990000009536743,2900,0.0,0.0
2023-11-14 00:00:00-05:00,4.0,4.28000020980835,3.9489998817443848,4.099999904632568,17800,0.0,0.0
2023-11-15 00:00:00-05:00,4.14900016784668,4.199999809265137,3.9600000381469727,4.0,6700,0.0,0.0
2023-11-16 00:00:00-05:00,3.940000057220459,3.940000057220459,3.75,3.75,2600,0.0,0.0
2023-11-17 00:00:00-05:00,3.950000047683716,3.950000047683716,3.7699999809265137,3.7699999809265137,800,0.0,0.0
2023-11-20 00:00:00-05:00,3.7799999713897705,3.9579999446868896,3.700000047683716,3.746999979019165,1400,0.0,0.0
2023-11-21 00:00:00-05:00,3.7769999504089355,3.9100000858306885,3.75,3.75,6900,0.0,0.0
2023-11-22 00:00:00-05:00,3.630000114440918,3.700000047683716,3.630000114440918,3.680000066757202,1800,0.0,0.0
2023-11-24 00:00:00-05:00,3.6500000953674316,3.940000057220459,3.630000114440918,3.880000114440918,3600,0.0,0.0
2023-11-27 00:00:00-05:00,3.880000114440918,3.888000011444092,3.609999895095825,3.690000057220459,2900,0.0,0.0
2023-11-28 00:00:00-05:00,3.825000047683716,3.950000047683716,3.75,3.75,2200,0.0,0.0
2023-11-29 00:00:00-05:00,3.7200000286102295,3.930000066757202,3.609999895095825,3.609999895095825,11700,0.0,0.0
2023-11-30 00:00:00-05:00,3.5999999046325684,3.950000047683716,3.5899999141693115,3.640000104904175,19600,0.0,0.0
2023-12-01 00:00:00-05:00,3.640000104904175,3.640000104904175,3.640000104904175,3.640000104904175,300,0.0,0.0
2023-12-04 00:00:00-05:00,3.640000104904175,3.815000057220459,3.640000104904175,3.700000047683716,2700,0.0,0.0
2023-12-05 00:00:00-05:00,3.690000057220459,3.7899999618530273,3.640000104904175,3.700000047683716,2700,0.0,0.0
2023-12-06 00:00:00-05:00,3.5999999046325684,3.9100000858306885,3.5999999046325684,3.640000104904175,1900,0.0,0.0
2023-12-07 00:00:00-05:00,3.640000104904175,3.674999952316284,3.5999999046325684,3.674999952316284,1700,0.0,0.0
2023-12-08 00:00:00-05:00,3.744999885559082,3.809999942779541,3.5820000171661377,3.684999942779541,5600,0.0,0.0
2023-12-11 00:00:00-05:00,3.684999942779541,3.684999942779541,3.684999942779541,3.684999942779541,400,0.0,0.0
2023-12-12 00:00:00-05:00,3.640000104904175,3.990000009536743,3.5,3.990000009536743,21100,0.0,0.0
2023-12-13 00:00:00-05:00,3.9200000762939453,4.119999885559082,3.9100000858306885,3.9200000762939453,5300,0.0,0.0
2023-12-14 00:00:00-05:00,3.869999885559082,4.21999979019165,3.869999885559082,4.150000095367432,14500,0.0,0.0
2023-12-15 00:00:00-05:00,4.079999923706055,4.150000095367432,3.759999990463257,3.8399999141693115,2000,0.0,0.0
2023-12-18 00:00:00-05:00,4.110000133514404,4.150000095367432,4.079999923706055,4.150000095367432,4100,0.0,0.0
2023-12-19 00:00:00-05:00,4.139999866485596,4.139999866485596,3.8299999237060547,3.9000000953674316,6600,0.0,0.0
2023-12-20 00:00:00-05:00,3.6500000953674316,3.9200000762939453,3.5799999237060547,3.9200000762939453,7300,0.0,0.0
2023-12-21 00:00:00-05:00,3.8299999237060547,3.9100000858306885,3.799999952316284,3.799999952316284,5700,0.0,0.0
2023-12-22 00:00:00-05:00,3.7200000286102295,3.809999942779541,3.569000005722046,3.740000009536743,4500,0.0,0.0
2023-12-26 00:00:00-05:00,3.6700000762939453,3.7200000286102295,3.5199999809265137,3.6500000953674316,14800,0.0,0.0
2023-12-27 00:00:00-05:00,3.640000104904175,3.75,3.640000104904175,3.700000047683716,5900,0.0,0.0
2023-12-28 00:00:00-05:00,3.509999990463257,3.743000030517578,3.509999990463257,3.740000009536743,9200,0.0,0.0
2023-12-29 00:00:00-05:00,3.632999897003174,4.889999866485596,3.619999885559082,4.699999809265137,116700,0.0,0.0
2024-01-02 00:00:00-05:00,4.699999809265137,5.0,4.639999866485596,5.0,14200,0.0,0.0
2024-01-03 00:00:00-05:00,5.190000057220459,5.25,4.900000095367432,5.21999979019165,11700,0.0,0.0
2024-01-04 00:00:00-05:00,5.159999847412109,5.456999778747559,5.039999961853027,5.039999961853027,7100,0.0,0.0
2024-01-05 00:00:00-05:00,5.401000022888184,5.401000022888184,5.010000228881836,5.03000020980835,3900,0.0,0.0
2024-01-08 00:00:00-05:00,5.059999942779541,5.205999851226807,4.940000057220459,5.050000190734863,5500,0.0,0.0
2024-01-09 00:00:00-05:00,5.150000095367432,6.449999809265137,5.150000095367432,6.21999979019165,40800,0.0,0.0
2024-01-10 00:00:00-05:00,6.409999847412109,6.800000190734863,5.300000190734863,5.960000038146973,27600,0.0,0.0
2024-01-11 00:00:00-05:00,5.550000190734863,5.78000020980835,5.550000190734863,5.730000019073486,6300,0.0,0.0
2024-01-12 00:00:00-05:00,5.800000190734863,5.989999771118164,5.260000228881836,5.579999923706055,8300,0.0,0.0
2024-01-16 00:00:00-05:00,5.690000057220459,6.050000190734863,5.199999809265137,6.019999980926514,20900,0.0,0.0
2024-01-17 00:00:00-05:00,5.849999904632568,5.920000076293945,5.03000020980835,5.230000019073486,5600,0.0,0.0
2024-01-18 00:00:00-05:00,5.10699987411499,5.619999885559082,5.10699987411499,5.170000076293945,32900,0.0,0.0
2024-01-19 00:00:00-05:00,5.5,5.699999809265137,5.340000152587891,5.389999866485596,10800,0.0,0.0
2024-01-22 00:00:00-05:00,6.0,6.019999980926514,5.380000114440918,5.820000171661377,19000,0.0,0.0
2024-01-23 00:00:00-05:00,5.71999979019165,6.0,5.322999954223633,5.599999904632568,29500,0.0,0.0
2024-01-24 00:00:00-05:00,5.5,5.800000190734863,5.289999961853027,5.619999885559082,14200,0.0,0.0
2024-01-25 00:00:00-05:00,5.800000190734863,5.949999809265137,5.5,5.5,4100,0.0,0.0
2024-01-26 00:00:00-05:00,5.300000190734863,5.599999904632568,4.820000171661377,5.199999809265137,18500,0.0,0.0
2024-01-29 00:00:00-05:00,5.230000019073486,5.311999797821045,5.090000152587891,5.090000152587891,3400,0.0,0.0
2024-01-30 00:00:00-05:00,5.190000057220459,5.25,5.09499979019165,5.14900016784668,5800,0.0,0.0
2024-01-31 00:00:00-05:00,5.039999961853027,5.460000038146973,5.03000020980835,5.170000076293945,2500,0.0,0.0
2024-02-01 00:00:00-05:00,5.284999847412109,5.760000228881836,4.940000057220459,5.699999809265137,68800,0.0,0.0
2024-02-02 00:00:00-05:00,6.070000171661377,6.070000171661377,5.519999980926514,5.71999979019165,10300,0.0,0.0
2024-02-05 00:00:00-05:00,5.429999828338623,6.699999809265137,5.007999897003174,6.559999942779541,67900,0.0,0.0
2024-02-06 00:00:00-05:00,6.769999980926514,7.420000076293945,6.239999771118164,7.34499979019165,47700,0.0,0.0
2024-02-07 00:00:00-05:00,7.710000038146973,7.710000038146973,6.421000003814697,6.619999885559082,15500,0.0,0.0
2024-02-08 00:00:00-05:00,6.610000133514404,6.880000114440918,6.045000076293945,6.880000114440918,9800,0.0,0.0
2024-02-09 00:00:00-05:00,6.400000095367432,6.735000133514404,6.0,6.0,5600,0.0,0.0
2024-02-12 00:00:00-05:00,6.327000141143799,6.4679999351501465,6.327000141143799,6.400000095367432,4200,0.0,0.0
2024-02-13 00:00:00-05:00,6.429999828338623,6.625,5.909999847412109,5.909999847412109,20700,0.0,0.0
2024-02-14 00:00:00-05:00,6.179999828338623,6.179999828338623,5.510000228881836,5.96999979019165,10300,0.0,0.0
2024-02-15 00:00:00-05:00,5.76800012588501,5.860000133514404,5.5,5.698999881744385,6500,0.0,0.0
2024-02-16 00:00:00-05:00,5.670000076293945,6.099999904632568,5.5,5.828000068664551,3300,0.0,0.0
2024-02-20 00:00:00-05:00,5.800000190734863,6.28000020980835,5.559999942779541,6.28000020980835,22700,0.0,0.0
2024-02-21 00:00:00-05:00,6.28000020980835,6.28000020980835,6.28000020980835,6.28000020980835,600,0.0,0.0
2024-02-22 00:00:00-05:00,6.25,6.400000095367432,6.199999809265137,6.374000072479248,3400,0.0,0.0
2024-02-23 00:00:00-05:00,6.46999979019165,7.5,6.46999979019165,7.239999771118164,19100,0.0,0.0
2024-02-26 00:00:00-05:00,7.260000228881836,7.5,7.072000026702881,7.150000095367432,14200,0.0,0.0
2024-02-27 00:00:00-05:00,7.150000095367432,7.480000019073486,6.830999851226807,7.269999980926514,19600,0.0,0.0
2024-02-28 00:00:00-05:00,7.15500020980835,7.28000020980835,7.15500020980835,7.199999809265137,2300,0.0,0.0
2024-02-29 00:00:00-05:00,7.349999904632568,8.489999771118164,7.349999904632568,8.460000038146973,15000,0.0,0.0
2024-03-01 00:00:00-05:00,8.470000267028809,8.847000122070312,7.71999979019165,8.0,28900,0.0,0.0
2024-03-04 00:00:00-05:00,8.25,8.399999618530273,7.650000095367432,8.399999618530273,7400,0.0,0.0
2024-03-05 00:00:00-05:00,8.399999618530273,8.399999618530273,7.300000190734863,8.170000076293945,13200,0.0,0.0
2024-03-06 00:00:00-05:00,8.09000015258789,8.289999961853027,8.09000015258789,8.289999961853027,1800,0.0,0.0
2024-03-07 00:00:00-05:00,8.149999618530273,8.399999618530273,7.400000095367432,7.449999809265137,28600,0.0,0.0
2024-03-08 00:00:00-05:00,7.625,7.625,7.090000152587891,7.130000114440918,4100,0.0,0.0
2024-03-11 00:00:00-04:00,8.079999923706055,8.100000381469727,6.269999980926514,6.769999980926514,1152500,0.0,0.0
2024-03-12 00:00:00-04:00,6.570000171661377,6.760000228881836,6.119999885559082,6.159999847412109,51900,0.0,0.0
2024-03-13 00:00:00-04:00,6.179999828338623,6.260000228881836,5.550000190734863,5.550000190734863,26400,0.0,0.0
2024-03-14 00:00:00-04:00,5.599999904632568,5.869999885559082,5.050000190734863,5.309999942779541,28200,0.0,0.0
2024-03-15 00:00:00-04:00,5.590000152587891,6.199999809265137,5.574999809265137,6.190000057220459,33900,0.0,0.0
2024-03-18 00:00:00-04:00,6.21999979019165,6.789999961853027,5.789999961853027,6.550000190734863,28300,0.0,0.0
2024-03-19 00:00:00-04:00,6.610000133514404,6.880000114440918,6.550000190734863,6.739999771118164,15800,0.0,0.0
2024-03-20 00:00:00-04:00,6.690000057220459,6.744999885559082,6.480000019073486,6.5,4000,0.0,0.0
2024-03-21 00:00:00-04:00,6.625,6.625,5.880000114440918,6.349999904632568,51600,0.0,0.0
2024-03-22 00:00:00-04:00,6.130000114440918,6.197999954223633,6.0,6.119999885559082,5200,0.0,0.0
2024-03-25 00:00:00-04:00,6.105000019073486,6.199999809265137,5.945000171661377,6.084000110626221,10800,0.0,0.0
2024-03-26 00:00:00-04:00,6.039999961853027,6.119999885559082,5.920000076293945,5.920000076293945,10100,0.0,0.0
2024-03-27 00:00:00-04:00,6.309999942779541,6.309999942779541,5.949999809265137,6.070000171661377,16700,0.0,0.0
2024-03-28 00:00:00-04:00,5.920000076293945,6.800000190734863,5.909999847412109,6.690000057220459,28800,0.0,0.0
2024-04-01 00:00:00-04:00,6.639999866485596,6.639999866485596,6.130000114440918,6.349999904632568,4900,0.0,0.0
2024-04-02 00:00:00-04:00,6.289999961853027,6.599999904632568,6.210000038146973,6.599999904632568,10100,0.0,0.0
2024-04-03 00:00:00-04:00,6.670000076293945,6.699999809265137,6.300000190734863,6.670000076293945,10700,0.0,0.0
2024-04-04 00:00:00-04:00,6.099999904632568,6.480000019073486,6.0,6.170000076293945,16900,0.0,0.0
2024-04-05 00:00:00-04:00,6.269999980926514,6.474999904632568,6.0,6.300000190734863,9800,0.0,0.0
2024-04-08 00:00:00-04:00,6.170000076293945,6.400000095367432,5.820000171661377,6.199999809265137,11700,0.0,0.0
2024-04-09 00:00:00-04:00,5.900000095367432,6.309999942779541,5.900000095367432,6.039000034332275,7200,0.0,0.0
2024-04-10 00:00:00-04:00,5.909999847412109,6.199999809265137,5.320000171661377,6.199999809265137,6700,0.0,0.0
2024-04-11 00:00:00-04:00,5.867000102996826,6.159999847412109,5.849999904632568,5.900000095367432,4600,0.0,0.0
2024-04-12 00:00:00-04:00,6.230000019073486,6.230000019073486,5.690000057220459,5.710000038146973,4700,0.0,0.0
2024-04-15 00:00:00-04:00,6.0,6.006999969482422,5.699999809265137,5.900000095367432,8400,0.0,0.0
2024-04-16 00:00:00-04:00,5.730000019073486,5.980000019073486,5.679999828338623,5.849999904632568,5100,0.0,0.0
2024-04-17 00:00:00-04:00,5.710000038146973,5.8480000495910645,5.710000038146973,5.730000019073486,2300,0.0,0.0
2024-04-18 00:00:00-04:00,5.610000133514404,5.610000133514404,5.610000133514404,5.610000133514404,900,0.0,0.0
2024-04-19 00:00:00-04:00,5.590000152587891,5.784999847412109,5.310999870300293,5.349999904632568,7300,0.0,0.0
2024-04-22 00:00:00-04:00,5.751999855041504,5.751999855041504,5.119999885559082,5.119999885559082,11800,0.0,0.0
2024-04-23 00:00:00-04:00,5.139999866485596,5.616000175476074,5.139999866485596,5.369999885559082,2700,0.0,0.0
2024-04-24 00:00:00-04:00,5.369999885559082,5.369999885559082,5.065000057220459,5.170000076293945,6300,0.0,0.0
2024-04-25 00:00:00-04:00,5.019999980926514,5.46999979019165,5.019999980926514,5.349999904632568,9100,0.0,0.0
2024-04-26 00:00:00-04:00,5.201000213623047,5.201000213623047,5.0,5.199999809265137,4800,0.0,0.0
2024-04-29 00:00:00-04:00,5.010000228881836,5.25600004196167,5.0,5.084000110626221,2600,0.0,0.0
2024-04-30 00:00:00-04:00,5.159999847412109,5.170000076293945,4.900000095367432,5.099999904632568,14900,0.0,0.0
2024-05-01 00:00:00-04:00,5.1020002365112305,5.25,5.099999904632568,5.25,3000,0.0,0.0
2024-05-02 00:00:00-04:00,5.4070000648498535,5.449999809265137,5.329999923706055,5.449999809265137,2600,0.0,0.0
2024-05-03 00:00:00-04:00,5.400000095367432,5.449999809265137,5.349999904632568,5.349999904632568,2200,0.0,0.0
2024-05-06 00:00:00-04:00,5.25,5.349999904632568,5.25,5.260000228881836,4100,0.0,0.0
2024-05-07 00:00:00-04:00,5.349999904632568,5.349999904632568,5.170000076293945,5.170000076293945,5100,0.0,0.0
2024-05-08 00:00:00-04:00,5.289999961853027,5.300000190734863,5.048999786376953,5.135000228881836,3800,0.0,0.0
2024-05-09 00:00:00-04:00,5.079999923706055,5.59499979019165,5.050000190734863,5.5,34200,0.0,0.0
2024-05-10 00:00:00-04:00,5.480000019073486,5.664999961853027,5.1579999923706055,5.590000152587891,11100,0.0,0.0
2024-05-13 00:00:00-04:00,5.429999828338623,5.590000152587891,5.25,5.590000152587891,10400,0.0,0.0
2024-05-14 00:00:00-04:00,5.539999961853027,5.900000095367432,5.539999961853027,5.889999866485596,8800,0.0,0.0
2024-05-15 00:00:00-04:00,5.869999885559082,5.875,5.559999942779541,5.800000190734863,11400,0.0,0.0
2024-05-16 00:00:00-04:00,5.800000190734863,5.900000095367432,5.330999851226807,5.590000152587891,14800,0.0,0.0
2024-05-17 00:00:00-04:00,5.570000171661377,5.800000190734863,5.269999980926514,5.269999980926514,8000,0.0,0.0
2024-05-20 00:00:00-04:00,5.420000076293945,5.420000076293945,5.260000228881836,5.281000137329102,2500,0.0,0.0
2024-05-21 00:00:00-04:00,5.251999855041504,5.251999855041504,5.0,5.0970001220703125,12900,0.0,0.0
2024-05-22 00:00:00-04:00,5.010000228881836,5.199999809265137,4.940000057220459,5.03000020980835,16300,0.0,0.0
2024-05-23 00:00:00-04:00,5.0229997634887695,5.0229997634887695,5.0229997634887695,5.0229997634887695,1000,0.0,0.0
2024-05-24 00:00:00-04:00,5.199999809265137,5.300000190734863,5.190000057220459,5.298999786376953,4700,0.0,0.0
2024-05-28 00:00:00-04:00,5.0,5.21999979019165,4.914999961853027,5.190000057220459,19600,0.0,0.0
2024-05-29 00:00:00-04:00,4.96999979019165,4.96999979019165,4.550000190734863,4.659999847412109,20100,0.0,0.0
2024-05-30 00:00:00-04:00,4.659999847412109,4.85099983215332,4.539999961853027,4.60699987411499,11400,0.0,0.0
2024-05-31 00:00:00-04:00,4.699999809265137,4.769999980926514,4.5,4.769999980926514,5200,0.0,0.0
2024-06-03 00:00:00-04:00,4.650000095367432,4.820000171661377,4.544000148773193,4.75,6500,0.0,0.0
2024-06-04 00:00:00-04:00,4.739999771118164,5.0,4.695000171661377,4.78000020980835,9900,0.0,0.0
2024-06-05 00:00:00-04:00,4.519999980926514,4.96999979019165,4.519999980926514,4.590000152587891,5200,0.0,0.0
2024-06-06 00:00:00-04:00,4.619999885559082,4.703000068664551,4.559999942779541,4.703000068664551,6900,0.0,0.0
2024-06-07 00:00:00-04:00,4.710000038146973,4.710000038146973,4.5,4.5,3500,0.0,0.0
2024-06-10 00:00:00-04:00,4.5,4.550000190734863,4.300000190734863,4.409999847412109,12500,0.0,0.0
2024-06-11 00:00:00-04:00,4.329999923706055,4.480000019073486,4.300000190734863,4.460000038146973,10100,0.0,0.0
2024-06-12 00:00:00-04:00,4.440000057220459,4.460000038146973,4.25,4.320000171661377,3900,0.0,0.0
2024-06-13 00:00:00-04:00,4.25,4.25,4.230000019073486,4.230000019073486,7400,0.0,0.0
2024-06-14 00:00:00-04:00,4.260000228881836,4.440000057220459,4.099999904632568,4.406000137329102,5200,0.0,0.0
2024-06-17 00:00:00-04:00,4.300000190734863,4.474999904632568,4.099999904632568,4.199999809265137,36000,0.0,0.0
2024-06-18 00:00:00-04:00,4.090000152587891,4.309999942779541,4.070000171661377,4.070000171661377,13800,0.0,0.0
2024-06-20 00:00:00-04:00,4.070000171661377,4.170000076293945,3.8499999046325684,4.070000171661377,29100,0.0,0.0
2024-06-21 00:00:00-04:00,4.019999980926514,4.320000171661377,4.010000228881836,4.010000228881836,39700,0.0,0.0
2024-06-24 00:00:00-04:00,4.010000228881836,4.340000152587891,4.010000228881836,4.139999866485596,11600,0.0,0.0
2024-06-25 00:00:00-04:00,4.099999904632568,4.340000152587891,4.090000152587891,4.150000095367432,9500,0.0,0.0
2024-06-26 00:00:00-04:00,4.230000019073486,4.244999885559082,4.019999980926514,4.019999980926514,8300,0.0,0.0
2024-06-27 00:00:00-04:00,4.139999866485596,4.150000095367432,4.0,4.090000152587891,5400,0.0,0.0
2024-06-28 00:00:00-04:00,4.15500020980835,4.21999979019165,4.019999980926514,4.070000171661377,1400,0.0,0.0
2024-07-01 00:00:00-04:00,4.0,4.03000020980835,3.9549999237060547,4.03000020980835,3600,0.0,0.0
2024-07-02 00:00:00-04:00,4.0,4.019999980926514,3.799999952316284,3.799999952316284,6200,0.0,0.0
2024-07-03 00:00:00-04:00,3.7200000286102295,3.809999942779541,3.700000047683716,3.759999990463257,7400,0.0,0.0
2024-07-05 00:00:00-04:00,3.930000066757202,3.930000066757202,3.819999933242798,3.880000114440918,2000,0.0,0.0
2024-07-08 00:00:00-04:00,3.880000114440918,4.0,3.75,3.819999933242798,9300,0.0,0.0
2024-07-09 00:00:00-04:00,3.75,4.265999794006348,3.75,3.759999990463257,22200,0.0,0.0
2024-07-10 00:00:00-04:00,3.759999990463257,3.950000047683716,3.759999990463257,3.950000047683716,2400,0.0,0.0
2024-07-11 00:00:00-04:00,3.9649999141693115,4.010000228881836,3.9000000953674316,4.010000228881836,3100,0.0,0.0
2024-07-12 00:00:00-04:00,4.079999923706055,4.139999866485596,4.0,4.110000133514404,5600,0.0,0.0
2024-07-15 00:00:00-04:00,4.090000152587891,4.159999847412109,3.9200000762939453,3.9200000762939453,4100,0.0,0.0
2024-07-16 00:00:00-04:00,3.940000057220459,4.079999923706055,3.940000057220459,3.990000009536743,7200,0.0,0.0
2024-07-17 00:00:00-04:00,3.9800000190734863,4.070000171661377,3.9600000381469727,3.990000009536743,3300,0.0,0.0
2024-07-18 00:00:00-04:00,3.990000009536743,4.059999942779541,3.9700000286102295,4.0,2900,0.0,0.0
2024-07-19 00:00:00-04:00,4.0,4.0,3.990000009536743,4.0,1600,0.0,0.0
2024-07-22 00:00:00-04:00,3.950000047683716,4.019999980926514,3.759999990463257,3.9800000190734863,7900,0.0,0.0
2024-07-23 00:00:00-04:00,4.099999904632568,4.099999904632568,3.947999954223633,4.050000190734863,2000,0.0,0.0
2024-07-24 00:00:00-04:00,3.9149999618530273,4.050000190734863,3.859999895095825,3.869999885559082,6400,0.0,0.0
2024-07-25 00:00:00-04:00,4.0,4.039999961853027,3.859999895095825,3.859999895095825,2800,0.0,0.0
2024-07-26 00:00:00-04:00,3.8399999141693115,3.9600000381469727,3.799999952316284,3.9600000381469727,3800,0.0,0.0
2024-07-29 00:00:00-04:00,3.9200000762939453,4.0,3.9200000762939453,4.0,1500,0.0,0.0
2024-07-30 00:00:00-04:00,3.9200000762939453,3.930000066757202,3.805000066757202,3.805000066757202,6800,0.0,0.0
2024-07-31 00:00:00-04:00,3.930000066757202,3.940000057220459,3.5,3.619999885559082,17800,0.0,0.0
2024-08-01 00:00:00-04:00,3.619999885559082,3.8420000076293945,3.509999990463257,3.700000047683716,1600,0.0,0.0
2024-08-02 00:00:00-04:00,3.569999933242798,3.759999990463257,3.569999933242798,3.759999990463257,3300,0.0,0.0
2024-08-05 00:00:00-04:00,3.5,3.569999933242798,3.3239998817443848,3.5299999713897705,68100,0.0,0.0
2024-08-06 00:00:00-04:00,3.5399999618530273,3.5999999046325684,3.2699999809265137,3.3299999237060547,18400,0.0,0.0
2024-08-07 00:00:00-04:00,3.4200000762939453,3.690000057220459,3.3499999046325684,3.3499999046325684,11600,0.0,0.0
2024-08-08 00:00:00-04:00,3.3499999046325684,3.4800000190734863,3.299999952316284,3.4000000953674316,13800,0.0,0.0
2024-08-09 00:00:00-04:00,3.299999952316284,3.4760000705718994,3.299999952316284,3.359999895095825,5000,0.0,0.0
2024-08-12 00:00:00-04:00,3.25,3.390000104904175,3.200000047683716,3.2200000286102295,21800,0.0,0.0
2024-08-13 00:00:00-04:00,3.2100000381469727,3.490000009536743,3.2100000381469727,3.299999952316284,12900,0.0,0.0
2024-08-14 00:00:00-04:00,3.25,3.4000000953674316,3.200000047683716,3.25,11400,0.0,0.0
2024-08-15 00:00:00-04:00,3.2100000381469727,3.4200000762939453,3.2100000381469727,3.4100000858306885,10200,0.0,0.0
2024-08-16 00:00:00-04:00,3.3499999046325684,3.799999952316284,3.2100000381469727,3.799999952316284,6200,0.0,0.0
2024-08-19 00:00:00-04:00,3.7980000972747803,3.799999952316284,3.621999979019165,3.7850000858306885,5300,0.0,0.0
2024-08-20 00:00:00-04:00,3.494999885559082,3.7200000286102295,3.494999885559082,3.7200000286102295,700,0.0,0.0
2024-08-21 00:00:00-04:00,3.7200000286102295,3.859999895095825,3.7200000286102295,3.859999895095825,5900,0.0,0.0
2024-08-22 00:00:00-04:00,3.7860000133514404,3.859999895095825,3.75,3.75,5400,0.0,0.0
2024-08-23 00:00:00-04:00,3.549999952316284,3.8329999446868896,3.509999990463257,3.509999990463257,8100,0.0,0.0
2024-08-26 00:00:00-04:00,3.5,3.690000057220459,3.490000009536743,3.549999952316284,9600,0.0,0.0
2024-08-27 00:00:00-04:00,3.5,3.5999999046325684,3.3949999809265137,3.5169999599456787,2200,0.0,0.0
2024-08-28 00:00:00-04:00,3.4790000915527344,3.549999952316284,3.4790000915527344,3.5,2600,0.0,0.0
2024-08-29 00:00:00-04:00,3.319999933242798,3.5360000133514404,3.319999933242798,3.3289999961853027,2700,0.0,0.0
2024-08-30 00:00:00-04:00,3.4149999618530273,3.450000047683716,3.319999933242798,3.428999900817871,1600,0.0,0.0
2024-09-03 00:00:00-04:00,3.309999942779541,3.359999895095825,3.309999942779541,3.3299999237060547,1900,0.0,0.0
2024-09-04 00:00:00-04:00,3.180000066757202,3.5,3.1600000858306885,3.5,2700,0.0,0.0
2024-09-05 00:00:00-04:00,3.36899995803833,3.36899995803833,3.3559999465942383,3.3559999465942383,900,0.0,0.0
2024-09-06 00:00:00-04:00,3.26200008392334,3.4000000953674316,2.990000009536743,3.3499999046325684,10200,0.0,0.0
2024-09-09 00:00:00-04:00,3.25,3.443000078201294,3.25,3.299999952316284,6000,0.0,0.0
2024-09-10 00:00:00-04:00,3.25,3.3399999141693115,3.0999999046325684,3.2799999713897705,5300,0.0,0.0
2024-09-11 00:00:00-04:00,3.130000114440918,3.4000000953674316,3.130000114440918,3.2200000286102295,11700,0.0,0.0
2024-09-12 00:00:00-04:00,3.180000066757202,3.497999906539917,3.180000066757202,3.4200000762939453,11300,0.0,0.0
2024-09-13 00:00:00-04:00,3.315000057220459,3.315000057220459,3.0299999713897705,3.1500000953674316,17000,0.0,0.0
2024-09-16 00:00:00-04:00,3.119999885559082,3.259999990463257,3.069999933242798,3.0850000381469727,5800,0.0,0.0
2024-09-17 00:00:00-04:00,3.109999895095825,3.197000026702881,2.9000000953674316,3.009999990463257,19900,0.0,0.0
2024-09-18 00:00:00-04:00,3.069999933242798,3.069999933242798,2.859999895095825,2.859999895095825,11300,0.0,0.0
2024-09-19 00:00:00-04:00,2.947000026702881,2.950000047683716,2.9200000762939453,2.9200000762939453,6200,0.0,0.0
2024-09-20 00:00:00-04:00,2.984999895095825,3.130000114440918,2.930000066757202,3.130000114440918,22300,0.0,0.0
2024-09-23 00:00:00-04:00,3.1500000953674316,3.190000057220459,3.049999952316284,3.059999942779541,3800,0.0,0.0
2024-09-24 00:00:00-04:00,3.1500000953674316,3.1500000953674316,2.9649999141693115,2.9800000190734863,11200,0.0,0.0
2024-09-25 00:00:00-04:00,2.99399995803833,3.002000093460083,2.25,2.869999885559082,40000,0.0,0.0
2024-09-26 00:00:00-04:00,2.809999942779541,2.950000047683716,2.799999952316284,2.9200000762939453,2500,0.0,0.0
2024-09-27 00:00:00-04:00,2.950000047683716,2.950000047683716,2.7300000190734863,2.75,9400,0.0,0.0
2024-09-30 00:00:00-04:00,2.809999942779541,2.8499999046325684,2.5999999046325684,2.75,15800,0.0,0.0
2024-10-01 00:00:00-04:00,2.7100000381469727,2.799999952316284,2.5399999618530273,2.5999999046325684,32400,0.0,0.0
2024-10-02 00:00:00-04:00,2.619999885559082,2.7100000381469727,2.5999999046325684,2.7049999237060547,14600,0.0,0.0
2024-10-03 00:00:00-04:00,2.690000057220459,2.690000057220459,2.549999952316284,2.619999885559082,12100,0.0,0.0
2024-10-04 00:00:00-04:00,2.680000066757202,2.690000057220459,2.5999999046325684,2.5999999046325684,14000,0.0,0.0
2024-10-07 00:00:00-04:00,2.6500000953674316,2.6500000953674316,2.309999942779541,2.619999885559082,255900,0.0,0.0
2024-10-08 00:00:00-04:00,2.619999885559082,2.619999885559082,2.559999942779541,2.6010000705718994,1700,0.0,0.0
2024-10-09 00:00:00-04:00,2.509999990463257,2.5899999141693115,2.1500000953674316,2.559999942779541,15300,0.0,0.0
2024-10-10 00:00:00-04:00,2.6500000953674316,2.6600000858306885,2.490000009536743,2.5399999618530273,5900,0.0,0.0
2024-10-11 00:00:00-04:00,2.6600000858306885,2.7699999809265137,2.1500000953674316,2.5999999046325684,39500,0.0,0.0
2024-10-14 00:00:00-04:00,2.619999885559082,2.619999885559082,2.509999990463257,2.559999942779541,11500,0.0,0.0
2024-10-15 00:00:00-04:00,2.5999999046325684,3.200000047683716,2.5789999961853027,3.049999952316284,55000,0.0,0.0
2024-10-16 00:00:00-04:00,4.320000171661377,4.389999866485596,3.2100000381469727,3.5,145500,0.0,0.0
2024-10-17 00:00:00-04:00,3.759999990463257,4.449999809265137,3.5999999046325684,4.449999809265137,147800,0.0,0.0
2024-10-18 00:00:00-04:00,5.010000228881836,5.010000228881836,4.150000095367432,4.400000095367432,86900,0.0,0.0
2024-10-21 00:00:00-04:00,4.400000095367432,4.539999961853027,4.269999980926514,4.300000190734863,22900,0.0,0.0
2024-10-22 00:00:00-04:00,4.349999904632568,4.349999904632568,4.0,4.179999828338623,17200,0.0,0.0
2024-10-23 00:00:00-04:00,4.179999828338623,4.179999828338623,3.859999895095825,3.9000000953674316,19600,0.0,0.0
2024-10-24 00:00:00-04:00,3.9000000953674316,4.199999809265137,3.868000030517578,3.9000000953674316,19500,0.0,0.0
2024-10-25 00:00:00-04:00,4.050000190734863,4.150000095367432,4.050000190734863,4.079999923706055,7200,0.0,0.0
2024-10-28 00:00:00-04:00,3.990000009536743,4.28000020980835,3.990000009536743,4.28000020980835,25600,0.0,0.0
2024-10-29 00:00:00-04:00,4.170000076293945,4.300000190734863,4.03000020980835,4.25,9000,0.0,0.0
2024-10-30 00:00:00-04:00,4.340000152587891,4.420000076293945,3.9200000762939453,4.010000228881836,13600,0.0,0.0
2024-10-31 00:00:00-04:00,3.859999895095825,4.170000076293945,3.819999933242798,3.9100000858306885,14200,0.0,0.0
2024-11-01 00:00:00-04:00,3.9100000858306885,4.150000095367432,3.859999895095825,3.9200000762939453,21200,0.0,0.0
2024-11-04 00:00:00-05:00,4.03000020980835,4.03000020980835,3.8350000381469727,3.9719998836517334,1900,0.0,0.0
2024-11-05 00:00:00-05:00,4.079999923706055,4.079999923706055,3.8499999046325684,3.859999895095825,9200,0.0,0.0
2024-11-06 00:00:00-05:00,3.9000000953674316,4.085000038146973,3.869999885559082,4.085000038146973,13000,0.0,0.0
2024-11-07 00:00:00-05:00,3.9100000858306885,4.150000095367432,3.9100000858306885,3.9800000190734863,3400,0.0,0.0
2024-11-08 00:00:00-05:00,3.869999885559082,4.0,3.200000047683716,3.549999952316284,57100,0.0,0.0
2024-11-11 00:00:00-05:00,3.7699999809265137,3.7699999809265137,3.1500000953674316,3.5199999809265137,7000,0.0,0.0
2024-11-12 00:00:00-05:00,3.5199999809265137,3.5399999618530273,3.2200000286102295,3.430000066757202,14700,0.0,0.0
2024-11-13 00:00:00-05:00,3.3299999237060547,3.3450000286102295,3.2799999713897705,3.2990000247955322,2600,0.0,0.0
2024-11-14 00:00:00-05:00,3.25,3.4200000762939453,3.177999973297119,3.3499999046325684,11000,0.0,0.0
2024-11-15 00:00:00-05:00,3.2799999713897705,3.5399999618530273,3.049999952316284,3.25,15500,0.0,0.0
2024-11-18 00:00:00-05:00,3.0799999237060547,3.3399999141693115,2.9800000190734863,2.9800000190734863,18700,0.0,0.0
2024-11-19 00:00:00-05:00,3.0399999618530273,3.3499999046325684,3.009999990463257,3.0199999809265137,4100,0.0,0.0
2024-11-20 00:00:00-05:00,3.0,3.119999885559082,2.865000009536743,3.009999990463257,12000,0.0,0.0
2024-11-21 00:00:00-05:00,2.921999931335449,3.0,2.9000000953674316,2.9230000972747803,4300,0.0,0.0
2024-11-22 00:00:00-05:00,2.940000057220459,3.0820000171661377,2.859999895095825,2.880000114440918,8500,0.0,0.0
2024-11-25 00:00:00-05:00,2.8420000076293945,3.1500000953674316,2.799999952316284,2.9100000858306885,11000,0.0,0.0
2024-11-26 00:00:00-05:00,2.880000114440918,3.0769999027252197,2.880000114440918,2.9700000286102295,5000,0.0,0.0
2024-11-27 00:00:00-05:00,2.759999990463257,3.299999952316284,2.7119998931884766,2.9800000190734863,15200,0.0,0.0
2024-11-29 00:00:00-05:00,3.069999933242798,3.069999933242798,2.869999885559082,2.9000000953674316,5700,0.0,0.0
2024-12-02 00:00:00-05:00,3.0,3.200000047683716,3.0,3.119999885559082,20200,0.0,0.0
2024-12-03 00:00:00-05:00,3.180000066757202,3.200000047683716,3.0999999046325684,3.119999885559082,12700,0.0,0.0
2024-12-04 00:00:00-05:00,3.0999999046325684,3.299999952316284,3.0999999046325684,3.109999895095825,15600,0.0,0.0
2024-12-05 00:00:00-05:00,3.0199999809265137,3.6700000762939453,3.0199999809265137,3.1600000858306885,70300,0.0,0.0
2024-12-06 00:00:00-05:00,3.200000047683716,3.799999952316284,3.200000047683716,3.5,53400,0.0,0.0
2024-12-09 00:00:00-05:00,3.5799999237060547,3.7799999713897705,3.5,3.569999933242798,39100,0.0,0.0
2024-12-10 00:00:00-05:00,3.740000009536743,3.7699999809265137,3.486999988555908,3.486999988555908,19400,0.0,0.0
2024-12-11 00:00:00-05:00,3.690000057220459,3.7090001106262207,3.4800000190734863,3.5999999046325684,36200,0.0,0.0
2024-12-12 00:00:00-05:00,3.5199999809265137,3.7219998836517334,3.4100000858306885,3.5199999809265137,15300,0.0,0.0
2024-12-13 00:00:00-05:00,3.4100000858306885,3.490000009536743,3.1500000953674316,3.194999933242798,25100,0.0,0.0
2024-12-16 00:00:00-05:00,3.3499999046325684,3.3550000190734863,3.1500000953674316,3.259999990463257,25500,0.0,0.0
2024-12-17 00:00:00-05:00,3.200000047683716,3.390000104904175,3.0799999237060547,3.3399999141693115,32200,0.0,0.0
2024-12-18 00:00:00-05:00,3.3299999237060547,3.3350000381469727,3.072000026702881,3.0799999237060547,17500,0.0,0.0
2024-12-19 00:00:00-05:00,3.190000057220459,3.240000009536743,3.0399999618530273,3.2300000190734863,15100,0.0,0.0
2024-12-20 00:00:00-05:00,3.240000009536743,3.240000009536743,3.0199999809265137,3.049999952316284,8700,0.0,0.0
2024-12-23 00:00:00-05:00,3.109999895095825,3.130000114440918,2.740000009536743,2.9000000953674316,28500,0.0,0.0
2024-12-24 00:00:00-05:00,3.0899999141693115,3.1659998893737793,3.059999942779541,3.140000104904175,11200,0.0,0.0
2024-12-26 00:00:00-05:00,3.059999942779541,3.421999931335449,3.059999942779541,3.369999885559082,45700,0.0,0.0
2024-12-27 00:00:00-05:00,3.319999933242798,3.700000047683716,3.319999933242798,3.369999885559082,24700,0.0,0.0
2024-12-30 00:00:00-05:00,3.4700000286102295,3.4800000190734863,3.200000047683716,3.4800000190734863,23400,0.0,0.0
2024-12-31 00:00:00-05:00,3.430000066757202,3.4800000190734863,3.2100000381469727,3.2899999618530273,16800,0.0,0.0
2025-01-02 00:00:00-05:00,3.2100000381469727,3.7699999809265137,3.2100000381469727,3.569999933242798,72900,0.0,0.0
2025-01-03 00:00:00-05:00,3.740000009536743,5.0,3.690000057220459,3.880000114440918,233300,0.0,0.0
2025-01-06 00:00:00-05:00,4.019999980926514,4.340000152587891,3.9000000953674316,4.300000190734863,49100,0.0,0.0
2025-01-07 00:00:00-05:00,4.300000190734863,4.51800012588501,4.010000228881836,4.150000095367432,17900,0.0,0.0
2025-01-08 00:00:00-05:00,4.119999885559082,4.119999885559082,3.884999990463257,3.940000057220459,10000,0.0,0.0
2025-01-10 00:00:00-05:00,3.630000114440918,3.7799999713897705,3.609999895095825,3.6549999713897705,8200,0.0,0.0
2025-01-13 00:00:00-05:00,3.549999952316284,3.549999952316284,3.3399999141693115,3.4200000762939453,8400,0.0,0.0
2025-01-14 00:00:00-05:00,3.430000066757202,3.806999921798706,3.430000066757202,3.619999885559082,20600,0.0,0.0
2025-01-15 00:00:00-05:00,3.5299999713897705,3.8299999237060547,3.5299999713897705,3.6700000762939453,6000,0.0,0.0
2025-01-16 00:00:00-05:00,3.5999999046325684,3.819999933242798,3.5999999046325684,3.744999885559082,11400,0.0,0.0
2025-01-17 00:00:00-05:00,3.759999990463257,4.409999847412109,3.740000009536743,3.8489999771118164,27800,0.0,0.0
2025-01-21 00:00:00-05:00,4.159999847412109,4.349999904632568,3.930000066757202,4.050000190734863,53600,0.0,0.0
2025-01-22 00:00:00-05:00,4.170000076293945,4.336999893188477,4.0,4.010000228881836,32300,0.0,0.0
2025-01-23 00:00:00-05:00,4.0,4.3420000076293945,4.0,4.070000171661377,25100,0.0,0.0
2025-01-24 00:00:00-05:00,4.298999786376953,4.5,3.990000009536743,4.199999809265137,50900,0.0,0.0
2025-01-27 00:00:00-05:00,4.039999961853027,4.170000076293945,3.75,3.75,26900,0.0,0.0
2025-01-28 00:00:00-05:00,3.7799999713897705,3.9800000190734863,3.75,3.890000104904175,8400,0.0,0.0
2025-01-29 00:00:00-05:00,3.869999885559082,3.869999885559082,3.7100000381469727,3.7100000381469727,17400,0.0,0.0
2025-01-30 00:00:00-05:00,3.812000036239624,3.984999895095825,3.5799999237060547,3.799999952316284,34200,0.0,0.0
2025-01-31 00:00:00-05:00,3.822999954223633,4.03000020980835,3.822999954223633,3.9100000858306885,13600,0.0,0.0
2025-02-03 00:00:00-05:00,3.9100000858306885,4.010000228881836,3.8259999752044678,3.8259999752044678,15400,0.0,0.0
2025-02-04 00:00:00-05:00,3.9149999618530273,4.019999980926514,3.812000036239624,3.9000000953674316,37200,0.0,0.0
2025-02-05 00:00:00-05:00,4.210000038146973,4.650000095367432,4.057000160217285,4.057000160217285,160500,0.0,0.0
2025-02-06 00:00:00-05:00,4.309999942779541,4.309999942779541,3.7100000381469727,3.9749999046325684,35600,0.0,0.0
2025-02-07 00:00:00-05:00,3.869999885559082,4.099999904632568,3.75,3.8299999237060547,22900,0.0,0.0
2025-02-10 00:00:00-05:00,3.880000114440918,3.880000114440918,3.450000047683716,3.5899999141693115,40900,0.0,0.0
2025-02-11 00:00:00-05:00,3.490000009536743,3.5,3.309999942779541,3.309999942779541,29300,0.0,0.0
2025-02-12 00:00:00-05:00,3.4000000953674316,3.4700000286102295,3.299999952316284,3.430000066757202,8500,0.0,0.0
2025-02-13 00:00:00-05:00,3.4700000286102295,3.559999942779541,3.4130001068115234,3.5299999713897705,7400,0.0,0.0
2025-02-14 00:00:00-05:00,3.440000057220459,3.640000104904175,3.369999885559082,3.5859999656677246,7800,0.0,0.0
2025-02-18 00:00:00-05:00,3.5899999141693115,3.7149999141693115,3.490000009536743,3.490000009536743,12700,0.0,0.0
2025-02-19 00:00:00-05:00,3.565000057220459,3.565000057220459,2.8299999237060547,3.0199999809265137,92100,0.0,0.0
2025-02-20 00:00:00-05:00,2.9800000190734863,2.9800000190734863,2.5910000801086426,2.8399999141693115,75100,0.0,0.0
2025-02-21 00:00:00-05:00,2.9200000762939453,2.9600000381469727,2.609999895095825,2.619999885559082,20200,0.0,0.0
2025-02-24 00:00:00-05:00,2.7799999713897705,2.9100000858306885,2.5,2.549999952316284,30200,0.0,0.0
2025-02-25 00:00:00-05:00,2.5999999046325684,2.759000062942505,2.510999917984009,2.5199999809265137,10600,0.0,0.0
2025-02-26 00:00:00-05:00,2.559999942779541,2.634000062942505,2.506999969482422,2.549999952316284,15700,0.0,0.0
2025-02-27 00:00:00-05:00,2.569999933242798,2.683000087738037,2.5,2.5,5600,0.0,0.0
2025-02-28 00:00:00-05:00,2.5299999713897705,2.5399999618530273,2.4100000858306885,2.5339999198913574,7600,0.0,0.0
2025-03-03 00:00:00-05:00,2.5199999809265137,2.6440000534057617,2.309999942779541,2.309999942779541,11700,0.0,0.0
2025-03-04 00:00:00-05:00,2.25,2.7100000381469727,2.2100000381469727,2.549999952316284,72300,0.0,0.0
2025-03-05 00:00:00-05:00,2.5399999618530273,2.7899999618530273,2.509999990463257,2.640000104904175,11500,0.0,0.0
2025-03-06 00:00:00-05:00,2.575000047683716,2.5899999141693115,2.4100000858306885,2.4800000190734863,5500,0.0,0.0
2025-03-07 00:00:00-05:00,2.4100000858306885,2.5399999618530273,2.3299999237060547,2.3299999237060547,10000,0.0,0.0
2025-03-10 00:00:00-04:00,2.2300000190734863,2.4760000705718994,2.2300000190734863,2.2300000190734863,3900,0.0,0.0
2025-03-11 00:00:00-04:00,2.759999990463257,2.759999990463257,2.299999952316284,2.450000047683716,86400,0.0,0.0
2025-03-12 00:00:00-04:00,2.509999990463257,2.630000114440918,2.3310000896453857,2.4200000762939453,10700,0.0,0.0
2025-03-13 00:00:00-04:00,2.3399999141693115,2.690000057220459,2.3399999141693115,2.375,9800,0.0,0.0
2025-03-14 00:00:00-04:00,2.299999952316284,2.4700000286102295,2.299999952316284,2.4000000953674316,11200,0.0,0.0
2025-03-17 00:00:00-04:00,2.4000000953674316,2.559999942779541,2.3399999141693115,2.3399999141693115,10300,0.0,0.0
2025-03-18 00:00:00-04:00,2.318000078201294,2.438999891281128,2.299999952316284,2.369999885559082,3600,0.0,0.0
2025-03-19 00:00:00-04:00,2.4000000953674316,2.433000087738037,2.325000047683716,2.359999895095825,5800,0.0,0.0
2025-03-20 00:00:00-04:00,2.440000057220459,2.6500000953674316,2.4010000228881836,2.4200000762939453,17300,0.0,0.0
2025-03-21 00:00:00-04:00,2.4200000762939453,2.441999912261963,2.3399999141693115,2.390000104904175,13000,0.0,0.0
2025-03-24 00:00:00-04:00,2.4149999618530273,2.4200000762939453,2.259999990463257,2.259999990463257,11900,0.0,0.0
2025-03-25 00:00:00-04:00,2.259999990463257,2.309999942779541,2.1700000762939453,2.190000057220459,15800,0.0,0.0
2025-03-26 00:00:00-04:00,2.25,2.299999952316284,2.2200000286102295,2.240000009536743,12300,0.0,0.0
2025-03-27 00:00:00-04:00,2.319999933242798,2.3380000591278076,2.1500000953674316,2.200000047683716,5800,0.0,0.0
2025-03-28 00:00:00-04:00,2.265000104904175,2.265000104904175,2.0899999141693115,2.0899999141693115,15800,0.0,0.0
2025-03-31 00:00:00-04:00,2.299999952316284,2.299999952316284,2.0199999809265137,2.0399999618530273,120400,0.0,0.0
2025-04-01 00:00:00-04:00,1.9900000095367432,2.0980000495910645,1.899999976158142,1.9199999570846558,39500,0.0,0.0
2025-04-02 00:00:00-04:00,1.9500000476837158,1.9850000143051147,1.850000023841858,1.8700000047683716,33500,0.0,0.0
2025-04-03 00:00:00-04:00,1.8700000047683716,1.8849999904632568,1.7410000562667847,1.7999999523162842,23100,0.0,0.0
2025-04-04 00:00:00-04:00,1.7999999523162842,1.850000023841858,1.6699999570846558,1.7000000476837158,89900,0.0,0.0
2025-04-07 00:00:00-04:00,1.590000033378601,1.7000000476837158,1.559999942779541,1.590000033378601,30700,0.0,0.0
2025-04-08 00:00:00-04:00,1.559999942779541,1.7999999523162842,1.559999942779541,1.6390000581741333,70600,0.0,0.0
2025-04-09 00:00:00-04:00,1.659999966621399,1.659999966621399,1.5499999523162842,1.5850000381469727,51300,0.0,0.0
2025-04-10 00:00:00-04:00,1.590000033378601,1.6299999952316284,1.5199999809265137,1.5499999523162842,16400,0.0,0.0
2025-04-11 00:00:00-04:00,1.5499999523162842,1.6710000038146973,1.5490000247955322,1.5499999523162842,7200,0.0,0.0
2025-04-14 00:00:00-04:00,1.5800000429153442,1.600000023841858,1.5499999523162842,1.5800000429153442,8100,0.0,0.0
2025-04-15 00:00:00-04:00,1.5499999523162842,1.6579999923706055,1.5499999523162842,1.5800000429153442,12200,0.0,0.0
2025-04-16 00:00:00-04:00,1.600000023841858,1.600000023841858,1.5369999408721924,1.5369999408721924,8600,0.0,0.0
2025-04-17 00:00:00-04:00,1.5199999809265137,1.5199999809265137,1.4800000190734863,1.5,11500,0.0,0.0
2025-04-21 00:00:00-04:00,1.5,1.5,1.4119999408721924,1.4700000286102295,14800,0.0,0.0
2025-04-22 00:00:00-04:00,1.468000054359436,1.590000033378601,1.468000054359436,1.5449999570846558,9500,0.0,0.0
2025-04-23 00:00:00-04:00,1.559999942779541,1.559999942779541,1.4989999532699585,1.5,7600,0.0,0.0
2025-04-24 00:00:00-04:00,1.5499999523162842,1.649999976158142,1.5099999904632568,1.621999979019165,22900,0.0,0.0
2025-04-25 00:00:00-04:00,1.6200000047683716,1.690000057220459,1.5800000429153442,1.590000033378601,11200,0.0,0.0
2025-04-28 00:00:00-04:00,1.6299999952316284,1.809999942779541,1.5499999523162842,1.75,83700,0.0,0.0
2025-04-29 00:00:00-04:00,1.7899999618530273,1.7899999618530273,1.6109999418258667,1.7000000476837158,13700,0.0,0.0
2025-04-30 00:00:00-04:00,1.6799999475479126,1.7899999618530273,1.621999979019165,1.7400000095367432,14200,0.0,0.0
2025-05-01 00:00:00-04:00,1.7400000095367432,1.909999966621399,1.7400000095367432,1.809999942779541,29300,0.0,0.0
2025-05-02 00:00:00-04:00,1.8550000190734863,1.99399995803833,1.7899999618530273,1.850000023841858,34900,0.0,0.0
2025-05-05 00:00:00-04:00,1.840000033378601,1.840000033378601,1.75,1.75,7900,0.0,0.0
2025-05-06 00:00:00-04:00,1.75,1.784999966621399,1.6710000038146973,1.7300000190734863,20800,0.0,0.0
2025-05-07 00:00:00-04:00,1.7300000190734863,1.7799999713897705,1.6799999475479126,1.6799999475479126,4700,0.0,0.0
2025-05-08 00:00:00-04:00,1.6399999856948853,1.7100000381469727,1.6100000143051147,1.6540000438690186,4600,0.0,0.0
2025-05-09 00:00:00-04:00,1.6699999570846558,1.690000057220459,1.5800000429153442,1.6200000047683716,13800,0.0,0.0
2025-05-12 00:00:00-04:00,1.649999976158142,1.6950000524520874,1.5299999713897705,1.5499999523162842,28800,0.0,0.0
2025-05-13 00:00:00-04:00,1.690000057220459,1.690000057220459,1.5,1.5,34000,0.0,0.0
2025-05-14 00:00:00-04:00,1.5,1.649999976158142,1.4500000476837158,1.5299999713897705,38500,0.0,0.0
2025-05-15 00:00:00-04:00,1.5800000429153442,1.899999976158142,1.5800000429153442,1.7999999523162842,67100,0.0,0.0
2025-05-16 00:00:00-04:00,1.9299999475479126,2.009999990463257,1.8600000143051147,1.8600000143051147,114700,0.0,0.0
2025-05-19 00:00:00-04:00,1.899999976158142,1.9700000286102295,1.6200000047683716,1.840000033378601,27400,0.0,0.0
2025-05-20 00:00:00-04:00,1.7899999618530273,1.809999942779541,1.6200000047683716,1.75,22200,0.0,0.0
2025-05-21 00:00:00-04:00,1.7599999904632568,1.7599999904632568,1.600000023841858,1.600000023841858,16500,0.0,0.0
2025-05-22 00:00:00-04:00,1.6100000143051147,1.718999981880188,1.6100000143051147,1.659999966621399,17700,0.0,0.0
2025-05-23 00:00:00-04:00,1.649999976158142,1.6820000410079956,1.6109999418258667,1.6699999570846558,8000,0.0,0.0
2025-05-27 00:00:00-04:00,1.6699999570846558,1.7300000190734863,1.6169999837875366,1.7200000286102295,20500,0.0,0.0
2025-05-28 00:00:00-04:00,1.690000057220459,1.809999942779541,1.690000057220459,1.7300000190734863,17900,0.0,0.0
2025-05-29 00:00:00-04:00,1.7999999523162842,1.9730000495910645,1.7000000476837158,1.8049999475479126,94100,0.0,0.0
2025-05-30 00:00:00-04:00,1.7400000095367432,1.8300000429153442,1.7400000095367432,1.7400000095367432,19400,0.0,0.0
2025-06-02 00:00:00-04:00,1.7400000095367432,1.850000023841858,1.7400000095367432,1.7999999523162842,62300,0.0,0.0
2025-06-03 00:00:00-04:00,1.840000033378601,1.9500000476837158,1.75,1.8140000104904175,39000,0.0,0.0
2025-06-04 00:00:00-04:00,1.9279999732971191,1.9459999799728394,1.8300000429153442,1.940000057220459,19900,0.0,0.0
2025-06-05 00:00:00-04:00,1.9850000143051147,2.0,1.809999942779541,1.809999942779541,31900,0.0,0.0
2025-06-06 00:00:00-04:00,1.7999999523162842,1.8700000047683716,1.75,1.75,24200,0.0,0.0
2025-06-09 00:00:00-04:00,1.7999999523162842,1.8700000047683716,1.7719999551773071,1.840000033378601,16900,0.0,0.0
2025-06-10 00:00:00-04:00,1.7699999809265137,1.9759999513626099,1.7699999809265137,1.8600000143051147,27700,0.0,0.0
2025-06-11 00:00:00-04:00,1.909999966621399,1.9859999418258667,1.8220000267028809,1.8300000429153442,21100,0.0,0.0
2025-06-12 00:00:00-04:00,1.940000057220459,1.940000057220459,1.7610000371932983,1.9199999570846558,16400,0.0,0.0
2025-06-13 00:00:00-04:00,1.840000033378601,1.9630000591278076,1.840000033378601,1.840000033378601,8700,0.0,0.0
2025-06-16 00:00:00-04:00,1.840000033378601,1.8650000095367432,1.7699999809265137,1.7699999809265137,11600,0.0,0.0
2025-06-17 00:00:00-04:00,1.8450000286102295,1.9049999713897705,1.7799999713897705,1.7799999713897705,9200,0.0,0.0
2025-06-18 00:00:00-04:00,1.8539999723434448,1.8799999952316284,1.75,1.7680000066757202,9000,0.0,0.0
2025-06-20 00:00:00-04:00,1.75,1.774999976158142,1.6200000047683716,1.6349999904632568,30400,0.0,0.0
2025-06-23 00:00:00-04:00,1.649999976158142,1.6699999570846558,1.5099999904632568,1.600000023841858,24000,0.0,0.0
2025-06-24 00:00:00-04:00,1.600000023841858,1.690000057220459,1.5750000476837158,1.6349999904632568,17500,0.0,0.0
2025-06-25 00:00:00-04:00,1.8700000047683716,1.909999966621399,1.4800000190734863,1.7999999523162842,508300,0.0,0.0
2025-06-26 00:00:00-04:00,1.840000033378601,1.840000033378601,1.6299999952316284,1.753000020980835,82500,0.0,0.0
2025-06-27 00:00:00-04:00,1.7599999904632568,1.7999999523162842,1.659999966621399,1.6749999523162842,53600,0.0,0.0
2025-06-30 00:00:00-04:00,1.7000000476837158,1.809999942779541,1.6799999475479126,1.690000057220459,42600,0.0,0.0
2025-07-01 00:00:00-04:00,1.7109999656677246,1.7200000286102295,1.6410000324249268,1.649999976158142,38800,0.0,0.0
2025-07-02 00:00:00-04:00,1.649999976158142,1.809999942779541,1.649999976158142,1.7000000476837158,33500,0.0,0.0
2025-07-03 00:00:00-04:00,1.7300000190734863,1.7910000085830688,1.725000023841858,1.7400000095367432,9100,0.0,0.0
2025-07-07 00:00:00-04:00,1.75,1.7699999809265137,1.7000000476837158,1.7300000190734863,24500,0.0,0.0
2025-07-08 00:00:00-04:00,1.7699999809265137,1.8730000257492065,1.715000033378601,1.7999999523162842,39700,0.0,0.0
2025-07-09 00:00:00-04:00,1.850000023841858,1.9299999475479126,1.7999999523162842,1.8799999952316284,72500,0.0,0.0
2025-07-10 00:00:00-04:00,1.8799999952316284,1.968999981880188,1.7599999904632568,1.7699999809265137,51500,0.0,0.0
2025-07-11 00:00:00-04:00,1.7599999904632568,1.8600000143051147,1.600000023841858,1.7300000190734863,62900,0.0,0.0
2025-07-14 00:00:00-04:00,1.7400000095367432,1.7400000095367432,1.6100000143051147,1.7000000476837158,44000,0.0,0.0
2025-07-15 00:00:00-04:00,1.659999966621399,1.690000057220459,1.6200000047683716,1.6299999952316284,38200,0.0,0.0
2025-07-16 00:00:00-04:00,1.649999976158142,1.7100000381469727,1.6299999952316284,1.659999966621399,58600,0.0,0.0
2025-07-17 00:00:00-04:00,1.75,1.7799999713897705,1.6299999952316284,1.6699999570846558,33700,0.0,0.0
2025-07-18 00:00:00-04:00,1.7100000381469727,1.75,1.6299999952316284,1.659999966621399,93500,0.0,0.0
2025-07-21 00:00:00-04:00,1.6699999570846558,1.7999999523162842,1.659999966621399,1.7300000190734863,53600,0.0,0.0
2025-07-22 00:00:00-04:00,1.7899999618530273,2.109999895095825,1.7300000190734863,2.0799999237060547,130900,0.0,0.0
2025-07-23 00:00:00-04:00,2.1600000858306885,2.2200000286102295,1.9199999570846558,1.9299999475479126,63000,0.0,0.0
2025-07-24 00:00:00-04:00,1.9299999475479126,1.9600000381469727,1.8899999856948853,1.9299999475479126,39400,0.0,0.0
2025-07-25 00:00:00-04:00,1.9600000381469727,1.9989999532699585,1.8600000143051147,1.8899999856948853,16800,0.0,0.0
2025-07-28 00:00:00-04:00,1.8899999856948853,1.934000015258789,1.8300000429153442,1.8819999694824219,17600,0.0,0.0
2025-07-29 00:00:00-04:00,1.8600000143051147,1.909999966621399,1.7400000095367432,1.7599999904632568,17700,0.0,0.0
2025-07-30 00:00:00-04:00,1.7699999809265137,1.8899999856948853,1.7000000476837158,1.840000033378601,101600,0.0,0.0
2025-07-31 00:00:00-04:00,1.8049999475479126,1.8799999952316284,1.7000000476837158,1.7000000476837158,17400,0.0,0.0
2025-08-01 00:00:00-04:00,1.75,1.850000023841858,1.649999976158142,1.659999966621399,42900,0.0,0.0
2025-08-04 00:00:00-04:00,1.690000057220459,1.7100000381469727,1.6399999856948853,1.7000000476837158,74700,0.0,0.0
2025-08-05 00:00:00-04:00,1.659999966621399,1.8300000429153442,1.649999976158142,1.7899999618530273,285200,0.0,0.0
2025-08-06 00:00:00-04:00,1.8200000524520874,1.8200000524520874,1.6200000047683716,1.6399999856948853,69700,0.0,0.0
2025-08-07 00:00:00-04:00,1.6100000143051147,1.784999966621399,1.5499999523162842,1.649999976158142,102900,0.0,0.0
2025-08-08 00:00:00-04:00,1.6200000047683716,1.7200000286102295,1.6200000047683716,1.7000000476837158,39400,0.0,0.0
2025-08-11 00:00:00-04:00,1.75,1.7649999856948853,1.690000057220459,1.690000057220459,11100,0.0,0.0
2025-08-12 00:00:00-04:00,1.690000057220459,1.7300000190734863,1.6749999523162842,1.7000000476837158,15800,0.0,0.0
2025-08-13 00:00:00-04:00,1.659999966621399,1.7300000190734863,1.659999966621399,1.7100000381469727,40900,0.0,0.0
2025-08-14 00:00:00-04:00,1.690000057220459,1.7929999828338623,1.690000057220459,1.690000057220459,36500,0.0,0.0
2025-08-15 00:00:00-04:00,1.690000057220459,1.7519999742507935,1.6799999475479126,1.690000057220459,17500,0.0,0.0
2025-08-18 00:00:00-04:00,1.6799999475479126,1.75,1.649999976158142,1.649999976158142,39900,0.0,0.0
2025-08-19 00:00:00-04:00,1.690000057220459,1.690000057220459,1.590000033378601,1.590000033378601,48300,0.0,0.0
2025-08-20 00:00:00-04:00,1.590000033378601,1.6549999713897705,1.5700000524520874,1.5700000524520874,13900,0.0,0.0
2025-08-21 00:00:00-04:00,1.600000023841858,1.600000023841858,1.559999942779541,1.600000023841858,12600,0.0,0.0
2025-08-22 00:00:00-04:00,1.649999976158142,1.7000000476837158,1.559999942779541,1.6449999809265137,41800,0.0,0.0
2025-08-25 00:00:00-04:00,1.649999976158142,1.690000057220459,1.590000033378601,1.600000023841858,47600,0.0,0.0
2025-08-26 00:00:00-04:00,1.590000033378601,1.6200000047683716,1.5700000524520874,1.5800000429153442,43500,0.0,0.0
2025-08-27 00:00:00-04:00,1.559999942779541,1.6100000143051147,1.5299999713897705,1.600000023841858,62200,0.0,0.0
2025-08-28 00:00:00-04:00,1.6200000047683716,1.6230000257492065,1.5399999618530273,1.5850000381469727,56300,0.0,0.0
2025-08-29 00:00:00-04:00,1.6200000047683716,1.649999976158142,1.5499999523162842,1.565000057220459,19900,0.0,0.0
2025-09-02 00:00:00-04:00,1.5700000524520874,1.5700000524520874,1.5099999904632568,1.5700000524520874,17300,0.0,0.0
2025-09-03 00:00:00-04:00,1.5399999618530273,1.565000057220459,1.5199999809265137,1.5299999713897705,26700,0.0,0.0
2025-09-04 00:00:00-04:00,1.5549999475479126,1.5549999475479126,1.4900000095367432,1.5,43500,0.0,0.0
2025-09-05 00:00:00-04:00,1.6100000143051147,1.6100000143051147,1.5299999713897705,1.5499999523162842,19800,0.0,0.0
2025-09-08 00:00:00-04:00,1.5499999523162842,1.6649999618530273,1.5299999713897705,1.6100000143051147,37200,0.0,0.0
2025-09-09 00:00:00-04:00,1.5700000524520874,1.6200000047683716,1.5299999713897705,1.5499999523162842,53600,0.0,0.0
2025-09-10 00:00:00-04:00,1.5700000524520874,1.5870000123977661,1.5360000133514404,1.5449999570846558,7500,0.0,0.0
2025-09-11 00:00:00-04:00,1.590000033378601,1.659999966621399,1.5499999523162842,1.5700000524520874,35800,0.0,0.0
2025-09-12 00:00:00-04:00,1.5800000429153442,1.6050000190734863,1.5440000295639038,1.5440000295639038,42100,0.0,0.0
2025-09-15 00:00:00-04:00,1.5299999713897705,1.5800000429153442,1.4900000095367432,1.5099999904632568,51100,0.0,0.0
2025-09-16 00:00:00-04:00,1.4900000095367432,1.5049999952316284,1.440000057220459,1.4550000429153442,35900,0.0,0.0
2025-09-17 00:00:00-04:00,1.4700000286102295,1.5199999809265137,1.4700000286102295,1.5,27500,0.0,0.0
2025-09-18 00:00:00-04:00,1.5160000324249268,1.5299999713897705,1.4700000286102295,1.5,23200,0.0,0.0
2025-09-19 00:00:00-04:00,1.5299999713897705,1.5299999713897705,1.4199999570846558,1.440000057220459,45300,0.0,0.0
2025-09-22 00:00:00-04:00,1.4500000476837158,1.4800000190734863,1.4199999570846558,1.4700000286102295,38600,0.0,0.0
2025-09-23 00:00:00-04:00,1.4700000286102295,1.4700000286102295,1.399999976158142,1.440000057220459,54000,0.0,0.0
2025-09-24 00:00:00-04:00,1.440000057220459,1.440000057220459,1.3700000047683716,1.4199999570846558,33900,0.0,0.0
2025-09-25 00:00:00-04:00,1.409999966621399,1.4989999532699585,1.3799999952316284,1.4450000524520874,67000,0.0,0.0
2025-09-26 00:00:00-04:00,1.4299999475479126,1.5199999809265137,1.4049999713897705,1.4600000381469727,38100,0.0,0.0
2025-09-29 00:00:00-04:00,1.5,1.5700000524520874,1.5,1.5099999904632568,62000,0.0,0.0
2025-09-30 00:00:00-04:00,1.5099999904632568,1.5499999523162842,1.4700000286102295,1.475000023841858,41700,0.0,0.0
2025-10-01 00:00:00-04:00,1.4800000190734863,1.5099999904632568,1.4550000429153442,1.4600000381469727,36600,0.0,0.0
2025-10-02 00:00:00-04:00,1.5099999904632568,1.5099999904632568,1.4600000381469727,1.4800000190734863,44000,0.0,0.0
2025-10-03 00:00:00-04:00,1.4819999933242798,1.5700000524520874,1.4819999933242798,1.5,51000,0.0,0.0
2025-10-06 00:00:00-04:00,1.5299999713897705,1.5499999523162842,1.4800000190734863,1.4850000143051147,55400,0.0,0.0
2025-10-07 00:00:00-04:00,1.4700000286102295,1.5399999618530273,1.440000057220459,1.440000057220459,51500,0.0,0.0
2025-10-08 00:00:00-04:00,1.4900000095367432,1.5,1.409999966621399,1.4320000410079956,58100,0.0,0.0
2025-10-09 00:00:00-04:00,1.4500000476837158,1.5299999713897705,1.440000057220459,1.4769999980926514,104700,0.0,0.0
2025-10-10 00:00:00-04:00,1.5,1.5099999904632568,1.3949999809265137,1.4199999570846558,72100,0.0,0.0
2025-10-13 00:00:00-04:00,1.409999966621399,1.5199999809265137,1.399999976158142,1.4700000286102295,92300,0.0,0.0
2025-10-14 00:00:00-04:00,1.5099999904632568,1.5299999713897705,1.4730000495910645,1.5099999904632568,55200,0.0,0.0
2025-10-15 00:00:00-04:00,1.5099999904632568,1.5700000524520874,1.4800000190734863,1.4900000095367432,132300,0.0,0.0
2025-10-16 00:00:00-04:00,1.5399999618530273,1.5700000524520874,1.5,1.5399999618530273,61600,0.0,0.0
2025-10-17 00:00:00-04:00,1.5299999713897705,1.649999976158142,1.5299999713897705,1.5700000524520874,163000,0.0,0.0
2025-10-20 00:00:00-04:00,1.6200000047683716,1.690000057220459,1.6019999980926514,1.649999976158142,622300,0.0,0.0
2025-10-21 00:00:00-04:00,1.6399999856948853,1.6399999856948853,1.4299999475479126,1.5099999904632568,288700,0.0,0.0
2025-10-22 00:00:00-04:00,1.4800000190734863,1.5700000524520874,1.4800000190734863,1.5299999713897705,64000,0.0,0.0
2025-10-23 00:00:00-04:00,1.559999942779541,1.5700000524520874,1.4900000095367432,1.5199999809265137,123700,0.0,0.0
2025-10-24 00:00:00-04:00,1.4500000476837158,1.4700000286102295,1.3700000047683716,1.399999976158142,432800,0.0,0.0
2025-10-27 00:00:00-04:00,1.409999966621399,1.4299999475479126,1.3200000524520874,1.340000033378601,189700,0.0,0.0
2025-10-28 00:00:00-04:00,1.309999942779541,1.4299999475479126,1.309999942779541,1.4199999570846558,98900,0.0,0.0
2025-10-29 00:00:00-04:00,1.4500000476837158,1.4900000095367432,1.409999966621399,1.4500000476837158,92600,0.0,0.0
2025-10-30 00:00:00-04:00,1.440000057220459,1.4700000286102295,1.399999976158142,1.4500000476837158,41000,0.0,0.0
2025-10-31 00:00:00-04:00,1.4500000476837158,1.4600000381469727,1.3899999856948853,1.399999976158142,47200,0.0,0.0
2025-11-03 00:00:00-05:00,1.399999976158142,1.4500000476837158,1.3899999856948853,1.399999976158142,51500,0.0,0.0
2025-11-04 00:00:00-05:00,1.3600000143051147,1.399999976158142,1.3600000143051147,1.3700000047683716,39900,0.0,0.0
2025-11-05 00:00:00-05:00,1.3600000143051147,1.3799999952316284,1.309999942779541,1.312000036239624,73900,0.0,0.0
2025-11-06 00:00:00-05:00,1.309999942779541,1.3300000429153442,1.190000057220459,1.2000000476837158,44400,0.0,0.0
2025-11-07 00:00:00-05:00,1.2300000190734863,1.2899999618530273,1.2200000286102295,1.2300000190734863,36200,0.0,0.0
2025-11-10 00:00:00-05:00,1.2400000095367432,1.2699999809265137,1.2100000381469727,1.2699999809265137,29100,0.0,0.0
2025-11-11 00:00:00-05:00,1.2699999809265137,1.3200000524520874,1.2699999809265137,1.3200000524520874,18800,0.0,0.0
2025-11-12 00:00:00-05:00,1.2799999713897705,1.2899999618530273,1.2300000190734863,1.2599999904632568,29400,0.0,0.0
2025-11-13 00:00:00-05:00,1.2300000190734863,1.2450000047683716,1.1699999570846558,1.190000057220459,607900,0.0,0.0
2025-11-14 00:00:00-05:00,1.1799999475479126,1.2400000095367432,1.152999997138977,1.2100000381469727,41800,0.0,0.0
2025-11-17 00:00:00-05:00,1.2000000476837158,1.25,1.149999976158142,1.190000057220459,22100,0.0,0.0
2025-11-18 00:00:00-05:00,1.1799999475479126,1.2200000286102295,1.149999976158142,1.190000057220459,61600,0.0,0.0
2025-11-19 00:00:00-05:00,1.2100000381469727,1.2769999504089355,1.1699999570846558,1.2000000476837158,44200,0.0,0.0
2025-11-20 00:00:00-05:00,1.1799999475479126,1.2300000190734863,1.100000023841858,1.1100000143051147,85800,0.0,0.0
2025-11-21 00:00:00-05:00,1.1100000143051147,1.1699999570846558,1.0779999494552612,1.1699999570846558,30700,0.0,0.0
2025-11-24 00:00:00-05:00,1.2400000095367432,1.25,1.1390000581741333,1.1699999570846558,22300,0.0,0.0
2025-11-25 00:00:00-05:00,1.159999966621399,1.215000033378601,1.1399999856948853,1.2100000381469727,12300,0.0,0.0
2025-11-26 00:00:00-05:00,1.2300000190734863,1.2890000343322754,1.2300000190734863,1.25,18000,0.0,0.0
2025-11-28 00:00:00-05:00,1.25,1.2799999713897705,1.25,1.2599999904632568,18400,0.0,0.0
2025-12-01 00:00:00-05:00,1.25,1.2599999904632568,1.1100000143051147,1.1100000143051147,85600,0.0,0.0
2025-12-02 00:00:00-05:00,1.1299999952316284,1.13100004196167,1.0049999952316284,1.0199999809265137,109700,0.0,0.0
2025-12-03 00:00:00-05:00,1.0,1.0800000429153442,0.9599999785423279,1.0299999713897705,99100,0.0,0.0
2025-12-04 00:00:00-05:00,0.9990000128746033,1.1399999856948853,0.9900000095367432,1.059999942779541,88300,0.0,0.0
2025-12-05 00:00:00-05:00,1.0800000429153442,1.090000033378601,1.0399999618530273,1.059999942779541,26600,0.0,0.0
2025-12-08 00:00:00-05:00,1.059999942779541,1.1399999856948853,1.0199999809265137,1.0399999618530273,129100,0.0,0.0
2025-12-09 00:00:00-05:00,1.0399999618530273,1.0399999618530273,0.8999999761581421,0.9279999732971191,230000,0.0,0.0
2025-12-10 00:00:00-05:00,1.0,1.0,0.9010000228881836,0.9120000004768372,108800,0.0,0.0
2025-12-11 00:00:00-05:00,0.949999988079071,0.9890000224113464,0.9399999976158142,0.9449999928474426,123400,0.0,0.0
2025-12-12 00:00:00-05:00,0.949999988079071,0.9779999852180481,0.9350000023841858,0.9350000023841858,84200,0.0,0.0
2025-12-15 00:00:00-05:00,0.9399999976158142,0.9679999947547913,0.9200000166893005,0.925000011920929,34100,0.0,0.0
2025-12-16 00:00:00-05:00,0.9300000071525574,0.9300000071525574,0.9100000262260437,0.9110000133514404,21300,0.0,0.0
2025-12-17 00:00:00-05:00,0.906000018119812,0.9300000071525574,0.906000018119812,0.9100000262260437,26700,0.0,0.0
2025-12-18 00:00:00-05:00,0.9100000262260437,0.9399999976158142,0.9100000262260437,0.9100000262260437,59400,0.0,0.0
2025-12-19 00:00:00-05:00,0.9300000071525574,0.9399999976158142,0.906000018119812,0.9300000071525574,54700,0.0,0.0
2025-12-22 00:00:00-05:00,0.9409999847412109,0.9800000190734863,0.9300000071525574,0.9309999942779541,51500,0.0,0.0
2025-12-23 00:00:00-05:00,0.9399999976158142,0.9800000190734863,0.9319999814033508,0.9520000219345093,16200,0.0,0.0
2025-12-24 00:00:00-05:00,0.9700000286102295,0.9700000286102295,0.949999988079071,0.9509999752044678,24100,0.0,0.0
2025-12-26 00:00:00-05:00,0.9549999833106995,1.0199999809265137,0.9549999833106995,0.9800000190734863,22800,0.0,0.0
2025-12-29 00:00:00-05:00,1.0099999904632568,1.0099999904632568,0.8989999890327454,0.9200000166893005,62300,0.0,0.0
2025-12-30 00:00:00-05:00,0.9200000166893005,0.9440000057220459,0.8799999952316284,0.8899999856948853,100100,0.0,0.0
2025-12-31 00:00:00-05:00,0.8600000143051147,0.9139999747276306,0.8399999737739563,0.8529999852180481,153500,0.0,0.0
2026-01-02 00:00:00-05:00,0.8709999918937683,0.8799999952316284,0.8399999737739563,0.8529999852180481,55300,0.0,0.0
2026-01-05 00:00:00-05:00,0.8399999737739563,0.8880000114440918,0.8399999737739563,0.878000020980835,163200,0.0,0.0
2026-01-06 00:00:00-05:00,0.8930000066757202,1.0,0.8930000066757202,0.9120000004768372,131500,0.0,0.0
2026-01-07 00:00:00-05:00,0.9120000004768372,0.9660000205039978,0.8820000290870667,0.8999999761581421,55800,0.0,0.0
2026-01-08 00:00:00-05:00,0.9490000009536743,0.949999988079071,0.8740000128746033,0.9399999976158142,130000,0.0,0.0
2026-01-09 00:00:00-05:00,0.9800000190734863,1.0,0.902999997138977,0.9449999928474426,87400,0.0,0.0
2026-01-12 00:00:00-05:00,0.9300000071525574,0.968999981880188,0.9200000166893005,0.9200000166893005,25600,0.0,0.0
2026-01-13 00:00:00-05:00,0.9200000166893005,0.9900000095367432,0.902999997138977,0.902999997138977,98500,0.0,0.0
2026-01-14 00:00:00-05:00,0.9200000166893005,0.9599999785423279,0.8899999856948853,0.8999999761581421,95100,0.0,0.0
2026-01-15 00:00:00-05:00,0.8999999761581421,0.968999981880188,0.8939999938011169,0.8939999938011169,27000,0.0,0.0
2026-01-16 00:00:00-05:00,0.8799999952316284,0.9459999799728394,0.8799999952316284,0.8899999856948853,48400,0.0,0.0
2026-01-20 00:00:00-05:00,0.8899999856948853,0.8980000019073486,0.8709999918937683,0.8759999871253967,24600,0.0,0.0
2026-01-21 00:00:00-05:00,0.8700000047683716,0.9139999747276306,0.8299999833106995,0.8320000171661377,97600,0.0,0.0
2026-01-22 00:00:00-05:00,0.8629999756813049,0.8790000081062317,0.8299999833106995,0.8420000076293945,98100,0.0,0.0
2026-01-23 00:00:00-05:00,0.8560000061988831,0.8560000061988831,0.828000009059906,0.8299999833106995,44700,0.0,0.0
2026-01-26 00:00:00-05:00,0.8429999947547913,0.8759999871253967,0.8109999895095825,0.8199999928474426,59200,0.0,0.0
2026-01-27 00:00:00-05:00,0.800000011920929,0.875,0.800000011920929,0.8289999961853027,22400,0.0,0.0
2026-01-28 00:00:00-05:00,0.8339999914169312,0.8339999914169312,0.7300000190734863,0.7639999985694885,87300,0.0,0.0
2026-01-29 00:00:00-05:00,0.7599999904632568,0.7599999904632568,0.5479999780654907,0.5899999737739563,5565900,0.0,0.0
2026-01-30 00:00:00-05:00,0.6150000095367432,1.4900000095367432,0.6100000143051147,0.7960000038146973,109845000,0.0,0.0
2026-02-02 00:00:00-05:00,0.7450000047683716,0.8799999952316284,0.6700000166893005,0.7509999871253967,2409400,0.0,0.0
2026-02-03 00:00:00-05:00,0.7099999785423279,0.7689999938011169,0.6510000228881836,0.6729999780654907,1082300,0.0,0.0
2026-02-04 00:00:00-05:00,0.6700000166893005,0.7059999704360962,0.6380000114440918,0.6700000166893005,436100,0.0,0.0
2026-02-05 00:00:00-05:00,0.6510000228881836,0.6700000166893005,0.6000000238418579,0.6240000128746033,409200,0.0,0.0
2026-02-06 00:00:00-05:00,0.6150000095367432,0.6899999976158142,0.5860000252723694,0.6899999976158142,525700,0.0,0.0
2026-02-09 00:00:00-05:00,0.6690000295639038,0.6800000071525574,0.5709999799728394,0.6600000262260437,278700,0.0,0.0
2026-02-10 00:00:00-05:00,0.6600000262260437,0.6600000262260437,0.6000000238418579,0.6399999856948853,135200,0.0,0.0
2026-02-11 00:00:00-05:00,0.6570000052452087,0.6579999923706055,0.6069999933242798,0.6129999756813049,81600,0.0,0.0
2026-02-12 00:00:00-05:00,0.6420000195503235,0.6420000195503235,0.5809999704360962,0.5929999947547913,177800,0.0,0.0
2026-02-13 00:00:00-05:00,0.5870000123977661,0.6439999938011169,0.5609999895095825,0.609000027179718,184600,0.0,0.0
2026-02-17 00:00:00-05:00,0.609000027179718,0.6100000143051147,0.5509999990463257,0.6000000238418579,250500,0.0,0.0
2026-02-18 00:00:00-05:00,0.7059999704360962,0.7699999809265137,0.6449999809265137,0.7279999852180481,4556600,0.0,0.0
2026-02-19 00:00:00-05:00,0.7089999914169312,0.8450000286102295,0.699999988079071,0.8180000185966492,466200,0.0,0.0
2026-02-20 00:00:00-05:00,0.8100000023841858,0.8399999737739563,0.7110000252723694,0.7580000162124634,255800,0.0,0.0
2026-02-23 00:00:00-05:00,0.7710000276565552,0.8500000238418579,0.75,0.8149999976158142,165900,0.0,0.0
2026-02-24 00:00:00-05:00,0.8069999814033508,0.8149999976158142,0.7540000081062317,0.800000011920929,119000,0.0,0.0
2026-02-25 00:00:00-05:00,0.7799999713897705,0.8790000081062317,0.7599999904632568,0.875,188526,0.0,0.0
