Date,Open,High,Low,Close,Volume,Dividends,Stock Splits
2022-01-03 00:00:00-05:00,4.269999980926514,4.480000019073486,4.210000038146973,4.369999885559082,2428100,0.0,0.0
2022-01-04 00:00:00-05:00,4.400000095367432,4.400000095367432,3.9100000858306885,3.9200000762939453,3672900,0.0,0.0
2022-01-05 00:00:00-05:00,3.9100000858306885,3.9200000762939453,3.690000057220459,3.690000057220459,3230000,0.0,0.0
2022-01-06 00:00:00-05:00,3.6600000858306885,3.7920000553131104,3.509999990463257,3.640000104904175,2723800,0.0,0.0
2022-01-07 00:00:00-05:00,3.6500000953674316,3.8399999141693115,3.5799999237060547,3.5799999237060547,2038800,0.0,0.0
2022-01-10 00:00:00-05:00,3.5399999618530273,3.6500000953674316,3.369999885559082,3.5999999046325684,3487000,0.0,0.0
2022-01-11 00:00:00-05:00,3.6700000762939453,4.730000019073486,3.6410000324249268,4.579999923706055,15468100,0.0,0.0
2022-01-12 00:00:00-05:00,4.550000190734863,4.775000095367432,4.431000232696533,4.599999904632568,5186300,0.0,0.0
2022-01-13 00:00:00-05:00,4.650000095367432,4.659999847412109,4.130000114440918,4.179999828338623,3186300,0.0,0.0
2022-01-14 00:00:00-05:00,4.199999809265137,4.364999771118164,3.940000057220459,4.110000133514404,2249100,0.0,0.0
2022-01-18 00:00:00-05:00,4.039999961853027,4.064000129699707,3.799999952316284,3.809999942779541,2336200,0.0,0.0
2022-01-19 00:00:00-05:00,3.809999942779541,3.940000057220459,3.7100000381469727,3.7300000190734863,2553800,0.0,0.0
2022-01-20 00:00:00-05:00,3.7799999713897705,4.0,3.630000114440918,3.6600000858306885,2419000,0.0,0.0
2022-01-21 00:00:00-05:00,3.630000114440918,3.680000066757202,3.380000114440918,3.4100000858306885,3707800,0.0,0.0
2022-01-24 00:00:00-05:00,3.2799999713897705,3.8499999046325684,3.0299999713897705,3.7699999809265137,7950500,0.0,0.0
2022-01-25 00:00:00-05:00,3.619999885559082,3.809999942779541,3.5199999809265137,3.700000047683716,2591200,0.0,0.0
2022-01-26 00:00:00-05:00,3.819999933242798,3.8399999141693115,3.3949999809265137,3.440000057220459,2691200,0.0,0.0
2022-01-27 00:00:00-05:00,3.5,3.5799999237060547,3.25,3.259999990463257,1964000,0.0,0.0
2022-01-28 00:00:00-05:00,3.259999990463257,3.380000114440918,3.0999999046325684,3.359999895095825,2043500,0.0,0.0
2022-01-31 00:00:00-05:00,3.390000104904175,3.7699999809265137,3.384999990463257,3.7699999809265137,2165100,0.0,0.0
2022-02-01 00:00:00-05:00,3.799999952316284,3.930000066757202,3.7300000190734863,3.819999933242798,1879400,0.0,0.0
2022-02-02 00:00:00-05:00,3.869999885559082,3.869999885559082,3.5450000762939453,3.609999895095825,2241300,0.0,0.0
2022-02-03 00:00:00-05:00,3.4800000190734863,3.690000057220459,3.4200000762939453,3.549999952316284,2388700,0.0,0.0
2022-02-04 00:00:00-05:00,3.549999952316284,3.640000104904175,3.309999942779541,3.4800000190734863,2305300,0.0,0.0
2022-02-07 00:00:00-05:00,3.494999885559082,3.7899999618530273,3.450000047683716,3.75,1802100,0.0,0.0
2022-02-08 00:00:00-05:00,3.75,3.990000009536743,3.630000114440918,3.940000057220459,1848100,0.0,0.0
2022-02-09 00:00:00-05:00,4.039999961853027,4.340000152587891,3.9800000190734863,4.300000190734863,3121200,0.0,0.0
2022-02-10 00:00:00-05:00,4.170000076293945,4.369999885559082,4.039999961853027,4.059999942779541,3128300,0.0,0.0
2022-02-11 00:00:00-05:00,3.759999990463257,4.099999904632568,3.4200000762939453,3.4600000381469727,4341000,0.0,0.0
2022-02-14 00:00:00-05:00,3.4700000286102295,3.5299999713897705,3.2699999809265137,3.390000104904175,2694600,0.0,0.0
2022-02-15 00:00:00-05:00,3.4600000381469727,3.4600000381469727,3.2899999618530273,3.3499999046325684,4555900,0.0,0.0
2022-02-16 00:00:00-05:00,3.299999952316284,3.4049999713897705,3.2300000190734863,3.3499999046325684,3166000,0.0,0.0
2022-02-17 00:00:00-05:00,3.3399999141693115,3.430000066757202,3.130000114440918,3.130000114440918,2166400,0.0,0.0
2022-02-18 00:00:00-05:00,3.0999999046325684,3.259999990463257,2.990000009536743,2.990000009536743,3815400,0.0,0.0
2022-02-22 00:00:00-05:00,2.9200000762939453,3.109999895095825,2.8550000190734863,2.869999885559082,4583300,0.0,0.0
2022-02-23 00:00:00-05:00,2.950000047683716,3.0299999713897705,2.819999933242798,2.819999933242798,3558200,0.0,0.0
2022-02-24 00:00:00-05:00,2.6500000953674316,3.180000066757202,2.630000114440918,3.1500000953674316,3826000,0.0,0.0
2022-02-25 00:00:00-05:00,3.1600000858306885,3.180000066757202,2.9200000762939453,2.9800000190734863,3372400,0.0,0.0
2022-02-28 00:00:00-05:00,2.950000047683716,3.1600000858306885,2.869999885559082,3.1500000953674316,3144500,0.0,0.0
2022-03-01 00:00:00-05:00,3.1500000953674316,3.25,3.0299999713897705,3.0799999237060547,2470800,0.0,0.0
2022-03-02 00:00:00-05:00,3.059999942779541,3.109999895095825,2.930000066757202,3.0,1491000,0.0,0.0
2022-03-03 00:00:00-05:00,3.049999952316284,3.0899999141693115,2.7799999713897705,2.799999952316284,1986900,0.0,0.0
2022-03-04 00:00:00-05:00,2.809999942779541,2.869999885559082,2.6600000858306885,2.740000009536743,2850600,0.0,0.0
2022-03-07 00:00:00-05:00,2.700000047683716,2.890000104904175,2.700000047683716,2.75,2228500,0.0,0.0
2022-03-08 00:00:00-05:00,2.75,3.0799999237060547,2.6700000762939453,2.9200000762939453,2119300,0.0,0.0
2022-03-09 00:00:00-05:00,2.990000009536743,3.244999885559082,2.940000057220459,3.0899999141693115,2312900,0.0,0.0
2022-03-10 00:00:00-05:00,3.049999952316284,3.069999933242798,2.9200000762939453,3.0199999809265137,1565500,0.0,0.0
2022-03-11 00:00:00-05:00,3.049999952316284,3.0889999866485596,2.859999895095825,2.869999885559082,1971000,0.0,0.0
2022-03-14 00:00:00-04:00,2.869999885559082,3.0899999141693115,2.7200000286102295,2.7200000286102295,2976000,0.0,0.0
2022-03-15 00:00:00-04:00,2.7200000286102295,3.059999942779541,2.7100000381469727,3.049999952316284,2532400,0.0,0.0
2022-03-16 00:00:00-04:00,3.0799999237060547,3.3499999046325684,3.0799999237060547,3.319999933242798,3417000,0.0,0.0
2022-03-17 00:00:00-04:00,3.2799999713897705,3.4600000381469727,3.240000009536743,3.4000000953674316,2303400,0.0,0.0
2022-03-18 00:00:00-04:00,3.359999895095825,3.880000114440918,3.3499999046325684,3.819999933242798,11038300,0.0,0.0
2022-03-21 00:00:00-04:00,3.7899999618530273,4.050000190734863,3.7699999809265137,4.019999980926514,3970700,0.0,0.0
2022-03-22 00:00:00-04:00,4.019999980926514,4.170000076293945,3.990000009536743,4.110000133514404,1959300,0.0,0.0
2022-03-23 00:00:00-04:00,4.039999961853027,4.239999771118164,4.010000228881836,4.139999866485596,1805700,0.0,0.0
2022-03-24 00:00:00-04:00,4.159999847412109,4.210000038146973,4.0,4.090000152587891,1125300,0.0,0.0
2022-03-25 00:00:00-04:00,4.110000133514404,4.150000095367432,4.045000076293945,4.090000152587891,1072400,0.0,0.0
2022-03-28 00:00:00-04:00,4.099999904632568,4.260000228881836,3.9149999618530273,4.099999904632568,1658600,0.0,0.0
2022-03-29 00:00:00-04:00,4.139999866485596,4.460000038146973,4.139999866485596,4.329999923706055,2006900,0.0,0.0
2022-03-30 00:00:00-04:00,4.320000171661377,4.329999923706055,4.034999847412109,4.099999904632568,1914200,0.0,0.0
2022-03-31 00:00:00-04:00,4.110000133514404,4.179999828338623,3.700000047683716,3.700000047683716,3127900,0.0,0.0
2022-04-01 00:00:00-04:00,3.75,3.8299999237060547,3.5999999046325684,3.690000057220459,1999000,0.0,0.0
2022-04-04 00:00:00-04:00,3.680000066757202,3.950000047683716,3.6700000762939453,3.880000114440918,1282700,0.0,0.0
2022-04-05 00:00:00-04:00,3.8399999141693115,3.875,3.6600000858306885,3.7200000286102295,1145000,0.0,0.0
2022-04-06 00:00:00-04:00,3.619999885559082,3.6600000858306885,3.490000009536743,3.5899999141693115,1402800,0.0,0.0
2022-04-07 00:00:00-04:00,3.5899999141693115,3.619999885559082,3.4200000762939453,3.5299999713897705,1424100,0.0,0.0
2022-04-08 00:00:00-04:00,3.5199999809265137,3.565000057220459,3.4549999237060547,3.4700000286102295,945500,0.0,0.0
2022-04-11 00:00:00-04:00,3.450000047683716,3.630000114440918,3.38100004196167,3.450000047683716,1379300,0.0,0.0
2022-04-12 00:00:00-04:00,3.509999990463257,3.6600000858306885,3.390000104904175,3.4200000762939453,1490300,0.0,0.0
2022-04-13 00:00:00-04:00,3.440000057220459,3.6050000190734863,3.4100000858306885,3.559999942779541,1039100,0.0,0.0
2022-04-14 00:00:00-04:00,3.569999933242798,3.5899999141693115,3.440000057220459,3.5,900000,0.0,0.0
2022-04-18 00:00:00-04:00,3.509999990463257,3.549999952316284,3.299999952316284,3.309999942779541,1337400,0.0,0.0
2022-04-19 00:00:00-04:00,3.3299999237060547,3.640000104904175,3.309999942779541,3.5899999141693115,1360800,0.0,0.0
2022-04-20 00:00:00-04:00,3.5999999046325684,3.619999885559082,3.4749999046325684,3.5,993600,0.0,0.0
2022-04-21 00:00:00-04:00,3.549999952316284,3.5999999046325684,3.2899999618530273,3.309999942779541,856100,0.0,0.0
2022-04-22 00:00:00-04:00,3.299999952316284,3.359999895095825,3.0950000286102295,3.130000114440918,1208100,0.0,0.0
2022-04-25 00:00:00-04:00,3.1700000762939453,3.309999942779541,3.130000114440918,3.299999952316284,1046300,0.0,0.0
2022-04-26 00:00:00-04:00,3.319999933242798,3.3550000190734863,3.069999933242798,3.0799999237060547,1095000,0.0,0.0
2022-04-27 00:00:00-04:00,3.0899999141693115,3.190000057220459,3.055000066757202,3.109999895095825,1153600,0.0,0.0
2022-04-28 00:00:00-04:00,3.119999885559082,3.309999942779541,3.069999933242798,3.2899999618530273,1868100,0.0,0.0
2022-04-29 00:00:00-04:00,3.259999990463257,3.3499999046325684,3.059999942779541,3.0899999141693115,1561600,0.0,0.0
2022-05-02 00:00:00-04:00,3.0799999237060547,3.194999933242798,3.0299999713897705,3.1700000762939453,1699700,0.0,0.0
2022-05-03 00:00:00-04:00,3.140000104904175,3.2200000286102295,3.0250000953674316,3.109999895095825,1074900,0.0,0.0
2022-05-04 00:00:00-04:00,3.119999885559082,3.255000114440918,2.950000047683716,3.2300000190734863,1904000,0.0,0.0
2022-05-05 00:00:00-04:00,3.1700000762939453,3.1700000762939453,2.890000104904175,2.9000000953674316,1707200,0.0,0.0
2022-05-06 00:00:00-04:00,2.9000000953674316,2.9100000858306885,2.690000057220459,2.799999952316284,2277800,0.0,0.0
2022-05-09 00:00:00-04:00,2.7100000381469727,2.740000009536743,2.4700000286102295,2.4800000190734863,2678000,0.0,0.0
2022-05-10 00:00:00-04:00,2.5799999237060547,2.5999999046325684,2.2899999618530273,2.3399999141693115,2463200,0.0,0.0
2022-05-11 00:00:00-04:00,2.299999952316284,2.4100000858306885,2.180000066757202,2.259999990463257,5899800,0.0,0.0
2022-05-12 00:00:00-04:00,2.1500000953674316,2.440000057220459,2.119999885559082,2.3499999046325684,2701100,0.0,0.0
2022-05-13 00:00:00-04:00,2.440000057220459,2.6700000762939453,2.4200000762939453,2.6500000953674316,2568900,0.0,0.0
2022-05-16 00:00:00-04:00,2.6700000762939453,2.6700000762939453,2.505000114440918,2.5299999713897705,1769900,0.0,0.0
2022-05-17 00:00:00-04:00,2.6500000953674316,2.7200000286102295,2.565000057220459,2.640000104904175,1458200,0.0,0.0
2022-05-18 00:00:00-04:00,2.6500000953674316,2.7699999809265137,2.484999895095825,2.5199999809265137,1568200,0.0,0.0
2022-05-19 00:00:00-04:00,2.490000009536743,2.7149999141693115,2.490000009536743,2.6500000953674316,1562500,0.0,0.0
2022-05-20 00:00:00-04:00,2.6700000762939453,2.6989998817443848,2.390000104904175,2.4700000286102295,1556200,0.0,0.0
2022-05-23 00:00:00-04:00,2.5,2.5399999618530273,2.3499999046325684,2.430000066757202,1161400,0.0,0.0
2022-05-24 00:00:00-04:00,2.380000114440918,2.380000114440918,2.2300000190734863,2.259999990463257,1638800,0.0,0.0
2022-05-25 00:00:00-04:00,2.25,2.384999990463257,2.2200000286102295,2.319999933242798,1126400,0.0,0.0
2022-05-26 00:00:00-04:00,2.369999885559082,2.5950000286102295,2.3399999141693115,2.569999933242798,1358600,0.0,0.0
2022-05-27 00:00:00-04:00,2.5999999046325684,2.6649999618530273,2.555000066757202,2.5999999046325684,1847200,0.0,0.0
2022-05-31 00:00:00-04:00,2.7100000381469727,2.75,2.440000057220459,2.5,2913900,0.0,0.0
2022-06-01 00:00:00-04:00,2.319999933242798,2.4000000953674316,2.109999895095825,2.180000066757202,9035800,0.0,0.0
2022-06-02 00:00:00-04:00,2.119999885559082,2.125,1.899999976158142,2.0,8738500,0.0,0.0
2022-06-03 00:00:00-04:00,2.009999990463257,2.0199999809265137,1.7999999523162842,1.8600000143051147,6430600,0.0,0.0
2022-06-06 00:00:00-04:00,1.899999976158142,1.899999976158142,1.6299999952316284,1.6799999475479126,7208300,0.0,0.0
2022-06-07 00:00:00-04:00,1.6399999856948853,1.6399999856948853,1.5099999904632568,1.6299999952316284,9046800,0.0,0.0
2022-06-08 00:00:00-04:00,1.6699999570846558,1.9299999475479126,1.6299999952316284,1.75,7060700,0.0,0.0
2022-06-09 00:00:00-04:00,1.7400000095367432,1.75,1.6299999952316284,1.6399999856948853,2929900,0.0,0.0
2022-06-10 00:00:00-04:00,1.590000033378601,1.6299999952316284,1.5199999809265137,1.5800000429153442,3164600,0.0,0.0
2022-06-13 00:00:00-04:00,1.4900000095367432,1.5420000553131104,1.409999966621399,1.4199999570846558,3564600,0.0,0.0
2022-06-14 00:00:00-04:00,1.4299999475479126,1.4700000286102295,1.399999976158142,1.4500000476837158,1842300,0.0,0.0
2022-06-15 00:00:00-04:00,1.5,1.524999976158142,1.409999966621399,1.4600000381469727,3537800,0.0,0.0
2022-06-16 00:00:00-04:00,1.4299999475479126,1.4800000190734863,1.2999999523162842,1.340000033378601,3431200,0.0,0.0
2022-06-17 00:00:00-04:00,1.3600000143051147,1.5,1.3550000190734863,1.4600000381469727,2559900,0.0,0.0
2022-06-21 00:00:00-04:00,1.5,1.559999942779541,1.4600000381469727,1.4800000190734863,2391500,0.0,0.0
2022-06-22 00:00:00-04:00,1.4700000286102295,1.5800000429153442,1.4500000476837158,1.4600000381469727,2149700,0.0,0.0
2022-06-23 00:00:00-04:00,1.4600000381469727,1.559999942779541,1.4500000476837158,1.5199999809265137,1792200,0.0,0.0
2022-06-24 00:00:00-04:00,1.5399999618530273,1.5800000429153442,1.4850000143051147,1.4900000095367432,8229600,0.0,0.0
2022-06-27 00:00:00-04:00,1.4800000190734863,1.600000023841858,1.4800000190734863,1.5499999523162842,2951900,0.0,0.0
2022-06-28 00:00:00-04:00,1.5,1.5700000524520874,1.409999966621399,1.4199999570846558,2349500,0.0,0.0
2022-06-29 00:00:00-04:00,1.4299999475479126,1.4299999475479126,1.340000033378601,1.3700000047683716,2155100,0.0,0.0
2022-06-30 00:00:00-04:00,1.3300000429153442,1.3600000143051147,1.2799999713897705,1.2799999713897705,5314300,0.0,0.0
2022-07-01 00:00:00-04:00,1.2999999523162842,1.402999997138977,1.2999999523162842,1.350000023841858,1098000,0.0,0.0
2022-07-05 00:00:00-04:00,1.3200000524520874,1.3899999856948853,1.309999942779541,1.3799999952316284,1171200,0.0,0.0
2022-07-06 00:00:00-04:00,1.3700000047683716,1.440000057220459,1.3200000524520874,1.3300000429153442,1385200,0.0,0.0
2022-07-07 00:00:00-04:00,1.350000023841858,1.4299999475479126,1.340000033378601,1.409999966621399,902500,0.0,0.0
2022-07-08 00:00:00-04:00,1.3899999856948853,1.4299999475479126,1.3600000143051147,1.3799999952316284,891300,0.0,0.0
2022-07-11 00:00:00-04:00,1.3600000143051147,1.3880000114440918,1.2999999523162842,1.2999999523162842,973600,0.0,0.0
2022-07-12 00:00:00-04:00,1.3300000429153442,1.3600000143051147,1.2899999618530273,1.350000023841858,817200,0.0,0.0
2022-07-13 00:00:00-04:00,1.2899999618530273,1.3799999952316284,1.2699999809265137,1.3600000143051147,1026100,0.0,0.0
2022-07-14 00:00:00-04:00,1.3600000143051147,1.378000020980835,1.309999942779541,1.340000033378601,844200,0.0,0.0
2022-07-15 00:00:00-04:00,1.3799999952316284,1.409999966621399,1.340000033378601,1.3899999856948853,840200,0.0,0.0
2022-07-18 00:00:00-04:00,1.4199999570846558,1.4800000190734863,1.409999966621399,1.4199999570846558,903800,0.0,0.0
2022-07-19 00:00:00-04:00,1.4500000476837158,1.4900000095367432,1.4199999570846558,1.4500000476837158,927200,0.0,0.0
2022-07-20 00:00:00-04:00,1.4500000476837158,1.4900000095367432,1.4500000476837158,1.4700000286102295,1176000,0.0,0.0
2022-07-21 00:00:00-04:00,1.4700000286102295,1.4850000143051147,1.440000057220459,1.4700000286102295,751500,0.0,0.0
2022-07-22 00:00:00-04:00,1.4700000286102295,1.5099999904632568,1.350000023841858,1.3799999952316284,1263400,0.0,0.0
2022-07-25 00:00:00-04:00,1.3700000047683716,1.3899999856948853,1.3250000476837158,1.3600000143051147,1005100,0.0,0.0
2022-07-26 00:00:00-04:00,1.3600000143051147,1.3600000143051147,1.25,1.2599999904632568,3108700,0.0,0.0
2022-07-27 00:00:00-04:00,1.2899999618530273,1.3899999856948853,1.2799999713897705,1.3899999856948853,2003300,0.0,0.0
2022-07-28 00:00:00-04:00,1.4600000381469727,1.468999981880188,1.3550000190734863,1.4299999475479126,1171800,0.0,0.0
2022-07-29 00:00:00-04:00,1.409999966621399,1.4450000524520874,1.3799999952316284,1.4299999475479126,1034300,0.0,0.0
2022-08-01 00:00:00-04:00,1.409999966621399,1.5099999904632568,1.3799999952316284,1.4900000095367432,920500,0.0,0.0
2022-08-02 00:00:00-04:00,1.5,1.5800000429153442,1.4800000190734863,1.559999942779541,940500,0.0,0.0
2022-08-03 00:00:00-04:00,1.6100000143051147,1.6399999856948853,1.5420000553131104,1.600000023841858,1242900,0.0,0.0
2022-08-04 00:00:00-04:00,1.6100000143051147,1.690000057220459,1.559999942779541,1.5800000429153442,1046300,0.0,0.0
2022-08-05 00:00:00-04:00,1.6399999856948853,1.7300000190734863,1.5499999523162842,1.7100000381469727,1253300,0.0,0.0
2022-08-08 00:00:00-04:00,1.7699999809265137,1.8200000524520874,1.7200000286102295,1.75,2388700,0.0,0.0
2022-08-09 00:00:00-04:00,1.7599999904632568,1.809999942779541,1.649999976158142,1.7699999809265137,3773200,0.0,0.0
2022-08-10 00:00:00-04:00,2.140000104904175,2.2899999618530273,1.8799999952316284,2.140000104904175,6612800,0.0,0.0
2022-08-11 00:00:00-04:00,2.1700000762939453,2.359999895095825,2.0999999046325684,2.180000066757202,3562700,0.0,0.0
2022-08-12 00:00:00-04:00,2.190000057220459,2.380000114440918,2.140000104904175,2.380000114440918,2626300,0.0,0.0
2022-08-15 00:00:00-04:00,2.3499999046325684,2.549999952316284,2.299999952316284,2.5199999809265137,2880400,0.0,0.0
2022-08-16 00:00:00-04:00,2.450000047683716,2.740000009536743,2.3299999237060547,2.700000047683716,3331300,0.0,0.0
2022-08-17 00:00:00-04:00,2.630000114440918,2.640000104904175,2.4100000858306885,2.609999895095825,2747400,0.0,0.0
2022-08-18 00:00:00-04:00,2.609999895095825,2.640000104904175,2.430000066757202,2.4700000286102295,1287000,0.0,0.0
2022-08-19 00:00:00-04:00,2.4000000953674316,2.440000057220459,2.1549999713897705,2.309999942779541,1934300,0.0,0.0
2022-08-22 00:00:00-04:00,2.319999933242798,2.440000057220459,2.2899999618530273,2.319999933242798,1817600,0.0,0.0
2022-08-23 00:00:00-04:00,2.369999885559082,2.4000000953674316,2.2899999618530273,2.3499999046325684,1121300,0.0,0.0
2022-08-24 00:00:00-04:00,2.359999895095825,2.619999885559082,2.319999933242798,2.5999999046325684,2209100,0.0,0.0
2022-08-25 00:00:00-04:00,2.6500000953674316,2.7100000381469727,2.4600000381469727,2.490000009536743,1885600,0.0,0.0
2022-08-26 00:00:00-04:00,2.5,2.515000104904175,2.359999895095825,2.380000114440918,1027100,0.0,0.0
2022-08-29 00:00:00-04:00,2.309999942779541,2.5,2.309999942779541,2.430000066757202,1409700,0.0,0.0
2022-08-30 00:00:00-04:00,2.430000066757202,2.505000114440918,2.234999895095825,2.2699999809265137,1816200,0.0,0.0
2022-08-31 00:00:00-04:00,2.2899999618530273,2.4049999713897705,2.2899999618530273,2.319999933242798,1703400,0.0,0.0
2022-09-01 00:00:00-04:00,2.299999952316284,2.299999952316284,2.059999942779541,2.069999933242798,3249400,0.0,0.0
2022-09-02 00:00:00-04:00,2.130000114440918,2.1600000858306885,2.0199999809265137,2.0299999713897705,1550000,0.0,0.0
2022-09-06 00:00:00-04:00,2.0399999618530273,2.1050000190734863,1.8799999952316284,1.8899999856948853,2807500,0.0,0.0
2022-09-07 00:00:00-04:00,1.8799999952316284,1.9950000047683716,1.8600000143051147,1.9800000190734863,2109100,0.0,0.0
2022-09-08 00:00:00-04:00,1.909999966621399,2.1549999713897705,1.909999966621399,2.140000104904175,1744100,0.0,0.0
2022-09-09 00:00:00-04:00,2.180000066757202,2.2049999237060547,2.119999885559082,2.140000104904175,1081200,0.0,0.0
2022-09-12 00:00:00-04:00,2.1600000858306885,2.244999885559082,2.130000114440918,2.180000066757202,913900,0.0,0.0
2022-09-13 00:00:00-04:00,2.0999999046325684,2.140000104904175,2.0450000762939453,2.049999952316284,1341100,0.0,0.0
2022-09-14 00:00:00-04:00,2.049999952316284,2.0999999046325684,1.9900000095367432,2.0799999237060547,1173200,0.0,0.0
2022-09-15 00:00:00-04:00,2.059999942779541,2.125,1.9550000429153442,1.9900000095367432,1422400,0.0,0.0
2022-09-16 00:00:00-04:00,1.9299999475479126,1.940000057220459,1.8200000524520874,1.8300000429153442,9115600,0.0,0.0
2022-09-19 00:00:00-04:00,1.7999999523162842,1.850000023841858,1.7599999904632568,1.7699999809265137,1364000,0.0,0.0
2022-09-20 00:00:00-04:00,1.7599999904632568,1.840000033378601,1.7400000095367432,1.75,962800,0.0,0.0
2022-09-21 00:00:00-04:00,1.7699999809265137,1.8799999952316284,1.7400000095367432,1.7799999713897705,1603400,0.0,0.0
2022-09-22 00:00:00-04:00,1.8300000429153442,1.8600000143051147,1.7200000286102295,1.8200000524520874,2258300,0.0,0.0
2022-09-23 00:00:00-04:00,1.7699999809265137,1.850000023841858,1.7300000190734863,1.8300000429153442,1371700,0.0,0.0
2022-09-26 00:00:00-04:00,1.850000023841858,1.940000057220459,1.7949999570846558,1.8300000429153442,1154700,0.0,0.0
2022-09-27 00:00:00-04:00,1.899999976158142,1.940000057220459,1.850000023841858,1.9199999570846558,1421300,0.0,0.0
2022-09-28 00:00:00-04:00,1.909999966621399,1.9900000095367432,1.8700000047683716,1.940000057220459,1435600,0.0,0.0
2022-09-29 00:00:00-04:00,1.9199999570846558,1.9249999523162842,1.784999966621399,1.840000033378601,940300,0.0,0.0
2022-09-30 00:00:00-04:00,1.850000023841858,1.9199999570846558,1.8049999475479126,1.8200000524520874,1606200,0.0,0.0
2022-10-03 00:00:00-04:00,1.8300000429153442,1.8799999952316284,1.7450000047683716,1.840000033378601,1493300,0.0,0.0
2022-10-04 00:00:00-04:00,1.8899999856948853,1.9500000476837158,1.7999999523162842,1.840000033378601,1922700,0.0,0.0
2022-10-05 00:00:00-04:00,1.840000033378601,1.9450000524520874,1.7699999809265137,1.8300000429153442,1209400,0.0,0.0
2022-10-06 00:00:00-04:00,1.809999942779541,1.8880000114440918,1.809999942779541,1.8799999952316284,770000,0.0,0.0
2022-10-07 00:00:00-04:00,1.809999942779541,1.9299999475479126,1.7599999904632568,1.809999942779541,1084300,0.0,0.0
2022-10-10 00:00:00-04:00,1.8200000524520874,1.8200000524520874,1.7000000476837158,1.7200000286102295,812600,0.0,0.0
2022-10-11 00:00:00-04:00,1.7000000476837158,1.75,1.6699999570846558,1.7300000190734863,1376400,0.0,0.0
2022-10-12 00:00:00-04:00,1.7200000286102295,1.8209999799728394,1.7000000476837158,1.7599999904632568,1640100,0.0,0.0
2022-10-13 00:00:00-04:00,1.6799999475479126,1.7599999904632568,1.6799999475479126,1.7300000190734863,1186200,0.0,0.0
2022-10-14 00:00:00-04:00,1.7799999713897705,1.7899999618530273,1.6699999570846558,1.6799999475479126,976700,0.0,0.0
2022-10-17 00:00:00-04:00,1.7400000095367432,1.75,1.7100000381469727,1.7400000095367432,875300,0.0,0.0
2022-10-18 00:00:00-04:00,1.7899999618530273,1.8300000429153442,1.7000000476837158,1.7300000190734863,860400,0.0,0.0
2022-10-19 00:00:00-04:00,1.7100000381469727,1.7300000190734863,1.649999976158142,1.7300000190734863,1450800,0.0,0.0
2022-10-20 00:00:00-04:00,1.7400000095367432,1.7649999856948853,1.6399999856948853,1.649999976158142,1026800,0.0,0.0
2022-10-21 00:00:00-04:00,1.649999976158142,1.6699999570846558,1.600000023841858,1.649999976158142,909300,0.0,0.0
2022-10-24 00:00:00-04:00,1.6399999856948853,1.6399999856948853,1.5709999799728394,1.6100000143051147,676600,0.0,0.0
2022-10-25 00:00:00-04:00,1.6100000143051147,1.75,1.6100000143051147,1.75,1236900,0.0,0.0
2022-10-26 00:00:00-04:00,1.7300000190734863,1.8200000524520874,1.7300000190734863,1.809999942779541,1032600,0.0,0.0
2022-10-27 00:00:00-04:00,1.7899999618530273,1.8600000143051147,1.7899999618530273,1.8200000524520874,672400,0.0,0.0
2022-10-28 00:00:00-04:00,1.8300000429153442,1.8650000095367432,1.7549999952316284,1.850000023841858,577700,0.0,0.0
2022-10-31 00:00:00-04:00,1.8600000143051147,1.8700000047683716,1.7799999713897705,1.8300000429153442,733900,0.0,0.0
2022-11-01 00:00:00-04:00,1.8799999952316284,1.9800000190734863,1.850000023841858,1.8700000047683716,1014200,0.0,0.0
2022-11-02 00:00:00-04:00,1.840000033378601,1.875,1.7450000047683716,1.7699999809265137,1046300,0.0,0.0
2022-11-03 00:00:00-04:00,1.7400000095367432,1.7949999570846558,1.725000023841858,1.7400000095367432,572400,0.0,0.0
2022-11-04 00:00:00-04:00,1.7999999523162842,1.7999999523162842,1.7100000381469727,1.75,615100,0.0,0.0
2022-11-07 00:00:00-05:00,1.7400000095367432,1.7799999713897705,1.659999966621399,1.7100000381469727,827500,0.0,0.0
2022-11-08 00:00:00-05:00,1.7400000095367432,1.7899999618530273,1.6649999618530273,1.7799999713897705,981700,0.0,0.0
2022-11-09 00:00:00-05:00,1.7599999904632568,1.7699999809265137,1.600000023841858,1.6399999856948853,1198000,0.0,0.0
2022-11-10 00:00:00-05:00,1.7699999809265137,1.7899999618530273,1.659999966621399,1.6799999475479126,1381600,0.0,0.0
2022-11-11 00:00:00-05:00,1.7200000286102295,1.7200000286102295,1.6299999952316284,1.649999976158142,1489300,0.0,0.0
2022-11-14 00:00:00-05:00,1.649999976158142,1.7400000095367432,1.649999976158142,1.7000000476837158,1814200,0.0,0.0
2022-11-15 00:00:00-05:00,1.7699999809265137,1.8899999856948853,1.7400000095367432,1.8899999856948853,2136500,0.0,0.0
2022-11-16 00:00:00-05:00,1.8700000047683716,1.909999966621399,1.8350000381469727,1.8799999952316284,1134200,0.0,0.0
2022-11-17 00:00:00-05:00,1.8600000143051147,1.8600000143051147,1.774999976158142,1.8300000429153442,1192400,0.0,0.0
2022-11-18 00:00:00-05:00,1.8700000047683716,1.8799999952316284,1.7200000286102295,1.7699999809265137,1561400,0.0,0.0
2022-11-21 00:00:00-05:00,1.809999942779541,1.8300000429153442,1.7599999904632568,1.7799999713897705,1479900,0.0,0.0
2022-11-22 00:00:00-05:00,1.7799999713897705,1.7899999618530273,1.6699999570846558,1.6699999570846558,952600,0.0,0.0
2022-11-23 00:00:00-05:00,1.690000057220459,1.7100000381469727,1.600000023841858,1.6100000143051147,1035300,0.0,0.0
2022-11-25 00:00:00-05:00,1.649999976158142,1.649999976158142,1.5700000524520874,1.5800000429153442,388700,0.0,0.0
2022-11-28 00:00:00-05:00,1.6200000047683716,1.6349999904632568,1.5499999523162842,1.559999942779541,722800,0.0,0.0
2022-11-29 00:00:00-05:00,1.559999942779541,1.5700000524520874,1.5299999713897705,1.5399999618530273,571600,0.0,0.0
2022-11-30 00:00:00-05:00,1.5800000429153442,1.6699999570846558,1.5399999618530273,1.659999966621399,1047000,0.0,0.0
2022-12-01 00:00:00-05:00,1.659999966621399,1.7400000095367432,1.6200000047683716,1.7000000476837158,776500,0.0,0.0
2022-12-02 00:00:00-05:00,1.6399999856948853,1.7599999904632568,1.6200000047683716,1.7300000190734863,853500,0.0,0.0
2022-12-05 00:00:00-05:00,1.7200000286102295,1.7599999904632568,1.5800000429153442,1.590000033378601,655500,0.0,0.0
2022-12-06 00:00:00-05:00,1.600000023841858,1.6100000143051147,1.5,1.5,794300,0.0,0.0
2022-12-07 00:00:00-05:00,1.5,1.5399999618530273,1.4800000190734863,1.5099999904632568,686500,0.0,0.0
2022-12-08 00:00:00-05:00,1.590000033378601,1.6399999856948853,1.5499999523162842,1.590000033378601,802700,0.0,0.0
2022-12-09 00:00:00-05:00,1.5700000524520874,1.5700000524520874,1.524999976158142,1.5499999523162842,490900,0.0,0.0
2022-12-12 00:00:00-05:00,1.5399999618530273,1.5499999523162842,1.5149999856948853,1.5399999618530273,563600,0.0,0.0
2022-12-13 00:00:00-05:00,1.6399999856948853,1.6799999475479126,1.5850000381469727,1.6100000143051147,1108900,0.0,0.0
2022-12-14 00:00:00-05:00,1.600000023841858,1.6100000143051147,1.5449999570846558,1.5700000524520874,605600,0.0,0.0
2022-12-15 00:00:00-05:00,1.5499999523162842,1.565000057220459,1.4500000476837158,1.4900000095367432,1053900,0.0,0.0
2022-12-16 00:00:00-05:00,1.4900000095367432,1.5299999713897705,1.4199999570846558,1.4299999475479126,1587900,0.0,0.0
2022-12-19 00:00:00-05:00,1.4500000476837158,1.5190000534057617,1.409999966621399,1.440000057220459,837300,0.0,0.0
2022-12-20 00:00:00-05:00,1.409999966621399,1.5,1.409999966621399,1.4600000381469727,685700,0.0,0.0
2022-12-21 00:00:00-05:00,1.4800000190734863,1.5,1.399999976158142,1.399999976158142,863100,0.0,0.0
2022-12-22 00:00:00-05:00,1.399999976158142,1.4700000286102295,1.3700000047683716,1.4600000381469727,713900,0.0,0.0
2022-12-23 00:00:00-05:00,1.4299999475479126,1.4600000381469727,1.399999976158142,1.4199999570846558,540500,0.0,0.0
2022-12-27 00:00:00-05:00,1.4199999570846558,1.4299999475479126,1.3600000143051147,1.399999976158142,686600,0.0,0.0
2022-12-28 00:00:00-05:00,1.3899999856948853,1.4299999475479126,1.3700000047683716,1.3799999952316284,684500,0.0,0.0
2022-12-29 00:00:00-05:00,1.399999976158142,1.5199999809265137,1.3940000534057617,1.4800000190734863,756600,0.0,0.0
2022-12-30 00:00:00-05:00,1.4800000190734863,1.5199999809265137,1.440000057220459,1.4900000095367432,614400,0.0,0.0
2023-01-03 00:00:00-05:00,1.4900000095367432,1.5700000524520874,1.4550000429153442,1.5399999618530273,912600,0.0,0.0
2023-01-04 00:00:00-05:00,1.5499999523162842,1.6349999904632568,1.5399999618530273,1.5800000429153442,1022900,0.0,0.0
2023-01-05 00:00:00-05:00,1.600000023841858,1.6399999856948853,1.590000033378601,1.6299999952316284,719900,0.0,0.0
2023-01-06 00:00:00-05:00,1.600000023841858,1.6699999570846558,1.590000033378601,1.659999966621399,518300,0.0,0.0
2023-01-09 00:00:00-05:00,1.6799999475479126,1.7200000286102295,1.6100000143051147,1.649999976158142,679000,0.0,0.0
2023-01-10 00:00:00-05:00,1.659999966621399,2.015000104904175,1.649999976158142,1.9900000095367432,2352400,0.0,0.0
2023-01-11 00:00:00-05:00,1.9900000095367432,2.140000104904175,1.9149999618530273,2.0399999618530273,2187400,0.0,0.0
2023-01-12 00:00:00-05:00,2.069999933242798,2.1600000858306885,1.9900000095367432,2.1500000953674316,1101800,0.0,0.0
2023-01-13 00:00:00-05:00,2.109999895095825,2.130000114440918,1.9199999570846558,1.9299999475479126,1452100,0.0,0.0
2023-01-17 00:00:00-05:00,1.9500000476837158,1.9800000190734863,1.840000033378601,1.909999966621399,1071800,0.0,0.0
2023-01-18 00:00:00-05:00,1.9600000381469727,1.9800000190734863,1.7999999523162842,1.809999942779541,954800,0.0,0.0
2023-01-19 00:00:00-05:00,1.7999999523162842,1.8600000143051147,1.7699999809265137,1.850000023841858,567500,0.0,0.0
2023-01-20 00:00:00-05:00,1.909999966621399,1.9249999523162842,1.7999999523162842,1.8700000047683716,1368400,0.0,0.0
2023-01-23 00:00:00-05:00,1.8700000047683716,1.8899999856948853,1.840000033378601,1.8700000047683716,791500,0.0,0.0
2023-01-24 00:00:00-05:00,1.8899999856948853,1.909999966621399,1.840000033378601,1.8600000143051147,591600,0.0,0.0
2023-01-25 00:00:00-05:00,1.840000033378601,1.9199999570846558,1.840000033378601,1.909999966621399,419800,0.0,0.0
2023-01-26 00:00:00-05:00,1.940000057220459,2.009999990463257,1.9199999570846558,1.9900000095367432,646900,0.0,0.0
2023-01-27 00:00:00-05:00,1.9800000190734863,2.069999933242798,1.9500000476837158,2.0399999618530273,675600,0.0,0.0
2023-01-30 00:00:00-05:00,2.0399999618530273,2.0799999237060547,1.9600000381469727,1.9600000381469727,839200,0.0,0.0
2023-01-31 00:00:00-05:00,1.9600000381469727,2.0399999618530273,1.9600000381469727,2.009999990463257,485500,0.0,0.0
2023-02-01 00:00:00-05:00,2.0399999618530273,2.130000114440918,1.9700000286102295,2.109999895095825,717300,0.0,0.0
2023-02-02 00:00:00-05:00,2.130000114440918,2.2899999618530273,2.1050000190734863,2.190000057220459,1626900,0.0,0.0
2023-02-03 00:00:00-05:00,2.1500000953674316,2.2300000190734863,2.119999885559082,2.140000104904175,788900,0.0,0.0
2023-02-06 00:00:00-05:00,2.140000104904175,2.1500000953674316,2.0350000858306885,2.059999942779541,599900,0.0,0.0
2023-02-07 00:00:00-05:00,2.049999952316284,2.065000057220459,1.9500000476837158,2.0199999809265137,885600,0.0,0.0
2023-02-08 00:00:00-05:00,2.0299999713897705,2.059999942779541,1.965000033378601,2.0299999713897705,731600,0.0,0.0
2023-02-09 00:00:00-05:00,2.059999942779541,2.0899999141693115,1.940000057220459,1.9600000381469727,1233800,0.0,0.0
2023-02-10 00:00:00-05:00,1.8200000524520874,1.850000023841858,1.4299999475479126,1.5299999713897705,6104500,0.0,0.0
2023-02-13 00:00:00-05:00,1.5499999523162842,1.5499999523162842,1.399999976158142,1.409999966621399,2967900,0.0,0.0
2023-02-14 00:00:00-05:00,1.399999976158142,1.409999966621399,1.350000023841858,1.3899999856948853,1829000,0.0,0.0
2023-02-15 00:00:00-05:00,1.350000023841858,1.4600000381469727,1.350000023841858,1.4500000476837158,1401400,0.0,0.0
2023-02-16 00:00:00-05:00,1.5099999904632568,1.7100000381469727,1.5,1.5700000524520874,3047300,0.0,0.0
2023-02-17 00:00:00-05:00,1.590000033378601,1.6299999952316284,1.5099999904632568,1.5499999523162842,1790100,0.0,0.0
2023-02-21 00:00:00-05:00,1.5299999713897705,1.600000023841858,1.3899999856948853,1.399999976158142,1525900,0.0,0.0
2023-02-22 00:00:00-05:00,1.409999966621399,1.440000057220459,1.399999976158142,1.399999976158142,700700,0.0,0.0
2023-02-23 00:00:00-05:00,1.440000057220459,1.4500000476837158,1.350000023841858,1.3799999952316284,1142600,0.0,0.0
2023-02-24 00:00:00-05:00,1.350000023841858,1.409999966621399,1.340000033378601,1.3799999952316284,1070700,0.0,0.0
2023-02-27 00:00:00-05:00,1.409999966621399,1.440000057220459,1.3799999952316284,1.3799999952316284,1059000,0.0,0.0
2023-02-28 00:00:00-05:00,1.3899999856948853,1.399999976158142,1.3309999704360962,1.350000023841858,2976500,0.0,0.0
2023-03-01 00:00:00-05:00,1.350000023841858,1.3600000143051147,1.3200000524520874,1.340000033378601,1548800,0.0,0.0
2023-03-02 00:00:00-05:00,1.3200000524520874,1.3550000190734863,1.309999942779541,1.350000023841858,2055700,0.0,0.0
2023-03-03 00:00:00-05:00,1.350000023841858,1.3680000305175781,1.3350000381469727,1.340000033378601,1048000,0.0,0.0
2023-03-06 00:00:00-05:00,1.350000023841858,1.3799999952316284,1.3200000524520874,1.340000033378601,1354600,0.0,0.0
2023-03-07 00:00:00-05:00,1.399999976158142,1.4199999570846558,1.309999942779541,1.309999942779541,1088500,0.0,0.0
2023-03-08 00:00:00-05:00,1.3200000524520874,1.3300000429153442,1.2899999618530273,1.2999999523162842,899300,0.0,0.0
2023-03-09 00:00:00-05:00,1.2799999713897705,1.2999999523162842,1.2300000190734863,1.2300000190734863,1397900,0.0,0.0
2023-03-10 00:00:00-05:00,1.2400000095367432,1.2400000095367432,1.1699999570846558,1.1799999475479126,1280000,0.0,0.0
2023-03-13 00:00:00-04:00,1.190000057220459,1.190000057220459,1.1100000143051147,1.159999966621399,2248500,0.0,0.0
2023-03-14 00:00:00-04:00,1.190000057220459,1.2000000476837158,1.100000023841858,1.1100000143051147,2603800,0.0,0.0
2023-03-15 00:00:00-04:00,1.1100000143051147,1.1399999856948853,1.0800000429153442,1.1100000143051147,1521200,0.0,0.0
2023-03-16 00:00:00-04:00,1.1100000143051147,1.2000000476837158,1.1100000143051147,1.190000057220459,2529700,0.0,0.0
2023-03-17 00:00:00-04:00,1.2000000476837158,1.2899999618530273,1.1799999475479126,1.25,3467900,0.0,0.0
2023-03-20 00:00:00-04:00,1.2400000095367432,1.2699999809265137,1.2100000381469727,1.2200000286102295,1129900,0.0,0.0
2023-03-21 00:00:00-04:00,1.25,1.2799999713897705,1.215000033378601,1.2799999713897705,1200200,0.0,0.0
2023-03-22 00:00:00-04:00,1.2699999809265137,1.3200000524520874,1.2699999809265137,1.2899999618530273,757800,0.0,0.0
2023-03-23 00:00:00-04:00,1.3200000524520874,1.3300000429153442,1.25,1.2699999809265137,594100,0.0,0.0
2023-03-24 00:00:00-04:00,1.2400000095367432,1.2699999809265137,1.2300000190734863,1.25,490400,0.0,0.0
2023-03-27 00:00:00-04:00,1.2999999523162842,1.2999999523162842,1.2300000190734863,1.2300000190734863,531900,0.0,0.0
2023-03-28 00:00:00-04:00,1.2799999713897705,1.350000023841858,1.2649999856948853,1.340000033378601,1186500,0.0,0.0
2023-03-29 00:00:00-04:00,1.350000023841858,1.409999966621399,1.309999942779541,1.399999976158142,1088800,0.0,0.0
2023-03-30 00:00:00-04:00,1.409999966621399,1.4299999475479126,1.3899999856948853,1.4199999570846558,802900,0.0,0.0
2023-03-31 00:00:00-04:00,1.4299999475479126,1.4600000381469727,1.3899999856948853,1.4500000476837158,772800,0.0,0.0
2023-04-03 00:00:00-04:00,1.440000057220459,1.4500000476837158,1.3799999952316284,1.4500000476837158,807900,0.0,0.0
2023-04-04 00:00:00-04:00,1.440000057220459,1.4500000476837158,1.3200000524520874,1.3300000429153442,680900,0.0,0.0
2023-04-05 00:00:00-04:00,1.3300000429153442,1.3300000429153442,1.2200000286102295,1.2200000286102295,1162800,0.0,0.0
2023-04-06 00:00:00-04:00,1.2400000095367432,1.2400000095367432,1.2100000381469727,1.2200000286102295,575400,0.0,0.0
2023-04-10 00:00:00-04:00,1.2000000476837158,1.25,1.1799999475479126,1.2400000095367432,1156400,0.0,0.0
2023-04-11 00:00:00-04:00,1.2599999904632568,1.2899999618530273,1.2000000476837158,1.25,512300,0.0,0.0
2023-04-12 00:00:00-04:00,1.2599999904632568,1.2699999809265137,1.215000033378601,1.2200000286102295,433200,0.0,0.0
2023-04-13 00:00:00-04:00,1.2200000286102295,1.2599999904632568,1.2000000476837158,1.2400000095367432,385600,0.0,0.0
2023-04-14 00:00:00-04:00,1.2300000190734863,1.2599999904632568,1.2200000286102295,1.2300000190734863,380900,0.0,0.0
2023-04-17 00:00:00-04:00,1.2699999809265137,1.2699999809265137,1.2100000381469727,1.2100000381469727,533600,0.0,0.0
2023-04-18 00:00:00-04:00,1.2200000286102295,1.2799999713897705,1.2000000476837158,1.2200000286102295,482000,0.0,0.0
2023-04-19 00:00:00-04:00,1.2100000381469727,1.2200000286102295,1.1699999570846558,1.190000057220459,919400,0.0,0.0
2023-04-20 00:00:00-04:00,1.190000057220459,1.1950000524520874,1.1399999856948853,1.149999976158142,985400,0.0,0.0
2023-04-21 00:00:00-04:00,1.149999976158142,1.159999966621399,1.1299999952316284,1.1299999952316284,506600,0.0,0.0
2023-04-24 00:00:00-04:00,1.1399999856948853,1.1699999570846558,1.100000023841858,1.1299999952316284,734100,0.0,0.0
2023-04-25 00:00:00-04:00,1.1200000047683716,1.1200000047683716,1.0800000429153442,1.1100000143051147,1263500,0.0,0.0
2023-04-26 00:00:00-04:00,1.1100000143051147,1.1200000047683716,1.090000033378601,1.100000023841858,659300,0.0,0.0
2023-04-27 00:00:00-04:00,1.100000023841858,1.1100000143051147,1.090000033378601,1.1100000143051147,461000,0.0,0.0
2023-04-28 00:00:00-04:00,1.090000033378601,1.1100000143051147,1.0800000429153442,1.100000023841858,550900,0.0,0.0
2023-05-01 00:00:00-04:00,1.059999942779541,1.1100000143051147,1.059999942779541,1.0800000429153442,820500,0.0,0.0
2023-05-02 00:00:00-04:00,1.100000023841858,1.100000023841858,1.0299999713897705,1.0399999618530273,1386900,0.0,0.0
2023-05-03 00:00:00-04:00,1.0399999618530273,1.0549999475479126,1.0099999904632568,1.0099999904632568,993900,0.0,0.0
2023-05-04 00:00:00-04:00,1.0099999904632568,1.0199999809265137,1.0,1.0199999809265137,3712900,0.0,0.0
2023-05-05 00:00:00-04:00,1.0499999523162842,1.0800000429153442,1.0,1.0199999809265137,1626300,0.0,0.0
2023-05-08 00:00:00-04:00,1.0199999809265137,1.100000023841858,1.0199999809265137,1.090000033378601,974600,0.0,0.0
2023-05-09 00:00:00-04:00,1.100000023841858,1.100000023841858,1.059999942779541,1.0800000429153442,351700,0.0,0.0
2023-05-10 00:00:00-04:00,1.1200000047683716,1.1200000047683716,1.090000033378601,1.1100000143051147,498600,0.0,0.0
2023-05-11 00:00:00-04:00,1.090000033378601,1.1200000047683716,1.0700000524520874,1.0800000429153442,432400,0.0,0.0
2023-05-12 00:00:00-04:00,1.0800000429153442,1.1200000047683716,1.0499999523162842,1.059999942779541,471600,0.0,0.0
2023-05-15 00:00:00-04:00,1.059999942779541,1.0700000524520874,1.0399999618530273,1.0700000524520874,428700,0.0,0.0
2023-05-16 00:00:00-04:00,1.0700000524520874,1.0800000429153442,1.0399999618530273,1.0499999523162842,640100,0.0,0.0
2023-05-17 00:00:00-04:00,1.0499999523162842,1.0800000429153442,1.0199999809265137,1.0700000524520874,575900,0.0,0.0
2023-05-18 00:00:00-04:00,1.0700000524520874,1.149999976158142,1.065000057220459,1.149999976158142,583800,0.0,0.0
2023-05-19 00:00:00-04:00,1.159999966621399,1.1799999475479126,1.149999976158142,1.159999966621399,522100,0.0,0.0
2023-05-22 00:00:00-04:00,1.1699999570846558,1.3279999494552612,1.1399999856948853,1.25,1967000,0.0,0.0
2023-05-23 00:00:00-04:00,1.2699999809265137,1.2899999618530273,1.2200000286102295,1.2400000095367432,468500,0.0,0.0
2023-05-24 00:00:00-04:00,1.2100000381469727,1.25,1.2000000476837158,1.2200000286102295,585400,0.0,0.0
2023-05-25 00:00:00-04:00,1.2100000381469727,1.2599999904632568,1.159999966621399,1.1699999570846558,561000,0.0,0.0
2023-05-26 00:00:00-04:00,1.2000000476837158,1.2000000476837158,1.1100000143051147,1.1299999952316284,993500,0.0,0.0
2023-05-30 00:00:00-04:00,1.159999966621399,1.1799999475479126,1.090000033378601,1.100000023841858,696900,0.0,0.0
2023-05-31 00:00:00-04:00,1.1100000143051147,1.1150000095367432,1.0,1.0399999618530273,2631200,0.0,0.0
2023-06-01 00:00:00-04:00,1.0800000429153442,1.0800000429153442,1.0099999904632568,1.059999942779541,2206400,0.0,0.0
2023-06-02 00:00:00-04:00,1.0800000429153442,1.1399999856948853,1.0299999713897705,1.1399999856948853,2802700,0.0,0.0
2023-06-05 00:00:00-04:00,1.1299999952316284,1.1299999952316284,1.0099999904632568,1.100000023841858,1175100,0.0,0.0
2023-06-06 00:00:00-04:00,1.059999942779541,1.1089999675750732,1.0499999523162842,1.100000023841858,897500,0.0,0.0
2023-06-07 00:00:00-04:00,1.0700000524520874,1.1100000143051147,1.059999942779541,1.0800000429153442,1055200,0.0,0.0
2023-06-08 00:00:00-04:00,1.1299999952316284,1.149999976158142,1.0800000429153442,1.1399999856948853,1622800,0.0,0.0
2023-06-09 00:00:00-04:00,1.149999976158142,1.3799999952316284,1.149999976158142,1.3700000047683716,2527100,0.0,0.0
2023-06-12 00:00:00-04:00,1.3700000047683716,1.4700000286102295,1.2999999523162842,1.3799999952316284,2638900,0.0,0.0
2023-06-13 00:00:00-04:00,1.399999976158142,1.5299999713897705,1.3799999952316284,1.5,2307100,0.0,0.0
2023-06-14 00:00:00-04:00,1.5,1.5199999809265137,1.340000033378601,1.409999966621399,1502900,0.0,0.0
2023-06-15 00:00:00-04:00,1.399999976158142,1.399999976158142,1.309999942779541,1.3899999856948853,880100,0.0,0.0
2023-06-16 00:00:00-04:00,1.3799999952316284,1.4149999618530273,1.350000023841858,1.399999976158142,1180600,0.0,0.0
2023-06-20 00:00:00-04:00,1.4299999475479126,1.5,1.409999966621399,1.4700000286102295,1072800,0.0,0.0
2023-06-21 00:00:00-04:00,1.5,1.5,1.3700000047683716,1.4500000476837158,979200,0.0,0.0
2023-06-22 00:00:00-04:00,1.440000057220459,1.440000057220459,1.3899999856948853,1.399999976158142,507500,0.0,0.0
2023-06-23 00:00:00-04:00,1.3899999856948853,1.4500000476837158,1.3609999418258667,1.4199999570846558,916800,0.0,0.0
2023-06-26 00:00:00-04:00,1.440000057220459,1.440000057220459,1.340000033378601,1.3700000047683716,681000,0.0,0.0
2023-06-27 00:00:00-04:00,1.350000023841858,1.4199999570846558,1.350000023841858,1.3700000047683716,489700,0.0,0.0
2023-06-28 00:00:00-04:00,1.3899999856948853,1.440000057220459,1.350000023841858,1.3600000143051147,712800,0.0,0.0
2023-06-29 00:00:00-04:00,1.3799999952316284,1.399999976158142,1.3600000143051147,1.3799999952316284,592900,0.0,0.0
2023-06-30 00:00:00-04:00,1.399999976158142,1.399999976158142,1.309999942779541,1.3300000429153442,1110500,0.0,0.0
2023-07-03 00:00:00-04:00,1.2999999523162842,1.3799999952316284,1.2999999523162842,1.3799999952316284,589900,0.0,0.0
2023-07-05 00:00:00-04:00,1.3700000047683716,1.375,1.3300000429153442,1.340000033378601,429500,0.0,0.0
2023-07-06 00:00:00-04:00,1.350000023841858,1.3799999952316284,1.2699999809265137,1.3200000524520874,670100,0.0,0.0
2023-07-07 00:00:00-04:00,1.309999942779541,1.399999976158142,1.309999942779541,1.3799999952316284,502000,0.0,0.0
2023-07-10 00:00:00-04:00,1.3799999952316284,1.4500000476837158,1.3799999952316284,1.4299999475479126,440200,0.0,0.0
2023-07-11 00:00:00-04:00,1.4900000095367432,1.5700000524520874,1.4700000286102295,1.5499999523162842,1010600,0.0,0.0
2023-07-12 00:00:00-04:00,1.559999942779541,1.6299999952316284,1.5199999809265137,1.5299999713897705,1017500,0.0,0.0
2023-07-13 00:00:00-04:00,1.5499999523162842,1.559999942779541,1.4700000286102295,1.5,645600,0.0,0.0
2023-07-14 00:00:00-04:00,1.5299999713897705,1.5299999713897705,1.3899999856948853,1.409999966621399,721000,0.0,0.0
2023-07-17 00:00:00-04:00,1.399999976158142,1.4500000476837158,1.375,1.440000057220459,412900,0.0,0.0
2023-07-18 00:00:00-04:00,1.440000057220459,1.472000002861023,1.399999976158142,1.440000057220459,344700,0.0,0.0
2023-07-19 00:00:00-04:00,1.440000057220459,1.4500000476837158,1.399999976158142,1.4299999475479126,577700,0.0,0.0
2023-07-20 00:00:00-04:00,1.409999966621399,1.4199999570846558,1.3600000143051147,1.3799999952316284,506400,0.0,0.0
2023-07-21 00:00:00-04:00,1.3899999856948853,1.4249999523162842,1.340000033378601,1.3700000047683716,567600,0.0,0.0
2023-07-24 00:00:00-04:00,1.3799999952316284,1.4199999570846558,1.350000023841858,1.409999966621399,456200,0.0,0.0
2023-07-25 00:00:00-04:00,1.409999966621399,1.4199999570846558,1.399999976158142,1.399999976158142,301400,0.0,0.0
2023-07-26 00:00:00-04:00,1.399999976158142,1.4390000104904175,1.399999976158142,1.399999976158142,373900,0.0,0.0
2023-07-27 00:00:00-04:00,1.4199999570846558,1.4199999570846558,1.3300000429153442,1.350000023841858,695700,0.0,0.0
2023-07-28 00:00:00-04:00,1.3600000143051147,1.409999966621399,1.3600000143051147,1.399999976158142,353500,0.0,0.0
2023-07-31 00:00:00-04:00,1.399999976158142,1.4600000381469727,1.399999976158142,1.440000057220459,502200,0.0,0.0
2023-08-01 00:00:00-04:00,1.4600000381469727,1.4700000286102295,1.3799999952316284,1.4600000381469727,505000,0.0,0.0
2023-08-02 00:00:00-04:00,1.440000057220459,1.4500000476837158,1.3700000047683716,1.3799999952316284,462600,0.0,0.0
2023-08-03 00:00:00-04:00,1.3799999952316284,1.409999966621399,1.3600000143051147,1.399999976158142,323600,0.0,0.0
2023-08-04 00:00:00-04:00,1.399999976158142,1.409999966621399,1.3700000047683716,1.3700000047683716,368000,0.0,0.0
2023-08-07 00:00:00-04:00,1.399999976158142,1.399999976158142,1.309999942779541,1.3700000047683716,394800,0.0,0.0
2023-08-08 00:00:00-04:00,1.3700000047683716,1.4700000286102295,1.3200000524520874,1.440000057220459,852400,0.0,0.0
2023-08-09 00:00:00-04:00,1.3899999856948853,1.3899999856948853,1.2100000381469727,1.2400000095367432,2361000,0.0,0.0
2023-08-10 00:00:00-04:00,1.25,1.2599999904632568,1.1699999570846558,1.2000000476837158,494800,0.0,0.0
2023-08-11 00:00:00-04:00,1.1799999475479126,1.2100000381469727,1.1399999856948853,1.2000000476837158,587200,0.0,0.0
2023-08-14 00:00:00-04:00,1.2000000476837158,1.2100000381469727,1.1699999570846558,1.2000000476837158,344000,0.0,0.0
2023-08-15 00:00:00-04:00,1.1799999475479126,1.2350000143051147,1.1699999570846558,1.2300000190734863,439800,0.0,0.0
2023-08-16 00:00:00-04:00,1.25,1.2599999904632568,1.1799999475479126,1.1799999475479126,383500,0.0,0.0
2023-08-17 00:00:00-04:00,1.190000057220459,1.1950000524520874,1.1699999570846558,1.190000057220459,619300,0.0,0.0
2023-08-18 00:00:00-04:00,1.2300000190734863,1.3700000047683716,1.2000000476837158,1.340000033378601,883600,0.0,0.0
2023-08-21 00:00:00-04:00,1.3200000524520874,1.440000057220459,1.3200000524520874,1.399999976158142,994300,0.0,0.0
2023-08-22 00:00:00-04:00,1.3899999856948853,1.409999966621399,1.3530000448226929,1.3799999952316284,771000,0.0,0.0
2023-08-23 00:00:00-04:00,1.3700000047683716,1.409999966621399,1.340000033378601,1.399999976158142,809300,0.0,0.0
2023-08-24 00:00:00-04:00,1.3899999856948853,1.3930000066757202,1.3200000524520874,1.350000023841858,897800,0.0,0.0
2023-08-25 00:00:00-04:00,1.350000023841858,1.399999976158142,1.3200000524520874,1.3899999856948853,667000,0.0,0.0
2023-08-28 00:00:00-04:00,1.399999976158142,1.5,1.3899999856948853,1.4900000095367432,979400,0.0,0.0
2023-08-29 00:00:00-04:00,1.5,1.5399999618530273,1.440000057220459,1.4600000381469727,1122300,0.0,0.0
2023-08-30 00:00:00-04:00,1.440000057220459,1.5099999904632568,1.440000057220459,1.4700000286102295,665100,0.0,0.0
2023-08-31 00:00:00-04:00,1.4700000286102295,1.6100000143051147,1.4600000381469727,1.600000023841858,1508500,0.0,0.0
2023-09-01 00:00:00-04:00,1.5800000429153442,1.6100000143051147,1.5499999523162842,1.600000023841858,706700,0.0,0.0
2023-09-05 00:00:00-04:00,1.590000033378601,1.6399999856948853,1.559999942779541,1.6299999952316284,903800,0.0,0.0
2023-09-06 00:00:00-04:00,1.6200000047683716,1.6399999856948853,1.5700000524520874,1.590000033378601,642300,0.0,0.0
2023-09-07 00:00:00-04:00,1.5800000429153442,1.5800000429153442,1.5099999904632568,1.5399999618530273,1113900,0.0,0.0
2023-09-08 00:00:00-04:00,1.5299999713897705,1.590000033378601,1.5299999713897705,1.559999942779541,742300,0.0,0.0
2023-09-11 00:00:00-04:00,1.5499999523162842,1.6200000047683716,1.5499999523162842,1.600000023841858,755200,0.0,0.0
2023-09-12 00:00:00-04:00,1.559999942779541,1.6299999952316284,1.5399999618530273,1.600000023841858,662600,0.0,0.0
2023-09-13 00:00:00-04:00,1.559999942779541,1.6100000143051147,1.5399999618530273,1.5399999618530273,888900,0.0,0.0
2023-09-14 00:00:00-04:00,1.5499999523162842,1.565000057220459,1.5,1.5299999713897705,856300,0.0,0.0
2023-09-15 00:00:00-04:00,1.5399999618530273,1.559999942779541,1.4299999475479126,1.4600000381469727,3159700,0.0,0.0
2023-09-18 00:00:00-04:00,1.4600000381469727,1.4600000381469727,1.340000033378601,1.3600000143051147,793900,0.0,0.0
2023-09-19 00:00:00-04:00,1.3600000143051147,1.3899999856948853,1.309999942779541,1.3200000524520874,614200,0.0,0.0
2023-09-20 00:00:00-04:00,1.3300000429153442,1.3700000047683716,1.2999999523162842,1.3200000524520874,533600,0.0,0.0
2023-09-21 00:00:00-04:00,1.2999999523162842,1.3200000524520874,1.2799999713897705,1.2999999523162842,495300,0.0,0.0
2023-09-22 00:00:00-04:00,1.309999942779541,1.3200000524520874,1.25,1.25,449700,0.0,0.0
2023-09-25 00:00:00-04:00,1.2599999904632568,1.2599999904632568,1.1799999475479126,1.190000057220459,502600,0.0,0.0
2023-09-26 00:00:00-04:00,1.2300000190734863,1.2300000190734863,1.149999976158142,1.159999966621399,566700,0.0,0.0
2023-09-27 00:00:00-04:00,1.159999966621399,1.1699999570846558,1.100000023841858,1.159999966621399,778200,0.0,0.0
2023-09-28 00:00:00-04:00,1.1699999570846558,1.1799999475479126,1.125,1.1699999570846558,510000,0.0,0.0
2023-09-29 00:00:00-04:00,1.2000000476837158,1.2200000286102295,1.1699999570846558,1.2000000476837158,586600,0.0,0.0
2023-10-02 00:00:00-04:00,1.190000057220459,1.2300000190734863,1.159999966621399,1.1699999570846558,349700,0.0,0.0
2023-10-03 00:00:00-04:00,1.1699999570846558,1.1699999570846558,1.090000033378601,1.149999976158142,957600,0.0,0.0
2023-10-04 00:00:00-04:00,1.1399999856948853,1.2300000190734863,1.1200000047683716,1.159999966621399,442800,0.0,0.0
2023-10-05 00:00:00-04:00,1.149999976158142,1.1699999570846558,1.1299999952316284,1.159999966621399,343000,0.0,0.0
2023-10-06 00:00:00-04:00,1.149999976158142,1.190000057220459,1.1200000047683716,1.149999976158142,330700,0.0,0.0
2023-10-09 00:00:00-04:00,1.1399999856948853,1.149999976158142,1.100000023841858,1.1200000047683716,319200,0.0,0.0
2023-10-10 00:00:00-04:00,1.1200000047683716,1.159999966621399,1.1100000143051147,1.1100000143051147,460800,0.0,0.0
2023-10-11 00:00:00-04:00,1.1299999952316284,1.149999976158142,1.090000033378601,1.090000033378601,219200,0.0,0.0
2023-10-12 00:00:00-04:00,1.090000033378601,1.100000023841858,1.0499999523162842,1.0499999523162842,470600,0.0,0.0
2023-10-13 00:00:00-04:00,1.059999942779541,1.0800000429153442,1.0499999523162842,1.059999942779541,321500,0.0,0.0
2023-10-16 00:00:00-04:00,1.100000023841858,1.149999976158142,1.0700000524520874,1.1100000143051147,739600,0.0,0.0
2023-10-17 00:00:00-04:00,1.1299999952316284,1.1399999856948853,1.1100000143051147,1.1100000143051147,363900,0.0,0.0
2023-10-18 00:00:00-04:00,1.1200000047683716,1.1200000047683716,1.0499999523162842,1.059999942779541,332500,0.0,0.0
2023-10-19 00:00:00-04:00,1.059999942779541,1.090000033378601,1.0399999618530273,1.0399999618530273,441800,0.0,0.0
2023-10-20 00:00:00-04:00,1.0299999713897705,1.0499999523162842,1.0299999713897705,1.0299999713897705,430400,0.0,0.0
2023-10-23 00:00:00-04:00,1.0199999809265137,1.059999942779541,0.9900000095367432,1.0199999809265137,569600,0.0,0.0
2023-10-24 00:00:00-04:00,1.0199999809265137,1.1100000143051147,1.0199999809265137,1.0399999618530273,362700,0.0,0.0
2023-10-25 00:00:00-04:00,1.0299999713897705,1.059999942779541,1.0099999904632568,1.0099999904632568,418800,0.0,0.0
2023-10-26 00:00:00-04:00,1.0,1.0700000524520874,1.0,1.0399999618530273,415100,0.0,0.0
2023-10-27 00:00:00-04:00,1.059999942779541,1.0850000381469727,1.0099999904632568,1.0299999713897705,335500,0.0,0.0
2023-10-30 00:00:00-04:00,1.0299999713897705,1.0800000429153442,1.0199999809265137,1.0399999618530273,487600,0.0,0.0
2023-10-31 00:00:00-04:00,1.0399999618530273,1.090000033378601,1.0399999618530273,1.0700000524520874,531300,0.0,0.0
2023-11-01 00:00:00-04:00,1.059999942779541,1.090000033378601,1.0299999713897705,1.0499999523162842,272300,0.0,0.0
2023-11-02 00:00:00-04:00,1.0700000524520874,1.100000023841858,1.0199999809265137,1.090000033378601,722300,0.0,0.0
2023-11-03 00:00:00-04:00,1.100000023841858,1.1100000143051147,1.0700000524520874,1.0700000524520874,587400,0.0,0.0
2023-11-06 00:00:00-05:00,1.100000023841858,1.1299999952316284,1.0499999523162842,1.059999942779541,400300,0.0,0.0
2023-11-07 00:00:00-05:00,1.0499999523162842,1.1100000143051147,1.0199999809265137,1.0299999713897705,624200,0.0,0.0
2023-11-08 00:00:00-05:00,0.9800000190734863,0.9800000190734863,0.8500000238418579,0.8939999938011169,3558400,0.0,0.0
2023-11-09 00:00:00-05:00,0.8999999761581421,0.906000018119812,0.7200000286102295,0.800000011920929,4880300,0.0,0.0
2023-11-10 00:00:00-05:00,0.800000011920929,0.8389999866485596,0.75,0.824999988079071,1338100,0.0,0.0
2023-11-13 00:00:00-05:00,0.7350000143051147,0.8090000152587891,0.7350000143051147,0.7699999809265137,1370100,0.0,0.0
2023-11-14 00:00:00-05:00,0.7979999780654907,0.8100000023841858,0.7570000290870667,0.8059999942779541,930900,0.0,0.0
2023-11-15 00:00:00-05:00,0.8069999814033508,0.8130000233650208,0.7820000052452087,0.7979999780654907,940300,0.0,0.0
2023-11-16 00:00:00-05:00,0.8100000023841858,0.8199999928474426,0.765999972820282,0.765999972820282,605600,0.0,0.0
2023-11-17 00:00:00-05:00,0.7699999809265137,0.8069999814033508,0.7699999809265137,0.7820000052452087,930300,0.0,0.0
2023-11-20 00:00:00-05:00,0.7900000214576721,0.8130000233650208,0.7900000214576721,0.7990000247955322,648000,0.0,0.0
2023-11-21 00:00:00-05:00,0.7799999713897705,0.800000011920929,0.7599999904632568,0.7670000195503235,571300,0.0,0.0
2023-11-22 00:00:00-05:00,0.7599999904632568,0.8009999990463257,0.7599999904632568,0.7929999828338623,646100,0.0,0.0
2023-11-24 00:00:00-05:00,0.7929999828338623,0.8080000281333923,0.7860000133514404,0.7860000133514404,411400,0.0,0.0
2023-11-27 00:00:00-05:00,0.7900000214576721,0.7940000295639038,0.75,0.75,804800,0.0,0.0
2023-11-28 00:00:00-05:00,0.75,0.7889999747276306,0.7400000095367432,0.7820000052452087,585300,0.0,0.0
2023-11-29 00:00:00-05:00,0.7760000228881836,0.8330000042915344,0.7760000228881836,0.8199999928474426,859900,0.0,0.0
2023-11-30 00:00:00-05:00,0.8230000138282776,0.8289999961853027,0.7979999780654907,0.8220000267028809,471400,0.0,0.0
2023-12-01 00:00:00-05:00,0.8050000071525574,0.8240000009536743,0.796999990940094,0.8069999814033508,624500,0.0,0.0
2023-12-04 00:00:00-05:00,0.8040000200271606,0.8199999928474426,0.7850000262260437,0.800000011920929,568800,0.0,0.0
2023-12-05 00:00:00-05:00,0.7900000214576721,0.8069999814033508,0.75,0.75,598500,0.0,0.0
2023-12-06 00:00:00-05:00,0.75,0.7749999761581421,0.7350000143051147,0.7419999837875366,699600,0.0,0.0
2023-12-07 00:00:00-05:00,0.7459999918937683,0.7770000100135803,0.7009999752044678,0.7730000019073486,698600,0.0,0.0
2023-12-08 00:00:00-05:00,0.7730000019073486,0.8149999976158142,0.7509999871253967,0.796999990940094,780300,0.0,0.0
2023-12-11 00:00:00-05:00,0.7699999809265137,0.8019999861717224,0.7670000195503235,0.7960000038146973,353200,0.0,0.0
2023-12-12 00:00:00-05:00,0.800000011920929,0.800000011920929,0.7649999856948853,0.7799999713897705,303900,0.0,0.0
2023-12-13 00:00:00-05:00,0.7720000147819519,0.781000018119812,0.734000027179718,0.7440000176429749,1130800,0.0,0.0
2023-12-14 00:00:00-05:00,0.75,0.7649999856948853,0.7440000176429749,0.7459999918937683,1118000,0.0,0.0
2023-12-15 00:00:00-05:00,0.7620000243186951,0.7799999713897705,0.7300000190734863,0.7300000190734863,1507000,0.0,0.0
2023-12-18 00:00:00-05:00,0.7329999804496765,0.7599999904632568,0.7099999785423279,0.7200000286102295,1807900,0.0,0.0
2023-12-19 00:00:00-05:00,0.7250000238418579,0.75,0.7200000286102295,0.7279999852180481,1073100,0.0,0.0
2023-12-20 00:00:00-05:00,0.7300000190734863,0.800000011920929,0.7300000190734863,0.7609999775886536,2719500,0.0,0.0
2023-12-21 00:00:00-05:00,0.7900000214576721,0.800000011920929,0.7609999775886536,0.7749999761581421,667300,0.0,0.0
2023-12-22 00:00:00-05:00,0.7699999809265137,0.8379999995231628,0.7699999809265137,0.8339999914169312,1506800,0.0,0.0
2023-12-26 00:00:00-05:00,0.8330000042915344,0.8600000143051147,0.8069999814033508,0.8299999833106995,1645200,0.0,0.0
2023-12-27 00:00:00-05:00,0.8199999928474426,0.8450000286102295,0.7910000085830688,0.8080000281333923,1255800,0.0,0.0
2023-12-28 00:00:00-05:00,0.7799999713897705,0.8389999866485596,0.7799999713897705,0.8360000252723694,1196600,0.0,0.0
2023-12-29 00:00:00-05:00,0.8159999847412109,0.8420000076293945,0.7919999957084656,0.8059999942779541,990200,0.0,0.0
2024-01-02 00:00:00-05:00,0.800000011920929,0.8009999990463257,0.753000020980835,0.753000020980835,740200,0.0,0.0
2024-01-03 00:00:00-05:00,0.7540000081062317,0.777999997138977,0.7400000095367432,0.7630000114440918,514300,0.0,0.0
2024-01-04 00:00:00-05:00,0.7799999713897705,0.7799999713897705,0.7490000128746033,0.75,479200,0.0,0.0
2024-01-05 00:00:00-05:00,0.7490000128746033,0.7699999809265137,0.7350000143051147,0.7509999871253967,616800,0.0,0.0
2024-01-08 00:00:00-05:00,0.75,0.7870000004768372,0.7400000095367432,0.7739999890327454,3237600,0.0,0.0
2024-01-09 00:00:00-05:00,0.843999981880188,1.0149999856948853,0.781000018119812,0.9599999785423279,6899000,0.0,0.0
2024-01-10 00:00:00-05:00,0.9800000190734863,0.9819999933242798,0.8619999885559082,0.925000011920929,1874800,0.0,0.0
2024-01-11 00:00:00-05:00,0.9129999876022339,0.949999988079071,0.8700000047683716,0.9419999718666077,1306200,0.0,0.0
2024-01-12 00:00:00-05:00,0.9480000138282776,0.9480000138282776,0.8700000047683716,0.8849999904632568,1200000,0.0,0.0
2024-01-16 00:00:00-05:00,0.8799999952316284,0.8799999952316284,0.8199999928474426,0.824999988079071,695800,0.0,0.0
2024-01-17 00:00:00-05:00,0.8040000200271606,0.9300000071525574,0.7900000214576721,0.9200000166893005,1397600,0.0,0.0
2024-01-18 00:00:00-05:00,0.9200000166893005,0.9200000166893005,0.8820000290870667,0.9120000004768372,863900,0.0,0.0
2024-01-19 00:00:00-05:00,0.9300000071525574,0.9300000071525574,0.8600000143051147,0.902999997138977,681800,0.0,0.0
2024-01-22 00:00:00-05:00,0.9049999713897705,0.9300000071525574,0.8899999856948853,0.9279999732971191,577500,0.0,0.0
2024-01-23 00:00:00-05:00,0.9380000233650208,0.9670000076293945,0.9129999876022339,0.9279999732971191,743700,0.0,0.0
2024-01-24 00:00:00-05:00,0.9279999732971191,0.9459999799728394,0.8899999856948853,0.8970000147819519,638600,0.0,0.0
2024-01-25 00:00:00-05:00,0.8999999761581421,0.9760000109672546,0.8899999856948853,0.9620000123977661,1028800,0.0,0.0
2024-01-26 00:00:00-05:00,0.9620000123977661,0.9789999723434448,0.9520000219345093,0.9750000238418579,508700,0.0,0.0
2024-01-29 00:00:00-05:00,0.9700000286102295,0.9800000190734863,0.9290000200271606,0.9589999914169312,383400,0.0,0.0
2024-01-30 00:00:00-05:00,0.9459999799728394,0.9769999980926514,0.9449999928474426,0.9670000076293945,403100,0.0,0.0
2024-01-31 00:00:00-05:00,0.9700000286102295,1.0800000429153442,0.9639999866485596,1.0299999713897705,1123600,0.0,0.0
2024-02-01 00:00:00-05:00,1.0499999523162842,1.0499999523162842,0.9480000138282776,0.9700000286102295,1050600,0.0,0.0
2024-02-02 00:00:00-05:00,0.9599999785423279,0.9800000190734863,0.9020000100135803,0.9229999780654907,548900,0.0,0.0
2024-02-05 00:00:00-05:00,0.8999999761581421,0.921999990940094,0.8650000095367432,0.8650000095367432,846200,0.0,0.0
2024-02-06 00:00:00-05:00,0.8700000047683716,0.9229999780654907,0.8700000047683716,0.9169999957084656,414900,0.0,0.0
2024-02-07 00:00:00-05:00,0.8999999761581421,0.9359999895095825,0.8820000290870667,0.8999999761581421,1015300,0.0,0.0
2024-02-08 00:00:00-05:00,0.8999999761581421,1.0800000429153442,0.8989999890327454,1.0399999618530273,2937600,0.0,0.0
2024-02-09 00:00:00-05:00,1.0199999809265137,1.1299999952316284,1.0199999809265137,1.0700000524520874,4310800,0.0,0.0
2024-02-12 00:00:00-05:00,1.059999942779541,1.1799999475479126,1.059999942779541,1.159999966621399,1314800,0.0,0.0
2024-02-13 00:00:00-05:00,1.090000033378601,1.1799999475479126,1.0800000429153442,1.1100000143051147,828500,0.0,0.0
2024-02-14 00:00:00-05:00,1.1399999856948853,1.1799999475479126,1.125,1.159999966621399,629700,0.0,0.0
2024-02-15 00:00:00-05:00,1.1399999856948853,1.1699999570846558,1.1200000047683716,1.159999966621399,1052000,0.0,0.0
2024-02-16 00:00:00-05:00,1.159999966621399,1.1799999475479126,1.1200000047683716,1.1200000047683716,935200,0.0,0.0
2024-02-20 00:00:00-05:00,1.100000023841858,1.159999966621399,1.0700000524520874,1.1299999952316284,779400,0.0,0.0
2024-02-21 00:00:00-05:00,1.1299999952316284,1.190000057220459,1.1100000143051147,1.1799999475479126,980600,0.0,0.0
2024-02-22 00:00:00-05:00,1.1699999570846558,1.225000023841858,1.1519999504089355,1.2100000381469727,720800,0.0,0.0
2024-02-23 00:00:00-05:00,1.190000057220459,1.2100000381469727,1.149999976158142,1.1699999570846558,479100,0.0,0.0
2024-02-26 00:00:00-05:00,1.1699999570846558,1.2000000476837158,1.159999966621399,1.1699999570846558,277000,0.0,0.0
2024-02-27 00:00:00-05:00,1.1699999570846558,1.2400000095367432,1.1699999570846558,1.2300000190734863,470000,0.0,0.0
2024-02-28 00:00:00-05:00,1.2200000286102295,1.25,1.2200000286102295,1.2200000286102295,490400,0.0,0.0
2024-02-29 00:00:00-05:00,1.2300000190734863,1.2599999904632568,1.190000057220459,1.2000000476837158,412000,0.0,0.0
2024-03-01 00:00:00-05:00,1.2200000286102295,1.2599999904632568,1.190000057220459,1.25,557500,0.0,0.0
2024-03-04 00:00:00-05:00,1.2400000095367432,1.274999976158142,1.2050000429153442,1.2400000095367432,500300,0.0,0.0
2024-03-05 00:00:00-05:00,1.350000023841858,1.4600000381469727,1.25,1.2899999618530273,1473900,0.0,0.0
2024-03-06 00:00:00-05:00,1.2999999523162842,1.5199999809265137,1.2999999523162842,1.4700000286102295,1955000,0.0,0.0
2024-03-07 00:00:00-05:00,1.4900000095367432,1.4900000095367432,1.3949999809265137,1.409999966621399,608700,0.0,0.0
2024-03-08 00:00:00-05:00,1.4199999570846558,1.4900000095367432,1.3600000143051147,1.3899999856948853,944800,0.0,0.0
2024-03-11 00:00:00-04:00,1.440000057220459,1.4600000381469727,1.2680000066757202,1.350000023841858,1004800,0.0,0.0
2024-03-12 00:00:00-04:00,1.340000033378601,1.3600000143051147,1.2899999618530273,1.309999942779541,440700,0.0,0.0
2024-03-13 00:00:00-04:00,1.3300000429153442,1.350000023841858,1.2610000371932983,1.2999999523162842,586400,0.0,0.0
2024-03-14 00:00:00-04:00,1.2699999809265137,1.2999999523162842,1.2100000381469727,1.2400000095367432,480500,0.0,0.0
2024-03-15 00:00:00-04:00,1.2200000286102295,1.399999976158142,1.2100000381469727,1.3700000047683716,1750300,0.0,0.0
2024-03-18 00:00:00-04:00,1.3700000047683716,1.4299999475479126,1.315000057220459,1.3300000429153442,378300,0.0,0.0
2024-03-19 00:00:00-04:00,1.3200000524520874,1.3600000143051147,1.2699999809265137,1.3300000429153442,343700,0.0,0.0
2024-03-20 00:00:00-04:00,1.2999999523162842,1.399999976158142,1.2999999523162842,1.3600000143051147,341400,0.0,0.0
2024-03-21 00:00:00-04:00,1.3799999952316284,1.399999976158142,1.3250000476837158,1.350000023841858,663500,0.0,0.0
2024-03-22 00:00:00-04:00,1.340000033378601,1.350000023841858,1.2699999809265137,1.2699999809265137,599000,0.0,0.0
2024-03-25 00:00:00-04:00,1.25,1.2999999523162842,1.25,1.2699999809265137,476200,0.0,0.0
2024-03-26 00:00:00-04:00,1.2699999809265137,1.2799999713897705,1.2200000286102295,1.2400000095367432,388600,0.0,0.0
2024-03-27 00:00:00-04:00,1.2200000286102295,1.25,1.2100000381469727,1.2400000095367432,838200,0.0,0.0
2024-03-28 00:00:00-04:00,1.2300000190734863,1.25,1.2100000381469727,1.2400000095367432,426800,0.0,0.0
2024-04-01 00:00:00-04:00,1.2300000190734863,1.25,1.2200000286102295,1.2300000190734863,480700,0.0,0.0
2024-04-02 00:00:00-04:00,1.2100000381469727,1.2200000286102295,1.1699999570846558,1.1799999475479126,547700,0.0,0.0
2024-04-03 00:00:00-04:00,1.1699999570846558,1.25,1.159999966621399,1.2100000381469727,575000,0.0,0.0
2024-04-04 00:00:00-04:00,1.2300000190734863,1.2599999904632568,1.1950000524520874,1.2100000381469727,292500,0.0,0.0
2024-04-05 00:00:00-04:00,1.190000057220459,1.2400000095367432,1.149999976158142,1.2200000286102295,571600,0.0,0.0
2024-04-08 00:00:00-04:00,1.2200000286102295,1.2799999713897705,1.2100000381469727,1.2300000190734863,386000,0.0,0.0
2024-04-09 00:00:00-04:00,1.2300000190734863,1.25,1.190000057220459,1.2000000476837158,179000,0.0,0.0
2024-04-10 00:00:00-04:00,1.1799999475479126,1.2050000429153442,1.1699999570846558,1.1799999475479126,227100,0.0,0.0
2024-04-11 00:00:00-04:00,1.2000000476837158,1.2000000476837158,1.1299999952316284,1.1699999570846558,518500,0.0,0.0
2024-04-12 00:00:00-04:00,1.1799999475479126,1.1799999475479126,1.100000023841858,1.100000023841858,505200,0.0,0.0
2024-04-15 00:00:00-04:00,1.1299999952316284,1.1299999952316284,1.0199999809265137,1.059999942779541,634000,0.0,0.0
2024-04-16 00:00:00-04:00,1.059999942779541,1.1100000143051147,1.0299999713897705,1.0499999523162842,255100,0.0,0.0
2024-04-17 00:00:00-04:00,1.0800000429153442,1.100000023841858,1.059999942779541,1.0700000524520874,221100,0.0,0.0
2024-04-18 00:00:00-04:00,1.090000033378601,1.100000023841858,1.0499999523162842,1.059999942779541,575700,0.0,0.0
2024-04-19 00:00:00-04:00,1.0399999618530273,1.0800000429153442,1.0399999618530273,1.0700000524520874,384800,0.0,0.0
2024-04-22 00:00:00-04:00,1.090000033378601,1.100000023841858,1.0700000524520874,1.100000023841858,270700,0.0,0.0
2024-04-23 00:00:00-04:00,1.1100000143051147,1.1399999856948853,1.100000023841858,1.1200000047683716,198500,0.0,0.0
2024-04-24 00:00:00-04:00,1.1200000047683716,1.1200000047683716,1.090000033378601,1.100000023841858,174200,0.0,0.0
2024-04-25 00:00:00-04:00,1.090000033378601,1.1100000143051147,1.0099999904632568,1.0700000524520874,657700,0.0,0.0
2024-04-26 00:00:00-04:00,1.090000033378601,1.100000023841858,1.0499999523162842,1.100000023841858,264100,0.0,0.0
2024-04-29 00:00:00-04:00,1.0499999523162842,1.100000023841858,1.0499999523162842,1.100000023841858,253100,0.0,0.0
2024-04-30 00:00:00-04:00,1.090000033378601,1.1100000143051147,1.0800000429153442,1.100000023841858,236900,0.0,0.0
2024-05-01 00:00:00-04:00,1.1100000143051147,1.1699999570846558,1.0700000524520874,1.149999976158142,515500,0.0,0.0
2024-05-02 00:00:00-04:00,1.159999966621399,1.1699999570846558,1.1299999952316284,1.159999966621399,272400,0.0,0.0
2024-05-03 00:00:00-04:00,1.1699999570846558,1.184999942779541,1.1399999856948853,1.1699999570846558,256700,0.0,0.0
2024-05-06 00:00:00-04:00,1.1799999475479126,1.2100000381469727,1.1799999475479126,1.2100000381469727,316700,0.0,0.0
2024-05-07 00:00:00-04:00,1.190000057220459,1.2200000286102295,1.1799999475479126,1.1799999475479126,271000,0.0,0.0
2024-05-08 00:00:00-04:00,1.149999976158142,1.190000057220459,1.149999976158142,1.1699999570846558,147300,0.0,0.0
2024-05-09 00:00:00-04:00,1.190000057220459,1.2000000476837158,1.1699999570846558,1.2000000476837158,216500,0.0,0.0
2024-05-10 00:00:00-04:00,1.2000000476837158,1.2300000190734863,1.149999976158142,1.1799999475479126,241200,0.0,0.0
2024-05-13 00:00:00-04:00,1.2000000476837158,1.340000033378601,1.1699999570846558,1.2200000286102295,705200,0.0,0.0
2024-05-14 00:00:00-04:00,1.2599999904632568,1.399999976158142,1.2400000095367432,1.309999942779541,815700,0.0,0.0
2024-05-15 00:00:00-04:00,1.3200000524520874,1.350000023841858,1.2100000381469727,1.2699999809265137,512000,0.0,0.0
2024-05-16 00:00:00-04:00,1.2699999809265137,1.2979999780654907,1.2100000381469727,1.2400000095367432,484700,0.0,0.0
2024-05-17 00:00:00-04:00,1.2400000095367432,1.2599999904632568,1.2100000381469727,1.2400000095367432,238900,0.0,0.0
2024-05-20 00:00:00-04:00,1.2100000381469727,1.2799999713897705,1.2000000476837158,1.2599999904632568,487600,0.0,0.0
2024-05-21 00:00:00-04:00,1.25,1.2699999809265137,1.2400000095367432,1.25,196600,0.0,0.0
2024-05-22 00:00:00-04:00,1.2400000095367432,1.2599999904632568,1.149999976158142,1.2200000286102295,611700,0.0,0.0
2024-05-23 00:00:00-04:00,1.25,1.2599999904632568,1.1699999570846558,1.2000000476837158,624800,0.0,0.0
2024-05-24 00:00:00-04:00,1.2300000190734863,1.2400000095367432,1.1399999856948853,1.159999966621399,1017000,0.0,0.0
2024-05-28 00:00:00-04:00,1.190000057220459,1.2400000095367432,1.1399999856948853,1.2400000095367432,819100,0.0,0.0
2024-05-29 00:00:00-04:00,1.2100000381469727,1.2899999618530273,1.2000000476837158,1.2699999809265137,1055600,0.0,0.0
2024-05-30 00:00:00-04:00,1.340000033378601,1.3650000095367432,1.2999999523162842,1.350000023841858,1035200,0.0,0.0
2024-05-31 00:00:00-04:00,1.3899999856948853,1.3899999856948853,1.2799999713897705,1.2999999523162842,1794000,0.0,0.0
2024-06-03 00:00:00-04:00,1.340000033378601,1.4700000286102295,1.309999942779541,1.399999976158142,2599600,0.0,0.0
2024-06-04 00:00:00-04:00,1.2100000381469727,1.3899999856948853,1.2000000476837158,1.309999942779541,2380200,0.0,0.0
2024-06-05 00:00:00-04:00,1.2999999523162842,1.434999942779541,1.2999999523162842,1.4199999570846558,1313800,0.0,0.0
2024-06-06 00:00:00-04:00,1.4299999475479126,1.5199999809265137,1.3700000047683716,1.4700000286102295,1806300,0.0,0.0
2024-06-07 00:00:00-04:00,1.3799999952316284,1.4199999570846558,1.3200000524520874,1.3300000429153442,1082200,0.0,0.0
2024-06-10 00:00:00-04:00,1.2999999523162842,1.4199999570846558,1.2999999523162842,1.4199999570846558,789600,0.0,0.0
2024-06-11 00:00:00-04:00,1.399999976158142,1.6299999952316284,1.399999976158142,1.6200000047683716,1455200,0.0,0.0
2024-06-12 00:00:00-04:00,1.6200000047683716,1.6399999856948853,1.4500000476837158,1.6299999952316284,1231100,0.0,0.0
2024-06-13 00:00:00-04:00,1.6399999856948853,1.6399999856948853,1.5499999523162842,1.559999942779541,568800,0.0,0.0
2024-06-14 00:00:00-04:00,1.5800000429153442,1.5800000429153442,1.4900000095367432,1.5399999618530273,736100,0.0,0.0
2024-06-17 00:00:00-04:00,1.5499999523162842,1.559999942779541,1.440000057220459,1.4500000476837158,641000,0.0,0.0
2024-06-18 00:00:00-04:00,1.4500000476837158,1.5099999904632568,1.409999966621399,1.4199999570846558,600000,0.0,0.0
2024-06-20 00:00:00-04:00,1.399999976158142,1.465000033378601,1.3600000143051147,1.3799999952316284,428100,0.0,0.0
2024-06-21 00:00:00-04:00,1.3899999856948853,1.4780000448226929,1.3899999856948853,1.4299999475479126,705500,0.0,0.0
2024-06-24 00:00:00-04:00,1.409999966621399,1.4900000095367432,1.409999966621399,1.4600000381469727,640100,0.0,0.0
2024-06-25 00:00:00-04:00,1.4299999475479126,1.7300000190734863,1.3700000047683716,1.659999966621399,3464700,0.0,0.0
2024-06-26 00:00:00-04:00,1.7000000476837158,1.809999942779541,1.6699999570846558,1.7400000095367432,1503000,0.0,0.0
2024-06-27 00:00:00-04:00,1.7599999904632568,1.909999966621399,1.690000057220459,1.7999999523162842,2561500,0.0,0.0
2024-06-28 00:00:00-04:00,1.8300000429153442,1.8300000429153442,1.75,1.809999942779541,2103400,0.0,0.0
2024-07-01 00:00:00-04:00,1.840000033378601,1.8799999952316284,1.6699999570846558,1.7400000095367432,1244100,0.0,0.0
2024-07-02 00:00:00-04:00,1.7200000286102295,1.7899999618530273,1.7000000476837158,1.7300000190734863,561900,0.0,0.0
2024-07-03 00:00:00-04:00,1.7599999904632568,1.777999997138977,1.6799999475479126,1.690000057220459,295800,0.0,0.0
2024-07-05 00:00:00-04:00,1.690000057220459,1.690000057220459,1.600000023841858,1.6399999856948853,643400,0.0,0.0
2024-07-08 00:00:00-04:00,1.649999976158142,1.7400000095367432,1.649999976158142,1.6699999570846558,594400,0.0,0.0
2024-07-09 00:00:00-04:00,1.649999976158142,1.6699999570846558,1.5950000286102295,1.649999976158142,344400,0.0,0.0
2024-07-10 00:00:00-04:00,1.649999976158142,1.6799999475479126,1.6050000190734863,1.6399999856948853,444500,0.0,0.0
2024-07-11 00:00:00-04:00,1.659999966621399,1.7000000476837158,1.6200000047683716,1.7000000476837158,589000,0.0,0.0
2024-07-12 00:00:00-04:00,1.690000057220459,1.75,1.6699999570846558,1.690000057220459,484400,0.0,0.0
2024-07-15 00:00:00-04:00,1.7400000095367432,1.75,1.6799999475479126,1.75,373500,0.0,0.0
2024-07-16 00:00:00-04:00,1.7599999904632568,1.7799999713897705,1.7350000143051147,1.7799999713897705,585200,0.0,0.0
2024-07-17 00:00:00-04:00,1.7599999904632568,1.774999976158142,1.6799999475479126,1.7100000381469727,615400,0.0,0.0
2024-07-18 00:00:00-04:00,1.7300000190734863,1.7400000095367432,1.6200000047683716,1.659999966621399,451100,0.0,0.0
2024-07-19 00:00:00-04:00,1.6699999570846558,1.690000057220459,1.6200000047683716,1.6299999952316284,277900,0.0,0.0
2024-07-22 00:00:00-04:00,1.6299999952316284,1.6299999952316284,1.4800000190734863,1.5099999904632568,930600,0.0,0.0
2024-07-23 00:00:00-04:00,1.5,1.559999942779541,1.5,1.5399999618530273,376600,0.0,0.0
2024-07-24 00:00:00-04:00,1.5399999618530273,1.5399999618530273,1.4700000286102295,1.4700000286102295,396700,0.0,0.0
2024-07-25 00:00:00-04:00,1.4900000095367432,1.559999942779541,1.4600000381469727,1.5199999809265137,368500,0.0,0.0
2024-07-26 00:00:00-04:00,1.5399999618530273,1.5399999618530273,1.4800000190734863,1.5199999809265137,307300,0.0,0.0
2024-07-29 00:00:00-04:00,1.5099999904632568,1.524999976158142,1.4700000286102295,1.4900000095367432,319100,0.0,0.0
2024-07-30 00:00:00-04:00,1.4900000095367432,1.5199999809265137,1.4700000286102295,1.5199999809265137,314400,0.0,0.0
2024-07-31 00:00:00-04:00,1.5199999809265137,1.600000023841858,1.5099999904632568,1.5499999523162842,480100,0.0,0.0
2024-08-01 00:00:00-04:00,1.5499999523162842,1.559999942779541,1.409999966621399,1.440000057220459,559400,0.0,0.0
2024-08-02 00:00:00-04:00,1.399999976158142,1.4110000133514404,1.340000033378601,1.350000023841858,693800,0.0,0.0
2024-08-05 00:00:00-04:00,1.2799999713897705,1.3200000524520874,1.2209999561309814,1.2599999904632568,710700,0.0,0.0
2024-08-06 00:00:00-04:00,1.2899999618530273,1.3799999952316284,1.2599999904632568,1.3700000047683716,518900,0.0,0.0
2024-08-07 00:00:00-04:00,1.3799999952316284,1.3949999809265137,1.2999999523162842,1.309999942779541,593100,0.0,0.0
2024-08-08 00:00:00-04:00,1.3600000143051147,1.5800000429153442,1.350000023841858,1.5299999713897705,1013100,0.0,0.0
2024-08-09 00:00:00-04:00,1.5299999713897705,1.590000033378601,1.5199999809265137,1.5700000524520874,353800,0.0,0.0
2024-08-12 00:00:00-04:00,1.6100000143051147,1.6200000047683716,1.5,1.5299999713897705,531900,0.0,0.0
2024-08-13 00:00:00-04:00,1.5199999809265137,1.559999942779541,1.5099999904632568,1.559999942779541,480300,0.0,0.0
2024-08-14 00:00:00-04:00,1.5700000524520874,1.5800000429153442,1.5399999618530273,1.5499999523162842,259700,0.0,0.0
2024-08-15 00:00:00-04:00,1.590000033378601,1.659999966621399,1.5750000476837158,1.6399999856948853,1110800,0.0,0.0
2024-08-16 00:00:00-04:00,1.6200000047683716,1.690000057220459,1.6200000047683716,1.6699999570846558,339500,0.0,0.0
2024-08-19 00:00:00-04:00,1.6299999952316284,1.7000000476837158,1.6200000047683716,1.6799999475479126,361900,0.0,0.0
2024-08-20 00:00:00-04:00,1.659999966621399,1.7000000476837158,1.6200000047683716,1.6299999952316284,244500,0.0,0.0
2024-08-21 00:00:00-04:00,1.6699999570846558,1.7400000095367432,1.659999966621399,1.7200000286102295,527000,0.0,0.0
2024-08-22 00:00:00-04:00,1.7200000286102295,1.7400000095367432,1.659999966621399,1.659999966621399,241400,0.0,0.0
2024-08-23 00:00:00-04:00,1.649999976158142,1.75,1.5800000429153442,1.75,721500,0.0,0.0
2024-08-26 00:00:00-04:00,1.75,1.7799999713897705,1.6799999475479126,1.7799999713897705,734800,0.0,0.0
2024-08-27 00:00:00-04:00,1.7300000190734863,1.8049999475479126,1.7100000381469727,1.7899999618530273,943400,0.0,0.0
2024-08-28 00:00:00-04:00,1.7799999713897705,1.7799999713897705,1.6799999475479126,1.7400000095367432,434500,0.0,0.0
2024-08-29 00:00:00-04:00,1.7300000190734863,1.8300000429153442,1.7100000381469727,1.8300000429153442,676200,0.0,0.0
2024-08-30 00:00:00-04:00,1.7699999809265137,1.7899999618530273,1.6399999856948853,1.6699999570846558,696300,0.0,0.0
2024-09-03 00:00:00-04:00,1.6299999952316284,1.7000000476837158,1.559999942779541,1.6699999570846558,475900,0.0,0.0
2024-09-04 00:00:00-04:00,1.649999976158142,1.7200000286102295,1.5700000524520874,1.649999976158142,595100,0.0,0.0
2024-09-05 00:00:00-04:00,1.6699999570846558,1.690000057220459,1.6299999952316284,1.690000057220459,255900,0.0,0.0
2024-09-06 00:00:00-04:00,1.6799999475479126,1.690000057220459,1.6200000047683716,1.6200000047683716,493100,0.0,0.0
2024-09-09 00:00:00-04:00,1.6299999952316284,1.7050000429153442,1.6299999952316284,1.6799999475479126,298200,0.0,0.0
2024-09-10 00:00:00-04:00,1.6799999475479126,1.7000000476837158,1.6549999713897705,1.659999966621399,528300,0.0,0.0
2024-09-11 00:00:00-04:00,1.649999976158142,1.7100000381469727,1.649999976158142,1.690000057220459,325300,0.0,0.0
2024-09-12 00:00:00-04:00,1.7000000476837158,1.7100000381469727,1.690000057220459,1.7100000381469727,350200,0.0,0.0
2024-09-13 00:00:00-04:00,1.7100000381469727,1.75,1.690000057220459,1.7300000190734863,589100,0.0,0.0
2024-09-16 00:00:00-04:00,1.7300000190734863,1.7300000190734863,1.694000005722046,1.7200000286102295,372800,0.0,0.0
2024-09-17 00:00:00-04:00,1.75,1.75,1.6950000524520874,1.7400000095367432,449700,0.0,0.0
2024-09-18 00:00:00-04:00,1.7200000286102295,1.7699999809265137,1.7000000476837158,1.7000000476837158,590100,0.0,0.0
2024-09-19 00:00:00-04:00,1.7400000095367432,1.7400000095367432,1.659999966621399,1.6699999570846558,475000,0.0,0.0
2024-09-20 00:00:00-04:00,1.600000023841858,1.659999966621399,1.600000023841858,1.6299999952316284,1346900,0.0,0.0
2024-09-23 00:00:00-04:00,1.6299999952316284,1.690000057220459,1.6100000143051147,1.6100000143051147,362900,0.0,0.0
2024-09-24 00:00:00-04:00,1.6299999952316284,1.6699999570846558,1.6200000047683716,1.6299999952316284,354400,0.0,0.0
2024-09-25 00:00:00-04:00,1.6200000047683716,1.625,1.590000033378601,1.6100000143051147,303800,0.0,0.0
2024-09-26 00:00:00-04:00,1.649999976158142,1.659999966621399,1.6050000190734863,1.6200000047683716,629800,0.0,0.0
2024-09-27 00:00:00-04:00,1.6200000047683716,1.6449999809265137,1.6100000143051147,1.6299999952316284,226700,0.0,0.0
2024-09-30 00:00:00-04:00,1.6399999856948853,1.6399999856948853,1.5800000429153442,1.6299999952316284,353000,0.0,0.0
2024-10-01 00:00:00-04:00,1.600000023841858,1.6299999952316284,1.5800000429153442,1.590000033378601,388500,0.0,0.0
2024-10-02 00:00:00-04:00,1.5800000429153442,1.6200000047683716,1.5800000429153442,1.5800000429153442,883100,0.0,0.0
2024-10-03 00:00:00-04:00,1.5700000524520874,1.590000033378601,1.5700000524520874,1.5800000429153442,298800,0.0,0.0
2024-10-04 00:00:00-04:00,1.590000033378601,1.659999966621399,1.5800000429153442,1.649999976158142,504700,0.0,0.0
2024-10-07 00:00:00-04:00,1.649999976158142,1.649999976158142,1.5800000429153442,1.6200000047683716,374200,0.0,0.0
2024-10-08 00:00:00-04:00,1.6200000047683716,1.649999976158142,1.5800000429153442,1.6299999952316284,388400,0.0,0.0
2024-10-09 00:00:00-04:00,1.6299999952316284,1.7200000286102295,1.590000033378601,1.659999966621399,581500,0.0,0.0
2024-10-10 00:00:00-04:00,1.659999966621399,1.6790000200271606,1.590000033378601,1.6399999856948853,675300,0.0,0.0
2024-10-11 00:00:00-04:00,1.649999976158142,1.7050000429153442,1.6200000047683716,1.6299999952316284,595900,0.0,0.0
2024-10-14 00:00:00-04:00,1.600000023841858,1.6299999952316284,1.559999942779541,1.5700000524520874,826300,0.0,0.0
2024-10-15 00:00:00-04:00,1.559999942779541,1.6399999856948853,1.559999942779541,1.6100000143051147,552600,0.0,0.0
2024-10-16 00:00:00-04:00,1.6200000047683716,1.6200000047683716,1.5499999523162842,1.5700000524520874,717200,0.0,0.0
2024-10-17 00:00:00-04:00,1.5299999713897705,1.5800000429153442,1.5099999904632568,1.5499999523162842,677100,0.0,0.0
2024-10-18 00:00:00-04:00,1.5499999523162842,1.5800000429153442,1.5299999713897705,1.5399999618530273,319000,0.0,0.0
2024-10-21 00:00:00-04:00,1.5299999713897705,1.5299999713897705,1.4800000190734863,1.4900000095367432,218800,0.0,0.0
2024-10-22 00:00:00-04:00,1.4900000095367432,1.5,1.4800000190734863,1.4900000095367432,273800,0.0,0.0
2024-10-23 00:00:00-04:00,1.4800000190734863,1.4900000095367432,1.465000033378601,1.4900000095367432,657800,0.0,0.0
2024-10-24 00:00:00-04:00,1.399999976158142,1.440000057220459,1.3700000047683716,1.3899999856948853,946700,0.0,0.0
2024-10-25 00:00:00-04:00,1.3799999952316284,1.399999976158142,1.3200000524520874,1.3200000524520874,567800,0.0,0.0
2024-10-28 00:00:00-04:00,1.3200000524520874,1.399999976158142,1.3200000524520874,1.399999976158142,659900,0.0,0.0
2024-10-29 00:00:00-04:00,1.3899999856948853,1.440000057220459,1.3849999904632568,1.440000057220459,305900,0.0,0.0
2024-10-30 00:00:00-04:00,1.4299999475479126,1.4600000381469727,1.4199999570846558,1.4199999570846558,249500,0.0,0.0
2024-10-31 00:00:00-04:00,1.4299999475479126,1.5499999523162842,1.4299999475479126,1.4500000476837158,695600,0.0,0.0
2024-11-01 00:00:00-04:00,1.4500000476837158,1.4850000143051147,1.409999966621399,1.4199999570846558,182600,0.0,0.0
2024-11-04 00:00:00-05:00,1.409999966621399,1.409999966621399,1.3600000143051147,1.399999976158142,256600,0.0,0.0
2024-11-05 00:00:00-05:00,1.3700000047683716,1.4700000286102295,1.3700000047683716,1.4600000381469727,489500,0.0,0.0
2024-11-06 00:00:00-05:00,1.5099999904632568,1.5199999809265137,1.4450000524520874,1.5099999904632568,648700,0.0,0.0
2024-11-07 00:00:00-05:00,1.5,1.5199999809265137,1.4299999475479126,1.4800000190734863,866000,0.0,0.0
2024-11-08 00:00:00-05:00,1.5499999523162842,1.5499999523162842,1.3700000047683716,1.4199999570846558,1605400,0.0,0.0
2024-11-11 00:00:00-05:00,1.4500000476837158,1.5700000524520874,1.4299999475479126,1.5499999523162842,1155900,0.0,0.0
2024-11-12 00:00:00-05:00,1.559999942779541,1.600000023841858,1.4950000047683716,1.5299999713897705,1133000,0.0,0.0
2024-11-13 00:00:00-05:00,1.600000023841858,1.6749999523162842,1.5700000524520874,1.5700000524520874,1976700,0.0,0.0
2024-11-14 00:00:00-05:00,1.5700000524520874,1.6100000143051147,1.559999942779541,1.5800000429153442,1033400,0.0,0.0
2024-11-15 00:00:00-05:00,1.600000023841858,1.600000023841858,1.4900000095367432,1.4900000095367432,1030300,0.0,0.0
2024-11-18 00:00:00-05:00,1.4900000095367432,1.600000023841858,1.4600000381469727,1.5800000429153442,982000,0.0,0.0
2024-11-19 00:00:00-05:00,1.5700000524520874,1.6299999952316284,1.5449999570846558,1.5800000429153442,868100,0.0,0.0
2024-11-20 00:00:00-05:00,1.5700000524520874,1.6299999952316284,1.559999942779541,1.6200000047683716,731400,0.0,0.0
2024-11-21 00:00:00-05:00,1.5800000429153442,1.7000000476837158,1.5800000429153442,1.6799999475479126,948100,0.0,0.0
2024-11-22 00:00:00-05:00,1.690000057220459,1.7699999809265137,1.6799999475479126,1.7699999809265137,1015100,0.0,0.0
2024-11-25 00:00:00-05:00,1.7899999618530273,2.0199999809265137,1.7899999618530273,1.9900000095367432,3184200,0.0,0.0
2024-11-26 00:00:00-05:00,1.940000057220459,2.25,1.909999966621399,2.0899999141693115,3014300,0.0,0.0
2024-11-27 00:00:00-05:00,2.109999895095825,2.2300000190734863,2.0950000286102295,2.1500000953674316,1141400,0.0,0.0
2024-11-29 00:00:00-05:00,2.1700000762939453,2.244999885559082,2.140000104904175,2.1600000858306885,656100,0.0,0.0
2024-12-02 00:00:00-05:00,2.200000047683716,2.200000047683716,2.0899999141693115,2.109999895095825,1276700,0.0,0.0
2024-12-03 00:00:00-05:00,2.0999999046325684,2.200000047683716,2.059999942779541,2.190000057220459,1416600,0.0,0.0
2024-12-04 00:00:00-05:00,2.200000047683716,2.240000009536743,2.0999999046325684,2.140000104904175,1088000,0.0,0.0
2024-12-05 00:00:00-05:00,2.119999885559082,2.1549999713897705,2.0899999141693115,2.119999885559082,805800,0.0,0.0
2024-12-06 00:00:00-05:00,2.1500000953674316,2.325000047683716,2.130000114440918,2.319999933242798,2034600,0.0,0.0
2024-12-09 00:00:00-05:00,2.4100000858306885,2.555000066757202,2.3399999141693115,2.4000000953674316,3009600,0.0,0.0
2024-12-10 00:00:00-05:00,2.369999885559082,2.384999990463257,2.2699999809265137,2.3299999237060547,956300,0.0,0.0
2024-12-11 00:00:00-05:00,2.309999942779541,2.390000104904175,2.2860000133514404,2.299999952316284,1159400,0.0,0.0
2024-12-12 00:00:00-05:00,2.2799999713897705,2.319999933242798,2.190000057220459,2.2100000381469727,1117100,0.0,0.0
2024-12-13 00:00:00-05:00,2.200000047683716,2.2100000381469727,2.0999999046325684,2.200000047683716,1071900,0.0,0.0
2024-12-16 00:00:00-05:00,2.1700000762939453,2.2200000286102295,2.119999885559082,2.1600000858306885,1144600,0.0,0.0
2024-12-17 00:00:00-05:00,2.130000114440918,2.259999990463257,2.119999885559082,2.190000057220459,1248800,0.0,0.0
2024-12-18 00:00:00-05:00,2.190000057220459,2.190000057220459,1.9500000476837158,1.9800000190734863,1269500,0.0,0.0
2024-12-19 00:00:00-05:00,2.0299999713897705,2.049999952316284,1.9199999570846558,1.9299999475479126,680000,0.0,0.0
2024-12-20 00:00:00-05:00,1.899999976158142,2.0,1.840000033378601,1.9800000190734863,1862700,0.0,0.0
2024-12-23 00:00:00-05:00,1.9800000190734863,1.996000051498413,1.8600000143051147,1.8799999952316284,622600,0.0,0.0
2024-12-24 00:00:00-05:00,1.8600000143051147,1.9149999618530273,1.8600000143051147,1.899999976158142,374700,0.0,0.0
2024-12-26 00:00:00-05:00,1.8600000143051147,1.940000057220459,1.8600000143051147,1.9299999475479126,394600,0.0,0.0
2024-12-27 00:00:00-05:00,1.9299999475479126,1.9299999475479126,1.815000057220459,1.8700000047683716,526400,0.0,0.0
2024-12-30 00:00:00-05:00,1.8300000429153442,1.899999976158142,1.809999942779541,1.8600000143051147,544600,0.0,0.0
2024-12-31 00:00:00-05:00,1.8899999856948853,1.9249999523162842,1.8250000476837158,1.840000033378601,914500,0.0,0.0
2025-01-02 00:00:00-05:00,1.8700000047683716,1.9889999628067017,1.850000023841858,1.8899999856948853,1167900,0.0,0.0
2025-01-03 00:00:00-05:00,1.9500000476837158,2.0490000247955322,1.9249999523162842,1.9700000286102295,1542200,0.0,0.0
2025-01-06 00:00:00-05:00,2.0199999809265137,2.0299999713897705,1.9450000524520874,1.9800000190734863,1146300,0.0,0.0
2025-01-07 00:00:00-05:00,2.0299999713897705,2.315000057220459,1.9850000143051147,2.25,4221300,0.0,0.0
2025-01-08 00:00:00-05:00,2.2799999713897705,2.2799999713897705,2.1500000953674316,2.259999990463257,2311500,0.0,0.0
2025-01-10 00:00:00-05:00,2.309999942779541,2.309999942779541,2.009999990463257,2.0199999809265137,2131300,0.0,0.0
2025-01-13 00:00:00-05:00,1.909999966621399,2.005000114440918,1.7300000190734863,1.9800000190734863,1637600,0.0,0.0
2025-01-14 00:00:00-05:00,2.0199999809265137,2.0999999046325684,1.9500000476837158,1.9600000381469727,1212500,0.0,0.0
2025-01-15 00:00:00-05:00,2.009999990463257,2.049999952316284,1.9700000286102295,2.009999990463257,791900,0.0,0.0
2025-01-16 00:00:00-05:00,2.0,2.009999990463257,1.9600000381469727,1.9600000381469727,607900,0.0,0.0
2025-01-17 00:00:00-05:00,2.0299999713897705,2.0299999713897705,1.9500000476837158,2.0,779000,0.0,0.0
2025-01-21 00:00:00-05:00,2.0299999713897705,2.0299999713897705,1.909999966621399,1.9199999570846558,877600,0.0,0.0
2025-01-22 00:00:00-05:00,1.9299999475479126,1.9299999475479126,1.88100004196167,1.899999976158142,591600,0.0,0.0
2025-01-23 00:00:00-05:00,1.8899999856948853,1.940000057220459,1.8600000143051147,1.940000057220459,510100,0.0,0.0
2025-01-24 00:00:00-05:00,1.9199999570846558,1.9500000476837158,1.8949999809265137,1.9299999475479126,558400,0.0,0.0
2025-01-27 00:00:00-05:00,1.909999966621399,1.9900000095367432,1.8849999904632568,1.909999966621399,674100,0.0,0.0
2025-01-28 00:00:00-05:00,1.9199999570846558,1.940000057220459,1.850000023841858,1.8899999856948853,573200,0.0,0.0
2025-01-29 00:00:00-05:00,1.8799999952316284,1.909999966621399,1.850000023841858,1.8700000047683716,480000,0.0,0.0
2025-01-30 00:00:00-05:00,1.8799999952316284,1.9450000524520874,1.8700000047683716,1.909999966621399,539100,0.0,0.0
2025-01-31 00:00:00-05:00,1.909999966621399,1.940000057220459,1.850000023841858,1.8700000047683716,821600,0.0,0.0
2025-02-03 00:00:00-05:00,1.8200000524520874,1.899999976158142,1.7999999523162842,1.8600000143051147,732200,0.0,0.0
2025-02-04 00:00:00-05:00,1.840000033378601,1.9190000295639038,1.840000033378601,1.899999976158142,619100,0.0,0.0
2025-02-05 00:00:00-05:00,1.9299999475479126,1.9700000286102295,1.8799999952316284,1.9600000381469727,999300,0.0,0.0
2025-02-06 00:00:00-05:00,1.809999942779541,1.8600000143051147,1.600000023841858,1.8300000429153442,1849400,0.0,0.0
2025-02-07 00:00:00-05:00,1.8200000524520874,1.875,1.7799999713897705,1.809999942779541,853800,0.0,0.0
2025-02-10 00:00:00-05:00,1.7999999523162842,2.0,1.7799999713897705,1.9800000190734863,1376700,0.0,0.0
2025-02-11 00:00:00-05:00,1.9199999570846558,2.009999990463257,1.9199999570846558,1.9600000381469727,887300,0.0,0.0
2025-02-12 00:00:00-05:00,1.909999966621399,2.0199999809265137,1.909999966621399,1.9800000190734863,996000,0.0,0.0
2025-02-13 00:00:00-05:00,1.9900000095367432,2.0399999618530273,1.9700000286102295,2.009999990463257,813700,0.0,0.0
2025-02-14 00:00:00-05:00,2.0299999713897705,2.0299999713897705,1.9600000381469727,1.9700000286102295,742300,0.0,0.0
2025-02-18 00:00:00-05:00,1.9700000286102295,1.9700000286102295,1.840000033378601,1.8700000047683716,1045400,0.0,0.0
2025-02-19 00:00:00-05:00,1.8700000047683716,1.899999976158142,1.7999999523162842,1.8200000524520874,687900,0.0,0.0
2025-02-20 00:00:00-05:00,1.809999942779541,1.8300000429153442,1.7799999713897705,1.809999942779541,487600,0.0,0.0
2025-02-21 00:00:00-05:00,1.8200000524520874,1.8389999866485596,1.7300000190734863,1.7400000095367432,879900,0.0,0.0
2025-02-24 00:00:00-05:00,1.7300000190734863,1.75,1.6799999475479126,1.690000057220459,1143600,0.0,0.0
2025-02-25 00:00:00-05:00,1.7000000476837158,1.75,1.649999976158142,1.6799999475479126,1077600,0.0,0.0
2025-02-26 00:00:00-05:00,1.7100000381469727,1.8880000114440918,1.6950000524520874,1.809999942779541,1012400,0.0,0.0
2025-02-27 00:00:00-05:00,1.7599999904632568,1.815000057220459,1.7000000476837158,1.7000000476837158,1373900,0.0,0.0
2025-02-28 00:00:00-05:00,1.690000057220459,1.7100000381469727,1.649999976158142,1.690000057220459,707900,0.0,0.0
2025-03-03 00:00:00-05:00,1.7100000381469727,1.7400000095367432,1.625,1.6299999952316284,905600,0.0,0.0
2025-03-04 00:00:00-05:00,1.5750000476837158,1.6200000047683716,1.4800000190734863,1.600000023841858,1576200,0.0,0.0
2025-03-05 00:00:00-05:00,1.600000023841858,1.690000057220459,1.5950000286102295,1.6699999570846558,576700,0.0,0.0
2025-03-06 00:00:00-05:00,1.649999976158142,1.7649999856948853,1.5700000524520874,1.6200000047683716,1127200,0.0,0.0
2025-03-07 00:00:00-05:00,1.600000023841858,1.6150000095367432,1.5,1.5499999523162842,1526300,0.0,0.0
2025-03-10 00:00:00-04:00,1.5499999523162842,1.5499999523162842,1.4500000476837158,1.4800000190734863,1441900,0.0,0.0
2025-03-11 00:00:00-04:00,1.4600000381469727,1.5099999904632568,1.4299999475479126,1.4600000381469727,850200,0.0,0.0
2025-03-12 00:00:00-04:00,1.4500000476837158,1.4900000095367432,1.4199999570846558,1.440000057220459,755900,0.0,0.0
2025-03-13 00:00:00-04:00,1.4500000476837158,1.4600000381469727,1.3799999952316284,1.3799999952316284,780100,0.0,0.0
2025-03-14 00:00:00-04:00,1.409999966621399,1.409999966621399,1.3300000429153442,1.340000033378601,1007600,0.0,0.0
2025-03-17 00:00:00-04:00,1.309999942779541,1.399999976158142,1.309999942779541,1.3799999952316284,1194400,0.0,0.0
2025-03-18 00:00:00-04:00,1.3799999952316284,1.3949999809265137,1.309999942779541,1.350000023841858,901100,0.0,0.0
2025-03-19 00:00:00-04:00,1.350000023841858,1.4299999475479126,1.3300000429153442,1.399999976158142,692600,0.0,0.0
2025-03-20 00:00:00-04:00,1.3700000047683716,1.4290000200271606,1.3650000095367432,1.3799999952316284,562700,0.0,0.0
2025-03-21 00:00:00-04:00,1.3600000143051147,1.4199999570846558,1.350000023841858,1.399999976158142,1043400,0.0,0.0
2025-03-24 00:00:00-04:00,1.4199999570846558,1.4450000524520874,1.38100004196167,1.409999966621399,444600,0.0,0.0
2025-03-25 00:00:00-04:00,1.4199999570846558,1.4600000381469727,1.3600000143051147,1.3700000047683716,554300,0.0,0.0
2025-03-26 00:00:00-04:00,1.3700000047683716,1.399999976158142,1.350000023841858,1.3899999856948853,623600,0.0,0.0
2025-03-27 00:00:00-04:00,1.3799999952316284,1.4800000190734863,1.3600000143051147,1.4199999570846558,745000,0.0,0.0
2025-03-28 00:00:00-04:00,1.399999976158142,1.4500000476837158,1.3600000143051147,1.399999976158142,655400,0.0,0.0
2025-03-31 00:00:00-04:00,1.3600000143051147,1.4199999570846558,1.340000033378601,1.3899999856948853,601100,0.0,0.0
2025-04-01 00:00:00-04:00,1.3700000047683716,1.4299999475479126,1.3700000047683716,1.4199999570846558,711500,0.0,0.0
2025-04-02 00:00:00-04:00,1.409999966621399,1.440000057220459,1.3949999809265137,1.4199999570846558,432700,0.0,0.0
2025-04-03 00:00:00-04:00,1.350000023841858,1.399999976158142,1.309999942779541,1.3300000429153442,1396500,0.0,0.0
2025-04-04 00:00:00-04:00,1.284999966621399,1.3550000190734863,1.2599999904632568,1.3300000429153442,1034700,0.0,0.0
2025-04-07 00:00:00-04:00,1.2300000190734863,1.4249999523162842,1.2300000190734863,1.350000023841858,1212000,0.0,0.0
2025-04-08 00:00:00-04:00,1.3899999856948853,1.409999966621399,1.2999999523162842,1.3200000524520874,816800,0.0,0.0
2025-04-09 00:00:00-04:00,1.2899999618530273,1.4800000190734863,1.284999966621399,1.399999976158142,1039500,0.0,0.0
2025-04-10 00:00:00-04:00,1.3799999952316284,1.4299999475479126,1.3300000429153442,1.3799999952316284,966000,0.0,0.0
2025-04-11 00:00:00-04:00,1.3799999952316284,1.3949999809265137,1.3350000381469727,1.3899999856948853,478000,0.0,0.0
2025-04-14 00:00:00-04:00,1.399999976158142,1.440000057220459,1.2929999828338623,1.3300000429153442,732900,0.0,0.0
2025-04-15 00:00:00-04:00,1.3200000524520874,1.350000023841858,1.2599999904632568,1.2799999713897705,490800,0.0,0.0
2025-04-16 00:00:00-04:00,1.2599999904632568,1.2899999618530273,1.2300000190734863,1.25,642000,0.0,0.0
2025-04-17 00:00:00-04:00,1.25,1.2649999856948853,1.2000000476837158,1.2300000190734863,738500,0.0,0.0
2025-04-21 00:00:00-04:00,1.2100000381469727,1.215000033378601,1.1549999713897705,1.1799999475479126,518700,0.0,0.0
2025-04-22 00:00:00-04:00,1.2100000381469727,1.25,1.1799999475479126,1.2100000381469727,600000,0.0,0.0
2025-04-23 00:00:00-04:00,1.25,1.2799999713897705,1.1799999475479126,1.2000000476837158,622600,0.0,0.0
2025-04-24 00:00:00-04:00,1.190000057220459,1.2400000095367432,1.180999994277954,1.2100000381469727,684800,0.0,0.0
2025-04-25 00:00:00-04:00,1.190000057220459,1.2100000381469727,1.159999966621399,1.2000000476837158,820600,0.0,0.0
2025-04-28 00:00:00-04:00,1.1799999475479126,1.2200000286102295,1.159999966621399,1.1799999475479126,515700,0.0,0.0
2025-04-29 00:00:00-04:00,1.1699999570846558,1.190000057220459,1.149999976158142,1.1699999570846558,443600,0.0,0.0
2025-04-30 00:00:00-04:00,1.1399999856948853,1.159999966621399,1.1200000047683716,1.1299999952316284,561600,0.0,0.0
2025-05-01 00:00:00-04:00,1.1200000047683716,1.149999976158142,1.090000033378601,1.100000023841858,656200,0.0,0.0
2025-05-02 00:00:00-04:00,1.100000023841858,1.1399999856948853,1.100000023841858,1.1200000047683716,405200,0.0,0.0
2025-05-05 00:00:00-04:00,1.1100000143051147,1.149999976158142,1.1100000143051147,1.1200000047683716,250600,0.0,0.0
2025-05-06 00:00:00-04:00,1.1100000143051147,1.1299999952316284,1.100000023841858,1.1200000047683716,432500,0.0,0.0
2025-05-07 00:00:00-04:00,1.1200000047683716,1.1299999952316284,1.100000023841858,1.1299999952316284,387800,0.0,0.0
2025-05-08 00:00:00-04:00,1.1299999952316284,1.2000000476837158,1.1299999952316284,1.190000057220459,516700,0.0,0.0
2025-05-09 00:00:00-04:00,1.1799999475479126,1.2100000381469727,1.159999966621399,1.159999966621399,499500,0.0,0.0
2025-05-12 00:00:00-04:00,1.2400000095367432,1.4199999570846558,1.2400000095367432,1.2599999904632568,1500600,0.0,0.0
2025-05-13 00:00:00-04:00,1.2599999904632568,1.309999942779541,1.2549999952316284,1.2999999523162842,287800,0.0,0.0
2025-05-14 00:00:00-04:00,1.2999999523162842,1.350000023841858,1.2999999523162842,1.2999999523162842,478200,0.0,0.0
2025-05-15 00:00:00-04:00,1.2899999618530273,1.309999942779541,1.2450000047683716,1.2599999904632568,254200,0.0,0.0
2025-05-16 00:00:00-04:00,1.25,1.2999999523162842,1.25,1.2799999713897705,408400,0.0,0.0
2025-05-19 00:00:00-04:00,1.2699999809265137,1.2899999618530273,1.2400000095367432,1.2699999809265137,462800,0.0,0.0
2025-05-20 00:00:00-04:00,1.2699999809265137,1.2999999523162842,1.2400000095367432,1.2899999618530273,447000,0.0,0.0
2025-05-21 00:00:00-04:00,1.2799999713897705,1.2799999713897705,1.2200000286102295,1.2300000190734863,384900,0.0,0.0
2025-05-22 00:00:00-04:00,1.2200000286102295,1.2380000352859497,1.2000000476837158,1.2000000476837158,278400,0.0,0.0
2025-05-23 00:00:00-04:00,1.1699999570846558,1.2200000286102295,1.159999966621399,1.2100000381469727,511600,0.0,0.0
2025-05-27 00:00:00-04:00,1.2200000286102295,1.3300000429153442,1.2200000286102295,1.309999942779541,607500,0.0,0.0
2025-05-28 00:00:00-04:00,1.2899999618530273,1.340000033378601,1.2699999809265137,1.2699999809265137,462900,0.0,0.0
2025-05-29 00:00:00-04:00,1.2699999809265137,1.309999942779541,1.2649999856948853,1.2999999523162842,497400,0.0,0.0
2025-05-30 00:00:00-04:00,1.2899999618530273,1.3200000524520874,1.2899999618530273,1.2899999618530273,470100,0.0,0.0
2025-06-02 00:00:00-04:00,1.2999999523162842,1.309999942779541,1.2100000381469727,1.2400000095367432,1636100,0.0,0.0
2025-06-03 00:00:00-04:00,1.25,1.3300000429153442,1.25,1.309999942779541,1819800,0.0,0.0
2025-06-04 00:00:00-04:00,1.3200000524520874,1.3799999952316284,1.2799999713897705,1.350000023841858,3594300,0.0,0.0
2025-06-05 00:00:00-04:00,1.090000033378601,1.1230000257492065,0.949999988079071,0.9520000219345093,15158900,0.0,0.0
2025-06-06 00:00:00-04:00,0.9800000190734863,1.0,0.9300000071525574,0.9399999976158142,4427200,0.0,0.0
2025-06-09 00:00:00-04:00,0.9399999976158142,0.9480000138282776,0.8650000095367432,0.9290000200271606,2358800,0.0,0.0
2025-06-10 00:00:00-04:00,0.9330000281333923,0.9649999737739563,0.8899999856948853,0.8980000019073486,2603800,0.0,0.0
2025-06-11 00:00:00-04:00,0.8949999809265137,0.8980000019073486,0.8500000238418579,0.8600000143051147,2288000,0.0,0.0
2025-06-12 00:00:00-04:00,0.8799999952316284,0.9089999794960022,0.8389999866485596,0.875,1481500,0.0,0.0
2025-06-13 00:00:00-04:00,0.8799999952316284,0.8899999856948853,0.8149999976158142,0.8240000009536743,1618100,0.0,0.0
2025-06-16 00:00:00-04:00,0.8199999928474426,0.8790000081062317,0.8050000071525574,0.8500000238418579,1276000,0.0,0.0
2025-06-17 00:00:00-04:00,0.8579999804496765,0.8740000128746033,0.8149999976158142,0.8220000267028809,978200,0.0,0.0
2025-06-18 00:00:00-04:00,0.8199999928474426,0.8399999737739563,0.8080000281333923,0.8130000233650208,1053900,0.0,0.0
2025-06-20 00:00:00-04:00,0.8140000104904175,0.824999988079071,0.800000011920929,0.8059999942779541,1517800,0.0,0.0
2025-06-23 00:00:00-04:00,0.800000011920929,0.8199999928474426,0.7699999809265137,0.8130000233650208,1729600,0.0,0.0
2025-06-24 00:00:00-04:00,0.8140000104904175,0.8339999914169312,0.8100000023841858,0.8130000233650208,874400,0.0,0.0
2025-06-25 00:00:00-04:00,0.8100000023841858,0.8600000143051147,0.8050000071525574,0.8529999852180481,1494900,0.0,0.0
2025-06-26 00:00:00-04:00,0.8629999756813049,0.9049999713897705,0.8420000076293945,0.8989999890327454,1947100,0.0,0.0
2025-06-27 00:00:00-04:00,0.8949999809265137,0.9300000071525574,0.8500000238418579,0.8539999723434448,4671800,0.0,0.0
2025-06-30 00:00:00-04:00,0.8500000238418579,0.9100000262260437,0.8399999737739563,0.8799999952316284,832300,0.0,0.0
2025-07-01 00:00:00-04:00,0.8650000095367432,0.9129999876022339,0.8600000143051147,0.8899999856948853,788500,0.0,0.0
2025-07-02 00:00:00-04:00,0.8980000019073486,0.9399999976158142,0.8899999856948853,0.9380000233650208,930400,0.0,0.0
2025-07-03 00:00:00-04:00,0.9380000233650208,0.9399999976158142,0.9010000228881836,0.9129999876022339,375900,0.0,0.0
2025-07-07 00:00:00-04:00,0.9100000262260437,0.9300000071525574,0.8799999952316284,0.9070000052452087,890900,0.0,0.0
2025-07-08 00:00:00-04:00,0.9150000214576721,0.9390000104904175,0.9049999713897705,0.9330000281333923,531300,0.0,0.0
2025-07-09 00:00:00-04:00,0.9350000023841858,0.949999988079071,0.890999972820282,0.9139999747276306,611200,0.0,0.0
2025-07-10 00:00:00-04:00,0.9100000262260437,0.9789999723434448,0.9100000262260437,0.9639999866485596,893900,0.0,0.0
2025-07-11 00:00:00-04:00,0.9419999718666077,0.9570000171661377,0.9110000133514404,0.9229999780654907,541700,0.0,0.0
2025-07-14 00:00:00-04:00,0.9100000262260437,0.9279999732971191,0.890999972820282,0.890999972820282,493100,0.0,0.0
2025-07-15 00:00:00-04:00,0.8980000019073486,0.9070000052452087,0.8740000128746033,0.8740000128746033,618600,0.0,0.0
2025-07-16 00:00:00-04:00,0.8759999871253967,0.9150000214576721,0.8510000109672546,0.9039999842643738,625000,0.0,0.0
2025-07-17 00:00:00-04:00,0.8799999952316284,0.9900000095367432,0.8799999952316284,0.972000002861023,1476100,0.0,0.0
2025-07-18 00:00:00-04:00,0.9739999771118164,1.0099999904632568,0.9359999895095825,0.9490000009536743,834800,0.0,0.0
2025-07-21 00:00:00-04:00,0.949999988079071,0.9670000076293945,0.9300000071525574,0.9589999914169312,353800,0.0,0.0
2025-07-22 00:00:00-04:00,0.9300000071525574,1.059999942779541,0.8999999761581421,1.0399999618530273,1220100,0.0,0.0
2025-07-23 00:00:00-04:00,1.0800000429153442,1.1299999952316284,1.0299999713897705,1.100000023841858,1875900,0.0,0.0
2025-07-24 00:00:00-04:00,1.1299999952316284,1.1299999952316284,1.059999942779541,1.0800000429153442,632700,0.0,0.0
2025-07-25 00:00:00-04:00,1.0800000429153442,1.0800000429153442,1.0,1.0199999809265137,795500,0.0,0.0
2025-07-28 00:00:00-04:00,1.0099999904632568,1.0299999713897705,0.9900000095367432,1.0,639100,0.0,0.0
2025-07-29 00:00:00-04:00,1.0,1.0099999904632568,0.9190000295639038,0.9190000295639038,829800,0.0,0.0
2025-07-30 00:00:00-04:00,0.9100000262260437,0.949999988079071,0.8799999952316284,0.9039999842643738,775900,0.0,0.0
2025-07-31 00:00:00-04:00,0.8999999761581421,0.9179999828338623,0.8569999933242798,0.8610000014305115,625300,0.0,0.0
2025-08-01 00:00:00-04:00,0.8500000238418579,0.8610000014305115,0.8009999990463257,0.843999981880188,1098100,0.0,0.0
2025-08-04 00:00:00-04:00,0.8970000147819519,0.9200000166893005,0.8629999756813049,0.8899999856948853,721000,0.0,0.0
2025-08-05 00:00:00-04:00,0.8999999761581421,0.9100000262260437,0.8600000143051147,0.8799999952316284,437300,0.0,0.0
2025-08-06 00:00:00-04:00,0.8700000047683716,0.8989999890327454,0.8399999737739563,0.8550000190734863,1135200,0.0,0.0
2025-08-07 00:00:00-04:00,0.8600000143051147,0.8600000143051147,0.8009999990463257,0.8009999990463257,1009000,0.0,0.0
2025-08-08 00:00:00-04:00,0.8199999928474426,0.8299999833106995,0.7900000214576721,0.7900000214576721,1113500,0.0,0.0
2025-08-11 00:00:00-04:00,0.7839999794960022,0.8240000009536743,0.7839999794960022,0.8040000200271606,847600,0.0,0.0
2025-08-12 00:00:00-04:00,0.8199999928474426,0.8769999742507935,0.8100000023841858,0.8299999833106995,851900,0.0,0.0
2025-08-13 00:00:00-04:00,0.828000009059906,0.8450000286102295,0.8180000185966492,0.8230000138282776,657800,0.0,0.0
2025-08-14 00:00:00-04:00,0.8080000281333923,0.8320000171661377,0.8080000281333923,0.8209999799728394,651000,0.0,0.0
2025-08-15 00:00:00-04:00,0.8090000152587891,0.8349999785423279,0.8090000152587891,0.8100000023841858,689800,0.0,0.0
2025-08-18 00:00:00-04:00,0.8100000023841858,0.8560000061988831,0.8100000023841858,0.8349999785423279,610600,0.0,0.0
2025-08-19 00:00:00-04:00,0.8309999704360962,0.8640000224113464,0.8209999799728394,0.8299999833106995,597900,0.0,0.0
2025-08-20 00:00:00-04:00,0.8220000267028809,0.8339999914169312,0.8090000152587891,0.8100000023841858,665200,0.0,0.0
2025-08-21 00:00:00-04:00,0.8009999990463257,0.8259999752044678,0.7900000214576721,0.8100000023841858,482900,0.0,0.0
2025-08-22 00:00:00-04:00,0.8100000023841858,0.878000020980835,0.8100000023841858,0.8619999885559082,1553200,0.0,0.0
2025-08-25 00:00:00-04:00,0.8669999837875366,0.8669999837875366,0.8320000171661377,0.8320000171661377,430200,0.0,0.0
2025-08-26 00:00:00-04:00,0.8500000238418579,0.9039999842643738,0.8360000252723694,0.8690000176429749,787200,0.0,0.0
2025-08-27 00:00:00-04:00,0.8600000143051147,0.9120000004768372,0.8500000238418579,0.8840000033378601,644800,0.0,0.0
2025-08-28 00:00:00-04:00,0.9100000262260437,0.9200000166893005,0.8759999871253967,0.890999972820282,379800,0.0,0.0
2025-08-29 00:00:00-04:00,0.8999999761581421,0.9179999828338623,0.8809999823570251,0.9020000100135803,405200,0.0,0.0
2025-09-02 00:00:00-04:00,0.8999999761581421,0.9509999752044678,0.8799999952316284,0.8999999761581421,1213300,0.0,0.0
2025-09-03 00:00:00-04:00,0.8809999823570251,0.9200000166893005,0.8510000109672546,0.8650000095367432,472300,0.0,0.0
2025-09-04 00:00:00-04:00,0.8610000014305115,0.9039999842643738,0.8519999980926514,0.8920000195503235,558600,0.0,0.0
2025-09-05 00:00:00-04:00,0.8889999985694885,0.9300000071525574,0.8640000224113464,0.8769999742507935,609700,0.0,0.0
2025-09-08 00:00:00-04:00,0.8700000047683716,0.9210000038146973,0.8700000047683716,0.9139999747276306,676900,0.0,0.0
2025-09-09 00:00:00-04:00,0.8949999809265137,0.9200000166893005,0.8759999871253967,0.8899999856948853,385900,0.0,0.0
2025-09-10 00:00:00-04:00,0.8730000257492065,0.8970000147819519,0.8600000143051147,0.8640000224113464,448000,0.0,0.0
2025-09-11 00:00:00-04:00,0.8600000143051147,0.8970000147819519,0.8600000143051147,0.8930000066757202,593600,0.0,0.0
2025-09-12 00:00:00-04:00,0.8999999761581421,0.9129999876022339,0.8700000047683716,0.8830000162124634,857600,0.0,0.0
2025-09-15 00:00:00-04:00,0.8830000162124634,0.8880000114440918,0.8299999833106995,0.8410000205039978,1287900,0.0,0.0
2025-09-16 00:00:00-04:00,0.8330000042915344,0.8460000157356262,0.8209999799728394,0.8259999752044678,494400,0.0,0.0
2025-09-17 00:00:00-04:00,0.8270000219345093,0.8460000157356262,0.8119999766349792,0.8199999928474426,823400,0.0,0.0
2025-09-18 00:00:00-04:00,0.828000009059906,0.8730000257492065,0.828000009059906,0.8730000257492065,464800,0.0,0.0
2025-09-19 00:00:00-04:00,0.8460000157356262,0.8600000143051147,0.8330000042915344,0.8600000143051147,2001400,0.0,0.0
2025-09-22 00:00:00-04:00,0.8500000238418579,0.859000027179718,0.8410000205039978,0.8510000109672546,555400,0.0,0.0
2025-09-23 00:00:00-04:00,0.8600000143051147,0.8690000176429749,0.8320000171661377,0.8489999771118164,597400,0.0,0.0
2025-09-24 00:00:00-04:00,0.8330000042915344,0.8550000190734863,0.8199999928474426,0.8209999799728394,602200,0.0,0.0
2025-09-25 00:00:00-04:00,0.8230000138282776,0.8500000238418579,0.8199999928474426,0.8199999928474426,767300,0.0,0.0
2025-09-26 00:00:00-04:00,0.8500000238418579,0.8500000238418579,0.8149999976158142,0.8399999737739563,543800,0.0,0.0
2025-09-29 00:00:00-04:00,0.8199999928474426,0.8299999833106995,0.8130000233650208,0.8149999976158142,570400,0.0,0.0
2025-09-30 00:00:00-04:00,0.8149999976158142,0.8489999771118164,0.8069999814033508,0.8309999704360962,853200,0.0,0.0
2025-10-01 00:00:00-04:00,0.8100000023841858,0.8259999752044678,0.8059999942779541,0.8149999976158142,849900,0.0,0.0
2025-10-02 00:00:00-04:00,0.800000011920929,0.8159999847412109,0.800000011920929,0.8090000152587891,681000,0.0,0.0
2025-10-03 00:00:00-04:00,0.8100000023841858,0.8140000104904175,0.8009999990463257,0.8009999990463257,761300,0.0,0.0
2025-10-06 00:00:00-04:00,0.8069999814033508,0.8100000023841858,0.7799999713897705,0.7860000133514404,1365300,0.0,0.0
2025-10-07 00:00:00-04:00,0.7900000214576721,0.800000011920929,0.7799999713897705,0.7799999713897705,820500,0.0,0.0
2025-10-08 00:00:00-04:00,0.7799999713897705,0.796999990940094,0.7799999713897705,0.7839999794960022,480300,0.0,0.0
2025-10-09 00:00:00-04:00,0.7900000214576721,0.8799999952316284,0.7799999713897705,0.8500000238418579,1441700,0.0,0.0
2025-10-10 00:00:00-04:00,0.8410000205039978,0.8510000109672546,0.7710000276565552,0.7710000276565552,1584200,0.0,0.0
2025-10-13 00:00:00-04:00,0.7799999713897705,0.8019999861717224,0.7549999952316284,0.7559999823570251,1123600,0.0,0.0
2025-10-14 00:00:00-04:00,0.7599999904632568,0.7789999842643738,0.734000027179718,0.7400000095367432,1223600,0.0,0.0
2025-10-15 00:00:00-04:00,0.7549999952316284,0.8199999928474426,0.75,0.7730000019073486,1233500,0.0,0.0
2025-10-16 00:00:00-04:00,0.7940000295639038,0.8040000200271606,0.7570000290870667,0.7720000147819519,819900,0.0,0.0
2025-10-17 00:00:00-04:00,0.7599999904632568,0.8040000200271606,0.7599999904632568,0.7889999747276306,1150900,0.0,0.0
2025-10-20 00:00:00-04:00,0.8100000023841858,0.8999999761581421,0.7950000166893005,0.8799999952316284,1419900,0.0,0.0
2025-10-21 00:00:00-04:00,0.8949999809265137,0.9700000286102295,0.843999981880188,0.8899999856948853,2515100,0.0,0.0
2025-10-22 00:00:00-04:00,0.9070000052452087,0.925000011920929,0.8410000205039978,0.8600000143051147,933100,0.0,0.0
2025-10-23 00:00:00-04:00,0.8700000047683716,0.8880000114440918,0.8420000076293945,0.8560000061988831,607200,0.0,0.0
2025-10-24 00:00:00-04:00,0.8629999756813049,0.8989999890327454,0.8629999756813049,0.8640000224113464,413600,0.0,0.0
2025-10-27 00:00:00-04:00,0.8669999837875366,0.8700000047683716,0.8059999942779541,0.8399999737739563,2108700,0.0,0.0
2025-10-28 00:00:00-04:00,0.8679999709129333,0.8679999709129333,0.8370000123977661,0.8479999899864197,443100,0.0,0.0
2025-10-29 00:00:00-04:00,0.843999981880188,0.9700000286102295,0.8370000123977661,0.9399999976158142,2151500,0.0,0.0
2025-10-30 00:00:00-04:00,0.9200000166893005,1.0399999618530273,0.8640000224113464,0.9319999814033508,2760600,0.0,0.0
2025-10-31 00:00:00-04:00,0.9200000166893005,0.9440000057220459,0.8949999809265137,0.9079999923706055,777400,0.0,0.0
2025-11-03 00:00:00-05:00,0.9100000262260437,0.9200000166893005,0.843999981880188,0.8500000238418579,587900,0.0,0.0
2025-11-04 00:00:00-05:00,0.8199999928474426,0.8529999852180481,0.8019999861717224,0.8019999861717224,881700,0.0,0.0
2025-11-05 00:00:00-05:00,0.8370000123977661,0.8399999737739563,0.7900000214576721,0.8100000023841858,481100,0.0,0.0
2025-11-06 00:00:00-05:00,0.8169999718666077,0.8410000205039978,0.7829999923706055,0.7929999828338623,571900,0.0,0.0
2025-11-07 00:00:00-05:00,0.7730000019073486,0.8109999895095825,0.7720000147819519,0.7900000214576721,1080600,0.0,0.0
2025-11-10 00:00:00-05:00,0.7509999871253967,0.8140000104904175,0.7419999837875366,0.7900000214576721,1070100,0.0,0.0
2025-11-11 00:00:00-05:00,0.7799999713897705,0.8500000238418579,0.7799999713897705,0.8190000057220459,834600,0.0,0.0
2025-11-12 00:00:00-05:00,0.8100000023841858,0.8500000238418579,0.7919999957084656,0.8050000071525574,1209200,0.0,0.0
2025-11-13 00:00:00-05:00,0.7900000214576721,0.8009999990463257,0.7549999952316284,0.7549999952316284,1124900,0.0,0.0
2025-11-14 00:00:00-05:00,0.7760000228881836,0.7879999876022339,0.7379999756813049,0.7400000095367432,1263300,0.0,0.0
2025-11-17 00:00:00-05:00,0.7310000061988831,0.7749999761581421,0.7200000286102295,0.7229999899864197,1045800,0.0,0.0
2025-11-18 00:00:00-05:00,0.7179999947547913,0.7300000190734863,0.699999988079071,0.7099999785423279,832900,0.0,0.0
2025-11-19 00:00:00-05:00,0.7099999785423279,0.7200000286102295,0.6850000023841858,0.6949999928474426,1620400,0.0,0.0
2025-11-20 00:00:00-05:00,0.699999988079071,0.7200000286102295,0.6549999713897705,0.6610000133514404,1234600,0.0,0.0
2025-11-21 00:00:00-05:00,0.6600000262260437,0.7300000190734863,0.6600000262260437,0.7279999852180481,999200,0.0,0.0
2025-11-24 00:00:00-05:00,0.699999988079071,0.7200000286102295,0.6809999942779541,0.6949999928474426,753200,0.0,0.0
2025-11-25 00:00:00-05:00,0.7099999785423279,0.7200000286102295,0.6909999847412109,0.7059999704360962,446900,0.0,0.0
2025-11-26 00:00:00-05:00,0.7020000219345093,0.722000002861023,0.6949999928474426,0.7089999914169312,520900,0.0,0.0
2025-11-28 00:00:00-05:00,0.7160000205039978,0.7300000190734863,0.7099999785423279,0.7149999737739563,193500,0.0,0.0
2025-12-01 00:00:00-05:00,0.6899999976158142,0.7049999833106995,0.6740000247955322,0.6790000200271606,693800,0.0,0.0
2025-12-02 00:00:00-05:00,0.6710000038146973,0.699999988079071,0.6610000133514404,0.6650000214576721,648800,0.0,0.0
2025-12-03 00:00:00-05:00,0.6700000166893005,0.6980000138282776,0.6650000214576721,0.6949999928474426,469700,0.0,0.0
2025-12-04 00:00:00-05:00,0.6800000071525574,0.6940000057220459,0.675000011920929,0.6809999942779541,241500,0.0,0.0
2025-12-05 00:00:00-05:00,0.6899999976158142,0.699999988079071,0.671999990940094,0.671999990940094,427900,0.0,0.0
2025-12-08 00:00:00-05:00,0.6869999766349792,0.6899999976158142,0.652999997138977,0.656000018119812,535300,0.0,0.0
2025-12-09 00:00:00-05:00,0.6499999761581421,0.6819999814033508,0.6499999761581421,0.6800000071525574,469600,0.0,0.0
2025-12-10 00:00:00-05:00,0.6269999742507935,0.6690000295639038,0.6269999742507935,0.6579999923706055,887100,0.0,0.0
2025-12-11 00:00:00-05:00,0.6669999957084656,0.6800000071525574,0.6600000262260437,0.6759999990463257,680100,0.0,0.0
2025-12-12 00:00:00-05:00,0.6600000262260437,0.6940000057220459,0.6600000262260437,0.6610000133514404,500100,0.0,0.0
2025-12-15 00:00:00-05:00,0.6600000262260437,0.6629999876022339,0.6269999742507935,0.6269999742507935,1230100,0.0,0.0
2025-12-16 00:00:00-05:00,0.6119999885559082,0.671999990940094,0.6119999885559082,0.6520000100135803,1229000,0.0,0.0
2025-12-17 00:00:00-05:00,0.6370000243186951,0.6499999761581421,0.6299999952316284,0.640999972820282,486000,0.0,0.0
2025-12-18 00:00:00-05:00,0.6349999904632568,0.6489999890327454,0.621999979019165,0.6349999904632568,1197900,0.0,0.0
2025-12-19 00:00:00-05:00,0.6309999823570251,0.6399999856948853,0.6169999837875366,0.625,1243100,0.0,0.0
2025-12-22 00:00:00-05:00,0.6119999885559082,0.6200000047683716,0.6019999980926514,0.6069999933242798,877500,0.0,0.0
2025-12-23 00:00:00-05:00,0.6000000238418579,0.625,0.5849999785423279,0.6159999966621399,1715300,0.0,0.0
2025-12-24 00:00:00-05:00,0.5799999833106995,0.6570000052452087,0.5799999833106995,0.6489999890327454,734200,0.0,0.0
2025-12-26 00:00:00-05:00,0.6290000081062317,0.6610000133514404,0.5870000123977661,0.6150000095367432,915500,0.0,0.0
2025-12-29 00:00:00-05:00,0.597000002861023,0.6129999756813049,0.5879999995231628,0.5910000205039978,1037800,0.0,0.0
2025-12-30 00:00:00-05:00,0.5889999866485596,0.6000000238418579,0.5709999799728394,0.5830000042915344,1138800,0.0,0.0
2025-12-31 00:00:00-05:00,0.5509999990463257,0.6079999804496765,0.550000011920929,0.6029999852180481,1053600,0.0,0.0
2026-01-02 00:00:00-05:00,0.5820000171661377,0.6209999918937683,0.5730000138282776,0.5770000219345093,594300,0.0,0.0
2026-01-05 00:00:00-05:00,0.5699999928474426,0.5929999947547913,0.5600000023841858,0.5799999833106995,758000,0.0,0.0
2026-01-06 00:00:00-05:00,0.5619999766349792,0.5799999833106995,0.5450000166893005,0.5550000071525574,903100,0.0,0.0
2026-01-07 00:00:00-05:00,0.5509999990463257,0.5699999928474426,0.5299999713897705,0.5400000214576721,981100,0.0,0.0
2026-01-08 00:00:00-05:00,0.550000011920929,0.574999988079071,0.5400000214576721,0.5649999976158142,1526400,0.0,0.0
2026-01-09 00:00:00-05:00,0.5709999799728394,0.6320000290870667,0.5630000233650208,0.6190000176429749,9070800,0.0,0.0
2026-01-12 00:00:00-05:00,0.7789999842643738,0.8240000009536743,0.7609999775886536,0.7770000100135803,14154900,0.0,0.0
2026-01-13 00:00:00-05:00,0.7699999809265137,0.8190000057220459,0.7699999809265137,0.7900000214576721,2784800,0.0,0.0
2026-01-14 00:00:00-05:00,0.7900000214576721,0.9900000095367432,0.7900000214576721,0.9369999766349792,13575700,0.0,0.0
2026-01-15 00:00:00-05:00,0.9549999833106995,0.9580000042915344,0.8960000276565552,0.9390000104904175,2578600,0.0,0.0
2026-01-16 00:00:00-05:00,0.9079999923706055,0.9599999785423279,0.9079999923706055,0.9129999876022339,1011600,0.0,0.0
2026-01-20 00:00:00-05:00,0.9120000004768372,0.9300000071525574,0.8980000019073486,0.9160000085830688,1204100,0.0,0.0
2026-01-21 00:00:00-05:00,0.9129999876022339,0.9490000009536743,0.8830000162124634,0.9390000104904175,1392400,0.0,0.0
2026-01-22 00:00:00-05:00,0.9480000138282776,0.9900000095367432,0.9100000262260437,0.9309999942779541,1155900,0.0,0.0
2026-01-23 00:00:00-05:00,0.9300000071525574,0.9409999847412109,0.902999997138977,0.9200000166893005,1030900,0.0,0.0
2026-01-26 00:00:00-05:00,0.9449999928474426,0.949999988079071,0.8999999761581421,0.9100000262260437,1353400,0.0,0.0
2026-01-27 00:00:00-05:00,0.8999999761581421,0.9100000262260437,0.8709999918937683,0.9020000100135803,1056100,0.0,0.0
2026-01-28 00:00:00-05:00,0.8799999952316284,0.902999997138977,0.8539999723434448,0.8560000061988831,999100,0.0,0.0
2026-01-29 00:00:00-05:00,0.8669999837875366,0.8799999952316284,0.824999988079071,0.8629999756813049,682900,0.0,0.0
2026-01-30 00:00:00-05:00,0.8650000095367432,0.8899999856948853,0.8199999928474426,0.8899999856948853,1135300,0.0,0.0
2026-02-02 00:00:00-05:00,0.8899999856948853,0.9160000085830688,0.8510000109672546,0.859000027179718,986900,0.0,0.0
2026-02-03 00:00:00-05:00,0.8460000157356262,0.8799999952316284,0.8100000023841858,0.8299999833106995,1630600,0.0,0.0
2026-02-04 00:00:00-05:00,0.8309999704360962,0.8579999804496765,0.8299999833106995,0.8379999995231628,577200,0.0,0.0
2026-02-05 00:00:00-05:00,0.8379999995231628,0.843999981880188,0.8040000200271606,0.8159999847412109,905500,0.0,0.0
2026-02-06 00:00:00-05:00,0.8100000023841858,0.8600000143051147,0.8029999732971191,0.8339999914169312,781800,0.0,0.0
2026-02-09 00:00:00-05:00,0.8399999737739563,0.8399999737739563,0.8029999732971191,0.8100000023841858,584000,0.0,0.0
2026-02-10 00:00:00-05:00,0.8289999961853027,0.8399999737739563,0.7900000214576721,0.7900000214576721,768100,0.0,0.0
2026-02-11 00:00:00-05:00,0.8100000023841858,0.8679999709129333,0.777999997138977,0.7799999713897705,1751300,0.0,0.0
2026-02-12 00:00:00-05:00,0.7749999761581421,0.7979999780654907,0.7649999856948853,0.7730000019073486,1405600,0.0,0.0
2026-02-13 00:00:00-05:00,0.7739999890327454,0.7990000247955322,0.7599999904632568,0.7839999794960022,652800,0.0,0.0
2026-02-17 00:00:00-05:00,0.7900000214576721,0.7950000166893005,0.7599999904632568,0.7799999713897705,753100,0.0,0.0
2026-02-18 00:00:00-05:00,0.7699999809265137,0.7850000262260437,0.75,0.7630000114440918,929400,0.0,0.0
2026-02-19 00:00:00-05:00,0.7649999856948853,0.7649999856948853,0.734000027179718,0.753000020980835,883600,0.0,0.0
2026-02-20 00:00:00-05:00,0.7559999823570251,0.8130000233650208,0.75,0.8019999861717224,924100,0.0,0.0
2026-02-23 00:00:00-05:00,0.800000011920929,0.8270000219345093,0.7549999952316284,0.7699999809265137,901200,0.0,0.0
2026-02-24 00:00:00-05:00,0.7960000038146973,0.800000011920929,0.7599999904632568,0.7599999904632568,784600,0.0,0.0
2026-02-25 00:00:00-05:00,0.7962999939918518,0.8100000023841858,0.7601000070571899,0.7601000070571899,796396,0.0,0.0
