Date,Open,High,Low,Close,Volume,Dividends,Stock Splits
2022-01-03 00:00:00-05:00,14.0,17.5,12.949999809265137,15.399999618530273,6551,0.0,0.0
2022-01-04 00:00:00-05:00,17.5,17.5,12.949999809265137,13.895000457763672,5749,0.0,0.0
2022-01-05 00:00:00-05:00,14.0,17.5,13.194999694824219,14.140000343322754,4603,0.0,0.0
2022-01-06 00:00:00-05:00,12.949999809265137,17.149999618530273,12.949999809265137,13.895000457763672,2829,0.0,0.0
2022-01-07 00:00:00-05:00,13.649999618530273,16.100000381469727,13.125,13.895000457763672,4934,0.0,0.0
2022-01-10 00:00:00-05:00,13.720000267028809,13.720000267028809,12.949999809265137,13.300000190734863,3671,0.0,0.0
2022-01-11 00:00:00-05:00,13.6850004196167,15.399999618530273,12.425000190734863,15.399999618530273,1489,0.0,0.0
2022-01-12 00:00:00-05:00,12.984999656677246,15.75,12.145000457763672,12.949999809265137,6340,0.0,0.0
2022-01-13 00:00:00-05:00,13.404999732971191,13.404999732971191,12.25,12.319999694824219,1940,0.0,0.0
2022-01-14 00:00:00-05:00,12.494999885559082,14.699999809265137,11.899999618530273,11.899999618530273,3674,0.0,0.0
2022-01-18 00:00:00-05:00,12.635000228881836,13.96500015258789,10.010000228881836,10.359999656677246,7311,0.0,0.0
2022-01-19 00:00:00-05:00,10.324999809265137,11.199999809265137,9.555000305175781,9.835000038146973,6086,0.0,0.0
2022-01-20 00:00:00-05:00,10.149999618530273,10.5,9.484999656677246,9.904999732971191,7151,0.0,0.0
2022-01-21 00:00:00-05:00,10.5,10.5,9.449999809265137,9.449999809265137,2383,0.0,0.0
2022-01-24 00:00:00-05:00,10.114999771118164,10.114999771118164,8.609999656677246,9.029999732971191,5049,0.0,0.0
2022-01-25 00:00:00-05:00,9.029999732971191,9.800000190734863,8.75,9.800000190734863,3186,0.0,0.0
2022-01-26 00:00:00-05:00,9.800000190734863,14.0,9.800000190734863,10.220000267028809,3211,0.0,0.0
2022-01-27 00:00:00-05:00,12.600000381469727,12.600000381469727,9.800000190734863,9.800000190734863,1977,0.0,0.0
2022-01-28 00:00:00-05:00,9.975000381469727,12.25,9.100000381469727,11.725000381469727,1294,0.0,0.0
2022-01-31 00:00:00-05:00,10.324999809265137,12.074999809265137,9.800000190734863,10.5,3011,0.0,0.0
2022-02-01 00:00:00-05:00,10.850000381469727,11.550000190734863,10.045000076293945,10.5,463,0.0,0.0
2022-02-02 00:00:00-05:00,9.835000038146973,10.149999618530273,9.729999542236328,10.079999923706055,351,0.0,0.0
2022-02-03 00:00:00-05:00,11.550000190734863,11.550000190734863,9.800000190734863,9.800000190734863,749,0.0,0.0
2022-02-04 00:00:00-05:00,9.800000190734863,10.850000381469727,9.449999809265137,9.449999809265137,3623,0.0,0.0
2022-02-07 00:00:00-05:00,9.625,10.640000343322754,9.625,10.640000343322754,1111,0.0,0.0
2022-02-08 00:00:00-05:00,12.074999809265137,12.074999809265137,10.149999618530273,10.640000343322754,1031,0.0,0.0
2022-02-09 00:00:00-05:00,10.5,12.074999809265137,10.220000267028809,10.324999809265137,1363,0.0,0.0
2022-02-10 00:00:00-05:00,10.5,12.074999809265137,10.5,10.5,1371,0.0,0.0
2022-02-11 00:00:00-05:00,12.25,12.25,10.5,11.130000114440918,3011,0.0,0.0
2022-02-14 00:00:00-05:00,10.569999694824219,11.270000457763672,10.5,10.850000381469727,437,0.0,0.0
2022-02-15 00:00:00-05:00,12.25,12.25,10.5,10.569999694824219,1249,0.0,0.0
2022-02-16 00:00:00-05:00,11.199999809265137,11.199999809265137,10.850000381469727,10.850000381469727,223,0.0,0.0
2022-02-17 00:00:00-05:00,10.5,10.675000190734863,10.5,10.5,160,0.0,0.0
2022-02-18 00:00:00-05:00,10.149999618530273,10.850000381469727,10.149999618530273,10.289999961853027,1177,0.0,0.0
2022-02-22 00:00:00-05:00,10.604999542236328,11.725000381469727,9.800000190734863,10.5,1191,0.0,0.0
2022-02-23 00:00:00-05:00,10.885000228881836,11.199999809265137,9.975000381469727,9.975000381469727,146,0.0,0.0
2022-02-24 00:00:00-05:00,9.800000190734863,9.800000190734863,9.274999618530273,9.625,4134,0.0,0.0
2022-02-25 00:00:00-05:00,9.625,10.850000381469727,9.449999809265137,10.149999618530273,2417,0.0,0.0
2022-02-28 00:00:00-05:00,10.149999618530273,10.5,9.625,9.625,214,0.0,0.0
2022-03-01 00:00:00-05:00,9.555000305175781,9.625,9.484999656677246,9.625,217,0.0,0.0
2022-03-02 00:00:00-05:00,10.5,10.5,9.65999984741211,9.869999885559082,274,0.0,0.0
2022-03-03 00:00:00-05:00,9.625,10.5,9.625,9.904999732971191,543,0.0,0.0
2022-03-04 00:00:00-05:00,9.869999885559082,10.5,9.414999961853027,9.449999809265137,434,0.0,0.0
2022-03-07 00:00:00-05:00,10.149999618530273,10.149999618530273,9.449999809265137,9.625,1454,0.0,0.0
2022-03-08 00:00:00-05:00,9.800000190734863,9.800000190734863,9.449999809265137,9.625,609,0.0,0.0
2022-03-09 00:00:00-05:00,9.100000381469727,10.5,9.100000381469727,9.625,1469,0.0,0.0
2022-03-10 00:00:00-05:00,9.800000190734863,10.5,9.729999542236328,10.010000228881836,746,0.0,0.0
2022-03-11 00:00:00-05:00,9.380000114440918,10.5,9.100000381469727,10.1850004196167,3671,0.0,0.0
2022-03-14 00:00:00-04:00,10.149999618530273,10.255000114440918,9.100000381469727,9.100000381469727,386,0.0,0.0
2022-03-15 00:00:00-04:00,9.800000190734863,10.149999618530273,9.800000190734863,10.149999618530273,203,0.0,0.0
2022-03-16 00:00:00-04:00,9.800000190734863,9.800000190734863,9.380000114440918,9.800000190734863,349,0.0,0.0
2022-03-17 00:00:00-04:00,9.380000114440918,10.079999923706055,9.380000114440918,9.729999542236328,1589,0.0,0.0
2022-03-18 00:00:00-04:00,9.975000381469727,11.550000190734863,9.729999542236328,9.729999542236328,266,0.0,0.0
2022-03-21 00:00:00-04:00,9.729999542236328,10.220000267028809,8.680000305175781,10.220000267028809,391,0.0,0.0
2022-03-22 00:00:00-04:00,10.430000305175781,10.430000305175781,9.765000343322754,9.765000343322754,746,0.0,0.0
2022-03-23 00:00:00-04:00,9.904999732971191,10.5,9.800000190734863,10.5,2434,0.0,0.0
2022-03-24 00:00:00-04:00,10.359999656677246,11.550000190734863,9.65999984741211,10.045000076293945,1349,0.0,0.0
2022-03-25 00:00:00-04:00,10.359999656677246,11.199999809265137,9.694999694824219,9.800000190734863,1543,0.0,0.0
2022-03-28 00:00:00-04:00,10.1850004196167,10.1850004196167,9.100000381469727,9.904999732971191,1194,0.0,0.0
2022-03-29 00:00:00-04:00,9.975000381469727,9.975000381469727,8.75,9.975000381469727,851,0.0,0.0
2022-03-30 00:00:00-04:00,10.675000190734863,10.675000190734863,9.9399995803833,9.9399995803833,151,0.0,0.0
2022-03-31 00:00:00-04:00,9.904999732971191,10.1850004196167,9.765000343322754,9.9399995803833,946,0.0,0.0
2022-04-01 00:00:00-04:00,9.765000343322754,10.289999961853027,9.765000343322754,9.9399995803833,571,0.0,0.0
2022-04-04 00:00:00-04:00,10.045000076293945,10.045000076293945,9.100000381469727,9.800000190734863,994,0.0,0.0
2022-04-05 00:00:00-04:00,9.800000190734863,10.149999618530273,9.449999809265137,9.800000190734863,1057,0.0,0.0
2022-04-06 00:00:00-04:00,9.975000381469727,9.975000381469727,9.625,9.904999732971191,494,0.0,0.0
2022-04-07 00:00:00-04:00,10.149999618530273,11.199999809265137,9.345000267028809,9.800000190734863,1203,0.0,0.0
2022-04-08 00:00:00-04:00,9.625,9.869999885559082,9.625,9.869999885559082,226,0.0,0.0
2022-04-11 00:00:00-04:00,10.114999771118164,10.5,9.100000381469727,9.625,3474,0.0,0.0
2022-04-12 00:00:00-04:00,11.550000190734863,11.550000190734863,9.3100004196167,9.3100004196167,1354,0.0,0.0
2022-04-13 00:00:00-04:00,9.449999809265137,10.46500015258789,9.100000381469727,9.800000190734863,471,0.0,0.0
2022-04-14 00:00:00-04:00,10.149999618530273,10.149999618530273,9.625,10.149999618530273,817,0.0,0.0
2022-04-18 00:00:00-04:00,10.149999618530273,10.149999618530273,9.3100004196167,10.149999618530273,994,0.0,0.0
2022-04-19 00:00:00-04:00,10.149999618530273,10.149999618530273,9.449999809265137,9.835000038146973,889,0.0,0.0
2022-04-20 00:00:00-04:00,9.975000381469727,9.975000381469727,9.625,9.9399995803833,1843,0.0,0.0
2022-04-21 00:00:00-04:00,10.114999771118164,10.114999771118164,9.484999656677246,9.904999732971191,1163,0.0,0.0
2022-04-22 00:00:00-04:00,9.800000190734863,9.9399995803833,9.449999809265137,9.800000190734863,1554,0.0,0.0
2022-04-25 00:00:00-04:00,9.345000267028809,9.800000190734863,8.75,9.625,2840,0.0,0.0
2022-04-26 00:00:00-04:00,9.100000381469727,9.800000190734863,8.75,9.3100004196167,2077,0.0,0.0
2022-04-27 00:00:00-04:00,7.349999904632568,9.3100004196167,7.349999904632568,9.3100004196167,1423,0.0,0.0
2022-04-28 00:00:00-04:00,8.75,9.449999809265137,8.574999809265137,8.78499984741211,1820,0.0,0.0
2022-04-29 00:00:00-04:00,9.449999809265137,9.449999809265137,8.78499984741211,8.78499984741211,734,0.0,0.0
2022-05-02 00:00:00-04:00,8.890000343322754,9.100000381469727,8.75,9.100000381469727,557,0.0,0.0
2022-05-03 00:00:00-04:00,11.550000190734863,11.550000190734863,9.100000381469727,9.414999961853027,900,0.0,0.0
2022-05-04 00:00:00-04:00,9.449999809265137,9.449999809265137,8.78499984741211,9.449999809265137,420,0.0,0.0
2022-05-05 00:00:00-04:00,9.414999961853027,9.59000015258789,9.3100004196167,9.3100004196167,214,0.0,0.0
2022-05-06 00:00:00-04:00,9.380000114440918,9.65999984741211,8.050000190734863,9.100000381469727,3489,0.0,0.0
2022-05-09 00:00:00-04:00,9.204999923706055,9.204999923706055,7.349999904632568,8.645000457763672,534,0.0,0.0
2022-05-10 00:00:00-04:00,8.75,8.75,7.735000133514404,8.399999618530273,309,0.0,0.0
2022-05-11 00:00:00-04:00,8.399999618530273,9.100000381469727,7.980000019073486,8.364999771118164,2611,0.0,0.0
2022-05-12 00:00:00-04:00,8.364999771118164,8.399999618530273,6.510000228881836,8.050000190734863,2054,0.0,0.0
2022-05-13 00:00:00-04:00,8.050000190734863,8.539999961853027,7.349999904632568,8.399999618530273,500,0.0,0.0
2022-05-16 00:00:00-04:00,8.399999618530273,8.75,7.349999904632568,8.050000190734863,4063,0.0,0.0
2022-05-17 00:00:00-04:00,8.75,8.75,7.875,8.050000190734863,929,0.0,0.0
2022-05-18 00:00:00-04:00,8.329999923706055,8.329999923706055,7.699999809265137,8.260000228881836,629,0.0,0.0
2022-05-19 00:00:00-04:00,8.295000076293945,8.364999771118164,8.050000190734863,8.329999923706055,394,0.0,0.0
2022-05-20 00:00:00-04:00,7.769999980926514,8.364999771118164,7.699999809265137,8.050000190734863,1700,0.0,0.0
2022-05-23 00:00:00-04:00,7.699999809265137,8.050000190734863,7.699999809265137,8.050000190734863,749,0.0,0.0
2022-05-24 00:00:00-04:00,8.1899995803833,8.225000381469727,7.804999828338623,8.1899995803833,486,0.0,0.0
2022-05-25 00:00:00-04:00,8.75,8.75,7.525000095367432,8.329999923706055,1137,0.0,0.0
2022-05-26 00:00:00-04:00,7.59499979019165,8.225000381469727,7.525000095367432,7.875,1503,0.0,0.0
2022-05-27 00:00:00-04:00,7.699999809265137,8.399999618530273,7.699999809265137,8.399999618530273,160,0.0,0.0
2022-05-31 00:00:00-04:00,8.4350004196167,8.470000267028809,7.735000133514404,8.470000267028809,1117,0.0,0.0
2022-06-01 00:00:00-04:00,8.399999618530273,8.399999618530273,8.050000190734863,8.154999732971191,1186,0.0,0.0
2022-06-02 00:00:00-04:00,8.75,8.75,7.980000019073486,8.225000381469727,1694,0.0,0.0
2022-06-03 00:00:00-04:00,8.225000381469727,8.574999809265137,7.699999809265137,8.225000381469727,2463,0.0,0.0
2022-06-06 00:00:00-04:00,8.225000381469727,8.574999809265137,7.804999828338623,8.225000381469727,1626,0.0,0.0
2022-06-07 00:00:00-04:00,7.735000133514404,8.399999618530273,7.699999809265137,7.875,1231,0.0,0.0
2022-06-08 00:00:00-04:00,8.119999885559082,8.399999618530273,7.699999809265137,8.085000038146973,1800,0.0,0.0
2022-06-09 00:00:00-04:00,7.664999961853027,7.945000171661377,7.664999961853027,7.735000133514404,2166,0.0,0.0
2022-06-10 00:00:00-04:00,7.664999961853027,8.050000190734863,7.349999904632568,7.349999904632568,1083,0.0,0.0
2022-06-13 00:00:00-04:00,7.769999980926514,7.769999980926514,7.105000019073486,7.525000095367432,1931,0.0,0.0
2022-06-14 00:00:00-04:00,7.034999847412109,7.525000095367432,7.0,7.454999923706055,1697,0.0,0.0
2022-06-15 00:00:00-04:00,7.0,7.244999885559082,6.650000095367432,6.650000095367432,3131,0.0,0.0
2022-06-16 00:00:00-04:00,7.0,7.210000038146973,7.0,7.210000038146973,889,0.0,0.0
2022-06-17 00:00:00-04:00,7.525000095367432,7.525000095367432,7.349999904632568,7.525000095367432,677,0.0,0.0
2022-06-21 00:00:00-04:00,6.510000228881836,8.050000190734863,6.510000228881836,7.315000057220459,469,0.0,0.0
2022-06-22 00:00:00-04:00,7.034999847412109,7.175000190734863,7.034999847412109,7.175000190734863,243,0.0,0.0
2022-06-23 00:00:00-04:00,7.525000095367432,7.525000095367432,6.650000095367432,7.175000190734863,3546,0.0,0.0
2022-06-24 00:00:00-04:00,7.175000190734863,7.349999904632568,6.650000095367432,7.0,1503,0.0,0.0
2022-06-27 00:00:00-04:00,7.210000038146973,7.210000038146973,5.84499979019165,7.070000171661377,971,0.0,0.0
2022-06-28 00:00:00-04:00,7.105000019073486,7.210000038146973,6.300000190734863,7.0,1989,0.0,0.0
2022-06-29 00:00:00-04:00,7.070000171661377,7.070000171661377,6.474999904632568,6.824999809265137,631,0.0,0.0
2022-06-30 00:00:00-04:00,6.300000190734863,6.684999942779541,6.300000190734863,6.650000095367432,846,0.0,0.0
2022-07-01 00:00:00-04:00,7.525000095367432,7.699999809265137,6.650000095367432,7.0,926,0.0,0.0
2022-07-05 00:00:00-04:00,7.0,7.699999809265137,7.0,7.349999904632568,3940,0.0,0.0
2022-07-06 00:00:00-04:00,7.0,7.699999809265137,6.300000190734863,6.335000038146973,4003,0.0,0.0
2022-07-07 00:00:00-04:00,6.369999885559082,8.050000190734863,6.369999885559082,6.614999771118164,4894,0.0,0.0
2022-07-08 00:00:00-04:00,6.755000114440918,7.559999942779541,6.650000095367432,7.489999771118164,846,0.0,0.0
2022-07-11 00:00:00-04:00,7.420000076293945,7.489999771118164,6.474999904632568,6.684999942779541,4363,0.0,0.0
2022-07-12 00:00:00-04:00,7.28000020980835,7.28000020980835,6.824999809265137,7.175000190734863,991,0.0,0.0
2022-07-13 00:00:00-04:00,7.420000076293945,7.489999771118164,6.474999904632568,7.420000076293945,1723,0.0,0.0
2022-07-14 00:00:00-04:00,7.175000190734863,7.525000095367432,6.824999809265137,7.210000038146973,1760,0.0,0.0
2022-07-15 00:00:00-04:00,7.244999885559082,7.525000095367432,6.474999904632568,6.860000133514404,4571,0.0,0.0
2022-07-18 00:00:00-04:00,6.894999980926514,8.78499984741211,6.474999904632568,6.474999904632568,3589,0.0,0.0
2022-07-19 00:00:00-04:00,7.175000190734863,7.349999904632568,6.510000228881836,6.824999809265137,1711,0.0,0.0
2022-07-20 00:00:00-04:00,6.545000076293945,7.699999809265137,6.474999904632568,7.699999809265137,2406,0.0,0.0
2022-07-21 00:00:00-04:00,6.650000095367432,7.630000114440918,6.40500020980835,7.630000114440918,1666,0.0,0.0
2022-07-22 00:00:00-04:00,6.965000152587891,7.105000019073486,6.650000095367432,7.0,751,0.0,0.0
2022-07-25 00:00:00-04:00,7.139999866485596,7.139999866485596,6.474999904632568,6.929999828338623,1374,0.0,0.0
2022-07-26 00:00:00-04:00,7.034999847412109,9.380000114440918,7.034999847412109,7.769999980926514,8280,0.0,0.0
2022-07-27 00:00:00-04:00,7.769999980926514,9.100000381469727,7.769999980926514,8.050000190734863,3229,0.0,0.0
2022-07-28 00:00:00-04:00,8.75,8.75,8.015000343322754,8.1899995803833,1734,0.0,0.0
2022-07-29 00:00:00-04:00,8.75,8.75,7.769999980926514,8.364999771118164,2406,0.0,0.0
2022-08-01 00:00:00-04:00,7.070000171661377,8.399999618530273,7.070000171661377,8.399999618530273,1257,0.0,0.0
2022-08-02 00:00:00-04:00,8.329999923706055,8.75,7.489999771118164,7.909999847412109,2157,0.0,0.0
2022-08-03 00:00:00-04:00,8.470000267028809,8.75,7.489999771118164,7.489999771118164,1691,0.0,0.0
2022-08-04 00:00:00-04:00,7.630000114440918,8.1899995803833,7.28000020980835,8.1899995803833,1394,0.0,0.0
2022-08-05 00:00:00-04:00,8.119999885559082,8.260000228881836,7.385000228881836,7.980000019073486,1374,0.0,0.0
2022-08-08 00:00:00-04:00,8.329999923706055,8.470000267028809,8.154999732971191,8.470000267028809,971,0.0,0.0
2022-08-09 00:00:00-04:00,8.154999732971191,9.3100004196167,8.154999732971191,9.170000076293945,2823,0.0,0.0
2022-08-10 00:00:00-04:00,8.854999542236328,10.5,8.854999542236328,9.449999809265137,3086,0.0,0.0
2022-08-11 00:00:00-04:00,9.484999656677246,10.5,9.449999809265137,9.449999809265137,3020,0.0,0.0
2022-08-12 00:00:00-04:00,10.324999809265137,10.324999809265137,9.3100004196167,9.800000190734863,2451,0.0,0.0
2022-08-15 00:00:00-04:00,9.484999656677246,9.484999656677246,8.890000343322754,9.204999923706055,2094,0.0,0.0
2022-08-16 00:00:00-04:00,8.78499984741211,10.149999618530273,8.78499984741211,10.149999618530273,1986,0.0,0.0
2022-08-17 00:00:00-04:00,8.154999732971191,9.449999809265137,8.154999732971191,9.100000381469727,2717,0.0,0.0
2022-08-18 00:00:00-04:00,8.960000038146973,9.555000305175781,8.609999656677246,9.414999961853027,5523,0.0,0.0
2022-08-19 00:00:00-04:00,10.149999618530273,10.149999618530273,8.505000114440918,8.854999542236328,2397,0.0,0.0
2022-08-22 00:00:00-04:00,9.029999732971191,9.029999732971191,8.119999885559082,8.4350004196167,1820,0.0,0.0
2022-08-23 00:00:00-04:00,8.75,10.149999618530273,8.260000228881836,8.645000457763672,943,0.0,0.0
2022-08-24 00:00:00-04:00,8.75,8.75,7.980000019073486,8.119999885559082,6457,0.0,0.0
2022-08-25 00:00:00-04:00,7.244999885559082,8.680000305175781,7.175000190734863,8.609999656677246,4894,0.0,0.0
2022-08-26 00:00:00-04:00,8.470000267028809,9.3100004196167,8.050000190734863,9.3100004196167,1954,0.0,0.0
2022-08-29 00:00:00-04:00,8.260000228881836,9.625,8.260000228881836,8.75,3394,0.0,0.0
2022-08-30 00:00:00-04:00,9.029999732971191,9.0649995803833,8.75,8.925000190734863,1620,0.0,0.0
2022-08-31 00:00:00-04:00,8.925000190734863,9.449999809265137,8.75,9.204999923706055,3209,0.0,0.0
2022-09-01 00:00:00-04:00,9.204999923706055,9.204999923706055,7.420000076293945,8.925000190734863,3000,0.0,0.0
2022-09-02 00:00:00-04:00,9.0649995803833,9.449999809265137,8.574999809265137,9.345000267028809,2214,0.0,0.0
2022-09-06 00:00:00-04:00,9.345000267028809,9.345000267028809,8.085000038146973,8.819999694824219,4123,0.0,0.0
2022-09-07 00:00:00-04:00,8.960000038146973,9.414999961853027,8.505000114440918,9.414999961853027,3149,0.0,0.0
2022-09-08 00:00:00-04:00,9.170000076293945,9.204999923706055,8.680000305175781,8.680000305175781,3514,0.0,0.0
2022-09-09 00:00:00-04:00,9.135000228881836,9.135000228881836,8.539999961853027,8.539999961853027,2029,0.0,0.0
2022-09-12 00:00:00-04:00,8.329999923706055,8.75,7.909999847412109,8.574999809265137,2823,0.0,0.0
2022-09-13 00:00:00-04:00,8.050000190734863,8.574999809265137,8.050000190734863,8.399999618530273,671,0.0,0.0
2022-09-14 00:00:00-04:00,8.119999885559082,8.539999961853027,8.050000190734863,8.399999618530273,940,0.0,0.0
2022-09-15 00:00:00-04:00,8.050000190734863,8.225000381469727,7.909999847412109,8.050000190734863,2123,0.0,0.0
2022-09-16 00:00:00-04:00,7.875,8.364999771118164,7.385000228881836,8.050000190734863,3706,0.0,0.0
2022-09-19 00:00:00-04:00,8.75,8.75,8.050000190734863,8.260000228881836,440,0.0,0.0
2022-09-20 00:00:00-04:00,8.364999771118164,8.364999771118164,8.154999732971191,8.154999732971191,571,0.0,0.0
2022-09-21 00:00:00-04:00,8.154999732971191,8.645000457763672,8.050000190734863,8.050000190734863,7357,0.0,0.0
2022-09-22 00:00:00-04:00,8.505000114440918,8.505000114440918,8.050000190734863,8.329999923706055,674,0.0,0.0
2022-09-23 00:00:00-04:00,7.59499979019165,8.225000381469727,7.59499979019165,8.119999885559082,1780,0.0,0.0
2022-09-26 00:00:00-04:00,8.225000381469727,8.225000381469727,7.980000019073486,8.085000038146973,1543,0.0,0.0
2022-09-27 00:00:00-04:00,8.154999732971191,8.154999732971191,7.559999942779541,8.154999732971191,1817,0.0,0.0
2022-09-28 00:00:00-04:00,8.085000038146973,8.260000228881836,7.525000095367432,7.840000152587891,6046,0.0,0.0
2022-09-29 00:00:00-04:00,7.630000114440918,7.945000171661377,7.0,7.28000020980835,4677,0.0,0.0
2022-09-30 00:00:00-04:00,7.664999961853027,7.699999809265137,7.210000038146973,7.349999904632568,1254,0.0,0.0
2022-10-03 00:00:00-04:00,8.645000457763672,8.854999542236328,7.454999923706055,7.699999809265137,6720,0.0,0.0
2022-10-04 00:00:00-04:00,7.875,8.225000381469727,7.699999809265137,8.1899995803833,657,0.0,0.0
2022-10-05 00:00:00-04:00,7.349999904632568,8.050000190734863,7.175000190734863,7.420000076293945,2120,0.0,0.0
2022-10-06 00:00:00-04:00,7.454999923706055,7.699999809265137,6.614999771118164,7.699999809265137,10183,0.0,0.0
2022-10-07 00:00:00-04:00,7.699999809265137,7.909999847412109,7.349999904632568,7.489999771118164,4514,0.0,0.0
2022-10-10 00:00:00-04:00,7.034999847412109,8.470000267028809,7.034999847412109,7.804999828338623,711,0.0,0.0
2022-10-11 00:00:00-04:00,7.0,7.559999942779541,7.0,7.559999942779541,1709,0.0,0.0
2022-10-12 00:00:00-04:00,7.525000095367432,7.525000095367432,7.210000038146973,7.28000020980835,674,0.0,0.0
2022-10-13 00:00:00-04:00,7.175000190734863,7.59499979019165,7.175000190734863,7.385000228881836,1200,0.0,0.0
2022-10-14 00:00:00-04:00,7.244999885559082,8.050000190734863,7.244999885559082,7.349999904632568,10860,0.0,0.0
2022-10-17 00:00:00-04:00,7.349999904632568,7.769999980926514,7.349999904632568,7.489999771118164,1540,0.0,0.0
2022-10-18 00:00:00-04:00,7.489999771118164,9.239999771118164,7.349999904632568,9.204999923706055,1386,0.0,0.0
2022-10-19 00:00:00-04:00,7.489999771118164,7.699999809265137,7.105000019073486,7.349999904632568,2260,0.0,0.0
2022-10-20 00:00:00-04:00,7.349999904632568,7.420000076293945,7.175000190734863,7.385000228881836,4406,0.0,0.0
2022-10-21 00:00:00-04:00,7.385000228881836,7.699999809265137,6.824999809265137,7.454999923706055,4677,0.0,0.0
2022-10-24 00:00:00-04:00,7.699999809265137,8.75,7.664999961853027,8.75,26717,0.0,0.0
2022-10-25 00:00:00-04:00,9.449999809265137,9.449999809265137,7.420000076293945,8.050000190734863,8226,0.0,0.0
2022-10-26 00:00:00-04:00,8.364999771118164,8.364999771118164,7.349999904632568,7.875,2851,0.0,0.0
2022-10-27 00:00:00-04:00,8.154999732971191,8.399999618530273,7.420000076293945,7.630000114440918,5357,0.0,0.0
2022-10-28 00:00:00-04:00,8.015000343322754,8.050000190734863,6.474999904632568,7.980000019073486,7780,0.0,0.0
2022-10-31 00:00:00-04:00,7.699999809265137,7.699999809265137,6.824999809265137,7.349999904632568,15394,0.0,0.0
2022-11-01 00:00:00-04:00,7.175000190734863,7.349999904632568,7.0,7.175000190734863,1437,0.0,0.0
2022-11-02 00:00:00-04:00,7.210000038146973,7.385000228881836,7.0,7.175000190734863,2900,0.0,0.0
2022-11-03 00:00:00-04:00,6.894999980926514,7.175000190734863,6.894999980926514,7.175000190734863,629,0.0,0.0
2022-11-04 00:00:00-04:00,7.175000190734863,7.525000095367432,7.175000190734863,7.315000057220459,5783,0.0,0.0
2022-11-07 00:00:00-05:00,7.349999904632568,7.664999961853027,7.139999866485596,7.385000228881836,2840,0.0,0.0
2022-11-08 00:00:00-05:00,7.630000114440918,7.735000133514404,7.0,7.070000171661377,2029,0.0,0.0
2022-11-09 00:00:00-05:00,7.559999942779541,7.559999942779541,7.034999847412109,7.175000190734863,486,0.0,0.0
2022-11-10 00:00:00-05:00,7.559999942779541,7.559999942779541,7.139999866485596,7.349999904632568,3343,0.0,0.0
2022-11-11 00:00:00-05:00,7.0,7.244999885559082,6.965000152587891,7.105000019073486,1657,0.0,0.0
2022-11-14 00:00:00-05:00,6.824999809265137,7.804999828338623,6.824999809265137,7.244999885559082,15217,0.0,0.0
2022-11-15 00:00:00-05:00,7.559999942779541,8.75,7.349999904632568,8.1899995803833,15769,0.0,0.0
2022-11-16 00:00:00-05:00,8.75,11.305000305175781,7.945000171661377,8.050000190734863,21120,0.0,0.0
2022-11-17 00:00:00-05:00,8.119999885559082,8.399999618530273,7.210000038146973,7.349999904632568,6583,0.0,0.0
2022-11-18 00:00:00-05:00,7.59499979019165,7.840000152587891,7.315000057220459,7.840000152587891,2717,0.0,0.0
2022-11-21 00:00:00-05:00,7.980000019073486,8.225000381469727,7.840000152587891,8.225000381469727,1891,0.0,0.0
2022-11-22 00:00:00-05:00,8.1899995803833,9.694999694824219,8.1899995803833,9.694999694824219,2623,0.0,0.0
2022-11-23 00:00:00-05:00,9.800000190734863,9.800000190734863,8.925000190734863,8.925000190734863,4346,0.0,0.0
2022-11-25 00:00:00-05:00,9.100000381469727,9.135000228881836,8.645000457763672,8.819999694824219,1106,0.0,0.0
2022-11-28 00:00:00-05:00,9.765000343322754,9.765000343322754,8.609999656677246,8.994999885559082,3106,0.0,0.0
2022-11-29 00:00:00-05:00,8.505000114440918,8.71500015258789,8.119999885559082,8.119999885559082,4274,0.0,0.0
2022-11-30 00:00:00-05:00,8.1899995803833,8.1899995803833,7.315000057220459,7.735000133514404,1954,0.0,0.0
2022-12-01 00:00:00-05:00,7.139999866485596,7.980000019073486,7.139999866485596,7.454999923706055,3049,0.0,0.0
2022-12-02 00:00:00-05:00,6.650000095367432,7.909999847412109,6.650000095367432,7.909999847412109,1023,0.0,0.0
2022-12-05 00:00:00-05:00,8.295000076293945,8.295000076293945,7.804999828338623,8.050000190734863,706,0.0,0.0
2022-12-06 00:00:00-05:00,8.154999732971191,8.154999732971191,7.769999980926514,8.085000038146973,849,0.0,0.0
2022-12-07 00:00:00-05:00,8.399999618530273,8.399999618530273,7.909999847412109,7.909999847412109,1277,0.0,0.0
2022-12-08 00:00:00-05:00,8.225000381469727,8.225000381469727,7.699999809265137,8.119999885559082,1737,0.0,0.0
2022-12-09 00:00:00-05:00,7.699999809265137,8.225000381469727,7.699999809265137,8.050000190734863,2726,0.0,0.0
2022-12-12 00:00:00-05:00,8.050000190734863,8.399999618530273,7.735000133514404,8.050000190734863,2546,0.0,0.0
2022-12-13 00:00:00-05:00,8.015000343322754,8.295000076293945,7.804999828338623,8.050000190734863,1340,0.0,0.0
2022-12-14 00:00:00-05:00,7.909999847412109,7.909999847412109,7.59499979019165,7.59499979019165,3449,0.0,0.0
2022-12-15 00:00:00-05:00,8.225000381469727,8.225000381469727,7.699999809265137,8.085000038146973,1274,0.0,0.0
2022-12-16 00:00:00-05:00,7.349999904632568,8.399999618530273,7.349999904632568,7.840000152587891,1897,0.0,0.0
2022-12-19 00:00:00-05:00,7.804999828338623,7.804999828338623,7.28000020980835,7.349999904632568,1000,0.0,0.0
2022-12-20 00:00:00-05:00,8.225000381469727,8.225000381469727,7.0,7.525000095367432,2566,0.0,0.0
2022-12-21 00:00:00-05:00,7.699999809265137,7.875,7.349999904632568,7.349999904632568,1651,0.0,0.0
2022-12-22 00:00:00-05:00,7.385000228881836,7.875,7.0,7.735000133514404,1180,0.0,0.0
2022-12-23 00:00:00-05:00,7.735000133514404,8.050000190734863,7.385000228881836,7.454999923706055,577,0.0,0.0
2022-12-27 00:00:00-05:00,8.050000190734863,8.399999618530273,7.0,8.225000381469727,1671,0.0,0.0
2022-12-28 00:00:00-05:00,7.28000020980835,7.454999923706055,6.929999828338623,7.349999904632568,2251,0.0,0.0
2022-12-29 00:00:00-05:00,7.525000095367432,7.630000114440918,7.244999885559082,7.454999923706055,1154,0.0,0.0
2022-12-30 00:00:00-05:00,7.349999904632568,7.630000114440918,7.349999904632568,7.630000114440918,1086,0.0,0.0
2023-01-03 00:00:00-05:00,6.40500020980835,7.840000152587891,6.40500020980835,7.244999885559082,1066,0.0,0.0
2023-01-04 00:00:00-05:00,7.420000076293945,7.489999771118164,7.349999904632568,7.349999904632568,197,0.0,0.0
2023-01-05 00:00:00-05:00,7.349999904632568,7.630000114440918,7.139999866485596,7.349999904632568,2431,0.0,0.0
2023-01-06 00:00:00-05:00,7.349999904632568,7.735000133514404,7.0,7.349999904632568,1526,0.0,0.0
2023-01-09 00:00:00-05:00,7.489999771118164,7.699999809265137,7.349999904632568,7.349999904632568,2289,0.0,0.0
2023-01-10 00:00:00-05:00,7.699999809265137,7.699999809265137,7.385000228881836,7.385000228881836,480,0.0,0.0
2023-01-11 00:00:00-05:00,7.840000152587891,8.1899995803833,7.385000228881836,8.050000190734863,3611,0.0,0.0
2023-01-12 00:00:00-05:00,7.699999809265137,7.840000152587891,7.454999923706055,7.840000152587891,583,0.0,0.0
2023-01-13 00:00:00-05:00,7.664999961853027,8.050000190734863,7.664999961853027,7.840000152587891,1283,0.0,0.0
2023-01-17 00:00:00-05:00,7.0,7.840000152587891,7.0,7.525000095367432,2380,0.0,0.0
2023-01-18 00:00:00-05:00,7.349999904632568,7.59499979019165,7.349999904632568,7.525000095367432,2863,0.0,0.0
2023-01-19 00:00:00-05:00,7.489999771118164,7.489999771118164,7.349999904632568,7.385000228881836,854,0.0,0.0
2023-01-20 00:00:00-05:00,7.489999771118164,7.630000114440918,7.489999771118164,7.630000114440918,111,0.0,0.0
2023-01-23 00:00:00-05:00,7.664999961853027,7.735000133514404,7.525000095367432,7.630000114440918,3046,0.0,0.0
2023-01-24 00:00:00-05:00,7.630000114440918,7.875,7.630000114440918,7.664999961853027,1226,0.0,0.0
2023-01-25 00:00:00-05:00,7.630000114440918,7.875,7.559999942779541,7.875,3257,0.0,0.0
2023-01-26 00:00:00-05:00,8.050000190734863,8.050000190734863,7.349999904632568,7.735000133514404,3743,0.0,0.0
2023-01-27 00:00:00-05:00,7.664999961853027,7.945000171661377,7.664999961853027,7.945000171661377,909,0.0,0.0
2023-01-30 00:00:00-05:00,8.050000190734863,8.050000190734863,7.769999980926514,7.769999980926514,3583,0.0,0.0
2023-01-31 00:00:00-05:00,7.875,7.980000019073486,7.804999828338623,7.840000152587891,974,0.0,0.0
2023-02-01 00:00:00-05:00,7.769999980926514,7.769999980926514,7.210000038146973,7.28000020980835,957,0.0,0.0
2023-02-02 00:00:00-05:00,7.664999961853027,7.769999980926514,7.525000095367432,7.699999809265137,1343,0.0,0.0
2023-02-03 00:00:00-05:00,7.349999904632568,7.735000133514404,7.175000190734863,7.525000095367432,1611,0.0,0.0
2023-02-06 00:00:00-05:00,7.349999904632568,7.840000152587891,7.349999904632568,7.454999923706055,2943,0.0,0.0
2023-02-07 00:00:00-05:00,7.28000020980835,7.875,7.28000020980835,7.875,1757,0.0,0.0
2023-02-08 00:00:00-05:00,7.735000133514404,7.875,7.420000076293945,7.804999828338623,974,0.0,0.0
2023-02-09 00:00:00-05:00,7.525000095367432,7.630000114440918,5.074999809265137,5.53000020980835,20266,0.0,0.0
2023-02-10 00:00:00-05:00,5.074999809265137,5.775000095367432,4.900000095367432,5.389999866485596,27614,0.0,0.0
2023-02-13 00:00:00-05:00,5.460000038146973,5.775000095367432,5.284999847412109,5.425000190734863,7160,0.0,0.0
2023-02-14 00:00:00-05:00,5.704999923706055,5.775000095367432,5.25,5.494999885559082,4317,0.0,0.0
2023-02-15 00:00:00-05:00,5.739999771118164,5.84499979019165,5.284999847412109,5.284999847412109,5111,0.0,0.0
2023-02-16 00:00:00-05:00,5.284999847412109,6.510000228881836,5.284999847412109,6.230000019073486,7803,0.0,0.0
2023-02-17 00:00:00-05:00,6.335000038146973,6.894999980926514,6.335000038146973,6.650000095367432,1346,0.0,0.0
2023-02-21 00:00:00-05:00,6.650000095367432,6.650000095367432,5.84499979019165,5.949999809265137,2309,0.0,0.0
2023-02-22 00:00:00-05:00,6.614999771118164,6.614999771118164,5.670000076293945,5.914999961853027,1006,0.0,0.0
2023-02-23 00:00:00-05:00,6.159999847412109,6.369999885559082,6.159999847412109,6.230000019073486,157,0.0,0.0
2023-02-24 00:00:00-05:00,6.230000019073486,6.230000019073486,5.949999809265137,6.159999847412109,1117,0.0,0.0
2023-02-27 00:00:00-05:00,5.949999809265137,6.440000057220459,5.949999809265137,6.300000190734863,951,0.0,0.0
2023-02-28 00:00:00-05:00,6.300000190734863,6.300000190734863,6.300000190734863,6.300000190734863,14,0.0,0.0
2023-03-01 00:00:00-05:00,6.300000190734863,6.300000190734863,5.599999904632568,5.949999809265137,403,0.0,0.0
2023-03-02 00:00:00-05:00,6.054999828338623,6.230000019073486,6.054999828338623,6.230000019073486,137,0.0,0.0
2023-03-03 00:00:00-05:00,6.054999828338623,6.614999771118164,6.054999828338623,6.195000171661377,489,0.0,0.0
2023-03-06 00:00:00-05:00,6.195000171661377,6.579999923706055,6.159999847412109,6.159999847412109,474,0.0,0.0
2023-03-07 00:00:00-05:00,6.614999771118164,6.650000095367432,5.635000228881836,6.125,617,0.0,0.0
2023-03-08 00:00:00-05:00,5.599999904632568,6.125,5.599999904632568,5.880000114440918,1523,0.0,0.0
2023-03-09 00:00:00-05:00,5.914999961853027,5.949999809265137,5.914999961853027,5.949999809265137,31,0.0,0.0
2023-03-10 00:00:00-05:00,5.739999771118164,5.775000095367432,5.599999904632568,5.775000095367432,1386,0.0,0.0
2023-03-13 00:00:00-04:00,5.599999904632568,6.510000228881836,4.96999979019165,5.320000171661377,11751,0.0,0.0
2023-03-14 00:00:00-04:00,5.425000190734863,5.425000190734863,4.900000095367432,5.179999828338623,383,0.0,0.0
2023-03-15 00:00:00-04:00,5.320000171661377,5.355000019073486,5.005000114440918,5.005000114440918,1163,0.0,0.0
2023-03-16 00:00:00-04:00,5.389999866485596,5.389999866485596,5.039999961853027,5.039999961853027,237,0.0,0.0
2023-03-17 00:00:00-04:00,4.760000228881836,5.460000038146973,4.760000228881836,5.460000038146973,971,0.0,0.0
2023-03-20 00:00:00-04:00,5.215000152587891,5.215000152587891,5.039999961853027,5.074999809265137,1891,0.0,0.0
2023-03-21 00:00:00-04:00,4.514999866485596,5.460000038146973,4.514999866485596,5.005000114440918,4697,0.0,0.0
2023-03-22 00:00:00-04:00,4.795000076293945,5.144999980926514,4.795000076293945,5.039999961853027,723,0.0,0.0
2023-03-23 00:00:00-04:00,5.25,5.25,4.96999979019165,4.96999979019165,363,0.0,0.0
2023-03-24 00:00:00-04:00,4.900000095367432,5.320000171661377,4.900000095367432,5.074999809265137,211,0.0,0.0
2023-03-27 00:00:00-04:00,4.96999979019165,5.425000190734863,4.900000095367432,5.284999847412109,1814,0.0,0.0
2023-03-28 00:00:00-04:00,5.425000190734863,5.494999885559082,5.144999980926514,5.144999980926514,1603,0.0,0.0
2023-03-29 00:00:00-04:00,5.074999809265137,5.389999866485596,5.074999809265137,5.284999847412109,400,0.0,0.0
2023-03-30 00:00:00-04:00,5.25,5.425000190734863,5.074999809265137,5.074999809265137,777,0.0,0.0
2023-03-31 00:00:00-04:00,5.005000114440918,5.144999980926514,5.005000114440918,5.074999809265137,700,0.0,0.0
2023-04-03 00:00:00-04:00,4.619999885559082,5.215000152587891,4.619999885559082,5.215000152587891,243,0.0,0.0
2023-04-04 00:00:00-04:00,4.96999979019165,5.144999980926514,4.900000095367432,5.144999980926514,854,0.0,0.0
2023-04-05 00:00:00-04:00,5.110000133514404,5.110000133514404,4.934999942779541,5.039999961853027,706,0.0,0.0
2023-04-06 00:00:00-04:00,5.144999980926514,5.425000190734863,5.144999980926514,5.25,234,0.0,0.0
2023-04-10 00:00:00-04:00,4.934999942779541,5.144999980926514,4.934999942779541,5.074999809265137,417,0.0,0.0
2023-04-11 00:00:00-04:00,4.934999942779541,5.179999828338623,4.934999942779541,5.039999961853027,703,0.0,0.0
2023-04-12 00:00:00-04:00,5.039999961853027,5.039999961853027,5.005000114440918,5.005000114440918,1826,0.0,0.0
2023-04-13 00:00:00-04:00,5.005000114440918,5.320000171661377,5.005000114440918,5.144999980926514,1371,0.0,0.0
2023-04-14 00:00:00-04:00,5.144999980926514,5.25,5.144999980926514,5.25,2551,0.0,0.0
2023-04-17 00:00:00-04:00,5.144999980926514,5.494999885559082,5.144999980926514,5.389999866485596,1123,0.0,0.0
2023-04-18 00:00:00-04:00,5.494999885559082,5.670000076293945,5.494999885559082,5.670000076293945,289,0.0,0.0
2023-04-19 00:00:00-04:00,5.949999809265137,5.949999809265137,5.949999809265137,5.949999809265137,1091,0.0,0.0
2023-04-20 00:00:00-04:00,6.264999866485596,6.510000228881836,6.264999866485596,6.510000228881836,649,0.0,0.0
2023-04-21 00:00:00-04:00,6.510000228881836,7.105000019073486,6.510000228881836,6.824999809265137,1889,0.0,0.0
2023-04-24 00:00:00-04:00,6.125,6.650000095367432,6.125,6.474999904632568,431,0.0,0.0
2023-04-25 00:00:00-04:00,6.125,6.125,6.125,6.125,91,0.0,0.0
2023-04-26 00:00:00-04:00,5.809999942779541,6.40500020980835,5.809999942779541,5.949999809265137,1031,0.0,0.0
2023-04-27 00:00:00-04:00,5.914999961853027,6.40500020980835,5.914999961853027,6.054999828338623,369,0.0,0.0
2023-04-28 00:00:00-04:00,5.949999809265137,6.440000057220459,5.949999809265137,6.264999866485596,1086,0.0,0.0
2023-05-01 00:00:00-04:00,6.440000057220459,6.650000095367432,6.369999885559082,6.369999885559082,331,0.0,0.0
2023-05-02 00:00:00-04:00,6.579999923706055,6.579999923706055,5.670000076293945,6.195000171661377,811,0.0,0.0
2023-05-03 00:00:00-04:00,6.125,6.125,6.125,6.125,714,0.0,0.0
2023-05-04 00:00:00-04:00,6.71999979019165,6.71999979019165,5.425000190734863,5.914999961853027,1180,0.0,0.0
2023-05-05 00:00:00-04:00,5.775000095367432,5.775000095367432,5.775000095367432,5.775000095367432,857,0.0,0.0
2023-05-08 00:00:00-04:00,5.320000171661377,6.159999847412109,5.320000171661377,5.704999923706055,669,0.0,0.0
2023-05-09 00:00:00-04:00,5.880000114440918,5.914999961853027,5.775000095367432,5.914999961853027,491,0.0,0.0
2023-05-10 00:00:00-04:00,6.159999847412109,6.159999847412109,6.159999847412109,6.159999847412109,69,0.0,0.0
2023-05-11 00:00:00-04:00,5.775000095367432,5.775000095367432,5.144999980926514,5.320000171661377,1923,0.0,0.0
2023-05-12 00:00:00-04:00,5.53000020980835,5.775000095367432,5.425000190734863,5.775000095367432,129,0.0,0.0
2023-05-15 00:00:00-04:00,5.284999847412109,5.949999809265137,5.284999847412109,5.704999923706055,537,0.0,0.0
2023-05-16 00:00:00-04:00,5.599999904632568,5.599999904632568,5.425000190734863,5.599999904632568,2889,0.0,0.0
2023-05-17 00:00:00-04:00,5.775000095367432,5.949999809265137,5.494999885559082,5.704999923706055,394,0.0,0.0
2023-05-18 00:00:00-04:00,5.599999904632568,5.599999904632568,5.565000057220459,5.565000057220459,57,0.0,0.0
2023-05-19 00:00:00-04:00,5.565000057220459,5.565000057220459,5.565000057220459,5.565000057220459,0,0.0,0.0
2023-05-22 00:00:00-04:00,6.159999847412109,6.159999847412109,5.599999904632568,5.775000095367432,477,0.0,0.0
2023-05-23 00:00:00-04:00,5.949999809265137,5.949999809265137,5.389999866485596,5.389999866485596,2100,0.0,0.0
2023-05-24 00:00:00-04:00,5.284999847412109,5.775000095367432,4.795000076293945,5.739999771118164,3183,0.0,0.0
2023-05-25 00:00:00-04:00,5.25,5.25,5.25,5.25,503,0.0,0.0
2023-05-26 00:00:00-04:00,4.900000095367432,5.635000228881836,4.900000095367432,5.635000228881836,1023,0.0,0.0
2023-05-30 00:00:00-04:00,5.074999809265137,5.635000228881836,4.934999942779541,5.179999828338623,2923,0.0,0.0
2023-05-31 00:00:00-04:00,5.215000152587891,5.355000019073486,5.215000152587891,5.25,531,0.0,0.0
2023-06-01 00:00:00-04:00,5.53000020980835,5.53000020980835,5.179999828338623,5.25,717,0.0,0.0
2023-06-02 00:00:00-04:00,5.25,5.25,5.25,5.25,0,0.0,0.0
2023-06-05 00:00:00-04:00,5.53000020980835,5.53000020980835,5.389999866485596,5.389999866485596,229,0.0,0.0
2023-06-06 00:00:00-04:00,5.53000020980835,5.599999904632568,5.144999980926514,5.599999904632568,1223,0.0,0.0
2023-06-07 00:00:00-04:00,5.144999980926514,5.635000228881836,4.760000228881836,5.599999904632568,557,0.0,0.0
2023-06-08 00:00:00-04:00,5.425000190734863,5.599999904632568,5.425000190734863,5.599999904632568,1457,0.0,0.0
2023-06-09 00:00:00-04:00,5.389999866485596,5.425000190734863,5.25,5.25,846,0.0,0.0
2023-06-12 00:00:00-04:00,5.53000020980835,5.949999809265137,5.494999885559082,5.949999809265137,3186,0.0,0.0
2023-06-13 00:00:00-04:00,5.425000190734863,5.635000228881836,5.425000190734863,5.599999904632568,486,0.0,0.0
2023-06-14 00:00:00-04:00,5.53000020980835,5.599999904632568,5.074999809265137,5.25,3863,0.0,0.0
2023-06-15 00:00:00-04:00,5.25,5.25,5.25,5.25,0,0.0,0.0
2023-06-16 00:00:00-04:00,5.284999847412109,5.565000057220459,5.25,5.25,3251,0.0,0.0
2023-06-20 00:00:00-04:00,5.074999809265137,5.53000020980835,4.585000038146973,5.53000020980835,766,0.0,0.0
2023-06-21 00:00:00-04:00,5.704999923706055,5.809999942779541,5.599999904632568,5.775000095367432,451,0.0,0.0
2023-06-22 00:00:00-04:00,5.775000095367432,5.985000133514404,5.775000095367432,5.985000133514404,1403,0.0,0.0
2023-06-23 00:00:00-04:00,5.775000095367432,5.775000095367432,5.25,5.25,2017,0.0,0.0
2023-06-26 00:00:00-04:00,5.074999809265137,5.425000190734863,5.074999809265137,5.074999809265137,2831,0.0,0.0
2023-06-27 00:00:00-04:00,5.215000152587891,5.425000190734863,5.215000152587891,5.25,2263,0.0,0.0
2023-06-28 00:00:00-04:00,5.320000171661377,5.320000171661377,5.25,5.25,1037,0.0,0.0
2023-06-29 00:00:00-04:00,5.25,5.25,4.724999904632568,5.074999809265137,5037,0.0,0.0
2023-06-30 00:00:00-04:00,5.25,5.389999866485596,5.074999809265137,5.074999809265137,2054,0.0,0.0
2023-07-03 00:00:00-04:00,5.25,5.565000057220459,5.25,5.565000057220459,3503,0.0,0.0
2023-07-05 00:00:00-04:00,5.284999847412109,5.949999809265137,5.144999980926514,5.775000095367432,19266,0.0,0.0
2023-07-06 00:00:00-04:00,5.775000095367432,5.775000095367432,5.635000228881836,5.635000228881836,1643,0.0,0.0
2023-07-07 00:00:00-04:00,5.670000076293945,5.985000133514404,5.494999885559082,5.494999885559082,2703,0.0,0.0
2023-07-10 00:00:00-04:00,5.284999847412109,5.775000095367432,5.074999809265137,5.775000095367432,420,0.0,0.0
2023-07-11 00:00:00-04:00,5.914999961853027,5.914999961853027,5.425000190734863,5.494999885559082,2074,0.0,0.0
2023-07-12 00:00:00-04:00,5.425000190734863,5.425000190734863,5.425000190734863,5.425000190734863,157,0.0,0.0
2023-07-13 00:00:00-04:00,5.425000190734863,5.599999904632568,5.425000190734863,5.53000020980835,814,0.0,0.0
2023-07-14 00:00:00-04:00,5.389999866485596,5.565000057220459,5.320000171661377,5.53000020980835,1049,0.0,0.0
2023-07-17 00:00:00-04:00,5.425000190734863,5.425000190734863,5.074999809265137,5.425000190734863,1586,0.0,0.0
2023-07-18 00:00:00-04:00,4.480000019073486,5.389999866485596,4.199999809265137,5.389999866485596,15811,0.0,0.0
2023-07-19 00:00:00-04:00,5.039999961853027,5.355000019073486,4.900000095367432,5.039999961853027,3717,0.0,0.0
2023-07-20 00:00:00-04:00,4.934999942779541,5.110000133514404,4.934999942779541,5.110000133514404,434,0.0,0.0
2023-07-21 00:00:00-04:00,4.724999904632568,5.389999866485596,4.724999904632568,5.074999809265137,1023,0.0,0.0
2023-07-24 00:00:00-04:00,5.074999809265137,5.25,4.795000076293945,5.074999809265137,5374,0.0,0.0
2023-07-25 00:00:00-04:00,4.900000095367432,5.005000114440918,4.550000190734863,4.724999904632568,5631,0.0,0.0
2023-07-26 00:00:00-04:00,4.724999904632568,5.494999885559082,4.724999904632568,5.494999885559082,800,0.0,0.0
2023-07-27 00:00:00-04:00,5.494999885559082,5.494999885559082,5.144999980926514,5.144999980926514,977,0.0,0.0
2023-07-28 00:00:00-04:00,4.900000095367432,4.900000095367432,4.829999923706055,4.829999923706055,114,0.0,0.0
2023-07-31 00:00:00-04:00,4.96999979019165,5.110000133514404,4.724999904632568,5.039999961853027,1071,0.0,0.0
2023-08-01 00:00:00-04:00,4.724999904632568,4.724999904632568,4.619999885559082,4.724999904632568,2617,0.0,0.0
2023-08-02 00:00:00-04:00,4.724999904632568,4.795000076293945,4.585000038146973,4.724999904632568,1234,0.0,0.0
2023-08-03 00:00:00-04:00,4.724999904632568,5.039999961853027,4.690000057220459,5.039999961853027,809,0.0,0.0
2023-08-04 00:00:00-04:00,4.864999771118164,4.96999979019165,4.795000076293945,4.795000076293945,806,0.0,0.0
2023-08-07 00:00:00-04:00,5.039999961853027,5.039999961853027,4.864999771118164,4.934999942779541,1006,0.0,0.0
2023-08-08 00:00:00-04:00,4.724999904632568,4.724999904632568,4.724999904632568,4.724999904632568,49,0.0,0.0
2023-08-09 00:00:00-04:00,5.039999961853027,5.039999961853027,4.550000190734863,4.619999885559082,2523,0.0,0.0
2023-08-10 00:00:00-04:00,4.619999885559082,4.619999885559082,4.619999885559082,4.619999885559082,129,0.0,0.0
2023-08-11 00:00:00-04:00,4.304999828338623,4.724999904632568,4.304999828338623,4.550000190734863,714,0.0,0.0
2023-08-14 00:00:00-04:00,4.724999904632568,4.724999904632568,4.724999904632568,4.724999904632568,297,0.0,0.0
2023-08-15 00:00:00-04:00,4.550000190734863,4.724999904632568,4.550000190734863,4.724999904632568,686,0.0,0.0
2023-08-16 00:00:00-04:00,4.375,4.724999904632568,4.375,4.724999904632568,714,0.0,0.0
2023-08-17 00:00:00-04:00,4.760000228881836,4.760000228881836,4.550000190734863,4.550000190734863,57,0.0,0.0
2023-08-18 00:00:00-04:00,4.375,4.96999979019165,4.375,4.65500020980835,1600,0.0,0.0
2023-08-21 00:00:00-04:00,5.005000114440918,5.005000114440918,4.550000190734863,4.550000190734863,514,0.0,0.0
2023-08-22 00:00:00-04:00,4.724999904632568,4.724999904632568,4.304999828338623,4.304999828338623,560,0.0,0.0
2023-08-23 00:00:00-04:00,4.550000190734863,4.724999904632568,4.445000171661377,4.724999904632568,471,0.0,0.0
2023-08-24 00:00:00-04:00,4.724999904632568,4.724999904632568,4.724999904632568,4.724999904632568,146,0.0,0.0
2023-08-25 00:00:00-04:00,4.514999866485596,4.65500020980835,4.514999866485596,4.550000190734863,743,0.0,0.0
2023-08-28 00:00:00-04:00,4.550000190734863,4.585000038146973,4.199999809265137,4.585000038146973,3620,0.0,0.0
2023-08-29 00:00:00-04:00,4.375,5.005000114440918,4.375,4.550000190734863,640,0.0,0.0
2023-08-30 00:00:00-04:00,4.724999904632568,4.724999904632568,4.480000019073486,4.724999904632568,4174,0.0,0.0
2023-08-31 00:00:00-04:00,4.480000019073486,4.724999904632568,4.480000019073486,4.550000190734863,329,0.0,0.0
2023-09-01 00:00:00-04:00,4.550000190734863,4.550000190734863,4.550000190734863,4.550000190734863,289,0.0,0.0
2023-09-05 00:00:00-04:00,4.900000095367432,4.900000095367432,4.550000190734863,4.550000190734863,429,0.0,0.0
2023-09-06 00:00:00-04:00,4.934999942779541,4.934999942779541,4.445000171661377,4.760000228881836,4760,0.0,0.0
2023-09-07 00:00:00-04:00,4.690000057220459,5.074999809265137,4.514999866485596,4.96999979019165,1803,0.0,0.0
2023-09-08 00:00:00-04:00,4.795000076293945,4.795000076293945,4.65500020980835,4.65500020980835,571,0.0,0.0
2023-09-11 00:00:00-04:00,4.724999904632568,4.864999771118164,4.304999828338623,4.864999771118164,2189,0.0,0.0
2023-09-12 00:00:00-04:00,4.864999771118164,4.864999771118164,4.864999771118164,4.864999771118164,0,0.0,0.0
2023-09-13 00:00:00-04:00,4.550000190734863,4.619999885559082,4.480000019073486,4.550000190734863,4377,0.0,0.0
2023-09-14 00:00:00-04:00,4.480000019073486,4.864999771118164,4.480000019073486,4.864999771118164,686,0.0,0.0
2023-09-15 00:00:00-04:00,4.724999904632568,4.760000228881836,4.585000038146973,4.760000228881836,806,0.0,0.0
2023-09-18 00:00:00-04:00,4.690000057220459,4.690000057220459,4.585000038146973,4.690000057220459,394,0.0,0.0
2023-09-19 00:00:00-04:00,4.65500020980835,4.690000057220459,4.65500020980835,4.690000057220459,69,0.0,0.0
2023-09-20 00:00:00-04:00,4.724999904632568,4.724999904632568,4.550000190734863,4.585000038146973,351,0.0,0.0
2023-09-21 00:00:00-04:00,4.550000190734863,4.550000190734863,4.550000190734863,4.550000190734863,571,0.0,0.0
2023-09-22 00:00:00-04:00,4.65500020980835,4.829999923706055,4.65500020980835,4.65500020980835,1960,0.0,0.0
2023-09-25 00:00:00-04:00,4.724999904632568,4.760000228881836,4.724999904632568,4.760000228881836,409,0.0,0.0
2023-09-26 00:00:00-04:00,4.65500020980835,4.65500020980835,4.409999847412109,4.480000019073486,1043,0.0,0.0
2023-09-27 00:00:00-04:00,4.65500020980835,4.829999923706055,4.550000190734863,4.829999923706055,289,0.0,0.0
2023-09-28 00:00:00-04:00,4.480000019073486,4.585000038146973,4.409999847412109,4.585000038146973,434,0.0,0.0
2023-09-29 00:00:00-04:00,4.829999923706055,4.829999923706055,4.65500020980835,4.724999904632568,1766,0.0,0.0
2023-10-02 00:00:00-04:00,4.829999923706055,4.829999923706055,4.795000076293945,4.795000076293945,200,0.0,0.0
2023-10-03 00:00:00-04:00,4.900000095367432,4.900000095367432,4.690000057220459,4.795000076293945,1717,0.0,0.0
2023-10-04 00:00:00-04:00,4.934999942779541,5.074999809265137,4.934999942779541,5.074999809265137,34,0.0,0.0
2023-10-05 00:00:00-04:00,4.96999979019165,5.074999809265137,4.96999979019165,5.074999809265137,34,0.0,0.0
2023-10-06 00:00:00-04:00,4.934999942779541,4.934999942779541,4.934999942779541,4.934999942779541,111,0.0,0.0
2023-10-09 00:00:00-04:00,4.724999904632568,5.074999809265137,4.269999980926514,5.074999809265137,1751,0.0,0.0
2023-10-10 00:00:00-04:00,4.96999979019165,5.074999809265137,4.900000095367432,5.074999809265137,2383,0.0,0.0
2023-10-11 00:00:00-04:00,4.96999979019165,4.96999979019165,4.96999979019165,4.96999979019165,800,0.0,0.0
2023-10-12 00:00:00-04:00,4.65500020980835,4.96999979019165,4.65500020980835,4.934999942779541,1723,0.0,0.0
2023-10-13 00:00:00-04:00,4.760000228881836,4.760000228881836,4.550000190734863,4.550000190734863,669,0.0,0.0
2023-10-16 00:00:00-04:00,4.375,5.005000114440918,4.375,4.65500020980835,191,0.0,0.0
2023-10-17 00:00:00-04:00,4.550000190734863,4.96999979019165,4.445000171661377,4.96999979019165,814,0.0,0.0
2023-10-18 00:00:00-04:00,4.585000038146973,4.829999923706055,4.409999847412109,4.829999923706055,3554,0.0,0.0
2023-10-19 00:00:00-04:00,4.199999809265137,4.795000076293945,4.199999809265137,4.619999885559082,366,0.0,0.0
2023-10-20 00:00:00-04:00,4.585000038146973,4.690000057220459,4.585000038146973,4.690000057220459,257,0.0,0.0
2023-10-23 00:00:00-04:00,4.025000095367432,4.934999942779541,4.025000095367432,4.934999942779541,3266,0.0,0.0
2023-10-24 00:00:00-04:00,4.550000190734863,4.550000190734863,4.550000190734863,4.550000190734863,571,0.0,0.0
2023-10-25 00:00:00-04:00,4.445000171661377,4.65500020980835,4.445000171661377,4.65500020980835,143,0.0,0.0
2023-10-26 00:00:00-04:00,4.235000133514404,4.375,4.025000095367432,4.235000133514404,4446,0.0,0.0
2023-10-27 00:00:00-04:00,4.09499979019165,4.199999809265137,4.09499979019165,4.199999809265137,286,0.0,0.0
2023-10-30 00:00:00-04:00,4.199999809265137,4.375,4.025000095367432,4.304999828338623,6220,0.0,0.0
2023-10-31 00:00:00-04:00,4.304999828338623,4.375,4.164999961853027,4.269999980926514,1037,0.0,0.0
2023-11-01 00:00:00-04:00,4.235000133514404,4.235000133514404,4.235000133514404,4.235000133514404,57,0.0,0.0
2023-11-02 00:00:00-04:00,4.235000133514404,4.375,4.235000133514404,4.340000152587891,391,0.0,0.0
2023-11-03 00:00:00-04:00,4.199999809265137,4.199999809265137,4.199999809265137,4.199999809265137,314,0.0,0.0
2023-11-06 00:00:00-05:00,4.199999809265137,4.375,4.199999809265137,4.375,226,0.0,0.0
2023-11-07 00:00:00-05:00,4.375,4.375,4.375,4.375,0,0.0,0.0
2023-11-08 00:00:00-05:00,4.269999980926514,4.375,4.059999942779541,4.130000114440918,5731,0.0,0.0
2023-11-09 00:00:00-05:00,4.199999809265137,4.375,4.130000114440918,4.130000114440918,1614,0.0,0.0
2023-11-10 00:00:00-05:00,4.235000133514404,4.269999980926514,4.130000114440918,4.130000114440918,889,0.0,0.0
2023-11-13 00:00:00-05:00,4.130000114440918,4.199999809265137,4.025000095367432,4.164999961853027,551,0.0,0.0
2023-11-14 00:00:00-05:00,4.130000114440918,4.340000152587891,4.130000114440918,4.340000152587891,563,0.0,0.0
2023-11-15 00:00:00-05:00,4.09499979019165,4.269999980926514,4.09499979019165,4.269999980926514,1051,0.0,0.0
2023-11-16 00:00:00-05:00,4.199999809265137,4.375,4.164999961853027,4.304999828338623,974,0.0,0.0
2023-11-17 00:00:00-05:00,4.304999828338623,4.304999828338623,4.199999809265137,4.304999828338623,1357,0.0,0.0
2023-11-20 00:00:00-05:00,4.304999828338623,4.375,4.235000133514404,4.304999828338623,431,0.0,0.0
2023-11-21 00:00:00-05:00,4.09499979019165,4.09499979019165,4.09499979019165,4.09499979019165,4231,0.0,0.0
2023-11-22 00:00:00-05:00,4.09499979019165,4.199999809265137,4.09499979019165,4.199999809265137,874,0.0,0.0
2023-11-24 00:00:00-05:00,4.09499979019165,4.09499979019165,4.09499979019165,4.09499979019165,229,0.0,0.0
2023-11-27 00:00:00-05:00,4.269999980926514,4.585000038146973,4.130000114440918,4.585000038146973,1820,0.0,0.0
2023-11-28 00:00:00-05:00,4.724999904632568,4.724999904632568,4.550000190734863,4.619999885559082,280,0.0,0.0
2023-11-29 00:00:00-05:00,4.550000190734863,4.585000038146973,4.199999809265137,4.409999847412109,940,0.0,0.0
2023-11-30 00:00:00-05:00,4.724999904632568,5.074999809265137,4.724999904632568,4.96999979019165,3106,0.0,0.0
2023-12-01 00:00:00-05:00,5.074999809265137,5.074999809265137,4.829999923706055,4.829999923706055,569,0.0,0.0
2023-12-04 00:00:00-05:00,4.65500020980835,5.389999866485596,4.65500020980835,5.25,1766,0.0,0.0
2023-12-05 00:00:00-05:00,5.25,5.25,4.96999979019165,5.110000133514404,5643,0.0,0.0
2023-12-06 00:00:00-05:00,5.039999961853027,5.25,5.039999961853027,5.25,320,0.0,0.0
2023-12-07 00:00:00-05:00,5.25,5.25,4.934999942779541,5.110000133514404,3460,0.0,0.0
2023-12-08 00:00:00-05:00,5.599999904632568,5.599999904632568,5.144999980926514,5.179999828338623,766,0.0,0.0
2023-12-11 00:00:00-05:00,5.074999809265137,5.809999942779541,5.074999809265137,5.179999828338623,1046,0.0,0.0
2023-12-12 00:00:00-05:00,4.96999979019165,5.25,4.900000095367432,5.25,5371,0.0,0.0
2023-12-13 00:00:00-05:00,5.25,5.809999942779541,5.039999961853027,5.809999942779541,5680,0.0,0.0
2023-12-14 00:00:00-05:00,5.599999904632568,5.599999904632568,5.355000019073486,5.355000019073486,7500,0.0,0.0
2023-12-15 00:00:00-05:00,5.179999828338623,5.599999904632568,5.179999828338623,5.599999904632568,16137,0.0,0.0
2023-12-18 00:00:00-05:00,5.565000057220459,5.809999942779541,5.425000190734863,5.599999904632568,6537,0.0,0.0
2023-12-19 00:00:00-05:00,5.670000076293945,5.775000095367432,5.670000076293945,5.775000095367432,7046,0.0,0.0
2023-12-20 00:00:00-05:00,5.53000020980835,5.775000095367432,5.53000020980835,5.635000228881836,3969,0.0,0.0
2023-12-21 00:00:00-05:00,5.599999904632568,5.704999923706055,5.355000019073486,5.565000057220459,6523,0.0,0.0
2023-12-22 00:00:00-05:00,5.84499979019165,5.84499979019165,5.179999828338623,5.25,2683,0.0,0.0
2023-12-26 00:00:00-05:00,5.144999980926514,5.599999904632568,5.144999980926514,5.599999904632568,2080,0.0,0.0
2023-12-27 00:00:00-05:00,5.494999885559082,5.599999904632568,5.460000038146973,5.53000020980835,4234,0.0,0.0
2023-12-28 00:00:00-05:00,5.599999904632568,5.599999904632568,5.494999885559082,5.53000020980835,1466,0.0,0.0
2023-12-29 00:00:00-05:00,5.599999904632568,5.775000095367432,5.53000020980835,5.53000020980835,1831,0.0,0.0
2024-01-02 00:00:00-05:00,5.460000038146973,5.599999904632568,5.425000190734863,5.599999904632568,2751,0.0,0.0
2024-01-03 00:00:00-05:00,5.599999904632568,5.775000095367432,5.599999904632568,5.775000095367432,1871,0.0,0.0
2024-01-04 00:00:00-05:00,5.775000095367432,5.949999809265137,5.460000038146973,5.599999904632568,4057,0.0,0.0
2024-01-05 00:00:00-05:00,5.775000095367432,5.775000095367432,5.775000095367432,5.775000095367432,51,0.0,0.0
2024-01-08 00:00:00-05:00,5.704999923706055,5.880000114440918,5.425000190734863,5.775000095367432,737,0.0,0.0
2024-01-09 00:00:00-05:00,5.775000095367432,5.775000095367432,5.635000228881836,5.739999771118164,4377,0.0,0.0
2024-01-10 00:00:00-05:00,5.84499979019165,5.880000114440918,5.84499979019165,5.880000114440918,229,0.0,0.0
2024-01-11 00:00:00-05:00,5.880000114440918,5.880000114440918,5.599999904632568,5.635000228881836,177,0.0,0.0
2024-01-12 00:00:00-05:00,5.425000190734863,5.599999904632568,5.425000190734863,5.599999904632568,3157,0.0,0.0
2024-01-16 00:00:00-05:00,5.775000095367432,5.880000114440918,5.599999904632568,5.880000114440918,1057,0.0,0.0
2024-01-17 00:00:00-05:00,5.565000057220459,5.880000114440918,5.565000057220459,5.775000095367432,3834,0.0,0.0
2024-01-18 00:00:00-05:00,5.809999942779541,5.809999942779541,5.670000076293945,5.670000076293945,69,0.0,0.0
2024-01-19 00:00:00-05:00,5.670000076293945,5.775000095367432,5.599999904632568,5.599999904632568,4360,0.0,0.0
2024-01-22 00:00:00-05:00,5.704999923706055,5.84499979019165,5.599999904632568,5.775000095367432,4700,0.0,0.0
2024-01-23 00:00:00-05:00,5.739999771118164,5.880000114440918,5.739999771118164,5.84499979019165,257,0.0,0.0
2024-01-24 00:00:00-05:00,5.84499979019165,5.880000114440918,5.704999923706055,5.84499979019165,1414,0.0,0.0
2024-01-25 00:00:00-05:00,5.949999809265137,5.949999809265137,5.599999904632568,5.775000095367432,5469,0.0,0.0
2024-01-26 00:00:00-05:00,5.775000095367432,5.809999942779541,5.670000076293945,5.670000076293945,3409,0.0,0.0
2024-01-29 00:00:00-05:00,5.809999942779541,5.809999942779541,5.599999904632568,5.809999942779541,3386,0.0,0.0
2024-01-30 00:00:00-05:00,5.809999942779541,5.880000114440918,5.704999923706055,5.880000114440918,4597,0.0,0.0
2024-01-31 00:00:00-05:00,5.809999942779541,5.880000114440918,5.809999942779541,5.880000114440918,166,0.0,0.0
2024-02-01 00:00:00-05:00,5.775000095367432,5.809999942779541,5.599999904632568,5.809999942779541,51,0.0,0.0
2024-02-02 00:00:00-05:00,5.635000228881836,5.775000095367432,5.494999885559082,5.739999771118164,3126,0.0,0.0
2024-02-05 00:00:00-05:00,5.775000095367432,5.809999942779541,5.739999771118164,5.809999942779541,1143,0.0,0.0
2024-02-06 00:00:00-05:00,5.809999942779541,5.880000114440918,5.809999942779541,5.880000114440918,986,0.0,0.0
2024-02-07 00:00:00-05:00,5.84499979019165,5.985000133514404,5.809999942779541,5.809999942779541,831,0.0,0.0
2024-02-08 00:00:00-05:00,5.635000228881836,5.809999942779541,5.635000228881836,5.809999942779541,814,0.0,0.0
2024-02-09 00:00:00-05:00,5.84499979019165,5.84499979019165,5.84499979019165,5.84499979019165,357,0.0,0.0
2024-02-12 00:00:00-05:00,5.84499979019165,5.914999961853027,5.809999942779541,5.914999961853027,1054,0.0,0.0
2024-02-13 00:00:00-05:00,5.809999942779541,5.880000114440918,5.809999942779541,5.809999942779541,1969,0.0,0.0
2024-02-14 00:00:00-05:00,5.809999942779541,5.914999961853027,5.809999942779541,5.914999961853027,1686,0.0,0.0
2024-02-15 00:00:00-05:00,5.809999942779541,6.125,5.809999942779541,5.914999961853027,1140,0.0,0.0
2024-02-16 00:00:00-05:00,5.949999809265137,6.019999980926514,5.949999809265137,6.019999980926514,743,0.0,0.0
2024-02-20 00:00:00-05:00,5.880000114440918,6.090000152587891,5.775000095367432,6.019999980926514,2126,0.0,0.0
2024-02-21 00:00:00-05:00,5.880000114440918,6.054999828338623,5.880000114440918,5.914999961853027,1037,0.0,0.0
2024-02-22 00:00:00-05:00,5.985000133514404,5.985000133514404,5.670000076293945,5.704999923706055,7577,0.0,0.0
2024-02-23 00:00:00-05:00,5.565000057220459,5.775000095367432,5.565000057220459,5.775000095367432,3669,0.0,0.0
2024-02-26 00:00:00-05:00,5.565000057220459,6.090000152587891,5.565000057220459,5.949999809265137,5749,0.0,0.0
2024-02-27 00:00:00-05:00,6.019999980926514,6.090000152587891,6.019999980926514,6.090000152587891,1114,0.0,0.0
2024-02-28 00:00:00-05:00,6.090000152587891,6.090000152587891,5.775000095367432,5.775000095367432,5343,0.0,0.0
2024-02-29 00:00:00-05:00,5.809999942779541,6.195000171661377,5.599999904632568,5.914999961853027,3834,0.0,0.0
2024-03-01 00:00:00-05:00,5.53000020980835,5.985000133514404,5.53000020980835,5.985000133514404,1486,0.0,0.0
2024-03-04 00:00:00-05:00,5.949999809265137,6.019999980926514,5.739999771118164,5.914999961853027,4746,0.0,0.0
2024-03-05 00:00:00-05:00,5.739999771118164,5.880000114440918,5.739999771118164,5.739999771118164,1557,0.0,0.0
2024-03-06 00:00:00-05:00,5.84499979019165,5.84499979019165,5.84499979019165,5.84499979019165,586,0.0,0.0
2024-03-07 00:00:00-05:00,5.914999961853027,5.914999961853027,5.425000190734863,5.425000190734863,9023,0.0,0.0
2024-03-08 00:00:00-05:00,5.389999866485596,5.599999904632568,5.389999866485596,5.494999885559082,1729,0.0,0.0
2024-03-11 00:00:00-04:00,5.53000020980835,5.565000057220459,5.389999866485596,5.565000057220459,554,0.0,0.0
2024-03-12 00:00:00-04:00,5.599999904632568,5.704999923706055,5.599999904632568,5.704999923706055,1914,0.0,0.0
2024-03-13 00:00:00-04:00,5.53000020980835,5.84499979019165,5.460000038146973,5.84499979019165,7451,0.0,0.0
2024-03-14 00:00:00-04:00,5.704999923706055,6.929999828338623,5.599999904632568,6.650000095367432,3994,0.0,0.0
2024-03-15 00:00:00-04:00,6.614999771118164,7.385000228881836,6.614999771118164,7.385000228881836,2149,0.0,0.0
2024-03-18 00:00:00-04:00,7.28000020980835,7.385000228881836,7.105000019073486,7.385000228881836,1494,0.0,0.0
2024-03-19 00:00:00-04:00,6.545000076293945,7.489999771118164,6.545000076293945,7.489999771118164,3371,0.0,0.0
2024-03-20 00:00:00-04:00,7.454999923706055,7.699999809265137,7.244999885559082,7.699999809265137,3154,0.0,0.0
2024-03-21 00:00:00-04:00,7.699999809265137,7.699999809265137,7.28000020980835,7.385000228881836,971,0.0,0.0
2024-03-22 00:00:00-04:00,7.315000057220459,7.630000114440918,7.315000057220459,7.349999904632568,3771,0.0,0.0
2024-03-25 00:00:00-04:00,7.454999923706055,7.59499979019165,6.860000133514404,7.0,1106,0.0,0.0
2024-03-26 00:00:00-04:00,6.440000057220459,7.210000038146973,6.440000057220459,7.139999866485596,783,0.0,0.0
2024-03-27 00:00:00-04:00,6.650000095367432,6.965000152587891,6.650000095367432,6.965000152587891,2586,0.0,0.0
2024-03-28 00:00:00-04:00,7.349999904632568,7.349999904632568,7.070000171661377,7.070000171661377,846,0.0,0.0
2024-04-01 00:00:00-04:00,6.965000152587891,7.244999885559082,6.474999904632568,6.474999904632568,2546,0.0,0.0
2024-04-02 00:00:00-04:00,6.650000095367432,7.0,6.579999923706055,6.579999923706055,731,0.0,0.0
2024-04-03 00:00:00-04:00,6.090000152587891,6.965000152587891,6.090000152587891,6.684999942779541,1480,0.0,0.0
2024-04-04 00:00:00-04:00,6.474999904632568,7.034999847412109,6.474999904632568,6.579999923706055,1874,0.0,0.0
2024-04-05 00:00:00-04:00,6.579999923706055,6.965000152587891,6.300000190734863,6.965000152587891,540,0.0,0.0
2024-04-08 00:00:00-04:00,6.965000152587891,7.070000171661377,6.650000095367432,6.824999809265137,1254,0.0,0.0
2024-04-09 00:00:00-04:00,6.650000095367432,6.824999809265137,6.650000095367432,6.789999961853027,2017,0.0,0.0
2024-04-10 00:00:00-04:00,7.0,7.0,6.474999904632568,6.650000095367432,1417,0.0,0.0
2024-04-11 00:00:00-04:00,6.300000190734863,6.929999828338623,6.300000190734863,6.929999828338623,557,0.0,0.0
2024-04-12 00:00:00-04:00,6.510000228881836,6.789999961853027,6.474999904632568,6.755000114440918,1143,0.0,0.0
2024-04-15 00:00:00-04:00,7.139999866485596,7.139999866485596,6.300000190734863,6.545000076293945,871,0.0,0.0
2024-04-16 00:00:00-04:00,6.579999923706055,6.71999979019165,6.300000190734863,6.300000190734863,1986,0.0,0.0
2024-04-17 00:00:00-04:00,6.300000190734863,6.300000190734863,6.300000190734863,6.300000190734863,0,0.0,0.0
2024-04-18 00:00:00-04:00,7.0,7.0,7.0,7.0,157,0.0,0.0
2024-04-19 00:00:00-04:00,6.300000190734863,6.894999980926514,6.300000190734863,6.650000095367432,1386,0.0,0.0
2024-04-22 00:00:00-04:00,6.40500020980835,6.71999979019165,6.40500020980835,6.650000095367432,583,0.0,0.0
2024-04-23 00:00:00-04:00,6.650000095367432,6.650000095367432,6.650000095367432,6.650000095367432,317,0.0,0.0
2024-04-24 00:00:00-04:00,6.650000095367432,6.684999942779541,6.474999904632568,6.614999771118164,940,0.0,0.0
2024-04-25 00:00:00-04:00,6.650000095367432,6.824999809265137,6.474999904632568,6.474999904632568,1823,0.0,0.0
2024-04-26 00:00:00-04:00,6.650000095367432,6.650000095367432,6.474999904632568,6.474999904632568,1106,0.0,0.0
2024-04-29 00:00:00-04:00,6.300000190734863,6.614999771118164,6.195000171661377,6.614999771118164,1534,0.0,0.0
2024-04-30 00:00:00-04:00,6.40500020980835,6.614999771118164,5.599999904632568,5.949999809265137,7514,0.0,0.0
2024-05-01 00:00:00-04:00,5.949999809265137,6.335000038146973,5.949999809265137,6.335000038146973,1046,0.0,0.0
2024-05-02 00:00:00-04:00,6.125,6.71999979019165,5.985000133514404,6.650000095367432,2860,0.0,0.0
2024-05-03 00:00:00-04:00,6.40500020980835,6.824999809265137,6.40500020980835,6.650000095367432,2306,0.0,0.0
2024-05-06 00:00:00-04:00,6.579999923706055,6.71999979019165,5.949999809265137,6.264999866485596,4397,0.0,0.0
2024-05-07 00:00:00-04:00,5.949999809265137,6.195000171661377,5.775000095367432,6.159999847412109,811,0.0,0.0
2024-05-08 00:00:00-04:00,6.125,6.300000190734863,5.949999809265137,6.195000171661377,1474,0.0,0.0
2024-05-09 00:00:00-04:00,5.84499979019165,6.125,5.84499979019165,6.125,786,0.0,0.0
2024-05-10 00:00:00-04:00,6.40500020980835,6.40500020980835,6.125,6.300000190734863,1303,0.0,0.0
2024-05-13 00:00:00-04:00,6.125,6.300000190734863,5.949999809265137,6.125,966,0.0,0.0
2024-05-14 00:00:00-04:00,6.125,6.300000190734863,6.125,6.159999847412109,1091,0.0,0.0
2024-05-15 00:00:00-04:00,5.949999809265137,6.159999847412109,5.949999809265137,6.159999847412109,506,0.0,0.0
2024-05-16 00:00:00-04:00,6.159999847412109,6.474999904632568,6.159999847412109,6.474999904632568,4811,0.0,0.0
2024-05-17 00:00:00-04:00,6.195000171661377,7.0,6.159999847412109,6.824999809265137,7426,0.0,0.0
2024-05-20 00:00:00-04:00,7.0,7.0,6.159999847412109,7.0,743,0.0,0.0
2024-05-21 00:00:00-04:00,6.40500020980835,6.650000095367432,6.40500020980835,6.650000095367432,51,0.0,0.0
2024-05-22 00:00:00-04:00,6.650000095367432,6.650000095367432,6.369999885559082,6.545000076293945,977,0.0,0.0
2024-05-23 00:00:00-04:00,6.369999885559082,6.369999885559082,6.159999847412109,6.300000190734863,426,0.0,0.0
2024-05-24 00:00:00-04:00,6.159999847412109,6.159999847412109,6.159999847412109,6.159999847412109,294,0.0,0.0
2024-05-28 00:00:00-04:00,6.440000057220459,6.440000057220459,6.440000057220459,6.440000057220459,6,0.0,0.0
2024-05-29 00:00:00-04:00,6.300000190734863,6.40500020980835,6.300000190734863,6.300000190734863,114,0.0,0.0
2024-05-30 00:00:00-04:00,6.650000095367432,6.824999809265137,5.775000095367432,6.300000190734863,1483,0.0,0.0
2024-05-31 00:00:00-04:00,6.300000190734863,6.545000076293945,5.775000095367432,6.545000076293945,5240,0.0,0.0
2024-06-03 00:00:00-04:00,5.775000095367432,5.775000095367432,5.775000095367432,5.775000095367432,0,0.0,0.0
2024-06-04 00:00:00-04:00,5.998000144958496,6.0,5.998000144958496,6.0,400,0.0,0.0
2024-06-05 00:00:00-04:00,6.5,6.5,6.5,6.5,4400,0.0,0.0
2024-06-06 00:00:00-04:00,6.400000095367432,7.0,6.0,6.0,10700,0.0,0.0
2024-06-07 00:00:00-04:00,6.099999904632568,6.126999855041504,6.099999904632568,6.126999855041504,6500,0.0,0.0
2024-06-10 00:00:00-04:00,6.0,7.380000114440918,6.0,6.0,1600,0.0,0.0
2024-06-11 00:00:00-04:00,6.0,6.0,6.0,6.0,0,0.0,0.0
2024-06-12 00:00:00-04:00,6.059999942779541,6.059999942779541,6.0,6.0,1400,0.0,0.0
2024-06-13 00:00:00-04:00,6.0,6.0,5.949999809265137,5.949999809265137,800,0.0,0.0
2024-06-14 00:00:00-04:00,5.989999771118164,6.0,5.989999771118164,6.0,1500,0.0,0.0
2024-06-17 00:00:00-04:00,6.0,6.0,6.0,6.0,400,0.0,0.0
2024-06-18 00:00:00-04:00,6.0,6.0,5.949999809265137,5.949999809265137,2100,0.0,0.0
2024-06-20 00:00:00-04:00,5.949999809265137,5.949999809265137,5.949999809265137,5.949999809265137,200,0.0,0.0
2024-06-21 00:00:00-04:00,6.010000228881836,6.010000228881836,6.010000228881836,6.010000228881836,2200,0.0,0.0
2024-06-24 00:00:00-04:00,6.0,6.300000190734863,6.0,6.300000190734863,1700,0.0,0.0
2024-06-25 00:00:00-04:00,5.929999828338623,6.0,5.929999828338623,6.0,500,0.0,0.0
2024-06-26 00:00:00-04:00,6.0,6.239999771118164,6.0,6.239999771118164,4700,0.0,0.0
2024-06-27 00:00:00-04:00,6.050000190734863,6.139999866485596,6.050000190734863,6.139999866485596,3600,0.0,0.0
2024-06-28 00:00:00-04:00,6.210000038146973,6.210000038146973,6.03000020980835,6.03000020980835,2200,0.0,0.0
2024-07-01 00:00:00-04:00,6.03000020980835,6.03000020980835,6.03000020980835,6.03000020980835,0,0.0,0.0
2024-07-02 00:00:00-04:00,6.329999923706055,6.329999923706055,6.010000228881836,6.025000095367432,2500,0.0,0.0
2024-07-03 00:00:00-04:00,5.949999809265137,6.070000171661377,5.949999809265137,6.070000171661377,6900,0.0,0.0
2024-07-05 00:00:00-04:00,5.989999771118164,5.989999771118164,5.989999771118164,5.989999771118164,300,0.0,0.0
2024-07-08 00:00:00-04:00,5.923999786376953,5.980000019073486,5.923999786376953,5.96999979019165,2000,0.0,0.0
2024-07-09 00:00:00-04:00,6.230000019073486,6.230000019073486,6.230000019073486,6.230000019073486,4400,0.0,0.0
2024-07-10 00:00:00-04:00,5.920000076293945,6.25,5.920000076293945,6.090000152587891,2300,0.0,0.0
2024-07-11 00:00:00-04:00,6.090000152587891,6.090000152587891,6.090000152587891,6.090000152587891,0,0.0,0.0
2024-07-12 00:00:00-04:00,6.090000152587891,6.090000152587891,6.090000152587891,6.090000152587891,500,0.0,0.0
2024-07-15 00:00:00-04:00,5.909999847412109,6.090000152587891,5.909999847412109,6.090000152587891,600,0.0,0.0
2024-07-16 00:00:00-04:00,6.195000171661377,6.210000038146973,6.195000171661377,6.210000038146973,400,0.0,0.0
2024-07-17 00:00:00-04:00,5.650000095367432,5.929999828338623,5.650000095367432,5.929999828338623,1100,0.0,0.0
2024-07-18 00:00:00-04:00,6.119999885559082,6.130000114440918,6.119999885559082,6.130000114440918,2000,0.0,0.0
2024-07-19 00:00:00-04:00,6.110000133514404,6.110000133514404,5.96999979019165,5.96999979019165,1400,0.0,0.0
2024-07-22 00:00:00-04:00,5.96999979019165,5.96999979019165,5.96999979019165,5.96999979019165,0,0.0,0.0
2024-07-23 00:00:00-04:00,5.965000152587891,6.099999904632568,5.965000152587891,6.099999904632568,500,0.0,0.0
2024-07-24 00:00:00-04:00,6.0,6.099999904632568,6.0,6.099999904632568,3900,0.0,0.0
2024-07-25 00:00:00-04:00,6.130000114440918,6.130000114440918,6.079999923706055,6.099999904632568,2400,0.0,0.0
2024-07-26 00:00:00-04:00,6.099999904632568,6.099999904632568,5.914999961853027,5.949999809265137,5100,0.0,0.0
2024-07-29 00:00:00-04:00,6.039999961853027,6.039999961853027,6.039999961853027,6.039999961853027,300,0.0,0.0
2024-07-30 00:00:00-04:00,6.0289998054504395,6.0289998054504395,6.019999980926514,6.019999980926514,400,0.0,0.0
2024-07-31 00:00:00-04:00,5.989999771118164,6.019999980926514,5.920000076293945,6.0,6200,0.0,0.0
2024-08-01 00:00:00-04:00,6.0,6.013000011444092,5.900000095367432,5.900000095367432,5000,0.0,0.0
2024-08-02 00:00:00-04:00,5.900000095367432,5.900000095367432,5.630000114440918,5.630000114440918,1700,0.0,0.0
2024-08-05 00:00:00-04:00,5.875,5.875,5.875,5.875,300,0.0,0.0
2024-08-06 00:00:00-04:00,5.75,5.75,5.75,5.75,300,0.0,0.0
2024-08-07 00:00:00-04:00,5.550000190734863,5.803999900817871,5.550000190734863,5.803999900817871,1200,0.0,0.0
2024-08-08 00:00:00-04:00,5.820000171661377,5.829999923706055,5.820000171661377,5.829999923706055,500,0.0,0.0
2024-08-09 00:00:00-04:00,5.764999866485596,5.764999866485596,5.764999866485596,5.764999866485596,300,0.0,0.0
2024-08-12 00:00:00-04:00,5.829999923706055,5.829999923706055,5.679999828338623,5.679999828338623,2900,0.0,0.0
2024-08-13 00:00:00-04:00,5.625,5.625,5.625,5.625,200,0.0,0.0
2024-08-14 00:00:00-04:00,5.679999828338623,5.679999828338623,5.46999979019165,5.630000114440918,4100,0.0,0.0
2024-08-15 00:00:00-04:00,5.630000114440918,5.760000228881836,5.630000114440918,5.760000228881836,1200,0.0,0.0
2024-08-16 00:00:00-04:00,5.340000152587891,5.670000076293945,5.340000152587891,5.670000076293945,4000,0.0,0.0
2024-08-19 00:00:00-04:00,5.460000038146973,5.5,5.460000038146973,5.5,300,0.0,0.0
2024-08-20 00:00:00-04:00,5.5,5.5,5.5,5.5,0,0.0,0.0
2024-08-21 00:00:00-04:00,5.4079999923706055,5.4079999923706055,5.4079999923706055,5.4079999923706055,300,0.0,0.0
2024-08-22 00:00:00-04:00,5.409999847412109,5.409999847412109,5.409999847412109,5.409999847412109,200,0.0,0.0
2024-08-23 00:00:00-04:00,5.440000057220459,5.46999979019165,5.434999942779541,5.46999979019165,1900,0.0,0.0
2024-08-26 00:00:00-04:00,5.4019999504089355,5.46999979019165,5.4019999504089355,5.46999979019165,200,0.0,0.0
2024-08-27 00:00:00-04:00,5.449999809265137,5.480000019073486,5.449999809265137,5.480000019073486,2700,0.0,0.0
2024-08-28 00:00:00-04:00,5.480000019073486,5.480000019073486,5.421000003814697,5.460000038146973,2900,0.0,0.0
2024-08-29 00:00:00-04:00,5.460000038146973,5.46999979019165,5.423999786376953,5.423999786376953,9500,0.0,0.0
2024-08-30 00:00:00-04:00,5.369999885559082,5.389999866485596,5.329999923706055,5.369999885559082,2600,0.0,0.0
2024-09-03 00:00:00-04:00,6.360000133514404,6.360000133514404,5.329999923706055,5.5,3100,0.0,0.0
2024-09-04 00:00:00-04:00,5.769999980926514,5.769999980926514,5.349999904632568,5.739999771118164,6100,0.0,0.0
2024-09-05 00:00:00-04:00,5.5,5.630000114440918,5.5,5.630000114440918,1000,0.0,0.0
2024-09-06 00:00:00-04:00,5.630000114440918,5.630000114440918,5.630000114440918,5.630000114440918,0,0.0,0.0
2024-09-09 00:00:00-04:00,5.539999961853027,5.539999961853027,5.539999961853027,5.539999961853027,200,0.0,0.0
2024-09-10 00:00:00-04:00,5.590000152587891,5.659999847412109,5.590000152587891,5.659999847412109,600,0.0,0.0
2024-09-11 00:00:00-04:00,5.534999847412109,5.590000152587891,5.534999847412109,5.590000152587891,700,0.0,0.0
2024-09-12 00:00:00-04:00,5.599999904632568,5.670000076293945,5.599999904632568,5.670000076293945,3500,0.0,0.0
2024-09-13 00:00:00-04:00,5.699999809265137,5.699999809265137,5.550000190734863,5.599999904632568,4600,0.0,0.0
2024-09-16 00:00:00-04:00,5.599999904632568,5.599999904632568,5.599999904632568,5.599999904632568,0,0.0,0.0
2024-09-17 00:00:00-04:00,5.539999961853027,5.75,5.539999961853027,5.75,1200,0.0,0.0
2024-09-18 00:00:00-04:00,5.550000190734863,5.550000190734863,5.5,5.5229997634887695,1500,0.0,0.0
2024-09-19 00:00:00-04:00,5.5,5.599999904632568,5.449999809265137,5.599999904632568,1400,0.0,0.0
2024-09-20 00:00:00-04:00,5.599999904632568,5.599999904632568,5.599999904632568,5.599999904632568,0,0.0,0.0
2024-09-23 00:00:00-04:00,5.5289998054504395,5.5289998054504395,5.5289998054504395,5.5289998054504395,100,0.0,0.0
2024-09-24 00:00:00-04:00,5.576000213623047,5.599999904632568,5.53000020980835,5.599999904632568,2700,0.0,0.0
2024-09-25 00:00:00-04:00,5.619999885559082,5.619999885559082,5.619999885559082,5.619999885559082,1000,0.0,0.0
2024-09-26 00:00:00-04:00,5.610000133514404,5.619999885559082,5.554999828338623,5.610000133514404,4000,0.0,0.0
2024-09-27 00:00:00-04:00,5.599999904632568,5.599999904632568,5.599999904632568,5.599999904632568,700,0.0,0.0
2024-09-30 00:00:00-04:00,5.630000114440918,5.630000114440918,5.630000114440918,5.630000114440918,2000,0.0,0.0
2024-10-01 00:00:00-04:00,5.630000114440918,5.639999866485596,5.630000114440918,5.639999866485596,2000,0.0,0.0
2024-10-02 00:00:00-04:00,5.550000190734863,5.650000095367432,5.550000190734863,5.630000114440918,3000,0.0,0.0
2024-10-03 00:00:00-04:00,5.630000114440918,5.630000114440918,5.630000114440918,5.630000114440918,2000,0.0,0.0
2024-10-04 00:00:00-04:00,5.630000114440918,5.630000114440918,5.630000114440918,5.630000114440918,0,0.0,0.0
2024-10-07 00:00:00-04:00,5.039999961853027,5.460000038146973,5.039999961853027,5.460000038146973,700,0.0,0.0
2024-10-08 00:00:00-04:00,5.039999961853027,5.369999885559082,5.039999961853027,5.340000152587891,4800,0.0,0.0
2024-10-09 00:00:00-04:00,5.329999923706055,5.329999923706055,5.320000171661377,5.320000171661377,2000,0.0,0.0
2024-10-10 00:00:00-04:00,5.34499979019165,5.34499979019165,5.34499979019165,5.34499979019165,300,0.0,0.0
2024-10-11 00:00:00-04:00,5.360000133514404,5.360000133514404,5.300000190734863,5.300000190734863,1200,0.0,0.0
2024-10-14 00:00:00-04:00,5.989999771118164,5.989999771118164,5.989999771118164,5.989999771118164,200,0.0,0.0
2024-10-15 00:00:00-04:00,5.989999771118164,5.989999771118164,5.989999771118164,5.989999771118164,800,0.0,0.0
2024-10-16 00:00:00-04:00,5.28000020980835,5.28000020980835,5.215000152587891,5.215000152587891,2400,0.0,0.0
2024-10-17 00:00:00-04:00,5.099999904632568,5.110000133514404,5.050000190734863,5.050000190734863,1200,0.0,0.0
2024-10-18 00:00:00-04:00,4.993000030517578,5.0,4.710000038146973,4.710000038146973,3000,0.0,0.0
2024-10-21 00:00:00-04:00,5.150000095367432,5.150000095367432,4.84499979019165,5.0,3000,0.0,0.0
2024-10-22 00:00:00-04:00,4.800000190734863,4.800000190734863,4.800000190734863,4.800000190734863,1000,0.0,0.0
2024-10-23 00:00:00-04:00,4.800000190734863,4.800000190734863,4.78000020980835,4.800000190734863,4100,0.0,0.0
2024-10-24 00:00:00-04:00,4.760000228881836,4.840000152587891,4.75,4.829999923706055,1600,0.0,0.0
2024-10-25 00:00:00-04:00,4.800000190734863,4.800000190734863,4.800000190734863,4.800000190734863,1300,0.0,0.0
2024-10-28 00:00:00-04:00,5.0,5.039999961853027,4.860000133514404,4.882999897003174,5900,0.0,0.0
2024-10-29 00:00:00-04:00,4.699999809265137,4.699999809265137,4.699999809265137,4.699999809265137,100,0.0,0.0
2024-10-30 00:00:00-04:00,4.760000228881836,4.760000228881836,4.732999801635742,4.732999801635742,1100,0.0,0.0
2024-10-31 00:00:00-04:00,4.732999801635742,4.732999801635742,4.732999801635742,4.732999801635742,0,0.0,0.0
2024-11-01 00:00:00-04:00,4.849999904632568,4.849999904632568,4.679999828338623,4.78000020980835,2300,0.0,0.0
2024-11-04 00:00:00-05:00,4.860000133514404,4.860000133514404,4.75,4.800000190734863,2600,0.0,0.0
2024-11-05 00:00:00-05:00,4.839000225067139,4.874000072479248,4.839000225067139,4.874000072479248,1300,0.0,0.0
2024-11-06 00:00:00-05:00,4.860000133514404,4.920000076293945,4.659999847412109,4.920000076293945,3200,0.0,0.0
2024-11-07 00:00:00-05:00,5.0,5.599999904632568,5.0,5.599999904632568,15600,0.0,0.0
2024-11-08 00:00:00-05:00,5.599999904632568,5.610000133514404,4.860000133514404,5.610000133514404,7900,0.0,0.0
2024-11-11 00:00:00-05:00,5.639999866485596,5.75,5.059999942779541,5.715000152587891,14100,0.0,0.0
2024-11-12 00:00:00-05:00,6.0,6.0,5.480000019073486,5.75,17800,0.0,0.0
2024-11-13 00:00:00-05:00,5.730000019073486,6.670000076293945,5.730000019073486,5.960000038146973,35800,0.0,0.0
2024-11-14 00:00:00-05:00,6.489999771118164,6.71999979019165,5.849999904632568,5.849999904632568,26300,0.0,0.0
2024-11-15 00:00:00-05:00,5.949999809265137,6.400000095367432,5.914999961853027,6.0,38900,0.0,0.0
2024-11-18 00:00:00-05:00,6.010000228881836,6.699999809265137,6.010000228881836,6.300000190734863,15100,0.0,0.0
2024-11-19 00:00:00-05:00,6.300000190734863,6.380000114440918,6.179999828338623,6.21999979019165,11300,0.0,0.0
2024-11-20 00:00:00-05:00,5.849999904632568,6.449999809265137,5.849999904632568,6.449999809265137,15300,0.0,0.0
2024-11-21 00:00:00-05:00,6.400000095367432,6.400000095367432,6.0,6.179999828338623,8800,0.0,0.0
2024-11-22 00:00:00-05:00,6.239999771118164,6.260000228881836,6.199999809265137,6.21999979019165,3600,0.0,0.0
2024-11-25 00:00:00-05:00,6.210000038146973,6.400000095367432,6.150000095367432,6.300000190734863,17400,0.0,0.0
2024-11-26 00:00:00-05:00,6.090000152587891,6.449999809265137,5.945000171661377,6.182000160217285,17600,0.0,0.0
2024-11-27 00:00:00-05:00,6.5,6.5,6.0,6.176000118255615,5600,0.0,0.0
2024-11-29 00:00:00-05:00,6.389999866485596,6.389999866485596,6.150000095367432,6.150000095367432,3600,0.0,0.0
2024-12-02 00:00:00-05:00,6.800000190734863,6.800000190734863,6.01800012588501,6.085000038146973,8200,0.0,0.0
2024-12-03 00:00:00-05:00,6.099999904632568,6.349999904632568,6.099999904632568,6.300000190734863,14700,0.0,0.0
2024-12-04 00:00:00-05:00,6.150000095367432,6.249000072479248,6.070000171661377,6.130000114440918,7900,0.0,0.0
2024-12-05 00:00:00-05:00,6.349999904632568,6.349999904632568,5.909999847412109,5.96999979019165,17900,0.0,0.0
2024-12-06 00:00:00-05:00,6.150000095367432,6.199999809265137,6.039000034332275,6.048999786376953,5200,0.0,0.0
2024-12-09 00:00:00-05:00,6.059999942779541,6.449999809265137,6.010000228881836,6.2270002365112305,11400,0.0,0.0
2024-12-10 00:00:00-05:00,6.840000152587891,6.840000152587891,6.110000133514404,6.28000020980835,6300,0.0,0.0
2024-12-11 00:00:00-05:00,6.27400016784668,6.360000133514404,6.119999885559082,6.2170000076293945,6400,0.0,0.0
2024-12-12 00:00:00-05:00,6.210000038146973,6.349999904632568,6.079999923706055,6.150000095367432,17700,0.0,0.0
2024-12-13 00:00:00-05:00,6.119999885559082,6.369999885559082,6.099999904632568,6.150000095367432,9800,0.0,0.0
2024-12-16 00:00:00-05:00,6.25,6.800000190734863,6.090000152587891,6.150000095367432,10100,0.0,0.0
2024-12-17 00:00:00-05:00,6.159999847412109,6.230000019073486,6.090000152587891,6.190000057220459,7900,0.0,0.0
2024-12-18 00:00:00-05:00,6.230000019073486,6.849999904632568,6.11299991607666,6.199999809265137,19200,0.0,0.0
2024-12-19 00:00:00-05:00,6.150000095367432,6.336999893188477,6.091000080108643,6.195000171661377,3600,0.0,0.0
2024-12-20 00:00:00-05:00,6.110000133514404,6.289999961853027,6.099999904632568,6.289999961853027,1600,0.0,0.0
2024-12-23 00:00:00-05:00,6.289999961853027,6.289999961853027,6.099999904632568,6.199999809265137,2800,0.0,0.0
2024-12-24 00:00:00-05:00,6.139999866485596,6.179999828338623,6.099999904632568,6.099999904632568,9100,0.0,0.0
2024-12-26 00:00:00-05:00,6.079999923706055,6.099999904632568,6.070000171661377,6.099999904632568,1200,0.0,0.0
2024-12-27 00:00:00-05:00,6.130000114440918,6.199999809265137,6.099999904632568,6.150000095367432,5900,0.0,0.0
2024-12-30 00:00:00-05:00,6.210000038146973,6.210000038146973,5.909999847412109,5.909999847412109,7400,0.0,0.0
2024-12-31 00:00:00-05:00,6.019999980926514,6.190000057220459,5.982999801635742,6.179999828338623,5700,0.0,0.0
2025-01-02 00:00:00-05:00,6.21999979019165,6.230000019073486,6.050000190734863,6.11899995803833,1400,0.0,0.0
2025-01-03 00:00:00-05:00,6.190000057220459,6.28000020980835,6.110000133514404,6.28000020980835,4300,0.0,0.0
2025-01-06 00:00:00-05:00,6.269999980926514,6.28000020980835,6.019999980926514,6.199999809265137,9700,0.0,0.0
2025-01-07 00:00:00-05:00,6.179999828338623,6.179999828338623,6.059999942779541,6.170000076293945,2900,0.0,0.0
2025-01-08 00:00:00-05:00,6.144999980926514,6.199999809265137,6.060999870300293,6.150000095367432,3800,0.0,0.0
2025-01-10 00:00:00-05:00,6.25,6.25,6.099999904632568,6.099999904632568,3600,0.0,0.0
2025-01-13 00:00:00-05:00,6.050000190734863,6.170000076293945,5.900000095367432,6.0279998779296875,14900,0.0,0.0
2025-01-14 00:00:00-05:00,6.190000057220459,6.190000057220459,5.968999862670898,5.968999862670898,1800,0.0,0.0
2025-01-15 00:00:00-05:00,6.0,6.0,5.9070000648498535,5.949999809265137,4500,0.0,0.0
2025-01-16 00:00:00-05:00,5.900000095367432,6.0,5.875,5.900000095367432,3800,0.0,0.0
2025-01-17 00:00:00-05:00,5.849999904632568,5.989999771118164,5.828999996185303,5.828999996185303,2600,0.0,0.0
2025-01-21 00:00:00-05:00,5.840000152587891,5.900000095367432,5.699999809265137,5.802000045776367,10900,0.0,0.0
2025-01-22 00:00:00-05:00,5.710000038146973,5.710000038146973,5.550000190734863,5.550000190734863,5800,0.0,0.0
2025-01-23 00:00:00-05:00,5.570000171661377,5.599999904632568,5.239999771118164,5.25,2900,0.0,0.0
2025-01-24 00:00:00-05:00,5.420000076293945,5.429999828338623,5.260000228881836,5.429999828338623,3600,0.0,0.0
2025-01-27 00:00:00-05:00,5.5,5.5,5.25,5.385000228881836,5200,0.0,0.0
2025-01-28 00:00:00-05:00,5.199999809265137,5.199999809265137,5.066999912261963,5.129000186920166,6000,0.0,0.0
2025-01-29 00:00:00-05:00,5.050000190734863,5.099999904632568,4.864999771118164,4.952000141143799,7100,0.0,0.0
2025-01-30 00:00:00-05:00,5.050000190734863,5.190000057220459,5.050000190734863,5.190000057220459,4600,0.0,0.0
2025-01-31 00:00:00-05:00,5.190000057220459,5.190000057220459,4.723999977111816,4.960999965667725,10800,0.0,0.0
2025-02-03 00:00:00-05:00,4.96999979019165,4.989999771118164,4.729000091552734,4.988999843597412,6400,0.0,0.0
2025-02-04 00:00:00-05:00,4.9770002365112305,5.644000053405762,4.9770002365112305,5.644000053405762,5500,0.0,0.0
2025-02-05 00:00:00-05:00,4.989999771118164,5.71999979019165,4.989999771118164,5.698999881744385,9200,0.0,0.0
2025-02-06 00:00:00-05:00,5.710000038146973,5.710000038146973,5.400000095367432,5.677999973297119,3700,0.0,0.0
2025-02-07 00:00:00-05:00,5.510000228881836,5.900000095367432,5.510000228881836,5.769000053405762,5500,0.0,0.0
2025-02-10 00:00:00-05:00,5.900000095367432,5.949999809265137,5.849999904632568,5.949999809265137,6700,0.0,0.0
2025-02-11 00:00:00-05:00,5.800000190734863,5.920000076293945,5.670000076293945,5.670000076293945,2300,0.0,0.0
2025-02-12 00:00:00-05:00,5.835999965667725,5.835999965667725,5.821000099182129,5.821000099182129,500,0.0,0.0
2025-02-13 00:00:00-05:00,5.820000171661377,5.820000171661377,5.579999923706055,5.599999904632568,800,0.0,0.0
2025-02-14 00:00:00-05:00,5.800000190734863,5.800000190734863,5.21999979019165,5.78000020980835,5100,0.0,0.0
2025-02-18 00:00:00-05:00,6.059999942779541,6.135000228881836,5.5,6.135000228881836,13300,0.0,0.0
2025-02-19 00:00:00-05:00,5.869999885559082,6.072999954223633,5.604000091552734,5.692999839782715,16700,0.0,0.0
2025-02-20 00:00:00-05:00,5.570000171661377,5.570000171661377,5.309999942779541,5.309999942779541,17300,0.0,0.0
2025-02-21 00:00:00-05:00,6.006999969482422,6.006999969482422,5.460000038146973,5.946000099182129,14000,0.0,0.0
2025-02-24 00:00:00-05:00,6.010000228881836,6.039999961853027,5.110000133514404,5.5,17400,0.0,0.0
2025-02-25 00:00:00-05:00,5.21999979019165,5.580999851226807,5.076000213623047,5.076000213623047,5000,0.0,0.0
2025-02-26 00:00:00-05:00,5.78000020980835,5.78000020980835,5.650000095367432,5.650000095367432,700,0.0,0.0
2025-02-27 00:00:00-05:00,5.210000038146973,5.304999828338623,5.0,5.191999912261963,8400,0.0,0.0
2025-02-28 00:00:00-05:00,5.210000038146973,5.243000030517578,5.190000057220459,5.243000030517578,2700,0.0,0.0
2025-03-03 00:00:00-05:00,5.349999904632568,5.349999904632568,5.010000228881836,5.03000020980835,8600,0.0,0.0
2025-03-04 00:00:00-05:00,5.050000190734863,5.39900016784668,5.050000190734863,5.301000118255615,22000,0.0,0.0
2025-03-05 00:00:00-05:00,5.239999771118164,5.320000171661377,5.166999816894531,5.281000137329102,3200,0.0,0.0
2025-03-06 00:00:00-05:00,5.203000068664551,5.238999843597412,5.150000095367432,5.192999839782715,3600,0.0,0.0
2025-03-07 00:00:00-05:00,5.199999809265137,5.364999771118164,5.199999809265137,5.322000026702881,12800,0.0,0.0
2025-03-10 00:00:00-04:00,5.010000228881836,5.460000038146973,5.010000228881836,5.329999923706055,15500,0.0,0.0
2025-03-11 00:00:00-04:00,5.320000171661377,5.320000171661377,5.098999977111816,5.170000076293945,2100,0.0,0.0
2025-03-12 00:00:00-04:00,5.25,5.5,5.224999904632568,5.389999866485596,7900,0.0,0.0
2025-03-13 00:00:00-04:00,5.300000190734863,5.300000190734863,5.164999961853027,5.190000057220459,3900,0.0,0.0
2025-03-14 00:00:00-04:00,5.489999771118164,5.900000095367432,5.489999771118164,5.849999904632568,31000,0.0,0.0
2025-03-17 00:00:00-04:00,5.849999904632568,5.980000019073486,5.820000171661377,5.940000057220459,18700,0.0,0.0
2025-03-18 00:00:00-04:00,5.96999979019165,6.119999885559082,5.955999851226807,6.119999885559082,12500,0.0,0.0
2025-03-19 00:00:00-04:00,6.173999786376953,6.239999771118164,6.13100004196167,6.150000095367432,9800,0.0,0.0
2025-03-20 00:00:00-04:00,6.190000057220459,6.5,6.010000228881836,6.388999938964844,32400,0.0,0.0
2025-03-21 00:00:00-04:00,6.480000019073486,6.480000019073486,6.040999889373779,6.210000038146973,10600,0.0,0.0
2025-03-24 00:00:00-04:00,6.389999866485596,6.710999965667725,6.300000190734863,6.710999965667725,15800,0.0,0.0
2025-03-25 00:00:00-04:00,6.889999866485596,6.889999866485596,6.710000038146973,6.75,6200,0.0,0.0
2025-03-26 00:00:00-04:00,6.800000190734863,6.820000171661377,6.75,6.75,5600,0.0,0.0
2025-03-27 00:00:00-04:00,6.449999809265137,6.449999809265137,6.275000095367432,6.449999809265137,4600,0.0,0.0
2025-03-28 00:00:00-04:00,6.583000183105469,6.583000183105469,6.5329999923706055,6.554999828338623,1200,0.0,0.0
2025-03-31 00:00:00-04:00,6.451000213623047,6.5,6.190000057220459,6.190000057220459,6500,0.0,0.0
2025-04-01 00:00:00-04:00,6.327000141143799,6.5,6.150000095367432,6.489999771118164,5200,0.0,0.0
2025-04-02 00:00:00-04:00,6.349999904632568,6.375999927520752,6.150000095367432,6.150000095367432,4500,0.0,0.0
2025-04-03 00:00:00-04:00,6.059999942779541,6.449999809265137,5.599999904632568,5.739999771118164,54100,0.0,0.0
2025-04-04 00:00:00-04:00,5.900000095367432,6.074999809265137,5.53000020980835,5.541999816894531,21600,0.0,0.0
2025-04-07 00:00:00-04:00,5.670000076293945,6.099999904632568,5.599999904632568,5.599999904632568,13500,0.0,0.0
2025-04-08 00:00:00-04:00,5.947999954223633,5.958000183105469,5.150000095367432,5.25,20800,0.0,0.0
2025-04-09 00:00:00-04:00,5.25,5.650000095367432,5.099999904632568,5.400000095367432,73200,0.0,0.0
2025-04-10 00:00:00-04:00,5.400000095367432,6.0,5.400000095367432,5.550000190734863,41400,0.0,0.0
2025-04-11 00:00:00-04:00,5.5,5.900000095367432,5.400000095367432,5.610000133514404,28600,0.0,0.0
2025-04-14 00:00:00-04:00,5.690000057220459,6.099999904632568,5.489999771118164,5.900000095367432,144400,0.0,0.0
2025-04-15 00:00:00-04:00,5.860000133514404,5.949999809265137,5.449999809265137,5.599999904632568,126300,0.0,0.0
2025-04-16 00:00:00-04:00,5.46999979019165,5.800000190734863,5.46999979019165,5.619999885559082,72200,0.0,0.0
2025-04-17 00:00:00-04:00,5.699999809265137,5.800000190734863,5.650000095367432,5.650000095367432,5500,0.0,0.0
2025-04-21 00:00:00-04:00,5.829999923706055,6.0,5.619999885559082,5.809999942779541,12400,0.0,0.0
2025-04-22 00:00:00-04:00,5.5,5.989999771118164,5.5,5.875,61900,0.0,0.0
2025-04-23 00:00:00-04:00,6.0,6.300000190734863,5.849999904632568,6.300000190734863,58700,0.0,0.0
2025-04-24 00:00:00-04:00,6.599999904632568,6.989999771118164,6.210000038146973,6.599999904632568,175000,0.0,0.0
2025-04-25 00:00:00-04:00,6.599999904632568,6.75,6.189000129699707,6.550000190734863,26900,0.0,0.0
2025-04-28 00:00:00-04:00,6.539999961853027,6.96999979019165,6.260000228881836,6.260000228881836,20400,0.0,0.0
2025-04-29 00:00:00-04:00,6.21999979019165,6.525000095367432,6.21999979019165,6.454999923706055,11000,0.0,0.0
2025-04-30 00:00:00-04:00,6.320000171661377,6.800000190734863,6.260000228881836,6.440000057220459,41100,0.0,0.0
2025-05-01 00:00:00-04:00,6.329999923706055,6.690000057220459,6.300000190734863,6.650000095367432,13800,0.0,0.0
2025-05-02 00:00:00-04:00,6.690000057220459,6.699999809265137,6.329999923706055,6.53000020980835,50400,0.0,0.0
2025-05-05 00:00:00-04:00,6.349999904632568,6.53000020980835,6.349999904632568,6.369999885559082,4700,0.0,0.0
2025-05-06 00:00:00-04:00,6.491000175476074,6.572999954223633,6.379000186920166,6.553999900817871,8400,0.0,0.0
2025-05-07 00:00:00-04:00,6.630000114440918,6.630000114440918,6.39300012588501,6.39300012588501,2100,0.0,0.0
2025-05-08 00:00:00-04:00,6.340000152587891,6.550000190734863,6.340000152587891,6.46999979019165,2200,0.0,0.0
2025-05-09 00:00:00-04:00,6.5,6.559999942779541,6.409999847412109,6.440999984741211,4700,0.0,0.0
2025-05-12 00:00:00-04:00,6.739999771118164,6.739999771118164,6.449999809265137,6.610000133514404,18200,0.0,0.0
2025-05-13 00:00:00-04:00,6.789999961853027,6.789999961853027,6.400000095367432,6.539999961853027,8600,0.0,0.0
2025-05-14 00:00:00-04:00,6.534999847412109,6.599999904632568,6.400000095367432,6.599999904632568,9500,0.0,0.0
2025-05-15 00:00:00-04:00,6.599999904632568,6.599999904632568,6.408999919891357,6.429999828338623,3500,0.0,0.0
2025-05-16 00:00:00-04:00,6.460000038146973,6.550000190734863,6.460000038146973,6.5,10900,0.0,0.0
2025-05-19 00:00:00-04:00,6.449999809265137,6.636000156402588,6.394000053405762,6.489999771118164,12700,0.0,0.0
2025-05-20 00:00:00-04:00,6.409999847412109,6.445000171661377,6.239999771118164,6.239999771118164,7400,0.0,0.0
2025-05-21 00:00:00-04:00,6.409999847412109,6.440999984741211,6.099999904632568,6.099999904632568,16200,0.0,0.0
2025-05-22 00:00:00-04:00,6.295000076293945,6.34499979019165,6.099999904632568,6.150000095367432,17400,0.0,0.0
2025-05-23 00:00:00-04:00,6.170000076293945,6.382999897003174,6.119999885559082,6.293000221252441,10000,0.0,0.0
2025-05-27 00:00:00-04:00,6.400000095367432,6.429999828338623,6.25,6.25,12900,0.0,0.0
2025-05-28 00:00:00-04:00,6.25,6.349999904632568,6.25,6.349999904632568,9900,0.0,0.0
2025-05-29 00:00:00-04:00,6.349999904632568,6.349999904632568,6.304999828338623,6.349999904632568,9300,0.0,0.0
2025-05-30 00:00:00-04:00,6.2829999923706055,6.349999904632568,6.25,6.263000011444092,8900,0.0,0.0
2025-06-02 00:00:00-04:00,6.260000228881836,6.75,6.260000228881836,6.75,16300,0.0,0.0
2025-06-03 00:00:00-04:00,6.453000068664551,6.679999828338623,6.453000068664551,6.630000114440918,5400,0.0,0.0
2025-06-04 00:00:00-04:00,6.76800012588501,6.980000019073486,6.6579999923706055,6.960000038146973,17600,0.0,0.0
2025-06-05 00:00:00-04:00,6.815000057220459,6.985000133514404,6.646999835968018,6.880000114440918,3100,0.0,0.0
2025-06-06 00:00:00-04:00,6.760000228881836,6.989999771118164,6.644999980926514,6.960000038146973,6600,0.0,0.0
2025-06-09 00:00:00-04:00,6.900000095367432,7.0,6.840000152587891,6.980000019073486,24600,0.0,0.0
2025-06-10 00:00:00-04:00,6.840000152587891,7.860000133514404,6.840000152587891,7.25,32600,0.0,0.0
2025-06-11 00:00:00-04:00,6.75,7.28000020980835,6.650000095367432,7.28000020980835,14000,0.0,0.0
2025-06-12 00:00:00-04:00,7.159999847412109,7.6620001792907715,7.159999847412109,7.6620001792907715,6900,0.0,0.0
2025-06-13 00:00:00-04:00,7.139999866485596,7.539999961853027,7.0,7.199999809265137,7900,0.0,0.0
2025-06-16 00:00:00-04:00,7.057000160217285,7.057000160217285,6.7210001945495605,6.840000152587891,12400,0.0,0.0
2025-06-17 00:00:00-04:00,6.820000171661377,7.224999904632568,6.800000190734863,6.96999979019165,9100,0.0,0.0
2025-06-18 00:00:00-04:00,7.099999904632568,7.099999904632568,6.800000190734863,6.949999809265137,10600,0.0,0.0
2025-06-20 00:00:00-04:00,6.974999904632568,7.061999797821045,6.769999980926514,7.060999870300293,3000,0.0,0.0
2025-06-23 00:00:00-04:00,7.059999942779541,7.5,6.75,6.829999923706055,16200,0.0,0.0
2025-06-24 00:00:00-04:00,6.829999923706055,7.019000053405762,6.829999923706055,6.900000095367432,3800,0.0,0.0
2025-06-25 00:00:00-04:00,6.949999809265137,6.989999771118164,6.5,6.650000095367432,10700,0.0,0.0
2025-06-26 00:00:00-04:00,6.784999847412109,6.892000198364258,6.784999847412109,6.800000190734863,2800,0.0,0.0
2025-06-27 00:00:00-04:00,6.866000175476074,6.900000095367432,6.550000190734863,6.710000038146973,3800,0.0,0.0
2025-06-30 00:00:00-04:00,6.71999979019165,6.900000095367432,6.690000057220459,6.730000019073486,2800,0.0,0.0
2025-07-01 00:00:00-04:00,6.690000057220459,6.885000228881836,6.690000057220459,6.867000102996826,2900,0.0,0.0
2025-07-02 00:00:00-04:00,6.710000038146973,6.949999809265137,6.710000038146973,6.817999839782715,3800,0.0,0.0
2025-07-03 00:00:00-04:00,6.795000076293945,6.900000095367432,6.75,6.900000095367432,1400,0.0,0.0
2025-07-07 00:00:00-04:00,6.869999885559082,7.349999904632568,6.671999931335449,7.057000160217285,24200,0.0,0.0
2025-07-08 00:00:00-04:00,7.110000133514404,7.190000057220459,7.0,7.139999866485596,3300,0.0,0.0
2025-07-09 00:00:00-04:00,7.139999866485596,7.329999923706055,6.808000087738037,7.329999923706055,15400,0.0,0.0
2025-07-10 00:00:00-04:00,7.289999961853027,7.300000190734863,7.177999973297119,7.21999979019165,9300,0.0,0.0
2025-07-11 00:00:00-04:00,7.090000152587891,7.25,6.932000160217285,7.182000160217285,5200,0.0,0.0
2025-07-14 00:00:00-04:00,7.039999961853027,7.199999809265137,7.039999961853027,7.050000190734863,7900,0.0,0.0
2025-07-15 00:00:00-04:00,7.050000190734863,7.179999828338623,7.050000190734863,7.179999828338623,3800,0.0,0.0
2025-07-16 00:00:00-04:00,7.159999847412109,7.159999847412109,7.050000190734863,7.050000190734863,4200,0.0,0.0
2025-07-17 00:00:00-04:00,7.059999942779541,7.177000045776367,6.908999919891357,6.908999919891357,3500,0.0,0.0
2025-07-18 00:00:00-04:00,7.110000133514404,7.142000198364258,6.86299991607666,6.920000076293945,3800,0.0,0.0
2025-07-21 00:00:00-04:00,6.900000095367432,7.0,6.840000152587891,6.840000152587891,9800,0.0,0.0
2025-07-22 00:00:00-04:00,6.900000095367432,6.949999809265137,6.900000095367432,6.9039998054504395,2100,0.0,0.0
2025-07-23 00:00:00-04:00,6.840000152587891,7.289999961853027,6.840000152587891,7.289999961853027,37900,0.0,0.0
2025-07-24 00:00:00-04:00,7.289999961853027,7.989999771118164,7.059999942779541,7.849999904632568,35900,0.0,0.0
2025-07-25 00:00:00-04:00,7.248000144958496,7.75,7.248000144958496,7.579999923706055,3700,0.0,0.0
2025-07-28 00:00:00-04:00,7.559999942779541,7.690000057220459,7.5,7.5,2500,0.0,0.0
2025-07-29 00:00:00-04:00,7.495999813079834,7.690000057220459,7.495999813079834,7.559999942779541,2300,0.0,0.0
2025-07-30 00:00:00-04:00,7.690000057220459,7.690000057220459,7.400000095367432,7.408999919891357,5100,0.0,0.0
2025-07-31 00:00:00-04:00,7.409999847412109,7.670000076293945,7.409999847412109,7.599999904632568,7100,0.0,0.0
2025-08-01 00:00:00-04:00,7.599999904632568,7.690000057220459,7.438000202178955,7.688000202178955,800,0.0,0.0
2025-08-04 00:00:00-04:00,7.631999969482422,7.670000076293945,7.570000171661377,7.670000076293945,700,0.0,0.0
2025-08-05 00:00:00-04:00,7.545000076293945,7.545000076293945,7.5,7.5,1400,0.0,0.0
2025-08-06 00:00:00-04:00,7.690000057220459,7.900000095367432,7.679999828338623,7.900000095367432,9900,0.0,0.0
2025-08-07 00:00:00-04:00,7.809999942779541,8.100000381469727,7.809999942779541,8.100000381469727,23000,0.0,0.0
2025-08-08 00:00:00-04:00,8.15999984741211,9.5,8.15999984741211,8.760000228881836,68600,0.0,0.0
2025-08-11 00:00:00-04:00,9.489999771118164,9.489999771118164,8.1899995803833,8.821000099182129,54600,0.0,0.0
2025-08-12 00:00:00-04:00,9.0,9.109999656677246,8.229000091552734,9.109999656677246,9200,0.0,0.0
2025-08-13 00:00:00-04:00,9.149999618530273,9.640000343322754,8.663000106811523,9.489999771118164,20800,0.0,0.0
2025-08-14 00:00:00-04:00,9.09000015258789,9.437000274658203,9.020000457763672,9.218000411987305,9800,0.0,0.0
2025-08-15 00:00:00-04:00,9.149999618530273,9.89799976348877,8.949999809265137,9.324000358581543,74900,0.0,0.0
2025-08-18 00:00:00-04:00,9.619999885559082,9.6899995803833,9.100000381469727,9.600000381469727,23300,0.0,0.0
2025-08-19 00:00:00-04:00,9.550000190734863,9.550000190734863,9.210000038146973,9.210000038146973,3900,0.0,0.0
2025-08-20 00:00:00-04:00,9.0600004196167,9.510000228881836,9.0,9.243000030517578,6100,0.0,0.0
2025-08-21 00:00:00-04:00,9.279999732971191,9.41100025177002,9.0,9.100000381469727,2600,0.0,0.0
2025-08-22 00:00:00-04:00,8.710000038146973,9.074999809265137,8.699999809265137,8.729999542236328,11500,0.0,0.0
2025-08-25 00:00:00-04:00,8.1899995803833,8.718999862670898,8.109999656677246,8.300000190734863,10400,0.0,0.0
2025-08-26 00:00:00-04:00,8.100000381469727,9.449999809265137,8.0,9.0,60800,0.0,0.0
2025-08-27 00:00:00-04:00,8.739999771118164,8.84000015258789,8.399999618530273,8.399999618530273,4400,0.0,0.0
2025-08-28 00:00:00-04:00,8.399999618530273,8.399999618530273,7.650000095367432,7.960000038146973,21500,0.0,0.0
2025-08-29 00:00:00-04:00,7.789999961853027,8.35200023651123,7.705999851226807,8.180000305175781,5900,0.0,0.0
2025-09-02 00:00:00-04:00,7.900000095367432,7.900000095367432,7.710000038146973,7.802999973297119,8200,0.0,0.0
2025-09-03 00:00:00-04:00,7.739999771118164,7.809000015258789,7.650000095367432,7.650000095367432,6000,0.0,0.0
2025-09-04 00:00:00-04:00,7.599999904632568,7.736999988555908,7.440999984741211,7.610000133514404,9400,0.0,0.0
2025-09-05 00:00:00-04:00,7.5,7.590000152587891,7.099999904632568,7.590000152587891,8500,0.0,0.0
2025-09-08 00:00:00-04:00,7.480000019073486,7.480000019073486,7.139999866485596,7.139999866485596,4400,0.0,0.0
2025-09-09 00:00:00-04:00,7.5,7.5,7.119999885559082,7.283999919891357,7700,0.0,0.0
2025-09-10 00:00:00-04:00,6.5,7.440000057220459,6.489999771118164,7.400000095367432,17900,0.0,0.0
2025-09-11 00:00:00-04:00,7.099999904632568,7.420000076293945,7.099999904632568,7.330999851226807,13200,0.0,0.0
2025-09-12 00:00:00-04:00,8.0,9.600000381469727,7.945000171661377,8.8100004196167,202000,0.0,0.0
2025-09-15 00:00:00-04:00,9.100000381469727,9.600000381469727,8.699999809265137,9.081999778747559,64100,0.0,0.0
2025-09-16 00:00:00-04:00,9.0,9.050000190734863,8.5600004196167,8.720000267028809,10800,0.0,0.0
2025-09-17 00:00:00-04:00,8.75,9.430000305175781,8.5600004196167,9.0,9100,0.0,0.0
2025-09-18 00:00:00-04:00,9.079999923706055,9.100000381469727,8.510000228881836,8.704999923706055,25400,0.0,0.0
2025-09-19 00:00:00-04:00,9.303000450134277,9.303000450134277,8.699999809265137,8.960000038146973,9700,0.0,0.0
2025-09-22 00:00:00-04:00,9.100000381469727,9.6899995803833,8.824999809265137,9.289999961853027,99200,0.0,0.0
2025-09-23 00:00:00-04:00,9.529999732971191,11.180000305175781,9.199999809265137,11.0,240700,0.0,0.0
2025-09-24 00:00:00-04:00,11.039999961853027,12.0,11.029999732971191,11.800000190734863,173900,0.0,0.0
2025-09-25 00:00:00-04:00,11.399999618530273,11.59000015258789,10.5,11.0,91400,0.0,0.0
2025-09-26 00:00:00-04:00,11.0,11.0,10.149999618530273,10.890000343322754,26700,0.0,0.0
2025-09-29 00:00:00-04:00,10.979999542236328,11.09000015258789,9.5,9.960000038146973,74700,0.0,0.0
2025-09-30 00:00:00-04:00,9.90999984741211,9.927000045776367,9.109999656677246,9.40999984741211,41900,0.0,0.0
2025-10-01 00:00:00-04:00,9.399999618530273,9.399999618530273,9.100000381469727,9.239999771118164,34700,0.0,0.0
2025-10-02 00:00:00-04:00,9.390000343322754,9.399999618530273,7.760000228881836,9.199999809265137,95900,0.0,0.0
2025-10-03 00:00:00-04:00,8.520000457763672,9.100000381469727,8.5,8.770000457763672,130400,0.0,0.0
2025-10-06 00:00:00-04:00,9.180000305175781,10.180000305175781,8.798999786376953,9.850000381469727,390400,0.0,0.0
2025-10-07 00:00:00-04:00,9.9399995803833,12.800000190734863,9.375,11.670000076293945,308300,0.0,0.0
2025-10-08 00:00:00-04:00,11.600000381469727,12.800000190734863,11.144000053405762,12.649999618530273,131300,0.0,0.0
2025-10-09 00:00:00-04:00,12.369999885559082,12.458000183105469,11.59000015258789,12.029999732971191,118300,0.0,0.0
2025-10-10 00:00:00-04:00,12.010000228881836,12.010000228881836,11.010000228881836,11.039999961853027,88700,0.0,0.0
2025-10-13 00:00:00-04:00,11.109999656677246,12.800000190734863,11.0600004196167,12.5,164100,0.0,0.0
2025-10-14 00:00:00-04:00,12.34000015258789,12.696999549865723,11.199999809265137,12.029999732971191,64300,0.0,0.0
2025-10-15 00:00:00-04:00,12.229999542236328,12.739999771118164,11.84000015258789,12.645000457763672,30700,0.0,0.0
2025-10-16 00:00:00-04:00,12.649999618530273,12.649999618530273,11.041000366210938,11.5,47700,0.0,0.0
2025-10-17 00:00:00-04:00,11.123000144958496,11.62600040435791,10.199999809265137,11.04800033569336,78000,0.0,0.0
2025-10-20 00:00:00-04:00,11.880000114440918,11.880000114440918,10.3100004196167,11.279999732971191,57800,0.0,0.0
2025-10-21 00:00:00-04:00,11.25,11.508000373840332,11.0,11.050000190734863,90500,0.0,0.0
2025-10-22 00:00:00-04:00,10.989999771118164,11.270000457763672,10.3100004196167,10.609999656677246,62800,0.0,0.0
2025-10-23 00:00:00-04:00,10.84000015258789,11.989999771118164,10.256999969482422,11.899999618530273,99600,0.0,0.0
2025-10-24 00:00:00-04:00,11.6899995803833,11.920000076293945,10.779999732971191,11.510000228881836,41600,0.0,0.0
2025-10-27 00:00:00-04:00,11.350000381469727,12.199999809265137,10.925000190734863,10.970000267028809,62800,0.0,0.0
2025-10-28 00:00:00-04:00,10.979999542236328,11.402999877929688,9.3100004196167,9.975000381469727,101700,0.0,0.0
2025-10-29 00:00:00-04:00,9.979999542236328,10.211999893188477,9.510000228881836,9.835000038146973,27500,0.0,0.0
2025-10-30 00:00:00-04:00,9.520000457763672,10.0,9.510000228881836,9.760000228881836,23300,0.0,0.0
2025-10-31 00:00:00-04:00,9.75,9.75,8.729999542236328,8.949999809265137,57200,0.0,0.0
2025-11-03 00:00:00-05:00,9.0600004196167,9.282999992370605,8.795000076293945,9.25,45600,0.0,0.0
2025-11-04 00:00:00-05:00,9.050000190734863,9.050000190734863,8.510000228881836,8.619999885559082,62700,0.0,0.0
2025-11-05 00:00:00-05:00,8.859999656677246,9.125,8.5,8.850000381469727,68600,0.0,0.0
2025-11-06 00:00:00-05:00,9.25,9.25,7.809999942779541,7.829999923706055,94900,0.0,0.0
2025-11-07 00:00:00-05:00,7.460000038146973,7.809999942779541,6.5,7.130000114440918,592500,0.0,0.0
2025-11-10 00:00:00-05:00,7.269999980926514,8.140000343322754,6.900000095367432,7.309999942779541,109700,0.0,0.0
2025-11-11 00:00:00-05:00,7.199999809265137,7.480000019073486,6.199999809265137,6.880000114440918,207900,0.0,0.0
2025-11-12 00:00:00-05:00,6.980000019073486,7.920000076293945,6.704999923706055,7.900000095367432,97500,0.0,0.0
2025-11-13 00:00:00-05:00,8.020000457763672,8.300000190734863,6.860000133514404,7.300000190734863,164200,0.0,0.0
2025-11-14 00:00:00-05:00,6.0,7.760000228881836,6.0,7.230000019073486,108000,0.0,0.0
2025-11-17 00:00:00-05:00,7.159999847412109,7.59499979019165,6.630000114440918,6.659999847412109,47800,0.0,0.0
2025-11-18 00:00:00-05:00,6.650000095367432,7.150000095367432,6.409999847412109,6.610000133514404,81700,0.0,0.0
2025-11-19 00:00:00-05:00,6.769999980926514,6.769999980926514,6.300000190734863,6.309999942779541,74500,0.0,0.0
2025-11-20 00:00:00-05:00,6.519999980926514,6.900000095367432,6.110000133514404,6.340000152587891,90500,0.0,0.0
2025-11-21 00:00:00-05:00,6.300000190734863,6.956999778747559,5.800000190734863,5.96999979019165,164000,0.0,0.0
2025-11-24 00:00:00-05:00,5.820000171661377,7.119999885559082,5.820000171661377,6.78000020980835,76700,0.0,0.0
2025-11-25 00:00:00-05:00,6.75,7.059999942779541,6.565000057220459,6.829999923706055,55100,0.0,0.0
2025-11-26 00:00:00-05:00,7.119999885559082,7.199999809265137,6.71999979019165,6.75,52400,0.0,0.0
2025-11-28 00:00:00-05:00,6.769999980926514,6.880000114440918,6.635000228881836,6.730000019073486,16100,0.0,0.0
2025-12-01 00:00:00-05:00,6.460000038146973,6.659999847412109,6.25,6.320000171661377,29600,0.0,0.0
2025-12-02 00:00:00-05:00,6.474999904632568,6.550000190734863,6.27400016784668,6.329999923706055,29600,0.0,0.0
2025-12-03 00:00:00-05:00,6.380000114440918,6.639999866485596,6.329999923706055,6.519999980926514,33800,0.0,0.0
2025-12-04 00:00:00-05:00,6.389999866485596,6.894000053405762,6.269999980926514,6.28000020980835,51500,0.0,0.0
2025-12-05 00:00:00-05:00,6.380000114440918,6.702000141143799,6.119999885559082,6.300000190734863,78200,0.0,0.0
2025-12-08 00:00:00-05:00,6.369999885559082,6.639999866485596,6.139999866485596,6.139999866485596,42200,0.0,0.0
2025-12-09 00:00:00-05:00,6.190000057220459,6.360000133514404,6.0,6.050000190734863,102800,0.0,0.0
2025-12-10 00:00:00-05:00,6.019999980926514,6.019999980926514,5.699999809265137,5.739999771118164,89500,0.0,0.0
2025-12-11 00:00:00-05:00,5.789999961853027,6.0279998779296875,5.389999866485596,5.769999980926514,110000,0.0,0.0
2025-12-12 00:00:00-05:00,5.800000190734863,5.920000076293945,5.199999809265137,5.300000190734863,104200,0.0,0.0
2025-12-15 00:00:00-05:00,5.340000152587891,5.380000114440918,5.099999904632568,5.199999809265137,49300,0.0,0.0
2025-12-16 00:00:00-05:00,5.199999809265137,6.119999885559082,5.199999809265137,5.5,113100,0.0,0.0
2025-12-17 00:00:00-05:00,5.590000152587891,5.630000114440918,5.099999904632568,5.164999961853027,114200,0.0,0.0
2025-12-18 00:00:00-05:00,5.230000019073486,5.75,5.099999904632568,5.21999979019165,102900,0.0,0.0
2025-12-19 00:00:00-05:00,5.329999923706055,5.355000019073486,5.070000171661377,5.230000019073486,45100,0.0,0.0
2025-12-22 00:00:00-05:00,5.230000019073486,5.619999885559082,5.230000019073486,5.550000190734863,32000,0.0,0.0
2025-12-23 00:00:00-05:00,5.599999904632568,5.668000221252441,5.380000114440918,5.380000114440918,42600,0.0,0.0
2025-12-24 00:00:00-05:00,5.320000171661377,5.690000057220459,5.320000171661377,5.605000019073486,8800,0.0,0.0
2025-12-26 00:00:00-05:00,5.610000133514404,5.610000133514404,5.320000171661377,5.329999923706055,28900,0.0,0.0
2025-12-29 00:00:00-05:00,5.329999923706055,5.380000114440918,5.050000190734863,5.199999809265137,34300,0.0,0.0
2025-12-30 00:00:00-05:00,5.21999979019165,5.429999828338623,5.050000190734863,5.070000171661377,52300,0.0,0.0
2025-12-31 00:00:00-05:00,5.050000190734863,5.349999904632568,5.050000190734863,5.190000057220459,29500,0.0,0.0
2026-01-02 00:00:00-05:00,5.25,5.40500020980835,5.150000095367432,5.210000038146973,12800,0.0,0.0
2026-01-05 00:00:00-05:00,5.210000038146973,5.488999843597412,5.079999923706055,5.409999847412109,93800,0.0,0.0
2026-01-06 00:00:00-05:00,5.159999847412109,5.559999942779541,5.158999919891357,5.239999771118164,30700,0.0,0.0
2026-01-07 00:00:00-05:00,5.340000152587891,5.599999904632568,5.340000152587891,5.434999942779541,11300,0.0,0.0
2026-01-08 00:00:00-05:00,5.0,5.368000030517578,5.0,5.110000133514404,76700,0.0,0.0
2026-01-09 00:00:00-05:00,5.119999885559082,5.270999908447266,5.0,5.010000228881836,66200,0.0,0.0
2026-01-12 00:00:00-05:00,5.039999961853027,5.558000087738037,5.0,5.054999828338623,69300,0.0,0.0
2026-01-13 00:00:00-05:00,5.03000020980835,5.49399995803833,5.03000020980835,5.170000076293945,24000,0.0,0.0
2026-01-14 00:00:00-05:00,5.099999904632568,5.260000228881836,5.099999904632568,5.175000190734863,12400,0.0,0.0
2026-01-15 00:00:00-05:00,5.260000228881836,5.320000171661377,5.099999904632568,5.099999904632568,19000,0.0,0.0
2026-01-16 00:00:00-05:00,5.139999866485596,5.449999809265137,4.809999942779541,4.880000114440918,86400,0.0,0.0
2026-01-20 00:00:00-05:00,4.940000057220459,5.110000133514404,4.800000190734863,4.809999942779541,32000,0.0,0.0
2026-01-21 00:00:00-05:00,4.949999809265137,5.480000019073486,4.849999904632568,5.269999980926514,45500,0.0,0.0
2026-01-22 00:00:00-05:00,5.349999904632568,6.150000095367432,5.349999904632568,5.769999980926514,44200,0.0,0.0
2026-01-23 00:00:00-05:00,5.800000190734863,5.840000152587891,5.370999813079834,5.610000133514404,14600,0.0,0.0
2026-01-26 00:00:00-05:00,5.610000133514404,5.610000133514404,4.820000171661377,5.170000076293945,53400,0.0,0.0
2026-01-27 00:00:00-05:00,5.309999942779541,5.420000076293945,4.96999979019165,5.019999980926514,14100,0.0,0.0
2026-01-28 00:00:00-05:00,5.099999904632568,5.320000171661377,4.900000095367432,4.909999847412109,52700,0.0,0.0
2026-01-29 00:00:00-05:00,4.900000095367432,5.420000076293945,4.900000095367432,4.940000057220459,19200,0.0,0.0
2026-01-30 00:00:00-05:00,5.0,5.320000171661377,4.900000095367432,4.909999847412109,18800,0.0,0.0
2026-02-02 00:00:00-05:00,4.920000076293945,5.03000020980835,4.800000190734863,4.809999942779541,74200,0.0,0.0
2026-02-03 00:00:00-05:00,4.849999904632568,4.929999828338623,4.650000095367432,4.75,23400,0.0,0.0
2026-02-04 00:00:00-05:00,4.75,4.75,4.650000095367432,4.699999809265137,6200,0.0,0.0
2026-02-05 00:00:00-05:00,4.679999828338623,4.840000152587891,4.650000095367432,4.650000095367432,18600,0.0,0.0
2026-02-06 00:00:00-05:00,4.760000228881836,4.949999809265137,4.650000095367432,4.789999961853027,10400,0.0,0.0
2026-02-09 00:00:00-05:00,4.800000190734863,5.039999961853027,4.769999980926514,4.769999980926514,67100,0.0,0.0
2026-02-10 00:00:00-05:00,4.869999885559082,5.0,4.809999942779541,4.920000076293945,3300,0.0,0.0
2026-02-11 00:00:00-05:00,4.920000076293945,4.920000076293945,4.800000190734863,4.849999904632568,16500,0.0,0.0
2026-02-12 00:00:00-05:00,4.860000133514404,5.03000020980835,4.710000038146973,4.78000020980835,18100,0.0,0.0
2026-02-13 00:00:00-05:00,4.849999904632568,5.03000020980835,4.659999847412109,4.769999980926514,19300,0.0,0.0
2026-02-17 00:00:00-05:00,4.71999979019165,4.739999771118164,4.400000095367432,4.400000095367432,80100,0.0,0.0
2026-02-18 00:00:00-05:00,4.40500020980835,4.650000095367432,4.269999980926514,4.445000171661377,8700,0.0,0.0
2026-02-19 00:00:00-05:00,4.679999828338623,4.679999828338623,4.449999809265137,4.59499979019165,7100,0.0,0.0
2026-02-20 00:00:00-05:00,4.630000114440918,4.909999847412109,4.630000114440918,4.710000038146973,9300,0.0,0.0
2026-02-23 00:00:00-05:00,4.710000038146973,4.875,4.679999828338623,4.730000019073486,11100,0.0,0.0
2026-02-24 00:00:00-05:00,4.610000133514404,4.861999988555908,4.610000133514404,4.699999809265137,14100,0.0,0.0
2026-02-25 00:00:00-05:00,4.699999809265137,4.894999980926514,4.599999904632568,4.599999904632568,14181,0.0,0.0
