Date,Open,High,Low,Close,Volume,Dividends,Stock Splits
2022-01-03 00:00:00-05:00,25.04540424619617,25.539201636642073,24.63061436287411,24.768877029418945,124300,0.0,0.0
2022-01-04 00:00:00-05:00,24.838008625767298,25.3515583693554,24.778753465718694,25.055280685424805,133200,0.0,0.0
2022-01-05 00:00:00-05:00,25.045407511959784,25.331809056245838,24.600989049134075,24.68987274169922,111700,0.0,0.0
2022-01-06 00:00:00-05:00,24.74912760624035,25.104662372153808,24.492352706823716,24.907142639160156,156000,0.0,0.0
2022-01-07 00:00:00-05:00,24.857763145714937,25.25280072003607,24.857763145714937,25.094785690307617,83300,0.0,0.0
2022-01-10 00:00:00-05:00,25.30218159413105,25.30218159413105,24.709624290805483,25.094785690307617,162400,0.0,0.0
2022-01-11 00:00:00-05:00,25.242923588839965,25.242923588839965,24.54173215644692,24.966398239135742,140200,0.0,0.0
2022-01-12 00:00:00-05:00,25.12441518410298,25.272554044727862,24.689872893740556,24.709625244140625,146300,0.0,0.0
2022-01-13 00:00:00-05:00,24.74912404713433,25.16391391982094,24.74912404713433,24.936767578125,85700,0.0,0.0
2022-01-14 00:00:00-05:00,24.67999462314423,25.203420562178902,24.3738407526877,25.193544387817383,127100,0.0,0.0
2022-01-18 00:00:00-05:00,25.03552726908086,25.075030079531558,24.284955033642664,24.413341522216797,166900,0.0,0.0
2022-01-19 00:00:00-05:00,24.314586848285238,24.36396583896014,23.494883170742657,23.573890686035156,174000,0.0,0.0
2022-01-20 00:00:00-05:00,23.791157435078585,24.186194954304284,23.22822873472102,23.376367568969727,129300,0.0,0.0
2022-01-21 00:00:00-05:00,23.41587280412143,24.13681847052173,23.23810731482513,23.44550132751465,232600,0.0,0.0
2022-01-24 00:00:00-05:00,23.188723868446473,24.275078451001026,23.089964018452882,24.107187271118164,244400,0.0,0.0
2022-01-25 00:00:00-05:00,23.791160147237502,23.95905134750872,23.208479033571955,23.731904983520508,139400,0.0,0.0
2022-01-26 00:00:00-05:00,24.008429321186593,24.275080372166197,23.119594368275525,23.34674072265625,122400,0.0,0.0
2022-01-27 00:00:00-05:00,23.208480916997438,23.751657376473304,22.73443580141619,22.96158218383789,117700,0.0,0.0
2022-01-28 00:00:00-05:00,22.912201226692325,23.238107451179374,22.53691412959349,23.208478927612305,105700,0.0,0.0
2022-01-31 00:00:00-05:00,22.89244846305932,23.682523573662582,22.8035647776555,23.662771224975586,165800,0.0,0.0
2022-02-01 00:00:00-05:00,23.366493324785875,23.682523366259502,23.208478304049063,23.63314437866211,124100,0.0,0.0
2022-02-02 00:00:00-05:00,23.485007054392653,23.959052147328922,23.435626179906944,23.840539932250977,200800,0.0,0.0
2022-02-03 00:00:00-05:00,23.59363893377988,24.018304994932166,23.425747744107756,23.53438377380371,114500,0.0,0.0
2022-02-04 00:00:00-05:00,23.356617793824544,23.702276367589427,22.99120875468931,23.465253829956055,167000,0.0,0.0
2022-02-07 00:00:00-05:00,23.41587427763149,23.801037571230147,23.317116294148146,23.643022537231445,146300,0.0,0.0
2022-02-08 00:00:00-05:00,23.643021525571847,24.433096661758892,23.35661811139922,24.275081634521484,157400,0.0,0.0
2022-02-09 00:00:00-05:00,24.363966732444307,24.462726601103626,23.504758323902404,23.692401885986328,132100,0.0,0.0
2022-02-10 00:00:00-05:00,23.33686637878418,23.583765100828263,23.070217190579267,23.33686637878418,181700,0.0,0.0
2022-02-11 00:00:00-05:00,23.485004425048828,23.761529756458437,23.188724862368833,23.485004425048828,243700,0.0,0.0
2022-02-14 00:00:00-05:00,23.61338912579668,23.692396626447483,22.744306618637847,23.001081466674805,230400,0.0,0.0
2022-02-15 00:00:00-05:00,23.238105347442435,23.682521858589542,23.238105347442435,23.435623168945312,152800,0.0,0.0
2022-02-16 00:00:00-05:00,23.257858734473302,23.445502289621803,23.080093237882235,23.317115783691406,135400,0.0,0.0
2022-02-17 00:00:00-05:00,23.089966226138625,23.405998153072154,22.74430954364321,23.396121978759766,163700,0.0,0.0
2022-02-18 00:00:00-05:00,23.326990977456468,24.2158259577795,23.326990977456468,24.205949783325195,202200,0.0,0.0
2022-02-22 00:00:00-05:00,24.196073626273947,25.1244133050819,23.554137355783805,24.462724685668945,226100,0.0,0.0
2022-02-23 00:00:00-05:00,24.759003793651132,24.956523526743645,23.810913595657745,23.88004493713379,132400,0.0,0.0
2022-02-24 00:00:00-05:00,23.405998972864726,24.176321759335135,23.277610585994516,24.018306732177734,208500,0.0,0.0
2022-02-25 00:00:00-05:00,24.235578521670185,24.610863735824378,23.791160085722616,23.978803634643555,146900,0.0,0.0
2022-02-28 00:00:00-05:00,23.712151245156278,24.136817308238044,23.307237530052177,23.801034927368164,177200,0.0,0.0
2022-03-01 00:00:00-05:00,23.67264938250923,23.959052811401307,23.504758171979898,23.929424285888672,259300,0.0,0.0
2022-03-02 00:00:00-05:00,24.047935268328672,24.36396532280349,23.88992024109126,24.275081634521484,173500,0.0,0.0
2022-03-03 00:00:00-05:00,24.48247618498489,24.907140369962427,24.057810116319747,24.85776138305664,152800,0.0,0.0
2022-03-04 00:00:00-05:00,24.492351325365497,24.83800989676409,24.294833487200354,24.462724685668945,154400,0.0,0.0
2022-03-07 00:00:00-05:00,24.591110877144075,24.591110877144075,23.9788031377358,24.423219680786133,176500,0.0,0.0
2022-03-08 00:00:00-05:00,24.531855771880608,24.85776199101745,24.07756116974848,24.176321029663086,164900,0.0,0.0
2022-03-09 00:00:00-05:00,24.689872893740556,25.09478665850288,24.41334563920305,24.709625244140625,134900,0.0,0.0
2022-03-10 00:00:00-05:00,24.413345115642688,24.92689491290415,24.3343375994246,24.897266387939453,107200,0.0,0.0
2022-03-11 00:00:00-05:00,24.9565227183099,25.361436462713897,24.73925064220882,24.798507690429688,109600,0.0,0.0
2022-03-14 00:00:00-04:00,25.065156061927357,25.351559468001195,24.778754539541175,24.946645736694336,246500,0.0,0.0
2022-03-15 00:00:00-04:00,25.22317152932694,25.371310369260282,24.51210208374682,24.759000778198242,153500,0.0,0.0
2022-03-16 00:00:00-04:00,24.976273538271776,25.163915195084293,24.670117792274848,25.104660034179688,209200,0.0,0.0
2022-03-17 00:00:00-04:00,24.90714042135485,25.005900279057805,24.521979048369694,24.610862731933594,120600,0.0,0.0
2022-03-18 00:00:00-04:00,24.689871270709023,24.77875495797859,24.176321496193232,24.749126434326172,444800,0.0,0.0
2022-03-21 00:00:00-04:00,24.729375998447022,25.262676239013672,24.729375998447022,25.262676239013672,182400,0.0,0.0
2022-03-22 00:00:00-04:00,25.28242867869185,25.795978455660347,25.23304780570198,25.529327392578125,129400,0.0,0.0
2022-03-23 00:00:00-04:00,25.450164489120755,25.450164489120755,25.044466050717816,25.07415199279785,112700,0.05,0.0
2022-03-24 00:00:00-04:00,25.08404760712918,25.45016479380854,24.97520103887079,25.430376052856445,94400,0.0,0.0
2022-03-25 00:00:00-04:00,25.45016564932731,26.51883507753015,25.44027033484953,26.508941650390625,236600,0.0,0.0
2022-03-28 00:00:00-04:00,26.370409001012572,26.706842142194127,26.05376648868599,26.34072494506836,227400,0.0,0.0
2022-03-29 00:00:00-04:00,26.647472534378867,27.102645680699577,26.370409388354343,26.855268478393555,352000,0.0,0.0
2022-03-30 00:00:00-04:00,27.03337806975049,27.053168697215096,26.231876530815086,26.409988403320312,244700,0.0,0.0
2022-03-31 00:00:00-04:00,26.390197923183926,26.677154473670246,26.212086049684356,26.597993850708008,301200,0.0,0.0
2022-04-01 00:00:00-04:00,26.607889593352002,27.260965215151046,26.607889593352002,27.102643966674805,363200,0.0,0.0
2022-04-04 00:00:00-04:00,26.964113001571548,27.181804243610397,26.23187676489018,26.696945190429688,161800,0.0,0.0
2022-04-05 00:00:00-04:00,26.71673751954675,26.993800662154193,26.3901996920236,26.419885635375977,174900,0.0,0.0
2022-04-06 00:00:00-04:00,26.42977881192443,26.687051323191245,26.073556931764266,26.123031616210938,206100,0.0,0.0
2022-04-07 00:00:00-04:00,26.182401509335918,26.26156402387225,25.79649368766243,25.984500885009766,158600,0.0,0.0
2022-04-08 00:00:00-04:00,25.915235144565212,25.984500456303497,25.24236888081351,25.469955444335938,332100,0.0,0.0
2022-04-11 00:00:00-04:00,25.46995663312655,26.01418761295702,24.45076187577508,24.529924392700195,256300,0.0,0.0
2022-04-12 00:00:00-04:00,24.71792808605375,25.262159030164337,24.71792808605375,24.896039962768555,219100,0.0,0.0
2022-04-13 00:00:00-04:00,24.94551701508687,25.549118012998473,24.94551701508687,25.499643325805664,135400,0.0,0.0
2022-04-14 00:00:00-04:00,25.499641407911977,25.72722797162286,25.252264215877144,25.48974609375,141300,0.0,0.0
2022-04-18 00:00:00-04:00,25.32152976998264,26.182401349592432,25.32152976998264,25.796493530273438,122800,0.0,0.0
2022-04-19 00:00:00-04:00,25.69754218959565,25.935024068951375,25.588697507810657,25.677753448486328,227000,0.0,0.0
2022-04-20 00:00:00-04:00,25.9943960301958,26.17250791206722,25.786598205566406,25.786598205566406,117400,0.0,0.0
2022-04-21 00:00:00-04:00,26.03397528127038,26.142821850215554,25.559011523335766,25.638172149658203,133300,0.0,0.0
2022-04-22 00:00:00-04:00,25.51943171038534,25.657962332207767,25.064256701437383,25.113731384277344,143600,0.0,0.0
2022-04-25 00:00:00-04:00,25.044465952935322,25.064256580911408,24.470550952995968,24.96530532836914,129400,0.0,0.0
2022-04-26 00:00:00-04:00,24.678350458651114,24.94551640523444,24.39139199540087,24.68824577331543,207800,0.0,0.0
2022-04-27 00:00:00-04:00,24.777301586061384,25.27205599261368,24.43097312400712,24.539817810058594,141400,0.0,0.0
2022-04-28 00:00:00-04:00,24.896041959526237,25.153314481266513,24.59919006608501,25.0048885345459,110900,0.0,0.0
2022-04-29 00:00:00-04:00,24.82677414825885,24.93562071233857,24.19348916598728,24.31222915649414,186200,0.0,0.0
2022-05-02 00:00:00-04:00,24.322126275460487,24.737720047756323,23.886741874165264,24.1737003326416,180300,0.0,0.0
2022-05-03 00:00:00-04:00,24.153909662340883,24.39139154791268,23.94611372021741,24.114330291748047,139700,0.0,0.0
2022-05-04 00:00:00-04:00,24.153908326709825,24.836669889560692,24.153908326709825,24.806983947753906,118700,0.0,0.0
2022-05-05 00:00:00-04:00,24.45076150593528,24.470552134867205,23.71852522149824,24.074748992919922,120400,0.0,0.0
2022-05-06 00:00:00-04:00,24.144012529885465,24.48044564761432,23.787790672019355,24.233068466186523,173900,0.0,0.0
2022-05-09 00:00:00-04:00,24.09453774599681,24.44086617598949,23.896635246761534,24.104433059692383,186100,0.0,0.0
2022-05-10 00:00:00-04:00,22.37279411182285,23.807580709911655,20.799475001193127,21.145803451538086,245500,0.0,0.0
2022-05-11 00:00:00-04:00,21.58118431776985,21.967093995934043,21.04685059872892,21.502023696899414,234100,0.0,0.0
2022-05-12 00:00:00-04:00,21.412969588569577,21.699928043282604,20.868740509591525,21.39318084716797,177900,0.0,0.0
2022-05-13 00:00:00-04:00,21.34370360514076,21.34370360514076,20.403671417573378,20.601572036743164,221200,0.0,0.0
2022-05-16 00:00:00-04:00,20.482833635869113,20.740104272066596,20.1562957958695,20.19587516784668,183200,0.0,0.0
2022-05-17 00:00:00-04:00,20.53230873144576,20.86874189297218,20.31461746289152,20.75,163000,0.0,0.0
2022-05-18 00:00:00-04:00,20.759894099654655,21.927514781613844,20.522412214951842,21.610872268676758,485900,0.0,0.0
2022-05-19 00:00:00-04:00,21.383285214581047,21.610871779687695,20.66094237503224,21.017166137695312,372700,0.0,0.0
2022-05-20 00:00:00-04:00,21.215068528281776,21.215068528281776,20.30472038563149,20.86874008178711,266800,0.0,0.0
2022-05-23 00:00:00-04:00,21.15569685758774,21.36349468252482,20.829159036119364,21.126012802124023,228900,0.0,0.0
2022-05-24 00:00:00-04:00,21.076538143188657,21.333810675467962,20.304722433689136,21.135910034179688,218000,0.0,0.0
2022-05-25 00:00:00-04:00,21.0567461247573,22.046254839292807,21.0567461247573,21.749401092529297,240800,0.0,0.0
2022-05-26 00:00:00-04:00,21.818668765852838,22.65975164185428,21.818668765852838,22.333213806152344,217700,0.0,0.0
2022-05-27 00:00:00-04:00,22.422267779785518,22.54100965839138,21.996778721843537,22.263946533203125,115000,0.0,0.0
2022-05-31 00:00:00-04:00,22.00667377988607,22.204576279482886,21.680135976688007,21.976987838745117,177100,0.0,0.0
2022-06-01 00:00:00-04:00,22.036359696955945,22.184785627822368,21.571289389612875,21.937408447265625,144000,0.0,0.0
2022-06-02 00:00:00-04:00,22.15509987969241,22.293632385400766,21.690031455636543,22.164995193481445,140100,0.0,0.0
2022-06-03 00:00:00-04:00,22.174890360506723,22.263946296680494,21.610870689631582,21.99677848815918,285700,0.0,0.0
2022-06-06 00:00:00-04:00,22.244155646999385,22.244155646999385,21.81866659400291,21.976987838745117,110300,0.0,0.0
2022-06-07 00:00:00-04:00,21.986885271798304,22.41237436580813,21.83845932646281,22.244157791137695,139900,0.0,0.0
2022-06-08 00:00:00-04:00,22.046255333998396,22.412372509682665,21.86814345941118,22.30352783203125,267600,0.0,0.0
2022-06-09 00:00:00-04:00,22.194681032203405,22.51132352263561,21.996778532014222,22.036359786987305,272700,0.0,0.0
2022-06-10 00:00:00-04:00,21.739507581805604,21.957200724953537,21.38328569842051,21.610872268676758,348200,0.0,0.0
2022-06-13 00:00:00-04:00,21.24475482923546,21.81866990022692,21.15569887965589,21.28433609008789,317800,0.0,0.0
2022-06-14 00:00:00-04:00,21.244662604180775,21.819914828536398,21.244662604180775,21.522371292114258,225800,0.05,0.0
2022-06-15 00:00:00-04:00,21.819913853741397,21.889340549689244,21.502533591273764,21.700895309448242,204000,0.0,0.0
2022-06-16 00:00:00-04:00,21.433107376098633,21.869504300912794,20.996708559548843,21.433107376098633,407800,0.0,0.0
2022-06-17 00:00:00-04:00,21.70089419906745,21.94884775290007,21.095888814095982,21.651304244995117,756000,0.0,0.0
2022-06-21 00:00:00-04:00,21.790159225463867,21.948849360198672,21.43310736817837,21.790159225463867,188200,0.0,0.0
2022-06-22 00:00:00-04:00,21.611633771123756,21.929014033668135,21.571960292437915,21.581878662109375,209100,0.0,0.0
2022-06-23 00:00:00-04:00,21.7008948499587,21.98852188906459,21.651304894398983,21.968685150146484,228100,0.0,0.0
2022-06-24 00:00:00-04:00,22.09762348996222,23.06960105895996,22.09762348996222,23.06960105895996,396500,0.0,0.0
2022-06-27 00:00:00-04:00,23.13902615882793,23.297716285994,22.96049929283222,23.049762725830078,212000,0.0,0.0
2022-06-28 00:00:00-04:00,23.317553505144964,23.58534380965478,22.891073070200207,22.900991439819336,142400,0.0,0.0
2022-06-29 00:00:00-04:00,22.98033603383447,23.11918942218402,22.563773977050275,22.93074607849121,236200,0.0,0.0
2022-06-30 00:00:00-04:00,22.960500710326826,23.664689848368827,22.82164731341812,23.43657112121582,311100,0.0,0.0
2022-07-01 00:00:00-04:00,23.41673595892946,23.734116228600076,23.15886401688818,23.694442749023438,251000,0.0,0.0
2022-07-05 00:00:00-04:00,23.347308955109455,24.02174107344373,22.920828513933763,23.952314376831055,257000,0.0,0.0
2022-07-06 00:00:00-04:00,23.80354212742242,24.180430712076294,23.436570020594345,23.625015258789062,226800,0.0,0.0
2022-07-07 00:00:00-04:00,23.694441946120584,24.051495683268822,23.377061687204627,23.386980056762695,193400,0.0,0.0
2022-07-08 00:00:00-04:00,23.436569385182583,23.67460646473045,23.267960890681895,23.545669555664062,108200,0.0,0.0
2022-07-11 00:00:00-04:00,23.615098967648336,23.684525668952702,23.386982122866637,23.496082305908203,101600,0.0,0.0
2022-07-12 00:00:00-04:00,23.57542545289171,23.704360474539577,23.297716778611328,23.37706184387207,162100,0.0,0.0
2022-07-13 00:00:00-04:00,23.297715052883877,23.585342075483457,23.089434981403166,23.486160278320312,208300,0.0,0.0
2022-07-14 00:00:00-04:00,23.000173546622822,23.010091916372332,22.29598442829223,22.52410125732422,178900,0.0,0.0
2022-07-15 00:00:00-04:00,22.99025518644681,22.99025518644681,22.405084613131095,22.64311981201172,170000,0.0,0.0
2022-07-18 00:00:00-04:00,22.5538563662584,22.811728304535333,21.899259096684496,21.929014205932617,137200,0.0,0.0
2022-07-19 00:00:00-04:00,22.01827812002793,22.52410174607985,22.01827812002793,22.25631332397461,260000,0.0,0.0
2022-07-20 00:00:00-04:00,22.256313166970468,22.49434836923796,22.03811281275688,22.266231536865234,216100,0.0,0.0
2022-07-21 00:00:00-04:00,21.889340733281948,22.42492134948985,21.879422363529695,22.40508460998535,163800,0.0,0.0
2022-07-22 00:00:00-04:00,22.375329814471296,22.405084924145267,21.909177779992845,22.147212982177734,149500,0.0,0.0
2022-07-25 00:00:00-04:00,22.325739534290125,22.643119799285916,22.11745755305189,22.28606605529785,186800,0.0,0.0
2022-07-26 00:00:00-04:00,22.375329333879215,22.46459276924824,22.117457397450423,22.295984268188477,166700,0.0,0.0
2022-07-27 00:00:00-04:00,22.444755385912327,22.47451049409347,21.929013419587868,22.216638565063477,160000,0.0,0.0
2022-07-28 00:00:00-04:00,22.325739213591508,22.325739213591508,21.83975045333075,22.067867279052734,234400,0.0,0.0
2022-07-29 00:00:00-04:00,22.07778563743687,22.226557397974048,21.770323746761967,21.948848724365234,460000,0.0,0.0
2022-08-01 00:00:00-04:00,21.849668147029075,22.05794822709684,21.195070907193934,21.274415969848633,198500,0.0,0.0
2022-08-02 00:00:00-04:00,21.333925727187225,21.581879301108412,21.11572726316141,21.18515396118164,130100,0.0,0.0
2022-08-03 00:00:00-04:00,21.373595392947795,21.373595392947795,20.98678845777598,21.304168701171875,131000,0.0,0.0
2022-08-04 00:00:00-04:00,21.195071542904593,21.423188368411893,21.11572647787007,21.353761672973633,114600,0.0,0.0
2022-08-05 00:00:00-04:00,21.1752348171425,21.94884872878585,21.1752348171425,21.829832077026367,204600,0.0,0.0
2022-08-08 00:00:00-04:00,21.81991449241073,22.04803132626938,21.720732684552647,21.780241012573242,257500,0.0,0.0
2022-08-09 00:00:00-04:00,22.692710875163986,24.29945091059565,22.19680371372326,23.16878318786621,466700,0.0,0.0
2022-08-10 00:00:00-04:00,23.377063120006348,23.63493506911467,22.89107433228764,22.940664291381836,270700,0.0,0.0
2022-08-11 00:00:00-04:00,23.22829135098808,23.277881310082275,22.83156600302747,22.940664291381836,370200,0.0,0.0
2022-08-12 00:00:00-04:00,22.96049914968763,23.724196564247862,22.920827564011212,23.29771614074707,460900,0.0,0.0
2022-08-15 00:00:00-04:00,23.14894407326135,23.714277876646047,23.14894407326135,23.31755256652832,231900,0.0,0.0
2022-08-16 00:00:00-04:00,23.208452205663164,23.208452205663164,22.752218575719926,22.85140037536621,158600,0.0,0.0
2022-08-17 00:00:00-04:00,22.682793449716687,23.119190371516428,22.44475635743514,22.87123680114746,191100,0.0,0.0
2022-08-18 00:00:00-04:00,22.80181153336993,22.93074845741567,22.643121389725728,22.78197479248047,78700,0.0,0.0
2022-08-19 00:00:00-04:00,22.712545734815585,22.98033603383447,22.603447454713308,22.93074607849121,204000,0.0,0.0
2022-08-22 00:00:00-04:00,22.791893335876036,23.178702219212745,22.484431416699262,22.534021377563477,212000,0.0,0.0
2022-08-23 00:00:00-04:00,22.613364044322303,22.702627477770424,21.998440271385867,22.087703704833984,155400,0.0,0.0
2022-08-24 00:00:00-04:00,22.09762222252626,22.09762222252626,21.780240072728695,21.839750289916992,118300,0.0,0.0
2022-08-25 00:00:00-04:00,21.879422670318874,22.206721309790048,21.829832712597884,22.147212982177734,192200,0.0,0.0
2022-08-26 00:00:00-04:00,22.266229749620155,22.266229749620155,21.80999422975976,21.89925765991211,119900,0.0,0.0
2022-08-29 00:00:00-04:00,21.710813522338867,21.869503652426747,21.611633609835618,21.710813522338867,98200,0.0,0.0
2022-08-30 00:00:00-04:00,21.59179782144894,21.621551039815884,21.006627231580683,21.294252395629883,226200,0.0,0.0
2022-08-31 00:00:00-04:00,21.175235105290405,21.383515194571512,20.89752642784666,21.214906692504883,225500,0.0,0.0
2022-09-01 00:00:00-04:00,21.1355619468993,21.3735971490032,21.01654529171516,21.314088821411133,186600,0.0,0.0
2022-09-02 00:00:00-04:00,21.53228696682498,21.74056894793515,21.095890048591905,21.333925247192383,128700,0.0,0.0
2022-09-06 00:00:00-04:00,21.333924396273677,21.333924396273677,20.30243668507763,20.550390243530273,243900,0.0,0.0
2022-09-07 00:00:00-04:00,20.580145686661375,20.88760757446289,20.50080062233403,20.88760757446289,168600,0.0,0.0
2022-09-08 00:00:00-04:00,20.7190003340273,21.04629898071289,20.669410375213232,21.04629898071289,133300,0.0,0.0
2022-09-09 00:00:00-04:00,21.155397885025582,21.2347429493869,20.907444322429534,21.125642776489258,237200,0.0,0.0
2022-09-12 00:00:00-04:00,21.195073435442957,21.284334986308462,21.016546550240474,21.234745025634766,158200,0.0,0.0
2022-09-13 00:00:00-04:00,20.867772876386667,21.026463006175984,20.4115373344407,20.6396541595459,253700,0.0,0.0
2022-09-14 00:00:00-04:00,20.580145658981447,20.580145658981447,20.004893470448014,20.17350196838379,244700,0.0,0.0
2022-09-15 00:00:00-04:00,20.11399333117509,20.530555384806203,20.014811529503774,20.19333839416504,227600,0.0,0.0
2022-09-16 00:00:00-04:00,20.094157846176692,20.788426717720593,20.004894408276876,20.709081649780273,637800,0.0,0.0
2022-09-19 00:00:00-04:00,20.52063703998035,20.94711746346164,20.322273436400746,20.78842544555664,318500,0.0,0.0
2022-09-20 00:00:00-04:00,20.649573645363045,20.94711907360388,20.530556987455245,20.927282333374023,189500,0.0,0.0
2022-09-21 00:00:00-04:00,21.066135567310656,21.333925883119402,20.79834525150191,20.81818199157715,403200,0.0,0.0
2022-09-22 00:00:00-04:00,20.79834525521034,20.907445433907945,20.29251973361551,20.58014678955078,178300,0.0,0.0
2022-09-23 00:00:00-04:00,20.40161862178638,20.58014548773113,19.51890455321015,19.945384979248047,600300,0.0,0.0
2022-09-26 00:00:00-04:00,19.905713589595585,20.054485362909674,19.380053197770092,19.45939826965332,181800,0.0,0.0
2022-09-27 00:00:00-04:00,19.479231672372126,19.667676913502504,18.923816210432463,18.953571319580078,362500,0.0,0.0
2022-09-28 00:00:00-04:00,19.04306675634936,19.361279585171168,18.784518358757126,19.092788696289062,323600,0.05,0.0
2022-09-29 00:00:00-04:00,19.0032918192356,19.062956252719907,18.24753537387452,18.56574821472168,1976400,0.0,0.0
2022-09-30 00:00:00-04:00,18.69501994695376,19.918153062270214,18.605522355669677,19.40105628967285,540900,0.0,0.0
2022-10-03 00:00:00-04:00,19.470666420032504,19.540275240907743,19.102731642508665,19.281726837158203,335400,0.0,0.0
2022-10-04 00:00:00-04:00,19.45077854859929,20.31592139742651,19.391114113172716,19.947986602783203,306500,0.0,0.0
2022-10-05 00:00:00-04:00,19.749103414277258,20.136925067900844,19.729214638014998,19.81871223449707,184000,0.0,0.0
2022-10-06 00:00:00-04:00,19.69938060414044,19.818711359748946,19.42094533555062,19.55021858215332,185100,0.0,0.0
2022-10-07 00:00:00-04:00,19.341393229487185,19.490555259948135,18.973458450765257,19.102731704711914,246500,0.0,0.0
2022-10-10 00:00:00-04:00,19.32150400650141,19.768990087543983,19.271782066364626,19.490554809570312,228200,0.0,0.0
2022-10-11 00:00:00-04:00,19.381167807796626,20.007650956263692,19.381167807796626,19.838600158691406,254400,0.0,0.0
2022-10-12 00:00:00-04:00,19.81871296329691,19.908210563070107,19.520386998486863,19.580053329467773,172800,0.0,0.0
2022-10-13 00:00:00-04:00,19.4010587485733,20.24631283077425,19.26184109857487,20.097148895263672,316600,0.0,0.0
2022-10-14 00:00:00-04:00,20.305976609175765,20.47502742013979,19.987763764231286,20.156814575195312,371300,0.0,0.0
2022-10-17 00:00:00-04:00,20.31591942390249,20.455137058606716,20.057371033238912,20.415361404418945,637700,0.0,0.0
2022-10-18 00:00:00-04:00,20.71368591599068,21.03189874345489,20.574468278149606,20.604299545288086,264600,0.0,0.0
2022-10-19 00:00:00-04:00,20.53469072636755,20.852903553831755,20.475026295392524,20.604299545288086,253000,0.0,0.0
2022-10-20 00:00:00-04:00,20.35569705547816,20.564525424518468,19.788880177180207,19.947986602783203,212000,0.0,0.0
2022-10-21 00:00:00-04:00,20.087205618986136,20.504860449375293,19.9380416892986,20.226423263549805,261700,0.0,0.0
2022-10-24 00:00:00-04:00,20.256256941020144,20.61424544990701,20.256256941020144,20.524747848510742,131900,0.0,0.0
2022-10-25 00:00:00-04:00,20.475027078877414,20.813128695170242,20.37558509231515,20.76340675354004,172900,0.0,0.0
2022-10-26 00:00:00-04:00,20.932457101039653,20.942401489146853,20.51480228402769,20.5744686126709,176000,0.0,0.0
2022-10-27 00:00:00-04:00,20.77335212379983,21.33022651619212,20.743520854109757,20.962291717529297,297900,0.0,0.0
2022-10-28 00:00:00-04:00,21.141286443232172,21.65838326871851,20.96229124235627,21.63849449157715,451400,0.0,0.0
2022-10-31 00:00:00-04:00,21.618604603063854,22.225198997804263,21.43960941138976,22.085979461669922,270500,0.0,0.0
2022-11-01 00:00:00-04:00,22.095925039730364,22.47380421954858,21.926874227011307,22.0362606048584,303900,0.0,0.0
2022-11-02 00:00:00-04:00,21.986538698031264,22.185420763007365,21.519161957106476,21.568883895874023,344600,0.0,0.0
2022-11-03 00:00:00-04:00,21.39983282813684,21.588770502981593,21.08162001082147,21.419721603393555,203700,0.0,0.0
2022-11-04 00:00:00-04:00,21.419723821645203,21.698159117282238,21.270559888470277,21.67827033996582,229300,0.0,0.0
2022-11-07 00:00:00-05:00,21.837376107887362,22.404194864157173,21.608660865726538,22.314697265625,305300,0.0,0.0
2022-11-08 00:00:00-05:00,22.453915236830863,22.692574870832384,21.867209591981975,22.28486442565918,317700,0.0,0.0
2022-11-09 00:00:00-05:00,21.18106187025307,21.300392635104107,19.00329200783059,19.470666885375977,994300,0.0,0.0
2022-11-10 00:00:00-05:00,19.918154745915356,20.30597640979624,19.460722363275462,19.54027557373047,601800,0.0,0.0
2022-11-11 00:00:00-05:00,19.3712242520867,19.938041098674436,19.3712242520867,19.81871223449707,540900,0.0,0.0
2022-11-14 00:00:00-05:00,19.75904772963664,19.86843220528002,19.281726584590835,19.42094612121582,334200,0.0,0.0
2022-11-15 00:00:00-05:00,19.450777590311034,19.898265575709292,19.450777590311034,19.749103546142578,274800,0.0,0.0
2022-11-16 00:00:00-05:00,19.6297728463715,19.7689904881797,19.4905552045633,19.57010841369629,256100,0.0,0.0
2022-11-17 00:00:00-05:00,19.391112300675253,19.709325122137727,19.311559095309637,19.480609893798828,270400,0.0,0.0
2022-11-18 00:00:00-05:00,19.759048470404,19.79882412757512,18.82429681815562,19.182287216186523,823000,0.0,0.0
2022-11-21 00:00:00-05:00,19.13256596871632,19.53033203836462,19.13256596871632,19.520387649536133,196500,0.0,0.0
2022-11-22 00:00:00-05:00,19.580053329467773,19.778935409309636,19.321504918644997,19.580053329467773,179900,0.0,0.0
2022-11-23 00:00:00-05:00,19.510444506688213,19.72921536352371,19.381169352927742,19.580053329467773,144500,0.0,0.0
2022-11-25 00:00:00-05:00,19.729214435313047,19.93804089382696,19.63971683975049,19.778934478759766,187700,0.0,0.0
2022-11-28 00:00:00-05:00,19.778934285400005,19.858487492155888,19.540274665132358,19.739158630371094,223700,0.0,0.0
2022-11-29 00:00:00-05:00,19.58999731874238,20.15681417462276,19.58999731874238,19.78887939453125,353300,0.0,0.0
2022-11-30 00:00:00-05:00,19.639716389945267,19.89826478268249,19.241950361387246,19.878376007080078,332900,0.0,0.0
2022-12-01 00:00:00-05:00,20.02753902349677,20.136925398034435,19.78887939453125,19.78887939453125,187200,0.0,0.0
2022-12-02 00:00:00-05:00,19.649661429664054,19.9579298749367,19.649661429664054,19.81871223449707,160800,0.0,0.0
2022-12-05 00:00:00-05:00,19.788878599194987,19.828656150772936,19.49055454915258,19.629772186279297,164300,0.0,0.0
2022-12-06 00:00:00-05:00,19.63971862001824,19.729216223693424,19.30161698317827,19.560165405273438,238100,0.0,0.0
2022-12-07 00:00:00-05:00,19.570110009411014,19.659607614070378,19.192230812694078,19.311561584472656,191400,0.0,0.0
2022-12-08 00:00:00-05:00,19.40105766233194,19.490555259948135,19.023178495352866,19.102731704711914,162400,0.0,0.0
2022-12-09 00:00:00-05:00,19.003291753638344,19.251895771779303,18.714910182179725,18.74474334716797,195900,0.0,0.0
2022-12-12 00:00:00-05:00,18.70496611870003,18.85412815283548,18.486195261747913,18.71491050720215,257100,0.0,0.0
2022-12-13 00:00:00-05:00,19.033123560324793,19.072901114767653,18.40664225143527,18.466306686401367,334900,0.0,0.0
2022-12-14 00:00:00-05:00,18.466305823912098,18.615467852709664,18.108315437439455,18.197813034057617,257300,0.0,0.0
2022-12-15 00:00:00-05:00,18.068541313744618,18.068541313744618,17.591222022437023,17.82988166809082,324800,0.0,0.0
2022-12-16 00:00:00-05:00,17.68071886223992,17.95915415511574,16.805631635977736,17.094013214111328,1276300,0.0,0.0
2022-12-19 00:00:00-05:00,17.19345454756207,18.08842862012715,17.064179397913783,17.730438232421875,500400,0.0,0.0
2022-12-20 00:00:00-05:00,17.809991571110427,18.118260020162385,17.650885152457924,17.949209213256836,366700,0.0,0.0
2022-12-21 00:00:00-05:00,18.108757132018933,18.328135665511333,17.959180772730182,18.0090389251709,260900,0.05,0.0
2022-12-22 00:00:00-05:00,17.89935095740143,17.979125144037486,17.640084375342603,17.70988655090332,327500,0.0,0.0
2022-12-23 00:00:00-05:00,17.65005644115335,17.8594629684849,17.57028225426991,17.66002655029297,199500,0.0,0.0
2022-12-27 00:00:00-05:00,17.669999537127264,17.669999537127264,17.330958748659313,17.490509033203125,277100,0.0,0.0
2022-12-28 00:00:00-05:00,17.580252046806745,17.640084112366793,16.922114541379074,16.942058563232422,275200,0.0,0.0
2022-12-29 00:00:00-05:00,17.09163629344721,17.430677084268844,16.971975956667077,17.390790939331055,537000,0.0,0.0
2022-12-30 00:00:00-05:00,17.301043559296193,17.520422096453256,17.17140931763826,17.420703887939453,243100,0.0,0.0
2023-01-03 00:00:00-05:00,17.420704888978847,17.689943496847285,17.311016565080653,17.540367126464844,342100,0.0,0.0
2023-01-04 00:00:00-05:00,17.699915840807027,17.759746009690044,17.40076309442517,17.58025360107422,499400,0.0,0.0
2023-01-05 00:00:00-05:00,17.59022500782573,17.59022500782573,17.38081847295481,17.450620651245117,335100,0.0,0.0
2023-01-06 00:00:00-05:00,17.57028214027523,17.89935089678029,17.490507953909354,17.75974464416504,456000,0.0,0.0
2023-01-09 00:00:00-05:00,17.759744881364554,17.779688903714053,17.450620142813943,17.56031036376953,308500,0.0,0.0
2023-01-10 00:00:00-05:00,17.94921006195,18.268306825403325,17.689943466152492,17.87940788269043,509500,0.0,0.0
2023-01-11 00:00:00-05:00,17.989097082935302,18.098785400390625,17.829546808336723,18.098785400390625,475500,0.0,0.0
2023-01-12 00:00:00-05:00,18.18853238726932,18.18853238726932,17.929265794996503,18.078842163085938,484600,0.0,0.0
2023-01-13 00:00:00-05:00,18.038955480580686,18.866613388061523,17.89935112812769,18.866613388061523,556000,0.0,0.0
2023-01-17 00:00:00-05:00,18.986276134740482,19.026162278536695,18.727009543181627,18.75692367553711,329800,0.0,0.0
2023-01-18 00:00:00-05:00,18.687122286272622,18.936416876914414,18.447799707492518,18.736982345581055,260200,0.0,0.0
2023-01-19 00:00:00-05:00,18.487686248715637,19.08599169593753,18.487686248715637,19.066049575805664,235500,0.0,0.0
2023-01-20 00:00:00-05:00,19.21562718976499,19.21562718976499,18.84667036476685,18.986276626586914,278500,0.0,0.0
2023-01-23 00:00:00-05:00,18.94638806428014,19.14582448890135,18.89652990910819,19.095964431762695,175400,0.0,0.0
2023-01-24 00:00:00-05:00,19.08599260201261,19.11590863658057,18.786839864199894,18.946388244628906,218500,0.0,0.0
2023-01-25 00:00:00-05:00,18.90649935530505,19.115907784007675,18.766895004147727,19.016189575195312,146900,0.0,0.0
2023-01-26 00:00:00-05:00,19.105936167414235,19.22559840085309,18.896529636354586,19.00621795654297,139200,0.0,0.0
2023-01-27 00:00:00-05:00,18.93641562529742,19.135852045415664,18.697093062335526,18.816755294799805,193000,0.0,0.0
2023-01-30 00:00:00-05:00,18.786839316653488,18.976303726128478,18.707065128764018,18.766895294189453,120600,0.0,0.0
2023-01-31 00:00:00-05:00,18.83669793210627,19.50480748527826,18.83669793210627,19.33528709411621,295600,0.0,0.0
2023-02-01 00:00:00-05:00,19.25551233741889,19.6743272972566,19.1159079847952,19.494834899902344,273400,0.0,0.0
2023-02-02 00:00:00-05:00,19.444977292593475,19.69427187326775,19.205654723382175,19.674327850341797,251000,0.0,0.0
2023-02-03 00:00:00-05:00,19.64441419754242,19.973482975988084,19.62447017412953,19.90367889404297,278200,0.0,0.0
2023-02-06 00:00:00-05:00,19.92362252420493,20.00339671431516,19.704243976893483,19.913650512695312,288400,0.0,0.0
2023-02-07 00:00:00-05:00,19.764074446344452,19.973482887316628,19.65438422002728,19.664356231689453,349800,0.0,0.0
2023-02-08 00:00:00-05:00,19.504808096481923,19.813934756030932,19.345259711796462,19.464921951293945,191700,0.0,0.0
2023-02-09 00:00:00-05:00,19.544696093340416,19.61449827371483,18.81675635234043,18.886558532714844,304300,0.0,0.0
2023-02-10 00:00:00-05:00,18.8965296771278,19.34525877406671,18.846669620601244,19.295400619506836,261900,0.0,0.0
2023-02-13 00:00:00-05:00,19.36520234249233,19.54469473784481,19.21562598035414,19.3552303314209,231700,0.0,0.0
2023-02-14 00:00:00-05:00,19.355230607683414,19.534723005597836,19.195682232196514,19.444976806640625,179700,0.0,0.0
2023-02-15 00:00:00-05:00,19.35523031929676,19.694271087646484,19.105935748567056,19.694271087646484,227200,0.0,0.0
2023-02-16 00:00:00-05:00,19.48486572767055,19.744130423020103,19.395119524677725,19.664356231689453,231900,0.0,0.0
2023-02-17 00:00:00-05:00,19.67432863676026,19.833877022611897,19.504808239047048,19.65438461303711,233700,0.0,0.0
2023-02-21 00:00:00-05:00,19.464921615803192,19.584581951271478,19.325315355134542,19.425033569335938,239200,0.0,0.0
2023-02-22 00:00:00-05:00,19.43500451802571,19.71421512212586,19.3552303314209,19.3552303314209,219000,0.0,0.0
2023-02-23 00:00:00-05:00,19.4549486419771,19.664355169673073,19.295400267932557,19.594552993774414,176800,0.0,0.0
2023-02-24 00:00:00-05:00,19.325315172656126,19.325315172656126,18.517601258988417,18.946388244628906,293000,0.0,0.0
2023-02-27 00:00:00-05:00,18.99624640027545,19.30537305157754,18.856642042891746,18.946388244628906,205800,0.0,0.0
2023-02-28 00:00:00-05:00,18.936415572052606,19.953537888255745,18.537544634904314,19.83387565612793,658700,0.0,0.0
2023-03-01 00:00:00-05:00,19.46492043630552,19.554666633451834,18.966331297477815,19.45494842529297,291200,0.0,0.0
2023-03-02 00:00:00-05:00,19.38514712578233,19.764074051541872,19.365203102856373,19.674327850341797,179800,0.0,0.0
2023-03-03 00:00:00-05:00,19.664355114609506,19.754101312504087,19.435004565308528,19.644412994384766,165400,0.0,0.0
2023-03-06 00:00:00-05:00,19.664355347443443,19.803961602469474,19.345258596469648,19.444976806640625,231800,0.0,0.0
2023-03-07 00:00:00-05:00,19.454950101854173,19.654384633391867,18.946388908187853,19.02616310119629,171700,0.0,0.0
2023-03-08 00:00:00-05:00,19.095964951343046,19.12588098644022,18.76689617314114,18.986276626586914,159800,0.0,0.0
2023-03-09 00:00:00-05:00,18.95636074972973,19.085993098966096,18.507629729360055,18.547517776489258,254300,0.0,0.0
2023-03-10 00:00:00-05:00,18.358053541823725,18.54751796366592,18.118730962533643,18.39794158935547,324000,0.0,0.0
2023-03-13 00:00:00-04:00,17.999068462738425,18.128702713383205,17.640085549955653,17.67997169494629,447200,0.0,0.0
2023-03-14 00:00:00-04:00,18.078842378663357,18.29822282964608,17.89935187599577,18.218448638916016,344700,0.0,0.0
2023-03-15 00:00:00-04:00,17.719858722941872,17.94920927385806,17.530394314722706,17.899351119995117,376300,0.0,0.0
2023-03-16 00:00:00-04:00,17.749772819618123,18.607346758536668,17.610168467502692,18.577430725097656,296100,0.0,0.0
2023-03-17 00:00:00-04:00,18.35805315197919,18.35805315197919,17.600197382670732,17.77968978881836,1409900,0.0,0.0
2023-03-20 00:00:00-04:00,17.98909737417287,18.278278091012538,17.839519108187996,17.849491119384766,317900,0.0,0.0
2023-03-21 00:00:00-04:00,18.17856068136705,18.776868065748516,18.17856068136705,18.45777130126953,401600,0.0,0.0
2023-03-22 00:00:00-04:00,18.4976563934092,18.717036832981762,18.03895529606046,18.048927307128906,261200,0.0,0.0
2023-03-23 00:00:00-04:00,18.068871641828537,18.068871641828537,17.46059226989746,17.46059226989746,248800,0.0,0.0
2023-03-24 00:00:00-04:00,17.31101555909448,17.7697166552066,17.301043548052917,17.75974464416504,203300,0.0,0.0
2023-03-27 00:00:00-04:00,17.96915278958893,18.068870996470135,17.64008403825757,17.669998168945312,230000,0.0,0.0
2023-03-28 00:00:00-04:00,17.520000457763672,17.670000076293945,17.290000915527344,17.649999618530273,280100,0.05,0.0
2023-03-29 00:00:00-04:00,17.809999465942383,17.90999984741211,17.59000015258789,17.8799991607666,253400,0.0,0.0
2023-03-30 00:00:00-04:00,18.040000915527344,18.270000457763672,17.940000534057617,18.149999618530273,195000,0.0,0.0
2023-03-31 00:00:00-04:00,18.280000686645508,18.549999237060547,18.260000228881836,18.479999542236328,264300,0.0,0.0
2023-04-03 00:00:00-04:00,18.469999313354492,18.65999984741211,18.200000762939453,18.309999465942383,203700,0.0,0.0
2023-04-04 00:00:00-04:00,18.65999984741211,18.81999969482422,18.110000610351562,18.34000015258789,389800,0.0,0.0
2023-04-05 00:00:00-04:00,18.190000534057617,18.450000762939453,18.190000534057617,18.25,178600,0.0,0.0
2023-04-06 00:00:00-04:00,18.360000610351562,18.670000076293945,18.360000610351562,18.649999618530273,187200,0.0,0.0
2023-04-10 00:00:00-04:00,18.559999465942383,18.729999542236328,18.450000762939453,18.520000457763672,425700,0.0,0.0
2023-04-11 00:00:00-04:00,18.56999969482422,18.850000381469727,18.520000457763672,18.639999389648438,167000,0.0,0.0
2023-04-12 00:00:00-04:00,18.770000457763672,18.920000076293945,18.43000030517578,18.469999313354492,118300,0.0,0.0
2023-04-13 00:00:00-04:00,18.270000457763672,18.479999542236328,18.200000762939453,18.440000534057617,151600,0.0,0.0
2023-04-14 00:00:00-04:00,18.540000915527344,18.540000915527344,17.940000534057617,18.100000381469727,164000,0.0,0.0
2023-04-17 00:00:00-04:00,18.110000610351562,18.360000610351562,17.899999618530273,18.350000381469727,155800,0.0,0.0
2023-04-18 00:00:00-04:00,18.479999542236328,18.479999542236328,18.219999313354492,18.389999389648438,122900,0.0,0.0
2023-04-19 00:00:00-04:00,18.450000762939453,18.639999389648438,18.299999237060547,18.6299991607666,132400,0.0,0.0
2023-04-20 00:00:00-04:00,18.56999969482422,18.700000762939453,18.34000015258789,18.559999465942383,180600,0.0,0.0
2023-04-21 00:00:00-04:00,18.579999923706055,18.579999923706055,18.15999984741211,18.479999542236328,237500,0.0,0.0
2023-04-24 00:00:00-04:00,18.239999771118164,18.65999984741211,18.209999084472656,18.260000228881836,241500,0.0,0.0
2023-04-25 00:00:00-04:00,18.09000015258789,18.299999237060547,18.010000228881836,18.059999465942383,190500,0.0,0.0
2023-04-26 00:00:00-04:00,17.920000076293945,18.09000015258789,17.5,17.56999969482422,129300,0.0,0.0
2023-04-27 00:00:00-04:00,17.559999465942383,17.920000076293945,17.559999465942383,17.90999984741211,127400,0.0,0.0
2023-04-28 00:00:00-04:00,17.760000228881836,18.010000228881836,17.760000228881836,17.959999084472656,279900,0.0,0.0
2023-05-01 00:00:00-04:00,17.899999618530273,18.43000030517578,17.899999618530273,18.209999084472656,218000,0.0,0.0
2023-05-02 00:00:00-04:00,18.059999465942383,18.219999313354492,17.709999084472656,18.149999618530273,192700,0.0,0.0
2023-05-03 00:00:00-04:00,18.18000030517578,18.489999771118164,18.1200008392334,18.170000076293945,230600,0.0,0.0
2023-05-04 00:00:00-04:00,18.0,18.139999389648438,17.600000381469727,18.030000686645508,318100,0.0,0.0
2023-05-05 00:00:00-04:00,18.239999771118164,18.5,18.229999542236328,18.40999984741211,269900,0.0,0.0
2023-05-08 00:00:00-04:00,18.5,18.729999542236328,18.270000457763672,18.649999618530273,266400,0.0,0.0
2023-05-09 00:00:00-04:00,18.59000015258789,19.18000030517578,18.59000015258789,18.850000381469727,512700,0.0,0.0
2023-05-10 00:00:00-04:00,17.25,17.25,14.25,14.640000343322754,1456400,0.0,0.0
2023-05-11 00:00:00-04:00,14.289999961853027,14.729999542236328,14.260000228881836,14.600000381469727,788200,0.0,0.0
2023-05-12 00:00:00-04:00,14.720000267028809,14.800000190734863,14.520000457763672,14.680000305175781,304000,0.0,0.0
2023-05-15 00:00:00-04:00,14.569999694824219,14.75,14.520000457763672,14.649999618530273,551100,0.0,0.0
2023-05-16 00:00:00-04:00,14.600000381469727,14.630000114440918,14.319999694824219,14.329999923706055,375500,0.0,0.0
2023-05-17 00:00:00-04:00,14.079999923706055,14.220000267028809,13.020000457763672,13.039999961853027,609900,0.0,0.0
2023-05-18 00:00:00-04:00,12.979999542236328,13.029999732971191,12.510000228881836,12.779999732971191,475800,0.0,0.0
2023-05-19 00:00:00-04:00,12.90999984741211,13.079999923706055,12.699999809265137,12.75,708500,0.0,0.0
2023-05-22 00:00:00-04:00,12.75,12.880000114440918,12.619999885559082,12.640000343322754,366800,0.0,0.0
2023-05-23 00:00:00-04:00,12.34000015258789,12.960000038146973,12.34000015258789,12.75,437700,0.0,0.0
2023-05-24 00:00:00-04:00,12.729999542236328,12.850000381469727,12.65999984741211,12.720000267028809,290800,0.0,0.0
2023-05-25 00:00:00-04:00,12.489999771118164,12.619999885559082,12.199999809265137,12.300000190734863,297400,0.0,0.0
2023-05-26 00:00:00-04:00,12.329999923706055,12.329999923706055,11.869999885559082,12.119999885559082,549200,0.0,0.0
2023-05-30 00:00:00-04:00,12.0,12.350000381469727,11.930000305175781,12.300000190734863,522200,0.0,0.0
2023-05-31 00:00:00-04:00,12.350000381469727,12.5,11.979999542236328,12.149999618530273,456400,0.0,0.0
2023-06-01 00:00:00-04:00,12.199999809265137,12.359999656677246,12.0,12.270000457763672,368200,0.0,0.0
2023-06-02 00:00:00-04:00,12.369999885559082,12.890000343322754,12.300000190734863,12.770000457763672,527600,0.0,0.0
2023-06-05 00:00:00-04:00,12.65999984741211,12.869999885559082,12.520000457763672,12.640000343322754,338700,0.0,0.0
2023-06-06 00:00:00-04:00,12.670000076293945,13.079999923706055,12.65999984741211,12.979999542236328,489500,0.0,0.0
2023-06-07 00:00:00-04:00,13.140000343322754,13.960000038146973,13.069999694824219,13.859999656677246,617600,0.0,0.0
2023-06-08 00:00:00-04:00,13.850000381469727,14.5600004196167,13.789999961853027,14.449999809265137,613600,0.0,0.0
2023-06-09 00:00:00-04:00,14.3100004196167,14.59000015258789,14.119999885559082,14.279999732971191,551000,0.0,0.0
2023-06-12 00:00:00-04:00,14.359999656677246,14.789999961853027,14.319999694824219,14.699999809265137,474700,0.0,0.0
2023-06-13 00:00:00-04:00,14.670000076293945,15.050000190734863,14.550000190734863,14.619999885559082,543400,0.0,0.0
2023-06-14 00:00:00-04:00,14.789999961853027,14.930000305175781,14.229999542236328,14.3100004196167,629000,0.0,0.0
2023-06-15 00:00:00-04:00,14.319999694824219,14.489999771118164,14.229999542236328,14.460000038146973,465200,0.0,0.0
2023-06-16 00:00:00-04:00,14.640000343322754,14.899999618530273,14.479999542236328,14.760000228881836,1283300,0.0,0.0
2023-06-20 00:00:00-04:00,14.75,15.020000457763672,14.670000076293945,14.84000015258789,354100,0.0,0.0
2023-06-21 00:00:00-04:00,14.770000457763672,14.960000038146973,14.710000038146973,14.84000015258789,416100,0.0,0.0
2023-06-22 00:00:00-04:00,14.869999885559082,14.920000076293945,14.609999656677246,14.760000228881836,360900,0.0,0.0
2023-06-23 00:00:00-04:00,14.569999694824219,15.010000228881836,14.569999694824219,14.6899995803833,713700,0.0,0.0
2023-06-26 00:00:00-04:00,14.729999542236328,15.210000038146973,14.680000305175781,15.109999656677246,343700,0.0,0.0
2023-06-27 00:00:00-04:00,15.149999618530273,15.300000190734863,15.0600004196167,15.140000343322754,282800,0.0,0.0
2023-06-28 00:00:00-04:00,15.119999885559082,15.180000305175781,14.90999984741211,14.989999771118164,293200,0.0,0.0
2023-06-29 00:00:00-04:00,15.079999923706055,15.399999618530273,14.949999809265137,15.239999771118164,257700,0.0,0.0
2023-06-30 00:00:00-04:00,15.300000190734863,15.4399995803833,15.079999923706055,15.09000015258789,241300,0.0,0.0
2023-07-03 00:00:00-04:00,14.989999771118164,15.5600004196167,14.989999771118164,15.5,200900,0.0,0.0
2023-07-05 00:00:00-04:00,15.289999961853027,15.399999618530273,15.109999656677246,15.239999771118164,332800,0.0,0.0
2023-07-06 00:00:00-04:00,15.170000076293945,15.460000038146973,15.020000457763672,15.319999694824219,304000,0.0,0.0
2023-07-07 00:00:00-04:00,15.359999656677246,15.829999923706055,15.289999961853027,15.59000015258789,304200,0.0,0.0
2023-07-10 00:00:00-04:00,15.479999542236328,15.819999694824219,15.34000015258789,15.479999542236328,255500,0.0,0.0
2023-07-11 00:00:00-04:00,15.489999771118164,15.640000343322754,15.319999694824219,15.329999923706055,295200,0.0,0.0
2023-07-12 00:00:00-04:00,15.449999809265137,15.75,15.449999809265137,15.640000343322754,313800,0.0,0.0
2023-07-13 00:00:00-04:00,15.609999656677246,15.649999618530273,15.380000114440918,15.430000305175781,221400,0.0,0.0
2023-07-14 00:00:00-04:00,15.460000038146973,15.510000228881836,15.210000038146973,15.4399995803833,256000,0.0,0.0
2023-07-17 00:00:00-04:00,15.510000228881836,15.979999542236328,15.430000305175781,15.550000190734863,270300,0.0,0.0
2023-07-18 00:00:00-04:00,15.510000228881836,15.869999885559082,15.510000228881836,15.8100004196167,221300,0.0,0.0
2023-07-19 00:00:00-04:00,15.920000076293945,16.09000015258789,15.859999656677246,16.040000915527344,257500,0.0,0.0
2023-07-20 00:00:00-04:00,16.079999923706055,16.399999618530273,16.0,16.31999969482422,283100,0.0,0.0
2023-07-21 00:00:00-04:00,16.389999389648438,16.43000030517578,16.040000915527344,16.139999389648438,217600,0.0,0.0
2023-07-24 00:00:00-04:00,16.149999618530273,16.56999969482422,16.110000610351562,16.3799991607666,208600,0.0,0.0
2023-07-25 00:00:00-04:00,16.3700008392334,16.639999389648438,16.329999923706055,16.540000915527344,282400,0.0,0.0
2023-07-26 00:00:00-04:00,16.649999618530273,17.010000228881836,16.649999618530273,16.889999389648438,174800,0.0,0.0
2023-07-27 00:00:00-04:00,16.8700008392334,17.059999465942383,16.75,17.030000686645508,237400,0.0,0.0
2023-07-28 00:00:00-04:00,17.09000015258789,17.219999313354492,17.030000686645508,17.049999237060547,199400,0.0,0.0
2023-07-31 00:00:00-04:00,17.049999237060547,17.139999389648438,16.760000228881836,16.799999237060547,265000,0.0,0.0
2023-08-01 00:00:00-04:00,16.809999465942383,16.979999542236328,16.610000610351562,16.700000762939453,281000,0.0,0.0
2023-08-02 00:00:00-04:00,16.6299991607666,16.889999389648438,16.610000610351562,16.719999313354492,190200,0.0,0.0
2023-08-03 00:00:00-04:00,16.700000762939453,16.850000381469727,16.56999969482422,16.739999771118164,150500,0.0,0.0
2023-08-04 00:00:00-04:00,16.75,16.829999923706055,16.610000610351562,16.68000030517578,315400,0.0,0.0
2023-08-07 00:00:00-04:00,16.829999923706055,17.040000915527344,16.6299991607666,16.889999389648438,229200,0.0,0.0
2023-08-08 00:00:00-04:00,16.799999237060547,16.989999771118164,16.65999984741211,16.889999389648438,184700,0.0,0.0
2023-08-09 00:00:00-04:00,17.690000534057617,19.3799991607666,17.079999923706055,18.270000457763672,426700,0.0,0.0
2023-08-10 00:00:00-04:00,18.520000457763672,18.649999618530273,18.059999465942383,18.149999618530273,297200,0.0,0.0
2023-08-11 00:00:00-04:00,18.1299991607666,18.3799991607666,18.030000686645508,18.280000686645508,262700,0.0,0.0
2023-08-14 00:00:00-04:00,18.1200008392334,18.200000762939453,17.940000534057617,18.040000915527344,240300,0.0,0.0
2023-08-15 00:00:00-04:00,18.049999237060547,18.209999084472656,17.93000030517578,18.0,202100,0.0,0.0
2023-08-16 00:00:00-04:00,18.059999465942383,18.34000015258789,17.969999313354492,18.010000228881836,227200,0.0,0.0
2023-08-17 00:00:00-04:00,18.030000686645508,18.170000076293945,17.709999084472656,17.719999313354492,199900,0.0,0.0
2023-08-18 00:00:00-04:00,17.65999984741211,17.979999542236328,17.65999984741211,17.809999465942383,220600,0.0,0.0
2023-08-21 00:00:00-04:00,17.770000457763672,17.81999969482422,17.260000228881836,17.270000457763672,225000,0.0,0.0
2023-08-22 00:00:00-04:00,17.239999771118164,17.43000030517578,17.200000762939453,17.389999389648438,189400,0.0,0.0
2023-08-23 00:00:00-04:00,17.40999984741211,17.600000381469727,17.25,17.540000915527344,186300,0.0,0.0
2023-08-24 00:00:00-04:00,17.549999237060547,17.75,17.280000686645508,17.559999465942383,196700,0.0,0.0
2023-08-25 00:00:00-04:00,17.600000381469727,17.770000457763672,17.479999542236328,17.639999389648438,167800,0.0,0.0
2023-08-28 00:00:00-04:00,17.65999984741211,17.899999618530273,17.65999984741211,17.729999542236328,313900,0.0,0.0
2023-08-29 00:00:00-04:00,17.780000686645508,17.93000030517578,17.690000534057617,17.729999542236328,197300,0.0,0.0
2023-08-30 00:00:00-04:00,17.690000534057617,17.850000381469727,17.68000030517578,17.700000762939453,216200,0.0,0.0
2023-08-31 00:00:00-04:00,17.780000686645508,17.8799991607666,17.670000076293945,17.68000030517578,218000,0.0,0.0
2023-09-01 00:00:00-04:00,17.780000686645508,18.15999984741211,17.780000686645508,18.079999923706055,229300,0.0,0.0
2023-09-05 00:00:00-04:00,17.899999618530273,17.90999984741211,17.459999084472656,17.610000610351562,289400,0.0,0.0
2023-09-06 00:00:00-04:00,17.68000030517578,17.809999465942383,17.469999313354492,17.510000228881836,190800,0.0,0.0
2023-09-07 00:00:00-04:00,17.59000015258789,17.709999084472656,17.389999389648438,17.510000228881836,284000,0.0,0.0
2023-09-08 00:00:00-04:00,17.579999923706055,17.770000457763672,17.43000030517578,17.709999084472656,218300,0.0,0.0
2023-09-11 00:00:00-04:00,17.709999084472656,18.020000457763672,17.709999084472656,17.860000610351562,248800,0.0,0.0
2023-09-12 00:00:00-04:00,17.790000915527344,18.399999618530273,17.790000915527344,18.389999389648438,362200,0.0,0.0
2023-09-13 00:00:00-04:00,18.40999984741211,18.540000915527344,18.299999237060547,18.420000076293945,363400,0.0,0.0
2023-09-14 00:00:00-04:00,18.56999969482422,18.920000076293945,18.40999984741211,18.75,278300,0.0,0.0
2023-09-15 00:00:00-04:00,18.610000610351562,18.690000534057617,18.15999984741211,18.469999313354492,1361300,0.0,0.0
2023-09-18 00:00:00-04:00,18.600000381469727,18.950000762939453,18.420000076293945,18.56999969482422,285400,0.0,0.0
2023-09-19 00:00:00-04:00,18.6200008392334,18.780000686645508,18.530000686645508,18.559999465942383,533100,0.0,0.0
2023-09-20 00:00:00-04:00,18.68000030517578,18.860000610351562,18.56999969482422,18.610000610351562,228500,0.0,0.0
2023-09-21 00:00:00-04:00,18.59000015258789,18.920000076293945,18.360000610351562,18.75,203000,0.0,0.0
2023-09-22 00:00:00-04:00,18.719999313354492,19.209999084472656,18.510000228881836,19.0,222100,0.0,0.0
2023-09-25 00:00:00-04:00,18.889999389648438,19.25,18.860000610351562,19.0,181900,0.0,0.0
2023-09-26 00:00:00-04:00,18.950000762939453,19.170000076293945,18.549999237060547,18.56999969482422,268000,0.0,0.0
2023-09-27 00:00:00-04:00,18.65999984741211,19.0,18.610000610351562,18.760000228881836,303200,0.0,0.0
2023-09-28 00:00:00-04:00,18.790000915527344,19.049999237060547,18.739999771118164,18.850000381469727,328400,0.0,0.0
2023-09-29 00:00:00-04:00,18.780000686645508,18.969999313354492,18.559999465942383,18.889999389648438,324200,0.0,0.0
2023-10-02 00:00:00-04:00,18.790000915527344,18.799999237060547,18.059999465942383,18.270000457763672,299200,0.0,0.0
2023-10-03 00:00:00-04:00,18.34000015258789,18.34000015258789,18.040000915527344,18.040000915527344,172800,0.0,0.0
2023-10-04 00:00:00-04:00,18.030000686645508,18.170000076293945,17.950000762939453,18.06999969482422,218500,0.0,0.0
2023-10-05 00:00:00-04:00,18.079999923706055,18.229999542236328,18.010000228881836,18.1200008392334,228900,0.0,0.0
2023-10-06 00:00:00-04:00,17.940000534057617,18.149999618530273,17.850000381469727,17.950000762939453,173400,0.0,0.0
2023-10-09 00:00:00-04:00,17.899999618530273,17.899999618530273,17.729999542236328,17.739999771118164,119800,0.0,0.0
2023-10-10 00:00:00-04:00,17.700000762939453,17.81999969482422,17.440000534057617,17.489999771118164,188800,0.0,0.0
2023-10-11 00:00:00-04:00,17.420000076293945,17.6299991607666,17.299999237060547,17.520000457763672,150400,0.0,0.0
2023-10-12 00:00:00-04:00,17.530000686645508,17.579999923706055,17.270000457763672,17.540000915527344,361900,0.0,0.0
2023-10-13 00:00:00-04:00,17.670000076293945,17.899999618530273,17.65999984741211,17.8799991607666,172300,0.0,0.0
2023-10-16 00:00:00-04:00,18.0,18.40999984741211,18.0,18.3799991607666,147400,0.0,0.0
2023-10-17 00:00:00-04:00,18.479999542236328,18.979999542236328,18.479999542236328,18.709999084472656,214000,0.0,0.0
2023-10-18 00:00:00-04:00,18.6299991607666,18.649999618530273,18.459999084472656,18.530000686645508,109600,0.0,0.0
2023-10-19 00:00:00-04:00,18.440000534057617,18.6200008392334,18.15999984741211,18.170000076293945,421700,0.0,0.0
2023-10-20 00:00:00-04:00,18.270000457763672,18.299999237060547,17.920000076293945,17.940000534057617,200500,0.0,0.0
2023-10-23 00:00:00-04:00,17.809999465942383,18.030000686645508,17.719999313354492,17.75,123900,0.0,0.0
2023-10-24 00:00:00-04:00,17.889999389648438,18.020000457763672,17.799999237060547,17.889999389648438,155000,0.0,0.0
2023-10-25 00:00:00-04:00,17.920000076293945,18.149999618530273,17.809999465942383,17.899999618530273,223200,0.0,0.0
2023-10-26 00:00:00-04:00,17.950000762939453,18.1200008392334,17.530000686645508,17.540000915527344,483500,0.0,0.0
2023-10-27 00:00:00-04:00,17.469999313354492,17.700000762939453,16.8799991607666,17.06999969482422,197000,0.0,0.0
2023-10-30 00:00:00-04:00,17.15999984741211,17.290000915527344,17.0,17.030000686645508,261900,0.0,0.0
2023-10-31 00:00:00-04:00,17.06999969482422,17.15999984741211,16.829999923706055,17.0,276200,0.0,0.0
2023-11-01 00:00:00-04:00,16.989999771118164,17.34000015258789,16.989999771118164,17.280000686645508,277400,0.0,0.0
2023-11-02 00:00:00-04:00,17.389999389648438,17.68000030517578,17.260000228881836,17.6200008392334,227500,0.0,0.0
2023-11-03 00:00:00-04:00,17.809999465942383,18.190000534057617,17.610000610351562,17.889999389648438,190500,0.0,0.0
2023-11-06 00:00:00-05:00,17.81999969482422,17.959999084472656,17.75,17.950000762939453,141500,0.0,0.0
2023-11-07 00:00:00-05:00,17.81999969482422,17.950000762939453,17.639999389648438,17.850000381469727,128800,0.0,0.0
2023-11-08 00:00:00-05:00,17.790000915527344,17.850000381469727,17.43000030517578,17.670000076293945,308500,0.0,0.0
2023-11-09 00:00:00-05:00,15.640000343322754,15.84000015258789,13.149999618530273,13.90999984741211,586100,0.0,0.0
2023-11-10 00:00:00-05:00,13.850000381469727,13.890000343322754,12.699999809265137,13.029999732971191,476300,0.0,0.0
2023-11-13 00:00:00-05:00,12.899999618530273,13.100000381469727,12.699999809265137,12.920000076293945,442300,0.0,0.0
2023-11-14 00:00:00-05:00,13.149999618530273,13.829999923706055,13.149999618530273,13.699999809265137,376400,0.0,0.0
2023-11-15 00:00:00-05:00,13.649999618530273,13.75,13.319999694824219,13.34000015258789,333000,0.0,0.0
2023-11-16 00:00:00-05:00,13.350000381469727,13.420000076293945,13.069999694824219,13.119999885559082,223700,0.0,0.0
2023-11-17 00:00:00-05:00,13.15999984741211,13.460000038146973,13.130000114440918,13.239999771118164,335800,0.0,0.0
2023-11-20 00:00:00-05:00,12.970000267028809,13.210000038146973,12.760000228881836,12.760000228881836,293900,0.0,0.0
2023-11-21 00:00:00-05:00,12.760000228881836,12.899999618530273,12.649999618530273,12.770000457763672,186700,0.0,0.0
2023-11-22 00:00:00-05:00,12.829999923706055,13.010000228881836,12.720000267028809,12.779999732971191,174300,0.0,0.0
2023-11-24 00:00:00-05:00,12.800000190734863,13.010000228881836,12.770000457763672,12.880000114440918,92300,0.0,0.0
2023-11-27 00:00:00-05:00,12.880000114440918,12.880000114440918,12.609999656677246,12.800000190734863,257800,0.0,0.0
2023-11-28 00:00:00-05:00,12.739999771118164,12.859999656677246,12.569999694824219,12.800000190734863,222900,0.0,0.0
2023-11-29 00:00:00-05:00,12.789999961853027,12.899999618530273,12.609999656677246,12.619999885559082,284800,0.0,0.0
2023-11-30 00:00:00-05:00,12.600000381469727,12.720000267028809,12.319999694824219,12.369999885559082,326300,0.0,0.0
2023-12-01 00:00:00-05:00,12.390000343322754,12.920000076293945,12.34000015258789,12.8100004196167,332500,0.0,0.0
2023-12-04 00:00:00-05:00,12.680000305175781,13.239999771118164,12.59000015258789,13.140000343322754,228800,0.0,0.0
2023-12-05 00:00:00-05:00,13.109999656677246,13.210000038146973,12.819999694824219,12.859999656677246,244500,0.0,0.0
2023-12-06 00:00:00-05:00,12.9399995803833,13.050000190734863,12.600000381469727,12.609999656677246,219300,0.0,0.0
2023-12-07 00:00:00-05:00,12.59000015258789,12.59000015258789,12.300000190734863,12.569999694824219,409500,0.0,0.0
2023-12-08 00:00:00-05:00,12.59000015258789,12.90999984741211,12.470000267028809,12.90999984741211,337300,0.0,0.0
2023-12-11 00:00:00-05:00,12.920000076293945,13.130000114440918,12.859999656677246,13.0600004196167,261200,0.0,0.0
2023-12-12 00:00:00-05:00,13.09000015258789,13.59000015258789,12.970000267028809,13.380000114440918,350200,0.0,0.0
2023-12-13 00:00:00-05:00,13.390000343322754,13.739999771118164,13.199999809265137,13.65999984741211,393000,0.0,0.0
2023-12-14 00:00:00-05:00,13.75,13.880000114440918,13.529999732971191,13.8100004196167,508300,0.0,0.0
2023-12-15 00:00:00-05:00,13.890000343322754,13.890000343322754,13.550000190734863,13.75,1107500,0.0,0.0
2023-12-18 00:00:00-05:00,13.789999961853027,13.859999656677246,13.59000015258789,13.770000457763672,366100,0.0,0.0
2023-12-19 00:00:00-05:00,13.779999732971191,14.119999885559082,13.649999618530273,14.010000228881836,309500,0.0,0.0
2023-12-20 00:00:00-05:00,13.970000267028809,14.300000190734863,13.600000381469727,13.65999984741211,341900,0.0,0.0
2023-12-21 00:00:00-05:00,13.680000305175781,13.789999961853027,13.5,13.720000267028809,190100,0.0,0.0
2023-12-22 00:00:00-05:00,13.800000190734863,14.1899995803833,13.770000457763672,14.180000305175781,331900,0.0,0.0
2023-12-26 00:00:00-05:00,14.270000457763672,14.40999984741211,14.130000114440918,14.319999694824219,246500,0.0,0.0
2023-12-27 00:00:00-05:00,14.300000190734863,14.34000015258789,14.140000343322754,14.199999809265137,191700,0.0,0.0
2023-12-28 00:00:00-05:00,14.149999618530273,14.289999961853027,13.970000267028809,14.010000228881836,156600,0.0,0.0
2023-12-29 00:00:00-05:00,13.960000038146973,13.979999542236328,13.75,13.789999961853027,169500,0.0,0.0
2024-01-02 00:00:00-05:00,13.789999961853027,14.069999694824219,13.789999961853027,13.800000190734863,236200,0.0,0.0
2024-01-03 00:00:00-05:00,13.470000267028809,13.770000457763672,13.260000228881836,13.399999618530273,277900,0.0,0.0
2024-01-04 00:00:00-05:00,13.539999961853027,13.619999885559082,13.239999771118164,13.279999732971191,203600,0.0,0.0
2024-01-05 00:00:00-05:00,13.140000343322754,13.4399995803833,13.09000015258789,13.109999656677246,203400,0.0,0.0
2024-01-08 00:00:00-05:00,13.09000015258789,13.239999771118164,13.010000228881836,13.140000343322754,188800,0.0,0.0
2024-01-09 00:00:00-05:00,12.930000305175781,12.930000305175781,12.359999656677246,12.479999542236328,258800,0.0,0.0
2024-01-10 00:00:00-05:00,12.390000343322754,12.65999984741211,12.260000228881836,12.3100004196167,190800,0.0,0.0
2024-01-11 00:00:00-05:00,12.220000267028809,12.289999961853027,12.039999961853027,12.270000457763672,237200,0.0,0.0
2024-01-12 00:00:00-05:00,12.359999656677246,12.470000267028809,12.1899995803833,12.3100004196167,199800,0.0,0.0
2024-01-16 00:00:00-05:00,12.210000038146973,12.369999885559082,12.130000114440918,12.210000038146973,268400,0.0,0.0
2024-01-17 00:00:00-05:00,12.050000190734863,12.449999809265137,12.050000190734863,12.359999656677246,262300,0.0,0.0
2024-01-18 00:00:00-05:00,12.319999694824219,12.390000343322754,12.119999885559082,12.34000015258789,216800,0.0,0.0
2024-01-19 00:00:00-05:00,12.4399995803833,13.140000343322754,12.4399995803833,13.109999656677246,310000,0.0,0.0
2024-01-22 00:00:00-05:00,13.25,13.930000305175781,13.199999809265137,13.859999656677246,417900,0.0,0.0
2024-01-23 00:00:00-05:00,14.010000228881836,14.109999656677246,13.770000457763672,13.789999961853027,257700,0.0,0.0
2024-01-24 00:00:00-05:00,13.949999809265137,13.970000267028809,13.779999732971191,13.869999885559082,214400,0.0,0.0
2024-01-25 00:00:00-05:00,14.069999694824219,14.229999542236328,13.739999771118164,13.930000305175781,196900,0.0,0.0
2024-01-26 00:00:00-05:00,14.069999694824219,14.069999694824219,13.5600004196167,13.600000381469727,218600,0.0,0.0
2024-01-29 00:00:00-05:00,13.649999618530273,14.0,13.4399995803833,13.989999771118164,205000,0.0,0.0
2024-01-30 00:00:00-05:00,13.859999656677246,13.930000305175781,13.630000114440918,13.75,149800,0.0,0.0
2024-01-31 00:00:00-05:00,13.75,13.850000381469727,13.359999656677246,13.460000038146973,345900,0.0,0.0
2024-02-01 00:00:00-05:00,13.489999771118164,13.489999771118164,12.979999542236328,13.289999961853027,265600,0.0,0.0
2024-02-02 00:00:00-05:00,13.109999656677246,13.390000343322754,13.069999694824219,13.319999694824219,235500,0.0,0.0
2024-02-05 00:00:00-05:00,13.130000114440918,13.260000228881836,12.829999923706055,13.069999694824219,220100,0.0,0.0
2024-02-06 00:00:00-05:00,13.020000457763672,13.279999732971191,12.970000267028809,13.010000228881836,197200,0.0,0.0
2024-02-07 00:00:00-05:00,13.050000190734863,13.050000190734863,12.619999885559082,12.779999732971191,287100,0.0,0.0
2024-02-08 00:00:00-05:00,12.729999542236328,13.069999694824219,12.680000305175781,12.90999984741211,195000,0.0,0.0
2024-02-09 00:00:00-05:00,12.850000381469727,13.15999984741211,12.850000381469727,13.079999923706055,223600,0.0,0.0
2024-02-12 00:00:00-05:00,13.0,13.6899995803833,13.0,13.609999656677246,316200,0.0,0.0
2024-02-13 00:00:00-05:00,12.899999618530273,13.270000457763672,12.779999732971191,12.9399995803833,345300,0.0,0.0
2024-02-14 00:00:00-05:00,13.149999618530273,13.199999809265137,12.899999618530273,13.100000381469727,344800,0.0,0.0
2024-02-15 00:00:00-05:00,13.25,13.6899995803833,13.180000305175781,13.550000190734863,271800,0.0,0.0
2024-02-16 00:00:00-05:00,13.460000038146973,13.5600004196167,13.300000190734863,13.479999542236328,211600,0.0,0.0
2024-02-20 00:00:00-05:00,13.279999732971191,13.5600004196167,13.25,13.369999885559082,253800,0.0,0.0
2024-02-21 00:00:00-05:00,13.380000114440918,13.399999618530273,13.119999885559082,13.170000076293945,255500,0.0,0.0
2024-02-22 00:00:00-05:00,13.100000381469727,13.15999984741211,12.920000076293945,13.130000114440918,273700,0.0,0.0
2024-02-23 00:00:00-05:00,13.069999694824219,13.40999984741211,12.979999542236328,13.369999885559082,188800,0.0,0.0
2024-02-26 00:00:00-05:00,13.270000457763672,13.329999923706055,12.84000015258789,12.970000267028809,268200,0.0,0.0
2024-02-27 00:00:00-05:00,13.050000190734863,13.100000381469727,12.850000381469727,13.050000190734863,271600,0.0,0.0
2024-02-28 00:00:00-05:00,12.930000305175781,13.25,12.109999656677246,12.359999656677246,383600,0.0,0.0
2024-02-29 00:00:00-05:00,12.600000381469727,12.729999542236328,12.180000305175781,12.329999923706055,521200,0.0,0.0
2024-03-01 00:00:00-05:00,12.390000343322754,13.199999809265137,12.380000114440918,13.0,383400,0.0,0.0
2024-03-04 00:00:00-05:00,12.920000076293945,12.960000038146973,12.430000305175781,12.59000015258789,273300,0.0,0.0
2024-03-05 00:00:00-05:00,12.470000267028809,12.5600004196167,12.220000267028809,12.329999923706055,200500,0.0,0.0
2024-03-06 00:00:00-05:00,12.390000343322754,12.649999618530273,12.239999771118164,12.619999885559082,175500,0.0,0.0
2024-03-07 00:00:00-05:00,12.729999542236328,12.880000114440918,12.640000343322754,12.829999923706055,165000,0.0,0.0
2024-03-08 00:00:00-05:00,12.899999618530273,12.930000305175781,12.529999732971191,12.539999961853027,159600,0.0,0.0
2024-03-11 00:00:00-04:00,12.520000457763672,12.630000114440918,12.199999809265137,12.270000457763672,204300,0.0,0.0
2024-03-12 00:00:00-04:00,12.1899995803833,12.239999771118164,11.890000343322754,11.90999984741211,245100,0.0,0.0
2024-03-13 00:00:00-04:00,11.890000343322754,12.130000114440918,11.84000015258789,12.109999656677246,302500,0.0,0.0
2024-03-14 00:00:00-04:00,12.050000190734863,12.069999694824219,11.890000343322754,11.989999771118164,248700,0.0,0.0
2024-03-15 00:00:00-04:00,11.890000343322754,12.109999656677246,11.760000228881836,11.979999542236328,866300,0.0,0.0
2024-03-18 00:00:00-04:00,11.979999542236328,12.069999694824219,11.789999961853027,11.859999656677246,218500,0.0,0.0
2024-03-19 00:00:00-04:00,11.869999885559082,12.0,11.850000381469727,11.960000038146973,258700,0.0,0.0
2024-03-20 00:00:00-04:00,11.949999809265137,12.5600004196167,11.9399995803833,12.430000305175781,684800,0.0,0.0
2024-03-21 00:00:00-04:00,12.539999961853027,12.630000114440918,12.319999694824219,12.399999618530273,420600,0.0,0.0
2024-03-22 00:00:00-04:00,12.520000457763672,12.520000457763672,12.229999542236328,12.25,446900,0.0,0.0
2024-03-25 00:00:00-04:00,12.329999923706055,12.380000114440918,12.119999885559082,12.180000305175781,369500,0.0,0.0
2024-03-26 00:00:00-04:00,12.34000015258789,12.34000015258789,12.100000381469727,12.109999656677246,190700,0.0,0.0
2024-03-27 00:00:00-04:00,12.210000038146973,12.779999732971191,12.1899995803833,12.739999771118164,321400,0.0,0.0
2024-03-28 00:00:00-04:00,12.8100004196167,12.960000038146973,12.6899995803833,12.859999656677246,257000,0.0,0.0
2024-04-01 00:00:00-04:00,12.90999984741211,12.90999984741211,12.630000114440918,12.760000228881836,179800,0.0,0.0
2024-04-02 00:00:00-04:00,12.670000076293945,12.720000267028809,12.350000381469727,12.460000038146973,297400,0.0,0.0
2024-04-03 00:00:00-04:00,12.420000076293945,12.569999694824219,12.359999656677246,12.5600004196167,208200,0.0,0.0
2024-04-04 00:00:00-04:00,12.619999885559082,12.649999618530273,12.319999694824219,12.319999694824219,258100,0.0,0.0
2024-04-05 00:00:00-04:00,12.34000015258789,12.529999732971191,12.289999961853027,12.399999618530273,167100,0.0,0.0
2024-04-08 00:00:00-04:00,12.539999961853027,13.09000015258789,12.470000267028809,12.989999771118164,302300,0.0,0.0
2024-04-09 00:00:00-04:00,13.109999656677246,13.550000190734863,13.0,13.489999771118164,370300,0.0,0.0
2024-04-10 00:00:00-04:00,13.130000114440918,13.539999961853027,13.029999732971191,13.470000267028809,364600,0.0,0.0
2024-04-11 00:00:00-04:00,13.550000190734863,13.949999809265137,13.300000190734863,13.9399995803833,312300,0.0,0.0
2024-04-12 00:00:00-04:00,13.850000381469727,13.989999771118164,13.09000015258789,13.260000228881836,341900,0.0,0.0
2024-04-15 00:00:00-04:00,13.350000381469727,13.399999618530273,12.899999618530273,13.010000228881836,198000,0.0,0.0
2024-04-16 00:00:00-04:00,12.869999885559082,12.899999618530273,12.739999771118164,12.819999694824219,216500,0.0,0.0
2024-04-17 00:00:00-04:00,12.880000114440918,12.949999809265137,12.800000190734863,12.869999885559082,237400,0.0,0.0
2024-04-18 00:00:00-04:00,12.960000038146973,13.210000038146973,12.869999885559082,13.079999923706055,215100,0.0,0.0
2024-04-19 00:00:00-04:00,12.989999771118164,13.449999809265137,12.890000343322754,13.390000343322754,349700,0.0,0.0
2024-04-22 00:00:00-04:00,13.529999732971191,13.869999885559082,13.319999694824219,13.6899995803833,383300,0.0,0.0
2024-04-23 00:00:00-04:00,13.65999984741211,13.920000076293945,13.649999618530273,13.739999771118164,237100,0.0,0.0
2024-04-24 00:00:00-04:00,13.630000114440918,14.0,13.630000114440918,13.970000267028809,238800,0.0,0.0
2024-04-25 00:00:00-04:00,13.84000015258789,13.84000015258789,13.470000267028809,13.649999618530273,429800,0.0,0.0
2024-04-26 00:00:00-04:00,13.619999885559082,13.6899995803833,13.149999618530273,13.170000076293945,300100,0.0,0.0
2024-04-29 00:00:00-04:00,13.270000457763672,13.399999618530273,13.149999618530273,13.390000343322754,204100,0.0,0.0
2024-04-30 00:00:00-04:00,13.260000228881836,13.390000343322754,13.130000114440918,13.359999656677246,187800,0.0,0.0
2024-05-01 00:00:00-04:00,13.390000343322754,13.649999618530273,13.350000381469727,13.380000114440918,231200,0.0,0.0
2024-05-02 00:00:00-04:00,13.510000228881836,13.970000267028809,13.420000076293945,13.920000076293945,230700,0.0,0.0
2024-05-03 00:00:00-04:00,14.109999656677246,14.149999618530273,13.640000343322754,13.829999923706055,190600,0.0,0.0
2024-05-06 00:00:00-04:00,13.979999542236328,14.109999656677246,13.800000190734863,13.819999694824219,196900,0.0,0.0
2024-05-07 00:00:00-04:00,14.899999618530273,15.899999618530273,14.4399995803833,15.15999984741211,495200,0.0,0.0
2024-05-08 00:00:00-04:00,15.119999885559082,15.170000076293945,14.710000038146973,14.720000267028809,294700,0.0,0.0
2024-05-09 00:00:00-04:00,14.729999542236328,14.850000381469727,14.5,14.699999809265137,276600,0.0,0.0
2024-05-10 00:00:00-04:00,14.779999732971191,14.819999694824219,14.449999809265137,14.779999732971191,228800,0.0,0.0
2024-05-13 00:00:00-04:00,14.920000076293945,14.920000076293945,14.489999771118164,14.5,161900,0.0,0.0
2024-05-14 00:00:00-04:00,14.699999809265137,14.75,14.5,14.630000114440918,157300,0.0,0.0
2024-05-15 00:00:00-04:00,14.770000457763672,14.829999923706055,14.649999618530273,14.770000457763672,172100,0.0,0.0
2024-05-16 00:00:00-04:00,14.739999771118164,14.949999809265137,14.619999885559082,14.630000114440918,184200,0.0,0.0
2024-05-17 00:00:00-04:00,14.640000343322754,14.9399995803833,14.640000343322754,14.829999923706055,223300,0.0,0.0
2024-05-20 00:00:00-04:00,14.760000228881836,14.779999732971191,14.380000114440918,14.390000343322754,197700,0.0,0.0
2024-05-21 00:00:00-04:00,14.329999923706055,14.649999618530273,14.270000457763672,14.529999732971191,180900,0.0,0.0
2024-05-22 00:00:00-04:00,14.449999809265137,14.670000076293945,14.390000343322754,14.649999618530273,232500,0.0,0.0
2024-05-23 00:00:00-04:00,14.619999885559082,14.619999885559082,14.390000343322754,14.569999694824219,277400,0.0,0.0
2024-05-24 00:00:00-04:00,14.630000114440918,14.720000267028809,14.5600004196167,14.670000076293945,191400,0.0,0.0
2024-05-28 00:00:00-04:00,14.739999771118164,14.779999732971191,14.609999656677246,14.710000038146973,223800,0.0,0.0
2024-05-29 00:00:00-04:00,14.470000267028809,14.550000190734863,14.260000228881836,14.359999656677246,233800,0.0,0.0
2024-05-30 00:00:00-04:00,14.460000038146973,14.630000114440918,14.350000381469727,14.539999961853027,222800,0.0,0.0
2024-05-31 00:00:00-04:00,14.630000114440918,14.670000076293945,14.319999694824219,14.369999885559082,517100,0.0,0.0
2024-06-03 00:00:00-04:00,14.449999809265137,14.449999809265137,14.149999618530273,14.260000228881836,372700,0.0,0.0
2024-06-04 00:00:00-04:00,14.1899995803833,14.279999732971191,13.930000305175781,13.960000038146973,194000,0.0,0.0
2024-06-05 00:00:00-04:00,14.020000457763672,14.039999961853027,13.729999542236328,13.920000076293945,170100,0.0,0.0
2024-06-06 00:00:00-04:00,13.920000076293945,14.0,13.729999542236328,13.75,171400,0.0,0.0
2024-06-07 00:00:00-04:00,13.649999618530273,13.729999542236328,13.510000228881836,13.630000114440918,159900,0.0,0.0
2024-06-10 00:00:00-04:00,13.449999809265137,13.520000457763672,13.350000381469727,13.430000305175781,146300,0.0,0.0
2024-06-11 00:00:00-04:00,13.3100004196167,13.3100004196167,12.739999771118164,12.930000305175781,353500,0.0,0.0
2024-06-12 00:00:00-04:00,13.199999809265137,13.289999961853027,12.899999618530273,12.920000076293945,202900,0.0,0.0
2024-06-13 00:00:00-04:00,12.869999885559082,12.869999885559082,12.489999771118164,12.569999694824219,311000,0.0,0.0
2024-06-14 00:00:00-04:00,12.420000076293945,12.5,12.170000076293945,12.479999542236328,250100,0.0,0.0
2024-06-17 00:00:00-04:00,12.380000114440918,12.609999656677246,12.300000190734863,12.539999961853027,460000,0.0,0.0
2024-06-18 00:00:00-04:00,12.569999694824219,12.739999771118164,12.449999809265137,12.609999656677246,411700,0.0,0.0
2024-06-20 00:00:00-04:00,12.5600004196167,12.859999656677246,12.539999961853027,12.8100004196167,263100,0.0,0.0
2024-06-21 00:00:00-04:00,12.329999923706055,12.760000228881836,12.329999923706055,12.529999732971191,998300,0.0,0.0
2024-06-24 00:00:00-04:00,12.640000343322754,12.770000457763672,12.569999694824219,12.729999542236328,266600,0.0,0.0
2024-06-25 00:00:00-04:00,12.670000076293945,12.720000267028809,12.4399995803833,12.520000457763672,203300,0.0,0.0
2024-06-26 00:00:00-04:00,12.40999984741211,12.460000038146973,12.199999809265137,12.40999984741211,266200,0.0,0.0
2024-06-27 00:00:00-04:00,12.449999809265137,12.5600004196167,12.289999961853027,12.470000267028809,185300,0.0,0.0
2024-06-28 00:00:00-04:00,12.600000381469727,12.649999618530273,12.039999961853027,12.220000267028809,778200,0.0,0.0
2024-07-01 00:00:00-04:00,12.279999732971191,12.40999984741211,12.149999618530273,12.199999809265137,311700,0.0,0.0
2024-07-02 00:00:00-04:00,12.140000343322754,12.279999732971191,12.079999923706055,12.170000076293945,169400,0.0,0.0
2024-07-03 00:00:00-04:00,12.239999771118164,12.239999771118164,12.050000190734863,12.109999656677246,89300,0.0,0.0
2024-07-05 00:00:00-04:00,12.039999961853027,12.039999961853027,11.40999984741211,11.4399995803833,280100,0.0,0.0
2024-07-08 00:00:00-04:00,11.5600004196167,11.779999732971191,11.3100004196167,11.319999694824219,209900,0.0,0.0
2024-07-09 00:00:00-04:00,11.25,11.25,10.880000114440918,10.890000343322754,226800,0.0,0.0
2024-07-10 00:00:00-04:00,10.979999542236328,11.130000114440918,10.760000228881836,11.100000381469727,296600,0.0,0.0
2024-07-11 00:00:00-04:00,11.300000190734863,11.640000343322754,11.300000190734863,11.510000228881836,463300,0.0,0.0
2024-07-12 00:00:00-04:00,11.680000305175781,11.890000343322754,11.34000015258789,11.350000381469727,402600,0.0,0.0
2024-07-15 00:00:00-04:00,11.489999771118164,11.770000457763672,11.420000076293945,11.710000038146973,462600,0.0,0.0
2024-07-16 00:00:00-04:00,11.880000114440918,11.9399995803833,11.729999542236328,11.859999656677246,361500,0.0,0.0
2024-07-17 00:00:00-04:00,11.609999656677246,12.149999618530273,11.609999656677246,11.930000305175781,417200,0.0,0.0
2024-07-18 00:00:00-04:00,11.800000190734863,12.029999732971191,11.470000267028809,11.579999923706055,287300,0.0,0.0
2024-07-19 00:00:00-04:00,11.579999923706055,11.619999885559082,11.239999771118164,11.25,294900,0.0,0.0
2024-07-22 00:00:00-04:00,11.25,11.399999618530273,11.170000076293945,11.369999885559082,336700,0.0,0.0
2024-07-23 00:00:00-04:00,11.359999656677246,11.5600004196167,11.289999961853027,11.430000305175781,432400,0.0,0.0
2024-07-24 00:00:00-04:00,11.390000343322754,11.539999961853027,11.25,11.300000190734863,229300,0.0,0.0
2024-07-25 00:00:00-04:00,11.3100004196167,11.720000267028809,11.279999732971191,11.569999694824219,454500,0.0,0.0
2024-07-26 00:00:00-04:00,11.770000457763672,11.899999618530273,11.680000305175781,11.760000228881836,315700,0.0,0.0
2024-07-29 00:00:00-04:00,11.800000190734863,11.930000305175781,11.640000343322754,11.6899995803833,244600,0.0,0.0
2024-07-30 00:00:00-04:00,11.720000267028809,13.220000267028809,11.699999809265137,13.15999984741211,816300,0.0,0.0
2024-07-31 00:00:00-04:00,13.15999984741211,13.649999618530273,13.09000015258789,13.100000381469727,491200,0.0,0.0
2024-08-01 00:00:00-04:00,13.069999694824219,13.079999923706055,12.350000381469727,12.619999885559082,348200,0.0,0.0
2024-08-02 00:00:00-04:00,12.229999542236328,12.350000381469727,12.0,12.170000076293945,272500,0.0,0.0
2024-08-05 00:00:00-04:00,11.609999656677246,11.859999656677246,11.430000305175781,11.829999923706055,454100,0.0,0.0
2024-08-06 00:00:00-04:00,11.739999771118164,11.819999694824219,11.449999809265137,11.5600004196167,318500,0.0,0.0
2024-08-07 00:00:00-04:00,11.65999984741211,11.710000038146973,11.270000457763672,11.359999656677246,214000,0.0,0.0
2024-08-08 00:00:00-04:00,11.59000015258789,11.630000114440918,11.40999984741211,11.539999961853027,319700,0.0,0.0
2024-08-09 00:00:00-04:00,12.789999961853027,13.4399995803833,12.050000190734863,13.420000076293945,590100,0.0,0.0
2024-08-12 00:00:00-04:00,13.479999542236328,13.479999542236328,12.579999923706055,12.6899995803833,491100,0.0,0.0
2024-08-13 00:00:00-04:00,12.869999885559082,13.300000190734863,12.760000228881836,13.119999885559082,343300,0.0,0.0
2024-08-14 00:00:00-04:00,13.180000305175781,13.3100004196167,12.890000343322754,13.300000190734863,411600,0.0,0.0
2024-08-15 00:00:00-04:00,13.5,13.729999542236328,13.279999732971191,13.529999732971191,280700,0.0,0.0
2024-08-16 00:00:00-04:00,13.460000038146973,13.729999542236328,13.359999656677246,13.670000076293945,231300,0.0,0.0
2024-08-19 00:00:00-04:00,13.75,13.75,13.550000190734863,13.680000305175781,212900,0.0,0.0
2024-08-20 00:00:00-04:00,13.59000015258789,13.600000381469727,13.390000343322754,13.460000038146973,149900,0.0,0.0
2024-08-21 00:00:00-04:00,13.539999961853027,13.550000190734863,13.34000015258789,13.510000228881836,123200,0.0,0.0
2024-08-22 00:00:00-04:00,13.4399995803833,13.630000114440918,13.3100004196167,13.569999694824219,162600,0.0,0.0
2024-08-23 00:00:00-04:00,13.720000267028809,14.050000190734863,13.649999618530273,13.90999984741211,270100,0.0,0.0
2024-08-26 00:00:00-04:00,14.130000114440918,14.130000114440918,13.720000267028809,13.75,216200,0.0,0.0
2024-08-27 00:00:00-04:00,13.65999984741211,13.729999542236328,13.279999732971191,13.300000190734863,209400,0.0,0.0
2024-08-28 00:00:00-04:00,13.170000076293945,13.5600004196167,13.119999885559082,13.520000457763672,264400,0.0,0.0
2024-08-29 00:00:00-04:00,13.6899995803833,13.710000038146973,13.420000076293945,13.4399995803833,210400,0.0,0.0
2024-08-30 00:00:00-04:00,13.470000267028809,13.510000228881836,13.199999809265137,13.399999618530273,227100,0.0,0.0
2024-09-03 00:00:00-04:00,13.270000457763672,13.619999885559082,13.170000076293945,13.569999694824219,340200,0.0,0.0
2024-09-04 00:00:00-04:00,13.529999732971191,13.84000015258789,13.529999732971191,13.619999885559082,257700,0.0,0.0
2024-09-05 00:00:00-04:00,13.699999809265137,13.720000267028809,13.380000114440918,13.520000457763672,186200,0.0,0.0
2024-09-06 00:00:00-04:00,13.550000190734863,13.579999923706055,12.920000076293945,13.020000457763672,234300,0.0,0.0
2024-09-09 00:00:00-04:00,13.020000457763672,13.119999885559082,12.84000015258789,13.020000457763672,181000,0.0,0.0
2024-09-10 00:00:00-04:00,12.9399995803833,13.0600004196167,12.670000076293945,12.890000343322754,186500,0.0,0.0
2024-09-11 00:00:00-04:00,12.760000228881836,12.760000228881836,12.430000305175781,12.630000114440918,178100,0.0,0.0
2024-09-12 00:00:00-04:00,12.729999542236328,13.170000076293945,12.430000305175781,12.920000076293945,203400,0.0,0.0
2024-09-13 00:00:00-04:00,13.0600004196167,13.119999885559082,12.859999656677246,13.0,143100,0.0,0.0
2024-09-16 00:00:00-04:00,13.119999885559082,13.229999542236328,13.0,13.130000114440918,167600,0.0,0.0
2024-09-17 00:00:00-04:00,13.270000457763672,13.5600004196167,13.199999809265137,13.300000190734863,204300,0.0,0.0
2024-09-18 00:00:00-04:00,13.25,13.649999618530273,13.199999809265137,13.229999542236328,181700,0.0,0.0
2024-09-19 00:00:00-04:00,13.550000190734863,13.550000190734863,13.34000015258789,13.5,231100,0.0,0.0
2024-09-20 00:00:00-04:00,13.390000343322754,13.789999961853027,13.3100004196167,13.6899995803833,1164300,0.0,0.0
2024-09-23 00:00:00-04:00,13.6899995803833,14.100000381469727,13.529999732971191,13.920000076293945,393500,0.0,0.0
2024-09-24 00:00:00-04:00,14.0,14.34000015258789,13.850000381469727,14.3100004196167,332600,0.0,0.0
2024-09-25 00:00:00-04:00,14.25,14.539999961853027,14.149999618530273,14.489999771118164,326500,0.0,0.0
2024-09-26 00:00:00-04:00,14.609999656677246,14.960000038146973,14.5,14.9399995803833,300100,0.0,0.0
2024-09-27 00:00:00-04:00,15.0600004196167,15.0600004196167,14.510000228881836,14.579999923706055,404100,0.0,0.0
2024-09-30 00:00:00-04:00,14.579999923706055,15.0600004196167,14.510000228881836,15.039999961853027,471900,0.0,0.0
2024-10-01 00:00:00-04:00,14.989999771118164,15.210000038146973,14.680000305175781,15.149999618530273,354000,0.0,0.0
2024-10-02 00:00:00-04:00,15.180000305175781,15.300000190734863,14.859999656677246,15.010000228881836,247400,0.0,0.0
2024-10-03 00:00:00-04:00,14.899999618530273,14.949999809265137,14.619999885559082,14.699999809265137,177600,0.0,0.0
2024-10-04 00:00:00-04:00,14.859999656677246,15.1899995803833,14.720000267028809,15.09000015258789,211000,0.0,0.0
2024-10-07 00:00:00-04:00,15.010000228881836,15.029999732971191,14.109999656677246,14.399999618530273,365400,0.0,0.0
2024-10-08 00:00:00-04:00,14.489999771118164,14.670000076293945,14.350000381469727,14.369999885559082,219600,0.0,0.0
2024-10-09 00:00:00-04:00,14.289999961853027,14.640000343322754,14.170000076293945,14.520000457763672,185300,0.0,0.0
2024-10-10 00:00:00-04:00,14.539999961853027,14.569999694824219,14.319999694824219,14.4399995803833,222900,0.0,0.0
2024-10-11 00:00:00-04:00,14.529999732971191,14.869999885559082,14.529999732971191,14.729999542236328,196400,0.0,0.0
2024-10-14 00:00:00-04:00,14.739999771118164,15.130000114440918,14.579999923706055,15.109999656677246,211800,0.0,0.0
2024-10-15 00:00:00-04:00,15.109999656677246,15.420000076293945,15.09000015258789,15.15999984741211,242900,0.0,0.0
2024-10-16 00:00:00-04:00,15.3100004196167,15.649999618530273,15.3100004196167,15.539999961853027,186200,0.0,0.0
2024-10-17 00:00:00-04:00,15.649999618530273,15.920000076293945,15.510000228881836,15.90999984741211,190200,0.0,0.0
2024-10-18 00:00:00-04:00,15.90999984741211,15.90999984741211,15.710000038146973,15.869999885559082,304100,0.0,0.0
2024-10-21 00:00:00-04:00,15.859999656677246,15.859999656677246,15.399999618530273,15.470000267028809,278600,0.0,0.0
2024-10-22 00:00:00-04:00,15.399999618530273,15.65999984741211,15.270000457763672,15.4399995803833,268500,0.0,0.0
2024-10-23 00:00:00-04:00,15.449999809265137,15.449999809265137,14.720000267028809,14.869999885559082,162400,0.0,0.0
2024-10-24 00:00:00-04:00,14.890000343322754,15.020000457763672,14.75,15.010000228881836,227600,0.0,0.0
2024-10-25 00:00:00-04:00,15.130000114440918,15.149999618530273,14.770000457763672,15.0,159200,0.0,0.0
2024-10-28 00:00:00-04:00,15.15999984741211,15.390000343322754,15.15999984741211,15.369999885559082,153600,0.0,0.0
2024-10-29 00:00:00-04:00,15.289999961853027,15.390000343322754,15.100000381469727,15.199999809265137,128300,0.0,0.0
2024-10-30 00:00:00-04:00,15.100000381469727,15.40999984741211,15.0,15.029999732971191,134200,0.0,0.0
2024-10-31 00:00:00-04:00,15.050000190734863,15.220000267028809,14.880000114440918,14.890000343322754,133400,0.0,0.0
2024-11-01 00:00:00-04:00,14.899999618530273,15.079999923706055,14.520000457763672,14.579999923706055,448900,0.0,0.0
2024-11-04 00:00:00-05:00,14.59000015258789,14.850000381469727,14.59000015258789,14.6899995803833,177700,0.0,0.0
2024-11-05 00:00:00-05:00,14.609999656677246,15.140000343322754,14.609999656677246,15.100000381469727,192100,0.0,0.0
2024-11-06 00:00:00-05:00,15.989999771118164,16.899999618530273,15.989999771118164,16.489999771118164,416900,0.0,0.0
2024-11-07 00:00:00-05:00,16.440000534057617,16.510000228881836,16.110000610351562,16.309999465942383,256300,0.0,0.0
2024-11-08 00:00:00-05:00,17.209999084472656,17.790000915527344,16.809999465942383,16.989999771118164,308300,0.0,0.0
2024-11-11 00:00:00-05:00,16.530000686645508,17.450000762939453,16.530000686645508,17.309999465942383,447600,0.0,0.0
2024-11-12 00:00:00-05:00,17.31999969482422,17.450000762939453,16.639999389648438,17.100000381469727,298900,0.0,0.0
2024-11-13 00:00:00-05:00,17.209999084472656,17.420000076293945,17.06999969482422,17.170000076293945,255000,0.0,0.0
2024-11-14 00:00:00-05:00,17.260000228881836,17.34000015258789,16.68000030517578,16.809999465942383,327300,0.0,0.0
2024-11-15 00:00:00-05:00,16.93000030517578,17.15999984741211,16.809999465942383,16.8799991607666,206500,0.0,0.0
2024-11-18 00:00:00-05:00,16.6200008392334,16.940000534057617,13.0,16.670000076293945,238300,0.0,0.0
2024-11-19 00:00:00-05:00,16.530000686645508,16.549999237060547,16.170000076293945,16.239999771118164,135700,0.0,0.0
2024-11-20 00:00:00-05:00,16.229999542236328,16.280000686645508,15.989999771118164,16.239999771118164,155400,0.0,0.0
2024-11-21 00:00:00-05:00,16.43000030517578,16.790000915527344,16.299999237060547,16.549999237060547,284700,0.0,0.0
2024-11-22 00:00:00-05:00,16.65999984741211,16.950000762939453,16.56999969482422,16.639999389648438,163700,0.0,0.0
2024-11-25 00:00:00-05:00,16.729999542236328,17.06999969482422,16.610000610351562,16.75,443200,0.0,0.0
2024-11-26 00:00:00-05:00,16.690000534057617,16.719999313354492,16.420000076293945,16.5,208300,0.0,0.0
2024-11-27 00:00:00-05:00,16.610000610351562,16.93000030517578,16.579999923706055,16.729999542236328,200500,0.0,0.0
2024-11-29 00:00:00-05:00,16.959999084472656,16.959999084472656,16.690000534057617,16.719999313354492,131000,0.0,0.0
2024-12-02 00:00:00-05:00,16.850000381469727,16.850000381469727,16.459999084472656,16.700000762939453,308900,0.0,0.0
2024-12-03 00:00:00-05:00,16.780000686645508,16.8700008392334,16.43000030517578,16.520000457763672,171600,0.0,0.0
2024-12-04 00:00:00-05:00,16.559999465942383,16.850000381469727,16.469999313354492,16.75,282400,0.0,0.0
2024-12-05 00:00:00-05:00,16.700000762939453,17.239999771118164,16.670000076293945,17.229999542236328,209900,0.0,0.0
2024-12-06 00:00:00-05:00,17.229999542236328,17.229999542236328,16.700000762939453,16.899999618530273,153600,0.0,0.0
2024-12-09 00:00:00-05:00,17.079999923706055,17.200000762939453,16.790000915527344,16.84000015258789,766900,0.0,0.0
2024-12-10 00:00:00-05:00,16.8799991607666,16.899999618530273,16.440000534057617,16.68000030517578,243500,0.0,0.0
2024-12-11 00:00:00-05:00,16.670000076293945,16.850000381469727,16.520000457763672,16.760000228881836,133500,0.0,0.0
2024-12-12 00:00:00-05:00,16.760000228881836,16.8799991607666,16.649999618530273,16.739999771118164,113900,0.0,0.0
2024-12-13 00:00:00-05:00,16.729999542236328,16.950000762939453,16.459999084472656,16.649999618530273,240000,0.0,0.0
2024-12-16 00:00:00-05:00,16.670000076293945,16.799999237060547,16.5,16.760000228881836,197200,0.0,0.0
2024-12-17 00:00:00-05:00,16.6200008392334,16.649999618530273,16.389999389648438,16.440000534057617,175800,0.0,0.0
2024-12-18 00:00:00-05:00,16.610000610351562,16.690000534057617,15.609999656677246,15.850000381469727,285400,0.0,0.0
2024-12-19 00:00:00-05:00,16.1299991607666,16.200000762939453,15.5600004196167,15.829999923706055,202500,0.0,0.0
2024-12-20 00:00:00-05:00,15.5,16.219999313354492,15.5,15.760000228881836,920600,0.0,0.0
2024-12-23 00:00:00-05:00,15.640000343322754,15.949999809265137,15.600000381469727,15.859999656677246,177400,0.0,0.0
2024-12-24 00:00:00-05:00,15.869999885559082,16.079999923706055,15.84000015258789,16.06999969482422,76300,0.0,0.0
2024-12-26 00:00:00-05:00,15.979999542236328,16.110000610351562,15.819999694824219,15.960000038146973,119200,0.0,0.0
2024-12-27 00:00:00-05:00,15.880000114440918,16.06999969482422,15.539999961853027,15.65999984741211,201900,0.0,0.0
2024-12-30 00:00:00-05:00,15.59000015258789,15.680000305175781,15.369999885559082,15.539999961853027,154600,0.0,0.0
2024-12-31 00:00:00-05:00,15.649999618530273,16.020000457763672,15.550000190734863,15.90999984741211,225900,0.0,0.0
2025-01-02 00:00:00-05:00,15.970000267028809,16.06999969482422,15.680000305175781,15.710000038146973,195300,0.0,0.0
2025-01-03 00:00:00-05:00,15.800000190734863,15.84000015258789,15.520000457763672,15.550000190734863,139800,0.0,0.0
2025-01-06 00:00:00-05:00,15.5600004196167,15.619999885559082,15.319999694824219,15.420000076293945,188500,0.0,0.0
2025-01-07 00:00:00-05:00,15.479999542236328,15.59000015258789,15.199999809265137,15.399999618530273,195600,0.0,0.0
2025-01-08 00:00:00-05:00,15.119999885559082,15.25,15.029999732971191,15.15999984741211,333200,0.0,0.0
2025-01-10 00:00:00-05:00,14.880000114440918,15.029999732971191,14.079999923706055,14.229999542236328,197400,0.0,0.0
2025-01-13 00:00:00-05:00,13.949999809265137,14.5600004196167,13.920000076293945,14.529999732971191,333600,0.0,0.0
2025-01-14 00:00:00-05:00,14.569999694824219,15.039999961853027,14.539999961853027,15.0,157000,0.0,0.0
2025-01-15 00:00:00-05:00,15.350000381469727,15.739999771118164,15.119999885559082,15.140000343322754,130600,0.0,0.0
2025-01-16 00:00:00-05:00,15.109999656677246,15.279999732971191,15.100000381469727,15.25,129800,0.0,0.0
2025-01-17 00:00:00-05:00,15.420000076293945,15.430000305175781,15.25,15.270000457763672,159600,0.0,0.0
2025-01-21 00:00:00-05:00,15.399999618530273,15.770000457763672,15.220000267028809,15.279999732971191,179500,0.0,0.0
2025-01-22 00:00:00-05:00,15.350000381469727,15.359999656677246,14.5600004196167,14.569999694824219,197400,0.0,0.0
2025-01-23 00:00:00-05:00,14.479999542236328,14.829999923706055,14.420000076293945,14.770000457763672,218500,0.0,0.0
2025-01-24 00:00:00-05:00,14.619999885559082,14.819999694824219,14.550000190734863,14.770000457763672,127000,0.0,0.0
2025-01-27 00:00:00-05:00,14.880000114440918,15.3100004196167,14.880000114440918,15.199999809265137,173400,0.0,0.0
2025-01-28 00:00:00-05:00,15.100000381469727,15.369999885559082,15.100000381469727,15.260000228881836,113200,0.0,0.0
2025-01-29 00:00:00-05:00,15.1899995803833,15.359999656677246,15.09000015258789,15.270000457763672,161700,0.0,0.0
2025-01-30 00:00:00-05:00,15.359999656677246,15.359999656677246,14.970000267028809,15.010000228881836,108100,0.0,0.0
2025-01-31 00:00:00-05:00,15.0,15.050000190734863,14.65999984741211,14.960000038146973,268200,0.0,0.0
2025-02-03 00:00:00-05:00,14.729999542236328,14.819999694824219,14.5,14.729999542236328,151900,0.0,0.0
2025-02-04 00:00:00-05:00,14.640000343322754,14.899999618530273,14.640000343322754,14.789999961853027,109000,0.0,0.0
2025-02-05 00:00:00-05:00,14.899999618530273,15.050000190734863,14.890000343322754,15.039999961853027,80600,0.0,0.0
2025-02-06 00:00:00-05:00,15.180000305175781,15.3100004196167,15.010000228881836,15.220000267028809,128900,0.0,0.0
2025-02-07 00:00:00-05:00,15.1899995803833,15.1899995803833,14.789999961853027,14.829999923706055,192500,0.0,0.0
2025-02-10 00:00:00-05:00,14.800000190734863,14.920000076293945,14.59000015258789,14.680000305175781,142700,0.0,0.0
2025-02-11 00:00:00-05:00,14.59000015258789,14.859999656677246,14.5600004196167,14.84000015258789,110900,0.0,0.0
2025-02-12 00:00:00-05:00,14.569999694824219,14.670000076293945,14.119999885559082,14.520000457763672,320100,0.0,0.0
2025-02-13 00:00:00-05:00,14.630000114440918,14.630000114440918,14.380000114440918,14.579999923706055,159200,0.0,0.0
2025-02-14 00:00:00-05:00,14.630000114440918,14.789999961853027,14.399999618530273,14.479999542236328,358400,0.0,0.0
2025-02-18 00:00:00-05:00,14.5,14.760000228881836,14.5,14.670000076293945,136400,0.0,0.0
2025-02-19 00:00:00-05:00,14.40999984741211,14.670000076293945,14.359999656677246,14.369999885559082,165600,0.0,0.0
2025-02-20 00:00:00-05:00,14.220000267028809,14.470000267028809,14.130000114440918,14.40999984741211,207200,0.0,0.0
2025-02-21 00:00:00-05:00,14.550000190734863,14.550000190734863,13.960000038146973,13.989999771118164,179500,0.0,0.0
2025-02-24 00:00:00-05:00,13.970000267028809,14.319999694824219,13.899999618530273,14.109999656677246,394000,0.0,0.0
2025-02-25 00:00:00-05:00,15.119999885559082,16.739999771118164,15.109999656677246,16.1299991607666,436700,0.0,0.0
2025-02-26 00:00:00-05:00,15.899999618530273,15.899999618530273,15.430000305175781,15.649999618530273,295900,0.0,0.0
2025-02-27 00:00:00-05:00,15.619999885559082,15.779999732971191,15.390000343322754,15.449999809265137,220300,0.0,0.0
2025-02-28 00:00:00-05:00,15.539999961853027,15.670000076293945,15.300000190734863,15.640000343322754,248000,0.0,0.0
2025-03-03 00:00:00-05:00,15.770000457763672,16.290000915527344,15.65999984741211,16.040000915527344,272200,0.0,0.0
2025-03-04 00:00:00-05:00,15.960000038146973,16.059999465942383,15.5600004196167,15.59000015258789,287600,0.0,0.0
2025-03-05 00:00:00-05:00,15.649999618530273,15.960000038146973,15.5600004196167,15.670000076293945,257400,0.0,0.0
2025-03-06 00:00:00-05:00,15.510000228881836,15.770000457763672,15.430000305175781,15.569999694824219,126100,0.0,0.0
2025-03-07 00:00:00-05:00,15.5600004196167,15.710000038146973,15.319999694824219,15.380000114440918,169500,0.0,0.0
2025-03-10 00:00:00-04:00,15.1899995803833,15.319999694824219,14.859999656677246,15.229999542236328,312800,0.0,0.0
2025-03-11 00:00:00-04:00,15.270000457763672,15.529999732971191,15.029999732971191,15.109999656677246,322400,0.0,0.0
2025-03-12 00:00:00-04:00,15.0600004196167,15.3100004196167,14.5,15.170000076293945,190600,0.0,0.0
2025-03-13 00:00:00-04:00,15.25,15.550000190734863,15.119999885559082,15.350000381469727,248100,0.0,0.0
2025-03-14 00:00:00-04:00,15.520000457763672,15.710000038146973,15.300000190734863,15.710000038146973,271300,0.0,0.0
2025-03-17 00:00:00-04:00,15.449999809265137,15.8100004196167,15.4399995803833,15.710000038146973,193600,0.0,0.0
2025-03-18 00:00:00-04:00,15.59000015258789,15.970000267028809,15.59000015258789,15.739999771118164,312600,0.0,0.0
2025-03-19 00:00:00-04:00,15.84000015258789,15.84000015258789,15.449999809265137,15.539999961853027,452100,0.0,0.0
2025-03-20 00:00:00-04:00,23.260000228881836,23.290000915527344,22.8700008392334,23.020000457763672,17277400,0.0,0.0
2025-03-21 00:00:00-04:00,23.0,23.209999084472656,22.989999771118164,23.15999984741211,2136500,0.0,0.0
2025-03-24 00:00:00-04:00,23.25,23.25,23.110000610351562,23.15999984741211,3279600,0.0,0.0
2025-03-25 00:00:00-04:00,23.219999313354492,23.309999465942383,23.100000381469727,23.280000686645508,2348500,0.0,0.0
2025-03-26 00:00:00-04:00,23.329999923706055,23.399999618530273,23.270000457763672,23.329999923706055,713200,0.0,0.0
2025-03-27 00:00:00-04:00,23.389999389648438,23.43000030517578,23.299999237060547,23.350000381469727,677300,0.0,0.0
2025-03-28 00:00:00-04:00,23.34000015258789,23.43000030517578,23.309999465942383,23.34000015258789,742200,0.0,0.0
2025-03-31 00:00:00-04:00,23.299999237060547,23.3700008392334,23.299999237060547,23.350000381469727,648000,0.0,0.0
2025-04-01 00:00:00-04:00,23.31999969482422,23.3700008392334,23.31999969482422,23.350000381469727,443900,0.0,0.0
2025-04-02 00:00:00-04:00,23.299999237060547,23.3700008392334,23.280000686645508,23.360000610351562,641800,0.0,0.0
2025-04-03 00:00:00-04:00,23.1200008392334,23.3799991607666,23.110000610351562,23.34000015258789,1142000,0.0,0.0
2025-04-04 00:00:00-04:00,23.200000762939453,23.309999465942383,23.049999237060547,23.280000686645508,2510900,0.0,0.0
2025-04-07 00:00:00-04:00,23.149999618530273,23.3700008392334,23.110000610351562,23.15999984741211,2885900,0.0,0.0
2025-04-08 00:00:00-04:00,23.25,23.270000457763672,23.0,23.059999465942383,1130000,0.0,0.0
2025-04-09 00:00:00-04:00,22.90999984741211,23.700000762939453,22.899999618530273,23.170000076293945,2148800,0.0,0.0
2025-04-10 00:00:00-04:00,23.149999618530273,23.299999237060547,23.010000228881836,23.139999389648438,1078600,0.0,0.0
2025-04-11 00:00:00-04:00,23.1299991607666,23.299999237060547,23.100000381469727,23.299999237060547,755700,0.0,0.0
2025-04-14 00:00:00-04:00,23.3700008392334,23.389999389648438,23.260000228881836,23.309999465942383,559700,0.0,0.0
2025-04-15 00:00:00-04:00,23.350000381469727,23.350000381469727,23.200000762939453,23.25,332300,0.0,0.0
2025-04-16 00:00:00-04:00,23.290000915527344,23.309999465942383,23.229999542236328,23.290000915527344,511600,0.0,0.0
2025-04-17 00:00:00-04:00,23.15999984741211,23.219999313354492,23.06999969482422,23.190000534057617,792000,0.0,0.0
2025-04-21 00:00:00-04:00,23.09000015258789,23.149999618530273,22.75,22.8799991607666,986200,0.0,0.0
2025-04-22 00:00:00-04:00,23.079999923706055,23.09000015258789,22.950000762939453,23.030000686645508,602600,0.0,0.0
2025-04-23 00:00:00-04:00,23.110000610351562,23.139999389648438,22.719999313354492,23.0,845800,0.0,0.0
2025-04-24 00:00:00-04:00,22.93000030517578,23.1200008392334,22.829999923706055,23.110000610351562,658700,0.0,0.0
2025-04-25 00:00:00-04:00,22.969999313354492,23.100000381469727,22.93000030517578,23.100000381469727,669000,0.0,0.0
2025-04-28 00:00:00-04:00,23.059999465942383,23.1200008392334,23.020000457763672,23.1200008392334,588600,0.0,0.0
2025-04-29 00:00:00-04:00,23.100000381469727,23.270000457763672,23.100000381469727,23.260000228881836,625100,0.0,0.0
2025-04-30 00:00:00-04:00,23.1299991607666,23.270000457763672,23.059999465942383,23.209999084472656,381900,0.0,0.0
2025-05-01 00:00:00-04:00,23.110000610351562,23.139999389648438,23.010000228881836,23.040000915527344,1341300,0.0,0.0
2025-05-02 00:00:00-04:00,23.149999618530273,23.149999618530273,22.979999542236328,23.0,624900,0.0,0.0
2025-05-05 00:00:00-04:00,22.950000762939453,23.0,22.899999618530273,22.979999542236328,356900,0.0,0.0
2025-05-06 00:00:00-04:00,22.899999618530273,23.010000228881836,22.899999618530273,22.959999084472656,336700,0.0,0.0
2025-05-07 00:00:00-04:00,22.90999984741211,23.030000686645508,22.899999618530273,22.959999084472656,684400,0.0,0.0
2025-05-08 00:00:00-04:00,23.040000915527344,23.06999969482422,22.889999389648438,22.90999984741211,647600,0.0,0.0
2025-05-09 00:00:00-04:00,22.959999084472656,22.989999771118164,22.889999389648438,22.899999618530273,650700,0.0,0.0
2025-05-12 00:00:00-04:00,22.899999618530273,23.040000915527344,22.899999618530273,22.979999542236328,545700,0.0,0.0
2025-05-13 00:00:00-04:00,23.040000915527344,23.100000381469727,22.959999084472656,23.0,622000,0.0,0.0
2025-05-14 00:00:00-04:00,23.0,23.040000915527344,22.959999084472656,22.989999771118164,664500,0.0,0.0
2025-05-15 00:00:00-04:00,23.0,23.170000076293945,23.0,23.139999389648438,440000,0.0,0.0
2025-05-16 00:00:00-04:00,23.149999618530273,23.239999771118164,23.110000610351562,23.239999771118164,564400,0.0,0.0
2025-05-19 00:00:00-04:00,23.239999771118164,23.329999923706055,23.190000534057617,23.270000457763672,586700,0.0,0.0
2025-05-20 00:00:00-04:00,23.25,23.299999237060547,23.190000534057617,23.200000762939453,441900,0.0,0.0
2025-05-21 00:00:00-04:00,23.149999618530273,23.219999313354492,23.040000915527344,23.15999984741211,699600,0.0,0.0
2025-05-22 00:00:00-04:00,23.15999984741211,23.219999313354492,23.06999969482422,23.15999984741211,489300,0.0,0.0
2025-05-23 00:00:00-04:00,23.09000015258789,23.18000030517578,23.09000015258789,23.149999618530273,801400,0.0,0.0
2025-05-27 00:00:00-04:00,23.170000076293945,23.219999313354492,23.1200008392334,23.149999618530273,640300,0.0,0.0
2025-05-28 00:00:00-04:00,23.149999618530273,23.18000030517578,23.1299991607666,23.149999618530273,730900,0.0,0.0
2025-05-29 00:00:00-04:00,23.18000030517578,23.219999313354492,23.149999618530273,23.149999618530273,285400,0.0,0.0
2025-05-30 00:00:00-04:00,23.15999984741211,23.219999313354492,23.149999618530273,23.190000534057617,475900,0.0,0.0
2025-06-02 00:00:00-04:00,23.149999618530273,23.239999771118164,23.149999618530273,23.190000534057617,440400,0.0,0.0
2025-06-03 00:00:00-04:00,23.18000030517578,23.200000762939453,23.139999389648438,23.18000030517578,512500,0.0,0.0
2025-06-04 00:00:00-04:00,23.15999984741211,23.219999313354492,23.1299991607666,23.139999389648438,443400,0.0,0.0
2025-06-05 00:00:00-04:00,23.1299991607666,23.170000076293945,23.100000381469727,23.15999984741211,299900,0.0,0.0
2025-06-06 00:00:00-04:00,23.219999313354492,23.219999313354492,23.010000228881836,23.149999618530273,456400,0.0,0.0
2025-06-09 00:00:00-04:00,23.149999618530273,23.149999618530273,23.059999465942383,23.100000381469727,461600,0.0,0.0
2025-06-10 00:00:00-04:00,23.079999923706055,23.110000610351562,23.049999237060547,23.049999237060547,367200,0.0,0.0
2025-06-11 00:00:00-04:00,23.079999923706055,23.1299991607666,23.049999237060547,23.059999465942383,391700,0.0,0.0
2025-06-12 00:00:00-04:00,23.049999237060547,23.09000015258789,23.030000686645508,23.030000686645508,245200,0.0,0.0
2025-06-13 00:00:00-04:00,23.0,23.020000457763672,22.809999465942383,22.920000076293945,564900,0.0,0.0
2025-06-16 00:00:00-04:00,22.93000030517578,22.940000534057617,22.719999313354492,22.770000457763672,416100,0.0,0.0
2025-06-17 00:00:00-04:00,22.739999771118164,22.90999984741211,22.719999313354492,22.8799991607666,321000,0.0,0.0
2025-06-18 00:00:00-04:00,22.799999237060547,22.950000762939453,22.799999237060547,22.920000076293945,283800,0.0,0.0
2025-06-20 00:00:00-04:00,22.969999313354492,23.040000915527344,22.889999389648438,22.899999618530273,437600,0.0,0.0
2025-06-23 00:00:00-04:00,22.889999389648438,22.93000030517578,22.850000381469727,22.920000076293945,262400,0.0,0.0
2025-06-24 00:00:00-04:00,22.969999313354492,22.969999313354492,22.850000381469727,22.899999618530273,370900,0.0,0.0
2025-06-25 00:00:00-04:00,22.8799991607666,22.899999618530273,22.850000381469727,22.850000381469727,410800,0.0,0.0
2025-06-26 00:00:00-04:00,22.8799991607666,22.920000076293945,22.850000381469727,22.8799991607666,232500,0.0,0.0
2025-06-27 00:00:00-04:00,22.860000610351562,22.8700008392334,22.81999969482422,22.829999923706055,555100,0.0,0.0
2025-06-30 00:00:00-04:00,22.8700008392334,22.8799991607666,22.790000915527344,22.829999923706055,493000,0.0,0.0
2025-07-01 00:00:00-04:00,22.809999465942383,22.860000610351562,22.799999237060547,22.829999923706055,807600,0.0,0.0
2025-07-02 00:00:00-04:00,22.8799991607666,23.0,22.84000015258789,22.969999313354492,772900,0.0,0.0
2025-07-03 00:00:00-04:00,22.940000534057617,23.729999542236328,22.940000534057617,23.6299991607666,2862200,0.0,0.0
2025-07-07 00:00:00-04:00,23.6299991607666,23.729999542236328,23.600000381469727,23.65999984741211,656600,0.0,0.0
2025-07-08 00:00:00-04:00,23.719999313354492,23.809999465942383,23.649999618530273,23.700000762939453,1055800,0.0,0.0
2025-07-09 00:00:00-04:00,23.709999084472656,23.809999465942383,23.700000762939453,23.739999771118164,927300,0.0,0.0
2025-07-10 00:00:00-04:00,23.770000457763672,23.850000381469727,23.739999771118164,23.799999237060547,686000,0.0,0.0
2025-07-11 00:00:00-04:00,23.8700008392334,23.889999389648438,23.790000915527344,23.81999969482422,400400,0.0,0.0
2025-07-14 00:00:00-04:00,23.860000610351562,23.93000030517578,23.799999237060547,23.799999237060547,450200,0.0,0.0
2025-07-15 00:00:00-04:00,23.809999465942383,23.860000610351562,23.770000457763672,23.799999237060547,647100,0.0,0.0
2025-07-16 00:00:00-04:00,23.84000015258789,23.889999389648438,23.739999771118164,23.860000610351562,638000,0.0,0.0
2025-07-17 00:00:00-04:00,23.889999389648438,23.93000030517578,23.850000381469727,23.850000381469727,489400,0.0,0.0
2025-07-18 00:00:00-04:00,23.850000381469727,23.889999389648438,23.81999969482422,23.850000381469727,378200,0.0,0.0
2025-07-21 00:00:00-04:00,23.860000610351562,23.950000762939453,23.84000015258789,23.850000381469727,390200,0.0,0.0
2025-07-22 00:00:00-04:00,23.850000381469727,23.940000534057617,23.760000228881836,23.770000457763672,623600,0.0,0.0
2025-07-23 00:00:00-04:00,23.770000457763672,23.850000381469727,23.770000457763672,23.799999237060547,569000,0.0,0.0
2025-07-24 00:00:00-04:00,23.799999237060547,23.81999969482422,23.770000457763672,23.770000457763672,470000,0.0,0.0
2025-07-25 00:00:00-04:00,23.809999465942383,23.860000610351562,23.780000686645508,23.799999237060547,326800,0.0,0.0
2025-07-28 00:00:00-04:00,23.780000686645508,23.84000015258789,23.780000686645508,23.799999237060547,336400,0.0,0.0
2025-07-29 00:00:00-04:00,23.8700008392334,23.8700008392334,23.790000915527344,23.799999237060547,545300,0.0,0.0
2025-07-30 00:00:00-04:00,23.799999237060547,23.84000015258789,23.790000915527344,23.790000915527344,1178800,0.0,0.0
2025-07-31 00:00:00-04:00,23.799999237060547,23.8700008392334,23.75,23.760000228881836,768400,0.0,0.0
2025-08-01 00:00:00-04:00,23.760000228881836,23.809999465942383,23.610000610351562,23.65999984741211,744000,0.0,0.0
2025-08-04 00:00:00-04:00,23.709999084472656,23.799999237060547,23.670000076293945,23.799999237060547,549700,0.0,0.0
2025-08-05 00:00:00-04:00,23.790000915527344,23.84000015258789,23.770000457763672,23.81999969482422,835400,0.0,0.0
2025-08-06 00:00:00-04:00,23.8799991607666,23.950000762939453,23.829999923706055,23.850000381469727,719500,0.0,0.0
2025-08-07 00:00:00-04:00,23.860000610351562,24.0,23.860000610351562,23.889999389648438,755400,0.0,0.0
2025-08-08 00:00:00-04:00,23.959999084472656,23.969999313354492,23.899999618530273,23.90999984741211,402800,0.0,0.0
2025-08-11 00:00:00-04:00,23.899999618530273,23.969999313354492,23.899999618530273,23.940000534057617,285300,0.0,0.0
2025-08-12 00:00:00-04:00,24.0,24.049999237060547,23.959999084472656,24.040000915527344,548400,0.0,0.0
2025-08-13 00:00:00-04:00,24.139999389648438,24.139999389648438,23.969999313354492,24.020000457763672,487300,0.0,0.0
2025-08-14 00:00:00-04:00,24.020000457763672,24.040000915527344,23.90999984741211,23.969999313354492,378800,0.0,0.0
2025-08-15 00:00:00-04:00,23.920000076293945,23.940000534057617,23.809999465942383,23.889999389648438,570300,0.0,0.0
2025-08-18 00:00:00-04:00,23.850000381469727,23.959999084472656,23.84000015258789,23.93000030517578,279100,0.0,0.0
2025-08-19 00:00:00-04:00,23.889999389648438,23.959999084472656,23.8700008392334,23.920000076293945,229800,0.0,0.0
2025-08-20 00:00:00-04:00,23.969999313354492,23.979999542236328,23.920000076293945,23.93000030517578,296600,0.0,0.0
2025-08-21 00:00:00-04:00,23.899999618530273,23.959999084472656,23.889999389648438,23.940000534057617,198500,0.0,0.0
2025-08-22 00:00:00-04:00,23.979999542236328,24.1200008392334,23.969999313354492,24.0,611100,0.0,0.0
2025-08-25 00:00:00-04:00,24.010000228881836,24.079999923706055,23.850000381469727,23.850000381469727,884000,0.0,0.0
2025-08-26 00:00:00-04:00,23.809999465942383,23.860000610351562,23.729999542236328,23.770000457763672,628500,0.0,0.0
2025-08-27 00:00:00-04:00,23.770000457763672,23.850000381469727,23.770000457763672,23.790000915527344,375700,0.0,0.0
2025-08-28 00:00:00-04:00,23.780000686645508,23.829999923706055,23.75,23.780000686645508,293500,0.0,0.0
2025-08-29 00:00:00-04:00,23.829999923706055,23.84000015258789,23.760000228881836,23.809999465942383,375100,0.0,0.0
2025-09-02 00:00:00-04:00,23.75,23.8700008392334,23.739999771118164,23.75,851600,0.0,0.0
2025-09-03 00:00:00-04:00,23.75,23.799999237060547,23.6200008392334,23.75,705900,0.0,0.0
2025-09-04 00:00:00-04:00,23.799999237060547,23.799999237060547,23.739999771118164,23.760000228881836,233800,0.0,0.0
2025-09-05 00:00:00-04:00,23.799999237060547,23.799999237060547,23.719999313354492,23.760000228881836,380500,0.0,0.0
2025-09-08 00:00:00-04:00,23.799999237060547,23.8700008392334,23.739999771118164,23.780000686645508,335000,0.0,0.0
2025-09-09 00:00:00-04:00,23.760000228881836,23.829999923706055,23.700000762939453,23.709999084472656,409100,0.0,0.0
2025-09-10 00:00:00-04:00,23.700000762939453,23.770000457763672,23.700000762939453,23.700000762939453,296900,0.0,0.0
2025-09-11 00:00:00-04:00,23.68000030517578,23.84000015258789,23.649999618530273,23.799999237060547,333500,0.0,0.0
2025-09-12 00:00:00-04:00,23.799999237060547,23.8700008392334,23.790000915527344,23.790000915527344,233500,0.0,0.0
2025-09-15 00:00:00-04:00,23.770000457763672,23.809999465942383,23.739999771118164,23.780000686645508,226100,0.0,0.0
2025-09-16 00:00:00-04:00,23.75,23.799999237060547,23.75,23.780000686645508,296400,0.0,0.0
2025-09-17 00:00:00-04:00,23.790000915527344,23.809999465942383,23.75,23.790000915527344,265200,0.0,0.0
2025-09-18 00:00:00-04:00,23.760000228881836,23.84000015258789,23.75,23.790000915527344,285300,0.0,0.0
2025-09-19 00:00:00-04:00,23.850000381469727,23.850000381469727,23.760000228881836,23.809999465942383,639900,0.0,0.0
2025-09-22 00:00:00-04:00,23.799999237060547,23.829999923706055,23.780000686645508,23.790000915527344,315400,0.0,0.0
2025-09-23 00:00:00-04:00,23.809999465942383,23.90999984741211,23.809999465942383,23.860000610351562,344400,0.0,0.0
2025-09-24 00:00:00-04:00,23.829999923706055,23.899999618530273,23.829999923706055,23.8700008392334,241500,0.0,0.0
2025-09-25 00:00:00-04:00,23.90999984741211,23.90999984741211,23.829999923706055,23.8799991607666,298700,0.0,0.0
2025-09-26 00:00:00-04:00,23.93000030517578,23.979999542236328,23.899999618530273,23.920000076293945,235300,0.0,0.0
2025-09-29 00:00:00-04:00,24.0,24.010000228881836,23.920000076293945,23.969999313354492,396300,0.0,0.0
2025-09-30 00:00:00-04:00,23.950000762939453,24.0,23.940000534057617,23.989999771118164,322500,0.0,0.0
2025-10-01 00:00:00-04:00,23.969999313354492,24.020000457763672,23.959999084472656,23.979999542236328,297700,0.0,0.0
2025-10-02 00:00:00-04:00,23.979999542236328,24.020000457763672,23.950000762939453,24.0,347800,0.0,0.0
2025-10-03 00:00:00-04:00,24.020000457763672,24.190000534057617,24.020000457763672,24.15999984741211,469200,0.0,0.0
2025-10-06 00:00:00-04:00,24.149999618530273,24.219999313354492,24.1299991607666,24.149999618530273,341200,0.0,0.0
2025-10-07 00:00:00-04:00,24.149999618530273,24.170000076293945,24.079999923706055,24.1299991607666,1316000,0.0,0.0
2025-10-08 00:00:00-04:00,24.1299991607666,24.149999618530273,24.110000610351562,24.1299991607666,569000,0.0,0.0
2025-10-09 00:00:00-04:00,24.110000610351562,24.110000610351562,23.959999084472656,23.969999313354492,619600,0.0,0.0
2025-10-10 00:00:00-04:00,24.010000228881836,24.020000457763672,23.899999618530273,23.899999618530273,431300,0.0,0.0
2025-10-13 00:00:00-04:00,23.90999984741211,23.979999542236328,23.899999618530273,23.979999542236328,549700,0.0,0.0
2025-10-14 00:00:00-04:00,24.059999465942383,24.06999969482422,24.020000457763672,24.030000686645508,353200,0.0,0.0
2025-10-15 00:00:00-04:00,24.0,24.020000457763672,23.93000030517578,24.0,358400,0.0,0.0
2025-10-16 00:00:00-04:00,23.959999084472656,24.049999237060547,23.90999984741211,24.040000915527344,487400,0.0,0.0
2025-10-17 00:00:00-04:00,24.0,24.049999237060547,23.93000030517578,24.049999237060547,265000,0.0,0.0
2025-10-20 00:00:00-04:00,24.06999969482422,24.06999969482422,23.979999542236328,24.049999237060547,308800,0.0,0.0
2025-10-21 00:00:00-04:00,24.030000686645508,24.079999923706055,24.010000228881836,24.06999969482422,272800,0.0,0.0
2025-10-22 00:00:00-04:00,24.100000381469727,24.1200008392334,24.010000228881836,24.1200008392334,303300,0.0,0.0
2025-10-23 00:00:00-04:00,24.149999618530273,24.149999618530273,24.09000015258789,24.100000381469727,186100,0.0,0.0
2025-10-24 00:00:00-04:00,24.1200008392334,24.1200008392334,24.049999237060547,24.110000610351562,156800,0.0,0.0
2025-10-27 00:00:00-04:00,24.170000076293945,24.170000076293945,24.079999923706055,24.100000381469727,421100,0.0,0.0
2025-10-28 00:00:00-04:00,24.079999923706055,24.110000610351562,24.030000686645508,24.09000015258789,174500,0.0,0.0
2025-10-29 00:00:00-04:00,24.049999237060547,24.06999969482422,23.950000762939453,23.969999313354492,468600,0.0,0.0
2025-10-30 00:00:00-04:00,23.959999084472656,24.0,23.950000762939453,23.950000762939453,216200,0.0,0.0
2025-10-31 00:00:00-04:00,23.950000762939453,23.969999313354492,23.93000030517578,23.950000762939453,442200,0.0,0.0
2025-11-03 00:00:00-05:00,23.959999084472656,23.979999542236328,23.920000076293945,23.93000030517578,399300,0.0,0.0
2025-11-04 00:00:00-05:00,23.969999313354492,24.030000686645508,23.93000030517578,24.020000457763672,344900,0.0,0.0
2025-11-05 00:00:00-05:00,23.93000030517578,24.040000915527344,23.90999984741211,24.030000686645508,502700,0.0,0.0
2025-11-06 00:00:00-05:00,24.059999465942383,24.059999465942383,23.959999084472656,23.989999771118164,252300,0.0,0.0
2025-11-07 00:00:00-05:00,24.020000457763672,24.049999237060547,23.989999771118164,24.030000686645508,320900,0.0,0.0
2025-11-10 00:00:00-05:00,24.020000457763672,24.09000015258789,24.0,24.0,328000,0.0,0.0
2025-11-11 00:00:00-05:00,24.030000686645508,24.059999465942383,24.010000228881836,24.030000686645508,198200,0.0,0.0
2025-11-12 00:00:00-05:00,24.09000015258789,24.09000015258789,23.959999084472656,24.059999465942383,1504500,0.0,0.0
2025-11-13 00:00:00-05:00,24.049999237060547,24.09000015258789,24.010000228881836,24.040000915527344,391000,0.0,0.0
2025-11-14 00:00:00-05:00,24.040000915527344,24.049999237060547,23.950000762939453,24.0,291100,0.0,0.0
2025-11-17 00:00:00-05:00,24.049999237060547,24.049999237060547,23.989999771118164,23.989999771118164,215000,0.0,0.0
2025-11-18 00:00:00-05:00,23.969999313354492,24.110000610351562,23.940000534057617,24.06999969482422,264300,0.0,0.0
2025-11-19 00:00:00-05:00,24.010000228881836,24.06999969482422,23.989999771118164,23.989999771118164,280800,0.0,0.0
2025-11-20 00:00:00-05:00,24.049999237060547,24.049999237060547,23.979999542236328,24.010000228881836,250400,0.0,0.0
2025-11-21 00:00:00-05:00,24.049999237060547,24.100000381469727,24.0,24.049999237060547,439400,0.0,0.0
2025-11-24 00:00:00-05:00,24.020000457763672,24.030000686645508,23.979999542236328,23.989999771118164,353900,0.0,0.0
2025-11-25 00:00:00-05:00,24.0,24.049999237060547,23.979999542236328,24.030000686645508,328000,0.0,0.0
2025-11-26 00:00:00-05:00,24.0,24.06999969482422,23.979999542236328,24.030000686645508,580000,0.0,0.0
2025-11-28 00:00:00-05:00,24.049999237060547,24.1299991607666,24.040000915527344,24.079999923706055,324900,0.0,0.0
2025-12-01 00:00:00-05:00,24.049999237060547,24.110000610351562,23.950000762939453,23.959999084472656,304100,0.0,0.0
2025-12-02 00:00:00-05:00,24.0,24.010000228881836,23.8799991607666,23.93000030517578,311500,0.0,0.0
2025-12-03 00:00:00-05:00,23.90999984741211,23.959999084472656,23.90999984741211,23.93000030517578,165700,0.0,0.0
2025-12-04 00:00:00-05:00,23.90999984741211,23.90999984741211,23.860000610351562,23.860000610351562,160400,0.0,0.0
2025-12-05 00:00:00-05:00,23.850000381469727,23.899999618530273,23.850000381469727,23.899999618530273,289900,0.0,0.0
2025-12-08 00:00:00-05:00,23.950000762939453,23.959999084472656,23.920000076293945,23.940000534057617,396100,0.0,0.0
2025-12-09 00:00:00-05:00,23.959999084472656,24.0,23.920000076293945,23.959999084472656,320700,0.0,0.0
2025-12-10 00:00:00-05:00,24.0,24.100000381469727,23.989999771118164,24.06999969482422,420900,0.0,0.0
2025-12-11 00:00:00-05:00,24.049999237060547,24.170000076293945,24.010000228881836,24.15999984741211,618700,0.0,0.0
2025-12-12 00:00:00-05:00,24.25,24.40999984741211,24.219999313354492,24.260000228881836,594300,0.0,0.0
2025-12-15 00:00:00-05:00,24.299999237060547,24.299999237060547,24.209999084472656,24.260000228881836,913300,0.0,0.0
2025-12-16 00:00:00-05:00,24.270000457763672,24.270000457763672,24.149999618530273,24.170000076293945,377100,0.0,0.0
2025-12-17 00:00:00-05:00,24.149999618530273,24.25,24.139999389648438,24.229999542236328,282800,0.0,0.0
2025-12-18 00:00:00-05:00,24.270000457763672,24.270000457763672,24.190000534057617,24.200000762939453,300500,0.0,0.0
2025-12-19 00:00:00-05:00,24.190000534057617,24.219999313354492,24.09000015258789,24.100000381469727,1504900,0.0,0.0
2025-12-22 00:00:00-05:00,24.079999923706055,24.139999389648438,24.030000686645508,24.030000686645508,386000,0.0,0.0
2025-12-23 00:00:00-05:00,24.040000915527344,24.079999923706055,24.030000686645508,24.059999465942383,191400,0.0,0.0
2025-12-24 00:00:00-05:00,24.040000915527344,24.09000015258789,24.040000915527344,24.06999969482422,136100,0.0,0.0
2025-12-26 00:00:00-05:00,24.100000381469727,24.15999984741211,24.049999237060547,24.059999465942383,104400,0.0,0.0
2025-12-29 00:00:00-05:00,24.1200008392334,24.1200008392334,24.040000915527344,24.040000915527344,254300,0.0,0.0
2025-12-30 00:00:00-05:00,24.020000457763672,24.170000076293945,24.020000457763672,24.079999923706055,262600,0.0,0.0
2025-12-31 00:00:00-05:00,24.110000610351562,24.190000534057617,24.100000381469727,24.15999984741211,403000,0.0,0.0
2026-01-02 00:00:00-05:00,24.110000610351562,24.190000534057617,24.010000228881836,24.020000457763672,936200,0.0,0.0
2026-01-05 00:00:00-05:00,24.010000228881836,24.100000381469727,24.010000228881836,24.100000381469727,482000,0.0,0.0
2026-01-06 00:00:00-05:00,24.040000915527344,24.100000381469727,24.020000457763672,24.030000686645508,553600,0.0,0.0
2026-01-07 00:00:00-05:00,24.020000457763672,24.079999923706055,24.020000457763672,24.079999923706055,764600,0.0,0.0
2026-01-08 00:00:00-05:00,24.079999923706055,24.1299991607666,24.06999969482422,24.06999969482422,396900,0.0,0.0
2026-01-09 00:00:00-05:00,24.049999237060547,24.079999923706055,24.030000686645508,24.049999237060547,316500,0.0,0.0
2026-01-12 00:00:00-05:00,24.040000915527344,24.15999984741211,24.040000915527344,24.149999618530273,243600,0.0,0.0
2026-01-13 00:00:00-05:00,24.139999389648438,24.190000534057617,24.1299991607666,24.149999618530273,343800,0.0,0.0
2026-01-14 00:00:00-05:00,24.15999984741211,24.239999771118164,24.139999389648438,24.200000762939453,533700,0.0,0.0
2026-01-15 00:00:00-05:00,24.200000762939453,24.239999771118164,24.149999618530273,24.200000762939453,374700,0.0,0.0
2026-01-16 00:00:00-05:00,24.170000076293945,24.200000762939453,24.170000076293945,24.18000030517578,285400,0.0,0.0
2026-01-20 00:00:00-05:00,24.170000076293945,24.209999084472656,24.170000076293945,24.170000076293945,185300,0.0,0.0
2026-01-21 00:00:00-05:00,24.170000076293945,24.200000762939453,24.09000015258789,24.200000762939453,596900,0.0,0.0
2026-01-22 00:00:00-05:00,24.18000030517578,24.18000030517578,24.100000381469727,24.149999618530273,863300,0.0,0.0
2026-01-23 00:00:00-05:00,24.1200008392334,24.149999618530273,24.100000381469727,24.1200008392334,413700,0.0,0.0
2026-01-26 00:00:00-05:00,24.100000381469727,24.1299991607666,24.100000381469727,24.1200008392334,239900,0.0,0.0
2026-01-27 00:00:00-05:00,24.1200008392334,24.209999084472656,24.100000381469727,24.200000762939453,515000,0.0,0.0
2026-01-28 00:00:00-05:00,24.18000030517578,24.229999542236328,24.18000030517578,24.190000534057617,386500,0.0,0.0
2026-01-29 00:00:00-05:00,24.219999313354492,24.290000915527344,24.18000030517578,24.239999771118164,445100,0.0,0.0
2026-01-30 00:00:00-05:00,24.229999542236328,24.270000457763672,24.209999084472656,24.219999313354492,538100,0.0,0.0
2026-02-02 00:00:00-05:00,24.610000610351562,24.6200008392334,24.31999969482422,24.450000762939453,1171900,0.0,0.0
2026-02-03 00:00:00-05:00,24.469999313354492,24.579999923706055,24.34000015258789,24.389999389648438,861100,0.0,0.0
2026-02-04 00:00:00-05:00,24.40999984741211,24.510000228881836,24.40999984741211,24.420000076293945,776600,0.0,0.0
2026-02-05 00:00:00-05:00,24.540000915527344,24.540000915527344,24.440000534057617,24.450000762939453,553600,0.0,0.0
2026-02-06 00:00:00-05:00,24.469999313354492,24.479999542236328,24.299999237060547,24.350000381469727,635400,0.0,0.0
2026-02-09 00:00:00-05:00,24.309999465942383,24.3799991607666,24.25,24.280000686645508,443500,0.0,0.0
2026-02-10 00:00:00-05:00,24.280000686645508,24.510000228881836,24.260000228881836,24.389999389648438,490700,0.0,0.0
2026-02-11 00:00:00-05:00,24.450000762939453,24.5,24.34000015258789,24.34000015258789,515500,0.0,0.0
2026-02-12 00:00:00-05:00,24.40999984741211,24.649999618530273,24.3700008392334,24.530000686645508,884000,0.0,0.0
2026-02-13 00:00:00-05:00,24.530000686645508,24.65999984741211,24.489999771118164,24.489999771118164,812400,0.0,0.0
2026-02-17 00:00:00-05:00,24.600000381469727,24.600000381469727,24.389999389648438,24.469999313354492,692100,0.0,0.0
2026-02-18 00:00:00-05:00,24.43000030517578,24.489999771118164,24.3700008392334,24.3700008392334,590600,0.0,0.0
2026-02-19 00:00:00-05:00,24.3799991607666,24.450000762939453,24.3700008392334,24.3799991607666,562600,0.0,0.0
2026-02-20 00:00:00-05:00,24.469999313354492,24.520000457763672,24.3799991607666,24.5,395400,0.0,0.0
2026-02-23 00:00:00-05:00,24.530000686645508,24.530000686645508,24.399999618530273,24.399999618530273,483000,0.0,0.0
2026-02-24 00:00:00-05:00,24.540000915527344,24.540000915527344,24.399999618530273,24.469999313354492,532700,0.0,0.0
2026-02-25 00:00:00-05:00,24.549999237060547,24.690000534057617,24.5,24.56999969482422,774627,0.0,0.0
