Date,Open,High,Low,Close,Volume,Dividends,Stock Splits
2022-01-03 00:00:00-05:00,28.144086897964577,28.94820388929592,28.144086897964577,28.79146957397461,20300,0.0,0.0
2022-01-04 00:00:00-05:00,28.968637264122382,29.418397248337033,28.730129166259804,28.81190299987793,30600,0.0,0.0
2022-01-05 00:00:00-05:00,29.152632972266698,29.561507376370386,28.839164415467675,28.982269287109375,23400,0.0,0.0
2022-01-06 00:00:00-05:00,29.09810267696405,29.56830526544663,28.900480281983853,29.234394073486328,32300,0.0,0.0
2022-01-07 00:00:00-05:00,29.575131715591617,32.95514602607549,29.43202426892706,32.21236038208008,201400,0.0,0.0
2022-01-10 00:00:00-05:00,32.53944967428535,34.03183396958485,32.42360366668082,33.17320251464844,155600,0.0,0.0
2022-01-11 00:00:00-05:00,33.043734329747814,35.42200940151379,32.948328503194354,34.30442428588867,157900,0.0,0.0
2022-01-12 00:00:00-05:00,34.9858785865155,35.74910699577705,34.038657126892666,34.44752883911133,130200,0.0,0.0
2022-01-13 00:00:00-05:00,34.9518101101654,36.798551613547495,34.9313647026907,35.57193374633789,124600,0.0,0.0
2022-01-14 00:00:00-05:00,35.348074735213046,36.29069048451976,35.01538729027505,35.41045379638672,54700,0.877,0.0
2022-01-18 00:00:00-05:00,35.743128938305276,36.387711467242106,35.223304488773245,35.54212951660156,65400,0.0,0.0
2022-01-19 00:00:00-05:00,35.71541169946473,36.366926836057644,34.87676204913175,36.25603103637695,73400,0.0,0.0
2022-01-20 00:00:00-05:00,36.131259190163725,36.131259190163725,35.140127200720485,35.27874755859375,48300,0.0,0.0
2022-01-21 00:00:00-05:00,34.842110072909335,34.94607340523646,33.636115852576594,34.19059753417969,69700,0.0,0.0
2022-01-24 00:00:00-05:00,33.61531936742171,34.107419284434606,32.74894515692115,33.497493743896484,80400,0.0,0.0
2022-01-25 00:00:00-05:00,33.62224354782233,35.32033724384572,33.268764092681664,34.849029541015625,37700,0.0,0.0
2022-01-26 00:00:00-05:00,34.96686299799111,35.9718575918055,34.897551476093845,35.0777587890625,39900,0.0,0.0
2022-01-27 00:00:00-05:00,35.653034042895385,36.07582512197133,34.01732159454982,34.30842208862305,92200,0.0,0.0
2022-01-28 00:00:00-05:00,34.38465549552928,34.98765112516639,33.753935260308786,34.294551849365234,40600,0.0,0.0
2022-01-31 00:00:00-05:00,34.65496531063489,35.666889663154066,34.30841565752854,35.24409866333008,66400,0.0,0.0
2022-02-01 00:00:00-05:00,35.278741187240534,36.24907822918335,35.278741187240534,35.76390838623047,66900,0.0,0.0
2022-02-02 00:00:00-05:00,36.03423645284506,36.29761230279749,35.86789144511766,36.179786682128906,51200,0.0,0.0
2022-02-03 00:00:00-05:00,36.387712989099484,36.41543759545206,35.54213100309384,36.15898895263672,50700,0.0,0.0
2022-02-04 00:00:00-05:00,36.40850364746696,36.42236595008187,33.78858926441749,34.440101623535156,144600,0.0,0.0
2022-02-07 00:00:00-05:00,34.398520158877545,34.5163457747467,33.074700557010395,33.677696228027344,77300,0.0,0.0
2022-02-08 00:00:00-05:00,33.615318118642,33.65690503102825,32.33308539232071,32.776668548583984,88700,0.0,0.0
2022-02-09 00:00:00-05:00,33.09550506168079,33.95494970725546,33.02619616102246,33.10936737060547,39700,0.0,0.0
2022-02-10 00:00:00-05:00,33.10935639371022,33.948005975874025,33.10935639371022,33.629180908203125,53200,0.0,0.0
2022-02-11 00:00:00-05:00,33.78859647391082,34.855970207330444,33.64997606214804,34.82131576538086,56200,0.0,0.0
2022-02-14 00:00:00-05:00,34.97073601979218,35.26401965713172,33.944237961517274,34.1118278503418,69000,0.374,0.0
2022-02-15 00:00:00-05:00,33.9233054406468,34.2165892124176,33.31578448975961,33.51829147338867,60800,0.0,0.0
2022-02-16 00:00:00-05:00,33.867433878778606,34.838067124561306,33.706825749111836,33.83251953125,44000,0.0,0.0
2022-02-17 00:00:00-05:00,33.90234788779439,34.384174935777644,33.671911065371305,34.167701721191406,24700,0.0,0.0
2022-02-18 00:00:00-05:00,34.132794973037896,34.16770932799091,33.63001973757196,33.909339904785156,44800,0.0,0.0
2022-02-22 00:00:00-05:00,34.209599959741816,34.209599959741816,33.62302988010076,33.839500427246094,51400,0.0,0.0
2022-02-23 00:00:00-05:00,33.73475959967063,35.59921300063304,33.73475959967063,35.26403045654297,56100,0.0,0.0
2022-02-24 00:00:00-05:00,35.59921853404517,36.01819877712806,34.921868872527575,35.96233367919922,119200,0.0,0.0
2022-02-25 00:00:00-05:00,36.24164972956518,37.68014120870488,35.96931140375112,37.561431884765625,188300,0.0,0.0
2022-02-28 00:00:00-05:00,38.03627108111661,41.024983953300435,37.97342419063639,40.857391357421875,327500,0.0,0.0
2022-03-01 00:00:00-05:00,41.1995555091782,44.076540673448385,41.04592919554353,42.70787811279297,234800,0.0,0.0
2022-03-02 00:00:00-05:00,43.64360873549806,44.55139526443753,41.68139112778406,41.90484619140625,194800,0.0,0.0
2022-03-03 00:00:00-05:00,41.71630678458774,43.71343601756963,41.24844592903657,42.93832778930664,128500,0.0,0.0
2022-03-04 00:00:00-05:00,43.161781600623776,43.608691700394054,41.22749666072267,42.42158508300781,98800,0.0,0.0
2022-03-07 00:00:00-05:00,43.00815376695691,43.92990648179191,41.897860360842806,42.90340805053711,94600,0.0,0.0
2022-03-08 00:00:00-05:00,43.3992054969368,44.67010716742428,41.90484609952263,42.65202713012695,121900,0.0,0.0
2022-03-09 00:00:00-05:00,42.3098473618758,43.25953242692156,41.548702949195935,42.13527297973633,125800,0.0,0.0
2022-03-10 00:00:00-05:00,41.57663069223295,42.5612299873376,41.42998886746688,42.28190994262695,90800,0.0,0.0
2022-03-11 00:00:00-05:00,42.15623356784981,42.47046808174454,41.68837536344668,41.84199905395508,55700,0.0,0.0
2022-03-14 00:00:00-04:00,41.368350456720854,41.57244810482306,37.46939594233123,38.06057357788086,167500,0.467,0.0
2022-03-15 00:00:00-04:00,36.667079885130256,37.51161971479597,35.30877897455811,37.06119918823242,103500,0.0,0.0
2022-03-16 00:00:00-04:00,37.06119844587603,38.03241936477341,36.160357410793274,36.36445236206055,68300,0.0,0.0
2022-03-17 00:00:00-04:00,36.498182279666395,38.70806019583738,36.498182279666395,38.52507781982422,52300,0.0,0.0
2022-03-18 00:00:00-04:00,38.68694448291392,39.109213122948326,38.00427425296371,38.95438003540039,47300,0.0,0.0
2022-03-21 00:00:00-04:00,39.82706332995617,41.00941848754883,39.68630625220124,41.00941848754883,57600,0.0,0.0
2022-03-22 00:00:00-04:00,41.009421175573216,41.07979837670468,39.461098588217794,40.22822189331055,39400,0.0,0.0
2022-03-23 00:00:00-04:00,40.46750996464538,42.01583262197546,40.29860091569083,41.832847595214844,43100,0.0,0.0
2022-03-24 00:00:00-04:00,41.47391825127359,42.22696558950904,41.27685993763236,41.63578796386719,47800,0.0,0.0
2022-03-25 00:00:00-04:00,41.755431104930835,42.93074698790216,40.99534445975903,41.699127197265625,83200,0.0,0.0
2022-03-28 00:00:00-04:00,41.50911106672877,41.66394414872027,39.86225913414481,40.13673400878906,63600,0.0,0.0
2022-03-29 00:00:00-04:00,40.038202452751165,40.84051440297878,39.074020783154666,40.277488708496094,80400,0.0,0.0
2022-03-30 00:00:00-04:00,40.65752372959413,41.48094813569664,40.05930687042848,40.83346939086914,39300,0.0,0.0
2022-03-31 00:00:00-04:00,40.60122376137984,41.52318008224685,40.16487923088066,40.64345169067383,58400,0.0,0.0
2022-04-01 00:00:00-04:00,40.643453735756026,41.86099756879086,40.643453735756026,41.276859283447266,53500,0.0,0.0
2022-04-04 00:00:00-04:00,41.52318323828104,42.52959280951175,41.18536783240697,41.459842681884766,89600,0.0,0.0
2022-04-05 00:00:00-04:00,42.24103675156347,42.27622534859974,41.09387023209976,41.91729736328125,49700,0.0,0.0
2022-04-06 00:00:00-04:00,42.49439965423887,44.9083745002789,41.95248665974846,42.93074417114258,164700,0.0,0.0
2022-04-07 00:00:00-04:00,43.62748483960486,43.986412786668346,41.93136886993964,43.634521484375,94500,0.0,0.0
2022-04-08 00:00:00-04:00,43.63452963408558,44.88022539903129,43.27560161998438,44.18347930908203,62800,0.0,0.0
2022-04-11 00:00:00-04:00,44.50018004673395,44.50018004673395,42.93074493915715,43.62749099731445,66900,0.0,0.0
2022-04-12 00:00:00-04:00,44.324245133149134,44.80985435026694,43.634538238004964,44.44388961791992,51500,0.0,0.0
2022-04-13 00:00:00-04:00,44.9224473418154,45.351755183126805,43.90196197364721,45.12654495239258,73800,0.0,0.0
2022-04-14 00:00:00-04:00,45.54656198015798,46.123191833496094,44.84891255517592,46.123191833496094,52000,0.73,0.0
2022-04-18 00:00:00-04:00,46.27268934542844,47.49713676326464,45.87403406753602,47.42594909667969,75200,0.0,0.0
2022-04-19 00:00:00-04:00,47.34051501221067,47.55408341785653,45.382824541780906,45.4682502746582,74100,0.0,0.0
2022-04-20 00:00:00-04:00,45.59638980741313,46.593027815072816,44.991283892479196,46.422176361083984,46400,0.0,0.0
2022-04-21 00:00:00-04:00,47.09135978486336,47.33339893080169,44.70653500143316,45.06959915161133,51100,0.0,0.0
2022-04-22 00:00:00-04:00,45.0624846870857,46.19438608348425,44.492975148314414,44.92722702026367,48900,0.0,0.0
2022-04-25 00:00:00-04:00,44.65670033911264,45.64622619627574,41.66677244395383,44.1014289855957,125300,0.0,0.0
2022-04-26 00:00:00-04:00,44.286519380674,45.90250699819586,44.286519380674,44.61398696899414,51200,0.0,0.0
2022-04-27 00:00:00-04:00,44.599746105438385,45.85266943359639,44.24380241015359,45.28315734863281,40300,0.0,0.0
2022-04-28 00:00:00-04:00,45.56793538963802,46.237106166561034,44.64959956071212,45.539459228515625,44500,0.0,0.0
2022-04-29 00:00:00-04:00,46.05200799864419,46.20150373450542,44.514328261892594,45.0411262512207,58100,0.0,0.0
2022-05-02 00:00:00-04:00,44.84891577318706,45.70317866302508,42.79867886317771,44.008888244628906,97000,0.0,0.0
2022-05-03 00:00:00-04:00,43.82379066990889,45.80995451313256,43.74548261899808,45.005523681640625,34600,0.0,0.0
2022-05-04 00:00:00-04:00,45.49673556867296,46.61440157845437,44.58552032647402,46.40083312988281,69800,0.0,0.0
2022-05-05 00:00:00-04:00,46.60014923078285,46.671336885565424,44.215327492311914,45.532318115234375,48800,0.0,0.0
2022-05-06 00:00:00-04:00,45.5608116427905,47.333410450011655,44.95570819941408,47.02018356323242,86100,0.0,0.0
2022-05-09 00:00:00-04:00,47.696455765754465,48.25884746310305,44.92009382149389,45.3116340637207,122700,0.0,0.0
2022-05-10 00:00:00-04:00,46.3509962711569,46.62151157005287,44.71365553914486,45.34011459350586,63100,0.0,0.0
2022-05-11 00:00:00-04:00,45.945220058418684,47.91003108587416,45.86691199865002,46.315399169921875,83800,0.0,0.0
2022-05-12 00:00:00-04:00,46.671346354119876,47.20526202021345,45.44690160651075,46.56456756591797,68100,0.0,0.0
2022-05-13 00:00:00-04:00,47.58056445234451,47.7817498905705,46.52433541976601,47.36500549316406,55400,0.604,0.0
2022-05-16 00:00:00-04:00,47.74580735188683,49.527745169046,47.429661249630364,49.40559768676758,131000,0.0,0.0
2022-05-17 00:00:00-04:00,49.92294573292863,50.36842617470445,49.29064242425333,49.57805252075195,55300,0.0,0.0
2022-05-18 00:00:00-04:00,50.14568088610297,50.195977236765415,47.56618252012326,48.1410026550293,87100,0.0,0.0
2022-05-19 00:00:00-04:00,47.78174302356085,48.536193790373574,47.142258480293066,48.33500289916992,46800,0.0,0.0
2022-05-20 00:00:00-04:00,49.06787664060638,49.42713770359349,48.14816919646157,48.852317810058594,41200,0.0,0.0
2022-05-23 00:00:00-04:00,49.39842893530016,50.806732578755806,48.86672374423553,50.174434661865234,91200,0.0,0.0
2022-05-24 00:00:00-04:00,50.29656337746498,50.921679781494,48.9170018119082,50.217525482177734,61100,0.0,0.0
2022-05-25 00:00:00-04:00,50.69892158688197,52.222190531494434,50.260622633052186,51.985076904296875,69100,0.0,0.0
2022-05-26 00:00:00-04:00,52.02104191004918,53.005414450183714,50.90014282781332,51.13725662231445,101100,0.0,0.0
2022-05-27 00:00:00-04:00,51.647380652637054,53.968210080283036,51.37434415369226,53.529911041259766,70400,0.0,0.0
2022-05-31 00:00:00-04:00,54.70110870238831,55.96570966972981,54.40651736701195,55.09629821777344,129800,0.0,0.0
2022-06-01 00:00:00-04:00,55.61362691402862,56.17407342888703,54.82325348328241,55.87229537963867,90100,0.0,0.0
2022-06-02 00:00:00-04:00,55.58489499838737,57.35964625763569,55.41245115205574,56.76327133178711,75600,0.0,0.0
2022-06-03 00:00:00-04:00,56.76329323602027,58.387156071120046,56.253142777422454,58.22908020019531,95100,0.0,0.0
2022-06-06 00:00:00-04:00,60.07564884616939,61.735433574701084,58.918827525710945,60.887577056884766,117300,0.0,0.0
2022-06-07 00:00:00-04:00,60.578616633274144,62.97848409557795,60.176245877729485,62.64796447753906,135100,0.0,0.0
2022-06-08 00:00:00-04:00,62.66951432454413,65.19152906975216,61.65639527543263,62.755733489990234,142300,0.0,0.0
2022-06-09 00:00:00-04:00,63.021588065492125,63.35929441175379,61.4480225294601,61.613285064697266,90600,0.0,0.0
2022-06-10 00:00:00-04:00,61.4121148654034,62.36056428301271,58.229060182945666,59.86729049682617,121700,0.0,0.0
2022-06-13 00:00:00-04:00,58.272159266583486,58.68171677119059,53.73109840701918,55.46992111206055,221700,0.0,0.0
2022-06-14 00:00:00-04:00,56.14443630691886,57.06554782046274,51.78546245109922,52.2641487121582,182900,0.72,0.0
2022-06-15 00:00:00-04:00,52.30043581333132,54.142665098089786,51.4808636552201,52.13361740112305,120000,0.0,0.0
2022-06-16 00:00:00-04:00,48.79730265003486,50.044797026489974,45.961430929203765,46.7302360534668,281600,0.0,0.0
2022-06-17 00:00:00-04:00,46.74472803536565,48.021234243206514,43.56072246601941,44.51810073852539,276200,0.0,0.0
2022-06-21 00:00:00-04:00,45.54800708286143,47.71661567017179,44.96777823957167,47.078365325927734,130800,0.0,0.0
2022-06-22 00:00:00-04:00,44.612378163660686,46.24427303615813,44.60512651493019,44.82271194458008,133000,0.0,0.0
2022-06-23 00:00:00-04:00,44.96052375556165,45.76558966858531,41.392111752439995,42.23344421386719,201700,0.0,0.0
2022-06-24 00:00:00-04:00,43.190817903040866,43.807313193450106,42.48003734357697,42.82817459106445,122900,0.0,0.0
2022-06-27 00:00:00-04:00,43.364890015281446,45.460968017578125,43.169062285297976,45.460968017578125,130100,0.0,0.0
2022-06-28 00:00:00-04:00,46.614166248509,47.71660495328186,46.070204078079655,47.49176788330078,110400,0.0,0.0
2022-06-29 00:00:00-04:00,48.753764632772445,49.014868243394346,45.09831961756321,45.547996520996094,80300,0.0,0.0
2022-06-30 00:00:00-04:00,44.63414181420737,45.90339347187439,43.589727250893404,44.155452728271484,67900,0.0,0.0
2022-07-01 00:00:00-04:00,45.18535790360641,45.82361093258379,43.58972671453744,45.75108337402344,54000,0.0,0.0
2022-07-05 00:00:00-04:00,45.439211632531396,45.60602723700899,40.82638790263222,42.11739730834961,121800,0.0,0.0
2022-07-06 00:00:00-04:00,42.110149550261504,43.32863150723889,39.375818180541394,41.06573486328125,135800,0.0,0.0
2022-07-07 00:00:00-04:00,41.75476750797313,43.86535232160921,41.75476750797313,43.20534133911133,43000,0.0,0.0
2022-07-08 00:00:00-04:00,44.25699190770653,44.25699190770653,42.436520858900685,43.444671630859375,45300,0.0,0.0
2022-07-11 00:00:00-04:00,43.5679662646429,44.25698909469791,42.610588164666055,43.7130241394043,53000,0.0,0.0
2022-07-12 00:00:00-04:00,42.77740757355167,43.821819384982305,42.27696076600661,43.720279693603516,81600,0.0,0.0
2022-07-13 00:00:00-04:00,43.32137416560282,45.67130428590675,43.12554642501506,44.438316345214844,95500,0.0,0.0
2022-07-14 00:00:00-04:00,42.04514738596719,43.9113804988043,41.64994429144346,43.435672760009766,90200,0.55,0.0
2022-07-15 00:00:00-04:00,44.3944070447861,45.17017579770873,43.472269252128676,45.11894607543945,80600,0.0,0.0
2022-07-18 00:00:00-04:00,45.93861723165819,46.45091716595852,45.48486713753391,46.04107666015625,64000,0.0,0.0
2022-07-19 00:00:00-04:00,46.04108664494585,47.38770255112117,45.60929125134042,46.84613037109375,52600,0.0,0.0
2022-07-20 00:00:00-04:00,46.80220771437567,48.375696975731074,46.22404060723022,48.339107513427734,63500,0.0,0.0
2022-07-21 00:00:00-04:00,47.3730690859,47.3730690859,45.792256519791216,46.61925506591797,58800,0.0,0.0
2022-07-22 00:00:00-04:00,47.29986527595996,48.27323538425499,46.546054266126305,46.87539291381836,51300,0.0,0.0
2022-07-25 00:00:00-04:00,48.03904774805254,49.70036469879936,47.11690723391705,48.87336349487305,62700,0.0,0.0
2022-07-26 00:00:00-04:00,49.59789241970478,50.34438887357959,48.229324893633816,48.41960906982422,49000,0.0,0.0
2022-07-27 00:00:00-04:00,49.100236239712245,50.12483617127893,48.595259192115996,50.01505661010742,38900,0.0,0.0
2022-07-28 00:00:00-04:00,50.78351481552951,51.178717938966535,49.151478181084144,50.45418167114258,45900,0.0,0.0
2022-07-29 00:00:00-04:00,50.79817210775997,51.88863693891626,50.7542569124572,51.51538848876953,46500,0.0,0.0
2022-08-01 00:00:00-04:00,51.4129114297532,51.79347429599864,49.649134848608576,50.62250518798828,55300,0.0,0.0
2022-08-02 00:00:00-04:00,51.10552485157025,51.88861083984375,50.168749716097686,51.88861083984375,59400,0.0,0.0
2022-08-03 00:00:00-04:00,51.96179876297304,51.96179876297304,48.617215601151855,49.597900390625,97300,0.0,0.0
2022-08-04 00:00:00-04:00,49.03436797648847,49.28319641742559,46.87539430649406,46.91930389404297,85600,0.0,0.0
2022-08-05 00:00:00-04:00,46.487508636636555,49.65644469978849,46.10694305733657,48.90263366699219,53900,0.0,0.0
2022-08-08 00:00:00-04:00,49.02706075978891,50.83474703812597,48.92460130611666,50.82742691040039,98300,0.0,0.0
2022-08-09 00:00:00-04:00,51.22263146488064,53.17669243347303,51.046987479976494,51.57392501831055,89500,0.0,0.0
2022-08-10 00:00:00-04:00,51.961803376147266,52.664384836269086,50.71764975411049,51.844703674316406,79400,0.0,0.0
2022-08-11 00:00:00-04:00,52.67901106760395,54.86725951455898,52.57654606396769,54.79407501220703,84300,0.0,0.0
2022-08-12 00:00:00-04:00,55.42978508293728,55.49638691959819,53.52045338606762,54.941349029541016,52800,0.829,0.0
2022-08-15 00:00:00-04:00,54.14949669609141,54.75633791348706,53.28363891873498,53.75727081298828,96800,0.0,0.0
2022-08-16 00:00:00-04:00,54.704537550985194,55.34098150185385,53.45385590941685,54.95615768432617,98500,0.0,0.0
2022-08-17 00:00:00-04:00,55.40019765022428,56.036641724554165,54.3937282138951,55.118980407714844,48000,0.0,0.0
2022-08-18 00:00:00-04:00,55.62957822687999,56.19201802094527,55.08194260025977,55.733184814453125,45500,0.0,0.0
2022-08-19 00:00:00-04:00,55.50377388613505,56.0588116249964,54.88213432875555,54.99313735961914,50500,0.0,0.0
2022-08-22 00:00:00-04:00,55.118969238153554,55.44458765135363,54.023691904286565,55.170772552490234,54600,0.0,0.0
2022-08-23 00:00:00-04:00,55.97740671379001,57.60551518727716,55.296561762778,56.18461990356445,62800,0.0,0.0
2022-08-24 00:00:00-04:00,56.909858426207656,57.12447365011734,55.68877453313133,56.72484588623047,48800,0.0,0.0
2022-08-25 00:00:00-04:00,57.479726432855685,58.16057160237248,56.91729206471804,57.92375564575195,75600,0.0,0.0
2022-08-26 00:00:00-04:00,58.46398869696405,58.80441124475169,57.723938207129066,58.360382080078125,60000,0.0,0.0
2022-08-29 00:00:00-04:00,58.767416193817844,59.76648329532899,58.27157804009041,59.27064514160156,84600,0.0,0.0
2022-08-30 00:00:00-04:00,59.167044340817085,59.167044340817085,55.54819728943819,55.7406120300293,83800,0.0,0.0
2022-08-31 00:00:00-04:00,55.422384926861,58.21237864654477,54.88954763046847,57.15410614013672,46500,0.0,0.0
2022-09-01 00:00:00-04:00,57.605546035189576,57.605546035189576,53.43166037532241,54.082908630371094,85200,0.0,0.0
2022-09-02 00:00:00-04:00,55.52599667439655,56.5620686633988,54.85255355153486,55.7406120300293,51300,0.0,0.0
2022-09-06 00:00:00-04:00,56.77667991698654,58.182777111462364,56.50285917693388,58.08656692504883,95600,0.0,0.0
2022-09-07 00:00:00-04:00,56.798888774625546,57.59814485121795,56.007034785632655,56.88029479980469,76700,0.0,0.0
2022-09-08 00:00:00-04:00,57.035694213950215,58.219773934647115,56.53245962688685,57.35391616821289,54200,0.0,0.0
2022-09-09 00:00:00-04:00,58.30117946729439,59.89228922557689,57.820145496724685,59.781280517578125,67100,0.0,0.0
2022-09-12 00:00:00-04:00,59.78127336110218,60.63973457764546,59.211437009259086,60.60272979736328,85100,0.0,0.0
2022-09-13 00:00:00-04:00,59.944110344353625,60.86177168722478,59.3224704287071,60.795169830322266,103900,0.0,0.0
2022-09-14 00:00:00-04:00,61.92861318284655,63.08748152553358,60.32862294400318,61.18095397949219,102500,0.836,0.0
2022-09-15 00:00:00-04:00,60.724860926396566,60.724860926396566,58.71365652241998,59.35664367675781,67400,0.0,0.0
2022-09-16 00:00:00-04:00,58.61648310474987,58.61648310474987,55.95481244284745,56.7697639465332,90500,0.0,0.0
2022-09-19 00:00:00-04:00,56.63518860407258,58.90807342529297,56.29126603104539,58.90807342529297,62600,0.0,0.0
2022-09-20 00:00:00-04:00,58.272546094092576,59.416463486929565,57.6071300197732,58.3996467590332,37200,0.0,0.0
2022-09-21 00:00:00-04:00,59.19964330691801,59.74543691864772,57.225823887932066,57.54731750488281,41600,0.0,0.0
2022-09-22 00:00:00-04:00,58.47440226471834,59.042624629584836,55.44638712253999,55.73049545288086,56700,0.0,0.0
2022-09-23 00:00:00-04:00,54.95292932721499,54.95292932721499,49.15857283352905,49.7267951965332,154300,0.0,0.0
2022-09-26 00:00:00-04:00,48.59783905627681,50.093157181085324,47.40906103297032,47.663265228271484,94500,0.0,0.0
2022-09-27 00:00:00-04:00,48.70251827025682,50.65390917602996,48.081959785147106,49.90625,58500,0.0,0.0
2022-09-28 00:00:00-04:00,50.466976505873504,53.666955733131914,50.08566886399071,53.554805755615234,75300,0.0,0.0
2022-09-29 00:00:00-04:00,53.81649805523361,53.81649805523361,51.835200537690625,52.508094787597656,77900,0.0,0.0
2022-09-30 00:00:00-04:00,52.336127414749456,54.429574793013515,52.336127414749456,53.14360046386719,40600,0.0,0.0
2022-10-03 00:00:00-04:00,57.195919650217675,58.967873724260826,55.72303034916975,58.025821685791016,107500,0.0,0.0
2022-10-04 00:00:00-04:00,59.06507284011763,59.3865665027313,58.33984255206911,59.117408752441406,83800,0.0,0.0
2022-10-05 00:00:00-04:00,59.34916346083337,60.904295395091296,58.45197503178413,60.03701400756836,90700,0.0,0.0
2022-10-06 00:00:00-04:00,59.81271136045555,63.79773462385022,59.52860303499986,63.625770568847656,135200,0.0,0.0
2022-10-07 00:00:00-04:00,64.13416720807389,64.59771769052452,61.13605399789034,62.481842041015625,102500,0.0,0.0
2022-10-10 00:00:00-04:00,63.46127318651125,64.72481831010201,61.622033330362456,62.481842041015625,78300,0.0,0.0
2022-10-11 00:00:00-04:00,62.23514104868752,62.64635582982405,60.111791971292725,62.03327560424805,77000,0.0,0.0
2022-10-12 00:00:00-04:00,62.780942236890056,63.0276711352148,61.68188232997693,62.33234786987305,107300,0.0,0.0
2022-10-13 00:00:00-04:00,61.78655624620467,64.98653673100412,61.29310413707123,64.85943603515625,102500,0.0,0.0
2022-10-14 00:00:00-04:00,65.5909850180392,65.5909850180392,61.58895638378906,62.06556701660156,54500,1.017,0.0
2022-10-17 00:00:00-04:00,62.073155842061134,63.336556850486545,61.498192657565276,62.148807525634766,43000,0.0,0.0
2022-10-18 00:00:00-04:00,61.68729140530425,62.262254278984756,59.750581647875634,62.03529357910156,66000,0.0,0.0
2022-10-19 00:00:00-04:00,62.12608799687093,63.47270705554507,61.75538508200129,62.41356658935547,52900,0.0,0.0
2022-10-20 00:00:00-04:00,62.814547721824866,63.91151728798048,61.687322101023035,62.59515380859375,47900,0.0,0.0
2022-10-21 00:00:00-04:00,62.75398765119093,63.57103917696203,60.923191499327814,62.428680419921875,44500,0.0,0.0
2022-10-24 00:00:00-04:00,62.39086316619656,62.84477879787741,61.581378461946414,62.19416427612305,51800,0.0,0.0
2022-10-25 00:00:00-04:00,62.03531106798375,63.139841523645124,61.29391090828809,62.33035659790039,43100,0.0,0.0
2022-10-26 00:00:00-04:00,62.701034999591045,64.11574435707641,61.98233574916628,63.46512985229492,68200,0.0,0.0
2022-10-27 00:00:00-04:00,64.00228354228472,64.8647252147468,63.472716119492915,63.99471664428711,62400,0.0,0.0
2022-10-28 00:00:00-04:00,64.61505529716693,64.61505529716693,62.03529220451543,62.965824127197266,70700,0.0,0.0
2022-10-31 00:00:00-04:00,63.43488492824741,65.28838237946121,62.5421814704504,63.50297546386719,88900,0.0,0.0
2022-11-01 00:00:00-04:00,64.10818374991578,65.56828308105469,63.72991973430312,65.56828308105469,61800,0.0,0.0
2022-11-02 00:00:00-04:00,65.6287980950825,65.75740645826689,63.76774007515231,64.57722473144531,47800,0.0,0.0
2022-11-03 00:00:00-04:00,64.19139054112813,66.56688766245456,64.1157389062282,65.78009796142578,49900,0.0,0.0
2022-11-04 00:00:00-04:00,66.58203011301356,67.33855810411566,63.58617996087133,64.85714721679688,89600,0.0,0.0
2022-11-07 00:00:00-05:00,65.33375400073172,66.31724264111466,64.27461371997704,65.62879943847656,64200,0.0,0.0
2022-11-08 00:00:00-05:00,66.04491069884054,66.75604324461926,64.3956790786146,66.64256286621094,68000,0.0,0.0
2022-11-09 00:00:00-05:00,66.58205384433407,67.09649329251515,64.38812073380147,65.05386352539062,78500,0.0,0.0
2022-11-10 00:00:00-05:00,66.02977869017013,66.57447990378836,64.61507468619989,65.90873718261719,80900,0.0,0.0
2022-11-11 00:00:00-05:00,66.95274056026044,67.33100463122236,65.15976678603433,66.13568878173828,82400,0.0,0.0
2022-11-14 00:00:00-05:00,66.5492168068498,67.89726443536408,65.22402226897833,65.65052032470703,83700,0.583,0.0
2022-11-15 00:00:00-05:00,64.82039014459708,64.9650973739715,63.213398465740354,63.64751434326172,98200,0.0,0.0
2022-11-16 00:00:00-05:00,63.320038068204575,63.761771749845465,60.75341906688068,61.103763580322266,85400,0.0,0.0
2022-11-17 00:00:00-05:00,60.029891312960295,60.09082129572666,57.88977651106766,59.588157653808594,80200,0.0,0.0
2022-11-18 00:00:00-05:00,59.405357176860264,59.74046617930166,58.13347464210515,59.504364013671875,50900,0.0,0.0
2022-11-21 00:00:00-05:00,59.032187501784435,60.36500036826524,57.158634112460916,59.48153305053711,81700,0.0,0.0
2022-11-22 00:00:00-05:00,59.48150599351499,61.75870931399055,58.9103007391395,60.88286590576172,76400,0.0,0.0
2022-11-23 00:00:00-05:00,60.32689335882029,61.17227764392163,59.077858269420254,60.34212875366211,56200,0.0,0.0
2022-11-25 00:00:00-05:00,60.82194135647502,61.61401341021209,60.37259016158342,61.13419723510742,19800,0.0,0.0
2022-11-28 00:00:00-05:00,60.342155896097466,60.471627757487354,59.11596753680915,59.61100769042969,43100,0.0,0.0
2022-11-29 00:00:00-05:00,60.098438382503495,60.364999791130536,58.64376556447707,59.519615173339844,62400,0.0,0.0
2022-11-30 00:00:00-05:00,60.540161014083694,61.012359619140625,59.78617143442711,61.012359619140625,35600,0.0,0.0
2022-12-01 00:00:00-05:00,61.17989730834962,61.67494306581365,60.585844723633095,61.17989730834961,32700,0.0,0.0
2022-12-02 00:00:00-05:00,60.64676419660566,64.07399574624648,60.64676419660566,63.24384689331055,49800,0.0,0.0
2022-12-05 00:00:00-05:00,63.29717180051186,64.83561571356252,60.547769476420015,61.385536193847656,48500,0.0,0.0
2022-12-06 00:00:00-05:00,60.86764815159368,62.80974890354535,60.61631637228661,60.68486404418945,55700,0.0,0.0
2022-12-07 00:00:00-05:00,61.06564401503965,62.017652679647654,60.16694760322571,60.92855453491211,38500,0.0,0.0
2022-12-08 00:00:00-05:00,61.46932262181488,62.360401741250385,60.87526987552455,61.111366271972656,52400,0.0,0.0
2022-12-09 00:00:00-05:00,62.24615551965374,63.66273948640692,61.47693066385113,61.94912338256836,72000,0.0,0.0
2022-12-12 00:00:00-05:00,63.04584365713541,65.4906020939986,61.99482780343591,65.21642303466797,126500,0.0,0.0
2022-12-13 00:00:00-05:00,65.65816231102258,65.87902911747483,63.3733404919194,63.84553909301758,107800,0.0,0.0
2022-12-14 00:00:00-05:00,64.15257441802063,64.63857662945945,62.632845649991104,63.450565338134766,62100,1.068,0.0
2022-12-15 00:00:00-05:00,62.67910534522473,63.450540487935186,61.73795352942468,62.92596435546875,63300,0.0,0.0
2022-12-16 00:00:00-05:00,62.11596866743127,62.5016863230267,59.97137944401416,60.704246520996094,101000,0.0,0.0
2022-12-19 00:00:00-05:00,60.557648354837916,61.68394276446696,60.39564770882093,61.197940826416016,75400,0.0,0.0
2022-12-20 00:00:00-05:00,60.6733835221768,63.62026593847791,60.63480940548612,63.2576904296875,75300,0.0,0.0
2022-12-21 00:00:00-05:00,63.83628913364474,64.37629164217232,62.871994735855544,63.99057388305664,79200,0.0,0.0
2022-12-22 00:00:00-05:00,64.32229161446047,64.32229161446047,61.32912391215012,63.203712463378906,62900,0.0,0.0
2022-12-23 00:00:00-05:00,63.12656679738508,64.10628726820342,62.56341630682387,63.62028503417969,39100,0.0,0.0
2022-12-27 00:00:00-05:00,64.01369716545297,66.2894287109375,63.25768805995765,66.2894287109375,76200,0.0,0.0
2022-12-28 00:00:00-05:00,66.26629188897313,66.33571823926023,62.60969030091574,63.249977111816406,105700,0.0,0.0
2022-12-29 00:00:00-05:00,63.789990486061576,65.29428705280023,63.45055705127558,64.18341827392578,83600,0.0,0.0
2022-12-30 00:00:00-05:00,64.1834439750933,65.93460620332456,63.419724326590874,65.91917419433594,93700,0.0,0.0
2023-01-03 00:00:00-05:00,65.84199350007896,65.84199350007896,59.87108666764991,60.935665130615234,168700,0.0,0.0
2023-01-04 00:00:00-05:00,60.580834203786225,61.19798501232336,58.93767856301659,59.246253967285156,126200,0.0,0.0
2023-01-05 00:00:00-05:00,59.23080144817552,63.280836776995685,59.23080144817552,62.81026077270508,74000,0.0,0.0
2023-01-06 00:00:00-05:00,63.16512499673519,64.97800279657486,63.16512499673519,63.82855987548828,71700,0.0,0.0
2023-01-09 00:00:00-05:00,65.05512382050209,66.69827847542595,64.4534053802647,65.88827514648438,133700,0.0,0.0
2023-01-10 00:00:00-05:00,66.06572386777371,66.38201519097248,64.06770910718147,65.55657958984375,127500,0.0,0.0
2023-01-11 00:00:00-05:00,66.112020022876,67.48518015733114,65.61059165613901,67.32317352294922,89200,0.0,0.0
2023-01-12 00:00:00-05:00,67.79372799654122,69.23631404020017,67.63172729948603,68.19487762451172,105500,0.0,0.0
2023-01-13 00:00:00-05:00,68.37515485201246,69.08998459366249,67.25628678475759,68.66264343261719,84700,0.632,0.0
2023-01-17 00:00:00-05:00,68.77917701569913,70.69834395684519,68.77917701569913,69.68048858642578,111800,0.0,0.0
2023-01-18 00:00:00-05:00,69.92135665924796,70.78381638155919,67.80794205783543,68.00218963623047,105700,0.0,0.0
2023-01-19 00:00:00-05:00,67.33398375575558,69.72710942825177,67.29513186869676,68.87242126464844,88100,0.0,0.0
2023-01-20 00:00:00-05:00,69.15212212205306,69.72709316301317,68.39844074146201,68.74031829833984,62700,0.0,0.0
2023-01-23 00:00:00-05:00,68.88797924414938,69.79705668886918,68.227532589539,68.61602783203125,62900,0.0,0.0
2023-01-24 00:00:00-05:00,68.61599277943334,69.59500195021603,66.95323446522683,67.11640167236328,71000,0.0,0.0
2023-01-25 00:00:00-05:00,66.82118199090186,68.18868691008132,65.64015905704257,67.43500518798828,98400,0.0,0.0
2023-01-26 00:00:00-05:00,68.03324753115373,68.37512505336896,66.47926741630444,67.6447525024414,97700,0.0,0.0
2023-01-27 00:00:00-05:00,68.25860125722042,68.3673794322944,66.12187778860645,66.54922485351562,98100,0.0,0.0
2023-01-30 00:00:00-05:00,65.71783717731991,66.54144495050447,65.32934204989849,65.80330657958984,94800,0.0,0.0
2023-01-31 00:00:00-05:00,66.13742091531185,67.03872664134853,65.43035684936503,66.54922485351562,87700,0.0,0.0
2023-02-01 00:00:00-05:00,66.17626217245626,66.76677645800375,64.03953885571667,65.94316864013672,93000,0.0,0.0
2023-02-02 00:00:00-05:00,66.11409965957955,66.11409965957955,63.21592925325988,64.19493865966797,130000,0.0,0.0
2023-02-03 00:00:00-05:00,64.21824620682929,66.85224271531428,64.21824620682929,64.98746490478516,101300,0.0,0.0
2023-02-06 00:00:00-05:00,65.71008480949021,65.74116514011862,63.6510588471023,64.22603607177734,78900,0.0,0.0
2023-02-07 00:00:00-05:00,64.68445096392219,65.82662780329129,63.90746056195316,65.33712005615234,119100,0.0,0.0
2023-02-08 00:00:00-05:00,64.21827166628397,65.27497931358536,63.80646761349119,64.53683471679688,75300,0.0,0.0
2023-02-09 00:00:00-05:00,64.4979729264742,64.92531407752074,63.72098254860836,64.24933624267578,92500,0.0,0.0
2023-02-10 00:00:00-05:00,64.95638411926923,66.04417166164227,64.38141299051577,65.80330657958984,85400,0.0,0.0
2023-02-13 00:00:00-05:00,65.88101109550924,66.62692110438907,65.1894901728613,65.82662200927734,122800,0.0,0.0
2023-02-14 00:00:00-05:00,65.49545224106718,67.28823420782444,65.15881510003823,66.86548614501953,79200,0.637,0.0
2023-02-15 00:00:00-05:00,66.15309212060534,66.15309212060534,63.303420937855506,63.74966049194336,183200,0.0,0.0
2023-02-16 00:00:00-05:00,63.099843924540764,63.94535196756697,62.622288787620796,63.03721237182617,80500,0.0,0.0
2023-02-17 00:00:00-05:00,61.604556794176986,62.097766863744106,60.054458618164055,60.05445861816406,113800,0.0,0.0
2023-02-21 00:00:00-05:00,59.78045322450964,60.046628381808155,57.940694545397996,58.050296783447266,145600,0.0,0.0
2023-02-22 00:00:00-05:00,58.05029653344039,58.99757642842885,56.15573674346346,56.711578369140625,158100,0.0,0.0
2023-02-23 00:00:00-05:00,57.20480728149415,58.559186767508216,56.36712934815193,57.20480728149414,120300,0.0,0.0
2023-02-24 00:00:00-05:00,56.531526131934534,58.84884046119548,56.374953180138284,57.61972427368164,143400,0.0,0.0
2023-02-27 00:00:00-05:00,57.93285791965854,59.45946462433803,57.541419690471656,57.79977035522461,177600,0.0,0.0
2023-02-28 00:00:00-05:00,58.363460790116086,58.974103664808204,57.27526264719033,58.191226959228516,193300,0.0,0.0
2023-03-01 00:00:00-05:00,57.90937747593833,61.21311736516007,57.88589213586193,60.25800704956055,74500,0.0,0.0
2023-03-02 00:00:00-05:00,60.08578528015357,60.91563265087867,59.381195072521386,60.27367401123047,65000,0.0,0.0
2023-03-03 00:00:00-05:00,60.03098257053487,60.179731047360946,58.880152923854006,58.95061492919922,83500,0.0,0.0
2023-03-06 00:00:00-05:00,58.77837663230629,60.53201854601424,58.1677338392305,60.234527587890625,96900,0.0,0.0
2023-03-07 00:00:00-05:00,59.89006662885336,60.62597262685473,59.44382715563181,60.26585006713867,57600,0.0,0.0
2023-03-08 00:00:00-05:00,60.398925062892836,61.14265537205699,59.55341698289911,60.25800704956055,58900,0.0,0.0
2023-03-09 00:00:00-05:00,60.579010332652004,61.40103343913309,59.20115133550251,59.240291595458984,69300,0.0,0.0
2023-03-10 00:00:00-05:00,58.856664216431255,60.054464482979355,57.7684661982683,57.948524475097656,74700,0.0,0.0
2023-03-13 00:00:00-04:00,56.53936837037615,58.40261316623621,56.36713450373229,57.040409088134766,99000,0.0,0.0
2023-03-14 00:00:00-04:00,56.737043238307905,58.30497257439142,55.23214173646636,56.059444427490234,141800,0.465,0.0
2023-03-15 00:00:00-04:00,54.78305973669741,54.78305973669741,51.12717927928198,51.85205078125,138200,0.0,0.0
2023-03-16 00:00:00-04:00,50.85141509459013,53.19149508781924,50.08714589693713,52.7345085144043,101100,0.0,0.0
2023-03-17 00:00:00-04:00,52.553281110732556,53.21512468864341,50.93019811616799,52.15932846069336,73200,0.0,0.0
2023-03-20 00:00:00-04:00,51.2295937933623,53.62482633834156,51.2295937933623,53.301788330078125,71100,0.0,0.0
2023-03-21 00:00:00-04:00,53.679977584800774,55.14548169600751,53.679977584800774,54.94850540161133,61700,0.0,0.0
2023-03-22 00:00:00-04:00,55.14548505834081,55.46064835083874,53.95575249573986,54.207881927490234,61300,0.0,0.0
2023-03-23 00:00:00-04:00,54.47577295628038,55.14549127126692,52.85268993222634,53.35694885253906,54800,0.0,0.0
2023-03-24 00:00:00-04:00,52.372073406170074,53.94000348418244,52.19085251747179,53.60120391845703,68000,0.0,0.0
2023-03-27 00:00:00-04:00,54.38909027792815,55.318818573757646,53.67209973394558,55.137603759765625,55000,0.0,0.0
2023-03-28 00:00:00-04:00,55.15337237542912,56.48493428923288,55.15337237542912,55.78369903564453,48600,0.0,0.0
2023-03-29 00:00:00-04:00,55.88612507152591,56.87888746646174,55.43701927569027,56.70554733276367,59100,0.0,0.0
2023-03-30 00:00:00-04:00,56.70554957934898,57.05222986048005,55.41338527307605,55.82309341430664,63700,0.0,0.0
2023-03-31 00:00:00-04:00,56.421885341421756,57.28069902491367,55.81519504114384,56.579463958740234,54400,0.0,0.0
2023-04-03 00:00:00-04:00,60.006844415935426,61.06263417301668,58.69891930180314,59.66804504394531,94000,0.0,0.0
2023-04-04 00:00:00-04:00,60.36140164135498,60.36140164135498,57.84010808300644,58.58861541748047,27600,0.0,0.0
2023-04-05 00:00:00-04:00,58.304977950484044,58.61226046148613,57.564345225894954,58.34437561035156,27000,0.0,0.0
2023-04-06 00:00:00-04:00,58.04496870943355,59.52623418124991,57.840117706460696,59.06136703491211,30800,0.0,0.0
2023-04-10 00:00:00-04:00,59.87290799956924,61.70084762573242,59.87290799956924,61.70084762573242,57600,0.0,0.0
2023-04-11 00:00:00-04:00,62.244512706440545,62.93786713963051,61.5905499277133,62.717254638671875,55100,0.0,0.0
2023-04-12 00:00:00-04:00,63.032404959115915,64.13547324814816,62.71724173207262,63.3712043762207,63600,0.0,0.0
2023-04-13 00:00:00-04:00,64.15123810688085,64.15123810688085,62.59118922178505,62.7487678527832,85400,0.0,0.0
2023-04-14 00:00:00-04:00,62.79646274323734,63.59135467669604,61.12719089588291,61.68361282348633,56100,0.7,0.0
2023-04-17 00:00:00-04:00,61.99360640963259,62.69311503686614,61.254356833288014,61.3338508605957,32700,0.0,0.0
2023-04-18 00:00:00-04:00,61.23847997508239,61.25437514657043,60.02229619400214,60.66615676879883,41700,0.0,0.0
2023-04-19 00:00:00-04:00,60.403830445075585,61.14308011380719,60.19716292896744,60.809226989746094,32100,0.0,0.0
2023-04-20 00:00:00-04:00,60.34818891351712,61.0,60.07792859049567,61.0,32300,0.0,0.0
2023-04-21 00:00:00-04:00,60.74564147758766,61.3815574645996,60.45153533684368,61.38155746459961,23800,0.0,0.0
2023-04-24 00:00:00-04:00,61.73925895644048,62.891855972240734,61.62797456381763,62.64543533325195,35600,0.0,0.0
2023-04-25 00:00:00-04:00,62.63746963334854,62.63746963334854,60.848963272727396,61.17486572265625,38000,0.0,0.0
2023-04-26 00:00:00-04:00,61.53259395224389,61.53259395224389,59.465869856230285,59.6407470703125,40700,0.0,0.0
2023-04-27 00:00:00-04:00,59.69639034847577,60.36410280845142,58.44045948330472,58.59944152832031,29300,0.0,0.0
2023-04-28 00:00:00-04:00,58.79816234863069,60.6661573401156,58.79816234863069,59.72023391723633,37100,0.0,0.0
2023-05-01 00:00:00-04:00,60.14944896127513,60.68997551921825,59.06839584538889,59.656620025634766,41000,0.0,0.0
2023-05-02 00:00:00-04:00,59.219449938723926,59.219449938723926,56.683742691968696,57.64556121826172,47700,0.0,0.0
2023-05-03 00:00:00-04:00,57.232221357967504,57.30375872368366,56.039883413009846,56.206809997558594,47000,0.0,0.0
2023-05-04 00:00:00-04:00,56.07963328506799,56.66785166971476,54.21958284290595,55.10191345214844,66500,0.0,0.0
2023-05-05 00:00:00-04:00,55.93654283215513,57.621709707927046,55.93654283215513,56.1988525390625,68800,0.0,0.0
2023-05-08 00:00:00-04:00,56.86656518874894,57.62966065729338,56.30219268798828,56.30219268798828,45500,0.0,0.0
2023-05-09 00:00:00-04:00,57.04144651177799,58.30532176765567,56.516814927761054,56.739383697509766,26000,0.0,0.0
2023-05-10 00:00:00-04:00,57.224262493517585,57.23221311007728,55.801405356507935,56.651939392089844,37300,0.0,0.0
2023-05-11 00:00:00-04:00,56.405528907977185,56.96195688076509,56.14321312357192,56.42937469482422,34900,0.0,0.0
2023-05-12 00:00:00-04:00,56.3965553886464,57.95757094485143,56.3965553886464,57.00495147705078,39500,0.499,0.0
2023-05-15 00:00:00-04:00,57.47725389012453,57.941550165426776,56.44458387635295,57.08499526977539,64100,0.0,0.0
2023-05-16 00:00:00-04:00,56.58067453720879,57.437229492307296,55.41992460718326,55.56401824951172,50100,0.0,0.0
2023-05-17 00:00:00-04:00,55.94025467216619,56.99693930293207,55.523987560186825,55.84419631958008,37800,0.0,0.0
2023-05-18 00:00:00-04:00,55.82818125867758,57.14103164574332,55.45193643296838,57.101009368896484,39400,0.0,0.0
2023-05-19 00:00:00-04:00,57.42122995534455,58.47791477996835,57.1170288297493,58.293792724609375,45900,0.0,0.0
2023-05-22 00:00:00-04:00,58.26977721710789,59.654671630658385,58.19772733310736,58.9742317199707,57800,0.0,0.0
2023-05-23 00:00:00-04:00,59.36649064775688,60.519233828968325,57.645373614641535,57.97358322143555,72200,0.0,0.0
2023-05-24 00:00:00-04:00,57.83748757247817,58.149689438942744,56.436579568992535,56.70075225830078,44600,0.0,0.0
2023-05-25 00:00:00-04:00,56.63672414456542,56.924911498068695,54.531361191310324,56.02832794189453,99600,0.0,0.0
2023-05-26 00:00:00-04:00,55.80417382117454,58.493917911862326,55.636065578940894,58.093658447265625,75500,0.0,0.0
2023-05-30 00:00:00-04:00,57.74944254075204,59.04628557265015,57.08501027769758,58.982242584228516,72400,0.0,0.0
2023-05-31 00:00:00-04:00,58.061636933425305,58.56596776739446,55.23580609172573,55.42792892456055,303700,0.0,0.0
2023-06-01 00:00:00-04:00,55.948255754711454,56.732766828298864,55.59602554524689,55.66006851196289,55400,0.0,0.0
2023-06-02 00:00:00-04:00,56.34853213222149,57.429231564769715,56.07635860279133,56.836849212646484,34800,0.0,0.0
2023-06-05 00:00:00-04:00,57.869527583706,57.869527583706,54.77952330974172,55.17978286743164,85900,0.0,0.0
2023-06-06 00:00:00-04:00,55.27582846557304,56.01230433418588,54.03502181787662,54.06704330444336,64000,0.0,0.0
2023-06-07 00:00:00-04:00,54.07504416745154,55.71610394538271,54.07504416745154,55.227787017822266,52800,0.0,0.0
2023-06-08 00:00:00-04:00,55.51599073475035,55.532004534736394,54.21915387974043,54.31521224975586,52900,0.0,0.0
2023-06-09 00:00:00-04:00,54.41127583002832,55.411924551023475,54.155110001752575,54.22715377807617,61500,0.0,0.0
2023-06-12 00:00:00-04:00,54.419281628609376,55.227801381429416,53.706814134801895,54.371246337890625,81600,0.0,0.0
2023-06-13 00:00:00-04:00,54.971627712037986,55.55600915715122,53.954971464481005,53.96297836303711,46300,0.0,0.0
2023-06-14 00:00:00-04:00,54.10455671062349,54.627423842677345,53.64604377820949,53.895408630371094,63400,0.326,0.0
2023-06-15 00:00:00-04:00,53.71843044990812,55.18245454113914,53.71843044990812,54.908958435058594,55500,0.0,0.0
2023-06-16 00:00:00-04:00,54.900920126923374,56.00296278426793,54.72394914603476,55.43987274169922,47900,0.0,0.0
2023-06-20 00:00:00-04:00,55.34335812503063,55.34335812503063,53.33233502655067,53.72649383544922,51700,0.0,0.0
2023-06-21 00:00:00-04:00,53.29209815161874,54.67568266293368,53.14730428096592,54.01606750488281,27600,0.0,0.0
2023-06-22 00:00:00-04:00,53.53342176490246,53.710386590883594,52.51986469968273,52.712921142578125,53800,0.0,0.0
2023-06-23 00:00:00-04:00,52.624441242288114,52.99446868756292,51.24085969287422,51.41782760620117,84100,0.0,0.0
2023-06-26 00:00:00-04:00,51.168462397828726,52.23832795400497,51.14433110721869,51.36151885986328,56100,0.0,0.0
2023-06-27 00:00:00-04:00,51.055846490208104,52.182020456122814,50.629507581149596,50.79039001464844,68500,0.0,0.0
2023-06-28 00:00:00-04:00,50.782350110493475,52.43943405151367,50.69386461369753,52.43943405151367,79500,0.0,0.0
2023-06-29 00:00:00-04:00,52.487679542731655,53.758647049020205,52.487679542731655,53.525367736816406,38400,0.0,0.0
2023-06-30 00:00:00-04:00,53.56560474397944,53.60582765813701,52.785332988856005,53.04274368286133,51400,0.0,0.0
2023-07-03 00:00:00-04:00,52.4796492968792,53.29210422689246,52.4796492968792,52.59226608276367,27000,0.0,0.0
2023-07-05 00:00:00-04:00,52.99447525411035,52.99447525411035,51.844169866353575,52.20615768432617,42700,0.0,0.0
2023-07-06 00:00:00-04:00,51.85220321419825,52.3107160970378,50.17098828759429,51.07997131347656,64100,0.0,0.0
2023-07-07 00:00:00-04:00,51.07997647417467,52.80945722002246,51.07997647417467,52.26245880126953,48500,0.0,0.0
2023-07-10 00:00:00-04:00,52.07744617976785,53.27602022113702,52.07744617976785,53.09100341796875,39600,0.0,0.0
2023-07-11 00:00:00-04:00,53.48515970355178,55.06984662325031,53.43689712111367,55.04571533203125,51900,0.0,0.0
2023-07-12 00:00:00-04:00,55.61684368192954,55.61684368192954,54.31369875401045,54.514801025390625,47900,0.0,0.0
2023-07-13 00:00:00-04:00,54.82852163621932,55.11810323664201,54.01606680928796,54.55501937866211,43900,0.0,0.0
2023-07-14 00:00:00-04:00,54.57118695246744,54.57118695246744,52.34049702787318,52.42131805419922,47300,0.32,0.0
2023-07-17 00:00:00-04:00,51.78281134788768,52.30007321482672,51.53226128222237,51.798973083496094,66200,0.0,0.0
2023-07-18 00:00:00-04:00,51.72624908536066,53.44776109288303,51.532274294715684,51.73433303833008,63100,0.0,0.0
2023-07-19 00:00:00-04:00,51.726241901805125,52.7041904228113,51.56459677923713,51.79090118408203,50700,0.0,0.0
2023-07-20 00:00:00-04:00,51.80704437746287,52.2758147568037,51.72622338667047,51.815128326416016,33400,0.0,0.0
2023-07-21 00:00:00-04:00,52.35666620874352,53.003246843756536,51.85557207454587,52.485984802246094,37100,0.0,0.0
2023-07-24 00:00:00-04:00,52.5344665924729,53.973101767943895,52.526382640293626,53.82762145996094,53800,0.0,0.0
2023-07-25 00:00:00-04:00,53.16487217111889,53.98926252936937,53.16487217111889,53.496246337890625,31700,0.0,0.0
2023-07-26 00:00:00-04:00,53.42352290369728,53.682153938799516,52.768864444962006,52.914344787597656,24300,0.0,0.0
2023-07-27 00:00:00-04:00,53.342697055624456,54.34489145557415,52.69611644299579,53.37502670288086,39700,0.0,0.0
2023-07-28 00:00:00-04:00,53.38310374100911,54.19132631897292,53.38310374100911,53.55282974243164,21700,0.0,0.0
2023-07-31 00:00:00-04:00,53.948858876416615,54.918723535785126,53.649814292757576,54.89447784423828,37900,0.0,0.0
2023-08-01 00:00:00-04:00,54.748997698096694,54.878316275078795,53.98118868757518,54.82981872558594,31000,0.0,0.0
2023-08-02 00:00:00-04:00,54.39338918255315,54.652020195177116,53.48817755524441,53.52859115600586,35600,0.0,0.0
2023-08-03 00:00:00-04:00,53.779124216427796,55.435976590120156,53.77104026512983,55.26625061035156,38500,0.0,0.0
2023-08-04 00:00:00-04:00,55.28242917070673,55.686540486039014,54.837904257341485,55.12078094482422,49900,0.0,0.0
2023-08-07 00:00:00-04:00,55.26625321783207,55.26625321783207,53.391177234364704,54.1024169921875,72200,0.0,0.0
2023-08-08 00:00:00-04:00,53.504336472654565,54.64393335849971,53.504336472654565,54.150917053222656,25100,0.0,0.0
2023-08-09 00:00:00-04:00,54.514613538544,55.629964706395874,54.514613538544,55.064205169677734,34200,0.0,0.0
2023-08-10 00:00:00-04:00,55.36324139715273,55.92091689683446,54.797488112148315,55.104610443115234,29000,0.0,0.0
2023-08-11 00:00:00-04:00,54.959143717622666,55.99366778923676,54.959143717622666,55.38750076293945,30500,0.0,0.0
2023-08-14 00:00:00-04:00,55.7276197059499,55.938680155309456,54.4612632030626,55.37044143676758,35200,0.299,0.0
2023-08-15 00:00:00-04:00,54.94020608610158,55.20808978180465,53.85243874291482,54.242088317871094,34600,0.0,0.0
2023-08-16 00:00:00-04:00,53.70632743065424,54.59114751802819,53.48714760807562,53.649497985839844,29200,0.0,0.0
2023-08-17 00:00:00-04:00,53.690097894975445,54.32327314754379,53.414100966736314,54.055389404296875,19400,0.0,0.0
2023-08-18 00:00:00-04:00,53.86056211902225,54.87526753269362,53.665740413713046,54.022918701171875,31400,0.0,0.0
2023-08-21 00:00:00-04:00,53.819970861294,54.38820334429976,52.94326400756836,52.94326400756836,29200,0.0,0.0
2023-08-22 00:00:00-04:00,52.96762652347136,53.35727615626938,52.090919494628906,52.090919494628906,32200,0.0,0.0
2023-08-23 00:00:00-04:00,51.95291414359927,51.99350483508196,50.905737474699954,51.059974670410156,42600,0.0,0.0
2023-08-24 00:00:00-04:00,50.69468492509118,50.93821361387829,49.75303839091518,49.98033142089844,65700,0.0,0.0
2023-08-25 00:00:00-04:00,50.01280462918663,51.611981470514735,49.51762785517324,51.14927291870117,53400,0.0,0.0
2023-08-28 00:00:00-04:00,51.32786219993006,52.43185917328226,51.222331961777755,52.28574752807617,58500,0.0,0.0
2023-08-29 00:00:00-04:00,52.318208651587696,54.05538382433146,52.14773888528335,54.022918701171875,56800,0.0,0.0
2023-08-30 00:00:00-04:00,54.02291065795001,54.469377257530844,53.836202164593686,54.00667190551758,30600,0.0,0.0
2023-08-31 00:00:00-04:00,54.58301956825076,54.87525515694327,53.57643375901488,53.73067092895508,23200,0.0,0.0
2023-09-01 00:00:00-04:00,54.21774520699348,54.75350649234841,53.74692036697761,53.852447509765625,38500,0.0,0.0
2023-09-05 00:00:00-04:00,54.43690923319964,54.704792925086416,52.71597296760664,52.75655746459961,81500,0.0,0.0
2023-09-06 00:00:00-04:00,53.18680123187511,53.43033303133053,51.79868793546494,52.07468795776367,35500,0.0,0.0
2023-09-07 00:00:00-04:00,52.074680520061825,52.66726498441716,51.31973948150157,51.57138442993164,43600,0.0,0.0
2023-09-08 00:00:00-04:00,51.54703735091751,53.235508722182914,51.54703735091751,53.11374282836914,36100,0.0,0.0
2023-09-11 00:00:00-04:00,53.41409710835142,53.41409710835142,51.4658614150696,51.555152893066406,40800,0.0,0.0
2023-09-12 00:00:00-04:00,51.58763139145157,52.48057416543388,51.58763139145157,52.31010437011719,22400,0.0,0.0
2023-09-13 00:00:00-04:00,52.48057016134208,52.48057016134208,51.59574683367573,52.07468795776367,38000,0.0,0.0
2023-09-14 00:00:00-04:00,52.08611110611368,53.58011551275624,52.08611110611368,53.00864028930664,63700,0.364,0.0
2023-09-15 00:00:00-04:00,53.3188767051649,53.343367614281846,52.55146789550781,52.55146789550781,25300,0.0,0.0
2023-09-18 00:00:00-04:00,52.6330970824585,53.62093635773191,52.600440466505745,52.9188346862793,32700,0.0,0.0
2023-09-19 00:00:00-04:00,53.065793289564496,53.24540158650733,52.05345986266862,52.64126968383789,47100,0.0,0.0
2023-09-20 00:00:00-04:00,52.216734859146065,53.033131600962506,52.18407824203987,52.47798156738281,25300,0.0,0.0
2023-09-21 00:00:00-04:00,52.33919336318535,52.74739171652256,52.086109262966026,52.48614501953125,30000,0.0,0.0
2023-09-22 00:00:00-04:00,52.894341891921115,52.894341891921115,51.84118942236401,52.396339416503906,35900,0.0,0.0
2023-09-25 00:00:00-04:00,52.25755704361936,54.2250699470943,52.25755704361936,54.192413330078125,45300,0.0,0.0
2023-09-26 00:00:00-04:00,53.4005249937825,54.576132311387546,52.94333848768941,53.80872344970703,30300,0.0,0.0
2023-09-27 00:00:00-04:00,54.118935013676364,56.029300196864654,53.80870652704067,55.30270767211914,66000,0.0,0.0
2023-09-28 00:00:00-04:00,55.62927326869163,55.62927326869163,54.159756647798815,54.567955017089844,42100,0.0,0.0
2023-09-29 00:00:00-04:00,54.821044519091686,54.821044519091686,53.686253503605855,53.8005485534668,26400,0.0,0.0
2023-10-02 00:00:00-04:00,53.80054257228707,53.80054257228707,51.653418427309184,52.18407440185547,41700,0.0,0.0
2023-10-03 00:00:00-04:00,51.865690853615156,52.56779264249399,51.59628151271214,52.494319915771484,27600,0.0,0.0
2023-10-04 00:00:00-04:00,52.06978040449659,52.09427442316608,50.42882441172831,50.69007110595703,72100,0.0,0.0
2023-10-05 00:00:00-04:00,50.616601004295326,51.31053703040576,50.616601004295326,51.13093185424805,17500,0.0,0.0
2023-10-06 00:00:00-04:00,51.00847613106132,52.80454987028813,50.9431660008149,52.07795715332031,34400,0.0,0.0
2023-10-09 00:00:00-04:00,52.8127037609617,53.87401571861798,52.6575863970238,53.28620910644531,51500,0.0,0.0
2023-10-10 00:00:00-04:00,52.869837271129356,54.10259145925888,52.869837271129356,53.612754821777344,34400,0.0,0.0
2023-10-11 00:00:00-04:00,53.46582690241538,53.60461909790991,52.665761493302014,52.75556564331055,21700,0.0,0.0
2023-10-12 00:00:00-04:00,52.861684152801544,52.894340766893116,51.58810423198538,51.775875091552734,31900,0.0,0.0
2023-10-13 00:00:00-04:00,52.27526718365116,52.92307124536913,51.91446646566446,52.02106475830078,28400,0.279,0.0
2023-10-16 00:00:00-04:00,52.431062346988504,52.439264139912595,50.88125505948829,51.22565841674805,60500,0.0,0.0
2023-10-17 00:00:00-04:00,50.70905488430871,51.635660415372655,49.41344687378856,50.56965255737305,102800,0.0,0.0
2023-10-18 00:00:00-04:00,50.59425026173758,50.84025084991404,50.14324866206952,50.31544876098633,25000,0.0,0.0
2023-10-19 00:00:00-04:00,49.61025652359148,51.66026712373989,49.61025652359148,50.74186325073242,53400,0.0,0.0
2023-10-20 00:00:00-04:00,50.52045221545411,50.610653165362926,49.9464487299076,50.225250244140625,22700,0.0,0.0
2023-10-23 00:00:00-04:00,49.7824517945964,49.97925416931347,48.823048429028184,49.02804946899414,70700,0.0,0.0
2023-10-24 00:00:00-04:00,49.282250428757116,49.79885394285885,48.83945054473765,49.06085205078125,28900,0.0,0.0
2023-10-25 00:00:00-04:00,48.78204611542822,49.0198449311434,47.42903807617839,47.97843933105469,60800,0.0,0.0
2023-10-26 00:00:00-04:00,48.25723647652987,48.29823918096131,47.0764317856762,47.716033935546875,40300,0.0,0.0
2023-10-27 00:00:00-04:00,47.445438325307485,48.05223961524828,46.8878352800245,47.82263946533203,40800,0.0,0.0
2023-10-30 00:00:00-04:00,47.60124740655044,47.60124740655044,45.59223631274042,45.961238861083984,86200,0.0,0.0
2023-10-31 00:00:00-04:00,45.92843496437851,47.37984280846811,45.78083708266994,47.35524368286133,50800,0.0,0.0
2023-11-01 00:00:00-04:00,47.59304175282147,48.23264399066869,47.02723688574038,47.89644241333008,40600,0.0,0.0
2023-11-02 00:00:00-04:00,47.5520461781067,47.5520461781067,45.76443672510511,47.14204406738281,117300,0.0,0.0
2023-11-03 00:00:00-04:00,47.51924021857145,50.274454610905885,47.28143826883683,49.6922492980957,228200,0.0,0.0
2023-11-06 00:00:00-05:00,49.536450664449696,49.88085403465717,47.72424224046394,48.765647888183594,145600,0.0,0.0
2023-11-07 00:00:00-05:00,48.03583961116484,48.95424328776172,47.15023371982455,48.298240661621094,78100,0.0,0.0
2023-11-08 00:00:00-05:00,48.298239466527434,48.429439988509124,46.740230530936024,47.117431640625,77900,0.0,0.0
2023-11-09 00:00:00-05:00,47.16663915855242,49.192050413262585,47.16663915855242,48.601646423339844,47100,0.0,0.0
2023-11-10 00:00:00-05:00,49.20025497337425,49.749656319104304,48.19984878793389,49.27405548095703,49300,0.0,0.0
2023-11-13 00:00:00-05:00,49.77425550087972,51.56186490480027,49.331452482719335,50.88125991821289,90100,0.0,0.0
2023-11-14 00:00:00-05:00,50.873788672011166,51.98551217042098,50.60830274685436,51.13927459716797,88500,0.721,0.0
2023-11-15 00:00:00-05:00,50.641494279660115,51.844479277047654,50.60830774452781,50.741050720214844,50400,0.0,0.0
2023-11-16 00:00:00-05:00,50.62489337818928,50.72444980373155,49.94458533477395,50.03584671020508,48900,0.0,0.0
2023-11-17 00:00:00-05:00,50.11881172317629,52.03529118354184,50.11881172317629,51.064605712890625,41100,0.0,0.0
2023-11-20 00:00:00-05:00,51.08120105498654,51.82788221660883,50.25985494204398,50.79912185668945,39700,0.0,0.0
2023-11-21 00:00:00-05:00,50.38428647487073,51.85275693093577,50.38428647487073,51.43793487548828,29800,0.0,0.0
2023-11-22 00:00:00-05:00,50.89037375740292,52.815147987806704,50.865485444933306,51.811279296875,73600,0.0,0.0
2023-11-24 00:00:00-05:00,51.520907059302615,52.72389186411632,51.346682525011154,51.8444709777832,37900,0.0,0.0
2023-11-27 00:00:00-05:00,51.686842205225744,52.52478476833304,51.04801567800635,51.089500427246094,30700,0.0,0.0
2023-11-28 00:00:00-05:00,50.8903868659592,51.91914729919424,50.42578486952367,50.68297576904297,34800,0.0,0.0
2023-11-29 00:00:00-05:00,51.968923460340406,52.051889797251306,51.164167398936485,51.529212951660156,33100,0.0,0.0
2023-11-30 00:00:00-05:00,51.88595186335774,53.122120016608555,51.67024258725706,52.159732818603516,40100,0.0,0.0
2023-12-01 00:00:00-05:00,51.66195397224503,53.29635118705712,51.66195397224503,52.59945297241211,39700,0.0,0.0
2023-12-04 00:00:00-05:00,52.24269747489751,54.38318107870213,51.778095572988214,54.29191970825195,72000,0.0,0.0
2023-12-05 00:00:00-05:00,54.972247623705925,58.19126608005404,54.5491271465312,57.99215316772461,155100,0.0,0.0
2023-12-06 00:00:00-05:00,58.39035740459127,58.6724397283128,57.328413825203654,58.08339309692383,120900,0.0,0.0
2023-12-07 00:00:00-05:00,58.15806969891896,59.73439528487331,57.61050770024345,58.94623565673828,79100,0.0,0.0
2023-12-08 00:00:00-05:00,58.913043597609395,60.14921183402481,57.85109990487531,58.713924407958984,50100,0.0,0.0
2023-12-11 00:00:00-05:00,58.290815929303726,58.697339903319,56.63152716878587,58.25762939453125,69600,0.0,0.0
2023-12-12 00:00:00-05:00,57.67687333454532,57.67687333454532,56.09225589254541,56.814048767089844,70100,0.0,0.0
2023-12-13 00:00:00-05:00,56.814045985076476,57.54413071012881,55.254310607910156,55.254310607910156,169600,0.0,0.0
2023-12-14 00:00:00-05:00,55.83929993022165,56.472398554282634,55.20620130616066,55.45100021362305,102700,1.143,0.0
2023-12-15 00:00:00-05:00,55.51008749490533,55.60294247219773,54.59842395796828,54.88542556762695,38700,0.0,0.0
2023-12-18 00:00:00-05:00,55.02892557924645,56.67497915994735,55.02892557924645,56.278236389160156,69300,0.0,0.0
2023-12-19 00:00:00-05:00,56.328890404630556,57.49378940262221,56.26135834788024,57.15613555908203,87400,0.0,0.0
2023-12-20 00:00:00-05:00,56.84381128853716,57.35029533331014,55.738001100554605,56.02500915527344,74800,0.0,0.0
2023-12-21 00:00:00-05:00,56.06720287028549,57.27431096160048,56.06720287028549,56.539920806884766,20300,0.0,0.0
2023-12-22 00:00:00-05:00,56.700312122116415,57.5697665491456,56.700312122116415,57.00419998168945,24600,0.0,0.0
2023-12-26 00:00:00-05:00,57.400928961932784,57.704816748124586,57.03795224177095,57.333396911621094,30900,0.0,0.0
2023-12-27 00:00:00-05:00,57.82299385965001,58.30414844145765,56.61588584701531,57.17301559448242,47000,0.0,0.0
2023-12-28 00:00:00-05:00,56.590577354575444,57.67106465983121,56.590577354575444,56.79316711425781,33600,0.0,0.0
2023-12-29 00:00:00-05:00,57.62041448761668,58.03403709419233,56.79316283425352,57.28276062011719,56600,0.0,0.0
2024-01-02 00:00:00-05:00,57.189903273301965,59.29178868997663,57.139257449351994,57.400936126708984,123600,0.0,0.0
2024-01-03 00:00:00-05:00,57.66261722706859,58.8781685746386,57.274317533308576,58.54895782470703,50700,0.0,0.0
2024-01-04 00:00:00-05:00,58.90349340778742,58.90349340778742,57.991829867391914,58.28728103637695,84600,0.0,0.0
2024-01-05 00:00:00-05:00,58.24507919807471,58.24507919807471,52.66536892199864,55.273738861083984,207200,0.0,0.0
2024-01-08 00:00:00-05:00,55.121788264382495,55.83085561685051,54.04129455933601,55.138668060302734,75700,0.0,0.0
2024-01-09 00:00:00-05:00,55.138655800852355,56.05031914293797,54.23543557495569,55.79707717895508,58100,0.0,0.0
2024-01-10 00:00:00-05:00,55.366573359083205,56.29512301644237,54.5308851076712,55.577606201171875,47000,0.0,0.0
2024-01-11 00:00:00-05:00,56.12629084356717,56.12629084356717,54.699713262117506,54.89385986328125,39000,0.0,0.0
2024-01-12 00:00:00-05:00,56.04710233775694,56.183080230700554,55.069788788301594,55.5286979675293,29300,0.437,0.0
2024-01-16 00:00:00-05:00,55.52869137617382,55.52869137617382,53.84600729532239,54.058467864990234,46400,0.0,0.0
2024-01-17 00:00:00-05:00,53.8035259977832,54.559882008146495,53.19163840409758,54.109466552734375,27500,0.0,0.0
2024-01-18 00:00:00-05:00,53.964991212885586,54.7298506528169,53.183137778192595,53.58256149291992,25500,0.0,0.0
2024-01-19 00:00:00-05:00,53.54006839592656,53.58255986532284,52.69022604043566,52.86019515991211,37300,0.0,0.0
2024-01-22 00:00:00-05:00,52.571239525079356,53.49756766181853,52.103826958884156,53.327598571777344,35400,0.0,0.0
2024-01-23 00:00:00-05:00,53.33610250532301,54.67885168334096,53.33610250532301,54.13495635986328,29700,0.0,0.0
2024-01-24 00:00:00-05:00,54.56836889732891,55.01029048855188,54.253928179456544,54.44089126586914,20700,0.0,0.0
2024-01-25 00:00:00-05:00,54.466397611810955,54.67036446103301,54.321925956449334,54.61936950683594,12300,0.0,0.0
2024-01-26 00:00:00-05:00,54.814838453988116,55.43522630020802,54.415411461956815,55.018798828125,16000,0.0,0.0
2024-01-29 00:00:00-05:00,55.01878817744246,55.18876052613899,53.72703074625948,54.168949127197266,41000,0.0,0.0
2024-01-30 00:00:00-05:00,54.296426599493444,54.3389180681274,53.07265479662278,53.276615142822266,40000,0.0,0.0
2024-01-31 00:00:00-05:00,52.95368532286882,53.50608098166994,51.848887521483114,51.99336242675781,37600,0.0,0.0
2024-02-01 00:00:00-05:00,51.857382970210956,52.46077028839825,50.74408827344549,50.761085510253906,56500,0.0,0.0
2024-02-02 00:00:00-05:00,50.98203893382866,50.98203893382866,49.85174716460485,50.14069366455078,57200,0.0,0.0
2024-02-05 00:00:00-05:00,50.13219423021691,50.3446547862594,49.061391212303924,49.74126434326172,79000,0.0,0.0
2024-02-06 00:00:00-05:00,49.5033171945367,51.83188667441146,49.5033171945367,51.415462493896484,30700,0.0,0.0
2024-02-07 00:00:00-05:00,51.84887950543749,52.2992981481122,51.440955573086015,52.180320739746094,22900,0.0,0.0
2024-02-08 00:00:00-05:00,51.86586898572026,52.8686830518434,51.551428276072045,52.77519989013672,27900,0.0,0.0
2024-02-09 00:00:00-05:00,53.21713295985274,53.40409933502345,52.52876265470904,53.0556640625,54500,0.0,0.0
2024-02-12 00:00:00-05:00,53.03015497654325,54.1774406584362,53.03015497654325,53.65053939819336,30600,0.0,0.0
2024-02-13 00:00:00-05:00,53.65053123633525,53.79500283333838,53.21710996154534,53.353084564208984,58600,0.0,0.0
2024-02-14 00:00:00-05:00,53.848459662521755,53.848459662521755,53.138352962823966,53.40357208251953,41100,0.419,0.0
2024-02-15 00:00:00-05:00,53.39501270527041,54.173565077216594,53.21534752643805,53.643123626708984,48400,0.0,0.0
2024-02-16 00:00:00-05:00,53.95968540433713,54.156462049370674,53.591797639895645,53.839908599853516,33500,0.0,0.0
2024-02-20 00:00:00-05:00,53.66879751316313,54.04523936515158,51.3160285949707,51.3160285949707,51800,0.0,0.0
2024-02-21 00:00:00-05:00,51.692479194693476,53.35225309206494,51.692479194693476,53.22391891479492,21800,0.0,0.0
2024-02-22 00:00:00-05:00,52.78759458218682,53.42925901406833,52.19726121610443,52.428260803222656,30100,0.0,0.0
2024-02-23 00:00:00-05:00,51.96625125999236,52.27424736501051,51.179141399595196,51.35880661010742,34000,0.0,0.0
2024-02-26 00:00:00-05:00,51.20481534860605,51.949148366605634,50.90537328182949,51.102149963378906,23300,0.0,0.0
2024-02-27 00:00:00-05:00,51.08503616855327,51.906365739881586,51.06792472785807,51.59836959838867,20000,0.0,0.0
2024-02-28 00:00:00-05:00,51.983365358733536,52.06036520968087,50.785593888487234,51.06792449951172,32700,0.0,0.0
2024-02-29 00:00:00-05:00,52.10313373863584,52.10313373863584,50.9481362338841,51.247581481933594,31900,0.0,0.0
2024-03-01 00:00:00-05:00,51.13636320796398,52.12024643026489,50.990917614605415,51.897804260253906,33200,0.0,0.0
2024-03-04 00:00:00-05:00,51.889250000333604,52.25713776247925,51.24758575431302,51.470027923583984,32000,0.0,0.0
2024-03-05 00:00:00-05:00,51.17058633066733,52.043250103997785,51.144917541319884,51.36736297607422,26700,0.0,0.0
2024-03-06 00:00:00-05:00,51.367362558049166,51.60691616552145,51.19625143970905,51.470027923583984,36900,0.0,0.0
2024-03-07 00:00:00-05:00,51.24759799238913,51.85503950706587,51.24759799238913,51.58981704711914,32800,0.0,0.0
2024-03-08 00:00:00-05:00,51.649695163012204,52.36835927740122,51.649695163012204,52.240028381347656,15400,0.0,0.0
2024-03-11 00:00:00-04:00,52.24003115810769,52.838915232203824,52.06036267220542,52.522361755371094,27500,0.0,0.0
2024-03-12 00:00:00-04:00,52.24002986100688,53.762912063621755,52.24002986100688,53.56613540649414,27100,0.0,0.0
2024-03-13 00:00:00-04:00,53.87413421219069,53.87413421219069,53.08702432841406,53.241024017333984,29700,0.0,0.0
2024-03-14 00:00:00-04:00,53.353848233110284,53.353848233110284,52.53566912248899,53.069637298583984,35800,0.411,0.0
2024-03-15 00:00:00-04:00,53.55192863590128,53.569153838242684,52.30312939180619,53.0782470703125,28900,0.0,0.0
2024-03-18 00:00:00-04:00,53.05241692770523,53.20744049059236,52.72514788194085,53.16437911987305,17400,0.0,0.0
2024-03-19 00:00:00-04:00,52.97490526393151,54.16341815358211,52.97490526393151,53.956722259521484,21600,0.0,0.0
2024-03-20 00:00:00-04:00,54.15480220896658,54.15480220896658,53.6552811544491,53.82752990722656,14500,0.0,0.0
2024-03-21 00:00:00-04:00,53.50887020235547,53.99116275283486,53.39690802369206,53.603607177734375,19400,0.0,0.0
2024-03-22 00:00:00-04:00,53.60360689764246,53.801691806321685,53.319395972990804,53.67250442504883,16700,0.0,0.0
2024-03-25 00:00:00-04:00,53.58637965061159,54.66293016891946,53.56915444807409,54.06867218017578,26400,0.0,0.0
2024-03-26 00:00:00-04:00,54.05145193209384,54.24092589200243,53.67250729764843,53.75001907348633,13000,0.0,0.0
2024-03-27 00:00:00-04:00,53.82753467010674,54.50791549682617,53.82753467010674,54.50791549682617,17200,0.0,0.0
2024-03-28 00:00:00-04:00,54.76628112792969,55.02465260953997,54.3012104898082,54.76628112792969,26800,0.0,0.0
2024-04-01 00:00:00-04:00,54.99020849538678,55.7653263142902,54.54236629487816,55.636138916015625,25800,0.0,0.0
2024-04-02 00:00:00-04:00,55.80838969934263,56.82465380081178,55.37776942873271,56.67823791503906,36600,0.0,0.0
2024-04-03 00:00:00-04:00,56.45431347534089,57.41029088948575,56.31651185097189,57.04856491088867,20900,0.0,0.0
2024-04-04 00:00:00-04:00,57.03134343022628,57.660045276683846,56.7126820994885,57.46196365356445,21700,0.0,0.0
2024-04-05 00:00:00-04:00,57.487801875963896,58.745212184686785,57.39306489777475,58.64186096191406,36800,0.0,0.0
2024-04-08 00:00:00-04:00,59.218893603406194,59.85620967961128,58.349038932282944,58.745208740234375,55400,0.0,0.0
2024-04-09 00:00:00-04:00,59.11554919170763,59.11554919170763,58.176800172122526,58.99497604370117,21400,0.0,0.0
2024-04-10 00:00:00-04:00,58.49545771415051,59.270575538340786,58.41794921710352,58.59019470214844,27000,0.0,0.0
2024-04-11 00:00:00-04:00,58.908851659499355,58.908851659499355,58.0992834848639,58.32320785522461,25900,0.0,0.0
2024-04-12 00:00:00-04:00,58.68434260394009,59.34410927182469,57.946449071483215,58.05062484741211,20700,0.536,0.0
2024-04-15 00:00:00-04:00,58.337095883928384,58.337095883928384,55.107723038431466,55.30738830566406,50100,0.0,0.0
2024-04-16 00:00:00-04:00,54.829925283301776,55.93242734753815,54.72575282470118,55.62858963012695,34200,0.0,0.0
2024-04-17 00:00:00-04:00,55.87165273555687,56.90470746722542,55.559132087710324,55.68935012817383,31600,0.0,0.0
2024-04-18 00:00:00-04:00,55.420238544012314,55.98450903462396,54.04862077822699,54.12675094604492,32700,0.0,0.0
2024-04-19 00:00:00-04:00,53.83160215269969,55.72408913300494,53.822922493265104,55.40288543701172,35400,0.0,0.0
2024-04-22 00:00:00-04:00,55.09904542071171,55.559143518265785,54.5174089149817,54.59553909301758,18900,0.0,0.0
2024-04-23 00:00:00-04:00,54.59553953057917,55.55914396355028,54.48268409215995,54.72575759887695,14100,0.0,0.0
2024-04-24 00:00:00-04:00,54.699720011013795,55.090370961549034,54.413244855010305,54.45664978027344,16700,0.0,0.0
2024-04-25 00:00:00-04:00,54.34378626970528,54.69971190263619,53.94445571794534,54.230934143066406,19800,0.0,0.0
2024-04-26 00:00:00-04:00,53.9270941659419,55.36815935631643,53.90973153574665,54.3871955871582,27600,0.0,0.0
2024-04-29 00:00:00-04:00,54.673665841886546,55.13376391058298,54.326423203626476,54.8559684753418,24100,0.0,0.0
2024-04-30 00:00:00-04:00,54.43927749833368,54.725755915141576,53.27600782492359,53.4149055480957,38400,0.0,0.0
2024-05-01 00:00:00-04:00,53.24127868372405,53.6492888276454,52.49470228070957,52.98084259033203,26600,0.0,0.0
2024-05-02 00:00:00-04:00,53.68401759003414,54.67366421253587,53.44094741933763,54.508724212646484,28900,0.0,0.0
2024-05-03 00:00:00-04:00,55.125093375243495,56.29704285465076,54.49137222674487,54.64763259887695,46300,0.0,0.0
2024-05-06 00:00:00-04:00,54.89937932296884,55.47233284944726,53.51039876888756,54.20488739013672,38700,0.0,0.0
2024-05-07 00:00:00-04:00,54.69102620212266,54.69102620212266,53.77950976107048,54.57817077636719,37300,0.0,0.0
2024-05-08 00:00:00-04:00,54.32643187568559,55.55914890239754,54.083358347360935,55.41157150268555,32000,0.0,0.0
2024-05-09 00:00:00-04:00,55.12508279974803,56.5921934220204,55.03827297036576,56.32307434082031,28400,0.0,0.0
2024-05-10 00:00:00-04:00,56.53143536956693,56.62692818486827,54.77784605509368,55.220584869384766,34200,0.0,0.0
2024-05-13 00:00:00-04:00,55.7327564484016,57.12174016681335,54.72575053803483,56.739768981933594,78500,0.0,0.0
2024-05-14 00:00:00-04:00,56.84314516783558,56.84314516783558,55.292402560134484,55.52895736694336,50600,0.598,0.0
2024-05-15 00:00:00-04:00,55.19602595820304,55.712941255625026,54.67035085737018,54.90690231323242,52500,0.0,0.0
2024-05-16 00:00:00-04:00,54.670363792429725,55.97579204996655,54.670363792429725,55.783042907714844,21900,0.0,0.0
2024-05-17 00:00:00-04:00,55.8531276798844,56.702972417603235,55.8531276798844,56.15977096557617,28300,0.0,0.0
2024-05-20 00:00:00-04:00,55.879414584181916,56.50146434829254,55.79180316523952,55.90570068359375,21000,0.0,0.0
2024-05-21 00:00:00-04:00,55.77427323734138,56.44889177373987,55.59028727527661,55.642852783203125,21300,0.0,0.0
2024-05-22 00:00:00-04:00,55.931978180977644,55.931978180977644,54.8455786405859,55.09089660644531,18900,0.0,0.0
2024-05-23 00:00:00-04:00,55.4588736307813,55.76552028070253,54.84558367310021,55.204795837402344,26600,0.0,0.0
2024-05-24 00:00:00-04:00,55.143466284159196,55.47639568588728,54.81930002946048,55.406307220458984,20500,0.0,0.0
2024-05-28 00:00:00-04:00,55.48515822648739,56.554034885417586,55.48515822648739,56.14225387573242,24100,0.0,0.0
2024-05-29 00:00:00-04:00,56.448895517639876,56.92200517332281,55.721708082924124,56.501461029052734,45700,0.0,0.0
2024-05-30 00:00:00-04:00,56.518990458733846,56.90448203769034,56.072163533962204,56.31747817993164,13200,0.0,0.0
2024-05-31 00:00:00-04:00,56.60660698313973,58.23620491757624,56.5803242236042,57.57910919189453,65500,0.0,0.0
2024-06-03 00:00:00-04:00,57.30750494081281,58.36761844990231,56.27367418812942,56.43137741088867,26100,0.0,0.0
2024-06-04 00:00:00-04:00,56.13349067731227,56.41385122002676,55.19603448595545,56.23862838745117,28100,0.0,0.0
2024-06-05 00:00:00-04:00,56.63288235933484,56.93952565447728,56.01959242688873,56.8431510925293,38700,0.0,0.0
2024-06-06 00:00:00-04:00,56.81687416431819,56.94829464266591,56.23863341764072,56.799354553222656,24700,0.0,0.0
2024-06-07 00:00:00-04:00,56.939523362129165,58.700541478081846,56.55403181417939,58.55160140991211,50400,0.0,0.0
2024-06-10 00:00:00-04:00,58.55159332371662,59.46276658413622,58.35008108895251,59.410194396972656,39100,0.0,0.0
2024-06-11 00:00:00-04:00,59.576683044433594,59.576683044433594,58.79692993345088,59.576683044433594,25900,0.0,0.0
2024-06-12 00:00:00-04:00,59.243752437772876,60.45280615450662,58.87577375500755,59.042240142822266,60900,0.0,0.0
2024-06-13 00:00:00-04:00,59.18241963631098,59.18241963631098,57.36007269851065,57.587867736816406,29900,0.0,0.0
2024-06-14 00:00:00-04:00,57.56157817896293,57.903267393570985,56.72049652113366,57.33378982543945,34600,0.0,0.0
2024-06-17 00:00:00-04:00,57.393856848491666,57.393856848491666,55.688913656994444,56.572303771972656,66700,0.538,0.0
2024-06-18 00:00:00-04:00,56.23661817152302,57.29668705108187,55.830259501483056,56.09527587890625,62300,0.0,0.0
2024-06-20 00:00:00-04:00,55.715417781769396,56.7843190792667,55.63591253163271,56.263118743896484,35500,0.0,0.0
2024-06-21 00:00:00-04:00,56.09527270357279,56.492798932138214,55.31788845325217,55.58290481567383,31100,0.0,0.0
2024-06-24 00:00:00-04:00,55.56523896130842,57.27901118226423,55.56523896130842,57.08467102050781,29800,0.0,0.0
2024-06-25 00:00:00-04:00,56.89916077710202,57.24368238419567,56.34262068892631,57.04933547973633,33200,0.0,0.0
2024-06-26 00:00:00-04:00,57.376186079916856,57.376186079916856,56.34262124837324,56.510467529296875,15400,0.0,0.0
2024-06-27 00:00:00-04:00,56.53695978906968,57.711870102221674,56.360281115755754,57.66769790649414,26100,0.0,0.0
2024-06-28 00:00:00-04:00,58.3037422361567,58.3037422361567,56.9963220205309,57.14650344848633,27900,0.0,0.0
2024-07-01 00:00:00-04:00,57.14650624115977,57.91505129476626,57.120005617205265,57.49102783203125,23400,0.0,0.0
2024-07-02 00:00:00-04:00,57.888548576460124,58.69243675256395,57.28784307620896,58.51575469970703,30200,0.0,0.0
2024-07-03 00:00:00-04:00,58.480430155295046,59.84085190954376,58.480430155295046,59.49633026123047,23100,0.0,0.0
2024-07-05 00:00:00-04:00,57.99457518609078,58.94863833820703,56.26312761779091,56.39563751220703,63300,0.0,0.0
2024-07-08 00:00:00-04:00,56.39562005403027,57.31434313071448,56.360283643809375,57.19950485229492,32000,0.0,0.0
2024-07-09 00:00:00-04:00,57.05816397224315,57.61470405499497,56.7136423685071,56.828487396240234,20000,0.0,0.0
2024-07-10 00:00:00-04:00,57.07583833446743,57.42035995501898,56.62530746923385,56.775482177734375,29000,0.0,0.0
2024-07-11 00:00:00-04:00,57.367353579955925,57.367353579955925,56.68713944851669,57.040496826171875,28800,0.0,0.0
2024-07-12 00:00:00-04:00,57.067001663166785,57.52636830995192,56.97866399716407,57.20834732055664,36000,0.0,0.0
2024-07-15 00:00:00-04:00,57.31408688114556,58.1493641151804,56.95864932755154,57.29631805419922,39800,0.379,0.0
2024-07-16 00:00:00-04:00,57.25188644428258,57.607324001766486,56.80759119227959,57.1807975769043,46700,0.0,0.0
2024-07-17 00:00:00-04:00,57.43848378451955,57.79392130578998,57.03862081021959,57.23411178588867,29200,0.0,0.0
2024-07-18 00:00:00-04:00,56.9941937935849,58.38039279604951,56.9941937935849,57.3140869140625,26500,0.0,0.0
2024-07-19 00:00:00-04:00,57.19858507724501,58.0427435198208,56.647656409615266,56.69208526611328,42700,0.0,0.0
2024-07-22 00:00:00-04:00,56.67429996490803,57.936096824687056,56.67429996490803,56.940879821777344,32600,0.0,0.0
2024-07-23 00:00:00-04:00,56.67429941265905,57.358517874899654,56.354406299295945,56.43437957763672,28600,0.0,0.0
2024-07-24 00:00:00-04:00,57.10082849328507,57.20745501645308,56.60321658371021,56.70984649658203,26500,0.0,0.0
2024-07-25 00:00:00-04:00,56.70095577974062,57.50957292434519,56.70095577974062,56.94975662231445,23000,0.0,0.0
2024-07-26 00:00:00-04:00,57.207450132455435,57.5895442931379,56.14114431536379,56.83424377441406,30800,0.0,0.0
2024-07-29 00:00:00-04:00,57.154139082703715,57.216340144779466,55.84790999970558,56.43437957763672,48500,0.0,0.0
2024-07-30 00:00:00-04:00,56.141151428222656,56.5943311189323,55.81237387262138,56.141151428222656,29000,0.0,0.0
2024-07-31 00:00:00-04:00,56.25666590556116,56.51435457498301,55.89234393530568,55.99897384643555,25800,0.0,0.0
2024-08-01 00:00:00-04:00,55.759051342600024,56.36329312633357,55.12815292978234,55.714622497558594,39500,0.0,0.0
2024-08-02 00:00:00-04:00,55.53690331881163,55.53690331881163,53.999642241711356,54.204017639160156,57200,0.0,0.0
2024-08-05 00:00:00-04:00,53.74195075571539,54.48836687967132,52.071399737394316,53.4042854309082,90500,0.0,0.0
2024-08-06 00:00:00-04:00,53.990754784096914,54.8349163978801,53.85746824910184,54.381736755371094,31200,0.0,0.0
2024-08-07 00:00:00-04:00,55.25255970771869,55.25255970771869,54.257339258171775,54.595001220703125,30000,0.0,0.0
2024-08-08 00:00:00-04:00,54.959320051793625,55.27921316822484,54.737172430905694,54.950435638427734,36400,0.0,0.0
2024-08-09 00:00:00-04:00,54.737168736372304,55.11926288968606,54.20401583810836,54.79048538208008,33500,0.0,0.0
2024-08-12 00:00:00-04:00,54.87046885113374,55.17258978687389,54.32842804968487,54.55946350097656,38200,0.0,0.0
2024-08-13 00:00:00-04:00,54.20402349709495,55.27033283399498,54.20402349709495,54.62166213989258,60000,0.0,0.0
2024-08-14 00:00:00-04:00,54.94155012015527,56.1500303061313,54.29287609726847,55.91011047363281,56900,0.0,0.0
2024-08-15 00:00:00-04:00,55.902059613248205,56.385363548782884,55.49035777816729,55.884159088134766,52500,0.451,0.0
2024-08-16 00:00:00-04:00,56.05421064105798,56.52856259232012,55.54405764067297,56.17055892944336,36400,0.0,0.0
2024-08-19 00:00:00-04:00,56.20636366676009,57.02977077973724,55.72305971441543,56.54646682739258,39300,0.0,0.0
2024-08-20 00:00:00-04:00,56.38535751579167,56.71650865951839,55.8931050774572,56.43010711669922,36000,0.0,0.0
2024-08-21 00:00:00-04:00,56.707564676207184,57.10136597578396,56.197411673551095,56.7791633605957,57500,0.0,0.0
2024-08-22 00:00:00-04:00,57.10137139796563,57.36987246472661,56.58226979078457,56.98501968383789,25300,0.0,0.0
2024-08-23 00:00:00-04:00,57.289330199446695,58.10378202663823,56.83287527350016,57.63838195800781,37700,0.0,0.0
2024-08-26 00:00:00-04:00,58.04112674834884,58.766086114409724,57.727876073311464,58.34543228149414,41900,0.0,0.0
2024-08-27 00:00:00-04:00,58.37227645587195,58.62287697483109,57.28036834181969,57.4235725402832,28800,0.0,0.0
2024-08-28 00:00:00-04:00,57.56676938358501,57.853170949539084,56.680715605844576,57.119266510009766,35000,0.0,0.0
2024-08-29 00:00:00-04:00,57.52201478921162,58.166420002044376,56.430110129237754,58.050071716308594,22200,0.0,0.0
2024-08-30 00:00:00-04:00,57.701021103070666,58.1306200340417,57.04766732310697,57.49516677856445,19800,0.0,0.0
2024-09-03 00:00:00-04:00,57.49516466748729,57.49516466748729,56.403260027313344,56.75231170654297,47400,0.0,0.0
2024-09-04 00:00:00-04:00,56.385361958242726,57.04766771205316,56.28691077998399,56.35851287841797,24200,0.0,0.0
2024-09-05 00:00:00-04:00,56.734412996191445,56.814963648909625,55.24870361263728,55.293453216552734,20600,0.0,0.0
2024-09-06 00:00:00-04:00,55.26660673712883,55.794660282196375,54.63115345477625,54.863853454589844,42700,0.0,0.0
2024-09-09 00:00:00-04:00,54.86385074068096,55.2218543994901,53.700343970815155,53.73614501953125,39500,0.0,0.0
2024-09-10 00:00:00-04:00,53.736137946111526,54.2373389054589,53.3870863025159,53.4407844543457,51500,0.0,0.0
2024-09-11 00:00:00-04:00,53.44080175275723,54.24630843269589,53.44080175275723,53.727203369140625,46300,0.0,0.0
2024-09-12 00:00:00-04:00,54.07624092781222,54.577445331978446,53.521338368533115,54.19259262084961,21800,0.0,0.0
2024-09-13 00:00:00-04:00,54.20155001770122,55.03390564706708,53.754047138006726,53.94199752807617,35000,0.0,0.0
2024-09-16 00:00:00-04:00,54.34848748114567,54.64591866872034,53.99698039633404,54.42059326171875,28900,0.421,0.0
2024-09-17 00:00:00-04:00,54.16821923543773,54.709002202952654,54.16821923543773,54.348480224609375,36100,0.0,0.0
2024-09-18 00:00:00-04:00,54.39355163235515,54.799138050787995,54.28539640017067,54.690982818603516,27600,0.0,0.0
2024-09-19 00:00:00-04:00,54.961366878092235,55.37596475666023,54.5017046106699,54.53775405883789,32600,0.0,0.0
2024-09-20 00:00:00-04:00,54.30341455759096,54.97939067241575,54.30341455759096,54.52873992919922,60100,0.0,0.0
2024-09-23 00:00:00-04:00,54.35749189372647,54.7991276805164,54.0961136470675,54.5467643737793,51800,0.0,0.0
2024-09-24 00:00:00-04:00,54.7811129217009,55.45708915592996,54.7811129217009,54.88025665283203,48000,0.0,0.0
2024-09-25 00:00:00-04:00,55.16867742281994,55.294859113433056,54.078103167442876,54.16823196411133,51000,0.0,0.0
2024-09-26 00:00:00-04:00,54.078086494477255,54.34847623931121,53.537307004809335,53.60940933227539,41000,0.0,0.0
2024-09-27 00:00:00-04:00,53.71757827744762,55.700442643542516,53.71757827744762,55.673404693603516,41300,0.0,0.0
2024-09-30 00:00:00-04:00,55.70945758565086,56.196157875517976,55.15966301560437,55.673404693603516,41700,0.0,0.0
2024-10-01 00:00:00-04:00,55.655370003936945,56.55667154246223,55.655370003936945,56.25022888183594,29500,0.0,0.0
2024-10-02 00:00:00-04:00,56.47555142418927,56.827058456412836,56.232199608451644,56.51160430908203,31800,0.0,0.0
2024-10-03 00:00:00-04:00,56.349372828639105,57.42192042606425,56.14207388652463,56.583709716796875,32500,0.0,0.0
2024-10-04 00:00:00-04:00,57.10647358612668,57.10647358612668,55.83563838620519,56.28628921508789,36600,0.0,0.0
2024-10-07 00:00:00-04:00,56.34036069399539,56.98929893689656,56.31332274660541,56.628780364990234,24500,0.0,0.0
2024-10-08 00:00:00-04:00,56.421481016445256,56.421481016445256,55.21373668714585,55.96181869506836,34300,0.0,0.0
2024-10-09 00:00:00-04:00,55.96181298559111,56.13305904114397,55.61030593366061,55.808589935302734,18400,0.0,0.0
2024-10-10 00:00:00-04:00,56.07898216923814,56.601735267588744,55.88069473286766,56.45752716064453,19600,0.0,0.0
2024-10-11 00:00:00-04:00,56.30431096918479,57.683301290437655,56.30431096918479,57.133506774902344,31600,0.0,0.0
2024-10-14 00:00:00-04:00,56.89014792648088,57.13349973640358,55.86266479893545,56.322330474853516,60800,0.0,0.0
2024-10-15 00:00:00-04:00,55.637975874940594,56.13717399343437,55.11154983834616,55.67428207397461,41800,0.436,0.0
2024-10-16 00:00:00-04:00,55.647053202895336,56.2279385280929,55.61074700448308,56.073638916015625,36600,0.0,0.0
2024-10-17 00:00:00-04:00,55.819502120626346,56.24609129356512,55.70150870766143,56.13717269897461,21500,0.0,0.0
2024-10-18 00:00:00-04:00,56.00103723756682,56.12810548612425,55.45645457787057,55.85581588745117,29300,0.0,0.0
2024-10-21 00:00:00-04:00,55.85581897606323,56.436704408646555,54.45806123994069,55.084327697753906,66100,0.0,0.0
2024-10-22 00:00:00-04:00,55.16600792817548,55.43830096970456,54.42174812932233,54.748497009277344,46600,0.0,0.0
2024-10-23 00:00:00-04:00,54.62142297166974,55.14784897388868,54.36728651972608,55.05708694458008,33500,0.0,0.0
2024-10-24 00:00:00-04:00,54.948182211250625,55.54722072011356,54.79388257741843,55.17509078979492,58300,0.0,0.0
2024-10-25 00:00:00-04:00,55.365684875537696,55.647052717252684,55.22953836385473,55.438297271728516,12100,0.0,0.0
2024-10-28 00:00:00-04:00,54.9753980761998,55.48367442711619,54.63049614299406,55.302146911621094,38500,0.0,0.0
2024-10-29 00:00:00-04:00,55.3838434915276,55.81950752502138,54.98448565974579,55.26585006713867,37600,0.0,0.0
2024-10-30 00:00:00-04:00,55.09339976201473,55.483682767172475,54.730344676451736,55.24769592285156,34800,0.0,0.0
2024-10-31 00:00:00-04:00,55.12971012631101,55.637983129662935,55.09340392254297,55.392921447753906,17300,0.0,0.0
2024-11-01 00:00:00-04:00,55.755973355475255,56.0464160442225,54.58512431889107,54.92094802856445,35900,0.0,0.0
2024-11-04 00:00:00-05:00,55.02079110951139,55.420152423316274,54.59420533660635,54.62143325805664,26600,0.0,0.0
2024-11-05 00:00:00-05:00,54.62143328788831,55.63798275000568,54.3672967879465,54.96633529663086,56600,0.0,0.0
2024-11-06 00:00:00-05:00,55.592600824004016,56.67268439356721,55.05709644900124,56.47300720214844,43700,0.0,0.0
2024-11-07 00:00:00-05:00,56.690838198549095,56.690838198549095,55.91027213760251,56.55469512939453,35500,0.0,0.0
2024-11-08 00:00:00-05:00,56.76344930034995,57.444175017523584,56.246098032285985,57.36248779296875,28500,0.0,0.0
2024-11-11 00:00:00-05:00,57.38063880623273,57.80722455240726,56.954049597708284,57.32617950439453,41400,0.0,0.0
2024-11-12 00:00:00-05:00,57.31710739742206,57.634778017301805,56.6817626953125,56.6817626953125,31700,0.0,0.0
2024-11-13 00:00:00-05:00,56.336856232677995,57.13557532245987,56.227941094819045,56.8088264465332,28100,0.0,0.0
2024-11-14 00:00:00-05:00,56.80883196181995,57.117427767671856,56.01919107656808,56.4276237487793,36800,0.0,0.0
2024-11-15 00:00:00-05:00,56.73330250121818,56.916339879129495,56.156724985397794,56.66923522949219,21200,0.514,0.0
2024-11-18 00:00:00-05:00,56.669234980068794,57.20005314907502,56.669234980068794,56.85227584838867,28600,0.0,0.0
2024-11-19 00:00:00-05:00,56.93464101571746,57.383090944525925,56.52279995685541,56.64177703857422,20300,0.0,0.0
2024-11-20 00:00:00-05:00,56.779059620134916,57.209201630823316,56.38552298886544,56.58686828613281,35500,0.0,0.0
2024-11-21 00:00:00-05:00,56.88889077303417,57.639355270899166,56.37637698545204,57.36479568481445,41200,0.0,0.0
2024-11-22 00:00:00-05:00,57.29156852775635,58.10610017016164,57.28241805591538,57.72171401977539,25700,0.0,0.0
2024-11-25 00:00:00-05:00,57.74001792423919,58.106099636366494,57.181744884291334,57.749168395996094,37200,0.0,0.0
2024-11-26 00:00:00-05:00,57.474608651807856,58.07864103080633,57.474608651807856,57.77662658691406,16900,0.0,0.0
2024-11-27 00:00:00-05:00,57.868147061781066,59.48805292182886,57.868147061781066,58.81080627441406,46200,0.0,0.0
2024-11-29 00:00:00-05:00,59.4239809698864,59.844972448607976,59.03044439462515,59.48804473876953,23200,0.0,0.0
2024-12-02 00:00:00-05:00,59.38738792264226,59.62534212005743,58.32575498110369,58.96639633178711,41400,0.0,0.0
2024-12-03 00:00:00-05:00,59.067059756993395,59.43314146906064,59.03045088754388,59.04875183105469,27800,0.0,0.0
2024-12-04 00:00:00-05:00,59.030455051909385,59.661945875213874,58.609463497182524,59.634490966796875,43900,0.0,0.0
2024-12-05 00:00:00-05:00,59.515505742668225,60.32088689966861,59.03045044534455,59.25925064086914,61500,0.0,0.0
2024-12-06 00:00:00-05:00,59.259248640325424,60.54053108849365,58.92977581129851,60.201904296875,61600,0.0,0.0
2024-12-09 00:00:00-05:00,59.91820341847221,61.007294712548905,59.83583170746396,59.93650436401367,65700,0.0,0.0
2024-12-10 00:00:00-05:00,59.936507169557665,60.75103544163868,59.27756138036201,60.51308822631836,47100,0.0,0.0
2024-12-11 00:00:00-05:00,60.53138220883795,61.28184660854436,60.302582001824675,61.01643753051758,40900,0.0,0.0
2024-12-12 00:00:00-05:00,60.76932872109758,60.76932872109758,57.20919501599707,57.89559555053711,86900,0.0,0.0
2024-12-13 00:00:00-05:00,57.89559762042603,58.719283179021694,57.675951396600055,58.09694290161133,33200,0.0,0.0
2024-12-16 00:00:00-05:00,58.26341067543245,58.631294712282156,57.821951936254116,57.95071029663086,40600,0.311,0.0
2024-12-17 00:00:00-05:00,57.66560421728993,58.0978639312947,56.561955601435145,57.858741760253906,42100,0.0,0.0
2024-12-18 00:00:00-05:00,57.674797894989275,58.051877446602994,56.626332971400004,56.97582244873047,42700,0.0,0.0
2024-12-19 00:00:00-05:00,57.30692357913298,57.454076505248125,56.59874902582805,56.91144943237305,57200,0.0,0.0
2024-12-20 00:00:00-05:00,56.91144481573452,57.50005647244712,56.70910824308873,57.02180862426758,24200,0.0,0.0
2024-12-23 00:00:00-05:00,56.97582764830336,60.535091400146484,56.27684862985411,60.535091400146484,243700,0.0,0.0
2024-12-24 00:00:00-05:00,59.76253898647237,60.11202497445241,58.456553767571144,58.852027893066406,63600,0.0,0.0
2024-12-26 00:00:00-05:00,58.815241074099085,59.06356229105035,58.088671977286396,58.48414611816406,26500,0.0,0.0
2024-12-27 00:00:00-05:00,58.71406840052896,59.10953900349887,58.36457891662758,58.86122131347656,28400,0.0,0.0
2024-12-30 00:00:00-05:00,59.18312642959513,59.946484696400056,58.71407754291459,59.53261947631836,32800,0.0,0.0
2024-12-31 00:00:00-05:00,59.54181434922661,60.31437168507874,59.37626684988728,59.60619354248047,25800,0.0,0.0
2025-01-02 00:00:00-05:00,59.992472145962736,60.608673961381236,59.633780071417895,59.92809295654297,36000,0.0,0.0
2025-01-03 00:00:00-05:00,59.67056291400909,60.82019618774635,59.59699171726144,60.5258903503418,29800,0.0,0.0
2025-01-06 00:00:00-05:00,60.70063472161683,61.142096970622525,60.36034075849152,60.608665466308594,24800,0.0,0.0
2025-01-07 00:00:00-05:00,61.160491876314566,61.160491876314566,60.28677337051772,60.85698699951172,23400,0.0,0.0
2025-01-08 00:00:00-05:00,60.54428318873502,61.07771466576096,60.26836842012049,60.516693115234375,17300,0.0,0.0
2025-01-10 00:00:00-05:00,60.66384512595353,61.031729161018276,58.925600252497034,59.238304138183594,52500,0.0,0.0
2025-01-13 00:00:00-05:00,59.569393979420994,60.10282549669097,59.403846509123575,60.02924728393555,57300,0.0,0.0
2025-01-14 00:00:00-05:00,59.872899786759966,61.068521204037246,59.84530971074359,60.84779357910156,40500,0.0,0.0
2025-01-15 00:00:00-05:00,61.1607740472992,62.04044923295414,60.27183005035931,61.76265335083008,35200,0.448,0.0
2025-01-16 00:00:00-05:00,61.605235803153654,62.17934396642744,60.966309546013676,61.401519775390625,32700,0.0,0.0
2025-01-17 00:00:00-05:00,61.30892232246748,62.040444833182974,61.16076970991265,61.71635437011719,29500,0.0,0.0
2025-01-21 00:00:00-05:00,61.57746923166686,61.85526515180254,61.114480741203195,61.20707702636719,21000,0.0,0.0
2025-01-22 00:00:00-05:00,61.086698081084954,61.56820296740299,60.58666970030669,60.76260757446289,32100,0.0,0.0
2025-01-23 00:00:00-05:00,61.207073099316375,61.56820353353637,60.68852828395294,60.808902740478516,23300,0.0,0.0
2025-01-24 00:00:00-05:00,60.80889802510176,61.11447208102112,60.41998944373679,60.75334167480469,22600,0.0,0.0
2025-01-27 00:00:00-05:00,60.75335261252676,61.56820984370505,60.244062427637836,61.318199157714844,61900,0.0,0.0
2025-01-28 00:00:00-05:00,61.56819539501642,62.15156529982958,61.170025088811535,61.94784927368164,39800,0.0,0.0
2025-01-29 00:00:00-05:00,61.827479908074,62.771980384820345,60.762612031722554,61.20707702636719,50800,0.0,0.0
2025-01-30 00:00:00-05:00,61.188552656657365,62.21638753730804,61.11447281227973,61.57746124267578,39200,0.0,0.0
2025-01-31 00:00:00-05:00,61.762659876536524,62.02193935741382,61.021882553674715,61.2904167175293,36900,0.0,0.0
2025-02-03 00:00:00-05:00,60.86447266873492,62.54975056353742,60.4385170223984,61.92008590698242,61600,0.0,0.0
2025-02-04 00:00:00-05:00,62.0404517629039,63.42941710087936,62.0404517629039,63.244224548339844,67100,0.0,0.0
2025-02-05 00:00:00-05:00,63.429413535378195,63.89240195534446,62.88309059084647,63.66090774536133,72600,0.0,0.0
2025-02-06 00:00:00-05:00,63.79981764541841,63.79981764541841,61.873783761753224,62.10527801513672,31100,0.0,0.0
2025-02-07 00:00:00-05:00,62.32749893906161,62.799749106314295,61.679317975885496,62.299720764160156,12800,0.0,0.0
2025-02-10 00:00:00-05:00,62.82751953404897,63.707201663764444,62.697883357398986,63.64238357543945,38900,0.0,0.0
2025-02-11 00:00:00-05:00,63.799806997600854,63.89240327057168,62.92012474277109,63.15161895751953,33000,0.0,0.0
2025-02-12 00:00:00-05:00,63.281249880893,63.88313620202672,62.30897849873133,62.47565460205078,36100,0.0,0.0
2025-02-13 00:00:00-05:00,62.568248482927345,63.42014539425466,62.568248482927345,62.93864059448242,25900,0.0,0.0
2025-02-14 00:00:00-05:00,63.27199836411608,63.614605269166375,62.9849407434276,63.41089630126953,34200,0.0,0.0
2025-02-18 00:00:00-05:00,63.699806809366336,64.75293181793603,63.56933227720653,63.97007751464844,31100,0.44,0.0
2025-02-19 00:00:00-05:00,64.26830910106885,64.7715710821408,63.97940221039626,64.63177490234375,37600,0.0,0.0
2025-02-20 00:00:00-05:00,64.5385722772195,65.13502927167728,64.49197118595663,65.00455474853516,22800,0.0,0.0
2025-02-21 00:00:00-05:00,65.21890212925015,65.42392841979542,64.01666664167375,64.41741180419922,30500,0.0,0.0
2025-02-24 00:00:00-05:00,64.165777107058,64.64108116112837,63.63455743850668,64.25897216796875,23600,0.0,0.0
2025-02-25 00:00:00-05:00,64.6504078332066,65.2282215220311,62.45097009492047,63.25246047973633,55900,0.0,0.0
2025-02-26 00:00:00-05:00,63.252468414937624,63.3736213077193,61.779961978073466,62.003631591796875,69900,0.0,0.0
2025-02-27 00:00:00-05:00,62.05954398995577,62.441653040925054,59.655079769244395,60.35405349731445,189400,0.0,0.0
2025-02-28 00:00:00-05:00,60.941184143342305,61.35125097398221,59.990583075428226,60.9598274230957,77500,0.0,0.0
2025-03-03 00:00:00-05:00,61.015746979459834,61.21145876753369,58.769711571357014,59.68303680419922,85500,0.0,0.0
2025-03-04 00:00:00-05:00,59.617801221512664,61.034384870011515,59.0586200974759,60.70819854736328,49300,0.0,0.0
2025-03-05 00:00:00-05:00,60.484521550059796,61.463080398414704,59.83214187416216,61.453765869140625,37100,0.0,0.0
2025-03-06 00:00:00-05:00,61.41648916208082,62.012946137315424,61.174176293914265,61.90110778808594,27400,0.0,0.0
2025-03-07 00:00:00-05:00,61.742674193852075,62.84239305258588,61.70539474487305,61.70539474487305,52800,0.0,0.0
2025-03-10 00:00:00-04:00,61.5096904214794,62.35778199024849,61.099623543364345,61.304656982421875,30500,0.0,0.0
2025-03-11 00:00:00-04:00,61.27668820629048,61.81722951975992,60.02785873413086,60.02785873413086,37200,0.0,0.0
2025-03-12 00:00:00-04:00,59.990586256709506,61.41649148935986,59.990586256709506,60.344730377197266,24900,0.0,0.0
2025-03-13 00:00:00-04:00,60.111731111128194,61.28600877953956,59.79486648411967,60.130367279052734,29800,0.0,0.0
2025-03-14 00:00:00-04:00,59.87874830090997,61.10894175590853,59.87874830090997,60.559085845947266,24900,0.0,0.0
2025-03-17 00:00:00-04:00,60.85963984107477,62.26409306817649,60.85963984107477,61.5899543762207,25300,0.301,0.0
2025-03-18 00:00:00-04:00,61.50568257315821,62.170456156562466,61.23415412752815,61.674217224121094,18400,0.0,0.0
2025-03-19 00:00:00-04:00,61.44950420772945,63.0880328815658,61.44950420772945,62.498165130615234,24300,0.0,0.0
2025-03-20 00:00:00-04:00,62.49816969249322,63.05994956441617,62.07683657440567,62.85396194458008,27100,0.0,0.0
2025-03-21 00:00:00-04:00,62.97567734720746,63.097394041041206,61.955104406815735,62.03937530517578,57500,0.0,0.0
2025-03-24 00:00:00-04:00,62.132995567612454,63.20037917780878,62.132995567612454,62.64796447753906,22600,0.0,0.0
2025-03-25 00:00:00-04:00,62.73225139007973,63.08804367707907,62.329641132734984,62.61053466796875,25200,0.0,0.0
2025-03-26 00:00:00-04:00,62.49816361462425,63.18166727366336,61.92701877641043,62.71351623535156,22700,0.0,0.0
2025-03-27 00:00:00-04:00,62.76968115469594,62.93821578490676,62.04872468079869,62.64796447753906,22700,0.0,0.0
2025-03-28 00:00:00-04:00,62.470079191388635,63.013136140642615,62.20791573820902,62.741607666015625,17900,0.0,0.0
2025-03-31 00:00:00-04:00,62.507527073802216,63.94943309298679,62.376445357823414,63.37828826904297,36300,0.0,0.0
2025-04-01 00:00:00-04:00,63.37828410768549,64.52057368057147,62.70414553067623,64.380126953125,19100,0.0,0.0
2025-04-02 00:00:00-04:00,63.84644754370243,64.54867417434265,63.54683113369935,63.780906677246094,16600,0.0,0.0
2025-04-03 00:00:00-04:00,62.498166472655946,62.84460082847952,61.70231109981514,62.32963180541992,43100,0.0,0.0
2025-04-04 00:00:00-04:00,61.22479299284406,61.477598557042015,56.66500282212848,57.85410690307617,116000,0.0,0.0
2025-04-07 00:00:00-04:00,55.68188956229981,59.46454750383217,54.53959980540279,56.964622497558594,80400,0.0,0.0
2025-04-08 00:00:00-04:00,59.024488607631646,59.45518674098604,56.41220474243164,56.41220474243164,74400,0.0,0.0
2025-04-09 00:00:00-04:00,55.94404611049711,59.9233297250513,55.382266323008274,59.75479507446289,62200,0.0,0.0
2025-04-10 00:00:00-04:00,59.483268980604294,59.483268980604294,57.479583135197515,57.57321548461914,42600,0.0,0.0
2025-04-11 00:00:00-04:00,58.17244546698258,60.14803972773496,57.535759808036566,59.8297004699707,25000,0.0,0.0
2025-04-14 00:00:00-04:00,60.39148276225911,61.000080528856905,60.03569055172427,60.45702362060547,34800,0.0,0.0
2025-04-15 00:00:00-04:00,60.809962695682,61.706444334337235,60.809962695682,61.244049072265625,26300,0.504,0.0
2025-04-16 00:00:00-04:00,60.90431928201398,61.87629594182975,60.90431928201398,61.36671447753906,18900,0.0,0.0
2025-04-17 00:00:00-04:00,61.734746451260605,63.169125555382216,61.734746451260605,62.329261779785156,30400,0.0,0.0
2025-04-21 00:00:00-04:00,62.29150507663347,62.29150507663347,61.177976935116526,61.70642852783203,22900,0.0,0.0
2025-04-22 00:00:00-04:00,62.23489975602412,63.44280080557984,61.43278342126196,62.650115966796875,34900,0.0,0.0
2025-04-23 00:00:00-04:00,62.28207695420936,62.923771368388806,61.432774464910935,62.546302795410156,30800,0.0,0.0
2025-04-24 00:00:00-04:00,62.61236174854423,63.556029618754735,62.36700608639744,63.1879997253418,24900,0.0,0.0
2025-04-25 00:00:00-04:00,63.22575257735005,63.59378250145796,62.65955324792367,63.348426818847656,19500,0.0,0.0
2025-04-28 00:00:00-04:00,62.763339917477815,63.73531648375703,62.763339917477815,63.42390441894531,25700,0.0,0.0
2025-04-29 00:00:00-04:00,63.42391849421589,64.00899518222455,63.04644989548819,63.51828384399414,18900,0.0,0.0
2025-04-30 00:00:00-04:00,63.28236692499599,63.29180561986646,61.33841335933082,62.14052963256836,21700,0.0,0.0
2025-05-01 00:00:00-04:00,62.461379018295816,63.131382346323306,61.527142637303754,61.92348861694336,23700,0.0,0.0
2025-05-02 00:00:00-04:00,61.60263181386343,61.95179148595337,60.96093743248511,61.4516487121582,33400,0.0,0.0
2025-05-05 00:00:00-04:00,61.09305255328894,61.310099319372334,60.017271816177036,60.026710510253906,78000,0.0,0.0
2025-05-06 00:00:00-04:00,60.30037533102712,60.52685359266044,58.72444819468074,59.56431198120117,54500,0.0,0.0
2025-05-07 00:00:00-04:00,59.56431016408845,59.998400085289255,58.837685530551624,59.205718994140625,46400,0.0,0.0
2025-05-08 00:00:00-04:00,59.866280449384966,61.32896473423507,59.03585542561095,60.78164291381836,22700,0.0,0.0
2025-05-09 00:00:00-04:00,60.809955583155144,61.14967656850571,60.158822494630904,60.83826446533203,12400,0.0,0.0
2025-05-12 00:00:00-04:00,61.65926020785558,62.55574907737191,60.838273701630136,61.68757629394531,31300,0.0,0.0
2025-05-13 00:00:00-04:00,61.451649257978154,62.97095498033008,61.451649257978154,62.451934814453125,26900,0.0,0.0
2025-05-14 00:00:00-04:00,62.149959105516025,62.75390589454709,61.87629459179669,62.58404541015625,23700,0.0,0.0
2025-05-15 00:00:00-04:00,62.54414084613549,63.18069649978277,62.430127957249184,62.71515655517578,35100,0.448,0.0
2025-05-16 00:00:00-04:00,62.64865858557039,63.67474571794994,62.050099905721474,63.085697174072266,32800,0.0,0.0
2025-05-19 00:00:00-04:00,63.08569243850798,63.31371097874494,62.08809954603083,62.60114669799805,39000,0.0,0.0
2025-05-20 00:00:00-04:00,62.65815124891167,63.04768987911386,62.107107032190406,62.6961555480957,13700,0.0,0.0
2025-05-21 00:00:00-04:00,62.230617837536805,63.43722357417223,62.164112123684134,62.65815353393555,30500,0.0,0.0
2025-05-22 00:00:00-04:00,62.468147995775624,63.53224681447009,62.12611649150169,63.076202392578125,28000,0.0,0.0
2025-05-23 00:00:00-04:00,63.11420575434587,63.63675589155332,62.116612673706214,62.90518569946289,9800,0.0,0.0
2025-05-27 00:00:00-04:00,62.867171124632904,63.36121976430302,62.525139681347085,63.13319396972656,37800,0.0,0.0
2025-05-28 00:00:00-04:00,63.50374492936239,63.63676363841017,62.71517905618928,63.275726318359375,45700,0.0,0.0
2025-05-29 00:00:00-04:00,63.65575742602158,64.12129750296758,62.94319297722283,63.665260314941406,37800,0.0,0.0
2025-05-30 00:00:00-04:00,63.418222671449996,63.86476412568826,62.886176980568095,63.00968551635742,33400,0.0,0.0
2025-06-02 00:00:00-04:00,63.49423341193568,64.13078913479988,63.11419765623585,63.408721923828125,28100,0.0,0.0
2025-06-03 00:00:00-04:00,63.37071946041929,64.21629523585929,63.09520095934368,64.06428527832031,40700,0.0,0.0
2025-06-04 00:00:00-04:00,64.07379324376303,64.37782043151482,63.218714513029916,63.484737396240234,17600,0.0,0.0
2025-06-05 00:00:00-04:00,63.51323929017885,63.95027792282273,63.22821787684414,63.47523498535156,19800,0.0,0.0
2025-06-06 00:00:00-04:00,63.494233619049886,64.0167764423349,63.418225017946156,63.65574645996094,16000,0.0,0.0
2025-06-09 00:00:00-04:00,63.60823629966488,63.93126921497057,62.325622022438445,62.64865493774414,91500,0.0,0.0
2025-06-10 00:00:00-04:00,63.009688534608514,63.17120137728023,61.99309704164652,62.401634216308594,35100,0.0,0.0
2025-06-11 00:00:00-04:00,62.70565308497559,63.209197321188476,62.19260596263276,63.16169738769531,30900,0.0,0.0
2025-06-12 00:00:00-04:00,62.69615852537191,63.65574719174518,62.46813996801859,63.085697174072266,20800,0.0,0.0
2025-06-13 00:00:00-04:00,63.54174591190413,63.89328032391879,62.705672882953756,63.82677459716797,27600,0.0,0.0
2025-06-16 00:00:00-04:00,63.593465336343996,64.29144994773895,63.13451065494192,63.507408142089844,21900,0.426,0.0
2025-06-17 00:00:00-04:00,63.58389337109726,64.05240422706699,63.19186887285181,63.35441970825195,31300,0.0,0.0
2025-06-18 00:00:00-04:00,63.93767438421247,63.93767438421247,62.86678507691323,63.37354278564453,41600,0.0,0.0
2025-06-20 00:00:00-04:00,63.392668469160334,63.583895311561285,62.91459406832153,63.249244689941406,43800,0.0,0.0
2025-06-23 00:00:00-04:00,63.249242140039826,63.73688005179042,61.7385253435332,62.360023498535156,54700,0.0,0.0
2025-06-24 00:00:00-04:00,62.33134327231262,63.82293308190152,62.197483022469335,63.63170623779297,40600,0.0,0.0
2025-06-25 00:00:00-04:00,63.65082048992664,64.3296852109865,62.64686140824276,62.88589859008789,27100,0.0,0.0
2025-06-26 00:00:00-04:00,63.191873916269536,63.29705087322547,62.771173383282566,63.08670425415039,25400,0.0,0.0
2025-06-27 00:00:00-04:00,63.392678579159714,64.17672042978256,63.12495074432957,63.72732925415039,18000,0.0,0.0
2025-06-30 00:00:00-04:00,63.83249799072564,64.12890179394431,63.27792991806641,63.756004333496094,24800,0.0,0.0
2025-07-01 00:00:00-04:00,63.861181432674115,63.93767509007638,63.344860187463816,63.53608703613281,19900,0.0,0.0
2025-07-02 00:00:00-04:00,63.82293620802883,64.43487089295331,63.612582292304126,64.28189086914062,20800,0.0,0.0
2025-07-03 00:00:00-04:00,64.19582744779527,64.41574487329943,63.38310245715459,63.583892822265625,35000,0.0,0.0
2025-07-07 00:00:00-04:00,63.58390889077372,63.81338260962939,62.43653300165737,62.73293685913086,30500,0.0,0.0
2025-07-08 00:00:00-04:00,62.818972819611545,64.09065246582031,62.818972819611545,64.09065246582031,24600,0.0,0.0
2025-07-09 00:00:00-04:00,64.25320895912796,64.25320895912796,63.163199698371955,63.201446533203125,29600,0.0,0.0
2025-07-10 00:00:00-04:00,63.153636512495424,63.995044901694186,63.153636512495424,63.16319274902344,17600,0.0,0.0
2025-07-11 00:00:00-04:00,63.10583156374893,63.86119011996826,63.10583156374893,63.49785614013672,21400,0.0,0.0
2025-07-14 00:00:00-04:00,63.6699542588537,64.3488264240663,63.268373455787426,63.77513122558594,34000,0.0,0.0
2025-07-15 00:00:00-04:00,63.91545571845246,64.11729311972356,63.04081964673546,63.156158447265625,22000,0.346,0.0
2025-07-16 00:00:00-04:00,63.050434818312716,63.80973211083497,62.954322814941406,62.954322814941406,27800,0.0,0.0
2025-07-17 00:00:00-04:00,62.81014489236847,63.43488385141959,62.81014489236847,63.25226593017578,20600,0.0,0.0
2025-07-18 00:00:00-04:00,63.29071247058114,63.82895283741925,63.29071247058114,63.57905578613281,16200,0.0,0.0
2025-07-21 00:00:00-04:00,63.50216508682063,63.550224751755344,62.963932037353516,62.963932037353516,32000,0.0,0.0
2025-07-22 00:00:00-04:00,62.85821498361675,63.20422408501956,62.85821498361675,62.9447135925293,24100,0.0,0.0
2025-07-23 00:00:00-04:00,63.00237547659904,63.62710709547435,62.76209182845469,63.59827423095703,21400,0.0,0.0
2025-07-24 00:00:00-04:00,63.50216187024566,63.771278381347656,62.86781685591594,63.771278381347656,20200,0.0,0.0
2025-07-25 00:00:00-04:00,63.233050577494886,63.665558244191104,63.22343717762647,63.4925537109375,34200,0.0,0.0
2025-07-28 00:00:00-04:00,63.51177696943698,63.94428461201779,63.271493316253164,63.819339752197266,22100,0.0,0.0
2025-07-29 00:00:00-04:00,64.05000096298384,64.30951137819281,63.60787998349263,64.2614517211914,29500,0.0,0.0
2025-07-30 00:00:00-04:00,64.04041186825403,64.23264323633704,63.444512959388966,63.98274612426758,17400,0.0,0.0
2025-07-31 00:00:00-04:00,63.68478636485003,64.15574030791265,63.48294896068033,63.713619232177734,22400,0.0,0.0
2025-08-01 00:00:00-04:00,63.68478052848452,63.68478052848452,63.09848783696588,63.425270080566406,25500,0.0,0.0
2025-08-04 00:00:00-04:00,63.434893850419314,63.6175118004485,62.95432647276462,63.531005859375,32000,0.0,0.0
2025-08-05 00:00:00-04:00,63.5117834773728,65.53977830467915,62.61792790262225,65.40522003173828,57300,0.0,0.0
2025-08-06 00:00:00-04:00,65.50132646440473,68.1348332959253,65.50132646440473,67.8272705078125,63000,0.0,0.0
2025-08-07 00:00:00-04:00,67.79843527239039,68.62501161146587,67.00069179793093,67.22175598144531,50600,0.0,0.0
2025-08-08 00:00:00-04:00,67.22176317095399,68.1444516017246,65.75122825526097,67.72154998779297,35300,0.0,0.0
2025-08-11 00:00:00-04:00,67.75998972878149,68.24055703182249,66.34712068458093,67.36592102050781,33500,0.0,0.0
2025-08-12 00:00:00-04:00,67.32748782905523,68.24056284952535,67.19292955936228,67.90416717529297,32900,0.0,0.0
2025-08-13 00:00:00-04:00,68.14444345198471,69.58614532755756,67.7503747528815,68.88451385498047,60400,0.0,0.0
2025-08-14 00:00:00-04:00,68.59618135737209,70.16282816842089,68.44239629640087,68.80762481689453,39800,0.0,0.0
2025-08-15 00:00:00-04:00,68.63766346673904,70.67726997985665,68.63766346673904,68.92903900146484,57200,0.745,0.0
2025-08-18 00:00:00-04:00,68.95817122281024,68.96788571608876,67.6567107030046,67.8023910522461,67800,0.0,0.0
2025-08-19 00:00:00-04:00,67.26820852502385,68.61823402182665,67.26820852502385,68.32685852050781,32800,0.0,0.0
2025-08-20 00:00:00-04:00,68.18117958682389,70.12366342018055,68.10348586508033,69.33695983886719,58000,0.0,0.0
2025-08-21 00:00:00-04:00,69.5797731241504,70.17223131001673,68.43370731985027,69.2301254272461,66900,0.0,0.0
2025-08-22 00:00:00-04:00,69.54091319688972,70.6675572708275,68.95816958381266,70.5704345703125,40700,0.0,0.0
2025-08-25 00:00:00-04:00,70.57043120651733,70.85208480158946,69.84199987239548,69.9488296508789,40300,0.0,0.0
2025-08-26 00:00:00-04:00,69.74487891789501,70.16251323398967,69.24955088088957,69.657470703125,35900,0.0,0.0
2025-08-27 00:00:00-04:00,69.39522310390953,70.62870432986657,69.39522310390953,70.2304916381836,31800,0.0,0.0
2025-08-28 00:00:00-04:00,70.61899191715138,71.74563598632812,70.17222156868071,71.74563598632812,32300,0.0,0.0
2025-08-29 00:00:00-04:00,71.52225345678691,72.42550872692507,71.3862801825715,72.16327667236328,40100,0.0,0.0
2025-09-02 00:00:00-04:00,71.86217547531463,72.59060679255457,71.77476727403938,72.24095916748047,40500,0.0,0.0
2025-09-03 00:00:00-04:00,71.85248488723468,73.28991886696977,71.77478375049543,72.90142059326172,57000,0.0,0.0
2025-09-04 00:00:00-04:00,73.29962082793342,74.31942028580306,73.05681037463299,74.09603881835938,48100,0.0,0.0
2025-09-05 00:00:00-04:00,74.29028537359315,74.29028537359315,71.44454652020869,72.25067901611328,105700,0.0,0.0
2025-09-08 00:00:00-04:00,72.51292569325558,72.51292569325558,71.50283320183469,71.87190246582031,43700,0.0,0.0
2025-09-09 00:00:00-04:00,72.27011920874186,74.30972588249061,72.27011920874186,73.85324096679688,36900,0.0,0.0
2025-09-10 00:00:00-04:00,74.13489133530227,75.26152801513672,74.04747571661541,75.26152801513672,28000,0.0,0.0
2025-09-11 00:00:00-04:00,75.26153414135477,75.26153414135477,74.34857177734375,74.34857177734375,44800,0.0,0.0
2025-09-12 00:00:00-04:00,74.37770623164829,75.12555923175262,74.10575968615582,74.51367950439453,34700,0.0,0.0
2025-09-15 00:00:00-04:00,74.5567444447521,75.60394441171708,74.5567444447521,75.16353607177734,66600,0.584,0.0
2025-09-16 00:00:00-04:00,75.06566517705608,75.53544057091631,74.38058383895422,74.94822692871094,46200,0.0,0.0
2025-09-17 00:00:00-04:00,75.19288312112745,75.60393183225514,74.94821020257646,75.38861846923828,47100,0.0,0.0
2025-09-18 00:00:00-04:00,75.35927799208581,75.84862395307339,74.8797210410295,75.45714569091797,31200,0.0,0.0
2025-09-19 00:00:00-04:00,75.06565708314035,75.59415154418852,74.86992171245248,75.09502410888672,42700,0.0,0.0
2025-09-22 00:00:00-04:00,74.77205275137769,76.3379580906411,74.67418506770353,76.22051239013672,53100,0.0,0.0
2025-09-23 00:00:00-04:00,76.10307367564175,78.92170326850788,76.10307367564175,78.71617889404297,45500,0.0,0.0
2025-09-24 00:00:00-04:00,78.58895076067748,79.27403200111743,78.46171605400613,79.0097885131836,44000,0.0,0.0
2025-09-25 00:00:00-04:00,79.16637776813063,79.98848274900092,78.38342135461852,79.92975616455078,38500,0.0,0.0
2025-09-26 00:00:00-04:00,79.86123911192135,82.5917897786358,79.04892323039333,80.37016296386719,72500,0.0,0.0
2025-09-29 00:00:00-04:00,80.44845989103078,80.84972709773335,77.17963298834644,77.33621978759766,69400,0.0,0.0
2025-09-30 00:00:00-04:00,77.05240490572302,78.57916164916878,76.82730251740257,77.766845703125,54800,0.0,0.0
2025-10-01 00:00:00-04:00,77.56132034403691,78.01151764812205,77.31664740919769,77.78642272949219,40800,0.0,0.0
2025-10-02 00:00:00-04:00,78.02131697292033,78.02131697292033,75.9954251032425,76.35753631591797,46200,0.0,0.0
2025-10-03 00:00:00-04:00,75.95626957740147,75.95626957740147,72.89296699671019,73.724853515625,103800,0.0,0.0
2025-10-06 00:00:00-04:00,73.35294317204179,73.96952374907593,72.54063469990743,72.66786193847656,49800,0.0,0.0
2025-10-07 00:00:00-04:00,72.83424467599626,72.83424467599626,70.03518542642524,70.61261749267578,75100,0.0,0.0
2025-10-08 00:00:00-04:00,70.27985831472664,71.02366620038468,68.81182056154232,69.09564208984375,70600,0.0,0.0
2025-10-09 00:00:00-04:00,68.99776877734982,69.81986626806751,68.5377824574754,68.64543914794922,52400,0.0,0.0
2025-10-10 00:00:00-04:00,68.50842364035303,69.50668595656634,66.18892146618671,66.42381286621094,86400,0.0,0.0
2025-10-13 00:00:00-04:00,66.42380326787762,68.37139751065493,66.42380326787762,67.84290313720703,45900,0.0,0.0
2025-10-14 00:00:00-04:00,67.64718758600117,68.16589310421269,66.55104995746761,66.65870666503906,49900,0.0,0.0
2025-10-15 00:00:00-04:00,67.1890796561182,68.27150330024017,66.38218121150014,66.84467315673828,42200,0.369,0.0
2025-10-16 00:00:00-04:00,66.67739443699438,67.93694255971226,65.9295349238185,66.09681701660156,42200,0.0,0.0
2025-10-17 00:00:00-04:00,65.94922106172977,66.49043673856993,65.73274229849373,65.9000244140625,34100,0.0,0.0
2025-10-20 00:00:00-04:00,65.90001748657035,67.39572905192476,65.90001748657035,67.06116485595703,26600,0.0,0.0
2025-10-21 00:00:00-04:00,67.21860301146808,67.93694304368178,66.48058582422755,67.76966094970703,52800,0.0,0.0
2025-10-22 00:00:00-04:00,68.3108698806463,68.87176264947618,67.41541291979468,67.7499771118164,56400,0.0,0.0
2025-10-23 00:00:00-04:00,68.55688255961772,68.9406509399414,67.83854995337077,68.9406509399414,33800,0.0,0.0
2025-10-24 00:00:00-04:00,69.24570003777063,69.6786650453245,67.89758584794492,68.50768280029297,44500,0.0,0.0
2025-10-27 00:00:00-04:00,68.82256902967907,69.46217795515977,67.93694685382185,69.19649505615234,35800,0.0,0.0
2025-10-28 00:00:00-04:00,68.66511307518786,71.81399069067064,68.55686996139791,71.41053771972656,46000,0.0,0.0
2025-10-29 00:00:00-04:00,71.43021504678958,71.8139908650211,68.88159946999893,69.2161636352539,32200,0.0,0.0
2025-10-30 00:00:00-04:00,68.88160946980105,71.00710273704044,68.88160946980105,70.0033950805664,28400,0.0,0.0
2025-10-31 00:00:00-04:00,70.25923798939077,71.3219845447889,69.60977925859223,70.79061126708984,32200,0.0,0.0
2025-11-03 00:00:00-05:00,70.79061453330478,72.20760249838175,70.35764202612879,71.55815124511719,36900,0.0,0.0
2025-11-04 00:00:00-05:00,71.37118625073494,72.0304798521171,70.21003882244263,71.35150909423828,25400,0.0,0.0
2025-11-05 00:00:00-05:00,71.83366488476719,72.620886133079,71.21373321928294,71.8139877319336,29100,0.0,0.0
2025-11-06 00:00:00-05:00,72.28632867563385,73.76236317556307,72.07968474654372,73.34907531738281,28300,0.0,0.0
2025-11-07 00:00:00-05:00,73.77220368214383,75.9665707135384,72.93578565438132,75.57296752929688,49600,0.0,0.0
2025-11-10 00:00:00-05:00,75.62216281603989,76.2617792401995,74.34293747522004,75.76976776123047,29600,0.0,0.0
2025-11-11 00:00:00-05:00,75.80911920721985,77.05882488949983,75.27774598174304,75.66151428222656,39900,0.0,0.0
2025-11-12 00:00:00-05:00,75.47455010591777,77.24579425097785,75.27774853757714,76.7833023071289,33900,0.0,0.0
2025-11-13 00:00:00-05:00,77.00963357686159,77.49180269150908,75.2974283405643,76.5569839477539,21300,0.0,0.0
2025-11-14 00:00:00-05:00,76.75378977896563,78.24950135340988,76.26177830602353,77.80669403076172,31200,0.0,0.0
2025-11-17 00:00:00-05:00,78.120040234004,78.120040234004,75.76744648396415,76.0639877319336,28800,0.357,0.0
2025-11-18 00:00:00-05:00,75.6191702499853,78.01130428321574,74.42310323337007,77.32925415039062,41900,0.0,0.0
2025-11-19 00:00:00-05:00,75.76744668483339,78.01130638743517,75.76744668483339,77.3589096069336,32800,0.0,0.0
2025-11-20 00:00:00-05:00,77.83337408471499,78.94048095689764,76.84488823004965,76.86466217041016,60000,0.0,0.0
2025-11-21 00:00:00-05:00,77.2699384885829,77.51705995557327,75.66859620907633,76.44949340820312,43800,0.0,0.0
2025-11-24 00:00:00-05:00,75.81687353869269,77.74442577265589,75.76745376339089,76.70651245117188,32200,0.0,0.0
2025-11-25 00:00:00-05:00,76.11341167472685,77.2106315892059,75.07549849890657,76.12329864501953,37900,0.0,0.0
2025-11-26 00:00:00-05:00,76.6669683574806,78.07062414700681,76.48904058368427,77.40833282470703,16200,0.0,0.0
2025-11-28 00:00:00-05:00,76.32099721201254,77.59614495770467,76.2715774407906,76.5088119506836,29100,0.0,0.0
2025-12-01 00:00:00-05:00,76.50881821436622,78.72302475158975,76.50881821436622,77.78396606445312,24900,0.0,0.0
2025-12-02 00:00:00-05:00,77.52696007090258,78.08050983752211,77.1019107739483,77.27983856201172,17800,0.0,0.0
2025-12-03 00:00:00-05:00,77.00305602243232,78.5747450427641,77.00305602243232,78.24855041503906,30100,0.0,0.0
2025-12-04 00:00:00-05:00,78.17934828459707,78.94048667105203,77.77407297645344,78.02119445800781,24000,0.0,0.0
2025-12-05 00:00:00-05:00,77.54671615812877,77.5664900994777,70.54824168884915,71.10179138183594,101800,0.0,0.0
2025-12-08 00:00:00-05:00,70.22204694599678,71.35880736403594,69.40160174900291,69.58941650390625,52200,0.0,0.0
2025-12-09 00:00:00-05:00,69.19401116751182,71.15121651596002,69.19401116751182,69.99468231201172,40200,0.0,0.0
2025-12-10 00:00:00-05:00,69.93537566066152,71.59603223242823,69.93537566066152,71.07213592529297,27400,0.0,0.0
2025-12-11 00:00:00-05:00,70.55812267373034,71.85304436487503,69.60917708987985,70.26158142089844,32700,0.0,0.0
2025-12-12 00:00:00-05:00,70.86455995482474,70.97329401232037,68.23518371582031,68.23518371582031,39600,0.0,0.0
2025-12-15 00:00:00-05:00,68.301600261538,70.39327537109085,67.39950004398453,68.69812774658203,60800,0.197,0.0
2025-12-16 00:00:00-05:00,68.02403532348065,68.55934630981507,66.22975010174869,66.71549987792969,47100,0.0,0.0
2025-12-17 00:00:00-05:00,66.69567119888012,67.4094192005163,66.43792718425969,67.29045867919922,40900,0.0,0.0
2025-12-18 00:00:00-05:00,67.40941610461265,67.65724484029137,66.62627639229194,66.68575286865234,44900,0.0,0.0
2025-12-19 00:00:00-05:00,66.41809733276014,67.379673981858,66.36852856322902,67.24089050292969,53400,0.0,0.0
2025-12-22 00:00:00-05:00,67.2309796323122,68.41064684346807,67.2309796323122,67.61759185791016,26900,0.0,0.0
2025-12-23 00:00:00-05:00,67.59776855068768,68.55934525787899,67.59776855068768,68.1330795288086,26900,0.0,0.0
2025-12-24 00:00:00-05:00,68.08350611881268,68.31151186851497,67.07236827110147,68.01411437988281,15800,0.0,0.0
2025-12-26 00:00:00-05:00,68.35116345174511,69.19378721806652,67.90507474509619,69.14421844482422,27000,0.0,0.0
2025-12-29 00:00:00-05:00,69.39204406738281,70.19500672853152,68.68821138513242,69.39204406738281,29800,0.0,0.0
2025-12-30 00:00:00-05:00,69.61013920181885,70.28423369167497,69.39204869581643,69.5110092163086,40600,0.0,0.0
2025-12-31 00:00:00-05:00,69.68945039428057,70.20493088772363,67.4094227751614,67.97447204589844,131300,0.0,0.0
2026-01-02 00:00:00-05:00,67.9645457163886,69.84804550001161,67.52837231235095,69.59030151367188,35400,0.0,0.0
2026-01-05 00:00:00-05:00,69.29292085911058,69.39205084769492,67.51846607985782,67.52838134765625,43600,0.0,0.0
2026-01-06 00:00:00-05:00,67.39950283835437,67.4986328229421,65.82331566295017,66.40818786621094,62100,0.0,0.0
2026-01-07 00:00:00-05:00,65.99183399151022,66.48749145203324,64.74277507331506,65.46643829345703,69900,0.0,0.0
2026-01-08 00:00:00-05:00,65.52591814605393,66.99306763260473,65.52591814605393,66.40818786621094,83600,0.0,0.0
2026-01-09 00:00:00-05:00,66.82454813739547,67.3499438801017,66.01166257244373,66.59654235839844,30100,0.0,0.0
2026-01-12 00:00:00-05:00,66.19009867954638,67.16159069936,66.07114572092692,67.03272247314453,28600,0.0,0.0
2026-01-13 00:00:00-05:00,67.32020258595497,69.18387198863758,67.32020258595497,68.29168701171875,40500,0.0,0.0
2026-01-14 00:00:00-05:00,69.13430133927615,69.39204533964342,68.17272464375414,68.44038391113281,44700,0.0,0.0
2026-01-15 00:00:00-05:00,68.16350838477922,68.80092221012066,66.40065483768475,67.80496215820312,27400,0.322,0.0
2026-01-16 00:00:00-05:00,67.49620614744175,67.9543544361589,67.21733856201172,67.21733856201172,29100,0.0,0.0
2026-01-20 00:00:00-05:00,67.22730213108363,68.18342284956373,67.22730213108363,67.76512145996094,28700,0.0,0.0
2026-01-21 00:00:00-05:00,68.28302169478381,69.50805595524122,67.75516406010392,68.66149139404297,45700,0.0,0.0
2026-01-22 00:00:00-05:00,68.203345201443,68.86067486038316,67.43645173434562,68.06390380859375,36600,0.0,0.0
2026-01-23 00:00:00-05:00,68.15354521147269,68.77104316605357,67.72528209428651,68.2033462524414,27500,0.0,0.0
2026-01-26 00:00:00-05:00,68.42245094166095,69.31881648732849,67.75515954599756,69.07978820800781,28200,0.0,0.0
2026-01-27 00:00:00-05:00,69.13954879452966,69.6773681640625,68.68140805720299,69.6773681640625,27900,0.0,0.0
2026-01-28 00:00:00-05:00,69.51801566828385,71.09162679814814,69.51801566828385,71.08167266845703,60500,0.0,0.0
2026-01-29 00:00:00-05:00,72.33657260619266,72.705080544438,70.39445363107819,71.40037536621094,52900,0.0,0.0
2026-01-30 00:00:00-05:00,71.57965042446152,71.83859456249388,70.21518244153025,71.07170867919922,47800,0.0,0.0
2026-02-02 00:00:00-05:00,70.37453836778836,71.0916231964052,69.91639007375075,70.59364318847656,32000,0.0,0.0
2026-02-03 00:00:00-05:00,70.73307924845705,72.2071034625118,70.20522163891644,70.60360717773438,44000,0.0,0.0
2026-02-04 00:00:00-05:00,70.65340997562785,71.17130586996288,69.96619509405062,70.54385375976562,32600,0.0,0.0
2026-02-05 00:00:00-05:00,70.21518727247842,70.4940548855904,69.21922716932269,69.3387451171875,19300,0.0,0.0
2026-02-06 00:00:00-05:00,69.37858392839682,70.71316680960126,69.11963217585996,69.26902770996094,34600,0.0,0.0
2026-02-09 00:00:00-05:00,69.11962968698978,69.7470817893335,68.77104518568771,69.52796936035156,18600,0.0,0.0
2026-02-10 00:00:00-05:00,69.71720021099327,70.52392538189179,68.83079641619639,69.57776641845703,24900,0.0,0.0
2026-02-11 00:00:00-05:00,69.96619128722108,71.15138614056897,69.71720128264022,70.7629623413086,41100,0.0,0.0
2026-02-12 00:00:00-05:00,70.72312250504491,70.9621507800724,69.20925903320312,69.20925903320312,39400,0.0,0.0
2026-02-13 00:00:00-05:00,69.22918657095506,69.95623316661991,69.22918657095506,69.76700592041016,22600,0.0,0.0
2026-02-17 00:00:00-05:00,70.0,70.0,68.2300033569336,69.44000244140625,35800,0.283,0.0
2026-02-18 00:00:00-05:00,69.77999877929688,70.77999877929688,69.30000305175781,69.97000122070312,34300,0.0,0.0
2026-02-19 00:00:00-05:00,70.4000015258789,71.55000305175781,70.08000183105469,71.0999984741211,56700,0.0,0.0
2026-02-20 00:00:00-05:00,70.44000244140625,70.91999816894531,69.7300033569336,69.88999938964844,63600,0.0,0.0
2026-02-23 00:00:00-05:00,70.12000274658203,70.94999694824219,69.69999694824219,69.97000122070312,26000,0.0,0.0
2026-02-24 00:00:00-05:00,69.97000122070312,70.44000244140625,69.6500015258789,70.16000366210938,16500,0.0,0.0
2026-02-25 00:00:00-05:00,70.5199966430664,71.48500061035156,70.0,71.23999786376953,24894,0.0,0.0
