Date,Open,High,Low,Close,Volume,Dividends,Stock Splits
2022-01-03 00:00:00-05:00,160.8000030517578,172.8000030517578,158.39999389648438,165.60000610351562,1379,0.0,0.0
2022-01-04 00:00:00-05:00,184.8000030517578,218.39999389648438,170.39999389648438,175.1999969482422,42662,0.0,0.0
2022-01-05 00:00:00-05:00,163.1999969482422,172.8000030517578,163.1999969482422,165.60000610351562,3203,0.0,0.0
2022-01-06 00:00:00-05:00,163.1999969482422,168.0,158.39999389648438,160.8000030517578,2908,0.0,0.0
2022-01-07 00:00:00-05:00,158.39999389648438,180.0,158.39999389648438,165.60000610351562,3143,0.0,0.0
2022-01-10 00:00:00-05:00,163.1999969482422,163.1999969482422,156.0,160.8000030517578,1919,0.0,0.0
2022-01-11 00:00:00-05:00,156.0,158.39999389648438,144.0,151.1999969482422,2683,0.0,0.0
2022-01-12 00:00:00-05:00,148.8000030517578,160.8000030517578,148.8000030517578,153.60000610351562,1468,0.0,0.0
2022-01-13 00:00:00-05:00,153.60000610351562,170.39999389648438,146.39999389648438,153.60000610351562,6402,0.0,0.0
2022-01-14 00:00:00-05:00,148.8000030517578,158.39999389648438,148.8000030517578,156.0,1111,0.0,0.0
2022-01-18 00:00:00-05:00,156.0,158.39999389648438,148.8000030517578,151.1999969482422,634,0.0,0.0
2022-01-19 00:00:00-05:00,148.8000030517578,151.1999969482422,141.60000610351562,148.8000030517578,1268,0.0,0.0
2022-01-20 00:00:00-05:00,151.1999969482422,182.39999389648438,148.8000030517578,163.1999969482422,3559,0.0,0.0
2022-01-21 00:00:00-05:00,163.1999969482422,163.1999969482422,146.39999389648438,153.60000610351562,1501,0.0,0.0
2022-01-24 00:00:00-05:00,148.8000030517578,151.1999969482422,139.1999969482422,146.39999389648438,2222,0.0,0.0
2022-01-25 00:00:00-05:00,148.8000030517578,151.1999969482422,139.1999969482422,148.8000030517578,1841,0.0,0.0
2022-01-26 00:00:00-05:00,151.1999969482422,158.39999389648438,144.0,146.39999389648438,1056,0.0,0.0
2022-01-27 00:00:00-05:00,151.1999969482422,158.39999389648438,144.0,146.39999389648438,604,0.0,0.0
2022-01-28 00:00:00-05:00,146.39999389648438,153.60000610351562,141.60000610351562,148.8000030517578,1145,0.0,0.0
2022-01-31 00:00:00-05:00,146.39999389648438,156.0,144.0,148.8000030517578,454,0.0,0.0
2022-02-01 00:00:00-05:00,148.8000030517578,160.8000030517578,146.39999389648438,156.0,648,0.0,0.0
2022-02-02 00:00:00-05:00,153.60000610351562,158.39999389648438,146.39999389648438,151.1999969482422,535,0.0,0.0
2022-02-03 00:00:00-05:00,148.8000030517578,151.1999969482422,146.39999389648438,148.8000030517578,185,0.0,0.0
2022-02-04 00:00:00-05:00,144.0,156.0,144.0,148.8000030517578,346,0.0,0.0
2022-02-07 00:00:00-05:00,148.8000030517578,153.60000610351562,146.39999389648438,148.8000030517578,393,0.0,0.0
2022-02-08 00:00:00-05:00,151.1999969482422,153.60000610351562,146.39999389648438,148.8000030517578,458,0.0,0.0
2022-02-09 00:00:00-05:00,165.60000610351562,165.60000610351562,151.1999969482422,156.0,688,0.0,0.0
2022-02-10 00:00:00-05:00,148.8000030517578,156.0,146.39999389648438,146.39999389648438,819,0.0,0.0
2022-02-11 00:00:00-05:00,151.1999969482422,151.1999969482422,146.39999389648438,151.1999969482422,462,0.0,0.0
2022-02-14 00:00:00-05:00,156.0,156.0,146.39999389648438,151.1999969482422,478,0.0,0.0
2022-02-15 00:00:00-05:00,146.39999389648438,156.0,146.39999389648438,153.60000610351562,730,0.0,0.0
2022-02-16 00:00:00-05:00,153.60000610351562,165.60000610351562,151.1999969482422,156.0,1224,0.0,0.0
2022-02-17 00:00:00-05:00,153.60000610351562,158.39999389648438,151.1999969482422,156.0,794,0.0,0.0
2022-02-18 00:00:00-05:00,156.0,165.60000610351562,153.60000610351562,163.1999969482422,1123,0.0,0.0
2022-02-22 00:00:00-05:00,168.0,175.1999969482422,165.60000610351562,170.39999389648438,816,0.0,0.0
2022-02-23 00:00:00-05:00,172.8000030517578,180.0,172.8000030517578,180.0,945,0.0,0.0
2022-02-24 00:00:00-05:00,168.0,175.1999969482422,165.60000610351562,168.0,757,0.0,0.0
2022-02-25 00:00:00-05:00,168.0,177.60000610351562,163.1999969482422,172.8000030517578,554,0.0,0.0
2022-02-28 00:00:00-05:00,172.8000030517578,180.0,165.60000610351562,172.8000030517578,516,0.0,0.0
2022-03-01 00:00:00-05:00,172.8000030517578,177.60000610351562,163.1999969482422,163.1999969482422,647,0.0,0.0
2022-03-02 00:00:00-05:00,163.1999969482422,170.39999389648438,156.0,158.39999389648438,713,0.0,0.0
2022-03-03 00:00:00-05:00,158.39999389648438,160.8000030517578,148.8000030517578,153.60000610351562,454,0.0,0.0
2022-03-04 00:00:00-05:00,156.0,163.1999969482422,153.60000610351562,160.8000030517578,481,0.0,0.0
2022-03-07 00:00:00-05:00,158.39999389648438,168.0,156.0,163.1999969482422,317,0.0,0.0
2022-03-08 00:00:00-05:00,163.1999969482422,168.0,153.60000610351562,165.60000610351562,739,0.0,0.0
2022-03-09 00:00:00-05:00,163.1999969482422,175.1999969482422,158.39999389648438,175.1999969482422,884,0.0,0.0
2022-03-10 00:00:00-05:00,175.1999969482422,177.60000610351562,165.60000610351562,177.60000610351562,331,0.0,0.0
2022-03-11 00:00:00-05:00,175.1999969482422,177.60000610351562,165.60000610351562,172.8000030517578,247,0.0,0.0
2022-03-14 00:00:00-04:00,165.60000610351562,172.8000030517578,163.1999969482422,163.1999969482422,387,0.0,0.0
2022-03-15 00:00:00-04:00,165.60000610351562,172.8000030517578,160.8000030517578,165.60000610351562,183,0.0,0.0
2022-03-16 00:00:00-04:00,160.8000030517578,172.8000030517578,160.8000030517578,165.60000610351562,414,0.0,0.0
2022-03-17 00:00:00-04:00,168.0,172.8000030517578,165.60000610351562,168.0,967,0.0,0.0
2022-03-18 00:00:00-04:00,168.0,177.60000610351562,151.1999969482422,165.60000610351562,1059,0.0,0.0
2022-03-21 00:00:00-04:00,172.8000030517578,172.8000030517578,163.1999969482422,165.60000610351562,340,0.0,0.0
2022-03-22 00:00:00-04:00,165.60000610351562,170.39999389648438,165.60000610351562,170.39999389648438,338,0.0,0.0
2022-03-23 00:00:00-04:00,170.39999389648438,175.1999969482422,165.60000610351562,172.8000030517578,359,0.0,0.0
2022-03-24 00:00:00-04:00,170.39999389648438,182.39999389648438,168.0,175.1999969482422,1069,0.0,0.0
2022-03-25 00:00:00-04:00,172.8000030517578,177.60000610351562,172.8000030517578,172.8000030517578,274,0.0,0.0
2022-03-28 00:00:00-04:00,165.60000610351562,177.60000610351562,165.60000610351562,172.8000030517578,700,0.0,0.0
2022-03-29 00:00:00-04:00,170.39999389648438,180.0,170.39999389648438,175.1999969482422,285,0.0,0.0
2022-03-30 00:00:00-04:00,172.8000030517578,180.0,170.39999389648438,175.1999969482422,204,0.0,0.0
2022-03-31 00:00:00-04:00,168.0,187.1999969482422,168.0,175.1999969482422,2235,0.0,0.0
2022-04-01 00:00:00-04:00,172.8000030517578,180.0,172.8000030517578,177.60000610351562,289,0.0,0.0
2022-04-04 00:00:00-04:00,180.0,182.39999389648438,163.1999969482422,175.1999969482422,710,0.0,0.0
2022-04-05 00:00:00-04:00,175.1999969482422,175.1999969482422,168.0,175.1999969482422,459,0.0,0.0
2022-04-06 00:00:00-04:00,172.8000030517578,177.60000610351562,168.0,172.8000030517578,396,0.0,0.0
2022-04-07 00:00:00-04:00,175.1999969482422,177.60000610351562,172.8000030517578,175.1999969482422,393,0.0,0.0
2022-04-08 00:00:00-04:00,177.60000610351562,177.60000610351562,172.8000030517578,177.60000610351562,160,0.0,0.0
2022-04-11 00:00:00-04:00,172.8000030517578,192.0,172.8000030517578,180.0,2018,0.0,0.0
2022-04-12 00:00:00-04:00,182.39999389648438,189.60000610351562,175.1999969482422,177.60000610351562,274,0.0,0.0
2022-04-13 00:00:00-04:00,175.1999969482422,182.39999389648438,175.1999969482422,180.0,244,0.0,0.0
2022-04-14 00:00:00-04:00,180.0,180.0,172.8000030517578,175.1999969482422,368,0.0,0.0
2022-04-18 00:00:00-04:00,172.8000030517578,175.1999969482422,165.60000610351562,168.0,738,0.0,0.0
2022-04-19 00:00:00-04:00,168.0,168.0,165.60000610351562,165.60000610351562,462,0.0,0.0
2022-04-20 00:00:00-04:00,165.60000610351562,172.8000030517578,160.8000030517578,163.1999969482422,326,0.0,0.0
2022-04-21 00:00:00-04:00,156.0,163.1999969482422,148.8000030517578,153.60000610351562,785,0.0,0.0
2022-04-22 00:00:00-04:00,144.0,151.1999969482422,144.0,146.39999389648438,489,0.0,0.0
2022-04-25 00:00:00-04:00,146.39999389648438,146.39999389648438,122.4000015258789,136.8000030517578,1478,0.0,0.0
2022-04-26 00:00:00-04:00,134.39999389648438,136.8000030517578,117.5999984741211,122.4000015258789,985,0.0,0.0
2022-04-27 00:00:00-04:00,122.4000015258789,129.60000610351562,120.0,122.4000015258789,424,0.0,0.0
2022-04-28 00:00:00-04:00,124.80000305175781,127.19999694824219,120.0,122.4000015258789,467,0.0,0.0
2022-04-29 00:00:00-04:00,117.5999984741211,127.19999694824219,117.5999984741211,127.19999694824219,514,0.0,0.0
2022-05-02 00:00:00-04:00,124.80000305175781,134.39999389648438,122.4000015258789,132.0,588,0.0,0.0
2022-05-03 00:00:00-04:00,132.0,136.8000030517578,129.60000610351562,132.0,258,0.0,0.0
2022-05-04 00:00:00-04:00,134.39999389648438,134.39999389648438,127.19999694824219,129.60000610351562,489,0.0,0.0
2022-05-05 00:00:00-04:00,120.0,132.0,120.0,127.19999694824219,513,0.0,0.0
2022-05-06 00:00:00-04:00,122.4000015258789,124.80000305175781,120.0,124.80000305175781,313,0.0,0.0
2022-05-09 00:00:00-04:00,122.4000015258789,129.60000610351562,112.80000305175781,112.80000305175781,747,0.0,0.0
2022-05-10 00:00:00-04:00,112.80000305175781,115.19999694824219,112.80000305175781,112.80000305175781,185,0.0,0.0
2022-05-11 00:00:00-04:00,112.80000305175781,112.80000305175781,98.4000015258789,98.4000015258789,641,0.0,0.0
2022-05-12 00:00:00-04:00,93.5999984741211,110.4000015258789,93.5999984741211,103.19999694824219,999,0.0,0.0
2022-05-13 00:00:00-04:00,103.19999694824219,115.19999694824219,91.19999694824219,96.0,1825,0.0,0.0
2022-05-16 00:00:00-04:00,96.0,100.80000305175781,93.5999984741211,100.80000305175781,458,0.0,0.0
2022-05-17 00:00:00-04:00,100.80000305175781,112.80000305175781,100.80000305175781,110.4000015258789,626,0.0,0.0
2022-05-18 00:00:00-04:00,112.80000305175781,124.80000305175781,98.4000015258789,105.5999984741211,448,0.0,0.0
2022-05-19 00:00:00-04:00,98.4000015258789,120.0,98.4000015258789,117.5999984741211,495,0.0,0.0
2022-05-20 00:00:00-04:00,120.0,134.39999389648438,120.0,124.80000305175781,407,0.0,0.0
2022-05-23 00:00:00-04:00,129.60000610351562,146.39999389648438,129.60000610351562,139.1999969482422,1158,0.0,0.0
2022-05-24 00:00:00-04:00,139.1999969482422,141.60000610351562,129.60000610351562,136.8000030517578,682,0.0,0.0
2022-05-25 00:00:00-04:00,139.1999969482422,144.0,120.0,134.39999389648438,180,0.0,0.0
2022-05-26 00:00:00-04:00,134.39999389648438,144.0,127.19999694824219,134.39999389648438,200,0.0,0.0
2022-05-27 00:00:00-04:00,136.8000030517578,144.0,134.39999389648438,144.0,322,0.0,0.0
2022-05-31 00:00:00-04:00,141.60000610351562,144.0,132.0,139.1999969482422,315,0.0,0.0
2022-06-01 00:00:00-04:00,134.39999389648438,139.1999969482422,124.80000305175781,129.60000610351562,451,0.0,0.0
2022-06-02 00:00:00-04:00,129.60000610351562,129.60000610351562,127.19999694824219,129.60000610351562,265,0.0,0.0
2022-06-03 00:00:00-04:00,124.80000305175781,134.39999389648438,120.0,122.4000015258789,277,0.0,0.0
2022-06-06 00:00:00-04:00,122.4000015258789,134.39999389648438,122.4000015258789,134.39999389648438,480,0.0,0.0
2022-06-07 00:00:00-04:00,129.60000610351562,136.8000030517578,127.19999694824219,127.19999694824219,373,0.0,0.0
2022-06-08 00:00:00-04:00,127.19999694824219,129.60000610351562,122.4000015258789,127.19999694824219,448,0.0,0.0
2022-06-09 00:00:00-04:00,124.80000305175781,129.60000610351562,124.80000305175781,127.19999694824219,86,0.0,0.0
2022-06-10 00:00:00-04:00,124.80000305175781,144.0,124.80000305175781,144.0,283,0.0,0.0
2022-06-13 00:00:00-04:00,144.0,151.1999969482422,124.80000305175781,136.8000030517578,385,0.0,0.0
2022-06-14 00:00:00-04:00,144.0,144.0,127.19999694824219,132.0,86,0.0,0.0
2022-06-15 00:00:00-04:00,136.8000030517578,148.8000030517578,132.0,134.39999389648438,251,0.0,0.0
2022-06-16 00:00:00-04:00,127.19999694824219,151.1999969482422,124.80000305175781,146.39999389648438,488,0.0,0.0
2022-06-17 00:00:00-04:00,146.39999389648438,146.39999389648438,132.0,136.8000030517578,358,0.0,0.0
2022-06-21 00:00:00-04:00,134.39999389648438,160.8000030517578,134.39999389648438,144.0,908,0.0,0.0
2022-06-22 00:00:00-04:00,139.1999969482422,146.39999389648438,132.0,144.0,213,0.0,0.0
2022-06-23 00:00:00-04:00,148.8000030517578,153.60000610351562,141.60000610351562,144.0,5163,0.0,0.0
2022-06-24 00:00:00-04:00,146.39999389648438,146.39999389648438,124.80000305175781,132.0,1062,0.0,0.0
2022-06-27 00:00:00-04:00,132.0,141.60000610351562,129.60000610351562,132.0,1006,0.0,0.0
2022-06-28 00:00:00-04:00,141.60000610351562,146.39999389648438,124.80000305175781,129.60000610351562,5507,0.0,0.0
2022-06-29 00:00:00-04:00,127.19999694824219,146.39999389648438,124.80000305175781,141.60000610351562,1310,0.0,0.0
2022-06-30 00:00:00-04:00,148.8000030517578,148.8000030517578,132.0,144.0,818,0.0,0.0
2022-07-01 00:00:00-04:00,141.60000610351562,146.39999389648438,134.39999389648438,139.1999969482422,281,0.0,0.0
2022-07-05 00:00:00-04:00,139.1999969482422,139.1999969482422,129.60000610351562,136.8000030517578,557,0.0,0.0
2022-07-06 00:00:00-04:00,139.1999969482422,146.39999389648438,139.1999969482422,139.1999969482422,411,0.0,0.0
2022-07-07 00:00:00-04:00,136.8000030517578,141.60000610351562,122.4000015258789,132.0,1161,0.0,0.0
2022-07-08 00:00:00-04:00,132.0,144.0,132.0,144.0,568,0.0,0.0
2022-07-11 00:00:00-04:00,148.8000030517578,165.60000610351562,146.39999389648438,156.0,1840,0.0,0.0
2022-07-12 00:00:00-04:00,168.0,168.0,156.0,163.1999969482422,645,0.0,0.0
2022-07-13 00:00:00-04:00,151.1999969482422,165.60000610351562,144.0,160.8000030517578,603,0.0,0.0
2022-07-14 00:00:00-04:00,158.39999389648438,158.39999389648438,146.39999389648438,158.39999389648438,221,0.0,0.0
2022-07-15 00:00:00-04:00,165.60000610351562,168.0,151.1999969482422,163.1999969482422,861,0.0,0.0
2022-07-18 00:00:00-04:00,163.1999969482422,168.0,156.0,168.0,664,0.0,0.0
2022-07-19 00:00:00-04:00,175.1999969482422,177.60000610351562,165.60000610351562,172.8000030517578,823,0.0,0.0
2022-07-20 00:00:00-04:00,177.60000610351562,218.39999389648438,175.1999969482422,192.0,5650,0.0,0.0
2022-07-21 00:00:00-04:00,196.8000030517578,201.60000610351562,177.60000610351562,184.8000030517578,1061,0.0,0.0
2022-07-22 00:00:00-04:00,182.39999389648438,192.0,180.0,182.39999389648438,592,0.0,0.0
2022-07-25 00:00:00-04:00,170.39999389648438,204.0,165.60000610351562,199.1999969482422,1582,0.0,0.0
2022-07-26 00:00:00-04:00,204.0,240.0,196.8000030517578,211.1999969482422,3649,0.0,0.0
2022-07-27 00:00:00-04:00,216.0,240.0,206.39999389648438,211.1999969482422,2295,0.0,0.0
2022-07-28 00:00:00-04:00,225.60000610351562,228.0,211.1999969482422,216.0,975,0.0,0.0
2022-07-29 00:00:00-04:00,220.8000030517578,220.8000030517578,206.39999389648438,211.1999969482422,463,0.0,0.0
2022-08-01 00:00:00-04:00,208.8000030517578,228.0,206.39999389648438,213.60000610351562,1000,0.0,0.0
2022-08-02 00:00:00-04:00,206.39999389648438,225.60000610351562,206.39999389648438,225.60000610351562,980,0.0,0.0
2022-08-03 00:00:00-04:00,223.1999969482422,225.60000610351562,216.0,218.39999389648438,438,0.0,0.0
2022-08-04 00:00:00-04:00,208.8000030517578,218.39999389648438,206.39999389648438,213.60000610351562,677,0.0,0.0
2022-08-05 00:00:00-04:00,216.0,218.39999389648438,213.60000610351562,218.39999389648438,248,0.0,0.0
2022-08-08 00:00:00-04:00,216.0,218.39999389648438,206.39999389648438,213.60000610351562,568,0.0,0.0
2022-08-09 00:00:00-04:00,208.8000030517578,218.39999389648438,204.0,204.0,615,0.0,0.0
2022-08-10 00:00:00-04:00,204.0,211.1999969482422,199.1999969482422,206.39999389648438,244,0.0,0.0
2022-08-11 00:00:00-04:00,206.39999389648438,213.60000610351562,201.60000610351562,208.8000030517578,390,0.0,0.0
2022-08-12 00:00:00-04:00,206.39999389648438,216.0,206.39999389648438,213.60000610351562,323,0.0,0.0
2022-08-15 00:00:00-04:00,208.8000030517578,216.0,206.39999389648438,208.8000030517578,393,0.0,0.0
2022-08-16 00:00:00-04:00,208.8000030517578,213.60000610351562,206.39999389648438,206.39999389648438,393,0.0,0.0
2022-08-17 00:00:00-04:00,204.0,208.8000030517578,199.1999969482422,206.39999389648438,521,0.0,0.0
2022-08-18 00:00:00-04:00,201.60000610351562,204.0,189.60000610351562,192.0,1467,0.0,0.0
2022-08-19 00:00:00-04:00,192.0,204.0,187.1999969482422,199.1999969482422,620,0.0,0.0
2022-08-22 00:00:00-04:00,201.60000610351562,201.60000610351562,192.0,199.1999969482422,153,0.0,0.0
2022-08-23 00:00:00-04:00,182.39999389648438,204.0,182.39999389648438,196.8000030517578,469,0.0,0.0
2022-08-24 00:00:00-04:00,194.39999389648438,204.0,194.39999389648438,199.1999969482422,219,0.0,0.0
2022-08-25 00:00:00-04:00,199.1999969482422,204.0,192.0,199.1999969482422,127,0.0,0.0
2022-08-26 00:00:00-04:00,199.1999969482422,216.0,184.8000030517578,192.0,718,0.0,0.0
2022-08-29 00:00:00-04:00,189.60000610351562,204.0,189.60000610351562,194.39999389648438,81,0.0,0.0
2022-08-30 00:00:00-04:00,192.0,194.39999389648438,189.60000610351562,194.39999389648438,154,0.0,0.0
2022-08-31 00:00:00-04:00,194.39999389648438,194.39999389648438,187.1999969482422,187.1999969482422,169,0.0,0.0
2022-09-01 00:00:00-04:00,189.60000610351562,192.0,180.0,184.8000030517578,197,0.0,0.0
2022-09-02 00:00:00-04:00,180.0,182.39999389648438,170.39999389648438,172.8000030517578,645,0.0,0.0
2022-09-06 00:00:00-04:00,175.1999969482422,177.60000610351562,163.1999969482422,165.60000610351562,469,0.0,0.0
2022-09-07 00:00:00-04:00,165.60000610351562,175.1999969482422,160.8000030517578,168.0,233,0.0,0.0
2022-09-08 00:00:00-04:00,177.60000610351562,177.60000610351562,165.60000610351562,170.39999389648438,170,0.0,0.0
2022-09-09 00:00:00-04:00,177.60000610351562,177.60000610351562,160.8000030517578,165.60000610351562,160,0.0,0.0
2022-09-12 00:00:00-04:00,158.39999389648438,170.39999389648438,158.39999389648438,163.1999969482422,193,0.0,0.0
2022-09-13 00:00:00-04:00,146.39999389648438,168.0,146.39999389648438,160.8000030517578,308,0.0,0.0
2022-09-14 00:00:00-04:00,165.60000610351562,168.0,160.8000030517578,163.1999969482422,236,0.0,0.0
2022-09-15 00:00:00-04:00,160.8000030517578,168.0,160.8000030517578,165.60000610351562,97,0.0,0.0
2022-09-16 00:00:00-04:00,158.39999389648438,163.1999969482422,144.0,160.8000030517578,487,0.0,0.0
2022-09-19 00:00:00-04:00,144.0,158.39999389648438,144.0,156.0,487,0.0,0.0
2022-09-20 00:00:00-04:00,156.0,160.8000030517578,144.0,148.8000030517578,498,0.0,0.0
2022-09-21 00:00:00-04:00,148.8000030517578,151.1999969482422,129.60000610351562,134.39999389648438,1283,0.0,0.0
2022-09-22 00:00:00-04:00,146.39999389648438,146.39999389648438,127.19999694824219,129.60000610351562,260,0.0,0.0
2022-09-23 00:00:00-04:00,127.19999694824219,129.60000610351562,120.0,122.4000015258789,562,0.0,0.0
2022-09-26 00:00:00-04:00,120.0,122.4000015258789,115.19999694824219,117.5999984741211,286,0.0,0.0
2022-09-27 00:00:00-04:00,120.0,124.80000305175781,117.5999984741211,117.5999984741211,274,0.0,0.0
2022-09-28 00:00:00-04:00,120.0,120.0,112.80000305175781,115.19999694824219,456,0.0,0.0
2022-09-29 00:00:00-04:00,117.5999984741211,117.5999984741211,112.80000305175781,115.19999694824219,139,0.0,0.0
2022-09-30 00:00:00-04:00,115.19999694824219,115.19999694824219,103.19999694824219,105.5999984741211,806,0.0,0.0
2022-10-03 00:00:00-04:00,103.19999694824219,110.4000015258789,103.19999694824219,108.0,431,0.0,0.0
2022-10-04 00:00:00-04:00,112.80000305175781,115.19999694824219,108.0,115.19999694824219,313,0.0,0.0
2022-10-05 00:00:00-04:00,115.19999694824219,132.0,115.19999694824219,132.0,842,0.0,0.0
2022-10-06 00:00:00-04:00,139.1999969482422,148.8000030517578,127.19999694824219,136.8000030517578,693,0.0,0.0
2022-10-07 00:00:00-04:00,144.0,144.0,134.39999389648438,136.8000030517578,281,0.0,0.0
2022-10-10 00:00:00-04:00,136.8000030517578,144.0,132.0,139.1999969482422,244,0.0,0.0
2022-10-11 00:00:00-04:00,139.1999969482422,144.0,139.1999969482422,141.60000610351562,257,0.0,0.0
2022-10-12 00:00:00-04:00,141.60000610351562,144.0,132.0,136.8000030517578,333,0.0,0.0
2022-10-13 00:00:00-04:00,132.0,134.39999389648438,132.0,132.0,272,0.0,0.0
2022-10-14 00:00:00-04:00,134.39999389648438,144.0,134.39999389648438,141.60000610351562,187,0.0,0.0
2022-10-17 00:00:00-04:00,141.60000610351562,153.60000610351562,141.60000610351562,148.8000030517578,833,0.0,0.0
2022-10-18 00:00:00-04:00,151.1999969482422,165.60000610351562,141.60000610351562,163.1999969482422,374,0.0,0.0
2022-10-19 00:00:00-04:00,158.39999389648438,163.1999969482422,156.0,156.0,170,0.0,0.0
2022-10-20 00:00:00-04:00,160.8000030517578,160.8000030517578,153.60000610351562,158.39999389648438,219,0.0,0.0
2022-10-21 00:00:00-04:00,156.0,160.8000030517578,148.8000030517578,151.1999969482422,255,0.0,0.0
2022-10-24 00:00:00-04:00,148.8000030517578,163.1999969482422,146.39999389648438,163.1999969482422,318,0.0,0.0
2022-10-25 00:00:00-04:00,160.8000030517578,165.60000610351562,156.0,158.39999389648438,113,0.0,0.0
2022-10-26 00:00:00-04:00,165.60000610351562,165.60000610351562,158.39999389648438,160.8000030517578,166,0.0,0.0
2022-10-27 00:00:00-04:00,160.8000030517578,168.0,160.8000030517578,165.60000610351562,243,0.0,0.0
2022-10-28 00:00:00-04:00,158.39999389648438,172.8000030517578,158.39999389648438,168.0,349,0.0,0.0
2022-10-31 00:00:00-04:00,163.1999969482422,172.8000030517578,160.8000030517578,163.1999969482422,571,0.0,0.0
2022-11-01 00:00:00-04:00,163.1999969482422,170.39999389648438,163.1999969482422,163.1999969482422,113,0.0,0.0
2022-11-02 00:00:00-04:00,165.60000610351562,168.0,160.8000030517578,160.8000030517578,142,0.0,0.0
2022-11-03 00:00:00-04:00,158.39999389648438,168.0,158.39999389648438,160.8000030517578,75,0.0,0.0
2022-11-04 00:00:00-04:00,158.39999389648438,163.1999969482422,156.0,158.39999389648438,145,0.0,0.0
2022-11-07 00:00:00-05:00,156.0,158.39999389648438,148.8000030517578,156.0,193,0.0,0.0
2022-11-08 00:00:00-05:00,160.8000030517578,163.1999969482422,151.1999969482422,153.60000610351562,117,0.0,0.0
2022-11-09 00:00:00-05:00,163.1999969482422,168.0,151.1999969482422,160.8000030517578,257,0.0,0.0
2022-11-10 00:00:00-05:00,163.1999969482422,168.0,160.8000030517578,160.8000030517578,333,0.0,0.0
2022-11-11 00:00:00-05:00,165.60000610351562,168.0,156.0,168.0,214,0.0,0.0
2022-11-14 00:00:00-05:00,163.1999969482422,170.39999389648438,158.39999389648438,170.39999389648438,346,0.0,0.0
2022-11-15 00:00:00-05:00,170.39999389648438,175.1999969482422,158.39999389648438,158.39999389648438,606,0.0,0.0
2022-11-16 00:00:00-05:00,151.1999969482422,163.1999969482422,151.1999969482422,156.0,235,0.0,0.0
2022-11-17 00:00:00-05:00,151.1999969482422,160.8000030517578,151.1999969482422,156.0,55,0.0,0.0
2022-11-18 00:00:00-05:00,156.0,156.0,156.0,156.0,103,0.0,0.0
2022-11-21 00:00:00-05:00,156.0,158.39999389648438,151.1999969482422,151.1999969482422,115,0.0,0.0
2022-11-22 00:00:00-05:00,148.8000030517578,151.1999969482422,134.39999389648438,139.1999969482422,595,0.0,0.0
2022-11-23 00:00:00-05:00,139.1999969482422,141.60000610351562,134.39999389648438,139.1999969482422,312,0.0,0.0
2022-11-25 00:00:00-05:00,146.39999389648438,146.39999389648438,139.1999969482422,139.1999969482422,46,0.0,0.0
2022-11-28 00:00:00-05:00,136.8000030517578,148.8000030517578,132.0,134.39999389648438,69,0.0,0.0
2022-11-29 00:00:00-05:00,134.39999389648438,139.1999969482422,132.0,136.8000030517578,167,0.0,0.0
2022-11-30 00:00:00-05:00,136.8000030517578,136.8000030517578,132.0,134.39999389648438,221,0.0,0.0
2022-12-01 00:00:00-05:00,136.8000030517578,144.0,134.39999389648438,136.8000030517578,99,0.0,0.0
2022-12-02 00:00:00-05:00,132.0,139.1999969482422,132.0,134.39999389648438,410,0.0,0.0
2022-12-05 00:00:00-05:00,134.39999389648438,136.8000030517578,134.39999389648438,136.8000030517578,235,0.0,0.0
2022-12-06 00:00:00-05:00,139.1999969482422,139.1999969482422,124.80000305175781,129.60000610351562,275,0.0,0.0
2022-12-07 00:00:00-05:00,134.39999389648438,141.60000610351562,124.80000305175781,124.80000305175781,170,0.0,0.0
2022-12-08 00:00:00-05:00,124.80000305175781,134.39999389648438,120.0,129.60000610351562,252,0.0,0.0
2022-12-09 00:00:00-05:00,122.4000015258789,132.0,122.4000015258789,124.80000305175781,260,0.0,0.0
2022-12-12 00:00:00-05:00,124.80000305175781,144.0,124.80000305175781,129.60000610351562,498,0.0,0.0
2022-12-13 00:00:00-05:00,127.19999694824219,134.39999389648438,127.19999694824219,134.39999389648438,172,0.0,0.0
2022-12-14 00:00:00-05:00,134.39999389648438,139.1999969482422,129.60000610351562,129.60000610351562,162,0.0,0.0
2022-12-15 00:00:00-05:00,139.1999969482422,156.0,139.1999969482422,146.39999389648438,1591,0.0,0.0
2022-12-16 00:00:00-05:00,153.60000610351562,156.0,144.0,151.1999969482422,485,0.0,0.0
2022-12-19 00:00:00-05:00,158.39999389648438,163.1999969482422,151.1999969482422,158.39999389648438,371,0.0,0.0
2022-12-20 00:00:00-05:00,163.1999969482422,165.60000610351562,156.0,160.8000030517578,575,0.0,0.0
2022-12-21 00:00:00-05:00,163.1999969482422,165.60000610351562,146.39999389648438,148.8000030517578,690,0.0,0.0
2022-12-22 00:00:00-05:00,153.60000610351562,158.39999389648438,148.8000030517578,158.39999389648438,465,0.0,0.0
2022-12-23 00:00:00-05:00,158.39999389648438,158.39999389648438,146.39999389648438,156.0,364,0.0,0.0
2022-12-27 00:00:00-05:00,141.60000610351562,141.60000610351562,120.0,120.0,1337,0.0,0.0
2022-12-28 00:00:00-05:00,122.4000015258789,122.4000015258789,96.0,96.0,1585,0.0,0.0
2022-12-29 00:00:00-05:00,93.5999984741211,117.5999984741211,93.5999984741211,108.0,1078,0.0,0.0
2022-12-30 00:00:00-05:00,108.0,108.0,98.4000015258789,108.0,468,0.0,0.0
2023-01-03 00:00:00-05:00,115.19999694824219,120.0,112.80000305175781,115.19999694824219,307,0.0,0.0
2023-01-04 00:00:00-05:00,120.0,122.4000015258789,105.5999984741211,122.4000015258789,328,0.0,0.0
2023-01-05 00:00:00-05:00,122.4000015258789,122.4000015258789,112.80000305175781,112.80000305175781,285,0.0,0.0
2023-01-06 00:00:00-05:00,110.4000015258789,117.5999984741211,108.0,115.19999694824219,173,0.0,0.0
2023-01-09 00:00:00-05:00,115.19999694824219,129.60000610351562,110.4000015258789,110.4000015258789,633,0.0,0.0
2023-01-10 00:00:00-05:00,108.0,115.19999694824219,108.0,115.19999694824219,393,0.0,0.0
2023-01-11 00:00:00-05:00,115.19999694824219,115.19999694824219,108.0,112.80000305175781,635,0.0,0.0
2023-01-12 00:00:00-05:00,112.80000305175781,115.19999694824219,110.4000015258789,115.19999694824219,408,0.0,0.0
2023-01-13 00:00:00-05:00,117.5999984741211,117.5999984741211,112.80000305175781,112.80000305175781,149,0.0,0.0
2023-01-17 00:00:00-05:00,112.80000305175781,115.19999694824219,108.0,112.80000305175781,611,0.0,0.0
2023-01-18 00:00:00-05:00,112.80000305175781,127.19999694824219,112.80000305175781,120.0,552,0.0,0.0
2023-01-19 00:00:00-05:00,120.0,127.19999694824219,120.0,120.0,252,0.0,0.0
2023-01-20 00:00:00-05:00,122.4000015258789,124.80000305175781,120.0,120.0,556,0.0,0.0
2023-01-23 00:00:00-05:00,122.4000015258789,124.80000305175781,115.19999694824219,117.5999984741211,408,0.0,0.0
2023-01-24 00:00:00-05:00,115.19999694824219,122.4000015258789,115.19999694824219,117.5999984741211,254,0.0,0.0
2023-01-25 00:00:00-05:00,117.5999984741211,117.5999984741211,115.19999694824219,115.19999694824219,220,0.0,0.0
2023-01-26 00:00:00-05:00,120.0,120.0,112.80000305175781,112.80000305175781,220,0.0,0.0
2023-01-27 00:00:00-05:00,122.4000015258789,122.4000015258789,112.80000305175781,115.19999694824219,208,0.0,0.0
2023-01-30 00:00:00-05:00,115.19999694824219,120.0,108.0,108.0,177,0.0,0.0
2023-01-31 00:00:00-05:00,115.19999694824219,115.19999694824219,105.5999984741211,105.5999984741211,959,0.0,0.0
2023-02-01 00:00:00-05:00,103.19999694824219,108.0,103.19999694824219,105.5999984741211,253,0.0,0.0
2023-02-02 00:00:00-05:00,108.0,110.4000015258789,105.5999984741211,110.4000015258789,620,0.0,0.0
2023-02-03 00:00:00-05:00,110.4000015258789,115.19999694824219,103.19999694824219,110.4000015258789,724,0.0,0.0
2023-02-06 00:00:00-05:00,110.4000015258789,115.19999694824219,108.0,108.0,346,0.0,0.0
2023-02-07 00:00:00-05:00,108.0,112.80000305175781,108.0,108.0,343,0.0,0.0
2023-02-08 00:00:00-05:00,108.0,112.80000305175781,108.0,110.4000015258789,140,0.0,0.0
2023-02-09 00:00:00-05:00,105.5999984741211,105.5999984741211,91.19999694824219,96.0,2669,0.0,0.0
2023-02-10 00:00:00-05:00,90.08000183105469,90.08000183105469,81.76000213623047,85.5999984741211,1894,0.0,0.06666666666666667
2023-02-13 00:00:00-05:00,87.19999694824219,92.95999908447266,84.63999938964844,92.80000305175781,3106,0.0,0.0
2023-02-14 00:00:00-05:00,63.68000030517578,76.0,59.040000915527344,76.0,36569,0.0,0.0
2023-02-15 00:00:00-05:00,72.63999938964844,83.19999694824219,62.400001525878906,64.31999969482422,8113,0.0,0.0
2023-02-16 00:00:00-05:00,64.31999969482422,68.4800033569336,61.439998626708984,65.5999984741211,4113,0.0,0.0
2023-02-17 00:00:00-05:00,66.23999786376953,68.63999938964844,64.95999908447266,66.4000015258789,1625,0.0,0.0
2023-02-21 00:00:00-05:00,66.4000015258789,67.04000091552734,64.80000305175781,65.5999984741211,850,0.0,0.0
2023-02-22 00:00:00-05:00,65.44000244140625,66.23999786376953,64.0,64.16000366210938,338,0.0,0.0
2023-02-23 00:00:00-05:00,64.0,64.0,60.0,60.0,1250,0.0,0.0
2023-02-24 00:00:00-05:00,60.0,61.7599983215332,58.720001220703125,60.79999923706055,1088,0.0,0.0
2023-02-27 00:00:00-05:00,60.79999923706055,60.79999923706055,53.119998931884766,53.599998474121094,2250,0.0,0.0
2023-02-28 00:00:00-05:00,52.79999923706055,53.599998474121094,47.20000076293945,48.47999954223633,2069,0.0,0.0
2023-03-01 00:00:00-05:00,47.36000061035156,47.36000061035156,42.560001373291016,43.52000045776367,1731,0.0,0.0
2023-03-02 00:00:00-05:00,44.15999984741211,48.0,42.560001373291016,47.52000045776367,2656,0.0,0.0
2023-03-03 00:00:00-05:00,48.0,49.599998474121094,47.20000076293945,47.36000061035156,881,0.0,0.0
2023-03-06 00:00:00-05:00,49.91999816894531,49.91999816894531,44.63999938964844,47.52000045776367,894,0.0,0.0
2023-03-07 00:00:00-05:00,47.84000015258789,48.0,44.79999923706055,46.880001068115234,938,0.0,0.0
2023-03-08 00:00:00-05:00,47.20000076293945,47.20000076293945,44.79999923706055,45.91999816894531,1056,0.0,0.0
2023-03-09 00:00:00-05:00,44.959999084472656,51.36000061035156,44.959999084472656,48.959999084472656,2738,0.0,0.0
2023-03-10 00:00:00-05:00,48.31999969482422,51.36000061035156,46.720001220703125,51.36000061035156,381,0.0,0.0
2023-03-13 00:00:00-04:00,50.08000183105469,50.400001525878906,46.2400016784668,46.2400016784668,2000,0.0,0.0
2023-03-14 00:00:00-04:00,46.880001068115234,47.84000015258789,45.119998931884766,45.119998931884766,1081,0.0,0.0
2023-03-15 00:00:00-04:00,44.47999954223633,48.15999984741211,44.15999984741211,44.15999984741211,2438,0.0,0.0
2023-03-16 00:00:00-04:00,44.0,46.400001525878906,40.47999954223633,41.279998779296875,2613,0.0,0.0
2023-03-17 00:00:00-04:00,41.439998626708984,41.439998626708984,35.040000915527344,36.959999084472656,2756,0.0,0.0
2023-03-20 00:00:00-04:00,35.52000045776367,37.7599983215332,34.400001525878906,34.560001373291016,1631,0.0,0.0
2023-03-21 00:00:00-04:00,34.08000183105469,37.7599983215332,32.31999969482422,32.63999938964844,2063,0.0,0.0
2023-03-22 00:00:00-04:00,32.0,34.400001525878906,28.0,29.920000076293945,2150,0.0,0.0
2023-03-23 00:00:00-04:00,28.959999084472656,33.91999816894531,28.959999084472656,29.280000686645508,1750,0.0,0.0
2023-03-24 00:00:00-04:00,30.719999313354492,31.200000762939453,28.15999984741211,29.440000534057617,631,0.0,0.0
2023-03-27 00:00:00-04:00,30.8799991607666,32.0,29.760000228881836,30.079999923706055,1200,0.0,0.0
2023-03-28 00:00:00-04:00,30.079999923706055,35.36000061035156,30.079999923706055,34.400001525878906,856,0.0,0.0
2023-03-29 00:00:00-04:00,35.20000076293945,36.959999084472656,29.600000381469727,36.63999938964844,2188,0.0,0.0
2023-03-30 00:00:00-04:00,36.63999938964844,38.720001220703125,32.0,32.79999923706055,1269,0.0,0.0
2023-03-31 00:00:00-04:00,32.15999984741211,32.63999938964844,29.440000534057617,31.520000457763672,1575,0.0,0.0
2023-04-03 00:00:00-04:00,30.399999618530273,33.91999816894531,29.280000686645508,32.31999969482422,9281,0.0,0.0
2023-04-04 00:00:00-04:00,32.79999923706055,32.79999923706055,28.0,28.639999389648438,6419,0.0,0.0
2023-04-05 00:00:00-04:00,29.1200008392334,30.399999618530273,28.0,28.15999984741211,4881,0.0,0.0
2023-04-06 00:00:00-04:00,27.360000610351562,29.1200008392334,26.719999313354492,27.040000915527344,1819,0.0,0.0
2023-04-10 00:00:00-04:00,27.200000762939453,28.799999237060547,26.079999923706055,26.079999923706055,1694,0.0,0.0
2023-04-11 00:00:00-04:00,25.1200008392334,26.079999923706055,24.31999969482422,24.799999237060547,1844,0.0,0.0
2023-04-12 00:00:00-04:00,25.1200008392334,25.600000381469727,24.479999542236328,24.639999389648438,506,0.0,0.0
2023-04-13 00:00:00-04:00,24.15999984741211,26.8799991607666,24.15999984741211,26.239999771118164,2275,0.0,0.0
2023-04-14 00:00:00-04:00,19.84000015258789,25.1200008392334,19.520000457763672,25.1200008392334,4356,0.0,0.0
2023-04-17 00:00:00-04:00,25.440000534057617,31.040000915527344,25.440000534057617,28.959999084472656,2944,0.0,0.0
2023-04-18 00:00:00-04:00,30.079999923706055,30.8799991607666,25.920000076293945,27.200000762939453,1394,0.0,0.0
2023-04-19 00:00:00-04:00,27.040000915527344,30.079999923706055,27.040000915527344,27.520000457763672,844,0.0,0.0
2023-04-20 00:00:00-04:00,28.639999389648438,28.639999389648438,23.360000610351562,23.360000610351562,1594,0.0,0.0
2023-04-21 00:00:00-04:00,23.360000610351562,25.280000686645508,23.360000610351562,24.31999969482422,1656,0.0,0.0
2023-04-24 00:00:00-04:00,26.8799991607666,26.8799991607666,24.15999984741211,24.639999389648438,1838,0.0,0.0
2023-04-25 00:00:00-04:00,24.799999237060547,28.31999969482422,22.8799991607666,24.639999389648438,5050,0.0,0.0
2023-04-26 00:00:00-04:00,24.15999984741211,24.31999969482422,20.479999542236328,20.799999237060547,2344,0.0,0.0
2023-04-27 00:00:00-04:00,22.8799991607666,24.0,21.280000686645508,23.360000610351562,1881,0.0,0.0
2023-04-28 00:00:00-04:00,22.559999465942383,26.239999771118164,22.559999465942383,24.639999389648438,1563,0.0,0.0
2023-05-01 00:00:00-04:00,26.239999771118164,28.0,25.280000686645508,27.040000915527344,1894,0.0,0.0
2023-05-02 00:00:00-04:00,26.239999771118164,26.239999771118164,25.600000381469727,25.600000381469727,325,0.0,0.0
2023-05-03 00:00:00-04:00,25.920000076293945,26.8799991607666,22.079999923706055,22.719999313354492,1894,0.0,0.0
2023-05-04 00:00:00-04:00,56.959999084472656,67.19999694824219,32.0,36.47999954223633,2294056,0.0,0.0
2023-05-05 00:00:00-04:00,19.200000762939453,19.84000015258789,17.600000381469727,17.600000381469727,499794,0.0,0.0
2023-05-08 00:00:00-04:00,18.399999618530273,18.399999618530273,16.31999969482422,16.639999389648438,93419,0.0,0.0
2023-05-09 00:00:00-04:00,16.799999237060547,16.799999237060547,14.399999618530273,14.5600004196167,87275,0.0,0.0
2023-05-10 00:00:00-04:00,14.5600004196167,14.5600004196167,12.800000190734863,13.119999885559082,70213,0.0,0.0
2023-05-11 00:00:00-04:00,13.600000381469727,13.600000381469727,11.680000305175781,12.319999694824219,69869,0.0,0.0
2023-05-12 00:00:00-04:00,12.479999542236328,13.4399995803833,12.15999984741211,12.479999542236328,41938,0.0,0.0
2023-05-15 00:00:00-04:00,12.960000038146973,13.4399995803833,12.15999984741211,13.279999732971191,26594,0.0,0.0
2023-05-16 00:00:00-04:00,13.760000228881836,13.760000228881836,12.479999542236328,12.479999542236328,34356,0.0,0.0
2023-05-17 00:00:00-04:00,12.800000190734863,12.800000190734863,12.0,12.479999542236328,14863,0.0,0.0
2023-05-18 00:00:00-04:00,12.479999542236328,12.800000190734863,12.0,12.479999542236328,13238,0.0,0.0
2023-05-19 00:00:00-04:00,12.640000343322754,12.640000343322754,12.15999984741211,12.479999542236328,12719,0.0,0.0
2023-05-22 00:00:00-04:00,12.319999694824219,12.479999542236328,12.0,12.319999694824219,15144,0.0,0.0
2023-05-23 00:00:00-04:00,12.319999694824219,12.319999694824219,11.84000015258789,12.15999984741211,14650,0.0,0.0
2023-05-24 00:00:00-04:00,12.0,12.319999694824219,10.399999618530273,11.84000015258789,23313,0.0,0.0
2023-05-25 00:00:00-04:00,11.84000015258789,11.84000015258789,11.039999961853027,11.359999656677246,11069,0.0,0.0
2023-05-26 00:00:00-04:00,11.359999656677246,11.84000015258789,10.880000114440918,11.680000305175781,13269,0.0,0.0
2023-05-30 00:00:00-04:00,11.520000457763672,11.680000305175781,11.199999809265137,11.680000305175781,12331,0.0,0.0
2023-05-31 00:00:00-04:00,11.84000015258789,11.84000015258789,11.199999809265137,11.520000457763672,10113,0.0,0.0
2023-06-01 00:00:00-04:00,11.359999656677246,11.680000305175781,11.199999809265137,11.520000457763672,11500,0.0,0.0
2023-06-02 00:00:00-04:00,11.520000457763672,12.15999984741211,11.520000457763672,11.520000457763672,15331,0.0,0.0
2023-06-05 00:00:00-04:00,11.520000457763672,12.0,11.359999656677246,11.84000015258789,10894,0.0,0.0
2023-06-06 00:00:00-04:00,11.680000305175781,12.0,11.520000457763672,11.84000015258789,5844,0.0,0.0
2023-06-07 00:00:00-04:00,11.680000305175781,12.0,11.680000305175781,11.84000015258789,5338,0.0,0.0
2023-06-08 00:00:00-04:00,11.84000015258789,12.0,11.680000305175781,11.84000015258789,4019,0.0,0.0
2023-06-09 00:00:00-04:00,12.15999984741211,12.15999984741211,11.520000457763672,11.680000305175781,5063,0.0,0.0
2023-06-12 00:00:00-04:00,11.680000305175781,11.680000305175781,11.359999656677246,11.520000457763672,6831,0.0,0.0
2023-06-13 00:00:00-04:00,11.520000457763672,12.0,11.359999656677246,11.680000305175781,7719,0.0,0.0
2023-06-14 00:00:00-04:00,11.680000305175781,11.84000015258789,11.520000457763672,11.84000015258789,6394,0.0,0.0
2023-06-15 00:00:00-04:00,11.680000305175781,11.84000015258789,11.520000457763672,11.520000457763672,6256,0.0,0.0
2023-06-16 00:00:00-04:00,11.680000305175781,11.680000305175781,11.039999961853027,11.039999961853027,13994,0.0,0.0
2023-06-20 00:00:00-04:00,11.199999809265137,11.359999656677246,10.399999618530273,10.720000267028809,14519,0.0,0.0
2023-06-21 00:00:00-04:00,10.5600004196167,11.039999961853027,10.239999771118164,10.5600004196167,16644,0.0,0.0
2023-06-22 00:00:00-04:00,10.720000267028809,11.84000015258789,10.399999618530273,11.359999656677246,9169,0.0,0.0
2023-06-23 00:00:00-04:00,11.359999656677246,11.520000457763672,10.880000114440918,11.359999656677246,7713,0.0,0.0
2023-06-26 00:00:00-04:00,11.359999656677246,11.84000015258789,10.880000114440918,11.520000457763672,9556,0.0,0.0
2023-06-27 00:00:00-04:00,11.359999656677246,11.680000305175781,11.039999961853027,11.039999961853027,6888,0.0,0.0
2023-06-28 00:00:00-04:00,10.880000114440918,11.520000457763672,10.720000267028809,11.520000457763672,4100,0.0,0.0
2023-06-29 00:00:00-04:00,11.520000457763672,11.84000015258789,11.199999809265137,11.359999656677246,6050,0.0,0.0
2023-06-30 00:00:00-04:00,11.359999656677246,11.359999656677246,10.5600004196167,11.199999809265137,8788,0.0,0.0
2023-07-03 00:00:00-04:00,11.359999656677246,11.520000457763672,11.039999961853027,11.359999656677246,2094,0.0,0.0
2023-07-05 00:00:00-04:00,11.520000457763672,11.680000305175781,11.199999809265137,11.520000457763672,4656,0.0,0.0
2023-07-06 00:00:00-04:00,11.680000305175781,11.680000305175781,11.039999961853027,11.680000305175781,3175,0.0,0.0
2023-07-07 00:00:00-04:00,11.199999809265137,11.84000015258789,10.880000114440918,11.199999809265137,4113,0.0,0.0
2023-07-10 00:00:00-04:00,11.84000015258789,11.84000015258789,10.880000114440918,11.039999961853027,6638,0.0,0.0
2023-07-11 00:00:00-04:00,11.520000457763672,11.84000015258789,11.039999961853027,11.039999961853027,23994,0.0,0.0
2023-07-12 00:00:00-04:00,11.199999809265137,11.199999809265137,10.399999618530273,10.880000114440918,11169,0.0,0.0
2023-07-13 00:00:00-04:00,11.039999961853027,11.199999809265137,10.720000267028809,11.039999961853027,7475,0.0,0.0
2023-07-14 00:00:00-04:00,11.039999961853027,11.039999961853027,10.5600004196167,11.039999961853027,4431,0.0,0.0
2023-07-17 00:00:00-04:00,11.199999809265137,11.199999809265137,10.5600004196167,11.039999961853027,3469,0.0,0.0
2023-07-18 00:00:00-04:00,11.039999961853027,11.039999961853027,10.720000267028809,10.720000267028809,5213,0.0,0.0
2023-07-19 00:00:00-04:00,10.720000267028809,11.039999961853027,10.720000267028809,10.880000114440918,10531,0.0,0.0
2023-07-20 00:00:00-04:00,10.880000114440918,11.039999961853027,10.5600004196167,10.720000267028809,5331,0.0,0.0
2023-07-21 00:00:00-04:00,11.039999961853027,11.039999961853027,10.5600004196167,10.720000267028809,3738,0.0,0.0
2023-07-24 00:00:00-04:00,11.039999961853027,11.039999961853027,10.079999923706055,10.239999771118164,10331,0.0,0.0
2023-07-25 00:00:00-04:00,10.239999771118164,10.239999771118164,9.600000381469727,10.079999923706055,6875,0.0,0.0
2023-07-26 00:00:00-04:00,10.239999771118164,10.399999618530273,9.920000076293945,10.239999771118164,3331,0.0,0.0
2023-07-27 00:00:00-04:00,10.399999618530273,10.399999618530273,9.920000076293945,10.079999923706055,2569,0.0,0.0
2023-07-28 00:00:00-04:00,9.920000076293945,10.239999771118164,9.760000228881836,10.239999771118164,4031,0.0,0.0
2023-07-31 00:00:00-04:00,10.239999771118164,10.239999771118164,9.920000076293945,10.079999923706055,4200,0.0,0.0
2023-08-01 00:00:00-04:00,10.079999923706055,10.399999618530273,9.760000228881836,9.920000076293945,7400,0.0,0.0
2023-08-02 00:00:00-04:00,10.239999771118164,10.239999771118164,9.600000381469727,9.760000228881836,4444,0.0,0.0
2023-08-03 00:00:00-04:00,9.760000228881836,9.760000228881836,9.4399995803833,9.4399995803833,5969,0.0,0.0
2023-08-04 00:00:00-04:00,9.4399995803833,10.079999923706055,8.960000038146973,9.119999885559082,5981,0.0,0.0
2023-08-07 00:00:00-04:00,9.4399995803833,9.4399995803833,8.15999984741211,8.479999542236328,25325,0.0,0.0
2023-08-08 00:00:00-04:00,8.319999694824219,9.279999732971191,8.15999984741211,8.479999542236328,7150,0.0,0.0
2023-08-09 00:00:00-04:00,8.640000343322754,8.960000038146973,8.319999694824219,8.640000343322754,4219,0.0,0.0
2023-08-10 00:00:00-04:00,8.640000343322754,8.640000343322754,8.319999694824219,8.479999542236328,6356,0.0,0.0
2023-08-11 00:00:00-04:00,8.640000343322754,8.960000038146973,8.0,8.800000190734863,124238,0.0,0.0
2023-08-14 00:00:00-04:00,8.800000190734863,8.800000190734863,7.840000152587891,7.840000152587891,35769,0.0,0.0
2023-08-15 00:00:00-04:00,7.840000152587891,7.840000152587891,7.039999961853027,7.360000133514404,22456,0.0,0.0
2023-08-16 00:00:00-04:00,7.199999809265137,8.0,6.880000114440918,7.840000152587891,14394,0.0,0.0
2023-08-17 00:00:00-04:00,7.840000152587891,8.0,6.71999979019165,7.679999828338623,11613,0.0,0.0
2023-08-18 00:00:00-04:00,7.519999980926514,7.840000152587891,6.880000114440918,7.199999809265137,7206,0.0,0.0
2023-08-21 00:00:00-04:00,7.679999828338623,7.679999828338623,7.199999809265137,7.360000133514404,4256,0.0,0.0
2023-08-22 00:00:00-04:00,7.199999809265137,7.519999980926514,6.880000114440918,7.039999961853027,2513,0.0,0.0
2023-08-23 00:00:00-04:00,7.360000133514404,7.360000133514404,7.199999809265137,7.360000133514404,1688,0.0,0.0
2023-08-24 00:00:00-04:00,7.360000133514404,7.679999828338623,7.199999809265137,7.519999980926514,3563,0.0,0.0
2023-08-25 00:00:00-04:00,7.519999980926514,7.679999828338623,7.199999809265137,7.519999980926514,1394,0.0,0.0
2023-08-28 00:00:00-04:00,7.360000133514404,7.679999828338623,7.199999809265137,7.199999809265137,5406,0.0,0.0
2023-08-29 00:00:00-04:00,7.199999809265137,7.679999828338623,7.039999961853027,7.360000133514404,2944,0.0,0.0
2023-08-30 00:00:00-04:00,7.360000133514404,7.519999980926514,7.039999961853027,7.199999809265137,4531,0.0,0.0
2023-08-31 00:00:00-04:00,7.519999980926514,7.519999980926514,7.039999961853027,7.199999809265137,2950,0.0,0.0
2023-09-01 00:00:00-04:00,7.679999828338623,7.679999828338623,7.039999961853027,7.039999961853027,3338,0.0,0.0
2023-09-05 00:00:00-04:00,7.519999980926514,7.519999980926514,7.199999809265137,7.360000133514404,5125,0.0,0.0
2023-09-06 00:00:00-04:00,7.360000133514404,8.15999984741211,7.360000133514404,7.840000152587891,13338,0.0,0.0
2023-09-07 00:00:00-04:00,8.0,8.15999984741211,7.840000152587891,8.15999984741211,8475,0.0,0.0
2023-09-08 00:00:00-04:00,8.0,8.15999984741211,7.519999980926514,8.0,2488,0.0,0.0
2023-09-11 00:00:00-04:00,7.679999828338623,8.15999984741211,7.679999828338623,8.15999984741211,2356,0.0,0.0
2023-09-12 00:00:00-04:00,8.15999984741211,8.15999984741211,7.840000152587891,8.15999984741211,3344,0.0,0.0
2023-09-13 00:00:00-04:00,8.15999984741211,8.15999984741211,7.360000133514404,7.679999828338623,3950,0.0,0.0
2023-09-14 00:00:00-04:00,7.679999828338623,8.0,7.199999809265137,7.199999809265137,5513,0.0,0.0
2023-09-15 00:00:00-04:00,7.360000133514404,7.519999980926514,7.199999809265137,7.360000133514404,4988,0.0,0.0
2023-09-18 00:00:00-04:00,7.679999828338623,8.479999542236328,7.519999980926514,8.15999984741211,10075,0.0,0.0
2023-09-19 00:00:00-04:00,8.479999542236328,8.640000343322754,7.840000152587891,8.479999542236328,10231,0.0,0.0
2023-09-20 00:00:00-04:00,8.800000190734863,8.800000190734863,8.0,8.15999984741211,4144,0.0,0.0
2023-09-21 00:00:00-04:00,7.840000152587891,8.15999984741211,7.840000152587891,8.0,1925,0.0,0.0
2023-09-22 00:00:00-04:00,8.15999984741211,8.479999542236328,8.0,8.479999542236328,2838,0.0,0.0
2023-09-25 00:00:00-04:00,8.479999542236328,8.960000038146973,8.319999694824219,8.479999542236328,5025,0.0,0.0
2023-09-26 00:00:00-04:00,8.640000343322754,8.800000190734863,8.319999694824219,8.640000343322754,9444,0.0,0.0
2023-09-27 00:00:00-04:00,8.640000343322754,8.800000190734863,8.479999542236328,8.640000343322754,2000,0.0,0.0
2023-09-28 00:00:00-04:00,8.640000343322754,8.800000190734863,8.319999694824219,8.640000343322754,4581,0.0,0.0
2023-09-29 00:00:00-04:00,8.479999542236328,8.960000038146973,8.479999542236328,8.960000038146973,2625,0.0,0.0
2023-10-02 00:00:00-04:00,8.960000038146973,9.279999732971191,8.479999542236328,9.279999732971191,3275,0.0,0.0
2023-10-03 00:00:00-04:00,8.960000038146973,9.4399995803833,8.960000038146973,9.119999885559082,9356,0.0,0.0
2023-10-04 00:00:00-04:00,9.4399995803833,9.4399995803833,9.119999885559082,9.279999732971191,3075,0.0,0.0
2023-10-05 00:00:00-04:00,9.4399995803833,9.4399995803833,8.479999542236328,9.119999885559082,4238,0.0,0.0
2023-10-06 00:00:00-04:00,9.279999732971191,9.600000381469727,8.800000190734863,8.960000038146973,8300,0.0,0.0
2023-10-09 00:00:00-04:00,9.279999732971191,9.279999732971191,8.479999542236328,8.640000343322754,5625,0.0,0.0
2023-10-10 00:00:00-04:00,9.119999885559082,9.279999732971191,8.800000190734863,8.960000038146973,2294,0.0,0.0
2023-10-11 00:00:00-04:00,9.119999885559082,9.119999885559082,8.800000190734863,8.960000038146973,913,0.0,0.0
2023-10-12 00:00:00-04:00,9.119999885559082,9.119999885559082,8.319999694824219,8.960000038146973,1725,0.0,0.0
2023-10-13 00:00:00-04:00,8.479999542236328,8.960000038146973,8.15999984741211,8.640000343322754,1731,0.0,0.0
2023-10-16 00:00:00-04:00,8.960000038146973,8.960000038146973,8.479999542236328,8.479999542236328,2069,0.0,0.0
2023-10-17 00:00:00-04:00,8.479999542236328,8.479999542236328,8.0,8.0,4338,0.0,0.0
2023-10-18 00:00:00-04:00,8.0,9.119999885559082,7.519999980926514,8.15999984741211,11175,0.0,0.0
2023-10-19 00:00:00-04:00,8.0,8.800000190734863,8.0,8.319999694824219,2144,0.0,0.0
2023-10-20 00:00:00-04:00,8.319999694824219,8.640000343322754,8.0,8.479999542236328,3831,0.0,0.0
2023-10-23 00:00:00-04:00,8.800000190734863,8.960000038146973,8.0,8.479999542236328,5788,0.0,0.0
2023-10-24 00:00:00-04:00,8.15999984741211,8.479999542236328,8.0,8.319999694824219,1388,0.0,0.0
2023-10-25 00:00:00-04:00,8.15999984741211,8.479999542236328,8.0,8.15999984741211,1113,0.0,0.0
2023-10-26 00:00:00-04:00,8.319999694824219,8.319999694824219,8.0,8.15999984741211,2863,0.0,0.0
2023-10-27 00:00:00-04:00,8.15999984741211,8.319999694824219,7.519999980926514,7.840000152587891,1456,0.0,0.0
2023-10-30 00:00:00-04:00,8.15999984741211,8.15999984741211,7.679999828338623,8.0,938,0.0,0.0
2023-10-31 00:00:00-04:00,8.319999694824219,8.319999694824219,7.519999980926514,7.679999828338623,1388,0.0,0.0
2023-11-01 00:00:00-04:00,7.519999980926514,8.0,7.519999980926514,7.840000152587891,1431,0.0,0.0
2023-11-02 00:00:00-04:00,7.840000152587891,7.840000152587891,7.360000133514404,7.679999828338623,2638,0.0,0.0
2023-11-03 00:00:00-04:00,7.840000152587891,8.0,7.360000133514404,7.679999828338623,5344,0.0,0.0
2023-11-06 00:00:00-05:00,8.0,8.0,7.519999980926514,7.679999828338623,388,0.0,0.0
2023-11-07 00:00:00-05:00,8.0,8.0,7.519999980926514,7.519999980926514,756,0.0,0.0
2023-11-08 00:00:00-05:00,7.360000133514404,7.840000152587891,7.039999961853027,7.199999809265137,1831,0.0,0.0
2023-11-09 00:00:00-05:00,7.039999961853027,7.519999980926514,6.559999942779541,6.71999979019165,12269,0.0,0.0
2023-11-10 00:00:00-05:00,7.039999961853027,7.039999961853027,6.559999942779541,6.71999979019165,1831,0.0,0.0
2023-11-13 00:00:00-05:00,7.039999961853027,7.039999961853027,6.559999942779541,6.71999979019165,1988,0.0,0.0
2023-11-14 00:00:00-05:00,6.559999942779541,6.71999979019165,6.400000095367432,6.559999942779541,3081,0.0,0.0
2023-11-15 00:00:00-05:00,6.71999979019165,7.039999961853027,6.559999942779541,7.039999961853027,16675,0.0,0.0
2023-11-16 00:00:00-05:00,6.71999979019165,7.199999809265137,6.079999923706055,6.400000095367432,9175,0.0,0.0
2023-11-17 00:00:00-05:00,6.239999771118164,6.400000095367432,6.239999771118164,6.400000095367432,3744,0.0,0.0
2023-11-20 00:00:00-05:00,6.400000095367432,6.880000114440918,6.400000095367432,6.880000114440918,1813,0.0,0.0
2023-11-21 00:00:00-05:00,6.71999979019165,7.039999961853027,6.239999771118164,6.400000095367432,3156,0.0,0.0
2023-11-22 00:00:00-05:00,6.559999942779541,6.71999979019165,6.239999771118164,6.71999979019165,938,0.0,0.0
2023-11-24 00:00:00-05:00,6.400000095367432,6.71999979019165,6.400000095367432,6.400000095367432,594,0.0,0.0
2023-11-27 00:00:00-05:00,6.559999942779541,6.71999979019165,6.400000095367432,6.559999942779541,2719,0.0,0.0
2023-11-28 00:00:00-05:00,6.239999771118164,6.559999942779541,6.239999771118164,6.400000095367432,3069,0.0,0.0
2023-11-29 00:00:00-05:00,6.880000114440918,6.880000114440918,6.400000095367432,6.71999979019165,2744,0.0,0.0
2023-11-30 00:00:00-05:00,8.800000190734863,32.0,8.479999542236328,15.680000305175781,6166513,0.0,0.0
2023-12-01 00:00:00-05:00,12.15999984741211,14.239999771118164,11.359999656677246,11.680000305175781,439319,0.0,0.0
2023-12-04 00:00:00-05:00,10.399999618530273,12.15999984741211,10.239999771118164,11.680000305175781,149350,0.0,0.0
2023-12-05 00:00:00-05:00,10.399999618530273,11.520000457763672,10.239999771118164,11.199999809265137,60413,0.0,0.0
2023-12-06 00:00:00-05:00,11.039999961853027,13.920000076293945,11.039999961853027,13.119999885559082,148956,0.0,0.0
2023-12-07 00:00:00-05:00,12.640000343322754,13.279999732971191,9.4399995803833,11.84000015258789,83913,0.0,0.0
2023-12-08 00:00:00-05:00,10.880000114440918,11.84000015258789,10.079999923706055,11.039999961853027,25344,0.0,0.0
2023-12-11 00:00:00-05:00,11.039999961853027,11.039999961853027,9.600000381469727,9.920000076293945,26444,0.0,0.0
2023-12-12 00:00:00-05:00,9.760000228881836,10.239999771118164,8.640000343322754,10.079999923706055,33956,0.0,0.0
2023-12-13 00:00:00-05:00,9.760000228881836,9.760000228881836,8.960000038146973,9.4399995803833,16400,0.0,0.0
2023-12-14 00:00:00-05:00,9.4399995803833,9.600000381469727,9.279999732971191,9.4399995803833,10250,0.0,0.0
2023-12-15 00:00:00-05:00,9.4399995803833,9.920000076293945,9.279999732971191,9.279999732971191,9050,0.0,0.0
2023-12-18 00:00:00-05:00,9.600000381469727,9.600000381469727,8.640000343322754,8.800000190734863,16894,0.0,0.0
2023-12-19 00:00:00-05:00,8.640000343322754,9.600000381469727,8.319999694824219,9.279999732971191,18019,0.0,0.0
2023-12-20 00:00:00-05:00,9.600000381469727,9.600000381469727,8.800000190734863,9.119999885559082,8669,0.0,0.0
2023-12-21 00:00:00-05:00,8.800000190734863,9.920000076293945,8.800000190734863,9.760000228881836,17094,0.0,0.0
2023-12-22 00:00:00-05:00,9.279999732971191,10.239999771118164,9.279999732971191,9.920000076293945,15650,0.0,0.0
2023-12-26 00:00:00-05:00,9.760000228881836,10.720000267028809,9.4399995803833,10.5600004196167,16319,0.0,0.0
2023-12-27 00:00:00-05:00,11.199999809265137,11.199999809265137,9.920000076293945,10.239999771118164,9938,0.0,0.0
2023-12-28 00:00:00-05:00,10.880000114440918,11.199999809265137,10.239999771118164,10.880000114440918,19056,0.0,0.0
2023-12-29 00:00:00-05:00,10.5600004196167,12.960000038146973,10.399999618530273,12.15999984741211,45131,0.0,0.0
2024-01-02 00:00:00-05:00,16.31999969482422,19.200000762939453,13.119999885559082,13.600000381469727,3397731,0.0,0.0
2024-01-03 00:00:00-05:00,12.640000343322754,15.199999809265137,12.319999694824219,14.720000267028809,169213,0.0,0.0
2024-01-04 00:00:00-05:00,15.199999809265137,15.359999656677246,13.4399995803833,14.5600004196167,148419,0.0,0.0
2024-01-05 00:00:00-05:00,13.760000228881836,14.399999618530273,12.800000190734863,12.960000038146973,44069,0.0,0.0
2024-01-08 00:00:00-05:00,14.399999618530273,15.680000305175781,12.960000038146973,15.039999961853027,437556,0.0,0.0
2024-01-09 00:00:00-05:00,13.920000076293945,14.720000267028809,13.760000228881836,13.920000076293945,36200,0.0,0.0
2024-01-10 00:00:00-05:00,13.760000228881836,13.920000076293945,13.119999885559082,13.600000381469727,21213,0.0,0.0
2024-01-11 00:00:00-05:00,13.600000381469727,13.920000076293945,12.800000190734863,13.920000076293945,32619,0.0,0.0
2024-01-12 00:00:00-05:00,13.279999732971191,13.920000076293945,13.119999885559082,13.4399995803833,12513,0.0,0.0
2024-01-16 00:00:00-05:00,12.479999542236328,12.640000343322754,11.199999809265137,11.359999656677246,34906,0.0,0.0
2024-01-17 00:00:00-05:00,11.359999656677246,11.520000457763672,9.920000076293945,10.079999923706055,25581,0.0,0.0
2024-01-18 00:00:00-05:00,10.5600004196167,10.5600004196167,9.760000228881836,9.920000076293945,9575,0.0,0.0
2024-01-19 00:00:00-05:00,9.920000076293945,9.920000076293945,8.960000038146973,9.119999885559082,22994,0.0,0.0
2024-01-22 00:00:00-05:00,9.279999732971191,9.760000228881836,9.119999885559082,9.600000381469727,8256,0.0,0.0
2024-01-23 00:00:00-05:00,9.920000076293945,9.920000076293945,9.279999732971191,9.920000076293945,11300,0.0,0.0
2024-01-24 00:00:00-05:00,9.600000381469727,10.079999923706055,9.119999885559082,9.4399995803833,7744,0.0,0.0
2024-01-25 00:00:00-05:00,9.760000228881836,9.760000228881836,9.119999885559082,9.600000381469727,5238,0.0,0.0
2024-01-26 00:00:00-05:00,9.279999732971191,10.079999923706055,9.279999732971191,9.760000228881836,6150,0.0,0.0
2024-01-29 00:00:00-05:00,9.760000228881836,10.5600004196167,9.600000381469727,10.239999771118164,7406,0.0,0.0
2024-01-30 00:00:00-05:00,10.079999923706055,10.239999771118164,9.760000228881836,10.239999771118164,4038,0.0,0.0
2024-01-31 00:00:00-05:00,10.079999923706055,10.720000267028809,9.4399995803833,10.720000267028809,7025,0.0,0.0
2024-02-01 00:00:00-05:00,10.880000114440918,10.880000114440918,10.399999618530273,10.720000267028809,4519,0.0,0.0
2024-02-02 00:00:00-05:00,10.720000267028809,10.720000267028809,9.920000076293945,10.5600004196167,12863,0.0,0.0
2024-02-05 00:00:00-05:00,10.239999771118164,10.5600004196167,9.920000076293945,10.399999618530273,1819,0.0,0.0
2024-02-06 00:00:00-05:00,9.600000381469727,10.079999923706055,9.600000381469727,9.760000228881836,7338,0.0,0.0
2024-02-07 00:00:00-05:00,9.760000228881836,9.920000076293945,9.4399995803833,9.760000228881836,4431,0.0,0.0
2024-02-08 00:00:00-05:00,9.600000381469727,10.399999618530273,9.600000381469727,10.399999618530273,5950,0.0,0.0
2024-02-09 00:00:00-05:00,10.239999771118164,11.039999961853027,9.920000076293945,10.880000114440918,2875,0.0,0.0
2024-02-12 00:00:00-05:00,10.5600004196167,11.680000305175781,10.5600004196167,11.199999809265137,8694,0.0,0.0
2024-02-13 00:00:00-05:00,10.880000114440918,11.039999961853027,10.079999923706055,10.5600004196167,10163,0.0,0.0
2024-02-14 00:00:00-05:00,10.5600004196167,11.199999809265137,10.239999771118164,11.199999809265137,6506,0.0,0.0
2024-02-15 00:00:00-05:00,10.880000114440918,12.0,10.880000114440918,11.680000305175781,5619,0.0,0.0
2024-02-16 00:00:00-05:00,11.680000305175781,11.680000305175781,10.880000114440918,11.039999961853027,3750,0.0,0.0
2024-02-20 00:00:00-05:00,11.359999656677246,11.520000457763672,10.880000114440918,11.520000457763672,4025,0.0,0.0
2024-02-21 00:00:00-05:00,11.520000457763672,11.84000015258789,11.359999656677246,11.680000305175781,5094,0.0,0.0
2024-02-22 00:00:00-05:00,11.520000457763672,12.0,11.520000457763672,12.0,6431,0.0,0.0
2024-02-23 00:00:00-05:00,11.84000015258789,12.479999542236328,11.520000457763672,12.319999694824219,4194,0.0,0.0
2024-02-26 00:00:00-05:00,11.680000305175781,12.15999984741211,11.199999809265137,11.359999656677246,9075,0.0,0.0
2024-02-27 00:00:00-05:00,11.84000015258789,12.0,11.359999656677246,11.680000305175781,2069,0.0,0.0
2024-02-28 00:00:00-05:00,11.359999656677246,11.680000305175781,11.199999809265137,11.359999656677246,6425,0.0,0.0
2024-02-29 00:00:00-05:00,11.680000305175781,11.680000305175781,11.199999809265137,11.680000305175781,2138,0.0,0.0
2024-03-01 00:00:00-05:00,11.680000305175781,12.319999694824219,10.5600004196167,12.319999694824219,18550,0.0,0.0
2024-03-04 00:00:00-05:00,12.479999542236328,12.960000038146973,12.479999542236328,12.800000190734863,9556,0.0,0.0
2024-03-05 00:00:00-05:00,12.800000190734863,13.119999885559082,12.800000190734863,13.119999885559082,7575,0.0,0.0
2024-03-06 00:00:00-05:00,12.960000038146973,13.279999732971191,12.0,12.479999542236328,9906,0.0,0.0
2024-03-07 00:00:00-05:00,12.800000190734863,12.960000038146973,12.319999694824219,12.640000343322754,4738,0.0,0.0
2024-03-08 00:00:00-05:00,12.800000190734863,12.800000190734863,12.15999984741211,12.319999694824219,5031,0.0,0.0
2024-03-11 00:00:00-04:00,12.319999694824219,12.479999542236328,11.199999809265137,11.84000015258789,14700,0.0,0.0
2024-03-12 00:00:00-04:00,12.0,12.0,11.199999809265137,11.359999656677246,4244,0.0,0.0
2024-03-13 00:00:00-04:00,11.359999656677246,12.0,11.199999809265137,11.359999656677246,3269,0.0,0.0
2024-03-14 00:00:00-04:00,11.199999809265137,11.359999656677246,10.079999923706055,10.239999771118164,10031,0.0,0.0
2024-03-15 00:00:00-04:00,10.239999771118164,11.039999961853027,9.920000076293945,9.920000076293945,5975,0.0,0.0
2024-03-18 00:00:00-04:00,10.079999923706055,10.239999771118164,9.600000381469727,9.760000228881836,12525,0.0,0.0
2024-03-19 00:00:00-04:00,9.600000381469727,10.399999618530273,9.600000381469727,9.920000076293945,3263,0.0,0.0
2024-03-20 00:00:00-04:00,10.239999771118164,10.399999618530273,9.760000228881836,10.079999923706055,2463,0.0,0.0
2024-03-21 00:00:00-04:00,10.399999618530273,10.399999618530273,9.920000076293945,10.239999771118164,763,0.0,0.0
2024-03-22 00:00:00-04:00,9.920000076293945,10.5600004196167,9.920000076293945,10.079999923706055,1694,0.0,0.0
2024-03-25 00:00:00-04:00,9.920000076293945,10.239999771118164,9.600000381469727,9.920000076293945,2594,0.0,0.0
2024-03-26 00:00:00-04:00,9.920000076293945,9.920000076293945,9.119999885559082,9.4399995803833,3869,0.0,0.0
2024-03-27 00:00:00-04:00,9.600000381469727,9.760000228881836,9.600000381469727,9.760000228881836,10375,0.0,0.0
2024-03-28 00:00:00-04:00,9.4399995803833,9.760000228881836,9.4399995803833,9.600000381469727,8600,0.0,0.0
2024-04-01 00:00:00-04:00,9.600000381469727,9.600000381469727,8.800000190734863,8.960000038146973,12419,0.0,0.0
2024-04-02 00:00:00-04:00,9.119999885559082,9.119999885559082,8.319999694824219,8.640000343322754,4906,0.0,0.0
2024-04-03 00:00:00-04:00,8.640000343322754,8.960000038146973,7.360000133514404,7.840000152587891,16900,0.0,0.0
2024-04-04 00:00:00-04:00,8.15999984741211,8.15999984741211,7.199999809265137,7.519999980926514,8694,0.0,0.0
2024-04-05 00:00:00-04:00,8.0,8.15999984741211,7.519999980926514,7.519999980926514,4719,0.0,0.0
2024-04-08 00:00:00-04:00,7.679999828338623,8.0,7.360000133514404,7.679999828338623,32369,0.0,0.0
2024-04-09 00:00:00-04:00,7.679999828338623,7.840000152587891,7.360000133514404,7.519999980926514,40425,0.0,0.0
2024-04-10 00:00:00-04:00,7.519999980926514,7.519999980926514,7.199999809265137,7.360000133514404,6513,0.0,0.0
2024-04-11 00:00:00-04:00,7.679999828338623,7.679999828338623,6.239999771118164,6.239999771118164,95938,0.0,0.0
2024-04-12 00:00:00-04:00,6.559999942779541,6.559999942779541,5.920000076293945,6.239999771118164,16681,0.0,0.0
2024-04-15 00:00:00-04:00,10.880000114440918,14.880000114440918,7.199999809265137,7.519999980926514,8439838,0.0,0.0
2024-04-16 00:00:00-04:00,8.800000190734863,9.760000228881836,7.360000133514404,7.519999980926514,568231,0.0,0.0
2024-04-17 00:00:00-04:00,7.679999828338623,8.640000343322754,7.039999961853027,8.15999984741211,275856,0.0,0.0
2024-04-18 00:00:00-04:00,7.360000133514404,7.519999980926514,6.559999942779541,7.039999961853027,395363,0.0,0.0
2024-04-19 00:00:00-04:00,6.559999942779541,7.039999961853027,6.239999771118164,6.880000114440918,64194,0.0,0.0
2024-04-22 00:00:00-04:00,6.559999942779541,6.880000114440918,6.400000095367432,6.559999942779541,40250,0.0,0.0
2024-04-23 00:00:00-04:00,6.239999771118164,6.559999942779541,6.239999771118164,6.400000095367432,28063,0.0,0.0
2024-04-24 00:00:00-04:00,6.559999942779541,6.559999942779541,6.079999923706055,6.079999923706055,31094,0.0,0.0
2024-04-25 00:00:00-04:00,6.079999923706055,7.039999961853027,6.079999923706055,6.880000114440918,42794,0.0,0.0
2024-04-26 00:00:00-04:00,6.400000095367432,6.880000114440918,6.400000095367432,6.71999979019165,16838,0.0,0.0
2024-04-29 00:00:00-04:00,6.880000114440918,6.880000114440918,6.559999942779541,6.559999942779541,7525,0.0,0.0
2024-04-30 00:00:00-04:00,6.559999942779541,6.71999979019165,6.239999771118164,6.239999771118164,10881,0.0,0.0
2024-05-01 00:00:00-04:00,6.400000095367432,6.559999942779541,6.239999771118164,6.400000095367432,6125,0.0,0.0
2024-05-02 00:00:00-04:00,6.400000095367432,6.559999942779541,6.239999771118164,6.400000095367432,9388,0.0,0.0
2024-05-03 00:00:00-04:00,6.400000095367432,6.880000114440918,6.400000095367432,6.400000095367432,18544,0.0,0.0
2024-05-06 00:00:00-04:00,6.71999979019165,6.71999979019165,6.559999942779541,6.559999942779541,8269,0.0,0.0
2024-05-07 00:00:00-04:00,6.880000114440918,6.880000114440918,6.400000095367432,6.400000095367432,12950,0.0,0.0
2024-05-08 00:00:00-04:00,6.400000095367432,6.71999979019165,6.239999771118164,6.559999942779541,9219,0.0,0.0
2024-05-09 00:00:00-04:00,6.400000095367432,6.559999942779541,6.400000095367432,6.559999942779541,4531,0.0,0.0
2024-05-10 00:00:00-04:00,6.400000095367432,6.559999942779541,6.239999771118164,6.400000095367432,12856,0.0,0.0
2024-05-13 00:00:00-04:00,6.559999942779541,6.559999942779541,6.079999923706055,6.239999771118164,22750,0.0,0.0
2024-05-14 00:00:00-04:00,6.239999771118164,6.559999942779541,6.079999923706055,6.239999771118164,16825,0.0,0.0
2024-05-15 00:00:00-04:00,6.400000095367432,6.400000095367432,5.760000228881836,5.760000228881836,30225,0.0,0.0
2024-05-16 00:00:00-04:00,5.920000076293945,6.239999771118164,5.920000076293945,6.239999771118164,19181,0.0,0.0
2024-05-17 00:00:00-04:00,6.239999771118164,6.400000095367432,6.239999771118164,6.239999771118164,10263,0.0,0.0
2024-05-20 00:00:00-04:00,6.559999942779541,6.559999942779541,6.079999923706055,6.079999923706055,8238,0.0,0.0
2024-05-21 00:00:00-04:00,6.079999923706055,6.400000095367432,6.079999923706055,6.079999923706055,11456,0.0,0.0
2024-05-22 00:00:00-04:00,6.079999923706055,7.039999961853027,5.920000076293945,6.239999771118164,57963,0.0,0.0
2024-05-23 00:00:00-04:00,6.239999771118164,6.239999771118164,5.440000057220459,5.760000228881836,44438,0.0,0.0
2024-05-24 00:00:00-04:00,5.760000228881836,6.239999771118164,5.119999885559082,5.920000076293945,28013,0.0,0.0
2024-05-28 00:00:00-04:00,5.920000076293945,5.920000076293945,5.760000228881836,5.760000228881836,6094,0.0,0.0
2024-05-29 00:00:00-04:00,5.760000228881836,6.079999923706055,5.28000020980835,5.599999904632568,11606,0.0,0.0
2024-05-30 00:00:00-04:00,5.599999904632568,5.920000076293945,5.599999904632568,5.599999904632568,3344,0.0,0.0
2024-05-31 00:00:00-04:00,5.599999904632568,5.599999904632568,5.119999885559082,5.119999885559082,33363,0.0,0.0
2024-06-03 00:00:00-04:00,5.28000020980835,5.28000020980835,4.960000038146973,5.119999885559082,25931,0.0,0.0
2024-06-04 00:00:00-04:00,5.28000020980835,5.28000020980835,4.960000038146973,4.960000038146973,29375,0.0,0.0
2024-06-05 00:00:00-04:00,4.960000038146973,5.440000057220459,4.800000190734863,4.960000038146973,61925,0.0,0.0
2024-06-06 00:00:00-04:00,4.199999809265137,4.809999942779541,4.010000228881836,4.150000095367432,136200,0.0,0.0625
2024-06-07 00:00:00-04:00,3.9800000190734863,4.010000228881836,3.7100000381469727,3.7799999713897705,60700,0.0,0.0
2024-06-10 00:00:00-04:00,3.640000104904175,3.7799999713897705,3.4100000858306885,3.430000066757202,47700,0.0,0.0
2024-06-11 00:00:00-04:00,3.430000066757202,3.5,3.299999952316284,3.369999885559082,41600,0.0,0.0
2024-06-12 00:00:00-04:00,3.490000009536743,3.930000066757202,3.4200000762939453,3.700000047683716,103700,0.0,0.0
2024-06-13 00:00:00-04:00,3.6600000858306885,4.730000019073486,3.5999999046325684,4.150000095367432,232000,0.0,0.0
2024-06-14 00:00:00-04:00,4.050000190734863,4.78000020980835,3.8399999141693115,4.059999942779541,472100,0.0,0.0
2024-06-17 00:00:00-04:00,4.090000152587891,4.340000152587891,3.759999990463257,3.819999933242798,91300,0.0,0.0
2024-06-18 00:00:00-04:00,3.809999942779541,4.28000020980835,3.809999942779541,4.239999771118164,87500,0.0,0.0
2024-06-20 00:00:00-04:00,4.25,4.25,3.5,3.680000066757202,138700,0.0,0.0
2024-06-21 00:00:00-04:00,3.7300000190734863,3.8499999046325684,3.4100000858306885,3.4600000381469727,70300,0.0,0.0
2024-06-24 00:00:00-04:00,3.309999942779541,3.5,3.1600000858306885,3.380000114440918,89100,0.0,0.0
2024-06-25 00:00:00-04:00,3.2699999809265137,3.3299999237060547,2.5899999141693115,2.6500000953674316,625400,0.0,0.0
2024-06-26 00:00:00-04:00,2.6500000953674316,2.7799999713897705,2.509999990463257,2.7300000190734863,90500,0.0,0.0
2024-06-27 00:00:00-04:00,2.7300000190734863,2.940000057220459,2.5999999046325684,2.6500000953674316,107700,0.0,0.0
2024-06-28 00:00:00-04:00,2.680000066757202,3.200000047683716,2.5,2.5799999237060547,277900,0.0,0.0
2024-07-01 00:00:00-04:00,2.5799999237060547,2.6600000858306885,2.440000057220459,2.4700000286102295,48600,0.0,0.0
2024-07-02 00:00:00-04:00,2.4600000381469727,2.559999942779541,2.0,2.2699999809265137,127400,0.0,0.0
2024-07-03 00:00:00-04:00,2.2899999618530273,2.3399999141693115,2.259999990463257,2.259999990463257,23700,0.0,0.0
2024-07-05 00:00:00-04:00,2.2100000381469727,2.299999952316284,2.0399999618530273,2.109999895095825,32500,0.0,0.0
2024-07-08 00:00:00-04:00,2.190000057220459,2.2799999713897705,1.8300000429153442,2.0,127200,0.0,0.0
2024-07-09 00:00:00-04:00,6.420000076293945,14.829999923706055,5.449999809265137,7.420000076293945,134053100,0.0,0.0
2024-07-10 00:00:00-04:00,8.8100004196167,9.779999732971191,6.699999809265137,7.730000019073486,16382900,0.0,0.0
2024-07-11 00:00:00-04:00,7.25,8.550000190734863,6.309999942779541,7.650000095367432,2698400,0.0,0.0
2024-07-12 00:00:00-04:00,7.260000228881836,8.25,7.099999904632568,7.429999828338623,1334900,0.0,0.0
2024-07-15 00:00:00-04:00,7.0,7.300000190734863,6.5,6.860000133514404,812200,0.0,0.0
2024-07-16 00:00:00-04:00,6.690000057220459,7.610000133514404,6.670000076293945,7.190000057220459,624700,0.0,0.0
2024-07-17 00:00:00-04:00,7.050000190734863,7.420000076293945,6.800000190734863,6.849999904632568,292200,0.0,0.0
2024-07-18 00:00:00-04:00,6.809999942779541,7.199999809265137,6.340000152587891,6.389999866485596,392300,0.0,0.0
2024-07-19 00:00:00-04:00,6.320000171661377,6.360000133514404,5.829999923706055,6.070000171661377,244100,0.0,0.0
2024-07-22 00:00:00-04:00,5.989999771118164,6.170000076293945,5.019999980926514,5.150000095367432,296400,0.0,0.0
2024-07-23 00:00:00-04:00,5.0,5.75,5.0,5.130000114440918,243700,0.0,0.0
2024-07-24 00:00:00-04:00,5.0,5.21999979019165,4.590000152587891,4.760000228881836,363900,0.0,0.0
2024-07-25 00:00:00-04:00,4.579999923706055,4.71999979019165,4.320000171661377,4.449999809265137,284200,0.0,0.0
2024-07-26 00:00:00-04:00,4.360000133514404,4.699999809265137,4.21999979019165,4.53000020980835,213700,0.0,0.0
2024-07-29 00:00:00-04:00,4.550000190734863,4.690000057220459,4.420000076293945,4.46999979019165,91200,0.0,0.0
2024-07-30 00:00:00-04:00,4.380000114440918,4.46999979019165,4.289999961853027,4.320000171661377,84100,0.0,0.0
2024-07-31 00:00:00-04:00,4.400000095367432,4.400000095367432,4.090000152587891,4.210000038146973,88700,0.0,0.0
2024-08-01 00:00:00-04:00,4.210000038146973,4.420000076293945,4.130000114440918,4.389999866485596,71700,0.0,0.0
2024-08-02 00:00:00-04:00,4.300000190734863,4.300000190734863,3.8299999237060547,3.9700000286102295,91600,0.0,0.0
2024-08-05 00:00:00-04:00,3.4600000381469727,3.640000104904175,3.309999942779541,3.509999990463257,78700,0.0,0.0
2024-08-06 00:00:00-04:00,3.5,3.5999999046325684,3.430000066757202,3.5299999713897705,45600,0.0,0.0
2024-08-07 00:00:00-04:00,3.630000114440918,3.6500000953674316,3.3499999046325684,3.4000000953674316,109000,0.0,0.0
2024-08-08 00:00:00-04:00,3.359999895095825,3.430000066757202,3.109999895095825,3.140000104904175,126500,0.0,0.0
2024-08-09 00:00:00-04:00,3.1500000953674316,3.2899999618530273,3.059999942779541,3.140000104904175,79700,0.0,0.0
2024-08-12 00:00:00-04:00,3.0799999237060547,3.2100000381469727,3.0799999237060547,3.0899999141693115,64400,0.0,0.0
2024-08-13 00:00:00-04:00,3.059999942779541,3.25,2.950000047683716,3.1700000762939453,212600,0.0,0.0
2024-08-14 00:00:00-04:00,3.109999895095825,3.2200000286102295,3.049999952316284,3.190000057220459,50600,0.0,0.0
2024-08-15 00:00:00-04:00,3.180000066757202,3.430000066757202,3.1500000953674316,3.3399999141693115,58800,0.0,0.0
2024-08-16 00:00:00-04:00,3.3299999237060547,4.25,3.3299999237060547,3.799999952316284,294700,0.0,0.0
2024-08-19 00:00:00-04:00,3.7200000286102295,5.400000095367432,3.5999999046325684,5.179999828338623,482400,0.0,0.0
2024-08-20 00:00:00-04:00,5.099999904632568,5.329999923706055,4.289999961853027,4.46999979019165,145800,0.0,0.0
2024-08-21 00:00:00-04:00,4.460000038146973,4.53000020980835,4.110000133514404,4.460000038146973,64800,0.0,0.0
2024-08-22 00:00:00-04:00,4.460000038146973,4.670000076293945,4.199999809265137,4.239999771118164,51500,0.0,0.0
2024-08-23 00:00:00-04:00,4.25,4.420000076293945,4.010000228881836,4.090000152587891,59100,0.0,0.0
2024-08-26 00:00:00-04:00,4.03000020980835,4.090000152587891,3.9000000953674316,3.9200000762939453,29000,0.0,0.0
2024-08-27 00:00:00-04:00,3.9100000858306885,4.039999961853027,3.7899999618530273,3.890000104904175,20900,0.0,0.0
2024-08-28 00:00:00-04:00,3.890000104904175,3.9800000190734863,3.359999895095825,3.4000000953674316,68400,0.0,0.0
2024-08-29 00:00:00-04:00,3.4700000286102295,3.630000114440918,3.2699999809265137,3.2699999809265137,41800,0.0,0.0
2024-08-30 00:00:00-04:00,3.3299999237060547,3.5999999046325684,3.309999942779541,3.5,48000,0.0,0.0
2024-09-03 00:00:00-04:00,3.5,3.8499999046325684,3.390000104904175,3.809999942779541,287400,0.0,0.0
2024-09-04 00:00:00-04:00,3.7899999618530273,4.25,3.5999999046325684,4.070000171661377,165400,0.0,0.0
2024-09-05 00:00:00-04:00,4.010000228881836,4.28000020980835,3.9600000381469727,4.150000095367432,53500,0.0,0.0
2024-09-06 00:00:00-04:00,4.119999885559082,4.309999942779541,3.740000009536743,3.740000009536743,40200,0.0,0.0
2024-09-09 00:00:00-04:00,3.7899999618530273,3.8299999237060547,3.5999999046325684,3.680000066757202,38000,0.0,0.0
2024-09-10 00:00:00-04:00,3.690000057220459,3.759999990463257,3.5,3.5399999618530273,53300,0.0,0.0
2024-09-11 00:00:00-04:00,3.559999942779541,3.609999895095825,3.390000104904175,3.440000057220459,44200,0.0,0.0
2024-09-12 00:00:00-04:00,3.430000066757202,3.4800000190734863,3.4000000953674316,3.430000066757202,19200,0.0,0.0
2024-09-13 00:00:00-04:00,3.509999990463257,3.799999952316284,3.4600000381469727,3.609999895095825,168900,0.0,0.0
2024-09-16 00:00:00-04:00,3.5899999141693115,3.6600000858306885,3.5,3.509999990463257,29300,0.0,0.0
2024-09-17 00:00:00-04:00,3.6700000762939453,3.6700000762939453,3.509999990463257,3.619999885559082,44800,0.0,0.0
2024-09-18 00:00:00-04:00,3.690000057220459,4.21999979019165,3.619999885559082,4.010000228881836,106100,0.0,0.0
2024-09-19 00:00:00-04:00,4.170000076293945,4.170000076293945,3.5999999046325684,3.8299999237060547,99300,0.0,0.0
2024-09-20 00:00:00-04:00,3.809999942779541,4.099999904632568,3.7300000190734863,3.819999933242798,99400,0.0,0.0
2024-09-23 00:00:00-04:00,3.890000104904175,4.130000114440918,3.5999999046325684,3.869999885559082,289600,0.0,0.0
2024-09-24 00:00:00-04:00,3.9000000953674316,3.9700000286102295,3.619999885559082,3.869999885559082,98400,0.0,0.0
2024-09-25 00:00:00-04:00,3.8499999046325684,4.039999961853027,3.819999933242798,3.9800000190734863,48900,0.0,0.0
2024-09-26 00:00:00-04:00,4.039999961853027,4.039999961853027,3.7699999809265137,3.8499999046325684,32900,0.0,0.0
2024-09-27 00:00:00-04:00,3.890000104904175,3.940000057220459,3.75,3.759999990463257,23400,0.0,0.0
2024-09-30 00:00:00-04:00,3.759999990463257,4.130000114440918,3.759999990463257,3.9700000286102295,97300,0.0,0.0
2024-10-01 00:00:00-04:00,3.990000009536743,3.990000009536743,3.75,3.799999952316284,46500,0.0,0.0
2024-10-02 00:00:00-04:00,3.740000009536743,4.869999885559082,3.6600000858306885,4.869999885559082,2459600,0.0,0.0
2024-10-03 00:00:00-04:00,4.139999866485596,4.179999828338623,3.859999895095825,3.950000047683716,507000,0.0,0.0
2024-10-04 00:00:00-04:00,3.9000000953674316,4.0,3.6600000858306885,3.869999885559082,148600,0.0,0.0
2024-10-07 00:00:00-04:00,3.8499999046325684,4.449999809265137,3.8499999046325684,4.230000019073486,341300,0.0,0.0
2024-10-08 00:00:00-04:00,4.21999979019165,4.21999979019165,3.9700000286102295,4.039999961853027,63000,0.0,0.0
2024-10-09 00:00:00-04:00,4.010000228881836,4.289999961853027,3.9800000190734863,4.010000228881836,144500,0.0,0.0
2024-10-10 00:00:00-04:00,4.0,4.079999923706055,3.9000000953674316,3.990000009536743,62000,0.0,0.0
2024-10-11 00:00:00-04:00,3.9700000286102295,4.0,3.759999990463257,3.9000000953674316,103600,0.0,0.0
2024-10-14 00:00:00-04:00,3.9100000858306885,3.9100000858306885,3.5,3.5199999809265137,139600,0.0,0.0
2024-10-15 00:00:00-04:00,3.5999999046325684,3.6500000953674316,3.549999952316284,3.5999999046325684,46900,0.0,0.0
2024-10-16 00:00:00-04:00,3.5999999046325684,3.5999999046325684,3.5299999713897705,3.5299999713897705,27400,0.0,0.0
2024-10-17 00:00:00-04:00,3.549999952316284,3.6500000953674316,3.5299999713897705,3.630000114440918,39500,0.0,0.0
2024-10-18 00:00:00-04:00,3.609999895095825,3.869999885559082,3.5,3.869999885559082,125100,0.0,0.0
2024-10-21 00:00:00-04:00,3.799999952316284,3.9000000953674316,3.5,3.5899999141693115,169400,0.0,0.0
2024-10-22 00:00:00-04:00,3.609999895095825,3.8299999237060547,3.609999895095825,3.75,110500,0.0,0.0
2024-10-23 00:00:00-04:00,3.680000066757202,3.7100000381469727,3.549999952316284,3.5799999237060547,59000,0.0,0.0
2024-10-24 00:00:00-04:00,3.5899999141693115,3.75,3.509999990463257,3.7200000286102295,66000,0.0,0.0
2024-10-25 00:00:00-04:00,3.740000009536743,3.9100000858306885,3.6700000762939453,3.880000114440918,61900,0.0,0.0
2024-10-28 00:00:00-04:00,3.930000066757202,3.990000009536743,3.700000047683716,3.9600000381469727,51100,0.0,0.0
2024-10-29 00:00:00-04:00,3.9700000286102295,3.9700000286102295,3.7799999713897705,3.799999952316284,15300,0.0,0.0
2024-10-30 00:00:00-04:00,3.799999952316284,3.799999952316284,3.6600000858306885,3.7300000190734863,19900,0.0,0.0
2024-10-31 00:00:00-04:00,3.7699999809265137,3.819999933242798,3.5999999046325684,3.6700000762939453,41300,0.0,0.0
2024-11-01 00:00:00-04:00,3.7100000381469727,3.859999895095825,3.619999885559082,3.859999895095825,68700,0.0,0.0
2024-11-04 00:00:00-05:00,3.8399999141693115,3.8399999141693115,3.5899999141693115,3.6500000953674316,43900,0.0,0.0
2024-11-05 00:00:00-05:00,3.630000114440918,3.7200000286102295,3.609999895095825,3.619999885559082,13400,0.0,0.0
2024-11-06 00:00:00-05:00,3.75,3.75,3.5,3.5,33600,0.0,0.0
2024-11-07 00:00:00-05:00,3.509999990463257,3.690000057220459,3.4600000381469727,3.4700000286102295,27700,0.0,0.0
2024-11-08 00:00:00-05:00,3.4700000286102295,3.569999933242798,3.4100000858306885,3.5,29900,0.0,0.0
2024-11-11 00:00:00-05:00,3.5299999713897705,3.869999885559082,3.4100000858306885,3.5899999141693115,216200,0.0,0.0
2024-11-12 00:00:00-05:00,3.5999999046325684,3.700000047683716,3.549999952316284,3.6500000953674316,37500,0.0,0.0
2024-11-13 00:00:00-05:00,3.690000057220459,3.740000009536743,3.569999933242798,3.630000114440918,29200,0.0,0.0
2024-11-14 00:00:00-05:00,3.630000114440918,3.7100000381469727,3.5,3.680000066757202,17300,0.0,0.0
2024-11-15 00:00:00-05:00,3.680000066757202,3.680000066757202,3.509999990463257,3.5399999618530273,16200,0.0,0.0
2024-11-18 00:00:00-05:00,3.5299999713897705,3.5999999046325684,3.4700000286102295,3.5199999809265137,19800,0.0,0.0
2024-11-19 00:00:00-05:00,3.490000009536743,3.609999895095825,3.430000066757202,3.5299999713897705,11600,0.0,0.0
2024-11-20 00:00:00-05:00,3.509999990463257,3.5299999713897705,3.4100000858306885,3.509999990463257,22400,0.0,0.0
2024-11-21 00:00:00-05:00,3.509999990463257,3.509999990463257,3.359999895095825,3.359999895095825,11100,0.0,0.0
2024-11-22 00:00:00-05:00,3.359999895095825,3.4100000858306885,3.2799999713897705,3.309999942779541,27900,0.0,0.0
2024-11-25 00:00:00-05:00,3.259999990463257,3.4000000953674316,3.2100000381469727,3.3399999141693115,36900,0.0,0.0
2024-11-26 00:00:00-05:00,3.3499999046325684,3.4700000286102295,3.2899999618530273,3.319999933242798,23000,0.0,0.0
2024-11-27 00:00:00-05:00,3.4000000953674316,3.4000000953674316,3.299999952316284,3.3299999237060547,27100,0.0,0.0
2024-11-29 00:00:00-05:00,3.319999933242798,3.430000066757202,3.299999952316284,3.3499999046325684,7500,0.0,0.0
2024-12-02 00:00:00-05:00,3.4000000953674316,3.430000066757202,3.2200000286102295,3.319999933242798,282200,0.0,0.0
2024-12-03 00:00:00-05:00,3.2200000286102295,3.309999942779541,3.2200000286102295,3.2300000190734863,59900,0.0,0.0
2024-12-04 00:00:00-05:00,3.190000057220459,3.200000047683716,3.109999895095825,3.1500000953674316,35400,0.0,0.0
2024-12-05 00:00:00-05:00,3.2300000190734863,3.2300000190734863,3.109999895095825,3.200000047683716,36300,0.0,0.0
2024-12-06 00:00:00-05:00,3.25,3.2799999713897705,3.130000114440918,3.2300000190734863,23400,0.0,0.0
2024-12-09 00:00:00-05:00,3.25,3.549999952316284,3.2200000286102295,3.490000009536743,56900,0.0,0.0
2024-12-10 00:00:00-05:00,3.5,3.5,3.259999990463257,3.4600000381469727,18100,0.0,0.0
2024-12-11 00:00:00-05:00,3.4800000190734863,3.490000009536743,3.359999895095825,3.4700000286102295,20800,0.0,0.0
2024-12-12 00:00:00-05:00,3.4800000190734863,3.4800000190734863,3.2100000381469727,3.309999942779541,29200,0.0,0.0
2024-12-13 00:00:00-05:00,3.3399999141693115,3.3399999141693115,3.130000114440918,3.1600000858306885,31900,0.0,0.0
2024-12-16 00:00:00-05:00,3.309999942779541,3.3499999046325684,2.930000066757202,3.049999952316284,106800,0.0,0.0
2024-12-17 00:00:00-05:00,3.0999999046325684,3.180000066757202,2.9800000190734863,3.0199999809265137,46400,0.0,0.0
2024-12-18 00:00:00-05:00,3.119999885559082,3.2300000190734863,3.109999895095825,3.1600000858306885,43700,0.0,0.0
2024-12-19 00:00:00-05:00,3.319999933242798,3.319999933242798,3.0299999713897705,3.0799999237060547,22900,0.0,0.0
2024-12-20 00:00:00-05:00,3.0,3.0,2.9200000762939453,2.950000047683716,48200,0.0,0.0
2024-12-23 00:00:00-05:00,3.0,3.0,2.799999952316284,2.8399999141693115,62200,0.0,0.0
2024-12-24 00:00:00-05:00,2.809999942779541,2.890000104904175,2.7899999618530273,2.859999895095825,23400,0.0,0.0
2024-12-26 00:00:00-05:00,2.7699999809265137,2.9000000953674316,2.7699999809265137,2.890000104904175,20200,0.0,0.0
2024-12-27 00:00:00-05:00,2.9000000953674316,2.9700000286102295,2.7699999809265137,2.890000104904175,37300,0.0,0.0
2024-12-30 00:00:00-05:00,2.859999895095825,2.940000057220459,2.7699999809265137,2.9100000858306885,25300,0.0,0.0
2024-12-31 00:00:00-05:00,2.9700000286102295,2.9700000286102295,2.6500000953674316,2.700000047683716,56600,0.0,0.0
2025-01-02 00:00:00-05:00,2.809999942779541,2.940000057220459,2.7200000286102295,2.940000057220459,46300,0.0,0.0
2025-01-03 00:00:00-05:00,2.9100000858306885,3.180000066757202,2.819999933242798,3.130000114440918,31700,0.0,0.0
2025-01-06 00:00:00-05:00,3.059999942779541,3.3399999141693115,3.059999942779541,3.2799999713897705,47800,0.0,0.0
2025-01-07 00:00:00-05:00,3.2699999809265137,3.680000066757202,3.200000047683716,3.5899999141693115,80200,0.0,0.0
2025-01-08 00:00:00-05:00,3.5,3.680000066757202,3.2300000190734863,3.2699999809265137,66000,0.0,0.0
2025-01-10 00:00:00-05:00,3.119999885559082,3.3499999046325684,3.119999885559082,3.200000047683716,59900,0.0,0.0
2025-01-13 00:00:00-05:00,3.2100000381469727,3.319999933242798,3.0899999141693115,3.130000114440918,29600,0.0,0.0
2025-01-14 00:00:00-05:00,3.3299999237060547,3.440000057220459,2.430000066757202,2.630000114440918,10846800,0.0,0.0
2025-01-15 00:00:00-05:00,2.359999895095825,2.359999895095825,2.0299999713897705,2.2699999809265137,562700,0.0,0.0
2025-01-16 00:00:00-05:00,2.2200000286102295,2.390000104904175,2.2100000381469727,2.2699999809265137,177900,0.0,0.0
2025-01-17 00:00:00-05:00,2.299999952316284,2.390000104904175,2.2200000286102295,2.3499999046325684,103500,0.0,0.0
2025-01-21 00:00:00-05:00,2.369999885559082,2.4600000381469727,2.2300000190734863,2.4000000953674316,87900,0.0,0.0
2025-01-22 00:00:00-05:00,2.4100000858306885,2.680000066757202,2.369999885559082,2.4600000381469727,104600,0.0,0.0
2025-01-23 00:00:00-05:00,2.4700000286102295,2.5199999809265137,2.3299999237060547,2.509999990463257,33600,0.0,0.0
2025-01-24 00:00:00-05:00,2.569999933242798,2.630000114440918,2.4700000286102295,2.559999942779541,42200,0.0,0.0
2025-01-27 00:00:00-05:00,2.5899999141693115,2.5899999141693115,2.430000066757202,2.490000009536743,38300,0.0,0.0
2025-01-28 00:00:00-05:00,2.549999952316284,2.549999952316284,2.380000114440918,2.4100000858306885,32600,0.0,0.0
2025-01-29 00:00:00-05:00,2.450000047683716,2.509999990463257,2.369999885559082,2.4200000762939453,24900,0.0,0.0
2025-01-30 00:00:00-05:00,2.450000047683716,2.450000047683716,2.259999990463257,2.309999942779541,35200,0.0,0.0
2025-01-31 00:00:00-05:00,2.309999942779541,2.4100000858306885,2.240000009536743,2.3299999237060547,26500,0.0,0.0
2025-02-03 00:00:00-05:00,2.319999933242798,2.3499999046325684,2.2100000381469727,2.2799999713897705,52900,0.0,0.0
2025-02-04 00:00:00-05:00,2.2699999809265137,2.3499999046325684,2.1600000858306885,2.2799999713897705,30100,0.0,0.0
2025-02-05 00:00:00-05:00,2.2799999713897705,2.369999885559082,2.2799999713897705,2.309999942779541,20900,0.0,0.0
2025-02-06 00:00:00-05:00,2.319999933242798,2.390000104904175,2.2300000190734863,2.3499999046325684,58500,0.0,0.0
2025-02-07 00:00:00-05:00,2.299999952316284,2.430000066757202,2.25,2.309999942779541,44100,0.0,0.0
2025-02-10 00:00:00-05:00,2.3299999237060547,2.380000114440918,2.2899999618530273,2.3499999046325684,16600,0.0,0.0
2025-02-11 00:00:00-05:00,2.3399999141693115,2.3499999046325684,2.2899999618530273,2.299999952316284,27400,0.0,0.0
2025-02-12 00:00:00-05:00,2.299999952316284,2.359999895095825,2.25,2.299999952316284,14700,0.0,0.0
2025-02-13 00:00:00-05:00,2.3299999237060547,2.5999999046325684,2.299999952316284,2.4600000381469727,60100,0.0,0.0
2025-02-14 00:00:00-05:00,2.430000066757202,2.4600000381469727,2.309999942779541,2.390000104904175,40600,0.0,0.0
2025-02-18 00:00:00-05:00,2.4700000286102295,2.4700000286102295,2.3499999046325684,2.440000057220459,22600,0.0,0.0
2025-02-19 00:00:00-05:00,2.380000114440918,2.4600000381469727,2.380000114440918,2.430000066757202,6600,0.0,0.0
2025-02-20 00:00:00-05:00,2.4600000381469727,2.4600000381469727,2.3499999046325684,2.440000057220459,10400,0.0,0.0
2025-02-21 00:00:00-05:00,2.4600000381469727,2.4600000381469727,2.4100000858306885,2.430000066757202,15500,0.0,0.0
2025-02-24 00:00:00-05:00,2.450000047683716,2.5,2.319999933242798,2.3499999046325684,144100,0.0,0.0
2025-02-25 00:00:00-05:00,2.430000066757202,2.430000066757202,2.2200000286102295,2.259999990463257,35300,0.0,0.0
2025-02-26 00:00:00-05:00,2.259999990463257,2.319999933242798,2.259999990463257,2.2799999713897705,28200,0.0,0.0
2025-02-27 00:00:00-05:00,2.3499999046325684,2.359999895095825,2.2200000286102295,2.25,20600,0.0,0.0
2025-02-28 00:00:00-05:00,2.259999990463257,2.319999933242798,2.1700000762939453,2.309999942779541,32200,0.0,0.0
2025-03-03 00:00:00-05:00,2.319999933242798,2.319999933242798,2.180000066757202,2.200000047683716,21800,0.0,0.0
2025-03-04 00:00:00-05:00,2.1600000858306885,2.2200000286102295,2.0999999046325684,2.200000047683716,55300,0.0,0.0
2025-03-05 00:00:00-05:00,2.25,2.2699999809265137,2.140000104904175,2.2699999809265137,10900,0.0,0.0
2025-03-06 00:00:00-05:00,2.2699999809265137,2.3499999046325684,2.190000057220459,2.3299999237060547,21200,0.0,0.0
2025-03-07 00:00:00-05:00,2.2899999618530273,2.369999885559082,2.2899999618530273,2.369999885559082,10600,0.0,0.0
2025-03-10 00:00:00-04:00,2.299999952316284,2.4000000953674316,2.25,2.259999990463257,24700,0.0,0.0
2025-03-11 00:00:00-04:00,2.2300000190734863,2.2799999713897705,2.2100000381469727,2.259999990463257,17500,0.0,0.0
2025-03-12 00:00:00-04:00,2.25,2.319999933242798,2.240000009536743,2.319999933242798,10800,0.0,0.0
2025-03-13 00:00:00-04:00,2.259999990463257,2.3299999237060547,2.25,2.299999952316284,10800,0.0,0.0
2025-03-14 00:00:00-04:00,2.2799999713897705,2.299999952316284,2.259999990463257,2.299999952316284,9200,0.0,0.0
2025-03-17 00:00:00-04:00,2.2699999809265137,2.380000114440918,2.25,2.359999895095825,15600,0.0,0.0
2025-03-18 00:00:00-04:00,2.359999895095825,2.380000114440918,2.299999952316284,2.3499999046325684,13800,0.0,0.0
2025-03-19 00:00:00-04:00,2.3399999141693115,2.369999885559082,2.2899999618530273,2.3299999237060547,11300,0.0,0.0
2025-03-20 00:00:00-04:00,2.3299999237060547,2.380000114440918,2.299999952316284,2.380000114440918,7000,0.0,0.0
2025-03-21 00:00:00-04:00,2.259999990463257,2.390000104904175,2.25,2.390000104904175,72500,0.0,0.0
2025-03-24 00:00:00-04:00,2.319999933242798,2.3399999141693115,2.259999990463257,2.2899999618530273,23400,0.0,0.0
2025-03-25 00:00:00-04:00,2.299999952316284,2.390000104904175,2.259999990463257,2.369999885559082,79100,0.0,0.0
2025-03-26 00:00:00-04:00,2.4100000858306885,2.4100000858306885,2.2699999809265137,2.3299999237060547,116200,0.0,0.0
2025-03-27 00:00:00-04:00,2.309999942779541,2.309999942779541,2.0999999046325684,2.2699999809265137,39700,0.0,0.0
2025-03-28 00:00:00-04:00,2.2200000286102295,2.2799999713897705,2.0999999046325684,2.2100000381469727,61200,0.0,0.0
2025-03-31 00:00:00-04:00,2.1700000762939453,2.2200000286102295,2.130000114440918,2.1500000953674316,11500,0.0,0.0
2025-04-01 00:00:00-04:00,2.25,2.2799999713897705,2.1500000953674316,2.2100000381469727,14100,0.0,0.0
2025-04-02 00:00:00-04:00,2.190000057220459,2.240000009536743,2.1700000762939453,2.2100000381469727,10900,0.0,0.0
2025-04-03 00:00:00-04:00,2.130000114440918,2.130000114440918,2.049999952316284,2.0799999237060547,25900,0.0,0.0
2025-04-04 00:00:00-04:00,2.069999933242798,2.0799999237060547,1.6799999475479126,1.840000033378601,52900,0.0,0.0
2025-04-07 00:00:00-04:00,1.840000033378601,1.8899999856948853,1.7799999713897705,1.8700000047683716,30300,0.0,0.0
2025-04-08 00:00:00-04:00,1.8899999856948853,1.9500000476837158,1.8300000429153442,1.8300000429153442,21400,0.0,0.0
2025-04-09 00:00:00-04:00,1.7699999809265137,1.9600000381469727,1.7699999809265137,1.9500000476837158,34400,0.0,0.0
2025-04-10 00:00:00-04:00,1.9500000476837158,1.9500000476837158,1.8600000143051147,1.8899999856948853,27200,0.0,0.0
2025-04-11 00:00:00-04:00,1.9600000381469727,2.2300000190734863,1.9600000381469727,2.1700000762939453,49800,0.0,0.0
2025-04-14 00:00:00-04:00,2.0199999809265137,2.130000114440918,1.850000023841858,1.9600000381469727,3231700,0.0,0.0
2025-04-15 00:00:00-04:00,1.8899999856948853,2.069999933242798,1.8700000047683716,2.0,111800,0.0,0.0
2025-04-16 00:00:00-04:00,2.0799999237060547,2.109999895095825,1.9600000381469727,2.059999942779541,112000,0.0,0.0
2025-04-17 00:00:00-04:00,2.109999895095825,2.109999895095825,2.0,2.0999999046325684,30400,0.0,0.0
2025-04-21 00:00:00-04:00,2.0899999141693115,2.0899999141693115,1.9700000286102295,2.069999933242798,53000,0.0,0.0
2025-04-22 00:00:00-04:00,2.059999942779541,2.0899999141693115,2.0199999809265137,2.069999933242798,11000,0.0,0.0
2025-04-23 00:00:00-04:00,2.0799999237060547,2.0999999046325684,2.0299999713897705,2.069999933242798,21900,0.0,0.0
2025-04-24 00:00:00-04:00,2.0399999618530273,2.2100000381469727,2.0399999618530273,2.1500000953674316,57900,0.0,0.0
2025-04-25 00:00:00-04:00,2.190000057220459,2.190000057220459,2.0799999237060547,2.1700000762939453,19600,0.0,0.0
2025-04-28 00:00:00-04:00,2.240000009536743,2.240000009536743,2.0199999809265137,2.069999933242798,41100,0.0,0.0
2025-04-29 00:00:00-04:00,2.0399999618530273,2.0999999046325684,1.940000057220459,1.9800000190734863,56200,0.0,0.0
2025-04-30 00:00:00-04:00,2.0,2.0,1.899999976158142,1.9700000286102295,7800,0.0,0.0
2025-05-01 00:00:00-04:00,1.9600000381469727,2.0,1.9199999570846558,1.9199999570846558,33400,0.0,0.0
2025-05-02 00:00:00-04:00,1.9800000190734863,1.9800000190734863,1.9199999570846558,1.9199999570846558,12900,0.0,0.0
2025-05-05 00:00:00-04:00,1.9500000476837158,2.0,1.899999976158142,1.9199999570846558,30000,0.0,0.0
2025-05-06 00:00:00-04:00,1.9600000381469727,1.9600000381469727,1.850000023841858,1.8899999856948853,26300,0.0,0.0
2025-05-07 00:00:00-04:00,1.9299999475479126,1.9800000190734863,1.8700000047683716,1.9700000286102295,18400,0.0,0.0
2025-05-08 00:00:00-04:00,1.899999976158142,1.9900000095367432,1.8300000429153442,1.9700000286102295,15700,0.0,0.0
2025-05-09 00:00:00-04:00,1.9500000476837158,1.9900000095367432,1.9500000476837158,1.9800000190734863,21200,0.0,0.0
2025-05-12 00:00:00-04:00,2.0,2.0,1.909999966621399,1.9600000381469727,8700,0.0,0.0
2025-05-13 00:00:00-04:00,1.9600000381469727,1.9900000095367432,1.8700000047683716,1.8700000047683716,38300,0.0,0.0
2025-05-14 00:00:00-04:00,1.9500000476837158,1.9500000476837158,1.8700000047683716,1.899999976158142,15300,0.0,0.0
2025-05-15 00:00:00-04:00,1.9299999475479126,1.940000057220459,1.8700000047683716,1.899999976158142,12800,0.0,0.0
2025-05-16 00:00:00-04:00,1.909999966621399,1.9199999570846558,1.8600000143051147,1.8600000143051147,21800,0.0,0.0
2025-05-19 00:00:00-04:00,1.899999976158142,1.899999976158142,1.8200000524520874,1.8799999952316284,11300,0.0,0.0
2025-05-20 00:00:00-04:00,1.8899999856948853,1.9800000190734863,1.8899999856948853,1.9700000286102295,30600,0.0,0.0
2025-05-21 00:00:00-04:00,1.850000023841858,1.940000057220459,1.850000023841858,1.8799999952316284,18000,0.0,0.0
2025-05-22 00:00:00-04:00,1.8899999856948853,1.9500000476837158,1.8300000429153442,1.8300000429153442,27000,0.0,0.0
2025-05-23 00:00:00-04:00,1.8300000429153442,1.8700000047683716,1.809999942779541,1.809999942779541,9900,0.0,0.0
2025-05-27 00:00:00-04:00,1.8200000524520874,1.909999966621399,1.809999942779541,1.909999966621399,17100,0.0,0.0
2025-05-28 00:00:00-04:00,1.8899999856948853,1.9600000381469727,1.8600000143051147,1.9299999475479126,12300,0.0,0.0
2025-05-29 00:00:00-04:00,1.9299999475479126,1.9600000381469727,1.850000023841858,1.9199999570846558,11600,0.0,0.0
2025-05-30 00:00:00-04:00,1.9500000476837158,1.9500000476837158,1.8799999952316284,1.8899999856948853,13400,0.0,0.0
2025-06-02 00:00:00-04:00,1.9700000286102295,1.9700000286102295,1.8700000047683716,1.8899999856948853,10500,0.0,0.0
2025-06-03 00:00:00-04:00,1.899999976158142,1.9600000381469727,1.8600000143051147,1.9500000476837158,13100,0.0,0.0
2025-06-04 00:00:00-04:00,1.9199999570846558,1.940000057220459,1.8799999952316284,1.899999976158142,13200,0.0,0.0
2025-06-05 00:00:00-04:00,1.899999976158142,1.899999976158142,1.840000033378601,1.840000033378601,27600,0.0,0.0
2025-06-06 00:00:00-04:00,1.840000033378601,1.940000057220459,1.840000033378601,1.9299999475479126,32700,0.0,0.0
2025-06-09 00:00:00-04:00,1.9199999570846558,1.9299999475479126,1.8300000429153442,1.850000023841858,27200,0.0,0.0
2025-06-10 00:00:00-04:00,1.909999966621399,1.9500000476837158,1.8600000143051147,1.8700000047683716,55500,0.0,0.0
2025-06-11 00:00:00-04:00,1.8600000143051147,1.8899999856948853,1.8200000524520874,1.8899999856948853,54300,0.0,0.0
2025-06-12 00:00:00-04:00,1.840000033378601,1.8899999856948853,1.8200000524520874,1.840000033378601,11800,0.0,0.0
2025-06-13 00:00:00-04:00,1.8799999952316284,1.8799999952316284,1.7999999523162842,1.7999999523162842,15400,0.0,0.0
2025-06-16 00:00:00-04:00,1.809999942779541,1.840000033378601,1.7899999618530273,1.7999999523162842,26800,0.0,0.0
2025-06-17 00:00:00-04:00,1.7999999523162842,1.8300000429153442,1.7699999809265137,1.7999999523162842,23400,0.0,0.0
2025-06-18 00:00:00-04:00,1.7999999523162842,1.7999999523162842,1.7799999713897705,1.7899999618530273,7700,0.0,0.0
2025-06-20 00:00:00-04:00,1.75,1.7799999713897705,1.7000000476837158,1.7000000476837158,32700,0.0,0.0
2025-06-23 00:00:00-04:00,1.7000000476837158,1.7699999809265137,1.649999976158142,1.649999976158142,48100,0.0,0.0
2025-06-24 00:00:00-04:00,1.3700000047683716,1.399999976158142,1.3200000524520874,1.3300000429153442,1974100,0.0,0.0
2025-06-25 00:00:00-04:00,1.3300000429153442,1.3799999952316284,1.3200000524520874,1.350000023841858,91100,0.0,0.0
2025-06-26 00:00:00-04:00,1.3600000143051147,1.3700000047683716,1.309999942779541,1.3700000047683716,97500,0.0,0.0
2025-06-27 00:00:00-04:00,1.3700000047683716,1.5199999809265137,1.3200000524520874,1.3600000143051147,367700,0.0,0.0
2025-06-30 00:00:00-04:00,1.3600000143051147,1.3600000143051147,1.2599999904632568,1.309999942779541,79600,0.0,0.0
2025-07-01 00:00:00-04:00,1.5,1.8799999952316284,1.309999942779541,1.409999966621399,48438100,0.0,0.0
2025-07-02 00:00:00-04:00,1.2400000095367432,1.3300000429153442,1.2000000476837158,1.2599999904632568,963800,0.0,0.0
2025-07-03 00:00:00-04:00,1.2000000476837158,1.25,1.2000000476837158,1.2000000476837158,291000,0.0,0.0
2025-07-07 00:00:00-04:00,1.190000057220459,1.2000000476837158,1.1100000143051147,1.1200000047683716,383200,0.0,0.0
2025-07-08 00:00:00-04:00,1.1200000047683716,1.2899999618530273,1.090000033378601,1.2200000286102295,344600,0.0,0.0
2025-07-09 00:00:00-04:00,1.2300000190734863,1.2999999523162842,1.2000000476837158,1.25,219300,0.0,0.0
2025-07-10 00:00:00-04:00,1.25,1.3899999856948853,1.25,1.2699999809265137,567800,0.0,0.0
2025-07-11 00:00:00-04:00,1.2699999809265137,1.2999999523162842,1.2400000095367432,1.2699999809265137,124300,0.0,0.0
2025-07-14 00:00:00-04:00,1.2799999713897705,1.3799999952316284,1.25,1.3600000143051147,260900,0.0,0.0
2025-07-15 00:00:00-04:00,1.3300000429153442,1.350000023841858,1.25,1.25,146100,0.0,0.0
2025-07-16 00:00:00-04:00,1.25,1.3700000047683716,1.25,1.3300000429153442,119800,0.0,0.0
2025-07-17 00:00:00-04:00,1.3600000143051147,1.399999976158142,1.3200000524520874,1.3600000143051147,70800,0.0,0.0
2025-07-18 00:00:00-04:00,1.3700000047683716,1.3899999856948853,1.340000033378601,1.3600000143051147,246300,0.0,0.0
2025-07-21 00:00:00-04:00,1.3600000143051147,1.4600000381469727,1.3600000143051147,1.3899999856948853,148900,0.0,0.0
2025-07-22 00:00:00-04:00,1.3600000143051147,1.440000057220459,1.340000033378601,1.409999966621399,128200,0.0,0.0
2025-07-23 00:00:00-04:00,1.409999966621399,1.4500000476837158,1.3899999856948853,1.4199999570846558,147900,0.0,0.0
2025-07-24 00:00:00-04:00,1.3899999856948853,1.4500000476837158,1.340000033378601,1.3899999856948853,169100,0.0,0.0
2025-07-25 00:00:00-04:00,1.399999976158142,1.409999966621399,1.2799999713897705,1.3200000524520874,286600,0.0,0.0
2025-07-28 00:00:00-04:00,1.3200000524520874,1.3200000524520874,1.2699999809265137,1.2799999713897705,49200,0.0,0.0
2025-07-29 00:00:00-04:00,1.3200000524520874,1.3200000524520874,1.1799999475479126,1.2699999809265137,390600,0.0,0.0
2025-07-30 00:00:00-04:00,1.2899999618530273,1.309999942779541,1.2100000381469727,1.25,108400,0.0,0.0
2025-07-31 00:00:00-04:00,1.8899999856948853,5.380000114440918,1.659999966621399,2.930000066757202,376409000,0.0,0.0
2025-08-01 00:00:00-04:00,2.6600000858306885,2.9100000858306885,2.390000104904175,2.740000009536743,7831900,0.0,0.0
2025-08-04 00:00:00-04:00,4.179999828338623,4.329999923706055,3.009999990463257,3.109999895095825,49145200,0.0,0.0
2025-08-05 00:00:00-04:00,3.1600000858306885,3.190000057220459,2.7100000381469727,2.9800000190734863,2202400,0.0,0.0
2025-08-06 00:00:00-04:00,2.9800000190734863,3.3499999046325684,2.8299999237060547,3.200000047683716,1681800,0.0,0.0
2025-08-07 00:00:00-04:00,3.2200000286102295,3.75,3.2200000286102295,3.2899999618530273,2171200,0.0,0.0
2025-08-08 00:00:00-04:00,3.2100000381469727,3.5999999046325684,2.8499999046325684,2.9000000953674316,1018900,0.0,0.0
2025-08-11 00:00:00-04:00,2.7799999713897705,2.8499999046325684,2.319999933242798,2.440000057220459,954300,0.0,0.0
2025-08-12 00:00:00-04:00,2.509999990463257,2.5899999141693115,2.359999895095825,2.559999942779541,420100,0.0,0.0
2025-08-13 00:00:00-04:00,2.490000009536743,2.5399999618530273,2.4000000953674316,2.450000047683716,387800,0.0,0.0
2025-08-14 00:00:00-04:00,2.549999952316284,2.990000009536743,2.490000009536743,2.940000057220459,794300,0.0,0.0
2025-08-15 00:00:00-04:00,2.819999933242798,2.869999885559082,2.680000066757202,2.7799999713897705,284200,0.0,0.0
2025-08-18 00:00:00-04:00,3.799999952316284,6.230000019073486,3.569999933242798,4.960000038146973,184362800,0.0,0.0
2025-08-19 00:00:00-04:00,4.110000133514404,4.300000190734863,3.4600000381469727,3.700000047683716,4313000,0.0,0.0
2025-08-20 00:00:00-04:00,3.8299999237060547,3.940000057220459,3.3299999237060547,3.609999895095825,3057800,0.0,0.0
2025-08-21 00:00:00-04:00,3.450000047683716,3.7200000286102295,3.319999933242798,3.359999895095825,679800,0.0,0.0
2025-08-22 00:00:00-04:00,3.25,3.440000057220459,3.2100000381469727,3.380000114440918,604000,0.0,0.0
2025-08-25 00:00:00-04:00,3.3399999141693115,3.359999895095825,3.0899999141693115,3.130000114440918,472300,0.0,0.0
2025-08-26 00:00:00-04:00,3.069999933242798,3.359999895095825,3.069999933242798,3.140000104904175,361100,0.0,0.0
2025-08-27 00:00:00-04:00,3.0799999237060547,3.190000057220459,2.9700000286102295,3.0,330200,0.0,0.0
2025-08-28 00:00:00-04:00,3.009999990463257,3.1600000858306885,2.990000009536743,3.059999942779541,304500,0.0,0.0
2025-08-29 00:00:00-04:00,3.009999990463257,3.119999885559082,2.9100000858306885,3.0999999046325684,257800,0.0,0.0
2025-09-02 00:00:00-04:00,3.0799999237060547,3.2200000286102295,2.9800000190734863,3.109999895095825,225800,0.0,0.0
2025-09-03 00:00:00-04:00,2.9600000381469727,3.0899999141693115,2.9600000381469727,3.0799999237060547,319300,0.0,0.0
2025-09-04 00:00:00-04:00,2.9000000953674316,3.109999895095825,2.7200000286102295,3.0399999618530273,4947600,0.0,0.0
2025-09-05 00:00:00-04:00,3.069999933242798,3.069999933242798,2.859999895095825,2.859999895095825,234600,0.0,0.0
2025-09-08 00:00:00-04:00,2.819999933242798,2.8499999046325684,2.6500000953674316,2.6600000858306885,360000,0.0,0.0
2025-09-09 00:00:00-04:00,2.5899999141693115,2.7799999713897705,2.5799999237060547,2.680000066757202,193300,0.0,0.0
2025-09-10 00:00:00-04:00,2.7200000286102295,2.819999933242798,2.690000057220459,2.7799999713897705,149200,0.0,0.0
2025-09-11 00:00:00-04:00,2.7799999713897705,2.9000000953674316,2.7300000190734863,2.7799999713897705,136300,0.0,0.0
2025-09-12 00:00:00-04:00,2.799999952316284,2.9800000190734863,2.740000009536743,2.9200000762939453,218400,0.0,0.0
2025-09-15 00:00:00-04:00,2.859999895095825,2.9200000762939453,2.75,2.75,184400,0.0,0.0
2025-09-16 00:00:00-04:00,2.819999933242798,2.859999895095825,2.7699999809265137,2.7899999618530273,129600,0.0,0.0
2025-09-17 00:00:00-04:00,2.7899999618530273,2.8399999141693115,2.7799999713897705,2.809999942779541,59200,0.0,0.0
2025-09-18 00:00:00-04:00,2.859999895095825,2.859999895095825,2.759999990463257,2.759999990463257,158000,0.0,0.0
2025-09-19 00:00:00-04:00,2.799999952316284,2.819999933242798,2.619999885559082,2.690000057220459,398400,0.0,0.0
2025-09-22 00:00:00-04:00,2.549999952316284,2.569999933242798,2.319999933242798,2.3299999237060547,351300,0.0,0.0
2025-09-23 00:00:00-04:00,2.1500000953674316,2.180000066757202,1.809999942779541,1.9500000476837158,8052500,0.0,0.0
2025-09-24 00:00:00-04:00,1.9700000286102295,2.0,1.8300000429153442,1.8300000429153442,889900,0.0,0.0
2025-09-25 00:00:00-04:00,1.7899999618530273,1.7999999523162842,1.6100000143051147,1.6200000047683716,1003500,0.0,0.0
2025-09-26 00:00:00-04:00,1.190000057220459,1.2899999618530273,1.159999966621399,1.2000000476837158,6820300,0.0,0.0
2025-09-29 00:00:00-04:00,1.2599999904632568,1.2599999904632568,1.1100000143051147,1.1100000143051147,1522000,0.0,0.0
2025-09-30 00:00:00-04:00,1.1100000143051147,1.1699999570846558,1.1100000143051147,1.159999966621399,1123000,0.0,0.0
2025-10-01 00:00:00-04:00,1.1299999952316284,1.25,1.1299999952316284,1.2400000095367432,2352800,0.0,0.0
2025-10-02 00:00:00-04:00,1.3300000429153442,1.3600000143051147,1.25,1.2799999713897705,3787900,0.0,0.0
2025-10-03 00:00:00-04:00,1.3200000524520874,1.4800000190734863,1.2699999809265137,1.3799999952316284,2391200,0.0,0.0
2025-10-06 00:00:00-04:00,1.4199999570846558,1.4700000286102295,1.3300000429153442,1.3700000047683716,1391900,0.0,0.0
2025-10-07 00:00:00-04:00,1.559999942779541,1.8799999952316284,1.5099999904632568,1.6399999856948853,18903500,0.0,0.0
2025-10-08 00:00:00-04:00,1.6399999856948853,1.9500000476837158,1.5499999523162842,1.809999942779541,4375600,0.0,0.0
2025-10-09 00:00:00-04:00,1.850000023841858,1.9700000286102295,1.7799999713897705,1.7899999618530273,1659200,0.0,0.0
2025-10-10 00:00:00-04:00,1.7699999809265137,1.7999999523162842,1.6100000143051147,1.6799999475479126,1740400,0.0,0.0
2025-10-13 00:00:00-04:00,1.6699999570846558,1.7300000190734863,1.659999966621399,1.7200000286102295,483300,0.0,0.0
2025-10-14 00:00:00-04:00,1.7200000286102295,1.7300000190734863,1.590000033378601,1.6299999952316284,594400,0.0,0.0
2025-10-15 00:00:00-04:00,1.6200000047683716,1.659999966621399,1.559999942779541,1.5800000429153442,431400,0.0,0.0
2025-10-16 00:00:00-04:00,1.600000023841858,1.6299999952316284,1.5099999904632568,1.5499999523162842,426800,0.0,0.0
2025-10-17 00:00:00-04:00,1.5099999904632568,1.659999966621399,1.5099999904632568,1.649999976158142,485300,0.0,0.0
2025-10-20 00:00:00-04:00,1.6399999856948853,1.7599999904632568,1.6399999856948853,1.7000000476837158,414900,0.0,0.0
2025-10-21 00:00:00-04:00,1.7100000381469727,1.7100000381469727,1.6399999856948853,1.649999976158142,224800,0.0,0.0
2025-10-22 00:00:00-04:00,1.6399999856948853,1.6399999856948853,1.5399999618530273,1.6100000143051147,339600,0.0,0.0
2025-10-23 00:00:00-04:00,1.6200000047683716,1.6399999856948853,1.5800000429153442,1.600000023841858,194600,0.0,0.0
2025-10-24 00:00:00-04:00,1.600000023841858,1.6399999856948853,1.5499999523162842,1.5800000429153442,638300,0.0,0.0
2025-10-27 00:00:00-04:00,1.600000023841858,1.600000023841858,1.5399999618530273,1.559999942779541,180400,0.0,0.0
2025-10-28 00:00:00-04:00,1.5800000429153442,1.6100000143051147,1.5399999618530273,1.559999942779541,176000,0.0,0.0
2025-10-29 00:00:00-04:00,1.5700000524520874,1.590000033378601,1.5199999809265137,1.5700000524520874,240700,0.0,0.0
2025-10-30 00:00:00-04:00,1.5499999523162842,1.5700000524520874,1.5099999904632568,1.5099999904632568,247200,0.0,0.0
2025-10-31 00:00:00-04:00,1.5099999904632568,1.559999942779541,1.4900000095367432,1.5499999523162842,175100,0.0,0.0
2025-11-03 00:00:00-05:00,1.5499999523162842,1.559999942779541,1.4299999475479126,1.4700000286102295,219500,0.0,0.0
2025-11-04 00:00:00-05:00,1.440000057220459,1.4700000286102295,1.2999999523162842,1.340000033378601,696800,0.0,0.0
2025-11-05 00:00:00-05:00,1.309999942779541,1.3799999952316284,1.309999942779541,1.3799999952316284,239500,0.0,0.0
2025-11-06 00:00:00-05:00,1.3700000047683716,1.3700000047683716,1.2599999904632568,1.2799999713897705,286400,0.0,0.0
2025-11-07 00:00:00-05:00,1.2899999618530273,1.3899999856948853,1.25,1.3700000047683716,271200,0.0,0.0
2025-11-10 00:00:00-05:00,1.4199999570846558,1.440000057220459,1.3600000143051147,1.3600000143051147,152700,0.0,0.0
2025-11-11 00:00:00-05:00,1.3700000047683716,1.4199999570846558,1.3700000047683716,1.4199999570846558,158500,0.0,0.0
2025-11-12 00:00:00-05:00,1.409999966621399,1.440000057220459,1.350000023841858,1.3600000143051147,118400,0.0,0.0
2025-11-13 00:00:00-05:00,1.3899999856948853,1.399999976158142,1.25,1.3799999952316284,412500,0.0,0.0
2025-11-14 00:00:00-05:00,1.3200000524520874,1.409999966621399,1.2999999523162842,1.3700000047683716,90600,0.0,0.0
2025-11-17 00:00:00-05:00,1.3700000047683716,1.399999976158142,1.340000033378601,1.350000023841858,114100,0.0,0.0
2025-11-18 00:00:00-05:00,1.2999999523162842,1.3899999856948853,1.2999999523162842,1.3700000047683716,246800,0.0,0.0
2025-11-19 00:00:00-05:00,1.399999976158142,1.4700000286102295,1.2899999618530273,1.3200000524520874,558200,0.0,0.0
2025-11-20 00:00:00-05:00,1.340000033378601,1.3600000143051147,1.2599999904632568,1.2699999809265137,294100,0.0,0.0
2025-11-21 00:00:00-05:00,1.2599999904632568,1.4299999475479126,1.2599999904632568,1.409999966621399,236800,0.0,0.0
2025-11-24 00:00:00-05:00,1.350000023841858,1.5299999713897705,1.350000023841858,1.4299999475479126,449700,0.0,0.0
2025-11-25 00:00:00-05:00,1.4199999570846558,1.4700000286102295,1.3600000143051147,1.409999966621399,223600,0.0,0.0
2025-11-26 00:00:00-05:00,1.409999966621399,1.4900000095367432,1.409999966621399,1.4700000286102295,170400,0.0,0.0
2025-11-28 00:00:00-05:00,1.4700000286102295,1.600000023841858,1.4700000286102295,1.590000033378601,395000,0.0,0.0
2025-12-01 00:00:00-05:00,1.5700000524520874,1.590000033378601,1.4800000190734863,1.5199999809265137,264000,0.0,0.0
2025-12-02 00:00:00-05:00,1.5299999713897705,1.600000023841858,1.4800000190734863,1.5800000429153442,206600,0.0,0.0
2025-12-03 00:00:00-05:00,1.5700000524520874,1.5800000429153442,1.5,1.5499999523162842,202000,0.0,0.0
2025-12-04 00:00:00-05:00,1.5399999618530273,1.6699999570846558,1.5099999904632568,1.6299999952316284,241500,0.0,0.0
2025-12-05 00:00:00-05:00,1.6399999856948853,1.6699999570846558,1.4900000095367432,1.6100000143051147,790600,0.0,0.0
2025-12-08 00:00:00-05:00,1.6200000047683716,1.6200000047683716,1.5099999904632568,1.5800000429153442,404700,0.0,0.0
2025-12-09 00:00:00-05:00,1.559999942779541,1.6299999952316284,1.559999942779541,1.590000033378601,110000,0.0,0.0
2025-12-10 00:00:00-05:00,1.6200000047683716,1.649999976158142,1.5499999523162842,1.600000023841858,370500,0.0,0.0
2025-12-11 00:00:00-05:00,1.600000023841858,1.6699999570846558,1.600000023841858,1.6299999952316284,364600,0.0,0.0
2025-12-12 00:00:00-05:00,1.6299999952316284,1.7000000476837158,1.559999942779541,1.649999976158142,356800,0.0,0.0
2025-12-15 00:00:00-05:00,1.6699999570846558,1.6699999570846558,1.5499999523162842,1.5499999523162842,218500,0.0,0.0
2025-12-16 00:00:00-05:00,1.5299999713897705,1.6200000047683716,1.5,1.5199999809265137,263300,0.0,0.0
2025-12-17 00:00:00-05:00,1.350000023841858,1.399999976158142,1.2000000476837158,1.2300000190734863,1455800,0.0,0.0
2025-12-18 00:00:00-05:00,1.3300000429153442,1.3300000429153442,1.2100000381469727,1.2300000190734863,1371500,0.0,0.0
2025-12-19 00:00:00-05:00,1.2999999523162842,1.3799999952316284,1.2300000190734863,1.3799999952316284,1087400,0.0,0.0
2025-12-22 00:00:00-05:00,1.3600000143051147,1.3799999952316284,1.3200000524520874,1.3300000429153442,397000,0.0,0.0
2025-12-23 00:00:00-05:00,1.309999942779541,1.409999966621399,1.309999942779541,1.3700000047683716,276200,0.0,0.0
2025-12-24 00:00:00-05:00,1.3700000047683716,1.4800000190734863,1.3700000047683716,1.440000057220459,217200,0.0,0.0
2025-12-26 00:00:00-05:00,1.3899999856948853,1.440000057220459,1.3700000047683716,1.3700000047683716,228000,0.0,0.0
2025-12-29 00:00:00-05:00,1.3899999856948853,1.4500000476837158,1.3799999952316284,1.409999966621399,242000,0.0,0.0
2025-12-30 00:00:00-05:00,1.3899999856948853,1.409999966621399,1.3300000429153442,1.3300000429153442,351500,0.0,0.0
2025-12-31 00:00:00-05:00,1.3200000524520874,1.3799999952316284,1.309999942779541,1.340000033378601,264000,0.0,0.0
2026-01-02 00:00:00-05:00,1.3799999952316284,1.4199999570846558,1.3600000143051147,1.4199999570846558,189400,0.0,0.0
2026-01-05 00:00:00-05:00,1.4500000476837158,1.4900000095367432,1.340000033378601,1.4299999475479126,286200,0.0,0.0
2026-01-06 00:00:00-05:00,1.440000057220459,1.4700000286102295,1.399999976158142,1.409999966621399,181500,0.0,0.0
2026-01-07 00:00:00-05:00,1.409999966621399,1.4700000286102295,1.409999966621399,1.4600000381469727,76000,0.0,0.0
2026-01-08 00:00:00-05:00,1.4800000190734863,1.4800000190734863,1.409999966621399,1.440000057220459,193500,0.0,0.0
2026-01-09 00:00:00-05:00,1.4299999475479126,1.440000057220459,1.350000023841858,1.350000023841858,147900,0.0,0.0
2026-01-12 00:00:00-05:00,1.3799999952316284,1.3899999856948853,1.3300000429153442,1.3700000047683716,165600,0.0,0.0
2026-01-13 00:00:00-05:00,1.3799999952316284,1.399999976158142,1.3600000143051147,1.3700000047683716,77600,0.0,0.0
2026-01-14 00:00:00-05:00,1.3799999952316284,1.4199999570846558,1.340000033378601,1.3799999952316284,317900,0.0,0.0
2026-01-15 00:00:00-05:00,1.399999976158142,1.399999976158142,1.3300000429153442,1.340000033378601,203100,0.0,0.0
2026-01-16 00:00:00-05:00,1.340000033378601,1.4299999475479126,1.340000033378601,1.409999966621399,145500,0.0,0.0
2026-01-20 00:00:00-05:00,1.399999976158142,1.409999966621399,1.350000023841858,1.3799999952316284,146400,0.0,0.0
2026-01-21 00:00:00-05:00,1.3799999952316284,1.4299999475479126,1.350000023841858,1.399999976158142,235600,0.0,0.0
2026-01-22 00:00:00-05:00,1.4299999475479126,1.4600000381469727,1.399999976158142,1.4199999570846558,192600,0.0,0.0
2026-01-23 00:00:00-05:00,1.440000057220459,1.440000057220459,1.3700000047683716,1.3799999952316284,127800,0.0,0.0
2026-01-26 00:00:00-05:00,1.350000023841858,1.3799999952316284,1.2699999809265137,1.2899999618530273,322700,0.0,0.0
2026-01-27 00:00:00-05:00,1.2999999523162842,1.3799999952316284,1.2799999713897705,1.340000033378601,186200,0.0,0.0
2026-01-28 00:00:00-05:00,1.3300000429153442,1.409999966621399,1.309999942779541,1.3700000047683716,133800,0.0,0.0
2026-01-29 00:00:00-05:00,1.3700000047683716,1.3700000047683716,1.2999999523162842,1.309999942779541,229400,0.0,0.0
2026-01-30 00:00:00-05:00,1.309999942779541,1.3200000524520874,1.2300000190734863,1.25,265200,0.0,0.0
2026-02-02 00:00:00-05:00,1.2599999904632568,1.2699999809265137,1.2200000286102295,1.2300000190734863,123600,0.0,0.0
2026-02-03 00:00:00-05:00,1.2400000095367432,1.25,1.2100000381469727,1.2300000190734863,181600,0.0,0.0
2026-02-04 00:00:00-05:00,1.2400000095367432,1.25,1.149999976158142,1.159999966621399,218900,0.0,0.0
2026-02-05 00:00:00-05:00,1.159999966621399,1.159999966621399,1.0199999809265137,1.0399999618530273,313600,0.0,0.0
2026-02-06 00:00:00-05:00,1.0499999523162842,1.159999966621399,1.0499999523162842,1.1299999952316284,149600,0.0,0.0
2026-02-09 00:00:00-05:00,1.1399999856948853,1.1799999475479126,1.1200000047683716,1.1200000047683716,114400,0.0,0.0
2026-02-10 00:00:00-05:00,1.1200000047683716,1.159999966621399,1.1200000047683716,1.1200000047683716,45600,0.0,0.0
2026-02-11 00:00:00-05:00,1.1200000047683716,1.1200000047683716,1.059999942779541,1.0800000429153442,241400,0.0,0.0
2026-02-12 00:00:00-05:00,1.090000033378601,1.159999966621399,1.0399999618530273,1.059999942779541,130800,0.0,0.0
2026-02-13 00:00:00-05:00,1.0499999523162842,1.1299999952316284,1.0499999523162842,1.090000033378601,157700,0.0,0.0
2026-02-17 00:00:00-05:00,1.090000033378601,1.149999976158142,1.0499999523162842,1.1100000143051147,151200,0.0,0.0
2026-02-18 00:00:00-05:00,1.1299999952316284,1.1399999856948853,1.0700000524520874,1.090000033378601,161700,0.0,0.0
2026-02-19 00:00:00-05:00,1.100000023841858,1.1100000143051147,1.0700000524520874,1.1100000143051147,74500,0.0,0.0
2026-02-20 00:00:00-05:00,1.1200000047683716,1.1299999952316284,1.0800000429153442,1.100000023841858,63200,0.0,0.0
2026-02-23 00:00:00-05:00,1.1100000143051147,1.1299999952316284,1.0700000524520874,1.100000023841858,106500,0.0,0.0
2026-02-24 00:00:00-05:00,1.090000033378601,1.159999966621399,1.090000033378601,1.149999976158142,90200,0.0,0.0
2026-02-25 00:00:00-05:00,1.149999976158142,1.1799999475479126,1.1385999917984009,1.1799999475479126,80796,0.0,0.0
