Date,Open,High,Low,Close,Volume,Dividends,Stock Splits
2022-01-03 00:00:00-05:00,2.9612180950265166,2.9881995561750285,2.893764442155236,2.907255172729492,2155500,0.0,0.0
2022-01-04 00:00:00-05:00,2.84654670073795,2.893764418178816,2.8263107658664257,2.853292226791382,2493100,0.0,0.0
2022-01-05 00:00:00-05:00,2.826310850560487,2.893764504894213,2.7656024008379356,2.772347927093506,4842900,0.0,0.0
2022-01-06 00:00:00-05:00,2.8263109097682584,2.8263109097682584,2.7386209964752197,2.7386209964752197,2575600,0.0,0.0
2022-01-07 00:00:00-05:00,2.7481444738859864,2.8977960886873277,2.7481444738859864,2.890993595123291,1910500,0.034,0.0
2022-01-10 00:00:00-05:00,2.9590168870178406,2.993028705864322,2.897796067199215,2.9522147178649902,2710100,0.0,0.0
2022-01-11 00:00:00-05:00,3.033842758804976,3.040644928103431,2.965819444016675,3.0134356021881104,2151500,0.0,0.0
2022-01-12 00:00:00-05:00,3.122273289346893,3.2311105950695844,3.081459299700884,3.217505931854248,4101900,0.0,0.0
2022-01-13 00:00:00-05:00,3.2175054958391485,3.251517311448811,3.176691511723981,3.190296173095703,2467900,0.0,0.0
2022-01-14 00:00:00-05:00,3.122272861468636,3.176691506872416,3.108668200117691,3.1426796913146973,2281200,0.0,0.0
2022-01-18 00:00:00-05:00,3.1222727497772365,3.156284239757568,3.0678541063201457,3.108668088912964,2949300,0.0,0.0
2022-01-19 00:00:00-05:00,3.271924517672901,3.3127385064826194,3.2311105288631823,3.258319854736328,2873100,0.0,0.0
2022-01-20 00:00:00-05:00,3.367157158228911,3.3807618211654837,3.2515176854484165,3.258319854736328,3859400,0.0,0.0
2022-01-21 00:00:00-05:00,3.285528734548618,3.285528734548618,3.1698889531072454,3.1834936141967773,6049000,0.0,0.0
2022-01-24 00:00:00-05:00,3.101865647659587,3.1834936141967773,3.0542491716658726,3.1834936141967773,6705000,0.0,0.0
2022-01-25 00:00:00-05:00,3.18349348135816,3.1970981418800055,3.088260857705239,3.1630866527557373,4164700,0.0,0.0
2022-01-26 00:00:00-05:00,3.190296583450043,3.339947877788003,3.1766919203284103,3.2311105728149414,4949000,0.0,0.0
2022-01-27 00:00:00-05:00,3.299133448229457,3.3671567547614716,3.190296157778234,3.2515172958374023,4702100,0.0,0.0
2022-01-28 00:00:00-05:00,3.2991335992568787,3.3263429231152704,3.1562844868199598,3.210703134536743,5914100,0.0,0.0
2022-01-31 00:00:00-05:00,3.2243073462949443,3.2583191585496394,3.19029585840093,3.2447144985198975,2629200,0.0,0.0
2022-02-01 00:00:00-05:00,3.2583196460625623,3.4419827461242676,3.251517477210285,3.4419827461242676,3106700,0.0,0.0
2022-02-02 00:00:00-05:00,3.4487852393372744,3.4691920702548367,3.3807616046501225,3.4419827461242676,2524600,0.0,0.0
2022-02-03 00:00:00-05:00,3.414773046187796,3.4691916884600014,3.36715657201927,3.3739590644836426,3000300,0.0,0.0
2022-02-04 00:00:00-05:00,3.3331450827794886,3.3807612325873215,3.299133269179014,3.3739590644836426,2454700,0.0,0.0
2022-02-07 00:00:00-05:00,3.4623898416351424,3.557622474448238,3.441982686709117,3.5304131507873535,3896800,0.0,0.0
2022-02-08 00:00:00-05:00,3.4964014851484273,3.584831953048706,3.4827968227299797,3.584831953048706,2776600,0.0,0.0
2022-02-09 00:00:00-05:00,3.5644252435356134,3.6596582167494254,3.530413745411348,3.6460535526275635,2675900,0.0,0.0
2022-02-10 00:00:00-05:00,3.7276810938961127,3.8161115623484965,3.5984366379335686,3.6188437938690186,7422200,0.0,0.0
2022-02-11 00:00:00-05:00,3.618843771275194,3.6868670833674324,3.557622628211811,3.584831953048706,4395000,0.0,0.0
2022-02-14 00:00:00-05:00,3.618843989466429,3.6256461589054076,3.5168088529956902,3.5984368324279785,4775700,0.0,0.0
2022-02-15 00:00:00-05:00,3.455587387084961,3.475994542238618,3.387564077173983,3.455587387084961,4591400,0.0,0.0
2022-02-16 00:00:00-05:00,3.4827963910447974,3.5304128657877727,3.4691917303126183,3.5100057125091553,3089400,0.0,0.0
2022-02-17 00:00:00-05:00,3.4215761343359525,3.4283783036238638,3.2379130225118438,3.258319854736328,4387900,0.0,0.0
2022-02-18 00:00:00-05:00,3.2923314090617666,3.299133577801765,3.217505606757438,3.2243077754974365,4002600,0.0,0.0
2022-02-22 00:00:00-05:00,3.2583193840995937,3.326342688957066,3.237912554822704,3.305935859680176,6318400,0.0,0.0
2022-02-23 00:00:00-05:00,3.2651219728205336,3.2787266341922563,3.1698890188577633,3.190296173095703,5909900,0.0,0.0
2022-02-24 00:00:00-05:00,3.020238052087776,3.095063859451148,2.952214738285049,3.088261365890503,8475600,0.0,0.0
2022-02-25 00:00:00-05:00,3.1222732253705994,3.271924517672901,3.1222732253705994,3.258319854736328,4898200,0.0,0.0
2022-02-28 00:00:00-05:00,3.210703540145416,3.3059365100413087,3.197098876497541,3.2991340160369873,2920700,0.0,0.0
2022-03-01 00:00:00-05:00,3.305936484605876,3.469192447124307,3.305936484605876,3.3603551387786865,3783500,0.0,0.0
2022-03-02 00:00:00-05:00,3.387564227192706,3.618843815493005,3.380761733719995,3.605239152908325,8774100,0.0,0.0
2022-03-03 00:00:00-05:00,3.71407643361929,3.8365183962231746,3.6800646151600636,3.8161115646362305,9080900,0.0,0.0
2022-03-04 00:00:00-05:00,3.748087873668801,3.8705298239108554,3.7208782270320815,3.863727331161499,7652900,0.0,0.0
2022-03-07 00:00:00-05:00,4.040588588819742,4.0609954200559955,3.7957043434595574,3.8093090057373047,9724200,0.0,0.0
2022-03-08 00:00:00-05:00,3.8229133936064694,3.8365180549076747,3.6528549651610493,3.673262119293213,12027000,0.0,0.0
2022-03-09 00:00:00-05:00,3.673261980507768,3.7752970985920085,3.6324479981462114,3.7684946060180664,5778600,0.0,0.0
2022-03-10 00:00:00-05:00,3.6188442809565577,3.7208791012852247,3.5032044719325666,3.7072744369506836,7675200,0.0,0.0
2022-03-11 00:00:00-05:00,3.673262163457891,3.686866824922669,3.4283779327311743,3.435180425643921,6666100,0.0,0.0
2022-03-14 00:00:00-04:00,3.4351805429095625,3.4351805429095625,3.1698891487491556,3.210703134536743,8416300,0.0,0.0
2022-03-15 00:00:00-04:00,3.14948224222435,3.1562844108448496,3.0406446250498944,3.0542492866516113,6902300,0.0,0.0
2022-03-16 00:00:00-04:00,3.169888820836314,3.2379124478062353,3.0678540291028162,3.1630866527557373,6110000,0.0,0.0
2022-03-17 00:00:00-04:00,3.251517477210285,3.455587408189552,3.2243078287189864,3.4419827461242676,6526400,0.0,0.0
2022-03-18 00:00:00-04:00,3.421575832594954,3.5236106334406583,3.394366184760615,3.496401309967041,7534600,0.0,0.0
2022-03-21 00:00:00-04:00,3.584831953048706,3.6528552651409445,3.550820134822218,3.584831953048706,6099500,0.0,0.0
2022-03-22 00:00:00-04:00,3.6392504027337003,3.6392504027337003,3.5032037860254333,3.5576224327087402,5445500,0.0,0.0
2022-03-23 00:00:00-04:00,3.591634171448418,3.761692600839029,3.591634171448418,3.6596574783325195,6319000,0.0,0.0
2022-03-24 00:00:00-04:00,3.6460530984389368,3.76169289124991,3.612041280190743,3.734483242034912,7253600,0.0,0.0
2022-03-25 00:00:00-04:00,3.7684948033588195,3.8501227723564573,3.7004714958607883,3.7957041263580322,9345500,0.0,0.0
2022-03-28 00:00:00-04:00,3.748088097651762,3.7616927596027727,3.673262294740841,3.714076280593872,5709300,0.0,0.0
2022-03-29 00:00:00-04:00,3.693669146438724,3.7684949497740825,3.6256458362978203,3.7004716396331787,5461000,0.0,0.0
2022-03-30 00:00:00-04:00,3.7276810740914894,3.8161115420740552,3.7072739182644594,3.782099723815918,7476400,0.0,0.0
2022-03-31 00:00:00-04:00,3.8161112040826666,3.890936678646126,3.6732620990277582,3.6868667602539062,6324600,0.0,0.0
2022-04-01 00:00:00-04:00,3.748087973289768,3.8297159422874056,3.7004714958607883,3.7957041263580322,4815300,0.0,0.0
2022-04-04 00:00:00-04:00,3.884134769439697,3.9521580801102973,3.822913627655791,3.8841347694396973,5897600,0.0,0.0
2022-04-05 00:00:00-04:00,3.843320731308836,3.897739379112878,3.7140762805938725,3.714076280593872,6870300,0.0,0.0
2022-04-06 00:00:00-04:00,3.65285504322102,3.6800643664048818,3.523610595917316,3.5712270736694336,5946500,0.0,0.0
2022-04-07 00:00:00-04:00,3.5644247972406657,3.6120412778856013,3.4827968227299797,3.584831953048706,4687500,0.0,0.0
2022-04-08 00:00:00-04:00,3.605238792897018,3.7072735899127736,3.5576223164251455,3.6868667602539062,4539400,0.0,0.0
2022-04-11 00:00:00-04:00,3.6664596264622547,3.754890087100444,3.6324481353895974,3.673262119293213,4743300,0.0,0.0
2022-04-12 00:00:00-04:00,3.788902546838183,3.8297165376822337,3.7072742407893156,3.7276813983917236,5420000,0.0,0.0
2022-04-13 00:00:00-04:00,3.727681096130833,3.8569255521708583,3.727681096130833,3.8161115646362305,5649900,0.0,0.0
2022-04-14 00:00:00-04:00,3.741285243086933,3.7480877355856794,3.6256454654938075,3.6324479579925537,4710100,0.0,0.0
2022-04-18 00:00:00-04:00,3.60523888982962,3.6256457200371575,3.550819919101178,3.5712270736694336,5856800,0.0,0.0
2022-04-19 00:00:00-04:00,3.523610640350886,3.6120411039939255,3.489599148122524,3.5916342735290527,5404700,0.0,0.0
2022-04-20 00:00:00-04:00,3.5440176340667997,3.557622295211826,3.4215756837615623,3.4895989894866943,8656700,0.0,0.0
2022-04-21 00:00:00-04:00,3.516808822729983,3.537215655232055,3.169889426587217,3.2311105728149414,10168300,0.0,0.0
2022-04-22 00:00:00-04:00,3.312738044671944,3.319540537372307,3.047446992211171,3.081458806991577,12381000,0.0,0.0
2022-04-25 00:00:00-04:00,2.979424043197878,2.999830875017172,2.8229702603534026,2.9522147178649902,13303100,0.0,0.0
2022-04-26 00:00:00-04:00,2.884190825974385,2.8909933188884422,2.7073302268981934,2.7073302268981934,9357600,0.0,0.0
2022-04-27 00:00:00-04:00,2.8297725375073,2.897796177796452,2.7957610417234804,2.8365750312805176,10258300,0.0,0.0
2022-04-28 00:00:00-04:00,2.8025633120410447,2.938610273156905,2.7685518150326556,2.918203115463257,7475200,0.0,0.0
2022-04-29 00:00:00-04:00,3.0542498491205037,3.08145950169557,2.850179887513339,2.8637845516204834,7760500,0.0,0.0
2022-05-02 00:00:00-04:00,2.741342262293273,2.7549469248502305,2.612097643641434,2.720935106277466,9011000,0.0,0.0
2022-05-03 00:00:00-04:00,2.7821564787081647,2.9250056094813957,2.7753539846900264,2.918203115463257,7299000,0.0,0.0
2022-05-04 00:00:00-04:00,2.8501792582742813,3.0270398526213342,2.8161674433348796,3.020237684249878,4883800,0.0,0.0
2022-05-05 00:00:00-04:00,2.86378435924269,2.8773890224359264,2.6801212439536206,2.7889585494995117,5494500,0.0,0.0
2022-05-06 00:00:00-04:00,2.7209350635125857,2.8093655309233214,2.659714082968485,2.7481443881988525,4571400,0.0,0.0
2022-05-09 00:00:00-04:00,2.652911713947243,2.65971404502176,2.5644812477981644,2.5712835788726807,7044700,0.0,0.0
2022-05-10 00:00:00-04:00,2.550876456522318,2.550876456522318,2.387620356817675,2.4488413333892822,8140900,0.0,0.0
2022-05-11 00:00:00-04:00,2.5308464522510135,2.622748780585263,2.4742912769977625,2.481360673904419,11466900,0.136,0.0
2022-05-12 00:00:00-04:00,2.368250130919888,2.389458489973271,2.283417368897216,2.3329031467437744,19508400,0.0,0.0
2022-05-13 00:00:00-04:00,2.375319688044495,2.5237772001499748,2.375319688044495,2.495499610900879,10793700,0.0,0.0
2022-05-16 00:00:00-04:00,2.516707989958003,2.5803327390467725,2.5096385921201105,2.5379161834716797,8021400,0.0,0.0
2022-05-17 00:00:00-04:00,2.6580958845748226,2.700512267920976,2.60861010400431,2.651026487350464,7492000,0.0,0.0
2022-05-18 00:00:00-04:00,2.5803326974403262,2.6015408906120325,2.4672221653101554,2.4742915630340576,6824100,0.0,0.0
2022-05-19 00:00:00-04:00,2.5803322848907113,2.735859009950578,2.573262888297081,2.686373233795166,11320700,0.0,0.0
2022-05-20 00:00:00-04:00,2.792414729312025,2.8631088733673096,2.7499983440074938,2.8631088733673096,11519800,0.0,0.0
2022-05-23 00:00:00-04:00,2.9408720876890895,3.03277442470324,2.919664063513803,3.011566400527954,8524600,0.0,0.0
2022-05-24 00:00:00-04:00,2.9762192673582573,3.046913243653905,2.9267333154035695,3.0327744483947754,8241700,0.0,0.0
2022-05-25 00:00:00-04:00,2.99035775558049,3.0681212900690165,2.9620801679656505,3.0539824962615967,7432200,0.0,0.0
2022-05-26 00:00:00-04:00,3.068121749241116,3.209509708475298,3.061052182731664,3.19537091255188,10010400,0.0,0.0
2022-05-27 00:00:00-04:00,3.2519257535706867,3.3296892915028202,3.2095093702701,3.280203342437744,7154800,0.0,0.0
2022-05-31 00:00:00-04:00,3.2872732546018404,3.315550846448677,3.17416255011901,3.19537091255188,6184800,0.0,0.0
2022-06-01 00:00:00-04:00,3.2095095146381305,3.2731342609986616,3.19537071956862,3.2236483097076416,5937800,0.0,0.0
2022-06-02 00:00:00-04:00,3.336758873200077,3.414522419359573,3.301412051924295,3.3438284397125244,6007100,0.0,0.0
2022-06-03 00:00:00-04:00,3.3155502101141763,3.3508970245910685,3.2731338304846536,3.3226194381713867,6918600,0.0,0.0
2022-06-06 00:00:00-04:00,3.315550522203683,3.315550522203683,3.195370600059908,3.216578960418701,4631100,0.0,0.0
2022-06-07 00:00:00-04:00,3.1670927055411084,3.2165786502088545,3.1317455540505152,3.1812314987182617,4909600,0.0,0.0
2022-06-08 00:00:00-04:00,3.181231590103669,3.1883011554430385,3.004496501764576,3.025704860687256,7409700,0.0,0.0
2022-06-09 00:00:00-04:00,2.9550103005553936,2.9550103005553936,2.7924141883850098,2.7924141883850098,7308800,0.0,0.0
2022-06-10 00:00:00-04:00,2.6722343722677775,2.77827548700803,2.6439567866164313,2.7429285049438477,10677700,0.0,0.0
2022-06-13 00:00:00-04:00,2.615679334668927,2.6298181282173227,2.4672218338630576,2.5237770080566406,6346900,0.0,0.0
2022-06-14 00:00:00-04:00,2.481360769685612,2.5096383584037603,2.4248055922493164,2.467221975326538,4562300,0.0,0.0
2022-06-15 00:00:00-04:00,2.4813606742297836,2.5449852463980336,2.4248054989691172,2.5167076587677,9443700,0.0,0.0
2022-06-16 00:00:00-04:00,2.424805401002286,2.4389441942462184,2.3329030763690177,2.389458417892456,5114400,0.0,0.0
2022-06-17 00:00:00-04:00,2.3187644976700676,2.3258338949461335,2.2197929358051445,2.276348114013672,10137200,0.0,0.0
2022-06-21 00:00:00-04:00,2.311695198467687,2.3258339936196575,2.2480706202838205,2.262209415435791,6391200,0.0,0.0
2022-06-22 00:00:00-04:00,2.1066824879298953,2.205654053416471,2.0925436928603847,2.1490988731384277,13894000,0.0,0.0
2022-06-23 00:00:00-04:00,2.1915151131412403,2.1915151131412403,2.057196568880585,2.0996129512786865,12359500,0.0,0.0
2022-06-24 00:00:00-04:00,2.149098729373764,2.2056539058685303,2.085474155817152,2.2056539058685303,12448600,0.0,0.0
2022-06-27 00:00:00-04:00,2.2622093672991728,2.332903341554757,2.2410011750224976,2.2692787647247314,8840300,0.0,0.0
2022-06-28 00:00:00-04:00,2.304625800891702,2.3329033911956425,2.23393182513185,2.262209415435791,6877900,0.0,0.0
2022-06-29 00:00:00-04:00,2.2763480677680654,2.297556259165404,2.1915151336309884,2.21272349357605,8571300,0.0,0.0
2022-06-30 00:00:00-04:00,2.1137516971336647,2.134959887848324,2.0501271249896864,2.0713353157043457,8234400,0.0,0.0
2022-07-01 00:00:00-04:00,2.0289191562017317,2.071335714342021,1.9228781822203822,1.986502766609192,11004400,0.0,0.0
2022-07-05 00:00:00-04:00,1.8875308044532815,1.9228777885437012,1.8521836518151464,1.9228777885437012,10666100,0.0,0.0
2022-07-06 00:00:00-04:00,1.9299473790253068,1.9511555716077271,1.8380450426204198,1.8946003913879395,8364400,0.0,0.0
2022-07-07 00:00:00-04:00,2.0077107621812007,2.071335508804304,1.9794331719254803,2.043057918548584,8322400,0.0,0.0
2022-07-08 00:00:00-04:00,2.0571966451126626,2.0571966451126626,1.97943310595346,2.0077106952667236,6312200,0.0,0.0
2022-07-11 00:00:00-04:00,1.9016697425898976,1.9370167293661968,1.8663227558135986,1.8663227558135986,6180500,0.0,0.0
2022-07-12 00:00:00-04:00,1.8168365732598393,1.8663225169611621,1.8097671768093226,1.8380447626113892,5078300,0.0,0.0
2022-07-13 00:00:00-04:00,1.8239060637960007,1.9158083909411772,1.809767270165622,1.88753080368042,5913700,0.0,0.0
2022-07-14 00:00:00-04:00,1.7956284993768878,1.8026978962820048,1.732003927230835,1.732003927230835,7902500,0.0,0.0
2022-07-15 00:00:00-04:00,1.746142608754673,1.8380447626113892,1.7107956265020898,1.8380447626113892,7695100,0.0,0.0
2022-07-18 00:00:00-04:00,1.8663225169611621,1.908738895664262,1.8168365732598393,1.8380447626113892,6779700,0.0,0.0
2022-07-19 00:00:00-04:00,1.8451144178429688,1.9087391633688253,1.8239062255169267,1.880461573600769,5463000,0.0,0.0
2022-07-20 00:00:00-04:00,1.8521838152849828,1.8875309710427832,1.8239062255169267,1.880461573600769,3155900,0.0,0.0
2022-07-21 00:00:00-04:00,1.8592534290643814,1.8733922243118286,1.8168368747743056,1.8733922243118286,3359100,0.0,0.0
2022-07-22 00:00:00-04:00,1.9582248737994552,1.9652942709827568,1.8380449531356073,1.8451143503189087,3206000,0.0,0.0
2022-07-25 00:00:00-04:00,1.9087390422612924,1.9370166302351648,1.8804614542874203,1.9158084392547607,3553700,0.0,0.0
2022-07-26 00:00:00-04:00,1.9158083917256172,1.9228777885437012,1.8592532171809457,1.9228777885437012,6171200,0.0,0.0
2022-07-27 00:00:00-04:00,1.9370166757983387,2.014780044555664,1.908739087159311,2.014780044555664,6670800,0.0,0.0
2022-07-28 00:00:00-04:00,2.0713354600299185,2.0996130496197773,2.000641317507542,2.0501272678375244,4500300,0.0,0.0
2022-07-29 00:00:00-04:00,2.0359885209846538,2.0501273161125138,2.0077107621812007,2.043057918548584,4388000,0.0,0.0
2022-08-01 00:00:00-04:00,1.9723637104034424,2.021849491746271,1.9440861210646834,1.9723637104034424,4945000,0.0,0.0
2022-08-02 00:00:00-04:00,1.944086168591954,1.9865025536370502,1.908739181054374,1.965294361114502,3953200,0.0,0.0
2022-08-03 00:00:00-04:00,1.972363446978725,1.972363446978725,1.9087388794640807,1.9582246541976929,3068700,0.0,0.0
2022-08-04 00:00:00-04:00,1.9370166056414082,2.071335315359614,1.9228778118339884,2.0359883308410645,5008700,0.0,0.0
2022-08-05 00:00:00-04:00,2.014780017934762,2.156168127809489,2.0006412238020617,2.0996129512786865,3777600,0.0,0.0
2022-08-08 00:00:00-04:00,2.120821094709539,2.1632374761522777,2.106682300895293,2.142029285430908,4987600,0.0,0.0
2022-08-09 00:00:00-04:00,2.1278906805341613,2.156168270673183,2.085474295325629,2.1490988731384277,4960800,0.0,0.0
2022-08-10 00:00:00-04:00,2.20565359697227,2.2410007458789405,2.1561678244697084,2.2268619537353516,6476200,0.0,0.0
2022-08-11 00:00:00-04:00,2.2410008436405615,2.339972392963229,2.2410008436405615,2.248070240020752,5283100,0.0,0.0
2022-08-12 00:00:00-04:00,2.2975565412944627,2.339972929297671,2.2692789492923238,2.3116953372955322,4679400,0.0,0.0
2022-08-15 00:00:00-04:00,2.25513953802253,2.2622089340943243,2.191514804828681,2.2268619537353516,5381300,0.0,0.0
2022-08-16 00:00:00-04:00,2.233931447260371,2.276347825541514,2.177376107671142,2.248070240020752,4270900,0.0,0.0
2022-08-17 00:00:00-04:00,2.149098839942509,2.2763481621502897,2.1420294425169506,2.2692787647247314,5619100,0.0,0.0
2022-08-18 00:00:00-04:00,2.2339317600587245,2.2551399521688977,2.177376412550534,2.1915152072906494,3333000,0.0,0.0
2022-08-19 00:00:00-04:00,2.142029285430908,2.1490986823380314,2.0996129039881697,2.142029285430908,3193000,0.0,0.0
2022-08-22 00:00:00-04:00,2.0784047605513147,2.0784047605513147,2.028918812527911,2.0642659664154053,4006200,0.0,0.0
2022-08-23 00:00:00-04:00,2.1066825418539743,2.290487051010132,2.1066825418539743,2.290487051010132,4717800,0.0,0.0
2022-08-24 00:00:00-04:00,2.248070240020752,2.311694807442467,2.2127232581197993,2.248070240020752,5883600,0.0,0.0
2022-08-25 00:00:00-04:00,2.248070240020752,2.276347825541514,2.2127232581197993,2.248070240020752,3676400,0.0,0.0
2022-08-26 00:00:00-04:00,2.2127233728590503,2.2339315630993584,2.099612856363029,2.1137516498565674,4706800,0.0,0.0
2022-08-29 00:00:00-04:00,2.0854741095141187,2.134959887848324,2.0713353157043457,2.0713353157043457,2557600,0.0,0.0
2022-08-30 00:00:00-04:00,2.071335492274974,2.071335492274974,1.9652943611145022,1.965294361114502,3228300,0.0,0.0
2022-08-31 00:00:00-04:00,1.9652941445856178,1.9652941445856178,1.901669574027895,1.9087389707565308,3153900,0.0,0.0
2022-09-01 00:00:00-04:00,1.8804615505241182,1.887530947879378,1.8026980110685324,1.8663227558135986,4773900,0.0,0.0
2022-09-02 00:00:00-04:00,1.8875309966767433,1.92287798436685,1.8380450453628618,1.8592534065246582,3529500,0.0,0.0
2022-09-06 00:00:00-04:00,1.866322711502676,1.8804615058775072,1.8026979682682118,1.8097673654556274,4188300,0.0,0.0
2022-09-07 00:00:00-04:00,1.7956286819031348,1.8733922243118286,1.7390735009133462,1.8733922243118286,2882100,0.0,0.0
2022-09-08 00:00:00-04:00,1.8309753635092225,1.8521835528300583,1.767350795546715,1.802697777748108,5862000,0.0,0.0
2022-09-09 00:00:00-04:00,1.8592531959481282,1.9865023372204442,1.8592531959481282,1.9794329404830933,5419500,0.0,0.0
2022-09-12 00:00:00-04:00,2.0218497579363084,2.0289191562017317,1.9794333683437686,1.986502766609192,2957300,0.0,0.0
2022-09-13 00:00:00-04:00,1.937016802925341,1.9794331886676824,1.8733922243118286,1.8733922243118286,3221400,0.0,0.0
2022-09-14 00:00:00-04:00,1.8804615058775072,1.8875309030649228,1.7885591738933806,1.8097673654556274,3677300,0.0,0.0
2022-09-15 00:00:00-04:00,1.8026980904681582,1.8309756811346807,1.7673511021350052,1.7744204998016357,4850000,0.0,0.0
2022-09-16 00:00:00-04:00,1.7532120469769352,1.78855903007169,1.7178650638821806,1.7602814435958862,5330000,0.0,0.0
2022-09-19 00:00:00-04:00,1.7602816724446275,1.9087391892908072,1.7532122749066064,1.8592534065246582,7202200,0.0,0.0
2022-09-20 00:00:00-04:00,1.8168367859646368,1.8309755805209587,1.7885591968519927,1.8239061832427979,2788200,0.0,0.0
2022-09-21 00:00:00-04:00,1.7885591024717709,1.7956284993768878,1.724934530325718,1.732003927230835,5250400,0.0,0.0
2022-09-22 00:00:00-04:00,1.7885590335268036,1.8380448099550561,1.767350843628981,1.8309754133224487,5191700,0.0,0.0
2022-09-23 00:00:00-04:00,1.7532120469769352,1.7602814435958862,1.7037262706442788,1.7602814435958862,6311100,0.0,0.0
2022-09-26 00:00:00-04:00,1.7037263902469206,1.7390733758230554,1.6118240592012478,1.6259628534317017,7016200,0.0,0.0
2022-09-27 00:00:00-04:00,1.654240344025236,1.6825180993609112,1.5906157737523197,1.6047545671463013,5365600,0.0,0.0
2022-09-28 00:00:00-04:00,1.6047547322329556,1.6471711167784195,1.5976853348087117,1.6330323219299316,4037700,0.0,0.0
2022-09-29 00:00:00-04:00,1.59768545627594,1.604754854237649,1.5552690685056854,1.59768545627594,4019900,0.0,0.0
2022-09-30 00:00:00-04:00,1.583546512988275,1.7107958330050073,1.5764771156844415,1.6825182437896729,4997500,0.0,0.0
2022-10-03 00:00:00-04:00,1.7602814016557062,1.8451141590619058,1.746142608754673,1.8380447626113892,3660500,0.0,0.0
2022-10-04 00:00:00-04:00,1.8875308044532815,1.9299471853617851,1.8663226139990297,1.9228777885437012,4894800,0.0,0.0
2022-10-05 00:00:00-04:00,1.944086168591954,1.9865025536370502,1.8875309885318259,1.965294361114502,4497500,0.0,0.0
2022-10-06 00:00:00-04:00,1.9582246541976929,1.9935716361502729,1.9299470686356288,1.9582246541976929,3184100,0.0,0.0
2022-10-07 00:00:00-04:00,1.9511552327101072,2.0077104031067847,1.9370164401109378,1.9440858364105225,4740200,0.0,0.0
2022-10-10 00:00:00-04:00,1.9794329630883727,1.9794329630883727,1.9158083917256172,1.9228777885437012,3455800,0.0,0.0
2022-10-11 00:00:00-04:00,1.887530947879378,1.9016697425898976,1.8380449978448314,1.8663227558135986,3552100,0.0,0.0
2022-10-12 00:00:00-04:00,1.8451145401159357,1.8592535044846619,1.7956287547424887,1.8521839380264282,2629200,0.0,0.0
2022-10-13 00:00:00-04:00,1.8026980795268583,1.9087392124304465,1.7814898866556876,1.8733922243118286,4298900,0.0,0.0
2022-10-14 00:00:00-04:00,1.8451143286464005,1.8451143286464005,1.7178651808416294,1.7249345779418945,3912600,0.0,0.0
2022-10-17 00:00:00-04:00,1.732003927230835,1.76735091175642,1.717865133420601,1.732003927230835,3790100,0.0,0.0
2022-10-18 00:00:00-04:00,1.7814897298812866,1.8168367148893043,1.7390733478716653,1.7814897298812866,3322800,0.0,0.0
2022-10-19 00:00:00-04:00,1.7673510566817483,1.774420454166566,1.717865274288024,1.746142864227295,2498600,0.0,0.0
2022-10-20 00:00:00-04:00,1.7532120503637663,1.9087389448288419,1.7532120503637663,1.8309754133224487,5057900,0.0,0.0
2022-10-21 00:00:00-04:00,1.8168366677247267,1.937016582179869,1.795628477270475,1.9228777885437012,3582100,0.0,0.0
2022-10-24 00:00:00-04:00,1.8663226624482485,1.8804614564514557,1.7532121418748725,1.7814897298812866,5263800,0.0,0.0
2022-10-25 00:00:00-04:00,1.7532120469769352,1.8309754097853956,1.7461426503579844,1.7602814435958862,5358000,0.0,0.0
2022-10-26 00:00:00-04:00,1.7107959460985536,1.8168369126659818,1.7107959460985536,1.753212332725525,4839200,0.0,0.0
2022-10-27 00:00:00-04:00,1.7461428391534923,1.8026980182199281,1.724934647003579,1.7673510313034058,3577500,0.0,0.0
2022-10-28 00:00:00-04:00,1.6825180774481647,1.6895874740530852,1.5906157530364888,1.6613097190856934,5752200,0.0,0.0
2022-10-31 00:00:00-04:00,1.6401015527535356,1.7390732751871865,1.6401015527535356,1.7037262916564941,3899000,0.0,0.0
2022-11-01 00:00:00-04:00,1.7178652936674923,1.8451144498297265,1.6825183058446493,1.7956286668777466,6345100,0.0,0.0
2022-11-02 00:00:00-04:00,1.8026978455424327,1.8026978455424327,1.7037262916564941,1.7037262916564941,5264100,0.0,0.0
2022-11-03 00:00:00-04:00,1.7178652936674923,1.8239062571360207,1.7107958961029237,1.7956286668777466,3713000,0.0,0.0
2022-11-04 00:00:00-04:00,1.929947043811353,2.0077104031067847,1.9016694586130143,1.9440858364105225,7306100,0.0,0.0
2022-11-07 00:00:00-05:00,1.9158083414614493,1.9228777380940567,1.8168366200572337,1.8309754133224487,3736400,0.0,0.0
2022-11-08 00:00:00-05:00,1.8380448574263795,1.9228777877563665,1.7956284765352435,1.88753080368042,5304500,0.0,0.0
2022-11-09 00:00:00-05:00,1.8663227558135986,1.9511555240767164,1.8380449978448314,1.8663227558135986,4006400,0.0,0.0
2022-11-10 00:00:00-05:00,1.8097674156032326,1.8380450051364505,1.7320040443868834,1.7673510313034058,5917900,0.0,0.0
2022-11-11 00:00:00-05:00,1.8875308276295801,2.0854741095141187,1.8875308276295801,2.0713353157043457,10074400,0.0,0.0
2022-11-14 00:00:00-05:00,2.0077105746785073,2.064265918455904,1.9794329870636678,2.0359883308410645,7001200,0.0,0.0
2022-11-15 00:00:00-05:00,2.0854741091670337,2.106682299878164,2.0359883308410645,2.0359883308410645,2730800,0.0,0.0
2022-11-16 00:00:00-05:00,2.0006411306951457,2.0359882829296136,1.9299471633216372,1.9794329404830933,4877500,0.0,0.0
2022-11-17 00:00:00-05:00,1.9016699036446076,1.9440862913684613,1.8451145514650604,1.9299474954605103,4092400,0.0,0.0
2022-11-18 00:00:00-05:00,1.9511555716077271,1.9511555716077271,1.8804615963329927,1.8946003913879395,3324600,0.0,0.0
2022-11-21 00:00:00-05:00,1.852183906799296,1.9016698598861694,1.795628724468856,1.9016698598861694,2887900,0.0,0.0
2022-11-22 00:00:00-05:00,1.937016844749451,1.986502629184014,1.9158086514203523,1.9370168447494507,3122400,0.0,0.0
2022-11-23 00:00:00-05:00,1.887530666013845,1.9511552327101072,1.8804612697142602,1.9440858364105225,2728300,0.0,0.0
2022-11-25 00:00:00-05:00,2.0289188872516712,2.0430578504560306,1.97943310595346,2.0077106952667236,2589500,0.0,0.0
2022-11-28 00:00:00-05:00,1.9228777885437012,1.9652941694522048,1.8946002012713654,1.9228777885437012,4807400,0.0,0.0
2022-11-29 00:00:00-05:00,2.0147801102504306,2.113751842261864,2.0147801102504306,2.0854742527008057,6809800,0.0,0.0
2022-11-30 00:00:00-05:00,2.10668262614634,2.1632378101348877,2.085474432150634,2.1632378101348877,4914700,0.0,0.0
2022-12-01 00:00:00-05:00,2.1365308903523617,2.174683191944908,2.1136395093968336,2.15179181098938,2780400,0.225,0.0
2022-12-02 00:00:00-05:00,2.1365310283858103,2.205205357613715,2.1365310283858103,2.1746833324432373,4178800,0.0,0.0
2022-12-05 00:00:00-05:00,2.197574972413314,2.197574972413314,2.121270179748535,2.121270179748535,2342800,0.0,0.0
2022-12-06 00:00:00-05:00,2.1594224108202664,2.205205357613715,2.128900567574325,2.1746833324432373,1860600,0.0,0.0
2022-12-07 00:00:00-05:00,2.159422370632012,2.1670528313014894,2.106009145945669,2.1289005279541016,1928900,0.0,0.0
2022-12-08 00:00:00-05:00,2.1594220975111966,2.1899439363287456,2.083117500467324,2.0983784198760986,2094800,0.0,0.0
2022-12-09 00:00:00-05:00,2.1517918250821246,2.235727071059969,2.1441613647136415,2.167052745819092,4559600,0.0,0.0
2022-12-12 00:00:00-05:00,2.083117500467324,2.0983784198760986,2.022073822832226,2.0983784198760986,4056100,0.0,0.0
2022-12-13 00:00:00-05:00,2.1365310218018623,2.151791943377805,2.0220741099822925,2.0297045707702637,3273700,0.0,0.0
2022-12-14 00:00:00-05:00,2.0220742707271055,2.10600934606721,1.983921781829781,2.083117961883545,6771100,0.0,0.0
2022-12-15 00:00:00-05:00,2.1212701002259196,2.159422404165776,2.0220741099822925,2.0297045707702637,6495800,0.0,0.0
2022-12-16 00:00:00-05:00,2.029704728560051,2.0678570354658783,1.9915522397296743,1.9991827011108398,6792300,0.0,0.0
2022-12-19 00:00:00-05:00,1.9915518610993552,2.0068129628848217,1.938138641586024,1.9762909412384033,3492800,0.0,0.0
2022-12-20 00:00:00-05:00,2.0602261213541624,2.1517916378068094,2.0602261213541624,2.0983784198760986,3995200,0.0,0.0
2022-12-21 00:00:00-05:00,2.106009145945669,2.1289005279541016,2.0907482246067137,2.1289005279541016,2770600,0.0,0.0
2022-12-22 00:00:00-05:00,2.106009257600488,2.121270179748535,2.0602264911563464,2.121270179748535,2262300,0.0,0.0
2022-12-23 00:00:00-05:00,2.0907479601717114,2.113639339284873,2.044965201945388,2.0983784198760986,2117500,0.0,0.0
2022-12-27 00:00:00-05:00,2.06785659614546,2.136530733985986,2.06785659614546,2.1136393547058105,2242300,0.0,0.0
2022-12-28 00:00:00-05:00,2.1975751140886053,2.2052055756545563,2.12890077807049,2.1441617012023926,2090600,0.0,0.0
2022-12-29 00:00:00-05:00,2.1517919099625344,2.174683291970967,2.1136396066151466,2.1289005279541016,1764300,0.0,0.0
2022-12-30 00:00:00-05:00,2.1365308471572084,2.1670526878141723,2.0754871658432803,2.106009006500244,1558500,0.0,0.0
2023-01-03 00:00:00-05:00,2.1136397826643916,2.1517920891895606,2.044965630919087,2.052596092224121,1986200,0.0,0.0
2023-01-04 00:00:00-05:00,2.0754872078042874,2.15179181098938,2.0602262871672687,2.15179181098938,2405600,0.0,0.0
2023-01-05 00:00:00-05:00,2.175524943738049,2.3495669618706447,2.1597029592362613,2.341655969619751,4101000,0.1,0.0
2023-01-06 00:00:00-05:00,2.4998760749517346,2.507787067429531,2.436587946516428,2.4682319164276123,4717300,0.0,0.0
2023-01-09 00:00:00-05:00,2.4286769793139396,2.491965108407887,2.3970330090734357,2.4603209495544434,3210100,0.0,0.0
2023-01-10 00:00:00-05:00,2.515697893526765,2.6343627728455727,2.507786901572178,2.6106297969818115,3788700,0.0,0.0
2023-01-11 00:00:00-05:00,2.6185407889363987,2.6343627728455727,2.5789858291634626,2.6106297969818115,3995000,0.0,0.0
2023-01-12 00:00:00-05:00,2.5789857071255144,2.6660066145081323,2.5789857071255144,2.6501846313476562,3038700,0.0,0.0
2023-01-13 00:00:00-05:00,2.6343629105250277,2.658095887629144,2.610629933420912,2.6422739028930664,1938700,0.0,0.0
2023-01-17 00:00:00-05:00,2.6343627476126055,2.6501847313702305,2.571074812582105,2.6185407638549805,2010700,0.0,0.0
2023-01-18 00:00:00-05:00,2.6976507694420016,2.7292947357629536,2.6501846313476562,2.6501846313476562,3058500,0.0,0.0
2023-01-19 00:00:00-05:00,2.6660066145081323,2.6897397778617633,2.6027186818662282,2.6501846313476562,1491500,0.0,0.0
2023-01-20 00:00:00-05:00,2.721384048461914,2.7451170258562234,2.705562063532375,2.721384048461914,2215100,0.0,0.0
2023-01-23 00:00:00-05:00,2.7451169237839763,2.800493868978272,2.737205931613363,2.75302791595459,3223900,0.0,0.0
2023-01-24 00:00:00-05:00,2.729294964594387,2.745116949081421,2.6897400033768024,2.745116949081421,2551000,0.0,0.0
2023-01-25 00:00:00-05:00,2.713473113923468,2.7925830402599776,2.7055621212898173,2.776761054992676,3980000,0.0,0.0
2023-01-26 00:00:00-05:00,2.8084048811117617,2.911247968673706,2.7925828966580677,2.911247968673706,3589600,0.0,0.0
2023-01-27 00:00:00-05:00,2.879603990249536,2.8954259746509403,2.8163158640309875,2.8242268562316895,2704700,0.0,0.0
2023-01-30 00:00:00-05:00,2.8558710399112215,2.879604206911951,2.8242270687275095,2.8321380615234375,2758200,0.0,0.0
2023-01-31 00:00:00-05:00,2.8796039997663176,2.919158960900553,2.855870834472844,2.911247968673706,2490000,0.0,0.0
2023-02-01 00:00:00-05:00,2.8637818266996913,2.9270699531274,2.8084048811117617,2.911247968673706,2792300,0.0,0.0
2023-02-02 00:00:00-05:00,2.8796039529126114,2.8875149450107394,2.737205906533374,2.760938882827759,3687900,0.0,0.0
2023-02-03 00:00:00-05:00,2.7846719102990054,2.808404887029556,2.72138397235087,2.745116949081421,2356600,0.0,0.0
2023-02-06 00:00:00-05:00,2.6343628599905538,2.6739180096849036,2.602718891125419,2.6580958366394043,4252300,0.0,0.0
2023-02-07 00:00:00-05:00,2.6660068799971826,2.705562030450311,2.6185409257889507,2.6422739028930664,2332300,0.0,0.0
2023-02-08 00:00:00-05:00,2.6343629105250277,2.6818290533461955,2.594807948684835,2.6422739028930664,1490500,0.0,0.0
2023-02-09 00:00:00-05:00,2.64227389368006,2.6501848860205146,2.563163970275512,2.571074962615967,1885500,0.0,0.0
2023-02-10 00:00:00-05:00,2.6027191206084836,2.610630113522283,2.5473421702118846,2.586897134780884,2135000,0.0,0.0
2023-02-13 00:00:00-05:00,2.5473418858928856,2.6185408141702875,2.5315199018312406,2.6027188301086426,958200,0.0,0.0
2023-02-14 00:00:00-05:00,2.6264517307281494,2.681828861965533,2.5948077635141718,2.6264517307281494,2211900,0.0,0.0
2023-02-15 00:00:00-05:00,2.618541007343926,2.713473107330004,2.5868970368862136,2.705562114715576,2205700,0.0,0.0
2023-02-16 00:00:00-05:00,2.753027966841935,2.7609389591587763,2.689740028307203,2.737205982208252,2386200,0.0,0.0
2023-02-17 00:00:00-05:00,2.7372061639916554,2.7372061639916554,2.6660070397986693,2.6818292140960693,1647000,0.0,0.0
2023-02-21 00:00:00-05:00,2.6739180609781568,2.7213840151863886,2.6422739028930664,2.6422739028930664,1051300,0.0,0.0
2023-02-22 00:00:00-05:00,2.650184607247931,2.7213837194355337,2.6185406412147367,2.673917770385742,2700200,0.0,0.0
2023-02-23 00:00:00-05:00,2.745117051746268,2.7688500293644105,2.6343629675819984,2.713473081588745,2126200,0.0,0.0
2023-02-24 00:00:00-05:00,2.6106299763566567,2.634362953851097,2.5236090588770415,2.555253028869629,2944500,0.0,0.0
2023-02-27 00:00:00-05:00,2.555253188926678,2.61854113287611,2.547342195932999,2.578986167907715,3152000,0.0,0.0
2023-02-28 00:00:00-05:00,2.5948079654190277,2.6185409426762,2.5552530033237404,2.563163995742798,3905300,0.0,0.0
2023-03-01 00:00:00-05:00,2.6818289618464766,2.784671859122143,2.6818289618464766,2.760938882827759,6044100,0.0,0.0
2023-03-02 00:00:00-05:00,2.729294964594387,2.7609389335684544,2.7134729801073534,2.745116949081421,2795900,0.0,0.0
2023-03-03 00:00:00-05:00,2.7767609531117827,2.8637818688890975,2.7688499607683905,2.8084049224853516,3614100,0.0,0.0
2023-03-06 00:00:00-05:00,2.72138378521698,2.745116760315551,2.658095663007872,2.729294776916504,3170400,0.0,0.0
2023-03-07 00:00:00-05:00,2.7688498899595637,2.792582866382808,2.6422738270893285,2.6660068035125732,3033400,0.0,0.0
2023-03-08 00:00:00-05:00,2.7134728564989787,2.8163157509798373,2.7055618646158357,2.7846717834472656,3433000,0.0,0.0
2023-03-09 00:00:00-05:00,2.705562047898769,2.7292950251559414,2.547342010904683,2.563163995742798,4524500,0.0,0.0
2023-03-10 00:00:00-05:00,2.5315199827659307,2.5710749441846463,2.4128549098968506,2.4128549098968506,5914100,0.0,0.0
2023-03-13 00:00:00-04:00,2.4444988278795927,2.507786953438139,2.4128548594067842,2.4286768436431885,4663800,0.0,0.0
2023-03-14 00:00:00-04:00,2.4524096793842056,2.4682316627134258,2.365388771073493,2.3970327377319336,4837100,0.0,0.0
2023-03-15 00:00:00-04:00,2.278368370714917,2.310012344428242,2.1676142741053193,2.2229912281036377,8478900,0.0,0.0
2023-03-16 00:00:00-04:00,2.2388128227542903,2.310011939749228,2.2150798466269537,2.2704567909240723,6645600,0.0,0.0
2023-03-17 00:00:00-04:00,2.278368206251274,2.2862791991085514,2.1676141176364423,2.1992580890655518,4170700,0.0,0.0
2023-03-20 00:00:00-04:00,2.215079860044904,2.238812836316004,2.17552489959307,2.1913468837738037,3980100,0.0,0.0
2023-03-21 00:00:00-04:00,2.2071689449866327,2.2071689449866327,2.1517919984213627,2.167613983154297,4324100,0.0,0.0
2023-03-22 00:00:00-04:00,2.1517919984213627,2.230901922086034,2.128059021321961,2.167613983154297,3037800,0.0,0.0
2023-03-23 00:00:00-04:00,2.1755249927232665,2.1992579700103314,2.056859917675004,2.0885040760040283,3839200,0.0,0.0
2023-03-24 00:00:00-04:00,2.0726820612550116,2.1201482080769445,2.0489490821505214,2.1122372150421143,3217500,0.0,0.0
2023-03-27 00:00:00-04:00,2.1359700898861096,2.1517920751834705,2.1043261192913874,2.14388108253479,2409500,0.0,0.0
2023-03-28 00:00:00-04:00,2.1676139918476447,2.254634908227786,2.1676139918476447,2.2388129234313965,2732500,0.0,0.0
2023-03-29 00:00:00-04:00,2.2783679460545234,2.294189929962158,2.2546347815801453,2.294189929962158,1892500,0.0,0.0
2023-03-30 00:00:00-04:00,2.3653888821902176,2.4365878105163574,2.3416559060815048,2.4365878105163574,2892500,0.0,0.0
2023-03-31 00:00:00-04:00,2.4682318042341986,2.499875961319937,2.3970328751703804,2.4286768436431885,3125600,0.0,0.0
2023-04-03 00:00:00-04:00,2.373299862235526,2.381210854231794,2.3179229182616496,2.365388870239258,2459800,0.0,0.0
2023-04-04 00:00:00-04:00,2.3732999644311814,2.3812109567681015,2.3100120257358228,2.333745002746582,3762300,0.0,0.0
2023-04-05 00:00:00-04:00,2.2941898554906075,2.317922830581665,2.262545700089611,2.317922830581665,4473700,0.0,0.0
2023-04-06 00:00:00-04:00,2.3258341133147162,2.333745106001653,2.2783681571930963,2.3021011352539062,1959700,0.0,0.0
2023-04-10 00:00:00-04:00,2.3258338127504414,2.404943729396544,2.3258338127504414,2.3970327377319336,2648600,0.0,0.0
2023-04-11 00:00:00-04:00,2.4998762127290854,2.626452099349883,2.4998762127290854,2.586897134780884,5938900,0.0,0.0
2023-04-12 00:00:00-04:00,2.6185407889363987,2.650184756754747,2.58689682111805,2.6106297969818115,3646900,0.0,0.0
2023-04-13 00:00:00-04:00,2.5789860323073697,2.6106300026182794,2.5236090842632777,2.54734206199646,3798900,0.0,0.0
2023-04-14 00:00:00-04:00,2.3653888451999023,2.412854796675049,2.3495668613748535,2.3732998371124268,4919000,0.0,0.0
2023-04-17 00:00:00-04:00,2.412855012889874,2.412855012889874,2.3495670719184756,2.381211042404175,4175900,0.0,0.0
2023-04-18 00:00:00-04:00,2.3891217460673233,2.4207657127257645,2.373299762738103,2.3970327377319336,1870400,0.0,0.0
2023-04-19 00:00:00-04:00,2.310011913869793,2.3179229058236106,2.262545773533963,2.294189929962158,3205300,0.0,0.0
2023-04-20 00:00:00-04:00,2.2783679460545234,2.3258338977774278,2.27045676548778,2.294189929962158,3127000,0.0,0.0
2023-04-21 00:00:00-04:00,2.278367933319452,2.278367933319452,2.199257825610543,2.2071688175201416,1520200,0.0,0.0
2023-04-24 00:00:00-04:00,2.2150802346753062,2.246724208388631,2.1992582478186438,2.2229912281036377,2519900,0.0,0.0
2023-04-25 00:00:00-04:00,2.175525053129512,2.175525053129512,2.112237111940068,2.14388108253479,5004800,0.0,0.0
2023-04-26 00:00:00-04:00,2.1676138701399044,2.183435854047917,2.128058910369873,2.128058910369873,1901600,0.0,0.0
2023-04-27 00:00:00-04:00,2.1438808822433537,2.2229908013393382,2.1438808822433537,2.2071688175201416,3129200,0.0,0.0
2023-04-28 00:00:00-04:00,2.1755249349870156,2.2546348571777344,2.159702950548872,2.2546348571777344,2877800,0.0,0.0
2023-05-01 00:00:00-04:00,2.238812836316004,2.262545812587104,2.1913468837738037,2.1913468837738037,814000,0.0,0.0
2023-05-02 00:00:00-04:00,2.167614166285925,2.167614166285925,2.0726820612550116,2.1122372150421143,3797700,0.0,0.0
2023-05-03 00:00:00-04:00,2.1043261192913874,2.1834360457781927,2.088504133994026,2.14388108253479,4626400,0.0,0.0
2023-05-04 00:00:00-04:00,2.0726817910726916,2.1043259477000222,2.0173048470474857,2.0331268310546875,3218600,0.0,0.0
2023-05-05 00:00:00-04:00,2.0885039388761646,2.2229908013393382,2.0647707745344444,2.2071688175201416,5669100,0.0,0.0
2023-05-08 00:00:00-04:00,2.2309022215319687,2.254635201816962,2.207169241246975,2.2229912281036377,2944400,0.0,0.0
2023-05-09 00:00:00-04:00,2.1992579116442315,2.2862790146669543,2.1913469194251594,2.2546348571777344,1932000,0.0,0.0
2023-05-10 00:00:00-04:00,2.3359612073508282,2.3359612073508282,2.2494440033613645,2.30135440826416,3581000,0.244,0.0
2023-05-11 00:00:00-04:00,2.23214054107666,2.266747339190595,2.1975337429627255,2.23214054107666,3835800,0.0,0.0
2023-05-12 00:00:00-04:00,2.2494439401336277,2.266747339190595,2.2234888415481766,2.23214054107666,4756200,0.0,0.0
2023-05-15 00:00:00-04:00,2.284051074970584,2.318657875061035,2.258095768629946,2.318657875061035,3055900,0.0,0.0
2023-05-16 00:00:00-04:00,2.318657385271045,2.344612479856165,2.2061851024627686,2.2061851024627686,3527200,0.0,0.0
2023-05-17 00:00:00-04:00,2.28405094025157,2.370567935374711,2.28405094025157,2.3446128368377686,4534800,0.0,0.0
2023-05-18 00:00:00-04:00,2.327309166516973,2.344612563524531,2.2927023725018567,2.335960865020752,2225800,0.0,0.0
2023-05-19 00:00:00-04:00,2.3359610693012662,2.370567866342758,2.3186576707805204,2.3273093700408936,2676700,0.0,0.0
2023-05-22 00:00:00-04:00,2.3273094378131405,2.3619162358623966,2.318657738300826,2.3446128368377686,1920800,0.0,0.0
2023-05-23 00:00:00-04:00,2.318657532682389,2.335960930172553,2.2927024364471436,2.2927024364471436,1745900,0.0,0.0
2023-05-24 00:00:00-04:00,2.266747339190595,2.275399244991866,2.214837142019693,2.23214054107666,2976600,0.0,0.0
2023-05-25 00:00:00-04:00,2.1888819759563938,2.214837073741713,2.1369717803857555,2.1542751789093018,4159100,0.0,0.0
2023-05-26 00:00:00-04:00,2.1975336757520356,2.24079217207141,2.1802302772242856,2.214837074279785,4106300,0.0,0.0
2023-05-30 00:00:00-04:00,2.145623479096116,2.145623479096116,2.0764098850197192,2.0937132835388184,3656300,0.0,0.0
2023-05-31 00:00:00-04:00,2.0937132492582755,2.10236494837617,2.04180284827813,2.085061550140381,3655900,0.0,0.0
2023-06-01 00:00:00-04:00,2.111016649014363,2.1802302420073656,2.093713250766112,2.1456234455108643,5359200,0.0,0.0
2023-06-02 00:00:00-04:00,2.2580956030198793,2.292702606845032,2.240792204243695,2.2753992080688477,7530200,0.0,0.0
2023-06-05 00:00:00-04:00,2.3100059032440186,2.3359610002579902,2.266747201947957,2.3100059032440186,5286300,0.0,0.0
2023-06-06 00:00:00-04:00,2.301354405310697,2.3792197031557714,2.2927027055501332,2.3619163036346436,3352200,0.0,0.0
2023-06-07 00:00:00-04:00,2.327309231427471,2.3532643276627163,2.27539903895698,2.2927024364471436,3825000,0.0,0.0
2023-06-08 00:00:00-04:00,2.3013540710056355,2.344612563524531,2.2927023725018567,2.335960865020752,1962600,0.0,0.0
2023-06-09 00:00:00-04:00,2.3359609342969123,2.4051745243797704,2.3359609342969123,2.353264331817627,3381000,0.0,0.0
2023-06-12 00:00:00-04:00,2.2580956030198793,2.28405090745694,2.2148371060794187,2.2753992080688477,5179700,0.0,0.0
2023-06-13 00:00:00-04:00,2.3186573209494,2.3359607168594683,2.249443531036377,2.249443531036377,4319600,0.0,0.0
2023-06-14 00:00:00-04:00,2.301354405310697,2.387871402916335,2.2927027055501332,2.3619163036346436,5861600,0.0,0.0
2023-06-15 00:00:00-04:00,2.3792197331849994,2.4311299324035645,2.3619163334454774,2.4311299324035645,3781900,0.0,0.0
2023-06-16 00:00:00-04:00,2.38787143305476,2.4570850320128472,2.3619163334454774,2.4311299324035645,4180200,0.0,0.0
2023-06-20 00:00:00-04:00,2.448433160247882,2.448433160247882,2.379219566149019,2.387871265411377,3520200,0.0,0.0
2023-06-21 00:00:00-04:00,2.387871265411377,2.4224780624608084,2.370567866886661,2.387871265411377,2556800,0.0,0.0
2023-06-22 00:00:00-04:00,2.405174802437463,2.405174802437463,2.344612904113516,2.3619163036346436,2709300,0.0,0.0
2023-06-23 00:00:00-04:00,2.3359609342969123,2.361916030577984,2.318657536776198,2.353264331817627,2551400,0.0,0.0
2023-06-26 00:00:00-04:00,2.3619158970518583,2.4224777849506154,2.3619158970518583,2.3792192935943604,2980100,0.0,0.0
2023-06-27 00:00:00-04:00,2.4224778559658655,2.4484329515404957,2.379219363341482,2.3965227603912354,3535400,0.0,0.0
2023-06-28 00:00:00-04:00,2.379219495281277,2.3965228932905913,2.3100059032440186,2.3100059032440186,3599100,0.0,0.0
2023-06-29 00:00:00-04:00,2.335960865020752,2.3532642620283104,2.318657468013194,2.335960865020752,1803900,0.0,0.0
2023-06-30 00:00:00-04:00,2.2927024347616154,2.310005832239058,2.197533542362912,2.2407920360565186,8406100,0.0,0.0
2023-07-03 00:00:00-04:00,2.249443937126822,2.3186577395349612,2.249443937126822,2.284050941467285,1565900,0.0,0.0
2023-07-05 00:00:00-04:00,2.23214054107666,2.2407922406051437,2.1975337429627255,2.23214054107666,3995800,0.0,0.0
2023-07-06 00:00:00-04:00,2.197533744307511,2.2407922419764015,2.162926946172399,2.1715786457061768,4774700,0.0,0.0
2023-07-07 00:00:00-04:00,2.2061853089153565,2.327309301253333,2.197533609910699,2.3100059032440186,6158000,0.0,0.0
2023-07-10 00:00:00-04:00,2.2494438713352847,2.2667472698630347,2.2061853750159104,2.214837074279785,5079500,0.0,0.0
2023-07-11 00:00:00-04:00,2.2148367392162402,2.258095228991411,2.197533343306172,2.249443531036377,2739700,0.0,0.0
2023-07-12 00:00:00-04:00,2.318657602248676,2.344612699262648,2.292702505234704,2.3100059032440186,3046900,0.0,0.0
2023-07-13 00:00:00-04:00,2.3705675953231093,2.3965226901368624,2.3532641987806073,2.3792192935943604,2659100,0.0,0.0
2023-07-14 00:00:00-04:00,2.387871126859056,2.387871126859056,2.34461263305727,2.353264331817627,2070000,0.0,0.0
2023-07-17 00:00:00-04:00,2.3273093035485535,2.370567798614502,2.284050808482605,2.370567798614502,1826000,0.0,0.0
2023-07-18 00:00:00-04:00,2.3359609342969123,2.387871126859056,2.327309235536555,2.353264331817627,2147100,0.0,0.0
2023-07-19 00:00:00-04:00,2.344612699262648,2.353264398267305,2.284050806230047,2.3100059032440186,1720900,0.0,0.0
2023-07-20 00:00:00-04:00,2.3446127685616394,2.3965229641238763,2.3186576707805204,2.3273093700408936,2300000,0.0,0.0
2023-07-21 00:00:00-04:00,2.327309166516973,2.361915960532089,2.3100057695094147,2.335960865020752,2211300,0.0,0.0
2023-07-24 00:00:00-04:00,2.335960971601332,2.4311296594850695,2.3186575738042885,2.422477960586548,2544500,0.0,0.0
2023-07-25 00:00:00-04:00,2.5349502217426294,2.5868604145030947,2.5262985229492188,2.5262985229492188,4309400,0.0,0.0
2023-07-26 00:00:00-04:00,2.5695569862311705,2.595512082301453,2.5262984927807,2.5782086849212646,4123700,0.0,0.0
2023-07-27 00:00:00-04:00,2.5436020574683176,2.569557155245817,2.5003435611724854,2.5003435611724854,3157300,0.0,0.0
2023-07-28 00:00:00-04:00,2.483040060599468,2.4916919664945536,2.457084961732582,2.474388360977173,1070900,0.0,0.0
2023-07-31 00:00:00-04:00,2.491691596366054,2.552253484725952,2.491691596366054,2.552253484725952,1016000,0.0,0.0
2023-08-01 00:00:00-04:00,2.5089952260553026,2.5349503234771853,2.4743882232200147,2.491691827774048,1717300,0.0,0.0
2023-08-02 00:00:00-04:00,2.4570848595102404,2.465736558772598,2.370567866886661,2.387871265411377,4355100,0.0,0.0
2023-08-03 00:00:00-04:00,2.3705680064374968,2.387871405980831,2.2753993089491593,2.30135440826416,4985200,0.0,0.0
2023-08-04 00:00:00-04:00,2.3273094390518803,2.3532645376026373,2.284050941467285,2.284050941467285,2548500,0.0,0.0
2023-08-07 00:00:00-04:00,2.2753993473803558,2.284051047298149,2.2494440413541796,2.2580957412719727,2191600,0.0,0.0
2023-08-08 00:00:00-04:00,2.2148369398403545,2.24944373479524,2.180230144885469,2.2407920360565186,2597500,0.0,0.0
2023-08-09 00:00:00-04:00,2.2407923113119477,2.2407923113119477,2.1888821125030518,2.1888821125030518,1801900,0.0,0.0
2023-08-10 00:00:00-04:00,2.2407923113119477,2.2494440111134306,2.1888821125030518,2.1888821125030518,2937800,0.0,0.0
2023-08-11 00:00:00-04:00,2.1888817692230984,2.206185166112391,2.154274975444514,2.16292667388916,3402900,0.0,0.0
2023-08-14 00:00:00-04:00,2.1629270163911802,2.1629270163911802,2.1196685173179155,2.1283202171325684,1616300,0.0,0.0
2023-08-15 00:00:00-04:00,2.1196683813174673,2.1283200805770166,2.0850615842792686,2.0937132835388184,1943600,0.0,0.0
2023-08-16 00:00:00-04:00,2.102364982798368,2.1283200805770166,2.0850615842792686,2.0937132835388184,2072800,0.0,0.0
2023-08-17 00:00:00-04:00,2.1196680682316114,2.13697146419491,2.0764095783233643,2.0764095783233643,2150500,0.0,0.0
2023-08-18 00:00:00-04:00,2.067758252638812,2.128320149414446,2.067758252638812,2.1110167503356934,1733100,0.0,0.0
2023-08-21 00:00:00-04:00,2.0850615842792686,2.1110166820579175,2.0677581857601695,2.0937132835388184,1187800,0.0,0.0
2023-08-22 00:00:00-04:00,2.1196685173179155,2.145623616761874,2.1110168175032626,2.1283202171325684,962000,0.0,0.0
2023-08-23 00:00:00-04:00,2.1283201480372864,2.1802303452399547,2.1110167489697305,2.1715786457061768,1330600,0.0,0.0
2023-08-24 00:00:00-04:00,2.102365016937256,2.128320115137372,2.093713317537217,2.102365016937256,1363500,0.0,0.0
2023-08-25 00:00:00-04:00,2.102364982798368,2.1110166820579175,2.0677581857601695,2.0937132835388184,1772800,0.0,0.0
2023-08-28 00:00:00-04:00,2.093713317537217,2.128320115137372,2.0764099187371396,2.102365016937256,2184200,0.0,0.0
2023-08-29 00:00:00-04:00,2.1023647847766367,2.1715783723338062,2.0937130863319906,2.16292667388916,1668000,0.0,0.0
2023-08-30 00:00:00-04:00,2.1715786457061768,2.197533744307511,2.154275246638621,2.1715786457061768,1842600,0.0,0.0
2023-08-31 00:00:00-04:00,2.1456235484931985,2.154275248032575,2.102365050796317,2.1110167503356934,1860100,0.0,0.0
2023-09-01 00:00:00-04:00,2.1715783723338062,2.197533467667745,2.1369715785552215,2.16292667388916,1484300,0.0,0.0
2023-09-05 00:00:00-04:00,2.154275110083153,2.171578508053879,2.128320013127064,2.1369717121124268,1759600,0.0,0.0
2023-09-06 00:00:00-04:00,2.1369717448477488,2.171578541319327,2.076409851022486,2.085061550140381,2060500,0.0,0.0
2023-09-07 00:00:00-04:00,2.0764096081332153,2.0764096081332153,2.0244992132253197,2.0331509113311768,1184900,0.0,0.0
2023-09-08 00:00:00-04:00,2.0504545824138423,2.0677581872179216,2.0331511838825445,2.0418028831481934,1218000,0.0,0.0
2023-09-11 00:00:00-04:00,2.102364847906671,2.1196682453155518,2.07640975179335,2.1196682453155518,1194600,0.0,0.0
2023-09-12 00:00:00-04:00,2.102364982798368,2.1283200805770166,2.0937132835388184,2.0937132835388184,1606400,0.0,0.0
2023-09-13 00:00:00-04:00,2.102364847906671,2.1369716427244323,2.102364847906671,2.1196682453155518,1048500,0.0,0.0
2023-09-14 00:00:00-04:00,2.1888817060726886,2.2234884988528485,2.1802300078776486,2.2061851024627686,2547000,0.0,0.0
2023-09-15 00:00:00-04:00,2.240791895242929,2.258095291633009,2.1975334042677286,2.2061851024627686,1862100,0.0,0.0
2023-09-18 00:00:00-04:00,2.19753360748291,2.2148370054731084,2.171578510497613,2.19753360748291,1314900,0.0,0.0
2023-09-19 00:00:00-04:00,2.188882044773733,2.206185443841289,2.162926946172399,2.1715786457061768,1849000,0.0,0.0
2023-09-20 00:00:00-04:00,2.206185236852206,2.214836935574263,2.180230140686035,2.180230140686035,3390800,0.0,0.0
2023-09-21 00:00:00-04:00,2.1110167163372946,2.128320115137372,2.093713317537217,2.102365016937256,2596800,0.0,0.0
2023-09-22 00:00:00-04:00,2.128320045729854,2.1456234439656434,2.085061550140381,2.085061550140381,2030100,0.0,0.0
2023-09-25 00:00:00-04:00,2.0591063845124773,2.067758083343506,2.033151081746621,2.067758083343506,2575100,0.0,0.0
2023-09-26 00:00:00-04:00,2.0418026797243676,2.08506137801555,2.0418026797243676,2.0504543781280518,2348600,0.0,0.0
2023-09-27 00:00:00-04:00,2.0591066268913862,2.0764100265902385,1.9985445216726074,2.01584792137146,2166200,0.0,0.0
2023-09-28 00:00:00-04:00,2.015847785351246,2.0677581872179216,2.015847785351246,2.0418028831481934,2894300,0.0,0.0
2023-09-29 00:00:00-04:00,2.085061481005563,2.093713179836591,2.0591063845124773,2.067758083343506,1583300,0.0,0.0
2023-10-02 00:00:00-04:00,2.0504545132730665,2.067758117493673,2.0071960184034863,2.0244994163513184,1954300,0.0,0.0
2023-10-03 00:00:00-04:00,1.9985444724982127,2.0244995714078633,1.9466342746789114,1.972589373588562,2517000,0.0,0.0
2023-10-04 00:00:00-04:00,1.9552856467370052,1.9639373449240947,1.9120271558015582,1.9206788539886475,2160400,0.0,0.0
2023-10-05 00:00:00-04:00,1.9033757107589486,1.9293308087721837,1.8774206127457136,1.8947240114212036,2181900,0.0,0.0
2023-10-06 00:00:00-04:00,1.8687687469636485,1.9206789383666698,1.851465349829308,1.9120272397994995,1935600,0.0,0.0
2023-10-09 00:00:00-04:00,1.8774206127457136,1.9033757107589486,1.8514655147324786,1.8947240114212036,2508600,0.0,0.0
2023-10-10 00:00:00-04:00,1.937982491460621,1.98124098777771,1.9293307921972032,1.98124098777771,1052200,0.0,0.0
2023-10-11 00:00:00-04:00,1.9898926363223937,1.9985443353652954,1.9639375391936884,1.9985443353652954,1206700,0.0,0.0
2023-10-12 00:00:00-04:00,1.9985445446045418,1.9985445446045418,1.920679245066255,1.9293309450149536,1233900,0.0,0.0
2023-10-13 00:00:00-04:00,1.955285906791687,1.9898927041427779,1.9466342074539142,1.955285906791687,1047300,0.0,0.0
2023-10-16 00:00:00-04:00,1.981240937279492,2.007196034408197,1.9639375391936884,1.9985443353652954,1407900,0.0,0.0
2023-10-17 00:00:00-04:00,1.929330875405811,1.9812410732251122,1.9206791757692607,1.972589373588562,1560200,0.0,0.0
2023-10-18 00:00:00-04:00,1.9552857326353508,1.9552857326353508,1.9033755412323294,1.9120272397994995,2674200,0.0,0.0
2023-10-19 00:00:00-04:00,1.886072227708939,1.9379824214131767,1.886072227708939,1.9033756256103516,2221300,0.0,0.0
2023-10-20 00:00:00-04:00,1.8601170605669486,1.8687687591907256,1.8255100597990745,1.8341617584228516,1593600,0.0,0.0
2023-10-23 00:00:00-04:00,1.8428137146318502,1.894723907819932,1.8341618094943983,1.8687688112258911,1779200,0.0,0.0
2023-10-24 00:00:00-04:00,1.9033755412323294,1.92933063693384,1.886072144097989,1.9120272397994995,1265300,0.0,0.0
2023-10-25 00:00:00-04:00,1.9120273755672765,1.92067907474878,1.8687688796597592,1.8860722780227661,1331000,0.0,0.0
2023-10-26 00:00:00-04:00,1.886072361809039,1.9466342587699454,1.886072361809039,1.9379825592041016,1030500,0.0,0.0
2023-10-27 00:00:00-04:00,1.9898927565991642,2.0071961557308517,1.9379825592041016,1.9379825592041016,2504600,0.0,0.0
2023-10-30 00:00:00-04:00,1.9812410570333205,2.0071961557308517,1.9379825592041016,1.9379825592041016,2216600,0.0,0.0
2023-10-31 00:00:00-04:00,1.9293307430220812,2.007196034408197,1.9293307430220812,1.9985443353652954,2005600,0.0,0.0
2023-11-01 00:00:00-04:00,2.0071959515575766,2.0591063499450684,2.0071959515575766,2.0591063499450684,2545000,0.0,0.0
2023-11-02 00:00:00-04:00,2.0764100182446508,2.145623616761874,2.0764100182446508,2.1283202171325684,912300,0.0,0.0
2023-11-03 00:00:00-04:00,2.1369715169024484,2.2234884988528485,2.1283198187074084,2.2061851024627686,2233000,0.0,0.0
2023-11-06 00:00:00-05:00,2.1975334042677286,2.2148368006578085,2.1888817060726886,2.2061851024627686,933300,0.0,0.0
2023-11-07 00:00:00-05:00,2.2234885692596436,2.23214026772864,2.2061851723216512,2.2234885692596436,1026000,0.0,0.0
2023-11-08 00:00:00-05:00,2.2148370054731084,2.2580955004486034,2.19753360748291,2.19753360748291,1028000,0.0,0.0
2023-11-09 00:00:00-05:00,2.214837038503867,2.240792135876243,2.1456234455108643,2.1456234455108643,1433700,0.0,0.0
2023-11-10 00:00:00-05:00,2.19753360748291,2.2148370054731084,2.171578510497613,2.19753360748291,1410200,0.0,0.0
2023-11-13 00:00:00-05:00,2.1975335381301493,2.206185236852206,2.171578441963978,2.180230140686035,1090900,0.0,0.0
2023-11-14 00:00:00-05:00,2.301354143114851,2.4138262271881104,2.301354143114851,2.4138262271881104,3532800,0.0,0.0
2023-11-15 00:00:00-05:00,2.405174732208252,2.483040027779721,2.405174732208252,2.405174732208252,1321400,0.0,0.0
2023-11-16 00:00:00-05:00,2.47438806094452,2.6041637458157516,2.4657363623712887,2.569556951522827,4443600,0.0,0.0
2023-11-17 00:00:00-05:00,2.569557054953691,2.6128155495611054,2.5522536571107253,2.5955121517181396,2874400,0.0,0.0
2023-11-20 00:00:00-05:00,2.777198013934739,2.8896700990470543,2.759894616225152,2.8810184001922607,5720500,0.0,0.0
2023-11-21 00:00:00-05:00,2.7945015768830217,2.863715171813965,2.777198178150286,2.863715171813965,2534600,0.0,0.0
2023-11-22 00:00:00-05:00,2.8927331422167075,2.938073743025535,2.865528781731411,2.9290056228637695,3035300,0.152,0.0
2023-11-24 00:00:00-05:00,2.8655287994874246,2.8836650399233354,2.829256102414563,2.8473925590515137,1883500,0.0,0.0
2023-11-27 00:00:00-05:00,2.9108694901292873,2.938073851620088,2.8655288876446194,2.9199376106262207,2981100,0.0,0.0
2023-11-28 00:00:00-05:00,2.9199375471520774,2.9924825095505505,2.9199375471520774,2.965278148651123,1849100,0.0,0.0
2023-11-29 00:00:00-05:00,2.983414389250741,3.019686870449978,2.956210028351314,2.965278148651123,2829900,0.0,0.0
2023-11-30 00:00:00-05:00,2.992482531912372,3.010618772647516,2.9562100504420834,2.9834144115448,3224400,0.0,0.0
2023-12-01 00:00:00-05:00,3.0378231175560715,3.182913258864816,3.02875499723684,3.1466407775878906,2678100,0.0,0.0
2023-12-04 00:00:00-05:00,3.083163998552764,3.1285046010783244,3.0740958780476517,3.1013002395629883,1925500,0.0,0.0
2023-12-05 00:00:00-05:00,3.09223201142161,3.1285044921794642,3.046891194273253,3.110368251800537,1970000,0.0,0.0
2023-12-06 00:00:00-05:00,3.2010494767320026,3.210117596986726,3.1103682741847667,3.128504514694214,2580200,0.0,0.0
2023-12-07 00:00:00-05:00,3.1466409522611114,3.1557090730837234,3.0468914070113255,3.0922322273254395,1870800,0.0,0.0
2023-12-08 00:00:00-05:00,3.0740958996130314,3.1375727435941183,3.0740958996130314,3.119436502456665,1598000,0.0,0.0
2023-12-11 00:00:00-05:00,3.0740958780476517,3.1103683600681,3.06502775754254,3.1013002395629883,925900,0.0,0.0
2023-12-12 00:00:00-05:00,3.1194365897932754,3.1194365897932754,3.0559595278339375,3.0922322273254395,976100,0.0,0.0
2023-12-13 00:00:00-05:00,3.110368256278755,3.228253818911509,3.055959318862598,3.2101175785064697,3752800,0.0,0.0
2023-12-14 00:00:00-05:00,3.1738450976963914,3.2191856987089893,3.1738450976963914,3.2101175785064697,2243000,0.0,0.0
2023-12-15 00:00:00-05:00,3.228253863637515,3.2917309221356374,3.2101176229812065,3.2463901042938232,2555000,0.0,0.0
2023-12-18 00:00:00-05:00,3.3280033437224907,3.3914801848803884,3.3280033437224907,3.3733439445495605,2429300,0.0,0.0
2023-12-19 00:00:00-05:00,3.436820722572123,3.464025082568613,3.4005482425768028,3.418684482574463,2417700,0.0,0.0
2023-12-20 00:00:00-05:00,3.4096164895534895,3.4368208505631,3.328003406524658,3.328003406524658,2642400,0.0,0.0
2023-12-21 00:00:00-05:00,3.454957160357747,3.5002977629475374,3.4368209193218306,3.482161521911621,2509100,0.0,0.0
2023-12-22 00:00:00-05:00,3.527502167772383,3.545638407919199,3.4821613512043053,3.5184340476989746,2288000,0.0,0.0
2023-12-26 00:00:00-05:00,3.5547064886980526,3.6091152085370553,3.5547064886980526,3.5819108486175537,1945100,0.0,0.0
2023-12-27 00:00:00-05:00,3.6000472638172027,3.654456202505912,3.6000472638172027,3.627251625061035,1454900,0.0,0.0
2023-12-28 00:00:00-05:00,3.6000473714520242,3.6363200703959992,3.590979250766293,3.6181836128234863,2556000,0.0,0.0
2023-12-29 00:00:00-05:00,3.618183305212539,3.618183305212539,3.536570225979546,3.563774585723877,1479100,0.0,0.0
2024-01-02 00:00:00-05:00,3.563774779991487,3.5909791412187753,3.5002977209267696,3.5275022983551025,2265000,0.0,0.0
2024-01-03 00:00:00-05:00,3.500297658206104,3.6181834376130424,3.500297658206104,3.572842836380005,2355800,0.0,0.0
2024-01-04 00:00:00-05:00,3.482161436158915,3.5365703741278205,3.4640251955696266,3.5093657970428467,2183600,0.0,0.0
2024-01-05 00:00:00-05:00,3.491229387494432,3.581910802253358,3.491229387494432,3.5456383228302,1586700,0.0,0.0
2024-01-08 00:00:00-05:00,3.491229515959044,3.5728428138652553,3.491229515959044,3.554706573486328,1367000,0.0,0.0
2024-01-09 00:00:00-05:00,3.473093354972908,3.473093354972908,3.346139669418335,3.346139669418335,2383100,0.0,0.0
2024-01-10 00:00:00-05:00,3.2645263891791516,3.2917309667332346,3.219185786924089,3.2826626300811768,2679700,0.0,0.0
2024-01-11 00:00:00-05:00,3.2917310755462257,3.309867317047771,3.2373221348405377,3.273594617843628,1993500,0.0,0.0
2024-01-12 00:00:00-05:00,3.3280033615937423,3.35520772223607,3.2645263038939367,3.2917308807373047,2590600,0.0,0.0
2024-01-16 00:00:00-05:00,3.1829132362225554,3.2010494767320026,3.1103682741847667,3.128504514694214,4149800,0.0,0.0
2024-01-17 00:00:00-05:00,3.0831639096388224,3.101300150126024,3.037823092219778,3.046891212463379,2344200,0.0,0.0
2024-01-18 00:00:00-05:00,3.0831639134205955,3.146640755203661,3.0468912162006605,3.128504514694214,3559900,0.0,0.0
2024-01-19 00:00:00-05:00,3.1103681897821787,3.173845029842744,3.0922319497648743,3.1557087898254395,1626000,0.0,0.0
2024-01-22 00:00:00-05:00,3.1013002395629883,3.1557089625936605,3.083163998552764,3.1013002395629883,1756500,0.0,0.0
2024-01-23 00:00:00-05:00,3.1466406698167875,3.182913149851396,3.137572549808135,3.1557087898254395,1539400,0.0,0.0
2024-01-24 00:00:00-05:00,3.309867162791946,3.3189352831201,3.237321983965669,3.2463901042938232,2155700,0.0,0.0
2024-01-25 00:00:00-05:00,3.255458376342083,3.2917310755462257,3.2282540140897655,3.273594617843628,3646000,0.0,0.0
2024-01-26 00:00:00-05:00,3.346139647197732,3.382412128543879,3.3189352861881214,3.328003406524658,2943100,0.0,0.0
2024-01-29 00:00:00-05:00,3.2917308807373047,3.2917308807373047,3.2191857028233897,3.2917308807373047,3497400,0.0,0.0
2024-01-30 00:00:00-05:00,3.2463901042938232,3.255458224621978,3.201049502653052,3.2463901042938232,2350400,0.0,0.0
2024-01-31 00:00:00-05:00,3.2282536873492305,3.273594286514045,3.201049327850342,3.201049327850342,3342800,0.0,0.0
2024-02-01 00:00:00-05:00,3.2101175785064697,3.2373219391140284,3.1738450976963914,3.2101175785064697,2311100,0.0,0.0
2024-02-02 00:00:00-05:00,3.1375727215834366,3.1375727215834366,3.083163998552764,3.1013002395629883,1790600,0.0,0.0
2024-02-05 00:00:00-05:00,3.092232033675319,3.146640755203661,3.0468912162006605,3.128504514694214,2763000,0.0,0.0
2024-02-06 00:00:00-05:00,3.182913283678178,3.300799064948243,3.182913283678178,3.2645263671875,3261200,0.0,0.0
2024-02-07 00:00:00-05:00,3.282662482304432,3.3552076588477866,3.2645262422188526,3.337071418762207,3471700,0.0,0.0
2024-02-08 00:00:00-05:00,3.300798909580361,3.300798909580361,3.228253733674605,3.2373218536376953,3144600,0.0,0.0
2024-02-09 00:00:00-05:00,3.2373219616658364,3.2645263224629057,3.146640759008938,3.2282538414001465,3314100,0.0,0.0
2024-02-12 00:00:00-05:00,3.2373219616658364,3.291730899461016,3.2101176008687666,3.2282538414001465,1118900,0.0,0.0
2024-02-13 00:00:00-05:00,3.137572765350342,3.201049609771583,3.065027800297494,3.137572765350342,2288600,0.0,0.0
2024-02-14 00:00:00-05:00,3.1919813381014306,3.228253818911509,3.1738450976963914,3.2101175785064697,2963600,0.0,0.0
2024-02-15 00:00:00-05:00,3.328003406524658,3.382412128543879,3.3189352861881214,3.328003406524658,3378500,0.0,0.0
2024-02-16 00:00:00-05:00,3.3914803804451497,3.4821615873282883,3.3914803804451497,3.4368209838867188,2725500,0.0,0.0
2024-02-20 00:00:00-05:00,3.3370714818078517,3.3461396020219607,3.2554581836798273,3.2917308807373047,3469800,0.0,0.0
2024-02-21 00:00:00-05:00,3.173845052719116,3.210117533015169,3.1466406924970767,3.173845052719116,2636600,0.0,0.0
2024-02-22 00:00:00-05:00,3.2191856298860047,3.2282537498946566,3.1557087898254395,3.1557087898254395,2576900,0.0,0.0
2024-02-23 00:00:00-05:00,3.2010494357514245,3.2101175558900557,3.1647769551968987,3.191981315612793,950300,0.0,0.0
2024-02-26 00:00:00-05:00,3.1466409522611114,3.1466409522611114,3.0468914070113255,3.0922322273254395,2598800,0.0,0.0
2024-02-27 00:00:00-05:00,3.137572657268659,3.173845138545585,3.1285045369494275,3.1466407775878906,1216100,0.0,0.0
2024-02-28 00:00:00-05:00,3.1194365897932754,3.1285047106158874,3.0831641065028275,3.0922322273254395,1588800,0.0,0.0
2024-02-29 00:00:00-05:00,3.0831638006712856,3.1013000405175024,3.0468911047778198,3.0559592247009277,957100,0.0,0.0
2024-03-01 00:00:00-05:00,3.0740958562285625,3.0922320971100605,3.028755037823772,3.0831639766693115,1777900,0.0,0.0
2024-03-04 00:00:00-05:00,3.055959201515871,3.065027537571212,3.019686722098631,3.037822961807251,1221300,0.0,0.0
2024-03-05 00:00:00-05:00,2.9834144335694437,3.028755035742025,2.9743463131349275,3.0015506744384766,2424500,0.0,0.0
2024-03-06 00:00:00-05:00,3.019686722098631,3.0740956574255223,2.9924823625357013,3.037822961807251,3128400,0.0,0.0
2024-03-07 00:00:00-05:00,3.0196866405621257,3.0196866405621257,2.8745967268108323,2.883664846420288,4825300,0.0,0.0
2024-03-08 00:00:00-05:00,2.883665022054942,2.9471418631873005,2.865528781731411,2.9290056228637695,4419800,0.0,0.0
2024-03-11 00:00:00-04:00,2.865528737015636,2.910869337116936,2.856460616995376,2.892733097076416,3131600,0.0,0.0
2024-03-12 00:00:00-04:00,2.9290057311231545,2.9471419721170213,2.8836651286384862,2.9199376106262207,3646400,0.0,0.0
2024-03-13 00:00:00-04:00,2.910869404832598,2.96527812621987,2.8927331643701737,2.9471418857574463,3865900,0.0,0.0
2024-03-14 00:00:00-04:00,2.9199374510633835,2.9199374510633835,2.7929835548427864,2.811119794845581,2522700,0.0,0.0
2024-03-15 00:00:00-04:00,2.765779234187824,2.792983594579057,2.7204386335357684,2.747642993927002,3429800,0.0,0.0
2024-03-18 00:00:00-04:00,2.783915412024828,2.8201878917331333,2.756711052243599,2.7929835319519043,2520300,0.0,0.0
2024-03-19 00:00:00-04:00,2.829256102414563,2.8927331601412907,2.829256102414563,2.8473925590515137,3357900,0.0,0.0
2024-03-20 00:00:00-04:00,2.847392688838117,2.9652782570448624,2.847392688838117,2.956210136413574,3889400,0.0,0.0
2024-03-21 00:00:00-04:00,2.9743462464510824,2.9834143666822945,2.910869404832598,2.9471418857574463,4012600,0.0,0.0
2024-03-22 00:00:00-04:00,2.8836650399233354,2.901801280359246,2.8473925590515137,2.8473925590515137,1251400,0.0,0.0
2024-03-25 00:00:00-04:00,2.8836649074014877,2.9018011470039284,2.8383243083953857,2.8383243083953857,2654000,0.0,0.0
2024-03-26 00:00:00-04:00,2.8292560116602097,2.8383243477883187,2.783915412024828,2.7929835319519043,2578200,0.0,0.0
2024-03-27 00:00:00-04:00,2.7929836215427413,2.8473925590515137,2.783915501324786,2.8473925590515137,3373700,0.0,0.0
2024-03-28 00:00:00-04:00,2.783915373387033,2.8383243083953857,2.783915373387033,2.8383243083953857,3089500,0.0,0.0
2024-04-01 00:00:00-04:00,2.8473924910522053,2.874596851056397,2.774847314839992,2.811119794845581,2918200,0.0,0.0
2024-04-02 00:00:00-04:00,2.7295069694519043,2.76577945284113,2.6932344860626785,2.7295069694519043,3146900,0.0,0.0
2024-04-03 00:00:00-04:00,2.6932342731445353,2.756711114057413,2.6932342731445353,2.747642993927002,3298400,0.0,0.0
2024-04-04 00:00:00-04:00,2.711370445049565,2.7839154042639374,2.6750979654423785,2.6932342052459717,5480600,0.0,0.0
2024-04-05 00:00:00-04:00,2.6932342906831366,2.7023024108726,2.647893689735819,2.666029930114746,2730000,0.0,0.0
2024-04-08 00:00:00-04:00,2.7385750249530916,2.7929837487386644,2.7295069043221627,2.7748475074768066,3719100,0.0,0.0
2024-04-09 00:00:00-04:00,2.765779343152469,2.7839155841278123,2.7204387407141093,2.738574981689453,3720300,0.0,0.0
2024-04-10 00:00:00-04:00,2.6297576661695183,2.6388257871066108,2.5481443615346286,2.5662806034088135,4011500,0.0,0.0
2024-04-11 00:00:00-04:00,2.566280473229782,2.5753485937068783,2.539076111798493,2.5572123527526855,2982800,0.0,0.0
2024-04-12 00:00:00-04:00,2.5662805822397172,2.620689523614513,2.5300080987905567,2.5481443405151367,3963500,0.0,0.0
2024-04-15 00:00:00-04:00,2.530007839202881,2.575348438862227,2.502803479407273,2.530007839202881,4008400,0.0,0.0
2024-04-16 00:00:00-04:00,2.421190415421967,2.457462895380178,2.3939860554533086,2.448394775390625,4608700,0.0,0.0
2024-04-17 00:00:00-04:00,2.530007792473043,2.539075912237422,2.4665309541223905,2.4937353134155273,3515500,0.0,0.0
2024-04-18 00:00:00-04:00,2.493735398505694,2.539075998874681,2.430258557989112,2.4665310382843018,3659900,0.0,0.0
2024-04-19 00:00:00-04:00,2.448394907027529,2.5572123527526855,2.448394907027529,2.5572123527526855,3327300,0.0,0.0
2024-04-22 00:00:00-04:00,2.5118716882491507,2.620689347484316,2.4937354477434637,2.602552890777588,4212600,0.0,0.0
2024-04-23 00:00:00-04:00,2.539076111798493,2.593484834661071,2.5118717503672037,2.5572123527526855,4330000,0.0,0.0
2024-04-24 00:00:00-04:00,2.5844166692001416,2.5844166692001416,2.5028035863268148,2.520939826965332,1659900,0.0,0.0
2024-04-25 00:00:00-04:00,2.4665311465184696,2.5028036284053368,2.457463026046753,2.457463026046753,2959100,0.0,0.0
2024-04-26 00:00:00-04:00,2.511871576309204,2.5481440557041193,2.5028034564604753,2.511871576309204,3258500,0.0,0.0
2024-04-29 00:00:00-04:00,2.5118717066460734,2.539076067603849,2.4937354660075566,2.520939826965332,2162600,0.0,0.0
2024-04-30 00:00:00-04:00,2.4483948835431937,2.4665311243234282,2.421190522372841,2.439326763153076,1767400,0.0,0.0
2024-05-01 00:00:00-04:00,2.4483948835431937,2.5028036058838983,2.421190522372841,2.439326763153076,1747100,0.0,0.0
2024-05-02 00:00:00-04:00,2.4937354438330313,2.5209398045489033,2.4755992033557837,2.5028035640716553,2476900,0.0,0.0
2024-05-03 00:00:00-04:00,2.557212482471721,2.5844168452829988,2.5481443615346286,2.5662806034088135,2539200,0.0,0.0
2024-05-06 00:00:00-04:00,2.566280473229782,2.593484834661071,2.5300079913213964,2.5572123527526855,1739600,0.0,0.0
2024-05-07 00:00:00-04:00,2.5481440557041193,2.566280295401577,2.511871576309204,2.511871576309204,1005100,0.0,0.0
2024-05-08 00:00:00-04:00,2.4665309541223905,2.4937353134155273,2.4574628343580116,2.4937353134155273,896500,0.0,0.0
2024-05-09 00:00:00-04:00,2.448394905575036,2.457463026046753,2.4211905441598858,2.457463026046753,1969100,0.0,0.0
2024-05-10 00:00:00-04:00,2.493735596471227,2.493735596471227,2.393986267740842,2.4302587509155273,1850500,0.0,0.0
2024-05-13 00:00:00-04:00,2.5118716843102793,2.539076045026151,2.4846673235944072,2.5028035640716553,2907700,0.0,0.0
2024-05-14 00:00:00-04:00,2.5028035185794915,2.5028035185794915,2.4030541977677196,2.4665310382843018,2143100,0.0,0.0
2024-05-15 00:00:00-04:00,2.439326871709199,2.44839499250287,2.3849181469471703,2.4302587509155273,2478300,0.0,0.0
2024-05-16 00:00:00-04:00,2.448394927284068,2.48466740949255,2.430258686179827,2.4755992889404297,1658600,0.0,0.0
2024-05-17 00:00:00-04:00,2.484667216763018,2.520939696157933,2.4665309770655606,2.511871576309204,1377000,0.0,0.0
2024-05-20 00:00:00-04:00,2.5118716843102793,2.5300079247875273,2.4755992033557837,2.5028035640716553,1650000,0.0,0.0
2024-05-21 00:00:00-04:00,2.548144079066619,2.5844165587940964,2.5209397192710115,2.530007839202881,2241300,0.0,0.0
2024-05-22 00:00:00-04:00,2.537640170522644,2.537640170522644,2.4517800219546877,2.470860004425049,2564100,0.138,0.0
2024-05-23 00:00:00-04:00,2.4803998391590443,2.4803998391590443,2.394539923459764,2.4040799140930176,1292500,0.0,0.0
2024-05-24 00:00:00-04:00,2.451779875040054,2.5090200464725445,2.451779875040054,2.4803998470306396,1230500,0.0,0.0
2024-05-28 00:00:00-04:00,2.4994798869495245,2.5185600961751713,2.442239941626556,2.461319923400879,1845400,0.0,0.0
2024-05-29 00:00:00-04:00,2.413619904726271,2.4231598953595244,2.394539923459764,2.4040799140930176,1269400,0.0,0.0
2024-05-30 00:00:00-04:00,2.4136199951171875,2.4422399680887756,2.404080004126658,2.4136199951171875,995100,0.0,0.0
2024-05-31 00:00:00-04:00,2.4136198714459294,2.42315986194764,2.3563799284356657,2.375459909439087,2366300,0.0,0.0
2024-06-03 00:00:00-04:00,2.337300120969858,2.3468401121798848,2.280060173709698,2.3182201385498047,3200100,0.0,0.0
2024-06-04 00:00:00-04:00,2.2609798908233643,2.2800601000785825,2.24189990901947,2.2609798908233643,1425500,0.0,0.0
2024-06-05 00:00:00-04:00,2.2514399583431,2.270520168093423,2.2323599760441075,2.2418999671936035,1211000,0.0,0.0
2024-06-06 00:00:00-04:00,2.2514398850409463,2.3277600392034232,2.2514398850409463,2.3086800575256348,2563700,0.0,0.0
2024-06-07 00:00:00-04:00,2.2705199844867785,2.280059974864819,2.2228198051452637,2.2228198051452637,1828900,0.0,0.0
2024-06-10 00:00:00-04:00,2.1846599894947025,2.213279962539673,2.1846599894947025,2.213279962539673,1466800,0.0,0.0
2024-06-11 00:00:00-04:00,2.1751199096394815,2.203739881515503,2.1560399283888008,2.203739881515503,1480700,0.0,0.0
2024-06-12 00:00:00-04:00,2.1942000360231115,2.1942000360231115,2.1083401147159373,2.11788010597229,3346100,0.0,0.0
2024-06-13 00:00:00-04:00,2.136960029602051,2.1465000205955334,2.09880006562812,2.136960029602051,1845200,0.0,0.0
2024-06-14 00:00:00-04:00,2.0988001536581273,2.156040102019839,2.0988001536581273,2.1465001106262207,1544400,0.0,0.0
2024-06-17 00:00:00-04:00,2.117880015798284,2.127420006648448,2.0988000340979562,2.10834002494812,1216700,0.0,0.0
2024-06-18 00:00:00-04:00,2.241899862602669,2.375459959915993,2.222819881193811,2.280060052871704,5281200,0.0,0.0
2024-06-20 00:00:00-04:00,2.2705202102661133,2.3277601582262673,2.251440000161394,2.2705202102661133,4479300,0.0,0.0
2024-06-21 00:00:00-04:00,2.251439776279385,2.260979766657426,2.2037398243891824,2.2228198051452637,1810800,0.0,0.0
2024-06-24 00:00:00-04:00,2.251440000161394,2.2705202102661133,2.2323600175080096,2.2705202102661133,898800,0.0,0.0
2024-06-25 00:00:00-04:00,2.2228200127166238,2.241899995254432,2.175120056372104,2.194200038909912,1623000,0.0,0.0
2024-06-26 00:00:00-04:00,2.165579976131822,2.194199948762702,2.146499994377902,2.184659957885742,1404300,0.0,0.0
2024-06-27 00:00:00-04:00,2.1941999805096923,2.2323599445696534,2.1846599894947025,2.213279962539673,1754400,0.0,0.0
2024-06-28 00:00:00-04:00,2.203740030178816,2.2228200127166238,2.184660047641008,2.194200038909912,1199100,0.0,0.0
2024-07-01 00:00:00-04:00,2.232360003985528,2.251439986523336,2.184660047641008,2.194200038909912,905600,0.0,0.0
2024-07-02 00:00:00-04:00,2.175120056372104,2.203740030178816,2.1465000825653924,2.194200038909912,2036100,0.0,0.0
2024-07-03 00:00:00-04:00,2.2514397967267414,2.308679966966147,2.2514397967267414,2.299139976501465,1055100,0.0,0.0
2024-07-05 00:00:00-04:00,2.289600043576133,2.299140034280562,2.2609798440115267,2.280060052871704,1003800,0.0,0.0
2024-07-08 00:00:00-04:00,2.2419000088347016,2.2705202102661133,2.2323600175080096,2.2705202102661133,941700,0.0,0.0
2024-07-09 00:00:00-04:00,2.2800599955721013,2.308679966966147,2.2705200051074192,2.299139976501465,753300,0.0,0.0
2024-07-10 00:00:00-04:00,2.3182200156894197,2.3277600063938486,2.270520062167275,2.280060052871704,1193200,0.0,0.0
2024-07-11 00:00:00-04:00,2.299139976501465,2.3277599478955104,2.289599986036783,2.299139976501465,1278700,0.0,0.0
2024-07-12 00:00:00-04:00,2.308680177859176,2.3468401432037354,2.2896001951868965,2.3468401432037354,1044900,0.0,0.0
2024-07-15 00:00:00-04:00,2.346839995075334,2.3659199765433185,2.327760013607349,2.356379985809326,910800,0.0,0.0
2024-07-16 00:00:00-04:00,2.365920094599938,2.365920094599938,2.280060173709698,2.3182201385498047,1096500,0.0,0.0
2024-07-17 00:00:00-04:00,2.289600043576133,2.3182200156894197,2.280060052871704,2.280060052871704,1272300,0.0,0.0
2024-07-18 00:00:00-04:00,2.251439954453101,2.260979945586114,2.1560400431229683,2.1655800342559814,1177200,0.0,0.0
2024-07-19 00:00:00-04:00,2.1751199015266707,2.1751199015266707,2.117879957988123,2.127419948577881,1751000,0.0,0.0
2024-07-22 00:00:00-04:00,2.1751200253889946,2.1846600165220083,2.1655800342559814,2.1655800342559814,802700,0.0,0.0
2024-07-23 00:00:00-04:00,2.1083400515163384,2.1083400515163384,2.0511001056940468,2.0606400966644287,1877900,0.0,0.0
2024-07-24 00:00:00-04:00,2.0511001215907663,2.0701801036794065,2.012939929962158,2.012939929962158,1401400,0.0,0.0
2024-07-25 00:00:00-04:00,2.012939782223611,2.041559980707336,1.984319811191197,2.022479772567749,2046100,0.0,0.0
2024-07-26 00:00:00-04:00,2.003399892095111,2.041560082831853,1.993859901273756,2.032020092010498,1459900,0.0,0.0
2024-07-29 00:00:00-04:00,2.032019990363198,2.032019990363198,1.993859801535335,2.022479772567749,795000,0.0,0.0
2024-07-30 00:00:00-04:00,1.9843198963694595,2.0033998778767566,1.9747799056158108,1.993859887123108,834100,0.0,0.0
2024-07-31 00:00:00-04:00,2.0129398395538334,2.032020048236841,2.0033998489379883,2.0033998489379883,1160900,0.0,0.0
2024-08-01 00:00:00-04:00,2.012939861378268,2.032020070268145,1.9079999634662077,1.9175399541854858,1277000,0.0,0.0
2024-08-02 00:00:00-04:00,1.9270800035850484,1.9270800035850484,1.8793800485361762,1.898460030555725,2443300,0.0,0.0
2024-08-05 00:00:00-04:00,1.812599997742092,1.9080000215654995,1.8030600067323175,1.898460030555725,2064900,0.0,0.0
2024-08-06 00:00:00-04:00,1.9175399832344056,1.9270799740982056,1.8793800197792052,1.9079999923706055,1218600,0.0,0.0
2024-08-07 00:00:00-04:00,1.9366199356240423,1.9461599263433207,1.9079999634662077,1.9175399541854858,943400,0.0,0.0
2024-08-08 00:00:00-04:00,1.9175399294871713,1.9747798730655783,1.8984599482943691,1.9652398824691772,1344600,0.0,0.0
2024-08-09 00:00:00-04:00,1.993859901273756,2.032020092010498,1.974779919631046,2.032020092010498,912100,0.0,0.0
2024-08-12 00:00:00-04:00,2.041560173034668,2.070180146763257,2.0129399718547463,2.041560173034668,1969500,0.0,0.0
2024-08-13 00:00:00-04:00,2.070180036614425,2.1655799439670766,2.0511000551438947,2.1560399532318115,2669200,0.0,0.0
2024-08-14 00:00:00-04:00,2.1178800424867203,2.127420033457102,2.0511001056940468,2.0606400966644287,1486800,0.0,0.0
2024-08-15 00:00:00-04:00,2.012939782223611,2.051099971051474,2.003399791879473,2.022479772567749,1420700,0.0,0.0
2024-08-16 00:00:00-04:00,2.0415600683426716,2.0415600683426716,1.9843198963694595,1.993859887123108,641100,0.0,0.0
2024-08-19 00:00:00-04:00,2.0224798246392264,2.146499929757397,2.0224798246392264,2.127419948577881,2231100,0.0,0.0
2024-08-20 00:00:00-04:00,2.0988001518447263,2.0988001518447263,2.0511001949178467,2.0701801776885986,1055100,0.0,0.0
2024-08-21 00:00:00-04:00,2.127419924453683,2.18465986734315,2.127419924453683,2.1751198768615723,1813900,0.0,0.0
2024-08-22 00:00:00-04:00,2.10834002494812,2.1369599974986118,2.0892600432477924,2.10834002494812,1196400,0.0,0.0
2024-08-23 00:00:00-04:00,2.089260018084955,2.1655799439670766,2.070180036614425,2.1560399532318115,1172900,0.0,0.0
2024-08-26 00:00:00-04:00,2.184659984569464,2.1941999755629467,2.136960029602051,2.136960029602051,1137700,0.0,0.0
2024-08-27 00:00:00-04:00,2.136960060856942,2.1846600165220083,2.136960060856942,2.1655800342559814,1313500,0.0,0.0
2024-08-28 00:00:00-04:00,2.089259977846369,2.0987999683978966,2.0129398259828326,2.051100015640259,1678900,0.0,0.0
2024-08-29 00:00:00-04:00,2.051100073653208,2.051100073653208,2.012939882916466,2.032020092010498,1650600,0.0,0.0
2024-08-30 00:00:00-04:00,2.003399892095111,2.041560082831853,1.993859901273756,2.032020092010498,2204300,0.0,0.0
2024-09-03 00:00:00-04:00,1.98431985945749,1.9938598500336773,1.917539925424179,1.9270799160003662,1481800,0.0,0.0
2024-09-04 00:00:00-04:00,1.9270799484439007,1.984319892864693,1.9270799484439007,1.9556999206542969,1542600,0.0,0.0
2024-09-05 00:00:00-04:00,1.9652399435226735,1.9938599162010047,1.9556999526298964,1.9843199253082275,1385200,0.0,0.0
2024-09-06 00:00:00-04:00,2.0033998489379883,2.0224798301696785,1.9843198677062983,2.0033998489379883,1540700,0.0,0.0
2024-09-09 00:00:00-04:00,2.0033998778767566,2.0224798593840534,1.9843198963694595,1.993859887123108,748000,0.0,0.0
2024-09-10 00:00:00-04:00,1.9747798688813027,1.98431985945749,1.8984599442718044,1.9270799160003662,1995300,0.0,0.0
2024-09-11 00:00:00-04:00,1.9461599333548654,1.993859887123108,1.9175399610939197,1.993859887123108,2262300,0.0,0.0
2024-09-12 00:00:00-04:00,1.9652399435226735,2.0129398979865587,1.9652399435226735,1.9843199253082275,1956900,0.0,0.0
2024-09-13 00:00:00-04:00,2.022479993310383,2.0988001518447263,2.022479993310383,2.0701801776885986,1860400,0.0,0.0
2024-09-16 00:00:00-04:00,2.070180029591289,2.0988000016999906,2.070180029591289,2.0797200202941895,698600,0.0,0.0
2024-09-17 00:00:00-04:00,2.0892600432477924,2.10834002494812,2.0701800615474646,2.10834002494812,1080600,0.0,0.0
2024-09-18 00:00:00-04:00,2.0797199630433854,2.1464998961253623,2.070179972603103,2.09879994392395,1749700,0.0,0.0
2024-09-19 00:00:00-04:00,2.1655799109369127,2.1655799109369127,2.127419948577881,2.127419948577881,899700,0.0,0.0
2024-09-20 00:00:00-04:00,2.098800043472877,2.098800043472877,1.9270799799515652,1.9843199253082275,3487000,0.0,0.0
2024-09-23 00:00:00-04:00,1.8984600044465532,1.9461599588394165,1.8698400318108352,1.9461599588394165,4999400,0.0,0.0
2024-09-24 00:00:00-04:00,2.051100023859817,2.146499929757397,2.041560033270059,2.127419948577881,3956400,0.0,0.0
2024-09-25 00:00:00-04:00,2.1465001106262207,2.1655800934134577,2.1178801364453648,2.1465001106262207,2421900,0.0,0.0
2024-09-26 00:00:00-04:00,2.2418998382951436,2.346839962357381,2.2228198570931585,2.3277599811553955,3648100,0.0,0.0
2024-09-27 00:00:00-04:00,2.3468401432037354,2.3850001085482946,2.3277601605314557,2.3468401432037354,6876500,0.0,0.0
2024-09-30 00:00:00-04:00,2.3563799785071353,2.375459959915993,2.23235987189824,2.280060052871704,2989800,0.0,0.0
2024-10-01 00:00:00-04:00,2.308679966966147,2.3182199574308284,2.2609797871914235,2.299139976501465,1932700,0.0,0.0
2024-10-02 00:00:00-04:00,2.3659199765433185,2.3849999580113037,2.346839995075334,2.356379985809326,1947800,0.0,0.0
2024-10-03 00:00:00-04:00,2.2609798908233643,2.2705201091766356,2.222819927215576,2.2609798908233643,1273900,0.0,0.0
2024-10-04 00:00:00-04:00,2.2228198051452637,2.2323597955233043,2.1941998340111417,2.2228198051452637,1220200,0.0,0.0
2024-10-07 00:00:00-04:00,2.2132799937451146,2.308680132691408,2.2132799937451146,2.2418999671936035,2249200,0.0,0.0
2024-10-08 00:00:00-04:00,2.127419948577881,2.146499929757397,2.098799976808607,2.127419948577881,1494200,0.0,0.0
2024-10-09 00:00:00-04:00,2.0797199630433854,2.117879924804515,2.0797199630433854,2.09879994392395,1420600,0.0,0.0
2024-10-10 00:00:00-04:00,2.0988001204918456,2.0988001204918456,2.032020181791805,2.041560173034668,1857500,0.0,0.0
2024-10-11 00:00:00-04:00,1.993859901273756,2.041560082831853,1.974779919631046,2.032020092010498,3071100,0.0,0.0
2024-10-14 00:00:00-04:00,2.0224798737378205,2.051100073653208,2.012939882916466,2.032020092010498,1741700,0.0,0.0
2024-10-15 00:00:00-04:00,1.984319954526597,2.003399936593097,1.9652399724600973,1.9747799634933472,1621700,0.0,0.0
2024-10-16 00:00:00-04:00,1.993859801535335,2.041559980707336,1.974779820847059,2.022479772567749,1670700,0.0,0.0
2024-10-17 00:00:00-04:00,1.993859887123108,2.0129398686304047,1.9747799056158108,1.993859887123108,1118200,0.0,0.0
2024-10-18 00:00:00-04:00,2.0320200440953027,2.0320200440953027,1.9556998918727762,1.9652398824691772,1469300,0.0,0.0
2024-10-21 00:00:00-04:00,1.9747799344154506,1.9938599162010047,1.9652399435226735,1.9843199253082275,1197200,0.0,0.0
2024-10-22 00:00:00-04:00,1.9652399113910957,1.9747799021278942,1.9366199391806995,1.9556999206542969,1245700,0.0,0.0
2024-10-23 00:00:00-04:00,1.9270800060027926,1.955699979068023,1.9080000239593058,1.9366199970245361,2023500,0.0,0.0
2024-10-24 00:00:00-04:00,1.9366199708443421,1.9938599162010047,1.917539989058788,1.9843199253082275,3146000,0.0,0.0
2024-10-25 00:00:00-04:00,1.993859887123108,2.032020077589023,1.9843198963694595,1.993859887123108,1932500,0.0,0.0
2024-10-28 00:00:00-04:00,2.003399892095111,2.051100073653208,2.003399892095111,2.032020092010498,4408000,0.0,0.0
2024-10-29 00:00:00-04:00,2.0320200440953027,2.0320200440953027,1.9556998918727762,1.9652398824691772,2210800,0.0,0.0
2024-10-30 00:00:00-04:00,1.9652399724600973,1.984319954526597,1.9461599903935975,1.9747799634933472,1281900,0.0,0.0
2024-10-31 00:00:00-04:00,1.9556999497179892,1.9747799314751346,1.9366199679608438,1.9461599588394165,949400,0.0,0.0
2024-11-01 00:00:00-04:00,1.9270799740982056,1.9461599558258058,1.8984600015068054,1.9079999923706055,3302400,0.0,0.0
2024-11-04 00:00:00-05:00,1.9652399435226735,2.003399907093782,1.9556999526298964,1.9843199253082275,1086600,0.0,0.0
2024-11-05 00:00:00-05:00,1.9843198543282503,2.070179996743314,1.9843198543282503,2.051100015640259,1959300,0.0,0.0
2024-11-06 00:00:00-05:00,1.974779820847059,2.032019990363198,1.9461598498146448,2.022479772567749,3261200,0.0,0.0
2024-11-07 00:00:00-05:00,2.070180029591289,2.108339992402891,2.051100048185488,2.0797200202941895,3067500,0.0,0.0
2024-11-08 00:00:00-05:00,1.9938599455598471,1.9938599455598471,1.908000026260598,1.9747799634933472,3787000,0.0,0.0
2024-11-11 00:00:00-05:00,1.9080000215654995,1.9080000215654995,1.8793800485361762,1.898460030555725,2846600,0.0,0.0
2024-11-12 00:00:00-05:00,1.860300064086914,1.8793800460815426,1.8316799773693075,1.860300064086914,2282900,0.0,0.0
2024-11-13 00:00:00-05:00,1.7935199703600102,1.8221399426654639,1.7362800257491027,1.7553600072860718,3488800,0.0,0.0
2024-11-14 00:00:00-05:00,1.7744400209985316,1.831679966647357,1.7649000300570608,1.7839800119400024,3255200,0.0,0.0
2024-11-15 00:00:00-05:00,1.8030599678121504,1.8507600355570504,1.774439995400607,1.8316799402236938,1615200,0.0,0.0
2024-11-18 00:00:00-05:00,1.850760047187805,1.9366199649620057,1.850760047187805,1.9079999923706055,2398100,0.0,0.0
2024-11-19 00:00:00-05:00,1.9079999348479917,1.946159897152741,1.8889199536956172,1.9270799160003662,2334000,0.0,0.0
2024-11-20 00:00:00-05:00,1.9270799740982056,1.9461599558258058,1.8984600015068054,1.9079999923706055,1036400,0.0,0.0
2024-11-21 00:00:00-05:00,1.8698400259017944,1.8889200075986436,1.8507600442049454,1.8698400259017944,2363800,0.0,0.0
2024-11-22 00:00:00-05:00,1.850760075506853,1.917540012575274,1.850760075506853,1.898460030555725,1804500,0.0,0.0
2024-11-25 00:00:00-05:00,1.9080000239593058,1.955699979068023,1.8984600329375623,1.9366199970245361,1253800,0.0,0.0
2024-11-26 00:00:00-05:00,1.9079999634662077,1.9366199356240423,1.8984599727469296,1.9175399541854858,1392100,0.0,0.0
2024-11-27 00:00:00-05:00,1.9175399832344056,1.955699946689606,1.8793800197792052,1.9079999923706055,1723200,0.0,0.0
2024-11-29 00:00:00-05:00,1.8200000524520874,1.8799999952316284,1.8200000524520874,1.8700000047683716,1674800,0.092,0.0
2024-12-02 00:00:00-05:00,1.840000033378601,1.8700000047683716,1.8200000524520874,1.8700000047683716,2112400,0.0,0.0
2024-12-03 00:00:00-05:00,1.9299999475479126,1.9600000381469727,1.8799999952316284,1.909999966621399,2570500,0.0,0.0
2024-12-04 00:00:00-05:00,1.909999966621399,1.9299999475479126,1.840000033378601,1.850000023841858,2329300,0.0,0.0
2024-12-05 00:00:00-05:00,1.8899999856948853,1.909999966621399,1.8600000143051147,1.8799999952316284,1638900,0.0,0.0
2024-12-06 00:00:00-05:00,1.8899999856948853,1.8899999856948853,1.8300000429153442,1.8300000429153442,2214800,0.0,0.0
2024-12-09 00:00:00-05:00,1.9199999570846558,1.9800000190734863,1.9199999570846558,1.9299999475479126,2251600,0.0,0.0
2024-12-10 00:00:00-05:00,1.940000057220459,1.9500000476837158,1.899999976158142,1.9299999475479126,2371100,0.0,0.0
2024-12-11 00:00:00-05:00,1.9199999570846558,1.9700000286102295,1.8700000047683716,1.940000057220459,3403100,0.0,0.0
2024-12-12 00:00:00-05:00,1.9299999475479126,1.9299999475479126,1.8200000524520874,1.8600000143051147,3513700,0.0,0.0
2024-12-13 00:00:00-05:00,1.8300000429153442,1.8300000429153442,1.7599999904632568,1.7599999904632568,3795300,0.0,0.0
2024-12-16 00:00:00-05:00,1.75,1.7699999809265137,1.7100000381469727,1.7100000381469727,2474600,0.0,0.0
2024-12-17 00:00:00-05:00,1.7100000381469727,1.7599999904632568,1.659999966621399,1.7200000286102295,5448200,0.0,0.0
2024-12-18 00:00:00-05:00,1.659999966621399,1.6699999570846558,1.5199999809265137,1.5399999618530273,6116100,0.0,0.0
2024-12-19 00:00:00-05:00,1.5499999523162842,1.559999942779541,1.5,1.5299999713897705,2459500,0.0,0.0
2024-12-20 00:00:00-05:00,1.559999942779541,1.600000023841858,1.5299999713897705,1.5399999618530273,3336400,0.0,0.0
2024-12-23 00:00:00-05:00,1.5099999904632568,1.5299999713897705,1.4500000476837158,1.4700000286102295,3891300,0.0,0.0
2024-12-24 00:00:00-05:00,1.4700000286102295,1.5199999809265137,1.4500000476837158,1.5,1105800,0.0,0.0
2024-12-26 00:00:00-05:00,1.4700000286102295,1.5199999809265137,1.4500000476837158,1.4700000286102295,2753500,0.0,0.0
2024-12-27 00:00:00-05:00,1.4299999475479126,1.4700000286102295,1.409999966621399,1.440000057220459,2123100,0.0,0.0
2024-12-30 00:00:00-05:00,1.440000057220459,1.4700000286102295,1.4199999570846558,1.4500000476837158,2409000,0.0,0.0
2024-12-31 00:00:00-05:00,1.4500000476837158,1.4600000381469727,1.4299999475479126,1.440000057220459,1087500,0.0,0.0
2025-01-02 00:00:00-05:00,1.399999976158142,1.4299999475479126,1.3799999952316284,1.4199999570846558,2558800,0.0,0.0
2025-01-03 00:00:00-05:00,1.3799999952316284,1.399999976158142,1.3700000047683716,1.3799999952316284,3527800,0.0,0.0
2025-01-06 00:00:00-05:00,1.4299999475479126,1.4700000286102295,1.4299999475479126,1.4500000476837158,1521900,0.0,0.0
2025-01-07 00:00:00-05:00,1.4700000286102295,1.4800000190734863,1.409999966621399,1.4299999475479126,2313300,0.0,0.0
2025-01-08 00:00:00-05:00,1.3700000047683716,1.3799999952316284,1.309999942779541,1.3300000429153442,4420500,0.0,0.0
2025-01-10 00:00:00-05:00,1.2899999618530273,1.3600000143051147,1.2699999809265137,1.3300000429153442,4008100,0.0,0.0
2025-01-13 00:00:00-05:00,1.2899999618530273,1.3600000143051147,1.2799999713897705,1.3300000429153442,2211500,0.0,0.0
2025-01-14 00:00:00-05:00,1.2999999523162842,1.3300000429153442,1.2899999618530273,1.2999999523162842,1547000,0.0,0.0
2025-01-15 00:00:00-05:00,1.3200000524520874,1.3899999856948853,1.2999999523162842,1.3700000047683716,2206700,0.0,0.0
2025-01-16 00:00:00-05:00,1.340000033378601,1.3700000047683716,1.3300000429153442,1.3700000047683716,2722900,0.0,0.0
2025-01-17 00:00:00-05:00,1.3799999952316284,1.4199999570846558,1.3600000143051147,1.399999976158142,1846500,0.0,0.0
2025-01-21 00:00:00-05:00,1.399999976158142,1.399999976158142,1.3600000143051147,1.3899999856948853,2272000,0.0,0.0
2025-01-22 00:00:00-05:00,1.3799999952316284,1.4199999570846558,1.3600000143051147,1.3700000047683716,2350500,0.0,0.0
2025-01-23 00:00:00-05:00,1.3700000047683716,1.399999976158142,1.350000023841858,1.3700000047683716,1331100,0.0,0.0
2025-01-24 00:00:00-05:00,1.4299999475479126,1.4800000190734863,1.4199999570846558,1.4700000286102295,2323600,0.0,0.0
2025-01-27 00:00:00-05:00,1.4900000095367432,1.5399999618530273,1.4800000190734863,1.5399999618530273,4304800,0.0,0.0
2025-01-28 00:00:00-05:00,1.5199999809265137,1.5499999523162842,1.5099999904632568,1.5299999713897705,2435100,0.0,0.0
2025-01-29 00:00:00-05:00,1.5299999713897705,1.559999942779541,1.5199999809265137,1.5399999618530273,1982500,0.0,0.0
2025-01-30 00:00:00-05:00,1.5800000429153442,1.649999976158142,1.5800000429153442,1.6100000143051147,4996400,0.0,0.0
2025-01-31 00:00:00-05:00,1.6200000047683716,1.6399999856948853,1.5700000524520874,1.5800000429153442,2373200,0.0,0.0
2025-02-03 00:00:00-05:00,1.5700000524520874,1.6100000143051147,1.559999942779541,1.590000033378601,1759600,0.0,0.0
2025-02-04 00:00:00-05:00,1.5700000524520874,1.6200000047683716,1.5700000524520874,1.600000023841858,1808000,0.0,0.0
2025-02-05 00:00:00-05:00,1.5700000524520874,1.590000033378601,1.559999942779541,1.559999942779541,1648500,0.0,0.0
2025-02-06 00:00:00-05:00,1.590000033378601,1.6299999952316284,1.5800000429153442,1.6200000047683716,1179600,0.0,0.0
2025-02-07 00:00:00-05:00,1.6200000047683716,1.6200000047683716,1.559999942779541,1.590000033378601,1095100,0.0,0.0
2025-02-10 00:00:00-05:00,1.5700000524520874,1.6100000143051147,1.5700000524520874,1.600000023841858,1955000,0.0,0.0
2025-02-11 00:00:00-05:00,1.6100000143051147,1.6299999952316284,1.5499999523162842,1.559999942779541,1973600,0.0,0.0
2025-02-12 00:00:00-05:00,1.4800000190734863,1.5,1.4500000476837158,1.4900000095367432,1933700,0.0,0.0
2025-02-13 00:00:00-05:00,1.4500000476837158,1.4900000095367432,1.4500000476837158,1.4700000286102295,995200,0.0,0.0
2025-02-14 00:00:00-05:00,1.5099999904632568,1.5700000524520874,1.5099999904632568,1.559999942779541,1642100,0.0,0.0
2025-02-18 00:00:00-05:00,1.590000033378601,1.6200000047683716,1.5800000429153442,1.590000033378601,1785700,0.0,0.0
2025-02-19 00:00:00-05:00,1.5700000524520874,1.590000033378601,1.5499999523162842,1.5499999523162842,965300,0.0,0.0
2025-02-20 00:00:00-05:00,1.5700000524520874,1.600000023841858,1.5499999523162842,1.559999942779541,1337600,0.0,0.0
2025-02-21 00:00:00-05:00,1.5700000524520874,1.590000033378601,1.5299999713897705,1.5299999713897705,1375100,0.0,0.0
2025-02-24 00:00:00-05:00,1.5299999713897705,1.5299999713897705,1.4800000190734863,1.5,2152800,0.0,0.0
2025-02-25 00:00:00-05:00,1.5099999904632568,1.5199999809265137,1.4800000190734863,1.5099999904632568,1556800,0.0,0.0
2025-02-26 00:00:00-05:00,1.5099999904632568,1.5399999618530273,1.5,1.5199999809265137,1898000,0.0,0.0
2025-02-27 00:00:00-05:00,1.5499999523162842,1.5700000524520874,1.5,1.5099999904632568,895900,0.0,0.0
2025-02-28 00:00:00-05:00,1.4800000190734863,1.5099999904632568,1.4299999475479126,1.4299999475479126,3070400,0.0,0.0
2025-03-03 00:00:00-05:00,1.4600000381469727,1.4900000095367432,1.399999976158142,1.399999976158142,1239900,0.0,0.0
2025-03-04 00:00:00-05:00,1.3799999952316284,1.4199999570846558,1.2699999809265137,1.3899999856948853,3042500,0.0,0.0
2025-03-05 00:00:00-05:00,1.409999966621399,1.5,1.409999966621399,1.4900000095367432,2026800,0.0,0.0
2025-03-06 00:00:00-05:00,1.5099999904632568,1.5499999523162842,1.5,1.5099999904632568,2410200,0.0,0.0
2025-03-07 00:00:00-05:00,1.5,1.5499999523162842,1.4900000095367432,1.5399999618530273,1790400,0.0,0.0
2025-03-10 00:00:00-04:00,1.5,1.5399999618530273,1.4800000190734863,1.4800000190734863,2490300,0.0,0.0
2025-03-11 00:00:00-04:00,1.5,1.5199999809265137,1.4500000476837158,1.4700000286102295,1687800,0.0,0.0
2025-03-12 00:00:00-04:00,1.4299999475479126,1.4700000286102295,1.4299999475479126,1.4600000381469727,1710300,0.0,0.0
2025-03-13 00:00:00-04:00,1.5700000524520874,1.6299999952316284,1.559999942779541,1.5800000429153442,3421800,0.0,0.0
2025-03-14 00:00:00-04:00,1.6699999570846558,1.7999999523162842,1.6699999570846558,1.7799999713897705,6600700,0.0,0.0
2025-03-17 00:00:00-04:00,1.7999999523162842,1.8200000524520874,1.7699999809265137,1.809999942779541,3339100,0.0,0.0
2025-03-18 00:00:00-04:00,1.7899999618530273,1.7999999523162842,1.7100000381469727,1.7400000095367432,2541700,0.0,0.0
2025-03-19 00:00:00-04:00,1.7400000095367432,1.8200000524520874,1.7400000095367432,1.7899999618530273,2940500,0.0,0.0
2025-03-20 00:00:00-04:00,1.7799999713897705,1.8300000429153442,1.7699999809265137,1.7899999618530273,1559200,0.0,0.0
2025-03-21 00:00:00-04:00,1.7799999713897705,1.7999999523162842,1.75,1.7699999809265137,1332800,0.0,0.0
2025-03-24 00:00:00-04:00,1.7899999618530273,1.8200000524520874,1.7100000381469727,1.7400000095367432,4453600,0.0,0.0
2025-03-25 00:00:00-04:00,1.7799999713897705,1.7999999523162842,1.7599999904632568,1.7599999904632568,1458200,0.0,0.0
2025-03-26 00:00:00-04:00,1.7599999904632568,1.7799999713897705,1.7400000095367432,1.7699999809265137,1334200,0.0,0.0
2025-03-27 00:00:00-04:00,1.75,1.7799999713897705,1.7400000095367432,1.7400000095367432,2047500,0.0,0.0
2025-03-28 00:00:00-04:00,1.7400000095367432,1.7400000095367432,1.6799999475479126,1.7100000381469727,2599100,0.0,0.0
2025-03-31 00:00:00-04:00,1.6799999475479126,1.6799999475479126,1.649999976158142,1.6699999570846558,2148700,0.0,0.0
2025-04-01 00:00:00-04:00,1.6799999475479126,1.7100000381469727,1.6699999570846558,1.6699999570846558,3364600,0.0,0.0
2025-04-02 00:00:00-04:00,1.649999976158142,1.659999966621399,1.600000023841858,1.600000023841858,3823300,0.0,0.0
2025-04-03 00:00:00-04:00,1.6200000047683716,1.6399999856948853,1.5700000524520874,1.5800000429153442,2071200,0.0,0.0
2025-04-04 00:00:00-04:00,1.4800000190734863,1.5,1.399999976158142,1.4500000476837158,2104800,0.0,0.0
2025-04-07 00:00:00-04:00,1.3799999952316284,1.4900000095367432,1.3799999952316284,1.4299999475479126,2262400,0.0,0.0
2025-04-08 00:00:00-04:00,1.4600000381469727,1.4700000286102295,1.309999942779541,1.309999942779541,3136400,0.0,0.0
2025-04-09 00:00:00-04:00,1.309999942779541,1.4700000286102295,1.2999999523162842,1.4600000381469727,2657500,0.0,0.0
2025-04-10 00:00:00-04:00,1.4199999570846558,1.440000057220459,1.3700000047683716,1.4299999475479126,2805200,0.0,0.0
2025-04-11 00:00:00-04:00,1.4299999475479126,1.5,1.4199999570846558,1.4900000095367432,1352300,0.0,0.0
2025-04-14 00:00:00-04:00,1.5099999904632568,1.559999942779541,1.5,1.5399999618530273,1570100,0.0,0.0
2025-04-15 00:00:00-04:00,1.5299999713897705,1.5499999523162842,1.4800000190734863,1.4800000190734863,1044400,0.0,0.0
2025-04-16 00:00:00-04:00,1.4600000381469727,1.4900000095367432,1.4600000381469727,1.4700000286102295,1289500,0.0,0.0
2025-04-17 00:00:00-04:00,1.4800000190734863,1.5299999713897705,1.4800000190734863,1.5199999809265137,1516600,0.0,0.0
2025-04-21 00:00:00-04:00,1.5299999713897705,1.5399999618530273,1.4800000190734863,1.5099999904632568,259100,0.0,0.0
2025-04-22 00:00:00-04:00,1.5099999904632568,1.5800000429153442,1.5,1.5700000524520874,1789500,0.0,0.0
2025-04-23 00:00:00-04:00,1.6299999952316284,1.6699999570846558,1.600000023841858,1.600000023841858,1403400,0.0,0.0
2025-04-24 00:00:00-04:00,1.649999976158142,1.6799999475479126,1.6299999952316284,1.6699999570846558,1160200,0.0,0.0
2025-04-25 00:00:00-04:00,1.649999976158142,1.7000000476837158,1.6399999856948853,1.6799999475479126,2831900,0.0,0.0
2025-04-28 00:00:00-04:00,1.6799999475479126,1.7300000190734863,1.6799999475479126,1.7000000476837158,3311000,0.0,0.0
2025-04-29 00:00:00-04:00,1.690000057220459,1.7400000095367432,1.6799999475479126,1.7200000286102295,2870900,0.0,0.0
2025-04-30 00:00:00-04:00,1.6699999570846558,1.7000000476837158,1.659999966621399,1.6799999475479126,3193200,0.0,0.0
2025-05-01 00:00:00-04:00,1.7000000476837158,1.7000000476837158,1.6200000047683716,1.6699999570846558,1379600,0.0,0.0
2025-05-02 00:00:00-04:00,1.7100000381469727,1.7200000286102295,1.649999976158142,1.7000000476837158,3127900,0.0,0.0
2025-05-05 00:00:00-04:00,1.7000000476837158,1.7100000381469727,1.659999966621399,1.659999966621399,2367400,0.0,0.0
2025-05-06 00:00:00-04:00,1.6799999475479126,1.7000000476837158,1.6399999856948853,1.6699999570846558,3122000,0.0,0.0
2025-05-07 00:00:00-04:00,1.659999966621399,1.6699999570846558,1.6299999952316284,1.6699999570846558,2513500,0.0,0.0
2025-05-08 00:00:00-04:00,1.7000000476837158,1.7400000095367432,1.7000000476837158,1.7200000286102295,2354400,0.0,0.0
2025-05-09 00:00:00-04:00,1.659999966621399,1.659999966621399,1.5399999618530273,1.5800000429153442,8369900,0.0,0.0
2025-05-12 00:00:00-04:00,1.649999976158142,1.7000000476837158,1.5700000524520874,1.6100000143051147,4307500,0.0,0.0
2025-05-13 00:00:00-04:00,1.6100000143051147,1.649999976158142,1.600000023841858,1.6399999856948853,3176200,0.0,0.0
2025-05-14 00:00:00-04:00,1.649999976158142,1.7200000286102295,1.649999976158142,1.6699999570846558,2758200,0.0,0.0
2025-05-15 00:00:00-04:00,1.6799999475479126,1.7000000476837158,1.6399999856948853,1.6699999570846558,3241300,0.0,0.0
2025-05-16 00:00:00-04:00,1.600000023841858,1.6299999952316284,1.5700000524520874,1.6299999952316284,6151000,0.0,0.0
2025-05-19 00:00:00-04:00,1.6100000143051147,1.659999966621399,1.600000023841858,1.6299999952316284,4585500,0.0,0.0
2025-05-20 00:00:00-04:00,1.6299999952316284,1.6699999570846558,1.6100000143051147,1.6200000047683716,6974300,0.0,0.0
2025-05-21 00:00:00-04:00,1.6299999952316284,1.6399999856948853,1.590000033378601,1.6100000143051147,2596800,0.0,0.0
2025-05-22 00:00:00-04:00,1.600000023841858,1.6299999952316284,1.5700000524520874,1.5700000524520874,4411400,0.0,0.0
2025-05-23 00:00:00-04:00,1.5399999618530273,1.600000023841858,1.5299999713897705,1.590000033378601,5036200,0.0,0.0
2025-05-27 00:00:00-04:00,1.590000033378601,1.6200000047683716,1.5800000429153442,1.6100000143051147,4288000,0.0,0.0
2025-05-28 00:00:00-04:00,1.5299999713897705,1.5499999523162842,1.5,1.5199999809265137,4057700,0.0,0.0
2025-05-29 00:00:00-04:00,1.559999942779541,1.5700000524520874,1.5399999618530273,1.5499999523162842,3316100,0.0,0.0
2025-05-30 00:00:00-04:00,1.5299999713897705,1.5399999618530273,1.4500000476837158,1.4500000476837158,7908400,0.0,0.0
2025-06-02 00:00:00-04:00,1.4700000286102295,1.4700000286102295,1.440000057220459,1.440000057220459,2490500,0.0,0.0
2025-06-03 00:00:00-04:00,1.4700000286102295,1.5,1.4500000476837158,1.4900000095367432,3480800,0.0,0.0
2025-06-04 00:00:00-04:00,1.5199999809265137,1.5299999713897705,1.4700000286102295,1.4800000190734863,2368500,0.0,0.0
2025-06-05 00:00:00-04:00,1.5,1.5299999713897705,1.4900000095367432,1.4900000095367432,1430300,0.0,0.0
2025-06-06 00:00:00-04:00,1.4900000095367432,1.5099999904632568,1.4700000286102295,1.4700000286102295,1080000,0.0,0.0
2025-06-09 00:00:00-04:00,1.4800000190734863,1.5199999809265137,1.4700000286102295,1.4800000190734863,2261200,0.0,0.0
2025-06-10 00:00:00-04:00,1.5,1.5700000524520874,1.5,1.559999942779541,6169800,0.0,0.0
2025-06-11 00:00:00-04:00,1.5499999523162842,1.5700000524520874,1.5199999809265137,1.5499999523162842,3323900,0.0,0.0
2025-06-12 00:00:00-04:00,1.5199999809265137,1.5399999618530273,1.5099999904632568,1.5099999904632568,3033700,0.0,0.0
2025-06-13 00:00:00-04:00,1.4800000190734863,1.5,1.4500000476837158,1.4500000476837158,2935000,0.0,0.0
2025-06-16 00:00:00-04:00,1.4800000190734863,1.559999942779541,1.4800000190734863,1.5499999523162842,3824800,0.0,0.0
2025-06-17 00:00:00-04:00,1.5299999713897705,1.5399999618530273,1.5,1.5099999904632568,3037900,0.0,0.0
2025-06-18 00:00:00-04:00,1.5099999904632568,1.5199999809265137,1.4900000095367432,1.4900000095367432,941700,0.0,0.0
2025-06-20 00:00:00-04:00,1.4800000190734863,1.4900000095367432,1.4299999475479126,1.4299999475479126,2008700,0.0,0.0
2025-06-23 00:00:00-04:00,1.4299999475479126,1.440000057220459,1.399999976158142,1.440000057220459,3112100,0.0,0.0
2025-06-24 00:00:00-04:00,1.4299999475479126,1.4500000476837158,1.3899999856948853,1.409999966621399,2569200,0.0,0.0
2025-06-25 00:00:00-04:00,1.3600000143051147,1.3899999856948853,1.309999942779541,1.3200000524520874,5654800,0.0,0.0
2025-06-26 00:00:00-04:00,1.3700000047683716,1.3899999856948853,1.350000023841858,1.3600000143051147,3237700,0.0,0.0
2025-06-27 00:00:00-04:00,1.3700000047683716,1.399999976158142,1.350000023841858,1.3899999856948853,3163800,0.0,0.0
2025-06-30 00:00:00-04:00,1.3799999952316284,1.409999966621399,1.3799999952316284,1.399999976158142,1227900,0.0,0.0
2025-07-01 00:00:00-04:00,1.3899999856948853,1.4199999570846558,1.3600000143051147,1.399999976158142,2692200,0.0,0.0
2025-07-02 00:00:00-04:00,1.440000057220459,1.5199999809265137,1.440000057220459,1.5099999904632568,6799000,0.0,0.0
2025-07-03 00:00:00-04:00,1.5,1.559999942779541,1.5,1.5499999523162842,2767700,0.0,0.0
2025-07-07 00:00:00-04:00,1.5399999618530273,1.5399999618530273,1.5,1.5199999809265137,2765300,0.0,0.0
2025-07-08 00:00:00-04:00,1.5199999809265137,1.559999942779541,1.5099999904632568,1.5199999809265137,5550700,0.0,0.0
2025-07-09 00:00:00-04:00,1.5199999809265137,1.5199999809265137,1.4700000286102295,1.4700000286102295,3206700,0.0,0.0
2025-07-10 00:00:00-04:00,1.5,1.559999942779541,1.5,1.5199999809265137,4621000,0.0,0.0
2025-07-11 00:00:00-04:00,1.5,1.5199999809265137,1.4800000190734863,1.5199999809265137,2060900,0.0,0.0
2025-07-14 00:00:00-04:00,1.5,1.5199999809265137,1.4700000286102295,1.4700000286102295,2053400,0.0,0.0
2025-07-15 00:00:00-04:00,1.5099999904632568,1.5199999809265137,1.440000057220459,1.4800000190734863,4162600,0.0,0.0
2025-07-16 00:00:00-04:00,1.4500000476837158,1.4600000381469727,1.4199999570846558,1.4600000381469727,3968700,0.0,0.0
2025-07-17 00:00:00-04:00,1.4500000476837158,1.4700000286102295,1.4299999475479126,1.440000057220459,1457000,0.0,0.0
2025-07-18 00:00:00-04:00,1.4500000476837158,1.4500000476837158,1.3899999856948853,1.409999966621399,2757400,0.0,0.0
2025-07-21 00:00:00-04:00,1.409999966621399,1.4700000286102295,1.409999966621399,1.4500000476837158,2504300,0.0,0.0
2025-07-22 00:00:00-04:00,1.5099999904632568,1.5700000524520874,1.4900000095367432,1.5700000524520874,5424400,0.0,0.0
2025-07-23 00:00:00-04:00,1.5499999523162842,1.6200000047683716,1.5499999523162842,1.6100000143051147,4372900,0.0,0.0
2025-07-24 00:00:00-04:00,1.590000033378601,1.600000023841858,1.559999942779541,1.5700000524520874,2826700,0.0,0.0
2025-07-25 00:00:00-04:00,1.5499999523162842,1.559999942779541,1.5099999904632568,1.5299999713897705,2144200,0.0,0.0
2025-07-28 00:00:00-04:00,1.5099999904632568,1.5099999904632568,1.440000057220459,1.440000057220459,3045600,0.0,0.0
2025-07-29 00:00:00-04:00,1.4600000381469727,1.4700000286102295,1.440000057220459,1.4600000381469727,4334300,0.0,0.0
2025-07-30 00:00:00-04:00,1.4500000476837158,1.4600000381469727,1.409999966621399,1.4299999475479126,2768000,0.0,0.0
2025-07-31 00:00:00-04:00,1.3799999952316284,1.4500000476837158,1.3700000047683716,1.4500000476837158,4917300,0.0,0.0
2025-08-01 00:00:00-04:00,1.440000057220459,1.4500000476837158,1.3799999952316284,1.3899999856948853,2260000,0.0,0.0
2025-08-04 00:00:00-04:00,1.409999966621399,1.4199999570846558,1.3700000047683716,1.3700000047683716,2252900,0.0,0.0
2025-08-05 00:00:00-04:00,1.3899999856948853,1.3899999856948853,1.3300000429153442,1.340000033378601,4138000,0.0,0.0
2025-08-06 00:00:00-04:00,1.3600000143051147,1.3799999952316284,1.309999942779541,1.309999942779541,2798300,0.0,0.0
2025-08-07 00:00:00-04:00,1.350000023841858,1.3700000047683716,1.3300000429153442,1.3700000047683716,2002700,0.0,0.0
2025-08-08 00:00:00-04:00,1.3700000047683716,1.409999966621399,1.3600000143051147,1.3799999952316284,1968400,0.0,0.0
2025-08-11 00:00:00-04:00,1.3799999952316284,1.3799999952316284,1.3600000143051147,1.3700000047683716,2229300,0.0,0.0
2025-08-12 00:00:00-04:00,1.3799999952316284,1.440000057220459,1.3700000047683716,1.4299999475479126,5480700,0.0,0.0
2025-08-13 00:00:00-04:00,1.409999966621399,1.440000057220459,1.3899999856948853,1.3899999856948853,1345600,0.0,0.0
2025-08-14 00:00:00-04:00,1.3200000524520874,1.340000033378601,1.2999999523162842,1.3200000524520874,6189200,0.0,0.0
2025-08-15 00:00:00-04:00,1.3200000524520874,1.3300000429153442,1.2599999904632568,1.2799999713897705,5020800,0.0,0.0
2025-08-18 00:00:00-04:00,1.309999942779541,1.340000033378601,1.2999999523162842,1.309999942779541,2914400,0.0,0.0
2025-08-19 00:00:00-04:00,1.2999999523162842,1.2999999523162842,1.2599999904632568,1.2699999809265137,3092800,0.0,0.0
2025-08-20 00:00:00-04:00,1.2799999713897705,1.2799999713897705,1.2400000095367432,1.25,3145100,0.0,0.0
2025-08-21 00:00:00-04:00,1.2599999904632568,1.2899999618530273,1.2400000095367432,1.2699999809265137,3882800,0.0,0.0
2025-08-22 00:00:00-04:00,1.2699999809265137,1.350000023841858,1.2699999809265137,1.3300000429153442,3924400,0.0,0.0
2025-08-25 00:00:00-04:00,1.340000033378601,1.3899999856948853,1.340000033378601,1.350000023841858,2219100,0.0,0.0
2025-08-26 00:00:00-04:00,1.3600000143051147,1.3700000047683716,1.3300000429153442,1.3600000143051147,1896600,0.0,0.0
2025-08-27 00:00:00-04:00,1.350000023841858,1.3899999856948853,1.3300000429153442,1.3899999856948853,1591500,0.0,0.0
2025-08-28 00:00:00-04:00,1.440000057220459,1.4700000286102295,1.4299999475479126,1.4500000476837158,2926800,0.0,0.0
2025-08-29 00:00:00-04:00,1.4500000476837158,1.4700000286102295,1.409999966621399,1.409999966621399,2470900,0.0,0.0
2025-09-02 00:00:00-04:00,1.3799999952316284,1.399999976158142,1.3600000143051147,1.399999976158142,1812500,0.0,0.0
2025-09-03 00:00:00-04:00,1.3899999856948853,1.3899999856948853,1.3600000143051147,1.3899999856948853,1018400,0.0,0.0
2025-09-04 00:00:00-04:00,1.409999966621399,1.440000057220459,1.3899999856948853,1.4299999475479126,1085200,0.0,0.0
2025-09-05 00:00:00-04:00,1.4500000476837158,1.4900000095367432,1.4299999475479126,1.4600000381469727,1919200,0.0,0.0
2025-09-08 00:00:00-04:00,1.4800000190734863,1.4900000095367432,1.4299999475479126,1.4600000381469727,1240900,0.0,0.0
2025-09-09 00:00:00-04:00,1.4900000095367432,1.5199999809265137,1.4500000476837158,1.4600000381469727,1323300,0.0,0.0
2025-09-10 00:00:00-04:00,1.4800000190734863,1.4800000190734863,1.440000057220459,1.4600000381469727,1076400,0.0,0.0
2025-09-11 00:00:00-04:00,1.4500000476837158,1.4800000190734863,1.440000057220459,1.4600000381469727,962800,0.0,0.0
2025-09-12 00:00:00-04:00,1.4500000476837158,1.4800000190734863,1.440000057220459,1.4800000190734863,785600,0.0,0.0
2025-09-15 00:00:00-04:00,1.4800000190734863,1.5,1.4700000286102295,1.5,996400,0.0,0.0
2025-09-16 00:00:00-04:00,1.5,1.5299999713897705,1.4800000190734863,1.5199999809265137,2478000,0.0,0.0
2025-09-17 00:00:00-04:00,1.5299999713897705,1.590000033378601,1.5299999713897705,1.5399999618530273,3686400,0.0,0.0
2025-09-18 00:00:00-04:00,1.5800000429153442,1.5800000429153442,1.4900000095367432,1.5,2288200,0.0,0.0
2025-09-19 00:00:00-04:00,1.5,1.5199999809265137,1.4700000286102295,1.5,2194300,0.0,0.0
2025-09-22 00:00:00-04:00,1.4800000190734863,1.5099999904632568,1.4600000381469727,1.5099999904632568,1384600,0.0,0.0
2025-09-23 00:00:00-04:00,1.5199999809265137,1.5499999523162842,1.5099999904632568,1.5099999904632568,1896600,0.0,0.0
2025-09-24 00:00:00-04:00,1.5199999809265137,1.5299999713897705,1.4900000095367432,1.5299999713897705,1596700,0.0,0.0
2025-09-25 00:00:00-04:00,1.5199999809265137,1.5499999523162842,1.4900000095367432,1.5099999904632568,2121500,0.0,0.0
2025-09-26 00:00:00-04:00,1.5099999904632568,1.5099999904632568,1.4800000190734863,1.5099999904632568,1472800,0.0,0.0
2025-09-29 00:00:00-04:00,1.5299999713897705,1.5800000429153442,1.5099999904632568,1.5199999809265137,3018600,0.0,0.0
2025-09-30 00:00:00-04:00,1.5099999904632568,1.5299999713897705,1.4900000095367432,1.5,1301100,0.0,0.0
2025-10-01 00:00:00-04:00,1.5199999809265137,1.559999942779541,1.5199999809265137,1.5399999618530273,2214300,0.0,0.0
2025-10-02 00:00:00-04:00,1.5399999618530273,1.559999942779541,1.4900000095367432,1.5399999618530273,1996600,0.0,0.0
2025-10-03 00:00:00-04:00,1.5299999713897705,1.5700000524520874,1.5299999713897705,1.5700000524520874,1571300,0.0,0.0
2025-10-06 00:00:00-04:00,1.5800000429153442,1.6699999570846558,1.559999942779541,1.659999966621399,6826500,0.0,0.0
2025-10-07 00:00:00-04:00,1.6299999952316284,1.649999976158142,1.590000033378601,1.600000023841858,3092100,0.0,0.0
2025-10-08 00:00:00-04:00,1.6200000047683716,1.6200000047683716,1.5700000524520874,1.600000023841858,1955200,0.0,0.0
2025-10-09 00:00:00-04:00,1.6100000143051147,1.649999976158142,1.5700000524520874,1.5800000429153442,2272500,0.0,0.0
2025-10-10 00:00:00-04:00,1.5700000524520874,1.5700000524520874,1.4500000476837158,1.4500000476837158,2795700,0.0,0.0
2025-10-13 00:00:00-04:00,1.5099999904632568,1.5499999523162842,1.4900000095367432,1.5399999618530273,3445300,0.0,0.0
2025-10-14 00:00:00-04:00,1.5099999904632568,1.559999942779541,1.5099999904632568,1.5399999618530273,1684700,0.0,0.0
2025-10-15 00:00:00-04:00,1.5299999713897705,1.5700000524520874,1.5199999809265137,1.5499999523162842,2425200,0.0,0.0
2025-10-16 00:00:00-04:00,1.5499999523162842,1.5700000524520874,1.5099999904632568,1.5199999809265137,3884100,0.0,0.0
2025-10-17 00:00:00-04:00,1.5,1.5700000524520874,1.4900000095367432,1.559999942779541,3104700,0.0,0.0
2025-10-20 00:00:00-04:00,1.5800000429153442,1.6699999570846558,1.5800000429153442,1.649999976158142,4947200,0.0,0.0
2025-10-21 00:00:00-04:00,1.6100000143051147,1.649999976158142,1.600000023841858,1.6299999952316284,3203300,0.0,0.0
2025-10-22 00:00:00-04:00,1.6399999856948853,1.659999966621399,1.590000033378601,1.6200000047683716,2734600,0.0,0.0
2025-10-23 00:00:00-04:00,1.6399999856948853,1.649999976158142,1.6299999952316284,1.6399999856948853,1386000,0.0,0.0
2025-10-24 00:00:00-04:00,1.690000057220459,1.7000000476837158,1.6200000047683716,1.6299999952316284,2074600,0.0,0.0
2025-10-27 00:00:00-04:00,1.659999966621399,1.690000057220459,1.6399999856948853,1.6699999570846558,2002900,0.0,0.0
2025-10-28 00:00:00-04:00,1.6699999570846558,1.7599999904632568,1.6699999570846558,1.7400000095367432,5847900,0.0,0.0
2025-10-29 00:00:00-04:00,1.75,1.7599999904632568,1.7200000286102295,1.75,2933000,0.0,0.0
2025-10-30 00:00:00-04:00,1.7200000286102295,1.7599999904632568,1.7200000286102295,1.75,1882900,0.0,0.0
2025-10-31 00:00:00-04:00,1.7599999904632568,1.7699999809265137,1.7300000190734863,1.7599999904632568,2203500,0.0,0.0
2025-11-03 00:00:00-05:00,1.7599999904632568,1.7699999809265137,1.7100000381469727,1.7200000286102295,2662800,0.0,0.0
2025-11-04 00:00:00-05:00,1.690000057220459,1.7100000381469727,1.6299999952316284,1.6399999856948853,3687200,0.0,0.0
2025-11-05 00:00:00-05:00,1.6100000143051147,1.6699999570846558,1.590000033378601,1.600000023841858,3371700,0.0,0.0
2025-11-06 00:00:00-05:00,1.5700000524520874,1.6100000143051147,1.559999942779541,1.5800000429153442,3483200,0.0,0.0
2025-11-07 00:00:00-05:00,1.5499999523162842,1.5700000524520874,1.5199999809265137,1.5700000524520874,3237700,0.0,0.0
2025-11-10 00:00:00-05:00,1.5800000429153442,1.5800000429153442,1.5399999618530273,1.5499999523162842,2960800,0.0,0.0
2025-11-11 00:00:00-05:00,1.590000033378601,1.6100000143051147,1.5700000524520874,1.5800000429153442,2907200,0.0,0.0
2025-11-12 00:00:00-05:00,1.590000033378601,1.659999966621399,1.5800000429153442,1.649999976158142,3819200,0.0,0.0
2025-11-13 00:00:00-05:00,1.659999966621399,1.6699999570846558,1.6100000143051147,1.6299999952316284,3295500,0.0,0.0
2025-11-14 00:00:00-05:00,1.6100000143051147,1.649999976158142,1.600000023841858,1.6100000143051147,1799100,0.0,0.0
2025-11-17 00:00:00-05:00,1.600000023841858,1.6100000143051147,1.5499999523162842,1.5499999523162842,1529200,0.0,0.0
2025-11-18 00:00:00-05:00,1.5399999618530273,1.559999942779541,1.5199999809265137,1.5299999713897705,2348000,0.0,0.0
2025-11-19 00:00:00-05:00,1.5199999809265137,1.5499999523162842,1.5099999904632568,1.5199999809265137,1587800,0.0,0.0
2025-11-20 00:00:00-05:00,1.5299999713897705,1.5499999523162842,1.4800000190734863,1.4800000190734863,1704300,0.0,0.0
2025-11-21 00:00:00-05:00,1.4800000190734863,1.5099999904632568,1.4600000381469727,1.5,1078800,0.0,0.0
2025-11-24 00:00:00-05:00,1.5099999904632568,1.5199999809265137,1.4800000190734863,1.4900000095367432,2035800,0.0,0.0
2025-11-25 00:00:00-05:00,1.5199999809265137,1.5499999523162842,1.4900000095367432,1.5499999523162842,1321300,0.0,0.0
2025-11-26 00:00:00-05:00,1.559999942779541,1.6200000047683716,1.559999942779541,1.6100000143051147,1855800,0.0,0.0
2025-11-28 00:00:00-05:00,1.6299999952316284,1.6299999952316284,1.5700000524520874,1.5800000429153442,1218400,0.0,0.0
2025-12-01 00:00:00-05:00,1.5800000429153442,1.6100000143051147,1.5700000524520874,1.590000033378601,1848100,0.0,0.0
2025-12-02 00:00:00-05:00,1.5800000429153442,1.6200000047683716,1.5800000429153442,1.6200000047683716,1516700,0.0,0.0
2025-12-03 00:00:00-05:00,1.649999976158142,1.7200000286102295,1.649999976158142,1.7100000381469727,2660000,0.0,0.0
2025-12-04 00:00:00-05:00,1.7300000190734863,1.7799999713897705,1.7200000286102295,1.7799999713897705,3876600,0.0,0.0
2025-12-05 00:00:00-05:00,1.7400000095367432,1.7799999713897705,1.6299999952316284,1.6399999856948853,4809500,0.0,0.0
2025-12-08 00:00:00-05:00,1.659999966621399,1.6699999570846558,1.600000023841858,1.6100000143051147,2221300,0.0,0.0
2025-12-09 00:00:00-05:00,1.600000023841858,1.6799999475479126,1.600000023841858,1.6699999570846558,2180600,0.0,0.0
2025-12-10 00:00:00-05:00,1.7400000095367432,1.809999942779541,1.7400000095367432,1.7599999904632568,4235500,0.0,0.0
2025-12-11 00:00:00-05:00,1.7799999713897705,1.840000033378601,1.7699999809265137,1.809999942779541,1799000,0.0,0.0
2025-12-12 00:00:00-05:00,1.809999942779541,1.8300000429153442,1.7699999809265137,1.809999942779541,1625300,0.0,0.0
2025-12-15 00:00:00-05:00,1.7799999713897705,1.7999999523162842,1.7300000190734863,1.7400000095367432,3669500,0.0,0.0
2025-12-16 00:00:00-05:00,1.7300000190734863,1.7699999809265137,1.7300000190734863,1.7400000095367432,3107000,0.0,0.0
2025-12-17 00:00:00-05:00,1.7200000286102295,1.75,1.7100000381469727,1.7300000190734863,2370100,0.0,0.0
2025-12-18 00:00:00-05:00,1.7400000095367432,1.7799999713897705,1.7400000095367432,1.7699999809265137,3603000,0.0,0.0
2025-12-19 00:00:00-05:00,1.7300000190734863,1.7599999904632568,1.6200000047683716,1.6299999952316284,6803200,0.0,0.0
2025-12-22 00:00:00-05:00,1.6699999570846558,1.7000000476837158,1.6299999952316284,1.6399999856948853,4080100,0.0,0.0
2025-12-23 00:00:00-05:00,1.649999976158142,1.659999966621399,1.6399999856948853,1.6399999856948853,2672200,0.0,0.0
2025-12-24 00:00:00-05:00,1.6399999856948853,1.659999966621399,1.6100000143051147,1.6200000047683716,984000,0.0,0.0
2025-12-26 00:00:00-05:00,1.6399999856948853,1.649999976158142,1.6200000047683716,1.6200000047683716,1493000,0.0,0.0
2025-12-29 00:00:00-05:00,1.600000023841858,1.6299999952316284,1.5800000429153442,1.5800000429153442,2214400,0.0,0.0
2025-12-30 00:00:00-05:00,1.6200000047683716,1.6299999952316284,1.6100000143051147,1.6299999952316284,2130500,0.0,0.0
2025-12-31 00:00:00-05:00,1.6299999952316284,1.6299999952316284,1.600000023841858,1.600000023841858,533900,0.0,0.0
2026-01-02 00:00:00-05:00,1.6100000143051147,1.6399999856948853,1.600000023841858,1.6100000143051147,2220200,0.0,0.0
2026-01-05 00:00:00-05:00,1.6200000047683716,1.7000000476837158,1.6200000047683716,1.6699999570846558,2152600,0.0,0.0
2026-01-06 00:00:00-05:00,1.6799999475479126,1.7699999809265137,1.6799999475479126,1.75,3366400,0.0,0.0
2026-01-07 00:00:00-05:00,1.7599999904632568,1.8799999952316284,1.7400000095367432,1.8799999952316284,7926700,0.0,0.0
2026-01-08 00:00:00-05:00,1.7899999618530273,1.8700000047683716,1.7799999713897705,1.8700000047683716,4171600,0.0,0.0
2026-01-09 00:00:00-05:00,1.850000023841858,1.909999966621399,1.850000023841858,1.8600000143051147,2185700,0.0,0.0
2026-01-12 00:00:00-05:00,1.8700000047683716,1.8799999952316284,1.8300000429153442,1.8700000047683716,2589300,0.0,0.0
2026-01-13 00:00:00-05:00,1.840000033378601,1.8899999856948853,1.8200000524520874,1.8700000047683716,2025200,0.0,0.0
2026-01-14 00:00:00-05:00,1.850000023841858,1.9600000381469727,1.840000033378601,1.9500000476837158,3901000,0.0,0.0
2026-01-15 00:00:00-05:00,1.8899999856948853,1.940000057220459,1.850000023841858,1.899999976158142,7731600,0.0,0.0
2026-01-16 00:00:00-05:00,1.7999999523162842,1.8300000429153442,1.7100000381469727,1.7899999618530273,5428000,0.0,0.0
2026-01-20 00:00:00-05:00,1.7100000381469727,1.7200000286102295,1.6799999475479126,1.7000000476837158,3192800,0.0,0.0
2026-01-21 00:00:00-05:00,1.7200000286102295,1.7899999618530273,1.7100000381469727,1.7799999713897705,5082300,0.0,0.0
2026-01-22 00:00:00-05:00,1.809999942779541,1.899999976158142,1.809999942779541,1.8200000524520874,7631500,0.0,0.0
2026-01-23 00:00:00-05:00,1.840000033378601,1.9600000381469727,1.8300000429153442,1.9500000476837158,6007600,0.0,0.0
2026-01-26 00:00:00-05:00,1.9700000286102295,1.9900000095367432,1.8799999952316284,1.899999976158142,5156100,0.0,0.0
2026-01-27 00:00:00-05:00,1.9800000190734863,2.069999933242798,1.9800000190734863,2.059999942779541,7577200,0.0,0.0
2026-01-28 00:00:00-05:00,2.1500000953674316,2.200000047683716,2.0999999046325684,2.119999885559082,6878100,0.0,0.0
2026-01-29 00:00:00-05:00,2.1600000858306885,2.1600000858306885,2.0199999809265137,2.059999942779541,5570700,0.0,0.0
2026-01-30 00:00:00-05:00,1.9800000190734863,2.009999990463257,1.899999976158142,1.909999966621399,7605000,0.0,0.0
2026-02-02 00:00:00-05:00,1.899999976158142,1.9500000476837158,1.899999976158142,1.899999976158142,3337400,0.0,0.0
2026-02-03 00:00:00-05:00,2.0199999809265137,2.0199999809265137,1.9299999475479126,2.009999990463257,4561800,0.0,0.0
2026-02-04 00:00:00-05:00,2.0,2.009999990463257,1.9299999475479126,1.9600000381469727,4083100,0.0,0.0
2026-02-05 00:00:00-05:00,1.940000057220459,1.9500000476837158,1.8799999952316284,1.8899999856948853,6902500,0.0,0.0
2026-02-06 00:00:00-05:00,1.8700000047683716,1.8799999952316284,1.809999942779541,1.8300000429153442,5047300,0.0,0.0
2026-02-09 00:00:00-05:00,1.850000023841858,1.9299999475479126,1.840000033378601,1.899999976158142,3898800,0.0,0.0
2026-02-10 00:00:00-05:00,1.8899999856948853,1.909999966621399,1.8200000524520874,1.8300000429153442,5225200,0.0,0.0
2026-02-11 00:00:00-05:00,1.850000023841858,1.8899999856948853,1.8200000524520874,1.8799999952316284,5913900,0.0,0.0
2026-02-12 00:00:00-05:00,1.850000023841858,1.8600000143051147,1.7000000476837158,1.7000000476837158,6102600,0.0,0.0
2026-02-13 00:00:00-05:00,1.6799999475479126,1.7000000476837158,1.6299999952316284,1.690000057220459,6814200,0.0,0.0
2026-02-17 00:00:00-05:00,1.6799999475479126,1.7000000476837158,1.6399999856948853,1.6799999475479126,3632600,0.0,0.0
2026-02-18 00:00:00-05:00,1.690000057220459,1.7400000095367432,1.6399999856948853,1.659999966621399,5812000,0.0,0.0
2026-02-19 00:00:00-05:00,1.6399999856948853,1.659999966621399,1.6299999952316284,1.659999966621399,5613400,0.0,0.0
2026-02-20 00:00:00-05:00,1.6299999952316284,1.7200000286102295,1.6299999952316284,1.7000000476837158,4118800,0.0,0.0
2026-02-23 00:00:00-05:00,1.6799999475479126,1.690000057220459,1.6299999952316284,1.6699999570846558,3742300,0.0,0.0
2026-02-24 00:00:00-05:00,1.6699999570846558,1.7200000286102295,1.659999966621399,1.6699999570846558,2725200,0.0,0.0
2026-02-25 00:00:00-05:00,1.7100000381469727,1.7100000381469727,1.6699999570846558,1.7000000476837158,4016700,0.0,0.0
2026-02-26 00:00:00-05:00,1.690000057220459,1.7100000381469727,1.649999976158142,1.7000000476837158,2813300,0.0,0.0
2026-02-27 00:00:00-05:00,1.7000000476837158,1.7000000476837158,1.6699999570846558,1.6799999475479126,4675700,0.0,0.0
2026-03-02 00:00:00-05:00,1.6299999952316284,1.6799999475479126,1.6100000143051147,1.6399999856948853,6287800,0.0,0.0
2026-03-03 00:00:00-05:00,1.559999942779541,1.559999942779541,1.4800000190734863,1.5,8295500,0.0,0.0
2026-03-04 00:00:00-05:00,1.5399999618530273,1.5700000524520874,1.5199999809265137,1.5499999523162842,4719900,0.0,0.0
2026-03-05 00:00:00-05:00,1.5099999904632568,1.5299999713897705,1.4500000476837158,1.4700000286102295,5214100,0.0,0.0
2026-03-06 00:00:00-05:00,1.4299999475479126,1.4500000476837158,1.3899999856948853,1.3899999856948853,6061000,0.0,0.0
2026-03-09 00:00:00-04:00,1.3700000047683716,1.440000057220459,1.340000033378601,1.4199999570846558,7071500,0.0,0.0
2026-03-10 00:00:00-04:00,1.4199999570846558,1.4600000381469727,1.3899999856948853,1.409999966621399,4028500,0.0,0.0
2026-03-11 00:00:00-04:00,1.409999966621399,1.4500000476837158,1.3799999952316284,1.3799999952316284,5620600,0.0,0.0
2026-03-12 00:00:00-04:00,1.2999999523162842,1.350000023841858,1.190000057220459,1.2000000476837158,15950600,0.0,0.0
2026-03-13 00:00:00-04:00,1.2100000381469727,1.2100000381469727,1.1100000143051147,1.1100000143051147,13005000,0.0,0.0
2026-03-16 00:00:00-04:00,1.149999976158142,1.190000057220459,1.1299999952316284,1.1699999570846558,6970100,0.0,0.0
2026-03-17 00:00:00-04:00,1.2000000476837158,1.2699999809265137,1.1799999475479126,1.2000000476837158,8848800,0.0,0.0
2026-03-18 00:00:00-04:00,1.1799999475479126,1.2200000286102295,1.159999966621399,1.1699999570846558,6351800,0.0,0.0
2026-03-19 00:00:00-04:00,1.1200000047683716,1.2100000381469727,1.1100000143051147,1.190000057220459,9698700,0.0,0.0
2026-03-20 00:00:00-04:00,1.159999966621399,1.1799999475479126,1.1299999952316284,1.1399999856948853,9545300,0.0,0.0
2026-03-23 00:00:00-04:00,1.2100000381469727,1.2699999809265137,1.2000000476837158,1.25,9157300,0.0,0.0
2026-03-24 00:00:00-04:00,1.2100000381469727,1.2599999904632568,1.2100000381469727,1.2400000095367432,7732500,0.0,0.0
2026-03-25 00:00:00-04:00,1.2799999713897705,1.2999999523162842,1.2599999904632568,1.2899999618530273,10245800,0.0,0.0
2026-03-26 00:00:00-04:00,1.2699999809265137,1.2999999523162842,1.2300000190734863,1.2300000190734863,5435800,0.0,0.0
2026-03-27 00:00:00-04:00,1.2200000286102295,1.2300000190734863,1.190000057220459,1.2100000381469727,6445400,0.0,0.0
2026-03-30 00:00:00-04:00,1.2300000190734863,1.2400000095367432,1.1699999570846558,1.1799999475479126,7136600,0.0,0.0
2026-03-31 00:00:00-04:00,1.2100000381469727,1.25,1.2000000476837158,1.2400000095367432,7773200,0.0,0.0
2026-04-01 00:00:00-04:00,1.2899999618530273,1.2899999618530273,1.2599999904632568,1.2699999809265137,4002100,0.0,0.0
2026-04-02 00:00:00-04:00,1.25,1.2799999713897705,1.2400000095367432,1.2599999904632568,3349300,0.0,0.0
2026-04-06 00:00:00-04:00,1.2599999904632568,1.2799999713897705,1.25,1.2599999904632568,2422400,0.0,0.0
2026-04-07 00:00:00-04:00,1.25,1.2599999904632568,1.2200000286102295,1.2400000095367432,2824700,0.0,0.0
2026-04-08 00:00:00-04:00,1.340000033378601,1.350000023841858,1.309999942779541,1.3300000429153442,6841500,0.0,0.0
2026-04-09 00:00:00-04:00,1.340000033378601,1.3700000047683716,1.3200000524520874,1.350000023841858,4339700,0.0,0.0
2026-04-10 00:00:00-04:00,1.3700000047683716,1.3899999856948853,1.2899999618530273,1.2899999618530273,3176400,0.0,0.0
2026-04-13 00:00:00-04:00,1.2999999523162842,1.3200000524520874,1.2599999904632568,1.3200000524520874,2749100,0.0,0.0
2026-04-14 00:00:00-04:00,1.3700000047683716,1.3700000047683716,1.3200000524520874,1.350000023841858,3453500,0.0,0.0
2026-04-15 00:00:00-04:00,1.350000023841858,1.3700000047683716,1.3200000524520874,1.3700000047683716,4173900,0.0,0.0
2026-04-16 00:00:00-04:00,1.3899999856948853,1.409999966621399,1.340000033378601,1.340000033378601,5185000,0.0,0.0
2026-04-17 00:00:00-04:00,1.399999976158142,1.4199999570846558,1.3600000143051147,1.3600000143051147,4484300,0.0,0.0
2026-04-20 00:00:00-04:00,1.3700000047683716,1.3899999856948853,1.350000023841858,1.3799999952316284,3413600,0.0,0.0
2026-04-21 00:00:00-04:00,1.3700000047683716,1.3799999952316284,1.2899999618530273,1.2999999523162842,4461100,0.0,0.0
2026-04-22 00:00:00-04:00,1.340000033378601,1.3799999952316284,1.340000033378601,1.340000033378601,4823300,0.0,0.0
2026-04-23 00:00:00-04:00,1.340000033378601,1.3600000143051147,1.2899999618530273,1.2899999618530273,4983200,0.0,0.0
2026-04-24 00:00:00-04:00,1.2899999618530273,1.2999999523162842,1.2799999713897705,1.2899999618530273,965200,0.0,0.0
2026-04-27 00:00:00-04:00,1.309999942779541,1.3200000524520874,1.2899999618530273,1.2899999618530273,2436200,0.0,0.0
2026-04-28 00:00:00-04:00,1.2799999713897705,1.2999999523162842,1.2799999713897705,1.2999999523162842,2206200,0.0,0.0
2026-04-29 00:00:00-04:00,1.2799999713897705,1.2899999618530273,1.25,1.2699999809265137,3177400,0.0,0.0
2026-04-30 00:00:00-04:00,1.2899999618530273,1.309999942779541,1.2699999809265137,1.2899999618530273,2814900,0.0,0.0
2026-05-01 00:00:00-04:00,1.2899999618530273,1.309999942779541,1.2899999618530273,1.2899999618530273,748300,0.0,0.0
2026-05-04 00:00:00-04:00,1.2799999713897705,1.2899999618530273,1.2400000095367432,1.2599999904632568,2440300,0.0,0.0
2026-05-05 00:00:00-04:00,1.2799999713897705,1.309999942779541,1.2699999809265137,1.2999999523162842,1745800,0.0,0.0
2026-05-06 00:00:00-04:00,1.340000033378601,1.399999976158142,1.340000033378601,1.399999976158142,4459900,0.0,0.0
2026-05-07 00:00:00-04:00,1.3899999856948853,1.3899999856948853,1.340000033378601,1.340000033378601,2964700,0.0,0.0
2026-05-08 00:00:00-04:00,1.3899999856948853,1.409999966621399,1.3700000047683716,1.3799999952316284,2514900,0.0,0.0
2026-05-11 00:00:00-04:00,1.3899999856948853,1.399999976158142,1.350000023841858,1.3700000047683716,3207900,0.0,0.0
2026-05-12 00:00:00-04:00,1.340000033378601,1.3700000047683716,1.3300000429153442,1.3700000047683716,3101500,0.0,0.0
2026-05-13 00:00:00-04:00,1.340000033378601,1.3700000047683716,1.2799999713897705,1.2799999713897705,3800400,0.0,0.0
2026-05-14 00:00:00-04:00,1.309999942779541,1.3700000047683716,1.2699999809265137,1.350000023841858,3503100,0.0,0.0
2026-05-15 00:00:00-04:00,1.2699999809265137,1.2799999713897705,1.25,1.2599999904632568,3371200,0.0,0.0
2026-05-18 00:00:00-04:00,1.2799999713897705,1.2999999523162842,1.2300000190734863,1.25,3386000,0.0,0.0
2026-05-19 00:00:00-04:00,1.2200000286102295,1.2300000190734863,1.1799999475479126,1.1799999475479126,3257800,0.0,0.0
2026-05-20 00:00:00-04:00,1.2100000381469727,1.25,1.2000000476837158,1.25,3137700,0.0,0.0
2026-05-21 00:00:00-04:00,1.2300000190734863,1.2899999618530273,1.2200000286102295,1.2799999713897705,1990700,0.0,0.0
2026-05-22 00:00:00-04:00,1.2899999618530273,1.350000023841858,1.2799999713897705,1.350000023841858,3221100,0.0,0.0
2026-05-26 00:00:00-04:00,1.350000023841858,1.3700000047683716,1.3300000429153442,1.340000033378601,1768300,0.0,0.0
2026-05-27 00:00:00-04:00,1.3300000429153442,1.340000033378601,1.2899999618530273,1.3200000524520874,3784100,0.0,0.0
2026-05-28 00:00:00-04:00,1.2999999523162842,1.3799999952316284,1.2899999618530273,1.3600000143051147,3637100,0.0,0.0
2026-05-29 00:00:00-04:00,1.350000023841858,1.3799999952316284,1.3300000429153442,1.350000023841858,1674900,0.0,0.0
2026-06-01 00:00:00-04:00,1.309999942779541,1.3300000429153442,1.2400000095367432,1.309999942779541,6287600,0.0,0.0
2026-06-02 00:00:00-04:00,1.309999942779541,1.4700000286102295,1.309999942779541,1.4199999570846558,7844600,0.0,0.0
2026-06-03 00:00:00-04:00,1.3700000047683716,1.3700000047683716,1.2999999523162842,1.309999942779541,4140300,0.0,0.0
2026-06-04 00:00:00-04:00,1.2999999523162842,1.3200000524520874,1.2899999618530273,1.2999999523162842,1805400,0.0,0.0
2026-06-05 00:00:00-04:00,1.2599999904632568,1.2599999904632568,1.1799999475479126,1.1799999475479126,6709400,0.0,0.0
2026-06-08 00:00:00-04:00,1.1799999475479126,1.190000057220459,1.149999976158142,1.149999976158142,4259800,0.0,0.0
2026-06-09 00:00:00-04:00,1.1799999475479126,1.2100000381469727,1.1299999952316284,1.1699999570846558,7536900,0.0,0.0
2026-06-10 00:00:00-04:00,1.149999976158142,1.2200000286102295,1.149999976158142,1.1799999475479126,4343200,0.0,0.0
2026-06-11 00:00:00-04:00,1.190000057220459,1.2100000381469727,1.149999976158142,1.2100000381469727,6560900,0.0,0.0
2026-06-12 00:00:00-04:00,1.2200000286102295,1.2400000095367432,1.2000000476837158,1.2200000286102295,2412700,0.0,0.0
2026-06-15 00:00:00-04:00,1.2799999713897705,1.3200000524520874,1.2100000381469727,1.2200000286102295,3029500,0.0,0.0
2026-06-16 00:00:00-04:00,1.2200000286102295,1.25,1.2100000381469727,1.2100000381469727,2901700,0.0,0.0
2026-06-17 00:00:00-04:00,1.1799999475479126,1.2000000476837158,1.1200000047683716,1.1200000047683716,7263700,0.0,0.0
2026-06-18 00:00:00-04:00,1.100000023841858,1.1200000047683716,1.0199999809265137,1.0299999713897705,8566300,0.0,0.0
2026-06-22 00:00:00-04:00,1.059999942779541,1.0700000524520874,1.0299999713897705,1.0499999523162842,6546400,0.0,0.0
2026-06-23 00:00:00-04:00,1.0299999713897705,1.059999942779541,1.0199999809265137,1.0399999618530273,7841400,0.0,0.0
2026-06-24 00:00:00-04:00,1.0199999809265137,1.0299999713897705,0.9700000286102295,0.9800000190734863,14883400,0.0,0.0
2026-06-25 00:00:00-04:00,1.0,1.0099999904632568,0.949999988079071,0.9599999785423279,6089000,0.0,0.0
2026-06-26 00:00:00-04:00,0.9599999785423279,0.9599999785423279,0.9399999976158142,0.9399999976158142,3290100,0.0,0.0
2026-06-29 00:00:00-04:00,0.9300000071525574,0.9300000071525574,0.9100000262260437,0.9100000262260437,2902400,0.0,0.0
2026-06-30 00:00:00-04:00,0.8999999761581421,0.9300000071525574,0.8899999856948853,0.9200000166893005,3692200,0.0,0.0
2026-07-01 00:00:00-04:00,0.8899999856948853,0.9300000071525574,0.8899999856948853,0.8999999761581421,2867200,0.0,0.0
2026-07-02 00:00:00-04:00,0.9300000071525574,0.949999988079071,0.8999999761581421,0.9100000262260437,2734800,0.0,0.0
2026-07-06 00:00:00-04:00,0.9300000071525574,0.9599999785423279,0.9300000071525574,0.9599999785423279,1518100,0.0,0.0
2026-07-07 00:00:00-04:00,0.9300000071525574,0.9300000071525574,0.9100000262260437,0.9300000071525574,1548500,0.0,0.0
2026-07-08 00:00:00-04:00,0.9200000166893005,0.9300000071525574,0.8999999761581421,0.9200000166893005,1289900,0.0,0.0
2026-07-09 00:00:00-04:00,0.9300000071525574,0.9599999785423279,0.9100000262260437,0.949999988079071,1259500,0.0,0.0
2026-07-10 00:00:00-04:00,0.9800000190734863,1.0299999713897705,0.9800000190734863,1.0099999904632568,1628000,0.0,0.0
2026-07-13 00:00:00-04:00,1.0299999713897705,1.059999942779541,1.0099999904632568,1.0299999713897705,3926000,0.0,0.0
2026-07-14 00:00:00-04:00,1.0499999523162842,1.0499999523162842,1.0099999904632568,1.0299999713897705,3007100,0.0,0.0
2026-07-15 00:00:00-04:00,1.0299999713897705,1.0399999618530273,1.0,1.0299999713897705,1594300,0.0,0.0
2026-07-16 00:00:00-04:00,1.0099999904632568,1.0299999713897705,1.0,1.0,1850500,0.0,0.0
2026-07-17 00:00:00-04:00,0.9900000095367432,1.0099999904632568,0.9800000190734863,0.9900000095367432,3388500,0.0,0.0
2026-07-20 00:00:00-04:00,1.0,1.0199999809265137,1.0,1.0099999904632568,417800,0.0,0.0
2026-07-21 00:00:00-04:00,1.0099999904632568,1.0299999713897705,1.0,1.0,1602300,0.0,0.0
2026-07-22 00:00:00-04:00,1.0299999713897705,1.090000033378601,1.0299999713897705,1.090000033378601,2315000,0.0,0.0
2026-07-23 00:00:00-04:00,1.0700000524520874,1.1200000047683716,1.0499999523162842,1.059999942779541,3687700,0.0,0.0
2026-07-24 00:00:00-04:00,1.059999942779541,1.0800000429153442,1.0399999618530273,1.0800000429153442,1506700,0.0,0.0
2026-07-27 00:00:00-04:00,1.100000023841858,1.1299999952316284,1.0800000429153442,1.1200000047683716,3859100,0.0,0.0
2026-07-28 00:00:00-04:00,1.1100000143051147,1.1297999620437622,1.0850000381469727,1.100000023841858,3887503,0.0,0.0
