Date,Open,High,Low,Close,Volume,Dividends,Stock Splits
2022-01-03 00:00:00-05:00,6.966711184733464,7.0216211733253155,6.911801196141613,6.959847927093506,892900,0.0,0.0
2022-01-04 00:00:00-05:00,7.007890386672949,7.103983144404271,6.973571497870452,7.014754295349121,691500,0.0,0.0
2022-01-05 00:00:00-05:00,7.035349642263756,7.083395723038404,6.946120738983155,6.946120738983154,592200,0.0,0.0
2022-01-06 00:00:00-05:00,6.946120102656194,6.994166179029389,6.904937938501654,6.959847927093506,584500,0.0,0.0
2022-01-07 00:00:00-05:00,6.987303561489108,7.028485729416304,6.946120738983155,6.946120738983154,467800,0.0,0.0
2022-01-10 00:00:00-05:00,6.94611996225058,7.01475777389233,6.911801056429705,6.987302780151367,554500,0.0,0.0
2022-01-11 00:00:00-05:00,7.014758617762172,7.076532524755362,6.987303620718394,7.062804698944092,591400,0.0,0.0
2022-01-12 00:00:00-05:00,7.103986933524674,7.172624093160959,7.083395196512952,7.1588969230651855,550600,0.0,0.0
2022-01-13 00:00:00-05:00,7.151999572297202,7.172689840353788,7.020960330963136,7.020960330963135,525800,0.05,0.0
2022-01-14 00:00:00-05:00,7.000271320343018,7.055445822076666,6.9313035220419295,7.000271320343018,796100,0.0,0.0
2022-01-18 00:00:00-05:00,6.965785817389054,6.972682134893408,6.883023430019208,6.917507648468018,633400,0.0,0.0
2022-01-19 00:00:00-05:00,6.938200803297933,6.965788055373926,6.862335366789974,6.889922618865967,583900,0.0,0.0
2022-01-20 00:00:00-05:00,6.903713358789392,6.945093888766954,6.786467427633521,6.827847957611084,800500,0.0,0.0
2022-01-21 00:00:00-05:00,6.786468610786945,6.793365586229513,6.5588736830364365,6.648532390594482,2113600,0.0,0.0
2022-01-24 00:00:00-05:00,6.55887399032559,6.620945456753247,6.200239143291043,6.614048480987549,1805200,0.0,0.0
2022-01-25 00:00:00-05:00,6.496801072556569,6.607150029229279,6.38645211588386,6.531285285949707,990400,0.0,0.0
2022-01-26 00:00:00-05:00,6.64163604074686,6.683016581836462,6.4830088792851415,6.579564571380615,616500,0.0,0.0
2022-01-27 00:00:00-05:00,6.614049277406743,6.717501295421959,6.5450808269086735,6.572668075561523,574000,0.0,0.0
2022-01-28 00:00:00-05:00,6.600252973793082,6.6761183738708505,6.510594283166774,6.67611837387085,660700,0.0,0.0
2022-01-31 00:00:00-05:00,6.7037094546889335,6.745090007781983,6.655431265771,6.745090007781982,585100,0.0,0.0
2022-02-01 00:00:00-05:00,6.758880188404591,6.841641906091382,6.738189923415809,6.827847957611084,500200,0.0,0.0
2022-02-02 00:00:00-05:00,6.855437747285121,6.876128677703265,6.820954178718702,6.869231700897217,359300,0.0,0.0
2022-02-03 00:00:00-05:00,6.834747778925846,6.834747778925846,6.74508904965077,6.751986026763916,401100,0.0,0.0
2022-02-04 00:00:00-05:00,6.765777285113018,6.834745055567906,6.731293071019735,6.793364524841309,440800,0.0,0.0
2022-02-07 00:00:00-05:00,6.834745539731026,6.841642514584589,6.751983814683437,6.779571056365967,394900,0.0,0.0
2022-02-08 00:00:00-05:00,6.793367560742172,6.896819591522217,6.779573605847781,6.896819591522217,665900,0.0,0.0
2022-02-09 00:00:00-05:00,6.931302408707686,6.993373877620852,6.924405432665815,6.979579925537109,419600,0.0,0.0
2022-02-10 00:00:00-05:00,6.938199352631183,6.993373845247063,6.862333931985472,6.910612106323242,698500,0.0,0.0
2022-02-11 00:00:00-05:00,6.931299447149861,6.945092735608265,6.786466300813062,6.814053535461426,562200,0.0,0.0
2022-02-14 00:00:00-05:00,6.827919199086819,6.841782650117827,6.744735848591761,6.76553201675415,610900,0.05,0.0
2022-02-15 00:00:00-05:00,6.827918529510498,6.862577484227833,6.807122363387474,6.827918529510498,361900,0.0,0.0
2022-02-16 00:00:00-05:00,6.827920472461158,6.876443551734886,6.78632878945698,6.855648040771484,393600,0.0,0.0
2022-02-17 00:00:00-05:00,6.8417843758967285,6.855648491502087,6.723942037560847,6.758601665496826,387900,0.0,0.0
2022-02-18 00:00:00-05:00,6.758602218699388,6.800193907842395,6.723942587926461,6.7447381019592285,402600,0.0,0.0
2022-02-22 00:00:00-05:00,6.675417652891973,6.717008669439861,6.502120208095433,6.571438789367676,980300,0.0,0.0
2022-02-23 00:00:00-05:00,6.613031448159766,6.647691074476936,6.502121172806733,6.5090532302856445,600100,0.0,0.0
2022-02-24 00:00:00-05:00,6.342684876818112,6.543709843922808,6.280298365159813,6.536778450012207,1366500,0.0,0.0
2022-02-25 00:00:00-05:00,6.571441296018931,6.779398441314697,6.571441296018931,6.779398441314697,772500,0.0,0.0
2022-02-28 00:00:00-05:00,6.723939692408868,6.7585993082563895,6.606097395173607,6.717007637023926,692400,0.0,0.0
2022-03-01 00:00:00-05:00,6.668485766496441,6.710077445182258,6.557575504770669,6.619962692260742,757600,0.0,0.0
2022-03-02 00:00:00-05:00,6.619964250587787,6.758602110380092,6.619964250587787,6.730874538421631,515800,0.0,0.0
2022-03-03 00:00:00-05:00,6.7585993082563895,6.7585993082563895,6.661552516098767,6.717007637023926,453000,0.0,0.0
2022-03-04 00:00:00-05:00,6.606099466537485,6.633827035694133,6.488257132352378,6.495189189910889,1926900,0.0,0.0
2022-03-07 00:00:00-05:00,6.474392323706519,6.4951878309537125,6.342685901960698,6.349617958068848,838000,0.0,0.0
2022-03-08 00:00:00-05:00,6.363482345523992,6.460528490926588,6.308027216414713,6.342686176300049,1014500,0.0,0.0
2022-03-09 00:00:00-05:00,6.453597892983024,6.543711993111867,6.453597892983024,6.5021209716796875,418600,0.0,0.0
2022-03-10 00:00:00-05:00,6.4535981320334095,6.48825709748492,6.391210936496866,6.467461585998535,571000,0.0,0.0
2022-03-11 00:00:00-05:00,6.522916933745855,6.529848991490001,6.405074596405029,6.405074596405029,461200,0.0,0.0
2022-03-14 00:00:00-04:00,6.423206666488991,6.527818886437288,6.367413393835463,6.388335704803467,642000,0.056,0.0
2022-03-15 00:00:00-04:00,6.458076129343057,6.520843712787845,6.44412748186283,6.506895065307617,577200,0.0,0.0
2022-03-16 00:00:00-04:00,6.555715710723855,6.660328598779796,6.513871087588113,6.6463799476623535,873600,0.0,0.0
2022-03-17 00:00:00-04:00,6.646378460627751,6.764939308166504,6.604533846854158,6.764939308166504,379100,0.0,0.0
2022-03-18 00:00:00-04:00,6.764940843983767,6.764940843983767,6.695199583491987,6.7579665184021,369400,0.0,0.0
2022-03-21 00:00:00-04:00,6.757967124762745,6.778890103385065,6.709148171527374,6.737044811248779,314600,0.0,0.0
2022-03-22 00:00:00-04:00,6.778891770912425,6.876529701400945,6.778891770912425,6.820736408233643,467100,0.0,0.0
2022-03-23 00:00:00-04:00,6.820733195187784,6.834681844463073,6.785862237107768,6.799810886383057,278100,0.0,0.0
2022-03-24 00:00:00-04:00,6.834682442925803,6.855604753562543,6.806785807040729,6.848630428314209,285500,0.0,0.0
2022-03-25 00:00:00-04:00,6.862579685376451,6.897450649592014,6.78586343108055,6.827708721160889,361400,0.0,0.0
2022-03-28 00:00:00-04:00,6.827708615679737,6.841657267193798,6.764941014083084,6.834682941436768,309400,0.0,0.0
2022-03-29 00:00:00-04:00,6.855604558998717,6.939294464278799,6.848630233948316,6.91837215423584,541200,0.0,0.0
2022-03-30 00:00:00-04:00,6.925346353487125,6.9392943382263175,6.883501069053083,6.939294338226318,349900,0.0,0.0
2022-03-31 00:00:00-04:00,6.981139961350343,6.988114286612414,6.890475728268203,6.904423713684082,858600,0.0,0.0
2022-04-01 00:00:00-04:00,6.939295186400345,6.960217498620536,6.862579598187437,6.946269512176514,402200,0.0,0.0
2022-04-04 00:00:00-04:00,6.9462679138189,6.9741645453961585,6.8346813875098675,6.8556036949157715,424000,0.0,0.0
2022-04-05 00:00:00-04:00,6.8346813875098675,6.890474650664384,6.8137590801039645,6.8556036949157715,514600,0.0,0.0
2022-04-06 00:00:00-04:00,6.806784463772995,6.827706770280875,6.744016879141222,6.785861492156982,463500,0.0,0.0
2022-04-07 00:00:00-04:00,6.792836561745412,6.834681844463073,6.702172336780654,6.799810886383057,350200,0.0,0.0
2022-04-08 00:00:00-04:00,6.7998114817923945,6.855604753562543,6.79283715654406,6.848630428314209,301100,0.0,0.0
2022-04-11 00:00:00-04:00,6.8486298286301555,6.883500786710171,6.785862237107768,6.799810886383057,339900,0.0,0.0
2022-04-12 00:00:00-04:00,6.834681844463073,6.869552802543088,6.764939928303041,6.799810886383057,413400,0.0,0.0
2022-04-13 00:00:00-04:00,6.7970051765441895,6.86714997942758,6.7970051765441895,6.7970051765441895,276800,0.056,0.0
2022-04-14 00:00:00-04:00,6.832077879876136,6.89520807147065,6.719846725463867,6.719846725463867,493100,0.0,0.0
2022-04-18 00:00:00-04:00,6.7338767486324365,6.811035509155637,6.7338767486324365,6.789992332458496,411100,0.0,0.0
2022-04-19 00:00:00-04:00,6.78999377920022,6.874167172874107,6.78999377920022,6.860137939453125,426000,0.0,0.0
2022-04-20 00:00:00-04:00,6.9022215414785375,6.9232647122042925,6.8601345310766915,6.895206928253174,490600,0.0,0.0
2022-04-21 00:00:00-04:00,6.937295686762536,6.979382038819255,6.804020677698417,6.818049907684326,406400,0.0,0.0
2022-04-22 00:00:00-04:00,6.832078596918484,6.839093212043062,6.670746462756281,6.677761077880859,463300,0.0,0.0
2022-04-25 00:00:00-04:00,6.663730483592279,6.670745097280994,6.537470112996936,6.6567158699035645,663200,0.0,0.0
2022-04-26 00:00:00-04:00,6.6426874222679935,6.656715980929022,6.502398490905762,6.502398490905762,453200,0.0,0.0
2022-04-27 00:00:00-04:00,6.516426224942067,6.6076141860256845,6.509411612024025,6.523440837860107,507200,0.0,0.0
2022-04-28 00:00:00-04:00,6.579555718407505,6.649699833435374,6.523440158805115,6.642685890197754,386600,0.0,0.0
2022-04-29 00:00:00-04:00,6.635673362126682,6.642687976517673,6.4743405758861075,6.4813551902771,578300,0.0,0.0
2022-05-02 00:00:00-04:00,6.467324865881745,6.530455040275155,6.3550937420491325,6.488368034362793,860800,0.0,0.0
2022-05-03 00:00:00-04:00,6.530457191904076,6.6777607577049345,6.5164279623275725,6.607615947723389,847600,0.0,0.0
2022-05-04 00:00:00-04:00,6.6497029976903015,6.740890992673467,6.558515671657692,6.72686243057251,726300,0.0,0.0
2022-05-05 00:00:00-04:00,6.698803040959908,6.698803040959908,6.5094124806034195,6.572542667388916,563400,0.0,0.0
2022-05-06 00:00:00-04:00,6.558514457824922,6.614630033744136,6.495384267678197,6.551499843597412,700100,0.0,0.0
2022-05-09 00:00:00-04:00,6.488367901316428,6.509411069365978,6.36912216745189,6.376136779785156,716400,0.0,0.0
2022-05-10 00:00:00-04:00,6.460312629447171,6.502399650838745,6.305994442945413,6.327038288116455,632200,0.0,0.0
2022-05-11 00:00:00-04:00,6.320023125727737,6.453297455516522,6.2779361079810165,6.29897928237915,592700,0.0,0.0
2022-05-12 00:00:00-04:00,6.284951073428924,6.305994249002265,6.179734526611727,6.2779364585876465,776800,0.0,0.0
2022-05-13 00:00:00-04:00,6.331580000203756,6.465693434695379,6.331580000203756,6.4374589920043945,534600,0.056,0.0
2022-05-16 00:00:00-04:00,6.437458992004395,6.479810992621978,6.388048885585725,6.4374589920043945,437400,0.0,0.0
2022-05-17 00:00:00-04:00,6.493928384154931,6.592749277866198,6.493928384154931,6.585690498352051,358900,0.0,0.0
2022-05-18 00:00:00-04:00,6.55745712532666,6.55745712532666,6.395109208937794,6.423343658447266,467700,0.0,0.0
2022-05-19 00:00:00-04:00,6.3951096534729,6.430402212941204,6.317464407052818,6.3951096534729,700400,0.0,0.0
2022-05-20 00:00:00-04:00,6.458636186589699,6.465694967226105,6.303347051562997,6.373932838439941,498300,0.0,0.0
2022-05-23 00:00:00-04:00,6.430400920417884,6.529221817288238,6.42334281384037,6.486869812011719,441500,0.0,0.0
2022-05-24 00:00:00-04:00,6.4798126220703125,6.500988291122945,6.402167380273357,6.4798126220703125,326400,0.0,0.0
2022-05-25 00:00:00-04:00,6.479813977611048,6.564517344703429,6.465696413181057,6.5503997802734375,326300,0.0,0.0
2022-05-26 00:00:00-04:00,6.578633578870626,6.740982187786884,6.5645166890132085,6.705688953399658,377600,0.0,0.0
2022-05-27 00:00:00-04:00,6.740981046024953,6.818625609995744,6.733922265710607,6.8115668296813965,416500,0.0,0.0
2022-05-31 00:00:00-04:00,6.868035725871487,6.889212066814528,6.783332381586351,6.8115668296813965,863100,0.0,0.0
2022-06-01 00:00:00-04:00,6.8609777432704835,6.8750946309931065,6.733922387955103,6.797450065612793,620500,0.0,0.0
2022-06-02 00:00:00-04:00,6.797448199220485,6.853917080930883,6.776272536869627,6.825682640075684,720300,0.0,0.0
2022-06-03 00:00:00-04:00,6.80450945345867,6.818626342441435,6.748040551202782,6.762157440185547,413900,0.0,0.0
2022-06-06 00:00:00-04:00,6.818625733777905,6.846860182385506,6.769215617005193,6.797450065612793,372300,0.0,0.0
2022-06-07 00:00:00-04:00,6.776275593284168,6.875095844268799,6.762158029907808,6.875095844268799,279300,0.0,0.0
2022-06-08 00:00:00-04:00,6.853918234801344,6.89627023979527,6.82568378919282,6.846859455108643,409000,0.0,0.0
2022-06-09 00:00:00-04:00,6.846860468983738,6.875094918773185,6.755098338877437,6.776274681091309,373800,0.0,0.0
2022-06-10 00:00:00-04:00,6.726863349961894,6.748039690478584,6.606866779683299,6.698628902435303,538000,0.0,0.0
2022-06-13 00:00:00-04:00,6.5927503555040925,6.5927503555040925,6.40216731644338,6.423343658447266,645200,0.0,0.0
2022-06-14 00:00:00-04:00,6.448910554203403,6.470217337926616,6.2855574167746955,6.349477767944336,593500,0.056,0.0
2022-06-15 00:00:00-04:00,6.3920940606801855,6.470219410916128,6.328173011700478,6.441810131072998,562100,0.0,0.0
2022-06-16 00:00:00-04:00,6.349479619618864,6.356582108708022,6.150614666436945,6.221638202667236,714600,0.0,0.0
2022-06-17 00:00:00-04:00,6.2358429812784575,6.306866522950268,6.179024418873286,6.22874116897583,410200,0.0,0.0
2022-06-21 00:00:00-04:00,6.278457164764404,6.363685007327141,6.271354675218173,6.278457164764404,533600,0.0,0.0
2022-06-22 00:00:00-04:00,6.235842705078353,6.321070544911169,6.228740893090282,6.25004768371582,384500,0.0,0.0
2022-06-23 00:00:00-04:00,6.2642502784729,6.285557740624377,6.200329246679426,6.2642502784729,345100,0.0,0.0
2022-06-24 00:00:00-04:00,6.292661513006522,6.441810407925661,6.292661513006522,6.413401126861572,350900,0.0,0.0
2022-06-27 00:00:00-04:00,6.434707433015877,6.47732100824712,6.36368390452305,6.384990692138672,325400,0.0,0.0
2022-06-28 00:00:00-04:00,6.427606861872443,6.498629734218802,6.363685802629181,6.406300067901611,479300,0.0,0.0
2022-06-29 00:00:00-04:00,6.420502456385085,6.441809244000707,6.349478927892258,6.384990692138672,430900,0.0,0.0
2022-06-30 00:00:00-04:00,6.370786528154459,6.392093316222638,6.264251233152399,6.271353721618652,1174600,0.0,0.0
2022-07-01 00:00:00-04:00,6.257149289114375,6.392093180454068,6.257149289114375,6.384990692138672,312500,0.0,0.0
2022-07-05 00:00:00-04:00,6.321069720643826,6.3636839736686674,6.257149357102424,6.342377185821533,420200,0.0,0.0
2022-07-06 00:00:00-04:00,6.328171407523956,6.441808498089742,6.328171407523956,6.434706687927246,424900,0.0,0.0
2022-07-07 00:00:00-04:00,6.434708045468674,6.47732162475586,6.4062987668336735,6.477321624755859,363400,0.0,0.0
2022-07-08 00:00:00-04:00,6.463116847310399,6.512832911921369,6.448911870375505,6.470218658447266,242900,0.0,0.0
2022-07-11 00:00:00-04:00,6.477322301301116,6.512834072636668,6.434708717563013,6.498629093170166,360500,0.0,0.0
2022-07-12 00:00:00-04:00,6.484423635382161,6.541242188460577,6.427605082303744,6.470218658447266,387400,0.0,0.0
2022-07-13 00:00:00-04:00,6.39919682474148,6.470219688733545,6.370787543678516,6.427606105804443,426900,0.0,0.0
2022-07-14 00:00:00-04:00,6.367573510228481,6.381866931915283,6.317547897420392,6.381866931915283,333500,0.056,0.0
2022-07-15 00:00:00-04:00,6.410455089230146,6.510506345990946,6.396161663093991,6.446187973022461,506200,0.0,0.0
2022-07-18 00:00:00-04:00,6.460478681245052,6.524797715488021,6.431892519531271,6.43903923034668,452000,0.0,0.0
2022-07-19 00:00:00-04:00,6.481919808570355,6.603411197662353,6.481919808570355,6.6034111976623535,299400,0.0,0.0
2022-07-20 00:00:00-04:00,6.6177041861736985,6.782074477302641,6.589118018953535,6.767781734466553,800700,0.0,0.0
2022-07-21 00:00:00-04:00,6.760634899139404,6.824953944600291,6.703462565740389,6.760634899139404,552000,0.0,0.0
2022-07-22 00:00:00-04:00,6.782074264348572,6.79636768828384,6.667729599058289,6.696315765380859,366500,0.0,0.0
2022-07-25 00:00:00-04:00,6.710608230918017,6.7677805553979,6.710608230918017,6.739194393157959,273900,0.0,0.0
2022-07-26 00:00:00-04:00,6.71775534335833,6.739195479655781,6.667729721760233,6.703462600708008,312600,0.0,0.0
2022-07-27 00:00:00-04:00,6.760635768180133,6.889273875637592,6.746342342219053,6.874980449676514,399700,0.0,0.0
2022-07-28 00:00:00-04:00,6.8964195127146946,6.9392991065979,6.803514975472456,6.9392991065979,476200,0.0,0.0
2022-07-29 00:00:00-04:00,6.967884733065576,7.032203778110779,6.839246642975168,6.860686779022217,699300,0.0,0.0
2022-08-01 00:00:00-04:00,6.839247444484517,6.867833614349365,6.810661274619668,6.867833614349365,469600,0.0,0.0
2022-08-02 00:00:00-04:00,6.860687886891827,6.882127344852966,6.774928691951109,6.78207540512085,515600,0.0,0.0
2022-08-03 00:00:00-04:00,6.824953900491773,6.867832809489929,6.7820743099456475,6.860686779022217,343600,0.0,0.0
2022-08-04 00:00:00-04:00,6.8821238567851175,6.8821238567851175,6.7892186773098855,6.803512096405029,449000,0.0,0.0
2022-08-05 00:00:00-04:00,6.739195444501767,6.817807232538421,6.717755308316155,6.760634899139404,477500,0.0,0.0
2022-08-08 00:00:00-04:00,6.796368693718491,6.846394321796641,6.767782523166967,6.817808151245117,296800,0.0,0.0
2022-08-09 00:00:00-04:00,6.817808151245117,6.832101577294912,6.732049639590545,6.817808151245117,443300,0.0,0.0
2022-08-10 00:00:00-04:00,6.8892739981112525,6.903566742778357,6.8463944010137885,6.882127285003662,448900,0.0,0.0
2022-08-11 00:00:00-04:00,6.889273875637592,6.9607389607988,6.839247566321879,6.874980449676514,452300,0.0,0.0
2022-08-12 00:00:00-04:00,6.886481199269075,6.979930400848388,6.886481199269075,6.979930400848389,350300,0.056,0.0
2022-08-15 00:00:00-04:00,6.972742140430672,6.97993069906051,6.929612159729004,6.929612159729004,441700,0.0,0.0
2022-08-16 00:00:00-04:00,6.900858344624998,6.994306861054443,6.886481227919757,6.958365440368652,383700,0.0,0.0
2022-08-17 00:00:00-04:00,6.936798864596831,6.958364536854483,6.87210390443958,6.900857448577881,330700,0.0,0.0
2022-08-18 00:00:00-04:00,6.922422432966315,6.936798862261342,6.879291774004102,6.886480331420898,242500,0.0,0.0
2022-08-19 00:00:00-04:00,6.836160423980716,6.857725406349992,6.807406885642205,6.843348979949951,301600,0.0,0.0
2022-08-22 00:00:00-04:00,6.814597636805514,6.821786195813567,6.771467653834639,6.807409763336182,274800,0.0,0.0
2022-08-23 00:00:00-04:00,6.807408836633838,6.814596709124676,6.749901743475382,6.7714667320251465,317900,0.0,0.0
2022-08-24 00:00:00-04:00,6.793031665822606,6.828973770141602,6.77865523541818,6.828973770141602,241800,0.0,0.0
2022-08-25 00:00:00-04:00,6.84334848278992,6.864913463592529,6.814594261001935,6.864913463592529,244200,0.0,0.0
2022-08-26 00:00:00-04:00,6.879291634995228,6.90804517854283,6.7786545753479,6.7786545753479,323300,0.0,0.0
2022-08-29 00:00:00-04:00,6.7355241796051875,6.836161928710899,6.7211477500407035,6.749901294708252,521400,0.0,0.0
2022-08-30 00:00:00-04:00,6.793031268940285,6.80740838404335,6.699582077386107,6.749901294708252,447700,0.0,0.0
2022-08-31 00:00:00-04:00,6.807407612042416,6.821784039976527,6.757088400426771,6.785841941833496,436400,0.0,0.0
2022-09-01 00:00:00-04:00,6.7499010318003,6.793031004352424,6.692393944705096,6.7786545753479,287200,0.0,0.0
2022-09-02 00:00:00-04:00,6.800221540966887,6.843352211611625,6.699583766488333,6.721149444580078,220300,0.0,0.0
2022-09-06 00:00:00-04:00,6.73552422919329,6.73552422919329,6.656452152160033,6.6780171394348145,489000,0.0,0.0
2022-09-07 00:00:00-04:00,6.685205697039271,6.757089216468072,6.6420750369511214,6.6780171394348145,369500,0.0,0.0
2022-09-08 00:00:00-04:00,6.678016166151879,6.713958263397216,6.634885512349779,6.713958263397217,475300,0.0,0.0
2022-09-09 00:00:00-04:00,6.735524573127661,6.836162328113124,6.735524573127661,6.828973770141602,312400,0.0,0.0
2022-09-12 00:00:00-04:00,6.843352524283946,6.893671071052898,6.821786845206867,6.857728958129883,303500,0.0,0.0
2022-09-13 00:00:00-04:00,6.764276673663803,6.771465230098828,6.534248352050781,6.534248352050781,947400,0.0,0.0
2022-09-14 00:00:00-04:00,6.55305588120101,6.6253849990907385,6.524124096087485,6.603686332702637,490700,0.056,0.0
2022-09-15 00:00:00-04:00,6.603684767513528,6.654315207014853,6.574752989257342,6.639849662780762,335600,0.0,0.0
2022-09-16 00:00:00-04:00,6.524124406026333,6.560288621795151,6.487959500469313,6.538589954376221,322500,0.0,0.0
2022-09-19 00:00:00-04:00,6.48072359899851,6.567518921198162,6.459024940895572,6.553053379058838,329000,0.0,0.0
2022-09-20 00:00:00-04:00,6.509655952329172,6.516889068936428,6.408394389191495,6.422860622406006,366800,0.0,0.0
2022-09-21 00:00:00-04:00,6.4590274107078525,6.480726077107957,6.307135366330785,6.321600914001465,511600,0.0,0.0
2022-09-22 00:00:00-04:00,6.3143665877598085,6.3288328224522425,6.205872586718699,6.220338821411133,358400,0.0,0.0
2022-09-23 00:00:00-04:00,6.213106018338456,6.213106018338456,5.9961173154924,6.068447113037109,698900,0.0,0.0
2022-09-26 00:00:00-04:00,6.0178165874000875,6.032282824287175,5.80806098105431,5.844225883483887,909500,0.0,0.0
2022-09-27 00:00:00-04:00,5.873157385870762,5.945487187261933,5.8297600568665455,5.916555404663086,856700,0.0,0.0
2022-09-28 00:00:00-04:00,5.90209038943697,6.053982451949904,5.865925481259938,6.032283782958984,472800,0.0,0.0
2022-09-29 00:00:00-04:00,5.959953622784736,5.981652980312104,5.822527807385791,5.894856929779053,605000,0.0,0.0
2022-09-30 00:00:00-04:00,5.887623712993262,6.010583963384398,5.86592435836792,5.86592435836792,1048400,0.0,0.0
2022-10-03 00:00:00-04:00,5.9382544993059945,6.0105843059364155,5.873157811296247,5.996118068695068,628300,0.0,0.0
2022-10-04 00:00:00-04:00,6.0684468060807575,6.23480436631553,6.061213688734541,6.220338821411133,362200,0.0,0.0
2022-10-05 00:00:00-04:00,6.176941394805908,6.213106295189743,6.104611594038238,6.176941394805908,477500,0.0,0.0
2022-10-06 00:00:00-04:00,6.133542112586344,6.155241462218409,6.06121301651001,6.06121301651001,337800,0.0,0.0
2022-10-07 00:00:00-04:00,5.996117899706623,6.046748349048107,5.894856311235518,5.931021213531494,498700,0.0,0.0
2022-10-10 00:00:00-04:00,5.931022558201365,5.959954348639877,5.880392097381042,5.887625217437744,278800,0.0,0.0
2022-10-11 00:00:00-04:00,5.894856501347273,5.988884974434016,5.8514591690230295,5.909322738647461,447800,0.0,0.0
2022-10-12 00:00:00-04:00,5.931022020578397,6.017817384026288,5.916556471564531,5.96718692779541,514100,0.0,0.0
2022-10-13 00:00:00-04:00,5.891451096856531,6.1973114013671875,5.825909503818171,6.1973114013671875,917500,0.056,0.0
2022-10-14 00:00:00-04:00,6.277415314547002,6.277415314547002,6.022532275417693,6.044379234313965,368300,0.0,0.0
2022-10-17 00:00:00-04:00,6.1244866508740605,6.175463131765212,6.07351016998291,6.07351016998291,423200,0.0,0.0
2022-10-18 00:00:00-04:00,6.182744213771019,6.211873723708013,6.109920786179682,6.160897254943848,310300,0.0,0.0
2022-10-19 00:00:00-04:00,6.16089600759613,6.226437565310263,6.124483953921372,6.139049053192139,352400,0.0,0.0
2022-10-20 00:00:00-04:00,6.124485795089855,6.182744820682676,6.05894421767234,6.08807373046875,291000,0.0,0.0
2022-10-21 00:00:00-04:00,6.109922842150219,6.1973114013671875,6.073510768850849,6.1973114013671875,285000,0.0,0.0
2022-10-24 00:00:00-04:00,6.24100339619627,6.299262417587655,6.211873885500577,6.284698009490967,357600,0.0,0.0
2022-10-25 00:00:00-04:00,6.3065444772769474,6.401215553283691,6.299261926545137,6.401215553283691,218800,0.0,0.0
2022-10-26 00:00:00-04:00,6.379368782043457,6.430345249651517,6.364803680154135,6.379368782043457,347400,0.0,0.0
2022-10-27 00:00:00-04:00,6.423063107636201,6.474040272992045,6.342957125651771,6.3575215339660645,379800,0.0,0.0
2022-10-28 00:00:00-04:00,6.3720849137800535,6.437626469727848,6.342955410525716,6.423061370849609,357500,0.0,0.0
2022-10-31 00:00:00-04:00,6.437627784268382,6.510451210023438,6.401215724139712,6.49588680267334,519000,0.0,0.0
2022-11-01 00:00:00-04:00,6.546863913551159,6.605122937681576,6.503169992704522,6.5905585289001465,652600,0.0,0.0
2022-11-02 00:00:00-04:00,6.590557100770955,6.6124040564601865,6.459473977631169,6.474039077758789,425400,0.0,0.0
2022-11-03 00:00:00-04:00,6.415781315519938,6.466757786888241,6.335674638224224,6.408498764038086,477300,0.0,0.0
2022-11-04 00:00:00-04:00,6.495886032853116,6.575992000041094,6.415780065665139,6.50316858291626,437700,0.0,0.0
2022-11-07 00:00:00-05:00,6.546863720255494,6.66338176507614,6.503169800698916,6.641534805297852,592000,0.0,0.0
2022-11-08 00:00:00-05:00,6.670662587484671,6.714357190218052,6.59783917559857,6.677945137023926,405700,0.0,0.0
2022-11-09 00:00:00-05:00,6.619688643626678,6.648818158343859,6.51045244256044,6.5468645095825195,423600,0.0,0.0
2022-11-10 00:00:00-05:00,6.714357848871109,6.816310774413276,6.663380691597808,6.801746368408203,501300,0.0,0.0
2022-11-11 00:00:00-05:00,6.80174934531581,6.8308788645772305,6.7434903067929675,6.787184238433838,352200,0.0,0.0
2022-11-14 00:00:00-05:00,6.747621031339893,6.806232232802295,6.740294456481934,6.740294456481934,301600,0.056,0.0
2022-11-15 00:00:00-05:00,6.798903870139918,6.8062304430713185,6.652375905014145,6.710987091064453,580900,0.0,0.0
2022-11-16 00:00:00-05:00,6.681683802998813,6.68901037845764,6.579113842677308,6.615746021270752,486300,0.0,0.0
2022-11-17 00:00:00-05:00,6.586438344639563,6.637723658005378,6.498521562913062,6.564459323883057,630000,0.0,0.0
2022-11-18 00:00:00-05:00,6.645050945110243,6.703662145387904,6.630398494391138,6.696336269378662,408200,0.0,0.0
2022-11-21 00:00:00-05:00,6.689006456465671,6.689006456465671,6.608416269773415,6.659700870513916,273000,0.0,0.0
2022-11-22 00:00:00-05:00,6.703661361326276,6.754946679596353,6.689008912320924,6.747620105743408,290400,0.0,0.0
2022-11-23 00:00:00-05:00,6.769597873990964,6.820883182756327,6.747618855206043,6.798903465270996,352100,0.0,0.0
2022-11-25 00:00:00-05:00,6.76959857309149,6.820883887153118,6.76959857309149,6.79157829284668,123700,0.0,0.0
2022-11-28 00:00:00-05:00,6.7769246101379395,6.813556774797689,6.762271464793868,6.7769246101379395,279100,0.0,0.0
2022-11-29 00:00:00-05:00,6.776924446486075,6.828209056551027,6.732965710215822,6.798903465270996,378400,0.0,0.0
2022-11-30 00:00:00-05:00,6.806231390429424,6.923453778846205,6.769599219374043,6.9161272048950195,599100,0.0,0.0
2022-12-01 00:00:00-05:00,6.908800775851935,6.996717560117328,6.879495181096804,6.960085391998291,510400,0.0,0.0
2022-12-02 00:00:00-05:00,6.886821607790824,6.945432801999215,6.879495732540186,6.9161272048950195,248100,0.0,0.0
2022-12-05 00:00:00-05:00,6.864841220326169,6.901473384101311,6.769597873990964,6.798903465270996,367800,0.0,0.0
2022-12-06 00:00:00-05:00,6.813557873018836,6.842863469730078,6.6963354861738695,6.747620105743408,349900,0.0,0.0
2022-12-07 00:00:00-05:00,6.740291788477135,6.820882682613179,6.703659627388057,6.725639343261719,378800,0.0,0.0
2022-12-08 00:00:00-05:00,6.762272554748759,6.798904725312946,6.725641082885112,6.747620105743408,309100,0.0,0.0
2022-12-09 00:00:00-05:00,6.740291057206171,6.747617628369181,6.659700870513916,6.659700870513916,316300,0.0,0.0
2022-12-12 00:00:00-05:00,6.696334643902102,6.732966111158206,6.652375905014145,6.710987091064453,547900,0.0,0.0
2022-12-13 00:00:00-05:00,6.820884446871782,6.842863469730078,6.681682338467979,6.747620105743408,572900,0.0,0.0
2022-12-14 00:00:00-05:00,6.732965216519248,6.842861699786483,6.710986199345944,6.725639343261719,561900,0.0,0.0
2022-12-15 00:00:00-05:00,6.6229356054714925,6.630486865715974,6.524762020328297,6.615383625030518,650800,0.274,0.0
2022-12-16 00:00:00-05:00,6.5474186329025965,6.554970614948508,6.388830610921692,6.419037818908691,510500,0.0,0.0
2022-12-19 00:00:00-05:00,6.411485939412274,6.464349094382535,6.32841629616852,6.358623504638672,553200,0.0,0.0
2022-12-20 00:00:00-05:00,6.381277440140058,6.41148464249991,6.320863035420352,6.343518257141113,443500,0.0,0.0
2022-12-21 00:00:00-05:00,6.351071420888783,6.4341417830005145,6.351071420888783,6.419037818908691,451400,0.0,0.0
2022-12-22 00:00:00-05:00,6.381278628875781,6.4341417830005145,6.335968176993608,6.419037818908691,432600,0.0,0.0
2022-12-23 00:00:00-05:00,6.4492448757555545,6.517211272182649,6.4265896503454005,6.509659290313721,343300,0.0,0.0
2022-12-27 00:00:00-05:00,6.539866016661251,6.585177184346078,6.403933233803348,6.434141159057617,558800,0.0,0.0
2022-12-28 00:00:00-05:00,6.411485984141997,6.539866801084957,6.403934001922607,6.403934001922607,886200,0.0,0.0
2022-12-29 00:00:00-05:00,6.487002126047799,6.668245315551758,6.47945014643603,6.668245315551758,778000,0.0,0.0
2022-12-30 00:00:00-05:00,6.728659408757033,6.90235133101643,6.690900232596609,6.804177761077881,2332700,0.0,0.0
2023-01-03 00:00:00-05:00,6.841940183037943,6.902354605476522,6.698455389598775,6.766421794891357,844600,0.0,0.0
2023-01-04 00:00:00-05:00,6.811732439717364,6.834387666312927,6.751317301801413,6.796628475189209,361600,0.0,0.0
2023-01-05 00:00:00-05:00,6.728662749040924,6.79662915583071,6.690903554135851,6.751317977905273,476500,0.0,0.0
2023-01-06 00:00:00-05:00,6.7966293179233,6.8721477095344845,6.766422105318179,6.857043743133545,295600,0.0,0.0
2023-01-09 00:00:00-05:00,6.8948029389391365,6.947665380948911,6.857043743133545,6.857043743133545,385800,0.0,0.0
2023-01-10 00:00:00-05:00,6.864593723468696,6.9174561500549325,6.841938500674101,6.917456150054932,359900,0.0,0.0
2023-01-11 00:00:00-05:00,6.917457475675679,6.985423877280691,6.917457475675679,6.977871894836426,236700,0.0,0.0
2023-01-12 00:00:00-05:00,6.967235012951029,7.043213873723942,6.936843613559487,6.990028381347656,412900,0.056,0.0
2023-01-13 00:00:00-05:00,6.9368414878845215,6.9672328779631485,6.898852069139265,6.9368414878845215,538000,0.0,0.0
2023-01-17 00:00:00-05:00,6.952037368875607,6.9748314566730665,6.898852613190773,6.914048671722412,420400,0.0,0.0
2023-01-18 00:00:00-05:00,6.936843091177252,6.967234488280155,6.830472839023059,6.838070869445801,438100,0.0,0.0
2023-01-19 00:00:00-05:00,6.822873839326879,6.830471868670227,6.762091053756017,6.769689083099365,403700,0.0,0.0
2023-01-20 00:00:00-05:00,6.815277502765639,6.853266930291284,6.769690044817253,6.838070869445801,342800,0.0,0.0
2023-01-23 00:00:00-05:00,6.853265991942592,6.967233534327035,6.830471903795332,6.9064507484436035,323800,0.0,0.0
2023-01-24 00:00:00-05:00,6.959638608669958,7.179976486906424,6.860866356413847,6.8912577629089355,917300,0.0,0.0
2023-01-25 00:00:00-05:00,6.860861941288855,6.906449383989047,6.830470554351334,6.883656024932861,465000,0.0,0.0
2023-01-26 00:00:00-05:00,6.9444401000529705,6.967233463380164,6.868461256178387,6.929244041442871,591800,0.0,0.0
2023-01-27 00:00:00-05:00,6.929244112002899,6.990026897886331,6.883657384884307,6.9064507484436035,515700,0.0,0.0
2023-01-30 00:00:00-05:00,6.906450642456592,6.982428761350934,6.876059249981266,6.914048671722412,497200,0.0,0.0
2023-01-31 00:00:00-05:00,6.9824274195878875,7.066004276275635,6.959634060758417,7.066004276275635,551000,0.0,0.0
2023-02-01 00:00:00-05:00,7.073605353953767,7.141985459925107,7.005224523394302,7.103996753692627,313900,0.0,0.0
2023-02-02 00:00:00-05:00,7.157179263464597,7.157179263464597,7.073603121704273,7.111591815948486,281800,0.0,0.0
2023-02-03 00:00:00-05:00,7.0736053518297055,7.103996751559439,7.012821827782114,7.035615921020508,276800,0.0,0.0
2023-02-06 00:00:00-05:00,6.997624856012406,7.0128201900345495,6.929244041442871,6.929244041442871,360200,0.0,0.0
2023-02-07 00:00:00-05:00,6.914048463154436,6.997624608793453,6.906450434117817,6.982428550720215,449900,0.0,0.0
2023-02-08 00:00:00-05:00,6.982428408572588,7.012819799512429,6.9292436555748464,6.9748311042785645,309200,0.0,0.0
2023-02-09 00:00:00-05:00,7.035614349592887,7.043212378975307,6.9064507484436035,6.9064507484436035,338400,0.0,0.0
2023-02-10 00:00:00-05:00,6.906449992994595,6.94443941116333,6.891253935891948,6.94443941116333,220500,0.0,0.0
2023-02-13 00:00:00-05:00,6.967235777674323,7.035616614957797,6.959637745845449,7.020420551300049,251100,0.0,0.0
2023-02-14 00:00:00-05:00,7.017360757369096,7.040293103979684,6.93327427145335,7.0250043869018555,347900,0.056,0.0
2023-02-15 00:00:00-05:00,6.9867873583086215,7.055584430694581,6.963854271840136,7.05558443069458,248300,0.0,0.0
2023-02-16 00:00:00-05:00,6.9867844571713,7.070870218954473,6.9867844571713,7.017361164093018,227200,0.0,0.0
2023-02-17 00:00:00-05:00,7.017360574131001,7.032648561803472,6.971495153101314,7.002071857452393,306300,0.0,0.0
2023-02-21 00:00:00-05:00,6.933275530479663,6.994428951883629,6.849189758300781,6.849189758300781,352700,0.0,0.0
2023-02-22 00:00:00-05:00,6.895055188856899,6.917987539631815,6.8262574075258655,6.849189758300781,369900,0.0,0.0
2023-02-23 00:00:00-05:00,6.8950553681277045,6.910343359373039,6.810968864756295,6.872122287750244,332300,0.0,0.0
2023-02-24 00:00:00-05:00,6.841545576253269,6.8950553681277045,6.810968864756295,6.872122287750244,298200,0.0,0.0
2023-02-27 00:00:00-05:00,6.91798495581256,6.925629312884514,6.8415428431050564,6.887408256530762,301000,0.0,0.0
2023-02-28 00:00:00-05:00,6.910342510625094,6.956207936740387,6.887410162070555,6.917986869812012,423700,0.0,0.0
2023-03-01 00:00:00-05:00,6.940920070870014,6.956208791121655,6.84918993637909,6.872122287750244,363600,0.0,0.0
2023-03-02 00:00:00-05:00,6.864476318656345,6.910341739654541,6.8262559849983395,6.910341739654541,290000,0.0,0.0
2023-03-03 00:00:00-05:00,6.948562330244574,6.971494674682618,6.91798562799182,6.971494674682617,311300,0.0,0.0
2023-03-06 00:00:00-05:00,6.979142864500588,6.994430859518025,6.917989426417867,6.940921783447266,272800,0.0,0.0
2023-03-07 00:00:00-05:00,6.910343846625529,6.940920560278486,6.826258066331485,6.841546058654785,451500,0.0,0.0
2023-03-08 00:00:00-05:00,6.841543671520587,6.8491880295181655,6.7727459075545875,6.810966968536377,361100,0.0,0.0
2023-03-09 00:00:00-05:00,6.803322781145035,6.826255855712861,6.650439262390137,6.650439262390137,532600,0.0,0.0
2023-03-10 00:00:00-05:00,6.650439260198422,6.719237025866985,6.56635350716247,6.6198625564575195,566600,0.0,0.0
2023-03-13 00:00:00-04:00,6.53577822902531,6.604576009700252,6.505201518614922,6.528133869171143,463400,0.0,0.0
2023-03-14 00:00:00-04:00,6.625085479718173,6.648169930519816,6.540444694899879,6.594306945800781,413200,0.056,0.0
2023-03-15 00:00:00-04:00,6.471192359924316,6.517360524497508,6.378856764596015,6.471192359924316,1035200,0.0,0.0
2023-03-16 00:00:00-04:00,6.394248220562506,6.486583842218137,6.332690405640461,6.45580530166626,534000,0.0,0.0
2023-03-17 00:00:00-04:00,6.463497950026384,6.47119276690887,6.332688998296635,6.355773448944092,307700,0.0,0.0
2023-03-20 00:00:00-04:00,6.363468045570063,6.409635477630746,6.34038359572162,6.394246578216553,209300,0.0,0.0
2023-03-21 00:00:00-04:00,6.478887176322862,6.4865819927214075,6.417330112770661,6.471192359924316,308500,0.0,0.0
2023-03-22 00:00:00-04:00,6.486582467523181,6.494276550666834,6.371162414550781,6.371162414550781,385600,0.0,0.0
2023-03-23 00:00:00-04:00,6.386552048474355,6.455803933494169,6.3403838805217685,6.371162414550781,324700,0.0,0.0
2023-03-24 00:00:00-04:00,6.363468331407129,6.371162414550781,6.294216446387316,6.371162414550781,353500,0.0,0.0
2023-03-27 00:00:00-04:00,6.401938636370581,6.425023078918457,6.386549741823199,6.425023078918457,274700,0.0,0.0
2023-03-28 00:00:00-04:00,6.417330390100849,6.432719289744902,6.355773323888409,6.386551856994629,384900,0.0,0.0
2023-03-29 00:00:00-04:00,6.425024929169206,6.478887176322862,6.425024929169206,6.471192359924316,325800,0.0,0.0
2023-03-30 00:00:00-04:00,6.5019717505183925,6.57891845703125,6.494276933103471,6.57891845703125,459300,0.0,0.0
2023-03-31 00:00:00-04:00,6.594306754822567,6.63278010455961,6.586612671929647,6.609696388244629,742900,0.0,0.0
2023-04-03 00:00:00-04:00,6.609695460817733,6.663557702601149,6.555833219034318,6.586611747741699,536000,0.0,0.0
2023-04-04 00:00:00-04:00,6.586612827116664,6.617391360867848,6.5096661258296376,6.5558342933654785,352300,0.0,0.0
2023-04-05 00:00:00-04:00,6.49427813807655,6.532751498471472,6.47888923420957,6.517362594604492,435000,0.0,0.0
2023-04-06 00:00:00-04:00,6.532750606536865,6.5481402421209705,6.5096668869789225,6.532750606536865,346700,0.0,0.0
2023-04-10 00:00:00-04:00,6.540446148724728,6.578919508127944,6.532751330080426,6.571224689483643,329700,0.0,0.0
2023-04-11 00:00:00-04:00,6.586612767196175,6.632780200493888,6.578917950373849,6.602001667022705,291800,0.0,0.0
2023-04-12 00:00:00-04:00,6.617391396602424,6.648169930519816,6.578918045751151,6.594306945800781,289900,0.0,0.0
2023-04-13 00:00:00-04:00,6.6144444962197175,6.660916328430176,6.606699067743856,6.660916328430176,184200,0.056,0.0
2023-04-14 00:00:00-04:00,6.6609175269123515,6.684153077875938,6.614445686340332,6.614445686340332,308700,0.0,0.0
2023-04-17 00:00:00-04:00,6.629936297710033,6.637680988644534,6.560228908785791,6.591209888458252,427000,0.0,0.0
2023-04-18 00:00:00-04:00,6.606700897216797,6.637681881054528,6.567974482758403,6.606700897216797,409700,0.0,0.0
2023-04-19 00:00:00-04:00,6.552483479206471,6.606700008972073,6.552483479206471,6.591209888458252,277200,0.0,0.0
2023-04-20 00:00:00-04:00,6.575719520734345,6.591210381050691,6.521502986916884,6.567974090576172,274700,0.0,0.0
2023-04-21 00:00:00-04:00,6.58346534868267,6.58346534868267,6.51375795033696,6.536993503570557,271200,0.0,0.0
2023-04-24 00:00:00-04:00,6.560228674462259,6.5834642237254535,6.529247695896402,6.544737815856934,310900,0.0,0.0
2023-04-25 00:00:00-04:00,6.544737556340752,6.544737556340752,6.451794624328612,6.451794624328613,319100,0.0,0.0
2023-04-26 00:00:00-04:00,6.45953893661499,6.513755452921396,6.44404808130194,6.45953893661499,322900,0.0,0.0
2023-04-27 00:00:00-04:00,6.498265680850003,6.529246654474361,6.44404842302387,6.513755798339844,437600,0.0,0.0
2023-04-28 00:00:00-04:00,6.544738929541334,6.606700897216797,6.513757945703603,6.606700897216797,320600,0.0,0.0
2023-05-01 00:00:00-04:00,6.622191991995992,6.637682115138673,6.583465576171875,6.583465576171875,410300,0.0,0.0
2023-05-02 00:00:00-04:00,6.5524830727718495,6.583464050522635,6.4440492813217105,6.482775688171387,322800,0.0,0.0
2023-05-03 00:00:00-04:00,6.490521576318742,6.513757126613996,6.42855961643485,6.436305046081543,250200,0.0,0.0
2023-05-04 00:00:00-04:00,6.444050314169106,6.459541174849749,6.3511073660199235,6.374342918395996,484800,0.0,0.0
2023-05-05 00:00:00-04:00,6.428558838992302,6.506010910158031,6.428558838992302,6.498266220092773,218700,0.0,0.0
2023-05-08 00:00:00-04:00,6.498266546369167,6.513756665922173,6.475030259072497,6.482775688171387,237300,0.0,0.0
2023-05-09 00:00:00-04:00,6.506011150007836,6.506011150007836,6.4440491953330765,6.451794624328613,240100,0.0,0.0
2023-05-10 00:00:00-04:00,6.482775601665993,6.490521030661529,6.428559075986769,6.451794624328613,358400,0.0,0.0
2023-05-11 00:00:00-04:00,6.44404973708341,6.44404973708341,6.405324066139597,6.436305046081543,241400,0.0,0.0
2023-05-12 00:00:00-04:00,6.433185577392578,6.464376750445808,6.41758961903785,6.433185577392578,289400,0.056,0.0
2023-05-15 00:00:00-04:00,6.440981388092041,6.44877936464407,6.401992248987876,6.440981388092041,326500,0.0,0.0
2023-05-16 00:00:00-04:00,6.4097925091655386,6.433185703499973,6.370803356170654,6.370803356170654,291700,0.0,0.0
2023-05-17 00:00:00-04:00,6.378600775484935,6.433185138691738,6.378600775484935,6.409791946411133,394100,0.0,0.0
2023-05-18 00:00:00-04:00,6.409791692652556,6.440982862343921,6.3630045662874375,6.425386905670166,392200,0.0,0.0
2023-05-19 00:00:00-04:00,6.4487815357473055,6.4721747296231715,6.425387598215214,6.433185577392578,237200,0.0,0.0
2023-05-22 00:00:00-04:00,6.425387160046145,6.464376309617935,6.409791946411133,6.409791946411133,490100,0.0,0.0
2023-05-23 00:00:00-04:00,6.401994792718442,6.4175900083630335,6.347410422477967,6.363005638122559,330800,0.0,0.0
2023-05-24 00:00:00-04:00,6.246037231041777,6.308419564084266,6.246037231041777,6.261632442474365,1041600,0.0,0.0
2023-05-25 00:00:00-04:00,6.277228397563022,6.277228397563022,6.222643670236827,6.261632442474365,657200,0.0,0.0
2023-05-26 00:00:00-04:00,6.261633269793375,6.339611568227412,6.253836034874905,6.316218376159668,683700,0.0,0.0
2023-05-30 00:00:00-04:00,6.3240156173706055,6.3630047666264185,6.300622425279585,6.3240156173706055,662800,0.0,0.0
2023-05-31 00:00:00-04:00,6.31621746445009,6.31621746445009,6.253835132169857,6.300621509552002,548500,0.0,0.0
2023-06-01 00:00:00-04:00,6.300622419010393,6.324015611078138,6.261633269793375,6.316218376159668,434400,0.0,0.0
2023-06-02 00:00:00-04:00,6.370803356170654,6.394196550505089,6.324016223845545,6.370803356170654,444600,0.0,0.0
2023-06-05 00:00:00-04:00,6.363003990356894,6.386397179594008,6.347408778750844,6.35520601272583,317300,0.0,0.0
2023-06-06 00:00:00-04:00,6.370802796839342,6.425387160046145,6.355206839548156,6.409791946411133,396200,0.0,0.0
2023-06-07 00:00:00-04:00,6.417588964634132,6.440982899780736,6.401993751525879,6.401993751525879,301600,0.0,0.0
2023-06-08 00:00:00-04:00,6.425387160046145,6.433185138691738,6.40199396776554,6.409791946411133,334700,0.0,0.0
2023-06-09 00:00:00-04:00,6.44877936464407,6.456576597540122,6.4253854349879855,6.440981388092041,252800,0.0,0.0
2023-06-12 00:00:00-04:00,6.440982862343921,6.45657807536153,6.409791692652556,6.425386905670166,372500,0.0,0.0
2023-06-13 00:00:00-04:00,6.464375972747803,6.487769163809347,6.448780759925485,6.464375972747803,286000,0.0,0.0
2023-06-14 00:00:00-04:00,6.492640298286962,6.500490563531513,6.421982670088701,6.429832935333252,422800,0.056,0.0
2023-06-15 00:00:00-04:00,6.421982047159703,6.5161919593811035,6.421982047159703,6.5161919593811035,424200,0.0,0.0
2023-06-16 00:00:00-04:00,6.5161922156098795,6.539744507412893,6.500490188598633,6.500490188598633,311300,0.0,0.0
2023-06-20 00:00:00-04:00,6.492639208117129,6.492639208117129,6.429831855709313,6.469086170196533,506500,0.0,0.0
2023-06-21 00:00:00-04:00,6.4847886571712055,6.4847886571712055,6.453385353088379,6.453385353088379,307200,0.0,0.0
2023-06-22 00:00:00-04:00,6.429832203149697,6.461235506693617,6.421981938799078,6.4455342292785645,372000,0.0,0.0
2023-06-23 00:00:00-04:00,6.42983220395068,6.437683217016092,6.3748766099204275,6.38272762298584,520800,0.0,0.0
2023-06-26 00:00:00-04:00,6.398429011283291,6.429832315375321,6.367025707191261,6.390578746795654,417700,0.0,0.0
2023-06-27 00:00:00-04:00,6.390578635255158,6.453385242342999,6.374876609126291,6.4455342292785645,498600,0.0,0.0
2023-06-28 00:00:00-04:00,6.4455342292785645,6.476937532822485,6.421981938799078,6.4455342292785645,456900,0.0,0.0
2023-06-29 00:00:00-04:00,6.445532680130887,6.4847869873046875,6.445532680130887,6.4847869873046875,419400,0.0,0.0
2023-06-30 00:00:00-04:00,6.54759407043457,6.555445082200965,6.50833976031629,6.54759407043457,1125900,0.0,0.0
2023-07-03 00:00:00-04:00,6.508339398143843,6.563294980023082,6.508339398143843,6.555444717407227,263300,0.0,0.0
2023-07-05 00:00:00-04:00,6.524043099151622,6.563296668470064,6.524043099151622,6.5397443771362305,360900,0.0,0.0
2023-07-06 00:00:00-04:00,6.476937182836732,6.516191497323952,6.445533880989711,6.469086170196533,413500,0.0,0.0
2023-07-07 00:00:00-04:00,6.4847892616116125,6.531893847769507,6.476938247680664,6.476938247680664,490900,0.0,0.0
2023-07-10 00:00:00-04:00,6.524042972578011,6.555446276651812,6.4847886553073035,6.5161919593811035,537300,0.0,0.0
2023-07-11 00:00:00-04:00,6.50833976031629,6.555445082200965,6.50833976031629,6.54759407043457,410600,0.0,0.0
2023-07-12 00:00:00-04:00,6.610401758462868,6.618252771525402,6.571147441864014,6.571147441864014,457100,0.0,0.0
2023-07-13 00:00:00-04:00,6.607503454829976,6.623311241815481,6.575888634615738,6.599600315093994,442100,0.056,0.0
2023-07-14 00:00:00-04:00,6.623310478080875,6.623310478080875,6.5521769523620605,6.5521769523620605,446500,0.0,0.0
2023-07-17 00:00:00-04:00,6.528467295664714,6.567986012486074,6.528467295664714,6.54427433013916,472600,0.0,0.0
2023-07-18 00:00:00-04:00,6.544275190937201,6.607504844665527,6.544275190937201,6.607504844665527,441500,0.0,0.0
2023-07-19 00:00:00-04:00,6.6312150955200195,6.647022128653909,6.607503415184036,6.6312150955200195,438100,0.0,0.0
2023-07-20 00:00:00-04:00,6.5996011104792665,6.623312040058399,6.583793321588604,6.5916972160339355,428800,0.0,0.0
2023-07-21 00:00:00-04:00,6.631216735618108,6.631216735618108,6.583794116973877,6.583794116973877,292800,0.0,0.0
2023-07-24 00:00:00-04:00,6.607504049521464,6.647022766785236,6.591697014870059,6.615407943725586,372000,0.0,0.0
2023-07-25 00:00:00-04:00,6.623312040058399,6.623312040058399,6.5916972160339355,6.5916972160339355,440600,0.0,0.0
2023-07-26 00:00:00-04:00,6.59169780811191,6.6391196715296905,6.59169780811191,6.607504844665527,282100,0.0,0.0
2023-07-27 00:00:00-04:00,6.654927668061748,6.654927668061748,6.583794116973877,6.583794116973877,405500,0.0,0.0
2023-07-28 00:00:00-04:00,6.615408944817713,6.623312840217911,6.57589022157368,6.583794116973877,496400,0.0,0.0
2023-07-31 00:00:00-04:00,6.623311837929708,6.639118872581114,6.575889226461815,6.615407943725586,675500,0.0,0.0
2023-08-01 00:00:00-04:00,6.607502692918168,6.631214370662229,6.544273059780707,6.5521769523620605,802300,0.0,0.0
2023-08-02 00:00:00-04:00,6.528467060582666,6.54427409448792,6.4652374174480425,6.488948345184326,589300,0.0,0.0
2023-08-03 00:00:00-04:00,6.4652374174480425,6.528467060582666,6.457333523617014,6.488948345184326,518400,0.0,0.0
2023-08-04 00:00:00-04:00,6.5363709544136945,6.5363709544136945,6.473140557522269,6.488948345184326,424000,0.0,0.0
2023-08-07 00:00:00-04:00,6.488948980151406,6.528467699416796,6.488948980151406,6.496852874755859,564900,0.0,0.0
2023-08-08 00:00:00-04:00,6.481044451353298,6.488948345184326,6.433622595880731,6.488948345184326,462200,0.0,0.0
2023-08-09 00:00:00-04:00,6.488948706459648,6.504755741244966,6.441526094590002,6.449429988861084,383300,0.0,0.0
2023-08-10 00:00:00-04:00,6.496853877544833,6.520564811261098,6.449431256355313,6.46523904800415,406700,0.0,0.0
2023-08-11 00:00:00-04:00,6.46523904800415,6.473142190071576,6.449431256355313,6.46523904800415,490100,0.0,0.0
2023-08-14 00:00:00-04:00,6.4700125946741105,6.485928589941506,6.438179845186705,6.454095840454102,346200,0.056,0.0
2023-08-15 00:00:00-04:00,6.446138387987082,6.446138387987082,6.35063975759388,6.358597755432129,679000,0.0,0.0
2023-08-16 00:00:00-04:00,6.366556223353879,6.390430596684715,6.326765095167388,6.334723472595215,456300,0.0,0.0
2023-08-17 00:00:00-04:00,6.350639904148244,6.366556279668362,6.294932400089669,6.302890777587891,338100,0.0,0.0
2023-08-18 00:00:00-04:00,6.2869757961424515,6.32676655402779,6.26310103783012,6.294933795928955,388600,0.0,0.0
2023-08-21 00:00:00-04:00,6.318807153108009,6.326765151129905,6.263099649049433,6.302890777587891,526800,0.0,0.0
2023-08-22 00:00:00-04:00,6.350640443780619,6.358598442478729,6.2631001812432565,6.271058559417725,338000,0.0,0.0
2023-08-23 00:00:00-04:00,6.286974936290304,6.310849311860993,6.239225805672568,6.271058559417725,712100,0.0,0.0
2023-08-24 00:00:00-04:00,6.294931540964195,6.294931540964195,6.207391677289055,6.2153496742248535,502600,0.0,0.0
2023-08-25 00:00:00-04:00,6.247183357471748,6.2710581108108885,6.183517854535813,6.255141735076904,526200,0.0,0.0
2023-08-28 00:00:00-04:00,6.263099733205731,6.310848860407683,6.239225359342921,6.255141735076904,605300,0.0,0.0
2023-08-29 00:00:00-04:00,6.271057525509051,6.326764645640471,6.26309914864668,6.3188066482543945,439200,0.0,0.0
2023-08-30 00:00:00-04:00,6.342681526650023,6.350639904148244,6.286974402067773,6.302890777587891,533200,0.0,0.0
2023-08-31 00:00:00-04:00,6.350639100444013,6.366555473949837,6.199433362400551,6.207391738891602,1158600,0.0,0.0
2023-09-01 00:00:00-04:00,6.223309542374814,6.239225919537866,6.159643654246245,6.183518409729004,1146100,0.0,0.0
2023-09-05 00:00:00-04:00,6.191474939458014,6.207391311868909,6.159641815159974,6.175558567047119,491000,0.0,0.0
2023-09-06 00:00:00-04:00,6.159643322707634,6.17556007849034,6.080061441175818,6.103936195373535,774000,0.0,0.0
2023-09-07 00:00:00-04:00,6.095976464547695,6.119851213446675,6.032310973452094,6.056185722351074,809300,0.0,0.0
2023-09-08 00:00:00-04:00,6.048227346225994,6.072102095124975,6.040269349577174,6.056185722351074,357900,0.0,0.0
2023-09-11 00:00:00-04:00,6.08801891159066,6.103935285524537,6.024353415855149,6.048227787017822,540000,0.0,0.0
2023-09-12 00:00:00-04:00,6.064145059407436,6.080061435699463,5.992521555831487,6.080061435699463,875700,0.0,0.0
2023-09-13 00:00:00-04:00,6.080061435699463,6.1357689424597295,6.080061435699463,6.080061435699463,724200,0.0,0.0
2023-09-14 00:00:00-04:00,6.124955155018557,6.173056852040892,6.116938396653988,6.157022953033447,843200,0.056,0.0
2023-09-15 00:00:00-04:00,6.132973300480361,6.149007202114781,6.092888355255127,6.092888355255127,564100,0.0,0.0
2023-09-18 00:00:00-04:00,6.092888355255127,6.1249561585239665,6.068837693942681,6.092888355255127,661700,0.0,0.0
2023-09-19 00:00:00-04:00,6.092888975475821,6.116940021514893,6.068838311715158,6.116940021514893,408500,0.0,0.0
2023-09-20 00:00:00-04:00,6.140989554458343,6.197108396696706,6.124955654144287,6.124955654144287,659600,0.0,0.0
2023-09-21 00:00:00-04:00,6.100903854484717,6.116937751801856,6.036768265216159,6.044785022735596,594700,0.0,0.0
2023-09-22 00:00:00-04:00,6.068836289117907,6.092886944863064,6.036768493272176,6.060819149017334,738300,0.0,0.0
2023-09-25 00:00:00-04:00,6.020735216963918,6.092887573927087,6.020735216963918,6.0848708152771,507700,0.0,0.0
2023-09-26 00:00:00-04:00,6.044786332002292,6.060820232792285,5.980650728842323,5.9886674880981445,626500,0.0,0.0
2023-09-27 00:00:00-04:00,5.9966840744018555,6.028751873012696,5.972633034304568,5.9966840744018555,808300,0.0,0.0
2023-09-28 00:00:00-04:00,5.996684199670352,6.076853697872164,5.996684199670352,6.052803039550781,528300,0.0,0.0
2023-09-29 00:00:00-04:00,6.116939797913623,6.116939797913623,6.052804187191751,6.100905895233154,1676000,0.0,0.0
2023-10-02 00:00:00-04:00,6.0688360598504385,6.100903854484717,6.028751125418456,6.044785022735596,714600,0.0,0.0
2023-10-03 00:00:00-04:00,6.00470141495058,6.00470141495058,5.948582953081209,5.956599712371826,679100,0.0,0.0
2023-10-04 00:00:00-04:00,5.940566208314801,5.972634012175954,5.90849840445365,5.9646172523498535,437800,0.0,0.0
2023-10-05 00:00:00-04:00,5.940565053749846,5.972632851378534,5.892463357306814,5.9165143966674805,743900,0.0,0.0
2023-10-06 00:00:00-04:00,5.900481369244972,6.028752578703006,5.868413566880463,6.012718677520752,564200,0.0,0.0
2023-10-09 00:00:00-04:00,6.012717170429341,6.052802104476842,5.996683273265993,6.0207343101501465,429800,0.0,0.0
2023-10-10 00:00:00-04:00,6.052802790016017,6.1009044869540485,6.036768891036673,6.068836688995361,378600,0.0,0.0
2023-10-11 00:00:00-04:00,6.076853674348793,6.100904714855395,6.0447858751922015,6.0848708152771,494900,0.0,0.0
2023-10-12 00:00:00-04:00,6.0768545091452575,6.0928884109261805,6.012718902021567,6.02875280380249,378400,0.0,0.0
2023-10-13 00:00:00-04:00,6.033598958810395,6.082061941339905,5.993213653564453,5.993213653564453,414800,0.056,0.0
2023-10-16 00:00:00-04:00,5.993212502712841,6.065906577401479,5.993212502712841,6.041675090789795,665300,0.0,0.0
2023-10-17 00:00:00-04:00,6.033598809323144,6.065907591924504,6.001290411868262,6.017444610595703,494700,0.0,0.0
2023-10-18 00:00:00-04:00,6.025521628405928,6.025521628405928,5.960904836435858,5.968981742858887,435900,0.0,0.0
2023-10-19 00:00:00-04:00,5.977060023374986,5.993214224040329,5.888211727142334,5.888211727142334,557300,0.0,0.0
2023-10-20 00:00:00-04:00,5.8882099225058635,5.8882099225058635,5.8235931396484375,5.8235931396484375,478500,0.0,0.0
2023-10-23 00:00:00-04:00,5.815516046833792,5.847824439360369,5.758976552485491,5.775130748748779,568000,0.0,0.0
2023-10-24 00:00:00-04:00,5.815516619037427,5.85590230624251,5.75089982762646,5.791285514831543,598200,0.0,0.0
2023-10-25 00:00:00-04:00,5.767054045548801,5.78320824345776,5.710514545440674,5.710514545440674,465800,0.0,0.0
2023-10-26 00:00:00-04:00,5.718591435846435,5.72666872735158,5.581280561430647,5.589357852935791,1123400,0.0,0.0
2023-10-27 00:00:00-04:00,5.63781957926476,5.6782052602850595,5.5893569931282405,5.60551118850708,567200,0.0,0.0
2023-10-30 00:00:00-04:00,5.637819664649573,5.702436447143555,5.629742374264623,5.702436447143555,453300,0.0,0.0
2023-10-31 00:00:00-04:00,5.750899882954975,5.791285570548603,5.734745684946817,5.767054080963135,659700,0.0,0.0
2023-11-01 00:00:00-04:00,5.7832092302443385,5.896289020048268,5.767055029578995,5.888211727142334,615400,0.0,0.0
2023-11-02 00:00:00-04:00,5.928596710168017,6.025521902532663,5.928596710168017,6.017444610595703,360600,0.0,0.0
2023-11-03 00:00:00-04:00,6.057828945947383,6.122445726414066,6.057828945947383,6.098214626312256,341600,0.0,0.0
2023-11-06 00:00:00-05:00,6.130524538722928,6.130524538722928,5.9770594544367786,5.993213653564453,541300,0.0,0.0
2023-11-07 00:00:00-05:00,5.968981026853093,6.057829297727425,5.952826830798344,5.960904121398926,447200,0.0,0.0
2023-11-08 00:00:00-05:00,5.960904320280439,5.993212713467885,5.904364439629192,5.912441730499268,570100,0.0,0.0
2023-11-09 00:00:00-05:00,5.936673724142944,5.936673724142944,5.815517038926457,5.831671237945557,564500,0.0,0.0
2023-11-10 00:00:00-05:00,5.863979939207696,5.944750933174783,5.847825355267799,5.936673641204834,550400,0.0,0.0
2023-11-13 00:00:00-05:00,5.936673494057892,5.99321338100669,5.928596587434618,5.944750785827637,334600,0.0,0.0
2023-11-14 00:00:00-05:00,6.0228857851118764,6.112415275918108,6.0228857851118764,6.079858779907227,443300,0.056,0.0
2023-11-15 00:00:00-05:00,6.09613561630249,6.153108987818161,6.079857565597918,6.09613561630249,544300,0.0,0.0
2023-11-16 00:00:00-05:00,6.096137170841044,6.136832502029611,6.0798591159855055,6.120554447174072,598400,0.0,0.0
2023-11-17 00:00:00-05:00,6.153108378988933,6.153108378988933,6.128691499397714,6.1368303298950195,410400,0.0,0.0
2023-11-20 00:00:00-05:00,6.136831711863594,6.193805090571923,6.128692879533485,6.1693878173828125,636200,0.0,0.0
2023-11-21 00:00:00-05:00,6.153110416312217,6.185666525279522,6.1368323618285645,6.16124963760376,534400,0.0,0.0
2023-11-22 00:00:00-05:00,6.201944263772811,6.234500371081376,6.193805430995376,6.210083484649658,948800,0.0,0.0
2023-11-24 00:00:00-05:00,6.2019439527133695,6.258917331695557,6.2019439527133695,6.258917331695557,251600,0.0,0.0
2023-11-27 00:00:00-05:00,6.250778062842547,6.299612220978107,6.242639230536315,6.291473388671875,634500,0.0,0.0
2023-11-28 00:00:00-05:00,6.291473602313999,6.307751655578613,6.267056328367377,6.307751655578613,385200,0.0,0.0
2023-11-29 00:00:00-05:00,6.3403084543644175,6.364725730977002,6.283335067668018,6.32403039932251,624500,0.0,0.0
2023-11-30 00:00:00-05:00,6.348446846008301,6.372863731329442,6.315890740180516,6.348446846008301,812600,0.0,0.0
2023-12-01 00:00:00-05:00,6.348447257540691,6.454254414290148,6.348447257540691,6.437976360321045,735000,0.0,0.0
2023-12-04 00:00:00-05:00,6.3484469827898495,6.381003089319077,6.307751655578613,6.307751655578613,889400,0.0,0.0
2023-12-05 00:00:00-05:00,6.28333544127506,6.291474663329695,6.193806327270892,6.242640495300293,690500,0.0,0.0
2023-12-06 00:00:00-05:00,6.242639591958223,6.258917645612506,6.193805430995376,6.210083484649658,693400,0.0,0.0
2023-12-07 00:00:00-05:00,6.2100828325059645,6.234499716373575,6.1938047805611,6.218221664428711,633700,0.0,0.0
2023-12-08 00:00:00-05:00,6.210083484649658,6.226361538303941,6.185666210118528,6.210083484649658,489100,0.0,0.0
2023-12-11 00:00:00-05:00,6.210084383280692,6.28333544127506,6.193806327270892,6.242640495300293,668800,0.0,0.0
2023-12-12 00:00:00-05:00,6.283333346094573,6.315889835357666,6.258916464271428,6.315889835357666,621200,0.0,0.0
2023-12-13 00:00:00-05:00,6.332168012587244,6.421697098528541,6.299611522673,6.397280216217041,712700,0.0,0.0
2023-12-14 00:00:00-05:00,6.464151480339196,6.513685161401489,6.455896063658166,6.505429744720459,625200,0.111,0.0
2023-12-15 00:00:00-05:00,6.48066217891532,6.488917988581861,6.43112850189209,6.43112850189209,549000,0.0,0.0
2023-12-18 00:00:00-05:00,6.48066297060543,6.497174198296884,6.464151742913978,6.488918781280518,871600,0.0,0.0
2023-12-19 00:00:00-05:00,6.505429333444153,6.530195975580188,6.488918107467236,6.5136847496032715,785200,0.0,0.0
2023-12-20 00:00:00-05:00,6.554963797503131,6.554963797503131,6.406362745889349,6.4228739738464355,1057400,0.0,0.0
2023-12-21 00:00:00-05:00,6.431128174365973,6.464150624033018,6.406361533945017,6.4393839836120605,798300,0.0,0.0
2023-12-22 00:00:00-05:00,6.464151382446289,6.538452099743873,6.431128928904851,6.464151382446289,808000,0.0,0.0
2023-12-26 00:00:00-05:00,6.497174198296884,6.521941236663423,6.48066297060543,6.488918781280518,678400,0.0,0.0
2023-12-27 00:00:00-05:00,6.513684997011179,6.513684997011179,6.431128863990883,6.455895900726318,735100,0.0,0.0
2023-12-28 00:00:00-05:00,6.48066254380306,6.488918353934437,6.431128863990883,6.455895900726318,735300,0.0,0.0
2023-12-29 00:00:00-05:00,6.439383706854451,6.455894930978339,6.34857177734375,6.34857177734375,1272100,0.0,0.0
2024-01-02 00:00:00-05:00,6.340316936520391,6.4228734634035645,6.315550293382395,6.389850616455078,505300,0.0,0.0
2024-01-03 00:00:00-05:00,6.398106787712526,6.439385053483836,6.381595560135746,6.414618015289307,464900,0.0,0.0
2024-01-04 00:00:00-05:00,6.37333869061932,6.4558952084455825,6.37333869061932,6.4393839836120605,646400,0.0,0.0
2024-01-05 00:00:00-05:00,6.431129287531072,6.513685425988337,6.431129287531072,6.488918781280518,511200,0.0,0.0
2024-01-08 00:00:00-05:00,6.505430643507919,6.538453102111816,6.464152373423668,6.538453102111816,758200,0.0,0.0
2024-01-09 00:00:00-05:00,6.4806627073599605,6.546707615443019,6.4806627073599605,6.505429744720459,662900,0.0,0.0
2024-01-10 00:00:00-05:00,6.497174832027565,6.546708519933412,6.48891941420597,6.538453102111816,671900,0.0,0.0
2024-01-11 00:00:00-05:00,6.551754890276577,6.568383693695068,6.526811486917867,6.568383693695068,940900,0.056,0.0
2024-01-12 00:00:00-05:00,6.568383755050873,6.576697958606809,6.526811547885343,6.551754951477051,400600,0.0,0.0
2024-01-16 00:00:00-05:00,6.543439757619527,6.551754356882835,6.435352345968013,6.451981544494629,856400,0.0,0.0
2024-01-17 00:00:00-05:00,6.451982903144346,6.48524051427709,6.427039496563789,6.460297107696533,477300,0.0,0.0
2024-01-18 00:00:00-05:00,6.468611708710719,6.501869319843463,6.4436683021301615,6.460297107696533,537800,0.0,0.0
2024-01-19 00:00:00-05:00,6.485239679810663,6.485239679810663,6.410409866159465,6.427038669586182,481200,0.0,0.0
2024-01-22 00:00:00-05:00,6.468611293621302,6.485240098120607,6.427039084142052,6.443667888641357,485900,0.0,0.0
2024-01-23 00:00:00-05:00,6.468610692993564,6.476924896240234,6.443667290329682,6.476924896240234,400800,0.0,0.0
2024-01-24 00:00:00-05:00,6.4935546639240265,6.510183469349797,6.476925858498257,6.485240459442139,358600,0.0,0.0
2024-01-25 00:00:00-05:00,6.493554592132568,6.518497998226451,6.468611582500675,6.493554592132568,621400,0.0,0.0
2024-01-26 00:00:00-05:00,6.4935546639240265,6.510183469349797,6.468611654016369,6.485240459442139,568100,0.0,0.0
2024-01-29 00:00:00-05:00,6.510182796025531,6.526811599731445,6.476925188613704,6.526811599731445,614500,0.0,0.0
2024-01-30 00:00:00-05:00,6.535126147903229,6.551754951477051,6.510182744311521,6.551754951477051,875800,0.0,0.0
2024-01-31 00:00:00-05:00,6.551755003521293,6.609955618261014,6.526811599731445,6.526811599731445,740100,0.0,0.0
2024-02-01 00:00:00-05:00,6.560069857055732,6.64321388382246,6.560069857055732,6.6182708740234375,934000,0.0,0.0
2024-02-02 00:00:00-05:00,6.601642195259613,6.609956399864718,6.543441177175875,6.585013389587402,672900,0.0,0.0
2024-02-05 00:00:00-05:00,6.576698980093827,6.585013581403129,6.5101837554674535,6.53512716293335,563800,0.0,0.0
2024-02-06 00:00:00-05:00,6.56006909375485,6.585012497113559,6.535126086858086,6.568383693695068,436900,0.0,0.0
2024-02-07 00:00:00-05:00,6.60995626449585,6.6265850698275095,6.585013254729355,6.60995626449585,620500,0.0,0.0
2024-02-08 00:00:00-05:00,6.576699192421539,6.609956805808443,6.568384987305825,6.59332799911499,443800,0.0,0.0
2024-02-09 00:00:00-05:00,6.618270865392676,6.6265850698275095,6.585013254729355,6.60995626449585,415500,0.0,0.0
2024-02-12 00:00:00-05:00,6.643212795257568,6.659841994348026,6.634898592174268,6.643212795257568,453700,0.0,0.0
2024-02-13 00:00:00-05:00,6.601642195259613,6.626585205536928,6.568384583915192,6.585013389587402,589500,0.0,0.0
2024-02-14 00:00:00-05:00,6.615159136320769,6.673774214189899,6.606785325605023,6.640279769897461,584200,0.056,0.0
2024-02-15 00:00:00-05:00,6.631905587828432,6.673773438686228,6.631905587828432,6.66540002822876,305900,0.0,0.0
2024-02-16 00:00:00-05:00,6.665399995963288,6.690520626499318,6.631905555725098,6.631905555725098,494400,0.0,0.0
2024-02-20 00:00:00-05:00,6.6402783037794695,6.665399331094921,6.581663238852056,6.606783866882324,593100,0.0,0.0
2024-02-21 00:00:00-05:00,6.631904894197775,6.6402783037794695,6.573289429985178,6.606783866882324,537700,0.0,0.0
2024-02-22 00:00:00-05:00,6.665398925979721,6.682146143410418,6.640277900191097,6.67377233505249,548100,0.0,0.0
2024-02-23 00:00:00-05:00,6.6905198097229,6.707267427082675,6.673772591648301,6.6905198097229,385700,0.0,0.0
2024-02-26 00:00:00-05:00,6.7072680216580896,6.724014841932061,6.640278744136154,6.64865255355835,477800,0.0,0.0
2024-02-27 00:00:00-05:00,6.673773216597979,6.690520436240833,6.665399806419158,6.682147026062012,285600,0.0,0.0
2024-02-28 00:00:00-05:00,6.6402781554991,6.698893618402788,6.6402781554991,6.6905198097229,413900,0.0,0.0
2024-02-29 00:00:00-05:00,6.724015463866223,6.740763084259676,6.69052102164981,6.71564245223999,450000,0.0,0.0
2024-03-01 00:00:00-05:00,6.71564272966947,6.7826316168696685,6.698895108584156,6.757510185241699,838800,0.0,0.0
2024-03-04 00:00:00-05:00,6.791003454096719,6.807751072284937,6.774256634478889,6.782630443572998,429100,0.0,0.0
2024-03-05 00:00:00-05:00,6.799378468323658,6.832872912066315,6.774257835159298,6.791004657745361,995100,0.0,0.0
2024-03-06 00:00:00-05:00,6.841247081756591,6.849620892774448,6.7993788252378815,6.841247081756592,472400,0.0,0.0
2024-03-07 00:00:00-05:00,6.866366863250732,6.891487494613067,6.841246231888398,6.866366863250732,391700,0.0,0.0
2024-03-08 00:00:00-05:00,6.857993354028965,6.891487796837793,6.824498911220137,6.849620342254639,440700,0.0,0.0
2024-03-11 00:00:00-04:00,6.857993500585053,6.866367311108836,6.816126045107187,6.8328728675842285,392100,0.0,0.0
2024-03-12 00:00:00-04:00,6.85799305327313,6.883114483205937,6.832872421910796,6.866366863250732,481200,0.0,0.0
2024-03-13 00:00:00-04:00,6.874740974718632,6.883114785063467,6.824498911220137,6.849620342254639,433100,0.0,0.0
2024-03-14 00:00:00-04:00,6.871539470665436,6.871539470665436,6.761932795061422,6.795658111572266,407600,0.056,0.0
2024-03-15 00:00:00-04:00,6.778796625860563,6.812521950205136,6.7197771072387695,6.7197771072387695,426100,0.0,0.0
2024-03-18 00:00:00-04:00,6.770365008318894,6.770365008318894,6.7197770224404145,6.761934280395508,485400,0.0,0.0
2024-03-19 00:00:00-04:00,6.761932875444138,6.854677295932719,6.753501345197455,6.846245765686035,506400,0.0,0.0
2024-03-20 00:00:00-04:00,6.820952435385355,6.913696862079116,6.820952435385355,6.9052653312683105,559100,0.0,0.0
2024-03-21 00:00:00-04:00,6.8968355820906755,6.972717761993408,6.8968355820906755,6.972717761993408,486900,0.0,0.0
2024-03-22 00:00:00-04:00,6.9727161408876,6.9811468668582615,6.922127764688826,6.947421550750732,306800,0.0,0.0
2024-03-25 00:00:00-04:00,6.947421550750732,6.964284610841978,6.913696234643203,6.947421550750732,372500,0.0,0.0
2024-03-26 00:00:00-04:00,6.9474233259988605,7.006443247324389,6.922129533473729,6.930561065673828,684800,0.0,0.0
2024-03-27 00:00:00-04:00,6.938990780780187,6.9811476315510665,6.905265460978493,6.964285373687744,911000,0.0,0.0
2024-03-28 00:00:00-04:00,6.955854892730713,7.006443282107284,6.922129567838056,6.955854892730713,1314000,0.0,0.0
2024-04-01 00:00:00-04:00,6.972716195771457,6.981146921808478,6.905264758950511,6.9136962890625,460200,0.0,0.0
2024-04-02 00:00:00-04:00,6.871541304560881,6.888404369354248,6.837815979049331,6.888404369354248,428700,0.0,0.0
2024-04-03 00:00:00-04:00,6.846246223742738,6.913696862079116,6.837814692931932,6.9052653312683105,389000,0.0,0.0
2024-04-04 00:00:00-04:00,6.913697460443616,6.9305605235246865,6.812521494182501,6.837815284729004,588200,0.0,0.0
2024-04-05 00:00:00-04:00,6.837814519993209,6.8715398383084345,6.812520732275544,6.863109111785889,505100,0.0,0.0
2024-04-08 00:00:00-04:00,6.863110478952116,6.922129596741912,6.863110478952116,6.896835803985596,489600,0.0,0.0
2024-04-09 00:00:00-04:00,6.930561325746685,6.930561325746685,6.871541402206403,6.8799729347229,333800,0.0,0.0
2024-04-10 00:00:00-04:00,6.854678347810075,6.871540606816042,6.829384557263572,6.837815284729004,494200,0.0,0.0
2024-04-11 00:00:00-04:00,6.863108826179403,6.871539552351106,6.829383509267648,6.846245765686035,258700,0.0,0.0
2024-04-12 00:00:00-04:00,6.825871060135904,6.842851227609319,6.6815428752476675,6.690032958984375,705500,0.056,0.0
2024-04-15 00:00:00-04:00,6.723992206545132,6.791911254315575,6.622113634889469,6.630603313446045,621500,0.0,0.0
2024-04-16 00:00:00-04:00,6.664562360889098,6.664562360889098,6.622113161481947,6.639092922210693,388900,0.0,0.0
2024-04-17 00:00:00-04:00,6.6645627045638625,6.690032549385112,6.647582942959512,6.673052787780762,281000,0.0,0.0
2024-04-18 00:00:00-04:00,6.690031936465054,6.707011696513772,6.664562093977273,6.698521614074707,269600,0.0,0.0
2024-04-19 00:00:00-04:00,6.707012721628316,6.749461925823431,6.6815428752476675,6.690032958984375,325000,0.0,0.0
2024-04-22 00:00:00-04:00,6.732481757099151,6.7919111251831055,6.698522233859592,6.7919111251831055,293000,0.0,0.0
2024-04-23 00:00:00-04:00,6.825870518992373,6.859830041588001,6.8088911625240005,6.842850685119629,216900,0.0,0.0
2024-04-24 00:00:00-04:00,6.868320599346277,6.868320599346277,6.808891633111297,6.825870990753174,234500,0.0,0.0
2024-04-25 00:00:00-04:00,6.774931907653809,6.80040175454367,6.749462060763946,6.774931907653809,344200,0.0,0.0
2024-04-26 00:00:00-04:00,6.800400260671006,6.842849861219198,6.800400260671006,6.808890342712402,452500,0.0,0.0
2024-04-29 00:00:00-04:00,6.817379615095011,6.834359779177803,6.783420096588214,6.808890342712402,464700,0.0,0.0
2024-04-30 00:00:00-04:00,6.825869697136407,6.868319297684599,6.783420096588214,6.808890342712402,660800,0.0,0.0
2024-05-01 00:00:00-04:00,6.808892110115564,6.84285163743733,6.800402025870373,6.834361553192139,463000,0.0,0.0
2024-05-02 00:00:00-04:00,6.868321080513905,6.876811164759096,6.817381384701758,6.834361553192139,259700,0.0,0.0
2024-05-03 00:00:00-04:00,6.902280332353429,6.910770416259766,6.851340638574375,6.910770416259766,323300,0.0,0.0
2024-05-06 00:00:00-04:00,6.927750111908085,6.94473028054797,6.910770752927205,6.936240196228027,300700,0.0,0.0
2024-05-07 00:00:00-04:00,6.927749161844274,6.961708684807868,6.910769805191924,6.944729328155518,420400,0.0,0.0
2024-05-08 00:00:00-04:00,6.953218801712389,6.9956684090529775,6.944729527971405,6.987178325653076,651300,0.0,0.0
2024-05-09 00:00:00-04:00,7.012648105621338,7.012648105621338,6.978688583957798,7.012648105621338,407200,0.0,0.0
2024-05-10 00:00:00-04:00,7.012649057677085,7.029628415984586,6.987178805727375,7.004158973693848,304000,0.0,0.0
2024-05-13 00:00:00-04:00,7.038117883227056,7.05509804970558,7.01264844316817,7.029627799987793,287300,0.0,0.0
2024-05-14 00:00:00-04:00,7.051851752244159,7.0774946212768555,7.043303857509223,7.0774946212768555,369600,0.056,0.0
2024-05-15 00:00:00-04:00,7.086042292607312,7.103138081538197,7.060399424383068,7.094590187072754,437800,0.0,0.0
2024-05-16 00:00:00-04:00,7.077495462098677,7.103139149350009,7.060400485769995,7.086043357849121,300800,0.0,0.0
2024-05-17 00:00:00-04:00,7.103139149350009,7.103139149350009,7.086043357849121,7.086043357849121,200300,0.0,0.0
2024-05-20 00:00:00-04:00,7.077495462098677,7.111686229928248,7.068948381520439,7.086043357849121,270800,0.0,0.0
2024-05-21 00:00:00-04:00,7.094591253377662,7.1116862297058105,7.07749546187731,7.1116862297058105,317800,0.0,0.0
2024-05-22 00:00:00-04:00,7.111685385044488,7.111685385044488,7.06894754171403,7.0774946212768555,262500,0.0,0.0
2024-05-23 00:00:00-04:00,7.077496173904778,7.077496173904778,6.974923860100047,6.9920196533203125,309900,0.0,0.0
2024-05-24 00:00:00-04:00,7.009112616987488,7.060399166736523,7.009112616987488,7.051851272583008,238700,0.0,0.0
2024-05-28 00:00:00-04:00,7.086044070514911,7.086044070514911,6.9920196533203125,6.9920196533203125,476800,0.0,0.0
2024-05-29 00:00:00-04:00,6.9920186712546775,6.9920186712546775,6.897993452094125,6.906541347503662,492600,0.0,0.0
2024-05-30 00:00:00-04:00,6.906541486573609,6.983470916464137,6.906541486573609,6.957828044891357,540700,0.0,0.0
2024-05-31 00:00:00-04:00,7.017660511141003,7.051851272583008,6.966373961391968,7.051851272583008,558400,0.0,0.0
2024-06-03 00:00:00-04:00,7.086042766956385,7.094590661994035,7.026209132037111,7.068947792053223,446900,0.0,0.0
2024-06-04 00:00:00-04:00,7.077495802936807,7.077495802936807,7.000566367822454,7.034757137298584,287600,0.0,0.0
2024-06-05 00:00:00-04:00,7.068947792053223,7.094590661994035,7.043304106940273,7.068947792053223,252700,0.0,0.0
2024-06-06 00:00:00-04:00,7.0774946212768555,7.094590410746727,7.043303857509223,7.0774946212768555,263500,0.0,0.0
2024-06-07 00:00:00-04:00,7.077494139871498,7.077494139871498,7.0262084052945175,7.051851272583008,464900,0.0,0.0
2024-06-10 00:00:00-04:00,7.0347557030162555,7.051851491854865,7.000564940511116,7.00911283493042,427300,0.0,0.0
2024-06-11 00:00:00-04:00,6.974923020882481,6.974923020882481,6.923637277736922,6.957828044891357,728500,0.0,0.0
2024-06-12 00:00:00-04:00,7.0005667347581575,7.026210424588556,6.966375963489914,6.9920196533203125,575600,0.0,0.0
2024-06-13 00:00:00-04:00,6.983471029570198,6.983471029570198,6.9492802618619995,6.974923133850098,345000,0.0,0.0
2024-06-14 00:00:00-04:00,6.971480763723546,6.988693868844123,6.9284467697143555,6.9284467697143555,349300,0.056,0.0
2024-06-17 00:00:00-04:00,6.962874573928828,6.997301608797978,6.833772987968204,6.902627468109131,887100,0.0,0.0
2024-06-18 00:00:00-04:00,6.919839466966215,6.962873458862305,6.911232504425972,6.962873458862305,353900,0.0,0.0
2024-06-20 00:00:00-04:00,6.980085893709456,6.980085893709456,6.91123184160124,6.9370527267456055,372500,0.0,0.0
2024-06-21 00:00:00-04:00,6.962872747245807,6.980085849761963,6.937052683069055,6.980085849761963,312800,0.0,0.0
2024-06-24 00:00:00-04:00,6.997301049159913,7.023121118045394,6.962874017044207,7.005908012390137,524900,0.0,0.0
2024-06-25 00:00:00-04:00,7.040334669970779,7.040334669970779,6.954266683857606,6.988693714141846,424600,0.0,0.0
2024-06-26 00:00:00-04:00,6.980086751369499,6.988693714141846,6.919839653573367,6.988693714141846,495300,0.0,0.0
2024-06-27 00:00:00-04:00,6.997300624847412,7.005907587555714,6.980086699430807,6.997300624847412,368800,0.0,0.0
2024-06-28 00:00:00-04:00,7.040335231128052,7.074762264156334,7.01451434075293,7.031728267669678,431400,0.0,0.0
2024-07-01 00:00:00-04:00,7.048940948137742,7.057547911076393,7.014513917188302,7.023120880126953,318000,0.0,0.0
2024-07-02 00:00:00-04:00,7.0145139993857475,7.066154956817627,7.0145139993857475,7.066154956817627,320200,0.0,0.0
2024-07-03 00:00:00-04:00,7.057548127594408,7.100582122802734,7.057548127594408,7.100582122802734,349500,0.0,0.0
2024-07-05 00:00:00-04:00,7.1005809784907,7.1005809784907,7.057546990217625,7.074760913848877,269300,0.0,0.0
2024-07-08 00:00:00-04:00,7.074762158866521,7.091975264721882,7.06615519553624,7.083368301391602,303200,0.0,0.0
2024-07-09 00:00:00-04:00,7.100582228052163,7.100582228052163,7.057548232205958,7.083368301391602,369000,0.0,0.0
2024-07-10 00:00:00-04:00,7.117795707177605,7.135008811950684,7.091974818810264,7.135008811950684,333200,0.0,0.0
2024-07-11 00:00:00-04:00,7.135009527550478,7.135009527550478,7.109189457398683,7.117796421051025,479000,0.0,0.0
2024-07-12 00:00:00-04:00,7.135007422959001,7.212468431371178,7.135007422959001,7.186648368835449,659300,0.0,0.0
2024-07-15 00:00:00-04:00,7.200514411895047,7.235173892912409,7.157189854036543,7.1658549308776855,579700,0.056,0.0
2024-07-16 00:00:00-04:00,7.191848763569088,7.20051383972168,7.183183687416497,7.20051383972168,645600,0.0,0.0
2024-07-17 00:00:00-04:00,7.183182229087012,7.226506774707076,7.157187832253764,7.1745171546936035,673200,0.0,0.0
2024-07-18 00:00:00-04:00,7.148524745126759,7.1831842259886365,7.096535110660339,7.131194591522217,1145900,0.0,0.0
2024-07-19 00:00:00-04:00,7.139858905643556,7.148523981520222,7.001220997005369,7.070539951324463,647000,0.0,0.0
2024-07-22 00:00:00-04:00,7.07054025086329,7.148524284362793,7.061875174619534,7.148524284362793,465600,0.0,0.0
2024-07-23 00:00:00-04:00,7.165854344127818,7.183183670043945,7.1311940396012785,7.183183670043945,680600,0.0,0.0
2024-07-24 00:00:00-04:00,7.1485244720764864,7.1571895485477794,7.061875360057901,7.079205513000488,700300,0.0,0.0
2024-07-25 00:00:00-04:00,7.11386480573492,7.191848839234422,7.105199729491163,7.148524284362793,528800,0.0,0.0
2024-07-26 00:00:00-04:00,7.174518967738072,7.22650860088964,7.174518967738072,7.209178447723389,293100,0.0,0.0
2024-07-29 00:00:00-04:00,7.226507196828955,7.235172271728516,7.174517573778613,7.235172271728516,485900,0.0,0.0
2024-07-30 00:00:00-04:00,7.26116732652632,7.321821203612615,7.252502250843393,7.3131561279296875,726200,0.0,0.0
2024-07-31 00:00:00-04:00,7.373810777346857,7.39980517785812,7.3478155504885,7.382475852966309,594900,0.0,0.0
2024-08-01 00:00:00-04:00,7.38247599904524,7.399805324279951,7.243837265432004,7.278496742248535,493000,0.0,0.0
2024-08-02 00:00:00-04:00,7.19184932701745,7.20051440384891,7.096535134565805,7.157189846038818,575300,0.0,0.0
2024-08-05 00:00:00-04:00,7.00122031438694,7.105198735727692,6.888576818014366,6.9665608406066895,958100,0.0,0.0
2024-08-06 00:00:00-04:00,6.992556485944763,7.096534925822147,6.975227159138791,7.035881042480469,540100,0.0,0.0
2024-08-07 00:00:00-04:00,7.070540539004775,7.183184055722643,7.044546135561324,7.053211212158203,590400,0.0,0.0
2024-08-08 00:00:00-04:00,7.079205815160675,7.174519181371618,7.079205815160675,7.1658549308776855,486000,0.0,0.0
2024-08-09 00:00:00-04:00,7.183182229087012,7.200512377873828,7.139857683466948,7.1745171546936035,340300,0.0,0.0
2024-08-12 00:00:00-04:00,7.20051440384891,7.2091786543331615,7.1571898460388175,7.157189846038818,246800,0.0,0.0
2024-08-13 00:00:00-04:00,7.17451859391231,7.209178072091707,7.165854344127818,7.183183670043945,260400,0.0,0.0
2024-08-14 00:00:00-04:00,7.2005127984772965,7.287161068431833,7.2005127984772965,7.235172271728516,443000,0.0,0.0
2024-08-15 00:00:00-04:00,7.284023815071645,7.362533548996765,7.284023815071645,7.327640056610107,347800,0.056,0.0
2024-08-16 00:00:00-04:00,7.292746969824867,7.318917714515262,7.249130725860596,7.249130725860596,475000,0.0,0.0
2024-08-19 00:00:00-04:00,7.28402425680949,7.353811245815021,7.28402425680949,7.318917751312256,418600,0.0,0.0
2024-08-20 00:00:00-04:00,7.336363583982863,7.336363583982863,7.26657659972042,7.284023761749268,366400,0.0,0.0
2024-08-21 00:00:00-04:00,7.292746698454751,7.318917442171308,7.26657678666469,7.3014702796936035,494900,0.0,0.0
2024-08-22 00:00:00-04:00,7.3276405009930485,7.336364082600373,7.292747006490283,7.318917751312256,428400,0.0,0.0
2024-08-23 00:00:00-04:00,7.318917538587381,7.484661424676527,7.310193957233608,7.475937843322754,1027900,0.0,0.0
2024-08-26 00:00:00-04:00,7.502107809212212,7.537001299081395,7.493384228763311,7.519554138183594,788200,0.0,0.0
2024-08-27 00:00:00-04:00,7.5195549181651105,7.5195549181651105,7.449767931187943,7.475937843322754,551000,0.0,0.0
2024-08-28 00:00:00-04:00,7.4933852970593575,7.51955521021056,7.414874725679214,7.458491802215576,478200,0.0,0.0
2024-08-29 00:00:00-04:00,7.467214164884799,7.519553982642722,7.458490584616344,7.510830402374268,692200,0.0,0.0
2024-08-30 00:00:00-04:00,7.545724681266539,7.554448262448014,7.493384858030665,7.528278350830078,562800,0.0,0.0
2024-09-03 00:00:00-04:00,7.5282789298967305,7.545725261675143,7.414874861594105,7.432322025299072,648500,0.0,0.0
2024-09-04 00:00:00-04:00,7.449768047714796,7.502108704729621,7.388704641136268,7.41487455368042,767400,0.0,0.0
2024-09-05 00:00:00-04:00,7.41487455368042,7.4410444662245725,7.345087565611667,7.41487455368042,533000,0.0,0.0
2024-09-06 00:00:00-04:00,7.414874203539994,7.493384769391596,7.284023815071645,7.327640056610107,787300,0.0,0.0
2024-09-09 00:00:00-04:00,7.3363641007802025,7.371257595369436,7.310194187819911,7.353811264038086,434000,0.0,0.0
2024-09-10 00:00:00-04:00,7.37125744063972,7.379981022085545,7.310194034371974,7.34508752822876,454800,0.0,0.0
2024-09-11 00:00:00-04:00,7.371257577103139,7.379981158710463,7.2404071806994,7.318917751312256,480800,0.0,0.0
2024-09-12 00:00:00-04:00,7.318917751312256,7.353811245815021,7.28402425680949,7.318917751312256,416700,0.0,0.0
2024-09-13 00:00:00-04:00,7.353811264038086,7.397427508329728,7.3363641007802025,7.353811264038086,289300,0.0,0.0
2024-09-16 00:00:00-04:00,7.402988785147262,7.438115624801405,7.394206865861247,7.411769866943359,391600,0.056,0.0
2024-09-17 00:00:00-04:00,7.455678281074598,7.473242118834339,7.394206523895264,7.394206523895264,383600,0.0,0.0
2024-09-18 00:00:00-04:00,7.42055082321167,7.438114659504317,7.39420590626251,7.42055082321167,452000,0.0,0.0
2024-09-19 00:00:00-04:00,7.473242624457392,7.499587545389564,7.446896866035285,7.490805625915527,524400,0.0,0.0
2024-09-20 00:00:00-04:00,7.517151989719466,7.517151989719466,7.44689746575928,7.482025146484375,334200,0.0,0.0
2024-09-23 00:00:00-04:00,7.499586565416093,7.517150402069092,7.473241647926422,7.517150402069092,518200,0.0,0.0
2024-09-24 00:00:00-04:00,7.517150253045483,7.561058168827875,7.499586416740678,7.552277088165283,369200,0.0,0.0
2024-09-25 00:00:00-04:00,7.552278685195235,7.561059767714704,7.455679240071188,7.5083699226379395,536400,0.0,0.0
2024-09-26 00:00:00-04:00,7.525932456756842,7.534714376219717,7.49080561639528,7.499587535858154,313900,0.0,0.0
2024-09-27 00:00:00-04:00,7.4995875591198224,7.59618616104126,7.4995875591198224,7.59618616104126,610000,0.0,0.0
2024-09-30 00:00:00-04:00,7.59618616104126,7.613750000021487,7.525932480100226,7.59618616104126,638400,0.0,0.0
2024-10-01 00:00:00-04:00,7.596187104077848,7.622532865818911,7.50837041074443,7.604969024658203,359700,0.0,0.0
2024-10-02 00:00:00-04:00,7.596184377362585,7.596184377362585,7.5434945477740065,7.587403297424316,444800,0.0,0.0
2024-10-03 00:00:00-04:00,7.552277237885264,7.552277237885264,7.508368483742593,7.517150402069092,377900,0.0,0.0
2024-10-04 00:00:00-04:00,7.534712652723902,7.569839485050528,7.517149655305462,7.5610575675964355,273000,0.0,0.0
2024-10-07 00:00:00-04:00,7.561059915645826,7.578623756008374,7.455679385940554,7.482025146484375,649100,0.0,0.0
2024-10-08 00:00:00-04:00,7.525933414415097,7.6313139489092245,7.517152331324785,7.604969024658203,676100,0.0,0.0
2024-10-09 00:00:00-04:00,7.631312219525441,7.675220974986708,7.622531138425069,7.666439056396484,775900,0.0,0.0
2024-10-10 00:00:00-04:00,7.66643933359097,7.675221252498721,7.59618565730873,7.622531414031982,303600,0.0,0.0
2024-10-11 00:00:00-04:00,7.622531895397,7.7366943359375,7.622531895397,7.7366943359375,554500,0.0,0.0
2024-10-14 00:00:00-04:00,7.710347785855732,7.736693541537556,7.6664390305425405,7.692784786224365,447100,0.0,0.0
2024-10-15 00:00:00-04:00,7.706927928990632,7.724603930356712,7.645059817013539,7.653898239135742,449700,0.056,0.0
2024-10-16 00:00:00-04:00,7.645059817013539,7.6804126626240246,7.636222237769663,7.653898239135742,691400,0.0,0.0
2024-10-17 00:00:00-04:00,7.6804126626240246,7.6804126626240246,7.653898239135742,7.653898239135742,307500,0.0,0.0
2024-10-18 00:00:00-04:00,7.680411571504036,7.759955673546751,7.636221152927599,7.6892499923706055,347400,0.0,0.0
2024-10-21 00:00:00-04:00,7.689249980955456,7.733441242344494,7.680411560102008,7.7069268226623535,383400,0.0,0.0
2024-10-22 00:00:00-04:00,7.706925991855621,7.715763568878174,7.680410732153621,7.715763568878174,402300,0.0,0.0
2024-10-23 00:00:00-04:00,7.706927928990632,7.706927928990632,7.645059817013539,7.653898239135742,243700,0.0,0.0
2024-10-24 00:00:00-04:00,7.689249992370606,7.689249992370606,7.662735572649103,7.6892499923706055,288100,0.0,0.0
2024-10-25 00:00:00-04:00,7.724602212421263,7.75995505016935,7.7069262149862885,7.742279052734375,408300,0.0,0.0
2024-10-28 00:00:00-04:00,7.75995385030493,7.79530668258667,7.7069250233213245,7.79530668258667,353300,0.0,0.0
2024-10-29 00:00:00-04:00,7.786471624808089,7.786471624808089,7.733441937796754,7.759956359863281,188200,0.0,0.0
2024-10-30 00:00:00-04:00,7.786470890045166,7.812985309609686,7.751118049666407,7.786470890045166,364200,0.0,0.0
2024-10-31 00:00:00-04:00,7.786470924586981,7.786470924586981,7.7069268226623535,7.7069268226623535,395600,0.0,0.0
2024-11-01 00:00:00-04:00,7.715763699291085,7.742278959441251,7.662734864747012,7.680410861968994,315800,0.0,0.0
2024-11-04 00:00:00-05:00,7.662736278925662,7.706927544453426,7.645059435563243,7.698089122772217,258400,0.0,0.0
2024-11-05 00:00:00-05:00,7.698088037146174,7.7776321353027535,7.662735198285269,7.73344087600708,308700,0.0,0.0
2024-11-06 00:00:00-05:00,7.821822643280029,7.848337059159348,7.777631388229109,7.821822643280029,709200,0.0,0.0
2024-11-07 00:00:00-05:00,7.821823261745999,7.830660839152498,7.759955162631611,7.76879358291626,547800,0.0,0.0
2024-11-08 00:00:00-05:00,7.759954549057507,7.830660219987746,7.759954549057507,7.821822643280029,310200,0.0,0.0
2024-11-11 00:00:00-05:00,7.848337762226432,7.901366598735481,7.83066092147131,7.874852180480957,434500,0.0,0.0
2024-11-12 00:00:00-05:00,7.830661308359965,7.8394997291742055,7.742279628852167,7.786470890045166,410000,0.0,0.0
2024-11-13 00:00:00-05:00,7.786471109783395,7.857176792536266,7.7246030052159655,7.8394999504089355,629900,0.0,0.0
2024-11-14 00:00:00-05:00,7.874851694271828,7.927881370384878,7.848337277654357,7.892528533935547,656100,0.0,0.0
2024-11-15 00:00:00-05:00,7.88897067090421,8.031274404824012,7.853394737424259,8.013486862182617,548200,0.056,0.0
2024-11-18 00:00:00-05:00,8.01348797411837,8.066851457644328,7.995699580811531,8.040169715881348,509700,0.0,0.0
2024-11-19 00:00:00-05:00,8.013484913421038,8.013484913421038,7.782240977937901,7.844498634338379,613800,0.0,0.0
2024-11-20 00:00:00-05:00,7.871183564926029,7.880076912641515,7.693303039460983,7.728878974914551,540000,0.0,0.0
2024-11-21 00:00:00-05:00,7.782243134568936,7.880076742909672,7.711091265194367,7.871183395385742,513500,0.0,0.0
2024-11-22 00:00:00-05:00,7.87118481035042,7.888972356793048,7.808926277307866,7.853396415710449,394000,0.0,0.0
2024-11-25 00:00:00-05:00,7.915652066842437,7.986803930727083,7.880076134900114,7.9423346519470215,703500,0.0,0.0
2024-11-26 00:00:00-05:00,7.942335587599868,7.9601231315679435,7.880077063218548,7.92454719543457,355900,0.0,0.0
2024-11-27 00:00:00-05:00,7.942336011127244,7.986805297517381,7.906760073096774,7.977911949157715,353000,0.0,0.0
2024-11-29 00:00:00-05:00,8.013486364893362,8.013486364893362,7.9512278490191255,7.995697975158691,357100,0.0,0.0
2024-12-02 00:00:00-05:00,7.960122193819622,7.986803930727083,7.915652066842437,7.9423346519470215,514100,0.0,0.0
2024-12-03 00:00:00-05:00,7.933442115783691,7.951229661375642,7.853396040126662,7.933442115783691,465500,0.0,0.0
2024-12-04 00:00:00-05:00,7.960122009141219,7.969016203969731,7.871182605447406,7.89786434173584,401500,0.0,0.0
2024-12-05 00:00:00-05:00,7.897865524896282,7.906759721057213,7.844501196127929,7.888971328735352,471800,0.0,0.0
2024-12-06 00:00:00-05:00,7.89786632242421,7.91565386834503,7.844501988267117,7.862290382385254,428500,0.0,0.0
2024-12-09 00:00:00-05:00,7.897867203305523,7.906761401356597,7.791139371284863,7.8000335693359375,508200,0.0,0.0
2024-12-10 00:00:00-05:00,7.826713364254118,7.835607560088054,7.755561493977034,7.7644548416137695,332500,0.0,0.0
2024-12-11 00:00:00-05:00,7.800032441075879,7.817819986407682,7.719986366589546,7.7555623054504395,539500,0.0,0.0
2024-12-12 00:00:00-05:00,7.719985783972216,7.728879131868305,7.657727259516257,7.675515651702881,350800,0.0,0.0
2024-12-13 00:00:00-05:00,7.702196270400229,7.746666396195029,7.63104440840739,7.64883279800415,359500,0.0,0.0
2024-12-16 00:00:00-05:00,7.659585446386833,7.677502160660569,7.605833594852235,7.623751163482666,406000,0.062,0.0
2024-12-17 00:00:00-05:00,7.632707925429745,7.632707925429745,7.525204250844803,7.543121814727783,557800,0.0,0.0
2024-12-18 00:00:00-05:00,7.525204957011567,7.561039233783754,7.301240513596264,7.346033573150635,783000,0.0,0.0
2024-12-19 00:00:00-05:00,7.390826592465314,7.417702086308991,7.220613992313296,7.256448268890381,813100,0.0,0.0
2024-12-20 00:00:00-05:00,7.2833242753290515,7.381868329262358,7.265406708601211,7.3729095458984375,777600,0.0,0.0
2024-12-23 00:00:00-05:00,7.426662033012831,7.498330597399516,7.390827750819488,7.444579601287842,726300,0.0,0.0
2024-12-24 00:00:00-05:00,7.489370383157557,7.543122223361931,7.453536107806814,7.525204658508301,359000,0.0,0.0
2024-12-26 00:00:00-05:00,7.52520526964534,7.596873826167175,7.480413062586632,7.587915897369385,471000,0.0,0.0
2024-12-27 00:00:00-05:00,7.5431227337384685,7.614791289289134,7.435619900412469,7.507288455963135,550700,0.0,0.0
2024-12-30 00:00:00-05:00,7.453537531068668,7.480413883481184,7.390827750819488,7.444579601287842,614600,0.0,0.0
2024-12-31 00:00:00-05:00,7.444577110938972,7.489369307929321,7.399784059592229,7.41770076751709,1117600,0.0,0.0
2025-01-02 00:00:00-05:00,7.435619797465827,7.4983295691152945,7.399785520186621,7.426661014556885,415000,0.0,0.0
2025-01-03 00:00:00-05:00,7.42666016939808,7.480412006378174,7.390825896196839,7.480412006378174,429300,0.0,0.0
2025-01-06 00:00:00-05:00,7.516246293294173,7.659583386360683,7.498328729482626,7.561038494110107,737400,0.0,0.0
2025-01-07 00:00:00-05:00,7.569997276015881,7.605831549282508,7.52520422084348,7.561038494110107,376000,0.0,0.0
2025-01-08 00:00:00-05:00,7.569997276015881,7.578956057921654,7.534163002749254,7.561038494110107,690900,0.0,0.0
2025-01-10 00:00:00-05:00,7.543122220357373,7.543122220357373,7.444578176771208,7.498329162597656,724600,0.0,0.0
2025-01-13 00:00:00-05:00,7.4893699475768525,7.561038494110107,7.471453238121772,7.561038494110107,510300,0.0,0.0
2025-01-14 00:00:00-05:00,7.614791460432276,7.659584522247314,7.596873893963624,7.6595845222473145,421000,0.0,0.0
2025-01-15 00:00:00-05:00,7.742604004587588,7.886988092037709,7.706507982725058,7.805771827697754,597100,0.062,0.0
2025-01-16 00:00:00-05:00,7.832846511826495,7.832846511826495,7.697485749446787,7.760654449462891,546700,0.0,0.0
2025-01-17 00:00:00-05:00,7.823822100993432,7.832846323721484,7.778701847950421,7.814797878265381,1136200,0.0,0.0
2025-01-21 00:00:00-05:00,7.823820585925152,7.868940830230713,7.823820585925152,7.868940830230713,455800,0.0,0.0
2025-01-22 00:00:00-05:00,7.88698728579347,7.88698728579347,7.841867047928446,7.877963066101074,303600,0.0,0.0
2025-01-23 00:00:00-05:00,7.877963465115233,7.932107925415039,7.85089166526383,7.932107925415039,429900,0.0,0.0
2025-01-24 00:00:00-05:00,7.932108957193665,7.977229203213074,7.9050371538208655,7.923084735870361,321900,0.0,0.0
2025-01-27 00:00:00-05:00,7.9140625659116255,7.986254626166012,7.905038343230516,7.950158596038818,520100,0.0,0.0
2025-01-28 00:00:00-05:00,7.959179725266441,7.968203945415909,7.85089166526383,7.932107925415039,419000,0.0,0.0
2025-01-29 00:00:00-05:00,7.941133918974422,7.950158141139174,7.805773168294714,7.859917640686035,584200,0.0,0.0
2025-01-30 00:00:00-05:00,7.8869894920503425,7.9862542152404785,7.8869894920503425,7.9862542152404785,432500,0.0,0.0
2025-01-31 00:00:00-05:00,7.968203945415909,8.013324185566248,7.932107925415039,7.932107925415039,590600,0.0,0.0
2025-02-03 00:00:00-05:00,7.868939876974587,7.923083475104552,7.832843858022286,7.914060115814209,442700,0.0,0.0
2025-02-04 00:00:00-05:00,7.923085927995492,7.959181958122685,7.896014120549408,7.950158596038818,313900,0.0,0.0
2025-02-05 00:00:00-05:00,7.968205970940534,8.103565865203146,7.950158386650888,8.094542503356934,572700,0.0,0.0
2025-02-06 00:00:00-05:00,8.10356411305621,8.112588333548432,8.01332448992509,8.0313720703125,421000,0.0,0.0
2025-02-07 00:00:00-05:00,8.058445799293688,8.067469160384203,7.868941446838497,7.941133499145508,506600,0.0,0.0
2025-02-10 00:00:00-05:00,7.950157720833172,7.9772295252990135,7.905037472992003,7.941133499145508,359900,0.0,0.0
2025-02-11 00:00:00-05:00,7.9411318994120155,7.995275497436523,7.9321076795422725,7.995275497436523,250800,0.0,0.0
2025-02-12 00:00:00-05:00,7.986253333321148,8.040396939448346,7.932108866596848,8.02234935760498,444200,0.0,0.0
2025-02-13 00:00:00-05:00,8.058446474180421,8.112590087646579,8.040398029293556,8.094542503356934,351100,0.0,0.0
2025-02-14 00:00:00-05:00,8.114531517028809,8.141791737675844,8.06909723822589,8.114531517028809,307100,0.062,0.0
2025-02-18 00:00:00-05:00,8.096359252929688,8.096359252929688,8.014577706279976,8.096359252929688,447900,0.0,0.0
2025-02-19 00:00:00-05:00,8.069097518920898,8.087270711122173,8.023663238537484,8.069097518920898,325200,0.0,0.0
2025-02-20 00:00:00-05:00,8.087270711122173,8.105444769910266,8.023663238537484,8.069097518920898,384200,0.0,0.0
2025-02-21 00:00:00-05:00,8.078185792663124,8.087271956869966,7.987317217899076,8.023664474487305,365500,0.0,0.0
2025-02-24 00:00:00-05:00,8.032750972308012,8.069098226484599,7.987316687940552,8.01457691192627,290900,0.0,0.0
2025-02-25 00:00:00-05:00,8.050924810266027,8.087272067350797,8.005491388850286,8.041838645935059,468000,0.0,0.0
2025-02-26 00:00:00-05:00,8.014575396749581,8.050922644054625,7.9600549590853795,7.9873151779174805,302800,0.0,0.0
2025-02-27 00:00:00-05:00,8.02366394211714,8.050924166102858,7.969143494145706,8.01457691192627,415800,0.0,0.0
2025-02-28 00:00:00-05:00,8.050924567611313,8.150880171521997,8.014577311622046,8.123619079589844,673800,0.0,0.0
2025-03-03 00:00:00-05:00,8.141792020899633,8.159965213100907,8.032750267931531,8.069097518920898,354000,0.0,0.0
2025-03-04 00:00:00-05:00,8.014578564172037,8.032752628300456,7.832842255823242,7.9418840408325195,574800,0.0,0.0
2025-03-05 00:00:00-05:00,7.960055654564683,8.060010376740033,7.914621374817049,8.050923347473145,413500,0.0,0.0
2025-03-06 00:00:00-05:00,7.996403421365758,8.014576614486153,7.860100573321906,7.923708915710449,410800,0.0,0.0
2025-03-07 00:00:00-05:00,7.896448907506745,7.969144289703984,7.860101649701616,7.960057258605957,301400,0.0,0.0
2025-03-10 00:00:00-04:00,7.932795978842781,7.950970040611635,7.83284123887497,7.914622783660889,512500,0.0,0.0
2025-03-11 00:00:00-04:00,7.914622864804649,7.92370989578224,7.778320866488671,7.805581092834473,549400,0.0,0.0
2025-03-12 00:00:00-04:00,7.860100929671452,7.87827499020266,7.723798942035007,7.769233226776123,470400,0.0,0.0
2025-03-13 00:00:00-04:00,7.796493819051555,7.832841075242989,7.741973368057876,7.751059532165527,462100,0.0,0.0
2025-03-14 00:00:00-04:00,7.798656643162369,7.890189643161034,7.78950308128299,7.871883392333984,225300,0.062,0.0
2025-03-17 00:00:00-04:00,7.862730393782438,8.009183902618377,7.862730393782438,7.908497333526611,641100,0.0,0.0
2025-03-18 00:00:00-04:00,7.935956954956055,7.954263206648896,7.881036454014033,7.935956954956055,304800,0.0,0.0
2025-03-19 00:00:00-04:00,7.963418006093149,7.972571569827467,7.871884987545618,7.9451117515563965,436100,0.0,0.0
2025-03-20 00:00:00-04:00,7.926804262932749,7.981724769904528,7.890190882595511,7.9176506996154785,245200,0.0,0.0
2025-03-21 00:00:00-04:00,7.899344359857809,7.9176506133610784,7.8261175999810595,7.862730979919434,445000,0.0,0.0
2025-03-24 00:00:00-04:00,7.92680462408776,7.954264442358831,7.899344805816689,7.9451117515563965,398700,0.0,0.0
2025-03-25 00:00:00-04:00,8.0000305147759,8.036643892784394,7.972570699502478,7.981724262237549,392000,0.0,0.0
2025-03-26 00:00:00-04:00,7.93595782625002,7.981724769904528,7.9176506996154785,7.9176506996154785,352800,0.0,0.0
2025-03-27 00:00:00-04:00,7.917649830331465,7.935956954956055,7.853576640008897,7.935956954956055,366000,0.0,0.0
2025-03-28 00:00:00-04:00,7.91765002313003,7.945110710735595,7.8444232687120605,7.908497333526611,439000,0.0,0.0
2025-03-31 00:00:00-04:00,7.871883392333984,7.908496766919791,7.81696289398942,7.871883392333984,822800,0.0,0.0
2025-04-01 00:00:00-04:00,7.899343967437744,7.92680378279443,7.844423463792582,7.899343967437744,387000,0.0,0.0
2025-04-02 00:00:00-04:00,7.871883396837038,7.935956584165927,7.8352700222302865,7.8901896476745605,310600,0.0,0.0
2025-04-03 00:00:00-04:00,7.7162764716276095,7.7620425359885745,7.652202410245157,7.661355972290039,490200,0.0,0.0
2025-04-04 00:00:00-04:00,7.524056502569307,7.551516317484717,7.075541973114014,7.075541973114014,1207700,0.0,0.0
2025-04-07 00:00:00-04:00,6.636181855028326,7.048082623167844,6.553801526814045,6.956549167633057,1203200,0.0,0.0
2025-04-08 00:00:00-04:00,7.27691557334179,7.340989638929736,6.947395174483503,6.993161678314209,881600,0.0,0.0
2025-04-09 00:00:00-04:00,7.029774439974056,7.524055867881358,6.956547691088782,7.487442493438721,824400,0.0,0.0
2025-04-10 00:00:00-04:00,7.47829013949455,7.47829013949455,7.139616152964339,7.3135294914245605,391900,0.0,0.0
2025-04-11 00:00:00-04:00,7.267762870495245,7.395909699737774,7.203689237641022,7.34099006652832,342300,0.0,0.0
2025-04-14 00:00:00-04:00,7.496596166148825,7.496596166148825,7.368449775248457,7.423369407653809,374800,0.0,0.0
2025-04-15 00:00:00-04:00,7.452885171097211,7.517451964718846,7.388318377475577,7.425213813781738,356500,0.062,0.0
2025-04-16 00:00:00-04:00,7.369870826920332,7.425214425769298,7.277632228552608,7.332975387573242,433200,0.0,0.0
2025-04-17 00:00:00-04:00,7.360647820932323,7.41599098471938,7.332976019124612,7.351423740386963,452100,0.0,0.0
2025-04-21 00:00:00-04:00,7.314528009458654,7.351423450528612,7.157722604825507,7.203841686248779,503800,0.0,0.0
2025-04-22 00:00:00-04:00,7.305304387591708,7.397543430328369,7.296080307386701,7.397543430328369,627300,0.0,0.0
2025-04-23 00:00:00-04:00,7.535901404573492,7.563572766595924,7.443662358289732,7.46211051940918,453600,0.0,0.0
2025-04-24 00:00:00-04:00,7.517452411891392,7.563571929931641,7.480556973390521,7.563571929931641,268800,0.0,0.0
2025-04-25 00:00:00-04:00,7.60046849264362,7.655812098409307,7.526677604727218,7.609692573547363,351500,0.0,0.0
2025-04-28 00:00:00-04:00,7.646587344793291,7.655811424885542,7.572796463368678,7.591243743896484,360600,0.0,0.0
2025-04-29 00:00:00-04:00,7.60969193098343,7.665035532075892,7.59124377073371,7.646587371826172,342300,0.0,0.0
2025-04-30 00:00:00-04:00,7.618916654451106,7.637363936601822,7.508230322576503,7.609692573547363,1475300,0.0,0.0
2025-05-01 00:00:00-04:00,7.655811168019968,7.683482527711603,7.5727962092883985,7.665035247802734,648100,0.0,0.0
2025-05-02 00:00:00-04:00,7.738826751708984,7.748049952579916,7.6742590676720495,7.738826751708984,352900,0.0,0.0
2025-05-05 00:00:00-04:00,7.683482482799368,7.757273361316842,7.674258403070519,7.7203779220581055,413600,0.0,0.0
2025-05-06 00:00:00-04:00,7.711154460906982,7.784945345343854,7.674259018688546,7.711154460906982,503500,0.0,0.0
2025-05-07 00:00:00-04:00,7.748049281587993,7.784944720846729,7.7111538423292565,7.7203779220581055,372900,0.0,0.0
2025-05-08 00:00:00-04:00,7.812616989385145,7.877183788416346,7.748049310697281,7.775721549987793,483800,0.0,0.0
2025-05-09 00:00:00-04:00,7.794168503611924,7.858736179597131,7.766497145136336,7.849512100219727,315600,0.0,0.0
2025-05-12 00:00:00-04:00,7.987870262461762,8.006318422348714,7.8956321019970295,7.932527542114258,426700,0.0,0.0
2025-05-13 00:00:00-04:00,7.978646804034479,8.006319046020508,7.9509754417052,8.006319046020508,447000,0.0,0.0
2025-05-14 00:00:00-04:00,8.024766447991652,8.043214609592237,7.941751480102539,7.941751480102539,330100,0.0,0.0
2025-05-15 00:00:00-04:00,7.962190107398438,7.962190107398438,7.878573030371885,7.9064459800720215,308000,0.062,0.0
2025-05-16 00:00:00-04:00,7.925026154890405,7.9900621440553135,7.906445076583879,7.962189197540283,330500,0.0,0.0
2025-05-19 00:00:00-04:00,7.89715617206241,7.971482276916504,7.887865187446383,7.971482276916504,298800,0.0,0.0
2025-05-20 00:00:00-04:00,7.9900646373672455,8.017936706542969,7.952901583120578,8.017936706542969,352400,0.0,0.0
2025-05-21 00:00:00-04:00,7.971480709040688,7.980771691829312,7.859991573687861,7.887863636016846,425100,0.0,0.0
2025-05-22 00:00:00-04:00,7.8971569909118,7.980774089052104,7.822830878350896,7.859993934631348,363200,0.0,0.0
2025-05-23 00:00:00-04:00,7.813538551330566,7.8507016012308055,7.785666485414637,7.813538551330566,300000,0.0,0.0
2025-05-27 00:00:00-04:00,7.8971545440403785,7.9528995542074785,7.8971545440403785,7.934317588806152,282000,0.0,0.0
2025-05-28 00:00:00-04:00,7.93431831206955,7.97148136022297,7.869283199310303,7.869283199310303,316900,0.0,0.0
2025-05-29 00:00:00-04:00,7.897155413828033,7.980772495269775,7.878573446380101,7.980772495269775,425300,0.0,0.0
2025-05-30 00:00:00-04:00,7.962189552573263,7.9807715177451835,7.906445429131236,7.95289945602417,468500,0.0,0.0
2025-06-02 00:00:00-04:00,7.962189765121108,7.990062713623047,7.92502671982208,7.990062713623047,554300,0.0,0.0
2025-06-03 00:00:00-04:00,7.952901685446755,8.036517894049776,7.934319715065785,7.999354839324951,374200,0.0,0.0
2025-06-04 00:00:00-04:00,7.999352240190162,8.008643222361838,7.962189197540284,7.962189197540283,344600,0.0,0.0
2025-06-05 00:00:00-04:00,7.9621907769360325,7.980772744965341,7.906446644922114,7.915737628936768,490000,0.0,0.0
2025-06-06 00:00:00-04:00,7.952899668324019,8.008643793254116,7.952899668324019,7.990062713623047,363500,0.0,0.0
2025-06-09 00:00:00-04:00,7.990064740171581,8.01793680970592,7.962191784600125,7.999354839324951,306200,0.0,0.0
2025-06-10 00:00:00-04:00,8.017936434319774,8.055099487304688,8.008645449564275,8.055099487304688,279000,0.0,0.0
2025-06-11 00:00:00-04:00,8.08297117882492,8.08297117882492,8.027227044964055,8.036517143249512,342400,0.0,0.0
2025-06-12 00:00:00-04:00,8.055097890546312,8.073678970336914,8.036515924718813,8.073678970336914,253700,0.0,0.0
2025-06-13 00:00:00-04:00,8.038122473635834,8.05683707904056,8.000692370422328,8.028764724731445,355400,0.062,0.0
2025-06-16 00:00:00-04:00,8.06619357339267,8.07555132084163,8.038121223449707,8.038121223449707,259200,0.0,0.0
2025-06-17 00:00:00-04:00,8.047479375287448,8.047479375287448,7.98197603225708,7.98197603225708,229100,0.0,0.0
2025-06-18 00:00:00-04:00,7.981975434679223,8.010048676335062,7.972618579864502,7.972618579864502,213000,0.0,0.0
2025-06-20 00:00:00-04:00,7.991333780176269,8.019406131529879,7.9726191767418495,7.98197603225708,227800,0.0,0.0
2025-06-23 00:00:00-04:00,8.010048510369385,8.047478606064406,7.96326066764964,8.019405364990234,451200,0.0,0.0
2025-06-24 00:00:00-04:00,8.019406102222646,8.12233954414964,8.019406102222646,8.112981796264648,404000,0.0,0.0
2025-06-25 00:00:00-04:00,8.131697062214325,8.150412559509277,8.103624708675927,8.150412559509277,398600,0.0,0.0
2025-06-26 00:00:00-04:00,8.131696411429797,8.187842006417256,8.131696411429797,8.169126510620117,272900,0.0,0.0
2025-06-27 00:00:00-04:00,8.187842084719152,8.262702283815697,8.169126588743033,8.253344535827637,426600,0.0,0.0
2025-06-30 00:00:00-04:00,8.31884765625,8.31884765625,8.25334431449418,8.31884765625,590600,0.0,0.0
2025-07-01 00:00:00-04:00,8.272058871160425,8.365633660699746,8.272058871160425,8.346919059753418,550500,0.0,0.0
2025-07-02 00:00:00-04:00,8.365633964538574,8.412421807209485,8.318847014271537,8.365633964538574,499300,0.0,0.0
2025-07-03 00:00:00-04:00,8.337561985544934,8.412422180175781,8.328204238115099,8.412422180175781,244300,0.0,0.0
2025-07-07 00:00:00-04:00,8.374992655537454,8.384350403607167,8.281417852052261,8.309490203857422,376400,0.0,0.0
2025-07-08 00:00:00-04:00,8.346920303732295,8.356278051802006,8.27206010398255,8.309490203857422,326800,0.0,0.0
2025-07-09 00:00:00-04:00,8.346918765800464,8.39370660512432,8.30948867282214,8.356276512145996,442600,0.0,0.0
2025-07-10 00:00:00-04:00,8.374993028186275,8.384350776672363,8.328205178159847,8.384350776672363,320700,0.0,0.0
2025-07-11 00:00:00-04:00,8.3749919992464,8.3749919992464,8.309489552699349,8.328204154968262,222600,0.0,0.0
2025-07-14 00:00:00-04:00,8.328205765563364,8.365635869743718,8.300133410529119,8.337563514709473,401100,0.0,0.0
2025-07-15 00:00:00-04:00,8.348869752165736,8.348869752165736,8.264062571731772,8.30175495147705,329600,0.062,0.0
2025-07-16 00:00:00-04:00,8.330024848492124,8.330024848492124,8.23579344033342,8.311178207397461,439800,0.0,0.0
2025-07-17 00:00:00-04:00,8.311177895288225,8.348870277404785,8.282908833365125,8.348870277404785,336300,0.0,0.0
2025-07-18 00:00:00-04:00,8.348869477304381,8.348869477304381,8.207523282577286,8.216946601867676,1207200,0.0,0.0
2025-07-21 00:00:00-04:00,8.22636960165448,8.282908622720097,8.22636960165448,8.264062881469727,425200,0.0,0.0
2025-07-22 00:00:00-04:00,8.264062635194897,8.29233169555664,8.245215995848916,8.29233169555664,231100,0.0,0.0
2025-07-23 00:00:00-04:00,8.292331081087895,8.367715835571289,8.273484443138464,8.367715835571289,271800,0.0,0.0
2025-07-24 00:00:00-04:00,8.36771620795674,8.39598526748177,8.320600509643555,8.320600509643555,484400,0.0,0.0
2025-07-25 00:00:00-04:00,8.348869966698286,8.38656234741211,8.311177585984463,8.38656234741211,327300,0.0,0.0
2025-07-28 00:00:00-04:00,8.35829282487359,8.35829282487359,8.31117712691942,8.330023765563965,325100,0.0,0.0
2025-07-29 00:00:00-04:00,8.320600446241693,8.339447084886238,8.292331386932068,8.330023765563965,362400,0.0,0.0
2025-07-30 00:00:00-04:00,8.339447084886238,8.367716144195862,8.292331386932068,8.330023765563965,519200,0.0,0.0
2025-07-31 00:00:00-04:00,8.377139527350815,8.377139527350815,8.264062390593493,8.320600509643555,619900,0.0,0.0
2025-08-01 00:00:00-04:00,8.264061466074525,8.282907204097164,8.141561023627522,8.198099136352539,576600,0.0,0.0
2025-08-04 00:00:00-04:00,8.198100795703727,8.245216498282511,8.169831733619368,8.226369857788086,350900,0.0,0.0
2025-08-05 00:00:00-04:00,8.226369022500876,8.264062299662438,8.198099963286895,8.216946601867676,229200,0.0,0.0
2025-08-06 00:00:00-04:00,8.254639252131147,8.311177372420456,8.226369293329274,8.30175495147705,448100,0.0,0.0
2025-08-07 00:00:00-04:00,8.311178457144706,8.320601777975206,8.254640329476386,8.282909393310547,303400,0.0,0.0
2025-08-08 00:00:00-04:00,8.311176820380163,8.386561574863558,8.254638703846195,8.367715835571289,378000,0.0,0.0
2025-08-11 00:00:00-04:00,8.358293597598244,8.377140237985161,8.348870277404785,8.348870277404785,316300,0.0,0.0
2025-08-12 00:00:00-04:00,8.37713884834492,8.405407905578613,8.358292211084374,8.405407905578613,314100,0.0,0.0
2025-08-13 00:00:00-04:00,8.405409189697215,8.480793952941895,8.395985869627314,8.480793952941895,393900,0.0,0.0
2025-08-14 00:00:00-04:00,8.480794081526627,8.480794081526627,8.414832637351749,8.461947441101074,257600,0.0,0.0
2025-08-15 00:00:00-04:00,8.492310811676267,8.501799644487699,8.378447532653809,8.378447532653809,360400,0.062,0.0
2025-08-18 00:00:00-04:00,8.368959552784917,8.416402816772461,8.359471623911405,8.416402816772461,408900,0.0,0.0
2025-08-19 00:00:00-04:00,8.435378800756753,8.454355559621302,8.397424378122839,8.42588996887207,305300,0.0,0.0
2025-08-20 00:00:00-04:00,8.444868186514432,8.454357020038227,8.3879369951816,8.406913757324219,229100,0.0,0.0
2025-08-21 00:00:00-04:00,8.368959877483057,8.406914309164646,8.349983114094778,8.387937545776367,338000,0.0,0.0
2025-08-22 00:00:00-04:00,8.406913910514858,8.558732534947113,8.406913910514858,8.539754867553711,648300,0.0,0.0
2025-08-25 00:00:00-04:00,8.539755596286208,8.56822119490041,8.511289997672005,8.530266761779785,391000,0.0,0.0
2025-08-26 00:00:00-04:00,8.51128917270109,8.587198031584748,8.492311505527688,8.577709197998047,422700,0.0,0.0
2025-08-27 00:00:00-04:00,8.577709749939702,8.577709749939702,8.549244152252925,8.558732986450195,267800,0.0,0.0
2025-08-28 00:00:00-04:00,8.587197707442034,8.60617446899414,8.558732112661405,8.60617446899414,419700,0.0,0.0
2025-08-29 00:00:00-04:00,8.615662897214483,8.625151729996952,8.577708470989503,8.587197303771973,444300,0.0,0.0
2025-09-02 00:00:00-04:00,8.539755318055656,8.568220915742431,8.49231205197434,8.558732986450195,389600,0.0,0.0
2025-09-03 00:00:00-04:00,8.58719858413697,8.606175347626477,8.520777649661115,8.558732986450195,432900,0.0,0.0
2025-09-04 00:00:00-04:00,8.587197530187556,8.60617429134795,8.539754269929187,8.596686363220215,277800,0.0,0.0
2025-09-05 00:00:00-04:00,8.615664359282638,8.625153193675352,8.530266659558318,8.568221092224121,292100,0.0,0.0
2025-09-08 00:00:00-04:00,8.577709749939702,8.577709749939702,8.530266483858385,8.558732986450195,345500,0.0,0.0
2025-09-09 00:00:00-04:00,8.57770887421351,8.60617446899414,8.54924327943288,8.60617446899414,287100,0.0,0.0
2025-09-10 00:00:00-04:00,8.634639739990234,8.634639739990234,8.596685317381906,8.634639739990234,267500,0.0,0.0
2025-09-11 00:00:00-04:00,8.615661848914064,8.644127438893056,8.606173017286137,8.625150680541992,351600,0.0,0.0
2025-09-12 00:00:00-04:00,8.606174064432013,8.615662897214483,8.587197303771973,8.587197303771973,451500,0.0,0.0
2025-09-15 00:00:00-04:00,8.598663102762053,8.64643363556238,8.589108813972564,8.627325057983398,299300,0.062,0.0
2025-09-16 00:00:00-04:00,8.608217999705333,8.627325667487106,8.589109420776367,8.589109420776367,292600,0.0,0.0
2025-09-17 00:00:00-04:00,8.608217424277735,8.617771713103549,8.579554557800293,8.579554557800293,435700,0.0,0.0
2025-09-18 00:00:00-04:00,8.59866371024085,8.608217999705333,8.579555131311885,8.589109420776367,319500,0.0,0.0
2025-09-19 00:00:00-04:00,8.617771528000478,8.62732490547396,8.579554373518098,8.608217239379883,365900,0.0,0.0
2025-09-22 00:00:00-04:00,8.598663102762053,8.636879346772888,8.589108813972564,8.627325057983398,354000,0.0,0.0
2025-09-23 00:00:00-04:00,8.63687976972352,8.655988348238253,8.60821781309859,8.617772102355957,298400,0.0,0.0
2025-09-24 00:00:00-04:00,8.636878617186388,8.636878617186388,8.589108088421401,8.598662376403809,283400,0.0,0.0
2025-09-25 00:00:00-04:00,8.589109384983324,8.636879920959473,8.531785470729696,8.636879920959473,507400,0.0,0.0
2025-09-26 00:00:00-04:00,8.608217424277735,8.608217424277735,8.550892602469984,8.579554557800293,273800,0.0,0.0
2025-09-29 00:00:00-04:00,8.608216259371279,8.655986785888672,8.5986619718384,8.655986785888672,607600,0.0,0.0
2025-09-30 00:00:00-04:00,8.665539144228358,8.703755378723145,8.636877196143994,8.703755378723145,472700,0.0,0.0
2025-10-01 00:00:00-04:00,8.675094004675637,8.713310241699219,8.636877767652056,8.713310241699219,415300,0.0,0.0
2025-10-02 00:00:00-04:00,8.713310439458088,8.73241901397705,8.665539914307661,8.73241901397705,269000,0.0,0.0
2025-10-03 00:00:00-04:00,8.703755378723145,8.741971613217933,8.684647717049202,8.703755378723145,297100,0.0,0.0
2025-10-06 00:00:00-04:00,8.703757255051455,8.751527786254883,8.636879058054914,8.751527786254883,407000,0.0,0.0
2025-10-07 00:00:00-04:00,8.780189514160156,8.827960044132036,8.722865607111562,8.780189514160156,577000,0.0,0.0
2025-10-08 00:00:00-04:00,8.799297556643413,8.818405220784419,8.751527029570376,8.770635604858398,522400,0.0,0.0
2025-10-09 00:00:00-04:00,8.799296420533564,8.808850706943986,8.665539144228358,8.703755378723145,572700,0.0,0.0
2025-10-10 00:00:00-04:00,8.732419116080553,8.741972492304754,8.503120774906844,8.541337013244629,603100,0.0,0.0
2025-10-13 00:00:00-04:00,8.617771874394482,8.64643383026123,8.57955471837595,8.64643383026123,317000,0.0,0.0
2025-10-14 00:00:00-04:00,8.636878490455551,8.789743451342847,8.57000029785412,8.741972923278809,832800,0.0,0.0
2025-10-15 00:00:00-04:00,8.801613133428127,8.801613133428127,8.70542118657417,8.734278678894043,592500,0.062,0.0
2025-10-16 00:00:00-04:00,8.753517409710382,8.753517409710382,8.618847586494041,8.647705078125,386700,0.0,0.0
2025-10-17 00:00:00-04:00,8.666944034896463,8.676563504580514,8.599608664471223,8.609228134155273,190700,0.0,0.0
2025-10-20 00:00:00-04:00,8.657323348284852,8.695800304249376,8.628465860652206,8.638084411621094,451100,0.0,0.0
2025-10-21 00:00:00-04:00,8.647704854691002,8.686181814992509,8.628466833221795,8.676563262939453,273700,0.0,0.0
2025-10-22 00:00:00-04:00,8.71504044841473,8.724659000716304,8.60922811682935,8.647705078125,350100,0.0,0.0
2025-10-23 00:00:00-04:00,8.618847586494041,8.676563487119079,8.60922811682935,8.647705078125,399100,0.0,0.0
2025-10-24 00:00:00-04:00,8.68618154073781,8.743897438049316,8.676562988988447,8.743897438049316,310100,0.0,0.0
2025-10-27 00:00:00-04:00,8.782375074633128,8.849709528888367,8.763136134924125,8.811232566833496,490700,0.0,0.0
2025-10-28 00:00:00-04:00,8.840089606935173,8.840089606935173,8.763135686761,8.791994094848633,272000,0.0,0.0
2025-10-29 00:00:00-04:00,8.782373684838312,8.791993153170552,8.695800304574153,8.75351619720459,292900,0.0,0.0
2025-10-30 00:00:00-04:00,8.72465875894421,8.78237465796986,8.69580126811293,8.71504020690918,516100,0.0,0.0
2025-10-31 00:00:00-04:00,8.772756334362999,8.782375805017502,8.715041345162408,8.763136863708496,440400,0.0,0.0
2025-11-03 00:00:00-05:00,8.772755641108255,8.772755641108255,8.70542118657417,8.734278678894043,305600,0.0,0.0
2025-11-04 00:00:00-05:00,8.666942351421515,8.686180369689687,8.628465397522229,8.657322883605957,352600,0.0,0.0
2025-11-05 00:00:00-05:00,8.676563262939453,8.715040223240962,8.63808538527485,8.676563262939453,433700,0.0,0.0
2025-11-06 00:00:00-05:00,8.686180369689687,8.686180369689687,8.628465397522229,8.657322883605957,310400,0.0,0.0
2025-11-07 00:00:00-05:00,8.647704851022942,8.647704851022942,8.570750930452567,8.599608421325684,374800,0.0,0.0
2025-11-10 00:00:00-05:00,8.647704838485405,8.71504020690918,8.618847347654125,8.71504020690918,328300,0.0,0.0
2025-11-11 00:00:00-05:00,8.705420737511055,8.78237465796986,8.686181798714808,8.71504020690918,506000,0.0,0.0
2025-11-12 00:00:00-05:00,8.7342793691082,8.782375805017502,8.705421874507905,8.763136863708496,398600,0.0,0.0
2025-11-13 00:00:00-05:00,8.753517183542469,8.753517183542469,8.657324324107151,8.676563262939453,439300,0.0,0.0
2025-11-14 00:00:00-05:00,8.659128079999217,8.697871347240579,8.620384812757855,8.678500175476074,421500,0.062,0.0
2025-11-17 00:00:00-05:00,8.659127619509105,8.707556931913436,8.591327136370422,8.60101318359375,507400,0.0,0.0
2025-11-18 00:00:00-05:00,8.571955501493473,8.591326671178939,8.513840145012566,8.523526191711426,493600,0.0,0.0
2025-11-19 00:00:00-05:00,8.542898141912051,8.591327456118805,8.47509765625,8.47509765625,471500,0.0,0.0
2025-11-20 00:00:00-05:00,8.533212981310044,8.601013466680254,8.407297134399414,8.407297134399414,637200,0.0,0.0
2025-11-21 00:00:00-05:00,8.42666757214733,8.562269454794613,8.42666757214733,8.523526191711426,391600,0.0,0.0
2025-11-24 00:00:00-05:00,8.581641510528673,8.649442920708891,8.562270338843147,8.610699653625488,407600,0.0,0.0
2025-11-25 00:00:00-05:00,8.64944312858276,8.726929664611816,8.63007103271931,8.726929664611816,414900,0.0,0.0
2025-11-26 00:00:00-05:00,8.717242463227855,8.862529468130086,8.717242463227855,8.83347225189209,461100,0.0,0.0
2025-11-28 00:00:00-05:00,8.891588073173251,8.910959243774414,8.87221597885979,8.910959243774414,375800,0.0,0.0
2025-12-01 00:00:00-05:00,8.852845834046171,8.940017497420516,8.823787689208984,8.823787689208984,507100,0.0,0.0
2025-12-02 00:00:00-05:00,8.833473096802487,8.862530315819768,8.794729830208665,8.852845191955566,428400,0.0,0.0
2025-12-03 00:00:00-05:00,8.785044310360183,8.872216896360928,8.785044310360183,8.843159675598145,345700,0.0,0.0
2025-12-04 00:00:00-05:00,8.82378744000335,8.881902804323998,8.82378744000335,8.862530708312988,195800,0.0,0.0
2025-12-05 00:00:00-05:00,8.843159426870686,8.92064596253361,8.843159426870686,8.881902694702148,275300,0.0,0.0
2025-12-08 00:00:00-05:00,8.862530315819768,8.920645677566672,8.823787049225947,8.852845191955566,337000,0.0,0.0
2025-12-09 00:00:00-05:00,8.862530848202535,8.901274117123712,8.843159675598145,8.843159675598145,316900,0.0,0.0
2025-12-10 00:00:00-05:00,8.86253035182316,8.959388980557366,8.852845227919612,8.920645713806152,556800,0.0,0.0
2025-12-11 00:00:00-05:00,8.901274039615737,8.96907545242171,8.891588915254072,8.93033218383789,504300,0.0,0.0
2025-12-12 00:00:00-05:00,8.920645290931144,8.9690746030025,8.891588073173251,8.910959243774414,428500,0.0,0.0
2025-12-15 00:00:00-05:00,8.940016742052075,9.094990730285645,8.920645570843082,9.094990730285645,708900,0.0,0.0
2025-12-16 00:00:00-05:00,9.046561349538253,9.075618567992201,8.98844598891804,9.027189254760742,863500,0.0,0.0
2025-12-17 00:00:00-05:00,9.027189108031292,9.03687515526261,8.978760719299316,8.978760719299316,479700,0.0,0.0
2025-12-18 00:00:00-05:00,8.998132174508376,9.05624753602118,8.998132174508376,9.007818222045898,406600,0.0,0.0
2025-12-19 00:00:00-05:00,9.036874948915456,9.085304260253906,9.036874948915456,9.085304260253906,528900,0.0,0.0
2025-12-22 00:00:00-05:00,9.149459923923366,9.21854939219245,9.119849345002265,9.20867919921875,291900,0.175,0.0
2025-12-23 00:00:00-05:00,9.188940089665998,9.228419921727221,9.188940089665998,9.218549728393555,414000,0.0,0.0
2025-12-24 00:00:00-05:00,9.228420204626984,9.228420204626984,9.188940371355494,9.198809623718262,268800,0.0,0.0
2025-12-26 00:00:00-05:00,9.218550010990743,9.218550010990743,9.188940371355494,9.198809623718262,236100,0.0,0.0
2025-12-29 00:00:00-05:00,9.188939994060597,9.188939994060597,9.139589969179163,9.159329414367676,420900,0.0,0.0
2025-12-30 00:00:00-05:00,9.18893922722529,9.2777681350708,9.18893922722529,9.2777681350708,646400,0.0,0.0
2025-12-31 00:00:00-05:00,9.366598746983064,9.376468940194155,9.287639083841198,9.356728553771973,1227500,0.0,0.0
2026-01-02 00:00:00-05:00,9.36659862019928,9.36659862019928,9.248159127089647,9.267899513244629,679100,0.0,0.0
2026-01-05 00:00:00-05:00,9.29750956995631,9.346859596293033,9.248159543619588,9.336989402770996,595500,0.0,0.0
2026-01-06 00:00:00-05:00,9.317248163442555,9.415948207087528,9.317248163442555,9.396208763122559,453900,0.0,0.0
2026-01-07 00:00:00-05:00,9.396208945635127,9.415948389983516,9.317248344421387,9.317248344421387,404200,0.0,0.0
2026-01-08 00:00:00-05:00,9.317248163442555,9.415948207087528,9.27776833423924,9.396208763122559,492800,0.0,0.0
2026-01-09 00:00:00-05:00,9.406078435556118,9.49490829055862,9.376468797646423,9.465298652648926,433000,0.0,0.0
2026-01-12 00:00:00-05:00,9.40607776613831,9.465297979016496,9.40607776613831,9.445557594299316,421300,0.0,0.0
2026-01-13 00:00:00-05:00,9.42581877945632,9.455428417233382,9.406078393422668,9.435688972473145,314300,0.0,0.0
2026-01-14 00:00:00-05:00,9.406078014468356,9.425818399706701,9.346858741300071,9.396208763122559,335600,0.0,0.0
2026-01-15 00:00:00-05:00,9.396209326616338,9.425818964976179,9.356728553771973,9.356728553771973,434700,0.0,0.0
2026-01-16 00:00:00-05:00,9.376468940194155,9.435689158187271,9.346859301834314,9.356728553771973,311000,0.0,0.0
2026-01-20 00:00:00-05:00,9.299105440869681,9.348780340737376,9.26930087993703,9.28917121887207,579400,0.062,0.0
2026-01-21 00:00:00-05:00,9.269300720943015,9.428259639817124,9.269300720943015,9.41832447052002,510400,0.0,0.0
2026-01-22 00:00:00-05:00,9.467999458312988,9.507739188404138,9.448130067002365,9.467999458312988,404400,0.0,0.0
2026-01-23 00:00:00-05:00,9.45806556805397,9.477934960061344,9.41832488909935,9.43819522857666,311200,0.0,0.0
2026-01-26 00:00:00-05:00,9.45806514770844,9.45806514770844,9.408390248692807,9.41832447052002,415800,0.0,0.0
2026-01-27 00:00:00-05:00,9.448130398315316,9.45806556805397,9.398455497091977,9.43819522857666,369800,0.0,0.0
2026-01-28 00:00:00-05:00,9.45806556805397,9.45806556805397,9.428260058838006,9.43819522857666,425900,0.0,0.0
2026-01-29 00:00:00-05:00,9.467999425606916,9.557414054870605,9.438194865008985,9.557414054870605,558400,0.0,0.0
2026-01-30 00:00:00-05:00,9.547478675842285,9.557413844980042,9.487869555955502,9.547478675842285,465600,0.0,0.0
2026-02-02 00:00:00-05:00,9.5375444237489,9.636893272399902,9.517674085536775,9.636893272399902,472300,0.0,0.0
2026-02-03 00:00:00-05:00,9.646828772983458,9.646828772983458,9.537544751471254,9.607089042663574,473200,0.0,0.0
2026-02-04 00:00:00-05:00,9.60708883286574,9.636893393087309,9.567349103413685,9.597153663635254,412600,0.0,0.0
2026-02-05 00:00:00-05:00,9.567349346048287,9.577284515530735,9.487869885128523,9.517674446105957,422300,0.0,0.0
2026-02-06 00:00:00-05:00,9.517674085536775,9.646828441505965,9.517674085536775,9.636893272399902,325800,0.0,0.0
2026-02-09 00:00:00-05:00,9.63689410246156,9.686569004800683,9.607089540046069,9.676633834838867,342700,0.0,0.0
2026-02-10 00:00:00-05:00,9.686568626373283,9.69650379594696,9.547479094751573,9.567349433898926,443500,0.0,0.0
2026-02-11 00:00:00-05:00,9.62695889102385,9.646829230861874,9.537545204162598,9.537545204162598,247800,0.0,0.0
2026-02-12 00:00:00-05:00,9.587218648586438,9.617024156757227,9.438194897612101,9.467999458312988,453200,0.0,0.0
2026-02-13 00:00:00-05:00,9.430000305175781,9.539999961853027,9.380000114440918,9.479999542236328,389300,0.062,0.0
2026-02-17 00:00:00-05:00,9.460000038146973,9.529999732971191,9.460000038146973,9.5,287200,0.0,0.0
2026-02-18 00:00:00-05:00,9.510000228881836,9.640000343322754,9.510000228881836,9.59000015258789,285600,0.0,0.0
2026-02-19 00:00:00-05:00,9.569999694824219,9.640000343322754,9.539999961853027,9.59000015258789,204100,0.0,0.0
2026-02-20 00:00:00-05:00,9.59000015258789,9.619999885559082,9.550000190734863,9.579999923706055,477600,0.0,0.0
2026-02-23 00:00:00-05:00,9.600000381469727,9.640000343322754,9.5,9.510000228881836,270100,0.0,0.0
2026-02-24 00:00:00-05:00,9.5,9.569999694824219,9.470000267028809,9.569999694824219,345400,0.0,0.0
2026-02-25 00:00:00-05:00,9.619999885559082,9.649999618530273,9.579999923706055,9.609999656677246,268000,0.0,0.0
2026-02-26 00:00:00-05:00,9.640000343322754,9.710000038146973,9.619999885559082,9.699999809265137,431400,0.0,0.0
2026-02-27 00:00:00-05:00,9.6899995803833,9.6899995803833,9.630000114440918,9.670000076293945,517800,0.0,0.0
2026-03-02 00:00:00-05:00,9.600000381469727,9.680000305175781,9.5600004196167,9.649999618530273,393700,0.0,0.0
2026-03-03 00:00:00-05:00,9.5600004196167,9.579999923706055,9.40999984741211,9.539999961853027,384100,0.0,0.0
2026-03-04 00:00:00-05:00,9.550000190734863,9.579999923706055,9.5,9.550000190734863,207200,0.0,0.0
2026-03-05 00:00:00-05:00,9.550000190734863,9.550000190734863,9.359999656677246,9.40999984741211,467600,0.0,0.0
2026-03-06 00:00:00-05:00,9.350000381469727,9.350000381469727,9.239999771118164,9.279999732971191,467000,0.0,0.0
2026-03-09 00:00:00-04:00,9.1899995803833,9.220000267028809,9.0,9.130000114440918,686300,0.0,0.0
2026-03-10 00:00:00-04:00,9.15999984741211,9.199999809265137,9.039999961853027,9.0600004196167,877600,0.0,0.0
2026-03-11 00:00:00-04:00,9.100000381469727,9.119999885559082,9.039999961853027,9.0600004196167,477800,0.0,0.0
2026-03-12 00:00:00-04:00,9.0,9.029999732971191,8.899999618530273,8.899999618530273,624241,0.0,0.0
