Date,Open,High,Low,Close,Volume,Dividends,Stock Splits
2022-01-03 00:00:00-05:00,38.279998779296875,38.65599822998047,37.96799850463867,38.4640007019043,152125,0.0,0.0
2022-01-04 00:00:00-05:00,38.33599853515625,38.90399932861328,38.17599868774414,38.2400016784668,162750,0.0,0.0
2022-01-05 00:00:00-05:00,38.327999114990234,38.49599838256836,37.06399917602539,37.167999267578125,238375,0.0,0.0
2022-01-06 00:00:00-05:00,37.279998779296875,37.68000030517578,37.0,37.08000183105469,122875,0.0,0.0
2022-01-07 00:00:00-05:00,36.93600082397461,37.29600143432617,36.52000045776367,36.672000885009766,152625,0.0,0.0
2022-01-10 00:00:00-05:00,36.57600021362305,36.79999923706055,35.7760009765625,36.63199996948242,150375,0.0,0.0
2022-01-11 00:00:00-05:00,36.52799987792969,36.58399963378906,35.895999908447266,36.47999954223633,157500,0.0,0.0
2022-01-12 00:00:00-05:00,36.736000061035156,37.56800079345703,36.2239990234375,36.97600173950195,235875,0.0,0.0
2022-01-13 00:00:00-05:00,36.93600082397461,37.119998931884766,35.88800048828125,35.959999084472656,137500,0.0,0.0
2022-01-14 00:00:00-05:00,35.63999938964844,36.11199951171875,35.279998779296875,35.816001892089844,298500,0.0,0.0
2022-01-18 00:00:00-05:00,35.50400161743164,35.50400161743164,34.27199935913086,34.49599838256836,274375,0.0,0.0
2022-01-19 00:00:00-05:00,34.560001373291016,34.63999938964844,33.88800048828125,34.04800033569336,205125,0.0,0.0
2022-01-20 00:00:00-05:00,34.0,34.54399871826172,33.29600143432617,33.42399978637695,246625,0.0,0.0
2022-01-21 00:00:00-05:00,33.183998107910156,34.41600036621094,33.167999267578125,33.63199996948242,283875,0.0,0.0
2022-01-24 00:00:00-05:00,33.36000061035156,34.47999954223633,33.15999984741211,34.0880012512207,340000,0.0,0.0
2022-01-25 00:00:00-05:00,33.71200180053711,34.263999938964844,32.71200180053711,33.88800048828125,233750,0.0,0.0
2022-01-26 00:00:00-05:00,34.12799835205078,34.68000030517578,32.736000061035156,33.3120002746582,316250,0.0,0.0
2022-01-27 00:00:00-05:00,33.487998962402344,33.86399841308594,33.055999755859375,33.82400131225586,378500,0.0,0.0
2022-01-28 00:00:00-05:00,33.82400131225586,34.13600158691406,32.895999908447266,34.12799835205078,397375,0.0,0.0
2022-01-31 00:00:00-05:00,33.80799865722656,34.816001892089844,33.65599822998047,34.66400146484375,275375,0.0,0.0
2022-02-01 00:00:00-05:00,34.7760009765625,35.20000076293945,34.30400085449219,35.0880012512207,203750,0.0,0.0
2022-02-02 00:00:00-05:00,35.007999420166016,35.768001556396484,34.49599838256836,34.91999816894531,275375,0.0,0.0
2022-02-03 00:00:00-05:00,35.487998962402344,35.7760009765625,34.69599914550781,34.86399841308594,391875,0.0,0.0
2022-02-04 00:00:00-05:00,34.816001892089844,35.14400100708008,33.104000091552734,33.47200012207031,476875,0.0,0.0
2022-02-07 00:00:00-05:00,33.43199920654297,33.784000396728516,32.80799865722656,32.86399841308594,217250,0.0,0.0
2022-02-08 00:00:00-05:00,32.928001403808594,33.68000030517578,32.57600021362305,33.5359992980957,188375,0.0,0.0
2022-02-09 00:00:00-05:00,33.87200164794922,33.96799850463867,33.152000427246094,33.31999969482422,199375,0.0,0.0
2022-02-10 00:00:00-05:00,32.7760009765625,33.38399887084961,32.70399856567383,32.895999908447266,295125,0.0,0.0
2022-02-11 00:00:00-05:00,32.96799850463867,33.69599914550781,32.608001708984375,33.49599838256836,270500,0.0,0.0
2022-02-14 00:00:00-05:00,33.608001708984375,34.66400146484375,32.88800048828125,33.375999450683594,223250,0.0,0.0
2022-02-15 00:00:00-05:00,33.551998138427734,34.12799835205078,33.38399887084961,33.847999572753906,142750,0.0,0.0
2022-02-16 00:00:00-05:00,33.672000885009766,34.30400085449219,33.15999984741211,34.02399826049805,304875,0.0,0.0
2022-02-17 00:00:00-05:00,33.816001892089844,34.64799880981445,33.58399963378906,34.59199905395508,205000,0.0,0.0
2022-02-18 00:00:00-05:00,34.36000061035156,35.279998779296875,34.36000061035156,35.11199951171875,557625,0.0,0.0
2022-02-22 00:00:00-05:00,34.7599983215332,35.055999755859375,33.72800064086914,33.895999908447266,236125,0.0,0.0
2022-02-23 00:00:00-05:00,34.17599868774414,34.20800018310547,33.5359992980957,33.69599914550781,165625,0.0,0.0
2022-02-24 00:00:00-05:00,33.27199935913086,33.880001068115234,32.071998596191406,33.816001892089844,314875,0.0,0.0
2022-02-25 00:00:00-05:00,33.7599983215332,34.9119987487793,33.38399887084961,34.880001068115234,200500,0.0,0.0
2022-02-28 00:00:00-05:00,34.52000045776367,35.28799819946289,34.29600143432617,35.231998443603516,260125,0.0,0.0
2022-03-01 00:00:00-05:00,35.0880012512207,35.448001861572266,34.0,34.14400100708008,228750,0.0,0.0
2022-03-02 00:00:00-05:00,34.36000061035156,35.055999755859375,34.36000061035156,34.98400115966797,122875,0.0,0.0
2022-03-03 00:00:00-05:00,35.0880012512207,35.20000076293945,34.2400016784668,34.59199905395508,675250,0.0,0.0
2022-03-04 00:00:00-05:00,34.327999114990234,34.74399948120117,34.0,34.69599914550781,167000,0.0,0.0
2022-03-07 00:00:00-05:00,34.57600021362305,35.04800033569336,34.183998107910156,34.59199905395508,183875,0.0,0.0
2022-03-08 00:00:00-05:00,34.63199996948242,34.63199996948242,33.040000915527344,33.14400100708008,182750,0.0,0.0
2022-03-09 00:00:00-05:00,33.599998474121094,34.01599884033203,33.36800003051758,33.45600128173828,178250,0.0,0.0
2022-03-10 00:00:00-05:00,32.95199966430664,33.279998779296875,32.3120002746582,32.7599983215332,179750,0.0,0.0
2022-03-11 00:00:00-05:00,32.992000579833984,32.992000579833984,31.959999084472656,32.15999984741211,190375,0.0,0.0
2022-03-14 00:00:00-04:00,32.30400085449219,32.736000061035156,31.8799991607666,32.448001861572266,167375,0.0,0.0
2022-03-15 00:00:00-04:00,32.70399856567383,33.104000091552734,32.47999954223633,33.08000183105469,166500,0.0,0.0
2022-03-16 00:00:00-04:00,33.24800109863281,33.54399871826172,32.91999816894531,33.50400161743164,239125,0.0,0.0
2022-03-17 00:00:00-04:00,33.15999984741211,34.400001525878906,33.12799835205078,34.30400085449219,181625,0.0,0.0
2022-03-18 00:00:00-04:00,34.30400085449219,34.9119987487793,33.71200180053711,34.86399841308594,720000,0.0,0.0
2022-03-21 00:00:00-04:00,34.832000732421875,35.29600143432617,34.09600067138672,34.2400016784668,176500,0.0,0.0
2022-03-22 00:00:00-04:00,34.35200119018555,35.624000549316406,33.68000030517578,33.95199966430664,139500,0.0,0.0
2022-03-23 00:00:00-04:00,33.74399948120117,33.86399841308594,33.0880012512207,33.20000076293945,108875,0.0,0.0
2022-03-24 00:00:00-04:00,33.167999267578125,34.15999984741211,32.52799987792969,33.15999984741211,161625,0.0,0.0
2022-03-25 00:00:00-04:00,33.20800018310547,33.6879997253418,32.992000579833984,33.2400016784668,150875,0.0,0.0
2022-03-28 00:00:00-04:00,33.3120002746582,33.3120002746582,32.59199905395508,32.96799850463867,179125,0.0,0.0
2022-03-29 00:00:00-04:00,33.15999984741211,34.007999420166016,33.15999984741211,33.82400131225586,233625,0.0,0.0
2022-03-30 00:00:00-04:00,33.79999923706055,33.9119987487793,33.11199951171875,33.40800094604492,139250,0.0,0.0
2022-03-31 00:00:00-04:00,33.31999969482422,33.98400115966797,32.58399963378906,32.624000549316406,176625,0.0,0.0
2022-04-01 00:00:00-04:00,32.70399856567383,33.41600036621094,32.17599868774414,33.327999114990234,181625,0.0,0.0
2022-04-04 00:00:00-04:00,33.33599853515625,33.720001220703125,32.82400131225586,33.66400146484375,147000,0.0,0.0
2022-04-05 00:00:00-04:00,33.75199890136719,33.85599899291992,33.09600067138672,33.119998931884766,203750,0.0,0.0
2022-04-06 00:00:00-04:00,32.88800048828125,33.6879997253418,32.74399948120117,33.20800018310547,231625,0.0,0.0
2022-04-07 00:00:00-04:00,33.3120002746582,33.70399856567383,32.90399932861328,33.487998962402344,235500,0.0,0.0
2022-04-08 00:00:00-04:00,33.54399871826172,33.720001220703125,32.93600082397461,32.959999084472656,182625,0.0,0.0
2022-04-11 00:00:00-04:00,32.71200180053711,33.45600128173828,32.71200180053711,32.944000244140625,147750,0.0,0.0
2022-04-12 00:00:00-04:00,33.14400100708008,34.0880012512207,33.119998931884766,33.672000885009766,170500,0.0,0.0
2022-04-13 00:00:00-04:00,33.79999923706055,33.95199966430664,33.15999984741211,33.512001037597656,172750,0.0,0.0
2022-04-14 00:00:00-04:00,33.7760009765625,34.56800079345703,33.7760009765625,33.98400115966797,175625,0.0,0.0
2022-04-18 00:00:00-04:00,33.79999923706055,34.167999267578125,33.24800109863281,33.400001525878906,159125,0.0,0.0
2022-04-19 00:00:00-04:00,33.38399887084961,34.08000183105469,33.38399887084961,34.007999420166016,155000,0.0,0.0
2022-04-20 00:00:00-04:00,34.31999969482422,34.95199966430664,33.895999908447266,33.992000579833984,162375,0.0,0.0
2022-04-21 00:00:00-04:00,34.24800109863281,34.599998474121094,33.70399856567383,33.768001556396484,134500,0.0,0.0
2022-04-22 00:00:00-04:00,33.75199890136719,34.231998443603516,33.36000061035156,33.43199920654297,178375,0.0,0.0
2022-04-25 00:00:00-04:00,33.20800018310547,34.35200119018555,32.63999938964844,34.3120002746582,178000,0.0,0.0
2022-04-26 00:00:00-04:00,33.93600082397461,34.30400085449219,33.29600143432617,33.30400085449219,200500,0.0,0.0
2022-04-27 00:00:00-04:00,33.279998779296875,33.88800048828125,33.04800033569336,33.36800003051758,172375,0.0,0.0
2022-04-28 00:00:00-04:00,33.49599838256836,33.74399948120117,33.071998596191406,33.52000045776367,160875,0.0,0.0
2022-04-29 00:00:00-04:00,33.38399887084961,33.551998138427734,32.9119987487793,33.104000091552734,238500,0.0,0.0
2022-05-02 00:00:00-04:00,33.25600051879883,33.79199981689453,32.448001861572266,33.055999755859375,165000,0.0,0.0
2022-05-03 00:00:00-04:00,32.959999084472656,33.167999267578125,32.327999114990234,32.672000885009766,156000,0.0,0.0
2022-05-04 00:00:00-04:00,32.90399932861328,33.40800094604492,32.45600128173828,33.15999984741211,214750,0.0,0.0
2022-05-05 00:00:00-04:00,32.52000045776367,33.17599868774414,31.743999481201172,33.02399826049805,408625,0.0,0.0
2022-05-06 00:00:00-04:00,32.84000015258789,32.9119987487793,31.672000885009766,32.263999938964844,332000,0.0,0.0
2022-05-09 00:00:00-04:00,32.02399826049805,34.215999603271484,32.02399826049805,33.88800048828125,260750,0.0,0.0
2022-05-10 00:00:00-04:00,33.87200164794922,34.215999603271484,32.41600036621094,32.87200164794922,209250,0.0,0.0
2022-05-11 00:00:00-04:00,33.0,33.7599983215332,31.992000579833984,32.040000915527344,196750,0.0,0.0
2022-05-12 00:00:00-04:00,32.167999267578125,33.5359992980957,32.104000091552734,33.36800003051758,277875,0.0,0.0
2022-05-13 00:00:00-04:00,33.57600021362305,34.08000183105469,33.38399887084961,33.895999908447266,194750,0.0,0.0
2022-05-16 00:00:00-04:00,33.7599983215332,34.09600067138672,33.28799819946289,33.736000061035156,168625,0.0,0.0
2022-05-17 00:00:00-04:00,33.93600082397461,34.42399978637695,33.65599822998047,34.327999114990234,160000,0.0,0.0
2022-05-18 00:00:00-04:00,34.12799835205078,34.2400016784668,33.167999267578125,33.29600143432617,343875,0.0,0.0
2022-05-19 00:00:00-04:00,32.959999084472656,33.167999267578125,31.8799991607666,32.816001892089844,343500,0.0,0.0
2022-05-20 00:00:00-04:00,32.9119987487793,32.9119987487793,30.847999572753906,31.479999542236328,520750,0.0,0.0
2022-05-23 00:00:00-04:00,31.591999053955078,32.42399978637695,31.27199935913086,32.01599884033203,290750,0.0,0.0
2022-05-24 00:00:00-04:00,32.03200149536133,32.50400161743164,31.288000106811523,32.391998291015625,157875,0.0,0.0
2022-05-25 00:00:00-04:00,32.391998291015625,33.17599868774414,31.920000076293945,33.071998596191406,225875,0.0,0.0
2022-05-26 00:00:00-04:00,33.35200119018555,34.20800018310547,32.98400115966797,33.832000732421875,163125,0.0,0.0
2022-05-27 00:00:00-04:00,33.93600082397461,34.74399948120117,33.85599899291992,34.52000045776367,201875,0.0,0.0
2022-05-31 00:00:00-04:00,34.167999267578125,34.36800003051758,33.63999938964844,33.86399841308594,182250,0.0,0.0
2022-06-01 00:00:00-04:00,33.847999572753906,33.847999572753906,32.599998474121094,33.2239990234375,129500,0.0,0.0
2022-06-02 00:00:00-04:00,33.45600128173828,33.895999908447266,32.98400115966797,33.895999908447266,124000,0.0,0.0
2022-06-03 00:00:00-04:00,33.64799880981445,34.02399826049805,33.35200119018555,33.54399871826172,143250,0.0,0.0
2022-06-06 00:00:00-04:00,33.68000030517578,33.95199966430664,33.4640007019043,33.880001068115234,214625,0.0,0.0
2022-06-07 00:00:00-04:00,33.54399871826172,33.90399932861328,33.36000061035156,33.624000549316406,152750,0.0,0.0
2022-06-08 00:00:00-04:00,33.391998291015625,33.439998626708984,32.68000030517578,33.13600158691406,179125,0.0,0.0
2022-06-09 00:00:00-04:00,33.15999984741211,33.375999450683594,32.56800079345703,32.61600112915039,131875,0.0,0.0
2022-06-10 00:00:00-04:00,32.215999603271484,33.327999114990234,32.215999603271484,32.82400131225586,132875,0.0,0.0
2022-06-13 00:00:00-04:00,32.20000076293945,32.24800109863281,31.416000366210938,31.615999221801758,142000,0.0,0.0
2022-06-14 00:00:00-04:00,31.527999877929688,31.79199981689453,30.784000396728516,31.06399917602539,223500,0.0,0.0
2022-06-15 00:00:00-04:00,31.263999938964844,32.12799835205078,31.18400001525879,31.615999221801758,166750,0.0,0.0
2022-06-16 00:00:00-04:00,31.128000259399414,31.27199935913086,30.04800033569336,30.351999282836914,222000,0.0,0.0
2022-06-17 00:00:00-04:00,30.351999282836914,31.1200008392334,30.215999603271484,30.775999069213867,548125,0.0,0.0
2022-06-21 00:00:00-04:00,31.23200035095215,31.520000457763672,30.70400047302246,31.384000778198242,129000,0.0,0.0
2022-06-22 00:00:00-04:00,30.992000579833984,32.15999984741211,30.559999465942383,31.799999237060547,290000,0.0,0.0
2022-06-23 00:00:00-04:00,31.663999557495117,32.560001373291016,31.09600067138672,32.448001861572266,226375,0.0,0.0
2022-06-24 00:00:00-04:00,32.50400161743164,33.41600036621094,32.391998291015625,32.487998962402344,538625,0.0,0.0
2022-06-27 00:00:00-04:00,32.72800064086914,32.80799865722656,32.31999969482422,32.41600036621094,163000,0.0,0.0
2022-06-28 00:00:00-04:00,32.47200012207031,33.63999938964844,30.8799991607666,30.920000076293945,381625,0.0,0.0
2022-06-29 00:00:00-04:00,30.91200065612793,31.784000396728516,30.399999618530273,31.031999588012695,427750,0.0,0.0
2022-06-30 00:00:00-04:00,30.93600082397461,32.03200149536133,30.631999969482422,32.007999420166016,389875,0.0,0.0
2022-07-01 00:00:00-04:00,31.91200065612793,32.63199996948242,31.784000396728516,32.231998443603516,227000,0.0,0.0
2022-07-05 00:00:00-04:00,31.86400032043457,32.75199890136719,31.215999603271484,32.608001708984375,305500,0.0,0.0
2022-07-06 00:00:00-04:00,32.49599838256836,32.74399948120117,31.535999298095703,31.97599983215332,236000,0.0,0.0
2022-07-07 00:00:00-04:00,32.2239990234375,32.28799819946289,31.648000717163086,32.231998443603516,175375,0.0,0.0
2022-07-08 00:00:00-04:00,32.01599884033203,32.375999450683594,31.86400032043457,31.959999084472656,193500,0.0,0.0
2022-07-11 00:00:00-04:00,31.631999969482422,32.36800003051758,31.472000122070312,32.24800109863281,172125,0.0,0.0
2022-07-12 00:00:00-04:00,32.31999969482422,32.95199966430664,32.15999984741211,32.391998291015625,138500,0.0,0.0
2022-07-13 00:00:00-04:00,32.040000915527344,32.41600036621094,31.88800048828125,32.27199935913086,217625,0.0,0.0
2022-07-14 00:00:00-04:00,31.959999084472656,32.38399887084961,31.736000061035156,32.38399887084961,128625,0.0,0.0
2022-07-15 00:00:00-04:00,32.95199966430664,33.27199935913086,32.263999938964844,32.98400115966797,195250,0.0,0.0
2022-07-18 00:00:00-04:00,32.98400115966797,33.74399948120117,32.87200164794922,33.06399917602539,242125,0.0,0.0
2022-07-19 00:00:00-04:00,33.40800094604492,34.40800094604492,32.63999938964844,33.52000045776367,250375,0.0,0.0
2022-07-20 00:00:00-04:00,33.43199920654297,33.959999084472656,32.98400115966797,33.391998291015625,257500,0.0,0.0
2022-07-21 00:00:00-04:00,33.19200134277344,33.215999603271484,32.31999969482422,32.832000732421875,163500,0.0,0.0
2022-07-22 00:00:00-04:00,32.832000732421875,33.2400016784668,32.45600128173828,32.80799865722656,133500,0.0,0.0
2022-07-25 00:00:00-04:00,33.071998596191406,33.24800109863281,32.672000885009766,32.84000015258789,105250,0.0,0.0
2022-07-26 00:00:00-04:00,32.71200180053711,32.71200180053711,32.35200119018555,32.50400161743164,105000,0.0,0.0
2022-07-27 00:00:00-04:00,32.560001373291016,32.928001403808594,32.263999938964844,32.75199890136719,180000,0.0,0.0
2022-07-28 00:00:00-04:00,32.75199890136719,33.2239990234375,32.59199905395508,33.20800018310547,148250,0.0,0.0
2022-07-29 00:00:00-04:00,33.055999755859375,33.279998779296875,32.52000045776367,32.63999938964844,196625,0.0,0.0
2022-08-01 00:00:00-04:00,32.4640007019043,33.2400016784668,32.0880012512207,33.14400100708008,157750,0.0,0.0
2022-08-02 00:00:00-04:00,33.2400016784668,33.24800109863281,32.41600036621094,32.720001220703125,147875,0.0,0.0
2022-08-03 00:00:00-04:00,32.50400161743164,32.98400115966797,31.93600082397461,32.41600036621094,266875,0.0,0.0
2022-08-04 00:00:00-04:00,32.42399978637695,33.42399978637695,32.0,32.95199966430664,287250,0.0,0.0
2022-08-05 00:00:00-04:00,32.768001556396484,33.4640007019043,32.38399887084961,33.20800018310547,268750,0.0,0.0
2022-08-08 00:00:00-04:00,33.231998443603516,34.5359992980957,33.231998443603516,33.75199890136719,251625,0.0,0.0
2022-08-09 00:00:00-04:00,33.59199905395508,33.59199905395508,32.40800094604492,32.49599838256836,192625,0.0,0.0
2022-08-10 00:00:00-04:00,32.880001068115234,33.29600143432617,32.7760009765625,33.007999420166016,186125,0.0,0.0
2022-08-11 00:00:00-04:00,33.3120002746582,33.86399841308594,33.2239990234375,33.31999969482422,93250,0.0,0.0
2022-08-12 00:00:00-04:00,33.34400177001953,33.91999816894531,32.68000030517578,33.895999908447266,151750,0.0,0.0
2022-08-15 00:00:00-04:00,33.88800048828125,34.02399826049805,33.24800109863281,33.93600082397461,160875,0.0,0.0
2022-08-16 00:00:00-04:00,33.832000732421875,34.38399887084961,33.624000549316406,34.152000427246094,135250,0.0,0.0
2022-08-17 00:00:00-04:00,33.91999816894531,33.95199966430664,33.2400016784668,33.65599822998047,147875,0.0,0.0
2022-08-18 00:00:00-04:00,33.65599822998047,33.944000244140625,33.43199920654297,33.82400131225586,185375,0.0,0.0
2022-08-19 00:00:00-04:00,33.6879997253418,33.6879997253418,32.928001403808594,33.01599884033203,128750,0.0,0.0
2022-08-22 00:00:00-04:00,32.84000015258789,32.84000015258789,31.920000076293945,32.08000183105469,147125,0.0,0.0
2022-08-23 00:00:00-04:00,32.0,32.215999603271484,31.86400032043457,32.104000091552734,158250,0.0,0.0
2022-08-24 00:00:00-04:00,32.13600158691406,32.327999114990234,31.76799964904785,32.119998931884766,127000,0.0,0.0
2022-08-25 00:00:00-04:00,32.439998626708984,33.38399887084961,31.920000076293945,32.832000732421875,210875,0.0,0.0
2022-08-26 00:00:00-04:00,32.79199981689453,32.79199981689453,31.983999252319336,32.071998596191406,189000,0.0,0.0
2022-08-29 00:00:00-04:00,31.600000381469727,32.24800109863281,31.472000122070312,31.70400047302246,186500,0.0,0.0
2022-08-30 00:00:00-04:00,31.639999389648438,31.639999389648438,30.91200065612793,30.983999252319336,176250,0.0,0.0
2022-08-31 00:00:00-04:00,30.88800048828125,31.200000762939453,30.18400001525879,30.20800018310547,181000,0.0,0.0
2022-09-01 00:00:00-04:00,30.06399917602539,30.1200008392334,29.464000701904297,30.02400016784668,228250,0.0,0.0
2022-09-02 00:00:00-04:00,30.280000686645508,30.280000686645508,28.871999740600586,29.031999588012695,171125,0.0,0.0
2022-09-06 00:00:00-04:00,29.128000259399414,29.20800018310547,28.31999969482422,28.736000061035156,265250,0.0,0.0
2022-09-07 00:00:00-04:00,28.856000900268555,29.784000396728516,28.70400047302246,29.559999465942383,197500,0.0,0.0
2022-09-08 00:00:00-04:00,29.176000595092773,29.312000274658203,28.663999557495117,29.128000259399414,159625,0.0,0.0
2022-09-09 00:00:00-04:00,29.20800018310547,29.6560001373291,29.040000915527344,29.607999801635742,142750,0.0,0.0
2022-09-12 00:00:00-04:00,29.871999740600586,30.408000946044922,29.695999145507812,30.007999420166016,201125,0.0,0.0
2022-09-13 00:00:00-04:00,29.535999298095703,29.808000564575195,28.479999542236328,28.520000457763672,192625,0.0,0.0
2022-09-14 00:00:00-04:00,28.375999450683594,28.607999801635742,28.06399917602539,28.3439998626709,190250,0.0,0.0
2022-09-15 00:00:00-04:00,28.167999267578125,28.6560001373291,27.624000549316406,27.895999908447266,220250,0.0,0.0
2022-09-16 00:00:00-04:00,27.799999237060547,28.43199920654297,27.736000061035156,28.167999267578125,620875,0.0,0.0
2022-09-19 00:00:00-04:00,27.8799991607666,28.72800064086914,27.8799991607666,28.591999053955078,236000,0.0,0.0
2022-09-20 00:00:00-04:00,28.440000534057617,28.624000549316406,27.992000579833984,28.535999298095703,225125,0.0,0.0
2022-09-21 00:00:00-04:00,28.695999145507812,29.440000534057617,28.43199920654297,28.511999130249023,206750,0.0,0.0
2022-09-22 00:00:00-04:00,28.360000610351562,28.736000061035156,28.016000747680664,28.56800079345703,232250,0.0,0.0
2022-09-23 00:00:00-04:00,28.399999618530273,28.511999130249023,28.08799934387207,28.408000946044922,172000,0.0,0.0
2022-09-26 00:00:00-04:00,28.288000106811523,28.832000732421875,28.152000427246094,28.43199920654297,224875,0.0,0.0
2022-09-27 00:00:00-04:00,28.583999633789062,28.719999313354492,27.447999954223633,27.520000457763672,195250,0.0,0.0
2022-09-28 00:00:00-04:00,27.624000549316406,28.15999984741211,27.423999786376953,27.856000900268555,174625,0.0,0.0
2022-09-29 00:00:00-04:00,27.695999145507812,27.695999145507812,26.992000579833984,27.27199935913086,175875,0.0,0.0
2022-09-30 00:00:00-04:00,27.351999282836914,27.86400032043457,26.95199966430664,27.327999114990234,368625,0.0,0.0
2022-10-03 00:00:00-04:00,27.527999877929688,27.76799964904785,27.368000030517578,27.399999618530273,275375,0.0,0.0
2022-10-04 00:00:00-04:00,27.75200080871582,28.90399932861328,27.464000701904297,28.559999465942383,209375,0.0,0.0
2022-10-05 00:00:00-04:00,28.23200035095215,28.447999954223633,27.775999069213867,27.847999572753906,154625,0.0,0.0
2022-10-06 00:00:00-04:00,27.79199981689453,27.92799949645996,27.45599937438965,27.663999557495117,121125,0.0,0.0
2022-10-07 00:00:00-04:00,27.511999130249023,27.81599998474121,27.23200035095215,27.479999542236328,183125,0.0,0.0
2022-10-10 00:00:00-04:00,27.496000289916992,28.11199951171875,27.280000686645508,27.91200065612793,146875,0.0,0.0
2022-10-11 00:00:00-04:00,27.84000015258789,28.736000061035156,27.81599998474121,28.152000427246094,233500,0.0,0.0
2022-10-12 00:00:00-04:00,28.167999267578125,28.24799919128418,27.743999481201172,27.871999740600586,127125,0.0,0.0
2022-10-13 00:00:00-04:00,27.375999450683594,28.143999099731445,27.09600067138672,27.959999084472656,293875,0.0,0.0
2022-10-14 00:00:00-04:00,28.152000427246094,28.31999969482422,27.736000061035156,27.983999252319336,141625,0.0,0.0
2022-10-17 00:00:00-04:00,28.263999938964844,28.92799949645996,28.263999938964844,28.871999740600586,212250,0.0,0.0
2022-10-18 00:00:00-04:00,29.24799919128418,29.743999481201172,29.11199951171875,29.215999603271484,155000,0.0,0.0
2022-10-19 00:00:00-04:00,28.983999252319336,29.09600067138672,28.368000030517578,28.719999313354492,127500,0.0,0.0
2022-10-20 00:00:00-04:00,28.600000381469727,28.959999084472656,28.1200008392334,28.20800018310547,137750,0.0,0.0
2022-10-21 00:00:00-04:00,28.43199920654297,29.263999938964844,28.239999771118164,29.128000259399414,168125,0.0,0.0
2022-10-24 00:00:00-04:00,29.224000930786133,29.75200080871582,28.895999908447266,29.576000213623047,134875,0.0,0.0
2022-10-25 00:00:00-04:00,29.695999145507812,30.719999313354492,29.695999145507812,30.399999618530273,161375,0.0,0.0
2022-10-26 00:00:00-04:00,30.56800079345703,31.13599967956543,30.07200050354004,30.615999221801758,134875,0.0,0.0
2022-10-27 00:00:00-04:00,30.895999908447266,31.3439998626709,30.600000381469727,30.75200080871582,142375,0.0,0.0
2022-10-28 00:00:00-04:00,30.920000076293945,31.920000076293945,30.91200065612793,31.559999465942383,201625,0.0,0.0
2022-10-31 00:00:00-04:00,31.45599937438965,31.86400032043457,31.1200008392334,31.312000274658203,219250,0.0,0.0
2022-11-01 00:00:00-04:00,31.624000549316406,31.84000015258789,31.312000274658203,31.56800079345703,175250,0.0,0.0
2022-11-02 00:00:00-04:00,31.600000381469727,32.28799819946289,31.06399917602539,31.27199935913086,237250,0.0,0.0
2022-11-03 00:00:00-04:00,30.871999740600586,31.464000701904297,30.583999633789062,31.215999603271484,186750,0.0,0.0
2022-11-04 00:00:00-04:00,31.488000869750977,32.19200134277344,31.263999938964844,31.95199966430664,173500,0.0,0.0
2022-11-07 00:00:00-05:00,32.09600067138672,33.279998779296875,32.040000915527344,32.71200180053711,196250,0.0,0.0
2022-11-08 00:00:00-05:00,32.71200180053711,32.85599899291992,31.472000122070312,31.992000579833984,153375,0.0,0.0
2022-11-09 00:00:00-05:00,31.711999893188477,32.13600158691406,31.152000427246094,31.384000778198242,139875,0.0,0.0
2022-11-10 00:00:00-05:00,31.91200065612793,32.79199981689453,31.90399932861328,32.42399978637695,267625,0.0,0.0
2022-11-11 00:00:00-05:00,32.71200180053711,32.816001892089844,32.119998931884766,32.5359992980957,143625,0.0,0.0
2022-11-14 00:00:00-05:00,32.439998626708984,32.7760009765625,31.79199981689453,32.42399978637695,156250,0.0,0.0
2022-11-15 00:00:00-05:00,32.895999908447266,33.91999816894531,32.50400161743164,33.58399963378906,153625,0.0,0.0
2022-11-16 00:00:00-05:00,33.61600112915039,33.88800048828125,33.11199951171875,33.24800109863281,156250,0.0,0.0
2022-11-17 00:00:00-05:00,32.98400115966797,33.439998626708984,32.75199890136719,33.36800003051758,153250,0.0,0.0
2022-11-18 00:00:00-05:00,33.992000579833984,34.34400177001953,32.88800048828125,33.448001861572266,241250,0.0,0.0
2022-11-21 00:00:00-05:00,33.43199920654297,33.98400115966797,33.055999755859375,33.551998138427734,155000,0.0,0.0
2022-11-22 00:00:00-05:00,32.231998443603516,32.96799850463867,29.535999298095703,30.591999053955078,575250,0.0,0.0
2022-11-23 00:00:00-05:00,30.68000030517578,31.312000274658203,29.503999710083008,30.408000946044922,363875,0.0,0.0
2022-11-25 00:00:00-05:00,30.29599952697754,30.799999237060547,30.079999923706055,30.43199920654297,102375,0.0,0.0
2022-11-28 00:00:00-05:00,30.143999099731445,30.920000076293945,30.08799934387207,30.583999633789062,187250,0.0,0.0
2022-11-29 00:00:00-05:00,30.591999053955078,30.992000579833984,30.399999618530273,30.736000061035156,172250,0.0,0.0
2022-11-30 00:00:00-05:00,30.511999130249023,31.360000610351562,30.040000915527344,31.256000518798828,184625,0.0,0.0
2022-12-01 00:00:00-05:00,31.256000518798828,31.511999130249023,30.583999633789062,30.615999221801758,145375,0.0,0.0
2022-12-02 00:00:00-05:00,30.399999618530273,31.559999465942383,30.399999618530273,31.552000045776367,155125,0.0,0.0
2022-12-05 00:00:00-05:00,31.23200035095215,31.23200035095215,30.624000549316406,31.007999420166016,215125,0.0,0.0
2022-12-06 00:00:00-05:00,30.95199966430664,30.95199966430664,30.176000595092773,30.472000122070312,150375,0.0,0.0
2022-12-07 00:00:00-05:00,30.488000869750977,30.79199981689453,29.624000549316406,29.639999389648438,171125,0.0,0.0
2022-12-08 00:00:00-05:00,29.639999389648438,30.055999755859375,29.20800018310547,29.91200065612793,171500,0.0,0.0
2022-12-09 00:00:00-05:00,29.719999313354492,30.191999435424805,29.719999313354492,29.808000564575195,146250,0.0,0.0
2022-12-12 00:00:00-05:00,29.84000015258789,29.95199966430664,29.20800018310547,29.95199966430664,182125,0.0,0.0
2022-12-13 00:00:00-05:00,30.503999710083008,30.736000061035156,29.288000106811523,29.327999114990234,185625,0.0,0.0
2022-12-14 00:00:00-05:00,29.375999450683594,29.496000289916992,28.6560001373291,28.84000015258789,222000,0.0,0.0
2022-12-15 00:00:00-05:00,28.56800079345703,28.600000381469727,27.944000244140625,27.983999252319336,236250,0.0,0.0
2022-12-16 00:00:00-05:00,27.784000396728516,28.167999267578125,27.20800018310547,27.86400032043457,1282250,0.0,0.0
2022-12-19 00:00:00-05:00,27.784000396728516,28.799999237060547,27.624000549316406,28.56800079345703,278000,0.0,0.0
2022-12-20 00:00:00-05:00,28.600000381469727,28.76799964904785,28.191999435424805,28.45599937438965,187500,0.0,0.0
2022-12-21 00:00:00-05:00,28.695999145507812,29.152000427246094,28.6560001373291,28.959999084472656,180250,0.0,0.0
2022-12-22 00:00:00-05:00,28.775999069213867,28.895999908447266,28.239999771118164,28.8799991607666,131875,0.0,0.0
2022-12-23 00:00:00-05:00,28.86400032043457,29.02400016784668,28.639999389648438,28.93600082397461,138125,0.0,0.0
2022-12-27 00:00:00-05:00,28.93600082397461,29.040000915527344,28.68000030517578,28.97599983215332,119500,0.0,0.0
2022-12-28 00:00:00-05:00,28.91200065612793,29.31999969482422,28.23200035095215,28.288000106811523,135000,0.0,0.0
2022-12-29 00:00:00-05:00,28.520000457763672,29.02400016784668,27.90399932861328,28.90399932861328,129375,0.0,0.0
2022-12-30 00:00:00-05:00,28.72800064086914,28.93600082397461,28.56800079345703,28.639999389648438,147250,0.0,0.0
2023-01-03 00:00:00-05:00,28.871999740600586,29.04800033569336,27.648000717163086,28.176000595092773,402750,0.0,0.0
2023-01-04 00:00:00-05:00,28.224000930786133,28.472000122070312,27.832000732421875,27.920000076293945,212375,0.0,0.0
2023-01-05 00:00:00-05:00,27.711999893188477,28.031999588012695,27.368000030517578,27.70400047302246,163750,0.0,0.0
2023-01-06 00:00:00-05:00,27.95199966430664,28.983999252319336,27.84000015258789,28.615999221801758,276625,0.0,0.0
2023-01-09 00:00:00-05:00,28.559999465942383,29.016000747680664,27.784000396728516,28.559999465942383,214375,0.0,0.0
2023-01-10 00:00:00-05:00,28.559999465942383,29.176000595092773,28.31999969482422,29.176000595092773,325375,0.0,0.0
2023-01-11 00:00:00-05:00,29.304000854492188,29.847999572753906,29.263999938964844,29.84000015258789,322375,0.0,0.0
2023-01-12 00:00:00-05:00,29.97599983215332,30.576000213623047,29.832000732421875,30.031999588012695,381500,0.0,0.0
2023-01-13 00:00:00-05:00,29.832000732421875,30.743999481201172,29.736000061035156,30.672000885009766,166625,0.0,0.0
2023-01-17 00:00:00-05:00,30.583999633789062,31.167999267578125,30.384000778198242,30.600000381469727,164125,0.0,0.0
2023-01-18 00:00:00-05:00,30.631999969482422,31.06399917602539,30.20800018310547,30.399999618530273,169750,0.0,0.0
2023-01-19 00:00:00-05:00,30.20800018310547,30.711999893188477,30.02400016784668,30.399999618530273,133250,0.0,0.0
2023-01-20 00:00:00-05:00,30.672000885009766,30.983999252319336,30.239999771118164,30.983999252319336,147250,0.0,0.0
2023-01-23 00:00:00-05:00,30.93600082397461,31.88800048828125,30.79199981689453,31.399999618530273,293750,0.0,0.0
2023-01-24 00:00:00-05:00,31.368000030517578,31.54400062561035,30.92799949645996,31.0,86750,0.0,0.0
2023-01-25 00:00:00-05:00,30.88800048828125,31.13599967956543,30.24799919128418,31.09600067138672,95875,0.0,0.0
2023-01-26 00:00:00-05:00,31.29599952697754,31.29599952697754,30.75200080871582,30.88800048828125,115875,0.0,0.0
2023-01-27 00:00:00-05:00,30.93600082397461,31.224000930786133,30.68000030517578,31.13599967956543,93750,0.0,0.0
2023-01-30 00:00:00-05:00,31.07200050354004,31.583999633789062,30.687999725341797,30.784000396728516,175625,0.0,0.0
2023-01-31 00:00:00-05:00,31.04800033569336,31.88800048828125,30.944000244140625,31.70400047302246,302125,0.0,0.0
2023-02-01 00:00:00-05:00,31.104000091552734,32.88800048828125,31.06399917602539,31.944000244140625,368625,0.0,0.0
2023-02-02 00:00:00-05:00,32.007999420166016,32.768001556396484,31.823999404907227,32.47999954223633,390000,0.0,0.0
2023-02-03 00:00:00-05:00,32.263999938964844,33.391998291015625,32.263999938964844,33.06399917602539,288500,0.0,0.0
2023-02-06 00:00:00-05:00,32.832000732421875,32.928001403808594,32.0,32.52000045776367,243375,0.0,0.0
2023-02-07 00:00:00-05:00,32.400001525878906,32.7760009765625,29.90399932861328,32.65599822998047,376000,0.0,0.0
2023-02-08 00:00:00-05:00,32.40800094604492,33.20800018310547,32.391998291015625,33.152000427246094,215375,0.0,0.0
2023-02-09 00:00:00-05:00,33.152000427246094,33.43199920654297,32.3120002746582,32.599998474121094,158625,0.0,0.0
2023-02-10 00:00:00-05:00,32.63199996948242,32.816001892089844,31.944000244140625,32.52000045776367,156625,0.0,0.0
2023-02-13 00:00:00-05:00,32.56800079345703,32.832000732421875,32.36800003051758,32.832000732421875,117125,0.0,0.0
2023-02-14 00:00:00-05:00,32.72800064086914,33.0,31.959999084472656,32.14400100708008,168000,0.0,0.0
2023-02-15 00:00:00-05:00,31.895999908447266,32.4640007019043,31.672000885009766,32.28799819946289,157500,0.0,0.0
2023-02-16 00:00:00-05:00,31.91200065612793,32.25600051879883,31.416000366210938,32.03200149536133,354875,0.0,0.0
2023-02-17 00:00:00-05:00,32.19200134277344,32.847999572753906,31.871999740600586,32.68000030517578,184125,0.0,0.0
2023-02-21 00:00:00-05:00,32.31999969482422,32.75199890136719,31.68000030517578,31.68000030517578,201750,0.0,0.0
2023-02-22 00:00:00-05:00,31.72800064086914,32.29600143432617,31.408000946044922,31.56800079345703,246250,0.0,0.0
2023-02-23 00:00:00-05:00,31.631999969482422,31.856000900268555,30.70400047302246,31.04800033569336,207500,0.0,0.0
2023-02-24 00:00:00-05:00,30.808000564575195,30.90399932861328,30.24799919128418,30.784000396728516,157875,0.0,0.0
2023-02-27 00:00:00-05:00,31.040000915527344,31.15999984741211,30.488000869750977,30.488000869750977,142500,0.0,0.0
2023-02-28 00:00:00-05:00,30.54400062561035,30.823999404907227,30.20800018310547,30.743999481201172,249250,0.0,0.0
2023-03-01 00:00:00-05:00,30.719999313354492,30.832000732421875,30.143999099731445,30.511999130249023,115125,0.0,0.0
2023-03-02 00:00:00-05:00,30.375999450683594,30.823999404907227,30.375999450683594,30.79199981689453,99625,0.0,0.0
2023-03-03 00:00:00-05:00,30.968000411987305,30.968000411987305,30.423999786376953,30.760000228881836,111000,0.0,0.0
2023-03-06 00:00:00-05:00,30.856000900268555,30.856000900268555,29.68000030517578,30.031999588012695,299375,0.0,0.0
2023-03-07 00:00:00-05:00,30.007999420166016,30.1200008392334,29.760000228881836,29.959999084472656,178375,0.0,0.0
2023-03-08 00:00:00-05:00,30.055999755859375,30.304000854492188,29.336000442504883,30.1200008392334,145000,0.0,0.0
2023-03-09 00:00:00-05:00,30.280000686645508,30.384000778198242,30.016000747680664,30.191999435424805,217250,0.0,0.0
2023-03-10 00:00:00-05:00,30.055999755859375,30.055999755859375,29.672000885009766,29.832000732421875,183875,0.0,0.0
2023-03-13 00:00:00-04:00,29.511999130249023,30.11199951171875,29.408000946044922,29.559999465942383,196625,0.0,0.0
2023-03-14 00:00:00-04:00,30.31999969482422,30.54400062561035,29.408000946044922,29.86400032043457,178125,0.0,0.0
2023-03-15 00:00:00-04:00,29.304000854492188,30.128000259399414,29.23200035095215,30.04800033569336,195500,0.0,0.0
2023-03-16 00:00:00-04:00,29.79199981689453,30.823999404907227,29.479999542236328,30.6560001373291,174750,0.0,0.0
2023-03-17 00:00:00-04:00,30.503999710083008,30.520000457763672,29.695999145507812,29.743999481201172,768500,0.0,0.0
2023-03-20 00:00:00-04:00,29.968000411987305,30.743999481201172,29.79199981689453,30.200000762939453,223500,0.0,0.0
2023-03-21 00:00:00-04:00,30.479999542236328,31.24799919128418,30.24799919128418,30.440000534057617,194500,0.0,0.0
2023-03-22 00:00:00-04:00,30.368000030517578,31.007999420166016,29.97599983215332,30.07200050354004,221375,0.0,0.0
2023-03-23 00:00:00-04:00,30.152000427246094,30.472000122070312,29.583999633789062,29.70400047302246,220875,0.0,0.0
2023-03-24 00:00:00-04:00,29.600000381469727,30.15999984741211,29.327999114990234,30.13599967956543,166875,0.0,0.0
2023-03-27 00:00:00-04:00,30.312000274658203,30.624000549316406,30.239999771118164,30.447999954223633,150500,0.0,0.0
2023-03-28 00:00:00-04:00,30.304000854492188,30.736000061035156,30.24799919128418,30.527999877929688,146750,0.0,0.0
2023-03-29 00:00:00-04:00,30.672000885009766,31.104000091552734,30.280000686645508,30.695999145507812,130250,0.0,0.0
2023-03-30 00:00:00-04:00,30.88800048828125,31.007999420166016,30.631999969482422,30.695999145507812,88750,0.0,0.0
2023-03-31 00:00:00-04:00,30.91200065612793,31.479999542236328,30.719999313354492,31.256000518798828,226625,0.0,0.0
2023-04-03 00:00:00-04:00,31.256000518798828,31.663999557495117,31.09600067138672,31.615999221801758,197750,0.0,0.0
2023-04-04 00:00:00-04:00,31.72800064086914,31.81599998474121,30.687999725341797,31.055999755859375,126625,0.0,0.0
2023-04-05 00:00:00-04:00,30.88800048828125,31.15999984741211,30.527999877929688,30.775999069213867,95250,0.0,0.0
2023-04-06 00:00:00-04:00,30.91200065612793,30.920000076293945,30.0,30.711999893188477,77750,0.0,0.0
2023-04-10 00:00:00-04:00,30.583999633789062,31.1200008392334,29.76799964904785,30.88800048828125,226375,0.0,0.0
2023-04-11 00:00:00-04:00,30.944000244140625,31.408000946044922,30.944000244140625,31.02400016784668,106000,0.0,0.0
2023-04-12 00:00:00-04:00,31.224000930786133,31.224000930786133,30.399999618530273,30.472000122070312,123875,0.0,0.0
2023-04-13 00:00:00-04:00,30.479999542236328,30.784000396728516,30.215999603271484,30.552000045776367,96125,0.0,0.0
2023-04-14 00:00:00-04:00,30.527999877929688,30.823999404907227,29.760000228881836,30.224000930786133,120375,0.0,0.0
2023-04-17 00:00:00-04:00,30.31999969482422,30.799999237060547,30.27199935913086,30.79199981689453,77000,0.0,0.0
2023-04-18 00:00:00-04:00,30.823999404907227,31.040000915527344,30.351999282836914,30.447999954223633,81500,0.0,0.0
2023-04-19 00:00:00-04:00,29.97599983215332,30.104000091552734,27.45599937438965,28.280000686645508,449125,0.0,0.0
2023-04-20 00:00:00-04:00,28.24799919128418,29.0,28.08799934387207,28.687999725341797,219000,0.0,0.0
2023-04-21 00:00:00-04:00,28.695999145507812,29.29599952697754,28.15999984741211,28.304000854492188,195875,0.0,0.0
2023-04-24 00:00:00-04:00,28.304000854492188,28.8799991607666,28.08799934387207,28.79199981689453,144375,0.0,0.0
2023-04-25 00:00:00-04:00,28.535999298095703,28.687999725341797,28.200000762939453,28.20800018310547,117250,0.0,0.0
2023-04-26 00:00:00-04:00,28.04800033569336,28.31999969482422,27.631999969482422,27.72800064086914,185500,0.0,0.0
2023-04-27 00:00:00-04:00,27.895999908447266,28.055999755859375,27.488000869750977,28.007999420166016,136750,0.0,0.0
2023-04-28 00:00:00-04:00,28.04800033569336,28.527999877929688,28.04800033569336,28.263999938964844,138750,0.0,0.0
2023-05-01 00:00:00-04:00,28.31999969482422,28.663999557495117,28.079999923706055,28.176000595092773,98625,0.0,0.0
2023-05-02 00:00:00-04:00,28.0,28.304000854492188,27.408000946044922,27.920000076293945,217750,0.0,0.0
2023-05-03 00:00:00-04:00,27.8799991607666,28.312000274658203,27.736000061035156,27.871999740600586,287250,0.0,0.0
2023-05-04 00:00:00-04:00,28.29599952697754,29.871999740600586,27.760000228881836,29.760000228881836,323875,0.0,0.0
2023-05-05 00:00:00-04:00,29.88800048828125,30.31999969482422,27.479999542236328,29.808000564575195,197250,0.0,0.0
2023-05-08 00:00:00-04:00,29.97599983215332,30.1200008392334,28.663999557495117,29.04800033569336,190000,0.0,0.0
2023-05-09 00:00:00-04:00,29.055999755859375,29.167999267578125,28.336000442504883,28.527999877929688,225875,0.0,0.0
2023-05-10 00:00:00-04:00,28.91200065612793,28.920000076293945,28.31999969482422,28.70400047302246,166625,0.0,0.0
2023-05-11 00:00:00-04:00,28.488000869750977,29.055999755859375,28.488000869750977,28.959999084472656,129500,0.0,0.0
2023-05-12 00:00:00-04:00,28.90399932861328,28.959999084472656,28.128000259399414,28.239999771118164,283625,0.0,0.0
2023-05-15 00:00:00-04:00,28.416000366210938,28.743999481201172,28.152000427246094,28.280000686645508,205500,0.0,0.0
2023-05-16 00:00:00-04:00,28.15999984741211,28.511999130249023,27.944000244140625,27.944000244140625,172000,0.0,0.0
2023-05-17 00:00:00-04:00,28.0,28.583999633789062,27.687999725341797,28.559999465942383,273250,0.0,0.0
2023-05-18 00:00:00-04:00,28.399999618530273,28.743999481201172,28.079999923706055,28.503999710083008,212875,0.0,0.0
2023-05-19 00:00:00-04:00,28.856000900268555,28.856000900268555,28.280000686645508,28.304000854492188,412625,0.0,0.0
2023-05-22 00:00:00-04:00,28.312000274658203,28.68000030517578,27.92799949645996,28.1200008392334,328875,0.0,0.0
2023-05-23 00:00:00-04:00,28.055999755859375,28.360000610351562,27.959999084472656,28.07200050354004,573375,0.0,0.0
2023-05-24 00:00:00-04:00,28.079999923706055,28.20800018310547,27.535999298095703,27.615999221801758,189875,0.0,0.0
2023-05-25 00:00:00-04:00,27.520000457763672,27.624000549316406,27.016000747680664,27.200000762939453,191000,0.0,0.0
2023-05-26 00:00:00-04:00,27.15999984741211,27.992000579833984,27.06399917602539,27.88800048828125,364750,0.0,0.0
2023-05-30 00:00:00-04:00,27.86400032043457,28.152000427246094,27.45599937438965,27.743999481201172,255625,0.0,0.0
2023-05-31 00:00:00-04:00,27.76799964904785,28.15999984741211,27.384000778198242,27.479999542236328,484125,0.0,0.0
2023-06-01 00:00:00-04:00,27.479999542236328,28.104000091552734,27.08799934387207,27.91200065612793,355375,0.0,0.0
2023-06-02 00:00:00-04:00,28.128000259399414,28.631999969482422,27.775999069213867,28.488000869750977,369250,0.0,0.0
2023-06-05 00:00:00-04:00,28.215999603271484,28.215999603271484,27.29599952697754,27.81599998474121,231000,0.0,0.0
2023-06-06 00:00:00-04:00,27.81599998474121,28.384000778198242,27.591999053955078,28.06399917602539,345250,0.0,0.0
2023-06-07 00:00:00-04:00,28.176000595092773,29.31999969482422,28.040000915527344,29.15999984741211,941875,0.0,0.0
2023-06-08 00:00:00-04:00,29.128000259399414,29.3439998626709,28.615999221801758,29.09600067138672,246375,0.0,0.0
2023-06-09 00:00:00-04:00,29.09600067138672,29.288000106811523,28.09600067138672,28.447999954223633,184750,0.0,0.0
2023-06-12 00:00:00-04:00,28.479999542236328,29.02400016784668,28.256000518798828,28.871999740600586,189625,0.0,0.0
2023-06-13 00:00:00-04:00,28.92799949645996,29.45599937438965,28.384000778198242,29.055999755859375,191125,0.0,0.0
2023-06-14 00:00:00-04:00,29.18400001525879,29.423999786376953,28.527999877929688,28.743999481201172,279375,0.0,0.0
2023-06-15 00:00:00-04:00,28.72800064086914,29.13599967956543,28.280000686645508,29.07200050354004,372750,0.0,0.0
2023-06-16 00:00:00-04:00,29.45599937438965,29.520000457763672,28.968000411987305,29.15999984741211,701875,0.0,0.0
2023-06-20 00:00:00-04:00,29.20800018310547,29.43199920654297,28.607999801635742,28.992000579833984,193625,0.0,0.0
2023-06-21 00:00:00-04:00,28.871999740600586,29.079999923706055,28.687999725341797,28.92799949645996,194000,0.0,0.0
2023-06-22 00:00:00-04:00,28.944000244140625,29.143999099731445,28.672000885009766,28.944000244140625,196000,0.0,0.0
2023-06-23 00:00:00-04:00,28.583999633789062,28.944000244140625,28.27199935913086,28.384000778198242,741625,0.0,0.0
2023-06-26 00:00:00-04:00,28.368000030517578,28.68000030517578,28.143999099731445,28.408000946044922,430375,0.0,0.0
2023-06-27 00:00:00-04:00,28.368000030517578,28.959999084472656,28.128000259399414,28.847999572753906,143125,0.0,0.0
2023-06-28 00:00:00-04:00,28.743999481201172,29.016000747680664,28.440000534057617,28.695999145507812,250125,0.0,0.0
2023-06-29 00:00:00-04:00,28.711999893188477,29.143999099731445,28.511999130249023,28.856000900268555,218625,0.0,0.0
2023-06-30 00:00:00-04:00,29.07200050354004,29.24799919128418,28.88800048828125,29.167999267578125,288375,0.0,0.0
2023-07-03 00:00:00-04:00,29.0,29.416000366210938,28.823999404907227,29.24799919128418,117125,0.0,0.0
2023-07-05 00:00:00-04:00,29.23200035095215,29.472000122070312,28.719999313354492,28.832000732421875,170500,0.0,0.0
2023-07-06 00:00:00-04:00,28.479999542236328,28.56800079345703,27.97599983215332,28.384000778198242,144750,0.0,0.0
2023-07-07 00:00:00-04:00,28.503999710083008,28.808000564575195,28.416000366210938,28.56800079345703,144000,0.0,0.0
2023-07-10 00:00:00-04:00,28.552000045776367,29.18400001525879,28.552000045776367,28.97599983215332,160750,0.0,0.0
2023-07-11 00:00:00-04:00,28.983999252319336,29.27199935913086,28.86400032043457,29.13599967956543,113750,0.0,0.0
2023-07-12 00:00:00-04:00,29.416000366210938,29.648000717163086,29.191999435424805,29.43199920654297,162375,0.0,0.0
2023-07-13 00:00:00-04:00,29.43199920654297,29.600000381469727,29.304000854492188,29.511999130249023,116375,0.0,0.0
2023-07-14 00:00:00-04:00,29.375999450683594,29.736000061035156,29.18400001525879,29.72800064086914,199000,0.0,0.0
2023-07-17 00:00:00-04:00,29.648000717163086,30.152000427246094,29.56800079345703,30.016000747680664,196875,0.0,0.0
2023-07-18 00:00:00-04:00,29.88800048828125,30.416000366210938,29.799999237060547,30.384000778198242,151125,0.0,0.0
2023-07-19 00:00:00-04:00,30.479999542236328,30.72800064086914,30.280000686645508,30.624000549316406,235000,0.0,0.0
2023-07-20 00:00:00-04:00,30.68000030517578,30.8799991607666,30.04800033569336,30.288000106811523,129625,0.0,0.0
2023-07-21 00:00:00-04:00,30.511999130249023,30.631999969482422,30.128000259399414,30.45599937438965,151750,0.0,0.0
2023-07-24 00:00:00-04:00,30.496000289916992,30.88800048828125,30.360000610351562,30.648000717163086,89375,0.0,0.0
2023-07-25 00:00:00-04:00,30.576000213623047,30.944000244140625,30.535999298095703,30.70400047302246,133375,0.0,0.0
2023-07-26 00:00:00-04:00,30.624000549316406,31.327999114990234,30.503999710083008,31.24799919128418,113500,0.0,0.0
2023-07-27 00:00:00-04:00,31.29599952697754,31.368000030517578,30.527999877929688,30.559999465942383,112250,0.0,0.0
2023-07-28 00:00:00-04:00,30.72800064086914,30.968000411987305,30.392000198364258,30.416000366210938,118750,0.0,0.0
2023-07-31 00:00:00-04:00,30.368000030517578,30.799999237060547,30.256000518798828,30.576000213623047,134375,0.0,0.0
2023-08-01 00:00:00-04:00,30.447999954223633,30.91200065612793,30.1200008392334,30.368000030517578,89250,0.0,0.0
2023-08-02 00:00:00-04:00,30.327999114990234,30.559999465942383,30.167999267578125,30.336000442504883,233500,0.0,0.0
2023-08-03 00:00:00-04:00,32.104000091552734,36.74399948120117,32.104000091552734,34.41600036621094,801250,0.0,0.0
2023-08-04 00:00:00-04:00,34.41600036621094,34.895999908447266,33.9119987487793,34.0,427250,0.0,0.0
2023-08-07 00:00:00-04:00,33.880001068115234,34.439998626708984,33.86399841308594,34.24800109863281,302250,0.0,0.0
2023-08-08 00:00:00-04:00,34.02399826049805,34.42399978637695,33.64799880981445,34.36000061035156,171000,0.0,0.0
2023-08-09 00:00:00-04:00,34.42399978637695,34.79999923706055,34.183998107910156,34.40800094604492,277125,0.0,0.0
2023-08-10 00:00:00-04:00,34.512001037597656,34.56800079345703,33.512001037597656,33.72800064086914,123500,0.0,0.0
2023-08-11 00:00:00-04:00,33.56800079345703,34.02399826049805,33.56800079345703,33.79999923706055,99875,0.0,0.0
2023-08-14 00:00:00-04:00,33.61600112915039,33.9119987487793,33.2400016784668,33.448001861572266,188625,0.0,0.0
2023-08-15 00:00:00-04:00,33.29600143432617,33.61600112915039,33.0,33.487998962402344,152250,0.0,0.0
2023-08-16 00:00:00-04:00,33.42399978637695,33.784000396728516,33.231998443603516,33.27199935913086,114250,0.0,0.0
2023-08-17 00:00:00-04:00,33.391998291015625,33.560001373291016,32.768001556396484,32.80799865722656,148500,0.0,0.0
2023-08-18 00:00:00-04:00,32.63999938964844,33.04800033569336,32.63999938964844,32.816001892089844,147000,0.0,0.0
2023-08-21 00:00:00-04:00,32.720001220703125,32.97600173950195,31.97599983215332,32.58399963378906,137625,0.0,0.0
2023-08-22 00:00:00-04:00,32.45600128173828,32.9119987487793,32.45600128173828,32.82400131225586,80375,0.0,0.0
2023-08-23 00:00:00-04:00,32.7599983215332,33.12799835205078,32.720001220703125,33.03200149536133,113875,0.0,0.0
2023-08-24 00:00:00-04:00,32.84000015258789,33.17599868774414,32.54399871826172,32.608001708984375,149875,0.0,0.0
2023-08-25 00:00:00-04:00,32.58399963378906,33.06399917602539,32.52799987792969,32.784000396728516,195250,0.0,0.0
2023-08-28 00:00:00-04:00,33.04800033569336,33.14400100708008,32.672000885009766,32.7760009765625,132500,0.0,0.0
2023-08-29 00:00:00-04:00,32.895999908447266,33.167999267578125,32.64799880981445,33.104000091552734,148125,0.0,0.0
2023-08-30 00:00:00-04:00,32.959999084472656,33.672000885009766,32.959999084472656,33.3120002746582,131250,0.0,0.0
2023-08-31 00:00:00-04:00,33.215999603271484,33.487998962402344,32.58399963378906,32.63999938964844,170500,0.0,0.0
2023-09-01 00:00:00-04:00,32.768001556396484,33.24800109863281,32.63999938964844,32.80799865722656,103750,0.0,0.0
2023-09-05 00:00:00-04:00,32.7760009765625,32.7760009765625,31.31999969482422,31.408000946044922,223125,0.0,0.0
2023-09-06 00:00:00-04:00,31.591999053955078,31.856000900268555,30.91200065612793,31.143999099731445,168625,0.0,0.0
2023-09-07 00:00:00-04:00,31.167999267578125,31.607999801635742,30.93600082397461,31.559999465942383,218125,0.0,0.0
2023-09-08 00:00:00-04:00,31.496000289916992,31.84000015258789,31.11199951171875,31.559999465942383,189125,0.0,0.0
2023-09-11 00:00:00-04:00,31.687999725341797,31.968000411987305,31.215999603271484,31.288000106811523,152000,0.0,0.0
2023-09-12 00:00:00-04:00,31.360000610351562,31.360000610351562,30.72800064086914,31.016000747680664,182500,0.0,0.0
2023-09-13 00:00:00-04:00,31.191999435424805,31.191999435424805,30.736000061035156,31.07200050354004,161375,0.0,0.0
2023-09-14 00:00:00-04:00,31.200000762939453,31.719999313354492,31.200000762939453,31.695999145507812,226750,0.0,0.0
2023-09-15 00:00:00-04:00,31.75200080871582,34.04800033569336,31.75200080871582,33.71200180053711,1398125,0.0,0.0
2023-09-18 00:00:00-04:00,33.84000015258789,34.119998931884766,33.04800033569336,33.72800064086914,213375,0.0,0.0
2023-09-19 00:00:00-04:00,33.72800064086914,33.96799850463867,33.3120002746582,33.79199981689453,231125,0.0,0.0
2023-09-20 00:00:00-04:00,33.96799850463867,34.20800018310547,33.56800079345703,33.93600082397461,184500,0.0,0.0
2023-09-21 00:00:00-04:00,33.65599822998047,34.47200012207031,33.599998474121094,34.02399826049805,306000,0.0,0.0
2023-09-22 00:00:00-04:00,34.104000091552734,34.68000030517578,33.768001556396484,33.79999923706055,231875,0.0,0.0
2023-09-25 00:00:00-04:00,33.58399963378906,33.6879997253418,33.2400016784668,33.33599853515625,196375,0.0,0.0
2023-09-26 00:00:00-04:00,33.040000915527344,33.25600051879883,32.33599853515625,32.47200012207031,223625,0.0,0.0
2023-09-27 00:00:00-04:00,32.66400146484375,33.832000732421875,32.5359992980957,32.880001068115234,145625,0.0,0.0
2023-09-28 00:00:00-04:00,32.87200164794922,33.20000076293945,32.551998138427734,32.599998474121094,271625,0.0,0.0
2023-09-29 00:00:00-04:00,32.72800064086914,33.055999755859375,32.02399826049805,32.071998596191406,177750,0.0,0.0
2023-10-02 00:00:00-04:00,32.071998596191406,32.08000183105469,31.54400062561035,31.695999145507812,208750,0.0,0.0
2023-10-03 00:00:00-04:00,31.583999633789062,31.8799991607666,31.29599952697754,31.591999053955078,143125,0.0,0.0
2023-10-04 00:00:00-04:00,31.591999053955078,32.167999267578125,31.23200035095215,31.823999404907227,209375,0.0,0.0
2023-10-05 00:00:00-04:00,31.695999145507812,31.823999404907227,31.31999969482422,31.464000701904297,226625,0.0,0.0
2023-10-06 00:00:00-04:00,31.23200035095215,31.79199981689453,30.920000076293945,31.631999969482422,166500,0.0,0.0
2023-10-09 00:00:00-04:00,31.399999618530273,31.615999221801758,31.20800018310547,31.559999465942383,103125,0.0,0.0
2023-10-10 00:00:00-04:00,31.56800079345703,32.02399826049805,31.45599937438965,31.535999298095703,130625,0.0,0.0
2023-10-11 00:00:00-04:00,31.583999633789062,31.719999313354492,31.263999938964844,31.375999450683594,126000,0.0,0.0
2023-10-12 00:00:00-04:00,31.399999618530273,31.511999130249023,30.832000732421875,31.327999114990234,264875,0.0,0.0
2023-10-13 00:00:00-04:00,31.3439998626709,31.743999481201172,31.079999923706055,31.648000717163086,117750,0.0,0.0
2023-10-16 00:00:00-04:00,31.799999237060547,32.512001037597656,31.799999237060547,32.19200134277344,143875,0.0,0.0
2023-10-17 00:00:00-04:00,32.183998107910156,32.98400115966797,32.183998107910156,32.64799880981445,214250,0.0,0.0
2023-10-18 00:00:00-04:00,32.50400161743164,32.7599983215332,32.36800003051758,32.54399871826172,116750,0.0,0.0
2023-10-19 00:00:00-04:00,32.4640007019043,32.847999572753906,32.263999938964844,32.263999938964844,174125,0.0,0.0
2023-10-20 00:00:00-04:00,32.41600036621094,32.64799880981445,31.79199981689453,31.871999740600586,210625,0.0,0.0
2023-10-23 00:00:00-04:00,31.736000061035156,32.20800018310547,31.736000061035156,31.808000564575195,172625,0.0,0.0
2023-10-24 00:00:00-04:00,31.97599983215332,32.215999603271484,31.600000381469727,31.6560001373291,187625,0.0,0.0
2023-10-25 00:00:00-04:00,31.31999969482422,31.847999572753906,31.167999267578125,31.6560001373291,146375,0.0,0.0
2023-10-26 00:00:00-04:00,31.75200080871582,31.920000076293945,31.440000534057617,31.56800079345703,109000,0.0,0.0
2023-10-27 00:00:00-04:00,31.440000534057617,31.440000534057617,30.687999725341797,30.823999404907227,141000,0.0,0.0
2023-10-30 00:00:00-04:00,31.1200008392334,31.68000030517578,30.959999084472656,31.496000289916992,209875,0.0,0.0
2023-10-31 00:00:00-04:00,31.416000366210938,31.847999572753906,31.399999618530273,31.75200080871582,178250,0.0,0.0
2023-11-01 00:00:00-04:00,31.79199981689453,31.79199981689453,31.143999099731445,31.54400062561035,168000,0.0,0.0
2023-11-02 00:00:00-04:00,31.871999740600586,32.15999984741211,31.583999633789062,32.0880012512207,205000,0.0,0.0
2023-11-03 00:00:00-04:00,32.49599838256836,32.847999572753906,32.152000427246094,32.52799987792969,210375,0.0,0.0
2023-11-06 00:00:00-05:00,32.08000183105469,32.98400115966797,32.055999755859375,32.85599899291992,192375,0.0,0.0
2023-11-07 00:00:00-05:00,32.64799880981445,32.93600082397461,32.40800094604492,32.7760009765625,111000,0.0,0.0
2023-11-08 00:00:00-05:00,32.7760009765625,33.0,32.119998931884766,32.215999603271484,90625,0.0,0.0
2023-11-09 00:00:00-05:00,32.215999603271484,32.279998779296875,31.503999710083008,31.56800079345703,148375,0.0,0.0
2023-11-10 00:00:00-05:00,31.520000457763672,31.72800064086914,30.97599983215332,31.360000610351562,388375,0.0,0.0
2023-11-13 00:00:00-05:00,31.143999099731445,31.56800079345703,30.86400032043457,31.399999618530273,181250,0.0,0.0
2023-11-14 00:00:00-05:00,32.08000183105469,32.9119987487793,32.0,32.895999908447266,176250,0.0,0.0
2023-11-15 00:00:00-05:00,32.6879997253418,33.25600051879883,32.6879997253418,32.93600082397461,121750,0.0,0.0
2023-11-16 00:00:00-05:00,32.928001403808594,32.928001403808594,32.29600143432617,32.560001373291016,137875,0.0,0.0
2023-11-17 00:00:00-05:00,32.80799865722656,32.84000015258789,31.983999252319336,32.17599868774414,237500,0.0,0.0
2023-11-20 00:00:00-05:00,31.992000579833984,32.327999114990234,31.81599998474121,32.08000183105469,140125,0.0,0.0
2023-11-21 00:00:00-05:00,30.84000015258789,32.47999954223633,27.8799991607666,28.6560001373291,539000,0.0,0.0
2023-11-22 00:00:00-05:00,28.92799949645996,29.312000274658203,28.423999786376953,28.695999145507812,160750,0.0,0.0
2023-11-24 00:00:00-05:00,28.56800079345703,29.040000915527344,28.56800079345703,28.88800048828125,83875,0.0,0.0
2023-11-27 00:00:00-05:00,28.88800048828125,28.992000579833984,28.511999130249023,28.808000564575195,176250,0.0,0.0
2023-11-28 00:00:00-05:00,28.663999557495117,29.176000595092773,28.503999710083008,29.02400016784668,191125,0.0,0.0
2023-11-29 00:00:00-05:00,29.104000091552734,29.3439998626709,28.31999969482422,28.368000030517578,237625,0.0,0.0
2023-11-30 00:00:00-05:00,28.56800079345703,29.055999755859375,28.176000595092773,29.02400016784668,227000,0.0,0.0
2023-12-01 00:00:00-05:00,29.02400016784668,30.079999923706055,29.016000747680664,29.95199966430664,241375,0.0,0.0
2023-12-04 00:00:00-05:00,29.944000244140625,31.607999801635742,29.944000244140625,31.07200050354004,314625,0.0,0.0
2023-12-05 00:00:00-05:00,31.09600067138672,31.968000411987305,30.799999237060547,31.15999984741211,250125,0.0,0.0
2023-12-06 00:00:00-05:00,31.464000701904297,31.479999542236328,30.91200065612793,31.336000442504883,163250,0.0,0.0
2023-12-07 00:00:00-05:00,31.18400001525879,32.19200134277344,31.079999923706055,32.19200134277344,186250,0.0,0.0
2023-12-08 00:00:00-05:00,32.19200134277344,32.49599838256836,31.871999740600586,31.97599983215332,183250,0.0,0.0
2023-12-11 00:00:00-05:00,32.104000091552734,32.96799850463867,31.719999313354492,32.63999938964844,221625,0.0,0.0
2023-12-12 00:00:00-05:00,32.82400131225586,32.96799850463867,32.42399978637695,32.79199981689453,247375,0.0,0.0
2023-12-13 00:00:00-05:00,32.90399932861328,33.66400146484375,32.152000427246094,33.57600021362305,380125,0.0,0.0
2023-12-14 00:00:00-05:00,33.599998474121094,34.54399871826172,33.42399978637695,33.97600173950195,399625,0.0,0.0
2023-12-15 00:00:00-05:00,34.2400016784668,34.2400016784668,33.487998962402344,33.66400146484375,1563000,0.0,0.0
2023-12-18 00:00:00-05:00,33.847999572753906,34.09600067138672,33.34400177001953,33.512001037597656,277500,0.0,0.0
2023-12-19 00:00:00-05:00,33.79999923706055,34.47200012207031,33.3120002746582,34.41600036621094,349250,0.0,0.0
2023-12-20 00:00:00-05:00,34.400001525878906,35.040000915527344,34.119998931884766,34.28799819946289,336250,0.0,0.0
2023-12-21 00:00:00-05:00,34.487998962402344,34.895999908447266,33.57600021362305,34.82400131225586,181000,0.0,0.0
2023-12-22 00:00:00-05:00,34.88800048828125,35.784000396728516,34.720001220703125,34.816001892089844,331500,0.0,0.0
2023-12-26 00:00:00-05:00,35.040000915527344,35.720001220703125,34.96799850463867,35.71200180053711,157625,0.0,0.0
2023-12-27 00:00:00-05:00,35.84000015258789,36.0880012512207,35.63199996948242,35.832000732421875,201500,0.0,0.0
2023-12-28 00:00:00-05:00,35.61600112915039,35.7760009765625,35.31999969482422,35.52000045776367,207500,0.0,0.0
2023-12-29 00:00:00-05:00,35.551998138427734,35.6879997253418,34.87200164794922,35.231998443603516,262000,0.0,0.0
2024-01-02 00:00:00-05:00,34.928001403808594,35.86399841308594,34.736000061035156,35.72800064086914,203750,0.0,0.0
2024-01-03 00:00:00-05:00,35.6879997253418,36.400001525878906,35.279998779296875,35.599998474121094,766375,0.0,0.0
2024-01-04 00:00:00-05:00,35.7760009765625,35.98400115966797,35.08000183105469,35.15999984741211,452750,0.0,0.0
2024-01-05 00:00:00-05:00,34.816001892089844,35.30400085449219,34.41600036621094,34.52000045776367,378250,0.0,0.0
2024-01-08 00:00:00-05:00,34.41600036621094,34.79999923706055,34.327999114990234,34.448001861572266,169250,0.0,0.0
2024-01-09 00:00:00-05:00,34.02399826049805,34.17599868774414,33.832000732421875,34.104000091552734,129625,0.0,0.0
2024-01-10 00:00:00-05:00,33.93600082397461,34.33599853515625,33.6879997253418,33.96799850463867,189875,0.0,0.0
2024-01-11 00:00:00-05:00,33.7599983215332,33.944000244140625,33.12799835205078,33.375999450683594,324000,0.0,0.0
2024-01-12 00:00:00-05:00,33.816001892089844,33.90399932861328,33.14400100708008,33.27199935913086,253875,0.0,0.0
2024-01-16 00:00:00-05:00,33.03200149536133,33.487998962402344,32.87200164794922,33.263999938964844,250375,0.0,0.0
2024-01-17 00:00:00-05:00,32.9119987487793,33.768001556396484,32.9119987487793,33.17599868774414,168000,0.0,0.0
2024-01-18 00:00:00-05:00,33.119998931884766,33.439998626708984,32.7599983215332,33.279998779296875,147375,0.0,0.0
2024-01-19 00:00:00-05:00,33.47200012207031,33.47200012207031,33.071998596191406,33.375999450683594,148250,0.0,0.0
2024-01-22 00:00:00-05:00,33.65599822998047,34.040000915527344,33.36800003051758,33.880001068115234,364750,0.0,0.0
2024-01-23 00:00:00-05:00,34.24800109863281,34.50400161743164,33.624000549316406,33.672000885009766,215250,0.0,0.0
2024-01-24 00:00:00-05:00,33.95199966430664,33.95199966430664,32.944000244140625,33.01599884033203,230625,0.0,0.0
2024-01-25 00:00:00-05:00,33.487998962402344,33.736000061035156,33.06399917602539,33.70399856567383,234625,0.0,0.0
2024-01-26 00:00:00-05:00,34.040000915527344,34.36800003051758,33.784000396728516,33.91999816894531,160500,0.0,0.0
2024-01-29 00:00:00-05:00,33.93600082397461,34.4640007019043,33.736000061035156,34.43199920654297,244250,0.0,0.0
2024-01-30 00:00:00-05:00,34.43199920654297,34.551998138427734,33.68000030517578,33.79999923706055,172500,0.0,0.0
2024-01-31 00:00:00-05:00,33.91999816894531,34.08000183105469,32.97600173950195,33.02399826049805,250875,0.0,0.0
2024-02-01 00:00:00-05:00,33.09600067138672,33.49599838256836,33.06399917602539,33.45600128173828,173500,0.0,0.0
2024-02-02 00:00:00-05:00,33.0880012512207,33.2239990234375,32.832000732421875,32.96799850463867,158750,0.0,0.0
2024-02-05 00:00:00-05:00,32.80799865722656,32.80799865722656,32.41600036621094,32.560001373291016,195625,0.0,0.0
2024-02-06 00:00:00-05:00,32.439998626708984,33.28799819946289,32.41600036621094,33.24800109863281,172125,0.0,0.0
2024-02-07 00:00:00-05:00,33.231998443603516,33.34400177001953,32.85599899291992,32.96799850463867,136500,0.0,0.0
2024-02-08 00:00:00-05:00,33.279998779296875,35.231998443603516,32.96799850463867,34.64799880981445,502750,0.0,0.0
2024-02-09 00:00:00-05:00,39.54999923706055,39.54999923706055,35.4900016784668,35.900001525878906,521400,0.0,1.25
2024-02-12 00:00:00-05:00,36.040000915527344,38.290000915527344,35.880001068115234,38.11000061035156,436100,0.0,0.0
2024-02-13 00:00:00-05:00,37.27000045776367,37.720001220703125,36.209999084472656,36.58000183105469,455800,0.0,0.0
2024-02-14 00:00:00-05:00,36.79999923706055,37.439998626708984,36.09000015258789,37.209999084472656,514700,0.0,0.0
2024-02-15 00:00:00-05:00,37.0,37.380001068115234,36.66999816894531,37.25,504000,0.0,0.0
2024-02-16 00:00:00-05:00,37.11000061035156,37.279998779296875,36.66999816894531,36.75,372000,0.0,0.0
2024-02-20 00:00:00-05:00,36.2599983215332,37.13999938964844,36.2599983215332,37.060001373291016,309600,0.0,0.0
2024-02-21 00:00:00-05:00,37.09000015258789,37.25,36.27000045776367,36.650001525878906,460700,0.0,0.0
2024-02-22 00:00:00-05:00,36.36000061035156,36.900001525878906,35.84000015258789,36.779998779296875,440600,0.0,0.0
2024-02-23 00:00:00-05:00,36.959999084472656,37.47999954223633,36.58000183105469,37.13999938964844,255700,0.0,0.0
2024-02-26 00:00:00-05:00,36.970001220703125,37.150001525878906,36.560001373291016,37.02000045776367,288600,0.0,0.0
2024-02-27 00:00:00-05:00,37.209999084472656,37.439998626708984,36.79999923706055,37.369998931884766,262400,0.0,0.0
2024-02-28 00:00:00-05:00,37.0099983215332,37.540000915527344,36.779998779296875,37.5099983215332,234900,0.0,0.0
2024-02-29 00:00:00-05:00,37.599998474121094,37.869998931884766,37.09000015258789,37.689998626708984,341900,0.0,0.0
2024-03-01 00:00:00-05:00,37.849998474121094,37.849998474121094,37.130001068115234,37.58000183105469,250200,0.0,0.0
2024-03-04 00:00:00-05:00,37.650001525878906,37.959999084472656,37.119998931884766,37.220001220703125,226800,0.0,0.0
2024-03-05 00:00:00-05:00,37.06999969482422,37.349998474121094,35.900001525878906,36.0099983215332,258000,0.0,0.0
2024-03-06 00:00:00-05:00,36.13999938964844,36.16999816894531,35.2599983215332,35.43000030517578,185300,0.0,0.0
2024-03-07 00:00:00-05:00,35.75,36.02000045776367,35.630001068115234,35.83000183105469,223000,0.0,0.0
2024-03-08 00:00:00-05:00,36.220001220703125,36.220001220703125,35.279998779296875,35.529998779296875,270500,0.0,0.0
2024-03-11 00:00:00-04:00,35.470001220703125,35.81999969482422,35.209999084472656,35.59000015258789,179600,0.0,0.0
2024-03-12 00:00:00-04:00,35.810001373291016,36.77000045776367,35.470001220703125,36.720001220703125,215100,0.0,0.0
2024-03-13 00:00:00-04:00,36.54999923706055,37.45000076293945,36.25,37.380001068115234,207700,0.0,0.0
2024-03-14 00:00:00-04:00,37.15999984741211,37.290000915527344,36.060001373291016,36.470001220703125,270300,0.0,0.0
2024-03-15 00:00:00-04:00,36.11000061035156,36.86000061035156,36.040000915527344,36.13999938964844,681900,0.0,0.0
2024-03-18 00:00:00-04:00,36.36000061035156,36.689998626708984,35.86000061035156,36.22999954223633,271600,0.0,0.0
2024-03-19 00:00:00-04:00,36.220001220703125,36.7599983215332,36.220001220703125,36.31999969482422,185300,0.0,0.0
2024-03-20 00:00:00-04:00,36.119998931884766,37.220001220703125,35.900001525878906,37.04999923706055,196700,0.0,0.0
2024-03-21 00:00:00-04:00,37.279998779296875,37.529998779296875,36.9900016784668,37.369998931884766,226300,0.0,0.0
2024-03-22 00:00:00-04:00,37.4900016784668,37.70000076293945,36.790000915527344,36.91999816894531,151300,0.0,0.0
2024-03-25 00:00:00-04:00,36.90999984741211,37.38999938964844,36.619998931884766,36.720001220703125,129300,0.0,0.0
2024-03-26 00:00:00-04:00,37.0099983215332,37.0099983215332,35.93000030517578,36.0,240500,0.0,0.0
2024-03-27 00:00:00-04:00,36.36000061035156,36.939998626708984,36.31999969482422,36.900001525878906,161100,0.0,0.0
2024-03-28 00:00:00-04:00,37.0,37.29999923706055,36.560001373291016,36.91999816894531,221700,0.0,0.0
2024-04-01 00:00:00-04:00,36.77000045776367,36.779998779296875,36.06999969482422,36.36000061035156,147200,0.0,0.0
2024-04-02 00:00:00-04:00,36.029998779296875,36.15999984741211,34.88999938964844,35.29999923706055,262000,0.0,0.0
2024-04-03 00:00:00-04:00,34.97999954223633,35.540000915527344,34.90999984741211,35.29999923706055,151400,0.0,0.0
2024-04-04 00:00:00-04:00,35.68000030517578,35.95000076293945,35.33000183105469,35.4900016784668,301600,0.0,0.0
2024-04-05 00:00:00-04:00,35.529998779296875,35.529998779296875,34.959999084472656,35.52000045776367,149500,0.0,0.0
2024-04-08 00:00:00-04:00,35.72999954223633,36.0,35.61000061035156,35.61000061035156,95300,0.0,0.0
2024-04-09 00:00:00-04:00,35.84000015258789,35.84000015258789,35.380001068115234,35.630001068115234,140400,0.0,0.0
2024-04-10 00:00:00-04:00,34.880001068115234,34.880001068115234,34.099998474121094,34.34000015258789,166700,0.0,0.0
2024-04-11 00:00:00-04:00,34.59000015258789,34.86000061035156,34.369998931884766,34.720001220703125,155200,0.0,0.0
2024-04-12 00:00:00-04:00,34.58000183105469,34.63999938964844,34.08000183105469,34.31999969482422,143300,0.0,0.0
2024-04-15 00:00:00-04:00,34.33000183105469,34.68000030517578,33.88999938964844,34.18000030517578,169400,0.0,0.0
2024-04-16 00:00:00-04:00,33.90999984741211,34.119998931884766,33.58000183105469,33.97999954223633,126700,0.0,0.0
2024-04-17 00:00:00-04:00,34.15999984741211,34.310001373291016,33.88999938964844,33.970001220703125,147900,0.0,0.0
2024-04-18 00:00:00-04:00,33.970001220703125,34.189998626708984,33.7400016784668,33.880001068115234,176000,0.0,0.0
2024-04-19 00:00:00-04:00,33.70000076293945,34.59000015258789,33.70000076293945,34.52000045776367,176400,0.0,0.0
2024-04-22 00:00:00-04:00,34.58000183105469,34.959999084472656,34.38999938964844,34.709999084472656,171400,0.0,0.0
2024-04-23 00:00:00-04:00,34.790000915527344,36.790000915527344,34.790000915527344,36.18000030517578,343300,0.0,0.0
2024-04-24 00:00:00-04:00,35.7599983215332,36.29999923706055,35.09000015258789,36.150001525878906,203800,0.0,0.0
2024-04-25 00:00:00-04:00,35.84000015258789,35.84000015258789,34.869998931884766,35.15999984741211,265400,0.0,0.0
2024-04-26 00:00:00-04:00,35.34000015258789,35.7400016784668,35.25,35.540000915527344,128100,0.0,0.0
2024-04-29 00:00:00-04:00,35.790000915527344,36.08000183105469,35.2400016784668,35.52000045776367,104800,0.0,0.0
2024-04-30 00:00:00-04:00,35.15999984741211,35.43000030517578,34.97999954223633,35.43000030517578,166000,0.0,0.0
2024-05-01 00:00:00-04:00,35.560001373291016,35.93000030517578,34.91999816894531,35.68000030517578,154600,0.0,0.0
2024-05-02 00:00:00-04:00,35.869998931884766,36.15999984741211,35.61000061035156,35.88999938964844,139800,0.0,0.0
2024-05-03 00:00:00-04:00,36.22999954223633,36.36000061035156,35.54999923706055,36.310001373291016,178000,0.0,0.0
2024-05-06 00:00:00-04:00,36.439998626708984,36.68000030517578,35.849998474121094,35.939998626708984,161600,0.0,0.0
2024-05-07 00:00:00-04:00,36.060001373291016,36.439998626708984,35.79999923706055,35.86000061035156,186000,0.0,0.0
2024-05-08 00:00:00-04:00,35.529998779296875,36.16999816894531,35.529998779296875,35.939998626708984,138000,0.0,0.0
2024-05-09 00:00:00-04:00,35.7599983215332,40.18000030517578,35.7599983215332,39.9900016784668,355300,0.0,0.0
2024-05-10 00:00:00-04:00,39.7400016784668,40.36000061035156,38.959999084472656,40.22999954223633,270900,0.0,0.0
2024-05-13 00:00:00-04:00,40.25,40.59000015258789,39.849998474121094,40.08000183105469,321900,0.0,0.0
2024-05-14 00:00:00-04:00,40.04999923706055,40.59000015258789,39.5,40.04999923706055,279900,0.0,0.0
2024-05-15 00:00:00-04:00,40.380001068115234,41.029998779296875,40.0,40.84000015258789,193200,0.0,0.0
2024-05-16 00:00:00-04:00,40.75,40.75,39.52000045776367,39.599998474121094,208900,0.0,0.0
2024-05-17 00:00:00-04:00,39.779998779296875,39.90999984741211,38.97999954223633,39.72999954223633,375700,0.0,0.0
2024-05-20 00:00:00-04:00,39.709999084472656,40.029998779296875,39.33000183105469,39.900001525878906,175900,0.0,0.0
2024-05-21 00:00:00-04:00,39.720001220703125,40.38999938964844,39.720001220703125,40.0,171100,0.0,0.0
2024-05-22 00:00:00-04:00,40.0,40.04999923706055,39.59000015258789,39.7599983215332,201200,0.0,0.0
2024-05-23 00:00:00-04:00,39.7599983215332,39.7599983215332,38.720001220703125,39.09000015258789,364700,0.0,0.0
2024-05-24 00:00:00-04:00,39.380001068115234,39.380001068115234,38.86000061035156,39.09000015258789,169300,0.0,0.0
2024-05-28 00:00:00-04:00,39.439998626708984,39.970001220703125,38.83000183105469,38.97999954223633,203500,0.0,0.0
2024-05-29 00:00:00-04:00,38.630001068115234,38.779998779296875,38.08000183105469,38.22999954223633,138500,0.0,0.0
2024-05-30 00:00:00-04:00,38.529998779296875,38.75,36.97999954223633,37.31999969482422,708300,0.0,0.0
2024-05-31 00:00:00-04:00,37.5099983215332,37.66999816894531,37.02000045776367,37.349998474121094,317400,0.0,0.0
2024-06-03 00:00:00-04:00,37.720001220703125,37.84000015258789,36.630001068115234,36.779998779296875,150800,0.0,0.0
2024-06-04 00:00:00-04:00,36.58000183105469,36.68000030517578,36.099998474121094,36.15999984741211,212100,0.0,0.0
2024-06-05 00:00:00-04:00,36.38999938964844,36.65999984741211,35.97999954223633,36.41999816894531,275000,0.0,0.0
2024-06-06 00:00:00-04:00,36.45000076293945,36.650001525878906,36.040000915527344,36.439998626708984,238500,0.0,0.0
2024-06-07 00:00:00-04:00,36.13999938964844,36.65999984741211,35.630001068115234,35.95000076293945,200800,0.0,0.0
2024-06-10 00:00:00-04:00,35.47999954223633,35.939998626708984,34.2599983215332,34.970001220703125,337700,0.0,0.0
2024-06-11 00:00:00-04:00,34.63999938964844,35.02000045776367,34.349998474121094,34.849998474121094,369100,0.0,0.0
2024-06-12 00:00:00-04:00,35.83000183105469,35.83000183105469,34.380001068115234,34.5099983215332,262400,0.0,0.0
2024-06-13 00:00:00-04:00,34.25,34.36000061035156,33.68000030517578,33.900001525878906,277000,0.0,0.0
2024-06-14 00:00:00-04:00,33.400001525878906,33.560001373291016,32.4900016784668,32.56999969482422,334700,0.0,0.0
2024-06-17 00:00:00-04:00,32.45000076293945,32.81999969482422,32.33000183105469,32.81999969482422,240600,0.0,0.0
2024-06-18 00:00:00-04:00,32.939998626708984,33.279998779296875,32.459999084472656,33.16999816894531,301100,0.0,0.0
2024-06-20 00:00:00-04:00,32.9900016784668,33.709999084472656,32.869998931884766,33.02000045776367,300400,0.0,0.0
2024-06-21 00:00:00-04:00,33.08000183105469,33.709999084472656,32.9900016784668,33.63999938964844,827500,0.0,0.0
2024-06-24 00:00:00-04:00,33.880001068115234,34.20000076293945,33.029998779296875,33.33000183105469,361300,0.0,0.0
2024-06-25 00:00:00-04:00,33.20000076293945,33.7599983215332,33.029998779296875,33.47999954223633,250200,0.0,0.0
2024-06-26 00:00:00-04:00,33.2400016784668,33.400001525878906,32.81999969482422,32.91999816894531,238900,0.0,0.0
2024-06-27 00:00:00-04:00,33.11000061035156,33.130001068115234,32.41999816894531,32.63999938964844,226300,0.0,0.0
2024-06-28 00:00:00-04:00,33.0,33.189998626708984,32.540000915527344,33.029998779296875,742400,0.0,0.0
2024-07-01 00:00:00-04:00,33.040000915527344,33.619998931884766,32.68000030517578,33.380001068115234,270700,0.0,0.0
2024-07-02 00:00:00-04:00,33.439998626708984,33.91999816894531,33.099998474121094,33.22999954223633,201600,0.0,0.0
2024-07-03 00:00:00-04:00,33.40999984741211,33.40999984741211,32.7599983215332,33.04999923706055,109400,0.0,0.0
2024-07-05 00:00:00-04:00,32.88999938964844,33.150001525878906,32.029998779296875,32.20000076293945,247000,0.0,0.0
2024-07-08 00:00:00-04:00,32.54999923706055,32.75,32.08000183105469,32.25,282200,0.0,0.0
2024-07-09 00:00:00-04:00,32.02000045776367,32.099998474121094,31.360000610351562,31.56999969482422,310300,0.0,0.0
2024-07-10 00:00:00-04:00,31.770000457763672,32.20000076293945,31.229999542236328,32.130001068115234,217700,0.0,0.0
2024-07-11 00:00:00-04:00,32.93000030517578,33.119998931884766,32.45000076293945,32.779998779296875,305300,0.0,0.0
2024-07-12 00:00:00-04:00,33.18000030517578,33.380001068115234,32.709999084472656,32.84000015258789,332100,0.0,0.0
2024-07-15 00:00:00-04:00,33.04999923706055,33.27000045776367,32.540000915527344,32.68000030517578,652800,0.0,0.0
2024-07-16 00:00:00-04:00,33.119998931884766,34.31999969482422,33.029998779296875,34.2400016784668,460900,0.0,0.0
2024-07-17 00:00:00-04:00,34.06999969482422,35.34000015258789,33.619998931884766,34.95000076293945,246900,0.0,0.0
2024-07-18 00:00:00-04:00,34.59000015258789,35.16999816894531,33.849998474121094,33.939998626708984,223800,0.0,0.0
2024-07-19 00:00:00-04:00,34.060001373291016,34.09000015258789,33.439998626708984,33.65999984741211,202200,0.0,0.0
2024-07-22 00:00:00-04:00,33.79999923706055,33.959999084472656,33.209999084472656,33.880001068115234,177500,0.0,0.0
2024-07-23 00:00:00-04:00,33.619998931884766,33.709999084472656,32.83000183105469,33.119998931884766,265300,0.0,0.0
2024-07-24 00:00:00-04:00,33.11000061035156,33.810001373291016,32.849998474121094,33.25,238300,0.0,0.0
2024-07-25 00:00:00-04:00,33.45000076293945,34.279998779296875,33.09000015258789,33.5099983215332,251400,0.0,0.0
2024-07-26 00:00:00-04:00,34.0099983215332,34.33000183105469,33.70000076293945,34.040000915527344,285900,0.0,0.0
2024-07-29 00:00:00-04:00,33.9900016784668,34.29999923706055,33.459999084472656,33.900001525878906,252800,0.0,0.0
2024-07-30 00:00:00-04:00,33.93000030517578,34.70000076293945,33.470001220703125,34.31999969482422,349300,0.0,0.0
2024-07-31 00:00:00-04:00,34.400001525878906,35.099998474121094,33.66999816894531,34.36000061035156,262900,0.0,0.0
2024-08-01 00:00:00-04:00,34.29999923706055,34.58000183105469,33.130001068115234,34.130001068115234,287100,0.0,0.0
2024-08-02 00:00:00-04:00,33.04999923706055,34.0099983215332,33.04999923706055,33.68000030517578,200900,0.0,0.0
2024-08-05 00:00:00-04:00,32.58000183105469,32.68000030517578,31.8700008392334,32.380001068115234,416800,0.0,0.0
2024-08-06 00:00:00-04:00,32.16999816894531,33.16999816894531,31.959999084472656,33.06999969482422,365300,0.0,0.0
2024-08-07 00:00:00-04:00,33.209999084472656,33.56999969482422,32.63999938964844,32.70000076293945,312000,0.0,0.0
2024-08-08 00:00:00-04:00,31.75,34.7400016784668,30.18000030517578,34.58000183105469,524400,0.0,0.0
2024-08-09 00:00:00-04:00,34.47999954223633,34.47999954223633,33.11000061035156,33.540000915527344,558100,0.0,0.0
2024-08-12 00:00:00-04:00,33.689998626708984,33.689998626708984,33.040000915527344,33.25,464700,0.0,0.0
2024-08-13 00:00:00-04:00,33.47999954223633,33.58000183105469,32.470001220703125,33.15999984741211,258200,0.0,0.0
2024-08-14 00:00:00-04:00,32.970001220703125,33.20000076293945,32.560001373291016,32.81999969482422,204300,0.0,0.0
2024-08-15 00:00:00-04:00,33.709999084472656,34.099998474121094,33.33000183105469,33.959999084472656,308800,0.0,0.0
2024-08-16 00:00:00-04:00,33.86000061035156,34.189998626708984,33.4900016784668,33.540000915527344,208100,0.0,0.0
2024-08-19 00:00:00-04:00,33.54999923706055,34.349998474121094,33.54999923706055,34.060001373291016,276900,0.0,0.0
2024-08-20 00:00:00-04:00,34.0,34.0,33.43000030517578,33.4900016784668,168900,0.0,0.0
2024-08-21 00:00:00-04:00,33.7400016784668,34.02000045776367,33.52000045776367,33.7599983215332,138000,0.0,0.0
2024-08-22 00:00:00-04:00,33.720001220703125,33.849998474121094,33.22999954223633,33.43000030517578,257600,0.0,0.0
2024-08-23 00:00:00-04:00,33.630001068115234,34.630001068115234,33.470001220703125,34.2599983215332,175700,0.0,0.0
2024-08-26 00:00:00-04:00,34.279998779296875,35.290000915527344,34.209999084472656,34.70000076293945,325800,0.0,0.0
2024-08-27 00:00:00-04:00,34.68000030517578,34.68000030517578,33.9900016784668,34.36000061035156,319800,0.0,0.0
2024-08-28 00:00:00-04:00,34.34000015258789,34.68000030517578,33.65999984741211,34.02000045776367,149600,0.0,0.0
2024-08-29 00:00:00-04:00,34.36000061035156,34.61000061035156,33.88999938964844,34.20000076293945,118300,0.0,0.0
2024-08-30 00:00:00-04:00,34.43000030517578,34.70000076293945,33.52000045776367,34.20000076293945,253000,0.0,0.0
2024-09-03 00:00:00-04:00,34.060001373291016,34.5,33.84000015258789,33.939998626708984,208600,0.0,0.0
2024-09-04 00:00:00-04:00,33.84000015258789,34.13999938964844,33.25,33.70000076293945,253800,0.0,0.0
2024-09-05 00:00:00-04:00,33.939998626708984,34.16999816894531,30.940000534057617,33.47999954223633,156400,0.0,0.0
2024-09-06 00:00:00-04:00,33.58000183105469,33.900001525878906,32.9900016784668,33.310001373291016,205900,0.0,0.0
2024-09-09 00:00:00-04:00,33.130001068115234,33.189998626708984,32.45000076293945,32.70000076293945,397200,0.0,0.0
2024-09-10 00:00:00-04:00,32.61000061035156,32.68000030517578,32.060001373291016,32.099998474121094,189500,0.0,0.0
2024-09-11 00:00:00-04:00,31.790000915527344,31.969999313354492,31.200000762939453,31.950000762939453,254400,0.0,0.0
2024-09-12 00:00:00-04:00,32.22999954223633,32.70000076293945,31.809999465942383,32.2599983215332,362300,0.0,0.0
2024-09-13 00:00:00-04:00,32.40999984741211,33.529998779296875,32.40999984741211,33.06999969482422,327700,0.0,0.0
2024-09-16 00:00:00-04:00,33.130001068115234,33.540000915527344,32.83000183105469,33.09000015258789,416900,0.0,0.0
2024-09-17 00:00:00-04:00,33.380001068115234,33.63999938964844,32.619998931884766,32.63999938964844,416000,0.0,0.0
2024-09-18 00:00:00-04:00,32.58000183105469,33.86000061035156,32.04999923706055,33.04999923706055,579300,0.0,0.0
2024-09-19 00:00:00-04:00,33.84000015258789,33.84000015258789,32.959999084472656,33.15999984741211,369200,0.0,0.0
2024-09-20 00:00:00-04:00,33.060001373291016,33.27000045776367,32.619998931884766,32.83000183105469,1491500,0.0,0.0
2024-09-23 00:00:00-04:00,33.04999923706055,33.34000015258789,32.630001068115234,32.68000030517578,333300,0.0,0.0
2024-09-24 00:00:00-04:00,32.81999969482422,32.939998626708984,32.15999984741211,32.18000030517578,249700,0.0,0.0
2024-09-25 00:00:00-04:00,32.2400016784668,32.2400016784668,31.510000228881836,31.719999313354492,288000,0.0,0.0
2024-09-26 00:00:00-04:00,32.0099983215332,32.31999969482422,31.8799991607666,31.90999984741211,211100,0.0,0.0
2024-09-27 00:00:00-04:00,32.279998779296875,32.560001373291016,31.739999771118164,31.770000457763672,245200,0.0,0.0
2024-09-30 00:00:00-04:00,31.860000610351562,31.8799991607666,31.31999969482422,31.399999618530273,546000,0.0,0.0
2024-10-01 00:00:00-04:00,31.209999084472656,31.34000015258789,30.68000030517578,30.8799991607666,456400,0.0,0.0
2024-10-02 00:00:00-04:00,30.829999923706055,30.84000015258789,30.030000686645508,30.040000915527344,277000,0.0,0.0
2024-10-03 00:00:00-04:00,29.850000381469727,29.899999618530273,29.18000030517578,29.219999313354492,207000,0.0,0.0
2024-10-04 00:00:00-04:00,29.690000534057617,29.690000534057617,28.989999771118164,29.059999465942383,240300,0.0,0.0
2024-10-07 00:00:00-04:00,28.959999084472656,28.959999084472656,28.06999969482422,28.1299991607666,272900,0.0,0.0
2024-10-08 00:00:00-04:00,28.190000534057617,28.850000381469727,27.700000762939453,28.68000030517578,458200,0.0,0.0
2024-10-09 00:00:00-04:00,28.690000534057617,28.690000534057617,28.219999313354492,28.540000915527344,449200,0.0,0.0
2024-10-10 00:00:00-04:00,28.260000228881836,28.59000015258789,27.959999084472656,28.559999465942383,372000,0.0,0.0
2024-10-11 00:00:00-04:00,28.540000915527344,29.649999618530273,28.520000457763672,29.43000030517578,277500,0.0,0.0
2024-10-14 00:00:00-04:00,29.3799991607666,30.059999465942383,29.260000228881836,30.049999237060547,272400,0.0,0.0
2024-10-15 00:00:00-04:00,30.0,30.3700008392334,29.889999389648438,29.950000762939453,383400,0.0,0.0
2024-10-16 00:00:00-04:00,30.020000457763672,31.0,29.889999389648438,30.75,358000,0.0,0.0
2024-10-17 00:00:00-04:00,30.719999313354492,30.829999923706055,30.239999771118164,30.309999465942383,239200,0.0,0.0
2024-10-18 00:00:00-04:00,30.299999237060547,30.43000030517578,30.100000381469727,30.200000762939453,224300,0.0,0.0
2024-10-21 00:00:00-04:00,30.1299991607666,30.149999618530273,28.969999313354492,29.059999465942383,339900,0.0,0.0
2024-10-22 00:00:00-04:00,28.989999771118164,29.139999389648438,28.649999618530273,28.809999465942383,206100,0.0,0.0
2024-10-23 00:00:00-04:00,28.739999771118164,28.959999084472656,28.540000915527344,28.899999618530273,208100,0.0,0.0
2024-10-24 00:00:00-04:00,29.040000915527344,29.059999465942383,28.719999313354492,29.040000915527344,233300,0.0,0.0
2024-10-25 00:00:00-04:00,29.209999084472656,29.40999984741211,28.93000030517578,28.979999542236328,158800,0.0,0.0
2024-10-28 00:00:00-04:00,29.18000030517578,29.6299991607666,28.969999313354492,29.510000228881836,170000,0.0,0.0
2024-10-29 00:00:00-04:00,29.209999084472656,29.760000228881836,29.0,29.760000228881836,184700,0.0,0.0
2024-10-30 00:00:00-04:00,29.540000915527344,30.020000457763672,29.149999618530273,29.309999465942383,351600,0.0,0.0
2024-10-31 00:00:00-04:00,29.309999465942383,29.6200008392334,28.829999923706055,29.139999389648438,440500,0.0,0.0
2024-11-01 00:00:00-04:00,29.200000762939453,29.780000686645508,28.899999618530273,29.68000030517578,359800,0.0,0.0
2024-11-04 00:00:00-05:00,29.5,30.239999771118164,29.3700008392334,30.030000686645508,256300,0.0,0.0
2024-11-05 00:00:00-05:00,29.799999237060547,31.139999389648438,29.75,31.06999969482422,303300,0.0,0.0
2024-11-06 00:00:00-05:00,32.45000076293945,33.369998931884766,31.93000030517578,32.06999969482422,545600,0.0,0.0
2024-11-07 00:00:00-05:00,32.119998931884766,32.599998474121094,31.479999542236328,31.600000381469727,335400,0.0,0.0
2024-11-08 00:00:00-05:00,31.530000686645508,31.899999618530273,31.260000228881836,31.75,316400,0.0,0.0
2024-11-11 00:00:00-05:00,32.060001373291016,32.9900016784668,32.0,32.619998931884766,204400,0.0,0.0
2024-11-12 00:00:00-05:00,32.459999084472656,32.70000076293945,32.06999969482422,32.220001220703125,248100,0.0,0.0
2024-11-13 00:00:00-05:00,32.459999084472656,32.52000045776367,31.56999969482422,31.6200008392334,251900,0.0,0.0
2024-11-14 00:00:00-05:00,31.760000228881836,31.899999618530273,31.290000915527344,31.540000915527344,211900,0.0,0.0
2024-11-15 00:00:00-05:00,31.729999542236328,31.93000030517578,31.290000915527344,31.6299991607666,222700,0.0,0.0
2024-11-18 00:00:00-05:00,31.6299991607666,32.119998931884766,31.5,31.760000228881836,251300,0.0,0.0
2024-11-19 00:00:00-05:00,31.469999313354492,31.670000076293945,30.979999542236328,31.440000534057617,253100,0.0,0.0
2024-11-20 00:00:00-05:00,31.209999084472656,32.119998931884766,31.18000030517578,32.040000915527344,194800,0.0,0.0
2024-11-21 00:00:00-05:00,32.31999969482422,33.0,32.22999954223633,32.88999938964844,250200,0.0,0.0
2024-11-22 00:00:00-05:00,33.11000061035156,33.54999923706055,32.93000030517578,33.18000030517578,307300,0.0,0.0
2024-11-25 00:00:00-05:00,33.560001373291016,34.150001525878906,33.209999084472656,33.220001220703125,290300,0.0,0.0
2024-11-26 00:00:00-05:00,32.150001525878906,35.08000183105469,32.150001525878906,33.7599983215332,476900,0.0,0.0
2024-11-27 00:00:00-05:00,33.68000030517578,34.959999084472656,32.9900016784668,34.130001068115234,261100,0.0,0.0
2024-11-29 00:00:00-05:00,34.130001068115234,34.5099983215332,33.529998779296875,33.790000915527344,217700,0.0,0.0
2024-12-02 00:00:00-05:00,33.83000183105469,34.900001525878906,33.5099983215332,34.7400016784668,291600,0.0,0.0
2024-12-03 00:00:00-05:00,34.59000015258789,34.709999084472656,33.93000030517578,34.279998779296875,219100,0.0,0.0
2024-12-04 00:00:00-05:00,34.16999816894531,34.77000045776367,34.16999816894531,34.77000045776367,191300,0.0,0.0
2024-12-05 00:00:00-05:00,34.66999816894531,35.06999969482422,33.970001220703125,34.65999984741211,248800,0.0,0.0
2024-12-06 00:00:00-05:00,34.91999816894531,35.22999954223633,34.16999816894531,34.20000076293945,206600,0.0,0.0
2024-12-09 00:00:00-05:00,34.40999984741211,35.65999984741211,34.40999984741211,34.959999084472656,486400,0.0,0.0
2024-12-10 00:00:00-05:00,34.9900016784668,35.150001525878906,34.29999923706055,34.959999084472656,367600,0.0,0.0
2024-12-11 00:00:00-05:00,35.150001525878906,35.31999969482422,34.5099983215332,34.52000045776367,355700,0.0,0.0
2024-12-12 00:00:00-05:00,34.38999938964844,34.5,33.7599983215332,33.9900016784668,242600,0.0,0.0
2024-12-13 00:00:00-05:00,33.90999984741211,34.720001220703125,33.77000045776367,34.720001220703125,197200,0.0,0.0
2024-12-16 00:00:00-05:00,34.689998626708984,35.2599983215332,34.56999969482422,34.63999938964844,354800,0.0,0.0
2024-12-17 00:00:00-05:00,34.70000076293945,37.310001373291016,34.40999984741211,36.72999954223633,560200,0.0,0.0
2024-12-18 00:00:00-05:00,36.70000076293945,36.70000076293945,34.72999954223633,35.060001373291016,509900,0.0,0.0
2024-12-19 00:00:00-05:00,35.15999984741211,35.630001068115234,33.70000076293945,34.20000076293945,330000,0.0,0.0
2024-12-20 00:00:00-05:00,33.79999923706055,35.029998779296875,33.7400016784668,33.81999969482422,1500900,0.0,0.0
2024-12-23 00:00:00-05:00,33.7400016784668,34.310001373291016,32.880001068115234,33.34000015258789,248300,0.0,0.0
2024-12-24 00:00:00-05:00,33.380001068115234,33.97999954223633,33.040000915527344,33.540000915527344,102300,0.0,0.0
2024-12-26 00:00:00-05:00,33.4900016784668,33.77000045776367,33.220001220703125,33.36000061035156,160400,0.0,0.0
2024-12-27 00:00:00-05:00,33.20000076293945,33.630001068115234,32.66999816894531,33.29999923706055,250700,0.0,0.0
2024-12-30 00:00:00-05:00,33.290000915527344,33.290000915527344,32.25,32.900001525878906,147900,0.0,0.0
2024-12-31 00:00:00-05:00,32.970001220703125,33.52000045776367,32.81999969482422,33.04999923706055,169200,0.0,0.0
2025-01-02 00:00:00-05:00,33.119998931884766,33.310001373291016,32.38999938964844,32.4900016784668,196700,0.0,0.0
2025-01-03 00:00:00-05:00,32.560001373291016,32.61000061035156,32.0,32.5099983215332,207500,0.0,0.0
2025-01-06 00:00:00-05:00,32.40999984741211,32.84000015258789,31.889999389648438,31.969999313354492,199200,0.0,0.0
2025-01-07 00:00:00-05:00,31.270000457763672,31.989999771118164,30.309999465942383,30.450000762939453,463000,0.0,0.0
2025-01-08 00:00:00-05:00,30.329999923706055,30.739999771118164,29.719999313354492,30.6299991607666,337200,0.0,0.0
2025-01-10 00:00:00-05:00,30.1200008392334,30.860000610351562,29.440000534057617,29.860000610351562,266500,0.0,0.0
2025-01-13 00:00:00-05:00,29.549999237060547,31.1299991607666,29.549999237060547,30.799999237060547,315700,0.0,0.0
2025-01-14 00:00:00-05:00,31.020000457763672,31.149999618530273,30.219999313354492,30.420000076293945,375200,0.0,0.0
2025-01-15 00:00:00-05:00,31.200000762939453,31.270000457763672,30.360000610351562,30.489999771118164,206100,0.0,0.0
2025-01-16 00:00:00-05:00,30.3799991607666,30.93000030517578,30.270000457763672,30.81999969482422,213000,0.0,0.0
2025-01-17 00:00:00-05:00,31.079999923706055,31.25,30.690000534057617,30.690000534057617,160200,0.0,0.0
2025-01-21 00:00:00-05:00,30.850000381469727,31.649999618530273,30.719999313354492,31.43000030517578,209700,0.0,0.0
2025-01-22 00:00:00-05:00,31.25,31.510000228881836,30.65999984741211,30.739999771118164,230900,0.0,0.0
2025-01-23 00:00:00-05:00,30.549999237060547,31.389999389648438,30.479999542236328,31.209999084472656,178500,0.0,0.0
2025-01-24 00:00:00-05:00,30.920000076293945,31.440000534057617,30.920000076293945,30.959999084472656,144200,0.0,0.0
2025-01-27 00:00:00-05:00,31.040000915527344,32.08000183105469,31.040000915527344,31.40999984741211,217800,0.0,0.0
2025-01-28 00:00:00-05:00,31.299999237060547,31.56999969482422,30.950000762939453,31.25,180000,0.0,0.0
2025-01-29 00:00:00-05:00,31.020000457763672,31.559999465942383,31.020000457763672,31.280000686645508,170900,0.0,0.0
2025-01-30 00:00:00-05:00,31.450000762939453,31.829999923706055,31.229999542236328,31.440000534057617,128300,0.0,0.0
2025-01-31 00:00:00-05:00,31.229999542236328,31.520000457763672,30.889999389648438,31.190000534057617,222000,0.0,0.0
2025-02-03 00:00:00-05:00,30.639999389648438,31.239999771118164,30.510000228881836,31.079999923706055,213300,0.0,0.0
2025-02-04 00:00:00-05:00,30.84000015258789,31.510000228881836,30.81999969482422,31.360000610351562,278400,0.0,0.0
2025-02-05 00:00:00-05:00,31.610000610351562,31.780000686645508,31.299999237060547,31.690000534057617,361900,0.0,0.0
2025-02-06 00:00:00-05:00,33.91999816894531,35.150001525878906,32.97999954223633,34.189998626708984,697600,0.0,0.0
2025-02-07 00:00:00-05:00,33.959999084472656,34.189998626708984,32.16999816894531,32.86000061035156,467800,0.0,0.0
2025-02-10 00:00:00-05:00,32.959999084472656,33.189998626708984,32.439998626708984,32.849998474121094,267200,0.0,0.0
2025-02-11 00:00:00-05:00,32.68000030517578,33.9900016784668,32.560001373291016,33.630001068115234,202800,0.0,0.0
2025-02-12 00:00:00-05:00,33.130001068115234,33.310001373291016,32.63999938964844,32.900001525878906,229000,0.0,0.0
2025-02-13 00:00:00-05:00,33.22999954223633,33.56999969482422,32.84000015258789,33.5099983215332,204300,0.0,0.0
2025-02-14 00:00:00-05:00,33.33000183105469,34.13999938964844,33.0,33.25,296100,0.0,0.0
2025-02-18 00:00:00-05:00,32.75,33.45000076293945,32.459999084472656,32.84000015258789,187600,0.0,0.0
2025-02-19 00:00:00-05:00,32.63999938964844,33.060001373291016,32.099998474121094,32.34000015258789,214900,0.0,0.0
2025-02-20 00:00:00-05:00,32.08000183105469,32.31999969482422,31.90999984741211,32.02000045776367,200000,0.0,0.0
2025-02-21 00:00:00-05:00,32.2599983215332,32.380001068115234,31.90999984741211,32.04999923706055,272800,0.0,0.0
2025-02-24 00:00:00-05:00,32.400001525878906,33.04999923706055,32.0099983215332,32.47999954223633,337600,0.0,0.0
2025-02-25 00:00:00-05:00,32.47999954223633,32.54999923706055,30.8799991607666,31.31999969482422,693800,0.0,0.0
2025-02-26 00:00:00-05:00,31.34000015258789,31.709999084472656,31.0,31.440000534057617,470200,0.0,0.0
2025-02-27 00:00:00-05:00,31.440000534057617,31.579999923706055,30.700000762939453,30.719999313354492,354600,0.0,0.0
2025-02-28 00:00:00-05:00,30.719999313354492,31.549999237060547,30.670000076293945,31.479999542236328,526600,0.0,0.0
2025-03-03 00:00:00-05:00,31.3799991607666,31.799999237060547,30.829999923706055,30.950000762939453,382900,0.0,0.0
2025-03-04 00:00:00-05:00,30.799999237060547,31.399999618530273,30.600000381469727,30.989999771118164,259200,0.0,0.0
2025-03-05 00:00:00-05:00,31.09000015258789,31.920000076293945,31.09000015258789,31.65999984741211,393200,0.0,0.0
2025-03-06 00:00:00-05:00,31.639999389648438,32.650001525878906,31.440000534057617,32.459999084472656,275600,0.0,0.0
2025-03-07 00:00:00-05:00,32.5,33.22999954223633,32.5,32.66999816894531,324800,0.0,0.0
2025-03-10 00:00:00-04:00,32.40999984741211,33.18000030517578,32.0099983215332,32.52000045776367,383500,0.0,0.0
2025-03-11 00:00:00-04:00,32.599998474121094,32.7599983215332,32.189998626708984,32.529998779296875,319200,0.0,0.0
2025-03-12 00:00:00-04:00,32.5099983215332,32.630001068115234,31.709999084472656,31.950000762939453,371500,0.0,0.0
2025-03-13 00:00:00-04:00,31.950000762939453,32.290000915527344,31.729999542236328,31.93000030517578,327300,0.0,0.0
2025-03-14 00:00:00-04:00,32.099998474121094,32.45000076293945,31.360000610351562,32.34000015258789,294100,0.0,0.0
2025-03-17 00:00:00-04:00,32.2400016784668,32.7599983215332,32.2400016784668,32.52000045776367,289300,0.0,0.0
2025-03-18 00:00:00-04:00,32.36000061035156,32.47999954223633,31.739999771118164,31.770000457763672,299900,0.0,0.0
2025-03-19 00:00:00-04:00,31.799999237060547,32.439998626708984,31.739999771118164,32.36000061035156,413300,0.0,0.0
2025-03-20 00:00:00-04:00,32.029998779296875,32.529998779296875,31.979999542236328,32.41999816894531,422200,0.0,0.0
2025-03-21 00:00:00-04:00,32.15999984741211,32.29999923706055,30.139999389648438,30.459999084472656,1705100,0.0,0.0
2025-03-24 00:00:00-04:00,30.920000076293945,31.829999923706055,30.670000076293945,31.600000381469727,554700,0.0,0.0
2025-03-25 00:00:00-04:00,31.510000228881836,31.559999465942383,30.84000015258789,30.899999618530273,314900,0.0,0.0
2025-03-26 00:00:00-04:00,31.190000534057617,31.510000228881836,30.979999542236328,31.510000228881836,239800,0.0,0.0
2025-03-27 00:00:00-04:00,31.600000381469727,32.02000045776367,31.219999313354492,31.920000076293945,250000,0.0,0.0
2025-03-28 00:00:00-04:00,32.060001373291016,32.220001220703125,31.459999084472656,32.119998931884766,357800,0.0,0.0
2025-03-31 00:00:00-04:00,32.060001373291016,32.90999984741211,31.350000381469727,32.72999954223633,265000,0.0,0.0
2025-04-01 00:00:00-04:00,32.61000061035156,32.84000015258789,32.16999816894531,32.40999984741211,235500,0.0,0.0
2025-04-02 00:00:00-04:00,32.40999984741211,32.91999816894531,32.119998931884766,32.86000061035156,226400,0.0,0.0
2025-04-03 00:00:00-04:00,32.75,32.77000045776367,31.309999465942383,31.84000015258789,305400,0.0,0.0
2025-04-04 00:00:00-04:00,31.06999969482422,32.0,30.889999389648438,31.459999084472656,383500,0.0,0.0
2025-04-07 00:00:00-04:00,30.549999237060547,31.670000076293945,29.709999084472656,30.959999084472656,544900,0.0,0.0
2025-04-08 00:00:00-04:00,31.59000015258789,31.959999084472656,29.739999771118164,30.219999313354492,426700,0.0,0.0
2025-04-09 00:00:00-04:00,29.809999465942383,32.4900016784668,29.719999313354492,31.6299991607666,541500,0.0,0.0
2025-04-10 00:00:00-04:00,31.170000076293945,31.799999237060547,30.729999542236328,31.350000381469727,414100,0.0,0.0
2025-04-11 00:00:00-04:00,31.059999465942383,31.8700008392334,30.43000030517578,31.719999313354492,272600,0.0,0.0
2025-04-14 00:00:00-04:00,31.899999618530273,32.4900016784668,31.75,32.31999969482422,463100,0.0,0.0
2025-04-15 00:00:00-04:00,31.860000610351562,32.72999954223633,31.600000381469727,32.2599983215332,437700,0.0,0.0
2025-04-16 00:00:00-04:00,32.279998779296875,32.279998779296875,30.549999237060547,30.889999389648438,390500,0.0,0.0
2025-04-17 00:00:00-04:00,30.959999084472656,31.40999984741211,30.610000610351562,30.790000915527344,287800,0.0,0.0
2025-04-21 00:00:00-04:00,30.649999618530273,30.670000076293945,30.049999237060547,30.309999465942383,272700,0.0,0.0
2025-04-22 00:00:00-04:00,30.90999984741211,31.09000015258789,29.90999984741211,30.959999084472656,264800,0.0,0.0
2025-04-23 00:00:00-04:00,31.5,31.6299991607666,30.770000457763672,31.110000610351562,256800,0.0,0.0
2025-04-24 00:00:00-04:00,31.010000228881836,31.079999923706055,30.59000015258789,30.770000457763672,159700,0.0,0.0
2025-04-25 00:00:00-04:00,30.420000076293945,30.600000381469727,30.010000228881836,30.270000457763672,193400,0.0,0.0
2025-04-28 00:00:00-04:00,30.299999237060547,30.920000076293945,30.200000762939453,30.389999389648438,342000,0.0,0.0
2025-04-29 00:00:00-04:00,30.139999389648438,30.700000762939453,29.940000534057617,30.479999542236328,251600,0.0,0.0
2025-04-30 00:00:00-04:00,30.799999237060547,30.799999237060547,28.389999389648438,29.56999969482422,420900,0.0,0.0
2025-05-01 00:00:00-04:00,29.690000534057617,30.280000686645508,29.600000381469727,29.790000915527344,382200,0.0,0.0
2025-05-02 00:00:00-04:00,29.850000381469727,30.43000030517578,29.68000030517578,30.270000457763672,340700,0.0,0.0
2025-05-05 00:00:00-04:00,30.059999465942383,31.1200008392334,29.8799991607666,31.0,406000,0.0,0.0
2025-05-06 00:00:00-04:00,30.969999313354492,30.979999542236328,30.020000457763672,30.329999923706055,508400,0.0,0.0
2025-05-07 00:00:00-04:00,30.510000228881836,30.510000228881836,29.889999389648438,30.209999084472656,251800,0.0,0.0
2025-05-08 00:00:00-04:00,30.229999542236328,30.84000015258789,27.969999313354492,30.299999237060547,501900,0.0,0.0
2025-05-09 00:00:00-04:00,30.489999771118164,30.850000381469727,29.8700008392334,30.520000457763672,351900,0.0,0.0
2025-05-12 00:00:00-04:00,31.43000030517578,31.940000534057617,31.09000015258789,31.770000457763672,397400,0.0,0.0
2025-05-13 00:00:00-04:00,31.899999618530273,32.15999984741211,31.709999084472656,32.099998474121094,302500,0.0,0.0
2025-05-14 00:00:00-04:00,31.899999618530273,32.119998931884766,30.850000381469727,30.8700008392334,326000,0.0,0.0
2025-05-15 00:00:00-04:00,30.93000030517578,31.520000457763672,30.690000534057617,31.479999542236328,270200,0.0,0.0
2025-05-16 00:00:00-04:00,31.479999542236328,32.08000183105469,31.15999984741211,32.040000915527344,320700,0.0,0.0
2025-05-19 00:00:00-04:00,31.989999771118164,32.150001525878906,31.719999313354492,32.13999938964844,248900,0.0,0.0
2025-05-20 00:00:00-04:00,32.06999969482422,32.54999923706055,31.899999618530273,32.470001220703125,281400,0.0,0.0
2025-05-21 00:00:00-04:00,32.02000045776367,32.58000183105469,31.860000610351562,32.130001068115234,342900,0.0,0.0
2025-05-22 00:00:00-04:00,31.90999984741211,32.09000015258789,31.530000686645508,31.8799991607666,375400,0.0,0.0
2025-05-23 00:00:00-04:00,31.469999313354492,31.90999984741211,30.860000610351562,31.510000228881836,327100,0.0,0.0
2025-05-27 00:00:00-04:00,31.829999923706055,32.43000030517578,31.559999465942383,32.380001068115234,210300,0.0,0.0
2025-05-28 00:00:00-04:00,32.27000045776367,32.529998779296875,31.889999389648438,32.029998779296875,196400,0.0,0.0
2025-05-29 00:00:00-04:00,32.119998931884766,32.22999954223633,31.81999969482422,32.0099983215332,186800,0.0,0.0
2025-05-30 00:00:00-04:00,31.940000534057617,32.130001068115234,31.81999969482422,31.969999313354492,305600,0.0,0.0
2025-06-02 00:00:00-04:00,31.799999237060547,31.850000381469727,31.25,31.3700008392334,270900,0.0,0.0
2025-06-03 00:00:00-04:00,31.3799991607666,31.729999542236328,30.899999618530273,31.489999771118164,295300,0.0,0.0
2025-06-04 00:00:00-04:00,31.3799991607666,31.450000762939453,31.040000915527344,31.079999923706055,233400,0.0,0.0
2025-06-05 00:00:00-04:00,31.0,31.209999084472656,30.549999237060547,31.020000457763672,376800,0.0,0.0
2025-06-06 00:00:00-04:00,31.469999313354492,31.6299991607666,31.079999923706055,31.530000686645508,477800,0.0,0.0
2025-06-09 00:00:00-04:00,31.639999389648438,32.040000915527344,31.450000762939453,31.84000015258789,248400,0.0,0.0
2025-06-10 00:00:00-04:00,32.029998779296875,32.45000076293945,31.860000610351562,32.04999923706055,369700,0.0,0.0
2025-06-11 00:00:00-04:00,32.20000076293945,32.20000076293945,31.329999923706055,31.389999389648438,215700,0.0,0.0
2025-06-12 00:00:00-04:00,31.31999969482422,31.479999542236328,31.110000610351562,31.40999984741211,311900,0.0,0.0
2025-06-13 00:00:00-04:00,31.059999465942383,31.549999237060547,30.06999969482422,30.229999542236328,236700,0.0,0.0
2025-06-16 00:00:00-04:00,30.530000686645508,31.309999465942383,30.0,30.440000534057617,379400,0.0,0.0
2025-06-17 00:00:00-04:00,30.200000762939453,31.329999923706055,29.989999771118164,30.18000030517578,498400,0.0,0.0
2025-06-18 00:00:00-04:00,30.18000030517578,30.639999389648438,30.010000228881836,30.34000015258789,455100,0.0,0.0
2025-06-20 00:00:00-04:00,30.540000915527344,30.6299991607666,30.059999465942383,30.440000534057617,720300,0.0,0.0
2025-06-23 00:00:00-04:00,30.440000534057617,31.15999984741211,30.290000915527344,31.15999984741211,511700,0.0,0.0
2025-06-24 00:00:00-04:00,31.40999984741211,31.739999771118164,31.020000457763672,31.389999389648438,539700,0.0,0.0
2025-06-25 00:00:00-04:00,31.389999389648438,31.389999389648438,30.68000030517578,30.969999313354492,682600,0.0,0.0
2025-06-26 00:00:00-04:00,31.1299991607666,31.15999984741211,30.739999771118164,31.040000915527344,271900,0.0,0.0
2025-06-27 00:00:00-04:00,31.170000076293945,31.510000228881836,30.770000457763672,31.489999771118164,1436800,0.0,0.0
2025-06-30 00:00:00-04:00,31.510000228881836,31.65999984741211,31.1200008392334,31.290000915527344,658000,0.0,0.0
2025-07-01 00:00:00-04:00,31.190000534057617,32.650001525878906,31.040000915527344,32.099998474121094,605200,0.0,0.0
2025-07-02 00:00:00-04:00,32.150001525878906,32.41999816894531,31.729999542236328,32.38999938964844,439000,0.0,0.0
2025-07-03 00:00:00-04:00,32.599998474121094,32.68000030517578,32.13999938964844,32.43000030517578,277100,0.0,0.0
2025-07-07 00:00:00-04:00,32.16999816894531,32.38999938964844,31.290000915527344,31.549999237060547,673700,0.0,0.0
2025-07-08 00:00:00-04:00,31.549999237060547,32.15999984741211,31.18000030517578,31.989999771118164,425500,0.0,0.0
2025-07-09 00:00:00-04:00,32.13999938964844,32.20000076293945,31.709999084472656,32.099998474121094,362200,0.0,0.0
2025-07-10 00:00:00-04:00,31.90999984741211,32.790000915527344,31.81999969482422,32.31999969482422,303800,0.0,0.0
2025-07-11 00:00:00-04:00,33.369998931884766,35.93000030517578,32.63999938964844,35.75,654700,0.0,0.0
2025-07-14 00:00:00-04:00,35.72999954223633,36.54999923706055,35.150001525878906,36.52000045776367,672400,0.0,0.0
2025-07-15 00:00:00-04:00,36.689998626708984,36.70000076293945,35.369998931884766,35.65999984741211,743600,0.0,0.0
2025-07-16 00:00:00-04:00,35.959999084472656,36.16999816894531,35.540000915527344,35.779998779296875,524100,0.0,0.0
2025-07-17 00:00:00-04:00,35.849998474121094,36.81999969482422,35.81999969482422,36.709999084472656,414200,0.0,0.0
2025-07-18 00:00:00-04:00,36.58000183105469,37.09000015258789,35.779998779296875,36.0099983215332,487000,0.0,0.0
2025-07-21 00:00:00-04:00,36.209999084472656,36.54999923706055,35.95000076293945,36.0,312700,0.0,0.0
2025-07-22 00:00:00-04:00,36.0099983215332,37.09000015258789,36.0099983215332,36.88999938964844,346800,0.0,0.0
2025-07-23 00:00:00-04:00,37.09000015258789,37.290000915527344,36.66999816894531,37.27000045776367,286200,0.0,0.0
2025-07-24 00:00:00-04:00,37.02000045776367,37.349998474121094,36.540000915527344,36.630001068115234,256700,0.0,0.0
2025-07-25 00:00:00-04:00,36.599998474121094,36.77000045776367,36.2400016784668,36.58000183105469,234900,0.0,0.0
2025-07-28 00:00:00-04:00,36.599998474121094,36.630001068115234,35.650001525878906,35.70000076293945,267000,0.0,0.0
2025-07-29 00:00:00-04:00,36.18000030517578,36.18000030517578,35.56999969482422,35.7599983215332,271100,0.0,0.0
2025-07-30 00:00:00-04:00,35.790000915527344,36.040000915527344,35.31999969482422,35.630001068115234,257900,0.0,0.0
2025-07-31 00:00:00-04:00,35.189998626708984,35.689998626708984,34.939998626708984,35.52000045776367,283900,0.0,0.0
2025-08-01 00:00:00-04:00,35.43000030517578,35.5,34.61000061035156,35.2400016784668,273000,0.0,0.0
2025-08-04 00:00:00-04:00,35.400001525878906,35.9900016784668,35.279998779296875,35.77000045776367,483400,0.0,0.0
2025-08-05 00:00:00-04:00,35.689998626708984,36.0099983215332,35.4900016784668,35.869998931884766,284400,0.0,0.0
2025-08-06 00:00:00-04:00,35.91999816894531,36.060001373291016,35.70000076293945,35.7400016784668,439600,0.0,0.0
2025-08-07 00:00:00-04:00,35.83000183105469,35.900001525878906,31.469999313354492,31.739999771118164,777100,0.0,0.0
2025-08-08 00:00:00-04:00,31.709999084472656,31.809999465942383,30.34000015258789,30.709999084472656,521500,0.0,0.0
2025-08-11 00:00:00-04:00,30.950000762939453,31.110000610351562,30.209999084472656,30.450000762939453,454700,0.0,0.0
2025-08-12 00:00:00-04:00,30.690000534057617,32.130001068115234,30.530000686645508,31.8700008392334,461600,0.0,0.0
2025-08-13 00:00:00-04:00,32.08000183105469,33.59000015258789,31.969999313354492,33.439998626708984,637200,0.0,0.0
2025-08-14 00:00:00-04:00,32.95000076293945,33.279998779296875,32.58000183105469,32.790000915527344,527800,0.0,0.0
2025-08-15 00:00:00-04:00,32.939998626708984,33.0099983215332,32.20000076293945,32.47999954223633,563100,0.0,0.0
2025-08-18 00:00:00-04:00,32.65999984741211,32.720001220703125,32.060001373291016,32.09000015258789,307800,0.0,0.0
2025-08-19 00:00:00-04:00,32.279998779296875,32.869998931884766,32.2400016784668,32.369998931884766,204700,0.0,0.0
2025-08-20 00:00:00-04:00,32.560001373291016,32.630001068115234,31.639999389648438,31.81999969482422,376500,0.0,0.0
2025-08-21 00:00:00-04:00,31.770000457763672,32.2599983215332,31.739999771118164,32.209999084472656,252600,0.0,0.0
2025-08-22 00:00:00-04:00,32.5,33.31999969482422,32.349998474121094,33.20000076293945,518600,0.0,0.0
2025-08-25 00:00:00-04:00,32.97999954223633,33.189998626708984,32.52000045776367,32.70000076293945,398000,0.0,0.0
2025-08-26 00:00:00-04:00,32.65999984741211,32.70000076293945,32.279998779296875,32.40999984741211,251300,0.0,0.0
2025-08-27 00:00:00-04:00,32.29999923706055,32.779998779296875,32.04999923706055,32.65999984741211,185400,0.0,0.0
2025-08-28 00:00:00-04:00,32.83000183105469,32.83000183105469,32.04999923706055,32.599998474121094,400200,0.0,0.0
2025-08-29 00:00:00-04:00,32.790000915527344,33.189998626708984,32.59000015258789,33.029998779296875,525100,0.0,0.0
2025-09-02 00:00:00-04:00,32.7400016784668,33.529998779296875,32.7400016784668,33.52000045776367,355200,0.0,0.0
2025-09-03 00:00:00-04:00,33.189998626708984,34.029998779296875,32.97999954223633,33.599998474121094,553900,0.0,0.0
2025-09-04 00:00:00-04:00,33.75,34.099998474121094,33.02000045776367,34.099998474121094,396800,0.0,0.0
2025-09-05 00:00:00-04:00,34.130001068115234,34.880001068115234,33.95000076293945,34.150001525878906,335800,0.0,0.0
2025-09-08 00:00:00-04:00,34.09000015258789,34.16999816894531,33.790000915527344,33.959999084472656,290900,0.0,0.0
2025-09-09 00:00:00-04:00,33.83000183105469,34.04999923706055,33.41999816894531,34.029998779296875,322300,0.0,0.0
2025-09-10 00:00:00-04:00,33.869998931884766,34.04999923706055,32.7599983215332,32.88999938964844,258100,0.0,0.0
2025-09-11 00:00:00-04:00,33.0,33.349998474121094,32.790000915527344,33.2400016784668,310500,0.0,0.0
2025-09-12 00:00:00-04:00,33.04999923706055,33.04999923706055,32.31999969482422,32.349998474121094,205700,0.0,0.0
2025-09-15 00:00:00-04:00,32.34000015258789,32.4900016784668,31.850000381469727,32.16999816894531,366300,0.0,0.0
2025-09-16 00:00:00-04:00,31.979999542236328,32.31999969482422,31.8700008392334,32.22999954223633,255800,0.0,0.0
2025-09-17 00:00:00-04:00,32.22999954223633,33.09000015258789,32.0099983215332,32.130001068115234,348700,0.0,0.0
2025-09-18 00:00:00-04:00,32.31999969482422,32.75,32.09000015258789,32.54999923706055,327200,0.0,0.0
2025-09-19 00:00:00-04:00,32.54999923706055,32.54999923706055,31.200000762939453,31.260000228881836,979100,0.0,0.0
2025-09-22 00:00:00-04:00,31.329999923706055,31.5,30.520000457763672,30.579999923706055,338000,0.0,0.0
2025-09-23 00:00:00-04:00,30.610000610351562,30.799999237060547,30.139999389648438,30.389999389648438,354200,0.0,0.0
2025-09-24 00:00:00-04:00,30.309999465942383,30.68000030517578,30.139999389648438,30.420000076293945,439000,0.0,0.0
2025-09-25 00:00:00-04:00,30.399999618530273,30.489999771118164,29.93000030517578,30.110000610351562,330500,0.0,0.0
2025-09-26 00:00:00-04:00,30.100000381469727,30.190000534057617,29.860000610351562,30.010000228881836,248600,0.0,0.0
2025-09-29 00:00:00-04:00,30.049999237060547,30.049999237060547,29.440000534057617,29.579999923706055,331000,0.0,0.0
2025-09-30 00:00:00-04:00,29.56999969482422,29.690000534057617,29.09000015258789,29.530000686645508,254800,0.0,0.0
2025-10-01 00:00:00-04:00,29.3799991607666,29.559999465942383,28.93000030517578,29.100000381469727,360800,0.0,0.0
2025-10-02 00:00:00-04:00,29.010000228881836,29.270000457763672,28.770000457763672,29.09000015258789,273300,0.0,0.0
2025-10-03 00:00:00-04:00,29.09000015258789,29.739999771118164,29.0,29.059999465942383,325000,0.0,0.0
2025-10-06 00:00:00-04:00,29.040000915527344,29.229999542236328,28.209999084472656,28.260000228881836,298000,0.0,0.0
2025-10-07 00:00:00-04:00,28.229999542236328,28.31999969482422,27.81999969482422,28.040000915527344,257300,0.0,0.0
2025-10-08 00:00:00-04:00,28.010000228881836,28.09000015258789,27.3799991607666,27.549999237060547,361500,0.0,0.0
2025-10-09 00:00:00-04:00,27.479999542236328,27.6299991607666,27.170000076293945,27.3700008392334,324800,0.0,0.0
2025-10-10 00:00:00-04:00,27.389999389648438,27.59000015258789,26.719999313354492,26.760000228881836,280200,0.0,0.0
2025-10-13 00:00:00-04:00,27.010000228881836,27.219999313354492,26.200000762939453,26.270000457763672,350600,0.0,0.0
2025-10-14 00:00:00-04:00,26.09000015258789,26.790000915527344,25.969999313354492,26.690000534057617,322900,0.0,0.0
2025-10-15 00:00:00-04:00,26.84000015258789,27.15999984741211,26.59000015258789,26.719999313354492,273700,0.0,0.0
2025-10-16 00:00:00-04:00,26.700000762939453,27.350000381469727,26.5,27.040000915527344,297400,0.0,0.0
2025-10-17 00:00:00-04:00,27.020000457763672,27.709999084472656,26.989999771118164,27.65999984741211,257900,0.0,0.0
2025-10-20 00:00:00-04:00,27.700000762939453,28.040000915527344,27.510000228881836,27.81999969482422,213300,0.0,0.0
2025-10-21 00:00:00-04:00,27.899999618530273,28.350000381469727,27.860000610351562,27.979999542236328,371800,0.0,0.0
2025-10-22 00:00:00-04:00,28.030000686645508,28.549999237060547,27.829999923706055,28.329999923706055,309100,0.0,0.0
2025-10-23 00:00:00-04:00,28.260000228881836,28.770000457763672,28.110000610351562,28.68000030517578,355500,0.0,0.0
2025-10-24 00:00:00-04:00,28.700000762939453,29.010000228881836,28.579999923706055,29.010000228881836,306300,0.0,0.0
2025-10-27 00:00:00-04:00,29.030000686645508,29.25,28.90999984741211,29.229999542236328,409000,0.0,0.0
2025-10-28 00:00:00-04:00,29.030000686645508,29.579999923706055,28.969999313354492,29.309999465942383,491900,0.0,0.0
2025-10-29 00:00:00-04:00,29.139999389648438,29.31999969482422,27.860000610351562,28.170000076293945,588400,0.0,0.0
2025-10-30 00:00:00-04:00,28.190000534057617,28.790000915527344,27.920000076293945,28.270000457763672,564500,0.0,0.0
2025-10-31 00:00:00-04:00,28.079999923706055,28.270000457763672,27.719999313354492,27.809999465942383,378400,0.0,0.0
2025-11-03 00:00:00-05:00,27.729999542236328,28.100000381469727,27.389999389648438,28.09000015258789,400900,0.0,0.0
2025-11-04 00:00:00-05:00,28.09000015258789,28.110000610351562,27.649999618530273,27.829999923706055,271800,0.0,0.0
2025-11-05 00:00:00-05:00,27.850000381469727,28.459999084472656,27.6200008392334,28.40999984741211,395600,0.0,0.0
2025-11-06 00:00:00-05:00,28.309999465942383,28.6299991607666,28.079999923706055,28.190000534057617,377600,0.0,0.0
2025-11-07 00:00:00-05:00,28.3700008392334,28.75,28.010000228881836,28.389999389648438,372200,0.0,0.0
2025-11-10 00:00:00-05:00,28.450000762939453,28.920000076293945,28.170000076293945,28.600000381469727,331600,0.0,0.0
2025-11-11 00:00:00-05:00,28.700000762939453,29.139999389648438,28.170000076293945,28.559999465942383,291900,0.0,0.0
2025-11-12 00:00:00-05:00,28.559999465942383,28.940000534057617,28.559999465942383,28.649999618530273,364100,0.0,0.0
2025-11-13 00:00:00-05:00,28.6200008392334,29.200000762939453,28.329999923706055,28.8799991607666,324400,0.0,0.0
2025-11-14 00:00:00-05:00,28.6200008392334,28.760000228881836,28.329999923706055,28.59000015258789,409400,0.0,0.0
2025-11-17 00:00:00-05:00,28.59000015258789,28.770000457763672,28.040000915527344,28.09000015258789,356300,0.0,0.0
2025-11-18 00:00:00-05:00,28.06999969482422,28.25,27.709999084472656,27.979999542236328,508900,0.0,0.0
2025-11-19 00:00:00-05:00,28.010000228881836,28.139999389648438,27.5,27.530000686645508,350000,0.0,0.0
2025-11-20 00:00:00-05:00,27.68000030517578,28.0,27.40999984741211,27.780000686645508,522700,0.0,0.0
2025-11-21 00:00:00-05:00,27.959999084472656,29.329999923706055,27.8700008392334,29.239999771118164,538200,0.0,0.0
2025-11-24 00:00:00-05:00,29.09000015258789,29.5,28.459999084472656,28.59000015258789,563800,0.0,0.0
2025-11-25 00:00:00-05:00,30.540000915527344,32.52000045776367,30.06999969482422,30.93000030517578,794100,0.0,0.0
2025-11-26 00:00:00-05:00,30.709999084472656,31.459999084472656,30.56999969482422,30.979999542236328,870700,0.0,0.0
2025-11-28 00:00:00-05:00,30.889999389648438,31.190000534057617,30.459999084472656,30.940000534057617,263600,0.0,0.0
2025-12-01 00:00:00-05:00,30.84000015258789,31.06999969482422,30.399999618530273,30.5,299600,0.0,0.0
2025-12-02 00:00:00-05:00,30.549999237060547,30.65999984741211,30.1299991607666,30.5,311600,0.0,0.0
2025-12-03 00:00:00-05:00,30.540000915527344,30.920000076293945,30.489999771118164,30.75,234400,0.0,0.0
2025-12-04 00:00:00-05:00,30.770000457763672,30.93000030517578,30.170000076293945,30.3799991607666,239500,0.0,0.0
2025-12-05 00:00:00-05:00,30.290000915527344,30.8799991607666,30.020000457763672,30.440000534057617,242500,0.0,0.0
2025-12-08 00:00:00-05:00,30.540000915527344,30.649999618530273,29.700000762939453,29.84000015258789,328200,0.0,0.0
2025-12-09 00:00:00-05:00,29.81999969482422,30.09000015258789,29.790000915527344,29.8799991607666,229400,0.0,0.0
2025-12-10 00:00:00-05:00,29.90999984741211,31.06999969482422,29.6200008392334,30.770000457763672,332000,0.0,0.0
2025-12-11 00:00:00-05:00,30.920000076293945,31.389999389648438,30.0,30.579999923706055,348200,0.0,0.0
2025-12-12 00:00:00-05:00,30.649999618530273,30.8700008392334,30.040000915527344,30.440000534057617,273900,0.0,0.0
2025-12-15 00:00:00-05:00,30.559999465942383,30.709999084472656,30.219999313354492,30.579999923706055,222500,0.0,0.0
2025-12-16 00:00:00-05:00,30.809999465942383,30.81999969482422,30.440000534057617,30.469999313354492,286200,0.0,0.0
2025-12-17 00:00:00-05:00,30.40999984741211,31.100000381469727,30.389999389648438,30.559999465942383,272000,0.0,0.0
2025-12-18 00:00:00-05:00,30.65999984741211,30.889999389648438,29.540000915527344,29.559999465942383,318600,0.0,0.0
2025-12-19 00:00:00-05:00,29.40999984741211,29.489999771118164,28.8700008392334,29.059999465942383,763400,0.0,0.0
2025-12-22 00:00:00-05:00,29.06999969482422,29.440000534057617,28.860000610351562,29.219999313354492,225800,0.0,0.0
2025-12-23 00:00:00-05:00,29.149999618530273,29.450000762939453,29.010000228881836,29.200000762939453,226900,0.0,0.0
2025-12-24 00:00:00-05:00,29.209999084472656,29.729999542236328,29.149999618530273,29.540000915527344,103900,0.0,0.0
2025-12-26 00:00:00-05:00,29.540000915527344,29.739999771118164,29.459999084472656,29.600000381469727,137100,0.0,0.0
2025-12-29 00:00:00-05:00,29.6299991607666,29.850000381469727,29.290000915527344,29.399999618530273,199200,0.0,0.0
2025-12-30 00:00:00-05:00,29.290000915527344,29.639999389648438,29.239999771118164,29.299999237060547,189700,0.0,0.0
2025-12-31 00:00:00-05:00,29.299999237060547,29.40999984741211,29.059999465942383,29.190000534057617,155200,0.0,0.0
2026-01-02 00:00:00-05:00,29.190000534057617,29.479999542236328,28.889999389648438,28.959999084472656,210000,0.0,0.0
2026-01-05 00:00:00-05:00,28.860000610351562,29.229999542236328,28.760000228881836,29.1299991607666,251000,0.0,0.0
2026-01-06 00:00:00-05:00,28.979999542236328,29.389999389648438,28.979999542236328,29.290000915527344,214500,0.0,0.0
2026-01-07 00:00:00-05:00,29.440000534057617,29.59000015258789,28.469999313354492,28.75,257100,0.0,0.0
2026-01-08 00:00:00-05:00,28.549999237060547,29.610000610351562,28.549999237060547,29.440000534057617,229200,0.0,0.0
2026-01-09 00:00:00-05:00,29.420000076293945,29.68000030517578,29.239999771118164,29.68000030517578,162400,0.0,0.0
2026-01-12 00:00:00-05:00,29.540000915527344,29.670000076293945,29.25,29.5,206800,0.0,0.0
2026-01-13 00:00:00-05:00,29.600000381469727,29.899999618530273,29.469999313354492,29.56999969482422,151600,0.0,0.0
2026-01-14 00:00:00-05:00,29.510000228881836,30.270000457763672,29.510000228881836,29.920000076293945,294700,0.0,0.0
2026-01-15 00:00:00-05:00,29.899999618530273,30.25,29.639999389648438,30.139999389648438,148500,0.0,0.0
2026-01-16 00:00:00-05:00,29.110000610351562,29.469999313354492,28.43000030517578,29.280000686645508,498400,0.0,0.0
2026-01-20 00:00:00-05:00,28.969999313354492,29.219999313354492,28.799999237060547,28.8799991607666,266800,0.0,0.0
2026-01-21 00:00:00-05:00,28.979999542236328,29.399999618530273,28.850000381469727,29.360000610351562,188400,0.0,0.0
2026-01-22 00:00:00-05:00,29.3799991607666,29.8799991607666,29.299999237060547,29.510000228881836,201500,0.0,0.0
2026-01-23 00:00:00-05:00,29.3799991607666,29.799999237060547,29.100000381469727,29.229999542236328,175400,0.0,0.0
2026-01-26 00:00:00-05:00,29.25,29.510000228881836,29.149999618530273,29.329999923706055,188700,0.0,0.0
2026-01-27 00:00:00-05:00,29.15999984741211,29.389999389648438,29.020000457763672,29.15999984741211,204200,0.0,0.0
2026-01-28 00:00:00-05:00,29.190000534057617,29.559999465942383,29.059999465942383,29.079999923706055,246300,0.0,0.0
2026-01-29 00:00:00-05:00,29.079999923706055,30.15999984741211,28.940000534057617,30.1200008392334,434900,0.0,0.0
2026-01-30 00:00:00-05:00,30.06999969482422,30.790000915527344,29.670000076293945,30.670000076293945,468700,0.0,0.0
2026-02-02 00:00:00-05:00,30.690000534057617,32.0,30.510000228881836,31.309999465942383,353200,0.0,0.0
2026-02-03 00:00:00-05:00,31.18000030517578,32.0,30.860000610351562,31.219999313354492,263000,0.0,0.0
2026-02-04 00:00:00-05:00,31.479999542236328,32.33000183105469,31.360000610351562,31.809999465942383,247900,0.0,0.0
2026-02-05 00:00:00-05:00,30.8799991607666,33.709999084472656,28.6200008392334,33.16999816894531,629400,0.0,0.0
2026-02-06 00:00:00-05:00,32.77000045776367,34.5099983215332,32.70000076293945,34.08000183105469,501200,0.0,0.0
2026-02-09 00:00:00-05:00,34.08000183105469,34.47999954223633,33.36000061035156,33.45000076293945,265500,0.0,0.0
2026-02-10 00:00:00-05:00,33.380001068115234,34.22999954223633,33.380001068115234,33.7400016784668,227700,0.0,0.0
2026-02-11 00:00:00-05:00,33.849998474121094,34.13999938964844,33.119998931884766,33.4900016784668,318100,0.0,0.0
2026-02-12 00:00:00-05:00,33.68000030517578,33.70000076293945,33.0,33.4900016784668,219000,0.0,0.0
2026-02-13 00:00:00-05:00,33.40999984741211,34.09000015258789,33.20000076293945,33.97999954223633,217500,0.0,0.0
2026-02-17 00:00:00-05:00,35.0,35.119998931884766,34.15999984741211,34.2599983215332,336500,0.0,0.0
2026-02-18 00:00:00-05:00,34.470001220703125,35.439998626708984,34.2400016784668,34.47999954223633,298800,0.0,0.0
2026-02-19 00:00:00-05:00,34.4900016784668,34.810001373291016,34.13999938964844,34.61000061035156,268300,0.0,0.0
2026-02-20 00:00:00-05:00,34.720001220703125,35.34000015258789,34.47999954223633,35.22999954223633,302200,0.0,0.0
2026-02-23 00:00:00-05:00,35.040000915527344,35.5,34.349998474121094,34.79999923706055,277000,0.0,0.0
2026-02-24 00:00:00-05:00,34.790000915527344,35.25,34.75,35.0,166900,0.0,0.0
2026-02-25 00:00:00-05:00,34.900001525878906,34.9900016784668,33.900001525878906,34.9900016784668,185800,0.0,0.0
2026-02-26 00:00:00-05:00,35.119998931884766,35.22999954223633,34.36000061035156,34.630001068115234,218300,0.0,0.0
2026-02-27 00:00:00-05:00,34.40999984741211,35.0,34.11000061035156,34.540000915527344,252600,0.0,0.0
2026-03-02 00:00:00-05:00,34.36000061035156,34.40999984741211,33.790000915527344,34.09000015258789,271800,0.0,0.0
2026-03-03 00:00:00-05:00,33.540000915527344,33.59000015258789,32.709999084472656,33.45000076293945,227700,0.0,0.0
2026-03-04 00:00:00-05:00,33.52000045776367,33.72999954223633,32.7400016784668,33.650001525878906,181000,0.0,0.0
2026-03-05 00:00:00-05:00,33.2400016784668,33.369998931884766,32.75,32.90999984741211,202800,0.0,0.0
2026-03-06 00:00:00-05:00,32.470001220703125,32.59000015258789,31.90999984741211,32.560001373291016,235600,0.0,0.0
2026-03-09 00:00:00-04:00,32.119998931884766,32.369998931884766,31.25,32.279998779296875,222600,0.0,0.0
2026-03-10 00:00:00-04:00,32.060001373291016,32.560001373291016,31.860000610351562,32.09000015258789,171400,0.0,0.0
2026-03-11 00:00:00-04:00,31.860000610351562,32.2599983215332,31.440000534057617,32.130001068115234,174300,0.0,0.0
2026-03-12 00:00:00-04:00,31.690000534057617,32.084999084472656,31.594999313354492,31.829999923706055,186632,0.0,0.0
