Date,Open,High,Low,Close,Volume,Change
2022-01-03,24256,24301,23200,23419,1920,-0.039772028373447066
2022-01-04,23419,23860,23244,23596,913,0.007557965754302121
2022-01-05,24212,24301,23419,23419,1024,-0.007501271401932574
2022-01-06,23200,23905,22891,23332,1282,-0.0037149323199111572
2022-01-07,23375,23640,23244,23507,562,0.007500428595919706
2022-01-10,23332,23507,22628,23068,678,-0.018675288212021912
2022-01-11,23375,23375,22099,22408,1021,-0.02861106294433846
2022-01-12,22803,23684,22539,23684,886,0.05694394858978935
2022-01-13,23860,23905,23288,23463,572,-0.009331194055058223
2022-01-14,23024,23596,22979,23244,352,-0.009333844776882705
2022-01-17,23068,23419,22715,22979,447,-0.01140079160213392
2022-01-18,22715,23200,22274,22451,870,-0.02297750119674491
2022-01-19,22099,22318,21835,22143,765,-0.013718765311122039
2022-01-20,21791,22495,21791,22495,852,0.01589667163437647
2022-01-21,22143,22451,21835,22011,890,-0.021515892420537863
2022-01-24,21923,21967,21086,21263,975,-0.03398300849575209
2022-01-25,21042,21350,20074,20557,1499,-0.033203216855570705
2022-01-26,20426,20602,20030,20030,1060,-0.025636036386632255
2022-01-27,20118,20162,18885,19061,1434,-0.048377433849226215
2022-01-28,19017,19457,18357,19193,1086,0.006925135092597401
2022-02-03,19589,20250,19457,20162,797,0.05048715677590798
2022-02-04,20250,20250,19810,20162,370,0.0
2022-02-07,20250,21263,19854,21130,879,0.04801111000892777
2022-02-08,21483,21923,20647,20954,677,-0.00832938949361095
2022-02-09,21483,21879,20998,21746,770,0.03779707931659826
2022-02-10,22011,22099,21570,21879,375,0.006116067322726071
2022-02-11,21879,22143,21483,21835,555,-0.002011060834590239
2022-02-14,21174,21527,20250,20647,920,-0.05440806045340052
2022-02-15,20602,20867,19546,20030,785,-0.029883276020729377
2022-02-16,20470,20734,20118,20647,498,0.030803794308537302
2022-02-17,20690,21042,20074,20557,500,-0.004358986777740159
2022-02-18,20426,20690,20162,20647,259,0.004378070730164829
2022-02-21,20294,20602,20030,20294,193,-0.017096914806025043
2022-02-22,19678,20294,19678,19722,511,-0.02818567064156896
2022-02-23,19722,20118,19502,19810,394,0.004462022107291297
2022-02-24,19633,19766,19017,19061,608,-0.037809187279151946
2022-02-25,19854,19854,19413,19457,407,0.020775405277792425
2022-02-28,19546,19854,19237,19678,182,0.011358380017474357
2022-03-02,19678,21042,19678,20823,984,0.05818680760239858
2022-03-03,21174,21923,20910,21923,1100,0.052826201796090766
2022-03-04,21923,22934,21791,22891,1895,0.04415454089312587
2022-03-07,25180,25929,22934,23200,6761,0.013498754969201832
2022-03-08,22584,23068,22274,22408,1145,-0.034137931034482705
2022-03-10,23244,23244,22539,22671,853,0.011736879685826596
2022-03-11,22539,22891,21923,21923,1097,-0.032993692382338624
2022-03-14,21835,21923,20602,20910,1541,-0.04620717967431465
2022-03-15,20690,20867,20470,20557,466,-0.01688187470109992
2022-03-16,20954,20998,20513,20734,466,0.008610205769324253
2022-03-17,21219,22363,21219,21923,1328,0.05734542297675316
2022-03-18,22363,22760,21879,22584,637,0.03015098298590524
2022-03-21,22891,23068,22363,23068,783,0.02143110166489559
2022-03-22,23419,23640,22891,23375,847,0.013308479278654417
2022-03-23,23507,23596,23111,23244,718,-0.005604278074866298
2022-03-24,23463,23463,22891,23244,1148,0.0
2022-03-25,23375,23596,23111,23111,712,-0.005721906728618165
2022-03-28,23244,23507,22891,23111,803,0.0
2022-03-29,23463,23463,23024,23244,518,0.005754835359785382
2022-03-30,23244,23375,22891,22891,595,-0.015186714851144423
2022-03-31,22891,23200,22539,23068,520,0.007732296535756467
2022-04-01,23156,23156,22803,22934,432,-0.005808912779608155
2022-04-04,23111,24389,22891,24301,1605,0.05960582541205195
2022-04-05,24521,24873,24124,24652,1398,0.014443850047323181
2022-04-06,24432,24873,24345,24784,1082,0.005354535128995641
2022-04-07,24564,24652,23772,23948,1561,-0.03373143963847647
2022-04-08,23992,24829,23992,24829,900,0.036788040754969
2022-04-11,24961,24961,24389,24521,997,-0.012404849168311194
2022-04-12,24079,24301,23640,23948,1032,-0.02336772562293543
2022-04-13,23772,25621,23772,25049,3980,0.04597461165859351
2022-04-14,25049,25049,25049,25049,0,0.0
2022-04-15,25049,25049,25049,25049,0,0.0
2022-04-18,25049,25049,25049,25049,0,0.0
2022-04-19,24256,25049,23419,24389,188215,-0.026348357219849072
2022-04-20,24389,24389,23463,23596,123167,-0.032514658247570605
2022-04-21,23596,24035,23332,23596,75643,0.0
2022-04-22,23024,23596,23024,23551,76200,-0.0019071028987963645
2022-04-25,22891,23024,22451,22451,108067,-0.04670714619336758
2022-04-26,22539,22628,21570,21835,113514,-0.027437530622243966
2022-04-27,20954,21791,20910,21746,105336,-0.0040760247309366004
2022-04-28,22011,22011,21350,21395,37143,-0.01614089947576569
2022-04-29,21395,22055,21307,21527,282406,0.006169665809768743
2022-05-02,21174,21350,20867,21219,70218,-0.014307613694430232
2022-05-03,21174,21527,21086,21130,72952,-0.004194354116593635
2022-05-04,21219,22408,21042,21923,131117,0.03752957879791774
2022-05-06,21483,21923,21263,21791,46575,-0.006021073758153528
2022-05-09,21658,21791,20690,20690,92271,-0.050525446285163644
2022-05-10,19941,21086,19678,20867,108281,0.00855485741904305
2022-05-11,20954,21174,20823,21086,38441,0.010495040015335189
2022-05-12,21042,21042,19986,20206,75760,-0.04173385184482592
2022-05-13,20557,22274,20557,22055,197128,0.09150747302781359
2022-05-16,22715,22715,21614,21791,539916,-0.011970074812967635
2022-05-17,21923,22451,21350,21614,159799,-0.00812261943003989
2022-05-18,21967,22188,21570,21791,196190,0.008189136670676334
2022-05-19,21130,21879,20823,21570,603823,-0.010141801661236238
2022-05-20,21702,21923,21483,21658,102474,0.0040797403801575705
2022-05-23,22099,22891,22011,22318,259589,0.03047372795271963
2022-05-24,22715,22715,21702,21702,185099,-0.02760103951967019
2022-05-25,21835,22011,21042,21527,132041,-0.0080637729241545
2022-05-26,21791,21835,20690,20867,195367,-0.030659172202350482
2022-05-27,21174,21527,20998,21395,83188,0.02530311017395892
2022-05-30,21527,21835,21439,21658,107250,0.012292591727039115
2022-05-31,21791,21791,21086,21086,121252,-0.026410564225690325
2022-06-02,21219,21219,20690,20823,69935,-0.012472730721805991
2022-06-03,20823,21042,20513,20602,83406,-0.010613264179032855
2022-06-07,20513,20513,19678,19810,170260,-0.03844286962430832
2022-06-08,19810,19941,19369,19589,119727,-0.011155981827359884
2022-06-09,19325,19722,19281,19722,60548,0.00678952473326877
2022-06-10,19149,19722,19149,19369,57331,-0.017898793225839205
2022-06-13,18533,18841,17916,17961,179461,-0.072693479271
2022-06-14,17432,18005,17168,17829,159927,-0.007349256722899655
2022-06-15,17608,17961,16904,17124,119725,-0.03954231869426217
2022-06-16,17829,17961,16860,16992,147418,-0.007708479327259932
2022-06-17,16420,16904,16288,16860,148635,-0.007768361581920957
2022-06-20,17080,17080,15583,15848,225656,-0.06002372479240803
2022-06-21,15979,16200,15583,16155,100279,0.01937152953054011
2022-06-22,16244,16375,14747,14747,219866,-0.08715567935623647
2022-06-23,14703,14967,13822,13822,252059,-0.06272462195700823
2022-06-24,13910,15231,13910,15231,150125,0.10193893792504705
2022-06-27,15671,15715,14703,15099,118638,-0.008666535355524863
2022-06-28,15144,15363,14834,15144,37592,0.002980329823167205
2022-06-29,14703,15055,14438,14879,82769,-0.01749867934495508
2022-06-30,14747,15099,13999,14218,126421,-0.044425028563747526
2022-07-01,14174,14438,13383,13690,150224,-0.037136024757349784
2022-07-04,13734,13866,13249,13469,106006,-0.01614317019722422
2022-07-05,13602,14218,13514,13910,118743,0.03274185165936605
2022-07-06,13999,14703,13602,14307,137722,0.028540618260244344
2022-07-07,14394,14703,13999,14350,60370,0.003005521772558861
2022-07-08,14571,14571,14130,14174,64557,-0.012264808362369317
2022-07-11,14174,14263,13822,13910,68064,-0.018625652603358245
2022-07-12,13690,13866,13383,13426,80969,-0.034795111430625414
2022-07-13,13293,14263,13293,14218,124750,0.058990019365410484
2022-07-14,14087,14659,13999,14087,69919,-0.009213672809115225
2022-07-15,14174,14218,13646,13955,44353,-0.00937034144956339
2022-07-18,14130,14659,13999,14614,71823,0.04722321748477243
2022-07-19,14438,15055,14307,14967,80323,0.024154919939783692
2022-07-20,15407,15715,14834,15144,99275,0.011826017237923425
2022-07-21,15055,15275,14879,15144,67944,0.0
2022-07-22,15451,15451,14967,15055,65151,-0.005876914949815126
2022-07-25,15010,15055,14527,14790,77626,-0.017602125539687763
2022-07-26,14747,15055,14527,14879,45235,0.006017579445571242
2022-07-27,14967,14967,14659,14790,30248,-0.0059815847839236325
2022-07-28,15099,16155,15010,16024,296644,0.08343475321162952
2022-07-29,15979,16200,15715,16024,130433,0.0
2022-08-01,16155,16551,15891,16420,120985,0.024712930604093852
2022-08-02,16332,16375,15760,16288,108597,-0.008038976857490887
2022-08-03,16200,16332,16024,16111,60665,-0.01086689587426326
2022-08-04,16288,16772,15979,16728,142148,0.03829681584010913
2022-08-05,16640,17256,16551,16904,126553,0.010521281683405048
2022-08-08,16728,16816,16288,16684,82096,-0.013014671083767193
2022-08-09,16684,17300,16551,16948,111933,0.015823543514744687
2022-08-10,16904,17476,16684,16992,96764,0.0025961765400046577
2022-08-11,17256,18005,17256,17696,183784,0.04143126177024481
2022-08-12,17696,17916,17476,17872,73744,0.00994575045207946
2022-08-16,17961,18269,17741,18092,99359,0.012309758281110028
2022-08-17,18181,18181,17256,17608,182277,-0.02675215564890554
2022-08-18,17432,17785,16816,17608,140606,0.0
2022-08-19,17608,17696,17168,17388,76813,-0.01249432076328938
2022-08-22,16904,17036,16551,16772,132072,-0.03542673107890504
2022-08-23,16375,16948,16244,16816,111111,0.0026234199856904894
2022-08-24,16992,17124,16464,16992,68841,0.010466222645099998
2022-08-25,17124,17212,16816,16992,62345,0.0
2022-08-26,17256,17256,16420,16596,115701,-0.02330508474576276
2022-08-29,15891,16024,15451,15715,157878,-0.053085080742347523
2022-08-30,15715,16024,15451,15715,256169,0.0
2022-08-31,15627,15671,15187,15671,122338,-0.0027998727330575957
2022-09-01,15495,15627,14834,14967,151540,-0.04492374449620318
2022-09-02,15099,15319,14790,15319,136800,0.023518407162423927
2022-09-05,15010,15231,14571,14790,141007,-0.03453228017494614
2022-09-06,14790,15099,14659,14923,130547,0.00899256254225822
2022-09-07,14790,14834,14174,14483,153813,-0.029484688065402387
2022-09-08,14659,14834,14571,14703,58263,0.01519022302009243
2022-09-13,15010,15848,15010,15627,149338,0.06284431748622721
2022-09-14,14967,15231,14834,15099,91790,-0.0337876751775773
2022-09-15,15231,15231,14790,14834,86898,-0.01755083118087286
2022-09-16,14659,14879,14394,14483,78269,-0.023661857894027194
2022-09-19,14394,14571,13999,14042,88375,-0.030449492508458187
2022-09-20,14087,14834,14087,14527,83610,0.03453923942458337
2022-09-21,14527,14834,14307,14527,37573,0.0
2022-09-22,14218,14394,13955,14350,78533,-0.012184208714806966
2022-09-23,14174,14527,13910,13999,86766,-0.02445993031358884
2022-09-26,13646,13734,13118,13206,166990,-0.05664690335023925
2022-09-27,13029,13339,12810,13206,124284,0.0
2022-09-28,13118,13339,12546,12677,136116,-0.04005754959866725
2022-09-29,12854,13162,12281,12281,98181,-0.031237674528673987
2022-09-30,12150,12413,11928,12150,81173,-0.010666883804250515
2022-10-04,12413,12677,12325,12589,44810,0.03613168724279836
2022-10-05,12854,12854,12281,12369,65997,-0.01747557391373422
2022-10-06,12369,12854,12369,12854,59136,0.03921093055218683
2022-10-07,12633,12942,12501,12723,63771,-0.010191380115139204
2022-10-11,12369,12369,11885,12150,74338,-0.04503654798396606
2022-10-12,11928,12281,11928,12150,54839,0.0
2022-10-13,12413,12942,11885,11885,110906,-0.021810699588477367
2022-10-14,12325,12546,12194,12457,58093,0.048127892301220054
2022-10-17,12194,12942,12150,12766,46300,0.024805330336357123
2022-10-18,13118,13118,12589,12810,43657,0.0034466551778160603
2022-10-19,12854,13955,12854,13469,229734,0.051444184231069556
2022-10-20,13426,13558,12986,13293,77284,-0.013067042839112086
2022-10-21,13206,13383,12766,12897,55944,-0.029790115098171976
2022-10-24,13206,13339,12677,12766,67292,-0.010157400945956407
2022-10-25,12854,12897,12281,12281,73903,-0.03799154002819993
2022-10-26,12457,12457,12150,12325,52542,0.0035827701327253436
2022-10-27,12457,13073,12281,13029,86303,0.05711967545638941
2022-10-28,12723,13206,12546,12589,64465,-0.03377081894235934
2022-10-31,12854,12942,12501,12677,54366,0.006990229565493777
2022-11-01,12677,13778,12633,13734,129640,0.08337934842628392
2022-11-02,13514,14438,13514,13910,172463,0.01281491189748074
2022-11-03,13558,14394,13469,14218,106159,0.022142343637670647
2022-11-04,14042,14350,13866,14087,57758,-0.009213672809115225
2022-11-07,14130,14614,13999,14218,68581,0.009299354014339567
2022-11-08,14218,14483,13778,14087,48495,-0.009213672809115225
2022-11-09,14087,14218,13822,13822,49367,-0.018811670334350827
2022-11-10,13778,13955,13383,13734,47408,-0.006366661843438037
2022-11-11,14263,14438,13866,14218,103014,0.03524100771807204
2022-11-14,14483,15627,14394,15319,232992,0.07743705162470116
2022-11-15,15319,15451,14834,15055,143892,-0.017233500881258523
2022-11-16,15099,15099,14614,14790,74122,-0.017602125539687763
2022-11-17,14659,14967,14527,14747,63258,-0.0029073698444894713
2022-11-18,14834,15627,14659,15144,124389,0.026920729639926755
2022-11-21,15010,15275,14659,14834,67299,-0.02047015319598522
2022-11-22,14614,14834,14218,14350,83906,-0.03262774706754756
2022-11-23,14527,14527,14218,14350,40857,0.0
2022-11-24,14394,14703,14394,14614,45146,0.018397212543554087
2022-11-25,14659,14747,14394,14703,55355,0.006090050636376132
2022-11-28,14703,14703,14130,14218,67233,-0.03298646534720806
2022-11-29,14087,14438,14087,14263,47001,0.0031650021100013692
2022-11-30,14350,14571,14130,14130,255498,-0.009324826474093828
2022-12-01,14438,14659,14394,14614,86543,0.03425336164189674
2022-12-02,14614,15760,14527,15495,287113,0.06028465854659926
2022-12-05,15495,15627,14967,15231,134324,-0.017037754114230363
2022-12-06,15144,16288,15010,15891,240593,0.043332676777624535
2022-12-07,15803,15935,15407,15627,92266,-0.01661317727015288
2022-12-08,15627,15671,14923,15231,80108,-0.025340756383183005
2022-12-09,15231,15363,14747,15187,98440,-0.0028888451185082875
2022-12-12,15187,15275,14747,14967,58921,-0.014486073615592288
2022-12-13,15010,15231,14967,14967,24433,0.0
2022-12-14,15099,15187,14923,15144,32781,0.011826017237923425
2022-12-15,15144,15363,14834,15055,45691,-0.005876914949815126
2022-12-16,14790,15187,14703,15144,38380,0.005911657256725267
2022-12-19,15010,15055,14747,14790,26693,-0.023375594294770208
2022-12-20,14703,14790,13469,13690,201932,-0.07437457741717379
2022-12-21,13734,13955,13206,13822,90789,0.009642074506939435
2022-12-22,13910,13955,13734,13822,38664,0.0
2022-12-23,13690,13734,13206,13383,81858,-0.03176096078715096
2022-12-26,13558,14174,13558,13866,87556,0.03609056265411348
2022-12-27,14087,14394,13910,14263,97494,0.028631184191547643
2022-12-28,13861,14128,13770,13815,82410,-0.03140994180747392
2022-12-29,13815,13815,13324,13458,51366,-0.025841476655808937
2023-01-02,13458,13770,13056,13101,67512,-0.026526972804279958
2023-01-03,13010,13146,12564,13010,69916,-0.006946034653843247
2023-01-04,12698,13146,12653,13010,61095,0.0
2023-01-05,13010,13146,12564,12698,71437,-0.023981552651806348
2023-01-06,12698,12921,12386,12743,149534,0.0035438651756181105
2023-01-09,12921,13368,12876,13279,84905,0.04206230871851213
2023-01-10,13279,13726,13190,13681,62302,0.030273363958129407
2023-01-11,13726,14085,13503,13815,66048,0.009794605657481137
2023-01-12,13995,14173,13815,14040,51616,0.016286644951140072
2023-01-13,14218,14530,13906,13950,49391,-0.0064102564102563875
2023-01-16,14085,14128,13861,13906,38531,-0.003154121863799264
2023-01-17,14040,14085,13770,13906,39449,0.0
2023-01-18,13861,14040,13503,13770,42094,-0.009779951100244544
2023-01-19,13547,13950,13503,13815,36682,0.0032679738562091387
2023-01-20,13815,14128,13815,14085,38837,0.019543973941368087
2023-01-25,14387,14387,13995,14085,58589,0.0
2023-01-26,14066,14450,14040,14415,67269,0.023429179978700754
2023-01-27,14415,14424,14227,14343,47344,-0.004994797086368408
2023-01-30,14397,14772,14352,14530,67509,0.013037718747821225
2023-01-31,14432,14523,14380,14406,61877,-0.008534067446662075
2023-02-01,14370,14692,14370,14549,58678,0.009926419547410692
2023-02-02,14746,15032,14647,14969,86839,0.02886796343391307
2023-02-03,14969,15757,14933,15694,216781,0.04843342908677939
2023-02-06,15917,16194,15265,15694,209776,0.0
2023-02-07,15747,16302,15667,16069,182799,0.023894481967631
2023-02-08,16337,16481,15882,16463,205036,0.024519260688281808
2023-02-09,16409,17571,16222,17473,315551,0.06134969325153383
2023-02-10,17519,17822,16990,17465,253343,-0.0004578492531334133
2023-02-13,17286,17411,16902,16972,181423,-0.02822788434010881
2023-02-14,16972,17224,16660,17053,102318,0.004772566580249826
2023-02-15,17053,17634,16990,17044,144137,-0.0005277663754178485
2023-02-16,17322,18064,17322,17974,241734,0.05456465618399431
2023-02-17,17974,17974,17384,17885,133287,-0.004951596750862319
2023-02-20,18019,18421,17876,18242,112577,0.019960861056751433
2023-02-21,18198,18601,17813,18242,139512,0.0
2023-02-22,17885,17974,17329,17545,134750,-0.03820852976647293
2023-02-23,17554,17644,17035,17187,136960,-0.020404673696209796
2023-02-24,17367,19450,17367,18467,562341,0.07447489381509276
2023-02-27,18869,19406,18511,18913,270819,0.024151188606703844
2023-02-28,19406,19450,18601,18824,134709,-0.004705757944271083
2023-03-02,18645,19227,18331,18779,157677,-0.002390565235869113
2023-03-03,18824,19763,18601,19673,199214,0.047606368816230926
2023-03-06,20433,21238,18645,19584,741561,-0.0045239668581303905
2023-03-07,18824,19316,18019,18958,445254,-0.031964869281045805
2023-03-08,18689,18779,18064,18601,210453,-0.01883110032703872
2023-03-09,18824,19048,17876,18467,225616,-0.007203913768076942
2023-03-10,19316,23697,19227,21820,4056007,0.18156711972708073
2023-03-13,21954,22625,20523,21596,1145720,-0.01026581118240144
2023-03-14,21596,21730,20433,21641,523300,0.0020837192072606925
2023-03-15,21954,24950,21372,24012,2105840,0.10956055635137019
2023-03-16,23564,25084,22535,23162,804716,-0.035398967183075114
2023-03-17,22848,23117,20791,21730,628291,-0.061825403678438806
2023-03-20,21015,23117,20568,22892,613929,0.053474459272894626
2023-03-21,23251,24279,22446,22803,662505,-0.003887821072863895
2023-03-22,23430,23430,22401,22714,378212,-0.0039029952199272078
2023-03-23,22446,24772,22267,23117,1257891,0.017742361539138773
2023-03-24,23474,23519,21462,21910,706607,-0.05221265735173253
2023-03-27,21910,22803,21149,22670,390744,0.03468735737106354
2023-03-28,23295,23652,22132,22803,415833,0.005866784296427063
2023-03-29,22625,24100,22177,23609,676079,0.035346226373722756
2023-03-30,23877,24772,22848,23117,869767,-0.020839510356220114
2023-03-31,22714,23206,21865,22177,531178,-0.04066271575031366
2023-04-03,22625,22625,21551,21954,350437,-0.010055462866934262
2023-04-04,21283,21686,20121,20210,774392,-0.07943882663751478
2023-04-05,20300,20747,20121,20523,316925,0.015487382483918788
2023-04-06,20433,20970,19941,20478,390207,-0.0021926618915363294
2023-04-07,20791,21910,20389,21641,483420,0.05679265553276691
2023-04-10,21865,22714,21641,22132,662214,0.022688415507601256
2023-04-11,22625,22625,20970,21596,451234,-0.02421832640520516
2023-04-12,21730,23385,21462,21641,900163,0.0020837192072606925
2023-04-13,21417,21462,20300,20926,452139,-0.033039138671965285
2023-04-14,21551,22446,21193,22177,728932,0.05978208926694073
2023-04-17,22446,23295,22222,23295,792527,0.05041258961987638
2023-04-18,23609,23697,22535,22759,460227,-0.023009229448379465
2023-04-19,22580,23385,22222,23206,388104,0.01964058174787997
2023-04-20,22892,23072,21551,21820,331126,-0.05972593294837547
2023-04-21,21596,21730,20657,20881,350953,-0.04303391384051325
2023-04-24,20881,21060,20121,20300,270598,-0.02782433791485084
2023-04-25,20478,20568,18556,19271,463571,-0.05068965517241375
2023-04-26,19181,19406,18779,18869,208773,-0.020860360126615074
2023-04-27,18779,19316,18511,19227,144621,0.018972918543642914
2023-04-28,19450,19494,18331,18556,218875,-0.03489884017267386
2023-05-02,18556,19136,18467,18734,184684,0.009592584608751897
2023-05-03,18511,18689,18198,18242,86109,-0.02626241059037049
2023-05-04,18198,18421,17974,18331,80350,0.0048788510031794186
2023-05-08,18421,18601,18064,18109,103104,-0.012110632262287924
2023-05-09,18153,18198,17519,18109,188389,0.0
2023-05-10,18109,18645,17616,18242,164205,0.007344414379590214
2023-05-11,18689,18824,17974,18019,173264,-0.01222453678324742
2023-05-12,18153,18376,17929,18242,120372,0.012375825517509265
2023-05-15,18242,18242,17367,17840,175877,-0.02203705734020389
2023-05-16,17348,17634,17097,17589,170830,-0.014069506726457348
2023-05-17,17571,17974,17348,17974,73063,0.021888680425265816
2023-05-18,18153,18198,17885,18064,48897,0.005007232669411277
2023-05-19,18242,18287,17456,17974,130739,-0.004982285208148807
2023-05-22,17974,18198,17589,18064,87447,0.005007232669411277
2023-05-23,18287,18869,18064,18421,165204,0.01976306465899036
2023-05-24,18467,18779,18331,18601,80273,0.009771456489875652
2023-05-25,18601,18601,17929,18109,86479,-0.026450190849954258
2023-05-26,18109,18153,17707,17885,79787,-0.01236954000773094
2023-05-30,17974,18242,17742,18242,144224,0.019960861056751433
2023-05-31,18019,18779,17929,18689,412334,0.024503892117092363
2023-06-01,18779,18913,18198,18331,103425,-0.01915565305794853
2023-06-02,18421,19136,18331,18869,173192,0.029349189896896055
2023-06-05,19136,19316,18734,19136,102494,0.014150193438974057
2023-06-07,19136,19406,18824,19091,106055,-0.002351588628762502
2023-06-08,19091,19091,18689,18824,98130,-0.013985647687391967
2023-06-09,18958,19361,18869,19048,84112,0.011899702507437215
2023-06-12,19271,20255,19271,19987,464263,0.04929651406971858
2023-06-13,20433,21238,19763,20702,431539,0.03577325261419917
2023-06-14,20836,20836,19539,19584,280689,-0.054004444015070985
2023-06-15,19763,20970,19763,20255,331160,0.03426266339869288
2023-06-16,20433,20433,19673,19896,153826,-0.017724018760799765
2023-06-19,19896,20523,19896,20433,193892,0.026990349819059123
2023-06-20,20478,20747,20210,20478,184734,0.002202319776831496
2023-06-21,20478,20791,19763,19896,216032,-0.028420744213302096
2023-06-22,19629,20031,19584,19629,110141,-0.01341978287092882
2023-06-23,19584,20076,19584,19808,92224,0.009119160425900441
2023-06-26,19808,19852,19450,19539,136806,-0.013580371567043614
2023-06-27,19450,19539,18779,19091,137875,-0.02292850197041818
2023-06-28,19271,19494,18734,18869,101386,-0.0116285160546854
2023-06-29,18869,19181,18601,18734,59907,-0.007154592188245323
2023-06-30,18734,18913,18467,18869,56889,0.0072061492473578515
2023-07-03,19181,19227,18869,19136,75757,0.014150193438974057
2023-07-04,19227,19271,18689,18824,88216,-0.016304347826086918
2023-07-05,18869,19048,18689,18689,74785,-0.0071716957076073395
2023-07-06,18689,18689,17885,18019,161061,-0.03584996522018302
2023-07-07,18019,18376,17929,18109,70618,0.004994727787335673
2023-07-10,18109,18467,17768,18287,112988,0.009829366613286261
2023-07-11,18421,18779,18287,18779,88605,0.02690435828730786
2023-07-12,18824,19673,18734,19406,159996,0.033388359337557905
2023-07-13,19584,19629,19136,19227,84400,-0.009223951355251003
2023-07-14,19494,22982,19494,21865,1673525,0.13720289176678624
2023-07-17,22357,22670,21910,22491,448999,0.028630230962725767
2023-07-18,22535,23206,21820,22267,509749,-0.009959539371304116
2023-07-19,22580,22670,21775,22222,257385,-0.002020927830421737
2023-07-20,22357,22357,21238,21596,228238,-0.02817028170281699
2023-07-21,21283,21820,21238,21730,135785,0.006204852750509415
2023-07-24,21686,22312,21372,21820,270864,0.004141739530602928
2023-07-25,22491,22625,21954,22357,429545,0.024610449129239154
2023-07-26,22312,22312,19271,20344,552349,-0.09003891398667085
2023-07-27,20389,20836,19450,19584,193864,-0.03735745182854899
2023-07-28,19494,19941,19136,19718,184894,0.006842320261437829
2023-07-31,19808,20344,19718,20031,160434,0.015873820874328093
2023-08-01,20166,20210,19584,19896,142273,-0.0067395536917777
2023-08-02,19539,19852,19181,19316,147670,-0.02915158825894648
2023-08-03,19271,19316,18556,18869,122893,-0.023141437150548727
2023-08-04,19227,19271,18734,18958,87792,0.00471673114632476
2023-08-07,18958,18958,18153,18287,114476,-0.03539402890600274
2023-08-08,18331,18421,17974,18109,78814,-0.009733690599879719
2023-08-09,18153,19271,18019,19271,111117,0.0641669887901044
2023-08-10,19361,19584,18869,19361,84104,0.004670229879093046
2023-08-11,19361,19539,19181,19450,55940,0.004596869996384534
2023-08-14,19494,19494,18869,18958,49075,-0.025295629820051402
2023-08-16,18645,18958,17885,17885,140463,-0.05659879734149176
2023-08-17,17707,18198,17214,17929,100219,0.002460162147050582
2023-08-18,17545,17974,17545,17714,60135,-0.011991745217245775
2023-08-21,17669,18153,17661,17974,44382,0.014677656091227176
2023-08-22,18331,18645,18064,18242,57093,0.014910426171136137
2023-08-23,18242,18511,17849,18376,49414,0.007345685780068001
2023-08-24,18331,18601,18242,18511,51284,0.007346538963865834
2023-08-25,18153,18913,18153,18824,59885,0.016908864999189754
2023-08-28,18913,18958,18689,18913,35154,0.004728006799830098
2023-08-29,19091,19673,19048,19629,112755,0.03785755829323745
2023-08-30,20031,21462,19941,21238,515124,0.08197055377247953
2023-08-31,21283,21417,20568,21060,204561,-0.008381203503154744
2023-09-01,21015,21015,20478,20702,119131,-0.01699905033238369
2023-09-04,20702,21238,20478,21105,123814,0.01946671819147916
2023-09-05,21015,21193,20836,21149,92535,0.0020848140251126246
2023-09-06,21193,22043,20970,21596,277115,0.021135751099342848
2023-09-07,21686,21686,20568,20926,212359,-0.031024263752546744
2023-09-08,20657,21193,20657,21105,80164,0.00855395202140885
2023-09-11,21372,21641,20836,21417,195177,0.014783226723525278
2023-09-12,21238,21462,20881,21417,116560,0.0
2023-09-13,21372,21372,19852,20031,214244,-0.06471494607087824
2023-09-14,19763,20657,19227,20255,172403,0.01118266686635705
2023-09-15,20166,22803,20166,22714,901724,0.12140212293260921
2023-09-18,22401,23117,22357,22625,270674,-0.003918288280355675
2023-09-19,22625,25307,22312,24369,1050083,0.07708287292817673
2023-09-20,24413,25799,24234,25621,610728,0.05137674914850843
2023-09-21,26559,27543,24860,26381,970671,0.029663166933374896
2023-09-22,25889,26113,24950,26113,281733,-0.010158826428111167
2023-09-25,25889,26292,24413,25710,399473,-0.015432926128748137
2023-09-26,25532,25799,24324,24413,164163,-0.050447296771684136
2023-09-27,24055,24816,21998,24682,208215,0.01101871953467426
2023-10-04,23967,24324,23251,23609,167309,-0.04347297625800173
2023-10-05,23742,24905,23652,24637,247906,0.04354271676055732
2023-10-06,24502,25532,24324,25442,224215,0.03267443276372939
2023-10-10,25442,25844,24457,24816,208493,-0.024604983884914722
2023-10-11,24994,25933,24905,25933,213710,0.0450112830431979
2023-10-12,26157,26559,25889,26292,361904,0.01384336559595889
2023-10-13,26381,26738,24772,25532,257560,-0.028906131142552915
2023-10-16,25442,25442,24100,25442,192616,-0.0035249882500392182
2023-10-17,25129,26068,25084,25933,119402,0.01929879726436612
2023-10-18,25754,26381,25576,25889,112460,-0.0016966799059113802
2023-10-19,25263,25307,24279,25039,165229,-0.03283247711383208
2023-10-20,24592,24682,23251,24502,233106,-0.021446543392308004
2023-10-23,24502,24502,22714,22803,202839,-0.06934127826299896
2023-10-24,22803,23385,22312,23340,141772,0.02354953295618989
2023-10-25,23609,23787,22937,23295,126048,-0.001928020565552746
2023-10-26,22535,22982,21686,21910,157325,-0.05945481863060742
2023-10-27,21820,22132,21283,21865,173381,-0.002053856686444533
2023-10-30,22088,24457,21820,23117,463279,0.05726046192545153
2023-10-31,23742,23922,23117,23652,199668,0.023143141411082757
2023-11-01,23877,25263,23697,25218,240742,0.06621004566210043
2023-11-02,25532,26649,25352,26471,280857,0.04968673169957971
2023-11-03,26738,27231,26068,26783,382428,0.011786483321370556
2023-11-06,27633,27901,26649,27275,340482,0.018369861479296645
2023-11-07,27275,27275,25889,27052,307994,-0.008175985334555436
2023-11-08,27096,27723,26873,27141,179284,0.003289960076888976
2023-11-09,27231,28125,26828,27409,161307,0.009874359824619594
2023-11-10,27007,27723,26783,27723,187336,0.01145609106497858
2023-11-13,27991,28214,27409,27723,208781,0.0
2023-11-14,27946,29645,27767,29198,471796,0.053204920102442044
2023-11-15,29333,29377,26471,27364,632988,-0.0628125214055757
2023-11-16,27364,28258,27096,28080,136301,0.02616576523900016
2023-11-17,27812,28214,27364,28170,156380,0.0032051282051281937
2023-11-20,27991,28706,27723,28348,136751,0.006318778842740569
2023-11-21,28528,29511,28214,28885,231065,0.018943135318188142
2023-11-22,28661,29063,28438,28974,106924,0.0030811840055391393
2023-11-23,29377,29466,28751,28974,108749,0.0
2023-11-24,28885,29063,28393,28974,554337,0.0
2023-11-27,28616,28751,26649,28573,336565,-0.013839994477807704
2023-11-28,28438,28616,27588,28348,125088,-0.0078745668988206
2023-11-29,28170,28348,27498,27543,160900,-0.02839706504868067
2023-11-30,27052,28035,26738,28035,252193,0.017862977889118836
2023-12-01,27991,28483,27543,28125,109255,0.0032102728731941976
2023-12-04,27991,28885,27856,28303,97497,0.006328888888888828
2023-12-05,28080,28573,27186,27231,150021,-0.03787584355015372
2023-12-06,27364,27723,25933,27453,312058,0.008152473284124717
2023-12-07,27052,27453,26336,27364,125465,-0.0032419043456088925
2023-12-08,27364,27543,27052,27320,117941,-0.0016079520537932712
2023-12-11,27453,27588,27186,27320,203397,0.0
2023-12-12,27320,27320,26828,27231,160397,-0.0032576866764275625
2023-12-13,27275,27275,26336,26336,200924,-0.03286695310491716
2023-12-14,26649,27052,26202,26202,309816,-0.005088092345079009
2023-12-15,26068,26157,24502,24502,340544,-0.06488054346996408
2023-12-18,24816,25307,24457,24860,244339,0.014611052159007487
2023-12-19,25039,25129,24547,24816,114895,-0.001769911504424737
2023-12-20,24860,25666,24772,25576,186625,0.030625402965828608
2023-12-21,25397,26649,25084,26336,304488,0.029715358148264093
2023-12-22,26381,26693,26068,26426,218092,0.003417375455650129
2023-12-26,26604,26604,26023,26113,347840,-0.011844395670930097
2023-12-27,26341,26751,26250,26477,100169,0.01393941714854674
2023-12-28,26614,26660,26158,26660,53259,0.006911659175888429
2024-01-02,26660,26660,25749,25976,111028,-0.025656414103525926
2024-01-03,25931,25931,24837,25247,118325,-0.028064367108099786
2024-01-04,25430,26250,24700,25976,132838,0.028874717788252013
2024-01-05,25749,26387,25749,26295,88050,0.012280566676932558
2024-01-08,26387,26979,26250,26751,157821,0.01734169994295498
2024-01-09,26979,26979,26387,26660,87718,-0.003401741990953555
2024-01-10,26660,26660,25612,25976,153270,-0.025656414103525926
2024-01-11,25793,26113,25111,25520,84378,-0.017554665845395778
2024-01-12,25520,25566,24700,24882,121961,-0.025000000000000022
2024-01-15,24609,24700,23607,23607,137440,-0.0512418615866892
2024-01-16,23561,23971,23105,23880,73161,0.011564366501461532
2024-01-17,23971,23971,22512,23014,110352,-0.036264656616415425
2024-01-18,22831,22969,21920,22421,160506,-0.025766924480750797
2024-01-19,22421,23105,22239,22969,82052,0.02444137192810314
2024-01-22,23242,23242,22285,22786,71457,-0.007967260220296923
2024-01-23,22740,23515,22331,23105,60391,0.01399982445361192
2024-01-24,22831,23242,22558,23242,77473,0.005929452499459087
2024-01-25,22923,23424,22558,23378,54832,0.00585147577661127
2024-01-26,23333,23926,22969,23743,53285,0.015612969458465242
2024-01-29,23607,24153,23242,24062,49041,0.013435538895674615
2024-01-30,24062,25384,24062,25156,148130,0.04546587981048966
2024-01-31,25111,25384,24472,25019,111012,-0.00544601685482593
2024-02-01,24973,25885,24609,25657,147991,0.02550061952915783
2024-02-02,25931,26068,25338,25612,133626,-0.0017539073157423202
2024-02-05,25657,26295,25475,25976,102584,0.014212088083710661
2024-02-06,25839,26250,25566,26158,107154,0.007006467508469338
2024-02-07,26113,26706,25976,26204,75989,0.0017585442312102462
2024-02-08,26113,26523,26068,26387,71954,0.006983666615783868
2024-02-13,26295,26660,26158,26569,105354,0.006897335809300076
2024-02-14,26341,26888,26068,26796,93430,0.008543791636870024
2024-02-15,26842,27070,26341,26979,97052,0.0068293775190326755
2024-02-16,26979,28027,26796,27891,159670,0.03380406983209161
2024-02-19,28073,28711,27434,28665,170918,0.02775088738302678
2024-02-20,28665,29257,28574,29167,190302,0.017512646084074657
2024-02-21,29212,29804,29075,29531,142472,0.012479857373058678
2024-02-22,29303,29987,28574,29030,284546,-0.01696522298601466
2024-02-23,28893,29303,25657,26295,393818,-0.09421288322425081
2024-02-26,25839,26295,24792,25793,151063,-0.019091081954744293
2024-02-27,25657,26204,25156,25749,79949,-0.0017058891947427934
2024-02-28,25657,25976,25247,25976,59694,0.00881587634471237
2024-02-29,25703,26387,25475,25976,70011,0.0
2024-03-04,26341,26341,25384,26113,100747,0.00527409916846322
2024-03-05,25839,26204,25520,26068,103215,-0.00172327959254015
2024-03-06,25749,26341,25612,25976,69599,-0.0035292312413687243
2024-03-07,26068,26250,25657,25931,109696,-0.0017323683400061185
2024-03-08,26022,26751,25703,25931,186249,0.0
2024-03-11,25793,25793,23834,24245,231386,-0.06501870348231842
2024-03-12,24381,24381,23333,24108,121804,-0.005650649618478054
2024-03-13,23880,23971,23470,23834,48465,-0.011365521818483493
2024-03-14,23651,24062,23651,23971,53717,0.005748090962490515
2024-03-15,23697,25156,23697,24882,158972,0.03800425514162953
2024-03-18,24837,24837,24335,24518,63582,-0.014629049111807735
2024-03-19,24245,24837,24245,24654,72119,0.005546945101557954
2024-03-20,24746,24746,24290,24609,34941,-0.001825261620832297
2024-03-21,24609,24654,24108,24335,91440,-0.011134137917022224
2024-03-22,24427,24563,23834,24472,67447,0.005629751386891257
2024-03-25,24335,24609,24153,24427,53271,-0.0018388362209872389
2024-03-26,24427,24609,24245,24472,44411,0.0018422237687805154
2024-03-27,24472,24518,24290,24427,25578,-0.0018388362209872389
2024-03-28,24654,24654,24153,24427,36907,0.0
2024-03-29,24199,25338,24016,24973,71813,0.022352315061202832
2024-04-01,24746,25156,24609,25019,110729,0.0018419893484964422
2024-04-02,24792,25019,24518,24928,51454,-0.0036372357008673806
2024-04-03,24882,24928,24381,24928,49315,0.0
2024-04-04,24928,25019,24654,24973,37481,0.0018051989730423212
2024-04-05,24654,24973,24609,24973,68011,0.0
2024-04-08,25065,25111,24472,24518,40128,-0.018219677251431587
2024-04-09,24290,24746,24290,24700,31766,0.007423117709437932
2024-04-11,24518,24746,24199,24609,27056,-0.0036842105263157343
2024-04-12,24609,24882,24427,24609,53816,0.0
2024-04-15,24381,24792,24153,24609,40676,0.0
2024-04-16,24335,24609,23834,24609,63503,0.0
2024-04-17,24609,24746,24381,24609,49748,0.0
2024-04-18,24381,24700,24245,24609,92622,0.0
2024-04-19,24563,24609,24108,24472,59886,-0.005567068958511112
2024-04-22,24290,24609,24245,24427,39763,-0.0018388362209872389
2024-04-23,24563,24563,23697,23880,63437,-0.02239325336717568
2024-04-24,23971,24153,22331,22695,160969,-0.049623115577889454
2024-04-25,22376,22695,22331,22558,65853,-0.006036571932143686
2024-04-26,22421,22695,21373,22512,113822,-0.0020391878712652245
2024-04-29,22467,23059,22239,23059,53670,0.024298152096659642
2024-04-30,22877,23424,22877,23424,52740,0.01582896049264937
2024-05-02,23333,23607,23242,23515,57320,0.00388490437158473
2024-05-03,23515,24016,23333,23697,39893,0.007739740591112154
2024-05-07,23697,24062,23333,23651,86568,-0.0019411739882685408
2024-05-08,23651,23743,23288,23697,63635,0.0019449494735952477
2024-05-09,23697,23743,23424,23470,46802,-0.009579271637760067
2024-05-10,23470,23515,22877,23424,51115,-0.0019599488708990087
2024-05-13,23196,23242,22650,22695,55650,-0.031121926229508157
2024-05-14,22512,22786,22239,22239,43843,-0.020092531394580337
2024-05-16,22239,22467,22103,22285,44713,0.0020684383290614505
2024-05-17,22239,22786,22148,22421,93252,0.006102759703836558
2024-05-20,22421,22604,22239,22558,50570,0.006110342982025729
2024-05-21,22740,22786,22148,22604,69173,0.0020391878712651135
2024-05-22,22740,23105,22467,22558,41337,-0.002035038046363513
2024-05-23,22421,22650,22193,22193,52257,-0.016180512456778096
2024-05-24,21920,22193,21601,22193,37863,0.0
2024-05-27,22103,22376,22103,22331,17819,0.006218176902627048
2024-05-28,22148,22421,22148,22331,26265,0.0
2024-05-29,22969,23105,22376,22604,62939,0.012225157852312929
2024-05-30,22376,22604,22239,22558,30641,-0.002035038046363513
2024-05-31,22331,22831,22331,22740,31693,0.008068091142831912
2024-06-03,22786,23014,22695,23014,58211,0.012049252418645517
2024-06-04,22923,23971,22877,23242,86767,0.009907013122447239
2024-06-05,23242,23561,23059,23561,39429,0.013725152740728053
2024-06-07,23651,23651,22969,23242,60605,-0.013539323458257257
2024-06-10,23470,23470,22786,23105,33988,-0.0058945013337923235
2024-06-11,22877,23288,22695,23196,86755,0.003938541441246501
2024-06-12,23196,23288,22558,22740,80327,-0.019658561821003673
2024-06-13,22786,22786,22193,22193,81231,-0.024054529463500396
2024-06-14,21966,22740,21829,22695,232527,0.022619744964628596
2024-06-17,22786,22923,22558,22740,84688,0.00198281559814939
2024-06-18,22558,23014,22558,22786,177641,0.0020228671943711696
2024-06-19,22740,22740,22239,22650,114735,-0.005968577196524216
2024-06-20,22695,23059,22558,23059,209591,0.01805739514348792
2024-06-21,22969,23561,22969,23288,133780,0.009931046446073122
2024-06-24,23378,23470,23059,23288,144055,0.0
2024-06-25,23242,23470,23151,23470,82450,0.007815183785640611
2024-06-26,23470,25156,23470,24928,468894,0.062121857690669025
2024-06-27,24928,26204,24882,25520,358595,0.023748395378690557
2024-06-28,25749,26341,25612,26158,260089,0.02499999999999991
2024-07-01,26432,26432,25475,26295,156324,0.0052374034712134865
2024-07-02,26250,26523,25931,26295,148505,0.0
2024-07-03,26250,26614,25520,25839,132200,-0.01734169994295498
2024-07-04,25885,26158,24472,24609,180800,-0.0476024613955649
2024-07-05,24609,25156,23743,24427,130500,-0.007395668251452769
2024-07-08,24335,25156,24335,24973,89407,0.022352315061202832
2024-07-09,24654,25156,23926,24381,102212,-0.023705602050214214
2024-07-10,24518,24837,23971,24792,62347,0.016857388950412222
2024-07-11,24882,25292,24882,25111,110249,0.012867053888351077
2024-07-12,25247,25749,25019,25520,107305,0.016287682688861382
2024-07-15,25793,25885,25430,25612,70599,0.0036050156739810824
2024-07-16,25520,25703,25430,25657,48505,0.00175698891144771
2024-07-17,25703,25703,25338,25566,66289,-0.003546790349612139
2024-07-18,25338,25566,25156,25430,62317,-0.005319565047328445
2024-07-19,25703,25703,25384,25657,50173,0.008926464805347978
2024-07-22,25612,25839,25475,25566,85384,-0.003546790349612139
2024-07-23,25657,25657,25475,25612,43119,0.0017992646483611097
2024-07-24,25520,26523,25520,26341,130072,0.02846322036545379
2024-07-25,26250,26614,25657,26295,109114,-0.0017463270187160207
2024-07-26,26295,26523,26022,26523,71133,0.008670849971477379
2024-07-29,26523,27024,26523,26842,91268,0.01202729706292649
2024-07-30,26796,26888,26706,26842,68657,0.0
2024-07-31,26796,26888,26477,26842,71526,0.0
2024-08-01,26888,27526,26796,27343,225400,0.01866477907756492
2024-08-02,27207,27434,26796,27207,140790,-0.004973850711333827
2024-08-05,27115,27115,22331,23880,239853,-0.12228470614180176
2024-08-06,24245,25793,24245,25793,157523,0.08010887772194297
2024-08-07,25566,26933,25566,26796,122015,0.03888651959834055
2024-08-08,26706,27161,26523,27161,128486,0.01362143603522914
2024-08-09,27343,28027,27298,27526,151997,0.01343838592098967
2024-08-12,27572,27799,27480,27708,81585,0.006611930538400035
2024-08-13,27845,27891,27572,27708,58922,0.0
2024-08-14,27662,27891,27526,27799,75201,0.0032842500360905635
2024-08-16,27845,27891,27572,27708,51571,-0.0032734990467282454
2024-08-19,27708,27708,26706,27480,99876,-0.00822867042009523
2024-08-20,27434,27480,26523,27024,109917,-0.016593886462882068
2024-08-21,27070,27253,26660,27161,31471,0.005069567791592622
2024-08-22,27115,27389,26979,27115,34095,-0.001693604801001447
2024-08-23,27115,27161,26250,27161,58761,0.0016964779642263395
2024-08-26,27070,27343,27024,27115,47992,-0.001693604801001447
2024-08-27,27115,27572,27115,27526,88609,0.0151576618108058
2024-08-28,27572,27662,27161,27526,49918,0.0
2024-08-29,27526,27845,27389,27845,61569,0.01158904308653641
2024-08-30,27708,28529,27708,28529,130148,0.02456455377985267
2024-09-02,28711,29257,27617,28254,231976,-0.009639314381857056
2024-09-03,28346,28437,27070,28254,121246,0.0
2024-09-04,27754,28254,27434,28073,89219,-0.006406172577334224
2024-09-05,27936,28437,27572,28164,64783,0.003241548819150175
2024-09-06,28164,28300,27754,28210,83655,0.001633290725749248
2024-09-09,27891,28984,27891,28984,122603,0.02743707904998227
2024-09-10,28984,29212,28802,29167,69579,0.0063138283190726785
2024-09-11,29167,29349,28893,28984,81293,-0.006274214008982759
2024-09-12,28984,29668,28893,29576,136605,0.020425062103229363
2024-09-13,29576,29895,29576,29759,75687,0.006187449283202584
2024-09-19,29850,30579,29850,30534,188117,0.0260425417520751
2024-09-20,30807,33086,30715,33086,372897,0.0835789611580533
2024-09-23,33086,33451,31810,33176,246127,0.002720183763525341
2024-09-24,33451,35318,33314,35137,359170,0.05910899445382212
2024-09-25,34909,35045,30442,31856,474184,-0.09337735150980453
2024-09-26,31901,33222,31856,33086,139505,0.03861125062782511
2024-09-27,33040,33724,32903,33451,68715,0.011031856374297266
2024-09-30,33359,33678,32584,33359,52195,-0.002750291471106947
2024-10-02,33222,33541,32265,33086,103375,-0.00818369855211487
2024-10-04,33222,34544,33176,34453,143083,0.04131656894154623
2024-10-07,34590,35000,34407,34726,120608,0.007923838272429151
2024-10-08,34636,35182,34636,34909,103389,0.005269826642861242
2024-10-10,34955,36002,34863,35957,178807,0.030020911512790294
2024-10-11,35820,36139,35820,36002,77739,0.0012514948410602411
2024-10-14,36276,36458,35683,36458,151923,0.012665963002055358
2024-10-15,36823,36823,34681,35912,214853,-0.014976136924680472
2024-10-16,36048,36048,35729,35912,88691,0.0
2024-10-17,35912,36048,35637,35912,108764,0.0
2024-10-18,35957,36094,35045,35547,111310,-0.010163733570951239
2024-10-21,35364,35683,34362,34362,178336,-0.03333614651025407
2024-10-22,34362,34362,31856,34134,262274,-0.006635236598568239
2024-10-23,34043,34453,32676,34043,100778,-0.0026659635553992755
2024-10-24,33770,34407,33770,34271,32413,0.006697412096466238
2024-10-25,33587,34681,33541,34362,49518,0.002655306235592736
2024-10-28,34134,34271,33132,34043,62502,-0.009283510855014221
2024-10-29,34453,34453,33724,34043,13176,0.0
2024-10-30,33860,35182,33860,35045,60103,0.029433363687101588
2024-10-31,35045,35820,34726,35274,68779,0.00653445569981459
2024-11-01,35547,35593,35091,35501,68577,0.0064353348075070205
2024-11-04,35456,35729,34772,35501,52857,0.0
2024-11-05,35501,36048,35045,35637,70757,0.003830878003436622
2024-11-06,35364,35729,33906,35137,132827,-0.014030361702724647
2024-11-07,35318,35318,34271,34817,47811,-0.00910720892506478
2024-11-08,35045,35091,34498,35000,51072,0.00525605307751964
2024-11-11,35000,35820,34817,35364,90058,0.010399999999999965
2024-11-12,35364,37460,35364,37324,271605,0.055423594615993776
2024-11-13,37871,38144,35729,37324,253035,0.0
2024-11-14,37324,38555,36732,37643,232837,0.00854677955203087
2024-11-15,37643,37643,36595,37324,81724,-0.008474351140982384
2024-11-18,37051,37506,37051,37370,111258,0.0012324509698853348
2024-11-19,37142,38828,37051,38600,308445,0.03291410222103286
2024-11-20,38737,38828,37370,38737,103750,0.003549222797927465
2024-11-21,38737,38737,38737,38737,0,0.0
2024-11-22,38737,38737,38737,38737,0,0.0
2024-11-25,38737,38737,38737,38737,0,0.0
2024-11-26,38737,38737,38737,38737,0,0.0
2024-11-27,38737,38737,38737,38737,0,0.0
2024-11-28,38737,38737,38737,38737,0,0.0
2024-11-29,38737,38737,38737,38737,0,0.0
2024-12-02,38737,38737,38737,38737,0,0.0
2024-12-03,38737,38737,38737,38737,0,0.0
2024-12-04,38737,38737,38737,38737,0,0.0
2024-12-05,38737,38737,38737,38737,0,0.0
2024-12-06,38737,38737,38737,38737,0,0.0
2024-12-09,38737,38737,38737,38737,0,0.0
2024-12-10,38737,38737,38737,38737,0,0.0
2024-12-11,38737,38737,38737,38737,0,0.0
2024-12-12,41016,42292,39010,42292,644491,0.0917727237524848
2024-12-13,42292,46303,41927,45208,494444,0.06894921025252998
2024-12-16,45162,46393,45118,46120,190857,0.020173420633516237
2024-12-17,46120,46758,45938,46303,159985,0.003967909800520308
2024-12-18,46303,46667,46029,46303,135051,0.0
2024-12-19,45573,46667,45300,46576,111633,0.005895946266980534
2024-12-20,46576,46758,46120,46667,135719,0.0019537959464102084
2024-12-23,46667,46941,46303,46576,269689,-0.001949986071528076
2024-12-24,46393,46758,46029,46484,246279,-0.001975266231535544
2024-12-26,46576,46941,46303,46667,704245,0.003936838482058391
2024-12-27,46763,48096,42239,46620,267876,-0.0010071356633166717
2024-12-30,46572,46858,45763,46858,169912,0.005105105105105201
2025-01-02,46858,47239,46572,46953,108608,0.002027401937769513
2025-01-03,46810,47143,44762,46905,131048,-0.0010222988946393397
2025-01-06,46858,46858,45953,46810,63337,-0.002025370429591722
2025-01-07,46810,47096,46429,46763,50597,-0.0010040589617602569
2025-01-08,46477,46905,46239,46715,48081,-0.0010264525372624123
2025-01-09,46667,46858,46429,46810,41559,0.00203360804880659
2025-01-10,46810,46810,46429,46763,63815,-0.0010040589617602569
2025-01-13,46763,47810,46620,47810,126917,0.02238949596903539
2025-01-14,47810,47905,47429,47715,20235,-0.0019870320016732723
2025-01-15,47905,47905,47382,47524,38472,-0.004002934087813048
2025-01-16,47334,47715,47286,47620,41820,0.0020200319838397096
2025-01-17,47620,47620,47286,47572,76015,-0.0010079798404032392
2025-01-20,47429,47572,45334,47572,90741,0.0
2025-01-21,47477,47524,46667,47429,29076,-0.0030059698982595195
2025-01-22,46953,47429,46858,47334,47149,-0.0020029939488498405
2025-01-23,47286,47382,47001,47286,46511,-0.0010140702243630617
2025-01-24,47286,47715,47143,47620,66247,0.007063401429598715
2025-01-31,47477,47620,47286,47334,31420,-0.00600587988240231
2025-02-03,47096,47334,45810,46953,68528,-0.008049182405881594
2025-02-04,46953,47334,46191,46763,59452,-0.004046599791280636
2025-02-05,46715,47143,45810,46858,75577,0.002031520646665008
2025-02-06,46763,46763,45858,46334,42695,-0.011182722267275569
2025-02-07,46239,46429,42953,43667,154284,-0.05756032287305224
2025-02-10,43334,43715,39715,43572,205656,-0.002175555911786975
2025-02-11,43524,44572,43334,43953,70029,0.00874414761773612
2025-02-12,43858,44953,43715,44667,44623,0.016244624940277008
2025-02-13,44572,45810,44572,45334,70137,0.014932724382653806
2025-02-14,45810,45953,45524,45715,98359,0.008404288172232821
2025-02-17,45715,46143,45143,45620,86177,-0.0020780925298041764
2025-02-18,45810,45810,44715,45477,116039,-0.0031345900920648484
2025-02-19,45286,45905,44477,45048,101187,-0.009433339930074558
2025-02-20,44810,45001,42905,43286,48320,-0.03911383413248093
2025-02-21,43334,44810,43334,44762,41588,0.03409878482650286
2025-02-24,44620,44905,43381,44762,47277,0.0
2025-02-25,44762,44905,43858,44667,44014,-0.0021223359099236117
2025-02-26,44810,44810,44382,44667,23381,0.0
2025-02-27,44715,44715,43572,44524,30050,-0.0032014686457563224
2025-02-28,44524,44667,43715,44477,81474,-0.0010556104572814196
2025-03-04,44334,44858,43096,44001,60008,-0.010702160667311222
2025-03-05,43810,44477,43620,44048,35690,0.0010681575418740596
2025-03-06,44048,44096,43667,43953,46301,-0.002156738103886724
2025-03-07,44001,44001,42953,43572,62401,-0.008668350283257076
2025-03-10,43572,44286,43096,44143,28323,0.013104746167263315
2025-03-11,43381,44096,43334,43715,41392,-0.009695761502389932
2025-03-12,43429,43620,42620,42905,35072,-0.018529109001486854
2025-03-13,42905,43239,41429,42239,42222,-0.015522666355902603
2025-03-14,42239,43762,42096,43620,66130,0.032694902814934146
2025-03-17,43620,44429,42858,43762,32849,0.0032553874369554148
2025-03-18,43810,44048,43477,43715,40798,-0.0010739911338604191
2025-03-19,43620,43905,42953,42953,42095,-0.017431087727324712
2025-03-20,42953,43429,42191,42572,32525,-0.008870160407887684
2025-03-21,42572,44191,41620,42905,739611,0.00782204265714559
2025-03-24,43524,43524,42239,42810,61625,-0.002214194149866011
2025-03-25,42620,43191,42096,42667,47387,-0.003340341041812689
2025-03-26,42667,43286,40905,42001,93291,-0.015609253052710548
2025-03-27,42381,44286,41334,44143,92442,0.050998785743196606
2025-03-28,44810,46429,43810,45905,173888,0.039915728428063346
2025-03-31,45715,45715,43286,44572,105477,-0.029038231129506542
2025-04-01,44286,44524,43286,44524,98179,-0.0010769092703939442
2025-04-02,44334,44667,43572,44286,41558,-0.0053454316772976185
2025-04-03,44191,44239,43239,44143,38397,-0.0032290114257327307
2025-04-04,43381,44143,40953,42715,93674,-0.03234940987245993
2025-04-07,40953,42524,39477,41000,49945,-0.04014983027039687
2025-04-08,41143,42048,40715,40953,40965,-0.0011463414634146352
2025-04-09,40953,41858,38048,38429,57180,-0.061631626498669156
2025-04-10,39524,40477,37953,39381,47277,0.024772957922402306
2025-04-11,38429,40810,38429,40810,33093,0.036286534115436364
2025-04-14,40286,40810,39381,40667,36276,-0.0035040431266846195
2025-04-15,39762,40667,39620,40572,33561,-0.0023360464258489477
2025-04-16,39810,40572,39620,40477,28613,-0.002341516316671566
2025-04-17,39620,40572,39620,40381,33971,-0.002371717271536955
2025-04-18,39858,42239,39858,41858,33673,0.03657660781060401
2025-04-21,41905,42381,41429,41858,32500,0.0
2025-04-22,41334,41905,41334,41810,13804,-0.001146734196569299
2025-04-23,41381,41858,39858,41762,33268,-0.0011480507055727784
2025-04-24,41905,42001,41143,41667,24666,-0.0022747952684258888
2025-04-25,42191,43334,41524,41762,48235,0.002279981760145988
2025-04-28,41381,41381,39381,39667,89275,-0.050165221972127805
2025-04-29,39096,39620,36381,39620,183906,-0.0011848639927395377
2025-04-30,38810,39477,38524,39381,33493,-0.006032306915699115
2025-05-02,39239,39286,38619,39143,31721,-0.00604352352657378
2025-05-07,38334,39000,37953,38667,25998,-0.012160539560074568
2025-05-08,38096,38572,38096,38334,18935,-0.008611994724183392
2025-05-09,37905,38953,36667,37858,54142,-0.012417175353472087
2025-05-12,37191,37572,32857,34286,151070,-0.09435258069628616
2025-05-13,34286,35048,33857,34048,25658,-0.006941608819926448
2025-05-14,33810,34667,33715,34524,31542,0.01398026315789469
2025-05-15,34286,34953,33857,34191,17888,-0.009645464025026085
2025-05-16,33857,35572,33667,35334,47773,0.0334298499605159
2025-05-19,34667,35477,33810,35334,28803,0.0
2025-05-20,34905,35477,34715,35286,28415,-0.001358464934623882
2025-05-21,34857,35191,34572,35096,33250,-0.005384571784843861
2025-05-22,34667,35096,34381,35048,42533,-0.0013676772281741023
2025-05-23,34762,35667,34762,35286,34946,0.006790687057749434
2025-05-26,34857,35715,34619,35238,71470,-0.0013603128719605895
2025-05-27,35619,35619,33667,34048,49473,-0.03377036154151769
2025-05-28,34096,34096,31762,32000,82052,-0.06015037593984962
2025-05-29,32096,32238,29572,31572,85270,-0.013375000000000026
2025-05-30,31810,32096,31000,31715,47387,0.00452932978588616
2025-06-02,31524,32476,31238,32191,32709,0.01500867097587899
2025-06-04,31857,32715,31857,32286,27729,0.0029511354105185017
2025-06-05,31953,33524,31953,33096,33064,0.025088273555101237
2025-06-09,34048,36096,33334,35429,55194,0.07049190234469416
2025-06-10,35619,35715,34953,35619,32343,0.005362838352761967
2025-06-11,35619,36858,35429,36619,51352,0.028074903843454235
2025-06-12,36381,37381,36096,36477,52930,-0.0038777683716103573
2025-06-13,36477,36477,33715,35905,113110,-0.015681114126710027
2025-06-16,34810,36096,34572,35953,44803,0.001336861161398195
2025-06-17,36000,37238,35572,36858,68044,0.025171752009568005
2025-06-18,36334,37096,36286,36762,21261,-0.0026045905909164446
2025-06-19,36477,37096,36286,37096,22392,0.009085468690495535
2025-06-20,37048,37715,36858,37143,82165,0.0012669829631226648
2025-06-23,36810,37143,36429,36762,53917,-0.01025765285518132
2025-06-24,36762,37524,35524,36858,97209,0.002611392198465845
2025-06-25,36572,37858,36096,37524,76470,0.018069347224483057
2025-06-26,37619,37762,36477,37381,43493,-0.003810894360942285
2025-06-27,38096,38572,37619,37667,56974,0.007650945667585063
2025-06-30,37572,37572,36429,36858,73941,-0.02147768603817668
2025-07-01,37905,40000,36381,40000,219900,0.08524607954853769
2025-07-02,39572,39858,38096,38953,99855,-0.02617499999999995
2025-07-03,39334,40000,38572,40000,52728,0.02687854593997896
2025-07-04,40143,40143,38143,38953,70169,-0.02617499999999995
2025-07-07,38572,39905,38096,39000,37450,0.0012065822914795188
2025-07-08,39143,39953,37572,39667,95073,0.017102564102564166
2025-07-09,40143,40620,39381,40048,70539,0.00960496130284616
2025-07-10,39858,40477,39524,40429,69635,0.009513583699560568
2025-07-11,40429,40715,40000,40429,61473,0.0
2025-07-14,40429,40858,40191,40239,24154,-0.004699596824061958
2025-07-15,40000,40429,39810,40429,17597,0.004721787320758564
2025-07-16,40381,40715,39953,40429,27459,0.0
2025-07-17,40477,40524,39334,40334,40700,-0.002349798412030979
2025-07-18,40239,41000,39810,40810,63738,0.011801457827143258
2025-07-21,41143,41334,40572,40905,67183,0.0023278608184269522
2025-07-22,40810,40953,40191,40810,34942,-0.0023224544676689884
2025-07-23,40810,41286,39953,40524,27413,-0.007008086253369239
2025-07-24,40715,40858,40286,40572,45001,0.0011844832691738638
2025-07-25,40572,40667,40381,40524,21407,-0.001183081928423535
2025-07-28,40620,40620,38905,40381,120167,-0.0035287730727470157
2025-07-29,40572,40572,39334,40286,53136,-0.0023525915653401785
2025-07-30,40239,41381,40239,41239,77102,0.023655860596733413
2025-07-31,41429,41429,40572,40715,36695,-0.012706418681345366
2025-08-01,40000,40715,39858,40191,58572,-0.012869949650006096
2025-08-04,39572,40381,38429,40239,51074,0.0011942972307232846
2025-08-05,40048,41953,39858,41048,95493,0.020104873381545207
2025-08-06,40762,41096,40096,41000,32275,-0.0011693626973299232
2025-08-07,40858,41429,40810,41239,34147,0.005829268292682821
2025-08-08,41143,41715,41143,41286,26336,0.0011396978588229523
2025-08-11,41858,41858,40715,40858,26930,-0.010366710264980816
2025-08-12,39905,40858,39572,40667,79534,-0.004674727103627152
2025-08-13,40048,40953,40048,40620,38437,-0.0011557282317358197
2025-08-14,40477,41620,40477,41096,64515,0.01171836533727233
2025-08-18,41334,41572,38572,39143,102976,-0.04752287327233795
2025-08-19,38619,39286,38143,39048,43514,-0.0024269984416115387
2025-08-20,38381,39048,38381,39000,37739,-0.0012292562999385304
2025-08-21,38858,39477,38667,39000,19079,0.0
2025-08-22,38762,39715,38762,39239,25760,0.006128205128205222
2025-08-25,39191,39762,39048,39572,13659,0.00848645480261978
2025-08-26,39572,39620,37238,39429,24840,-0.0036136662286465615
2025-08-27,39429,39810,39143,39429,22717,0.0
2025-08-28,39191,39524,39143,39381,25130,-0.0012173780719775262
2025-08-29,39143,39477,39000,39191,38916,-0.004824661638861416
2025-09-01,39048,39191,37286,38143,102926,-0.02674083335459676
2025-09-02,38286,38477,35381,38048,107978,-0.0024906273759274233
2025-09-03,37286,37667,36715,36715,86904,-0.03503469301934403
2025-09-04,36429,36429,33762,33953,131431,-0.07522810840256022
2025-09-05,34048,34048,33191,33286,35730,-0.019644803110181686
2025-09-08,33191,33619,32905,33286,20264,0.0
2025-09-09,33334,34096,33143,33524,29978,0.007150153217568844
2025-09-10,33286,34286,33286,34143,28734,0.018464383725092404
2025-09-11,34143,34762,33810,34762,61674,0.018129631256772916
2025-09-12,34477,35524,34477,35429,51447,0.019187618664058492
2025-09-15,35000,35715,35000,35429,46358,0.0
2025-09-16,35381,35477,34524,35143,32193,-0.008072482994157304
2025-09-17,35143,35381,34715,35143,18231,0.0
2025-09-18,34810,35429,34572,35238,29535,0.002703241043735538
2025-09-19,35238,35429,34905,34953,85854,-0.008087859696918054
2025-09-22,35048,35238,34000,34905,37747,-0.0013732726804566164
2025-09-23,34524,34953,24476,24476,758927,-0.29878240939693457
2025-09-24,20952,22238,19524,20476,1289373,-0.16342539630658603
2025-09-25,20476,21429,19619,19857,1169773,-0.03023051377222119
2025-09-26,19048,21143,19048,20905,818463,0.05277735811049
2025-09-29,20667,20714,19762,19857,339059,-0.05013154747668025
2025-09-30,20095,20095,19238,19429,201131,-0.021554111900085604
2025-10-01,19286,20095,19095,19476,319976,0.0024190642853465505
2025-10-02,19524,19714,19095,19524,195020,0.0024645717806530687
2025-10-10,19476,19524,18809,18809,255556,-0.036621593935668884
2025-10-13,18095,18333,17857,17905,266868,-0.04806209793184113
2025-10-14,17486,19190,17448,18876,624172,0.05423066182630554
2025-10-15,18924,19381,18467,19381,119069,0.026753549480822203
2025-10-16,19190,19476,18867,19143,82811,-0.0122800681079408
2025-10-17,19009,19048,18152,18267,99489,-0.0457608525309513
2025-10-20,18657,18762,18133,18667,57781,0.021897410631192882
2025-10-21,18667,18829,18095,18524,70697,-0.0076605774896877366
2025-10-22,18705,19286,18457,18981,78809,0.024670697473547776
2025-10-23,19095,19095,18543,18638,45804,-0.018070702281228646
2025-10-24,18648,19143,18581,18990,77580,0.018886146582251406
2025-10-27,19000,19238,18743,18809,91271,-0.009531332280147464
2025-10-28,18933,18933,18352,18409,86742,-0.02126641501408899
2025-10-29,18571,18571,17924,17962,82121,-0.024281601390624186
2025-10-30,17714,18076,17048,17600,172692,-0.020153657721857288
2025-10-31,17590,17762,17219,17219,65375,-0.021647727272727235
2025-11-03,16971,17333,16714,16819,138482,-0.02323015273825424
2025-11-04,16619,17086,16619,17009,97800,0.011296747725786371
2025-11-05,16943,17000,16352,16619,100534,-0.02292903756834619
2025-11-06,16619,17086,16619,16752,60767,0.008002888260424834
2025-11-07,16390,16943,16238,16362,53369,-0.02328080229226359
2025-11-10,16314,16990,16305,16981,75379,0.03783156093387108
2025-11-11,16686,17219,16428,16467,50553,-0.03026912431541129
2025-11-12,16467,16990,16428,16638,156107,0.010384405173984312
2025-11-13,16667,16943,16505,16828,26344,0.01141964178386834
2025-11-14,16438,16676,16276,16409,72122,-0.024898977893986207
2025-11-17,16619,16619,15647,15828,82509,-0.03540739837893836
2025-11-18,15247,15752,15038,15152,388936,-0.042709123073035093
2025-11-19,15133,16190,14981,16143,131903,0.06540390707497368
2025-11-20,15990,17019,15981,16571,113966,0.026513039707613206
2025-11-21,16352,17800,16267,16905,204030,0.02015569368173309
2025-11-24,16905,17105,16533,16638,419538,-0.015794143744454314
2025-11-25,17048,17238,16209,16343,72184,-0.01773049645390068
2025-11-26,16248,17190,16248,17028,79831,0.04191396928348534
2025-11-27,17162,17876,17162,17590,135310,0.03300446323702144
2025-11-28,17609,18829,17562,18771,208851,0.06714042069357595
2025-12-01,18905,20000,18857,19143,146219,0.019817804059453437
2025-12-02,19038,19571,18105,19429,205421,0.014940187013529727
2025-12-03,19619,20143,19190,20000,102246,0.02938905759431787
2025-12-04,20048,20048,19048,19286,60769,-0.035699999999999954
2025-12-05,18971,19619,18971,19381,50507,0.004925852950326659
2025-12-08,19476,19476,18743,19238,72816,-0.0073783602497291545
2025-12-09,19238,19619,19000,19429,31939,0.009928266971618749
2025-12-10,19476,19952,19238,19429,86282,0.0
2025-12-11,19810,21762,19429,21667,214561,0.11518863554480419
2025-12-12,22619,22667,20000,20286,263392,-0.0637374809618314
2025-12-15,20476,20667,19429,19619,110826,-0.03287981859410427
2025-12-16,19476,19905,19190,19333,150002,-0.014577705285692466
2025-12-17,19476,19667,19048,19333,55006,0.0
2025-12-18,19048,19286,18857,18924,75511,-0.021155537164433857
2025-12-19,19238,19286,18743,19143,60776,0.011572606214331094
2025-12-22,19095,20190,19048,19810,48705,0.03484302355952562
2025-12-23,19476,19952,19238,19524,117882,-0.014437152953054033
2025-12-24,19571,19714,19381,19571,32854,0.0024072935873795664
2025-12-26,19524,20048,19333,19810,110137,0.012211946246998062
2025-12-29,20000,20200,19440,19700,69550,-0.005552751135790013
2025-12-30,19820,20100,19490,19650,34517,-0.0025380710659898
2026-01-02,19650,19650,18640,18800,85983,-0.043256997455470736
2026-01-05,18990,19470,18860,19430,31366,0.033510638297872264
2026-01-06,19760,20550,19580,20350,50626,0.04734945959855885
2026-01-07,20350,20350,19840,19840,45084,-0.025061425061425058
2026-01-08,19900,20000,19360,19370,70052,-0.02368951612903225
2026-01-09,19800,19840,19150,19210,43800,-0.00826019617965923
2026-01-12,19800,20500,19650,20000,47379,0.041124414367516904
2026-01-13,20000,20250,19800,20200,28718,0.010000000000000009
2026-01-14,20350,20350,19710,20050,49879,-0.007425742574257432
2026-01-15,19860,20150,19800,19930,21614,-0.0059850374064838174
2026-01-16,19850,20450,19850,20100,36651,0.008529854490717526
2026-01-19,19980,20500,19950,20350,87359,0.01243781094527363
2026-01-20,20450,21050,20100,20350,53826,0.0
2026-01-21,19960,20050,19140,19440,84211,-0.044717444717444765
2026-01-22,19540,20250,19470,19980,57320,0.02777777777777768
2026-01-23,20000,20300,19800,20100,40078,0.006006006006006093
2026-01-26,20150,20450,20000,20400,39053,0.014925373134328401
2026-01-27,19680,20400,19370,20100,152833,-0.014705882352941124
2026-01-28,20150,20500,20000,20250,34308,0.00746268656716409
2026-01-29,20050,20300,19710,20050,76689,-0.00987654320987652
2026-01-30,20250,21000,19910,20000,122934,-0.0024937655860348684
2026-02-02,19950,20000,19260,19390,110540,-0.03049999999999997
2026-02-03,19570,20400,19570,20300,106771,0.04693140794223827
2026-02-04,20300,21500,20150,21400,150069,0.054187192118226646
2026-02-05,21600,22000,20600,20950,78377,-0.0210280373831776
2026-02-06,20100,20650,19880,20650,93536,-0.014319809069212375
2026-02-09,21000,21250,20700,21000,59180,0.016949152542372836
2026-02-10,21150,21600,20700,21400,75561,0.01904761904761898
2026-02-11,21950,22450,21400,21850,129625,0.02102803738317749
2026-02-12,21950,23800,21550,23550,171702,0.0778032036613272
2026-02-13,24000,24150,23050,23300,128488,-0.010615711252653925
2026-02-19,24000,25600,23350,24800,143071,0.06437768240343344
2026-02-20,25250,25350,24050,24800,88353,0.0
