Date,Open,High,Low,Close,Volume,Change
2022-01-03,6520,6650,6460,6520,19512,0.0
2022-01-04,6500,6580,6400,6500,21660,-0.0030674846625766694
2022-01-05,6500,6560,6320,6510,26191,0.0015384615384614886
2022-01-06,6540,6560,6350,6350,16714,-0.02457757296466978
2022-01-07,6260,6390,6260,6350,20784,0.0
2022-01-10,6340,6340,6050,6100,30995,-0.03937007874015752
2022-01-11,6100,6140,6040,6090,18781,-0.0016393442622950616
2022-01-12,6280,6280,6090,6160,8054,0.011494252873563315
2022-01-13,6150,6200,6100,6140,17158,-0.0032467532467532756
2022-01-14,6140,6180,6080,6180,21627,0.006514657980456029
2022-01-17,6280,6280,6050,6080,15859,-0.016181229773462813
2022-01-18,6200,6200,5990,5990,11569,-0.014802631578947345
2022-01-19,5850,6090,5850,5910,11150,-0.013355592654423987
2022-01-20,5960,6120,5830,6050,12852,0.02368866328257191
2022-01-21,6150,6150,5940,5940,11980,-0.018181818181818188
2022-01-24,6040,6040,5810,5890,28032,-0.008417508417508435
2022-01-25,5970,5970,5560,5560,48231,-0.05602716468590829
2022-01-26,5590,5620,5460,5510,14406,-0.008992805755395739
2022-01-27,5510,5560,5310,5320,41935,-0.03448275862068961
2022-01-28,5320,5630,5170,5490,27775,0.03195488721804507
2022-02-03,5590,5690,5490,5630,13786,0.02550091074681249
2022-02-04,5600,6230,5600,6080,47448,0.07992895204262873
2022-02-07,6080,6450,6060,6390,57518,0.05098684210526305
2022-02-08,6350,6450,6210,6310,32357,-0.012519561815336422
2022-02-09,6310,6570,6310,6570,40905,0.04120443740095081
2022-02-10,6750,6800,6530,6680,49385,0.016742770167427645
2022-02-11,6570,6760,6410,6550,46361,-0.019461077844311392
2022-02-14,6430,6500,6270,6390,25210,-0.02442748091603053
2022-02-15,6340,6600,6210,6370,47941,-0.003129890453834161
2022-02-16,6450,6530,6360,6490,20653,0.018838304552590168
2022-02-17,6500,7050,6480,6740,177206,0.03852080123266566
2022-02-18,6740,6990,6680,6960,116270,0.03264094955489605
2022-02-21,6850,7130,6820,6960,70594,0.0
2022-02-22,6760,7000,6700,6700,67246,-0.03735632183908044
2022-02-23,6800,7040,6710,6890,83577,0.028358208955223896
2022-02-24,6880,6940,6660,6730,71244,-0.023222060957910018
2022-02-25,6800,6890,6650,6680,28215,-0.007429420505200568
2022-02-28,6750,6860,6600,6780,25875,0.014970059880239583
2022-03-02,6760,6930,6720,6750,33170,-0.004424778761061954
2022-03-03,6760,6890,6760,6840,36237,0.01333333333333342
2022-03-04,6840,6840,6630,6730,38449,-0.016081871345029253
2022-03-07,6690,6700,6470,6510,24344,-0.03268945022288261
2022-03-08,6450,6450,6310,6330,34758,-0.027649769585253448
2022-03-10,6430,6520,6330,6420,13569,0.014218009478673022
2022-03-11,6370,6630,6370,6600,19808,0.028037383177569986
2022-03-14,6580,6700,6360,6360,30066,-0.036363636363636376
2022-03-15,6000,6180,5980,6090,66601,-0.04245283018867929
2022-03-16,6150,6380,6100,6240,11165,0.024630541871921263
2022-03-17,6350,6350,5910,6240,41868,0.0
2022-03-18,6200,6290,6060,6200,73799,-0.0064102564102563875
2022-03-21,6200,6380,6180,6270,23760,0.011290322580645107
2022-03-22,6270,6320,6190,6240,19703,-0.004784688995215336
2022-03-23,6210,6250,6120,6160,33625,-0.012820512820512775
2022-03-24,6100,6180,6000,6100,49129,-0.009740259740259716
2022-03-25,6060,6160,6040,6160,23292,0.009836065573770592
2022-03-28,6160,6160,6040,6110,39003,-0.008116883116883078
2022-03-29,6170,6230,6100,6170,40068,0.009819967266775809
2022-03-30,6250,6270,6100,6210,44233,0.006482982171799101
2022-03-31,6240,6330,6230,6320,14484,0.017713365539452575
2022-04-01,6200,7100,6200,7050,309125,0.115506329113924
2022-04-04,7500,7560,7170,7200,329940,0.02127659574468077
2022-04-05,7200,7420,7050,7380,102481,0.02499999999999991
2022-04-06,7380,7410,7180,7260,51077,-0.016260162601625994
2022-04-07,7260,7290,6910,6960,54866,-0.04132231404958675
2022-04-08,7010,7120,6800,7000,42829,0.005747126436781658
2022-04-11,7010,7150,6720,6820,73010,-0.02571428571428569
2022-04-12,6800,6830,6520,6790,50323,-0.004398826979472137
2022-04-13,6740,6950,6600,6940,30168,0.022091310751104487
2022-04-14,6990,7300,6990,7180,98615,0.03458213256484144
2022-04-15,7180,7180,7020,7060,24274,-0.01671309192200554
2022-04-18,7130,7530,7110,7330,90739,0.0382436260623229
2022-04-19,7450,7470,6980,7260,67682,-0.009549795361528002
2022-04-20,7380,7430,7270,7300,39683,0.005509641873278293
2022-04-21,7370,7420,7270,7390,41022,0.012328767123287676
2022-04-22,7390,7390,7190,7290,24308,-0.013531799729364025
2022-04-25,7200,7280,7050,7100,30440,-0.026063100137174167
2022-04-26,7120,7220,7060,7220,25256,0.016901408450704203
2022-04-27,6890,7220,6890,7090,31731,-0.018005540166205036
2022-04-28,7280,7450,7150,7330,72688,0.03385049365303239
2022-04-29,7420,8430,7400,7650,613775,0.043656207366985056
2022-05-02,7680,8120,7550,7560,203939,-0.0117647058823529
2022-05-03,7680,7680,7340,7340,77213,-0.02910052910052907
2022-05-04,7340,7340,6810,7150,59717,-0.02588555858310626
2022-05-06,7100,7100,6920,7040,45764,-0.01538461538461533
2022-05-09,7020,7210,6830,6940,56594,-0.014204545454545414
2022-05-10,6830,6880,6500,6830,76654,-0.015850144092218965
2022-05-11,6830,7130,6820,7000,35594,0.02489019033674955
2022-05-12,7000,7060,6780,6800,52544,-0.02857142857142858
2022-05-13,6820,7020,6800,6870,19050,0.010294117647058787
2022-05-16,7010,7150,6980,7070,26958,0.02911208151382816
2022-05-17,7190,7190,7000,7120,29242,0.007072135785006983
2022-05-18,7140,7190,7070,7070,12857,-0.0070224719101124045
2022-05-19,6880,7070,6870,7070,22124,0.0
2022-05-20,7010,7200,6970,7200,26865,0.018387553041018467
2022-05-23,7220,7220,7060,7150,17398,-0.00694444444444442
2022-05-24,7100,7150,7000,7020,23182,-0.018181818181818188
2022-05-25,6950,7060,6870,6950,14301,-0.009971509971509973
2022-05-26,6950,7110,6920,6930,11876,-0.0028776978417266452
2022-05-27,6850,7100,6850,7040,18421,0.015873015873015817
2022-05-30,7040,7250,7000,7230,29455,0.026988636363636465
2022-05-31,7250,7400,7200,7260,36051,0.004149377593360981
2022-06-02,7260,7260,7100,7110,18228,-0.02066115702479343
2022-06-03,7140,7260,7100,7100,39544,-0.0014064697609000865
2022-06-07,7060,7160,6990,7040,12773,-0.008450704225352101
2022-06-08,7070,7100,6970,6970,10839,-0.009943181818181768
2022-06-09,7070,7170,6850,6900,20369,-0.010043041606886627
2022-06-10,6900,7080,6810,6960,5027,0.008695652173912993
2022-06-13,6810,6810,6210,6560,46554,-0.05747126436781613
2022-06-14,6320,6500,6260,6400,23818,-0.024390243902439046
2022-06-15,6270,6490,6180,6240,20142,-0.025000000000000022
2022-06-16,6260,6540,6190,6260,11941,0.0032051282051281937
2022-06-17,6100,6250,5960,6060,74591,-0.03194888178913735
2022-06-20,6060,6350,5640,5750,31506,-0.051155115511551164
2022-06-21,5640,5840,5640,5830,17368,0.013913043478260834
2022-06-22,5780,5860,5430,5460,46277,-0.0634648370497427
2022-06-23,5460,5580,5100,5100,50364,-0.06593406593406592
2022-06-24,4915,5440,4915,5360,40084,0.050980392156862786
2022-06-27,5360,5610,5290,5460,37326,0.018656716417910557
2022-06-28,5460,5600,5370,5410,24871,-0.009157509157509125
2022-06-29,5400,5600,5330,5540,18660,0.02402957486136792
2022-06-30,5600,5650,5330,5340,23998,-0.03610108303249093
2022-07-01,5240,5420,5040,5080,46957,-0.048689138576779034
2022-07-04,5080,5190,5000,5010,22232,-0.013779527559055094
2022-07-05,5020,5250,5020,5020,13874,0.001996007984031989
2022-07-06,5020,5160,4950,4950,18140,-0.013944223107569709
2022-07-07,5010,5630,5010,5300,160591,0.07070707070707072
2022-07-08,5330,5410,5260,5260,17299,-0.007547169811320753
2022-07-11,5400,5450,5250,5270,256556,0.0019011406844107182
2022-07-12,5320,5800,5030,5030,164458,-0.04554079696394686
2022-07-13,4915,5110,4915,5040,94997,0.001988071570576455
2022-07-14,5040,5500,5000,5500,62552,0.09126984126984117
2022-07-15,5400,5580,5340,5400,26209,-0.018181818181818188
2022-07-18,5400,5460,5340,5370,23669,-0.005555555555555536
2022-07-19,5370,5430,5200,5340,17855,-0.005586592178770999
2022-07-20,5590,5590,5340,5380,18892,0.0074906367041198685
2022-07-21,5480,5480,5330,5370,12697,-0.0018587360594795044
2022-07-22,5370,5490,5340,5410,11862,0.007448789571694592
2022-07-25,5360,5490,5270,5410,6837,0.0
2022-07-26,5480,5480,5300,5300,8618,-0.020332717190388205
2022-07-27,5480,5480,5250,5380,9564,0.015094339622641506
2022-07-28,5440,5480,5300,5350,27642,-0.005576208178438624
2022-07-29,5270,5470,5270,5310,19646,-0.00747663551401867
2022-08-01,5330,5430,5180,5180,27099,-0.024482109227871973
2022-08-02,5210,5400,5100,5110,24642,-0.013513513513513487
2022-08-03,5240,5270,5110,5200,23905,0.017612524461839474
2022-08-04,5210,5340,5200,5270,14918,0.013461538461538414
2022-08-05,5350,5410,5260,5400,25799,0.024667931688804545
2022-08-08,5350,5480,5300,5370,8057,-0.005555555555555536
2022-08-09,5370,5420,5260,5320,6998,-0.009310986964618295
2022-08-10,5340,5340,5180,5200,13851,-0.022556390977443663
2022-08-11,5270,5330,5210,5290,16373,0.017307692307692246
2022-08-12,5350,5590,5100,5230,37661,-0.011342155009451793
2022-08-16,5230,5330,5220,5320,15458,0.017208413001912115
2022-08-17,5400,5400,5250,5330,14039,0.001879699248120259
2022-08-18,5280,5450,5210,5340,11855,0.0018761726078799779
2022-08-19,5360,5430,5310,5350,10691,0.001872659176029856
2022-08-22,5350,5410,5300,5320,13514,-0.005607476635513975
2022-08-23,5200,5290,5200,5210,12058,-0.020676691729323293
2022-08-24,5210,5330,5180,5280,12982,0.013435700575815668
2022-08-25,5280,5450,5280,5430,23239,0.02840909090909083
2022-08-26,5480,5790,5460,5500,39271,0.012891344383057168
2022-08-29,5250,5350,5250,5260,26675,-0.043636363636363584
2022-08-30,5260,5700,5260,5530,50824,0.05133079847908739
2022-08-31,5590,5800,5480,5660,48149,0.02350813743218816
2022-09-01,5660,5890,5600,5620,44476,-0.007067137809187329
2022-09-02,5610,5730,5560,5630,23432,0.001779359430605032
2022-09-05,5520,5690,5520,5530,12580,-0.017761989342806372
2022-09-06,5530,5830,5530,5630,10576,0.018083182640144635
2022-09-07,5740,5740,5470,5470,22230,-0.028419182948490218
2022-09-08,5500,5640,5450,5450,7693,-0.003656307129798919
2022-09-13,5530,5640,5520,5570,9184,0.022018348623853212
2022-09-14,5460,5550,5390,5490,12182,-0.014362657091561926
2022-09-15,5550,5900,5540,5780,66567,0.052823315118396996
2022-09-16,5700,7250,5700,6340,2376123,0.09688581314878886
2022-09-19,6460,7080,6200,6720,833032,0.05993690851735023
2022-09-20,6660,6830,6460,6530,248990,-0.028273809523809534
2022-09-21,6510,6950,6370,6530,230279,0.0
2022-09-22,6750,6750,6300,6750,156861,0.03369065849923425
2022-09-23,6870,6900,6190,6330,164468,-0.06222222222222218
2022-09-26,6180,6240,5660,5820,151921,-0.08056872037914697
2022-09-27,5810,5860,5500,5700,122941,-0.020618556701030966
2022-09-28,5570,5850,5310,5430,83135,-0.047368421052631615
2022-09-29,5470,5620,4495,4780,1076790,-0.11970534069981587
2022-09-30,4730,4880,4470,4550,207015,-0.04811715481171552
2022-10-04,4575,4845,4535,4570,149520,0.00439560439560438
2022-10-05,4625,4700,4200,4445,133666,-0.027352297592997843
2022-10-06,4445,5560,4440,5060,1349378,0.13835770528683922
2022-10-07,5000,5450,4905,4950,286056,-0.021739130434782594
2022-10-11,4930,4930,4520,4585,132110,-0.07373737373737377
2022-10-12,4540,4650,4370,4535,89109,-0.010905125408942173
2022-10-13,4510,4510,4250,4250,73045,-0.0628445424476296
2022-10-14,4345,4490,4280,4310,82261,0.014117647058823568
2022-10-17,4300,4550,4060,4360,63046,0.011600928074245953
2022-10-18,4440,4480,4330,4405,41470,0.010321100917431103
2022-10-19,4430,5070,4320,4500,544361,0.02156640181611813
2022-10-20,4455,4730,4435,4545,174023,0.010000000000000009
2022-10-21,4545,4545,4330,4355,69149,-0.04180418041804179
2022-10-24,4430,4480,4375,4375,42775,0.004592422502870175
2022-10-25,4415,4415,4250,4270,39984,-0.02400000000000002
2022-10-26,4350,4350,4255,4275,25329,0.0011709601873535203
2022-10-27,4280,4425,4280,4365,25597,0.021052631578947434
2022-10-28,4300,4400,4270,4290,15188,-0.01718213058419249
2022-10-31,4300,4425,4300,4380,22570,0.020979020979021046
2022-11-01,4435,4435,4310,4380,29197,0.0
2022-11-02,4410,4410,4320,4390,26086,0.0022831050228311334
2022-11-03,4290,4410,4290,4390,14148,0.0
2022-11-04,4300,4635,4300,4490,60641,0.02277904328018221
2022-11-07,4460,4545,4415,4510,22205,0.00445434298440972
2022-11-08,4510,4740,4510,4640,77121,0.02882483370288247
2022-11-09,4700,4700,4555,4555,41274,-0.018318965517241326
2022-11-10,4565,4605,4460,4600,24521,0.009879253567508295
2022-11-11,4670,4840,4670,4785,51464,0.04021739130434776
2022-11-14,4755,4975,4755,4860,45609,0.01567398119122254
2022-11-15,4820,5020,4820,4995,36686,0.02777777777777768
2022-11-16,5010,5020,4850,4985,34794,-0.002002002002001957
2022-11-17,4940,4980,4820,4910,14955,-0.015045135406218657
2022-11-18,4910,4925,4855,4915,15957,0.0010183299389001643
2022-11-21,4920,4920,4645,4650,45612,-0.05391658189216686
2022-11-22,4675,4720,4575,4710,37660,0.012903225806451646
2022-11-23,4715,4875,4675,4795,35653,0.018046709129511784
2022-11-24,4890,4920,4770,4865,32646,0.014598540145985384
2022-11-25,4945,4945,4800,4870,20063,0.0010277492291881352
2022-11-28,4930,4930,4715,4805,13123,-0.013347022587268942
2022-11-29,4770,5120,4765,5100,80631,0.06139438085327775
2022-11-30,5130,5240,5000,5070,51812,-0.00588235294117645
2022-12-01,5170,5200,4990,5050,31000,-0.0039447731755424265
2022-12-02,5150,5500,5030,5270,159176,0.0435643564356436
2022-12-05,5350,5760,5270,5480,253109,0.03984819734345346
2022-12-06,5480,5650,5190,5240,88911,-0.04379562043795615
2022-12-07,5180,5690,5170,5400,147978,0.03053435114503822
2022-12-08,5450,5520,5180,5300,55371,-0.01851851851851849
2022-12-09,5350,5660,5300,5530,112389,0.04339622641509444
2022-12-12,5520,5520,5230,5320,78033,-0.03797468354430378
2022-12-13,5320,5390,5210,5250,46081,-0.013157894736842146
2022-12-14,5230,5310,5190,5290,26143,0.007619047619047636
2022-12-15,5290,5290,5160,5240,24288,-0.009451795841209809
2022-12-16,5140,5320,5060,5180,28127,-0.011450381679389277
2022-12-19,5200,5270,5120,5260,9731,0.015444015444015413
2022-12-20,5260,5260,5030,5050,36132,-0.03992395437262353
2022-12-21,5100,5120,4940,4940,25447,-0.0217821782178218
2022-12-22,5000,5140,4945,5050,17941,0.022267206477732726
2022-12-23,5050,5120,4945,4975,25280,-0.014851485148514865
2022-12-26,4990,4990,4785,4830,20244,-0.029145728643216073
2022-12-27,4830,5410,4830,5120,223735,0.0600414078674949
2022-12-28,5170,5370,5160,5360,55293,0.046875
2022-12-29,5380,5380,5140,5240,45094,-0.02238805970149249
2023-01-02,5170,5180,4930,5070,58297,-0.03244274809160308
2023-01-03,4980,5200,4920,5160,34255,0.01775147928994092
2023-01-04,5040,5450,5040,5430,116812,0.05232558139534893
2023-01-05,5490,5640,5370,5540,73488,0.0202578268876612
2023-01-06,5570,5570,5340,5430,42560,-0.019855595667869985
2023-01-09,5440,5640,5440,5550,60570,0.022099447513812098
2023-01-10,5550,5610,5390,5430,47080,-0.021621621621621623
2023-01-11,5430,5660,5410,5600,41986,0.03130755064456725
2023-01-12,5610,5790,5490,5790,58101,0.03392857142857153
2023-01-13,5850,5950,5620,5720,53263,-0.012089810017271163
2023-01-16,5800,5970,5630,5870,57310,0.02622377622377625
2023-01-17,5770,5860,5760,5840,36505,-0.005110732538330498
2023-01-18,5820,7140,5780,6270,657856,0.07363013698630128
2023-01-19,6220,6840,6190,6730,551590,0.07336523125996819
2023-01-20,6730,6740,6460,6730,97887,0.0
2023-01-25,6710,6720,6410,6680,92189,-0.007429420505200568
2023-01-26,6670,6700,6470,6530,57279,-0.022455089820359264
2023-01-27,6530,6730,6480,6690,52892,0.02450229709035212
2023-01-30,6750,6770,6480,6680,73422,-0.001494768310911776
2023-01-31,6650,6650,6420,6580,54046,-0.014970059880239472
2023-02-01,6680,6680,6300,6580,82336,0.0
2023-02-02,6520,6760,6510,6600,69129,0.003039513677811634
2023-02-03,6850,7400,6710,7400,815797,0.1212121212121211
2023-02-06,7160,7270,6950,7220,236754,-0.024324324324324298
2023-02-07,7130,7370,7070,7350,119982,0.018005540166204925
2023-02-08,7290,7370,7000,7100,116944,-0.03401360544217691
2023-02-09,7150,7320,7120,7250,107048,0.021126760563380254
2023-02-10,7330,7420,6950,6990,205335,-0.035862068965517246
2023-02-13,7080,7100,6830,6950,55874,-0.005722460658083017
2023-02-14,6970,7090,6970,7040,45005,0.012949640287769792
2023-02-15,7190,7500,7110,7290,199001,0.035511363636363535
2023-02-16,7460,7690,7380,7530,163280,0.03292181069958855
2023-02-17,7420,7500,7340,7360,55314,-0.02257636122177953
2023-02-20,7360,7700,7320,7550,78949,0.025815217391304435
2023-02-21,7550,7670,7380,7610,55154,0.007947019867549754
2023-02-22,7500,7580,7360,7480,44118,-0.01708278580814715
2023-02-23,7400,7620,7360,7410,57365,-0.009358288770053513
2023-02-24,7410,7500,7210,7240,50016,-0.022941970310391357
2023-02-27,7240,7300,7030,7200,39653,-0.0055248618784530246
2023-02-28,7160,7400,7030,7330,73083,0.01805555555555549
2023-03-02,7310,7780,7300,7640,113739,0.04229195088676674
2023-03-03,7640,7790,7550,7630,58861,-0.0013089005235602524
2023-03-06,7800,7890,7650,7750,83080,0.01572739187418093
2023-03-07,7750,7810,7400,7400,68852,-0.04516129032258065
2023-03-08,7450,7800,7230,7670,90008,0.03648648648648645
2023-03-09,7580,7890,7430,7770,81420,0.01303780964797907
2023-03-10,7700,7710,7250,7300,106531,-0.06048906048906044
2023-03-13,7300,7500,6990,7270,69531,-0.004109589041095929
2023-03-14,7220,7290,6960,7100,61210,-0.023383768913342484
2023-03-15,7380,7380,7010,7040,58640,-0.008450704225352101
2023-03-16,7270,7740,7150,7670,132455,0.08948863636363646
2023-03-17,7610,7810,7230,7780,142532,0.014341590612777066
2023-03-20,7820,8050,7620,7670,157171,-0.014138817480719768
2023-03-21,7950,9170,7100,7200,1703689,-0.06127770534550192
2023-03-22,7210,7350,7060,7160,149972,-0.005555555555555536
2023-03-23,7020,7460,7020,7250,171219,0.012569832402234526
2023-03-24,7320,7460,7160,7210,52795,-0.0055172413793103114
2023-03-27,7220,7220,6850,6920,145412,-0.04022191400832176
2023-03-28,6920,7150,6850,7040,80902,0.01734104046242768
2023-03-29,6950,7410,6950,7370,107059,0.046875
2023-03-30,7540,7540,7250,7420,80337,0.006784260515603879
2023-03-31,7480,7620,7360,7490,84897,0.009433962264151052
2023-04-03,7700,7700,7330,7570,118451,0.010680907877169465
2023-04-04,7450,7640,7400,7450,74083,-0.015852047556142668
2023-04-05,7400,7680,7400,7520,92032,0.00939597315436247
2023-04-06,7610,7760,7370,7710,122199,0.025265957446808596
2023-04-07,7740,8270,7720,8230,272216,0.06744487678339817
2023-04-10,8440,8670,8100,8650,331021,0.051032806804374164
2023-04-11,8620,8740,8440,8650,142491,0.0
2023-04-12,8570,8740,8140,8310,207355,-0.03930635838150287
2023-04-13,8280,8380,8190,8360,70112,0.006016847172081841
2023-04-14,8530,8760,8300,8460,188552,0.011961722488038173
2023-04-17,8590,8690,8270,8490,93196,0.0035460992907800915
2023-04-18,8440,8940,8250,8780,207497,0.0341578327444052
2023-04-19,8930,9100,8800,8860,148004,0.009111617312072884
2023-04-20,8970,8970,8430,8500,92317,-0.040632054176072185
2023-04-21,8420,8500,8220,8450,83214,-0.00588235294117645
2023-04-24,8390,8600,8130,8150,68832,-0.035502958579881616
2023-04-25,8150,8400,8070,8280,42062,0.01595092024539868
2023-04-26,8280,8650,8160,8390,66351,0.013285024154589431
2023-04-27,8290,8400,7700,8400,67224,0.0011918951132301459
2023-04-28,8590,8590,8200,8400,47666,0.0
2023-05-02,8490,8490,8240,8410,34210,0.0011904761904761862
2023-05-03,8400,8850,8300,8660,106573,0.029726516052318575
2023-05-04,8770,8890,8660,8830,118725,0.019630484988452546
2023-05-08,8830,8950,8700,8710,79109,-0.013590033975084959
2023-05-09,8610,8750,8480,8570,44352,-0.016073478760045945
2023-05-10,8700,10000,8590,9530,1216610,0.11201866977829633
2023-05-11,9430,10000,9300,9760,477918,0.02413431269674704
2023-05-12,9600,9600,8500,9540,636844,-0.02254098360655743
2023-05-15,9670,9780,9450,9570,324296,0.003144654088050425
2023-05-16,9570,9690,9000,9220,159193,-0.03657262277951934
2023-05-17,9200,9480,9170,9230,58929,0.0010845986984815426
2023-05-18,9140,9230,8880,9130,133028,-0.010834236186348822
2023-05-19,9140,9170,8490,8820,209853,-0.033953997809419545
2023-05-22,8650,8770,8440,8560,109109,-0.02947845804988658
2023-05-23,8590,8980,8210,8610,102335,0.005841121495327117
2023-05-24,8610,8970,8510,8830,70678,0.025551684088269466
2023-05-25,8690,8920,8670,8690,66228,-0.015855039637599044
2023-05-26,8740,8920,8500,8540,54359,-0.017261219792865323
2023-05-30,8610,8610,8140,8290,98676,-0.029274004683840782
2023-05-31,8290,8400,8220,8220,24422,-0.008443908323281013
2023-06-01,8440,8440,8230,8230,38723,0.0012165450121655041
2023-06-02,8330,8750,8230,8620,121197,0.0473876063183476
2023-06-05,8540,8750,8430,8450,47247,-0.019721577726218076
2023-06-07,8450,8720,8290,8600,176705,0.01775147928994092
2023-06-08,8600,8740,8490,8550,60083,-0.005813953488372103
2023-06-09,8540,8670,7690,8060,184251,-0.057309941520467866
2023-06-12,8060,8080,7660,7710,164239,-0.043424317617866026
2023-06-13,7710,7780,7450,7470,100811,-0.0311284046692607
2023-06-14,7480,8180,7480,7520,174032,0.006693440428380271
2023-06-15,7590,7810,7390,7700,92665,0.02393617021276606
2023-06-16,7710,7950,7700,7710,57487,0.0012987012987013546
2023-06-19,7670,7710,7450,7620,67769,-0.011673151750972721
2023-06-20,7640,8140,7640,8020,180995,0.05249343832021003
2023-06-21,7900,8130,7780,7880,102149,-0.017456359102244412
2023-06-22,7870,7990,7800,7810,42952,-0.008883248730964466
2023-06-23,7870,8190,7630,8080,157460,0.03457106274007682
2023-06-26,8170,8170,7700,7740,110108,-0.04207920792079212
2023-06-27,7740,8130,7630,8100,133061,0.04651162790697683
2023-06-28,8100,8100,7710,7730,83087,-0.04567901234567906
2023-06-29,7890,7890,7470,7490,105662,-0.031047865459249646
2023-06-30,7600,7600,7200,7450,121215,-0.005340453938584733
2023-07-03,7450,7500,7270,7300,92813,-0.020134228187919434
2023-07-04,7360,7360,7180,7220,55251,-0.010958904109588996
2023-07-05,7160,7250,6900,6960,140669,-0.03601108033240996
2023-07-06,7060,7290,6750,7130,81407,0.024425287356321768
2023-07-07,7010,7250,6830,6930,104501,-0.028050490883590462
2023-07-10,7130,7240,6810,7110,76349,0.025974025974025983
2023-07-11,7040,7300,6900,6970,136423,-0.019690576652601988
2023-07-12,7110,7180,6980,7050,48144,0.011477761836441891
2023-07-13,7050,7180,6600,6700,297062,-0.049645390070921946
2023-07-14,6790,6840,6510,6700,177149,0.0
2023-07-17,6800,6950,6560,6770,84738,0.010447761194029903
2023-07-18,6740,6850,6560,6630,55968,-0.020679468242245203
2023-07-19,6630,6780,6460,6500,55390,-0.019607843137254943
2023-07-20,6540,6670,6510,6550,36421,0.007692307692307665
2023-07-21,6510,6670,6300,6350,67061,-0.03053435114503822
2023-07-24,6190,6350,5980,6170,107899,-0.028346456692913358
2023-07-25,6160,6160,5810,5860,118748,-0.05024311183144248
2023-07-26,5880,5910,5460,5540,107401,-0.05460750853242324
2023-07-27,5600,5890,5600,5830,66480,0.05234657039711199
2023-07-28,5910,6300,5700,6110,88446,0.0480274442538593
2023-07-31,6170,6200,5940,5950,28039,-0.026186579378068786
2023-08-01,5960,6170,5940,6030,42002,0.013445378151260456
2023-08-02,6150,6490,6030,6430,137527,0.06633499170812596
2023-08-03,6400,6520,6110,6320,91461,-0.017107309486780742
2023-08-04,6320,7520,6240,6950,1419167,0.09968354430379756
2023-08-07,6960,7390,6930,7270,254532,0.04604316546762588
2023-08-08,7400,7650,7180,7490,185902,0.030261348005502064
2023-08-09,7450,7600,7220,7470,142428,-0.002670226969292422
2023-08-10,7900,9330,7710,9150,2460608,0.2248995983935742
2023-08-11,9400,10390,8660,8710,2032985,-0.0480874316939891
2023-08-14,8900,9100,8580,8930,476015,0.025258323765786406
2023-08-16,8650,8750,8160,8290,385555,-0.07166853303471443
2023-08-17,8200,8300,7850,7940,310623,-0.04221954161640529
2023-08-18,7980,8700,7850,7910,559089,-0.0037783375314861534
2023-08-21,7720,8040,7430,7700,166206,-0.026548672566371723
2023-08-22,7820,8250,7460,7750,134462,0.006493506493506551
2023-08-23,7920,7920,7510,7550,101812,-0.02580645161290318
2023-08-24,7610,8010,7600,7850,134933,0.039735099337748325
2023-08-25,7670,8090,7650,7800,94132,-0.006369426751592355
2023-08-28,8190,8220,7920,7980,114475,0.023076923076922995
2023-08-29,8010,8100,7820,8020,80582,0.005012531328320913
2023-08-30,8020,8200,7950,8120,76896,0.012468827930174564
2023-08-31,8180,8200,8000,8080,101434,-0.0049261083743842304
2023-09-01,8100,8310,7900,7900,133979,-0.022277227722772297
2023-09-04,7810,8070,7600,7970,119464,0.008860759493670933
2023-09-05,8020,9140,8020,8810,867706,0.10539523212045165
2023-09-06,8880,8880,8640,8810,192656,0.0
2023-09-07,8760,8760,8310,8430,137293,-0.04313280363223615
2023-09-08,8430,9400,8380,9200,312654,0.09134045077105579
2023-09-11,9340,9750,9080,9400,325980,0.021739130434782705
2023-09-12,9790,10000,9470,9990,558613,0.06276595744680846
2023-09-13,9990,10240,9800,9950,285737,-0.004004004004004025
2023-09-14,9950,10920,9950,10710,468348,0.07638190954773871
2023-09-15,13830,13880,12210,13320,3779740,0.24369747899159666
2023-09-18,13250,14930,13050,14300,3380424,0.07357357357357364
2023-09-19,14300,14810,14040,14260,786454,-0.002797202797202747
2023-09-20,14040,14060,11650,12440,1472110,-0.12762973352033657
2023-09-21,12550,12670,11300,11920,442175,-0.04180064308681675
2023-09-22,11700,12090,11500,11880,317461,-0.003355704697986628
2023-09-25,11630,12080,10950,11200,427745,-0.0572390572390572
2023-09-26,11300,12080,11300,11580,516280,0.03392857142857153
2023-09-27,10200,10440,9220,10260,467925,-0.11398963730569944
2023-10-04,10000,10010,8770,8800,459476,-0.14230019493177393
2023-10-05,8800,9010,8250,8450,377573,-0.03977272727272729
2023-10-06,8490,8700,8300,8410,131944,-0.004733727810650845
2023-10-10,8430,8540,8050,8050,243785,-0.0428061831153389
2023-10-11,8100,8340,8100,8150,134894,0.012422360248447228
2023-10-12,8150,8390,8080,8310,95342,0.019631901840490906
2023-10-13,8260,8260,7920,8060,125952,-0.030084235860409092
2023-10-16,8000,8390,7790,8180,111120,0.014888337468982549
2023-10-17,8220,9670,8220,8890,548868,0.08679706601466997
2023-10-18,8870,8950,8210,8760,139798,-0.01462317210348707
2023-10-19,8560,8760,8350,8590,112009,-0.019406392694063967
2023-10-20,8600,9010,8330,8920,196157,0.038416763678696064
2023-10-23,8910,8910,8020,8020,302406,-0.10089686098654704
2023-10-24,8010,8520,7900,8470,120757,0.05610972568578543
2023-10-25,8490,9200,8370,8790,350763,0.037780401416765086
2023-10-26,8700,9130,8420,8420,374644,-0.04209328782707622
2023-10-27,8430,8630,8280,8320,125471,-0.01187648456057011
2023-10-30,8250,8530,8220,8290,67765,-0.0036057692307692735
2023-10-31,8320,8850,8170,8250,329136,-0.004825090470446325
2023-11-01,8300,8590,8230,8330,113074,0.00969696969696976
2023-11-02,8610,8680,8400,8540,126630,0.025210084033613356
2023-11-03,8630,8750,8160,8240,171050,-0.03512880562060894
2023-11-06,8290,8410,8110,8270,126892,0.00364077669902918
2023-11-07,8270,8480,8140,8330,144012,0.007255139056831839
2023-11-08,8400,8600,8260,8390,143372,0.007202881152460927
2023-11-09,8500,8500,8300,8440,105302,0.005959475566150285
2023-11-10,8420,8420,7830,8030,222696,-0.048578199052132676
2023-11-13,8100,8180,7580,7630,161605,-0.04981320049813198
2023-11-14,7550,8100,7530,8000,171680,0.04849279161205766
2023-11-15,8000,8090,7900,8070,82228,0.008750000000000036
2023-11-16,8070,8100,7980,8050,41207,-0.0024783147459727095
2023-11-17,8050,8050,7830,7890,60248,-0.019875776397515477
2023-11-20,7890,8000,7820,7910,48487,0.0025348542458809575
2023-11-21,7920,7990,7710,7820,113393,-0.011378002528445008
2023-11-22,7800,7800,7520,7690,114494,-0.01662404092071612
2023-11-23,7620,7780,7460,7480,133512,-0.0273081924577373
2023-11-24,7430,7550,7220,7360,194996,-0.016042780748663055
2023-11-27,7440,7450,7310,7380,55623,0.0027173913043478937
2023-11-28,7440,7450,7240,7320,63548,-0.008130081300813052
2023-11-29,7310,7390,7150,7200,81925,-0.016393442622950838
2023-11-30,7160,7230,7000,7070,120475,-0.018055555555555602
2023-12-01,7070,7070,6850,6970,141665,-0.014144271570014189
2023-12-04,6950,6960,6630,6850,143689,-0.017216642754662836
2023-12-05,6820,6920,6650,6660,89128,-0.027737226277372296
2023-12-06,6660,6840,6650,6800,61363,0.021021021021021102
2023-12-07,6820,6820,6600,6640,100743,-0.02352941176470591
2023-12-08,6700,6750,6550,6660,62663,0.003012048192771122
2023-12-11,6660,6750,6620,6660,56787,0.0
2023-12-12,6640,6690,6550,6600,54030,-0.009009009009009028
2023-12-13,6600,6620,6490,6590,52455,-0.0015151515151514694
2023-12-14,6580,6730,6530,6550,69072,-0.006069802731411222
2023-12-15,6550,6600,6440,6460,69803,-0.013740458015267132
2023-12-18,6510,6900,6460,6800,133811,0.05263157894736836
2023-12-19,6790,6880,6740,6820,62289,0.002941176470588225
2023-12-20,6850,7030,6680,6930,110426,0.016129032258064502
2023-12-21,6930,7080,6810,6840,84244,-0.012987012987012991
2023-12-22,6920,6920,6660,6750,68780,-0.013157894736842146
2023-12-26,6750,6850,6720,6770,62850,0.002962962962963056
2023-12-27,6770,6840,6620,6710,87217,-0.008862629246676468
2023-12-28,6710,6810,6510,6770,61586,0.008941877794336861
2024-01-02,6710,7000,6670,6890,83590,0.017725258493352936
2024-01-03,6830,6970,6760,6810,50269,-0.011611030478954953
2024-01-04,6810,6920,6760,6820,40001,0.001468428781204123
2024-01-05,6890,7050,6770,6970,90248,0.021994134897360684
2024-01-08,7000,7290,6950,7120,148410,0.021520803443328518
2024-01-09,7130,7700,7130,7630,248637,0.07162921348314599
2024-01-10,7650,7670,7340,7520,122905,-0.014416775884665833
2024-01-11,7480,7640,7400,7510,98294,-0.0013297872340425343
2024-01-12,7510,7760,7470,7570,156384,0.007989347536617952
2024-01-15,7530,7650,7410,7460,74956,-0.014531043593130732
2024-01-16,7460,7750,7380,7650,104261,0.025469168900804195
2024-01-17,7670,7670,7380,7460,81360,-0.024836601307189565
2024-01-18,7540,7820,7470,7730,96170,0.036193029490616535
2024-01-19,7830,7890,7650,7710,59383,-0.002587322121604174
2024-01-22,7790,7800,7470,7480,60695,-0.02983138780804151
2024-01-23,7400,7620,7400,7490,34157,0.0013368983957218195
2024-01-24,7490,7560,7380,7550,29046,0.008010680907877266
2024-01-25,7500,7520,7290,7360,64488,-0.025165562913907258
2024-01-26,7360,7480,7260,7280,57399,-0.010869565217391353
2024-01-29,7320,7390,7160,7220,72163,-0.008241758241758212
2024-01-30,7190,7460,7160,7260,45933,0.005540166204986097
2024-01-31,7260,7320,6960,7140,66254,-0.016528925619834656
2024-02-01,7130,7190,6960,7190,52606,0.007002801120448154
2024-02-02,7220,7480,7170,7370,54465,0.025034770514603677
2024-02-05,7370,7370,7210,7310,27205,-0.008141112618724522
2024-02-06,7370,7370,7140,7170,33967,-0.019151846785225746
2024-02-07,7240,7430,7180,7360,38803,0.02649930264993028
2024-02-08,7360,7530,7300,7420,34937,0.008152173913043459
2024-02-13,7490,7580,7360,7580,50345,0.02156334231805923
2024-02-14,7540,7870,7420,7680,121669,0.013192612137203241
2024-02-15,7680,7710,7360,7440,114306,-0.03125
2024-02-16,7490,7500,7360,7370,51655,-0.009408602150537626
2024-02-19,7320,7470,7300,7300,48881,-0.009497964721845276
2024-02-20,7330,7330,6960,7160,52989,-0.019178082191780854
2024-02-21,7110,7150,6990,7010,62324,-0.020949720670391025
2024-02-22,7020,7120,6980,7000,44978,-0.0014265335235378318
2024-02-23,7150,7150,6840,6860,138275,-0.020000000000000018
2024-02-26,6870,6980,6760,6810,51483,-0.007288629737609353
2024-02-27,6810,6950,6730,6810,67276,0.0
2024-02-28,6810,6850,6700,6780,42294,-0.004405286343612369
2024-02-29,6780,6820,6650,6700,73534,-0.01179941002949858
2024-03-04,6700,6830,6620,6690,42412,-0.0014925373134327957
2024-03-05,6650,6690,6380,6450,137453,-0.0358744394618834
2024-03-06,6450,6520,6210,6510,71701,0.009302325581395321
2024-03-07,6590,6600,6360,6420,53431,-0.01382488479262678
2024-03-08,6420,6520,6390,6490,24400,0.010903426791277315
2024-03-11,6550,6610,6450,6530,32812,0.006163328197226425
2024-03-12,6680,6680,6470,6560,39809,0.004594180704440953
2024-03-13,6570,6660,6520,6610,41081,0.007621951219512146
2024-03-14,6550,6630,6550,6570,24541,-0.006051437216338829
2024-03-15,6620,6620,6430,6500,36002,-0.010654490106544956
2024-03-18,6500,6550,6410,6510,40453,0.0015384615384614886
2024-03-19,6600,6800,6510,6510,59705,0.0
2024-03-20,6490,6630,6490,6590,37174,0.01228878648233489
2024-03-21,6560,6650,6490,6490,49588,-0.015174506828528056
2024-03-22,6500,6590,6430,6460,48939,-0.0046224961479198745
2024-03-25,6520,6790,6510,6760,113497,0.04643962848297223
2024-03-26,6860,6860,6650,6840,55045,0.01183431952662728
2024-03-27,6840,6860,6770,6780,37190,-0.00877192982456143
2024-03-28,6790,6960,6720,6720,71714,-0.008849557522123908
2024-03-29,6640,6770,6550,6640,56179,-0.011904761904761862
2024-04-01,6640,7180,6640,7050,196193,0.06174698795180733
2024-04-02,7150,7160,6960,7040,103147,-0.0014184397163120588
2024-04-03,6960,7110,6900,7050,83763,0.0014204545454545858
2024-04-04,7110,7110,6840,6910,91531,-0.019858156028368823
2024-04-05,6850,7120,6790,6800,98347,-0.01591895803183796
2024-04-08,6800,6960,6580,6620,76832,-0.026470588235294135
2024-04-09,6700,7180,6640,6830,89739,0.031722054380664666
2024-04-11,6820,6850,6600,6720,81086,-0.016105417276720324
2024-04-12,6760,6990,6750,6810,88200,0.013392857142857206
2024-04-15,6860,6860,6510,6520,103885,-0.042584434654919234
2024-04-16,6430,6550,6180,6190,131172,-0.05061349693251538
2024-04-17,6290,6510,6130,6420,121426,0.037156704361873905
2024-04-18,6420,6700,6420,6670,81714,0.0389408099688473
2024-04-19,6600,6720,6350,6530,69373,-0.020989505247376306
2024-04-22,6540,6720,6490,6520,42725,-0.0015313935681470214
2024-04-23,6540,6650,6380,6450,69791,-0.010736196319018454
2024-04-24,6500,6710,6470,6650,107631,0.03100775193798455
2024-04-25,6640,6650,6440,6470,93319,-0.02706766917293235
2024-04-26,6470,6640,6410,6590,75199,0.018547140649149974
2024-04-29,6600,6760,6590,6740,89325,0.022761760242792084
2024-04-30,6780,7160,6740,7130,261629,0.05786350148367947
2024-05-02,7240,7370,7090,7150,271806,0.0028050490883591017
2024-05-03,7150,7550,7000,7450,214634,0.04195804195804187
2024-05-07,7450,7500,7190,7240,119682,-0.028187919463087296
2024-05-08,7340,7420,7150,7200,83247,-0.0055248618784530246
2024-05-09,7190,7550,7150,7330,274383,0.01805555555555549
2024-05-10,7380,8400,7310,8040,1250535,0.09686221009549789
2024-05-13,8050,8300,7860,7990,522939,-0.006218905472636815
2024-05-14,7950,8420,7950,8340,475887,0.04380475594493127
2024-05-16,8500,8600,8120,8240,735970,-0.011990407673860948
2024-05-17,8200,8200,7810,7950,393975,-0.03519417475728159
2024-05-20,7900,8040,7770,8010,161007,0.007547169811320753
2024-05-21,7980,9500,7860,9320,3706693,0.16354556803995002
2024-05-22,10610,10790,9350,9410,3978914,0.00965665236051505
2024-05-23,9320,9690,9020,9410,826709,0.0
2024-05-24,9880,10350,9200,9230,1501100,-0.019128586609989395
2024-05-27,9350,9370,8890,9020,502699,-0.02275189599133265
2024-05-28,8900,9610,8900,9200,743201,0.019955654101995624
2024-05-29,9350,10190,9030,9790,1839109,0.0641304347826086
2024-05-30,9950,10430,9710,10220,1499415,0.04392236976506636
2024-05-31,10200,11780,10140,10980,3927411,0.07436399217221146
2024-06-03,11180,11200,10070,10700,1245460,-0.025500910746812377
2024-06-04,10540,10640,9210,9300,1380871,-0.13084112149532712
2024-06-05,9300,9370,8840,8950,679578,-0.037634408602150504
2024-06-07,9060,9060,8510,8860,770376,-0.010055865921787754
2024-06-10,8680,8820,8540,8700,407672,-0.018058690744920947
2024-06-11,8770,9720,8770,9050,1141371,0.04022988505747116
2024-06-12,9020,9640,9020,9560,586737,0.056353591160221095
2024-06-13,9720,10900,9500,10550,2330285,0.10355648535564854
2024-06-14,10750,11190,10300,10820,1554995,0.025592417061611306
2024-06-17,10760,10870,10210,10400,470157,-0.038817005545286554
2024-06-18,10600,11360,10300,11300,1222307,0.08653846153846145
2024-06-19,11210,11390,10590,10690,817443,-0.0539823008849557
2024-06-20,10720,10890,10050,10260,479746,-0.04022450888681006
2024-06-21,10110,10750,10030,10440,422086,0.01754385964912286
2024-06-24,10600,10790,10140,10290,245038,-0.014367816091954033
2024-06-25,10290,10360,9470,9650,547016,-0.06219630709426627
2024-06-26,9720,9940,9400,9630,302360,-0.002072538860103612
2024-06-27,9660,10090,9280,9400,495503,-0.023883696780893082
2024-06-28,9360,9590,9140,9550,259335,0.015957446808510634
2024-07-01,9500,9870,9060,9060,330290,-0.051308900523560186
2024-07-02,9070,9230,8860,9020,174696,-0.004415011037527616
2024-07-03,9050,9140,8660,8800,173310,-0.024390243902439046
2024-07-04,8920,8930,8590,8900,199993,0.011363636363636465
2024-07-05,8980,9260,8750,8920,271745,0.0022471910112360494
2024-07-08,8920,9230,8760,9040,274224,0.013452914798206317
2024-07-09,9040,9120,8760,8760,173576,-0.030973451327433676
2024-07-10,8740,9070,8600,9060,187672,0.03424657534246567
2024-07-11,9160,9160,8610,8700,483608,-0.039735099337748325
2024-07-12,8700,8780,8290,8370,263983,-0.037931034482758585
2024-07-15,8370,8460,8150,8360,235897,-0.0011947431302270495
2024-07-16,8390,8390,7960,8130,286182,-0.027511961722488043
2024-07-17,8210,8600,8200,8400,242439,0.03321033210332103
2024-07-18,8300,8440,8110,8390,159184,-0.0011904761904761862
2024-07-19,8420,8630,8270,8330,135472,-0.007151370679380209
2024-07-22,8320,8620,8080,8210,203793,-0.014405762304921965
2024-07-23,8260,8530,8260,8500,145762,0.035322777101096214
2024-07-24,8440,8910,8440,8700,290353,0.0235294117647058
2024-07-25,8600,8790,8320,8410,247975,-0.033333333333333326
2024-07-26,8410,8440,8200,8210,133017,-0.02378121284185497
2024-07-29,8210,9200,8150,8990,399625,0.09500609013398287
2024-07-30,9000,9070,8630,8650,207714,-0.03781979977753058
2024-07-31,8650,8800,8480,8650,157243,0.0
2024-08-01,8650,8960,8580,8930,149449,0.032369942196531776
2024-08-02,8890,8890,8130,8210,331523,-0.08062709966405379
2024-08-05,7900,7980,6500,6990,529337,-0.14859926918392208
2024-08-06,7090,7570,7090,7350,240281,0.05150214592274671
2024-08-07,7270,7490,7100,7350,166737,0.0
2024-08-08,7250,7480,7170,7350,98049,0.0
2024-08-09,7550,7740,7520,7680,107159,0.044897959183673564
2024-08-12,7690,8110,7600,8050,161209,0.04817708333333326
2024-08-13,8090,8090,7700,7840,115252,-0.02608695652173909
2024-08-14,7980,8230,7480,7730,368216,-0.014030612244897989
2024-08-16,8030,8170,7920,8020,300245,0.03751617076326008
2024-08-19,8020,8020,7780,7810,114557,-0.026184538653366562
2024-08-20,7870,7880,7730,7790,90838,-0.002560819462227859
2024-08-21,7790,7790,7590,7650,92128,-0.01797175866495504
2024-08-22,7670,7790,7430,7550,127128,-0.013071895424836555
2024-08-23,7610,7630,7400,7450,69195,-0.013245033112582738
2024-08-26,7500,7540,7000,7540,114573,0.012080536912751683
2024-08-27,7470,7530,7270,7530,58552,-0.0013262599469495706
2024-08-28,7530,7600,7340,7340,58141,-0.025232403718459473
2024-08-29,7210,7340,7160,7160,84097,-0.02452316076294281
2024-08-30,7180,7290,7100,7290,90147,0.018156424581005526
2024-09-02,7360,7610,7300,7520,142580,0.03155006858710552
2024-09-03,7550,7660,7430,7560,87555,0.005319148936170137
2024-09-04,7230,7390,7170,7200,111162,-0.04761904761904767
2024-09-05,7210,7430,7060,7080,88301,-0.01666666666666672
2024-09-06,7080,7150,6850,6870,91285,-0.029661016949152574
2024-09-09,6800,7280,6670,7250,82732,0.055312954876273634
2024-09-10,7250,7460,7190,7210,102051,-0.0055172413793103114
2024-09-11,7270,7410,7140,7140,49857,-0.009708737864077666
2024-09-12,7250,7390,7180,7380,67170,0.03361344537815136
2024-09-13,7400,7400,7200,7230,52884,-0.020325203252032575
2024-09-19,7280,7320,7080,7180,62996,-0.006915629322268302
2024-09-20,7220,7410,7210,7290,69292,0.01532033426183843
2024-09-23,7260,7800,7260,7500,113642,0.028806584362139898
2024-09-24,7480,7510,7240,7320,156352,-0.02400000000000002
2024-09-25,7400,7730,7400,7460,231068,0.0191256830601092
2024-09-26,7590,7680,7500,7680,82384,0.029490616621983934
2024-09-27,7680,7970,7650,7830,187820,0.01953125
2024-09-30,7830,7870,7660,7750,76961,-0.010217113665389577
2024-10-02,7630,7750,7510,7560,73197,-0.024516129032258083
2024-10-04,7560,7620,7470,7560,46494,0.0
2024-10-07,7510,7630,7470,7620,49513,0.007936507936507908
2024-10-08,7580,7580,7280,7280,122900,-0.044619422572178435
2024-10-10,7330,7540,7270,7430,52260,0.02060439560439553
2024-10-11,7370,7430,7160,7160,93662,-0.03633916554508754
2024-10-14,7190,7330,7110,7300,58951,0.019553072625698276
2024-10-15,7360,7360,7200,7240,40100,-0.008219178082191747
2024-10-16,7280,7280,7100,7110,54689,-0.017955801104972413
2024-10-17,7130,7170,7060,7120,38630,0.0014064697609001975
2024-10-18,7120,7200,7000,7000,70896,-0.016853932584269704
2024-10-21,7030,7120,6960,7110,39608,0.01571428571428579
2024-10-22,7110,7110,6920,7070,73370,-0.005625879043600568
2024-10-23,7090,7090,6950,7040,36700,-0.004243281471004279
2024-10-24,7040,7040,6930,6970,37759,-0.009943181818181768
2024-10-25,6990,6990,6810,6970,90911,0.0
2024-10-28,6900,7090,6900,7090,38179,0.017216642754662947
2024-10-29,7090,7150,7010,7100,41988,0.0014104372355430161
2024-10-30,7110,7240,7060,7170,63970,0.009859154929577452
2024-10-31,7170,7310,7060,7230,89401,0.008368200836819994
2024-11-01,7350,7350,7120,7230,75360,0.0
2024-11-04,7230,7410,7170,7370,71104,0.019363762102351245
2024-11-05,7360,7420,7300,7410,61579,0.005427408412483015
2024-11-06,7440,7470,7180,7340,78359,-0.009446693657219951
2024-11-07,7400,7480,7240,7450,68657,0.014986376021798309
2024-11-08,7430,7540,7340,7430,62481,-0.0026845637583892135
2024-11-11,7360,7400,6940,7010,169827,-0.05652759084791381
2024-11-12,7010,7010,6370,6410,200620,-0.08559201141226824
2024-11-13,6330,6600,6330,6410,122150,0.0
2024-11-14,6700,6750,6460,6500,78903,0.014040561622464809
2024-11-15,6510,6600,6240,6540,67227,0.006153846153846176
2024-11-18,6550,6740,6450,6630,64074,0.013761467889908285
2024-11-19,6640,6740,6600,6700,34319,0.010558069381598756
2024-11-20,6700,6730,6640,6720,21218,0.0029850746268655914
2024-11-21,6750,6750,6650,6710,21784,-0.0014880952380952328
2024-11-22,6710,6760,6660,6710,62951,0.0
2024-11-25,6710,7470,6710,6920,507887,0.03129657228017879
2024-11-26,7040,7250,6970,7130,218807,0.030346820809248554
2024-11-27,7230,7230,7010,7020,60099,-0.015427769985974726
2024-11-28,7060,7150,6920,7100,49501,0.01139601139601143
2024-11-29,7140,7140,6940,7100,85779,0.0
2024-12-02,7100,7170,6990,6990,69845,-0.015492957746478853
2024-12-03,6960,7240,6960,7200,118308,0.030042918454935563
2024-12-04,7050,7180,6990,7010,153567,-0.026388888888888906
2024-12-05,7060,7150,7000,7010,82338,0.0
2024-12-06,6980,7030,6620,6700,149674,-0.0442225392296719
2024-12-09,6650,6650,6390,6390,105318,-0.04626865671641789
2024-12-10,6390,6810,6390,6770,108715,0.05946791862284817
2024-12-11,6770,7050,6770,7040,84402,0.039881831610044216
2024-12-12,7000,7150,7000,7150,69685,0.015625
2024-12-13,7190,7230,7100,7200,66576,0.006993006993007089
2024-12-16,7210,7350,7210,7270,112036,0.009722222222222188
2024-12-17,7330,7370,7240,7340,81314,0.009628610729023324
2024-12-18,7370,7540,7280,7500,127122,0.021798365122615904
2024-12-19,7420,7570,7320,7470,104110,-0.0040000000000000036
2024-12-20,7460,7470,7330,7420,79427,-0.00669344042838016
2024-12-23,7460,7460,7310,7370,68175,-0.006738544474393482
2024-12-24,7430,7540,7350,7510,85665,0.01899592944369055
2024-12-26,7580,7650,7350,7430,121015,-0.010652463382157085
2024-12-27,7210,7370,6910,7040,122558,-0.05248990578734858
2024-12-30,6960,7050,6900,6980,36762,-0.008522727272727293
2025-01-02,7020,7210,6960,7200,39371,0.03151862464183375
2025-01-03,7210,7240,7120,7170,38428,-0.004166666666666652
2025-01-06,7280,7420,7220,7410,71871,0.03347280334728042
2025-01-07,7410,7430,7270,7310,38311,-0.013495276653171406
2025-01-08,7310,7370,7210,7250,28071,-0.008207934336525335
2025-01-09,7250,7270,7100,7200,45769,-0.006896551724137945
2025-01-10,7250,7250,7070,7100,42903,-0.01388888888888884
2025-01-13,7120,7260,7060,7110,41948,0.0014084507042253502
2025-01-14,7110,7150,7030,7110,22519,0.0
2025-01-15,7110,7140,7030,7040,30770,-0.009845288326300938
2025-01-16,7050,7240,7050,7180,61988,0.019886363636363535
2025-01-17,7250,7250,7120,7150,22188,-0.004178272980501441
2025-01-20,7160,7160,7050,7060,41871,-0.012587412587412583
2025-01-21,7100,7160,7040,7070,44810,0.0014164305949009304
2025-01-22,7090,7090,6920,6930,88613,-0.01980198019801982
2025-01-23,6930,6930,6770,6780,70963,-0.02164502164502169
2025-01-24,6810,6850,6710,6830,28715,0.007374631268436627
2025-01-31,6830,6840,6750,6770,44894,-0.008784773060029227
2025-02-03,6700,6770,6510,6590,77187,-0.026587887740029514
2025-02-04,6590,6750,6590,6730,37107,0.02124430955993928
2025-02-05,6810,6850,6740,6830,30311,0.014858841010401136
2025-02-06,6830,6980,6830,6960,67597,0.019033674963396807
2025-02-07,6960,6960,6800,6810,41772,-0.02155172413793105
2025-02-10,6870,6870,6670,6840,47926,0.004405286343612369
2025-02-11,6840,6880,6780,6820,19772,-0.0029239766081871066
2025-02-12,6860,6860,6750,6830,52968,0.0014662756598240456
2025-02-13,7010,7140,6900,7110,209938,0.040995607613469875
2025-02-14,7170,7170,7010,7010,93645,-0.01406469760900142
2025-02-17,7080,7120,7020,7090,39364,0.011412268188302432
2025-02-18,7100,7100,7010,7060,50507,-0.004231311706629048
2025-02-19,7100,7100,7030,7030,33219,-0.004249291784702569
2025-02-20,7340,7490,7210,7280,416587,0.03556187766714092
2025-02-21,7350,7360,7150,7300,108529,0.0027472527472527375
2025-02-24,7220,7230,7140,7220,59329,-0.010958904109588996
2025-02-25,7240,7390,7120,7250,103270,0.0041551246537396835
2025-02-26,7250,7250,7100,7130,75071,-0.016551724137931045
2025-02-27,7110,7480,7100,7400,297979,0.03786816269284721
2025-02-28,7270,7470,7050,7150,177288,-0.03378378378378377
2025-03-04,7200,7390,7070,7240,163456,0.012587412587412583
2025-03-05,7230,7330,7150,7240,96372,0.0
2025-03-06,7300,7450,7220,7310,132890,0.00966850828729271
2025-03-07,7310,7350,7170,7230,82808,-0.01094391244870041
2025-03-10,7230,7240,7120,7150,49910,-0.011065006915629283
2025-03-11,7030,7120,6930,7090,46393,-0.008391608391608352
2025-03-12,7060,7330,7060,7260,73049,0.023977433004231274
2025-03-13,7260,7290,7145,7170,51185,-0.012396694214875992
2025-03-14,7170,7250,7140,7180,71055,0.001394700139470073
2025-03-17,7220,7270,6990,7070,204590,-0.01532033426183843
2025-03-18,7130,7130,7000,7030,62407,-0.005657708628005631
2025-03-19,7040,7060,6990,7030,69468,0.0
2025-03-20,7030,7130,6940,6950,116875,-0.011379800853485111
2025-03-21,7000,7020,6820,6880,201295,-0.010071942446043147
2025-03-24,6910,6990,6870,6910,69783,0.0043604651162789665
2025-03-25,6910,6960,6750,6830,124871,-0.01157742402315487
2025-03-26,6830,6870,6800,6840,77279,0.0014641288433381305
2025-03-27,6780,6890,6750,6880,60102,0.005847953216374213
2025-03-28,6770,6780,6610,6650,116010,-0.03343023255813948
2025-03-31,6630,6630,6310,6400,112018,-0.03759398496240607
2025-04-01,6400,6590,6370,6520,46337,0.018750000000000044
2025-04-02,6600,6650,6450,6470,41483,-0.0076687116564416735
2025-04-03,6320,6420,6270,6350,35544,-0.018547140649149974
2025-04-04,6200,6460,6190,6430,50297,0.012598425196850505
2025-04-07,6320,6320,5950,5970,118500,-0.07153965785381022
2025-04-08,6060,6100,5930,5980,42721,0.0016750418760469454
2025-04-09,5900,5980,5730,5760,76902,-0.03678929765886285
2025-04-10,6020,6150,6000,6130,32447,0.06423611111111116
2025-04-11,6090,6250,5990,6250,44512,0.019575856443719397
2025-04-14,6280,6860,6200,6480,251493,0.036799999999999944
2025-04-15,6480,6590,6430,6580,46351,0.015432098765432167
2025-04-16,6580,6720,6570,6640,110186,0.00911854103343468
2025-04-17,6600,6730,6600,6720,62139,0.012048192771084265
2025-04-18,6720,6850,6710,6810,31996,0.013392857142857206
2025-04-21,6800,6850,6710,6760,32995,-0.007342143906020504
2025-04-22,6730,6800,6660,6800,92298,0.00591715976331364
2025-04-23,6860,6900,6710,6810,54293,0.0014705882352941124
2025-04-24,6840,7200,6740,7070,307266,0.038179148311306976
2025-04-25,7120,7120,6880,6960,80951,-0.01555869872701554
2025-04-28,6950,6970,6800,6870,50610,-0.012931034482758674
2025-04-29,6860,6940,6820,6940,74256,0.010189228529839944
2025-04-30,6920,6930,6780,6840,53033,-0.014409221902017322
2025-05-02,6930,7100,6870,7030,142406,0.02777777777777768
2025-05-07,7060,7060,6930,6950,82658,-0.011379800853485111
2025-05-08,6980,7240,6980,7180,184510,0.03309352517985609
2025-05-09,7270,7270,7110,7210,80242,0.00417827298050133
2025-05-12,7250,7250,7110,7140,72135,-0.009708737864077666
2025-05-13,7100,7210,7090,7210,47657,0.009803921568627416
2025-05-14,7160,7220,7070,7160,80317,-0.006934812760055475
2025-05-15,7140,7140,6970,7000,79443,-0.022346368715083775
2025-05-16,6990,7050,6920,6980,91863,-0.0028571428571428914
2025-05-19,7000,7000,6720,6850,82057,-0.01862464183381085
2025-05-20,6860,6970,6770,6970,35747,0.01751824817518255
2025-05-21,7000,7020,6900,6940,39551,-0.004304160688665681
2025-05-22,6980,7010,6900,6950,39945,0.0014409221902016434
2025-05-23,6990,7160,6920,7130,88622,0.025899280575539585
2025-05-26,7210,7210,6840,7070,44985,-0.008415147265077194
2025-05-27,7100,7180,7080,7120,63060,0.007072135785006983
2025-05-28,7130,7190,7090,7100,35395,-0.002808988764044895
2025-05-29,7140,7150,7070,7100,50442,0.0
2025-05-30,7140,7160,7080,7090,50838,-0.0014084507042253502
2025-06-02,7140,7180,7100,7130,45168,0.005641748942172065
2025-06-04,7120,7210,7070,7190,54191,0.008415147265077083
2025-06-05,7190,7240,7110,7110,79843,-0.011126564673157202
2025-06-09,7190,7240,7150,7220,59154,0.015471167369901506
2025-06-10,7220,7260,7180,7260,56272,0.005540166204986097
2025-06-11,7320,7340,7260,7330,73056,0.009641873278236845
2025-06-12,7390,7440,7300,7380,62122,0.006821282401091366
2025-06-13,7350,7350,7110,7140,123376,-0.03252032520325199
2025-06-16,7130,7200,7010,7150,86796,0.0014005602240896309
2025-06-17,7230,7300,7100,7290,102568,0.019580419580419672
2025-06-18,7250,7380,7220,7380,67421,0.012345679012345734
2025-06-19,7450,7550,7400,7480,107171,0.013550135501354976
2025-06-20,7540,7860,7420,7850,573732,0.04946524064171132
2025-06-23,8110,8110,7850,8080,321158,0.029299363057324834
2025-06-24,8070,8070,7820,7950,176976,-0.016089108910891103
2025-06-25,8020,8020,7720,7740,122346,-0.026415094339622636
2025-06-26,7830,7840,7470,7570,98580,-0.021963824289405687
2025-06-27,7610,7680,7440,7510,70829,-0.00792602377807139
2025-06-30,7620,7850,7620,7780,121046,0.03595206391478034
2025-07-01,7830,7890,7730,7770,117063,-0.0012853470437017567
2025-07-02,7770,7840,7590,7690,111541,-0.01029601029601035
2025-07-03,7730,7730,7630,7670,76091,-0.002600780234070177
2025-07-04,7670,7720,7530,7540,157676,-0.016949152542372836
2025-07-07,7540,7650,7490,7580,52028,0.0053050397877985045
2025-07-08,7620,9050,7610,8840,6697458,0.1662269129287599
2025-07-09,8930,9480,8710,9340,2117755,0.0565610859728507
2025-07-10,9410,9710,9150,9400,1133559,0.0064239828693790635
2025-07-11,9280,9300,8580,8660,1083468,-0.0787234042553191
2025-07-14,8870,9030,8550,8930,1079650,0.03117782909930722
2025-07-15,8930,8990,8550,8890,481632,-0.004479283314669624
2025-07-16,9110,9550,8910,9230,1433174,0.038245219347581516
2025-07-17,9490,10150,9370,9820,1842519,0.06392199349945837
2025-07-18,9790,9790,9350,9440,540685,-0.03869653767820769
2025-07-21,9440,9490,9050,9300,360803,-0.014830508474576232
2025-07-22,9340,9490,8580,8860,848194,-0.047311827956989294
2025-07-23,8960,9340,8870,9160,461625,0.0338600451467268
2025-07-24,9390,10290,9110,9140,1457999,-0.0021834061135370675
2025-07-25,9150,9530,9010,9160,364608,0.002188183807439792
2025-07-28,9370,10210,9130,9870,1379907,0.07751091703056767
2025-07-29,9720,10010,9450,9920,521404,0.005065856129685908
2025-07-30,10110,10150,9600,9630,485911,-0.029233870967741882
2025-07-31,9720,10080,9440,9540,627426,-0.009345794392523366
2025-08-01,9350,9780,9280,9410,519744,-0.013626834381551323
2025-08-04,9410,9680,9140,9630,311753,0.023379383634431372
2025-08-05,9680,9850,9560,9690,344728,0.006230529595015577
2025-08-06,9790,10225,9710,10100,1261102,0.04231166150670784
2025-08-07,10280,10730,9980,10540,1596139,0.0435643564356436
2025-08-08,10500,11450,10220,11300,1665922,0.07210626185958247
2025-08-11,11130,11180,10320,10480,1051161,-0.07256637168141589
2025-08-12,10480,10870,10090,10180,633226,-0.028625954198473247
2025-08-13,10230,10260,9840,10100,511667,-0.007858546168958758
2025-08-14,10270,11780,9910,11100,2577791,0.0990099009900991
2025-08-18,11100,11830,11050,11280,1001597,0.016216216216216273
2025-08-19,11260,11620,10800,11260,539885,-0.0017730496453900457
2025-08-20,11100,11480,11050,11430,438224,0.015097690941385356
2025-08-21,11530,11680,10940,10940,522708,-0.04286964129483817
2025-08-22,10940,11430,10810,11320,370889,0.034734917733089565
2025-08-25,11440,13200,11410,12480,2104698,0.10247349823321561
2025-08-26,12350,12800,12150,12630,537579,0.012019230769230838
2025-08-27,12630,13420,12560,13190,796890,0.04433887569279493
2025-08-28,13070,14340,13050,14150,1588482,0.0727824109173616
2025-08-29,14230,14420,13650,13720,630608,-0.030388692579505272
2025-09-01,13720,14500,13490,14460,827128,0.05393586005830908
2025-09-02,14500,15490,14100,15080,953218,0.042876901798063694
2025-09-03,15120,15340,14620,14680,449221,-0.02652519893899208
2025-09-04,14800,15170,13950,14010,656797,-0.04564032697547682
2025-09-05,14200,14620,13900,14030,530228,0.001427551748750977
2025-09-08,14030,14580,14030,14310,342865,0.019957234497505416
2025-09-09,14420,14750,14000,14670,528234,0.02515723270440251
2025-09-10,14670,14790,13260,13680,1470769,-0.06748466257668717
2025-09-11,13500,13560,13050,13400,1037620,-0.020467836257309968
2025-09-12,13370,13470,12930,13000,638188,-0.02985074626865669
2025-09-15,12900,12930,11980,12220,1404118,-0.06000000000000005
2025-09-16,12200,12200,11700,12030,711771,-0.01554828150572829
2025-09-17,12040,12120,11730,11870,356471,-0.013300083125519557
2025-09-18,12100,12190,11600,11740,579926,-0.010951979780960408
2025-09-19,11700,11720,11400,11460,428545,-0.023850085178875657
2025-09-22,11510,11660,11260,11310,433224,-0.01308900523560208
2025-09-23,11320,11430,11160,11330,340377,0.0017683465959328348
2025-09-24,11450,11520,11100,11180,426281,-0.013239187996469504
2025-09-25,11110,11420,11060,11250,284905,0.0062611806797854275
2025-09-26,11250,11420,10940,11040,284737,-0.01866666666666672
2025-09-29,11040,11150,10800,11060,251281,0.0018115942028984477
2025-09-30,11060,11150,10900,11000,213142,-0.005424954792043413
2025-10-01,10980,11100,10850,10970,202033,-0.0027272727272726893
2025-10-02,11020,11070,10560,10830,349847,-0.012762078395624377
2025-10-10,10830,10860,10390,10610,400368,-0.02031394275161591
2025-10-13,10400,10830,10370,10790,205759,0.016965127238454336
2025-10-14,10740,10760,10200,10320,258128,-0.043558850787766445
2025-10-15,10320,10550,10200,10490,170160,0.016472868217054293
2025-10-16,10410,10490,10110,10160,224404,-0.03145853193517634
2025-10-17,10080,10150,9970,10100,243694,-0.0059055118110236116
2025-10-20,10010,10160,9920,10160,165906,0.005940594059405946
2025-10-21,10160,10160,9770,9880,241496,-0.027559055118110187
2025-10-22,9920,10210,9820,10070,321408,0.019230769230769162
2025-10-23,10210,10660,10070,10570,655972,0.0496524329692154
2025-10-24,10700,10700,10120,10200,371982,-0.035004730368968784
2025-10-27,10200,10370,10090,10150,319448,-0.004901960784313708
2025-10-28,10140,10490,9940,9940,273811,-0.020689655172413834
2025-10-29,9990,10070,9750,9770,240039,-0.017102615694164935
2025-10-30,9820,10240,9750,9950,539763,0.0184237461617196
2025-10-31,9950,10170,9680,9740,290756,-0.021105527638190957
2025-11-03,9880,9990,9470,9900,440476,0.01642710472279263
2025-11-04,9890,10070,9620,10010,248975,0.011111111111111072
2025-11-05,9940,9940,9450,9860,221367,-0.014985014985015033
2025-11-06,9880,10050,9380,9390,165873,-0.047667342799188606
2025-11-07,9290,10040,9250,9760,369340,0.03940362087326954
2025-11-10,9760,9890,9620,9790,110872,0.0030737704918033515
2025-11-11,9790,9810,9340,9390,242058,-0.04085801838610825
2025-11-12,9300,9900,9300,9830,199040,0.04685835995740151
2025-11-13,9370,9370,8710,9050,798653,-0.0793489318413021
2025-11-14,9000,9200,8910,9020,168978,-0.0033149171270717703
2025-11-17,9020,9070,8860,9010,199687,-0.0011086474501108556
2025-11-18,9010,9090,8830,8840,140052,-0.018867924528301883
2025-11-19,8840,9330,8740,9270,319505,0.04864253393665163
2025-11-20,9310,10900,9290,10810,2149285,0.16612729234088452
2025-11-21,10910,10950,9770,9850,1047683,-0.08880666049953745
2025-11-24,9850,9910,9470,9760,438645,-0.009137055837563413
2025-11-25,9760,9830,9210,9290,294747,-0.04815573770491799
2025-11-26,9340,9480,9160,9350,204454,0.006458557588805203
2025-11-27,9360,9800,9230,9260,359533,-0.009625668449197877
2025-11-28,9360,9850,9280,9800,332321,0.05831533477321815
2025-12-01,9900,9910,9450,9600,205617,-0.020408163265306145
2025-12-02,9640,10060,9550,9910,192939,0.03229166666666661
2025-12-03,9900,9900,9700,9730,130649,-0.01816347124117057
2025-12-04,9760,9840,9580,9730,143487,0.0
2025-12-05,9760,9790,9540,9610,126190,-0.012332990750256956
2025-12-08,9670,10370,9670,10260,459538,0.06763787721123826
2025-12-09,10270,10270,9920,10020,145467,-0.023391812865497075
2025-12-10,10000,10070,9750,9770,181989,-0.024950099800399195
2025-12-11,9990,10050,9700,9710,190271,-0.0061412487205732
2025-12-12,9670,9810,8900,9130,467063,-0.05973223480947476
2025-12-15,9130,11860,9110,11200,3699478,0.22672508214676879
2025-12-16,11200,13200,10980,12980,4693030,0.15892857142857153
2025-12-17,12890,13030,11910,12090,816249,-0.06856702619414479
2025-12-18,11770,11940,11320,11520,522145,-0.04714640198511166
2025-12-19,11580,11640,11080,11220,547160,-0.02604166666666663
2025-12-22,11220,11260,10990,11040,395684,-0.016042780748663055
2025-12-23,11110,11230,10690,10870,413575,-0.015398550724637694
2025-12-24,10870,11100,10770,10870,222649,0.0
2025-12-26,10870,10960,10450,10510,195994,-0.03311867525298984
2025-12-29,10620,11055,10150,10290,349356,-0.020932445290199775
2025-12-30,10350,10630,10150,10470,189557,0.017492711370262315
2026-01-02,10860,11070,10640,10940,275125,0.04489016236867238
2026-01-05,11020,11020,10370,10680,176289,-0.02376599634369292
2026-01-06,10650,10650,10110,10110,226174,-0.053370786516853896
2026-01-07,10240,10240,9830,10000,190048,-0.010880316518298683
2026-01-08,10060,10100,9740,9900,108444,-0.010000000000000009
2026-01-09,9760,10330,9760,10200,165788,0.030303030303030276
2026-01-12,10300,10300,9670,9940,391658,-0.025490196078431393
2026-01-13,10080,10080,9790,9920,112759,-0.002012072434607659
2026-01-14,9910,10010,9800,9880,80019,-0.0040322580645161255
2026-01-15,9930,10020,9660,9730,130317,-0.015182186234817818
2026-01-16,9700,9730,9430,9450,152462,-0.02877697841726623
2026-01-19,9430,9440,9200,9340,149334,-0.011640211640211673
2026-01-20,9360,9680,9210,9650,123209,0.03319057815845827
2026-01-21,9630,9850,9270,9440,126144,-0.021761658031088094
2026-01-22,9570,10520,9050,10040,406784,0.06355932203389836
2026-01-23,10040,10270,9860,10220,143087,0.017928286852589626
2026-01-26,10270,10290,9920,10100,167950,-0.011741682974559686
2026-01-27,10140,10200,9880,10080,102160,-0.001980198019801982
2026-01-28,10090,10340,10040,10300,159978,0.021825396825396748
2026-01-29,10300,10510,10000,10400,137176,0.009708737864077666
2026-01-30,10490,10670,10280,10600,210415,0.019230769230769162
2026-02-02,10610,10920,10300,10550,154820,-0.004716981132075526
2026-02-03,10650,10700,10170,10390,161798,-0.01516587677725123
2026-02-04,10490,10750,10410,10530,104170,0.013474494706448459
2026-02-05,10500,10690,10240,10300,122942,-0.021842355175688555
2026-02-06,10280,10300,9650,10220,89615,-0.007766990291262155
2026-02-09,10330,11940,10310,11810,687590,0.15557729941291587
2026-02-10,11650,11860,11200,11300,251903,-0.04318374259102453
2026-02-11,11420,11420,11080,11250,175165,-0.004424778761061954
2026-02-12,12140,12410,11770,12020,472755,0.06844444444444453
2026-02-13,11900,11950,11470,11490,177312,-0.04409317803660562
2026-02-19,11830,11970,11490,11810,127525,0.027850304612706767
2026-02-20,11840,12100,11590,11590,140751,-0.018628281117696877
