Date,Open,High,Low,Close,Volume,Change
2022-01-03,10650,10750,10500,10550,100997,-0.014018691588784993
2022-01-04,10550,10700,10400,10600,83385,0.004739336492890933
2022-01-05,10600,10700,10400,10550,182826,-0.004716981132075526
2022-01-06,10500,10500,10150,10200,184153,-0.033175355450236976
2022-01-07,10300,10500,10250,10350,99406,0.014705882352941124
2022-01-10,10250,10350,10000,10150,209446,-0.019323671497584516
2022-01-11,10100,10200,9850,9990,208056,-0.015763546798029604
2022-01-12,10100,10200,9990,10000,65004,0.0010010010010010895
2022-01-13,10000,10100,9980,10050,60182,0.004999999999999893
2022-01-14,10000,10150,10000,10050,43240,0.0
2022-01-17,10100,10450,10000,10350,81984,0.029850746268656803
2022-01-18,10400,10600,10100,10350,64430,0.0
2022-01-19,10100,10400,10100,10400,83376,0.004830917874396157
2022-01-20,10350,10500,10300,10500,47278,0.009615384615384581
2022-01-21,10450,10500,10200,10350,41261,-0.014285714285714235
2022-01-24,10250,10300,9980,10000,103955,-0.033816425120772986
2022-01-25,10000,10150,9770,10050,107926,0.004999999999999893
2022-01-26,9930,10150,9930,10100,64751,0.004975124378109541
2022-01-27,10050,10150,9870,10100,69656,0.0
2022-01-28,9990,10200,9930,10000,51855,-0.00990099009900991
2022-02-03,10050,10150,9970,10100,49620,0.010000000000000009
2022-02-04,9980,10100,9980,10000,48215,-0.00990099009900991
2022-02-07,10050,10300,9980,10300,71905,0.030000000000000027
2022-02-08,10200,10550,10200,10400,74765,0.009708737864077666
2022-02-09,10350,10400,9930,9950,248944,-0.043269230769230727
2022-02-10,9960,10050,9900,10000,78037,0.005025125628140614
2022-02-11,9910,9980,9700,9750,105182,-0.025000000000000022
2022-02-14,9620,9740,9340,9560,106323,-0.019487179487179485
2022-02-15,9500,9840,9310,9840,132113,0.029288702928870203
2022-02-16,9860,9940,9750,9870,77847,0.0030487804878047697
2022-02-17,9940,10100,9750,10000,97278,0.01317122593718345
2022-02-18,10000,10500,9900,10500,247886,0.050000000000000044
2022-02-21,10350,10400,10100,10200,86828,-0.02857142857142858
2022-02-22,10000,10300,9920,10250,145205,0.004901960784313708
2022-02-23,10200,10300,10050,10100,105661,-0.014634146341463428
2022-02-24,10100,10100,9870,9980,102941,-0.011881188118811892
2022-02-25,9950,10000,9790,9820,254123,-0.01603206412825653
2022-02-28,9830,10150,9800,10000,44970,0.018329938900203624
2022-03-02,10000,10100,9970,9990,47839,-0.0010000000000000009
2022-03-03,10050,10100,9980,10050,53038,0.006006006006006093
2022-03-04,10000,10200,9980,10150,59721,0.00995024875621886
2022-03-07,10050,10150,9970,10050,44878,-0.009852216748768461
2022-03-08,10000,10050,9960,9990,48449,-0.005970149253731294
2022-03-10,10050,10150,9990,10000,125648,0.0010010010010010895
2022-03-11,10000,10050,9980,10050,33589,0.004999999999999893
2022-03-14,10050,10100,9910,9920,41598,-0.012935323383084563
2022-03-15,9850,9960,9810,9830,31717,-0.009072580645161255
2022-03-16,9920,10100,9830,10050,41741,0.02238046795523907
2022-03-17,10100,10150,9940,9990,82076,-0.005970149253731294
2022-03-18,10000,10000,9840,9910,81853,-0.00800800800800805
2022-03-21,9950,9950,9700,9700,140423,-0.021190716448032276
2022-03-22,9640,9800,9600,9620,98010,-0.008247422680412342
2022-03-23,9720,9870,9630,9790,75310,0.017671517671517645
2022-03-24,9750,9830,9650,9830,72128,0.004085801838610736
2022-03-25,9830,9830,9660,9680,53654,-0.015259409969481164
2022-03-28,9740,9780,9610,9660,34044,-0.0020661157024793875
2022-03-29,9610,9800,9560,9750,82057,0.009316770186335477
2022-03-30,9780,9780,9630,9720,49558,-0.003076923076923088
2022-03-31,9830,10000,9710,9960,145068,0.024691358024691468
2022-04-01,9970,10400,9860,10350,201201,0.03915662650602414
2022-04-04,10350,10500,10150,10400,100862,0.004830917874396157
2022-04-05,10350,10650,10300,10650,136861,0.024038461538461453
2022-04-06,10650,10800,10500,10700,108960,0.0046948356807512415
2022-04-07,10700,10750,10400,10750,85714,0.004672897196261738
2022-04-08,10600,10750,10550,10700,45491,-0.0046511627906976605
2022-04-11,10800,11350,10700,10750,405255,0.004672897196261738
2022-04-12,10800,11000,10600,10800,135239,0.0046511627906977715
2022-04-13,10750,10850,10600,10850,66646,0.004629629629629539
2022-04-14,10750,11000,10700,10900,127160,0.004608294930875667
2022-04-15,10900,11400,10750,11250,281418,0.032110091743119185
2022-04-18,11250,11350,11050,11100,132049,-0.013333333333333308
2022-04-19,11100,11350,11000,11250,103878,0.013513513513513598
2022-04-20,11250,11300,10900,11000,173917,-0.022222222222222254
2022-04-21,11000,11050,10600,10700,92622,-0.027272727272727226
2022-04-22,10750,10750,10400,10750,81997,0.004672897196261738
2022-04-25,10700,10700,10400,10450,93771,-0.027906976744186074
2022-04-26,10600,10650,10400,10600,118392,0.014354066985645897
2022-04-27,10450,10700,10400,10650,96005,0.004716981132075526
2022-04-28,10600,10700,10550,10700,65390,0.0046948356807512415
2022-04-29,10750,10850,10550,10700,124586,0.0
2022-05-02,10600,10800,10550,10800,60764,0.009345794392523255
2022-05-03,10750,11000,10700,10900,52275,0.0092592592592593
2022-05-04,10800,10850,10250,10550,220360,-0.032110091743119296
2022-05-06,10400,10500,10250,10400,56125,-0.014218009478673022
2022-05-09,10300,10650,10100,10600,130367,0.019230769230769162
2022-05-10,10400,10400,10100,10200,181462,-0.037735849056603765
2022-05-11,10200,10250,9930,10000,172965,-0.019607843137254943
2022-05-12,9900,9950,9510,9710,174296,-0.029000000000000026
2022-05-13,9860,10050,9680,9710,78885,0.0
2022-05-16,9720,9950,9720,9900,35744,0.019567456230690006
2022-05-17,9900,9900,9720,9800,68478,-0.010101010101010055
2022-05-18,9800,9870,9600,9700,150097,-0.010204081632653073
2022-05-19,9600,9810,9390,9740,127251,0.004123711340206171
2022-05-20,9680,9700,9350,9360,374223,-0.03901437371663241
2022-05-23,9380,9420,9100,9170,271013,-0.020299145299145338
2022-05-24,9170,9220,8890,8890,212293,-0.03053435114503822
2022-05-25,8900,9070,8870,8980,130172,0.01012373453318327
2022-05-26,8990,9050,8690,8740,194961,-0.026726057906458767
2022-05-27,8760,8840,8720,8800,70971,0.006864988558352492
2022-05-30,8880,8940,8780,8850,76684,0.005681818181818121
2022-05-31,8870,8930,8800,8860,66709,0.001129943502824915
2022-06-02,8850,8850,8610,8620,115442,-0.02708803611738153
2022-06-03,8640,8910,8570,8870,247986,0.029002320185614883
2022-06-07,8870,8870,8700,8780,74725,-0.01014656144306647
2022-06-08,8800,8830,8700,8730,60202,-0.005694760820045608
2022-06-09,8710,8720,8470,8550,98931,-0.020618556701030966
2022-06-10,8480,8590,8170,8490,222390,-0.007017543859649145
2022-06-13,8460,8570,8210,8540,155131,0.005889281507656108
2022-06-14,8270,8540,8250,8290,124271,-0.029274004683840782
2022-06-15,8210,8260,7860,7880,151397,-0.049457177322074775
2022-06-16,7930,8070,7650,7650,107053,-0.029187817258883197
2022-06-17,7340,7850,7330,7850,99822,0.02614379084967311
2022-06-20,7810,7880,7490,7820,71043,-0.003821656050955413
2022-06-21,7710,7830,7530,7740,83749,-0.010230179028132946
2022-06-22,7770,7780,7350,7410,68948,-0.04263565891472865
2022-06-23,7330,7430,7040,7100,161345,-0.04183535762483126
2022-06-24,7070,7660,7070,7660,101019,0.07887323943661961
2022-06-27,7660,7750,7570,7700,28347,0.005221932114882533
2022-06-28,7700,7910,7600,7910,48203,0.027272727272727337
2022-06-29,7740,7850,7690,7780,54821,-0.01643489254108721
2022-06-30,7750,7750,7460,7550,45809,-0.029562982005141403
2022-07-01,7570,7590,7220,7290,48845,-0.03443708609271523
2022-07-04,7290,7290,6990,7280,130480,-0.00137174211248281
2022-07-05,7210,7370,7160,7370,103635,0.012362637362637319
2022-07-06,7360,7360,7100,7160,93104,-0.028493894165535938
2022-07-07,7160,7480,7130,7430,229659,0.0377094972067038
2022-07-08,7460,7740,7410,7580,186817,0.020188425302826385
2022-07-11,7580,7690,7440,7610,78088,0.003957783641160839
2022-07-12,7600,7600,7300,7340,43068,-0.03547963206307492
2022-07-13,7300,7350,7190,7290,42527,-0.006811989100817484
2022-07-14,7290,7310,7140,7240,42060,-0.006858710562414272
2022-07-15,7200,7270,7040,7080,96307,-0.02209944751381221
2022-07-18,7130,7240,7130,7220,70593,0.019774011299435124
2022-07-19,7200,7300,7170,7280,64249,0.008310249307479145
2022-07-20,7320,7480,7270,7310,74382,0.004120879120879106
2022-07-21,7290,7320,7250,7300,30035,-0.001367989056087593
2022-07-22,7310,7350,7250,7310,46065,0.00136986301369868
2022-07-25,7290,7350,7130,7230,85510,-0.01094391244870041
2022-07-26,7250,7350,7200,7340,42340,0.015214384508990264
2022-07-27,7360,7360,7230,7280,40357,-0.008174386920980936
2022-07-28,7300,7390,7240,7320,85372,0.005494505494505475
2022-07-29,7300,7540,7280,7490,72428,0.023224043715847076
2022-08-01,7490,7490,7390,7440,53147,-0.006675567423230944
2022-08-02,7440,7490,7350,7490,79750,0.006720430107526987
2022-08-03,7490,9010,7470,8070,2445924,0.07743658210947935
2022-08-04,7990,8010,7720,7760,389489,-0.0384138785625775
2022-08-05,7770,7840,7700,7700,167956,-0.0077319587628865705
2022-08-08,7740,7740,7580,7710,122526,0.0012987012987013546
2022-08-09,7680,7870,7660,7800,91643,0.011673151750972721
2022-08-10,7690,7890,7670,7820,111265,0.002564102564102555
2022-08-11,7830,7850,7710,7800,72647,-0.002557544757033292
2022-08-12,7760,7860,7700,7780,74159,-0.002564102564102555
2022-08-16,7780,7820,7650,7670,88653,-0.014138817480719768
2022-08-17,7670,7690,7530,7570,88060,-0.013037809647979182
2022-08-18,7520,7550,7360,7380,99681,-0.02509907529722588
2022-08-19,7340,7380,7250,7250,58287,-0.017615176151761558
2022-08-22,7150,7220,7080,7160,90239,-0.012413793103448256
2022-08-23,7080,7250,7050,7220,100671,0.008379888268156499
2022-08-24,7250,7350,7150,7290,48102,0.00969529085872578
2022-08-25,7290,7410,7210,7410,83558,0.016460905349794164
2022-08-26,7420,7450,7310,7400,91765,-0.0013495276653171517
2022-08-29,7260,7440,7150,7370,77098,-0.004054054054054013
2022-08-30,7320,7470,7310,7450,77096,0.01085481682496603
2022-08-31,7450,7530,7320,7450,52487,0.0
2022-09-01,7430,7440,7190,7370,63768,-0.010738255033557076
2022-09-02,7320,7360,7220,7270,33776,-0.013568521031207648
2022-09-05,7260,7400,7190,7240,84901,-0.004126547455295726
2022-09-06,7250,7540,7220,7460,200995,0.03038674033149169
2022-09-07,7530,7530,7080,7100,105687,-0.04825737265415553
2022-09-08,7130,7200,6930,6950,160216,-0.021126760563380254
2022-09-13,7000,7180,6970,7160,65061,0.030215827338129442
2022-09-14,6980,7000,6860,6990,84195,-0.023743016759776525
2022-09-15,7010,7010,6720,6750,218264,-0.03433476394849788
2022-09-16,6750,6750,6600,6670,101188,-0.011851851851851891
2022-09-19,6620,6670,6340,6420,174421,-0.03748125937031488
2022-09-20,6420,6490,6390,6400,55745,-0.0031152647975077885
2022-09-21,6390,6540,6360,6430,47663,0.004687499999999956
2022-09-22,6410,6500,6190,6450,102945,0.0031104199066873672
2022-09-23,6360,6400,6250,6270,65989,-0.027906976744186074
2022-09-26,6160,6250,5770,6000,133624,-0.0430622009569378
2022-09-27,5890,6000,5820,5900,129743,-0.01666666666666672
2022-09-28,5820,5930,5620,5690,156066,-0.035593220338983045
2022-09-29,5700,5760,5410,5440,240072,-0.04393673110720564
2022-09-30,5320,5440,5180,5410,265314,-0.005514705882352922
2022-10-04,5480,5560,5400,5560,101772,0.02772643253234741
2022-10-05,5600,5630,5340,5400,98759,-0.02877697841726623
2022-10-06,5410,5480,5370,5450,124159,0.0092592592592593
2022-10-07,5360,5460,5320,5460,59936,0.0018348623853210455
2022-10-11,5350,5470,5170,5170,151351,-0.05311355311355315
2022-10-12,5170,5210,4965,5060,150962,-0.021276595744680882
2022-10-13,4995,5050,4880,4995,129143,-0.012845849802371578
2022-10-14,5050,5210,5030,5130,88766,0.027027027027026973
2022-10-17,4970,5150,4940,5090,83384,-0.007797270955165692
2022-10-18,5150,5180,4985,5110,80214,0.003929273084479323
2022-10-19,5130,5210,5060,5140,96612,0.005870841487279899
2022-10-20,5140,5210,5110,5180,60452,0.0077821011673151474
2022-10-21,5150,5370,5120,5230,105831,0.009652509652509744
2022-10-24,5300,5300,5100,5230,125263,0.0
2022-10-25,5210,5300,5190,5270,66038,0.007648183556405286
2022-10-26,5290,5290,5170,5210,41931,-0.011385199240986688
2022-10-27,5170,5270,5170,5260,24169,0.009596928982725572
2022-10-28,5250,5250,5010,5220,30124,-0.0076045627376425395
2022-10-31,5240,5270,5090,5150,45839,-0.013409961685823757
2022-11-01,5150,5250,5090,5250,55196,0.01941747572815533
2022-11-02,5250,5280,5110,5180,66239,-0.013333333333333308
2022-11-03,5100,5180,5070,5090,53462,-0.01737451737451734
2022-11-04,5090,5170,5040,5160,52207,0.013752455795677854
2022-11-07,5160,5220,4995,5200,152143,0.007751937984496138
2022-11-08,5380,6130,5370,5560,1891030,0.0692307692307692
2022-11-09,5540,5610,5400,5430,229743,-0.023381294964028743
2022-11-10,5430,5430,5280,5310,135362,-0.02209944751381221
2022-11-11,5460,5530,5420,5450,99997,0.026365348399246757
2022-11-14,5520,5810,5500,5730,359592,0.05137614678899083
2022-11-15,5760,5820,5570,5770,190579,0.00698080279232105
2022-11-16,5820,5820,5660,5760,118151,-0.0017331022530329143
2022-11-17,5700,5800,5700,5780,55871,0.003472222222222321
2022-11-18,5780,5830,5700,5750,113982,-0.00519031141868509
2022-11-21,5740,5840,5630,5690,100936,-0.01043478260869568
2022-11-22,5630,5740,5600,5700,67304,0.0017574692442883233
2022-11-23,5710,5750,5640,5680,59097,-0.0035087719298245723
2022-11-24,5690,5890,5690,5890,113772,0.0369718309859155
2022-11-25,5930,6120,5880,5900,203137,0.001697792869269854
2022-11-28,5990,5990,5750,5790,94788,-0.01864406779661021
2022-11-29,5800,5860,5730,5860,61241,0.012089810017271052
2022-11-30,5820,5930,5810,5860,57681,0.0
2022-12-01,5950,5970,5860,5940,91459,0.013651877133105783
2022-12-02,6000,6000,5890,6000,71888,0.010101010101010166
2022-12-05,5970,6260,5970,6260,146433,0.043333333333333224
2022-12-06,6160,6950,6120,6660,1244037,0.0638977635782747
2022-12-07,6600,7110,6560,6810,833464,0.022522522522522515
2022-12-08,6710,6730,6400,6600,315565,-0.03083700440528636
2022-12-09,6600,7020,6600,6830,388704,0.034848484848484906
2022-12-12,6830,6830,6600,6750,134111,-0.01171303074670571
2022-12-13,6780,6780,6510,6700,111815,-0.007407407407407418
2022-12-14,6610,7270,6590,7000,531266,0.04477611940298498
2022-12-15,7010,7200,6910,7050,173501,0.0071428571428571175
2022-12-16,6890,7190,6840,7130,177192,0.01134751773049647
2022-12-19,7100,7120,6980,7050,97864,-0.011220196353436185
2022-12-20,7050,7050,6880,7050,129056,0.0
2022-12-21,7050,7200,6980,7100,93853,0.007092198581560183
2022-12-22,7160,7260,7060,7150,111299,0.007042253521126751
2022-12-23,7100,7120,6860,7080,200285,-0.009790209790209836
2022-12-26,7010,7190,6950,7060,120113,-0.0028248587570621764
2022-12-27,7020,7120,6840,7000,94856,-0.008498583569405138
2022-12-28,6940,7010,6850,6990,58865,-0.0014285714285714457
2022-12-29,6970,6970,6590,6830,81115,-0.022889842632331958
2023-01-02,6830,6840,6450,6700,72352,-0.019033674963396807
2023-01-03,6700,6790,6520,6790,67272,0.013432835820895495
2023-01-04,6620,6840,6610,6640,111682,-0.022091310751104598
2023-01-05,6700,6800,6430,6780,140431,0.02108433734939763
2023-01-06,6660,6970,6660,6870,128456,0.01327433628318575
2023-01-09,6910,7430,6870,7380,332699,0.07423580786026207
2023-01-10,7390,7450,7230,7290,99935,-0.012195121951219523
2023-01-11,7320,7330,7200,7250,103727,-0.005486968449931462
2023-01-12,7240,7340,7160,7340,73655,0.012413793103448256
2023-01-13,7300,7440,7240,7350,46999,0.0013623978201635634
2023-01-16,7340,7390,7250,7330,58619,-0.0027210884353741083
2023-01-17,7260,7340,7210,7300,19747,-0.004092769440654842
2023-01-18,7230,7310,7170,7280,29051,-0.002739726027397249
2023-01-19,7230,7310,7130,7280,34195,0.0
2023-01-20,7230,7300,7110,7130,56988,-0.020604395604395642
2023-01-25,7150,7290,7090,7230,66645,0.014025245441795287
2023-01-26,7270,7600,7200,7520,221802,0.04011065006915637
2023-01-27,7570,7580,7410,7530,99059,0.0013297872340425343
2023-01-30,7530,7580,7320,7560,63713,0.003984063745019917
2023-01-31,7440,7560,7420,7480,33989,-0.010582010582010581
2023-02-01,7430,7510,7410,7480,37797,0.0
2023-02-02,7410,7680,7410,7590,78482,0.014705882352941124
2023-02-03,7500,7560,7410,7520,56539,-0.00922266139657446
2023-02-06,7480,7600,7410,7600,38852,0.010638297872340496
2023-02-07,7600,7700,7480,7630,48138,0.003947368421052699
2023-02-08,7710,8030,7700,7960,238580,0.04325032765399728
2023-02-09,7960,8150,7960,8130,103267,0.021356783919598055
2023-02-10,8110,8220,7980,8080,95119,-0.006150061500615034
2023-02-13,7990,8080,7830,7880,84161,-0.024752475247524774
2023-02-14,7850,7880,7590,7620,168748,-0.032994923857868064
2023-02-15,7690,7710,7340,7360,123965,-0.034120734908136496
2023-02-16,7480,7540,7260,7350,190491,-0.0013586956521739468
2023-02-17,7310,7500,7120,7320,84972,-0.004081632653061273
2023-02-20,7340,7400,7100,7330,142531,0.001366120218579292
2023-02-21,7330,7470,7170,7340,89376,0.0013642564802183177
2023-02-22,7350,7350,7110,7190,39646,-0.02043596730245234
2023-02-23,7230,7230,7140,7170,26515,-0.0027816411682892728
2023-02-24,7170,7200,7050,7140,27902,-0.004184100418409997
2023-02-27,7140,7170,6970,7160,35970,0.0028011204481792618
2023-02-28,7220,7490,7220,7300,148458,0.019553072625698276
2023-03-02,7350,7530,7260,7530,91419,0.03150684931506853
2023-03-03,7490,7610,7420,7530,71710,0.0
2023-03-06,7530,7580,7410,7480,45317,-0.006640106241699861
2023-03-07,7480,7700,7410,7680,101145,0.02673796791443861
2023-03-08,7660,7660,7390,7490,57365,-0.02473958333333337
2023-03-09,7470,7490,7290,7440,44847,-0.006675567423230944
2023-03-10,7330,7420,7160,7160,40393,-0.037634408602150504
2023-03-13,7090,7280,6950,7230,67952,0.009776536312849249
2023-03-14,7230,7230,6580,7000,118598,-0.0318118948824343
2023-03-15,7050,7060,6830,6990,106151,-0.0014285714285714457
2023-03-16,7000,7090,6780,7000,48820,0.0014306151645206988
2023-03-17,7050,7240,6980,7210,58410,0.030000000000000027
2023-03-20,7200,7210,7010,7210,64074,0.0
2023-03-21,7210,7240,7010,7240,68374,0.004160887656033285
2023-03-22,7240,7240,7090,7200,39982,-0.0055248618784530246
2023-03-23,7190,7190,6920,7030,139028,-0.023611111111111138
2023-03-24,7030,7150,6950,7020,29161,-0.0014224751066855834
2023-03-27,7030,7030,6890,7010,38881,-0.0014245014245014564
2023-03-28,6920,7130,6900,7130,53473,0.017118402282453538
2023-03-29,7130,7130,6960,7040,45372,-0.012622720897615736
2023-03-30,6970,7020,6900,6910,79890,-0.01846590909090906
2023-03-31,6910,7020,6850,6910,51860,0.0
2023-04-03,6950,6970,6790,6940,79784,0.004341534008682979
2023-04-04,6970,7040,6820,6940,91400,0.0
2023-04-05,6970,7000,6810,6930,79745,-0.0014409221902017544
2023-04-06,6900,6930,6750,6770,97440,-0.023088023088023046
2023-04-07,6800,7020,6800,7000,97908,0.033973412112259904
2023-04-10,7000,7070,6830,6970,86876,-0.004285714285714337
2023-04-11,6970,7000,6780,7000,139783,0.004304160688665792
2023-04-12,7000,7010,6850,6910,108541,-0.0128571428571429
2023-04-13,6850,6900,6770,6770,124227,-0.02026049204052094
2023-04-14,6800,6920,6420,6510,719679,-0.03840472673559825
2023-04-17,6490,6700,6490,6680,147683,0.02611367127496167
2023-04-18,6690,6890,6580,6830,107541,0.022455089820359264
2023-04-19,6830,6890,6670,6870,82961,0.005856515373352744
2023-04-20,6890,7060,6630,6740,156481,-0.018922852983988325
2023-04-21,6690,6730,6500,6700,99300,-0.005934718100890191
2023-04-24,6730,6740,6550,6620,100801,-0.011940298507462699
2023-04-25,6650,6710,6500,6710,99542,0.013595166163141936
2023-04-26,6630,6690,6540,6570,75030,-0.02086438152011927
2023-04-27,6550,6740,6430,6610,146855,0.0060882800608828
2023-04-28,6610,6720,6470,6580,104148,-0.004538577912254205
2023-05-02,6530,6640,6510,6640,39817,0.00911854103343468
2023-05-03,6520,6670,6520,6650,54109,0.001506024096385561
2023-05-04,6590,6850,6530,6850,76971,0.03007518796992481
2023-05-08,6850,6860,6680,6850,198394,0.0
2023-05-09,7000,7050,6650,6760,243655,-0.013138686131386912
2023-05-10,6720,6740,6630,6640,68023,-0.017751479289940808
2023-05-11,6640,6990,6630,6870,142502,0.034638554216867457
2023-05-12,6890,6890,6620,6650,105554,-0.03202328966521106
2023-05-15,6610,6700,6530,6630,48813,-0.003007518796992459
2023-05-16,6630,6640,6490,6600,59932,-0.004524886877828038
2023-05-17,6590,6650,6480,6650,59818,0.007575757575757569
2023-05-18,6650,6690,6590,6620,42900,-0.004511278195488688
2023-05-19,6660,6690,6500,6580,64716,-0.0060422960725075026
2023-05-22,6600,6600,6470,6540,91722,-0.006079027355623046
2023-05-23,6570,6620,6500,6610,46046,0.010703363914372988
2023-05-24,6600,6600,6480,6530,101894,-0.012102874432677768
2023-05-25,6490,6550,6380,6390,106514,-0.02143950995405819
2023-05-26,6390,6440,6220,6330,118648,-0.009389671361502372
2023-05-30,6360,6380,6230,6330,90083,0.0
2023-05-31,6360,6370,6260,6330,48306,0.0
2023-06-01,6330,6500,6260,6470,132265,0.02211690363349139
2023-06-02,6470,6770,6450,6740,183043,0.04173106646058722
2023-06-05,6740,6790,6590,6650,92229,-0.013353115727002929
2023-06-07,6600,6650,6570,6630,41919,-0.003007518796992459
2023-06-08,6610,6660,6550,6630,33119,0.0
2023-06-09,6810,6960,6710,6850,257094,0.03318250377073917
2023-06-12,6880,6940,6810,6900,77661,0.007299270072992803
2023-06-13,6830,6970,6780,6870,112191,-0.004347826086956497
2023-06-14,6880,6950,6810,6930,89081,0.008733624454148492
2023-06-15,6910,6940,6790,6840,72634,-0.012987012987012991
2023-06-16,6820,6950,6790,6930,85272,0.013157894736842035
2023-06-19,6930,6930,6790,6910,39535,-0.0028860028860029363
2023-06-20,6820,6920,6800,6920,55427,0.0014471780028944004
2023-06-21,6920,6920,6770,6830,64326,-0.013005780346820761
2023-06-22,6840,7400,6800,7300,375774,0.06881405563689613
2023-06-23,7480,8160,7390,7880,1047007,0.07945205479452055
2023-06-26,7820,8050,7640,7850,448144,-0.0038071065989847552
2023-06-27,7830,7850,7560,7650,187162,-0.02547770700636942
2023-06-28,7610,7780,7540,7750,128950,0.013071895424836555
2023-06-29,7690,7740,7580,7680,63702,-0.00903225806451613
2023-06-30,7610,7660,7420,7580,85012,-0.01302083333333337
2023-07-03,7580,7880,7450,7810,210694,0.03034300791556732
2023-07-04,7810,7950,7730,7830,136286,0.00256081946222797
2023-07-05,7930,7930,7670,7760,112311,-0.008939974457215838
2023-07-06,7670,7750,7490,7520,110327,-0.030927835051546393
2023-07-07,7500,7590,7210,7390,108304,-0.017287234042553168
2023-07-10,7390,7390,7180,7210,58393,-0.024357239512855178
2023-07-11,7250,7260,7090,7250,78421,0.00554785020804438
2023-07-12,7300,7380,7120,7120,110944,-0.017931034482758568
2023-07-13,7130,7290,7130,7290,78645,0.023876404494381998
2023-07-14,7240,7300,7090,7230,105983,-0.008230452674897082
2023-07-17,7170,7210,7030,7040,111198,-0.026279391424619658
2023-07-18,7070,7120,6960,7060,77782,0.0028409090909091717
2023-07-19,7020,7070,6910,7020,59279,-0.005665722379603388
2023-07-20,7000,7000,6800,6800,140581,-0.031339031339031376
2023-07-21,6860,6870,6710,6780,58815,-0.002941176470588225
2023-07-24,6760,6780,6650,6740,84283,-0.005899705014749235
2023-07-25,6760,6780,6450,6540,159635,-0.029673590504451064
2023-07-26,6540,6580,6210,6430,150190,-0.016819571865443472
2023-07-27,6410,6770,6400,6740,89248,0.04821150855365475
2023-07-28,6790,6800,6590,6650,61854,-0.013353115727002929
2023-07-31,6700,6800,6530,6680,57481,0.004511278195488799
2023-08-01,6780,6940,6650,6940,67045,0.038922155688622784
2023-08-02,6890,6950,6630,6700,59793,-0.03458213256484155
2023-08-03,6590,6770,6580,6690,42154,-0.0014925373134327957
2023-08-04,6720,6970,6650,6930,53612,0.03587443946188351
2023-08-07,6930,6930,6790,6920,80168,-0.0014430014430014682
2023-08-08,6920,6920,6490,6600,333498,-0.046242774566473965
2023-08-09,6650,6650,6450,6500,142458,-0.015151515151515138
2023-08-10,6500,6590,6420,6530,90136,0.004615384615384688
2023-08-11,6670,6750,6550,6730,88020,0.030627871362940207
2023-08-14,6790,6790,6570,6710,49986,-0.002971768202080227
2023-08-16,6600,6710,6410,6590,171773,-0.01788375558867361
2023-08-17,6510,6530,6300,6490,53305,-0.015174506828528056
2023-08-18,6450,6450,6280,6390,136610,-0.015408320493066285
2023-08-21,6390,6700,6330,6660,105837,0.04225352112676051
2023-08-22,6700,6710,6550,6610,25061,-0.007507507507507505
2023-08-23,6600,6610,6420,6470,39559,-0.021180030257186067
2023-08-24,6470,6550,6400,6500,34468,0.004636785162287493
2023-08-25,6500,6500,6370,6410,65955,-0.013846153846153841
2023-08-28,6420,6550,6400,6520,34015,0.01716068642745716
2023-08-29,6510,6700,6480,6690,75666,0.0260736196319018
2023-08-30,6700,6740,6630,6720,37581,0.004484304932735439
2023-08-31,6660,6770,6580,6690,96413,-0.004464285714285698
2023-09-01,6690,6690,6540,6690,45092,0.0
2023-09-04,6690,6700,6580,6670,28446,-0.002989536621823663
2023-09-05,6590,6800,6560,6750,50870,0.011994002998500841
2023-09-06,6720,7000,6650,6950,240009,0.029629629629629672
2023-09-07,6950,6960,6720,6940,67452,-0.0014388489208633226
2023-09-08,6940,6940,6790,6920,42150,-0.0028818443804035088
2023-09-11,6970,6970,6620,6720,103665,-0.028901734104046284
2023-09-12,6720,6720,6420,6480,199651,-0.0357142857142857
2023-09-13,6420,6680,6420,6630,88983,0.02314814814814814
2023-09-14,6630,6700,6540,6670,47091,0.006033182503770718
2023-09-15,6670,6800,6550,6750,64351,0.011994002998500841
2023-09-18,6750,6750,6510,6530,56723,-0.03259259259259262
2023-09-19,6560,6710,6540,6690,79192,0.02450229709035212
2023-09-20,6620,6710,6460,6540,122446,-0.022421524663677084
2023-09-21,6490,6530,6250,6370,143497,-0.025993883792048922
2023-09-22,6360,6360,6210,6280,82692,-0.014128728414442682
2023-09-25,6300,6300,6110,6150,113355,-0.02070063694267521
2023-09-26,6120,6250,6060,6070,56837,-0.013008130081300862
2023-09-27,6010,6180,6000,6140,54666,0.011532125205930832
2023-10-04,6060,6140,6000,6110,72603,-0.004885993485342022
2023-10-05,6110,6170,6100,6120,81219,0.0016366612111293755
2023-10-06,6180,6310,6120,6220,28815,0.016339869281045694
2023-10-10,6270,6500,6080,6230,154932,0.001607717041800738
2023-10-11,6250,6390,6230,6350,61863,0.019261637239165408
2023-10-12,6400,6450,6310,6420,61952,0.011023622047244164
2023-10-13,6420,6420,6320,6370,50424,-0.007788161993769416
2023-10-16,6400,6410,6190,6290,38910,-0.012558869701726816
2023-10-17,6300,6350,6140,6240,77852,-0.007949125596184436
2023-10-18,6260,6260,6080,6120,58186,-0.019230769230769273
2023-10-19,6120,6120,5990,6090,39483,-0.004901960784313708
2023-10-20,6000,6330,5950,6150,33993,0.009852216748768461
2023-10-23,6070,6140,5990,6000,38732,-0.024390243902439046
2023-10-24,6000,6100,5950,6070,31138,0.011666666666666714
2023-10-25,6120,6140,6060,6110,15190,0.006589785831960571
2023-10-26,6100,6100,5880,5980,73426,-0.021276595744680882
2023-10-27,5990,6140,5740,6090,53603,0.018394648829431537
2023-10-30,6090,6170,5980,6110,21261,0.003284072249589487
2023-10-31,6090,6190,6070,6180,20139,0.011456628477905184
2023-11-01,6170,6360,6110,6300,37700,0.01941747572815533
2023-11-02,6300,6430,6300,6430,44535,0.02063492063492056
2023-11-03,6460,6460,6310,6400,43706,-0.004665629860031051
2023-11-06,6360,6500,6320,6430,64126,0.004687499999999956
2023-11-07,6270,6270,5790,5940,509064,-0.07620528771384139
2023-11-08,5940,6180,5940,6060,186182,0.02020202020202011
2023-11-09,6030,6050,5640,5710,386722,-0.05775577557755773
2023-11-10,5680,5730,5480,5730,219189,0.003502626970227629
2023-11-13,5740,5830,5560,5600,116348,-0.022687609075043635
2023-11-14,5600,5810,5600,5800,96940,0.03571428571428581
2023-11-15,5840,5950,5700,5770,187355,-0.005172413793103403
2023-11-16,5820,5960,5740,5960,157091,0.032928942807625594
2023-11-17,5960,5960,5800,5910,108159,-0.008389261744966459
2023-11-20,5890,6120,5850,6080,125604,0.02876480541455151
2023-11-21,6050,6180,6030,6180,55151,0.016447368421052655
2023-11-22,6170,6170,6000,6060,74845,-0.01941747572815533
2023-11-23,6090,6150,6040,6130,34615,0.011551155115511635
2023-11-24,6130,6160,5990,6040,52937,-0.014681892332789603
2023-11-27,6000,6040,5850,5950,75222,-0.01490066225165565
2023-11-28,5850,6010,5850,5960,71271,0.001680672268907557
2023-11-29,5990,6130,5940,6120,104218,0.02684563758389258
2023-11-30,6120,6120,5950,6000,64830,-0.019607843137254943
2023-12-01,5990,6090,5930,6000,47713,0.0
2023-12-04,6030,6030,5900,5990,50979,-0.0016666666666667052
2023-12-05,5980,6000,5900,5940,40839,-0.008347245409014992
2023-12-06,5940,5940,5870,5930,51857,-0.0016835016835017313
2023-12-07,5930,5940,5780,5850,99097,-0.013490725126475533
2023-12-08,5830,5930,5780,5920,47624,0.011965811965811923
2023-12-11,5860,5980,5860,5980,38059,0.010135135135135087
2023-12-12,6000,6000,5890,5950,38500,-0.0050167224080267525
2023-12-13,5950,5970,5840,5870,59757,-0.013445378151260456
2023-12-14,5900,5940,5790,5870,102240,0.0
2023-12-15,5860,5920,5780,5890,106980,0.0034071550255536653
2023-12-18,5890,5960,5850,5900,37578,0.001697792869269854
2023-12-19,5900,5930,5830,5870,20168,-0.005084745762711895
2023-12-20,5850,5960,5830,5880,96187,0.0017035775127767216
2023-12-21,5880,5900,5820,5890,44602,0.001700680272108901
2023-12-22,5880,5910,5810,5870,114740,-0.00339558573853993
2023-12-26,5880,5980,5810,5920,139974,0.008517887563884052
2023-12-27,5920,5920,5750,5910,38364,-0.0016891891891891442
2023-12-28,5860,5930,5840,5920,45565,0.0016920473773265332
2024-01-02,5920,5970,5850,5920,69801,0.0
2024-01-03,5930,5930,5800,5870,60128,-0.008445945945945943
2024-01-04,5870,5870,5790,5850,54263,-0.0034071550255536653
2024-01-05,5860,5870,5800,5860,72466,0.0017094017094017033
2024-01-08,5880,6080,5820,6010,85192,0.025597269624573427
2024-01-09,6020,6020,5920,5980,32071,-0.004991680532445919
2024-01-10,5980,6000,5890,5890,46205,-0.015050167224080258
2024-01-11,5900,5970,5830,5960,49449,0.011884550084889645
2024-01-12,5970,5970,5840,5960,40542,0.0
2024-01-15,5950,5950,5820,5850,47576,-0.01845637583892612
2024-01-16,5820,5880,5790,5840,43903,-0.0017094017094017033
2024-01-17,5830,5850,5680,5720,50268,-0.020547945205479423
2024-01-18,5680,5750,5650,5700,50629,-0.0034965034965035446
2024-01-19,5800,6250,5710,5800,435459,0.01754385964912286
2024-01-22,5770,5850,5770,5790,53876,-0.0017241379310344307
2024-01-23,5770,5870,5720,5820,104210,0.005181347150259086
2024-01-24,5850,5850,5690,5810,85280,-0.0017182130584192379
2024-01-25,5810,5810,5700,5780,86694,-0.005163511187607606
2024-01-26,5720,5780,5690,5740,36383,-0.00692041522491349
2024-01-29,5660,5790,5660,5710,106528,-0.005226480836236891
2024-01-30,5730,5730,5660,5710,61812,0.0
2024-01-31,5700,5740,5670,5700,33045,-0.0017513134851138146
2024-02-01,5680,5710,5540,5690,124913,-0.0017543859649122862
2024-02-02,5650,5720,5630,5690,85786,0.0
2024-02-05,5690,5710,5620,5690,29743,0.0
2024-02-06,5690,5700,5610,5610,38997,-0.01405975395430581
2024-02-07,5530,5570,5310,5350,332548,-0.04634581105169344
2024-02-08,5410,5500,5350,5480,93999,0.024299065420560817
2024-02-13,5490,5600,5450,5600,135724,0.021897810218978186
2024-02-14,5590,5750,5530,5750,126703,0.02678571428571419
2024-02-15,5760,5820,5720,5800,41700,0.008695652173912993
2024-02-16,5830,5830,5670,5790,88337,-0.0017241379310344307
2024-02-19,5720,5850,5720,5830,102569,0.006908462867012188
2024-02-20,5840,5840,5710,5780,56730,-0.00857632933104635
2024-02-21,5780,5780,5650,5750,46547,-0.00519031141868509
2024-02-22,5750,5750,5650,5720,41194,-0.00521739130434784
2024-02-23,5730,5730,5500,5690,91423,-0.005244755244755206
2024-02-26,5690,5700,5620,5680,40503,-0.0017574692442882123
2024-02-27,5680,5680,5480,5500,169562,-0.03169014084507038
2024-02-28,5470,5540,5440,5510,47947,0.0018181818181817189
2024-02-29,5530,5570,5390,5480,176040,-0.005444646098003658
2024-03-04,5500,5880,5440,5850,307984,0.06751824817518237
2024-03-05,5830,6090,5810,6060,164930,0.03589743589743599
2024-03-06,6000,6050,5900,5960,65715,-0.01650165016501648
2024-03-07,6020,6120,5990,6040,100286,0.01342281879194629
2024-03-08,6050,6050,5900,5950,73563,-0.01490066225165565
2024-03-11,6000,6080,5920,6080,83227,0.02184873949579824
2024-03-12,6090,6090,5980,6070,41088,-0.00164473684210531
2024-03-13,6030,6090,5970,6050,71481,-0.0032948929159802853
2024-03-14,6050,6080,5970,6050,64008,0.0
2024-03-15,6000,6090,5990,6090,49267,0.006611570247933907
2024-03-18,6090,6090,5870,5890,102737,-0.03284072249589487
2024-03-19,5880,6030,5880,6020,43183,0.022071307300509435
2024-03-20,6040,6080,5990,6080,38949,0.009966777408637828
2024-03-21,6080,6110,5970,6090,66581,0.00164473684210531
2024-03-22,6110,6110,6010,6090,25834,0.0
2024-03-25,6090,6110,5960,6010,100798,-0.013136288998357948
2024-03-26,6030,6050,5870,5950,120702,-0.009983361064891838
2024-03-27,5960,5980,5900,5970,48005,0.003361344537815114
2024-03-28,5960,6030,5880,5910,64342,-0.01005025125628145
2024-03-29,5910,5920,5800,5890,51064,-0.0033840947546531774
2024-04-01,5910,6090,5850,6060,75480,0.028862478777589073
2024-04-02,6050,6050,5880,5920,55040,-0.02310231023102305
2024-04-03,5890,5950,5830,5950,43599,0.0050675675675675436
2024-04-04,5940,5960,5750,5840,174063,-0.01848739495798324
2024-04-05,5820,5860,5720,5860,38201,0.003424657534246478
2024-04-08,5850,5850,5690,5790,51089,-0.011945392491467532
2024-04-09,5800,5800,5680,5800,59679,0.0017271157167531026
2024-04-11,5760,5850,5660,5830,46081,0.005172413793103514
2024-04-12,5830,5830,5620,5640,120589,-0.032590051457976
2024-04-15,5590,5640,5400,5410,125404,-0.04078014184397161
2024-04-16,5430,5490,5370,5460,67639,0.009242144177449063
2024-04-17,5450,5680,5450,5670,47992,0.03846153846153855
2024-04-18,5620,5680,5570,5630,30814,-0.007054673721340388
2024-04-19,5640,5740,5520,5740,44229,0.019538188277087087
2024-04-22,5740,5850,5680,5850,78452,0.019163763066202044
2024-04-23,5850,5980,5810,5850,117276,0.0
2024-04-24,5860,5930,5850,5900,30857,0.008547008547008517
2024-04-25,5850,5960,5850,5900,130120,0.0
2024-04-26,5890,5890,5790,5820,60184,-0.013559322033898313
2024-04-29,5820,5850,5780,5820,101548,0.0
2024-04-30,5830,5840,5750,5790,32614,-0.005154639175257714
2024-05-02,5730,5780,5650,5750,102608,-0.006908462867012077
2024-05-03,5740,5810,5720,5790,18092,0.006956521739130528
2024-05-07,5820,6010,5780,5950,199079,0.02763385146804831
2024-05-08,5880,5940,5760,5850,88242,-0.01680672268907568
2024-05-09,5850,5880,5700,5800,76167,-0.008547008547008517
2024-05-10,5800,6020,5730,6010,155170,0.036206896551724155
2024-05-13,6010,6020,5860,6010,69428,0.0
2024-05-14,6030,6430,5990,6340,513667,0.05490848585690511
2024-05-16,6290,6320,6150,6320,96884,-0.003154574132492094
2024-05-17,6260,6320,6150,6220,85232,-0.015822784810126556
2024-05-20,6170,6210,6000,6030,107234,-0.030546623794212246
2024-05-21,6030,6250,5980,6200,95539,0.028192371475953548
2024-05-22,6190,6230,6150,6200,58290,0.0
2024-05-23,6190,6300,6110,6300,84016,0.016129032258064502
2024-05-24,6300,6320,6200,6320,83306,0.0031746031746031633
2024-05-27,6310,6320,6150,6280,40767,-0.006329113924050667
2024-05-28,6280,6320,6210,6290,32828,0.0015923566878981443
2024-05-29,6290,6390,6230,6390,84356,0.015898251192368873
2024-05-30,6390,6570,6330,6500,151799,0.017214397496087663
2024-05-31,6530,6530,6110,6380,82179,-0.018461538461538418
2024-06-03,6370,6380,6100,6120,73354,-0.040752351097178674
2024-06-04,6080,6310,6080,6310,74375,0.031045751633986818
2024-06-05,6320,6320,6120,6300,62939,-0.0015847860538826808
2024-06-07,6310,6310,6050,6050,89349,-0.03968253968253965
2024-06-10,6060,6150,6000,6110,54629,0.009917355371900749
2024-06-11,6120,6120,5990,6040,47999,-0.011456628477905073
2024-06-12,6000,6150,5980,6140,40278,0.01655629139072845
2024-06-13,6180,6200,6100,6180,69360,0.006514657980456029
2024-06-14,6210,6210,6010,6130,61232,-0.008090614886731351
2024-06-17,6130,6140,6010,6110,33633,-0.0032626427406199365
2024-06-18,6130,6150,6000,6150,50082,0.00654664484451728
2024-06-19,6150,6150,5920,6090,66155,-0.009756097560975618
2024-06-20,6060,6150,5970,6120,45341,0.0049261083743843415
2024-06-21,6080,6160,6010,6100,54263,-0.0032679738562091387
2024-06-24,6120,6190,6060,6190,65339,0.014754098360655776
2024-06-25,6160,6220,6070,6210,85677,0.003231017770597644
2024-06-26,6200,6200,6050,6100,45126,-0.017713365539452464
2024-06-27,6040,6190,6000,6180,55605,0.013114754098360715
2024-06-28,6180,6190,6000,6030,63490,-0.024271844660194164
2024-07-01,6050,6080,5990,6030,46470,0.0
2024-07-02,6040,6080,5930,6040,25750,0.0016583747927032544
2024-07-03,6060,6060,5810,5940,54117,-0.01655629139072845
2024-07-04,5980,5980,5830,5850,57056,-0.015151515151515138
2024-07-05,5850,5890,5740,5820,61301,-0.00512820512820511
2024-07-08,5820,5910,5810,5890,10191,0.012027491408934665
2024-07-09,5890,5890,5810,5860,21340,-0.005093378607809895
2024-07-10,5860,5870,5800,5870,15807,0.0017064846416381396
2024-07-11,5830,5930,5820,5910,19198,0.006814310051107331
2024-07-12,5930,5930,5840,5880,25563,-0.005076142131979711
2024-07-15,5900,5970,5830,5950,25181,0.011904761904761862
2024-07-16,5950,5980,5890,5960,6073,0.001680672268907557
2024-07-17,5940,5990,5860,5890,14784,-0.011744966442952975
2024-07-18,5880,5880,5770,5870,32048,-0.00339558573853993
2024-07-19,5870,5870,5740,5850,45292,-0.0034071550255536653
2024-07-22,5770,5800,5620,5700,68173,-0.02564102564102566
2024-07-23,5670,5740,5580,5640,52858,-0.010526315789473717
2024-07-24,5630,5740,5580,5740,29854,0.01773049645390068
2024-07-25,5690,5690,5550,5680,31637,-0.010452961672473893
2024-07-26,5660,5670,5570,5640,45804,-0.007042253521126751
2024-07-29,5570,5660,5570,5620,29840,-0.0035460992907800915
2024-07-30,5550,5600,5490,5530,43828,-0.016014234875444844
2024-07-31,5500,5600,5300,5600,140766,0.012658227848101333
2024-08-01,5590,5690,5560,5680,23721,0.014285714285714235
2024-08-02,5570,5670,5400,5480,33970,-0.035211267605633756
2024-08-05,5430,5500,5150,5240,234947,-0.04379562043795615
2024-08-06,5220,5530,5220,5410,64785,0.03244274809160297
2024-08-07,5530,5570,5350,5430,133554,0.003696857670979714
2024-08-08,5420,5470,5240,5440,88336,0.0018416206261511192
2024-08-09,5480,5500,5370,5390,99786,-0.009191176470588203
2024-08-12,5370,5450,5370,5440,52396,0.00927643784786647
2024-08-13,5440,5450,5300,5390,38304,-0.009191176470588203
2024-08-14,5390,5460,5340,5430,46083,0.007421150278293043
2024-08-16,5430,5640,5430,5630,150043,0.036832412523020164
2024-08-19,5600,5660,5480,5510,52331,-0.02131438721136769
2024-08-20,5510,5690,5500,5630,90975,0.02177858439201441
2024-08-21,5600,5650,5510,5640,62736,0.001776198934280604
2024-08-22,5600,5650,5470,5550,101709,-0.015957446808510634
2024-08-23,5540,5650,5490,5580,59715,0.00540540540540535
2024-08-26,5650,5740,5570,5710,70364,0.023297491039426577
2024-08-27,5710,5720,5620,5720,30296,0.0017513134851139256
2024-08-28,5680,5690,5620,5650,54595,-0.012237762237762184
2024-08-29,5610,5680,5560,5640,41753,-0.001769911504424737
2024-08-30,5650,5730,5610,5690,68530,0.00886524822695045
2024-09-02,5740,5750,5580,5590,65526,-0.017574692442882234
2024-09-03,5570,5670,5560,5620,29418,0.005366726296958779
2024-09-04,5600,5640,5450,5630,47406,0.001779359430605032
2024-09-05,5640,5640,5490,5520,18364,-0.019538188277087087
2024-09-06,5500,5550,5370,5410,23811,-0.019927536231884035
2024-09-09,5370,5500,5310,5480,19305,0.012939001848428777
2024-09-10,5520,5560,5380,5380,51696,-0.018248175182481785
2024-09-11,5290,5400,5200,5240,70807,-0.026022304832713727
2024-09-12,5240,5400,5240,5370,20074,0.024809160305343525
2024-09-13,5360,5400,5250,5330,53498,-0.007448789571694592
2024-09-19,5370,5370,5120,5130,101430,-0.03752345215759845
2024-09-20,5170,5210,5020,5120,143410,-0.0019493177387914784
2024-09-23,5130,5180,5060,5170,96255,0.009765625
2024-09-24,5160,5170,5100,5170,37557,0.0
2024-09-25,5150,5190,5050,5070,92485,-0.01934235976789167
2024-09-26,5070,5170,5060,5170,105934,0.019723865877712132
2024-09-27,5190,5190,5080,5080,60884,-0.01740812379110257
2024-09-30,5090,5350,5090,5320,141591,0.04724409448818889
2024-10-02,5310,5750,5280,5400,468293,0.015037593984962516
2024-10-04,5400,5470,5140,5210,190749,-0.03518518518518521
2024-10-07,5250,5250,5000,5150,483214,-0.01151631477927062
2024-10-08,5100,5160,5000,5050,185682,-0.01941747572815533
2024-10-10,5070,5110,4995,4995,156452,-0.0108910891089109
2024-10-11,5000,5050,4980,5000,135369,0.0010010010010010895
2024-10-14,5000,5060,4965,5040,68551,0.008000000000000007
2024-10-15,5070,5130,5000,5060,73232,0.003968253968253954
2024-10-16,4940,5050,4940,5010,199751,-0.00988142292490124
2024-10-17,5020,5050,4975,5040,36103,0.0059880239520957446
2024-10-18,5040,5060,5010,5030,32430,-0.001984126984126977
2024-10-21,5030,5070,5010,5060,21066,0.005964214711729587
2024-10-22,5050,5050,4910,4965,112452,-0.018774703557312256
2024-10-23,4965,5030,4930,5020,53673,0.011077542799597273
2024-10-24,5010,5080,4995,5060,45594,0.007968127490039834
2024-10-25,5080,5080,5000,5030,80214,-0.005928853754940677
2024-10-28,5080,5260,5040,5250,77533,0.04373757455268379
2024-10-29,5270,5460,5230,5430,141557,0.03428571428571425
2024-10-30,5430,5490,5360,5480,56440,0.009208103130755152
2024-10-31,5480,5640,5430,5590,137068,0.02007299270072993
2024-11-01,5590,5590,5270,5270,309765,-0.057245080500894496
2024-11-04,5270,5400,5100,5270,557572,0.0
2024-11-05,5260,5620,5230,5600,228359,0.06261859582542684
2024-11-06,5660,5660,5460,5580,207672,-0.0035714285714285587
2024-11-07,5590,5820,5530,5730,258506,0.026881720430107503
2024-11-08,5720,6100,5670,6050,410219,0.055846422338568846
2024-11-11,6600,6680,6340,6450,1672842,0.06611570247933884
2024-11-12,6480,6480,6370,6420,610535,-0.0046511627906976605
2024-11-13,6380,6410,6250,6330,412678,-0.014018691588784993
2024-11-14,6260,6330,6190,6260,293496,-0.011058451816745696
2024-11-15,6260,6310,6150,6290,354668,0.004792332268370503
2024-11-18,6300,6320,6210,6290,194869,0.0
2024-11-19,6300,6300,6220,6270,169408,-0.0031796502384737746
2024-11-20,6270,6350,6220,6320,324907,0.00797448165869219
2024-11-21,6320,6320,6230,6310,165654,-0.0015822784810126667
2024-11-22,6270,6370,6250,6310,301688,0.0
2024-11-25,6330,6330,6260,6260,222089,-0.007923930269413626
2024-11-26,6270,6280,6200,6200,173128,-0.009584664536741228
2024-11-27,6210,6360,6210,6210,532677,0.001612903225806539
2024-11-28,6200,6200,5810,6140,69231,-0.011272141706924366
2024-11-29,6140,6160,5910,6070,46430,-0.01140065146579805
2024-12-02,6050,6050,5460,5550,112003,-0.08566721581548598
2024-12-03,5200,5500,4995,5320,1132460,-0.04144144144144146
2024-12-04,5320,5390,5230,5320,177981,0.0
2024-12-05,5290,5350,5160,5320,99309,0.0
2024-12-06,5240,5320,5090,5160,136297,-0.03007518796992481
2024-12-09,5120,5150,4850,5070,212112,-0.01744186046511631
2024-12-10,5020,5460,5020,5350,312027,0.05522682445759375
2024-12-11,5470,5590,5330,5430,395934,0.01495327102803734
2024-12-12,5380,5540,5360,5480,167825,0.009208103130755152
2024-12-13,5420,5500,5400,5460,88224,-0.0036496350364964014
2024-12-16,5720,5940,5440,5470,343718,0.001831501831501825
2024-12-17,5480,5480,5380,5450,76287,-0.003656307129798919
2024-12-18,5460,5460,5250,5330,167782,-0.022018348623853212
2024-12-19,5210,5350,5200,5320,62541,-0.0018761726078799779
2024-12-20,5350,5350,5120,5200,130102,-0.022556390977443663
2024-12-23,5200,5290,5180,5290,85920,0.017307692307692246
2024-12-24,5300,5340,4995,5260,97700,-0.005671077504725952
2024-12-26,5290,5300,5090,5240,110730,-0.0038022813688213253
2024-12-27,5210,5230,5080,5220,52693,-0.003816793893129722
2024-12-30,5200,5230,5130,5190,42744,-0.005747126436781658
2025-01-02,5190,5200,5100,5150,40309,-0.0077071290944122905
2025-01-03,5140,5290,5130,5270,56208,0.023300970873786353
2025-01-06,5250,5350,5230,5290,38991,0.00379506641366234
2025-01-07,5290,5330,5180,5190,48111,-0.018903591682419618
2025-01-08,5170,5200,5100,5180,55893,-0.0019267822736031004
2025-01-09,5220,5230,5060,5120,94128,-0.01158301158301156
2025-01-10,5070,5160,5040,5120,78435,0.0
2025-01-13,5120,5120,5000,5040,80129,-0.015625
2025-01-14,5030,5070,4995,5020,64022,-0.003968253968253954
2025-01-15,5030,5120,5000,5050,100793,0.005976095617529875
2025-01-16,5070,5070,5000,5020,68969,-0.005940594059405946
2025-01-17,4995,5020,4975,5000,49625,-0.003984063745019917
2025-01-20,5010,5020,4950,4970,57485,-0.006000000000000005
2025-01-21,4955,5020,4880,4960,81782,-0.002012072434607659
2025-01-22,4980,5050,4965,5040,76857,0.016129032258064502
2025-01-23,5020,5020,4875,4885,155359,-0.030753968253968256
2025-01-24,4900,4915,4855,4885,54990,0.0
2025-01-31,4925,4925,4865,4895,48990,0.0020470829068577334
2025-02-03,4875,5000,4815,4860,105878,-0.007150153217568955
2025-02-04,4895,4940,4850,4900,42802,0.008230452674897082
2025-02-05,4925,5040,4905,5040,80597,0.02857142857142847
2025-02-06,5040,5240,4995,5180,130629,0.02777777777777768
2025-02-07,5110,5180,4970,5080,196621,-0.019305019305019266
2025-02-10,5080,5120,5000,5040,46725,-0.007874015748031482
2025-02-11,5060,5060,4955,4975,38641,-0.012896825396825351
2025-02-12,4990,5000,4920,4930,37885,-0.009045226130653283
2025-02-13,4960,4980,4920,4930,28531,0.0
2025-02-14,4935,4960,4905,4945,75328,0.0030425963488844854
2025-02-17,4945,5070,4945,5030,42845,0.01718907987866536
2025-02-18,5030,5080,4990,5070,55798,0.007952286282306265
2025-02-19,5060,5100,5020,5090,41306,0.0039447731755424265
2025-02-20,5100,5100,5030,5080,27801,-0.0019646365422396617
2025-02-21,5040,5150,5040,5150,36360,0.013779527559055094
2025-02-24,5110,5160,5090,5130,30110,-0.003883495145631022
2025-02-25,5110,5150,5080,5120,36947,-0.0019493177387914784
2025-02-26,5100,5260,5100,5170,98159,0.009765625
2025-02-27,5160,5220,5120,5170,33699,0.0
2025-02-28,5120,5160,5080,5140,42631,-0.005802707930367523
2025-03-04,5110,5110,5000,5060,46196,-0.015564202334630295
2025-03-05,5020,5120,5020,5110,18980,0.009881422924901129
2025-03-06,5090,5140,5070,5110,40415,0.0
2025-03-07,5080,5160,5060,5160,40821,0.009784735812133016
2025-03-10,5190,5190,5080,5090,45345,-0.013565891472868241
2025-03-11,5070,5070,4940,5000,70924,-0.017681728880157177
2025-03-12,5010,5150,5010,5150,48164,0.030000000000000027
2025-03-13,5150,5150,5050,5100,15211,-0.009708737864077666
2025-03-14,5120,5160,5090,5160,22353,0.0117647058823529
2025-03-17,5110,5180,5110,5180,13285,0.003875968992248069
2025-03-18,5180,5210,5140,5190,21923,0.0019305019305020377
2025-03-19,5140,5190,5120,5190,20885,0.0
2025-03-20,5200,5210,5130,5190,54276,0.0
2025-03-21,5150,5180,5100,5180,56434,-0.0019267822736031004
2025-03-24,5180,5190,5120,5180,28630,0.0
2025-03-25,5150,5220,5150,5220,35635,0.007722007722007707
2025-03-26,5210,5230,5130,5200,34390,-0.003831417624521105
2025-03-27,5180,5220,5080,5100,50461,-0.019230769230769273
2025-03-28,5110,5110,4970,4970,88224,-0.025490196078431393
2025-03-31,5000,5010,4905,4960,74962,-0.002012072434607659
2025-04-01,4960,5180,4955,5160,98057,0.040322580645161255
2025-04-02,5090,5130,4945,4985,51002,-0.03391472868217049
2025-04-03,4930,4985,4855,4950,89511,-0.007021063189568744
2025-04-04,4915,5400,4875,5180,277849,0.04646464646464654
2025-04-07,5190,5500,4880,4980,526579,-0.038610038610038644
2025-04-08,5110,5200,4895,5010,277242,0.006024096385542244
2025-04-09,5000,5250,4945,5010,232835,0.0
2025-04-10,5130,5220,5060,5170,95188,0.031936127744510934
2025-04-11,5130,5230,5070,5150,51921,-0.003868471953578312
2025-04-14,5230,5410,5140,5410,101689,0.05048543689320395
2025-04-15,5410,5410,5200,5260,139507,-0.027726432532347522
2025-04-16,5250,5380,5210,5270,91085,0.0019011406844107182
2025-04-17,5280,5280,5130,5230,85749,-0.007590132827324458
2025-04-18,5220,5290,5150,5270,28384,0.007648183556405286
2025-04-21,5290,5430,5170,5390,116850,0.022770398481973375
2025-04-22,5390,5410,5320,5350,21696,-0.007421150278293154
2025-04-23,5340,5350,5220,5290,75202,-0.01121495327102806
2025-04-24,5300,5390,5260,5310,48446,0.003780718336483968
2025-04-25,5330,5380,5290,5350,44645,0.007532956685499137
2025-04-28,5370,5370,5260,5300,26905,-0.009345794392523366
2025-04-29,5340,5350,5240,5280,30920,-0.0037735849056603765
2025-04-30,5250,5310,5210,5310,51527,0.005681818181818121
2025-05-02,5320,5580,5310,5530,204448,0.04143126177024481
2025-05-07,5530,5610,5470,5570,109376,0.00723327305605781
2025-05-08,5540,6170,5480,6010,1336809,0.07899461400359065
2025-05-09,6030,6340,5990,6210,511638,0.03327787021630613
2025-05-12,6200,6330,5970,6230,237647,0.0032206119162641045
2025-05-13,6190,6460,6190,6390,230572,0.025682182985553803
2025-05-14,6380,6560,6300,6440,209000,0.00782472613458518
2025-05-15,6430,6450,6320,6410,78089,-0.004658385093167738
2025-05-16,6370,6540,6300,6490,140591,0.012480499219968744
2025-05-19,6440,6510,6350,6490,76370,0.0
2025-05-20,6430,6510,6380,6400,51921,-0.013867488443759624
2025-05-21,6400,6420,6240,6340,114899,-0.009375000000000022
2025-05-22,6340,6380,6280,6340,74585,0.0
2025-05-23,6350,6400,6290,6360,58550,0.003154574132492094
2025-05-26,6310,6450,6310,6420,42607,0.009433962264151052
2025-05-27,6450,6460,6300,6380,47493,-0.006230529595015577
2025-05-28,6400,6450,6320,6420,72451,0.006269592476489061
2025-05-29,6440,6440,6150,6200,185295,-0.034267912772585674
2025-05-30,6230,6230,6100,6120,111145,-0.012903225806451646
2025-06-02,6120,6340,6070,6310,143215,0.031045751633986818
2025-06-04,6420,6670,6350,6590,160401,0.044374009508716394
2025-06-05,6740,6930,6500,6650,503860,0.009104704097116834
2025-06-09,6890,7050,6650,6730,443249,0.012030075187969835
2025-06-10,6700,6770,6600,6770,240337,0.005943536404160454
2025-06-11,6850,6900,6680,6800,133582,0.004431314623338345
2025-06-12,6790,6820,6640,6680,120916,-0.01764705882352946
2025-06-13,6680,6700,6380,6500,166729,-0.026946107784431184
2025-06-16,6500,6550,6380,6490,99511,-0.0015384615384614886
2025-06-17,6510,6810,6490,6640,182451,0.023112480739599484
2025-06-18,6640,6830,6560,6760,97049,0.01807228915662651
2025-06-19,6760,6780,6600,6620,46911,-0.020710059171597628
2025-06-20,6620,6650,6470,6620,100474,0.0
2025-06-23,6500,6640,6460,6570,71623,-0.007552870090634434
2025-06-24,6570,6670,6510,6540,79484,-0.004566210045662156
2025-06-25,6700,6950,6600,6720,560505,0.02752293577981657
2025-06-26,6780,6780,6470,6530,203246,-0.028273809523809534
2025-06-27,6530,6700,6500,6550,224431,0.003062787136294043
2025-06-30,6550,6780,6540,6750,156143,0.03053435114503822
2025-07-01,6790,6920,6700,6860,216367,0.016296296296296253
2025-07-02,6860,6870,6600,6600,112225,-0.03790087463556846
2025-07-03,6610,6800,6610,6800,88427,0.030303030303030276
2025-07-04,6760,6810,6640,6740,91831,-0.008823529411764675
2025-07-07,6750,6940,6670,6860,151739,0.017804154302670572
2025-07-08,6860,7040,6820,7000,216660,0.020408163265306145
2025-07-09,7000,7060,6880,6980,150499,-0.0028571428571428914
2025-07-10,6980,7000,6860,6980,93468,0.0
2025-07-11,6940,6980,6750,6760,202642,-0.03151862464183386
2025-07-14,6750,6900,6680,6880,96364,0.01775147928994092
2025-07-15,6890,6900,6440,6480,234110,-0.05813953488372092
2025-07-16,6480,6540,6420,6480,92317,0.0
2025-07-17,6500,6510,6330,6440,55636,-0.006172839506172867
2025-07-18,6500,6500,6270,6390,150852,-0.00776397515527949
2025-07-21,6400,6510,6350,6500,70868,0.017214397496087663
2025-07-22,6500,6660,6500,6540,97196,0.006153846153846176
2025-07-23,6510,6710,6480,6680,86181,0.021406727828746197
2025-07-24,6610,6710,6490,6580,93346,-0.014970059880239472
2025-07-25,6630,6650,6500,6550,71466,-0.00455927051671734
2025-07-28,6550,6560,6320,6420,125025,-0.01984732824427482
2025-07-29,6400,6480,6320,6460,98215,0.006230529595015577
2025-07-30,6410,6850,6410,6650,91701,0.02941176470588225
2025-07-31,6670,6820,6630,6810,107194,0.024060150375939893
2025-08-01,6820,6880,6620,6720,145236,-0.013215859030836996
2025-08-04,6590,6770,6590,6740,39331,0.0029761904761904656
2025-08-05,6820,7300,6610,7000,549844,0.03857566765578646
2025-08-06,7050,7140,6900,7040,194566,0.005714285714285783
2025-08-07,7040,7070,6750,6860,231726,-0.025568181818181768
2025-08-08,6910,7070,6800,6860,139521,0.0
2025-08-11,6900,6900,6720,6760,66795,-0.014577259475218707
2025-08-12,6700,6860,6700,6760,83295,0.0
2025-08-13,6760,6770,6610,6710,78613,-0.007396449704141994
2025-08-14,6660,6730,6620,6700,67493,-0.0014903129657227732
2025-08-18,6700,6700,6570,6650,50225,-0.007462686567164201
2025-08-19,6650,6690,6510,6610,53626,-0.006015037593984918
2025-08-20,6610,6610,6350,6570,93237,-0.006051437216338829
2025-08-21,6570,6620,6460,6530,58343,-0.0060882800608828
2025-08-22,6500,6520,6420,6430,53954,-0.015313935681470103
2025-08-25,6430,6490,6390,6480,45967,0.007776049766718529
2025-08-26,6470,6530,6350,6500,38978,0.0030864197530864335
2025-08-27,6490,6580,6410,6490,64249,-0.0015384615384614886
2025-08-28,6470,6590,6450,6530,59873,0.006163328197226425
2025-08-29,6560,6580,6420,6550,48101,0.003062787136294043
2025-09-01,6570,6570,6440,6490,44736,-0.009160305343511421
2025-09-02,6540,6560,6410,6490,66264,0.0
2025-09-03,6460,6500,6400,6430,61585,-0.009244992295839749
2025-09-04,6410,6520,6350,6420,103561,-0.0015552099533436836
2025-09-05,6420,6450,6300,6360,69336,-0.009345794392523366
2025-09-08,6370,6410,6240,6320,56443,-0.0062893081761006275
2025-09-09,6340,6340,6190,6260,106060,-0.009493670886076
2025-09-10,6280,6470,6260,6350,80984,0.01437699680511173
2025-09-11,6360,6370,6290,6350,64857,0.0
2025-09-12,6310,6350,6220,6330,100778,-0.0031496062992125706
2025-09-15,6300,6340,6240,6330,70575,0.0
2025-09-16,6280,6330,6220,6280,77846,-0.00789889415481837
2025-09-17,6290,6290,6150,6220,58303,-0.009554140127388533
2025-09-18,6190,6250,6120,6200,56448,-0.003215434083601254
2025-09-19,6210,6260,6170,6210,65113,0.001612903225806539
2025-09-22,6220,6220,6110,6120,90186,-0.01449275362318836
2025-09-23,6150,6150,6050,6120,50658,0.0
2025-09-24,6080,6100,5980,6050,109124,-0.011437908496731986
2025-09-25,6050,6060,5920,6000,126263,-0.008264462809917328
2025-09-26,5950,6000,5810,5990,66786,-0.0016666666666667052
2025-09-29,5990,6010,5920,5980,27573,-0.0016694490818029983
2025-09-30,5990,5990,5770,5880,60929,-0.01672240802675584
2025-10-01,5800,5880,5750,5850,65283,-0.005102040816326481
2025-10-02,5800,6000,5780,5900,59310,0.008547008547008517
2025-10-10,5900,5900,5720,5870,62744,-0.005084745762711895
2025-10-13,5740,5870,5690,5870,47324,0.0
2025-10-14,5860,5880,5700,5860,69004,-0.0017035775127768327
2025-10-15,5870,5990,5840,5990,90185,0.022184300341296925
2025-10-16,5990,6000,5870,5950,62772,-0.006677796327211993
2025-10-17,5950,5950,5730,5750,89729,-0.03361344537815125
2025-10-20,5780,5860,5610,5860,43627,0.019130434782608674
2025-10-21,5850,5880,5730,5780,68906,-0.013651877133105783
2025-10-22,5780,5790,5620,5760,136157,-0.0034602076124568004
2025-10-23,5740,5740,5580,5620,77649,-0.02430555555555558
2025-10-24,5600,5620,5470,5600,153421,-0.003558718861209953
2025-10-27,5600,5600,5490,5560,86880,-0.0071428571428571175
2025-10-28,5530,5560,5370,5420,169235,-0.025179856115107868
2025-10-29,5400,5420,5300,5330,120007,-0.016605166051660514
2025-10-30,5310,5330,5200,5320,96087,-0.0018761726078799779
2025-10-31,5340,5340,5190,5270,96449,-0.009398496240601517
2025-11-03,5270,5340,5180,5220,77540,-0.009487666034155628
2025-11-04,5220,5250,5160,5250,184605,0.005747126436781658
2025-11-05,5250,5260,5110,5240,97672,-0.0019047619047618536
2025-11-06,5270,5360,5080,5330,148398,0.01717557251908386
2025-11-07,5310,5310,5070,5140,138031,-0.03564727954971858
2025-11-10,5140,5220,5070,5200,198358,0.011673151750972721
2025-11-11,5200,5270,5080,5130,71552,-0.013461538461538414
2025-11-12,5110,5160,5070,5150,115451,0.003898635477582957
2025-11-13,5140,5150,5080,5130,109177,-0.003883495145631022
2025-11-14,5110,5150,5020,5050,122070,-0.015594541910331383
2025-11-17,5060,5060,4895,4920,168308,-0.025742574257425765
2025-11-18,4915,4940,4800,4830,189389,-0.018292682926829285
2025-11-19,4830,4850,4765,4820,109360,-0.0020703933747412417
2025-11-20,4830,5040,4830,4990,155035,0.03526970954356856
2025-11-21,4955,4980,4860,4980,96100,-0.002004008016032066
2025-11-24,4980,5000,4880,4880,57225,-0.02008032128514059
2025-11-25,4885,4950,4865,4910,43632,0.006147540983606481
2025-11-26,4910,4995,4890,4990,26901,0.016293279022403295
2025-11-27,5000,5020,4950,5010,21591,0.004008016032064132
2025-11-28,5020,5060,4970,5020,29673,0.001996007984031989
2025-12-01,5010,5060,5000,5030,40544,0.0019920318725099584
2025-12-02,5000,5090,4985,5070,51089,0.007952286282306265
2025-12-03,5060,5090,5030,5070,50648,0.0
2025-12-04,5070,5090,5030,5070,41094,0.0
2025-12-05,5060,5090,5050,5070,20879,0.0
2025-12-08,5080,5080,5010,5040,41952,-0.00591715976331364
2025-12-09,5040,5080,5020,5060,30266,0.003968253968253954
2025-12-10,5080,5080,4995,5000,48763,-0.011857707509881465
2025-12-11,5000,5060,5000,5040,38506,0.008000000000000007
2025-12-12,5060,5170,5050,5160,78863,0.023809523809523725
2025-12-15,5160,5160,5030,5120,31203,-0.007751937984496138
2025-12-16,5130,5130,5000,5050,91339,-0.013671875
2025-12-17,5060,5240,5050,5220,105398,0.03366336633663369
2025-12-18,5210,5210,5080,5110,41816,-0.021072796934865856
2025-12-19,5110,5160,5080,5160,14780,0.009784735812133016
2025-12-22,5130,5190,5110,5170,18966,0.0019379844961240345
2025-12-23,5170,5170,5070,5080,51641,-0.01740812379110257
2025-12-24,5080,5100,5020,5100,53856,0.003937007874015741
2025-12-26,5080,5230,5070,5210,85407,0.021568627450980316
2025-12-29,5200,5200,5080,5120,32732,-0.017274472168905985
2025-12-30,5130,5170,5060,5140,23804,0.00390625
2026-01-02,5160,5170,5080,5170,28541,0.005836575875486361
2026-01-05,5180,5190,4930,4970,123776,-0.03868471953578334
2026-01-06,4985,5060,4940,5020,35727,0.010060362173038184
2026-01-07,5010,5020,4950,4980,51033,-0.007968127490039834
2026-01-08,4980,4990,4855,4915,52580,-0.013052208835341417
2026-01-09,4915,5000,4875,5000,29269,0.01729399796541209
2026-01-12,5000,5050,4950,5010,44715,0.0020000000000000018
2026-01-13,5000,5010,4930,4945,116953,-0.012974051896207595
2026-01-14,4945,4970,4915,4960,99896,0.0030333670374114163
2026-01-15,4950,4975,4925,4965,30367,0.0010080645161290036
2026-01-16,4965,4985,4925,4940,40550,-0.0050352467270896595
2026-01-19,4950,4955,4885,4955,43854,0.0030364372469635637
2026-01-20,4945,5030,4920,4990,89428,0.007063572149344166
2026-01-21,4990,4990,4880,4935,72342,-0.011022044088176308
2026-01-22,4940,4970,4915,4945,45906,0.0020263424518742745
2026-01-23,4950,5000,4925,4990,73230,0.009100101112234471
2026-01-26,4990,5110,4990,5110,83649,0.024048096192384794
2026-01-27,5100,5140,5040,5130,95345,0.00391389432485334
2026-01-28,5140,5150,5080,5140,156521,0.0019493177387914784
2026-01-29,5140,5200,5050,5200,100621,0.011673151750972721
2026-01-30,5230,5230,5130,5200,81575,0.0
2026-02-02,5240,5240,5050,5120,66486,-0.01538461538461533
2026-02-03,5140,5140,5070,5120,61488,0.0
2026-02-04,5110,5190,5100,5190,77239,0.013671875
2026-02-05,5190,5390,5180,5320,124245,0.025048169556840083
2026-02-06,5320,5320,5050,5230,149222,-0.016917293233082664
2026-02-09,5230,5370,5210,5310,104713,0.015296367112810794
2026-02-10,5330,5450,5270,5350,122103,0.007532956685499137
2026-02-11,5360,6360,5350,5800,2661134,0.08411214953271018
2026-02-12,5910,6290,5830,6110,794953,0.053448275862068906
2026-02-13,6050,6160,5990,6100,249384,-0.0016366612111292644
2026-02-19,6100,6190,6000,6150,231909,0.008196721311475308
2026-02-20,6160,6310,6150,6290,196765,0.02276422764227637
