Date,Open,High,Low,Close,Volume,Dividends,Stock Splits
2022-01-03 00:00:00-05:00,298.25,312.0,294.25,305.0,2576,0.0,0.0
2022-01-04 00:00:00-05:00,304.5,304.5,288.0,295.0,2852,0.0,0.0
2022-01-05 00:00:00-05:00,292.5,295.5,258.0,265.25,4664,0.0,0.0
2022-01-06 00:00:00-05:00,167.5,167.5,108.5,114.75,144400,0.0,0.0
2022-01-07 00:00:00-05:00,111.2750015258789,111.5,97.0,97.75,69584,0.0,0.0
2022-01-10 00:00:00-05:00,90.0,98.75,88.75,93.25,26404,0.0,0.0
2022-01-11 00:00:00-05:00,95.5,103.57499694824219,90.0,99.25,55856,0.0,0.0
2022-01-12 00:00:00-05:00,99.5,100.5,92.75,94.0,20728,0.0,0.0
2022-01-13 00:00:00-05:00,95.5,96.0,83.25,83.25,37500,0.0,0.0
2022-01-14 00:00:00-05:00,81.75,85.25,78.75,85.0,26152,0.0,0.0
2022-01-18 00:00:00-05:00,82.5,84.82499694824219,77.75,79.0,22368,0.0,0.0
2022-01-19 00:00:00-05:00,79.5,84.5,75.25,76.0,34448,0.0,0.0
2022-01-20 00:00:00-05:00,76.25,80.0,75.0,76.25,25416,0.0,0.0
2022-01-21 00:00:00-05:00,75.75,79.75,74.0,75.75,22084,0.0,0.0
2022-01-24 00:00:00-05:00,74.0,79.5,71.0,77.5,29740,0.0,0.0
2022-01-25 00:00:00-05:00,74.75,77.5,71.25,72.75,23120,0.0,0.0
2022-01-26 00:00:00-05:00,75.0,79.5,70.5,71.0,18740,0.0,0.0
2022-01-27 00:00:00-05:00,71.25,73.5,67.75,68.75,14252,0.0,0.0
2022-01-28 00:00:00-05:00,68.5,71.875,66.75,69.0,34448,0.0,0.0
2022-01-31 00:00:00-05:00,70.0,80.25,69.0,79.75,78148,0.0,0.0
2022-02-01 00:00:00-05:00,81.25,83.0,78.25,81.75,25784,0.0,0.0
2022-02-02 00:00:00-05:00,82.5,82.5,73.25,73.75,33228,0.0,0.0
2022-02-03 00:00:00-05:00,71.75,75.75,69.5,73.5,33372,0.0,0.0
2022-02-04 00:00:00-05:00,73.25,78.25,70.25,76.5,79780,0.0,0.0
2022-02-07 00:00:00-05:00,77.0,79.25,72.125,72.75,13776,0.0,0.0
2022-02-08 00:00:00-05:00,72.75,72.75,66.5,67.75,17552,0.0,0.0
2022-02-09 00:00:00-05:00,68.75,74.5,65.5,71.5,31424,0.0,0.0
2022-02-10 00:00:00-05:00,69.5,72.0,66.5,67.75,9976,0.0,0.0
2022-02-11 00:00:00-05:00,67.25,69.0,63.75,64.5,13932,0.0,0.0
2022-02-14 00:00:00-05:00,64.5,66.0,61.75,62.0,7880,0.0,0.0
2022-02-15 00:00:00-05:00,63.5,67.75,62.5,66.0,7352,0.0,0.0
2022-02-16 00:00:00-05:00,66.75,67.0,61.75,63.25,8308,0.0,0.0
2022-02-17 00:00:00-05:00,61.5,63.5,59.5,59.5,9508,0.0,0.0
2022-02-18 00:00:00-05:00,60.5,62.25,58.099998474121094,60.5,7716,0.0,0.0
2022-02-22 00:00:00-05:00,59.25,62.42499923706055,58.75,59.75,6152,0.0,0.0
2022-02-23 00:00:00-05:00,60.0,61.5,54.75,55.25,24200,0.0,0.0
2022-02-24 00:00:00-05:00,53.25,61.25,52.75,61.0,9460,0.0,0.0
2022-02-25 00:00:00-05:00,61.75,62.25,58.75,61.75,7580,0.0,0.0
2022-02-28 00:00:00-05:00,60.75,63.5,59.25,60.5,12748,0.0,0.0
2022-03-01 00:00:00-05:00,60.5,65.5,59.75,65.0,14768,0.0,0.0
2022-03-02 00:00:00-05:00,64.75,64.75,59.75,62.25,14824,0.0,0.0
2022-03-03 00:00:00-05:00,62.0,65.5,60.75,61.25,21720,0.0,0.0
2022-03-04 00:00:00-05:00,59.75,62.25,56.5,57.25,6340,0.0,0.0
2022-03-07 00:00:00-05:00,56.25,63.5,56.25,61.5,32048,0.0,0.0
2022-03-08 00:00:00-05:00,62.0,65.5,58.5,63.75,8332,0.0,0.0
2022-03-09 00:00:00-05:00,65.0,67.5,63.25,64.25,9164,0.0,0.0
2022-03-10 00:00:00-05:00,63.25,63.75,59.75,61.25,3324,0.0,0.0
2022-03-11 00:00:00-05:00,63.25,69.0,62.25,64.75,10392,0.0,0.0
2022-03-14 00:00:00-04:00,64.5,66.25,60.75,61.25,9040,0.0,0.0
2022-03-15 00:00:00-04:00,61.5,61.5,57.5,59.0,6408,0.0,0.0
2022-03-16 00:00:00-04:00,58.75,64.75,58.5,64.5,5960,0.0,0.0
2022-03-17 00:00:00-04:00,64.5,71.25,62.5,68.75,11528,0.0,0.0
2022-03-18 00:00:00-04:00,68.5,74.0,68.5,71.25,16884,0.0,0.0
2022-03-21 00:00:00-04:00,69.75,73.0,68.5,71.25,55328,0.0,0.0
2022-03-22 00:00:00-04:00,70.0,73.75,70.0,72.5,8704,0.0,0.0
2022-03-23 00:00:00-04:00,66.75,74.75,66.75,69.75,15204,0.0,0.0
2022-03-24 00:00:00-04:00,70.0,70.0,58.75,59.0,14056,0.0,0.0
2022-03-25 00:00:00-04:00,60.75,61.5,55.0,57.0,30148,0.0,0.0
2022-03-28 00:00:00-04:00,56.0,57.0,51.25,52.75,8592,0.0,0.0
2022-03-29 00:00:00-04:00,54.0,56.0,52.75,53.375,6864,0.0,0.0
2022-03-30 00:00:00-04:00,53.0,57.5,52.0,52.0,10336,0.0,0.0
2022-03-31 00:00:00-04:00,52.25,55.25,50.25,53.75,17516,0.0,0.0
2022-04-01 00:00:00-04:00,53.25,54.25,49.75,49.75,23652,0.0,0.0
2022-04-04 00:00:00-04:00,50.0,54.0,50.0,51.75,33196,0.0,0.0
2022-04-05 00:00:00-04:00,52.0,56.0,52.0,53.5,17768,0.0,0.0
2022-04-06 00:00:00-04:00,52.75,52.75,50.5,50.75,10796,0.0,0.0
2022-04-07 00:00:00-04:00,50.75,51.5,48.75,49.25,6692,0.0,0.0
2022-04-08 00:00:00-04:00,49.75,50.0,45.0,45.0,10092,0.0,0.0
2022-04-11 00:00:00-04:00,45.0,45.25,43.20000076293945,43.5,7348,0.0,0.0
2022-04-12 00:00:00-04:00,44.25,45.099998474121094,41.0,41.75,10260,0.0,0.0
2022-04-13 00:00:00-04:00,41.25,43.0,40.75,41.25,8040,0.0,0.0
2022-04-14 00:00:00-04:00,42.0,42.0,38.75,38.75,6072,0.0,0.0
2022-04-18 00:00:00-04:00,38.5,39.625,35.5,36.5,8248,0.0,0.0
2022-04-19 00:00:00-04:00,36.5,38.25,36.5,36.75,10844,0.0,0.0
2022-04-20 00:00:00-04:00,37.25,37.75,35.5,37.25,6480,0.0,0.0
2022-04-21 00:00:00-04:00,37.5,38.0,33.25,34.75,10516,0.0,0.0
2022-04-22 00:00:00-04:00,36.0,36.5,34.5,35.0,8724,0.0,0.0
2022-04-25 00:00:00-04:00,34.75,36.25,33.75,34.75,6980,0.0,0.0
2022-04-26 00:00:00-04:00,34.5,34.67499923706055,32.0,32.25,5908,0.0,0.0
2022-04-27 00:00:00-04:00,32.0,34.0,31.25,31.5,8644,0.0,0.0
2022-04-28 00:00:00-04:00,32.0,32.0,29.25,30.75,7412,0.0,0.0
2022-04-29 00:00:00-04:00,30.75,32.17499923706055,29.25,29.5,7552,0.0,0.0
2022-05-02 00:00:00-04:00,29.5,32.5,29.25,32.25,11388,0.0,0.0
2022-05-03 00:00:00-04:00,32.25,32.25,29.75,31.25,7284,0.0,0.0
2022-05-04 00:00:00-04:00,30.75,31.25,29.0,31.0,10284,0.0,0.0
2022-05-05 00:00:00-04:00,28.5,28.975000381469727,26.75,27.5,17648,0.0,0.0
2022-05-06 00:00:00-04:00,27.75,27.875,25.75,26.0,8444,0.0,0.0
2022-05-09 00:00:00-04:00,26.5,28.25,26.0,27.5,32444,0.0,0.0
2022-05-10 00:00:00-04:00,27.5,32.75,27.5,29.0,35336,0.0,0.0
2022-05-11 00:00:00-04:00,28.75,30.75,26.0,27.25,32816,0.0,0.0
2022-05-12 00:00:00-04:00,28.25,30.125,25.950000762939453,29.25,23272,0.0,0.0
2022-05-13 00:00:00-04:00,29.75,31.25,28.75,29.25,23252,0.0,0.0
2022-05-16 00:00:00-04:00,28.5,30.75,27.0,27.25,20584,0.0,0.0
2022-05-17 00:00:00-04:00,28.0,29.75,26.875,28.75,23120,0.0,0.0
2022-05-18 00:00:00-04:00,28.5,29.75,27.0,28.25,29404,0.0,0.0
2022-05-19 00:00:00-04:00,28.0,29.25,26.75,27.5,21708,0.0,0.0
2022-05-20 00:00:00-04:00,27.5,29.5,26.5,27.0,21576,0.0,0.0
2022-05-23 00:00:00-04:00,27.25,29.5,25.75,29.25,25644,0.0,0.0
2022-05-24 00:00:00-04:00,28.5,29.75,27.5,28.75,10860,0.0,0.0
2022-05-25 00:00:00-04:00,28.274999618530273,30.25,28.0,29.75,7248,0.0,0.0
2022-05-26 00:00:00-04:00,30.0,31.0,29.5,29.75,3508,0.0,0.0
2022-05-27 00:00:00-04:00,30.0,31.75,27.75,31.25,9844,0.0,0.0
2022-05-31 00:00:00-04:00,31.0,35.5,30.25,32.25,26556,0.0,0.0
2022-06-01 00:00:00-04:00,32.25,32.75,30.25,30.5,5064,0.0,0.0
2022-06-02 00:00:00-04:00,30.5,30.75,29.0,30.75,3320,0.0,0.0
2022-06-03 00:00:00-04:00,31.5,33.5,30.75,32.75,5940,0.0,0.0
2022-06-06 00:00:00-04:00,33.0,37.5,32.0,35.75,20120,0.0,0.0
2022-06-07 00:00:00-04:00,35.75,41.25,35.75,40.0,12948,0.0,0.0
2022-06-08 00:00:00-04:00,40.0,40.0,37.5,38.5,9796,0.0,0.0
2022-06-09 00:00:00-04:00,37.5,38.25,36.5,37.0,5320,0.0,0.0
2022-06-10 00:00:00-04:00,36.25,36.75,33.75,34.75,5304,0.0,0.0
2022-06-13 00:00:00-04:00,33.75,34.0,32.0,33.0,8376,0.0,0.0
2022-06-14 00:00:00-04:00,32.75,34.75,31.25,33.25,6644,0.0,0.0
2022-06-15 00:00:00-04:00,32.5,34.0,32.25,32.75,4512,0.0,0.0
2022-06-16 00:00:00-04:00,32.25,32.375,30.0,30.25,5380,0.0,0.0
2022-06-17 00:00:00-04:00,30.25,31.25,27.75,27.75,17712,0.0,0.0
2022-06-21 00:00:00-04:00,29.25,29.75,28.25,29.75,9544,0.0,0.0
2022-06-22 00:00:00-04:00,29.25,31.75,29.25,30.25,9708,0.0,0.0
2022-06-23 00:00:00-04:00,30.5,33.5,30.5,33.5,10908,0.0,0.0
2022-06-24 00:00:00-04:00,34.5,34.5,32.0,32.75,95556,0.0,0.0
2022-06-27 00:00:00-04:00,32.5,35.5,30.25,33.75,7456,0.0,0.0
2022-06-28 00:00:00-04:00,33.75,35.5,31.5,32.75,3228,0.0,0.0
2022-06-29 00:00:00-04:00,33.5,33.5,30.75,31.75,5028,0.0,0.0
2022-06-30 00:00:00-04:00,31.25,31.75,30.0,30.25,3768,0.0,0.0
2022-07-01 00:00:00-04:00,30.25,32.0,29.875,31.25,8144,0.0,0.0
2022-07-05 00:00:00-04:00,31.5,35.5,30.875,35.0,11988,0.0,0.0
2022-07-06 00:00:00-04:00,35.5,35.5,33.75,34.5,4032,0.0,0.0
2022-07-07 00:00:00-04:00,34.5,35.25,34.0,35.25,8772,0.0,0.0
2022-07-08 00:00:00-04:00,35.0,36.5,34.25,35.75,7220,0.0,0.0
2022-07-11 00:00:00-04:00,35.75,36.0,34.25,34.25,17784,0.0,0.0
2022-07-12 00:00:00-04:00,35.0,35.75,34.0,35.25,14412,0.0,0.0
2022-07-13 00:00:00-04:00,34.25,39.25,34.25,39.25,21884,0.0,0.0
2022-07-14 00:00:00-04:00,40.0,40.0,37.5,38.25,8384,0.0,0.0
2022-07-15 00:00:00-04:00,38.5,39.25,37.25,39.25,2392,0.0,0.0
2022-07-18 00:00:00-04:00,39.0,40.0,37.75,38.75,2332,0.0,0.0
2022-07-19 00:00:00-04:00,38.5,40.0,38.0,39.25,1384,0.0,0.0
2022-07-20 00:00:00-04:00,39.5,40.5,39.0,40.0,3036,0.0,0.0
2022-07-21 00:00:00-04:00,40.0,40.25,36.75,37.5,2528,0.0,0.0
2022-07-22 00:00:00-04:00,38.0,38.0,35.0,35.75,2288,0.0,0.0
2022-07-25 00:00:00-04:00,36.25,36.25,33.25,34.5,3516,0.0,0.0
2022-07-26 00:00:00-04:00,34.474998474121094,34.5,32.25,33.25,2160,0.0,0.0
2022-07-27 00:00:00-04:00,33.5,33.5,31.25,32.25,3172,0.0,0.0
2022-07-28 00:00:00-04:00,32.599998474121094,32.599998474121094,30.5,30.5,3064,0.0,0.0
2022-07-29 00:00:00-04:00,31.25,31.5,30.0,31.0,3136,0.0,0.0
2022-08-01 00:00:00-04:00,31.0,31.25,30.0,31.0,4184,0.0,0.0
2022-08-02 00:00:00-04:00,31.0,32.5,30.75,31.625,2840,0.0,0.0
2022-08-03 00:00:00-04:00,34.25,34.75,31.75,33.25,3488,0.0,0.0
2022-08-04 00:00:00-04:00,34.0,36.75,34.0,34.75,5372,0.0,0.0
2022-08-05 00:00:00-04:00,37.5,38.5,35.75,37.5,5120,0.0,0.0
2022-08-08 00:00:00-04:00,37.25,38.5,35.0,36.25,3564,0.0,0.0
2022-08-09 00:00:00-04:00,34.75,35.0,32.5,33.25,3404,0.0,0.0
2022-08-10 00:00:00-04:00,34.5,34.974998474121094,33.0,33.25,2836,0.0,0.0
2022-08-11 00:00:00-04:00,35.0,35.125,33.5,35.0,5268,0.0,0.0
2022-08-12 00:00:00-04:00,35.25,36.25,35.0,35.75,3716,0.0,0.0
2022-08-15 00:00:00-04:00,36.0,39.75,35.25,39.0,8804,0.0,0.0
2022-08-16 00:00:00-04:00,37.75,39.0,37.0,37.0,3688,0.0,0.0
2022-08-17 00:00:00-04:00,37.25,38.0,35.5,35.75,2776,0.0,0.0
2022-08-18 00:00:00-04:00,35.5,38.0,34.75,37.0,2376,0.0,0.0
2022-08-19 00:00:00-04:00,36.75,36.75,32.5,34.5,4520,0.0,0.0
2022-08-22 00:00:00-04:00,35.04999923706055,36.5,33.75,34.5,2200,0.0,0.0
2022-08-23 00:00:00-04:00,34.0,34.25,33.25,34.25,1760,0.0,0.0
2022-08-24 00:00:00-04:00,33.75,35.625,33.75,35.25,716,0.0,0.0
2022-08-25 00:00:00-04:00,35.0,35.5,34.0,34.75,1396,0.0,0.0
2022-08-26 00:00:00-04:00,34.75,34.75,32.5,32.75,1440,0.0,0.0
2022-08-29 00:00:00-04:00,32.75,33.25,31.5,32.5,1712,0.0,0.0
2022-08-30 00:00:00-04:00,32.5,33.75,30.0,30.5,2040,0.0,0.0
2022-08-31 00:00:00-04:00,31.75,31.75,30.0,31.25,1772,0.0,0.0
2022-09-01 00:00:00-04:00,31.5,31.5,28.75,30.5,3060,0.0,0.0
2022-09-02 00:00:00-04:00,30.0,31.0,29.0,30.5,4068,0.0,0.0
2022-09-06 00:00:00-04:00,29.75,31.75,29.75,30.25,2524,0.0,0.0
2022-09-07 00:00:00-04:00,29.75,30.5,29.25,29.75,3388,0.0,0.0
2022-09-08 00:00:00-04:00,29.25,33.75,29.25,32.5,3128,0.0,0.0
2022-09-09 00:00:00-04:00,32.0,33.95000076293945,30.75,33.0,5424,0.0,0.0
2022-09-12 00:00:00-04:00,32.5,34.25,31.5,33.75,2936,0.0,0.0
2022-09-13 00:00:00-04:00,32.54999923706055,35.0,30.5,34.75,3976,0.0,0.0
2022-09-14 00:00:00-04:00,34.25,34.25,32.75,33.5,1632,0.0,0.0
2022-09-15 00:00:00-04:00,33.599998474121094,33.599998474121094,32.25,33.25,1244,0.0,0.0
2022-09-16 00:00:00-04:00,32.5,32.75,28.75,29.25,13252,0.0,0.0
2022-09-19 00:00:00-04:00,29.75,30.25,28.25,29.0,4112,0.0,0.0
2022-09-20 00:00:00-04:00,28.875,29.25,28.0,28.5,3244,0.0,0.0
2022-09-21 00:00:00-04:00,28.75,29.25,28.0,28.25,2532,0.0,0.0
2022-09-22 00:00:00-04:00,28.5,28.5,26.75,27.5,2344,0.0,0.0
2022-09-23 00:00:00-04:00,28.0,28.75,25.75,26.5,5308,0.0,0.0
2022-09-26 00:00:00-04:00,27.25,27.5,24.5,25.0,5040,0.0,0.0
2022-09-27 00:00:00-04:00,27.0,28.75,25.5,26.5,1576,0.0,0.0
2022-09-28 00:00:00-04:00,26.5,28.5,26.5,27.5,2616,0.0,0.0
2022-09-29 00:00:00-04:00,27.5,28.0,26.5,26.5,2124,0.0,0.0
2022-09-30 00:00:00-04:00,27.5,28.0,26.75,27.5,1388,0.0,0.0
2022-10-03 00:00:00-04:00,28.75,28.75,26.75,27.0,2076,0.0,0.0
2022-10-04 00:00:00-04:00,28.25,28.5,27.0,27.5,2056,0.0,0.0
2022-10-05 00:00:00-04:00,27.0,27.75,26.5,27.25,3556,0.0,0.0
2022-10-06 00:00:00-04:00,28.5,28.5,26.875,27.75,1296,0.0,0.0
2022-10-07 00:00:00-04:00,28.75,28.75,26.25,27.0,2352,0.0,0.0
2022-10-10 00:00:00-04:00,28.25,28.75,26.625,28.0,4704,0.0,0.0
2022-10-11 00:00:00-04:00,27.5,28.0,26.75,26.75,1972,0.0,0.0
2022-10-12 00:00:00-04:00,26.75,28.5,26.25,27.75,5832,0.0,0.0
2022-10-13 00:00:00-04:00,27.5,28.75,26.875,28.0,3712,0.0,0.0
2022-10-14 00:00:00-04:00,29.0,29.0,27.25,27.5,2220,0.0,0.0
2022-10-17 00:00:00-04:00,29.0,29.0,26.75,26.75,2540,0.0,0.0
2022-10-18 00:00:00-04:00,26.825000762939453,27.5,26.75,27.5,2068,0.0,0.0
2022-10-19 00:00:00-04:00,26.924999237060547,27.0,26.25,26.75,1132,0.0,0.0
2022-10-20 00:00:00-04:00,26.75,27.5,26.25,27.25,1428,0.0,0.0
2022-10-21 00:00:00-04:00,26.75,27.75,26.0,26.0,1964,0.0,0.0
2022-10-24 00:00:00-04:00,26.0,26.600000381469727,25.25,25.75,2360,0.0,0.0
2022-10-25 00:00:00-04:00,26.75,26.75,25.25,25.25,1148,0.0,0.0
2022-10-26 00:00:00-04:00,26.25,27.25,25.5,26.5,2388,0.0,0.0
2022-10-27 00:00:00-04:00,26.25,27.25,26.0,26.25,780,0.0,0.0
2022-10-28 00:00:00-04:00,25.5,26.649999618530273,25.5,26.25,2296,0.0,0.0
2022-10-31 00:00:00-04:00,26.25,26.950000762939453,25.75,26.25,924,0.0,0.0
2022-11-01 00:00:00-04:00,27.0,27.25,26.0,26.25,1644,0.0,0.0
2022-11-02 00:00:00-04:00,27.0,27.75,25.75,26.75,2484,0.0,0.0
2022-11-03 00:00:00-04:00,26.25,27.0,25.75,26.25,840,0.0,0.0
2022-11-04 00:00:00-04:00,26.674999237060547,27.75,23.700000762939453,24.75,10156,0.0,0.0
2022-11-07 00:00:00-05:00,25.5,25.5,24.25,24.649999618530273,1876,0.0,0.0
2022-11-08 00:00:00-05:00,24.375,24.899999618530273,22.950000762939453,23.549999237060547,3300,0.0,0.0
2022-11-09 00:00:00-05:00,23.25,23.25,21.5,22.350000381469727,3536,0.0,0.0
2022-11-10 00:00:00-05:00,24.575000762939453,24.649999618530273,22.25,23.350000381469727,2288,0.0,0.0
2022-11-11 00:00:00-05:00,24.200000762939453,27.5,23.0,27.0,9708,0.0,0.0
2022-11-14 00:00:00-05:00,26.25,27.75,25.0,26.75,2336,0.0,0.0
2022-11-15 00:00:00-05:00,28.0,28.0,25.25,25.5,5160,0.0,0.0
2022-11-16 00:00:00-05:00,25.25,26.25,22.5,24.125,2660,0.0,0.0
2022-11-17 00:00:00-05:00,25.75,27.0,24.25,26.0,2076,0.0,0.0
2022-11-18 00:00:00-05:00,26.25,27.125,23.75,25.125,2992,0.0,0.0
2022-11-21 00:00:00-05:00,24.0,25.5,23.75,23.75,1596,0.0,0.0
2022-11-22 00:00:00-05:00,24.0,25.0,23.5,23.75,1872,0.0,0.0
2022-11-23 00:00:00-05:00,24.950000762939453,26.0,23.0,26.0,2992,0.0,0.0
2022-11-25 00:00:00-05:00,25.75,25.75,23.950000762939453,24.75,1608,0.0,0.0
2022-11-28 00:00:00-05:00,24.75,26.0,23.75,24.0,2504,0.0,0.0
2022-11-29 00:00:00-05:00,24.5,25.75,23.325000762939453,23.75,2260,0.0,0.0
2022-11-30 00:00:00-05:00,25.0,25.0,23.399999618530273,25.0,1740,0.0,0.0
2022-12-01 00:00:00-05:00,24.25,26.0,23.5,24.125,856,0.0,0.0
2022-12-02 00:00:00-05:00,24.5,24.5,23.174999237060547,24.0,2204,0.0,0.0
2022-12-05 00:00:00-05:00,24.25,25.75,23.049999237060547,23.049999237060547,3060,0.0,0.0
2022-12-06 00:00:00-05:00,24.100000381469727,25.0,21.75,22.524999618530273,4528,0.0,0.0
2022-12-07 00:00:00-05:00,24.375,24.375,23.0,23.0,820,0.0,0.0
2022-12-08 00:00:00-05:00,24.375,24.375,22.5,22.825000762939453,4952,0.0,0.0
2022-12-09 00:00:00-05:00,23.25,23.75,23.0,23.375,3220,0.0,0.0
2022-12-12 00:00:00-05:00,24.0,24.0,22.5,23.350000381469727,2760,0.0,0.0
2022-12-13 00:00:00-05:00,24.375,26.25,23.524999618530273,26.25,5108,0.0,0.0
2022-12-14 00:00:00-05:00,26.75,26.75,25.0,25.0,1836,0.0,0.0
2022-12-15 00:00:00-05:00,25.0,26.75,23.0,23.75,5696,0.0,0.0
2022-12-16 00:00:00-05:00,24.25,25.5,22.325000762939453,22.325000762939453,19692,0.0,0.0
2022-12-19 00:00:00-05:00,25.0,27.0,23.5,25.25,10772,0.0,0.0
2022-12-20 00:00:00-05:00,25.25,26.75,24.049999237060547,25.25,3988,0.0,0.0
2022-12-21 00:00:00-05:00,25.0,25.75,22.75,23.5,11080,0.0,0.0
2022-12-22 00:00:00-05:00,23.25,25.0,21.924999237060547,23.75,7836,0.0,0.0
2022-12-23 00:00:00-05:00,23.274999618530273,23.549999237060547,22.0,22.75,5836,0.0,0.0
2022-12-27 00:00:00-05:00,22.5,24.5,21.825000762939453,24.0,23808,0.0,0.0
2022-12-28 00:00:00-05:00,24.0,24.25,21.5,22.5,35564,0.0,0.0
2022-12-29 00:00:00-05:00,21.75,25.0,21.0,24.899999618530273,14748,0.0,0.0
2022-12-30 00:00:00-05:00,23.350000381469727,24.0,21.25,23.825000762939453,27236,0.0,0.0
2023-01-03 00:00:00-05:00,24.5,24.5,22.0,23.5,9372,0.0,0.0
2023-01-04 00:00:00-05:00,23.024999618530273,24.0,22.0,23.5,2636,0.0,0.0
2023-01-05 00:00:00-05:00,24.0,25.75,24.0,24.75,10572,0.0,0.0
2023-01-06 00:00:00-05:00,29.5,34.5,27.0,32.75,170444,0.0,0.0
2023-01-09 00:00:00-05:00,33.75,35.75,29.75,32.5,40464,0.0,0.0
2023-01-10 00:00:00-05:00,32.75,40.0,31.75,39.5,38752,0.0,0.0
2023-01-11 00:00:00-05:00,39.75,41.5,34.95000076293945,41.0,48588,0.0,0.0
2023-01-12 00:00:00-05:00,42.0,42.5,36.0,36.0,33956,0.0,0.0
2023-01-13 00:00:00-05:00,35.5,42.5,31.25,41.0,30600,0.0,0.0
2023-01-17 00:00:00-05:00,44.75,60.25,44.25,50.5,191116,0.0,0.0
2023-01-18 00:00:00-05:00,51.25,53.75,49.0,52.75,55552,0.0,0.0
2023-01-19 00:00:00-05:00,51.5,53.25,49.0,50.75,17848,0.0,0.0
2023-01-20 00:00:00-05:00,49.75,52.5,49.25,51.5,9488,0.0,0.0
2023-01-23 00:00:00-05:00,50.75,52.0,47.5,48.25,16944,0.0,0.0
2023-01-24 00:00:00-05:00,48.5,50.25,43.75,45.25,22404,0.0,0.0
2023-01-25 00:00:00-05:00,44.75,48.0,44.5,47.0,5004,0.0,0.0
2023-01-26 00:00:00-05:00,47.25,47.75,46.0,47.25,4400,0.0,0.0
2023-01-27 00:00:00-05:00,48.25,49.5,46.0,47.25,5012,0.0,0.0
2023-01-30 00:00:00-05:00,46.25,49.5,45.82500076293945,46.75,5268,0.0,0.0
2023-01-31 00:00:00-05:00,46.75,49.5,46.5,48.5,5684,0.0,0.0
2023-02-01 00:00:00-05:00,48.5,52.5,47.25,51.25,14472,0.0,0.0
2023-02-02 00:00:00-05:00,51.5,51.5,45.0,48.0,17616,0.0,0.0
2023-02-03 00:00:00-05:00,47.0,47.75,43.75,43.75,7380,0.0,0.0
2023-02-06 00:00:00-05:00,45.5,45.5,42.5,44.0,4284,0.0,0.0
2023-02-07 00:00:00-05:00,44.25,47.5,44.0,46.25,5652,0.0,0.0
2023-02-08 00:00:00-05:00,45.0,48.5,44.5,46.5,3480,0.0,0.0
2023-02-09 00:00:00-05:00,47.5,47.5,42.0,42.75,4368,0.0,0.0
2023-02-10 00:00:00-05:00,42.0,43.0,37.75,38.0,10056,0.0,0.0
2023-02-13 00:00:00-05:00,38.75,39.0,35.5,38.0,6520,0.0,0.0
2023-02-14 00:00:00-05:00,37.25,40.75,37.0,40.75,2368,0.0,0.0
2023-02-15 00:00:00-05:00,40.25,40.5,37.5,40.5,1644,0.0,0.0
2023-02-16 00:00:00-05:00,40.75,46.0,40.25,42.0,6240,0.0,0.0
2023-02-17 00:00:00-05:00,41.0,44.75,40.0,42.5,5412,0.0,0.0
2023-02-21 00:00:00-05:00,42.5,42.5,40.099998474121094,41.5,1844,0.0,0.0
2023-02-22 00:00:00-05:00,41.0,42.5,38.5,41.25,4064,0.0,0.0
2023-02-23 00:00:00-05:00,40.75,42.75,38.75,41.0,7748,0.0,0.0
2023-02-24 00:00:00-05:00,39.75,44.0,37.5,39.0,2444,0.0,0.0
2023-02-27 00:00:00-05:00,39.25,41.0,37.5,39.25,2000,0.0,0.0
2023-02-28 00:00:00-05:00,39.5,39.5,36.5,36.5,2700,0.0,0.0
2023-03-01 00:00:00-05:00,36.25,43.0,36.150001525878906,37.75,5596,0.0,0.0
2023-03-02 00:00:00-05:00,36.5,39.0,36.25,36.875,2256,0.0,0.0
2023-03-03 00:00:00-05:00,36.25,39.125,35.5,37.75,4392,0.0,0.0
2023-03-06 00:00:00-05:00,37.75,38.25,36.5,37.5,1636,0.0,0.0
2023-03-07 00:00:00-05:00,38.0,38.75,35.25,37.0,2288,0.0,0.0
2023-03-08 00:00:00-05:00,37.75,37.75,35.25,36.25,1404,0.0,0.0
2023-03-09 00:00:00-05:00,36.0,36.25,30.25,34.0,5284,0.0,0.0
2023-03-10 00:00:00-05:00,32.75,37.25,32.0,33.0,6440,0.0,0.0
2023-03-13 00:00:00-04:00,32.25,37.75,30.25,32.5,27112,0.0,0.0
2023-03-14 00:00:00-04:00,32.5,35.0,32.5,34.0,3980,0.0,0.0
2023-03-15 00:00:00-04:00,32.650001525878906,35.0,32.5,33.5,1664,0.0,0.0
2023-03-16 00:00:00-04:00,33.75,34.0,32.5,33.0,1536,0.0,0.0
2023-03-17 00:00:00-04:00,32.5,33.75,30.75,33.0,4976,0.0,0.0
2023-03-20 00:00:00-04:00,34.0,34.0,31.25,31.5,1496,0.0,0.0
2023-03-21 00:00:00-04:00,31.75,31.75,29.299999237060547,30.0,3056,0.0,0.0
2023-03-22 00:00:00-04:00,29.75,31.75,29.0,29.0,3444,0.0,0.0
2023-03-23 00:00:00-04:00,30.0,31.0,28.25,28.25,2552,0.0,0.0
2023-03-24 00:00:00-04:00,28.25,29.0,27.25,28.25,1380,0.0,0.0
2023-03-27 00:00:00-04:00,28.0,31.75,26.5,29.0,2992,0.0,0.0
2023-03-28 00:00:00-04:00,28.25,29.75,27.5,27.75,2604,0.0,0.0
2023-03-29 00:00:00-04:00,28.5,29.75,26.5,27.875,1764,0.0,0.0
2023-03-30 00:00:00-04:00,28.0,29.5,25.0,26.0,2256,0.0,0.0
2023-03-31 00:00:00-04:00,26.0,28.200000762939453,21.850000381469727,21.850000381469727,23972,0.0,0.0
2023-04-03 00:00:00-04:00,22.5,24.524999618530273,22.25,22.299999237060547,6140,0.0,0.0
2023-04-04 00:00:00-04:00,22.5,23.0,22.25,22.700000762939453,928,0.0,0.0
2023-04-05 00:00:00-04:00,23.0,24.450000762939453,21.549999237060547,22.674999237060547,972,0.0,0.0
2023-04-06 00:00:00-04:00,22.0,23.5,21.5,22.5,1064,0.0,0.0
2023-04-10 00:00:00-04:00,23.100000381469727,23.5,21.75,22.299999237060547,2328,0.0,0.0
2023-04-11 00:00:00-04:00,23.200000762939453,23.325000762939453,22.25,22.5,2168,0.0,0.0
2023-04-12 00:00:00-04:00,22.5,24.125,22.5,22.75,1680,0.0,0.0
2023-04-13 00:00:00-04:00,23.75,24.75,22.75,24.100000381469727,2968,0.0,0.0
2023-04-14 00:00:00-04:00,24.25,25.75,22.549999237060547,23.25,2620,0.0,0.0
2023-04-17 00:00:00-04:00,22.75,24.774999618530273,22.549999237060547,22.899999618530273,3836,0.0,0.0
2023-04-18 00:00:00-04:00,24.0,24.700000762939453,23.25,23.774999618530273,1516,0.0,0.0
2023-04-19 00:00:00-04:00,23.975000381469727,24.75,23.5,24.725000381469727,2748,0.0,0.0
2023-04-20 00:00:00-04:00,24.75,31.0,24.75,27.5,11864,0.0,0.0
2023-04-21 00:00:00-04:00,26.75,27.450000762939453,25.0,25.25,2408,0.0,0.0
2023-04-24 00:00:00-04:00,25.75,26.575000762939453,24.75,25.125,4412,0.0,0.0
2023-04-25 00:00:00-04:00,25.299999237060547,27.0,24.75,25.75,1292,0.0,0.0
2023-04-26 00:00:00-04:00,25.75,27.0,25.75,25.875,596,0.0,0.0
2023-04-27 00:00:00-04:00,25.75,27.75,25.25,26.75,2812,0.0,0.0
2023-04-28 00:00:00-04:00,25.75,30.5,25.75,29.0,3004,0.0,0.0
2023-05-01 00:00:00-04:00,30.25,33.5,29.5,31.75,3092,0.0,0.0
2023-05-02 00:00:00-04:00,32.25,32.25,29.25,30.25,3612,0.0,0.0
2023-05-03 00:00:00-04:00,31.25,34.0,30.0,32.75,2964,0.0,0.0
2023-05-04 00:00:00-04:00,31.75,34.5,30.25,34.0,3228,0.0,0.0
2023-05-05 00:00:00-04:00,32.25,33.5,30.5,31.0,4620,0.0,0.0
2023-05-08 00:00:00-04:00,31.0,31.25,29.75,30.75,1764,0.0,0.0
2023-05-09 00:00:00-04:00,31.0,31.25,30.0,30.75,1836,0.0,0.0
2023-05-10 00:00:00-04:00,30.75,31.25,30.0,30.0,1000,0.0,0.0
2023-05-11 00:00:00-04:00,31.25,31.25,28.0,28.0,1316,0.0,0.0
2023-05-12 00:00:00-04:00,27.25,28.5,25.75,27.25,34516,0.0,0.0
2023-05-15 00:00:00-04:00,32.5,33.5,28.75,32.5,221260,0.0,0.0
2023-05-16 00:00:00-04:00,30.5,31.75,27.5,28.75,19964,0.0,0.0
2023-05-17 00:00:00-04:00,27.5,31.25,27.5,29.75,10440,0.0,0.0
2023-05-18 00:00:00-04:00,29.0,30.0,27.5,27.75,8040,0.0,0.0
2023-05-19 00:00:00-04:00,27.475000381469727,28.299999237060547,25.75,25.75,7516,0.0,0.0
2023-05-22 00:00:00-04:00,28.25,29.25,25.5,26.5,10340,0.0,0.0
2023-05-23 00:00:00-04:00,26.5,29.5,26.5,26.75,8332,0.0,0.0
2023-05-24 00:00:00-04:00,26.75,28.0,26.25,27.75,3952,0.0,0.0
2023-05-25 00:00:00-04:00,27.75,28.0,27.0,27.5,2852,0.0,0.0
2023-05-26 00:00:00-04:00,27.75,28.0,27.25,28.0,1300,0.0,0.0
2023-05-30 00:00:00-04:00,27.75,28.5,27.25,28.5,1840,0.0,0.0
2023-05-31 00:00:00-04:00,27.5,29.0,26.75,28.25,1236,0.0,0.0
2023-06-01 00:00:00-04:00,28.75,30.5,27.524999618530273,29.75,6460,0.0,0.0
2023-06-02 00:00:00-04:00,29.75,30.25,28.0,29.75,4996,0.0,0.0
2023-06-05 00:00:00-04:00,30.0,30.0,28.5,28.5,1240,0.0,0.0
2023-06-06 00:00:00-04:00,28.0,29.75,27.5,29.5,1308,0.0,0.0
2023-06-07 00:00:00-04:00,29.0,30.25,27.0,28.25,5980,0.0,0.0
2023-06-08 00:00:00-04:00,29.75,29.75,27.5,27.5,3516,0.0,0.0
2023-06-09 00:00:00-04:00,28.0,29.0,27.0,28.0,1412,0.0,0.0
2023-06-12 00:00:00-04:00,28.0,29.5,27.25,28.25,1016,0.0,0.0
2023-06-13 00:00:00-04:00,28.75,29.25,27.25,28.0,1780,0.0,0.0
2023-06-14 00:00:00-04:00,27.549999237060547,28.5,27.25,27.5,1708,0.0,0.0
2023-06-15 00:00:00-04:00,28.0,29.024999618530273,27.0,27.5,7380,0.0,0.0
2023-06-16 00:00:00-04:00,27.5,27.75,23.75,27.5,51824,0.0,0.0
2023-06-20 00:00:00-04:00,27.5,28.0,26.0,26.0,1720,0.0,0.0
2023-06-21 00:00:00-04:00,27.0,27.0,25.0,25.25,2900,0.0,0.0
2023-06-22 00:00:00-04:00,25.0,26.25,23.049999237060547,24.274999618530273,4408,0.0,0.0
2023-06-23 00:00:00-04:00,24.174999237060547,24.625,23.75,24.149999618530273,3672,0.0,0.0
2023-06-26 00:00:00-04:00,24.5,25.5,23.25,23.5,2364,0.0,0.0
2023-06-27 00:00:00-04:00,23.700000762939453,24.0,22.75,22.75,4552,0.0,0.0
2023-06-28 00:00:00-04:00,22.75,26.25,21.799999237060547,23.149999618530273,14892,0.0,0.0
2023-06-29 00:00:00-04:00,24.25,24.5,22.774999618530273,23.274999618530273,1988,0.0,0.0
2023-06-30 00:00:00-04:00,23.0,24.825000762939453,23.0,24.274999618530273,3624,0.0,0.0
2023-07-03 00:00:00-04:00,24.274999618530273,25.75,24.25,25.0,3364,0.0,0.0
2023-07-05 00:00:00-04:00,24.549999237060547,25.75,24.299999237060547,24.5,2764,0.0,0.0
2023-07-06 00:00:00-04:00,25.0,25.5,23.600000381469727,24.75,384,0.0,0.0
2023-07-07 00:00:00-04:00,26.5,26.5,23.899999618530273,24.25,832,0.0,0.0
2023-07-10 00:00:00-04:00,24.424999237060547,24.625,23.25,23.274999618530273,3004,0.0,0.0
2023-07-11 00:00:00-04:00,23.299999237060547,23.950000762939453,22.200000762939453,22.524999618530273,9124,0.0,0.0
2023-07-12 00:00:00-04:00,23.024999618530273,24.149999618530273,22.75,23.274999618530273,940,0.0,0.0
2023-07-13 00:00:00-04:00,22.75,24.475000381469727,22.75,24.0,5188,0.0,0.0
2023-07-14 00:00:00-04:00,24.5,27.0,23.25,25.75,14900,0.0,0.0
2023-07-17 00:00:00-04:00,26.5,27.5,25.75,26.5,6784,0.0,0.0
2023-07-18 00:00:00-04:00,26.25,26.5,25.0,26.0,1684,0.0,0.0
2023-07-19 00:00:00-04:00,26.75,26.75,25.0,25.0,1852,0.0,0.0
2023-07-20 00:00:00-04:00,25.25,25.5,25.0,25.0,880,0.0,0.0
2023-07-21 00:00:00-04:00,24.0,26.25,23.875,23.875,2508,0.0,0.0
2023-07-24 00:00:00-04:00,24.0,24.0,22.875,23.0,1628,0.0,0.0
2023-07-25 00:00:00-04:00,23.0,24.875,23.0,23.25,1032,0.0,0.0
2023-07-26 00:00:00-04:00,23.0,23.600000381469727,22.0,22.625,9184,0.0,0.0
2023-07-27 00:00:00-04:00,22.625,23.0,21.75,21.875,2676,0.0,0.0
2023-07-28 00:00:00-04:00,21.899999618530273,23.024999618530273,21.75,22.0,2644,0.0,0.0
2023-07-31 00:00:00-04:00,22.600000381469727,23.100000381469727,21.5,22.25,5608,0.0,0.0
2023-08-01 00:00:00-04:00,22.424999237060547,23.024999618530273,21.75,22.0,3236,0.0,0.0
2023-08-02 00:00:00-04:00,22.274999618530273,22.524999618530273,21.5,22.450000762939453,3368,0.0,0.0
2023-08-03 00:00:00-04:00,22.725000381469727,23.524999618530273,22.0,22.25,2052,0.0,0.0
2023-08-04 00:00:00-04:00,23.5,23.5,21.75,22.125,1040,0.0,0.0
2023-08-07 00:00:00-04:00,22.75,24.350000381469727,22.0,22.375,17756,0.0,0.0
2023-08-08 00:00:00-04:00,24.125,24.5,22.524999618530273,23.5,6192,0.0,0.0
2023-08-09 00:00:00-04:00,23.5,24.5,23.5,24.350000381469727,808,0.0,0.0
2023-08-10 00:00:00-04:00,24.0,24.5,23.5,24.25,2692,0.0,0.0
2023-08-11 00:00:00-04:00,24.725000381469727,24.850000381469727,23.75,24.100000381469727,1212,0.0,0.0
2023-08-14 00:00:00-04:00,24.125,24.700000762939453,23.375,23.600000381469727,416,0.0,0.0
2023-08-15 00:00:00-04:00,23.25,24.375,22.924999237060547,23.375,1156,0.0,0.0
2023-08-16 00:00:00-04:00,23.375,24.899999618530273,23.0,23.25,1672,0.0,0.0
2023-08-17 00:00:00-04:00,22.850000381469727,23.924999237060547,22.024999618530273,22.5,3156,0.0,0.0
2023-08-18 00:00:00-04:00,22.549999237060547,22.549999237060547,21.375,21.5,3696,0.0,0.0
2023-08-21 00:00:00-04:00,21.75,24.0,21.674999237060547,22.5,1384,0.0,0.0
2023-08-22 00:00:00-04:00,22.0,22.5,21.5,21.850000381469727,1044,0.0,0.0
2023-08-23 00:00:00-04:00,22.0,22.450000762939453,21.75,22.25,512,0.0,0.0
2023-08-24 00:00:00-04:00,22.475000381469727,22.475000381469727,21.5,21.725000381469727,1240,0.0,0.0
2023-08-25 00:00:00-04:00,21.75,21.950000762939453,21.5,21.5,1128,0.0,0.0
2023-08-28 00:00:00-04:00,21.799999237060547,22.0,21.5,21.875,364,0.0,0.0
2023-08-29 00:00:00-04:00,21.875,22.25,21.0,21.774999618530273,2092,0.0,0.0
2023-08-30 00:00:00-04:00,22.475000381469727,22.475000381469727,21.774999618530273,21.875,768,0.0,0.0
2023-08-31 00:00:00-04:00,21.524999618530273,21.950000762939453,21.350000381469727,21.524999618530273,1428,0.0,0.0
2023-09-01 00:00:00-04:00,22.049999237060547,22.975000381469727,21.0,21.75,6436,0.0,0.0
2023-09-05 00:00:00-04:00,22.475000381469727,22.475000381469727,22.0,22.225000381469727,524,0.0,0.0
2023-09-06 00:00:00-04:00,22.225000381469727,22.225000381469727,21.375,21.674999237060547,1108,0.0,0.0
2023-09-07 00:00:00-04:00,21.674999237060547,22.424999237060547,20.75,21.5,4040,0.0,0.0
2023-09-08 00:00:00-04:00,21.5,21.5,20.774999618530273,21.0,1320,0.0,0.0
2023-09-11 00:00:00-04:00,21.125,21.375,20.774999618530273,20.875,920,0.0,0.0
2023-09-12 00:00:00-04:00,20.875,21.5,20.0,20.0,508,0.0,0.0
2023-09-13 00:00:00-04:00,20.524999618530273,20.725000381469727,19.5,20.0,3048,0.0,0.0
2023-09-14 00:00:00-04:00,20.75,20.75,20.0,20.125,420,0.0,0.0
2023-09-15 00:00:00-04:00,20.75,20.850000381469727,20.0,20.0,1180,0.0,0.0
2023-09-18 00:00:00-04:00,20.0,20.75,19.5,20.0,2992,0.0,0.0
2023-09-19 00:00:00-04:00,21.0,21.0,19.825000762939453,19.825000762939453,1944,0.0,0.0
2023-09-20 00:00:00-04:00,20.0,20.575000762939453,19.75,19.75,328,0.0,0.0
2023-09-21 00:00:00-04:00,19.899999618530273,20.75,19.25,19.875,2708,0.0,0.0
2023-09-22 00:00:00-04:00,19.274999618530273,19.75,18.75,19.024999618530273,3944,0.0,0.0
2023-09-25 00:00:00-04:00,19.975000381469727,19.975000381469727,17.75,18.225000381469727,2236,0.0,0.0
2023-09-26 00:00:00-04:00,19.024999618530273,19.649999618530273,18.225000381469727,18.25,560,0.0,0.0
2023-09-27 00:00:00-04:00,18.5,18.899999618530273,17.5,17.75,1140,0.0,0.0
2023-09-28 00:00:00-04:00,18.25,18.899999618530273,18.25,18.25,1360,0.0,0.0
2023-09-29 00:00:00-04:00,18.125,18.674999237060547,18.0,18.674999237060547,1016,0.0,0.0
2023-10-02 00:00:00-04:00,18.674999237060547,21.5,18.0,20.0,8340,0.0,0.0
2023-10-03 00:00:00-04:00,19.924999237060547,20.950000762939453,19.174999237060547,20.0,3400,0.0,0.0
2023-10-04 00:00:00-04:00,19.899999618530273,21.0,19.875,19.899999618530273,1988,0.0,0.0
2023-10-05 00:00:00-04:00,20.5,20.5,19.5,19.5,1844,0.0,0.0
2023-10-06 00:00:00-04:00,19.5,20.0,18.75,19.225000381469727,1764,0.0,0.0
2023-10-09 00:00:00-04:00,19.25,19.625,18.75,18.975000381469727,908,0.0,0.0
2023-10-10 00:00:00-04:00,18.25,19.75,18.25,18.75,1604,0.0,0.0
2023-10-11 00:00:00-04:00,19.475000381469727,20.225000381469727,18.75,19.25,1028,0.0,0.0
2023-10-12 00:00:00-04:00,19.0,19.524999618530273,18.625,19.024999618530273,1780,0.0,0.0
2023-10-13 00:00:00-04:00,18.774999618530273,19.0,17.5,18.5,792,0.0,0.0
2023-10-16 00:00:00-04:00,19.024999618530273,19.5,18.075000762939453,19.125,700,0.0,0.0
2023-10-17 00:00:00-04:00,19.25,19.75,17.5,18.25,1516,0.0,0.0
2023-10-18 00:00:00-04:00,18.25,20.0,18.0,19.25,688,0.0,0.0
2023-10-19 00:00:00-04:00,18.75,19.375,18.75,18.75,304,0.0,0.0
2023-10-20 00:00:00-04:00,18.75,19.850000381469727,15.949999809265137,19.0,5272,0.0,0.0
2023-10-23 00:00:00-04:00,19.0,19.0,14.75,14.899999618530273,27588,0.0,0.0
2023-10-24 00:00:00-04:00,15.0,15.25,13.475000381469727,15.225000381469727,6856,0.0,0.0
2023-10-25 00:00:00-04:00,15.25,15.725000381469727,15.0,15.375,1104,0.0,0.0
2023-10-26 00:00:00-04:00,15.25,16.0,15.0,16.0,1608,0.0,0.0
2023-10-27 00:00:00-04:00,16.125,16.125,14.75,15.475000381469727,4324,0.0,0.0
2023-10-30 00:00:00-04:00,18.100000381469727,18.125,15.5,16.0,6944,0.0,0.0
2023-10-31 00:00:00-04:00,16.25,17.0,14.5,15.0,10956,0.0,0.0
2023-11-01 00:00:00-04:00,16.0,20.649999618530273,15.0,18.75,15004,0.0,0.0
2023-11-02 00:00:00-04:00,18.825000762939453,19.25,16.5,18.75,7040,0.0,0.0
2023-11-03 00:00:00-04:00,18.75,19.200000762939453,18.25,19.0,3980,0.0,0.0
2023-11-06 00:00:00-05:00,20.0,20.75,18.700000762939453,19.0,2976,0.0,0.0
2023-11-07 00:00:00-05:00,19.975000381469727,20.0,17.975000381469727,18.399999618530273,1852,0.0,0.0
2023-11-08 00:00:00-05:00,18.25,19.975000381469727,16.25,18.475000381469727,3732,0.0,0.0
2023-11-09 00:00:00-05:00,18.75,20.549999237060547,18.5,19.25,3392,0.0,0.0
2023-11-10 00:00:00-05:00,19.25,19.5,16.375,17.475000381469727,7392,0.0,0.0
2023-11-13 00:00:00-05:00,18.75,18.75,13.75,15.0,6576,0.0,0.0
2023-11-14 00:00:00-05:00,14.550000190734863,16.274999618530273,14.0,14.800000190734863,2488,0.0,0.0
2023-11-15 00:00:00-05:00,15.100000381469727,16.975000381469727,15.100000381469727,16.0,2116,0.0,0.0
2023-11-16 00:00:00-05:00,16.25,17.350000381469727,15.125,15.550000190734863,2076,0.0,0.0
2023-11-17 00:00:00-05:00,17.075000762939453,19.024999618530273,16.575000762939453,17.149999618530273,1448,0.0,0.0
2023-11-20 00:00:00-05:00,16.25,18.475000381469727,16.25,17.950000762939453,1392,0.0,0.0
2023-11-21 00:00:00-05:00,16.924999237060547,17.725000381469727,16.274999618530273,16.299999237060547,268,0.0,0.0
2023-11-22 00:00:00-05:00,17.125,18.75,17.0,17.0,952,0.0,0.0
2023-11-24 00:00:00-05:00,16.299999237060547,18.75,16.299999237060547,17.899999618530273,4928,0.0,0.0
2023-11-27 00:00:00-05:00,19.600000381469727,19.600000381469727,17.700000762939453,17.700000762939453,2000,0.0,0.0
2023-11-28 00:00:00-05:00,17.75,18.25,17.375,17.5,2700,0.0,0.0
2023-11-29 00:00:00-05:00,17.25,18.75,17.0,17.274999618530273,2488,0.0,0.0
2023-11-30 00:00:00-05:00,18.149999618530273,19.0,17.274999618530273,17.5,1852,0.0,0.0
2023-12-01 00:00:00-05:00,17.5,20.0,17.274999618530273,17.524999618530273,2212,0.0,0.0
2023-12-04 00:00:00-05:00,17.5,18.5,17.0,17.0,2632,0.0,0.0
2023-12-05 00:00:00-05:00,17.5,18.75,16.674999237060547,16.75,1780,0.0,0.0
2023-12-06 00:00:00-05:00,17.225000381469727,17.5,16.0,17.049999237060547,4260,0.0,0.0
2023-12-07 00:00:00-05:00,16.0,17.299999237060547,16.0,16.25,106276,0.0,0.0
2023-12-08 00:00:00-05:00,17.0,17.875,13.824999809265137,14.5,105360,0.0,0.0
2023-12-11 00:00:00-05:00,14.475000381469727,15.0,13.600000381469727,14.0,12172,0.0,0.0
2023-12-12 00:00:00-05:00,14.0,14.899999618530273,13.625,14.5,15936,0.0,0.0
2023-12-13 00:00:00-05:00,14.625,15.0,14.125,14.625,8528,0.0,0.0
2023-12-14 00:00:00-05:00,14.25,15.125,14.125,14.550000190734863,9412,0.0,0.0
2023-12-15 00:00:00-05:00,14.625,15.75,14.625,14.625,24256,0.0,0.0
2023-12-18 00:00:00-05:00,14.975000381469727,15.300000190734863,14.649999618530273,14.649999618530273,10672,0.0,0.0
2023-12-19 00:00:00-05:00,15.0,15.699999809265137,14.75,14.75,4688,0.0,0.0
2023-12-20 00:00:00-05:00,14.5,15.75,14.5,15.25,6924,0.0,0.0
2023-12-21 00:00:00-05:00,15.5,17.5,15.25,17.475000381469727,12756,0.0,0.0
2023-12-22 00:00:00-05:00,16.75,18.174999237060547,16.75,17.5,11300,0.0,0.0
2023-12-26 00:00:00-05:00,18.5,18.5,17.375,18.450000762939453,17764,0.0,0.0
2023-12-27 00:00:00-05:00,18.625,19.299999237060547,17.274999618530273,18.450000762939453,15944,0.0,0.0
2023-12-28 00:00:00-05:00,18.450000762939453,18.575000762939453,16.25,16.424999237060547,75488,0.0,0.0
2023-12-29 00:00:00-05:00,18.450000762939453,18.450000762939453,16.125,16.600000381469727,69976,0.0,0.0
2024-01-02 00:00:00-05:00,16.625,18.0,16.625,17.725000381469727,7608,0.0,0.0
2024-01-03 00:00:00-05:00,16.75,18.549999237060547,16.75,18.5,3412,0.0,0.0
2024-01-04 00:00:00-05:00,18.125,18.75,17.325000762939453,18.475000381469727,7372,0.0,0.0
2024-01-05 00:00:00-05:00,18.524999618530273,18.524999618530273,17.25,17.75,1228,0.0,0.0
2024-01-08 00:00:00-05:00,16.799999237060547,18.75,16.75,18.5,6956,0.0,0.0
2024-01-09 00:00:00-05:00,18.75,18.799999237060547,17.399999618530273,18.774999618530273,8588,0.0,0.0
2024-01-10 00:00:00-05:00,18.75,19.0,17.5,18.100000381469727,9936,0.0,0.0
2024-01-11 00:00:00-05:00,18.024999618530273,18.75,17.625,18.25,11004,0.0,0.0
2024-01-12 00:00:00-05:00,18.25,18.875,18.25,18.424999237060547,12232,0.0,0.0
2024-01-16 00:00:00-05:00,18.25,18.700000762939453,17.549999237060547,17.75,10552,0.0,0.0
2024-01-17 00:00:00-05:00,18.0,18.375,16.25,17.25,6848,0.0,0.0
2024-01-18 00:00:00-05:00,17.25,18.25,16.774999618530273,17.25,22944,0.0,0.0
2024-01-19 00:00:00-05:00,17.725000381469727,17.725000381469727,16.25,16.975000381469727,3756,0.0,0.0
2024-01-22 00:00:00-05:00,17.0,17.700000762939453,17.0,17.024999618530273,7360,0.0,0.0
2024-01-23 00:00:00-05:00,17.299999237060547,17.700000762939453,17.0,17.024999618530273,3176,0.0,0.0
2024-01-24 00:00:00-05:00,17.024999618530273,17.475000381469727,16.325000762939453,17.25,4676,0.0,0.0
2024-01-25 00:00:00-05:00,17.700000762939453,18.225000381469727,16.375,17.5,5152,0.0,0.0
2024-01-26 00:00:00-05:00,17.5,18.225000381469727,17.049999237060547,17.274999618530273,5072,0.0,0.0
2024-01-29 00:00:00-05:00,17.700000762939453,18.200000762939453,17.125,17.25,14260,0.0,0.0
2024-01-30 00:00:00-05:00,17.25,17.75,16.25,17.25,5332,0.0,0.0
2024-01-31 00:00:00-05:00,16.75,18.125,16.75,17.25,3568,0.0,0.0
2024-02-01 00:00:00-05:00,17.25,17.5,17.0,17.25,3928,0.0,0.0
2024-02-02 00:00:00-05:00,17.25,18.0,16.5,18.0,5304,0.0,0.0
2024-02-05 00:00:00-05:00,18.0,18.625,17.125,17.225000381469727,14832,0.0,0.0
2024-02-06 00:00:00-05:00,17.0,18.125,17.0,17.299999237060547,3636,0.0,0.0
2024-02-07 00:00:00-05:00,17.200000762939453,17.5,17.125,17.25,2516,0.0,0.0
2024-02-08 00:00:00-05:00,17.125,18.100000381469727,16.875,16.924999237060547,6680,0.0,0.0
2024-02-09 00:00:00-05:00,16.875,17.25,16.75,17.25,1616,0.0,0.0
2024-02-12 00:00:00-05:00,17.125,17.25,16.625,17.0,1924,0.0,0.0
2024-02-13 00:00:00-05:00,17.25,17.5,15.800000190734863,15.949999809265137,7372,0.0,0.0
2024-02-14 00:00:00-05:00,16.25,16.25,15.875,16.25,7092,0.0,0.0
2024-02-15 00:00:00-05:00,15.875,16.75,15.5,16.049999237060547,12404,0.0,0.0
2024-02-16 00:00:00-05:00,16.25,16.375,15.850000381469727,16.25,4936,0.0,0.0
2024-02-20 00:00:00-05:00,16.725000381469727,17.75,15.75,16.0,13168,0.0,0.0
2024-02-21 00:00:00-05:00,16.25,17.5,16.0,16.649999618530273,26728,0.0,0.0
2024-02-22 00:00:00-05:00,16.575000762939453,21.25,16.25,20.0,67232,0.0,0.0
2024-02-23 00:00:00-05:00,20.25,20.75,18.674999237060547,18.75,31504,0.0,0.0
2024-02-26 00:00:00-05:00,19.075000762939453,23.75,19.024999618530273,22.75,54312,0.0,0.0
2024-02-27 00:00:00-05:00,23.75,24.850000381469727,22.75,23.75,33256,0.0,0.0
2024-02-28 00:00:00-05:00,24.25,24.5,22.75,24.0,16464,0.0,0.0
2024-02-29 00:00:00-05:00,24.0,24.875,23.549999237060547,24.75,10304,0.0,0.0
2024-03-01 00:00:00-05:00,25.0,28.75,24.5,28.25,27604,0.0,0.0
2024-03-04 00:00:00-05:00,28.75,30.0,22.524999618530273,24.75,36112,0.0,0.0
2024-03-05 00:00:00-05:00,24.549999237060547,25.25,23.875,25.0,18280,0.0,0.0
2024-03-06 00:00:00-05:00,25.25,26.5,24.25,24.5,21212,0.0,0.0
2024-03-07 00:00:00-05:00,25.5,26.25,21.5,23.25,15060,0.0,0.0
2024-03-08 00:00:00-05:00,22.575000762939453,23.25,20.5,21.0,17428,0.0,0.0
2024-03-11 00:00:00-04:00,20.5,22.0,20.0,22.0,8800,0.0,0.0
2024-03-12 00:00:00-04:00,22.25,22.475000381469727,20.25,21.75,11404,0.0,0.0
2024-03-13 00:00:00-04:00,21.75,23.950000762939453,20.75,21.75,51624,0.0,0.0
2024-03-14 00:00:00-04:00,21.875,22.225000381469727,19.475000381469727,21.75,27852,0.0,0.0
2024-03-15 00:00:00-04:00,21.75,24.25,21.0,23.049999237060547,42044,0.0,0.0
2024-03-18 00:00:00-04:00,22.75,23.75,22.5,23.0,10140,0.0,0.0
2024-03-19 00:00:00-04:00,22.75,23.375,22.575000762939453,23.299999237060547,10488,0.0,0.0
2024-03-20 00:00:00-04:00,23.125,24.0,22.5,23.825000762939453,18464,0.0,0.0
2024-03-21 00:00:00-04:00,23.024999618530273,24.200000762939453,23.024999618530273,23.75,11984,0.0,0.0
2024-03-22 00:00:00-04:00,23.075000762939453,24.75,23.075000762939453,24.75,9420,0.0,0.0
2024-03-25 00:00:00-04:00,25.0,25.25,23.25,23.475000381469727,14168,0.0,0.0
2024-03-26 00:00:00-04:00,23.75,25.75,22.549999237060547,25.5,14920,0.0,0.0
2024-03-27 00:00:00-04:00,25.0,25.5,23.5,24.475000381469727,25876,0.0,0.0
2024-03-28 00:00:00-04:00,23.75,25.0,23.024999618530273,24.5,12500,0.0,0.0
2024-04-01 00:00:00-04:00,24.799999237060547,25.975000381469727,23.5,23.774999618530273,26748,0.0,0.0
2024-04-02 00:00:00-04:00,23.049999237060547,25.0,23.049999237060547,24.450000762939453,12984,0.0,0.0
2024-04-03 00:00:00-04:00,25.0,26.0,24.274999618530273,25.25,16340,0.0,0.0
2024-04-04 00:00:00-04:00,25.0,25.5,23.899999618530273,24.325000762939453,14280,0.0,0.0
2024-04-05 00:00:00-04:00,24.700000762939453,26.0,24.174999237060547,26.0,11800,0.0,0.0
2024-04-08 00:00:00-04:00,25.5,27.25,25.5,26.75,13472,0.0,0.0
2024-04-09 00:00:00-04:00,25.75,27.5,25.5,26.5,9496,0.0,0.0
2024-04-10 00:00:00-04:00,26.25,27.0,24.75,26.0,13916,0.0,0.0
2024-04-11 00:00:00-04:00,25.5,27.25,25.5,26.5,14264,0.0,0.0
2024-04-12 00:00:00-04:00,26.25,27.0,24.899999618530273,25.0,11764,0.0,0.0
2024-04-15 00:00:00-04:00,25.25,25.5,21.75,22.375,13164,0.0,0.0
2024-04-16 00:00:00-04:00,22.274999618530273,22.75,20.0,20.875,9892,0.0,0.0
2024-04-17 00:00:00-04:00,20.274999618530273,21.125,19.674999237060547,19.674999237060547,4980,0.0,0.0
2024-04-18 00:00:00-04:00,19.725000381469727,20.625,18.950000762939453,19.825000762939453,9572,0.0,0.0
2024-04-19 00:00:00-04:00,19.25,20.0,18.25,18.75,5652,0.0,0.0
2024-04-22 00:00:00-04:00,18.875,20.25,18.5,20.024999618530273,18796,0.0,0.0
2024-04-23 00:00:00-04:00,20.049999237060547,22.450000762939453,20.049999237060547,20.600000381469727,3876,0.0,0.0
2024-04-24 00:00:00-04:00,20.375,21.75,19.75,20.725000381469727,25772,0.0,0.0
2024-04-25 00:00:00-04:00,20.25,20.725000381469727,19.549999237060547,20.450000762939453,5340,0.0,0.0
2024-04-26 00:00:00-04:00,20.450000762939453,20.850000381469727,19.25,19.549999237060547,4424,0.0,0.0
2024-04-29 00:00:00-04:00,19.549999237060547,20.5,18.174999237060547,18.350000381469727,5580,0.0,0.0
2024-04-30 00:00:00-04:00,18.549999237060547,19.725000381469727,18.5,19.125,7244,0.0,0.0
2024-05-01 00:00:00-04:00,18.75,19.75,18.75,19.25,3372,0.0,0.0
2024-05-02 00:00:00-04:00,18.799999237060547,21.774999618530273,18.799999237060547,21.149999618530273,13048,0.0,0.0
2024-05-03 00:00:00-04:00,20.725000381469727,21.25,19.524999618530273,20.25,7424,0.0,0.0
2024-05-06 00:00:00-04:00,20.75,20.75,20.0,20.25,6336,0.0,0.0
2024-05-07 00:00:00-04:00,20.25,20.950000762939453,19.75,19.75,5084,0.0,0.0
2024-05-08 00:00:00-04:00,19.625,20.5,19.174999237060547,19.575000762939453,6516,0.0,0.0
2024-05-09 00:00:00-04:00,19.075000762939453,19.774999618530273,18.924999237060547,19.424999237060547,5840,0.0,0.0
2024-05-10 00:00:00-04:00,19.475000381469727,19.475000381469727,18.0,18.25,7376,0.0,0.0
2024-05-13 00:00:00-04:00,18.174999237060547,18.450000762939453,16.700000762939453,17.125,10028,0.0,0.0
2024-05-14 00:00:00-04:00,17.0,18.125,16.774999618530273,17.299999237060547,7680,0.0,0.0
2024-05-15 00:00:00-04:00,17.5,17.649999618530273,16.825000762939453,16.975000381469727,3672,0.0,0.0
2024-05-16 00:00:00-04:00,17.25,17.5,16.350000381469727,16.375,4356,0.0,0.0
2024-05-17 00:00:00-04:00,16.5,18.875,16.5,17.225000381469727,35372,0.0,0.0
2024-05-20 00:00:00-04:00,17.975000381469727,17.975000381469727,16.549999237060547,16.774999618530273,6360,0.0,0.0
2024-05-21 00:00:00-04:00,16.950000762939453,17.75,15.024999618530273,15.975000381469727,15000,0.0,0.0
2024-05-22 00:00:00-04:00,16.075000762939453,16.975000381469727,15.699999809265137,16.475000381469727,12288,0.0,0.0
2024-05-23 00:00:00-04:00,16.25,17.25,14.925000190734863,15.0,25532,0.0,0.0
2024-05-24 00:00:00-04:00,15.25,16.225000381469727,14.25,14.5,16828,0.0,0.0
2024-05-28 00:00:00-04:00,15.375,15.375,14.5,15.324999809265137,5300,0.0,0.0
2024-05-29 00:00:00-04:00,14.875,15.375,14.600000381469727,15.25,1840,0.0,0.0
2024-05-30 00:00:00-04:00,14.75,15.5,14.75,15.0,2256,0.0,0.0
2024-05-31 00:00:00-04:00,15.25,16.149999618530273,14.5,14.75,1872,0.0,0.0
2024-06-03 00:00:00-04:00,15.25,15.5,14.25,15.425000190734863,4860,0.0,0.0
2024-06-04 00:00:00-04:00,15.475000381469727,15.5,14.574999809265137,15.0,3784,0.0,0.0
2024-06-05 00:00:00-04:00,15.5,16.0,14.774999618530273,15.0,34040,0.0,0.0
2024-06-06 00:00:00-04:00,14.25,15.25,13.824999809265137,14.449999809265137,8692,0.0,0.0
2024-06-07 00:00:00-04:00,14.125,15.074999809265137,13.274999618530273,13.5,9464,0.0,0.0
2024-06-10 00:00:00-04:00,13.75,14.175000190734863,12.699999809265137,13.5,9308,0.0,0.0
2024-06-11 00:00:00-04:00,13.25,13.5,12.875,13.024999618530273,5512,0.0,0.0
2024-06-12 00:00:00-04:00,13.25,13.375,12.725000381469727,12.75,6100,0.0,0.0
2024-06-13 00:00:00-04:00,12.800000190734863,13.449999809265137,12.625,12.699999809265137,6560,0.0,0.0
2024-06-14 00:00:00-04:00,12.5,13.25,12.25,12.5,6992,0.0,0.0
2024-06-17 00:00:00-04:00,12.5,12.574999809265137,11.75,11.774999618530273,6208,0.0,0.0
2024-06-18 00:00:00-04:00,11.75,12.5,10.449999809265137,10.524999618530273,15228,0.0,0.0
2024-06-20 00:00:00-04:00,10.25,11.050000190734863,10.25,10.399999618530273,16688,0.0,0.0
2024-06-21 00:00:00-04:00,10.5,12.425000190734863,10.475000381469727,11.274999618530273,18988,0.0,0.0
2024-06-24 00:00:00-04:00,11.199999809265137,12.449999809265137,10.375,10.725000381469727,71768,0.0,0.0
2024-06-25 00:00:00-04:00,10.5,10.75,9.625,10.074999809265137,11076,0.0,0.0
2024-06-26 00:00:00-04:00,10.0,10.225000381469727,9.625,9.975000381469727,10656,0.0,0.0
2024-06-27 00:00:00-04:00,10.125,10.75,9.149999618530273,9.449999809265137,18228,0.0,0.0
2024-06-28 00:00:00-04:00,9.375,9.600000381469727,8.699999809265137,8.75,100352,0.0,0.0
2024-07-01 00:00:00-04:00,8.75,10.0,8.75,9.225000381469727,71656,0.0,0.0
2024-07-02 00:00:00-04:00,9.25,10.5,9.25,10.0,15088,0.0,0.0
2024-07-03 00:00:00-04:00,10.125,11.0,10.125,10.574999809265137,36952,0.0,0.0
2024-07-05 00:00:00-04:00,10.75,10.975000381469727,9.25,10.100000381469727,26264,0.0,0.0
2024-07-08 00:00:00-04:00,10.300000190734863,10.774999618530273,9.475000381469727,10.300000190734863,23496,0.0,0.0
2024-07-09 00:00:00-04:00,10.449999809265137,12.0,10.375,11.824999809265137,43472,0.0,0.0
2024-07-10 00:00:00-04:00,12.399999618530273,13.475000381469727,12.199999809265137,12.75,46368,0.0,0.0
2024-07-11 00:00:00-04:00,12.75,13.949999809265137,12.600000381469727,12.774999618530273,31400,0.0,0.0
2024-07-12 00:00:00-04:00,13.0,13.449999809265137,12.649999618530273,13.0,12412,0.0,0.0
2024-07-15 00:00:00-04:00,12.600000381469727,13.25,12.149999618530273,12.75,6680,0.0,0.0
2024-07-16 00:00:00-04:00,12.649999618530273,13.550000190734863,12.375,13.149999618530273,11656,0.0,0.0
2024-07-17 00:00:00-04:00,13.074999809265137,13.25,12.5,12.875,9580,0.0,0.0
2024-07-18 00:00:00-04:00,12.75,13.074999809265137,12.050000190734863,12.324999809265137,21604,0.0,0.0
2024-07-19 00:00:00-04:00,12.25,12.975000381469727,12.125,12.600000381469727,5884,0.0,0.0
2024-07-22 00:00:00-04:00,12.875,14.175000190734863,12.524999618530273,14.0,16168,0.0,0.0
2024-07-23 00:00:00-04:00,14.0,14.024999618530273,13.25,13.75,8056,0.0,0.0
2024-07-24 00:00:00-04:00,13.675000190734863,13.675000190734863,12.75,13.475000381469727,3540,0.0,0.0
2024-07-25 00:00:00-04:00,13.0,13.699999809265137,12.425000190734863,13.5,17472,0.0,0.0
2024-07-26 00:00:00-04:00,13.5,13.75,12.875,13.5,2200,0.0,0.0
2024-07-29 00:00:00-04:00,13.25,13.5,13.0,13.25,1456,0.0,0.0
2024-07-30 00:00:00-04:00,13.25,13.25,12.75,13.0,3252,0.0,0.0
2024-07-31 00:00:00-04:00,13.25,13.25,12.75,13.0,1644,0.0,0.0
2024-08-01 00:00:00-04:00,12.975000381469727,13.75,12.574999809265137,13.25,3168,0.0,0.0
2024-08-02 00:00:00-04:00,13.125,13.125,11.524999618530273,12.125,5488,0.0,0.0
2024-08-05 00:00:00-04:00,11.25,12.5,10.75,11.5,42312,0.0,0.0
2024-08-06 00:00:00-04:00,11.5,12.5,11.0,11.175000190734863,36380,0.0,0.0
2024-08-07 00:00:00-04:00,11.625,14.5,11.625,13.625,59516,0.0,0.0
2024-08-08 00:00:00-04:00,13.75,13.75,13.125,13.625,3044,0.0,0.0
2024-08-09 00:00:00-04:00,13.75,14.5,13.25,13.75,8436,0.0,0.0
2024-08-12 00:00:00-04:00,14.25,15.5,13.199999809265137,13.550000190734863,25392,0.0,0.0
2024-08-13 00:00:00-04:00,14.0,15.225000381469727,12.75,13.475000381469727,4824,0.0,0.0
2024-08-14 00:00:00-04:00,13.5,13.75,12.274999618530273,12.324999809265137,10440,0.0,0.0
2024-08-15 00:00:00-04:00,10.75,12.375,10.5,12.0,41928,0.0,0.0
2024-08-16 00:00:00-04:00,12.050000190734863,13.75,11.75,13.125,20356,0.0,0.0
2024-08-19 00:00:00-04:00,15.050000190734863,15.489999771118164,13.510000228881836,14.25,50800,0.0,0.04
2024-08-20 00:00:00-04:00,14.220000267028809,14.899999618530273,13.930000305175781,14.479999542236328,22000,0.0,0.0
2024-08-21 00:00:00-04:00,14.25,14.25,13.5,13.75,40700,0.0,0.0
2024-08-22 00:00:00-04:00,13.789999961853027,14.149999618530273,13.420000076293945,13.84000015258789,48100,0.0,0.0
2024-08-23 00:00:00-04:00,13.670000076293945,14.0,13.539999961853027,13.829999923706055,19700,0.0,0.0
2024-08-26 00:00:00-04:00,13.720000267028809,13.760000228881836,13.140000343322754,13.359999656677246,17300,0.0,0.0
2024-08-27 00:00:00-04:00,13.260000228881836,13.640000343322754,12.732999801635742,13.100000381469727,21900,0.0,0.0
2024-08-28 00:00:00-04:00,13.055000305175781,13.210000038146973,12.8100004196167,13.050000190734863,40100,0.0,0.0
2024-08-29 00:00:00-04:00,13.029999732971191,13.579999923706055,12.9399995803833,13.15999984741211,36900,0.0,0.0
2024-08-30 00:00:00-04:00,12.829999923706055,12.890000343322754,12.460000038146973,12.680000305175781,11200,0.0,0.0
2024-09-03 00:00:00-04:00,12.65999984741211,12.680000305175781,11.6899995803833,11.970000267028809,37600,0.0,0.0
2024-09-04 00:00:00-04:00,11.039999961853027,12.5600004196167,11.039999961853027,11.739999771118164,18100,0.0,0.0
2024-09-05 00:00:00-04:00,11.5,11.979999542236328,11.170999526977539,11.9399995803833,29500,0.0,0.0
2024-09-06 00:00:00-04:00,11.699999809265137,12.569999694824219,11.348999977111816,12.510000228881836,27000,0.0,0.0
2024-09-09 00:00:00-04:00,13.149999618530273,19.5,12.460000038146973,19.43000030517578,489900,0.0,0.0
2024-09-10 00:00:00-04:00,18.520000457763672,18.520000457763672,12.859999656677246,13.789999961853027,259700,0.0,0.0
2024-09-11 00:00:00-04:00,14.170000076293945,14.75,13.350000381469727,13.800000190734863,101900,0.0,0.0
2024-09-12 00:00:00-04:00,14.380000114440918,16.239999771118164,13.300000190734863,14.029999732971191,95000,0.0,0.0
2024-09-13 00:00:00-04:00,13.869999885559082,15.300000190734863,13.819999694824219,14.800000190734863,41500,0.0,0.0
2024-09-16 00:00:00-04:00,14.670000076293945,15.069999694824219,14.0600004196167,14.220000267028809,31700,0.0,0.0
2024-09-17 00:00:00-04:00,14.40999984741211,14.899999618530273,13.680000305175781,14.390000343322754,30600,0.0,0.0
2024-09-18 00:00:00-04:00,14.34000015258789,15.25,14.0,14.15999984741211,75500,0.0,0.0
2024-09-19 00:00:00-04:00,12.8100004196167,13.104999542236328,9.899999618530273,10.180000305175781,875300,0.0,0.0
2024-09-20 00:00:00-04:00,10.600000381469727,10.949999809265137,9.140000343322754,9.140000343322754,239400,0.0,0.0
2024-09-23 00:00:00-04:00,9.09000015258789,9.350000381469727,7.800000190734863,8.100000381469727,114000,0.0,0.0
2024-09-24 00:00:00-04:00,8.5,8.5,7.349999904632568,8.149999618530273,129000,0.0,0.0
2024-09-25 00:00:00-04:00,8.149999618530273,8.479999542236328,8.020000457763672,8.220000267028809,33200,0.0,0.0
2024-09-26 00:00:00-04:00,8.220000267028809,8.369999885559082,7.820000171661377,8.020000457763672,29200,0.0,0.0
2024-09-27 00:00:00-04:00,8.020000457763672,8.170000076293945,7.829999923706055,8.039999961853027,51500,0.0,0.0
2024-09-30 00:00:00-04:00,7.960000038146973,9.770000457763672,7.960000038146973,8.65999984741211,77700,0.0,0.0
2024-10-01 00:00:00-04:00,8.569999694824219,9.1899995803833,8.359999656677246,8.619999885559082,31800,0.0,0.0
2024-10-02 00:00:00-04:00,8.489999771118164,8.819000244140625,8.364999771118164,8.59000015258789,28900,0.0,0.0
2024-10-03 00:00:00-04:00,8.4399995803833,8.670000076293945,8.010000228881836,8.1899995803833,36100,0.0,0.0
2024-10-04 00:00:00-04:00,8.229999542236328,8.479999542236328,7.929999828338623,8.15999984741211,38000,0.0,0.0
2024-10-07 00:00:00-04:00,8.0600004196167,8.170000076293945,7.5,7.5,49400,0.0,0.0
2024-10-08 00:00:00-04:00,7.570000171661377,7.71999979019165,6.760000228881836,7.320000171661377,69600,0.0,0.0
2024-10-09 00:00:00-04:00,7.21999979019165,7.849999904632568,7.210000038146973,7.760000228881836,31600,0.0,0.0
2024-10-10 00:00:00-04:00,7.605000019073486,7.749000072479248,6.8379998207092285,6.889999866485596,83600,0.0,0.0
2024-10-11 00:00:00-04:00,6.849999904632568,7.699999809265137,6.849999904632568,7.619999885559082,62700,0.0,0.0
2024-10-14 00:00:00-04:00,7.599999904632568,7.599999904632568,6.980000019073486,7.230000019073486,80900,0.0,0.0
2024-10-15 00:00:00-04:00,7.449999809265137,7.449999809265137,7.039999961853027,7.269999980926514,15800,0.0,0.0
2024-10-16 00:00:00-04:00,7.320000171661377,7.429999828338623,7.150000095367432,7.380000114440918,28700,0.0,0.0
2024-10-17 00:00:00-04:00,7.190000057220459,7.389999866485596,7.15500020980835,7.210000038146973,17400,0.0,0.0
2024-10-18 00:00:00-04:00,7.28000020980835,7.429999828338623,7.190000057220459,7.25,9700,0.0,0.0
2024-10-21 00:00:00-04:00,7.377999782562256,7.377999782562256,7.090000152587891,7.289999961853027,10000,0.0,0.0
2024-10-22 00:00:00-04:00,7.360000133514404,7.545000076293945,7.099999904632568,7.340000152587891,44600,0.0,0.0
2024-10-23 00:00:00-04:00,7.369999885559082,7.449999809265137,7.159999847412109,7.210000038146973,21300,0.0,0.0
2024-10-24 00:00:00-04:00,7.159999847412109,10.350000381469727,7.099999904632568,9.029999732971191,920600,0.0,0.0
2024-10-25 00:00:00-04:00,9.140000343322754,9.199999809265137,8.100000381469727,8.399999618530273,200900,0.0,0.0
2024-10-28 00:00:00-04:00,8.40999984741211,9.270000457763672,8.180000305175781,8.869999885559082,181000,0.0,0.0
2024-10-29 00:00:00-04:00,8.819999694824219,9.399999618530273,8.434000015258789,9.359999656677246,123900,0.0,0.0
2024-10-30 00:00:00-04:00,9.369999885559082,10.390000343322754,9.114999771118164,9.770000457763672,360500,0.0,0.0
2024-10-31 00:00:00-04:00,10.050000190734863,10.050000190734863,8.880000114440918,9.779999732971191,148000,0.0,0.0
2024-11-01 00:00:00-04:00,9.8100004196167,10.300000190734863,9.32699966430664,9.550000190734863,61500,0.0,0.0
2024-11-04 00:00:00-05:00,9.579999923706055,9.890000343322754,9.350000381469727,9.479999542236328,52300,0.0,0.0
2024-11-05 00:00:00-05:00,9.510000228881836,9.880000114440918,9.317999839782715,9.829999923706055,78800,0.0,0.0
2024-11-06 00:00:00-05:00,10.0,10.0,9.199999809265137,9.350000381469727,75700,0.0,0.0
2024-11-07 00:00:00-05:00,9.079999923706055,10.449999809265137,9.020999908447266,9.920000076293945,174500,0.0,0.0
2024-11-08 00:00:00-05:00,9.869999885559082,10.40999984741211,9.680999755859375,10.1899995803833,108200,0.0,0.0
2024-11-11 00:00:00-05:00,10.319999694824219,17.700000762939453,10.319999694824219,13.989999771118164,3161500,0.0,0.0
2024-11-12 00:00:00-05:00,15.460000038146973,18.0,14.09000015258789,17.850000381469727,1490000,0.0,0.0
2024-11-13 00:00:00-05:00,18.799999237060547,21.889999389648438,18.200000762939453,19.579999923706055,1221800,0.0,0.0
2024-11-14 00:00:00-05:00,19.43000030517578,20.440000534057617,15.65999984741211,19.459999084472656,673700,0.0,0.0
2024-11-15 00:00:00-05:00,19.90999984741211,20.59000015258789,17.260000228881836,19.170000076293945,424200,0.0,0.0
2024-11-18 00:00:00-05:00,19.450000762939453,20.149999618530273,17.850000381469727,20.1200008392334,386400,0.0,0.0
2024-11-19 00:00:00-05:00,19.790000915527344,24.836999893188477,14.649999618530273,18.5,1525200,0.0,0.0
2024-11-20 00:00:00-05:00,18.510000228881836,19.850000381469727,17.8799991607666,18.200000762939453,496500,0.0,0.0
2024-11-21 00:00:00-05:00,18.170000076293945,19.979999542236328,17.260000228881836,19.790000915527344,638900,0.0,0.0
2024-11-22 00:00:00-05:00,20.010000228881836,20.440000534057617,18.750999450683594,20.040000915527344,437300,0.0,0.0
2024-11-25 00:00:00-05:00,20.299999237060547,21.885000228881836,19.5,20.459999084472656,435800,0.0,0.0
2024-11-26 00:00:00-05:00,20.479999542236328,22.459999084472656,19.5,21.350000381469727,371700,0.0,0.0
2024-11-27 00:00:00-05:00,22.610000610351562,23.700000762939453,21.510000228881836,22.989999771118164,278700,0.0,0.0
2024-11-29 00:00:00-05:00,23.424999237060547,25.510000228881836,23.0,25.510000228881836,399600,0.0,0.0
2024-12-02 00:00:00-05:00,26.280000686645508,27.889999389648438,25.059999465942383,25.719999313354492,557500,0.0,0.0
2024-12-03 00:00:00-05:00,25.719999313354492,27.030000686645508,24.040000915527344,26.75,369600,0.0,0.0
2024-12-04 00:00:00-05:00,26.049999237060547,27.309999465942383,25.780000686645508,25.780000686645508,356600,0.0,0.0
2024-12-05 00:00:00-05:00,25.790000915527344,28.799999237060547,25.350000381469727,27.969999313354492,370100,0.0,0.0
2024-12-06 00:00:00-05:00,28.81999969482422,30.43000030517578,27.40999984741211,28.670000076293945,465600,0.0,0.0
2024-12-09 00:00:00-05:00,28.670000076293945,28.670000076293945,25.520000457763672,27.559999465942383,364700,0.0,0.0
2024-12-10 00:00:00-05:00,28.520000457763672,31.799999237060547,27.100000381469727,30.81999969482422,546300,0.0,0.0
2024-12-11 00:00:00-05:00,32.0,34.70000076293945,30.40999984741211,34.529998779296875,538000,0.0,0.0
2024-12-12 00:00:00-05:00,34.2599983215332,35.29999923706055,32.20000076293945,33.11000061035156,311200,0.0,0.0
2024-12-13 00:00:00-05:00,35.33000183105469,35.45000076293945,32.0,34.06999969482422,317500,0.0,0.0
2024-12-16 00:00:00-05:00,34.08000183105469,35.88999938964844,33.0099983215332,33.65999984741211,324200,0.0,0.0
2024-12-17 00:00:00-05:00,33.93000030517578,34.9900016784668,28.0,34.470001220703125,642300,0.0,0.0
2024-12-18 00:00:00-05:00,35.5099983215332,38.29999923706055,31.11199951171875,33.0099983215332,570800,0.0,0.0
2024-12-19 00:00:00-05:00,35.0,39.29999923706055,34.599998474121094,38.349998474121094,447700,0.0,0.0
2024-12-20 00:00:00-05:00,36.779998779296875,41.63999938964844,36.349998474121094,39.84000015258789,468900,0.0,0.0
2024-12-23 00:00:00-05:00,42.099998474121094,42.946998596191406,38.61000061035156,38.849998474121094,406900,0.0,0.0
2024-12-24 00:00:00-05:00,40.97999954223633,42.41999816894531,38.900001525878906,39.34000015258789,290700,0.0,0.0
2024-12-26 00:00:00-05:00,40.0,43.939998626708984,38.130001068115234,43.369998931884766,786600,0.0,0.0
2024-12-27 00:00:00-05:00,43.0,44.38999938964844,39.5369987487793,41.150001525878906,465000,0.0,0.0
2024-12-30 00:00:00-05:00,39.880001068115234,41.13999938964844,37.060001373291016,40.470001220703125,352600,0.0,0.0
2024-12-31 00:00:00-05:00,41.150001525878906,41.29999923706055,34.529998779296875,39.84000015258789,617400,0.0,0.0
2025-01-02 00:00:00-05:00,40.45000076293945,42.25,38.0,39.81999969482422,457300,0.0,0.0
2025-01-03 00:00:00-05:00,40.349998474121094,44.29999923706055,40.29899978637695,43.41999816894531,376800,0.0,0.0
2025-01-06 00:00:00-05:00,44.5,46.79999923706055,42.5,45.619998931884766,555700,0.0,0.0
2025-01-07 00:00:00-05:00,46.25,46.314998626708984,40.560001373291016,40.91999816894531,510000,0.0,0.0
2025-01-08 00:00:00-05:00,40.130001068115234,40.810001373291016,36.36000061035156,38.38999938964844,373700,0.0,0.0
2025-01-10 00:00:00-05:00,36.09000015258789,37.119998931884766,28.100000381469727,33.709999084472656,670100,0.0,0.0
2025-01-13 00:00:00-05:00,32.08000183105469,35.0,31.0,34.34000015258789,319400,0.0,0.0
2025-01-14 00:00:00-05:00,35.040000915527344,35.29499816894531,29.350000381469727,30.049999237060547,346900,0.0,0.0
2025-01-15 00:00:00-05:00,30.84000015258789,33.4379997253418,30.84000015258789,31.729999542236328,263100,0.0,0.0
2025-01-16 00:00:00-05:00,32.0099983215332,32.430999755859375,30.30699920654297,31.610000610351562,194200,0.0,0.0
2025-01-17 00:00:00-05:00,32.88999938964844,34.34000015258789,31.5,34.2400016784668,222900,0.0,0.0
2025-01-21 00:00:00-05:00,34.279998779296875,34.279998779296875,32.5,33.790000915527344,158400,0.0,0.0
2025-01-22 00:00:00-05:00,34.13999938964844,34.369998931884766,32.0,32.86000061035156,174400,0.0,0.0
2025-01-23 00:00:00-05:00,32.650001525878906,33.45000076293945,31.079999923706055,32.0,183100,0.0,0.0
2025-01-24 00:00:00-05:00,32.27000045776367,33.040000915527344,30.219999313354492,30.43000030517578,148900,0.0,0.0
2025-01-27 00:00:00-05:00,29.40999984741211,30.014999389648438,25.450000762939453,25.670000076293945,308100,0.0,0.0
2025-01-28 00:00:00-05:00,26.010000228881836,26.84000015258789,21.649999618530273,24.760000228881836,595100,0.0,0.0
2025-01-29 00:00:00-05:00,24.829999923706055,26.399999618530273,23.94499969482422,23.94499969482422,161400,0.0,0.0
2025-01-30 00:00:00-05:00,24.200000762939453,24.989999771118164,23.239999771118164,23.739999771118164,267000,0.0,0.0
2025-01-31 00:00:00-05:00,24.350000381469727,27.610000610351562,24.100000381469727,25.799999237060547,374500,0.0,0.0
2025-02-03 00:00:00-05:00,23.399999618530273,25.238000869750977,22.559999465942383,22.56999969482422,201000,0.0,0.0
2025-02-04 00:00:00-05:00,23.010000228881836,26.149999618530273,22.900999069213867,26.030000686645508,206900,0.0,0.0
2025-02-05 00:00:00-05:00,26.0,26.700000762939453,24.700000762939453,25.31999969482422,226000,0.0,0.0
2025-02-06 00:00:00-05:00,25.520000457763672,28.100000381469727,25.020000457763672,27.5,261600,0.0,0.0
2025-02-07 00:00:00-05:00,27.639999389648438,28.913000106811523,26.610000610351562,27.530000686645508,247800,0.0,0.0
2025-02-10 00:00:00-05:00,28.18000030517578,29.540000915527344,27.440000534057617,27.700000762939453,192200,0.0,0.0
2025-02-11 00:00:00-05:00,27.0,27.298999786376953,25.538000106811523,26.020000457763672,151000,0.0,0.0
2025-02-12 00:00:00-05:00,25.540000915527344,26.382999420166016,20.15999984741211,21.010000228881836,723400,0.0,0.0
2025-02-13 00:00:00-05:00,21.020000457763672,21.950000762939453,20.1200008392334,21.010000228881836,261900,0.0,0.0
2025-02-14 00:00:00-05:00,21.1299991607666,23.729999542236328,20.53700065612793,23.670000076293945,307000,0.0,0.0
2025-02-18 00:00:00-05:00,24.110000610351562,24.325000762939453,22.479999542236328,22.790000915527344,130300,0.0,0.0
2025-02-19 00:00:00-05:00,22.3799991607666,23.128999710083008,21.610000610351562,22.270000457763672,114400,0.0,0.0
2025-02-20 00:00:00-05:00,22.260000228881836,22.395000457763672,20.510000228881836,20.850000381469727,140700,0.0,0.0
2025-02-21 00:00:00-05:00,21.469999313354492,21.8799991607666,18.1299991607666,18.6299991607666,339100,0.0,0.0
2025-02-24 00:00:00-05:00,18.760000228881836,18.989999771118164,17.170000076293945,17.81999969482422,294500,0.0,0.0
2025-02-25 00:00:00-05:00,17.700000762939453,17.889999389648438,16.018999099731445,17.329999923706055,276000,0.0,0.0
2025-02-26 00:00:00-05:00,17.6299991607666,18.75,17.38599967956543,17.75,268700,0.0,0.0
2025-02-27 00:00:00-05:00,18.209999084472656,18.614999771118164,16.600000381469727,16.760000228881836,184200,0.0,0.0
2025-02-28 00:00:00-05:00,16.079999923706055,17.389999389648438,15.880000114440918,16.8700008392334,134100,0.0,0.0
2025-03-03 00:00:00-05:00,17.18000030517578,17.25,14.170000076293945,14.5,207000,0.0,0.0
2025-03-04 00:00:00-05:00,13.539999961853027,14.600000381469727,12.760000228881836,14.34000015258789,251100,0.0,0.0
2025-03-05 00:00:00-05:00,14.109999656677246,14.515999794006348,13.710000038146973,14.399999618530273,117200,0.0,0.0
2025-03-06 00:00:00-05:00,14.199999809265137,14.430000305175781,13.390000343322754,13.479999542236328,119500,0.0,0.0
2025-03-07 00:00:00-05:00,13.210000038146973,13.40999984741211,11.91100025177002,12.9399995803833,260300,0.0,0.0
2025-03-10 00:00:00-04:00,12.15999984741211,12.489999771118164,9.510000228881836,10.40999984741211,348500,0.0,0.0
2025-03-11 00:00:00-04:00,10.300000190734863,10.800000190734863,9.670000076293945,10.510000228881836,153500,0.0,0.0
2025-03-12 00:00:00-04:00,10.979999542236328,11.170000076293945,10.1899995803833,10.8100004196167,171800,0.0,0.0
2025-03-13 00:00:00-04:00,10.850000381469727,10.850000381469727,9.699999809265137,10.279999732971191,138900,0.0,0.0
2025-03-14 00:00:00-04:00,10.75,11.760000228881836,10.614999771118164,11.4399995803833,137700,0.0,0.0
2025-03-17 00:00:00-04:00,11.489999771118164,12.114999771118164,11.390000343322754,11.670000076293945,98000,0.0,0.0
2025-03-18 00:00:00-04:00,11.039999961853027,11.4399995803833,10.680000305175781,10.760000228881836,108700,0.0,0.0
2025-03-19 00:00:00-04:00,10.880000114440918,11.897000312805176,10.8100004196167,11.75,128500,0.0,0.0
2025-03-20 00:00:00-04:00,11.449999809265137,12.1899995803833,11.277000427246094,11.520000457763672,63800,0.0,0.0
2025-03-21 00:00:00-04:00,11.180000305175781,11.885000228881836,10.638999938964844,10.75,96600,0.0,0.0
2025-03-24 00:00:00-04:00,11.029999732971191,11.642000198364258,10.449999809265137,11.630000114440918,126500,0.0,0.0
2025-03-25 00:00:00-04:00,11.630000114440918,11.829999923706055,10.5,10.75,197400,0.0,0.0
2025-03-26 00:00:00-04:00,11.220000267028809,11.220000267028809,9.510000228881836,9.65999984741211,198800,0.0,0.0
2025-03-27 00:00:00-04:00,9.390000343322754,9.73799991607666,9.137999534606934,9.65999984741211,99700,0.0,0.0
2025-03-28 00:00:00-04:00,9.529999732971191,9.758999824523926,8.880000114440918,9.119999885559082,59200,0.0,0.0
2025-03-31 00:00:00-04:00,8.699999809265137,8.789999961853027,7.619999885559082,8.25,93600,0.0,0.0
2025-04-01 00:00:00-04:00,8.199999809265137,8.609999656677246,7.03000020980835,7.139999866485596,116800,0.0,0.0
2025-04-02 00:00:00-04:00,6.96999979019165,7.90500020980835,6.960000038146973,7.579999923706055,86000,0.0,0.0
2025-04-03 00:00:00-04:00,6.920000076293945,6.985000133514404,6.420000076293945,6.480000019073486,122600,0.0,0.0
2025-04-04 00:00:00-04:00,6.099999904632568,6.099999904632568,5.045000076293945,5.949999809265137,542800,0.0,0.0
2025-04-07 00:00:00-04:00,5.590000152587891,5.730000019073486,4.809999942779541,5.050000190734863,428300,0.0,0.0
2025-04-08 00:00:00-04:00,5.570000171661377,5.789999961853027,4.510000228881836,4.710000038146973,210900,0.0,0.0
2025-04-09 00:00:00-04:00,4.460000038146973,5.190000057220459,4.264999866485596,5.03000020980835,260800,0.0,0.0
2025-04-10 00:00:00-04:00,4.800000190734863,4.980000019073486,3.9149999618530273,3.990000009536743,309500,0.0,0.0
2025-04-11 00:00:00-04:00,3.9800000190734863,4.349999904632568,3.759999990463257,4.079999923706055,257700,0.0,0.0
2025-04-14 00:00:00-04:00,4.28000020980835,4.769999980926514,4.130000114440918,4.610000133514404,126000,0.0,0.0
2025-04-15 00:00:00-04:00,4.599999904632568,5.670000076293945,4.599999904632568,4.71999979019165,267700,0.0,0.0
2025-04-16 00:00:00-04:00,4.630000114440918,4.96999979019165,4.329999923706055,4.570000171661377,98900,0.0,0.0
2025-04-17 00:00:00-04:00,4.610000133514404,4.789999961853027,4.420000076293945,4.679999828338623,79800,0.0,0.0
2025-04-21 00:00:00-04:00,4.539999961853027,4.829999923706055,4.429999828338623,4.619999885559082,111400,0.0,0.0
2025-04-22 00:00:00-04:00,4.710000038146973,5.190000057220459,4.550000190734863,5.139999866485596,97800,0.0,0.0
2025-04-23 00:00:00-04:00,5.570000171661377,5.940000057220459,5.210000038146973,5.360000133514404,155800,0.0,0.0
2025-04-24 00:00:00-04:00,5.320000171661377,5.900000095367432,5.28000020980835,5.829999923706055,144200,0.0,0.0
2025-04-25 00:00:00-04:00,5.869999885559082,6.0,5.380000114440918,5.449999809265137,124300,0.0,0.0
2025-04-28 00:00:00-04:00,5.429999828338623,5.590000152587891,5.099999904632568,5.300000190734863,69500,0.0,0.0
2025-04-29 00:00:00-04:00,5.239999771118164,5.545000076293945,5.170000076293945,5.25,56000,0.0,0.0
2025-04-30 00:00:00-04:00,5.099999904632568,5.579999923706055,4.769999980926514,5.579999923706055,67500,0.0,0.0
2025-05-01 00:00:00-04:00,5.760000228881836,6.320000171661377,5.4629998207092285,6.034999847412109,124600,0.0,0.0
2025-05-02 00:00:00-04:00,6.119999885559082,6.349999904632568,5.570000171661377,5.599999904632568,164500,0.0,0.0
2025-05-05 00:00:00-04:00,5.599999904632568,5.710000038146973,4.901000022888184,5.050000190734863,173900,0.0,0.0
2025-05-06 00:00:00-04:00,5.389999866485596,5.389999866485596,4.519999980926514,4.579999923706055,170300,0.0,0.0
2025-05-07 00:00:00-04:00,4.630000114440918,4.639999866485596,4.309999942779541,4.360000133514404,73600,0.0,0.0
2025-05-08 00:00:00-04:00,4.360000133514404,4.989999771118164,4.199999809265137,4.869999885559082,214200,0.0,0.0
2025-05-09 00:00:00-04:00,4.849999904632568,5.0,4.465000152587891,4.480000019073486,137600,0.0,0.0
2025-05-12 00:00:00-04:00,4.710000038146973,5.75,4.599999904632568,5.679999828338623,315500,0.0,0.0
2025-05-13 00:00:00-04:00,5.789999961853027,6.449999809265137,5.75,5.940000057220459,372000,0.0,0.0
2025-05-14 00:00:00-04:00,5.940000057220459,6.440000057220459,5.440000057220459,5.559999942779541,316500,0.0,0.0
2025-05-15 00:00:00-04:00,5.480000019073486,5.909999847412109,5.230000019073486,5.800000190734863,133300,0.0,0.0
2025-05-16 00:00:00-04:00,5.889999866485596,6.079999923706055,5.570000171661377,5.840000152587891,157600,0.0,0.0
2025-05-19 00:00:00-04:00,5.670000076293945,5.9730000495910645,5.50600004196167,5.889999866485596,50500,0.0,0.0
2025-05-20 00:00:00-04:00,6.0,6.28000020980835,5.765999794006348,6.059999942779541,245600,0.0,0.0
2025-05-21 00:00:00-04:00,5.880000114440918,6.079999923706055,5.449999809265137,5.630000114440918,117900,0.0,0.0
2025-05-22 00:00:00-04:00,5.53000020980835,5.900000095367432,5.459000110626221,5.670000076293945,60800,0.0,0.0
2025-05-23 00:00:00-04:00,5.519999980926514,5.809999942779541,5.329999923706055,5.5,76000,0.0,0.0
2025-05-27 00:00:00-04:00,5.659999847412109,5.953999996185303,5.5,5.590000152587891,107800,0.0,0.0
2025-05-28 00:00:00-04:00,5.53000020980835,5.879000186920166,5.46999979019165,5.789999961853027,125900,0.0,0.0
2025-05-29 00:00:00-04:00,5.829999923706055,6.119999885559082,5.550000190734863,5.735000133514404,96600,0.0,0.0
2025-05-30 00:00:00-04:00,5.579999923706055,5.579999923706055,5.119999885559082,5.289999961853027,162500,0.0,0.0
2025-06-02 00:00:00-04:00,5.260000228881836,5.558000087738037,5.119999885559082,5.25,34400,0.0,0.0
2025-06-03 00:00:00-04:00,5.28000020980835,5.949999809265137,5.271999835968018,5.949999809265137,126400,0.0,0.0
2025-06-04 00:00:00-04:00,5.869999885559082,6.53000020980835,5.763000011444092,6.289999961853027,150300,0.0,0.0
2025-06-05 00:00:00-04:00,6.25,6.539999961853027,5.909999847412109,6.050000190734863,78700,0.0,0.0
2025-06-06 00:00:00-04:00,6.239999771118164,7.459000110626221,6.179999828338623,7.199999809265137,258100,0.0,0.0
2025-06-09 00:00:00-04:00,7.539999961853027,7.78000020980835,6.900000095367432,7.190000057220459,226700,0.0,0.0
2025-06-10 00:00:00-04:00,7.349999904632568,7.789999961853027,6.900000095367432,7.300000190734863,343500,0.0,0.0
2025-06-11 00:00:00-04:00,7.519999980926514,8.159000396728516,7.360000133514404,7.889999866485596,173700,0.0,0.0
2025-06-12 00:00:00-04:00,7.800000190734863,8.350000381469727,7.539999961853027,8.029999732971191,103400,0.0,0.0
2025-06-13 00:00:00-04:00,7.690000057220459,8.359999656677246,7.5929999351501465,7.710000038146973,136900,0.0,0.0
2025-06-16 00:00:00-04:00,7.900000095367432,8.277999877929688,7.78000020980835,8.050000190734863,66400,0.0,0.0
2025-06-17 00:00:00-04:00,8.0,8.0600004196167,7.500999927520752,7.53000020980835,92500,0.0,0.0
2025-06-18 00:00:00-04:00,7.579999923706055,8.489999771118164,7.427999973297119,8.369999885559082,111000,0.0,0.0
2025-06-20 00:00:00-04:00,8.5,8.5,7.550000190734863,7.550000190734863,152900,0.0,0.0
2025-06-23 00:00:00-04:00,7.539999961853027,7.840000152587891,7.110000133514404,7.179999828338623,59000,0.0,0.0
2025-06-24 00:00:00-04:00,7.210000038146973,8.654999732971191,7.210000038146973,8.239999771118164,137500,0.0,0.0
2025-06-25 00:00:00-04:00,8.180000305175781,8.543999671936035,7.420000076293945,7.630000114440918,141300,0.0,0.0
2025-06-26 00:00:00-04:00,7.679999828338623,7.679999828338623,7.110000133514404,7.139999866485596,71700,0.0,0.0
2025-06-27 00:00:00-04:00,7.150000095367432,7.460000038146973,6.880000114440918,7.210000038146973,87500,0.0,0.0
2025-06-30 00:00:00-04:00,7.289999961853027,7.434999942779541,7.0,7.210000038146973,58000,0.0,0.0
2025-07-01 00:00:00-04:00,7.110000133514404,7.420000076293945,6.823999881744385,7.389999866485596,67300,0.0,0.0
2025-07-02 00:00:00-04:00,7.389999866485596,7.75,7.165999889373779,7.309999942779541,52300,0.0,0.0
2025-07-03 00:00:00-04:00,7.389999866485596,8.0600004196167,7.251999855041504,7.840000152587891,96000,0.0,0.0
2025-07-07 00:00:00-04:00,7.710000038146973,7.739999771118164,7.300000190734863,7.5,57600,0.0,0.0
2025-07-08 00:00:00-04:00,7.599999904632568,8.5,7.599999904632568,8.239999771118164,134900,0.0,0.0
2025-07-09 00:00:00-04:00,8.380000114440918,9.100000381469727,8.180000305175781,8.65999984741211,289200,0.0,0.0
2025-07-10 00:00:00-04:00,8.640000343322754,8.880000114440918,8.430000305175781,8.789999961853027,53600,0.0,0.0
2025-07-11 00:00:00-04:00,8.800000190734863,8.850000381469727,8.260000228881836,8.359999656677246,60300,0.0,0.0
2025-07-14 00:00:00-04:00,8.25,8.800000190734863,8.130000114440918,8.6899995803833,55300,0.0,0.0
2025-07-15 00:00:00-04:00,8.6899995803833,8.95199966430664,8.260000228881836,8.5,50700,0.0,0.0
2025-07-16 00:00:00-04:00,8.640000343322754,8.6899995803833,8.199999809265137,8.680000305175781,56500,0.0,0.0
2025-07-17 00:00:00-04:00,8.800000190734863,9.300000190734863,8.609999656677246,9.039999961853027,131300,0.0,0.0
2025-07-18 00:00:00-04:00,9.1899995803833,9.479999542236328,8.84000015258789,9.15999984741211,79700,0.0,0.0
2025-07-21 00:00:00-04:00,9.239999771118164,9.920000076293945,8.640000343322754,8.640000343322754,170700,0.0,0.0
2025-07-22 00:00:00-04:00,8.699999809265137,9.21500015258789,8.180000305175781,9.119999885559082,81100,0.0,0.0
2025-07-23 00:00:00-04:00,9.15999984741211,9.4399995803833,8.9399995803833,9.279999732971191,46000,0.0,0.0
2025-07-24 00:00:00-04:00,8.949999809265137,9.111000061035156,8.67199993133545,8.90999984741211,38500,0.0,0.0
2025-07-25 00:00:00-04:00,9.020000457763672,9.199999809265137,8.579999923706055,9.130000114440918,47500,0.0,0.0
2025-07-28 00:00:00-04:00,9.119999885559082,9.25,8.699999809265137,8.760000228881836,41300,0.0,0.0
2025-07-29 00:00:00-04:00,8.899999618530273,8.979999542236328,8.010000228881836,8.039999961853027,75000,0.0,0.0
2025-07-30 00:00:00-04:00,8.010000228881836,8.54800033569336,7.699999809265137,7.929999828338623,49100,0.0,0.0
2025-07-31 00:00:00-04:00,7.889999866485596,8.175000190734863,7.269999980926514,7.28000020980835,58100,0.0,0.0
2025-08-01 00:00:00-04:00,7.210000038146973,7.960000038146973,7.010000228881836,7.460000038146973,49200,0.0,0.0
2025-08-04 00:00:00-04:00,7.590000152587891,8.0,7.420000076293945,8.0,28700,0.0,0.0
2025-08-05 00:00:00-04:00,7.449999809265137,8.222000122070312,7.449999809265137,7.909999847412109,47800,0.0,0.0
2025-08-06 00:00:00-04:00,8.0,8.420000076293945,7.570000171661377,8.039999961853027,60000,0.0,0.0
2025-08-07 00:00:00-04:00,7.730000019073486,8.239999771118164,7.090000152587891,8.130000114440918,114400,0.0,0.0
2025-08-08 00:00:00-04:00,8.199999809265137,8.489999771118164,7.539999961853027,7.690000057220459,85000,0.0,0.0
2025-08-11 00:00:00-04:00,7.690000057220459,7.973999977111816,7.295000076293945,7.570000171661377,51100,0.0,0.0
2025-08-12 00:00:00-04:00,7.670000076293945,7.96999979019165,7.434999942779541,7.434999942779541,56500,0.0,0.0
2025-08-13 00:00:00-04:00,7.570000171661377,7.764999866485596,7.304999828338623,7.650000095367432,58800,0.0,0.0
2025-08-14 00:00:00-04:00,7.349999904632568,7.849999904632568,7.349999904632568,7.585000038146973,37100,0.0,0.0
2025-08-15 00:00:00-04:00,7.690000057220459,7.840000152587891,7.420000076293945,7.699999809265137,54600,0.0,0.0
2025-08-18 00:00:00-04:00,7.889999866485596,9.0,7.7820000648498535,8.770000457763672,74400,0.0,0.0
2025-08-19 00:00:00-04:00,8.819999694824219,8.859999656677246,8.289999961853027,8.819999694824219,93100,0.0,0.0
2025-08-20 00:00:00-04:00,8.84000015258789,8.989999771118164,8.420000076293945,8.850000381469727,30700,0.0,0.0
2025-08-21 00:00:00-04:00,8.8100004196167,10.100000381469727,8.390000343322754,9.84000015258789,153400,0.0,0.0
2025-08-22 00:00:00-04:00,9.880000114440918,10.833000183105469,9.387999534606934,10.199999809265137,112700,0.0,0.0
2025-08-25 00:00:00-04:00,10.199999809265137,10.779000282287598,9.920000076293945,10.210000038146973,147600,0.0,0.0
2025-08-26 00:00:00-04:00,10.01200008392334,11.029999732971191,10.01200008392334,10.979999542236328,137100,0.0,0.0
2025-08-27 00:00:00-04:00,10.720000267028809,11.670999526977539,10.503000259399414,11.329999923706055,103000,0.0,0.0
2025-08-28 00:00:00-04:00,11.350000381469727,11.699999809265137,10.6899995803833,11.0600004196167,83300,0.0,0.0
2025-08-29 00:00:00-04:00,11.0600004196167,11.192999839782715,10.069999694824219,10.550000190734863,62000,0.0,0.0
2025-09-02 00:00:00-04:00,10.25,10.789999961853027,10.010000228881836,10.619999885559082,44400,0.0,0.0
2025-09-03 00:00:00-04:00,10.404999732971191,10.854999542236328,10.404999732971191,10.800000190734863,23700,0.0,0.0
2025-09-04 00:00:00-04:00,10.5,10.770000457763672,10.010000228881836,10.739999771118164,24900,0.0,0.0
2025-09-05 00:00:00-04:00,10.6899995803833,11.430000305175781,10.479999542236328,11.34000015258789,63700,0.0,0.0
2025-09-08 00:00:00-04:00,11.449999809265137,11.649999618530273,10.895000457763672,11.109999656677246,56000,0.0,0.0
2025-09-09 00:00:00-04:00,10.890000343322754,11.272000312805176,10.65999984741211,11.220000267028809,27500,0.0,0.0
2025-09-10 00:00:00-04:00,11.15999984741211,11.649999618530273,10.699999809265137,10.710000038146973,84100,0.0,0.0
2025-09-11 00:00:00-04:00,10.819999694824219,10.994999885559082,10.381999969482422,10.880000114440918,41500,0.0,0.0
2025-09-12 00:00:00-04:00,10.710000038146973,10.824999809265137,10.100000381469727,10.199999809265137,48300,0.0,0.0
2025-09-15 00:00:00-04:00,10.279999732971191,10.281999588012695,9.279999732971191,9.369999885559082,94100,0.0,0.0
2025-09-16 00:00:00-04:00,9.369999885559082,9.369999885559082,8.899999618530273,8.949999809265137,44500,0.0,0.0
2025-09-17 00:00:00-04:00,9.069999694824219,9.640000343322754,9.069999694824219,9.220000267028809,39300,0.0,0.0
2025-09-18 00:00:00-04:00,9.520000457763672,10.354999542236328,9.5,9.989999771118164,83100,0.0,0.0
2025-09-19 00:00:00-04:00,10.0,10.25,9.670000076293945,9.670000076293945,73100,0.0,0.0
2025-09-22 00:00:00-04:00,9.670000076293945,9.729999542236328,9.401000022888184,9.529999732971191,31700,0.0,0.0
2025-09-23 00:00:00-04:00,9.569999694824219,10.5,9.470000267028809,10.25,99200,0.0,0.0
2025-09-24 00:00:00-04:00,10.579999923706055,11.38700008392334,10.5,10.75,141700,0.0,0.0
2025-09-25 00:00:00-04:00,10.5,10.5,9.170000076293945,9.359999656677246,168000,0.0,0.0
2025-09-26 00:00:00-04:00,9.210000038146973,9.789999961853027,8.90999984741211,9.789999961853027,55600,0.0,0.0
2025-09-29 00:00:00-04:00,9.779999732971191,9.970000267028809,9.149999618530273,9.619999885559082,61500,0.0,0.0
2025-09-30 00:00:00-04:00,9.59000015258789,9.819999694824219,9.189000129699707,9.800000190734863,51800,0.0,0.0
2025-10-01 00:00:00-04:00,9.960000038146973,10.437000274658203,9.597000122070312,10.289999961853027,50100,0.0,0.0
2025-10-02 00:00:00-04:00,10.319999694824219,10.699999809265137,10.109999656677246,10.239999771118164,40700,0.0,0.0
2025-10-03 00:00:00-04:00,10.180000305175781,10.180000305175781,9.600000381469727,10.069999694824219,87000,0.0,0.0
2025-10-06 00:00:00-04:00,10.109999656677246,10.305000305175781,9.890000343322754,10.220000267028809,54600,0.0,0.0
2025-10-07 00:00:00-04:00,10.399999618530273,10.649999618530273,9.657999992370605,9.84000015258789,103900,0.0,0.0
2025-10-08 00:00:00-04:00,9.970000267028809,10.050000190734863,9.609999656677246,9.930000305175781,62500,0.0,0.0
2025-10-09 00:00:00-04:00,9.899999618530273,10.359999656677246,9.789999961853027,10.210000038146973,143300,0.0,0.0
2025-10-10 00:00:00-04:00,10.270000457763672,10.3100004196167,9.279999732971191,9.430000305175781,114900,0.0,0.0
2025-10-13 00:00:00-04:00,9.4399995803833,9.779999732971191,9.083999633789062,9.470000267028809,179900,0.0,0.0
2025-10-14 00:00:00-04:00,9.180000305175781,9.65999984741211,9.020000457763672,9.65999984741211,116100,0.0,0.0
2025-10-15 00:00:00-04:00,9.609999656677246,10.437000274658203,9.449999809265137,10.380000114440918,135900,0.0,0.0
2025-10-16 00:00:00-04:00,10.380000114440918,11.220000267028809,10.182999610900879,10.510000228881836,248500,0.0,0.0
2025-10-17 00:00:00-04:00,10.529999732971191,10.795999526977539,9.65999984741211,9.989999771118164,69300,0.0,0.0
2025-10-20 00:00:00-04:00,10.199999809265137,10.6899995803833,10.029999732971191,10.444999694824219,72800,0.0,0.0
2025-10-21 00:00:00-04:00,10.520000457763672,10.890000343322754,10.180000305175781,10.489999771118164,45100,0.0,0.0
2025-10-22 00:00:00-04:00,10.279999732971191,10.350000381469727,9.600000381469727,9.84000015258789,110900,0.0,0.0
2025-10-23 00:00:00-04:00,9.949999809265137,10.300000190734863,9.25,9.489999771118164,77100,0.0,0.0
2025-10-24 00:00:00-04:00,9.600000381469727,10.100000381469727,9.470000267028809,9.6850004196167,53000,0.0,0.0
2025-10-27 00:00:00-04:00,9.789999961853027,10.0600004196167,9.520000457763672,9.770000457763672,48500,0.0,0.0
2025-10-28 00:00:00-04:00,9.84000015258789,10.0600004196167,9.119999885559082,9.319999694824219,129800,0.0,0.0
2025-10-29 00:00:00-04:00,9.279999732971191,9.380999565124512,8.515000343322754,8.609999656677246,146500,0.0,0.0
2025-10-30 00:00:00-04:00,8.600000381469727,8.720000267028809,8.140000343322754,8.199999809265137,67200,0.0,0.0
2025-10-31 00:00:00-04:00,8.180000305175781,8.760000228881836,8.069999694824219,8.25,61400,0.0,0.0
2025-11-03 00:00:00-05:00,8.279999732971191,8.468999862670898,7.453000068664551,7.53000020980835,80900,0.0,0.0
2025-11-04 00:00:00-05:00,7.380000114440918,7.71999979019165,7.099999904632568,7.210000038146973,97800,0.0,0.0
2025-11-05 00:00:00-05:00,7.230000019073486,7.492000102996826,7.059999942779541,7.329999923706055,75900,0.0,0.0
2025-11-06 00:00:00-05:00,6.880000114440918,7.300000190734863,6.099999904632568,7.099999904632568,152200,0.0,0.0
2025-11-07 00:00:00-05:00,6.21999979019165,7.170000076293945,6.199999809265137,7.070000171661377,76300,0.0,0.0
2025-11-10 00:00:00-05:00,7.210000038146973,7.304999828338623,6.679999828338623,6.885000228881836,64000,0.0,0.0
2025-11-11 00:00:00-05:00,6.760000228881836,6.900000095367432,6.539999961853027,6.679999828338623,68400,0.0,0.0
2025-11-12 00:00:00-05:00,6.730000019073486,6.998000144958496,6.349999904632568,6.454999923706055,52700,0.0,0.0
2025-11-13 00:00:00-05:00,6.309999942779541,6.624000072479248,5.929999828338623,6.070000171661377,73700,0.0,0.0
2025-11-14 00:00:00-05:00,5.880000114440918,6.730000019073486,5.809999942779541,6.659999847412109,72000,0.0,0.0
2025-11-17 00:00:00-05:00,6.650000095367432,7.308000087738037,6.638999938964844,7.019999980926514,57900,0.0,0.0
2025-11-18 00:00:00-05:00,6.949999809265137,8.1899995803833,6.940000057220459,7.920000076293945,113000,0.0,0.0
2025-11-19 00:00:00-05:00,8.0,8.59000015258789,8.0,8.229999542236328,92200,0.0,0.0
2025-11-20 00:00:00-05:00,8.430000305175781,8.630000114440918,8.074000358581543,8.260000228881836,132200,0.0,0.0
2025-11-21 00:00:00-05:00,8.369999885559082,9.220000267028809,8.09000015258789,9.210000038146973,97600,0.0,0.0
2025-11-24 00:00:00-05:00,9.210000038146973,9.579999923706055,8.687999725341797,9.515000343322754,92500,0.0,0.0
2025-11-25 00:00:00-05:00,9.520000457763672,9.979999542236328,9.385000228881836,9.65999984741211,92100,0.0,0.0
2025-11-26 00:00:00-05:00,9.470000267028809,9.979999542236328,9.470000267028809,9.859999656677246,49400,0.0,0.0
2025-11-28 00:00:00-05:00,9.949999809265137,9.949999809265137,9.5,9.579999923706055,26900,0.0,0.0
2025-12-01 00:00:00-05:00,9.369999885559082,9.920000076293945,9.180000305175781,9.300000190734863,114000,0.0,0.0
2025-12-02 00:00:00-05:00,9.350000381469727,9.475000381469727,9.100000381469727,9.210000038146973,98900,0.0,0.0
2025-12-03 00:00:00-05:00,9.199999809265137,9.994999885559082,9.140000343322754,9.869999885559082,52700,0.0,0.0
2025-12-04 00:00:00-05:00,9.890000343322754,10.449999809265137,9.800000190734863,10.09000015258789,69400,0.0,0.0
2025-12-05 00:00:00-05:00,10.119999885559082,10.255000114440918,9.84000015258789,9.989999771118164,33800,0.0,0.0
2025-12-08 00:00:00-05:00,10.170000076293945,10.835000038146973,10.079999923706055,10.779999732971191,59100,0.0,0.0
2025-12-09 00:00:00-05:00,10.729999542236328,11.170000076293945,10.486000061035156,11.079999923706055,44800,0.0,0.0
2025-12-10 00:00:00-05:00,11.079999923706055,11.5,10.654000282287598,11.329999923706055,88100,0.0,0.0
2025-12-11 00:00:00-05:00,11.300000190734863,11.630000114440918,11.199999809265137,11.510000228881836,50900,0.0,0.0
2025-12-12 00:00:00-05:00,11.609999656677246,13.680000305175781,11.4399995803833,13.295000076293945,195000,0.0,0.0
2025-12-15 00:00:00-05:00,13.430000305175781,13.689000129699707,11.449999809265137,12.0,182600,0.0,0.0
2025-12-16 00:00:00-05:00,11.920000076293945,12.095000267028809,11.039999961853027,11.470000267028809,65100,0.0,0.0
2025-12-17 00:00:00-05:00,11.6899995803833,11.90999984741211,10.449999809265137,10.630000114440918,82000,0.0,0.0
2025-12-18 00:00:00-05:00,10.75,11.0,10.1899995803833,10.369999885559082,53700,0.0,0.0
2025-12-19 00:00:00-05:00,10.319999694824219,11.045000076293945,10.319999694824219,10.680000305175781,58400,0.0,0.0
2025-12-22 00:00:00-05:00,10.640000343322754,11.5,10.100000381469727,10.75,48700,0.0,0.0
2025-12-23 00:00:00-05:00,10.640000343322754,11.031000137329102,9.899999618530273,9.949999809265137,32300,0.0,0.0
2025-12-24 00:00:00-05:00,9.949999809265137,10.6899995803833,9.8100004196167,10.520000457763672,46000,0.0,0.0
2025-12-26 00:00:00-05:00,10.5,10.5,9.850000381469727,10.109999656677246,29600,0.0,0.0
2025-12-29 00:00:00-05:00,9.989999771118164,10.005000114440918,9.329999923706055,9.649999618530273,57600,0.0,0.0
2025-12-30 00:00:00-05:00,9.569999694824219,9.913000106811523,9.119999885559082,9.119999885559082,42600,0.0,0.0
2025-12-31 00:00:00-05:00,9.010000228881836,9.600000381469727,9.0,9.319999694824219,54200,0.0,0.0
2026-01-02 00:00:00-05:00,9.319999694824219,9.670000076293945,9.130000114440918,9.130000114440918,18100,0.0,0.0
2026-01-05 00:00:00-05:00,9.140000343322754,10.0,8.25,8.40999984741211,145900,0.0,0.0
2026-01-06 00:00:00-05:00,8.350000381469727,8.899999618530273,8.350000381469727,8.760000228881836,23100,0.0,0.0
2026-01-07 00:00:00-05:00,8.90999984741211,9.649999618530273,8.90999984741211,9.649999618530273,64300,0.0,0.0
2026-01-08 00:00:00-05:00,9.649999618530273,10.489999771118164,9.609999656677246,10.329999923706055,88800,0.0,0.0
2026-01-09 00:00:00-05:00,10.40999984741211,10.449999809265137,9.0,9.0,88900,0.0,0.0
2026-01-12 00:00:00-05:00,9.0,9.0649995803833,8.390000343322754,8.710000038146973,110000,0.0,0.0
2026-01-13 00:00:00-05:00,8.59000015258789,9.430000305175781,8.520000457763672,9.239999771118164,47500,0.0,0.0
2026-01-14 00:00:00-05:00,9.229999542236328,9.34000015258789,8.800000190734863,9.050000190734863,87500,0.0,0.0
2026-01-15 00:00:00-05:00,9.020000457763672,9.390000343322754,8.199999809265137,8.260000228881836,87000,0.0,0.0
2026-01-16 00:00:00-05:00,8.289999961853027,8.644000053405762,7.940000057220459,7.940000057220459,65600,0.0,0.0
2026-01-20 00:00:00-05:00,7.690000057220459,8.28499984741211,7.610000133514404,8.010000228881836,83600,0.0,0.0
2026-01-21 00:00:00-05:00,8.130000114440918,8.989999771118164,7.769999980926514,8.0,81000,0.0,0.0
2026-01-22 00:00:00-05:00,7.940000057220459,8.812000274658203,7.940000057220459,8.539999961853027,123700,0.0,0.0
2026-01-23 00:00:00-05:00,8.869999885559082,8.989999771118164,8.020000457763672,8.119999885559082,158800,0.0,0.0
2026-01-26 00:00:00-05:00,8.039999961853027,8.489999771118164,7.920000076293945,8.390000343322754,78300,0.0,0.0
2026-01-27 00:00:00-05:00,8.399999618530273,8.65999984741211,7.96999979019165,8.59000015258789,94300,0.0,0.0
2026-01-28 00:00:00-05:00,8.6899995803833,8.949999809265137,8.0600004196167,8.0600004196167,79900,0.0,0.0
2026-01-29 00:00:00-05:00,8.130000114440918,8.170000076293945,7.699999809265137,8.114999771118164,49500,0.0,0.0
2026-01-30 00:00:00-05:00,7.889999866485596,8.149999618530273,7.699999809265137,8.069999694824219,40100,0.0,0.0
2026-02-02 00:00:00-05:00,7.980000019073486,8.390000343322754,7.760000228881836,7.949999809265137,80900,0.0,0.0
2026-02-03 00:00:00-05:00,7.940000057220459,8.3100004196167,7.230000019073486,7.519999980926514,56500,0.0,0.0
2026-02-04 00:00:00-05:00,7.5,8.0,6.809999942779541,7.070000171661377,52900,0.0,0.0
2026-02-05 00:00:00-05:00,7.019999980926514,7.164999961853027,6.489999771118164,6.489999771118164,73500,0.0,0.0
2026-02-06 00:00:00-05:00,6.699999809265137,7.465000152587891,6.699999809265137,7.320000171661377,78000,0.0,0.0
2026-02-09 00:00:00-05:00,7.284999847412109,7.389999866485596,7.065000057220459,7.230000019073486,16600,0.0,0.0
2026-02-10 00:00:00-05:00,7.239999771118164,7.730000019073486,7.170000076293945,7.179999828338623,27800,0.0,0.0
2026-02-11 00:00:00-05:00,7.199999809265137,7.760000228881836,6.980000019073486,7.460000038146973,76600,0.0,0.0
2026-02-12 00:00:00-05:00,7.599999904632568,7.599999904632568,6.989999771118164,6.989999771118164,33300,0.0,0.0
2026-02-13 00:00:00-05:00,7.010000228881836,7.710000038146973,6.90500020980835,6.909999847412109,50000,0.0,0.0
2026-02-17 00:00:00-05:00,6.96999979019165,6.96999979019165,6.230000019073486,6.679999828338623,66200,0.0,0.0
2026-02-18 00:00:00-05:00,6.590000152587891,7.070000171661377,6.590000152587891,6.800000190734863,21700,0.0,0.0
2026-02-19 00:00:00-05:00,6.730000019073486,7.184999942779541,6.593999862670898,7.119999885559082,24200,0.0,0.0
2026-02-20 00:00:00-05:00,7.119999885559082,7.130000114440918,6.764999866485596,6.800000190734863,16164,0.0,0.0
