Date,Open,High,Low,Close,Volume,Dividends,Stock Splits
2022-01-03 00:00:00-05:00,50.46758798336377,52.22147373095951,50.46758798336377,51.79745864868164,652100,0.0,0.0
2022-01-04 00:00:00-05:00,52.36602085325187,53.70552649955193,51.845636253990264,53.262237548828125,805100,0.0,0.0
2022-01-05 00:00:00-05:00,53.435696085134936,54.29336490834252,51.845633346383764,51.87454605102539,517200,0.0,0.0
2022-01-06 00:00:00-05:00,51.932366564971296,53.30078490553038,51.77817894537112,52.45275115966797,468700,0.0,0.0
2022-01-07 00:00:00-05:00,53.96570719709229,54.5439097323266,52.587654022791064,52.71293258666992,561900,0.0,0.0
2022-01-10 00:00:00-05:00,52.29855999160394,53.87898390430455,51.19033402358646,53.724796295166016,908500,0.0,0.0
2022-01-11 00:00:00-05:00,53.821166824399505,54.29336848602027,52.89604108960446,54.28373336791992,510900,0.0,0.0
2022-01-12 00:00:00-05:00,54.331914283915985,55.25703998420093,53.67661599385012,53.96571731567383,577900,0.0,0.0
2022-01-13 00:00:00-05:00,54.42827979686822,55.77742419106384,53.92716912691335,54.216270446777344,446000,0.0,0.0
2022-01-14 00:00:00-05:00,53.68625073529928,55.016121217714435,53.21405277072556,54.97757339477539,343200,0.0,0.0
2022-01-18 00:00:00-05:00,54.2740873517047,55.064299271207794,53.78261551928103,54.11989974975586,496300,0.0,0.0
2022-01-19 00:00:00-05:00,54.245187504482494,54.245187504482494,52.799677113057385,52.99241256713867,424000,0.0,0.0
2022-01-20 00:00:00-05:00,52.712951524170556,55.23777556006695,52.6840388137363,52.83823013305664,638900,0.0,0.0
2022-01-21 00:00:00-05:00,52.13472868351472,52.42383364005371,50.1399250696802,50.58321762084961,524300,0.0,0.0
2022-01-24 00:00:00-05:00,49.26298904443262,51.29634074872349,48.54023390837413,51.20960998535156,713000,0.0,0.0
2022-01-25 00:00:00-05:00,50.31339435271094,51.29634179901097,48.752244256174556,50.66995620727539,785100,0.0,0.0
2022-01-26 00:00:00-05:00,51.33488339928432,52.15400433383683,48.7618734625785,49.503902435302734,776500,0.0,0.0
2022-01-27 00:00:00-05:00,51.4890702383836,52.99240207111007,46.56469855876961,47.509098052978516,1424600,0.0,0.0
2022-01-28 00:00:00-05:00,47.86566246725012,48.4535039086891,45.938315407383435,48.42459487915039,704300,0.0,0.0
2022-01-31 00:00:00-05:00,47.46092024584288,50.29411903457633,47.22000186896042,50.274845123291016,884700,0.0,0.0
2022-02-01 00:00:00-05:00,51.01687093678475,51.99018317642562,50.48685127640849,51.63362503051758,727800,0.0,0.0
2022-02-02 00:00:00-05:00,51.02651391692849,51.77817809055465,50.62176912458326,51.46980285644531,544200,0.0,0.0
2022-02-03 00:00:00-05:00,50.92050578239307,51.595077939736115,50.31339047317208,50.457942962646484,422500,0.0,0.0
2022-02-04 00:00:00-05:00,49.95683802117896,51.1999778088812,49.67737180357962,50.5639533996582,375600,0.0,0.0
2022-02-07 00:00:00-05:00,50.74704962853409,52.46238739255704,50.74704962853409,51.99982452392578,568400,0.0,0.0
2022-02-08 00:00:00-05:00,52.30819618330057,52.838219546966066,51.39270930305505,51.87454605102539,668900,0.0,0.0
2022-02-09 00:00:00-05:00,52.41420033117366,53.002041745990624,51.96127261625777,52.46238327026367,801300,0.0,0.0
2022-02-10 00:00:00-05:00,51.941040502809955,54.66360036236246,51.892768896228176,52.80994415283203,892500,0.1,0.0
2022-02-11 00:00:00-05:00,52.89684218434991,54.20985069784308,51.45832452924364,52.076210021972656,988300,0.0,0.0
2022-02-14 00:00:00-05:00,52.28861095632617,52.85822485089333,51.79623459188452,52.182411193847656,698600,0.0,0.0
2022-02-15 00:00:00-05:00,52.72304910000413,54.68290487948805,52.15343535405584,54.30638122558594,500400,0.0,0.0
2022-02-16 00:00:00-05:00,53.92019883938277,55.36836894625486,53.68849368469998,55.32975387573242,900000,0.0,0.0
2022-02-17 00:00:00-05:00,54.60568752770949,55.10772044534513,53.13820754144108,53.54369354248047,753100,0.0,0.0
2022-02-18 00:00:00-05:00,53.147849081792,54.0360621110243,52.723053787829826,52.80994415283203,664100,0.0,0.0
2022-02-22 00:00:00-05:00,52.752026772648875,53.37956883484594,51.902432328583615,52.172760009765625,547400,0.0,0.0
2022-02-23 00:00:00-05:00,52.809949620923874,53.3988728577079,51.20730780940914,51.33281326293945,367800,0.0,0.0
2022-02-24 00:00:00-05:00,49.81706666903239,52.55893645828228,48.9385099944605,52.53962707519531,1030100,0.0,0.0
2022-02-25 00:00:00-05:00,52.62651052373003,55.0787466093525,52.62651052373003,55.011165618896484,708200,0.0,0.0
2022-02-28 00:00:00-05:00,54.451209309057006,56.6813894006069,54.296737944781306,55.89937973022461,747900,0.0,0.0
2022-03-01 00:00:00-05:00,55.65801348830788,55.65801348830788,52.510654631972415,53.1285400390625,757100,0.0,0.0
2022-03-02 00:00:00-05:00,54.09398958279806,55.63870685978244,53.33128931733717,55.10771179199219,503000,0.0,0.0
2022-03-03 00:00:00-05:00,55.36837978839175,55.48423607130695,53.3505955637156,54.02640914916992,738100,0.0,0.0
2022-03-04 00:00:00-05:00,53.32162835680027,53.85262338048552,51.41004406180092,52.153438568115234,970400,0.0,0.0
2022-03-07 00:00:00-05:00,52.20171352253684,53.06096067319121,48.79368714835879,48.832305908203125,1124300,0.0,0.0
2022-03-08 00:00:00-05:00,49.382612194141664,51.69968262820895,48.600598851019576,50.42529296875,926100,0.0,0.0
2022-03-09 00:00:00-05:00,52.08586566905718,53.746431981817814,51.44867080515052,53.27336502075195,1178600,0.0,0.0
2022-03-10 00:00:00-05:00,52.5010104409782,54.325704735578995,52.5010104409782,53.717472076416016,525000,0.0,0.0
2022-03-11 00:00:00-05:00,53.92986361121808,55.65801442008964,53.36990264986357,53.398868560791016,875700,0.0,0.0
2022-03-14 00:00:00-04:00,52.95475723765614,53.582299151322076,51.43900600674523,51.90242004394531,984900,0.0,0.0
2022-03-15 00:00:00-04:00,52.30791250050754,53.640230232419455,52.12447891827921,53.58230209350586,688300,0.0,0.0
2022-03-16 00:00:00-04:00,54.32569885253906,55.35872676653314,53.08992796840882,54.32569885253906,683400,0.0,0.0
2022-03-17 00:00:00-04:00,53.79470828827255,54.248465876184014,53.35059986705071,54.229156494140625,951300,0.0,0.0
2022-03-18 00:00:00-04:00,54.58637200787518,56.02488591600507,54.04572038438025,55.802833557128906,1373900,0.0,0.0
2022-03-21 00:00:00-04:00,54.82773185884817,55.52285114180564,54.14226542468843,55.310455322265625,660600,0.0,0.0
2022-03-22 00:00:00-04:00,55.60974029177467,57.28961952806083,55.60974029177467,56.55588150024414,665000,0.0,0.0
2022-03-23 00:00:00-04:00,56.03453636965166,56.63311238877346,55.3876850614513,55.609737396240234,386900,0.0,0.0
2022-03-24 00:00:00-04:00,55.918684313176186,57.492363837340015,55.320108248904845,57.39582061767578,713300,0.0,0.0
2022-03-25 00:00:00-04:00,56.90344519350217,57.8882015813213,56.88413581144046,57.48271560668945,509400,0.0,0.0
2022-03-28 00:00:00-04:00,57.135145239772655,57.550287682534965,55.76420878898172,56.526912689208984,485200,0.0,0.0
2022-03-29 00:00:00-04:00,57.077224720698574,58.206799608224735,56.63311999150175,57.81096649169922,483700,0.0,0.0
2022-03-30 00:00:00-04:00,57.810961441803585,58.18748514379293,57.1930760146531,57.772342681884766,473400,0.0,0.0
2022-03-31 00:00:00-04:00,57.65649234987668,58.805372880934414,57.395821234516454,57.415130615234375,539700,0.0,0.0
2022-04-01 00:00:00-04:00,57.66615850385878,58.27439124670091,57.347562855724384,57.90752029418945,561500,0.0,0.0
2022-04-04 00:00:00-04:00,57.78200085054341,58.24541864646187,55.127021629320836,56.59450149536133,702700,0.0,0.0
2022-04-05 00:00:00-04:00,56.39175359371343,57.35720049905548,54.316041274072965,54.35466003417969,437600,0.0,0.0
2022-04-06 00:00:00-04:00,53.83332166674015,54.16157378531915,53.157511731037445,53.804359436035156,464700,0.0,0.0
2022-04-07 00:00:00-04:00,53.90091912156713,53.96850013115892,52.59756318753501,53.47611999511719,420600,0.0,0.0
2022-04-08 00:00:00-04:00,53.37956640732901,53.68850915786887,52.60720953097936,52.71340560913086,404400,0.0,0.0
2022-04-11 00:00:00-04:00,52.809948946180064,54.10364800758822,52.549277827513365,52.59754943847656,952400,0.0,0.0
2022-04-12 00:00:00-04:00,53.099582055436336,54.29673788952046,52.80994870807516,53.08027267456055,563800,0.0,0.0
2022-04-13 00:00:00-04:00,53.38921966540749,54.44155706838601,53.38921966540749,54.2001953125,582900,0.0,0.0
2022-04-14 00:00:00-04:00,53.765745852695645,54.93393960313674,53.765745852695645,54.277435302734375,524500,0.0,0.0
2022-04-18 00:00:00-04:00,54.56706218615922,54.827733305227795,53.9009051149092,54.13261032104492,609500,0.0,0.0
2022-04-19 00:00:00-04:00,54.38363102564111,55.39734963436348,54.15192212624467,55.194602966308594,738500,0.0,0.0
2022-04-20 00:00:00-04:00,55.72559806787079,56.4207173542266,54.760151136315926,56.17935562133789,763700,0.0,0.0
2022-04-21 00:00:00-04:00,57.37650740230058,57.627521966383235,54.624985314007525,54.827728271484375,774900,0.0,0.0
2022-04-22 00:00:00-04:00,54.161571735484266,55.29114656777145,53.67884826660156,53.67884826660156,652000,0.0,0.0
2022-04-25 00:00:00-04:00,53.53403188392977,53.63057510175279,51.63210029313729,53.321632385253906,911100,0.0,0.0
2022-04-26 00:00:00-04:00,54.93393747625257,56.43037963606863,54.1905428212588,54.335357666015625,1493500,0.0,0.0
2022-04-27 00:00:00-04:00,54.35466185961491,54.499480373434835,52.114825258630184,53.67884826660156,974700,0.0,0.0
2022-04-28 00:00:00-04:00,54.180876580410164,54.53809456915792,51.52589772381802,54.14226150512695,820700,0.0,0.0
2022-04-29 00:00:00-04:00,54.10364432956109,54.586367772152705,52.40445574922156,52.481693267822266,526800,0.0,0.0
2022-05-02 00:00:00-04:00,52.73271560668945,53.26371073519502,51.188001835966325,52.73271560668945,546400,0.0,0.0
2022-05-03 00:00:00-04:00,53.08992782257166,54.14226511410048,52.58789498155089,53.70781326293945,544300,0.0,0.0
2022-05-04 00:00:00-04:00,55.03047881600599,57.096534799836064,54.20019380951996,56.91310119628906,1329900,0.0,0.0
2022-05-05 00:00:00-04:00,56.477910940222046,57.2515801950581,55.39477029430556,56.216796875,737900,0.1,0.0
2022-05-06 00:00:00-04:00,56.09107669430149,56.16844546742862,53.74105370318441,55.47214126586914,952700,0.0,0.0
2022-05-09 00:00:00-04:00,54.73715909449341,54.959592498736306,50.39493764522146,50.93650436401367,1299700,0.0,0.0
2022-05-10 00:00:00-04:00,51.57477719017761,53.499279213597354,51.03320687211962,52.31943130493164,953300,0.0,0.0
2022-05-11 00:00:00-04:00,51.990621227884574,53.363887365894016,50.85913064867841,50.92682647705078,775900,0.0,0.0
2022-05-12 00:00:00-04:00,50.26920603915734,51.25563569715865,48.663840993189524,49.49553680419922,686500,0.0,0.0
2022-05-13 00:00:00-04:00,50.20150655504792,51.884240246516036,49.99841908737894,51.303985595703125,892400,0.0,0.0
2022-05-16 00:00:00-04:00,51.19760652175772,52.54186113010918,51.10089925572759,51.31365966796875,383200,0.0,0.0
2022-05-17 00:00:00-04:00,52.09699388577359,53.6443358406749,51.99061368828811,53.151119232177734,491900,0.0,0.0
2022-05-18 00:00:00-04:00,52.20337887417603,52.83198717747361,50.820443558237976,51.284645080566406,977700,0.0,0.0
2022-05-19 00:00:00-04:00,50.83011718405767,52.92869515846259,50.83011718405767,52.19371032714844,630700,0.0,0.0
2022-05-20 00:00:00-04:00,52.851338357596866,52.851338357596866,50.220858927868335,50.94617462158203,600300,0.0,0.0
2022-05-23 00:00:00-04:00,51.816553482625906,52.34845090533247,50.00809708061876,52.11634826660156,484600,0.0,0.0
2022-05-24 00:00:00-04:00,51.84555576816921,52.300088023749275,50.32722885514358,51.71983337402344,599200,0.0,0.0
2022-05-25 00:00:00-04:00,51.66180662817276,53.489604895045346,51.66180662817276,53.315528869628906,722200,0.0,0.0
2022-05-26 00:00:00-04:00,54.26327993561882,55.617200215153794,53.886116402825884,55.21102523803711,638300,0.0,0.0
2022-05-27 00:00:00-04:00,55.21102044357092,56.516586972810295,55.21102044357092,56.48757553100586,299600,0.0,0.0
2022-05-31 00:00:00-04:00,56.54560708757707,56.54560708757707,55.211025309760196,55.55917739868164,490700,0.0,0.0
2022-06-01 00:00:00-04:00,55.95568773798592,56.564953943830844,53.99250113922003,55.46247100830078,484800,0.0,0.0
2022-06-02 00:00:00-04:00,55.704235800585494,57.42565397503305,55.704235800585494,56.787376403808594,595700,0.0,0.0
2022-06-03 00:00:00-04:00,55.9943687384167,56.3038364488823,54.7468249554576,55.50115203857422,434200,0.0,0.0
2022-06-06 00:00:00-04:00,56.42955493643039,56.93244088614226,55.65588566346833,56.680999755859375,342200,0.0,0.0
2022-06-07 00:00:00-04:00,56.091070764228874,57.86084252637296,56.091070764228874,57.85116958618164,371200,0.0,0.0
2022-06-08 00:00:00-04:00,57.05815915476983,57.55137212762927,56.22646336326748,56.40053939819336,326100,0.0,0.0
2022-06-09 00:00:00-04:00,56.120082440133785,56.120082440133785,54.959580474255986,54.9692497253418,461100,0.0,0.0
2022-06-10 00:00:00-04:00,54.292297404983394,54.45670421573697,52.99639987028482,53.42192077636719,548700,0.0,0.0
2022-06-13 00:00:00-04:00,51.62312346827647,51.78752654600677,49.47618838354608,49.95973205566406,961800,0.0,0.0
2022-06-14 00:00:00-04:00,50.327235408221064,50.346577601311694,48.683185886979004,49.83401870727539,911700,0.0,0.0
2022-06-15 00:00:00-04:00,50.65604089676807,51.08155804023105,49.83401436323027,50.38525390625,711400,0.0,0.0
2022-06-16 00:00:00-04:00,48.96363526614913,49.11836909996411,46.420194414241394,47.164852142333984,681800,0.0,0.0
2022-06-17 00:00:00-04:00,46.652303950554355,47.851490418751276,45.820608086627956,47.542022705078125,1727400,0.0,0.0
2022-06-21 00:00:00-04:00,48.96363302621595,49.44717669591035,47.70642022283959,48.325355529785156,737000,0.0,0.0
2022-06-22 00:00:00-04:00,47.04879943368028,48.77021367690052,46.84570829342037,48.31568145751953,749000,0.0,0.0
2022-06-23 00:00:00-04:00,48.344698543434575,48.6928468926675,47.01978620970054,47.81279754638672,500900,0.0,0.0
2022-06-24 00:00:00-04:00,48.247997094773055,50.02743832753568,48.16095906803997,49.9500732421875,1424500,0.0,0.0
2022-06-27 00:00:00-04:00,49.94039200467712,50.59801172205043,49.1860650243971,49.97907638549805,779700,0.0,0.0
2022-06-28 00:00:00-04:00,50.81077310194052,52.35811147299852,50.12414193035514,50.578670501708984,529800,0.0,0.0
2022-06-29 00:00:00-04:00,50.356243386090654,50.598015249357516,49.23442208809824,50.462623596191406,452000,0.0,0.0
2022-06-30 00:00:00-04:00,49.97908223148684,51.07189213805612,49.31179318542917,50.588348388671875,520900,0.0,0.0
2022-07-01 00:00:00-04:00,50.39493191055151,51.65214496501502,50.17250222076649,51.09123611450195,491300,0.0,0.0
2022-07-05 00:00:00-04:00,49.67928134459525,50.162825070286864,48.189969473215946,50.114471435546875,388400,0.0,0.0
2022-07-06 00:00:00-04:00,50.09512679961015,50.89781111588414,49.234419600137535,50.578670501708984,561500,0.0,0.0
2022-07-07 00:00:00-04:00,51.129912788714186,52.17436901245312,51.10090134554785,51.68115234375,463300,0.0,0.0
2022-07-08 00:00:00-04:00,51.92292642655903,52.46449675339634,51.09123427736942,52.048648834228516,386200,0.0,0.0
2022-07-11 00:00:00-04:00,51.6424708056503,51.96160774270454,50.88814009333463,51.429710388183594,286700,0.0,0.0
2022-07-12 00:00:00-04:00,50.839787904011004,53.508951381947824,50.839787904011004,52.416141510009766,835500,0.0,0.0
2022-07-13 00:00:00-04:00,51.47805925635694,52.21304770911443,51.149249409417116,51.9422607421875,331000,0.0,0.0
2022-07-14 00:00:00-04:00,50.68505331970989,51.623129330674594,50.066117939374934,51.57477569580078,435700,0.0,0.0
2022-07-15 00:00:00-04:00,52.435484083454625,52.68692520377082,51.25563618323829,52.10667419433594,332200,0.0,0.0
2022-07-18 00:00:00-04:00,53.42190421298574,54.650101840705105,52.04863832508888,52.126007080078125,583000,0.0,0.0
2022-07-19 00:00:00-04:00,52.474158432031416,54.75648518761727,52.30008610157152,54.68878936767578,334200,0.0,0.0
2022-07-20 00:00:00-04:00,54.263281196711844,55.75259685904383,54.263281196711844,55.50115203857422,588600,0.0,0.0
2022-07-21 00:00:00-04:00,55.13365454416872,56.584285736083984,54.6114301188301,56.584285736083984,460600,0.0,0.0
2022-07-22 00:00:00-04:00,56.50692091269181,56.951780261492885,54.98859388676291,55.23036575317383,506400,0.0,0.0
2022-07-25 00:00:00-04:00,55.23036011982297,55.78159962388322,54.47603315408695,55.49147415161133,623100,0.0,0.0
2022-07-26 00:00:00-04:00,55.15299582662617,57.454664979471694,54.65978285273219,55.98469161987305,793300,0.0,0.0
2022-07-27 00:00:00-04:00,56.816390515001224,57.22256549342475,54.99826498556029,56.08140563964844,784600,0.0,0.0
2022-07-28 00:00:00-04:00,56.40053853941177,58.21866393809518,56.08140160633754,58.19932174682617,587900,0.0,0.0
2022-07-29 00:00:00-04:00,58.112288154632644,58.93431105584237,57.947881360903075,58.518463134765625,477500,0.0,0.0
2022-08-01 00:00:00-04:00,59.76600077399661,60.19152159241559,58.56681446006925,59.8530387878418,716300,0.0,0.0
2022-08-02 00:00:00-04:00,59.959423498936346,60.230206811630644,58.8569443667999,58.885955810546875,453500,0.0,0.0
2022-08-03 00:00:00-04:00,59.12772922113563,59.65962660885875,58.26702193550523,59.28246307373047,350600,0.0,0.0
2022-08-04 00:00:00-04:00,58.95312103471506,59.921788804078965,58.86594078766534,59.73773956298828,391300,0.1,0.0
2022-08-05 00:00:00-04:00,59.272774188168604,59.94115725430101,59.17590889794528,59.708675384521484,354100,0.0,0.0
2022-08-08 00:00:00-04:00,60.05738708738156,60.967933238766534,59.79584640987054,60.31892776489258,565000,0.0,0.0
2022-08-09 00:00:00-04:00,60.16395360811098,60.764526569122616,60.0477145145674,60.696720123291016,721400,0.0,0.0
2022-08-10 00:00:00-04:00,61.51039558387109,63.18619386491692,61.51039558387109,62.30470275878906,992200,0.0,0.0
2022-08-11 00:00:00-04:00,63.089324305853346,63.75770738021967,60.938884535977465,61.006690979003906,885300,0.0,0.0
2022-08-12 00:00:00-04:00,61.268229183343,61.98504487397324,60.49329579831968,61.74287796020508,530700,0.0,0.0
2022-08-15 00:00:00-04:00,61.345723786108906,62.876220440253924,61.1132419252256,61.94629669189453,618200,0.0,0.0
2022-08-16 00:00:00-04:00,61.994730726330275,62.46937581415636,61.56851828284936,62.18846130371094,673400,0.0,0.0
2022-08-17 00:00:00-04:00,61.20041751771778,61.287597747037694,60.36736281425498,60.861385345458984,534000,0.0,0.0
2022-08-18 00:00:00-04:00,60.68703466891271,61.297292677345524,60.386746342813446,60.832332611083984,365800,0.0,0.0
2022-08-19 00:00:00-04:00,60.40611623573989,60.44486382921697,59.175907856646624,59.689300537109375,699200,0.0,0.0
2022-08-22 00:00:00-04:00,58.827189565380316,59.834604870288175,58.29442306409172,58.52690124511719,841300,0.0,0.0
2022-08-23 00:00:00-04:00,58.72064074889606,59.553695644542444,58.43972989643632,58.836883544921875,696700,0.0,0.0
2022-08-24 00:00:00-04:00,58.75938307412073,59.99927655905816,58.75938307412073,59.16622543334961,368900,0.0,0.0
2022-08-25 00:00:00-04:00,59.67960641639605,60.66764772885875,59.67960641639605,60.657958984375,289200,0.0,0.0
2022-08-26 00:00:00-04:00,60.5223515713798,61.00668537431515,58.25566922583544,58.265357971191406,401000,0.0,0.0
2022-08-29 00:00:00-04:00,57.65509493710823,58.79812297974078,57.38386919654239,58.594703674316406,564600,0.0,0.0
2022-08-30 00:00:00-04:00,58.97249349641773,58.97249349641773,57.20951849176196,57.35481643676758,365800,0.0,0.0
2022-08-31 00:00:00-04:00,57.38387385516563,57.674473414388565,56.73486460089966,56.831729888916016,416500,0.0,0.0
2022-09-01 00:00:00-04:00,56.18272419103164,56.434576156356314,55.136561346204836,56.328025817871094,533000,0.0,0.0
2022-09-02 00:00:00-04:00,56.947976608463044,57.412936674420926,55.72745320204624,56.047115325927734,587800,0.0,0.0
2022-09-06 00:00:00-04:00,56.19241953094494,56.25054093135791,54.9331520833936,55.02033233642578,509100,0.0,0.0
2022-09-07 00:00:00-04:00,54.76846851589945,56.63799733157139,54.76846851589945,56.36676788330078,945700,0.0,0.0
2022-09-08 00:00:00-04:00,56.424891487761975,57.90695183279605,56.08585928307245,57.761653900146484,681500,0.0,0.0
2022-09-09 00:00:00-04:00,58.12005295166122,59.24370716091973,58.042557774042415,58.91436004638672,525700,0.0,0.0
2022-09-12 00:00:00-04:00,59.2243419373247,59.86366246450703,58.77875568705272,59.573062896728516,422300,0.0,0.0
2022-09-13 00:00:00-04:00,57.88757890876797,58.681889805623996,57.13201930111281,57.4226188659668,571400,0.0,0.0
2022-09-14 00:00:00-04:00,57.79071195966638,58.40097361496052,56.44426451486691,58.24598693847656,620900,0.0,0.0
2022-09-15 00:00:00-04:00,57.51948712902203,58.27504672719304,56.802671429217654,56.90922546386719,309400,0.0,0.0
2022-09-16 00:00:00-04:00,55.88243382525178,55.921181417002835,54.31319331107163,55.07844161987305,822700,0.0,0.0
2022-09-19 00:00:00-04:00,54.49723963360022,56.52175514280615,54.49723963360022,56.37645721435547,336900,0.0,0.0
2022-09-20 00:00:00-04:00,56.298969012723596,56.89954568270141,55.814635134132985,56.792991638183594,570300,0.0,0.0
2022-09-21 00:00:00-04:00,57.567920283609546,57.567920283609546,55.13656234741211,55.13656234741211,623500,0.0,0.0
2022-09-22 00:00:00-04:00,55.26248587873308,55.26248587873308,53.18953780454415,53.70293045043945,524300,0.0,0.0
2022-09-23 00:00:00-04:00,52.60834953719511,52.61803458931634,51.07785263983338,51.97871398925781,621500,0.0,0.0
2022-09-26 00:00:00-04:00,51.59124691811244,52.24994133708188,50.690389237201536,50.71944808959961,441600,0.0,0.0
2022-09-27 00:00:00-04:00,51.61060868082568,52.375856973673216,50.72912131032208,50.85504913330078,450200,0.0,0.0
2022-09-28 00:00:00-04:00,51.17471917137882,52.43398651140897,50.719444144953414,52.07557678222656,804400,0.0,0.0
2022-09-29 00:00:00-04:00,51.378137193293526,51.69779562212592,50.00262709768606,50.62257385253906,621400,0.0,0.0
2022-09-30 00:00:00-04:00,50.26416667040963,51.106906539935586,49.973567097660066,50.09949493408203,666300,0.0,0.0
2022-10-03 00:00:00-04:00,50.825994213247675,52.356487221977375,50.57413854783809,51.78497314453125,651300,0.0,0.0
2022-10-04 00:00:00-04:00,52.96675759731956,54.09041213989258,52.96675759731956,54.09041213989258,435300,0.0,0.0
2022-10-05 00:00:00-04:00,53.29609679007492,54.17758424087674,52.74395650194488,53.50920486450195,483400,0.0,0.0
2022-10-06 00:00:00-04:00,52.96674117468022,53.85791353429511,52.37585338637438,52.99580001831055,389500,0.0,0.0
2022-10-07 00:00:00-04:00,52.50178478882519,52.50178478882519,51.3103240813006,51.85277557373047,358900,0.0,0.0
2022-10-10 00:00:00-04:00,52.5599110157235,53.402654627192426,52.288685225461826,52.366180419921875,385500,0.0,0.0
2022-10-11 00:00:00-04:00,52.32742777652732,53.0636135770329,51.46531414475506,51.9883918762207,660100,0.0,0.0
2022-10-12 00:00:00-04:00,51.029422859868674,51.74623500274911,49.82827309466618,50.24480056762695,809100,0.0,0.0
2022-10-13 00:00:00-04:00,49.188950083005125,52.08526845334285,48.43339037560156,51.843101501464844,799000,0.0,0.0
2022-10-14 00:00:00-04:00,52.23055652100976,52.57927745693507,51.135964766234345,51.44593811035156,558200,0.0,0.0
2022-10-17 00:00:00-04:00,52.68583096315167,53.480138111453776,52.463037855230226,53.218597412109375,516900,0.0,0.0
2022-10-18 00:00:00-04:00,54.381004333496094,55.31092444287333,54.11946360988861,54.381004333496094,595700,0.0,0.0
2022-10-19 00:00:00-04:00,53.89666481404565,54.65222436157055,53.59638022216968,54.487552642822266,392800,0.0,0.0
2022-10-20 00:00:00-04:00,54.49723845810874,55.204369069643136,53.73199384969087,53.79011154174805,318800,0.0,0.0
2022-10-21 00:00:00-04:00,53.606074492569135,55.39810838742696,53.218605906839414,55.37873458862305,525200,0.0,0.0
2022-10-24 00:00:00-04:00,56.03741560400952,56.51206432358018,55.30122990089048,56.05678939819336,917500,0.0,0.0
2022-10-25 00:00:00-04:00,52.4146004907196,54.40036818254721,50.913166562516935,53.83854293823242,1793300,0.0,0.0
2022-10-26 00:00:00-04:00,54.07103316359678,54.33257389784511,51.32001662338282,51.70748519897461,1453200,0.0,0.0
2022-10-27 00:00:00-04:00,52.55022432439684,53.94510452458818,52.114323107095124,52.33711624145508,783500,0.0,0.0
2022-10-28 00:00:00-04:00,52.743958672084155,54.303514309633584,52.317742505693516,54.051658630371094,627300,0.0,0.0
2022-10-31 00:00:00-04:00,53.76105014025689,54.148518646364195,52.6761434963994,53.95478439331055,742500,0.0,0.0
2022-11-01 00:00:00-04:00,54.51661765432925,54.96220761022589,53.71262537477976,54.8169059753418,459000,0.0,0.0
2022-11-02 00:00:00-04:00,54.65221930117766,55.640260607703,53.65449294540011,53.68355178833008,672600,0.0,0.0
2022-11-03 00:00:00-04:00,53.26627699480457,53.664148477459385,52.14059155349926,53.03337860107422,634600,0.1,0.0
2022-11-04 00:00:00-04:00,53.80971908569336,54.34344864450978,52.53846922223483,53.80971908569336,396800,0.0,0.0
2022-11-07 00:00:00-05:00,54.071730267678824,55.080962885828114,53.732081507100105,55.06155776977539,435200,0.0,0.0
2022-11-08 00:00:00-05:00,55.28475364817545,56.59481739168956,55.03244271713273,56.555999755859375,509600,0.0,0.0
2022-11-09 00:00:00-05:00,56.13872678256793,56.847135772822014,55.663223637818405,55.78937911987305,495900,0.0,0.0
2022-11-10 00:00:00-05:00,57.254707616890975,58.28335284911606,57.24500505797499,58.23482894897461,524300,0.0,0.0
2022-11-11 00:00:00-05:00,58.35127353228214,59.31198590745326,57.36144608081414,57.5555305480957,824600,0.0,0.0
2022-11-14 00:00:00-05:00,57.35174846885802,58.62299840446916,57.012103376293986,57.400272369384766,592400,0.0,0.0
2022-11-15 00:00:00-05:00,58.2348265666689,58.70063081636535,57.23529645578884,57.6719856262207,653800,0.0,0.0
2022-11-16 00:00:00-05:00,57.526421627688336,57.526421627688336,56.332807023680246,56.73067855834961,401300,0.0,0.0
2022-11-17 00:00:00-05:00,55.58557720306021,55.99315494720711,55.05184770402427,55.808773040771484,334400,0.0,0.0
2022-11-18 00:00:00-05:00,56.604529204050316,57.57494798387477,55.925235317802425,56.97328567504883,659300,0.0,0.0
2022-11-21 00:00:00-05:00,56.65304124840018,57.545824620447384,56.36191639672624,57.46819305419922,432200,0.0,0.0
2022-11-22 00:00:00-05:00,57.84665076192729,58.962629881112,57.419664227758346,58.8849983215332,480600,0.0,0.0
2022-11-23 00:00:00-05:00,58.88500450175769,59.2052407341415,58.28334596992664,58.807369232177734,336500,0.0,0.0
2022-11-25 00:00:00-05:00,58.85589184983683,59.24405708375597,58.70062501589851,58.94322967529297,109700,0.0,0.0
2022-11-28 00:00:00-05:00,58.48713564614847,58.48713564614847,56.720973903678775,56.93446350097656,522900,0.0,0.0
2022-11-29 00:00:00-05:00,56.895649278611664,57.943699547089054,56.895649278611664,57.235294342041016,306500,0.0,0.0
2022-11-30 00:00:00-05:00,57.17706763844607,58.186303968030586,55.98345308978216,58.17660140991211,510900,0.0,0.0
2022-12-01 00:00:00-05:00,58.31245950772675,59.544891694115236,58.128081288416425,59.45755386352539,517000,0.0,0.0
2022-12-02 00:00:00-05:00,58.564765065008714,60.437673388220745,58.39008940882341,60.2144775390625,495800,0.0,0.0
2022-12-05 00:00:00-05:00,59.78749631755488,60.34063467687482,59.11790504964392,59.24406051635742,542300,0.0,0.0
2022-12-06 00:00:00-05:00,59.19554778427337,59.67105463299559,56.284291335866484,56.87624740600586,701500,0.0,0.0
2022-12-07 00:00:00-05:00,56.45895554000166,57.371147709039924,56.11931050415051,56.12901306152344,413100,0.0,0.0
2022-12-08 00:00:00-05:00,56.80831206809154,58.06015309015007,56.0804980369208,56.31339645385742,320000,0.0,0.0
2022-12-09 00:00:00-05:00,55.983452278219666,57.041208786769914,55.779665244003965,56.750083923339844,349600,0.0,0.0
2022-12-12 00:00:00-05:00,57.10913886031898,57.6816860398498,56.1969466174451,57.66227722167969,500800,0.0,0.0
2022-12-13 00:00:00-05:00,59.117911316697125,59.476968936802585,57.74962096145615,58.09897232055664,572700,0.0,0.0
2022-12-14 00:00:00-05:00,58.07956810081128,58.409510665890096,56.79861548388276,57.2838249206543,421200,0.0,0.0
2022-12-15 00:00:00-05:00,56.643335761109896,56.74037984755965,55.31386324250204,55.60498809814453,364700,0.0,0.0
2022-12-16 00:00:00-05:00,55.03243680957873,55.84758856524129,54.149356049432065,55.26533889770508,979300,0.0,0.0
2022-12-19 00:00:00-05:00,55.29444727280529,55.92522079665049,53.945566111386974,54.36284637451172,466000,0.0,0.0
2022-12-20 00:00:00-05:00,54.51811646904219,55.38178841846651,53.955271912154856,55.178001403808594,339100,0.0,0.0
2022-12-21 00:00:00-05:00,56.06108999940027,57.45849162604499,55.702036108873834,57.20618438720703,501100,0.0,0.0
2022-12-22 00:00:00-05:00,56.70156049543377,56.70156049543377,54.993621644187094,55.93492889404297,314300,0.0,0.0
2022-12-23 00:00:00-05:00,56.00286110259312,56.35221241949155,55.43031393364371,56.32310104370117,231900,0.0,0.0
2022-12-27 00:00:00-05:00,56.59481883778733,56.87624115196678,55.92523126094818,56.633636474609375,236000,0.0,0.0
2022-12-28 00:00:00-05:00,56.546293262807495,57.08002276184343,55.68262128588245,55.808773040771484,299300,0.0,0.0
2022-12-29 00:00:00-05:00,56.09990452415639,57.177066135972154,55.82818477988314,56.92475891113281,315400,0.0,0.0
2022-12-30 00:00:00-05:00,56.70156820288222,57.33234187495314,56.24547020302006,57.1091423034668,288300,0.0,0.0
2023-01-03 00:00:00-05:00,57.5167135175351,58.47742590278269,57.147953396017705,57.167362213134766,568300,0.0,0.0
2023-01-04 00:00:00-05:00,57.08002488123139,58.94323062021366,57.08002488123139,58.89470672607422,569800,0.0,0.0
2023-01-05 00:00:00-05:00,58.32216164563009,59.10820211527508,58.22512125760882,58.690921783447266,557800,0.0,0.0
2023-01-06 00:00:00-05:00,59.176135345694604,60.80643915327388,59.176135345694604,60.0980339050293,343800,0.0,0.0
2023-01-09 00:00:00-05:00,60.2630061082167,61.000526470588376,59.36051632643664,59.506080627441406,356200,0.0,0.0
2023-01-10 00:00:00-05:00,59.15672791269804,60.263004729084216,58.729744982365055,59.96217727661133,409600,0.0,0.0
2023-01-11 00:00:00-05:00,60.243594411104844,60.825844147833294,60.107732684138234,60.73850631713867,335500,0.0,0.0
2023-01-12 00:00:00-05:00,61.126677745266,61.64099849021272,60.56383310208727,61.087860107421875,433900,0.0,0.0
2023-01-13 00:00:00-05:00,60.4959006674109,61.80596440484571,60.03980270315644,61.10726547241211,540200,0.0,0.0
2023-01-17 00:00:00-05:00,61.097565799632,61.359579315737896,60.18537347463116,60.515316009521484,518300,0.0,0.0
2023-01-18 00:00:00-05:00,60.65117298813972,61.068453354446426,59.09850444038487,59.1761360168457,399800,0.0,0.0
2023-01-19 00:00:00-05:00,58.64240369207196,58.82678191666471,57.3808600932949,57.953407287597656,438500,0.0,0.0
2023-01-20 00:00:00-05:00,58.196009530403245,58.75885044086664,57.807840576953424,58.244529724121094,600200,0.0,0.0
2023-01-23 00:00:00-05:00,58.613288192897535,59.797196433730456,58.05044359658655,59.53518295288086,654700,0.0,0.0
2023-01-24 00:00:00-05:00,58.70063052731993,60.612352905580245,58.70063052731993,60.32122802734375,523000,0.0,0.0
2023-01-25 00:00:00-05:00,59.68075181448199,60.41826841947135,59.10820461648029,60.32122802734375,666600,0.0,0.0
2023-01-26 00:00:00-05:00,63.65946718149361,65.9981798736266,63.15485269972908,65.76527404785156,1863000,0.0,0.0
2023-01-27 00:00:00-05:00,65.54209304747698,66.40576527160816,64.25143414041942,65.74588012695312,1133700,0.0,0.0
2023-01-30 00:00:00-05:00,65.5032555521063,67.09474146507578,65.26065090191331,66.75509643554688,941900,0.0,0.0
2023-01-31 00:00:00-05:00,66.59013712557288,68.50185583922847,65.43533644674376,68.49215698242188,1051500,0.0,0.0
2023-02-01 00:00:00-05:00,68.36600877205805,69.45288060902648,67.41500239295577,69.11323547363281,833000,0.0,0.0
2023-02-02 00:00:00-05:00,69.41403713063806,69.94777029026633,67.90989283263222,69.17143249511719,1173400,0.0,0.0
2023-02-03 00:00:00-05:00,68.03605619981936,69.40434272796332,67.4441001957329,67.6964111328125,607400,0.0,0.0
2023-02-06 00:00:00-05:00,67.3858781168571,68.17191490889792,66.9006687580749,67.52173614501953,624000,0.0,0.0
2023-02-07 00:00:00-05:00,67.25001507307923,69.06469320121033,67.20149117933708,69.0452880859375,621200,0.0,0.0
2023-02-08 00:00:00-05:00,68.45333868813901,68.87061904175638,67.47321368941776,67.59937286376953,417600,0.0,0.0
2023-02-09 00:00:00-05:00,68.18753962526753,68.35280562158991,66.92372425064426,67.711181640625,574700,0.125,0.0
2023-02-10 00:00:00-05:00,67.54590387967485,68.07086549220415,66.77789404480285,67.7403335571289,499900,0.0,0.0
2023-02-13 00:00:00-05:00,68.15836157064962,68.6833305811842,67.76949481280737,68.6736068725586,464200,0.0,0.0
2023-02-14 00:00:00-05:00,68.17781215661309,70.93875989066089,67.54591192115005,69.80133056640625,1013100,0.0,0.0
2023-02-15 00:00:00-05:00,69.23747498787148,71.00681198855233,69.22775127760451,70.74432373046875,604700,0.0,0.0
2023-02-16 00:00:00-05:00,70.16102063431849,72.90252072850126,70.16102063431849,70.66654968261719,1165500,0.0,0.0
2023-02-17 00:00:00-05:00,69.99574785864202,70.56932056564916,69.49022627648345,70.22906494140625,598800,0.0,0.0
2023-02-21 00:00:00-05:00,69.20831076919133,69.90826956295078,68.39168970413274,68.7027816772461,647500,0.0,0.0
2023-02-22 00:00:00-05:00,68.9360970765225,69.99575141979302,68.5861177260622,69.19857788085938,619700,0.0,0.0
2023-02-23 00:00:00-05:00,69.60688328355931,70.9970769491891,69.15968910386943,70.39434051513672,817400,0.0,0.0
2023-02-24 00:00:00-05:00,69.42217360229698,70.45266416043921,68.75137866017698,70.38461303710938,550800,0.0,0.0
2023-02-27 00:00:00-05:00,70.78319389105192,71.43454881375816,70.53043682189853,70.57904052734375,451400,0.0,0.0
2023-02-28 00:00:00-05:00,70.81235772864892,71.5026000671971,70.4818258297529,70.91929626464844,610800,0.0,0.0
2023-03-01 00:00:00-05:00,70.57904429695633,71.92063421157263,70.1512975479192,70.5887680053711,771400,0.0,0.0
2023-03-02 00:00:00-05:00,70.21935154903406,72.36783134168705,70.07352558490483,72.09562683105469,526000,0.0,0.0
2023-03-03 00:00:00-05:00,72.39699138238738,72.59142104669587,71.43455193513276,72.42615509033203,460500,0.0,0.0
2023-03-06 00:00:00-05:00,72.2511720911279,72.53310032229567,70.97764061328121,71.10401916503906,536000,0.0,0.0
2023-03-07 00:00:00-05:00,71.04569740896504,71.59983020626986,70.81237287124482,70.93875885009766,516400,0.0,0.0
2023-03-08 00:00:00-05:00,71.06512856587719,71.06512856587719,69.80132085378804,70.33600616455078,457100,0.0,0.0
2023-03-09 00:00:00-05:00,70.6373786176021,70.76375715801115,68.3916766791415,68.50833892822266,406800,0.0,0.0
2023-03-10 00:00:00-05:00,68.30418422266628,68.30418422266628,65.83488895957296,66.50568389892578,940100,0.0,0.0
2023-03-13 00:00:00-04:00,65.48490762817535,66.45707073736202,64.93077495261957,65.980712890625,560400,0.0,0.0
2023-03-14 00:00:00-04:00,67.30285859368458,68.26529804193656,65.98071610737125,66.74872589111328,629100,0.0,0.0
2023-03-15 00:00:00-04:00,65.16409921979913,66.23347727462007,62.480926665308054,63.890567779541016,790400,0.0,0.0
2023-03-16 00:00:00-04:00,63.083669146595525,66.37930178514134,63.05450543746059,66.13626098632812,499800,0.0,0.0
2023-03-17 00:00:00-04:00,65.44603847836589,65.71824303818212,63.84196741714252,64.2891616821289,1167600,0.0,0.0
2023-03-20 00:00:00-04:00,65.11548506747236,66.29180148084679,64.83355688983487,65.21269989013672,478100,0.0,0.0
2023-03-21 00:00:00-04:00,66.76816707030058,67.2056375316846,66.04876839848511,66.63206481933594,398000,0.0,0.0
2023-03-22 00:00:00-04:00,66.43761624756839,67.26396073600307,65.46545324189476,65.56267547607422,596500,0.0,0.0
2023-03-23 00:00:00-04:00,65.7862744117468,66.13625371693101,64.2891423655734,65.03771209716797,398000,0.0,0.0
2023-03-24 00:00:00-04:00,64.31832259705541,65.89322227640042,64.02667066242726,65.60157775878906,480200,0.0,0.0
2023-03-27 00:00:00-04:00,66.15571374467645,66.45708198608973,65.3779801588792,66.35014343261719,391000,0.0,0.0
2023-03-28 00:00:00-04:00,66.29182637824186,67.05983637466021,66.29182637824186,66.4376449584961,246500,0.0,0.0
2023-03-29 00:00:00-04:00,67.09869990266735,67.33202440779719,66.51540347387574,67.2542495727539,373100,0.0,0.0
2023-03-30 00:00:00-04:00,67.62366128939739,67.75004723634736,66.10708926212311,66.17514038085938,743400,0.0,0.0
2023-03-31 00:00:00-04:00,66.78761393899241,67.00149104593751,65.89322550723759,66.35014343261719,753400,0.0,0.0
2023-04-03 00:00:00-04:00,66.20430970745326,67.51672848994804,66.20430970745326,67.42923736572266,488200,0.0,0.0
2023-04-04 00:00:00-04:00,67.35146065140114,67.55561401924035,65.81544112154482,66.18486785888672,450200,0.0,0.0
2023-04-05 00:00:00-04:00,65.68907657046324,65.80573884136003,64.81412808128157,65.24188232421875,516500,0.0,0.0
2023-04-06 00:00:00-04:00,65.17383152724535,65.17383152724535,63.68642279638284,63.812801361083984,743100,0.0,0.0
2023-04-10 00:00:00-04:00,63.55031905835317,65.34881972147284,63.29755451775257,64.99884033203125,649100,0.0,0.0
2023-04-11 00:00:00-04:00,65.25160339456953,65.4071456657883,64.34749122849473,64.77523803710938,518200,0.0,0.0
2023-04-12 00:00:00-04:00,65.3099198211673,66.41818520366064,64.95994049858875,65.80572509765625,632800,0.0,0.0
2023-04-13 00:00:00-04:00,66.2334666254505,66.46679110016431,65.26130356518959,66.29180145263672,377600,0.0,0.0
2023-04-14 00:00:00-04:00,64.8627374186818,65.6307473258589,64.16277864672205,65.39742279052734,1016600,0.0,0.0
2023-04-17 00:00:00-04:00,65.33908454086306,66.43762623224477,65.19325858469331,66.40846252441406,747300,0.0,0.0
2023-04-18 00:00:00-04:00,66.59317502126773,66.93343063651332,65.81544154326399,66.50568389892578,675400,0.0,0.0
2023-04-19 00:00:00-04:00,66.37929981406648,66.43762723060438,65.72795227267225,66.33069610595703,340900,0.0,0.0
2023-04-20 00:00:00-04:00,65.91267113406157,66.88483438136622,65.8057325834967,66.86538696289062,420800,0.0,0.0
2023-04-21 00:00:00-04:00,67.11813857045539,67.25424080553067,65.66961768743099,66.29180145263672,578500,0.0,0.0
2023-04-24 00:00:00-04:00,66.22375018523081,67.45839400548127,66.2043027705409,66.65149688720703,915900,0.0,0.0
2023-04-25 00:00:00-04:00,70.94846944013732,71.88174516738208,68.83886978287985,70.38461303710938,1963100,0.0,0.0
2023-04-26 00:00:00-04:00,70.4526739628417,70.55961251681262,68.712500804699,69.13053131103516,758800,0.0,0.0
2023-04-27 00:00:00-04:00,69.597160648916,70.5207201486948,68.53750631010507,69.93742370605469,677900,0.0,0.0
2023-04-28 00:00:00-04:00,69.99574963985829,70.28740156349764,69.25690353911739,70.07352447509766,780600,0.0,0.0
2023-05-01 00:00:00-04:00,70.09296148886227,70.8901349735583,69.71381845449565,69.98602294921875,592200,0.0,0.0
2023-05-02 00:00:00-04:00,70.0054859548041,72.61088406835948,69.480516847929,72.40673065185547,852600,0.0,0.0
2023-05-03 00:00:00-04:00,72.33867143547168,73.36916211333414,71.14290736716463,71.38594818115234,809700,0.0,0.0
2023-05-04 00:00:00-04:00,71.059719968608,71.50767673963199,68.2161644153263,69.46265411376953,544900,0.125,0.0
2023-05-05 00:00:00-04:00,70.0469561306228,71.09868476345915,69.84245457918226,70.3780517578125,464500,0.0,0.0
2023-05-08 00:00:00-04:00,70.48515899460011,71.52714713325395,70.19301716197619,71.09867095947266,438700,0.0,0.0
2023-05-09 00:00:00-04:00,71.27395875420662,72.24777971850112,70.94285576292104,71.5953140258789,554700,0.0,0.0
2023-05-10 00:00:00-04:00,72.06275732285452,72.06275732285452,69.84244652922108,70.25144958496094,584800,0.0,0.0
2023-05-11 00:00:00-04:00,69.81322653958401,70.20274897728429,69.21919516352757,69.54055786132812,488200,0.0,0.0
2023-05-12 00:00:00-04:00,69.91060800375726,70.01772890433381,68.26484819459434,68.82966613769531,418600,0.0,0.0
2023-05-15 00:00:00-04:00,68.82966287386384,69.88139124983566,68.82966287386384,69.53081512451172,661200,0.0,0.0
2023-05-16 00:00:00-04:00,69.35554600314913,69.74507596318738,68.90758914948826,69.45292663574219,406200,0.0,0.0
2023-05-17 00:00:00-04:00,70.1832764641801,70.86494816600602,69.5600316426066,70.63123321533203,433300,0.0,0.0
2023-05-18 00:00:00-04:00,70.3196164615625,71.34213152622418,69.89113282613629,70.43647766113281,449700,0.0,0.0
2023-05-19 00:00:00-04:00,70.58254197551368,70.68965543903242,69.71583454076446,70.11510467529297,443700,0.0,0.0
2023-05-22 00:00:00-04:00,70.00798521184802,71.15709419245843,70.00798521184802,70.83573150634766,529700,0.0,0.0
2023-05-23 00:00:00-04:00,70.4267358137765,71.0207672298821,69.51134167820435,69.7158432006836,509500,0.0,0.0
2023-05-24 00:00:00-04:00,69.25814699836005,69.55028881864239,68.46934699537042,69.00495147705078,475300,0.0,0.0
2023-05-25 00:00:00-04:00,68.82966341301575,69.24840670878476,68.28432607142415,69.00495147705078,415900,0.0,0.0
2023-05-26 00:00:00-04:00,69.14127890524463,69.61844903146806,68.59594161813214,69.287353515625,422000,0.0,0.0
2023-05-30 00:00:00-04:00,69.28737411376436,69.9593056338083,67.98244995067147,68.7809829711914,418200,0.0,0.0
2023-05-31 00:00:00-04:00,68.57647083770428,68.89783354051802,66.65804234047995,67.18390655517578,530100,0.0,0.0
2023-06-01 00:00:00-04:00,67.37867717987264,68.91730870904311,67.15469508144389,68.68359375,526900,0.0,0.0
2023-06-02 00:00:00-04:00,69.48212239828392,71.29342993624,68.87835817207466,71.24474334716797,452800,0.0,0.0
2023-06-05 00:00:00-04:00,70.77730812718828,70.8844290278534,69.02442741599944,70.29039764404297,417400,0.0,0.0
2023-06-06 00:00:00-04:00,70.26119588769421,71.22527672433509,70.05669434232587,70.67993927001953,394300,0.0,0.0
2023-06-07 00:00:00-04:00,70.84547535383544,71.76086944036727,70.5435932315385,71.75112915039062,455300,0.0,0.0
2023-06-08 00:00:00-04:00,71.39080902762454,72.49123141850885,71.17656723719878,71.82903289794922,359200,0.0,0.0
2023-06-09 00:00:00-04:00,71.60504890149659,71.78033695900197,70.68965488678361,71.29342651367188,536600,0.0,0.0
2023-06-12 00:00:00-04:00,71.40054270220054,71.71216506949578,70.90389200037698,71.2739486694336,420300,0.0,0.0
2023-06-13 00:00:00-04:00,71.43951202048889,71.92642254002348,70.96234179165116,71.08893585205078,313000,0.0,0.0
2023-06-14 00:00:00-04:00,71.06946055063952,71.46872330115538,70.16380671451245,70.73835754394531,411500,0.0,0.0
2023-06-15 00:00:00-04:00,70.45593995333103,71.32263995164548,70.25143845785205,71.29342651367188,489500,0.0,0.0
2023-06-16 00:00:00-04:00,71.71218165367321,71.97511749824777,69.86192016948806,70.22223663330078,1131600,0.0,0.0
2023-06-20 00:00:00-04:00,69.96903757233613,70.6409764418289,69.46265391988128,70.61176300048828,513500,0.0,0.0
2023-06-21 00:00:00-04:00,70.4462158546581,71.88747437312934,70.30988149300528,71.70244598388672,268200,0.0,0.0
2023-06-22 00:00:00-04:00,71.27395607888992,71.44924414306995,70.3683023189038,70.96233367919922,319900,0.0,0.0
2023-06-23 00:00:00-04:00,70.19299950260515,70.8551978914849,69.53080111372537,69.78399658203125,441900,0.0,0.0
2023-06-26 00:00:00-04:00,69.58923561340434,70.42672212149513,69.02441774894064,69.93981170654297,413500,0.0,0.0
2023-06-27 00:00:00-04:00,70.08589256545162,71.92641350368893,70.06641198650529,71.82903289794922,396200,0.0,0.0
2023-06-28 00:00:00-04:00,71.91667425938415,72.20882351051308,71.28368916838085,71.42976379394531,355200,0.0,0.0
2023-06-29 00:00:00-04:00,71.53688464143991,72.49123242209488,71.08892790510443,72.08222198486328,371500,0.0,0.0
2023-06-30 00:00:00-04:00,72.66652562463567,74.4778332772629,72.179615125105,74.02986907958984,805500,0.0,0.0
2023-07-03 00:00:00-04:00,74.01038189768234,74.08828934595695,73.15342225565108,73.7863998413086,255700,0.0,0.0
2023-07-05 00:00:00-04:00,73.19238418484171,74.92578424012305,72.65677970499004,74.40966033935547,665800,0.0,0.0
2023-07-06 00:00:00-04:00,73.91300570055284,74.30253553544273,72.46201468099326,73.67929077148438,401800,0.0,0.0
2023-07-07 00:00:00-04:00,73.66956064855077,75.68536983539087,73.66956064855077,74.80892944335938,353100,0.0,0.0
2023-07-10 00:00:00-04:00,74.65311934305791,75.821701538583,74.65311934305791,75.79248809814453,381000,0.0,0.0
2023-07-11 00:00:00-04:00,75.94828130103652,76.46440513078142,75.45163804769501,75.88985443115234,546800,0.0,0.0
2023-07-12 00:00:00-04:00,76.45469876641769,77.00977651165985,75.67563889289703,75.99700164794922,578200,0.0,0.0
2023-07-13 00:00:00-04:00,76.08461680717434,76.2306914138324,74.94524824863514,74.99394226074219,530200,0.0,0.0
2023-07-14 00:00:00-04:00,74.92580318748901,74.92580318748901,73.32873706327126,74.17595672607422,531500,0.0,0.0
2023-07-17 00:00:00-04:00,74.1564657469447,75.50033596366676,73.82536276534807,75.15950012207031,410900,0.0,0.0
2023-07-18 00:00:00-04:00,74.85762463660559,75.44191576387877,74.46809474186854,75.06212615966797,396500,0.0,0.0
2023-07-19 00:00:00-04:00,75.00369597738883,75.00369597738883,73.09500756067774,73.33846282958984,626500,0.0,0.0
2023-07-20 00:00:00-04:00,73.7669333341937,73.89352737678792,73.08526167458815,73.68902587890625,486800,0.0,0.0
2023-07-21 00:00:00-04:00,74.14673284231873,74.36097465827909,73.36767304422014,73.38715362548828,436000,0.0,0.0
2023-07-24 00:00:00-04:00,73.2021276310266,73.7669456315229,72.73469768070663,72.74443054199219,608300,0.0,0.0
2023-07-25 00:00:00-04:00,69.93981945296588,70.00798662142275,66.24903720728369,68.79071044921875,2728400,0.0,0.0
2023-07-26 00:00:00-04:00,68.58621166931576,70.09563715469567,68.31354298465307,68.61542510986328,1234200,0.0,0.0
2023-07-27 00:00:00-04:00,69.15104093204215,69.15104093204215,68.05061829362477,68.07009887695312,1014700,0.0,0.0
2023-07-28 00:00:00-04:00,68.35249181227206,68.8686157040278,67.33971717784061,68.2843246459961,513100,0.0,0.0
2023-07-31 00:00:00-04:00,68.54725716614482,68.85887957791358,68.03113324318385,68.82966613769531,590000,0.0,0.0
2023-08-01 00:00:00-04:00,68.22588201542881,69.36525798369289,68.04086111791858,68.65436553955078,423900,0.0,0.0
2023-08-02 00:00:00-04:00,68.11877687688222,68.23563807310333,66.07375423583345,66.51197814941406,540200,0.0,0.0
2023-08-03 00:00:00-04:00,66.78026754306354,66.92661001898266,65.21929850093062,66.34124755859375,910100,0.125,0.0
2023-08-04 00:00:00-04:00,66.83880146717054,67.76562463806631,66.26318977829919,66.33148193359375,731700,0.0,0.0
2023-08-07 00:00:00-04:00,66.0778194592651,67.590004792283,65.8924518762473,67.19001007080078,816500,0.0,0.0
2023-08-08 00:00:00-04:00,66.51684913668514,66.60465014583049,65.62904368002009,65.99002075195312,607900,0.0,0.0
2023-08-09 00:00:00-04:00,65.87294283710376,66.64367280951315,65.58026537425974,66.46806335449219,562300,0.0,0.0
2023-08-10 00:00:00-04:00,66.41928359372643,66.9753789280482,65.79489611109447,65.93148040771484,295900,0.0,0.0
2023-08-11 00:00:00-04:00,66.03881514693332,66.69246980245003,65.59003699046119,66.54612731933594,343900,0.0,0.0
2023-08-14 00:00:00-04:00,66.24368837724892,67.69734009966746,66.14612920774944,67.4241714477539,570400,0.0,0.0
2023-08-15 00:00:00-04:00,67.99977033015381,68.78025851042375,67.30709060572553,67.31684875488281,754300,0.0,0.0
2023-08-16 00:00:00-04:00,67.1900265062773,67.99002358821605,67.09245989559008,67.49246215820312,434600,0.0,0.0
2023-08-17 00:00:00-04:00,68.72173062715439,69.77538008815654,68.21441103177595,68.47782897949219,675400,0.0,0.0
2023-08-18 00:00:00-04:00,68.06805488578985,69.26805402636286,67.9802538830408,69.1314697265625,460000,0.0,0.0
2023-08-21 00:00:00-04:00,69.18026025452112,69.81439852275346,68.7997668729801,69.511962890625,472500,0.0,0.0
2023-08-22 00:00:00-04:00,69.88269219477017,70.96561602505838,69.54123140217638,70.52659606933594,599400,0.0,0.0
2023-08-23 00:00:00-04:00,70.69245110594808,71.05342821610957,70.09733050331593,70.35099029541016,564500,0.0,0.0
2023-08-24 00:00:00-04:00,70.11684642343148,70.29245590265585,68.90708892509146,68.92660522460938,296000,0.0,0.0
2023-08-25 00:00:00-04:00,69.13147446768798,69.89244631684588,68.58513723101801,69.26805877685547,315000,0.0,0.0
2023-08-28 00:00:00-04:00,69.24854424808501,70.61438722783568,69.05341850577348,70.26316833496094,302400,0.0,0.0
2023-08-29 00:00:00-04:00,69.93146771789577,70.93634112857112,69.93146771789577,70.8973159790039,231300,0.0,0.0
2023-08-30 00:00:00-04:00,71.1314639758144,71.78511845701644,70.7704869395023,71.40463256835938,256700,0.0,0.0
2023-08-31 00:00:00-04:00,71.61926492459753,72.058284799869,71.23877160453374,71.51194763183594,338400,0.0,0.0
2023-09-01 00:00:00-04:00,72.04854293542428,72.45829590405378,71.84366645110953,72.18512725830078,346000,0.0,0.0
2023-09-05 00:00:00-04:00,71.81438664157592,71.81438664157592,69.59000527326873,70.61438751220703,446400,0.0,0.0
2023-09-06 00:00:00-04:00,70.5948793619728,71.35585115940907,69.98025001249414,70.22415161132812,351200,0.0,0.0
2023-09-07 00:00:00-04:00,69.99976613898026,70.56561969346122,69.45342888267417,69.511962890625,480600,0.0,0.0
2023-09-08 00:00:00-04:00,69.51196788930895,69.53147674559985,68.13635905724783,68.19490051269531,376100,0.0,0.0
2023-09-11 00:00:00-04:00,68.37050290532686,69.3070842192412,68.19489344376251,68.52659606933594,455200,0.0,0.0
2023-09-12 00:00:00-04:00,68.01928357589928,68.67293811765066,67.950991421437,68.18513488769531,434800,0.0,0.0
2023-09-13 00:00:00-04:00,67.96074728759618,68.13634929892713,66.22416159492016,66.47782135009766,513800,0.0,0.0
2023-09-14 00:00:00-04:00,66.77051479368546,67.36563538580563,66.17539420156528,66.7997817993164,660600,0.0,0.0
2023-09-15 00:00:00-04:00,66.39002476856244,67.01441232807963,65.88270522440045,66.63392639160156,1409600,0.0,0.0
2023-09-18 00:00:00-04:00,66.85830874123563,67.44367112182242,66.09733690214416,67.13147735595703,705300,0.0,0.0
2023-09-19 00:00:00-04:00,67.12173653574699,67.3363637337176,66.4973489120618,67.024169921875,445900,0.0,0.0
2023-09-20 00:00:00-04:00,67.33635900667589,67.65831094596204,66.05831684217806,66.16563415527344,561300,0.0,0.0
2023-09-21 00:00:00-04:00,65.92174047195596,65.92174047195596,64.26321215863227,64.35101318359375,528300,0.0,0.0
2023-09-22 00:00:00-04:00,64.41929866913955,64.63393329894502,63.560767593204886,63.76564407348633,276700,0.0,0.0
2023-09-25 00:00:00-04:00,63.39491997902339,64.60467007577283,63.27784450774275,64.48759460449219,420300,0.0,0.0
2023-09-26 00:00:00-04:00,64.22418153337004,64.68271780679763,63.39491744729055,63.53150177001953,569500,0.0,0.0
2023-09-27 00:00:00-04:00,63.99978710052711,64.7119831449348,63.44369167423672,64.33149719238281,475700,0.0,0.0
2023-09-28 00:00:00-04:00,63.85343169882184,65.19001505840934,63.85343169882184,64.22416687011719,431600,0.0,0.0
2023-09-29 00:00:00-04:00,64.59490108887879,65.00465400468715,63.36563489816726,63.551002502441406,451400,0.0,0.0
2023-10-02 00:00:00-04:00,63.43393117235889,63.73637424792339,62.44857396936181,62.80954360961914,565100,0.0,0.0
2023-10-03 00:00:00-04:00,62.39003427865431,64.22417547778296,62.068082358312,63.99002456665039,614100,0.0,0.0
2023-10-04 00:00:00-04:00,63.51199487812134,65.17053073923303,63.36565238401025,64.5168685913086,652200,0.0,0.0
2023-10-05 00:00:00-04:00,64.55587873515474,65.2680747377319,64.55587873515474,64.86807250976562,570800,0.0,0.0
2023-10-06 00:00:00-04:00,64.78026693866202,65.95099165020306,64.47782389093975,65.81440734863281,541000,0.0,0.0
2023-10-09 00:00:00-04:00,66.23391635984675,66.56562639863951,65.02416653610727,65.55099487304688,497000,0.0,0.0
2023-10-10 00:00:00-04:00,65.95098934434384,66.94611201331858,65.65831189833462,66.65342712402344,489700,0.0,0.0
2023-10-11 00:00:00-04:00,67.60953423054688,67.8436777092083,66.50709410874578,67.64855194091797,631800,0.0,0.0
2023-10-12 00:00:00-04:00,67.83392520454552,67.83392520454552,65.15100707442116,65.94124603271484,490300,0.0,0.0
2023-10-13 00:00:00-04:00,65.93148570830341,65.93148570830341,64.47782673795551,64.58514404296875,503800,0.0,0.0
2023-10-16 00:00:00-04:00,65.36563770147443,65.63880633974867,64.89734329065632,65.0534439086914,390300,0.0,0.0
2023-10-17 00:00:00-04:00,64.83881627317015,66.25345036434949,64.83881627317015,65.44369506835938,433900,0.0,0.0
2023-10-18 00:00:00-04:00,65.27783182526683,65.7558769066483,64.46807667690575,64.55587768554688,346800,0.0,0.0
2023-10-19 00:00:00-04:00,64.33149130195385,64.80953637541401,63.160759103132065,63.336368560791016,514000,0.0,0.0
2023-10-20 00:00:00-04:00,63.08272164004168,63.629058913582135,62.57540207750803,63.258323669433594,523000,0.0,0.0
2023-10-23 00:00:00-04:00,63.15100127917731,64.02904102520876,62.721732110336596,63.31685256958008,659200,0.0,0.0
2023-10-24 00:00:00-04:00,59.36565387798449,60.536382419190254,57.892489704437274,58.46809768676758,2141800,0.0,0.0
2023-10-25 00:00:00-04:00,59.014440781403884,59.248584265055534,57.37542150926804,58.370540618896484,1135900,0.0,0.0
2023-10-26 00:00:00-04:00,58.165659129238776,58.897364012306106,57.999807808799055,58.429073333740234,674700,0.0,0.0
2023-10-27 00:00:00-04:00,58.5558975295089,58.9754085860816,57.970531446977084,58.15589904785156,542200,0.0,0.0
2023-10-30 00:00:00-04:00,58.28273571952749,60.04858115636372,57.765661728089036,59.27785110473633,606100,0.0,0.0
2023-10-31 00:00:00-04:00,59.09248622330147,60.81931019874512,58.58517038969852,60.40955352783203,802900,0.0,0.0
2023-11-01 00:00:00-04:00,60.52662790522918,61.03394372974802,60.00955393162997,61.00467300415039,598600,0.0,0.0
2023-11-02 00:00:00-04:00,61.61565317415547,63.13087532718781,61.61565317415547,62.95491409301758,701300,0.125,0.0
2023-11-03 00:00:00-04:00,63.658753187437014,63.92269128537118,62.12397951267263,62.1533088684082,600200,0.0,0.0
2023-11-06 00:00:00-05:00,62.30972105008615,62.68119516256635,61.72318238894401,62.280391693115234,386600,0.0,0.0
2023-11-07 00:00:00-05:00,62.05555747042855,62.59321515017371,61.4787964647496,62.163089752197266,350100,0.0,0.0
2023-11-08 00:00:00-05:00,62.22174202162519,62.65186367170426,61.449468149128826,62.53456115722656,340700,0.0,0.0
2023-11-09 00:00:00-05:00,63.32637770857946,63.45346536631456,62.319491432472034,62.38792037963867,371400,0.0,0.0
2023-11-10 00:00:00-05:00,62.81805361921784,63.44369188001296,62.10443101583158,63.43391418457031,382400,0.0,0.0
2023-11-13 00:00:00-05:00,63.27749934651779,64.75361044592069,63.013553814490045,64.11819458007812,493100,0.0,0.0
2023-11-14 00:00:00-05:00,64.97845768070017,65.7311761005426,64.70474189166657,65.32060241699219,577000,0.0,0.0
2023-11-15 00:00:00-05:00,65.59432221101987,66.01467361504285,65.04689059952811,65.09576416015625,420700,0.0,0.0
2023-11-16 00:00:00-05:00,65.09576658959652,65.4281411219756,64.19641249195344,64.34304809570312,382100,0.0,0.0
2023-11-17 00:00:00-05:00,64.73406028448872,65.11530829921274,64.06931881760156,64.53854370117188,381500,0.0,0.0
2023-11-20 00:00:00-05:00,64.72426978386768,65.47699542885535,64.12795737458421,65.44766235351562,288900,0.0,0.0
2023-11-21 00:00:00-05:00,65.08598999800257,65.65297696611107,64.67541631414298,65.1544189453125,355700,0.0,0.0
2023-11-22 00:00:00-05:00,65.31082389276479,65.89736624261182,64.72428900111353,65.72140502929688,272700,0.0,0.0
2023-11-24 00:00:00-05:00,65.98535058217779,66.22974076951918,65.49657020749498,66.21996307373047,105300,0.0,0.0
2023-11-27 00:00:00-05:00,65.99511981603459,66.4252414190313,65.50633950402347,66.12220001220703,405800,0.0,0.0
2023-11-28 00:00:00-05:00,66.63054116234207,67.15841737927165,66.03422853626634,66.37637329101562,484400,0.0,0.0
2023-11-29 00:00:00-05:00,66.88470612094416,67.36371626834287,66.03423302394027,66.2004165649414,468200,0.0,0.0
2023-11-30 00:00:00-05:00,66.5425570360622,67.89158812695197,66.33727018254831,67.75473022460938,498600,0.0,0.0
2023-12-01 00:00:00-05:00,67.98934648807023,70.0422223704075,67.95024316691574,69.85648345947266,640100,0.0,0.0
2023-12-04 00:00:00-05:00,69.5729833437497,70.59942491618617,69.41657753223468,70.28660583496094,519100,0.0,0.0
2023-12-05 00:00:00-05:00,70.05198724871616,70.05198724871616,68.45855890053282,68.48788452148438,456100,0.0,0.0
2023-12-06 00:00:00-05:00,68.9766765017923,69.77827592977542,68.83004837207257,69.26016998291016,403100,0.0,0.0
2023-12-07 00:00:00-05:00,69.25038869774663,69.59254087120851,68.693179459114,68.70295715332031,272300,0.0,0.0
2023-12-08 00:00:00-05:00,68.6052136744012,69.79783898168829,68.6052136744012,69.75873565673828,334200,0.0,0.0
2023-12-11 00:00:00-05:00,69.29925906099237,70.08131039701544,69.29925906099237,69.6902847290039,413100,0.0,0.0
2023-12-12 00:00:00-05:00,69.79782379090763,71.42057040307739,69.06465338860438,71.25438690185547,603100,0.0,0.0
2023-12-13 00:00:00-05:00,71.0002323885905,72.32971556407061,70.72651658037927,72.05599975585938,540600,0.0,0.0
2023-12-14 00:00:00-05:00,72.36881175617357,72.80871851161601,69.93468789222983,70.775390625,623600,0.0,0.0
2023-12-15 00:00:00-05:00,70.49189093549745,72.17329625282485,70.42346199621994,70.9220199584961,1326800,0.0,0.0
2023-12-18 00:00:00-05:00,71.0197735655659,71.67473732672825,70.69717680265492,71.32281494140625,433500,0.0,0.0
2023-12-19 00:00:00-05:00,71.64540644340866,72.71094375647282,71.64540644340866,72.23194122314453,333200,0.0,0.0
2023-12-20 00:00:00-05:00,71.938678998471,72.19284683578573,70.35503564320646,70.38436126708984,444500,0.0,0.0
2023-12-21 00:00:00-05:00,71.20552027217492,71.7334039634262,70.5505563704766,71.65520477294922,474400,0.0,0.0
2023-12-22 00:00:00-05:00,72.17331509531891,72.54478551149266,71.73340826380574,71.97779846191406,208700,0.0,0.0
2023-12-26 00:00:00-05:00,72.03643804380745,73.17040438351776,71.63563464545282,72.70117950439453,197100,0.0,0.0
2023-12-27 00:00:00-05:00,72.63275490765955,72.93579630430159,72.24172917955003,72.3590316772461,218600,0.0,0.0
2023-12-28 00:00:00-05:00,72.26128262279042,72.55455380579592,71.88981225475331,72.28083801269531,198200,0.0,0.0
2023-12-29 00:00:00-05:00,72.38836393070927,72.57409536933243,71.9484571948016,72.0950927734375,213200,0.0,0.0
2024-01-02 00:00:00-05:00,71.65520249808637,72.25151512344648,70.59943514910162,71.07843780517578,263500,0.0,0.0
2024-01-03 00:00:00-05:00,70.56031873841995,70.56031873841995,69.26993914840025,69.3285903930664,329000,0.0,0.0
2024-01-04 00:00:00-05:00,69.66097880065954,69.9444723036502,68.98645951912326,69.68052673339844,383800,0.0,0.0
2024-01-05 00:00:00-05:00,69.73916906364335,70.21817912369478,69.19173751866505,69.86625671386719,563100,0.0,0.0
2024-01-08 00:00:00-05:00,69.22105819323322,69.54365495553938,68.53676881094277,68.99622344970703,507400,0.0,0.0
2024-01-09 00:00:00-05:00,68.36082855098574,69.12332479850177,67.92092916455638,68.9669189453125,307000,0.0,0.0
2024-01-10 00:00:00-05:00,70.4821230512007,70.55055200000183,69.06466305823615,69.50456237792969,482000,0.0,0.0
2024-01-11 00:00:00-05:00,69.55342610983739,70.38435098398166,68.83980371408879,70.25727081298828,410800,0.0,0.0
2024-01-12 00:00:00-05:00,70.5407737030857,70.95134734897978,69.94446116387019,70.12042236328125,314600,0.0,0.0
2024-01-16 00:00:00-05:00,69.29927689189509,69.59254808291183,67.60810107052767,69.15264129638672,569100,0.0,0.0
2024-01-17 00:00:00-05:00,68.03821752729542,69.68051966401131,68.03821752729542,69.56321716308594,458000,0.0,0.0
2024-01-18 00:00:00-05:00,69.96402756015377,70.31595005186408,69.07445109258398,69.63166046142578,649200,0.0,0.0
2024-01-19 00:00:00-05:00,69.83692741068381,69.94445966681096,69.13308262810435,69.64141082763672,409900,0.0,0.0
2024-01-22 00:00:00-05:00,69.72940377284138,70.43324864241335,69.67074506157974,69.90536499023438,627400,0.0,0.0
2024-01-23 00:00:00-05:00,70.29638758077303,70.83404144545322,69.80760727204796,70.3941421508789,534300,0.0,0.0
2024-01-24 00:00:00-05:00,70.82426510331112,70.87314611839521,69.73917220056691,70.04222106933594,676600,0.0,0.0
2024-01-25 00:00:00-05:00,64.12797865263205,69.05488533918763,63.28727587725573,64.13775634765625,3568600,0.0,0.0
2024-01-26 00:00:00-05:00,64.48966804991512,66.32747912410423,64.48966804991512,65.45745086669922,1673800,0.0,0.0
2024-01-29 00:00:00-05:00,65.3597052224091,65.64319870401343,64.61675704503901,65.27172088623047,1096200,0.0,0.0
2024-01-30 00:00:00-05:00,64.37235718744141,64.86113743557414,63.375248762856316,64.52877044677734,2051600,0.0,0.0
2024-01-31 00:00:00-05:00,64.81226879510936,66.06354513180028,64.28438519215626,64.9002456665039,1433200,0.0,0.0
2024-02-01 00:00:00-05:00,65.10553925976114,66.29816447284291,64.81227553309589,65.9657974243164,1054000,0.0,0.0
2024-02-02 00:00:00-05:00,65.62363976875686,67.65696758738027,65.5747662141391,67.37347412109375,670600,0.0,0.0
2024-02-05 00:00:00-05:00,66.57188673029101,67.5690028890599,66.45458421151592,67.19752502441406,675000,0.0,0.0
2024-02-06 00:00:00-05:00,67.29527062283016,67.63742281209113,67.08998378419105,67.5494384765625,642200,0.0,0.0
2024-02-07 00:00:00-05:00,68.35103611641368,69.19173883834804,67.65696897773682,68.84959411621094,679300,0.0,0.0
2024-02-08 00:00:00-05:00,68.81039682961512,70.67172745246297,68.60467187551639,70.04475402832031,963900,0.15,0.0
2024-02-09 00:00:00-05:00,70.1721139047648,71.49464337147515,69.8194403768572,71.4064712524414,995000,0.0,0.0
2024-02-12 00:00:00-05:00,71.5044259000722,71.76893475139345,70.92643781048828,70.98521423339844,709100,0.0,0.0
2024-02-13 00:00:00-05:00,70.31905694229329,70.94603039296297,69.17287180348588,69.79004669189453,717300,0.0,0.0
2024-02-14 00:00:00-05:00,70.63254734066078,72.43510171065734,70.63254734066078,72.11181640625,739300,0.0,0.0
2024-02-15 00:00:00-05:00,72.38612009806445,74.52175097108864,72.26855976110494,72.8857421875,970200,0.0,0.0
2024-02-16 00:00:00-05:00,73.32656933484158,74.30621623971352,72.47428131103516,72.47428131103516,1141000,0.0,0.0
2024-02-20 00:00:00-05:00,71.71017355812253,72.70941790863691,70.65216024020428,70.92646026611328,913200,0.0,0.0
2024-02-21 00:00:00-05:00,71.11258196114613,72.2097894433216,70.76970695862708,71.43586730957031,660200,0.0,0.0
2024-02-22 00:00:00-05:00,70.75010909624807,71.46524723651687,70.20150915586504,71.04399871826172,940500,0.0,0.0
2024-02-23 00:00:00-05:00,71.06360291259354,72.24897502974719,70.82848969677418,72.22938537597656,640300,0.0,0.0
2024-02-26 00:00:00-05:00,72.07263474425241,73.17963324425827,71.9942611847527,72.75838470458984,825100,0.0,0.0
2024-02-27 00:00:00-05:00,73.02290125207404,74.17888521644127,72.90534090050431,74.03193664550781,907200,0.0,0.0
2024-02-28 00:00:00-05:00,73.82619965800896,74.31602316557318,73.06207618206695,73.16983795166016,908100,0.0,0.0
2024-02-29 00:00:00-05:00,73.74782933157722,73.91436753765258,72.71920440512889,72.94451904296875,818000,0.0,0.0
2024-03-01 00:00:00-05:00,72.97390612469444,73.6596635391159,72.63103115454061,73.43434143066406,473500,0.0,0.0
2024-03-04 00:00:00-05:00,74.30623247449074,74.97239281431402,73.81640891503581,74.47277069091797,453100,0.0,0.0
2024-03-05 00:00:00-05:00,74.38460414590257,74.69809091701597,73.31678492691012,73.90457916259766,340400,0.0,0.0
2024-03-06 00:00:00-05:00,74.2572497755725,75.05076149858695,74.10050265916212,74.49236297607422,363000,0.0,0.0
2024-03-07 00:00:00-05:00,74.67850120594899,75.52099082994644,74.67850120594899,75.4818115234375,401500,0.0,0.0
2024-03-08 00:00:00-05:00,75.43282549004806,75.51119905057836,74.02213129695922,74.45317840576172,359800,0.0,0.0
2024-03-11 00:00:00-04:00,73.82620469921088,74.31602824022256,72.75838549326608,72.8465576171875,396400,0.0,0.0
2024-03-12 00:00:00-04:00,72.46449856845071,72.68981322025498,71.26932788773959,71.2889175415039,605900,0.0,0.0
2024-03-13 00:00:00-04:00,71.2889119079901,72.24896929709031,71.10278405253734,71.2203369140625,996100,0.0,0.0
2024-03-14 00:00:00-04:00,71.23013996663352,71.46525317861604,69.08471041921452,69.8684310913086,581300,0.0,0.0
2024-03-15 00:00:00-04:00,69.3981869594347,70.2994678416699,69.35900765831039,69.54513549804688,1726000,0.0,0.0
2024-03-18 00:00:00-04:00,69.76066737832835,71.02441300313998,69.08470850423716,70.57377624511719,900100,0.0,0.0
2024-03-19 00:00:00-04:00,70.691337219117,71.32810184487701,70.50520188130857,70.66194152832031,379700,0.0,0.0
2024-03-20 00:00:00-04:00,70.54439230302077,71.99426587770549,70.03497160718004,71.43586730957031,402700,0.0,0.0
2024-03-21 00:00:00-04:00,71.87669962659103,71.87669962659103,70.24068353488481,70.42681884765625,599500,0.0,0.0
2024-03-22 00:00:00-04:00,70.65215522776184,70.9068581056844,70.26029487250031,70.61296844482422,596400,0.0,0.0
2024-03-25 00:00:00-04:00,71.36728447443905,71.72975656537565,70.79908740457527,71.4064712524414,557900,0.0,0.0
2024-03-26 00:00:00-04:00,71.65138962142517,72.07263818118167,70.71092928492293,70.95584106445312,485100,0.0,0.0
2024-03-27 00:00:00-04:00,71.41627681618492,71.768950378664,70.7305193450914,71.31831359863281,763400,0.0,0.0
2024-03-28 00:00:00-04:00,71.27913727442044,71.9452977152698,71.27913727442044,71.36730194091797,427200,0.0,0.0
2024-04-01 00:00:00-04:00,71.23013857468545,71.23013857468545,69.74107829574237,70.32886505126953,547500,0.0,0.0
2024-04-02 00:00:00-04:00,69.83903516155836,70.2896718823074,69.37859987810879,69.53534698486328,463200,0.0,0.0
2024-04-03 00:00:00-04:00,69.37859929615688,70.2700816415901,69.31982286867367,69.4765625,648800,0.0,0.0
2024-04-04 00:00:00-04:00,70.16233465496767,70.68154647141131,69.09451532803315,69.38841247558594,692400,0.0,0.0
2024-04-05 00:00:00-04:00,69.38840930043371,70.61296823567736,69.18268429620652,70.58358001708984,857100,0.0,0.0
2024-04-08 00:00:00-04:00,70.89705970261129,71.42607000653055,70.02517442599822,70.03496551513672,488600,0.0,0.0
2024-04-09 00:00:00-04:00,69.68229191160025,70.44642288815166,69.02593018249246,69.70188903808594,996000,0.0,0.0
2024-04-10 00:00:00-04:00,61.815727626670316,63.86319385653632,59.9641952921173,61.071197509765625,5754600,0.0,0.0
2024-04-11 00:00:00-04:00,61.35529258104296,62.6876130973362,61.306310978514446,62.374122619628906,1997500,0.0,0.0
2024-04-12 00:00:00-04:00,62.27616602000326,62.648432965407224,60.796900539223586,61.28672409057617,1780500,0.0,0.0
2024-04-15 00:00:00-04:00,61.296520777765046,62.109629691477174,59.73888168770421,60.24829864501953,1349000,0.0,0.0
2024-04-16 00:00:00-04:00,60.454018353377585,60.79689706194773,59.62131985852719,60.54218673706055,1560500,0.0,0.0
2024-04-17 00:00:00-04:00,60.757716217640805,61.169166223644694,60.16992568999018,60.640159606933594,1182700,0.0,0.0
2024-04-18 00:00:00-04:00,60.59116776701843,61.149566279359455,60.120937637523724,60.15032958984375,883400,0.0,0.0
2024-04-19 00:00:00-04:00,60.14053088689254,61.32590290247053,60.14053088689254,60.454017639160156,1082300,0.0,0.0
2024-04-22 00:00:00-04:00,60.640155564171835,61.404279088412004,60.11114524567155,61.247535705566406,1339800,0.0,0.0
2024-04-23 00:00:00-04:00,62.69740971433036,63.814206726937776,61.18875239618565,62.276161193847656,2795000,0.0,0.0
2024-04-24 00:00:00-04:00,62.68762000412169,62.86395304524098,61.159369172278325,61.952884674072266,1538900,0.0,0.0
2024-04-25 00:00:00-04:00,61.22794141509458,63.0696752021796,60.65974432497515,62.873748779296875,2011300,0.0,0.0
2024-04-26 00:00:00-04:00,62.75619343019122,63.53011556809819,62.49169199086039,62.854164123535156,994900,0.0,0.0
2024-04-29 00:00:00-04:00,63.01090345954124,64.12770059613784,62.8835520226011,64.09831237792969,1131300,0.0,0.0
2024-04-30 00:00:00-04:00,65.52859164271156,65.95963874344108,62.68761739372348,62.90313720703125,1715800,0.0,0.0
2024-05-01 00:00:00-04:00,63.422347618018236,65.68533737498899,63.422347618018236,64.94080352783203,1642300,0.0,0.0
2024-05-02 00:00:00-04:00,65.53974662025254,66.92418531311063,65.53974662025254,66.63944244384766,1560900,0.15,0.0
2024-05-03 00:00:00-04:00,68.0140542756349,68.0140542756349,66.79653895738443,66.92418670654297,1255800,0.0,0.0
2024-05-06 00:00:00-04:00,67.37584782831418,69.31012330365833,67.37584782831418,69.12357330322266,1234800,0.0,0.0
2024-05-07 00:00:00-04:00,68.6424495101315,70.1643416135097,68.6424495101315,69.88941955566406,1305000,0.0,0.0
2024-05-08 00:00:00-04:00,71.13639304254802,71.95134596134692,70.41963299864219,71.33277130126953,1463300,0.0,0.0
2024-05-09 00:00:00-04:00,71.18549085492947,72.088808389302,71.00875416419878,71.95134735107422,1027800,0.0,0.0
2024-05-10 00:00:00-04:00,72.24591404382315,72.24591404382315,70.66510454652207,70.72401428222656,1036300,0.0,0.0
2024-05-13 00:00:00-04:00,71.11676919607356,71.62733776009226,70.21345154915899,70.23308563232422,735100,0.0,0.0
2024-05-14 00:00:00-04:00,70.84184572016528,71.5389717706149,70.72401875024747,71.45059967041016,625200,0.0,0.0
2024-05-15 00:00:00-04:00,71.65679380802861,71.91207432201331,71.10694214399344,71.35240936279297,438700,0.0,0.0
2024-05-16 00:00:00-04:00,71.34259162232244,71.51932081742387,70.90074616137522,71.12657928466797,602200,0.0,0.0
2024-05-17 00:00:00-04:00,71.19531015881141,71.46041144385669,70.63564523165839,70.66510009765625,469500,0.0,0.0
2024-05-20 00:00:00-04:00,70.9302080336497,70.9302080336497,69.81087807438692,70.08580017089844,891100,0.0,0.0
2024-05-21 00:00:00-04:00,69.94833010242439,70.21343886920565,68.94682723841521,69.13338470458984,868800,0.0,0.0
2024-05-22 00:00:00-04:00,68.8977406312626,70.10544270441295,68.8879273355851,69.9974365234375,681000,0.0,0.0
2024-05-23 00:00:00-04:00,70.41962452283816,70.41962452283816,67.3954671221002,67.66057586669922,815000,0.0,0.0
2024-05-24 00:00:00-04:00,68.18098706825616,69.60469414920755,68.09261496120246,69.251220703125,610900,0.0,0.0
2024-05-28 00:00:00-04:00,69.32974569173213,69.32974569173213,68.01403781076982,68.47551727294922,511000,0.0,0.0
2024-05-29 00:00:00-04:00,67.69984915391295,68.09259816278767,66.74744273305193,66.7965316772461,509600,0.0,0.0
2024-05-30 00:00:00-04:00,67.03218009096945,68.18097228722277,66.76707880941223,67.78822326660156,503900,0.0,0.0
2024-05-31 00:00:00-04:00,67.82749892340061,68.09260020497985,66.85544341179292,67.62130737304688,860700,0.0,0.0
2024-06-03 00:00:00-04:00,68.57371369839417,68.57371369839417,65.94231249422326,67.12055206298828,779100,0.0,0.0
2024-06-04 00:00:00-04:00,66.8849034849713,67.11072910766886,65.53974056975281,65.62810516357422,708300,0.0,0.0
2024-06-05 00:00:00-04:00,65.82448761925122,66.95363827809024,65.55937883871667,66.64925384521484,530300,0.0,0.0
2024-06-06 00:00:00-04:00,66.276134404921,66.61978693695606,64.97024729212437,65.29426574707031,804800,0.0,0.0
2024-06-07 00:00:00-04:00,64.68551865246117,65.66738752540053,64.68551865246117,65.38264465332031,576400,0.0,0.0
2024-06-10 00:00:00-04:00,64.84261322393183,65.22554143758964,64.54804960216548,65.00952911376953,736700,0.0,0.0
2024-06-11 00:00:00-04:00,64.55787781180254,64.83279989516834,63.44836869220056,63.6741943359375,706800,0.0,0.0
2024-06-12 00:00:00-04:00,64.32222705569808,64.32222705569808,63.3109033923092,63.46799850463867,1124000,0.0,0.0
2024-06-13 00:00:00-04:00,63.24217632950853,63.78219970326876,61.6417253070623,62.27994155883789,1811900,0.0,0.0
2024-06-14 00:00:00-04:00,61.67118196379759,61.67118196379759,60.51257645596875,61.121334075927734,1422100,0.0,0.0
2024-06-17 00:00:00-04:00,60.87586730704979,62.49595237069227,60.87586730704979,62.476314544677734,1176600,0.0,0.0
2024-06-18 00:00:00-04:00,62.338854982327604,62.7512381017882,61.975560810765735,62.11302185058594,712200,0.0,0.0
2024-06-20 00:00:00-04:00,61.94610635402067,63.39927181329374,61.79882452721949,63.30108642578125,871100,0.0,0.0
2024-06-21 00:00:00-04:00,64.08657981671006,64.3124129598132,63.134173276059514,63.870574951171875,1994200,0.0,0.0
2024-06-24 00:00:00-04:00,63.949114281429964,64.8524392993736,62.14247922767208,62.49595260620117,1415700,0.0,0.0
2024-06-25 00:00:00-04:00,61.867552837638755,62.24066403881687,60.7187681135416,61.789005279541016,1035400,0.0,0.0
2024-06-26 00:00:00-04:00,61.23915710358888,61.60245126287598,60.90532155579108,61.43553161621094,661100,0.0,0.0
2024-06-27 00:00:00-04:00,61.56317796506219,62.51558820756547,60.95442032363754,62.466495513916016,838700,0.0,0.0
2024-06-28 00:00:00-04:00,62.44685392989357,62.79051025582669,61.06241907729929,61.31770706176758,1517400,0.0,0.0
2024-07-01 00:00:00-04:00,61.69082256331129,62.39776559889144,61.1998881309903,61.35698699951172,1104000,0.0,0.0
2024-07-02 00:00:00-04:00,61.190066805300624,63.01634347671666,60.875869071028234,62.63341522216797,890800,0.0,0.0
2024-07-03 00:00:00-04:00,62.721780962746884,63.60546064909373,62.486130799068356,63.566184997558594,438200,0.0,0.0
2024-07-05 00:00:00-04:00,63.497455420979456,63.72328854788651,63.13416874825963,63.644737243652344,573400,0.0,0.0
2024-07-08 00:00:00-04:00,63.84111120339728,64.53824469948133,63.536734248110626,63.58583068847656,620900,0.0,0.0
2024-07-09 00:00:00-04:00,63.792020575280624,63.80184136130837,62.92797119039568,62.94761276245117,506300,0.0,0.0
2024-07-10 00:00:00-04:00,63.01633754278392,63.42872062560972,62.682502013363575,63.27162551879883,698800,0.0,0.0
2024-07-11 00:00:00-04:00,64.1062141977303,64.53823886246889,63.62510058813055,64.41059112548828,742500,0.0,0.0
2024-07-12 00:00:00-04:00,65.29427209951511,66.1975895547658,64.89170231492011,65.51028442382812,1097500,0.0,0.0
2024-07-15 00:00:00-04:00,66.27614511567326,66.95363699621859,65.58883994052916,66.53143310546875,1338100,0.0,0.0
2024-07-16 00:00:00-04:00,66.87508670876915,68.27915943737315,66.72780488583997,67.77840423583984,903200,0.0,0.0
2024-07-17 00:00:00-04:00,67.5525757889772,67.98459296291276,66.52161056243257,66.70816802978516,1195400,0.0,0.0
2024-07-18 00:00:00-04:00,64.20440634773806,65.78521586558432,61.2587996671895,61.51408767700195,2422000,0.0,0.0
2024-07-19 00:00:00-04:00,61.4355343649984,62.46649592047674,60.69913271886637,61.67118453979492,1451400,0.0,0.0
2024-07-22 00:00:00-04:00,61.77919076930646,63.38945520196888,61.77919076930646,63.17344284057617,1391200,0.0,0.0
2024-07-23 00:00:00-04:00,63.09489234939991,64.19458063140445,62.89851409113868,63.0850715637207,749300,0.0,0.0
2024-07-24 00:00:00-04:00,62.8396074627611,63.212714935287856,60.286749907799425,60.375118255615234,748200,0.0,0.0
2024-07-25 00:00:00-04:00,60.73840385678156,62.2308448647872,60.47329883441883,61.111515045166016,895200,0.0,0.0
2024-07-26 00:00:00-04:00,61.779190801032364,62.83961103510546,61.6417297511783,62.505775451660156,839300,0.0,0.0
2024-07-29 00:00:00-04:00,62.584320042019186,64.06694030761719,62.093385633531696,64.06694030761719,1038200,0.0,0.0
2024-07-30 00:00:00-04:00,64.2338512748429,65.03898334327758,63.61527666444466,64.30258178710938,793200,0.0,0.0
2024-07-31 00:00:00-04:00,65.09790119672508,66.09940402681532,64.09639087557073,65.00952911376953,681800,0.0,0.0
2024-08-01 00:00:00-04:00,64.92116534116619,65.99139869769945,62.15229198213147,63.27162551879883,918400,0.0,0.0
2024-08-02 00:00:00-04:00,61.933171239743274,62.100476589444135,59.512139238958014,61.22457504272461,1161200,0.15,0.0
2024-08-05 00:00:00-04:00,58.67559707617779,60.54550190633323,58.43940086339735,59.964847564697266,900900,0.0,0.0
2024-08-06 00:00:00-04:00,60.260093925162884,61.293460789766115,59.67943959106834,59.886112213134766,776100,0.0,0.0
2024-08-07 00:00:00-04:00,60.64391597671949,61.83475199458378,60.40771976546801,60.52581787109375,770300,0.0,0.0
2024-08-08 00:00:00-04:00,61.11631191401077,61.94300615869376,60.88011570368482,60.89979934692383,760200,0.0,0.0
2024-08-09 00:00:00-04:00,61.13600197208659,61.91348906738723,60.91948938228156,61.17536926269531,495700,0.0,0.0
2024-08-12 00:00:00-04:00,61.21473399941793,61.36235570163464,60.18136706681573,60.29946517944336,454800,0.0,0.0
2024-08-13 00:00:00-04:00,60.634082324214965,61.36235843113008,59.85659522676731,60.988380432128906,531600,0.0,0.0
2024-08-14 00:00:00-04:00,60.309303306204924,61.12615763340661,59.35467098031782,61.11631393432617,735500,0.0,0.0
2024-08-15 00:00:00-04:00,62.00205912142125,62.287466326338595,61.362353835126676,61.716651916503906,472300,0.0,0.0
2024-08-16 00:00:00-04:00,61.78553970537789,61.89379786419668,61.35251082437376,61.58871078491211,487300,0.0,0.0
2024-08-19 00:00:00-04:00,61.52966441432833,62.18904960613219,61.322991779966344,61.87411880493164,459700,0.0,0.0
2024-08-20 00:00:00-04:00,61.687129163127786,61.864278206215204,60.89980216844552,61.4017219543457,408200,0.0,0.0
2024-08-21 00:00:00-04:00,61.62807481075487,62.72049259774876,61.37219495953436,62.641761779785156,343700,0.0,0.0
2024-08-22 00:00:00-04:00,62.69096996820357,62.75001714401074,62.18904644821602,62.34651184082031,336500,0.0,0.0
2024-08-23 00:00:00-04:00,62.66144465097913,63.507822571430154,62.198892157033804,62.956695556640625,1348300,0.0,0.0
2024-08-26 00:00:00-04:00,63.10431951149425,63.88180653664052,62.563028700144876,62.79922866821289,832200,0.0,0.0
2024-08-27 00:00:00-04:00,62.307153497412685,63.02558964564421,61.785546290625426,62.690975189208984,439000,0.0,0.0
2024-08-28 00:00:00-04:00,62.67128603766094,63.055107695733135,61.27377739971458,61.913482666015625,468500,0.0,0.0
2024-08-29 00:00:00-04:00,62.54334808528596,63.20273703546477,62.02174464647726,62.720497131347656,487800,0.0,0.0
2024-08-30 00:00:00-04:00,62.18905354321482,62.72050071173747,61.53950825533319,62.287471771240234,882300,0.0,0.0
2024-09-03 00:00:00-04:00,61.97253364868771,62.02174087976721,59.256250943554825,59.51213455200195,752000,0.0,0.0
2024-09-04 00:00:00-04:00,59.295618320868265,61.06710492233874,59.295618320868265,60.52581787109375,555700,0.0,0.0
2024-09-05 00:00:00-04:00,60.47661290949783,60.97853269294653,58.95116616082567,59.354671478271484,650300,0.0,0.0
2024-09-06 00:00:00-04:00,59.630231569352006,60.15183496696475,57.61270509773845,58.40003204345703,738000,0.0,0.0
2024-09-09 00:00:00-04:00,58.87242928515522,59.89595621040156,58.45908403896213,59.51213455200195,643000,0.0,0.0
2024-09-10 00:00:00-04:00,59.521974972895066,60.043578384200366,58.57718261323112,59.964847564697266,794000,0.0,0.0
2024-09-11 00:00:00-04:00,59.76801887920602,60.25025879012645,58.55750288355435,59.984535217285156,398200,0.0,0.0
2024-09-12 00:00:00-04:00,60.08294758972446,60.6931255388751,59.423562407529154,60.36835479736328,400600,0.0,0.0
2024-09-13 00:00:00-04:00,60.03374332968772,60.66360495410265,59.285783589262834,59.876277923583984,1016700,0.0,0.0
2024-09-16 00:00:00-04:00,60.15184210963818,60.5356638066106,59.02990060948145,59.541664123535156,847500,0.0,0.0
2024-09-17 00:00:00-04:00,59.925483865549005,60.486454597326734,59.226731375688516,59.738494873046875,500600,0.0,0.0
2024-09-18 00:00:00-04:00,60.02390603593196,60.85060039306468,59.236575216360535,59.55150604248047,617600,0.0,0.0
2024-09-19 00:00:00-04:00,60.811228282838805,60.811228282838805,59.630235901329485,60.26009750366211,734100,0.0,0.0
2024-09-20 00:00:00-04:00,59.68928750898655,60.25025823954589,59.33498941510248,60.13215637207031,1265100,0.0,0.0
2024-09-23 00:00:00-04:00,60.112479263333164,61.57887518676482,60.112479263333164,61.23442077636719,607400,0.0,0.0
2024-09-24 00:00:00-04:00,61.39187793495446,61.42140152208586,60.24040923130684,60.57502365112305,379200,0.0,0.0
2024-09-25 00:00:00-04:00,60.83091290243817,61.31314905696162,60.31914940377048,60.358516693115234,580700,0.0,0.0
2024-09-26 00:00:00-04:00,60.96869231407049,61.06710677937285,60.230572561489176,60.5159797668457,547200,0.0,0.0
2024-09-27 00:00:00-04:00,61.12615905311551,61.46077349846953,60.5848719735264,60.860435485839844,576900,0.0,0.0
2024-09-30 00:00:00-04:00,60.545506516393125,61.17536813746138,60.2502593508013,60.8505973815918,474400,0.0,0.0
2024-10-01 00:00:00-04:00,60.49629594445576,60.81122673761965,59.84675071427133,59.895957946777344,665700,0.0,0.0
2024-10-02 00:00:00-04:00,60.230573199969676,60.94900931625214,59.81722418192137,60.181365966796875,730600,0.0,0.0
2024-10-03 00:00:00-04:00,59.78769952138657,59.78769952138657,58.311460027031345,58.86259078979492,765800,0.0,0.0
2024-10-04 00:00:00-04:00,59.79753993873233,60.09279084335376,58.64607492608508,59.315303802490234,385300,0.0,0.0
2024-10-07 00:00:00-04:00,58.646077068639386,59.50229496221716,58.646077068639386,59.34482955932617,360200,0.0,0.0
2024-10-08 00:00:00-04:00,59.344827898337115,59.54166058500957,58.09494465537891,58.56734085083008,654500,0.0,0.0
2024-10-09 00:00:00-04:00,58.1835138925838,58.90194994256113,57.54381241183347,58.40987014770508,579700,0.0,0.0
2024-10-10 00:00:00-04:00,56.96315969335336,58.419715476261594,56.589177987630535,57.78001022338867,780200,0.0,0.0
2024-10-11 00:00:00-04:00,57.760327842257354,59.610549014160945,57.760327842257354,59.51213455200195,1007700,0.0,0.0
2024-10-14 00:00:00-04:00,59.462932498398,60.33883786197293,58.92164536667625,60.063270568847656,826800,0.0,0.0
2024-10-15 00:00:00-04:00,60.33883488734555,60.958852819200104,59.70896950144767,59.74833679199219,742900,0.0,0.0
2024-10-16 00:00:00-04:00,60.35852018024211,60.99822177483105,59.93533118101529,60.939170837402344,643800,0.0,0.0
2024-10-17 00:00:00-04:00,61.234415315342204,61.67728415942268,60.96869175633122,61.263938903808594,504000,0.0,0.0
2024-10-18 00:00:00-04:00,61.27378512114457,62.356363111746795,60.91949076046527,61.72650146484375,856700,0.0,0.0
2024-10-21 00:00:00-04:00,62.45477424115933,62.82875598182946,61.82491262799153,62.59255599975586,1072500,0.0,0.0
2024-10-22 00:00:00-04:00,63.18304815250917,65.91901835709098,62.7795465900676,63.37004089355469,2058700,0.0,0.0
2024-10-23 00:00:00-04:00,63.26178007236481,63.31099105748183,61.34267178947525,61.68712615966797,1228400,0.0,0.0
2024-10-24 00:00:00-04:00,61.22457141246801,62.00205844317737,60.28961898667697,61.8445930480957,982000,0.0,0.0
2024-10-25 00:00:00-04:00,62.28747234234509,62.33667957967321,61.25410534136837,61.53950881958008,545700,0.0,0.0
2024-10-28 00:00:00-04:00,61.815071404071794,62.94685279361084,61.618238715460706,62.45477294921875,996000,0.0,0.0
2024-10-29 00:00:00-04:00,62.22841515880384,62.88780408648337,61.23441554917107,61.49029541015625,1093100,0.0,0.0
2024-10-30 00:00:00-04:00,61.35252022398346,61.598560166531634,59.354677091859195,59.55150604248047,1249900,0.0,0.0
2024-10-31 00:00:00-04:00,59.266097061740936,59.37435522709789,57.573341212751366,57.76033020019531,1280300,0.0,0.0
2024-11-01 00:00:00-04:00,58.24380356578065,59.1219494356147,57.86886733265685,58.05633544921875,920000,0.15,0.0
2024-11-04 00:00:00-05:00,58.11554050375745,58.55954415731671,57.424862717044746,58.0859375,805900,0.0,0.0
2024-11-05 00:00:00-05:00,58.31287261077167,59.200887427744256,57.918202286254676,59.151554107666016,842400,0.0,0.0
2024-11-06 00:00:00-05:00,61.86492692658906,61.92412540398956,60.09876624891517,61.588653564453125,978900,0.0,0.0
2024-11-07 00:00:00-05:00,61.5294577891359,61.5294577891359,60.217169612060914,60.36517333984375,615500,0.0,0.0
2024-11-08 00:00:00-05:00,60.15796929947994,60.917714468764984,60.06916781829361,60.87824630737305,421000,0.0,0.0
2024-11-11 00:00:00-05:00,61.60838853231259,61.707058935886344,60.97691300500472,61.10518264770508,467800,0.0,0.0
2024-11-12 00:00:00-05:00,60.720377308796536,61.34198391201309,60.1974335810878,60.424373626708984,510200,0.0,0.0
2024-11-13 00:00:00-05:00,60.54277233888745,61.25318416344986,60.07903086853245,60.48357009887695,666600,0.0,0.0
2024-11-14 00:00:00-05:00,60.532907071215114,61.045981890606924,59.013420458125616,59.23048782348633,1066500,0.0,0.0
2024-11-15 00:00:00-05:00,59.191020789706016,59.26995334707994,58.1056689556596,58.737144470214844,674800,0.0,0.0
2024-11-18 00:00:00-05:00,58.4312750652312,58.677945420942045,57.868866955321735,58.41154098510742,694100,0.0,0.0
2024-11-19 00:00:00-05:00,57.82939351306371,58.638471904784566,57.78992535642109,57.997127532958984,694000,0.0,0.0
2024-11-20 00:00:00-05:00,57.90832950001717,58.08593245156127,57.2965880913046,57.78006362915039,824200,0.0,0.0
2024-11-21 00:00:00-05:00,57.81953078256784,59.00354926138271,57.49392786513106,58.72727966308594,571900,0.0,0.0
2024-11-22 00:00:00-05:00,58.7667463383994,60.40463733412385,58.72727817852872,60.37503433227539,891100,0.0,0.0
2024-11-25 00:00:00-05:00,61.09531360020786,62.1510662148829,60.749976598134964,61.795860290527344,1109100,0.0,0.0
2024-11-26 00:00:00-05:00,61.716926021834595,62.37800457280685,61.055851234753504,61.39132308959961,885100,0.0,0.0
2024-11-27 00:00:00-05:00,61.559050289406656,62.47666426785747,61.460383657614614,61.82545471191406,707100,0.0,0.0
2024-11-29 00:00:00-05:00,61.98333007947743,62.63453970369397,61.98333007947743,62.545738220214844,357000,0.0,0.0
2024-12-02 00:00:00-05:00,62.76280456624136,63.492946695742376,62.160928308963776,63.14760971069336,795900,0.0,0.0
2024-12-03 00:00:00-05:00,63.02921159773212,63.325215277689566,62.41746639341028,63.06867599487305,724500,0.0,0.0
2024-12-04 00:00:00-05:00,63.039084279263,64.81511409874483,62.78254872972199,64.44017028808594,804700,0.0,0.0
2024-12-05 00:00:00-05:00,64.52896129748008,64.76576271187353,61.40117948489919,61.8846549987793,1155700,0.0,0.0
2024-12-06 00:00:00-05:00,62.387870290409694,63.226551816983616,61.4702562016955,61.71692657470703,643600,0.0,0.0
2024-12-09 00:00:00-05:00,61.69719014856865,62.44707016180566,61.559055347154214,62.13133239746094,835300,0.0,0.0
2024-12-10 00:00:00-05:00,62.3188001598539,63.69029053544683,61.184114988100994,63.28574752807617,839000,0.0,0.0
2024-12-11 00:00:00-05:00,63.60148709941603,64.17376416270176,62.25959968857198,62.545738220214844,999300,0.0,0.0
2024-12-12 00:00:00-05:00,62.49639992772811,63.443616930787286,61.98332514887255,63.0390739440918,1045100,0.0,0.0
2024-12-13 00:00:00-05:00,62.81214227318631,63.54228821760454,62.32866669643908,62.900943756103516,785200,0.0,0.0
2024-12-16 00:00:00-05:00,62.900940991189955,63.83828533602435,62.851607672602505,63.67055130004883,742900,0.0,0.0
2024-12-17 00:00:00-05:00,63.17720679156849,63.522543764828455,62.42733060796511,62.752933502197266,858500,0.0,0.0
2024-12-18 00:00:00-05:00,63.02921128463377,63.44361944562841,60.53290468818441,60.78944396972656,1115600,0.0,0.0
2024-12-19 00:00:00-05:00,61.62811981749515,62.85160641907348,61.21371543295642,62.220130920410156,1214600,0.0,0.0
2024-12-20 00:00:00-05:00,62.01292709121576,62.82200557211487,61.450518970685664,61.69718933105469,2246500,0.0,0.0
2024-12-23 00:00:00-05:00,61.96359225480712,62.27933000723768,60.69077232313278,61.62812042236328,696000,0.0,0.0
2024-12-24 00:00:00-05:00,61.667592352749864,62.58520642807007,61.351854581015075,61.97346496582031,282200,0.0,0.0
2024-12-26 00:00:00-05:00,61.973461282380995,62.51613531005273,61.51958496908398,62.42733383178711,430100,0.0,0.0
2024-12-27 00:00:00-05:00,62.160927330559424,62.92067244959983,61.845189588086896,62.25959396362305,340900,0.0,0.0
2024-12-30 00:00:00-05:00,61.52945334523,62.17079400355607,60.68090673019498,61.75638961791992,398700,0.0,0.0
2024-12-31 00:00:00-05:00,61.93399278236112,62.22013129563442,61.69718758698887,61.864925384521484,320900,0.0,0.0
2025-01-02 00:00:00-05:00,62.210265276681746,62.397737162901095,60.5427749649135,60.97691345214844,555800,0.0,0.0
2025-01-03 00:00:00-05:00,60.96705009761378,62.35827084629643,60.89798269450757,62.180667877197266,824300,0.0,0.0
2025-01-06 00:00:00-05:00,62.535871573157536,64.41056407636613,62.121463405487795,63.048946380615234,1028700,0.0,0.0
2025-01-07 00:00:00-05:00,63.01934339680892,64.14416341574679,63.00947823838353,63.62122344970703,1272300,0.0,0.0
2025-01-08 00:00:00-05:00,62.881208507828674,64.22309212138245,62.52600258275316,63.96656036376953,753100,0.0,0.0
2025-01-10 00:00:00-05:00,63.295620361194786,64.32177003475259,63.295620361194786,63.512691497802734,1064900,0.0,0.0
2025-01-13 00:00:00-05:00,62.97988186465025,65.12097891002418,62.61480700015299,64.9039077758789,898400,0.0,0.0
2025-01-14 00:00:00-05:00,65.43672147998558,65.9300622654281,64.42044066641924,65.67352294921875,720000,0.0,0.0
2025-01-15 00:00:00-05:00,66.40366093115031,66.571394961725,65.77218544022537,66.48258972167969,796200,0.0,0.0
2025-01-16 00:00:00-05:00,66.45299367120931,67.24234183661184,65.63404626696605,65.9300537109375,1115300,0.0,0.0
2025-01-17 00:00:00-05:00,66.2161962732569,66.58127113939452,65.20977692456721,65.46631622314453,3235400,0.0,0.0
2025-01-21 00:00:00-05:00,66.27538270378919,67.60740098517827,65.53537171104179,67.54820251464844,2725100,0.0,0.0
2025-01-22 00:00:00-05:00,67.3410114491058,67.70608630908794,66.33459964516757,67.5580825805664,2185200,0.0,0.0
2025-01-23 00:00:00-05:00,67.95274494461827,70.10371051466323,66.35431850265718,69.74850463867188,2872400,0.0,0.0
2025-01-24 00:00:00-05:00,69.40316618798565,69.83730841365971,66.11752284116685,66.69966125488281,2810800,0.0,0.0
2025-01-27 00:00:00-05:00,65.99912232422827,66.57139937827738,65.07163934199572,66.23592376708984,1551500,0.0,0.0
2025-01-28 00:00:00-05:00,67.16340060914344,68.39675232264158,65.5452437632564,65.95964813232422,1603500,0.0,0.0
2025-01-29 00:00:00-05:00,66.02871119918642,66.31484968129625,64.6966929414745,64.82495880126953,885200,0.0,0.0
2025-01-30 00:00:00-05:00,65.12097599926315,65.43671376360284,64.72630191189302,65.21964263916016,1100300,0.0,0.0
2025-01-31 00:00:00-05:00,65.2985857598123,65.40712133333226,64.00603532870738,64.33163452148438,763000,0.0,0.0
2025-02-03 00:00:00-05:00,63.3153473849584,64.45990149014806,63.029212622552045,63.838287353515625,947800,0.0,0.0
2025-02-04 00:00:00-05:00,63.70015293990905,64.05535886935542,62.98974484490741,63.25614929199219,688900,0.0,0.0
2025-02-05 00:00:00-05:00,63.70015445612036,63.70015445612036,62.575338162027705,63.325218200683594,885700,0.0,0.0
2025-02-06 00:00:00-05:00,63.335080639999475,63.74948501586914,62.80227178768922,63.74948501586914,895600,0.0,0.0
2025-02-07 00:00:00-05:00,64.10563879494899,65.36202679243388,63.86820507999546,64.61016845703125,772300,0.17,0.0
2025-02-10 00:00:00-05:00,64.93663098267042,65.32245131607311,64.32327190379466,64.9564208984375,675400,0.0,0.0
2025-02-11 00:00:00-05:00,64.36283959462715,65.5499853837688,64.09573613196378,65.4807357788086,550500,0.0,0.0
2025-02-12 00:00:00-05:00,64.51123507615263,65.29277066099357,63.86819870405403,64.20455932617188,662400,0.0,0.0
2025-02-13 00:00:00-05:00,64.303488543191,64.52113232742133,63.19549102803964,63.50217056274414,523200,0.0,0.0
2025-02-14 00:00:00-05:00,63.759381118561954,65.14438088709205,63.31420612579656,64.7684555053711,979400,0.0,0.0
2025-02-18 00:00:00-05:00,64.93662029706013,67.1427275882982,64.70908913666976,66.61840057373047,1080500,0.0,0.0
2025-02-19 00:00:00-05:00,66.28205754796878,66.5392736159721,64.20456173136667,64.27381134033203,1161700,0.0,0.0
2025-02-20 00:00:00-05:00,64.30348856674303,64.66952652650458,62.79977576586226,63.393348693847656,670300,0.0,0.0
2025-02-21 00:00:00-05:00,63.63077415170841,64.24413321464968,61.14767189616691,61.94898986816406,695200,0.0,0.0
2025-02-24 00:00:00-05:00,62.225992817493996,62.28534746867927,61.434562246030914,61.75113296508789,568800,0.0,0.0
2025-02-25 00:00:00-05:00,61.81048865264399,62.502988485094576,61.42466834174422,61.67198944091797,474200,0.0,0.0
2025-02-26 00:00:00-05:00,61.97867346547688,63.00752644468654,61.67199392164452,61.800601959228516,734600,0.0,0.0
2025-02-27 00:00:00-05:00,62.07760075721467,63.11634870038,61.51370890881575,61.7016716003418,724100,0.0,0.0
2025-02-28 00:00:00-05:00,61.88963810632478,62.81956415412533,61.543386275828475,62.690956115722656,1039900,0.0,0.0
2025-03-03 00:00:00-05:00,62.98773753589549,63.52195203117672,59.950634652685686,60.18806457519531,999900,0.0,0.0
2025-03-04 00:00:00-05:00,59.29770934775999,59.465889668840084,57.53678421141738,58.27874755859375,1138400,0.0,0.0
2025-03-05 00:00:00-05:00,58.664563789680244,59.86159700030022,58.516173394922504,59.3669548034668,812400,0.0,0.0
2025-03-06 00:00:00-05:00,58.1699231240904,58.75360108267119,57.22021098688727,57.4378547668457,1686900,0.0,0.0
2025-03-07 00:00:00-05:00,57.09160772850275,57.972070331838445,56.24082245261674,57.576358795166016,1481500,0.0,0.0
2025-03-10 00:00:00-04:00,56.86407157923394,57.59614375648177,55.41971714105993,55.78575134277344,1299200,0.0,0.0
2025-03-11 00:00:00-04:00,55.41970884793595,56.2704939790547,54.75688638171683,55.98360061645508,1284300,0.0,0.0
2025-03-12 00:00:00-04:00,56.62664538855171,56.62664538855171,55.26143174724287,55.89457321166992,754000,0.0,0.0
2025-03-13 00:00:00-04:00,55.667032924420525,56.221033539865886,54.65796239654886,54.8657112121582,913700,0.0,0.0
2025-03-14 00:00:00-04:00,55.43949499904848,56.2111355721683,55.00420747671812,55.874778747558594,1523300,0.0,0.0
2025-03-17 00:00:00-04:00,55.85499725486371,56.94321237740328,55.66703457428732,56.66621017456055,1255900,0.0,0.0
2025-03-18 00:00:00-04:00,56.270498408389464,56.85417636239283,55.96381888210955,56.32985305786133,919800,0.0,0.0
2025-03-19 00:00:00-04:00,56.537602691326,57.44774249121776,56.329850107593884,57.230098724365234,943200,0.0,0.0
2025-03-20 00:00:00-04:00,56.2902842429139,57.24988755108122,56.201248495370486,56.21113967895508,569500,0.0,0.0
2025-03-21 00:00:00-04:00,55.637358324218994,55.77585754140562,54.82614161503045,55.162498474121094,2410200,0.0,0.0
2025-03-24 00:00:00-04:00,56.04296535501361,57.061927126399816,55.77585810183242,56.933319091796875,889300,0.0,0.0
2025-03-25 00:00:00-04:00,57.061925890489256,57.89292495778067,56.77503250175065,57.77421188354492,759500,0.0,0.0
2025-03-26 00:00:00-04:00,57.744528863507476,58.60520900108915,57.576352328420306,58.48649215698242,1287500,0.0,0.0
2025-03-27 00:00:00-04:00,58.26885132771614,58.78327588290796,56.97288743498415,57.477420806884766,893600,0.0,0.0
2025-03-28 00:00:00-04:00,56.92342721916068,57.52689132751144,55.51864136096078,55.706607818603516,777900,0.0,0.0
2025-03-31 00:00:00-04:00,55.08335760063177,55.30100138378813,53.93578780786114,54.173213958740234,1669500,0.0,0.0
2025-04-01 00:00:00-04:00,53.817074084176326,55.2614284350584,53.520285738421435,54.1534309387207,1310300,0.0,0.0
2025-04-02 00:00:00-04:00,53.22350516685931,55.57800332563815,53.22350516685931,55.47907638549805,1292100,0.0,0.0
2025-04-03 00:00:00-04:00,53.154254256803924,53.451038843802266,50.68104307544982,50.829437255859375,1547900,0.0,0.0
2025-04-04 00:00:00-04:00,48.4749383736996,48.68268720386991,45.71483383405157,47.62415313720703,1614100,0.0,0.0
2025-04-07 00:00:00-04:00,45.91269161775433,48.732150818004435,44.794799121768875,47.18886947631836,1311400,0.0,0.0
2025-04-08 00:00:00-04:00,49.1575398831684,49.1575398831684,46.16000939502754,46.981117248535156,1518200,0.0,0.0
2025-04-09 00:00:00-04:00,46.54583008396295,53.19382243369487,46.49636661891968,52.68928527832031,1569400,0.0,0.0
2025-04-10 00:00:00-04:00,51.25482853196605,51.5417181533486,49.40486389985202,50.57221984863281,1406300,0.0,0.0
2025-04-11 00:00:00-04:00,50.47329238726657,51.52193524820328,49.66207945149651,51.32407760620117,900200,0.0,0.0
2025-04-14 00:00:00-04:00,52.244112168593446,52.41228871045822,51.146005846184906,52.194644927978516,1489600,0.0,0.0
2025-04-15 00:00:00-04:00,51.93743246177246,52.412288534278765,51.40321796502014,51.640647888183594,875000,0.0,0.0
2025-04-16 00:00:00-04:00,51.2053572460867,51.80882131460056,50.97782229422121,51.55160903930664,848800,0.0,0.0
2025-04-17 00:00:00-04:00,51.324081318488425,52.14518549753003,51.324081318488425,51.54172134399414,1663100,0.0,0.0
2025-04-21 00:00:00-04:00,51.047073637439624,51.11632324367909,48.88054215547509,49.9588623046875,2059400,0.0,0.0
2025-04-22 00:00:00-04:00,46.96133263168591,47.82200902053827,44.88383308509879,47.79233169555664,4347500,0.0,0.0
2025-04-23 00:00:00-04:00,48.77172015458574,50.91846926450363,48.3957910259981,48.96957778930664,2285800,0.0,0.0
2025-04-24 00:00:00-04:00,48.95969053871832,49.76100855166804,48.1583687519478,49.63240051269531,1829600,0.0,0.0
2025-04-25 00:00:00-04:00,49.899500790813256,50.05778613438665,49.00914714839547,49.76100158691406,920100,0.0,0.0
2025-04-28 00:00:00-04:00,49.968754875037206,50.394147481640395,49.38507691066217,49.998435974121094,1280600,0.0,0.0
2025-04-29 00:00:00-04:00,49.75111994641105,50.12704535086391,49.236691537673416,49.2663688659668,1184300,0.0,0.0
2025-04-30 00:00:00-04:00,48.682687127293896,48.742045553172346,47.37683194853354,47.950618743896484,1574200,0.0,0.0
2025-05-01 00:00:00-04:00,48.3562272716034,48.880546847407786,46.99101360902913,48.00997543334961,1235100,0.0,0.0
2025-05-02 00:00:00-04:00,48.744615805350165,49.37005696576941,48.3574392065005,49.2906379699707,1108000,0.17,0.0
2025-05-05 00:00:00-04:00,49.042446568389224,50.303251033688476,48.794256056984594,49.757232666015625,958000,0.0,0.0
2025-05-06 00:00:00-04:00,49.62817636011503,50.87905487211624,49.62817636011503,50.134483337402344,1252400,0.0,0.0
2025-05-07 00:00:00-04:00,50.27346902495531,50.88898042845635,50.03520825647791,50.1741943359375,1018600,0.0,0.0
2025-05-08 00:00:00-04:00,50.77977771412319,52.14978654470379,50.462094177720175,51.524349212646484,1024500,0.0,0.0
2025-05-09 00:00:00-04:00,51.84203585263145,52.35827257696307,50.87905544502374,51.21659469604492,1022400,0.0,0.0
2025-05-12 00:00:00-04:00,53.39074076688916,53.89705152300846,52.814940758716425,53.63893127441406,1098500,0.0,0.0
2025-05-13 00:00:00-04:00,54.06581994870692,54.502637671328664,52.98370917043695,53.19219207763672,1166800,0.0,0.0
2025-05-14 00:00:00-04:00,53.182259856543126,54.32393766750309,52.745445941376715,53.44038009643555,1436300,0.0,0.0
2025-05-15 00:00:00-04:00,53.56944184816053,54.085678593079294,52.834800017108826,53.658790588378906,872500,0.0,0.0
2025-05-16 00:00:00-04:00,53.78784844730793,54.29415542908159,53.40067185175984,54.264373779296875,857300,0.0,0.0
2025-05-19 00:00:00-04:00,53.390741692001754,53.966545497238165,53.03334674903938,53.92683410644531,1091800,0.0,0.0
2025-05-20 00:00:00-04:00,53.619079181384734,54.06582288235823,53.11277217833934,53.28153991699219,1018300,0.0,0.0
2025-05-21 00:00:00-04:00,52.894362046120456,53.16240826032419,51.49456767444771,51.51442337036133,676000,0.0,0.0
2025-05-22 00:00:00-04:00,51.20666399210711,52.28877089876852,50.839339338214295,51.693115234375,837900,0.0,0.0
2025-05-23 00:00:00-04:00,50.50180668971472,51.32580104599847,50.17419716779617,51.02797317504883,1093900,0.0,0.0
2025-05-27 00:00:00-04:00,51.97109078128772,52.57667622582014,51.454857858069424,52.497257232666016,972700,0.0,0.0
2025-05-28 00:00:00-04:00,52.5667512974264,52.94400193675691,51.14710126316177,51.25630569458008,862700,0.0,0.0
2025-05-29 00:00:00-04:00,51.66333584181519,53.17233454949444,51.21659218048145,52.99363708496094,1510400,0.0,0.0
2025-05-30 00:00:00-04:00,52.72559193306193,53.41059636929121,51.92145332672499,52.50718307495117,1043100,0.0,0.0
2025-06-02 00:00:00-04:00,52.417834270096044,53.06313110250424,51.56405832091102,52.89435958862305,1462400,0.0,0.0
2025-06-03 00:00:00-04:00,53.13262705034712,55.87264872866037,53.13262705034712,55.257137298583984,2503200,0.0,0.0
2025-06-04 00:00:00-04:00,55.42590741566484,56.130767566668794,55.29684728797406,55.396121978759766,1289700,0.0,0.0
2025-06-05 00:00:00-04:00,55.56489299194281,55.92228793485769,54.780610065778134,55.44575881958008,888200,0.0,0.0
2025-06-06 00:00:00-04:00,56.15062118300033,56.726421184991786,55.74358890651251,55.981849670410156,1181800,0.0,0.0
2025-06-09 00:00:00-04:00,56.31939485946148,57.42136142341483,56.140697374112996,56.90512466430664,1080700,0.0,0.0
2025-06-10 00:00:00-04:00,57.1235301688988,57.45113968129252,56.03148962438402,56.100982666015625,905200,0.0,0.0
2025-06-11 00:00:00-04:00,56.29953736112178,56.64700636577572,55.49540248987026,55.95207214355469,1037400,0.0,0.0
2025-06-12 00:00:00-04:00,55.04865549519218,55.93221309875552,53.956614986483004,55.52518081665039,1354800,0.0,0.0
2025-06-13 00:00:00-04:00,54.999018458639945,55.296846312831676,54.04596402330513,54.353721618652344,768300,0.0,0.0
2025-06-16 00:00:00-04:00,54.98908788320155,55.11814800665832,53.94668851580225,54.05589294433594,921500,0.0,0.0
2025-06-17 00:00:00-04:00,53.9764715165974,55.18764242763596,53.64886200987725,54.68133544921875,1300500,0.0,0.0
2025-06-18 00:00:00-04:00,54.40335903926689,55.088367270661315,53.70842485378973,53.96654510498047,1210200,0.0,0.0
2025-06-20 00:00:00-04:00,54.18495365680971,54.69126062804921,53.490019475293714,53.9963264465332,1799600,0.0,0.0
2025-06-23 00:00:00-04:00,53.867268441403624,54.62176973802678,53.4800918386753,54.5423469543457,840300,0.0,0.0
2025-06-24 00:00:00-04:00,54.91959587581182,55.25713512166956,53.98640091942238,54.333866119384766,1207600,0.0,0.0
2025-06-25 00:00:00-04:00,54.552272785445055,55.634383519468095,54.17502216417547,55.31669998168945,1876400,0.0,0.0
2025-06-26 00:00:00-04:00,55.59467589796144,57.242660782024686,55.5748202021189,56.458377838134766,1245600,0.0,0.0
2025-06-27 00:00:00-04:00,56.61721551267646,57.083814863427804,56.03148578259435,56.4881591796875,1607600,0.0,0.0
2025-06-30 00:00:00-04:00,56.56758227481043,56.99447026773142,55.90243350593946,56.08113098144531,886700,0.0,0.0
2025-07-01 00:00:00-04:00,55.80315604169099,57.11360169451094,55.793230087132024,56.73635482788086,999100,0.0,0.0
2025-07-02 00:00:00-04:00,56.80584398349383,57.163238916547314,56.160547155804316,57.12352752685547,703400,0.0,0.0
2025-07-03 00:00:00-04:00,57.57027359631733,57.758897024597424,56.79591661334876,56.8852653503418,438500,0.0,0.0
2025-07-07 00:00:00-04:00,56.8157759216324,57.48092851422664,56.4782366478727,56.90512466430664,675700,0.0,0.0
2025-07-08 00:00:00-04:00,56.915049806559004,57.43128273685932,56.408739043294986,56.98454284667969,1093900,0.0,0.0
2025-07-09 00:00:00-04:00,57.36179207440629,59.01970672607422,57.202950292248296,59.01970672607422,1346900,0.0,0.0
2025-07-10 00:00:00-04:00,58.94028273657213,59.823840368456864,58.930356782240644,59.13883590698242,1803700,0.0,0.0
2025-07-11 00:00:00-04:00,58.940278550960116,59.1189760129306,58.255274138130886,58.41411590576172,652300,0.0,0.0
2025-07-14 00:00:00-04:00,58.30491153310348,58.870785567492355,57.828386229780556,58.79136657714844,759300,0.0,0.0
2025-07-15 00:00:00-04:00,59.188474424969144,59.5458693813681,58.245349687157855,58.26520538330078,793100,0.0,0.0
2025-07-16 00:00:00-04:00,58.5729602076044,58.870788061412185,57.6298355146409,58.54317855834961,724000,0.0,0.0
2025-07-17 00:00:00-04:00,58.71194796609001,60.36986258527839,58.632528970110286,60.27058410644531,1219400,0.0,0.0
2025-07-18 00:00:00-04:00,60.558488335370924,60.75704151356001,59.52601483845719,60.04225158691406,833600,0.0,0.0
2025-07-21 00:00:00-04:00,60.20108931375382,60.55848425298397,59.66499690490858,59.684852600097656,1095200,0.0,0.0
2025-07-22 00:00:00-04:00,59.48630028050151,60.90595031645532,59.118979382001065,60.35993194580078,1994400,0.0,0.0
2025-07-23 00:00:00-04:00,61.28320205223231,62.45466159637673,60.81660266803115,62.14690399169922,1567800,0.0,0.0
2025-07-24 00:00:00-04:00,62.05755384988333,62.99075259717069,61.491679786441125,61.90864181518555,2121800,0.0,0.0
2025-07-25 00:00:00-04:00,60.04224911701258,60.955592184276284,58.50346867674858,60.66769027709961,2636800,0.0,0.0
2025-07-28 00:00:00-04:00,60.89602531824773,62.47451715566461,60.84638797233384,61.4023323059082,1521700,0.0,0.0
2025-07-29 00:00:00-04:00,62.1766865187037,62.256105511204815,60.4492789335372,60.91587829589844,1530900,0.0,0.0
2025-07-30 00:00:00-04:00,61.1442128661321,61.36262172205277,60.20108819121331,60.5584831237793,1076100,0.0,0.0
2025-07-31 00:00:00-04:00,60.1911616229728,60.36985908743182,58.99984645560817,59.47637176513672,1077800,0.0,0.0
2025-08-01 00:00:00-04:00,58.47368356253593,59.4366601313964,57.77874940217482,59.11897659301758,1136000,0.0,0.0
2025-08-04 00:00:00-04:00,59.63521532861954,60.667688757194874,59.25796469373881,60.439353942871094,1185800,0.0,0.0
2025-08-05 00:00:00-04:00,60.4393540270525,60.97544265021358,60.08195908688736,60.42942428588867,671300,0.0,0.0
2025-08-06 00:00:00-04:00,60.47906154621119,61.511534974786535,60.220945082610676,60.439353942871094,1009700,0.0,0.0
2025-08-07 00:00:00-04:00,60.95558823956305,61.511532535141185,59.83376612056413,60.6776123046875,694800,0.0,0.0
2025-08-08 00:00:00-04:00,60.96632080302599,61.24506827094239,60.05043029785156,60.05043029785156,802800,0.17,0.0
2025-08-11 00:00:00-04:00,60.23957702401602,60.40881926285159,59.522797311583815,59.90109634399414,916300,0.0,0.0
2025-08-12 00:00:00-04:00,60.03051764950924,61.75278579822976,59.77168126431657,61.67314529418945,588200,0.0,0.0
2025-08-13 00:00:00-04:00,61.90211660147388,63.65424945421171,61.84238337555751,63.63433837890625,984700,0.0,0.0
2025-08-14 00:00:00-04:00,63.14653254056944,63.33568206613177,62.04149250707763,62.18086624145508,1103400,0.0,0.0
2025-08-15 00:00:00-04:00,62.01162314405768,62.360057453885766,61.374483950286816,61.454124450683594,644800,0.0,0.0
2025-08-18 00:00:00-04:00,61.48399128426673,61.58354666025791,60.86676314371857,61.29484176635742,554000,0.0,0.0
2025-08-19 00:00:00-04:00,61.42426444842074,61.752787708932075,60.64774767351775,60.88667678833008,824200,0.0,0.0
2025-08-20 00:00:00-04:00,60.697524379342255,60.97627183534176,59.78163391332358,60.458595275878906,900700,0.0,0.0
2025-08-21 00:00:00-04:00,60.54819384808171,62.8478717770716,60.309268539769356,62.13108825683594,1260800,0.0,0.0
2025-08-22 00:00:00-04:00,62.43970298817404,63.74384611447913,61.70300840725995,63.1564826965332,609200,0.0,0.0
2025-08-25 00:00:00-04:00,63.17639556044926,63.295862013266486,62.09126663208008,62.09126663208008,676000,0.0,0.0
2025-08-26 00:00:00-04:00,62.25055187863307,63.49496562191391,62.1211355836394,63.27595138549805,818800,0.0,0.0
2025-08-27 00:00:00-04:00,63.10671132846237,63.58456576672331,63.07684661283652,63.32572937011719,654800,0.0,0.0
2025-08-28 00:00:00-04:00,63.57461223433945,63.783672839371,63.11666887160857,63.674163818359375,689000,0.0,0.0
2025-08-29 00:00:00-04:00,63.52483288439321,63.923042995819245,62.80804936711735,62.86778259277344,936100,0.0,0.0
2025-09-02 00:00:00-04:00,63.9429541459524,65.61544639045802,63.14652637416948,64.44071960449219,1212400,0.0,0.0
2025-09-03 00:00:00-04:00,64.18188400360035,64.81902322821696,63.37550253626719,63.594520568847656,957200,0.0,0.0
2025-09-04 00:00:00-04:00,63.55469687811776,64.10223814865395,62.37997003707321,63.853355407714844,691400,0.0,0.0
2025-09-05 00:00:00-04:00,63.97282537319582,64.64978676956346,63.35559340744038,64.59004974365234,726200,0.0,0.0
2025-09-08 00:00:00-04:00,64.39094970347726,64.54028088255488,63.57461453252538,64.07238006591797,783800,0.0,0.0
2025-09-09 00:00:00-04:00,63.99273085804197,64.11219731121687,62.42974750667245,62.579078674316406,874600,0.0,0.0
2025-09-10 00:00:00-04:00,62.608943587563395,63.07684436986061,61.13555817257251,61.633323669433594,1249800,0.0,0.0
2025-09-11 00:00:00-04:00,61.742835090877406,63.037024673587226,61.53377448548995,62.31028747558594,969400,0.0,0.0
2025-09-12 00:00:00-04:00,62.111177560534486,62.539256187992976,61.33466460730714,61.67314529418945,666800,0.0,0.0
2025-09-15 00:00:00-04:00,61.81251797993401,62.01162493314409,61.25501927047562,61.822471618652344,689900,0.0,0.0
2025-09-16 00:00:00-04:00,62.11117782144179,62.708498693675246,61.872252510667884,62.370018005371094,672600,0.0,0.0
2025-09-17 00:00:00-04:00,62.37001723701357,62.83791421386885,60.986225988760616,61.78265380859375,808300,0.0,0.0
2025-09-18 00:00:00-04:00,61.62337078175508,62.37001903614961,61.11564784208313,62.22068786621094,832800,0.0,0.0
2025-09-19 00:00:00-04:00,62.389927195146505,62.43970678426178,61.05591927420506,61.58354949951172,2129000,0.0,0.0
2025-09-22 00:00:00-04:00,61.57358830118685,62.011624353685725,61.05591554438691,61.72291946411133,794100,0.0,0.0
2025-09-23 00:00:00-04:00,61.951893813104725,62.67863098901528,61.37448780658855,61.593502044677734,674000,0.0,0.0
2025-09-24 00:00:00-04:00,61.503903849986834,61.96185099534584,60.757255601380066,60.896629333496094,656500,0.0,0.0
2025-09-25 00:00:00-04:00,60.65770725410672,60.976276886682314,59.99069947501747,60.797080993652344,639000,0.0,0.0
2025-09-26 00:00:00-04:00,61.742834264759736,63.55470041584066,61.47404043386539,63.08679962158203,1769700,0.0,0.0
2025-09-29 00:00:00-04:00,63.85335835099963,64.16197053349391,61.12560551125629,61.34461975097656,991900,0.0,0.0
2025-09-30 00:00:00-04:00,61.1554673958427,62.50939011392013,61.1554673958427,62.41979217529297,1163300,0.0,0.0
2025-10-01 00:00:00-04:00,62.21073261320305,64.01264505421581,62.091266161291635,63.70402908325195,1191200,0.0,0.0
2025-10-02 00:00:00-04:00,63.524835915984795,64.07237721885667,62.9374724607751,63.713985443115234,740800,0.0,0.0
2025-10-03 00:00:00-04:00,64.01264531824336,64.74933611982244,63.684118270605886,64.4009017944336,691000,0.0,0.0
2025-10-06 00:00:00-04:00,64.69955808571885,66.02361614928137,64.54027707398812,65.71500396728516,931400,0.0,0.0
2025-10-07 00:00:00-04:00,66.07339325653285,66.72048231121832,64.6199189508156,64.96835327148438,891000,0.0,0.0
2025-10-08 00:00:00-04:00,65.35661202512861,65.67518164305227,64.45067516444958,65.296875,630800,0.0,0.0
2025-10-09 00:00:00-04:00,65.63535911374477,65.92406401509236,63.93300201570109,64.181884765625,657100,0.0,0.0
2025-10-10 00:00:00-04:00,64.19183903891349,64.51040863930494,61.693054226134635,61.76274108886719,835300,0.0,0.0
2025-10-13 00:00:00-04:00,62.41979425114298,62.93747082513266,61.41430581781612,62.12113571166992,885100,0.0,0.0
2025-10-14 00:00:00-04:00,61.364530593547975,62.70849973004777,61.006138823814695,62.22068786621094,597900,0.0,0.0
2025-10-15 00:00:00-04:00,62.46957222494385,63.19630942220135,61.32471001968986,62.101226806640625,582500,0.0,0.0
2025-10-16 00:00:00-04:00,62.40983636705189,62.70849870203309,60.807034663919396,60.93645095825195,735400,0.0,0.0
2025-10-17 00:00:00-04:00,60.62784275058269,61.55368693527013,60.5481984433345,61.493953704833984,803900,0.0,0.0
2025-10-20 00:00:00-04:00,61.97180322099949,63.10670792537463,61.53377095896063,62.937469482421875,652300,0.0,0.0
2025-10-21 00:00:00-04:00,63.28590629816691,64.28143731282758,63.21621943095261,63.82349395751953,967800,0.0,0.0
2025-10-22 00:00:00-04:00,63.962869767232256,65.12763926930461,63.445193167094686,63.45515060424805,1577300,0.0,0.0
2025-10-23 00:00:00-04:00,62.9275117273369,74.01772612993179,62.9275117273369,70.63291931152344,5518500,0.0,0.0
2025-10-24 00:00:00-04:00,71.11077609132758,73.3009411441019,70.65283276557653,72.4646987915039,1889100,0.0,0.0
2025-10-27 00:00:00-04:00,72.63394733125571,73.52992683028302,71.26011716294681,73.49010467529297,1522300,0.0,0.0
2025-10-28 00:00:00-04:00,73.48013915187013,73.67924990490992,72.20586071360987,72.30541229248047,1171600,0.0,0.0
2025-10-29 00:00:00-04:00,71.79770033297073,73.36068374005592,70.87185617493309,72.69367218017578,1205100,0.0,0.0
2025-10-30 00:00:00-04:00,71.99679837811767,73.2113473587409,70.49354450904316,70.64287567138672,1208200,0.0,0.0
2025-10-31 00:00:00-04:00,70.7026031156352,71.52889560817418,69.8962254950094,71.0809097290039,833000,0.0,0.0
2025-11-03 00:00:00-05:00,70.98111982735655,72.06884238045203,69.85348769539284,71.9790267944336,945000,0.17,0.0
2025-11-04 00:00:00-05:00,70.87135299452908,71.21064533927688,69.78363800048828,69.78363800048828,1030800,0.0,0.0
2025-11-05 00:00:00-05:00,69.44434316555325,70.45223134829972,69.20484762183044,69.52417755126953,1186900,0.0,0.0
2025-11-06 00:00:00-05:00,69.36451728607409,69.82355358971205,68.4165010736996,68.97533416748047,837500,0.0,0.0
2025-11-07 00:00:00-05:00,68.04727841566593,69.52417646112917,67.48844533784047,68.98530578613281,865300,0.0,0.0
2025-11-10 00:00:00-05:00,69.5341566719145,70.50212763283469,67.23896763852798,67.6680679321289,953300,0.0,0.0
2025-11-11 00:00:00-05:00,67.81775420222868,69.47428336421117,67.35871792700388,68.6859359741211,1270300,0.0,0.0
2025-11-12 00:00:00-05:00,68.57616992133656,69.40443455449083,68.37658395426111,68.58615112304688,739200,0.0,0.0
2025-11-13 00:00:00-05:00,68.60610294547295,69.28467997732521,68.14706666119434,68.79570770263672,910700,0.0,0.0
2025-11-14 00:00:00-05:00,67.87762864226904,69.55411265375781,67.64811430305015,68.94538879394531,719200,0.0,0.0
2025-11-17 00:00:00-05:00,68.89549770492214,70.81147724848955,68.68593815610313,69.76367950439453,1567500,0.0,0.0
2025-11-18 00:00:00-05:00,68.15705083252175,71.89920206534485,67.92752887366775,71.57987213134766,2150500,0.0,0.0
2025-11-19 00:00:00-05:00,71.23059731428506,72.398154264183,70.79152342130757,71.08091735839844,1282000,0.0,0.0
2025-11-20 00:00:00-05:00,71.84930589274727,72.61769095308152,69.87344663078909,70.40234375,1266400,0.0,0.0
2025-11-21 00:00:00-05:00,70.28259154831872,73.18649701031394,70.28259154831872,72.38817596435547,1258300,0.0,0.0
2025-11-24 00:00:00-05:00,72.19857111206906,73.28629371889986,71.73953479814757,72.77735900878906,958500,0.0,0.0
2025-11-25 00:00:00-05:00,73.24637327051522,74.96277448057438,72.95697933501212,74.54364776611328,855400,0.0,0.0
2025-11-26 00:00:00-05:00,74.70331521821572,76.17023965938601,74.4438572783029,75.56151580810547,829000,0.0,0.0
2025-11-28 00:00:00-05:00,75.94071705355358,76.1901937900064,75.35195560996931,76.07044982910156,543200,0.0,0.0
2025-12-01 00:00:00-05:00,74.90289232292261,75.84092728085042,74.19437931062049,74.67337799072266,1270500,0.0,0.0
2025-12-02 00:00:00-05:00,75.21225386513333,76.46961121239859,75.09250228344919,75.15237426757812,817300,0.0,0.0
2025-12-03 00:00:00-05:00,75.15237581650736,75.6213933376541,74.81309108154886,75.22222900390625,742100,0.0,0.0
2025-12-04 00:00:00-05:00,75.07254913733637,78.15607820232748,74.92286156030954,77.43758392333984,1032600,0.0,0.0
2025-12-05 00:00:00-05:00,77.33779219660332,77.73695651772265,76.39975718398685,76.4396743774414,659600,0.0,0.0
2025-12-08 00:00:00-05:00,76.60931236105499,78.5252994702369,76.13032129382883,78.44546508789062,1560800,0.0,0.0
2025-12-09 00:00:00-05:00,77.90660130037799,79.03423350015616,76.22013598829946,76.34986877441406,1420300,0.0,0.0
2025-12-10 00:00:00-05:00,76.34986349781026,76.65921221853235,75.4218097222181,76.26004791259766,1968800,0.0,0.0
2025-12-11 00:00:00-05:00,75.8509152907514,75.92076847813816,71.82935118814265,72.61769104003906,2957900,0.0,0.0
2025-12-12 00:00:00-05:00,72.94700076769962,73.58566064379441,72.55781764362392,72.89710998535156,1507200,0.0,0.0
2025-12-15 00:00:00-05:00,73.06674715391668,73.59563661244103,72.01894182457265,73.54573822021484,1156800,0.0,0.0
2025-12-16 00:00:00-05:00,73.08670708057394,74.15446727381402,72.07882648489984,72.15865325927734,985700,0.0,0.0
2025-12-17 00:00:00-05:00,72.55781772332082,73.88503587274255,72.31832217287878,72.50792694091797,1196300,0.0,0.0
2025-12-18 00:00:00-05:00,73.01685427674046,74.02474249111569,72.92704630006091,73.20645904541016,1118800,0.0,0.0
2025-12-19 00:00:00-05:00,73.4758903477314,74.65342092314317,73.46591675930615,74.37400817871094,2145800,0.0,0.0
2025-12-22 00:00:00-05:00,75.09250080656895,76.40973772548269,74.98273042887396,75.82097625732422,864600,0.0,0.0
2025-12-23 00:00:00-05:00,75.51162117975059,76.83883932254412,75.51162117975059,76.31993103027344,1117900,0.0,0.0
2025-12-24 00:00:00-05:00,76.33988426805143,76.69913139132812,76.05049032911045,76.25007629394531,274400,0.0,0.0
2025-12-26 00:00:00-05:00,76.32990447855556,76.32990447855556,75.66130861419842,75.97065734863281,446300,0.0,0.0
2025-12-29 00:00:00-05:00,75.83094677586716,76.1403031065875,75.15236974732453,75.29207611083984,692700,0.0,0.0
2025-12-30 00:00:00-05:00,75.52160445020465,75.59145763787421,74.70332098889277,74.79312896728516,733400,0.0,0.0
2025-12-31 00:00:00-05:00,74.98273339214266,74.98273339214266,73.60562443585508,73.74533081054688,841600,0.0,0.0
2026-01-02 00:00:00-05:00,74.11454787287474,76.7490292979638,73.5657036032768,76.71908569335938,833700,0.0,0.0
2026-01-05 00:00:00-05:00,77.48747758564696,78.72488009417194,76.44965342534582,76.48957061767578,1389500,0.0,0.0
2026-01-06 00:00:00-05:00,76.48956938916756,78.72487882976215,76.02055190360589,78.24588775634766,959800,0.0,0.0
2026-01-07 00:00:00-05:00,78.77477905489049,79.06417299129603,77.52739533594897,79.01427459716797,1520200,0.0,0.0
2026-01-08 00:00:00-05:00,80.24170051675372,80.91029633780597,78.39556659122552,79.22383117675781,1463400,0.0,0.0
2026-01-09 00:00:00-05:00,79.69284944861245,80.81050797081667,79.61301506557804,80.58098602294922,1197500,0.0,0.0
2026-01-12 00:00:00-05:00,80.67079841854363,82.34728248709132,80.4911824670031,81.95809936523438,1179500,0.0,0.0
2026-01-13 00:00:00-05:00,82.7564277323221,83.55475637689946,82.27742902289042,82.38719940185547,846400,0.0,0.0
2026-01-14 00:00:00-05:00,82.29738741011563,83.56472588710045,81.79843393496122,83.1855239868164,964500,0.0,0.0
2026-01-15 00:00:00-05:00,83.48489840981978,84.46284294931674,83.4050640272494,84.0836410522461,1156400,0.0,0.0
2026-01-16 00:00:00-05:00,84.43291359037077,84.43291359037077,81.18971577463724,82.4171371459961,1256300,0.0,0.0
2026-01-20 00:00:00-05:00,81.40925564199014,82.48699703920447,80.3315142447758,81.09989929199219,1093800,0.0,0.0
2026-01-21 00:00:00-05:00,81.58887584161752,83.43500220987214,81.18971153170212,82.51692962646484,895300,0.0,0.0
2026-01-22 00:00:00-05:00,83.44498667076776,83.55475705061791,82.0379341363757,83.00590515136719,1039200,0.0,0.0
2026-01-23 00:00:00-05:00,83.31525466785338,84.00381294546892,82.58678680939684,83.973876953125,811000,0.0,0.0
2026-01-26 00:00:00-05:00,83.96389318774048,83.96389318774048,81.1298410021214,81.84832763671875,1524100,0.0,0.0
2026-01-27 00:00:00-05:00,82.36724005767103,82.8761747307856,81.32941592247256,81.3992691040039,1345300,0.0,0.0
2026-01-28 00:00:00-05:00,81.56891444196089,82.12774752808599,79.91239281356323,80.06208038330078,2660300,0.0,0.0
2026-01-29 00:00:00-05:00,83.81420419645195,87.81581327399199,82.12774659593336,84.38301086425781,3564300,0.0,0.0
2026-01-30 00:00:00-05:00,84.27323977999508,84.86200884574939,81.88824275315888,82.63667297363281,1636500,0.0,0.0
2026-02-02 00:00:00-05:00,81.84832791002081,82.4271157910197,79.83255914160284,81.41922760009766,1665500,0.0,0.0
2026-02-03 00:00:00-05:00,81.82837364452757,83.13562937255232,81.01009021261935,82.81629943847656,1232000,0.0,0.0
2026-02-04 00:00:00-05:00,82.92606636376644,83.44498224342156,80.4712161702696,82.36724090576172,1038700,0.0,0.0
2026-02-05 00:00:00-05:00,81.63876595288355,83.12565280479684,81.19969206765845,83.0258560180664,995000,0.0,0.0
2026-02-06 00:00:00-05:00,84.1934140693487,86.09941242917084,83.93395612455856,85.81999969482422,902500,0.0,0.0
2026-02-09 00:00:00-05:00,85.8499984741211,86.62999725341797,85.4000015258789,86.05999755859375,1020300,0.18,0.0
2026-02-10 00:00:00-05:00,86.16999816894531,87.51000213623047,85.30000305175781,86.87999725341797,1089300,0.0,0.0
2026-02-11 00:00:00-05:00,87.9000015258789,89.0,86.91000366210938,87.8499984741211,873700,0.0,0.0
2026-02-12 00:00:00-05:00,89.61000061035156,93.13999938964844,88.83999633789062,88.94999694824219,1839400,0.0,0.0
2026-02-13 00:00:00-05:00,89.05000305175781,90.9800033569336,88.88999938964844,89.79000091552734,1518900,0.0,0.0
2026-02-17 00:00:00-05:00,89.9000015258789,90.25,88.37999725341797,88.9800033569336,1305600,0.0,0.0
2026-02-18 00:00:00-05:00,89.12000274658203,90.19000244140625,87.2300033569336,87.87000274658203,1432400,0.0,0.0
2026-02-19 00:00:00-05:00,87.44999694824219,88.22000122070312,85.41000366210938,87.19000244140625,1375300,0.0,0.0
2026-02-20 00:00:00-05:00,87.12000274658203,90.16999816894531,86.61000061035156,89.94000244140625,1165106,0.0,0.0
