Date,Open,High,Low,Close,Volume,Dividends,Stock Splits
2022-06-30 00:00:00-04:00,16.799999237060547,17.6299991607666,15.399999618530273,17.6299991607666,500,0.0,0.0
2022-07-01 00:00:00-04:00,18.600000381469727,19.0,11.050000190734863,12.579999923706055,32500,0.0,0.0
2022-07-05 00:00:00-04:00,12.550000190734863,12.550000190734863,11.279999732971191,11.84000015258789,29000,0.0,0.0
2022-07-06 00:00:00-04:00,12.170000076293945,12.170000076293945,12.119999885559082,12.130000114440918,1600,0.0,0.0
2022-07-07 00:00:00-04:00,12.239999771118164,13.302000045776367,12.239999771118164,12.699999809265137,11900,0.0,0.0
2022-07-08 00:00:00-04:00,13.279999732971191,13.289999961853027,13.100000381469727,13.100000381469727,5200,0.0,0.0
2022-07-11 00:00:00-04:00,12.970999717712402,12.970999717712402,12.739999771118164,12.75,1800,0.0,0.0
2022-07-12 00:00:00-04:00,12.75,12.75,12.5,12.5,3500,0.0,0.0
2022-07-13 00:00:00-04:00,12.039999961853027,12.039999961853027,12.029999732971191,12.039999961853027,700,0.0,0.0
2022-07-14 00:00:00-04:00,12.039999961853027,12.039999961853027,12.039999961853027,12.039999961853027,300,0.0,0.0
2022-07-15 00:00:00-04:00,12.0,12.748000144958496,12.0,12.5,3000,0.0,0.0
2022-07-18 00:00:00-04:00,12.75,13.557000160217285,12.739999771118164,12.760000228881836,7600,0.0,0.0
2022-07-19 00:00:00-04:00,13.25,13.25,13.25,13.25,500,0.0,0.0
2022-07-20 00:00:00-04:00,14.0,15.0,14.0,14.199999809265137,2100,0.0,0.0
2022-07-21 00:00:00-04:00,17.420000076293945,17.420000076293945,14.989999771118164,15.109999656677246,33600,0.0,0.0
2022-07-22 00:00:00-04:00,16.170000076293945,16.200000762939453,14.329999923706055,14.760000228881836,27700,0.0,0.0
2022-07-25 00:00:00-04:00,15.600000381469727,15.600000381469727,14.25,14.75,13700,0.0,0.0
2022-07-26 00:00:00-04:00,14.720000267028809,14.8100004196167,14.25,14.550000190734863,12400,0.0,0.0
2022-07-27 00:00:00-04:00,14.510000228881836,15.930000305175781,12.899999618530273,15.09000015258789,14000,0.0,0.0
2022-07-28 00:00:00-04:00,16.149999618530273,16.579999923706055,15.5,16.020000457763672,16300,0.0,0.0
2022-07-29 00:00:00-04:00,16.5,17.079999923706055,16.0,16.299999237060547,12200,0.0,0.0
2022-08-01 00:00:00-04:00,17.270000457763672,19.420000076293945,16.5,17.219999313354492,48900,0.0,0.0
2022-08-02 00:00:00-04:00,17.1299991607666,17.1299991607666,15.925000190734863,15.925000190734863,41900,0.0,0.0
2022-08-03 00:00:00-04:00,16.719999313354492,16.72599983215332,16.0,16.399999618530273,31300,0.0,0.0
2022-08-04 00:00:00-04:00,19.0,19.0,17.735000610351562,18.0,22600,0.0,0.0
2022-08-05 00:00:00-04:00,19.0,19.447999954223633,18.25,18.760000228881836,26200,0.0,0.0
2022-08-08 00:00:00-04:00,20.0,20.90999984741211,19.700000762939453,20.5,44100,0.0,0.0
2022-08-09 00:00:00-04:00,21.0,21.0,19.5,19.989999771118164,37000,0.0,0.0
2022-08-10 00:00:00-04:00,20.5,20.5,19.54400062561035,19.801000595092773,16300,0.0,0.0
2022-08-11 00:00:00-04:00,20.860000610351562,20.860000610351562,19.799999237060547,20.014999389648438,17800,0.0,0.0
2022-08-12 00:00:00-04:00,20.850000381469727,20.850000381469727,19.850000381469727,20.3700008392334,20400,0.0,0.0
2022-08-15 00:00:00-04:00,20.3700008392334,20.739999771118164,19.6200008392334,20.354999542236328,30300,0.0,0.0
2022-08-16 00:00:00-04:00,20.5,20.5,20.190000534057617,20.364999771118164,8400,0.0,0.0
2022-08-17 00:00:00-04:00,20.5,20.5,19.510000228881836,19.81399917602539,26700,0.0,0.0
2022-08-18 00:00:00-04:00,19.809999465942383,19.93899917602539,19.424999237060547,19.549999237060547,7500,0.0,0.0
2022-08-19 00:00:00-04:00,19.5,19.540000915527344,18.8700008392334,19.260000228881836,16500,0.0,0.0
2022-08-22 00:00:00-04:00,19.0,19.15999984741211,18.5,19.1200008392334,18400,0.0,0.0
2022-08-23 00:00:00-04:00,18.489999771118164,18.725000381469727,18.128999710083008,18.510000228881836,21500,0.0,0.0
2022-08-24 00:00:00-04:00,18.420000076293945,19.290000915527344,18.420000076293945,19.049999237060547,7500,0.0,0.0
2022-08-25 00:00:00-04:00,19.25,19.399999618530273,18.635000228881836,18.850000381469727,20500,0.0,0.0
2022-08-26 00:00:00-04:00,19.139999389648438,19.139999389648438,17.709999084472656,17.799999237060547,17200,0.0,0.0
2022-08-29 00:00:00-04:00,17.739999771118164,18.729999542236328,17.100000381469727,17.799999237060547,16000,0.0,0.0
2022-08-30 00:00:00-04:00,18.209999084472656,18.753999710083008,17.708999633789062,17.850000381469727,9200,0.0,0.0
2022-08-31 00:00:00-04:00,18.950000762939453,18.950000762939453,18.200000762939453,18.200000762939453,6000,0.0,0.0
2022-09-01 00:00:00-04:00,17.3799991607666,18.0,17.3799991607666,18.0,8500,0.0,0.0
2022-09-02 00:00:00-04:00,18.030000686645508,18.030000686645508,17.010000228881836,17.15999984741211,15900,0.0,0.0
2022-09-06 00:00:00-04:00,17.200000762939453,17.68000030517578,17.0,17.489999771118164,6300,0.0,0.0
2022-09-07 00:00:00-04:00,17.5,17.674999237060547,17.5,17.649999618530273,5300,0.0,0.0
2022-09-08 00:00:00-04:00,17.350000381469727,18.719999313354492,17.020000457763672,18.40999984741211,5200,0.0,0.0
2022-09-09 00:00:00-04:00,18.90999984741211,19.639999389648438,18.709999084472656,19.038000106811523,14600,0.0,0.0
2022-09-12 00:00:00-04:00,19.020000457763672,19.020000457763672,18.209999084472656,18.579999923706055,7100,0.0,0.0
2022-09-13 00:00:00-04:00,18.459999084472656,19.097000122070312,18.139999389648438,18.65999984741211,13800,0.0,0.0
2022-09-14 00:00:00-04:00,18.6299991607666,19.60700035095215,18.37700080871582,18.93000030517578,3800,0.0,0.0
2022-09-15 00:00:00-04:00,19.049999237060547,19.049999237060547,17.959999084472656,18.0,14600,0.0,0.0
2022-09-16 00:00:00-04:00,17.780000686645508,18.700000762939453,17.780000686645508,18.700000762939453,6100,0.0,0.0
2022-09-19 00:00:00-04:00,18.329999923706055,18.799999237060547,18.329999923706055,18.799999237060547,8300,0.0,0.0
2022-09-20 00:00:00-04:00,18.510000228881836,19.200000762939453,18.510000228881836,18.75,11000,0.0,0.0
2022-09-21 00:00:00-04:00,18.35300064086914,18.35300064086914,17.59600067138672,17.649999618530273,4800,0.0,0.0
2022-09-22 00:00:00-04:00,17.5,18.200000762939453,17.5,17.674999237060547,5000,0.0,0.0
2022-09-23 00:00:00-04:00,17.25,17.37700080871582,15.760000228881836,16.280000686645508,38200,0.0,0.0
2022-09-26 00:00:00-04:00,15.010000228881836,15.90999984741211,15.010000228881836,15.25,7700,0.0,0.0
2022-09-27 00:00:00-04:00,15.029999732971191,16.149999618530273,15.029999732971191,15.729999542236328,4700,0.0,0.0
2022-09-28 00:00:00-04:00,15.26099967956543,16.329999923706055,15.260000228881836,16.25,11800,0.0,0.0
2022-09-29 00:00:00-04:00,15.729999542236328,16.325000762939453,15.470000267028809,15.470000267028809,4200,0.0,0.0
2022-09-30 00:00:00-04:00,16.350000381469727,16.530000686645508,15.970999717712402,16.079999923706055,6100,0.0,0.0
2022-10-03 00:00:00-04:00,16.020000457763672,16.610000610351562,15.899999618530273,16.1299991607666,6200,0.0,0.0
2022-10-04 00:00:00-04:00,16.200000762939453,16.290000915527344,16.200000762939453,16.239999771118164,3200,0.0,0.0
2022-10-05 00:00:00-04:00,15.600000381469727,16.479999542236328,15.600000381469727,16.479999542236328,900,0.0,0.0
2022-10-06 00:00:00-04:00,16.982999801635742,17.0,16.31800079345703,16.450000762939453,5100,0.0,0.0
2022-10-07 00:00:00-04:00,16.01799964904785,16.01799964904785,15.800000190734863,15.960000038146973,2000,0.0,0.0
2022-10-10 00:00:00-04:00,15.84000015258789,15.930000305175781,15.357000350952148,15.380000114440918,2100,0.0,0.0
2022-10-11 00:00:00-04:00,15.010000228881836,15.600000381469727,15.010000228881836,15.369999885559082,16300,0.0,0.0
2022-10-12 00:00:00-04:00,14.989999771118164,15.41100025177002,13.850000381469727,14.779999732971191,19200,0.0,0.0
2022-10-13 00:00:00-04:00,13.380000114440918,14.6899995803833,13.170000076293945,14.680000305175781,12000,0.0,0.0
2022-10-14 00:00:00-04:00,13.369999885559082,13.920000076293945,13.119999885559082,13.600000381469727,13200,0.0,0.0
2022-10-17 00:00:00-04:00,13.619999885559082,13.979999542236328,13.399999618530273,13.399999618530273,1000,0.0,0.0
2022-10-18 00:00:00-04:00,13.800000190734863,14.449999809265137,13.800000190734863,14.364999771118164,6200,0.0,0.0
2022-10-19 00:00:00-04:00,13.84000015258789,14.6899995803833,13.84000015258789,14.399999618530273,3100,0.0,0.0
2022-10-20 00:00:00-04:00,14.0,14.0,13.399999618530273,13.770000457763672,3700,0.0,0.0
2022-10-21 00:00:00-04:00,14.449999809265137,14.449999809265137,13.680000305175781,13.710000038146973,6500,0.0,0.0
2022-10-24 00:00:00-04:00,14.779999732971191,15.154999732971191,14.539999961853027,15.130000114440918,7300,0.0,0.0
2022-10-25 00:00:00-04:00,13.869999885559082,14.319999694824219,13.720000267028809,14.210000038146973,6900,0.0,0.0
2022-10-26 00:00:00-04:00,14.350000381469727,14.350000381469727,14.100000381469727,14.25,2100,0.0,0.0
2022-10-27 00:00:00-04:00,13.989999771118164,15.25,13.989999771118164,15.239999771118164,3200,0.0,0.0
2022-10-28 00:00:00-04:00,14.489999771118164,14.489999771118164,14.128999710083008,14.199999809265137,4900,0.0,0.0
2022-10-31 00:00:00-04:00,14.069999694824219,14.539999961853027,14.069999694824219,14.300000190734863,2300,0.0,0.0
2022-11-01 00:00:00-04:00,14.824999809265137,14.824999809265137,14.550000190734863,14.550000190734863,1400,0.0,0.0
2022-11-02 00:00:00-04:00,14.960000038146973,14.960000038146973,13.970000267028809,14.241999626159668,1000,0.0,0.0
2022-11-03 00:00:00-04:00,13.920000076293945,14.5,13.920000076293945,14.482000350952148,1600,0.0,0.0
2022-11-04 00:00:00-04:00,14.970000267028809,15.116999626159668,14.640000343322754,15.0,3400,0.0,0.0
2022-11-07 00:00:00-05:00,15.119999885559082,15.289999961853027,14.949999809265137,14.949999809265137,800,0.0,0.0
2022-11-08 00:00:00-05:00,14.75,15.145999908447266,14.75,15.050000190734863,1400,0.0,0.0
2022-11-09 00:00:00-05:00,15.15999984741211,15.199999809265137,15.100000381469727,15.100000381469727,2600,0.0,0.0
2022-11-10 00:00:00-05:00,16.190000534057617,16.190000534057617,14.930000305175781,16.0,5200,0.0,0.0
2022-11-11 00:00:00-05:00,16.31999969482422,16.850000381469727,16.31999969482422,16.469999313354492,5900,0.0,0.0
2022-11-14 00:00:00-05:00,16.860000610351562,17.8700008392334,16.799999237060547,16.799999237060547,29300,0.0,0.0
2022-11-15 00:00:00-05:00,16.799999237060547,16.799999237060547,15.800000190734863,16.399999618530273,13400,0.0,0.0
2022-11-16 00:00:00-05:00,16.136999130249023,16.136999130249023,15.8100004196167,16.0,2800,0.0,0.0
2022-11-17 00:00:00-05:00,15.010000228881836,15.90999984741211,15.0,15.90999984741211,400,0.0,0.0
2022-11-18 00:00:00-05:00,15.5,15.550000190734863,14.819999694824219,14.819999694824219,7500,0.0,0.0
2022-11-21 00:00:00-05:00,14.5,15.350000381469727,14.300000190734863,14.380000114440918,6400,0.0,0.0
2022-11-22 00:00:00-05:00,14.8149995803833,14.8149995803833,14.8149995803833,14.8149995803833,500,0.0,0.0
2022-11-23 00:00:00-05:00,14.930000305175781,15.758000373840332,14.930000305175781,15.758000373840332,1600,0.0,0.0
2022-11-25 00:00:00-05:00,14.699999809265137,14.710000038146973,14.699999809265137,14.710000038146973,2500,0.0,0.0
2022-11-28 00:00:00-05:00,14.586000442504883,14.760000228881836,14.25,14.335000038146973,7000,0.0,0.0
2022-11-29 00:00:00-05:00,14.6899995803833,14.739999771118164,14.6899995803833,14.6899995803833,2100,0.0,0.0
2022-11-30 00:00:00-05:00,15.520000457763672,15.84000015258789,15.5,15.5,7800,0.0,0.0
2022-12-01 00:00:00-05:00,16.049999237060547,16.049999237060547,15.5,15.5,1800,0.0,0.0
2022-12-02 00:00:00-05:00,16.06999969482422,17.280000686645508,15.680000305175781,17.25,1200,0.0,0.0
2022-12-05 00:00:00-05:00,16.729999542236328,16.729999542236328,16.34000015258789,16.34000015258789,1600,0.0,0.0
2022-12-06 00:00:00-05:00,14.9399995803833,15.619999885559082,14.770000457763672,14.777000427246094,3200,0.0,0.0
2022-12-07 00:00:00-05:00,15.0,15.0,14.675000190734863,14.89900016784668,1000,0.0,0.0
2022-12-08 00:00:00-05:00,14.89900016784668,14.89900016784668,14.89900016784668,14.89900016784668,300,0.0,0.0
2022-12-09 00:00:00-05:00,14.15999984741211,14.569999694824219,14.15999984741211,14.569999694824219,1800,0.0,0.0
2022-12-12 00:00:00-05:00,14.0,14.100000381469727,13.255000114440918,13.890000343322754,10800,0.0,0.0
2022-12-13 00:00:00-05:00,13.609999656677246,14.880000114440918,13.5,14.880000114440918,8300,0.0,0.0
2022-12-14 00:00:00-05:00,14.880000114440918,14.880000114440918,14.880000114440918,14.880000114440918,100,0.0,0.0
2022-12-15 00:00:00-05:00,13.4399995803833,13.871999740600586,12.75,13.199999809265137,6100,0.0,0.0
2022-12-16 00:00:00-05:00,13.149999618530273,13.654999732971191,12.680000305175781,13.654999732971191,2500,0.0,0.0
2022-12-19 00:00:00-05:00,12.649999618530273,13.644000053405762,12.649999618530273,13.644000053405762,5300,0.0,0.0
2022-12-20 00:00:00-05:00,12.699999809265137,12.699999809265137,11.25,11.25,12000,0.0,0.0
2022-12-21 00:00:00-05:00,11.0,11.456000328063965,11.0,11.0,5500,0.0,0.0
2022-12-22 00:00:00-05:00,11.25,12.244999885559082,10.899999618530273,11.74899959564209,11300,0.0,0.0
2022-12-23 00:00:00-05:00,11.0,11.0,10.699999809265137,10.699999809265137,11400,0.0,0.0
2022-12-27 00:00:00-05:00,11.331999778747559,12.4399995803833,10.770000457763672,11.0,2900,0.0,0.0
2022-12-28 00:00:00-05:00,10.399999618530273,10.5,10.010000228881836,10.010000228881836,2300,0.0,0.0
2022-12-29 00:00:00-05:00,10.100000381469727,10.354999542236328,10.100000381469727,10.354999542236328,1800,0.0,0.0
2022-12-30 00:00:00-05:00,10.600000381469727,10.885000228881836,10.5,10.881999969482422,3100,0.0,0.0
2023-01-03 00:00:00-05:00,10.5,10.800000190734863,10.5,10.5,3400,0.0,0.0
2023-01-04 00:00:00-05:00,10.5,11.125,10.5,10.5600004196167,5600,0.0,0.0
2023-01-05 00:00:00-05:00,11.09000015258789,11.630000114440918,11.0,11.517999649047852,24000,0.0,0.0
2023-01-06 00:00:00-05:00,11.529999732971191,12.029999732971191,11.529999732971191,11.869999885559082,9400,0.0,0.0
2023-01-09 00:00:00-05:00,12.46500015258789,12.675000190734863,12.46500015258789,12.619999885559082,1700,0.0,0.0
2023-01-10 00:00:00-05:00,12.220000267028809,12.859999656677246,12.0,12.0,2100,0.0,0.0
2023-01-11 00:00:00-05:00,12.496000289916992,12.630000114440918,12.300000190734863,12.630000114440918,2100,0.0,0.0
2023-01-12 00:00:00-05:00,13.109999656677246,14.010000228881836,13.079999923706055,14.010000228881836,3100,0.0,0.0
2023-01-13 00:00:00-05:00,13.949999809265137,24.0,13.949999809265137,17.100000381469727,474200,0.0,0.0
2023-01-17 00:00:00-05:00,15.800000190734863,15.869000434875488,14.899999618530273,14.920000076293945,170600,0.0,0.0
2023-01-18 00:00:00-05:00,14.899999618530273,15.470000267028809,14.800000190734863,14.859999656677246,47700,0.0,0.0
2023-01-19 00:00:00-05:00,13.5,14.850000381469727,13.5,13.5,59800,0.0,0.0
2023-01-20 00:00:00-05:00,13.199999809265137,14.119999885559082,12.949999809265137,13.34000015258789,185000,0.0,0.0
2023-01-23 00:00:00-05:00,13.34000015258789,13.34000015258789,12.979999542236328,13.0,43700,0.0,0.0
2023-01-24 00:00:00-05:00,13.109999656677246,13.819000244140625,13.050000190734863,13.470000267028809,24300,0.0,0.0
2023-01-25 00:00:00-05:00,13.25,13.524999618530273,13.25,13.399999618530273,4900,0.0,0.0
2023-01-26 00:00:00-05:00,13.329999923706055,13.725000381469727,13.289999961853027,13.350000381469727,11900,0.0,0.0
2023-01-27 00:00:00-05:00,13.100000381469727,13.390000343322754,13.050000190734863,13.050000190734863,26500,0.0,0.0
2023-01-30 00:00:00-05:00,13.390000343322754,13.390000343322754,13.0,13.260000228881836,14500,0.0,0.0
2023-01-31 00:00:00-05:00,12.5,13.0,12.350000381469727,12.350000381469727,35300,0.0,0.0
2023-02-01 00:00:00-05:00,12.34000015258789,12.519000053405762,12.199999809265137,12.458999633789062,20200,0.0,0.0
2023-02-02 00:00:00-05:00,12.479999542236328,12.699999809265137,12.210000038146973,12.40999984741211,15000,0.0,0.0
2023-02-03 00:00:00-05:00,12.699999809265137,12.859999656677246,12.40999984741211,12.539999961853027,14900,0.0,0.0
2023-02-06 00:00:00-05:00,12.199999809265137,12.449999809265137,11.850000381469727,12.199999809265137,43600,0.0,0.0
2023-02-07 00:00:00-05:00,12.0,12.0,11.651000022888184,11.739999771118164,12000,0.0,0.0
2023-02-08 00:00:00-05:00,11.850000381469727,12.380000114440918,11.789999961853027,12.350000381469727,19000,0.0,0.0
2023-02-09 00:00:00-05:00,11.930000305175781,11.965999603271484,11.5,11.5,34700,0.0,0.0
2023-02-10 00:00:00-05:00,11.5,11.5,11.109999656677246,11.3100004196167,19500,0.0,0.0
2023-02-13 00:00:00-05:00,11.079999923706055,11.180000305175781,10.880000114440918,10.949999809265137,19800,0.0,0.0
2023-02-14 00:00:00-05:00,10.819999694824219,11.317999839782715,10.819999694824219,10.90999984741211,10500,0.0,0.0
2023-02-15 00:00:00-05:00,11.140000343322754,11.4350004196167,10.899999618530273,11.100000381469727,11500,0.0,0.0
2023-02-16 00:00:00-05:00,11.119999885559082,11.369999885559082,11.119999885559082,11.119999885559082,9800,0.0,0.0
2023-02-17 00:00:00-05:00,11.420000076293945,12.270000457763672,10.960000038146973,11.229999542236328,13000,0.0,0.0
2023-02-21 00:00:00-05:00,11.229999542236328,11.229999542236328,10.880999565124512,10.949999809265137,13500,0.0,0.0
2023-02-22 00:00:00-05:00,10.800000190734863,10.989999771118164,10.199999809265137,10.232999801635742,22200,0.0,0.0
2023-02-23 00:00:00-05:00,10.369999885559082,10.6850004196167,10.149999618530273,10.5,18900,0.0,0.0
2023-02-24 00:00:00-05:00,10.350000381469727,10.350000381469727,10.02400016784668,10.220000267028809,17400,0.0,0.0
2023-02-27 00:00:00-05:00,10.039999961853027,10.317999839782715,10.0,10.0600004196167,16400,0.0,0.0
2023-02-28 00:00:00-05:00,10.1899995803833,10.399999618530273,10.100000381469727,10.100000381469727,8900,0.0,0.0
2023-03-01 00:00:00-05:00,10.199999809265137,10.199999809265137,9.890000343322754,10.107999801635742,10100,0.0,0.0
2023-03-02 00:00:00-05:00,9.800000190734863,9.800000190734863,9.3100004196167,9.579999923706055,22900,0.0,0.0
2023-03-03 00:00:00-05:00,9.946000099182129,9.960000038146973,9.682000160217285,9.829999923706055,10100,0.0,0.0
2023-03-06 00:00:00-05:00,9.979999542236328,10.390000343322754,9.979999542236328,10.329999923706055,15600,0.0,0.0
2023-03-07 00:00:00-05:00,10.0,10.0,9.399999618530273,9.420000076293945,18100,0.0,0.0
2023-03-08 00:00:00-05:00,9.300000190734863,9.329999923706055,9.0,9.109999656677246,16400,0.0,0.0
2023-03-09 00:00:00-05:00,9.199999809265137,9.508999824523926,9.0,9.0,8300,0.0,0.0
2023-03-10 00:00:00-05:00,9.0,9.0,8.5,8.609999656677246,11600,0.0,0.0
2023-03-13 00:00:00-04:00,8.510000228881836,8.510000228881836,8.149999618530273,8.380000114440918,18600,0.0,0.0
2023-03-14 00:00:00-04:00,8.199999809265137,8.229999542236328,7.880000114440918,8.107000350952148,21100,0.0,0.0
2023-03-15 00:00:00-04:00,7.769999980926514,7.840000152587891,7.519999980926514,7.824999809265137,12100,0.0,0.0
2023-03-16 00:00:00-04:00,8.0,8.0,7.485000133514404,7.75,9700,0.0,0.0
2023-03-17 00:00:00-04:00,7.570000171661377,7.570000171661377,7.300000190734863,7.300000190734863,13400,0.0,0.0
2023-03-20 00:00:00-04:00,7.619999885559082,7.949999809265137,7.369999885559082,7.920000076293945,11600,0.0,0.0
2023-03-21 00:00:00-04:00,7.650000095367432,8.0,7.650000095367432,7.985000133514404,4900,0.0,0.0
2023-03-22 00:00:00-04:00,7.880000114440918,7.96999979019165,7.86899995803833,7.914000034332275,4800,0.0,0.0
2023-03-23 00:00:00-04:00,7.920000076293945,7.920000076293945,7.320000171661377,7.389999866485596,12600,0.0,0.0
2023-03-24 00:00:00-04:00,7.75,7.889999866485596,7.5,7.699999809265137,2400,0.0,0.0
2023-03-27 00:00:00-04:00,7.679999828338623,7.679999828338623,7.309999942779541,7.309999942779541,14600,0.0,0.0
2023-03-28 00:00:00-04:00,7.760000228881836,8.119999885559082,7.760000228881836,8.109999656677246,11000,0.0,0.0
2023-03-29 00:00:00-04:00,8.010000228881836,8.5,7.750999927520752,7.750999927520752,22000,0.0,0.0
2023-03-30 00:00:00-04:00,8.23799991607666,8.260000228881836,8.14900016784668,8.199999809265137,2700,0.0,0.0
2023-03-31 00:00:00-04:00,8.380000114440918,8.380000114440918,7.809999942779541,7.928999900817871,13800,0.0,0.0
2023-04-03 00:00:00-04:00,7.980000019073486,7.980000019073486,7.710000038146973,7.730000019073486,7200,0.0,0.0
2023-04-04 00:00:00-04:00,8.0,8.15999984741211,8.0,8.0,11600,0.0,0.0
2023-04-05 00:00:00-04:00,8.0,8.010000228881836,7.809999942779541,7.820000171661377,8700,0.0,0.0
2023-04-06 00:00:00-04:00,7.940000057220459,7.980000019073486,7.690000057220459,7.980000019073486,4200,0.0,0.0
2023-04-10 00:00:00-04:00,7.809999942779541,7.849999904632568,7.710999965667725,7.840000152587891,6900,0.0,0.0
2023-04-11 00:00:00-04:00,8.199999809265137,8.260000228881836,8.199999809265137,8.246999740600586,1800,0.0,0.0
2023-04-12 00:00:00-04:00,8.199999809265137,8.239999771118164,8.029999732971191,8.085000038146973,3600,0.0,0.0
2023-04-13 00:00:00-04:00,8.15999984741211,8.369999885559082,8.15999984741211,8.3100004196167,6900,0.0,0.0
2023-04-14 00:00:00-04:00,8.319999694824219,8.319999694824219,8.140000343322754,8.140000343322754,800,0.0,0.0
2023-04-17 00:00:00-04:00,8.15999984741211,8.1899995803833,8.0,8.104999542236328,5500,0.0,0.0
2023-04-18 00:00:00-04:00,8.600000381469727,8.670000076293945,8.180999755859375,8.260000228881836,4500,0.0,0.0
2023-04-19 00:00:00-04:00,8.380000114440918,8.489999771118164,8.25,8.369999885559082,5300,0.0,0.0
2023-04-20 00:00:00-04:00,8.5,8.5,8.25,8.25,1000,0.0,0.0
2023-04-21 00:00:00-04:00,8.119999885559082,8.149999618530273,8.050000190734863,8.050000190734863,4100,0.0,0.0
2023-04-24 00:00:00-04:00,8.010000228881836,8.069999694824219,7.849999904632568,7.986999988555908,4200,0.0,0.0
2023-04-25 00:00:00-04:00,7.769999980926514,7.822000026702881,7.585000038146973,7.800000190734863,3500,0.0,0.0
2023-04-26 00:00:00-04:00,7.889999866485596,8.229999542236328,7.5,8.010000228881836,10900,0.0,0.0
2023-04-27 00:00:00-04:00,8.1899995803833,8.199999809265137,8.119999885559082,8.135000228881836,2900,0.0,0.0
2023-04-28 00:00:00-04:00,8.149999618530273,8.59000015258789,8.125,8.529999732971191,14500,0.0,0.0
2023-05-01 00:00:00-04:00,8.130000114440918,8.229000091552734,7.880000114440918,7.980999946594238,14800,0.0,0.0
2023-05-02 00:00:00-04:00,8.1899995803833,8.380000114440918,8.069999694824219,8.069999694824219,19100,0.0,0.0
2023-05-03 00:00:00-04:00,8.5,8.970000267028809,8.329999923706055,8.619999885559082,101500,0.0,0.0
2023-05-04 00:00:00-04:00,9.229999542236328,9.229999542236328,8.819999694824219,8.9399995803833,40800,0.0,0.0
2023-05-05 00:00:00-04:00,9.239999771118164,9.800000190734863,9.229999542236328,9.699999809265137,56900,0.0,0.0
2023-05-08 00:00:00-04:00,10.140000343322754,10.527999877929688,9.899999618530273,10.279999732971191,36000,0.0,0.0
2023-05-09 00:00:00-04:00,10.279999732971191,10.279999732971191,9.59000015258789,9.619999885559082,23100,0.0,0.0
2023-05-10 00:00:00-04:00,10.25,10.84000015258789,10.25,10.6899995803833,23000,0.0,0.0
2023-05-11 00:00:00-04:00,11.09000015258789,11.09000015258789,10.279999732971191,10.300000190734863,22400,0.0,0.0
2023-05-12 00:00:00-04:00,10.45199966430664,10.460000038146973,9.84000015258789,10.149999618530273,11100,0.0,0.0
2023-05-15 00:00:00-04:00,10.1899995803833,10.25,9.8100004196167,9.850000381469727,17300,0.0,0.0
2023-05-16 00:00:00-04:00,9.640000343322754,9.85099983215332,9.350000381469727,9.470000267028809,10700,0.0,0.0
2023-05-17 00:00:00-04:00,9.75,9.770000457763672,9.536999702453613,9.75,6300,0.0,0.0
2023-05-18 00:00:00-04:00,10.079999923706055,10.279999732971191,10.0,10.199999809265137,17600,0.0,0.0
2023-05-19 00:00:00-04:00,10.1899995803833,10.399999618530273,9.942999839782715,10.010000228881836,24700,0.0,0.0
2023-05-22 00:00:00-04:00,9.9399995803833,9.960000038146973,9.699999809265137,9.760000228881836,9800,0.0,0.0
2023-05-23 00:00:00-04:00,9.6899995803833,9.701000213623047,9.550000190734863,9.550000190734863,12300,0.0,0.0
2023-05-24 00:00:00-04:00,9.5,9.5,8.920000076293945,9.17199993133545,8100,0.0,0.0
2023-05-25 00:00:00-04:00,9.270000457763672,9.350000381469727,8.850000381469727,8.880000114440918,11000,0.0,0.0
2023-05-26 00:00:00-04:00,9.0,9.09000015258789,8.880000114440918,9.09000015258789,8200,0.0,0.0
2023-05-30 00:00:00-04:00,8.960000038146973,9.149999618530273,8.75,8.75,17800,0.0,0.0
2023-05-31 00:00:00-04:00,8.88599967956543,8.989999771118164,8.75,8.934000015258789,3800,0.0,0.0
2023-06-01 00:00:00-04:00,9.0600004196167,9.180000305175781,8.9350004196167,9.15999984741211,2200,0.0,0.0
2023-06-02 00:00:00-04:00,9.270000457763672,9.300000190734863,9.07800006866455,9.079999923706055,12800,0.0,0.0
2023-06-05 00:00:00-04:00,9.050000190734863,9.119999885559082,8.97700023651123,9.01200008392334,5500,0.0,0.0
2023-06-06 00:00:00-04:00,9.050000190734863,9.430000305175781,9.050000190734863,9.399999618530273,9300,0.0,0.0
2023-06-07 00:00:00-04:00,9.899999618530273,9.899999618530273,9.380000114440918,9.390000343322754,11700,0.0,0.0
2023-06-08 00:00:00-04:00,9.390000343322754,9.390000343322754,9.09000015258789,9.15999984741211,9200,0.0,0.0
2023-06-09 00:00:00-04:00,9.204999923706055,9.210000038146973,8.960000038146973,9.104999542236328,13900,0.0,0.0
2023-06-12 00:00:00-04:00,9.1899995803833,9.1899995803833,9.020000457763672,9.10099983215332,11100,0.0,0.0
2023-06-13 00:00:00-04:00,9.343999862670898,9.600000381469727,9.33899974822998,9.550000190734863,19100,0.0,0.0
2023-06-14 00:00:00-04:00,9.680000305175781,9.680000305175781,9.449999809265137,9.449999809265137,26300,0.0,0.0
2023-06-15 00:00:00-04:00,9.600000381469727,9.770000457763672,9.600000381469727,9.770000457763672,14000,0.0,0.0
2023-06-16 00:00:00-04:00,10.0,10.630000114440918,9.979999542236328,10.479999542236328,34400,0.0,0.0
2023-06-20 00:00:00-04:00,10.199999809265137,10.199999809265137,9.890000343322754,10.064000129699707,17600,0.0,0.0
2023-06-21 00:00:00-04:00,9.770000457763672,9.770000457763672,9.140000343322754,9.550000190734863,21600,0.0,0.0
2023-06-22 00:00:00-04:00,9.149999618530273,9.289999961853027,9.09000015258789,9.1899995803833,20800,0.0,0.0
2023-06-23 00:00:00-04:00,9.020000457763672,9.020000457763672,8.600000381469727,8.711000442504883,12700,0.0,0.0
2023-06-26 00:00:00-04:00,8.88700008392334,8.979999542236328,8.649999618530273,8.800000190734863,4200,0.0,0.0
2023-06-27 00:00:00-04:00,8.770000457763672,8.800000190734863,8.59000015258789,8.619999885559082,7900,0.0,0.0
2023-06-28 00:00:00-04:00,8.690999984741211,8.979999542236328,8.600000381469727,8.809000015258789,5800,0.0,0.0
2023-06-29 00:00:00-04:00,8.970000267028809,8.970000267028809,8.864999771118164,8.864999771118164,1500,0.0,0.0
2023-06-30 00:00:00-04:00,8.880000114440918,9.100000381469727,8.880000114440918,9.100000381469727,8500,0.0,0.0
2023-07-03 00:00:00-04:00,8.979999542236328,8.979999542236328,8.75,8.75,21900,0.0,0.0
2023-07-05 00:00:00-04:00,8.850000381469727,9.223999977111816,8.75,9.039999961853027,3700,0.0,0.0
2023-07-06 00:00:00-04:00,8.6899995803833,8.91100025177002,8.399999618530273,8.399999618530273,14000,0.0,0.0
2023-07-07 00:00:00-04:00,8.520000457763672,8.779999732971191,8.5,8.550000190734863,5400,0.0,0.0
2023-07-10 00:00:00-04:00,8.430000305175781,8.699999809265137,8.321999549865723,8.583999633789062,7600,0.0,0.0
2023-07-11 00:00:00-04:00,8.729999542236328,9.100000381469727,8.729999542236328,8.890000343322754,7200,0.0,0.0
2023-07-12 00:00:00-04:00,8.90999984741211,9.128999710083008,8.90999984741211,9.09000015258789,13200,0.0,0.0
2023-07-13 00:00:00-04:00,9.529999732971191,9.717000007629395,9.529999732971191,9.569999694824219,15700,0.0,0.0
2023-07-14 00:00:00-04:00,9.718000411987305,9.930000305175781,9.40999984741211,9.479999542236328,10700,0.0,0.0
2023-07-17 00:00:00-04:00,9.729999542236328,9.89900016784668,8.897000312805176,9.89900016784668,6500,0.0,0.0
2023-07-18 00:00:00-04:00,9.289999961853027,9.545999526977539,9.170000076293945,9.289999961853027,14700,0.0,0.0
2023-07-19 00:00:00-04:00,9.029999732971191,9.194999694824219,8.869999885559082,8.869999885559082,11400,0.0,0.0
2023-07-20 00:00:00-04:00,9.050000190734863,9.288000106811523,8.90999984741211,8.9399995803833,8600,0.0,0.0
2023-07-21 00:00:00-04:00,9.010000228881836,9.0600004196167,8.9399995803833,8.979999542236328,7800,0.0,0.0
2023-07-24 00:00:00-04:00,8.40999984741211,8.649999618530273,8.270999908447266,8.473999977111816,28500,0.0,0.0
2023-07-25 00:00:00-04:00,8.5600004196167,9.5600004196167,8.350000381469727,8.805000305175781,16900,0.0,0.0
2023-07-26 00:00:00-04:00,8.5,8.65999984741211,8.25,8.281000137329102,24500,0.0,0.0
2023-07-27 00:00:00-04:00,8.279999732971191,8.3100004196167,8.199999809265137,8.199999809265137,6000,0.0,0.0
2023-07-28 00:00:00-04:00,8.270000457763672,8.300000190734863,8.050000190734863,8.258000373840332,16500,0.0,0.0
2023-07-31 00:00:00-04:00,8.119999885559082,8.5,8.0,8.34000015258789,37900,0.0,0.0
2023-08-01 00:00:00-04:00,8.430000305175781,8.489999771118164,8.029999732971191,8.335000038146973,22400,0.0,0.0
2023-08-02 00:00:00-04:00,8.039999961853027,8.039999961853027,7.599999904632568,7.800000190734863,58500,0.0,0.0
2023-08-03 00:00:00-04:00,7.75,7.75,7.449999809265137,7.71999979019165,17800,0.0,0.0
2023-08-04 00:00:00-04:00,7.699999809265137,7.809999942779541,7.550000190734863,7.71999979019165,22000,0.0,0.0
2023-08-07 00:00:00-04:00,7.539999961853027,7.699999809265137,7.539999961853027,7.619999885559082,4200,0.0,0.0
2023-08-08 00:00:00-04:00,7.46999979019165,7.53000020980835,7.300000190734863,7.53000020980835,16800,0.0,0.0
2023-08-09 00:00:00-04:00,7.139999866485596,7.199999809265137,6.960000038146973,7.010000228881836,28200,0.0,0.0
2023-08-10 00:00:00-04:00,7.170000076293945,7.389999866485596,7.0370001792907715,7.190000057220459,9900,0.0,0.0
2023-08-11 00:00:00-04:00,7.070000171661377,7.190000057220459,7.0,7.119999885559082,3300,0.0,0.0
2023-08-14 00:00:00-04:00,7.110000133514404,7.150000095367432,7.065000057220459,7.065000057220459,3500,0.0,0.0
2023-08-15 00:00:00-04:00,7.010000228881836,7.054999828338623,6.960000038146973,6.960000038146973,13500,0.0,0.0
2023-08-16 00:00:00-04:00,7.25,7.25,7.079999923706055,7.090000152587891,10100,0.0,0.0
2023-08-17 00:00:00-04:00,6.960000038146973,6.960000038146973,6.809999942779541,6.820000171661377,19600,0.0,0.0
2023-08-18 00:00:00-04:00,6.71999979019165,6.769999980926514,6.5,6.757999897003174,14800,0.0,0.0
2023-08-21 00:00:00-04:00,6.679999828338623,6.800000190734863,6.619999885559082,6.704999923706055,8400,0.0,0.0
2023-08-22 00:00:00-04:00,6.949999809265137,7.033999919891357,6.75,6.75,8700,0.0,0.0
2023-08-23 00:00:00-04:00,6.96999979019165,7.151000022888184,6.96999979019165,7.139999866485596,10800,0.0,0.0
2023-08-24 00:00:00-04:00,7.139999866485596,7.139999866485596,6.889999866485596,6.980000019073486,8300,0.0,0.0
2023-08-25 00:00:00-04:00,7.239999771118164,7.239999771118164,6.796999931335449,7.150000095367432,8000,0.0,0.0
2023-08-28 00:00:00-04:00,7.119999885559082,7.119999885559082,6.75,7.119999885559082,9800,0.0,0.0
2023-08-29 00:00:00-04:00,6.5,6.559999942779541,6.25,6.380000114440918,49000,0.0,0.0
2023-08-30 00:00:00-04:00,6.409999847412109,6.409999847412109,6.210000038146973,6.21999979019165,24400,0.0,0.0
2023-08-31 00:00:00-04:00,6.309999942779541,6.434999942779541,6.257999897003174,6.340000152587891,13000,0.0,0.0
2023-09-01 00:00:00-04:00,6.309999942779541,6.440000057220459,6.309999942779541,6.320000171661377,3800,0.0,0.0
2023-09-05 00:00:00-04:00,6.320000171661377,6.4670000076293945,6.210000038146973,6.264999866485596,28700,0.0,0.0
2023-09-06 00:00:00-04:00,6.449999809265137,6.559999942779541,6.289999961853027,6.300000190734863,16500,0.0,0.0
2023-09-07 00:00:00-04:00,6.489999771118164,6.489999771118164,6.034999847412109,6.269999980926514,22200,0.0,0.0
2023-09-08 00:00:00-04:00,6.25,6.260000228881836,6.079999923706055,6.099999904632568,23500,0.0,0.0
2023-09-11 00:00:00-04:00,6.050000190734863,6.09499979019165,5.889999866485596,5.949999809265137,27100,0.0,0.0
2023-09-12 00:00:00-04:00,6.050000190734863,6.050000190734863,5.900000095367432,5.949999809265137,32300,0.0,0.0
2023-09-13 00:00:00-04:00,6.349999904632568,6.349999904632568,5.989999771118164,6.050000190734863,11800,0.0,0.0
2023-09-14 00:00:00-04:00,6.21999979019165,6.349999904632568,6.110000133514404,6.210000038146973,24100,0.0,0.0
2023-09-15 00:00:00-04:00,6.440000057220459,6.460000038146973,6.25,6.440000057220459,29800,0.0,0.0
2023-09-18 00:00:00-04:00,6.369999885559082,6.449999809265137,6.170000076293945,6.300000190734863,6100,0.0,0.0
2023-09-19 00:00:00-04:00,6.199999809265137,6.449999809265137,5.995999813079834,6.269999980926514,7600,0.0,0.0
2023-09-20 00:00:00-04:00,6.269999980926514,6.309999942779541,6.070000171661377,6.099999904632568,8700,0.0,0.0
2023-09-21 00:00:00-04:00,5.900000095367432,5.978000164031982,5.829999923706055,5.829999923706055,12200,0.0,0.0
2023-09-22 00:00:00-04:00,5.849999904632568,6.015999794006348,5.849999904632568,5.860000133514404,7900,0.0,0.0
2023-09-25 00:00:00-04:00,5.809999942779541,6.014999866485596,5.809999942779541,5.909999847412109,3700,0.0,0.0
2023-09-26 00:00:00-04:00,6.170000076293945,6.170000076293945,5.75,5.820000171661377,19200,0.0,0.0
2023-09-27 00:00:00-04:00,5.909999847412109,5.909999847412109,5.5960001945495605,5.639999866485596,16800,0.0,0.0
2023-09-28 00:00:00-04:00,5.940000057220459,5.989999771118164,5.750999927520752,5.894999980926514,19000,0.0,0.0
2023-09-29 00:00:00-04:00,5.900000095367432,6.046000003814697,5.771999835968018,5.920000076293945,10400,0.0,0.0
2023-10-02 00:00:00-04:00,6.079999923706055,6.079999923706055,5.800000190734863,5.809999942779541,6600,0.0,0.0
2023-10-03 00:00:00-04:00,5.690000057220459,5.75,5.599999904632568,5.690000057220459,5300,0.0,0.0
2023-10-04 00:00:00-04:00,5.519999980926514,5.59499979019165,5.25,5.400000095367432,12900,0.0,0.0
2023-10-05 00:00:00-04:00,5.380000114440918,5.389999866485596,5.114999771118164,5.380000114440918,3700,0.0,0.0
2023-10-06 00:00:00-04:00,5.099999904632568,5.28000020980835,4.78000020980835,4.909999847412109,41000,0.0,0.0
2023-10-09 00:00:00-04:00,4.925000190734863,5.070000171661377,4.849999904632568,5.070000171661377,10200,0.0,0.0
2023-10-10 00:00:00-04:00,5.110000133514404,5.5,5.110000133514404,5.380000114440918,16300,0.0,0.0
2023-10-11 00:00:00-04:00,5.300000190734863,5.480000019073486,5.190000057220459,5.389999866485596,8200,0.0,0.0
2023-10-12 00:00:00-04:00,5.329999923706055,5.389999866485596,5.079999923706055,5.389999866485596,14600,0.0,0.0
2023-10-13 00:00:00-04:00,5.119999885559082,5.315000057220459,5.019999980926514,5.050000190734863,19400,0.0,0.0
2023-10-16 00:00:00-04:00,4.989999771118164,5.235000133514404,4.989999771118164,5.139999866485596,19100,0.0,0.0
2023-10-17 00:00:00-04:00,4.849999904632568,4.849999904632568,4.699999809265137,4.849999904632568,24400,0.0,0.0
2023-10-18 00:00:00-04:00,4.857999801635742,4.857999801635742,4.639999866485596,4.639999866485596,13400,0.0,0.0
2023-10-19 00:00:00-04:00,4.650000095367432,4.699999809265137,4.5,4.539999961853027,15600,0.0,0.0
2023-10-20 00:00:00-04:00,4.440000057220459,4.440000057220459,4.010000228881836,4.050000190734863,34700,0.0,0.0
2023-10-23 00:00:00-04:00,4.0,4.019999980926514,3.815000057220459,3.9800000190734863,29900,0.0,0.0
2023-10-24 00:00:00-04:00,4.190000057220459,4.199999809265137,4.059999942779541,4.199999809265137,14800,0.0,0.0
2023-10-25 00:00:00-04:00,4.199999809265137,4.199999809265137,3.880000114440918,3.890000104904175,19600,0.0,0.0
2023-10-26 00:00:00-04:00,4.010000228881836,4.130000114440918,3.9800000190734863,4.019999980926514,22500,0.0,0.0
2023-10-27 00:00:00-04:00,4.019999980926514,4.019999980926514,3.700000047683716,3.740000009536743,15900,0.0,0.0
2023-10-30 00:00:00-04:00,4.0,4.0,3.7699999809265137,3.8499999046325684,17200,0.0,0.0
2023-10-31 00:00:00-04:00,3.9100000858306885,3.9100000858306885,3.5799999237060547,3.609999895095825,17000,0.0,0.0
2023-11-01 00:00:00-04:00,3.9200000762939453,4.039999961853027,3.9200000762939453,4.0,22700,0.0,0.0
2023-11-02 00:00:00-04:00,4.239999771118164,4.239999771118164,3.990000009536743,3.990000009536743,10600,0.0,0.0
2023-11-03 00:00:00-04:00,4.25,4.639999866485596,4.230999946594238,4.639999866485596,20700,0.0,0.0
2023-11-06 00:00:00-05:00,4.78000020980835,4.78000020980835,4.5,4.519999980926514,21500,0.0,0.0
2023-11-07 00:00:00-05:00,4.500999927520752,4.53000020980835,4.449999809265137,4.460000038146973,5900,0.0,0.0
2023-11-08 00:00:00-05:00,4.460999965667725,4.480000019073486,4.300000190734863,4.320000171661377,6000,0.0,0.0
2023-11-09 00:00:00-05:00,4.440000057220459,4.440000057220459,4.260000228881836,4.260000228881836,1800,0.0,0.0
2023-11-10 00:00:00-05:00,4.179999828338623,4.304999828338623,4.079999923706055,4.110000133514404,5400,0.0,0.0
2023-11-13 00:00:00-05:00,3.940000057220459,3.9800000190734863,3.869999885559082,3.9000000953674316,12100,0.0,0.0
2023-11-14 00:00:00-05:00,4.010000228881836,4.010000228881836,3.869999885559082,3.869999885559082,4000,0.0,0.0
2023-11-15 00:00:00-05:00,3.9700000286102295,4.175000190734863,3.9700000286102295,4.054999828338623,6100,0.0,0.0
2023-11-16 00:00:00-05:00,4.38100004196167,4.38100004196167,4.074999809265137,4.074999809265137,23600,0.0,0.0
2023-11-17 00:00:00-05:00,4.21999979019165,4.340000152587891,4.019999980926514,4.164999961853027,1800,0.0,0.0
2023-11-20 00:00:00-05:00,4.099999904632568,4.190000057220459,3.950000047683716,3.9600000381469727,12800,0.0,0.0
2023-11-21 00:00:00-05:00,4.150000095367432,4.209000110626221,4.064000129699707,4.099999904632568,9000,0.0,0.0
2023-11-22 00:00:00-05:00,4.289999961853027,4.289999961853027,3.86899995803833,3.930000066757202,9700,0.0,0.0
2023-11-24 00:00:00-05:00,4.28000020980835,4.418000221252441,4.136000156402588,4.329999923706055,8400,0.0,0.0
2023-11-27 00:00:00-05:00,4.03000020980835,4.119999885559082,4.03000020980835,4.070000171661377,10500,0.0,0.0
2023-11-28 00:00:00-05:00,4.400000095367432,4.610000133514404,4.110000133514404,4.550000190734863,33600,0.0,0.0
2023-11-29 00:00:00-05:00,4.639999866485596,4.639999866485596,4.150000095367432,4.489999771118164,13100,0.0,0.0
2023-11-30 00:00:00-05:00,4.489999771118164,4.489999771118164,4.119999885559082,4.119999885559082,23100,0.0,0.0
2023-12-01 00:00:00-05:00,4.050000190734863,4.099999904632568,3.930000066757202,3.990000009536743,16700,0.0,0.0
2023-12-04 00:00:00-05:00,4.0,4.0,3.9000000953674316,3.950000047683716,12500,0.0,0.0
2023-12-05 00:00:00-05:00,4.0,4.0,3.799999952316284,3.809999942779541,17400,0.0,0.0
2023-12-06 00:00:00-05:00,3.813999891281128,3.9600000381469727,3.813999891281128,3.8499999046325684,12900,0.0,0.0
2023-12-07 00:00:00-05:00,3.9609999656677246,3.9609999656677246,3.864000082015991,3.931999921798706,4500,0.0,0.0
2023-12-08 00:00:00-05:00,4.130000114440918,4.25,3.9700000286102295,3.9700000286102295,23400,0.0,0.0
2023-12-11 00:00:00-05:00,4.079999923706055,4.079999923706055,3.700000047683716,3.7950000762939453,22900,0.0,0.0
2023-12-12 00:00:00-05:00,3.700000047683716,3.700000047683716,3.4079999923706055,3.430000066757202,37900,0.0,0.0
2023-12-13 00:00:00-05:00,3.5,3.7300000190734863,3.4200000762939453,3.559999942779541,17600,0.0,0.0
2023-12-14 00:00:00-05:00,3.6700000762939453,3.700000047683716,3.609999895095825,3.6500000953674316,12100,0.0,0.0
2023-12-15 00:00:00-05:00,3.75,3.75,3.3299999237060547,3.4700000286102295,15700,0.0,0.0
2023-12-18 00:00:00-05:00,3.7300000190734863,3.890000104904175,3.7200000286102295,3.755000114440918,18300,0.0,0.0
2023-12-19 00:00:00-05:00,3.690000057220459,3.875,3.690000057220459,3.8329999446868896,13400,0.0,0.0
2023-12-20 00:00:00-05:00,3.9600000381469727,4.0,3.8499999046325684,3.990000009536743,30100,0.0,0.0
2023-12-21 00:00:00-05:00,3.9779999256134033,3.989000082015991,3.8499999046325684,3.924999952316284,3700,0.0,0.0
2023-12-22 00:00:00-05:00,3.930000066757202,4.045000076293945,3.930000066757202,4.010000228881836,11600,0.0,0.0
2023-12-26 00:00:00-05:00,3.940000057220459,3.940000057220459,3.7899999618530273,3.7899999618530273,11600,0.0,0.0
2023-12-27 00:00:00-05:00,3.9600000381469727,4.025000095367432,3.869999885559082,3.869999885559082,13700,0.0,0.0
2023-12-28 00:00:00-05:00,3.869999885559082,4.138999938964844,3.869999885559082,4.039999961853027,30100,0.0,0.0
2023-12-29 00:00:00-05:00,4.079999923706055,4.164000034332275,4.0,4.010000228881836,10500,0.0,0.0
2024-01-02 00:00:00-05:00,4.059999942779541,4.164999961853027,3.990000009536743,4.159999847412109,35600,0.0,0.0
2024-01-03 00:00:00-05:00,4.079999923706055,4.099999904632568,3.934999942779541,4.079999923706055,11900,0.0,0.0
2024-01-04 00:00:00-05:00,4.105000019073486,4.177999973297119,4.050000190734863,4.050000190734863,5100,0.0,0.0
2024-01-05 00:00:00-05:00,4.170000076293945,4.170000076293945,3.9000000953674316,3.930000066757202,24900,0.0,0.0
2024-01-08 00:00:00-05:00,3.9800000190734863,3.9800000190734863,3.759999990463257,3.9000000953674316,3500,0.0,0.0
2024-01-09 00:00:00-05:00,3.880000114440918,3.880000114440918,3.559999942779541,3.5899999141693115,30100,0.0,0.0
2024-01-10 00:00:00-05:00,3.684000015258789,3.688999891281128,3.615999937057495,3.6570000648498535,4100,0.0,0.0
2024-01-11 00:00:00-05:00,3.740000009536743,3.740000009536743,3.5299999713897705,3.5950000286102295,14800,0.0,0.0
2024-01-12 00:00:00-05:00,3.700000047683716,3.9000000953674316,3.6500000953674316,3.6500000953674316,9200,0.0,0.0
2024-01-16 00:00:00-05:00,3.7100000381469727,3.7100000381469727,3.559999942779541,3.609999895095825,8900,0.0,0.0
2024-01-17 00:00:00-05:00,3.609999895095825,3.700000047683716,3.5,3.5,21900,0.0,0.0
2024-01-18 00:00:00-05:00,3.5,3.5999999046325684,3.3499999046325684,3.369999885559082,28000,0.0,0.0
2024-01-19 00:00:00-05:00,3.4000000953674316,3.7009999752044678,3.240000009536743,3.3299999237060547,19900,0.0,0.0
2024-01-22 00:00:00-05:00,3.3499999046325684,3.5899999141693115,3.299999952316284,3.299999952316284,5300,0.0,0.0
2024-01-23 00:00:00-05:00,3.299999952316284,3.299999952316284,3.059999942779541,3.140000104904175,15300,0.0,0.0
2024-01-24 00:00:00-05:00,3.049999952316284,3.365000009536743,3.049999952316284,3.365000009536743,6700,0.0,0.0
2024-01-25 00:00:00-05:00,3.2699999809265137,3.2699999809265137,2.9200000762939453,2.940000057220459,26500,0.0,0.0
2024-01-26 00:00:00-05:00,3.131999969482422,3.131999969482422,2.950000047683716,2.990000009536743,10500,0.0,0.0
2024-01-29 00:00:00-05:00,2.9600000381469727,3.0299999713897705,2.9000000953674316,2.9809999465942383,6800,0.0,0.0
2024-01-30 00:00:00-05:00,3.2200000286102295,3.380000114440918,3.0299999713897705,3.3399999141693115,12300,0.0,0.0
2024-01-31 00:00:00-05:00,3.25,3.2799999713897705,3.049999952316284,3.140000104904175,5900,0.0,0.0
2024-02-01 00:00:00-05:00,3.1500000953674316,3.240000009536743,3.130000114440918,3.240000009536743,5200,0.0,0.0
2024-02-02 00:00:00-05:00,3.299999952316284,3.450000047683716,3.2699999809265137,3.3399999141693115,8500,0.0,0.0
2024-02-05 00:00:00-05:00,3.2219998836517334,3.2219998836517334,3.0899999141693115,3.140000104904175,6700,0.0,0.0
2024-02-06 00:00:00-05:00,3.25,3.319999933242798,3.240000009536743,3.309999942779541,20200,0.0,0.0
2024-02-07 00:00:00-05:00,3.190000057220459,3.190000057220459,3.075000047683716,3.125,7600,0.0,0.0
2024-02-08 00:00:00-05:00,3.1500000953674316,3.180000066757202,3.1500000953674316,3.180000066757202,3800,0.0,0.0
2024-02-09 00:00:00-05:00,3.140000104904175,3.1500000953674316,3.069999933242798,3.1389999389648438,5600,0.0,0.0
2024-02-12 00:00:00-05:00,3.049999952316284,3.1500000953674316,3.049999952316284,3.1480000019073486,7900,0.0,0.0
2024-02-13 00:00:00-05:00,3.109999895095825,3.190000057220459,3.0199999809265137,3.0199999809265137,8300,0.0,0.0
2024-02-14 00:00:00-05:00,3.049999952316284,3.0999999046325684,3.049999952316284,3.069999933242798,6900,0.0,0.0
2024-02-15 00:00:00-05:00,3.2100000381469727,3.2799999713897705,3.180000066757202,3.180000066757202,22600,0.0,0.0
2024-02-16 00:00:00-05:00,3.200000047683716,3.4549999237060547,3.200000047683716,3.430000066757202,9600,0.0,0.0
2024-02-20 00:00:00-05:00,3.3299999237060547,3.4040000438690186,3.2699999809265137,3.309999942779541,9200,0.0,0.0
2024-02-21 00:00:00-05:00,3.490000009536743,3.5280001163482666,3.3550000190734863,3.5199999809265137,52000,0.0,0.0
2024-02-22 00:00:00-05:00,3.7200000286102295,3.7200000286102295,3.5339999198913574,3.680000066757202,17200,0.0,0.0
2024-02-23 00:00:00-05:00,3.680000066757202,3.7100000381469727,3.5299999713897705,3.7100000381469727,5800,0.0,0.0
2024-02-26 00:00:00-05:00,3.7100000381469727,3.8299999237060547,3.569999933242798,3.5999999046325684,6200,0.0,0.0
2024-02-27 00:00:00-05:00,3.700000047683716,3.7790000438690186,3.630000114440918,3.75,10400,0.0,0.0
2024-02-28 00:00:00-05:00,3.7699999809265137,3.930000066757202,3.759999990463257,3.799999952316284,5600,0.0,0.0
2024-02-29 00:00:00-05:00,3.9800000190734863,3.9800000190734863,3.549999952316284,3.549999952316284,19100,0.0,0.0
2024-03-01 00:00:00-05:00,4.0,4.0,3.734999895095825,3.734999895095825,26600,0.0,0.0
2024-03-04 00:00:00-05:00,3.809999942779541,4.050000190734863,3.809999942779541,4.0,33300,0.0,0.0
2024-03-05 00:00:00-05:00,4.0,4.079999923706055,3.8399999141693115,3.890000104904175,20400,0.0,0.0
2024-03-06 00:00:00-05:00,3.809999942779541,3.8499999046325684,3.7100000381469727,3.7699999809265137,24500,0.0,0.0
2024-03-07 00:00:00-05:00,3.9800000190734863,4.150000095367432,3.9800000190734863,4.150000095367432,17800,0.0,0.0
2024-03-08 00:00:00-05:00,4.289999961853027,4.486999988555908,4.099999904632568,4.159999847412109,22800,0.0,0.0
2024-03-11 00:00:00-04:00,4.300000190734863,4.489999771118164,4.150000095367432,4.150000095367432,14300,0.0,0.0
2024-03-12 00:00:00-04:00,4.28000020980835,4.486000061035156,4.151000022888184,4.275000095367432,23700,0.0,0.0
2024-03-13 00:00:00-04:00,4.349999904632568,4.489999771118164,4.349999904632568,4.480000019073486,14000,0.0,0.0
2024-03-14 00:00:00-04:00,4.480000019073486,4.489999771118164,4.35099983215332,4.489999771118164,5900,0.0,0.0
2024-03-15 00:00:00-04:00,4.460000038146973,4.480000019073486,4.349999904632568,4.480000019073486,10700,0.0,0.0
2024-03-18 00:00:00-04:00,4.489999771118164,4.579999923706055,4.367000102996826,4.510000228881836,10700,0.0,0.0
2024-03-19 00:00:00-04:00,4.619999885559082,4.619999885559082,4.510000228881836,4.510000228881836,6400,0.0,0.0
2024-03-20 00:00:00-04:00,4.510000228881836,4.510000228881836,4.010000228881836,4.400000095367432,9000,0.0,0.0
2024-03-21 00:00:00-04:00,4.329999923706055,4.610000133514404,4.329999923706055,4.531000137329102,23500,0.0,0.0
2024-03-22 00:00:00-04:00,4.639999866485596,4.934000015258789,4.564000129699707,4.650000095367432,13600,0.0,0.0
2024-03-25 00:00:00-04:00,4.449999809265137,4.829999923706055,4.449999809265137,4.626999855041504,7100,0.0,0.0
2024-03-26 00:00:00-04:00,4.599999904632568,4.599999904632568,4.210000038146973,4.289999961853027,20400,0.0,0.0
2024-03-27 00:00:00-04:00,4.210000038146973,4.480000019073486,4.210000038146973,4.480000019073486,3500,0.0,0.0
2024-03-28 00:00:00-04:00,4.510000228881836,4.510000228881836,4.300000190734863,4.300000190734863,4800,0.0,0.0
2024-04-01 00:00:00-04:00,4.550000190734863,4.75,4.440000057220459,4.460000038146973,11800,0.0,0.0
2024-04-02 00:00:00-04:00,4.579999923706055,4.579999923706055,4.400000095367432,4.423999786376953,8400,0.0,0.0
2024-04-03 00:00:00-04:00,4.5,4.5,4.369999885559082,4.400000095367432,1600,0.0,0.0
2024-04-04 00:00:00-04:00,4.639999866485596,4.670000076293945,4.480000019073486,4.610000133514404,15300,0.0,0.0
2024-04-05 00:00:00-04:00,4.730000019073486,4.730000019073486,4.5329999923706055,4.599999904632568,4100,0.0,0.0
2024-04-08 00:00:00-04:00,4.820000171661377,4.840000152587891,4.690000057220459,4.75,9500,0.0,0.0
2024-04-09 00:00:00-04:00,5.110000133514404,5.800000190734863,5.090000152587891,5.760000228881836,28800,0.0,0.0
2024-04-10 00:00:00-04:00,5.889999866485596,5.889999866485596,5.260000228881836,5.420000076293945,21800,0.0,0.0
2024-04-11 00:00:00-04:00,5.599999904632568,5.599999904632568,5.300000190734863,5.34499979019165,11800,0.0,0.0
2024-04-12 00:00:00-04:00,5.510000228881836,5.579999923706055,5.017000198364258,5.130000114440918,8900,0.0,0.0
2024-04-15 00:00:00-04:00,5.619999885559082,6.210000038146973,5.619999885559082,5.943999767303467,64500,0.0,0.0
2024-04-16 00:00:00-04:00,5.599999904632568,5.599999904632568,5.139999866485596,5.550000190734863,37800,0.0,0.0
2024-04-17 00:00:00-04:00,5.5,5.5,5.199999809265137,5.199999809265137,19400,0.0,0.0
2024-04-18 00:00:00-04:00,5.199999809265137,5.5,5.170000076293945,5.460000038146973,7500,0.0,0.0
2024-04-19 00:00:00-04:00,5.260000228881836,5.349999904632568,5.0,5.289999961853027,29500,0.0,0.0
2024-04-22 00:00:00-04:00,5.369999885559082,5.489999771118164,5.199999809265137,5.199999809265137,4900,0.0,0.0
2024-04-23 00:00:00-04:00,5.119999885559082,5.170000076293945,5.010000228881836,5.060999870300293,9500,0.0,0.0
2024-04-24 00:00:00-04:00,5.090000152587891,5.381999969482422,4.989999771118164,5.010000228881836,11200,0.0,0.0
2024-04-25 00:00:00-04:00,5.019999980926514,5.070000171661377,4.900000095367432,4.920000076293945,21900,0.0,0.0
2024-04-26 00:00:00-04:00,4.610000133514404,5.031000137329102,4.610000133514404,4.809999942779541,5300,0.0,0.0
2024-04-29 00:00:00-04:00,4.809999942779541,4.809999942779541,4.809999942779541,4.809999942779541,0,0.0,0.0
2024-04-30 00:00:00-04:00,5.0,5.329999923706055,5.0,5.050000190734863,6400,0.0,0.0
2024-05-01 00:00:00-04:00,5.349999904632568,5.800000190734863,5.255000114440918,5.599999904632568,12500,0.0,0.0
2024-05-02 00:00:00-04:00,5.5,5.693999767303467,5.329999923706055,5.329999923706055,5900,0.0,0.0
2024-05-03 00:00:00-04:00,5.340000152587891,5.550000190734863,5.309999942779541,5.400000095367432,10000,0.0,0.0
2024-05-06 00:00:00-04:00,5.639999866485596,5.639999866485596,5.361000061035156,5.361000061035156,6200,0.0,0.0
2024-05-07 00:00:00-04:00,5.447000026702881,5.71999979019165,5.340000152587891,5.699999809265137,9000,0.0,0.0
2024-05-08 00:00:00-04:00,5.539999961853027,5.820000171661377,5.389999866485596,5.646999835968018,12200,0.0,0.0
2024-05-09 00:00:00-04:00,5.519999980926514,5.980000019073486,5.510000228881836,5.550000190734863,6600,0.0,0.0
2024-05-10 00:00:00-04:00,5.940000057220459,5.989999771118164,5.840000152587891,5.900000095367432,8200,0.0,0.0
2024-05-13 00:00:00-04:00,5.960000038146973,5.960000038146973,5.550000190734863,5.672999858856201,7200,0.0,0.0
2024-05-14 00:00:00-04:00,5.599999904632568,5.880000114440918,5.5960001945495605,5.880000114440918,6100,0.0,0.0
2024-05-15 00:00:00-04:00,5.880000114440918,5.880000114440918,5.764999866485596,5.815999984741211,4000,0.0,0.0
2024-05-16 00:00:00-04:00,5.800000190734863,5.880000114440918,5.673999786376953,5.854000091552734,10800,0.0,0.0
2024-05-17 00:00:00-04:00,5.550000190734863,5.876999855041504,5.550000190734863,5.85099983215332,9700,0.0,0.0
2024-05-20 00:00:00-04:00,5.880000114440918,5.989999771118164,5.789999961853027,5.934999942779541,12500,0.0,0.0
2024-05-21 00:00:00-04:00,5.980000019073486,6.25,5.760000228881836,6.25,18500,0.0,0.0
2024-05-22 00:00:00-04:00,6.25,6.360000133514404,6.208000183105469,6.360000133514404,8200,0.0,0.0
2024-05-23 00:00:00-04:00,6.389999866485596,6.389999866485596,6.099999904632568,6.320000171661377,10900,0.0,0.0
2024-05-24 00:00:00-04:00,6.309999942779541,6.5,6.300000190734863,6.400000095367432,4300,0.0,0.0
2024-05-28 00:00:00-04:00,6.420000076293945,6.420000076293945,6.0,6.050000190734863,8600,0.0,0.0
2024-05-29 00:00:00-04:00,6.119999885559082,6.210000038146973,6.073999881744385,6.073999881744385,1600,0.0,0.0
2024-05-30 00:00:00-04:00,6.0,6.0,5.190000057220459,5.650000095367432,6600,0.0,0.0
2024-05-31 00:00:00-04:00,5.519999980926514,6.491000175476074,5.519999980926514,5.894999980926514,16300,0.0,0.0
2024-06-03 00:00:00-04:00,5.889999866485596,5.889999866485596,5.480000019073486,5.889999866485596,17400,0.0,0.0
2024-06-04 00:00:00-04:00,5.519999980926514,5.539999961853027,5.480000019073486,5.480000019073486,6600,0.0,0.0
2024-06-05 00:00:00-04:00,5.400000095367432,5.400000095367432,4.949999809265137,5.242000102996826,13300,0.0,0.0
2024-06-06 00:00:00-04:00,5.0,5.25,5.0,5.010000228881836,4100,0.0,0.0
2024-06-07 00:00:00-04:00,5.019999980926514,5.03000020980835,4.939000129699707,5.025000095367432,3700,0.0,0.0
2024-06-10 00:00:00-04:00,5.0,5.0,4.940000057220459,4.940000057220459,3200,0.0,0.0
2024-06-11 00:00:00-04:00,4.800000190734863,4.809999942779541,4.541999816894531,4.541999816894531,12800,0.0,0.0
2024-06-12 00:00:00-04:00,4.539999961853027,4.570000171661377,4.269999980926514,4.269999980926514,13400,0.0,0.0
2024-06-13 00:00:00-04:00,4.25,4.329999923706055,4.199999809265137,4.199999809265137,9100,0.0,0.0
2024-06-14 00:00:00-04:00,4.199999809265137,4.21999979019165,4.099999904632568,4.099999904632568,7900,0.0,0.0
2024-06-17 00:00:00-04:00,4.079999923706055,4.079999923706055,3.6500000953674316,3.7149999141693115,26900,0.0,0.0
2024-06-18 00:00:00-04:00,3.700000047683716,4.010000228881836,3.700000047683716,3.8989999294281006,5800,0.0,0.0
2024-06-20 00:00:00-04:00,3.8499999046325684,4.03000020980835,3.8499999046325684,4.0,26800,0.0,0.0
2024-06-21 00:00:00-04:00,4.0,4.0920000076293945,3.9800000190734863,4.03000020980835,7800,0.0,0.0
2024-06-24 00:00:00-04:00,4.02400016784668,4.099999904632568,3.930000066757202,4.019999980926514,2200,0.0,0.0
2024-06-25 00:00:00-04:00,3.9100000858306885,3.994999885559082,3.9000000953674316,3.9800000190734863,11800,0.0,0.0
2024-06-26 00:00:00-04:00,4.090000152587891,4.320000171661377,4.039999961853027,4.139999866485596,7400,0.0,0.0
2024-06-27 00:00:00-04:00,4.190000057220459,4.260000228881836,4.150000095367432,4.260000228881836,2100,0.0,0.0
2024-06-28 00:00:00-04:00,4.25,4.25,4.010000228881836,4.010000228881836,8300,0.0,0.0
2024-07-01 00:00:00-04:00,4.139999866485596,4.139999866485596,3.8499999046325684,3.9100000858306885,9100,0.0,0.0
2024-07-02 00:00:00-04:00,4.070000171661377,4.074999809265137,3.9000000953674316,3.9000000953674316,4600,0.0,0.0
2024-07-03 00:00:00-04:00,3.950000047683716,4.010000228881836,3.8010001182556152,3.8010001182556152,6000,0.0,0.0
2024-07-05 00:00:00-04:00,4.179999828338623,4.179999828338623,3.869999885559082,3.890000104904175,6300,0.0,0.0
2024-07-08 00:00:00-04:00,3.9100000858306885,4.210000038146973,3.9000000953674316,3.9100000858306885,7000,0.0,0.0
2024-07-09 00:00:00-04:00,4.170000076293945,4.170000076293945,3.799999952316284,3.8499999046325684,13500,0.0,0.0
2024-07-10 00:00:00-04:00,3.9000000953674316,3.9800000190734863,3.890000104904175,3.890000104904175,1700,0.0,0.0
2024-07-11 00:00:00-04:00,3.859999895095825,3.859999895095825,3.799999952316284,3.8399999141693115,6400,0.0,0.0
2024-07-12 00:00:00-04:00,3.9200000762939453,3.9619998931884766,3.7899999618530273,3.819999933242798,9500,0.0,0.0
2024-07-15 00:00:00-04:00,3.9000000953674316,4.0,3.8499999046325684,3.869999885559082,3600,0.0,0.0
2024-07-16 00:00:00-04:00,4.360000133514404,4.360000133514404,4.03000020980835,4.059999942779541,25400,0.0,0.0
2024-07-17 00:00:00-04:00,4.03000020980835,4.03000020980835,3.940000057220459,3.940000057220459,2000,0.0,0.0
2024-07-18 00:00:00-04:00,3.869999885559082,3.990000009536743,3.869999885559082,3.990000009536743,600,0.0,0.0
2024-07-19 00:00:00-04:00,4.110000133514404,4.110000133514404,4.0,4.0,8200,0.0,0.0
2024-07-22 00:00:00-04:00,4.110000133514404,4.110000133514404,3.864000082015991,3.950000047683716,3800,0.0,0.0
2024-07-23 00:00:00-04:00,3.869999885559082,4.02400016784668,3.869999885559082,3.930000066757202,9000,0.0,0.0
2024-07-24 00:00:00-04:00,3.869999885559082,3.890000104904175,3.700000047683716,3.700000047683716,14700,0.0,0.0
2024-07-25 00:00:00-04:00,3.630000114440918,3.630000114440918,3.5,3.5,13200,0.0,0.0
2024-07-26 00:00:00-04:00,3.690000057220459,3.859999895095825,3.6600000858306885,3.7100000381469727,7000,0.0,0.0
2024-07-29 00:00:00-04:00,3.8499999046325684,3.8499999046325684,3.3499999046325684,3.359999895095825,27700,0.0,0.0
2024-07-30 00:00:00-04:00,3.4000000953674316,3.5199999809265137,3.4000000953674316,3.5199999809265137,8200,0.0,0.0
2024-07-31 00:00:00-04:00,3.6589999198913574,3.6600000858306885,3.5989999771118164,3.6600000858306885,5500,0.0,0.0
2024-08-01 00:00:00-04:00,3.6700000762939453,3.6700000762939453,3.3499999046325684,3.490000009536743,3300,0.0,0.0
2024-08-02 00:00:00-04:00,3.4800000190734863,3.5,3.359999895095825,3.378999948501587,11200,0.0,0.0
2024-08-05 00:00:00-04:00,3.299999952316284,3.440000057220459,3.0450000762939453,3.3499999046325684,19100,0.0,0.0
2024-08-06 00:00:00-04:00,3.2799999713897705,3.5899999141693115,3.2799999713897705,3.315000057220459,2300,0.0,0.0
2024-08-07 00:00:00-04:00,3.2899999618530273,3.437999963760376,3.2899999618530273,3.309999942779541,4500,0.0,0.0
2024-08-08 00:00:00-04:00,3.309999942779541,3.3469998836517334,3.183000087738037,3.305000066757202,9100,0.0,0.0
2024-08-09 00:00:00-04:00,3.4000000953674316,3.4000000953674316,3.180000066757202,3.2100000381469727,2400,0.0,0.0
2024-08-12 00:00:00-04:00,3.359999895095825,3.359999895095825,3.2290000915527344,3.240999937057495,3000,0.0,0.0
2024-08-13 00:00:00-04:00,3.305000066757202,3.4100000858306885,3.299999952316284,3.3980000019073486,6500,0.0,0.0
2024-08-14 00:00:00-04:00,3.359999895095825,3.359999895095825,3.2899999618530273,3.325000047683716,2400,0.0,0.0
2024-08-15 00:00:00-04:00,3.3399999141693115,3.3450000286102295,3.299999952316284,3.3299999237060547,2300,0.0,0.0
2024-08-16 00:00:00-04:00,3.3399999141693115,3.4200000762939453,3.25,3.380000114440918,4700,0.0,0.0
2024-08-19 00:00:00-04:00,3.380000114440918,3.3949999809265137,3.3399999141693115,3.3540000915527344,2400,0.0,0.0
2024-08-20 00:00:00-04:00,3.380000114440918,3.609999895095825,3.380000114440918,3.609999895095825,8000,0.0,0.0
2024-08-21 00:00:00-04:00,3.3499999046325684,3.619999885559082,3.3499999046325684,3.619999885559082,5900,0.0,0.0
2024-08-22 00:00:00-04:00,3.619999885559082,3.6600000858306885,3.490000009536743,3.5799999237060547,7900,0.0,0.0
2024-08-23 00:00:00-04:00,3.930000066757202,3.930000066757202,3.755000114440918,3.7699999809265137,5900,0.0,0.0
2024-08-26 00:00:00-04:00,3.799999952316284,4.070000171661377,3.7899999618530273,3.869999885559082,11100,0.0,0.0
2024-08-27 00:00:00-04:00,3.8559999465942383,3.9000000953674316,3.8559999465942383,3.8989999294281006,8800,0.0,0.0
2024-08-28 00:00:00-04:00,4.090000152587891,4.190000057220459,4.070000171661377,4.159999847412109,4100,0.0,0.0
2024-08-29 00:00:00-04:00,4.329999923706055,4.329999923706055,3.799999952316284,3.990000009536743,11700,0.0,0.0
2024-08-30 00:00:00-04:00,4.159999847412109,4.616000175476074,4.159999847412109,4.489999771118164,12700,0.0,0.0
2024-09-03 00:00:00-04:00,4.539999961853027,4.539999961853027,4.059999942779541,4.25,25000,0.0,0.0
2024-09-04 00:00:00-04:00,4.25,4.349999904632568,4.210000038146973,4.349999904632568,6500,0.0,0.0
2024-09-05 00:00:00-04:00,4.289999961853027,4.289999961853027,3.9839999675750732,4.059999942779541,5500,0.0,0.0
2024-09-06 00:00:00-04:00,4.170000076293945,4.170000076293945,3.934999942779541,3.934999942779541,6600,0.0,0.0
2024-09-09 00:00:00-04:00,3.9700000286102295,4.090000152587891,3.859999895095825,4.03000020980835,3700,0.0,0.0
2024-09-10 00:00:00-04:00,3.924999952316284,4.28000020980835,3.759999990463257,3.9600000381469727,19900,0.0,0.0
2024-09-11 00:00:00-04:00,4.199999809265137,4.474999904632568,4.099999904632568,4.289999961853027,9400,0.0,0.0
2024-09-12 00:00:00-04:00,4.179999828338623,4.489999771118164,4.119999885559082,4.199999809265137,12100,0.0,0.0
2024-09-13 00:00:00-04:00,4.666999816894531,4.666999816894531,4.349999904632568,4.429999828338623,14100,0.0,0.0
2024-09-16 00:00:00-04:00,4.639999866485596,4.639999866485596,4.139999866485596,4.320000171661377,2900,0.0,0.0
2024-09-17 00:00:00-04:00,4.5,4.565000057220459,4.168000221252441,4.300000190734863,7800,0.0,0.0
2024-09-18 00:00:00-04:00,4.320000171661377,4.630000114440918,4.320000171661377,4.366000175476074,5800,0.0,0.0
2024-09-19 00:00:00-04:00,4.650000095367432,5.010000228881836,4.550000190734863,5.0,32500,0.0,0.0
2024-09-20 00:00:00-04:00,5.019999980926514,5.300000190734863,4.929999828338623,5.190000057220459,42100,0.0,0.0
2024-09-23 00:00:00-04:00,5.440000057220459,5.849999904632568,5.302000045776367,5.849999904632568,40400,0.0,0.0
2024-09-24 00:00:00-04:00,5.889999866485596,6.300000190734863,5.880000114440918,6.005000114440918,60400,0.0,0.0
2024-09-25 00:00:00-04:00,6.239999771118164,6.239999771118164,5.619999885559082,6.0,41400,0.0,0.0
2024-09-26 00:00:00-04:00,6.099999904632568,6.190000057220459,5.75,6.099999904632568,14500,0.0,0.0
2024-09-27 00:00:00-04:00,6.099999904632568,6.539999961853027,6.099999904632568,6.533999919891357,25200,0.0,0.0
2024-09-30 00:00:00-04:00,6.559999942779541,6.816999912261963,6.449999809265137,6.650000095367432,27400,0.0,0.0
2024-10-01 00:00:00-04:00,6.400000095367432,6.5,5.630000114440918,5.800000190734863,23200,0.0,0.0
2024-10-02 00:00:00-04:00,5.760000228881836,5.980000019073486,5.289999961853027,5.690000057220459,22500,0.0,0.0
2024-10-03 00:00:00-04:00,5.559999942779541,5.699999809265137,5.460000038146973,5.604000091552734,10100,0.0,0.0
2024-10-04 00:00:00-04:00,5.802000045776367,5.949999809265137,5.539999961853027,5.679999828338623,11900,0.0,0.0
2024-10-07 00:00:00-04:00,5.800000190734863,6.460000038146973,5.800000190734863,6.110000133514404,16700,0.0,0.0
2024-10-08 00:00:00-04:00,6.099999904632568,6.099999904632568,5.547999858856201,5.993000030517578,10200,0.0,0.0
2024-10-09 00:00:00-04:00,5.940000057220459,6.070000171661377,5.820000171661377,5.949999809265137,9500,0.0,0.0
2024-10-10 00:00:00-04:00,6.190000057220459,6.190000057220459,5.927999973297119,6.03000020980835,8800,0.0,0.0
2024-10-11 00:00:00-04:00,5.960000038146973,6.690000057220459,5.960000038146973,6.550000190734863,45500,0.0,0.0
2024-10-14 00:00:00-04:00,6.699999809265137,6.699999809265137,6.090000152587891,6.650000095367432,8100,0.0,0.0
2024-10-15 00:00:00-04:00,6.730000019073486,6.770999908447266,6.380000114440918,6.690000057220459,5500,0.0,0.0
2024-10-16 00:00:00-04:00,6.550000190734863,6.690000057220459,6.300000190734863,6.610000133514404,13700,0.0,0.0
2024-10-17 00:00:00-04:00,6.610000133514404,6.75,6.579999923706055,6.579999923706055,5100,0.0,0.0
2024-10-18 00:00:00-04:00,6.869999885559082,7.769999980926514,6.840000152587891,7.324999809265137,32300,0.0,0.0
2024-10-21 00:00:00-04:00,7.670000076293945,7.679999828338623,7.5,7.5,28700,0.0,0.0
2024-10-22 00:00:00-04:00,7.699999809265137,7.78000020980835,7.25,7.369999885559082,27400,0.0,0.0
2024-10-23 00:00:00-04:00,7.309999942779541,7.309999942779541,6.781000137329102,6.889999866485596,24600,0.0,0.0
2024-10-24 00:00:00-04:00,6.889999866485596,8.880000114440918,6.610000133514404,8.097000122070312,281000,0.0,0.0
2024-10-25 00:00:00-04:00,8.279999732971191,8.510000228881836,8.0,8.149999618530273,278400,0.0,0.0
2024-10-28 00:00:00-04:00,8.989999771118164,9.350000381469727,8.5,8.789999961853027,164300,0.0,0.0
2024-10-29 00:00:00-04:00,8.699999809265137,8.699999809265137,7.840000152587891,8.369999885559082,80800,0.0,0.0
2024-10-30 00:00:00-04:00,8.5,8.5,7.960000038146973,8.09000015258789,40200,0.0,0.0
2024-10-31 00:00:00-04:00,8.0,8.168999671936035,7.559999942779541,7.760000228881836,29200,0.0,0.0
2024-11-01 00:00:00-04:00,7.849999904632568,7.849999904632568,7.550000190734863,7.599999904632568,20800,0.0,0.0
2024-11-04 00:00:00-05:00,7.199999809265137,7.199999809265137,6.579999923706055,6.800000190734863,69300,0.0,0.0
2024-11-05 00:00:00-05:00,6.820000171661377,7.205999851226807,6.75,6.800000190734863,13100,0.0,0.0
2024-11-06 00:00:00-05:00,6.300000190734863,6.375,5.809999942779541,6.0,66300,0.0,0.0
2024-11-07 00:00:00-05:00,5.800000190734863,6.019999980926514,5.659999847412109,5.909999847412109,42900,0.0,0.0
2024-11-08 00:00:00-05:00,5.820000171661377,6.103000164031982,5.699999809265137,5.739999771118164,32200,0.0,0.0
2024-11-11 00:00:00-05:00,5.670000076293945,5.925000190734863,5.599999904632568,5.710000038146973,25100,0.0,0.0
2024-11-12 00:00:00-05:00,5.619999885559082,5.989999771118164,5.599999904632568,5.9629998207092285,15200,0.0,0.0
2024-11-13 00:00:00-05:00,5.889999866485596,5.889999866485596,5.574999809265137,5.610000133514404,23800,0.0,0.0
2024-11-14 00:00:00-05:00,5.699999809265137,5.849999904632568,5.284999847412109,5.340000152587891,29400,0.0,0.0
2024-11-15 00:00:00-05:00,5.28000020980835,5.449999809265137,5.019999980926514,5.050000190734863,19300,0.0,0.0
2024-11-18 00:00:00-05:00,5.039999961853027,5.539999961853027,5.039999961853027,5.389999866485596,20000,0.0,0.0
2024-11-19 00:00:00-05:00,5.320000171661377,5.619999885559082,5.059999942779541,5.460000038146973,14100,0.0,0.0
2024-11-20 00:00:00-05:00,5.619999885559082,5.8429999351501465,5.409999847412109,5.619999885559082,14300,0.0,0.0
2024-11-21 00:00:00-05:00,5.619999885559082,5.760000228881836,5.439000129699707,5.650000095367432,26600,0.0,0.0
2024-11-22 00:00:00-05:00,5.493000030517578,5.769999980926514,5.451000213623047,5.460000038146973,19500,0.0,0.0
2024-11-25 00:00:00-05:00,5.559999942779541,5.579999923706055,5.360000133514404,5.5,14700,0.0,0.0
2024-11-26 00:00:00-05:00,5.510000228881836,5.539999961853027,5.329999923706055,5.460000038146973,20100,0.0,0.0
2024-11-27 00:00:00-05:00,5.449999809265137,5.730000019073486,5.449999809265137,5.550000190734863,9500,0.0,0.0
2024-11-29 00:00:00-05:00,5.769999980926514,5.769999980926514,5.400000095367432,5.605000019073486,5400,0.0,0.0
2024-12-02 00:00:00-05:00,5.550000190734863,5.75,5.5,5.743000030517578,13700,0.0,0.0
2024-12-03 00:00:00-05:00,5.5,5.633999824523926,5.400000095367432,5.420000076293945,17800,0.0,0.0
2024-12-04 00:00:00-05:00,5.099999904632568,5.099999904632568,4.849999904632568,4.960000038146973,38500,0.0,0.0
2024-12-05 00:00:00-05:00,5.010000228881836,5.139999866485596,4.860000133514404,4.860000133514404,13300,0.0,0.0
2024-12-06 00:00:00-05:00,4.800000190734863,4.800000190734863,4.539999961853027,4.610000133514404,26700,0.0,0.0
2024-12-09 00:00:00-05:00,4.789999961853027,4.789999961853027,4.550000190734863,4.550000190734863,22100,0.0,0.0
2024-12-10 00:00:00-05:00,4.650000095367432,4.6620001792907715,4.420000076293945,4.5229997634887695,16800,0.0,0.0
2024-12-11 00:00:00-05:00,4.539999961853027,4.580999851226807,4.409999847412109,4.539999961853027,8800,0.0,0.0
2024-12-12 00:00:00-05:00,4.625,5.0,4.460000038146973,4.519999980926514,41700,0.0,0.0
2024-12-13 00:00:00-05:00,4.5,4.5,4.198999881744385,4.343999862670898,19300,0.0,0.0
2024-12-16 00:00:00-05:00,4.099999904632568,4.349999904632568,4.050000190734863,4.050000190734863,19800,0.0,0.0
2024-12-17 00:00:00-05:00,4.019999980926514,4.2210001945495605,3.9000000953674316,3.9000000953674316,28300,0.0,0.0
2024-12-18 00:00:00-05:00,4.03000020980835,4.03000020980835,3.869999885559082,3.9000000953674316,16900,0.0,0.0
2024-12-19 00:00:00-05:00,3.990000009536743,3.990000009536743,3.6700000762939453,3.700000047683716,37000,0.0,0.0
2024-12-20 00:00:00-05:00,3.75,4.005000114440918,3.6700000762939453,3.8499999046325684,24800,0.0,0.0
2024-12-23 00:00:00-05:00,3.8499999046325684,3.9700000286102295,3.799999952316284,3.9600000381469727,19100,0.0,0.0
2024-12-24 00:00:00-05:00,4.0,4.320000171661377,4.0,4.230000019073486,14800,0.0,0.0
2024-12-26 00:00:00-05:00,4.5,4.5,4.105999946594238,4.340000152587891,54400,0.0,0.0
2024-12-27 00:00:00-05:00,4.340000152587891,4.46999979019165,4.171000003814697,4.340000152587891,14000,0.0,0.0
2024-12-30 00:00:00-05:00,4.329999923706055,4.329999923706055,3.9100000858306885,4.070000171661377,36100,0.0,0.0
2024-12-31 00:00:00-05:00,4.300000190734863,4.300000190734863,3.9100000858306885,3.990000009536743,9500,0.0,0.0
2025-01-02 00:00:00-05:00,3.990000009536743,4.13700008392334,3.9800000190734863,4.014999866485596,14500,0.0,0.0
2025-01-03 00:00:00-05:00,4.010000228881836,4.36899995803833,4.010000228881836,4.215000152587891,2800,0.0,0.0
2025-01-06 00:00:00-05:00,4.159999847412109,4.579999923706055,4.159999847412109,4.210000038146973,18400,0.0,0.0
2025-01-07 00:00:00-05:00,4.380000114440918,4.390999794006348,4.21999979019165,4.21999979019165,8300,0.0,0.0
2025-01-08 00:00:00-05:00,4.239999771118164,4.269999980926514,3.619999885559082,4.050000190734863,31000,0.0,0.0
2025-01-10 00:00:00-05:00,4.139999866485596,4.139999866485596,3.859999895095825,3.890000104904175,4800,0.0,0.0
2025-01-13 00:00:00-05:00,3.859999895095825,4.179999828338623,3.7100000381469727,4.130000114440918,111800,0.0,0.0
2025-01-14 00:00:00-05:00,4.065000057220459,4.199999809265137,3.9800000190734863,4.110000133514404,45600,0.0,0.0
2025-01-15 00:00:00-05:00,4.059999942779541,4.300000190734863,4.059999942779541,4.264999866485596,12500,0.0,0.0
2025-01-16 00:00:00-05:00,4.289999961853027,4.460000038146973,4.050000190734863,4.289999961853027,25000,0.0,0.0
2025-01-17 00:00:00-05:00,4.320000171661377,5.474999904632568,4.2170000076293945,5.230000019073486,531700,0.0,0.0
2025-01-21 00:00:00-05:00,5.789999961853027,5.809999942779541,5.070000171661377,5.440000057220459,345700,0.0,0.0
2025-01-22 00:00:00-05:00,5.400000095367432,5.400000095367432,5.039999961853027,5.110000133514404,64700,0.0,0.0
2025-01-23 00:00:00-05:00,5.159999847412109,5.159999847412109,4.703999996185303,4.849999904632568,42500,0.0,0.0
2025-01-24 00:00:00-05:00,4.840000152587891,4.986000061035156,4.559999942779541,4.670000076293945,29400,0.0,0.0
2025-01-27 00:00:00-05:00,4.449999809265137,4.767000198364258,4.359000205993652,4.610000133514404,40700,0.0,0.0
2025-01-28 00:00:00-05:00,4.505000114440918,4.728000164031982,4.390999794006348,4.449999809265137,23600,0.0,0.0
2025-01-29 00:00:00-05:00,4.579999923706055,4.739999771118164,4.46999979019165,4.489999771118164,15200,0.0,0.0
2025-01-30 00:00:00-05:00,4.5,4.579999923706055,4.429999828338623,4.449999809265137,9100,0.0,0.0
2025-01-31 00:00:00-05:00,4.739999771118164,4.739999771118164,4.400000095367432,4.400000095367432,26500,0.0,0.0
2025-02-03 00:00:00-05:00,4.400000095367432,4.519999980926514,4.150000095367432,4.21999979019165,15400,0.0,0.0
2025-02-04 00:00:00-05:00,4.369999885559082,4.5,4.260000228881836,4.440000057220459,12500,0.0,0.0
2025-02-05 00:00:00-05:00,4.440000057220459,4.849999904632568,4.429999828338623,4.679999828338623,21200,0.0,0.0
2025-02-06 00:00:00-05:00,4.840000152587891,4.840000152587891,4.369999885559082,4.610000133514404,18500,0.0,0.0
2025-02-07 00:00:00-05:00,4.840000152587891,4.840000152587891,4.400000095367432,4.480000019073486,10900,0.0,0.0
2025-02-10 00:00:00-05:00,4.449999809265137,4.809999942779541,4.449999809265137,4.78000020980835,45700,0.0,0.0
2025-02-11 00:00:00-05:00,4.789999961853027,4.789999961853027,4.510000228881836,4.559999942779541,35400,0.0,0.0
2025-02-12 00:00:00-05:00,4.460000038146973,4.590000152587891,4.320000171661377,4.480000019073486,21200,0.0,0.0
2025-02-13 00:00:00-05:00,4.375,4.400000095367432,4.260000228881836,4.28000020980835,9900,0.0,0.0
2025-02-14 00:00:00-05:00,4.400000095367432,4.429999828338623,4.289999961853027,4.409999847412109,13500,0.0,0.0
2025-02-18 00:00:00-05:00,4.519999980926514,4.519999980926514,4.183000087738037,4.309999942779541,16400,0.0,0.0
2025-02-19 00:00:00-05:00,4.090000152587891,4.380000114440918,4.090000152587891,4.179999828338623,9000,0.0,0.0
2025-02-20 00:00:00-05:00,4.181000232696533,4.327000141143799,4.179999828338623,4.190000057220459,5200,0.0,0.0
2025-02-21 00:00:00-05:00,4.159999847412109,4.283999919891357,4.081999778747559,4.210000038146973,18100,0.0,0.0
2025-02-24 00:00:00-05:00,4.21999979019165,4.3480000495910645,4.150000095367432,4.150000095367432,4400,0.0,0.0
2025-02-25 00:00:00-05:00,4.400000095367432,4.400000095367432,3.9549999237060547,4.070000171661377,19900,0.0,0.0
2025-02-26 00:00:00-05:00,3.990000009536743,3.990000009536743,3.5,3.619999885559082,39200,0.0,0.0
2025-02-27 00:00:00-05:00,3.5199999809265137,3.5999999046325684,3.4200000762939453,3.5199999809265137,15300,0.0,0.0
2025-02-28 00:00:00-05:00,3.490000009536743,4.03000020980835,3.440000057220459,3.8499999046325684,14200,0.0,0.0
2025-03-03 00:00:00-05:00,3.8499999046325684,3.8499999046325684,3.5999999046325684,3.7290000915527344,11200,0.0,0.0
2025-03-04 00:00:00-05:00,3.6600000858306885,3.6600000858306885,3.4000000953674316,3.569999933242798,11100,0.0,0.0
2025-03-05 00:00:00-05:00,3.5899999141693115,3.927000045776367,3.5899999141693115,3.7009999752044678,9300,0.0,0.0
2025-03-06 00:00:00-05:00,3.7799999713897705,3.9730000495910645,3.684999942779541,3.890000104904175,7900,0.0,0.0
2025-03-07 00:00:00-05:00,3.9100000858306885,3.990000009536743,3.759999990463257,3.8480000495910645,5800,0.0,0.0
2025-03-10 00:00:00-04:00,4.0,4.070000171661377,3.799999952316284,3.8320000171661377,4200,0.0,0.0
2025-03-11 00:00:00-04:00,3.950000047683716,4.008999824523926,3.950000047683716,3.9600000381469727,25400,0.0,0.0
2025-03-12 00:00:00-04:00,3.9600000381469727,4.0980000495910645,3.9600000381469727,4.0,7600,0.0,0.0
2025-03-13 00:00:00-04:00,4.098999977111816,4.099999904632568,4.0,4.0,15300,0.0,0.0
2025-03-14 00:00:00-04:00,4.099999904632568,4.150000095367432,4.0,4.150000095367432,1600,0.0,0.0
2025-03-17 00:00:00-04:00,3.9700000286102295,4.21999979019165,3.812000036239624,4.21999979019165,6100,0.0,0.0
2025-03-18 00:00:00-04:00,4.191999912261963,4.3480000495910645,4.0,4.191999912261963,6900,0.0,0.0
2025-03-19 00:00:00-04:00,4.369999885559082,4.380000114440918,4.199999809265137,4.329999923706055,5900,0.0,0.0
2025-03-20 00:00:00-04:00,4.083000183105469,4.159999847412109,3.9200000762939453,4.052999973297119,6100,0.0,0.0
2025-03-21 00:00:00-04:00,4.099999904632568,4.366000175476074,4.090000152587891,4.190000057220459,5900,0.0,0.0
2025-03-24 00:00:00-04:00,4.199999809265137,4.199999809265137,4.0,4.0,12400,0.0,0.0
2025-03-25 00:00:00-04:00,4.050000190734863,4.050000190734863,3.9000000953674316,3.9000000953674316,12800,0.0,0.0
2025-03-26 00:00:00-04:00,4.03000020980835,4.03000020980835,3.867000102996826,3.9000000953674316,6100,0.0,0.0
2025-03-27 00:00:00-04:00,3.890000104904175,4.079999923706055,3.8299999237060547,3.8299999237060547,8900,0.0,0.0
2025-03-28 00:00:00-04:00,4.25,4.260000228881836,3.816999912261963,3.9590001106262207,6100,0.0,0.0
2025-03-31 00:00:00-04:00,4.03000020980835,4.03000020980835,3.8469998836517334,3.9100000858306885,6000,0.0,0.0
2025-04-01 00:00:00-04:00,3.950000047683716,3.9769999980926514,3.799999952316284,3.880000114440918,5800,0.0,0.0
2025-04-02 00:00:00-04:00,3.869999885559082,3.869999885559082,3.640000104904175,3.7320001125335693,8400,0.0,0.0
2025-04-03 00:00:00-04:00,3.5999999046325684,3.9000000953674316,3.5999999046325684,3.7249999046325684,16400,0.0,0.0
2025-04-04 00:00:00-04:00,3.549999952316284,3.7899999618530273,3.2899999618530273,3.3399999141693115,28800,0.0,0.0
2025-04-07 00:00:00-04:00,3.2799999713897705,3.4800000190734863,3.25,3.4800000190734863,13900,0.0,0.0
2025-04-08 00:00:00-04:00,3.5,3.5999999046325684,3.259999990463257,3.299999952316284,11600,0.0,0.0
2025-04-09 00:00:00-04:00,3.305000066757202,3.450000047683716,3.0199999809265137,3.434000015258789,64200,0.0,0.0
2025-04-10 00:00:00-04:00,3.2799999713897705,3.569999933242798,3.130000114440918,3.309000015258789,19200,0.0,0.0
2025-04-11 00:00:00-04:00,3.380000114440918,3.640000104904175,3.309999942779541,3.3550000190734863,6700,0.0,0.0
2025-04-14 00:00:00-04:00,3.6600000858306885,4.080999851226807,3.369999885559082,3.75,40800,0.0,0.0
2025-04-15 00:00:00-04:00,3.740000009536743,3.930000066757202,3.690000057220459,3.7200000286102295,5200,0.0,0.0
2025-04-16 00:00:00-04:00,3.490999937057495,3.950000047683716,3.490000009536743,3.950000047683716,8900,0.0,0.0
2025-04-17 00:00:00-04:00,3.799999952316284,3.950000047683716,3.7300000190734863,3.8949999809265137,8400,0.0,0.0
2025-04-21 00:00:00-04:00,3.940000057220459,3.940000057220459,3.7279999256134033,3.75,10000,0.0,0.0
2025-04-22 00:00:00-04:00,3.880000114440918,3.880000114440918,3.5,3.509999990463257,3800,0.0,0.0
2025-04-23 00:00:00-04:00,3.5999999046325684,3.7200000286102295,3.4100000858306885,3.4100000858306885,7000,0.0,0.0
2025-04-24 00:00:00-04:00,3.700000047683716,3.7799999713897705,3.5450000762939453,3.640000104904175,11600,0.0,0.0
2025-04-25 00:00:00-04:00,3.759999990463257,3.759999990463257,3.640000104904175,3.6500000953674316,2800,0.0,0.0
2025-04-28 00:00:00-04:00,3.6700000762939453,3.7699999809265137,3.549999952316284,3.6600000858306885,4100,0.0,0.0
2025-04-29 00:00:00-04:00,3.700000047683716,3.700000047683716,3.5,3.569999933242798,5600,0.0,0.0
2025-04-30 00:00:00-04:00,3.549999952316284,3.7300000190734863,3.549999952316284,3.568000078201294,2600,0.0,0.0
2025-05-01 00:00:00-04:00,3.6549999713897705,3.7300000190734863,3.549999952316284,3.5869998931884766,3900,0.0,0.0
2025-05-02 00:00:00-04:00,3.6700000762939453,3.7269999980926514,3.558000087738037,3.5999999046325684,7200,0.0,0.0
2025-05-05 00:00:00-04:00,3.7100000381469727,3.7100000381469727,3.3299999237060547,3.5,9600,0.0,0.0
2025-05-06 00:00:00-04:00,3.572999954223633,3.5980000495910645,3.4100000858306885,3.4700000286102295,3100,0.0,0.0
2025-05-07 00:00:00-04:00,3.4200000762939453,3.5350000858306885,3.4179999828338623,3.5350000858306885,1100,0.0,0.0
2025-05-08 00:00:00-04:00,3.569999933242798,3.5880000591278076,3.450000047683716,3.5840001106262207,3900,0.0,0.0
2025-05-09 00:00:00-04:00,3.5739998817443848,3.5969998836517334,3.549999952316284,3.559999942779541,5300,0.0,0.0
2025-05-12 00:00:00-04:00,3.5999999046325684,3.700000047683716,3.559999942779541,3.6480000019073486,2800,0.0,0.0
2025-05-13 00:00:00-04:00,3.559999942779541,3.799999952316284,3.4649999141693115,3.6619999408721924,14000,0.0,0.0
2025-05-14 00:00:00-04:00,3.6670000553131104,3.691999912261963,3.609999895095825,3.691999912261963,1800,0.0,0.0
2025-05-15 00:00:00-04:00,3.6500000953674316,3.690000057220459,3.549999952316284,3.559999942779541,4000,0.0,0.0
2025-05-16 00:00:00-04:00,3.559999942779541,3.559999942779541,3.5,3.5220000743865967,5600,0.0,0.0
2025-05-19 00:00:00-04:00,3.5199999809265137,3.5759999752044678,3.440000057220459,3.509999990463257,8200,0.0,0.0
2025-05-20 00:00:00-04:00,3.555000066757202,3.555000066757202,3.375999927520752,3.4200000762939453,2100,0.0,0.0
2025-05-21 00:00:00-04:00,3.6050000190734863,3.6050000190734863,3.4000000953674316,3.5199999809265137,4300,0.0,0.0
2025-05-22 00:00:00-04:00,3.450000047683716,3.549999952316284,3.4100000858306885,3.434999942779541,8200,0.0,0.0
2025-05-23 00:00:00-04:00,3.430000066757202,3.450000047683716,3.3519999980926514,3.440000057220459,5800,0.0,0.0
2025-05-27 00:00:00-04:00,3.6700000762939453,3.6700000762939453,3.4630000591278076,3.505000114440918,5200,0.0,0.0
2025-05-28 00:00:00-04:00,3.4700000286102295,3.5380001068115234,3.4000000953674316,3.5350000858306885,4300,0.0,0.0
2025-05-29 00:00:00-04:00,3.549999952316284,3.5899999141693115,3.4000000953674316,3.424999952316284,9500,0.0,0.0
2025-05-30 00:00:00-04:00,3.3499999046325684,3.5899999141693115,3.2249999046325684,3.4000000953674316,19400,0.0,0.0
2025-06-02 00:00:00-04:00,3.359999895095825,3.5999999046325684,3.359999895095825,3.497999906539917,10600,0.0,0.0
2025-06-03 00:00:00-04:00,3.450000047683716,3.450000047683716,3.25,3.299999952316284,14800,0.0,0.0
2025-06-04 00:00:00-04:00,3.450000047683716,3.450000047683716,3.1500000953674316,3.36899995803833,9100,0.0,0.0
2025-06-05 00:00:00-04:00,3.369999885559082,3.380000114440918,3.200000047683716,3.259999990463257,13500,0.0,0.0
2025-06-06 00:00:00-04:00,3.299999952316284,3.4609999656677246,3.2200000286102295,3.2799999713897705,10500,0.0,0.0
2025-06-09 00:00:00-04:00,3.240000009536743,3.309999942779541,3.240000009536743,3.2829999923706055,9800,0.0,0.0
2025-06-10 00:00:00-04:00,3.2699999809265137,3.309999942779541,3.2300000190734863,3.25,15400,0.0,0.0
2025-06-11 00:00:00-04:00,3.25,3.25,3.25,3.25,0,0.0,0.0
2025-06-12 00:00:00-04:00,3.25,3.25,3.25,3.25,0,0.0,0.0
2025-06-13 00:00:00-04:00,3.0999999046325684,3.4000000953674316,3.0299999713897705,3.1500000953674316,36200,0.0,0.0
2025-06-16 00:00:00-04:00,3.130000114440918,3.1500000953674316,3.0299999713897705,3.049999952316284,16100,0.0,0.0
2025-06-17 00:00:00-04:00,3.0299999713897705,3.0299999713897705,2.8499999046325684,2.8499999046325684,31000,0.0,0.0
2025-06-18 00:00:00-04:00,2.8499999046325684,2.9130001068115234,2.7269999980926514,2.8299999237060547,10600,0.0,0.0
2025-06-20 00:00:00-04:00,2.9000000953674316,2.9100000858306885,2.609999895095825,2.6700000762939453,25100,0.0,0.0
2025-06-23 00:00:00-04:00,2.549999952316284,2.5799999237060547,2.4700000286102295,2.51200008392334,41600,0.0,0.0
2025-06-24 00:00:00-04:00,2.299999952316284,2.5209999084472656,2.299999952316284,2.509999990463257,27500,0.0,0.0
2025-06-25 00:00:00-04:00,2.640000104904175,2.6600000858306885,2.430000066757202,2.5250000953674316,8000,0.0,0.0
2025-06-26 00:00:00-04:00,2.5290000438690186,2.6700000762939453,2.5199999809265137,2.634999990463257,10500,0.0,0.0
2025-06-27 00:00:00-04:00,2.6600000858306885,2.6679999828338623,2.5920000076293945,2.619999885559082,5600,0.0,0.0
2025-06-30 00:00:00-04:00,2.6500000953674316,2.696000099182129,2.559999942779541,2.609999895095825,18400,0.0,0.0
2025-07-01 00:00:00-04:00,2.700000047683716,2.8499999046325684,2.700000047683716,2.7100000381469727,9200,0.0,0.0
2025-07-02 00:00:00-04:00,2.75,2.7699999809265137,2.632999897003174,2.7300000190734863,18700,0.0,0.0
2025-07-03 00:00:00-04:00,2.7899999618530273,2.869999885559082,2.7269999980926514,2.759999990463257,2800,0.0,0.0
2025-07-07 00:00:00-04:00,2.7300000190734863,2.75,2.6519999504089355,2.697999954223633,8600,0.0,0.0
2025-07-08 00:00:00-04:00,2.75,2.869999885559082,2.700000047683716,2.700000047683716,13500,0.0,0.0
2025-07-09 00:00:00-04:00,2.6500000953674316,2.880000114440918,2.630000114440918,2.75,20100,0.0,0.0
2025-07-10 00:00:00-04:00,3.190000057220459,3.200000047683716,2.890000104904175,2.9200000762939453,63400,0.0,0.0
2025-07-11 00:00:00-04:00,2.930000066757202,2.940000057220459,2.75,2.880000114440918,27100,0.0,0.0
2025-07-14 00:00:00-04:00,2.940000057220459,2.999000072479248,2.640000104904175,2.869999885559082,24800,0.0,0.0
2025-07-15 00:00:00-04:00,2.8450000286102295,3.180000066757202,2.75,3.059999942779541,138300,0.0,0.0
2025-07-16 00:00:00-04:00,2.940000057220459,2.990000009536743,2.7699999809265137,2.9000000953674316,82300,0.0,0.0
2025-07-17 00:00:00-04:00,2.9000000953674316,3.437999963760376,2.9000000953674316,3.2200000286102295,143300,0.0,0.0
2025-07-18 00:00:00-04:00,3.25,3.4800000190734863,3.25,3.4800000190734863,40700,0.0,0.0
2025-07-21 00:00:00-04:00,3.5199999809265137,3.6500000953674316,3.1500000953674316,3.3399999141693115,105200,0.0,0.0
2025-07-22 00:00:00-04:00,3.2300000190734863,3.609999895095825,3.2300000190734863,3.5899999141693115,31700,0.0,0.0
2025-07-23 00:00:00-04:00,3.619999885559082,3.630000114440918,3.3499999046325684,3.5299999713897705,32600,0.0,0.0
2025-07-24 00:00:00-04:00,3.5199999809265137,3.609999895095825,3.505000114440918,3.5460000038146973,24900,0.0,0.0
2025-07-25 00:00:00-04:00,3.5,3.5,3.3499999046325684,3.369999885559082,12000,0.0,0.0
2025-07-28 00:00:00-04:00,3.2300000190734863,3.265000104904175,3.0309998989105225,3.049999952316284,33300,0.0,0.0
2025-07-29 00:00:00-04:00,3.0999999046325684,3.2300000190734863,3.0999999046325684,3.174999952316284,19800,0.0,0.0
2025-07-30 00:00:00-04:00,3.180000066757202,3.180000066757202,2.7300000190734863,2.9100000858306885,59600,0.0,0.0
2025-07-31 00:00:00-04:00,2.809999942779541,3.052999973297119,2.799999952316284,2.809000015258789,18100,0.0,0.0
2025-08-01 00:00:00-04:00,2.8299999237060547,2.9519999027252197,2.809999942779541,2.9200000762939453,5700,0.0,0.0
2025-08-04 00:00:00-04:00,3.0299999713897705,3.200000047683716,2.9100000858306885,2.98799991607666,9700,0.0,0.0
2025-08-05 00:00:00-04:00,2.990000009536743,3.2200000286102295,2.9649999141693115,2.9800000190734863,3100,0.0,0.0
2025-08-06 00:00:00-04:00,3.069999933242798,3.069999933242798,2.950000047683716,2.9700000286102295,6900,0.0,0.0
2025-08-07 00:00:00-04:00,3.109999895095825,3.119999885559082,2.9000000953674316,3.1040000915527344,8800,0.0,0.0
2025-08-08 00:00:00-04:00,3.119999885559082,3.190000057220459,2.990000009536743,3.190000057220459,11600,0.0,0.0
2025-08-11 00:00:00-04:00,3.25,3.799999952316284,3.130000114440918,3.5299999713897705,96000,0.0,0.0
2025-08-12 00:00:00-04:00,3.7100000381469727,3.7799999713897705,3.3350000381469727,3.371999979019165,29600,0.0,0.0
2025-08-13 00:00:00-04:00,3.490000009536743,3.7200000286102295,3.2799999713897705,3.2899999618530273,14600,0.0,0.0
2025-08-14 00:00:00-04:00,3.2899999618530273,3.375999927520752,3.200000047683716,3.2799999713897705,8200,0.0,0.0
2025-08-15 00:00:00-04:00,3.2899999618530273,3.450000047683716,3.25,3.3399999141693115,17500,0.0,0.0
2025-08-18 00:00:00-04:00,3.3299999237060547,3.390000104904175,3.1600000858306885,3.380000114440918,44700,0.0,0.0
2025-08-19 00:00:00-04:00,3.299999952316284,3.365999937057495,3.109999895095825,3.183000087738037,12200,0.0,0.0
2025-08-20 00:00:00-04:00,3.369999885559082,3.369999885559082,3.1500000953674316,3.200000047683716,22700,0.0,0.0
2025-08-21 00:00:00-04:00,3.299999952316284,3.380000114440918,3.190000057220459,3.234999895095825,18800,0.0,0.0
2025-08-22 00:00:00-04:00,3.240000009536743,3.2899999618530273,3.1600000858306885,3.25,18700,0.0,0.0
2025-08-25 00:00:00-04:00,3.25,3.25,3.0999999046325684,3.174999952316284,34000,0.0,0.0
2025-08-26 00:00:00-04:00,3.25,3.2799999713897705,3.1700000762939453,3.2799999713897705,13200,0.0,0.0
2025-08-27 00:00:00-04:00,3.319999933242798,3.319999933242798,3.191999912261963,3.299999952316284,10500,0.0,0.0
2025-08-28 00:00:00-04:00,3.2200000286102295,3.2200000286102295,3.119999885559082,3.1500000953674316,14200,0.0,0.0
2025-08-29 00:00:00-04:00,3.1700000762939453,3.1700000762939453,3.069999933242798,3.1600000858306885,12600,0.0,0.0
2025-09-02 00:00:00-04:00,3.0999999046325684,3.109999895095825,3.0,3.109999895095825,9200,0.0,0.0
2025-09-03 00:00:00-04:00,3.13700008392334,3.2300000190734863,3.069999933242798,3.200000047683716,13800,0.0,0.0
2025-09-04 00:00:00-04:00,3.200000047683716,3.3499999046325684,3.200000047683716,3.3499999046325684,4200,0.0,0.0
2025-09-05 00:00:00-04:00,3.619999885559082,4.059999942779541,3.619999885559082,3.921999931335449,92200,0.0,0.0
2025-09-08 00:00:00-04:00,3.890000104904175,4.085000038146973,3.7899999618530273,4.065000057220459,38600,0.0,0.0
2025-09-09 00:00:00-04:00,3.950000047683716,4.5,3.9000000953674316,4.190000057220459,142700,0.0,0.0
2025-09-10 00:00:00-04:00,3.9000000953674316,3.9000000953674316,3.430000066757202,3.5299999713897705,108400,0.0,0.0
2025-09-11 00:00:00-04:00,3.4600000381469727,3.569999933242798,3.309999942779541,3.319999933242798,56000,0.0,0.0
2025-09-12 00:00:00-04:00,3.2699999809265137,3.430000066757202,3.2699999809265137,3.380000114440918,25200,0.0,0.0
2025-09-15 00:00:00-04:00,3.4000000953674316,3.7190001010894775,3.4000000953674316,3.4670000076293945,11000,0.0,0.0
2025-09-16 00:00:00-04:00,3.5,3.690000057220459,3.5,3.5299999713897705,13700,0.0,0.0
2025-09-17 00:00:00-04:00,3.509999990463257,3.634999990463257,3.509999990463257,3.569999933242798,15700,0.0,0.0
2025-09-18 00:00:00-04:00,3.509999990463257,3.7750000953674316,3.5,3.7300000190734863,28900,0.0,0.0
2025-09-19 00:00:00-04:00,3.6600000858306885,3.700000047683716,3.549999952316284,3.569999933242798,15700,0.0,0.0
2025-09-22 00:00:00-04:00,3.640000104904175,3.75,3.5999999046325684,3.6700000762939453,10500,0.0,0.0
2025-09-23 00:00:00-04:00,3.680000066757202,3.75,3.5299999713897705,3.5299999713897705,20800,0.0,0.0
2025-09-24 00:00:00-04:00,4.03000020980835,4.849999904632568,3.9000000953674316,4.409999847412109,372600,0.0,0.0
2025-09-25 00:00:00-04:00,4.409999847412109,4.929999828338623,4.0,4.590000152587891,698800,0.0,0.0
2025-09-26 00:00:00-04:00,5.059999942779541,5.400000095367432,4.599999904632568,4.900000095367432,775300,0.0,0.0
2025-09-29 00:00:00-04:00,4.559999942779541,4.619999885559082,4.218999862670898,4.400000095367432,204800,0.0,0.0
2025-09-30 00:00:00-04:00,4.210000038146973,4.78000020980835,4.210000038146973,4.46999979019165,79900,0.0,0.0
2025-10-01 00:00:00-04:00,4.480000019073486,4.489999771118164,4.199999809265137,4.300000190734863,152700,0.0,0.0
2025-10-02 00:00:00-04:00,4.400000095367432,4.460000038146973,4.300000190734863,4.420000076293945,88100,0.0,0.0
2025-10-03 00:00:00-04:00,4.650000095367432,4.929999828338623,4.610000133514404,4.75,315900,0.0,0.0
2025-10-06 00:00:00-04:00,5.974999904632568,8.149999618530273,5.5,6.53000020980835,5887000,0.0,0.0
2025-10-07 00:00:00-04:00,6.25,6.300000190734863,5.809999942779541,5.940000057220459,861700,0.0,0.0
2025-10-08 00:00:00-04:00,6.159999847412109,7.199999809265137,6.019999980926514,7.005000114440918,1726700,0.0,0.0
2025-10-09 00:00:00-04:00,6.860000133514404,7.360000133514404,6.789999961853027,6.880000114440918,683600,0.0,0.0
2025-10-10 00:00:00-04:00,7.050000190734863,7.300000190734863,6.170000076293945,6.170000076293945,919100,0.0,0.0
2025-10-13 00:00:00-04:00,6.519999980926514,7.769000053405762,6.170000076293945,7.409999847412109,926300,0.0,0.0
2025-10-14 00:00:00-04:00,7.75,8.199999809265137,7.010000228881836,7.579999923706055,864200,0.0,0.0
2025-10-15 00:00:00-04:00,7.619999885559082,7.619999885559082,6.5,6.639999866485596,949300,0.0,0.0
2025-10-16 00:00:00-04:00,6.769999980926514,6.920000076293945,5.760000228881836,5.820000171661377,555500,0.0,0.0
2025-10-17 00:00:00-04:00,5.519999980926514,5.75,5.03000020980835,5.329999923706055,405600,0.0,0.0
2025-10-20 00:00:00-04:00,5.5,6.0,5.199999809265137,5.760000228881836,394600,0.0,0.0
2025-10-21 00:00:00-04:00,5.730000019073486,5.730000019073486,5.199999809265137,5.309999942779541,265300,0.0,0.0
2025-10-22 00:00:00-04:00,5.179999828338623,5.289999961853027,4.869999885559082,5.150000095367432,215400,0.0,0.0
2025-10-23 00:00:00-04:00,5.159999847412109,5.458000183105469,5.159999847412109,5.289999961853027,114900,0.0,0.0
2025-10-24 00:00:00-04:00,5.309999942779541,5.369999885559082,5.170000076293945,5.190000057220459,217700,0.0,0.0
2025-10-27 00:00:00-04:00,5.099999904632568,5.116000175476074,4.75,4.889999866485596,182700,0.0,0.0
2025-10-28 00:00:00-04:00,4.800000190734863,4.880000114440918,4.579999923706055,4.71999979019165,152800,0.0,0.0
2025-10-29 00:00:00-04:00,4.889999866485596,4.949999809265137,4.730000019073486,4.820000171661377,59700,0.0,0.0
2025-10-30 00:00:00-04:00,4.820000171661377,4.949999809265137,4.650000095367432,4.880000114440918,63300,0.0,0.0
2025-10-31 00:00:00-04:00,4.929999828338623,4.929999828338623,4.619999885559082,4.760000228881836,74200,0.0,0.0
2025-11-03 00:00:00-05:00,4.800000190734863,4.840000152587891,4.429999828338623,4.53000020980835,155900,0.0,0.0
2025-11-04 00:00:00-05:00,4.400000095367432,4.5,4.079999923706055,4.079999923706055,183400,0.0,0.0
2025-11-05 00:00:00-05:00,4.079999923706055,4.328999996185303,4.079999923706055,4.300000190734863,68600,0.0,0.0
2025-11-06 00:00:00-05:00,4.320000171661377,4.380000114440918,4.010000228881836,4.019999980926514,102800,0.0,0.0
2025-11-07 00:00:00-05:00,4.03000020980835,4.409999847412109,4.019999980926514,4.25,126900,0.0,0.0
2025-11-10 00:00:00-05:00,4.46999979019165,4.570000171661377,4.03000020980835,4.25,573600,0.0,0.0
2025-11-11 00:00:00-05:00,4.230000019073486,4.376999855041504,4.059999942779541,4.159999847412109,181400,0.0,0.0
2025-11-12 00:00:00-05:00,4.25,4.400000095367432,4.21999979019165,4.389999866485596,77600,0.0,0.0
2025-11-13 00:00:00-05:00,4.570000171661377,4.763000011444092,4.440000057220459,4.559999942779541,183800,0.0,0.0
2025-11-14 00:00:00-05:00,4.400000095367432,4.5,4.199999809265137,4.239999771118164,138500,0.0,0.0
2025-11-17 00:00:00-05:00,4.449999809265137,4.820000171661377,4.380000114440918,4.449999809265137,182300,0.0,0.0
2025-11-18 00:00:00-05:00,4.449999809265137,4.449999809265137,4.170000076293945,4.389999866485596,240300,0.0,0.0
2025-11-19 00:00:00-05:00,4.380000114440918,4.697999954223633,4.360000133514404,4.510000228881836,156000,0.0,0.0
2025-11-20 00:00:00-05:00,4.650000095367432,4.909999847412109,4.519999980926514,4.570000171661377,118600,0.0,0.0
2025-11-21 00:00:00-05:00,4.5,4.539999961853027,4.110000133514404,4.28000020980835,77800,0.0,0.0
2025-11-24 00:00:00-05:00,4.28000020980835,4.300000190734863,4.110000133514404,4.239999771118164,80500,0.0,0.0
2025-11-25 00:00:00-05:00,4.159999847412109,4.360000133514404,4.150000095367432,4.260000228881836,60500,0.0,0.0
2025-11-26 00:00:00-05:00,4.340000152587891,5.070000171661377,4.28000020980835,4.789999961853027,661400,0.0,0.0
2025-11-28 00:00:00-05:00,4.809999942779541,4.829999923706055,4.670000076293945,4.760000228881836,60400,0.0,0.0
2025-12-01 00:00:00-05:00,4.670000076293945,4.699999809265137,4.409999847412109,4.440000057220459,112300,0.0,0.0
2025-12-02 00:00:00-05:00,4.489999771118164,4.579999923706055,4.400000095367432,4.460000038146973,91900,0.0,0.0
2025-12-03 00:00:00-05:00,4.46999979019165,4.829999923706055,4.400000095367432,4.730000019073486,238800,0.0,0.0
2025-12-04 00:00:00-05:00,4.699999809265137,5.090000152587891,4.644999980926514,4.849999904632568,135600,0.0,0.0
2025-12-05 00:00:00-05:00,4.849999904632568,4.980000019073486,4.679999828338623,4.710000038146973,104900,0.0,0.0
2025-12-08 00:00:00-05:00,4.679999828338623,4.710000038146973,4.449999809265137,4.460000038146973,127800,0.0,0.0
2025-12-09 00:00:00-05:00,4.5,4.630000114440918,4.449999809265137,4.5,53800,0.0,0.0
2025-12-10 00:00:00-05:00,4.519999980926514,4.619999885559082,4.380000114440918,4.510000228881836,94600,0.0,0.0
2025-12-11 00:00:00-05:00,4.570000171661377,4.739999771118164,4.53000020980835,4.710000038146973,74000,0.0,0.0
2025-12-12 00:00:00-05:00,4.748000144958496,4.900000095367432,4.565000057220459,4.619999885559082,54100,0.0,0.0
2025-12-15 00:00:00-05:00,4.559999942779541,4.559999942779541,4.239999771118164,4.289999961853027,84400,0.0,0.0
2025-12-16 00:00:00-05:00,4.25,4.441999912261963,4.03000020980835,4.260000228881836,169500,0.0,0.0
2025-12-17 00:00:00-05:00,4.230000019073486,4.340000152587891,4.03000020980835,4.079999923706055,84700,0.0,0.0
2025-12-18 00:00:00-05:00,4.110000133514404,4.340000152587891,3.9000000953674316,4.239999771118164,205300,0.0,0.0
2025-12-19 00:00:00-05:00,4.360000133514404,4.639999866485596,4.349999904632568,4.449999809265137,185100,0.0,0.0
2025-12-22 00:00:00-05:00,4.510000228881836,4.570000171661377,4.429999828338623,4.429999828338623,34500,0.0,0.0
2025-12-23 00:00:00-05:00,4.610000133514404,4.980000019073486,4.610000133514404,4.929999828338623,154000,0.0,0.0
2025-12-24 00:00:00-05:00,4.949999809265137,5.150000095367432,4.880000114440918,5.0,84100,0.0,0.0
2025-12-26 00:00:00-05:00,5.070000171661377,5.105000019073486,4.849999904632568,5.099999904632568,31200,0.0,0.0
2025-12-29 00:00:00-05:00,4.980000019073486,5.014999866485596,4.739999771118164,4.840000152587891,118300,0.0,0.0
2025-12-30 00:00:00-05:00,4.889999866485596,5.039999961853027,4.699999809265137,4.900000095367432,84200,0.0,0.0
2025-12-31 00:00:00-05:00,4.909999847412109,4.940000057220459,4.710000038146973,4.800000190734863,106600,0.0,0.0
2026-01-02 00:00:00-05:00,4.900000095367432,5.300000190734863,4.900000095367432,5.21999979019165,55200,0.0,0.0
2026-01-05 00:00:00-05:00,5.639999866485596,5.880000114440918,5.485000133514404,5.840000152587891,122200,0.0,0.0
2026-01-06 00:00:00-05:00,5.809999942779541,5.809999942779541,5.599999904632568,5.710000038146973,67000,0.0,0.0
2026-01-07 00:00:00-05:00,5.75,6.059999942779541,5.75,5.96999979019165,67400,0.0,0.0
2026-01-08 00:00:00-05:00,6.0,6.0,5.659999847412109,5.739999771118164,23500,0.0,0.0
2026-01-09 00:00:00-05:00,5.650000095367432,5.769999980926514,5.5,5.519999980926514,34200,0.0,0.0
2026-01-12 00:00:00-05:00,5.599999904632568,5.699999809265137,5.449999809265137,5.610000133514404,41800,0.0,0.0
2026-01-13 00:00:00-05:00,5.730000019073486,5.730000019073486,5.539999961853027,5.570000171661377,31700,0.0,0.0
2026-01-14 00:00:00-05:00,5.619999885559082,5.960000038146973,5.619999885559082,5.945000171661377,72600,0.0,0.0
2026-01-15 00:00:00-05:00,6.03000020980835,6.03000020980835,5.639999866485596,5.75,85500,0.0,0.0
2026-01-16 00:00:00-05:00,5.949999809265137,6.150000095367432,5.840000152587891,6.019999980926514,93800,0.0,0.0
2026-01-20 00:00:00-05:00,5.889999866485596,5.889999866485596,5.539999961853027,5.590000152587891,47000,0.0,0.0
2026-01-21 00:00:00-05:00,5.829999923706055,6.199999809265137,5.809999942779541,5.980000019073486,63700,0.0,0.0
2026-01-22 00:00:00-05:00,5.980000019073486,6.300000190734863,5.980000019073486,6.190000057220459,84400,0.0,0.0
2026-01-23 00:00:00-05:00,6.199999809265137,6.460000038146973,6.139999866485596,6.389999866485596,51800,0.0,0.0
2026-01-26 00:00:00-05:00,6.510000228881836,6.533999919891357,5.929999828338623,6.019999980926514,77000,0.0,0.0
2026-01-27 00:00:00-05:00,6.110000133514404,6.170000076293945,5.739999771118164,6.099999904632568,67500,0.0,0.0
2026-01-28 00:00:00-05:00,6.099999904632568,6.099999904632568,5.599999904632568,5.710000038146973,33900,0.0,0.0
2026-01-29 00:00:00-05:00,5.710000038146973,5.710000038146973,5.710000038146973,5.710000038146973,0,0.0,0.0
2026-01-30 00:00:00-05:00,4.860000133514404,5.0,4.210000038146973,4.420000076293945,253600,0.0,0.0
2026-02-02 00:00:00-05:00,4.420000076293945,4.460000038146973,4.159999847412109,4.320000171661377,76500,0.0,0.0
2026-02-03 00:00:00-05:00,4.570000171661377,4.699999809265137,4.420000076293945,4.5,41900,0.0,0.0
2026-02-04 00:00:00-05:00,4.559999942779541,4.748000144958496,4.28000020980835,4.449999809265137,60300,0.0,0.0
2026-02-05 00:00:00-05:00,4.289999961853027,4.438000202178955,4.199999809265137,4.289999961853027,71400,0.0,0.0
2026-02-06 00:00:00-05:00,4.269999980926514,4.489999771118164,4.255000114440918,4.360000133514404,37100,0.0,0.0
2026-02-09 00:00:00-05:00,4.199999809265137,4.380000114440918,4.164999961853027,4.21999979019165,55700,0.0,0.0
2026-02-10 00:00:00-05:00,4.380000114440918,4.53000020980835,4.300000190734863,4.440000057220459,23700,0.0,0.0
2026-02-11 00:00:00-05:00,4.420000076293945,4.480000019073486,4.263000011444092,4.440000057220459,23600,0.0,0.0
2026-02-12 00:00:00-05:00,4.550000190734863,4.797999858856201,4.119999885559082,4.139999866485596,17400,0.0,0.0
2026-02-13 00:00:00-05:00,4.239999771118164,4.440000057220459,4.150000095367432,4.320000171661377,33800,0.0,0.0
2026-02-17 00:00:00-05:00,4.239999771118164,4.269999980926514,3.930000066757202,4.130000114440918,38800,0.0,0.0
2026-02-18 00:00:00-05:00,4.139999866485596,4.329999923706055,4.130000114440918,4.28000020980835,14700,0.0,0.0
2026-02-19 00:00:00-05:00,4.25,4.25,3.9000000953674316,4.039999961853027,46500,0.0,0.0
2026-02-20 00:00:00-05:00,4.119999885559082,4.150000095367432,3.8499999046325684,3.990000009536743,20500,0.0,0.0
2026-02-23 00:00:00-05:00,4.0,4.059999942779541,3.7699999809265137,3.880000114440918,34800,0.0,0.0
2026-02-24 00:00:00-05:00,3.7799999713897705,3.940000057220459,3.7799999713897705,3.9000000953674316,46500,0.0,0.0
2026-02-25 00:00:00-05:00,4.0,4.164000034332275,3.7699999809265137,4.130000114440918,87800,0.0,0.0
2026-02-26 00:00:00-05:00,4.360000133514404,4.400000095367432,4.050000190734863,4.260000228881836,49000,0.0,0.0
2026-02-27 00:00:00-05:00,4.150000095367432,4.21999979019165,4.050000190734863,4.159999847412109,17200,0.0,0.0
2026-03-02 00:00:00-05:00,3.9700000286102295,4.090000152587891,3.8399999141693115,4.019999980926514,53700,0.0,0.0
2026-03-03 00:00:00-05:00,3.990000009536743,4.039999961853027,3.700000047683716,3.7699999809265137,99000,0.0,0.0
2026-03-04 00:00:00-05:00,3.9700000286102295,4.079999923706055,3.890000104904175,3.990000009536743,20500,0.0,0.0
2026-03-05 00:00:00-05:00,3.9000000953674316,3.9800000190734863,3.6600000858306885,3.799999952316284,67800,0.0,0.0
2026-03-06 00:00:00-05:00,3.819999933242798,3.819999933242798,3.6500000953674316,3.6700000762939453,41100,0.0,0.0
2026-03-09 00:00:00-04:00,3.5,3.6500000953674316,3.4000000953674316,3.5199999809265137,47300,0.0,0.0
2026-03-10 00:00:00-04:00,3.6600000858306885,3.890000104904175,3.630000114440918,3.7300000190734863,52100,0.0,0.0
2026-03-11 00:00:00-04:00,3.7899999618530273,4.008999824523926,3.7300000190734863,3.819999933242798,46600,0.0,0.0
2026-03-12 00:00:00-04:00,3.890000104904175,3.890000104904175,3.5209999084472656,3.549999952316284,51200,0.0,0.0
2026-03-13 00:00:00-04:00,3.625,3.625,3.2200000286102295,3.2200000286102295,40900,0.0,0.0
2026-03-16 00:00:00-04:00,3.2100000381469727,3.4100000858306885,3.2100000381469727,3.369999885559082,27000,0.0,0.0
2026-03-17 00:00:00-04:00,3.309999942779541,3.4800000190734863,3.180000066757202,3.180000066757202,36500,0.0,0.0
2026-03-18 00:00:00-04:00,3.200000047683716,3.2799999713897705,3.130000114440918,3.130000114440918,31400,0.0,0.0
2026-03-19 00:00:00-04:00,2.9000000953674316,3.0829999446868896,2.799999952316284,3.0199999809265137,108600,0.0,0.0
2026-03-20 00:00:00-04:00,3.0999999046325684,3.0999999046325684,2.859999895095825,2.880000114440918,72800,0.0,0.0
2026-03-23 00:00:00-04:00,2.9600000381469727,3.0899999141693115,2.8399999141693115,2.9700000286102295,45400,0.0,0.0
2026-03-24 00:00:00-04:00,3.0199999809265137,4.03000020980835,3.0199999809265137,3.5899999141693115,739100,0.0,0.0
2026-03-25 00:00:00-04:00,3.369999885559082,3.509999990463257,3.2200000286102295,3.450000047683716,233600,0.0,0.0
2026-03-26 00:00:00-04:00,3.490000009536743,3.7899999618530273,3.390000104904175,3.559999942779541,220200,0.0,0.0
2026-03-27 00:00:00-04:00,3.4700000286102295,3.759999990463257,3.4100000858306885,3.5799999237060547,214700,0.0,0.0
2026-03-30 00:00:00-04:00,3.5199999809265137,4.748000144958496,3.4700000286102295,4.480000019073486,3451600,0.0,0.0
2026-03-31 00:00:00-04:00,3.890000104904175,4.510000228881836,3.5799999237060547,4.255000114440918,671200,0.0,0.0
2026-04-01 00:00:00-04:00,4.199999809265137,4.690000057220459,3.799999952316284,3.880000114440918,330500,0.0,0.0
2026-04-02 00:00:00-04:00,3.6600000858306885,4.03000020980835,3.6600000858306885,3.930000066757202,99900,0.0,0.0
2026-04-06 00:00:00-04:00,3.9000000953674316,4.019999980926514,3.799999952316284,3.799999952316284,232200,0.0,0.0
2026-04-07 00:00:00-04:00,3.8399999141693115,3.890000104904175,3.75,3.7799999713897705,45000,0.0,0.0
2026-04-08 00:00:00-04:00,4.039999961853027,4.039999961853027,3.7899999618530273,3.869999885559082,49000,0.0,0.0
2026-04-09 00:00:00-04:00,3.9200000762939453,4.010000228881836,3.859999895095825,3.9600000381469727,27800,0.0,0.0
2026-04-10 00:00:00-04:00,3.9700000286102295,3.9700000286102295,3.630000114440918,3.700000047683716,105800,0.0,0.0
2026-04-13 00:00:00-04:00,3.690000057220459,3.9700000286102295,3.680000066757202,3.740000009536743,71900,0.0,0.0
2026-04-14 00:00:00-04:00,3.859999895095825,3.990000009536743,3.7699999809265137,3.9100000858306885,33600,0.0,0.0
2026-04-15 00:00:00-04:00,3.859999895095825,3.924999952316284,3.759999990463257,3.890000104904175,57700,0.0,0.0
2026-04-16 00:00:00-04:00,3.8399999141693115,4.15500020980835,3.8399999141693115,3.950000047683716,86500,0.0,0.0
2026-04-17 00:00:00-04:00,4.21999979019165,4.21999979019165,4.0,4.099999904632568,154400,0.0,0.0
2026-04-20 00:00:00-04:00,4.25,4.349999904632568,4.179999828338623,4.239999771118164,82700,0.0,0.0
2026-04-21 00:00:00-04:00,4.190000057220459,4.210000038146973,3.799999952316284,3.9600000381469727,61900,0.0,0.0
2026-04-22 00:00:00-04:00,4.110000133514404,4.320000171661377,3.940000057220459,3.9700000286102295,102800,0.0,0.0
2026-04-23 00:00:00-04:00,3.950000047683716,3.950000047683716,3.75,3.859999895095825,75500,0.0,0.0
2026-04-24 00:00:00-04:00,3.809999942779541,3.940000057220459,3.7699999809265137,3.859999895095825,28900,0.0,0.0
2026-04-27 00:00:00-04:00,3.930000066757202,4.150000095367432,3.930000066757202,4.110000133514404,51100,0.0,0.0
2026-04-28 00:00:00-04:00,4.110000133514404,4.110000133514404,3.9100000858306885,3.930000066757202,59200,0.0,0.0
2026-04-29 00:00:00-04:00,3.950000047683716,4.079999923706055,3.8299999237060547,3.9100000858306885,16600,0.0,0.0
2026-04-30 00:00:00-04:00,3.8399999141693115,4.0,3.6700000762939453,3.8299999237060547,138800,0.0,0.0
2026-05-01 00:00:00-04:00,3.990000009536743,4.099999904632568,3.805000066757202,4.050000190734863,102100,0.0,0.0
2026-05-04 00:00:00-04:00,4.010000228881836,4.21999979019165,3.759999990463257,3.7699999809265137,64200,0.0,0.0
2026-05-05 00:00:00-04:00,3.990000009536743,4.059999942779541,3.7799999713897705,3.9000000953674316,47400,0.0,0.0
2026-05-06 00:00:00-04:00,3.9600000381469727,4.0980000495910645,3.8949999809265137,4.050000190734863,35700,0.0,0.0
2026-05-07 00:00:00-04:00,3.9700000286102295,4.150000095367432,3.9700000286102295,4.010000228881836,74100,0.0,0.0
2026-05-08 00:00:00-04:00,4.150000095367432,4.260000228881836,4.125,4.130000114440918,57300,0.0,0.0
2026-05-11 00:00:00-04:00,4.429999828338623,4.650000095367432,4.360000133514404,4.449999809265137,128300,0.0,0.0
2026-05-12 00:00:00-04:00,4.409999847412109,4.409999847412109,4.099999904632568,4.28000020980835,64300,0.0,0.0
2026-05-13 00:00:00-04:00,4.420000076293945,4.739999771118164,4.420000076293945,4.71999979019165,117100,0.0,0.0
2026-05-14 00:00:00-04:00,4.800000190734863,4.800000190734863,4.519999980926514,4.550000190734863,87000,0.0,0.0
2026-05-15 00:00:00-04:00,4.360000133514404,4.360000133514404,4.105000019073486,4.175000190734863,72100,0.0,0.0
2026-05-18 00:00:00-04:00,4.349999904632568,4.349999904632568,4.110000133514404,4.110000133514404,74000,0.0,0.0
2026-05-19 00:00:00-04:00,4.039999961853027,4.190000057220459,3.944999933242798,4.03000020980835,64200,0.0,0.0
2026-05-20 00:00:00-04:00,4.119999885559082,4.230000019073486,4.010000228881836,4.090000152587891,97100,0.0,0.0
2026-05-21 00:00:00-04:00,4.110000133514404,4.389999866485596,4.090000152587891,4.119999885559082,158300,0.0,0.0
2026-05-22 00:00:00-04:00,4.179999828338623,4.300000190734863,4.119999885559082,4.210000038146973,48700,0.0,0.0
2026-05-26 00:00:00-04:00,4.239999771118164,4.239999771118164,3.950000047683716,4.0,125100,0.0,0.0
2026-05-27 00:00:00-04:00,3.9600000381469727,3.9600000381469727,3.7899999618530273,3.8499999046325684,54700,0.0,0.0
2026-05-28 00:00:00-04:00,3.880000114440918,3.990000009536743,3.819999933242798,3.880000114440918,93000,0.0,0.0
2026-05-29 00:00:00-04:00,3.880000114440918,4.070000171661377,3.799999952316284,4.070000171661377,102200,0.0,0.0
2026-06-01 00:00:00-04:00,4.119999885559082,4.489999771118164,4.050000190734863,4.480000019073486,95000,0.0,0.0
2026-06-02 00:00:00-04:00,4.389999866485596,4.449999809265137,4.210000038146973,4.429999828338623,85100,0.0,0.0
2026-06-03 00:00:00-04:00,4.380000114440918,4.380000114440918,3.9769999980926514,4.179999828338623,62600,0.0,0.0
2026-06-04 00:00:00-04:00,4.25,4.675000190734863,4.235000133514404,4.610000133514404,133200,0.0,0.0
2026-06-05 00:00:00-04:00,4.5,4.5,4.019999980926514,4.03000020980835,64700,0.0,0.0
2026-06-08 00:00:00-04:00,4.110000133514404,4.139999866485596,4.0,4.090000152587891,58100,0.0,0.0
2026-06-09 00:00:00-04:00,4.059999942779541,4.059999942779541,3.799999952316284,3.9100000858306885,43600,0.0,0.0
2026-06-10 00:00:00-04:00,3.9000000953674316,3.9000000953674316,3.6500000953674316,3.6500000953674316,53700,0.0,0.0
2026-06-11 00:00:00-04:00,3.690000057220459,3.940000057220459,3.690000057220459,3.859999895095825,19500,0.0,0.0
2026-06-12 00:00:00-04:00,4.0,4.070000171661377,3.950000047683716,3.990000009536743,59000,0.0,0.0
2026-06-15 00:00:00-04:00,4.175000190734863,4.199999809265137,4.03000020980835,4.119999885559082,96900,0.0,0.0
2026-06-16 00:00:00-04:00,4.099999904632568,4.150000095367432,4.03000020980835,4.070000171661377,25200,0.0,0.0
2026-06-17 00:00:00-04:00,4.099999904632568,4.210000038146973,3.9700000286102295,4.010000228881836,57200,0.0,0.0
2026-06-18 00:00:00-04:00,3.950000047683716,3.9549999237060547,3.8499999046325684,3.859999895095825,77186,0.0,0.0
