Date,Open,High,Low,Close,Volume,Dividends,Stock Splits
2022-01-03 00:00:00-05:00,32.400001525878906,32.400001525878906,30.899999618530273,31.5,4517,0.0,0.0
2022-01-04 00:00:00-05:00,31.200000762939453,31.799999237060547,28.530000686645508,30.0,5487,0.0,0.0
2022-01-05 00:00:00-05:00,30.0,31.200000762939453,29.399999618530273,29.399999618530273,3780,0.0,0.0
2022-01-06 00:00:00-05:00,29.700000762939453,30.600000381469727,29.3700008392334,30.600000381469727,3060,0.0,0.0
2022-01-07 00:00:00-05:00,30.0,30.600000381469727,29.399999618530273,30.0,4973,0.0,0.0
2022-01-10 00:00:00-05:00,29.399999618530273,30.600000381469727,29.399999618530273,29.43000030517578,4150,0.0,0.0
2022-01-11 00:00:00-05:00,30.0,32.099998474121094,29.700000762939453,31.799999237060547,30250,0.0,0.0
2022-01-12 00:00:00-05:00,31.5,34.5,31.5,31.799999237060547,12997,0.0,0.0
2022-01-13 00:00:00-05:00,31.5,33.599998474121094,31.5,33.0,12797,0.0,0.0
2022-01-14 00:00:00-05:00,32.70000076293945,33.599998474121094,32.400001525878906,33.599998474121094,2947,0.0,0.0
2022-01-18 00:00:00-05:00,33.29999923706055,34.5,32.70000076293945,33.900001525878906,3893,0.0,0.0
2022-01-19 00:00:00-05:00,34.20000076293945,34.20000076293945,32.099998474121094,33.0,2977,0.0,0.0
2022-01-20 00:00:00-05:00,32.400001525878906,33.599998474121094,31.799999237060547,32.099998474121094,1983,0.0,0.0
2022-01-21 00:00:00-05:00,29.700000762939453,32.099998474121094,28.5,29.399999618530273,12053,0.0,0.0
2022-01-24 00:00:00-05:00,27.600000381469727,30.0,27.600000381469727,29.040000915527344,4193,0.0,0.0
2022-01-25 00:00:00-05:00,28.5,30.899999618530273,28.5,29.520000457763672,3470,0.0,0.0
2022-01-26 00:00:00-05:00,30.600000381469727,31.799999237060547,29.100000381469727,30.0,2540,0.0,0.0
2022-01-27 00:00:00-05:00,30.600000381469727,30.600000381469727,28.5,28.5,1820,0.0,0.0
2022-01-28 00:00:00-05:00,28.40999984741211,28.68000030517578,26.399999618530273,28.68000030517578,4167,0.0,0.0
2022-01-31 00:00:00-05:00,27.84000015258789,31.200000762939453,27.84000015258789,30.299999237060547,2033,0.0,0.0
2022-02-01 00:00:00-05:00,32.400001525878906,33.0,30.299999237060547,31.5,6017,0.0,0.0
2022-02-02 00:00:00-05:00,31.799999237060547,33.0,30.299999237060547,31.5,2040,0.0,0.0
2022-02-03 00:00:00-05:00,30.600000381469727,31.5,30.450000762939453,31.200000762939453,1610,0.0,0.0
2022-02-04 00:00:00-05:00,31.200000762939453,34.20000076293945,29.100000381469727,31.799999237060547,13113,0.0,0.0
2022-02-07 00:00:00-05:00,31.200000762939453,31.799999237060547,30.059999465942383,31.200000762939453,2143,0.0,0.0
2022-02-08 00:00:00-05:00,30.299999237060547,31.200000762939453,30.299999237060547,30.93000030517578,1150,0.0,0.0
2022-02-09 00:00:00-05:00,31.200000762939453,33.0,30.0,31.649999618530273,11463,0.0,0.0
2022-02-10 00:00:00-05:00,32.400001525878906,33.0,31.200000762939453,31.5,3873,0.0,0.0
2022-02-11 00:00:00-05:00,31.200000762939453,31.799999237060547,29.700000762939453,30.600000381469727,4543,0.0,0.0
2022-02-14 00:00:00-05:00,31.200000762939453,31.200000762939453,30.0,30.899999618530273,603,0.0,0.0
2022-02-15 00:00:00-05:00,30.059999465942383,31.799999237060547,30.059999465942383,31.139999389648438,1030,0.0,0.0
2022-02-16 00:00:00-05:00,30.299999237060547,33.900001525878906,30.299999237060547,31.799999237060547,15600,0.0,0.0
2022-02-17 00:00:00-05:00,31.799999237060547,32.400001525878906,29.399999618530273,30.299999237060547,5247,0.0,0.0
2022-02-18 00:00:00-05:00,30.0,31.200000762939453,28.950000762939453,30.0,3173,0.0,0.0
2022-02-22 00:00:00-05:00,29.399999618530273,30.0,27.719999313354492,28.229999542236328,1980,0.0,0.0
2022-02-23 00:00:00-05:00,28.350000381469727,28.889999389648438,26.700000762939453,27.299999237060547,2563,0.0,0.0
2022-02-24 00:00:00-05:00,25.799999237060547,28.020000457763672,25.200000762939453,27.299999237060547,3893,0.0,0.0
2022-02-25 00:00:00-05:00,27.540000915527344,28.40999984741211,25.799999237060547,27.600000381469727,2820,0.0,0.0
2022-02-28 00:00:00-05:00,27.0,28.40999984741211,26.700000762939453,27.0,3760,0.0,0.0
2022-03-01 00:00:00-05:00,27.479999542236328,27.899999618530273,25.5,26.399999618530273,3847,0.0,0.0
2022-03-02 00:00:00-05:00,27.0,27.420000076293945,26.100000381469727,27.209999084472656,2007,0.0,0.0
2022-03-03 00:00:00-05:00,27.0,27.0,26.100000381469727,26.100000381469727,820,0.0,0.0
2022-03-04 00:00:00-05:00,26.100000381469727,26.700000762939453,25.5,26.15999984741211,1073,0.0,0.0
2022-03-07 00:00:00-05:00,26.100000381469727,27.0,25.5,26.25,4723,0.0,0.0
2022-03-08 00:00:00-05:00,26.040000915527344,27.719999313354492,24.899999618530273,27.0,5047,0.0,0.0
2022-03-09 00:00:00-05:00,26.610000610351562,27.450000762939453,26.43000030517578,26.850000381469727,2303,0.0,0.0
2022-03-10 00:00:00-05:00,26.850000381469727,27.299999237060547,26.399999618530273,26.81999969482422,1050,0.0,0.0
2022-03-11 00:00:00-05:00,27.149999618530273,27.299999237060547,26.399999618530273,27.0,970,0.0,0.0
2022-03-14 00:00:00-04:00,25.559999465942383,25.799999237060547,24.059999465942383,24.6299991607666,3803,0.0,0.0
2022-03-15 00:00:00-04:00,24.09000015258789,25.5,24.059999465942383,25.3799991607666,1777,0.0,0.0
2022-03-16 00:00:00-04:00,25.5,27.56999969482422,25.049999237060547,26.190000534057617,10270,0.0,0.0
2022-03-17 00:00:00-04:00,25.799999237060547,26.549999237060547,25.350000381469727,25.649999618530273,2873,0.0,0.0
2022-03-18 00:00:00-04:00,25.799999237060547,27.0,25.229999542236328,26.399999618530273,3287,0.0,0.0
2022-03-21 00:00:00-04:00,26.15999984741211,26.15999984741211,24.84000015258789,25.799999237060547,3230,0.0,0.0
2022-03-22 00:00:00-04:00,25.799999237060547,30.0,25.799999237060547,30.0,26033,0.0,0.0
2022-03-23 00:00:00-04:00,29.399999618530273,29.399999618530273,27.0,27.479999542236328,5810,0.0,0.0
2022-03-24 00:00:00-04:00,27.75,32.099998474121094,27.299999237060547,28.950000762939453,17363,0.0,0.0
2022-03-25 00:00:00-04:00,30.0,30.0,27.030000686645508,27.56999969482422,3670,0.0,0.0
2022-03-28 00:00:00-04:00,28.170000076293945,28.200000762939453,26.399999618530273,26.700000762939453,11133,0.0,0.0
2022-03-29 00:00:00-04:00,27.0,27.56999969482422,26.399999618530273,26.850000381469727,3047,0.0,0.0
2022-03-30 00:00:00-04:00,27.690000534057617,28.5,25.200000762939453,27.239999771118164,7857,0.0,0.0
2022-03-31 00:00:00-04:00,27.0,27.65999984741211,26.700000762939453,27.1200008392334,1663,0.0,0.0
2022-04-01 00:00:00-04:00,27.1200008392334,28.649999618530273,27.1200008392334,27.899999618530273,5463,0.0,0.0
2022-04-04 00:00:00-04:00,29.399999618530273,29.399999618530273,27.0,27.899999618530273,3677,0.0,0.0
2022-04-05 00:00:00-04:00,27.420000076293945,27.899999618530273,26.700000762939453,27.600000381469727,2260,0.0,0.0
2022-04-06 00:00:00-04:00,27.0,27.600000381469727,26.700000762939453,27.299999237060547,1733,0.0,0.0
2022-04-07 00:00:00-04:00,27.600000381469727,28.5,26.549999237060547,28.5,5573,0.0,0.0
2022-04-08 00:00:00-04:00,27.780000686645508,28.5,26.399999618530273,26.399999618530273,2347,0.0,0.0
2022-04-11 00:00:00-04:00,26.700000762939453,27.059999465942383,24.600000381469727,25.799999237060547,2333,0.0,0.0
2022-04-12 00:00:00-04:00,26.100000381469727,26.100000381469727,25.5,25.770000457763672,1393,0.0,0.0
2022-04-13 00:00:00-04:00,25.229999542236328,25.649999618530273,24.690000534057617,25.200000762939453,1127,0.0,0.0
2022-04-14 00:00:00-04:00,25.649999618530273,26.100000381469727,24.690000534057617,25.079999923706055,3177,0.0,0.0
2022-04-18 00:00:00-04:00,25.31999969482422,25.31999969482422,22.739999771118164,23.399999618530273,3677,0.0,0.0
2022-04-19 00:00:00-04:00,23.399999618530273,25.59000015258789,23.399999618530273,25.049999237060547,1640,0.0,0.0
2022-04-20 00:00:00-04:00,25.5,25.5,24.899999618530273,24.899999618530273,527,0.0,0.0
2022-04-21 00:00:00-04:00,24.690000534057617,25.079999923706055,23.700000762939453,23.729999542236328,1673,0.0,0.0
2022-04-22 00:00:00-04:00,23.549999237060547,24.600000381469727,21.600000381469727,23.100000381469727,3157,0.0,0.0
2022-04-25 00:00:00-04:00,22.200000762939453,22.5,21.600000381469727,22.5,2787,0.0,0.0
2022-04-26 00:00:00-04:00,22.860000610351562,24.600000381469727,22.860000610351562,23.760000228881836,6530,0.0,0.0
2022-04-27 00:00:00-04:00,25.049999237060547,25.049999237060547,23.1299991607666,24.600000381469727,1113,0.0,0.0
2022-04-28 00:00:00-04:00,23.969999313354492,24.299999237060547,21.959999084472656,23.399999618530273,3897,0.0,0.0
2022-04-29 00:00:00-04:00,23.399999618530273,23.81999969482422,21.989999771118164,22.5,1140,0.0,0.0
2022-05-02 00:00:00-04:00,22.3799991607666,24.0,22.3799991607666,23.100000381469727,647,0.0,0.0
2022-05-03 00:00:00-04:00,24.0,24.0,22.799999237060547,23.700000762939453,640,0.0,0.0
2022-05-04 00:00:00-04:00,23.790000915527344,24.030000686645508,23.25,24.0,253,0.0,0.0
2022-05-05 00:00:00-04:00,24.0,24.600000381469727,23.100000381469727,23.399999618530273,3313,0.0,0.0
2022-05-06 00:00:00-04:00,23.190000534057617,24.0,21.0,22.5,2420,0.0,0.0
2022-05-09 00:00:00-04:00,21.690000534057617,22.200000762939453,19.170000076293945,19.200000762939453,2623,0.0,0.0
2022-05-10 00:00:00-04:00,18.809999465942383,19.440000534057617,17.25,19.440000534057617,1773,0.0,0.0
2022-05-11 00:00:00-04:00,19.5,19.5,16.799999237060547,17.399999618530273,970,0.0,0.0
2022-05-12 00:00:00-04:00,16.6200008392334,18.899999618530273,15.6899995803833,17.399999618530273,1670,0.0,0.0
2022-05-13 00:00:00-04:00,17.700000762939453,18.899999618530273,17.100000381469727,18.0,3353,0.0,0.0
2022-05-16 00:00:00-04:00,19.530000686645508,19.530000686645508,18.0,19.200000762939453,1837,0.0,0.0
2022-05-17 00:00:00-04:00,18.899999618530273,21.0,18.0,20.399999618530273,7213,0.0,0.0
2022-05-18 00:00:00-04:00,19.799999237060547,19.799999237060547,18.600000381469727,19.799999237060547,583,0.0,0.0
2022-05-19 00:00:00-04:00,18.600000381469727,20.34000015258789,18.0,20.280000686645508,4313,0.0,0.0
2022-05-20 00:00:00-04:00,19.770000457763672,20.790000915527344,18.6299991607666,19.59000015258789,5233,0.0,0.0
2022-05-23 00:00:00-04:00,18.899999618530273,20.520000457763672,18.299999237060547,18.600000381469727,5357,0.0,0.0
2022-05-24 00:00:00-04:00,19.649999618530273,19.649999618530273,18.0,18.899999618530273,1353,0.0,0.0
2022-05-25 00:00:00-04:00,18.0,20.399999618530273,17.399999618530273,19.200000762939453,2603,0.0,0.0
2022-05-26 00:00:00-04:00,19.200000762939453,20.399999618530273,18.299999237060547,19.350000381469727,8427,0.0,0.0
2022-05-27 00:00:00-04:00,19.200000762939453,20.399999618530273,19.049999237060547,19.5,2057,0.0,0.0
2022-05-31 00:00:00-04:00,19.200000762939453,22.5,19.200000762939453,20.700000762939453,1943,0.0,0.0
2022-06-01 00:00:00-04:00,20.700000762939453,22.5,19.5,19.799999237060547,4657,0.0,0.0
2022-06-02 00:00:00-04:00,20.700000762939453,21.899999618530273,19.709999084472656,20.06999969482422,4497,0.0,0.0
2022-06-03 00:00:00-04:00,20.25,20.25,19.5,19.799999237060547,1123,0.0,0.0
2022-06-06 00:00:00-04:00,21.1200008392334,21.1200008392334,18.329999923706055,20.34000015258789,4523,0.0,0.0
2022-06-07 00:00:00-04:00,19.5,20.670000076293945,18.329999923706055,18.389999389648438,4837,0.0,0.0
2022-06-08 00:00:00-04:00,19.049999237060547,20.100000381469727,18.899999618530273,20.100000381469727,3930,0.0,0.0
2022-06-09 00:00:00-04:00,19.5,21.899999618530273,19.5,20.760000228881836,5000,0.0,0.0
2022-06-10 00:00:00-04:00,20.670000076293945,21.600000381469727,19.200000762939453,20.940000534057617,5673,0.0,0.0
2022-06-13 00:00:00-04:00,18.600000381469727,20.1299991607666,17.399999618530273,17.90999984741211,3480,0.0,0.0
2022-06-14 00:00:00-04:00,18.299999237060547,18.299999237060547,17.399999618530273,17.399999618530273,1433,0.0,0.0
2022-06-15 00:00:00-04:00,17.219999313354492,18.719999313354492,17.219999313354492,17.549999237060547,1747,0.0,0.0
2022-06-16 00:00:00-04:00,18.270000457763672,18.75,17.399999618530273,18.56999969482422,2423,0.0,0.0
2022-06-17 00:00:00-04:00,17.760000228881836,18.299999237060547,17.100000381469727,17.100000381469727,800,0.0,0.0
2022-06-21 00:00:00-04:00,17.25,18.75,17.219999313354492,18.329999923706055,3253,0.0,0.0
2022-06-22 00:00:00-04:00,18.0,18.329999923706055,17.700000762939453,17.940000534057617,577,0.0,0.0
2022-06-23 00:00:00-04:00,18.299999237060547,20.700000762939453,18.0,18.899999618530273,15360,0.0,0.0
2022-06-24 00:00:00-04:00,18.780000686645508,19.799999237060547,18.239999771118164,19.200000762939453,3030,0.0,0.0
2022-06-27 00:00:00-04:00,18.239999771118164,19.469999313354492,18.239999771118164,18.93000030517578,1863,0.0,0.0
2022-06-28 00:00:00-04:00,19.31999969482422,19.31999969482422,18.450000762939453,18.959999084472656,227,0.0,0.0
2022-06-29 00:00:00-04:00,18.959999084472656,20.399999618530273,18.299999237060547,19.110000610351562,1030,0.0,0.0
2022-06-30 00:00:00-04:00,18.56999969482422,18.6299991607666,18.0,18.0,1090,0.0,0.0
2022-07-01 00:00:00-04:00,18.989999771118164,19.770000457763672,18.299999237060547,18.899999618530273,2863,0.0,0.0
2022-07-05 00:00:00-04:00,18.899999618530273,19.200000762939453,16.5,18.299999237060547,3023,0.0,0.0
2022-07-06 00:00:00-04:00,18.84000015258789,18.84000015258789,16.950000762939453,17.8799991607666,2540,0.0,0.0
2022-07-07 00:00:00-04:00,18.0,18.299999237060547,16.649999618530273,18.299999237060547,1583,0.0,0.0
2022-07-08 00:00:00-04:00,18.0,18.299999237060547,16.799999237060547,17.399999618530273,2620,0.0,0.0
2022-07-11 00:00:00-04:00,17.399999618530273,17.399999618530273,16.5,16.709999084472656,997,0.0,0.0
2022-07-12 00:00:00-04:00,17.010000228881836,17.010000228881836,15.180000305175781,16.049999237060547,2263,0.0,0.0
2022-07-13 00:00:00-04:00,15.119999885559082,15.960000038146973,13.829999923706055,15.300000190734863,3820,0.0,0.0
2022-07-14 00:00:00-04:00,15.300000190734863,15.300000190734863,13.800000190734863,14.699999809265137,860,0.0,0.0
2022-07-15 00:00:00-04:00,14.670000076293945,14.819999694824219,14.130000114440918,14.609999656677246,420,0.0,0.0
2022-07-18 00:00:00-04:00,14.789999961853027,14.789999961853027,13.5600004196167,13.949999809265137,4527,0.0,0.0
2022-07-19 00:00:00-04:00,13.59000015258789,14.699999809265137,12.899999618530273,14.100000381469727,5120,0.0,0.0
2022-07-20 00:00:00-04:00,13.649999618530273,14.220000267028809,12.899999618530273,13.649999618530273,3157,0.0,0.0
2022-07-21 00:00:00-04:00,13.5,13.5,12.600000381469727,13.050000190734863,3160,0.0,0.0
2022-07-22 00:00:00-04:00,13.050000190734863,13.050000190734863,11.25,11.430000305175781,3707,0.0,0.0
2022-07-25 00:00:00-04:00,11.699999809265137,11.699999809265137,8.25,9.210000038146973,7657,0.0,0.0
2022-07-26 00:00:00-04:00,9.84000015258789,11.100000381469727,9.0,10.829999923706055,13373,0.0,0.0
2022-07-27 00:00:00-04:00,10.859999656677246,11.640000343322754,10.050000190734863,11.399999618530273,5380,0.0,0.0
2022-07-28 00:00:00-04:00,11.399999618530273,11.399999618530273,9.899999618530273,10.5,4807,0.0,0.0
2022-07-29 00:00:00-04:00,11.039999961853027,11.039999961853027,9.630000114440918,10.199999809265137,2527,0.0,0.0
2022-08-01 00:00:00-04:00,10.199999809265137,10.59000015258789,9.600000381469727,10.140000343322754,1487,0.0,0.0
2022-08-02 00:00:00-04:00,10.470000267028809,10.470000267028809,9.600000381469727,9.779999732971191,1220,0.0,0.0
2022-08-03 00:00:00-04:00,9.899999618530273,10.380000114440918,9.600000381469727,10.109999656677246,4450,0.0,0.0
2022-08-04 00:00:00-04:00,10.109999656677246,14.399999618530273,9.359999656677246,11.34000015258789,37160,0.0,0.0
2022-08-05 00:00:00-04:00,10.5,12.899999618530273,10.199999809265137,11.430000305175781,28997,0.0,0.0
2022-08-08 00:00:00-04:00,11.699999809265137,11.789999961853027,10.649999618530273,10.710000038146973,9990,0.0,0.0
2022-08-09 00:00:00-04:00,10.800000190734863,11.100000381469727,9.600000381469727,9.899999618530273,5653,0.0,0.0
2022-08-10 00:00:00-04:00,10.170000076293945,10.800000190734863,9.600000381469727,9.960000038146973,7803,0.0,0.0
2022-08-11 00:00:00-04:00,10.710000038146973,10.710000038146973,9.600000381469727,9.930000305175781,11230,0.0,0.0
2022-08-12 00:00:00-04:00,10.199999809265137,10.199999809265137,9.449999809265137,9.600000381469727,4410,0.0,0.0
2022-08-15 00:00:00-04:00,9.6899995803833,9.6899995803833,7.679999828338623,8.069999694824219,23357,0.0,0.0
2022-08-16 00:00:00-04:00,8.640000343322754,8.640000343322754,7.53000020980835,8.369999885559082,6163,0.0,0.0
2022-08-17 00:00:00-04:00,8.25,8.25,7.679999828338623,8.1899995803833,1413,0.0,0.0
2022-08-18 00:00:00-04:00,8.069999694824219,8.399999618530273,7.5,7.920000076293945,15560,0.0,0.0
2022-08-19 00:00:00-04:00,7.739999771118164,7.949999809265137,7.46999979019165,7.5,11320,0.0,0.0
2022-08-22 00:00:00-04:00,7.349999904632568,7.409999847412109,6.599999904632568,7.110000133514404,9450,0.0,0.0
2022-08-23 00:00:00-04:00,6.900000095367432,6.929999828338623,6.599999904632568,6.599999904632568,3740,0.0,0.0
2022-08-24 00:00:00-04:00,6.599999904632568,7.019999980926514,6.449999809265137,6.900000095367432,4080,0.0,0.0
2022-08-25 00:00:00-04:00,6.809999942779541,7.110000133514404,6.809999942779541,6.900000095367432,4583,0.0,0.0
2022-08-26 00:00:00-04:00,6.690000057220459,7.5,6.690000057220459,6.900000095367432,3217,0.0,0.0
2022-08-29 00:00:00-04:00,6.420000076293945,7.289999961853027,6.420000076293945,6.960000038146973,2137,0.0,0.0
2022-08-30 00:00:00-04:00,6.960000038146973,9.300000190734863,6.960000038146973,7.949999809265137,53917,0.0,0.0
2022-08-31 00:00:00-04:00,7.5,8.039999961853027,7.260000228881836,8.010000228881836,10480,0.0,0.0
2022-09-01 00:00:00-04:00,7.800000190734863,7.920000076293945,6.960000038146973,7.199999809265137,5943,0.0,0.0
2022-09-02 00:00:00-04:00,7.5,8.100000381469727,7.349999904632568,7.800000190734863,4367,0.0,0.0
2022-09-06 00:00:00-04:00,7.949999809265137,7.949999809265137,7.170000076293945,7.710000038146973,3543,0.0,0.0
2022-09-07 00:00:00-04:00,7.5,7.889999866485596,7.5,7.800000190734863,1093,0.0,0.0
2022-09-08 00:00:00-04:00,7.800000190734863,7.800000190734863,7.260000228881836,7.739999771118164,1703,0.0,0.0
2022-09-09 00:00:00-04:00,7.800000190734863,8.100000381469727,7.710000038146973,7.769999980926514,4017,0.0,0.0
2022-09-12 00:00:00-04:00,8.100000381469727,8.699999809265137,7.769999980926514,8.100000381469727,9390,0.0,0.0
2022-09-13 00:00:00-04:00,7.800000190734863,7.980000019073486,7.409999847412109,7.739999771118164,2350,0.0,0.0
2022-09-14 00:00:00-04:00,7.949999809265137,8.25,7.110000133514404,7.5,3917,0.0,0.0
2022-09-15 00:00:00-04:00,8.220000267028809,8.220000267028809,6.929999828338623,7.5,1407,0.0,0.0
2022-09-16 00:00:00-04:00,7.139999866485596,7.769999980926514,6.900000095367432,7.050000190734863,2453,0.0,0.0
2022-09-19 00:00:00-04:00,6.659999847412109,7.289999961853027,6.659999847412109,6.690000057220459,2480,0.0,0.0
2022-09-20 00:00:00-04:00,6.630000114440918,7.5,6.630000114440918,6.840000152587891,1477,0.0,0.0
2022-09-21 00:00:00-04:00,6.840000152587891,6.840000152587891,6.599999904632568,6.630000114440918,2137,0.0,0.0
2022-09-22 00:00:00-04:00,6.690000057220459,6.690000057220459,5.550000190734863,5.909999847412109,13730,0.0,0.0
2022-09-23 00:00:00-04:00,5.730000019073486,5.789999961853027,4.349999904632568,4.679999828338623,17307,0.0,0.0
2022-09-26 00:00:00-04:00,4.679999828338623,4.679999828338623,4.5,4.5,2383,0.0,0.0
2022-09-27 00:00:00-04:00,4.889999866485596,5.099999904632568,4.5,4.53000020980835,3200,0.0,0.0
2022-09-28 00:00:00-04:00,4.289999961853027,4.800000190734863,4.289999961853027,4.769999980926514,1177,0.0,0.0
2022-09-29 00:00:00-04:00,4.559999942779541,4.769999980926514,4.559999942779541,4.559999942779541,1030,0.0,0.0
2022-09-30 00:00:00-04:00,4.769999980926514,6.0,4.53000020980835,4.769999980926514,19550,0.0,0.0
2022-10-03 00:00:00-04:00,4.949999809265137,4.980000019073486,4.199999809265137,4.349999904632568,4543,0.0,0.0
2022-10-04 00:00:00-04:00,4.800000190734863,5.400000095367432,4.5,4.800000190734863,37773,0.0,0.0
2022-10-05 00:00:00-04:00,5.039999961853027,5.400000095367432,4.800000190734863,4.889999866485596,145920,0.0,0.0
2022-10-06 00:00:00-04:00,11.699999809265137,13.800000190734863,6.75,7.409999847412109,1965267,0.0,0.0
2022-10-07 00:00:00-04:00,5.849999904632568,6.630000114440918,5.309999942779541,6.210000038146973,114820,0.0,0.0
2022-10-10 00:00:00-04:00,5.699999809265137,6.150000095367432,5.28000020980835,5.730000019073486,31950,0.0,0.0
2022-10-11 00:00:00-04:00,5.639999866485596,5.699999809265137,4.829999923706055,4.949999809265137,24657,0.0,0.0
2022-10-12 00:00:00-04:00,7.050000190734863,9.0,6.090000152587891,6.869999885559082,1346590,0.0,0.0
2022-10-13 00:00:00-04:00,6.269999980926514,6.449999809265137,5.699999809265137,6.150000095367432,82270,0.0,0.0
2022-10-14 00:00:00-04:00,6.03000020980835,6.599999904632568,5.429999828338623,5.699999809265137,45793,0.0,0.0
2022-10-17 00:00:00-04:00,5.519999980926514,6.119999885559082,5.429999828338623,5.429999828338623,41377,0.0,0.0
2022-10-18 00:00:00-04:00,5.460000038146973,5.940000057220459,5.099999904632568,5.28000020980835,32237,0.0,0.0
2022-10-19 00:00:00-04:00,5.25,5.340000152587891,4.889999866485596,5.039999961853027,23690,0.0,0.0
2022-10-20 00:00:00-04:00,4.889999866485596,5.21999979019165,4.889999866485596,5.070000171661377,12500,0.0,0.0
2022-10-21 00:00:00-04:00,5.070000171661377,5.099999904632568,4.769999980926514,4.920000076293945,13117,0.0,0.0
2022-10-24 00:00:00-04:00,4.860000133514404,4.949999809265137,4.199999809265137,4.559999942779541,27270,0.0,0.0
2022-10-25 00:00:00-04:00,4.53000020980835,4.949999809265137,4.53000020980835,4.860000133514404,13763,0.0,0.0
2022-10-26 00:00:00-04:00,4.949999809265137,5.400000095367432,4.949999809265137,5.25,29163,0.0,0.0
2022-10-27 00:00:00-04:00,5.099999904632568,5.340000152587891,4.949999809265137,5.010000228881836,9867,0.0,0.0
2022-10-28 00:00:00-04:00,5.039999961853027,5.099999904632568,4.679999828338623,4.800000190734863,4880,0.0,0.0
2022-10-31 00:00:00-04:00,4.949999809265137,5.099999904632568,4.53000020980835,4.650000095367432,3420,0.0,0.0
2022-11-01 00:00:00-04:00,4.650000095367432,4.800000190734863,4.230000019073486,4.320000171661377,12813,0.0,0.0
2022-11-02 00:00:00-04:00,4.440000057220459,4.590000152587891,4.199999809265137,4.5,13993,0.0,0.0
2022-11-03 00:00:00-04:00,4.53000020980835,4.710000038146973,4.409999847412109,4.559999942779541,6087,0.0,0.0
2022-11-04 00:00:00-04:00,4.320000171661377,4.53000020980835,3.75,3.930000066757202,34557,0.0,0.0
2022-11-07 00:00:00-05:00,4.349999904632568,4.349999904632568,3.450000047683716,3.5399999618530273,16227,0.0,0.0
2022-11-08 00:00:00-05:00,3.5999999046325684,3.869999885559082,3.4200000762939453,3.5999999046325684,32140,0.0,0.0
2022-11-09 00:00:00-05:00,3.2799999713897705,3.2799999713897705,2.549999952316284,2.549999952316284,54100,0.0,0.03333333333333333
2022-11-10 00:00:00-05:00,2.630000114440918,3.5,2.630000114440918,2.9000000953674316,37700,0.0,0.0
2022-11-11 00:00:00-05:00,3.0399999618530273,3.125,2.8499999046325684,2.880000114440918,4400,0.0,0.0
2022-11-14 00:00:00-05:00,2.8499999046325684,2.8989999294281006,2.700000047683716,2.7100000381469727,11800,0.0,0.0
2022-11-15 00:00:00-05:00,2.680000066757202,3.200000047683716,2.6519999504089355,2.799999952316284,53400,0.0,0.0
2022-11-16 00:00:00-05:00,2.890000104904175,3.25,2.890000104904175,3.140000104904175,81800,0.0,0.0
2022-11-17 00:00:00-05:00,3.190000057220459,4.090000152587891,3.049999952316284,3.4600000381469727,322500,0.0,0.0
2022-11-18 00:00:00-05:00,3.25,3.380000114440918,2.7699999809265137,2.8399999141693115,47400,0.0,0.0
2022-11-21 00:00:00-05:00,2.7100000381469727,2.878999948501587,2.680000066757202,2.740000009536743,6700,0.0,0.0
2022-11-22 00:00:00-05:00,2.8299999237060547,2.867000102996826,2.700000047683716,2.700000047683716,4000,0.0,0.0
2022-11-23 00:00:00-05:00,2.7300000190734863,2.75,2.5409998893737793,2.559999942779541,16500,0.0,0.0
2022-11-25 00:00:00-05:00,2.559999942779541,2.609999895095825,2.559999942779541,2.569999933242798,1200,0.0,0.0
2022-11-28 00:00:00-05:00,2.5799999237060547,2.700000047683716,2.569999933242798,2.5899999141693115,7700,0.0,0.0
2022-11-29 00:00:00-05:00,2.7100000381469727,2.809000015258789,2.630000114440918,2.630000114440918,2100,0.0,0.0
2022-11-30 00:00:00-05:00,2.5299999713897705,2.619999885559082,2.5,2.559999942779541,5100,0.0,0.0
2022-12-01 00:00:00-05:00,2.5179998874664307,2.6500000953674316,2.5179998874664307,2.565000057220459,2500,0.0,0.0
2022-12-02 00:00:00-05:00,2.63700008392334,2.740000009536743,2.63700008392334,2.700000047683716,10200,0.0,0.0
2022-12-05 00:00:00-05:00,2.700000047683716,2.700000047683716,2.565000057220459,2.6689999103546143,6800,0.0,0.0
2022-12-06 00:00:00-05:00,2.6700000762939453,2.700000047683716,2.5,2.622999906539917,7500,0.0,0.0
2022-12-07 00:00:00-05:00,2.5199999809265137,2.6700000762939453,2.5199999809265137,2.5799999237060547,3800,0.0,0.0
2022-12-08 00:00:00-05:00,2.4600000381469727,2.5899999141693115,2.4200000762939453,2.4800000190734863,4300,0.0,0.0
2022-12-09 00:00:00-05:00,2.4000000953674316,2.5899999141693115,2.4000000953674316,2.4600000381469727,21600,0.0,0.0
2022-12-12 00:00:00-05:00,2.4200000762939453,3.2200000286102295,2.4200000762939453,2.9760000705718994,84600,0.0,0.0
2022-12-13 00:00:00-05:00,2.640000104904175,2.812999963760376,2.549999952316284,2.5899999141693115,14900,0.0,0.0
2022-12-14 00:00:00-05:00,2.630000114440918,2.742000102996826,2.630000114440918,2.7300000190734863,2400,0.0,0.0
2022-12-15 00:00:00-05:00,2.7300000190734863,2.7330000400543213,2.440000057220459,2.4800000190734863,5100,0.0,0.0
2022-12-16 00:00:00-05:00,2.609999895095825,2.609999895095825,2.299999952316284,2.299999952316284,5400,0.0,0.0
2022-12-19 00:00:00-05:00,2.5199999809265137,2.5199999809265137,2.109999895095825,2.296999931335449,3300,0.0,0.0
2022-12-20 00:00:00-05:00,2.299999952316284,2.299999952316284,2.200000047683716,2.200000047683716,700,0.0,0.0
2022-12-21 00:00:00-05:00,2.2100000381469727,2.319999933242798,2.059999942779541,2.119999885559082,4000,0.0,0.0
2022-12-22 00:00:00-05:00,2.119999885559082,2.119999885559082,1.840000033378601,1.9550000429153442,9400,0.0,0.0
2022-12-23 00:00:00-05:00,1.8600000143051147,1.8600000143051147,1.850000023841858,1.850000023841858,4000,0.0,0.0
2022-12-27 00:00:00-05:00,1.9500000476837158,1.9900000095367432,1.909999966621399,1.9759999513626099,4700,0.0,0.0
2022-12-28 00:00:00-05:00,1.8489999771118164,1.9299999475479126,1.8200000524520874,1.8200000524520874,1700,0.0,0.0
2022-12-29 00:00:00-05:00,1.8799999952316284,2.0,1.8799999952316284,2.0,1100,0.0,0.0
2022-12-30 00:00:00-05:00,1.8899999856948853,2.0899999141693115,1.8899999856948853,2.0889999866485596,6600,0.0,0.0
2023-01-03 00:00:00-05:00,1.7999999523162842,2.0999999046325684,1.7999999523162842,2.0999999046325684,14200,0.0,0.0
2023-01-04 00:00:00-05:00,2.140000104904175,2.4600000381469727,2.140000104904175,2.4200000762939453,15700,0.0,0.0
2023-01-05 00:00:00-05:00,2.319999933242798,2.440000057220459,2.1600000858306885,2.430000066757202,12700,0.0,0.0
2023-01-06 00:00:00-05:00,2.5799999237060547,2.950000047683716,2.2980000972747803,2.950000047683716,19100,0.0,0.0
2023-01-09 00:00:00-05:00,3.0,3.2249999046325684,2.6500000953674316,3.015000104904175,31300,0.0,0.0
2023-01-10 00:00:00-05:00,3.25,3.690000057220459,2.9000000953674316,3.4000000953674316,91300,0.0,0.0
2023-01-11 00:00:00-05:00,3.740000009536743,3.740000009536743,3.240000009536743,3.3399999141693115,28400,0.0,0.0
2023-01-12 00:00:00-05:00,3.299999952316284,4.369999885559082,3.200000047683716,3.7200000286102295,206800,0.0,0.0
2023-01-13 00:00:00-05:00,3.9800000190734863,4.449999809265137,3.5,3.940000057220459,87500,0.0,0.0
2023-01-17 00:00:00-05:00,4.056000232696533,4.690000057220459,3.8550000190734863,4.230000019073486,115500,0.0,0.0
2023-01-18 00:00:00-05:00,4.139999866485596,4.429999828338623,3.759999990463257,4.0,64600,0.0,0.0
2023-01-19 00:00:00-05:00,3.809999942779541,3.990000009536743,3.200000047683716,3.3399999141693115,73000,0.0,0.0
2023-01-20 00:00:00-05:00,3.4240000247955322,3.7100000381469727,3.4000000953674316,3.619999885559082,10900,0.0,0.0
2023-01-23 00:00:00-05:00,3.6500000953674316,4.239999771118164,3.6500000953674316,3.890000104904175,15900,0.0,0.0
2023-01-24 00:00:00-05:00,4.150000095367432,4.150000095367432,3.630000114440918,3.9800000190734863,12600,0.0,0.0
2023-01-25 00:00:00-05:00,4.039999961853027,4.039999961853027,3.802999973297119,3.819999933242798,1300,0.0,0.0
2023-01-26 00:00:00-05:00,3.869999885559082,3.869999885559082,3.6600000858306885,3.6600000858306885,2000,0.0,0.0
2023-01-27 00:00:00-05:00,3.696000099182129,3.9000000953674316,3.690000057220459,3.746000051498413,6200,0.0,0.0
2023-01-30 00:00:00-05:00,3.680000066757202,3.799999952316284,3.680000066757202,3.7100000381469727,1800,0.0,0.0
2023-01-31 00:00:00-05:00,3.740000009536743,4.369999885559082,3.740000009536743,3.809999942779541,12400,0.0,0.0
2023-02-01 00:00:00-05:00,3.7769999504089355,4.329999923706055,3.7769999504089355,4.170000076293945,48000,0.0,0.0
2023-02-02 00:00:00-05:00,4.159999847412109,4.429999828338623,4.090000152587891,4.4070000648498535,25900,0.0,0.0
2023-02-03 00:00:00-05:00,4.429999828338623,4.619999885559082,4.170000076293945,4.380000114440918,18400,0.0,0.0
2023-02-06 00:00:00-05:00,6.019999980926514,6.099999904632568,4.300000190734863,5.309999942779541,1911800,0.0,0.0
2023-02-07 00:00:00-05:00,4.909999847412109,5.949999809265137,4.5,5.519999980926514,300200,0.0,0.0
2023-02-08 00:00:00-05:00,5.327000141143799,5.789999961853027,4.909999847412109,5.0,183800,0.0,0.0
2023-02-09 00:00:00-05:00,5.0,5.289999961853027,4.730000019073486,4.849999904632568,46300,0.0,0.0
2023-02-10 00:00:00-05:00,4.800000190734863,5.119999885559082,3.7699999809265137,3.8499999046325684,47500,0.0,0.0
2023-02-13 00:00:00-05:00,3.8499999046325684,3.9800000190734863,3.8299999237060547,3.9100000858306885,8900,0.0,0.0
2023-02-14 00:00:00-05:00,3.9200000762939453,4.140999794006348,3.8299999237060547,3.950000047683716,38300,0.0,0.0
2023-02-15 00:00:00-05:00,3.9700000286102295,3.9700000286102295,3.799999952316284,3.950000047683716,3000,0.0,0.0
2023-02-16 00:00:00-05:00,3.7860000133514404,4.050000190734863,3.7860000133514404,4.050000190734863,2200,0.0,0.0
2023-02-17 00:00:00-05:00,3.880000114440918,3.950000047683716,3.7899999618530273,3.9100000858306885,10100,0.0,0.0
2023-02-21 00:00:00-05:00,3.9000000953674316,3.9000000953674316,3.7899999618530273,3.811000108718872,2000,0.0,0.0
2023-02-22 00:00:00-05:00,3.819999933242798,3.819999933242798,3.680000066757202,3.799999952316284,2400,0.0,0.0
2023-02-23 00:00:00-05:00,3.7799999713897705,3.7799999713897705,3.694999933242798,3.694999933242798,1800,0.0,0.0
2023-02-24 00:00:00-05:00,3.700000047683716,3.7300000190734863,3.36299991607666,3.5999999046325684,8700,0.0,0.0
2023-02-27 00:00:00-05:00,3.5899999141693115,3.8499999046325684,3.4000000953674316,3.559999942779541,43200,0.0,0.0
2023-02-28 00:00:00-05:00,3.4000000953674316,3.6570000648498535,3.4000000953674316,3.630000114440918,700,0.0,0.0
2023-03-01 00:00:00-05:00,3.628999948501587,3.628999948501587,3.4019999504089355,3.4709999561309814,1400,0.0,0.0
2023-03-02 00:00:00-05:00,3.4100000858306885,3.515000104904175,3.4100000858306885,3.5,3600,0.0,0.0
2023-03-03 00:00:00-05:00,3.680000066757202,3.680000066757202,3.433000087738037,3.440000057220459,18900,0.0,0.0
2023-03-06 00:00:00-05:00,3.509999990463257,3.5999999046325684,3.4000000953674316,3.4000000953674316,11100,0.0,0.0
2023-03-07 00:00:00-05:00,3.4000000953674316,3.5999999046325684,3.299999952316284,3.299999952316284,10900,0.0,0.0
2023-03-08 00:00:00-05:00,3.299999952316284,3.299999952316284,3.299999952316284,3.299999952316284,300,0.0,0.0
2023-03-09 00:00:00-05:00,2.9070000648498535,2.9700000286102295,2.759999990463257,2.9700000286102295,3100,0.0,0.0
2023-03-10 00:00:00-05:00,2.7300000190734863,2.9100000858306885,2.609999895095825,2.7799999713897705,4900,0.0,0.0
2023-03-13 00:00:00-04:00,2.630000114440918,2.819999933242798,2.628000020980835,2.688999891281128,2600,0.0,0.0
2023-03-14 00:00:00-04:00,2.688999891281128,2.688999891281128,2.688999891281128,2.688999891281128,300,0.0,0.0
2023-03-15 00:00:00-04:00,2.7300000190734863,3.299999952316284,2.5199999809265137,2.9100000858306885,62200,0.0,0.0
2023-03-16 00:00:00-04:00,2.819999933242798,2.819999933242798,2.680000066757202,2.680000066757202,700,0.0,0.0
2023-03-17 00:00:00-04:00,2.680000066757202,2.680000066757202,2.5299999713897705,2.5299999713897705,700,0.0,0.0
2023-03-20 00:00:00-04:00,2.5299999713897705,2.930000066757202,2.4749999046325684,2.630000114440918,37100,0.0,0.0
2023-03-21 00:00:00-04:00,2.799999952316284,3.299999952316284,2.549999952316284,2.6610000133514404,18300,0.0,0.0
2023-03-22 00:00:00-04:00,2.8499999046325684,2.8499999046325684,2.8499999046325684,2.8499999046325684,700,0.0,0.0
2023-03-23 00:00:00-04:00,2.680000066757202,2.680000066757202,2.680000066757202,2.680000066757202,400,0.0,0.0
2023-03-24 00:00:00-04:00,3.2899999618530273,3.2899999618530273,2.690000057220459,2.73799991607666,2400,0.0,0.0
2023-03-27 00:00:00-04:00,2.9600000381469727,2.990000009536743,2.5999999046325684,2.6410000324249268,6600,0.0,0.0
2023-03-28 00:00:00-04:00,2.609999895095825,2.609999895095825,2.609999895095825,2.609999895095825,1100,0.0,0.0
2023-03-29 00:00:00-04:00,2.630000114440918,2.630000114440918,2.630000114440918,2.630000114440918,800,0.0,0.0
2023-03-30 00:00:00-04:00,2.630000114440918,2.630000114440918,2.630000114440918,2.630000114440918,0,0.0,0.0
2023-03-31 00:00:00-04:00,2.5360000133514404,2.5799999237060547,2.5360000133514404,2.5799999237060547,500,0.0,0.0
2023-04-03 00:00:00-04:00,2.765000104904175,2.765000104904175,2.765000104904175,2.765000104904175,500,0.0,0.0
2023-04-04 00:00:00-04:00,2.7100000381469727,2.7100000381469727,2.619999885559082,2.619999885559082,500,0.0,0.0
2023-04-05 00:00:00-04:00,2.4800000190734863,2.700000047683716,2.2300000190734863,2.619999885559082,2000,0.0,0.0
2023-04-06 00:00:00-04:00,2.680000066757202,2.740000009536743,2.609999895095825,2.7300000190734863,4100,0.0,0.0
2023-04-10 00:00:00-04:00,2.7300000190734863,2.7300000190734863,2.7300000190734863,2.7300000190734863,300,0.0,0.0
2023-04-11 00:00:00-04:00,2.7300000190734863,2.7300000190734863,2.7300000190734863,2.7300000190734863,500,0.0,0.0
2023-04-12 00:00:00-04:00,2.4749999046325684,2.4800000190734863,2.359999895095825,2.359999895095825,1500,0.0,0.0
2023-04-13 00:00:00-04:00,2.5810000896453857,3.2799999713897705,2.359999895095825,2.640000104904175,19900,0.0,0.0
2023-04-14 00:00:00-04:00,2.799999952316284,3.006999969482422,2.375999927520752,2.5799999237060547,14600,0.0,0.0
2023-04-17 00:00:00-04:00,2.619999885559082,2.9800000190734863,2.619999885559082,2.759999990463257,3100,0.0,0.0
2023-04-18 00:00:00-04:00,2.799999952316284,3.569999933242798,2.619999885559082,2.9189999103546143,37400,0.0,0.0
2023-04-19 00:00:00-04:00,2.809999942779541,2.9149999618530273,2.7300000190734863,2.759999990463257,1300,0.0,0.0
2023-04-20 00:00:00-04:00,2.7899999618530273,2.7899999618530273,2.4200000762939453,2.509999990463257,5300,0.0,0.0
2023-04-21 00:00:00-04:00,2.509999990463257,2.5799999237060547,2.4100000858306885,2.5,4000,0.0,0.0
2023-04-24 00:00:00-04:00,2.240000009536743,2.552000045776367,2.2300000190734863,2.2300000190734863,4600,0.0,0.0
2023-04-25 00:00:00-04:00,2.25,2.4700000286102295,2.25,2.309999942779541,3900,0.0,0.0
2023-04-26 00:00:00-04:00,2.569999933242798,2.799999952316284,2.4600000381469727,2.509999990463257,2600,0.0,0.0
2023-04-27 00:00:00-04:00,2.2100000381469727,2.4000000953674316,2.2100000381469727,2.4000000953674316,2600,0.0,0.0
2023-04-28 00:00:00-04:00,2.4700000286102295,2.9790000915527344,2.319999933242798,2.5,21300,0.0,0.0
2023-05-01 00:00:00-04:00,4.0,44.0,2.8980000019073486,31.0,12364200,0.0,0.0
2023-05-02 00:00:00-04:00,16.84000015258789,17.09000015258789,3.2100000381469727,3.4000000953674316,5444700,0.0,0.0
2023-05-03 00:00:00-04:00,4.800000190734863,10.640000343322754,4.550000190734863,5.769999980926514,20983800,0.0,0.0
2023-05-04 00:00:00-04:00,7.179999828338623,7.789999961853027,5.849999904632568,6.880000114440918,5739300,0.0,0.0
2023-05-05 00:00:00-04:00,6.059999942779541,6.679999828338623,5.210000038146973,5.800000190734863,1409100,0.0,0.0
2023-05-08 00:00:00-04:00,5.920000076293945,7.0,5.821000099182129,6.139999866485596,1399400,0.0,0.0
2023-05-09 00:00:00-04:00,5.619999885559082,5.800000190734863,4.630000114440918,5.03000020980835,504200,0.0,0.0
2023-05-10 00:00:00-04:00,4.920000076293945,5.070000171661377,4.670000076293945,5.03000020980835,394200,0.0,0.0
2023-05-11 00:00:00-04:00,4.550000190734863,4.670000076293945,4.03000020980835,4.400000095367432,267900,0.0,0.0
2023-05-12 00:00:00-04:00,4.260000228881836,4.28000020980835,3.430000066757202,4.0,338900,0.0,0.0
2023-05-15 00:00:00-04:00,3.7100000381469727,5.650000095367432,3.690000057220459,4.340000152587891,2363500,0.0,0.0
2023-05-16 00:00:00-04:00,7.039999961853027,10.489999771118164,5.889999866485596,6.329999923706055,49779500,0.0,0.0
2023-05-17 00:00:00-04:00,7.199999809265137,7.900000095367432,6.0,6.610000133514404,9023400,0.0,0.0
2023-05-18 00:00:00-04:00,6.400000095367432,6.579999923706055,5.699999809265137,6.349999904632568,962100,0.0,0.0
2023-05-19 00:00:00-04:00,6.0,6.395999908447266,5.400000095367432,5.670000076293945,464100,0.0,0.0
2023-05-22 00:00:00-04:00,5.809999942779541,5.869999885559082,4.550000190734863,5.480000019073486,585800,0.0,0.0
2023-05-23 00:00:00-04:00,5.320000171661377,5.440000057220459,5.090000152587891,5.300000190734863,214400,0.0,0.0
2023-05-24 00:00:00-04:00,5.239999771118164,5.400000095367432,4.829999923706055,5.119999885559082,200000,0.0,0.0
2023-05-25 00:00:00-04:00,4.929999828338623,5.079999923706055,4.599999904632568,4.840000152587891,274700,0.0,0.0
2023-05-26 00:00:00-04:00,4.739999771118164,4.760000228881836,4.199999809265137,4.440000057220459,271900,0.0,0.0
2023-05-30 00:00:00-04:00,4.420000076293945,6.119999885559082,4.309999942779541,5.139999866485596,2243200,0.0,0.0
2023-05-31 00:00:00-04:00,4.929999828338623,5.110000133514404,4.610000133514404,4.909999847412109,374900,0.0,0.0
2023-06-01 00:00:00-04:00,4.730000019073486,5.369999885559082,4.730000019073486,4.860000133514404,428400,0.0,0.0
2023-06-02 00:00:00-04:00,4.829999923706055,4.980000019073486,4.500999927520752,4.869999885559082,302000,0.0,0.0
2023-06-05 00:00:00-04:00,4.769999980926514,5.039999961853027,4.610000133514404,4.800000190734863,173000,0.0,0.0
2023-06-06 00:00:00-04:00,4.710000038146973,5.199999809265137,4.650000095367432,4.889999866485596,294400,0.0,0.0
2023-06-07 00:00:00-04:00,4.820000171661377,4.949999809265137,4.420000076293945,4.420000076293945,204700,0.0,0.0
2023-06-08 00:00:00-04:00,4.5,4.789999961853027,4.5,4.579999923706055,166400,0.0,0.0
2023-06-09 00:00:00-04:00,4.510000228881836,4.669000148773193,4.099999904632568,4.210000038146973,184300,0.0,0.0
2023-06-12 00:00:00-04:00,4.409999847412109,4.409999847412109,4.059999942779541,4.059999942779541,80500,0.0,0.0
2023-06-13 00:00:00-04:00,4.28000020980835,4.28000020980835,3.811000108718872,3.9800000190734863,160300,0.0,0.0
2023-06-14 00:00:00-04:00,3.9200000762939453,4.0,3.75,3.990000009536743,141700,0.0,0.0
2023-06-15 00:00:00-04:00,3.940000057220459,4.440000057220459,3.799999952316284,4.300000190734863,251900,0.0,0.0
2023-06-16 00:00:00-04:00,4.300000190734863,4.300000190734863,4.059999942779541,4.179999828338623,61700,0.0,0.0
2023-06-20 00:00:00-04:00,4.059999942779541,4.21999979019165,4.059999942779541,4.159999847412109,45000,0.0,0.0
2023-06-21 00:00:00-04:00,4.119999885559082,4.349999904632568,4.021999835968018,4.349999904632568,84800,0.0,0.0
2023-06-22 00:00:00-04:00,4.579999923706055,4.579999923706055,4.170000076293945,4.449999809265137,68400,0.0,0.0
2023-06-23 00:00:00-04:00,4.309999942779541,4.400000095367432,4.110000133514404,4.139999866485596,85500,0.0,0.0
2023-06-26 00:00:00-04:00,4.119999885559082,4.239999771118164,3.8910000324249268,4.039999961853027,39700,0.0,0.0
2023-06-27 00:00:00-04:00,3.9800000190734863,4.190000057220459,3.9800000190734863,4.039999961853027,56800,0.0,0.0
2023-06-28 00:00:00-04:00,3.930000066757202,4.084000110626221,3.859999895095825,3.859999895095825,35400,0.0,0.0
2023-06-29 00:00:00-04:00,4.159999847412109,4.159999847412109,3.9100000858306885,4.099999904632568,201400,0.0,0.0
2023-06-30 00:00:00-04:00,4.210000038146973,4.369999885559082,4.1020002365112305,4.269999980926514,111400,0.0,0.0
2023-07-03 00:00:00-04:00,4.25,4.309999942779541,4.110000133514404,4.210000038146973,30800,0.0,0.0
2023-07-05 00:00:00-04:00,4.21999979019165,4.21999979019165,4.050000190734863,4.050000190734863,33100,0.0,0.0
2023-07-06 00:00:00-04:00,4.0,4.139999866485596,3.9200000762939453,3.990000009536743,71400,0.0,0.0
2023-07-07 00:00:00-04:00,3.9800000190734863,4.119999885559082,3.9539999961853027,4.0,66400,0.0,0.0
2023-07-10 00:00:00-04:00,4.039999961853027,4.150000095367432,3.930000066757202,4.079999923706055,84500,0.0,0.0
2023-07-11 00:00:00-04:00,4.0,4.460000038146973,3.8970000743865967,3.940000057220459,222200,0.0,0.0
2023-07-12 00:00:00-04:00,3.990000009536743,4.099999904632568,3.819999933242798,4.03000020980835,77700,0.0,0.0
2023-07-13 00:00:00-04:00,3.9700000286102295,4.130000114440918,3.9100000858306885,4.039999961853027,67600,0.0,0.0
2023-07-14 00:00:00-04:00,3.9800000190734863,4.0,3.859999895095825,3.869999885559082,68300,0.0,0.0
2023-07-17 00:00:00-04:00,3.890000104904175,3.937000036239624,3.7200000286102295,3.8299999237060547,44600,0.0,0.0
2023-07-18 00:00:00-04:00,3.7200000286102295,3.825000047683716,3.4000000953674316,3.4800000190734863,131100,0.0,0.0
2023-07-19 00:00:00-04:00,3.5,3.630000114440918,3.4000000953674316,3.4100000858306885,59100,0.0,0.0
2023-07-20 00:00:00-04:00,3.369999885559082,3.4779999256134033,3.2950000762939453,3.299999952316284,31000,0.0,0.0
2023-07-21 00:00:00-04:00,3.25,3.4000000953674316,3.25,3.309999942779541,49900,0.0,0.0
2023-07-24 00:00:00-04:00,3.4100000858306885,3.4100000858306885,3.0799999237060547,3.0799999237060547,81100,0.0,0.0
2023-07-25 00:00:00-04:00,3.0799999237060547,3.240000009536743,3.0799999237060547,3.1500000953674316,39900,0.0,0.0
2023-07-26 00:00:00-04:00,3.0999999046325684,3.3929998874664307,3.0999999046325684,3.319999933242798,67800,0.0,0.0
2023-07-27 00:00:00-04:00,3.190000057220459,3.5299999713897705,3.109999895095825,3.109999895095825,83800,0.0,0.0
2023-07-28 00:00:00-04:00,3.2300000190734863,3.3499999046325684,3.0999999046325684,3.119999885559082,50200,0.0,0.0
2023-07-31 00:00:00-04:00,3.2899999618530273,3.2899999618530273,3.1600000858306885,3.2100000381469727,32100,0.0,0.0
2023-08-01 00:00:00-04:00,3.2300000190734863,3.490000009536743,3.1640000343322754,3.240000009536743,53000,0.0,0.0
2023-08-02 00:00:00-04:00,3.240000009536743,3.240000009536743,3.009999990463257,3.0799999237060547,70100,0.0,0.0
2023-08-03 00:00:00-04:00,3.0299999713897705,3.180000066757202,3.0199999809265137,3.0799999237060547,18300,0.0,0.0
2023-08-04 00:00:00-04:00,3.0899999141693115,3.2009999752044678,3.009999990463257,3.0899999141693115,38600,0.0,0.0
2023-08-07 00:00:00-04:00,3.0299999713897705,3.130000114440918,2.700000047683716,2.740000009536743,71800,0.0,0.0
2023-08-08 00:00:00-04:00,2.799999952316284,2.799999952316284,2.6410000324249268,2.740000009536743,18900,0.0,0.0
2023-08-09 00:00:00-04:00,2.7300000190734863,2.75,2.509999990463257,2.690000057220459,22900,0.0,0.0
2023-08-10 00:00:00-04:00,2.6700000762939453,2.6700000762939453,2.430000066757202,2.509999990463257,37600,0.0,0.0
2023-08-11 00:00:00-04:00,2.490999937057495,2.559999942779541,2.4189999103546143,2.4600000381469727,42200,0.0,0.0
2023-08-14 00:00:00-04:00,2.569999933242798,2.6500000953674316,2.4700000286102295,2.5899999141693115,12700,0.0,0.0
2023-08-15 00:00:00-04:00,2.5899999141693115,2.5899999141693115,2.5,2.5799999237060547,11200,0.0,0.0
2023-08-16 00:00:00-04:00,2.549999952316284,2.950000047683716,2.549999952316284,2.7100000381469727,121900,0.0,0.0
2023-08-17 00:00:00-04:00,2.8299999237060547,2.8350000381469727,2.4200000762939453,2.7200000286102295,54200,0.0,0.0
2023-08-18 00:00:00-04:00,2.5899999141693115,2.690000057220459,2.510999917984009,2.5299999713897705,10200,0.0,0.0
2023-08-21 00:00:00-04:00,2.5799999237060547,2.6500000953674316,2.450000047683716,2.5799999237060547,19400,0.0,0.0
2023-08-22 00:00:00-04:00,2.4800000190734863,2.5999999046325684,2.450000047683716,2.5999999046325684,16700,0.0,0.0
2023-08-23 00:00:00-04:00,2.569999933242798,2.6500000953674316,2.5399999618530273,2.5899999141693115,8200,0.0,0.0
2023-08-24 00:00:00-04:00,2.569999933242798,2.5899999141693115,2.4809999465942383,2.5399999618530273,8800,0.0,0.0
2023-08-25 00:00:00-04:00,2.569999933242798,2.609999895095825,2.440000057220459,2.5399999618530273,14400,0.0,0.0
2023-08-28 00:00:00-04:00,4.980000019073486,5.340000152587891,3.2799999713897705,3.5,45185500,0.0,0.0
2023-08-29 00:00:00-04:00,3.369999885559082,3.490000009536743,3.140000104904175,3.430000066757202,1562600,0.0,0.0
2023-08-30 00:00:00-04:00,3.259999990463257,3.6500000953674316,3.259999990463257,3.450000047683716,456000,0.0,0.0
2023-08-31 00:00:00-04:00,3.309999942779541,3.3399999141693115,2.7300000190734863,2.7300000190734863,312400,0.0,0.0
2023-09-01 00:00:00-04:00,2.759999990463257,2.940000057220459,2.690000057220459,2.7899999618530273,243200,0.0,0.0
2023-09-05 00:00:00-04:00,3.9800000190734863,4.099999904632568,3.140000104904175,4.099999904632568,17363100,0.0,0.0
2023-09-06 00:00:00-04:00,3.7799999713897705,4.199999809265137,3.5199999809265137,4.019999980926514,838900,0.0,0.0
2023-09-07 00:00:00-04:00,3.859999895095825,4.159999847412109,3.7750000953674316,3.940000057220459,281300,0.0,0.0
2023-09-08 00:00:00-04:00,3.869999885559082,3.9700000286102295,3.619999885559082,3.950000047683716,144100,0.0,0.0
2023-09-11 00:00:00-04:00,3.890000104904175,4.349999904632568,3.819999933242798,4.210000038146973,295800,0.0,0.0
2023-09-12 00:00:00-04:00,4.099999904632568,4.170000076293945,3.9200000762939453,3.930000066757202,103300,0.0,0.0
2023-09-13 00:00:00-04:00,3.8499999046325684,3.9100000858306885,3.5,3.569999933242798,102800,0.0,0.0
2023-09-14 00:00:00-04:00,3.5999999046325684,3.6700000762939453,3.509999990463257,3.559999942779541,68700,0.0,0.0
2023-09-15 00:00:00-04:00,3.4700000286102295,3.5199999809265137,3.3399999141693115,3.380000114440918,35000,0.0,0.0
2023-09-18 00:00:00-04:00,3.4000000953674316,3.4100000858306885,3.2899999618530273,3.319999933242798,32500,0.0,0.0
2023-09-19 00:00:00-04:00,3.2100000381469727,3.359999895095825,3.1500000953674316,3.1700000762939453,61500,0.0,0.0
2023-09-20 00:00:00-04:00,3.1700000762939453,3.3299999237060547,3.130000114440918,3.200000047683716,26800,0.0,0.0
2023-09-21 00:00:00-04:00,3.196000099182129,3.2200000286102295,3.059999942779541,3.1500000953674316,28000,0.0,0.0
2023-09-22 00:00:00-04:00,3.0399999618530273,3.190000057220459,3.0399999618530273,3.0899999141693115,26600,0.0,0.0
2023-09-25 00:00:00-04:00,3.0299999713897705,3.180000066757202,2.8499999046325684,3.1600000858306885,62700,0.0,0.0
2023-09-26 00:00:00-04:00,3.119999885559082,3.119999885559082,2.8499999046325684,3.049999952316284,27100,0.0,0.0
2023-09-27 00:00:00-04:00,2.9600000381469727,3.046999931335449,2.9149999618530273,2.9700000286102295,30600,0.0,0.0
2023-09-28 00:00:00-04:00,2.9100000858306885,3.0,2.9100000858306885,2.990000009536743,19200,0.0,0.0
2023-09-29 00:00:00-04:00,2.9200000762939453,3.069999933242798,2.9200000762939453,2.990000009536743,9400,0.0,0.0
2023-10-02 00:00:00-04:00,2.9800000190734863,2.993000030517578,2.890000104904175,2.890000104904175,12400,0.0,0.0
2023-10-03 00:00:00-04:00,2.8499999046325684,2.8499999046325684,2.562000036239624,2.615999937057495,50600,0.0,0.0
2023-10-04 00:00:00-04:00,2.559999942779541,2.619999885559082,2.4600000381469727,2.559999942779541,38600,0.0,0.0
2023-10-05 00:00:00-04:00,2.569999933242798,2.6500000953674316,2.4800000190734863,2.5999999046325684,14600,0.0,0.0
2023-10-06 00:00:00-04:00,2.5999999046325684,2.6600000858306885,2.549999952316284,2.609999895095825,14600,0.0,0.0
2023-10-09 00:00:00-04:00,2.609999895095825,2.609999895095825,2.509999990463257,2.5199999809265137,10800,0.0,0.0
2023-10-10 00:00:00-04:00,2.490000009536743,2.640000104904175,2.490000009536743,2.5299999713897705,12200,0.0,0.0
2023-10-11 00:00:00-04:00,2.5799999237060547,2.5899999141693115,2.5,2.5399999618530273,19300,0.0,0.0
2023-10-12 00:00:00-04:00,2.490000009536743,2.619999885559082,2.4700000286102295,2.509999990463257,64900,0.0,0.0
2023-10-13 00:00:00-04:00,2.450000047683716,2.5899999141693115,2.315000057220459,2.390000104904175,31000,0.0,0.0
2023-10-16 00:00:00-04:00,2.390000104904175,2.499000072479248,2.3299999237060547,2.430000066757202,22800,0.0,0.0
2023-10-17 00:00:00-04:00,2.3299999237060547,2.619999885559082,2.3299999237060547,2.4600000381469727,23200,0.0,0.0
2023-10-18 00:00:00-04:00,2.4700000286102295,2.990999937057495,2.4700000286102295,2.8299999237060547,140500,0.0,0.0
2023-10-19 00:00:00-04:00,2.6500000953674316,2.809999942779541,2.6500000953674316,2.7100000381469727,24000,0.0,0.0
2023-10-20 00:00:00-04:00,2.7200000286102295,2.7899999618530273,2.615000009536743,2.680000066757202,20600,0.0,0.0
2023-10-23 00:00:00-04:00,2.5999999046325684,2.75,2.5840001106262207,2.6700000762939453,14900,0.0,0.0
2023-10-24 00:00:00-04:00,2.6700000762939453,2.7699999809265137,2.640000104904175,2.7320001125335693,12800,0.0,0.0
2023-10-25 00:00:00-04:00,2.7200000286102295,2.8310000896453857,2.7200000286102295,2.809999942779541,12000,0.0,0.0
2023-10-26 00:00:00-04:00,2.809999942779541,2.9800000190734863,2.796999931335449,2.9600000381469727,21700,0.0,0.0
2023-10-27 00:00:00-04:00,2.990000009536743,3.200000047683716,2.890000104904175,3.009999990463257,57900,0.0,0.0
2023-10-30 00:00:00-04:00,3.0,3.0,2.700000047683716,2.759999990463257,25900,0.0,0.0
2023-10-31 00:00:00-04:00,2.7899999618530273,3.140000104904175,2.7899999618530273,2.9800000190734863,35500,0.0,0.0
2023-11-01 00:00:00-04:00,2.890000104904175,2.9100000858306885,2.7100000381469727,2.7799999713897705,16900,0.0,0.0
2023-11-02 00:00:00-04:00,2.740000009536743,2.947000026702881,2.7100000381469727,2.880000114440918,23100,0.0,0.0
2023-11-03 00:00:00-04:00,2.869999885559082,3.140000104904175,2.869999885559082,2.9800000190734863,11400,0.0,0.0
2023-11-06 00:00:00-05:00,3.069999933242798,3.240000009536743,2.990000009536743,3.2100000381469727,24000,0.0,0.0
2023-11-07 00:00:00-05:00,3.2300000190734863,3.2300000190734863,3.130000114440918,3.180000066757202,9700,0.0,0.0
2023-11-08 00:00:00-05:00,3.140000104904175,3.190000057220459,3.049999952316284,3.0799999237060547,3800,0.0,0.0
2023-11-09 00:00:00-05:00,3.0889999866485596,3.1600000858306885,3.046999931335449,3.119999885559082,5600,0.0,0.0
2023-11-10 00:00:00-05:00,3.049999952316284,3.0899999141693115,3.003999948501587,3.009999990463257,5000,0.0,0.0
2023-11-13 00:00:00-05:00,2.890000104904175,3.1700000762939453,2.890000104904175,3.069999933242798,12900,0.0,0.0
2023-11-14 00:00:00-05:00,3.0999999046325684,3.0999999046325684,3.0199999809265137,3.059999942779541,12300,0.0,0.0
2023-11-15 00:00:00-05:00,2.8399999141693115,3.1700000762939453,2.8399999141693115,3.140000104904175,15200,0.0,0.0
2023-11-16 00:00:00-05:00,3.0350000858306885,3.200000047683716,2.950000047683716,3.1500000953674316,18800,0.0,0.0
2023-11-17 00:00:00-05:00,3.1700000762939453,3.450000047683716,3.0299999713897705,3.299999952316284,49500,0.0,0.0
2023-11-20 00:00:00-05:00,4.489999771118164,5.159999847412109,3.549999952316284,3.950000047683716,6238200,0.0,0.0
2023-11-21 00:00:00-05:00,4.0,4.400000095367432,3.559999942779541,3.9600000381469727,964800,0.0,0.0
2023-11-22 00:00:00-05:00,4.550000190734863,4.75,3.2100000381469727,3.549999952316284,3273600,0.0,0.0
2023-11-24 00:00:00-05:00,3.559999942779541,3.5799999237060547,2.9000000953674316,3.3399999141693115,579800,0.0,0.0
2023-11-27 00:00:00-05:00,3.2200000286102295,3.2300000190734863,2.9100000858306885,3.2300000190734863,238800,0.0,0.0
2023-11-28 00:00:00-05:00,3.049999952316284,3.4700000286102295,3.003000020980835,3.4200000762939453,316000,0.0,0.0
2023-11-29 00:00:00-05:00,3.440000057220459,3.6700000762939453,3.130000114440918,3.2899999618530273,979800,0.0,0.0
2023-11-30 00:00:00-05:00,3.490000009536743,3.490000009536743,3.0999999046325684,3.25,443900,0.0,0.0
2023-12-01 00:00:00-05:00,3.450000047683716,3.450000047683716,2.944999933242798,3.049999952316284,894400,0.0,0.0
2023-12-04 00:00:00-05:00,2.950000047683716,3.0280001163482666,2.7260000705718994,2.950000047683716,279000,0.0,0.0
2023-12-05 00:00:00-05:00,2.7799999713897705,2.9000000953674316,2.6500000953674316,2.6500000953674316,127600,0.0,0.0
2023-12-06 00:00:00-05:00,2.5999999046325684,2.7660000324249268,2.559999942779541,2.6600000858306885,111700,0.0,0.0
2023-12-07 00:00:00-05:00,2.609999895095825,2.690000057220459,2.4000000953674316,2.450000047683716,127800,0.0,0.0
2023-12-08 00:00:00-05:00,2.450000047683716,2.5999999046325684,2.4200000762939453,2.490000009536743,65600,0.0,0.0
2023-12-11 00:00:00-05:00,2.4200000762939453,2.430000066757202,2.299999952316284,2.369999885559082,98000,0.0,0.0
2023-12-12 00:00:00-05:00,2.3299999237060547,2.359999895095825,2.25,2.2899999618530273,55900,0.0,0.0
2023-12-13 00:00:00-05:00,2.25,2.9769999980926514,2.25,2.934999942779541,588900,0.0,0.0
2023-12-14 00:00:00-05:00,2.8299999237060547,2.9800000190734863,2.700000047683716,2.8399999141693115,106600,0.0,0.0
2023-12-15 00:00:00-05:00,2.9000000953674316,3.049999952316284,2.7100000381469727,2.990000009536743,169500,0.0,0.0
2023-12-18 00:00:00-05:00,2.9700000286102295,3.140000104904175,2.9600000381469727,3.0799999237060547,144300,0.0,0.0
2023-12-19 00:00:00-05:00,3.5399999618530273,3.5999999046325684,2.819999933242798,2.940000057220459,946400,0.0,0.0
2023-12-20 00:00:00-05:00,2.859999895095825,3.0299999713897705,2.6500000953674316,2.7799999713897705,181700,0.0,0.0
2023-12-21 00:00:00-05:00,2.7799999713897705,2.8239998817443848,2.6600000858306885,2.690000057220459,54700,0.0,0.0
2023-12-22 00:00:00-05:00,2.6500000953674316,2.7699999809265137,2.5399999618530273,2.7100000381469727,101200,0.0,0.0
2023-12-26 00:00:00-05:00,2.609999895095825,2.700000047683716,2.509999990463257,2.5399999618530273,69000,0.0,0.0
2023-12-27 00:00:00-05:00,2.5999999046325684,2.5999999046325684,2.450000047683716,2.5,105900,0.0,0.0
2023-12-28 00:00:00-05:00,2.555000066757202,2.5920000076293945,2.4700000286102295,2.5,42400,0.0,0.0
2023-12-29 00:00:00-05:00,2.5,2.697000026702881,2.430000066757202,2.569999933242798,104800,0.0,0.0
2024-01-02 00:00:00-05:00,2.630000114440918,2.9739999771118164,2.5,2.7799999713897705,123000,0.0,0.0
2024-01-03 00:00:00-05:00,2.7699999809265137,2.869999885559082,2.7219998836517334,2.7990000247955322,92400,0.0,0.0
2024-01-04 00:00:00-05:00,2.8299999237060547,2.8299999237060547,2.619999885559082,2.674999952316284,57800,0.0,0.0
2024-01-05 00:00:00-05:00,2.680000066757202,2.755000114440918,2.549999952316284,2.6019999980926514,63400,0.0,0.0
2024-01-08 00:00:00-05:00,2.549999952316284,2.619999885559082,2.5,2.5399999618530273,42300,0.0,0.0
2024-01-09 00:00:00-05:00,2.5399999618530273,2.680000066757202,2.5399999618530273,2.609999895095825,37600,0.0,0.0
2024-01-10 00:00:00-05:00,2.569999933242798,2.6410000324249268,2.5399999618530273,2.5899999141693115,37200,0.0,0.0
2024-01-11 00:00:00-05:00,2.5910000801086426,2.6059999465942383,2.4200000762939453,2.5,68200,0.0,0.0
2024-01-12 00:00:00-05:00,2.4600000381469727,2.5899999141693115,2.319999933242798,2.3399999141693115,52100,0.0,0.0
2024-01-16 00:00:00-05:00,2.309999942779541,2.380000114440918,2.0199999809265137,2.0999999046325684,109800,0.0,0.0
2024-01-17 00:00:00-05:00,2.0999999046325684,2.190000057220459,2.0399999618530273,2.0899999141693115,22700,0.0,0.0
2024-01-18 00:00:00-05:00,2.0799999237060547,2.1500000953674316,2.0399999618530273,2.065000057220459,25100,0.0,0.0
2024-01-19 00:00:00-05:00,2.0299999713897705,2.1500000953674316,2.0299999713897705,2.059999942779541,28500,0.0,0.0
2024-01-22 00:00:00-05:00,2.369999885559082,2.6500000953674316,2.009999990463257,2.0899999141693115,876300,0.0,0.0
2024-01-23 00:00:00-05:00,2.1500000953674316,2.1500000953674316,1.6399999856948853,1.7999999523162842,262800,0.0,0.0
2024-01-24 00:00:00-05:00,1.909999966621399,1.909999966621399,1.7799999713897705,1.8799999952316284,134000,0.0,0.0
2024-01-25 00:00:00-05:00,1.8799999952316284,1.909999966621399,1.6699999570846558,1.7799999713897705,208400,0.0,0.0
2024-01-26 00:00:00-05:00,1.8200000524520874,2.069999933242798,1.7999999523162842,1.9500000476837158,161700,0.0,0.0
2024-01-29 00:00:00-05:00,1.9700000286102295,2.0,1.7899999618530273,1.8799999952316284,59800,0.0,0.0
2024-01-30 00:00:00-05:00,1.8819999694824219,1.9800000190734863,1.8799999952316284,1.909999966621399,60600,0.0,0.0
2024-01-31 00:00:00-05:00,1.850000023841858,1.940000057220459,1.850000023841858,1.850000023841858,41600,0.0,0.0
2024-02-01 00:00:00-05:00,1.899999976158142,1.9700000286102295,1.850000023841858,1.8899999856948853,29300,0.0,0.0
2024-02-02 00:00:00-05:00,1.8300000429153442,2.0999999046325684,1.8300000429153442,2.0299999713897705,73600,0.0,0.0
2024-02-05 00:00:00-05:00,2.109999895095825,2.109999895095825,1.9800000190734863,2.0999999046325684,53300,0.0,0.0
2024-02-06 00:00:00-05:00,2.109999895095825,2.25,2.0999999046325684,2.240000009536743,83500,0.0,0.0
2024-02-07 00:00:00-05:00,2.2699999809265137,2.299999952316284,2.1700000762939453,2.2799999713897705,61400,0.0,0.0
2024-02-08 00:00:00-05:00,2.3399999141693115,2.4200000762939453,2.2300000190734863,2.299999952316284,107100,0.0,0.0
2024-02-09 00:00:00-05:00,2.4000000953674316,2.4000000953674316,2.0,2.2300000190734863,151900,0.0,0.0
2024-02-12 00:00:00-05:00,2.200000047683716,2.380000114440918,2.0199999809265137,2.0899999141693115,123800,0.0,0.0
2024-02-13 00:00:00-05:00,2.109999895095825,2.1710000038146973,2.0,2.0399999618530273,60300,0.0,0.0
2024-02-14 00:00:00-05:00,2.0199999809265137,2.2300000190734863,2.0,2.119999885559082,132700,0.0,0.0
2024-02-15 00:00:00-05:00,2.119999885559082,2.2100000381469727,1.9800000190734863,2.119999885559082,127300,0.0,0.0
2024-02-16 00:00:00-05:00,2.0799999237060547,2.450000047683716,1.899999976158142,2.359999895095825,891300,0.0,0.0
2024-02-20 00:00:00-05:00,2.319999933242798,2.4000000953674316,2.1500000953674316,2.1500000953674316,284700,0.0,0.0
2024-02-21 00:00:00-05:00,2.119999885559082,2.1549999713897705,2.0299999713897705,2.075000047683716,78700,0.0,0.0
2024-02-22 00:00:00-05:00,2.0899999141693115,2.200000047683716,2.049999952316284,2.119999885559082,53700,0.0,0.0
2024-02-23 00:00:00-05:00,2.0899999141693115,2.180000066757202,1.9500000476837158,1.9600000381469727,105400,0.0,0.0
2024-02-26 00:00:00-05:00,1.940000057220459,2.059999942779541,1.899999976158142,1.9700000286102295,81700,0.0,0.0
2024-02-27 00:00:00-05:00,2.0299999713897705,2.0299999713897705,1.8600000143051147,1.9600000381469727,55400,0.0,0.0
2024-02-28 00:00:00-05:00,1.899999976158142,1.9889999628067017,1.899999976158142,1.9500000476837158,45100,0.0,0.0
2024-02-29 00:00:00-05:00,1.909999966621399,2.130000114440918,1.909999966621399,2.069999933242798,190200,0.0,0.0
2024-03-01 00:00:00-05:00,1.9900000095367432,2.0999999046325684,1.9900000095367432,2.0799999237060547,105800,0.0,0.0
2024-03-04 00:00:00-05:00,2.0999999046325684,2.109999895095825,1.9700000286102295,1.9700000286102295,74600,0.0,0.0
2024-03-05 00:00:00-05:00,1.9700000286102295,2.00600004196167,1.899999976158142,1.9700000286102295,44200,0.0,0.0
2024-03-06 00:00:00-05:00,1.9800000190734863,2.0,1.850000023841858,2.0,66400,0.0,0.0
2024-03-07 00:00:00-05:00,1.9800000190734863,2.0,1.909999966621399,1.9800000190734863,26500,0.0,0.0
2024-03-08 00:00:00-05:00,1.9500000476837158,1.9800000190734863,1.7400000095367432,1.8700000047683716,85600,0.0,0.0
2024-03-11 00:00:00-04:00,1.7799999713897705,1.8600000143051147,1.5399999618530273,1.6699999570846558,74500,0.0,0.0
2024-03-12 00:00:00-04:00,1.649999976158142,1.649999976158142,1.5499999523162842,1.5700000524520874,44300,0.0,0.0
2024-03-13 00:00:00-04:00,1.590000033378601,1.5950000286102295,1.350000023841858,1.350000023841858,280500,0.0,0.0
2024-03-14 00:00:00-04:00,1.4800000190734863,1.4800000190734863,1.3300000429153442,1.3600000143051147,51100,0.0,0.0
2024-03-15 00:00:00-04:00,1.3899999856948853,1.440000057220459,1.3300000429153442,1.399999976158142,47000,0.0,0.0
2024-03-18 00:00:00-04:00,1.3700000047683716,1.440000057220459,1.3700000047683716,1.440000057220459,28100,0.0,0.0
2024-03-19 00:00:00-04:00,1.4299999475479126,1.4450000524520874,1.3300000429153442,1.350000023841858,31700,0.0,0.0
2024-03-20 00:00:00-04:00,1.350000023841858,1.4199999570846558,1.350000023841858,1.409999966621399,22600,0.0,0.0
2024-03-21 00:00:00-04:00,1.399999976158142,1.4700000286102295,1.399999976158142,1.409999966621399,16300,0.0,0.0
2024-03-22 00:00:00-04:00,1.399999976158142,1.4900000095367432,1.3899999856948853,1.4500000476837158,41200,0.0,0.0
2024-03-25 00:00:00-04:00,1.4199999570846558,1.4249999523162842,1.274999976158142,1.2799999713897705,54900,0.0,0.0
2024-03-26 00:00:00-04:00,1.25,1.2599999904632568,1.149999976158142,1.1699999570846558,79600,0.0,0.0
2024-03-27 00:00:00-04:00,1.2799999713897705,1.3799999952316284,0.9549999833106995,1.090000033378601,2131400,0.0,0.0
2024-03-28 00:00:00-04:00,1.059999942779541,1.0700000524520874,0.9850000143051147,1.0299999713897705,341400,0.0,0.0
2024-04-01 00:00:00-04:00,1.0,1.059999942779541,0.9589999914169312,0.9950000047683716,156400,0.0,0.0
2024-04-02 00:00:00-04:00,0.9520000219345093,0.9900000095367432,0.949999988079071,0.9580000042915344,78600,0.0,0.0
2024-04-03 00:00:00-04:00,0.9700000286102295,0.9950000047683716,0.9210000038146973,0.9620000123977661,73600,0.0,0.0
2024-04-04 00:00:00-04:00,0.9200000166893005,1.0,0.8820000290870667,0.9200000166893005,1876800,0.0,0.0
2024-04-05 00:00:00-04:00,0.9100000262260437,0.949999988079071,0.8299999833106995,0.9200000166893005,200000,0.0,0.0
2024-04-08 00:00:00-04:00,1.0,1.1399999856948853,0.8100000023841858,0.8299999833106995,1708200,0.0,0.0
2024-04-09 00:00:00-04:00,0.8640000224113464,0.8960000276565552,0.8009999990463257,0.8140000104904175,374200,0.0,0.0
2024-04-10 00:00:00-04:00,0.800000011920929,0.8100000023841858,0.75,0.7879999876022339,142400,0.0,0.0
2024-04-11 00:00:00-04:00,0.75,0.7870000004768372,0.699999988079071,0.7160000205039978,197800,0.0,0.0
2024-04-12 00:00:00-04:00,0.7039999961853027,0.7200000286102295,0.6800000071525574,0.6809999942779541,336000,0.0,0.0
2024-04-15 00:00:00-04:00,0.6980000138282776,0.699999988079071,0.621999979019165,0.621999979019165,205700,0.0,0.0
2024-04-16 00:00:00-04:00,0.6299999952316284,0.6700000166893005,0.5849999785423279,0.6700000166893005,192200,0.0,0.0
2024-04-17 00:00:00-04:00,0.6399999856948853,0.699999988079071,0.6399999856948853,0.6909999847412109,142400,0.0,0.0
2024-04-18 00:00:00-04:00,0.7289999723434448,0.7599999904632568,0.699999988079071,0.7450000047683716,180500,0.0,0.0
2024-04-19 00:00:00-04:00,0.7570000290870667,0.7599999904632568,0.6499999761581421,0.6700000166893005,181000,0.0,0.0
2024-04-22 00:00:00-04:00,0.6899999976158142,0.7300000190734863,0.6499999761581421,0.7110000252723694,145000,0.0,0.0
2024-04-23 00:00:00-04:00,0.6800000071525574,0.6990000009536743,0.5899999737739563,0.6890000104904175,107300,0.0,0.0
2024-04-24 00:00:00-04:00,0.7229999899864197,0.7229999899864197,0.6309999823570251,0.6909999847412109,85700,0.0,0.0
2024-04-25 00:00:00-04:00,0.7200000286102295,0.7599999904632568,0.699999988079071,0.7350000143051147,85200,0.0,0.0
2024-04-26 00:00:00-04:00,0.7799999713897705,0.7799999713897705,0.6830000281333923,0.7099999785423279,133000,0.0,0.0
2024-04-29 00:00:00-04:00,0.7170000076293945,0.7599999904632568,0.7170000076293945,0.7260000109672546,89800,0.0,0.0
2024-04-30 00:00:00-04:00,0.7260000109672546,0.7450000047683716,0.6840000152587891,0.7099999785423279,62900,0.0,0.0
2024-05-01 00:00:00-04:00,0.6899999976158142,0.7480000257492065,0.6890000104904175,0.7099999785423279,64400,0.0,0.0
2024-05-02 00:00:00-04:00,0.7250000238418579,0.7300000190734863,0.6949999928474426,0.6980000138282776,36000,0.0,0.0
2024-05-03 00:00:00-04:00,0.699999988079071,0.7200000286102295,0.6759999990463257,0.6980000138282776,56200,0.0,0.0
2024-05-06 00:00:00-04:00,0.6980000138282776,0.7799999713897705,0.6899999976158142,0.7329999804496765,226300,0.0,0.0
2024-05-07 00:00:00-04:00,0.699999988079071,0.7570000290870667,0.699999988079071,0.7260000109672546,77800,0.0,0.0
2024-05-08 00:00:00-04:00,0.703000009059906,0.7409999966621399,0.703000009059906,0.7350000143051147,35900,0.0,0.0
2024-05-09 00:00:00-04:00,0.75,0.75,0.7009999752044678,0.7149999737739563,28800,0.0,0.0
2024-05-10 00:00:00-04:00,0.7080000042915344,0.7490000128746033,0.6899999976158142,0.7300000190734863,38500,0.0,0.0
2024-05-13 00:00:00-04:00,0.699999988079071,0.75,0.699999988079071,0.7400000095367432,32200,0.0,0.0
2024-05-14 00:00:00-04:00,0.6899999976158142,0.7639999985694885,0.6899999976158142,0.7400000095367432,62100,0.0,0.0
2024-05-15 00:00:00-04:00,0.7490000128746033,0.7889999747276306,0.7009999752044678,0.7730000019073486,85700,0.0,0.0
2024-05-16 00:00:00-04:00,0.7699999809265137,0.8240000009536743,0.7409999966621399,0.8199999928474426,61400,0.0,0.0
2024-05-17 00:00:00-04:00,0.8190000057220459,0.9200000166893005,0.7609999775886536,0.824999988079071,190000,0.0,0.0
2024-05-20 00:00:00-04:00,0.8700000047683716,0.9039999842643738,0.8500000238418579,0.8650000095367432,122200,0.0,0.0
2024-05-21 00:00:00-04:00,0.8500000238418579,0.8970000147819519,0.8500000238418579,0.875,64900,0.0,0.0
2024-05-22 00:00:00-04:00,0.8600000143051147,0.8999999761581421,0.8199999928474426,0.8799999952316284,45700,0.0,0.0
2024-05-23 00:00:00-04:00,0.8899999856948853,0.9039999842643738,0.8199999928474426,0.8970000147819519,99300,0.0,0.0
2024-05-24 00:00:00-04:00,0.8960000276565552,1.100000023841858,0.8949999809265137,1.0099999904632568,371300,0.0,0.0
2024-05-28 00:00:00-04:00,1.0199999809265137,1.149999976158142,0.984000027179718,1.0,237400,0.0,0.0
2024-05-29 00:00:00-04:00,1.0399999618530273,1.0399999618530273,0.8629999756813049,0.953000009059906,122100,0.0,0.0
2024-05-30 00:00:00-04:00,0.9039999842643738,0.9700000286102295,0.8399999737739563,0.8399999737739563,77300,0.0,0.0
2024-05-31 00:00:00-04:00,0.8500000238418579,0.9800000190734863,0.8399999737739563,0.968999981880188,127300,0.0,0.0
2024-06-03 00:00:00-04:00,0.949999988079071,0.9750000238418579,0.9110000133514404,0.9480000138282776,68800,0.0,0.0
2024-06-04 00:00:00-04:00,0.9700000286102295,1.0800000429153442,0.949999988079071,1.059999942779541,93700,0.0,0.0
2024-06-05 00:00:00-04:00,1.0800000429153442,1.25,0.9649999737739563,1.2000000476837158,442800,0.0,0.0
2024-06-06 00:00:00-04:00,1.2000000476837158,1.2300000190734863,1.0800000429153442,1.100000023841858,115300,0.0,0.0
2024-06-07 00:00:00-04:00,1.0499999523162842,1.25,1.0499999523162842,1.1699999570846558,201200,0.0,0.0
2024-06-10 00:00:00-04:00,1.0399999618530273,1.2999999523162842,1.0399999618530273,1.2350000143051147,194900,0.0,0.0
2024-06-11 00:00:00-04:00,1.1820000410079956,1.25,1.149999976158142,1.2000000476837158,51000,0.0,0.0
2024-06-12 00:00:00-04:00,1.1799999475479126,1.2000000476837158,1.090000033378601,1.190000057220459,36800,0.0,0.0
2024-06-13 00:00:00-04:00,1.1799999475479126,1.1799999475479126,1.0800000429153442,1.149999976158142,35000,0.0,0.0
2024-06-14 00:00:00-04:00,1.1200000047683716,1.1699999570846558,1.100000023841858,1.1699999570846558,25600,0.0,0.0
2024-06-17 00:00:00-04:00,1.1799999475479126,1.1799999475479126,1.0800000429153442,1.1399999856948853,33200,0.0,0.0
2024-06-18 00:00:00-04:00,1.1200000047683716,1.159999966621399,1.059999942779541,1.1299999952316284,18600,0.0,0.0
2024-06-20 00:00:00-04:00,1.0800000429153442,1.1799999475479126,1.0800000429153442,1.1100000143051147,43400,0.0,0.0
2024-06-21 00:00:00-04:00,1.1299999952316284,1.1799999475479126,1.100000023841858,1.1799999475479126,34500,0.0,0.0
2024-06-24 00:00:00-04:00,1.1399999856948853,1.1799999475479126,1.1200000047683716,1.1399999856948853,21400,0.0,0.0
2024-06-25 00:00:00-04:00,1.1799999475479126,1.1799999475479126,1.1100000143051147,1.1799999475479126,29700,0.0,0.0
2024-06-26 00:00:00-04:00,1.1399999856948853,1.190000057220459,1.1299999952316284,1.190000057220459,20200,0.0,0.0
2024-06-27 00:00:00-04:00,1.2000000476837158,1.2000000476837158,1.149999976158142,1.1699999570846558,19100,0.0,0.0
2024-06-28 00:00:00-04:00,1.1699999570846558,1.1799999475479126,1.1399999856948853,1.149999976158142,13900,0.0,0.0
2024-07-01 00:00:00-04:00,1.1699999570846558,1.1699999570846558,1.1200000047683716,1.1299999952316284,16100,0.0,0.0
2024-07-02 00:00:00-04:00,1.1200000047683716,1.1299999952316284,1.0700000524520874,1.100000023841858,21400,0.0,0.0
2024-07-03 00:00:00-04:00,1.1299999952316284,1.1299999952316284,1.0800000429153442,1.100000023841858,12600,0.0,0.0
2024-07-05 00:00:00-04:00,1.1299999952316284,1.440000057220459,1.1200000047683716,1.399999976158142,531900,0.0,0.0
2024-07-08 00:00:00-04:00,1.3899999856948853,1.5,1.340000033378601,1.3799999952316284,284000,0.0,0.0
2024-07-09 00:00:00-04:00,1.340000033378601,1.3799999952316284,1.2899999618530273,1.3600000143051147,51000,0.0,0.0
2024-07-10 00:00:00-04:00,1.3200000524520874,1.3509999513626099,1.2400000095367432,1.2899999618530273,34300,0.0,0.0
2024-07-11 00:00:00-04:00,1.3300000429153442,1.4199999570846558,1.2599999904632568,1.3600000143051147,67200,0.0,0.0
2024-07-12 00:00:00-04:00,1.3899999856948853,1.3899999856948853,1.2699999809265137,1.3300000429153442,32600,0.0,0.0
2024-07-15 00:00:00-04:00,1.2999999523162842,1.3799999952316284,1.2899999618530273,1.3600000143051147,24800,0.0,0.0
2024-07-16 00:00:00-04:00,1.340000033378601,1.3899999856948853,1.3200000524520874,1.3899999856948853,49100,0.0,0.0
2024-07-17 00:00:00-04:00,1.3799999952316284,1.4500000476837158,1.3200000524520874,1.3600000143051147,60000,0.0,0.0
2024-07-18 00:00:00-04:00,1.3300000429153442,1.409999966621399,1.309999942779541,1.3300000429153442,32700,0.0,0.0
2024-07-19 00:00:00-04:00,1.3899999856948853,1.3899999856948853,1.1380000114440918,1.2799999713897705,76300,0.0,0.0
2024-07-22 00:00:00-04:00,1.2799999713897705,1.309999942779541,1.2599999904632568,1.309999942779541,12200,0.0,0.0
2024-07-23 00:00:00-04:00,1.3300000429153442,1.3300000429153442,1.1799999475479126,1.2599999904632568,16300,0.0,0.0
2024-07-24 00:00:00-04:00,1.2100000381469727,1.253999948501587,1.1699999570846558,1.190000057220459,16700,0.0,0.0
2024-07-25 00:00:00-04:00,1.1799999475479126,1.2300000190734863,1.1200000047683716,1.159999966621399,18300,0.0,0.0
2024-07-26 00:00:00-04:00,1.1399999856948853,1.2599999904632568,1.1399999856948853,1.2300000190734863,28100,0.0,0.0
2024-07-29 00:00:00-04:00,1.190000057220459,1.2899999618530273,1.1799999475479126,1.1799999475479126,26700,0.0,0.0
2024-07-30 00:00:00-04:00,1.1519999504089355,1.3300000429153442,1.149999976158142,1.2799999713897705,56500,0.0,0.0
2024-07-31 00:00:00-04:00,1.2790000438690186,1.4600000381469727,1.2790000438690186,1.409999966621399,91400,0.0,0.0
2024-08-01 00:00:00-04:00,1.399999976158142,1.4900000095367432,1.399999976158142,1.440000057220459,110000,0.0,0.0
2024-08-02 00:00:00-04:00,1.3899999856948853,1.4500000476837158,1.2699999809265137,1.3700000047683716,72500,0.0,0.0
2024-08-05 00:00:00-04:00,1.2599999904632568,1.3600000143051147,1.2100000381469727,1.340000033378601,63700,0.0,0.0
2024-08-06 00:00:00-04:00,1.3530000448226929,1.5399999618530273,1.2999999523162842,1.5099999904632568,62800,0.0,0.0
2024-08-07 00:00:00-04:00,1.5199999809265137,1.6100000143051147,1.4550000429153442,1.5700000524520874,57300,0.0,0.0
2024-08-08 00:00:00-04:00,1.4600000381469727,1.600000023841858,1.4299999475479126,1.5399999618530273,51000,0.0,0.0
2024-08-09 00:00:00-04:00,1.5,1.6100000143051147,1.440000057220459,1.559999942779541,58200,0.0,0.0
2024-08-12 00:00:00-04:00,1.5800000429153442,1.5800000429153442,1.4299999475479126,1.440000057220459,52600,0.0,0.0
2024-08-13 00:00:00-04:00,1.5199999809265137,1.6299999952316284,1.4140000343322754,1.6200000047683716,47100,0.0,0.0
2024-08-14 00:00:00-04:00,1.6180000305175781,1.7999999523162842,1.6100000143051147,1.7699999809265137,102500,0.0,0.0
2024-08-15 00:00:00-04:00,1.75,2.049999952316284,1.725000023841858,2.0399999618530273,216500,0.0,0.0
2024-08-16 00:00:00-04:00,2.0799999237060547,2.190000057220459,1.5499999523162842,2.0,290700,0.0,0.0
2024-08-19 00:00:00-04:00,1.8200000524520874,1.8200000524520874,1.149999976158142,1.5,1772600,0.0,0.0
2024-08-20 00:00:00-04:00,1.4500000476837158,1.850000023841858,1.3899999856948853,1.7200000286102295,292500,0.0,0.0
2024-08-21 00:00:00-04:00,2.140000104904175,5.809999942779541,2.0,3.9200000762939453,81417500,0.0,0.0
2024-08-22 00:00:00-04:00,6.199999809265137,8.0,4.659999847412109,7.75,56288400,0.0,0.0
2024-08-23 00:00:00-04:00,9.0,12.180000305175781,4.869999885559082,5.449999809265137,28746200,0.0,0.0
2024-08-26 00:00:00-04:00,5.550000190734863,6.599999904632568,4.900000095367432,5.75,4180900,0.0,0.0
2024-08-27 00:00:00-04:00,5.760000228881836,6.329999923706055,5.539999961853027,6.019999980926514,1857400,0.0,0.0
2024-08-28 00:00:00-04:00,5.900000095367432,6.579999923706055,5.619999885559082,5.96999979019165,1695500,0.0,0.0
2024-08-29 00:00:00-04:00,5.920000076293945,6.199999809265137,5.710000038146973,5.809999942779541,762000,0.0,0.0
2024-08-30 00:00:00-04:00,5.820000171661377,6.590000152587891,5.670000076293945,6.079999923706055,950700,0.0,0.0
2024-09-03 00:00:00-04:00,5.929999828338623,7.460000038146973,5.88100004196167,6.769999980926514,2352000,0.0,0.0
2024-09-04 00:00:00-04:00,6.909999847412109,7.199999809265137,6.449999809265137,6.929999828338623,402100,0.0,0.0
2024-09-05 00:00:00-04:00,6.699999809265137,6.800000190734863,5.5,5.710000038146973,1075100,0.0,0.0
2024-09-06 00:00:00-04:00,5.699999809265137,5.699999809265137,5.199999809265137,5.619999885559082,385100,0.0,0.0
2024-09-09 00:00:00-04:00,5.440000057220459,6.059999942779541,5.360000133514404,5.679999828338623,193100,0.0,0.0
2024-09-10 00:00:00-04:00,5.590000152587891,6.179999828338623,5.539999961853027,6.039999961853027,354100,0.0,0.0
2024-09-11 00:00:00-04:00,6.059999942779541,6.079999923706055,5.639999866485596,5.900000095367432,154900,0.0,0.0
2024-09-12 00:00:00-04:00,5.889999866485596,5.889999866485596,5.480000019073486,5.480000019073486,176200,0.0,0.0
2024-09-13 00:00:00-04:00,5.480000019073486,5.610000133514404,5.340000152587891,5.46999979019165,152100,0.0,0.0
2024-09-16 00:00:00-04:00,5.480000019073486,5.599999904632568,5.389999866485596,5.53000020980835,134900,0.0,0.0
2024-09-17 00:00:00-04:00,5.570000171661377,5.8379998207092285,4.670000076293945,4.730000019073486,434900,0.0,0.0
2024-09-18 00:00:00-04:00,4.679999828338623,4.739999771118164,3.609999895095825,3.75,720200,0.0,0.0
2024-09-19 00:00:00-04:00,3.75,4.078999996185303,3.25,3.940000057220459,369600,0.0,0.0
2024-09-20 00:00:00-04:00,3.869999885559082,4.013999938964844,3.690000057220459,3.880000114440918,116400,0.0,0.0
2024-09-23 00:00:00-04:00,3.880000114440918,4.170000076293945,3.819999933242798,3.9600000381469727,228400,0.0,0.0
2024-09-24 00:00:00-04:00,3.950000047683716,4.144999980926514,3.559999942779541,3.75,155300,0.0,0.0
2024-09-25 00:00:00-04:00,3.7699999809265137,3.8499999046325684,3.7100000381469727,3.759999990463257,57900,0.0,0.0
2024-09-26 00:00:00-04:00,3.759999990463257,3.809999942779541,3.440000057220459,3.4600000381469727,188600,0.0,0.0
2024-09-27 00:00:00-04:00,3.4200000762939453,3.680000066757202,3.3299999237060547,3.569999933242798,67600,0.0,0.0
2024-09-30 00:00:00-04:00,3.559999942779541,3.7300000190734863,3.390000104904175,3.6700000762939453,57000,0.0,0.0
2024-10-01 00:00:00-04:00,3.690000057220459,3.7119998931884766,3.369999885559082,3.369999885559082,108400,0.0,0.0
2024-10-02 00:00:00-04:00,3.369999885559082,3.619999885559082,3.369999885559082,3.569999933242798,55000,0.0,0.0
2024-10-03 00:00:00-04:00,3.5399999618530273,4.070000171661377,3.4509999752044678,3.5399999618530273,182500,0.0,0.0
2024-10-04 00:00:00-04:00,3.609999895095825,3.680000066757202,3.0999999046325684,3.2300000190734863,126900,0.0,0.0
2024-10-07 00:00:00-04:00,3.2200000286102295,3.3289999961853027,3.0999999046325684,3.180000066757202,110700,0.0,0.0
2024-10-08 00:00:00-04:00,3.119999885559082,3.1600000858306885,2.8499999046325684,2.8499999046325684,111000,0.0,0.0
2024-10-09 00:00:00-04:00,2.8499999046325684,2.9000000953674316,2.680000066757202,2.799999952316284,347600,0.0,0.0
2024-10-10 00:00:00-04:00,2.799999952316284,2.8499999046325684,2.6589999198913574,2.680000066757202,709900,0.0,0.0
2024-10-11 00:00:00-04:00,2.7100000381469727,2.799999952316284,2.671999931335449,2.7300000190734863,623000,0.0,0.0
2024-10-14 00:00:00-04:00,2.7100000381469727,2.7200000286102295,2.569999933242798,2.5899999141693115,432100,0.0,0.0
2024-10-15 00:00:00-04:00,2.559999942779541,2.559999942779541,2.309999942779541,2.319999933242798,511800,0.0,0.0
2024-10-16 00:00:00-04:00,2.309999942779541,2.319999933242798,2.0999999046325684,2.180000066757202,485400,0.0,0.0
2024-10-17 00:00:00-04:00,2.1500000953674316,2.180000066757202,1.850000023841858,1.9600000381469727,602000,0.0,0.0
2024-10-18 00:00:00-04:00,1.909999966621399,1.9900000095367432,1.7999999523162842,1.9600000381469727,282800,0.0,0.0
2024-10-21 00:00:00-04:00,1.940000057220459,2.009999990463257,1.8600000143051147,1.8600000143051147,147800,0.0,0.0
2024-10-22 00:00:00-04:00,1.8799999952316284,1.940000057220459,1.850000023841858,1.9299999475479126,99500,0.0,0.0
2024-10-23 00:00:00-04:00,1.9199999570846558,2.0799999237060547,1.7200000286102295,1.840000033378601,301700,0.0,0.0
2024-10-24 00:00:00-04:00,1.840000033378601,1.9700000286102295,1.7699999809265137,1.7999999523162842,156300,0.0,0.0
2024-10-25 00:00:00-04:00,1.7799999713897705,1.850000023841858,1.6799999475479126,1.7300000190734863,194200,0.0,0.0
2024-10-28 00:00:00-04:00,1.7000000476837158,1.8200000524520874,1.659999966621399,1.7000000476837158,148600,0.0,0.0
2024-10-29 00:00:00-04:00,1.690000057220459,1.7300000190734863,1.5700000524520874,1.590000033378601,374500,0.0,0.0
2024-10-30 00:00:00-04:00,1.5299999713897705,1.6299999952316284,1.5299999713897705,1.5499999523162842,98500,0.0,0.0
2024-10-31 00:00:00-04:00,1.5199999809265137,1.6200000047683716,1.4800000190734863,1.5499999523162842,191700,0.0,0.0
2024-11-01 00:00:00-04:00,1.6100000143051147,1.6380000114440918,1.4500000476837158,1.4900000095367432,211600,0.0,0.0
2024-11-04 00:00:00-05:00,1.4700000286102295,1.5149999856948853,1.2790000438690186,1.3899999856948853,114700,0.0,0.0
2024-11-05 00:00:00-05:00,1.3799999952316284,1.399999976158142,1.309999942779541,1.350000023841858,67900,0.0,0.0
2024-11-06 00:00:00-05:00,1.2899999618530273,1.3799999952316284,1.2899999618530273,1.3700000047683716,87400,0.0,0.0
2024-11-07 00:00:00-05:00,1.3700000047683716,1.4900000095367432,1.312000036239624,1.4600000381469727,479400,0.0,0.0
2024-11-08 00:00:00-05:00,1.5,1.6699999570846558,1.3600000143051147,1.6399999856948853,449100,0.0,0.0
2024-11-11 00:00:00-05:00,1.7400000095367432,2.4700000286102295,1.7400000095367432,2.2799999713897705,8097700,0.0,0.0
2024-11-12 00:00:00-05:00,2.2200000286102295,3.369999885559082,2.180000066757202,3.240000009536743,1614200,0.0,0.0
2024-11-13 00:00:00-05:00,3.200000047683716,3.3499999046325684,2.430000066757202,2.619999885559082,809000,0.0,0.0
2024-11-14 00:00:00-05:00,3.0199999809265137,3.130000114440918,2.75,2.8499999046325684,431000,0.0,0.0
2024-11-15 00:00:00-05:00,2.799999952316284,2.8299999237060547,2.5299999713897705,2.799999952316284,272100,0.0,0.0
2024-11-18 00:00:00-05:00,2.8299999237060547,2.990000009536743,2.559999942779541,2.690000057220459,154400,0.0,0.0
2024-11-19 00:00:00-05:00,2.690000057220459,2.799999952316284,2.490000009536743,2.6700000762939453,200100,0.0,0.0
2024-11-20 00:00:00-05:00,2.6500000953674316,2.740000009536743,2.549999952316284,2.5899999141693115,127300,0.0,0.0
2024-11-21 00:00:00-05:00,2.5999999046325684,2.819999933242798,2.5899999141693115,2.740000009536743,89500,0.0,0.0
2024-11-22 00:00:00-05:00,2.700000047683716,2.7100000381469727,2.4600000381469727,2.509999990463257,93500,0.0,0.0
2024-11-25 00:00:00-05:00,2.569999933242798,2.7049999237060547,2.5179998874664307,2.5799999237060547,98600,0.0,0.0
2024-11-26 00:00:00-05:00,2.5899999141693115,2.690000057220459,2.309999942779541,2.3299999237060547,237600,0.0,0.0
2024-11-27 00:00:00-05:00,2.299999952316284,2.5999999046325684,2.299999952316284,2.5799999237060547,99400,0.0,0.0
2024-11-29 00:00:00-05:00,2.5999999046325684,2.680000066757202,2.5,2.609999895095825,45200,0.0,0.0
2024-12-02 00:00:00-05:00,2.5999999046325684,2.6500000953674316,2.1600000858306885,2.2300000190734863,189900,0.0,0.0
2024-12-03 00:00:00-05:00,2.2200000286102295,2.4149999618530273,2.0299999713897705,2.109999895095825,140100,0.0,0.0
2024-12-04 00:00:00-05:00,2.0299999713897705,2.2200000286102295,2.0299999713897705,2.180000066757202,45100,0.0,0.0
2024-12-05 00:00:00-05:00,2.2100000381469727,2.2119998931884766,2.0399999618530273,2.0899999141693115,53200,0.0,0.0
2024-12-06 00:00:00-05:00,2.0799999237060547,2.4189999103546143,2.069999933242798,2.3399999141693115,139200,0.0,0.0
2024-12-09 00:00:00-05:00,2.3399999141693115,2.700000047683716,2.2300000190734863,2.5399999618530273,202100,0.0,0.0
2024-12-10 00:00:00-05:00,2.5999999046325684,2.6700000762939453,2.4100000858306885,2.450000047683716,116700,0.0,0.0
2024-12-11 00:00:00-05:00,2.3399999141693115,2.430000066757202,2.1700000762939453,2.234999895095825,67900,0.0,0.0
2024-12-12 00:00:00-05:00,2.2100000381469727,2.2850000858306885,2.0299999713897705,2.0799999237060547,67700,0.0,0.0
2024-12-13 00:00:00-05:00,2.0799999237060547,2.1410000324249268,1.9780000448226929,2.069999933242798,76700,0.0,0.0
2024-12-16 00:00:00-05:00,2.069999933242798,2.069999933242798,1.8899999856948853,1.899999976158142,138000,0.0,0.0
2024-12-17 00:00:00-05:00,2.0309998989105225,2.0309998989105225,1.909999966621399,1.9900000095367432,108800,0.0,0.0
2024-12-18 00:00:00-05:00,2.009999990463257,2.125,1.8799999952316284,1.940000057220459,71000,0.0,0.0
2024-12-19 00:00:00-05:00,1.909999966621399,2.0,1.7999999523162842,1.899999976158142,75600,0.0,0.0
2024-12-20 00:00:00-05:00,1.899999976158142,1.9500000476837158,1.7999999523162842,1.850000023841858,43300,0.0,0.0
2024-12-23 00:00:00-05:00,1.850000023841858,1.9700000286102295,1.7719999551773071,1.940000057220459,60700,0.0,0.0
2024-12-24 00:00:00-05:00,1.9700000286102295,1.9819999933242798,1.7799999713897705,1.9800000190734863,29200,0.0,0.0
2024-12-26 00:00:00-05:00,1.9900000095367432,2.25,1.9900000095367432,2.0799999237060547,79900,0.0,0.0
2024-12-27 00:00:00-05:00,2.075000047683716,2.130000114440918,2.0,2.0299999713897705,33100,0.0,0.0
2024-12-30 00:00:00-05:00,1.940000057220459,2.0,1.6399999856948853,1.9299999475479126,123600,0.0,0.0
2024-12-31 00:00:00-05:00,1.909999966621399,1.9700000286102295,1.8300000429153442,1.8899999856948853,55900,0.0,0.0
2025-01-02 00:00:00-05:00,1.8700000047683716,1.9700000286102295,1.840000033378601,1.9299999475479126,71400,0.0,0.0
2025-01-03 00:00:00-05:00,1.9900000095367432,2.059999942779541,1.899999976158142,2.0199999809265137,66500,0.0,0.0
2025-01-06 00:00:00-05:00,2.0899999141693115,2.359999895095825,2.0399999618530273,2.069999933242798,139100,0.0,0.0
2025-01-07 00:00:00-05:00,2.130000114440918,2.130000114440918,2.002000093460083,2.0399999618530273,14600,0.0,0.0
2025-01-08 00:00:00-05:00,2.0399999618530273,2.0899999141693115,1.9299999475479126,1.9299999475479126,18200,0.0,0.0
2025-01-10 00:00:00-05:00,2.059999942779541,2.059999942779541,1.909999966621399,1.9299999475479126,37000,0.0,0.0
2025-01-13 00:00:00-05:00,1.940000057220459,2.0,1.840000033378601,1.8600000143051147,26600,0.0,0.0
2025-01-14 00:00:00-05:00,1.8600000143051147,1.8700000047683716,1.725000023841858,1.7300000190734863,24600,0.0,0.0
2025-01-15 00:00:00-05:00,1.7699999809265137,1.8899999856948853,1.7699999809265137,1.8300000429153442,20000,0.0,0.0
2025-01-16 00:00:00-05:00,1.8799999952316284,1.9500000476837158,1.850000023841858,1.940000057220459,21400,0.0,0.0
2025-01-17 00:00:00-05:00,1.9600000381469727,2.1700000762939453,1.899999976158142,1.9670000076293945,96100,0.0,0.0
2025-01-21 00:00:00-05:00,1.9700000286102295,2.0,1.809999942779541,1.9270000457763672,23400,0.0,0.0
2025-01-22 00:00:00-05:00,1.8359999656677246,1.909999966621399,1.7799999713897705,1.7999999523162842,19900,0.0,0.0
2025-01-23 00:00:00-05:00,1.7999999523162842,1.8200000524520874,1.75,1.75,29100,0.0,0.0
2025-01-24 00:00:00-05:00,1.809999942779541,1.8600000143051147,1.590000033378601,1.649999976158142,469500,0.0,0.0
2025-01-27 00:00:00-05:00,1.7100000381469727,1.7100000381469727,1.340000033378601,1.4500000476837158,137000,0.0,0.0
2025-01-28 00:00:00-05:00,1.3899999856948853,1.440000057220459,1.340000033378601,1.4390000104904175,41100,0.0,0.0
2025-01-29 00:00:00-05:00,1.4299999475479126,1.4299999475479126,1.2999999523162842,1.409999966621399,71800,0.0,0.0
2025-01-30 00:00:00-05:00,1.468999981880188,1.468999981880188,1.399999976158142,1.4600000381469727,23900,0.0,0.0
2025-01-31 00:00:00-05:00,1.4600000381469727,1.4600000381469727,1.3600000143051147,1.4199999570846558,15600,0.0,0.0
2025-02-03 00:00:00-05:00,1.309999942779541,1.3899999856948853,1.2999999523162842,1.350000023841858,36400,0.0,0.0
2025-02-04 00:00:00-05:00,1.350000023841858,1.3700000047683716,1.2000000476837158,1.350000023841858,160100,0.0,0.0
2025-02-05 00:00:00-05:00,1.350000023841858,1.350000023841858,1.2899999618530273,1.3300000429153442,21200,0.0,0.0
2025-02-06 00:00:00-05:00,1.3049999475479126,1.340000033378601,1.2699999809265137,1.2799999713897705,19100,0.0,0.0
2025-02-07 00:00:00-05:00,1.1699999570846558,1.1699999570846558,1.0709999799728394,1.1399999856948853,49200,0.0,0.0
2025-02-10 00:00:00-05:00,1.0499999523162842,1.0800000429153442,1.0410000085830688,1.0700000524520874,105100,0.0,0.0
2025-02-11 00:00:00-05:00,1.0700000524520874,1.0800000429153442,1.0549999475479126,1.0700000524520874,32900,0.0,0.0
2025-02-12 00:00:00-05:00,1.0700000524520874,1.0800000429153442,1.0499999523162842,1.0700000524520874,29900,0.0,0.0
2025-02-13 00:00:00-05:00,1.0700000524520874,1.0800000429153442,1.0299999713897705,1.0800000429153442,82200,0.0,0.0
2025-02-14 00:00:00-05:00,1.0700000524520874,1.0700000524520874,1.0499999523162842,1.065000057220459,25400,0.0,0.0
2025-02-18 00:00:00-05:00,1.2200000286102295,1.25,1.0700000524520874,1.100000023841858,122700,0.0,0.0
2025-02-19 00:00:00-05:00,1.0800000429153442,1.1200000047683716,1.0399999618530273,1.1160000562667847,17200,0.0,0.0
2025-02-20 00:00:00-05:00,1.090000033378601,1.1100000143051147,1.065999984741211,1.090000033378601,31900,0.0,0.0
2025-02-21 00:00:00-05:00,1.0800000429153442,1.1200000047683716,1.0800000429153442,1.1200000047683716,22200,0.0,0.0
2025-02-24 00:00:00-05:00,1.3200000524520874,1.9299999475479126,1.2699999809265137,1.5199999809265137,7639200,0.0,0.0
2025-02-25 00:00:00-05:00,1.6299999952316284,2.700000047683716,1.5,1.8300000429153442,5038000,0.0,0.0
2025-02-26 00:00:00-05:00,1.75,2.009999990463257,1.6799999475479126,1.9500000476837158,440300,0.0,0.0
2025-02-27 00:00:00-05:00,2.059999942779541,2.25,1.899999976158142,1.940000057220459,254900,0.0,0.0
2025-02-28 00:00:00-05:00,1.8600000143051147,1.9500000476837158,1.6950000524520874,1.9199999570846558,210900,0.0,0.0
2025-03-03 00:00:00-05:00,1.7799999713897705,1.9299999475479126,1.7699999809265137,1.8200000524520874,79500,0.0,0.0
2025-03-04 00:00:00-05:00,1.7799999713897705,1.840000033378601,1.6519999504089355,1.7999999523162842,65600,0.0,0.0
2025-03-05 00:00:00-05:00,1.690000057220459,2.0999999046325684,1.600000023841858,2.0299999713897705,179900,0.0,0.0
2025-03-06 00:00:00-05:00,1.9500000476837158,2.1700000762939453,1.9500000476837158,1.9900000095367432,79100,0.0,0.0
2025-03-07 00:00:00-05:00,1.909999966621399,2.059999942779541,1.850000023841858,1.8899999856948853,89800,0.0,0.0
2025-03-10 00:00:00-04:00,1.8300000429153442,1.8899999856948853,1.7599999904632568,1.8200000524520874,53900,0.0,0.0
2025-03-11 00:00:00-04:00,1.7799999713897705,1.899999976158142,1.7599999904632568,1.8899999856948853,51800,0.0,0.0
2025-03-12 00:00:00-04:00,1.8799999952316284,2.069999933242798,1.7610000371932983,2.0299999713897705,74200,0.0,0.0
2025-03-13 00:00:00-04:00,2.0,2.140000104904175,1.8669999837875366,1.9700000286102295,57200,0.0,0.0
2025-03-14 00:00:00-04:00,1.9299999475479126,2.0420000553131104,1.9299999475479126,2.0199999809265137,38100,0.0,0.0
2025-03-17 00:00:00-04:00,1.9800000190734863,2.049999952316284,1.940000057220459,2.009999990463257,16800,0.0,0.0
2025-03-18 00:00:00-04:00,2.009999990463257,2.0880000591278076,1.9199999570846558,2.0,35500,0.0,0.0
2025-03-19 00:00:00-04:00,1.9600000381469727,2.069999933242798,1.9600000381469727,2.059999942779541,45700,0.0,0.0
2025-03-20 00:00:00-04:00,1.9800000190734863,2.4200000762939453,1.9800000190734863,2.3499999046325684,156400,0.0,0.0
2025-03-21 00:00:00-04:00,2.299999952316284,2.8499999046325684,2.2709999084472656,2.640000104904175,156000,0.0,0.0
2025-03-24 00:00:00-04:00,2.5199999809265137,2.7699999809265137,2.5199999809265137,2.5899999141693115,81000,0.0,0.0
2025-03-25 00:00:00-04:00,2.5999999046325684,2.9600000381469727,2.5899999141693115,2.7699999809265137,135300,0.0,0.0
2025-03-26 00:00:00-04:00,2.8399999141693115,2.8399999141693115,2.299999952316284,2.509999990463257,78100,0.0,0.0
2025-03-27 00:00:00-04:00,2.5299999713897705,2.640000104904175,2.5299999713897705,2.5999999046325684,17300,0.0,0.0
2025-03-28 00:00:00-04:00,2.684999942779541,2.7100000381469727,2.5,2.509999990463257,16200,0.0,0.0
2025-03-31 00:00:00-04:00,2.380000114440918,2.490000009536743,2.2309999465942383,2.430000066757202,53000,0.0,0.0
2025-04-01 00:00:00-04:00,1.940000057220459,2.5799999237060547,1.940000057220459,2.450000047683716,34500,0.0,0.0
2025-04-02 00:00:00-04:00,2.2899999618530273,2.4600000381469727,2.2899999618530273,2.4100000858306885,14700,0.0,0.0
2025-04-03 00:00:00-04:00,2.2850000858306885,2.430999994277954,2.009999990463257,2.1500000953674316,79600,0.0,0.0
2025-04-04 00:00:00-04:00,2.128000020980835,2.190000057220459,1.9299999475479126,2.190000057220459,63700,0.0,0.0
2025-04-07 00:00:00-04:00,2.059999942779541,2.180000066757202,1.9600000381469727,2.0399999618530273,29400,0.0,0.0
2025-04-08 00:00:00-04:00,1.9800000190734863,2.4579999446868896,1.9800000190734863,2.309999942779541,86000,0.0,0.0
2025-04-09 00:00:00-04:00,2.240000009536743,2.5999999046325684,2.0899999141693115,2.4100000858306885,50300,0.0,0.0
2025-04-10 00:00:00-04:00,2.4100000858306885,2.5,2.2799999713897705,2.490000009536743,36900,0.0,0.0
2025-04-11 00:00:00-04:00,2.6500000953674316,2.75,2.565000057220459,2.6600000858306885,25000,0.0,0.0
2025-04-14 00:00:00-04:00,2.615000009536743,2.8399999141693115,2.5910000801086426,2.609999895095825,30600,0.0,0.0
2025-04-15 00:00:00-04:00,2.686000108718872,2.686000108718872,2.515000104904175,2.5299999713897705,48900,0.0,0.0
2025-04-16 00:00:00-04:00,2.430000066757202,2.5899999141693115,2.0,2.4800000190734863,22900,0.0,0.0
2025-04-17 00:00:00-04:00,2.4100000858306885,2.5399999618530273,2.3350000381469727,2.490000009536743,50000,0.0,0.0
2025-04-21 00:00:00-04:00,2.5199999809265137,2.5199999809265137,2.2699999809265137,2.299999952316284,14800,0.0,0.0
2025-04-22 00:00:00-04:00,2.259999990463257,2.384999990463257,2.200000047683716,2.2300000190734863,48300,0.0,0.0
2025-04-23 00:00:00-04:00,2.2300000190734863,2.299999952316284,2.059999942779541,2.059999942779541,36500,0.0,0.0
2025-04-24 00:00:00-04:00,1.9900000095367432,2.1500000953674316,1.9830000400543213,1.9900000095367432,32100,0.0,0.0
2025-04-25 00:00:00-04:00,1.9900000095367432,2.4000000953674316,1.9900000095367432,2.359999895095825,77200,0.0,0.0
2025-04-28 00:00:00-04:00,2.309999942779541,2.450000047683716,2.259999990463257,2.450000047683716,51000,0.0,0.0
2025-04-29 00:00:00-04:00,2.450000047683716,2.549999952316284,2.4049999713897705,2.509999990463257,35300,0.0,0.0
2025-04-30 00:00:00-04:00,2.492000102996826,2.630000114440918,2.450000047683716,2.559999942779541,38000,0.0,0.0
2025-05-01 00:00:00-04:00,2.559999942779541,2.680000066757202,2.450000047683716,2.680000066757202,33800,0.0,0.0
2025-05-02 00:00:00-04:00,2.75,2.8499999046325684,2.5490000247955322,2.619999885559082,38600,0.0,0.0
2025-05-05 00:00:00-04:00,2.619999885559082,2.677999973297119,2.509999990463257,2.5899999141693115,21300,0.0,0.0
2025-05-06 00:00:00-04:00,2.510999917984009,2.5399999618530273,2.490000009536743,2.5199999809265137,6500,0.0,0.0
2025-05-07 00:00:00-04:00,2.5250000953674316,2.5250000953674316,2.359999895095825,2.359999895095825,11000,0.0,0.0
2025-05-08 00:00:00-04:00,2.440000057220459,2.440000057220459,2.296999931335449,2.390000104904175,7600,0.0,0.0
2025-05-09 00:00:00-04:00,2.299999952316284,2.390000104904175,2.200000047683716,2.200000047683716,13800,0.0,0.0
2025-05-12 00:00:00-04:00,3.375,3.950000047683716,2.009999990463257,2.509999990463257,12732100,0.0,0.0
2025-05-13 00:00:00-04:00,2.619999885559082,2.6500000953674316,2.130000114440918,2.140000104904175,646800,0.0,0.0
2025-05-14 00:00:00-04:00,2.380000114440918,2.390000104904175,1.9800000190734863,2.0799999237060547,333200,0.0,0.0
2025-05-15 00:00:00-04:00,2.0799999237060547,2.359999895095825,1.7999999523162842,2.2799999713897705,369400,0.0,0.0
2025-05-16 00:00:00-04:00,2.2300000190734863,2.305000066757202,2.125,2.1700000762939453,96700,0.0,0.0
2025-05-19 00:00:00-04:00,2.1600000858306885,2.3299999237060547,1.9700000286102295,2.1700000762939453,186100,0.0,0.0
2025-05-20 00:00:00-04:00,2.1700000762939453,2.2639999389648438,2.049999952316284,2.0899999141693115,120100,0.0,0.0
2025-05-21 00:00:00-04:00,2.109999895095825,2.5899999141693115,1.9800000190734863,2.319999933242798,274500,0.0,0.0
2025-05-22 00:00:00-04:00,2.299999952316284,2.4690001010894775,2.200000047683716,2.2950000762939453,129800,0.0,0.0
2025-05-23 00:00:00-04:00,2.25,2.322000026702881,2.190000057220459,2.2799999713897705,50500,0.0,0.0
2025-05-27 00:00:00-04:00,2.4000000953674316,2.549999952316284,2.2899999618530273,2.5,106800,0.0,0.0
2025-05-28 00:00:00-04:00,2.4600000381469727,2.6600000858306885,2.371999979019165,2.640000104904175,89400,0.0,0.0
2025-05-29 00:00:00-04:00,2.690000057220459,2.73799991607666,2.502000093460083,2.5999999046325684,80500,0.0,0.0
2025-05-30 00:00:00-04:00,2.5799999237060547,2.7100000381469727,2.5299999713897705,2.680000066757202,39800,0.0,0.0
2025-06-02 00:00:00-04:00,2.740000009536743,2.759999990463257,2.5999999046325684,2.700000047683716,48700,0.0,0.0
2025-06-03 00:00:00-04:00,2.7100000381469727,2.880000114440918,2.684999942779541,2.819999933242798,80300,0.0,0.0
2025-06-04 00:00:00-04:00,2.8399999141693115,2.9000000953674316,2.690000057220459,2.690000057220459,59600,0.0,0.0
2025-06-05 00:00:00-04:00,2.700000047683716,2.759999990463257,2.546999931335449,2.6700000762939453,28200,0.0,0.0
2025-06-06 00:00:00-04:00,2.6700000762939453,2.7300000190734863,2.5,2.7300000190734863,96000,0.0,0.0
2025-06-09 00:00:00-04:00,2.630000114440918,2.740000009536743,2.5850000381469727,2.609999895095825,18600,0.0,0.0
2025-06-10 00:00:00-04:00,2.5999999046325684,2.700000047683716,2.490000009536743,2.509999990463257,75300,0.0,0.0
2025-06-11 00:00:00-04:00,2.421999931335449,2.5999999046325684,2.421999931335449,2.5199999809265137,23100,0.0,0.0
2025-06-12 00:00:00-04:00,2.549999952316284,2.6500000953674316,2.4149999618530273,2.5999999046325684,697400,0.0,0.0
2025-06-13 00:00:00-04:00,2.4800000190734863,2.5899999141693115,2.369999885559082,2.4000000953674316,18000,0.0,0.0
2025-06-16 00:00:00-04:00,2.319999933242798,2.690000057220459,2.319999933242798,2.690000057220459,47200,0.0,0.0
2025-06-17 00:00:00-04:00,2.4800000190734863,2.740000009536743,2.4800000190734863,2.700000047683716,25600,0.0,0.0
2025-06-18 00:00:00-04:00,2.6700000762939453,2.809999942779541,2.619999885559082,2.7899999618530273,42500,0.0,0.0
2025-06-20 00:00:00-04:00,2.7899999618530273,3.200000047683716,2.740000009536743,2.9600000381469727,524300,0.0,0.0
2025-06-23 00:00:00-04:00,3.1600000858306885,3.1600000858306885,2.930000066757202,3.1500000953674316,56400,0.0,0.0
2025-06-24 00:00:00-04:00,3.1500000953674316,3.436000108718872,3.1500000953674316,3.2899999618530273,80800,0.0,0.0
2025-06-25 00:00:00-04:00,3.3499999046325684,3.440000057220459,3.0,3.1700000762939453,834000,0.0,0.0
2025-06-26 00:00:00-04:00,3.240000009536743,3.569999933242798,3.0,3.4600000381469727,238400,0.0,0.0
2025-06-27 00:00:00-04:00,3.509999990463257,3.509999990463257,3.1600000858306885,3.509999990463257,131800,0.0,0.0
2025-06-30 00:00:00-04:00,3.440000057220459,3.799999952316284,3.325000047683716,3.759999990463257,151200,0.0,0.0
2025-07-01 00:00:00-04:00,3.8499999046325684,3.8510000705718994,3.200000047683716,3.259999990463257,160200,0.0,0.0
2025-07-02 00:00:00-04:00,3.2699999809265137,3.359999895095825,3.200000047683716,3.309999942779541,45300,0.0,0.0
2025-07-03 00:00:00-04:00,3.319999933242798,3.5339999198913574,3.299999952316284,3.509999990463257,57500,0.0,0.0
2025-07-07 00:00:00-04:00,3.490000009536743,3.5199999809265137,3.380000114440918,3.450000047683716,40400,0.0,0.0
2025-07-08 00:00:00-04:00,3.4800000190734863,3.755000114440918,3.4800000190734863,3.6500000953674316,113000,0.0,0.0
2025-07-09 00:00:00-04:00,3.609999895095825,3.7200000286102295,3.4700000286102295,3.630000114440918,22000,0.0,0.0
2025-07-10 00:00:00-04:00,3.559999942779541,4.0,3.559999942779541,3.890000104904175,75200,0.0,0.0
2025-07-11 00:00:00-04:00,3.9200000762939453,3.9200000762939453,3.700000047683716,3.8399999141693115,42000,0.0,0.0
2025-07-14 00:00:00-04:00,3.8399999141693115,4.369999885559082,3.8399999141693115,4.320000171661377,146200,0.0,0.0
2025-07-15 00:00:00-04:00,4.320000171661377,4.360000133514404,3.3299999237060547,3.4200000762939453,599000,0.0,0.0
2025-07-16 00:00:00-04:00,3.4000000953674316,3.569999933242798,3.119999885559082,3.180000066757202,117300,0.0,0.0
2025-07-17 00:00:00-04:00,3.1500000953674316,3.740000009536743,3.109999895095825,3.4800000190734863,135500,0.0,0.0
2025-07-18 00:00:00-04:00,3.4800000190734863,3.609999895095825,3.3499999046325684,3.380000114440918,60900,0.0,0.0
2025-07-21 00:00:00-04:00,3.430000066757202,3.5,3.052999973297119,3.240000009536743,93100,0.0,0.0
2025-07-22 00:00:00-04:00,3.2200000286102295,3.424999952316284,3.1459999084472656,3.390000104904175,20500,0.0,0.0
2025-07-23 00:00:00-04:00,3.490000009536743,3.509999990463257,3.240000009536743,3.509999990463257,40900,0.0,0.0
2025-07-24 00:00:00-04:00,3.569999933242798,3.690000057220459,3.3429999351501465,3.430000066757202,30000,0.0,0.0
2025-07-25 00:00:00-04:00,3.450000047683716,3.5299999713897705,3.2899999618530273,3.319999933242798,23300,0.0,0.0
2025-07-28 00:00:00-04:00,3.369999885559082,3.380000114440918,3.132999897003174,3.240000009536743,19400,0.0,0.0
2025-07-29 00:00:00-04:00,3.319999933242798,3.4000000953674316,3.1710000038146973,3.2799999713897705,24400,0.0,0.0
2025-07-30 00:00:00-04:00,3.2699999809265137,3.549999952316284,3.0999999046325684,3.2100000381469727,26800,0.0,0.0
2025-07-31 00:00:00-04:00,3.2200000286102295,3.309999942779541,3.009999990463257,3.2899999618530273,19200,0.0,0.0
2025-08-01 00:00:00-04:00,3.2899999618530273,3.319999933242798,2.9600000381469727,3.309999942779541,26700,0.0,0.0
2025-08-04 00:00:00-04:00,3.2699999809265137,3.490000009536743,3.130000114440918,3.240000009536743,27200,0.0,0.0
2025-08-05 00:00:00-04:00,3.359999895095825,3.5450000762939453,3.197000026702881,3.2100000381469727,32100,0.0,0.0
2025-08-06 00:00:00-04:00,3.2200000286102295,3.4000000953674316,3.180000066757202,3.4000000953674316,24300,0.0,0.0
2025-08-07 00:00:00-04:00,3.4000000953674316,3.5799999237060547,3.255000114440918,3.2799999713897705,23400,0.0,0.0
2025-08-08 00:00:00-04:00,3.4000000953674316,3.440000057220459,3.0929999351501465,3.319999933242798,10700,0.0,0.0
2025-08-11 00:00:00-04:00,3.2899999618530273,3.562000036239624,3.1500000953674316,3.25,13400,0.0,0.0
2025-08-12 00:00:00-04:00,3.059999942779541,3.117000102996826,2.9700000286102295,2.9700000286102295,39700,0.0,0.0
2025-08-13 00:00:00-04:00,3.009999990463257,3.180000066757202,2.9600000381469727,3.0,18000,0.0,0.0
2025-08-14 00:00:00-04:00,3.009999990463257,3.009999990463257,2.819999933242798,2.9000000953674316,37400,0.0,0.0
2025-08-15 00:00:00-04:00,3.0,3.109999895095825,2.8299999237060547,3.0899999141693115,68600,0.0,0.0
2025-08-18 00:00:00-04:00,3.0799999237060547,3.319999933242798,2.9000000953674316,2.990000009536743,18500,0.0,0.0
2025-08-19 00:00:00-04:00,2.9800000190734863,3.119999885559082,2.9000000953674316,3.049999952316284,14800,0.0,0.0
2025-08-20 00:00:00-04:00,2.940000057220459,3.130000114440918,2.9100000858306885,3.0899999141693115,10200,0.0,0.0
2025-08-21 00:00:00-04:00,2.9200000762939453,3.2300000190734863,2.9100000858306885,3.2149999141693115,30000,0.0,0.0
2025-08-22 00:00:00-04:00,3.2300000190734863,3.7300000190734863,3.2300000190734863,3.7100000381469727,36800,0.0,0.0
2025-08-25 00:00:00-04:00,3.609999895095825,3.9800000190734863,3.572000026702881,3.9600000381469727,27700,0.0,0.0
2025-08-26 00:00:00-04:00,3.940000057220459,4.090000152587891,3.630000114440918,4.050000190734863,62600,0.0,0.0
2025-08-27 00:00:00-04:00,4.050000190734863,4.099999904632568,3.865000009536743,3.9000000953674316,49900,0.0,0.0
2025-08-28 00:00:00-04:00,3.9000000953674316,4.065000057220459,3.815000057220459,3.9800000190734863,36000,0.0,0.0
2025-08-29 00:00:00-04:00,4.0,4.300000190734863,4.0,4.074999809265137,33000,0.0,0.0
2025-09-02 00:00:00-04:00,4.190000057220459,4.190000057220459,3.819999933242798,3.819999933242798,21600,0.0,0.0
2025-09-03 00:00:00-04:00,3.8889999389648438,4.050000190734863,3.7799999713897705,4.039999961853027,27100,0.0,0.0
2025-09-04 00:00:00-04:00,3.9200000762939453,3.9700000286102295,3.822999954223633,3.890000104904175,15900,0.0,0.0
2025-09-05 00:00:00-04:00,3.944999933242798,3.992000102996826,3.8499999046325684,3.9839999675750732,16000,0.0,0.0
2025-09-08 00:00:00-04:00,4.090000152587891,4.5,4.0,4.210000038146973,143600,0.0,0.0
2025-09-09 00:00:00-04:00,4.300000190734863,5.460000038146973,4.300000190734863,5.28000020980835,379400,0.0,0.0
2025-09-10 00:00:00-04:00,5.449999809265137,5.958000183105469,5.380000114440918,5.75,262300,0.0,0.0
2025-09-11 00:00:00-04:00,5.639999866485596,6.570000171661377,5.550000190734863,6.414999961853027,364200,0.0,0.0
2025-09-12 00:00:00-04:00,6.650000095367432,8.239999771118164,6.625,8.069999694824219,679700,0.0,0.0
2025-09-15 00:00:00-04:00,8.399999618530273,9.829999923706055,7.849999904632568,9.729999542236328,595900,0.0,0.0
2025-09-16 00:00:00-04:00,9.914999961853027,9.914999961853027,6.5,6.989999771118164,828900,0.0,0.0
2025-09-17 00:00:00-04:00,7.349999904632568,8.199999809265137,6.949999809265137,7.699999809265137,388000,0.0,0.0
2025-09-18 00:00:00-04:00,7.820000171661377,8.149999618530273,7.28000020980835,7.909999847412109,210600,0.0,0.0
2025-09-19 00:00:00-04:00,7.75,7.949999809265137,7.099999904632568,7.309999942779541,202900,0.0,0.0
2025-09-22 00:00:00-04:00,7.309999942779541,7.710000038146973,5.96999979019165,6.0,244100,0.0,0.0
2025-09-23 00:00:00-04:00,6.369999885559082,6.449999809265137,5.829999923706055,5.840000152587891,145900,0.0,0.0
2025-09-24 00:00:00-04:00,5.739999771118164,6.025000095367432,5.28000020980835,5.670000076293945,176800,0.0,0.0
2025-09-25 00:00:00-04:00,5.559999942779541,5.669000148773193,4.889999866485596,4.96999979019165,190100,0.0,0.0
2025-09-26 00:00:00-04:00,5.0,5.170000076293945,3.880000114440918,4.75,235500,0.0,0.0
2025-09-29 00:00:00-04:00,4.690000057220459,6.320000171661377,4.690000057220459,5.760000228881836,306400,0.0,0.0
2025-09-30 00:00:00-04:00,5.659999847412109,6.010000228881836,5.349999904632568,5.929999828338623,146200,0.0,0.0
2025-10-01 00:00:00-04:00,5.989999771118164,5.989999771118164,5.260000228881836,5.269999980926514,116300,0.0,0.0
2025-10-02 00:00:00-04:00,5.679999828338623,7.585000038146973,5.679999828338623,6.860000133514404,360600,0.0,0.0
2025-10-03 00:00:00-04:00,6.920000076293945,7.019999980926514,6.010000228881836,6.369999885559082,255200,0.0,0.0
2025-10-06 00:00:00-04:00,6.269999980926514,6.690000057220459,6.0,6.099999904632568,129200,0.0,0.0
2025-10-07 00:00:00-04:00,5.889999866485596,6.171000003814697,5.679999828338623,5.880000114440918,86800,0.0,0.0
2025-10-08 00:00:00-04:00,5.940000057220459,6.46999979019165,5.75,6.119999885559082,146200,0.0,0.0
2025-10-09 00:00:00-04:00,6.0,6.13100004196167,5.691999912261963,5.929999828338623,72900,0.0,0.0
2025-10-10 00:00:00-04:00,5.929999828338623,5.980999946594238,5.110000133514404,5.239999771118164,127900,0.0,0.0
2025-10-13 00:00:00-04:00,5.329999923706055,5.440000057220459,5.099999904632568,5.28000020980835,49600,0.0,0.0
2025-10-14 00:00:00-04:00,5.21999979019165,5.429999828338623,5.099999904632568,5.275000095367432,36200,0.0,0.0
2025-10-15 00:00:00-04:00,5.249000072479248,5.360000133514404,4.701000213623047,4.784999847412109,85200,0.0,0.0
2025-10-16 00:00:00-04:00,4.800000190734863,4.869999885559082,4.619999885559082,4.699999809265137,59900,0.0,0.0
2025-10-17 00:00:00-04:00,4.75,4.789999961853027,4.400000095367432,4.519999980926514,28100,0.0,0.0
2025-10-20 00:00:00-04:00,4.5,4.980999946594238,4.5,4.539999961853027,46500,0.0,0.0
2025-10-21 00:00:00-04:00,4.539999961853027,4.730000019073486,4.409999847412109,4.409999847412109,66700,0.0,0.0
2025-10-22 00:00:00-04:00,4.420000076293945,4.420000076293945,4.0,4.179999828338623,62000,0.0,0.0
2025-10-23 00:00:00-04:00,4.110000133514404,4.369999885559082,3.9519999027252197,4.190000057220459,69700,0.0,0.0
2025-10-24 00:00:00-04:00,4.349999904632568,4.800000190734863,4.230000019073486,4.570000171661377,56900,0.0,0.0
2025-10-27 00:00:00-04:00,4.820000171661377,4.820000171661377,4.199999809265137,4.309999942779541,90300,0.0,0.0
2025-10-28 00:00:00-04:00,4.050000190734863,4.400000095367432,4.0,4.090000152587891,64500,0.0,0.0
2025-10-29 00:00:00-04:00,4.289999961853027,4.440000057220459,3.9100000858306885,4.03000020980835,38300,0.0,0.0
2025-10-30 00:00:00-04:00,4.0,4.2220001220703125,3.859999895095825,3.9100000858306885,40800,0.0,0.0
2025-10-31 00:00:00-04:00,4.0,4.565999984741211,4.0,4.429999828338623,63800,0.0,0.0
2025-11-03 00:00:00-05:00,4.429999828338623,4.489999771118164,4.119999885559082,4.130000114440918,18000,0.0,0.0
2025-11-04 00:00:00-05:00,3.9800000190734863,4.190000057220459,3.930000066757202,4.110000133514404,42600,0.0,0.0
2025-11-05 00:00:00-05:00,4.03000020980835,4.260000228881836,3.9519999027252197,4.260000228881836,20400,0.0,0.0
2025-11-06 00:00:00-05:00,4.28000020980835,4.400000095367432,3.7100000381469727,3.799999952316284,72200,0.0,0.0
2025-11-07 00:00:00-05:00,3.799999952316284,3.869999885559082,3.319999933242798,3.869999885559082,42200,0.0,0.0
2025-11-10 00:00:00-05:00,3.7799999713897705,3.928999900817871,3.740000009536743,3.880000114440918,15200,0.0,0.0
2025-11-11 00:00:00-05:00,3.8299999237060547,4.480000019073486,3.6010000705718994,4.409999847412109,48700,0.0,0.0
2025-11-12 00:00:00-05:00,4.5,4.840000152587891,4.460000038146973,4.730000019073486,67600,0.0,0.0
2025-11-13 00:00:00-05:00,4.539999961853027,4.789999961853027,4.110000133514404,4.429999828338623,43800,0.0,0.0
2025-11-14 00:00:00-05:00,4.329999923706055,4.840000152587891,4.329999923706055,4.650000095367432,34000,0.0,0.0
2025-11-17 00:00:00-05:00,4.539999961853027,5.119999885559082,4.401000022888184,4.659999847412109,49900,0.0,0.0
2025-11-18 00:00:00-05:00,4.550000190734863,4.760000228881836,4.46999979019165,4.590000152587891,28000,0.0,0.0
2025-11-19 00:00:00-05:00,4.48799991607666,4.610000133514404,4.099999904632568,4.159999847412109,44200,0.0,0.0
2025-11-20 00:00:00-05:00,4.170000076293945,4.400000095367432,3.609999895095825,3.871000051498413,51400,0.0,0.0
2025-11-21 00:00:00-05:00,3.7850000858306885,4.065000057220459,3.640000104904175,3.859999895095825,25600,0.0,0.0
2025-11-24 00:00:00-05:00,3.7699999809265137,3.9200000762939453,3.7100000381469727,3.8399999141693115,27300,0.0,0.0
2025-11-25 00:00:00-05:00,3.799999952316284,3.880000114440918,3.6500000953674316,3.880000114440918,10900,0.0,0.0
2025-11-26 00:00:00-05:00,3.880000114440918,4.440000057220459,3.809999942779541,4.260000228881836,27600,0.0,0.0
2025-11-28 00:00:00-05:00,4.260000228881836,4.78000020980835,4.260000228881836,4.760000228881836,36700,0.0,0.0
2025-12-01 00:00:00-05:00,4.449999809265137,4.514999866485596,4.03000020980835,4.03000020980835,21600,0.0,0.0
2025-12-02 00:00:00-05:00,4.099999904632568,4.5,3.8910000324249268,4.489999771118164,29200,0.0,0.0
2025-12-03 00:00:00-05:00,4.420000076293945,4.46999979019165,4.229000091552734,4.300000190734863,25800,0.0,0.0
2025-12-04 00:00:00-05:00,4.269999980926514,4.53000020980835,4.25,4.449999809265137,19200,0.0,0.0
2025-12-05 00:00:00-05:00,4.380000114440918,4.510000228881836,4.269999980926514,4.340000152587891,26900,0.0,0.0
2025-12-08 00:00:00-05:00,4.260000228881836,4.260000228881836,3.630000114440918,3.630000114440918,65300,0.0,0.0
2025-12-09 00:00:00-05:00,3.690000057220459,4.052999973297119,3.6010000705718994,3.880000114440918,40200,0.0,0.0
2025-12-10 00:00:00-05:00,3.819999933242798,3.9600000381469727,3.630000114440918,3.8499999046325684,49800,0.0,0.0
2025-12-11 00:00:00-05:00,3.819999933242798,4.110000133514404,3.799999952316284,4.0,28800,0.0,0.0
2025-12-12 00:00:00-05:00,4.03000020980835,4.070000171661377,3.880000114440918,3.880000114440918,13700,0.0,0.0
2025-12-15 00:00:00-05:00,3.9000000953674316,3.930000066757202,3.700000047683716,3.700000047683716,11800,0.0,0.0
2025-12-16 00:00:00-05:00,3.7200000286102295,3.7200000286102295,3.5399999618530273,3.5999999046325684,14000,0.0,0.0
2025-12-17 00:00:00-05:00,3.6600000858306885,3.859999895095825,3.369999885559082,3.440000057220459,65400,0.0,0.0
2025-12-18 00:00:00-05:00,3.5950000286102295,3.634999990463257,3.4700000286102295,3.4700000286102295,12100,0.0,0.0
2025-12-19 00:00:00-05:00,3.5899999141693115,5.460000038146973,3.5,5.260000228881836,587500,0.0,0.0
2025-12-22 00:00:00-05:00,5.300000190734863,5.948999881744385,4.900000095367432,5.489999771118164,120600,0.0,0.0
2025-12-23 00:00:00-05:00,5.409999847412109,5.46999979019165,4.909999847412109,5.199999809265137,65500,0.0,0.0
2025-12-24 00:00:00-05:00,5.199999809265137,5.244999885559082,5.099999904632568,5.210000038146973,8200,0.0,0.0
2025-12-26 00:00:00-05:00,5.190000057220459,5.190000057220459,4.659999847412109,4.820000171661377,26600,0.0,0.0
2025-12-29 00:00:00-05:00,4.572000026702881,4.880000114440918,4.447999954223633,4.46999979019165,27100,0.0,0.0
2025-12-30 00:00:00-05:00,4.449999809265137,4.590000152587891,4.210000038146973,4.315000057220459,32600,0.0,0.0
2025-12-31 00:00:00-05:00,4.349999904632568,4.639999866485596,3.9800000190734863,4.260000228881836,135900,0.0,0.0
2026-01-02 00:00:00-05:00,4.260000228881836,5.014999866485596,4.230000019073486,4.619999885559082,49600,0.0,0.0
2026-01-05 00:00:00-05:00,4.75,4.86899995803833,4.35099983215332,4.769999980926514,28400,0.0,0.0
2026-01-06 00:00:00-05:00,4.789999961853027,4.869999885559082,4.5,4.579999923706055,17400,0.0,0.0
2026-01-07 00:00:00-05:00,4.510000228881836,4.670000076293945,4.400000095367432,4.440000057220459,14800,0.0,0.0
2026-01-08 00:00:00-05:00,4.349999904632568,4.550000190734863,4.28000020980835,4.380000114440918,27700,0.0,0.0
2026-01-09 00:00:00-05:00,4.429999828338623,4.704999923706055,4.300000190734863,4.539999961853027,35900,0.0,0.0
2026-01-12 00:00:00-05:00,4.539999961853027,4.860000133514404,4.269999980926514,4.789999961853027,34800,0.0,0.0
2026-01-13 00:00:00-05:00,4.889999866485596,4.96999979019165,4.599999904632568,4.949999809265137,37100,0.0,0.0
2026-01-14 00:00:00-05:00,4.790999889373779,5.210000038146973,4.75,5.059999942779541,75800,0.0,0.0
2026-01-15 00:00:00-05:00,5.170000076293945,5.239999771118164,4.75,5.0,52500,0.0,0.0
2026-01-16 00:00:00-05:00,4.900000095367432,5.519999980926514,4.670000076293945,5.289999961853027,85500,0.0,0.0
2026-01-20 00:00:00-05:00,5.21999979019165,5.28000020980835,4.71999979019165,4.800000190734863,66400,0.0,0.0
2026-01-21 00:00:00-05:00,4.769999980926514,5.068999767303467,4.586999893188477,4.599999904632568,27600,0.0,0.0
2026-01-22 00:00:00-05:00,4.570000171661377,4.7779998779296875,4.159999847412109,4.159999847412109,61700,0.0,0.0
2026-01-23 00:00:00-05:00,4.179999828338623,4.579999923706055,3.9809999465942383,4.5,99400,0.0,0.0
2026-01-26 00:00:00-05:00,4.5,4.730000019073486,4.099999904632568,4.489999771118164,52000,0.0,0.0
2026-01-27 00:00:00-05:00,4.449999809265137,4.599999904632568,4.260000228881836,4.420000076293945,55100,0.0,0.0
2026-01-28 00:00:00-05:00,4.389999866485596,4.409999847412109,4.000999927520752,4.010000228881836,24900,0.0,0.0
2026-01-29 00:00:00-05:00,4.099999904632568,4.650000095367432,3.683000087738037,4.449999809265137,122300,0.0,0.0
2026-01-30 00:00:00-05:00,4.699999809265137,4.699999809265137,4.019999980926514,4.210000038146973,44200,0.0,0.0
2026-02-02 00:00:00-05:00,4.039999961853027,4.202000141143799,4.0269999504089355,4.050000190734863,23000,0.0,0.0
2026-02-03 00:00:00-05:00,4.099999904632568,4.099999904632568,3.759999990463257,3.7950000762939453,21400,0.0,0.0
2026-02-04 00:00:00-05:00,3.8499999046325684,3.9000000953674316,3.4000000953674316,3.5199999809265137,61400,0.0,0.0
2026-02-05 00:00:00-05:00,3.4600000381469727,3.4800000190734863,3.0999999046325684,3.4000000953674316,48400,0.0,0.0
2026-02-06 00:00:00-05:00,3.359999895095825,3.7300000190734863,3.359999895095825,3.549999952316284,6300,0.0,0.0
2026-02-09 00:00:00-05:00,3.5999999046325684,3.6500000953674316,3.5899999141693115,3.640000104904175,5400,0.0,0.0
2026-02-10 00:00:00-05:00,3.569999933242798,3.7799999713897705,3.569999933242798,3.609999895095825,10600,0.0,0.0
2026-02-11 00:00:00-05:00,3.7100000381469727,3.7100000381469727,3.450000047683716,3.509999990463257,6000,0.0,0.0
2026-02-12 00:00:00-05:00,3.4100000858306885,3.5299999713897705,3.380000114440918,3.380000114440918,9500,0.0,0.0
2026-02-13 00:00:00-05:00,3.365999937057495,3.4600000381469727,3.109999895095825,3.109999895095825,17500,0.0,0.0
2026-02-17 00:00:00-05:00,3.109999895095825,3.25,3.0799999237060547,3.130000114440918,8700,0.0,0.0
2026-02-18 00:00:00-05:00,3.130000114440918,4.190000057220459,3.0,3.549999952316284,351200,0.0,0.0
2026-02-19 00:00:00-05:00,3.6700000762939453,3.6700000762939453,3.2100000381469727,3.299999952316284,25400,0.0,0.0
2026-02-20 00:00:00-05:00,3.200000047683716,3.5250000953674316,3.009999990463257,3.4100000858306885,39800,0.0,0.0
2026-02-23 00:00:00-05:00,3.4700000286102295,3.4700000286102295,3.1760001182556152,3.299999952316284,14800,0.0,0.0
2026-02-24 00:00:00-05:00,3.309999942779541,3.4000000953674316,3.2100000381469727,3.3299999237060547,7400,0.0,0.0
2026-02-25 00:00:00-05:00,3.569999933242798,4.239999771118164,3.5510001182556152,4.130000114440918,121500,0.0,0.0
2026-02-26 00:00:00-05:00,4.170000076293945,4.210000038146973,3.5799999237060547,3.5799999237060547,64500,0.0,0.0
2026-02-27 00:00:00-05:00,3.6500000953674316,3.809999942779541,3.6500000953674316,3.7200000286102295,15600,0.0,0.0
2026-03-02 00:00:00-05:00,3.5399999618530273,3.9200000762939453,3.5,3.640000104904175,44800,0.0,0.0
2026-03-03 00:00:00-05:00,3.5,3.640000104904175,3.428999900817871,3.494999885559082,6000,0.0,0.0
2026-03-04 00:00:00-05:00,3.7049999237060547,3.9100000858306885,3.4100000858306885,3.640000104904175,32100,0.0,0.0
2026-03-05 00:00:00-05:00,3.7300000190734863,3.890000104904175,3.640000104904175,3.859999895095825,17700,0.0,0.0
2026-03-06 00:00:00-05:00,3.7799999713897705,3.950000047683716,3.7309999465942383,3.8299999237060547,14000,0.0,0.0
2026-03-09 00:00:00-04:00,3.6700000762939453,3.859999895095825,3.6610000133514404,3.815000057220459,35700,0.0,0.0
2026-03-10 00:00:00-04:00,3.8499999046325684,3.950000047683716,3.811000108718872,3.950000047683716,12500,0.0,0.0
2026-03-11 00:00:00-04:00,3.9049999713897705,4.0,3.9049999713897705,3.9700000286102295,12500,0.0,0.0
2026-03-12 00:00:00-04:00,3.950000047683716,4.068999767303467,3.859999895095825,3.9000000953674316,11700,0.0,0.0
2026-03-13 00:00:00-04:00,3.8399999141693115,4.190000057220459,3.8399999141693115,3.930000066757202,17000,0.0,0.0
2026-03-16 00:00:00-04:00,4.099999904632568,4.110000133514404,3.819999933242798,3.880000114440918,47200,0.0,0.0
2026-03-17 00:00:00-04:00,3.859999895095825,4.0,3.859999895095825,3.930000066757202,6800,0.0,0.0
2026-03-18 00:00:00-04:00,3.809999942779541,3.990000009536743,3.6449999809265137,3.7200000286102295,11900,0.0,0.0
2026-03-19 00:00:00-04:00,3.690000057220459,3.7750000953674316,3.5799999237060547,3.619999885559082,3600,0.0,0.0
2026-03-20 00:00:00-04:00,3.549999952316284,3.7130000591278076,2.319999933242798,2.319999933242798,248700,0.0,0.0
2026-03-23 00:00:00-04:00,2.700000047683716,3.069999933242798,2.5199999809265137,2.619999885559082,302200,0.0,0.0
2026-03-24 00:00:00-04:00,2.5799999237060547,2.9549999237060547,2.549999952316284,2.799999952316284,30900,0.0,0.0
2026-03-25 00:00:00-04:00,2.809999942779541,3.0299999713897705,2.740000009536743,2.819999933242798,34800,0.0,0.0
2026-03-26 00:00:00-04:00,2.7300000190734863,2.950000047683716,2.7300000190734863,2.7899999618530273,22600,0.0,0.0
2026-03-27 00:00:00-04:00,2.7899999618530273,2.8499999046325684,2.759999990463257,2.759999990463257,13100,0.0,0.0
2026-03-30 00:00:00-04:00,2.75,2.7899999618530273,2.6110000610351562,2.640000104904175,34200,0.0,0.0
2026-03-31 00:00:00-04:00,2.7699999809265137,2.799999952316284,2.6600000858306885,2.7200000286102295,6700,0.0,0.0
2026-04-01 00:00:00-04:00,2.7100000381469727,3.055000066757202,2.7100000381469727,2.950000047683716,13000,0.0,0.0
2026-04-02 00:00:00-04:00,2.9749999046325684,3.009999990463257,2.8499999046325684,2.9600000381469727,8300,0.0,0.0
2026-04-06 00:00:00-04:00,3.049999952316284,3.239000082015991,3.0,3.009999990463257,9200,0.0,0.0
2026-04-07 00:00:00-04:00,2.990000009536743,3.069999933242798,2.9000000953674316,2.930000066757202,10000,0.0,0.0
2026-04-08 00:00:00-04:00,3.109999895095825,3.130000114440918,3.009999990463257,3.059999942779541,16800,0.0,0.0
2026-04-09 00:00:00-04:00,3.049999952316284,3.130000114440918,3.0,3.009999990463257,6900,0.0,0.0
2026-04-10 00:00:00-04:00,3.0399999618530273,3.0999999046325684,3.009999990463257,3.009999990463257,5700,0.0,0.0
2026-04-13 00:00:00-04:00,2.9600000381469727,3.0799999237060547,2.9200000762939453,3.0399999618530273,13000,0.0,0.0
2026-04-14 00:00:00-04:00,3.0399999618530273,3.430000066757202,3.0399999618530273,3.4200000762939453,49200,0.0,0.0
2026-04-15 00:00:00-04:00,3.5,3.6500000953674316,3.3499999046325684,3.6500000953674316,68400,0.0,0.0
2026-04-16 00:00:00-04:00,3.619999885559082,3.859999895095825,3.4000000953674316,3.8499999046325684,27200,0.0,0.0
2026-04-17 00:00:00-04:00,3.7699999809265137,4.0,3.6700000762939453,3.940000057220459,30900,0.0,0.0
2026-04-20 00:00:00-04:00,3.8499999046325684,4.065000057220459,3.8499999046325684,4.0,23900,0.0,0.0
2026-04-21 00:00:00-04:00,4.0,4.0,3.799999952316284,3.8499999046325684,13300,0.0,0.0
2026-04-22 00:00:00-04:00,3.940999984741211,4.210000038146973,3.8499999046325684,4.190000057220459,25500,0.0,0.0
2026-04-23 00:00:00-04:00,4.150000095367432,4.300000190734863,4.019999980926514,4.050000190734863,31000,0.0,0.0
2026-04-24 00:00:00-04:00,4.25,4.300000190734863,4.099999904632568,4.224999904632568,17600,0.0,0.0
2026-04-27 00:00:00-04:00,4.170000076293945,4.264999866485596,4.090000152587891,4.090000152587891,13200,0.0,0.0
2026-04-28 00:00:00-04:00,4.195000171661377,4.195000171661377,3.9700000286102295,3.9700000286102295,7400,0.0,0.0
2026-04-29 00:00:00-04:00,3.7300000190734863,3.930000066757202,3.3299999237060547,3.390000104904175,62900,0.0,0.0
2026-04-30 00:00:00-04:00,3.4200000762939453,4.059999942779541,3.4200000762939453,4.0,45100,0.0,0.0
2026-05-01 00:00:00-04:00,4.010000228881836,4.369999885559082,3.8499999046325684,4.340000152587891,31700,0.0,0.0
2026-05-04 00:00:00-04:00,4.440000057220459,4.96999979019165,4.400000095367432,4.900000095367432,133400,0.0,0.0
2026-05-05 00:00:00-04:00,4.670000076293945,5.989999771118164,3.130000114440918,5.989999771118164,1360000,0.0,0.0
2026-05-06 00:00:00-04:00,7.5,8.180000305175781,1.190000057220459,1.2400000095367432,18041100,0.0,0.0
2026-05-07 00:00:00-04:00,1.3799999952316284,1.409999966621399,0.13699999451637268,0.1509999930858612,228549800,0.0,0.0
2026-05-08 00:00:00-04:00,0.23000000417232513,0.23199999332427979,0.11900000274181366,0.1599999964237213,475995500,0.0,0.0
2026-05-11 00:00:00-04:00,0.14300000667572021,0.15399999916553497,0.11900000274181366,0.14800000190734863,87463800,0.0,0.0
2026-05-12 00:00:00-04:00,0.14000000059604645,0.14300000667572021,0.12999999523162842,0.14100000262260437,37695600,0.0,0.0
2026-05-13 00:00:00-04:00,0.16099999845027924,0.17499999701976776,0.14000000059604645,0.1550000011920929,102160600,0.0,0.0
2026-05-14 00:00:00-04:00,0.14300000667572021,0.15000000596046448,0.13899999856948853,0.1420000046491623,31843200,0.0,0.0
2026-05-15 00:00:00-04:00,0.13899999856948853,0.15800000727176666,0.12999999523162842,0.1469999998807907,42574800,0.0,0.0
2026-05-18 00:00:00-04:00,0.1469999998807907,0.15000000596046448,0.13199999928474426,0.14399999380111694,38273600,0.0,0.0
2026-05-19 00:00:00-04:00,0.13699999451637268,0.1420000046491623,0.13199999928474426,0.14100000262260437,11117200,0.0,0.0
2026-05-20 00:00:00-04:00,0.1459999978542328,0.15000000596046448,0.09099999815225601,0.11599999666213989,192479700,0.0,0.0
2026-05-21 00:00:00-04:00,0.10999999940395355,0.11999999731779099,0.10100000351667404,0.11100000143051147,32090100,0.0,0.0
2026-05-22 00:00:00-04:00,0.11800000071525574,0.11800000071525574,0.10100000351667404,0.10899999737739563,23722400,0.0,0.0
2026-05-26 00:00:00-04:00,0.11999999731779099,0.1289999932050705,0.10400000214576721,0.11100000143051147,71409600,0.0,0.0
2026-05-27 00:00:00-04:00,0.11100000143051147,0.1120000034570694,0.10400000214576721,0.10700000077486038,18783200,0.0,0.0
2026-05-28 00:00:00-04:00,0.10700000077486038,0.11800000071525574,0.10599999874830246,0.11800000071525574,18677100,0.0,0.0
2026-05-29 00:00:00-04:00,0.11699999868869781,0.13899999856948853,0.1080000028014183,0.10999999940395355,52922300,0.0,0.0
2026-06-01 00:00:00-04:00,0.11500000208616257,0.12680000066757202,0.11050000041723251,0.12600000202655792,53839034,0.0,0.0
