Date,Open,High,Low,Close,Volume,Dividends,Stock Splits
2022-01-03 00:00:00-05:00,115.16000366210938,117.0,109.09500122070312,109.5,910800,0.0,0.0
2022-01-04 00:00:00-05:00,109.12999725341797,109.19999694824219,99.25,101.54000091552734,1641200,0.0,0.0
2022-01-05 00:00:00-05:00,100.44000244140625,102.7699966430664,93.94999694824219,95.01000213623047,1136800,0.0,0.0
2022-01-06 00:00:00-05:00,93.33999633789062,103.94999694824219,93.19999694824219,101.91999816894531,1496700,0.0,0.0
2022-01-07 00:00:00-05:00,100.22000122070312,105.5,97.98999786376953,98.61000061035156,827100,0.0,0.0
2022-01-10 00:00:00-05:00,96.5999984741211,96.91999816894531,91.83000183105469,95.55000305175781,1302600,0.0,0.0
2022-01-11 00:00:00-05:00,95.36000061035156,100.69000244140625,93.36000061035156,97.2300033569336,585300,0.0,0.0
2022-01-12 00:00:00-05:00,99.56999969482422,101.36499786376953,89.94999694824219,92.83999633789062,1307600,0.0,0.0
2022-01-13 00:00:00-05:00,95.41000366210938,95.83999633789062,88.86000061035156,88.95999908447266,1044200,0.0,0.0
2022-01-14 00:00:00-05:00,88.08999633789062,89.69000244140625,83.30000305175781,85.1500015258789,1047700,0.0,0.0
2022-01-18 00:00:00-05:00,83.0,85.0,80.80000305175781,81.69000244140625,1115500,0.0,0.0
2022-01-19 00:00:00-05:00,82.91999816894531,85.73999786376953,81.08000183105469,82.5,620900,0.0,0.0
2022-01-20 00:00:00-05:00,84.31999969482422,87.9000015258789,83.83999633789062,83.91000366210938,1043800,0.0,0.0
2022-01-21 00:00:00-05:00,84.04000091552734,84.98999786376953,80.33000183105469,81.22000122070312,1204600,0.0,0.0
2022-01-24 00:00:00-05:00,78.16000366210938,81.61000061035156,71.0,81.55999755859375,1846700,0.0,0.0
2022-01-25 00:00:00-05:00,79.0,82.72899627685547,75.13999938964844,77.29000091552734,1092100,0.0,0.0
2022-01-26 00:00:00-05:00,80.77999877929688,81.68000030517578,73.0260009765625,74.22000122070312,917800,0.0,0.0
2022-01-27 00:00:00-05:00,75.27999877929688,75.58999633789062,69.26000213623047,69.76000213623047,1181000,0.0,0.0
2022-01-28 00:00:00-05:00,69.31999969482422,72.98500061035156,68.0,72.58999633789062,967200,0.0,0.0
2022-01-31 00:00:00-05:00,74.08999633789062,85.62000274658203,73.69999694824219,85.30999755859375,1608500,0.0,0.0
2022-02-01 00:00:00-05:00,87.5,90.44000244140625,82.80000305175781,89.41000366210938,1339100,0.0,0.0
2022-02-02 00:00:00-05:00,90.27999877929688,91.0,82.38999938964844,85.80999755859375,1052200,0.0,0.0
2022-02-03 00:00:00-05:00,82.0,84.27999877929688,78.1500015258789,78.7300033569336,863800,0.0,0.0
2022-02-04 00:00:00-05:00,79.62000274658203,84.76599884033203,79.0,81.43000030517578,950100,0.0,0.0
2022-02-07 00:00:00-05:00,81.68000030517578,84.87999725341797,80.2300033569336,81.01000213623047,581000,0.0,0.0
2022-02-08 00:00:00-05:00,79.98999786376953,83.93000030517578,78.83000183105469,83.5199966430664,565200,0.0,0.0
2022-02-09 00:00:00-05:00,85.87000274658203,88.43000030517578,83.01000213623047,88.22000122070312,949500,0.0,0.0
2022-02-10 00:00:00-05:00,86.83000183105469,94.37000274658203,85.25,85.83000183105469,1634000,0.0,0.0
2022-02-11 00:00:00-05:00,82.16000366210938,86.5999984741211,80.22000122070312,81.02999877929688,1196000,0.0,0.0
2022-02-14 00:00:00-05:00,81.0,84.37999725341797,79.73999786376953,82.19999694824219,796900,0.0,0.0
2022-02-15 00:00:00-05:00,84.08000183105469,85.98999786376953,81.04000091552734,84.91999816894531,963900,0.0,0.0
2022-02-16 00:00:00-05:00,83.26000213623047,83.62999725341797,74.06999969482422,75.83999633789062,2643400,0.0,0.0
2022-02-17 00:00:00-05:00,88.98999786376953,89.91000366210938,77.5,78.45999908447266,4883600,0.0,0.0
2022-02-18 00:00:00-05:00,77.41000366210938,78.12000274658203,68.98999786376953,70.69000244140625,2887500,0.0,0.0
2022-02-22 00:00:00-05:00,70.0,73.52999877929688,68.58000183105469,70.08999633789062,1035800,0.0,0.0
2022-02-23 00:00:00-05:00,70.26000213623047,71.94999694824219,65.20999908447266,65.62999725341797,1093200,0.0,0.0
2022-02-24 00:00:00-05:00,62.52000045776367,73.9800033569336,61.22999954223633,73.8499984741211,1335700,0.0,0.0
2022-02-25 00:00:00-05:00,74.11000061035156,75.0,69.68000030517578,74.94999694824219,1058100,0.0,0.0
2022-02-28 00:00:00-05:00,75.94000244140625,79.0,71.94999694824219,78.91000366210938,968600,0.0,0.0
2022-03-01 00:00:00-05:00,78.3499984741211,79.63999938964844,76.23100280761719,77.44000244140625,757500,0.0,0.0
2022-03-02 00:00:00-05:00,77.98999786376953,78.7699966430664,73.11000061035156,78.23999786376953,808000,0.0,0.0
2022-03-03 00:00:00-05:00,78.58000183105469,79.75,72.30999755859375,73.8499984741211,875500,0.0,0.0
2022-03-04 00:00:00-05:00,73.47000122070312,75.55999755859375,69.2750015258789,69.77999877929688,699900,0.0,0.0
2022-03-07 00:00:00-05:00,70.0,72.03500366210938,65.73999786376953,66.16999816894531,1016300,0.0,0.0
2022-03-08 00:00:00-05:00,66.0,71.97000122070312,63.369998931884766,69.54000091552734,1128700,0.0,0.0
2022-03-09 00:00:00-05:00,71.5,72.9800033569336,70.125,71.5,578500,0.0,0.0
2022-03-10 00:00:00-05:00,69.70999908447266,70.18000030517578,66.45999908447266,68.19000244140625,471600,0.0,0.0
2022-03-11 00:00:00-05:00,70.0,70.0,63.2599983215332,63.279998779296875,749300,0.0,0.0
2022-03-14 00:00:00-04:00,61.560001373291016,65.27999877929688,57.665000915527344,58.34000015258789,1252200,0.0,0.0
2022-03-15 00:00:00-04:00,58.13999938964844,60.16999816894531,55.814998626708984,59.63999938964844,955700,0.0,0.0
2022-03-16 00:00:00-04:00,61.25,65.20999908447266,61.150001525878906,64.6500015258789,1194300,0.0,0.0
2022-03-17 00:00:00-04:00,64.12000274658203,67.4800033569336,62.619998931884766,67.12999725341797,827900,0.0,0.0
2022-03-18 00:00:00-04:00,66.98999786376953,74.13999938964844,66.51000213623047,74.01000213623047,951400,0.0,0.0
2022-03-21 00:00:00-04:00,73.47000122070312,74.5,70.20999908447266,72.19000244140625,562900,0.0,0.0
2022-03-22 00:00:00-04:00,72.11000061035156,77.06999969482422,71.96499633789062,75.38999938964844,697300,0.0,0.0
2022-03-23 00:00:00-04:00,74.11000061035156,79.17900085449219,71.48999786376953,74.27999877929688,733900,0.0,0.0
2022-03-24 00:00:00-04:00,75.0,76.19999694824219,71.29000091552734,75.91000366210938,692100,0.0,0.0
2022-03-25 00:00:00-04:00,75.97000122070312,75.97000122070312,70.80000305175781,72.77999877929688,732600,0.0,0.0
2022-03-28 00:00:00-04:00,73.30000305175781,78.41999816894531,73.30000305175781,77.98999786376953,794600,0.0,0.0
2022-03-29 00:00:00-04:00,80.0,83.18000030517578,78.30000305175781,82.37000274658203,894200,0.0,0.0
2022-03-30 00:00:00-04:00,80.08999633789062,82.08999633789062,77.44200134277344,78.33000183105469,782900,0.0,0.0
2022-03-31 00:00:00-04:00,78.61000061035156,81.76499938964844,75.91000366210938,76.06999969482422,752600,0.0,0.0
2022-04-01 00:00:00-04:00,77.5,79.70999908447266,76.16000366210938,76.94999694824219,503400,0.0,0.0
2022-04-04 00:00:00-04:00,77.62000274658203,81.69000244140625,77.62000274658203,80.01000213623047,717000,0.0,0.0
2022-04-05 00:00:00-04:00,80.77999877929688,80.77999877929688,73.11000061035156,74.08000183105469,801500,0.0,0.0
2022-04-06 00:00:00-04:00,72.0,72.62000274658203,67.30000305175781,69.26000213623047,939100,0.0,0.0
2022-04-07 00:00:00-04:00,68.33999633789062,70.97000122070312,65.77999877929688,68.83999633789062,707800,0.0,0.0
2022-04-08 00:00:00-04:00,68.19000244140625,69.08999633789062,66.02999877929688,67.81999969482422,777100,0.0,0.0
2022-04-11 00:00:00-04:00,66.47000122070312,70.69999694824219,65.2300033569336,69.48999786376953,643700,0.0,0.0
2022-04-12 00:00:00-04:00,71.41000366210938,73.18000030517578,66.29000091552734,66.58000183105469,654400,0.0,0.0
2022-04-13 00:00:00-04:00,66.16000366210938,68.70999908447266,65.20999908447266,67.87000274658203,556200,0.0,0.0
2022-04-14 00:00:00-04:00,67.29000091552734,68.18000030517578,62.790000915527344,63.75,935300,0.0,0.0
2022-04-18 00:00:00-04:00,62.7599983215332,63.4900016784668,59.689998626708984,61.31999969482422,651600,0.0,0.0
2022-04-19 00:00:00-04:00,60.38999938964844,65.04000091552734,60.22999954223633,63.79999923706055,767900,0.0,0.0
2022-04-20 00:00:00-04:00,63.47999954223633,63.529998779296875,58.290000915527344,58.369998931884766,840900,0.0,0.0
2022-04-21 00:00:00-04:00,59.099998474121094,60.83000183105469,54.68000030517578,56.380001068115234,875500,0.0,0.0
2022-04-22 00:00:00-04:00,55.95000076293945,58.720001220703125,53.56999969482422,54.77000045776367,797900,0.0,0.0
2022-04-25 00:00:00-04:00,53.95000076293945,59.38999938964844,53.880001068115234,57.88999938964844,937100,0.0,0.0
2022-04-26 00:00:00-04:00,56.84000015258789,57.47999954223633,53.1150016784668,53.56999969482422,723600,0.0,0.0
2022-04-27 00:00:00-04:00,53.130001068115234,54.93000030517578,51.099998474121094,51.5,667900,0.0,0.0
2022-04-28 00:00:00-04:00,53.22999954223633,56.68000030517578,50.720001220703125,55.790000915527344,1135900,0.0,0.0
2022-04-29 00:00:00-04:00,54.91999816894531,57.630001068115234,53.15999984741211,53.25,780500,0.0,0.0
2022-05-02 00:00:00-04:00,52.13999938964844,56.630001068115234,51.23500061035156,56.27000045776367,604500,0.0,0.0
2022-05-03 00:00:00-04:00,55.849998474121094,56.5099983215332,53.599998474121094,54.880001068115234,617500,0.0,0.0
2022-05-04 00:00:00-04:00,54.25,58.189998626708984,51.44599914550781,58.130001068115234,1118100,0.0,0.0
2022-05-05 00:00:00-04:00,56.29999923706055,56.41999816894531,50.790000915527344,51.380001068115234,1106600,0.0,0.0
2022-05-06 00:00:00-04:00,50.630001068115234,51.0,46.70000076293945,47.04999923706055,1445300,0.0,0.0
2022-05-09 00:00:00-04:00,45.5,47.029998779296875,42.0,42.869998931884766,1340500,0.0,0.0
2022-05-10 00:00:00-04:00,44.5099983215332,45.91999816894531,38.869998931884766,40.869998931884766,2562600,0.0,0.0
2022-05-11 00:00:00-04:00,31.0,33.310001373291016,29.040000915527344,30.389999389648438,6378300,0.0,0.0
2022-05-12 00:00:00-04:00,29.270000457763672,34.689998626708984,29.270000457763672,34.459999084472656,4097800,0.0,0.0
2022-05-13 00:00:00-04:00,35.93000030517578,39.099998474121094,35.93000030517578,38.41999816894531,2537800,0.0,0.0
2022-05-16 00:00:00-04:00,37.59000015258789,40.15999984741211,36.459999084472656,37.04999923706055,2260600,0.0,0.0
2022-05-17 00:00:00-04:00,39.0,41.95000076293945,38.06999969482422,41.68000030517578,2271000,0.0,0.0
2022-05-18 00:00:00-04:00,40.2400016784668,41.41999816894531,37.189998626708984,37.599998474121094,2303700,0.0,0.0
2022-05-19 00:00:00-04:00,37.56999969482422,41.560001373291016,37.5,39.65999984741211,2155300,0.0,0.0
2022-05-20 00:00:00-04:00,40.59000015258789,41.26499938964844,37.59000015258789,38.93000030517578,979500,0.0,0.0
2022-05-23 00:00:00-04:00,38.7599983215332,38.779998779296875,35.810001373291016,38.560001373291016,1075600,0.0,0.0
2022-05-24 00:00:00-04:00,37.65999984741211,37.65999984741211,34.827999114990234,35.88999938964844,1053500,0.0,0.0
2022-05-25 00:00:00-04:00,35.970001220703125,37.63999938964844,35.5,37.20000076293945,733800,0.0,0.0
2022-05-26 00:00:00-04:00,37.310001373291016,40.52000045776367,37.02000045776367,39.779998779296875,924400,0.0,0.0
2022-05-27 00:00:00-04:00,40.25,43.08000183105469,40.25,42.95000076293945,956200,0.0,0.0
2022-05-31 00:00:00-04:00,42.91999816894531,44.0,41.0,42.310001373291016,3845900,0.0,0.0
2022-06-01 00:00:00-04:00,43.040000915527344,43.7400016784668,39.93000030517578,40.31999969482422,752700,0.0,0.0
2022-06-02 00:00:00-04:00,39.84000015258789,44.36000061035156,39.43000030517578,43.650001525878906,927300,0.0,0.0
2022-06-03 00:00:00-04:00,42.279998779296875,43.45000076293945,41.279998779296875,41.83000183105469,817400,0.0,0.0
2022-06-06 00:00:00-04:00,42.9900016784668,43.900001525878906,40.06999969482422,41.75,898800,0.0,0.0
2022-06-07 00:00:00-04:00,40.56999969482422,41.97999954223633,39.709999084472656,41.29999923706055,692300,0.0,0.0
2022-06-08 00:00:00-04:00,41.29999923706055,43.29999923706055,41.29999923706055,41.810001373291016,522400,0.0,0.0
2022-06-09 00:00:00-04:00,41.150001525878906,41.84000015258789,40.19499969482422,40.43000030517578,628700,0.0,0.0
2022-06-10 00:00:00-04:00,39.20000076293945,39.86000061035156,37.65999984741211,37.900001525878906,679300,0.0,0.0
2022-06-13 00:00:00-04:00,35.75,36.630001068115234,33.61000061035156,34.11000061035156,855300,0.0,0.0
2022-06-14 00:00:00-04:00,34.630001068115234,35.20000076293945,33.029998779296875,33.7599983215332,771700,0.0,0.0
2022-06-15 00:00:00-04:00,33.72999954223633,36.630001068115234,33.72999954223633,35.90999984741211,785600,0.0,0.0
2022-06-16 00:00:00-04:00,34.369998931884766,34.599998474121094,31.729999542236328,32.63999938964844,1064000,0.0,0.0
2022-06-17 00:00:00-04:00,32.88999938964844,34.25,32.310001373291016,33.279998779296875,964800,0.0,0.0
2022-06-21 00:00:00-04:00,34.20000076293945,35.650001525878906,33.2599983215332,33.279998779296875,787300,0.0,0.0
2022-06-22 00:00:00-04:00,32.540000915527344,35.29999923706055,32.30099868774414,34.790000915527344,610300,0.0,0.0
2022-06-23 00:00:00-04:00,35.150001525878906,37.5099983215332,34.077999114990234,37.5,625600,0.0,0.0
2022-06-24 00:00:00-04:00,38.0,39.66999816894531,37.91999816894531,39.470001220703125,623800,0.0,0.0
2022-06-27 00:00:00-04:00,40.18000030517578,40.68000030517578,38.20000076293945,39.560001373291016,746300,0.0,0.0
2022-06-28 00:00:00-04:00,39.72999954223633,40.599998474121094,36.220001220703125,36.31999969482422,975400,0.0,0.0
2022-06-29 00:00:00-04:00,35.7400016784668,36.81999969482422,34.810001373291016,36.150001525878906,537300,0.0,0.0
2022-06-30 00:00:00-04:00,35.290000915527344,35.38999938964844,32.70000076293945,34.38999938964844,570200,0.0,0.0
2022-07-01 00:00:00-04:00,34.79999923706055,36.040000915527344,34.08000183105469,34.93000030517578,501800,0.0,0.0
2022-07-05 00:00:00-04:00,34.36000061035156,38.650001525878906,33.599998474121094,38.47999954223633,748900,0.0,0.0
2022-07-06 00:00:00-04:00,38.56999969482422,39.27000045776367,36.119998931884766,36.65999984741211,1085700,0.0,0.0
2022-07-07 00:00:00-04:00,36.779998779296875,39.5,36.165000915527344,39.41999816894531,807500,0.0,0.0
2022-07-08 00:00:00-04:00,38.31999969482422,39.68000030517578,37.880001068115234,39.2400016784668,666300,0.0,0.0
2022-07-11 00:00:00-04:00,38.439998626708984,38.959999084472656,35.2400016784668,35.540000915527344,829900,0.0,0.0
2022-07-12 00:00:00-04:00,35.65999984741211,36.70000076293945,34.11000061035156,34.439998626708984,562100,0.0,0.0
2022-07-13 00:00:00-04:00,33.0,34.77000045776367,32.16999816894531,32.970001220703125,631700,0.0,0.0
2022-07-14 00:00:00-04:00,32.47999954223633,32.959999084472656,31.15999984741211,31.34000015258789,759500,0.0,0.0
2022-07-15 00:00:00-04:00,31.5,32.71500015258789,30.399999618530273,31.170000076293945,832200,0.0,0.0
2022-07-18 00:00:00-04:00,32.43000030517578,34.2239990234375,31.415000915527344,31.65999984741211,1066000,0.0,0.0
2022-07-19 00:00:00-04:00,33.22999954223633,34.310001373291016,32.04999923706055,34.040000915527344,730600,0.0,0.0
2022-07-20 00:00:00-04:00,34.5099983215332,38.279998779296875,34.31999969482422,38.0,888400,0.0,0.0
2022-07-21 00:00:00-04:00,37.81999969482422,39.970001220703125,37.66999816894531,39.970001220703125,852400,0.0,0.0
2022-07-22 00:00:00-04:00,39.83000183105469,40.290000915527344,36.290000915527344,37.040000915527344,574300,0.0,0.0
2022-07-25 00:00:00-04:00,36.810001373291016,36.900001525878906,35.27000045776367,36.41999816894531,429900,0.0,0.0
2022-07-26 00:00:00-04:00,35.20000076293945,35.32500076293945,32.55500030517578,32.83000183105469,843700,0.0,0.0
2022-07-27 00:00:00-04:00,33.61000061035156,34.75,33.119998931884766,34.5099983215332,1029500,0.0,0.0
2022-07-28 00:00:00-04:00,34.150001525878906,35.625,31.520000457763672,32.40999984741211,1643300,0.0,0.0
2022-07-29 00:00:00-04:00,32.0,32.709999084472656,31.049999237060547,32.08000183105469,1181300,0.0,0.0
2022-08-01 00:00:00-04:00,32.08000183105469,32.92900085449219,30.799999237060547,32.349998474121094,1081300,0.0,0.0
2022-08-02 00:00:00-04:00,31.799999237060547,35.209999084472656,31.75,34.70000076293945,1375700,0.0,0.0
2022-08-03 00:00:00-04:00,35.54999923706055,37.45500183105469,35.279998779296875,37.06999969482422,1828900,0.0,0.0
2022-08-04 00:00:00-04:00,34.38999938964844,44.02000045776367,34.34000015258789,40.2400016784668,3540500,0.0,0.0
2022-08-05 00:00:00-04:00,39.349998474121094,42.20000076293945,38.599998474121094,40.04999923706055,979000,0.0,0.0
2022-08-08 00:00:00-04:00,40.380001068115234,42.77000045776367,40.099998474121094,42.58000183105469,1180200,0.0,0.0
2022-08-09 00:00:00-04:00,42.0,42.0,38.650001525878906,39.36000061035156,987900,0.0,0.0
2022-08-10 00:00:00-04:00,41.279998779296875,42.29999923706055,40.0099983215332,41.81999969482422,736800,0.0,0.0
2022-08-11 00:00:00-04:00,43.04999923706055,45.75,40.68000030517578,40.869998931884766,872800,0.0,0.0
2022-08-12 00:00:00-04:00,41.59000015258789,42.650001525878906,40.68000030517578,42.599998474121094,664000,0.0,0.0
2022-08-15 00:00:00-04:00,42.29999923706055,43.77000045776367,41.20500183105469,41.880001068115234,605600,0.0,0.0
2022-08-16 00:00:00-04:00,41.45000076293945,42.7599983215332,39.779998779296875,41.79999923706055,1040200,0.0,0.0
2022-08-17 00:00:00-04:00,40.150001525878906,40.5,38.60499954223633,38.970001220703125,813600,0.0,0.0
2022-08-18 00:00:00-04:00,38.7599983215332,39.880001068115234,37.560001373291016,39.70000076293945,568900,0.0,0.0
2022-08-19 00:00:00-04:00,38.5,38.59000015258789,35.86000061035156,36.29999923706055,903900,0.0,0.0
2022-08-22 00:00:00-04:00,35.0099983215332,36.470001220703125,34.810001373291016,35.560001373291016,664800,0.0,0.0
2022-08-23 00:00:00-04:00,35.5099983215332,36.099998474121094,34.880001068115234,35.439998626708984,653300,0.0,0.0
2022-08-24 00:00:00-04:00,35.77000045776367,38.42100143432617,35.77000045776367,37.310001373291016,702100,0.0,0.0
2022-08-25 00:00:00-04:00,38.15999984741211,39.902000427246094,38.15999984741211,38.9900016784668,1031200,0.0,0.0
2022-08-26 00:00:00-04:00,39.439998626708984,39.439998626708984,35.810001373291016,36.119998931884766,585300,0.0,0.0
2022-08-29 00:00:00-04:00,35.41999816894531,37.36000061035156,35.16999816894531,35.31999969482422,472200,0.0,0.0
2022-08-30 00:00:00-04:00,35.720001220703125,36.61000061035156,34.16999816894531,35.040000915527344,589600,0.0,0.0
2022-08-31 00:00:00-04:00,35.5,36.11000061035156,34.2400016784668,34.58000183105469,476600,0.0,0.0
2022-09-01 00:00:00-04:00,34.0,34.290000915527344,32.150001525878906,34.2599983215332,558800,0.0,0.0
2022-09-02 00:00:00-04:00,35.09000015258789,35.18000030517578,33.58000183105469,33.91999816894531,468500,0.0,0.0
2022-09-06 00:00:00-04:00,33.91999816894531,34.2400016784668,32.93000030517578,33.5,461100,0.0,0.0
2022-09-07 00:00:00-04:00,33.20000076293945,34.56999969482422,32.849998474121094,34.45000076293945,493700,0.0,0.0
2022-09-08 00:00:00-04:00,33.7599983215332,34.810001373291016,33.52000045776367,34.380001068115234,335900,0.0,0.0
2022-09-09 00:00:00-04:00,35.099998474121094,36.810001373291016,35.099998474121094,36.66999816894531,588800,0.0,0.0
2022-09-12 00:00:00-04:00,37.0,38.11000061035156,36.810001373291016,37.15999984741211,559000,0.0,0.0
2022-09-13 00:00:00-04:00,34.90999984741211,35.5,34.189998626708984,34.97999954223633,793900,0.0,0.0
2022-09-14 00:00:00-04:00,34.849998474121094,35.20500183105469,33.70000076293945,34.63999938964844,436800,0.0,0.0
2022-09-15 00:00:00-04:00,34.540000915527344,35.70000076293945,33.90999984741211,34.290000915527344,364600,0.0,0.0
2022-09-16 00:00:00-04:00,33.20000076293945,33.79999923706055,32.349998474121094,32.40999984741211,563200,0.0,0.0
2022-09-19 00:00:00-04:00,32.099998474121094,32.689998626708984,31.604999542236328,32.31999969482422,563000,0.0,0.0
2022-09-20 00:00:00-04:00,32.0,32.47999954223633,31.040000915527344,31.1299991607666,493300,0.0,0.0
2022-09-21 00:00:00-04:00,31.440000534057617,33.56999969482422,30.969999313354492,31.56999969482422,885500,0.0,0.0
2022-09-22 00:00:00-04:00,31.219999313354492,31.559999465942383,29.43000030517578,29.93000030517578,623500,0.0,0.0
2022-09-23 00:00:00-04:00,29.309999465942383,30.920000076293945,29.309999465942383,30.770000457763672,812900,0.0,0.0
2022-09-26 00:00:00-04:00,30.65999984741211,32.810001373291016,30.65999984741211,31.020000457763672,817900,0.0,0.0
2022-09-27 00:00:00-04:00,31.940000534057617,32.41999816894531,29.989999771118164,30.760000228881836,567900,0.0,0.0
2022-09-28 00:00:00-04:00,30.760000228881836,32.060001373291016,30.760000228881836,31.979999542236328,609100,0.0,0.0
2022-09-29 00:00:00-04:00,31.0,31.350000381469727,29.93000030517578,30.459999084472656,634300,0.0,0.0
2022-09-30 00:00:00-04:00,30.3799991607666,31.93000030517578,30.170000076293945,30.59000015258789,695300,0.0,0.0
2022-10-03 00:00:00-04:00,30.600000381469727,31.104999542236328,30.209999084472656,30.600000381469727,581800,0.0,0.0
2022-10-04 00:00:00-04:00,31.899999618530273,32.79999923706055,31.299999237060547,32.66999816894531,699900,0.0,0.0
2022-10-05 00:00:00-04:00,32.150001525878906,32.689998626708984,31.165000915527344,32.439998626708984,409900,0.0,0.0
2022-10-06 00:00:00-04:00,32.310001373291016,33.2400016784668,31.739999771118164,32.439998626708984,332200,0.0,0.0
2022-10-07 00:00:00-04:00,31.6299991607666,31.6299991607666,29.920000076293945,30.489999771118164,490900,0.0,0.0
2022-10-10 00:00:00-04:00,30.420000076293945,30.540000915527344,28.90999984741211,29.610000610351562,513300,0.0,0.0
2022-10-11 00:00:00-04:00,29.15999984741211,30.149999618530273,28.204999923706055,28.93000030517578,589300,0.0,0.0
2022-10-12 00:00:00-04:00,29.049999237060547,29.65999984741211,28.040000915527344,29.0,423300,0.0,0.0
2022-10-13 00:00:00-04:00,27.510000228881836,28.729999542236328,26.25,27.860000610351562,1354000,0.0,0.0
2022-10-14 00:00:00-04:00,28.540000915527344,28.979999542236328,26.399999618530273,26.459999084472656,468500,0.0,0.0
2022-10-17 00:00:00-04:00,27.270000457763672,29.079999923706055,27.270000457763672,28.049999237060547,597700,0.0,0.0
2022-10-18 00:00:00-04:00,29.25,29.8799991607666,28.06999969482422,28.719999313354492,445100,0.0,0.0
2022-10-19 00:00:00-04:00,28.1299991607666,28.299999237060547,26.75,27.0,629400,0.0,0.0
2022-10-20 00:00:00-04:00,27.09000015258789,28.799999237060547,27.083999633789062,27.559999465942383,434700,0.0,0.0
2022-10-21 00:00:00-04:00,27.209999084472656,28.573999404907227,26.65999984741211,28.489999771118164,509000,0.0,0.0
2022-10-24 00:00:00-04:00,28.40999984741211,28.719999313354492,26.700000762939453,28.6200008392334,574900,0.0,0.0
2022-10-25 00:00:00-04:00,28.969999313354492,30.659000396728516,28.969999313354492,30.149999618530273,648000,0.0,0.0
2022-10-26 00:00:00-04:00,29.530000686645508,31.700000762939453,28.959999084472656,30.270000457763672,547100,0.0,0.0
2022-10-27 00:00:00-04:00,30.420000076293945,31.589000701904297,30.270000457763672,30.729999542236328,659000,0.0,0.0
2022-10-28 00:00:00-04:00,30.729999542236328,31.549999237060547,29.84000015258789,31.510000228881836,417200,0.0,0.0
2022-10-31 00:00:00-04:00,31.229999542236328,31.520000457763672,30.559999465942383,30.950000762939453,452700,0.0,0.0
2022-11-01 00:00:00-04:00,31.889999389648438,32.5,30.479999542236328,30.75,411100,0.0,0.0
2022-11-02 00:00:00-04:00,30.760000228881836,30.90999984741211,28.5,28.559999465942383,591400,0.0,0.0
2022-11-03 00:00:00-04:00,28.0,29.59000015258789,27.649999618530273,28.299999237060547,445800,0.0,0.0
2022-11-04 00:00:00-04:00,28.799999237060547,28.8700008392334,26.649999618530273,27.549999237060547,575500,0.0,0.0
2022-11-07 00:00:00-05:00,27.93000030517578,28.229999542236328,26.155000686645508,27.350000381469727,652900,0.0,0.0
2022-11-08 00:00:00-05:00,27.489999771118164,28.6200008392334,26.6299991607666,28.420000076293945,1386000,0.0,0.0
2022-11-09 00:00:00-05:00,31.825000762939453,33.04999923706055,30.0,30.649999618530273,1988000,0.0,0.0
2022-11-10 00:00:00-05:00,32.9900016784668,36.02000045776367,31.729999542236328,35.95000076293945,1180900,0.0,0.0
2022-11-11 00:00:00-05:00,36.29999923706055,39.34000015258789,35.650001525878906,38.9900016784668,1213400,0.0,0.0
2022-11-14 00:00:00-05:00,38.38999938964844,39.20000076293945,36.564998626708984,36.720001220703125,806300,0.0,0.0
2022-11-15 00:00:00-05:00,38.400001525878906,41.474998474121094,38.400001525878906,39.84000015258789,1214200,0.0,0.0
2022-11-16 00:00:00-05:00,38.83000183105469,40.40700149536133,38.060001373291016,38.560001373291016,1074700,0.0,0.0
2022-11-17 00:00:00-05:00,37.130001068115234,39.04999923706055,36.63999938964844,38.5,578100,0.0,0.0
2022-11-18 00:00:00-05:00,39.15999984741211,39.724998474121094,36.625,37.150001525878906,535900,0.0,0.0
2022-11-21 00:00:00-05:00,36.599998474121094,36.775001525878906,34.54999923706055,34.97999954223633,510500,0.0,0.0
2022-11-22 00:00:00-05:00,34.779998779296875,35.07500076293945,33.61000061035156,34.61000061035156,476000,0.0,0.0
2022-11-23 00:00:00-05:00,34.66999816894531,35.81999969482422,33.939998626708984,35.7400016784668,518200,0.0,0.0
2022-11-25 00:00:00-05:00,35.349998474121094,35.59000015258789,34.70000076293945,35.09000015258789,208800,0.0,0.0
2022-11-28 00:00:00-05:00,34.7599983215332,35.69300079345703,33.939998626708984,34.189998626708984,451700,0.0,0.0
2022-11-29 00:00:00-05:00,34.349998474121094,35.37099838256836,33.04999923706055,33.130001068115234,326300,0.0,0.0
2022-11-30 00:00:00-05:00,33.040000915527344,35.220001220703125,32.779998779296875,35.16999816894531,616800,0.0,0.0
2022-12-01 00:00:00-05:00,35.41999816894531,36.5880012512207,34.77000045776367,35.36000061035156,565900,0.0,0.0
2022-12-02 00:00:00-05:00,34.0,34.9900016784668,33.68000030517578,33.86000061035156,623700,0.0,0.0
2022-12-05 00:00:00-05:00,33.400001525878906,33.86000061035156,32.040000915527344,32.279998779296875,573700,0.0,0.0
2022-12-06 00:00:00-05:00,32.31999969482422,32.474998474121094,30.899999618530273,31.600000381469727,592900,0.0,0.0
2022-12-07 00:00:00-05:00,31.100000381469727,31.670000076293945,30.538999557495117,30.850000381469727,422700,0.0,0.0
2022-12-08 00:00:00-05:00,31.010000228881836,32.25199890136719,30.075000762939453,31.350000381469727,313300,0.0,0.0
2022-12-09 00:00:00-05:00,30.709999084472656,31.740999221801758,30.40999984741211,30.950000762939453,303600,0.0,0.0
2022-12-12 00:00:00-05:00,30.450000762939453,31.850000381469727,30.260000228881836,31.1299991607666,574200,0.0,0.0
2022-12-13 00:00:00-05:00,34.029998779296875,34.400001525878906,31.40999984741211,31.719999313354492,715200,0.0,0.0
2022-12-14 00:00:00-05:00,31.75,33.527000427246094,31.5,32.90999984741211,680200,0.0,0.0
2022-12-15 00:00:00-05:00,32.2400016784668,32.459999084472656,30.549999237060547,30.8799991607666,691200,0.0,0.0
2022-12-16 00:00:00-05:00,30.799999237060547,31.270000457763672,29.59000015258789,29.920000076293945,469700,0.0,0.0
2022-12-19 00:00:00-05:00,30.030000686645508,30.229999542236328,29.270000457763672,29.549999237060547,488900,0.0,0.0
2022-12-20 00:00:00-05:00,29.200000762939453,30.027000427246094,29.079999923706055,29.729999542236328,396900,0.0,0.0
2022-12-21 00:00:00-05:00,29.799999237060547,30.402000427246094,29.350000381469727,30.059999465942383,354700,0.0,0.0
2022-12-22 00:00:00-05:00,29.459999084472656,29.959999084472656,29.0,29.90999984741211,411200,0.0,0.0
2022-12-23 00:00:00-05:00,29.639999389648438,29.709999084472656,28.829999923706055,29.25,297000,0.0,0.0
2022-12-27 00:00:00-05:00,28.799999237060547,28.899999618530273,27.799999237060547,28.700000762939453,509800,0.0,0.0
2022-12-28 00:00:00-05:00,28.450000762939453,28.70599937438965,27.309999465942383,28.040000915527344,548000,0.0,0.0
2022-12-29 00:00:00-05:00,28.5,29.469999313354492,28.280000686645508,28.969999313354492,621800,0.0,0.0
2022-12-30 00:00:00-05:00,28.25,29.559999465942383,28.1299991607666,29.139999389648438,500800,0.0,0.0
2023-01-03 00:00:00-05:00,29.989999771118164,30.3700008392334,28.479999542236328,28.670000076293945,513000,0.0,0.0
2023-01-04 00:00:00-05:00,29.440000534057617,30.229999542236328,28.579999923706055,29.920000076293945,701700,0.0,0.0
2023-01-05 00:00:00-05:00,29.489999771118164,29.739999771118164,28.777000427246094,29.350000381469727,382000,0.0,0.0
2023-01-06 00:00:00-05:00,29.18000030517578,29.290000915527344,28.010000228881836,29.030000686645508,435900,0.0,0.0
2023-01-09 00:00:00-05:00,29.739999771118164,30.415000915527344,29.440000534057617,29.540000915527344,696400,0.0,0.0
2023-01-10 00:00:00-05:00,29.780000686645508,30.850000381469727,29.559999465942383,30.639999389648438,421700,0.0,0.0
2023-01-11 00:00:00-05:00,31.0,32.630001068115234,30.510000228881836,32.630001068115234,562300,0.0,0.0
2023-01-12 00:00:00-05:00,33.0,33.689998626708984,31.5,33.5,616400,0.0,0.0
2023-01-13 00:00:00-05:00,33.0,33.9900016784668,32.779998779296875,33.2400016784668,373400,0.0,0.0
2023-01-17 00:00:00-05:00,32.9900016784668,34.38999938964844,32.529998779296875,34.189998626708984,522400,0.0,0.0
2023-01-18 00:00:00-05:00,34.900001525878906,35.25,33.189998626708984,33.279998779296875,506200,0.0,0.0
2023-01-19 00:00:00-05:00,33.0,33.47999954223633,32.61000061035156,32.900001525878906,492000,0.0,0.0
2023-01-20 00:00:00-05:00,33.11000061035156,34.099998474121094,33.0099983215332,33.93000030517578,610600,0.0,0.0
2023-01-23 00:00:00-05:00,34.099998474121094,36.099998474121094,34.040000915527344,36.0099983215332,646600,0.0,0.0
2023-01-24 00:00:00-05:00,36.0099983215332,37.03499984741211,35.540000915527344,36.68000030517578,490800,0.0,0.0
2023-01-25 00:00:00-05:00,35.470001220703125,36.25,34.749000549316406,35.31999969482422,482600,0.0,0.0
2023-01-26 00:00:00-05:00,36.400001525878906,36.54999923706055,33.77000045776367,34.79999923706055,568000,0.0,0.0
2023-01-27 00:00:00-05:00,34.880001068115234,37.790000915527344,34.81999969482422,37.2599983215332,570400,0.0,0.0
2023-01-30 00:00:00-05:00,36.5,36.95000076293945,35.099998474121094,35.11000061035156,496400,0.0,0.0
2023-01-31 00:00:00-05:00,35.31999969482422,37.25400161743164,35.220001220703125,37.09000015258789,502700,0.0,0.0
2023-02-01 00:00:00-05:00,36.91999816894531,39.540000915527344,36.7400016784668,39.20000076293945,815800,0.0,0.0
2023-02-02 00:00:00-05:00,40.349998474121094,47.65999984741211,40.345001220703125,46.709999084472656,2311800,0.0,0.0
2023-02-03 00:00:00-05:00,44.81999969482422,47.14899826049805,43.540000915527344,43.97999954223633,1033600,0.0,0.0
2023-02-06 00:00:00-05:00,43.290000915527344,44.97999954223633,42.61800003051758,44.349998474121094,609400,0.0,0.0
2023-02-07 00:00:00-05:00,44.349998474121094,44.849998474121094,42.845001220703125,44.619998931884766,566600,0.0,0.0
2023-02-08 00:00:00-05:00,44.59000015258789,45.290000915527344,42.880001068115234,43.09000015258789,381900,0.0,0.0
2023-02-09 00:00:00-05:00,43.77000045776367,44.290000915527344,40.61000061035156,40.63999938964844,547800,0.0,0.0
2023-02-10 00:00:00-05:00,40.0,40.44200134277344,38.86000061035156,39.08000183105469,339100,0.0,0.0
2023-02-13 00:00:00-05:00,39.130001068115234,39.4900016784668,38.25,38.849998474121094,426900,0.0,0.0
2023-02-14 00:00:00-05:00,38.470001220703125,40.11000061035156,37.7599983215332,39.43000030517578,336800,0.0,0.0
2023-02-15 00:00:00-05:00,39.7599983215332,42.810001373291016,39.68899917602539,42.63999938964844,663900,0.0,0.0
2023-02-16 00:00:00-05:00,40.849998474121094,42.72999954223633,39.810001373291016,39.95000076293945,845300,0.0,0.0
2023-02-17 00:00:00-05:00,39.61000061035156,39.66999816894531,38.5,39.349998474121094,569800,0.0,0.0
2023-02-21 00:00:00-05:00,38.59000015258789,39.0099983215332,37.7400016784668,37.77000045776367,965600,0.0,0.0
2023-02-22 00:00:00-05:00,43.970001220703125,46.880001068115234,42.4900016784668,44.88999938964844,2742900,0.0,0.0
2023-02-23 00:00:00-05:00,46.2400016784668,46.25,41.25,42.43000030517578,1284500,0.0,0.0
2023-02-24 00:00:00-05:00,41.4900016784668,41.9900016784668,39.68000030517578,39.97999954223633,730000,0.0,0.0
2023-02-27 00:00:00-05:00,40.5,40.59700012207031,39.310001373291016,39.540000915527344,402800,0.0,0.0
2023-02-28 00:00:00-05:00,39.380001068115234,40.47999954223633,39.22999954223633,39.61000061035156,460800,0.0,0.0
2023-03-01 00:00:00-05:00,39.81999969482422,39.95000076293945,39.1349983215332,39.209999084472656,508200,0.0,0.0
2023-03-02 00:00:00-05:00,38.4900016784668,39.59000015258789,38.29999923706055,39.150001525878906,427000,0.0,0.0
2023-03-03 00:00:00-05:00,39.279998779296875,40.81999969482422,39.279998779296875,40.52000045776367,429400,0.0,0.0
2023-03-06 00:00:00-05:00,40.599998474121094,41.220001220703125,39.119998931884766,39.119998931884766,436800,0.0,0.0
2023-03-07 00:00:00-05:00,39.20000076293945,40.18299865722656,38.599998474121094,39.209999084472656,349200,0.0,0.0
2023-03-08 00:00:00-05:00,39.040000915527344,39.13999938964844,38.130001068115234,38.33000183105469,346300,0.0,0.0
2023-03-09 00:00:00-05:00,38.290000915527344,38.41999816894531,36.15999984741211,36.380001068115234,500800,0.0,0.0
2023-03-10 00:00:00-05:00,36.099998474121094,36.404998779296875,34.220001220703125,34.619998931884766,564700,0.0,0.0
2023-03-13 00:00:00-04:00,34.0,35.095001220703125,32.95000076293945,34.470001220703125,643800,0.0,0.0
2023-03-14 00:00:00-04:00,35.79999923706055,36.189998626708984,34.15999984741211,34.58000183105469,518100,0.0,0.0
2023-03-15 00:00:00-04:00,33.63999938964844,34.11000061035156,32.86000061035156,34.04999923706055,553000,0.0,0.0
2023-03-16 00:00:00-04:00,34.06999969482422,35.52000045776367,33.150001525878906,35.20000076293945,556800,0.0,0.0
2023-03-17 00:00:00-04:00,34.790000915527344,35.14899826049805,33.130001068115234,33.2400016784668,479100,0.0,0.0
2023-03-20 00:00:00-04:00,33.0099983215332,33.310001373291016,32.150001525878906,32.869998931884766,393400,0.0,0.0
2023-03-21 00:00:00-04:00,33.529998779296875,34.43000030517578,33.45000076293945,34.25,419700,0.0,0.0
2023-03-22 00:00:00-04:00,34.16999816894531,34.987998962402344,33.560001373291016,33.849998474121094,433800,0.0,0.0
2023-03-23 00:00:00-04:00,34.279998779296875,35.400001525878906,33.81999969482422,34.310001373291016,432500,0.0,0.0
2023-03-24 00:00:00-04:00,34.08000183105469,35.040000915527344,33.584999084472656,34.18000030517578,402100,0.0,0.0
2023-03-27 00:00:00-04:00,34.63999938964844,34.66999816894531,32.88999938964844,33.56999969482422,402300,0.0,0.0
2023-03-28 00:00:00-04:00,33.474998474121094,33.540000915527344,32.79999923706055,33.22999954223633,458500,0.0,0.0
2023-03-29 00:00:00-04:00,33.66999816894531,33.869998931884766,32.959999084472656,33.2400016784668,329800,0.0,0.0
2023-03-30 00:00:00-04:00,33.689998626708984,33.90999984741211,32.7400016784668,33.900001525878906,557000,0.0,0.0
2023-03-31 00:00:00-04:00,34.290000915527344,35.880001068115234,33.9900016784668,34.91999816894531,547000,0.0,0.0
2023-04-03 00:00:00-04:00,34.2400016784668,34.845001220703125,33.54999923706055,34.2599983215332,331900,0.0,0.0
2023-04-04 00:00:00-04:00,34.38999938964844,35.099998474121094,33.79999923706055,34.81999969482422,448000,0.0,0.0
2023-04-05 00:00:00-04:00,34.38999938964844,34.63999938964844,33.3650016784668,34.029998779296875,1394900,0.0,0.0
2023-04-06 00:00:00-04:00,33.849998474121094,34.88999938964844,32.880001068115234,34.529998779296875,481100,0.0,0.0
2023-04-10 00:00:00-04:00,35.11000061035156,35.369998931884766,34.310001373291016,35.04999923706055,434900,0.0,0.0
2023-04-11 00:00:00-04:00,35.119998931884766,35.790000915527344,34.869998931884766,35.43000030517578,527100,0.0,0.0
2023-04-12 00:00:00-04:00,36.22999954223633,36.75,34.650001525878906,34.83000183105469,590500,0.0,0.0
2023-04-13 00:00:00-04:00,35.43000030517578,36.6349983215332,35.060001373291016,35.79999923706055,381400,0.0,0.0
2023-04-14 00:00:00-04:00,35.66999816894531,36.189998626708984,35.404998779296875,35.790000915527344,364600,0.0,0.0
2023-04-17 00:00:00-04:00,35.79999923706055,36.3650016784668,35.58000183105469,35.7400016784668,322400,0.0,0.0
2023-04-18 00:00:00-04:00,36.220001220703125,36.31999969482422,35.63999938964844,35.810001373291016,374400,0.0,0.0
2023-04-19 00:00:00-04:00,35.060001373291016,36.220001220703125,35.0,35.75,341300,0.0,0.0
2023-04-20 00:00:00-04:00,35.130001068115234,36.4900016784668,35.099998474121094,35.66999816894531,446000,0.0,0.0
2023-04-21 00:00:00-04:00,35.77000045776367,37.0099983215332,35.5099983215332,36.77000045776367,581900,0.0,0.0
2023-04-24 00:00:00-04:00,36.77000045776367,37.18000030517578,35.29999923706055,35.77000045776367,469800,0.0,0.0
2023-04-25 00:00:00-04:00,35.45000076293945,35.70500183105469,33.709999084472656,33.83000183105469,402800,0.0,0.0
2023-04-26 00:00:00-04:00,34.189998626708984,34.4900016784668,33.119998931884766,33.290000915527344,349400,0.0,0.0
2023-04-27 00:00:00-04:00,33.939998626708984,35.560001373291016,33.77000045776367,35.0,474900,0.0,0.0
2023-04-28 00:00:00-04:00,34.68000030517578,36.8650016784668,34.68000030517578,36.52000045776367,653000,0.0,0.0
2023-05-01 00:00:00-04:00,36.25,36.880001068115234,35.84000015258789,36.20000076293945,356000,0.0,0.0
2023-05-02 00:00:00-04:00,36.13999938964844,36.33000183105469,30.68000030517578,30.90999984741211,1242700,0.0,0.0
2023-05-03 00:00:00-04:00,31.010000228881836,31.440000534057617,26.700000762939453,27.920000076293945,4142600,0.0,0.0
2023-05-04 00:00:00-04:00,26.989999771118164,27.479999542236328,26.200000762939453,26.389999389648438,1626300,0.0,0.0
2023-05-05 00:00:00-04:00,26.770000457763672,27.315000534057617,26.510000228881836,26.760000228881836,920300,0.0,0.0
2023-05-08 00:00:00-04:00,27.219999313354492,28.690000534057617,27.1200008392334,28.049999237060547,1040100,0.0,0.0
2023-05-09 00:00:00-04:00,27.6299991607666,28.790000915527344,27.326000213623047,28.780000686645508,727300,0.0,0.0
2023-05-10 00:00:00-04:00,28.989999771118164,29.635000228881836,28.5,28.68000030517578,1195900,0.0,0.0
2023-05-11 00:00:00-04:00,30.579999923706055,32.25,27.34000015258789,28.1299991607666,2800900,0.0,0.0
2023-05-12 00:00:00-04:00,28.239999771118164,30.219999313354492,27.75,27.940000534057617,831900,0.0,0.0
2023-05-15 00:00:00-04:00,27.860000610351562,29.049999237060547,27.760000228881836,28.600000381469727,871600,0.0,0.0
2023-05-16 00:00:00-04:00,28.229999542236328,28.5,27.979999542236328,28.110000610351562,402200,0.0,0.0
2023-05-17 00:00:00-04:00,28.170000076293945,28.809999465942383,27.834999084472656,28.290000915527344,428200,0.0,0.0
2023-05-18 00:00:00-04:00,28.190000534057617,28.770000457763672,27.940000534057617,28.399999618530273,365100,0.0,0.0
2023-05-19 00:00:00-04:00,28.610000610351562,28.610000610351562,27.469999313354492,27.84000015258789,511600,0.0,0.0
2023-05-22 00:00:00-04:00,27.889999389648438,29.35300064086914,27.549999237060547,28.860000610351562,571200,0.0,0.0
2023-05-23 00:00:00-04:00,28.59000015258789,29.56999969482422,28.284000396728516,28.459999084472656,607200,0.0,0.0
2023-05-24 00:00:00-04:00,28.079999923706055,28.66699981689453,27.809999465942383,28.18000030517578,380700,0.0,0.0
2023-05-25 00:00:00-04:00,28.100000381469727,28.489999771118164,26.700000762939453,26.969999313354492,684300,0.0,0.0
2023-05-26 00:00:00-04:00,27.079999923706055,27.229999542236328,26.1299991607666,26.280000686645508,1107000,0.0,0.0
2023-05-30 00:00:00-04:00,26.979999542236328,27.187000274658203,25.81999969482422,26.3799991607666,1237200,0.0,0.0
2023-05-31 00:00:00-04:00,26.299999237060547,26.559999465942383,25.760000228881836,26.190000534057617,1080900,0.0,0.0
2023-06-01 00:00:00-04:00,25.799999237060547,26.610000610351562,25.469999313354492,26.399999618530273,1408200,0.0,0.0
2023-06-02 00:00:00-04:00,26.899999618530273,27.600000381469727,26.1200008392334,27.149999618530273,1291500,0.0,0.0
2023-06-05 00:00:00-04:00,27.219999313354492,27.600000381469727,26.799999237060547,27.06999969482422,485500,0.0,0.0
2023-06-06 00:00:00-04:00,27.010000228881836,29.09000015258789,26.950000762939453,28.489999771118164,899100,0.0,0.0
2023-06-07 00:00:00-04:00,28.799999237060547,29.219999313354492,28.139999389648438,28.59000015258789,741500,0.0,0.0
2023-06-08 00:00:00-04:00,28.469999313354492,28.520000457763672,27.56999969482422,27.690000534057617,544600,0.0,0.0
2023-06-09 00:00:00-04:00,27.989999771118164,28.84000015258789,27.600000381469727,27.639999389648438,606500,0.0,0.0
2023-06-12 00:00:00-04:00,27.770000457763672,28.950000762939453,27.610000610351562,28.950000762939453,774600,0.0,0.0
2023-06-13 00:00:00-04:00,29.399999618530273,30.639999389648438,28.600000381469727,30.59000015258789,1056700,0.0,0.0
2023-06-14 00:00:00-04:00,30.600000381469727,30.6299991607666,28.510000228881836,29.1200008392334,984100,0.0,0.0
2023-06-15 00:00:00-04:00,28.6200008392334,30.149999618530273,28.350000381469727,29.889999389648438,890800,0.0,0.0
2023-06-16 00:00:00-04:00,30.190000534057617,30.25,29.18000030517578,29.219999313354492,812100,0.0,0.0
2023-06-20 00:00:00-04:00,28.989999771118164,29.40999984741211,27.549999237060547,27.979999542236328,722600,0.0,0.0
2023-06-21 00:00:00-04:00,27.600000381469727,27.850000381469727,26.809999465942383,27.399999618530273,695300,0.0,0.0
2023-06-22 00:00:00-04:00,27.200000762939453,27.299999237060547,26.649999618530273,26.700000762939453,705700,0.0,0.0
2023-06-23 00:00:00-04:00,26.450000762939453,26.760000228881836,25.8799991607666,26.040000915527344,859500,0.0,0.0
2023-06-26 00:00:00-04:00,26.030000686645508,26.350000381469727,25.075000762939453,25.209999084472656,915500,0.0,0.0
2023-06-27 00:00:00-04:00,25.489999771118164,26.34000015258789,24.899999618530273,25.639999389648438,905500,0.0,0.0
2023-06-28 00:00:00-04:00,25.670000076293945,26.110000610351562,25.459999084472656,25.899999618530273,472700,0.0,0.0
2023-06-29 00:00:00-04:00,26.0,26.1299991607666,25.450000762939453,25.6299991607666,606800,0.0,0.0
2023-06-30 00:00:00-04:00,26.09000015258789,26.639999389648438,25.799999237060547,26.010000228881836,695100,0.0,0.0
2023-07-03 00:00:00-04:00,26.290000915527344,27.329999923706055,26.290000915527344,27.280000686645508,510400,0.0,0.0
2023-07-05 00:00:00-04:00,27.100000381469727,27.260000228881836,26.219999313354492,26.489999771118164,1180700,0.0,0.0
2023-07-06 00:00:00-04:00,25.790000915527344,25.790000915527344,24.579999923706055,24.950000762939453,1073300,0.0,0.0
2023-07-07 00:00:00-04:00,25.139999389648438,25.700000762939453,24.93000030517578,25.40999984741211,1003900,0.0,0.0
2023-07-10 00:00:00-04:00,25.25,26.290000915527344,25.125,26.079999923706055,589300,0.0,0.0
2023-07-11 00:00:00-04:00,26.290000915527344,27.530000686645508,26.100000381469727,27.469999313354492,791200,0.0,0.0
2023-07-12 00:00:00-04:00,28.270000457763672,28.479999542236328,27.584999084472656,28.200000762939453,889700,0.0,0.0
2023-07-13 00:00:00-04:00,28.5,30.579999923706055,28.5,30.350000381469727,1514500,0.0,0.0
2023-07-14 00:00:00-04:00,30.09000015258789,30.4689998626709,29.131000518798828,29.299999237060547,953500,0.0,0.0
2023-07-17 00:00:00-04:00,29.25,30.739999771118164,28.891000747680664,30.469999313354492,877100,0.0,0.0
2023-07-18 00:00:00-04:00,30.739999771118164,31.514999389648438,30.420000076293945,30.850000381469727,1009100,0.0,0.0
2023-07-19 00:00:00-04:00,31.450000762939453,32.11000061035156,30.600000381469727,30.920000076293945,944900,0.0,0.0
2023-07-20 00:00:00-04:00,30.579999923706055,31.350000381469727,29.31999969482422,29.3799991607666,1085300,0.0,0.0
2023-07-21 00:00:00-04:00,29.670000076293945,30.0,28.950000762939453,29.309999465942383,695500,0.0,0.0
2023-07-24 00:00:00-04:00,29.329999923706055,29.690000534057617,28.3799991607666,28.530000686645508,538800,0.0,0.0
2023-07-25 00:00:00-04:00,28.6200008392334,29.3799991607666,28.549999237060547,28.600000381469727,491400,0.0,0.0
2023-07-26 00:00:00-04:00,28.43000030517578,29.389999389648438,28.336999893188477,29.270000457763672,440100,0.0,0.0
2023-07-27 00:00:00-04:00,29.690000534057617,29.8799991607666,27.450000762939453,27.59000015258789,718400,0.0,0.0
2023-07-28 00:00:00-04:00,28.280000686645508,29.079999923706055,28.059999465942383,29.06999969482422,646700,0.0,0.0
2023-07-31 00:00:00-04:00,29.43000030517578,30.440000534057617,29.34000015258789,30.139999389648438,731100,0.0,0.0
2023-08-01 00:00:00-04:00,29.889999389648438,29.899999618530273,28.850000381469727,29.510000228881836,635200,0.0,0.0
2023-08-02 00:00:00-04:00,28.639999389648438,28.860000610351562,27.760000228881836,28.549999237060547,965400,0.0,0.0
2023-08-03 00:00:00-04:00,31.0,34.36000061035156,30.540000915527344,33.599998474121094,2423900,0.0,0.0
2023-08-04 00:00:00-04:00,34.0,34.4900016784668,31.360000610351562,31.860000610351562,1553900,0.0,0.0
2023-08-07 00:00:00-04:00,32.0,32.13999938964844,30.84000015258789,31.790000915527344,778100,0.0,0.0
2023-08-08 00:00:00-04:00,30.959999084472656,31.329999923706055,30.190000534057617,31.09000015258789,723700,0.0,0.0
2023-08-09 00:00:00-04:00,31.030000686645508,31.187000274658203,29.795000076293945,29.989999771118164,730400,0.0,0.0
2023-08-10 00:00:00-04:00,30.489999771118164,31.385000228881836,29.850000381469727,30.200000762939453,1154100,0.0,0.0
2023-08-11 00:00:00-04:00,29.360000610351562,30.139999389648438,29.18000030517578,29.700000762939453,649900,0.0,0.0
2023-08-14 00:00:00-04:00,29.239999771118164,29.780000686645508,28.81999969482422,29.639999389648438,430900,0.0,0.0
2023-08-15 00:00:00-04:00,29.209999084472656,30.18000030517578,28.801000595092773,29.59000015258789,509900,0.0,0.0
2023-08-16 00:00:00-04:00,29.100000381469727,29.270000457763672,28.520000457763672,28.520000457763672,572900,0.0,0.0
2023-08-17 00:00:00-04:00,28.600000381469727,28.797000885009766,28.049999237060547,28.229999542236328,551900,0.0,0.0
2023-08-18 00:00:00-04:00,27.639999389648438,28.3700008392334,27.458999633789062,28.100000381469727,342000,0.0,0.0
2023-08-21 00:00:00-04:00,27.93000030517578,28.0,26.8799991607666,27.06999969482422,597200,0.0,0.0
2023-08-22 00:00:00-04:00,27.239999771118164,27.600000381469727,26.65999984741211,27.450000762939453,453700,0.0,0.0
2023-08-23 00:00:00-04:00,27.34000015258789,28.44499969482422,27.079999923706055,28.290000915527344,387200,0.0,0.0
2023-08-24 00:00:00-04:00,28.5,28.700000762939453,27.520000457763672,27.59000015258789,408600,0.0,0.0
2023-08-25 00:00:00-04:00,27.540000915527344,27.90999984741211,27.299999237060547,27.579999923706055,449400,0.0,0.0
2023-08-28 00:00:00-04:00,27.75,27.75,26.809999465942383,27.049999237060547,454600,0.0,0.0
2023-08-29 00:00:00-04:00,27.15999984741211,28.110000610351562,26.860000610351562,28.100000381469727,377900,0.0,0.0
2023-08-30 00:00:00-04:00,27.969999313354492,28.3700008392334,27.520000457763672,28.360000610351562,423400,0.0,0.0
2023-08-31 00:00:00-04:00,28.40999984741211,28.850000381469727,28.100000381469727,28.149999618530273,325400,0.0,0.0
2023-09-01 00:00:00-04:00,28.299999237060547,28.75,27.739999771118164,28.09000015258789,361200,0.0,0.0
2023-09-05 00:00:00-04:00,27.989999771118164,29.6200008392334,27.979999542236328,29.389999389648438,563400,0.0,0.0
2023-09-06 00:00:00-04:00,29.280000686645508,29.989999771118164,28.799999237060547,29.809999465942383,801300,0.0,0.0
2023-09-07 00:00:00-04:00,28.8700008392334,29.739999771118164,27.989999771118164,29.270000457763672,656800,0.0,0.0
2023-09-08 00:00:00-04:00,29.100000381469727,29.469999313354492,28.350000381469727,29.149999618530273,701000,0.0,0.0
2023-09-11 00:00:00-04:00,29.5,29.59000015258789,28.280000686645508,28.440000534057617,441500,0.0,0.0
2023-09-12 00:00:00-04:00,28.079999923706055,28.8700008392334,28.0,28.280000686645508,766300,0.0,0.0
2023-09-13 00:00:00-04:00,28.149999618530273,28.312999725341797,27.56999969482422,28.09000015258789,568300,0.0,0.0
2023-09-14 00:00:00-04:00,28.229999542236328,29.239999771118164,28.08099937438965,29.18000030517578,835300,0.0,0.0
2023-09-15 00:00:00-04:00,29.15999984741211,29.489999771118164,27.75,28.040000915527344,531900,0.0,0.0
2023-09-18 00:00:00-04:00,27.440000534057617,27.922000885009766,26.209999084472656,26.229999542236328,1288600,0.0,0.0
2023-09-19 00:00:00-04:00,26.09000015258789,26.459999084472656,25.850000381469727,26.139999389648438,758000,0.0,0.0
2023-09-20 00:00:00-04:00,26.290000915527344,26.75,25.815000534057617,25.899999618530273,565900,0.0,0.0
2023-09-21 00:00:00-04:00,25.329999923706055,25.760000228881836,23.610000610351562,23.809999465942383,1310200,0.0,0.0
2023-09-22 00:00:00-04:00,24.18000030517578,24.479999542236328,23.979999542236328,24.25,783800,0.0,0.0
2023-09-25 00:00:00-04:00,23.979999542236328,24.290000915527344,23.639999389648438,24.049999237060547,710500,0.0,0.0
2023-09-26 00:00:00-04:00,23.799999237060547,24.1200008392334,23.71500015258789,23.850000381469727,582300,0.0,0.0
2023-09-27 00:00:00-04:00,24.18000030517578,24.270999908447266,23.049999237060547,23.469999313354492,593900,0.0,0.0
2023-09-28 00:00:00-04:00,23.5,24.110000610351562,23.149999618530273,23.809999465942383,441600,0.0,0.0
2023-09-29 00:00:00-04:00,24.200000762939453,24.790000915527344,23.860000610351562,24.469999313354492,685600,0.0,0.0
2023-10-02 00:00:00-04:00,24.290000915527344,24.6200008392334,23.860000610351562,24.049999237060547,404200,0.0,0.0
2023-10-03 00:00:00-04:00,24.690000534057617,25.75,24.09000015258789,24.15999984741211,939000,0.0,0.0
2023-10-04 00:00:00-04:00,24.81999969482422,25.183000564575195,24.21500015258789,24.75,759500,0.0,0.0
2023-10-05 00:00:00-04:00,24.59000015258789,24.59000015258789,23.774999618530273,23.989999771118164,781900,0.0,0.0
2023-10-06 00:00:00-04:00,23.600000381469727,24.614999771118164,23.350000381469727,24.59000015258789,890400,0.0,0.0
2023-10-09 00:00:00-04:00,24.360000610351562,24.459999084472656,23.450000762939453,23.8700008392334,744800,0.0,0.0
2023-10-10 00:00:00-04:00,24.40999984741211,26.059999465942383,24.270000457763672,25.639999389648438,1116800,0.0,0.0
2023-10-11 00:00:00-04:00,25.799999237060547,26.299999237060547,25.649999618530273,26.1200008392334,568100,0.0,0.0
2023-10-12 00:00:00-04:00,26.06999969482422,26.06999969482422,24.989999771118164,25.040000915527344,521600,0.0,0.0
2023-10-13 00:00:00-04:00,24.8700008392334,24.959999084472656,23.790000915527344,24.049999237060547,577400,0.0,0.0
2023-10-16 00:00:00-04:00,24.15999984741211,24.540000915527344,23.850000381469727,24.309999465942383,594500,0.0,0.0
2023-10-17 00:00:00-04:00,23.959999084472656,25.3700008392334,23.93000030517578,24.6299991607666,377500,0.0,0.0
2023-10-18 00:00:00-04:00,24.309999465942383,24.520000457763672,23.799999237060547,23.81999969482422,468800,0.0,0.0
2023-10-19 00:00:00-04:00,23.729999542236328,24.649999618530273,23.40999984741211,23.979999542236328,426500,0.0,0.0
2023-10-20 00:00:00-04:00,23.600000381469727,23.93000030517578,22.489999771118164,22.549999237060547,692300,0.0,0.0
2023-10-23 00:00:00-04:00,22.270000457763672,23.479999542236328,22.059999465942383,23.18000030517578,600200,0.0,0.0
2023-10-24 00:00:00-04:00,23.649999618530273,24.549999237060547,23.649999618530273,24.059999465942383,509500,0.0,0.0
2023-10-25 00:00:00-04:00,23.774999618530273,23.774999618530273,22.149999618530273,22.149999618530273,564600,0.0,0.0
2023-10-26 00:00:00-04:00,22.299999237060547,22.579999923706055,21.829999923706055,22.200000762939453,474700,0.0,0.0
2023-10-27 00:00:00-04:00,22.549999237060547,22.56999969482422,21.059999465942383,21.239999771118164,766400,0.0,0.0
2023-10-30 00:00:00-04:00,21.579999923706055,21.729999542236328,21.040000915527344,21.110000610351562,632900,0.0,0.0
2023-10-31 00:00:00-04:00,21.219999313354492,21.415000915527344,20.84000015258789,21.170000076293945,566200,0.0,0.0
2023-11-01 00:00:00-04:00,21.049999237060547,21.15999984741211,20.040000915527344,20.5,894400,0.0,0.0
2023-11-02 00:00:00-04:00,20.75,21.479999542236328,20.68000030517578,21.329999923706055,1126600,0.0,0.0
2023-11-03 00:00:00-04:00,21.700000762939453,22.760000228881836,21.58300018310547,22.219999313354492,1252100,0.0,0.0
2023-11-06 00:00:00-05:00,22.399999618530273,22.579999923706055,21.549999237060547,21.65999984741211,902500,0.0,0.0
2023-11-07 00:00:00-05:00,21.829999923706055,24.510000228881836,21.829999923706055,24.049999237060547,1338500,0.0,0.0
2023-11-08 00:00:00-05:00,24.809999465942383,25.190000534057617,23.899999618530273,24.079999923706055,2696800,0.0,0.0
2023-11-09 00:00:00-05:00,22.040000915527344,24.459999084472656,21.899999618530273,22.799999237060547,2068900,0.0,0.0
2023-11-10 00:00:00-05:00,22.579999923706055,22.591999053955078,21.670000076293945,21.850000381469727,992400,0.0,0.0
2023-11-13 00:00:00-05:00,21.549999237060547,21.940000534057617,20.959999084472656,21.610000610351562,844900,0.0,0.0
2023-11-14 00:00:00-05:00,22.450000762939453,23.469999313354492,22.18000030517578,23.270000457763672,806600,0.0,0.0
2023-11-15 00:00:00-05:00,23.549999237060547,25.09000015258789,23.200000762939453,24.75,1163800,0.0,0.0
2023-11-16 00:00:00-05:00,24.5,24.729999542236328,23.5,23.649999618530273,652800,0.0,0.0
2023-11-17 00:00:00-05:00,23.729999542236328,24.079999923706055,23.260000228881836,23.850000381469727,583100,0.0,0.0
2023-11-20 00:00:00-05:00,23.81999969482422,24.43000030517578,23.559999465942383,23.979999542236328,546800,0.0,0.0
2023-11-21 00:00:00-05:00,23.579999923706055,23.639999389648438,22.3700008392334,22.65999984741211,717600,0.0,0.0
2023-11-22 00:00:00-05:00,23.0,23.540000915527344,22.959999084472656,23.010000228881836,546000,0.0,0.0
2023-11-24 00:00:00-05:00,23.030000686645508,23.219999313354492,22.739999771118164,22.860000610351562,246800,0.0,0.0
2023-11-27 00:00:00-05:00,22.899999618530273,23.8700008392334,22.670000076293945,23.5,725400,0.0,0.0
2023-11-28 00:00:00-05:00,23.329999923706055,24.219999313354492,23.100000381469727,24.219999313354492,619800,0.0,0.0
2023-11-29 00:00:00-05:00,24.600000381469727,26.530000686645508,24.600000381469727,25.889999389648438,1390000,0.0,0.0
2023-11-30 00:00:00-05:00,26.360000610351562,26.520000457763672,25.5,26.09000015258789,985600,0.0,0.0
2023-12-01 00:00:00-05:00,26.0,27.389999389648438,25.61400032043457,27.329999923706055,1060000,0.0,0.0
2023-12-04 00:00:00-05:00,27.280000686645508,27.989999771118164,26.899999618530273,27.15999984741211,866600,0.0,0.0
2023-12-05 00:00:00-05:00,27.020000457763672,27.020000457763672,25.549999237060547,26.09000015258789,1085100,0.0,0.0
2023-12-06 00:00:00-05:00,26.510000228881836,27.190000534057617,26.145000457763672,26.639999389648438,604500,0.0,0.0
2023-12-07 00:00:00-05:00,26.59000015258789,26.760000228881836,26.200000762939453,26.489999771118164,399900,0.0,0.0
2023-12-08 00:00:00-05:00,26.360000610351562,27.049999237060547,26.31999969482422,26.65999984741211,510200,0.0,0.0
2023-12-11 00:00:00-05:00,26.450000762939453,27.54599952697754,26.450000762939453,27.1299991607666,572800,0.0,0.0
2023-12-12 00:00:00-05:00,27.020000457763672,27.1299991607666,26.290000915527344,26.530000686645508,488800,0.0,0.0
2023-12-13 00:00:00-05:00,26.5,27.989999771118164,25.8799991607666,27.90999984741211,732300,0.0,0.0
2023-12-14 00:00:00-05:00,28.989999771118164,30.565000534057617,28.670000076293945,28.899999618530273,1352300,0.0,0.0
2023-12-15 00:00:00-05:00,29.3799991607666,29.5,28.030000686645508,28.209999084472656,655500,0.0,0.0
2023-12-18 00:00:00-05:00,28.209999084472656,28.700000762939453,27.799999237060547,27.989999771118164,873900,0.0,0.0
2023-12-19 00:00:00-05:00,28.280000686645508,28.440000534057617,27.139999389648438,28.059999465942383,1098500,0.0,0.0
2023-12-20 00:00:00-05:00,27.959999084472656,28.760000228881836,27.200000762939453,27.43000030517578,904000,0.0,0.0
2023-12-21 00:00:00-05:00,28.030000686645508,28.530000686645508,27.610000610351562,28.06999969482422,641200,0.0,0.0
2023-12-22 00:00:00-05:00,28.079999923706055,28.5,27.780000686645508,28.209999084472656,523200,0.0,0.0
2023-12-26 00:00:00-05:00,28.3799991607666,28.709999084472656,28.09000015258789,28.170000076293945,579100,0.0,0.0
2023-12-27 00:00:00-05:00,28.0,28.100000381469727,27.440000534057617,27.950000762939453,1061000,0.0,0.0
2023-12-28 00:00:00-05:00,27.809999465942383,28.454999923706055,27.6200008392334,28.06999969482422,811600,0.0,0.0
2023-12-29 00:00:00-05:00,27.899999618530273,28.979999542236328,27.149999618530273,27.219999313354492,1051900,0.0,0.0
2024-01-02 00:00:00-05:00,27.0,27.0,26.020000457763672,26.200000762939453,742400,0.0,0.0
2024-01-03 00:00:00-05:00,25.540000915527344,25.899999618530273,24.950000762939453,25.100000381469727,935700,0.0,0.0
2024-01-04 00:00:00-05:00,25.190000534057617,26.030000686645508,24.825000762939453,25.690000534057617,735700,0.0,0.0
2024-01-05 00:00:00-05:00,25.59000015258789,26.34000015258789,25.200000762939453,26.040000915527344,684500,0.0,0.0
2024-01-08 00:00:00-05:00,26.0,27.972999572753906,25.8799991607666,27.700000762939453,927900,0.0,0.0
2024-01-09 00:00:00-05:00,27.739999771118164,28.399999618530273,26.8799991607666,26.940000534057617,667900,0.0,0.0
2024-01-10 00:00:00-05:00,26.940000534057617,26.944000244140625,26.059999465942383,26.34000015258789,569600,0.0,0.0
2024-01-11 00:00:00-05:00,26.25,26.579999923706055,25.309999465942383,25.709999084472656,729500,0.0,0.0
2024-01-12 00:00:00-05:00,25.81999969482422,26.510000228881836,25.149999618530273,25.170000076293945,1021200,0.0,0.0
2024-01-16 00:00:00-05:00,25.100000381469727,25.290000915527344,24.450000762939453,25.15999984741211,723600,0.0,0.0
2024-01-17 00:00:00-05:00,24.559999465942383,24.979999542236328,24.3799991607666,24.920000076293945,566700,0.0,0.0
2024-01-18 00:00:00-05:00,25.25,25.3799991607666,24.440000534057617,24.700000762939453,426300,0.0,0.0
2024-01-19 00:00:00-05:00,26.790000915527344,27.360000610351562,25.829999923706055,26.0,1282200,0.0,0.0
2024-01-22 00:00:00-05:00,26.43000030517578,28.459999084472656,26.399999618530273,28.389999389648438,1164300,0.0,0.0
2024-01-23 00:00:00-05:00,28.90999984741211,29.200000762939453,27.260000228881836,27.84000015258789,1012400,0.0,0.0
2024-01-24 00:00:00-05:00,28.299999237060547,28.450000762939453,26.829999923706055,26.84000015258789,789600,0.0,0.0
2024-01-25 00:00:00-05:00,27.18000030517578,27.395999908447266,26.1200008392334,26.360000610351562,597200,0.0,0.0
2024-01-26 00:00:00-05:00,26.6200008392334,27.200000762939453,26.40999984741211,26.510000228881836,524500,0.0,0.0
2024-01-29 00:00:00-05:00,26.59000015258789,28.790000915527344,26.559999465942383,28.760000228881836,986500,0.0,0.0
2024-01-30 00:00:00-05:00,28.59000015258789,28.700000762939453,27.75,28.190000534057617,642200,0.0,0.0
2024-01-31 00:00:00-05:00,27.84000015258789,28.31999969482422,26.84000015258789,26.920000076293945,666800,0.0,0.0
2024-02-01 00:00:00-05:00,27.360000610351562,27.579999923706055,26.110000610351562,27.270000457763672,559200,0.0,0.0
2024-02-02 00:00:00-05:00,27.139999389648438,27.81999969482422,25.959999084472656,27.639999389648438,773700,0.0,0.0
2024-02-05 00:00:00-05:00,27.309999465942383,27.3700008392334,26.239999771118164,26.530000686645508,1014600,0.0,0.0
2024-02-06 00:00:00-05:00,26.639999389648438,27.59000015258789,26.40999984741211,27.520000457763672,603800,0.0,0.0
2024-02-07 00:00:00-05:00,27.639999389648438,27.989999771118164,26.851999282836914,27.459999084472656,624800,0.0,0.0
2024-02-08 00:00:00-05:00,27.3799991607666,28.360000610351562,27.145000457763672,27.760000228881836,682400,0.0,0.0
2024-02-09 00:00:00-05:00,28.3799991607666,29.719999313354492,28.290000915527344,29.270000457763672,1228800,0.0,0.0
2024-02-12 00:00:00-05:00,29.299999237060547,31.610000610351562,29.299999237060547,30.5,1316100,0.0,0.0
2024-02-13 00:00:00-05:00,28.799999237060547,29.385000228881836,27.799999237060547,28.010000228881836,1074100,0.0,0.0
2024-02-14 00:00:00-05:00,28.75,30.170000076293945,28.31999969482422,30.06999969482422,1197200,0.0,0.0
2024-02-15 00:00:00-05:00,30.709999084472656,30.889999389648438,29.219999313354492,29.440000534057617,1005400,0.0,0.0
2024-02-16 00:00:00-05:00,28.8700008392334,29.200000762939453,27.540000915527344,27.799999237060547,814100,0.0,0.0
2024-02-20 00:00:00-05:00,27.489999771118164,27.790000915527344,26.489999771118164,26.510000228881836,1271300,0.0,0.0
2024-02-21 00:00:00-05:00,26.110000610351562,26.31999969482422,25.610000610351562,25.889999389648438,1635500,0.0,0.0
2024-02-22 00:00:00-05:00,22.75,24.0,21.850000381469727,22.209999084472656,5526300,0.0,0.0
2024-02-23 00:00:00-05:00,22.25,23.44499969482422,22.0,23.170000076293945,1920100,0.0,0.0
2024-02-26 00:00:00-05:00,23.0,24.200000762939453,22.8700008392334,23.309999465942383,1393500,0.0,0.0
2024-02-27 00:00:00-05:00,23.56999969482422,23.83300018310547,22.600000381469727,23.290000915527344,1146400,0.0,0.0
2024-02-28 00:00:00-05:00,22.860000610351562,23.270000457763672,22.65999984741211,22.8700008392334,883200,0.0,0.0
2024-02-29 00:00:00-05:00,23.190000534057617,23.690000534057617,23.1299991607666,23.600000381469727,1205300,0.0,0.0
2024-03-01 00:00:00-05:00,23.520000457763672,23.639999389648438,22.75,23.149999618530273,946600,0.0,0.0
2024-03-04 00:00:00-05:00,23.139999389648438,23.200000762939453,22.260000228881836,22.809999465942383,772700,0.0,0.0
2024-03-05 00:00:00-05:00,22.420000076293945,22.719999313354492,21.941999435424805,22.0,683600,0.0,0.0
2024-03-06 00:00:00-05:00,22.360000610351562,22.479999542236328,21.95599937438965,22.15999984741211,700400,0.0,0.0
2024-03-07 00:00:00-05:00,22.209999084472656,22.43000030517578,22.020000457763672,22.229999542236328,721000,0.0,0.0
2024-03-08 00:00:00-05:00,22.5,23.079999923706055,22.270000457763672,22.65999984741211,815900,0.0,0.0
2024-03-11 00:00:00-04:00,22.559999465942383,23.038999557495117,22.399999618530273,22.479999542236328,505700,0.0,0.0
2024-03-12 00:00:00-04:00,22.579999923706055,22.81999969482422,22.06999969482422,22.670000076293945,679400,0.0,0.0
2024-03-13 00:00:00-04:00,22.399999618530273,23.170000076293945,22.399999618530273,22.700000762939453,544500,0.0,0.0
2024-03-14 00:00:00-04:00,22.6299991607666,22.69099998474121,21.7450008392334,21.809999465942383,770800,0.0,0.0
2024-03-15 00:00:00-04:00,21.850000381469727,22.049999237060547,21.139999389648438,21.3700008392334,897400,0.0,0.0
2024-03-18 00:00:00-04:00,21.3700008392334,22.1299991607666,21.1299991607666,22.040000915527344,767900,0.0,0.0
2024-03-19 00:00:00-04:00,21.56999969482422,22.0,21.299999237060547,21.799999237060547,585000,0.0,0.0
2024-03-20 00:00:00-04:00,21.860000610351562,22.959999084472656,21.799999237060547,22.799999237060547,752500,0.0,0.0
2024-03-21 00:00:00-04:00,22.940000534057617,23.229999542236328,22.670000076293945,22.809999465942383,562200,0.0,0.0
2024-03-22 00:00:00-04:00,22.639999389648438,22.785999298095703,21.549999237060547,21.6299991607666,1195500,0.0,0.0
2024-03-25 00:00:00-04:00,21.690000534057617,22.170000076293945,21.420000076293945,21.520000457763672,798000,0.0,0.0
2024-03-26 00:00:00-04:00,21.760000228881836,21.8799991607666,20.899999618530273,20.93000030517578,990100,0.0,0.0
2024-03-27 00:00:00-04:00,21.040000915527344,21.3700008392334,20.649999618530273,21.239999771118164,1191800,0.0,0.0
2024-03-28 00:00:00-04:00,21.239999771118164,21.594999313354492,21.0,21.06999969482422,1376600,0.0,0.0
2024-04-01 00:00:00-04:00,21.1200008392334,21.489999771118164,20.75,20.809999465942383,762600,0.0,0.0
2024-04-02 00:00:00-04:00,20.549999237060547,20.959999084472656,19.850000381469727,20.729999542236328,1158900,0.0,0.0
2024-04-03 00:00:00-04:00,20.729999542236328,20.959999084472656,20.25,20.790000915527344,722500,0.0,0.0
2024-04-04 00:00:00-04:00,21.06999969482422,21.31999969482422,20.040000915527344,20.049999237060547,831900,0.0,0.0
2024-04-05 00:00:00-04:00,19.940000534057617,20.179000854492188,19.600000381469727,19.729999542236328,961300,0.0,0.0
2024-04-08 00:00:00-04:00,19.93000030517578,20.079999923706055,19.649999618530273,19.739999771118164,787500,0.0,0.0
2024-04-09 00:00:00-04:00,19.760000228881836,20.334999084472656,19.75,20.049999237060547,955600,0.0,0.0
2024-04-10 00:00:00-04:00,19.450000762939453,19.510000228881836,18.829999923706055,19.219999313354492,1307900,0.0,0.0
2024-04-11 00:00:00-04:00,20.479999542236328,21.579999923706055,20.31999969482422,20.75,3162300,0.0,0.0
2024-04-12 00:00:00-04:00,20.5,20.739999771118164,19.738000869750977,20.059999465942383,968800,0.0,0.0
2024-04-15 00:00:00-04:00,20.059999465942383,21.68000030517578,20.010000228881836,20.110000610351562,2028900,0.0,0.0
2024-04-16 00:00:00-04:00,20.09000015258789,20.729999542236328,20.040000915527344,20.479999542236328,979900,0.0,0.0
2024-04-17 00:00:00-04:00,20.530000686645508,20.65999984741211,19.770000457763672,20.110000610351562,653100,0.0,0.0
2024-04-18 00:00:00-04:00,20.030000686645508,20.31999969482422,19.722999572753906,19.81999969482422,583600,0.0,0.0
2024-04-19 00:00:00-04:00,19.68000030517578,20.059999465942383,19.299999237060547,19.6299991607666,613000,0.0,0.0
2024-04-22 00:00:00-04:00,19.799999237060547,19.8799991607666,19.299999237060547,19.399999618530273,710000,0.0,0.0
2024-04-23 00:00:00-04:00,19.489999771118164,20.424999237060547,19.43000030517578,20.190000534057617,707900,0.0,0.0
2024-04-24 00:00:00-04:00,20.209999084472656,20.540000915527344,20.040000915527344,20.459999084472656,793500,0.0,0.0
2024-04-25 00:00:00-04:00,19.84000015258789,20.18000030517578,19.56999969482422,20.049999237060547,589800,0.0,0.0
2024-04-26 00:00:00-04:00,20.100000381469727,20.799999237060547,19.8799991607666,20.799999237060547,506300,0.0,0.0
2024-04-29 00:00:00-04:00,20.979999542236328,21.15999984741211,20.670000076293945,21.110000610351562,576500,0.0,0.0
2024-04-30 00:00:00-04:00,20.889999389648438,20.895999908447266,20.368000030517578,20.510000228881836,571100,0.0,0.0
2024-05-01 00:00:00-04:00,20.5,21.559999465942383,20.31999969482422,20.829999923706055,890200,0.0,0.0
2024-05-02 00:00:00-04:00,21.520000457763672,21.530000686645508,20.270000457763672,20.799999237060547,1020600,0.0,0.0
2024-05-03 00:00:00-04:00,21.329999923706055,21.34000015258789,20.709999084472656,20.989999771118164,763900,0.0,0.0
2024-05-06 00:00:00-04:00,21.190000534057617,21.309999465942383,20.739999771118164,21.200000762939453,604500,0.0,0.0
2024-05-07 00:00:00-04:00,21.200000762939453,21.540000915527344,20.90999984741211,20.950000762939453,596800,0.0,0.0
2024-05-08 00:00:00-04:00,20.329999923706055,20.530000686645508,19.979999542236328,20.31999969482422,1466300,0.0,0.0
2024-05-09 00:00:00-04:00,22.0,23.489999771118164,21.969999313354492,22.40999984741211,2549400,0.0,0.0
2024-05-10 00:00:00-04:00,23.25,23.790000915527344,22.450000762939453,23.520000457763672,1915500,0.0,0.0
2024-05-13 00:00:00-04:00,23.889999389648438,25.770000457763672,23.889999389648438,25.260000228881836,2105900,0.0,0.0
2024-05-14 00:00:00-04:00,25.75,26.219999313354492,25.513999938964844,25.959999084472656,1114200,0.0,0.0
2024-05-15 00:00:00-04:00,26.40999984741211,26.48699951171875,25.420000076293945,25.670000076293945,1172000,0.0,0.0
2024-05-16 00:00:00-04:00,25.25,25.520000457763672,24.799999237060547,25.100000381469727,1025000,0.0,0.0
2024-05-17 00:00:00-04:00,25.100000381469727,25.329999923706055,24.695999145507812,25.1299991607666,848100,0.0,0.0
2024-05-20 00:00:00-04:00,25.09000015258789,25.860000610351562,24.920000076293945,25.34000015258789,963400,0.0,0.0
2024-05-21 00:00:00-04:00,24.979999542236328,25.18000030517578,24.58300018310547,24.790000915527344,761600,0.0,0.0
2024-05-22 00:00:00-04:00,24.709999084472656,25.540000915527344,24.709999084472656,25.030000686645508,831800,0.0,0.0
2024-05-23 00:00:00-04:00,25.020000457763672,25.43000030517578,24.56999969482422,24.600000381469727,846200,0.0,0.0
2024-05-24 00:00:00-04:00,24.65999984741211,25.28499984741211,24.59000015258789,24.65999984741211,751600,0.0,0.0
2024-05-28 00:00:00-04:00,24.690000534057617,25.1200008392334,24.260000228881836,25.030000686645508,741700,0.0,0.0
2024-05-29 00:00:00-04:00,24.5,25.030000686645508,24.299999237060547,24.549999237060547,621900,0.0,0.0
2024-05-30 00:00:00-04:00,24.530000686645508,25.399999618530273,24.459999084472656,25.059999465942383,653100,0.0,0.0
2024-05-31 00:00:00-04:00,25.09000015258789,26.270000457763672,25.059999465942383,25.229999542236328,1226700,0.0,0.0
2024-06-03 00:00:00-04:00,25.549999237060547,25.549999237060547,24.65999984741211,24.940000534057617,1097600,0.0,0.0
2024-06-04 00:00:00-04:00,24.639999389648438,25.25,24.420000076293945,24.469999313354492,581400,0.0,0.0
2024-06-05 00:00:00-04:00,24.600000381469727,25.040000915527344,24.420000076293945,24.81999969482422,610800,0.0,0.0
2024-06-06 00:00:00-04:00,24.600000381469727,25.81999969482422,24.600000381469727,25.540000915527344,686000,0.0,0.0
2024-06-07 00:00:00-04:00,25.06999969482422,25.290000915527344,24.530000686645508,24.530000686645508,1041400,0.0,0.0
2024-06-10 00:00:00-04:00,24.31999969482422,24.809999465942383,24.190000534057617,24.639999389648438,710300,0.0,0.0
2024-06-11 00:00:00-04:00,24.420000076293945,24.989999771118164,24.305999755859375,24.639999389648438,552300,0.0,0.0
2024-06-12 00:00:00-04:00,25.260000228881836,25.565000534057617,24.6200008392334,24.729999542236328,654700,0.0,0.0
2024-06-13 00:00:00-04:00,24.719999313354492,24.899999618530273,23.860000610351562,23.920000076293945,751400,0.0,0.0
2024-06-14 00:00:00-04:00,23.579999923706055,23.93000030517578,22.59000015258789,22.700000762939453,1038900,0.0,0.0
2024-06-17 00:00:00-04:00,22.59000015258789,22.68000030517578,22.070999145507812,22.360000610351562,685700,0.0,0.0
2024-06-18 00:00:00-04:00,22.049999237060547,22.389999389648438,21.84000015258789,21.860000610351562,602600,0.0,0.0
2024-06-20 00:00:00-04:00,21.799999237060547,22.25,21.670000076293945,21.760000228881836,636100,0.0,0.0
2024-06-21 00:00:00-04:00,21.6200008392334,22.010000228881836,21.549999237060547,21.979999542236328,696500,0.0,0.0
2024-06-24 00:00:00-04:00,21.899999618530273,22.280000686645508,21.719999313354492,22.170000076293945,564400,0.0,0.0
2024-06-25 00:00:00-04:00,22.09000015258789,22.639999389648438,21.8799991607666,22.639999389648438,550200,0.0,0.0
2024-06-26 00:00:00-04:00,22.639999389648438,23.559999465942383,22.639999389648438,23.31999969482422,729200,0.0,0.0
2024-06-27 00:00:00-04:00,23.34000015258789,23.889999389648438,23.110000610351562,23.6299991607666,597200,0.0,0.0
2024-06-28 00:00:00-04:00,23.709999084472656,23.80500030517578,22.90999984741211,23.43000030517578,675300,0.0,0.0
2024-07-01 00:00:00-04:00,23.399999618530273,23.579999923706055,22.149999618530273,22.209999084472656,698400,0.0,0.0
2024-07-02 00:00:00-04:00,21.3799991607666,21.635000228881836,20.774999618530273,21.290000915527344,1139100,0.0,0.0
2024-07-03 00:00:00-04:00,21.360000610351562,23.079999923706055,21.360000610351562,23.010000228881836,585900,0.0,0.0
2024-07-05 00:00:00-04:00,22.850000381469727,24.030000686645508,22.84000015258789,23.450000762939453,1060900,0.0,0.0
2024-07-08 00:00:00-04:00,23.3799991607666,23.850000381469727,23.260000228881836,23.559999465942383,781400,0.0,0.0
2024-07-09 00:00:00-04:00,23.420000076293945,23.549999237060547,22.729999542236328,23.309999465942383,629500,0.0,0.0
2024-07-10 00:00:00-04:00,23.5,23.579999923706055,22.290000915527344,22.309999465942383,653300,0.0,0.0
2024-07-11 00:00:00-04:00,22.719999313354492,22.950000762939453,22.420000076293945,22.729999542236328,902800,0.0,0.0
2024-07-12 00:00:00-04:00,22.969999313354492,23.600000381469727,22.969999313354492,23.5,820100,0.0,0.0
2024-07-15 00:00:00-04:00,23.700000762939453,24.25,23.360000610351562,24.0,848300,0.0,0.0
2024-07-16 00:00:00-04:00,24.209999084472656,25.260000228881836,24.209999084472656,25.260000228881836,1272100,0.0,0.0
2024-07-17 00:00:00-04:00,24.600000381469727,25.5,24.360000610351562,24.3700008392334,828100,0.0,0.0
2024-07-18 00:00:00-04:00,24.399999618530273,24.760000228881836,23.100000381469727,23.139999389648438,731400,0.0,0.0
2024-07-19 00:00:00-04:00,23.020000457763672,23.15999984741211,22.65999984741211,22.799999237060547,524700,0.0,0.0
2024-07-22 00:00:00-04:00,23.209999084472656,23.34000015258789,22.559999465942383,22.690000534057617,574300,0.0,0.0
2024-07-23 00:00:00-04:00,22.600000381469727,23.440000534057617,22.54199981689453,23.149999618530273,531300,0.0,0.0
2024-07-24 00:00:00-04:00,22.8799991607666,23.200000762939453,22.190000534057617,22.229999542236328,473500,0.0,0.0
2024-07-25 00:00:00-04:00,22.270000457763672,22.815000534057617,22.049999237060547,22.110000610351562,549300,0.0,0.0
2024-07-26 00:00:00-04:00,22.600000381469727,22.9060001373291,22.31999969482422,22.719999313354492,579800,0.0,0.0
2024-07-29 00:00:00-04:00,22.860000610351562,22.979999542236328,22.049999237060547,22.290000915527344,742300,0.0,0.0
2024-07-30 00:00:00-04:00,22.469999313354492,22.559999465942383,21.56999969482422,21.889999389648438,1225000,0.0,0.0
2024-07-31 00:00:00-04:00,23.219999313354492,27.0,23.180999755859375,26.110000610351562,3208200,0.0,0.0
2024-08-01 00:00:00-04:00,25.979999542236328,26.25,22.68000030517578,23.280000686645508,1870500,0.0,0.0
2024-08-02 00:00:00-04:00,22.5,23.875,22.219999313354492,23.809999465942383,1445500,0.0,0.0
2024-08-05 00:00:00-04:00,21.43000030517578,24.59000015258789,21.1299991607666,24.540000915527344,1503200,0.0,0.0
2024-08-06 00:00:00-04:00,24.540000915527344,24.540000915527344,23.5,23.540000915527344,1116400,0.0,0.0
2024-08-07 00:00:00-04:00,23.84000015258789,24.190000534057617,22.450000762939453,22.450000762939453,870500,0.0,0.0
2024-08-08 00:00:00-04:00,22.399999618530273,23.450000762939453,22.399999618530273,23.200000762939453,662900,0.0,0.0
2024-08-09 00:00:00-04:00,23.469999313354492,23.670000076293945,22.94499969482422,23.459999084472656,386100,0.0,0.0
2024-08-12 00:00:00-04:00,23.18000030517578,23.3799991607666,22.600000381469727,23.280000686645508,575500,0.0,0.0
2024-08-13 00:00:00-04:00,23.5,24.260000228881836,23.389999389648438,24.260000228881836,781300,0.0,0.0
2024-08-14 00:00:00-04:00,24.350000381469727,24.40999984741211,23.2549991607666,23.260000228881836,520000,0.0,0.0
2024-08-15 00:00:00-04:00,23.31999969482422,24.350000381469727,23.260000228881836,24.270000457763672,598400,0.0,0.0
2024-08-16 00:00:00-04:00,24.18000030517578,24.719999313354492,23.969999313354492,24.690000534057617,468700,0.0,0.0
2024-08-19 00:00:00-04:00,24.81999969482422,25.969999313354492,24.700000762939453,25.959999084472656,595000,0.0,0.0
2024-08-20 00:00:00-04:00,25.860000610351562,26.3799991607666,25.450000762939453,25.649999618530273,605300,0.0,0.0
2024-08-21 00:00:00-04:00,25.84000015258789,26.315000534057617,25.540000915527344,26.219999313354492,469700,0.0,0.0
2024-08-22 00:00:00-04:00,26.299999237060547,26.479999542236328,26.06999969482422,26.459999084472656,634300,0.0,0.0
2024-08-23 00:00:00-04:00,26.56999969482422,27.6200008392334,26.469999313354492,26.600000381469727,721900,0.0,0.0
2024-08-26 00:00:00-04:00,26.84000015258789,26.959999084472656,26.389999389648438,26.729999542236328,555600,0.0,0.0
2024-08-27 00:00:00-04:00,26.450000762939453,26.589000701904297,25.81999969482422,26.280000686645508,419400,0.0,0.0
2024-08-28 00:00:00-04:00,26.139999389648438,26.219999313354492,24.200000762939453,24.280000686645508,659000,0.0,0.0
2024-08-29 00:00:00-04:00,24.59000015258789,25.489999771118164,24.399999618530273,25.190000534057617,493000,0.0,0.0
2024-08-30 00:00:00-04:00,25.25,25.31100082397461,24.100000381469727,24.8700008392334,542200,0.0,0.0
2024-09-03 00:00:00-04:00,24.489999771118164,24.729999542236328,23.780000686645508,23.969999313354492,457900,0.0,0.0
2024-09-04 00:00:00-04:00,23.75,24.364999771118164,23.600000381469727,23.719999313354492,300700,0.0,0.0
2024-09-05 00:00:00-04:00,23.760000228881836,24.31999969482422,23.56999969482422,24.260000228881836,290200,0.0,0.0
2024-09-06 00:00:00-04:00,24.350000381469727,24.551000595092773,23.774999618530273,24.1299991607666,593100,0.0,0.0
2024-09-09 00:00:00-04:00,24.110000610351562,24.68000030517578,23.760000228881836,24.399999618530273,590900,0.0,0.0
2024-09-10 00:00:00-04:00,24.399999618530273,24.399999618530273,23.610000610351562,24.100000381469727,403800,0.0,0.0
2024-09-11 00:00:00-04:00,24.209999084472656,24.889999389648438,23.969999313354492,24.809999465942383,324800,0.0,0.0
2024-09-12 00:00:00-04:00,24.469999313354492,25.040000915527344,24.149999618530273,24.610000610351562,447600,0.0,0.0
2024-09-13 00:00:00-04:00,24.950000762939453,25.68000030517578,24.809999465942383,25.309999465942383,409600,0.0,0.0
2024-09-16 00:00:00-04:00,25.25,25.329999923706055,24.650999069213867,24.90999984741211,331400,0.0,0.0
2024-09-17 00:00:00-04:00,25.049999237060547,25.329999923706055,24.700000762939453,24.860000610351562,352700,0.0,0.0
2024-09-18 00:00:00-04:00,25.170000076293945,26.038999557495117,25.010000228881836,25.290000915527344,584000,0.0,0.0
2024-09-19 00:00:00-04:00,26.0,26.135000228881836,25.579999923706055,25.850000381469727,514300,0.0,0.0
2024-09-20 00:00:00-04:00,25.75,26.079999923706055,25.424999237060547,25.459999084472656,326000,0.0,0.0
2024-09-23 00:00:00-04:00,25.540000915527344,25.579999923706055,24.889999389648438,24.950000762939453,297500,0.0,0.0
2024-09-24 00:00:00-04:00,25.579999923706055,26.274999618530273,25.239999771118164,26.18000030517578,451700,0.0,0.0
2024-09-25 00:00:00-04:00,26.059999465942383,26.34000015258789,25.760000228881836,25.81999969482422,338600,0.0,0.0
2024-09-26 00:00:00-04:00,26.299999237060547,26.299999237060547,25.020000457763672,25.360000610351562,306600,0.0,0.0
2024-09-27 00:00:00-04:00,25.780000686645508,26.190000534057617,25.6200008392334,26.1200008392334,346600,0.0,0.0
2024-09-30 00:00:00-04:00,25.850000381469727,26.71500015258789,25.65999984741211,25.8700008392334,410200,0.0,0.0
2024-10-01 00:00:00-04:00,25.84000015258789,25.84000015258789,23.649999618530273,24.260000228881836,1041900,0.0,0.0
2024-10-02 00:00:00-04:00,24.139999389648438,24.860000610351562,24.1200008392334,24.5,431600,0.0,0.0
2024-10-03 00:00:00-04:00,24.09000015258789,24.479999542236328,23.440000534057617,24.049999237060547,689500,0.0,0.0
2024-10-04 00:00:00-04:00,24.469999313354492,24.68000030517578,23.780000686645508,24.170000076293945,510300,0.0,0.0
2024-10-07 00:00:00-04:00,24.100000381469727,24.184999465942383,23.31999969482422,23.559999465942383,481900,0.0,0.0
2024-10-08 00:00:00-04:00,23.540000915527344,24.020000457763672,23.25,23.6200008392334,471000,0.0,0.0
2024-10-09 00:00:00-04:00,23.510000228881836,23.8799991607666,23.31999969482422,23.6299991607666,406800,0.0,0.0
2024-10-10 00:00:00-04:00,23.399999618530273,23.474000930786133,22.829999923706055,22.989999771118164,627300,0.0,0.0
2024-10-11 00:00:00-04:00,22.860000610351562,23.649999618530273,22.850000381469727,23.6200008392334,652400,0.0,0.0
2024-10-14 00:00:00-04:00,23.40999984741211,23.52199935913086,22.8799991607666,23.110000610351562,537300,0.0,0.0
2024-10-15 00:00:00-04:00,23.100000381469727,23.81999969482422,22.90999984741211,23.510000228881836,483400,0.0,0.0
2024-10-16 00:00:00-04:00,23.649999618530273,23.71500015258789,23.0,23.229999542236328,451900,0.0,0.0
2024-10-17 00:00:00-04:00,23.09000015258789,23.09000015258789,22.6299991607666,22.639999389648438,434000,0.0,0.0
2024-10-18 00:00:00-04:00,22.700000762939453,22.774999618530273,21.899999618530273,22.3799991607666,803000,0.0,0.0
2024-10-21 00:00:00-04:00,22.299999237060547,22.584999084472656,21.84000015258789,21.860000610351562,548500,0.0,0.0
2024-10-22 00:00:00-04:00,21.770000457763672,21.937000274658203,21.360000610351562,21.530000686645508,895400,0.0,0.0
2024-10-23 00:00:00-04:00,22.6200008392334,23.25,22.020000457763672,22.43000030517578,849200,0.0,0.0
2024-10-24 00:00:00-04:00,22.610000610351562,23.104999542236328,22.459999084472656,22.780000686645508,438600,0.0,0.0
2024-10-25 00:00:00-04:00,22.8700008392334,23.049999237060547,22.40999984741211,22.43000030517578,409300,0.0,0.0
2024-10-28 00:00:00-04:00,22.799999237060547,24.790000915527344,22.704999923706055,24.600000381469727,893300,0.0,0.0
2024-10-29 00:00:00-04:00,24.600000381469727,25.65999984741211,24.327999114990234,25.06999969482422,1237100,0.0,0.0
2024-10-30 00:00:00-04:00,26.799999237060547,32.68000030517578,26.510000228881836,29.15999984741211,4558900,0.0,0.0
2024-10-31 00:00:00-04:00,29.040000915527344,30.36400032043457,28.8799991607666,29.260000228881836,1322100,0.0,0.0
2024-11-01 00:00:00-04:00,29.489999771118164,30.704999923706055,29.100000381469727,30.190000534057617,1110100,0.0,0.0
2024-11-04 00:00:00-05:00,28.950000762939453,29.979999542236328,28.1200008392334,28.15999984741211,850600,0.0,0.0
2024-11-05 00:00:00-05:00,28.56999969482422,29.239999771118164,28.48200035095215,29.0,807500,0.0,0.0
2024-11-06 00:00:00-05:00,30.0,30.190000534057617,29.18199920654297,29.540000915527344,862600,0.0,0.0
2024-11-07 00:00:00-05:00,29.799999237060547,30.18000030517578,29.139999389648438,29.549999237060547,857000,0.0,0.0
2024-11-08 00:00:00-05:00,29.719999313354492,31.40999984741211,29.40999984741211,29.670000076293945,1512400,0.0,0.0
2024-11-11 00:00:00-05:00,30.0,31.15999984741211,29.40999984741211,29.989999771118164,1404400,0.0,0.0
2024-11-12 00:00:00-05:00,29.18000030517578,29.799999237060547,27.510000228881836,29.1200008392334,971400,0.0,0.0
2024-11-13 00:00:00-05:00,29.520000457763672,30.3700008392334,29.209999084472656,29.520000457763672,685700,0.0,0.0
2024-11-14 00:00:00-05:00,29.350000381469727,29.75,28.399999618530273,28.540000915527344,482300,0.0,0.0
2024-11-15 00:00:00-05:00,28.540000915527344,28.8700008392334,27.989999771118164,28.040000915527344,511200,0.0,0.0
2024-11-18 00:00:00-05:00,28.040000915527344,29.8700008392334,27.780000686645508,29.809999465942383,670300,0.0,0.0
2024-11-19 00:00:00-05:00,28.739999771118164,30.350000381469727,28.329999923706055,30.350000381469727,856900,0.0,0.0
2024-11-20 00:00:00-05:00,30.760000228881836,30.989999771118164,29.799999237060547,30.649999618530273,545900,0.0,0.0
2024-11-21 00:00:00-05:00,30.649999618530273,31.899999618530273,30.420000076293945,31.829999923706055,655900,0.0,0.0
2024-11-22 00:00:00-05:00,32.0,32.86000061035156,31.899999618530273,32.11000061035156,611200,0.0,0.0
2024-11-25 00:00:00-05:00,33.0,33.88800048828125,32.69300079345703,33.189998626708984,933700,0.0,0.0
2024-11-26 00:00:00-05:00,33.0,33.33000183105469,32.5099983215332,33.09000015258789,520300,0.0,0.0
2024-11-27 00:00:00-05:00,33.5099983215332,33.904998779296875,32.66999816894531,32.83000183105469,613400,0.0,0.0
2024-11-29 00:00:00-05:00,32.90999984741211,33.724998474121094,32.459999084472656,32.61000061035156,367800,0.0,0.0
2024-12-02 00:00:00-05:00,32.25,32.79499816894531,31.8799991607666,32.779998779296875,839800,0.0,0.0
2024-12-03 00:00:00-05:00,32.459999084472656,34.97999954223633,32.400001525878906,34.459999084472656,1266400,0.0,0.0
2024-12-04 00:00:00-05:00,34.709999084472656,35.97999954223633,34.5,35.45000076293945,1140100,0.0,0.0
2024-12-05 00:00:00-05:00,35.45000076293945,35.470001220703125,33.880001068115234,34.099998474121094,594200,0.0,0.0
2024-12-06 00:00:00-05:00,34.79999923706055,35.68000030517578,34.525001525878906,35.349998474121094,470500,0.0,0.0
2024-12-09 00:00:00-05:00,35.59000015258789,36.11000061035156,34.119998931884766,34.75,491800,0.0,0.0
2024-12-10 00:00:00-05:00,34.060001373291016,35.43000030517578,33.90999984741211,34.56999969482422,457500,0.0,0.0
2024-12-11 00:00:00-05:00,35.099998474121094,35.41999816894531,34.45000076293945,34.84000015258789,424300,0.0,0.0
2024-12-12 00:00:00-05:00,34.470001220703125,35.20000076293945,34.18000030517578,34.45000076293945,519700,0.0,0.0
2024-12-13 00:00:00-05:00,34.68000030517578,34.93000030517578,33.720001220703125,34.06999969482422,377200,0.0,0.0
2024-12-16 00:00:00-05:00,34.0,34.65999984741211,33.560001373291016,34.33000183105469,324300,0.0,0.0
2024-12-17 00:00:00-05:00,33.970001220703125,34.04999923706055,32.928001403808594,33.56999969482422,646100,0.0,0.0
2024-12-18 00:00:00-05:00,33.56999969482422,33.779998779296875,31.94499969482422,32.2599983215332,697900,0.0,0.0
2024-12-19 00:00:00-05:00,32.470001220703125,33.06999969482422,31.67099952697754,32.0,485900,0.0,0.0
2024-12-20 00:00:00-05:00,31.600000381469727,32.56999969482422,31.260000228881836,32.279998779296875,417300,0.0,0.0
2024-12-23 00:00:00-05:00,32.279998779296875,32.40999984741211,31.792999267578125,32.02000045776367,352700,0.0,0.0
2024-12-24 00:00:00-05:00,32.099998474121094,33.72999954223633,31.600000381469727,33.34000015258789,512300,0.0,0.0
2024-12-26 00:00:00-05:00,33.0,33.099998474121094,32.5,32.7400016784668,440700,0.0,0.0
2024-12-27 00:00:00-05:00,32.59000015258789,32.75,31.399999618530273,32.189998626708984,508300,0.0,0.0
2024-12-30 00:00:00-05:00,31.93000030517578,32.02000045776367,31.110000610351562,31.770000457763672,418300,0.0,0.0
2024-12-31 00:00:00-05:00,31.790000915527344,32.09000015258789,31.110000610351562,31.729999542236328,428000,0.0,0.0
2025-01-02 00:00:00-05:00,32.279998779296875,32.689998626708984,31.700000762939453,32.040000915527344,425300,0.0,0.0
2025-01-03 00:00:00-05:00,32.150001525878906,32.650001525878906,31.850000381469727,32.63999938964844,888200,0.0,0.0
2025-01-06 00:00:00-05:00,33.11000061035156,34.900001525878906,32.97999954223633,34.439998626708984,3440600,0.0,0.0
2025-01-07 00:00:00-05:00,35.0,35.09000015258789,33.15999984741211,33.41999816894531,488700,0.0,0.0
2025-01-08 00:00:00-05:00,32.970001220703125,33.0,31.75,32.02000045776367,446800,0.0,0.0
2025-01-10 00:00:00-05:00,31.479999542236328,32.459999084472656,30.959999084472656,31.799999237060547,411200,0.0,0.0
2025-01-13 00:00:00-05:00,31.260000228881836,32.14500045776367,30.959999084472656,31.93000030517578,746500,0.0,0.0
2025-01-14 00:00:00-05:00,32.2400016784668,32.2400016784668,30.81999969482422,31.280000686645508,514000,0.0,0.0
2025-01-15 00:00:00-05:00,32.209999084472656,33.2400016784668,31.825000762939453,32.70000076293945,474500,0.0,0.0
2025-01-16 00:00:00-05:00,33.7400016784668,35.45000076293945,33.439998626708984,34.119998931884766,998800,0.0,0.0
2025-01-17 00:00:00-05:00,34.29999923706055,34.459999084472656,33.150001525878906,33.970001220703125,717000,0.0,0.0
2025-01-21 00:00:00-05:00,34.349998474121094,34.54999923706055,32.91999816894531,32.95000076293945,800900,0.0,0.0
2025-01-22 00:00:00-05:00,33.0,33.22999954223633,32.02000045776367,32.060001373291016,629300,0.0,0.0
2025-01-23 00:00:00-05:00,31.93000030517578,32.08599853515625,30.899999618530273,31.520000457763672,1073400,0.0,0.0
2025-01-24 00:00:00-05:00,31.549999237060547,32.02000045776367,30.829999923706055,31.200000762939453,674800,0.0,0.0
2025-01-27 00:00:00-05:00,30.59000015258789,31.860000610351562,30.049999237060547,30.440000534057617,754200,0.0,0.0
2025-01-28 00:00:00-05:00,30.829999923706055,32.11000061035156,30.524999618530273,31.90999984741211,670100,0.0,0.0
2025-01-29 00:00:00-05:00,32.09000015258789,32.459999084472656,31.15999984741211,31.8700008392334,576100,0.0,0.0
2025-01-30 00:00:00-05:00,32.040000915527344,32.87200164794922,31.139999389648438,31.200000762939453,433400,0.0,0.0
2025-01-31 00:00:00-05:00,31.399999618530273,31.579999923706055,30.469999313354492,30.8700008392334,475700,0.0,0.0
2025-02-03 00:00:00-05:00,29.770000457763672,30.34000015258789,29.29800033569336,29.649999618530273,479400,0.0,0.0
2025-02-04 00:00:00-05:00,29.850000381469727,30.979999542236328,29.799999237060547,30.780000686645508,620100,0.0,0.0
2025-02-05 00:00:00-05:00,30.540000915527344,30.979999542236328,30.360000610351562,30.68000030517578,418800,0.0,0.0
2025-02-06 00:00:00-05:00,30.719999313354492,31.43000030517578,30.450000762939453,31.43000030517578,438500,0.0,0.0
2025-02-07 00:00:00-05:00,31.3799991607666,32.40999984741211,31.100000381469727,31.229999542236328,542700,0.0,0.0
2025-02-10 00:00:00-05:00,31.440000534057617,32.959999084472656,31.350000381469727,32.099998474121094,475100,0.0,0.0
2025-02-11 00:00:00-05:00,31.889999389648438,32.29999923706055,31.18000030517578,31.549999237060547,312800,0.0,0.0
2025-02-12 00:00:00-05:00,31.100000381469727,32.79999923706055,30.979999542236328,32.54999923706055,422900,0.0,0.0
2025-02-13 00:00:00-05:00,32.880001068115234,33.459999084472656,31.15999984741211,32.84000015258789,625600,0.0,0.0
2025-02-14 00:00:00-05:00,32.75,33.38999938964844,32.5,33.36000061035156,605800,0.0,0.0
2025-02-18 00:00:00-05:00,34.060001373291016,34.66999816894531,32.685001373291016,33.060001373291016,1597500,0.0,0.0
2025-02-19 00:00:00-05:00,33.59000015258789,35.400001525878906,29.559999465942383,30.229999542236328,2614100,0.0,0.0
2025-02-20 00:00:00-05:00,29.59000015258789,29.59000015258789,27.020000457763672,27.850000381469727,2000200,0.0,0.0
2025-02-21 00:00:00-05:00,27.65999984741211,28.084999084472656,25.665000915527344,25.700000762939453,1627900,0.0,0.0
2025-02-24 00:00:00-05:00,25.899999618530273,26.799999237060547,25.700000762939453,26.56999969482422,1241100,0.0,0.0
2025-02-25 00:00:00-05:00,26.059999465942383,26.448999404907227,25.079999923706055,25.770000457763672,927000,0.0,0.0
2025-02-26 00:00:00-05:00,25.940000534057617,26.635000228881836,25.93000030517578,26.1200008392334,554900,0.0,0.0
2025-02-27 00:00:00-05:00,26.520000457763672,26.729999542236328,25.700000762939453,26.1200008392334,862500,0.0,0.0
2025-02-28 00:00:00-05:00,25.899999618530273,27.010000228881836,25.399999618530273,26.889999389648438,864200,0.0,0.0
2025-03-03 00:00:00-05:00,26.959999084472656,27.020000457763672,25.084999084472656,25.09000015258789,777000,0.0,0.0
2025-03-04 00:00:00-05:00,24.610000610351562,25.5,23.739999771118164,25.219999313354492,1075600,0.0,0.0
2025-03-05 00:00:00-05:00,25.229999542236328,25.739999771118164,24.809999465942383,25.670000076293945,630600,0.0,0.0
2025-03-06 00:00:00-05:00,25.170000076293945,26.28499984741211,24.969999313354492,25.219999313354492,625700,0.0,0.0
2025-03-07 00:00:00-05:00,25.219999313354492,25.78499984741211,24.375999450683594,25.5,795700,0.0,0.0
2025-03-10 00:00:00-04:00,25.0,25.219999313354492,24.309999465942383,24.760000228881836,795500,0.0,0.0
2025-03-11 00:00:00-04:00,26.100000381469727,26.850000381469727,25.25,26.389999389648438,924400,0.0,0.0
2025-03-12 00:00:00-04:00,27.020000457763672,27.420000076293945,25.959999084472656,26.600000381469727,636900,0.0,0.0
2025-03-13 00:00:00-04:00,26.280000686645508,26.639999389648438,25.020000457763672,25.450000762939453,651800,0.0,0.0
2025-03-14 00:00:00-04:00,25.790000915527344,26.100000381469727,24.969999313354492,25.639999389648438,806000,0.0,0.0
2025-03-17 00:00:00-04:00,25.559999465942383,26.790000915527344,25.450000762939453,26.43000030517578,814400,0.0,0.0
2025-03-18 00:00:00-04:00,26.139999389648438,26.264999389648438,25.170000076293945,25.219999313354492,506500,0.0,0.0
2025-03-19 00:00:00-04:00,25.270000457763672,25.809999465942383,25.110000610351562,25.329999923706055,323100,0.0,0.0
2025-03-20 00:00:00-04:00,25.420000076293945,26.200000762939453,25.34000015258789,25.8799991607666,373200,0.0,0.0
2025-03-21 00:00:00-04:00,25.360000610351562,26.100000381469727,25.260000228881836,25.690000534057617,507400,0.0,0.0
2025-03-24 00:00:00-04:00,26.06999969482422,26.360000610351562,25.899999618530273,26.299999237060547,405400,0.0,0.0
2025-03-25 00:00:00-04:00,26.1299991607666,26.600000381469727,26.1299991607666,26.5,287400,0.0,0.0
2025-03-26 00:00:00-04:00,26.43000030517578,26.575000762939453,25.649999618530273,26.110000610351562,290700,0.0,0.0
2025-03-27 00:00:00-04:00,25.8799991607666,26.100000381469727,25.06999969482422,25.06999969482422,245500,0.0,0.0
2025-03-28 00:00:00-04:00,25.049999237060547,25.059999465942383,23.969999313354492,24.329999923706055,371200,0.0,0.0
2025-03-31 00:00:00-04:00,23.690000534057617,23.844999313354492,23.100000381469727,23.68000030517578,405300,0.0,0.0
2025-04-01 00:00:00-04:00,23.719999313354492,24.100000381469727,23.440000534057617,23.969999313354492,489000,0.0,0.0
2025-04-02 00:00:00-04:00,23.579999923706055,24.832000732421875,23.4950008392334,24.489999771118164,479600,0.0,0.0
2025-04-03 00:00:00-04:00,23.200000762939453,23.670000076293945,22.684999465942383,23.440000534057617,603200,0.0,0.0
2025-04-04 00:00:00-04:00,23.0,23.045000076293945,21.399999618530273,22.200000762939453,831500,0.0,0.0
2025-04-07 00:00:00-04:00,21.0,24.290000915527344,20.826000213623047,23.40999984741211,1243600,0.0,0.0
2025-04-08 00:00:00-04:00,23.75,24.149999618530273,22.59000015258789,22.989999771118164,631600,0.0,0.0
2025-04-09 00:00:00-04:00,22.860000610351562,25.549999237060547,22.829999923706055,25.239999771118164,614100,0.0,0.0
2025-04-10 00:00:00-04:00,24.959999084472656,25.315000534057617,24.18000030517578,24.510000228881836,484400,0.0,0.0
2025-04-11 00:00:00-04:00,24.56999969482422,25.239999771118164,23.799999237060547,25.020000457763672,540700,0.0,0.0
2025-04-14 00:00:00-04:00,25.440000534057617,25.440000534057617,24.280000686645508,24.68000030517578,532400,0.0,0.0
2025-04-15 00:00:00-04:00,24.540000915527344,25.475000381469727,24.540000915527344,25.25,327800,0.0,0.0
2025-04-16 00:00:00-04:00,25.0,25.299999237060547,24.309999465942383,24.75,333600,0.0,0.0
2025-04-17 00:00:00-04:00,24.639999389648438,25.110000610351562,24.239999771118164,24.6299991607666,303300,0.0,0.0
2025-04-21 00:00:00-04:00,24.280000686645508,24.5,23.860000610351562,24.190000534057617,295700,0.0,0.0
2025-04-22 00:00:00-04:00,24.399999618530273,25.260000228881836,24.299999237060547,25.1299991607666,380500,0.0,0.0
2025-04-23 00:00:00-04:00,25.799999237060547,26.30500030517578,25.56399917602539,25.790000915527344,433900,0.0,0.0
2025-04-24 00:00:00-04:00,25.799999237060547,26.764999389648438,25.655000686645508,26.639999389648438,459400,0.0,0.0
2025-04-25 00:00:00-04:00,26.520000457763672,26.940000534057617,26.325000762939453,26.920000076293945,357700,0.0,0.0
2025-04-28 00:00:00-04:00,26.799999237060547,27.200000762939453,26.3700008392334,26.420000076293945,659600,0.0,0.0
2025-04-29 00:00:00-04:00,26.59000015258789,26.950000762939453,26.43000030517578,26.649999618530273,299100,0.0,0.0
2025-04-30 00:00:00-04:00,26.260000228881836,26.260000228881836,25.219999313354492,25.450000762939453,462700,0.0,0.0
2025-05-01 00:00:00-04:00,25.93000030517578,26.360000610351562,25.65999984741211,26.1200008392334,706400,0.0,0.0
2025-05-02 00:00:00-04:00,26.270000457763672,26.639999389648438,26.19499969482422,26.549999237060547,326800,0.0,0.0
2025-05-05 00:00:00-04:00,26.200000762939453,26.8799991607666,26.145000457763672,26.299999237060547,422300,0.0,0.0
2025-05-06 00:00:00-04:00,26.399999618530273,27.516000747680664,26.040000915527344,26.790000915527344,829100,0.0,0.0
2025-05-07 00:00:00-04:00,26.8700008392334,29.170000076293945,26.600000381469727,29.1299991607666,1617500,0.0,0.0
2025-05-08 00:00:00-04:00,29.690000534057617,30.309999465942383,29.110000610351562,29.520000457763672,1209900,0.0,0.0
2025-05-09 00:00:00-04:00,29.670000076293945,30.829999923706055,29.579999923706055,30.739999771118164,770900,0.0,0.0
2025-05-12 00:00:00-04:00,31.5,31.90999984741211,30.690000534057617,31.780000686645508,690000,0.0,0.0
2025-05-13 00:00:00-04:00,31.520000457763672,32.52000045776367,31.450000762939453,32.400001525878906,629500,0.0,0.0
2025-05-14 00:00:00-04:00,32.0,32.41999816894531,31.672000885009766,32.41999816894531,741300,0.0,0.0
2025-05-15 00:00:00-04:00,32.029998779296875,32.23500061035156,31.200000762939453,31.690000534057617,605700,0.0,0.0
2025-05-16 00:00:00-04:00,31.639999389648438,32.25,31.309999465942383,32.209999084472656,447200,0.0,0.0
2025-05-19 00:00:00-04:00,31.3799991607666,31.56999969482422,30.889999389648438,31.559999465942383,616500,0.0,0.0
2025-05-20 00:00:00-04:00,31.329999923706055,32.13999938964844,31.040000915527344,31.790000915527344,524100,0.0,0.0
2025-05-21 00:00:00-04:00,31.31999969482422,32.880001068115234,31.299999237060547,32.209999084472656,530600,0.0,0.0
2025-05-22 00:00:00-04:00,32.290000915527344,33.439998626708984,32.1150016784668,33.150001525878906,542500,0.0,0.0
2025-05-23 00:00:00-04:00,32.79999923706055,33.88999938964844,32.619998931884766,33.7599983215332,549800,0.0,0.0
2025-05-27 00:00:00-04:00,33.79999923706055,34.130001068115234,32.689998626708984,32.81999969482422,641900,0.0,0.0
2025-05-28 00:00:00-04:00,33.0,33.060001373291016,32.53200149536133,32.709999084472656,352900,0.0,0.0
2025-05-29 00:00:00-04:00,33.029998779296875,33.06999969482422,31.8799991607666,32.099998474121094,342100,0.0,0.0
2025-05-30 00:00:00-04:00,32.15999984741211,32.4900016784668,31.711000442504883,32.41999816894531,580400,0.0,0.0
2025-06-02 00:00:00-04:00,32.02000045776367,33.119998931884766,31.200000762939453,32.939998626708984,732600,0.0,0.0
2025-06-03 00:00:00-04:00,32.84000015258789,33.07600021362305,32.47999954223633,32.650001525878906,405100,0.0,0.0
2025-06-04 00:00:00-04:00,32.68000030517578,33.58000183105469,32.65999984741211,33.4900016784668,483200,0.0,0.0
2025-06-05 00:00:00-04:00,33.7400016784668,34.06999969482422,33.064998626708984,33.38999938964844,409000,0.0,0.0
2025-06-06 00:00:00-04:00,33.7400016784668,33.95600128173828,33.38999938964844,33.779998779296875,283100,0.0,0.0
2025-06-09 00:00:00-04:00,33.810001373291016,33.810001373291016,31.584999084472656,32.18000030517578,603200,0.0,0.0
2025-06-10 00:00:00-04:00,32.220001220703125,32.599998474121094,31.784000396728516,31.93000030517578,391200,0.0,0.0
2025-06-11 00:00:00-04:00,31.979999542236328,32.29999923706055,31.56999969482422,31.709999084472656,376800,0.0,0.0
2025-06-12 00:00:00-04:00,31.469999313354492,31.469999313354492,29.600000381469727,29.920000076293945,632000,0.0,0.0
2025-06-13 00:00:00-04:00,29.31999969482422,29.68899917602539,28.959999084472656,29.229999542236328,489600,0.0,0.0
2025-06-16 00:00:00-04:00,29.59000015258789,30.024999618530273,29.209999084472656,29.8799991607666,466900,0.0,0.0
2025-06-17 00:00:00-04:00,29.420000076293945,29.959999084472656,29.209999084472656,29.459999084472656,369200,0.0,0.0
2025-06-18 00:00:00-04:00,29.65999984741211,30.18000030517578,29.459999084472656,29.6200008392334,415800,0.0,0.0
2025-06-20 00:00:00-04:00,29.420000076293945,29.7450008392334,28.510000228881836,29.049999237060547,419000,0.0,0.0
2025-06-23 00:00:00-04:00,28.989999771118164,29.309999465942383,28.499000549316406,29.049999237060547,352800,0.0,0.0
2025-06-24 00:00:00-04:00,29.6200008392334,29.809999465942383,28.969999313354492,29.31999969482422,480000,0.0,0.0
2025-06-25 00:00:00-04:00,29.43000030517578,29.798999786376953,29.059999465942383,29.059999465942383,369100,0.0,0.0
2025-06-26 00:00:00-04:00,29.329999923706055,29.459999084472656,28.780000686645508,29.18000030517578,358000,0.0,0.0
2025-06-27 00:00:00-04:00,29.15999984741211,29.295000076293945,28.6299991607666,28.639999389648438,567800,0.0,0.0
2025-06-30 00:00:00-04:00,29.079999923706055,29.739999771118164,28.815000534057617,29.329999923706055,992500,0.0,0.0
2025-07-01 00:00:00-04:00,29.260000228881836,30.65999984741211,29.0,29.700000762939453,1339700,0.0,0.0
2025-07-02 00:00:00-04:00,29.809999465942383,29.899999618530273,29.010000228881836,29.100000381469727,674700,0.0,0.0
2025-07-03 00:00:00-04:00,29.0,29.479999542236328,28.760000228881836,28.899999618530273,288500,0.0,0.0
2025-07-07 00:00:00-04:00,28.889999389648438,29.049999237060547,28.514999389648438,28.690000534057617,425900,0.0,0.0
2025-07-08 00:00:00-04:00,28.719999313354492,29.200000762939453,27.110000610351562,27.770000457763672,877700,0.0,0.0
2025-07-09 00:00:00-04:00,27.899999618530273,27.899999618530273,27.190000534057617,27.75,1013500,0.0,0.0
2025-07-10 00:00:00-04:00,27.760000228881836,27.80500030517578,27.15999984741211,27.530000686645508,1023100,0.0,0.0
2025-07-11 00:00:00-04:00,27.489999771118164,27.979999542236328,26.93000030517578,27.229999542236328,725500,0.0,0.0
2025-07-14 00:00:00-04:00,27.139999389648438,27.545000076293945,26.6200008392334,27.010000228881836,935800,0.0,0.0
2025-07-15 00:00:00-04:00,27.209999084472656,27.299999237060547,26.239999771118164,26.25,478800,0.0,0.0
2025-07-16 00:00:00-04:00,26.360000610351562,26.600000381469727,25.959999084472656,26.1200008392334,581600,0.0,0.0
2025-07-17 00:00:00-04:00,26.110000610351562,26.3700008392334,25.65999984741211,25.799999237060547,862400,0.0,0.0
2025-07-18 00:00:00-04:00,25.920000076293945,25.920000076293945,25.399999618530273,25.690000534057617,616200,0.0,0.0
2025-07-21 00:00:00-04:00,25.6299991607666,26.1200008392334,25.479999542236328,25.84000015258789,659300,0.0,0.0
2025-07-22 00:00:00-04:00,25.940000534057617,26.530000686645508,25.68000030517578,26.1200008392334,710100,0.0,0.0
2025-07-23 00:00:00-04:00,26.290000915527344,26.90999984741211,26.079999923706055,26.649999618530273,654800,0.0,0.0
2025-07-24 00:00:00-04:00,26.5,26.6200008392334,26.0,26.020000457763672,475500,0.0,0.0
2025-07-25 00:00:00-04:00,26.079999923706055,26.225000381469727,25.6299991607666,25.770000457763672,704500,0.0,0.0
2025-07-28 00:00:00-04:00,25.780000686645508,25.969999313354492,25.135000228881836,25.34000015258789,625900,0.0,0.0
2025-07-29 00:00:00-04:00,25.25,25.469999313354492,24.860000610351562,25.010000228881836,1477000,0.0,0.0
2025-07-30 00:00:00-04:00,22.760000228881836,23.8799991607666,21.399999618530273,22.030000686645508,3415500,0.0,0.0
2025-07-31 00:00:00-04:00,22.545000076293945,22.979999542236328,21.94499969482422,22.079999923706055,1795600,0.0,0.0
2025-08-01 00:00:00-04:00,22.0,22.44300079345703,21.80299949645996,22.079999923706055,1110900,0.0,0.0
2025-08-04 00:00:00-04:00,22.549999237060547,22.920000076293945,21.860000610351562,21.969999313354492,1241700,0.0,0.0
2025-08-05 00:00:00-04:00,21.950000762939453,22.2450008392334,21.440000534057617,21.690000534057617,1477800,0.0,0.0
2025-08-06 00:00:00-04:00,21.780000686645508,22.30500030517578,21.719999313354492,22.059999465942383,1290400,0.0,0.0
2025-08-07 00:00:00-04:00,22.399999618530273,22.90999984741211,22.030000686645508,22.90999984741211,1372700,0.0,0.0
2025-08-08 00:00:00-04:00,22.84000015258789,23.049999237060547,21.700000762939453,21.709999084472656,1232900,0.0,0.0
2025-08-11 00:00:00-04:00,21.75,22.0,21.184999465942383,21.850000381469727,2262200,0.0,0.0
2025-08-12 00:00:00-04:00,22.0,22.0,21.209999084472656,21.3700008392334,1373100,0.0,0.0
2025-08-13 00:00:00-04:00,21.360000610351562,22.309999465942383,21.1299991607666,22.18000030517578,1231000,0.0,0.0
2025-08-14 00:00:00-04:00,22.010000228881836,22.40999984741211,21.649999618530273,22.040000915527344,1055600,0.0,0.0
2025-08-15 00:00:00-04:00,21.979999542236328,22.399999618530273,21.950000762939453,22.3700008392334,544900,0.0,0.0
2025-08-18 00:00:00-04:00,22.3700008392334,23.8799991607666,22.3700008392334,23.6200008392334,1028900,0.0,0.0
2025-08-19 00:00:00-04:00,24.25,24.440000534057617,22.8700008392334,22.959999084472656,1068800,0.0,0.0
2025-08-20 00:00:00-04:00,22.899999618530273,23.06999969482422,22.329999923706055,22.8799991607666,697200,0.0,0.0
2025-08-21 00:00:00-04:00,22.719999313354492,23.110000610351562,22.59000015258789,23.040000915527344,671600,0.0,0.0
2025-08-22 00:00:00-04:00,23.329999923706055,23.899999618530273,23.06999969482422,23.6200008392334,687100,0.0,0.0
2025-08-25 00:00:00-04:00,23.700000762939453,23.829999923706055,23.399999618530273,23.450000762939453,503100,0.0,0.0
2025-08-26 00:00:00-04:00,23.34000015258789,23.4950008392334,22.959999084472656,22.969999313354492,454800,0.0,0.0
2025-08-27 00:00:00-04:00,22.979999542236328,23.280000686645508,22.854999542236328,23.190000534057617,381300,0.0,0.0
2025-08-28 00:00:00-04:00,23.229999542236328,23.719999313354492,23.149999618530273,23.6200008392334,554400,0.0,0.0
2025-08-29 00:00:00-04:00,23.600000381469727,24.0,23.530000686645508,23.549999237060547,467200,0.0,0.0
2025-09-02 00:00:00-04:00,23.059999465942383,23.5,22.770000457763672,23.110000610351562,438100,0.0,0.0
2025-09-03 00:00:00-04:00,23.079999923706055,23.540000915527344,23.020000457763672,23.399999618530273,305900,0.0,0.0
2025-09-04 00:00:00-04:00,23.530000686645508,23.530000686645508,23.065000534057617,23.399999618530273,303900,0.0,0.0
2025-09-05 00:00:00-04:00,23.559999465942383,24.18000030517578,23.479999542236328,23.700000762939453,356100,0.0,0.0
2025-09-08 00:00:00-04:00,23.8700008392334,24.424999237060547,23.329999923706055,24.209999084472656,504200,0.0,0.0
2025-09-09 00:00:00-04:00,23.989999771118164,24.18000030517578,23.479999542236328,23.670000076293945,618600,0.0,0.0
2025-09-10 00:00:00-04:00,23.690000534057617,23.739999771118164,23.079999923706055,23.239999771118164,650800,0.0,0.0
2025-09-11 00:00:00-04:00,23.5,23.899999618530273,23.270000457763672,23.770000457763672,451500,0.0,0.0
2025-09-12 00:00:00-04:00,23.760000228881836,24.100000381469727,23.639999389648438,23.850000381469727,557600,0.0,0.0
2025-09-15 00:00:00-04:00,23.84000015258789,24.399999618530273,22.100000381469727,22.93000030517578,2010900,0.0,0.0
2025-09-16 00:00:00-04:00,22.729999542236328,23.75,22.639999389648438,23.219999313354492,819400,0.0,0.0
2025-09-17 00:00:00-04:00,23.3700008392334,24.639999389648438,23.31999969482422,24.350000381469727,906900,0.0,0.0
2025-09-18 00:00:00-04:00,24.56999969482422,25.239999771118164,24.56999969482422,25.209999084472656,857700,0.0,0.0
2025-09-19 00:00:00-04:00,25.729999542236328,28.0,25.729999542236328,26.670000076293945,2362800,0.0,0.0
2025-09-22 00:00:00-04:00,26.5,26.59000015258789,25.329999923706055,25.34000015258789,854100,0.0,0.0
2025-09-23 00:00:00-04:00,25.700000762939453,26.0,25.489999771118164,25.6299991607666,850700,0.0,0.0
2025-09-24 00:00:00-04:00,25.600000381469727,25.729999542236328,25.020000457763672,25.049999237060547,762200,0.0,0.0
2025-09-25 00:00:00-04:00,24.799999237060547,24.959999084472656,24.3700008392334,24.850000381469727,545300,0.0,0.0
2025-09-26 00:00:00-04:00,24.8700008392334,25.459999084472656,24.864999771118164,25.280000686645508,536900,0.0,0.0
2025-09-29 00:00:00-04:00,25.600000381469727,25.739999771118164,25.209999084472656,25.360000610351562,556700,0.0,0.0
2025-09-30 00:00:00-04:00,25.450000762939453,25.579999923706055,23.8799991607666,24.40999984741211,788100,0.0,0.0
2025-10-01 00:00:00-04:00,24.209999084472656,24.31999969482422,23.219999313354492,23.25,1041400,0.0,0.0
2025-10-02 00:00:00-04:00,23.389999389648438,23.583999633789062,23.149999618530273,23.489999771118164,649500,0.0,0.0
2025-10-03 00:00:00-04:00,23.649999618530273,23.90999984741211,23.309999465942383,23.469999313354492,637400,0.0,0.0
2025-10-06 00:00:00-04:00,23.540000915527344,24.209999084472656,23.25,24.020000457763672,571800,0.0,0.0
2025-10-07 00:00:00-04:00,24.280000686645508,24.38800048828125,23.40999984741211,23.510000228881836,454700,0.0,0.0
2025-10-08 00:00:00-04:00,23.549999237060547,24.0,23.420000076293945,23.950000762939453,565300,0.0,0.0
2025-10-09 00:00:00-04:00,24.049999237060547,24.19099998474121,23.19499969482422,23.40999984741211,566600,0.0,0.0
2025-10-10 00:00:00-04:00,23.559999465942383,23.559999465942383,22.600000381469727,22.799999237060547,648300,0.0,0.0
2025-10-13 00:00:00-04:00,22.8700008392334,22.899999618530273,22.100000381469727,22.639999389648438,606600,0.0,0.0
2025-10-14 00:00:00-04:00,22.600000381469727,22.8799991607666,22.368000030517578,22.770000457763672,479000,0.0,0.0
2025-10-15 00:00:00-04:00,22.920000076293945,22.989999771118164,22.530000686645508,22.709999084472656,361200,0.0,0.0
2025-10-16 00:00:00-04:00,22.799999237060547,22.90399932861328,21.90999984741211,22.100000381469727,437800,0.0,0.0
2025-10-17 00:00:00-04:00,21.860000610351562,22.1299991607666,21.700000762939453,21.889999389648438,516800,0.0,0.0
2025-10-20 00:00:00-04:00,22.575000762939453,22.829999923706055,22.229999542236328,22.75,592500,0.0,0.0
2025-10-21 00:00:00-04:00,22.639999389648438,23.260000228881836,22.510000228881836,23.1299991607666,371600,0.0,0.0
2025-10-22 00:00:00-04:00,22.899999618530273,23.059999465942383,22.34000015258789,22.540000915527344,387700,0.0,0.0
2025-10-23 00:00:00-04:00,22.5,23.280000686645508,22.469999313354492,22.90999984741211,451600,0.0,0.0
2025-10-24 00:00:00-04:00,22.81999969482422,23.450000762939453,22.780000686645508,22.959999084472656,1119900,0.0,0.0
2025-10-27 00:00:00-04:00,23.079999923706055,23.850000381469727,23.010000228881836,23.200000762939453,1215300,0.0,0.0
2025-10-28 00:00:00-04:00,23.68000030517578,23.690000534057617,23.135000228881836,23.600000381469727,608800,0.0,0.0
2025-10-29 00:00:00-04:00,23.280000686645508,23.298999786376953,22.530000686645508,22.860000610351562,841700,0.0,0.0
2025-10-30 00:00:00-04:00,22.709999084472656,22.860000610351562,22.165000915527344,22.18000030517578,761700,0.0,0.0
2025-10-31 00:00:00-04:00,22.299999237060547,22.690000534057617,22.25,22.639999389648438,648000,0.0,0.0
2025-11-03 00:00:00-05:00,22.5,22.829999923706055,22.079999923706055,22.229999542236328,693700,0.0,0.0
2025-11-04 00:00:00-05:00,22.309999465942383,22.440000534057617,21.600000381469727,21.6299991607666,1245700,0.0,0.0
2025-11-05 00:00:00-05:00,22.649999618530273,22.84000015258789,20.200000762939453,20.559999465942383,1910400,0.0,0.0
2025-11-06 00:00:00-05:00,20.290000915527344,21.0,19.959999084472656,19.979999542236328,1206600,0.0,0.0
2025-11-07 00:00:00-05:00,19.809999465942383,20.969999313354492,19.690000534057617,20.889999389648438,880400,0.0,0.0
2025-11-10 00:00:00-05:00,21.1200008392334,22.040000915527344,21.0,21.829999923706055,949200,0.0,0.0
2025-11-11 00:00:00-05:00,21.809999465942383,22.43000030517578,21.809999465942383,22.399999618530273,797800,0.0,0.0
2025-11-12 00:00:00-05:00,22.670000076293945,22.700000762939453,21.81999969482422,21.950000762939453,826500,0.0,0.0
2025-11-13 00:00:00-05:00,21.799999237060547,22.375,21.3799991607666,22.329999923706055,846900,0.0,0.0
2025-11-14 00:00:00-05:00,22.100000381469727,22.149999618530273,21.510000228881836,21.790000915527344,682000,0.0,0.0
2025-11-17 00:00:00-05:00,21.760000228881836,21.760000228881836,20.360000610351562,20.420000076293945,860700,0.0,0.0
2025-11-18 00:00:00-05:00,20.239999771118164,20.469999313354492,19.81999969482422,20.18000030517578,823300,0.0,0.0
2025-11-19 00:00:00-05:00,20.309999465942383,20.59000015258789,20.020000457763672,20.31999969482422,689900,0.0,0.0
2025-11-20 00:00:00-05:00,20.329999923706055,20.459999084472656,19.770000457763672,19.90999984741211,666000,0.0,0.0
2025-11-21 00:00:00-05:00,19.860000610351562,20.34000015258789,19.354999542236328,20.200000762939453,789300,0.0,0.0
2025-11-24 00:00:00-05:00,20.200000762939453,20.219999313354492,19.780000686645508,19.979999542236328,682900,0.0,0.0
2025-11-25 00:00:00-05:00,20.200000762939453,20.709999084472656,20.138999938964844,20.459999084472656,824000,0.0,0.0
2025-11-26 00:00:00-05:00,20.700000762939453,20.865999221801758,20.520000457763672,20.520000457763672,508000,0.0,0.0
2025-11-28 00:00:00-05:00,20.8700008392334,21.3700008392334,20.829999923706055,20.93000030517578,304400,0.0,0.0
2025-12-01 00:00:00-05:00,20.540000915527344,20.899999618530273,20.43000030517578,20.760000228881836,653600,0.0,0.0
2025-12-02 00:00:00-05:00,20.899999618530273,21.260000228881836,20.75,21.059999465942383,704300,0.0,0.0
2025-12-03 00:00:00-05:00,21.149999618530273,21.639999389648438,21.104999542236328,21.469999313354492,587200,0.0,0.0
2025-12-04 00:00:00-05:00,21.530000686645508,21.65999984741211,21.1560001373291,21.479999542236328,652000,0.0,0.0
2025-12-05 00:00:00-05:00,21.309999465942383,22.170000076293945,21.309999465942383,21.540000915527344,765000,0.0,0.0
2025-12-08 00:00:00-05:00,21.440000534057617,21.600000381469727,21.179000854492188,21.450000762939453,498200,0.0,0.0
2025-12-09 00:00:00-05:00,21.229999542236328,21.940000534057617,21.15999984741211,21.920000076293945,519800,0.0,0.0
2025-12-10 00:00:00-05:00,21.68000030517578,21.989999771118164,20.940000534057617,20.989999771118164,503300,0.0,0.0
2025-12-11 00:00:00-05:00,20.959999084472656,21.360000610351562,20.90999984741211,20.940000534057617,492900,0.0,0.0
2025-12-12 00:00:00-05:00,20.770000457763672,21.350000381469727,20.65999984741211,20.690000534057617,735400,0.0,0.0
2025-12-15 00:00:00-05:00,20.709999084472656,20.860000610351562,19.940000534057617,19.979999542236328,854000,0.0,0.0
2025-12-16 00:00:00-05:00,19.989999771118164,20.75,19.989999771118164,20.420000076293945,645300,0.0,0.0
2025-12-17 00:00:00-05:00,20.399999618530273,20.760000228881836,19.93000030517578,19.93000030517578,607200,0.0,0.0
2025-12-18 00:00:00-05:00,20.209999084472656,20.299999237060547,19.770000457763672,19.899999618530273,1272100,0.0,0.0
2025-12-19 00:00:00-05:00,19.940000534057617,20.014999389648438,19.735000610351562,19.920000076293945,896700,0.0,0.0
2025-12-22 00:00:00-05:00,19.90999984741211,20.270000457763672,19.729999542236328,19.950000762939453,746300,0.0,0.0
2025-12-23 00:00:00-05:00,19.93000030517578,19.992000579833984,19.440000534057617,19.829999923706055,1134900,0.0,0.0
2025-12-24 00:00:00-05:00,19.719999313354492,20.170000076293945,19.579999923706055,19.969999313354492,500100,0.0,0.0
2025-12-26 00:00:00-05:00,19.920000076293945,20.086999893188477,19.704999923706055,19.760000228881836,1160700,0.0,0.0
2025-12-29 00:00:00-05:00,19.780000686645508,19.860000610351562,19.579999923706055,19.700000762939453,774500,0.0,0.0
2025-12-30 00:00:00-05:00,19.600000381469727,19.760000228881836,19.5,19.709999084472656,1010900,0.0,0.0
2025-12-31 00:00:00-05:00,19.670000076293945,19.84000015258789,19.459999084472656,19.760000228881836,877100,0.0,0.0
2026-01-02 00:00:00-05:00,19.760000228881836,20.290000915527344,19.6299991607666,19.68000030517578,971100,0.0,0.0
2026-01-05 00:00:00-05:00,19.850000381469727,20.350000381469727,19.670000076293945,19.719999313354492,833300,0.0,0.0
2026-01-06 00:00:00-05:00,19.760000228881836,20.0,19.5049991607666,19.90999984741211,963000,0.0,0.0
2026-01-07 00:00:00-05:00,20.0,20.170000076293945,19.549999237060547,19.729999542236328,746100,0.0,0.0
2026-01-08 00:00:00-05:00,19.600000381469727,19.700000762939453,18.25,18.34000015258789,1687700,0.0,0.0
2026-01-09 00:00:00-05:00,18.3700008392334,18.57900047302246,17.760000228881836,18.139999389648438,1239800,0.0,0.0
2026-01-12 00:00:00-05:00,18.1299991607666,18.649999618530273,17.950000762939453,18.239999771118164,1356900,0.0,0.0
2026-01-13 00:00:00-05:00,18.25,18.450000762939453,17.31999969482422,17.360000610351562,1207000,0.0,0.0
2026-01-14 00:00:00-05:00,17.299999237060547,17.350000381469727,17.049999237060547,17.280000686645508,942600,0.0,0.0
2026-01-15 00:00:00-05:00,17.350000381469727,17.3799991607666,16.923999786376953,17.06999969482422,881500,0.0,0.0
2026-01-16 00:00:00-05:00,17.06999969482422,17.110000610351562,16.479999542236328,16.56999969482422,1128100,0.0,0.0
2026-01-20 00:00:00-05:00,16.209999084472656,16.31999969482422,15.760000228881836,15.779999732971191,1410700,0.0,0.0
2026-01-21 00:00:00-05:00,15.899999618530273,16.010000228881836,15.609999656677246,15.699999809265137,1185000,0.0,0.0
2026-01-22 00:00:00-05:00,16.06999969482422,16.649999618530273,16.059999465942383,16.489999771118164,1926200,0.0,0.0
2026-01-23 00:00:00-05:00,16.5,16.579999923706055,16.079999923706055,16.15999984741211,1151300,0.0,0.0
2026-01-26 00:00:00-05:00,16.229999542236328,16.735000610351562,16.163000106811523,16.68000030517578,1020800,0.0,0.0
2026-01-27 00:00:00-05:00,16.610000610351562,16.760000228881836,15.949999809265137,16.690000534057617,1674900,0.0,0.0
2026-01-28 00:00:00-05:00,16.729999542236328,17.334999084472656,16.68199920654297,16.989999771118164,1202100,0.0,0.0
2026-01-29 00:00:00-05:00,16.979999542236328,17.06999969482422,16.5,17.059999465942383,1011800,0.0,0.0
2026-01-30 00:00:00-05:00,16.93000030517578,17.09000015258789,16.510000228881836,16.75,1003000,0.0,0.0
2026-02-02 00:00:00-05:00,16.709999084472656,17.31999969482422,16.510000228881836,16.899999618530273,1318800,0.0,0.0
2026-02-03 00:00:00-05:00,16.75,16.7549991607666,15.529999732971191,16.049999237060547,2443800,0.0,0.0
2026-02-04 00:00:00-05:00,16.1299991607666,16.18000030517578,15.300000190734863,15.84000015258789,1489300,0.0,0.0
2026-02-05 00:00:00-05:00,15.800000190734863,16.360000610351562,15.069999694824219,15.15999984741211,1360700,0.0,0.0
2026-02-06 00:00:00-05:00,15.270000457763672,15.550000190734863,15.100000381469727,15.460000038146973,797300,0.0,0.0
2026-02-09 00:00:00-05:00,15.420000076293945,15.699999809265137,15.208000183105469,15.569999694824219,1381100,0.0,0.0
2026-02-10 00:00:00-05:00,15.0,15.59000015258789,14.649999618530273,15.489999771118164,1663000,0.0,0.0
2026-02-11 00:00:00-05:00,15.479999542236328,15.520000457763672,14.302000045776367,14.4399995803833,2042900,0.0,0.0
2026-02-12 00:00:00-05:00,14.5600004196167,14.5600004196167,13.470000267028809,13.800000190734863,2098300,0.0,0.0
2026-02-13 00:00:00-05:00,13.59000015258789,14.550000190734863,13.59000015258789,14.34000015258789,1260200,0.0,0.0
2026-02-17 00:00:00-05:00,14.40999984741211,14.5,13.069999694824219,13.100000381469727,3382800,0.0,0.0
2026-02-18 00:00:00-05:00,10.3100004196167,12.59000015258789,10.25,12.350000381469727,7083500,0.0,0.0
2026-02-19 00:00:00-05:00,11.8100004196167,11.819999694824219,11.010000228881836,11.319999694824219,4095800,0.0,0.0
2026-02-20 00:00:00-05:00,11.239999771118164,12.029999732971191,11.239999771118164,11.680000305175781,2620800,0.0,0.0
2026-02-23 00:00:00-05:00,11.550000190734863,11.550000190734863,10.630000114440918,10.649999618530273,2345000,0.0,0.0
2026-02-24 00:00:00-05:00,10.680000305175781,11.170000076293945,10.5,11.0600004196167,2030100,0.0,0.0
2026-02-25 00:00:00-05:00,11.069999694824219,11.300000190734863,10.880000114440918,11.079999923706055,1495300,0.0,0.0
2026-02-26 00:00:00-05:00,11.210000038146973,12.289999961853027,11.210000038146973,11.6899995803833,2730400,0.0,0.0
2026-02-27 00:00:00-05:00,11.489999771118164,11.779999732971191,10.640000343322754,10.829999923706055,2092400,0.0,0.0
2026-03-02 00:00:00-05:00,10.149999618530273,10.619999885559082,10.149999618530273,10.449999809265137,1625600,0.0,0.0
2026-03-03 00:00:00-05:00,10.220000267028809,10.880000114440918,10.149999618530273,10.6899995803833,1027000,0.0,0.0
2026-03-04 00:00:00-05:00,10.779999732971191,10.920000076293945,10.569999694824219,10.869999885559082,712100,0.0,0.0
2026-03-05 00:00:00-05:00,10.869999885559082,11.510000228881836,10.869999885559082,11.380000114440918,1429000,0.0,0.0
2026-03-06 00:00:00-05:00,11.229999542236328,11.329999923706055,10.930000305175781,11.329999923706055,771500,0.0,0.0
2026-03-09 00:00:00-04:00,11.039999961853027,11.260000228881836,10.767999649047852,11.260000228881836,939000,0.0,0.0
2026-03-10 00:00:00-04:00,11.229999542236328,11.229999542236328,10.680000305175781,10.930000305175781,806400,0.0,0.0
2026-03-11 00:00:00-04:00,11.010000228881836,11.3100004196167,10.755000114440918,10.829999923706055,955400,0.0,0.0
2026-03-12 00:00:00-04:00,10.789999961853027,10.970000267028809,10.319999694824219,10.350000381469727,743000,0.0,0.0
2026-03-13 00:00:00-04:00,10.449999809265137,10.619999885559082,10.289999961853027,10.460000038146973,941900,0.0,0.0
2026-03-16 00:00:00-04:00,10.619999885559082,10.649999618530273,10.385000228881836,10.460000038146973,627400,0.0,0.0
2026-03-17 00:00:00-04:00,10.600000381469727,11.260000228881836,10.520000457763672,10.989999771118164,912300,0.0,0.0
2026-03-18 00:00:00-04:00,10.800000190734863,11.119999885559082,10.529999732971191,10.539999961853027,696100,0.0,0.0
2026-03-19 00:00:00-04:00,10.399999618530273,10.539999961853027,9.9399995803833,10.199999809265137,1295300,0.0,0.0
2026-03-20 00:00:00-04:00,10.100000381469727,10.479999542236328,9.899999618530273,10.25,764100,0.0,0.0
2026-03-23 00:00:00-04:00,10.239999771118164,10.40999984741211,10.010000228881836,10.15999984741211,1109100,0.0,0.0
2026-03-24 00:00:00-04:00,10.050000190734863,10.149999618530273,9.880000114440918,10.029999732971191,927400,0.0,0.0
2026-03-25 00:00:00-04:00,10.210000038146973,10.300000190734863,9.8100004196167,10.029999732971191,749500,0.0,0.0
2026-03-26 00:00:00-04:00,9.90999984741211,10.329999923706055,9.90999984741211,10.119999885559082,722900,0.0,0.0
2026-03-27 00:00:00-04:00,9.989999771118164,10.010000228881836,9.739999771118164,9.760000228881836,945000,0.0,0.0
2026-03-30 00:00:00-04:00,9.800000190734863,9.986000061035156,9.670000076293945,9.819999694824219,778700,0.0,0.0
2026-03-31 00:00:00-04:00,9.970000267028809,10.170000076293945,9.829999923706055,10.020000457763672,683500,0.0,0.0
2026-04-01 00:00:00-04:00,10.149999618530273,10.255000114440918,9.789999961853027,10.149999618530273,633300,0.0,0.0
2026-04-02 00:00:00-04:00,9.930000305175781,10.1899995803833,9.75,10.029999732971191,579700,0.0,0.0
2026-04-06 00:00:00-04:00,10.050000190734863,10.550000190734863,10.020000457763672,10.279999732971191,574600,0.0,0.0
2026-04-07 00:00:00-04:00,10.239999771118164,10.279999732971191,10.050000190734863,10.149999618530273,544600,0.0,0.0
2026-04-08 00:00:00-04:00,10.619999885559082,10.75,10.100000381469727,10.130000114440918,522400,0.0,0.0
2026-04-09 00:00:00-04:00,10.029999732971191,10.270000457763672,9.850000381469727,10.1899995803833,603400,0.0,0.0
2026-04-10 00:00:00-04:00,10.239999771118164,10.5,10.130000114440918,10.3100004196167,651300,0.0,0.0
2026-04-13 00:00:00-04:00,10.180000305175781,10.579999923706055,9.859999656677246,10.510000228881836,954700,0.0,0.0
2026-04-14 00:00:00-04:00,10.630000114440918,10.880000114440918,10.369999885559082,10.529999732971191,868200,0.0,0.0
2026-04-15 00:00:00-04:00,10.5,10.920000076293945,10.460000038146973,10.640000343322754,634100,0.0,0.0
2026-04-16 00:00:00-04:00,10.789999961853027,10.930000305175781,10.675000190734863,10.899999618530273,629600,0.0,0.0
2026-04-17 00:00:00-04:00,10.920000076293945,11.390000343322754,10.729999542236328,10.90999984741211,1030200,0.0,0.0
2026-04-20 00:00:00-04:00,10.8100004196167,10.899999618530273,10.449999809265137,10.739999771118164,911600,0.0,0.0
2026-04-21 00:00:00-04:00,10.770000457763672,11.020000457763672,10.479999542236328,10.520000457763672,1153800,0.0,0.0
2026-04-22 00:00:00-04:00,10.670000076293945,10.970000267028809,10.555000305175781,10.6899995803833,593800,0.0,0.0
2026-04-23 00:00:00-04:00,10.510000228881836,10.539999961853027,10.0,10.210000038146973,806800,0.0,0.0
2026-04-24 00:00:00-04:00,10.229999542236328,10.649999618530273,10.210000038146973,10.640000343322754,508400,0.0,0.0
2026-04-27 00:00:00-04:00,10.569999694824219,10.859999656677246,10.4399995803833,10.630000114440918,635100,0.0,0.0
2026-04-28 00:00:00-04:00,10.770000457763672,10.819999694824219,10.220000267028809,10.359999656677246,903800,0.0,0.0
2026-04-29 00:00:00-04:00,12.149999618530273,13.234999656677246,11.720000267028809,12.119999885559082,4208300,0.0,0.0
2026-04-30 00:00:00-04:00,12.055000305175781,12.055000305175781,11.369999885559082,11.640000343322754,1366300,0.0,0.0
2026-05-01 00:00:00-04:00,11.800000190734863,12.34000015258789,11.770000457763672,12.149999618530273,893500,0.0,0.0
2026-05-04 00:00:00-04:00,12.149999618530273,12.390000343322754,11.569999694824219,11.569999694824219,737900,0.0,0.0
2026-05-05 00:00:00-04:00,11.609999656677246,11.760000228881836,11.430000305175781,11.569999694824219,521400,0.0,0.0
2026-05-06 00:00:00-04:00,11.600000381469727,11.652999877929688,11.220000267028809,11.260000228881836,683900,0.0,0.0
2026-05-07 00:00:00-04:00,11.300000190734863,12.039999961853027,11.300000190734863,11.75,844400,0.0,0.0
2026-05-08 00:00:00-04:00,11.399999618530273,11.529999732971191,11.0600004196167,11.449999809265137,1060200,0.0,0.0
2026-05-11 00:00:00-04:00,11.399999618530273,11.40999984741211,10.960000038146973,11.050000190734863,827700,0.0,0.0
2026-05-12 00:00:00-04:00,11.100000381469727,11.149999618530273,10.75,10.90999984741211,645700,0.0,0.0
2026-05-13 00:00:00-04:00,10.829999923706055,10.829999923706055,10.420000076293945,10.6899995803833,781000,0.0,0.0
2026-05-14 00:00:00-04:00,10.6899995803833,10.710000038146973,10.149999618530273,10.170000076293945,814800,0.0,0.0
2026-05-15 00:00:00-04:00,10.1899995803833,10.510000228881836,10.109999656677246,10.350000381469727,587200,0.0,0.0
2026-05-18 00:00:00-04:00,10.350000381469727,10.8100004196167,10.350000381469727,10.720000267028809,1156600,0.0,0.0
2026-05-19 00:00:00-04:00,10.819999694824219,11.170000076293945,10.579999923706055,10.619999885559082,666000,0.0,0.0
2026-05-20 00:00:00-04:00,10.5600004196167,10.789999961853027,10.199999809265137,10.760000228881836,681300,0.0,0.0
2026-05-21 00:00:00-04:00,10.59000015258789,10.930000305175781,10.300000190734863,10.84000015258789,558000,0.0,0.0
2026-05-22 00:00:00-04:00,10.859999656677246,11.100000381469727,10.729999542236328,11.09000015258789,528800,0.0,0.0
2026-05-26 00:00:00-04:00,11.020000457763672,11.100000381469727,10.770000457763672,10.949999809265137,711800,0.0,0.0
2026-05-27 00:00:00-04:00,10.899999618530273,11.319999694824219,10.789999961853027,10.949999809265137,504400,0.0,0.0
2026-05-28 00:00:00-04:00,10.9399995803833,11.149999618530273,10.793000221252441,11.0,638200,0.0,0.0
2026-05-29 00:00:00-04:00,10.880000114440918,11.569999694824219,10.710000038146973,10.989999771118164,3014200,0.0,0.0
2026-06-01 00:00:00-04:00,11.050000190734863,11.479999542236328,10.90999984741211,11.449999809265137,1416600,0.0,0.0
2026-06-02 00:00:00-04:00,11.300000190734863,11.300000190734863,10.579999923706055,10.579999923706055,984000,0.0,0.0
2026-06-03 00:00:00-04:00,10.5,10.5,9.980999946594238,10.069999694824219,1148300,0.0,0.0
2026-06-04 00:00:00-04:00,10.220000267028809,10.420000076293945,10.119999885559082,10.279999732971191,569900,0.0,0.0
2026-06-05 00:00:00-04:00,10.25,10.489999771118164,10.109999656677246,10.239999771118164,677000,0.0,0.0
2026-06-08 00:00:00-04:00,10.140000343322754,10.479999542236328,10.0,10.25,524000,0.0,0.0
2026-06-09 00:00:00-04:00,10.170000076293945,10.515000343322754,10.119999885559082,10.300000190734863,571600,0.0,0.0
2026-06-10 00:00:00-04:00,10.140000343322754,10.369999885559082,10.039999961853027,10.069999694824219,754700,0.0,0.0
2026-06-11 00:00:00-04:00,10.0,10.069999694824219,9.664999961853027,9.859999656677246,1208300,0.0,0.0
2026-06-12 00:00:00-04:00,9.899999618530273,10.196000099182129,9.720000267028809,9.960000038146973,527300,0.0,0.0
2026-06-15 00:00:00-04:00,10.0,10.319999694824219,9.890000343322754,9.970000267028809,618600,0.0,0.0
2026-06-16 00:00:00-04:00,9.880000114440918,10.039999961853027,9.710000038146973,9.880000114440918,523400,0.0,0.0
2026-06-17 00:00:00-04:00,9.859999656677246,10.005000114440918,9.579999923706055,9.619999885559082,558100,0.0,0.0
2026-06-18 00:00:00-04:00,10.0600004196167,10.869999885559082,9.854999542236328,10.380000114440918,3418800,0.0,0.0
2026-06-22 00:00:00-04:00,10.380000114440918,10.390000343322754,9.9399995803833,9.9399995803833,1221000,0.0,0.0
2026-06-23 00:00:00-04:00,10.079999923706055,10.239999771118164,9.9399995803833,10.149999618530273,555200,0.0,0.0
2026-06-24 00:00:00-04:00,10.149999618530273,10.850000381469727,10.149999618530273,10.579999923706055,623300,0.0,0.0
2026-06-25 00:00:00-04:00,10.4399995803833,10.545000076293945,10.100000381469727,10.100000381469727,706800,0.0,0.0
2026-06-26 00:00:00-04:00,10.15999984741211,11.15999984741211,10.15999984741211,11.130000114440918,880400,0.0,0.0
2026-06-29 00:00:00-04:00,11.100000381469727,11.25,10.65999984741211,10.65999984741211,654500,0.0,0.0
2026-06-30 00:00:00-04:00,10.5600004196167,10.649999618530273,10.260000228881836,10.319999694824219,535800,0.0,0.0
2026-07-01 00:00:00-04:00,10.520000457763672,11.0649995803833,10.399999618530273,10.90999984741211,591800,0.0,0.0
2026-07-02 00:00:00-04:00,10.979999542236328,11.180000305175781,10.680000305175781,10.8100004196167,470200,0.0,0.0
2026-07-06 00:00:00-04:00,10.800000190734863,11.149999618530273,10.600000381469727,11.119999885559082,612100,0.0,0.0
2026-07-07 00:00:00-04:00,11.220000267028809,11.510000228881836,11.180000305175781,11.220000267028809,607800,0.0,0.0
2026-07-08 00:00:00-04:00,11.130000114440918,11.170000076293945,10.710000038146973,10.869999885559082,421700,0.0,0.0
2026-07-09 00:00:00-04:00,10.630000114440918,10.949999809265137,10.5,10.920000076293945,416200,0.0,0.0
2026-07-10 00:00:00-04:00,11.039999961853027,11.104999542236328,10.829999923706055,11.039999961853027,296800,0.0,0.0
2026-07-13 00:00:00-04:00,11.100000381469727,11.479999542236328,11.100000381469727,11.270000457763672,544000,0.0,0.0
2026-07-14 00:00:00-04:00,11.050000190734863,11.180000305175781,10.859999656677246,11.069999694824219,471600,0.0,0.0
2026-07-15 00:00:00-04:00,11.34000015258789,11.479999542236328,11.15999984741211,11.25,364100,0.0,0.0
2026-07-16 00:00:00-04:00,11.4399995803833,11.949999809265137,11.25,11.640000343322754,919300,0.0,0.0
2026-07-17 00:00:00-04:00,11.510000228881836,11.6899995803833,11.210000038146973,11.220000267028809,510270,0.0,0.0
