Date,Open,High,Low,Close,Volume,Dividends,Stock Splits
2022-01-03 00:00:00-05:00,32.31666643661284,32.42250610689311,31.97268498476511,32.3784065246582,3508900,0.0,0.0
2022-01-04 00:00:00-05:00,32.448966236164324,32.98698984901461,32.43132573161062,32.86350631713867,5305600,0.0,0.0
2022-01-05 00:00:00-05:00,32.73763224072443,33.27838435237573,32.59579589845894,32.82627868652344,5777400,0.188,0.0
2022-01-06 00:00:00-05:00,32.78195430091527,33.58864910299691,32.78195430091527,33.180870056152344,6505000,0.0,0.0
2022-01-07 00:00:00-05:00,33.06562805175781,33.16314117083952,32.790822041594964,33.06562805175781,4939200,0.0,0.0
2022-01-10 00:00:00-05:00,33.11881280939901,33.28724238245085,32.90605663880942,33.07448959350586,7937500,0.0,0.0
2022-01-11 00:00:00-05:00,32.994716858455284,33.5975222533261,32.79969058904247,33.53546905517578,7580500,0.0,0.0
2022-01-12 00:00:00-05:00,33.455680319905845,33.71275636303189,33.28724734012365,33.69502639770508,7862300,0.0,0.0
2022-01-13 00:00:00-05:00,33.73048287151206,34.13826188730252,33.56205329063638,34.08507537841797,7646100,0.0,0.0
2022-01-14 00:00:00-05:00,34.05847511609127,34.88289973247215,33.83685566828231,34.82084655761719,8022500,0.0,0.0
2022-01-18 00:00:00-05:00,34.6169579471564,34.67014783336811,33.69502020935366,33.819129943847656,9632700,0.0,0.0
2022-01-19 00:00:00-05:00,33.93437949126477,34.22691887801832,33.67730342060782,34.02302932739258,5019300,0.0,0.0
2022-01-20 00:00:00-05:00,34.023021764637114,34.27123448733043,33.75707907865931,33.78367233276367,4903500,0.0,0.0
2022-01-21 00:00:00-05:00,33.916651537393875,34.31556736953569,33.508872411935876,33.53546905517578,6089300,0.0,0.0
2022-01-24 00:00:00-05:00,33.695020525788934,33.93436994352267,33.1276752607806,33.836856842041016,10963700,0.0,0.0
2022-01-25 00:00:00-05:00,33.63297413213135,34.04961987462355,33.18087183965838,33.757083892822266,6712700,0.0,0.0
2022-01-26 00:00:00-05:00,33.42908589216099,33.81027171778715,32.95038694161018,33.163143157958984,10407900,0.0,0.0
2022-01-27 00:00:00-05:00,33.16314766883809,34.14713896270964,33.16314766883809,33.33157730102539,5411900,0.0,0.0
2022-01-28 00:00:00-05:00,33.074487555829826,33.39361671958618,32.85286810837312,33.36702346801758,8513700,0.0,0.0
2022-01-31 00:00:00-05:00,33.08335228036499,33.75707732356829,33.074488990005925,33.6418342590332,8517600,0.0,0.0
2022-02-01 00:00:00-05:00,33.67729493916652,33.85458780348095,33.225189342888704,33.810264587402344,5775200,0.0,0.0
2022-02-02 00:00:00-05:00,33.95210202669446,34.47512410960474,33.83685895577668,34.36874771118164,5636500,0.0,0.0
2022-02-03 00:00:00-05:00,34.342161335060446,34.61696736782887,34.05848524637611,34.35102462768555,7443700,0.0,0.0
2022-02-04 00:00:00-05:00,34.0318839851428,34.262370118947494,33.57978177136378,33.8989143371582,5495900,0.0,0.0
2022-02-07 00:00:00-05:00,33.978695435032265,34.33328452330983,33.81912916173182,34.19144821166992,5469300,0.0,0.0
2022-02-08 00:00:00-05:00,34.2800966506821,34.59922921601712,34.111667077486224,34.43966293334961,6673400,0.0,0.0
2022-02-09 00:00:00-05:00,34.6524229542166,34.687882883559105,34.200320690857076,34.28896713256836,4168700,0.0,0.0
2022-02-10 00:00:00-05:00,33.71274868986891,34.31555384719921,33.70388540004538,33.93436813354492,6926000,0.0,0.0
2022-02-11 00:00:00-05:00,33.863460128392845,34.05848298802213,33.63297395567844,33.7127571105957,7005400,0.0,0.0
2022-02-14 00:00:00-05:00,33.79253694029369,33.890050051335535,33.34043469467994,33.77480697631836,6406200,0.0,0.0
2022-02-15 00:00:00-05:00,34.05848350653111,34.23577978478479,33.58865124355733,33.62411117553711,5583500,0.0,0.0
2022-02-16 00:00:00-05:00,33.64184627765705,33.83686917002969,33.375903510497444,33.61524963378906,7719100,0.0,0.0
2022-02-17 00:00:00-05:00,34.0318954440481,34.0318954440481,33.38476680402294,33.61524963378906,5994200,0.0,0.0
2022-02-18 00:00:00-05:00,33.491132454981404,34.22691070167003,33.48226916430868,34.11166763305664,6686300,0.0,0.0
2022-02-22 00:00:00-05:00,34.16485496000132,34.35101448497037,33.81912916173182,34.19144821166992,6932600,0.0,0.0
2022-02-23 00:00:00-05:00,34.16485834227895,34.342154594792035,33.739349365234375,33.739349365234375,7046400,0.0,0.0
2022-02-24 00:00:00-05:00,33.00357347931704,33.349299336728045,31.842286154229434,32.489418029785156,7374500,0.0,0.0
2022-02-25 00:00:00-05:00,32.7110246128492,34.04960429356799,32.66669802777792,33.952091217041016,8460500,0.0,0.0
2022-02-28 00:00:00-05:00,33.15427403082212,34.31555788818433,33.1010841406843,34.28009796142578,7980600,0.0,0.0
2022-03-01 00:00:00-05:00,34.02302151333706,34.38647730387262,33.66842901355593,33.82799530029297,6055500,0.0,0.0
2022-03-02 00:00:00-05:00,34.031887225229546,34.37761307720763,33.73048459346624,34.22691345214844,3860000,0.0,0.0
2022-03-03 00:00:00-05:00,34.2889666367781,34.46626289928209,34.15599359448886,34.22691345214844,5555900,0.0,0.0
2022-03-04 00:00:00-05:00,33.88119126960297,34.59923630712538,33.61524515622176,34.46626663208008,6418500,0.0,0.0
2022-03-07 00:00:00-05:00,34.37760986915561,34.7942555399127,33.739348118005495,33.810264587402344,6681800,0.0,0.0
2022-03-08 00:00:00-05:00,33.78367516490903,34.005294652076735,32.92379047257191,32.985843658447266,6479500,0.0,0.0
2022-03-09 00:00:00-05:00,33.42907839471716,33.62410460082615,32.78194998002637,33.35816192626953,9897100,0.0,0.0
2022-03-10 00:00:00-05:00,32.941514564085324,33.90777549112432,32.36530264752611,32.97697448730469,8174500,0.0,0.0
2022-03-11 00:00:00-05:00,33.101084487535715,33.464540286507486,32.57806239812318,32.63125228881836,6844900,0.0,0.0
2022-03-14 00:00:00-04:00,32.66670347814546,32.968106046042784,32.65784018863857,32.83513641357422,7036600,0.0,0.0
2022-03-15 00:00:00-04:00,33.12767891831123,33.25178528602846,32.88832947415162,33.1010856628418,6329300,0.0,0.0
2022-03-16 00:00:00-04:00,32.985842829194745,33.375895281056934,32.586927085992464,33.207462310791016,9275300,0.0,0.0
2022-03-17 00:00:00-04:00,33.180861911761674,33.783667042459825,33.180861911761674,33.50885772705078,5815000,0.0,0.0
2022-03-18 00:00:00-04:00,33.500004561721596,33.61524426738468,33.18973523152927,33.51773452758789,8574100,0.0,0.0
2022-03-21 00:00:00-04:00,33.508860790986674,33.81026338389498,33.216324869965256,33.49113082885742,4065700,0.0,0.0
2022-03-22 00:00:00-04:00,33.092229993161695,33.67730541975446,33.092229993161695,33.53546905517578,4241800,0.0,0.0
2022-03-23 00:00:00-04:00,33.4911354007516,33.67729833769972,32.6401173922415,32.68444061279297,5153300,0.0,0.0
2022-03-24 00:00:00-04:00,32.83513998611097,33.047892773866344,32.631250488826815,33.0301628112793,3461400,0.0,0.0
2022-03-25 00:00:00-04:00,32.96811730965141,33.35816981410072,32.932660757865875,33.313846588134766,2957900,0.0,0.0
2022-03-28 00:00:00-04:00,33.4024921592806,33.70389482220497,33.11881946260416,33.68616485595703,3424200,0.0,0.0
2022-03-29 00:00:00-04:00,33.703887882093724,34.093936914295845,33.55318489084079,33.9432373046875,4116300,0.0,0.0
2022-03-30 00:00:00-04:00,33.748210095565376,33.96096625876773,33.56205056629111,33.819129943847656,3625700,0.0,0.0
2022-03-31 00:00:00-04:00,33.98661777133118,34.138063709959816,33.754990173156635,33.76390075683594,4288500,0.188,0.0
2022-04-01 00:00:00-04:00,33.81734998698365,34.066795349121094,33.639175699283165,34.066795349121094,2568200,0.0,0.0
2022-04-04 00:00:00-04:00,33.88862470834756,34.18260942605746,33.496640553544694,34.173702239990234,4516200,0.0,0.0
2022-04-05 00:00:00-04:00,33.89752542467136,34.04897474604627,32.864118720106475,32.917572021484375,10494800,0.0,0.0
2022-04-06 00:00:00-04:00,32.96212720739166,33.88863105802453,32.80177064099779,33.7015495300293,7593100,0.0,0.0
2022-04-07 00:00:00-04:00,33.68372085240649,33.71935299020952,33.220469077049295,33.50554656982422,4763400,0.0,0.0
2022-04-08 00:00:00-04:00,33.57681942968328,33.74608655355566,33.327377434577436,33.54118728637695,5913600,0.0,0.0
2022-04-11 00:00:00-04:00,33.6569918147828,33.888619396934295,33.4788209342253,33.487728118896484,4409100,0.0,0.0
2022-04-12 00:00:00-04:00,33.6035394558066,33.76389595531041,33.27391587438683,33.52336120605469,6237100,0.0,0.0
2022-04-13 00:00:00-04:00,33.656986351059054,33.7282574104256,33.37190891037518,33.55008316040039,6241700,0.0,0.0
2022-04-14 00:00:00-04:00,33.62136021377542,33.674810119438206,33.131380089254755,33.175926208496094,5109900,0.0,0.0
2022-04-18 00:00:00-04:00,33.140294919589095,33.38082972107293,32.587957633807065,32.76612854003906,8055300,0.0,0.0
2022-04-19 00:00:00-04:00,32.8908552405431,33.57682422341156,32.739409264290565,33.46101379394531,8806500,0.0,0.0
2022-04-20 00:00:00-04:00,33.58573713356357,33.89753969353951,33.434287748437384,33.86190414428711,6061600,0.0,0.0
2022-04-21 00:00:00-04:00,33.92425990343169,34.10243081009714,33.389736988258704,33.41646194458008,6735300,0.0,0.0
2022-04-22 00:00:00-04:00,33.48773237676722,33.55009287256965,32.94430228615277,32.962120056152344,5430500,0.0,0.0
2022-04-25 00:00:00-04:00,33.24719551547553,33.35409873044459,32.64140496666431,33.22937774658203,6044500,0.0,0.0
2022-04-26 00:00:00-04:00,33.22047796681269,33.54119108160489,32.979943130718524,33.00666809082031,7729200,0.0,0.0
2022-04-27 00:00:00-04:00,33.18483757107972,34.02225238300927,33.12247707436115,33.728267669677734,6655300,0.0,0.0
2022-04-28 00:00:00-04:00,33.29174118918508,34.102431054535685,32.677043400641956,33.84408187866211,7437900,0.0,0.0
2022-04-29 00:00:00-04:00,33.8529817773755,34.34295846552764,33.24719130527746,33.31846237182617,7760800,0.0,0.0
2022-05-02 00:00:00-04:00,33.42536043253509,33.72825562199972,32.097965908542506,32.543399810791016,9331600,0.0,0.0
2022-05-03 00:00:00-04:00,32.828490491458545,33.398648971196906,32.712680076954875,33.131385803222656,8822000,0.0,0.0
2022-05-04 00:00:00-04:00,33.04229776840468,33.23828983672442,32.57904595135299,33.158111572265625,9463700,0.0,0.0
2022-05-05 00:00:00-04:00,33.2828351786811,33.2828351786811,32.71268009698596,33.01557540893555,8480900,0.0,0.0
2022-05-06 00:00:00-04:00,32.935389922394585,33.13137856479313,32.55231642360924,32.92647933959961,7708800,0.0,0.0
2022-05-09 00:00:00-04:00,32.8730389266278,33.46101182035059,32.65032186993897,33.08684539794922,9552300,0.0,0.0
2022-05-10 00:00:00-04:00,33.36301138516235,33.559000058373364,32.623589222944766,32.962120056152344,8336100,0.0,0.0
2022-05-11 00:00:00-04:00,32.70376532243191,33.86189310855194,32.70376532243191,33.336280822753906,9595900,0.0,0.0
2022-05-12 00:00:00-04:00,33.32737530167818,33.416460751831146,32.516685471074744,32.837398529052734,14181500,0.0,0.0
2022-05-13 00:00:00-04:00,32.84630515633328,33.35409969003537,32.766126893201786,33.149200439453125,13123700,0.0,0.0
2022-05-16 00:00:00-04:00,33.08684419508506,33.32737901537151,32.82849160310414,32.944305419921875,11106400,0.0,0.0
2022-05-17 00:00:00-04:00,32.899757666890295,33.01557146602608,31.52782004141083,32.044525146484375,18922100,0.0,0.0
2022-05-18 00:00:00-04:00,31.99107170778639,32.00888947668711,30.72604070136246,30.752765655517578,12435500,0.0,0.0
2022-05-19 00:00:00-04:00,30.619133955050746,30.806218828500295,29.99552563980005,30.5835018157959,13273100,0.0,0.0
2022-05-20 00:00:00-04:00,30.84185124052213,30.886393963778563,29.897533273274714,30.80621910095215,12284500,0.0,0.0
2022-05-23 00:00:00-04:00,31.17146940633293,31.331822502276083,30.930934664831167,31.14474105834961,7168400,0.0,0.0
2022-05-24 00:00:00-04:00,31.144749748158958,31.456555640092525,30.93985048120437,31.438737869262695,10467900,0.0,0.0
2022-05-25 00:00:00-04:00,31.492181644321278,31.643630967655376,31.1714720270799,31.483274459838867,10498300,0.0,0.0
2022-05-26 00:00:00-04:00,31.518915839241192,31.866353871140024,31.420919799804647,31.652544021606445,10005700,0.0,0.0
2022-05-27 00:00:00-04:00,31.723813760855396,31.955437972848717,31.144748133283912,31.340740203857422,11456000,0.0,0.0
2022-05-31 00:00:00-04:00,31.251654366856847,31.269468738150735,30.752767010825888,30.948759078979492,35586700,0.0,0.0
2022-06-01 00:00:00-04:00,30.948757575792246,31.091296327964802,30.33405644585467,30.859668731689453,8627200,0.0,0.0
2022-06-02 00:00:00-04:00,30.94875436036541,31.474366591591604,30.494409798625163,31.465456008911133,10894500,0.0,0.0
2022-06-03 00:00:00-04:00,31.403098513218204,31.438734050549385,31.028935566416475,31.11802101135254,6982100,0.0,0.0
2022-06-06 00:00:00-04:00,33.18483917725193,33.2471996769888,32.285063825053975,32.694862365722656,23883000,0.0,0.0
2022-06-07 00:00:00-04:00,32.472143719196964,32.74831066198318,32.24942668874759,32.43650817871094,10389600,0.0,0.0
2022-06-08 00:00:00-04:00,32.26724763403571,32.40978641161321,31.973259493686335,32.09798049926758,10141800,0.0,0.0
2022-06-09 00:00:00-04:00,32.09797422797224,32.57904378270222,31.795078960000605,31.812896728515625,9569900,0.0,0.0
2022-06-10 00:00:00-04:00,31.49218084407648,31.89307210343074,31.358552689886093,31.616905212402344,9521100,0.0,0.0
2022-06-13 00:00:00-04:00,31.260565961064046,31.5278257472601,30.83294962347185,30.913127899169922,10588100,0.0,0.0
2022-06-14 00:00:00-04:00,31.08238602501931,31.18928924051604,30.4320527499603,30.645862579345703,10030300,0.0,0.0
2022-06-15 00:00:00-04:00,30.752764435768473,31.26946611982773,30.681493362992413,31.046749114990234,11669800,0.0,0.0
2022-06-16 00:00:00-04:00,30.752761009293042,31.091291770476612,30.57458674559688,30.681489944458008,18528000,0.0,0.0
2022-06-17 00:00:00-04:00,30.85076951091367,31.100211542013646,29.71045580075778,30.6013240814209,143326600,0.0,0.0
2022-06-21 00:00:00-04:00,30.4587791608239,31.420918341481322,30.38751147988193,31.126930236816406,15772000,0.0,0.0
2022-06-22 00:00:00-04:00,31.144748287664108,31.545639616555214,30.93984903031802,31.0734806060791,11467200,0.0,0.0
2022-06-23 00:00:00-04:00,31.24274877824619,31.527826342018855,31.11802776889473,31.367469787597656,11130900,0.0,0.0
2022-06-24 00:00:00-04:00,31.65253790835532,31.991068688737492,31.233832273074025,31.857437133789062,15239700,0.0,0.0
2022-06-27 00:00:00-04:00,31.85743185219891,32.115784336458525,31.8128891407313,31.97324562072754,6617300,0.0,0.0
2022-06-28 00:00:00-04:00,32.03560724834069,32.36523080151334,31.616901667420805,31.634716033935547,7036600,0.0,0.0
2022-06-29 00:00:00-04:00,31.768353191414747,32.035612915499854,31.643632213401148,31.786170959472656,7246400,0.0,0.0
2022-06-30 00:00:00-04:00,31.47988524626514,31.900808824211893,31.399282277484975,31.69482421875,7680500,0.188,0.0
2022-07-01 00:00:00-04:00,31.54257773460749,32.38442835146561,31.38137178851222,32.30382537841797,5867300,0.0,0.0
2022-07-05 00:00:00-04:00,32.31277365299241,32.48293391650832,31.739595226448852,32.473976135253906,7186000,0.0,0.0
2022-07-06 00:00:00-04:00,32.50085748526098,32.65310565616921,32.124709117404265,32.19635772705078,8696200,0.0,0.0
2022-07-07 00:00:00-04:00,32.24113359924006,32.48294251120157,32.1784427794419,32.37547302246094,6471400,0.0,0.0
2022-07-08 00:00:00-04:00,32.43816208885231,32.5366772050367,32.07097155714253,32.420249938964844,7374600,0.0,0.0
2022-07-11 00:00:00-04:00,32.52771822524733,32.581454672932814,32.24113067037764,32.366512298583984,5827100,0.0,0.0
2022-07-12 00:00:00-04:00,32.46502891971449,32.80535293808369,32.33068950245491,32.50980758666992,6359800,0.0,0.0
2022-07-13 00:00:00-04:00,32.43816729718562,32.7784879505101,32.18740057489086,32.62623977661133,5349000,0.0,0.0
2022-07-14 00:00:00-04:00,32.14261109119163,32.6262288039768,32.08887806736617,32.59040451049805,6379600,0.0,0.0
2022-07-15 00:00:00-04:00,32.9755153840781,33.029251837756064,32.49189755015695,32.805355072021484,6345500,0.0,0.0
2022-07-18 00:00:00-04:00,32.84117785693489,32.850135641262575,32.2769604344644,32.384429931640625,6312700,0.0,0.0
2022-07-19 00:00:00-04:00,32.7157839046416,32.79638685131125,32.47397506463263,32.67100524902344,7134600,0.0,0.0
2022-07-20 00:00:00-04:00,32.67100881012744,32.706833105083746,32.35755477024177,32.518760681152344,5573700,0.0,0.0
2022-07-21 00:00:00-04:00,32.48293940193654,32.6530996941876,32.196351848464694,32.49189376831055,7490700,0.0,0.0
2022-07-22 00:00:00-04:00,32.6441519293748,32.7784879505101,32.40234299165868,32.62623977661133,5940500,0.0,0.0
2022-07-25 00:00:00-04:00,32.688920919018315,33.056111400904996,32.63518447664728,32.92177200317383,3873400,0.0,0.0
2022-07-26 00:00:00-04:00,32.93073028700155,33.25314211335605,32.71578793063427,33.199405670166016,6662300,0.0,0.0
2022-07-27 00:00:00-04:00,33.05611522797012,33.49495435049135,32.77848203483275,33.235233306884766,8090900,0.0,0.0
2022-07-28 00:00:00-04:00,33.53077158614972,34.51591920483307,33.12776022291721,34.48009490966797,9055800,0.0,0.0
2022-07-29 00:00:00-04:00,34.292026825849035,34.712950389951025,34.14873304344113,34.69504165649414,7316800,0.0,0.0
2022-08-01 00:00:00-04:00,34.793553589152104,35.30403790592441,34.757732705605115,34.8472900390625,8587400,0.0,0.0
2022-08-02 00:00:00-04:00,34.883114752318946,34.901026902501314,34.41740909675737,34.533836364746094,5576900,0.0,0.0
2022-08-03 00:00:00-04:00,34.57861273238598,35.06223050596736,34.25620088333172,35.01744842529297,5835500,0.0,0.0
2022-08-04 00:00:00-04:00,34.96371971974736,34.99058623836092,34.46218973513526,34.64130783081055,5533600,0.0,0.0
2022-08-05 00:00:00-04:00,34.56070057790742,34.69503998712306,34.12186146867701,34.677127838134766,5975200,0.0,0.0
2022-08-08 00:00:00-04:00,34.88311705692782,34.9995443326085,34.59652946786273,34.730865478515625,4719300,0.0,0.0
2022-08-09 00:00:00-04:00,34.87414998192583,35.17864964123232,34.74876837216304,35.02640151977539,7192600,0.0,0.0
2022-08-10 00:00:00-04:00,35.18760765956139,35.61748893152405,35.13387121941881,35.5547981262207,10802700,0.0,0.0
2022-08-11 00:00:00-04:00,35.68018565099315,35.88617024776035,34.90998029658083,34.945804595947266,7121600,0.0,0.0
2022-08-12 00:00:00-04:00,35.03535780890018,35.2234336502655,34.99953693013839,35.196563720703125,6209700,0.0,0.0
2022-08-15 00:00:00-04:00,35.151782695368595,35.832427175556624,35.1338705489962,35.77869415283203,5394000,0.0,0.0
2022-08-16 00:00:00-04:00,35.82348155449287,36.2264964052596,35.75183295151504,35.8951301574707,6640100,0.0,0.0
2022-08-17 00:00:00-04:00,35.90407609361373,36.14588494729196,35.74287019116157,35.86825180053711,6330800,0.0,0.0
2022-08-18 00:00:00-04:00,35.93094857619286,36.996699265775526,35.814524728935595,35.850345611572266,8202700,0.0,0.0
2022-08-19 00:00:00-04:00,35.77869669638524,36.06528422593224,35.62644514959243,35.78765106201172,11083500,0.0,0.0
2022-08-22 00:00:00-04:00,35.57271520110376,35.81452409065607,35.28612764675875,35.35777282714844,5536300,0.0,0.0
2022-08-23 00:00:00-04:00,35.232397929289824,35.5548098436136,35.169707103326175,35.366737365722656,4820900,0.0,0.0
2022-08-24 00:00:00-04:00,35.43838071372143,35.6354109658541,35.22344172629816,35.474205017089844,4097800,0.0,0.0
2022-08-25 00:00:00-04:00,35.474199851827045,35.662272292536294,35.36673037376363,35.54584503173828,4581500,0.0,0.0
2022-08-26 00:00:00-04:00,35.58166449306875,35.64435529811657,34.55174168414543,34.587562561035156,8000800,0.0,0.0
2022-08-29 00:00:00-04:00,34.41740924337563,34.9458057186298,34.345760642340935,34.748775482177734,5321600,0.0,0.0
2022-08-30 00:00:00-04:00,34.65921007978582,34.69503437196448,34.29201962593589,34.408443450927734,4506300,0.0,0.0
2022-08-31 00:00:00-04:00,34.56965952065593,34.596529455892046,34.07708731564533,34.13977813720703,6967800,0.0,0.0
2022-09-01 00:00:00-04:00,34.103953598371824,34.363671224286065,33.853186922588414,34.327850341796875,4412100,0.0,0.0
2022-09-02 00:00:00-04:00,34.5248825010767,34.75773706349019,33.71885614972175,33.880062103271484,5892500,0.0,0.0
2022-09-06 00:00:00-04:00,33.915873095447104,34.19350624919668,33.5934612824199,33.64719772338867,7344200,0.0,0.0
2022-09-07 00:00:00-04:00,33.78154424275507,34.40845243765348,33.75467430840697,34.33680725097656,5000900,0.0,0.0
2022-09-08 00:00:00-04:00,34.30994270316044,34.489057388334544,34.059175994408164,34.444278717041016,6240400,0.0,0.0
2022-09-09 00:00:00-04:00,34.51592492076666,34.83833679785923,34.32785246459378,34.65026092529297,5260500,0.0,0.0
2022-09-12 00:00:00-04:00,34.75772542796167,34.99953427733811,34.66816469686341,34.93684005737305,5026500,0.0,0.0
2022-09-13 00:00:00-04:00,34.6144391258067,34.84729024400127,33.65616130332523,33.75467300415039,7023500,0.0,0.0
2022-09-14 00:00:00-04:00,33.889018715362695,34.17560633700853,33.611385462220944,33.799461364746094,6900000,0.0,0.0
2022-09-15 00:00:00-04:00,33.85318910759537,34.09499801606882,33.28001395405537,33.34270477294922,8293500,0.0,0.0
2022-09-16 00:00:00-04:00,33.199405994738335,33.56659648581125,32.8769941652318,33.288963317871094,33297800,0.0,0.0
2022-09-19 00:00:00-04:00,33.35165311965148,33.89795818452275,33.04715347844183,33.82631301879883,7525200,0.0,0.0
2022-09-20 00:00:00-04:00,33.72780849660642,33.76363279889164,33.28001496722163,33.52182388305664,4492000,0.0,0.0
2022-09-21 00:00:00-04:00,33.73676192209346,33.987528614695435,33.27105967096138,33.28001403808594,6009900,0.0,0.0
2022-09-22 00:00:00-04:00,33.324790638145494,33.47704220096057,33.18149685829241,33.235233306884766,5758500,0.0,0.0
2022-09-23 00:00:00-04:00,33.16358431255442,33.244187276283384,32.79639379254317,33.20836639404297,5849100,0.0,0.0
2022-09-26 00:00:00-04:00,33.154630576692384,33.61137843558174,33.09193976108783,33.387481689453125,7144500,0.0,0.0
2022-09-27 00:00:00-04:00,32.930736697419555,33.11880916060627,32.169485644473994,32.21426773071289,10634800,0.0,0.0
2022-09-28 00:00:00-04:00,32.27695739872779,32.894911219863,31.981412038797863,32.751617431640625,5853400,0.0,0.0
2022-09-29 00:00:00-04:00,32.94071962097952,32.94071962097952,32.23831815935398,32.52648162841797,6318400,0.2,0.0
2022-09-30 00:00:00-04:00,32.70659216535436,32.72460281570385,32.22031491145924,32.2563362121582,8143000,0.0,0.0
2022-10-03 00:00:00-04:00,32.35539752221078,33.2378988996481,32.247337040429684,33.20187759399414,11361500,0.0,0.0
2022-10-04 00:00:00-04:00,33.4450058056408,33.83222613249518,33.12982806758709,33.55306625366211,10721500,0.0,0.0
2022-10-05 00:00:00-04:00,33.52605751065729,33.940292158803985,33.1748584204816,33.71516418457031,5555400,0.0,0.0
2022-10-06 00:00:00-04:00,33.59809994693976,33.79621022737367,33.32794363103671,33.445011138916016,5237000,0.0,0.0
2022-10-07 00:00:00-04:00,33.499041849814276,33.499041849814276,32.82365795540343,32.868682861328125,7064800,0.0,0.0
2022-10-10 00:00:00-04:00,32.8056425503261,33.38196950704727,32.69758210473579,33.29191970825195,5683500,0.0,0.0
2022-10-11 00:00:00-04:00,33.40898562619129,34.22845120765848,33.37296776576864,33.81421661376953,10534900,0.0,0.0
2022-10-12 00:00:00-04:00,34.165415022584995,34.21944696498389,33.77819469000895,33.95829772949219,8563400,0.0,0.0
2022-10-13 00:00:00-04:00,33.50804747978673,34.435577086694494,33.309937194722245,34.345523834228516,6389600,0.0,0.0
2022-10-14 00:00:00-04:00,34.51662367893082,34.57965923876557,33.417998032930235,33.616111755371094,9240000,0.0,0.0
2022-10-17 00:00:00-04:00,33.904276800278275,34.228458221590756,33.814223542818816,34.00333023071289,5534100,0.0,0.0
2022-10-18 00:00:00-04:00,34.489599644624995,34.68771333064401,34.246461057741584,34.552635192871094,4471300,0.0,0.0
2022-10-19 00:00:00-04:00,34.53462706652656,34.678708820918466,33.7691933904158,34.02133560180664,5436500,0.0,0.0
2022-10-20 00:00:00-04:00,33.96730664996973,34.03934580864055,33.535061392404955,33.57107925415039,4461000,0.0,0.0
2022-10-21 00:00:00-04:00,33.57107654261056,33.9492932594186,33.31893435485832,33.87725067138672,6020900,0.0,0.0
2022-10-24 00:00:00-04:00,34.345520206681606,34.66070140425285,33.895264297448385,34.61567306518555,6972100,0.0,0.0
2022-10-25 00:00:00-04:00,34.71473693847656,34.786779547416224,34.345527155612444,34.71473693847656,5628700,0.0,0.0
2022-10-26 00:00:00-04:00,34.966878103572064,35.26404523898955,34.77776799720069,34.903839111328125,7665600,0.0,0.0
2022-10-27 00:00:00-04:00,33.877255817420014,34.33651879793719,33.54406738510965,34.31850814819336,7209100,0.0,0.0
2022-10-28 00:00:00-04:00,34.52561982220998,35.77733057570789,34.52561982220998,35.615238189697266,8038300,0.0,0.0
2022-10-31 00:00:00-04:00,35.08393630062464,35.25503572844565,34.67870533365338,34.97587585449219,6865800,0.0,0.0
2022-11-01 00:00:00-04:00,35.07493563102375,35.07493563102375,34.030342070484195,34.07536697387695,9435500,0.0,0.0
2022-11-02 00:00:00-04:00,34.075370815506275,34.19243832566948,33.24689807192258,33.30093002319336,10968100,0.0,0.0
2022-11-03 00:00:00-04:00,33.012761453164906,33.048782748519756,32.65255536997599,32.67957305908203,9893300,0.0,0.0
2022-11-04 00:00:00-04:00,32.94072732026245,33.363965582085775,32.73360655798128,33.30093002319336,7834200,0.0,0.0
2022-11-07 00:00:00-05:00,33.43600624356675,33.88626217248833,33.38197429543132,33.73317337036133,6723900,0.0,0.0
2022-11-08 00:00:00-05:00,33.733171462433724,34.336516159357494,33.670135910764365,34.1654167175293,5692000,0.0,0.0
2022-11-09 00:00:00-05:00,34.05735373457768,34.41755980467696,33.805211546615986,33.83222579956055,5343100,0.0,0.0
2022-11-10 00:00:00-05:00,34.51661920777563,34.678708172654034,33.44500795903668,34.1654167175293,10099000,0.0,0.0
2022-11-11 00:00:00-05:00,34.25546957094735,34.31850512190202,33.2198796306693,33.6251106262207,7058600,0.0,0.0
2022-11-14 00:00:00-05:00,33.69715303175945,33.742181374078726,32.85968014046836,32.90470504760742,11253700,0.0,0.0
2022-11-15 00:00:00-05:00,33.3279432612126,33.417996510574426,32.598530834873024,32.949729919433594,10151100,0.0,0.0
2022-11-16 00:00:00-05:00,33.21987889075335,33.34594998985469,32.91370474928734,33.03977584838867,7325700,0.0,0.0
2022-11-17 00:00:00-05:00,32.90469386298291,33.22887858047894,32.814640644134535,33.17484664916992,6967600,0.0,0.0
2022-11-18 00:00:00-05:00,33.44500896978456,33.72416887502821,33.33694851153994,33.69715118408203,8186900,0.0,0.0
2022-11-21 00:00:00-05:00,33.86825281596057,34.24646616180574,33.69715335792372,34.219451904296875,6913800,0.0,0.0
2022-11-22 00:00:00-05:00,34.498609986881284,34.633684702398995,34.390546092251036,34.51662063598633,5505100,0.0,0.0
2022-11-23 00:00:00-05:00,34.516624993719155,34.588664164054215,34.32751487183105,34.50761795043945,4740200,0.0,0.0
2022-11-25 00:00:00-05:00,34.444580078125,34.58866184431256,34.327512569603776,34.444580078125,3574300,0.0,0.0
2022-11-28 00:00:00-05:00,34.50761184557705,34.59766165135998,34.29149093762607,34.39955139160156,6261300,0.0,0.0
2022-11-29 00:00:00-05:00,34.30049422682891,34.54363282240948,34.09337692730024,34.30949783325195,6775100,0.0,0.0
2022-11-30 00:00:00-05:00,34.255475806065306,34.849813562660984,34.0213407726055,34.82279586791992,12768600,0.0,0.0
2022-12-01 00:00:00-05:00,34.91283472742961,34.98487386827645,34.72372811813017,34.858802795410156,6044200,0.0,0.0
2022-12-02 00:00:00-05:00,34.759759184264006,35.065933378402676,34.65169871432694,34.885833740234375,6806300,0.0,0.0
2022-12-05 00:00:00-05:00,34.51661773095093,34.51661773095093,33.92227666604652,34.18342590332031,5331800,0.0,0.0
2022-12-06 00:00:00-05:00,34.20143926492557,34.435574266984965,33.85924380393572,33.922279357910156,6213300,0.0,0.0
2022-12-07 00:00:00-05:00,34.21044505601878,34.228452269198655,33.91327451085186,34.1654167175293,6277400,0.0,0.0
2022-12-08 00:00:00-05:00,34.16542335824372,34.53463313343303,34.03935223040063,34.49861526489258,4679800,0.0,0.0
2022-12-09 00:00:00-05:00,34.561645043055485,34.561645043055485,34.129399776304226,34.15641403198242,7246400,0.0,0.0
2022-12-12 00:00:00-05:00,34.31850197951427,34.33651262602072,33.76018567853251,34.30049133300781,7400900,0.0,0.0
2022-12-13 00:00:00-05:00,34.786775782213105,34.84080429788932,33.73317506918303,33.895267486572266,8782600,0.0,0.0
2022-12-14 00:00:00-05:00,33.84123496890808,34.20143762648053,33.29192222329172,33.6251106262207,9561500,0.0,0.0
2022-12-15 00:00:00-05:00,33.35495799267361,33.52605399850247,32.76962394691294,32.985748291015625,11241900,0.0,0.0
2022-12-16 00:00:00-05:00,32.553506987821706,32.60753550401792,31.923147962483437,32.48146438598633,20447400,0.0,0.0
2022-12-19 00:00:00-05:00,32.517485881634606,33.02177035678086,32.43643967167463,32.70659255981445,9273100,0.0,0.0
2022-12-20 00:00:00-05:00,32.76962104416784,33.06679156158807,32.51747886103282,32.65255355834961,7863600,0.0,0.0
2022-12-21 00:00:00-05:00,32.87768027195733,33.02176200486923,32.607527452144936,32.89569091796875,5664000,0.0,0.0
2022-12-22 00:00:00-05:00,32.88669035460273,32.89569396085154,32.364391877496786,32.67957305908203,6452900,0.0,0.0
2022-12-23 00:00:00-05:00,32.79664234041634,32.859681334918754,32.57151436135742,32.751617431640625,4176600,0.0,0.0
2022-12-27 00:00:00-05:00,32.86868622665981,32.895700485944516,32.37340534041747,32.508480072021484,5069500,0.0,0.0
2022-12-28 00:00:00-05:00,32.61654624839095,32.7156031195661,32.17529385002366,32.2113151550293,3883300,0.0,0.0
2022-12-29 00:00:00-05:00,32.292349334099924,32.4004097736478,32.18428889455205,32.26533508300781,4215700,0.0,0.0
2022-12-30 00:00:00-05:00,32.26534390992377,32.26534390992377,31.860112856784802,32.11225509643555,4779800,0.0,0.0
2023-01-03 00:00:00-05:00,32.10324828242345,32.157276793992416,31.65299236505527,32.0131950378418,6040500,0.0,0.0
2023-01-04 00:00:00-05:00,32.2653417907732,32.301359654657425,31.815085858008946,32.27434539794922,6617400,0.0,0.0
2023-01-05 00:00:00-05:00,32.01173298449837,32.183792607786685,31.894011978988836,31.957401275634766,7552300,0.2,0.0
2023-01-06 00:00:00-05:00,32.20189592576257,32.953513156053404,32.12944906023943,32.83578872680664,8038600,0.0,0.0
2023-01-09 00:00:00-05:00,32.763342389599345,33.10745806118744,32.609394541340315,32.627506256103516,4344100,0.0,0.0
2023-01-10 00:00:00-05:00,32.60035235448276,32.754296804683705,32.13851554942228,32.31962585449219,4133800,0.0,0.0
2023-01-11 00:00:00-05:00,32.54601521110297,32.58223865169719,32.17473358115577,32.39207077026367,7269700,0.0,0.0
2023-01-12 00:00:00-05:00,32.274345866415345,32.37395859943448,31.957399401770267,32.21095657348633,5248600,0.0,0.0
2023-01-13 00:00:00-05:00,32.16568140429124,32.34679516381878,32.011733499632655,32.31962585449219,5821200,0.0,0.0
2023-01-17 00:00:00-05:00,32.48262498902866,32.681850452146136,32.283402980368514,32.3558464050293,7441900,0.0,0.0
2023-01-18 00:00:00-05:00,32.36490250492406,32.401122488361416,31.540838292338044,31.631393432617188,6286900,0.0,0.0
2023-01-19 00:00:00-05:00,31.55894410535052,31.62233338951332,31.106161530212308,31.115219116210938,11358300,0.0,0.0
2023-01-20 00:00:00-05:00,31.042779394623103,31.486507940402003,30.970335962236206,31.432172775268555,7148700,0.0,0.0
2023-01-23 00:00:00-05:00,31.423114364805745,31.649505673695618,31.269166478442873,31.4140567779541,4860800,0.0,0.0
2023-01-24 00:00:00-05:00,31.41405912218094,31.712897330355393,31.069946794198675,31.676673889160156,7954700,0.0,0.0
2023-01-25 00:00:00-05:00,31.613278419076124,31.685725287315087,31.332551986335353,31.65855598449707,4943600,0.0,0.0
2023-01-26 00:00:00-05:00,31.613281713669924,31.731006159598547,31.386890408514898,31.631393432617188,5554800,0.0,0.0
2023-01-27 00:00:00-05:00,31.558951322238087,31.595174765602362,31.26917068423927,31.423118591308594,6367200,0.0,0.0
2023-01-30 00:00:00-05:00,31.423111426978505,31.839670567320955,31.296332858566185,31.44122314453125,4571400,0.0,0.0
2023-01-31 00:00:00-05:00,31.75817538948542,31.966454997851677,31.477448897622622,31.94834327697754,5887700,0.0,0.0
2023-02-01 00:00:00-05:00,31.875895528302088,32.238119533325694,31.64044664330253,32.0026741027832,4645700,0.0,0.0
2023-02-02 00:00:00-05:00,31.875898412365483,31.966453558200353,31.549894360228134,31.884952545166016,6256600,0.0,0.0
2023-02-03 00:00:00-05:00,31.921173042148766,31.984562329280156,31.251053279600708,31.830617904663086,7050800,0.0,0.0
2023-02-06 00:00:00-05:00,31.821559856622724,31.96645014717221,31.66761543423884,31.894006729125977,6003300,0.0,0.0
2023-02-07 00:00:00-05:00,31.67667099991259,31.930228156237163,31.441225562533656,31.875896453857422,5858600,0.0,0.0
2023-02-08 00:00:00-05:00,31.803442416877797,31.884943406552956,31.51366188791198,31.577051162719727,4687400,0.0,0.0
2023-02-09 00:00:00-05:00,31.866831691685544,32.002667825962945,31.549885317646805,31.577051162719727,5883900,0.0,0.0
2023-02-10 00:00:00-05:00,31.731009535402986,32.01173257280825,31.423117189457752,31.94834327697754,9337400,0.0,0.0
2023-02-13 00:00:00-05:00,32.00267696881312,32.292457580566406,31.903064235812167,32.292457580566406,4040200,0.0,0.0
2023-02-14 00:00:00-05:00,32.23812627551629,32.274349719931436,31.83967875032301,32.04795837402344,8663600,0.0,0.0
2023-02-15 00:00:00-05:00,32.00267788463472,32.364905386920896,31.912122736291913,32.32868194580078,6004900,0.0,0.0
2023-02-16 00:00:00-05:00,32.319621008936885,32.609401598952225,32.02984041892155,32.50979232788086,8733000,0.0,0.0
2023-02-17 00:00:00-05:00,32.50979673775516,32.55507431337614,32.20190438729188,32.301513671875,7953300,0.0,0.0
2023-02-21 00:00:00-05:00,32.25623368288733,32.31962297490551,31.81250863876001,32.19284439086914,7087700,0.0,0.0
2023-02-22 00:00:00-05:00,32.29245238387191,32.645622231708444,32.29245238387191,32.401119232177734,8021300,0.0,0.0
2023-02-23 00:00:00-05:00,32.40112441723258,32.80862948166225,31.83967491427247,32.6999626159668,6437900,0.0,0.0
2023-02-24 00:00:00-05:00,32.509788035863714,32.527896297698994,32.102283055436544,32.41017532348633,5762100,0.0,0.0
2023-02-27 00:00:00-05:00,32.49167872551303,32.52789870632228,31.939283428303224,32.02983856201172,12114900,0.0,0.0
2023-02-28 00:00:00-05:00,31.169552777481353,31.558946092981355,31.1061634893262,31.287277221679688,21571400,0.0,0.0
2023-03-01 00:00:00-05:00,31.169548936140213,31.169548936140213,30.79826738507808,30.96126937866211,8861700,0.0,0.0
2023-03-02 00:00:00-05:00,31.21483087208762,31.377832870463283,30.970327874524124,31.314443588256836,8231200,0.0,0.0
2023-03-03 00:00:00-05:00,31.296334808248776,31.405001665878018,31.04277420117105,31.287277221679688,8223900,0.0,0.0
2023-03-06 00:00:00-05:00,31.27821930627137,31.640443272707966,31.187660723819693,31.531776428222656,6975800,0.0,0.0
2023-03-07 00:00:00-05:00,31.540836334228516,31.712892471860215,31.278221607482536,31.540836334228516,6903600,0.0,0.0
2023-03-08 00:00:00-05:00,31.52272900012388,31.776286175990965,31.350669384107704,31.495559692382812,6891500,0.0,0.0
2023-03-09 00:00:00-05:00,31.595171871927512,31.776285617703714,31.251056100398465,31.296337127685547,6029600,0.0,0.0
2023-03-10 00:00:00-05:00,31.377836751140514,31.450280173568746,30.8616648439319,31.078998565673828,6530100,0.0,0.0
2023-03-13 00:00:00-04:00,31.142386408061313,31.60422659059434,30.997496115482868,31.015607833862305,7907400,0.0,0.0
2023-03-14 00:00:00-04:00,31.106159654285985,31.38688607754633,31.006550395506537,31.35972023010254,6526100,0.0,0.0
2023-03-15 00:00:00-04:00,31.269161783138806,31.685724354333605,31.160494938436848,31.622331619262695,8896800,0.0,0.0
2023-03-16 00:00:00-04:00,31.577061654324993,31.894011588128013,31.504618225242115,31.785341262817383,8895900,0.0,0.0
2023-03-17 00:00:00-04:00,31.721952873086064,31.94834420893043,31.513673258644165,31.568008422851562,15595200,0.0,0.0
2023-03-20 00:00:00-04:00,31.948338429046398,31.948338429046398,31.58611442990119,31.894006729125977,8142200,0.0,0.0
2023-03-21 00:00:00-04:00,31.939284760537316,32.002674047668705,31.604226606491817,31.830617904663086,12071100,0.0,0.0
2023-03-22 00:00:00-04:00,31.74912179134556,32.01173311230247,31.35972842213303,31.39594841003418,9456700,0.0,0.0
2023-03-23 00:00:00-04:00,31.287275705896164,31.40500014439107,30.843550710307372,30.88882827758789,11424200,0.0,0.0
2023-03-24 00:00:00-04:00,31.033713534522917,31.649498022189377,30.934100829980345,31.577051162719727,8625200,0.0,0.0
2023-03-27 00:00:00-04:00,31.694786112849403,32.066067754850195,31.68573197963562,31.785341262817383,9292000,0.0,0.0
2023-03-28 00:00:00-04:00,31.87589697107304,31.966452112813393,31.758172523244802,31.821561813354492,7743400,0.0,0.0
2023-03-29 00:00:00-04:00,31.948343687852443,32.002678851173634,31.839676815667644,31.957401275634766,6616300,0.0,0.0
2023-03-30 00:00:00-04:00,32.05757840666035,32.11221978157908,31.92096802107068,31.99382781982422,8181100,0.2,0.0
2023-03-31 00:00:00-04:00,32.24883138397206,32.25793712208662,32.030255453610636,32.130435943603516,11182900,0.0,0.0
2023-04-03 00:00:00-04:00,32.1759761443657,32.3581187059868,32.0393657490032,32.23061752319336,8911600,0.0,0.0
2023-04-04 00:00:00-04:00,32.25793039757228,32.28525455451304,32.094002826656876,32.20328903198242,6453900,0.0,0.0
2023-04-05 00:00:00-04:00,32.330794476404805,32.685977296479365,32.19418409600092,32.239723205566406,12154100,0.0,0.0
2023-04-06 00:00:00-04:00,32.26704217174267,32.685975553898864,32.26704217174267,32.45829391479492,8511600,0.0,0.0
2023-04-10 00:00:00-04:00,32.33079267417862,32.33989841109636,31.96650066283929,32.084896087646484,6801800,0.0,0.0
2023-04-11 00:00:00-04:00,32.121330032064435,32.24883120985915,32.012043804547034,32.10311508178711,5616900,0.0,0.0
2023-04-12 00:00:00-04:00,32.03025101250293,32.29436254511024,31.948288958396596,32.066680908203125,7503800,0.0,0.0
2023-04-13 00:00:00-04:00,32.04846647728399,32.16686190314626,31.729713570131075,32.0940055847168,6089700,0.0,0.0
2023-04-14 00:00:00-04:00,31.90274494332201,32.21239206084097,31.88452999827436,31.966495513916016,6577100,0.0,0.0
2023-04-17 00:00:00-04:00,32.112222078822306,32.25793821260719,32.02115079801175,32.23061752319336,5871700,0.0,0.0
2023-04-18 00:00:00-04:00,32.285262376167694,32.285262376167694,31.87543466422687,32.23061752319336,5223300,0.0,0.0
2023-04-19 00:00:00-04:00,32.33079372684608,32.42186499557308,32.157756926606304,32.194183349609375,5794500,0.0,0.0
2023-04-20 00:00:00-04:00,32.2124000276281,32.467405847217826,32.07579311720335,32.358116149902344,5106300,0.0,0.0
2023-04-21 00:00:00-04:00,32.494724667415404,32.5493695129334,32.10311195990192,32.15775680541992,7459800,0.0,0.0
2023-04-24 00:00:00-04:00,32.23971892513955,32.43097065299571,32.13953845603037,32.20328903198242,7346000,0.0,0.0
2023-04-25 00:00:00-04:00,32.13953584993167,32.77704503190432,32.11221169520654,32.685970306396484,10945900,0.0,0.0
2023-04-26 00:00:00-04:00,32.36722136799879,32.60400873467262,32.32168573680912,32.33079147338867,8548800,0.0,0.0
2023-04-27 00:00:00-04:00,31.538464735981364,31.556679685806007,29.990228742351192,30.545772552490234,17056900,0.0,0.0
2023-04-28 00:00:00-04:00,30.46380084307738,30.600407727864592,29.407358286319205,29.7807559967041,19267100,0.0,0.0
2023-05-01 00:00:00-04:00,29.744330492339028,30.026656987848106,29.625935062074415,29.662364959716797,9019000,0.0,0.0
2023-05-02 00:00:00-04:00,29.507542931054054,29.63504409790039,29.05217789858903,29.63504409790039,12960300,0.0,0.0
2023-05-03 00:00:00-04:00,29.516645358400176,30.135939648618447,29.352714312510287,29.862722396850586,13047900,0.0,0.0
2023-05-04 00:00:00-04:00,29.780763643635954,29.944694726790473,29.443795738994613,29.58951187133789,9702200,0.0,0.0
2023-05-05 00:00:00-04:00,29.735219649924396,30.33629896124266,29.68968054861665,30.263439178466797,11869800,0.0,0.0
2023-05-08 00:00:00-04:00,30.217907459433484,30.263443092484767,29.844509709779203,29.91736602783203,7797600,0.0,0.0
2023-05-09 00:00:00-04:00,29.90826283645021,29.962907685250375,29.707901864995996,29.789867401123047,6139300,0.0,0.0
2023-05-10 00:00:00-04:00,29.75343646086477,29.944691687900228,29.434683539382807,29.680580139160156,6270700,0.0,0.0
2023-05-11 00:00:00-04:00,29.58040388219441,29.680584378726003,29.44379695668051,29.534868240356445,6421700,0.0,0.0
2023-05-12 00:00:00-04:00,29.498432809066436,29.771650083038658,29.498432809066436,29.753435134887695,9123000,0.0,0.0
2023-05-15 00:00:00-04:00,29.82629795189898,29.880942801892903,29.38004036231482,29.471115112304688,5532700,0.0,0.0
2023-05-16 00:00:00-04:00,29.452899248965632,29.452899248965632,28.997535935576643,29.015750885009766,6446900,0.0,0.0
2023-05-17 00:00:00-04:00,29.043066289820178,29.288962851224863,28.897350195003963,29.252532958984375,7575100,0.0,0.0
2023-05-18 00:00:00-04:00,29.006641619074497,29.10682036062407,28.815388135983355,29.024856567382812,5969500,0.0,0.0
2023-05-19 00:00:00-04:00,29.143251710037227,29.22521724443756,28.933785005268895,28.988428115844727,4508200,0.0,0.0
2023-05-22 00:00:00-04:00,29.106820653076127,29.152356287231356,28.797175214089002,29.0612850189209,7028600,0.0,0.0
2023-05-23 00:00:00-04:00,29.19789458713614,29.2070003240566,29.01574858141208,29.16146469116211,6309600,0.0,0.0
2023-05-24 00:00:00-04:00,29.188786300160324,29.261646094415063,28.870033385661355,29.070392608642578,10550000,0.0,0.0
2023-05-25 00:00:00-04:00,28.74253261533843,28.87914126555553,28.478422789861806,28.73342514038086,9500400,0.0,0.0
2023-05-26 00:00:00-04:00,28.62413955664667,28.842713749308015,28.4328860523972,28.605924606323242,13065200,0.0,0.0
2023-05-30 00:00:00-04:00,28.487528947627712,28.751638760892565,28.114131176998445,28.232524871826172,11161900,0.0,0.0
2023-05-31 00:00:00-04:00,28.350917871028955,28.460205825711856,27.95930689800857,28.341812133789062,21178800,0.0,0.0
2023-06-01 00:00:00-04:00,28.53306620913793,28.53306620913793,28.259848905767864,28.38735008239746,7627000,0.0,0.0
2023-06-02 00:00:00-04:00,28.48752946209174,28.696996168993774,28.369134028052724,28.642353057861328,7180100,0.0,0.0
2023-06-05 00:00:00-04:00,28.71520966826239,29.006641895682208,28.49663549769753,28.514848709106445,5118300,0.0,0.0
2023-06-06 00:00:00-04:00,28.123235765759176,28.38734730530946,28.05037770951653,28.305381774902344,12374900,0.0,0.0
2023-06-07 00:00:00-04:00,28.241631430168642,28.560386080311478,28.050377945253704,28.514848709106445,10559100,0.0,0.0
2023-06-08 00:00:00-04:00,28.46931595304406,28.62413955664667,28.378242938500183,28.605924606323242,9675200,0.0,0.0
2023-06-09 00:00:00-04:00,28.514848709106445,28.55127860607047,28.38734754387855,28.514848709106445,6253800,0.0,0.0
2023-06-12 00:00:00-04:00,28.505742391230328,28.54217228967217,28.223417626598724,28.441991806030273,16030800,0.0,0.0
2023-06-13 00:00:00-04:00,28.469315142322728,28.742532441100675,28.369134655469978,28.706104278564453,10548300,0.0,0.0
2023-06-14 00:00:00-04:00,28.81538513903404,29.00663860223383,28.75163456365841,28.924673080444336,11167700,0.0,0.0
2023-06-15 00:00:00-04:00,29.134139752985096,29.134139752985096,28.87913571440967,28.924673080444336,14698800,0.0,0.0
2023-06-16 00:00:00-04:00,29.00664043195219,29.39825138211545,28.833601904251115,29.298070907592773,15546600,0.0,0.0
2023-06-20 00:00:00-04:00,29.20700136467,29.325396793730853,29.07039272404626,29.079500198364258,7552400,0.0,0.0
2023-06-21 00:00:00-04:00,29.088607728259984,29.18878647180314,28.706102491538818,28.906461715698242,8777800,0.0,0.0
2023-06-22 00:00:00-04:00,29.043070185797053,29.17057135159664,28.897354071433778,29.070392608642578,10435600,0.0,0.0
2023-06-23 00:00:00-04:00,29.106815538327673,29.13413795626348,28.323591998635248,28.39645004272461,12388400,0.0,0.0
2023-06-26 00:00:00-04:00,28.369132819654954,28.41467019121996,28.12323622442326,28.341812133789062,6105000,0.0,0.0
2023-06-27 00:00:00-04:00,28.341815188140373,28.51485200751596,28.287170336373382,28.460208892822266,6715700,0.0,0.0
2023-06-28 00:00:00-04:00,28.323594972493733,28.323594972493733,27.968410450326527,28.141448974609375,6315300,0.0,0.0
2023-06-29 00:00:00-04:00,28.022287258766596,28.223953515402705,27.930620937421967,28.196453094482422,9003000,0.2,0.0
2023-06-30 00:00:00-04:00,28.306451485448342,28.70978225323856,28.251452391600935,28.663949966430664,7932800,0.0,0.0
2023-07-03 00:00:00-04:00,28.645612207104246,28.856443493335075,28.563112704076634,28.84727668762207,3517200,0.0,0.0
2023-07-05 00:00:00-04:00,28.80144715461778,29.113111585029745,28.636448132824434,29.103944778442383,7314600,0.0,0.0
2023-07-06 00:00:00-04:00,29.525606403105932,29.736437702391438,29.351442328942873,29.516441345214844,16423200,0.0,0.0
2023-07-07 00:00:00-04:00,29.36060827951501,29.415609118870933,29.0764442697344,29.11311149597168,9743600,0.0,0.0
2023-07-10 00:00:00-04:00,28.838111877441406,29.094777209997915,28.810613206788968,28.838111877441406,14525200,0.0,0.0
2023-07-11 00:00:00-04:00,28.93894578403445,28.93894578403445,28.682282192903767,28.77394676208496,8589700,0.0,0.0
2023-07-12 00:00:00-04:00,28.856447669091427,29.003113084944292,28.645616352351638,28.663949966430664,8681600,0.0,0.0
2023-07-13 00:00:00-04:00,28.691446031532802,28.920610941523925,28.64561374889038,28.88394546508789,7415200,0.0,0.0
2023-07-14 00:00:00-04:00,28.920609299175467,29.131442333170508,28.64561212215851,29.021442413330078,7371300,0.0,0.0
2023-07-17 00:00:00-04:00,29.003113220586968,29.24144495955993,28.84728099696579,28.975614547729492,5706800,0.0,0.0
2023-07-18 00:00:00-04:00,28.957277563432317,29.296440644059366,28.69144543415052,28.929777145385742,6801900,0.0,0.0
2023-07-19 00:00:00-04:00,29.067277892776687,29.424774611925926,29.048946027776687,29.232276916503906,5167000,0.0,0.0
2023-07-20 00:00:00-04:00,29.195609519066686,29.828105152316787,29.195609519066686,29.727272033691406,7862800,0.0,0.0
2023-07-21 00:00:00-04:00,29.901436524736475,30.05727048210669,29.73643750953461,29.86477279663086,23786200,0.0,0.0
2023-07-24 00:00:00-04:00,29.84644146735218,29.901438812107244,29.626441597994017,29.663108825683594,6954900,0.0,0.0
2023-07-25 00:00:00-04:00,29.60810643533203,29.672272332042585,29.43394235808611,29.626440048217773,5967100,0.0,0.0
2023-07-26 00:00:00-04:00,29.5439382862687,30.002268083133142,29.488937451804578,29.82810401916504,11678300,0.0,0.0
2023-07-27 00:00:00-04:00,31.01059195768701,31.496420364227628,30.882256692900004,30.946422576904297,21483200,0.0,0.0
2023-07-28 00:00:00-04:00,31.129761097559705,31.25809288999349,30.753930778241156,31.093093872070312,14640300,0.0,0.0
2023-07-31 00:00:00-04:00,30.85476672670538,31.230597080455603,30.48810143177761,31.175596237182617,17658200,0.0,0.0
2023-08-01 00:00:00-04:00,31.303928552861496,31.322258668758373,30.918929680224725,31.285594940185547,15290200,0.0,0.0
2023-08-02 00:00:00-04:00,31.31309369924868,31.77142352710465,31.23059419036344,31.588090896606445,13651200,0.0,0.0
2023-08-03 00:00:00-04:00,31.64308989489416,31.64308989489416,31.093092035379314,31.10226058959961,7095200,0.0,0.0
2023-08-04 00:00:00-04:00,31.001430886880694,31.13893124109191,30.772265961048173,30.79976463317871,6399400,0.0,0.0
2023-08-07 00:00:00-04:00,30.992267359919925,31.13893277982907,30.818099769741952,31.001432418823242,7038000,0.0,0.0
2023-08-08 00:00:00-04:00,30.89142894459276,30.95559483627973,30.46059781745554,30.643930435180664,7337300,0.0,0.0
2023-08-09 00:00:00-04:00,30.62559468457619,31.083924448485906,30.524761577031477,30.818092346191406,7467700,0.0,0.0
2023-08-10 00:00:00-04:00,30.95559526451862,31.093092107130463,30.60726363569995,30.616432189941406,6378100,0.0,0.0
2023-08-11 00:00:00-04:00,30.671430751229835,31.01976239393745,30.6530971387948,30.983095169067383,6299500,0.0,0.0
2023-08-14 00:00:00-04:00,31.129759507573574,31.20309395480672,30.836428712198803,30.928096771240234,5137800,0.0,0.0
2023-08-15 00:00:00-04:00,30.82726844783528,30.83643350677499,30.55227122151109,30.68060302734375,6187000,0.0,0.0
2023-08-16 00:00:00-04:00,31.239763560194103,31.450594866895162,30.964762858882207,31.028928756713867,10147900,0.0,0.0
2023-08-17 00:00:00-04:00,31.010598654249765,31.056430938895993,30.790598792457025,30.863929748535156,8022800,0.0,0.0
2023-08-18 00:00:00-04:00,30.818096754010938,31.019762997944078,30.78143302520599,30.93726348876953,6949200,0.0,0.0
2023-08-21 00:00:00-04:00,30.94642802172432,30.99226380131625,30.68976444054888,30.8272647857666,6137100,0.0,0.0
2023-08-22 00:00:00-04:00,30.70809997061144,30.95559850939107,30.598101785635798,30.662267684936523,8243900,0.0,0.0
2023-08-23 00:00:00-04:00,30.84559822082519,30.86392833642169,30.662265593849103,30.845598220825195,7307800,0.0,0.0
2023-08-24 00:00:00-04:00,30.818094498791172,31.06559300820327,30.60726321227987,30.643930435180664,8285000,0.0,0.0
2023-08-25 00:00:00-04:00,30.65310081457582,30.799766234864528,30.423935876825997,30.50643539428711,8166600,0.0,0.0
2023-08-28 00:00:00-04:00,30.689761770806047,30.918926661714195,30.60726227020796,30.891427993774414,5062300,0.0,0.0
2023-08-29 00:00:00-04:00,30.964766374680025,31.11143180020209,30.698937694957237,31.07476806640625,5021200,0.0,0.0
2023-08-30 00:00:00-04:00,31.083926800600477,31.14809269266097,30.891429124419,30.955595016479492,4271900,0.0,0.0
2023-08-31 00:00:00-04:00,30.928097728125483,31.065594575773293,30.79059738369866,30.845598220825195,5056200,0.0,0.0
2023-09-01 00:00:00-04:00,30.946426816568678,30.983094040102667,30.726430468922555,30.753929138183594,6084000,0.0,0.0
2023-09-05 00:00:00-04:00,30.726432047829046,30.781432885956296,30.075604532162437,30.29560089111328,7560700,0.0,0.0
2023-09-06 00:00:00-04:00,30.313936818084297,30.488100906948212,30.27726958986684,30.433103561401367,6900600,0.0,0.0
2023-09-07 00:00:00-04:00,30.653098788949126,30.77226552780247,30.442267479765036,30.533935546875,5628800,0.0,0.0
2023-09-08 00:00:00-04:00,30.561431707908387,30.680598436971838,30.43309992127648,30.57976531982422,5411200,0.0,0.0
2023-09-11 00:00:00-04:00,30.643933042202157,30.909765185680225,30.588932203171794,30.735597610473633,6079100,0.0,0.0
2023-09-12 00:00:00-04:00,30.708097997123264,30.781432446913612,30.414767191519932,30.48809814453125,6124700,0.0,0.0
2023-09-13 00:00:00-04:00,30.579767847990343,30.689766031800456,30.13060306086529,30.36893653869629,8433200,0.0,0.0
2023-09-14 00:00:00-04:00,30.36893617886505,30.946429259610035,30.36893617886505,30.863929748535156,10580900,0.0,0.0
2023-09-15 00:00:00-04:00,30.790597146880234,31.01059699691527,30.478932732451675,30.524765014648438,40430900,0.0,0.0
2023-09-18 00:00:00-04:00,30.634763426896328,30.87309689099895,30.37809984719721,30.845598220825195,8396500,0.0,0.0
2023-09-19 00:00:00-04:00,31.019758974731747,31.019758974731747,30.55226414789535,30.625595092773438,7679300,0.0,0.0
2023-09-20 00:00:00-04:00,30.671429282512406,31.074761743211347,30.634762059398167,30.955595016479492,6724100,0.0,0.0
2023-09-21 00:00:00-04:00,31.001428334033626,31.01976194620404,30.524764907939858,30.55226707458496,11674900,0.0,0.0
2023-09-22 00:00:00-04:00,30.497262517888185,30.698928730383635,30.34142858183846,30.35976219177246,6051000,0.0,0.0
2023-09-25 00:00:00-04:00,30.203938719567894,30.323105463237514,29.690608013342842,29.773107528686523,5659200,0.0,0.0
2023-09-26 00:00:00-04:00,29.763942153784306,29.818939498909568,29.470611323851852,29.47977638244629,6557800,0.0,0.0
2023-09-27 00:00:00-04:00,29.45227538423211,29.51644127966437,29.021444231947754,29.030611038208008,5324600,0.0,0.0
2023-09-28 00:00:00-04:00,29.127517783336895,29.182894560812592,28.878329326056466,29.03522491455078,5889300,0.215,0.0
2023-09-29 00:00:00-04:00,29.155206286126937,29.312103635575074,28.979850010781355,29.136747360229492,5919600,0.0,0.0
2023-10-02 00:00:00-04:00,29.053681238394393,29.09982854882463,28.647595468647715,28.80449104309082,6266600,0.0,0.0
2023-10-03 00:00:00-04:00,28.67528382678803,28.822951708405334,28.536845407814308,28.693742752075195,6459700,0.0,0.0
2023-10-04 00:00:00-04:00,28.804494235340943,29.29364521807207,28.73988975391874,29.256729125976562,9311400,0.0,0.0
2023-10-05 00:00:00-04:00,29.265958684014386,29.275188147708374,27.816966330522337,27.88157081604004,15400000,0.0,0.0
2023-10-06 00:00:00-04:00,27.761588853136416,27.81696387006211,26.93095655789076,27.75235939025879,10862900,0.0,0.0
2023-10-09 00:00:00-04:00,27.72467063731292,27.85387958701776,27.263208090835725,27.447792053222656,7824400,0.0,0.0
2023-10-10 00:00:00-04:00,27.669292435433128,28.029234400128875,27.429331712415905,27.955400466918945,8261900,0.0,0.0
2023-10-11 00:00:00-04:00,28.029233463000615,28.07537900958656,26.894034357384907,27.032474517822266,9754800,0.0,0.0
2023-10-12 00:00:00-04:00,26.930955706779514,26.98633072195517,25.52810907983629,25.749610900878906,16014100,0.0,0.0
2023-10-13 00:00:00-04:00,25.74961093829573,26.211073506223396,25.648090370382842,25.94342613220215,7916800,0.0,0.0
2023-10-16 00:00:00-04:00,26.072634625127723,26.331054292302703,25.666547079664173,26.31259536743164,8159600,0.0,0.0
2023-10-17 00:00:00-04:00,26.220301686151636,26.737139244052244,26.201842761855925,26.561784744262695,7096400,0.0,0.0
2023-10-18 00:00:00-04:00,26.617159955039916,26.86635015386815,26.487951004687464,26.571014404296875,4922200,0.0,0.0
2023-10-19 00:00:00-04:00,26.571017843897437,26.718685737798584,26.24799366586112,26.25722312927246,6685900,0.0,0.0
2023-10-20 00:00:00-04:00,26.284907541787533,26.68176563329572,26.211073601065547,26.441804885864258,9031600,0.0,0.0
2023-10-23 00:00:00-04:00,26.42334209866892,26.52486441245106,26.137235840229863,26.146465301513672,7710100,0.0,0.0
2023-10-24 00:00:00-04:00,26.22953508752536,27.004792420976568,26.21107616045743,26.86635398864746,9904500,0.0,0.0
2023-10-25 00:00:00-04:00,26.82020457002075,27.09708317332989,26.681766148536195,26.85712242126465,10816700,0.0,0.0
2023-10-26 00:00:00-04:00,28.490700080555225,28.67528405386858,26.93095608823827,27.23552131652832,14559400,0.0,0.0
2023-10-27 00:00:00-04:00,27.106313139244897,27.946174906891393,27.07862475029806,27.56777572631836,15490200,0.0,0.0
2023-10-30 00:00:00-04:00,27.687752166162213,27.927712896176402,27.51239590954802,27.70621109008789,13125700,0.0,0.0
2023-10-31 00:00:00-04:00,27.844651227164267,28.176904837089907,27.798505674825698,27.992319107055664,10628000,0.0,0.0
2023-11-01 00:00:00-04:00,28.075380970326506,28.25996669024098,27.881565788382318,28.11229705810547,9440600,0.0,0.0
2023-11-02 00:00:00-04:00,28.21382286448433,28.573763126396113,28.10307282712999,28.48147201538086,9706300,0.0,0.0
2023-11-03 00:00:00-04:00,28.721431732177734,29.127517534827902,28.675284418008367,28.721431732177734,9100700,0.0,0.0
2023-11-06 00:00:00-05:00,28.675283511443165,28.933703181601587,28.56453348161812,28.582990646362305,6155700,0.0,0.0
2023-11-07 00:00:00-05:00,28.582991238265212,28.749118046782957,28.453782280680304,28.610679626464844,8222300,0.0,0.0
2023-11-08 00:00:00-05:00,28.675283036717055,28.786034825048567,28.5645330087255,28.656824111938477,7223300,0.0,0.0
2023-11-09 00:00:00-05:00,28.85063852923334,28.85063852923334,28.490698307384815,28.51838493347168,7518300,0.0,0.0
2023-11-10 00:00:00-05:00,28.518386168907696,28.66605404890108,28.444552228911,28.582990646362305,7836200,0.0,0.0
2023-11-13 00:00:00-05:00,28.573761143420885,28.952162065751416,28.481470038810492,28.869098663330078,6601800,0.0,0.0
2023-11-14 00:00:00-05:00,29.1367471617475,29.524375801252926,29.072142681886607,29.422853469848633,10032800,0.0,0.0
2023-11-15 00:00:00-05:00,29.478230444621175,29.533605461967145,29.330562558138542,29.432083129882812,7162700,0.0,0.0
2023-11-16 00:00:00-05:00,29.496683807476614,29.727415070402458,29.210577534343724,29.33055877685547,7302700,0.0,0.0
2023-11-17 00:00:00-05:00,29.487457028376333,29.487457028376333,29.02599448809088,29.284412384033203,6947400,0.0,0.0
2023-11-20 00:00:00-05:00,29.182890909410116,29.43207933551175,28.97984627141788,29.33055877685547,5239000,0.0,0.0
2023-11-21 00:00:00-05:00,29.256727111679787,29.552062869470628,29.229038724259407,29.45054054260254,5339700,0.0,0.0
2023-11-22 00:00:00-05:00,29.588978297694013,29.930459579564104,29.542829228763747,29.91200065612793,6123900,0.0,0.0
2023-11-24 00:00:00-05:00,29.875086504329307,30.216571349115306,29.875086504329307,30.105817794799805,3426100,0.0,0.0
2023-11-27 00:00:00-05:00,30.041210174560547,30.19810926643162,29.95814677784756,30.041210174560547,8790400,0.0,0.0
2023-11-28 00:00:00-05:00,30.041212418043283,30.161193671295532,29.69973110413456,29.755107879638672,7068100,0.0,0.0
2023-11-29 00:00:00-05:00,29.755106146705042,29.773561550118252,29.219807910047624,29.284412384033203,7236500,0.0,0.0
2023-11-30 00:00:00-05:00,29.330562561472515,29.40439650472222,28.795266032827115,29.136747360229492,21381600,0.0,0.0
2023-12-01 00:00:00-05:00,29.219808106887903,29.708957276268123,29.19211972056189,29.69049835205078,8212900,0.0,0.0
2023-12-04 00:00:00-05:00,29.64435208450841,29.930460121934196,29.64435208450841,29.745874404907227,5379200,0.0,0.0
2023-12-05 00:00:00-05:00,29.64435223065582,29.71818792610251,29.459768273058707,29.561288833618164,4578400,0.0,0.0
2023-12-06 00:00:00-05:00,29.579748721555937,29.745875521045726,29.367476371247843,29.70895767211914,5957500,0.0,0.0
2023-12-07 00:00:00-05:00,29.764337650212543,29.958151096925093,29.61666975928676,29.865859985351562,6874300,0.0,0.0
2023-12-08 00:00:00-05:00,29.83817268696548,29.83817268696548,29.60744139252503,29.635128021240234,8254100,0.0,0.0
2023-12-11 00:00:00-05:00,29.948922760993884,30.26271746266336,29.948922760993884,30.235027313232422,7108500,0.0,0.0
2023-12-12 00:00:00-05:00,30.47498818789323,30.47498818789323,30.059671175627763,30.151962280273438,5925600,0.0,0.0
2023-12-13 00:00:00-05:00,30.18888297742746,30.724181292758672,30.041215083660283,30.678035736083984,7104500,0.0,0.0
2023-12-14 00:00:00-05:00,30.742640672072636,31.056435391031744,29.690502952729492,29.727420806884766,13049700,0.0,0.0
2023-12-15 00:00:00-05:00,29.699733713419754,29.995069500695255,29.413627389539133,29.505918502807617,18610900,0.0,0.0
2023-12-18 00:00:00-05:00,29.644355278189437,30.078131231832923,29.35824897028036,29.90277671813965,6357300,0.0,0.0
2023-12-19 00:00:00-05:00,29.810478857457582,30.13350474220466,29.773561009941393,30.031982421875,5632900,0.0,0.0
2023-12-20 00:00:00-05:00,29.84740139239776,30.207341660508597,29.773565685769757,29.792024612426758,7322700,0.0,0.0
2023-12-21 00:00:00-05:00,29.88431795616072,30.041213544954555,29.75510899581754,30.013526916503906,4853900,0.0,0.0
2023-12-22 00:00:00-05:00,29.967383196356366,30.438073512226733,29.95815197252107,30.299636840820312,4467700,0.0,0.0
2023-12-26 00:00:00-05:00,30.281175942032686,30.576511713284955,30.188881313091287,30.502676010131836,3492500,0.0,0.0
2023-12-27 00:00:00-05:00,30.511908414420066,30.641117379259338,30.428845005497642,30.558053970336914,4895300,0.0,0.0
2023-12-28 00:00:00-05:00,30.622654975928405,30.798009476775164,30.5672782027074,30.779550552368164,3808000,0.0,0.0
2023-12-29 00:00:00-05:00,30.696488611111214,30.79801093983262,30.58573858008787,30.75186538696289,4988400,0.0,0.0
2024-01-02 00:00:00-05:00,30.80724300301887,31.04720199689384,30.678034043187722,30.798011779785156,7861000,0.0,0.0
2024-01-03 00:00:00-05:00,30.502677379544522,30.51190860319315,29.902778107553516,30.07813262939453,9610100,0.0,0.0
2024-01-04 00:00:00-05:00,30.036319230101647,30.287160705600996,29.934122717237493,30.07347869873047,7351300,0.215,0.0
2024-01-05 00:00:00-05:00,29.95271109166153,29.989870568810925,29.40456716099396,29.70186424255371,5261600,0.0,0.0
2024-01-08 00:00:00-05:00,29.506759214732703,29.729731992029308,29.293077191327217,29.553211212158203,18370600,0.0,0.0
2024-01-09 00:00:00-05:00,29.395274459148027,29.720443785082818,29.2466259282116,29.711153030395508,9428500,0.0,0.0
2024-01-10 00:00:00-05:00,29.683284203132427,29.785480738394202,29.395276107763856,29.516054153442383,7003200,0.0,0.0
2024-01-11 00:00:00-05:00,29.432437789054365,29.71115334449916,29.311659748872746,29.68328285217285,6696300,0.0,0.0
2024-01-12 00:00:00-05:00,29.813346278619306,29.869090800607832,29.56250124576115,29.646116256713867,6273500,0.0,0.0
2024-01-16 00:00:00-05:00,29.64611686134286,29.673989122905574,29.376692087690383,29.571792602539062,8093300,0.0,0.0
2024-01-17 00:00:00-05:00,29.50676166985079,29.74831597502823,29.413855895239422,29.48818016052246,6070900,0.0,0.0
2024-01-18 00:00:00-05:00,29.302375570455332,29.581091171597578,29.153725241544812,29.543928146362305,8788400,0.0,0.0
2024-01-19 00:00:00-05:00,29.51605316631897,29.69257219328359,29.181593078124436,29.627538681030273,7295500,0.0,0.0
2024-01-22 00:00:00-05:00,29.506759672124023,29.646117438590856,29.25591462926564,29.26520538330078,6014300,0.0,0.0
2024-01-23 00:00:00-05:00,29.27449811933751,29.543922916477175,29.060816078152552,29.48818016052246,6970400,0.0,0.0
2024-01-24 00:00:00-05:00,29.478890120094395,29.516053139651458,28.865714473645287,28.930747985839844,6216700,0.0,0.0
2024-01-25 00:00:00-05:00,29.079396967519198,29.358114302395524,28.97720220622518,29.34882354736328,7898800,0.0,0.0
2024-01-26 00:00:00-05:00,29.478889479303554,29.748316049144748,29.478889479303554,29.711153030395508,4879400,0.0,0.0
2024-01-29 00:00:00-05:00,29.67398766419826,29.776182407511,29.636824650608162,29.7390193939209,10680000,0.0,0.0
2024-01-30 00:00:00-05:00,29.757610225373398,29.813354763226307,29.48818538053997,29.543928146362305,5829800,0.0,0.0
2024-01-31 00:00:00-05:00,29.618245671707097,29.636827180088066,29.107266595441683,29.209463119506836,6336000,0.0,0.0
2024-02-01 00:00:00-05:00,29.27449819227353,29.73902352242717,29.005071622432336,29.711153030395508,8024300,0.0,0.0
2024-02-02 00:00:00-05:00,29.516051183059087,29.636827444552786,29.16300960879101,29.404563903808594,5962900,0.0,0.0
2024-02-05 00:00:00-05:00,29.237334754937446,29.246625509491743,28.800679923066998,28.83784294128418,8392600,0.0,0.0
2024-02-06 00:00:00-05:00,28.90287971496582,29.023655993749735,28.72635890256123,28.90287971496582,12983700,0.0,0.0
2024-02-07 00:00:00-05:00,29.218757133376723,29.339533407266618,28.94933054788565,29.042236328125,7611000,0.0,0.0
2024-02-08 00:00:00-05:00,29.023654937267356,29.283790768603385,28.930749156645177,29.255918502807617,6873200,0.0,0.0
2024-02-09 00:00:00-05:00,29.21875408532435,29.25591533032527,28.754227004616684,28.94003677368164,5257400,0.0,0.0
2024-02-12 00:00:00-05:00,28.884292754744802,29.135137792624672,28.754225744894548,29.09797477722168,6261200,0.0,0.0
2024-02-13 00:00:00-05:00,29.246626372529146,29.26520788218606,28.540544953839117,28.726356506347656,10990900,0.0,0.0
2024-02-14 00:00:00-05:00,28.642743934049186,28.940041025859305,28.559128905473784,28.89358901977539,8864000,0.0,0.0
2024-02-15 00:00:00-05:00,28.94932993040762,29.19088424506552,28.847133397121116,28.884296417236328,6392800,0.0,0.0
2024-02-16 00:00:00-05:00,28.85642118222572,28.90287495258868,28.50338138761796,28.77280616760254,11899500,0.0,0.0
2024-02-20 00:00:00-05:00,28.791389539122545,29.320950151322346,28.549835233692235,29.014362335205078,15705100,0.0,0.0
2024-02-21 00:00:00-05:00,29.218756461414774,29.413857000603223,29.135141438325345,29.35811424255371,11466600,0.0,0.0
2024-02-22 00:00:00-05:00,28.401183750994115,28.76351428546436,27.862332440127823,28.215373992919922,16363500,0.0,0.0
2024-02-23 00:00:00-05:00,28.289699585915066,28.289699585915066,27.797300248317065,28.048145294189453,24281800,0.0,0.0
2024-02-26 00:00:00-05:00,27.918077868908412,27.945950132707242,27.100510956475464,27.4070987701416,20269400,0.0,0.0
2024-02-27 00:00:00-05:00,27.31419299617575,27.620780809841886,27.239868731409118,27.4070987701416,10699500,0.0,0.0
2024-02-28 00:00:00-05:00,27.332776231043617,27.96453340746142,27.239870451212113,27.899499893188477,9757900,0.0,0.0
2024-02-29 00:00:00-05:00,27.945948920838568,28.308279474359747,27.65794262886097,27.788009643554688,10848200,0.0,0.0
2024-03-01 00:00:00-05:00,26.8589602275336,27.360650410499098,26.803217464547593,27.20271110534668,47327200,0.0,0.0
2024-03-04 00:00:00-05:00,27.128386283724737,27.24916256309773,27.007608232321296,27.035480499267578,19511900,0.0,0.0
2024-03-05 00:00:00-05:00,27.10980100657322,27.2770310409599,26.970443235261058,27.026185989379883,10791600,0.0,0.0
2024-03-06 00:00:00-05:00,27.16554297345155,27.314191494814146,27.100509466859183,27.128381729125977,7722800,0.0,0.0
2024-03-07 00:00:00-05:00,27.109798074267047,27.156250069003267,26.868243803172692,26.905405044555664,7363700,0.0,0.0
2024-03-08 00:00:00-05:00,26.989026345037114,27.128385905796648,26.849668556308004,27.072641372680664,9728500,0.0,0.0
2024-03-11 00:00:00-04:00,27.19341818776808,27.379227973627295,27.137673657183004,27.221288681030273,6977700,0.0,0.0
2024-03-12 00:00:00-04:00,27.258449986374398,27.34206500496078,27.174834967788016,27.211997985839844,7185400,0.0,0.0
2024-03-13 00:00:00-04:00,27.29561413466435,27.407101428643745,26.8403777473068,26.849668502807617,14514800,0.0,0.0
2024-03-14 00:00:00-04:00,26.84966966770336,27.212002059833672,26.76605463659871,26.942575454711914,16255000,0.0,0.0
2024-03-15 00:00:00-04:00,26.961152084802784,27.007604083880988,26.58953077608662,26.831083297729492,28531300,0.0,0.0
2024-03-18 00:00:00-04:00,26.82179348250449,27.462839555618892,26.756758204972627,27.4163875579834,13215300,0.0,0.0
2024-03-19 00:00:00-04:00,27.397807504485176,27.788010330239025,27.184125468770745,27.23057746887207,13656700,0.0,0.0
2024-03-20 00:00:00-04:00,27.267739361696197,27.620779155180795,27.21199660946813,27.602197647094727,12464500,0.0,0.0
2024-03-21 00:00:00-04:00,27.54645593303849,27.741558231234954,27.44426117877388,27.481422424316406,9582100,0.0,0.0
2024-03-22 00:00:00-04:00,27.481426408315688,27.74156225294629,27.4349744016458,27.68581771850586,7166700,0.0,0.0
2024-03-25 00:00:00-04:00,27.797303655582827,28.364027323791237,27.74156089589966,28.31757354736328,18795000,0.0,0.0
2024-03-26 00:00:00-04:00,28.28040851857746,28.819259848911667,28.28040851857746,28.549833297729492,18452600,0.0,0.0
2024-03-27 00:00:00-04:00,28.57322727113239,28.956823160786723,28.46095447645807,28.620006561279297,15201900,0.215,0.0
2024-03-28 00:00:00-04:00,28.825836261392784,29.05038005317932,28.638717327161714,28.694852828979492,7269500,0.0,0.0
2024-04-01 00:00:00-04:00,28.863262809300313,29.2842817743634,28.760346229510976,29.21879005432129,11031400,0.0,0.0
2024-04-02 00:00:00-04:00,29.331059262330463,29.359126119193224,28.676138572964557,28.92875099182129,14180800,0.0,0.0
2024-04-03 00:00:00-04:00,28.8071233649971,29.153294347744506,28.722919226595778,29.012954711914062,8703400,0.0,0.0
2024-04-04 00:00:00-04:00,29.228147760301145,29.29363948368425,28.6948559733066,28.704212188720703,7327800,0.0,0.0
2024-04-05 00:00:00-04:00,28.722920380398882,28.872616235900026,28.498374812631805,28.78841209411621,8528000,0.0,0.0
2024-04-08 00:00:00-04:00,28.77905756279095,29.003601359171714,28.71356584524433,28.81648063659668,6350700,0.0,0.0
2024-04-09 00:00:00-04:00,28.92875057351274,29.143938134087104,28.85390264876882,29.012954711914062,4619600,0.0,0.0
2024-04-10 00:00:00-04:00,28.76034397485755,28.797768831670872,28.32996882859671,28.67613983154297,7752500,0.0,0.0
2024-04-11 00:00:00-04:00,28.760345700431202,29.143941583205905,28.704210196358574,28.835193634033203,6927000,0.0,0.0
2024-04-12 00:00:00-04:00,28.80712583833494,28.82583648274092,28.236409247839585,28.273832321166992,9627800,0.0,0.0
2024-04-15 00:00:00-04:00,28.376749847950382,28.563870574412903,28.264477055169767,28.47031021118164,10277700,0.0,0.0
2024-04-16 00:00:00-04:00,28.460953327116275,28.582580547295866,28.26447639049945,28.479665756225586,10322500,0.0,0.0
2024-04-17 00:00:00-04:00,28.82583709354822,28.919397455622406,28.554514006500114,28.891328811645508,10022000,0.0,0.0
2024-04-18 00:00:00-04:00,29.06909337828725,29.162653740545384,28.816480935544938,29.125228881835938,7467900,0.0,0.0
2024-04-19 00:00:00-04:00,29.218786884905143,29.56495966195484,29.022311746090832,29.471399307250977,8631500,0.0,0.0
2024-04-22 00:00:00-04:00,29.639810802207972,29.72401495211889,29.396554567411492,29.714658737182617,7411500,0.0,0.0
2024-04-23 00:00:00-04:00,29.555606652297055,29.77079424228472,29.49011493225868,29.714658737182617,7904000,0.0,0.0
2024-04-24 00:00:00-04:00,29.21878853981002,30.360221719718485,29.181365466518095,30.257305145263672,11479400,0.0,0.0
2024-04-25 00:00:00-04:00,31.76362596917624,32.2594929091288,31.155484440945422,31.660709381103516,14559000,0.0,0.0
2024-04-26 00:00:00-04:00,31.333241942335736,31.801041888169753,31.295817090101732,31.548429489135742,9684800,0.0,0.0
2024-04-29 00:00:00-04:00,31.623276964566934,31.73554795699593,31.42680183555856,31.52971839904785,8915700,0.0,0.0
2024-04-30 00:00:00-04:00,31.557785254897475,31.5858521107471,31.211614279640276,31.52971839904785,6026200,0.0,0.0
2024-05-01 00:00:00-04:00,31.23968471414372,31.40809300659443,31.071276421693007,31.19290542602539,6235700,0.0,0.0
2024-05-02 00:00:00-04:00,31.30517671496866,31.585856015252755,31.108701561672888,31.398738861083984,6371900,0.0,0.0
2024-05-03 00:00:00-04:00,31.473585632087712,31.698131218179306,31.267752475589667,31.651351928710938,7463400,0.0,0.0
2024-05-06 00:00:00-04:00,31.71684301981421,31.79168916767553,31.2958222848726,31.398738861083984,5029600,0.0,0.0
2024-05-07 00:00:00-04:00,31.57649783557403,31.688768828549748,31.361310278607853,31.63263511657715,5831500,0.0,0.0
2024-05-08 00:00:00-04:00,31.716839099116513,31.754260383905844,31.464226689378393,31.52971839904785,4682000,0.0,0.0
2024-05-09 00:00:00-04:00,31.60456575848285,31.829111321045122,31.520361618650828,31.801044464111328,5701500,0.0,0.0
2024-05-10 00:00:00-04:00,31.76361669495565,31.875887681422096,31.613920856656954,31.838462829589844,5300000,0.0,0.0
2024-05-13 00:00:00-04:00,31.810401266586865,32.025588846871244,31.632638544360002,31.922672271728516,8073000,0.0,0.0
2024-05-14 00:00:00-04:00,31.90395828306462,32.04429970940423,31.716841139986112,31.969449996948242,7824900,0.0,0.0
2024-05-15 00:00:00-04:00,31.95073923753378,32.02558537650742,31.60456469156033,31.63263511657715,7792300,0.0,0.0
2024-05-16 00:00:00-04:00,31.632640996185682,32.156574773477104,31.632640996185682,31.941387176513672,6793800,0.0,0.0
2024-05-17 00:00:00-04:00,31.87589165286368,31.87589165286368,31.54843308110894,31.576499938964844,6118900,0.0,0.0
2024-05-20 00:00:00-04:00,31.585855362623434,31.641992649132717,31.4268050710601,31.511009216308594,7793700,0.0,0.0
2024-05-21 00:00:00-04:00,31.641986791010794,31.791682624957016,31.548428233180733,31.77297019958496,5827100,0.0,0.0
2024-05-22 00:00:00-04:00,31.707478411665473,32.11914463070442,31.595207428759487,32.06300735473633,4823100,0.0,0.0
2024-05-23 00:00:00-04:00,31.87588924059628,32.109789222443354,31.763618248638224,31.791685104370117,4483500,0.0,0.0
2024-05-24 00:00:00-04:00,31.84783083152041,32.19400189713675,31.84783083152041,31.988168716430664,5208500,0.0,0.0
2024-05-28 00:00:00-04:00,31.819758992580965,31.95074600935035,31.47358794226864,31.539079666137695,8073000,0.0,0.0
2024-05-29 00:00:00-04:00,31.482945602702337,31.60457104912947,31.20226271025515,31.492300033569336,4758000,0.0,0.0
2024-05-30 00:00:00-04:00,31.51101329127651,31.81040505331461,31.49230086002021,31.716846466064453,5416200,0.0,0.0
2024-05-31 00:00:00-04:00,31.735550365446436,32.06301250767573,31.70748350746678,32.0443000793457,13476700,0.0,0.0
2024-06-03 00:00:00-04:00,32.00687457996687,32.306266289173756,31.838466297409152,32.15657043457031,5123600,0.0,0.0
2024-06-04 00:00:00-04:00,32.06301542282681,32.74600305833113,31.978811272201284,32.57759475708008,9058900,0.0,0.0
2024-06-05 00:00:00-04:00,32.66179393969767,32.736643648438076,32.296910532164524,32.540164947509766,8207600,0.0,0.0
2024-06-06 00:00:00-04:00,32.48403057683029,32.73664298516522,32.24077259738312,32.28755187988281,5851900,0.0,0.0
2024-06-07 00:00:00-04:00,32.22206357557537,32.61501744196442,32.19399671691574,32.39982986450195,5701200,0.0,0.0
2024-06-10 00:00:00-04:00,32.39047730854473,32.39983530902438,31.81976062635577,31.960102081298828,4118700,0.0,0.0
2024-06-11 00:00:00-04:00,31.903960805646342,31.960098094426993,31.492298061681264,31.651351928710938,9201000,0.0,0.0
2024-06-12 00:00:00-04:00,31.72620164575402,31.819760235211685,31.436164307984996,31.44552230834961,5574600,0.0,0.0
2024-06-13 00:00:00-04:00,31.31453670327661,31.894607769915485,31.286466273143432,31.866540908813477,8398500,0.0,0.0
2024-06-14 00:00:00-04:00,31.82911357507043,32.05365558450334,31.735551430280974,31.84782600402832,4589000,0.0,0.0
2024-06-17 00:00:00-04:00,32.03494974976019,32.49339181091285,31.744912427069874,32.45596694946289,8986800,0.0,0.0
2024-06-18 00:00:00-04:00,32.437245481337726,32.5308076088951,32.072362106439556,32.26884078979492,4621900,0.0,0.0
2024-06-20 00:00:00-04:00,32.21271105898165,32.296915208992715,31.75426544913673,32.00687789916992,7070300,0.0,0.0
2024-06-21 00:00:00-04:00,32.19400237995411,32.437256858865524,31.91332303689279,32.16593551635742,15945700,0.0,0.0
2024-06-24 00:00:00-04:00,32.194001387959,32.46532629113824,32.05365993623695,32.437255859375,7818500,0.0,0.0
2024-06-25 00:00:00-04:00,32.446612706846444,32.56824172274879,32.07237122823828,32.194000244140625,5651100,0.0,0.0
2024-06-26 00:00:00-04:00,31.98816673568507,32.231424764916966,31.78233713675563,32.147220611572266,4762800,0.0,0.0
2024-06-27 00:00:00-04:00,32.28755571521207,32.353051001328176,31.801046836587936,31.922672271728516,9231800,0.0,0.0
2024-06-28 00:00:00-04:00,31.889712999983484,31.889712999983484,31.362456962563456,31.447195053100586,12137900,0.215,0.0
2024-07-01 00:00:00-04:00,31.447198731900734,31.64491976906332,30.882276865012592,30.919939041137695,5835900,0.0,0.0
2024-07-02 00:00:00-04:00,31.032925315809024,31.080001245197575,30.665728038249856,30.863449096679688,9243300,0.0,0.0
2024-07-03 00:00:00-04:00,30.844617740409625,31.004680208945224,30.665727773611632,30.80695915222168,5340800,0.0,0.0
2024-07-05 00:00:00-04:00,30.806956751091274,30.88227751325973,30.571573532862676,30.750463485717773,7262800,0.0,0.0
2024-07-08 00:00:00-04:00,30.637477078915737,30.731628918885406,30.289107369370537,30.4020938873291,12207000,0.0,0.0
2024-07-09 00:00:00-04:00,30.486835358619533,30.505666447032883,30.0631448484763,30.08197593688965,6775000,0.0,0.0
2024-07-10 00:00:00-04:00,30.11963631788492,30.43034209337948,29.97840674644765,30.08197593688965,10725600,0.0,0.0
2024-07-11 00:00:00-04:00,29.940745917781978,30.67514403231942,29.940745917781978,30.533912658691406,6833600,0.0,0.0
2024-07-12 00:00:00-04:00,30.477421549369943,30.882281018002523,30.477421549369943,30.712804794311523,4638500,0.0,0.0
2024-07-15 00:00:00-04:00,30.618648479794032,30.92935245026292,30.52449304051349,30.759876251220703,9470000,0.0,0.0
2024-07-16 00:00:00-04:00,30.769294574175607,31.051753717717354,30.637480546633654,30.750463485717773,7813600,0.0,0.0
2024-07-17 00:00:00-04:00,30.948185623083152,31.24006211702227,30.872864858247155,31.145910263061523,13082500,0.0,0.0
2024-07-18 00:00:00-04:00,31.089415363018734,31.644919892205877,31.023508350374733,31.2023983001709,6338500,0.0,0.0
2024-07-19 00:00:00-04:00,31.437784266573438,31.475446446142207,30.81637267034125,31.051755905151367,4626700,0.0,0.0
2024-07-22 00:00:00-04:00,31.051750220973247,31.1835642336716,30.825784368251064,30.9105224609375,7473000,0.0,0.0
2024-07-23 00:00:00-04:00,30.863445330747613,31.032921529197605,30.65631054837976,30.722217559814453,6730000,0.0,0.0
2024-07-24 00:00:00-04:00,30.844617083234418,30.91994144133176,30.383267960708984,30.854034423828125,11507900,0.0,0.0
2024-07-25 00:00:00-04:00,31.899135642543428,32.58645422821804,31.1459100412331,31.268306732177734,17925900,0.0,0.0
2024-07-26 00:00:00-04:00,31.258893897656506,31.889719234807234,31.145910952071603,31.767322540283203,12633200,0.0,0.0
2024-07-29 00:00:00-04:00,31.710830116881077,32.19101034216298,31.673167936794567,32.16276550292969,10122100,0.0,0.0
2024-07-30 00:00:00-04:00,32.02153379847091,32.23808953593908,31.72024354416277,32.12510299682617,8023900,0.0,0.0
2024-07-31 00:00:00-04:00,32.01212112309677,32.5017187006849,31.739075698577054,32.27574920654297,7192800,0.0,0.0
2024-08-01 00:00:00-04:00,32.36989911152935,32.66177198484948,32.02152938477687,32.53937530517578,7731000,0.0,0.0
2024-08-02 00:00:00-04:00,32.85949529040122,33.17961657762847,32.4452185706586,33.019554138183594,11433800,0.0,0.0
2024-08-05 00:00:00-04:00,33.3114318986417,33.45265966546284,31.974453437759884,32.29457473754883,11432200,0.0,0.0
2024-08-06 00:00:00-04:00,32.238092010121505,32.90657958869327,32.20042982752673,32.46405792236328,7509900,0.0,0.0
2024-08-07 00:00:00-04:00,32.53937737712054,32.88774353439258,32.2569146419489,32.55820846557617,5902900,0.0,0.0
2024-08-08 00:00:00-04:00,32.426393178308295,32.708855933793046,32.1815961941064,32.511131286621094,5334800,0.0,0.0
2024-08-09 00:00:00-04:00,32.39814394658287,32.5676201402293,32.06860889874961,32.53937530517578,4352800,0.0,0.0
2024-08-12 00:00:00-04:00,32.511124624857025,32.831245902703195,32.42638653390767,32.76533889770508,5320400,0.0,0.0
2024-08-13 00:00:00-04:00,32.81242022096015,33.1607899809409,32.74651320510714,33.09488296508789,6064900,0.0,0.0
2024-08-14 00:00:00-04:00,33.09488404911157,33.41500539016733,32.96306642142488,33.24552917480469,6839900,0.0,0.0
2024-08-15 00:00:00-04:00,33.24552743182555,33.38675520944813,33.15137198841424,33.26435852050781,9379300,0.0,0.0
2024-08-16 00:00:00-04:00,33.179614988405085,33.386749746692644,33.179614988405085,33.32084274291992,6996400,0.0,0.0
2024-08-19 00:00:00-04:00,33.302016078224234,33.55623038009316,33.25494015380321,33.53739929199219,4946200,0.0,0.0
2024-08-20 00:00:00-04:00,33.52798538634139,33.70687533496644,33.39617136191632,33.640968322753906,5170400,0.0,0.0
2024-08-21 00:00:00-04:00,33.706876477765974,33.85752159531107,33.34909297672278,33.40558624267578,6966100,0.0,0.0
2024-08-22 00:00:00-04:00,33.537400544767735,33.69746300377367,33.36792433719108,33.584476470947266,4699500,0.0,0.0
2024-08-23 00:00:00-04:00,33.73512376281666,33.810444523204076,33.45266103429119,33.640968322753906,3964100,0.0,0.0
2024-08-26 00:00:00-04:00,33.70687816360741,34.12115495132357,33.65980223545687,34.01758575439453,4579000,0.0,0.0
2024-08-27 00:00:00-04:00,34.17764614096102,34.31887752332589,34.06466319006709,34.243553161621094,4383500,0.0,0.0
2024-08-28 00:00:00-04:00,34.31887375337386,34.31887375337386,33.86693840778027,34.10232162475586,4878300,0.0,0.0
2024-08-29 00:00:00-04:00,34.19647582234631,34.281213929941,33.801033714679804,34.05524444580078,4939800,0.0,0.0
2024-08-30 00:00:00-04:00,34.04583003905966,34.64841052957457,34.04583003905966,34.469520568847656,7530100,0.0,0.0
2024-09-03 00:00:00-04:00,34.37536693583829,35.38281051166399,34.0740766746867,34.97795104980469,9001800,0.0,0.0
2024-09-04 00:00:00-04:00,34.76139194897334,35.1944998002397,34.67665743839529,35.05326843261719,7264100,0.0,0.0
2024-09-05 00:00:00-04:00,35.175668927765244,35.175668927765244,34.61074704546934,34.8084716796875,5283300,0.0,0.0
2024-09-06 00:00:00-04:00,34.69548530876268,35.11917582452925,34.6860715602625,34.70490264892578,5657800,0.0,0.0
2024-09-09 00:00:00-04:00,34.582502320505625,35.29806932206675,34.54484014323127,35.0909309387207,7010900,0.0,0.0
2024-09-10 00:00:00-04:00,35.119180091853636,35.21333554661086,34.85555200186011,35.025028228759766,4292000,0.0,0.0
2024-09-11 00:00:00-04:00,34.996774890878285,35.00619223086562,34.52600845807123,34.8743782043457,4888100,0.0,0.0
2024-09-12 00:00:00-04:00,34.87437912862328,34.968530981014865,34.63899590598138,34.883792877197266,4851900,0.0,0.0
2024-09-13 00:00:00-04:00,34.97794466674898,35.48636964487131,34.94969624065256,35.411048889160156,5462300,0.0,0.0
2024-09-16 00:00:00-04:00,35.608773745516054,35.62760483438597,35.09093137241377,35.16625213623047,4810000,0.0,0.0
2024-09-17 00:00:00-04:00,35.13800366774512,35.41104904064909,35.09092774626644,35.30747985839844,5798600,0.0,0.0
2024-09-18 00:00:00-04:00,35.185079589223804,35.46753870975847,35.11917258082113,35.30747985839844,13960700,0.0,0.0
2024-09-19 00:00:00-04:00,35.44871121449707,35.495787135975746,35.185079589223804,35.30747985839844,11965800,0.0,0.0
2024-09-20 00:00:00-04:00,35.15684202843253,35.429887457828144,35.11917984679245,35.26982498168945,17177900,0.0,0.0
2024-09-23 00:00:00-04:00,35.37339311033997,35.834745842251756,35.27924125076444,35.78766632080078,7445400,0.0,0.0
2024-09-24 00:00:00-04:00,35.73117370592106,36.04187769032232,35.524035321878266,35.61819076538086,4663400,0.0,0.0
2024-09-25 00:00:00-04:00,35.61819191415654,35.69351267972498,35.35456025550941,35.382808685302734,4268100,0.0,0.0
2024-09-26 00:00:00-04:00,35.4110520457386,35.524034985208026,35.18508257513686,35.33572769165039,5353200,0.0,0.0
2024-09-27 00:00:00-04:00,35.4304697052433,35.828350234493485,35.37362808086022,35.44941329956055,4627600,0.23,0.0
2024-09-30 00:00:00-04:00,35.638875293112406,35.828343726161336,35.38309345056782,35.506248474121094,6986600,0.0,0.0
2024-10-01 00:00:00-04:00,35.733613527157736,35.733613527157736,35.18415539870527,35.23152160644531,11057500,0.0,0.0
2024-10-02 00:00:00-04:00,35.20309953290889,35.2315185323112,34.84310988063756,35.070472717285156,6426600,0.0,0.0
2024-10-03 00:00:00-04:00,34.909423777246516,34.97573718598689,34.62522293781495,34.71048355102539,6025600,0.0,0.0
2024-10-04 00:00:00-04:00,34.65364853705497,34.66312033320119,34.33155326093272,34.47365188598633,9473500,0.0,0.0
2024-10-07 00:00:00-04:00,34.48312292510713,34.587327124747574,34.21786568710443,34.24628829956055,9697500,0.0,0.0
2024-10-08 00:00:00-04:00,34.24629300135461,34.359972625357756,34.05682455214263,34.29365921020508,6386900,0.0,0.0
2024-10-09 00:00:00-04:00,34.293655792412295,34.445229813913606,34.16102897532486,34.31260299682617,11880200,0.0,0.0
2024-10-10 00:00:00-04:00,34.36943863473072,34.61574866137745,34.161026628117504,34.58732604980469,8529100,0.0,0.0
2024-10-11 00:00:00-04:00,34.67259203159551,34.71996185362321,34.2841833421146,34.46417999267578,4923000,0.0,0.0
2024-10-14 00:00:00-04:00,34.483132199185555,34.7862803123107,34.435762370288664,34.719966888427734,7226500,0.0,0.0
2024-10-15 00:00:00-04:00,34.710484880271174,35.24099578431995,34.61575246810277,34.975738525390625,8014700,0.0,0.0
2024-10-16 00:00:00-04:00,34.89048018658618,35.07047320833724,34.66311734675509,34.71048355102539,6041400,0.0,0.0
2024-10-17 00:00:00-04:00,34.710484793419276,34.757850999384964,34.530491765225726,34.577857971191406,6886500,0.0,0.0
2024-10-18 00:00:00-04:00,34.32207659679399,35.01363333211911,34.23681597935336,34.994686126708984,9535600,0.0,0.0
2024-10-21 00:00:00-04:00,34.95679523226741,35.30730949685308,34.719960586015766,34.98521423339844,9822700,0.0,0.0
2024-10-22 00:00:00-04:00,34.871534317529324,35.04205555048036,34.710484880271174,34.975738525390625,6768300,0.0,0.0
2024-10-23 00:00:00-04:00,34.748375337243225,35.00415715756877,34.606273121348096,34.7673225402832,9425200,0.0,0.0
2024-10-24 00:00:00-04:00,33.4694711565098,33.89577059322454,32.730544664331056,33.100006103515625,19980500,0.0,0.0
2024-10-25 00:00:00-04:00,33.15684880429435,33.31789462100082,32.7305457397629,32.758968353271484,9207300,0.0,0.0
2024-10-28 00:00:00-04:00,33.10000902101771,33.15685063736763,32.02004360703875,32.07688522338867,15145700,0.0,0.0
2024-10-29 00:00:00-04:00,30.779033238256453,31.394801170657328,30.655878206252268,31.148494720458984,55115500,0.0,0.0
2024-10-30 00:00:00-04:00,31.14849108446157,31.347431303377338,31.0253360668334,31.25269889831543,42889600,0.0,0.0
2024-10-31 00:00:00-04:00,31.224277398347194,31.375851420132967,31.101125990140446,31.214805603027344,17641900,0.0,0.0
2024-11-01 00:00:00-04:00,31.186382415850357,31.243224028153207,30.892709786809792,31.091650009155273,12592800,0.0,0.0
2024-11-04 00:00:00-05:00,31.1674400689365,31.480059914549503,30.85481660951368,30.95902442932129,11360200,0.0,0.0
2024-11-05 00:00:00-05:00,30.902183435117948,30.959025050829517,30.69377140512864,30.892711639404297,10417100,0.0,0.0
2024-11-06 00:00:00-05:00,30.86429561252552,31.33796494766819,30.731665163084973,31.243228912353516,14119700,0.0,0.0
2024-11-07 00:00:00-05:00,31.262171109808133,31.45163953626587,31.16743870348409,31.186382293701172,7135400,0.0,0.0
2024-11-08 00:00:00-05:00,31.243227136579108,31.33796316650926,31.08218130641289,31.148494720458984,6852900,0.0,0.0
2024-11-11 00:00:00-05:00,31.129549601721852,31.470592104717387,30.987447354203624,31.451644897460938,8233200,0.0,0.0
2024-11-12 00:00:00-05:00,31.385328334401258,31.74531439477515,31.243226101120573,31.58426856994629,8982000,0.0,0.0
2024-11-13 00:00:00-05:00,31.4611138784564,31.934783176044036,31.271645436659355,31.79268455505371,9806700,0.0,0.0
2024-11-14 00:00:00-05:00,31.735843393768516,31.906364632451773,31.58426936091784,31.622163772583008,9300100,0.0,0.0
2024-11-15 00:00:00-05:00,31.53690359699178,31.565322599235536,29.822219390020884,29.992740631103516,17313300,0.0,0.0
2024-11-18 00:00:00-05:00,30.210627909043733,30.220101512039548,29.509597549498313,29.594858169555664,16062500,0.0,0.0
2024-11-19 00:00:00-05:00,29.65169749523464,29.898005748378864,29.282236018970796,29.8601131439209,10814400,0.0,0.0
2024-11-20 00:00:00-05:00,29.831692480026565,30.371677003136618,29.670644844763213,30.35272979736328,8493300,0.0,0.0
2024-11-21 00:00:00-05:00,30.324307122093,30.59903618455045,30.19168210265577,30.542198181152344,7192400,0.0,0.0
2024-11-22 00:00:00-05:00,30.437988554065218,31.015865646459066,30.437988554065218,30.94007682800293,12793900,0.0,0.0
2024-11-25 00:00:00-05:00,31.148492117292886,31.186382912288277,30.788502461263693,31.12006950378418,15501300,0.0,0.0
2024-11-26 00:00:00-05:00,31.120071671645512,31.30006831910375,30.902184226552357,30.930606842041016,9592900,0.0,0.0
2024-11-27 00:00:00-05:00,31.07270225120306,31.07270225120306,30.580085794787927,30.864290237426758,8454600,0.0,0.0
2024-11-29 00:00:00-05:00,30.87376522487368,31.025339256843264,30.741138398626543,30.930606842041016,4642600,0.0,0.0
2024-12-02 00:00:00-05:00,31.006391882154713,31.129546911774497,30.475880966247146,30.826398849487305,10197700,0.0,0.0
2024-12-03 00:00:00-05:00,30.7600843764288,30.845344991871272,30.36220029976065,30.674823760986328,7430500,0.0,0.0
2024-12-04 00:00:00-05:00,30.64640546504226,31.19586364505387,30.475884210129024,30.90218734741211,7851500,0.0,0.0
2024-12-05 00:00:00-05:00,31.015869655218765,31.262176119416452,30.75061237014791,31.243228912353516,7365800,0.0,0.0
2024-12-06 00:00:00-05:00,31.328488618660664,31.57479868944662,30.96849892264049,30.99692153930664,9582700,0.0,0.0
2024-12-09 00:00:00-05:00,31.053760430440366,32.001099099960186,31.053760430440366,31.830577850341797,14680600,0.0,0.0
2024-12-10 00:00:00-05:00,31.754791259765625,31.868470883314465,31.281121945533698,31.754791259765625,7159400,0.0,0.0
2024-12-11 00:00:00-05:00,31.925309433977993,32.07688345541357,31.366379552344966,31.50847816467285,7551900,0.0,0.0
2024-12-12 00:00:00-05:00,31.972676512669565,32.18109215302315,31.84952148756883,32.029518127441406,8011300,0.0,0.0
2024-12-13 00:00:00-05:00,31.78321075439453,32.13372504048739,31.61268950952554,31.78321075439453,5970600,0.0,0.0
2024-12-16 00:00:00-05:00,31.77374052849978,32.02952240844563,31.35690919207974,31.375856399536133,11443200,0.0,0.0
2024-12-17 00:00:00-05:00,31.24322628520217,31.71689558051538,31.233754489372274,31.300067901611328,13863700,0.0,0.0
2024-12-18 00:00:00-05:00,31.110603256069634,31.366385140400133,30.77903615442475,30.816926956176758,17211000,0.0,0.0
2024-12-19 00:00:00-05:00,30.655878856877006,30.996921344243617,30.428515994029233,30.69377326965332,17074100,0.0,0.0
2024-12-20 00:00:00-05:00,30.55167033837674,30.94007902603316,30.248522270635636,30.66534996032715,25034800,0.0,0.0
2024-12-23 00:00:00-05:00,30.617983487845297,30.788504726202913,30.191682198856256,30.55167007446289,6608400,0.0,0.0
2024-12-24 00:00:00-05:00,30.4853566012178,30.779032869770344,30.362201570688022,30.741138458251953,2249000,0.0,0.0
2024-12-26 00:00:00-05:00,30.665350884200556,30.77903412338599,30.580090261716546,30.60851287841797,4190200,0.0,0.0
2024-12-27 00:00:00-05:00,30.33378112840492,30.750608793882137,30.33378112840492,30.570615768432617,6018400,0.0,0.0
2024-12-30 00:00:00-05:00,30.570619497213478,30.589566704383916,30.040108537872047,30.27694320678711,9324800,0.0,0.0
2024-12-31 00:00:00-05:00,30.352727370019473,30.4948259812407,30.17273254337719,30.428512573242188,5259300,0.0,0.0
2025-01-02 00:00:00-05:00,30.61798394488123,30.731663567546544,30.05905401387921,30.087474822998047,5071600,0.0,0.0
2025-01-03 00:00:00-05:00,30.24015237182269,30.268778677963997,29.85845312255866,30.097015380859375,5071100,0.23,0.0
2025-01-06 00:00:00-05:00,30.039759325622498,30.278321585489422,29.619891058718345,29.65806007385254,7561200,0.0,0.0
2025-01-07 00:00:00-05:00,29.581722800823318,29.810742371838757,29.1713953868885,29.276363372802734,8271600,0.0,0.0
2025-01-08 00:00:00-05:00,29.314530758193523,29.74394356747912,28.990085928974555,29.696231842041016,8401400,0.0,0.0
2025-01-10 00:00:00-05:00,29.45766924223433,29.763028649797658,28.932831167909928,28.99008560180664,9825200,0.0,0.0
2025-01-13 00:00:00-05:00,28.990086927902365,29.438585170851624,28.741983762972385,29.371788024902344,11769600,0.0,0.0
2025-01-14 00:00:00-05:00,29.295446593142433,29.734400282952468,29.22864763070186,29.715314865112305,6417800,0.0,0.0
2025-01-15 00:00:00-05:00,29.953877637578394,29.953877637578394,29.324073398820676,29.55309295654297,7139900,0.0,0.0
2025-01-16 00:00:00-05:00,29.581720893070855,29.887080301398527,29.381329463887933,29.84891128540039,7347900,0.0,0.0
2025-01-17 00:00:00-05:00,30.144728881972735,30.326036718596082,29.982506463959364,30.173357009887695,6930300,0.0,0.0
2025-01-21 00:00:00-05:00,30.27832461629766,30.392835313333773,30.087475881351853,30.259239196777344,7990100,0.0,0.0
2025-01-22 00:00:00-05:00,30.144726168599657,30.306948572011144,30.030215487332804,30.0588436126709,8788800,0.0,0.0
2025-01-23 00:00:00-05:00,30.19243977100154,30.19243977100154,29.41949853959273,29.629432678222656,7784800,0.0,0.0
2025-01-24 00:00:00-05:00,29.696231023882348,29.829825307496925,29.457668763093107,29.724857330322266,9111700,0.0,0.0
2025-01-27 00:00:00-05:00,29.934795066951022,30.488259472131197,29.89662422931101,30.373748779296875,8783400,0.0,0.0
2025-01-28 00:00:00-05:00,30.173354547791757,30.421457689133806,29.78211077855495,29.906164169311523,9469700,0.0,0.0
2025-01-29 00:00:00-05:00,30.0397586218281,30.545509436042078,29.992046899006784,30.402374267578125,7974300,0.0,0.0
2025-01-30 00:00:00-05:00,30.660023779642756,30.889041519002234,30.402376092734848,30.764991760253906,5271100,0.0,0.0
2025-01-31 00:00:00-05:00,30.53596998249042,30.917671063340066,30.450087421307817,30.631393432617188,5825000,0.0,0.0
2025-02-03 00:00:00-05:00,30.631393794621783,31.308913403145457,30.507342215939545,31.051265716552734,13550400,0.0,0.0
2025-02-04 00:00:00-05:00,30.736361383320578,30.793617637446246,29.810740449316608,29.84891128540039,7271900,0.0,0.0
2025-02-05 00:00:00-05:00,29.829825796795536,30.19243963830547,29.63897525699938,29.705772399902344,8672300,0.0,0.0
2025-02-06 00:00:00-05:00,30.01113314983541,30.01113314983541,29.409955233107826,29.58172035217285,12561400,0.0,0.0
2025-02-07 00:00:00-05:00,30.020674984020534,30.020674984020534,29.505381430683222,29.619892120361328,7780900,0.0,0.0
2025-02-10 00:00:00-05:00,29.696229737983334,29.71531333475506,29.266816959122785,29.48629379272461,9896300,0.0,0.0
2025-02-11 00:00:00-05:00,29.534009612918823,30.163813857102724,29.438584341357636,30.116100311279297,7698700,0.0,0.0
2025-02-12 00:00:00-05:00,29.763028322284157,30.34511900401429,29.753485613392105,30.221067428588867,6950800,0.0,0.0
2025-02-13 00:00:00-05:00,30.316495270551197,30.555057552843696,30.259239012339243,30.41192054748535,10085800,0.0,0.0
2025-02-14 00:00:00-05:00,30.431000133205025,30.72681863469345,30.17335428557568,30.201980590820312,9638400,0.0,0.0
2025-02-18 00:00:00-05:00,30.01113444486713,31.06080698207413,29.925251881628636,30.965383529663086,10351500,0.0,0.0
2025-02-19 00:00:00-05:00,31.041724495211056,31.452051931639314,30.96538645410695,31.28028678894043,11260400,0.0,0.0
2025-02-20 00:00:00-05:00,31.184863691897856,31.7001591260155,31.041724857919032,31.623817443847656,11560200,0.0,0.0
2025-02-21 00:00:00-05:00,31.79557881545235,32.57806276395852,31.66198452768369,32.48263931274414,17595200,0.0,0.0
2025-02-24 00:00:00-05:00,32.47309646780787,32.84525304308652,32.310875864295234,32.55897903442383,15295500,0.0,0.0
2025-02-25 00:00:00-05:00,33.322379575941554,34.32434412580475,32.96930839903864,33.34146499633789,19807900,0.0,0.0
2025-02-26 00:00:00-05:00,33.15061443038633,33.2460378817119,32.129564572311814,32.19636535644531,14341100,0.0,0.0
2025-02-27 00:00:00-05:00,31.29936835441814,32.32995908368354,31.203944904747463,32.07231140136719,68945100,0.0,0.0
2025-02-28 00:00:00-05:00,32.31087404338998,32.663945179503976,31.795578672734106,31.98642921447754,36652200,0.0,0.0
2025-03-03 00:00:00-05:00,31.786039421666924,32.78800026723711,31.776494891993696,32.56852340698242,22251000,0.0,0.0
2025-03-04 00:00:00-05:00,32.89296242024435,32.99793038700859,32.03413691051048,32.06276321411133,13982600,0.0,0.0
2025-03-05 00:00:00-05:00,31.795580399086123,32.26316406973658,31.728783251874844,31.7764949798584,8710300,0.0,0.0
2025-03-06 00:00:00-05:00,31.709693892489,32.12956214281274,31.528387892611466,31.995967864990234,11209600,0.0,0.0
2025-03-07 00:00:00-05:00,31.938718241780723,32.51126624033289,31.68107055038083,31.814664840698242,11650300,0.0,0.0
2025-03-10 00:00:00-04:00,32.05322651541021,32.492180215454994,30.917671428727918,31.051265716552734,21290600,0.0,0.0
2025-03-11 00:00:00-04:00,31.146686698599094,31.890999751857127,30.898583560903432,31.71923828125,16307900,0.0,0.0
2025-03-12 00:00:00-04:00,31.30891227722168,31.537930008065107,31.003552875982976,31.30891227722168,10319500,0.0,0.0
2025-03-13 00:00:00-04:00,31.32799577649175,31.614269742602023,30.879497590810704,31.595184326171875,12558700,0.0,0.0
2025-03-14 00:00:00-04:00,31.480678483871877,32.14864992206939,31.4138776998808,32.053226470947266,12290600,0.0,0.0
2025-03-17 00:00:00-04:00,31.99597147416148,32.43492883102724,31.986430584742674,32.29179000854492,9406700,0.0,0.0
2025-03-18 00:00:00-04:00,32.2917887389239,32.33950046448496,31.995970216171198,32.053226470947266,10849500,0.0,0.0
2025-03-19 00:00:00-04:00,31.948261593095197,32.1391121540442,31.62381673153339,31.938720703125,12172600,0.0,0.0
2025-03-20 00:00:00-04:00,31.967340349272447,32.110479150188304,31.728778107859966,31.900543212890625,13866600,0.0,0.0
2025-03-21 00:00:00-04:00,31.9387147693162,32.13910618300521,31.55701371833341,32.015052795410156,18009400,0.0,0.0
2025-03-24 00:00:00-04:00,32.01505656455154,32.40629854979298,31.83375054608356,32.30133056640625,16186600,0.0,0.0
2025-03-25 00:00:00-04:00,32.25361569047605,32.35858366361455,32.01505343885985,32.28224563598633,13176200,0.0,0.0
2025-03-26 00:00:00-04:00,32.34904453941001,32.67348936490878,32.27270286744735,32.50172424316406,14911900,0.0,0.0
2025-03-27 00:00:00-04:00,32.62577639956846,32.807086063730004,32.549438362162185,32.69257354736328,13064300,0.0,0.0
2025-03-28 00:00:00-04:00,32.75021012226124,32.9231361354672,32.13536370409499,32.41396713256836,17025400,0.23,0.0
2025-03-31 00:00:00-04:00,32.625319340979885,33.019205569253934,32.50043117783059,32.87510299682617,14302200,0.0,0.0
2025-04-01 00:00:00-04:00,33.62445043053608,33.787767430678464,33.028818334760516,33.59563064575195,13994600,0.0,0.0
2025-04-02 00:00:00-04:00,33.672486256473825,33.82619789071904,33.22096039231412,33.758949279785156,14860700,0.0,0.0
2025-04-03 00:00:00-04:00,33.97990687510423,34.38340217401611,33.595629651845556,34.22969055175781,22674800,0.0,0.0
2025-04-04 00:00:00-04:00,34.52750557810722,34.70043161534972,32.45239679597142,32.48122024536133,16132000,0.0,0.0
2025-04-07 00:00:00-04:00,31.91440951201972,32.759821663826955,31.424451160738254,32.27947235107422,17222500,0.0,0.0
2025-04-08 00:00:00-04:00,32.48121775208461,32.971172376813016,31.933619897775355,32.250648498535156,18195400,0.0,0.0
2025-04-09 00:00:00-04:00,32.34672043163768,33.51877390827667,31.799122517254563,33.32663345336914,20185900,0.0,0.0
2025-04-10 00:00:00-04:00,33.35546136902404,33.89345031705678,32.884717374720545,33.384281158447266,14405500,0.0,0.0
2025-04-11 00:00:00-04:00,33.62444847733798,34.02794009997449,33.134493840597344,33.778160095214844,11237300,0.0,0.0
2025-04-14 00:00:00-04:00,33.864632323423095,34.43144475571111,33.72052603911553,34.30655288696289,11472500,0.0,0.0
2025-04-15 00:00:00-04:00,34.412227168844595,34.48908482399904,33.960697606748944,33.99912643432617,7414100,0.0,0.0
2025-04-16 00:00:00-04:00,34.200869514968296,34.30654694986862,33.63405718077288,33.73012924194336,9609400,0.0,0.0
2025-04-17 00:00:00-04:00,33.84541117466509,34.37379467071791,33.69169954554473,34.008731842041016,13957300,0.0,0.0
2025-04-21 00:00:00-04:00,34.09519395004787,34.220082125833684,33.60523562580618,33.92226791381836,9336100,0.0,0.0
2025-04-22 00:00:00-04:00,34.13361692575323,34.32575736092295,33.71091090019904,34.0855827331543,13451900,0.0,0.0
2025-04-23 00:00:00-04:00,33.98951520019296,34.143226819228026,33.355454313576544,33.80698013305664,20242000,0.0,0.0
2025-04-24 00:00:00-04:00,32.875105330792124,34.00872990528662,32.57728746299303,33.10567092895508,15724200,0.0,0.0
2025-04-25 00:00:00-04:00,33.39387924519414,33.39387924519414,32.827066966668774,33.048030853271484,9610800,0.0,0.0
2025-04-28 00:00:00-04:00,33.14409940087738,33.24977682591069,32.606106902877805,32.702178955078125,12503500,0.0,0.0
2025-04-29 00:00:00-04:00,32.73099679492133,33.01920560486151,32.24104218450041,32.884708404541016,11577000,0.0,0.0
2025-04-30 00:00:00-04:00,33.13449952875419,33.374674201965654,32.58689790223936,33.230567932128906,11708800,0.0,0.0
2025-05-01 00:00:00-04:00,32.94235358841782,33.03842197584407,32.654144761365,32.702178955078125,9528800,0.0,0.0
2025-05-02 00:00:00-04:00,32.71178797871175,33.2786003232435,32.682968192222255,33.057640075683594,38558900,0.0,0.0
2025-05-05 00:00:00-04:00,33.23057039122216,33.34585321675779,32.923147079943845,33.096073150634766,48691500,0.0,0.0
2025-05-06 00:00:00-04:00,32.99039619424252,33.04803944026097,32.644544047681826,32.7790412902832,15289000,0.0,0.0
2025-05-07 00:00:00-04:00,33.067241759117124,33.067241759117124,32.4908241050115,32.702178955078125,11804400,0.0,0.0
2025-05-08 00:00:00-04:00,32.77903769248236,32.96157278578505,32.663754877873814,32.79825210571289,8248900,0.0,0.0
2025-05-09 00:00:00-04:00,32.71178695423996,32.779035563792334,32.19300882502935,32.221832275390625,10315700,0.0,0.0
2025-05-12 00:00:00-04:00,32.37554350201996,32.53886050467134,31.847160005806103,32.19300842285156,12199600,0.0,0.0
2025-05-13 00:00:00-04:00,32.212224407214514,32.433184655881384,31.760698535927652,31.7799129486084,11835300,0.0,0.0
2025-05-14 00:00:00-04:00,31.70305550011239,31.712660874126787,31.145848523139858,31.43406105041504,10418700,0.0,0.0
2025-05-15 00:00:00-04:00,31.597376712662182,32.25065206097754,31.558947888696725,32.221832275390625,8321900,0.0,0.0
2025-05-16 00:00:00-04:00,32.2218350067619,32.50043850696652,32.13537197789753,32.49082946777344,8741800,0.0,0.0
2025-05-19 00:00:00-04:00,32.48122427646573,32.606112468482465,32.41397566083374,32.50043869018555,8217000,0.0,0.0
2025-05-20 00:00:00-04:00,32.48122075091644,32.60610892937767,32.43318288944366,32.53886032104492,7344800,0.0,0.0
2025-05-21 00:00:00-04:00,32.60610999602267,32.625324408285486,32.11615531003124,32.269866943359375,8959900,0.0,0.0
2025-05-22 00:00:00-04:00,32.21222743281118,32.38515349840585,31.674238486316533,31.712663650512695,8868700,0.0,0.0
2025-05-23 00:00:00-04:00,31.655019357415735,31.76069678895992,31.38602125945574,31.626195907592773,8765500,0.0,0.0
2025-05-27 00:00:00-04:00,31.808728589619857,31.847157409972937,31.46287653599017,31.57815933227539,11803500,0.0,0.0
2025-05-28 00:00:00-04:00,31.587770805831916,31.751087807766655,31.347596157263673,31.44366455078125,7292100,0.0,0.0
2025-05-29 00:00:00-04:00,31.51091280205831,32.18340254338234,31.376415586748355,32.13536834716797,12300900,0.0,0.0
2025-05-30 00:00:00-04:00,32.2314388377959,32.490827911968324,32.02008762773927,32.34672164916992,18639200,0.0,0.0
2025-06-02 00:00:00-04:00,32.12576301522353,32.221835083509816,31.453276861092924,31.9432315826416,12124200,0.0,0.0
2025-06-03 00:00:00-04:00,31.75108488084767,31.84715693028331,31.405232832427288,31.53012466430664,14761800,0.0,0.0
2025-06-04 00:00:00-04:00,31.5301263524442,31.914407241213414,31.424448924793957,31.51091194152832,11215600,0.0,0.0
2025-06-05 00:00:00-04:00,31.45327386576941,31.587771083787242,31.213099215087766,31.28034782409668,10097500,0.0,0.0
2025-06-06 00:00:00-04:00,31.39563269186986,31.558949705965855,31.28034987810948,31.48209571838379,8121200,0.0,0.0
2025-06-09 00:00:00-04:00,31.434055951639518,31.722264767391138,31.357198312892994,31.674230575561523,8992500,0.0,0.0
2025-06-10 00:00:00-04:00,31.67423417200016,31.991262805891655,31.482093718091257,31.655019760131836,8909500,0.0,0.0
2025-06-11 00:00:00-04:00,31.587774060244435,31.626199222745736,31.21310215624032,31.568559646606445,11661900,0.0,0.0
2025-06-12 00:00:00-04:00,31.56855100713158,31.847154431474056,31.38601595991301,31.83754539489746,8522700,0.0,0.0
2025-06-13 00:00:00-04:00,31.712658112926643,32.07772459485446,31.655018544309858,31.722267150878906,8612800,0.0,0.0
2025-06-16 00:00:00-04:00,31.80873280278611,32.144975863476965,31.54934372820695,31.799123764038086,8379500,0.0,0.0
2025-06-17 00:00:00-04:00,31.722265576212436,31.87597719285074,31.46287653599017,31.57815933227539,9893300,0.0,0.0
2025-06-18 00:00:00-04:00,31.597377148622485,31.972049025519286,31.51091412589442,31.904800415039062,8033200,0.0,0.0
2025-06-20 00:00:00-04:00,32.1641894744316,32.56768480197707,31.914409444826813,32.26026153564453,17753800,0.0,0.0
2025-06-23 00:00:00-04:00,32.35632848516101,32.35632848516101,31.60698476508165,31.95283317565918,9094900,0.0,0.0
2025-06-24 00:00:00-04:00,31.90480000860211,32.29868629272901,31.86637118459598,32.23143768310547,9916300,0.0,0.0
2025-06-25 00:00:00-04:00,32.212223301852006,32.25065212589482,31.606985814662377,31.683839797973633,9680400,0.0,0.0
2025-06-26 00:00:00-04:00,31.779912513189476,31.895195322919975,31.68384045110202,31.741483688354492,9079800,0.0,0.0
2025-06-27 00:00:00-04:00,31.770505362199675,31.954316335421996,31.53831977823994,31.78017807006836,10276000,0.23,0.0
2025-06-30 00:00:00-04:00,31.789855745063644,32.08008496882025,31.741484822848346,31.98334312438965,11541500,0.0,0.0
2025-07-01 00:00:00-04:00,32.01236288044637,32.95077421101252,31.905944644139122,32.47673034667969,12070000,0.0,0.0
2025-07-02 00:00:00-04:00,32.5347778515592,32.825007058321134,32.37998869525519,32.737937927246094,8501900,0.0,0.0
2025-07-03 00:00:00-04:00,32.67022227218091,32.81533504974073,32.58315312945898,32.689571380615234,5376500,0.0,0.0
2025-07-07 00:00:00-04:00,32.6895698926616,32.86370817017909,32.48640979904618,32.679893493652344,12706000,0.0,0.0
2025-07-08 00:00:00-04:00,32.62184719855256,33.02816735261571,32.43803253703051,32.921749114990234,10801000,0.0,0.0
2025-07-09 00:00:00-04:00,32.960446888156014,32.970123286246576,32.10910468895021,32.55412673950195,13571800,0.0,0.0
2025-07-10 00:00:00-04:00,32.44770850329316,32.64119586999419,31.954315533682294,32.55412673950195,13439700,0.0,0.0
2025-07-11 00:00:00-04:00,32.409014292071845,32.55413075762534,32.18650508456417,32.39934158325195,7878100,0.0,0.0
2025-07-14 00:00:00-04:00,32.38965912120212,32.38965912120212,31.97366260097857,32.176822662353516,8447300,0.0,0.0
2025-07-15 00:00:00-04:00,32.196178254291915,32.225203762097145,31.64474158203852,31.67376708984375,10900700,0.0,0.0
2025-07-16 00:00:00-04:00,31.693110431810798,32.17682703827624,31.63506680093244,32.128456115722656,8831100,0.0,0.0
2025-07-17 00:00:00-04:00,32.13812986085401,32.81533010161706,32.04138433327034,32.78630828857422,7942500,0.0,0.0
2025-07-18 00:00:00-04:00,32.84435942767514,32.98947220024262,32.428362836811424,32.44771194458008,7624000,0.0,0.0
2025-07-21 00:00:00-04:00,32.5347803533203,32.573474877523275,32.13813287913705,32.2348747253418,10604600,0.0,0.0
2025-07-22 00:00:00-04:00,32.254224198867895,32.79598813897395,32.13813324401121,32.679893493652344,9814700,0.0,0.0
2025-07-23 00:00:00-04:00,32.650870138139865,32.7379392727935,32.292920891437056,32.40901184082031,13512000,0.0,0.0
2025-07-24 00:00:00-04:00,32.9120759995436,33.07653786258966,31.925293749873582,32.47673034667969,17779600,0.0,0.0
2025-07-25 00:00:00-04:00,32.360642642593476,32.39934085793675,32.00269337683053,32.18650436401367,9825500,0.0,0.0
2025-07-28 00:00:00-04:00,32.022034398859695,32.42835822326432,31.847896144181206,31.896270751953125,10470600,0.0,0.0
2025-07-29 00:00:00-04:00,31.983342584300342,32.863706639425764,31.828553421546356,32.74761199951172,10893300,0.0,0.0
2025-07-30 00:00:00-04:00,32.78631363252634,33.30872849523473,32.62185174452469,32.71859359741211,11221700,0.0,0.0
2025-07-31 00:00:00-04:00,32.38966624725595,32.51543360883334,31.489952988404525,31.586698532104492,11679600,0.0,0.0
2025-08-01 00:00:00-04:00,31.8092054353901,32.38966389354831,31.722136297619883,32.2348747253418,11688100,0.0,0.0
2025-08-04 00:00:00-04:00,32.16715280751642,32.36064017903802,31.84789809093608,32.19617462158203,9301500,0.0,0.0
2025-08-05 00:00:00-04:00,32.20585290957335,32.70891862886074,32.19617651067395,32.2348747253418,9631700,0.0,0.0
2025-08-06 00:00:00-04:00,32.29291956219739,32.54445055725173,32.002690355453275,32.32194137573242,8084700,0.0,0.0
2025-08-07 00:00:00-04:00,32.48640785414324,32.91207712344364,32.35096410937681,32.79598617553711,6568200,0.0,0.0
2025-08-08 00:00:00-04:00,32.79598735493396,33.31839848453244,32.79598735493396,33.299049377441406,6663000,0.0,0.0
2025-08-11 00:00:00-04:00,33.32807277328686,33.715043819213555,33.21198182855532,33.49253463745117,9194100,0.0,0.0
2025-08-12 00:00:00-04:00,33.55058229571869,33.705371453754005,33.395793137683384,33.67634963989258,7706000,0.0,0.0
2025-08-13 00:00:00-04:00,33.6860237121582,33.850489275118825,33.463514519123656,33.6860237121582,7758900,0.0,0.0
2025-08-14 00:00:00-04:00,33.627976182435106,33.66667439588686,33.39579428265413,33.50221252441406,5871900,0.0,0.0
2025-08-15 00:00:00-04:00,33.59895268923237,33.68602181991712,33.36677080104943,33.64732360839844,6248200,0.0,0.0
2025-08-18 00:00:00-04:00,33.64732432335647,33.860160800767126,33.48286245660435,33.52156066894531,6266200,0.0,0.0
2025-08-19 00:00:00-04:00,33.63765427610603,34.05365086551342,33.54090873760144,34.0343017578125,5824500,0.0,0.0
2025-08-20 00:00:00-04:00,34.198763637572895,34.769549398122685,34.0052799414936,34.0343017578125,9400800,0.0,0.0
2025-08-21 00:00:00-04:00,33.850493604866905,34.237464719893985,33.831144495545765,34.053653717041016,6090300,0.0,0.0
2025-08-22 00:00:00-04:00,34.218110844556136,34.43094732697884,33.918208918012944,33.995601654052734,5121700,0.0,0.0
2025-08-25 00:00:00-04:00,31.39320867582779,31.596368765984465,29.99042977102556,30.087173461914062,42830100,0.0,0.0
2025-08-26 00:00:00-04:00,29.99042998554895,29.99042998554895,27.987843504331742,28.007192611694336,63338100,0.0,0.0
2025-08-27 00:00:00-04:00,28.055563980605882,28.8101625726438,27.765334746485706,28.75211524963379,41485200,0.0,0.0
2025-08-28 00:00:00-04:00,28.810160734393847,28.84885710203234,28.26839682559614,28.336118698120117,21962900,0.0,0.0
2025-08-29 00:00:00-04:00,28.34579161412753,28.771462732668944,28.11360787089559,28.14263153076172,22203000,0.0,0.0
2025-09-02 00:00:00-04:00,28.132956218943587,28.210350797934165,27.66858874500012,27.96849250793457,29183800,0.0,0.0
2025-09-03 00:00:00-04:00,27.794354993297624,28.25872247976151,27.658914937720414,28.14263153076172,37011400,0.0,0.0
2025-09-04 00:00:00-04:00,28.249049580824643,28.432860556371015,27.765332991051842,28.297420501708984,34412600,0.0,0.0
2025-09-05 00:00:00-04:00,28.29742119803998,28.41351399434445,27.6782645383692,27.716960906982422,21098400,0.0,0.0
2025-09-08 00:00:00-04:00,27.658915675956596,27.697612044911907,26.35288047083959,26.730178833007812,34840200,0.0,0.0
2025-09-09 00:00:00-04:00,26.739852502925903,26.952688983460284,26.565714235300444,26.710830688476562,19003600,0.0,0.0
2025-09-10 00:00:00-04:00,26.565714906974947,26.585064013918622,26.217440208150784,26.546367645263672,19227900,0.0,0.0
2025-09-11 00:00:00-04:00,26.50766971646827,26.88496992499824,26.439949686669472,26.691482543945312,15495900,0.0,0.0
2025-09-12 00:00:00-04:00,26.66245929767697,26.6914829588558,26.14004631308519,26.34320640563965,15138100,0.0,0.0
2025-09-15 00:00:00-04:00,26.449625259136106,26.50767073759504,25.82079401433892,25.87883949279785,32401600,0.0,0.0
2025-09-16 00:00:00-04:00,25.86916228836002,26.207764260937736,25.714373131507173,26.08199691772461,20150000,0.0,0.0
2025-09-17 00:00:00-04:00,26.140046771975868,26.575390625906106,26.081999448599184,26.372230529785156,23760600,0.0,0.0
2025-09-18 00:00:00-04:00,26.256134964228217,26.556040567738638,26.198089492194576,26.31418228149414,12364700,0.0,0.0
2025-09-19 00:00:00-04:00,26.410926617464934,26.420601171257502,26.169068308348105,26.227115631103516,26591200,0.0,0.0
2025-09-22 00:00:00-04:00,25.87883660042422,25.917534811893358,25.075867164762403,25.104890823364258,23838600,0.0,0.0
2025-09-23 00:00:00-04:00,25.25000526337502,25.753070937841912,25.191959791777233,25.636978149414062,19629400,0.0,0.0
2025-09-24 00:00:00-04:00,25.346751604210915,25.685351761732626,25.279029727474107,25.395122528076172,17915600,0.0,0.0
2025-09-25 00:00:00-04:00,25.53056223736737,25.617631375304484,24.83401097910288,24.911405563354492,20503100,0.0,0.0
2025-09-26 00:00:00-04:00,25.02854265957984,25.106634763749256,24.794266347071602,24.891881942749023,20317600,0.23,0.0
2025-09-29 00:00:00-04:00,24.989496639891126,25.08711223205863,24.745458590403636,25.05782699584961,17747300,0.0,0.0
2025-09-30 00:00:00-04:00,25.038302552420618,25.11639465081097,24.813788002281168,24.901641845703125,17966900,0.0,0.0
2025-10-01 00:00:00-04:00,24.97973639243935,25.25305969452614,24.95045115447419,24.989498138427734,15747500,0.0,0.0
2025-10-02 00:00:00-04:00,24.950450064232285,25.145681251743785,24.667366890389463,25.126157760620117,12965400,0.0,0.0
2025-10-03 00:00:00-04:00,25.087113238897153,25.37019641949528,25.05782800151281,25.223773956298828,10325900,0.0,0.0
2025-10-06 00:00:00-04:00,25.184725644200626,25.21401088003968,24.58927407704014,24.6966495513916,23707300,0.0,0.0
2025-10-07 00:00:00-04:00,24.677130020962558,24.8918828497882,24.43309195380777,24.725936889648438,15276700,0.0,0.0
2025-10-08 00:00:00-04:00,24.68689133306802,24.989498009698465,24.511183629907546,24.969974517822266,13028700,0.0,0.0
2025-10-09 00:00:00-04:00,25.057828065571577,25.389719975992072,24.872358618721854,25.233535766601562,19416200,0.0,0.0
2025-10-10 00:00:00-04:00,25.301865931278865,25.40924327260918,25.096872994363043,25.20425033569336,11763200,0.0,0.0
2025-10-13 00:00:00-04:00,25.155443215595298,26.639195040342884,24.92116690566609,25.789941787719727,32613300,0.0,0.0
2025-10-14 00:00:00-04:00,25.672802408090046,26.10230990231071,25.47757308298071,26.053503036499023,17088400,0.0,0.0
2025-10-15 00:00:00-04:00,25.99493396546463,26.33658763016309,25.88755848251453,26.28778076171875,12270100,0.0,0.0
2025-10-16 00:00:00-04:00,26.41467866118552,27.117509454085983,26.385395286056408,27.05893898010254,28932500,0.0,0.0
2025-10-17 00:00:00-04:00,27.088224177490797,27.459161202863918,26.844186121837726,27.361547470092773,23230600,0.0,0.0
2025-10-20 00:00:00-04:00,27.322502646878412,27.498210358733377,27.0687028255171,27.088226318359375,11046600,0.0,0.0
2025-10-21 00:00:00-04:00,27.17607778679251,27.312738500956904,26.980846599246878,27.0101318359375,10676900,0.0,0.0
2025-10-22 00:00:00-04:00,27.068700681434326,27.42987782295694,26.717287147422233,26.73680877685547,15831000,0.0,0.0
2025-10-23 00:00:00-04:00,26.853948804903034,27.010133017024057,26.72704796889053,26.892993927001953,12124800,0.0,0.0
2025-10-24 00:00:00-04:00,26.95156402335493,27.068701249864585,26.51229476928711,26.51229476928711,10217600,0.0,0.0
2025-10-27 00:00:00-04:00,29.04052805955887,29.29432785593987,27.703198721294108,28.532928466796875,53680800,0.0,0.0
2025-10-28 00:00:00-04:00,28.32793898513308,28.406031091329247,27.683678643549058,28.1619930267334,26860700,0.0,0.0
2025-10-29 00:00:00-04:00,27.849624093608025,27.976523065661993,26.443964345871976,26.502532958984375,29978800,0.0,0.0
2025-10-30 00:00:00-04:00,26.66847825256114,27.224884717977975,26.590386149728296,27.019893646240234,21264100,0.0,0.0
2025-10-31 00:00:00-04:00,26.84418668083554,26.84418668083554,26.190164603591587,26.51229476928711,22073400,0.0,0.0
2025-11-03 00:00:00-05:00,26.453724964683893,26.453724964683893,25.907080254577576,26.00469398498535,19617000,0.0,0.0
2025-11-04 00:00:00-05:00,26.219447567032947,26.25849268519541,25.77041660605846,25.8289852142334,16092100,0.0,0.0
2025-11-05 00:00:00-05:00,25.819226876564105,26.170640408510955,25.70208779134009,26.082786560058594,12807300,0.0,0.0
2025-11-06 00:00:00-05:00,25.90708244919911,25.985174557258148,25.594712155100225,25.731374740600586,12916800,0.0,0.0
2025-11-07 00:00:00-05:00,25.965650579903244,26.033980940446085,25.262819758633604,25.340911865234375,19727500,0.0,0.0
2025-11-10 00:00:00-05:00,25.379957928797626,25.57518911914881,25.23353546696555,25.49709701538086,22572300,0.0,0.0
2025-11-11 00:00:00-05:00,25.555665394587677,26.287779558931348,25.555665394587677,26.092548370361328,17000800,0.0,0.0
2025-11-12 00:00:00-05:00,26.23896993290053,26.648953925376908,26.141356203818685,26.258493423461914,11843700,0.0,0.0
2025-11-13 00:00:00-05:00,26.2389724338186,26.512295742141657,26.151120441643997,26.356111526489258,25615000,0.0,0.0
2025-11-14 00:00:00-05:00,26.463487708678255,26.678240530286498,26.190164412380152,26.483009338378906,18295500,0.0,0.0
2025-11-17 00:00:00-05:00,26.56110235259075,26.756333551185772,26.24873392432887,26.31706428527832,23188000,0.0,0.0
2025-11-18 00:00:00-05:00,26.37563368833037,26.82466282021301,26.229211226275712,26.766094207763672,12137000,0.0,0.0
2025-11-19 00:00:00-05:00,26.639195911690827,26.707526271589053,26.092549308779674,26.248733520507812,8917800,0.0,0.0
2025-11-20 00:00:00-05:00,26.21945011435348,26.658717511135766,26.199926622444227,26.56110191345215,14598000,0.0,0.0
2025-11-21 00:00:00-05:00,26.65871684446909,27.2639320454825,26.648955098758577,27.078462600708008,15256000,0.0,0.0
2025-11-24 00:00:00-05:00,26.97108493687407,27.019893664842325,26.50253231955443,26.7075252532959,19631700,0.0,0.0
2025-11-25 00:00:00-05:00,26.746570412122463,26.775855648945367,26.131595333742304,26.404916763305664,19179700,0.0,0.0
2025-11-26 00:00:00-05:00,26.385395077990555,27.029655391827163,26.30730297515771,27.019893646240234,11864200,0.0,0.0
2025-11-28 00:00:00-05:00,27.019894923379184,27.29321636528182,26.97108619313751,27.234647750854492,6348300,0.0,0.0
2025-12-01 00:00:00-05:00,27.17607883110856,27.527494237449776,27.10774847140058,27.49820899963379,12673100,0.0,0.0
2025-12-02 00:00:00-05:00,27.439640128591222,27.537253863337302,27.127271708933414,27.45916175842285,11618100,0.0,0.0
2025-12-03 00:00:00-05:00,27.47868454541456,27.761769582133766,27.322500339591066,27.65439224243164,16777900,0.0,0.0
2025-12-04 00:00:00-05:00,27.56653985749264,27.927717016299297,27.52749473489507,27.8984317779541,15526600,0.0,0.0
2025-12-05 00:00:00-05:00,27.888668790283646,28.07413823448773,27.58606212163891,28.005807876586914,15669700,0.0,0.0
2025-12-08 00:00:00-05:00,27.878906959904896,28.425553545175905,27.878906959904896,28.308414459228516,15805700,0.0,0.0
2025-12-09 00:00:00-05:00,28.36698341369629,29.186951439638243,28.083900233855385,28.36698341369629,21258800,0.0,0.0
2025-12-10 00:00:00-05:00,28.376746043793812,28.903869160553384,28.376746043793812,28.825777053833008,18699600,0.0,0.0
2025-12-11 00:00:00-05:00,28.855060043632932,29.001482509039263,28.689114086342382,28.7672061920166,14532700,0.0,0.0
2025-12-12 00:00:00-05:00,28.86482204754097,28.962437645971804,28.513406637935034,28.80625343322754,16504900,0.0,0.0
2025-12-15 00:00:00-05:00,28.65982929591866,28.776966517717536,28.074137601336552,28.532928466796875,23521300,0.0,0.0
2025-12-16 00:00:00-05:00,28.64030583442235,28.767204801811936,27.752007477107526,27.908191680908203,19314200,0.0,0.0
2025-12-17 00:00:00-05:00,27.82033842961489,28.044852994655983,27.351785808173666,27.38106918334961,15742400,0.0,0.0
2025-12-18 00:00:00-05:00,27.35178613036984,27.722723161248023,27.293215655602786,27.42987823486328,16502200,0.0,0.0
2025-12-19 00:00:00-05:00,27.42987696164737,27.459160335809013,27.15655367767589,27.224884033203125,27699900,0.0,0.0
2025-12-22 00:00:00-05:00,27.195600840914636,27.70319856902406,27.07846175789704,27.566537857055664,10752800,0.0,0.0
2025-12-23 00:00:00-05:00,27.566539669047135,27.566539669047135,27.195602628523837,27.234647750854492,9156600,0.0,0.0
2025-12-24 00:00:00-05:00,27.2053611718719,27.381066994469233,27.176075937174446,27.332260131835938,4319800,0.0,0.0
2025-12-26 00:00:00-05:00,27.302977401397296,27.43963998065779,27.234647042698363,27.42987823486328,5889600,0.0,0.0
2025-12-29 00:00:00-05:00,27.44940206753049,27.722723505722424,27.38106984611985,27.488447189331055,6962500,0.0,0.0
2025-12-30 00:00:00-05:00,27.439640257319244,27.57630097609499,27.410355019640445,27.47868537902832,5929000,0.0,0.0
2025-12-31 00:00:00-05:00,27.42987769805594,27.5763001583828,27.332262103883835,27.342023849487305,5834600,0.0,0.0
2026-01-02 00:00:00-05:00,27.381393570505114,27.529028316567572,27.253443957858355,27.29281234741211,9152700,0.23,0.0
2026-01-05 00:00:00-05:00,27.20423113012443,27.263286530384132,26.623532835180878,26.8892765045166,12995500,0.0,0.0
2026-01-06 00:00:00-05:00,26.800695890762437,27.046754432272802,26.544794782318334,26.90896224975586,9694900,0.0,0.0
2026-01-07 00:00:00-05:00,26.928647524109028,27.05659714035974,26.66290384734481,26.82038116455078,9319400,0.0,0.0
2026-01-08 00:00:00-05:00,26.741641953364546,27.420764043080638,26.712114253019443,27.174705505371094,7437100,0.0,0.0
2026-01-09 00:00:00-05:00,27.086124007200585,27.56839851095199,27.03691117379066,27.35186767578125,6849300,0.0,0.0
2026-01-12 00:00:00-05:00,27.24360145711281,27.53887094995263,27.105809277424576,27.263286590576172,10714300,0.0,0.0
2026-01-13 00:00:00-05:00,27.223915000875063,27.529027045621575,27.0467525628682,27.282968521118164,8231100,0.0,0.0
2026-01-14 00:00:00-05:00,27.31249690106728,27.912880316558315,27.243600812852428,27.676664352416992,11545800,0.0,0.0
2026-01-15 00:00:00-05:00,27.656980181145247,27.775087228684082,27.43060677563108,27.460132598876953,9984300,0.0,0.0
2026-01-16 00:00:00-05:00,27.47981722569733,27.489659792356967,26.889276367062585,26.97785758972168,17315100,0.0,0.0
2026-01-20 00:00:00-05:00,26.830223900280235,27.676665893544172,26.653061447989856,27.50934600830078,16865300,0.0,0.0
2026-01-21 00:00:00-05:00,27.440447159913475,27.63729473999179,26.95817265372701,27.263286590576172,10055600,0.0,0.0
2026-01-22 00:00:00-05:00,27.233759101419718,27.282970058181814,26.899119339059993,27.115650177001953,12133700,0.0,0.0
2026-01-23 00:00:00-05:00,27.135334998948803,27.41092123457317,27.027068642582506,27.32234001159668,9761200,0.0,0.0
2026-01-26 00:00:00-05:00,27.302654980225242,27.342025247151966,27.04675387703449,27.263286590576172,7923300,0.0,0.0
2026-01-27 00:00:00-05:00,27.155019760131836,27.204230715654187,26.781009739962535,27.155019760131836,9154600,0.0,0.0
2026-01-28 00:00:00-05:00,27.105808877138504,27.322339710204904,25.983780690905927,26.28889274597168,12373100,0.0,0.0
2026-01-29 00:00:00-05:00,26.347946716083104,26.59400523555954,26.219995234679946,26.397157669067383,12411700,0.0,0.0
2026-01-30 00:00:00-05:00,26.397161127013504,27.095968390052466,26.34795016758274,27.007387161254883,11489500,0.0,0.0
2026-02-02 00:00:00-05:00,26.98770005490668,27.1550199329361,26.800695043631997,27.036911010742188,8480900,0.0,0.0
2026-02-03 00:00:00-05:00,26.85975216836865,27.75540513849499,26.771170940353716,27.529029846191406,9026600,0.0,0.0
2026-02-04 00:00:00-05:00,27.78492832456552,28.149095769299198,27.686504538642023,28.001461029052734,10145300,0.0,0.0
2026-02-05 00:00:00-05:00,28.208151266740835,28.247521534780294,27.420764678728734,27.56839942932129,9705500,0.0,0.0
2026-02-06 00:00:00-05:00,27.54871303678162,27.99161914560352,27.479816948137685,27.96209144592285,7810400,0.0,0.0
2026-02-09 00:00:00-05:00,27.883353906801858,28.090044058284445,27.410921956666943,28.060516357421875,12899900,0.0,0.0
2026-02-10 00:00:00-05:00,27.952250296002948,28.37547129315355,27.853826502690158,28.257362365722656,13807400,0.0,0.0
2026-02-11 00:00:00-05:00,28.247519264126034,29.47781188229742,28.198306433032645,29.41875648498535,14315900,0.0,0.0
2026-02-12 00:00:00-05:00,29.24159655090318,29.674660115210692,29.24159655090318,29.438444137573242,10041200,0.0,0.0
2026-02-13 00:00:00-05:00,29.38923226430879,29.62544823459003,28.89711519023679,29.221912384033203,9094700,0.0,0.0
2026-02-17 00:00:00-05:00,29.28096613005761,29.438443444776546,28.424681588655428,28.670740127563477,10660300,0.0,0.0
2026-02-18 00:00:00-05:00,28.67073947990149,28.93648314646576,28.385312557400237,28.68058204650879,6377900,0.0,0.0
2026-02-19 00:00:00-05:00,28.68058276085967,28.759321418401615,28.39515583124926,28.64121437072754,7446600,0.0,0.0
2026-02-20 00:00:00-05:00,28.69042528030692,29.113646267874703,28.542790532319422,29.074277877807617,6802900,0.0,0.0
2026-02-23 00:00:00-05:00,29.074276250217473,29.60576168867522,28.94632476578746,29.300649642944336,12729400,0.0,0.0
2026-02-24 00:00:00-05:00,30.196304410777476,31.00337612379436,29.841979511490965,30.540786743164062,19243600,0.0,0.0
2026-02-25 00:00:00-05:00,30.501416578613846,30.629368071467454,29.487654711828927,29.674659729003906,15931400,0.0,0.0
2026-02-26 00:00:00-05:00,29.861664466254975,30.24551518666219,29.576235659701535,29.851821899414062,15557900,0.0,0.0
2026-02-27 00:00:00-05:00,29.84197878670472,30.15693341074208,29.73371243071276,29.802610397338867,13256600,0.0,0.0
2026-03-02 00:00:00-05:00,29.684500658102138,29.871505664959162,29.467969829352356,29.497495651245117,8463700,0.0,0.0
2026-03-03 00:00:00-05:00,29.47781366445483,29.625448412105523,29.084118501016082,29.103803634643555,8075000,0.0,0.0
2026-03-04 00:00:00-05:00,29.162855041671367,29.162855041671367,28.385311092595405,28.414838790893555,9101300,0.0,0.0
2026-03-05 00:00:00-05:00,28.257359540481467,28.316414936931263,27.578239376806533,27.607765197753906,12280800,0.0,0.0
2026-03-06 00:00:00-05:00,27.489658504164577,27.883351765713005,27.28296836855318,27.80461311340332,7853600,0.0,0.0
2026-03-09 00:00:00-04:00,27.66682294172828,27.79477255700429,27.046754367335392,27.745561599731445,10723500,0.0,0.0
2026-03-10 00:00:00-04:00,27.55855492089129,27.88335210022498,27.410920180699172,27.597925186157227,7821500,0.0,0.0
2026-03-11 00:00:00-04:00,27.578242566281265,27.637296092283183,26.899120446787077,27.214075088500977,8802500,0.0,0.0
2026-03-12 00:00:00-04:00,27.017228624038186,27.20423176405195,26.495583839921043,26.50542640686035,10743600,0.0,0.0
2026-03-13 00:00:00-04:00,26.721956488404036,27.027068545742225,26.613692009703307,26.97785758972168,9508200,0.0,0.0
2026-03-16 00:00:00-04:00,27.184548144657622,27.578241430587394,27.076281787047808,27.115650177001953,10204900,0.0,0.0
2026-03-17 00:00:00-04:00,27.342026075311626,27.36170933209352,27.0270695621911,27.13533592224121,7220500,0.0,0.0
2026-03-18 00:00:00-04:00,26.800696313006092,26.879434972438826,26.41684558293123,26.643218994140625,11587700,0.0,0.0
2026-03-19 00:00:00-04:00,26.67274720130071,27.066440505931432,26.61369367492554,26.72195816040039,10211900,0.0,0.0
2026-03-20 00:00:00-04:00,26.751484196072695,26.84990798541972,26.141258203943266,26.170785903930664,18317100,0.0,0.0
2026-03-23 00:00:00-04:00,26.515268921566843,26.515268921566843,25.77709329807216,26.13141632080078,11704600,0.0,0.0
2026-03-24 00:00:00-04:00,26.013310452728202,26.36763536881278,25.727881630931673,25.796777725219727,8879300,0.0,0.0
2026-03-25 00:00:00-04:00,25.905041318820462,26.062518625289837,25.590086705881717,25.954254150390625,9108000,0.0,0.0
2026-03-26 00:00:00-04:00,26.023151024082306,26.259366990928005,25.777092490625,25.855831146240234,9865800,0.0,0.0
2026-03-27 00:00:00-04:00,25.885618756333194,26.38208248973079,25.816114136674948,26.04448699951172,10147900,0.23,0.0
2026-03-30 00:00:00-04:00,26.094134081388148,26.511163686359836,25.806184211685853,26.26293182373047,11534500,0.0,0.0
2026-03-31 00:00:00-04:00,26.40194111961165,26.411870621402013,25.657245530063804,26.143779754638672,9131100,0.0,0.0
2026-04-01 00:00:00-04:00,25.786324974855862,26.024627333561032,25.34943826415912,25.5083065032959,11980100,0.0,0.0
2026-04-02 00:00:00-04:00,25.548022488519678,25.548022488519678,24.932408538404797,25.130992889404297,10579500,0.0,0.0
2026-04-06 00:00:00-04:00,24.991983931273218,25.56788177511366,24.70403406242359,25.51823616027832,10558800,0.0,0.0
2026-04-07 00:00:00-04:00,25.518236433800485,25.57781155101322,25.121063935425376,25.28986167907715,8055700,0.0,0.0
2026-04-08 00:00:00-04:00,25.418943273610278,25.76646826227241,25.379225266284855,25.657245635986328,8623700,0.0,0.0
2026-04-09 00:00:00-04:00,25.418942660828478,26.36222258576141,25.418942660828478,26.233142852783203,9151500,0.0,0.0
2026-04-10 00:00:00-04:00,26.27285936017897,26.39201148721486,25.97498188337747,26.382081985473633,11870800,0.0,0.0
2026-04-13 00:00:00-04:00,26.34236535892427,26.34236535892427,25.508306167506273,25.855831146240234,13259200,0.0,0.0
2026-04-14 00:00:00-04:00,25.627456090000457,25.994840067409267,25.379224235871426,25.83597183227539,11505500,0.0,0.0
2026-04-15 00:00:00-04:00,25.687032789016833,25.994839754147016,25.379223930027923,25.816112518310547,9802700,0.0,0.0
2026-04-16 00:00:00-04:00,25.756538024622134,26.163638118783446,25.657244903004035,25.855831146240234,10868900,0.0,0.0
2026-04-17 00:00:00-04:00,25.855831053945277,26.441656492297476,25.816113047896305,26.342365264892578,11331300,0.0,0.0
2026-04-20 00:00:00-04:00,26.342364797954016,26.62038325993366,26.193424171769227,26.312576293945312,9917100,0.0,0.0
2026-04-21 00:00:00-04:00,26.272859276308296,26.550879642598634,26.024627415146536,26.253002166748047,16324200,0.0,0.0
2026-04-22 00:00:00-04:00,26.461515651436507,26.769322624696933,26.243072298454717,26.352294921875,14321600,0.0,0.0
2026-04-23 00:00:00-04:00,27.09699057681188,28.5466637210733,26.92819283731553,28.32822036743164,20269900,0.0,0.0
2026-04-24 00:00:00-04:00,28.328219543195978,29.072915096860722,28.09984480073949,29.013338088989258,15054100,0.0,0.0
2026-04-27 00:00:00-04:00,28.844541061058894,28.98355218897251,27.801968017930026,27.95090675354004,20865900,0.0,0.0
2026-04-28 00:00:00-04:00,28.43744128111534,29.08284563232834,28.268643540528043,28.586381912231445,13133700,0.0,0.0
2026-04-29 00:00:00-04:00,28.536734642445186,28.7948960063166,28.358007398698916,28.725391387939453,15313900,0.0,0.0
2026-04-30 00:00:00-04:00,28.765107092816983,29.370793433836596,28.765107092816983,29.192066192626953,10522100,0.0,0.0
2026-05-01 00:00:00-04:00,29.321146857342058,29.360862968608064,28.556592303419563,28.884258270263672,7140100,0.0,0.0
2026-05-04 00:00:00-04:00,28.765106579976436,29.12256105602282,28.387794994928726,28.665815353393555,7953800,0.0,0.0
2026-05-05 00:00:00-04:00,28.59630960448404,29.062986714822873,28.23885701278268,28.71546173095703,8820100,0.0,0.0
2026-05-06 00:00:00-04:00,28.606239293436705,28.93390527605884,28.07998895720471,28.358007431030273,11812200,0.0,0.0
2026-05-07 00:00:00-04:00,28.238856591937306,28.516875059799617,27.64309975616857,28.31829071044922,9434500,0.0,0.0
2026-05-08 00:00:00-04:00,28.31829165009763,28.96369412115481,28.25871463884275,28.6260986328125,9205700,0.0,0.0
2026-05-11 00:00:00-04:00,28.62609869262057,28.794896437144388,28.34807832109344,28.506946563720703,9720900,0.0,0.0
2026-05-12 00:00:00-04:00,28.7253912594648,29.241713984898364,28.536734514814302,28.963693618774414,9260300,0.0,0.0
2026-05-13 00:00:00-04:00,28.923975850064217,29.470087085104158,28.79489611457263,29.102703094482422,8361100,0.0,0.0
2026-05-14 00:00:00-04:00,29.241712898525265,29.291358511339975,28.705531189604475,28.894187927246094,7724900,0.0,0.0
2026-05-15 00:00:00-04:00,29.12256198856516,29.12256198856516,28.56652314768917,28.725391387939453,8004600,0.0,0.0
2026-05-18 00:00:00-04:00,28.81475506048461,29.29135978207359,28.745250441985238,29.22185516357422,8734900,0.0,0.0
2026-05-19 00:00:00-04:00,29.28142897317972,29.460156209261875,28.606238034139906,28.64595603942871,12356300,0.0,0.0
2026-05-20 00:00:00-04:00,28.655886899870353,28.775037133670477,28.33815041792493,28.487089157104492,15343100,0.0,0.0
2026-05-21 00:00:00-04:00,28.54666375041595,28.705531988474778,28.079988537850486,28.576452255249023,9058000,0.0,0.0
2026-05-22 00:00:00-04:00,28.516874758982272,29.0729154765589,28.457299644191473,28.914047241210938,5933200,0.0,0.0
2026-05-26 00:00:00-04:00,28.804825488305184,30.006266791106146,28.804825488305184,29.341005325317383,14386000,0.0,0.0
2026-05-27 00:00:00-04:00,29.53959050556081,30.324004070054787,29.36086326839212,29.887115478515625,9952500,0.0,0.0
2026-05-28 00:00:00-04:00,29.738177729776236,30.01619620225502,29.559450486691986,29.82754135131836,9145300,0.0,0.0
2026-05-29 00:00:00-04:00,29.777893687697905,30.075773055906755,29.529661827786594,29.817611694335938,18202700,0.0,0.0
2026-06-01 00:00:00-04:00,29.599167142586253,30.11548987788697,29.46015790379715,29.98641014099121,10422500,0.0,0.0
2026-06-02 00:00:00-04:00,29.99633639549483,30.30414525872257,29.70838842901642,30.14527702331543,10208100,0.0,0.0
2026-06-03 00:00:00-04:00,30.08570101378716,30.8204689942702,29.97648028197926,30.333932876586914,12286700,0.0,0.0
2026-06-04 00:00:00-04:00,30.66159896776933,30.701316975009476,29.787823640933173,29.84739875793457,9879100,0.0,0.0
2026-06-05 00:00:00-04:00,30.16513483866266,30.721175569466073,29.99633709785784,30.314075469970703,9765400,0.0,0.0
2026-06-08 00:00:00-04:00,30.314075034642823,30.721175128292,30.314075034642823,30.53251838684082,8836200,0.0,0.0
2026-06-09 00:00:00-04:00,30.641740796306767,31.376506860061255,30.532518174039627,31.257354736328125,11269200,0.0,0.0
2026-06-10 00:00:00-04:00,31.50558617068833,32.05169548701398,31.307001825596608,31.475799560546875,15349600,0.0,0.0
2026-06-11 00:00:00-04:00,31.197779588447837,31.37650682692943,30.80060899952139,31.009122848510742,28691100,0.0,0.0
2026-06-12 00:00:00-04:00,30.850254372844,31.50558631293712,30.850254372844,31.485727310180664,13011600,0.0,0.0
2026-06-15 00:00:00-04:00,31.376507511367006,31.61480986992113,31.068700534966947,31.545305252075195,15744700,0.0,0.0
2026-06-16 00:00:00-04:00,31.565163974247298,32.08148669344473,31.525445967912674,31.773677825927734,12383100,0.0,0.0
2026-06-17 00:00:00-04:00,31.63466868661347,32.00205077701972,30.631811749953542,30.671527862548828,17007100,0.0,0.0
2026-06-18 00:00:00-04:00,30.909830133201442,31.01905275678572,30.4133664170675,30.542448043823242,21600700,0.0,0.0
2026-06-22 00:00:00-04:00,30.582163945312036,31.009123041258917,30.383579596543818,30.651670455932617,12469700,0.0,0.0
2026-06-23 00:00:00-04:00,30.651670455932617,30.96940692904878,29.619025024446326,30.651670455932617,18323200,0.0,0.0
2026-06-24 00:00:00-04:00,30.909830431341714,31.53537578026509,30.77082119551821,31.177921295166016,16212900,0.0,0.0
2026-06-25 00:00:00-04:00,31.594950947568666,32.349577925712694,31.495657824451882,32.290000915527344,20090300,0.0,0.0
2026-06-26 00:00:00-04:00,32.66999816894531,33.65999984741211,32.61000061035156,33.400001525878906,54796000,0.23,0.0
2026-06-29 00:00:00-04:00,33.459999084472656,33.81999969482422,33.130001068115234,33.5,16022300,0.0,0.0
2026-06-30 00:00:00-04:00,33.400001525878906,33.66999816894531,32.619998931884766,32.72999954223633,13692800,0.0,0.0
2026-07-01 00:00:00-04:00,33.189998626708984,33.619998931884766,33.15999984741211,33.369998931884766,17819700,0.0,0.0
2026-07-02 00:00:00-04:00,33.369998931884766,33.79999923706055,32.90999984741211,33.29999923706055,16307900,0.0,0.0
2026-07-06 00:00:00-04:00,33.029998779296875,33.209999084472656,31.700000762939453,31.75,25211400,0.0,0.0
2026-07-07 00:00:00-04:00,32.25,32.599998474121094,31.229999542236328,31.489999771118164,14300900,0.0,0.0
2026-07-08 00:00:00-04:00,31.5,31.56999969482422,30.780000686645508,30.969999313354492,11431400,0.0,0.0
2026-07-09 00:00:00-04:00,30.899999618530273,30.969999313354492,30.3700008392334,30.719999313354492,15210900,0.0,0.0
2026-07-10 00:00:00-04:00,30.610000610351562,31.700000762939453,30.59000015258789,31.670000076293945,7968600,0.0,0.0
2026-07-13 00:00:00-04:00,31.530000686645508,32.04999923706055,31.15999984741211,31.25,12312400,0.0,0.0
2026-07-14 00:00:00-04:00,31.25,31.420000076293945,30.260000228881836,30.260000228881836,14469400,0.0,0.0
2026-07-15 00:00:00-04:00,30.219999313354492,30.649999618530273,29.979999542236328,30.280000686645508,13510700,0.0,0.0
2026-07-16 00:00:00-04:00,30.450000762939453,31.579999923706055,30.389999389648438,31.3799991607666,11395900,0.0,0.0
2026-07-17 00:00:00-04:00,31.610000610351562,31.8700008392334,30.700000762939453,30.90999984741211,8277396,0.0,0.0
