Date,Open,High,Low,Close,Volume,Dividends,Stock Splits
2022-01-03 00:00:00-05:00,11.973303778308543,12.048924772486012,11.964901267553818,12.032119750976562,60300,0.0,0.0
2022-01-04 00:00:00-05:00,12.107740993652175,12.250580474184014,12.074131751251011,12.242177963256836,80700,0.0,0.0
2022-01-05 00:00:00-05:00,12.258983318171536,12.385017780273207,12.174959809232043,12.191764831542969,84500,0.0,0.0
2022-01-06 00:00:00-05:00,12.258984229383847,12.343006943261194,12.16655820241885,12.30939769744873,96100,0.0,0.0
2022-01-07 00:00:00-05:00,12.35980953818755,12.477442276070812,12.334602809108091,12.435430526733398,108500,0.0,0.0
2022-01-10 00:00:00-05:00,12.427031706074542,12.427031706074542,12.267387972764599,12.376617431640625,75300,0.0,0.0
2022-01-11 00:00:00-05:00,12.410223311933699,12.477441787719727,12.351406544640346,12.477441787719727,48400,0.0,0.0
2022-01-12 00:00:00-05:00,12.460639579074863,12.595076560974121,12.418627821904439,12.595076560974121,92700,0.0,0.0
2022-01-13 00:00:00-05:00,12.569866819377372,12.603476056809901,12.519452562574864,12.561464309692383,76600,0.0,0.0
2022-01-14 00:00:00-05:00,12.460639145891335,12.511053413004758,12.368213924375585,12.494248390197754,153900,0.0,0.0
2022-01-18 00:00:00-05:00,12.410224994660329,12.410224994660329,12.174959496201687,12.183362007141113,109400,0.0,0.0
2022-01-19 00:00:00-05:00,12.267386804955374,12.267386804955374,12.1329490196988,12.166558265686035,82400,0.0,0.0
2022-01-20 00:00:00-05:00,12.141352055646617,12.242179797960906,12.057329337705209,12.065731048583984,103400,0.0,0.0
2022-01-21 00:00:00-05:00,12.01489093329621,12.048783399351002,11.625127169636018,11.692912101745605,116200,0.12,0.0
2022-01-24 00:00:00-05:00,11.328568631009666,11.548870086669922,11.099794664024182,11.548870086669922,203100,0.0,0.0
2022-01-25 00:00:00-05:00,11.421772796082491,11.659020892092553,11.269257086430557,11.557343482971191,91600,0.0,0.0
2022-01-26 00:00:00-05:00,11.667494297120134,11.794590857439086,11.54039692874096,11.582762718200684,63500,0.0,0.0
2022-01-27 00:00:00-05:00,11.692912494279279,11.84542819261577,11.498030201876876,11.59970760345459,121300,0.0,0.0
2022-01-28 00:00:00-05:00,11.599707871948105,11.845428466796875,11.481084638058462,11.845428466796875,69900,0.0,0.0
2022-01-31 00:00:00-05:00,11.921687203109508,11.930160522460938,11.76069817573341,11.930160522460938,82500,0.0,0.0
2022-02-01 00:00:00-05:00,11.904740901421171,12.057256603411115,11.879321752432876,12.014891624450684,101800,0.0,0.0
2022-02-02 00:00:00-05:00,11.981001687476773,12.209775692821125,11.938635891506234,12.167409896850586,69800,0.0,0.0
2022-02-03 00:00:00-05:00,12.074203327927389,12.108095796174602,12.031837540603327,12.040310859680176,82900,0.0,0.0
2022-02-04 00:00:00-05:00,12.023364298587973,12.082676724445886,11.930160212325807,12.048784255981445,99800,0.0,0.0
2022-02-07 00:00:00-05:00,11.997944754399173,12.057256370244938,11.930159819701112,11.989471435546875,52100,0.0,0.0
2022-02-08 00:00:00-05:00,11.997945387639255,12.15893522208916,11.972526237800924,12.091150283813477,68700,0.0,0.0
2022-02-09 00:00:00-05:00,12.192825653497227,12.286029726034485,12.14198655425686,12.260610580444336,58800,0.0,0.0
2022-02-10 00:00:00-05:00,12.158933860786961,12.260611256816789,12.01489068106301,12.03183650970459,74400,0.0,0.0
2022-02-11 00:00:00-05:00,11.989472700471607,12.125043392231,11.853902816772461,11.853902816772461,83900,0.0,0.0
2022-02-14 00:00:00-05:00,11.904741525130335,11.93863399491047,11.726805856769575,11.777644157409668,97300,0.0,0.0
2022-02-15 00:00:00-05:00,11.836955158469664,11.921685918674484,11.786116055898674,11.862374305725098,62600,0.0,0.0
2022-02-16 00:00:00-05:00,11.811537254455937,11.913215477256305,11.777644782875901,11.87932300567627,57400,0.0,0.0
2022-02-17 00:00:00-05:00,11.870847290345553,11.879320608545795,11.743749941522223,11.794589042663574,61100,0.0,0.0
2022-02-18 00:00:00-05:00,11.777643598822577,11.862375173284395,11.743751130649885,11.836956024169922,60900,0.0,0.0
2022-02-22 00:00:00-05:00,11.820008231556667,11.82848154978727,11.5742876592899,11.616653442382812,101300,0.0,0.0
2022-02-23 00:00:00-05:00,11.650548211505546,11.752225626202362,11.489559173583984,11.489559173583984,51000,0.0,0.0
2022-02-24 00:00:00-05:00,11.260783608853712,11.557343320671599,11.125213731929035,11.52345085144043,248100,0.0,0.0
2022-02-25 00:00:00-05:00,11.616656374348823,11.90474280241958,11.616656374348823,11.828484535217285,132300,0.0,0.0
2022-02-28 00:00:00-05:00,11.70986023514386,11.82848429370991,11.625129457362647,11.769172668457031,72500,0.0,0.0
2022-03-01 00:00:00-05:00,11.684438793126208,11.735277896281579,11.633599689970836,11.709857940673828,742100,0.0,0.0
2022-03-02 00:00:00-05:00,11.735278325359404,12.082676317432629,11.735278325359404,11.972525596618652,247300,0.0,0.0
2022-03-03 00:00:00-05:00,12.057257166451839,12.125042913686327,11.896268137927994,11.95557975769043,111200,0.0,0.0
2022-03-04 00:00:00-05:00,11.845429336074842,11.862375975337093,11.718332773848896,11.8200101852417,72600,0.0,0.0
2022-03-07 00:00:00-05:00,11.777642774321109,11.777642774321109,11.667492866516113,11.667492866516113,89100,0.0,0.0
2022-03-08 00:00:00-05:00,11.67596784656814,11.777645265474563,11.54039795469291,11.59123706817627,193000,0.0,0.0
2022-03-09 00:00:00-05:00,11.684439445920857,11.887794253783252,11.684439445920857,11.845428466796875,72800,0.0,0.0
2022-03-10 00:00:00-05:00,11.752225799584698,11.853903215781576,11.608182591290717,11.743752479553223,125200,0.0,0.0
2022-03-11 00:00:00-05:00,11.8200101852417,11.94710755552788,11.8200101852417,11.8200101852417,33200,0.0,0.0
2022-03-14 00:00:00-04:00,11.89626643688618,11.955578048167675,11.777642406263091,11.794589042663574,50000,0.0,0.0
2022-03-15 00:00:00-04:00,11.836955812916074,11.997944831848145,11.836955812916074,11.997944831848145,64400,0.0,0.0
2022-03-16 00:00:00-04:00,12.065728589495077,12.175879300355957,12.006416979054638,12.125041007995605,57000,0.0,0.0
2022-03-17 00:00:00-04:00,12.150461465814304,12.430074528160644,12.150461465814304,12.3961820602417,83300,0.0,0.0
2022-03-18 00:00:00-04:00,12.404656494237793,12.438548965203188,12.319924912794185,12.430075645446777,78300,0.0,0.0
2022-03-21 00:00:00-04:00,12.404655713404656,12.574118057564515,12.404655713404656,12.480913162231445,66700,0.0,0.0
2022-03-22 00:00:00-04:00,12.658849300760492,12.718161729487864,12.5402260594262,12.548699378967285,123600,0.0,0.0
2022-03-23 00:00:00-04:00,12.540225329063627,12.599536946276372,12.404655456542969,12.404655456542969,87700,0.0,0.0
2022-03-24 00:00:00-04:00,12.455493456663719,12.5571708586212,12.396181840870229,12.5402250289917,80600,0.0,0.0
2022-03-25 00:00:00-04:00,12.599536426879132,12.709687145776412,12.557170641447847,12.6842679977417,108500,0.0,0.0
2022-03-28 00:00:00-04:00,12.692742180023167,12.701215499837394,12.599538086247412,12.6419038772583,105900,0.0,0.0
2022-03-29 00:00:00-04:00,12.709687145776412,12.79441871663898,12.591063108180846,12.6842679977417,109600,0.0,0.0
2022-03-30 00:00:00-04:00,12.624957244970158,12.701215507222045,12.548699790778524,12.658849716186523,105600,0.0,0.0
2022-03-31 00:00:00-04:00,12.599534819281155,12.692738888889783,12.548696529698283,12.565642356872559,46600,0.0,0.0
2022-04-01 00:00:00-04:00,12.574119172154942,12.582592492129073,12.421602644861657,12.4978609085083,81900,0.0,0.0
2022-04-04 00:00:00-04:00,12.319925071503937,12.506334068245113,12.319925071503937,12.463968276977539,34400,0.0,0.0
2022-04-05 00:00:00-04:00,12.447021303066066,12.489387093196195,12.184354858767687,12.192828178405762,69400,0.0,0.0
2022-04-06 00:00:00-04:00,12.201302372014947,12.294507284762203,12.091152433776035,12.167409896850586,84100,0.0,0.0
2022-04-07 00:00:00-04:00,12.167407430701045,12.286031473763185,12.091149983082726,12.226719856262207,81800,0.0,0.0
2022-04-08 00:00:00-04:00,12.226719405479919,12.362289273661126,12.167406982105524,12.345342636108398,68900,0.0,0.0
2022-04-11 00:00:00-04:00,12.294503932232491,12.38770801150402,12.218245681892089,12.269083976745605,58600,0.0,0.0
2022-04-12 00:00:00-04:00,12.319922902592431,12.353815368027702,12.18435304085135,12.218245506286621,55200,0.0,0.0
2022-04-13 00:00:00-04:00,12.201299667358398,12.269084602661266,12.099622264404099,12.201299667358398,85900,0.0,0.0
2022-04-14 00:00:00-04:00,12.125042434328302,12.192827370822728,12.040310859680176,12.040310859680176,40200,0.0,0.0
2022-04-18 00:00:00-04:00,11.997945556395548,12.158935393109847,11.997945556395548,12.141988754272461,33700,0.0,0.0
2022-04-19 00:00:00-04:00,12.158934068542946,12.286030613736862,12.099621647133674,12.269083976745605,124500,0.0,0.0
2022-04-20 00:00:00-04:00,12.30297661914339,12.379234057508917,12.25213751883962,12.31992244720459,49000,0.0,0.0
2022-04-21 00:00:00-04:00,12.388274373176785,12.422448890580364,12.123421252210466,12.166139602661133,63500,0.12,0.0
2022-04-22 00:00:00-04:00,12.106334165718279,12.149052515339081,11.961092265878404,11.978179931640625,52000,0.0,0.0
2022-04-25 00:00:00-04:00,11.798762993573348,11.892742706757549,11.61934658492372,11.85856819152832,174500,0.0,0.0
2022-04-26 00:00:00-04:00,11.875656322228048,11.875656322228048,11.627890856404967,11.644978523254395,54600,0.0,0.0
2022-04-27 00:00:00-04:00,11.687696336663263,11.77313222261647,11.593715802894543,11.602259635925293,47000,0.0,0.0
2022-04-28 00:00:00-04:00,11.64497525995551,11.850022315979004,11.59371308855735,11.850022315979004,90600,0.0,0.0
2022-04-29 00:00:00-04:00,11.91837146302936,11.91837146302936,11.457015174614822,11.465559005737305,83500,0.0,0.0
2022-05-02 00:00:00-04:00,11.388666152954102,11.585170194809486,11.217793604461102,11.388666152954102,83900,0.0,0.0
2022-05-03 00:00:00-04:00,11.371581760779687,11.65352173036404,11.345950261883104,11.354494094848633,78700,0.0,0.0
2022-05-04 00:00:00-04:00,11.311775831157908,11.704783187939999,11.303231998127158,11.602259635925293,75900,0.0,0.0
2022-05-05 00:00:00-04:00,11.602257183167938,11.602257183167938,11.269055098471643,11.474102973937988,95400,0.0,0.0
2022-05-06 00:00:00-04:00,11.431386947631836,11.448473798756705,11.269057380629432,11.431386947631836,40400,0.0,0.0
2022-05-09 00:00:00-04:00,11.286144139741863,11.311774821762219,11.11527156829834,11.11527156829834,71400,0.0,0.0
2022-05-10 00:00:00-04:00,11.200707037418164,11.337405904363482,11.021290640261139,11.081096649169922,94000,0.0,0.0
2022-05-11 00:00:00-04:00,11.021291318816433,11.18362087683996,10.944399270830495,11.064009666442871,89900,0.0,0.0
2022-05-12 00:00:00-04:00,10.99566121208444,10.99566121208444,10.76498342647478,10.876049995422363,101500,0.0,0.0
2022-05-13 00:00:00-04:00,10.935856531748971,11.04692392076869,10.910225846524357,10.995661735534668,99800,0.0,0.0
2022-05-16 00:00:00-04:00,11.00420420120147,11.081097062103392,10.910224490535061,11.038378715515137,93500,0.0,0.0
2022-05-17 00:00:00-04:00,11.098183625760527,11.19216414878884,11.081096776436532,11.175076484680176,66800,0.0,0.0
2022-05-18 00:00:00-04:00,11.132359809779002,11.132359809779002,10.867507494626805,10.995661735534668,51300,0.0,0.0
2022-05-19 00:00:00-04:00,10.893136987407582,10.893136987407582,10.722264413307148,10.816244125366211,92900,0.0,0.0
2022-05-20 00:00:00-04:00,10.81624550222248,10.893138374051945,10.602654553711659,10.764984130859375,63600,0.0,0.0
2022-05-23 00:00:00-04:00,10.790612085141852,11.123814173798703,10.790612085141852,11.012746810913086,103300,0.0,0.0
2022-05-24 00:00:00-04:00,10.927310127221196,11.021289827454593,10.782068253815742,11.012746810913086,29200,0.0,0.0
2022-05-25 00:00:00-04:00,10.93585570289386,11.166533482001345,10.93585570289386,11.089640617370605,32300,0.0,0.0
2022-05-26 00:00:00-04:00,11.115272080538524,11.35449369158383,11.115272080538524,11.320319175720215,43800,0.0,0.0
2022-05-27 00:00:00-04:00,11.354492991380202,11.533909392296195,11.328862309759252,11.499734878540039,47300,0.0,0.0
2022-05-31 00:00:00-04:00,11.422841883636352,11.576627601110445,11.345949024899305,11.491190910339355,77000,0.0,0.0
2022-06-01 00:00:00-04:00,11.491191876432088,11.53391022540907,11.294688611836607,11.414299011230469,45800,0.0,0.0
2022-06-02 00:00:00-04:00,11.474104329666192,11.51682186126709,11.286144094440424,11.51682186126709,51400,0.0,0.0
2022-06-03 00:00:00-04:00,11.397211351062234,11.43992969700529,11.311774659176123,11.345949172973633,56800,0.0,0.0
2022-06-06 00:00:00-04:00,11.431384219785373,11.482645575712347,11.328860693146865,11.363035202026367,54900,0.0,0.0
2022-06-07 00:00:00-04:00,11.345947814376284,11.516820362903042,11.311773304670933,11.465559005737305,49900,0.0,0.0
2022-06-08 00:00:00-04:00,11.41429820056865,11.431385864859744,11.328862323467218,11.345949172973633,39800,0.0,0.0
2022-06-09 00:00:00-04:00,11.328864408782358,11.345951261433967,11.14944797462391,11.192166328430176,60700,0.0,0.0
2022-06-10 00:00:00-04:00,11.123815849023057,11.123815849023057,10.790613710186632,10.841875076293945,82600,0.0,0.0
2022-06-13 00:00:00-04:00,10.74789556201782,10.74789556201782,10.363432049915923,10.457411766052246,132800,0.0,0.0
2022-06-14 00:00:00-04:00,10.41469416035362,10.500130864601081,10.158385677180826,10.192560195922852,68600,0.0,0.0
2022-06-15 00:00:00-04:00,10.218188829610268,10.380517557345296,10.141295974183548,10.260907173156738,105900,0.0,0.0
2022-06-16 00:00:00-04:00,10.209645581426868,10.209645581426868,9.808094432796748,9.833725929260254,85600,0.0,0.0
2022-06-17 00:00:00-04:00,9.816638135038497,9.86790031250243,9.679940081514237,9.748289108276367,66400,0.0,0.0
2022-06-21 00:00:00-04:00,9.833726323069495,9.970424383877127,9.833726323069495,9.944793701171875,48300,0.0,0.0
2022-06-22 00:00:00-04:00,9.876444400761407,9.944793429296668,9.782463875436907,9.927705764770508,57500,0.0,0.0
2022-06-23 00:00:00-04:00,9.936249865495112,9.953336715698242,9.842270152416122,9.953336715698242,61300,0.0,0.0
2022-06-24 00:00:00-04:00,9.944793402889092,10.209645684063759,9.893531224231424,10.166927337646484,91900,0.0,0.0
2022-06-27 00:00:00-04:00,10.243819915044659,10.414692481205206,10.235276083040466,10.295082092285156,48300,0.0,0.0
2022-06-28 00:00:00-04:00,10.371975094650299,10.474498635768999,10.175471029750948,10.226733207702637,225600,0.0,0.0
2022-06-29 00:00:00-04:00,10.201101303100586,10.260907310781649,10.192558286104415,10.201101303100586,74100,0.0,0.0
2022-06-30 00:00:00-04:00,10.064402448117889,10.252362658326899,10.03022793851485,10.209644317626953,27200,0.0,0.0
2022-07-01 00:00:00-04:00,10.235275268985097,10.389060973690686,10.166926247956969,10.31216812133789,35300,0.0,0.0
2022-07-05 00:00:00-04:00,10.218189372772919,10.252363886469766,10.072947485865157,10.235276222229004,42700,0.0,0.0
2022-07-06 00:00:00-04:00,10.277994570869648,10.320712916698609,10.175471029750948,10.226733207702637,42600,0.0,0.0
2022-07-07 00:00:00-04:00,10.286538529087736,10.40614973591812,10.286538529087736,10.32071304321289,69300,0.0,0.0
2022-07-08 00:00:00-04:00,10.363431784271036,10.46595533055125,10.346344119165309,10.431780815124512,30300,0.0,0.0
2022-07-11 00:00:00-04:00,10.371974125825954,10.406148636340017,10.303625104797826,10.31216812133789,85600,0.0,0.0
2022-07-12 00:00:00-04:00,10.269450731070776,10.41469179160168,10.184014046255315,10.243819236755371,69000,0.0,0.0
2022-07-13 00:00:00-04:00,10.201100894347642,10.303625242040038,10.16692638337838,10.243819236755371,90700,0.0,0.0
2022-07-14 00:00:00-04:00,10.064403253746118,10.2096451348814,10.064403253746118,10.201101303100586,87300,0.0,0.0
2022-07-15 00:00:00-04:00,10.252364415955917,10.406150142926364,10.252364415955917,10.354887962341309,97600,0.0,0.0
2022-07-18 00:00:00-04:00,10.389061386354891,10.48304190509002,10.320712362611868,10.337800025939941,202100,0.0,0.0
2022-07-19 00:00:00-04:00,10.440325434159966,10.594110357772735,10.414693934570522,10.57702350616455,111000,0.0,0.0
2022-07-20 00:00:00-04:00,10.577023619857654,10.671003341674805,10.559935953281014,10.671003341674805,32900,0.0,0.0
2022-07-21 00:00:00-04:00,10.714136520687774,10.714136520687774,10.558858917501619,10.645124435424805,30500,0.12,0.0
2022-07-22 00:00:00-04:00,10.653748253631084,10.7227603201208,10.498470692684862,10.601988792419434,48900,0.0,0.0
2022-07-25 00:00:00-04:00,10.584738483978851,10.619244524711354,10.455340214215285,10.532979011535645,103700,0.0,0.0
2022-07-26 00:00:00-04:00,10.524350038801481,10.550229358128979,10.429458652808169,10.472591400146484,63100,0.0,0.0
2022-07-27 00:00:00-04:00,10.481218079984007,10.748640475449251,10.481218079984007,10.722761154174805,57400,0.0,0.0
2022-07-28 00:00:00-04:00,10.65375135332934,10.869414329528809,10.645124636836009,10.869414329528809,75100,0.0,0.0
2022-07-29 00:00:00-04:00,10.955676617619648,11.041942118208212,10.912543867325367,10.981555938720703,74000,0.0,0.0
2022-08-01 00:00:00-04:00,10.964302826672151,11.145459711404293,10.947049398274448,10.998808860778809,68600,0.0,0.0
2022-08-02 00:00:00-04:00,10.929799476824654,11.024690888250243,10.860787391662598,10.860787391662598,53700,0.0,0.0
2022-08-03 00:00:00-04:00,10.886664958462132,10.955677032470703,10.826279599376837,10.955677032470703,23100,0.0,0.0
2022-08-04 00:00:00-04:00,10.869411020507565,10.921169658332513,10.852157592773438,10.852157592773438,33000,0.0,0.0
2022-08-05 00:00:00-04:00,10.791775703430176,10.878040401711152,10.774522270160594,10.791775703430176,36300,0.0,0.0
2022-08-08 00:00:00-04:00,10.783145527214364,10.972929118846176,10.783145527214364,10.852157592773438,26900,0.0,0.0
2022-08-09 00:00:00-04:00,10.834907729132185,10.938425853662531,10.80040168762207,10.80040168762207,26000,0.0,0.0
2022-08-10 00:00:00-04:00,10.886664767390899,11.05056905730119,10.886664767390899,10.990182876586914,31800,0.0,0.0
2022-08-11 00:00:00-04:00,10.998811302399012,11.09370271158503,10.903919893212997,11.024690628051758,57600,0.0,0.0
2022-08-12 00:00:00-04:00,11.024688404917864,11.188592687274701,10.97292976404953,11.17996597290039,56600,0.0,0.0
2022-08-15 00:00:00-04:00,11.162714589062082,11.326618901444736,11.085076613536993,11.274859428405762,66300,0.0,0.0
2022-08-16 00:00:00-04:00,11.223099444702541,11.4301356668838,11.223099444702541,11.343870162963867,51400,0.0,0.0
2022-08-17 00:00:00-04:00,11.231726452609259,11.326617851245352,10.79177385198141,11.26623249053955,48500,0.0,0.0
2022-08-18 00:00:00-04:00,11.3007363902486,11.31798899460495,11.231724327445844,11.257603645324707,32000,0.0,0.0
2022-08-19 00:00:00-04:00,11.214471974680574,11.248978009387425,11.102327156211118,11.136833190917969,49500,0.0,0.0
2022-08-22 00:00:00-04:00,10.998809084051278,11.04194183323237,10.783146160834587,10.834905624389648,47900,0.0,0.0
2022-08-23 00:00:00-04:00,10.78314530446262,10.87803668697396,10.78314530446262,10.843530654907227,30800,0.0,0.0
2022-08-24 00:00:00-04:00,10.843532619083557,10.947050734034823,10.783147257700863,10.929798126220703,37800,0.0,0.0
2022-08-25 00:00:00-04:00,10.878037330061131,11.041941609084319,10.878037330061131,10.998808860778809,27100,0.0,0.0
2022-08-26 00:00:00-04:00,11.050569460623855,11.102328105766544,10.748641014099121,10.748641014099121,36700,0.0,0.0
2022-08-29 00:00:00-04:00,10.679627006878194,10.731385642657939,10.61061494404608,10.705506324768066,20800,0.0,0.0
2022-08-30 00:00:00-04:00,10.714135731708666,10.714135731708666,10.472593451075227,10.567484855651855,49600,0.0,0.0
2022-08-31 00:00:00-04:00,10.541603785111167,10.627868459703794,10.455338287829788,10.48984432220459,38300,0.0,0.0
2022-09-01 00:00:00-04:00,10.420832788399226,10.524350896837639,10.35182071610695,10.515724182128906,55300,0.0,0.0
2022-09-02 00:00:00-04:00,10.610615462693644,10.679627528899072,10.351819803078927,10.38632583618164,57300,0.0,0.0
2022-09-06 00:00:00-04:00,10.351820691330836,10.42083276345794,10.248302583140184,10.300061225891113,96700,0.0,0.0
2022-09-07 00:00:00-04:00,10.24830208158098,10.532977070845279,10.24830208158098,10.48984432220459,41400,0.0,0.0
2022-09-08 00:00:00-04:00,10.438087630256641,10.576111793518066,10.334568685121665,10.576111793518066,66000,0.0,0.0
2022-09-09 00:00:00-04:00,10.610616805275447,10.77452027758018,10.610616805275447,10.662375450134277,37000,0.0,0.0
2022-09-12 00:00:00-04:00,10.705507816869845,10.826279355003162,10.705507816869845,10.7313871383667,39000,0.0,0.0
2022-09-13 00:00:00-04:00,10.645122504845165,10.645122504845165,10.317314747952194,10.429459571838379,36200,0.0,0.0
2022-09-14 00:00:00-04:00,10.412205505957496,10.46396496869888,10.343193437428154,10.446711540222168,39500,0.0,0.0
2022-09-15 00:00:00-04:00,10.44671144750332,10.532976943743732,10.403579522071857,10.438085556030273,57800,0.0,0.0
2022-09-16 00:00:00-04:00,10.34319397664275,10.351820691330836,10.196543117700461,10.300061225891113,58100,0.0,0.0
2022-09-19 00:00:00-04:00,10.179290321949749,10.386326534485702,10.12753085747137,10.334567070007324,61800,0.0,0.0
2022-09-20 00:00:00-04:00,10.231049385150595,10.239676100033783,10.041266593853312,10.136157989501953,49900,0.0,0.0
2022-09-21 00:00:00-04:00,10.187917466300927,10.248302825166016,9.963627815246582,9.963627815246582,51400,0.0,0.0
2022-09-22 00:00:00-04:00,9.929121562339938,9.972254313171765,9.782470703125,9.782470703125,60900,0.0,0.0
2022-09-23 00:00:00-04:00,9.765217280203034,9.765217280203034,9.575434492719006,9.609940528869629,76000,0.0,0.0
2022-09-26 00:00:00-04:00,9.609940308048316,9.62719291438279,9.33389120249771,9.428783416748047,101500,0.0,0.0
2022-09-27 00:00:00-04:00,9.506422169448841,9.549554096481844,9.238999779324852,9.385650634765625,86100,0.0,0.0
2022-09-28 00:00:00-04:00,9.428782849253981,9.609939729650884,9.377023387988269,9.53230094909668,134200,0.0,0.0
2022-09-29 00:00:00-04:00,9.463289931767617,9.471915824027684,9.316639068391845,9.36839771270752,94400,0.0,0.0
2022-09-30 00:00:00-04:00,9.325265278768404,9.523674775724288,9.325265278768404,9.385650634765625,85400,0.0,0.0
2022-10-03 00:00:00-04:00,9.446035613802358,9.713457993254394,9.446035613802358,9.627192497253418,62400,0.0,0.0
2022-10-04 00:00:00-04:00,9.722085030833732,9.937747955322266,9.722085030833732,9.937747955322266,94400,0.0,0.0
2022-10-05 00:00:00-04:00,9.791096659801122,9.955000113046086,9.773843231728634,9.920494079589844,54500,0.0,0.0
2022-10-06 00:00:00-04:00,9.885990290601821,9.946375657187668,9.713460084150178,9.765218734741211,69600,0.0,0.0
2022-10-07 00:00:00-04:00,9.687579202056284,9.713459348079562,9.480542970003189,9.558181762695312,64000,0.0,0.0
2022-10-10 00:00:00-04:00,9.532303027831787,9.653073759307373,9.37702543286157,9.45466423034668,84700,0.0,0.0
2022-10-11 00:00:00-04:00,9.377024335555122,9.540928627218792,9.359771728515625,9.359771728515625,75800,0.0,0.0
2022-10-12 00:00:00-04:00,9.394277734680042,9.46328980799083,9.316638946533203,9.316638946533203,43100,0.0,0.0
2022-10-13 00:00:00-04:00,9.23037471437688,9.661700643298126,9.187241956946972,9.59268856048584,84000,0.0,0.0
2022-10-14 00:00:00-04:00,9.696206567416437,9.730712608405186,9.540929794311523,9.540929794311523,60300,0.0,0.0
2022-10-17 00:00:00-04:00,9.704832839651232,10.118905312585692,9.670326800240026,9.955001831054688,259800,0.0,0.0
2022-10-18 00:00:00-04:00,10.14478504786852,10.213797123893027,10.136158332693247,10.19654369354248,149500,0.0,0.0
2022-10-19 00:00:00-04:00,10.213796008678697,10.213796008678697,10.04989172900009,10.101651191711426,113400,0.0,0.0
2022-10-20 00:00:00-04:00,10.04126606035411,10.11027813037534,9.920494526472574,9.937747955322266,106200,0.0,0.0
2022-10-21 00:00:00-04:00,9.92031260731518,10.146963180473636,9.902877564142093,10.112093925476074,80100,0.12,0.0
2022-10-24 00:00:00-04:00,10.216702446548085,10.225419137431086,10.059790371772593,10.207984924316406,119000,0.0,0.0
2022-10-25 00:00:00-04:00,10.138248083813712,10.364898711183814,10.138248083813712,10.303876876831055,69400,0.0,0.0
2022-10-26 00:00:00-04:00,10.303876739148837,10.452071314191485,10.286442523387304,10.373615264892578,108300,0.0,0.0
2022-10-27 00:00:00-04:00,10.443350796568444,10.5915453291243,10.408481543693453,10.513090133666992,83100,0.0,0.0
2022-10-28 00:00:00-04:00,10.469505665033571,10.809480747587262,10.469505665033571,10.783329010009766,47100,0.0,0.0
2022-10-31 00:00:00-04:00,10.774611567637779,10.853067612305933,10.704873046010253,10.757177352905273,91100,0.0,0.0
2022-11-01 00:00:00-04:00,10.792046599777088,10.844350075255784,10.661286248382837,10.748459815979004,157500,0.0,0.0
2022-11-02 00:00:00-04:00,10.71358991243776,10.931522987004312,10.56539535522461,10.56539535522461,40900,0.0,0.0
2022-11-03 00:00:00-04:00,10.547960501595833,10.547960501595833,10.391048431396484,10.391048431396484,126900,0.0,0.0
2022-11-04 00:00:00-04:00,10.49565779878254,10.60026558438982,10.434636798348821,10.574113845825195,83400,0.0,0.0
2022-11-07 00:00:00-05:00,10.582830193412859,10.670002922726605,10.565395148740896,10.661285400390625,72700,0.0,0.0
2022-11-08 00:00:00-05:00,10.731026470776822,10.826916737823348,10.643852896117203,10.774612426757812,69700,0.0,0.0
2022-11-09 00:00:00-05:00,10.670003051603178,10.748459090877256,10.57411279879525,10.591547012329102,57400,0.0,0.0
2022-11-10 00:00:00-05:00,10.826916569921693,10.922806835481172,10.77461225966728,10.905372619628906,96000,0.0,0.0
2022-11-11 00:00:00-05:00,10.957674892648381,11.140738711369536,10.94895820135592,11.053565979003906,70700,0.0,0.0
2022-11-14 00:00:00-05:00,11.071000376374732,11.105869636168482,10.940240859985352,10.940240859985352,65000,0.0,0.0
2022-11-15 00:00:00-05:00,11.053567957779961,11.175609971209177,10.922807588800119,11.018698692321777,89800,0.0,0.0
2022-11-16 00:00:00-05:00,11.044848587457475,11.044848587457475,10.966392545453086,10.983827590942383,27200,0.0,0.0
2022-11-17 00:00:00-05:00,10.896652118399233,11.027411611280591,10.870500386092678,10.97510814666748,59200,0.0,0.0
2022-11-18 00:00:00-05:00,11.079717408289508,11.280215435383612,11.018696414191075,11.236629486083984,141900,0.0,0.0
2022-11-21 00:00:00-05:00,11.210477937570326,11.29765150678834,11.158174461118533,11.201761245727539,112300,0.0,0.0
2022-11-22 00:00:00-05:00,11.201760052033249,11.384823862804215,11.201760052033249,11.349954605102539,43400,0.0,0.0
2022-11-23 00:00:00-05:00,11.358672156032446,11.437128199638645,11.332520418613294,11.367389678955078,60900,0.0,0.0
2022-11-25 00:00:00-05:00,11.41097451805238,11.489430548291478,11.341236009250649,11.419692039489746,30200,0.0,0.0
2022-11-28 00:00:00-05:00,11.38482472480034,11.463279937057797,11.332520418613294,11.367389678955078,80700,0.0,0.0
2022-11-29 00:00:00-05:00,11.323801834831402,11.480713907343647,11.323801834831402,11.445844650268555,50200,0.0,0.0
2022-11-30 00:00:00-05:00,11.402258589590922,11.65506092715262,11.332520071046227,11.602757453918457,69400,0.0,0.0
2022-12-01 00:00:00-05:00,11.620190605354248,11.698646639380351,11.524300358960476,11.611473083496094,62200,0.0,0.0
2022-12-02 00:00:00-05:00,11.489431318517923,11.576604044689656,11.480713796496152,11.524300575256348,48600,0.0,0.0
2022-12-05 00:00:00-05:00,11.463278029204494,11.515582326686445,11.367387787060954,11.376105308532715,122900,0.0,0.0
2022-12-06 00:00:00-05:00,11.428409975992412,11.428409975992412,11.149455910361985,11.227911949157715,81500,0.0,0.0
2022-12-07 00:00:00-05:00,11.227912875193718,11.254064613166294,11.15817435303434,11.210477828979492,62400,0.0,0.0
2022-12-08 00:00:00-05:00,11.219194362844899,11.297650401193602,11.219194362844899,11.262781143188477,76800,0.0,0.0
2022-12-09 00:00:00-05:00,11.219197346501966,11.262784138437107,11.184328079223633,11.184328079223633,47300,0.0,0.0
2022-12-12 00:00:00-05:00,11.219194284768044,11.288932800292969,11.175607504727795,11.288932800292969,79400,0.0,0.0
2022-12-13 00:00:00-05:00,11.437126326032686,11.559169132910505,11.245345009895717,11.323801040649414,101100,0.0,0.0
2022-12-14 00:00:00-05:00,11.27149761951154,11.428408850298617,11.20175910997315,11.280214309692383,56600,0.0,0.0
2022-12-15 00:00:00-05:00,11.175607854045639,11.184325376595911,10.948958087179543,11.1320219039917,71900,0.0,0.0
2022-12-16 00:00:00-05:00,10.97510814666748,11.044846653717348,10.91408716083599,10.97510814666748,32000,0.0,0.0
2022-12-19 00:00:00-05:00,10.905371614275959,11.018696916589189,10.89665409147908,10.948958396911621,62600,0.0,0.0
2022-12-20 00:00:00-05:00,10.89665509602837,11.071001411295061,10.89665509602837,10.905372619628906,65300,0.0,0.0
2022-12-21 00:00:00-05:00,10.975109937930737,11.140738711369536,10.975109937930737,11.053565979003906,82800,0.0,0.0
2022-12-22 00:00:00-05:00,11.05356606728495,11.05356606728495,10.800763728112756,10.957674980163574,72000,0.0,0.0
2022-12-23 00:00:00-05:00,10.922805786132812,10.983827614125426,10.896654049192394,10.922805786132812,243900,0.0,0.0
2022-12-27 00:00:00-05:00,10.948958368607768,11.044848625079357,10.905371586084781,10.931523323059082,70900,0.0,0.0
2022-12-28 00:00:00-05:00,10.957675326939281,10.97511037291265,10.774611500962667,10.792046546936035,58300,0.0,0.0
2022-12-29 00:00:00-05:00,10.826917316627325,11.079719699036385,10.826917316627325,11.018698692321777,93000,0.0,0.0
2022-12-30 00:00:00-05:00,10.948958108634022,11.071000099182129,10.931523063499316,11.071000099182129,62200,0.0,0.0
2023-01-03 00:00:00-05:00,11.071001080029601,11.105870342039585,10.94895907866905,11.088436126708984,103900,0.0,0.0
2023-01-04 00:00:00-05:00,11.140738422961105,11.323802236943154,11.123304209478796,11.175607681274414,61200,0.0,0.0
2023-01-05 00:00:00-05:00,11.158174650728952,11.175608866059552,11.027414294679925,11.088436126708984,61400,0.0,0.0
2023-01-06 00:00:00-05:00,11.193042467172305,11.39354048999846,11.140738165237968,11.3848237991333,34800,0.0,0.0
2023-01-09 00:00:00-05:00,11.42840880453814,11.454561369021777,11.323801040649414,11.323801040649414,55200,0.0,0.0
2023-01-10 00:00:00-05:00,11.288931725793082,11.428408743567271,11.288931725793082,11.358670234680176,51800,0.0,0.0
2023-01-11 00:00:00-05:00,11.341236787345046,11.515583071310848,11.341236787345046,11.463278770446777,42100,0.0,0.0
2023-01-12 00:00:00-05:00,11.541736766975838,11.550454290492373,11.471998241541145,11.489433288574219,28700,0.0,0.0
2023-01-13 00:00:00-05:00,11.41097537840702,11.498148105307456,11.175607269943647,11.437127113342285,154100,0.0,0.0
2023-01-17 00:00:00-05:00,11.349955464458558,11.419693985142125,11.332520418613294,11.367389678955078,67800,0.0,0.0
2023-01-18 00:00:00-05:00,11.332520768205791,11.376107552814798,11.201761245727539,11.201761245727539,96900,0.0,0.0
2023-01-19 00:00:00-05:00,11.158172623555155,11.193041879230227,11.018695600854867,11.097150802612305,46600,0.0,0.0
2023-01-20 00:00:00-05:00,11.123304209478796,11.219194462003225,11.062282383918983,11.175607681274414,51200,0.0,0.0
2023-01-23 00:00:00-05:00,11.224028512255458,11.364878931809187,11.12719405869595,11.276847839355469,58500,0.125,0.0
2023-01-24 00:00:00-05:00,11.197617350643595,11.356073625735183,11.083176194472982,11.250435829162598,49900,0.0,0.0
2023-01-25 00:00:00-05:00,11.180008840095612,11.259237384714053,11.153599605067612,11.241631507873535,80100,0.0,0.0
2023-01-26 00:00:00-05:00,11.303256034851074,11.347271996763165,11.215224111026892,11.303256034851074,69400,0.0,0.0
2023-01-27 00:00:00-05:00,11.294450690108691,11.391285117673611,11.232828857979605,11.33846664428711,102300,0.0,0.0
2023-01-30 00:00:00-05:00,11.215223238290449,11.329664394542544,11.215223238290449,11.259239196777344,98200,0.0,0.0
2023-01-31 00:00:00-05:00,11.382482501845853,11.39128502097922,11.250434640431484,11.356072425842285,134900,0.0,0.0
2023-02-01 00:00:00-05:00,11.347268982742506,11.496922709772344,11.276843798203101,11.382481575012207,152700,0.0,0.0
2023-02-02 00:00:00-05:00,11.43529987335205,11.461709946811839,11.382481405501297,11.43529987335205,109000,0.0,0.0
2023-02-03 00:00:00-05:00,11.373679143177998,11.444104333451865,11.312057311571987,11.356072425842285,51400,0.0,0.0
2023-02-06 00:00:00-05:00,11.25043482297682,11.338466732014771,11.25043482297682,11.312057495117188,40300,0.0,0.0
2023-02-07 00:00:00-05:00,11.285647116508857,11.479316807486091,11.276844597468354,11.461710929870605,72000,0.0,0.0
2023-02-08 00:00:00-05:00,11.356072270103574,11.461710893600124,11.356072270103574,11.426497459411621,59700,0.0,0.0
2023-02-09 00:00:00-05:00,11.470513756037196,11.488120473658588,11.294450777495795,11.312057495117188,53800,0.0,0.0
2023-02-10 00:00:00-05:00,11.312057311571987,11.382482501845853,11.25923799909934,11.356072425842285,41700,0.0,0.0
2023-02-13 00:00:00-05:00,11.40008722666004,11.505725001386802,11.37367799286195,11.488119125366211,29100,0.0,0.0
2023-02-14 00:00:00-05:00,11.461709871908724,11.532135054939104,11.408890564868738,11.470512390136719,67100,0.0,0.0
2023-02-15 00:00:00-05:00,11.38248141524337,11.470512474914777,11.373678057415908,11.444103240966797,60000,0.0,0.0
2023-02-16 00:00:00-05:00,11.426497546549994,11.426497546549994,11.33846647901085,11.4000883102417,49000,0.0,0.0
2023-02-17 00:00:00-05:00,11.329662247572896,11.373678197718775,11.294449655363078,11.364874839782715,35200,0.0,0.0
2023-02-21 00:00:00-05:00,11.241633557457083,11.268042797300035,11.109585679173124,11.144798278808594,43200,0.0,0.0
2023-02-22 00:00:00-05:00,11.144796526085917,11.171205761775536,11.039158743792978,11.074371337890625,44000,0.0,0.0
2023-02-23 00:00:00-05:00,11.091978073120117,11.16240326143232,11.00394616796263,11.091978073120117,47200,0.0,0.0
2023-02-24 00:00:00-05:00,11.047963206574472,11.0567665658625,10.9599312927633,10.99514389038086,105800,0.0,0.0
2023-02-27 00:00:00-05:00,11.100781683233535,11.127191761097617,10.968734652051328,10.99514389038086,175700,0.0,0.0
2023-02-28 00:00:00-05:00,10.986340531092832,11.065569085615977,10.986340531092832,10.99514389038086,40800,0.0,0.0
2023-03-01 00:00:00-05:00,10.968733787536621,11.012749740973033,10.91591447550603,10.968733787536621,31700,0.0,0.0
2023-03-02 00:00:00-05:00,10.951128905876296,11.047964187573942,10.924719665201767,11.021554946899414,61100,0.0,0.0
2023-03-03 00:00:00-05:00,11.135993957519531,11.180009913147122,11.109584719956787,11.135993957519531,54900,0.0,0.0
2023-03-06 00:00:00-05:00,11.180007881522751,11.276843134213511,11.17120452409007,11.232827186584473,38100,0.0,0.0
2023-03-07 00:00:00-05:00,11.232829562450206,11.232829562450206,11.003947257995605,11.003947257995605,88300,0.0,0.0
2023-03-08 00:00:00-05:00,11.012749740973033,11.047962335815265,10.933521192694387,10.968733787536621,70200,0.0,0.0
2023-03-09 00:00:00-05:00,11.003945876288055,11.047961827700098,10.739851007350254,10.74865436553955,60000,0.0,0.0
2023-03-10 00:00:00-05:00,10.775063911146281,10.81027650538397,10.599000939957838,10.607804298400879,74000,0.0,0.0
2023-03-13 00:00:00-04:00,10.563788579442587,10.695835600871826,10.502166748046875,10.502166748046875,91000,0.0,0.0
2023-03-14 00:00:00-04:00,10.61660749357843,10.722245274666964,10.546181466651618,10.669425964355469,90700,0.0,0.0
2023-03-15 00:00:00-04:00,10.449346532620593,10.502165840347823,10.396528064427779,10.440543174743652,102100,0.0,0.0
2023-03-16 00:00:00-04:00,10.352514709030451,10.64301887549769,10.352514709030451,10.554986953735352,91700,0.0,0.0
2023-03-17 00:00:00-04:00,10.4581501476581,10.484559382403898,10.343709011047064,10.361315727233887,68500,0.0,0.0
2023-03-20 00:00:00-04:00,10.431738614185493,10.572588954504695,10.42293525803198,10.510966300964355,84200,0.0,0.0
2023-03-21 00:00:00-04:00,10.651819209060175,10.70463767548247,10.590196545521648,10.634212493896484,63800,0.0,0.0
2023-03-22 00:00:00-04:00,10.625407412357271,10.68703006589761,10.49336042819158,10.510966300964355,122200,0.0,0.0
2023-03-23 00:00:00-04:00,10.519771660714005,10.581394325990999,10.44934647714122,10.493362426757812,85800,0.0,0.0
2023-03-24 00:00:00-04:00,10.396529882731182,10.528576915842029,10.361317284599316,10.475757598876953,56100,0.0,0.0
2023-03-27 00:00:00-04:00,10.563789457078881,10.61660877375948,10.510970140398282,10.53738021850586,211600,0.0,0.0
2023-03-28 00:00:00-04:00,10.537379178036113,10.61660772546664,10.537379178036113,10.563788414001465,135000,0.0,0.0
2023-03-29 00:00:00-04:00,10.57259250345142,10.695836172833317,10.57259250345142,10.687033653259277,69800,0.0,0.0
2023-03-30 00:00:00-04:00,10.748655399037684,10.757458758073437,10.687033564856469,10.7134428024292,48000,0.0,0.0
2023-03-31 00:00:00-04:00,10.704638253411916,10.836686105665521,10.704638253411916,10.81027603149414,153100,0.0,0.0
2023-04-03 00:00:00-04:00,10.86309615862064,10.942324708034212,10.819080204553714,10.898308753967285,81100,0.0,0.0
2023-04-04 00:00:00-04:00,10.924716298478346,10.942323013191833,10.748653349015294,10.792669296264648,100700,0.0,0.0
2023-04-05 00:00:00-04:00,10.73985085559362,10.854291991834069,10.73985085559362,10.819079399108887,128800,0.0,0.0
2023-04-06 00:00:00-04:00,10.827883650376359,10.889505482845063,10.801474413537557,10.871899604797363,74400,0.0,0.0
2023-04-10 00:00:00-04:00,10.81027683700368,10.94232469909661,10.81027683700368,10.889505386352539,55900,0.0,0.0
2023-04-11 00:00:00-04:00,10.942324560280198,11.039158986292291,10.933521201678786,10.977537155151367,32700,0.0,0.0
2023-04-12 00:00:00-04:00,11.012748773638624,11.074370599316193,10.907110998390904,10.959929466247559,82300,0.0,0.0
2023-04-13 00:00:00-04:00,10.968732620882342,11.12718970058585,10.915913314469709,11.083173751831055,73700,0.0,0.0
2023-04-14 00:00:00-04:00,11.109585679173124,11.232830197664565,11.091979799122688,11.144798278808594,82300,0.0,0.0
2023-04-17 00:00:00-04:00,11.153600621733363,11.215222455593755,11.144797262743444,11.197616577148438,67700,0.0,0.0
2023-04-18 00:00:00-04:00,11.232828149686055,11.303253336117015,11.20641807512361,11.241631507873535,96300,0.0,0.0
2023-04-19 00:00:00-04:00,11.224024849256056,11.250434084419954,11.188812255859375,11.188812255859375,76300,0.0,0.0
2023-04-20 00:00:00-04:00,11.148803887157232,11.237710158691394,11.139913090429207,11.184366226196289,82200,0.125,0.0
2023-04-21 00:00:00-04:00,11.157695125161563,11.202148262686723,11.02433571258608,11.166585922241211,81900,0.0,0.0
2023-04-24 00:00:00-04:00,11.184367487791556,11.228820628572945,11.157695942471976,11.193258285522461,47600,0.0,0.0
2023-04-25 00:00:00-04:00,11.157694330036028,11.228819005858531,11.113241195678711,11.113241195678711,115100,0.0,0.0
2023-04-26 00:00:00-04:00,11.113241487553665,11.184366165244166,11.006554471017916,11.033226013183594,115000,0.0,0.0
2023-04-27 00:00:00-04:00,11.113241416571684,11.211037635803223,11.113241416571684,11.211037635803223,96900,0.0,0.0
2023-04-28 00:00:00-04:00,11.371068618796436,11.41552175417523,11.237710060533084,11.388850212097168,88100,0.0,0.0
2023-05-01 00:00:00-04:00,11.42441463470459,11.539991620749115,11.379961491217285,11.42441463470459,186000,0.0,0.0
2023-05-02 00:00:00-04:00,11.459974854003013,11.459974854003013,11.193256890430686,11.211037635803223,105100,0.0,0.0
2023-05-03 00:00:00-04:00,11.264382797768512,11.308835937863812,11.157695770263672,11.157695770263672,65400,0.0,0.0
2023-05-04 00:00:00-04:00,11.077679148708416,11.077679148708416,11.006554471017916,11.033226013183594,68000,0.0,0.0
2023-05-05 00:00:00-04:00,11.086571727272688,11.20214955906421,11.086571727272688,11.148805618286133,35300,0.0,0.0
2023-05-08 00:00:00-04:00,11.202148262686723,11.273272943577751,11.157695125161563,11.166585922241211,45700,0.0,0.0
2023-05-09 00:00:00-04:00,11.17547669006065,11.219929830842041,11.148805144741072,11.193258285522461,94300,0.0,0.0
2023-05-10 00:00:00-04:00,11.255492000174828,11.282163545082756,11.113242630168372,11.157695770263672,73500,0.0,0.0
2023-05-11 00:00:00-04:00,11.113241504637326,11.148803843537245,11.05100762353073,11.122132301330566,82000,0.0,0.0
2023-05-12 00:00:00-04:00,11.148805274698598,11.148805274698598,11.03322744646899,11.077680587768555,63000,0.0,0.0
2023-05-15 00:00:00-04:00,11.077680929164146,11.175477164738584,11.068790131055604,11.148805618286133,44700,0.0,0.0
2023-05-16 00:00:00-04:00,11.157694640230483,11.157694640230483,11.104350707944088,11.122132301330566,42700,0.0,0.0
2023-05-17 00:00:00-04:00,11.148804502062742,11.26438232228256,11.13991370484435,11.2021484375,56200,0.0,0.0
2023-05-18 00:00:00-04:00,11.18436718883128,11.282163417637715,11.18436718883128,11.273273468017578,65100,0.0,0.0
2023-05-19 00:00:00-04:00,11.264382240736511,11.379960060119629,11.264382240736511,11.379960060119629,179200,0.0,0.0
2023-05-22 00:00:00-04:00,11.397743514505484,11.397743514505484,11.255494117736816,11.255494117736816,43700,0.0,0.0
2023-05-23 00:00:00-04:00,11.21992852133708,11.255490860236998,11.104350707944088,11.122132301330566,65000,0.0,0.0
2023-05-24 00:00:00-04:00,11.068789580689351,11.148805063941323,10.979884147644043,10.979884147644043,72000,0.0,0.0
2023-05-25 00:00:00-04:00,11.006556169071084,11.006556169071084,10.908759934127243,10.935431480407715,41900,0.0,0.0
2023-05-26 00:00:00-04:00,10.95321071338499,11.09546007103315,10.95321071338499,11.068788528442383,30600,0.0,0.0
2023-05-30 00:00:00-04:00,11.068788528442383,11.12213246149697,11.02433539220907,11.068788528442383,26600,0.0,0.0
2023-05-31 00:00:00-04:00,10.99766588173684,11.068790573703145,10.979885132681867,11.042119026184082,34400,0.0,0.0
2023-06-01 00:00:00-04:00,11.104350867854423,11.131023258318242,10.970992307027537,11.068788528442383,73000,0.0,0.0
2023-06-02 00:00:00-04:00,11.166586946606182,11.344398665145278,11.148805350815696,11.291054725646973,52900,0.0,0.0
2023-06-05 00:00:00-04:00,11.308835057024357,11.371068939586534,11.26438192039149,11.2821626663208,50200,0.0,0.0
2023-06-06 00:00:00-04:00,11.291055204242676,11.433304585103498,11.291055204242676,11.42441463470459,37100,0.0,0.0
2023-06-07 00:00:00-04:00,11.486648085029225,11.539991176863596,11.44219494325181,11.53110122680664,67400,0.0,0.0
2023-06-08 00:00:00-04:00,11.495538747383062,11.557772636413574,11.495538747383062,11.557772636413574,25600,0.0,0.0
2023-06-09 00:00:00-04:00,11.51331901550293,11.566662952358964,11.51331901550293,11.51331901550293,40700,0.0,0.0
2023-06-12 00:00:00-04:00,11.513319158956644,11.584443843735482,11.495538411698496,11.575553894042969,78600,0.0,0.0
2023-06-13 00:00:00-04:00,11.611116005244373,11.708912232899781,11.55777206878581,11.691130638122559,89300,0.0,0.0
2023-06-14 00:00:00-04:00,11.64667797088623,11.771145738815642,11.64667797088623,11.64667797088623,67100,0.0,0.0
2023-06-15 00:00:00-04:00,11.691130953752607,11.806708779305538,11.673350206368456,11.788928031921387,64500,0.0,0.0
2023-06-16 00:00:00-04:00,11.788928031921387,11.833381172191457,11.788928031921387,11.788928031921387,40000,0.0,0.0
2023-06-20 00:00:00-04:00,11.708912058527922,11.735583602423452,11.65556812286377,11.65556812286377,61900,0.0,0.0
2023-06-21 00:00:00-04:00,11.691130260647833,11.691130260647833,11.575553289819974,11.64667797088623,56900,0.0,0.0
2023-06-22 00:00:00-04:00,11.664458569500708,11.664458569500708,11.584443092346191,11.584443092346191,30500,0.0,0.0
2023-06-23 00:00:00-04:00,11.54887957538205,11.54887957538205,11.486645698547363,11.486645698547363,60900,0.0,0.0
2023-06-26 00:00:00-04:00,11.442194630695065,11.539990861635435,11.433303833007812,11.433303833007812,41700,0.0,0.0
2023-06-27 00:00:00-04:00,11.46886713213103,11.557773420670081,11.46886713213103,11.522211074829102,112900,0.0,0.0
2023-06-28 00:00:00-04:00,11.477754902464413,11.531098831089132,11.459974158171494,11.486645698547363,58500,0.0,0.0
2023-06-29 00:00:00-04:00,11.495537811652165,11.64667797088623,11.495537811652165,11.64667797088623,50900,0.0,0.0
2023-06-30 00:00:00-04:00,11.753366197219895,11.81560008756365,11.708913055028715,11.806709289550781,50500,0.0,0.0
2023-07-03 00:00:00-04:00,11.744474757060543,11.833381036581823,11.708912414826655,11.81559944152832,61200,0.0,0.0
2023-07-05 00:00:00-04:00,11.682240698531047,11.824490065377246,11.682240698531047,11.780036926269531,73100,0.0,0.0
2023-07-06 00:00:00-04:00,11.762256898839514,11.762256898839514,11.62000751303808,11.708913803100586,57000,0.0,0.0
2023-07-07 00:00:00-04:00,11.646680046622404,11.780038635421278,11.646680046622404,11.682242393493652,86200,0.0,0.0
2023-07-10 00:00:00-04:00,11.682242117597053,11.797819954167343,11.682242117597053,11.73558521270752,56200,0.0,0.0
2023-07-11 00:00:00-04:00,11.753363527472072,11.842268943786621,11.726691139492031,11.842268943786621,50300,0.0,0.0
2023-07-12 00:00:00-04:00,11.868943079987819,11.975630104003393,11.860052282684913,11.895614624023438,118300,0.0,0.0
2023-07-13 00:00:00-04:00,11.895615104497152,11.966739790046987,11.895615104497152,11.940068244934082,74800,0.0,0.0
2023-07-14 00:00:00-04:00,11.99341053961963,11.99341053961963,11.87783272129931,11.886723518371582,58700,0.0,0.0
2023-07-17 00:00:00-04:00,11.868943730331516,11.975630760192871,11.868943730331516,11.975630760192871,61200,0.0,0.0
2023-07-18 00:00:00-04:00,11.975631238251793,12.046755927665279,11.948958843816852,12.020084381103516,108000,0.0,0.0
2023-07-19 00:00:00-04:00,12.011193004112723,12.091208487815067,12.011193004112723,12.064536094665527,58600,0.0,0.0
2023-07-20 00:00:00-04:00,12.020085087671513,12.135662078857422,12.01119428900391,12.135662078857422,52800,0.0,0.0
2023-07-21 00:00:00-04:00,12.167067068093207,12.202958086052387,12.113230113299753,12.140148162841797,62600,0.125,0.0
2023-07-24 00:00:00-04:00,12.158093532008376,12.265766580858605,12.158093532008376,12.229875564575195,63300,0.0,0.0
2023-07-25 00:00:00-04:00,12.283711661145647,12.283711661145647,12.211929628578828,12.229875564575195,51300,0.0,0.0
2023-07-26 00:00:00-04:00,12.229873869039222,12.283709958145899,12.22090090228504,12.247818946838379,63300,0.0,0.0
2023-07-27 00:00:00-04:00,12.274738505714804,12.319601630474477,12.149119531543661,12.158092498779297,78000,0.0,0.0
2023-07-28 00:00:00-04:00,12.26576789846647,12.26576789846647,12.211930940403441,12.256794929504395,70000,0.0,0.0
2023-07-31 00:00:00-04:00,12.36446482458454,12.36446482458454,12.238846714111748,12.301655769348145,93800,0.0,0.0
2023-08-01 00:00:00-04:00,12.247819343218792,12.373438314715168,12.247819343218792,12.337547302246094,82200,0.0,0.0
2023-08-02 00:00:00-04:00,12.3106305651402,12.328575645427241,12.20295751628997,12.229875564575195,70200,0.0,0.0
2023-08-03 00:00:00-04:00,12.158091846424181,12.283709958145899,12.158091846424181,12.247818946838379,52600,0.0,0.0
2023-08-04 00:00:00-04:00,12.32857503910852,12.32857503910852,12.122201919555664,12.122201919555664,67500,0.0,0.0
2023-08-07 00:00:00-04:00,12.15809275127211,12.391384769988006,12.15809275127211,12.373438835144043,48400,0.0,0.0
2023-08-08 00:00:00-04:00,12.346520269290671,12.346520269290671,12.23884723188345,12.337547302246094,56600,0.0,0.0
2023-08-09 00:00:00-04:00,12.37343859519265,12.382411562440623,12.265765555344728,12.292683601379395,62600,0.0,0.0
2023-08-10 00:00:00-04:00,12.310631237359441,12.400358355112832,12.256794282139909,12.274740219116211,73500,0.0,0.0
2023-08-11 00:00:00-04:00,12.26576789846647,12.319604000820078,12.22987687832759,12.256794929504395,54300,0.0,0.0
2023-08-14 00:00:00-04:00,12.20295671860666,12.310629760418514,12.20295671860666,12.238847732543945,41800,0.0,0.0
2023-08-15 00:00:00-04:00,12.1939841034762,12.2747391010954,12.113229105857,12.13117504119873,65500,0.0,0.0
2023-08-16 00:00:00-04:00,12.122203754686085,12.20295876350473,12.050421714782715,12.050421714782715,67400,0.0,0.0
2023-08-17 00:00:00-04:00,12.113229593014127,12.13117552907759,11.96966552734375,11.96966552734375,79400,0.0,0.0
2023-08-18 00:00:00-04:00,11.87096428526653,11.9965832673537,11.87096428526653,11.951719284057617,23400,0.0,0.0
2023-08-21 00:00:00-04:00,11.915827834903642,12.00555579823029,11.915827834903642,11.98760986328125,42700,0.0,0.0
2023-08-22 00:00:00-04:00,12.032472953719672,12.04144592052958,11.888908907598,11.924799919128418,52400,0.0,0.0
2023-08-23 00:00:00-04:00,11.942746249093062,12.059391398656121,11.888909302156138,12.014528274536133,60300,0.0,0.0
2023-08-24 00:00:00-04:00,12.041446755920889,12.10425581652928,11.9786376953125,11.9786376953125,36700,0.0,0.0
2023-08-25 00:00:00-04:00,11.996582774468067,12.068364802508874,11.924800746427257,11.9786376953125,63100,0.0,0.0
2023-08-28 00:00:00-04:00,12.032472976956024,12.077336955382988,12.014527899010767,12.059391021728516,42600,0.0,0.0
2023-08-29 00:00:00-04:00,12.050418359999792,12.158091389879155,12.041445393582551,12.149118423461914,32300,0.0,0.0
2023-08-30 00:00:00-04:00,12.18501266453636,12.229876652810027,12.158094613855921,12.176039695739746,51700,0.0,0.0
2023-08-31 00:00:00-04:00,12.229875118450368,12.229875118450368,12.122202073527864,12.13117504119873,70700,0.0,0.0
2023-09-01 00:00:00-04:00,12.176037816371744,12.256792811657952,12.167065704669376,12.238847732543945,46600,0.0,0.0
2023-09-05 00:00:00-04:00,12.265764855918759,12.265764855918759,12.113227844238281,12.113227844238281,29100,0.0,0.0
2023-09-06 00:00:00-04:00,12.149118423461914,12.167064356296395,12.08630936995958,12.149118423461914,59100,0.0,0.0
2023-09-07 00:00:00-04:00,12.122200810974594,12.185009866710365,12.095281910765658,12.113227844238281,32100,0.0,0.0
2023-09-08 00:00:00-04:00,12.113227844238281,12.167064788946947,12.032472855029887,12.113227844238281,44600,0.0,0.0
2023-09-11 00:00:00-04:00,12.122202566014666,12.211929679240766,12.07733858154695,12.104256629943848,64200,0.0,0.0
2023-09-12 00:00:00-04:00,12.113230625582254,12.256794703490465,12.113230625582254,12.176039695739746,48000,0.0,0.0
2023-09-13 00:00:00-04:00,12.23884681141903,12.256791889182448,12.086309799738553,12.113227844238281,75300,0.0,0.0
2023-09-14 00:00:00-04:00,12.176039256780236,12.24782129314652,12.15809417554335,12.211930274963379,45000,0.0,0.0
2023-09-15 00:00:00-04:00,12.202957566914687,12.211929679240766,12.09528366190844,12.104256629943848,54300,0.0,0.0
2023-09-18 00:00:00-04:00,12.077337867106706,12.211928956838728,12.077337867106706,12.18501091003418,24500,0.0,0.0
2023-09-19 00:00:00-04:00,12.220902150779501,12.220902150779501,12.104256138186134,12.13117504119873,31300,0.0,0.0
2023-09-20 00:00:00-04:00,12.167066991266758,12.202958008999312,12.068366050720215,12.068366050720215,43000,0.0,0.0
2023-09-21 00:00:00-04:00,12.050418358889216,12.050418358889216,11.888908386230469,11.888908386230469,40100,0.0,0.0
2023-09-22 00:00:00-04:00,11.897882742294062,11.951718835662135,11.844045793216715,11.853018760681152,40700,0.0,0.0
2023-09-25 00:00:00-04:00,11.80815462535682,11.861991573733352,11.80815462535682,11.844045639038086,42300,0.0,0.0
2023-09-26 00:00:00-04:00,11.844046432815839,11.844046432815839,11.691509400520244,11.700482368469238,48100,0.0,0.0
2023-09-27 00:00:00-04:00,11.736373515028259,11.745346483077004,11.583836481036922,11.646645545959473,69000,0.0,0.0
2023-09-28 00:00:00-04:00,11.628700696357097,11.76329179692207,11.628700696357097,11.727400779724121,35300,0.0,0.0
2023-09-29 00:00:00-04:00,11.745346483077004,11.745346483077004,11.610754529473825,11.646645545959473,44700,0.0,0.0
2023-10-02 00:00:00-04:00,11.59280761476128,11.619725658938954,11.512052626519061,11.583834648132324,58900,0.0,0.0
2023-10-03 00:00:00-04:00,11.52102704744163,11.5928090781159,11.449245016767357,11.485136032104492,79100,0.0,0.0
2023-10-04 00:00:00-04:00,11.458218499268197,11.538972645622506,11.359517560875139,11.521027565002441,58100,0.0,0.0
2023-10-05 00:00:00-04:00,11.46719061172356,11.556918581951914,11.458218499268197,11.521027565002441,40900,0.0,0.0
2023-10-06 00:00:00-04:00,11.449243571534756,11.637671592196869,11.4402706049058,11.583834648132324,35000,0.0,0.0
2023-10-09 00:00:00-04:00,11.52102574720229,11.62869878106194,11.51205278045335,11.59280776977539,39400,0.0,0.0
2023-10-10 00:00:00-04:00,11.63767214561406,11.74534518315423,11.63767214561406,11.682536125183105,51000,0.0,0.0
2023-10-11 00:00:00-04:00,11.745345550072594,11.745345550072594,11.664590555467415,11.709454536437988,34600,0.0,0.0
2023-10-12 00:00:00-04:00,11.74534642693298,11.74534642693298,11.58383642566493,11.637673377990723,43200,0.0,0.0
2023-10-13 00:00:00-04:00,11.66458979234849,11.754317748419469,11.59280776977539,11.59280776977539,32900,0.0,0.0
2023-10-16 00:00:00-04:00,11.700482730752995,11.808155782346843,11.646645777101398,11.727400779724121,86400,0.0,0.0
2023-10-17 00:00:00-04:00,11.610754013061523,11.745345960678447,11.59280893347151,11.610754013061523,132100,0.0,0.0
2023-10-18 00:00:00-04:00,11.583836265437,11.61972728125464,11.48513618586582,11.494109153747559,57500,0.0,0.0
2023-10-19 00:00:00-04:00,11.449244102833804,11.538971206159545,11.359516143798828,11.359516143798828,56200,0.0,0.0
2023-10-20 00:00:00-04:00,11.377462427824376,11.40438047407909,11.251843452453613,11.251843452453613,56100,0.0,0.0
2023-10-23 00:00:00-04:00,11.183870315551758,11.310753216582855,11.156681245948656,11.183870315551758,35800,0.125,0.0
2023-10-24 00:00:00-04:00,11.247311048399824,11.337942427060412,11.192932912663379,11.25637435913086,75000,0.0,0.0
2023-10-25 00:00:00-04:00,11.22012604175873,11.265441747491458,11.084178924560547,11.084178924560547,86500,0.0,0.0
2023-10-26 00:00:00-04:00,11.111366224437145,11.138555295681448,10.993545763278513,11.06605052947998,104200,0.0,0.0
2023-10-27 00:00:00-04:00,11.111366128188525,11.111366128188525,10.93916666170792,10.975419044494629,74900,0.0,0.0
2023-10-30 00:00:00-04:00,11.01167175108633,11.165744598541695,10.975419367233599,11.138555526733398,92800,0.0,0.0
2023-10-31 00:00:00-04:00,11.283564615953365,11.328880310058594,11.19293409206788,11.328880310058594,81700,0.0,0.0
2023-11-01 00:00:00-04:00,11.301690405235716,11.519204683697811,11.301690405235716,11.510141372680664,44600,0.0,0.0
2023-11-02 00:00:00-04:00,11.591710244288246,11.836414472713297,11.591710244288246,11.81828784942627,29500,0.0,0.0
2023-11-03 00:00:00-04:00,11.954234036435997,12.053928735611656,11.936108277519947,12.01767635345459,66200,0.0,0.0
2023-11-06 00:00:00-05:00,12.035801726012748,12.035801726012748,11.763908436400236,11.809224128723145,42400,0.0,0.0
2023-11-07 00:00:00-05:00,11.754845395840329,11.818286843293992,11.736718774096484,11.772971153259277,65700,0.0,0.0
2023-11-08 00:00:00-05:00,11.791098858785407,11.809224617870388,11.664215087890625,11.664215087890625,58500,0.0,0.0
2023-11-09 00:00:00-05:00,11.736720445014683,11.736720445014683,11.609837532043457,11.609837532043457,35000,0.0,0.0
2023-11-10 00:00:00-05:00,11.646088258351952,11.791097775003122,11.646088258351952,11.772971153259277,34700,0.0,0.0
2023-11-13 00:00:00-05:00,11.691404254744814,11.809224714902706,11.691404254744814,11.754846572875977,39700,0.0,0.0
2023-11-14 00:00:00-05:00,11.827352564127537,12.026741122313098,11.827352564127537,11.963298797607422,53300,0.0,0.0
2023-11-15 00:00:00-05:00,12.00861191879703,12.099243297876395,12.00861191879703,12.081116676330566,42200,0.0,0.0
2023-11-16 00:00:00-05:00,12.081117259094176,12.081117259094176,11.981423428757797,12.026739120483398,80200,0.0,0.0
2023-11-17 00:00:00-05:00,12.035802112370638,12.053928735611656,11.999549730213571,12.01767635345459,62300,0.0,0.0
2023-11-20 00:00:00-05:00,12.026741025659856,12.144560632755523,12.026741025659856,12.117371559143066,51200,0.0,0.0
2023-11-21 00:00:00-05:00,12.017677081172886,12.108307609891108,12.017677081172886,12.035802841186523,58400,0.0,0.0
2023-11-22 00:00:00-05:00,12.062992095947266,12.108306925582871,12.017676401986687,12.062992095947266,105400,0.0,0.0
2023-11-24 00:00:00-05:00,12.10830806507736,12.117371377587403,12.044866606157155,12.090182304382324,62100,0.0,0.0
2023-11-27 00:00:00-05:00,12.090180990721445,12.135496684022828,12.053928608945329,12.126433372497559,36000,0.0,0.0
2023-11-28 00:00:00-05:00,12.153622852537415,12.180811923705008,12.117370469538962,12.135497093200684,36800,0.0,0.0
2023-11-29 00:00:00-05:00,12.198939278477807,12.208002590851853,12.153623580932617,12.153623580932617,46400,0.0,0.0
2023-11-30 00:00:00-05:00,12.099244892837746,12.189875419539431,12.099244892837746,12.162686347961426,49500,0.0,0.0
2023-12-01 00:00:00-05:00,12.180811214128074,12.307694979393709,12.144558833241456,12.29863166809082,47400,0.0,0.0
2023-12-04 00:00:00-05:00,12.198938778451554,12.25331778614183,12.135497323083735,12.208002090454102,34200,0.0,0.0
2023-12-05 00:00:00-05:00,12.171750160497718,12.180812608513081,12.081118765743772,12.108307838439941,54600,0.0,0.0
2023-12-06 00:00:00-05:00,12.117369055097337,12.18081050185796,12.081116676330566,12.081116676330566,90800,0.0,0.0
2023-12-07 00:00:00-05:00,12.072056086638007,12.117371786391995,12.026741251209101,12.09924602508545,81900,0.0,0.0
2023-12-08 00:00:00-05:00,12.062993411918153,12.135498184434748,12.062993411918153,12.117371559143066,40700,0.0,0.0
2023-12-11 00:00:00-05:00,12.099245659894667,12.235191890728291,12.090182347352409,12.226128578186035,93700,0.0,0.0
2023-12-12 00:00:00-05:00,12.23519025660892,12.3076950186132,12.18081125294324,12.253316879272461,62700,0.0,0.0
2023-12-13 00:00:00-05:00,12.307695079337677,12.425515534257176,12.271442698156672,12.389263153076172,131700,0.0,0.0
2023-12-14 00:00:00-05:00,12.452705973596647,12.543337368679172,12.452705973596647,12.488958358764648,79700,0.0,0.0
2023-12-15 00:00:00-05:00,12.443641352747678,12.525209426879883,12.42551559423216,12.525209426879883,38800,0.0,0.0
2023-12-18 00:00:00-05:00,12.552400543541413,12.606778688535185,12.46176914945175,12.507084846496582,59900,0.0,0.0
2023-12-19 00:00:00-05:00,12.552398458486165,12.633965662427848,12.552398458486165,12.570524215698242,70600,0.0,0.0
2023-12-20 00:00:00-05:00,12.570525058981193,12.624904062915173,12.389263153076172,12.389263153076172,67000,0.0,0.0
2023-12-21 00:00:00-05:00,12.416453225027167,12.498021305349118,12.398327465136187,12.434579849243164,46400,0.0,0.0
2023-12-22 00:00:00-05:00,12.534272193908691,12.57958788471675,12.488956503100635,12.534272193908691,50800,0.0,0.0
2023-12-26 00:00:00-05:00,12.507083901218472,12.606777735722273,12.507083901218472,12.5977144241333,73500,0.0,0.0
2023-12-27 00:00:00-05:00,12.643030575412052,12.679282958755257,12.615841503985894,12.652093887329102,86200,0.0,0.0
2023-12-28 00:00:00-05:00,12.661157927042208,12.679283687593228,12.561463218873932,12.57958984375,93300,0.0,0.0
2023-12-29 00:00:00-05:00,12.579587526466726,12.652092283964814,12.525208526180716,12.570524215698242,49600,0.0,0.0
2024-01-02 00:00:00-05:00,12.534272971660425,12.643030117753197,12.534272971660425,12.5977144241333,62400,0.0,0.0
2024-01-03 00:00:00-05:00,12.606777600373567,12.643029982015278,12.579588530223521,12.615840911865234,97700,0.0,0.0
2024-01-04 00:00:00-05:00,12.679282911251192,12.715535294458578,12.606778144836426,12.606778144836426,96700,0.0,0.0
2024-01-05 00:00:00-05:00,12.570525808725638,12.688346270672309,12.570525808725638,12.652093887329102,65200,0.0,0.0
2024-01-08 00:00:00-05:00,12.643031346445603,12.778978440517092,12.643031346445603,12.715536117553711,103800,0.0,0.0
2024-01-09 00:00:00-05:00,12.706473669823218,12.733662742908383,12.58865320068744,12.624905586242676,181700,0.0,0.0
2024-01-10 00:00:00-05:00,12.643029757253395,12.688345449581174,12.570524995258927,12.633966445922852,130900,0.0,0.0
2024-01-11 00:00:00-05:00,12.65209310796589,12.65209310796589,12.479894513774262,12.588651657104492,81300,0.0,0.0
2024-01-12 00:00:00-05:00,12.5977142888819,12.688345675148659,12.588651841715189,12.615840911865234,83900,0.0,0.0
2024-01-16 00:00:00-05:00,12.624904163945978,12.633966611070043,12.470831326612506,12.479894638061523,137700,0.0,0.0
2024-01-17 00:00:00-05:00,12.470832964360072,12.543337736824078,12.362075805664062,12.362075805664062,121600,0.0,0.0
2024-01-18 00:00:00-05:00,12.39832646445266,12.470831226814669,12.389263153076172,12.389263153076172,191600,0.0,0.0
2024-01-19 00:00:00-05:00,12.443642887093713,12.588653294722912,12.434580438880996,12.470832824707031,145700,0.0,0.0
2024-01-22 00:00:00-05:00,12.570526441473913,12.633967899436655,12.47989591071643,12.488958358764648,143400,0.0,0.0
2024-01-23 00:00:00-05:00,12.560366784340129,12.633605003356934,12.560366784340129,12.633605003356934,96100,0.138,0.0
2024-01-24 00:00:00-05:00,12.670222445831621,12.761769771023435,12.624448346701552,12.743460655212402,100300,0.0,0.0
2024-01-25 00:00:00-05:00,12.807544311941687,12.86247340740618,12.798389317186214,12.825854301452637,84700,0.0,0.0
2024-01-26 00:00:00-05:00,12.8533183755237,12.944866576677299,12.770925169099135,12.926556587219238,108800,0.0,0.0
2024-01-29 00:00:00-05:00,12.963176330137708,12.981486320495605,12.862474002374451,12.981486320495605,90500,0.0,0.0
2024-01-30 00:00:00-05:00,12.889938310963348,13.054724734418079,12.880783315645106,12.990640640258789,89600,0.0,0.0
2024-01-31 00:00:00-05:00,13.02725931113503,13.063879291178656,12.862473766280598,12.871628761291504,135000,0.0,0.0
2024-02-01 00:00:00-05:00,12.871628168087227,12.963175494772093,12.825854068210624,12.954020500183105,124300,0.0,0.0
2024-02-02 00:00:00-05:00,12.954021136296562,13.045569340545287,12.91740202921075,13.008950233459473,80500,0.0,0.0
2024-02-05 00:00:00-05:00,12.926557143847734,12.963176251272353,12.86247392412175,12.944867134094238,45700,0.0,0.0
2024-02-06 00:00:00-05:00,12.908248105200801,13.018105428143008,12.908248105200801,12.981486320495605,50700,0.0,0.0
2024-02-07 00:00:00-05:00,13.018104044074763,13.13711634954268,13.018104044074763,13.100497245788574,55400,0.0,0.0
2024-02-08 00:00:00-05:00,13.045569577163567,13.137117783072775,13.027259586754367,13.118807792663574,46900,0.0,0.0
2024-02-09 00:00:00-05:00,13.118805605555762,13.146269713522475,13.063877389622338,13.109650611877441,27400,0.0,0.0
2024-02-12 00:00:00-05:00,13.10049788447767,13.246974306635261,13.10049788447767,13.192045211791992,45100,0.0,0.0
2024-02-13 00:00:00-05:00,13.045568466186523,13.137116664299372,12.963175262498625,13.045568466186523,85200,0.0,0.0
2024-02-14 00:00:00-05:00,13.045568513752846,13.182889938354492,13.008949408987851,13.182889938354492,58100,0.0,0.0
2024-02-15 00:00:00-05:00,13.182890145430912,13.402605650540487,13.137116918556908,13.356831550598145,83800,0.0,0.0
2024-02-16 00:00:00-05:00,13.29274872916451,13.40260604844665,13.29274872916451,13.338521957397461,31600,0.0,0.0
2024-02-20 00:00:00-05:00,13.338521516160363,13.43006971573459,13.256128311157227,13.256128311157227,65100,0.0,0.0
2024-02-21 00:00:00-05:00,13.30190201418366,13.365986101201495,13.246973794532158,13.27443790435791,84500,0.0,0.0
2024-02-22 00:00:00-05:00,13.375140156462304,13.466688352854355,13.356831041024877,13.439224243164062,39600,0.0,0.0
2024-02-23 00:00:00-05:00,13.475843627953275,13.585700942072256,13.457533639065948,13.484997749328613,61200,0.0,0.0
2024-02-26 00:00:00-05:00,13.622319762879858,13.640628878317285,13.42091425465833,13.439224243164062,102300,0.0,0.0
2024-02-27 00:00:00-05:00,13.439225394632679,13.448379516601562,13.35683218543407,13.448379516601562,71900,0.0,0.0
2024-02-28 00:00:00-05:00,13.393450701008756,13.558237112128378,13.37514071174287,13.494153022766113,50500,0.0,0.0
2024-02-29 00:00:00-05:00,13.558237472357346,13.567391594165164,13.503308376168613,13.53992748260498,79700,0.0,0.0
2024-03-01 00:00:00-05:00,13.54908227915285,13.585701385053195,13.512463173252506,13.567391395568848,71000,0.0,0.0
2024-03-04 00:00:00-05:00,13.521618484955257,13.585701703515948,13.475844383239746,13.475844383239746,82100,0.0,0.0
2024-03-05 00:00:00-05:00,13.430070160000094,13.457534271553538,13.311057845844017,13.338521957397461,136200,0.0,0.0
2024-03-06 00:00:00-05:00,13.420914370858009,13.475843463782484,13.365986151001849,13.411759376525879,126500,0.0,0.0
2024-03-07 00:00:00-05:00,13.494152579378433,13.494152579378433,13.375140272265668,13.411759376525879,60800,0.0,0.0
2024-03-08 00:00:00-05:00,13.430069725699434,13.484997947030058,13.420914731121552,13.457533836364746,76300,0.0,0.0
2024-03-11 00:00:00-04:00,13.3934511747655,13.48499850512815,13.3934511747655,13.475844383239746,34800,0.0,0.0
2024-03-12 00:00:00-04:00,13.466689349050194,13.649784882310449,13.439225237328248,13.576546669006348,101600,0.0,0.0
2024-03-13 00:00:00-04:00,13.567391753557404,13.64978496227429,13.549082636658303,13.613165855407715,53000,0.0,0.0
2024-03-14 00:00:00-04:00,13.677248267303913,13.677248267303913,13.439224523246947,13.484997749328613,76300,0.0,0.0
2024-03-15 00:00:00-04:00,13.420914568361113,13.512462766893027,13.375140469095156,13.384295463562012,69500,0.0,0.0
2024-03-18 00:00:00-04:00,13.457534034470484,13.585701341242558,13.420914928688227,13.430069923400879,59700,0.0,0.0
2024-03-19 00:00:00-04:00,13.420914731121552,13.475843825520512,13.420914731121552,13.457533836364746,75100,0.0,0.0
2024-03-20 00:00:00-04:00,13.466689546599607,13.558237751106885,13.466689546599607,13.54908275604248,83600,0.0,0.0
2024-03-21 00:00:00-04:00,13.558237552214507,13.66809487217066,13.558237552214507,13.576546669006348,68500,0.0,0.0
2024-03-22 00:00:00-04:00,13.585700397618512,13.640628615942566,13.585700397618512,13.631474494934082,35100,0.0,0.0
2024-03-25 00:00:00-04:00,13.604010700601531,13.622320690353897,13.53992748260498,13.53992748260498,75900,0.0,0.0
2024-03-26 00:00:00-04:00,13.558237075805664,13.594856181170995,13.558237075805664,13.558237075805664,56800,0.0,0.0
2024-03-27 00:00:00-04:00,13.64978512091827,13.68640422821045,13.613166013626092,13.68640422821045,160900,0.0,0.0
2024-03-28 00:00:00-04:00,13.668094204900916,13.805415629875048,13.668094204900916,13.78710651397705,62400,0.0,0.0
2024-04-01 00:00:00-04:00,13.814571140105471,13.814571140105471,13.704713821411133,13.704713821411133,61900,0.0,0.0
2024-04-02 00:00:00-04:00,13.64978496227429,13.658939957258028,13.604010860423978,13.613165855407715,66000,0.0,0.0
2024-04-03 00:00:00-04:00,13.549082835041103,13.658940157249335,13.549082835041103,13.585701942443848,82600,0.0,0.0
2024-04-04 00:00:00-04:00,13.6497843571586,13.713867573067105,13.448378841786864,13.457533836364746,70500,0.0,0.0
2024-04-05 00:00:00-04:00,13.484998386416247,13.549082477481162,13.44837927997988,13.53992748260498,115200,0.0,0.0
2024-04-08 00:00:00-04:00,13.530772091980412,13.61316529731949,13.530772091980412,13.558237075805664,68100,0.0,0.0
2024-04-09 00:00:00-04:00,13.58570158391753,13.594856578793712,13.484998386416247,13.53992748260498,78300,0.0,0.0
2024-04-10 00:00:00-04:00,13.356831156669719,13.466688469450352,13.356831156669719,13.411759376525879,52700,0.0,0.0
2024-04-11 00:00:00-04:00,13.420915404558153,13.512463608794025,13.365987180471333,13.448379516601562,50800,0.0,0.0
2024-04-12 00:00:00-04:00,13.384296379192172,13.384296379192172,13.24697494506836,13.24697494506836,124200,0.0,0.0
2024-04-15 00:00:00-04:00,13.311056107459251,13.393449304427637,13.100496491267371,13.109650611877441,53400,0.0,0.0
2024-04-16 00:00:00-04:00,13.082187010439998,13.100496998505585,13.018103798347015,13.027257919311523,48200,0.0,0.0
2024-04-17 00:00:00-04:00,13.054724335583835,13.07303345259255,12.990640243382376,13.008950233459473,58700,0.0,0.0
2024-04-18 00:00:00-04:00,13.018105982029148,13.137118305213964,13.008950986460679,13.036415100097656,36600,0.0,0.0
2024-04-19 00:00:00-04:00,12.999794609537712,13.182890136109275,12.999794609537712,13.155426025390625,37300,0.0,0.0
2024-04-22 00:00:00-04:00,13.264499766246166,13.375422303642292,13.21828182194762,13.319960594177246,78700,0.138,0.0
2024-04-23 00:00:00-04:00,13.273743373135096,13.384665916575141,13.273743373135096,13.356935501098633,86000,0.0,0.0
2024-04-24 00:00:00-04:00,13.310717455295451,13.329204986498317,13.255256624754875,13.301474571228027,72600,0.0,0.0
2024-04-25 00:00:00-04:00,13.181307792663574,13.218281972215946,13.116602317296438,13.181307792663574,57300,0.0,0.0
2024-04-26 00:00:00-04:00,13.218282300289138,13.273743130227228,13.172064354318065,13.19979476928711,84900,0.0,0.0
2024-04-29 00:00:00-04:00,13.19979476928711,13.227526065790153,13.16282058881705,13.19979476928711,74100,0.0,0.0
2024-04-30 00:00:00-04:00,13.273742599357272,13.35693472247122,13.15357629725201,13.172063827514648,124300,0.0,0.0
2024-05-01 00:00:00-04:00,13.135090400592297,13.282987125025599,13.116602869271128,13.162820816040039,49300,0.0,0.0
2024-05-02 00:00:00-04:00,13.264499917039906,13.264499917039906,13.125846082568026,13.181307792663574,60700,0.0,0.0
2024-05-03 00:00:00-04:00,13.273742347535672,13.282986112491624,13.18130734257799,13.255255699157715,77700,0.0,0.0
2024-05-06 00:00:00-04:00,13.319962733348865,13.319962733348865,13.24601436320875,13.282988548278809,87900,0.0,0.0
2024-05-07 00:00:00-04:00,13.3476919346313,13.393909882137919,13.329205284549069,13.366179466247559,65900,0.0,0.0
2024-05-08 00:00:00-04:00,13.366179762245338,13.458615659305595,13.31996181371521,13.43088436126709,118500,0.0,0.0
2024-05-09 00:00:00-04:00,13.403153219858593,13.449371165889042,13.375422804853923,13.393909454345703,84000,0.0,0.0
2024-05-10 00:00:00-04:00,13.366179635774298,13.440128000109183,13.366179635774298,13.42164134979248,53400,0.0,0.0
2024-05-13 00:00:00-04:00,13.449370965287907,13.532563090595083,13.384665489196777,13.384665489196777,69700,0.0,0.0
2024-05-14 00:00:00-04:00,13.440127400376154,13.440127400376154,13.319961093310582,13.393909454345703,112900,0.0,0.0
2024-05-15 00:00:00-04:00,13.430882230514031,13.477100171711879,13.412395582955238,13.467856407165527,105100,0.0,0.0
2024-05-16 00:00:00-04:00,13.449372260170056,13.560294810747727,13.421641842909157,13.495590209960938,95300,0.0,0.0
2024-05-17 00:00:00-04:00,13.541806093455959,13.551049858912219,13.51407567862117,13.532563209533691,61800,0.0,0.0
2024-05-20 00:00:00-04:00,13.49558770080458,13.578778937120015,13.467856407165527,13.467856407165527,73700,0.0,0.0
2024-05-21 00:00:00-04:00,13.421641842909157,13.532564393486828,13.421641842909157,13.495590209960938,63900,0.0,0.0
2024-05-22 00:00:00-04:00,13.523318942089224,13.569536886120915,13.449370584252105,13.458614349365234,90900,0.0,0.0
2024-05-23 00:00:00-04:00,13.514075660235138,13.514075660235138,13.329204759031414,13.338448524475098,87500,0.0,0.0
2024-05-24 00:00:00-04:00,13.32920466001465,13.430883434537874,13.32920466001465,13.384665489196777,45200,0.0,0.0
2024-05-28 00:00:00-04:00,13.412396177273115,13.440126590607024,13.227525285823804,13.255255699157715,81000,0.0,0.0
2024-05-29 00:00:00-04:00,13.246011782650843,13.246011782650843,13.135089249050349,13.153575897216797,100500,0.0,0.0
2024-05-30 00:00:00-04:00,13.125846634931714,13.209038762808948,13.125846634931714,13.162820816040039,85300,0.0,0.0
2024-05-31 00:00:00-04:00,13.227526251948126,13.449371337890625,13.218282486317019,13.449371337890625,43600,0.0,0.0
2024-06-03 00:00:00-04:00,13.40315381794174,13.449371766034554,13.366179635774298,13.42164134979248,58600,0.0,0.0
2024-06-04 00:00:00-04:00,13.430884063836409,13.449371595452668,13.27374357123432,13.366179466247559,70800,0.0,0.0
2024-06-05 00:00:00-04:00,13.347692489624023,13.366180022008987,13.264501238493876,13.347692489624023,69500,0.0,0.0
2024-06-06 00:00:00-04:00,13.319962956218498,13.440129280090332,13.319962956218498,13.440129280090332,28600,0.0,0.0
2024-06-07 00:00:00-04:00,13.430883905237472,13.532563564858153,13.430883905237472,13.50483226776123,71400,0.0,0.0
2024-06-10 00:00:00-04:00,13.458616813701747,13.486347232584748,13.41239886120733,13.440129280090332,59300,0.0,0.0
2024-06-11 00:00:00-04:00,13.36617883998073,13.40315301994681,13.29223048004857,13.384665489196777,54200,0.0,0.0
2024-06-12 00:00:00-04:00,13.5048325985187,13.541806780686143,13.384666286090999,13.42164134979248,42300,0.0,0.0
2024-06-13 00:00:00-04:00,13.393909882137919,13.393909882137919,13.301474868658708,13.366179466247559,36500,0.0,0.0
2024-06-14 00:00:00-04:00,13.310717455295451,13.375422932971468,13.282987040025164,13.301474571228027,26900,0.0,0.0
2024-06-17 00:00:00-04:00,13.32920466001465,13.421640550696843,13.264500065457506,13.384665489196777,34600,0.0,0.0
2024-06-18 00:00:00-04:00,13.384665588625534,13.421640650400272,13.31996099358773,13.338448524475098,73400,0.0,0.0
2024-06-20 00:00:00-04:00,13.329204559326172,13.36617873901295,13.301474144944583,13.329204559326172,85000,0.0,0.0
2024-06-21 00:00:00-04:00,13.319961319951952,13.366179266768807,13.28298713880527,13.356935501098633,67300,0.0,0.0
2024-06-24 00:00:00-04:00,13.32920502928827,13.449371337890625,13.310717498026056,13.449371337890625,67900,0.0,0.0
2024-06-25 00:00:00-04:00,13.384665633980601,13.486345291137695,13.366178984564582,13.486345291137695,56700,0.0,0.0
2024-06-26 00:00:00-04:00,13.393909126761807,13.412396657335425,13.319960767535292,13.375422477722168,49100,0.0,0.0
2024-06-27 00:00:00-04:00,13.393909254571794,13.421640550696843,13.347691309230697,13.384665489196777,63100,0.0,0.0
2024-06-28 00:00:00-04:00,13.412397156900209,13.54180634959966,13.403153391269102,13.449371337890625,28300,0.0,0.0
2024-07-01 00:00:00-04:00,13.495589714127368,13.5048325985187,13.40315381794174,13.42164134979248,40500,0.0,0.0
2024-07-02 00:00:00-04:00,13.412396985371483,13.440127400376154,13.366179039341032,13.393909454345703,57800,0.0,0.0
2024-07-03 00:00:00-04:00,13.356935996232503,13.458615659305595,13.347692230219668,13.43088436126709,41500,0.0,0.0
2024-07-05 00:00:00-04:00,13.430882230514031,13.504830583817023,13.403151818408887,13.467856407165527,28800,0.0,0.0
2024-07-08 00:00:00-04:00,13.523319770652776,13.578780601661679,13.514076004973287,13.551050186157227,41800,0.0,0.0
2024-07-09 00:00:00-04:00,13.569537689106829,13.634242285659754,13.495589326893768,13.597268104553223,38600,0.0,0.0
2024-07-10 00:00:00-04:00,13.560293696823079,13.66197247278325,13.523319516334473,13.634242057800293,46300,0.0,0.0
2024-07-11 00:00:00-04:00,13.652730806193405,13.754409591220032,13.634243273533613,13.745165824890137,59700,0.0,0.0
2024-07-12 00:00:00-04:00,13.782138517765143,13.976253182023834,13.782138517765143,13.95776653289795,43700,0.0,0.0
2024-07-15 00:00:00-04:00,13.93003573387757,14.133394170721232,13.93003573387757,14.031715393066406,65400,0.0,0.0
2024-07-16 00:00:00-04:00,14.105664578993432,14.225830894984943,14.059446629529917,14.124151229858398,164500,0.0,0.0
2024-07-17 00:00:00-04:00,14.059446401164541,14.235073548432334,14.059446401164541,14.161125183105469,67100,0.0,0.0
2024-07-18 00:00:00-04:00,14.225830135323948,14.299778497903095,14.06868964445976,14.133394241333008,90600,0.0,0.0
2024-07-19 00:00:00-04:00,14.11490701737089,14.133393666496774,13.939279002238083,13.95776653289795,67300,0.0,0.0
2024-07-22 00:00:00-04:00,13.948523334885143,14.151881772744803,13.883818738011895,14.133394241333008,131100,0.0,0.0
2024-07-23 00:00:00-04:00,14.059446135564686,14.170368681459523,14.031715719474485,14.050202369689941,79100,0.0,0.0
2024-07-24 00:00:00-04:00,14.011023321940872,14.03900780566265,13.94572500710913,13.983037948608398,85100,0.138,0.0
2024-07-25 00:00:00-04:00,13.964381922664113,14.085649204939408,13.927068981164846,13.983037948608398,82900,0.0,0.0
2024-07-26 00:00:00-04:00,14.020350224948297,14.150945958805305,14.020350224948297,14.085648536682129,36200,0.0,0.0
2024-07-29 00:00:00-04:00,14.094978332519531,14.160276654575624,14.020352441264679,14.094978332519531,36900,0.0,0.0
2024-07-30 00:00:00-04:00,14.15094811046671,14.328184378725938,14.15094811046671,14.309528350830078,77000,0.0,0.0
2024-07-31 00:00:00-04:00,14.4587792523515,14.4587792523515,14.309527479826235,14.384153366088867,122500,0.0,0.0
2024-08-01 00:00:00-04:00,14.38415184634135,14.412136328330472,14.160274211207089,14.225571632385254,70900,0.0,0.0
2024-08-02 00:00:00-04:00,14.085648980313287,14.085648980313287,13.759160080193244,13.880427360534668,108600,0.0,0.0
2024-08-05 00:00:00-04:00,13.507297733107505,13.553939133958243,13.358045962073723,13.367374420166016,133400,0.0,0.0
2024-08-06 00:00:00-04:00,13.432670970208807,13.7218469249067,13.432670970208807,13.609908103942871,116600,0.0,0.0
2024-08-07 00:00:00-04:00,13.712519076282502,13.927069159864226,13.712519076282502,13.721847534179688,122600,0.0,0.0
2024-08-08 00:00:00-04:00,13.843114937239571,13.917740821838379,13.805801994940168,13.917740821838379,85500,0.0,0.0
2024-08-09 00:00:00-04:00,13.927069229466351,13.992366655851564,13.917740771522546,13.96438217163086,37500,0.0,0.0
2024-08-12 00:00:00-04:00,13.955054774374188,14.01102463668043,13.852444398025321,13.871100425720215,123300,0.0,0.0
2024-08-13 00:00:00-04:00,13.927068981164846,14.029679347885157,13.899083607832372,13.983037948608398,38900,0.0,0.0
2024-08-14 00:00:00-04:00,14.020351308162073,14.122962567552714,13.992366823605865,14.11363410949707,40600,0.0,0.0
2024-08-15 00:00:00-04:00,14.197587718360962,14.272213599724408,14.197587718360962,14.216243743896484,55900,0.0,0.0
2024-08-16 00:00:00-04:00,14.262886868392565,14.290871354888159,14.206917005790594,14.234902381896973,45100,0.0,0.0
2024-08-19 00:00:00-04:00,14.28154274720076,14.412137601090139,14.272214289177027,14.402809143066406,92900,0.0,0.0
2024-08-20 00:00:00-04:00,14.365495681762695,14.402808622899325,14.337511198312896,14.365495681762695,32100,0.0,0.0
2024-08-21 00:00:00-04:00,14.384152027568918,14.42146496722807,14.346839087909764,14.374823570251465,47100,0.0,0.0
2024-08-22 00:00:00-04:00,14.421464258390996,14.449448739357218,14.35616683959961,14.35616683959961,52500,0.0,0.0
2024-08-23 00:00:00-04:00,14.412138118904185,14.505420923271632,14.412138118904185,14.440122604370117,47500,0.0,0.0
2024-08-26 00:00:00-04:00,14.533403644471216,14.58004504099296,14.49609070517595,14.514747619628906,61800,0.0,0.0
2024-08-27 00:00:00-04:00,14.468108389236894,14.598703251517348,14.468108389236894,14.570718765258789,94100,0.0,0.0
2024-08-28 00:00:00-04:00,14.542734279000232,14.673329141280686,14.514749792741675,14.570718765258789,91300,0.0,0.0
2024-08-29 00:00:00-04:00,14.598703580713957,14.729299335550085,14.580047552657824,14.626688957214355,119500,0.0,0.0
2024-08-30 00:00:00-04:00,14.738627130873796,14.803924560546875,14.682657270003475,14.803924560546875,133500,0.0,0.0
2024-09-03 00:00:00-04:00,14.803924426783173,14.850565828818544,14.729298539370879,14.77593994140625,78600,0.0,0.0
2024-09-04 00:00:00-04:00,14.785266535776739,14.93451829178536,14.747953596774584,14.897205352783203,107100,0.0,0.0
2024-09-05 00:00:00-04:00,14.925191380016921,14.925191380016921,14.691985264704156,14.719969749450684,81100,0.0,0.0
2024-09-06 00:00:00-04:00,14.67332646115876,14.710640288835739,14.430792808532715,14.430792808532715,67300,0.0,0.0
2024-09-09 00:00:00-04:00,14.505419866852916,14.636014715923318,14.505419866852916,14.533404350280762,49400,0.0,0.0
2024-09-10 00:00:00-04:00,14.552061615539484,14.61735904164474,14.281542563603937,14.421465873718262,112400,0.0,0.0
2024-09-11 00:00:00-04:00,14.337512399990793,14.384153802723432,14.13229076173363,14.346840858459473,110200,0.0,0.0
2024-09-12 00:00:00-04:00,14.421465974602544,14.421465974602544,14.281542663509397,14.3281831741333,100300,0.0,0.0
2024-09-13 00:00:00-04:00,14.328181469022777,14.421464258390996,14.318853901774443,14.35616683959961,109000,0.0,0.0
2024-09-16 00:00:00-04:00,14.32818302427039,14.486763249643031,14.32818302427039,14.468107223510742,72600,0.0,0.0
2024-09-17 00:00:00-04:00,14.48676441687234,14.682657599903797,14.48676441687234,14.570718765258789,102900,0.0,0.0
2024-09-18 00:00:00-04:00,14.626687234683644,14.691984659606472,14.486763037492404,14.608030319213867,68100,0.0,0.0
2024-09-19 00:00:00-04:00,14.785267060537418,14.813251543379604,14.691984264915908,14.766610145568848,42200,0.0,0.0
2024-09-20 00:00:00-04:00,14.738626717108886,14.757282743801415,14.626687888121515,14.673328399658203,21100,0.0,0.0
2024-09-23 00:00:00-04:00,14.682657294563636,14.757283182775057,14.626688323210452,14.636015892028809,48000,0.0,0.0
2024-09-24 00:00:00-04:00,14.710642482933439,14.710642482933439,14.636015706059489,14.654672622680664,84500,0.0,0.0
2024-09-25 00:00:00-04:00,14.626687234683644,14.70131311734136,14.608030319213867,14.608030319213867,41700,0.0,0.0
2024-09-26 00:00:00-04:00,14.673326170944947,14.673326170944947,14.60802875302294,14.6639986038208,52400,0.0,0.0
2024-09-27 00:00:00-04:00,14.701313722823242,14.803924093300996,14.68265680658507,14.719969749450684,62300,0.0,0.0
2024-09-30 00:00:00-04:00,14.719968611632186,14.74795398382624,14.673327214252756,14.738625526428223,70000,0.0,0.0
2024-10-01 00:00:00-04:00,14.691985566312265,14.75728299526488,14.645344164370076,14.654672622680664,114600,0.0,0.0
2024-10-02 00:00:00-04:00,14.664000696649758,14.701313639303391,14.626687753996123,14.645343780517578,65500,0.0,0.0
2024-10-03 00:00:00-04:00,14.59870138835688,14.617358303222012,14.49609102543064,14.524075508117676,84600,0.0,0.0
2024-10-04 00:00:00-04:00,14.58937519372805,14.66400108099125,14.58937519372805,14.654672622680664,70400,0.0,0.0
2024-10-07 00:00:00-04:00,14.691985348750741,14.719969833657355,14.533405118262033,14.552062034606934,58800,0.0,0.0
2024-10-08 00:00:00-04:00,14.608030232495473,14.626687147854495,14.533404350280762,14.533404350280762,114100,0.0,0.0
2024-10-09 00:00:00-04:00,14.505419818109301,14.673327607722825,14.505419818109301,14.580045700073242,139300,0.0,0.0
2024-10-10 00:00:00-04:00,14.598702866994568,14.617359783749377,14.542733895951649,14.561389923095703,55200,0.0,0.0
2024-10-11 00:00:00-04:00,14.626686976498801,14.822580137420148,14.626686976498801,14.794594764709473,57100,0.0,0.0
2024-10-14 00:00:00-04:00,14.831907568737504,14.831907568737504,14.738625662726662,14.766610145568848,145400,0.0,0.0
2024-10-15 00:00:00-04:00,14.803923222279698,14.859893078090373,14.785267196749924,14.794594764709473,119900,0.0,0.0
2024-10-16 00:00:00-04:00,14.775938826222845,14.897206106518112,14.775938826222845,14.869220733642578,112400,0.0,0.0
2024-10-17 00:00:00-04:00,14.915863049581473,14.981160477752576,14.906534591382533,14.962505340576172,46900,0.0,0.0
2024-10-18 00:00:00-04:00,14.971831321716309,14.99048823724459,14.91586235435286,14.971831321716309,26900,0.0,0.0
2024-10-21 00:00:00-04:00,14.99981707988639,14.99981707988639,14.925191195079847,14.981160163879395,67300,0.0,0.0
2024-10-22 00:00:00-04:00,14.97183162138082,14.97183162138082,14.8878781686553,14.906534194946289,85100,0.0,0.0
2024-10-23 00:00:00-04:00,14.953176399461547,14.999816909728507,14.822580657726219,14.831908226013184,83300,0.0,0.0
2024-10-24 00:00:00-04:00,14.81120800978267,14.942947160770407,14.754749014644744,14.764158248901367,54700,0.138,0.0
2024-10-25 00:00:00-04:00,14.792388666639631,14.839438427593356,14.688879013061523,14.688879013061523,60000,0.0,0.0
2024-10-28 00:00:00-04:00,14.792387679503769,14.84884667096094,14.764157286375694,14.801796913146973,84400,0.0,0.0
2024-10-29 00:00:00-04:00,14.754749037356559,14.77356840329832,14.670059647119762,14.688879013061523,138000,0.0,0.0
2024-10-30 00:00:00-04:00,14.745338882988575,14.81120800978267,14.679469756194479,14.764158248901367,73400,0.0,0.0
2024-10-31 00:00:00-04:00,14.81120686804934,14.81120686804934,14.585369110107422,14.585369110107422,114200,0.0,0.0
2024-11-01 00:00:00-04:00,14.613598597101968,14.726517476008034,14.585369101725322,14.623008728027344,135300,0.0,0.0
2024-11-04 00:00:00-05:00,14.585368408807147,14.632418163799317,14.425399780273438,14.425399780273438,120000,0.0,0.0
2024-11-05 00:00:00-05:00,14.406581117742133,14.65123824028747,14.406581117742133,14.5477294921875,47300,0.0,0.0
2024-11-06 00:00:00-05:00,14.848846601341307,15.131144249502062,14.83002723674365,15.102913856506348,164000,0.0,0.0
2024-11-07 00:00:00-05:00,15.140555154775086,15.187604017375012,15.112324760335694,15.149965286254883,105500,0.0,0.0
2024-11-08 00:00:00-05:00,15.121734804555986,15.309933843467814,15.121734804555986,15.262883186340332,98500,0.0,0.0
2024-11-11 00:00:00-05:00,15.14055464571931,15.488720524770471,15.14055464571931,15.394622802734375,70900,0.0,0.0
2024-11-12 00:00:00-05:00,15.385213352454157,15.432262215554385,15.328754357774068,15.366393089294434,102700,0.0,0.0
2024-11-13 00:00:00-05:00,15.366392837221742,15.404033362923728,15.262883186340332,15.262883186340332,117400,0.0,0.0
2024-11-14 00:00:00-05:00,15.234653618999394,15.385212122644194,15.234653618999394,15.33816146850586,81900,0.0,0.0
2024-11-15 00:00:00-05:00,15.338162442945253,15.42285183097567,15.24406471828839,15.262883186340332,121300,0.0,0.0
2024-11-18 00:00:00-05:00,15.225244705194669,15.432262215554385,15.225244705194669,15.366393089294434,48200,0.0,0.0
2024-11-19 00:00:00-05:00,15.338162006066984,15.338162006066984,15.159374898472114,15.20642375946045,153200,0.0,0.0
2024-11-20 00:00:00-05:00,15.19701392129138,15.26288304586456,15.12173466537931,15.159375190734863,85000,0.0,0.0
2024-11-21 00:00:00-05:00,15.225244068681771,15.328753716933802,15.16878507636203,15.244064331054688,129400,0.0,0.0
2024-11-22 00:00:00-05:00,15.234654836774531,15.432262215554385,15.234654836774531,15.366393089294434,150000,0.0,0.0
2024-11-25 00:00:00-05:00,15.451081936889482,15.582820184789707,15.451081936889482,15.498130798339844,94100,0.0,0.0
2024-11-26 00:00:00-05:00,15.498130600367178,15.658099239973597,15.498130600367178,15.620460510253906,194400,0.0,0.0
2024-11-27 00:00:00-05:00,15.667509352737829,15.76160886912524,15.658099221619189,15.69573974609375,98400,0.0,0.0
2024-11-29 00:00:00-05:00,15.742790222167969,15.780430750504616,15.71456162071466,15.742790222167969,82400,0.0,0.0
2024-12-02 00:00:00-05:00,15.789840882588777,15.789840882588777,15.648690696125529,15.742790222167969,139200,0.0,0.0
2024-12-03 00:00:00-05:00,15.836888123275372,15.836888123275372,15.6392807541809,15.69573974609375,128900,0.0,0.0
2024-12-04 00:00:00-05:00,15.723968571833149,15.73337870308775,15.592230323866794,15.68632984161377,148300,0.0,0.0
2024-12-05 00:00:00-05:00,15.68632961497511,15.70514987721239,15.61105036082498,15.69573974609375,111600,0.0,0.0
2024-12-06 00:00:00-05:00,15.65809944784997,15.73337870308775,15.648689316595371,15.68632984161377,49600,0.0,0.0
2024-12-09 00:00:00-05:00,15.714559230917002,15.714559230917002,15.582819196572332,15.648688316345215,44800,0.0,0.0
2024-12-10 00:00:00-05:00,15.676919064176849,15.676919064176849,15.535770690773845,15.564001083374023,92200,0.0,0.0
2024-12-11 00:00:00-05:00,15.658097780662452,15.658097780662452,15.545179807228173,15.601638793945312,78800,0.0,0.0
2024-12-12 00:00:00-05:00,15.611050187655843,15.611050187655843,15.469901812039943,15.4793119430542,156900,0.0,0.0
2024-12-13 00:00:00-05:00,15.479312577821013,15.516951308622533,15.41344165802002,15.41344165802002,51500,0.0,0.0
2024-12-16 00:00:00-05:00,15.40403193021719,15.451080788169676,15.338161016365273,15.35698127746582,67900,0.0,0.0
2024-12-17 00:00:00-05:00,15.281703288408124,15.291113419734614,15.225244295248217,15.234654426574707,54000,0.0,0.0
2024-12-18 00:00:00-05:00,15.197013202011215,15.291112716147296,14.848846435546875,14.848846435546875,73900,0.0,0.0
2024-12-19 00:00:00-05:00,14.980585584206509,15.04645470569879,14.801796686728206,14.811206817626953,87500,0.0,0.0
2024-12-20 00:00:00-05:00,14.726517875650757,15.140554673608449,14.726517875650757,15.055865287780762,45000,0.0,0.0
2024-12-23 00:00:00-05:00,14.952356047661567,15.05586479506382,14.877076795478207,14.999404907226562,120600,0.0,0.0
2024-12-24 00:00:00-05:00,15.027635291678283,15.04645465601416,14.914716413464605,15.037044525146484,229700,0.0,0.0
2024-12-26 00:00:00-05:00,15.008815781511206,15.187603789952492,14.933536525599138,15.159375190734863,59600,0.0,0.0
2024-12-27 00:00:00-05:00,15.084095681322992,15.121734411246962,14.999405398095803,15.055865287780762,61700,0.0,0.0
2024-12-30 00:00:00-05:00,14.952356047661567,15.037044533318245,14.867666664605418,14.999404907226562,62300,0.0,0.0
2024-12-31 00:00:00-05:00,15.055865787428978,15.121734913081129,15.008816027363356,15.074686050415039,45200,0.0,0.0
2025-01-02 00:00:00-05:00,15.084095187682186,15.168784570738335,14.999404907226562,14.999404907226562,64500,0.0,0.0
2025-01-03 00:00:00-05:00,15.046455156600018,15.121734411246962,14.989996164314562,15.055865287780762,88400,0.0,0.0
2025-01-06 00:00:00-05:00,15.046455203325172,15.272292967967319,15.046455203325172,15.093505859375,63200,0.0,0.0
2025-01-07 00:00:00-05:00,15.093505821954421,15.140554683088594,15.008815538674204,15.01822566986084,54900,0.0,0.0
2025-01-08 00:00:00-05:00,15.008815029942934,15.065274917749509,14.989995665607058,15.037044525146484,65000,0.0,0.0
2025-01-10 00:00:00-05:00,14.98999644045997,15.037045302431418,14.670059153616831,14.858257293701172,136200,0.0,0.0
2025-01-13 00:00:00-05:00,14.745338194111339,14.91471696641112,14.745338194111339,14.83002758026123,91700,0.0,0.0
2025-01-14 00:00:00-05:00,14.877077084853353,14.971175703213138,14.839437458029542,14.952356338500977,89200,0.0,0.0
2025-01-15 00:00:00-05:00,15.065274933104785,15.253472166253262,15.065274933104785,15.22524356842041,63500,0.0,0.0
2025-01-16 00:00:00-05:00,15.215831748568544,15.338159846796547,15.215831748568544,15.29111099243164,56400,0.0,0.0
2025-01-17 00:00:00-05:00,15.39462226965186,15.5451807734549,15.39462226965186,15.526360511779785,27500,0.0,0.0
2025-01-21 00:00:00-05:00,15.564000280707186,15.695738516449456,15.564000280707186,15.667508125305176,45000,0.0,0.0
2025-01-22 00:00:00-05:00,15.714559230917002,15.714559230917002,15.601639457878557,15.648688316345215,78100,0.0,0.0
2025-01-23 00:00:00-05:00,15.563999168989776,15.667507006194327,15.526358650152684,15.639278411865234,73900,0.0,0.0
2025-01-24 00:00:00-05:00,15.615519791416578,15.7961014740001,15.558494664788762,15.701058387756348,42700,0.165,0.0
2025-01-27 00:00:00-05:00,15.66304059976235,15.777092667063757,15.567997512477197,15.73907470703125,74000,0.0,0.0
2025-01-28 00:00:00-05:00,15.720069272246782,15.796103387895048,15.71056478119121,15.748580932617188,91000,0.0,0.0
2025-01-29 00:00:00-05:00,15.729571950506044,15.80560606615431,15.691555799080065,15.748580932617188,62100,0.0,0.0
2025-01-30 00:00:00-05:00,15.777091368282964,15.777091368282964,15.682048288821822,15.758082389831543,115100,0.0,0.0
2025-01-31 00:00:00-05:00,15.862629958518395,15.891141613399565,15.729568922154412,15.758082389831543,120400,0.0,0.0
2025-02-03 00:00:00-05:00,15.510972120796234,15.69155380227989,15.396921868235248,15.653535842895508,71700,0.0,0.0
2025-02-04 00:00:00-05:00,15.577500008564588,15.739072692429204,15.577500008564588,15.64402961730957,50600,0.0,0.0
2025-02-05 00:00:00-05:00,15.682048726612301,15.83411693287698,15.682048726612301,15.786596298217773,32100,0.0,0.0
2025-02-06 00:00:00-05:00,15.881637843269445,16.005194396002164,15.881637843269445,15.96717643737793,36900,0.0,0.0
2025-02-07 00:00:00-05:00,16.052715471743756,16.06221996166048,15.900647258668322,15.948169708251953,37300,0.0,0.0
2025-02-10 00:00:00-05:00,15.948169957390613,15.948169957390613,15.777092761809199,15.834117889404297,58300,0.0,0.0
2025-02-11 00:00:00-05:00,15.834117207785194,15.986185416690047,15.767587592988827,15.96717643737793,43400,0.0,0.0
2025-02-12 00:00:00-05:00,15.891143016981697,15.910151997112083,15.78659725185682,15.881638526916504,32700,0.0,0.0
2025-02-13 00:00:00-05:00,15.891143204463972,16.033708744327715,15.891143204463972,16.02420425415039,75700,0.0,0.0
2025-02-14 00:00:00-05:00,16.09073343286429,16.147758559573706,16.014699326319704,16.043210983276367,36900,0.0,0.0
2025-02-18 00:00:00-05:00,16.033709179796773,16.15726392986542,16.033709179796773,16.100238800048828,56600,0.0,0.0
2025-02-19 00:00:00-05:00,16.138253994013684,16.14775848388672,16.081228867571554,16.14775848388672,48700,0.0,0.0
2025-02-20 00:00:00-05:00,16.119245435518597,16.119245435518597,15.891143110992896,15.97668170928955,41700,0.0,0.0
2025-02-21 00:00:00-05:00,16.00519508498571,16.00519508498571,15.796101741939605,15.834117889404297,58800,0.0,0.0
2025-02-24 00:00:00-05:00,15.891142332925503,16.081228500454593,15.862630676753371,15.96717643737793,131700,0.0,0.0
2025-02-25 00:00:00-05:00,15.967177656149643,16.081229727931877,15.87213637792666,16.00519561767578,55500,0.0,0.0
2025-02-26 00:00:00-05:00,15.986186718137679,16.043211847920446,15.872136458572141,15.90064811706543,69500,0.0,0.0
2025-02-27 00:00:00-05:00,15.881638526916504,16.043211232432537,15.853126869517048,15.881638526916504,107500,0.0,0.0
2025-02-28 00:00:00-05:00,15.881637433022927,16.12874871930907,15.881637433022927,16.09073257446289,62200,0.0,0.0
2025-03-03 00:00:00-05:00,16.157263222280736,16.252306309676904,15.9291609002076,15.986186027526855,103600,0.0,0.0
2025-03-04 00:00:00-05:00,15.910153484987996,15.910153484987996,15.587008043736216,15.710564613342285,125200,0.0,0.0
2025-03-05 00:00:00-05:00,15.71056260984262,15.739074266272446,15.539485420079432,15.663040161132812,153700,0.0,0.0
2025-03-06 00:00:00-05:00,15.529980390507651,15.615518982415882,15.482459756245744,15.491962432861328,90200,0.0,0.0
2025-03-07 00:00:00-05:00,15.501467190756273,15.606014763298415,15.415928597366525,15.529980659484863,132000,0.0,0.0
2025-03-10 00:00:00-04:00,15.396921403415607,15.529980631651844,15.244853196061046,15.330389976501465,127600,0.0,0.0
2025-03-11 00:00:00-04:00,15.387417429770919,15.387417429770919,15.168818694570975,15.254356384277344,111000,0.0,0.0
2025-03-12 00:00:00-04:00,15.32088790901245,15.33989507609062,15.206835842562946,15.301878929138184,56700,0.0,0.0
2025-03-13 00:00:00-04:00,15.27336597442627,15.368409064206869,15.216340845676374,15.27336597442627,69500,0.0,0.0
2025-03-14 00:00:00-04:00,15.38741745166882,15.548990154229744,15.282869875659962,15.50146770477295,36800,0.0,0.0
2025-03-17 00:00:00-04:00,15.491963405208297,15.748579197039376,15.491963405208297,15.73907470703125,41600,0.0,0.0
2025-03-18 00:00:00-04:00,15.786595857508674,15.805603023164133,15.682048288821822,15.758082389831543,63800,0.0,0.0
2025-03-19 00:00:00-04:00,15.729571085362693,15.929161760959385,15.720068407626089,15.891143798828125,82100,0.0,0.0
2025-03-20 00:00:00-04:00,15.786597857499894,15.986186718137679,15.786597857499894,15.90064811706543,50800,0.0,0.0
2025-03-21 00:00:00-04:00,15.69155278219699,15.834116495028422,15.69155278219699,15.80560302734375,61200,0.0,0.0
2025-03-24 00:00:00-04:00,15.862631282657949,15.976681537294942,15.853126792638847,15.938665390014648,58500,0.0,0.0
2025-03-25 00:00:00-04:00,15.95767497856429,16.052716256787274,15.93866599780122,16.00519561767578,70200,0.0,0.0
2025-03-26 00:00:00-04:00,16.432889854133485,16.594460764356743,16.25230814892424,16.337846755981445,829700,0.0,0.0
2025-03-27 00:00:00-04:00,16.52792712080482,16.52792712080482,16.347347272298993,16.4423885345459,479400,0.0,0.0
2025-03-28 00:00:00-04:00,16.50892221642232,16.52792938379662,16.204783972083852,16.328340530395508,338500,0.0,0.0
2025-03-31 00:00:00-04:00,16.252305136304525,16.432886808040127,16.17627103443627,16.394868850708008,309700,0.0,0.0
2025-04-01 00:00:00-04:00,16.375859530643087,16.442389141791324,16.252304797481493,16.413877487182617,151100,0.0,0.0
2025-04-02 00:00:00-04:00,16.423382590697152,16.546937328480784,16.375860143244978,16.48040771484375,175600,0.0,0.0
2025-04-03 00:00:00-04:00,16.157263300418727,16.21428842801376,15.881638526916504,15.881638526916504,599200,0.0,0.0
2025-04-04 00:00:00-04:00,15.529980014649157,15.587005136942516,14.893193741852796,15.016749382019043,556200,0.0,0.0
2025-04-07 00:00:00-04:00,14.750631332397461,14.93121211080474,14.256408728086077,14.750631332397461,402600,0.0,0.0
2025-04-08 00:00:00-04:00,15.206835274988277,15.510971690440678,14.760134234994053,14.883689880371094,520100,0.0,0.0
2025-04-09 00:00:00-04:00,15.007246215297993,15.948169880033749,14.68410080583299,15.938665390014648,344900,0.0,0.0
2025-04-10 00:00:00-04:00,15.900648286633375,15.900648286633375,15.159315246764983,15.596511840820312,146100,0.0,0.0
2025-04-11 00:00:00-04:00,15.539485684980793,15.881638257543779,15.216340279429684,15.701058387756348,152600,0.0,0.0
2025-04-14 00:00:00-04:00,15.89114293991914,16.05271564465164,15.777092685282147,15.938665390014648,110700,0.0,0.0
2025-04-15 00:00:00-04:00,15.919656409976445,16.062220134670742,15.910151919957343,15.938665390014648,100400,0.0,0.0
2025-04-16 00:00:00-04:00,15.89114379610219,15.91015277716456,15.501468748304678,15.596511840820312,112900,0.0,0.0
2025-04-17 00:00:00-04:00,15.548990174884777,15.815108641011978,15.548990174884777,15.701058387756348,77400,0.0,0.0
2025-04-21 00:00:00-04:00,15.472955604757821,15.587005854595613,15.225844313047892,15.377912521362305,213100,0.0,0.0
2025-04-22 00:00:00-04:00,15.53948440751329,15.79610017543677,15.53948440751329,15.767586708068848,100800,0.0,0.0
2025-04-23 00:00:00-04:00,16.031582575036023,16.31957433082427,16.012382636381627,16.06998062133789,200600,0.165,0.0
2025-04-24 00:00:00-04:00,16.089179410107146,16.290773258549727,15.954783511145427,16.23317527770996,111000,0.0,0.0
2025-04-25 00:00:00-04:00,16.28117215735237,16.300372093298964,16.098778258879722,16.271574020385742,89500,0.0,0.0
2025-04-28 00:00:00-04:00,16.396372125013144,16.434772002018835,16.175578325251156,16.38677215576172,124300,0.0,0.0
2025-04-29 00:00:00-04:00,16.367572346166078,16.463570208429452,16.281174453229735,16.44437026977539,145400,0.0,0.0
2025-04-30 00:00:00-04:00,16.540365929527322,16.540365929527322,16.089178417278504,16.453968048095703,182800,0.0,0.0
2025-05-01 00:00:00-04:00,16.501967037719602,16.66516282412196,16.434769095849205,16.607563018798828,152100,0.0,0.0
2025-05-02 00:00:00-04:00,16.751563870975353,16.885959780147697,16.703564024123132,16.818761825561523,227000,0.0,0.0
2025-05-05 00:00:00-04:00,16.5307667411192,16.626764595127067,16.252374978603832,16.492368698120117,248700,0.0,0.0
2025-05-06 00:00:00-04:00,16.367571368999062,16.473169194285127,16.252375405965918,16.415571212768555,137900,0.0,0.0
2025-05-07 00:00:00-04:00,16.415570006907586,16.511567856387906,16.338772093524664,16.453968048095703,71000,0.0,0.0
2025-05-08 00:00:00-04:00,16.626765507263787,16.684363490425596,16.492369602883937,16.588367462158203,203600,0.0,0.0
2025-05-09 00:00:00-04:00,16.521165915783346,16.693961677834476,16.521165915783346,16.645963668823242,144100,0.0,0.0
2025-05-12 00:00:00-04:00,16.91475818915576,16.94355626370787,16.674764469185373,16.866758346557617,292100,0.0,0.0
2025-05-13 00:00:00-04:00,16.81876136635502,17.049155131934377,16.588367600775666,17.020355224609375,233000,0.0,0.0
2025-05-14 00:00:00-04:00,17.106751916060116,17.106751916060116,16.780360313290732,16.933956146240234,243400,0.0,0.0
2025-05-15 00:00:00-04:00,16.876359631198174,17.106753400616434,16.876359631198174,17.01075553894043,206100,0.0,0.0
2025-05-16 00:00:00-04:00,17.10675345209381,17.17395140616715,16.99155748254149,17.13555335998535,119700,0.0,0.0
2025-05-19 00:00:00-04:00,17.145153329282532,17.154753298579713,17.03955549802047,17.13555335998535,96100,0.0,0.0
2025-05-20 00:00:00-04:00,17.049155131934377,17.09715314646916,16.94355730274959,17.020355224609375,121800,0.0,0.0
2025-05-21 00:00:00-04:00,16.876358045276795,16.943555992833133,16.68436233996719,16.751562118530273,111200,0.0,0.0
2025-05-22 00:00:00-04:00,16.72276362854259,16.770761643428298,16.645965706121316,16.703563690185547,77400,0.0,0.0
2025-05-23 00:00:00-04:00,16.521167527684717,16.713163244475233,16.511569389751358,16.65556526184082,77500,0.0,0.0
2025-05-27 00:00:00-04:00,16.78995986692205,16.905157654291543,16.70356198414661,16.885957717895508,91500,0.0,0.0
2025-05-28 00:00:00-04:00,16.857157895314813,16.88595780004898,16.674763991685246,16.69396209716797,202900,0.0,0.0
2025-05-29 00:00:00-04:00,16.885958717864405,16.885958717864405,16.693963004547705,16.789960861206055,70700,0.0,0.0
2025-05-30 00:00:00-04:00,16.818758928739275,16.93395487932966,16.693961179425298,16.914756774902344,76400,0.0,0.0
2025-06-02 00:00:00-04:00,16.962756770316563,17.00115481467762,16.75156294881367,16.847558975219727,88400,0.0,0.0
2025-06-03 00:00:00-04:00,16.799562580642778,16.895560447304998,16.684364774446713,16.857160568237305,71800,0.0,0.0
2025-06-04 00:00:00-04:00,16.866758361715096,16.866758361715096,16.73236246433307,16.741962432861328,79000,0.0,0.0
2025-06-05 00:00:00-04:00,16.74196208643395,16.74196208643395,16.55956635018481,16.62676429748535,99100,0.0,0.0
2025-06-06 00:00:00-04:00,16.72276249580482,16.77076050743932,16.703562558748306,16.741962432861328,101600,0.0,0.0
2025-06-09 00:00:00-04:00,16.799562580642778,16.857160568237305,16.66516666591988,16.857160568237305,102600,0.0,0.0
2025-06-10 00:00:00-04:00,16.905159226129967,16.905159226129967,16.722763475421946,16.770761489868164,87000,0.0,0.0
2025-06-11 00:00:00-04:00,16.761161258169434,16.789961164990068,16.64596529290061,16.65556526184082,149900,0.0,0.0
2025-06-12 00:00:00-04:00,16.5787672100987,16.68436320559148,16.54996730350603,16.59796714782715,140000,0.0,0.0
2025-06-13 00:00:00-04:00,16.540367277593184,16.60756522840414,16.434771282464606,16.473169326782227,94200,0.0,0.0
2025-06-16 00:00:00-04:00,16.617162986352685,16.70356086333079,16.58836491469771,16.607563018798828,81900,0.0,0.0
2025-06-17 00:00:00-04:00,16.60756288006873,16.655562717437046,16.39636908866788,16.425168991088867,64100,0.0,0.0
2025-06-18 00:00:00-04:00,16.415570647260076,16.52116663790159,16.415570647260076,16.434770584106445,94600,0.0,0.0
2025-06-20 00:00:00-04:00,16.511567573184866,16.549965613714388,16.453967765880602,16.46356773376465,35000,0.0,0.0
2025-06-23 00:00:00-04:00,16.434769095849205,16.636362921460393,16.415569160741494,16.607563018798828,91000,0.0,0.0
2025-06-24 00:00:00-04:00,16.751561545015537,16.90515737160194,16.645963727609878,16.895557403564453,78300,0.0,0.0
2025-06-25 00:00:00-04:00,16.933956295188242,16.933956295188242,16.809160366446623,16.866758346557617,127600,0.0,0.0
2025-06-26 00:00:00-04:00,16.876357683770056,16.943555629886955,16.751561759696777,16.761159896850586,302000,0.0,0.0
2025-06-27 00:00:00-04:00,16.7995609620167,16.94355683263262,16.7995609620167,16.847558975219727,84700,0.0,0.0
2025-06-30 00:00:00-04:00,16.933956920767557,16.97235679626465,16.876358938528757,16.97235679626465,101700,0.0,0.0
2025-07-01 00:00:00-04:00,17.001155058654298,17.154752731323242,16.924357137823254,17.154752731323242,105000,0.0,0.0
2025-07-02 00:00:00-04:00,17.15475210553436,17.15475210553436,16.962756394957143,17.04915428161621,102500,0.0,0.0
2025-07-03 00:00:00-04:00,17.04915574967401,17.15475358268491,17.00115590239317,17.125953674316406,57500,0.0,0.0
2025-07-07 00:00:00-04:00,17.154751334419846,17.154751334419846,16.847557845103438,16.885957717895508,116700,0.0,0.0
2025-07-08 00:00:00-04:00,16.87636050777115,16.90516041707192,16.789962610875854,16.857160568237305,137400,0.0,0.0
2025-07-09 00:00:00-04:00,16.972354390791057,16.972354390791057,16.8475566441198,16.924354553222656,89600,0.0,0.0
2025-07-10 00:00:00-04:00,16.94355688964183,17.029954778503445,16.85715900078021,16.97235679626465,82400,0.0,0.0
2025-07-11 00:00:00-04:00,16.905156807185374,16.914756774902344,16.809158961022305,16.914756774902344,61500,0.0,0.0
2025-07-14 00:00:00-04:00,16.876357322657846,16.96275520324707,16.847557418792547,16.96275520324707,66600,0.0,0.0
2025-07-15 00:00:00-04:00,17.02035534904916,17.116353209827476,16.703563690185547,16.703563690185547,123700,0.0,0.0
2025-07-16 00:00:00-04:00,16.73236344451257,16.780361458958787,16.636365584613248,16.770761489868164,129000,0.0,0.0
2025-07-17 00:00:00-04:00,16.713161672865596,16.933955444707713,16.713161672865596,16.895557403564453,66000,0.0,0.0
2025-07-18 00:00:00-04:00,17.00115338996343,17.010753358000915,16.866757499451996,16.895557403564453,48500,0.0,0.0
2025-07-21 00:00:00-04:00,16.943557739257812,17.029955632451756,16.91475966219779,16.943557739257812,76000,0.0,0.0
2025-07-22 00:00:00-04:00,16.93395648906852,17.106752262386657,16.92435652043898,17.04915428161621,143100,0.0,0.0
2025-07-23 00:00:00-04:00,17.08755146556648,17.231549156759225,17.049153423986667,17.202749252319336,102200,0.0,0.0
2025-07-24 00:00:00-04:00,17.20759391784668,17.275416345064308,17.197904735669514,17.20759391784668,62300,0.165,0.0
2025-07-25 00:00:00-04:00,17.275417772112277,17.304485321044922,17.21728452226968,17.304485321044922,38700,0.0,0.0
2025-07-28 00:00:00-04:00,17.29479618002118,17.304485363022234,17.14946213105079,17.17852783203125,86700,0.0,0.0
2025-07-29 00:00:00-04:00,17.16883904869613,17.226974148055746,17.052572546022382,17.071950912475586,87400,0.0,0.0
2025-07-30 00:00:00-04:00,17.13008210046642,17.139771282525945,16.984748065618582,17.062259674072266,78800,0.0,0.0
2025-07-31 00:00:00-04:00,17.207594994894922,17.24634987800677,17.081637466730434,17.14946174621582,130500,0.0,0.0
2025-08-01 00:00:00-04:00,17.19790659837594,17.19790659837594,16.90723849366882,17.071950912475586,85400,0.0,0.0
2025-08-04 00:00:00-04:00,17.101017639742526,17.101017639742526,16.965372762480456,17.013816833496094,118600,0.0,0.0
2025-08-05 00:00:00-04:00,16.955681441042053,17.0525714188811,16.89754819354767,16.99443817138672,75700,0.0,0.0
2025-08-06 00:00:00-04:00,16.965371303538426,17.071950468234945,16.965371303538426,17.042882919311523,46600,0.0,0.0
2025-08-07 00:00:00-04:00,17.07194840812925,17.178525711942182,16.975058438099104,17.033191680908203,60000,0.0,0.0
2025-08-08 00:00:00-04:00,17.023504553362578,17.130083718059097,17.023504553362578,17.042882919311523,75200,0.0,0.0
2025-08-11 00:00:00-04:00,17.01381376377464,17.120392918406896,16.994437247678107,17.062259674072266,91600,0.0,0.0
2025-08-12 00:00:00-04:00,17.15914883575208,17.29479554476164,17.062260705345775,17.265727996826172,102100,0.0,0.0
2025-08-13 00:00:00-04:00,17.31417425647143,17.43044075449429,17.265728342276347,17.420751571655273,69800,0.0,0.0
2025-08-14 00:00:00-04:00,17.41106253686715,17.43044090270996,17.34324010443999,17.43044090270996,49300,0.0,0.0
2025-08-15 00:00:00-04:00,17.44012978887019,17.54670895116942,17.40137305784405,17.411062240600586,154500,0.0,0.0
2025-08-18 00:00:00-04:00,17.430441050760944,17.44013023376465,17.343240251750306,17.44013023376465,55100,0.0,0.0
2025-08-19 00:00:00-04:00,17.49826285060025,17.566085281149366,17.449818785357348,17.52733039855957,48400,0.0,0.0
2025-08-20 00:00:00-04:00,17.5467084664056,17.585463348338404,17.459507672028536,17.507951736450195,95500,0.0,0.0
2025-08-21 00:00:00-04:00,17.498264165070413,17.51764253183233,17.372308477163486,17.488574981689453,59500,0.0,0.0
2025-08-22 00:00:00-04:00,17.52732991855418,17.672663958325387,17.52732991855418,17.62421989440918,58500,0.0,0.0
2025-08-25 00:00:00-04:00,17.692042323100903,17.701731505488663,17.585463164858147,17.62421989440918,70700,0.0,0.0
2025-08-26 00:00:00-04:00,17.730798484704557,17.730798484704557,17.585464434440958,17.711421966552734,78400,0.0,0.0
2025-08-27 00:00:00-04:00,17.750174999181414,17.847064971923828,17.730796635028426,17.847064971923828,55300,0.0,0.0
2025-08-28 00:00:00-04:00,17.856754451795123,17.895509332724888,17.82768690508089,17.866443634033203,38400,0.0,0.0
2025-08-29 00:00:00-04:00,17.866444612708257,18.00208947542651,17.847066247170606,17.934267044067383,65600,0.0,0.0
2025-09-02 00:00:00-04:00,17.856755766016636,17.876134131919002,17.740487418625126,17.827688217163086,74300,0.0,0.0
2025-09-03 00:00:00-04:00,17.808310294365803,17.895511095073488,17.740487860042656,17.85675621032715,43700,0.0,0.0
2025-09-04 00:00:00-04:00,17.89550924183212,18.002088397887107,17.88582005964325,17.992399215698242,57900,0.0,0.0
2025-09-05 00:00:00-04:00,18.031156426093553,18.089289672757037,17.77924322652166,17.895509719848633,65600,0.0,0.0
2025-09-08 00:00:00-04:00,18.021469572366108,18.021469572366108,17.7889347076416,17.7889347076416,58000,0.0,0.0
2025-09-09 00:00:00-04:00,17.779245081394603,17.81799996720595,17.62422184210365,17.75986671447754,179200,0.0,0.0
2025-09-10 00:00:00-04:00,17.672664790544644,17.74048722243018,17.595153175815078,17.682353973388672,76100,0.0,0.0
2025-09-11 00:00:00-04:00,17.759866226427192,17.876134576711685,17.759866226427192,17.85675621032715,74600,0.0,0.0
2025-09-12 00:00:00-04:00,17.837376269082956,17.837376269082956,17.72110977708635,17.75017547607422,37700,0.0,0.0
2025-09-15 00:00:00-04:00,17.847067071889533,17.8567562551061,17.692043836469953,17.730798721313477,67300,0.0,0.0
2025-09-16 00:00:00-04:00,17.69204438589448,17.701733569411942,17.556399512695595,17.6339111328125,211300,0.0,0.0
2025-09-17 00:00:00-04:00,17.65328598022461,17.721110258424527,17.58546355004731,17.65328598022461,124600,0.0,0.0
2025-09-18 00:00:00-04:00,17.67266610721627,17.740488544154797,17.62422203740955,17.643598556518555,64100,0.0,0.0
2025-09-19 00:00:00-04:00,17.643598468307164,17.69204438589448,17.595154398742647,17.6339111328125,55100,0.0,0.0
2025-09-22 00:00:00-04:00,17.575774662728925,17.682353825096754,17.575774662728925,17.672664642333984,73000,0.0,0.0
2025-09-23 00:00:00-04:00,17.614532470703125,17.808310593737865,17.58546492063767,17.614532470703125,172200,0.0,0.0
2025-09-24 00:00:00-04:00,17.604842695572742,17.662975945726778,17.556398628448164,17.575775146484375,65400,0.0,0.0
2025-09-25 00:00:00-04:00,17.566085578280283,17.595153126731283,17.498263146583945,17.546709060668945,66100,0.0,0.0
2025-09-26 00:00:00-04:00,17.624220724347165,17.6920431562327,17.507952378241484,17.682353973388672,78400,0.0,0.0
2025-09-29 00:00:00-04:00,17.595153512543288,17.65328676269732,17.54670944541871,17.575775146484375,101100,0.0,0.0
2025-09-30 00:00:00-04:00,17.566084354818646,17.653285146075525,17.556397020699023,17.595151901245117,98400,0.0,0.0
2025-10-01 00:00:00-04:00,17.556398391723633,17.585464092397388,17.51764166012839,17.556398391723633,77500,0.0,0.0
2025-10-02 00:00:00-04:00,17.537020898594246,17.566086600714353,17.478887646331263,17.488574981689453,65800,0.0,0.0
2025-10-03 00:00:00-04:00,17.449818933021017,17.604842160737302,17.449818933021017,17.537019729614258,58900,0.0,0.0
2025-10-06 00:00:00-04:00,17.527331226895694,17.68235446062649,17.527331226895694,17.585464477539062,54200,0.0,0.0
2025-10-07 00:00:00-04:00,17.5757730899768,17.662973879016004,17.53701821041631,17.566083908081055,59000,0.0,0.0
2025-10-08 00:00:00-04:00,17.61453164109382,17.62422082399263,17.5273308430272,17.556398391723633,52500,0.0,0.0
2025-10-09 00:00:00-04:00,17.595153016929444,17.614531382442514,17.391685723110164,17.411062240600586,76200,0.0,0.0
2025-10-10 00:00:00-04:00,17.401374795002813,17.478888264793166,17.004127502441406,17.004127502441406,151700,0.0,0.0
2025-10-13 00:00:00-04:00,17.110705015081315,17.18821662932767,17.110705015081315,17.14946174621582,50000,0.0,0.0
2025-10-14 00:00:00-04:00,17.14946067280622,17.323860407927597,17.06225988123426,17.20759391784668,96700,0.0,0.0
2025-10-15 00:00:00-04:00,17.294796478063034,17.488574597355374,17.294796478063034,17.459508895874023,191300,0.0,0.0
2025-10-16 00:00:00-04:00,17.449818470718007,17.46919683567481,17.17852690539059,17.246349334716797,211700,0.0,0.0
2025-10-17 00:00:00-04:00,17.236661911010742,17.304484339985766,17.159148451584898,17.236661911010742,92900,0.0,0.0
2025-10-20 00:00:00-04:00,17.256039258411874,17.343240056440507,17.256039258411874,17.294795989990234,72000,0.0,0.0
2025-10-21 00:00:00-04:00,17.304485321044922,17.37230775386507,17.294796138067376,17.304485321044922,35800,0.0,0.0
2025-10-22 00:00:00-04:00,17.294796923203783,17.32386262543324,17.207596120469866,17.226974487304688,50400,0.0,0.0
2025-10-23 00:00:00-04:00,17.2366611657839,17.25603768178003,17.188215255737305,17.188215255737305,59200,0.0,0.0
2025-10-24 00:00:00-04:00,17.31046542073176,17.388704734476562,17.27134483117317,17.369144439697266,81700,0.165,0.0
2025-10-27 00:00:00-04:00,17.486503836938144,17.49628398508805,17.2713461737578,17.310466766357422,72000,0.0,0.0
2025-10-28 00:00:00-04:00,17.261564689316817,17.31046542628073,17.212665817725284,17.24200439453125,61700,0.0,0.0
2025-10-29 00:00:00-04:00,17.16376710394852,17.16376710394852,16.938829283517006,16.987730026245117,174200,0.0,0.0
2025-10-30 00:00:00-04:00,17.046409308993997,17.114868484472264,16.96816998482274,17.01706886291504,141400,0.0,0.0
2025-10-31 00:00:00-04:00,17.11486774472633,17.153988337807384,16.948608954876942,17.007287979125977,130500,0.0,0.0
2025-11-03 00:00:00-05:00,17.075748072041964,17.075748072041964,16.92904957082594,16.968170166015625,96900,0.0,0.0
2025-11-04 00:00:00-05:00,16.89970964584504,17.105087158140158,16.84102875772715,17.02684783935547,98600,0.0,0.0
2025-11-05 00:00:00-05:00,17.017066343703444,17.22244570510646,16.997506049213186,17.212665557861328,65000,0.0,0.0
2025-11-06 00:00:00-05:00,17.2224461401083,17.281125159688827,17.134426678051305,17.193105697631836,51200,0.0,0.0
2025-11-07 00:00:00-05:00,17.19310624595405,17.398485619094455,17.105086781089938,17.378925323486328,92400,0.0,0.0
2025-11-10 00:00:00-05:00,17.378926434457174,17.515844781721825,17.281126815537032,17.49628448486328,57100,0.0,0.0
2025-11-11 00:00:00-05:00,17.476725439963218,17.594083486250184,17.408264403361223,17.564743041992188,67900,0.0,0.0
2025-11-12 00:00:00-05:00,17.574521712316123,17.73100033778951,17.574521712316123,17.672321319580078,57300,0.0,0.0
2025-11-13 00:00:00-05:00,17.721222618067085,17.84836080578277,17.691882175345427,17.731000900268555,59000,0.0,0.0
2025-11-14 00:00:00-05:00,17.701663249823667,17.701663249823667,17.525624315020703,17.564743041992188,161700,0.0,0.0
2025-11-17 00:00:00-05:00,17.59408354331328,17.652762566647077,17.427824756057085,17.437604904174805,71600,0.0,0.0
2025-11-18 00:00:00-05:00,17.369144741037843,17.486502781004923,17.310465721054307,17.39848518371582,66400,0.0,0.0
2025-11-19 00:00:00-05:00,17.408264775721157,17.408264775721157,17.31046702351431,17.339805603027344,66900,0.0,0.0
2025-11-20 00:00:00-05:00,17.369145186670856,17.545184116510445,17.212666552451772,17.251785278320312,80400,0.0,0.0
2025-11-21 00:00:00-05:00,17.26156524014774,17.437604168090616,17.26156524014774,17.427824020385742,43100,0.0,0.0
2025-11-24 00:00:00-05:00,17.378926178996327,17.496284227677336,17.290906709799298,17.46694564819336,56900,0.0,0.0
2025-11-25 00:00:00-05:00,17.49628244531671,17.633202641993112,17.388704555880256,17.545183181762695,89800,0.0,0.0
2025-11-26 00:00:00-05:00,17.652763049367643,17.779903113002163,17.61364432119957,17.75056266784668,56400,0.0,0.0
2025-11-28 00:00:00-05:00,17.75056191892585,17.926600851686278,17.75056191892585,17.867921829223633,32500,0.0,0.0
2025-12-01 00:00:00-05:00,17.701664109504076,17.83858245861248,17.65276336669922,17.65276336669922,88100,0.0,0.0
2025-12-02 00:00:00-05:00,17.701664846360618,17.72122514429679,17.56474462618012,17.66254425048828,141800,0.0,0.0
2025-12-03 00:00:00-05:00,17.691883386446595,17.75056241053438,17.613644065872037,17.721223831176758,68700,0.0,0.0
2025-12-04 00:00:00-05:00,17.66254117231645,17.73100033778951,17.62342244863428,17.672321319580078,90100,0.0,0.0
2025-12-05 00:00:00-05:00,17.68210276155163,17.799462671936098,17.68210276155163,17.740781784057617,83500,0.0,0.0
2025-12-08 00:00:00-05:00,17.70166176137097,17.721222055898235,17.545183135897588,17.672321319580078,197700,0.0,0.0
2025-12-09 00:00:00-05:00,17.603864433700284,17.721224350688896,17.447385787963867,17.447385787963867,105600,0.0,0.0
2025-12-10 00:00:00-05:00,17.427824267470065,17.63320364143935,17.36914524578133,17.58430290222168,125800,0.0,0.0
2025-12-11 00:00:00-05:00,17.564742851167157,17.809240954543352,17.564742851167157,17.740781784057617,104300,0.0,0.0
2025-12-12 00:00:00-05:00,17.779902975475704,17.858142296579242,17.721223950991185,17.799463272094727,41700,0.0,0.0
2025-12-15 00:00:00-05:00,17.907039335791485,18.02439923809391,17.750560709636492,18.004838943481445,58300,0.0,0.0
2025-12-16 00:00:00-05:00,18.014621059518365,18.014621059518365,17.819021822762352,17.877702713012695,56800,0.0,0.0
2025-12-17 00:00:00-05:00,17.85814155826938,17.94616102404344,17.789682388305664,17.789682388305664,86300,0.0,0.0
2025-12-18 00:00:00-05:00,17.819020912739695,17.955941117625375,17.819020912739695,17.916820526123047,47500,0.0,0.0
2025-12-19 00:00:00-05:00,17.916820526123047,17.98527969587965,17.848361356366443,17.916820526123047,58000,0.0,0.0
2025-12-22 00:00:00-05:00,17.92659963040395,18.03417938540014,17.887480906551385,18.004838943481445,107500,0.0,0.0
2025-12-23 00:00:00-05:00,17.926600662231582,18.122199888869893,17.926600662231582,18.043960571289062,38100,0.0,0.0
2025-12-24 00:00:00-05:00,18.07329867178056,18.122199409833748,17.99505935626788,18.063518524169922,63700,0.0,0.0
2025-12-26 00:00:00-05:00,18.05373929000347,18.210219794318512,18.014620562954097,18.02440071105957,29300,0.0,0.0
2025-12-29 00:00:00-05:00,17.995060144965535,18.0244005890834,17.936381122102315,17.9461612701416,79500,0.0,0.0
2025-12-30 00:00:00-05:00,17.98527994125038,18.09285970397701,17.975499793241365,18.073299407958984,44100,0.0,0.0
2025-12-31 00:00:00-05:00,18.034181278042308,18.161319475621436,17.99506068471177,18.131980895996094,65700,0.0,0.0
2026-01-02 00:00:00-05:00,18.180879971933653,18.180879971933653,17.907041411730503,17.955942153930664,163600,0.0,0.0
2026-01-05 00:00:00-05:00,18.09286073863001,18.219998939272653,17.985280969751354,18.1124210357666,156000,0.0,0.0
2026-01-06 00:00:00-05:00,18.09286099427672,18.161320169849496,18.014621669997457,18.141759872436523,126200,0.0,0.0
2026-01-07 00:00:00-05:00,18.161320418408554,18.161320418408554,17.965723037719727,17.965723037719727,67600,0.0,0.0
2026-01-08 00:00:00-05:00,18.024400275550736,18.053738853785752,17.96572125370823,18.043960571289062,129300,0.0,0.0
2026-01-09 00:00:00-05:00,18.043960394693705,18.092859268188477,18.024400099146817,18.092859268188477,111200,0.0,0.0
2026-01-12 00:00:00-05:00,17.97550009112596,18.131980596490795,17.94616151198523,18.10264015197754,114700,0.0,0.0
2026-01-13 00:00:00-05:00,18.16131967505359,18.16131967505359,17.916821560170536,17.955942153930664,121500,0.0,0.0
2026-01-14 00:00:00-05:00,17.9950592806634,18.024399723372046,17.809240207586832,17.85814094543457,175400,0.0,0.0
2026-01-15 00:00:00-05:00,17.848361533278588,17.9363809996588,17.848361533278588,17.867921829223633,151700,0.0,0.0
2026-01-16 00:00:00-05:00,17.88748138814321,17.95594055575763,17.838580650295476,17.85814094543457,93200,0.0,0.0
2026-01-20 00:00:00-05:00,17.770120666759855,17.770120666759855,17.51584243774414,17.51584243774414,108900,0.0,0.0
2026-01-21 00:00:00-05:00,17.506064004422367,17.75056211025333,17.506064004422367,17.691883087158203,117400,0.0,0.0
2026-01-22 00:00:00-05:00,17.73100181409745,17.73100181409745,17.662542642924382,17.691883087158203,134000,0.0,0.0
2026-01-23 00:00:00-05:00,17.612768923905804,17.681993431859357,17.51387596130371,17.51387596130371,92900,0.2,0.0
2026-01-26 00:00:00-05:00,17.513876196594563,17.573213106688808,17.503988597805254,17.533655166625977,159500,0.0,0.0
2026-01-27 00:00:00-05:00,17.60287910455554,17.60287910455554,17.484209060668945,17.484209060668945,100400,0.0,0.0
2026-01-28 00:00:00-05:00,17.43476203390482,17.474319973584677,17.355648040771484,17.355648040771484,159100,0.0,0.0
2026-01-29 00:00:00-05:00,17.494097618038747,17.494097618038747,17.355646725874923,17.405094146728516,184600,0.0,0.0
2026-01-30 00:00:00-05:00,17.47432002544466,17.602879557332972,17.35564809227927,17.523765563964844,118600,0.0,0.0
2026-02-02 00:00:00-05:00,17.592991149692622,17.790775180905733,17.474319221983713,17.780885696411133,62200,0.0,0.0
2026-02-03 00:00:00-05:00,17.731439301893722,17.91933572574362,17.72154981787781,17.869888305664062,94800,0.0,0.0
2026-02-04 00:00:00-05:00,17.939112992448514,18.166567354706437,17.939112992448514,18.047895431518555,120000,0.0,0.0
2026-02-05 00:00:00-05:00,18.14678889856185,18.206123918717076,17.850110025333166,17.929224014282227,154500,0.0,0.0
2026-02-06 00:00:00-05:00,18.117121428042463,18.25557044465621,18.038007434802267,18.176456451416016,101700,0.0,0.0
2026-02-09 00:00:00-05:00,18.17645531017335,18.295127235695798,18.047895786564773,18.077564239501953,81700,0.0,0.0
2026-02-10 00:00:00-05:00,18.0083378493152,18.20612376311053,18.0083378493152,18.077564239501953,67200,0.0,0.0
2026-02-11 00:00:00-05:00,18.10723044999938,18.25556893931456,18.038005947400713,18.047895431518555,90800,0.0,0.0
2026-02-12 00:00:00-05:00,17.998451514214157,18.11712156183764,17.78088661652711,17.860000610351562,102900,0.0,0.0
2026-02-13 00:00:00-05:00,17.751219930731477,17.939114485934596,17.751219930731477,17.85011100769043,62600,0.0,0.0
2026-02-17 00:00:00-05:00,17.75122004773444,17.9885620292078,17.75122004773444,17.860000610351562,74300,0.0,0.0
2026-02-18 00:00:00-05:00,17.8995572879569,18.07756423306405,17.701771374232013,17.751218795776367,182900,0.0,0.0
2026-02-19 00:00:00-05:00,17.701771471137086,17.8006644285409,17.652325935548316,17.761106491088867,58600,0.0,0.0
2026-02-20 00:00:00-05:00,17.731440395578424,17.850110438636573,17.681992972448924,17.8006649017334,40600,0.0,0.0
2026-02-23 00:00:00-05:00,17.751219663427356,17.82044417074677,17.583102194411772,17.662216186523438,57000,0.0,0.0
2026-02-24 00:00:00-05:00,17.632546280849013,17.751218202362057,17.553432295249053,17.701770782470703,82500,0.0,0.0
2026-02-25 00:00:00-05:00,17.67210578918457,17.75121978182391,17.602879395177073,17.67210578918457,52100,0.0,0.0
2026-02-26 00:00:00-05:00,17.65232708389727,17.89955855037699,17.65232708389727,17.860000610351562,76900,0.0,0.0
2026-02-27 00:00:00-05:00,17.70177125614364,17.770995759617676,17.681992287657845,17.741329193115234,81800,0.0,0.0
2026-03-02 00:00:00-05:00,17.751218493476923,17.751218493476923,17.553432583120287,17.563322067260742,68200,0.0,0.0
2026-03-03 00:00:00-05:00,17.42487356739583,17.5732120613548,17.207308682444808,17.444650650024414,123100,0.0,0.0
2026-03-04 00:00:00-05:00,17.503988597805254,17.612769160525236,17.424874603905995,17.533655166625977,86800,0.0,0.0
2026-03-05 00:00:00-05:00,17.56332317043511,17.7512196084533,17.45454072428357,17.494098663330078,125200,0.0,0.0
2026-03-06 00:00:00-05:00,17.48420777617128,17.48420777617128,17.306200837192538,17.375425338745117,56800,0.0,0.0
2026-03-09 00:00:00-04:00,17.30620146147046,17.30620146147046,16.99963499229634,17.266643524169922,92800,0.0,0.0
2026-03-10 00:00:00-04:00,17.19742023787498,17.325981656978943,17.177643154050553,17.20730972290039,72200,0.0,0.0
2026-03-11 00:00:00-04:00,17.217198283181855,17.2270877676761,17.07874927271504,17.12819480895996,65900,0.0,0.0
2026-03-12 00:00:00-04:00,17.019413297218907,17.128195746382932,16.880964279174805,16.880964279174805,89700,0.0,0.0
2026-03-13 00:00:00-04:00,16.979857124919263,17.23697807537023,16.871074676513672,16.871074676513672,61300,0.0,0.0
2026-03-16 00:00:00-04:00,17.009524826542062,17.23697731202053,16.94029843484199,16.969966888427734,61200,0.0,0.0
2026-03-17 00:00:00-04:00,17.049080013653704,17.197418501605686,17.049080013653704,17.058969497680664,48100,0.0,0.0
2026-03-18 00:00:00-04:00,17.068859728596994,17.147973718048288,16.940298316847205,16.9600772857666,48800,0.0,0.0
2026-03-19 00:00:00-04:00,16.87107387046646,16.920521292936737,16.782070396246265,16.801849365234375,108300,0.0,0.0
2026-03-20 00:00:00-04:00,16.782071028231098,16.900742960402447,16.69306755065918,16.69306755065918,67600,0.0,0.0
2026-03-23 00:00:00-04:00,16.910631298275,16.989745285614394,16.8216278267399,16.920520782470703,72000,0.0,0.0
2026-03-24 00:00:00-04:00,16.871073751742646,16.930410658289418,16.712845773403835,16.791959762573242,111400,0.0,0.0
2026-03-25 00:00:00-04:00,16.84140679513131,16.950187348831573,16.84140679513131,16.920520782470703,52000,0.0,0.0
2026-03-26 00:00:00-04:00,16.81173849439109,16.950187501928966,16.732624506337125,16.772180557250977,79300,0.0,0.0
2026-03-27 00:00:00-04:00,16.73262415852856,16.73262415852856,16.36672079249331,16.416168212890625,97700,0.0,0.0
2026-03-30 00:00:00-04:00,16.47550448951814,16.693067497204837,16.47550448951814,16.52495002746582,62400,0.0,0.0
2026-03-31 00:00:00-04:00,16.623841798821935,16.960076714215464,16.524948843783918,16.91063117980957,77100,0.0,0.0
2026-04-01 00:00:00-04:00,17.019412130645286,17.167752509783483,16.821628102171474,17.108415603637695,99400,0.0,0.0
2026-04-02 00:00:00-04:00,16.960076661515373,17.108415150498352,16.821627656628085,17.068859100341797,54900,0.0,0.0
2026-04-06 00:00:00-04:00,17.09852824170353,17.197419314193368,16.95018786051617,17.12819480895996,52000,0.0,0.0
2026-04-07 00:00:00-04:00,17.138084293454206,17.167752746936937,17.04908081923231,17.12819480895996,33300,0.0,0.0
2026-04-08 00:00:00-04:00,17.444651570596715,17.592991958610046,17.39520603207653,17.523765563964844,75300,0.0,0.0
2026-04-09 00:00:00-04:00,17.405094210852752,17.72155016057669,17.37542575823129,17.573211669921875,72200,0.0,0.0
2026-04-10 00:00:00-04:00,17.602879675509527,17.622658645540945,17.444651687711012,17.533655166625977,53700,0.0,0.0
2026-04-13 00:00:00-04:00,17.414984025731755,17.612768054951573,17.405094541336823,17.60287857055664,47000,0.0,0.0
2026-04-14 00:00:00-04:00,17.632547849751717,17.72155132724927,17.602879395177073,17.67210578918457,76500,0.0,0.0
2026-04-15 00:00:00-04:00,17.65232577627319,17.770995815106,17.49409780034527,17.583101272583008,74200,0.0,0.0
2026-04-16 00:00:00-04:00,17.53365385121412,17.622657323451858,17.53365385121412,17.583101272583008,93100,0.0,0.0
2026-04-17 00:00:00-04:00,17.672105725012685,17.9490037551317,17.672105725012685,17.830333709716797,100900,0.0,0.0
2026-04-20 00:00:00-04:00,17.770995469654533,17.949002410669717,17.770995469654533,17.879777908325195,97800,0.0,0.0
2026-04-21 00:00:00-04:00,17.939114270309396,18.057786201950663,17.81055474007219,17.830333709716797,64200,0.0,0.0
2026-04-22 00:00:00-04:00,17.889669065370633,17.949004089182374,17.81055507154618,17.860000610351562,56300,0.0,0.0
2026-04-23 00:00:00-04:00,17.889999389648438,18.010000228881836,17.670000076293945,17.700000762939453,90400,0.2,0.0
2026-04-24 00:00:00-04:00,17.68000030517578,17.799999237060547,17.610000610351562,17.639999389648438,74700,0.0,0.0
2026-04-27 00:00:00-04:00,17.530000686645508,17.899999618530273,17.530000686645508,17.649999618530273,124300,0.0,0.0
2026-04-28 00:00:00-04:00,17.700000762939453,17.8799991607666,17.68000030517578,17.719999313354492,107300,0.0,0.0
2026-04-29 00:00:00-04:00,17.760000228881836,17.799999237060547,17.649999618530273,17.690000534057617,133100,0.0,0.0
2026-04-30 00:00:00-04:00,17.84000015258789,17.950000762939453,17.700000762939453,17.799999237060547,142600,0.0,0.0
2026-05-01 00:00:00-04:00,17.809999465942383,17.920000076293945,17.809999465942383,17.829999923706055,58500,0.0,0.0
2026-05-04 00:00:00-04:00,17.780000686645508,17.850000381469727,17.520000457763672,17.600000381469727,100300,0.0,0.0
2026-05-05 00:00:00-04:00,17.600000381469727,17.690000534057617,17.530000686645508,17.610000610351562,52700,0.0,0.0
2026-05-06 00:00:00-04:00,17.6200008392334,17.75,17.610000610351562,17.670000076293945,85800,0.0,0.0
2026-05-07 00:00:00-04:00,17.709999084472656,17.739999771118164,17.520000457763672,17.540000915527344,58600,0.0,0.0
2026-05-08 00:00:00-04:00,17.600000381469727,17.690000534057617,17.56999969482422,17.6200008392334,35000,0.0,0.0
2026-05-11 00:00:00-04:00,17.649999618530273,17.649999618530273,17.59000015258789,17.610000610351562,57000,0.0,0.0
2026-05-12 00:00:00-04:00,17.65999984741211,17.719999313354492,17.5,17.68000030517578,89700,0.0,0.0
2026-05-13 00:00:00-04:00,17.6299991607666,17.709999084472656,17.6299991607666,17.6299991607666,39800,0.0,0.0
2026-05-14 00:00:00-04:00,17.649999618530273,17.799999237060547,17.600000381469727,17.649999618530273,156000,0.0,0.0
2026-05-15 00:00:00-04:00,17.700000762939453,17.729999542236328,17.579999923706055,17.579999923706055,29700,0.0,0.0
2026-05-18 00:00:00-04:00,17.639999389648438,17.719999313354492,17.549999237060547,17.719999313354492,52300,0.0,0.0
2026-05-19 00:00:00-04:00,17.649999618530273,17.700000762939453,17.549999237060547,17.56999969482422,47300,0.0,0.0
2026-05-20 00:00:00-04:00,17.540000915527344,17.600000381469727,17.5,17.56999969482422,68500,0.0,0.0
2026-05-21 00:00:00-04:00,17.530000686645508,17.639999389648438,17.459999084472656,17.579999923706055,72800,0.0,0.0
2026-05-22 00:00:00-04:00,17.600000381469727,17.75,17.600000381469727,17.719999313354492,56500,0.0,0.0
2026-05-26 00:00:00-04:00,17.780000686645508,17.780000686645508,17.649999618530273,17.75,101800,0.0,0.0
2026-05-27 00:00:00-04:00,17.670000076293945,17.709999084472656,17.549999237060547,17.549999237060547,54300,0.0,0.0
2026-05-28 00:00:00-04:00,17.479999542236328,17.540000915527344,17.440000534057617,17.5,88800,0.0,0.0
2026-05-29 00:00:00-04:00,17.43000030517578,17.450000762939453,17.350000381469727,17.3700008392334,74400,0.0,0.0
2026-06-01 00:00:00-04:00,17.309999465942383,17.399999618530273,17.229999542236328,17.270000457763672,59000,0.0,0.0
2026-06-02 00:00:00-04:00,17.239999771118164,17.40999984741211,17.229999542236328,17.309999465942383,93000,0.0,0.0
2026-06-03 00:00:00-04:00,17.309999465942383,17.479999542236328,17.229999542236328,17.239999771118164,138200,0.0,0.0
2026-06-04 00:00:00-04:00,17.350000381469727,17.489999771118164,17.270000457763672,17.329999923706055,186400,0.0,0.0
2026-06-05 00:00:00-04:00,17.3799991607666,17.520000457763672,17.34000015258789,17.469999313354492,110400,0.0,0.0
2026-06-08 00:00:00-04:00,17.549999237060547,17.670000076293945,17.5,17.639999389648438,124400,0.0,0.0
2026-06-09 00:00:00-04:00,17.670000076293945,17.739999771118164,17.579999923706055,17.639999389648438,76300,0.0,0.0
2026-06-10 00:00:00-04:00,17.549999237060547,17.809999465942383,17.549999237060547,17.559999465942383,89700,0.0,0.0
2026-06-11 00:00:00-04:00,17.600000381469727,17.799999237060547,17.559999465942383,17.719999313354492,56000,0.0,0.0
2026-06-12 00:00:00-04:00,17.719999313354492,17.8799991607666,17.719999313354492,17.760000228881836,55500,0.0,0.0
2026-06-15 00:00:00-04:00,17.799999237060547,17.979999542236328,17.760000228881836,17.850000381469727,70900,0.0,0.0
2026-06-16 00:00:00-04:00,17.969999313354492,17.989999771118164,17.59000015258789,17.81999969482422,153500,0.0,0.0
2026-06-17 00:00:00-04:00,17.84000015258789,17.979999542236328,17.670000076293945,17.670000076293945,97700,0.0,0.0
2026-06-18 00:00:00-04:00,17.75,17.920000076293945,17.600000381469727,17.600000381469727,58500,0.0,0.0
2026-06-22 00:00:00-04:00,17.649999618530273,17.889999389648438,17.649999618530273,17.700000762939453,75800,0.0,0.0
2026-06-23 00:00:00-04:00,17.65999984741211,17.899999618530273,17.65999984741211,17.81999969482422,74100,0.0,0.0
2026-06-24 00:00:00-04:00,17.799999237060547,17.899999618530273,17.790000915527344,17.81999969482422,81200,0.0,0.0
2026-06-25 00:00:00-04:00,17.889999389648438,17.979999542236328,17.770000457763672,17.790000915527344,49000,0.0,0.0
2026-06-26 00:00:00-04:00,17.780000686645508,17.81999969482422,17.65999984741211,17.760000228881836,136400,0.0,0.0
2026-06-29 00:00:00-04:00,17.760000228881836,17.899999618530273,17.760000228881836,17.829999923706055,94900,0.0,0.0
2026-06-30 00:00:00-04:00,17.829999923706055,17.950000762939453,17.829999923706055,17.899999618530273,51500,0.0,0.0
2026-07-01 00:00:00-04:00,17.959999084472656,18.079999923706055,17.920000076293945,18.049999237060547,49500,0.0,0.0
2026-07-02 00:00:00-04:00,18.040000915527344,18.18000030517578,18.0,18.170000076293945,99100,0.0,0.0
2026-07-06 00:00:00-04:00,18.100000381469727,18.5,18.100000381469727,18.329999923706055,106500,0.0,0.0
2026-07-07 00:00:00-04:00,18.440000534057617,18.440000534057617,18.200000762939453,18.270000457763672,44100,0.0,0.0
2026-07-08 00:00:00-04:00,18.200000762939453,18.200000762939453,17.90999984741211,17.950000762939453,99200,0.0,0.0
2026-07-09 00:00:00-04:00,18.040000915527344,18.1299991607666,17.969999313354492,18.040000915527344,188000,0.0,0.0
2026-07-10 00:00:00-04:00,18.030000686645508,18.139999389648438,18.030000686645508,18.1200008392334,39100,0.0,0.0
2026-07-13 00:00:00-04:00,18.059999465942383,18.200000762939453,18.040000915527344,18.18000030517578,77600,0.0,0.0
2026-07-14 00:00:00-04:00,18.200000762939453,18.280000686645508,18.149999618530273,18.219999313354492,71500,0.0,0.0
2026-07-15 00:00:00-04:00,18.200000762939453,18.299999237060547,18.15999984741211,18.25,57500,0.0,0.0
2026-07-16 00:00:00-04:00,18.260000228881836,18.290000915527344,18.100000381469727,18.290000915527344,57600,0.0,0.0
2026-07-17 00:00:00-04:00,18.239999771118164,18.450000762939453,18.030000686645508,18.229999542236328,50091,0.0,0.0
