Date,Open,High,Low,Close,Volume,Dividends,Stock Splits
2022-01-03 00:00:00-05:00,16.662183781109672,16.79764944422018,16.58829448709408,16.619081497192383,38400,0.0,0.0
2022-01-04 00:00:00-05:00,16.736072299612594,16.773016942315877,16.668339475949058,16.705284118652344,16100,0.0,0.0
2022-01-05 00:00:00-05:00,16.760702644193774,16.84075074489442,16.686813354492188,16.686813354492188,15800,0.0,0.0
2022-01-06 00:00:00-05:00,16.748389023972152,16.803806580055927,16.65602564753312,16.699129104614258,10600,0.0,0.0
2022-01-07 00:00:00-05:00,16.80380630493164,16.828435676982778,16.723758203254967,16.80380630493164,10300,0.0,0.0
2022-01-10 00:00:00-05:00,16.79148862477354,16.87769317626953,16.79148862477354,16.87769317626953,8500,0.0,0.0
2022-01-11 00:00:00-05:00,17.00084491100241,17.18556930035187,17.00084491100241,17.130151748657227,19600,0.0,0.0
2022-01-12 00:00:00-05:00,17.296405737820905,17.438027858875472,17.247145818565006,17.42571258544922,21100,0.0,0.0
2022-01-13 00:00:00-05:00,17.481130658213715,17.481130658213715,17.314879159840853,17.351823806762695,23000,0.0,0.0
2022-01-14 00:00:00-05:00,17.351822152131806,17.351822152131806,17.160940124380367,17.290246963500977,36900,0.0,0.0
2022-01-18 00:00:00-05:00,17.23482848378912,17.23482848378912,17.050104102285506,17.179410934448242,26300,0.0,0.0
2022-01-19 00:00:00-05:00,17.253302184811567,17.376451386658523,16.95774269104004,16.95774269104004,22200,0.0,0.0
2022-01-20 00:00:00-05:00,16.963900363822216,17.197885860597882,16.86538052553218,16.871538162231445,21900,0.0,0.0
2022-01-21 00:00:00-05:00,16.686813181490468,16.729915462444374,16.46514296578572,16.48361587524414,40400,0.0,0.0
2022-01-24 00:00:00-05:00,16.07106329377751,16.323520512240894,15.627722871540113,15.984857559204102,59900,0.0,0.0
2022-01-25 00:00:00-05:00,16.126482466069046,16.280419867149835,16.058749633769768,16.181900024414062,18600,0.0,0.0
2022-01-26 00:00:00-05:00,16.218843043040295,16.23115831575779,15.978701097294403,15.984857559204102,18900,0.0,0.0
2022-01-27 00:00:00-05:00,15.991016686256689,16.14495408622837,15.812449913003098,15.843236923217773,36600,0.0,0.0
2022-01-28 00:00:00-05:00,16.00948902318647,16.095693588256836,15.898653911267937,16.095693588256836,6900,0.0,0.0
2022-01-31 00:00:00-05:00,16.17573970238315,16.526716730675876,16.157266794518122,16.403566360473633,33900,0.0,0.0
2022-02-01 00:00:00-05:00,16.495931625541093,16.495931625541093,16.40356825002545,16.446670532226562,15200,0.0,0.0
2022-02-02 00:00:00-05:00,16.5451907795487,16.668339983794723,16.520560234030064,16.63139533996582,8700,0.0,0.0
2022-02-03 00:00:00-05:00,16.452827501760577,16.56982024474055,16.237316099493597,16.32352066040039,22400,0.0,0.0
2022-02-04 00:00:00-05:00,16.249630892117352,16.403568285712854,16.249630892117352,16.36046600341797,6000,0.0,0.0
2022-02-07 00:00:00-05:00,16.33583642754387,16.33583642754387,16.1942131346199,16.243473052978516,17000,0.0,0.0
2022-02-08 00:00:00-05:00,16.218842494177792,16.311204687535266,16.218842494177792,16.286575317382812,10500,0.0,0.0
2022-02-09 00:00:00-05:00,16.385095580972333,16.619079888640027,16.385095580972333,16.428197860717773,15400,0.0,0.0
2022-02-10 00:00:00-05:00,16.18805645194668,16.40972549431621,16.18805645194668,16.218843460083008,11100,0.0,0.0
2022-02-11 00:00:00-05:00,16.218844010335417,16.286576839872186,16.009489059448242,16.009489059448242,14500,0.0,0.0
2022-02-14 00:00:00-05:00,15.88633735176552,15.88633735176552,15.584620223995639,15.646195411682129,22500,0.0,0.0
2022-02-15 00:00:00-05:00,15.929441639429623,16.101850764641437,15.929441639429623,16.04027557373047,22500,0.0,0.0
2022-02-16 00:00:00-05:00,15.972544175697454,16.07722164958231,15.898653710534983,16.02796173095703,22200,0.0,0.0
2022-02-17 00:00:00-05:00,15.997173841084676,15.997173841084676,15.800134162970947,15.880182266235352,24700,0.0,0.0
2022-02-18 00:00:00-05:00,15.8986535416374,15.960228732877138,15.763189060469248,15.824764251708984,16300,0.0,0.0
2022-02-22 00:00:00-05:00,15.74471522924966,15.812448053093986,15.68314004161382,15.71392822265625,12300,0.0,0.0
2022-02-23 00:00:00-05:00,15.824765770385639,15.849395144575722,15.559993244759347,15.615410804748535,18800,0.0,0.0
2022-02-24 00:00:00-05:00,14.968871323017826,15.147439257343278,14.112979819117532,15.085864067077637,45000,0.0,0.0
2022-02-25 00:00:00-05:00,15.172067359969155,15.430682197898129,15.172067359969155,15.412210464477539,44500,0.0,0.0
2022-02-28 00:00:00-05:00,15.295219166401752,15.430683646818203,15.190541694209788,15.356794357299805,26000,0.0,0.0
2022-03-01 00:00:00-05:00,15.270588253928441,15.270588253928441,14.938084110174112,14.993501663208008,19800,0.0,0.0
2022-03-02 00:00:00-05:00,15.159755193090643,15.319849050552126,15.110495273614236,15.258275032043457,26700,0.0,0.0
2022-03-03 00:00:00-05:00,15.184384901390201,15.202857812020781,14.95040057231524,14.975029945373535,9000,0.0,0.0
2022-03-04 00:00:00-05:00,14.784147556111446,14.784147556111446,14.593265515165236,14.636367797851562,19500,0.0,0.0
2022-03-07 00:00:00-05:00,14.46395768160159,14.46395768160159,14.100665330715223,14.106822967529297,22400,0.0,0.0
2022-03-08 00:00:00-05:00,14.131453514785587,14.41469776153814,14.057563047465846,14.106822967529297,67800,0.0,0.0
2022-03-09 00:00:00-05:00,14.414697573237175,14.697942990738794,14.414697573237175,14.636367797851562,22900,0.0,0.0
2022-03-10 00:00:00-05:00,14.513217210740871,14.64252523145513,14.445484382059636,14.544005393981934,16300,0.0,0.0
2022-03-11 00:00:00-05:00,14.67947112478796,14.741046322055453,14.377753950071375,14.439329147338867,26400,0.0,0.0
2022-03-14 00:00:00-04:00,14.537849144848728,14.79646403651075,14.537849144848728,14.61789608001709,19900,0.0,0.0
2022-03-15 00:00:00-04:00,14.679470262206618,14.85188056953474,14.63021034217703,14.796463012695312,34400,0.0,0.0
2022-03-16 00:00:00-04:00,15.011972864083324,15.209013698113072,14.956556487469125,15.17822551727295,26200,0.0,0.0
2022-03-17 00:00:00-04:00,15.190543347854446,15.412213589438855,15.172070436239341,15.326007843017578,30300,0.0,0.0
2022-03-18 00:00:00-04:00,15.301377170805537,15.627723693847658,15.233644341744368,15.627723693847656,16600,0.0,0.0
2022-03-21 00:00:00-04:00,15.449157755312653,15.449157755312653,15.190542873030987,15.362953186035156,30200,0.0,0.0
2022-03-22 00:00:00-04:00,15.479943530786786,15.572306904156374,15.406054241430011,15.442998886108398,20500,0.0,0.0
2022-03-23 00:00:00-04:00,15.338321256908294,15.356794166282658,15.153596860960933,15.17206859588623,13600,0.0,0.0
2022-03-24 00:00:00-04:00,15.209015528987162,15.4922597801194,15.209015528987162,15.399897575378418,11400,0.0,0.0
2022-03-25 00:00:00-04:00,15.406054753998687,15.436841763180134,15.295219641826893,15.319849014282227,14500,0.0,0.0
2022-03-28 00:00:00-04:00,15.276745544091316,15.412211192636965,15.215170356065931,15.3383207321167,15200,0.0,0.0
2022-03-29 00:00:00-04:00,15.627724448103224,15.627724448103224,15.541519879282335,15.559992790222168,13900,0.0,0.0
2022-03-30 00:00:00-04:00,15.498415485263806,15.54767539994905,15.436840298294998,15.467628479003906,22700,0.0,0.0
2022-03-31 00:00:00-04:00,15.52304557298344,15.541518482262754,15.461471557617188,15.461471557617188,10000,0.0,0.0
2022-04-01 00:00:00-04:00,15.66466999053955,15.707772274181089,15.640039443059159,15.66466999053955,39700,0.0,0.0
2022-04-04 00:00:00-04:00,15.830920663209227,15.997173326690197,15.830920663209227,15.9787015914917,59200,0.0,0.0
2022-04-05 00:00:00-04:00,15.90481165813224,15.941756304211248,15.775504809631151,15.787818908691406,17700,0.0,0.0
2022-04-06 00:00:00-04:00,15.71392822265625,15.732399956832689,15.627722490186466,15.71392822265625,6800,0.0,0.0
2022-04-07 00:00:00-04:00,15.646196823915401,15.720087290698384,15.559992258042861,15.676983833312988,11300,0.0,0.0
2022-04-08 00:00:00-04:00,15.720087489664095,15.874024887498628,15.720087489664095,15.818607330322266,45600,0.0,0.0
2022-04-11 00:00:00-04:00,15.76934674845142,15.787818483769204,15.652354002159393,15.67082691192627,10100,0.0,0.0
2022-04-12 00:00:00-04:00,15.596936720862566,15.670827186776942,15.44915696348293,15.541519165039062,11200,0.0,0.0
2022-04-13 00:00:00-04:00,15.510732412494583,15.516890049293366,15.46763012935224,15.5045747756958,15900,0.0,0.0
2022-04-14 00:00:00-04:00,15.424526232109093,15.473786150646143,15.356794578151336,15.381423950195312,13200,0.0,0.0
2022-04-18 00:00:00-04:00,15.295219859510496,15.486101902940177,15.295219859510496,15.418370246887207,10700,0.0,0.0
2022-04-19 00:00:00-04:00,15.25211647234987,15.264431745086018,15.042761533631577,15.147439002990723,48000,0.0,0.0
2022-04-20 00:00:00-04:00,15.276746273243,15.332163827665996,15.233643991902689,15.289061546325684,41800,0.0,0.0
2022-04-21 00:00:00-04:00,15.412212168598485,15.498416732623415,15.270588874837253,15.295219421386719,15200,0.0,0.0
2022-04-22 00:00:00-04:00,15.276746324118223,15.276746324118223,15.116651296857423,15.135124206542969,14500,0.0,0.0
2022-04-25 00:00:00-04:00,15.005818586092616,15.055078508156372,14.93192811577239,15.030447959899902,32200,0.0,0.0
2022-04-26 00:00:00-04:00,15.055078791463947,15.098181077274687,14.894983748131763,14.92577075958252,19200,0.0,0.0
2022-04-27 00:00:00-04:00,14.999659505375181,15.092021703549108,14.925769042166598,15.085864067077637,9000,0.0,0.0
2022-04-28 00:00:00-04:00,15.215170861813224,15.27058841543323,15.153596846190167,15.264431953430176,15600,0.0,0.0
2022-04-29 00:00:00-04:00,15.085864083571694,15.252116745135975,15.02428889323873,15.04276180267334,13000,0.0,0.0
2022-05-02 00:00:00-04:00,15.024288639099241,15.122808472185868,14.944241715134751,15.079706192016602,22100,0.0,0.0
2022-05-03 00:00:00-04:00,15.079707164234776,15.079707164234776,14.968872051254303,15.036604881286621,8800,0.0,0.0
2022-05-04 00:00:00-04:00,14.90114019523164,14.944242477600016,14.728729891309028,14.919611930847168,28900,0.0,0.0
2022-05-05 00:00:00-04:00,14.710255679462767,14.90113887655784,14.494744286692535,14.537846565246582,19800,0.0,0.0
2022-05-06 00:00:00-04:00,14.463957122911134,14.463957122911134,14.254602177115816,14.340807914733887,13800,0.0,0.0
2022-05-09 00:00:00-04:00,14.045247591164973,14.217657896369241,13.95288538905341,13.971358299255371,14100,0.0,0.0
2022-05-10 00:00:00-04:00,14.180713288645297,14.180713288645297,13.749688111697148,13.835892677307129,19100,0.0,0.0
2022-05-11 00:00:00-04:00,13.823577190177641,13.946726389476149,13.63885162955637,13.694269180297852,23100,0.0,0.0
2022-05-12 00:00:00-04:00,13.58343555386712,13.651168384228397,13.429498157190865,13.552648544311523,38500,0.0,0.0
2022-05-13 00:00:00-04:00,13.577275754665667,13.645008574239396,13.472598294619424,13.589591026306152,17200,0.0,0.0
2022-05-16 00:00:00-04:00,13.478756641342024,13.657324566200344,13.478756641342024,13.608064651489258,16200,0.0,0.0
2022-05-17 00:00:00-04:00,13.934411733848648,14.088349120620702,13.934411733848648,14.063719749450684,13400,0.0,0.0
2022-05-18 00:00:00-04:00,13.940569707204414,14.082192999039096,13.743530035285481,13.762002944946289,18300,0.0,0.0
2022-05-19 00:00:00-04:00,13.725059447402602,13.97135905789037,13.700428899129234,13.854366302490234,27900,0.0,0.0
2022-05-20 00:00:00-04:00,13.952886084946822,14.032934192031892,13.823579230431344,13.983673095703125,10000,0.0,0.0
2022-05-23 00:00:00-04:00,14.076035756470079,14.242287250274337,14.002145290207762,14.014460563659668,21100,0.0,0.0
2022-05-24 00:00:00-04:00,13.934411062793464,13.965199243334608,13.81741950008412,13.891308784484863,18500,0.0,0.0
2022-05-25 00:00:00-04:00,13.768160359119198,13.872837829941536,13.675796986756085,13.712742805480957,35600,0.0,0.0
2022-05-26 00:00:00-04:00,13.71890059695345,13.977515458704472,13.71890059695345,13.9590425491333,20600,0.0,0.0
2022-05-27 00:00:00-04:00,14.014461238686813,14.137610455790181,13.99598832761918,14.094508171081543,13200,0.0,0.0
2022-05-31 00:00:00-04:00,14.199185113867488,14.531690453798436,14.199185113867488,14.260760307312012,23700,0.0,0.0
2022-06-01 00:00:00-04:00,14.38391075121818,14.38391075121818,13.829735182469872,14.131453514099121,122700,0.0,0.0
2022-06-02 00:00:00-04:00,14.229973006593047,14.408539772033693,14.229973006593047,14.408539772033691,15400,0.0,0.0
2022-06-03 00:00:00-04:00,14.279232792384862,14.279232792384862,14.088349580947225,14.11913776397705,22400,0.0,0.0
2022-06-06 00:00:00-04:00,14.199184673522682,14.359279701733929,14.149924755184538,14.162240028381348,23200,0.0,0.0
2022-06-07 00:00:00-04:00,14.125296096896239,14.19302775400253,14.032933892151911,14.156083106994629,43700,0.0,0.0
2022-06-08 00:00:00-04:00,14.02677631378174,14.1437678922032,14.014461039911325,14.026776313781738,13900,0.0,0.0
2022-06-09 00:00:00-04:00,14.057562589732038,14.14376715342385,14.020617944499703,14.076035499572754,17000,0.0,0.0
2022-06-10 00:00:00-04:00,13.909782409667969,13.9528846901979,13.854364856286896,13.909782409667969,12400,0.0,0.0
2022-06-13 00:00:00-04:00,13.6696405561077,14.057562258016176,13.571120721513514,13.577277183532715,22500,0.0,0.0
2022-06-14 00:00:00-04:00,13.70658614164838,13.78663307233428,13.583435752724835,13.669641494750977,18000,0.0,0.0
2022-06-15 00:00:00-04:00,13.74353001795482,13.860522763427564,13.669640728302937,13.780474662780762,18400,0.0,0.0
2022-06-16 00:00:00-04:00,13.497229123490774,13.515702031342375,13.318661204272207,13.398709297180176,14200,0.0,0.0
2022-06-17 00:00:00-04:00,13.3802375965805,13.466443333217043,13.281717761380802,13.36176586151123,20200,0.0,0.0
2022-06-21 00:00:00-04:00,13.472598755316952,13.762001776519835,13.472598755316952,13.64500904083252,15500,0.0,0.0
2022-06-22 00:00:00-04:00,13.472599554629488,13.583434660861705,13.355607986450195,13.355607986450195,13500,0.0,0.0
2022-06-23 00:00:00-04:00,13.404867855695011,13.540332332582926,13.34329266640085,13.484914779663086,13200,0.0,0.0
2022-06-24 00:00:00-04:00,13.552648684730613,14.22381583514899,13.546491047865867,13.823578834533691,83800,0.0,0.0
2022-06-27 00:00:00-04:00,13.811263561694151,13.989830332986697,13.74353073062673,13.798948287963867,27000,0.0,0.0
2022-06-28 00:00:00-04:00,13.848208248191314,14.279233434395502,13.68811321258545,13.68811321258545,42700,0.0,0.0
2022-06-29 00:00:00-04:00,13.725057823913357,13.811262383774942,13.68195436953352,13.749687194824219,21100,0.0,0.0
2022-06-30 00:00:00-04:00,13.651167835879617,13.811262862926021,13.651167835879617,13.762002944946289,7100,0.0,0.0
2022-07-01 00:00:00-04:00,13.725059706445403,13.842051289604418,13.706586794891725,13.792791366577148,24800,0.0,0.0
2022-07-05 00:00:00-04:00,13.638852090800745,13.811262384988105,13.608065083547201,13.774317741394043,13200,0.0,0.0
2022-07-06 00:00:00-04:00,13.86052318694185,14.05140522789896,13.86052318694185,13.971358299255371,12800,0.0,0.0
2022-07-07 00:00:00-04:00,14.063721199592079,14.162241043328866,14.002146003644292,14.032934188842773,15900,0.0,0.0
2022-07-08 00:00:00-04:00,14.069878777233473,14.260760826861514,14.03909059216497,14.13761043548584,13000,0.0,0.0
2022-07-11 00:00:00-04:00,14.020616289174104,14.119136114461446,13.965198740643853,13.989828109741211,25600,0.0,0.0
2022-07-12 00:00:00-04:00,14.002145308476184,14.149925066744506,13.95288538905341,13.971358299255371,13100,0.0,0.0
2022-07-13 00:00:00-04:00,13.86052177839272,13.983670977210293,13.81741950008412,13.891308784484863,9800,0.0,0.0
2022-07-14 00:00:00-04:00,13.866681515269837,13.995988369785316,13.829735693023261,13.983673095703125,7100,0.0,0.0
2022-07-15 00:00:00-04:00,14.045247991521776,14.199185390912039,14.014460981423385,14.156083106994629,9100,0.0,0.0
2022-07-18 00:00:00-04:00,14.229973354912488,14.297705010969022,14.076035957908065,14.106822967529297,11700,0.0,0.0
2022-07-19 00:00:00-04:00,14.199184605128258,14.377752542274594,14.186870506439856,14.35927963256836,41900,0.0,0.0
2022-07-20 00:00:00-04:00,14.383909025220227,14.408538395070785,14.131451818394785,14.223814010620117,32100,0.0,0.0
2022-07-21 00:00:00-04:00,14.291547006682793,14.476272583007814,13.878995920789853,14.476272583007812,43000,0.0,0.0
2022-07-22 00:00:00-04:00,14.488587140746157,14.513216511703616,14.420854315327311,14.482429504394531,18300,0.0,0.0
2022-07-25 00:00:00-04:00,14.488588573775909,14.494746210736572,14.433171015579106,14.44548511505127,7500,0.0,0.0
2022-07-26 00:00:00-04:00,14.482429549447524,14.482429549447524,14.29770398167121,14.303861618041992,12600,0.0,0.0
2022-07-27 00:00:00-04:00,14.371596462826883,14.771833487567122,14.371596462826883,14.61789608001709,14400,0.0,0.0
2022-07-28 00:00:00-04:00,14.691783626337433,15.147438121002054,14.691783626337433,14.814932823181152,28000,0.0,0.0
2022-07-29 00:00:00-04:00,15.03044602247237,15.1782257696148,14.944241463584879,15.116650581359863,23300,0.0,0.0
2022-08-01 00:00:00-04:00,15.110495292239927,15.21517159361334,14.987344906172549,15.190542221069336,40500,0.0,0.0
2022-08-02 00:00:00-04:00,15.153597302074589,15.399896895323751,15.153597302074589,15.295219421386719,10500,0.0,0.0
2022-08-03 00:00:00-04:00,15.362952249948652,15.362952249948652,15.289061784749352,15.295219421386719,9400,0.0,0.0
2022-08-04 00:00:00-04:00,15.221329906765078,15.338322661283083,15.209015807170426,15.270589828491211,7700,0.0,0.0
2022-08-05 00:00:00-04:00,15.165911436016753,15.252117174690394,15.135124427207733,15.209014892578125,5300,0.0,0.0
2022-08-08 00:00:00-04:00,15.319848995799939,15.44915701799407,15.289061986655636,15.387581825256348,8700,0.0,0.0
2022-08-09 00:00:00-04:00,15.2952199367496,15.2952199367496,15.18438482244068,15.196700096130371,15600,0.0,0.0
2022-08-10 00:00:00-04:00,15.406054973259709,15.510732450195174,15.356795053198852,15.418370246887207,17800,0.0,0.0
2022-08-11 00:00:00-04:00,15.406055232965752,15.510732711665806,15.326007127486747,15.332164764404297,8100,0.0,0.0
2022-08-12 00:00:00-04:00,15.301376988609793,15.627723507766056,15.301376988609793,15.516889572143555,26800,0.0,0.0
2022-08-15 00:00:00-04:00,15.57846355456939,15.652354019268568,15.53536127284866,15.603094100952148,2200,0.0,0.0
2022-08-16 00:00:00-04:00,15.652354460684744,15.738559026557285,15.627723913607374,15.676983833312988,11500,0.0,0.0
2022-08-17 00:00:00-04:00,15.61540841801997,15.66466833332023,15.516888587419448,15.578462600708008,12600,0.0,0.0
2022-08-18 00:00:00-04:00,15.584620986361594,15.584620986361594,15.442998869869133,15.51073169708252,6300,0.0,0.0
2022-08-19 00:00:00-04:00,15.356794151313828,15.356794151313828,15.14128157328593,15.264431953430176,15100,0.0,0.0
2022-08-22 00:00:00-04:00,15.128967804027415,15.128967804027415,14.999660949028497,15.030447959899902,7700,0.0,0.0
2022-08-23 00:00:00-04:00,15.07970732688818,15.221329450802301,15.07970732688818,15.215171813964844,3000,0.0,0.0
2022-08-24 00:00:00-04:00,15.116652170086637,15.375267048377998,15.116652170086637,15.332164764404297,16500,0.0,0.0
2022-08-25 00:00:00-04:00,15.209014857361788,15.301377058024086,15.209014857361788,15.295219421386719,8600,0.0,0.0
2022-08-26 00:00:00-04:00,15.362952691382397,15.436841984255704,15.245959940809003,15.369109153747559,22800,0.0,0.0
2022-08-29 00:00:00-04:00,15.289061070074371,15.381423266419272,15.289061070074371,15.301376342773438,16900,0.0,0.0
2022-08-30 00:00:00-04:00,15.436840549852423,15.609250841284867,15.282903167146358,15.40605354309082,38300,0.0,0.0
2022-08-31 00:00:00-04:00,15.356793895470187,15.609251113555803,15.301376342773436,15.301376342773438,13300,0.0,0.0
2022-09-01 00:00:00-04:00,15.326006869130106,15.504574813381424,15.135124825700425,15.418370246887207,29700,0.0,0.0
2022-09-02 00:00:00-04:00,15.510732229106116,15.553834511738847,15.319849013948136,15.34447956085205,21100,0.0,0.0
2022-09-06 00:00:00-04:00,15.39989733781905,15.455314894698597,15.30137749768855,15.369109153747559,16800,0.0,0.0
2022-09-07 00:00:00-04:00,15.449156506383902,15.529203432177749,15.344479034530979,15.51073169708252,45800,0.0,0.0
2022-09-08 00:00:00-04:00,15.461471999646472,15.535361289978027,15.461471999646472,15.535361289978027,14500,0.0,0.0
2022-09-09 00:00:00-04:00,15.590779304504396,15.633881587543133,15.547677021465658,15.590779304504395,20300,0.0,0.0
2022-09-12 00:00:00-04:00,15.633881984769227,15.83092166906649,15.633881984769227,15.800134658813477,30600,0.0,0.0
2022-09-13 00:00:00-04:00,15.615409927130639,15.615409927130639,15.418370246887207,15.418370246887207,20800,0.0,0.0
2022-09-14 00:00:00-04:00,15.535361492504588,15.880182100044076,15.535361492504588,15.627723693847656,21800,0.0,0.0
2022-09-15 00:00:00-04:00,15.627723010905239,15.652353556559877,15.535360813598462,15.547676086425781,14900,0.0,0.0
2022-09-16 00:00:00-04:00,15.418370506800853,15.418370506800853,15.301377754265697,15.332164764404297,23200,0.0,0.0
2022-09-19 00:00:00-04:00,15.332163304827002,15.49225832609528,15.332163304827002,15.455313682556152,21600,0.0,0.0
2022-09-20 00:00:00-04:00,15.535360845836315,15.535360845836315,15.393738731375436,15.461471557617188,32900,0.0,0.0
2022-09-21 00:00:00-04:00,15.504575313976522,15.572308146665513,15.332165000972354,15.362953186035156,44500,0.0,0.0
2022-09-22 00:00:00-04:00,15.276745843373115,15.276745843373115,15.092021450127113,15.147439002990723,31700,0.0,0.0
2022-09-23 00:00:00-04:00,14.8949809168561,14.938083194473853,14.814932823181152,14.814932823181152,199000,0.0,0.0
2022-09-26 00:00:00-04:00,14.562476907717302,14.624052098812646,14.488587617962157,14.494745254516602,90700,0.0,0.0
2022-09-27 00:00:00-04:00,14.550161891943361,14.587107711923444,14.365437489839367,14.408539772033691,29400,0.0,0.0
2022-09-28 00:00:00-04:00,14.433170283212315,14.562477129477468,14.433170283212315,14.544005393981934,51900,0.0,0.0
2022-09-29 00:00:00-04:00,14.334649124889443,14.334649124889443,14.112978923775747,14.18071174621582,38400,0.0,0.0
2022-09-30 00:00:00-04:00,14.279234148882232,14.654840621935177,14.279234148882232,14.32849407196045,26000,0.0,0.0
2022-10-03 00:00:00-04:00,14.451642770642037,14.568635524147126,14.205343164143821,14.427013397216797,43000,0.0,0.0
2022-10-04 00:00:00-04:00,14.550162276773609,14.710257310907595,14.550162276773609,14.66099739074707,33500,0.0,0.0
2022-10-05 00:00:00-04:00,14.599421024943634,14.642524479266893,14.574791654065102,14.611736297607422,74400,0.0,0.0
2022-10-06 00:00:00-04:00,14.513217947169398,14.89498321758636,14.42085574165778,14.44548511505127,31600,0.0,0.0
2022-10-07 00:00:00-04:00,14.377751871872537,14.439327060239785,14.223814488178931,14.236129760742188,23900,0.0,0.0
2022-10-10 00:00:00-04:00,14.359280584903974,14.451642790662614,14.359280584903974,14.3839111328125,11700,0.0,0.0
2022-10-11 00:00:00-04:00,14.32849147270428,14.32849147270428,14.19302582797639,14.199183464050293,26800,0.0,0.0
2022-10-12 00:00:00-04:00,14.16839810436979,14.34080841112463,14.143767557212328,14.260760307312012,21500,0.0,0.0
2022-10-13 00:00:00-04:00,14.156082340532423,14.334650277892399,14.032933132357455,14.316177368164062,58900,0.0,0.0
2022-10-14 00:00:00-04:00,14.41469604504217,14.41469604504217,14.119136559856571,14.18071174621582,44400,0.0,0.0
2022-10-17 00:00:00-04:00,14.359279650013475,14.47011475948736,14.310019731852758,14.340807914733887,45900,0.0,0.0
2022-10-18 00:00:00-04:00,14.420855780226123,14.938085541813502,14.328493574467483,14.3839111328125,51400,0.0,0.0
2022-10-19 00:00:00-04:00,14.28538990020752,14.39006736973603,14.273074627451447,14.28538990020752,57600,0.0,0.0
2022-10-20 00:00:00-04:00,14.359279835446877,14.630209976054113,14.359279835446877,14.476272583007812,27000,0.0,0.0
2022-10-21 00:00:00-04:00,14.463957021653025,14.660996692916472,14.439327649969634,14.648682594299316,22900,0.0,0.0
2022-10-24 00:00:00-04:00,14.6055795963263,14.673312425864356,14.562477313692671,14.654839515686035,24000,0.0,0.0
2022-10-25 00:00:00-04:00,14.59942217744175,14.753359574544001,14.59942217744175,14.728730201721191,22200,0.0,0.0
2022-10-26 00:00:00-04:00,14.728731133795405,14.845723891842493,14.728731133795405,14.771833419799805,111300,0.0,0.0
2022-10-27 00:00:00-04:00,14.72872999995785,14.796462829578715,14.63636779785156,14.636367797851562,15200,0.0,0.0
2022-10-28 00:00:00-04:00,14.587108097000778,14.777990140807113,14.53169054001682,14.685627937316895,66100,0.0,0.0
2022-10-31 00:00:00-04:00,14.531690085519168,14.636367559387258,14.531690085519168,14.605579376220703,18600,0.0,0.0
2022-11-01 00:00:00-04:00,14.734887379071411,14.734887379071411,14.660996914008788,14.697942733764648,13200,0.0,0.0
2022-11-02 00:00:00-04:00,14.62405160022101,14.722571432834997,14.500901222229004,14.500901222229004,28800,0.0,0.0
2022-11-03 00:00:00-04:00,14.482429237561002,14.636366620168285,14.482429237561002,14.587106704711914,12900,0.0,0.0
2022-11-04 00:00:00-04:00,14.79030462724106,14.90729619735883,14.79030462724106,14.8641939163208,54200,0.0,0.0
2022-11-07 00:00:00-05:00,14.901139974548679,14.925769346487662,14.845722419624602,14.89498233795166,22800,0.0,0.0
2022-11-08 00:00:00-05:00,14.931927405077186,15.067391890692695,14.931927405077186,15.036604881286621,36400,0.0,0.0
2022-11-09 00:00:00-05:00,14.931926503602186,14.981186420347449,14.839564306510953,14.858036041259766,27800,0.0,0.0
2022-11-10 00:00:00-05:00,15.08586425464216,15.227486371899593,15.08586425464216,15.221328735351562,39300,0.0,0.0
2022-11-11 00:00:00-05:00,15.295218271932924,15.295218271932924,15.09817861214136,15.159753799438477,22400,0.0,0.0
2022-11-14 00:00:00-05:00,15.079707881963659,15.079707881963659,15.005818586092616,15.030447959899902,21900,0.0,0.0
2022-11-15 00:00:00-05:00,15.147439273904657,15.147439273904657,15.018131256760526,15.04276180267334,17100,0.0,0.0
2022-11-16 00:00:00-05:00,15.0366041993598,15.055077108835153,14.919611454914037,14.956557273864746,24000,0.0,0.0
2022-11-17 00:00:00-05:00,14.851880312391344,14.864194411348686,14.777989846401727,14.80877685546875,23500,0.0,0.0
2022-11-18 00:00:00-05:00,14.870351826109053,14.870351826109053,14.759516716003418,14.759516716003418,27000,0.0,0.0
2022-11-21 00:00:00-05:00,14.67331292243057,14.691785833234041,14.611737727534829,14.624053001403809,14500,0.0,0.0
2022-11-22 00:00:00-05:00,14.660997390747072,14.697943211704317,14.648683291543794,14.66099739074707,52300,0.0,0.0
2022-11-23 00:00:00-05:00,14.660997390747072,14.734887858212426,14.624052744238963,14.66099739074707,60800,0.0,0.0
2022-11-25 00:00:00-05:00,14.741044709704873,14.87035155281896,14.741044709704873,14.8641939163208,4500,0.0,0.0
2022-11-28 00:00:00-05:00,14.876509189317117,14.944242016347776,14.845722181275404,14.8641939163208,16000,0.0,0.0
2022-11-29 00:00:00-05:00,14.9319262359956,15.07970598358291,14.9319262359956,14.987343788146973,40300,0.0,0.0
2022-11-30 00:00:00-05:00,15.153596845433126,15.295218960477587,15.030446465295032,15.239801406860352,42300,0.0,0.0
2022-12-01 00:00:00-05:00,15.276747465513123,15.301378013600777,15.258275728896558,15.270589828491211,121100,0.0,0.0
2022-12-02 00:00:00-05:00,15.227487105905452,15.252117653284829,15.159755449510444,15.196700096130371,33700,0.0,0.0
2022-12-05 00:00:00-05:00,15.135124462841999,15.135124462841999,15.06739163396376,15.073549270629883,20800,0.0,0.0
2022-12-06 00:00:00-05:00,15.085863860114818,15.085863860114818,14.975028754047026,14.993501663208008,7500,0.0,0.0
2022-12-07 00:00:00-05:00,15.11665197346379,15.252117634989592,15.104337874238013,15.215171813964844,94100,0.0,0.0
2022-12-08 00:00:00-05:00,15.276747187151484,15.455315134185716,15.276747187151484,15.375267028808594,62500,0.0,0.0
2022-12-09 00:00:00-05:00,15.307535669473028,15.35679559125982,15.24596047362724,15.252118110656738,40100,0.0,0.0
2022-12-12 00:00:00-05:00,15.34447790375129,15.34447790375129,15.209013433756374,15.282902717590332,55200,0.0,0.0
2022-12-13 00:00:00-05:00,15.467629432193377,15.479943530786786,15.369108422302544,15.442998886108398,34500,0.0,0.0
2022-12-14 00:00:00-05:00,15.455314654712755,15.479944027138375,15.369108915100295,15.387581825256348,71700,0.0,0.0
2022-12-15 00:00:00-05:00,15.419078048966323,15.419078048966323,15.052829150918395,15.170028686523438,81900,3.983,0.0
2022-12-16 00:00:00-05:00,15.155381426719558,15.213981200841262,15.074806213378906,15.074806213378906,29000,0.0,0.0
2022-12-19 00:00:00-05:00,15.126078605651855,15.594878126471693,15.104104566809212,15.126078605651855,58600,0.0,0.0
2022-12-20 00:00:00-05:00,15.104105598782416,15.155380222423355,15.074805015485476,15.148055076599121,23900,0.0,0.0
2022-12-21 00:00:00-05:00,15.148055676075787,15.148055676075787,15.00888069416495,15.030856132507324,27400,0.0,0.0
2022-12-22 00:00:00-05:00,14.920982204361076,14.957606538954874,14.803781259977539,14.877031326293945,66600,0.0,0.0
2022-12-23 00:00:00-05:00,14.752506032714189,14.840406388144755,14.627981344179327,14.671932220458984,34300,0.0,0.0
2022-12-27 00:00:00-05:00,14.745180837480731,14.869705525600207,14.745180837480731,14.81843090057373,41400,0.0,0.0
2022-12-28 00:00:00-05:00,14.957605933985134,14.957605933985134,14.745180889972097,14.833081245422363,57300,0.0,0.0
2022-12-29 00:00:00-05:00,14.979581780533037,14.979581780533037,14.906331715182187,14.96493148803711,24400,0.0,0.0
2022-12-30 00:00:00-05:00,14.906330929504676,14.906330929504676,14.833080868014664,14.869705200195312,47400,0.0,0.0
2023-01-03 00:00:00-05:00,14.986904846604457,15.00155513843268,14.891680743978467,14.899005889892578,30100,0.0,0.0
2023-01-04 00:00:00-05:00,14.884355545043945,14.942955315019365,14.855056358620596,14.884355545043945,42800,0.0,0.0
2023-01-05 00:00:00-05:00,14.833080920956542,14.920981274484033,14.833080920956542,14.884355545043945,16800,0.0,0.0
2023-01-06 00:00:00-05:00,14.899006165995097,15.008880562485457,14.855056686824701,14.994230270385742,23700,0.0,0.0
2023-01-09 00:00:00-05:00,15.023530661611497,15.170029389340653,15.023530661611497,15.082130432128906,17800,0.0,0.0
2023-01-10 00:00:00-05:00,15.07480435986759,15.126078981278546,15.07480435986759,15.089454650878906,19500,0.0,0.0
2023-01-11 00:00:00-05:00,15.177354349900808,15.477678344775082,15.13340487183179,15.33117961883545,108000,0.0,0.0
2023-01-12 00:00:00-05:00,15.382455497310158,15.550929674588826,15.257930801684875,15.433730125427246,43600,0.0,0.0
2023-01-13 00:00:00-05:00,15.638828521110597,15.638828521110597,15.477678108766934,15.56557846069336,109300,0.0,0.0
2023-01-17 00:00:00-05:00,15.528954452886477,15.594879368923905,15.46302953684905,15.514304161071777,127300,0.0,0.0
2023-01-18 00:00:00-05:00,15.528953525291573,15.594878437391092,15.514303234351981,15.521628379821777,44700,0.0,0.0
2023-01-19 00:00:00-05:00,15.506979015164426,15.580229077109204,15.506979015164426,15.514304161071777,34600,0.0,0.0
2023-01-20 00:00:00-05:00,15.587554276250614,15.587554276250614,15.521629359988042,15.52895450592041,14400,0.0,0.0
2023-01-23 00:00:00-05:00,15.506979015164426,15.558253639387154,15.506979015164426,15.514304161071777,33300,0.0,0.0
2023-01-24 00:00:00-05:00,15.51430528715726,15.550929622223615,15.404430884829367,15.419079780578613,31300,0.0,0.0
2023-01-25 00:00:00-05:00,15.301878974379148,15.301878974379148,15.148055103186346,15.155380249023438,50800,0.0,0.0
2023-01-26 00:00:00-05:00,15.177354262767354,15.21397999188853,15.133404784950649,15.148055076599121,13600,0.0,0.0
2023-01-27 00:00:00-05:00,15.038180477243126,15.038180477243126,14.774480819702147,14.774480819702148,52900,0.0,0.0
2023-01-30 00:00:00-05:00,14.752505329156246,14.796456203339856,14.752505329156246,14.759830474853516,21200,0.0,0.0
2023-01-31 00:00:00-05:00,14.715882301330566,14.818431555918757,14.68658171594605,14.715882301330566,153800,0.0,0.0
2023-02-01 00:00:00-05:00,14.664607189773383,14.664607189773383,14.481482728553821,14.562056541442871,87300,0.0,0.0
2023-02-02 00:00:00-05:00,14.554732269526331,14.576706309920759,14.518106540321098,14.540081977844238,60000,0.0,0.0
2023-02-03 00:00:00-05:00,14.540082683575994,14.693906562317984,14.540082683575994,14.613332748413086,34900,0.0,0.0
2023-02-06 00:00:00-05:00,14.576707563326648,14.657282777377862,14.525432935159087,14.642632484436035,75300,0.0,0.0
2023-02-07 00:00:00-05:00,14.693907060462859,14.693907060462859,14.591357804491627,14.627982139587402,26600,0.0,0.0
2023-02-08 00:00:00-05:00,14.69390626476309,14.86238182961537,14.69390626476309,14.833081245422363,50300,0.0,0.0
2023-02-09 00:00:00-05:00,14.891680357025095,14.913655794196407,14.774480819702147,14.774480819702148,20000,0.0,0.0
2023-02-10 00:00:00-05:00,14.818429973759704,14.891680032271303,14.818429973759704,14.82575511932373,14700,0.0,0.0
2023-02-13 00:00:00-05:00,14.825755496173187,14.825755496173187,14.745180290049458,14.789131164550781,16700,0.0,0.0
2023-02-14 00:00:00-05:00,14.693905560706787,14.825755389000243,14.664606375046398,14.759830474853516,99800,0.0,0.0
2023-02-15 00:00:00-05:00,14.825755827880194,14.906331035806689,14.803780390137861,14.899005889892578,150800,0.0,0.0
2023-02-16 00:00:00-05:00,14.935631230512417,14.942956376920986,14.862382560684361,14.913657188415527,46200,0.0,0.0
2023-02-17 00:00:00-05:00,14.920980614527405,14.920980614527405,14.818429973759704,14.82575511932373,55000,0.0,0.0
2023-02-21 00:00:00-05:00,14.789132367663049,14.789132367663049,14.715882301330566,14.715882301330566,18800,0.0,0.0
2023-02-22 00:00:00-05:00,14.67925789100346,14.67925789100346,14.532757759094237,14.532757759094238,24600,0.0,0.0
2023-02-23 00:00:00-05:00,14.562055748083548,14.635305808006368,14.562055748083548,14.606006622314453,16800,0.0,0.0
2023-02-24 00:00:00-05:00,14.510782320169213,14.584032386123825,14.503457173860872,14.532757759094238,17700,0.0,0.0
2023-02-27 00:00:00-05:00,14.525431632995605,14.61333198563772,14.510781341367137,14.525431632995605,17100,0.0,0.0
2023-02-28 00:00:00-05:00,14.422882026492934,14.503455834184525,14.40823173522949,14.408231735229492,44800,0.0,0.0
2023-03-01 00:00:00-05:00,14.518107192820294,14.613332695904987,14.459507420586935,14.598682403564453,52500,0.0,0.0
2023-03-02 00:00:00-05:00,14.5547327924674,14.613332564172508,14.5547327924674,14.562056541442871,39000,0.0,0.0
2023-03-03 00:00:00-05:00,14.679257265178538,14.825755993713237,14.679257265178538,14.803780555725098,44300,0.0,0.0
2023-03-06 00:00:00-05:00,14.833081139709282,14.862381723693469,14.789131660861749,14.803780555725098,13500,0.0,0.0
2023-03-07 00:00:00-05:00,14.81842968965633,14.869704310492798,14.72320559340698,14.730530738830566,26000,0.0,0.0
2023-03-08 00:00:00-05:00,14.840406718348772,14.884356198477569,14.781806945800781,14.781806945800781,16000,0.0,0.0
2023-03-09 00:00:00-05:00,14.72320671297584,14.79645677565308,14.60600717154375,14.635306358337402,23200,0.0,0.0
2023-03-10 00:00:00-05:00,14.613332668706265,14.613332668706265,14.422883060020125,14.430208206176758,32800,0.0,0.0
2023-03-13 00:00:00-04:00,14.313008502438835,14.313008502438835,14.22510814666748,14.22510814666748,14700,0.0,0.0
2023-03-14 00:00:00-04:00,14.247083532058069,14.28370786516854,14.188483760804067,14.210457801818848,10800,0.0,0.0
2023-03-15 00:00:00-04:00,13.990709527877156,13.990709527877156,13.85153454206299,13.910134315490723,41700,0.0,0.0
2023-03-16 00:00:00-04:00,13.976058443396749,14.210457523827339,13.917458673289103,14.115233421325684,17600,0.0,0.0
2023-03-17 00:00:00-04:00,14.115233916509547,14.137207957865346,13.961408641375096,13.968733787536621,45000,0.0,0.0
2023-03-20 00:00:00-04:00,14.320332168017272,14.320332168017272,13.998034125365711,14.041983604431152,16900,0.0,0.0
2023-03-21 00:00:00-04:00,14.100583322501784,14.129883906520988,14.02733325958252,14.02733325958252,22000,0.0,0.0
2023-03-22 00:00:00-04:00,14.107908195779125,14.210457443606414,14.093257904052734,14.093257904052734,23100,0.0,0.0
2023-03-23 00:00:00-04:00,14.10058201440649,14.173832070530429,14.034657103607806,14.071281433105469,16300,0.0,0.0
2023-03-24 00:00:00-04:00,14.03465873223447,14.03465873223447,13.880834853939739,13.976058959960938,12600,0.0,0.0
2023-03-27 00:00:00-04:00,14.005359245061221,14.056633870062607,13.983383807005453,14.034658432006836,10800,0.0,0.0
2023-03-28 00:00:00-04:00,13.946760047088558,13.976059235238022,13.880835127341257,13.910134315490723,22400,0.0,0.0
2023-03-29 00:00:00-04:00,14.012682967572918,14.049308697596922,13.932109155777598,14.02733325958252,10800,0.0,0.0
2023-03-30 00:00:00-04:00,14.085932705039657,14.115233288381877,14.071282413368547,14.078607559204102,2800,0.0,0.0
2023-03-31 00:00:00-04:00,14.15185768113588,14.276382366617042,14.15185768113588,14.254406929016113,9100,0.0,0.0
2023-04-03 00:00:00-04:00,14.276383503858684,14.305684089660645,14.276383503858684,14.305684089660645,3900,0.0,0.0
2023-04-04 00:00:00-04:00,14.364283430732327,14.3716085769618,14.320332553355486,14.327657699584961,6900,0.0,0.0
2023-04-05 00:00:00-04:00,14.334982216423183,14.371607945962461,14.276382446289062,14.276382446289062,19000,0.0,0.0
2023-04-06 00:00:00-04:00,14.305683658025327,14.349633138273381,14.29103336556638,14.327657699584961,4300,0.0,0.0
2023-04-10 00:00:00-04:00,14.305683631857281,14.46683265722456,14.305683631857281,14.320332527160645,23200,0.0,0.0
2023-04-11 00:00:00-04:00,14.39358264482336,14.39358264482336,14.32033257952356,14.334982872009277,35600,0.0,0.0
2023-04-12 00:00:00-04:00,14.481483607435173,14.481483607435173,14.356958910363316,14.37893295288086,25700,0.0,0.0
2023-04-13 00:00:00-04:00,14.40823173522949,14.452181211891148,14.40823173522949,14.408231735229492,23200,0.0,0.0
2023-04-14 00:00:00-04:00,14.43020897872244,14.452183021239986,14.356958910363316,14.37893295288086,19700,0.0,0.0
2023-04-17 00:00:00-04:00,14.466833120184933,14.466833120184933,14.298358943210154,14.305684089660645,31700,0.0,0.0
2023-04-18 00:00:00-04:00,14.30568297672413,14.320331871356643,14.232432915046683,14.26173210144043,23000,0.0,0.0
2023-04-19 00:00:00-04:00,14.210457801818848,14.261732427025006,14.181158614756223,14.210457801818848,37400,0.0,0.0
2023-04-20 00:00:00-04:00,14.232433319091797,14.283707944583032,14.225108173003226,14.232433319091797,14000,0.0,0.0
2023-04-21 00:00:00-04:00,14.203132655771002,14.320332198279008,14.188483760804067,14.210457801818848,27200,0.0,0.0
2023-04-24 00:00:00-04:00,14.247083663940431,14.291033143505576,14.239758517824779,14.24708366394043,28100,0.0,0.0
2023-04-25 00:00:00-04:00,14.313008422779395,14.313008422779395,14.188483734454799,14.203132629394531,32900,0.0,0.0
2023-04-26 00:00:00-04:00,14.239758113878509,14.31300817582834,14.232432967970654,14.276382446289062,24600,0.0,0.0
2023-04-27 00:00:00-04:00,14.320333203376274,14.408233564991093,14.320333203376274,14.386258125305176,24500,0.0,0.0
2023-04-28 00:00:00-04:00,14.437531227401983,14.52543157972171,14.437531227401983,14.510781288146973,27800,0.0,0.0
2023-05-01 00:00:00-04:00,14.518107518604303,14.584032438487274,14.510782372269661,14.547408103942871,254900,0.0,0.0
2023-05-02 00:00:00-04:00,14.53275672550908,14.547407017083817,14.503456142359603,14.510781288146973,31800,0.0,0.0
2023-05-03 00:00:00-04:00,14.547407017083817,14.57670620310459,14.510781288146973,14.510781288146973,28200,0.0,0.0
2023-05-04 00:00:00-04:00,14.591357309823325,14.649957082267242,14.57670701743015,14.613332748413086,20300,0.0,0.0
2023-05-05 00:00:00-04:00,14.62798088854015,14.723206387051198,14.620655742721707,14.686580657958984,70400,0.0,0.0
2023-05-08 00:00:00-04:00,14.781805965425917,14.81843029691608,14.767155673978378,14.774480819702148,21300,0.0,0.0
2023-05-09 00:00:00-04:00,14.715880447983395,14.767155068819863,14.708555302559809,14.730530738830566,38700,0.0,0.0
2023-05-10 00:00:00-04:00,14.803780337404472,14.906330982707999,14.803780337404472,14.884355545043945,81700,0.0,0.0
2023-05-11 00:00:00-04:00,14.781806893319326,14.825756373292085,14.767156600952147,14.767156600952148,27500,0.0,0.0
2023-05-12 00:00:00-04:00,14.745180156745201,14.796456176533182,14.745180156745201,14.7525053024292,29400,0.0,0.0
2023-05-15 00:00:00-04:00,14.774481579045382,14.920981706792874,14.774481579045382,14.862381935119629,11600,0.0,0.0
2023-05-16 00:00:00-04:00,14.855056958026443,14.869705853264843,14.759831454768557,14.767156600952148,31100,0.0,0.0
2023-05-17 00:00:00-04:00,14.745181489586273,14.77448207497079,14.5693821686656,14.715882301330566,34400,0.0,0.0
2023-05-18 00:00:00-04:00,14.635305808006368,14.635305808006368,14.547406853801933,14.606006622314453,21100,0.0,0.0
2023-05-19 00:00:00-04:00,14.657281743259272,14.657281743259272,14.613332264663402,14.62065601348877,25000,0.0,0.0
2023-05-22 00:00:00-04:00,14.730531342488215,14.789131111149688,14.723206196764444,14.774480819702148,10800,0.0,0.0
2023-05-23 00:00:00-04:00,14.737857714238817,14.745181463443153,14.70855712890625,14.70855712890625,9000,0.0,0.0
2023-05-24 00:00:00-04:00,14.745180156745201,14.759830448113195,14.723206116821892,14.7525053024292,7700,0.0,0.0
2023-05-25 00:00:00-04:00,14.789130238009482,14.913654913704349,14.752504511552988,14.796455383300781,14200,0.0,0.0
2023-05-26 00:00:00-04:00,14.899007216388148,15.08213168915877,14.899007216388148,15.023531913757324,23600,0.0,0.0
2023-05-30 00:00:00-04:00,15.038180894747928,15.038180894747928,14.891680770462617,14.906331062316895,30000,0.0,0.0
2023-05-31 00:00:00-04:00,14.884355545043945,14.942955315019365,14.818430629180508,14.884355545043945,13400,0.0,0.0
2023-06-01 00:00:00-04:00,14.92098168276629,15.170029664129975,14.855056765098952,15.016205787658691,112100,0.0,0.0
2023-06-02 00:00:00-04:00,15.060154349710942,15.18467903137207,15.04550545555509,15.18467903137207,41400,0.0,0.0
2023-06-05 00:00:00-04:00,15.133404731750487,15.170029063614205,15.023530339030627,15.133404731750488,15700,0.0,0.0
2023-06-06 00:00:00-04:00,15.155380578676336,15.272580120361662,15.155380578676336,15.265254974365234,20000,0.0,0.0
2023-06-07 00:00:00-04:00,15.316530851917154,15.397106067339163,15.294555412130554,15.367805480957031,15800,0.0,0.0
2023-06-08 00:00:00-04:00,15.301879035370291,15.375129096904466,15.199329787499675,15.33117961883545,22900,0.0,0.0
2023-06-09 00:00:00-04:00,15.279905867227692,15.375129974668347,15.279905867227692,15.309205055236816,20700,0.0,0.0
2023-06-12 00:00:00-04:00,15.301880039277187,15.404430691004537,15.265255704671654,15.345830917358398,12500,0.0,0.0
2023-06-13 00:00:00-04:00,15.41907983249984,15.485004753544333,15.404430936701266,15.433730125427246,49800,0.0,0.0
2023-06-14 00:00:00-04:00,15.44837919217586,15.521629253870003,15.44837919217586,15.499653816223145,24500,0.0,0.0
2023-06-15 00:00:00-04:00,15.47035370488013,15.521628325861805,15.47035370488013,15.506978034973145,44000,0.0,0.0
2023-06-16 00:00:00-04:00,15.543603949561266,15.690104079124632,15.543603949561266,15.55825424194336,41500,0.0,0.0
2023-06-20 00:00:00-04:00,15.50697896210543,15.616853356082286,15.44837919217586,15.499653816223145,31200,0.0,0.0
2023-06-21 00:00:00-04:00,15.499654521763524,15.63150435938901,15.499654521763524,15.572904586791992,21700,0.0,0.0
2023-06-22 00:00:00-04:00,15.550928115844727,15.587553844492069,15.53627782438579,15.550928115844727,21000,0.0,0.0
2023-06-23 00:00:00-04:00,15.470355805651868,15.543604475784578,15.360480006195147,15.419079780578613,52700,0.0,0.0
2023-06-26 00:00:00-04:00,15.470354550234307,15.506978882328601,15.4410539668559,15.477678298950195,31500,0.0,0.0
2023-06-27 00:00:00-04:00,15.514303917173088,15.58755397796631,15.49232847979651,15.587553977966309,43900,0.0,0.0
2023-06-28 00:00:00-04:00,15.668128640697716,15.756028997862312,15.668128640697716,15.719403266906738,24200,0.0,0.0
2023-06-29 00:00:00-04:00,15.726728413097854,15.741378705480082,15.682778933079947,15.719403266906738,25700,0.0,0.0
2023-06-30 00:00:00-04:00,15.756028531786697,15.887878365068978,15.756028531786697,15.873228073120117,38300,0.0,0.0
2023-07-03 00:00:00-04:00,15.902526961817491,15.939152691003146,15.858577483923417,15.931827545166016,30500,0.0,0.0
2023-07-05 00:00:00-04:00,15.975778005573996,15.975778005573996,15.939153671264648,15.939153671264648,25300,0.0,0.0
2023-07-06 00:00:00-04:00,15.880552184161061,15.917176514517676,15.799976980822134,15.851251602172852,19800,0.0,0.0
2023-07-07 00:00:00-04:00,15.86590287422148,15.873228020171476,15.858577728271484,15.858577728271484,8000,0.0,0.0
2023-07-10 00:00:00-04:00,15.792651835325081,15.953802242002936,15.792651835325081,15.851251602172852,49300,0.0,0.0
2023-07-11 00:00:00-04:00,15.97577702306009,15.97577702306009,15.924502399328883,15.931827545166016,58200,0.0,0.0
2023-07-12 00:00:00-04:00,15.997753716824874,16.049028344582517,15.997753716824874,16.034378051757812,18500,0.0,0.0
2023-07-13 00:00:00-04:00,16.041702131275898,16.15890167182123,16.041702131275898,16.14425277709961,53600,0.0,0.0
2023-07-14 00:00:00-04:00,16.217502071895655,16.55445181189537,16.16622744555693,16.195528030395508,34500,0.0,0.0
2023-07-17 00:00:00-04:00,16.29075044959333,16.298075595044292,16.23215068311427,16.276100158691406,28100,0.0,0.0
2023-07-18 00:00:00-04:00,16.364001545753577,16.364001545753577,16.298076629638672,16.298076629638672,27000,0.0,0.0
2023-07-19 00:00:00-04:00,16.356676677060037,16.422601594292274,16.356676677060037,16.393301010131836,36300,0.0,0.0
2023-07-20 00:00:00-04:00,16.393300838750235,16.393300838750235,16.320052173372407,16.327377319335938,31100,0.0,0.0
2023-07-21 00:00:00-04:00,16.400625931507033,16.400625931507033,16.305401828547538,16.312726974487305,25000,0.0,0.0
2023-07-24 00:00:00-04:00,16.327377319335938,16.378651943951912,16.327377319335938,16.327377319335938,8200,0.0,0.0
2023-07-25 00:00:00-04:00,16.378652167854554,16.444577085298807,16.371327021790886,16.40795135498047,39500,0.0,0.0
2023-07-26 00:00:00-04:00,16.44457678636357,16.488526264817892,16.429926494502553,16.466550827026367,36400,0.0,0.0
2023-07-27 00:00:00-04:00,16.488526866434853,16.488526866434853,16.29807725667888,16.34935188293457,55400,0.0,0.0
2023-07-28 00:00:00-04:00,16.437252972451848,16.45190186837123,16.415277532879507,16.429927825927734,42000,0.0,0.0
2023-07-31 00:00:00-04:00,16.429928448740004,16.51050366643079,16.429928448740004,16.481203079223633,42300,0.0,0.0
2023-08-01 00:00:00-04:00,16.481199852056683,16.481199852056683,16.312725699990974,16.36400032043457,21600,0.0,0.0
2023-08-02 00:00:00-04:00,16.34202572013041,16.34935086587251,16.144252373608545,16.173551559448242,15300,0.0,0.0
2023-08-03 00:00:00-04:00,16.39330153542784,16.554451959216554,16.07832862838284,16.09297752380371,32000,0.0,0.0
2023-08-04 00:00:00-04:00,16.173551943324824,16.32737721330251,16.173551943324824,16.298076629638672,20200,0.0,0.0
2023-08-07 00:00:00-04:00,16.371327728115045,16.371327728115045,16.261453326677124,16.320053100585938,9700,0.0,0.0
2023-08-08 00:00:00-04:00,16.261451613926848,16.261451613926848,16.217500740277785,16.23215103149414,26500,0.0,0.0
2023-08-09 00:00:00-04:00,16.268776045974835,16.32005206738655,16.268776045974835,16.298076629638672,7200,0.0,0.0
2023-08-10 00:00:00-04:00,16.31272623605542,16.334700275751278,16.23215103149414,16.23215103149414,21600,0.0,0.0
2023-08-11 00:00:00-04:00,16.21750289747975,16.224828044062296,16.151577975365697,16.158903121948242,12200,0.0,0.0
2023-08-14 00:00:00-04:00,16.092977001187176,16.100302147224124,16.005078043001287,16.071002960205078,19800,0.0,0.0
2023-08-15 00:00:00-04:00,15.97577827758782,16.08565267951545,15.97577827758782,16.034378051757812,24900,0.0,0.0
2023-08-16 00:00:00-04:00,16.092978554519007,16.16622862483002,16.08565340777502,16.114953994750977,6800,0.0,0.0
2023-08-17 00:00:00-04:00,16.195528941796,16.210177837910866,16.019729614257812,16.019729614257812,27100,0.0,0.0
2023-08-18 00:00:00-04:00,15.94647816691152,16.13692777123285,15.94647816691152,16.041702270507812,7100,0.0,0.0
2023-08-21 00:00:00-04:00,16.049028043283514,16.320052866937115,15.939153643418628,16.09297752380371,9900,0.0,0.0
2023-08-22 00:00:00-04:00,16.107628796622965,16.114953943343586,16.07832960686936,16.100303649902344,15500,0.0,0.0
2023-08-23 00:00:00-04:00,16.23215171352377,16.3420261080057,16.23215171352377,16.298076629638672,12700,0.0,0.0
2023-08-24 00:00:00-04:00,16.232152011542325,16.26877634466581,16.195527678418845,16.239477157592773,16200,0.0,0.0
2023-08-25 00:00:00-04:00,16.320052313961614,16.320052313961614,16.129602708655412,16.22482681274414,24800,0.0,0.0
2023-08-28 00:00:00-04:00,16.25412807635318,16.334701891757025,16.25412807635318,16.290752410888672,17100,0.0,0.0
2023-08-29 00:00:00-04:00,16.320052396473965,16.598400961249563,16.320052396473965,16.40795135498047,32500,0.0,0.0
2023-08-30 00:00:00-04:00,16.41527742918615,16.451901764446525,16.290752733320517,16.40062713623047,20100,0.0,0.0
2023-08-31 00:00:00-04:00,16.459225701896425,16.459225701896425,16.29807668260777,16.312726974487305,16300,0.0,0.0
2023-09-01 00:00:00-04:00,16.41527742918615,16.459226910924365,16.393301989752626,16.40062713623047,23700,0.0,0.0
2023-09-05 00:00:00-04:00,16.43725164043306,16.481201118887384,16.43725164043306,16.466550827026367,40000,0.0,0.0
2023-09-06 00:00:00-04:00,16.44457557667953,16.44457557667953,16.349350083716555,16.378650665283203,25400,0.0,0.0
2023-09-07 00:00:00-04:00,16.415277127346286,16.481202047305814,16.407951981003137,16.459226608276367,16400,0.0,0.0
2023-09-08 00:00:00-04:00,16.5691018560459,16.605726189416565,16.53980127164636,16.591075897216797,10600,0.0,0.0
2023-09-11 00:00:00-04:00,16.730250332017683,16.752225769599058,16.715600040296767,16.722925186157227,28200,0.0,0.0
2023-09-12 00:00:00-04:00,16.64967438870072,16.64967438870072,16.59839976707277,16.642349243164062,24900,0.0,0.0
2023-09-13 00:00:00-04:00,16.64967531630359,16.700949940788202,16.620376129653266,16.635025024414062,7500,0.0,0.0
2023-09-14 00:00:00-04:00,16.678976685357153,16.75222675112479,16.678976685357153,16.73025131225586,33100,0.0,0.0
2023-09-15 00:00:00-04:00,16.730250051735027,16.744900343210507,16.627700805664062,16.627700805664062,13900,0.0,0.0
2023-09-18 00:00:00-04:00,16.70827529875528,16.70827529875528,16.67165096569544,16.693626403808594,8500,0.0,0.0
2023-09-19 00:00:00-04:00,16.737575035868094,16.737575035868094,16.371326135289486,16.583749771118164,44500,0.0,0.0
2023-09-20 00:00:00-04:00,16.59107346421804,16.642348082269308,16.56909942626953,16.56909942626953,22900,0.0,0.0
2023-09-21 00:00:00-04:00,16.47387730794357,16.47387730794357,16.407952386355394,16.429927825927734,12000,0.0,0.0
2023-09-22 00:00:00-04:00,16.48120235035789,16.51782668561826,16.393301989752626,16.40062713623047,21400,0.0,0.0
2023-09-25 00:00:00-04:00,16.371328671454588,16.51782741610368,16.364003524652798,16.481203079223633,17900,0.0,0.0
2023-09-26 00:00:00-04:00,16.385977968527822,16.40062686411162,16.305402755737305,16.305402755737305,13600,0.0,0.0
2023-09-27 00:00:00-04:00,16.444576733399543,16.466550773991568,16.393300712051133,16.451900482177734,40900,0.0,0.0
2023-09-28 00:00:00-04:00,16.290752515067123,16.40795206288475,16.290752515067123,16.320053100585938,46400,0.0,0.0
2023-09-29 00:00:00-04:00,16.473875693563652,16.473875693563652,16.36400130072693,16.371326446533203,9200,0.0,0.0
2023-10-02 00:00:00-04:00,16.407950778435875,16.48120083936993,16.356676154920653,16.371326446533203,44000,0.0,0.0
2023-10-03 00:00:00-04:00,16.371325652425273,16.371325652425273,16.276100158691406,16.276100158691406,15500,0.0,0.0
2023-10-04 00:00:00-04:00,16.41527581729275,16.41527581729275,16.29807627941333,16.342025756835938,12700,0.0,0.0
2023-10-05 00:00:00-04:00,16.327377789040455,16.349351830434454,16.283426911994898,16.334701538085938,21900,0.0,0.0
2023-10-06 00:00:00-04:00,16.290751463611755,16.459225628084653,16.290751463611755,16.451900482177734,53500,0.0,0.0
2023-10-09 00:00:00-04:00,16.276100158691406,16.466549749030506,16.246800974016196,16.276100158691406,36500,0.0,0.0
2023-10-10 00:00:00-04:00,16.349351286395688,16.50317655667891,16.349351286395688,16.466550827026367,29300,0.0,0.0
2023-10-11 00:00:00-04:00,16.53980285650905,16.53980285650905,16.44457874234358,16.481203079223633,15300,0.0,0.0
2023-10-12 00:00:00-04:00,16.46655137496505,16.46655137496505,16.320052642866195,16.334701538085938,25000,0.0,0.0
2023-10-13 00:00:00-04:00,16.378651943951912,16.47387604722033,16.327377319335938,16.327377319335938,18300,0.0,0.0
2023-10-16 00:00:00-04:00,16.378652467725693,16.444577386376945,16.342026736736788,16.34935188293457,32000,0.0,0.0
2023-10-17 00:00:00-04:00,16.400624650143246,16.444575522348007,16.33469973896473,16.36400032043457,41600,0.0,0.0
2023-10-18 00:00:00-04:00,16.356675658483272,16.356675658483272,16.217500686645508,16.217500686645508,25400,0.0,0.0
2023-10-19 00:00:00-04:00,16.25412652197513,16.356675766570795,16.23215108507806,16.246801376342773,21500,0.0,0.0
2023-10-20 00:00:00-04:00,16.166227011292044,16.180877303317786,16.056352615356445,16.056352615356445,33200,0.0,0.0
2023-10-23 00:00:00-04:00,15.983102495099793,16.01972822503295,15.85857780758454,15.880553245544434,21400,0.0,0.0
2023-10-24 00:00:00-04:00,15.880553113050434,16.034376986100096,15.843927383422852,15.843927383422852,43500,0.0,0.0
2023-10-25 00:00:00-04:00,15.843928751781707,16.00507918180335,15.59488075444879,15.653480529785156,51600,0.0,0.0
2023-10-26 00:00:00-04:00,15.52163051195893,15.52163051195893,15.441055297851562,15.441055297851562,15200,0.0,0.0
2023-10-27 00:00:00-04:00,15.52162887671619,15.660802453711748,15.52162887671619,15.536277770996094,37300,0.0,0.0
2023-10-30 00:00:00-04:00,15.565579414244066,15.756029024144388,15.565579414244066,15.726728439331055,25800,0.0,0.0
2023-10-31 00:00:00-04:00,15.609528269970863,15.69742862376616,15.587554229368584,15.675453186035156,17400,0.0,0.0
2023-11-01 00:00:00-04:00,15.638830453113489,15.778005445386887,15.638830453113489,15.734054565429688,52300,0.0,0.0
2023-11-02 00:00:00-04:00,15.792652759072965,15.880553113050434,15.792652759072965,15.843927383422852,73400,0.0,0.0
2023-11-03 00:00:00-04:00,15.931828120234362,16.129602873589555,15.909852681929754,15.968452453613281,55600,0.0,0.0
2023-11-06 00:00:00-05:00,16.012403030858742,16.08565169624714,16.012403030858742,16.02705192565918,18100,0.0,0.0
2023-11-07 00:00:00-05:00,16.13692741850553,16.13692741850553,16.071002503176516,16.085651397705078,21900,0.0,0.0
2023-11-08 00:00:00-05:00,16.122279141494968,16.180878918317998,16.041703924439968,16.114953994750977,42900,0.0,0.0
2023-11-09 00:00:00-05:00,16.13692716392725,16.13692716392725,15.97577675249701,15.99775218963623,53900,0.0,0.0
2023-11-10 00:00:00-05:00,16.100302176891788,16.32005236701894,16.100302176891788,16.239477157592773,56200,0.0,0.0
2023-11-13 00:00:00-05:00,16.13692810070176,16.22482706010394,16.13692810070176,16.15157699584961,43100,0.0,0.0
2023-11-14 00:00:00-05:00,16.268774827786213,16.38597575653695,16.268774827786213,16.36400032043457,96100,0.0,0.0
2023-11-15 00:00:00-05:00,16.37865241513149,16.42992704122253,16.327377789040455,16.334701538085938,65400,0.0,0.0
2023-11-16 00:00:00-05:00,16.364001247467005,16.38597668481431,16.30540147833623,16.35667610168457,44400,0.0,0.0
2023-11-17 00:00:00-05:00,16.429927722141834,16.591076753267842,16.371327947447938,16.40062713623047,24700,0.0,0.0
2023-11-20 00:00:00-05:00,16.37132696914026,16.437251886372497,16.37132696914026,16.393301010131836,24000,0.0,0.0
2023-11-21 00:00:00-05:00,16.364001823100146,16.407951302212055,16.364001823100146,16.393301010131836,32200,0.0,0.0
2023-11-22 00:00:00-05:00,16.37865241513149,16.38597756130575,16.298077204343418,16.334701538085938,63200,0.0,0.0
2023-11-24 00:00:00-05:00,16.298076332553794,16.364001247467005,16.298076332553794,16.35667610168457,39500,0.0,0.0
2023-11-27 00:00:00-05:00,16.342026684260198,16.37865241513149,16.334701538085938,16.334701538085938,11300,0.0,0.0
2023-11-28 00:00:00-05:00,16.356678377851008,16.49585337282721,16.356678377851008,16.481203079223633,36900,0.0,0.0
2023-11-29 00:00:00-05:00,16.481202151584135,16.517826486402797,16.451901566026155,16.488527297973633,88800,0.0,0.0
2023-11-30 00:00:00-05:00,16.613051089300814,16.693626298076616,16.59840079731817,16.664325714111328,37200,0.0,0.0
2023-12-01 00:00:00-05:00,16.59840219499949,16.825476151336446,16.59840219499949,16.810827255249023,43100,0.0,0.0
2023-12-04 00:00:00-05:00,16.935350449834715,17.118474907394166,16.935350449834715,17.103824615478516,99700,0.0,0.0
2023-12-05 00:00:00-05:00,17.235674427299813,17.323573384428336,17.17707465683789,17.257648468017578,66300,0.0,0.0
2023-12-06 00:00:00-05:00,17.330898667246434,17.572622896951966,17.32357352123975,17.45542335510254,97400,0.0,0.0
2023-12-07 00:00:00-05:00,17.543325893155025,17.5946005244537,17.462750674183443,17.550649642944336,86800,0.0,0.0
2023-12-08 00:00:00-05:00,17.47007213163291,17.667846865270654,17.47007213163291,17.579946517944336,121700,0.0,0.0
2023-12-11 00:00:00-05:00,17.594598523313948,17.704472920332844,17.572623085058666,17.667848587036133,37600,0.0,0.0
2023-12-12 00:00:00-05:00,17.675170722130673,17.733770488332116,17.572621480560304,17.6092472076416,139900,0.0,0.0
2023-12-13 00:00:00-05:00,17.616572488718997,17.880272158133895,17.594598447686927,17.807022094726562,239400,0.0,0.0
2023-12-14 00:00:00-05:00,18.01390460368768,18.030724694112592,17.77842814989525,17.929805755615234,230500,3.136,0.0
2023-12-15 00:00:00-05:00,17.938216072650288,18.022314921997108,17.9129859366306,17.955036163330078,138300,0.0,0.0
2023-12-18 00:00:00-05:00,18.039135524704587,18.064364057388232,17.95503667297068,18.030725479125977,77500,0.0,0.0
2023-12-19 00:00:00-05:00,18.081184933028453,18.14005365058065,18.047544749254484,18.07277488708496,78500,0.0,0.0
2023-12-20 00:00:00-05:00,18.005495558842185,18.064364274547952,17.5681828078105,17.585002899169922,130000,0.0,0.0
2023-12-21 00:00:00-05:00,17.72796897336085,17.904576709644385,17.72796897336085,17.854116439819336,47900,0.0,0.0
2023-12-22 00:00:00-05:00,17.988674194653974,18.09800317670218,17.854116681403944,17.96344566345215,61200,0.0,0.0
2023-12-26 00:00:00-05:00,18.140052316769196,18.140052316769196,17.955036131773078,17.98026466369629,37500,0.0,0.0
2023-12-27 00:00:00-05:00,18.013905355726585,18.098004207309963,18.013905355726585,18.055953979492188,32500,0.0,0.0
2023-12-28 00:00:00-05:00,18.190512559539563,18.316661646285695,18.081185168952153,18.123233795166016,47500,0.0,0.0
2023-12-29 00:00:00-05:00,18.13164278551201,18.148462876639122,18.055953979492188,18.055953979492188,26000,0.0,0.0
2024-01-02 00:00:00-05:00,18.04754424147809,18.156873231615215,17.980265479875317,17.997085571289062,68200,0.0,0.0
2024-01-03 00:00:00-05:00,18.00549479967163,18.081183603545526,17.98026466369629,17.98026466369629,43500,0.0,0.0
2024-01-04 00:00:00-05:00,18.089594359691294,18.25779046064636,18.089594359691294,18.24938201904297,28900,0.0,0.0
2024-01-05 00:00:00-05:00,18.20733145322159,18.425987824056506,18.20733145322159,18.333478927612305,66000,0.0,0.0
2024-01-08 00:00:00-05:00,18.367119109610982,18.367119109610982,18.291430304166123,18.333478927612305,16300,0.0,0.0
2024-01-09 00:00:00-05:00,18.266199111938477,18.35029795802236,18.249380625963358,18.266199111938477,18300,0.0,0.0
2024-01-10 00:00:00-05:00,18.392349755994776,18.501677142416995,18.358709573063503,18.409168243408203,65200,0.0,0.0
2024-01-11 00:00:00-05:00,18.425988605266813,18.451218742835508,18.358709842469192,18.434398651123047,48000,0.0,0.0
2024-01-12 00:00:00-05:00,18.947398594391675,19.065136018173153,18.8380696116928,18.955808639526367,119200,0.0,0.0
2024-01-16 00:00:00-05:00,18.92216924219241,19.283793177691543,18.92216924219241,18.99785804748535,180600,0.0,0.0
2024-01-17 00:00:00-05:00,18.79602194098605,18.79602194098605,18.61100414676677,18.636234283447266,65300,0.0,0.0
2024-01-18 00:00:00-05:00,18.65305379584628,18.871710161470112,18.65305379584628,18.728742599487305,49800,0.0,0.0
2024-01-19 00:00:00-05:00,18.80443215360716,19.300613617699813,18.770791971067638,18.854890823364258,26600,0.0,0.0
2024-01-22 00:00:00-05:00,18.91375838297698,19.031495806566255,18.91375838297698,18.981037139892578,28100,0.0,0.0
2024-01-23 00:00:00-05:00,18.812840931885418,18.82965941796999,18.62782314848643,18.653053283691406,53300,0.0,0.0
2024-01-24 00:00:00-05:00,18.829659903367492,18.85489003922286,18.737152613335397,18.753971099853516,47600,0.0,0.0
2024-01-25 00:00:00-05:00,18.753971713185226,18.753971713185226,18.577365568578283,18.636234283447266,22300,0.0,0.0
2024-01-26 00:00:00-05:00,18.686691586541556,18.695101631486846,18.611002786085976,18.627822875976562,67300,0.0,0.0
2024-01-29 00:00:00-05:00,18.779202795655593,18.97262904112452,18.770792749671866,18.896940231323242,37800,0.0,0.0
2024-01-30 00:00:00-05:00,18.838070528879097,18.838070528879097,18.619414156887512,18.720333099365234,28100,0.0,0.0
2024-01-31 00:00:00-05:00,18.86330029177209,18.947399141495243,18.86330029177209,18.88852882385254,30000,0.0,0.0
2024-02-01 00:00:00-05:00,19.006267515305698,19.098774804700458,18.938988757540365,19.09036636352539,32700,0.0,0.0
2024-02-02 00:00:00-05:00,19.132414954318456,19.182873621546904,19.039906061022876,19.1155948638916,47100,0.0,0.0
2024-02-05 00:00:00-05:00,19.191283487089315,19.199693532224007,18.955808639526367,18.955808639526367,68900,0.0,0.0
2024-02-06 00:00:00-05:00,18.997857168149302,19.224923573518122,18.997857168149302,19.149234771728516,59500,0.0,0.0
2024-02-07 00:00:00-05:00,19.224925449081123,19.47722041029204,19.149236639907397,19.233335494995117,43000,0.0,0.0
2024-02-08 00:00:00-05:00,19.216514350610908,19.266973019278844,19.090366876914988,19.10718536376953,25700,0.0,0.0
2024-02-09 00:00:00-05:00,19.233334166216977,19.233334166216977,19.11559513560754,19.140825271606445,32700,0.0,0.0
2024-02-12 00:00:00-05:00,19.073545484758522,19.199692949848313,18.972626550255463,18.98944664001465,72600,0.0,0.0
2024-02-13 00:00:00-05:00,18.98103799150153,19.014678173494683,18.863300562629814,18.913759231567383,47300,0.0,0.0
2024-02-14 00:00:00-05:00,18.955809289785076,19.300613131875032,18.955809289785076,19.27538299560547,34800,0.0,0.0
2024-02-15 00:00:00-05:00,19.325841085787875,19.468808645599623,19.275382418810818,19.367891311645508,59600,0.0,0.0
2024-02-16 00:00:00-05:00,19.351070375981266,19.477217839939406,19.30902015196053,19.435169219970703,37600,0.0,0.0
2024-02-20 00:00:00-05:00,19.679054624146957,19.679054624146957,19.502448490739773,19.5108585357666,75100,0.0,0.0
2024-02-21 00:00:00-05:00,19.40994102686619,19.594957218905936,19.334252220110795,19.351072311401367,47900,0.0,0.0
2024-02-22 00:00:00-05:00,19.485629965659395,19.62859753449367,19.485629965659395,19.59495735168457,33300,0.0,0.0
2024-02-23 00:00:00-05:00,19.56972834094321,19.611776964376002,19.41835073010171,19.49403953552246,63000,0.0,0.0
2024-02-26 00:00:00-05:00,19.42676053665431,19.510859386537653,19.42676053665431,19.443580627441406,26700,0.0,0.0
2024-02-27 00:00:00-05:00,19.477218899859103,19.536087612639644,19.468808854597295,19.50244903564453,27800,0.0,0.0
2024-02-28 00:00:00-05:00,19.50245020228783,19.586549055884614,19.241743595732565,19.317432403564453,41000,0.0,0.0
2024-02-29 00:00:00-05:00,19.41835076511665,19.443580901653114,19.40153067409234,19.409940719604492,15000,0.0,0.0
2024-03-01 00:00:00-05:00,19.569728239481496,19.71269580408477,19.569728239481496,19.68746566772461,41700,0.0,0.0
2024-03-04 00:00:00-05:00,19.695875713177998,19.73792433639278,19.67905562227122,19.68746566772461,23000,0.0,0.0
2024-03-05 00:00:00-05:00,19.67905568911958,19.67905568911958,19.57813835144043,19.57813835144043,27700,0.0,0.0
2024-03-06 00:00:00-05:00,19.620187996014558,19.721106942998624,19.620187996014558,19.67064666748047,36100,0.0,0.0
2024-03-07 00:00:00-05:00,19.68746702916035,19.712697167265237,19.67905698312539,19.695877075195312,44300,0.0,0.0
2024-03-08 00:00:00-05:00,19.7126955320337,19.754744154668177,19.662235260009766,19.662235260009766,26800,0.0,0.0
2024-03-11 00:00:00-04:00,19.63700734115021,19.63700734115021,19.544498443603516,19.544498443603516,24200,0.0,0.0
2024-03-12 00:00:00-04:00,19.51085935470676,19.578138113693246,19.426760504960615,19.468809127807617,56700,0.0,0.0
2024-03-13 00:00:00-04:00,19.300612130532254,19.300612130532254,19.01467701718718,19.039905548095703,54100,0.0,0.0
2024-03-14 00:00:00-04:00,19.149234740906856,19.544497235353646,19.149234740906856,19.174463272094727,38200,0.0,0.0
2024-03-15 00:00:00-04:00,19.241743191943403,19.241743191943403,19.031496864389574,19.048316955566406,28000,0.0,0.0
2024-03-18 00:00:00-04:00,19.098774805742636,19.132414986653192,19.023087606798104,19.031496047973633,51200,0.0,0.0
2024-03-19 00:00:00-04:00,18.94739972129576,18.981038299783094,18.838070732094494,18.854890823364258,32200,0.0,0.0
2024-03-20 00:00:00-04:00,18.88852882385254,18.947399141495243,18.821250064884445,18.88852882385254,67900,0.0,0.0
2024-03-21 00:00:00-04:00,18.972627125743653,19.03990588276908,18.938988549256987,18.955808639526367,41800,0.0,0.0
2024-03-22 00:00:00-04:00,18.964218995140797,18.9978591790757,18.888530185339516,18.896940231323242,30900,0.0,0.0
2024-03-25 00:00:00-04:00,18.90535054683084,18.972629311607548,18.90535054683084,18.922170639038086,29800,0.0,0.0
2024-03-26 00:00:00-04:00,19.01467840959748,19.03990694235344,18.989448272789332,19.023088455200195,23000,0.0,0.0
2024-03-27 00:00:00-04:00,19.081957376312698,19.115595955034426,19.056727239232252,19.09877586364746,72000,0.0,0.0
2024-03-28 00:00:00-04:00,19.250153674302084,19.300613948977475,19.250153674302084,19.292203903198242,29600,0.0,0.0
2024-04-01 00:00:00-04:00,19.384711713413118,19.409941851420783,19.28379436948698,19.309022903442383,48400,0.0,0.0
2024-04-02 00:00:00-04:00,19.401531528404398,19.536089054419552,19.342662811279297,19.342662811279297,14300,0.0,0.0
2024-04-03 00:00:00-04:00,19.351070676962713,19.384709252650477,19.342660632027762,19.376300811767578,67800,0.0,0.0
2024-04-04 00:00:00-04:00,19.435171711934306,19.50245047494188,19.342662811279297,19.342662811279297,57000,0.0,0.0
2024-04-05 00:00:00-04:00,19.460398537640902,19.51085880850726,19.443580051404215,19.477218627929688,34700,0.0,0.0
2024-04-08 00:00:00-04:00,19.603367122768102,19.69587602014499,19.603367122768102,19.628597259521484,54800,0.0,0.0
2024-04-09 00:00:00-04:00,19.645417350690405,19.653827396274867,19.59495707718364,19.628597259521484,67400,0.0,0.0
2024-04-10 00:00:00-04:00,19.52767835240372,19.59495711315072,19.52767835240372,19.544498443603516,31600,0.0,0.0
2024-04-11 00:00:00-04:00,19.59495735168457,19.62859753449367,19.519268544416295,19.59495735168457,33800,0.0,0.0
2024-04-12 00:00:00-04:00,19.510860799399182,19.594958051320212,19.30061446149209,19.309022903442383,43500,0.0,0.0
2024-04-15 00:00:00-04:00,19.33425092051027,19.359481055750226,19.174463272094727,19.174463272094727,21000,0.0,0.0
2024-04-16 00:00:00-04:00,19.081957137920064,19.11559571622154,19.03990690997799,19.048316955566406,16100,0.0,0.0
2024-04-17 00:00:00-04:00,19.065135439878933,19.065135439878933,18.947398019668732,18.98944664001465,35000,0.0,0.0
2024-04-18 00:00:00-04:00,18.99785750236595,19.056726215004147,18.99785750236595,19.006267547607422,23300,0.0,0.0
2024-04-19 00:00:00-04:00,19.056727239232252,19.140826092114875,19.056727239232252,19.09877586364746,24000,0.0,0.0
2024-04-22 00:00:00-04:00,19.224923451046173,19.443579809928522,19.224923451046173,19.426759719848633,40000,0.0,0.0
2024-04-23 00:00:00-04:00,19.50244954897449,19.527678081371842,19.418350698194935,19.519268035888672,26000,0.0,0.0
2024-04-24 00:00:00-04:00,19.485628400686114,19.536087066795012,19.485628400686114,19.5108585357666,8300,0.0,0.0
2024-04-25 00:00:00-04:00,19.485629455191077,19.611776929316093,19.426760740869547,19.57813835144043,16800,0.0,0.0
2024-04-26 00:00:00-04:00,19.645418403037805,19.712697167265237,19.620188264932917,19.695877075195312,27600,0.0,0.0
2024-04-29 00:00:00-04:00,19.729515345689457,19.830434292473132,19.729515345689457,19.754745483398438,28800,0.0,0.0
2024-04-30 00:00:00-04:00,19.721106121008606,19.76315474480221,19.64541731493838,19.712696075439453,20100,0.0,0.0
2024-05-01 00:00:00-04:00,19.746333259010882,19.897710860459767,19.746333259010882,19.78838348388672,17200,0.0,0.0
2024-05-02 00:00:00-04:00,19.86407273690443,20.05749896358129,19.86407273690443,19.973400115966797,31000,0.0,0.0
2024-05-03 00:00:00-04:00,19.990220752033487,20.032269374962613,19.906121902123097,19.964990615844727,20000,0.0,0.0
2024-05-06 00:00:00-04:00,20.007041660657595,20.065910376785613,19.922942807309482,19.9818115234375,96100,0.0,0.0
2024-05-07 00:00:00-04:00,19.86407225402624,19.931351009671925,19.7715633634939,19.81361198425293,49200,0.0,0.0
2024-05-08 00:00:00-04:00,19.76315359031898,19.880891013305064,19.76315359031898,19.838842391967773,23700,0.0,0.0
2024-05-09 00:00:00-04:00,19.80520367768706,19.80520367768706,19.54449867718323,19.653827667236328,33700,0.0,0.0
2024-05-10 00:00:00-04:00,19.68746645079632,19.91453287491292,19.670646359220523,19.729515075683594,46800,0.0,0.0
2024-05-13 00:00:00-04:00,19.830433437263935,19.880892106453565,19.796794859154904,19.822023391723633,23800,0.0,0.0
2024-05-14 00:00:00-04:00,19.880890951888876,19.964989798355745,19.880890951888876,19.948169708251953,38500,0.0,0.0
2024-05-15 00:00:00-04:00,19.948170253411615,19.990220479820273,19.931351766900274,19.939760208129883,24000,0.0,0.0
2024-05-16 00:00:00-04:00,20.02386034742743,20.133189339084037,19.998631814008387,20.116369247436523,10600,0.0,0.0
2024-05-17 00:00:00-04:00,20.15000606531207,20.410712650902763,20.13318757918693,20.360252380371094,31600,0.0,0.0
2024-05-20 00:00:00-04:00,20.44435197907711,20.578909497339275,20.44435197907711,20.545270919799805,37000,0.0,0.0
2024-05-21 00:00:00-04:00,20.587320398085325,20.587320398085325,20.444352828485336,20.47799301147461,19100,0.0,0.0
2024-05-22 00:00:00-04:00,20.48640175877798,20.48640175877798,20.267745395362944,20.30138397216797,19200,0.0,0.0
2024-05-23 00:00:00-04:00,20.444352558123665,20.528451410432492,20.42753407090365,20.452762603759766,17600,0.0,0.0
2024-05-24 00:00:00-04:00,20.494812524994764,20.528451102983183,20.46117234295418,20.51163101196289,57100,0.0,0.0
2024-05-28 00:00:00-04:00,20.49481152882672,20.49481152882672,20.32661383490351,20.335023880004883,40700,0.0,0.0
2024-05-29 00:00:00-04:00,20.267744365584758,20.393891829285398,20.15000534261907,20.20887565612793,39100,0.0,0.0
2024-05-30 00:00:00-04:00,20.14159826138974,20.284565824314278,20.09954803461656,20.158416748046875,44600,0.0,0.0
2024-05-31 00:00:00-04:00,20.183647701334802,20.225696325758367,20.124778985520926,20.17523765563965,37600,0.0,0.0
2024-06-03 00:00:00-04:00,20.72187824977535,20.93212458462795,20.679829624425725,20.856435775756836,54300,0.0,0.0
2024-06-04 00:00:00-04:00,19.90612145376285,19.990220301779022,19.69587513574848,19.77997398376465,180600,0.0,0.0
2024-06-05 00:00:00-04:00,20.09113785912108,20.435941696166992,20.09113785912108,20.435941696166992,24200,0.0,0.0
2024-06-06 00:00:00-04:00,20.612548253400202,20.713465583091473,20.612548253400202,20.64618682861328,13300,0.0,0.0
2024-06-07 00:00:00-04:00,20.679828240881193,20.999401942693687,20.679828240881193,20.9321231842041,16400,0.0,0.0
2024-06-10 00:00:00-04:00,21.007812535398354,21.007812535398354,20.898485151523655,20.92371368408203,28900,0.0,0.0
2024-06-11 00:00:00-04:00,20.948944874009573,21.100322493179814,20.948944874009573,20.99099349975586,18600,0.0,0.0
2024-06-12 00:00:00-04:00,21.066680905958645,21.19282998289844,21.066680905958645,21.125551223754883,20500,0.0,0.0
2024-06-13 00:00:00-04:00,21.201238392389907,21.251698664710865,21.11714114662593,21.150779724121094,19700,0.0,0.0
2024-06-14 00:00:00-04:00,21.20123862938804,21.293747525625097,21.20123862938804,21.260108947753906,28900,0.0,0.0
2024-06-17 00:00:00-04:00,21.327388455253306,21.43671584223273,21.327388455253306,21.38625717163086,40000,0.0,0.0
2024-06-18 00:00:00-04:00,21.445125203335795,21.722650288863935,21.445125203335795,21.672191619873047,27800,0.0,0.0
2024-06-20 00:00:00-04:00,21.621732160875347,21.71424106088502,21.621732160875347,21.68901252746582,29200,0.0,0.0
2024-06-21 00:00:00-04:00,21.714240790012163,21.81515973458674,21.64696202831318,21.663782119750977,9800,0.0,0.0
2024-06-24 00:00:00-04:00,21.747878696607263,21.857206071405585,21.747878696607263,21.83197593688965,25300,0.0,0.0
2024-06-25 00:00:00-04:00,21.831978041953743,22.042224371035974,21.80674950905728,22.025405883789062,21000,0.0,0.0
2024-06-26 00:00:00-04:00,22.10109519958496,22.235652724972358,22.059044970368756,22.10109519958496,15200,0.0,0.0
2024-06-27 00:00:00-04:00,22.302929918393495,22.496356147021547,22.302929918393495,22.479536056518555,29100,0.0,0.0
2024-06-28 00:00:00-04:00,22.672963108650897,22.698193245321768,22.445898294821763,22.496356964111328,24900,0.0,0.0
2024-07-01 00:00:00-04:00,22.479537924334576,22.57204682573544,22.479537924334576,22.563636779785156,32600,0.0,0.0
2024-07-02 00:00:00-04:00,22.64773484859434,22.698193518491166,22.487947189193488,22.521587371826172,35300,0.0,0.0
2024-07-03 00:00:00-04:00,22.462716711318706,22.698193174017245,22.344979281995524,22.664554595947266,21600,0.0,0.0
2024-07-05 00:00:00-04:00,22.54681498884219,22.70660264175208,22.54681498884219,22.698192596435547,34900,0.0,0.0
2024-07-08 00:00:00-04:00,22.765471081081845,22.849569929183478,22.70660236862634,22.73183250427246,23400,0.0,0.0
2024-07-09 00:00:00-04:00,22.79911123065784,22.80752127586167,22.73183247307928,22.757061004638672,43900,0.0,0.0
2024-07-10 00:00:00-04:00,22.84115982055664,22.84115982055664,22.706602305588433,22.84115982055664,107600,0.0,0.0
2024-07-11 00:00:00-04:00,22.832750015725903,22.916848864479373,22.832750015725903,22.891618728637695,55600,0.0,0.0
2024-07-12 00:00:00-04:00,22.883209225708196,22.958898030974993,22.883209225708196,22.942079544067383,107900,0.0,0.0
2024-07-15 00:00:00-04:00,23.101864133955942,23.211193114223054,23.042995423374602,23.127094268798828,93500,0.0,0.0
2024-07-16 00:00:00-04:00,23.110275539940762,23.312111818414447,23.085047007664148,23.13550567626953,127100,0.0,0.0
2024-07-17 00:00:00-04:00,23.059816905807057,23.219604561357144,23.042996814896068,23.051406860351562,62800,0.0,0.0
2024-07-18 00:00:00-04:00,23.118687262516357,23.14391740067543,23.02617835998535,23.02617835998535,77900,0.0,0.0
2024-07-19 00:00:00-04:00,22.891619412265094,22.891619412265094,22.53840552019397,22.605684280395508,80000,0.0,0.0
2024-07-22 00:00:00-04:00,22.8243397944996,22.8243397944996,22.656143702341357,22.672962188720703,31300,0.0,0.0
2024-07-23 00:00:00-04:00,22.698193758006525,22.83275128185274,22.50476751798412,22.572046279907227,144600,0.0,0.0
2024-07-24 00:00:00-04:00,22.529997454246832,22.672963418512428,22.387029885929042,22.437488555908203,24100,0.0,0.0
2024-07-25 00:00:00-04:00,22.344979285121063,22.65614455358579,22.28611057045124,22.605684280395508,29700,0.0,0.0
2024-07-26 00:00:00-04:00,22.82433945793351,22.950488530257147,22.799110926710455,22.815929412841797,42500,0.0,0.0
2024-07-29 00:00:00-04:00,22.807522840623772,23.04299770627797,22.807522840623772,22.9000301361084,47500,0.0,0.0
2024-07-30 00:00:00-04:00,22.967309439443785,23.101866967002888,22.94208090555911,22.950490951538086,20300,0.0,0.0
2024-07-31 00:00:00-04:00,23.185963221915486,23.21960340205789,23.135504555753954,23.177553176879883,21000,0.0,0.0
2024-08-01 00:00:00-04:00,23.152326970426778,23.26165435876242,22.891620360303207,22.925260543823242,42000,0.0,0.0
2024-08-02 00:00:00-04:00,22.706602369583617,22.76547108204161,22.622503521478443,22.672962188720703,49500,0.0,0.0
2024-08-05 00:00:00-04:00,21.613323648388224,22.008586176500657,21.31056841593057,21.79833984375,144900,0.0,0.0
2024-08-06 00:00:00-04:00,21.781518867006916,22.050633905343187,21.697420016513792,21.949716567993164,18800,0.0,0.0
2024-08-07 00:00:00-04:00,22.26929024005979,22.27770028550112,22.033815383911133,22.033815383911133,35900,0.0,0.0
2024-08-08 00:00:00-04:00,22.10950385121969,22.26087985469568,22.0085849115169,22.11791229248047,28800,0.0,0.0
2024-08-09 00:00:00-04:00,22.17678281388985,22.521586654633705,22.17678281388985,22.31134033203125,29700,0.0,0.0
2024-08-12 00:00:00-04:00,22.328158000715327,22.370208226126493,22.286109379356244,22.294519424438477,19300,0.0,0.0
2024-08-13 00:00:00-04:00,22.28611105266632,22.31134118980738,22.1263233922107,22.185192108154297,77700,0.0,0.0
2024-08-14 00:00:00-04:00,22.143143516335876,22.193602186640295,22.109504937483667,22.159963607788086,57200,0.0,0.0
2024-08-15 00:00:00-04:00,22.193602545158498,22.53840640523775,22.193602545158498,22.5131778717041,83700,0.0,0.0
2024-08-16 00:00:00-04:00,22.60568285781797,22.799110684770618,22.60568285781797,22.765470504760742,44100,0.0,0.0
2024-08-19 00:00:00-04:00,22.73183274457996,22.81592998951851,22.73183274457996,22.782291412353516,21300,0.0,0.0
2024-08-20 00:00:00-04:00,22.88321004454675,22.967308898302772,22.88321004454675,22.9000301361084,39100,0.0,0.0
2024-08-21 00:00:00-04:00,22.933669737228836,23.00935854328323,22.90002955495925,22.992538452148438,17500,0.0,0.0
2024-08-22 00:00:00-04:00,23.051406620426132,23.11868537931768,22.967307770798666,23.000947952270508,51600,0.0,0.0
2024-08-23 00:00:00-04:00,23.051407063978356,23.244833299006913,22.975718258262454,23.185964584350586,20400,0.0,0.0
2024-08-26 00:00:00-04:00,23.253242008970503,23.253242008970503,23.11868449632668,23.152324676513672,42000,0.0,0.0
2024-08-27 00:00:00-04:00,23.101865189872502,23.202784129804684,23.051406521932474,23.194374084472656,37100,0.0,0.0
2024-08-28 00:00:00-04:00,23.2952929578966,23.446668961284495,23.27006282197255,23.362571716308594,23500,0.0,0.0
2024-08-29 00:00:00-04:00,23.345751625692564,23.404620338796544,23.33734158038455,23.362571716308594,13400,0.0,0.0
2024-08-30 00:00:00-04:00,23.522359341017776,23.53076938688927,23.396211861049835,23.446670532226562,41000,0.0,0.0
2024-09-03 00:00:00-04:00,23.429852116761754,23.446670604504355,23.337343215942383,23.337343215942383,12700,0.0,0.0
2024-09-04 00:00:00-04:00,23.379389053260766,23.488718032836914,23.379389053260766,23.488718032836914,30600,0.0,0.0
2024-09-05 00:00:00-04:00,23.455078095157916,23.55599703088039,23.446668050176704,23.53917694091797,120600,0.0,0.0
2024-09-06 00:00:00-04:00,23.45507900659251,23.530767810312522,23.32893153507653,23.362571716308594,45700,0.0,0.0
2024-09-09 00:00:00-04:00,23.278471722631146,23.564406832835157,23.278471722631146,23.488718032836914,25900,0.0,0.0
2024-09-10 00:00:00-04:00,23.54758773939463,23.68214525529557,23.539177694144303,23.665325164794922,31700,0.0,0.0
2024-09-11 00:00:00-04:00,23.774654662318444,23.774654662318444,23.505539624706064,23.74101448059082,18100,0.0,0.0
2024-09-12 00:00:00-04:00,23.841932746725583,24.052179064414428,23.841932746725583,24.026948928833008,24100,0.0,0.0
2024-09-13 00:00:00-04:00,23.95967041112665,24.11945806330394,23.90921174351092,24.077407836914062,34000,0.0,0.0
2024-09-16 00:00:00-04:00,24.094227290334324,24.33811378479004,24.094227290334324,24.33811378479004,10300,0.0,0.0
2024-09-17 00:00:00-04:00,24.354933872298876,24.4558528155497,24.354933872298876,24.396984100341797,40900,0.0,0.0
2024-09-18 00:00:00-04:00,24.464263370354065,24.590410849004073,24.43062318721955,24.472673416137695,34900,0.0,0.0
2024-09-19 00:00:00-04:00,24.691328289213427,24.792245624360792,24.581999304742972,24.74178695678711,32900,0.0,0.0
2024-09-20 00:00:00-04:00,24.859524761680476,25.128639798247992,24.859524761680476,25.095001220703125,26300,0.0,0.0
2024-09-23 00:00:00-04:00,25.22955836676736,25.389346018891484,25.22955836676736,25.322067260742188,50100,0.0,0.0
2024-09-24 00:00:00-04:00,25.33047682322179,25.406164021151554,25.16227912902832,25.16227912902832,40800,0.0,0.0
2024-09-25 00:00:00-04:00,25.22955863939503,25.338886021049465,25.221148594028975,25.288427352905273,19400,0.0,0.0
2024-09-26 00:00:00-04:00,25.44821603020135,25.574363507661143,25.380937268619313,25.43980598449707,34900,0.0,0.0
2024-09-27 00:00:00-04:00,25.490262470900856,25.515492605852213,25.42298371508264,25.47344398498535,28600,0.0,0.0
2024-09-30 00:00:00-04:00,25.33047703376649,25.338885474899172,25.2043279600468,25.296836853027344,32000,0.0,0.0
2024-10-01 00:00:00-04:00,25.43139501641252,25.43139501641252,25.061361039106114,25.095001220703125,28900,0.0,0.0
2024-10-02 00:00:00-04:00,25.128640928879015,25.128640928879015,24.977264917037928,24.994083404541016,11600,0.0,0.0
2024-10-03 00:00:00-04:00,24.84270761183141,24.985673579155915,24.573590956729376,24.60723114013672,28200,0.0,0.0
2024-10-04 00:00:00-04:00,24.4979001032431,24.514720193542775,24.304473876953125,24.304473876953125,30300,0.0,0.0
2024-10-07 00:00:00-04:00,24.228787236984974,24.228787236984974,23.833524703979492,23.833524703979492,33400,0.0,0.0
2024-10-08 00:00:00-04:00,24.05217933654785,24.186736853066968,23.850343061769177,24.05217933654785,92000,0.0,0.0
2024-10-09 00:00:00-04:00,24.077409198631152,24.21196832663674,23.90080304996193,24.085819244384766,65300,0.0,0.0
2024-10-10 00:00:00-04:00,24.127868617759322,24.21196746826172,24.043769767256926,24.21196746826172,35500,0.0,0.0
2024-10-11 00:00:00-04:00,24.13627839243239,24.20355715126908,24.127868347071285,24.186737060546875,54600,0.0,0.0
2024-10-14 00:00:00-04:00,24.19514870464999,24.270837513849077,24.19514870464999,24.245607376098633,24300,0.0,0.0
2024-10-15 00:00:00-04:00,24.26242586474467,24.30447448749805,24.178327015185772,24.186737060546875,10600,0.0,0.0
2024-10-16 00:00:00-04:00,24.27083533142633,24.338114088658923,24.237195150783982,24.279245376586914,6800,0.0,0.0
2024-10-17 00:00:00-04:00,24.136277944526636,24.245605324087883,23.90080149094197,23.94285011291504,47100,0.0,0.0
2024-10-18 00:00:00-04:00,23.97649032500875,24.043769082684683,23.90921156733282,23.917621612548828,50700,0.0,0.0
2024-10-21 00:00:00-04:00,23.799882438179353,23.841932664002485,23.58122768010746,23.614866256713867,64300,0.0,0.0
2024-10-22 00:00:00-04:00,23.539179232671042,23.598047949218863,23.286884274879743,23.31211280822754,86800,0.0,0.0
2024-10-23 00:00:00-04:00,23.295292234204247,23.312110720245666,23.152324676513672,23.152324676513672,37900,0.0,0.0
2024-10-24 00:00:00-04:00,23.219603947076568,23.303701191302387,23.20278385661056,23.22801399230957,18800,0.0,0.0
2024-10-25 00:00:00-04:00,23.12709621272256,23.211195065215627,23.042997360229492,23.042997360229492,28500,0.0,0.0
2024-10-28 00:00:00-04:00,23.068226677477117,23.09345520949202,23.026176450698717,23.085046768188477,66000,0.0,0.0
2024-10-29 00:00:00-04:00,23.152327252721008,23.513949605657203,23.152327252721008,23.387802124023438,73800,0.0,0.0
2024-10-30 00:00:00-04:00,23.354162523235605,23.362572568850517,23.270063671138658,23.2952938079834,34400,0.0,0.0
2024-10-31 00:00:00-04:00,23.295294320679748,23.39621166217538,23.295294320679748,23.31211280822754,31500,0.0,0.0
2024-11-01 00:00:00-04:00,23.33734209314091,23.53076832731875,23.33734209314091,23.379390716552734,66800,0.0,0.0
2024-11-04 00:00:00-05:00,23.354162216186523,23.446669508629952,23.345752170682182,23.354162216186523,52400,0.0,0.0
2024-11-05 00:00:00-05:00,23.387800420817694,23.61486683365382,23.387800420817694,23.581228256225586,45800,0.0,0.0
2024-11-06 00:00:00-05:00,23.84193314705576,23.875571724343704,23.623276780501644,23.774654388427734,45100,0.0,0.0
2024-11-07 00:00:00-05:00,23.833523920087288,23.909212726649244,23.732604976653953,23.791475296020508,97500,0.0,0.0
2024-11-08 00:00:00-05:00,23.757834396841147,23.78306453295143,23.547588074745207,23.581228256225586,40100,0.0,0.0
2024-11-11 00:00:00-05:00,23.58963693702927,23.71578601480923,23.547588313804052,23.63168716430664,29000,0.0,0.0
2024-11-12 00:00:00-05:00,23.379390851853838,23.47189974875781,23.160736083984375,23.160736083984375,54800,0.0,0.0
2024-11-13 00:00:00-05:00,22.992539268009576,23.127096793758174,22.942080596866912,23.00935935974121,20400,0.0,0.0
2024-11-14 00:00:00-05:00,22.967308315446246,23.059817212635433,22.95889826987885,22.992538452148438,29500,0.0,0.0
2024-11-15 00:00:00-05:00,22.967308622612606,22.967308622612606,22.90002986122582,22.933670043945312,26700,0.0,0.0
2024-11-18 00:00:00-05:00,22.93367106150662,23.14391740067543,22.93367106150662,23.02617835998535,38900,0.0,0.0
2024-11-19 00:00:00-05:00,22.95889735807924,23.22801399339159,22.95889735807924,23.169143676757812,54400,0.0,0.0
2024-11-20 00:00:00-05:00,23.169144731553654,23.270063674896726,23.169144731553654,23.23642349243164,45700,0.0,0.0
2024-11-21 00:00:00-05:00,23.202782825502755,23.202782825502755,23.026175091562145,23.076635360717773,46200,0.0,0.0
2024-11-22 00:00:00-05:00,23.31211192193022,23.682145902801157,23.31211192193022,23.463489532470703,67300,0.0,0.0
2024-11-25 00:00:00-05:00,23.715785641954653,24.060589479947392,23.69896555130815,23.858753204345703,48000,0.0,0.0
2024-11-26 00:00:00-05:00,23.89239178330425,23.917621919275827,23.741014175579068,23.799882888793945,36400,0.0,0.0
2024-11-27 00:00:00-05:00,23.926031625676373,24.211966746428622,23.926031625676373,24.001720428466797,65300,0.0,0.0
2024-11-29 00:00:00-05:00,23.959671951108625,23.993312134382712,23.66532676366925,23.72419548034668,59000,0.0,0.0
2024-12-02 00:00:00-05:00,23.73260552099829,23.88398313759428,23.73260552099829,23.783065795898438,17000,0.0,0.0
2024-12-03 00:00:00-05:00,23.90080097759769,24.001719913838457,23.88398088754888,23.9260311126709,9800,0.0,0.0
2024-12-04 00:00:00-05:00,23.926032610110806,24.203557697077073,23.926032610110806,24.178327560424805,61600,0.0,0.0
2024-12-05 00:00:00-05:00,24.287655008131964,24.699739220938127,24.27083652103855,24.590410232543945,49100,0.0,0.0
2024-12-06 00:00:00-05:00,24.67450714111328,24.825884741398355,24.607228385881257,24.67450714111328,43700,0.0,0.0
2024-12-09 00:00:00-05:00,24.6156397560669,24.935213459611457,24.6156397560669,24.767017364501953,21100,0.0,0.0
2024-12-10 00:00:00-05:00,24.834295817964954,25.052952182565384,24.792245591665573,24.825885772705078,31100,0.0,0.0
2024-12-11 00:00:00-05:00,24.96885415846826,25.04454296425421,24.674508980862047,24.783836364746094,49300,0.0,0.0
2024-12-12 00:00:00-05:00,24.72496857395795,24.77542724501673,24.548362423226102,24.60723114013672,51600,0.0,0.0
2024-12-13 00:00:00-05:00,24.65076959355674,24.724879313269145,24.372856819448902,24.53034019470215,62000,2.697,0.0
2024-12-16 00:00:00-05:00,24.56739759731263,24.63224338557632,24.382122402060475,24.465496063232422,40000,0.0,0.0
2024-12-17 00:00:00-05:00,24.382120737427893,24.484022264551008,24.030100010780448,24.076417922973633,34000,0.0,0.0
2024-12-18 00:00:00-05:00,23.993044678744997,24.104210143595193,23.65955181802465,23.715133666992188,27400,0.0,0.0
2024-12-19 00:00:00-05:00,23.66881378947139,23.817033230090704,23.61323194096792,23.6595516204834,42400,0.0,0.0
2024-12-20 00:00:00-05:00,23.529858621049357,23.779979593262404,23.529858621049357,23.761451721191406,59500,0.0,0.0
2024-12-23 00:00:00-05:00,23.715133497806537,23.761451410463195,23.66881381823477,23.687341690063477,35100,0.0,0.0
2024-12-24 00:00:00-05:00,23.77071588206033,23.8262977318839,23.705870096113635,23.798507690429688,21600,0.0,0.0
2024-12-26 00:00:00-05:00,23.668813930848895,23.770715459476513,23.668813930848895,23.705869674682617,16900,0.0,0.0
2024-12-27 00:00:00-05:00,23.622497335255563,23.687343123665517,23.492805758435658,23.58544158935547,39500,0.0,0.0
2024-12-30 00:00:00-05:00,23.35384772819038,23.548386854087614,23.298265878040525,23.39090347290039,59500,0.0,0.0
2024-12-31 00:00:00-05:00,23.28900205354962,23.594704881212614,23.28900205354962,23.40943145751953,46900,0.0,0.0
2025-01-02 00:00:00-05:00,23.603967723143096,23.91893447242601,23.168573342388523,23.613231658935547,139400,0.0,0.0
2025-01-03 00:00:00-05:00,23.65955181802465,23.733661538953076,23.46501269626559,23.715133666992188,21700,0.0,0.0
2025-01-06 00:00:00-05:00,23.539123115044863,23.548387051299947,23.418695477559094,23.44648551940918,34000,0.0,0.0
2025-01-07 00:00:00-05:00,23.409431653147426,23.557651100106597,23.390903780548733,23.46501350402832,43200,0.0,0.0
2025-01-08 00:00:00-05:00,23.53912333979349,23.53912333979349,23.418695701157894,23.48354148864746,7300,0.0,0.0
2025-01-10 00:00:00-05:00,23.363112457984624,23.363112457984624,22.983299896381045,23.112993240356445,47600,0.0,0.0
2025-01-13 00:00:00-05:00,22.964773578782538,22.964773578782538,22.603487126575935,22.62201499938965,66900,0.0,0.0
2025-01-14 00:00:00-05:00,22.705388799443647,22.964773719681467,22.6312790746493,22.668333053588867,120800,0.0,0.0
2025-01-15 00:00:00-05:00,22.983298861423528,22.983298861423528,22.733179655058432,22.872135162353516,155500,0.0,0.0
2025-01-16 00:00:00-05:00,23.03888182259203,23.03888182259203,22.640541417271454,22.742441177368164,71900,0.0,0.0
2025-01-17 00:00:00-05:00,22.770233295721052,22.881398760062307,22.742441487906962,22.816551208496094,202500,0.0,0.0
2025-01-21 00:00:00-05:00,22.64054121912216,22.74244097832705,22.520111821541285,22.686859130859375,49400,0.0,0.0
2025-01-22 00:00:00-05:00,22.5942226578055,22.62201446637124,22.510848999023438,22.510848999023438,18100,0.0,0.0
2025-01-23 00:00:00-05:00,22.649806696575677,22.66833280238255,22.557169099880532,22.603487014770508,22700,0.0,0.0
2025-01-24 00:00:00-05:00,22.547904490218382,22.56643236238719,22.418212918867006,22.446002960205078,20300,0.0,0.0
2025-01-27 00:00:00-05:00,22.35336460337039,22.399684282211552,22.232936972213537,22.25146484375,51000,0.0,0.0
2025-01-28 00:00:00-05:00,22.27925606492158,22.27925606492158,22.04766295918678,22.084718704223633,32800,0.0,0.0
2025-01-29 00:00:00-05:00,22.17735685862213,22.316312372180725,22.158828985636923,22.223674774169922,29300,0.0,0.0
2025-01-30 00:00:00-05:00,22.279255811731485,22.492322809441657,22.279255811731485,22.47379493713379,23400,0.0,0.0
2025-01-31 00:00:00-05:00,22.492321893361343,22.733178922808396,22.29778277588234,22.705387115478516,105500,0.0,0.0
2025-02-03 00:00:00-05:00,22.538640113862286,22.79802501841333,22.464530393549857,22.779497146606445,19800,0.0,0.0
2025-02-04 00:00:00-05:00,23.01109048035177,23.316793300652197,22.918452887278733,23.270475387573242,29700,0.0,0.0
2025-02-05 00:00:00-05:00,23.22415590414769,23.400167155784697,23.187101926753925,23.32605743408203,38000,0.0,0.0
2025-02-06 00:00:00-05:00,23.289001011181252,23.289001011181252,23.150045507902014,23.1685733795166,37300,0.0,0.0
2025-02-07 00:00:00-05:00,23.251948416178873,23.2890023946942,22.909189838607325,23.057409286499023,52400,0.0,0.0
2025-02-10 00:00:00-05:00,23.038883501211394,23.048145670782684,22.65906917292542,22.677597045898438,49000,0.0,0.0
2025-02-11 00:00:00-05:00,22.39042096997964,22.955508699172988,22.32557518471125,22.39968490600586,32000,0.0,0.0
2025-02-12 00:00:00-05:00,22.260728722929795,22.40894816101456,22.232936915695745,22.24220085144043,33700,0.0,0.0
2025-02-13 00:00:00-05:00,22.288519692169764,22.51084885856295,22.232937842300256,22.46453094482422,22600,0.0,0.0
2025-02-14 00:00:00-05:00,22.2329375262784,22.251465398276594,21.90870683397048,21.936498641967773,39000,0.0,0.0
2025-02-18 00:00:00-05:00,21.8809169051291,22.01060847595149,21.871652969082483,21.955026626586914,41200,0.0,0.0
2025-02-19 00:00:00-05:00,21.927234818447058,21.992080603858252,21.908706946353824,21.955026626586914,14500,0.0,0.0
2025-02-20 00:00:00-05:00,22.056927063174392,22.242202255937194,22.056927063174392,22.112510681152344,24700,0.0,0.0
2025-02-21 00:00:00-05:00,22.047663359963003,22.12177308446868,21.70490654671746,21.741960525512695,47400,0.0,0.0
2025-02-24 00:00:00-05:00,21.67711398068621,21.695641852894624,21.519630600745,21.547422409057617,17300,0.0,0.0
2025-02-25 00:00:00-05:00,21.464048890783843,21.61226833558588,21.408467040711866,21.593740463256836,20200,0.0,0.0
2025-02-26 00:00:00-05:00,21.66785055037388,21.751224210342777,21.584476890404982,21.677114486694336,16100,0.0,0.0
2025-02-27 00:00:00-05:00,21.769752195344424,21.77901613171269,21.658586725840404,21.695642471313477,61000,0.0,0.0
2025-02-28 00:00:00-05:00,21.454784505988073,21.630795755603184,21.436256634046455,21.473312377929688,46800,0.0,0.0
2025-03-03 00:00:00-05:00,21.482575832114534,21.686377118156337,21.32509245797289,21.371410369873047,33100,0.0,0.0
2025-03-04 00:00:00-05:00,21.445520903265294,21.445520903265294,21.093500165480037,21.12129020690918,37200,0.0,0.0
2025-03-05 00:00:00-05:00,21.26024703969062,21.491840136999166,21.176873383306333,21.454784393310547,45100,0.0,0.0
2025-03-06 00:00:00-05:00,21.436257082290275,21.797543525046006,21.436257082290275,21.593740463256836,48500,0.0,0.0
2025-03-07 00:00:00-05:00,21.55668715308828,21.945763649471463,21.37141195789049,21.751224517822266,52000,0.0,0.0
2025-03-10 00:00:00-04:00,21.61226736939341,21.723432831482786,21.27877275004037,21.34362030029297,26500,0.0,0.0
2025-03-11 00:00:00-04:00,21.426992754268642,21.695641597381254,21.33435692814786,21.482576370239258,26600,0.0,0.0
2025-03-12 00:00:00-04:00,21.4547839385888,21.53815759320603,21.3343563079834,21.3343563079834,29100,0.0,0.0
2025-03-13 00:00:00-04:00,21.28803677122222,21.621531391913614,21.232454923412018,21.380674362182617,16900,0.0,0.0
2025-03-14 00:00:00-04:00,21.389939029116405,21.603004258767708,21.389939029116405,21.547422409057617,8900,0.0,0.0
2025-03-17 00:00:00-04:00,21.556685906076567,22.047662141192838,21.519630162414526,21.880916595458984,23400,0.0,0.0
2025-03-18 00:00:00-04:00,21.99208130310411,22.232938347228913,21.99208130310411,22.140300750732422,12700,0.0,0.0
2025-03-19 00:00:00-04:00,22.22367337555397,22.446002536638794,22.112509678469117,22.353364944458008,19100,0.0,0.0
2025-03-20 00:00:00-04:00,22.3255752968128,22.46453080407353,22.279255616449134,22.418212890625,9600,0.0,0.0
2025-03-21 00:00:00-04:00,22.51084902723815,22.63127843092548,22.455267176952162,22.49232292175293,33900,0.0,0.0
2025-03-24 00:00:00-04:00,22.594221962367826,23.06667209195271,22.594221962367826,22.779497146606445,21800,0.0,0.0
2025-03-25 00:00:00-04:00,22.742441177368164,22.798024792237378,22.622013545648382,22.742441177368164,19100,0.0,0.0
2025-03-26 00:00:00-04:00,22.603486509458556,22.677596231774874,22.42747525636412,22.47379493713379,31300,0.0,0.0
2025-03-27 00:00:00-04:00,22.612749693327704,22.82581491703443,22.612749693327704,22.733179092407227,17100,0.0,0.0
2025-03-28 00:00:00-04:00,22.686860787322445,22.751706575255238,22.52011346582943,22.62201499938965,18000,0.0,0.0
2025-03-31 00:00:00-04:00,22.473795383896093,22.77949821539244,22.20514653083693,22.594223022460938,45300,0.0,0.0
2025-04-01 00:00:00-04:00,22.29778264226358,22.501585694297926,22.056925614259853,22.23293685913086,196700,0.0,0.0
2025-04-02 00:00:00-04:00,22.23293800889305,22.612750558525097,22.23293800889305,22.49232292175293,26600,0.0,0.0
2025-04-03 00:00:00-04:00,22.14956457499616,22.446003468752792,22.047663042674124,22.12177276611328,100000,0.0,0.0
2025-04-04 00:00:00-04:00,21.853125228574413,21.87165310077921,20.99159860711785,21.0935001373291,114700,0.0,0.0
2025-04-07 00:00:00-04:00,20.84337863279395,21.232455104616044,20.565467624456073,20.98233413696289,68200,0.0,0.0
2025-04-08 00:00:00-04:00,21.297301515897637,21.880917124273747,21.102764157715704,21.13055419921875,87900,0.0,0.0
2025-04-09 00:00:00-04:00,21.03791647498519,22.05692647413726,21.03791647498519,21.992080688476562,56100,0.0,0.0
2025-04-10 00:00:00-04:00,21.723434448242188,22.14030098654356,21.26951039726626,21.723434448242188,146700,0.0,0.0
2025-04-11 00:00:00-04:00,21.732695695298347,22.093982133455917,21.732695695298347,21.955026626586914,50200,0.0,0.0
2025-04-14 00:00:00-04:00,22.16809225102298,22.371893546944786,21.964289188186005,22.066190719604492,55800,0.0,0.0
2025-04-15 00:00:00-04:00,22.186619817502326,22.760969719414252,22.186619817502326,22.446002960205078,54700,0.0,0.0
2025-04-16 00:00:00-04:00,22.78876201081727,22.78876201081727,22.37189371275667,22.54790496826172,91300,0.0,0.0
2025-04-17 00:00:00-04:00,22.742442738396687,23.205628959275767,22.742442738396687,23.094465255737305,72100,0.0,0.0
2025-04-21 00:00:00-04:00,23.205628726194487,23.613233091210287,23.205628726194487,23.51133155822754,71300,0.0,0.0
2025-04-22 00:00:00-04:00,23.742924797403195,24.05789156752924,23.742924797403195,23.965255737304688,59000,0.0,0.0
2025-04-23 00:00:00-04:00,24.0949457380638,24.17831939334792,24.039363890179416,24.067153930664062,43600,0.0,0.0
2025-04-24 00:00:00-04:00,23.993044520910185,24.2987473385933,23.993044520910185,24.141263961791992,34200,0.0,0.0
2025-04-25 00:00:00-04:00,23.854089793026763,24.067155025370855,23.779980070171636,23.863353729248047,46800,0.0,0.0
2025-04-28 00:00:00-04:00,24.067153844926974,24.224637219134284,23.863352558800198,24.030099868774414,59400,0.0,0.0
2025-04-29 00:00:00-04:00,23.97451676098644,24.20610985930975,23.97451676098644,24.159791946411133,30300,0.0,0.0
2025-04-30 00:00:00-04:00,24.104210238255543,24.317275465897108,24.039364453052908,24.20611000061035,37300,0.0,0.0
2025-05-01 00:00:00-04:00,24.326540049332333,24.372857963734013,24.169056666685375,24.335803985595703,44900,0.0,0.0
2025-05-02 00:00:00-04:00,24.530340532822798,24.64150599738123,24.474758684001138,24.58592414855957,32400,0.0,0.0
2025-05-05 00:00:00-04:00,24.650769905558526,24.650769905558526,24.521076569233987,24.604450225830078,28700,0.0,0.0
2025-05-06 00:00:00-04:00,24.548868122861478,24.660033586143495,24.456230531278983,24.53960418701172,25600,0.0,0.0
2025-05-07 00:00:00-04:00,24.51181316274351,24.51181316274351,24.22463820988461,24.261693954467773,78600,0.0,0.0
2025-05-08 00:00:00-04:00,23.983780428067654,23.983780428067654,23.5205942366138,23.641023635864258,109100,0.0,0.0
2025-05-09 00:00:00-04:00,23.76145138158724,23.946726565818935,23.6595516204834,23.6595516204834,23600,0.0,0.0
2025-05-12 00:00:00-04:00,24.206111198504786,24.734144976103927,24.132001473617837,24.474760055541992,36600,0.0,0.0
2025-05-13 00:00:00-04:00,24.23390289727717,24.493287816654735,24.23390289727717,24.45623207092285,25700,0.0,0.0
2025-05-14 00:00:00-04:00,24.428440743607318,24.650769905558526,24.428440743607318,24.604450225830078,13000,0.0,0.0
2025-05-15 00:00:00-04:00,24.66929726927897,24.94721006108474,24.66929726927897,24.88236427307129,19000,0.0,0.0
2025-05-16 00:00:00-04:00,24.743406743654862,24.863836148961536,24.73414457424529,24.81751823425293,6600,0.0,0.0
2025-05-19 00:00:00-04:00,24.817517257985394,25.04911035624842,24.771197578183717,25.039846420288086,19200,0.0,0.0
2025-05-20 00:00:00-04:00,24.76193385814446,24.90088936493093,24.669296264648438,24.669296264648438,13600,0.0,0.0
2025-05-21 00:00:00-04:00,24.752669467739423,24.752669467739423,24.54886817932129,24.54886817932129,10100,0.0,0.0
2025-05-22 00:00:00-04:00,24.354332165357405,24.484023740850336,24.317276419836457,24.409914016723633,21500,0.0,0.0
2025-05-23 00:00:00-04:00,24.465495389685337,24.761934280395508,24.391385667007793,24.761934280395508,18200,0.0,0.0
2025-05-27 00:00:00-04:00,24.79899002519186,24.82678006687396,24.72488030251432,24.761934280395508,55300,0.0,0.0
2025-05-28 00:00:00-04:00,24.660034432247734,24.798989940931598,24.65077049608012,24.72488021850586,16300,0.0,0.0
2025-05-29 00:00:00-04:00,24.817517161877323,24.91941692321616,24.595186233520508,24.595186233520508,29400,0.0,0.0
2025-05-30 00:00:00-04:00,24.59518724078512,24.947209752670783,24.59518724078512,24.80825424194336,21800,0.0,0.0
2025-06-02 00:00:00-04:00,24.928680645779473,24.993526429780577,24.90088883824396,24.965736389160156,8500,0.0,0.0
2025-06-03 00:00:00-04:00,24.817516893317602,24.98426243740813,24.817516893317602,24.956472396850586,20500,0.0,0.0
2025-06-04 00:00:00-04:00,24.96573627614749,25.03058205985505,24.863834749226978,24.947208404541016,92400,0.0,0.0
2025-06-05 00:00:00-04:00,25.03984771457733,25.03984771457733,24.863836456063318,24.89162826538086,10100,0.0,0.0
2025-06-06 00:00:00-04:00,24.910153836000713,25.3177581959888,24.910153836000713,25.234384536743164,33500,0.0,0.0
2025-06-09 00:00:00-04:00,25.401132471929024,25.465978260268823,25.280704831714434,25.382604598999023,11700,0.0,0.0
2025-06-10 00:00:00-04:00,25.35481447354406,25.475242113364548,25.345550537109375,25.345550537109375,19500,0.0,0.0
2025-06-11 00:00:00-04:00,25.373340292342426,25.75315284729004,25.308494504948715,25.75315284729004,24300,0.0,0.0
2025-06-12 00:00:00-04:00,25.465977081116048,25.60493258782658,25.364075551634595,25.54935073852539,27400,0.0,0.0
2025-06-13 00:00:00-04:00,25.215856859672098,25.493769648282946,25.169538945027885,25.289966583251953,25700,0.0,0.0
2025-06-16 00:00:00-04:00,25.61419683350528,25.62346076965332,25.45671345281887,25.62346076965332,26600,0.0,0.0
2025-06-17 00:00:00-04:00,25.336285502917328,25.373339480135403,25.06763665869697,25.095428466796875,36500,0.0,0.0
2025-06-18 00:00:00-04:00,25.095428971190955,25.271440225531084,25.095428971190955,25.225120544433594,21400,0.0,0.0
2025-06-20 00:00:00-04:00,25.243648163839843,25.354813630444372,25.076900847390625,25.160274505615234,16600,0.0,0.0
2025-06-23 00:00:00-04:00,24.974999511698336,25.27144016931737,24.974999511698336,25.215856552124023,13200,0.0,0.0
2025-06-24 00:00:00-04:00,25.215855997729438,25.567878497887108,25.215855997729438,25.53082275390625,14500,0.0,0.0
2025-06-25 00:00:00-04:00,25.641989061917428,25.76241669998405,25.30849442278651,25.71609878540039,8600,0.0,0.0
2025-06-26 00:00:00-04:00,25.892109563370852,26.068119049072266,25.845789882726944,26.068119049072266,19100,0.0,0.0
2025-06-27 00:00:00-04:00,26.086646031905172,26.281185150146484,26.068118160279315,26.281185150146484,12900,0.0,0.0
2025-06-30 00:00:00-04:00,26.114439094392345,26.225602795659782,26.07738334935975,26.151493072509766,25000,0.0,0.0
2025-07-01 00:00:00-04:00,26.114438982368974,26.21633874694114,26.095911109932153,26.132965087890625,13200,0.0,0.0
2025-07-02 00:00:00-04:00,26.049593557824625,26.24413092036964,25.95695596126811,26.216339111328125,17600,0.0,0.0
2025-07-03 00:00:00-04:00,26.207076746209324,26.207076746209324,25.855054235306135,26.160757064819336,9800,0.0,0.0
2025-07-07 00:00:00-04:00,26.142228827507864,26.216338549782634,25.94769146912978,26.077383041381836,6300,0.0,0.0
2025-07-08 00:00:00-04:00,26.1144387015273,26.15149267908728,25.984745362779496,26.040328979492188,11200,0.0,0.0
2025-07-09 00:00:00-04:00,25.994009298898277,26.07738295705217,25.66977860240149,26.040328979492188,15500,0.0,0.0
2025-07-10 00:00:00-04:00,25.984745053466145,25.984745053466145,25.882845291202816,25.966218948364258,11500,0.0,0.0
2025-07-11 00:00:00-04:00,25.818000430165174,25.836526535930172,25.725362833679437,25.73462677001953,11500,0.0,0.0
2025-07-14 00:00:00-04:00,25.679042872232507,25.771680467709054,25.660516766669335,25.68830680847168,37900,0.0,0.0
2025-07-15 00:00:00-04:00,25.75315270757356,25.84579030345422,25.68830692053165,25.70683479309082,29400,0.0,0.0
2025-07-16 00:00:00-04:00,25.79020876060894,25.901372463460806,25.69757116362225,25.78094482421875,14400,0.0,0.0
2025-07-17 00:00:00-04:00,25.567879282727418,25.836526367174635,25.567879282727418,25.70683479309082,21400,0.0,0.0
2025-07-18 00:00:00-04:00,25.679041682912608,25.753151402478434,25.31775702089359,25.40113067626953,168400,0.0,0.0
2025-07-21 00:00:00-04:00,25.521558307970842,25.697569554532837,25.252911237137877,25.40113067626953,43800,0.0,0.0
2025-07-22 00:00:00-04:00,25.391867861035514,25.67904281616211,25.391867861035514,25.67904281616211,84700,0.0,0.0
2025-07-23 00:00:00-04:00,25.80873680114746,25.901372631821086,25.641989478870595,25.80873680114746,15400,0.0,0.0
2025-07-24 00:00:00-04:00,25.753152143935747,25.790207888243074,25.540086914914035,25.56787872314453,8400,0.0,0.0
2025-07-25 00:00:00-04:00,25.364075074627365,25.484504473916076,25.327021098095138,25.44744873046875,36900,0.0,0.0
2025-07-28 00:00:00-04:00,25.35481346040454,25.614196602550326,25.067636743150075,25.132482528686523,32200,0.0,0.0
2025-07-29 00:00:00-04:00,25.289965382035387,25.49376843738619,25.169537749531354,25.428922653198242,41000,0.0,0.0
2025-07-30 00:00:00-04:00,25.23438464879985,25.31775830841572,25.076901265849344,25.252912521362305,27700,0.0,0.0
2025-07-31 00:00:00-04:00,25.243648780316164,25.35481424963547,25.169539056408357,25.308494567871094,25800,0.0,0.0
2025-08-01 00:00:00-04:00,25.280704413855258,25.438186030411664,25.215856859672098,25.289966583251953,88300,0.0,0.0
2025-08-04 00:00:00-04:00,25.33628496049925,25.33628496049925,24.965736361675813,24.984262466430664,31000,0.0,0.0
2025-08-05 00:00:00-04:00,25.002790563831724,25.09542815610271,24.87309899480141,25.021318435668945,15200,0.0,0.0
2025-08-06 00:00:00-04:00,24.928681541639296,25.08616492283648,24.687824501754477,24.752670288085938,45300,0.0,0.0
2025-08-07 00:00:00-04:00,24.836044729485295,25.039847797995805,24.836044729485295,24.928682327270508,25100,0.0,0.0
2025-08-08 00:00:00-04:00,24.771198104247585,24.845307826589014,24.687824445749087,24.743406295776367,21400,0.0,0.0
2025-08-11 00:00:00-04:00,24.854572212636775,24.95647374529393,24.789726425278655,24.81751823425293,21600,0.0,0.0
2025-08-12 00:00:00-04:00,24.80825384887588,24.86383569890316,24.69708838190616,24.743406295776367,54000,0.0,0.0
2025-08-13 00:00:00-04:00,24.76193494915353,24.99352805964,24.752671012704248,24.919418334960938,71200,0.0,0.0
2025-08-14 00:00:00-04:00,24.81751823425293,24.947209808969173,24.780462488953894,24.81751823425293,33600,0.0,0.0
2025-08-15 00:00:00-04:00,24.98426305731869,25.151010372461652,24.882363294554207,25.104692459106445,8500,0.0,0.0
2025-08-18 00:00:00-04:00,25.206591558087307,25.465976460025242,25.188065453382166,25.40113067626953,25300,0.0,0.0
2025-08-19 00:00:00-04:00,25.447450331331144,25.54935186530667,25.373340606689453,25.373340606689453,10500,0.0,0.0
2025-08-20 00:00:00-04:00,25.484505121397255,25.65125243731655,25.428923271729204,25.5771427154541,10700,0.0,0.0
2025-08-21 00:00:00-04:00,25.55861416482791,25.641987820574478,25.40113078918608,25.419658660888672,21400,0.0,0.0
2025-08-22 00:00:00-04:00,25.33628503395697,25.558614193895632,25.33628503395697,25.44744873046875,5800,0.0,0.0
2025-08-25 00:00:00-04:00,25.354812820509917,25.53082230054818,25.354812820509917,25.4103946685791,7100,0.0,0.0
2025-08-26 00:00:00-04:00,25.141746436407583,25.197330052731992,25.104692459106445,25.104692459106445,10500,0.0,0.0
2025-08-27 00:00:00-04:00,25.08616492283648,25.08616492283648,24.31727588920674,24.752670288085938,15500,0.0,0.0
2025-08-28 00:00:00-04:00,24.530340448964402,24.641505913142808,24.530340448964402,24.595186233520508,40100,0.0,0.0
2025-08-29 00:00:00-04:00,24.32653993719723,24.836044060927815,24.317276000976562,24.317276000976562,17700,0.0,0.0
2025-09-02 00:00:00-04:00,24.261694512859396,24.50255155744791,24.17832085254356,24.400650024414062,27000,0.0,0.0
2025-09-03 00:00:00-04:00,24.474758571719242,24.669295925160135,24.419176723152578,24.56739616394043,17500,0.0,0.0
2025-09-04 00:00:00-04:00,24.622978827014254,25.14174688693214,24.558133040388913,24.771198272705078,25600,0.0,0.0
2025-09-05 00:00:00-04:00,24.836043749313383,24.836043749313383,24.622978519656815,24.69708824157715,8500,0.0,0.0
2025-09-08 00:00:00-04:00,25.076900594730272,25.5030328176865,24.78972564535844,25.095428466796875,12600,0.0,0.0
2025-09-09 00:00:00-04:00,25.188066937293602,25.188066937293602,24.854572296142578,24.854572296142578,7100,0.0,0.0
2025-09-10 00:00:00-04:00,25.021319526024776,25.373340271696424,25.021319526024776,25.271440505981445,4000,0.0,0.0
2025-09-11 00:00:00-04:00,25.197330614664576,25.382604039132374,25.058373337669764,25.243648529052734,5200,0.0,0.0
2025-09-12 00:00:00-04:00,25.206592895861235,25.50303355677244,25.206592895861235,25.262176513671875,8000,0.0,0.0
2025-09-15 00:00:00-04:00,25.243648107449978,25.428923295738606,25.151010513305664,25.151010513305664,9400,0.0,0.0
2025-09-16 00:00:00-04:00,25.206592979152862,25.41965998096734,25.206592979152862,25.299230575561523,7800,0.0,0.0
2025-09-17 00:00:00-04:00,25.410395904312814,25.484505627647454,25.252912521362305,25.252912521362305,13200,0.0,0.0
2025-09-18 00:00:00-04:00,25.16027411054151,25.317757488391244,25.039846476616482,25.049110412597656,13700,0.0,0.0
2025-09-19 00:00:00-04:00,25.021319553250727,25.484505768378845,25.021319553250727,25.299230575561523,23400,0.0,0.0
2025-09-22 00:00:00-04:00,25.262175838195336,25.262175838195336,25.002790929426826,25.104692459106445,15900,0.0,0.0
2025-09-23 00:00:00-04:00,24.975000103424673,25.456714195689177,24.826780654561013,24.88236427307129,10900,0.0,0.0
2025-09-24 00:00:00-04:00,25.178802260193983,25.354813511947246,24.687824249267578,24.687824249267578,11400,0.0,0.0
2025-09-25 00:00:00-04:00,24.724880470405438,24.873099916766986,24.724880470405438,24.78972625732422,10500,0.0,0.0
2025-09-26 00:00:00-04:00,24.641505600969772,24.808252911667378,24.400648570730468,24.521076202392578,12100,0.0,0.0
2025-09-29 00:00:00-04:00,24.39138463492337,24.60444985774138,24.39138463492337,24.521076202392578,10500,0.0,0.0
2025-09-30 00:00:00-04:00,24.409914016723633,24.595187443582795,24.326540356216693,24.409914016723633,16600,0.0,0.0
2025-10-01 00:00:00-04:00,24.52107662538573,24.72487968282737,24.52107662538573,24.61371421813965,8700,0.0,0.0
2025-10-02 00:00:00-04:00,24.64150619506836,24.75266989360349,24.613714386977012,24.64150619506836,7700,0.0,0.0
2025-10-03 00:00:00-04:00,24.761933659779864,24.761933659779864,24.585924177154055,24.61371421813965,5900,0.0,0.0
2025-10-06 00:00:00-04:00,24.65077013109881,24.73414378845772,24.64150619506836,24.64150619506836,23300,0.0,0.0
2025-10-07 00:00:00-04:00,24.780462377067927,24.965737568896188,24.650770802937252,24.79899024963379,7300,0.0,0.0
2025-10-08 00:00:00-04:00,24.771198076160548,24.882363543004217,24.409913401020134,24.71561622619629,4600,0.0,0.0
2025-10-09 00:00:00-04:00,24.72488027462679,24.743406380088906,24.437703553524454,24.73414421081543,7500,0.0,0.0
2025-10-10 00:00:00-04:00,24.89162685325702,25.002790550390355,24.484022507632872,24.56739616394043,33800,0.0,0.0
2025-10-13 00:00:00-04:00,24.660034207932686,24.854571564937494,24.567396614014385,24.687824249267578,17500,0.0,0.0
2025-10-14 00:00:00-04:00,24.567396473739898,24.789725637725287,24.567396473739898,24.64150619506836,9800,0.0,0.0
2025-10-15 00:00:00-04:00,24.81751697822333,25.076900114528282,24.81751697822333,24.993526458740234,16100,0.0,0.0
2025-10-16 00:00:00-04:00,25.05837314281828,25.382603841759703,25.05837314281828,25.188066482543945,10100,0.0,0.0
2025-10-17 00:00:00-04:00,25.188066201422277,25.382603558466823,24.974999205292118,25.141746520996094,20000,0.0,0.0
2025-10-20 00:00:00-04:00,25.373338868839188,25.41965854788976,25.299229149273362,25.40113067626953,2300,0.0,0.0
2025-10-21 00:00:00-04:00,25.308494567871094,25.410396100837527,25.271440589374787,25.308494567871094,13300,0.0,0.0
2025-10-22 00:00:00-04:00,25.52155909887091,25.753152200555455,25.31775780547796,25.5771427154541,27500,0.0,0.0
2025-10-23 00:00:00-04:00,25.35481363342791,25.67904256332271,25.327021825044717,25.61419677734375,14800,0.0,0.0
2025-10-24 00:00:00-04:00,25.558613994340813,25.641987649531238,25.280702988316115,25.39186668395996,10400,0.0,0.0
2025-10-27 00:00:00-04:00,25.41039565030239,25.66977879592317,25.41039565030239,25.64198875427246,18800,0.0,0.0
2025-10-28 00:00:00-04:00,25.521559739789534,25.88284618899265,25.521559739789534,25.75315284729004,10600,0.0,0.0
2025-10-29 00:00:00-04:00,25.836526563484195,25.92916416006873,25.753152903249635,25.76241683959961,8700,0.0,0.0
2025-10-30 00:00:00-04:00,25.83652560224601,25.83652560224601,25.428923019503067,25.512296676635742,15500,0.0,0.0
2025-10-31 00:00:00-04:00,25.373340159187904,25.50303350020991,25.225120712518624,25.252912521362305,17000,0.0,0.0
2025-11-03 00:00:00-05:00,25.262176457643534,25.771680584704786,25.188066734308894,25.252912521362305,15600,0.0,0.0
2025-11-04 00:00:00-05:00,25.169538610166683,25.225120460383305,25.021319164978916,25.188066482543945,15800,0.0,0.0
2025-11-05 00:00:00-05:00,25.16953886174644,25.586407159825775,25.01205547879593,25.252912521362305,16500,0.0,0.0
2025-11-06 00:00:00-05:00,25.188065491710596,25.289965251946736,24.82677906222672,24.956472396850586,18500,0.0,0.0
2025-11-07 00:00:00-05:00,25.058373397895142,25.058373397895142,24.650770802937252,24.79899024963379,19700,0.0,0.0
2025-11-10 00:00:00-05:00,24.854572296142578,25.12322114971761,24.826780487074927,24.854572296142578,43600,0.0,0.0
2025-11-11 00:00:00-05:00,24.956472396850586,25.07690002873515,24.947208461026374,24.956472396850586,39100,0.0,0.0
2025-11-12 00:00:00-05:00,24.873100475365465,25.132483628865803,24.85457260242538,24.928682327270508,22500,0.0,0.0
2025-11-13 00:00:00-05:00,24.81751781326682,25.002791235873588,24.66929660150019,24.72488021850586,15500,0.0,0.0
2025-11-14 00:00:00-05:00,24.789726620098854,24.87310028076172,24.752670874508603,24.87310028076172,31300,0.0,0.0
2025-11-17 00:00:00-05:00,24.826780010595485,25.15101070916794,24.752670288085938,24.752670288085938,33000,0.0,0.0
2025-11-18 00:00:00-05:00,24.789726452738076,24.98426381502793,24.66003487787817,24.845308303833008,26100,0.0,0.0
2025-11-19 00:00:00-05:00,24.85457260242538,25.086165713430802,24.85457260242538,24.928682327270508,15900,0.0,0.0
2025-11-20 00:00:00-05:00,25.01205582031924,25.09542948107352,24.817518456502718,24.900890350341797,23600,0.0,0.0
2025-11-21 00:00:00-05:00,24.74340646404486,24.91015378217583,24.632242763234323,24.771198272705078,28900,0.0,0.0
2025-11-24 00:00:00-05:00,24.798989290028405,24.798989290028405,24.5766601285867,24.595186233520508,21100,0.0,0.0
2025-11-25 00:00:00-05:00,24.59518628988439,24.70635175431755,24.567396248962435,24.604450225830078,45700,0.0,0.0
2025-11-26 00:00:00-05:00,24.68782461363959,24.81751795380544,24.68782461363959,24.771198272705078,21900,0.0,0.0
2025-11-28 00:00:00-05:00,24.808253098381847,25.039846194557093,24.789725226628203,25.002790451049805,4200,0.0,0.0
2025-12-01 00:00:00-05:00,24.863835811670313,25.484505401687922,24.697088493917054,24.761934280395508,23800,0.0,0.0
2025-12-02 00:00:00-05:00,24.715616282338246,24.808253877099208,24.65077049608012,24.72488021850586,45200,0.0,0.0
2025-12-03 00:00:00-05:00,24.65077018737793,24.81751750247645,24.56739652982867,24.65077018737793,35100,0.0,0.0
2025-12-04 00:00:00-05:00,24.7341439296843,24.84530762885415,24.678560313184235,24.687824249267578,17200,0.0,0.0
2025-12-05 00:00:00-05:00,24.780461843185883,24.789725779269226,24.687824249267578,24.687824249267578,13800,0.0,0.0
2025-12-08 00:00:00-05:00,24.539604074006775,24.58592375304227,24.446966482850875,24.521076202392578,69700,0.0,0.0
2025-12-09 00:00:00-05:00,24.493287087196027,24.789725976561733,24.493287087196027,24.743406295776367,21700,0.0,0.0
2025-12-10 00:00:00-05:00,24.61371463954677,24.789725892101156,24.61371463954677,24.70635223388672,14400,0.0,0.0
2025-12-11 00:00:00-05:00,24.61371538936328,24.984264011096077,24.61371538936328,24.900890350341797,16400,0.0,0.0
2025-12-12 00:00:00-05:00,24.83604389043194,24.910153612773367,24.69708838190616,24.743406295776367,8800,0.0,0.0
2025-12-15 00:00:00-05:00,24.743406295776367,25.021319079743083,24.724880190377377,24.743406295776367,36400,0.0,0.0
2025-12-16 00:00:00-05:00,24.63224231527473,24.78972569432165,24.502550744382606,24.65077018737793,26200,0.0,0.0
2025-12-17 00:00:00-05:00,24.81751795380544,24.919417718395902,24.71561642229981,24.771198272705078,110700,0.0,0.0
2025-12-18 00:00:00-05:00,24.863834778182976,24.993526345749142,24.863834778182976,24.974998474121094,62400,0.0,0.0
2025-12-19 00:00:00-05:00,25.15999984741211,25.989999771118164,24.799999237060547,25.520000457763672,90200,1.985,0.0
2025-12-22 00:00:00-05:00,25.65999984741211,25.65999984741211,25.260000228881836,25.34000015258789,58300,0.0,0.0
2025-12-23 00:00:00-05:00,25.260000228881836,25.520000457763672,25.190000534057617,25.469999313354492,20500,0.0,0.0
2025-12-24 00:00:00-05:00,25.3799991607666,25.579999923706055,25.3700008392334,25.3700008392334,4300,0.0,0.0
2025-12-26 00:00:00-05:00,25.40999984741211,25.40999984741211,25.110000610351562,25.1299991607666,38400,0.0,0.0
2025-12-29 00:00:00-05:00,25.049999237060547,25.059999465942383,24.770000457763672,24.950000762939453,38700,0.0,0.0
2025-12-30 00:00:00-05:00,24.889999389648438,24.989999771118164,24.84000015258789,24.920000076293945,100200,0.0,0.0
2025-12-31 00:00:00-05:00,24.979999542236328,25.110000610351562,24.950000762939453,24.979999542236328,16600,0.0,0.0
2026-01-02 00:00:00-05:00,25.049999237060547,25.170000076293945,25.0,25.149999618530273,38000,0.0,0.0
2026-01-05 00:00:00-05:00,24.959999084472656,25.239999771118164,24.959999084472656,25.049999237060547,13500,0.0,0.0
2026-01-06 00:00:00-05:00,25.0,25.239999771118164,24.969999313354492,25.020000457763672,19200,0.0,0.0
2026-01-07 00:00:00-05:00,25.1299991607666,25.15999984741211,25.0,25.020000457763672,27500,0.0,0.0
2026-01-08 00:00:00-05:00,24.920000076293945,24.969999313354492,24.670000076293945,24.790000915527344,20800,0.0,0.0
2026-01-09 00:00:00-05:00,24.549999237060547,24.920000076293945,24.520000457763672,24.600000381469727,43500,0.0,0.0
2026-01-12 00:00:00-05:00,24.459999084472656,24.600000381469727,24.459999084472656,24.59000015258789,74900,0.0,0.0
2026-01-13 00:00:00-05:00,24.549999237060547,24.729999542236328,24.450000762939453,24.450000762939453,48700,0.0,0.0
2026-01-14 00:00:00-05:00,24.450000762939453,24.770000457763672,24.260000228881836,24.399999618530273,156700,0.0,0.0
2026-01-15 00:00:00-05:00,24.350000381469727,24.399999618530273,24.270000457763672,24.360000610351562,100600,0.0,0.0
2026-01-16 00:00:00-05:00,24.360000610351562,24.389999389648438,24.18000030517578,24.280000686645508,60600,0.0,0.0
2026-01-20 00:00:00-05:00,23.950000762939453,23.989999771118164,23.719999313354492,23.719999313354492,57500,0.0,0.0
2026-01-21 00:00:00-05:00,23.690000534057617,23.780000686645508,23.530000686645508,23.610000610351562,60800,0.0,0.0
2026-01-22 00:00:00-05:00,23.6299991607666,23.729999542236328,23.610000610351562,23.700000762939453,76000,0.0,0.0
2026-01-23 00:00:00-05:00,23.5,23.610000610351562,23.239999771118164,23.3799991607666,32600,0.0,0.0
2026-01-26 00:00:00-05:00,23.31999969482422,23.600000381469727,23.31999969482422,23.510000228881836,54600,0.0,0.0
2026-01-27 00:00:00-05:00,23.520000457763672,23.559999465942383,23.40999984741211,23.43000030517578,26200,0.0,0.0
2026-01-28 00:00:00-05:00,23.469999313354492,23.469999313354492,23.299999237060547,23.3799991607666,17000,0.0,0.0
2026-01-29 00:00:00-05:00,23.549999237060547,23.600000381469727,23.1200008392334,23.209999084472656,56700,0.0,0.0
2026-01-30 00:00:00-05:00,23.25,23.559999465942383,23.25,23.399999618530273,88400,0.0,0.0
2026-02-02 00:00:00-05:00,23.360000610351562,24.239999771118164,23.280000686645508,24.209999084472656,88000,0.0,0.0
2026-02-03 00:00:00-05:00,24.5,24.59000015258789,24.15999984741211,24.229999542236328,85200,0.0,0.0
2026-02-04 00:00:00-05:00,24.3799991607666,24.520000457763672,24.290000915527344,24.469999313354492,59000,0.0,0.0
2026-02-05 00:00:00-05:00,24.290000915527344,24.290000915527344,24.200000762939453,24.239999771118164,15600,0.0,0.0
2026-02-06 00:00:00-05:00,24.350000381469727,24.3799991607666,24.25,24.329999923706055,9500,0.0,0.0
2026-02-09 00:00:00-05:00,24.3700008392334,24.40999984741211,24.239999771118164,24.3700008392334,18800,0.0,0.0
2026-02-10 00:00:00-05:00,24.479999542236328,24.649999618530273,24.459999084472656,24.600000381469727,94900,0.0,0.0
2026-02-11 00:00:00-05:00,24.420000076293945,24.65999984741211,24.389999389648438,24.59000015258789,38600,0.0,0.0
2026-02-12 00:00:00-05:00,24.450000762939453,24.649999618530273,24.31999969482422,24.3700008392334,14800,0.0,0.0
2026-02-13 00:00:00-05:00,24.1299991607666,24.56999969482422,24.1299991607666,24.219999313354492,13000,0.0,0.0
2026-02-17 00:00:00-05:00,24.219999313354492,24.670000076293945,24.219999313354492,24.440000534057617,29600,0.0,0.0
2026-02-18 00:00:00-05:00,24.40999984741211,24.5,24.399999618530273,24.420000076293945,34200,0.0,0.0
2026-02-19 00:00:00-05:00,24.139999389648438,24.139999389648438,23.90999984741211,24.020000457763672,55500,0.0,0.0
2026-02-20 00:00:00-05:00,24.1299991607666,24.549999237060547,24.1299991607666,24.540000915527344,25700,0.0,0.0
2026-02-23 00:00:00-05:00,24.110000610351562,24.420000076293945,24.030000686645508,24.110000610351562,44600,0.0,0.0
2026-02-24 00:00:00-05:00,24.18000030517578,24.43000030517578,24.049999237060547,24.270000457763672,43900,0.0,0.0
2026-02-25 00:00:00-05:00,24.25,24.25,24.079999923706055,24.170000076293945,67900,0.0,0.0
2026-02-26 00:00:00-05:00,24.270000457763672,24.270000457763672,24.0,24.040000915527344,31400,0.0,0.0
2026-02-27 00:00:00-05:00,23.899999618530273,23.940000534057617,23.389999389648438,23.850000381469727,54700,0.0,0.0
2026-03-02 00:00:00-05:00,23.3799991607666,23.65999984741211,23.25,23.469999313354492,81100,0.0,0.0
2026-03-03 00:00:00-05:00,23.18000030517578,23.18000030517578,22.729999542236328,22.989999771118164,104300,0.0,0.0
2026-03-04 00:00:00-05:00,23.110000610351562,23.149999618530273,23.010000228881836,23.09000015258789,36100,0.0,0.0
2026-03-05 00:00:00-05:00,23.149999618530273,23.280000686645508,22.90999984741211,22.950000762939453,68900,0.0,0.0
2026-03-06 00:00:00-05:00,22.790000915527344,22.959999084472656,22.65999984741211,22.799999237060547,78900,0.0,0.0
2026-03-09 00:00:00-04:00,22.5,22.829999923706055,22.290000915527344,22.75,88300,0.0,0.0
2026-03-10 00:00:00-04:00,22.719999313354492,22.989999771118164,22.700000762939453,22.799999237060547,17600,0.0,0.0
2026-03-11 00:00:00-04:00,22.639999389648438,22.719999313354492,22.219999313354492,22.229999542236328,85600,0.0,0.0
2026-03-12 00:00:00-04:00,22.219999313354492,22.459999084472656,21.860000610351562,21.950000762939453,43900,0.0,0.0
2026-03-13 00:00:00-04:00,21.809999465942383,21.809999465942383,21.5,21.530000686645508,57700,0.0,0.0
2026-03-16 00:00:00-04:00,21.610000610351562,21.889999389648438,21.610000610351562,21.860000610351562,58600,0.0,0.0
2026-03-17 00:00:00-04:00,21.790000915527344,21.90999984741211,21.719999313354492,21.81999969482422,24500,0.0,0.0
2026-03-18 00:00:00-04:00,21.700000762939453,21.799999237060547,21.540000915527344,21.56999969482422,29300,0.0,0.0
2026-03-19 00:00:00-04:00,21.200000762939453,21.389999389648438,21.15999984741211,21.18000030517578,87500,0.0,0.0
2026-03-20 00:00:00-04:00,21.100000381469727,21.139999389648438,20.719999313354492,20.770000457763672,75800,0.0,0.0
2026-03-23 00:00:00-04:00,21.149999618530273,21.3700008392334,21.0,21.020000457763672,60300,0.0,0.0
2026-03-24 00:00:00-04:00,20.739999771118164,21.200000762939453,20.450000762939453,20.479999542236328,75600,0.0,0.0
2026-03-25 00:00:00-04:00,20.75,21.100000381469727,20.719999313354492,20.8700008392334,39600,0.0,0.0
2026-03-26 00:00:00-04:00,20.790000915527344,20.959999084472656,20.280000686645508,20.5,21700,0.0,0.0
2026-03-27 00:00:00-04:00,20.389999389648438,20.440000534057617,20.030000686645508,20.1299991607666,38800,0.0,0.0
2026-03-30 00:00:00-04:00,20.06999969482422,20.139999389648438,19.829999923706055,19.959999084472656,49500,0.0,0.0
2026-03-31 00:00:00-04:00,20.030000686645508,20.649999618530273,20.030000686645508,20.579999923706055,37000,0.0,0.0
2026-04-01 00:00:00-04:00,20.649999618530273,20.75,20.510000228881836,20.649999618530273,37100,0.0,0.0
2026-04-02 00:00:00-04:00,20.600000381469727,20.75,20.3799991607666,20.510000228881836,65400,0.0,0.0
2026-04-06 00:00:00-04:00,20.84000015258789,20.959999084472656,20.790000915527344,20.899999618530273,48000,0.0,0.0
2026-04-07 00:00:00-04:00,20.940000534057617,20.940000534057617,20.520000457763672,20.8799991607666,59900,0.0,0.0
2026-04-08 00:00:00-04:00,21.56999969482422,22.149999618530273,21.5,21.850000381469727,33800,0.0,0.0
2026-04-09 00:00:00-04:00,21.920000076293945,22.049999237060547,21.549999237060547,21.940000534057617,40100,0.0,0.0
2026-04-10 00:00:00-04:00,21.940000534057617,22.290000915527344,21.940000534057617,22.229999542236328,28900,0.0,0.0
2026-04-13 00:00:00-04:00,22.139999389648438,22.399999618530273,21.75,22.3700008392334,44900,0.0,0.0
2026-04-14 00:00:00-04:00,22.399999618530273,22.81999969482422,22.399999618530273,22.65999984741211,22200,0.0,0.0
2026-04-15 00:00:00-04:00,22.700000762939453,22.969999313354492,22.5,22.690000534057617,16500,0.0,0.0
2026-04-16 00:00:00-04:00,22.700000762939453,22.729999542236328,22.479999542236328,22.520000457763672,16000,0.0,0.0
2026-04-17 00:00:00-04:00,22.690000534057617,23.655000686645508,23.0,23.010000228881836,25045,0.0,0.0
