Date,Open,High,Low,Close,Volume,Dividends,Stock Splits
2022-01-03 00:00:00-05:00,37.300003286818786,38.33673845640305,36.93453792903916,36.97929000854492,3800100,0.0,0.0
2022-01-04 00:00:00-05:00,36.5466946764427,37.47155105891622,36.36768920573331,37.04641342163086,3326000,0.0,0.0
2022-01-05 00:00:00-05:00,37.277623461089036,37.55358746649383,35.9649272761517,36.061885833740234,4431800,0.0,0.0
2022-01-06 00:00:00-05:00,36.2707222133313,37.05386491979122,35.39061811420269,36.56160354614258,3357800,0.0,0.0
2022-01-07 00:00:00-05:00,34.73427081659287,36.30801642757411,34.60747754888478,35.950008392333984,7612600,0.0,0.0
2022-01-10 00:00:00-05:00,35.91272357918314,35.95001555681185,33.8168814321816,34.74919509887695,5186300,0.0,0.0
2022-01-11 00:00:00-05:00,34.90582125250926,36.54669378751856,34.58510514063582,36.531776428222656,3685400,0.0,0.0
2022-01-12 00:00:00-05:00,36.67348448053109,37.292542044157784,35.293661562975316,35.78592300415039,5482500,0.0,0.0
2022-01-13 00:00:00-05:00,36.04696968138605,37.44916710384718,35.8903388547239,36.33039093017578,4810500,0.0,0.0
2022-01-14 00:00:00-05:00,35.800833036603606,35.94254364310344,34.64476503883553,35.62928771972656,4579400,0.0,0.0
2022-01-18 00:00:00-05:00,35.45775308162056,38.8662915259106,35.14449421870528,37.106082916259766,15364600,0.0,0.0
2022-01-19 00:00:00-05:00,36.6585747048399,39.98506920221184,36.59890526416454,38.65745544433594,11828400,0.0,0.0
2022-01-20 00:00:00-05:00,38.754407546872685,39.201919741630824,35.71879496665614,35.86796569824219,4523900,0.0,0.0
2022-01-21 00:00:00-05:00,35.61437395271942,35.92762990765713,34.36134444257883,34.93564987182617,6267000,0.0,0.0
2022-01-24 00:00:00-05:00,46.02645992290378,47.62258044800481,45.36265305453892,47.51816177368164,41700600,0.0,0.0
2022-01-25 00:00:00-05:00,46.77976337495653,48.01787275158923,46.13833122776957,46.444129943847656,9848900,0.0,0.0
2022-01-26 00:00:00-05:00,46.80960020086425,47.04827510118583,44.65409160258295,44.94497299194336,5787800,0.0,0.0
2022-01-27 00:00:00-05:00,45.34773139017784,46.19800090918192,44.39304320676206,44.579505920410156,5038600,0.0,0.0
2022-01-28 00:00:00-05:00,44.601877471867915,44.88530157379919,43.71431604014014,44.870384216308594,4682600,0.0,0.0
2022-01-31 00:00:00-05:00,44.92259466089505,45.37756411747799,43.90823708789606,44.534751892089844,4896000,0.0,0.0
2022-02-01 00:00:00-05:00,44.55713295159672,44.95989026560991,43.64719396490979,44.281166076660156,3488600,0.0,0.0
2022-02-02 00:00:00-05:00,44.38558531045793,44.50492133931479,43.10272371154547,43.24443435668945,3416700,0.0,0.0
2022-02-03 00:00:00-05:00,43.40107126899411,44.45272112826589,43.199691145491514,43.69195556640625,4227300,0.0,0.0
2022-02-04 00:00:00-05:00,43.07288264168296,45.22093368955913,42.953546630422885,44.51237487792969,4292600,0.0,0.0
2022-02-07 00:00:00-05:00,44.71375683034411,45.228392867296584,44.44525008230106,44.497459411621094,1702300,0.0,0.0
2022-02-08 00:00:00-05:00,45.04939364770518,46.08612590089085,44.90022290479319,45.59386444091797,1997400,0.0,0.0
2022-02-09 00:00:00-05:00,45.549110536024486,46.64551218044061,45.549110536024486,46.21291732788086,5070500,0.0,0.0
2022-02-10 00:00:00-05:00,46.66043547910873,46.817063492481694,44.75851332028227,45.183650970458984,4448500,0.0,0.0
2022-02-11 00:00:00-05:00,44.900227198533734,45.51928199980415,43.505486736099535,43.83366012573242,3554100,0.0,0.0
2022-02-14 00:00:00-05:00,44.035037868755154,44.37812860029711,43.24443488958876,43.311561584472656,1963100,0.0,0.0
2022-02-15 00:00:00-05:00,43.632281970765064,44.77343305030707,43.557698011457404,44.54222106933594,2315000,0.0,0.0
2022-02-16 00:00:00-05:00,44.30354774327157,44.95243727568277,44.0350409449785,44.15437698364258,1869700,0.0,0.0
2022-02-17 00:00:00-05:00,43.81874096296838,44.11708246504974,43.0803473101745,43.37868881225586,1817500,0.0,0.0
2022-02-18 00:00:00-05:00,42.953551396153806,44.057410334082206,42.81184075618298,43.0728874206543,1987900,0.0,0.0
2022-02-22 00:00:00-05:00,42.90133720332826,43.6024359121977,40.49223952555915,40.54444885253906,3748900,0.0,0.0
2022-02-23 00:00:00-05:00,40.66378744105572,40.76820610163426,39.343631135465955,39.716556549072266,2867900,0.0,0.0
2022-02-24 00:00:00-05:00,38.68728226992625,41.618476298422195,38.44115297225457,41.521514892578125,2993900,0.0,0.0
2022-02-25 00:00:00-05:00,40.79803359903185,42.483654918403694,40.64140563587675,42.423988342285156,1827900,0.0,0.0
2022-02-28 00:00:00-05:00,41.5662702809696,42.349413156278494,40.88008881923468,41.48422622680664,6086600,0.0,0.0
2022-03-01 00:00:00-05:00,42.886422625883164,44.706297622606925,40.9024595364762,42.36432647705078,6228200,0.0,0.0
2022-03-02 00:00:00-05:00,42.52095823918597,44.676469714033395,42.386707695769516,43.997745513916016,3273900,0.0,0.0
2022-03-03 00:00:00-05:00,44.005202770974286,44.24387482957411,42.968470482957166,43.997745513916016,2294000,0.0,0.0
2022-03-04 00:00:00-05:00,43.55023597161574,44.0872495593746,42.834219751400965,43.83366012573242,3416500,0.0,0.0
2022-03-07 00:00:00-05:00,43.49056002842465,43.744149407562794,38.03838979955202,38.1502685546875,3938600,0.0,0.0
2022-03-08 00:00:00-05:00,39.04529066374757,41.3201380210034,38.01601854444628,39.791141510009766,3548500,0.0,0.0
2022-03-09 00:00:00-05:00,40.74583442244815,41.32759719911944,40.15661154365807,40.27594757080078,2880900,0.0,0.0
2022-03-10 00:00:00-05:00,39.731476118655756,40.7309163965614,39.53755329947668,40.61903762817383,3163800,0.0,0.0
2022-03-11 00:00:00-05:00,40.92483893619765,41.267932519670886,39.9999853943014,40.231197357177734,1917000,0.0,0.0
2022-03-14 00:00:00-04:00,40.14169368037304,41.09638188552231,39.73893352687745,40.23865509033203,2041800,0.0,0.0
2022-03-15 00:00:00-04:00,40.238654929616644,40.92372825652685,39.37290162918902,40.5172004699707,2108000,0.5,0.0
2022-03-16 00:00:00-04:00,40.99901491699332,47.86480880123788,40.727996359482205,47.51097869873047,10500500,0.0,0.0
2022-03-17 00:00:00-04:00,47.42816326440971,47.98525723936623,46.238693664388634,47.07433319091797,4118600,0.0,0.0
2022-03-18 00:00:00-04:00,46.29891990235646,47.051747868248434,46.110712910883464,46.99905014038086,5993300,0.0,0.0
2022-03-21 00:00:00-04:00,47.45074560775556,47.57872785485799,46.34409045453738,46.712974548339844,3148000,0.0,0.0
2022-03-22 00:00:00-04:00,46.97646168654659,47.729289579780925,46.02036991752173,46.5925178527832,2853100,0.0,0.0
2022-03-23 00:00:00-04:00,46.01284283406625,46.34408896523183,45.184733249773664,45.65901565551758,4500000,0.0,0.0
2022-03-24 00:00:00-04:00,45.749360150496756,46.48713128209733,45.43317088163305,45.990264892578125,2068400,0.0,0.0
2022-03-25 00:00:00-04:00,46.4269004876252,46.66027819698366,45.613847756621425,46.39678955078125,1316500,0.0,0.0
2022-03-28 00:00:00-04:00,45.9225012279397,46.261274352343975,45.06427789398919,45.914974212646484,2124200,0.0,0.0
2022-03-29 00:00:00-04:00,45.99025606145953,46.88612021956124,45.93002845159866,46.74308395385742,2227600,0.0,0.0
2022-03-30 00:00:00-04:00,46.178472301865405,47.20984591732433,46.06554694661914,46.23869705200195,1915000,0.0,0.0
2022-03-31 00:00:00-04:00,46.23869782614797,46.457018651646706,45.20732419342139,45.51598358154297,3578300,0.0,0.0
2022-04-01 00:00:00-04:00,45.802054093534025,46.11071344827453,44.98147148627597,45.42564010620117,1943800,0.0,0.0
2022-04-04 00:00:00-04:00,45.41811470984216,45.96014891810121,45.06428463015082,45.63643264770508,1460400,0.0,0.0
2022-04-05 00:00:00-04:00,45.726773611550556,46.201053179987824,44.800792651891,44.97394561767578,2015100,0.0,0.0
2022-04-06 00:00:00-04:00,44.43190989360223,44.50719154655352,42.41433057894919,43.656497955322266,3203300,0.0,0.0
2022-04-07 00:00:00-04:00,43.35536498540424,43.859758371013065,42.35410235883971,43.664024353027344,2295700,0.0,0.0
2022-04-08 00:00:00-04:00,43.66402092573548,44.251225805412496,43.001531528272494,43.5209846496582,2412400,0.0,0.0
2022-04-11 00:00:00-04:00,43.61885815977136,44.175952205613406,43.06176698574055,43.091880798339844,2316900,0.0,0.0
2022-04-12 00:00:00-04:00,45.71171997405055,46.30645194914056,45.011589659964166,45.395530700683594,5817000,0.0,0.0
2022-04-13 00:00:00-04:00,45.538567617465844,46.178470277648536,45.28260597903058,45.77947235107422,2699300,0.0,0.0
2022-04-14 00:00:00-04:00,45.81711658462786,46.48713310429307,45.80958669574895,45.92251205444336,2798900,0.0,0.0
2022-04-18 00:00:00-04:00,45.67407328146947,46.28386499398548,45.34282999604707,45.52350997924805,1924300,0.0,0.0
2022-04-19 00:00:00-04:00,45.832172091099785,46.55488632360483,45.39553044741273,46.23869705200195,2948000,0.0,0.0
2022-04-20 00:00:00-04:00,46.23869602776334,46.41937601779288,45.448227173982524,45.6063232421875,1510800,0.0,0.0
2022-04-21 00:00:00-04:00,46.1182375217402,46.291390472058396,43.77694508224269,44.12324523925781,2303200,0.0,0.0
2022-04-22 00:00:00-04:00,43.528505316064134,44.303917069381335,43.05422297453318,43.18220520019531,2540300,0.0,0.0
2022-04-25 00:00:00-04:00,42.91119341721836,45.47080961188199,42.241176997035716,45.463279724121094,7815700,0.0,0.0
2022-04-26 00:00:00-04:00,45.0341709853847,45.395528082814565,44.37921142578125,44.37921142578125,1759900,0.0,0.0
2022-04-27 00:00:00-04:00,44.22111897449154,44.845964735151234,43.566156532111464,44.04796600341797,1261200,0.0,0.0
2022-04-28 00:00:00-04:00,44.78573378892824,45.222372484941125,43.77694427106465,44.55988311767578,2059000,0.0,0.0
2022-04-29 00:00:00-04:00,44.30391425107276,44.845951178341785,43.43063413036719,43.573673248291016,1749600,0.0,0.0
2022-05-02 00:00:00-04:00,43.85223073811503,44.41685173474312,43.10692975896916,44.258758544921875,1542300,0.0,0.0
2022-05-03 00:00:00-04:00,44.33403503270768,44.454487383088306,43.21232305825266,43.317718505859375,1533200,0.0,0.0
2022-05-04 00:00:00-04:00,43.62637973189517,44.50718704392326,42.84343798444086,44.228641510009766,1548500,0.0,0.0
2022-05-05 00:00:00-04:00,43.74683704475782,43.95762797303135,42.63265191103756,43.18974304199219,1751900,0.0,0.0
2022-05-06 00:00:00-04:00,42.76815657192233,43.054229123202376,41.29261161774581,41.955101013183594,2311500,0.0,0.0
2022-05-09 00:00:00-04:00,41.10440987837997,41.40554224342018,38.04792987073385,38.115684509277344,3973700,0.0,0.0
2022-05-10 00:00:00-04:00,38.58243127211467,38.77063825392986,36.17338133051806,37.18217086791992,3039300,0.0,0.0
2022-05-11 00:00:00-04:00,36.95632196671695,37.10688812206029,35.02908149630532,35.119422912597656,3219300,0.0,0.0
2022-05-12 00:00:00-04:00,35.36033220830627,36.813290483365186,34.675258840673116,35.7668571472168,2541100,0.0,0.0
2022-05-13 00:00:00-04:00,36.33900822719646,37.37791168052579,36.33900822719646,36.46698760986328,1930100,0.0,0.0
2022-05-16 00:00:00-04:00,36.24867183295515,36.24867183295515,34.94627677650448,35.4280891418457,1865800,0.0,0.0
2022-05-17 00:00:00-04:00,35.49584911411452,36.60250456338497,35.14954597577785,36.48958206176758,1785500,0.0,0.0
2022-05-18 00:00:00-04:00,33.88478946714006,34.08805338645855,31.8370991118711,32.46947479248047,8104400,0.0,0.0
2022-05-19 00:00:00-04:00,30.564813588609585,34.374124045390246,30.09806106421543,33.907371520996094,14092600,0.0,0.0
2022-05-20 00:00:00-04:00,32.41677720600774,32.66520897176514,29.06669177409574,29.510860443115234,11390600,0.0,0.0
2022-05-23 00:00:00-04:00,28.60745749341082,29.77434005364842,28.231043579023833,28.788137435913086,5335000,0.0,0.0
2022-05-24 00:00:00-04:00,28.1557671721924,28.25363274039908,26.077960370802636,27.237316131591797,4942400,0.0,0.0
2022-05-25 00:00:00-04:00,27.71160379428692,32.08553328037348,27.47822604607095,30.4744815826416,13862900,0.0,0.0
2022-05-26 00:00:00-04:00,31.091792676988632,32.78565550545205,30.71537871510787,32.5146369934082,5062300,0.0,0.0
2022-05-27 00:00:00-04:00,32.02529880824341,33.02655839854752,30.263681448460773,31.520902633666992,7080300,0.0,0.0
2022-05-31 00:00:00-04:00,31.249887214219843,31.48326491461286,30.083004455876242,30.354022979736328,3618300,0.0,0.0
2022-06-01 00:00:00-04:00,30.60998733553294,30.850892073425285,29.428047567807663,30.263687133789062,2502500,0.0,0.0
2022-06-02 00:00:00-04:00,30.429302582868914,31.32516962899175,30.083002435334137,31.001453399658203,4804300,0.0,0.0
2022-06-03 00:00:00-04:00,31.88980362828205,32.34902929865397,31.01652301426408,31.227313995361328,8161300,0.0,0.0
2022-06-06 00:00:00-04:00,31.01651556937421,31.731702775902956,30.625044647149938,31.709115982055664,4360600,0.0,0.0
2022-06-07 00:00:00-04:00,34.52803978039764,35.762271641407715,33.84235379855254,34.73374557495117,13377700,0.5,0.0
2022-06-08 00:00:00-04:00,34.35280556193305,35.96035580495089,34.06329341373803,34.863258361816406,6077000,0.0,0.0
2022-06-09 00:00:00-04:00,34.665176806312424,36.28796501782559,34.109010582133315,35.50323486328125,7472900,0.0,0.0
2022-06-10 00:00:00-04:00,34.95469222602065,35.61752012909436,34.4975672292401,34.855648040771484,3459600,0.0,0.0
2022-06-13 00:00:00-04:00,34.20805599347995,34.47471004678697,30.55868819929986,30.886293411254883,6455900,0.0,0.0
2022-06-14 00:00:00-04:00,31.160562287127135,31.792914461259276,30.825336786628018,31.29007911682129,3396300,0.0,0.0
2022-06-15 00:00:00-04:00,31.625315026392112,34.28425039105326,31.533891172449973,32.60051345825195,5942400,0.0,0.0
2022-06-16 00:00:00-04:00,31.90719830785833,32.044335492343535,30.37583404987717,30.7110595703125,3892000,0.0,0.0
2022-06-17 00:00:00-04:00,31.008189106159968,31.343411719616682,30.292027609428047,30.665346145629883,5905600,0.0,0.0
2022-06-21 00:00:00-04:00,31.50340487174428,33.309043537473556,31.351032802431384,32.25004196166992,4057200,0.0,0.0
2022-06-22 00:00:00-04:00,31.63292364182603,31.93767067735618,28.471153893891405,29.415876388549805,10004700,0.0,0.0
2022-06-23 00:00:00-04:00,29.309216866130612,29.93395167567437,28.295925707778522,29.24064826965332,3705600,0.0,0.0
2022-06-24 00:00:00-04:00,29.24826444885293,30.276793351631788,28.768284294222795,29.903474807739258,5132100,0.0,0.0
2022-06-27 00:00:00-04:00,29.751102200834527,29.751102200834527,28.608294155427483,28.707338333129883,6231900,0.0,0.0
2022-06-28 00:00:00-04:00,28.882566501084938,29.370164100836355,27.854040495753722,28.052125930786133,3485700,0.0,0.0
2022-06-29 00:00:00-04:00,27.86165724443459,28.189262418560567,27.214067243289303,27.358821868896484,2967100,0.0,0.0
2022-06-30 00:00:00-04:00,26.795041655257656,27.221691098122392,26.15507185042789,27.19121551513672,3341000,0.0,0.0
2022-07-01 00:00:00-04:00,22.185712741475456,22.71140336245763,21.065759998610208,21.850488662719727,33184700,0.0,0.0
2022-07-05 00:00:00-04:00,21.43145772029177,22.51331596792193,20.821960730002434,22.406654357910156,10855600,0.0,0.0
2022-07-06 00:00:00-04:00,22.002863452513278,22.056195714937953,20.80672460522988,20.85243797302246,7436000,0.0,0.0
2022-07-07 00:00:00-04:00,20.631494978549064,21.896202460556623,20.4334080719128,21.53050422668457,6960900,0.0,0.0
2022-07-08 00:00:00-04:00,21.728589870004974,22.719022892446198,21.04290535807216,22.223806381225586,6781600,0.0,0.0
2022-07-11 00:00:00-04:00,22.05619506373484,22.444748506410864,21.530502974885625,22.223806381225586,4510400,0.0,0.0
2022-07-12 00:00:00-04:00,21.873343752245944,22.917108999651486,21.78953882295963,22.056194305419922,3738400,0.0,0.0
2022-07-13 00:00:00-04:00,21.873348881887587,22.0028672064192,21.317182557257183,21.332420349121094,3667600,0.0,0.0
2022-07-14 00:00:00-04:00,21.26384662757224,21.26384662757224,20.2810325390879,20.540067672729492,4280100,0.0,0.0
2022-07-15 00:00:00-04:00,20.661971447427334,21.515267363195683,20.524834240532787,21.507648468017578,3705400,0.0,0.0
2022-07-18 00:00:00-04:00,21.59145099098662,22.680928102491833,21.59145099098662,22.048574447631836,3447100,0.0,0.0
2022-07-19 00:00:00-04:00,22.41427727900332,22.69617059588077,22.094290938322082,22.551414489746094,4606700,0.0,0.0
2022-07-20 00:00:00-04:00,22.475226960373263,23.214242374578294,22.22380922538345,23.160911560058594,4271500,0.0,0.0
2022-07-21 00:00:00-04:00,23.00091688050576,23.564702005579903,22.75711806459862,23.541845321655273,1801400,0.0,0.0
2022-07-22 00:00:00-04:00,23.618035916269537,23.846596972906617,22.932351293202544,23.054250717163086,1966300,0.0,0.0
2022-07-25 00:00:00-04:00,23.07710739312536,23.099962626884754,21.88858583034108,22.06381607055664,3888100,0.0,0.0
2022-07-26 00:00:00-04:00,20.745774576854625,21.027667861210983,20.052471160888672,20.052471160888672,5995000,0.0,0.0
2022-07-27 00:00:00-04:00,20.303888349115507,20.700062134745934,19.86200265072942,20.6086368560791,4930800,0.0,0.0
2022-07-28 00:00:00-04:00,20.761014955078583,21.500030377132475,20.341985876697084,21.41622543334961,3814400,0.0,0.0
2022-07-29 00:00:00-04:00,21.652403280799298,22.239045096180785,21.058142570693374,22.200950622558594,3334200,0.0,0.0
2022-08-01 00:00:00-04:00,22.01810285404931,22.627601390847364,21.61431158106961,22.467607498168945,2692000,0.0,0.0
2022-08-02 00:00:00-04:00,22.284758576664235,22.985680955834262,22.056197531499183,22.292377471923828,2633600,0.0,0.0
2022-08-03 00:00:00-04:00,22.848543039977194,23.854213932612332,22.83330524992984,23.69422149658203,2930000,0.0,0.0
2022-08-04 00:00:00-04:00,23.12281856846944,23.43518601379569,22.673313912384213,22.871400833129883,3289800,0.0,0.0
2022-08-05 00:00:00-04:00,22.612362489152492,23.40470865894667,22.406656688599497,23.275190353393555,2777600,0.0,0.0
2022-08-08 00:00:00-04:00,23.618032084199804,25.27129293506449,23.51898936323514,23.96849250793457,3909200,0.0,0.0
2022-08-09 00:00:00-04:00,23.534228344719818,23.747553052599287,22.47522660689622,22.612363815307617,4179400,0.0,0.0
2022-08-10 00:00:00-04:00,23.34375566515583,24.69226934127582,23.267569634043834,23.869447708129883,3646600,0.0,0.0
2022-08-11 00:00:00-04:00,24.707507870962775,25.240818823699527,24.334190785309225,24.852262496948242,2758100,0.0,0.0
2022-08-12 00:00:00-04:00,25.05797369909664,25.35510336251494,24.745606244437464,25.27891731262207,2168400,0.0,0.0
2022-08-15 00:00:00-04:00,25.14177899888086,25.42367085873749,24.875124929599103,25.18749237060547,2613700,0.0,0.0
2022-08-16 00:00:00-04:00,25.644613522534964,27.884516341326332,25.61413794250239,26.73409080505371,6827300,0.0,0.0
2022-08-17 00:00:00-04:00,25.911269090666554,26.72647491928945,25.54557082791752,25.865558624267578,4838700,0.0,0.0
2022-08-18 00:00:00-04:00,24.021822676664662,25.06558786887049,23.267569634043834,23.869447708129883,15371400,0.0,0.0
2022-08-19 00:00:00-04:00,23.61803252996241,23.686601127753455,22.6275994890004,22.772354125976562,6121300,0.0,0.0
2022-08-22 00:00:00-04:00,22.162857948603392,22.383800086444147,21.484792292238406,21.51526641845703,5169200,0.0,0.0
2022-08-23 00:00:00-04:00,22.02571906433788,22.978059049662612,21.91905745099127,21.96476936340332,4673200,0.0,0.0
2022-08-24 00:00:00-04:00,21.759069769113786,22.48284894516598,21.515270896005315,22.353330612182617,3960100,0.0,0.0
2022-08-25 00:00:00-04:00,22.239047016147854,23.74755342608672,22.178097306245952,23.160911560058594,4065500,0.0,0.0
2022-08-26 00:00:00-04:00,23.244717179058867,23.450422988034635,22.559032602295304,22.6580753326416,4110800,0.0,0.0
2022-08-29 00:00:00-04:00,22.26952136303539,22.376184446277108,21.33241901916515,21.40098762512207,4558800,0.0,0.0
2022-08-30 00:00:00-04:00,21.736211759449695,21.949535019621685,20.87529546383761,21.40098762512207,5088900,0.0,0.0
2022-08-31 00:00:00-04:00,21.416222958368117,21.995245868248468,21.05052328417936,21.652402877807617,4762100,0.0,0.0
2022-09-01 00:00:00-04:00,21.324800900325165,21.812398602082393,20.9210081453351,21.61431312561035,3441900,0.0,0.0
2022-09-02 00:00:00-04:00,22.018098799983,23.648505741551308,21.370507359627975,22.833301544189453,11357500,0.0,0.0
2022-09-06 00:00:00-04:00,22.856545745217066,23.057993444376542,21.89579620309432,21.91904067993164,5577800,0.5,0.0
2022-09-07 00:00:00-04:00,21.771830760164104,23.212954476397535,21.562634881452517,22.941776275634766,4140300,0.0,0.0
2022-09-08 00:00:00-04:00,22.577617666004876,23.282683865776036,22.182470431329246,23.267189025878906,4372000,0.0,0.0
2022-09-09 00:00:00-04:00,23.538372549644816,24.11947129552734,23.453145738493205,23.794055938720703,4424800,0.0,0.0
2022-09-12 00:00:00-04:00,24.119467831984142,24.599843376501983,23.747565042698906,23.949012756347656,3964300,0.0,0.0
2022-09-13 00:00:00-04:00,23.06574471601725,23.6623397350597,22.128238046406196,22.298694610595703,4941200,0.0,0.0
2022-09-14 00:00:00-04:00,22.407165699171525,22.438156861055983,21.96553092819264,22.221214294433594,3413000,0.0,0.0
2022-09-15 00:00:00-04:00,21.810570685339165,22.66284906541248,21.733090563912427,22.221214294433594,3740900,0.0,0.0
2022-09-16 00:00:00-04:00,21.78732800283069,22.492394310312136,21.593628435328963,22.267702102661133,6760000,0.0,0.0
2022-09-19 00:00:00-04:00,21.996519922302316,22.825553740902542,21.981025081792318,22.724830627441406,5810200,0.0,0.0
2022-09-20 00:00:00-04:00,22.500141729182914,22.515636570936724,21.79507396711635,21.934537887573242,3939800,0.0,0.0
2022-09-21 00:00:00-04:00,22.1514820864309,22.569872372982836,21.562635239074886,21.616870880126953,3940400,0.0,0.0
2022-09-22 00:00:00-04:00,21.632364477293883,21.756332063471252,20.74134689746521,20.865314483642578,4249700,0.0,0.0
2022-09-23 00:00:00-04:00,20.454673571744763,20.66386945460762,19.84258372069206,20.377193450927734,4707300,0.0,0.0
2022-09-26 00:00:00-04:00,20.198991301912823,20.65612241390958,19.517169452964197,19.788349151611328,4454200,0.0,0.0
2022-09-27 00:00:00-04:00,20.23773262723979,20.408187724437067,19.571405603795913,19.912317276000977,4744900,0.0,0.0
2022-09-28 00:00:00-04:00,20.106016126835343,20.76459348814592,19.974300359011135,20.52440643310547,4557100,0.0,0.0
2022-09-29 00:00:00-04:00,20.1292589452307,20.291967352374964,19.455185269689935,19.63338851928711,5369000,0.0,0.0
2022-09-30 00:00:00-04:00,19.30797418560551,20.229984599814877,19.067787120290813,19.486177444458008,5105200,0.0,0.0
2022-10-03 00:00:00-04:00,19.83483527768251,20.17574691772461,19.416443517929434,20.17574691772461,4878500,0.0,0.0
2022-10-04 00:00:00-04:00,20.95829067438201,21.508398163675494,20.904055036946794,21.34568977355957,6604100,0.0,0.0
2022-10-05 00:00:00-04:00,20.935050284238706,21.624620293845357,20.764593713550884,21.392181396484375,2905200,0.0,0.0
2022-10-06 00:00:00-04:00,21.237220438292766,21.570383930463066,20.594137934037448,21.190732955932617,3021100,0.0,0.0
2022-10-07 00:00:00-04:00,20.78783646989421,21.02802350761652,20.570892433293523,20.94279670715332,2316400,0.0,0.0
2022-10-10 00:00:00-04:00,21.11325634156246,21.244972128310323,20.439181085191482,20.880817413330078,3071400,0.0,0.0
2022-10-11 00:00:00-04:00,20.927298990531565,21.77957728292863,20.532151741934463,20.935047149658203,2722100,0.0,0.0
2022-10-12 00:00:00-04:00,20.997032617068978,21.12100021734751,20.42368209632817,20.462421417236328,3837600,0.0,0.0
2022-10-13 00:00:00-04:00,20.067271563964564,21.190729459965606,19.54815675018487,20.950542449951172,4046100,0.0,0.0
2022-10-14 00:00:00-04:00,21.2604625746899,21.53164223454918,20.65611945938723,20.904054641723633,2689200,0.0,0.0
2022-10-17 00:00:00-04:00,21.67110945244517,21.926792850425016,21.485158024624422,21.73309326171875,2970400,0.0,0.0
2022-10-18 00:00:00-04:00,22.352931788836027,22.624111495928314,22.00427195431587,22.407167434692383,2867300,0.0,0.0
2022-10-19 00:00:00-04:00,22.16697966512481,22.631857459295006,21.69435223286658,22.074003219604492,2533800,0.0,0.0
2022-10-20 00:00:00-04:00,22.24445740682404,23.027003829279185,21.77183147161441,21.926790237426758,3029200,0.0,0.0
2022-10-21 00:00:00-04:00,21.926790330133766,22.60861363158417,21.864806527984676,22.430410385131836,1848800,0.0,0.0
2022-10-24 00:00:00-04:00,22.4691507294603,22.841053559273405,22.3451831195226,22.414915084838867,2397900,0.0,0.0
2022-10-25 00:00:00-04:00,22.25220961377067,23.662343949328164,22.25220961377067,23.422155380249023,3141900,0.0,0.0
2022-10-26 00:00:00-04:00,23.39890530930054,24.11171968433091,23.181961289835566,23.391157150268555,2662100,0.0,0.0
2022-10-27 00:00:00-04:00,23.739818544842045,24.142714000339836,23.33692456715468,23.34467124938965,3023000,0.0,0.0
2022-10-28 00:00:00-04:00,23.205211565841957,23.716578367260304,22.864299872292857,23.62360191345215,3285800,0.0,0.0
2022-10-31 00:00:00-04:00,23.48413418554189,23.662338903459872,23.050247585946273,23.20520782470703,4855400,0.0,0.0
2022-11-01 00:00:00-04:00,23.732071649660536,23.925771227687772,22.298695954507377,22.329687118530273,3395100,0.0,0.0
2022-11-02 00:00:00-04:00,22.01202156704669,22.244460486854564,20.935052305960607,20.96604347229004,5200500,0.0,0.0
2022-11-03 00:00:00-04:00,20.718108981318874,21.190736476910146,20.477921891770656,20.880817413330078,3772800,0.0,0.0
2022-11-04 00:00:00-04:00,21.306955030561568,21.49290646076374,20.439180211807486,20.99703598022461,3193200,0.0,0.0
2022-11-07 00:00:00-05:00,20.702606784407074,20.997030919624493,20.330704013636883,20.80333137512207,4739900,0.0,0.0
2022-11-08 00:00:00-05:00,22.507890375640812,23.112233591097574,21.93453980201745,22.329687118530273,13007500,0.0,0.0
2022-11-09 00:00:00-05:00,21.981026454482468,22.159229692863203,20.935048547509332,20.94279670715332,3687400,0.0,0.0
2022-11-10 00:00:00-05:00,22.120491096323388,22.988265851286496,22.08175177205801,22.755826950073242,5093400,0.0,0.0
2022-11-11 00:00:00-05:00,23.050247949218477,24.940754616156113,22.94952482690384,24.196949005126953,3946100,0.0,0.0
2022-11-14 00:00:00-05:00,24.080728942253238,24.793543373349447,23.770809945648438,24.36740493774414,3729600,0.0,0.0
2022-11-15 00:00:00-05:00,24.847780227661133,25.413382608839484,24.638584340547908,24.847780227661133,3228500,0.0,0.0
2022-11-16 00:00:00-05:00,23.243947592202705,23.553866597869998,22.538881300130722,23.088987350463867,6003700,0.0,0.0
2022-11-17 00:00:00-05:00,22.360680558631724,24.382903220517548,22.321939754956944,24.34416389465332,6519200,0.0,0.0
2022-11-18 00:00:00-05:00,24.793546684667245,25.03373523219855,23.61585286247102,24.003252029418945,3175100,0.0,0.0
2022-11-21 00:00:00-05:00,23.863783465192817,24.049736329741037,23.251693668573292,23.964508056640625,3680300,0.0,0.0
2022-11-22 00:00:00-05:00,24.44488528219828,24.987244672413606,24.297674672182776,24.97174835205078,3477700,0.0,0.0
2022-11-23 00:00:00-05:00,24.623088340474013,25.258421176337958,24.27442854501356,25.18094253540039,2000700,0.0,0.0
2022-11-25 00:00:00-05:00,24.925257321235794,25.080217556375676,24.615339806576678,24.739307403564453,2513200,0.0,0.0
2022-11-28 00:00:00-05:00,24.52236555754818,24.770300773641804,24.08073076915511,24.258934020996094,3925000,0.0,0.0
2022-11-29 00:00:00-05:00,24.251186132882243,25.289415970281794,24.19695048847951,25.103466033935547,3356100,0.0,0.0
2022-11-30 00:00:00-05:00,25.219682960254143,25.219682960254143,24.227942125844997,24.85552978515625,3794100,0.0,0.0
2022-12-01 00:00:00-05:00,24.84003526314526,25.10346681080558,24.19695123729585,24.638586044311523,2516000,0.0,0.0
2022-12-02 00:00:00-05:00,24.483626107168572,24.522365430303264,23.987754199743918,24.421642303466797,7232900,0.0,0.0
2022-12-05 00:00:00-05:00,24.2589332651329,24.29767406507197,22.794565017075396,22.848800659179688,5501400,0.0,0.0
2022-12-06 00:00:00-05:00,22.959142771298403,22.99066995142314,21.78478237102836,22.40743064880371,4679300,0.5,0.0
2022-12-07 00:00:00-05:00,22.115812317568686,22.32861629344925,21.62715300624906,21.65079689025879,3023300,0.0,0.0
2022-12-08 00:00:00-05:00,21.737493789372614,21.88724489308835,21.311887367363067,21.359176635742188,2785500,0.0,0.0
2022-12-09 00:00:00-05:00,21.146374319853457,21.33553291139932,20.815346408823483,20.83111000061035,2743900,0.0,0.0
2022-12-12 00:00:00-05:00,20.862634570614734,21.564099334811207,20.61830492411645,21.461637496948242,3209700,0.0,0.0
2022-12-13 00:00:00-05:00,22.17097991415435,22.494127476925936,21.028146765844554,21.445871353149414,4232600,0.0,0.0
2022-12-14 00:00:00-05:00,21.437990988644277,21.89512454706558,21.335529163328232,21.579858779907227,2996300,0.0,0.0
2022-12-15 00:00:00-05:00,21.280356595367035,21.288238389316692,20.6419463184296,20.98085594177246,2905600,0.0,0.0
2022-12-16 00:00:00-05:00,20.681355580968624,21.280358443477148,20.287274869052382,20.468551635742188,7185200,0.0,0.0
2022-12-19 00:00:00-05:00,20.5788990263794,20.65771398055884,19.759210273883,20.137527465820312,3121100,0.0,0.0
2022-12-20 00:00:00-05:00,20.05082529100364,20.25574742368801,19.554282795534224,19.62521743774414,2798900,0.0,0.0
2022-12-21 00:00:00-05:00,20.050827720367387,20.184815227075806,19.633101610441457,19.885313034057617,3535900,0.0,0.0
2022-12-22 00:00:00-05:00,19.5385243211388,19.609457473156784,18.42721522227606,18.963165283203125,3919200,0.0,0.0
2022-12-23 00:00:00-05:00,18.947403638070718,19.71980156588789,18.766125346196244,19.688274383544922,3265100,0.0,0.0
2022-12-27 00:00:00-05:00,19.62522117784849,20.019301930428977,19.309956876443856,19.782854080200195,2827600,0.0,0.0
2022-12-28 00:00:00-05:00,19.680395047342316,19.680395047342316,18.62425835965228,19.04198455810547,4066900,0.0,0.0
2022-12-29 00:00:00-05:00,19.160210690172985,19.877437723800373,19.152328892701355,19.7670955657959,2753400,0.0,0.0
2022-12-30 00:00:00-05:00,19.577927432831558,20.12175916799311,19.546400258249008,19.901073455810547,3044600,0.0,0.0
2023-01-03 00:00:00-05:00,20.074471933556612,20.1611701755946,19.30207406014142,19.349363327026367,7429700,0.0,0.0
2023-01-04 00:00:00-05:00,19.609454625525963,20.704999974493187,19.317835754504113,20.547367095947266,4440800,0.0,0.0
2023-01-05 00:00:00-05:00,20.09811529708098,20.83898741915187,19.617336371663903,20.704999923706055,3396100,0.0,0.0
2023-01-06 00:00:00-05:00,20.854752162283653,21.48528225198374,20.82322648461295,21.469518661499023,6176300,0.0,0.0
2023-01-09 00:00:00-05:00,20.980860832214265,21.28824335140648,20.18481749733041,20.74441146850586,4996600,0.0,0.0
2023-01-10 00:00:00-05:00,20.933570054226315,21.30400693965536,20.720767581210442,21.23307228088379,3255400,0.0,0.0
2023-01-11 00:00:00-05:00,21.30400224688471,22.178860340192003,21.28035686473643,22.170978546142578,3270700,0.0,0.0
2023-01-12 00:00:00-05:00,22.4625997806952,22.58082368940757,21.69808376794323,22.3837833404541,3586500,0.0,0.0
2023-01-13 00:00:00-05:00,22.076400399565596,22.833034601595408,22.076400399565596,22.722692489624023,2257900,0.0,0.0
2023-01-17 00:00:00-05:00,22.517773159974677,23.763068233647207,22.415312829404225,23.68425178527832,3286500,0.0,0.0
2023-01-18 00:00:00-05:00,23.95222773425502,24.65369249824305,23.692134496886062,23.76306915283203,4309700,0.0,0.0
2023-01-19 00:00:00-05:00,23.345344781094912,24.023162663068256,22.872447570516652,23.826122283935547,3670100,0.0,0.0
2023-01-20 00:00:00-05:00,23.250763264986468,24.574874769418575,23.250763264986468,24.243846893310547,4709200,0.0,0.0
2023-01-23 00:00:00-05:00,24.4172414716456,25.75711654408009,24.306899349197586,25.74923324584961,3635700,0.0,0.0
2023-01-24 00:00:00-05:00,25.560076063049355,25.88322213727309,24.984718565363057,25.00048065185547,2635500,0.0,0.0
2023-01-25 00:00:00-05:00,24.99259761493493,25.126585114903143,24.094094087676673,25.039888381958008,3893500,0.0,0.0
2023-01-26 00:00:00-05:00,25.44973094056228,26.080259424878786,25.071412346673892,25.213281631469727,2469500,0.0,0.0
2023-01-27 00:00:00-05:00,25.284221217944545,25.56007652781096,24.756151473432197,24.819204330444336,3148000,0.0,0.0
2023-01-30 00:00:00-05:00,24.117747657582722,24.968962210048034,23.920707238000016,24.764039993286133,4072200,0.0,0.0
2023-01-31 00:00:00-05:00,24.85073258951271,25.512786865234375,24.795560021845375,25.512786865234375,3069400,0.0,0.0
2023-02-01 00:00:00-05:00,25.110823338812963,26.58468435333757,24.12562156316335,26.166959762573242,4304200,0.0,0.0
2023-02-02 00:00:00-05:00,26.44281492800312,27.254623231660666,26.025090339278428,26.852659225463867,3003500,0.0,0.0
2023-02-03 00:00:00-05:00,26.67926702787796,28.192538753866884,26.647742851172236,27.396493911743164,3910700,0.0,0.0
2023-02-06 00:00:00-05:00,27.073340760074597,27.388606497941463,26.30882630663234,27.104867935180664,3090400,0.0,0.0
2023-02-07 00:00:00-05:00,26.8605460494553,27.388612824780626,26.48222587398338,27.230979919433594,2672300,0.0,0.0
2023-02-08 00:00:00-05:00,26.963003407820725,27.07334553355019,25.993565151858046,26.119670867919922,2561800,0.0,0.0
2023-02-09 00:00:00-05:00,26.5373959019071,26.931476646562192,25.54431374827916,25.678302764892578,2979800,0.0,0.0
2023-02-10 00:00:00-05:00,25.44973350191678,25.89110198206079,25.071414869953017,25.205402374267578,2239300,0.0,0.0
2023-02-13 00:00:00-05:00,25.16599504728489,26.04085472769844,24.898020037127562,25.977800369262695,2293200,0.0,0.0
2023-02-14 00:00:00-05:00,25.883225389836028,26.545281211270478,25.599486751135878,26.450702667236328,1922900,0.0,0.0
2023-02-15 00:00:00-05:00,26.269421791092146,26.616211736412527,25.90686524985125,26.36400032043457,1954200,0.0,0.0
2023-02-16 00:00:00-05:00,25.843816940523766,26.18272663436491,25.457616473147485,25.575841903686523,1776800,0.0,0.0
2023-02-17 00:00:00-05:00,25.520668289176072,25.599483230599322,25.126586065566606,25.560075759887695,2145000,0.0,0.0
2023-02-21 00:00:00-05:00,24.945310223673744,25.055653851711703,23.014315524243266,23.02219581604004,3767300,0.0,0.0
2023-02-22 00:00:00-05:00,23.234998643119937,23.636961153637717,22.99855081495589,23.39263153076172,2649700,0.0,0.0
2023-02-23 00:00:00-05:00,23.43992150839521,23.629080077337292,22.80939294525493,23.250762939453125,2199900,0.0,0.0
2023-02-24 00:00:00-05:00,22.746339881415693,23.14042060560766,22.257679121966248,23.03007698059082,2587500,0.0,0.0
2023-02-27 00:00:00-05:00,23.368988409125297,23.400515591025453,22.320733663725576,22.39166831970215,3580100,0.0,0.0
2023-02-28 00:00:00-05:00,22.462599676648637,22.62023255640068,22.060637186249625,22.100046157836914,5330700,0.0,0.0
2023-03-01 00:00:00-05:00,20.88628014534676,23.077369698008436,20.791700102105043,21.682323455810547,21875300,0.0,0.0
2023-03-02 00:00:00-05:00,21.67443959735152,22.730576047086355,21.564097476820567,21.95029640197754,6561000,0.0,0.0
2023-03-03 00:00:00-05:00,22.257682380137023,22.494131751243824,21.855719802224453,22.0212345123291,4028500,0.0,0.0
2023-03-06 00:00:00-05:00,22.163097963879473,22.344374714736432,21.445869747800433,21.532567977905273,4265300,0.0,0.0
2023-03-07 00:00:00-05:00,21.619267861330368,21.887242862785392,21.004501416233794,21.493162155151367,3547300,0.0,0.0
2023-03-08 00:00:00-05:00,21.658676668313536,21.69020384845456,20.917805974583832,21.319766998291016,3898600,0.0,0.0
2023-03-09 00:00:00-05:00,21.36706149956676,21.493167235553738,20.578899897998664,20.681360244750977,4425500,0.0,0.0
2023-03-10 00:00:00-05:00,20.492196270860713,20.50795985955303,19.404534207166396,19.57004737854004,5228100,0.0,0.0
2023-03-13 00:00:00-04:00,18.837059943474184,19.026218527036157,17.80456877779469,17.9858455657959,7557500,0.0,0.0
2023-03-14 00:00:00-04:00,18.694965591112794,18.848069801107357,17.671577053276334,17.961671829223633,7393800,0.5,0.0
2023-03-15 00:00:00-04:00,17.40565696540275,18.711080354047454,17.300899837773674,18.686906814575195,7103200,0.0,0.0
2023-03-16 00:00:00-04:00,18.396812424716746,19.130106185352194,18.23564831902716,18.719139099121094,3967400,0.0,0.0
2023-03-17 00:00:00-04:00,18.42098750166263,18.791662792983924,18.058369032348473,18.719139099121094,8773300,0.0,0.0
2023-03-20 00:00:00-04:00,18.791662227650942,19.218746018997475,18.066426847815613,18.372636795043945,4802500,0.0,0.0
2023-03-21 00:00:00-04:00,18.85612619715123,19.234861345649914,18.461275869313507,18.6063232421875,3944700,0.0,0.0
2023-03-22 00:00:00-04:00,18.783606679740398,19.081759849820408,17.864975163614165,17.87303352355957,3896800,0.0,0.0
2023-03-23 00:00:00-04:00,18.042252576524927,18.388754332909567,17.17196977450122,17.45400619506836,4680400,0.0,0.0
2023-03-24 00:00:00-04:00,17.171967136550386,17.550702271150058,16.986629516668412,17.308956146240234,3551700,0.0,0.0
2023-03-27 00:00:00-04:00,17.486238290121523,17.61516895186645,17.107503126392913,17.478179931640625,3983400,0.0,0.0
2023-03-28 00:00:00-04:00,17.599051470674542,18.2517631095364,17.462062456397398,17.542644500732422,2926800,0.0,0.0
2023-03-29 00:00:00-04:00,17.59099690838835,17.784392934339266,16.841586347219184,17.76827621459961,4241000,0.0,0.0
2023-03-30 00:00:00-04:00,19.170396609304934,19.58136212917131,18.396811109082087,18.437101364135742,8151600,0.0,0.0
2023-03-31 00:00:00-04:00,18.46127681125065,19.154280278351855,18.46127681125065,18.968942642211914,3936500,0.0,0.0
2023-04-03 00:00:00-04:00,19.19456978143256,19.661943801224023,18.79971944893414,19.259035110473633,4344600,0.0,0.0
2023-04-04 00:00:00-04:00,19.75864236843621,20.000386965712764,18.83195269624319,19.347675323486328,4404600,0.0,0.0
2023-04-05 00:00:00-04:00,18.936710797593264,19.017292853063104,18.050311261374777,18.211475372314453,4732700,0.0,0.0
2023-04-06 00:00:00-04:00,18.122831927806054,18.348461338005666,17.679633002278706,18.25982093811035,4527400,0.0,0.0
2023-04-10 00:00:00-04:00,18.219530759230313,19.21068572998047,18.163123790696105,19.21068572998047,4854400,0.0,0.0
2023-04-11 00:00:00-04:00,19.50883674621582,19.887571873517008,19.315440772199597,19.50883674621582,4021500,0.0,0.0
2023-04-12 00:00:00-04:00,19.7102944017416,19.839226609802534,18.533801643837243,18.614383697509766,4210100,0.0,0.0
2023-04-13 00:00:00-04:00,18.61438467169841,18.88836274633879,18.412930295461358,18.461278915405273,3585300,0.0,0.0
2023-04-14 00:00:00-04:00,18.52574140260932,18.91253337657064,18.388752386376183,18.840009689331055,4154600,0.0,0.0
2023-04-17 00:00:00-04:00,18.89642163936144,19.113991203739545,18.62244355698535,18.807781219482422,4923000,0.0,0.0
2023-04-18 00:00:00-04:00,18.904473862998273,19.17039505794171,18.58214723772915,18.775543212890625,3594200,0.0,0.0
2023-04-19 00:00:00-04:00,18.53380293420973,18.98506031442881,18.525744574583953,18.896421432495117,2346500,0.0,0.0
2023-04-20 00:00:00-04:00,18.678847508334822,19.28321055608349,18.61438217805395,18.64661407470703,2176500,0.0,0.0
2023-04-21 00:00:00-04:00,18.67078952922495,18.848068806855093,18.50156707319072,18.662731170654297,3482700,0.0,0.0
2023-04-24 00:00:00-04:00,18.69496768771031,18.69496768771031,17.945557123785004,18.51768684387207,3201900,0.0,0.0
2023-04-25 00:00:00-04:00,18.21147183483507,18.340402483752786,17.276723861694336,17.276723861694336,5086600,0.0,0.0
2023-04-26 00:00:00-04:00,17.220322013563987,17.711869682307253,17.171971853117086,17.349252700805664,3527200,0.0,0.0
2023-04-27 00:00:00-04:00,17.47012139004329,17.985844031617354,17.212260069256256,17.88914680480957,3797600,0.0,0.0
2023-04-28 00:00:00-04:00,17.88914814772589,18.171183027899527,17.64740198860943,17.752159118652344,4012300,0.0,0.0
2023-05-01 00:00:00-04:00,17.695748101726423,17.816621932668635,17.188083852272626,17.308956146240234,3284100,0.0,0.0
2023-05-02 00:00:00-04:00,17.123618283527335,17.16390853528698,16.39838299303168,16.769058227539062,4175500,0.0,0.0
2023-05-03 00:00:00-04:00,16.736829021614177,16.93022502767588,16.245279878931413,16.269454956054688,4155800,0.0,0.0
2023-05-04 00:00:00-04:00,16.116349825664635,16.124408185014452,15.463638088078184,15.77790641784668,4638700,0.0,0.0
2023-05-05 00:00:00-04:00,15.906835558910924,16.761001586914062,15.842370227306436,16.761001586914062,4089500,0.0,0.0
2023-05-08 00:00:00-04:00,16.922166468473932,16.97857344411954,16.140524094431544,16.487024307250977,3429700,0.0,0.0
2023-05-09 00:00:00-04:00,16.188874439733457,16.25333978120827,15.85848937255318,16.140525817871094,3526900,0.0,0.0
2023-05-10 00:00:00-04:00,16.37421483711476,16.406448281719232,15.802085028162484,16.092178344726562,2690600,0.0,0.0
2023-05-11 00:00:00-04:00,15.987418351766472,16.40644379518581,15.898777940319162,16.261396408081055,3206900,0.0,0.0
2023-05-12 00:00:00-04:00,16.4870256943401,16.503142413587586,15.745675052655155,16.011594772338867,2631100,0.0,0.0
2023-05-15 00:00:00-04:00,16.116346585341283,16.583720574837198,16.05993961820852,16.446731567382812,3456900,0.0,0.0
2023-05-16 00:00:00-04:00,16.245279127318472,16.414501585402395,15.600625803605343,15.648974418640137,3446500,0.0,0.0
2023-05-17 00:00:00-04:00,15.681205766067915,16.470907981123442,15.640915511115209,16.422557830810547,4303600,0.0,0.0
2023-05-18 00:00:00-04:00,16.462852259644475,16.84158594257688,16.414503638562138,16.664306640625,4348300,0.0,0.0
2023-05-19 00:00:00-04:00,16.454791436689398,16.454791436689398,14.996262367084885,15.310530662536621,8699500,0.0,0.0
2023-05-22 00:00:00-04:00,15.35081980418357,15.785961908138505,15.076841783984083,15.72149658203125,5583100,0.0,0.0
2023-05-23 00:00:00-04:00,15.71343859218472,15.979358260727324,15.48780917703735,15.528100967407227,4847700,0.0,0.0
2023-05-24 00:00:00-04:00,17.985845245768054,18.485452741250416,16.237221317042003,16.696537017822266,32061500,0.0,0.0
2023-05-25 00:00:00-04:00,16.55954623233959,17.0591536747992,15.834310911393084,15.850427627563477,9400700,0.0,0.0
2023-05-26 00:00:00-04:00,15.947129793446662,16.333921842295524,15.657034988322525,16.140525817871094,5313000,0.0,0.0
2023-05-30 00:00:00-04:00,15.931010431944932,15.931010431944932,15.133251387123412,15.310530662536621,10355800,0.0,0.0
2023-05-31 00:00:00-04:00,15.213832482362951,15.26218263503977,14.68199309871622,14.762575149536133,8393300,0.0,0.0
2023-06-01 00:00:00-04:00,14.738402586317607,15.084902814935301,14.416074361689704,14.49665641784668,9074200,0.0,0.0
2023-06-02 00:00:00-04:00,14.794808542310077,16.390326688683775,14.762575107284453,16.341978073120117,10831900,0.0,0.0
2023-06-05 00:00:00-04:00,16.422559542287903,16.752946122625108,16.253338609481524,16.398386001586914,7045600,0.0,0.0
2023-06-06 00:00:00-04:00,16.39838209118294,18.191051597737854,16.340554296727813,18.116701126098633,10152100,0.5,0.0
2023-06-07 00:00:00-04:00,18.240623611358593,18.348017894398883,17.86887113989278,18.16627311706543,6091800,0.0,0.0
2023-06-08 00:00:00-04:00,18.08365668642774,18.381058588027642,17.513638475947,18.224096298217773,4265900,0.0,0.0
2023-06-09 00:00:00-04:00,18.39758126604748,18.529759538827594,17.910173294287336,18.224096298217773,4165200,0.0,0.0
2023-06-12 00:00:00-04:00,18.174533875911465,19.504579813778403,18.108444724844826,19.355878829956055,5524800,0.0,0.0
2023-06-13 00:00:00-04:00,19.529360664276147,19.57892870529163,19.083259324963453,19.23196029663086,4638100,0.0,0.0
2023-06-14 00:00:00-04:00,19.49631581984183,19.49631581984183,18.65367807664255,19.074996948242188,3922300,0.0,0.0
2023-06-15 00:00:00-04:00,20.000249547803364,20.215039702977627,19.108045136297076,19.5954532623291,6753700,0.0,0.0
2023-06-16 00:00:00-04:00,19.653277420106093,19.901111300092325,18.918033968193434,19.058473587036133,7179000,0.0,0.0
2023-06-20 00:00:00-04:00,19.066733868847912,19.066733868847912,18.31496935547469,18.661937713623047,5692200,0.0,0.0
2023-06-21 00:00:00-04:00,18.496715177816643,18.66193881552462,18.31497043688938,18.35627555847168,2788800,0.0,0.0
2023-06-22 00:00:00-04:00,18.331494633390964,18.372799758392755,17.88539172006194,17.951480865478516,2672900,0.0,0.0
2023-06-23 00:00:00-04:00,17.736693989685712,18.191058326171497,17.62103835799724,17.720172882080078,4181200,0.0,0.0
2023-06-26 00:00:00-04:00,17.769740471351188,18.31497644879656,17.69538996754592,18.067142486572266,3879700,0.0,0.0
2023-06-27 00:00:00-04:00,18.058877713355898,18.79411969386214,17.80278088193203,18.736291885375977,3070900,0.0,0.0
2023-06-28 00:00:00-04:00,18.670203483245714,18.686726165099824,18.265407231957994,18.6536808013916,2695500,0.0,0.0
2023-06-29 00:00:00-04:00,18.752812577596938,19.281525714181846,18.678462095803503,19.074996948242188,3381800,0.0,0.0
2023-06-30 00:00:00-04:00,19.215437120881077,19.31457004897716,18.719767753332217,19.04195213317871,2930100,0.0,0.0
2023-07-03 00:00:00-04:00,19.231960599185815,20.256343160945107,19.231960599185815,20.23982048034668,3311700,0.0,0.0
2023-07-05 00:00:00-04:00,19.950677450503754,20.066334624961744,19.578926636309138,19.909372329711914,3110100,0.0,0.0
2023-07-06 00:00:00-04:00,19.58718872556088,19.868067992225207,19.289788354031835,19.71110725402832,3108200,0.0,0.0
2023-07-07 00:00:00-04:00,19.82676074047673,20.39678055295846,19.735887582862276,20.000244140625,3888600,0.0,0.0
2023-07-10 00:00:00-04:00,19.884588854170005,20.3554741770734,19.455008653185033,19.876327514648438,4295700,0.0,0.0
2023-07-11 00:00:00-04:00,20.140687740875926,21.140287945195883,19.9176378359707,20.842885971069336,3794500,0.0,0.0
2023-07-12 00:00:00-04:00,21.2394206753782,21.272466039148693,20.504178664071034,20.628095626831055,3259900,0.0,0.0
2023-07-13 00:00:00-04:00,20.71896633858042,20.80983950245723,20.371997938683805,20.6611385345459,3531400,0.0,0.0
2023-07-14 00:00:00-04:00,20.661140847565196,20.661140847565196,20.115904954644023,20.43808937072754,3401500,0.0,0.0
2023-07-17 00:00:00-04:00,20.338953307650026,20.875927777212603,19.95893956373428,20.818099975585938,2855200,0.0,0.0
2023-07-18 00:00:00-04:00,20.89245107156592,21.503776039987095,20.70244340616909,20.809839248657227,3084700,0.0,0.0
2023-07-19 00:00:00-04:00,21.074197851093146,21.247681277789265,20.677662953768063,21.23941993713379,2541900,0.0,0.0
2023-07-20 00:00:00-04:00,21.255945000791183,21.280729025535376,20.65288124655726,21.16507339477539,2725600,0.0,0.0
2023-07-21 00:00:00-04:00,21.346814293340483,21.38811941803234,20.603311019060552,20.77679443359375,2411200,0.0,0.0
2023-07-24 00:00:00-04:00,20.84288460864008,21.82596206665039,20.80157948190679,21.82596206665039,3778300,0.0,0.0
2023-07-25 00:00:00-04:00,21.776391488616383,21.817696607552346,21.280722182938412,21.710302352905273,3071600,0.0,0.0
2023-07-26 00:00:00-04:00,21.89205052342442,23.073395388685572,21.875527842977103,23.065134048461914,3794200,0.0,0.0
2023-07-27 00:00:00-04:00,23.180791774719303,23.70950656743504,22.544684276368457,22.75121307373047,3953100,0.0,0.0
2023-07-28 00:00:00-04:00,23.17252706276473,23.32948936711919,22.8255586706435,23.32122802734375,2330000,0.0,0.0
2023-07-31 00:00:00-04:00,23.263399438197823,23.932552180493605,23.23035565590254,23.502973556518555,3281900,0.0,0.0
2023-08-01 00:00:00-04:00,23.37079713611156,23.816898474585514,23.040349832721052,23.7425479888916,3534000,0.0,0.0
2023-08-02 00:00:00-04:00,23.32949033719231,23.61036959847883,22.982521930643642,23.453407287597656,2360600,0.0,0.0
2023-08-03 00:00:00-04:00,23.395580595867983,24.089517441990303,23.122962661726326,23.899511337280273,3596500,0.0,0.0
2023-08-04 00:00:00-04:00,24.17212962320126,24.494314029414838,23.5277592350845,24.03995132446289,2932400,0.0,0.0
2023-08-07 00:00:00-04:00,24.0399511746505,24.221695940360757,23.55254311020659,23.849945068359375,1817000,0.0,0.0
2023-08-08 00:00:00-04:00,23.37905581693181,23.783853587253425,22.73468707170444,23.68471908569336,4325200,0.0,0.0
2023-08-09 00:00:00-04:00,23.585585940507475,23.7095044685063,22.88338935219165,22.965999603271484,3222500,0.0,0.0
2023-08-10 00:00:00-04:00,23.13122147534851,23.354272917740545,22.800775769409988,23.015565872192383,3004000,0.0,0.0
2023-08-11 00:00:00-04:00,22.90817376488974,23.329492699481268,22.62729447516205,22.990785598754883,2375700,0.0,0.0
2023-08-14 00:00:00-04:00,22.784256392005094,23.2055753190163,22.536422470558332,22.949480056762695,4475400,0.0,0.0
2023-08-15 00:00:00-04:00,22.643815313622483,22.92469458048357,22.10684080074906,22.62729263305664,5241100,0.0,0.0
2023-08-16 00:00:00-04:00,22.61903038899242,22.858604520555872,22.329891369090994,22.5198974609375,2853900,0.0,0.0
2023-08-17 00:00:00-04:00,22.916432454027202,23.180789031253408,22.429024423882826,22.445547103881836,3628200,0.0,0.0
2023-08-18 00:00:00-04:00,22.296846238699974,23.585585346500654,22.296846238699974,23.238616943359375,4951400,0.0,0.0
2023-08-21 00:00:00-04:00,23.30470540233149,23.72602427772822,23.04034883165655,23.709503173828125,3660200,0.0,0.0
2023-08-22 00:00:00-04:00,22.709904172911724,22.809038679363145,21.222897605967088,21.25594139099121,7643300,0.0,0.0
2023-08-23 00:00:00-04:00,21.71856623402721,22.33815254472604,20.83462177385106,22.329891204833984,10461300,0.0,0.0
2023-08-24 00:00:00-04:00,22.412501068727025,22.709902996992284,21.140284685227932,21.19811248779297,5182200,0.0,0.0
2023-08-25 00:00:00-04:00,21.429424946646193,21.677258832624705,19.653277895295094,19.72762680053711,7341200,0.0,0.0
2023-08-28 00:00:00-04:00,19.70284637072551,21.330292626517412,19.67806234931929,21.29724884033203,5876500,0.0,0.0
2023-08-29 00:00:00-04:00,21.56160642037578,22.18945414355742,21.28898847517622,21.958141326904297,3376900,0.0,0.0
2023-08-30 00:00:00-04:00,21.883787276566878,22.338151495144245,21.809436796721297,22.172927856445312,3028500,0.0,0.0
2023-08-31 00:00:00-04:00,22.247279823031327,22.63555335152514,21.974661903942163,22.007705688476562,3909200,0.0,0.0
2023-09-01 00:00:00-04:00,22.205973650801056,22.36293596421808,21.825961453326677,21.8342227935791,4083000,0.0,0.0
2023-09-05 00:00:00-04:00,21.691077824172655,21.910009701069747,21.11006636648704,21.13532829284668,3623400,0.5,0.0
2023-09-06 00:00:00-04:00,20.874294282037987,21.126907114934912,20.478532142806724,20.882713317871094,2830700,0.0,0.0
2023-09-07 00:00:00-04:00,20.70588205880585,20.72272334050601,19.95646268995195,20.07434844970703,2956500,0.0,0.0
2023-09-08 00:00:00-04:00,19.948041927554186,20.562734251207395,19.62806400149292,20.369064331054688,4150800,0.0,0.0
2023-09-11 00:00:00-04:00,20.495373728688183,20.596418220906894,19.94804484529595,20.099613189697266,3122000,0.0,0.0
2023-09-12 00:00:00-04:00,20.124869885545248,20.45326844129981,19.644904618757376,19.74595069885254,2858700,0.0,0.0
2023-09-13 00:00:00-04:00,19.560699766093865,19.644904564930286,18.794439148221038,18.903905868530273,3978000,0.0,0.0
2023-09-14 00:00:00-04:00,19.1480966932062,19.45123330560758,18.87864264043734,19.16493797302246,3343800,0.0,0.0
2023-09-15 00:00:00-04:00,19.08915662712026,19.468077448345028,19.021793104021757,19.19862174987793,4031700,0.0,0.0
2023-09-18 00:00:00-04:00,19.122837738310515,19.181782226806266,18.045021360129095,18.053442001342773,3961700,0.0,0.0
2023-09-19 00:00:00-04:00,18.045023695856678,18.449204889991467,17.960818878893605,18.37342071533203,4222500,0.0,0.0
2023-09-20 00:00:00-04:00,18.457621675612575,18.58392807162907,17.927134169914112,17.952394485473633,3296000,0.0,0.0
2023-09-21 00:00:00-04:00,17.851350210250448,18.12080428637796,17.590315168688065,17.598735809326172,4433100,0.0,0.0
2023-09-22 00:00:00-04:00,17.741884539911897,17.83450998634969,17.169293791156587,17.329282760620117,3937100,0.0,0.0
2023-09-25 00:00:00-04:00,17.169290993359784,17.447165681319422,17.076667168088445,17.29559898376465,3576600,0.0,0.0
2023-09-26 00:00:00-04:00,16.840899406316076,17.362967994584135,16.64722944860104,16.6893310546875,4673100,0.0,0.0
2023-09-27 00:00:00-04:00,16.7987962455321,17.026147145860733,16.36093251603376,16.45355796813965,3178600,0.0,0.0
2023-09-28 00:00:00-04:00,16.613544924841968,17.06824992624677,16.403033707022665,16.92510223388672,3868400,0.0,0.0
2023-09-29 00:00:00-04:00,17.35454327440837,18.272372204879016,17.320860712594833,17.64925765991211,8019500,0.0,0.0
2023-10-02 00:00:00-04:00,17.674521942879725,18.036601500390336,17.30402174379059,17.35454559326172,29509500,0.0,0.0
2023-10-03 00:00:00-04:00,17.059830673740944,17.270341908699137,16.512501784064288,16.672489166259766,5140200,0.0,0.0
2023-10-04 00:00:00-04:00,16.655649526466963,17.085092639500257,16.655649526466963,17.034568786621094,6579400,0.0,0.0
2023-10-05 00:00:00-04:00,16.941941103764485,17.026144294040815,15.678873976744674,15.712554931640625,6763700,0.0,0.0
2023-10-06 00:00:00-04:00,15.594668495589213,15.973587653411997,14.94629368006686,15.746236801147461,7710800,0.0,0.0
2023-10-09 00:00:00-04:00,15.443105152875185,15.76308154049233,15.173651014655833,15.577832221984863,3920200,0.0,0.0
2023-10-10 00:00:00-04:00,15.670456492853777,16.167263124701112,15.619932641223953,16.11673927307129,6817100,0.0,0.0
2023-10-11 00:00:00-04:00,16.040951809418328,16.29356619750061,15.83886126259624,15.982008934020996,4285100,0.0,0.0
2023-10-12 00:00:00-04:00,16.066216329062907,16.066216329062907,15.40942074108734,15.552568435668945,4118900,0.0,0.0
2023-10-13 00:00:00-04:00,15.4094219816839,15.476785513611956,14.887355010759794,14.988399505615234,4751600,0.0,0.0
2023-10-16 00:00:00-04:00,15.13154759170264,16.11674027468626,15.13154759170264,16.083059310913086,7265600,0.0,0.0
2023-10-17 00:00:00-04:00,15.914646813733269,17.45558877366784,15.914646813733269,17.379804611206055,6739500,0.0,0.0
2023-10-18 00:00:00-04:00,17.472427215793175,17.74188125805304,17.236654125779406,17.590312957763672,5193200,0.0,0.0
2023-10-19 00:00:00-04:00,17.649257210866203,17.851349364459765,17.261917396303176,17.50611114501953,4164700,0.0,0.0
2023-10-20 00:00:00-04:00,17.50611490883841,17.994500905201324,17.379806884167955,17.92713737487793,4421400,0.0,0.0
2023-10-23 00:00:00-04:00,17.71662503404637,18.20501099987075,17.19455650212982,17.834510803222656,6200500,0.0,0.0
2023-10-24 00:00:00-04:00,17.80082542641091,18.75233688932168,17.80082542641091,18.710233688354492,5452800,0.0,0.0
2023-10-25 00:00:00-04:00,18.6176099387085,18.844960800620754,18.280790753809196,18.651290893554688,3744500,0.0,0.0
2023-10-26 00:00:00-04:00,18.701812583155014,18.895484090642793,18.095540958958065,18.811279296875,3323100,0.0,0.0
2023-10-27 00:00:00-04:00,18.87022509869722,19.021793429782836,18.314475622098694,18.36499786376953,3535000,0.0,0.0
2023-10-30 00:00:00-04:00,18.659715232675808,18.786021649014153,18.297635661385524,18.524988174438477,3560100,0.0,0.0
2023-10-31 00:00:00-04:00,18.40710168225581,19.03021470382489,18.171328536497313,18.98811149597168,3863800,0.0,0.0
2023-11-01 00:00:00-04:00,18.97127108463468,19.072315567425214,18.390259687333263,18.836544036865234,3429400,0.0,0.0
2023-11-02 00:00:00-04:00,19.198620734739492,19.914359133611697,19.190201700111285,19.880678176879883,3376600,0.0,0.0
2023-11-03 00:00:00-04:00,20.124871419123878,20.983757544127243,20.124871419123878,20.638519287109375,4292700,0.0,0.0
2023-11-06 00:00:00-05:00,20.672199597756567,20.992177527351785,20.579575760093135,20.857450485229492,3628100,0.0,0.0
2023-11-07 00:00:00-05:00,20.663782697757075,20.992179696098425,20.268020565321912,20.503793716430664,4039600,0.0,0.0
2023-11-08 00:00:00-05:00,20.503792426755858,20.503792426755858,19.84699686531196,20.108030319213867,3922200,0.0,0.0
2023-11-09 00:00:00-05:00,20.108028874803637,20.293279756456034,18.853382330664772,18.920745849609375,4095300,0.0,0.0
2023-11-10 00:00:00-05:00,18.86180744573309,18.937591623282586,17.65768285363924,18.33131980895996,7740600,0.0,0.0
2023-11-13 00:00:00-05:00,18.17132755277465,18.289213316235458,17.489271683208,17.56505584716797,4593300,0.0,0.0
2023-11-14 00:00:00-05:00,18.112385192100703,19.38387312769566,18.103964550743676,19.089157104492188,4399100,0.0,0.0
2023-11-15 00:00:00-05:00,19.729110385788353,21.101642735453012,19.66174686444419,20.806926727294922,8279600,0.0,0.0
2023-11-16 00:00:00-05:00,21.177425742588905,21.463721094203695,19.77121090591848,20.04908561706543,6531300,0.0,0.0
2023-11-17 00:00:00-05:00,20.58799819570985,21.59845109971162,20.537474345954887,21.522666931152344,6374100,0.0,0.0
2023-11-20 00:00:00-05:00,21.110061889907985,21.556346191183437,20.832187183170834,20.9332332611084,9507500,0.0,0.0
2023-11-21 00:00:00-05:00,19.703849065874454,19.79647451283407,18.061862580594216,19.139678955078125,18004500,0.0,0.0
2023-11-22 00:00:00-05:00,19.207042855345325,20.20907669097322,18.819702989683435,19.51017951965332,9050100,0.0,0.0
2023-11-24 00:00:00-05:00,19.687007558038516,19.81331556829075,18.98811040843585,19.493337631225586,3590200,0.0,0.0
2023-11-27 00:00:00-05:00,19.32493070768955,19.670168981241027,18.701816080911943,19.409133911132812,8691100,0.0,0.0
2023-11-28 00:00:00-05:00,19.367031986470714,19.82173698663339,19.09757788536978,19.813316345214844,4553100,0.0,0.0
2023-11-29 00:00:00-05:00,19.804896546920503,20.899554280762562,19.804896546920503,20.08277130126953,5988400,0.0,0.0
2023-11-30 00:00:00-05:00,20.284858843165523,20.461687475740863,19.45965534566803,19.74595069885254,6650900,0.0,0.0
2023-12-01 00:00:00-05:00,19.796474784507772,20.613257717764483,19.114418899910454,20.41116714477539,8134800,0.0,0.0
2023-12-04 00:00:00-05:00,20.41116641242336,21.640552694921364,20.343802890510663,21.531085968017578,7952600,0.0,0.0
2023-12-05 00:00:00-05:00,21.23907910010042,21.23907910010042,20.105412361344598,20.139766693115234,6557400,0.5,0.0
2023-12-06 00:00:00-05:00,20.328711479624417,20.672246621612256,19.383988610579287,19.444107055664062,8619700,0.0,0.0
2023-12-07 00:00:00-05:00,19.521400119508726,20.60353690411224,19.4269289916076,20.526241302490234,6394200,0.0,0.0
2023-12-08 00:00:00-05:00,20.52624488282536,21.29061245018005,20.328712372271664,21.170373916625977,5800900,0.0,0.0
2023-12-11 00:00:00-05:00,22.123683230503485,22.879460501579786,21.883207825199595,22.65616226196289,8441200,0.0,0.0
2023-12-12 00:00:00-05:00,22.41569304965747,22.501577257439532,21.419440170837582,21.556854248046875,6910000,0.0,0.0
2023-12-13 00:00:00-05:00,21.6255590808384,23.497827739474364,21.28202392285585,23.326059341430664,6799700,0.0,0.0
2023-12-14 00:00:00-05:00,24.202075024261465,25.09526642768653,24.030306627627304,24.433961868286133,8606300,0.0,0.0
2023-12-15 00:00:00-05:00,24.571372277852337,24.751727593214298,23.849947740195322,24.262189865112305,6993800,0.0,0.0
2023-12-18 00:00:00-05:00,24.53702225802158,24.725967827039643,24.159132758090326,24.562788009643555,4291100,0.0,0.0
2023-12-19 00:00:00-05:00,24.46831327240621,24.820436992613757,24.23642644062912,24.75172996520996,4022600,0.0,0.0
2023-12-20 00:00:00-05:00,24.640082025870345,24.640082025870345,23.257351235967732,23.36041259765625,6210800,0.0,0.0
2023-12-21 00:00:00-05:00,23.832775431556595,24.030307951898187,23.343237603707895,23.75547981262207,4948000,0.0,0.0
2023-12-22 00:00:00-05:00,23.291707939787766,23.92724842692004,23.016878160015352,23.764068603515625,3379300,0.0,0.0
2023-12-26 00:00:00-05:00,23.987362887398593,24.932085695786874,23.892890115128363,24.88055419921875,4390200,0.0,0.0
2023-12-27 00:00:00-05:00,24.98361686026257,25.28421072020476,24.84620280510695,25.215503692626953,4591600,0.0,0.0
2023-12-28 00:00:00-05:00,24.897731844881175,25.292798468998782,24.648669492417536,25.181148529052734,2864000,0.0,0.0
2023-12-29 00:00:00-05:00,24.949260064283482,25.232676729824473,24.44254517163374,24.63149070739746,3986400,0.0,0.0
2024-01-02 00:00:00-05:00,24.674434193641808,24.914909607038606,23.82418412077758,24.081836700439453,4585000,0.0,0.0
2024-01-03 00:00:00-05:00,23.50641678237423,23.54935806367157,21.960506084096814,22.690519332885742,6531500,0.0,0.0
2024-01-04 00:00:00-05:00,22.450043793612146,22.94817018961539,22.26109986344018,22.776403427124023,4594400,0.0,0.0
2024-01-05 00:00:00-05:00,22.60463364564138,23.669593405208445,22.51874945058981,22.70769500732422,6740700,0.0,0.0
2024-01-08 00:00:00-05:00,22.939579593501662,23.61806291442449,22.759224262990873,23.334646224975586,5144300,0.0,0.0
2024-01-09 00:00:00-05:00,23.042640664538375,24.116188965417177,22.93957930688794,23.884302139282227,4048100,0.0,0.0
2024-01-10 00:00:00-05:00,23.8070069447549,24.090423635593478,23.085582342964926,23.901479721069336,5071700,0.0,0.0
2024-01-11 00:00:00-05:00,23.62665132473398,23.686769767797944,22.638987210428876,22.956756591796875,4533200,0.0,0.0
2024-01-12 00:00:00-05:00,23.326058425867167,23.394765454766883,22.07215473892121,22.4328670501709,6823400,0.0,0.0
2024-01-16 00:00:00-05:00,22.115096381081695,22.243921857622375,21.531085806785487,21.986270904541016,4580700,0.0,0.0
2024-01-17 00:00:00-05:00,21.63414729056719,21.677088570283377,21.050136713040068,21.42802619934082,5582400,0.0,0.0
2024-01-18 00:00:00-05:00,21.56543958126366,21.634146609509507,20.11400176670231,21.11884307861328,6452500,0.0,0.0
2024-01-19 00:00:00-05:00,21.187547857055726,21.385080337524414,20.637891689454296,21.385080337524414,4350200,0.0,0.0
2024-01-22 00:00:00-05:00,21.118843904480837,22.40710196304727,21.118843904480837,22.381336212158203,4972400,0.0,0.0
2024-01-23 00:00:00-05:00,23.068406458150545,23.25735036975342,21.608380110886063,22.200979232788086,4980800,0.0,0.0
2024-01-24 00:00:00-05:00,22.681928487444644,23.265939028245498,22.596044295308392,22.956756591796875,6722700,0.0,0.0
2024-01-25 00:00:00-05:00,23.351825334934453,24.030307074228766,23.214411270315228,23.618064880371094,4889700,0.0,0.0
2024-01-26 00:00:00-05:00,23.884302473894103,24.777495459028888,23.84136119649924,24.64008140563965,5180400,0.0,0.0
2024-01-29 00:00:00-05:00,24.63149132901879,24.84620097918373,23.703945705830428,24.10759925842285,6582900,0.0,0.0
2024-01-30 00:00:00-05:00,23.832770328991693,23.858536075821764,23.034050196409833,23.042638778686523,4064200,0.0,0.0
2024-01-31 00:00:00-05:00,22.63898744960012,23.094170887953055,21.951915543356197,22.12368392944336,5552000,0.0,0.0
2024-02-01 00:00:00-05:00,22.32980404808408,22.77640052219088,21.35072854863081,22.544513702392578,6274700,0.0,0.0
2024-02-02 00:00:00-05:00,22.30403896522561,22.896638087464854,21.99485816770903,22.67333984375,4104000,0.0,0.0
2024-02-05 00:00:00-05:00,22.123685842217206,22.31262977276505,21.479556795857214,21.943328857421875,4124600,0.0,0.0
2024-02-06 00:00:00-05:00,21.891797996257246,23.6180639585257,21.685676907373598,23.016876220703125,9196800,0.0,0.0
2024-02-07 00:00:00-05:00,22.73345995045131,22.965346794138426,22.037801057494786,22.381336212158203,4889100,0.0,0.0
2024-02-08 00:00:00-05:00,22.46722028738791,23.66100555759905,22.149450885352703,23.119937896728516,4271600,0.0,0.0
2024-02-09 00:00:00-05:00,22.956758496256867,23.265940958354825,22.44145493879522,23.137115478515625,3958600,0.0,0.0
2024-02-12 00:00:00-05:00,23.32606032901701,24.3480789006274,23.32606032901701,23.84136390686035,4679700,0.0,0.0
2024-02-13 00:00:00-05:00,22.57028012394604,22.87087233846151,21.574027429282665,22.67333984375,5909900,0.0,0.0
2024-02-14 00:00:00-05:00,23.0168759657958,23.583709363474465,22.58745662585107,23.557945251464844,4134600,0.0,0.0
2024-02-15 00:00:00-05:00,23.76406749387494,24.6314947993248,23.6781832940879,24.270782470703125,4036300,0.0,0.0
2024-02-16 00:00:00-05:00,23.858541293583414,24.313724787062668,23.58371151493895,23.66959571838379,3175800,0.0,0.0
2024-02-20 00:00:00-05:00,23.29170435980272,24.073247381834115,23.111347395739106,23.961597442626953,3228200,0.0,0.0
2024-02-21 00:00:00-05:00,23.858539117047112,23.858539117047112,23.265939969254042,23.557945251464844,4488000,0.0,0.0
2024-02-22 00:00:00-05:00,23.66100777004243,23.953013086738626,23.420533959660848,23.515005111694336,2993900,0.0,0.0
2024-02-23 00:00:00-05:00,23.515006027700508,23.84136569465282,23.20582516829389,23.64383316040039,2830500,0.0,0.0
2024-02-26 00:00:00-05:00,23.781244803189157,24.26219403151622,23.45488516967428,23.532180786132812,3113900,0.0,0.0
2024-02-27 00:00:00-05:00,23.695360695628914,24.683024907669683,23.695360695628914,24.562788009643555,3690600,0.0,0.0
2024-02-28 00:00:00-05:00,24.253603448775962,24.69161135990688,24.0217166185117,24.081836700439453,2587900,0.0,0.0
2024-02-29 00:00:00-05:00,24.416784089833968,24.5541981484598,23.29170587054567,23.935834884643555,4953300,0.0,0.0
2024-03-01 00:00:00-05:00,24.116191626177855,24.116191626177855,23.472062574583248,23.824186325073242,2912700,0.0,0.0
2024-03-04 00:00:00-05:00,24.11619105989272,24.837615711786913,23.695360285971915,23.789833068847656,4072800,0.0,0.0
2024-03-05 00:00:00-05:00,23.5751241761043,24.545611235978377,23.188646086094106,24.116191864013672,5541800,0.0,0.0
2024-03-06 00:00:00-05:00,23.738301320089665,23.91865830024352,22.7764028862852,23.31747055053711,7040100,0.0,0.0
2024-03-07 00:00:00-05:00,23.609472104111475,23.609472104111475,22.88804757391525,23.042638778686523,4349600,0.0,0.0
2024-03-08 00:00:00-05:00,23.10276118022378,23.66100601914924,22.862287387637036,23.4205322265625,6288200,0.0,0.0
2024-03-11 00:00:00-04:00,23.205823063319567,23.661006545472496,22.71628524540157,23.351825714111328,12809500,0.0,0.0
2024-03-12 00:00:00-04:00,22.501576052972286,24.073250910266655,21.62556012907577,21.7801513671875,13206800,0.0,0.0
2024-03-13 00:00:00-04:00,21.83168004969222,22.604634560220394,21.608381788765442,21.72003173828125,10645700,0.0,0.0
2024-03-14 00:00:00-04:00,21.702855343489215,22.14945188123981,21.36790712112382,21.582616806030273,6035800,0.0,0.0
2024-03-15 00:00:00-04:00,21.488143914021617,21.78873777610727,21.11025444059666,21.30778694152832,5866200,0.0,0.0
2024-03-18 00:00:00-04:00,21.436614736419113,21.642737481054436,21.024372523358345,21.50532341003418,6369000,0.0,0.0
2024-03-19 00:00:00-04:00,21.39139550693525,22.42547389219159,21.22489093520391,22.346603393554688,5721400,0.5,0.0
2024-03-20 00:00:00-04:00,22.21515542713609,22.94251546785306,22.06617798884557,22.907461166381836,3288100,0.0,0.0
2024-03-21 00:00:00-04:00,23.109018840004865,24.32712733680819,22.898696385214862,24.099279403686523,5065300,0.0,0.0
2024-03-22 00:00:00-04:00,23.81008758790282,24.27454701871779,23.056436877537653,23.109018325805664,4022200,0.0,0.0
2024-03-25 00:00:00-04:00,23.32810219026596,23.696163963023846,23.056436394350683,23.205413818359375,7776800,0.0,0.0
2024-03-26 00:00:00-04:00,23.266758540747013,23.47708099885339,23.021385125424626,23.04767417907715,5635100,0.0,0.0
2024-03-27 00:00:00-04:00,23.415736942271124,24.940563961999064,23.310577380348427,24.923038482666016,7009800,0.0,0.0
2024-03-28 00:00:00-04:00,24.86169443946714,25.76432095220555,24.739006058638587,25.545236587524414,5469500,0.0,0.0
2024-04-01 00:00:00-04:00,25.580290900994527,25.93958912553304,25.17717480060921,25.720504760742188,4298300,0.0,0.0
2024-04-02 00:00:00-04:00,25.212228626790292,25.212228626790292,23.739981455666623,24.178150177001953,5066700,0.0,0.0
2024-04-03 00:00:00-04:00,24.169383317306018,24.414758369639767,23.442023405599002,23.582237243652344,5744800,0.0,0.0
2024-04-04 00:00:00-04:00,23.845140840038756,23.985356367612972,22.355368201178212,22.51310920715332,4407500,0.0,0.0
2024-04-05 00:00:00-04:00,22.346603393554688,22.65332181364476,22.23268026856856,22.346603393554688,4326900,0.0,0.0
2024-04-08 00:00:00-04:00,22.372891898740853,22.478051438843277,21.733164398614633,21.890905380249023,6656700,0.0,0.0
2024-04-09 00:00:00-04:00,21.95225162775094,22.23268100524126,21.592953420491344,21.601716995239258,4729400,0.0,0.0
2024-04-10 00:00:00-04:00,21.163549956597056,21.207367833793988,20.182052908121282,20.339792251586914,7587800,0.0,0.0
2024-04-11 00:00:00-04:00,20.401132445594662,20.874353706823545,19.84027545073729,20.751667022705078,6338400,0.0,0.0
2024-04-12 00:00:00-04:00,20.357318114156968,20.55887532206403,19.90162224903414,19.91914939880371,6277200,0.0,0.0
2024-04-15 00:00:00-04:00,20.225865060337675,20.304735552004477,19.323237028751354,19.48097801208496,5720700,0.0,0.0
2024-04-16 00:00:00-04:00,19.384585374348653,19.621195218512298,19.112919557950192,19.296951293945312,4657500,0.0,0.0
2024-04-17 00:00:00-04:00,19.419636929083374,19.621194132821646,18.911361296645453,19.156736373901367,4120900,0.0,0.0
2024-04-18 00:00:00-04:00,19.209315140063442,20.10317965502671,18.779910031066784,20.024309158325195,7914200,0.0,0.0
2024-04-19 00:00:00-04:00,19.91914766543549,20.453713986522317,19.83151359569457,20.322263717651367,5011100,0.0,0.0
2024-04-22 00:00:00-04:00,20.50629488897711,21.750694067676008,20.497531314372356,21.64553451538086,9148800,0.0,0.0
2024-04-23 00:00:00-04:00,21.645535066011018,22.69713897311847,21.601717191872588,22.258970260620117,7782500,0.0,0.0
2024-04-24 00:00:00-04:00,22.20639288141021,22.32907959928591,21.40016229648165,21.812040328979492,6177200,0.0,0.0
2024-04-25 00:00:00-04:00,21.14602149772832,21.294998928020657,20.532586298245352,21.27747344970703,5248700,0.0,0.0
2024-04-26 00:00:00-04:00,21.330050767486156,21.89966969826596,21.242416700101383,21.49655532836914,3808000,0.0,0.0
2024-04-29 00:00:00-04:00,21.680587713681618,21.87338134562417,21.207366372920447,21.426450729370117,3639400,0.0,0.0
2024-04-30 00:00:00-04:00,21.11096725346674,21.119730827693157,20.821775989918464,20.979516983032227,4026300,0.0,0.0
2024-05-01 00:00:00-04:00,20.918174272920115,21.452738945188486,20.532585352601888,20.637744903564453,3810200,0.0,0.0
2024-05-02 00:00:00-04:00,21.303762139734083,21.733167273496015,20.865593431224237,21.601716995239258,3809500,0.0,0.0
2024-05-03 00:00:00-04:00,22.092462864985787,22.250203848809594,21.01456837083079,21.189836502075195,4403600,0.0,0.0
2024-05-06 00:00:00-04:00,21.39139626104895,21.654296818119413,21.207366205395825,21.40015983581543,3733100,0.0,0.0
2024-05-07 00:00:00-04:00,21.53160829607492,21.89090647375409,21.06715057304035,21.075912475585938,3293600,0.0,0.0
2024-05-08 00:00:00-04:00,20.707851196455913,20.979516983032227,20.541348300596606,20.979516983032227,3757700,0.0,0.0
2024-05-09 00:00:00-04:00,20.94446763800739,21.25994969882404,20.83054448909097,20.997047424316406,6187500,0.0,0.0
2024-05-10 00:00:00-04:00,21.119732050929073,21.30376210590007,20.80425004642911,20.970754623413086,4610800,0.0,0.0
2024-05-13 00:00:00-04:00,21.51408334599381,23.555949501292854,21.470267142866078,22.71466636657715,10130800,0.0,0.0
2024-05-14 00:00:00-04:00,23.652347448074526,24.756532829730492,23.1265446465982,23.42449951171875,6452200,0.0,0.0
2024-05-15 00:00:00-04:00,23.6172944002836,23.88019496061541,22.434238535828474,22.486818313598633,4851800,0.0,0.0
2024-05-16 00:00:00-04:00,22.43424207005589,22.609508580727756,22.074943800975117,22.1538143157959,4133400,0.0,0.0
2024-05-17 00:00:00-04:00,22.066178202317843,22.61827008398192,21.987307694725672,22.556926727294922,3529900,0.0,0.0
2024-05-20 00:00:00-04:00,22.6095038917645,23.152833806573515,22.59197841436879,22.924985885620117,3859900,0.0,0.0
2024-05-21 00:00:00-04:00,22.846119356861557,23.27552455006618,22.644562124200835,22.776012420654297,3677600,0.0,0.0
2024-05-22 00:00:00-04:00,22.44300391676695,22.89869814658125,22.215155966119237,22.434240341186523,4524600,0.0,0.0
2024-05-23 00:00:00-04:00,22.416711456903737,23.03891190316032,22.109993021226884,22.916223526000977,4788900,0.0,0.0
2024-05-24 00:00:00-04:00,23.1791254576518,23.33686478941234,22.933750378000436,23.21417808532715,2905100,0.0,0.0
2024-05-28 00:00:00-04:00,23.22294158967781,23.924010855868143,23.22294158967781,23.792560577392578,5157600,0.0,0.0
2024-05-29 00:00:00-04:00,23.485843094846516,24.17815048570655,23.398210686645385,23.88019561767578,8942900,0.0,0.0
2024-05-30 00:00:00-04:00,18.131421063423193,18.657223831612328,17.15868602584734,18.420612335205078,33594500,0.0,0.0
2024-05-31 00:00:00-04:00,18.543300184337664,20.287211497603593,18.446902530608053,19.62119483947754,13612900,0.0,0.0
2024-06-03 00:00:00-04:00,20.13823565246749,21.356345932440032,20.111946596819056,20.900650024414062,10546500,0.0,0.0
2024-06-04 00:00:00-04:00,20.672797995246988,20.926934954811305,19.673773961992726,19.691299438476562,6959500,0.0,0.0
2024-06-05 00:00:00-04:00,19.76140949307532,19.76140949307532,19.226844767216065,19.682538986206055,5485300,0.0,0.0
2024-06-06 00:00:00-04:00,19.708829712322842,19.93667765755838,19.340767904093287,19.682538986206055,5131100,0.0,0.0
2024-06-07 00:00:00-04:00,19.33200167135855,20.041836135608648,19.288185472001274,19.998018264770508,5049000,0.0,0.0
2024-06-10 00:00:00-04:00,19.822751659860252,20.1645226926486,19.559849451077728,20.146995544433594,6066000,0.0,0.0
2024-06-11 00:00:00-04:00,20.146996973816826,20.164524123275342,19.72635541569825,19.962966918945312,4508400,0.0,0.0
2024-06-12 00:00:00-04:00,20.53641026552633,20.903771742281602,20.15112829990693,20.178009033203125,4615200,0.5,0.0
2024-06-13 00:00:00-04:00,20.1600867962852,20.213846549224275,19.774804864073072,20.070486068725586,3877100,0.0,0.0
2024-06-14 00:00:00-04:00,19.8464858765471,20.204887091739174,19.273043932239773,19.335763931274414,4354500,0.0,0.0
2024-06-17 00:00:00-04:00,19.353684538267757,19.631445268125304,18.699602102896964,19.45224380493164,5608500,0.0,0.0
2024-06-18 00:00:00-04:00,19.34472644065493,19.470166453413942,19.022164454712332,19.156564712524414,4676200,0.0,0.0
2024-06-20 00:00:00-04:00,19.138642826432132,20.14216618368054,19.11176209563394,19.95400619506836,5244900,0.0,0.0
2024-06-21 00:00:00-04:00,19.936086413481643,20.626009814128697,19.730005930376713,20.491609573364258,12349700,0.0,0.0
2024-06-24 00:00:00-04:00,20.437847997970067,22.247776243397944,20.357207512154545,21.95209503173828,7740800,0.0,0.0
2024-06-25 00:00:00-04:00,21.88937607807656,22.220896572032363,21.41449338439258,21.486173629760742,5813600,0.0,0.0
2024-06-26 00:00:00-04:00,21.495135026670777,21.495135026670777,20.608091301802652,20.86793327331543,7062600,0.0,0.0
2024-06-27 00:00:00-04:00,20.473689152556165,20.984411094528067,20.160087450417972,20.796249389648438,3869900,0.0,0.0
2024-06-28 00:00:00-04:00,20.652886564387973,20.88584775360909,20.25864612939063,20.5991268157959,4766000,0.0,0.0
2024-07-01 00:00:00-04:00,20.545370293855783,20.65288980792588,19.506005876554905,19.613525390625,6315700,0.0,0.0
2024-07-02 00:00:00-04:00,19.58664537822715,19.694164886871626,19.05800295191511,19.06696319580078,6741000,0.0,0.0
2024-07-03 00:00:00-04:00,19.129683607257576,19.523925801784745,18.99528336405271,19.228242874145508,2298500,0.0,0.0
2024-07-05 00:00:00-04:00,19.32680374457202,20.13320690839302,19.19240350210049,19.971927642822266,4801000,0.0,0.0
2024-07-08 00:00:00-04:00,20.115286323553484,20.160085830691695,19.613522956848946,20.05256462097168,3303000,0.0,0.0
2024-07-09 00:00:00-04:00,19.998805349755777,20.36616678586394,19.63144391364762,20.061525344848633,3466000,0.0,0.0
2024-07-10 00:00:00-04:00,20.204886691325154,20.240727666629976,19.54184402911183,19.703125,4218300,0.0,0.0
2024-07-11 00:00:00-04:00,20.124246579613835,20.63497023324175,19.954007070729663,20.41992950439453,5694700,0.0,0.0
2024-07-12 00:00:00-04:00,20.581207316349854,20.68872852767887,20.25864710034616,20.393047332763672,4174500,0.0,0.0
2024-07-15 00:00:00-04:00,20.12424461488959,20.204885093958364,19.497042977566675,19.595603942871094,6940400,0.0,0.0
2024-07-16 00:00:00-04:00,19.676243892858324,20.1600867962852,19.246162451362256,20.070486068725586,5678100,0.0,0.0
2024-07-17 00:00:00-04:00,19.80168631711621,20.626009964538888,19.747926562216758,20.348247528076172,5338900,0.0,0.0
2024-07-18 00:00:00-04:00,20.16008718118589,20.24968791045618,19.362644279563014,19.703125,5063900,0.0,0.0
2024-07-19 00:00:00-04:00,19.48808641785518,19.6672878960989,18.816083437929137,18.84296417236328,4444000,0.0,0.0
2024-07-22 00:00:00-04:00,18.91463996493968,18.995280440248568,18.233676900659965,18.457677841186523,6026400,0.0,0.0
2024-07-23 00:00:00-04:00,18.421839426280243,18.574160155331338,18.08135870139698,18.394960403442383,5021100,0.0,0.0
2024-07-24 00:00:00-04:00,18.23367888600997,18.457679850926574,17.785676956176758,17.785676956176758,5514800,0.0,0.0
2024-07-25 00:00:00-04:00,17.839436185136105,18.33223760987798,17.839436185136105,17.964876174926758,6225900,0.0,0.0
2024-07-26 00:00:00-04:00,18.197837504167765,18.466639681448832,18.036556539597466,18.377038955688477,5685700,0.0,0.0
2024-07-29 00:00:00-04:00,18.412878466344143,18.977361849874043,18.179918968846415,18.905681610107422,6424300,0.0,0.0
2024-07-30 00:00:00-04:00,19.031123028494086,19.066964005558898,18.565200580602614,18.860881805419922,5369800,0.0,0.0
2024-07-31 00:00:00-04:00,19.219284004827866,20.186968131663047,19.14760376243236,19.40744400024414,7043100,0.0,0.0
2024-08-01 00:00:00-04:00,19.371605667341772,19.712086407885185,18.457681250999954,18.825042724609375,6382100,0.0,0.0
2024-08-02 00:00:00-04:00,18.00967895212353,18.224719685675257,17.59751626440551,18.108238220214844,5506900,0.0,0.0
2024-08-05 00:00:00-04:00,16.997190323698497,17.929035033128436,16.6119101512523,17.55271339416504,5865700,0.0,0.0
2024-08-06 00:00:00-04:00,17.74983676489611,18.099279447703694,17.203275548490478,17.87527847290039,4965200,0.0,0.0
2024-08-07 00:00:00-04:00,18.242639292717787,18.368079287314767,17.52583517318362,17.67815589904785,4855600,0.0,0.0
2024-08-08 00:00:00-04:00,17.875275257247793,18.269515671506063,17.615433352903857,18.188875198364258,5624100,0.0,0.0
2024-08-09 00:00:00-04:00,18.260560593944206,18.296401573918654,17.929040074140502,18.099281311035156,5751600,0.0,0.0
2024-08-12 00:00:00-04:00,18.27847713897411,18.359117617520376,17.17639287749729,17.274953842163086,5464800,0.0,0.0
2024-08-13 00:00:00-04:00,17.176392859109463,17.705035236128342,16.898632160520574,17.49895477294922,4223500,0.0,0.0
2024-08-14 00:00:00-04:00,17.624396409430968,17.74983640590642,17.16743422499525,17.19431495666504,4366000,0.0,0.0
2024-08-15 00:00:00-04:00,18.045519416018415,18.099280884713757,17.579598650269084,17.83047866821289,5442500,0.0,0.0
2024-08-16 00:00:00-04:00,17.9917562685611,18.46663889866701,17.866316283208892,18.323278427124023,4425800,0.0,0.0
2024-08-19 00:00:00-04:00,18.368078757359935,18.377039000857163,17.830476110468133,17.89319610595703,4236900,0.0,0.0
2024-08-20 00:00:00-04:00,17.839436868667832,18.045517348074807,17.633356389260857,17.67815589904785,4711600,0.0,0.0
2024-08-21 00:00:00-04:00,17.92007594235764,18.269516876356295,17.248073094519228,17.49895477294922,7085500,0.0,0.0
2024-08-22 00:00:00-04:00,17.463116260893514,17.472076505205976,16.82695429563544,16.98823356628418,6760300,0.0,0.0
2024-08-23 00:00:00-04:00,17.086792104316864,17.794635922977193,16.99719138298128,17.687114715576172,7253600,0.0,0.0
2024-08-26 00:00:00-04:00,17.651277671210867,17.857358159892996,17.23015474069576,17.803598403930664,7415100,0.0,0.0
2024-08-27 00:00:00-04:00,17.65127675332975,17.920077228155385,17.355595547424855,17.561676025390625,10317200,0.0,0.0
2024-08-28 00:00:00-04:00,18.135118253891974,18.95944188856851,17.22119388977395,17.606475830078125,23738800,0.0,0.0
2024-08-29 00:00:00-04:00,17.34663543790765,18.036557117694443,17.1405532493561,17.71399688720703,11449600,0.0,0.0
2024-08-30 00:00:00-04:00,17.713996596837774,17.875277563933626,17.104713702916435,17.37351417541504,8254500,0.0,0.0
2024-09-03 00:00:00-04:00,17.337672672632912,18.2426366531198,17.310791945255144,18.188875198364258,12044200,0.0,0.0
2024-09-04 00:00:00-04:00,18.08135898964662,18.851922891129494,18.018638990036028,18.439760208129883,8922300,0.0,0.0
2024-09-05 00:00:00-04:00,18.645838448169137,18.887759882363905,18.197836551804723,18.35911750793457,5332700,0.0,0.0
2024-09-06 00:00:00-04:00,18.23367577965024,18.26055479710631,17.525832030788745,17.839433670043945,6463600,0.0,0.0
2024-09-09 00:00:00-04:00,17.830477427415914,18.063438648575122,17.525835961976323,17.803598403930664,4673300,0.0,0.0
2024-09-10 00:00:00-04:00,17.875278930562903,17.955919420276082,17.59751648422112,17.812557220458984,5130400,0.0,0.0
2024-09-11 00:00:00-04:00,17.812554912877197,17.876894821891103,16.81990482103084,17.536819458007812,8574900,0.5,0.0
2024-09-12 00:00:00-04:00,17.362187064103445,17.94123400685749,17.362187064103445,17.886085510253906,4749100,0.0,0.0
2024-09-13 00:00:00-04:00,18.152631468990254,18.603000343167345,17.95042557234443,18.125057220458984,6094500,0.0,0.0
2024-09-16 00:00:00-04:00,18.189396421860458,18.474323299866153,17.33461403476006,17.37137794494629,8221000,0.0,0.0
2024-09-17 00:00:00-04:00,17.50005464643178,17.821745409497442,17.086449732371392,17.215126037597656,7395100,0.0,0.0
2024-09-18 00:00:00-04:00,17.279467951837546,17.932044541296335,17.224321202318798,17.435718536376953,6358600,0.0,0.0
2024-09-19 00:00:00-04:00,17.90446758318083,17.959616077445734,17.095642284545164,17.114025115966797,7426100,0.0,0.0
2024-09-20 00:00:00-04:00,17.095642712543214,17.261084693313254,16.884245405151866,17.169172286987305,19075700,0.0,0.0
2024-09-23 00:00:00-04:00,16.86586087550003,17.555201223928506,16.443064550193984,17.40814208984375,8117400,0.0,0.0
2024-09-24 00:00:00-04:00,17.555201973098498,18.73167509598265,17.50924489605881,18.161821365356445,9785100,0.0,0.0
2024-09-25 00:00:00-04:00,18.125057123525394,18.648957324317365,18.023955052284872,18.11586570739746,7006300,0.0,0.0
2024-09-26 00:00:00-04:00,18.437558749030426,18.621383570302616,18.161823270205563,18.612192153930664,4373700,0.0,0.0
2024-09-27 00:00:00-04:00,18.786821171523886,19.36586624306444,18.58461356472956,19.20961570739746,6705500,0.0,0.0
2024-09-30 00:00:00-04:00,19.255578222434124,19.5588879652939,19.163665807277088,19.39344596862793,7132000,0.0,0.0
2024-10-01 00:00:00-04:00,19.30153037335407,19.347485696819245,18.60299858756746,19.034984588623047,5241300,0.0,0.0
2024-10-02 00:00:00-04:00,18.93388456536027,19.292341035623583,17.913660146200503,17.9228515625,7275000,0.0,0.0
2024-10-03 00:00:00-04:00,17.766604455225362,18.171018085827736,17.490868924818685,17.87689971923828,5379900,0.0,0.0
2024-10-04 00:00:00-04:00,18.29050047031117,18.492708134023513,17.867705815428096,18.03314781188965,4396400,0.0,0.0
2024-10-07 00:00:00-04:00,17.98718972243139,18.014763971328218,17.141598706846082,17.472482681274414,6629600,0.0,0.0
2024-10-08 00:00:00-04:00,17.41733687652293,17.941235362252,17.270277713970334,17.591968536376953,4444400,0.0,0.0
2024-10-09 00:00:00-04:00,17.573585881422677,17.711453614828493,17.2794658295847,17.39895248413086,4715800,0.0,0.0
2024-10-10 00:00:00-04:00,17.454098164962907,17.64711438245455,17.242700869729923,17.270275115966797,3919300,0.0,0.0
2024-10-11 00:00:00-04:00,17.28865823509028,18.299691259739348,17.28865823509028,17.959617614746094,5574500,0.0,0.0
2024-10-14 00:00:00-04:00,17.968807175187823,17.996381424522546,17.509246871443036,17.73902702331543,5459100,0.0,0.0
2024-10-15 00:00:00-04:00,17.65630547069754,18.72248695454549,17.65630547069754,18.345645904541016,6703200,0.0,0.0
2024-10-16 00:00:00-04:00,18.44675040359942,18.584618144792092,18.097485342372416,18.19858741760254,4665600,0.0,0.0
2024-10-17 00:00:00-04:00,18.198585537346766,18.547852315571394,18.069909225939412,18.409984588623047,5272400,0.0,0.0
2024-10-18 00:00:00-04:00,18.465133407067338,19.14528245590326,18.437559157340836,19.117708206176758,5089100,0.0,0.0
2024-10-21 00:00:00-04:00,19.200426687822844,19.45778105898387,18.70410252932765,19.25557518005371,5915300,0.0,0.0
2024-10-22 00:00:00-04:00,19.466973554380342,19.466973554380342,18.492706260998148,18.713294982910156,5449000,0.0,0.0
2024-10-23 00:00:00-04:00,18.483514741273314,18.61219105672823,17.757408668444416,17.821746826171875,5167200,0.0,0.0
2024-10-24 00:00:00-04:00,17.932043611193585,17.95961786106451,17.41733655185392,17.54601287841797,5182400,0.0,0.0
2024-10-25 00:00:00-04:00,17.73902703586187,17.89527760936895,17.48167438755617,17.500057220458984,4377700,0.0,0.0
2024-10-28 00:00:00-04:00,17.64711631940559,17.9320432161273,17.481674329991876,17.509246826171875,5692600,0.0,0.0
2024-10-29 00:00:00-04:00,17.463288234840693,17.794172151855847,17.343803349853612,17.35299301147461,5659100,0.0,0.0
2024-10-30 00:00:00-04:00,17.34380582196717,17.54601171502962,17.13240675980716,17.196744918823242,6558100,0.0,0.0
2024-10-31 00:00:00-04:00,17.187555395592074,17.215127890775445,16.801524685274586,16.985347747802734,5725400,0.0,0.0
2024-11-01 00:00:00-04:00,17.049684876039446,17.17836294041737,16.63608169555664,16.63608169555664,6626100,0.0,0.0
2024-11-04 00:00:00-05:00,16.617700150142614,16.96696520199947,16.507404908297428,16.56255340576172,5619800,0.0,0.0
2024-11-05 00:00:00-05:00,16.553358611567813,17.095639787722657,16.351152754711936,17.058874130249023,6054900,0.0,0.0
2024-11-06 00:00:00-05:00,17.435714717515474,17.500054623126097,16.29600554294631,16.323579788208008,11192400,0.0,0.0
2024-11-07 00:00:00-05:00,16.37872933186194,17.10483547041051,16.360346498537893,16.87505531311035,7878900,0.0,0.0
2024-11-08 00:00:00-05:00,16.87505433874059,16.87505433874059,16.001889090183372,16.093801498413086,10162200,0.0,0.0
2024-11-11 00:00:00-05:00,16.3511556446052,17.187555216041723,16.1949050788927,17.178363800048828,10040900,0.0,0.0
2024-11-12 00:00:00-05:00,17.068068980285815,17.178364221825248,16.663655432085747,16.78314208984375,5283200,0.0,0.0
2024-11-13 00:00:00-05:00,17.077259022467953,17.215126748486863,16.562552027225177,16.626890182495117,3842500,0.0,0.0
2024-11-14 00:00:00-05:00,16.81071540984301,17.18755468857004,16.580935276322467,17.114025115966797,4786000,0.0,0.0
2024-11-15 00:00:00-05:00,16.93939446100315,17.104836464366397,16.30520069913857,16.544172286987305,7790600,0.0,0.0
2024-11-18 00:00:00-05:00,16.645275130358048,16.645275130358048,15.827256579523544,15.98350715637207,7908300,0.0,0.0
2024-11-19 00:00:00-05:00,15.75372600685444,15.946742238133787,15.625049688057116,15.634241104125977,7036900,0.0,0.0
2024-11-20 00:00:00-05:00,15.376886884421863,15.707770854246457,14.926518010540265,14.990856170654297,8375300,0.0,0.0
2024-11-21 00:00:00-05:00,14.981663572137219,15.229826529920757,14.81622335336477,15.073575973510742,8229000,0.0,0.0
2024-11-22 00:00:00-05:00,15.330933444334393,16.001891129685692,15.303359192426022,15.652626037597656,10315100,0.0,0.0
2024-11-25 00:00:00-05:00,16.148948989857402,17.224320183845872,16.03865549734156,16.856672286987305,16756600,0.0,0.0
2024-11-26 00:00:00-05:00,13.924676542086878,14.338281507459946,13.0698949922465,13.989015579223633,58872400,0.0,0.0
2024-11-27 00:00:00-05:00,13.8971032852662,14.531296986408082,13.538645937814627,13.557028770446777,22908500,0.0,0.0
2024-11-29 00:00:00-05:00,13.704086811533157,14.044161298712918,13.593792454329582,13.759234428405762,10313100,0.0,0.0
2024-12-02 00:00:00-05:00,13.805190455949905,14.568060407745634,13.786807625043203,14.182029724121094,18748300,0.0,0.0
2024-12-03 00:00:00-05:00,14.246368345667104,14.347471289339424,13.95225005386279,14.01658821105957,7504500,0.0,0.0
2024-12-04 00:00:00-05:00,14.062545776367188,14.218796353168958,13.823574202841922,14.062545776367188,7191400,0.0,0.0
2024-12-05 00:00:00-05:00,14.182030366159806,14.356662884971211,13.860337823062048,14.145265579223633,9777800,0.0,0.0
2024-12-06 00:00:00-05:00,14.338280294696826,14.41180986531237,13.906293409924295,14.071735382080078,10521700,0.0,0.0
2024-12-09 00:00:00-05:00,14.283133231235322,14.641590559264953,14.016588308303028,14.025779724121094,11715700,0.0,0.0
2024-12-10 00:00:00-05:00,14.062545156058468,14.14526614913308,13.704087811582374,13.989015579223633,14456300,0.0,0.0
2024-12-11 00:00:00-05:00,14.017525153240026,14.084048711403932,13.732422765470348,14.036532402038574,9594200,0.5,0.0
2024-12-12 00:00:00-05:00,13.970008519751559,14.008022112617345,13.380797377174112,13.447320938110352,11043200,0.0,0.0
2024-12-13 00:00:00-05:00,13.399804949015047,13.646892855427069,13.228743323847402,13.63739013671875,7360000,0.0,0.0
2024-12-16 00:00:00-05:00,13.44732045250477,13.74192646631254,13.228742527998609,13.59937572479248,9972500,0.0,0.0
2024-12-17 00:00:00-05:00,13.637389013520748,13.789443376117177,13.409306563310613,13.542354583740234,7101600,0.0,0.0
2024-12-18 00:00:00-05:00,13.589872579363488,13.789444168315487,13.124205840580675,13.181225776672363,7993000,0.0,0.0
2024-12-19 00:00:00-05:00,13.342782104275633,13.532850044672493,13.1147005757994,13.171720504760742,8341000,0.0,0.0
2024-12-20 00:00:00-05:00,13.143211687207598,13.665899248647277,13.086191753270475,13.466327667236328,30483200,0.0,0.0
2024-12-23 00:00:00-05:00,13.437817305026657,13.656395222549202,13.238245729485627,13.580368041992188,5850100,0.0,0.0
2024-12-24 00:00:00-05:00,13.58987183552482,13.703912607781744,13.323776700258664,13.675402641296387,4086400,0.0,0.0
2024-12-26 00:00:00-05:00,13.637389904887149,14.217097426755721,13.637389904887149,14.112560272216797,7223800,0.0,0.0
2024-12-27 00:00:00-05:00,13.846463169408802,14.065041993175273,13.608878003667042,13.646891593933105,4957100,0.0,0.0
2024-12-30 00:00:00-05:00,13.47583011571115,13.48533283299442,12.972148940765182,13.171720504760742,11117400,0.0,0.0
2024-12-31 00:00:00-05:00,13.238246772990317,13.39980477098765,13.09569511847267,13.34278392791748,6466100,0.0,0.0
2025-01-02 00:00:00-05:00,13.456824007978186,13.760932738363747,13.16221890199605,13.333279609680176,6213500,0.0,0.0
2025-01-03 00:00:00-05:00,13.3522872841079,13.494838029441238,13.095694854929247,13.418810844421387,5830500,0.0,0.0
2025-01-06 00:00:00-05:00,13.627884515269345,13.827456079956717,13.285761315053605,13.304768562316895,8193600,0.0,0.0
2025-01-07 00:00:00-05:00,13.323776862575656,13.57086475231806,13.076688066517745,13.133708000183105,7333700,0.0,0.0
2025-01-08 00:00:00-05:00,13.076688443773373,13.086192068430275,12.601518086714592,12.820096015930176,7242200,0.0,0.0
2025-01-10 00:00:00-05:00,12.630027701866187,13.067184454411858,12.592014110615063,13.00066089630127,5870200,0.0,0.0
2025-01-13 00:00:00-05:00,13.038674669867714,13.038674669867714,12.316415519681762,12.39244270324707,10238200,0.0,0.0
2025-01-14 00:00:00-05:00,12.48747779233838,12.582511323633247,12.069327354431152,12.069327354431152,8682900,0.0,0.0
2025-01-15 00:00:00-05:00,12.335422099236844,12.439960158382757,11.993299766624721,12.183367729187012,7666100,0.0,0.0
2025-01-16 00:00:00-05:00,12.16436155865674,12.41145036665078,12.097837091079544,12.211878776550293,5845200,0.0,0.0
2025-01-17 00:00:00-05:00,12.297408403547076,12.411450086443157,12.192871251593784,12.354429244995117,4719400,0.0,0.0
2025-01-21 00:00:00-05:00,12.363932209554267,12.877116129927385,12.363932209554267,12.544496536254883,9303600,0.0,0.0
2025-01-22 00:00:00-05:00,12.54449670060704,12.753571902406547,12.173864418230064,12.7060546875,10252700,0.0,0.0
2025-01-23 00:00:00-05:00,12.706055131196733,13.133708267658353,12.639531571793855,13.0576810836792,5566900,0.0,0.0
2025-01-24 00:00:00-05:00,13.17172187485716,13.29526627554482,12.924633979797363,12.924633979797363,5263700,0.0,0.0
2025-01-27 00:00:00-05:00,12.915130750178418,13.038675154644292,12.620524723172787,12.877117156982422,5720400,0.0,0.0
2025-01-28 00:00:00-05:00,12.8771168968595,13.07668848368594,12.744068870203362,12.88662052154541,5256500,0.0,0.0
2025-01-29 00:00:00-05:00,12.80108894959918,12.962646934375483,12.363932209554267,12.544496536254883,6611600,0.0,0.0
2025-01-30 00:00:00-05:00,12.630027804929862,12.8486066361441,12.554000621807218,12.763075828552246,5722000,0.0,0.0
2025-01-31 00:00:00-05:00,12.772578783442194,12.867613217264694,12.411450110073968,12.554000854492188,6799700,0.0,0.0
2025-02-03 00:00:00-05:00,12.145353607907442,12.46846958335374,11.983795620184292,12.335421562194824,8875500,0.0,0.0
2025-02-04 00:00:00-05:00,12.211878271295932,12.687048617940668,12.135851088338015,12.563504219055176,6922300,0.0,0.0
2025-02-05 00:00:00-05:00,12.515987502064391,12.582511063225583,12.202375133282276,12.344925880432129,6019000,0.0,0.0
2025-02-06 00:00:00-05:00,12.506483459041288,12.7915858501232,12.126347541809082,12.126347541809082,7595300,0.0,0.0
2025-02-07 00:00:00-05:00,12.116843242467432,12.116843242467432,11.461108595183294,11.480114936828613,9627800,0.0,0.0
2025-02-10 00:00:00-05:00,11.546639171124644,11.575150044742562,11.195013220010011,11.22352409362793,8789700,0.0,0.0
2025-02-11 00:00:00-05:00,11.128490436160332,11.36607562830183,11.090476841670316,11.195013999938965,7356600,0.0,0.0
2025-02-12 00:00:00-05:00,11.109482774573298,11.17600724220531,10.95742840224107,11.042959213256836,8413800,0.0,0.0
2025-02-13 00:00:00-05:00,11.099980198530963,11.385081697155996,11.05246297998827,11.271040916442871,7250200,0.0,0.0
2025-02-14 00:00:00-05:00,11.356571749417135,11.508626123980605,11.118986562582819,11.137993812561035,6862100,0.0,0.0
2025-02-18 00:00:00-05:00,11.166503252707615,11.499122861059156,11.09047606902421,11.22352409362793,7015800,0.0,0.0
2025-02-19 00:00:00-05:00,11.118986698203559,11.26153835583222,11.023953166100027,11.099980354309082,7630900,0.0,0.0
2025-02-20 00:00:00-05:00,11.118985638553491,11.432597986607181,11.071468423872375,11.404088020324707,8509400,0.0,0.0
2025-02-21 00:00:00-05:00,11.499122188104954,11.594155708989879,11.214019812819247,11.413591384887695,7109000,0.0,0.0
2025-02-24 00:00:00-05:00,11.404089280701083,11.812736103280526,11.404089280701083,11.66068172454834,10389800,0.0,0.0
2025-02-25 00:00:00-05:00,11.65117694145649,11.746210465562303,11.356570932202823,11.432598114013672,5822500,0.0,0.0
2025-02-26 00:00:00-05:00,11.499122846471957,11.622666340064132,11.261537671183822,11.356571197509766,6232100,0.0,0.0
2025-02-27 00:00:00-05:00,11.366073459473382,11.470610597794673,10.738848816914809,10.833882331848145,9705000,0.0,0.0
2025-02-28 00:00:00-05:00,10.805373060413105,10.928917453427093,10.700835915393021,10.84338665008545,5989100,0.0,0.0
2025-03-03 00:00:00-05:00,10.9859375862358,11.233025450095155,10.681827982053237,10.767358779907227,8943100,0.0,0.0
2025-03-04 00:00:00-05:00,10.643815207182213,11.014448390732007,10.368216452126873,10.805373191833496,9043000,0.0,0.0
2025-03-05 00:00:00-05:00,10.824380700293577,10.92891784909833,10.548781938612413,10.795869827270508,6970200,0.0,0.0
2025-03-06 00:00:00-05:00,10.776864149518829,10.919414898163351,10.55828530777293,10.67232608795166,8105500,0.0,0.0
2025-03-07 00:00:00-05:00,10.700837053057217,11.755714958351202,10.691333428049882,11.603660583496094,14040400,0.0,0.0
2025-03-10 00:00:00-04:00,11.470612139829557,11.72720456790655,11.242530585749252,11.451605796813965,17900300,0.0,0.0
2025-03-11 00:00:00-04:00,9.912054512922303,10.035598921677986,8.31548173062191,8.69561767578125,50325500,0.0,0.0
2025-03-12 00:00:00-04:00,8.695618085323877,8.733631681630161,7.868821685925512,8.18243408203125,27712700,0.0,0.0
2025-03-13 00:00:00-04:00,8.191937154573216,8.305977935792114,7.73577402969762,7.802297592163086,17352300,0.0,0.0
2025-03-14 00:00:00-04:00,7.86882046410701,7.86882046410701,7.564711740876745,7.659746170043945,19891900,0.0,0.0
2025-03-17 00:00:00-04:00,7.707264346228458,8.229952020694578,7.678754373094875,8.125414848327637,13395000,0.0,0.0
2025-03-18 00:00:00-04:00,8.106404949286466,8.258459298119934,7.887827049417205,7.916337013244629,8166100,0.0,0.0
2025-03-19 00:00:00-04:00,7.897331801259288,8.305977695562387,7.878324551781427,8.277467727661133,12095800,0.0,0.0
2025-03-20 00:00:00-04:00,8.191937722843564,8.36299935969615,8.068393308040655,8.115910530090332,8017000,0.0,0.0
2025-03-21 00:00:00-04:00,8.004995917184356,8.303977170458085,7.88926114948696,7.985706329345703,14339900,0.125,0.0
2025-03-24 00:00:00-04:00,8.197888493959487,9.094834235274705,8.091798503393147,9.065899848937988,16551000,0.0,0.0
2025-03-25 00:00:00-04:00,8.979099195985343,9.27808048813804,8.776563096232945,8.824785232543945,12104400,0.0,0.0
2025-03-26 00:00:00-04:00,8.805496749337335,8.805496749337335,8.410069336592203,8.6318941116333,11479500,0.0,0.0
2025-03-27 00:00:00-04:00,8.487226363944927,8.574027687950265,8.21717851575594,8.30397891998291,8709300,0.0,0.0
2025-03-28 00:00:00-04:00,8.10144220237487,8.275044837495772,8.00499700935749,8.168954849243164,10168900,0.0,0.0
2025-03-31 00:00:00-04:00,7.985707392095671,8.149665231431282,7.879617404198986,7.8892621994018555,8583000,0.0,0.0
2025-04-01 00:00:00-04:00,7.908550891537243,8.140020458365854,7.841039164490139,7.966418743133545,8864700,0.0,0.0
2025-04-02 00:00:00-04:00,7.860328728446779,8.371491896339966,7.860328728446779,8.29433536529541,13515200,0.0,0.0
2025-04-03 00:00:00-04:00,7.570990423773996,7.6095686826045315,6.08572607913101,6.40399694442749,37181500,0.0,0.0
2025-04-04 00:00:00-04:00,5.97963575719586,6.992316221507816,5.825322718782278,6.915159702301025,25866600,0.0,0.0
2025-04-07 00:00:00-04:00,6.481154172104577,7.079118169263592,6.240039798054881,6.567955493927002,15071400,0.0,0.0
2025-04-08 00:00:00-04:00,6.818714134937112,6.886225860106847,5.863901048597696,5.960346698760986,14639000,0.0,0.0
2025-04-09 00:00:00-04:00,5.912124242880047,7.513123452968546,5.863901186717972,7.484189987182617,23335100,0.0,0.0
2025-04-10 00:00:00-04:00,7.185207724709114,7.214141650182478,6.394352920366339,6.596889019012451,13040800,0.0,0.0
2025-04-11 00:00:00-04:00,6.616178341269605,6.616178341269605,6.182172205915515,6.481153964996338,10934500,0.0,0.0
2025-04-14 00:00:00-04:00,6.654756619372894,6.7126240122505,6.105015697201901,6.278618335723877,10883700,0.0,0.0
2025-04-15 00:00:00-04:00,6.307552537931376,6.307552537931376,5.941058547069501,6.03750467300415,9947600,0.0,0.0
2025-04-16 00:00:00-04:00,5.979635882730602,6.220750240258274,5.825322841077417,5.912124156951904,8532700,0.0,0.0
2025-04-17 00:00:00-04:00,5.9603469130212705,6.259328669219721,5.863901259390988,6.2496843338012695,9893500,0.0,0.0
2025-04-21 00:00:00-04:00,6.133949800169069,6.809069863065614,6.105015872952739,6.770491600036621,16511000,0.0,0.0
2025-04-22 00:00:00-04:00,6.751203026251154,6.866937824899193,6.432932100024445,6.519733428955078,13275100,0.0,0.0
2025-04-23 00:00:00-04:00,6.905515120507407,7.098406884364691,6.452220326237708,6.4715094566345215,10218100,0.0,0.0
2025-04-24 00:00:00-04:00,6.5004430234577875,6.866936966590493,6.394353034568703,6.7801361083984375,9587000,0.0,0.0
2025-04-25 00:00:00-04:00,6.818714428860527,6.973027475773517,6.712623979163268,6.809069633483887,7518000,0.0,0.0
2025-04-28 00:00:00-04:00,6.722268294404605,6.799425277517875,6.6161783049160245,6.731913089752197,7176900,0.0,0.0
2025-04-29 00:00:00-04:00,6.664400860430117,6.664400860430117,6.37506390014387,6.577600002288818,6085000,0.0,0.0
2025-04-30 00:00:00-04:00,6.384707952117615,6.490798396124337,6.153238394163817,6.461864471435547,5330100,0.0,0.0
2025-05-01 00:00:00-04:00,6.866936895404073,7.185207778550259,6.616178198942196,6.953738212585449,19549000,0.0,0.0
2025-05-02 00:00:00-04:00,7.040539556717704,7.358810441082217,6.905515182832217,7.233430862426758,9998000,0.0,0.0
2025-05-05 00:00:00-04:00,7.25272010324789,7.378099683809273,6.799425297996403,6.809069633483887,7922500,0.0,0.0
2025-05-06 00:00:00-04:00,6.693335065251109,6.722268532540541,6.268973712596348,6.288262844085693,10051000,0.0,0.0
2025-05-07 00:00:00-04:00,6.336485902753641,6.471509823179056,6.240039785417745,6.288262844085693,6443700,0.0,0.0
2025-05-08 00:00:00-04:00,6.423286556312255,6.82835876434801,6.394353089960647,6.809069633483887,9528100,0.0,0.0
2025-05-09 00:00:00-04:00,6.915159915650387,7.021250362777435,6.461864661491543,6.4715094566345215,7484800,0.0,0.0
2025-05-12 00:00:00-04:00,7.194852451914591,7.590279850353366,7.1369850614032435,7.300942897796631,12824800,0.0,0.0
2025-05-13 00:00:00-04:00,7.474544942964718,7.831394075029642,7.262364514676937,7.773527145385742,8783200,0.0,0.0
2025-05-14 00:00:00-04:00,7.8313944825634625,7.88926233499698,7.503479258145412,7.821749687194824,8637500,0.0,0.0
2025-05-15 00:00:00-04:00,7.8217505762091735,8.159311094251896,7.6674375118851,8.072509765625,9044600,0.0,0.0
2025-05-16 00:00:00-04:00,8.188243729577023,8.535449008708243,8.168955058391022,8.255756378173828,10218300,0.0,0.0
2025-05-19 00:00:00-04:00,8.033929442198627,8.294333361394536,7.927839467588172,8.140019416809082,8812700,0.0,0.0
2025-05-20 00:00:00-04:00,8.17859897405343,8.54509292616125,7.9471294000205965,8.004997253417969,11690600,0.0,0.0
2025-05-21 00:00:00-04:00,7.715659985675348,7.937484768769909,7.445611683825475,7.532413005828857,10707500,0.0,0.0
2025-05-22 00:00:00-04:00,7.503479258145412,7.88926233499698,7.493834462776774,7.821749687194824,6495100,0.0,0.0
2025-05-23 00:00:00-04:00,7.4938344733396915,7.561346661347853,7.204497050320892,7.214141845703125,7784300,0.0,0.0
2025-05-27 00:00:00-04:00,7.397388990415595,7.812106003680559,7.339521596448449,7.62885856628418,8013600,0.0,0.0
2025-05-28 00:00:00-04:00,7.763882599567848,7.889262177522558,7.46490038755611,7.812105655670166,12938600,0.0,0.0
2025-05-29 00:00:00-04:00,8.776562925922049,9.605995979405083,7.561346350989161,7.754237651824951,28187900,0.0,0.0
2025-05-30 00:00:00-04:00,7.667436079105026,8.20753262309223,7.542056967715364,7.841038703918457,14925700,0.0,0.0
2025-06-02 00:00:00-04:00,7.831394444333149,8.043575342515833,7.638503136793576,7.8699727058410645,9460400,0.0,0.0
2025-06-03 00:00:00-04:00,7.908551904836068,8.255757219343648,7.879618435219909,8.072509765625,8938700,0.0,0.0
2025-06-04 00:00:00-04:00,8.188243033767074,8.323267399708437,7.812105239708966,7.841038703918457,9077600,0.0,0.0
2025-06-05 00:00:00-04:00,7.937485173269117,8.275045682756046,7.889263031723892,8.265400886535645,7923000,0.0,0.0
2025-06-06 00:00:00-04:00,8.361847410487618,8.564383541944283,8.303979550166384,8.439003944396973,7139400,0.0,0.0
2025-06-09 00:00:00-04:00,8.75727384474892,8.93087648547662,8.516159474750815,8.689762115478516,7836600,0.0,0.0
2025-06-10 00:00:00-04:00,8.921231596367678,9.307014216407385,8.805496810355764,9.065899848937988,9040200,0.0,0.0
2025-06-11 00:00:00-04:00,9.354248703251752,9.373798260416468,8.582058906555176,8.582058906555176,9342800,0.125,0.0
2025-06-12 00:00:00-04:00,8.327921779814117,8.640707259259967,8.279048815607137,8.523412704467773,6188800,0.0,0.0
2025-06-13 00:00:00-04:00,8.279049067171792,8.415892252500297,7.907615832956457,7.936939239501953,7934500,0.0,0.0
2025-06-16 00:00:00-04:00,8.200852722822775,8.767776889559823,8.06400860485462,8.728678703308105,7624200,0.0,0.0
2025-06-17 00:00:00-04:00,8.601608191624083,8.67980455346096,8.269273187730267,8.279047966003418,5940600,0.0,0.0
2025-06-18 00:00:00-04:00,8.26927419252865,8.454990341414039,8.132430076599121,8.132430076599121,5865100,0.0,0.0
2025-06-20 00:00:00-04:00,8.200852053702993,8.279048419826271,7.976036801967913,8.044458389282227,7738900,0.0,0.0
2025-06-23 00:00:00-04:00,7.839193504789109,8.024909638385035,7.751221895145023,7.917389869689941,7565900,0.0,0.0
2025-06-24 00:00:00-04:00,8.1031057654498,8.308371450333235,7.98581122154129,8.034684181213379,5039100,0.0,0.0
2025-06-25 00:00:00-04:00,8.054233409562288,8.103106372898132,7.848967709291135,7.927164077758789,6445100,0.0,0.0
2025-06-26 00:00:00-04:00,7.94671337004058,8.19107724636837,7.809869263714303,8.142204284667969,5580400,0.0,0.0
2025-06-27 00:00:00-04:00,8.269272990528334,8.474538668498596,8.181301852516201,8.249723434448242,21760400,0.0,0.0
2025-06-30 00:00:00-04:00,8.425666279349818,8.630931971179042,8.171527626194738,8.288822174072266,5852600,0.0,0.0
2025-07-01 00:00:00-04:00,8.230176200315697,9.432446137036209,8.151979827139124,8.953493118286133,13460700,0.0,0.0
2025-07-02 00:00:00-04:00,9.05123864759254,9.08056205318376,8.630932461363255,8.99259090423584,6995300,0.0,0.0
2025-07-03 00:00:00-04:00,9.168532395741389,9.168532395741389,8.875295569097156,9.070786476135254,4409900,0.0,0.0
2025-07-07 00:00:00-04:00,8.992590800645507,9.090336727722601,8.74822691512702,8.816649436950684,6821300,0.0,0.0
2025-07-08 00:00:00-04:00,8.875295639038086,9.021913587428523,8.679804730459441,8.875295639038086,7042600,0.0,0.0
2025-07-09 00:00:00-04:00,8.855746751566308,9.236953778942814,8.806873792827892,9.139208793640137,6117300,0.0,0.0
2025-07-10 00:00:00-04:00,9.148983458673447,9.82342829885734,9.129434832732564,9.432445526123047,10004000,0.0,0.0
2025-07-11 00:00:00-04:00,9.285827412646618,9.500867887421954,9.070786937871283,9.354249000549316,6992600,0.0,0.0
2025-07-14 00:00:00-04:00,9.324926113847523,9.588839565568566,9.246729742709645,9.491093635559082,6738200,0.0,0.0
2025-07-15 00:00:00-04:00,9.579064392272116,9.627937355267356,9.002365479711585,9.061013221740723,6764100,0.0,0.0
2025-07-16 00:00:00-04:00,9.109884067428112,9.276051560690137,8.982814753041028,9.178306579589844,4055700,0.0,0.0
2025-07-17 00:00:00-04:00,9.227180032449215,9.461770074188243,9.207631406072615,9.412897109985352,3857900,0.0,0.0
2025-07-18 00:00:00-04:00,9.549741240156061,9.59861327227086,9.295602571592351,9.36402416229248,5069700,0.0,0.0
2025-07-21 00:00:00-04:00,9.461769413562385,10.185086250305176,9.344474866969568,10.185086250305176,9403600,0.0,0.0
2025-07-22 00:00:00-04:00,19.304746358546957,20.907772801348724,12.091124569416351,14.016712188720703,209344000,0.0,0.0
2025-07-23 00:00:00-04:00,13.684377380551325,13.78212330613924,11.543750186178887,12.022703170776367,44989000,0.0,0.0
2025-07-24 00:00:00-04:00,12.061801921890584,13.743025768727376,11.924957806066033,13.32271957397461,31351800,0.0,0.0
2025-07-25 00:00:00-04:00,13.391140939692715,13.391140939692715,12.237744016722267,12.501656532287598,16565000,0.0,0.0
2025-07-28 00:00:00-04:00,12.521205692456897,12.609175906730078,11.846760857809574,12.540754318237305,10948900,0.0,0.0
2025-07-29 00:00:00-04:00,12.374587686095364,12.570078618700682,11.406906870568315,11.4264554977417,11906900,0.0,0.0
2025-07-30 00:00:00-04:00,11.338484654731543,11.621946724491119,10.94750187881107,11.113669395446777,8299300,0.0,0.0
2025-07-31 00:00:00-04:00,10.908403723825518,11.084346020072461,10.409901172575344,10.59561824798584,8161100,0.0,0.0
2025-08-01 00:00:00-04:00,10.243733312984133,10.634716076885143,10.097115359130141,10.488097190856934,6803200,0.0,0.0
2025-08-04 00:00:00-04:00,10.49787211470847,11.240738537425353,10.49787211470847,11.133218765258789,7826500,0.0,0.0
2025-08-05 00:00:00-04:00,11.162542498983226,11.514426162768912,10.859530867148193,11.240738868713379,6137000,0.0,0.0
2025-08-06 00:00:00-04:00,11.142992839891065,11.680593576064371,11.142992839891065,11.485102653503418,4461500,0.0,0.0
2025-08-07 00:00:00-04:00,11.582847374535339,11.651268957262108,10.898627818571041,11.03547191619873,4127900,0.0,0.0
2025-08-08 00:00:00-04:00,11.055022687285684,11.055022687285684,10.605393096729099,10.869305610656738,4724400,0.0,0.0
2025-08-11 00:00:00-04:00,11.230964172202825,12.032478366103796,11.14299302256467,11.934732437133789,7354500,0.0,0.0
2025-08-12 00:00:00-04:00,12.394136362274441,12.785118199624899,12.188870664621895,12.540754318237305,6241000,0.0,0.0
2025-08-13 00:00:00-04:00,12.599401469664956,13.821220819362615,12.50165554881947,13.68437671661377,10818400,0.0,0.0
2025-08-14 00:00:00-04:00,13.312943734990872,14.153555125420826,12.980608717419388,14.13400650024414,9272600,0.0,0.0
2025-08-15 00:00:00-04:00,14.18288013237409,14.202428758475532,13.176100253358058,13.459563255310059,7287700,0.0,0.0
2025-08-18 00:00:00-04:00,13.655054032787117,13.664827879647353,13.127228083190744,13.332493782043457,4951300,0.0,0.0
2025-08-19 00:00:00-04:00,13.44978869805387,13.762574178230945,13.254297772943199,13.342267990112305,4428400,0.0,0.0
2025-08-20 00:00:00-04:00,13.137002044232108,13.20542456589387,12.785118385500851,13.039257049560547,4367700,0.0,0.0
2025-08-21 00:00:00-04:00,12.951285140608254,13.312943557202074,12.667823088025306,13.019706726074219,4007900,0.0,0.0
2025-08-22 00:00:00-04:00,13.088129804729437,13.928741219965698,13.009933437366726,13.576857566833496,6864100,0.0,0.0
2025-08-25 00:00:00-04:00,13.440013799223184,14.055810906975774,13.34226787145004,13.635504722595215,6102700,0.0,0.0
2025-08-26 00:00:00-04:00,13.645279496407362,13.850545198910327,11.885859322406844,12.746020317077637,15017600,0.0,0.0
2025-08-27 00:00:00-04:00,16.079143413765028,16.45057567636054,14.827999726485759,15.805455207824707,47362900,0.0,0.0
2025-08-28 00:00:00-04:00,15.903201414048699,16.06936892343043,14.094908368270632,15.023490905761719,16934400,0.0,0.0
2025-08-29 00:00:00-04:00,15.023490642532822,15.306952694951397,14.720479965209961,14.720479965209961,5707000,0.0,0.0
2025-09-02 00:00:00-04:00,14.446792096352457,15.815230362037614,14.290399364771115,15.766356468200684,7264100,0.0,0.0
2025-09-03 00:00:00-04:00,16.040044617587007,16.196437348553548,15.013716155401303,15.492670059204102,5964000,0.0,0.0
2025-09-04 00:00:00-04:00,15.551317400120551,16.09869197726013,15.326503074696069,16.049819946289062,4470200,0.0,0.0
2025-09-05 00:00:00-04:00,16.255082731227542,16.734037525206677,15.99117118608074,16.196435928344727,6491800,0.0,0.0
2025-09-08 00:00:00-04:00,16.401703311492337,16.509222144476585,15.61973782385702,16.215986251831055,3993700,0.0,0.0
2025-09-09 00:00:00-04:00,16.225760273953775,16.33327910192704,15.64906142952642,16.245309829711914,3884400,0.0,0.0
2025-09-10 00:00:00-04:00,16.053260939442954,16.319174313990505,15.521436068824341,15.797198295593262,4157300,0.125,0.0
2025-09-11 00:00:00-04:00,15.787349669540136,15.984321081359885,15.413100793672536,15.895683288574219,4047100,0.0,0.0
2025-09-12 00:00:00-04:00,15.66916533546342,15.826743216468683,14.910821548316026,15.068399429321289,5780400,0.0,0.0
2025-09-15 00:00:00-04:00,15.058550981691482,15.807045936584473,14.79263853515749,15.807045936584473,4022100,0.0,0.0
2025-09-16 00:00:00-04:00,15.777499933902753,16.496449209824966,15.462343250615163,16.39796257019043,9550200,0.0,0.0
2025-09-17 00:00:00-04:00,16.397965222328715,17.973746075912256,16.3782675155207,16.979034423828125,11565700,0.0,0.0
2025-09-18 00:00:00-04:00,16.939639134314458,17.76692394980514,16.92979028193046,17.116912841796875,5945400,0.0,0.0
2025-09-19 00:00:00-04:00,17.717680983474935,17.904805435501178,16.654029268419254,16.99873161315918,9475200,0.0,0.0
2025-09-22 00:00:00-04:00,17.08736661849161,17.304035715923998,16.585086463170924,16.634328842163086,5050800,0.0,0.0
2025-09-23 00:00:00-04:00,16.92979100572128,17.648740354201376,16.722968853768187,17.018428802490234,4420200,0.0,0.0
2025-09-24 00:00:00-04:00,16.939640233549984,17.36312964268359,16.851002434818692,16.860851287841797,3713500,0.0,0.0
2025-09-25 00:00:00-04:00,16.555541830715747,16.722968568593487,15.757803551875488,15.807045936584473,5435300,0.0,0.0
2025-09-26 00:00:00-04:00,15.86613911904969,16.132050627462306,15.688863527790229,15.984321594238281,4288300,0.0,0.0
2025-09-29 00:00:00-04:00,16.02371631318505,16.02371631318505,14.91082136799605,15.147188186645508,6540400,0.0,0.0
2025-09-30 00:00:00-04:00,14.999458475802392,15.30476632618196,14.812334975996906,15.13733959197998,4950100,0.0,0.0
2025-10-01 00:00:00-04:00,15.186583538643116,15.777501558832757,15.058551269627417,15.580528259277344,5726700,0.0,0.0
2025-10-02 00:00:00-04:00,15.610073231071592,16.32902250796121,15.472192123245353,16.181293487548828,4289500,0.0,0.0
2025-10-03 00:00:00-04:00,16.269932090827098,16.801756966658303,16.200992003078284,16.654027938842773,5769400,0.0,0.0
2025-10-06 00:00:00-04:00,16.62448036598494,16.7328158563851,16.191142161337087,16.260082244873047,4038600,0.0,0.0
2025-10-07 00:00:00-04:00,16.309326364546124,16.31917521731266,15.610074724411211,15.619922637939453,3889200,0.0,0.0
2025-10-08 00:00:00-04:00,15.639619923428791,15.836592277277864,15.373706541303838,15.491889953613281,3140700,0.0,0.0
2025-10-09 00:00:00-04:00,15.413100638959184,15.442647195749995,14.772940269636884,15.038853645324707,4711900,0.0,0.0
2025-10-10 00:00:00-04:00,15.137339663179299,15.147188515646508,13.709288928773379,13.768380165100098,7772700,0.0,0.0
2025-10-13 00:00:00-04:00,14.182023053497739,15.334312532258739,14.113082962384306,15.294918060302734,6168200,0.0,0.0
2025-10-14 00:00:00-04:00,14.792637943398592,15.491889546371729,14.772940238912351,15.255522727966309,3619700,0.0,0.0
2025-10-15 00:00:00-04:00,15.206279254237721,15.61007373903178,15.038853463966728,15.117642402648926,2681900,0.0,0.0
2025-10-16 00:00:00-04:00,14.940367288119385,15.57067975652251,14.891123965093813,15.531285285949707,6229400,0.0,0.0
2025-10-17 00:00:00-04:00,15.452495076637492,15.69871074728603,14.89112364811506,15.255522727966309,3511200,0.0,0.0
2025-10-20 00:00:00-04:00,15.432798673397064,16.161596850195,15.235826320105495,15.925230026245117,5406400,0.0,0.0
2025-10-21 00:00:00-04:00,15.905531092475899,16.663875768108486,15.767650925443206,16.15174674987793,3753000,0.0,0.0
2025-10-22 00:00:00-04:00,16.112354748726183,16.486601756921015,15.935079158037263,16.417661666870117,3533600,0.0,0.0
2025-10-23 00:00:00-04:00,16.26008368015757,16.624481833435045,15.856290116538448,15.954776763916016,3892200,0.0,0.0
2025-10-24 00:00:00-04:00,16.141898412573987,16.348720548190414,15.984320537093113,16.132049560546875,2897800,0.0,0.0
2025-10-27 00:00:00-04:00,16.368419511088394,16.890395559333655,15.994170619181675,16.122203826904297,3966700,0.0,0.0
2025-10-28 00:00:00-04:00,15.90553127189635,16.457053824724895,15.728256635249137,16.181293487548828,2893000,0.0,0.0
2025-10-29 00:00:00-04:00,16.132050860342325,16.44720851517348,15.48204254123021,15.688863754272461,3146000,0.0,0.0
2025-10-30 00:00:00-04:00,15.52143643349694,15.895683434319443,15.265371905154582,15.531285285949707,3372600,0.0,0.0
2025-10-31 00:00:00-04:00,15.482041320569873,16.043413676988663,15.334311357622518,16.02371597290039,3583900,0.0,0.0
2025-11-03 00:00:00-05:00,15.80704445381981,16.43735781413295,15.698709902688666,16.15174674987793,3880800,0.0,0.0
2025-11-04 00:00:00-05:00,15.747954109508965,16.269932008869375,15.669165169839138,15.866138458251953,3524400,0.0,0.0
2025-11-05 00:00:00-05:00,15.89568476771908,17.865410340065004,15.73810687220954,17.274494171142578,7871500,0.0,0.0
2025-11-06 00:00:00-05:00,17.156308516301173,17.569950930434956,16.112354567668874,16.496450424194336,5136400,0.0,0.0
2025-11-07 00:00:00-05:00,16.407813450743337,16.84115359162973,16.023717575001218,16.75251579284668,4156600,0.0,0.0
2025-11-10 00:00:00-05:00,17.235097653907914,18.00329125416223,17.028277383729773,17.638891220092773,5765900,0.0,0.0
2025-11-11 00:00:00-05:00,17.589647960134688,18.05253274069953,17.37297696961272,17.70783042907715,3087700,0.0,0.0
2025-11-12 00:00:00-05:00,18.091927964753594,18.466174950555207,17.540403520393966,17.786619186401367,3093500,0.0,0.0
2025-11-13 00:00:00-05:00,17.826015902603103,18.111625119320315,17.087368850383168,17.235097885131836,2461500,0.0,0.0
2025-11-14 00:00:00-05:00,16.762363807239602,16.97903292760433,16.3290236880336,16.496450424194336,2703900,0.0,0.0
2025-11-17 00:00:00-05:00,16.338872365074923,16.427510158471293,15.570679721036834,15.747954368591309,3068900,0.0,0.0
2025-11-18 00:00:00-05:00,15.560830981889161,15.994170160357124,15.462344335345488,15.491889953613281,2957600,0.0,0.0
2025-11-19 00:00:00-05:00,15.482041819175272,15.491889732298336,14.625211387743656,15.17673397064209,3809900,0.0,0.0
2025-11-20 00:00:00-05:00,15.304766460996143,15.501738814957571,14.644908370796657,14.772940635681152,4263200,0.0,0.0
2025-11-21 00:00:00-05:00,14.979762346843016,15.915381764111055,14.792638839084729,15.472193717956543,5321700,0.0,0.0
2025-11-24 00:00:00-05:00,15.491889953613281,15.826743424775843,15.176734187454764,15.491889953613281,8712400,0.0,0.0
2025-11-25 00:00:00-05:00,19.19497371953701,22.120015250392388,19.076791247964387,22.08062171936035,35526900,0.0,0.0
2025-11-26 00:00:00-05:00,21.982135070384675,24.532929602864275,21.903346129857283,23.735191345214844,18486100,0.0,0.0
2025-11-28 00:00:00-05:00,23.74503980220721,24.26701582008098,23.272304288437937,24.2177734375,5178800,0.0,0.0
2025-12-01 00:00:00-05:00,23.922315936074128,24.83823667112202,23.626855998353314,23.76473617553711,6617400,0.0,0.0
2025-12-02 00:00:00-05:00,23.991256129027402,24.513232161194654,23.488975923345986,24.335956573486328,4898200,0.0,0.0
2025-12-03 00:00:00-05:00,24.326109265996102,24.39504935394279,22.513961760783808,22.622295379638672,7085300,0.0,0.0
2025-12-04 00:00:00-05:00,22.326837025465974,22.70108401724793,21.706374363742167,22.23819923400879,4624700,0.0,0.0
2025-12-05 00:00:00-05:00,22.40562796538936,23.144275041171426,22.208654660456812,22.701086044311523,5500300,0.0,0.0
2025-12-08 00:00:00-05:00,22.59275110242122,22.760177838327333,21.578341834463423,22.35638427734375,4200300,0.0,0.0
2025-12-09 00:00:00-05:00,22.060925733732216,23.154124012588703,21.972287933907275,23.05563735961914,3367800,0.0,0.0
2025-12-10 00:00:00-05:00,22.91206462650181,24.1398500907234,22.872459618526026,23.39723777770996,4373800,0.125,0.0
2025-12-11 00:00:00-05:00,23.417040058797774,24.13984888751582,22.94176865541281,23.66457748413086,3180300,0.0,0.0
2025-12-12 00:00:00-05:00,23.753691966653104,23.971524228935543,22.902162588398653,23.04078483581543,2676100,0.0,0.0
2025-12-15 00:00:00-05:00,23.179404854183137,23.268518480298926,21.931815977122803,21.96152114868164,4476900,0.0,0.0
2025-12-16 00:00:00-05:00,22.18925620570484,22.89226352480781,21.6248711386925,22.72393798828125,5321200,0.0,0.0
2025-12-17 00:00:00-05:00,22.74373794094363,23.00117708970477,22.189254637452322,22.21895980834961,2853200,0.0,0.0
2025-12-18 00:00:00-05:00,22.43679360344635,23.179405929831983,22.347679973195213,22.44669532775879,3034300,0.0,0.0
2025-12-19 00:00:00-05:00,22.337776604428512,23.03088214678797,22.030830727582774,22.971473693847656,6653900,0.0,0.0
2025-12-22 00:00:00-05:00,22.97147454029738,22.981374375684993,21.29812096424022,21.62487030029297,4411100,0.0,0.0
2025-12-23 00:00:00-05:00,21.53575659809502,21.6248702247582,20.981273278849116,21.209007263183594,3126800,0.0,0.0
2025-12-24 00:00:00-05:00,21.090187693266426,21.42683873977639,21.04068096406935,21.38723373413086,1446000,0.0,0.0
2025-12-26 00:00:00-05:00,21.169399715081493,21.357528686523438,20.892159008283546,21.357528686523438,3294100,0.0,0.0
2025-12-29 00:00:00-05:00,20.892158872071104,21.387233717908995,20.298068679353506,20.664424896240234,3592700,0.0,0.0
2025-12-30 00:00:00-05:00,20.585213991089248,20.72383435028233,20.050532225240342,20.149547576904297,3322200,0.0,0.0
2025-12-31 00:00:00-05:00,20.14954730998342,20.406986465475104,19.971320057061426,20.208955764770508,2548500,0.0,0.0
2026-01-02 00:00:00-05:00,20.505999696263075,21.31792404915688,20.109940187876287,21.12979507446289,3876300,0.0,0.0
2026-01-05 00:00:00-05:00,21.189203939547976,21.704082254717285,20.803046147451365,21.179302215576172,3637300,0.0,0.0
2026-01-06 00:00:00-05:00,21.169401150122287,22.100142458256247,21.01097733876682,21.8922119140625,2921400,0.0,0.0
2026-01-07 00:00:00-05:00,21.89221197422498,21.941718707199314,20.3673804250372,20.446592330932617,2962500,0.0,0.0
2026-01-08 00:00:00-05:00,20.278265791399527,21.981324516719255,20.119841987448023,21.545658111572266,3126200,0.0,0.0
2026-01-09 00:00:00-05:00,21.555560754998247,22.080338919765556,20.14954801852444,20.337677001953125,4065200,0.0,0.0
2026-01-12 00:00:00-05:00,19.71388064155668,20.199053774467036,19.090087153117857,19.545555114746094,4927700,0.0,0.0
2026-01-13 00:00:00-05:00,19.644571656077964,20.466395892488368,19.565359749745426,20.27826690673828,3029900,0.0,0.0
2026-01-14 00:00:00-05:00,20.18915267903143,20.40698683142496,18.723731510932954,19.11979103088379,4280100,0.0,0.0
2026-01-15 00:00:00-05:00,19.070283889770508,19.19900252278139,18.654420930608133,19.070283889770508,3925800,0.0,0.0
2026-01-16 00:00:00-05:00,18.93166313849172,19.268312299789876,18.33757293941374,18.436588287353516,3300700,0.0,0.0
2026-01-20 00:00:00-05:00,18.060331042352257,18.159346394126796,17.495945992366366,17.842498779296875,3878900,0.0,0.0
2026-01-21 00:00:00-05:00,17.9019070728936,18.22865640879939,17.72367981902485,17.73358154296875,3060300,0.0,0.0
2026-01-22 00:00:00-05:00,18.020725285711464,18.248459263334155,17.53555027103957,17.575157165527344,4184900,0.0,0.0
2026-01-23 00:00:00-05:00,17.535550660702864,17.971217066946124,17.426635475562584,17.48604393005371,3115100,0.0,0.0
2026-01-26 00:00:00-05:00,17.357325845706853,17.74348364494252,17.159295139731203,17.505847930908203,2648300,0.0,0.0
2026-01-27 00:00:00-05:00,17.594961718747644,17.713778632558167,17.297915657099747,17.614765167236328,2688100,0.0,0.0
2026-01-28 00:00:00-05:00,17.80289087915257,17.872201054917713,16.73352929512883,17.050376892089844,3249400,0.0,0.0
2026-01-29 00:00:00-05:00,16.981067476837733,17.14939300633197,16.664219865686402,16.733530044555664,3353900,0.0,0.0
2026-01-30 00:00:00-05:00,16.713726033422997,17.58505882328373,16.703826198398808,17.297914505004883,4327000,0.0,0.0
2026-02-02 00:00:00-05:00,17.297914872439947,18.268263030200313,17.297914872439947,17.79298973083496,3831700,0.0,0.0
2026-02-03 00:00:00-05:00,17.57515696878127,18.189050606544825,17.327619546685757,17.911808013916016,3946700,0.0,0.0
2026-02-04 00:00:00-05:00,18.139542963450634,18.634617834237215,17.67417326479312,17.98111915588379,3453500,0.0,0.0
2026-02-05 00:00:00-05:00,17.981118517542694,18.1593457668684,17.139490889371665,17.545452117919922,3375800,0.0,0.0
2026-02-06 00:00:00-05:00,17.69397650536396,18.60491433247021,17.49594580394753,18.31777000427246,2868900,0.0,0.0
2026-02-09 00:00:00-05:00,18.03062535269423,18.288064504494102,17.258309785855307,17.377126693725586,2990800,0.0,0.0
2026-02-10 00:00:00-05:00,17.17909769902278,17.664270826138562,17.119689245728782,17.129589080810547,3923200,0.0,0.0
2026-02-11 00:00:00-05:00,17.347423774643115,18.713829575155625,17.347423774643115,18.595012664794922,5050800,0.0,0.0
2026-02-12 00:00:00-05:00,18.9811704748628,19.753487947205276,18.17914971918148,18.733633041381836,3794000,0.0,0.0
2026-02-13 00:00:00-05:00,18.99107196207322,19.902009781469207,18.327671573072223,19.65447235107422,3972400,0.0,0.0
2026-02-17 00:00:00-05:00,19.87230524455822,20.22875976004974,19.258413455168135,19.367328643798828,2713600,0.0,0.0
2026-02-18 00:00:00-05:00,19.377229504911647,19.723782280808685,19.00097344642046,19.12969207763672,2448300,0.0,0.0
2026-02-19 00:00:00-05:00,18.664322654464467,19.11979062049145,18.19895107602043,19.070283889770508,3464600,0.0,0.0
2026-02-20 00:00:00-05:00,18.75343647098302,20.010925196530934,17.852400365077948,18.595012664794922,5556600,0.0,0.0
2026-02-23 00:00:00-05:00,18.129640681458863,18.29796620788843,17.12958924661976,17.961315155029297,3225100,0.0,0.0
2026-02-24 00:00:00-05:00,17.63456642334372,18.15934646788784,17.436537607551028,17.535551071166992,2310300,0.0,0.0
2026-02-25 00:00:00-05:00,17.32761975337404,17.387028206588617,16.891953356492216,16.990968704223633,2537400,0.0,0.0
2026-02-26 00:00:00-05:00,17.198902412437434,17.67417385089878,17.050378435427547,17.278114318847656,3362600,0.0,0.0
2026-02-27 00:00:00-05:00,16.941462241524917,16.990968971890187,16.010720979884297,16.208751678466797,4710600,0.0,0.0
2026-03-02 00:00:00-05:00,15.753282199483365,15.981016186243284,15.208699654070877,15.32751750946045,5284200,0.0,0.0
2026-03-03 00:00:00-05:00,14.901753886157744,15.39682875982225,14.5750045450816,15.228503227233887,5677600,0.0,0.0
2026-03-04 00:00:00-05:00,15.674069844066382,15.91170554799539,15.129487314352142,15.139389038085938,4185500,0.0,0.0
2026-03-05 00:00:00-05:00,15.030472851138482,15.604759605530303,14.911654999638142,15.515645980834961,5287600,0.0,0.0
2026-03-06 00:00:00-05:00,15.278010441771361,15.44633596927311,14.723526184539663,14.971063613891602,5240500,0.0,0.0
2026-03-09 00:00:00-04:00,14.505692790468004,14.743329437156097,13.723474561832234,14.654215812683105,10800300,0.0,0.0
2026-03-10 00:00:00-04:00,14.238353486671647,16.77313725652195,14.1690433064954,14.436383247375488,19805000,0.0,0.0
2026-03-11 00:00:00-04:00,14.39677759421603,14.753231170885497,13.386825321512335,13.654165267944336,7961700,0.0,0.0
2026-03-12 00:00:00-04:00,13.406626923369757,13.842292376638403,12.901650348870843,13.139286994934082,8414600,0.0,0.0
2026-03-13 00:00:00-04:00,13.188794117489808,13.485839225707583,12.931355905029413,13.05017375946045,4481800,0.0,0.0
2026-03-16 00:00:00-04:00,13.208597536773937,13.29771116347439,12.802636298943314,12.911552429199219,4396300,0.0,0.0
2026-03-17 00:00:00-04:00,13.079877890048486,13.574952751981767,12.495689401882357,12.5649995803833,7171200,0.0,0.0
2026-03-18 00:00:00-04:00,12.6899995803833,12.720000267028809,11.920000076293945,12.029999732971191,8282000,0.125,0.0
2026-03-19 00:00:00-04:00,12.050000190734863,12.989999771118164,11.949999809265137,12.850000381469727,5784600,0.0,0.0
2026-03-20 00:00:00-04:00,12.6899995803833,12.949999809265137,12.350000381469727,12.430000305175781,10065900,0.0,0.0
2026-03-23 00:00:00-04:00,13.010000228881836,13.229999542236328,12.75,13.149999618530273,5775400,0.0,0.0
2026-03-24 00:00:00-04:00,12.880000114440918,13.149999618530273,12.34000015258789,12.350000381469727,5862700,0.0,0.0
2026-03-25 00:00:00-04:00,12.550000190734863,12.800000190734863,12.300000190734863,12.699999809265137,3498500,0.0,0.0
2026-03-26 00:00:00-04:00,12.59000015258789,13.069999694824219,12.430000305175781,12.920000076293945,3796700,0.0,0.0
2026-03-27 00:00:00-04:00,12.729999542236328,12.989999771118164,12.180000305175781,12.460000038146973,4802800,0.0,0.0
2026-03-30 00:00:00-04:00,12.329999923706055,12.6899995803833,12.130000114440918,12.199999809265137,3537600,0.0,0.0
2026-03-31 00:00:00-04:00,12.649999618530273,13.130000114440918,12.420000076293945,12.899999618530273,3262100,0.0,0.0
2026-04-01 00:00:00-04:00,13.010000228881836,13.15999984741211,12.829999923706055,12.880000114440918,3204100,0.0,0.0
2026-04-02 00:00:00-04:00,12.579999923706055,12.970000267028809,12.34000015258789,12.819999694824219,2808600,0.0,0.0
2026-04-06 00:00:00-04:00,12.979999542236328,13.329999923706055,12.850000381469727,13.329999923706055,3109200,0.0,0.0
2026-04-07 00:00:00-04:00,13.050000190734863,13.149999618530273,12.850000381469727,12.899999618530273,2821400,0.0,0.0
2026-04-08 00:00:00-04:00,13.800000190734863,13.9399995803833,13.34000015258789,13.510000228881836,4310400,0.0,0.0
2026-04-09 00:00:00-04:00,13.470000267028809,13.970000267028809,13.229999542236328,13.699999809265137,2992700,0.0,0.0
2026-04-10 00:00:00-04:00,13.920000076293945,14.020000457763672,13.199999809265137,13.279999732971191,3779700,0.0,0.0
2026-04-13 00:00:00-04:00,13.149999618530273,13.539999961853027,13.09000015258789,13.460000038146973,5392400,0.0,0.0
2026-04-14 00:00:00-04:00,13.5600004196167,14.039999961853027,13.510000228881836,13.619999885559082,5374800,0.0,0.0
2026-04-15 00:00:00-04:00,13.619999885559082,14.479999542236328,13.510000228881836,14.300000190734863,5412700,0.0,0.0
2026-04-16 00:00:00-04:00,14.140000343322754,14.649999618530273,14.0600004196167,14.329999923706055,3826400,0.0,0.0
2026-04-17 00:00:00-04:00,14.770000457763672,15.130000114440918,14.375,14.520000457763672,4412129,0.0,0.0
