Date,Open,High,Low,Close,Volume,Dividends,Stock Splits
2022-01-03 00:00:00-05:00,35.58000183105469,35.58000183105469,33.630001068115234,34.630001068115234,241100,0.0,0.0
2022-01-04 00:00:00-05:00,34.540000915527344,34.630001068115234,32.599998474121094,32.65999984741211,124000,0.0,0.0
2022-01-05 00:00:00-05:00,32.41999816894531,33.220001220703125,31.780000686645508,31.979999542236328,125300,0.0,0.0
2022-01-06 00:00:00-05:00,32.220001220703125,32.220001220703125,31.15999984741211,31.559999465942383,100700,0.0,0.0
2022-01-07 00:00:00-05:00,31.549999237060547,32.0,31.15999984741211,31.829999923706055,50000,0.0,0.0
2022-01-10 00:00:00-05:00,31.860000610351562,32.29999923706055,30.670000076293945,31.440000534057617,41400,0.0,0.0
2022-01-11 00:00:00-05:00,31.649999618530273,32.099998474121094,30.65999984741211,31.389999389648438,40400,0.0,0.0
2022-01-12 00:00:00-05:00,31.43000030517578,31.8700008392334,30.809999465942383,31.25,62300,0.0,0.0
2022-01-13 00:00:00-05:00,31.040000915527344,32.130001068115234,31.040000915527344,31.5,41200,0.0,0.0
2022-01-14 00:00:00-05:00,31.299999237060547,31.799999237060547,31.280000686645508,31.56999969482422,33800,0.0,0.0
2022-01-18 00:00:00-05:00,31.420000076293945,31.6200008392334,30.959999084472656,31.5,65300,0.0,0.0
2022-01-19 00:00:00-05:00,31.450000762939453,31.639999389648438,30.639999389648438,31.0,90800,0.0,0.0
2022-01-20 00:00:00-05:00,31.239999771118164,31.489999771118164,30.700000762939453,30.739999771118164,83700,0.0,0.0
2022-01-21 00:00:00-05:00,30.559999465942383,31.489999771118164,30.489999771118164,30.75,103300,0.0,0.0
2022-01-24 00:00:00-05:00,30.399999618530273,32.43000030517578,29.549999237060547,31.940000534057617,153900,0.0,0.0
2022-01-25 00:00:00-05:00,31.670000076293945,32.83000183105469,30.809999465942383,32.63999938964844,149300,0.0,0.0
2022-01-26 00:00:00-05:00,32.810001373291016,33.900001525878906,31.68000030517578,32.36000061035156,75200,0.0,0.0
2022-01-27 00:00:00-05:00,32.400001525878906,33.0099983215332,31.790000915527344,32.189998626708984,91200,0.0,0.0
2022-01-28 00:00:00-05:00,31.979999542236328,32.290000915527344,30.8799991607666,31.31999969482422,96100,0.0,0.0
2022-01-31 00:00:00-05:00,31.360000610351562,33.65999984741211,31.030000686645508,31.459999084472656,526300,0.0,0.0
2022-02-01 00:00:00-05:00,31.469999313354492,32.380001068115234,30.93000030517578,31.1200008392334,77700,0.0,0.0
2022-02-02 00:00:00-05:00,31.040000915527344,31.040000915527344,29.610000610351562,30.25,87800,0.0,0.0
2022-02-03 00:00:00-05:00,29.940000534057617,30.399999618530273,29.59000015258789,29.68000030517578,74900,0.0,0.0
2022-02-04 00:00:00-05:00,29.479999542236328,30.219999313354492,29.059999465942383,29.850000381469727,52300,0.0,0.0
2022-02-07 00:00:00-05:00,29.829999923706055,30.709999084472656,29.829999923706055,30.229999542236328,37000,0.0,0.0
2022-02-08 00:00:00-05:00,29.829999923706055,30.459999084472656,29.639999389648438,30.219999313354492,38500,0.0,0.0
2022-02-09 00:00:00-05:00,30.559999465942383,31.020000457763672,30.399999618530273,31.020000457763672,49300,0.0,0.0
2022-02-10 00:00:00-05:00,30.899999618530273,31.670000076293945,30.299999237060547,30.719999313354492,62500,0.0,0.0
2022-02-11 00:00:00-05:00,30.479999542236328,31.190000534057617,30.290000915527344,30.549999237060547,71300,0.0,0.0
2022-02-14 00:00:00-05:00,30.600000381469727,31.219999313354492,30.280000686645508,30.700000762939453,33100,0.0,0.0
2022-02-15 00:00:00-05:00,30.940000534057617,31.649999618530273,30.700000762939453,31.34000015258789,40900,0.0,0.0
2022-02-16 00:00:00-05:00,31.350000381469727,31.549999237060547,30.829999923706055,31.469999313354492,35700,0.0,0.0
2022-02-17 00:00:00-05:00,31.270000457763672,31.5,30.760000228881836,31.31999969482422,23900,0.0,0.0
2022-02-18 00:00:00-05:00,31.200000762939453,31.600000381469727,30.799999237060547,30.860000610351562,25200,0.0,0.0
2022-02-22 00:00:00-05:00,30.59000015258789,31.010000228881836,29.31999969482422,29.639999389648438,30100,0.0,0.0
2022-02-23 00:00:00-05:00,29.68000030517578,29.68000030517578,29.0,29.010000228881836,22900,0.0,0.0
2022-02-24 00:00:00-05:00,28.56999969482422,30.290000915527344,28.329999923706055,30.200000762939453,30400,0.0,0.0
2022-02-25 00:00:00-05:00,30.09000015258789,31.200000762939453,30.0,31.1200008392334,32400,0.0,0.0
2022-02-28 00:00:00-05:00,30.770000457763672,32.38999938964844,30.770000457763672,32.29999923706055,48700,0.0,0.0
2022-03-01 00:00:00-05:00,32.099998474121094,32.11000061035156,31.450000762939453,31.610000610351562,56900,0.0,0.0
2022-03-02 00:00:00-05:00,31.6299991607666,33.0,31.6299991607666,32.58000183105469,28900,0.0,0.0
2022-03-03 00:00:00-05:00,32.529998779296875,33.310001373291016,32.529998779296875,33.209999084472656,20100,0.0,0.0
2022-03-04 00:00:00-05:00,32.869998931884766,34.099998474121094,32.869998931884766,33.599998474121094,39100,0.0,0.0
2022-03-07 00:00:00-05:00,33.59000015258789,33.790000915527344,32.83000183105469,32.95000076293945,58900,0.0,0.0
2022-03-08 00:00:00-05:00,33.0,33.529998779296875,32.25,32.54999923706055,32400,0.0,0.0
2022-03-09 00:00:00-05:00,32.939998626708984,33.58000183105469,32.939998626708984,33.04999923706055,30300,0.0,0.0
2022-03-10 00:00:00-05:00,31.799999237060547,32.209999084472656,30.34000015258789,31.610000610351562,46400,0.0,0.0
2022-03-11 00:00:00-05:00,32.97999954223633,32.97999954223633,27.489999771118164,28.5,99800,0.0,0.0
2022-03-14 00:00:00-04:00,28.93000030517578,31.399999618530273,28.84000015258789,31.030000686645508,142300,0.0,0.0
2022-03-15 00:00:00-04:00,30.600000381469727,31.399999618530273,26.06999969482422,26.700000762939453,306500,0.0,0.0
2022-03-16 00:00:00-04:00,27.100000381469727,27.290000915527344,26.100000381469727,26.829999923706055,83300,0.0,0.0
2022-03-17 00:00:00-04:00,26.389999389648438,29.610000610351562,26.389999389648438,29.200000762939453,99700,0.0,0.0
2022-03-18 00:00:00-04:00,29.25,31.049999237060547,29.25,30.719999313354492,259900,0.0,0.0
2022-03-21 00:00:00-04:00,30.459999084472656,31.299999237060547,29.260000228881836,29.510000228881836,28400,0.0,0.0
2022-03-22 00:00:00-04:00,29.559999465942383,30.31999969482422,29.559999465942383,30.1299991607666,41700,0.0,0.0
2022-03-23 00:00:00-04:00,30.25,31.239999771118164,29.719999313354492,31.049999237060547,91200,0.0,0.0
2022-03-24 00:00:00-04:00,30.940000534057617,32.380001068115234,30.940000534057617,32.060001373291016,47700,0.0,0.0
2022-03-25 00:00:00-04:00,32.02000045776367,32.02000045776367,30.84000015258789,31.049999237060547,26700,0.0,0.0
2022-03-28 00:00:00-04:00,30.90999984741211,31.219999313354492,30.040000915527344,30.84000015258789,31100,0.0,0.0
2022-03-29 00:00:00-04:00,30.81999969482422,32.060001373291016,30.81999969482422,31.3700008392334,62700,0.0,0.0
2022-03-30 00:00:00-04:00,31.3700008392334,32.119998931884766,31.190000534057617,31.65999984741211,30700,0.0,0.0
2022-03-31 00:00:00-04:00,31.540000915527344,31.670000076293945,30.18000030517578,30.690000534057617,45800,0.0,0.0
2022-04-01 00:00:00-04:00,30.59000015258789,31.81999969482422,30.59000015258789,31.40999984741211,45800,0.0,0.0
2022-04-04 00:00:00-04:00,31.700000762939453,32.709999084472656,31.56999969482422,32.560001373291016,67900,0.0,0.0
2022-04-05 00:00:00-04:00,32.54999923706055,32.77000045776367,30.68000030517578,30.760000228881836,21100,0.0,0.0
2022-04-06 00:00:00-04:00,30.360000610351562,30.360000610351562,29.43000030517578,30.040000915527344,18100,0.0,0.0
2022-04-07 00:00:00-04:00,29.8799991607666,29.8799991607666,29.110000610351562,29.239999771118164,15900,0.0,0.0
2022-04-08 00:00:00-04:00,28.93000030517578,29.6200008392334,28.8700008392334,29.010000228881836,25300,0.0,0.0
2022-04-11 00:00:00-04:00,28.649999618530273,29.020000457763672,28.049999237060547,28.579999923706055,17600,0.0,0.0
2022-04-12 00:00:00-04:00,28.68000030517578,29.200000762939453,27.860000610351562,28.049999237060547,24000,0.0,0.0
2022-04-13 00:00:00-04:00,28.290000915527344,28.950000762939453,27.989999771118164,28.860000610351562,25300,0.0,0.0
2022-04-14 00:00:00-04:00,29.110000610351562,29.1200008392334,27.8799991607666,28.15999984741211,23300,0.0,0.0
2022-04-18 00:00:00-04:00,28.280000686645508,28.280000686645508,27.1200008392334,27.479999542236328,13000,0.0,0.0
2022-04-19 00:00:00-04:00,27.59000015258789,28.690000534057617,27.540000915527344,28.40999984741211,32000,0.0,0.0
2022-04-20 00:00:00-04:00,28.68000030517578,29.31999969482422,28.489999771118164,29.139999389648438,30700,0.0,0.0
2022-04-21 00:00:00-04:00,29.139999389648438,29.639999389648438,29.139999389648438,29.170000076293945,43300,0.0,0.0
2022-04-22 00:00:00-04:00,28.959999084472656,29.18000030517578,28.450000762939453,28.520000457763672,52200,0.0,0.0
2022-04-25 00:00:00-04:00,28.110000610351562,28.670000076293945,28.110000610351562,28.510000228881836,38300,0.0,0.0
2022-04-26 00:00:00-04:00,28.329999923706055,28.639999389648438,27.860000610351562,27.8700008392334,42000,0.0,0.0
2022-04-27 00:00:00-04:00,27.989999771118164,27.989999771118164,26.270000457763672,26.420000076293945,24000,0.0,0.0
2022-04-28 00:00:00-04:00,26.899999618530273,27.889999389648438,26.739999771118164,27.559999465942383,47800,0.0,0.0
2022-04-29 00:00:00-04:00,27.5,27.969999313354492,26.709999084472656,26.8799991607666,29900,0.0,0.0
2022-05-02 00:00:00-04:00,26.760000228881836,27.670000076293945,26.760000228881836,27.43000030517578,23200,0.0,0.0
2022-05-03 00:00:00-04:00,27.59000015258789,28.670000076293945,27.079999923706055,27.8799991607666,35900,0.0,0.0
2022-05-04 00:00:00-04:00,27.8799991607666,29.75,27.8799991607666,29.579999923706055,30600,0.0,0.0
2022-05-05 00:00:00-04:00,29.1299991607666,29.829999923706055,27.6299991607666,27.780000686645508,34300,0.0,0.0
2022-05-06 00:00:00-04:00,26.90999984741211,26.959999084472656,25.219999313354492,26.8799991607666,106000,0.0,0.0
2022-05-09 00:00:00-04:00,26.530000686645508,27.0,26.190000534057617,26.399999618530273,67000,0.0,0.0
2022-05-10 00:00:00-04:00,26.65999984741211,26.65999984741211,25.290000915527344,25.809999465942383,71600,0.0,0.0
2022-05-11 00:00:00-04:00,25.989999771118164,26.670000076293945,23.989999771118164,24.1299991607666,37700,0.0,0.0
2022-05-12 00:00:00-04:00,23.760000228881836,25.299999237060547,23.31999969482422,25.18000030517578,35000,0.0,0.0
2022-05-13 00:00:00-04:00,25.459999084472656,26.399999618530273,24.700000762939453,25.780000686645508,27900,0.0,0.0
2022-05-16 00:00:00-04:00,25.65999984741211,26.799999237060547,25.600000381469727,26.520000457763672,32900,0.0,0.0
2022-05-17 00:00:00-04:00,27.0,27.90999984741211,25.81999969482422,27.59000015258789,36700,0.0,0.0
2022-05-18 00:00:00-04:00,27.059999465942383,27.440000534057617,26.34000015258789,27.010000228881836,36600,0.0,0.0
2022-05-19 00:00:00-04:00,27.0,27.780000686645508,26.5,26.520000457763672,95800,0.0,0.0
2022-05-20 00:00:00-04:00,26.899999618530273,27.450000762939453,24.989999771118164,25.600000381469727,31600,0.0,0.0
2022-05-23 00:00:00-04:00,25.6200008392334,27.6200008392334,25.6200008392334,27.309999465942383,57200,0.0,0.0
2022-05-24 00:00:00-04:00,26.959999084472656,26.959999084472656,25.889999389648438,26.799999237060547,30100,0.0,0.0
2022-05-25 00:00:00-04:00,27.670000076293945,27.68000030517578,26.200000762939453,26.690000534057617,58800,0.0,0.0
2022-05-26 00:00:00-04:00,26.90999984741211,27.100000381469727,26.440000534057617,26.540000915527344,23000,0.0,0.0
2022-05-27 00:00:00-04:00,26.59000015258789,27.889999389648438,26.59000015258789,27.3700008392334,22700,0.0,0.0
2022-05-31 00:00:00-04:00,27.149999618530273,27.149999618530273,25.6200008392334,26.639999389648438,53400,0.0,0.0
2022-06-01 00:00:00-04:00,27.010000228881836,27.799999237060547,26.389999389648438,26.959999084472656,29000,0.0,0.0
2022-06-02 00:00:00-04:00,27.219999313354492,27.530000686645508,26.549999237060547,27.399999618530273,17500,0.0,0.0
2022-06-03 00:00:00-04:00,27.329999923706055,27.329999923706055,26.399999618530273,26.6200008392334,15400,0.0,0.0
2022-06-06 00:00:00-04:00,26.649999618530273,27.350000381469727,26.540000915527344,26.8700008392334,36100,0.0,0.0
2022-06-07 00:00:00-04:00,27.649999618530273,27.700000762939453,26.90999984741211,27.540000915527344,22300,0.0,0.0
2022-06-08 00:00:00-04:00,27.15999984741211,28.0,26.149999618530273,26.309999465942383,56700,0.0,0.0
2022-06-09 00:00:00-04:00,26.059999465942383,27.68000030517578,26.059999465942383,27.040000915527344,30400,0.0,0.0
2022-06-10 00:00:00-04:00,26.520000457763672,27.969999313354492,26.15999984741211,27.579999923706055,49800,0.0,0.0
2022-06-13 00:00:00-04:00,26.770000457763672,27.079999923706055,24.520000457763672,24.610000610351562,35000,0.0,0.0
2022-06-14 00:00:00-04:00,24.670000076293945,24.670000076293945,23.93000030517578,24.209999084472656,16700,0.0,0.0
2022-06-15 00:00:00-04:00,24.40999984741211,25.280000686645508,24.40999984741211,24.610000610351562,23500,0.0,0.0
2022-06-16 00:00:00-04:00,23.989999771118164,23.989999771118164,23.110000610351562,23.280000686645508,26500,0.0,0.0
2022-06-17 00:00:00-04:00,23.59000015258789,24.3700008392334,23.59000015258789,23.93000030517578,50000,0.0,0.0
2022-06-21 00:00:00-04:00,24.530000686645508,26.09000015258789,24.219999313354492,25.670000076293945,36500,0.0,0.0
2022-06-22 00:00:00-04:00,25.40999984741211,27.489999771118164,24.81999969482422,27.25,54200,0.0,0.0
2022-06-23 00:00:00-04:00,27.56999969482422,27.979999542236328,26.93000030517578,27.700000762939453,27900,0.0,0.0
2022-06-24 00:00:00-04:00,28.0,28.760000228881836,27.110000610351562,28.149999618530273,241800,0.0,0.0
2022-06-27 00:00:00-04:00,28.440000534057617,28.790000915527344,27.770000457763672,28.75,32200,0.0,0.0
2022-06-28 00:00:00-04:00,28.770000457763672,29.0,27.6200008392334,27.68000030517578,38700,0.0,0.0
2022-06-29 00:00:00-04:00,27.530000686645508,28.719999313354492,26.09000015258789,26.899999618530273,55300,0.0,0.0
2022-06-30 00:00:00-04:00,26.299999237060547,27.709999084472656,26.299999237060547,27.579999923706055,38800,0.0,0.0
2022-07-01 00:00:00-04:00,27.34000015258789,27.649999618530273,26.1200008392334,26.15999984741211,27900,0.0,0.0
2022-07-05 00:00:00-04:00,25.84000015258789,25.84000015258789,24.56999969482422,25.639999389648438,21200,0.0,0.0
2022-07-06 00:00:00-04:00,25.40999984741211,28.020000457763672,25.40999984741211,27.649999618530273,38300,0.0,0.0
2022-07-07 00:00:00-04:00,27.670000076293945,29.0,26.969999313354492,28.530000686645508,51600,0.0,0.0
2022-07-08 00:00:00-04:00,28.43000030517578,28.90999984741211,27.190000534057617,28.110000610351562,76200,0.0,0.0
2022-07-11 00:00:00-04:00,27.450000762939453,27.950000762939453,27.18000030517578,27.549999237060547,42500,0.0,0.0
2022-07-12 00:00:00-04:00,27.209999084472656,27.90999984741211,25.690000534057617,25.690000534057617,35800,0.0,0.0
2022-07-13 00:00:00-04:00,25.530000686645508,26.299999237060547,25.520000457763672,25.81999969482422,43800,0.0,0.0
2022-07-14 00:00:00-04:00,25.190000534057617,26.200000762939453,24.68000030517578,25.709999084472656,32900,0.0,0.0
2022-07-15 00:00:00-04:00,26.200000762939453,26.899999618530273,25.399999618530273,25.649999618530273,23100,0.0,0.0
2022-07-18 00:00:00-04:00,25.709999084472656,25.760000228881836,24.829999923706055,25.049999237060547,23400,0.0,0.0
2022-07-19 00:00:00-04:00,25.139999389648438,26.219999313354492,25.139999389648438,26.06999969482422,21500,0.0,0.0
2022-07-20 00:00:00-04:00,25.940000534057617,26.040000915527344,25.489999771118164,25.8700008392334,28700,0.0,0.0
2022-07-21 00:00:00-04:00,25.6299991607666,25.719999313354492,25.479999542236328,25.579999923706055,11400,0.0,0.0
2022-07-22 00:00:00-04:00,25.549999237060547,25.549999237060547,24.25,24.420000076293945,41900,0.0,0.0
2022-07-25 00:00:00-04:00,24.59000015258789,25.190000534057617,24.360000610351562,24.709999084472656,30000,0.0,0.0
2022-07-26 00:00:00-04:00,24.399999618530273,24.8700008392334,23.5,24.270000457763672,31100,0.0,0.0
2022-07-27 00:00:00-04:00,24.190000534057617,25.8799991607666,23.950000762939453,25.709999084472656,58600,0.0,0.0
2022-07-28 00:00:00-04:00,25.440000534057617,26.229999542236328,25.0,26.1200008392334,34600,0.0,0.0
2022-07-29 00:00:00-04:00,26.110000610351562,27.329999923706055,25.950000762939453,27.209999084472656,27600,0.0,0.0
2022-08-01 00:00:00-04:00,26.940000534057617,27.989999771118164,26.940000534057617,27.510000228881836,29300,0.0,0.0
2022-08-02 00:00:00-04:00,27.489999771118164,27.979999542236328,27.139999389648438,27.93000030517578,40800,0.0,0.0
2022-08-03 00:00:00-04:00,27.90999984741211,28.709999084472656,27.90999984741211,28.530000686645508,28000,0.0,0.0
2022-08-04 00:00:00-04:00,28.780000686645508,29.709999084472656,28.0,29.389999389648438,51800,0.0,0.0
2022-08-05 00:00:00-04:00,26.559999465942383,27.790000915527344,26.559999465942383,27.5,36500,0.0,0.0
2022-08-08 00:00:00-04:00,27.709999084472656,28.690000534057617,27.549999237060547,28.030000686645508,48600,0.0,0.0
2022-08-09 00:00:00-04:00,28.15999984741211,28.190000534057617,27.09000015258789,27.5,46300,0.0,0.0
2022-08-10 00:00:00-04:00,28.209999084472656,28.209999084472656,27.34000015258789,27.889999389648438,62400,0.0,0.0
2022-08-11 00:00:00-04:00,28.200000762939453,28.520000457763672,27.729999542236328,28.100000381469727,26600,0.0,0.0
2022-08-12 00:00:00-04:00,28.459999084472656,28.75,27.719999313354492,28.600000381469727,57000,0.0,0.0
2022-08-15 00:00:00-04:00,28.389999389648438,28.6200008392334,27.489999771118164,28.229999542236328,25900,0.0,0.0
2022-08-16 00:00:00-04:00,28.389999389648438,28.489999771118164,27.719999313354492,28.0,47700,0.0,0.0
2022-08-17 00:00:00-04:00,27.700000762939453,28.40999984741211,27.700000762939453,28.239999771118164,30700,0.0,0.0
2022-08-18 00:00:00-04:00,27.8799991607666,28.5,27.8799991607666,28.3700008392334,28400,0.0,0.0
2022-08-19 00:00:00-04:00,28.049999237060547,28.100000381469727,27.600000381469727,27.649999618530273,34300,0.0,0.0
2022-08-22 00:00:00-04:00,26.940000534057617,27.459999084472656,26.450000762939453,26.540000915527344,36300,0.0,0.0
2022-08-23 00:00:00-04:00,26.399999618530273,27.110000610351562,26.350000381469727,26.520000457763672,27900,0.0,0.0
2022-08-24 00:00:00-04:00,26.5,27.0,26.3799991607666,26.709999084472656,44200,0.0,0.0
2022-08-25 00:00:00-04:00,26.93000030517578,27.40999984741211,26.920000076293945,27.020000457763672,18300,0.0,0.0
2022-08-26 00:00:00-04:00,27.030000686645508,27.200000762939453,25.389999389648438,25.450000762939453,24600,0.0,0.0
2022-08-29 00:00:00-04:00,25.15999984741211,25.219999313354492,24.670000076293945,24.700000762939453,18000,0.0,0.0
2022-08-30 00:00:00-04:00,24.110000610351562,24.18000030517578,23.540000915527344,23.559999465942383,21300,0.0,0.0
2022-08-31 00:00:00-04:00,23.729999542236328,24.209999084472656,22.600000381469727,22.760000228881836,41300,0.0,0.0
2022-09-01 00:00:00-04:00,22.639999389648438,22.639999389648438,21.729999542236328,22.399999618530273,60800,0.0,0.0
2022-09-02 00:00:00-04:00,22.59000015258789,22.8700008392334,21.420000076293945,21.649999618530273,16600,0.0,0.0
2022-09-06 00:00:00-04:00,21.649999618530273,22.030000686645508,21.06999969482422,21.190000534057617,19300,0.0,0.0
2022-09-07 00:00:00-04:00,21.110000610351562,21.399999618530273,20.639999389648438,21.260000228881836,44800,0.0,0.0
2022-09-08 00:00:00-04:00,21.030000686645508,21.649999618530273,19.950000762939453,20.229999542236328,30400,0.0,0.0
2022-09-09 00:00:00-04:00,20.540000915527344,21.010000228881836,19.959999084472656,20.760000228881836,74700,0.0,0.0
2022-09-12 00:00:00-04:00,20.760000228881836,21.139999389648438,19.8799991607666,20.899999618530273,61900,0.0,0.0
2022-09-13 00:00:00-04:00,20.06999969482422,20.350000381469727,18.65999984741211,19.15999984741211,54500,0.0,0.0
2022-09-14 00:00:00-04:00,19.100000381469727,19.389999389648438,17.829999923706055,18.149999618530273,46400,0.0,0.0
2022-09-15 00:00:00-04:00,18.079999923706055,18.139999389648438,17.100000381469727,17.790000915527344,61400,0.0,0.0
2022-09-16 00:00:00-04:00,17.56999969482422,18.200000762939453,17.09000015258789,17.969999313354492,245200,0.0,0.0
2022-09-19 00:00:00-04:00,17.950000762939453,18.31999969482422,17.600000381469727,18.040000915527344,58900,0.0,0.0
2022-09-20 00:00:00-04:00,17.979999542236328,18.1200008392334,17.149999618530273,17.600000381469727,61800,0.0,0.0
2022-09-21 00:00:00-04:00,17.610000610351562,17.790000915527344,17.100000381469727,17.3799991607666,54200,0.0,0.0
2022-09-22 00:00:00-04:00,17.18000030517578,17.389999389648438,16.59000015258789,16.979999542236328,105300,0.0,0.0
2022-09-23 00:00:00-04:00,16.6200008392334,17.100000381469727,16.399999618530273,16.520000457763672,37400,0.0,0.0
2022-09-26 00:00:00-04:00,16.56999969482422,16.579999923706055,15.859999656677246,16.020000457763672,64300,0.0,0.0
2022-09-27 00:00:00-04:00,16.229999542236328,16.43000030517578,15.460000038146973,15.6899995803833,42500,0.0,0.0
2022-09-28 00:00:00-04:00,15.770000457763672,15.899999618530273,15.460000038146973,15.569999694824219,64500,0.0,0.0
2022-09-29 00:00:00-04:00,15.34000015258789,15.899999618530273,14.300000190734863,14.899999618530273,75400,0.0,0.0
2022-09-30 00:00:00-04:00,14.75,15.350000381469727,14.75,14.8100004196167,43400,0.0,0.0
2022-10-03 00:00:00-04:00,14.829999923706055,15.359999656677246,14.649999618530273,15.069999694824219,105600,0.0,0.0
2022-10-04 00:00:00-04:00,15.40999984741211,16.510000228881836,15.170000076293945,15.229999542236328,97000,0.0,0.0
2022-10-05 00:00:00-04:00,14.979999542236328,15.010000228881836,14.319999694824219,14.550000190734863,49700,0.0,0.0
2022-10-06 00:00:00-04:00,14.539999961853027,14.640000343322754,13.949999809265137,14.199999809265137,59500,0.0,0.0
2022-10-07 00:00:00-04:00,13.930000305175781,14.25,13.170000076293945,13.34000015258789,72600,0.0,0.0
2022-10-10 00:00:00-04:00,13.359999656677246,13.899999618530273,13.149999618530273,13.350000381469727,66800,0.0,0.0
2022-10-11 00:00:00-04:00,13.270000457763672,13.869999885559082,13.130000114440918,13.210000038146973,72800,0.0,0.0
2022-10-12 00:00:00-04:00,13.289999961853027,13.720000267028809,12.369999885559082,12.760000228881836,119000,0.0,0.0
2022-10-13 00:00:00-04:00,12.350000381469727,12.350000381469727,11.600000381469727,11.630000114440918,57600,0.0,0.0
2022-10-14 00:00:00-04:00,11.649999618530273,11.729999542236328,10.979999542236328,11.59000015258789,86100,0.0,0.0
2022-10-17 00:00:00-04:00,11.899999618530273,12.550000190734863,11.6899995803833,12.5,87300,0.0,0.0
2022-10-18 00:00:00-04:00,12.789999961853027,13.09000015258789,12.300000190734863,12.399999618530273,65400,0.0,0.0
2022-10-19 00:00:00-04:00,12.180000305175781,12.470000267028809,11.609999656677246,12.350000381469727,68700,0.0,0.0
2022-10-20 00:00:00-04:00,12.279999732971191,13.239999771118164,12.100000381469727,12.75,85100,0.0,0.0
2022-10-21 00:00:00-04:00,12.829999923706055,13.260000228881836,12.670000076293945,13.109999656677246,33800,0.0,0.0
2022-10-24 00:00:00-04:00,13.149999618530273,13.149999618530273,12.720000267028809,12.8100004196167,39200,0.0,0.0
2022-10-25 00:00:00-04:00,12.8100004196167,13.859999656677246,12.8100004196167,13.680000305175781,31600,0.0,0.0
2022-10-26 00:00:00-04:00,13.609999656677246,14.199999809265137,13.479999542236328,13.680000305175781,31100,0.0,0.0
2022-10-27 00:00:00-04:00,13.729999542236328,14.050000190734863,13.600000381469727,13.649999618530273,16100,0.0,0.0
2022-10-28 00:00:00-04:00,13.710000038146973,14.369999885559082,13.619999885559082,14.260000228881836,28600,0.0,0.0
2022-10-31 00:00:00-04:00,14.15999984741211,14.359999656677246,13.760000228881836,13.819999694824219,72000,0.0,0.0
2022-11-01 00:00:00-04:00,13.859999656677246,14.09000015258789,13.640000343322754,13.949999809265137,27800,0.0,0.0
2022-11-02 00:00:00-04:00,13.850000381469727,13.930000305175781,13.069999694824219,13.130000114440918,38100,0.0,0.0
2022-11-03 00:00:00-04:00,12.869999885559082,13.390000343322754,12.770000457763672,12.970000267028809,26200,0.0,0.0
2022-11-04 00:00:00-04:00,12.779999732971191,16.780000686645508,12.770000457763672,16.770000457763672,100400,0.0,0.0
2022-11-07 00:00:00-05:00,16.68000030517578,17.100000381469727,15.920000076293945,16.479999542236328,52400,0.0,0.0
2022-11-08 00:00:00-05:00,16.540000915527344,17.510000228881836,16.18000030517578,16.5,38700,0.0,0.0
2022-11-09 00:00:00-05:00,16.350000381469727,16.530000686645508,15.90999984741211,15.960000038146973,28400,0.0,0.0
2022-11-10 00:00:00-05:00,16.729999542236328,17.290000915527344,16.139999389648438,16.3799991607666,72900,0.0,0.0
2022-11-11 00:00:00-05:00,16.489999771118164,16.649999618530273,15.720000267028809,16.18000030517578,41600,0.0,0.0
2022-11-14 00:00:00-05:00,15.989999771118164,16.690000534057617,15.649999618530273,16.389999389648438,64600,0.0,0.0
2022-11-15 00:00:00-05:00,16.68000030517578,17.899999618530273,16.469999313354492,17.170000076293945,63100,0.0,0.0
2022-11-16 00:00:00-05:00,16.969999313354492,16.969999313354492,15.539999961853027,16.700000762939453,36100,0.0,0.0
2022-11-17 00:00:00-05:00,16.440000534057617,16.440000534057617,15.800000190734863,16.309999465942383,33900,0.0,0.0
2022-11-18 00:00:00-05:00,16.600000381469727,16.81999969482422,15.869999885559082,16.270000457763672,31600,0.0,0.0
2022-11-21 00:00:00-05:00,16.110000610351562,16.549999237060547,15.930000305175781,16.1299991607666,27800,0.0,0.0
2022-11-22 00:00:00-05:00,16.34000015258789,16.520000457763672,16.06999969482422,16.309999465942383,24100,0.0,0.0
2022-11-23 00:00:00-05:00,16.309999465942383,16.450000762939453,15.5,16.280000686645508,18500,0.0,0.0
2022-11-25 00:00:00-05:00,16.170000076293945,16.450000762939453,16.1299991607666,16.270000457763672,13100,0.0,0.0
2022-11-28 00:00:00-05:00,16.15999984741211,17.1299991607666,16.15999984741211,16.829999923706055,34200,0.0,0.0
2022-11-29 00:00:00-05:00,16.6299991607666,17.43000030517578,16.6299991607666,17.209999084472656,54500,0.0,0.0
2022-11-30 00:00:00-05:00,17.309999465942383,18.200000762939453,16.90999984741211,17.540000915527344,290700,0.0,0.0
2022-12-01 00:00:00-05:00,17.520000457763672,17.6299991607666,15.960000038146973,16.09000015258789,32800,0.0,0.0
2022-12-02 00:00:00-05:00,15.949999809265137,15.970000267028809,15.510000228881836,15.829999923706055,22600,0.0,0.0
2022-12-05 00:00:00-05:00,15.5600004196167,16.020000457763672,15.5600004196167,15.880000114440918,25300,0.0,0.0
2022-12-06 00:00:00-05:00,15.699999809265137,16.06999969482422,15.4399995803833,15.720000267028809,42700,0.0,0.0
2022-12-07 00:00:00-05:00,15.550000190734863,15.550000190734863,15.039999961853027,15.100000381469727,29800,0.0,0.0
2022-12-08 00:00:00-05:00,15.119999885559082,15.84000015258789,14.9399995803833,15.229999542236328,39800,0.0,0.0
2022-12-09 00:00:00-05:00,15.010000228881836,15.170000076293945,14.510000228881836,14.760000228881836,20800,0.0,0.0
2022-12-12 00:00:00-05:00,14.539999961853027,15.4399995803833,14.520000457763672,15.300000190734863,80000,0.0,0.0
2022-12-13 00:00:00-05:00,15.520000457763672,16.639999389648438,15.520000457763672,16.280000686645508,123900,0.0,0.0
2022-12-14 00:00:00-05:00,16.260000228881836,16.90999984741211,16.229999542236328,16.649999618530273,89300,0.0,0.0
2022-12-15 00:00:00-05:00,16.780000686645508,17.469999313354492,16.600000381469727,17.350000381469727,48500,0.0,0.0
2022-12-16 00:00:00-05:00,16.8700008392334,18.989999771118164,16.8700008392334,18.399999618530273,154300,0.0,0.0
2022-12-19 00:00:00-05:00,18.280000686645508,18.280000686645508,17.270000457763672,17.700000762939453,49100,0.0,0.0
2022-12-20 00:00:00-05:00,17.700000762939453,18.209999084472656,17.65999984741211,17.93000030517578,37800,0.0,0.0
2022-12-21 00:00:00-05:00,18.149999618530273,18.68000030517578,16.829999923706055,18.170000076293945,93300,0.0,0.0
2022-12-22 00:00:00-05:00,17.850000381469727,18.229999542236328,17.530000686645508,17.84000015258789,45300,0.0,0.0
2022-12-23 00:00:00-05:00,17.84000015258789,17.84000015258789,16.950000762939453,17.09000015258789,9600,0.0,0.0
2022-12-27 00:00:00-05:00,17.25,18.030000686645508,17.219999313354492,17.90999984741211,51700,0.0,0.0
2022-12-28 00:00:00-05:00,17.809999465942383,17.8700008392334,17.489999771118164,17.799999237060547,35600,0.0,0.0
2022-12-29 00:00:00-05:00,17.920000076293945,18.270000457763672,17.809999465942383,17.829999923706055,16900,0.0,0.0
2022-12-30 00:00:00-05:00,17.65999984741211,18.100000381469727,17.350000381469727,17.850000381469727,17100,0.0,0.0
2023-01-03 00:00:00-05:00,18.030000686645508,18.030000686645508,17.31999969482422,17.84000015258789,24500,0.0,0.0
2023-01-04 00:00:00-05:00,17.8700008392334,18.299999237060547,17.8700008392334,18.059999465942383,17300,0.0,0.0
2023-01-05 00:00:00-05:00,17.899999618530273,18.299999237060547,17.790000915527344,17.940000534057617,20200,0.0,0.0
2023-01-06 00:00:00-05:00,18.239999771118164,18.420000076293945,18.0,18.1200008392334,23700,0.0,0.0
2023-01-09 00:00:00-05:00,18.31999969482422,18.5,17.809999465942383,17.860000610351562,20800,0.0,0.0
2023-01-10 00:00:00-05:00,17.709999084472656,18.3700008392334,17.049999237060547,18.18000030517578,35400,0.0,0.0
2023-01-11 00:00:00-05:00,18.059999465942383,18.540000915527344,18.059999465942383,18.399999618530273,41700,0.0,0.0
2023-01-12 00:00:00-05:00,18.399999618530273,18.809999465942383,17.860000610351562,18.5,16700,0.0,0.0
2023-01-13 00:00:00-05:00,18.479999542236328,19.3700008392334,18.479999542236328,19.31999969482422,16300,0.0,0.0
2023-01-17 00:00:00-05:00,18.950000762939453,19.31999969482422,18.649999618530273,18.780000686645508,30400,0.0,0.0
2023-01-18 00:00:00-05:00,18.719999313354492,19.329999923706055,17.809999465942383,17.860000610351562,40600,0.0,0.0
2023-01-19 00:00:00-05:00,17.850000381469727,17.989999771118164,17.0,17.270000457763672,33200,0.0,0.0
2023-01-20 00:00:00-05:00,17.3700008392334,17.889999389648438,16.950000762939453,17.3799991607666,56700,0.0,0.0
2023-01-23 00:00:00-05:00,17.3799991607666,18.020000457763672,17.18000030517578,17.440000534057617,44500,0.0,0.0
2023-01-24 00:00:00-05:00,17.329999923706055,18.690000534057617,17.040000915527344,18.540000915527344,62000,0.0,0.0
2023-01-25 00:00:00-05:00,18.5,18.90999984741211,17.3799991607666,18.100000381469727,97400,0.0,0.0
2023-01-26 00:00:00-05:00,18.0,19.18000030517578,17.770000457763672,18.989999771118164,98400,0.0,0.0
2023-01-27 00:00:00-05:00,19.0,19.59000015258789,18.8700008392334,18.959999084472656,64500,0.0,0.0
2023-01-30 00:00:00-05:00,18.8700008392334,19.110000610351562,18.200000762939453,18.729999542236328,88400,0.0,0.0
2023-01-31 00:00:00-05:00,18.950000762939453,19.34000015258789,17.280000686645508,19.040000915527344,504100,0.0,0.0
2023-02-01 00:00:00-05:00,19.049999237060547,21.059999465942383,19.049999237060547,20.81999969482422,53200,0.0,0.0
2023-02-02 00:00:00-05:00,20.8700008392334,22.079999923706055,20.8700008392334,21.450000762939453,40400,0.0,0.0
2023-02-03 00:00:00-05:00,21.329999923706055,21.739999771118164,21.06999969482422,21.1200008392334,31200,0.0,0.0
2023-02-06 00:00:00-05:00,21.059999465942383,21.149999618530273,20.170000076293945,20.209999084472656,36500,0.0,0.0
2023-02-07 00:00:00-05:00,20.280000686645508,20.280000686645508,19.010000228881836,19.40999984741211,52200,0.0,0.0
2023-02-08 00:00:00-05:00,19.270000457763672,19.540000915527344,18.959999084472656,19.09000015258789,35100,0.0,0.0
2023-02-09 00:00:00-05:00,19.1200008392334,19.6299991607666,18.649999618530273,18.790000915527344,26100,0.0,0.0
2023-02-10 00:00:00-05:00,18.610000610351562,19.649999618530273,18.59000015258789,19.440000534057617,40500,0.0,0.0
2023-02-13 00:00:00-05:00,19.540000915527344,20.270000457763672,19.09000015258789,19.729999542236328,28500,0.0,0.0
2023-02-14 00:00:00-05:00,19.68000030517578,20.559999465942383,19.18000030517578,19.329999923706055,38900,0.0,0.0
2023-02-15 00:00:00-05:00,19.34000015258789,20.09000015258789,19.239999771118164,20.09000015258789,30100,0.0,0.0
2023-02-16 00:00:00-05:00,19.690000534057617,20.510000228881836,19.690000534057617,19.969999313354492,30300,0.0,0.0
2023-02-17 00:00:00-05:00,20.139999389648438,20.139999389648438,19.360000610351562,19.6200008392334,24300,0.0,0.0
2023-02-21 00:00:00-05:00,19.360000610351562,20.59000015258789,19.360000610351562,19.739999771118164,34100,0.0,0.0
2023-02-22 00:00:00-05:00,20.079999923706055,20.139999389648438,19.489999771118164,19.6200008392334,28500,0.0,0.0
2023-02-23 00:00:00-05:00,19.920000076293945,20.219999313354492,19.030000686645508,19.15999984741211,21800,0.0,0.0
2023-02-24 00:00:00-05:00,18.709999084472656,19.06999969482422,17.899999618530273,17.969999313354492,29100,0.0,0.0
2023-02-27 00:00:00-05:00,18.329999923706055,18.700000762939453,17.549999237060547,17.75,27200,0.0,0.0
2023-02-28 00:00:00-05:00,17.799999237060547,18.40999984741211,17.770000457763672,18.059999465942383,23400,0.0,0.0
2023-03-01 00:00:00-05:00,17.940000534057617,19.209999084472656,17.8799991607666,18.079999923706055,17700,0.0,0.0
2023-03-02 00:00:00-05:00,18.059999465942383,18.270000457763672,17.530000686645508,17.639999389648438,11700,0.0,0.0
2023-03-03 00:00:00-05:00,17.739999771118164,18.010000228881836,17.170000076293945,17.639999389648438,156300,0.0,0.0
2023-03-06 00:00:00-05:00,17.489999771118164,18.190000534057617,17.450000762939453,17.610000610351562,70400,0.0,0.0
2023-03-07 00:00:00-05:00,17.770000457763672,17.940000534057617,17.489999771118164,17.829999923706055,34400,0.0,0.0
2023-03-08 00:00:00-05:00,17.940000534057617,18.360000610351562,17.15999984741211,17.229999542236328,31600,0.0,0.0
2023-03-09 00:00:00-05:00,17.469999313354492,17.770000457763672,16.799999237060547,17.049999237060547,77600,0.0,0.0
2023-03-10 00:00:00-05:00,17.0,17.18000030517578,14.5,15.630000114440918,99000,0.0,0.0
2023-03-13 00:00:00-04:00,15.5,17.040000915527344,15.109999656677246,16.649999618530273,82300,0.0,0.0
2023-03-14 00:00:00-04:00,16.829999923706055,18.18000030517578,16.829999923706055,17.059999465942383,53400,0.0,0.0
2023-03-15 00:00:00-04:00,16.530000686645508,17.020000457763672,16.219999313354492,16.700000762939453,35800,0.0,0.0
2023-03-16 00:00:00-04:00,16.360000610351562,17.18000030517578,16.290000915527344,16.940000534057617,29100,0.0,0.0
2023-03-17 00:00:00-04:00,16.780000686645508,17.219999313354492,15.989999771118164,16.190000534057617,115300,0.0,0.0
2023-03-20 00:00:00-04:00,16.450000762939453,17.15999984741211,15.760000228881836,16.010000228881836,68600,0.0,0.0
2023-03-21 00:00:00-04:00,16.200000762939453,16.399999618530273,16.020000457763672,16.229999542236328,43200,0.0,0.0
2023-03-22 00:00:00-04:00,16.610000610351562,16.719999313354492,15.510000228881836,15.579999923706055,57400,0.0,0.0
2023-03-23 00:00:00-04:00,15.59000015258789,15.760000228881836,14.4399995803833,14.569999694824219,47300,0.0,0.0
2023-03-24 00:00:00-04:00,14.529999732971191,15.010000228881836,14.079999923706055,14.5600004196167,39900,0.0,0.0
2023-03-27 00:00:00-04:00,14.569999694824219,15.260000228881836,14.239999771118164,14.970000267028809,49900,0.0,0.0
2023-03-28 00:00:00-04:00,15.170000076293945,15.539999961853027,14.859999656677246,15.270000457763672,18000,0.0,0.0
2023-03-29 00:00:00-04:00,15.539999961853027,15.930000305175781,15.0,15.390000343322754,19000,0.0,0.0
2023-03-30 00:00:00-04:00,15.3100004196167,15.510000228881836,14.59000015258789,14.890000343322754,44200,0.0,0.0
2023-03-31 00:00:00-04:00,15.199999809265137,15.630000114440918,14.989999771118164,15.619999885559082,26600,0.0,0.0
2023-04-03 00:00:00-04:00,15.069999694824219,15.989999771118164,14.800000190734863,15.050000190734863,27200,0.0,0.0
2023-04-04 00:00:00-04:00,14.539999961853027,15.399999618530273,14.100000381469727,14.270000457763672,28900,0.0,0.0
2023-04-05 00:00:00-04:00,14.270000457763672,14.5,13.979999542236328,14.359999656677246,27000,0.0,0.0
2023-04-06 00:00:00-04:00,14.380000114440918,15.270000457763672,14.380000114440918,15.050000190734863,37100,0.0,0.0
2023-04-10 00:00:00-04:00,15.220000267028809,15.930000305175781,15.09000015258789,15.510000228881836,41400,0.0,0.0
2023-04-11 00:00:00-04:00,15.670000076293945,16.329999923706055,15.670000076293945,16.010000228881836,32300,0.0,0.0
2023-04-12 00:00:00-04:00,16.209999084472656,16.360000610351562,15.350000381469727,15.369999885559082,44800,0.0,0.0
2023-04-13 00:00:00-04:00,15.460000038146973,15.859999656677246,14.9399995803833,15.329999923706055,44400,0.0,0.0
2023-04-14 00:00:00-04:00,15.399999618530273,15.4399995803833,15.079999923706055,15.319999694824219,40300,0.0,0.0
2023-04-17 00:00:00-04:00,15.359999656677246,15.649999618530273,15.1899995803833,15.640000343322754,47800,0.0,0.0
2023-04-18 00:00:00-04:00,15.529999732971191,15.829999923706055,15.210000038146973,15.260000228881836,14600,0.0,0.0
2023-04-19 00:00:00-04:00,14.859999656677246,15.670000076293945,14.630000114440918,15.579999923706055,34200,0.0,0.0
2023-04-20 00:00:00-04:00,15.539999961853027,16.270000457763672,15.029999732971191,15.630000114440918,21200,0.0,0.0
2023-04-21 00:00:00-04:00,15.529999732971191,15.890000343322754,14.869999885559082,14.930000305175781,52600,0.0,0.0
2023-04-24 00:00:00-04:00,14.8100004196167,15.5,14.739999771118164,15.260000228881836,45900,0.0,0.0
2023-04-25 00:00:00-04:00,15.170000076293945,15.350000381469727,14.430000305175781,14.680000305175781,13500,0.0,0.0
2023-04-26 00:00:00-04:00,14.399999618530273,14.569999694824219,13.899999618530273,14.079999923706055,33000,0.0,0.0
2023-04-27 00:00:00-04:00,14.25,14.399999618530273,13.859999656677246,14.380000114440918,13500,0.0,0.0
2023-04-28 00:00:00-04:00,14.449999809265137,15.029999732971191,14.09000015258789,14.649999618530273,23500,0.0,0.0
2023-05-01 00:00:00-04:00,14.479999542236328,14.739999771118164,13.9399995803833,14.180000305175781,22700,0.0,0.0
2023-05-02 00:00:00-04:00,14.239999771118164,14.770000457763672,14.0,14.34000015258789,32100,0.0,0.0
2023-05-03 00:00:00-04:00,14.430000305175781,15.15999984741211,14.289999961853027,14.670000076293945,22200,0.0,0.0
2023-05-04 00:00:00-04:00,14.210000038146973,14.399999618530273,14.100000381469727,14.350000381469727,27400,0.0,0.0
2023-05-05 00:00:00-04:00,17.100000381469727,17.100000381469727,14.800000190734863,15.890000343322754,82100,0.0,0.0
2023-05-08 00:00:00-04:00,15.989999771118164,17.1200008392334,15.529999732971191,16.959999084472656,66900,0.0,0.0
2023-05-09 00:00:00-04:00,16.75,17.43000030517578,15.420000076293945,17.239999771118164,50400,0.0,0.0
2023-05-10 00:00:00-04:00,17.6200008392334,17.75,15.880000114440918,17.350000381469727,48700,0.0,0.0
2023-05-11 00:00:00-04:00,17.040000915527344,17.8799991607666,17.040000915527344,17.729999542236328,35300,0.0,0.0
2023-05-12 00:00:00-04:00,17.940000534057617,18.1200008392334,17.15999984741211,17.510000228881836,19400,0.0,0.0
2023-05-15 00:00:00-04:00,17.450000762939453,18.5,17.450000762939453,18.25,28500,0.0,0.0
2023-05-16 00:00:00-04:00,18.100000381469727,18.459999084472656,17.790000915527344,17.940000534057617,20700,0.0,0.0
2023-05-17 00:00:00-04:00,17.90999984741211,18.219999313354492,17.459999084472656,17.959999084472656,27900,0.0,0.0
2023-05-18 00:00:00-04:00,18.09000015258789,18.09000015258789,17.270000457763672,17.5,19000,0.0,0.0
2023-05-19 00:00:00-04:00,17.690000534057617,17.770000457763672,16.889999389648438,16.979999542236328,35300,0.0,0.0
2023-05-22 00:00:00-04:00,17.030000686645508,18.139999389648438,16.90999984741211,17.8799991607666,63500,0.0,0.0
2023-05-23 00:00:00-04:00,18.049999237060547,18.40999984741211,17.860000610351562,18.09000015258789,63800,0.0,0.0
2023-05-24 00:00:00-04:00,17.989999771118164,18.34000015258789,17.579999923706055,17.81999969482422,26900,0.0,0.0
2023-05-25 00:00:00-04:00,17.75,17.940000534057617,16.649999618530273,17.020000457763672,16800,0.0,0.0
2023-05-26 00:00:00-04:00,17.100000381469727,17.1299991607666,16.690000534057617,16.950000762939453,21000,0.0,0.0
2023-05-30 00:00:00-04:00,17.209999084472656,17.520000457763672,16.600000381469727,17.010000228881836,22800,0.0,0.0
2023-05-31 00:00:00-04:00,16.969999313354492,17.170000076293945,16.469999313354492,16.65999984741211,12500,0.0,0.0
2023-06-01 00:00:00-04:00,16.65999984741211,16.65999984741211,15.869999885559082,16.200000762939453,22200,0.0,0.0
2023-06-02 00:00:00-04:00,16.5,17.559999465942383,16.0,17.469999313354492,29400,0.0,0.0
2023-06-05 00:00:00-04:00,17.31999969482422,18.75,16.3799991607666,18.31999969482422,29200,0.0,0.0
2023-06-06 00:00:00-04:00,18.510000228881836,20.209999084472656,18.43000030517578,19.920000076293945,31600,0.0,0.0
2023-06-07 00:00:00-04:00,20.040000915527344,20.299999237060547,19.389999389648438,19.530000686645508,45100,0.0,0.0
2023-06-08 00:00:00-04:00,19.540000915527344,19.780000686645508,18.690000534057617,18.920000076293945,32200,0.0,0.0
2023-06-09 00:00:00-04:00,18.690000534057617,19.200000762939453,18.299999237060547,18.829999923706055,21200,0.0,0.0
2023-06-12 00:00:00-04:00,18.729999542236328,19.600000381469727,18.729999542236328,18.920000076293945,19100,0.0,0.0
2023-06-13 00:00:00-04:00,18.81999969482422,19.540000915527344,18.81999969482422,18.959999084472656,43100,0.0,0.0
2023-06-14 00:00:00-04:00,18.81999969482422,19.059999465942383,17.780000686645508,18.010000228881836,57000,0.0,0.0
2023-06-15 00:00:00-04:00,18.299999237060547,18.829999923706055,18.110000610351562,18.729999542236328,22600,0.0,0.0
2023-06-16 00:00:00-04:00,18.979999542236328,19.3799991607666,18.18000030517578,18.299999237060547,35400,0.0,0.0
2023-06-20 00:00:00-04:00,18.399999618530273,18.520000457763672,17.510000228881836,17.59000015258789,27900,0.0,0.0
2023-06-21 00:00:00-04:00,17.40999984741211,18.25,17.40999984741211,18.059999465942383,12700,0.0,0.0
2023-06-22 00:00:00-04:00,17.850000381469727,17.860000610351562,17.479999542236328,17.579999923706055,14300,0.0,0.0
2023-06-23 00:00:00-04:00,17.219999313354492,17.8700008392334,17.200000762939453,17.59000015258789,160700,0.0,0.0
2023-06-26 00:00:00-04:00,17.329999923706055,18.459999084472656,17.329999923706055,18.06999969482422,57500,0.0,0.0
2023-06-27 00:00:00-04:00,18.040000915527344,18.329999923706055,17.540000915527344,17.799999237060547,111400,0.0,0.0
2023-06-28 00:00:00-04:00,17.860000610351562,18.780000686645508,17.5,18.639999389648438,74600,0.0,0.0
2023-06-29 00:00:00-04:00,18.579999923706055,19.399999618530273,18.540000915527344,18.790000915527344,18800,0.0,0.0
2023-06-30 00:00:00-04:00,18.860000610351562,19.3799991607666,18.850000381469727,19.15999984741211,21200,0.0,0.0
2023-07-03 00:00:00-04:00,18.93000030517578,19.200000762939453,18.110000610351562,18.65999984741211,18300,0.0,0.0
2023-07-05 00:00:00-04:00,18.639999389648438,18.75,18.170000076293945,18.299999237060547,15400,0.0,0.0
2023-07-06 00:00:00-04:00,18.149999618530273,18.219999313354492,17.270000457763672,17.799999237060547,14700,0.0,0.0
2023-07-07 00:00:00-04:00,17.950000762939453,19.540000915527344,17.479999542236328,19.079999923706055,81900,0.0,0.0
2023-07-10 00:00:00-04:00,18.84000015258789,19.260000228881836,18.530000686645508,18.760000228881836,26600,0.0,0.0
2023-07-11 00:00:00-04:00,18.799999237060547,19.1200008392334,18.530000686645508,19.040000915527344,23600,0.0,0.0
2023-07-12 00:00:00-04:00,19.219999313354492,19.649999618530273,17.979999542236328,19.520000457763672,21100,0.0,0.0
2023-07-13 00:00:00-04:00,19.59000015258789,19.81999969482422,19.40999984741211,19.719999313354492,13400,0.0,0.0
2023-07-14 00:00:00-04:00,19.530000686645508,19.84000015258789,18.760000228881836,19.020000457763672,12400,0.0,0.0
2023-07-17 00:00:00-04:00,19.1200008392334,19.75,18.829999923706055,19.270000457763672,12000,0.0,0.0
2023-07-18 00:00:00-04:00,19.18000030517578,19.399999618530273,19.0,19.190000534057617,14900,0.0,0.0
2023-07-19 00:00:00-04:00,19.110000610351562,19.489999771118164,19.100000381469727,19.360000610351562,10600,0.0,0.0
2023-07-20 00:00:00-04:00,19.229999542236328,19.489999771118164,18.950000762939453,19.399999618530273,11500,0.0,0.0
2023-07-21 00:00:00-04:00,19.459999084472656,19.799999237060547,19.3799991607666,19.65999984741211,16000,0.0,0.0
2023-07-24 00:00:00-04:00,19.549999237060547,19.610000610351562,19.020000457763672,19.139999389648438,20300,0.0,0.0
2023-07-25 00:00:00-04:00,19.15999984741211,19.469999313354492,18.950000762939453,19.239999771118164,10300,0.0,0.0
2023-07-26 00:00:00-04:00,19.200000762939453,20.299999237060547,19.190000534057617,19.809999465942383,27300,0.0,0.0
2023-07-27 00:00:00-04:00,19.829999923706055,19.829999923706055,19.1200008392334,19.200000762939453,13400,0.0,0.0
2023-07-28 00:00:00-04:00,19.459999084472656,19.829999923706055,18.920000076293945,19.68000030517578,11600,0.0,0.0
2023-07-31 00:00:00-04:00,19.610000610351562,20.489999771118164,19.059999465942383,20.18000030517578,21800,0.0,0.0
2023-08-01 00:00:00-04:00,20.200000762939453,20.940000534057617,20.030000686645508,20.360000610351562,24500,0.0,0.0
2023-08-02 00:00:00-04:00,20.290000915527344,20.729999542236328,19.770000457763672,19.860000610351562,23700,0.0,0.0
2023-08-03 00:00:00-04:00,20.219999313354492,21.1299991607666,19.350000381469727,20.25,433000,0.0,0.0
2023-08-04 00:00:00-04:00,20.739999771118164,25.059999465942383,20.719999313354492,24.479999542236328,98100,0.0,0.0
2023-08-07 00:00:00-04:00,24.450000762939453,25.3799991607666,23.190000534057617,24.3799991607666,94100,0.0,0.0
2023-08-08 00:00:00-04:00,23.979999542236328,24.420000076293945,23.25,24.34000015258789,73200,0.0,0.0
2023-08-09 00:00:00-04:00,24.209999084472656,24.440000534057617,23.829999923706055,23.979999542236328,29700,0.0,0.0
2023-08-10 00:00:00-04:00,24.510000228881836,24.6200008392334,23.68000030517578,24.0,26100,0.0,0.0
2023-08-11 00:00:00-04:00,24.020000457763672,24.25,23.0,23.229999542236328,100600,0.0,0.0
2023-08-14 00:00:00-04:00,23.219999313354492,24.100000381469727,22.6299991607666,23.399999618530273,122000,0.0,0.0
2023-08-15 00:00:00-04:00,23.15999984741211,23.3700008392334,22.760000228881836,23.0,17300,0.0,0.0
2023-08-16 00:00:00-04:00,23.020000457763672,23.600000381469727,22.5,22.5,22000,0.0,0.0
2023-08-17 00:00:00-04:00,22.600000381469727,22.84000015258789,22.170000076293945,22.389999389648438,20100,0.0,0.0
2023-08-18 00:00:00-04:00,22.049999237060547,22.510000228881836,21.850000381469727,21.989999771118164,106700,0.0,0.0
2023-08-21 00:00:00-04:00,22.079999923706055,22.950000762939453,21.850000381469727,22.950000762939453,61400,0.0,0.0
2023-08-22 00:00:00-04:00,22.850000381469727,23.079999923706055,22.399999618530273,22.989999771118164,30300,0.0,0.0
2023-08-23 00:00:00-04:00,22.799999237060547,24.219999313354492,22.649999618530273,23.93000030517578,40600,0.0,0.0
2023-08-24 00:00:00-04:00,23.670000076293945,24.979999542236328,23.670000076293945,23.969999313354492,72300,0.0,0.0
2023-08-25 00:00:00-04:00,24.100000381469727,24.770000457763672,23.219999313354492,23.969999313354492,27200,0.0,0.0
2023-08-28 00:00:00-04:00,23.969999313354492,24.799999237060547,22.989999771118164,24.399999618530273,43900,0.0,0.0
2023-08-29 00:00:00-04:00,24.31999969482422,24.8700008392334,23.81999969482422,24.06999969482422,33800,0.0,0.0
2023-08-30 00:00:00-04:00,24.079999923706055,24.799999237060547,23.549999237060547,24.510000228881836,31900,0.0,0.0
2023-08-31 00:00:00-04:00,24.40999984741211,25.219999313354492,24.040000915527344,24.139999389648438,43600,0.0,0.0
2023-09-01 00:00:00-04:00,24.40999984741211,24.690000534057617,23.450000762939453,24.399999618530273,43800,0.0,0.0
2023-09-05 00:00:00-04:00,24.309999465942383,24.309999465942383,23.030000686645508,23.31999969482422,46100,0.0,0.0
2023-09-06 00:00:00-04:00,23.280000686645508,23.299999237060547,21.149999618530273,21.469999313354492,75000,0.0,0.0
2023-09-07 00:00:00-04:00,21.309999465942383,21.510000228881836,20.719999313354492,20.850000381469727,50400,0.0,0.0
2023-09-08 00:00:00-04:00,21.079999923706055,21.8700008392334,20.690000534057617,21.3700008392334,24600,0.0,0.0
2023-09-11 00:00:00-04:00,21.739999771118164,21.739999771118164,20.850000381469727,21.030000686645508,16700,0.0,0.0
2023-09-12 00:00:00-04:00,20.850000381469727,20.850000381469727,20.030000686645508,20.149999618530273,32700,0.0,0.0
2023-09-13 00:00:00-04:00,20.260000228881836,21.149999618530273,20.170000076293945,21.079999923706055,45000,0.0,0.0
2023-09-14 00:00:00-04:00,21.31999969482422,21.530000686645508,20.940000534057617,21.239999771118164,27900,0.0,0.0
2023-09-15 00:00:00-04:00,21.25,21.40999984741211,20.559999465942383,20.690000534057617,63100,0.0,0.0
2023-09-18 00:00:00-04:00,21.290000915527344,21.290000915527344,20.200000762939453,20.360000610351562,22000,0.0,0.0
2023-09-19 00:00:00-04:00,20.139999389648438,20.6200008392334,20.110000610351562,20.559999465942383,19400,0.0,0.0
2023-09-20 00:00:00-04:00,20.3799991607666,21.209999084472656,20.3799991607666,20.649999618530273,17000,0.0,0.0
2023-09-21 00:00:00-04:00,20.510000228881836,20.670000076293945,20.0,20.389999389648438,16100,0.0,0.0
2023-09-22 00:00:00-04:00,20.56999969482422,20.700000762939453,20.100000381469727,20.510000228881836,27700,0.0,0.0
2023-09-25 00:00:00-04:00,20.860000610351562,21.649999618530273,20.469999313354492,20.899999618530273,41900,0.0,0.0
2023-09-26 00:00:00-04:00,20.559999465942383,21.040000915527344,19.229999542236328,19.530000686645508,48200,0.0,0.0
2023-09-27 00:00:00-04:00,20.09000015258789,20.850000381469727,19.850000381469727,19.950000762939453,19300,0.0,0.0
2023-09-28 00:00:00-04:00,19.920000076293945,20.0,19.559999465942383,19.899999618530273,13200,0.0,0.0
2023-09-29 00:00:00-04:00,19.3700008392334,20.889999389648438,19.3700008392334,20.43000030517578,45000,0.0,0.0
2023-10-02 00:00:00-04:00,20.030000686645508,20.309999465942383,19.920000076293945,20.190000534057617,21500,0.0,0.0
2023-10-03 00:00:00-04:00,19.959999084472656,20.309999465942383,19.75,19.75,9100,0.0,0.0
2023-10-04 00:00:00-04:00,19.75,19.850000381469727,19.0,19.299999237060547,47700,0.0,0.0
2023-10-05 00:00:00-04:00,19.68000030517578,19.68000030517578,19.110000610351562,19.280000686645508,35600,0.0,0.0
2023-10-06 00:00:00-04:00,19.93000030517578,19.950000762939453,19.229999542236328,19.760000228881836,22300,0.0,0.0
2023-10-09 00:00:00-04:00,19.479999542236328,21.1200008392334,19.479999542236328,20.459999084472656,16000,0.0,0.0
2023-10-10 00:00:00-04:00,20.399999618530273,21.149999618530273,20.020000457763672,20.540000915527344,42100,0.0,0.0
2023-10-11 00:00:00-04:00,20.5,21.079999923706055,20.350000381469727,20.579999923706055,30700,0.0,0.0
2023-10-12 00:00:00-04:00,20.649999618530273,20.899999618530273,20.059999465942383,20.139999389648438,28400,0.0,0.0
2023-10-13 00:00:00-04:00,20.030000686645508,20.579999923706055,19.40999984741211,19.59000015258789,32700,0.0,0.0
2023-10-16 00:00:00-04:00,19.739999771118164,20.649999618530273,19.540000915527344,19.799999237060547,38400,0.0,0.0
2023-10-17 00:00:00-04:00,19.770000457763672,20.540000915527344,19.770000457763672,20.270000457763672,20800,0.0,0.0
2023-10-18 00:00:00-04:00,19.899999618530273,19.90999984741211,19.25,19.350000381469727,24700,0.0,0.0
2023-10-19 00:00:00-04:00,19.549999237060547,19.75,19.010000228881836,19.100000381469727,17100,0.0,0.0
2023-10-20 00:00:00-04:00,19.100000381469727,19.1200008392334,18.469999313354492,18.600000381469727,22500,0.0,0.0
2023-10-23 00:00:00-04:00,18.170000076293945,18.93000030517578,18.06999969482422,18.209999084472656,25200,0.0,0.0
2023-10-24 00:00:00-04:00,18.200000762939453,18.450000762939453,17.90999984741211,18.200000762939453,22300,0.0,0.0
2023-10-25 00:00:00-04:00,18.200000762939453,18.200000762939453,17.6299991607666,17.690000534057617,21900,0.0,0.0
2023-10-26 00:00:00-04:00,17.899999618530273,18.1200008392334,17.600000381469727,17.8799991607666,9100,0.0,0.0
2023-10-27 00:00:00-04:00,18.040000915527344,18.040000915527344,17.09000015258789,17.18000030517578,14100,0.0,0.0
2023-10-30 00:00:00-04:00,17.5,17.940000534057617,17.18000030517578,17.920000076293945,15000,0.0,0.0
2023-10-31 00:00:00-04:00,17.399999618530273,17.639999389648438,17.399999618530273,17.639999389648438,12200,0.0,0.0
2023-11-01 00:00:00-04:00,17.350000381469727,17.600000381469727,17.170000076293945,17.270000457763672,33700,0.0,0.0
2023-11-02 00:00:00-04:00,17.399999618530273,17.760000228881836,17.1299991607666,17.399999618530273,25000,0.0,0.0
2023-11-03 00:00:00-04:00,17.520000457763672,19.65999984741211,17.270000457763672,19.350000381469727,51700,0.0,0.0
2023-11-06 00:00:00-05:00,19.479999542236328,19.479999542236328,18.700000762939453,18.979999542236328,15900,0.0,0.0
2023-11-07 00:00:00-05:00,19.6200008392334,19.6200008392334,18.5,18.959999084472656,20000,0.0,0.0
2023-11-08 00:00:00-05:00,19.309999465942383,19.889999389648438,18.040000915527344,19.100000381469727,26100,0.0,0.0
2023-11-09 00:00:00-05:00,19.18000030517578,19.360000610351562,18.450000762939453,18.600000381469727,22800,0.0,0.0
2023-11-10 00:00:00-05:00,18.90999984741211,19.149999618530273,18.40999984741211,19.0,15700,0.0,0.0
2023-11-13 00:00:00-05:00,18.34000015258789,19.15999984741211,18.100000381469727,18.790000915527344,17200,0.0,0.0
2023-11-14 00:00:00-05:00,19.040000915527344,21.239999771118164,18.8799991607666,21.0,45900,0.0,0.0
2023-11-15 00:00:00-05:00,20.770000457763672,21.600000381469727,20.510000228881836,21.010000228881836,31400,0.0,0.0
2023-11-16 00:00:00-05:00,21.190000534057617,21.190000534057617,19.920000076293945,20.3700008392334,23700,0.0,0.0
2023-11-17 00:00:00-05:00,20.729999542236328,21.510000228881836,20.670000076293945,20.90999984741211,33800,0.0,0.0
2023-11-20 00:00:00-05:00,20.90999984741211,20.90999984741211,19.93000030517578,20.219999313354492,18000,0.0,0.0
2023-11-21 00:00:00-05:00,20.0,20.15999984741211,19.40999984741211,19.850000381469727,25600,0.0,0.0
2023-11-22 00:00:00-05:00,20.110000610351562,20.229999542236328,20.020000457763672,20.15999984741211,7100,0.0,0.0
2023-11-24 00:00:00-05:00,20.0,20.3799991607666,19.93000030517578,20.260000228881836,5300,0.0,0.0
2023-11-27 00:00:00-05:00,20.399999618530273,20.399999618530273,19.729999542236328,19.959999084472656,34700,0.0,0.0
2023-11-28 00:00:00-05:00,19.760000228881836,19.899999618530273,19.290000915527344,19.399999618530273,9700,0.0,0.0
2023-11-29 00:00:00-05:00,19.610000610351562,20.1200008392334,19.5,19.6200008392334,17700,0.0,0.0
2023-11-30 00:00:00-05:00,19.969999313354492,20.239999771118164,19.610000610351562,20.0,35800,0.0,0.0
2023-12-01 00:00:00-05:00,20.0,20.93000030517578,19.969999313354492,20.75,17100,0.0,0.0
2023-12-04 00:00:00-05:00,20.540000915527344,21.0,20.510000228881836,20.889999389648438,17600,0.0,0.0
2023-12-05 00:00:00-05:00,20.860000610351562,21.0,20.450000762939453,20.780000686645508,15100,0.0,0.0
2023-12-06 00:00:00-05:00,20.829999923706055,20.969999313354492,20.209999084472656,20.389999389648438,32600,0.0,0.0
2023-12-07 00:00:00-05:00,20.31999969482422,20.899999618530273,19.700000762939453,20.799999237060547,16000,0.0,0.0
2023-12-08 00:00:00-05:00,20.75,21.0,20.350000381469727,20.950000762939453,9900,0.0,0.0
2023-12-11 00:00:00-05:00,20.760000228881836,21.0,20.239999771118164,20.530000686645508,24800,0.0,0.0
2023-12-12 00:00:00-05:00,20.360000610351562,20.549999237060547,19.329999923706055,20.040000915527344,33300,0.0,0.0
2023-12-13 00:00:00-05:00,20.149999618530273,20.790000915527344,19.3799991607666,20.75,38100,0.0,0.0
2023-12-14 00:00:00-05:00,20.989999771118164,21.520000457763672,20.790000915527344,21.079999923706055,44000,0.0,0.0
2023-12-15 00:00:00-05:00,21.40999984741211,21.40999984741211,19.549999237060547,20.100000381469727,90700,0.0,0.0
2023-12-18 00:00:00-05:00,20.100000381469727,20.8700008392334,19.979999542236328,20.15999984741211,41100,0.0,0.0
2023-12-19 00:00:00-05:00,20.309999465942383,21.329999923706055,19.850000381469727,20.950000762939453,37400,0.0,0.0
2023-12-20 00:00:00-05:00,20.75,21.93000030517578,20.59000015258789,20.739999771118164,48800,0.0,0.0
2023-12-21 00:00:00-05:00,21.440000534057617,21.68000030517578,21.010000228881836,21.170000076293945,43300,0.0,0.0
2023-12-22 00:00:00-05:00,21.579999923706055,22.360000610351562,21.399999618530273,21.690000534057617,30700,0.0,0.0
2023-12-26 00:00:00-05:00,21.479999542236328,22.200000762939453,21.309999465942383,22.1299991607666,17000,0.0,0.0
2023-12-27 00:00:00-05:00,22.260000228881836,23.0,22.15999984741211,22.739999771118164,28800,0.0,0.0
2023-12-28 00:00:00-05:00,22.450000762939453,23.010000228881836,22.040000915527344,22.149999618530273,25900,0.0,0.0
2023-12-29 00:00:00-05:00,22.149999618530273,22.149999618530273,21.420000076293945,21.5,15400,0.0,0.0
2024-01-02 00:00:00-05:00,21.399999618530273,21.829999923706055,20.8799991607666,21.34000015258789,25700,0.0,0.0
2024-01-03 00:00:00-05:00,20.579999923706055,21.34000015258789,20.0,20.149999618530273,29600,0.0,0.0
2024-01-04 00:00:00-05:00,20.110000610351562,20.25,19.770000457763672,19.979999542236328,29100,0.0,0.0
2024-01-05 00:00:00-05:00,19.729999542236328,20.030000686645508,19.5,19.68000030517578,52600,0.0,0.0
2024-01-08 00:00:00-05:00,19.479999542236328,20.239999771118164,19.059999465942383,19.93000030517578,32500,0.0,0.0
2024-01-09 00:00:00-05:00,19.450000762939453,19.8700008392334,19.3799991607666,19.420000076293945,23700,0.0,0.0
2024-01-10 00:00:00-05:00,19.239999771118164,19.639999389648438,19.200000762939453,19.399999618530273,52800,0.0,0.0
2024-01-11 00:00:00-05:00,19.280000686645508,19.8799991607666,18.329999923706055,18.5,70200,0.0,0.0
2024-01-12 00:00:00-05:00,18.81999969482422,18.81999969482422,17.450000762939453,17.940000534057617,70800,0.0,0.0
2024-01-16 00:00:00-05:00,17.989999771118164,18.229999542236328,17.229999542236328,17.920000076293945,62800,0.0,0.0
2024-01-17 00:00:00-05:00,17.5,18.520000457763672,17.5,18.280000686645508,51600,0.0,0.0
2024-01-18 00:00:00-05:00,18.299999237060547,19.31999969482422,18.149999618530273,18.989999771118164,45100,0.0,0.0
2024-01-19 00:00:00-05:00,19.09000015258789,19.09000015258789,18.5,18.700000762939453,23300,0.0,0.0
2024-01-22 00:00:00-05:00,18.719999313354492,19.700000762939453,18.489999771118164,19.65999984741211,39800,0.0,0.0
2024-01-23 00:00:00-05:00,19.889999389648438,19.90999984741211,19.43000030517578,19.81999969482422,18000,0.0,0.0
2024-01-24 00:00:00-05:00,20.010000228881836,20.010000228881836,19.290000915527344,19.709999084472656,20900,0.0,0.0
2024-01-25 00:00:00-05:00,20.1200008392334,20.299999237060547,19.770000457763672,20.290000915527344,29000,0.0,0.0
2024-01-26 00:00:00-05:00,20.489999771118164,20.489999771118164,19.56999969482422,19.700000762939453,16100,0.0,0.0
2024-01-29 00:00:00-05:00,19.59000015258789,20.260000228881836,19.56999969482422,20.260000228881836,13500,0.0,0.0
2024-01-30 00:00:00-05:00,20.059999465942383,20.059999465942383,19.3700008392334,19.450000762939453,22400,0.0,0.0
2024-01-31 00:00:00-05:00,19.549999237060547,19.829999923706055,19.030000686645508,19.139999389648438,36400,0.0,0.0
2024-02-01 00:00:00-05:00,19.139999389648438,19.59000015258789,18.780000686645508,19.479999542236328,27000,0.0,0.0
2024-02-02 00:00:00-05:00,19.09000015258789,19.610000610351562,18.3700008392334,19.1200008392334,21100,0.0,0.0
2024-02-05 00:00:00-05:00,18.780000686645508,19.049999237060547,18.549999237060547,18.850000381469727,21400,0.0,0.0
2024-02-06 00:00:00-05:00,18.829999923706055,19.549999237060547,18.829999923706055,19.549999237060547,27000,0.0,0.0
2024-02-07 00:00:00-05:00,19.479999542236328,19.8799991607666,18.780000686645508,19.170000076293945,94800,0.0,0.0
2024-02-08 00:00:00-05:00,19.299999237060547,19.920000076293945,18.920000076293945,19.639999389648438,19100,0.0,0.0
2024-02-09 00:00:00-05:00,19.600000381469727,19.65999984741211,18.940000534057617,19.65999984741211,26700,0.0,0.0
2024-02-12 00:00:00-05:00,20.270000457763672,20.760000228881836,20.0,20.56999969482422,28300,0.0,0.0
2024-02-13 00:00:00-05:00,19.739999771118164,20.420000076293945,19.3799991607666,19.450000762939453,72400,0.0,0.0
2024-02-14 00:00:00-05:00,19.920000076293945,21.40999984741211,19.6200008392334,21.389999389648438,46600,0.0,0.0
2024-02-15 00:00:00-05:00,21.5,21.989999771118164,21.030000686645508,21.90999984741211,23500,0.0,0.0
2024-02-16 00:00:00-05:00,21.639999389648438,21.899999618530273,21.030000686645508,21.260000228881836,44000,0.0,0.0
2024-02-20 00:00:00-05:00,20.850000381469727,21.030000686645508,20.649999618530273,20.829999923706055,16000,0.0,0.0
2024-02-21 00:00:00-05:00,20.670000076293945,21.0,20.399999618530273,20.700000762939453,16300,0.0,0.0
2024-02-22 00:00:00-05:00,20.610000610351562,20.84000015258789,20.479999542236328,20.690000534057617,13900,0.0,0.0
2024-02-23 00:00:00-05:00,20.559999465942383,20.75,20.420000076293945,20.420000076293945,13300,0.0,0.0
2024-02-26 00:00:00-05:00,20.190000534057617,21.190000534057617,20.190000534057617,20.93000030517578,13400,0.0,0.0
2024-02-27 00:00:00-05:00,20.989999771118164,21.520000457763672,20.190000534057617,20.5,27600,0.0,0.0
2024-02-28 00:00:00-05:00,20.25,20.68000030517578,20.059999465942383,20.18000030517578,15500,0.0,0.0
2024-02-29 00:00:00-05:00,20.600000381469727,20.959999084472656,20.34000015258789,20.8799991607666,16600,0.0,0.0
2024-03-01 00:00:00-05:00,20.530000686645508,20.84000015258789,20.229999542236328,20.25,13200,0.0,0.0
2024-03-04 00:00:00-05:00,20.299999237060547,20.600000381469727,20.170000076293945,20.190000534057617,15100,0.0,0.0
2024-03-05 00:00:00-05:00,20.309999465942383,20.40999984741211,19.799999237060547,20.280000686645508,11600,0.0,0.0
2024-03-06 00:00:00-05:00,20.459999084472656,20.459999084472656,19.8700008392334,19.90999984741211,13100,0.0,0.0
2024-03-07 00:00:00-05:00,20.06999969482422,20.110000610351562,19.700000762939453,19.850000381469727,18700,0.0,0.0
2024-03-08 00:00:00-05:00,24.350000381469727,26.600000381469727,23.829999923706055,24.68000030517578,245500,0.0,0.0
2024-03-11 00:00:00-04:00,24.420000076293945,25.479999542236328,24.209999084472656,25.059999465942383,160800,0.0,0.0
2024-03-12 00:00:00-04:00,25.299999237060547,26.25,24.770000457763672,26.139999389648438,59500,0.0,0.0
2024-03-13 00:00:00-04:00,25.979999542236328,27.0,25.610000610351562,26.899999618530273,86900,0.0,0.0
2024-03-14 00:00:00-04:00,27.0,27.950000762939453,26.579999923706055,27.56999969482422,60400,0.0,0.0
2024-03-15 00:00:00-04:00,27.309999465942383,28.0,27.049999237060547,27.68000030517578,111300,0.0,0.0
2024-03-18 00:00:00-04:00,27.799999237060547,28.530000686645508,27.309999465942383,27.389999389648438,92100,0.0,0.0
2024-03-19 00:00:00-04:00,27.43000030517578,28.149999618530273,27.389999389648438,27.520000457763672,51100,0.0,0.0
2024-03-20 00:00:00-04:00,27.639999389648438,27.940000534057617,27.329999923706055,27.549999237060547,86300,0.0,0.0
2024-03-21 00:00:00-04:00,27.6200008392334,28.25,27.6200008392334,28.139999389648438,63100,0.0,0.0
2024-03-22 00:00:00-04:00,28.329999923706055,28.600000381469727,27.31999969482422,27.700000762939453,35800,0.0,0.0
2024-03-25 00:00:00-04:00,28.1200008392334,30.25,27.8799991607666,30.100000381469727,103100,0.0,0.0
2024-03-26 00:00:00-04:00,30.100000381469727,30.459999084472656,29.270000457763672,29.280000686645508,79700,0.0,0.0
2024-03-27 00:00:00-04:00,29.600000381469727,29.809999465942383,28.979999542236328,29.200000762939453,90500,0.0,0.0
2024-03-28 00:00:00-04:00,29.200000762939453,29.5,28.700000762939453,28.989999771118164,148200,0.0,0.0
2024-04-01 00:00:00-04:00,29.43000030517578,29.43000030517578,28.399999618530273,29.239999771118164,101100,0.0,0.0
2024-04-02 00:00:00-04:00,28.950000762939453,29.010000228881836,28.040000915527344,28.559999465942383,64200,0.0,0.0
2024-04-03 00:00:00-04:00,28.559999465942383,29.1299991607666,28.559999465942383,28.799999237060547,57100,0.0,0.0
2024-04-04 00:00:00-04:00,29.170000076293945,29.170000076293945,27.93000030517578,28.25,58900,0.0,0.0
2024-04-05 00:00:00-04:00,27.8799991607666,28.489999771118164,27.549999237060547,28.059999465942383,35400,0.0,0.0
2024-04-08 00:00:00-04:00,28.06999969482422,28.600000381469727,27.65999984741211,27.860000610351562,106100,0.0,0.0
2024-04-09 00:00:00-04:00,28.020000457763672,28.309999465942383,27.790000915527344,28.170000076293945,64200,0.0,0.0
2024-04-10 00:00:00-04:00,27.389999389648438,27.700000762939453,26.780000686645508,27.100000381469727,51700,0.0,0.0
2024-04-11 00:00:00-04:00,26.989999771118164,27.790000915527344,26.90999984741211,27.719999313354492,47400,0.0,0.0
2024-04-12 00:00:00-04:00,27.420000076293945,27.75,26.8700008392334,27.219999313354492,40200,0.0,0.0
2024-04-15 00:00:00-04:00,27.270000457763672,27.389999389648438,26.450000762939453,26.8700008392334,36600,0.0,0.0
2024-04-16 00:00:00-04:00,26.850000381469727,27.3799991607666,26.530000686645508,26.549999237060547,59300,0.0,0.0
2024-04-17 00:00:00-04:00,26.920000076293945,27.020000457763672,25.90999984741211,26.850000381469727,96300,0.0,0.0
2024-04-18 00:00:00-04:00,27.5,27.530000686645508,26.530000686645508,26.709999084472656,42500,0.0,0.0
2024-04-19 00:00:00-04:00,26.59000015258789,27.219999313354492,26.399999618530273,26.850000381469727,40600,0.0,0.0
2024-04-22 00:00:00-04:00,26.790000915527344,27.610000610351562,26.579999923706055,27.170000076293945,39800,0.0,0.0
2024-04-23 00:00:00-04:00,27.329999923706055,28.25,27.329999923706055,28.0,41600,0.0,0.0
2024-04-24 00:00:00-04:00,27.850000381469727,28.170000076293945,27.579999923706055,27.950000762939453,36600,0.0,0.0
2024-04-25 00:00:00-04:00,27.440000534057617,27.6299991607666,26.790000915527344,27.40999984741211,85500,0.0,0.0
2024-04-26 00:00:00-04:00,27.5,28.489999771118164,27.489999771118164,28.299999237060547,59900,0.0,0.0
2024-04-29 00:00:00-04:00,28.5,28.81999969482422,28.200000762939453,28.649999618530273,93100,0.0,0.0
2024-04-30 00:00:00-04:00,28.270000457763672,28.579999923706055,28.010000228881836,28.190000534057617,43900,0.0,0.0
2024-05-01 00:00:00-04:00,28.280000686645508,29.450000762939453,28.280000686645508,28.65999984741211,182900,0.0,0.0
2024-05-02 00:00:00-04:00,28.68000030517578,28.979999542236328,28.260000228881836,28.479999542236328,94000,0.0,0.0
2024-05-03 00:00:00-04:00,30.049999237060547,32.65999984741211,30.020000457763672,31.290000915527344,253800,0.0,0.0
2024-05-06 00:00:00-04:00,32.0,33.29999923706055,31.690000534057617,32.81999969482422,149400,0.0,0.0
2024-05-07 00:00:00-04:00,33.08000183105469,33.5,32.869998931884766,33.08000183105469,81200,0.0,0.0
2024-05-08 00:00:00-04:00,32.779998779296875,33.33000183105469,32.540000915527344,33.099998474121094,55700,0.0,0.0
2024-05-09 00:00:00-04:00,33.02000045776367,34.5,32.959999084472656,34.400001525878906,193200,0.0,0.0
2024-05-10 00:00:00-04:00,34.599998474121094,34.810001373291016,32.52000045776367,32.599998474121094,114200,0.0,0.0
2024-05-13 00:00:00-04:00,32.70000076293945,32.7599983215332,31.709999084472656,31.850000381469727,72500,0.0,0.0
2024-05-14 00:00:00-04:00,32.279998779296875,32.54999923706055,31.649999618530273,32.150001525878906,49700,0.0,0.0
2024-05-15 00:00:00-04:00,32.5099983215332,32.75,31.979999542236328,32.0,76400,0.0,0.0
2024-05-16 00:00:00-04:00,32.0,32.16999816894531,31.59000015258789,31.739999771118164,50000,0.0,0.0
2024-05-17 00:00:00-04:00,31.479999542236328,32.13999938964844,31.100000381469727,31.799999237060547,71300,0.0,0.0
2024-05-20 00:00:00-04:00,31.799999237060547,32.220001220703125,31.790000915527344,32.040000915527344,82300,0.0,0.0
2024-05-21 00:00:00-04:00,31.93000030517578,32.130001068115234,31.65999984741211,32.11000061035156,37500,0.0,0.0
2024-05-22 00:00:00-04:00,32.11000061035156,32.15999984741211,31.43000030517578,31.510000228881836,58600,0.0,0.0
2024-05-23 00:00:00-04:00,31.229999542236328,31.59000015258789,30.770000457763672,31.31999969482422,80700,0.0,0.0
2024-05-24 00:00:00-04:00,31.450000762939453,31.899999618530273,31.270000457763672,31.84000015258789,47700,0.0,0.0
2024-05-28 00:00:00-04:00,32.02000045776367,32.25,31.520000457763672,31.979999542236328,69700,0.0,0.0
2024-05-29 00:00:00-04:00,31.459999084472656,31.56999969482422,31.020000457763672,31.079999923706055,42800,0.0,0.0
2024-05-30 00:00:00-04:00,31.420000076293945,32.75,31.3799991607666,32.689998626708984,102900,0.0,0.0
2024-05-31 00:00:00-04:00,32.93000030517578,33.290000915527344,32.15999984741211,32.47999954223633,46200,0.0,0.0
2024-06-03 00:00:00-04:00,32.58000183105469,32.66999816894531,31.950000762939453,32.0,55000,0.0,0.0
2024-06-04 00:00:00-04:00,31.81999969482422,31.969999313354492,31.09000015258789,31.190000534057617,69200,0.0,0.0
2024-06-05 00:00:00-04:00,31.31999969482422,32.54999923706055,31.15999984741211,32.529998779296875,78600,0.0,0.0
2024-06-06 00:00:00-04:00,32.2599983215332,32.650001525878906,31.520000457763672,31.649999618530273,48700,0.0,0.0
2024-06-07 00:00:00-04:00,31.299999237060547,31.6299991607666,31.290000915527344,31.40999984741211,43800,0.0,0.0
2024-06-10 00:00:00-04:00,31.049999237060547,31.329999923706055,30.600000381469727,30.670000076293945,72800,0.0,0.0
2024-06-11 00:00:00-04:00,30.399999618530273,30.510000228881836,29.290000915527344,30.290000915527344,68700,0.0,0.0
2024-06-12 00:00:00-04:00,31.25,31.639999389648438,30.639999389648438,31.139999389648438,73400,0.0,0.0
2024-06-13 00:00:00-04:00,31.0,31.0,30.149999618530273,30.469999313354492,58100,0.0,0.0
2024-06-14 00:00:00-04:00,30.1299991607666,30.149999618530273,29.260000228881836,29.479999542236328,45500,0.0,0.0
2024-06-17 00:00:00-04:00,29.0,29.729999542236328,28.969999313354492,29.600000381469727,50800,0.0,0.0
2024-06-18 00:00:00-04:00,29.760000228881836,30.100000381469727,29.3799991607666,29.450000762939453,48800,0.0,0.0
2024-06-20 00:00:00-04:00,29.25,29.389999389648438,27.709999084472656,28.09000015258789,66400,0.0,0.0
2024-06-21 00:00:00-04:00,28.1299991607666,28.309999465942383,27.889999389648438,28.270000457763672,89900,0.0,0.0
2024-06-24 00:00:00-04:00,28.200000762939453,28.639999389648438,27.989999771118164,28.360000610351562,45500,0.0,0.0
2024-06-25 00:00:00-04:00,28.15999984741211,28.59000015258789,27.809999465942383,27.940000534057617,41300,0.0,0.0
2024-06-26 00:00:00-04:00,27.670000076293945,28.030000686645508,27.190000534057617,27.860000610351562,46300,0.0,0.0
2024-06-27 00:00:00-04:00,28.079999923706055,28.389999389648438,28.0,28.350000381469727,61300,0.0,0.0
2024-06-28 00:00:00-04:00,28.559999465942383,28.940000534057617,28.209999084472656,28.850000381469727,212500,0.0,0.0
2024-07-01 00:00:00-04:00,28.850000381469727,29.18000030517578,28.56999969482422,29.09000015258789,112500,0.0,0.0
2024-07-02 00:00:00-04:00,28.950000762939453,29.639999389648438,28.719999313354492,29.399999618530273,99000,0.0,0.0
2024-07-03 00:00:00-04:00,29.399999618530273,29.8700008392334,28.979999542236328,29.3700008392334,47900,0.0,0.0
2024-07-05 00:00:00-04:00,29.170000076293945,29.540000915527344,28.969999313354492,29.530000686645508,74700,0.0,0.0
2024-07-08 00:00:00-04:00,29.610000610351562,30.200000762939453,29.579999923706055,29.790000915527344,77300,0.0,0.0
2024-07-09 00:00:00-04:00,29.670000076293945,30.079999923706055,29.670000076293945,29.959999084472656,243400,0.0,0.0
2024-07-10 00:00:00-04:00,30.0,30.850000381469727,29.559999465942383,30.770000457763672,70000,0.0,0.0
2024-07-11 00:00:00-04:00,31.709999084472656,32.29999923706055,31.25,32.02000045776367,68100,0.0,0.0
2024-07-12 00:00:00-04:00,32.619998931884766,32.81999969482422,32.029998779296875,32.54999923706055,49600,0.0,0.0
2024-07-15 00:00:00-04:00,32.709999084472656,34.02000045776367,32.689998626708984,33.58000183105469,73200,0.0,0.0
2024-07-16 00:00:00-04:00,34.279998779296875,34.689998626708984,33.61000061035156,34.15999984741211,151000,0.0,0.0
2024-07-17 00:00:00-04:00,33.689998626708984,34.13999938964844,33.16999816894531,33.40999984741211,77800,0.0,0.0
2024-07-18 00:00:00-04:00,33.13999938964844,33.599998474121094,32.15999984741211,32.599998474121094,37900,0.0,0.0
2024-07-19 00:00:00-04:00,32.65999984741211,32.869998931884766,32.439998626708984,32.5,43800,0.0,0.0
2024-07-22 00:00:00-04:00,32.59000015258789,33.400001525878906,32.31999969482422,33.400001525878906,48400,0.0,0.0
2024-07-23 00:00:00-04:00,33.060001373291016,34.130001068115234,33.060001373291016,33.790000915527344,69000,0.0,0.0
2024-07-24 00:00:00-04:00,33.56999969482422,33.95000076293945,32.970001220703125,33.20000076293945,60500,0.0,0.0
2024-07-25 00:00:00-04:00,33.220001220703125,34.11000061035156,33.220001220703125,33.81999969482422,70800,0.0,0.0
2024-07-26 00:00:00-04:00,34.459999084472656,34.75,33.290000915527344,33.779998779296875,42700,0.0,0.0
2024-07-29 00:00:00-04:00,33.66999816894531,33.970001220703125,33.130001068115234,33.52000045776367,65400,0.0,0.0
2024-07-30 00:00:00-04:00,33.77000045776367,33.970001220703125,32.84000015258789,32.970001220703125,86500,0.0,0.0
2024-07-31 00:00:00-04:00,33.20000076293945,34.290000915527344,32.790000915527344,33.880001068115234,187200,0.0,0.0
2024-08-01 00:00:00-04:00,33.849998474121094,34.29999923706055,31.68000030517578,33.18000030517578,130000,0.0,0.0
2024-08-02 00:00:00-04:00,35.75,38.25,35.119998931884766,37.0,345300,0.0,0.0
2024-08-05 00:00:00-04:00,36.349998474121094,36.369998931884766,34.119998931884766,36.2400016784668,146700,0.0,0.0
2024-08-06 00:00:00-04:00,36.43000030517578,36.90999984741211,35.95000076293945,36.349998474121094,172800,0.0,0.0
2024-08-07 00:00:00-04:00,36.459999084472656,37.400001525878906,35.90999984741211,36.2400016784668,161000,0.0,0.0
2024-08-08 00:00:00-04:00,36.349998474121094,36.72999954223633,35.84000015258789,36.040000915527344,113600,0.0,0.0
2024-08-09 00:00:00-04:00,36.150001525878906,36.68000030517578,35.5,35.84000015258789,100100,0.0,0.0
2024-08-12 00:00:00-04:00,36.06999969482422,36.599998474121094,35.31999969482422,35.68000030517578,191300,0.0,0.0
2024-08-13 00:00:00-04:00,36.130001068115234,36.279998779296875,35.650001525878906,36.0,124000,0.0,0.0
2024-08-14 00:00:00-04:00,36.220001220703125,36.36000061035156,35.31999969482422,35.45000076293945,158500,0.0,0.0
2024-08-15 00:00:00-04:00,35.810001373291016,36.959999084472656,35.45000076293945,36.13999938964844,312300,0.0,0.0
2024-08-16 00:00:00-04:00,35.83000183105469,38.5,35.83000183105469,37.380001068115234,469200,0.0,0.0
2024-08-19 00:00:00-04:00,37.29999923706055,37.54999923706055,36.709999084472656,37.36000061035156,145000,0.0,0.0
2024-08-20 00:00:00-04:00,37.349998474121094,37.459999084472656,36.470001220703125,36.79999923706055,117100,0.0,0.0
2024-08-21 00:00:00-04:00,37.130001068115234,37.130001068115234,36.33000183105469,36.86000061035156,92200,0.0,0.0
2024-08-22 00:00:00-04:00,36.97999954223633,37.029998779296875,36.119998931884766,36.31999969482422,45500,0.0,0.0
2024-08-23 00:00:00-04:00,36.630001068115234,39.54999923706055,36.630001068115234,39.2599983215332,395800,0.0,0.0
2024-08-26 00:00:00-04:00,39.77000045776367,40.5099983215332,39.25,39.5,145900,0.0,0.0
2024-08-27 00:00:00-04:00,39.349998474121094,39.5099983215332,38.279998779296875,38.79999923706055,120500,0.0,0.0
2024-08-28 00:00:00-04:00,38.56999969482422,39.04999923706055,37.93000030517578,37.93000030517578,121200,0.0,0.0
2024-08-29 00:00:00-04:00,38.29999923706055,38.79999923706055,37.970001220703125,38.7400016784668,66800,0.0,0.0
2024-08-30 00:00:00-04:00,38.689998626708984,38.869998931884766,37.86000061035156,38.11000061035156,78500,0.0,0.0
2024-09-03 00:00:00-04:00,38.4900016784668,38.709999084472656,37.66999816894531,38.029998779296875,159800,0.0,0.0
2024-09-04 00:00:00-04:00,38.2599983215332,38.650001525878906,37.83000183105469,38.31999969482422,107600,0.0,0.0
2024-09-05 00:00:00-04:00,38.52000045776367,39.22999954223633,38.2599983215332,38.900001525878906,167300,0.0,0.0
2024-09-06 00:00:00-04:00,38.779998779296875,39.20000076293945,37.400001525878906,37.59000015258789,92700,0.0,0.0
2024-09-09 00:00:00-04:00,37.779998779296875,38.189998626708984,37.15999984741211,37.18000030517578,70000,0.0,0.0
2024-09-10 00:00:00-04:00,37.41999816894531,37.560001373291016,37.0099983215332,37.5,84700,0.0,0.0
2024-09-11 00:00:00-04:00,37.43000030517578,37.91999816894531,36.099998474121094,37.13999938964844,91600,0.0,0.0
2024-09-12 00:00:00-04:00,37.13999938964844,37.560001373291016,37.029998779296875,37.47999954223633,63300,0.0,0.0
2024-09-13 00:00:00-04:00,37.59000015258789,38.4900016784668,37.59000015258789,38.06999969482422,91500,0.0,0.0
2024-09-16 00:00:00-04:00,38.220001220703125,39.0099983215332,38.18000030517578,38.970001220703125,117600,0.0,0.0
2024-09-17 00:00:00-04:00,39.29999923706055,39.65999984741211,38.84000015258789,39.04999923706055,68600,0.0,0.0
2024-09-18 00:00:00-04:00,39.189998626708984,39.650001525878906,38.279998779296875,38.529998779296875,57000,0.0,0.0
2024-09-19 00:00:00-04:00,39.880001068115234,41.54999923706055,39.15999984741211,41.119998931884766,243100,0.0,0.0
2024-09-20 00:00:00-04:00,40.43000030517578,41.36000061035156,40.2400016784668,40.2599983215332,324900,0.0,0.0
2024-09-23 00:00:00-04:00,40.70000076293945,41.119998931884766,40.16999816894531,40.290000915527344,133400,0.0,0.0
2024-09-24 00:00:00-04:00,40.5099983215332,40.79999923706055,40.189998626708984,40.310001373291016,161400,0.0,0.0
2024-09-25 00:00:00-04:00,40.310001373291016,40.34000015258789,39.689998626708984,39.849998474121094,202900,0.0,0.0
2024-09-26 00:00:00-04:00,40.349998474121094,41.29999923706055,40.0,40.790000915527344,264300,0.0,0.0
2024-09-27 00:00:00-04:00,40.97999954223633,41.400001525878906,40.43000030517578,40.880001068115234,100200,0.0,0.0
2024-09-30 00:00:00-04:00,40.880001068115234,41.20000076293945,40.41999816894531,40.95000076293945,240600,0.0,0.0
2024-10-01 00:00:00-04:00,41.0,41.15999984741211,40.209999084472656,41.0099983215332,104200,0.0,0.0
2024-10-02 00:00:00-04:00,41.0099983215332,42.08000183105469,40.58000183105469,42.06999969482422,144100,0.0,0.0
2024-10-03 00:00:00-04:00,42.06999969482422,42.70000076293945,41.349998474121094,41.63999938964844,195400,0.0,0.0
2024-10-04 00:00:00-04:00,41.90999984741211,42.29999923706055,41.22999954223633,41.77000045776367,199000,0.0,0.0
2024-10-07 00:00:00-04:00,42.93000030517578,45.25,42.79999923706055,43.5,316500,0.0,0.0
2024-10-08 00:00:00-04:00,43.540000915527344,44.619998931884766,43.02000045776367,43.59000015258789,271700,0.0,0.0
2024-10-09 00:00:00-04:00,43.5,44.47999954223633,43.31999969482422,44.279998779296875,258100,0.0,0.0
2024-10-10 00:00:00-04:00,44.119998931884766,44.2400016784668,42.380001068115234,42.79999923706055,334800,0.0,0.0
2024-10-11 00:00:00-04:00,42.7400016784668,43.439998626708984,42.61000061035156,43.18000030517578,422100,0.0,0.0
2024-10-14 00:00:00-04:00,43.150001525878906,44.08000183105469,42.75,43.939998626708984,328100,0.0,0.0
2024-10-15 00:00:00-04:00,43.93000030517578,45.619998931884766,43.72999954223633,45.220001220703125,215700,0.0,0.0
2024-10-16 00:00:00-04:00,45.400001525878906,45.91999816894531,45.310001373291016,45.7599983215332,195900,0.0,0.0
2024-10-17 00:00:00-04:00,45.70000076293945,46.02000045776367,45.09000015258789,46.0,152100,0.0,0.0
2024-10-18 00:00:00-04:00,46.31999969482422,46.63999938964844,45.90999984741211,46.08000183105469,168100,0.0,0.0
2024-10-21 00:00:00-04:00,46.0,46.130001068115234,44.77000045776367,45.38999938964844,130600,0.0,0.0
2024-10-22 00:00:00-04:00,45.43000030517578,45.720001220703125,44.880001068115234,45.310001373291016,86100,0.0,0.0
2024-10-23 00:00:00-04:00,44.97999954223633,45.34000015258789,44.11000061035156,44.45000076293945,87000,0.0,0.0
2024-10-24 00:00:00-04:00,44.65999984741211,44.790000915527344,44.189998626708984,44.2400016784668,149300,0.0,0.0
2024-10-25 00:00:00-04:00,44.59000015258789,45.56999969482422,44.41999816894531,45.34000015258789,169700,0.0,0.0
2024-10-28 00:00:00-04:00,45.75,46.900001525878906,45.4900016784668,46.279998779296875,183600,0.0,0.0
2024-10-29 00:00:00-04:00,46.0,47.689998626708984,45.90999984741211,47.5099983215332,185400,0.0,0.0
2024-10-30 00:00:00-04:00,47.25,48.2599983215332,47.099998474121094,47.70000076293945,144800,0.0,0.0
2024-10-31 00:00:00-04:00,47.97999954223633,47.97999954223633,46.75,47.310001373291016,194300,0.0,0.0
2024-11-01 00:00:00-04:00,49.810001373291016,50.0,43.130001068115234,43.68000030517578,404300,0.0,0.0
2024-11-04 00:00:00-05:00,44.0,45.709999084472656,42.5,44.790000915527344,293600,0.0,0.0
2024-11-05 00:00:00-05:00,44.619998931884766,45.029998779296875,43.04999923706055,43.40999984741211,254500,0.0,0.0
2024-11-06 00:00:00-05:00,46.02000045776367,46.459999084472656,43.470001220703125,43.66999816894531,194700,0.0,0.0
2024-11-07 00:00:00-05:00,44.11000061035156,44.18000030517578,43.040000915527344,43.36000061035156,220600,0.0,0.0
2024-11-08 00:00:00-05:00,43.439998626708984,44.02000045776367,43.29999923706055,43.790000915527344,237800,0.0,0.0
2024-11-11 00:00:00-05:00,44.369998931884766,46.63999938964844,44.20000076293945,46.02000045776367,302000,0.0,0.0
2024-11-12 00:00:00-05:00,46.0,47.33000183105469,45.400001525878906,45.619998931884766,178900,0.0,0.0
2024-11-13 00:00:00-05:00,45.75,46.15999984741211,43.72999954223633,43.83000183105469,179400,0.0,0.0
2024-11-14 00:00:00-05:00,43.849998474121094,44.029998779296875,42.0099983215332,42.439998626708984,203200,0.0,0.0
2024-11-15 00:00:00-05:00,42.7599983215332,42.7599983215332,40.63999938964844,41.63999938964844,159700,0.0,0.0
2024-11-18 00:00:00-05:00,41.720001220703125,42.349998474121094,41.130001068115234,41.61000061035156,130400,0.0,0.0
2024-11-19 00:00:00-05:00,41.349998474121094,42.45000076293945,41.099998474121094,42.369998931884766,127000,0.0,0.0
2024-11-20 00:00:00-05:00,42.40999984741211,42.689998626708984,41.29999923706055,41.7599983215332,92600,0.0,0.0
2024-11-21 00:00:00-05:00,41.83000183105469,42.59000015258789,41.52000045776367,41.779998779296875,102500,0.0,0.0
2024-11-22 00:00:00-05:00,41.970001220703125,42.869998931884766,41.880001068115234,42.65999984741211,129800,0.0,0.0
2024-11-25 00:00:00-05:00,42.81999969482422,44.38999938964844,42.65999984741211,43.0099983215332,155700,0.0,0.0
2024-11-26 00:00:00-05:00,42.58000183105469,43.619998931884766,42.43000030517578,43.119998931884766,70100,0.0,0.0
2024-11-27 00:00:00-05:00,43.5,43.79999923706055,42.290000915527344,43.18000030517578,94300,0.0,0.0
2024-11-29 00:00:00-05:00,43.25,44.09000015258789,42.869998931884766,43.709999084472656,78000,0.0,0.0
2024-12-02 00:00:00-05:00,43.75,43.869998931884766,42.209999084472656,43.38999938964844,113500,0.0,0.0
2024-12-03 00:00:00-05:00,43.650001525878906,44.33000183105469,42.810001373291016,43.11000061035156,100700,0.0,0.0
2024-12-04 00:00:00-05:00,43.11000061035156,43.77000045776367,42.77000045776367,43.68000030517578,139600,0.0,0.0
2024-12-05 00:00:00-05:00,43.65999984741211,44.779998779296875,43.2599983215332,43.380001068115234,112000,0.0,0.0
2024-12-06 00:00:00-05:00,43.66999816894531,44.0,43.0,43.41999816894531,76700,0.0,0.0
2024-12-09 00:00:00-05:00,43.93000030517578,43.959999084472656,42.25,42.63999938964844,122300,0.0,0.0
2024-12-10 00:00:00-05:00,42.4900016784668,43.130001068115234,42.130001068115234,42.869998931884766,84700,0.0,0.0
2024-12-11 00:00:00-05:00,42.900001525878906,43.41999816894531,42.04999923706055,42.52000045776367,108100,0.0,0.0
2024-12-12 00:00:00-05:00,42.439998626708984,42.529998779296875,41.470001220703125,41.58000183105469,99600,0.0,0.0
2024-12-13 00:00:00-05:00,41.540000915527344,41.70000076293945,40.619998931884766,40.810001373291016,140200,0.0,0.0
2024-12-16 00:00:00-05:00,41.11000061035156,42.2400016784668,40.79999923706055,41.63999938964844,119800,0.0,0.0
2024-12-17 00:00:00-05:00,40.90999984741211,41.20000076293945,40.04999923706055,40.400001525878906,120600,0.0,0.0
2024-12-18 00:00:00-05:00,40.630001068115234,41.119998931884766,38.38999938964844,38.7599983215332,146100,0.0,0.0
2024-12-19 00:00:00-05:00,38.45000076293945,39.0,38.189998626708984,38.5099983215332,141100,0.0,0.0
2024-12-20 00:00:00-05:00,38.0,39.349998474121094,37.66999816894531,38.77000045776367,228900,0.0,0.0
2024-12-23 00:00:00-05:00,38.27000045776367,38.619998931884766,37.630001068115234,38.470001220703125,130700,0.0,0.0
2024-12-24 00:00:00-05:00,38.310001373291016,38.630001068115234,37.880001068115234,38.41999816894531,55900,0.0,0.0
2024-12-26 00:00:00-05:00,38.220001220703125,39.22999954223633,38.0099983215332,38.7599983215332,94000,0.0,0.0
2024-12-27 00:00:00-05:00,38.7599983215332,38.91999816894531,37.5,38.40999984741211,112700,0.0,0.0
2024-12-30 00:00:00-05:00,37.939998626708984,38.459999084472656,37.45000076293945,38.36000061035156,139100,0.0,0.0
2024-12-31 00:00:00-05:00,38.689998626708984,39.130001068115234,37.7400016784668,38.09000015258789,251200,0.0,0.0
2025-01-02 00:00:00-05:00,38.650001525878906,38.880001068115234,37.58000183105469,37.68000030517578,110200,0.0,0.0
2025-01-03 00:00:00-05:00,37.540000915527344,38.58000183105469,37.4900016784668,38.58000183105469,147300,0.0,0.0
2025-01-06 00:00:00-05:00,38.560001373291016,39.09000015258789,37.95000076293945,38.189998626708984,125600,0.0,0.0
2025-01-07 00:00:00-05:00,38.290000915527344,38.4900016784668,36.56999969482422,37.130001068115234,112000,0.0,0.0
2025-01-08 00:00:00-05:00,37.029998779296875,37.560001373291016,36.029998779296875,36.599998474121094,71000,0.0,0.0
2025-01-10 00:00:00-05:00,36.0,36.119998931884766,35.060001373291016,35.45000076293945,112300,0.0,0.0
2025-01-13 00:00:00-05:00,34.9900016784668,35.90999984741211,34.72999954223633,35.880001068115234,118000,0.0,0.0
2025-01-14 00:00:00-05:00,36.040000915527344,36.65999984741211,35.619998931884766,36.41999816894531,93800,0.0,0.0
2025-01-15 00:00:00-05:00,37.34000015258789,37.88999938964844,37.0,37.75,104600,0.0,0.0
2025-01-16 00:00:00-05:00,37.560001373291016,38.18000030517578,37.220001220703125,37.9900016784668,76400,0.0,0.0
2025-01-17 00:00:00-05:00,38.33000183105469,38.439998626708984,37.81999969482422,38.09000015258789,53700,0.0,0.0
2025-01-21 00:00:00-05:00,38.38999938964844,38.93000030517578,38.2400016784668,38.77000045776367,101100,0.0,0.0
2025-01-22 00:00:00-05:00,38.7599983215332,38.9900016784668,38.04999923706055,38.22999954223633,94700,0.0,0.0
2025-01-23 00:00:00-05:00,37.81999969482422,38.20000076293945,37.56999969482422,37.810001373291016,71100,0.0,0.0
2025-01-24 00:00:00-05:00,37.75,38.22999954223633,37.630001068115234,38.22999954223633,61600,0.0,0.0
2025-01-27 00:00:00-05:00,37.869998931884766,38.13999938964844,37.0,37.31999969482422,100100,0.0,0.0
2025-01-28 00:00:00-05:00,37.209999084472656,37.779998779296875,36.91999816894531,37.439998626708984,88500,0.0,0.0
2025-01-29 00:00:00-05:00,37.47999954223633,37.81999969482422,36.380001068115234,36.86000061035156,76900,0.0,0.0
2025-01-30 00:00:00-05:00,37.31999969482422,37.38999938964844,36.29999923706055,36.400001525878906,93900,0.0,0.0
2025-01-31 00:00:00-05:00,36.349998474121094,36.59000015258789,34.869998931884766,35.349998474121094,223400,0.0,0.0
2025-02-03 00:00:00-05:00,34.84000015258789,35.31999969482422,34.75,35.11000061035156,111200,0.0,0.0
2025-02-04 00:00:00-05:00,34.86000061035156,35.540000915527344,34.79999923706055,35.060001373291016,110900,0.0,0.0
2025-02-05 00:00:00-05:00,35.04999923706055,35.91999816894531,35.0099983215332,35.20000076293945,204200,0.0,0.0
2025-02-06 00:00:00-05:00,35.47999954223633,36.0,35.18000030517578,35.849998474121094,122700,0.0,0.0
2025-02-07 00:00:00-05:00,35.619998931884766,35.65999984741211,33.45000076293945,34.34000015258789,239400,0.0,0.0
2025-02-10 00:00:00-05:00,34.459999084472656,35.599998474121094,33.52000045776367,35.52000045776367,202600,0.0,0.0
2025-02-11 00:00:00-05:00,35.790000915527344,35.790000915527344,34.86000061035156,34.900001525878906,91300,0.0,0.0
2025-02-12 00:00:00-05:00,34.130001068115234,34.70000076293945,33.959999084472656,34.47999954223633,78700,0.0,0.0
2025-02-13 00:00:00-05:00,34.720001220703125,34.95000076293945,34.0,34.7400016784668,86400,0.0,0.0
2025-02-14 00:00:00-05:00,34.91999816894531,35.0,34.06999969482422,34.279998779296875,63600,0.0,0.0
2025-02-18 00:00:00-05:00,34.5,34.9900016784668,33.619998931884766,33.79999923706055,155600,0.0,0.0
2025-02-19 00:00:00-05:00,33.380001068115234,33.459999084472656,33.06999969482422,33.20000076293945,112700,0.0,0.0
2025-02-20 00:00:00-05:00,32.97999954223633,33.349998474121094,32.65999984741211,32.70000076293945,99800,0.0,0.0
2025-02-21 00:00:00-05:00,33.130001068115234,33.130001068115234,31.809999465942383,32.209999084472656,126700,0.0,0.0
2025-02-24 00:00:00-05:00,32.4900016784668,32.4900016784668,32.06999969482422,32.08000183105469,71700,0.0,0.0
2025-02-25 00:00:00-05:00,32.16999816894531,32.810001373291016,31.850000381469727,32.61000061035156,105200,0.0,0.0
2025-02-26 00:00:00-05:00,32.52000045776367,33.459999084472656,32.5099983215332,33.040000915527344,100100,0.0,0.0
2025-02-27 00:00:00-05:00,32.97999954223633,33.119998931884766,32.33000183105469,32.70000076293945,86000,0.0,0.0
2025-02-28 00:00:00-05:00,32.59000015258789,33.41999816894531,32.099998474121094,32.70000076293945,93600,0.0,0.0
2025-03-03 00:00:00-05:00,32.79999923706055,32.95000076293945,31.389999389648438,31.479999542236328,128800,0.0,0.0
2025-03-04 00:00:00-05:00,31.09000015258789,31.420000076293945,30.43000030517578,30.8799991607666,131800,0.0,0.0
2025-03-05 00:00:00-05:00,30.790000915527344,31.389999389648438,30.75,31.1200008392334,146300,0.0,0.0
2025-03-06 00:00:00-05:00,31.170000076293945,33.130001068115234,31.170000076293945,32.220001220703125,253600,0.0,0.0
2025-03-07 00:00:00-05:00,36.0,42.25,34.9900016784668,41.79999923706055,606900,0.0,0.0
2025-03-10 00:00:00-04:00,40.29999923706055,41.63999938964844,39.9900016784668,40.29999923706055,377300,0.0,0.0
2025-03-11 00:00:00-04:00,40.5099983215332,40.97999954223633,39.90999984741211,40.11000061035156,233300,0.0,0.0
2025-03-12 00:00:00-04:00,39.959999084472656,40.20000076293945,38.93000030517578,39.849998474121094,205000,0.0,0.0
2025-03-13 00:00:00-04:00,39.79999923706055,40.650001525878906,39.369998931884766,39.970001220703125,104700,0.0,0.0
2025-03-14 00:00:00-04:00,40.099998474121094,40.540000915527344,39.40999984741211,40.36000061035156,132000,0.0,0.0
2025-03-17 00:00:00-04:00,40.36000061035156,41.63999938964844,40.25,41.529998779296875,125200,0.0,0.0
2025-03-18 00:00:00-04:00,41.189998626708984,42.0,40.810001373291016,41.91999816894531,163400,0.0,0.0
2025-03-19 00:00:00-04:00,41.939998626708984,43.119998931884766,41.939998626708984,42.83000183105469,203800,0.0,0.0
2025-03-20 00:00:00-04:00,42.70000076293945,43.27000045776367,42.470001220703125,43.060001373291016,154700,0.0,0.0
2025-03-21 00:00:00-04:00,42.75,43.34000015258789,41.650001525878906,41.959999084472656,323300,0.0,0.0
2025-03-24 00:00:00-04:00,42.13999938964844,42.83000183105469,42.0,42.529998779296875,130500,0.0,0.0
2025-03-25 00:00:00-04:00,42.470001220703125,43.0099983215332,41.630001068115234,41.72999954223633,85100,0.0,0.0
2025-03-26 00:00:00-04:00,41.95000076293945,42.189998626708984,41.380001068115234,41.650001525878906,85400,0.0,0.0
2025-03-27 00:00:00-04:00,41.630001068115234,42.2599983215332,40.650001525878906,41.279998779296875,93500,0.0,0.0
2025-03-28 00:00:00-04:00,41.189998626708984,41.33000183105469,40.59000015258789,40.970001220703125,76900,0.0,0.0
2025-03-31 00:00:00-04:00,40.439998626708984,41.0,40.099998474121094,40.720001220703125,249800,0.0,0.0
2025-04-01 00:00:00-04:00,41.150001525878906,41.29999923706055,40.33000183105469,40.83000183105469,141900,0.0,0.0
2025-04-02 00:00:00-04:00,40.38999938964844,41.189998626708984,40.0,40.77000045776367,101800,0.0,0.0
2025-04-03 00:00:00-04:00,39.970001220703125,40.68000030517578,39.5,40.380001068115234,201300,0.0,0.0
2025-04-04 00:00:00-04:00,39.52000045776367,40.119998931884766,38.099998474121094,38.70000076293945,179500,0.0,0.0
2025-04-07 00:00:00-04:00,37.41999816894531,39.689998626708984,36.459999084472656,38.36000061035156,252500,0.0,0.0
2025-04-08 00:00:00-04:00,39.25,39.4900016784668,36.5,36.959999084472656,122800,0.0,0.0
2025-04-09 00:00:00-04:00,36.43000030517578,40.16999816894531,36.43000030517578,39.040000915527344,147000,0.0,0.0
2025-04-10 00:00:00-04:00,38.36000061035156,39.310001373291016,37.33000183105469,38.310001373291016,89600,0.0,0.0
2025-04-11 00:00:00-04:00,38.040000915527344,39.2400016784668,37.72999954223633,38.52000045776367,60900,0.0,0.0
2025-04-14 00:00:00-04:00,38.9900016784668,40.25,38.119998931884766,39.20000076293945,70200,0.0,0.0
2025-04-15 00:00:00-04:00,38.9900016784668,39.4900016784668,38.22999954223633,38.869998931884766,50000,0.0,0.0
2025-04-16 00:00:00-04:00,38.7599983215332,39.220001220703125,38.209999084472656,38.59000015258789,91600,0.0,0.0
2025-04-17 00:00:00-04:00,38.470001220703125,38.7400016784668,37.97999954223633,38.47999954223633,98500,0.0,0.0
2025-04-21 00:00:00-04:00,38.060001373291016,39.099998474121094,36.599998474121094,36.900001525878906,65500,0.0,0.0
2025-04-22 00:00:00-04:00,37.380001068115234,39.31999969482422,37.040000915527344,37.59000015258789,64100,0.0,0.0
2025-04-23 00:00:00-04:00,38.15999984741211,38.77000045776367,37.599998474121094,37.709999084472656,56000,0.0,0.0
2025-04-24 00:00:00-04:00,37.630001068115234,38.5099983215332,36.849998474121094,38.220001220703125,61500,0.0,0.0
2025-04-25 00:00:00-04:00,37.869998931884766,38.400001525878906,37.75,38.38999938964844,45200,0.0,0.0
2025-04-28 00:00:00-04:00,38.5,39.5,38.220001220703125,39.400001525878906,112800,0.0,0.0
2025-04-29 00:00:00-04:00,39.4900016784668,39.72999954223633,38.849998474121094,39.58000183105469,75500,0.0,0.0
2025-04-30 00:00:00-04:00,38.97999954223633,39.400001525878906,38.31999969482422,39.20000076293945,97100,0.0,0.0
2025-05-01 00:00:00-04:00,39.380001068115234,39.9900016784668,39.06999969482422,39.529998779296875,52200,0.0,0.0
2025-05-02 00:00:00-04:00,39.75,40.45000076293945,39.540000915527344,39.66999816894531,70000,0.0,0.0
2025-05-05 00:00:00-04:00,39.459999084472656,40.5,39.06999969482422,39.61000061035156,66600,0.0,0.0
2025-05-06 00:00:00-04:00,39.310001373291016,40.349998474121094,39.2599983215332,40.150001525878906,51200,0.0,0.0
2025-05-07 00:00:00-04:00,40.150001525878906,40.7599983215332,39.56999969482422,40.09000015258789,79300,0.0,0.0
2025-05-08 00:00:00-04:00,40.619998931884766,41.290000915527344,40.2599983215332,40.560001373291016,98600,0.0,0.0
2025-05-09 00:00:00-04:00,42.0,43.939998626708984,40.56999969482422,42.400001525878906,186900,0.0,0.0
2025-05-12 00:00:00-04:00,43.38999938964844,45.2400016784668,42.84000015258789,45.0,189900,0.0,0.0
2025-05-13 00:00:00-04:00,45.380001068115234,46.0,44.4900016784668,45.9900016784668,151700,0.0,0.0
2025-05-14 00:00:00-04:00,45.83000183105469,46.529998779296875,45.400001525878906,45.81999969482422,166600,0.0,0.0
2025-05-15 00:00:00-04:00,45.93000030517578,47.4900016784668,45.2400016784668,47.279998779296875,118900,0.0,0.0
2025-05-16 00:00:00-04:00,47.02000045776367,48.869998931884766,46.56999969482422,48.630001068115234,201200,0.0,0.0
2025-05-19 00:00:00-04:00,48.91999816894531,50.5,48.25,50.47999954223633,310900,0.0,0.0
2025-05-20 00:00:00-04:00,50.04999923706055,50.869998931884766,49.9900016784668,50.54999923706055,202100,0.0,0.0
2025-05-21 00:00:00-04:00,50.08000183105469,51.5,49.7400016784668,51.25,183100,0.0,0.0
2025-05-22 00:00:00-04:00,51.16999816894531,52.040000915527344,50.630001068115234,51.369998931884766,168500,0.0,0.0
2025-05-23 00:00:00-04:00,50.58000183105469,51.619998931884766,50.0099983215332,51.45000076293945,184500,0.0,0.0
2025-05-27 00:00:00-04:00,52.0,53.84000015258789,51.470001220703125,53.779998779296875,268100,0.0,0.0
2025-05-28 00:00:00-04:00,53.58000183105469,54.2599983215332,53.08000183105469,54.11000061035156,246400,0.0,0.0
2025-05-29 00:00:00-04:00,54.11000061035156,54.34000015258789,53.52000045776367,53.70000076293945,209000,0.0,0.0
2025-05-30 00:00:00-04:00,53.4900016784668,54.349998474121094,52.40999984741211,54.04999923706055,207500,0.0,0.0
2025-06-02 00:00:00-04:00,54.04999923706055,54.4900016784668,53.439998626708984,53.88999938964844,200200,0.0,0.0
2025-06-03 00:00:00-04:00,53.849998474121094,56.0099983215332,53.84000015258789,55.81999969482422,181400,0.0,0.0
2025-06-04 00:00:00-04:00,55.790000915527344,57.11000061035156,55.63999938964844,56.83000183105469,184200,0.0,0.0
2025-06-05 00:00:00-04:00,56.900001525878906,57.150001525878906,55.47999954223633,55.68000030517578,148900,0.0,0.0
2025-06-06 00:00:00-04:00,56.119998931884766,57.2400016784668,55.709999084472656,56.9900016784668,111600,0.0,0.0
2025-06-09 00:00:00-04:00,57.2400016784668,58.0,56.27000045776367,57.209999084472656,117500,0.0,0.0
2025-06-10 00:00:00-04:00,57.220001220703125,57.52000045776367,56.0,56.29999923706055,88500,0.0,0.0
2025-06-11 00:00:00-04:00,56.689998626708984,56.97999954223633,55.77000045776367,56.150001525878906,104600,0.0,0.0
2025-06-12 00:00:00-04:00,56.150001525878906,56.599998474121094,55.0,56.34000015258789,111100,0.0,0.0
2025-06-13 00:00:00-04:00,55.540000915527344,56.18000030517578,55.11000061035156,55.81999969482422,138500,0.0,0.0
2025-06-16 00:00:00-04:00,56.56999969482422,58.279998779296875,55.79999923706055,57.470001220703125,148700,0.0,0.0
2025-06-17 00:00:00-04:00,56.97999954223633,57.79999923706055,56.4900016784668,57.540000915527344,85400,0.0,0.0
2025-06-18 00:00:00-04:00,57.540000915527344,59.15999984741211,57.380001068115234,58.970001220703125,133900,0.0,0.0
2025-06-20 00:00:00-04:00,59.290000915527344,59.369998931884766,57.33000183105469,57.77000045776367,291500,0.0,0.0
2025-06-23 00:00:00-04:00,57.779998779296875,58.84000015258789,57.459999084472656,58.40999984741211,123900,0.0,0.0
2025-06-24 00:00:00-04:00,59.0,59.470001220703125,58.22999954223633,59.13999938964844,216300,0.0,0.0
2025-06-25 00:00:00-04:00,59.209999084472656,60.43000030517578,58.0,59.81999969482422,198300,0.0,0.0
2025-06-26 00:00:00-04:00,60.290000915527344,62.189998626708984,59.470001220703125,62.16999816894531,192200,0.0,0.0
2025-06-27 00:00:00-04:00,62.33000183105469,62.81999969482422,60.849998474121094,62.29999923706055,702600,0.0,0.0
2025-06-30 00:00:00-04:00,62.779998779296875,63.2400016784668,61.7599983215332,62.5099983215332,139500,0.0,0.0
2025-07-01 00:00:00-04:00,62.18000030517578,67.25,62.15999984741211,66.5999984741211,771800,0.0,0.0
2025-07-02 00:00:00-04:00,67.38999938964844,68.5199966430664,65.69999694824219,67.81999969482422,555200,0.0,0.0
2025-07-03 00:00:00-04:00,68.61000061035156,72.30000305175781,68.61000061035156,72.30000305175781,478800,0.0,0.0
2025-07-07 00:00:00-04:00,73.30999755859375,73.55000305175781,70.0,73.26000213623047,585400,0.0,0.0
2025-07-08 00:00:00-04:00,73.5999984741211,74.08999633789062,69.36000061035156,71.94000244140625,516700,0.0,0.0
2025-07-09 00:00:00-04:00,72.83000183105469,73.27999877929688,71.37000274658203,72.16999816894531,286600,0.0,0.0
2025-07-10 00:00:00-04:00,72.19999694824219,75.5,72.19999694824219,72.66999816894531,491800,0.0,0.0
2025-07-11 00:00:00-04:00,72.66999816894531,75.18000030517578,71.80000305175781,73.91999816894531,341700,0.0,0.0
2025-07-14 00:00:00-04:00,73.91999816894531,77.27999877929688,72.45999908447266,76.9000015258789,424100,0.0,0.0
2025-07-15 00:00:00-04:00,77.0,77.83999633789062,75.11000061035156,76.4800033569336,332100,0.0,0.0
2025-07-16 00:00:00-04:00,76.66999816894531,78.91999816894531,76.22000122070312,78.55000305175781,294700,0.0,0.0
2025-07-17 00:00:00-04:00,78.94999694824219,80.75,78.55000305175781,79.66999816894531,360000,0.0,0.0
2025-07-18 00:00:00-04:00,80.0,81.16999816894531,79.0199966430664,79.63999938964844,299200,0.0,0.0
2025-07-21 00:00:00-04:00,79.80999755859375,80.7300033569336,78.62000274658203,79.0199966430664,220900,0.0,0.0
2025-07-22 00:00:00-04:00,78.58000183105469,79.62999725341797,76.0,79.30999755859375,242400,0.0,0.0
2025-07-23 00:00:00-04:00,80.0,81.0,79.1500015258789,80.52999877929688,223100,0.0,0.0
2025-07-24 00:00:00-04:00,80.5,82.9000015258789,79.72000122070312,82.13999938964844,317700,0.0,0.0
2025-07-25 00:00:00-04:00,82.83999633789062,82.98999786376953,81.27999877929688,82.04000091552734,199300,0.0,0.0
2025-07-28 00:00:00-04:00,82.6500015258789,83.69000244140625,80.9000015258789,82.5199966430664,225400,0.0,0.0
2025-07-29 00:00:00-04:00,83.61000061035156,85.6500015258789,83.0,83.41999816894531,404500,0.0,0.0
2025-07-30 00:00:00-04:00,83.04000091552734,84.87999725341797,82.18000030517578,82.62000274658203,283100,0.0,0.0
2025-07-31 00:00:00-04:00,82.95999908447266,85.98999786376953,80.41999816894531,85.30000305175781,367300,0.0,0.0
2025-08-01 00:00:00-04:00,83.16000366210938,86.25,76.43000030517578,84.01000213623047,623000,0.0,0.0
2025-08-04 00:00:00-04:00,85.54000091552734,89.4800033569336,84.30000305175781,89.44999694824219,581400,0.0,0.0
2025-08-05 00:00:00-04:00,90.87000274658203,92.76000213623047,88.41000366210938,91.19999694824219,429600,0.0,0.0
2025-08-06 00:00:00-04:00,91.66999816894531,91.66999816894531,86.0,88.0199966430664,599900,0.0,0.0
2025-08-07 00:00:00-04:00,88.75,89.37000274658203,85.73999786376953,89.11000061035156,631700,0.0,0.0
2025-08-08 00:00:00-04:00,100.0,114.69000244140625,99.05000305175781,113.6500015258789,1097200,0.0,0.0
2025-08-11 00:00:00-04:00,114.02999877929688,114.44000244140625,109.5,112.7699966430664,706100,0.0,0.0
2025-08-12 00:00:00-04:00,112.7699966430664,119.26000213623047,111.98999786376953,118.62999725341797,590600,0.0,0.0
2025-08-13 00:00:00-04:00,120.47000122070312,120.47000122070312,115.62999725341797,118.33000183105469,475100,0.0,0.0
2025-08-14 00:00:00-04:00,116.31999969482422,121.0,116.0,120.3499984741211,420900,0.0,0.0
2025-08-15 00:00:00-04:00,120.0,120.0,107.83999633789062,113.01000213623047,992300,0.0,0.0
2025-08-18 00:00:00-04:00,112.29000091552734,113.5999984741211,104.58000183105469,109.52999877929688,817700,0.0,0.0
2025-08-19 00:00:00-04:00,108.75,110.0,102.7699966430664,105.20999908447266,429000,0.0,0.0
2025-08-20 00:00:00-04:00,104.20999908447266,105.20999908447266,101.0,103.18000030517578,378500,0.0,0.0
2025-08-21 00:00:00-04:00,102.16000366210938,106.44000244140625,101.0,106.2699966430664,460200,0.0,0.0
2025-08-22 00:00:00-04:00,106.25,111.23999786376953,104.04000091552734,111.11000061035156,595000,0.0,0.0
2025-08-25 00:00:00-04:00,115.41999816894531,118.73999786376953,113.72000122070312,115.9800033569336,669300,0.0,0.0
2025-08-26 00:00:00-04:00,115.0999984741211,117.25,114.11000061035156,116.61000061035156,614100,0.0,0.0
2025-08-27 00:00:00-04:00,116.0,117.5,113.06999969482422,116.26000213623047,398800,0.0,0.0
2025-08-28 00:00:00-04:00,117.2300033569336,118.0,114.25,116.18000030517578,400300,0.0,0.0
2025-08-29 00:00:00-04:00,115.30999755859375,115.3499984741211,108.51000213623047,109.86000061035156,359700,0.0,0.0
2025-09-02 00:00:00-04:00,107.6500015258789,109.22000122070312,105.94000244140625,106.66999816894531,399900,0.0,0.0
2025-09-03 00:00:00-04:00,107.1500015258789,107.66999816894531,101.20999908447266,103.77999877929688,577600,0.0,0.0
2025-09-04 00:00:00-04:00,103.86000061035156,104.19999694824219,101.19000244140625,103.13999938964844,288600,0.0,0.0
2025-09-05 00:00:00-04:00,103.62999725341797,104.2300033569336,96.0,98.86000061035156,479400,0.0,0.0
2025-09-08 00:00:00-04:00,99.8499984741211,101.43000030517578,97.33000183105469,97.6500015258789,375800,0.0,0.0
2025-09-09 00:00:00-04:00,97.12999725341797,97.38999938964844,93.80000305175781,94.80999755859375,368300,0.0,0.0
2025-09-10 00:00:00-04:00,96.43000030517578,101.47000122070312,95.55999755859375,101.11000061035156,676800,0.0,0.0
2025-09-11 00:00:00-04:00,101.5999984741211,106.16999816894531,100.36000061035156,105.88999938964844,517000,0.0,0.0
2025-09-12 00:00:00-04:00,105.5,106.22000122070312,100.83999633789062,100.98999786376953,374000,0.0,0.0
2025-09-15 00:00:00-04:00,101.94000244140625,103.76000213623047,96.13999938964844,98.73999786376953,525600,0.0,0.0
2025-09-16 00:00:00-04:00,98.73999786376953,101.12000274658203,96.8499984741211,100.58000183105469,364300,0.0,0.0
2025-09-17 00:00:00-04:00,100.54000091552734,103.83999633789062,100.0,102.05999755859375,232900,0.0,0.0
2025-09-18 00:00:00-04:00,104.44000244140625,107.76000213623047,104.0,105.75,507600,0.0,0.0
2025-09-19 00:00:00-04:00,106.11000061035156,107.2699966430664,103.19000244140625,103.33000183105469,455200,0.0,0.0
2025-09-22 00:00:00-04:00,103.23999786376953,106.77999877929688,102.6500015258789,105.69000244140625,308200,0.0,0.0
2025-09-23 00:00:00-04:00,105.5,106.98999786376953,95.20999908447266,98.02999877929688,603700,0.0,0.0
2025-09-24 00:00:00-04:00,98.18000030517578,98.8499984741211,95.54000091552734,96.54000091552734,306200,0.0,0.0
2025-09-25 00:00:00-04:00,94.41999816894531,98.5199966430664,93.0,97.11000061035156,384000,0.0,0.0
2025-09-26 00:00:00-04:00,97.5,97.5,94.75,96.26000213623047,200600,0.0,0.0
2025-09-29 00:00:00-04:00,97.86000061035156,98.79000091552734,95.44000244140625,96.22000122070312,235800,0.0,0.0
2025-09-30 00:00:00-04:00,97.02999877929688,98.0199966430664,94.91999816894531,96.69000244140625,278300,0.0,0.0
2025-10-01 00:00:00-04:00,95.19999694824219,96.55000305175781,94.9000015258789,95.83000183105469,268000,0.0,0.0
2025-10-02 00:00:00-04:00,96.41000366210938,97.0,91.75,93.51000213623047,345300,0.0,0.0
2025-10-03 00:00:00-04:00,94.02999877929688,94.88999938964844,90.69999694824219,91.20999908447266,240800,0.0,0.0
2025-10-06 00:00:00-04:00,92.41999816894531,92.98999786376953,90.62000274658203,90.86000061035156,229500,0.0,0.0
2025-10-07 00:00:00-04:00,91.13999938964844,94.13999938964844,90.6500015258789,91.87000274658203,385500,0.0,0.0
2025-10-08 00:00:00-04:00,92.7300033569336,96.01000213623047,91.72000122070312,95.2699966430664,315300,0.0,0.0
2025-10-09 00:00:00-04:00,94.70999908447266,97.0,93.05000305175781,93.66999816894531,210600,0.0,0.0
2025-10-10 00:00:00-04:00,93.26000213623047,95.44000244140625,89.4000015258789,89.9800033569336,234400,0.0,0.0
2025-10-13 00:00:00-04:00,91.44000244140625,93.61000061035156,91.0,93.58000183105469,175700,0.0,0.0
2025-10-14 00:00:00-04:00,91.5199966430664,95.79000091552734,90.12000274658203,95.55999755859375,271500,0.0,0.0
2025-10-15 00:00:00-04:00,96.1500015258789,100.0,95.1500015258789,96.08999633789062,201800,0.0,0.0
2025-10-16 00:00:00-04:00,96.16000366210938,97.44999694824219,93.83000183105469,94.1500015258789,193500,0.0,0.0
2025-10-17 00:00:00-04:00,93.63999938964844,95.86000061035156,92.79000091552734,95.4000015258789,172000,0.0,0.0
2025-10-20 00:00:00-04:00,97.7699966430664,99.36000061035156,96.62000274658203,99.05000305175781,200500,0.0,0.0
2025-10-21 00:00:00-04:00,98.86000061035156,98.86000061035156,95.0,97.01000213623047,165300,0.0,0.0
2025-10-22 00:00:00-04:00,96.77999877929688,99.0,90.88999938964844,92.9800033569336,246900,0.0,0.0
2025-10-23 00:00:00-04:00,93.16999816894531,99.4000015258789,92.4000015258789,98.69000244140625,248600,0.0,0.0
2025-10-24 00:00:00-04:00,101.0,103.79000091552734,100.25,102.37000274658203,328900,0.0,0.0
2025-10-27 00:00:00-04:00,103.19000244140625,103.44999694824219,96.02999877929688,96.22000122070312,233800,0.0,0.0
2025-10-28 00:00:00-04:00,95.0,96.11000061035156,92.26000213623047,92.93000030517578,189900,0.0,0.0
2025-10-29 00:00:00-04:00,92.87000274658203,94.30999755859375,90.58999633789062,92.19000244140625,191700,0.0,0.0
2025-10-30 00:00:00-04:00,92.19000244140625,93.52999877929688,90.81999969482422,92.04000091552734,208000,0.0,0.0
2025-10-31 00:00:00-04:00,92.75,95.83999633789062,92.0999984741211,94.51000213623047,205100,0.0,0.0
2025-11-03 00:00:00-05:00,94.66000366210938,95.33999633789062,92.0999984741211,93.54000091552734,246900,0.0,0.0
2025-11-04 00:00:00-05:00,90.79000091552734,93.23999786376953,89.80000305175781,90.83999633789062,205600,0.0,0.0
2025-11-05 00:00:00-05:00,91.29000091552734,94.98999786376953,91.0,94.11000061035156,217600,0.0,0.0
2025-11-06 00:00:00-05:00,93.87000274658203,94.0999984741211,84.5199966430664,85.2699966430664,457300,0.0,0.0
2025-11-07 00:00:00-05:00,96.01000213623047,96.66000366210938,82.66999816894531,90.94000244140625,658700,0.0,0.0
2025-11-10 00:00:00-05:00,94.45999908447266,96.22000122070312,92.1500015258789,94.16999816894531,375300,0.0,0.0
2025-11-11 00:00:00-05:00,92.01000213623047,93.9800033569336,90.7300033569336,93.12000274658203,266600,0.0,0.0
2025-11-12 00:00:00-05:00,95.22000122070312,95.51000213623047,91.30999755859375,94.12000274658203,205300,0.0,0.0
2025-11-13 00:00:00-05:00,94.58000183105469,94.75,91.20999908447266,92.31999969482422,239900,0.0,0.0
2025-11-14 00:00:00-05:00,89.02999877929688,96.16000366210938,87.81999969482422,95.87000274658203,288100,0.0,0.0
2025-11-17 00:00:00-05:00,95.86000061035156,98.5199966430664,94.05999755859375,94.81999969482422,235200,0.0,0.0
2025-11-18 00:00:00-05:00,93.58999633789062,96.56999969482422,92.98999786376953,94.70999908447266,169700,0.0,0.0
2025-11-19 00:00:00-05:00,95.58000183105469,96.91000366210938,92.45999908447266,95.41000366210938,172200,0.0,0.0
2025-11-20 00:00:00-05:00,98.5,100.97000122070312,92.80000305175781,93.0199966430664,284600,0.0,0.0
2025-11-21 00:00:00-05:00,92.6500015258789,97.30000305175781,91.43000030517578,97.2300033569336,378900,0.0,0.0
2025-11-24 00:00:00-05:00,97.2300033569336,102.0,97.0199966430664,99.62000274658203,307100,0.0,0.0
2025-11-25 00:00:00-05:00,98.83000183105469,100.0,97.02999877929688,99.4000015258789,228500,0.0,0.0
2025-11-26 00:00:00-05:00,100.20999908447266,101.7699966430664,98.19999694824219,100.93000030517578,119800,0.0,0.0
2025-11-28 00:00:00-05:00,101.93000030517578,102.73999786376953,99.01000213623047,100.9000015258789,120300,0.0,0.0
2025-12-01 00:00:00-05:00,100.12000274658203,100.66999816894531,96.58000183105469,97.58999633789062,233000,0.0,0.0
2025-12-02 00:00:00-05:00,98.5,99.98999786376953,97.77999877929688,98.54000091552734,115500,0.0,0.0
2025-12-03 00:00:00-05:00,98.0,99.97000122070312,95.98999786376953,99.75,101900,0.0,0.0
2025-12-04 00:00:00-05:00,99.97000122070312,106.55000305175781,99.9000015258789,105.1500015258789,176900,0.0,0.0
2025-12-05 00:00:00-05:00,105.0,105.25,101.79000091552734,104.30000305175781,126200,0.0,0.0
2025-12-08 00:00:00-05:00,105.58999633789062,105.87999725341797,102.55000305175781,103.56999969482422,127800,0.0,0.0
2025-12-09 00:00:00-05:00,103.02999877929688,104.13999938964844,101.66000366210938,103.19000244140625,176200,0.0,0.0
2025-12-10 00:00:00-05:00,103.12000274658203,105.7699966430664,102.5,103.66999816894531,179700,0.0,0.0
2025-12-11 00:00:00-05:00,104.2300033569336,109.5199966430664,103.0999984741211,108.11000061035156,297100,0.0,0.0
2025-12-12 00:00:00-05:00,108.01000213623047,109.62000274658203,102.19000244140625,103.51000213623047,236100,0.0,0.0
2025-12-15 00:00:00-05:00,105.44999694824219,106.69000244140625,103.5199966430664,104.51000213623047,122600,0.0,0.0
2025-12-16 00:00:00-05:00,104.68000030517578,106.69000244140625,103.02999877929688,103.7699966430664,153400,0.0,0.0
2025-12-17 00:00:00-05:00,103.7699966430664,105.63999938964844,101.0,101.87000274658203,137900,0.0,0.0
2025-12-18 00:00:00-05:00,103.93000030517578,107.37000274658203,103.93000030517578,105.8499984741211,131600,0.0,0.0
2025-12-19 00:00:00-05:00,105.61000061035156,111.4800033569336,104.66000366210938,111.37000274658203,363100,0.0,0.0
2025-12-22 00:00:00-05:00,114.81999969482422,115.93000030517578,111.48999786376953,113.55999755859375,457900,0.0,0.0
2025-12-23 00:00:00-05:00,112.12000274658203,114.43000030517578,109.0,110.01000213623047,203400,0.0,0.0
2025-12-24 00:00:00-05:00,110.83000183105469,115.0,110.70999908447266,112.94000244140625,127100,0.0,0.0
2025-12-26 00:00:00-05:00,112.33000183105469,112.98999786376953,110.05000305175781,111.2699966430664,127200,0.0,0.0
2025-12-29 00:00:00-05:00,110.04000091552734,112.0,107.43000030517578,110.80999755859375,142600,0.0,0.0
2025-12-30 00:00:00-05:00,110.80999755859375,110.9800033569336,107.72000122070312,108.30000305175781,127200,0.0,0.0
2025-12-31 00:00:00-05:00,108.43000030517578,108.5199966430664,103.4800033569336,103.66000366210938,316600,0.0,0.0
2026-01-02 00:00:00-05:00,104.47000122070312,107.13999938964844,103.75,106.66000366210938,156900,0.0,0.0
2026-01-05 00:00:00-05:00,107.7699966430664,111.37999725341797,107.62999725341797,109.73999786376953,183500,0.0,0.0
2026-01-06 00:00:00-05:00,109.79000091552734,114.12000274658203,105.12000274658203,113.9000015258789,605100,0.0,0.0
2026-01-07 00:00:00-05:00,114.83000183105469,117.0,111.11000061035156,114.29000091552734,454100,0.0,0.0
2026-01-08 00:00:00-05:00,114.9800033569336,116.0,108.0,112.69000244140625,372800,0.0,0.0
2026-01-09 00:00:00-05:00,113.19000244140625,120.0,113.19000244140625,119.79000091552734,398700,0.0,0.0
2026-01-12 00:00:00-05:00,119.81999969482422,122.98999786376953,119.0,121.5999984741211,433400,0.0,0.0
2026-01-13 00:00:00-05:00,122.56999969482422,127.81999969482422,122.5199966430664,127.06999969482422,465400,0.0,0.0
2026-01-14 00:00:00-05:00,126.47000122070312,129.7100067138672,121.51000213623047,129.2100067138672,476100,0.0,0.0
2026-01-15 00:00:00-05:00,130.8300018310547,135.0,129.25999450683594,133.99000549316406,402300,0.0,0.0
2026-01-16 00:00:00-05:00,134.0,135.10000610351562,130.86000061035156,133.77999877929688,281300,0.0,0.0
2026-01-20 00:00:00-05:00,130.75999450683594,133.3699951171875,128.05999755859375,130.8300018310547,267400,0.0,0.0
2026-01-21 00:00:00-05:00,131.9600067138672,133.0,125.04000091552734,129.91000366210938,312700,0.0,0.0
2026-01-22 00:00:00-05:00,131.10000610351562,132.74000549316406,130.52999877929688,131.60000610351562,161500,0.0,0.0
2026-01-23 00:00:00-05:00,131.5,133.02999877929688,126.0,127.23999786376953,329900,0.0,0.0
2026-01-26 00:00:00-05:00,127.37000274658203,131.75,125.95999908447266,129.0399932861328,196500,0.0,0.0
2026-01-27 00:00:00-05:00,130.63999938964844,135.5500030517578,129.69000244140625,134.94000244140625,242300,0.0,0.0
2026-01-28 00:00:00-05:00,135.3000030517578,137.0,131.41000366210938,133.36000061035156,273900,0.0,0.0
2026-01-29 00:00:00-05:00,133.85000610351562,136.72000122070312,129.22999572753906,133.86000061035156,181600,0.0,0.0
2026-01-30 00:00:00-05:00,133.25,136.0,125.0,126.19999694824219,298900,0.0,0.0
2026-02-02 00:00:00-05:00,125.73999786376953,128.8300018310547,122.0199966430664,128.16000366210938,251700,0.0,0.0
2026-02-03 00:00:00-05:00,130.7100067138672,135.0,125.33000183105469,127.08999633789062,235600,0.0,0.0
2026-02-04 00:00:00-05:00,127.4000015258789,127.4000015258789,105.75,111.94000244140625,685500,0.0,0.0
2026-02-05 00:00:00-05:00,110.44000244140625,112.22000122070312,106.80999755859375,107.45999908447266,314200,0.0,0.0
2026-02-06 00:00:00-05:00,110.69000244140625,115.44000244140625,110.23999786376953,115.19999694824219,399100,0.0,0.0
2026-02-09 00:00:00-05:00,115.5999984741211,120.0,115.51000213623047,117.56999969482422,253200,0.0,0.0
2026-02-10 00:00:00-05:00,116.38999938964844,118.19999694824219,112.6500015258789,114.55000305175781,211500,0.0,0.0
2026-02-11 00:00:00-05:00,116.27999877929688,117.44000244140625,110.0,113.26000213623047,210600,0.0,0.0
2026-02-12 00:00:00-05:00,113.91999816894531,117.8499984741211,110.45999908447266,112.5,326000,0.0,0.0
2026-02-13 00:00:00-05:00,112.93000030517578,121.0,112.51000213623047,117.33000183105469,315800,0.0,0.0
2026-02-17 00:00:00-05:00,116.45999908447266,118.16999816894531,111.73999786376953,115.0999984741211,330400,0.0,0.0
2026-02-18 00:00:00-05:00,115.25,119.86000061035156,113.94999694824219,116.27999877929688,260600,0.0,0.0
2026-02-19 00:00:00-05:00,115.93000030517578,119.41000366210938,115.93000030517578,118.12999725341797,154200,0.0,0.0
2026-02-20 00:00:00-05:00,117.30000305175781,120.48999786376953,116.5,119.0,157500,0.0,0.0
2026-02-23 00:00:00-05:00,116.68000030517578,117.26000213623047,109.38999938964844,110.37000274658203,276600,0.0,0.0
2026-02-24 00:00:00-05:00,110.37000274658203,112.12000274658203,108.11000061035156,111.66999816894531,207800,0.0,0.0
2026-02-25 00:00:00-05:00,113.91999816894531,118.27999877929688,111.30999755859375,117.0999984741211,196100,0.0,0.0
2026-02-26 00:00:00-05:00,117.43000030517578,121.29000091552734,114.87999725341797,119.5999984741211,278000,0.0,0.0
2026-02-27 00:00:00-05:00,100.1500015258789,100.36000061035156,88.0,89.13999938964844,1214200,0.0,0.0
2026-03-02 00:00:00-05:00,87.26000213623047,89.30000305175781,83.01000213623047,87.4800033569336,697500,0.0,0.0
2026-03-03 00:00:00-05:00,84.76000213623047,86.80000305175781,82.0,86.08999633789062,388100,0.0,0.0
2026-03-04 00:00:00-05:00,87.5,88.51000213623047,83.37999725341797,83.87000274658203,325400,0.0,0.0
2026-03-05 00:00:00-05:00,82.66000366210938,84.0,81.13999938964844,82.26000213623047,321300,0.0,0.0
2026-03-06 00:00:00-05:00,79.05999755859375,83.1500015258789,77.31999969482422,82.9800033569336,354100,0.0,0.0
2026-03-09 00:00:00-04:00,80.25,83.80000305175781,78.66999816894531,83.05999755859375,291100,0.0,0.0
2026-03-10 00:00:00-04:00,83.05999755859375,85.16000366210938,81.12999725341797,83.30999755859375,368300,0.0,0.0
2026-03-11 00:00:00-04:00,82.06999969482422,84.98999786376953,81.0999984741211,83.9800033569336,236000,0.0,0.0
2026-03-12 00:00:00-04:00,81.9800033569336,83.33999633789062,78.3499984741211,79.93000030517578,380400,0.0,0.0
2026-03-13 00:00:00-04:00,81.13999938964844,82.73999786376953,77.01000213623047,79.48999786376953,455900,0.0,0.0
2026-03-16 00:00:00-04:00,80.77999877929688,82.25,78.0,78.61000061035156,430100,0.0,0.0
2026-03-17 00:00:00-04:00,79.08000183105469,80.66999816894531,77.19999694824219,78.29000091552734,300600,0.0,0.0
2026-03-18 00:00:00-04:00,78.29000091552734,78.5,74.72000122070312,75.18000030517578,294300,0.0,0.0
2026-03-19 00:00:00-04:00,74.05000305175781,76.19000244140625,73.06999969482422,75.43000030517578,244300,0.0,0.0
2026-03-20 00:00:00-04:00,75.73999786376953,76.13999938964844,73.58000183105469,75.5199966430664,317600,0.0,0.0
2026-03-23 00:00:00-04:00,77.0,80.55000305175781,76.55999755859375,80.44000244140625,340500,0.0,0.0
2026-03-24 00:00:00-04:00,79.5,82.2699966430664,78.5,81.81999969482422,293000,0.0,0.0
2026-03-25 00:00:00-04:00,83.72000122070312,85.3499984741211,81.93000030517578,82.80000305175781,369200,0.0,0.0
2026-03-26 00:00:00-04:00,80.86000061035156,83.5199966430664,79.94000244140625,80.1500015258789,252300,0.0,0.0
2026-03-27 00:00:00-04:00,78.75,81.05000305175781,77.94999694824219,79.79000091552734,259900,0.0,0.0
2026-03-30 00:00:00-04:00,80.0,80.0,75.16000366210938,75.33000183105469,284600,0.0,0.0
2026-03-31 00:00:00-04:00,76.72000122070312,77.0999984741211,73.66999816894531,76.55999755859375,266600,0.0,0.0
2026-04-01 00:00:00-04:00,77.79000091552734,80.25,77.2300033569336,79.0,189000,0.0,0.0
2026-04-02 00:00:00-04:00,76.87999725341797,82.04000091552734,76.56999969482422,80.33999633789062,190400,0.0,0.0
2026-04-06 00:00:00-04:00,80.41999816894531,81.0,78.80000305175781,78.9800033569336,184400,0.0,0.0
2026-04-07 00:00:00-04:00,77.9000015258789,79.26000213623047,76.51000213623047,78.01000213623047,259000,0.0,0.0
2026-04-08 00:00:00-04:00,81.80000305175781,83.70999908447266,79.55000305175781,80.83000183105469,230100,0.0,0.0
2026-04-09 00:00:00-04:00,80.83000183105469,84.7699966430664,79.5,84.0,331800,0.0,0.0
2026-04-10 00:00:00-04:00,83.77999877929688,84.44999694824219,78.01000213623047,78.22000122070312,313300,0.0,0.0
2026-04-13 00:00:00-04:00,77.01000213623047,79.66999816894531,75.5,77.69000244140625,306900,0.0,0.0
2026-04-14 00:00:00-04:00,78.36000061035156,80.55999755859375,78.0,80.1500015258789,175100,0.0,0.0
2026-04-15 00:00:00-04:00,80.33999633789062,80.6500015258789,77.13999938964844,78.72000122070312,443400,0.0,0.0
2026-04-16 00:00:00-04:00,80.2300033569336,81.5999984741211,77.72000122070312,77.75,204900,0.0,0.0
2026-04-17 00:00:00-04:00,79.69000244140625,80.5,77.19999694824219,77.77999877929688,517154,0.0,0.0
