Date,Open,High,Low,Close,Volume,Dividends,Stock Splits
2022-01-03 00:00:00-05:00,79.14915636107,79.14915636107,77.49966079647166,78.55498504638672,1134800,0.0,0.0
2022-01-04 00:00:00-05:00,78.53725997071017,79.32653408278708,78.04063988201672,78.13819122314453,996900,0.0,0.0
2022-01-05 00:00:00-05:00,78.13816459614318,79.00724945520024,77.8543808184598,78.33326721191406,1135800,0.0,0.0
2022-01-06 00:00:00-05:00,78.218008931097,78.79444687798558,77.74799248339984,77.95196533203125,865500,0.0,0.0
2022-01-07 00:00:00-05:00,77.71249218611779,78.6702650548549,77.39323456320543,78.25345611572266,822800,0.0,0.0
2022-01-10 00:00:00-05:00,78.30668725371862,78.48404963125466,77.05626016448423,77.60609436035156,1321100,0.0,0.0
2022-01-11 00:00:00-05:00,77.59720591522381,78.0228849932578,76.57735557000727,77.12718963623047,1591700,0.0,0.0
2022-01-12 00:00:00-05:00,77.01190680882328,78.01402374109567,76.59510459577658,77.783447265625,1057100,0.0,0.0
2022-01-13 00:00:00-05:00,77.85439612272866,79.37086661713198,77.56174214154373,78.80329895019531,1739500,0.0,0.0
2022-01-14 00:00:00-05:00,78.56386561856236,78.92746731113068,77.88988312873165,78.12045288085938,1952300,0.0,0.0
2022-01-18 00:00:00-05:00,77.75686642683792,78.02291680482587,76.6660679962179,77.70365905761719,1202700,0.0,0.0
2022-01-19 00:00:00-05:00,77.89872923168444,78.33327848971486,77.3577720363538,77.72136688232422,929900,0.0,0.0
2022-01-20 00:00:00-05:00,77.91648582808126,78.98067367877469,77.74798682477729,77.93421936035156,956200,0.0,0.0
2022-01-21 00:00:00-05:00,78.56385397047586,78.89198178346588,77.56174376758158,77.79232025146484,1157900,0.0,0.0
2022-01-24 00:00:00-05:00,77.56173671555062,78.15590801813028,74.75050225474253,76.6217041015625,1937900,0.0,0.0
2022-01-25 00:00:00-05:00,75.94772056008702,77.11832972258577,75.66393672572187,76.2492446899414,1211000,0.0,0.0
2022-01-26 00:00:00-05:00,76.34679972854303,77.12721045459921,75.18506055436191,75.89452362060547,1481500,0.0,0.0
2022-01-27 00:00:00-05:00,76.52414705906286,77.32229108953005,76.06299416770877,76.55075073242188,1865300,0.0,0.0
2022-01-28 00:00:00-05:00,76.40887954883763,77.7302474975586,75.75262388275858,77.7302474975586,2766500,0.0,0.0
2022-01-31 00:00:00-05:00,77.24248355115952,78.77669432248459,76.97644001633438,78.6968765258789,2207800,0.0,0.0
2022-02-01 00:00:00-05:00,78.59046830353857,79.02501084910249,77.11833491212094,77.67703247070312,2278300,0.0,0.0
2022-02-02 00:00:00-05:00,77.64156556152739,78.74122715010667,77.56174775817864,78.5372543334961,1292700,0.0,0.0
2022-02-03 00:00:00-05:00,78.73235973778314,79.09596140778599,77.94308565493027,78.04950714111328,917200,0.0,0.0
2022-02-04 00:00:00-05:00,77.41097249015564,77.97854007666231,76.51527714403693,77.04737091064453,807100,0.0,0.0
2022-02-07 00:00:00-05:00,76.86113383285976,77.71248516169265,76.6216940202882,77.4730453491211,1277200,0.0,0.0
2022-02-08 00:00:00-05:00,77.77458564767014,77.95195478899991,77.29570588093208,77.49967193603516,855300,0.0,0.0
2022-02-09 00:00:00-05:00,77.96967976914124,78.25346359820506,77.47305975976461,77.783447265625,975800,0.0,0.0
2022-02-10 00:00:00-05:00,77.12718917709202,77.52625781304747,75.70827020199121,75.87676239013672,1110000,0.0,0.0
2022-02-11 00:00:00-05:00,76.08075426712432,76.54190051259201,75.62847140445757,76.0186767578125,1349800,0.0,0.0
2022-02-14 00:00:00-05:00,76.45320287249433,76.67490918175197,74.61747490247859,75.49542999267578,1324600,0.0,0.0
2022-02-15 00:00:00-05:00,75.94772412600113,76.31132577525916,74.4578572341465,74.830322265625,958400,0.0,0.0
2022-02-16 00:00:00-05:00,74.85691838551828,75.27372054616193,74.08537802571965,74.91012573242188,803300,0.0,0.0
2022-02-17 00:00:00-05:00,74.8037071319065,75.41561870844423,74.09425100429686,74.94560241699219,1055200,0.0,0.0
2022-02-18 00:00:00-05:00,74.08539130590513,75.76149069321076,74.04991747963076,75.0875015258789,1379500,0.0,0.0
2022-02-22 00:00:00-05:00,75.63733190374461,76.09847809038143,74.47559290657206,75.3092041015625,970400,0.0,0.0
2022-02-23 00:00:00-05:00,75.30034521594233,75.56638876667695,74.1829433582232,74.2804946899414,876000,0.0,0.0
2022-02-24 00:00:00-05:00,73.86367511548879,74.20953641811319,72.51569696059506,73.82820129394531,1259700,0.0,0.0
2022-02-25 00:00:00-05:00,74.58201346857153,76.32019040993627,74.48446213502048,76.29358673095703,1334000,0.0,0.0
2022-02-28 00:00:00-05:00,75.66393584731682,76.42660616193288,75.39788554558928,76.2226333618164,1519200,0.0,0.0
2022-03-01 00:00:00-05:00,76.17829292310753,76.6039652686813,74.50219368478847,75.19391632080078,1213800,0.0,0.0
2022-03-02 00:00:00-05:00,75.24711463091316,76.48867122720931,75.14069994027633,76.25809478759766,1297000,0.0,0.0
2022-03-03 00:00:00-05:00,76.39115517474895,77.73026369947975,76.39115517474895,77.41987609863281,908700,0.0,0.0
2022-03-04 00:00:00-05:00,77.18039512525186,79.45953559061397,76.99416264745254,79.38858795166016,1158200,0.0,0.0
2022-03-07 00:00:00-05:00,79.44182302955436,79.68126291679066,78.37762846221038,79.43295288085938,1787800,0.0,0.0
2022-03-08 00:00:00-05:00,79.87036207963864,80.00426926663971,78.31705641851262,78.33490753173828,1616500,0.59,0.0
2022-03-09 00:00:00-05:00,79.07586277151681,79.07586277151681,77.32616063297247,77.43328094482422,1930900,0.0,0.0
2022-03-10 00:00:00-05:00,77.14761799091067,78.29920905718764,76.97800855457767,78.15637969970703,983000,0.0,0.0
2022-03-11 00:00:00-05:00,77.9956781660752,79.03121295372965,77.89748002102148,78.10279846191406,933100,0.0,0.0
2022-03-14 00:00:00-04:00,78.69199523873742,79.09371001009934,77.62074449710097,78.00460815429688,791700,0.0,0.0
2022-03-15 00:00:00-04:00,78.78127499810472,79.00445141452995,78.14745479275352,78.96874237060547,1262100,0.0,0.0
2022-03-16 00:00:00-04:00,78.88839812115579,79.13835460512188,77.54933969064884,78.49560546875,1189400,0.0,0.0
2022-03-17 00:00:00-04:00,78.70983803705337,79.57576341487854,78.45095263877973,79.10263061523438,1319700,0.0,0.0
2022-03-18 00:00:00-04:00,79.0669358373582,79.46865063871607,78.24564830834022,78.42418670654297,2223300,0.0,0.0
2022-03-21 00:00:00-04:00,78.62059734215819,80.02214513666034,78.62059734215819,79.86145782470703,1362200,0.0,0.0
2022-03-22 00:00:00-04:00,80.19174100473096,80.19174100473096,78.91517179876553,79.07585906982422,1149500,0.0,0.0
2022-03-23 00:00:00-04:00,79.25439555337212,79.9774848503842,78.78126271405297,79.56684112548828,1530000,0.0,0.0
2022-03-24 00:00:00-04:00,79.48650596515667,80.36135362286012,79.3079607619905,79.94178771972656,893100,0.0,0.0
2022-03-25 00:00:00-04:00,80.33457196632419,81.39689376917579,79.95070830056459,81.03981018066406,1675500,0.0,0.0
2022-03-28 00:00:00-04:00,81.04872874628138,82.12890152513089,80.32563951013636,81.95036315917969,1838000,0.0,0.0
2022-03-29 00:00:00-04:00,82.14676756894383,82.53956021839554,81.61114556292999,82.48600006103516,1533700,0.0,0.0
2022-03-30 00:00:00-04:00,82.63775721983744,83.79827722556686,82.28067361724352,83.7536392211914,1752900,0.0,0.0
2022-03-31 00:00:00-04:00,83.61972620206149,84.56599870473066,83.61972620206149,83.7000732421875,1512800,0.0,0.0
2022-04-01 00:00:00-04:00,83.66438820161379,84.67314329812818,83.11983712177023,84.61958312988281,1246300,0.0,0.0
2022-04-04 00:00:00-04:00,84.11072337087467,84.64634537284782,83.20908880089117,84.26248168945312,1019400,0.0,0.0
2022-04-05 00:00:00-04:00,84.41423888947465,85.53904984627592,84.31604072915373,84.75347137451172,1409200,0.0,0.0
2022-04-06 00:00:00-04:00,85.00343186822924,87.03879963142003,84.87845362387917,86.70849609375,1735800,0.0,0.0
2022-04-07 00:00:00-04:00,86.59245596349871,86.69958310317813,85.63726110313765,86.4139175415039,1314100,0.0,0.0
2022-04-08 00:00:00-04:00,86.80669607104787,87.05665256496656,86.06575555287567,86.65493774414062,1352300,0.0,0.0
2022-04-11 00:00:00-04:00,86.77099251387038,87.13700512511043,85.90507369398854,86.12825012207031,1097100,0.0,0.0
2022-04-12 00:00:00-04:00,85.92290232655922,86.78882773064356,85.52118758545727,86.36925506591797,847600,0.0,0.0
2022-04-13 00:00:00-04:00,86.36926539037135,86.61922186456331,85.51226884565473,85.92291259765625,1132300,0.0,0.0
2022-04-14 00:00:00-04:00,86.2353581903962,86.52995266818091,85.84257236415303,85.92291259765625,795300,0.0,0.0
2022-04-18 00:00:00-04:00,86.19964352061552,86.5924361320114,85.36050495645524,85.77114868164062,758600,0.0,0.0
2022-04-19 00:00:00-04:00,86.18180152017666,86.43175800447762,85.88720703047768,86.25321960449219,1111300,0.0,0.0
2022-04-20 00:00:00-04:00,87.05663869579986,88.04754236083156,86.77097320385936,87.94042205810547,1253300,0.0,0.0
2022-04-21 00:00:00-04:00,87.92255355955656,88.55637358073403,87.1816132485361,87.31551361083984,1182900,0.0,0.0
2022-04-22 00:00:00-04:00,87.2084018674454,87.47620942909985,86.30676741169651,86.48530578613281,1111100,0.0,0.0
2022-04-25 00:00:00-04:00,86.69957730880242,87.00309396806956,84.66420265574865,85.62832641601562,1397900,0.0,0.0
2022-04-26 00:00:00-04:00,85.47655052255566,86.32461801229663,84.71775221950284,84.73560333251953,884300,0.0,0.0
2022-04-27 00:00:00-04:00,84.75346663786695,85.42299579674422,83.70899597380829,84.20891571044922,1038400,0.0,0.0
2022-04-28 00:00:00-04:00,84.48565093351186,85.37835646477113,83.9232489007075,85.208740234375,1155400,0.0,0.0
2022-04-29 00:00:00-04:00,84.75347816521972,84.80703832575773,82.82523065620617,82.93235778808594,1537500,0.0,0.0
2022-05-02 00:00:00-04:00,83.39655417641853,83.93217616564526,81.15586806022634,82.12891387939453,1254500,0.0,0.0
2022-05-03 00:00:00-04:00,82.68238276524377,83.75362660080224,82.0396337395878,82.50383758544922,1174000,0.0,0.0
2022-05-04 00:00:00-04:00,82.7538105992057,83.95896866906497,82.5574210783047,83.78935241699219,1136300,0.0,0.0
2022-05-05 00:00:00-04:00,83.41442064041567,83.88755355950885,82.61991313273018,83.24480438232422,1272300,0.0,0.0
2022-05-06 00:00:00-04:00,82.67347369470734,83.37871200027047,81.87896618316996,82.70918273925781,1800600,0.0,0.0
2022-05-09 00:00:00-04:00,82.29853045295746,83.36084547282583,81.3879669378667,82.73595428466797,1699100,0.0,0.0
2022-05-10 00:00:00-04:00,82.73595640583623,83.85183842101486,81.12016142731464,82.92342376708984,2522800,0.0,0.0
2022-05-11 00:00:00-04:00,82.81629305463068,84.68205124481344,82.72702385944366,83.39655303955078,1635800,0.0,0.0
2022-05-12 00:00:00-04:00,83.50367835184775,83.70007466348771,81.39689269920567,82.6734619140625,1439100,0.0,0.0
2022-05-13 00:00:00-04:00,83.10196171491732,83.28943588595844,81.77183226705651,83.11981964111328,1413500,0.0,0.0
2022-05-16 00:00:00-04:00,83.35192355683023,83.4501217167908,82.2360415670993,83.00376892089844,1196600,0.0,0.0
2022-05-17 00:00:00-04:00,83.4233337983982,83.8429065110874,82.17355143396622,83.46797180175781,1389200,0.0,0.0
2022-05-18 00:00:00-04:00,83.80719544095118,83.82505336618377,82.39672583370711,82.84307861328125,1414800,0.0,0.0
2022-05-19 00:00:00-04:00,82.59312105457366,82.84308434951762,81.57543719154219,82.55741882324219,1392400,0.0,0.0
2022-05-20 00:00:00-04:00,82.88771608258509,82.99484320968563,81.95037926096825,82.70024871826172,2045300,0.0,0.0
2022-05-23 00:00:00-04:00,83.57509860001473,83.80719714633814,82.45028766557438,83.22694396972656,1176300,0.0,0.0
2022-05-24 00:00:00-04:00,83.42332820886708,85.53011378318365,82.98590441062416,85.2623062133789,1415500,0.0,0.0
2022-05-25 00:00:00-04:00,85.44084209938718,85.44084209938718,84.75346186506883,85.24444580078125,1278700,0.0,0.0
2022-05-26 00:00:00-04:00,85.98540161727342,86.3157051353917,85.55689994000659,85.58368682861328,1164800,0.0,0.0
2022-05-27 00:00:00-04:00,85.36051076472859,86.35141451213677,85.05698732323263,86.19072723388672,1116300,0.0,0.0
2022-05-31 00:00:00-04:00,85.25339062819594,85.72652353881232,84.4053229745406,84.97665405273438,1581300,0.0,0.0
2022-06-01 00:00:00-04:00,85.09271190407952,85.09271190407952,83.98575867997933,84.24464416503906,1312100,0.0,0.0
2022-06-02 00:00:00-04:00,84.58385084343277,84.73560915230587,82.90556686170011,84.01251983642578,2610500,0.0,0.0
2022-06-03 00:00:00-04:00,84.0214512503187,84.4410171498908,83.2447949474454,83.29835510253906,1615100,0.0,0.0
2022-06-06 00:00:00-04:00,83.58402006706913,83.94110365722912,82.91449088957026,83.15552520751953,1713800,0.0,0.0
2022-06-07 00:00:00-04:00,82.76921685054485,84.53905797822561,82.6075053045076,84.19766998291016,2733600,0.59,0.0
2022-06-08 00:00:00-04:00,83.94613457433908,83.94613457433908,82.69736453182065,82.95789337158203,2412400,0.0,0.0
2022-06-09 00:00:00-04:00,83.00280228704212,83.29028872038853,80.7478265057896,80.8017349243164,1094200,0.0,0.0
2022-06-10 00:00:00-04:00,79.98418923808592,80.8466485157862,79.64280124927238,80.1728515625,970700,0.0,0.0
2022-06-13 00:00:00-04:00,79.26547026410798,79.5080341320454,76.48043759644844,76.88471984863281,1563200,0.0,0.0
2022-06-14 00:00:00-04:00,76.8667419347192,77.23508750025137,74.18952630718903,74.83637237548828,1544000,0.0,0.0
2022-06-15 00:00:00-04:00,75.33050353818517,75.99531466173151,73.96494462843894,74.80045318603516,1263900,0.0,0.0
2022-06-16 00:00:00-04:00,73.81220365206643,74.05476750692398,72.94973763560013,73.66845703125,1332500,0.0,0.0
2022-06-17 00:00:00-04:00,73.85712194428616,74.24343243363205,72.40171820098425,73.12043762207031,2183300,0.0,0.0
2022-06-21 00:00:00-04:00,73.35404871158559,74.52195962101344,73.18335124579538,74.07276153564453,1576300,0.0,0.0
2022-06-22 00:00:00-04:00,73.7583052974747,75.31253328941048,73.7583052974747,74.81841278076172,1554700,0.0,0.0
2022-06-23 00:00:00-04:00,74.96216242011903,76.70504595244314,74.87231733915793,76.64215850830078,1682600,0.0,0.0
2022-06-24 00:00:00-04:00,76.98354914306711,79.5170253818895,76.64215430426307,78.97798919677734,3015300,0.0,0.0
2022-06-27 00:00:00-04:00,78.6904918908605,80.17284646467745,78.49285055467264,79.93028259277344,1748500,0.0,0.0
2022-06-28 00:00:00-04:00,80.28065613472741,81.21498866951904,80.01113462988145,80.49626922607422,1628100,0.0,0.0
2022-06-29 00:00:00-04:00,80.66695678088092,81.08920388825192,79.90332174940066,80.53219604492188,1302400,0.0,0.0
2022-06-30 00:00:00-04:00,79.82247452893294,81.70910455245684,79.82247452893294,81.1790542602539,2035200,0.0,0.0
2022-07-01 00:00:00-04:00,81.5024770490621,83.02076831163032,81.17006809893402,82.8231201171875,2232100,0.0,0.0
2022-07-05 00:00:00-04:00,82.42782880033641,82.67937857084526,77.96279981115299,79.04985809326172,1883500,0.0,0.0
2022-07-06 00:00:00-04:00,79.409195968087,80.40641575087645,78.69946253727736,79.51700592041016,1551700,0.0,0.0
2022-07-07 00:00:00-04:00,79.51702294056678,80.32558062051923,79.04985323472012,79.27445220947266,1269600,0.0,0.0
2022-07-08 00:00:00-04:00,79.15765920061847,79.46311050078612,78.54674974606675,78.83423614501953,1250000,0.0,0.0
2022-07-11 00:00:00-04:00,78.42097444763992,79.49904672428492,78.07060061501949,78.9869613647461,1536600,0.0,0.0
2022-07-12 00:00:00-04:00,78.52879200591212,79.7506041722165,78.42098202614245,78.62760925292969,1283800,0.0,0.0
2022-07-13 00:00:00-04:00,78.12451270898006,79.07681024359023,77.89092783765817,78.2323226928711,748100,0.0,0.0
2022-07-14 00:00:00-04:00,76.86674567940389,78.34011430487813,76.75894256557952,78.20536041259766,887400,0.0,0.0
2022-07-15 00:00:00-04:00,78.87017280166569,78.95102513845721,77.5854664569856,78.83423614501953,861100,0.0,0.0
2022-07-18 00:00:00-04:00,78.5198047969554,78.79830533887024,77.58547221743386,77.63937377929688,894800,0.0,0.0
2022-07-19 00:00:00-04:00,77.88195150053673,78.16943794661603,77.5764932960801,77.6843032836914,1374200,0.0,0.0
2022-07-20 00:00:00-04:00,77.76514141034315,77.88193725578094,76.50739272267678,77.12728118896484,1788100,0.0,0.0
2022-07-21 00:00:00-04:00,76.92066170344364,77.56750101305703,76.6331752810987,77.5405502319336,885100,0.0,0.0
2022-07-22 00:00:00-04:00,77.94482932845453,78.69947858596153,77.7741319160208,78.5467529296875,662300,0.0,0.0
2022-07-25 00:00:00-04:00,78.41199832671309,79.391253487738,78.25028677967306,79.31039428710938,658600,0.0,0.0
2022-07-26 00:00:00-04:00,79.16665129869745,80.46932264694722,79.16665129869745,80.31659698486328,652300,0.0,0.0
2022-07-27 00:00:00-04:00,80.08301058141221,80.46033521724485,79.66974928680263,80.30760955810547,646000,0.0,0.0
2022-07-28 00:00:00-04:00,81.08022738264853,82.8770191252003,80.8825791942932,82.7063217163086,985100,0.0,0.0
2022-07-29 00:00:00-04:00,82.75124857452242,84.06290579260082,82.62547369431059,83.65863037109375,1002700,0.0,0.0
2022-08-01 00:00:00-04:00,83.6406675766584,83.88323833892818,82.87703233519929,83.56879425048828,1197600,0.0,0.0
2022-08-02 00:00:00-04:00,84.04494591576575,84.38633391758103,83.06569074216873,83.12857818603516,1352300,0.0,0.0
2022-08-03 00:00:00-04:00,82.81413368987411,83.14654263779798,81.16108168258206,82.92194366455078,1610800,0.0,0.0
2022-08-04 00:00:00-04:00,82.86803923473624,83.41606130414787,82.18526325827017,82.2840805053711,1546700,0.0,0.0
2022-08-05 00:00:00-04:00,82.15830584834262,83.55980817351254,80.32558416519677,82.02355194091797,1580300,0.0,0.0
2022-08-08 00:00:00-04:00,82.77820311573147,83.10162620931592,82.16729358942943,82.55360412597656,1246100,0.0,0.0
2022-08-09 00:00:00-04:00,82.87700752221083,84.09882628442566,82.74224678954299,83.96406555175781,1056900,0.0,0.0
2022-08-10 00:00:00-04:00,84.32344452941486,84.6109309596351,83.65863344469626,84.404296875,1508000,0.0,0.0
2022-08-11 00:00:00-04:00,84.35937677146163,85.0960611387041,83.71253062379179,84.47616577148438,1318900,0.0,0.0
2022-08-12 00:00:00-04:00,84.95231452137209,85.40151247354385,84.6558490821435,85.19488525390625,1740800,0.0,0.0
2022-08-15 00:00:00-04:00,85.21285913872121,86.34484001670077,84.9074077890698,86.23703002929688,1046600,0.0,0.0
2022-08-16 00:00:00-04:00,86.0663356971525,87.0186332212643,85.95852571445,86.26397705078125,1238600,0.0,0.0
2022-08-17 00:00:00-04:00,86.14719243464668,86.76708787190348,85.9675159752012,86.55146789550781,840200,0.0,0.0
2022-08-18 00:00:00-04:00,86.72214466074288,87.18931431070494,86.53348236702527,86.87487030029297,1193700,0.0,0.0
2022-08-19 00:00:00-04:00,87.0815223803299,87.62055859603029,86.67724693210894,87.45884704589844,1380400,0.0,0.0
2022-08-22 00:00:00-04:00,86.99168825627298,87.24323804518271,85.8507214725811,86.09329223632812,1332100,0.0,0.0
2022-08-23 00:00:00-04:00,85.976483982014,86.20108295464645,85.06012318952897,85.65306091308594,769800,0.0,0.0
2022-08-24 00:00:00-04:00,85.71596282267568,86.1292241465381,85.19489151485105,86.0124282836914,1212200,0.0,0.0
2022-08-25 00:00:00-04:00,86.09328096901218,86.56942970059295,85.66204792001979,86.53349304199219,1571200,0.0,0.0
2022-08-26 00:00:00-04:00,86.3987501992543,86.71318745943377,85.1050644924847,85.15896606445312,1098200,0.0,0.0
2022-08-29 00:00:00-04:00,84.67383138901918,86.16517218679746,84.2246333445151,85.57222747802734,959300,0.0,0.0
2022-08-30 00:00:00-04:00,85.83274492472388,85.83274492472388,83.68557927665866,83.85626983642578,891500,0.0,0.0
2022-08-31 00:00:00-04:00,83.80235689852624,84.2066391103036,83.19144749660529,83.20941925048828,1628400,0.0,0.0
2022-09-01 00:00:00-04:00,83.3352215028434,84.36837835580444,82.90398837271235,84.32345581054688,935000,0.0,0.0
2022-09-02 00:00:00-04:00,84.22462234989784,85.15895498300544,83.07467660275533,83.4879379272461,876100,0.0,0.0
2022-09-06 00:00:00-04:00,83.75918351495221,84.55482094940069,83.15341386947397,83.37944793701172,993200,0.59,0.0
2022-09-07 00:00:00-04:00,83.88575844678627,86.48967520798247,83.81342589275037,86.44446563720703,1359600,0.0,0.0
2022-09-08 00:00:00-04:00,86.14609591547135,86.4535058100205,85.3956612149664,85.73019409179688,1111200,0.0,0.0
2022-09-09 00:00:00-04:00,86.01047721100365,86.72474566158111,85.54032940579435,86.44446563720703,1443300,0.0,0.0
2022-09-12 00:00:00-04:00,86.72474424301153,87.12256638568971,86.17322059903019,86.7337875366211,1050700,0.0,0.0
2022-09-13 00:00:00-04:00,86.01950821450376,86.20937596821113,83.72300168707336,84.15699005126953,1156000,0.0,0.0
2022-09-14 00:00:00-04:00,84.17506455853459,85.43181311146292,84.17506455853459,84.74467468261719,958800,0.0,0.0
2022-09-15 00:00:00-04:00,84.28357122520573,84.28357122520573,82.31255418394606,82.43913269042969,1106000,0.0,0.0
2022-09-16 00:00:00-04:00,82.24927118282447,83.1534073824413,82.24927118282447,82.93641662597656,2386200,0.0,0.0
2022-09-19 00:00:00-04:00,82.64708636960755,83.51505622050522,82.16788842976848,83.45176696777344,873800,0.0,0.0
2022-09-20 00:00:00-04:00,82.80982394805278,82.91832276577388,81.60732815053035,82.49337768554688,1257800,0.0,0.0
2022-09-21 00:00:00-04:00,83.10820029453554,84.09371236850747,81.75199595461945,81.78816223144531,1793700,0.0,0.0
2022-09-22 00:00:00-04:00,81.66157460117044,82.276387442596,81.01059548695382,81.74295043945312,1283600,0.0,0.0
2022-09-23 00:00:00-04:00,80.87498467644676,81.03772947711198,79.55494658127863,80.54045867919922,1149700,0.0,0.0
2022-09-26 00:00:00-04:00,80.20593193765954,80.24209821813909,77.95463443740543,78.39765930175781,1852700,0.0,0.0
2022-09-27 00:00:00-04:00,78.68697443976566,78.9943843427697,76.58937867683979,76.95103454589844,1604600,0.0,0.0
2022-09-28 00:00:00-04:00,78.03599443552517,78.29819476538876,76.89678777227054,77.7557144165039,1286800,0.0,0.0
2022-09-29 00:00:00-04:00,77.44830047435137,77.44830047435137,74.31998354506558,74.58218383789062,1473100,0.0,0.0
2022-09-30 00:00:00-04:00,75.05236063705131,75.26935143045222,72.63831133066587,72.82818603515625,2197700,0.0,0.0
2022-10-03 00:00:00-04:00,73.94024763947347,75.2693287829258,73.26214557836603,74.8172607421875,1348500,0.0,0.0
2022-10-04 00:00:00-04:00,74.89863641337062,76.11018245845729,74.59123342907209,76.01072692871094,1039500,0.0,0.0
2022-10-05 00:00:00-04:00,75.04329306542017,75.04329306542017,73.1355654248078,73.63284301757812,1354600,0.0,0.0
2022-10-06 00:00:00-04:00,73.35256965146372,73.35256965146372,71.04702641021906,71.28209686279297,1708600,0.0,0.0
2022-10-07 00:00:00-04:00,71.37251387921732,71.58046134245849,69.18449903138398,69.58232116699219,1739900,0.0,0.0
2022-10-10 00:00:00-04:00,69.64559934997706,70.84810196101522,69.52806414587968,70.2423324584961,1261100,0.0,0.0
2022-10-11 00:00:00-04:00,69.87164320429294,71.0922256732383,69.62752946970852,70.41412353515625,1649500,0.0,0.0
2022-10-12 00:00:00-04:00,70.26947152557707,70.49550559152502,67.71076424352347,67.75597381591797,2328000,0.0,0.0
2022-10-13 00:00:00-04:00,66.87894128009768,69.97108475643059,66.25508523034252,69.7902603149414,2599400,0.0,0.0
2022-10-14 00:00:00-04:00,70.48646375583867,71.11031999812676,68.69627777937815,68.94039154052734,1239800,0.0,0.0
2022-10-17 00:00:00-04:00,69.68177514929974,71.01989973145126,69.68177514929974,70.26042175292969,1191300,0.0,0.0
2022-10-18 00:00:00-04:00,71.58046258294033,72.17719579669395,71.09222819841787,71.75225067138672,1224300,0.0,0.0
2022-10-19 00:00:00-04:00,70.83001961598518,71.66183008049134,70.33274889380299,71.0289306640625,907800,0.0,0.0
2022-10-20 00:00:00-04:00,70.77577230151645,70.77577230151645,68.95845682198384,69.27490997314453,1465800,0.0,0.0
2022-10-21 00:00:00-04:00,69.50999142539462,70.73058086389683,68.86805552481108,70.14289093017578,1199600,0.0,0.0
2022-10-24 00:00:00-04:00,70.60398685627516,71.26400926420256,69.84451582053416,70.40508270263672,1959300,0.0,0.0
2022-10-25 00:00:00-04:00,70.54069975955339,72.03252579451609,70.37795497577542,71.89690399169922,1884300,0.0,0.0
2022-10-26 00:00:00-04:00,72.33993120865608,72.6925437354068,71.61661957028944,71.88786315917969,948000,0.0,0.0
2022-10-27 00:00:00-04:00,72.37609796887972,73.54242747415131,72.23143288102557,72.58404541015625,1290000,0.0,0.0
2022-10-28 00:00:00-04:00,72.87335701251867,74.55505045033148,72.87335701251867,74.43751525878906,913300,0.0,0.0
2022-10-31 00:00:00-04:00,74.43753229313035,74.43753229313035,73.31639847935406,73.7051773071289,1178400,0.0,0.0
2022-11-01 00:00:00-04:00,73.97641419120232,74.48272819138698,73.28023244094844,74.2476577758789,1125100,0.0,0.0
2022-11-02 00:00:00-04:00,74.01258139456895,75.55865329147248,73.37968888636668,73.38872528076172,1683700,0.0,0.0
2022-11-03 00:00:00-04:00,72.81914522040103,74.30192833883473,72.22241189570754,73.36162567138672,1937100,0.0,0.0
2022-11-04 00:00:00-04:00,73.48819532361836,74.46466415607887,72.34898168574776,73.26216125488281,1777400,0.0,0.0
2022-11-07 00:00:00-05:00,73.47913153988601,74.31094192337319,72.36704809469676,73.25309753417969,3203600,0.0,0.0
2022-11-08 00:00:00-05:00,73.73229031351465,74.96191577122745,73.45200347520588,74.43751525878906,2195400,0.0,0.0
2022-11-09 00:00:00-05:00,74.22053688507012,74.73590113795424,73.38873324176937,73.7503890991211,1972200,0.0,0.0
2022-11-10 00:00:00-05:00,75.7394913524847,77.21323786882175,74.5550750610093,77.1228256225586,2052700,0.0,0.0
2022-11-11 00:00:00-05:00,77.22227454847533,77.22227454847533,74.84439197715685,75.33262634277344,1479300,0.0,0.0
2022-11-14 00:00:00-05:00,75.40495421435047,75.75756675130516,74.54602075668271,74.57315063476562,1276200,0.0,0.0
2022-11-15 00:00:00-05:00,75.21508721996555,75.82085677442534,74.26574151974371,75.42303466796875,824000,0.0,0.0
2022-11-16 00:00:00-05:00,75.61291026734982,76.84253608931947,75.54962100730779,76.38143157958984,1194000,0.0,0.0
2022-11-17 00:00:00-05:00,75.69428620410078,75.99265281522732,75.1427625525076,75.57674407958984,1492800,0.0,0.0
2022-11-18 00:00:00-05:00,76.48991270782068,77.99981833983935,76.39045718494414,77.91844940185547,1689800,0.0,0.0
2022-11-21 00:00:00-05:00,78.11735866503624,79.02149474472876,77.77378254002612,78.4428482055664,1579000,0.0,0.0
2022-11-22 00:00:00-05:00,78.67793080456616,79.48261838628443,78.28915195416778,78.86780548095703,957800,0.0,0.0
2022-11-23 00:00:00-05:00,78.65984473221205,79.76289193443753,78.65984473221205,79.69055938720703,923200,0.0,0.0
2022-11-25 00:00:00-05:00,80.00701000635597,80.43195512191225,79.90755447301251,80.29633331298828,350000,0.0,0.0
2022-11-28 00:00:00-05:00,79.72672585162132,79.99796945537918,78.93108852421574,79.50973510742188,1056500,0.0,0.0
2022-11-29 00:00:00-05:00,79.11193132740186,79.25659645573249,78.51519802005751,78.8768539428711,1011000,0.0,0.0
2022-11-30 00:00:00-05:00,78.72312493489798,81.03771099605068,78.55133687948066,80.75743103027344,2240500,0.0,0.0
2022-12-01 00:00:00-05:00,81.51692917586404,82.17694478814704,80.1245584963743,80.19688415527344,1076100,0.0,0.0
2022-12-02 00:00:00-05:00,79.30178446353908,79.9075540558235,78.80451369742973,79.60015106201172,941900,0.0,0.0
2022-12-05 00:00:00-05:00,79.00340709269491,79.25657098591701,78.53325937273259,78.88587188720703,842600,0.0,0.0
2022-12-06 00:00:00-05:00,78.70382959983701,79.48668111741262,78.30329897829355,79.4593734741211,1175800,0.59,0.0
2022-12-07 00:00:00-05:00,79.38653616498206,79.81437436354452,78.52176185148619,78.84036254882812,1031200,0.0,0.0
2022-12-08 00:00:00-05:00,78.74935309478634,80.40608405144982,78.57639541385126,80.26953887939453,1136000,0.0,0.0
2022-12-09 00:00:00-05:00,79.93272111497936,81.16162060679211,79.91451833468209,80.66095733642578,1188500,0.0,0.0
2022-12-12 00:00:00-05:00,81.38008226780966,82.56345735297758,80.75197875004433,82.55435943603516,1005600,0.0,0.0
2022-12-13 00:00:00-05:00,83.78325095544544,84.14736903336714,81.79881472299559,82.7091064453125,1269400,0.0,0.0
2022-12-14 00:00:00-05:00,82.96398456287687,83.89248598136744,81.3163588166003,81.73509216308594,1485800,0.0,0.0
2022-12-15 00:00:00-05:00,81.27084008597623,81.71688106462058,79.97822756706236,80.27862548828125,1400600,0.0,0.0
2022-12-16 00:00:00-05:00,79.64142639923705,80.40607511073635,78.85857490780987,79.85990142822266,2888200,0.0,0.0
2022-12-19 00:00:00-05:00,79.60502119561144,80.16029979150565,78.95871480177861,79.4684829711914,836700,0.0,0.0
2022-12-20 00:00:00-05:00,79.48667892137352,79.73245464918242,78.8858899506322,79.37744140625,725000,0.0,0.0
2022-12-21 00:00:00-05:00,79.47757816417356,80.67916311269761,79.3228302184867,80.65185546875,918900,0.0,0.0
2022-12-22 00:00:00-05:00,80.14208704279159,80.46068776844093,78.9769147061454,80.43338012695312,876300,0.0,0.0
2022-12-23 00:00:00-05:00,80.23310069404462,81.60764294822383,80.23310069404462,81.49840545654297,792000,0.0,0.0
2022-12-27 00:00:00-05:00,81.7168787671871,82.29036695429512,81.19801280193052,82.1811294555664,1356700,0.0,0.0
2022-12-28 00:00:00-05:00,82.37230188081689,82.76372762711989,81.26174478921419,81.36187744140625,972900,0.0,0.0
2022-12-29 00:00:00-05:00,81.88983877810323,82.31767697931029,81.68957349711486,81.93535614013672,805300,0.0,0.0
2022-12-30 00:00:00-05:00,82.0445980042138,82.24486331280217,80.25132897952555,80.94314575195312,716500,0.0,0.0
2023-01-03 00:00:00-05:00,81.00685789431297,81.33456346780066,79.55039253713137,80.55171203613281,1084500,0.0,0.0
2023-01-04 00:00:00-05:00,80.96135807113016,81.96267770117724,80.36056212611659,80.97956085205078,1350000,0.0,0.0
2023-01-05 00:00:00-05:00,80.23311912156858,80.66095738103179,77.98469725245782,78.28509521484375,1362000,0.0,0.0
2023-01-06 00:00:00-05:00,79.00421229892912,80.62453030754716,78.80394702685739,80.39695739746094,1587100,0.0,0.0
2023-01-09 00:00:00-05:00,80.16027619716586,81.80790871828763,80.16027619716586,81.38917541503906,1479200,0.0,0.0
2023-01-10 00:00:00-05:00,81.36186920459272,81.37097406613621,80.2786268100497,81.12519836425781,1055500,0.0,0.0
2023-01-11 00:00:00-05:00,81.27084420834913,82.6180790189871,81.18892128657455,82.49063873291016,1427400,0.0,0.0
2023-01-12 00:00:00-05:00,82.76371664592924,82.76371664592924,81.55302706277024,81.69867706298828,1091600,0.0,0.0
2023-01-13 00:00:00-05:00,81.12520575563629,82.23575589101836,80.64274527951669,82.06280517578125,2667700,0.0,0.0
2023-01-17 00:00:00-05:00,82.29947496038687,82.54525066070072,80.87031034105928,81.23442840576172,2124500,0.0,0.0
2023-01-18 00:00:00-05:00,81.48930829453752,81.48930829453752,78.82215338920888,78.90408325195312,2359700,0.0,0.0
2023-01-19 00:00:00-05:00,78.87678120639139,78.87678120639139,78.04841238366518,78.32150268554688,937200,0.0,0.0
2023-01-20 00:00:00-05:00,78.27597976915331,78.95869853046636,77.32927558673562,78.90408325195312,970900,0.0,0.0
2023-01-23 00:00:00-05:00,78.5126672080064,79.14077076806254,78.01200394347251,78.26689147949219,1478100,0.0,0.0
2023-01-24 00:00:00-05:00,78.25778289675132,79.04063435773001,77.35659600840607,78.71292877197266,1118400,0.0,0.0
2023-01-25 00:00:00-05:00,78.12123351884732,79.11345508453778,77.83904531386838,79.09524536132812,1575100,0.0,0.0
2023-01-26 00:00:00-05:00,78.9496067582396,79.72335335894925,78.79485188211774,79.60501098632812,1138700,0.0,0.0
2023-01-27 00:00:00-05:00,79.40474740412532,79.94181616919077,79.13165711834577,79.3592300415039,1122100,0.0,0.0
2023-01-30 00:00:00-05:00,79.13166713583698,79.84169363477861,78.84037403511796,79.11346435546875,1821500,0.0,0.0
2023-01-31 00:00:00-05:00,79.35011731030362,79.46845966339271,77.97558199113195,79.07703399658203,2479200,0.0,0.0
2023-02-01 00:00:00-05:00,78.70382959983701,80.0874770497278,78.58549416391527,79.4593734741211,2930900,0.0,0.0
2023-02-02 00:00:00-05:00,79.63231897762986,80.39696065289388,78.74933493954569,78.94960021972656,2296500,0.0,0.0
2023-02-03 00:00:00-05:00,78.52177513567092,78.73113836721207,76.85593942134987,77.64789581298828,2301100,0.0,0.0
2023-02-06 00:00:00-05:00,77.52044734124927,78.52176685888216,77.39300010921075,78.19406127929688,1863300,0.0,0.0
2023-02-07 00:00:00-05:00,77.75711211872127,78.44893572658953,77.45671420339994,78.2759780883789,2005800,0.0,0.0
2023-02-08 00:00:00-05:00,77.92098077846612,77.92098077846612,76.72850068030489,77.11992645263672,1463800,0.0,0.0
2023-02-09 00:00:00-05:00,76.98338724440475,77.7116235569555,76.16412312902919,76.20964050292969,1109000,0.0,0.0
2023-02-10 00:00:00-05:00,76.48272101105087,77.9391935809205,76.20963761293226,77.8299560546875,1162000,0.0,0.0
2023-02-13 00:00:00-05:00,77.82993897550665,78.27597995603661,77.66608619460135,78.13943481445312,892600,0.0,0.0
2023-02-14 00:00:00-05:00,77.9209723366946,78.34881056998258,77.13812087684319,77.55685424804688,882500,0.0,0.0
2023-02-15 00:00:00-05:00,77.19274120878622,78.24867600046214,77.01067869644574,78.13034057617188,1093500,0.0,0.0
2023-02-16 00:00:00-05:00,77.61147091595771,78.75843343732046,77.09260493391997,78.13943481445312,1846600,0.0,0.0
2023-02-17 00:00:00-05:00,78.38521580882589,79.72334566723168,77.95737761518875,79.43205261230469,1283400,0.0,0.0
2023-02-21 00:00:00-05:00,78.96780899202699,79.19538192860344,78.1394401693008,78.32150268554688,1091400,0.0,0.0
2023-02-22 00:00:00-05:00,78.46715759527352,79.05884870866107,77.62969072908163,77.8299560546875,1134700,0.0,0.0
2023-02-23 00:00:00-05:00,78.25778315117361,78.25778315117361,76.88324065894348,77.33838653564453,1279400,0.0,0.0
2023-02-24 00:00:00-05:00,76.56463751461926,77.07439865802276,75.88191872114326,76.80131530761719,1487500,0.0,0.0
2023-02-27 00:00:00-05:00,77.06531314656274,77.81175220312042,76.22783934690774,76.37348937988281,957200,0.0,0.0
2023-02-28 00:00:00-05:00,75.99115063351812,76.61014923849552,75.26291452943616,75.29022216796875,1659800,0.0,0.0
2023-03-01 00:00:00-05:00,74.78046679241189,74.88059943802052,73.22386877200675,73.7700424194336,1841700,0.0,0.0
2023-03-02 00:00:00-05:00,73.90658368967891,75.1354760681534,73.45143784987543,74.98072814941406,1261100,0.0,0.0
2023-03-03 00:00:00-05:00,75.29023322490036,76.24604238375386,74.32532614851604,76.21873474121094,1543100,0.0,0.0
2023-03-06 00:00:00-05:00,76.2642446355643,76.86504054724813,75.94564389981159,76.32796478271484,773100,0.0,0.0
2023-03-07 00:00:00-05:00,76.53731888153541,76.71026956179345,74.69852597268103,75.04444122314453,955600,0.0,0.0
2023-03-08 00:00:00-05:00,75.10818674880322,75.73628343835021,74.76227138139583,75.6907730102539,844700,0.0,0.0
2023-03-09 00:00:00-05:00,76.02755727697325,76.7011781136364,74.91700727255758,75.24471282958984,887600,0.0,0.0
2023-03-10 00:00:00-05:00,75.48137749800367,75.62702748699829,73.39680890909084,73.77913665771484,870900,0.0,0.0
2023-03-13 00:00:00-04:00,73.8974914148435,77.35660316451109,73.77915597652995,75.83641052246094,1995000,0.0,0.0
2023-03-14 00:00:00-04:00,76.39591675855067,77.53327745659405,76.06571413687777,76.7811508178711,1196700,0.63,0.0
2023-03-15 00:00:00-04:00,76.62521706873358,78.78070116278812,76.18494461223757,78.18450164794922,1441800,0.0,0.0
2023-03-16 00:00:00-04:00,77.80844061410642,79.13841820461303,77.6800292742462,78.92745971679688,1497900,0.0,0.0
2023-03-17 00:00:00-04:00,78.67062500982482,78.88159048204727,77.5424387391922,77.98270416259766,2192100,0.0,0.0
2023-03-20 00:00:00-04:00,78.28538125932371,79.16591899429896,78.28538125932371,78.85406494140625,1022200,0.0,0.0
2023-03-21 00:00:00-04:00,78.69816446488397,78.75319590504434,75.24938525765155,76.80867004394531,1568600,0.0,0.0
2023-03-22 00:00:00-04:00,76.423430122024,76.81783840809474,75.02007252211224,75.03841400146484,1663800,0.0,0.0
2023-03-23 00:00:00-04:00,75.13013549866233,75.72632799448522,73.86435660476539,73.93773651123047,1334400,0.0,0.0
2023-03-24 00:00:00-04:00,74.08450003664095,77.12969661625436,74.00195287835369,77.0838394165039,1159500,0.0,0.0
2023-03-27 00:00:00-04:00,77.52409349985342,77.90933450877684,76.82700538405358,77.0379638671875,941100,0.0,0.0
2023-03-28 00:00:00-04:00,76.81783496601054,78.1661610695545,76.81783496601054,77.56996154785156,871500,0.0,0.0
2023-03-29 00:00:00-04:00,78.11112767944174,78.99166558262122,78.11112767944174,78.8907699584961,1278400,0.0,0.0
2023-03-30 00:00:00-04:00,79.05587545334596,79.67041647083947,78.68898289138636,79.29434967041016,1515800,0.0,0.0
2023-03-31 00:00:00-04:00,79.56033955733729,79.7804792737545,78.67062744769004,79.23931121826172,1251700,0.0,0.0
2023-04-03 00:00:00-04:00,78.7990590939453,79.7438027933604,78.33127086489431,79.02836608886719,1370700,0.0,0.0
2023-04-04 00:00:00-04:00,79.23013719906163,79.48696686892318,78.86325166647393,79.25765991210938,1038100,0.0,0.0
2023-04-05 00:00:00-04:00,79.78048983053135,81.91762562653643,79.62455576129562,81.88093566894531,1591200,0.0,0.0
2023-04-06 00:00:00-04:00,82.41292432118819,82.77064263760712,81.48652219507825,82.61471557617188,1543800,0.0,0.0
2023-04-10 00:00:00-04:00,81.94512917302528,82.61470855328874,81.54155369525833,82.55967712402344,1592300,0.0,0.0
2023-04-11 00:00:00-04:00,82.71561039542529,82.87153745533692,82.16527506768853,82.70643615722656,1459200,0.0,0.0
2023-04-12 00:00:00-04:00,82.91739560480038,82.99994274889222,82.13775336417498,82.52298736572266,1629900,0.0,0.0
2023-04-13 00:00:00-04:00,82.05520948894588,82.91740597943408,81.0554344077574,82.6422348022461,940600,0.0,0.0
2023-04-14 00:00:00-04:00,81.85342265375351,82.31203664194918,81.60577417920125,82.05521392822266,1416200,0.0,0.0
2023-04-17 00:00:00-04:00,82.35790643742253,82.90824186108233,81.40398843739472,82.31204223632812,1225700,0.0,0.0
2023-04-18 00:00:00-04:00,81.9268070410192,82.32121537230088,80.93619909297762,80.98206329345703,1191300,0.0,0.0
2023-04-19 00:00:00-04:00,81.24805335909346,82.02769571575378,81.21136340140554,81.89928436279297,790800,0.0,0.0
2023-04-20 00:00:00-04:00,82.04602423839417,82.12857837962798,81.39479333754139,82.09188842773438,704400,0.0,0.0
2023-04-21 00:00:00-04:00,82.77065481900898,82.9999618247116,81.85342679619848,82.51383209228516,777100,0.0,0.0
2023-04-24 00:00:00-04:00,82.63305656724691,83.33015171728798,81.91761993863075,83.2109146118164,1004300,0.0,0.0
2023-04-25 00:00:00-04:00,83.24758911132812,83.632823070924,83.05497213153019,83.24758911132812,550800,0.0,0.0
2023-04-26 00:00:00-04:00,82.57802519904823,83.28429458788305,81.42231610688704,81.62410736083984,755400,0.0,0.0
2023-04-27 00:00:00-04:00,81.52320330263626,82.50463675617475,81.16548502504044,82.2936782836914,847300,0.0,0.0
2023-04-28 00:00:00-04:00,82.21113306342389,82.66974700731916,81.15632659077951,81.60576629638672,873200,0.0,0.0
2023-05-01 00:00:00-04:00,81.36728785823607,83.05499086817323,81.0095695296422,82.21113586425781,1157200,0.0,0.0
2023-05-02 00:00:00-04:00,82.21113205245493,82.42209754312557,81.00039153537591,81.73417663574219,1315800,0.0,0.0
2023-05-03 00:00:00-04:00,82.10107242411821,82.55968638046225,81.22053446768491,81.312255859375,789500,0.0,0.0
2023-05-04 00:00:00-04:00,81.5323885746526,82.79816057454227,80.91784755282966,82.32120513916016,1682800,0.0,0.0
2023-05-05 00:00:00-04:00,82.43127021392141,83.15588106233442,81.94513357038366,82.98160552978516,1325900,0.0,0.0
2023-05-08 00:00:00-04:00,82.49548869154472,83.21092541302829,81.51405500988751,81.76170349121094,1253600,0.0,0.0
2023-05-09 00:00:00-04:00,81.57824724320577,81.78003848993022,81.12880055808563,81.48651885986328,989200,0.0,0.0
2023-05-10 00:00:00-04:00,81.93597480108755,82.5505158507038,81.52321802309767,82.36707305908203,621500,0.0,0.0
2023-05-11 00:00:00-04:00,82.49547509348551,82.49547509348551,81.1930062276895,81.48651885986328,801500,0.0,0.0
2023-05-12 00:00:00-04:00,82.03687710299387,82.46797539602376,79.96393979930916,80.45924377441406,2839900,0.0,0.0
2023-05-15 00:00:00-04:00,80.67937170218119,80.84447301731235,77.38652663659641,78.0194091796875,2271100,0.0,0.0
2023-05-16 00:00:00-04:00,78.19367214685343,78.34043195796517,76.56100773664652,76.60686492919922,1781000,0.0,0.0
2023-05-17 00:00:00-04:00,76.57935475254334,76.7444560530382,75.81806092049416,76.43260192871094,1284300,0.0,0.0
2023-05-18 00:00:00-04:00,75.85476249720125,76.90957623161479,75.55208253690995,76.46013641357422,1256600,0.0,0.0
2023-05-19 00:00:00-04:00,76.90038162068203,78.01940074696708,76.60686898082803,77.15721130371094,1973300,0.0,0.0
2023-05-22 00:00:00-04:00,77.31314179257848,77.81761294707586,76.6252208563509,76.69860076904297,959400,0.0,0.0
2023-05-23 00:00:00-04:00,76.56100961383294,77.08382920742478,75.76301886660617,75.8639144897461,1436400,0.0,0.0
2023-05-24 00:00:00-04:00,75.77219690680703,76.37756367813125,75.26771876579228,75.33192443847656,1345900,0.0,0.0
2023-05-25 00:00:00-04:00,75.06593562583284,75.06593562583284,73.94692335204196,74.24960327148438,1169500,0.0,0.0
2023-05-26 00:00:00-04:00,74.13953397784849,74.13953397784849,73.37823312963407,74.0844955444336,1061200,0.0,0.0
2023-05-30 00:00:00-04:00,73.85517396305663,74.37799349081622,73.34152867203451,73.50662994384766,1268800,0.0,0.0
2023-05-31 00:00:00-04:00,73.67172888043591,74.87329493294388,73.27732068793368,74.35964965820312,1521600,0.0,0.0
2023-06-01 00:00:00-04:00,74.43304594381163,74.48807737882524,73.31402677924461,73.70843505859375,1592800,0.0,0.0
2023-06-02 00:00:00-04:00,73.19479527905774,75.07510843099541,73.19479527905774,74.4513931274414,2018800,0.0,0.0
2023-06-05 00:00:00-04:00,74.39635299799743,75.6437834593935,74.39635299799743,75.15765380859375,1264900,0.0,0.0
2023-06-06 00:00:00-04:00,75.51537099456654,75.97398492214502,74.62565885540138,74.79993438720703,1232600,0.0,0.0
2023-06-07 00:00:00-04:00,74.73573699235872,76.74446145900065,74.35967017111574,76.67108154296875,1481300,0.0,0.0
2023-06-08 00:00:00-04:00,76.54265399746433,76.96458492644788,75.61625899562831,76.8545150756836,972100,0.0,0.0
2023-06-09 00:00:00-04:00,76.94626619605211,76.96461467721835,76.38675648469957,76.46013641357422,1093600,0.0,0.0
2023-06-12 00:00:00-04:00,77.17556033813717,77.48742148483039,76.21246817669211,76.61605072021484,1369600,0.0,0.0
2023-06-13 00:00:00-04:00,75.96909886156875,76.68997947196398,75.71956841837033,76.27408599853516,2060700,0.63,0.0
2023-06-14 00:00:00-04:00,76.49589904492017,77.54024775751773,76.31106218394986,76.56059265136719,1344400,0.0,0.0
2023-06-15 00:00:00-04:00,76.56983755477513,77.76205436064862,76.40348155741897,77.60494232177734,1301900,0.0,0.0
2023-06-16 00:00:00-04:00,77.76204601732296,78.53837627204838,77.59569003781563,77.70659637451172,2814200,0.0,0.0
2023-06-20 00:00:00-04:00,77.42932928473338,77.53099165766884,76.44968138307155,76.59754943847656,1142200,0.0,0.0
2023-06-21 00:00:00-04:00,76.19092478038984,77.08739843219504,75.17430081376033,76.893310546875,1248300,0.0,0.0
2023-06-22 00:00:00-04:00,77.14285407018022,77.14285407018022,75.79352503377264,76.05229949951172,785900,0.0,0.0
2023-06-23 00:00:00-04:00,76.27409158742248,76.63452839349385,74.44418273368693,74.70295715332031,1845000,0.0,0.0
2023-06-26 00:00:00-04:00,74.94324218379573,75.9321412053621,74.62901812358037,75.76578521728516,743800,0.0,0.0
2023-06-27 00:00:00-04:00,75.77501885203517,76.53286119808827,75.59942596464545,76.32953643798828,1069700,0.0,0.0
2023-06-28 00:00:00-04:00,76.31107342810094,76.31107342810094,74.53661391745874,74.72145080566406,898800,0.0,0.0
2023-06-29 00:00:00-04:00,74.12994886335784,75.30368471734565,73.88041841114187,74.85082244873047,822400,0.0,0.0
2023-06-30 00:00:00-04:00,74.87855578735541,75.7565485510209,74.86931887957104,75.47928619384766,1117800,0.0,0.0
2023-07-03 00:00:00-04:00,75.28518920499323,76.56982421875,75.13732115036075,76.56982421875,543300,0.0,0.0
2023-07-05 00:00:00-04:00,76.21863575077319,78.06703237069804,76.11697337259145,77.39236450195312,1492300,0.0,0.0
2023-07-06 00:00:00-04:00,76.78240252570133,77.42009460837924,76.08925374590977,76.96723937988281,1131600,0.0,0.0
2023-07-07 00:00:00-04:00,76.48666587647918,76.83785874991962,75.9598730407812,76.02456665039062,1422200,0.0,0.0
2023-07-10 00:00:00-04:00,75.79351924698099,76.40348657664168,75.22975761063145,75.87669372558594,1317300,0.0,0.0
2023-07-11 00:00:00-04:00,76.00607944529696,77.15209061351408,75.85821135812117,77.09663391113281,990500,0.0,0.0
2023-07-12 00:00:00-04:00,77.51251075349504,78.45518987803382,77.27221723113293,78.1594467163086,1027000,0.0,0.0
2023-07-13 00:00:00-04:00,78.01159477508641,78.83413083388407,77.97462599085033,78.78791809082031,1091900,0.0,0.0
2023-07-14 00:00:00-04:00,78.50141741215772,79.32395345613244,77.85447427629676,78.99124145507812,1371900,0.0,0.0
2023-07-17 00:00:00-04:00,78.81564234208115,78.97275438563403,77.81750632820186,78.03007507324219,1875700,0.0,0.0
2023-07-18 00:00:00-04:00,78.09475887456699,78.73245797852539,77.06889816431816,77.91915893554688,1843900,0.0,0.0
2023-07-19 00:00:00-04:00,78.3627792702125,79.14834646078168,78.23339206475752,78.73246002197266,1323000,0.0,0.0
2023-07-20 00:00:00-04:00,78.9450194638874,80.35904177716846,78.15020833793913,80.34056091308594,1629900,0.0,0.0
2023-07-21 00:00:00-04:00,80.59009327675801,81.93018511452298,80.25738130676629,81.59747314453125,1363800,0.0,0.0
2023-07-24 00:00:00-04:00,81.63445080503483,81.69914441451108,80.50692756752758,80.6640396118164,1704300,0.0,0.0
2023-07-25 00:00:00-04:00,80.53464649926015,81.55126330995056,80.41450324790348,81.34793853759766,1527800,0.0,0.0
2023-07-26 00:00:00-04:00,81.2924954095356,81.99488821096594,80.93205857548936,81.42188262939453,1084200,0.0,0.0
2023-07-27 00:00:00-04:00,81.00598504145587,81.48656507062344,79.82301230712922,80.05406188964844,1367900,0.0,0.0
2023-07-28 00:00:00-04:00,80.68251676054099,80.87659756306535,79.0374378157216,79.32394409179688,1090800,0.0,0.0
2023-07-31 00:00:00-04:00,79.6474143010713,79.84149510896884,78.70473508398695,79.17607116699219,1285400,0.0,0.0
2023-08-01 00:00:00-04:00,79.00046651968725,79.37938412127467,78.05778039179823,78.22413635253906,1194300,0.0,0.0
2023-08-02 00:00:00-04:00,78.16870298107312,78.67700787443954,77.77129738389431,77.99310302734375,1205700,0.0,0.0
2023-08-03 00:00:00-04:00,77.86372242142193,79.24077619083513,75.89518218523762,76.63453674316406,1705900,0.0,0.0
2023-08-04 00:00:00-04:00,76.72696405298386,77.16133851966555,74.96174840772771,75.22976684570312,1392500,0.0,0.0
2023-08-07 00:00:00-04:00,75.47928387285425,75.72882139685179,74.99870379308311,75.05415344238281,1228600,0.0,0.0
2023-08-08 00:00:00-04:00,75.09111429208362,75.23898940935878,74.13919114061422,75.18353271484375,1212100,0.0,0.0
2023-08-09 00:00:00-04:00,74.90628488406367,75.71957695660839,74.61054167122246,74.86931610107422,958400,0.0,0.0
2023-08-10 00:00:00-04:00,75.06338799146765,75.47003750488888,74.19463932227632,74.3702392578125,825300,0.0,0.0
2023-08-11 00:00:00-04:00,74.4441892333756,74.94325019991327,74.07450843687663,74.77690124511719,1034800,0.0,0.0
2023-08-14 00:00:00-04:00,74.81386023380084,74.81386023380084,73.67710011128823,73.90814971923828,1127600,0.0,0.0
2023-08-15 00:00:00-04:00,73.44605126305703,73.52922573826365,72.75290243203698,72.78987121582031,1522900,0.0,0.0
2023-08-16 00:00:00-04:00,73.27968972645645,73.79723855818169,72.93773379059571,73.50149536132812,1177600,0.0,0.0
2023-08-17 00:00:00-04:00,73.3721156202496,74.35176373744638,73.16879082964466,73.1872787475586,1143100,0.0,0.0
2023-08-18 00:00:00-04:00,73.3166577486022,74.6290177303645,73.27968896799389,74.46266174316406,1665100,0.0,0.0
2023-08-21 00:00:00-04:00,74.25934665149289,74.50888419034573,73.35363608733222,74.00057220458984,1373200,0.0,0.0
2023-08-22 00:00:00-04:00,73.83421003493838,74.37024680226735,73.72330368791623,74.213134765625,1126500,0.0,0.0
2023-08-23 00:00:00-04:00,74.44418953903319,74.48115127286759,73.63089037318122,74.23162078857422,1063100,0.0,0.0
2023-08-24 00:00:00-04:00,73.92662582296497,75.11884256931228,73.76951379193812,73.91738891601562,1449400,0.0,0.0
2023-08-25 00:00:00-04:00,74.2223736481591,74.83234799640255,74.04678074121054,74.35176086425781,1054400,0.0,0.0
2023-08-28 00:00:00-04:00,74.49963919085955,74.93401359969872,74.08375270001234,74.23162078857422,1099000,0.0,0.0
2023-08-29 00:00:00-04:00,74.47190530384862,74.83234209901462,74.21313089204469,74.4349365234375,1328000,0.0,0.0
2023-08-30 00:00:00-04:00,74.40721200536011,74.86006722786999,73.90814404437877,74.30554962158203,735200,0.0,0.0
2023-08-31 00:00:00-04:00,74.49037768899707,74.53659042201886,73.25195541603146,73.26119232177734,1071100,0.0,0.0
2023-09-01 00:00:00-04:00,73.85269271458549,73.85269271458549,71.86566487389082,72.50335693359375,911300,0.0,0.0
2023-09-05 00:00:00-04:00,72.38320991607254,72.42942265108191,70.83980046135808,71.42204284667969,1123600,0.0,0.0
2023-09-06 00:00:00-04:00,71.60688545498583,71.81944710965116,71.2094799146623,71.78247833251953,1205900,0.0,0.0
2023-09-07 00:00:00-04:00,72.17064397399815,73.22423655381093,72.17064397399815,72.73440551757812,1002000,0.0,0.0
2023-09-08 00:00:00-04:00,72.80834500824764,73.52921859429779,72.70668262548939,73.39059448242188,1393600,0.0,0.0
2023-09-11 00:00:00-04:00,73.23346750239351,73.76950418072478,73.07635549183632,73.26119232177734,980300,0.0,0.0
2023-09-12 00:00:00-04:00,73.40093781118173,73.51273263332526,72.78607695073346,73.35435485839844,1559100,0.63,0.0
2023-09-13 00:00:00-04:00,73.53138001318182,75.11510129962718,73.4661681274473,74.62135314941406,1420300,0.0,0.0
2023-09-14 00:00:00-04:00,74.85423959542656,75.54362327242251,74.7703988042989,75.4970474243164,1094900,0.0,0.0
2023-09-15 00:00:00-04:00,75.29208923947202,76.06532076840874,75.09645363110742,75.2455062866211,1577600,0.0,0.0
2023-09-18 00:00:00-04:00,75.27346933520246,75.69268753081002,74.69587334547596,75.16167449951172,1310400,0.0,0.0
2023-09-19 00:00:00-04:00,75.23619746163114,75.534309888459,74.72381339635153,74.7331314086914,1219800,0.0,0.0
2023-09-20 00:00:00-04:00,75.18961694421982,75.87900062093301,74.65860394461244,74.9380874633789,1016700,0.0,0.0
2023-09-21 00:00:00-04:00,74.95671786193394,75.39457206645639,74.21144030976834,74.63997650146484,1166900,0.0,0.0
2023-09-22 00:00:00-04:00,74.276643232679,75.06850364597878,74.13690148737659,74.72380828857422,1934500,0.0,0.0
2023-09-25 00:00:00-04:00,74.08101660091477,74.70519558437617,73.24258016227347,74.10897064208984,1128200,0.0,0.0
2023-09-26 00:00:00-04:00,74.02510236133644,74.22073795034959,71.27687899643168,71.59362030029297,1680300,0.0,0.0
2023-09-27 00:00:00-04:00,71.50046830408114,71.76131578087981,70.58749502772514,70.90424346923828,1669600,0.0,0.0
2023-09-28 00:00:00-04:00,71.37936575027673,71.46320653973386,69.2459957808377,69.34847259521484,1945200,0.0,0.0
2023-09-29 00:00:00-04:00,69.9633291073415,70.41981222986267,69.35778620988044,69.71179962158203,1826300,0.0,0.0
2023-10-02 00:00:00-04:00,69.45094699270074,69.49752283825796,65.65932631537763,66.26486206054688,2623200,0.0,0.0
2023-10-03 00:00:00-04:00,65.81769456257389,67.78337570481837,64.94198625060892,67.60636901855469,2197900,0.0,0.0
2023-10-04 00:00:00-04:00,68.08149523177653,68.11876017528374,66.47913819877233,67.84859466552734,1517600,0.0,0.0
2023-10-05 00:00:00-04:00,67.7274840583726,68.53798061440168,67.37347774470778,68.2398681640625,1728700,0.0,0.0
2023-10-06 00:00:00-04:00,67.3641654565817,69.19942327239865,66.54435792536792,68.9385757446289,1594600,0.0,0.0
2023-10-09 00:00:00-04:00,68.93856741392587,69.96332848099901,68.75224980448029,69.92606353759766,1567800,0.0,0.0
2023-10-10 00:00:00-04:00,69.94470096823646,71.10920381956873,69.87017107993647,70.96014404296875,2082600,0.0,0.0
2023-10-11 00:00:00-04:00,71.42594777179991,72.14328553444948,70.79245791341661,72.0967025756836,1817700,0.0,0.0
2023-10-12 00:00:00-04:00,71.77994933980753,72.21779638507634,70.87629410653194,71.47251892089844,2026300,0.0,0.0
2023-10-13 00:00:00-04:00,72.32028050699688,72.77677072945446,71.89174432254455,72.61839294433594,2443300,0.0,0.0
2023-10-16 00:00:00-04:00,72.7581429620521,73.31710295705878,72.2737128617295,72.96309661865234,1992800,0.0,0.0
2023-10-17 00:00:00-04:00,72.4972895134748,73.54999753649889,72.45070655621369,73.0376205444336,1777900,0.0,0.0
2023-10-18 00:00:00-04:00,73.04694480292846,73.42889807639341,72.46003076452729,73.12146759033203,2760200,0.0,0.0
2023-10-19 00:00:00-04:00,72.77677481496251,73.34505279109824,72.27370871604425,72.33892059326172,1641800,0.0,0.0
2023-10-20 00:00:00-04:00,72.49728484874369,73.00035090303682,71.0905634991959,71.10919952392578,2380100,0.0,0.0
2023-10-23 00:00:00-04:00,69.73974089889626,70.75518388000046,68.13738398599725,69.94469451904297,2867600,0.0,0.0
2023-10-24 00:00:00-04:00,70.76450368706199,71.53773523447974,70.61545102798581,71.13714599609375,1905100,0.0,0.0
2023-10-25 00:00:00-04:00,70.82970685900162,71.77062697454487,70.7179191553141,71.59362030029297,1752200,0.0,0.0
2023-10-26 00:00:00-04:00,71.77996826171875,72.77678255234166,71.31416705848258,71.77996826171875,1594300,0.0,0.0
2023-10-27 00:00:00-04:00,71.38867730294488,71.77063763410027,70.00059195136964,70.22417449951172,1582100,0.0,0.0
2023-10-30 00:00:00-04:00,70.45708215246543,71.04399617331406,69.26463229892667,69.90744018554688,1793100,0.0,0.0
2023-10-31 00:00:00-04:00,70.28007909036118,70.73656222272292,69.5534304407678,70.53160858154297,1550500,0.0,0.0
2023-11-01 00:00:00-04:00,70.68066423993717,72.1339614544157,69.91675069033165,71.58431243896484,1585100,0.0,0.0
2023-11-02 00:00:00-04:00,71.35140662875929,73.49409445798133,71.32345970093161,72.77676391601562,1531600,0.0,0.0
2023-11-03 00:00:00-04:00,73.95057259615723,74.03442048160645,73.07487144988778,73.14008331298828,1198600,0.0,0.0
2023-11-06 00:00:00-05:00,73.08419771181211,73.335734313459,72.61839656104833,72.92582702636719,1324000,0.0,0.0
2023-11-07 00:00:00-05:00,72.972416148024,72.972416148024,72.24576742866655,72.66498565673828,1770500,0.0,0.0
2023-11-08 00:00:00-05:00,72.34823900466924,72.34823900466924,71.2582588972328,72.28302001953125,1535300,0.0,0.0
2023-11-09 00:00:00-05:00,72.98172282864579,74.0623849387528,70.4757174041117,70.89493560791016,2396100,0.0,0.0
2023-11-10 00:00:00-05:00,71.64021290389651,71.72405369296186,70.48502812888802,71.05329895019531,1378100,0.0,0.0
2023-11-13 00:00:00-05:00,71.03466319252723,71.10919306956009,69.599995043666,69.66520690917969,1960500,0.0,0.0
2023-11-14 00:00:00-05:00,71.10920933966783,72.5718247501793,71.07194439262501,72.05944061279297,1748000,0.0,0.0
2023-11-15 00:00:00-05:00,71.89174032223916,73.1959848283603,71.77995260668298,72.36685943603516,1716800,0.0,0.0
2023-11-16 00:00:00-05:00,72.86061876562682,73.55932052644897,71.38868535034663,71.52842712402344,3168600,0.0,0.0
2023-11-17 00:00:00-05:00,71.88242637745117,71.88242637745117,71.10919487560722,71.84516143798828,1949600,0.0,0.0
2023-11-20 00:00:00-05:00,71.5284241416499,72.08738410548943,70.58750381952369,71.56568908691406,1395700,0.0,0.0
2023-11-21 00:00:00-05:00,71.60295535265328,71.81721990742173,70.81109479698058,71.45389556884766,1608900,0.0,0.0
2023-11-22 00:00:00-05:00,71.9383291880957,71.9383291880957,71.11851463297853,71.7333755493164,1626300,0.0,0.0
2023-11-24 00:00:00-05:00,71.64952744100934,72.0687455811241,71.31415008589327,71.89173889160156,646300,0.0,0.0
2023-11-27 00:00:00-05:00,71.88242699431831,72.41343994799065,71.46320175243349,72.16190338134766,1731400,0.0,0.0
2023-11-28 00:00:00-05:00,72.13397436298081,73.22394746889327,71.96628564610486,72.5252456665039,1653300,0.0,0.0
2023-11-29 00:00:00-05:00,72.66497265497685,73.32640937367255,71.63089362935885,71.72405242919922,1563900,0.0,0.0
2023-11-30 00:00:00-05:00,71.90106676731563,72.35754991035044,71.53774243402401,72.28302001953125,2940500,0.0,0.0
2023-12-01 00:00:00-05:00,72.31095736434158,73.57793678550554,72.0687388288826,73.56861877441406,1981200,0.0,0.0
2023-12-04 00:00:00-05:00,73.0562451100085,73.89468853782317,72.81403364785389,73.15872192382812,1929200,0.0,0.0
2023-12-05 00:00:00-05:00,73.29845862439278,73.29845862439278,72.199167785422,72.40412139892578,1488000,0.0,0.0
2023-12-06 00:00:00-05:00,72.90719544162877,73.72700287827256,72.53455311313205,73.680419921875,1925300,0.0,0.0
2023-12-07 00:00:00-05:00,73.82948471112233,74.07170330723194,73.08420000350587,73.34505462646484,1680500,0.0,0.0
2023-12-08 00:00:00-05:00,73.41026478004017,73.6431653572515,72.46002644478341,72.68360900878906,1619400,0.0,0.0
2023-12-11 00:00:00-05:00,72.44140083735466,72.96309587973595,72.26439411616306,72.83267211914062,2177200,0.0,0.0
2023-12-12 00:00:00-05:00,72.75752856397347,73.2834616699904,72.15646010986806,73.21772003173828,1964600,0.63,0.0
2023-12-13 00:00:00-05:00,73.17076213816297,76.41089683475506,72.80447912595352,76.37332916259766,2416300,0.0,0.0
2023-12-14 00:00:00-05:00,76.77717799036532,77.09649247783078,70.03393442582271,70.45655822753906,7698200,0.0,0.0
2023-12-15 00:00:00-05:00,69.00084597342004,69.56434674392841,66.5026494315882,67.36669158935547,7428200,0.0,0.0
2023-12-18 00:00:00-05:00,67.62966477824925,68.44673846785689,66.35239241819171,66.81258392333984,4240800,0.0,0.0
2023-12-19 00:00:00-05:00,66.7468451806575,68.01472388521934,66.69049724521538,67.94898223876953,2440900,0.0,0.0
2023-12-20 00:00:00-05:00,67.93020485176986,68.2213454175894,67.42305191546001,67.65784454345703,3392600,0.0,0.0
2023-12-21 00:00:00-05:00,67.71417236328125,68.23071885752879,66.81256979947668,67.71417236328125,2349900,0.0,0.0
2023-12-22 00:00:00-05:00,68.17437773651352,68.67214408080028,67.56392269228006,67.6860122680664,2006000,0.0,0.0
2023-12-26 00:00:00-05:00,67.66721714942733,67.95835762444003,67.28215392026847,67.40424346923828,1658100,0.0,0.0
2023-12-27 00:00:00-05:00,67.31974360695453,67.86446423184195,66.95346767494807,67.3385238647461,1509500,0.0,0.0
2023-12-28 00:00:00-05:00,67.15069166842716,68.06168821233533,67.12251769949019,67.90203094482422,1060000,0.0,0.0
2023-12-29 00:00:00-05:00,67.59209436491386,68.21194309865123,67.40425598703779,67.93958282470703,1181700,0.0,0.0
2024-01-02 00:00:00-05:00,67.74236017593176,69.50800516072982,67.45121963707749,69.49861145019531,1531200,0.0,0.0
2024-01-03 00:00:00-05:00,69.49861051189127,69.72400940456431,68.71909734999092,69.18868255615234,2090800,0.0,0.0
2024-01-04 00:00:00-05:00,68.90694010291512,69.86489083152165,68.73788913136077,69.41409301757812,1939900,0.0,0.0
2024-01-05 00:00:00-05:00,69.34833067804965,69.83670324074052,68.87874553370109,69.54556274414062,1411000,0.0,0.0
2024-01-08 00:00:00-05:00,69.36713001213974,70.20299113943868,69.11354997806369,70.11846923828125,1612200,0.0,0.0
2024-01-09 00:00:00-05:00,69.80854273756488,70.20299261519516,69.3107835350359,69.51739501953125,1752100,0.0,0.0
2024-01-10 00:00:00-05:00,69.36711990283004,69.8085310964609,69.26381059515896,69.29198455810547,1248700,0.0,0.0
2024-01-11 00:00:00-05:00,68.98206856319028,68.98206856319028,67.14129529094417,67.80810546875,1780900,0.0,0.0
2024-01-12 00:00:00-05:00,68.2213456599307,68.45613828876176,67.3291365364936,67.5169677734375,1920700,0.0,0.0
2024-01-16 00:00:00-05:00,67.17886067129756,67.37608560457929,66.51205051630645,66.87832641601562,1933900,0.0,0.0
2024-01-17 00:00:00-05:00,66.71866136729285,67.57330264502137,65.9203680166912,66.0424575805664,1531400,0.0,0.0
2024-01-18 00:00:00-05:00,65.61984245319461,65.67619038775499,64.80276157555929,65.37565612792969,2216500,0.0,0.0
2024-01-19 00:00:00-05:00,65.56348642291154,65.71375713334265,64.74641272217337,65.06572723388672,2365600,0.0,0.0
2024-01-22 00:00:00-05:00,64.9624147340232,65.54470296050718,64.35195254203703,64.66188049316406,1847200,0.0,0.0
2024-01-23 00:00:00-05:00,64.63370961001306,65.04694689788951,64.20169206600667,64.82154083251953,1915200,0.0,0.0
2024-01-24 00:00:00-05:00,65.27234438256257,65.43200163476118,63.58183475545466,64.20169067382812,2265800,0.0,0.0
2024-01-25 00:00:00-05:00,64.62431773239159,65.48836001021509,64.53979582945674,65.44139862060547,1779300,0.0,0.0
2024-01-26 00:00:00-05:00,65.6949760737433,65.95794984246395,64.84033461263449,65.28174591064453,2696700,0.0,0.0
2024-01-29 00:00:00-05:00,65.38505099101724,65.85463622810074,64.92485229965789,65.54470825195312,1500200,0.0,0.0
2024-01-30 00:00:00-05:00,65.41322127401855,66.20212098853456,64.57736017231875,65.77010345458984,2351200,0.0,0.0
2024-01-31 00:00:00-05:00,66.42752241182696,66.50265059465455,64.94363153013899,65.33808135986328,1789000,0.0,0.0
2024-02-01 00:00:00-05:00,65.01877090834172,66.54961610352103,64.64310130971381,66.39934539794922,2245500,0.0,0.0
2024-02-02 00:00:00-05:00,65.68559497184427,65.91099391269904,64.90608164331356,65.18783569335938,1765800,0.0,0.0
2024-02-05 00:00:00-05:00,64.6243107417056,64.69005238086629,63.72270804808705,63.835411071777344,2619800,0.0,0.0
2024-02-06 00:00:00-05:00,63.60062545810967,64.53979592933916,63.431574486676276,64.22047424316406,2215900,0.0,0.0
2024-02-07 00:00:00-05:00,64.40831786382186,64.51162719726562,63.72272021144991,64.51162719726562,1715500,0.0,0.0
2024-02-08 00:00:00-05:00,64.10776997810318,64.17351161586892,63.224947557848054,63.788448333740234,1658200,0.0,0.0
2024-02-09 00:00:00-05:00,63.628794707754196,64.65248700614308,63.43156978325638,64.52100372314453,1885800,0.0,0.0
2024-02-12 00:00:00-05:00,64.57735386399833,65.15963488250738,64.10776869923892,64.96240997314453,1263600,0.0,0.0
2024-02-13 00:00:00-05:00,64.91545751640416,65.13146268548316,62.95258774851884,64.11715698242188,1715500,0.0,0.0
2024-02-14 00:00:00-05:00,64.22048053763407,64.62432416645694,63.5630640094586,64.43649291992188,1359200,0.0,0.0
2024-02-15 00:00:00-05:00,64.61492951191794,65.81706653562401,64.4458785451279,65.3099136352539,2583400,0.0,0.0
2024-02-16 00:00:00-05:00,65.25357194103582,65.81707282911782,64.42709728423317,65.28174591064453,3362500,0.0,0.0
2024-02-20 00:00:00-05:00,65.3474822364359,66.36178805151084,65.09390220001617,65.61984252929688,1530400,0.0,0.0
2024-02-21 00:00:00-05:00,65.9861166047032,67.1976473226658,65.71375631939672,67.05677032470703,2469200,0.0,0.0
2024-02-22 00:00:00-05:00,66.62475176947329,66.80318927655152,65.63861996410247,66.50265502929688,2749300,0.0,0.0
2024-02-23 00:00:00-05:00,66.62475721723945,67.97715785781747,66.18334593808117,67.2446060180664,2918000,0.0,0.0
2024-02-26 00:00:00-05:00,67.00980403515707,67.04737170955144,66.00489203233685,66.52143859863281,2218700,0.0,0.0
2024-02-27 00:00:00-05:00,66.77500979654852,67.27276893071486,66.39934022717546,66.98162841796875,1362600,0.0,0.0
2024-02-28 00:00:00-05:00,67.00041176663991,67.48878437897197,66.7374452055233,67.14128875732422,1324300,0.0,0.0
2024-02-29 00:00:00-05:00,67.41365763411743,67.9020303087917,66.84076305342397,66.85955047607422,3395500,0.0,0.0
2024-03-01 00:00:00-05:00,66.69987444961369,67.04737005521146,65.56347919710345,66.98162841796875,1963700,0.0,0.0
2024-03-04 00:00:00-05:00,66.39933744897884,68.51247062732358,66.39933744897884,68.24950408935547,2185000,0.0,0.0
2024-03-05 00:00:00-05:00,68.52187859890834,69.32017208827023,67.58270810194091,67.73297882080078,2734600,0.0,0.0
2024-03-06 00:00:00-05:00,68.38098673619763,69.15110608979789,68.0334983136016,68.67213439941406,1492400,0.0,0.0
2024-03-07 00:00:00-05:00,69.18868198952451,69.27321105189814,68.46552393069099,68.63457489013672,1525100,0.0,0.0
2024-03-08 00:00:00-05:00,68.68152825882513,69.12293948997207,68.09924720097295,68.56883239746094,1408700,0.0,0.0
2024-03-11 00:00:00-04:00,68.63457973439945,69.39530552294681,68.60640576672023,69.16990661621094,1578300,0.0,0.0
2024-03-12 00:00:00-04:00,68.85714590688303,69.42582012035497,68.08942884916524,68.54437255859375,1748800,0.67,0.0
2024-03-13 00:00:00-04:00,68.78130885898008,69.19833991793469,68.18420212272719,68.62018585205078,1261400,0.0,0.0
2024-03-14 00:00:00-04:00,68.25054103642407,68.54435440215578,66.91415011922555,67.65342712402344,1491800,0.0,0.0
2024-03-15 00:00:00-04:00,67.10371763366392,68.39271612243414,67.10371763366392,67.8429946899414,3478400,0.0,0.0
2024-03-18 00:00:00-04:00,67.79560018814074,68.53487722282391,67.59656461965552,68.21263122558594,1999700,0.0,0.0
2024-03-19 00:00:00-04:00,68.24107151359102,68.87609086027119,68.03255597143715,68.34532928466797,1083100,0.0,0.0
2024-03-20 00:00:00-04:00,68.20315468359932,68.77182879784391,67.7766509056868,68.28845977783203,1236000,0.0,0.0
2024-03-21 00:00:00-04:00,68.41167226779604,68.78131081471298,68.02307381888731,68.051513671875,1451300,0.0,0.0
2024-03-22 00:00:00-04:00,68.68653168876071,68.68653168876071,67.77665164976362,67.93777465820312,1148000,0.0,0.0
2024-03-25 00:00:00-04:00,68.23158584084328,68.26001846128297,67.43544354419761,67.7103042602539,1368900,0.0,0.0
2024-03-26 00:00:00-04:00,67.67239793822193,67.99464397440632,66.895208239742,67.26484680175781,988700,0.0,0.0
2024-03-27 00:00:00-04:00,67.6723872626562,69.34050411980951,67.39752656457935,69.33102416992188,1404000,0.0,0.0
2024-03-28 00:00:00-04:00,69.3405098848829,70.20299738820636,69.08460183422167,70.09873962402344,1945800,0.0,0.0
2024-04-01 00:00:00-04:00,69.97552982781036,70.00396244901346,68.99930460072414,69.41632843017578,1441600,0.0,0.0
2024-04-02 00:00:00-04:00,69.41633656905216,70.46838706341917,69.41633656905216,69.94710540771484,1232600,0.0,0.0
2024-04-03 00:00:00-04:00,69.93761080323524,70.18403888273227,69.18885384593963,69.33102416992188,1935400,0.0,0.0
2024-04-04 00:00:00-04:00,69.85231205157122,70.0323949603533,68.44010309572423,69.08460235595703,1259800,0.0,0.0
2024-04-05 00:00:00-04:00,68.65810823672244,69.29312763555615,68.04204151096651,68.91400909423828,1585400,0.0,0.0
2024-04-08 00:00:00-04:00,68.89504140861393,69.67223099497423,68.88556145859842,69.51110076904297,1370900,0.0,0.0
2024-04-09 00:00:00-04:00,69.75752824258471,70.1366466979796,69.4447549745527,70.12716674804688,1147100,0.0,0.0
2024-04-10 00:00:00-04:00,68.14628825952369,68.68652974334829,67.45439649128623,68.5064468383789,1457700,0.0,0.0
2024-04-11 00:00:00-04:00,68.9613916566479,69.05616947050805,67.91882124201886,68.28845977783203,1008700,0.0,0.0
2024-04-12 00:00:00-04:00,68.40219444033781,68.63914260500387,67.35014401073377,68.01360321044922,971800,0.0,0.0
2024-04-15 00:00:00-04:00,68.35480355146048,68.57279179570459,67.29327325744867,67.8429946899414,1214200,0.0,0.0
2024-04-16 00:00:00-04:00,67.63447706142455,67.70082225079396,66.44025642169177,66.667724609375,1105300,0.0,0.0
2024-04-17 00:00:00-04:00,67.26484075248075,68.36427638827037,66.91415489368495,68.17472076416016,1279000,0.0,0.0
2024-04-18 00:00:00-04:00,68.38323562337794,68.85713191012195,67.89037943575742,68.72444152832031,1073200,0.0,0.0
2024-04-19 00:00:00-04:00,68.94243565368441,70.25039414459962,68.86661773695927,70.02291870117188,1266300,0.0,0.0
2024-04-22 00:00:00-04:00,69.90918412957735,70.76219891492622,69.50163302274865,70.49681091308594,1480200,0.0,0.0
2024-04-23 00:00:00-04:00,70.30725178067047,71.04652881408961,69.94709321418208,70.15560150146484,1108600,0.0,0.0
2024-04-24 00:00:00-04:00,69.61536484877855,71.04653372561586,69.11303591857916,70.80958557128906,1006200,0.0,0.0
2024-04-25 00:00:00-04:00,70.82855437439265,71.10340790460009,70.01345204258412,70.85698699951172,1106300,0.0,0.0
2024-04-26 00:00:00-04:00,70.68638254186841,70.94228339368182,69.80493502615735,69.81441497802734,1201400,0.0,0.0
2024-04-29 00:00:00-04:00,70.16508282639775,70.6484590619821,70.03239244503474,70.46837615966797,1393100,0.0,0.0
2024-04-30 00:00:00-04:00,70.09874085749628,70.79063264733182,69.2362533389963,70.01344299316406,1447100,0.0,0.0
2024-05-01 00:00:00-04:00,69.82388451578458,71.21714090269332,69.59641629886609,70.60107421875,1554200,0.0,0.0
2024-05-02 00:00:00-04:00,70.84749955592362,71.3403485450705,70.52525353053603,71.32139587402344,1216700,0.0,0.0
2024-05-03 00:00:00-04:00,71.16973926843747,71.73842058458145,68.90451564733611,70.2219467163086,2662200,0.0,0.0
2024-05-06 00:00:00-04:00,70.43046896995217,70.5347267391431,69.8333622082002,70.04187774658203,1886100,0.0,0.0
2024-05-07 00:00:00-04:00,70.6105498848101,70.6105498848101,69.82388027815009,70.47785949707031,2636200,0.0,0.0
2024-05-08 00:00:00-04:00,70.3641174945924,70.98018410362619,70.07030411550323,70.35464477539062,1642000,0.0,0.0
2024-05-09 00:00:00-04:00,70.32620597176634,71.23609320452184,70.07978510935006,70.86644744873047,1386300,0.0,0.0
2024-05-10 00:00:00-04:00,71.08444406479776,71.26452697037533,70.38307957472848,70.5157699584961,2286300,0.0,0.0
2024-05-13 00:00:00-04:00,70.70533324928147,71.09393172322011,70.24091685574388,70.58212280273438,2167800,0.0,0.0
2024-05-14 00:00:00-04:00,70.87592531677195,71.15078602239157,70.38307637533616,70.970703125,2954400,0.0,0.0
2024-05-15 00:00:00-04:00,71.70999774659592,72.17441413578447,71.17922892786754,71.39722442626953,3382000,0.0,0.0
2024-05-16 00:00:00-04:00,71.45407848689318,71.88058223432489,70.85697179427216,70.98966217041016,2781800,0.0,0.0
2024-05-17 00:00:00-04:00,71.00862329019998,71.36878912350954,70.20300098746041,70.83802032470703,1826300,0.0,0.0
2024-05-20 00:00:00-04:00,70.79063067661001,70.95175368103016,70.34516700349724,70.5157699584961,1734500,0.0,0.0
2024-05-21 00:00:00-04:00,70.4115185933846,71.14131577042006,70.20300304820753,70.66741943359375,1548100,0.0,0.0
2024-05-22 00:00:00-04:00,70.33569055451629,70.4968135669578,69.33103267566459,69.37841796875,1763400,0.0,0.0
2024-05-23 00:00:00-04:00,68.96140228216113,68.97087500324811,67.74822872322561,67.76718139648438,2198300,0.0,0.0
2024-05-24 00:00:00-04:00,67.90934493111567,68.12733319156939,67.04685014726778,67.61552429199219,1376800,0.0,0.0
2024-05-28 00:00:00-04:00,67.61551914686504,68.1747205289025,67.34066566217876,67.51126861572266,1598800,0.0,0.0
2024-05-29 00:00:00-04:00,67.10372101971211,67.10372101971211,66.34548402414545,66.44026184082031,976500,0.0,0.0
2024-05-30 00:00:00-04:00,67.01841251805348,67.8240347654857,66.62034136959288,67.77664947509766,2069600,0.0,0.0
2024-05-31 00:00:00-04:00,68.14627944670171,69.61535342377887,67.93776394814148,69.53953552246094,3160400,0.0,0.0
2024-06-03 00:00:00-04:00,69.6816996471361,70.28829348431381,69.3973662430131,69.91864776611328,1977700,0.0,0.0
2024-06-04 00:00:00-04:00,69.83336852258051,70.07979665668525,69.321559581479,69.86180114746094,1068300,0.0,0.0
2024-06-05 00:00:00-04:00,69.61535383841209,69.69117897126428,68.49695843763172,68.59174346923828,974400,0.0,0.0
2024-06-06 00:00:00-04:00,68.3832384703465,69.02773773639383,68.00411997895091,68.33584594726562,1216100,0.0,0.0
2024-06-07 00:00:00-04:00,67.6913451011967,68.03255101238007,67.35013919001335,67.359619140625,1154000,0.0,0.0
2024-06-10 00:00:00-04:00,67.44493533349173,68.06099483404647,67.12268203941429,67.76718139648438,1541300,0.0,0.0
2024-06-11 00:00:00-04:00,67.08475979863199,67.8809093514306,66.70564130830331,67.73873901367188,1033000,0.0,0.0
2024-06-12 00:00:00-04:00,68.45630687297152,68.60938495888108,66.82980750066582,67.10726928710938,1476300,0.67,0.0
2024-06-13 00:00:00-04:00,67.10726606337786,67.51867389254622,66.58104420065813,66.97332000732422,2090100,0.0,0.0
2024-06-14 00:00:00-04:00,66.66715727090143,67.33688755840468,66.51407189117914,67.088134765625,1089700,0.0,0.0
2024-06-17 00:00:00-04:00,66.73412912576569,67.56651443945997,66.51407072116402,67.35602569580078,1457400,0.0,0.0
2024-06-18 00:00:00-04:00,67.12641153407611,67.64305648359976,66.80110872563958,67.15511322021484,1483300,0.0,0.0
2024-06-20 00:00:00-04:00,67.29861061119435,68.26494191658901,66.9446134742023,67.98748016357422,1699400,0.0,0.0
2024-06-21 00:00:00-04:00,68.07359614172036,68.64765169951416,67.08813276259706,67.21250915527344,3287600,0.0,0.0
2024-06-24 00:00:00-04:00,67.222083385539,68.18840750869828,67.222083385539,68.07360076904297,1197500,0.0,0.0
2024-06-25 00:00:00-04:00,67.99707104291112,67.99707104291112,67.06901078965261,67.11685180664062,1283700,0.0,0.0
2024-06-26 00:00:00-04:00,66.75327478658612,67.23165573827289,66.38970789112922,67.09770965576172,1016000,0.0,0.0
2024-06-27 00:00:00-04:00,67.14553969252135,68.00662672467365,67.14553969252135,67.8726806640625,1381100,0.0,0.0
2024-06-28 00:00:00-04:00,68.12144442278114,68.24582814158438,67.2507948887285,68.03533935546875,2596800,0.0,0.0
2024-07-01 00:00:00-04:00,68.19799302273854,68.66680435083606,67.48999119874225,67.69091033935547,1812700,0.0,0.0
2024-07-02 00:00:00-04:00,67.86311620819933,68.61895892220399,67.79614317275656,68.4084701538086,2591600,0.0,0.0
2024-07-03 00:00:00-04:00,68.4084756456224,68.73377118688381,67.4995547631435,67.50911712646484,785500,0.0,0.0
2024-07-05 00:00:00-04:00,67.44214097897066,68.11187865582714,67.11684545269374,67.40386962890625,2445400,0.0,0.0
2024-07-08 00:00:00-04:00,67.41343558747201,67.79614176757569,67.15511311312213,67.65262603759766,1245500,0.0,0.0
2024-07-09 00:00:00-04:00,67.48997651020447,68.42759896233508,67.23164674312855,68.27452087402344,1721900,0.0,0.0
2024-07-10 00:00:00-04:00,68.59981848372284,68.73376455243255,67.8152740957746,68.70506286621094,1063200,0.0,0.0
2024-07-11 00:00:00-04:00,69.04950684396684,70.40810703480349,68.76248264422749,69.95843505859375,1097600,0.0,0.0
2024-07-12 00:00:00-04:00,70.28372391274489,71.34573013944274,70.10193682724291,70.68556213378906,1032300,0.0,0.0
2024-07-15 00:00:00-04:00,70.1784714719495,70.63772031437298,69.20257771862958,69.60441589355469,1014600,0.0,0.0
2024-07-16 00:00:00-04:00,70.073230475788,70.78123944613623,69.50874453134844,70.7333984375,931300,0.0,0.0
2024-07-17 00:00:00-04:00,70.9056171711819,72.64692334511342,70.9056171711819,71.98675537109375,886200,0.0,0.0
2024-07-18 00:00:00-04:00,71.60405101148291,73.15400778568271,71.60405101148291,71.80497741699219,1062200,0.0,0.0
2024-07-19 00:00:00-04:00,72.59908803644527,72.59908803644527,71.11611151829351,71.58492279052734,1065100,0.0,0.0
2024-07-22 00:00:00-04:00,71.7380075377959,72.52255197170662,71.63276314914206,72.46514129638672,1332300,0.0,0.0
2024-07-23 00:00:00-04:00,72.35033914224057,72.60866164929713,71.75714412299868,71.83368682861328,1288800,0.0,0.0
2024-07-24 00:00:00-04:00,72.50340904067109,73.90985007408058,72.04416745803535,73.70893096923828,1429400,0.0,0.0
2024-07-25 00:00:00-04:00,74.15860517999225,75.83293824009063,73.62281363709204,74.1968765258789,2258100,0.0,0.0
2024-07-26 00:00:00-04:00,74.30212831749208,75.08667273768324,74.0150968444531,74.66569519042969,976400,0.0,0.0
2024-07-29 00:00:00-04:00,74.59871262459984,75.1631985367558,73.74719527606833,74.81876373291016,1191200,0.0,0.0
2024-07-30 00:00:00-04:00,74.6848241966428,76.16780791487695,74.61785116224267,76.08169555664062,1304600,0.0,0.0
2024-07-31 00:00:00-04:00,75.98602214187619,76.11996821297839,75.40239684656792,75.8425064086914,1267400,0.0,0.0
2024-08-01 00:00:00-04:00,75.83294394902097,77.9760883834256,75.83294394902097,77.74646759033203,1533700,0.0,0.0
2024-08-02 00:00:00-04:00,79.0954939156413,80.20534107459478,77.268082727416,78.9615478515625,2132400,0.0,0.0
2024-08-05 00:00:00-04:00,80.63588487695571,80.75069892297446,76.70359321985217,76.72273254394531,1708700,0.0,0.0
2024-08-06 00:00:00-04:00,76.78970465846564,77.82300186219076,76.47397151033502,77.07672882080078,1455800,0.0,0.0
2024-08-07 00:00:00-04:00,77.07673103202302,78.09090354000625,76.91408327208232,77.00975799560547,1695600,0.0,0.0
2024-08-08 00:00:00-04:00,76.48354697170446,77.4116071626037,76.11041042271603,76.7322998046875,1458500,0.0,0.0
2024-08-09 00:00:00-04:00,76.65575989014225,77.10543181538185,75.49807896020013,76.83753967285156,1351600,0.0,0.0
2024-08-12 00:00:00-04:00,76.67488190654998,76.91407233108988,76.35914879427432,76.84709930419922,1084700,0.0,0.0
2024-08-13 00:00:00-04:00,77.23938270367377,77.96651641016766,76.55051304530005,77.78473663330078,1438500,0.0,0.0
2024-08-14 00:00:00-04:00,77.50727713516815,78.2248485006598,77.21067600709583,77.74646759033203,827500,0.0,0.0
2024-08-15 00:00:00-04:00,77.29678345863523,78.06218848685116,77.08629470353414,77.822998046875,1015900,0.0,0.0
2024-08-16 00:00:00-04:00,78.37792296913054,78.87544318057522,77.81343702483287,78.55014038085938,1463800,0.0,0.0
2024-08-19 00:00:00-04:00,78.59799371141192,79.25815447693935,78.51188134229099,78.94242858886719,924100,0.0,0.0
2024-08-20 00:00:00-04:00,78.96155661485811,79.31556113750472,78.41620263643779,78.66496276855469,772200,0.0,0.0
2024-08-21 00:00:00-04:00,78.67452278922006,78.99981828407148,78.50230538032433,78.7893295288086,749200,0.0,0.0
2024-08-22 00:00:00-04:00,78.85630236510652,79.08593044274171,78.39706080886195,78.73192596435547,977100,0.0,0.0
2024-08-23 00:00:00-04:00,79.01895667535179,79.01895667535179,78.41619934539915,78.50231170654297,765100,0.0,0.0
2024-08-26 00:00:00-04:00,78.76063406487314,79.37296105608682,78.4544705692663,78.99982452392578,1100700,0.0,0.0
2024-08-27 00:00:00-04:00,78.95198415061044,78.97112347521697,78.02393129357456,78.1196060180664,966400,0.0,0.0
2024-08-28 00:00:00-04:00,78.3970633917584,79.12419709635415,77.97608586840379,78.7797622680664,1414700,0.0,0.0
2024-08-29 00:00:00-04:00,78.86587443163369,79.16246824989955,77.79429860186292,78.72235870361328,1233700,0.0,0.0
2024-08-30 00:00:00-04:00,78.79891284000846,79.32513481931908,78.37793525655997,78.94242858886719,1168000,0.0,0.0
2024-09-03 00:00:00-04:00,79.04767149047727,80.15751150834261,78.5692905363339,79.67913055419922,2240400,0.0,0.0
2024-09-04 00:00:00-04:00,80.08096384335883,80.85594590473613,79.6599935934583,80.1957778930664,1447300,0.0,0.0
2024-09-05 00:00:00-04:00,80.8942219131355,80.94205562863306,79.9087510203003,80.1192398071289,1235900,0.0,0.0
2024-09-06 00:00:00-04:00,80.31059654234896,80.39670160992587,79.50691274739432,79.56432342529297,1076000,0.0,0.0
2024-09-09 00:00:00-04:00,79.59301913332037,80.99946019416583,79.30598766393878,80.93247985839844,2181900,0.0,0.0
2024-09-10 00:00:00-04:00,80.87506571215086,81.8700987607562,80.82723200663413,81.23863983154297,1480300,0.0,0.0
2024-09-11 00:00:00-04:00,81.05542224587049,81.1518579180838,79.84031217478616,80.75646209716797,1153200,0.67,0.0
2024-09-12 00:00:00-04:00,80.76610199705569,81.15185201542123,80.18748064829221,80.52500915527344,1404500,0.0,0.0
2024-09-13 00:00:00-04:00,80.56358678199925,81.14220814433081,80.50572685303703,80.99755096435547,989100,0.0,0.0
2024-09-16 00:00:00-04:00,82.12587478580363,82.77200188025328,81.65332748606869,82.4248275756836,1158600,0.0,0.0
2024-09-17 00:00:00-04:00,82.31874245455526,82.57911949257374,81.74975950841149,81.99085235595703,1695400,0.0,0.0
2024-09-18 00:00:00-04:00,81.90406294675881,82.19337730855206,81.04577299302736,81.60511016845703,921600,0.0,0.0
2024-09-19 00:00:00-04:00,81.0168436998244,81.4797378534462,79.99460500856726,80.64073944091797,1194000,0.0,0.0
2024-09-20 00:00:00-04:00,81.33507182356094,82.79127454512613,80.92039922826986,82.56947326660156,3814200,0.0,0.0
2024-09-23 00:00:00-04:00,82.91665811484269,83.08059949079346,82.35732092417176,82.5887680053711,1034300,0.0,0.0
2024-09-24 00:00:00-04:00,82.19337909821697,83.4181275603268,81.74976177178945,82.3669662475586,923500,0.0,0.0
2024-09-25 00:00:00-04:00,82.83950604331885,83.29276178570757,81.95228610708605,83.26382446289062,1860200,0.0,0.0
2024-09-26 00:00:00-04:00,82.72378970645093,83.99675984775585,82.72378970645093,82.99381256103516,1357200,0.0,0.0
2024-09-27 00:00:00-04:00,83.39883173843435,83.95816149046824,82.99379020807805,83.4084701538086,1107900,0.0,0.0
2024-09-30 00:00:00-04:00,83.65921506736522,84.48857502148012,83.08059372573308,84.34391784667969,1617500,0.0,0.0
2024-10-01 00:00:00-04:00,84.49821927470155,84.86467773437501,83.68814352493733,84.38249206542969,1014600,0.0,0.0
2024-10-02 00:00:00-04:00,83.86173836586511,84.55608697015907,83.3988442013825,84.28606414794922,1235400,0.0,0.0
2024-10-03 00:00:00-04:00,84.61394933798296,84.97076942479008,83.99675219585248,84.88397216796875,1360000,0.0,0.0
2024-10-04 00:00:00-04:00,83.813522332996,84.79717792868088,83.61099786330183,84.61394500732422,1182100,0.0,0.0
2024-10-07 00:00:00-04:00,84.60431473568849,84.69110463885285,83.87139033727222,84.03533172607422,2431200,0.0,0.0
2024-10-08 00:00:00-04:00,84.42107211322234,84.51750778042248,83.47598491649356,83.65921783447266,2021800,0.0,0.0
2024-10-09 00:00:00-04:00,83.28311449101805,83.95817152635611,82.78163724399275,83.30239868164062,2310300,0.0,0.0
2024-10-10 00:00:00-04:00,83.76529363702753,83.96781073178636,82.69484088075276,82.75270080566406,1192800,0.0,0.0
2024-10-11 00:00:00-04:00,82.98416848933432,83.52421416170935,82.76235981242574,83.36991119384766,1011900,0.0,0.0
2024-10-14 00:00:00-04:00,83.44706219144668,84.27642224494362,83.42777799936158,84.14141082763672,798400,0.0,0.0
2024-10-15 00:00:00-04:00,84.70073688353,85.36614810754003,84.23783540122047,84.79717254638672,1288000,0.0,0.0
2024-10-16 00:00:00-04:00,84.99969684267117,85.73262118606479,84.74895821195781,85.56867980957031,866300,0.0,0.0
2024-10-17 00:00:00-04:00,85.42402730264777,85.71333433155829,84.48858579160577,85.16364288330078,1995300,0.0,0.0
2024-10-18 00:00:00-04:00,85.04791576044734,85.74226434271961,84.42107288158655,85.67475128173828,952300,0.0,0.0
2024-10-21 00:00:00-04:00,85.80975762929054,85.90619328341397,84.80681063975565,85.08647918701172,1208500,0.0,0.0
2024-10-22 00:00:00-04:00,84.60430215328024,84.8936091450395,84.10282492878628,84.63323211669922,884300,0.0,0.0
2024-10-23 00:00:00-04:00,84.92253652854889,86.03156502385808,84.82610086755881,86.02191925048828,937300,0.0,0.0
2024-10-24 00:00:00-04:00,86.15692864955675,86.34980732463369,85.6651045826411,85.83869171142578,945300,0.0,0.0
2024-10-25 00:00:00-04:00,86.26302092828651,86.30159666815247,84.57537093639384,84.67181396484375,772300,0.0,0.0
2024-10-28 00:00:00-04:00,85.06719760645079,85.39508769796214,84.88396469185417,84.98040771484375,693600,0.0,0.0
2024-10-29 00:00:00-04:00,84.42106647538654,84.42106647538654,82.87807383051971,82.9455795288086,1137200,0.0,0.0
2024-10-30 00:00:00-04:00,83.50492414811934,83.69780286149472,82.94559427325727,83.52421569824219,1088300,0.0,0.0
2024-10-31 00:00:00-04:00,83.6592115413619,85.00933285331271,83.56277588141596,84.00638580322266,1663900,0.0,0.0
2024-11-01 00:00:00-04:00,83.93888767532266,84.25713200365664,82.39589490432903,82.8202133178711,1884600,0.0,0.0
2024-11-04 00:00:00-05:00,82.44410742799349,83.10952603632619,82.23194454663698,82.9552230834961,1808200,0.0,0.0
2024-11-05 00:00:00-05:00,82.93593658777563,84.54643498593086,82.63698382193962,84.53679656982422,1391700,0.0,0.0
2024-11-06 00:00:00-05:00,83.79423147677511,85.39509155379403,83.7170799979277,84.64287567138672,1799700,0.0,0.0
2024-11-07 00:00:00-05:00,83.76529951717595,85.3275838175737,82.64662517323364,83.46634674072266,2920500,0.0,0.0
2024-11-08 00:00:00-05:00,83.97746594429204,87.3624043683212,83.60136167495546,86.9766616821289,2268900,0.0,0.0
2024-11-11 00:00:00-05:00,86.98629643374231,89.38758649225863,86.5812622157648,89.01148223876953,2202700,0.0,0.0
2024-11-12 00:00:00-05:00,88.85717243674664,89.46472371689052,88.36534100563821,88.75109100341797,1633200,0.0,0.0
2024-11-13 00:00:00-05:00,89.2815001191397,89.2815001191397,87.57455873291053,88.13389587402344,2798800,0.0,0.0
2024-11-14 00:00:00-05:00,88.04710009960704,88.19174990438965,86.46553180171976,86.52339172363281,1890500,0.0,0.0
2024-11-15 00:00:00-05:00,86.34981877607146,88.02782300514218,86.34981877607146,87.96996307373047,1447500,0.0,0.0
2024-11-18 00:00:00-05:00,87.7385158630909,89.27186290383534,87.63243441727674,89.05970001220703,1564000,0.0,0.0
2024-11-19 00:00:00-05:00,88.80896093130694,89.01148540506968,88.01817665769128,88.83789825439453,1097000,0.0,0.0
2024-11-20 00:00:00-05:00,88.86683101136578,89.28151103113942,88.44250521692662,88.95362091064453,1000400,0.0,0.0
2024-11-21 00:00:00-05:00,89.06934776510452,90.8534334771821,88.67395193872886,90.62198638916016,1426400,0.0,0.0
2024-11-22 00:00:00-05:00,90.69913632641617,91.09452478848809,90.23623480068524,90.46768188476562,1108500,0.0,0.0
2024-11-25 00:00:00-05:00,90.65091045360026,91.24882336276403,89.98549184159299,90.1976547241211,1512000,0.0,0.0
2024-11-26 00:00:00-05:00,90.53518875423276,91.09452595905384,90.27481170099274,90.91129302978516,803500,0.0,0.0
2024-11-27 00:00:00-05:00,91.44169771261635,92.28070349639766,91.21988904877644,91.59600067138672,1054900,0.0,0.0
2024-11-29 00:00:00-05:00,91.53813134986179,91.6635043404705,90.83414434942618,91.02701568603516,586700,0.0,0.0
2024-12-02 00:00:00-05:00,91.43203762400076,91.43203762400076,89.52258663236003,89.57080078125,1191600,0.0,0.0
2024-12-03 00:00:00-05:00,90.05299032442011,90.43874032012819,88.509997699157,88.52928924560547,920200,0.0,0.0
2024-12-04 00:00:00-05:00,88.664308525664,89.53223689623329,88.21105279221524,89.13684844970703,1216100,0.0,0.0
2024-12-05 00:00:00-05:00,89.22363456517887,89.72511179023088,88.9246817994241,88.9921875,1012500,0.0,0.0
2024-12-06 00:00:00-05:00,89.05005318554576,89.32972177960839,88.46179338966851,88.5196533203125,725700,0.0,0.0
2024-12-09 00:00:00-05:00,88.4810748417091,88.87647064239002,87.6999363719158,87.92173767089844,1144800,0.0,0.0
2024-12-10 00:00:00-05:00,87.75780309221274,88.48108168912658,86.31124589838507,87.98925018310547,1583400,0.0,0.0
2024-12-11 00:00:00-05:00,88.12525199336334,88.22240104881274,87.02745358398916,87.28975677490234,1054600,0.67,0.0
2024-12-12 00:00:00-05:00,87.62007183170212,88.36812770651463,87.09545804162677,87.2314682006836,1132700,0.0,0.0
2024-12-13 00:00:00-05:00,87.08575404624547,87.78523920517095,86.8428776667296,87.2800521850586,672800,0.0,0.0
2024-12-16 00:00:00-05:00,87.20233248599776,87.20233248599776,86.18224878444292,86.2016830444336,1099500,0.0,0.0
2024-12-17 00:00:00-05:00,85.50219222175726,86.65827860614372,85.50219222175726,86.1530990600586,1140100,0.0,0.0
2024-12-18 00:00:00-05:00,85.94909175384497,86.4057005193615,84.43354556361871,84.45297241210938,2403500,0.0,0.0
2024-12-19 00:00:00-05:00,84.4432562043122,87.44521205082103,83.93807660605115,86.0462417602539,2888600,0.0,0.0
2024-12-20 00:00:00-05:00,85.85194425222765,86.77487151832904,85.3759012175449,86.7457275390625,3711300,0.0,0.0
2024-12-23 00:00:00-05:00,86.43483803477994,87.29947726193345,85.66734786681258,87.13432312011719,1336300,0.0,0.0
2024-12-24 00:00:00-05:00,87.02745542122082,88.30984225141974,86.79428878882248,88.30012512207031,845300,0.0,0.0
2024-12-26 00:00:00-05:00,87.93096367685101,88.50414835624645,87.65894332649394,88.1058349609375,1095400,0.0,0.0
2024-12-27 00:00:00-05:00,87.38690906410238,88.26126541949824,87.32862111107536,87.55207061767578,900000,0.0,0.0
2024-12-30 00:00:00-05:00,87.21203457445539,87.2897567836218,86.39597361420145,87.06631469726562,870700,0.0,0.0
2024-12-31 00:00:00-05:00,87.4354860824745,87.59093050438015,86.1919603552212,86.59999084472656,1285500,0.0,0.0
2025-01-02 00:00:00-05:00,87.39663089783012,87.49377996210369,86.15310508633209,86.45426940917969,927200,0.0,0.0
2025-01-03 00:00:00-05:00,86.51255808900031,87.241187132719,86.24053035326706,86.31825256347656,1059400,0.0,0.0
2025-01-06 00:00:00-05:00,85.9296568653901,86.15310638739243,84.33638846884733,84.39468383789062,1045800,0.0,0.0
2025-01-07 00:00:00-05:00,84.62784273717713,85.9490907795244,84.55983765023272,85.45362091064453,1294100,0.0,0.0
2025-01-08 00:00:00-05:00,85.24959501969117,86.74571415790952,84.83184741998087,86.69713592529297,1476600,0.0,0.0
2025-01-10 00:00:00-05:00,86.16281389815234,86.63884945553502,85.40504089317645,85.53133392333984,1095600,0.0,0.0
2025-01-13 00:00:00-05:00,85.66734272082854,86.41539858482456,85.05529701392271,86.27938842773438,955700,0.0,0.0
2025-01-14 00:00:00-05:00,86.26968307726366,87.36748151848361,86.21138771270468,86.85258483886719,1174600,0.0,0.0
2025-01-15 00:00:00-05:00,87.76580195414313,88.89275187446398,87.68808714846475,88.5235824584961,1304900,0.0,0.0
2025-01-16 00:00:00-05:00,88.387560707303,91.22435457298708,88.25154313818334,91.18549346923828,1142500,0.0,0.0
2025-01-17 00:00:00-05:00,90.88433520034883,92.22501001449938,90.65116856241104,91.48666381835938,1351300,0.0,0.0
2025-01-21 00:00:00-05:00,92.67189496757119,93.98342571084225,92.44845288724969,93.49767303466797,1506200,0.0,0.0
2025-01-22 00:00:00-05:00,93.12851373223225,93.29366788109805,90.45687372458569,90.69003295898438,1158200,0.0,0.0
2025-01-23 00:00:00-05:00,91.1466386652879,91.41865899833317,90.41800959663169,90.65116882324219,1138400,0.0,0.0
2025-01-24 00:00:00-05:00,90.1459910728768,91.56438813222263,90.1459910728768,91.43809509277344,743600,0.0,0.0
2025-01-27 00:00:00-05:00,91.8364109827906,92.08900448059666,89.25221028430828,91.44780731201172,2453600,0.0,0.0
2025-01-28 00:00:00-05:00,91.52552424729515,91.6421075654012,89.81567264173026,90.56373596191406,1137400,0.0,0.0
2025-01-29 00:00:00-05:00,90.70946338466676,91.2340771988878,89.89339498076798,90.14598846435547,912800,0.0,0.0
2025-01-30 00:00:00-05:00,91.2437868433593,91.53524143280369,90.5734531468342,91.42837524414062,790500,0.0,0.0
2025-01-31 00:00:00-05:00,91.32150998519315,92.06956590145222,90.98148456871174,91.51580810546875,1686900,0.0,0.0
2025-02-03 00:00:00-05:00,91.28264201986029,93.48796332047371,90.50544218515762,93.27423095703125,1725100,0.0,0.0
2025-02-04 00:00:00-05:00,92.41930045290948,92.8564823037089,91.41865113725372,92.76904296875,2100100,0.0,0.0
2025-02-05 00:00:00-05:00,93.75026849356259,94.51775862766465,93.29365978233751,93.86685180664062,1793500,0.0,0.0
2025-02-06 00:00:00-05:00,94.13887609820934,94.20688118070883,92.89535035421946,93.99314880371094,1745400,0.0,0.0
2025-02-07 00:00:00-05:00,94.37203404538846,94.59548354886255,93.32280643359339,94.32345581054688,1586500,0.0,0.0
2025-02-10 00:00:00-05:00,94.26516660268142,95.19781088563225,93.62397690090181,94.4303207397461,1989100,0.0,0.0
2025-02-11 00:00:00-05:00,94.10973833754164,95.450413229081,93.75027864230347,95.38240814208984,2005000,0.0,0.0
2025-02-12 00:00:00-05:00,94.168025987128,95.5281351345118,93.86686166172106,94.4886245727539,2103900,0.0,0.0
2025-02-13 00:00:00-05:00,94.74120431656463,95.8778712793189,94.61491128159106,95.46983337402344,2629000,0.0,0.0
2025-02-14 00:00:00-05:00,96.02359917973617,97.75288517992212,94.62463631275249,95.27554321289062,3561300,0.0,0.0
2025-02-18 00:00:00-05:00,95.64470798866556,95.70300335545933,94.74120762934436,95.537841796875,2043700,0.0,0.0
2025-02-19 00:00:00-05:00,95.72242782622801,95.84872827447984,94.47890207481342,95.11038208007812,2114800,0.0,0.0
2025-02-20 00:00:00-05:00,94.76063915449927,95.03265948502633,93.8377045622132,94.4400405883789,2594300,0.0,0.0
2025-02-21 00:00:00-05:00,94.09030814527819,95.91674326686181,93.9251539857304,95.7321548461914,4117900,0.0,0.0
2025-02-24 00:00:00-05:00,95.98474402079289,96.93681523682342,95.12981445799159,96.02359771728516,2143000,0.0,0.0
2025-02-25 00:00:00-05:00,95.85844267811717,96.86880925353324,95.65442741942717,96.57736206054688,1602600,0.0,0.0
2025-02-26 00:00:00-05:00,96.14988364808255,96.87851264521927,95.91672444435808,96.49962615966797,1131800,0.0,0.0
2025-02-27 00:00:00-05:00,95.8681528524613,97.22826189037744,95.47954921134267,96.6356430053711,1374700,0.0,0.0
2025-02-28 00:00:00-05:00,97.53914944217513,98.85068032776047,97.02425273547854,98.66609191894531,1852400,0.0,0.0
2025-03-03 00:00:00-05:00,98.5980831555837,100.9102708025007,98.10262072724275,100.7159652709961,2261400,0.0,0.0
2025-03-04 00:00:00-05:00,100.83254969009897,101.13371400221949,97.02425017503323,97.15054321289062,2791400,0.0,0.0
2025-03-05 00:00:00-05:00,96.28590217709657,97.2962686971236,95.59613422257775,95.91673278808594,1543200,0.0,0.0
2025-03-06 00:00:00-05:00,95.6738532309704,95.6738532309704,93.8377012409056,94.37203216552734,1600100,0.0,0.0
2025-03-07 00:00:00-05:00,94.41089715238613,96.54820611476318,94.20688190332271,95.78071594238281,2539300,0.0,0.0
2025-03-10 00:00:00-04:00,95.98474626661388,97.84031791547642,95.44069814701126,96.42192077636719,2308400,0.0,0.0
2025-03-11 00:00:00-04:00,96.26534394864987,97.16557445367624,95.44340312083756,95.76631164550781,2232700,0.71,0.0
2025-03-12 00:00:00-04:00,95.22813604810241,96.11857945964542,95.00307654302354,95.35533905029297,2037800,0.0,0.0
2025-03-13 00:00:00-04:00,95.60974381305051,96.45125889651392,95.25748133786107,95.8543701171875,1491900,0.0,0.0
2025-03-14 00:00:00-04:00,95.54125741076462,97.47870120000562,95.34555933586888,96.98944854736328,1827700,0.0,0.0
2025-03-17 00:00:00-04:00,97.19492578670585,98.71160440614823,96.91115837561993,98.56483459472656,2861900,0.0,0.0
2025-03-18 00:00:00-04:00,97.89945614538381,98.47677067657257,96.91116372332874,97.70375061035156,1358900,0.0,0.0
2025-03-19 00:00:00-04:00,97.46891631125393,98.30064434690453,96.95030968192133,97.90924072265625,2172800,0.0,0.0
2025-03-20 00:00:00-04:00,98.23214504994525,98.3104272645105,97.34170912182493,97.82117462158203,2262700,0.0,0.0
2025-03-21 00:00:00-04:00,96.80352525539753,97.6743943358317,96.04029235033411,96.7839584350586,3577200,0.0,0.0
2025-03-24 00:00:00-04:00,97.05794060310849,97.79181955925966,96.52954685883132,96.68610382080078,1146700,0.0,0.0
2025-03-25 00:00:00-04:00,96.36320829307688,96.81331984954183,94.51382634909676,95.09114837646484,1395200,0.0,0.0
2025-03-26 00:00:00-04:00,95.10093165893058,97.12643731348766,94.89544644358745,96.75460052490234,1334700,0.0,0.0
2025-03-27 00:00:00-04:00,96.97966509724777,97.24385825495851,96.32406830943685,96.50997924804688,1761800,0.0,0.0
2025-03-28 00:00:00-04:00,97.39062459114517,97.9288054551529,97.03836211023147,97.55696868896484,1797800,0.0,0.0
2025-03-31 00:00:00-04:00,97.83095768934278,99.67054486257585,97.67439326673441,98.24192810058594,3045300,0.0,0.0
2025-04-01 00:00:00-04:00,97.97773264786713,98.70183194234411,97.44933889192568,98.5061264038086,1853400,0.0,0.0
2025-04-02 00:00:00-04:00,98.91709641585001,99.44549016954376,97.91902430247488,98.67247009277344,1916600,0.0,0.0
2025-04-03 00:00:00-04:00,99.69990049226003,100.72733400294723,98.73118237373386,99.49441528320312,3775500,0.0,0.0
2025-04-04 00:00:00-04:00,100.27722868929897,100.33593661969344,93.00693384779062,93.73102569580078,3099100,0.0,0.0
2025-04-07 00:00:00-04:00,92.24368449813082,94.59209853686718,90.51173353048668,92.31217956542969,2606300,0.0,0.0
2025-04-08 00:00:00-04:00,94.41597596799292,95.20857035141313,91.32390304759559,92.20455932617188,2441000,0.0,0.0
2025-04-09 00:00:00-04:00,91.55874053294593,95.51190283693269,89.79742800850525,94.27898406982422,2418400,0.0,0.0
2025-04-10 00:00:00-04:00,94.06370737606174,96.22620309147496,92.71337281313569,94.64102935791016,2098100,0.0,0.0
2025-04-11 00:00:00-04:00,94.27898767197429,96.17729041357804,93.23198726061005,95.43362426757812,1321300,0.0,0.0
2025-04-14 00:00:00-04:00,95.9815824884039,97.21450127206434,95.05200542799354,96.8818130493164,1881000,0.0,0.0
2025-04-15 00:00:00-04:00,97.16557541802965,97.92880832725966,96.74481785712045,96.90137481689453,1668600,0.0,0.0
2025-04-16 00:00:00-04:00,97.23407144909808,97.48847744442173,95.4629718324369,95.89351654052734,1231600,0.0,0.0
2025-04-17 00:00:00-04:00,96.2849223217759,97.67439804610305,95.97180092664016,96.52954864501953,1747600,0.0,0.0
2025-04-21 00:00:00-04:00,95.97180361375236,96.1283605830022,93.22219858703377,94.40619659423828,1248000,0.0,0.0
2025-04-22 00:00:00-04:00,94.91501100856593,97.28299196574277,94.48446630166005,97.018798828125,2168700,0.0,0.0
2025-04-23 00:00:00-04:00,96.65675654250987,97.52762570014607,95.59018930252522,96.50997924804688,1055000,0.0,0.0
2025-04-24 00:00:00-04:00,96.25557348766448,97.43956405941945,95.81524160311544,96.79374694824219,847400,0.0,0.0
2025-04-25 00:00:00-04:00,96.58825328782044,96.87202070897789,95.65867627727918,96.16749572753906,1489300,0.0,0.0
2025-04-28 00:00:00-04:00,96.13814623996372,97.28299565539938,95.84459166223009,96.76438903808594,1203200,0.0,0.0
2025-04-29 00:00:00-04:00,96.43169742233223,97.3808412640584,96.15770967557323,97.07750701904297,980000,0.0,0.0
2025-04-30 00:00:00-04:00,97.53740199155142,97.68417926968348,95.3357652157779,97.10685729980469,1755300,0.0,0.0
2025-05-01 00:00:00-04:00,96.76438218713834,97.43955318888153,95.76631013123328,95.98157501220703,1537800,0.0,0.0
2025-05-02 00:00:00-04:00,96.75460378472434,97.98752258372512,94.10285525156938,97.34171295166016,2663900,0.0,0.0
2025-05-05 00:00:00-04:00,97.21450410837387,97.73311074449587,96.412130027592,97.41020965576172,1633200,0.0,0.0
2025-05-06 00:00:00-04:00,97.36127703301389,97.96795300458376,97.0188016722095,97.32213592529297,1130000,0.0,0.0
2025-05-07 00:00:00-04:00,97.20471559794194,97.96795602391829,97.03837148405357,97.40042114257812,1105200,0.0,0.0
2025-05-08 00:00:00-04:00,96.97966144534004,97.34171109599481,95.45319555737417,95.58039855957031,2349600,0.0,0.0
2025-05-09 00:00:00-04:00,95.58039966686468,95.69782299245432,94.59210720634366,95.3064193725586,1295300,0.0,0.0
2025-05-12 00:00:00-04:00,94.84651785333996,94.84651785333996,92.92864838493308,93.36897277832031,1314400,0.0,0.0
2025-05-13 00:00:00-04:00,92.41982079682627,93.16348690063901,92.05777862074332,92.29261779785156,3421900,0.0,0.0
2025-05-14 00:00:00-04:00,92.40025384247822,93.24176898008662,91.26518413485654,92.96778869628906,2659100,0.0,0.0
2025-05-15 00:00:00-04:00,93.72123000479495,94.83672537297468,93.32982641858746,94.73887634277344,1659500,0.0,0.0
2025-05-16 00:00:00-04:00,94.57253845832342,95.93266022406777,94.30833784747928,95.9130859375,1254600,0.0,0.0
2025-05-19 00:00:00-04:00,95.70760448272168,96.87202822097353,95.38470339569157,96.8426742553711,1751000,0.0,0.0
2025-05-20 00:00:00-04:00,96.500193047823,97.41020325350723,96.27513354946979,96.46105194091797,1236000,0.0,0.0
2025-05-21 00:00:00-04:00,96.05986812910297,96.21643256802604,94.1028574349846,94.42576599121094,1928900,0.0,0.0
2025-05-22 00:00:00-04:00,93.88757679559187,94.12242343329379,92.37089812046436,93.34940338134766,1861300,0.0,0.0
2025-05-23 00:00:00-04:00,94.19091565759403,94.41596768017327,92.90906872808547,94.23005676269531,1451900,0.0,0.0
2025-05-27 00:00:00-04:00,94.86608507799107,94.9150133287547,93.93650803670567,94.61167907714844,993600,0.0,0.0
2025-05-28 00:00:00-04:00,94.2985516410524,94.50403684336989,93.03627899932857,93.2711181640625,1106900,0.0,0.0
2025-05-29 00:00:00-04:00,92.72316329195715,94.16156726149988,92.04799225350168,94.10285186767578,1042000,0.0,0.0
2025-05-30 00:00:00-04:00,93.92672303057972,95.07157992203214,93.92672303057972,94.79759216308594,2370600,0.0,0.0
2025-06-02 00:00:00-04:00,94.27898324773794,95.19878060974803,93.92672074592143,95.0617904663086,1279200,0.0,0.0
2025-06-03 00:00:00-04:00,95.22813415527344,95.59996347648793,94.14199269034887,95.22813415527344,1887200,0.0,0.0
2025-06-04 00:00:00-04:00,95.08136278204378,95.65868481881844,94.30834266201863,94.42576599121094,2089200,0.0,0.0
2025-06-05 00:00:00-04:00,94.48447134452353,94.7290976746122,93.81908742806618,93.9560775756836,2293800,0.0,0.0
2025-06-06 00:00:00-04:00,94.16156536277832,94.45511246436801,93.42768641069996,93.97564697265625,1458000,0.0,0.0
2025-06-09 00:00:00-04:00,93.76038291760669,94.44533368067675,93.17328119706043,93.8680191040039,2344400,0.0,0.0
2025-06-10 00:00:00-04:00,94.13417936312788,94.59750725296276,93.61170579240117,94.28205108642578,1732400,0.71,0.0
2025-06-11 00:00:00-04:00,94.44963411727574,94.7749503994527,94.25247683653899,94.48906707763672,1512800,0.0,0.0
2025-06-12 00:00:00-04:00,94.78481476894922,95.89876774507908,94.62708292043428,95.79032897949219,2001800,0.0,0.0
2025-06-13 00:00:00-04:00,95.96776802189494,96.04663394161064,94.07503107512665,94.34119415283203,1350000,0.0,0.0
2025-06-16 00:00:00-04:00,94.74537387873458,95.15940866483801,92.8920699401755,93.46382904052734,1203600,0.0,0.0
2025-06-17 00:00:00-04:00,93.3356756756737,93.40468147196067,92.1724297375021,93.03993225097656,1409100,0.0,0.0
2025-06-18 00:00:00-04:00,93.1188015507723,93.49340338407555,92.52732220095265,93.0793685913086,1749300,0.0,0.0
2025-06-20 00:00:00-04:00,93.20753130462539,94.4299230124469,93.06951970153595,93.34554290771484,2508000,0.0,0.0
2025-06-23 00:00:00-04:00,93.8581530295819,95.04111925547271,93.8581530295819,94.64679718017578,1432100,0.0,0.0
2025-06-24 00:00:00-04:00,94.63693686112134,95.39600064959167,94.45949230366402,95.0016860961914,1692900,0.0,0.0
2025-06-25 00:00:00-04:00,94.91296374064368,94.91296374064368,93.36525574316794,93.74971771240234,2029000,0.0,0.0
2025-06-26 00:00:00-04:00,93.83844441202326,94.29191218606223,93.30611071526403,94.02574157714844,1663000,0.0,0.0
2025-06-27 00:00:00-04:00,94.02573950420508,94.7650905910036,93.70043074202556,93.95673370361328,2259900,0.0,0.0
2025-06-30 00:00:00-04:00,93.67084705919157,94.71580167247134,93.67084705919157,94.6763687133789,2377200,0.0,0.0
2025-07-01 00:00:00-04:00,94.73551713077457,95.33685661245319,93.77928852807028,95.02140045166016,1618900,0.0,0.0
2025-07-02 00:00:00-04:00,94.78480611684881,95.16926806117408,93.27653117817772,94.12432098388672,1569600,0.0,0.0
2025-07-03 00:00:00-04:00,93.7201459647147,94.8833920065205,93.7201459647147,94.65665435791016,637600,0.0,0.0
2025-07-07 00:00:00-04:00,94.65665064810166,95.0411201278194,94.0651712902613,94.56793212890625,1468400,0.0,0.0
2025-07-08 00:00:00-04:00,93.78914990779748,94.27219051526443,92.86249413255749,93.65113830566406,1686300,0.0,0.0
2025-07-09 00:00:00-04:00,93.89758256776257,93.99616120272778,92.8920684574091,93.8482894897461,2150600,0.0,0.0
2025-07-10 00:00:00-04:00,93.27653445411366,95.09040548375594,93.02022397520575,94.92282104492188,1785800,0.0,0.0
2025-07-11 00:00:00-04:00,94.45948936402382,95.23827336856871,94.16374593710935,94.83409118652344,1155800,0.0,0.0
2025-07-14 00:00:00-04:00,94.7848127128699,95.71146097905448,94.26233913786758,95.13970184326172,1549600,0.0,0.0
2025-07-15 00:00:00-04:00,94.65665074983885,95.22841738882856,93.82858115218595,94.39048767089844,1552800,0.0,0.0
2025-07-16 00:00:00-04:00,94.46934705726069,95.54386694005134,93.7990018250656,95.47486114501953,1995400,0.0,0.0
2025-07-17 00:00:00-04:00,95.16926701248741,96.17478112016559,94.903096425615,95.89875793457031,1327000,0.0,0.0
2025-07-18 00:00:00-04:00,96.09592780253361,97.50562416436698,96.09592780253361,97.29859924316406,1383400,0.0,0.0
2025-07-21 00:00:00-04:00,97.31832124000063,98.46184702153388,97.29860099902156,97.89994049072266,1249400,0.0,0.0
2025-07-22 00:00:00-04:00,98.15624541556062,99.5560816030452,97.91965518469215,99.48707580566406,1319000,0.0,0.0
2025-07-23 00:00:00-04:00,99.57580154612499,100.13770804343027,98.10695204456931,98.50127410888672,1277900,0.0,0.0
2025-07-24 00:00:00-04:00,98.64914833987967,98.98432473547425,98.14638750702183,98.61957550048828,1031600,0.0,0.0
2025-07-25 00:00:00-04:00,98.75759211938784,98.96460952672082,98.45199606871557,98.67872619628906,1059000,0.0,0.0
2025-07-28 00:00:00-04:00,98.50127675017598,98.54070970977187,96.64797277557633,96.92399597167969,1965100,0.0,0.0
2025-07-29 00:00:00-04:00,97.35774763280145,98.45198778020236,96.98313829015423,98.40269470214844,1326600,0.0,0.0
2025-07-30 00:00:00-04:00,98.45199704926966,99.4772314965596,98.22525939836954,98.42241668701172,2117400,0.0,0.0
2025-07-31 00:00:00-04:00,98.06753302622653,99.8025381890815,97.71264389721793,99.69409942626953,2002100,0.0,0.0
2025-08-01 00:00:00-04:00,101.08408169236888,101.70513389894076,98.95474694800556,100.66018676757812,2179000,0.0,0.0
2025-08-04 00:00:00-04:00,101.10379585096928,102.11917015662178,100.8967784458325,101.79386138916016,1126200,0.0,0.0
2025-08-05 00:00:00-04:00,101.60655448424447,102.06988236607651,100.08841935867336,100.56160736083984,1623600,0.0,0.0
2025-08-06 00:00:00-04:00,100.57146147813212,100.96578356571139,99.77296470355857,100.1771469116211,1492300,0.0,0.0
2025-08-07 00:00:00-04:00,100.2165777211581,101.1727987975954,99.95040712130191,100.86720275878906,1310300,0.0,0.0
2025-08-08 00:00:00-04:00,101.29109951623062,101.38967815753155,99.61524005091006,99.95040893554688,1006100,0.0,0.0
2025-08-11 00:00:00-04:00,100.14756752819497,100.32501209328512,98.99418161564314,99.92083740234375,1555100,0.0,0.0
2025-08-12 00:00:00-04:00,99.8912586671767,99.98983730395011,98.17595879883413,99.76309967041016,1310700,0.0,0.0
2025-08-13 00:00:00-04:00,99.78282947706188,100.7883437022628,99.42794033379836,100.76863098144531,967500,0.0,0.0
2025-08-14 00:00:00-04:00,100.70948367172872,100.99535948484339,99.80254058632859,99.9898452758789,1463000,0.0,0.0
2025-08-15 00:00:00-04:00,99.72367374955994,99.72367374955994,98.66885902588275,99.13218688964844,1905600,0.0,0.0
2025-08-18 00:00:00-04:00,99.13218508996651,99.2209111257696,98.4322670075835,98.53084564208984,1518200,0.0,0.0
2025-08-19 00:00:00-04:00,99.03361092742247,100.59117899458633,98.87588660930368,100.41373443603516,1885900,0.0,0.0
2025-08-20 00:00:00-04:00,100.93621511008003,101.94173685314126,100.41374151779483,100.5418930053711,1570300,0.0,0.0
2025-08-21 00:00:00-04:00,100.29543575820722,100.87706251504252,99.8518281214718,100.05884552001953,1125600,0.0,0.0
2025-08-22 00:00:00-04:00,100.67004863062911,101.00521751967256,99.723680123775,100.50245666503906,1196000,0.0,0.0
2025-08-25 00:00:00-04:00,100.19685719369153,100.38416187297484,99.2997817993164,99.2997817993164,1562300,0.0,0.0
2025-08-26 00:00:00-04:00,99.53636975141018,99.62508826835833,98.78715857255375,99.40821075439453,1296700,0.0,0.0
2025-08-27 00:00:00-04:00,99.43779329745894,99.84196797420898,98.91531222004495,99.47722625732422,1143400,0.0,0.0
2025-08-28 00:00:00-04:00,99.28992603769322,99.28992603769322,98.01824122892717,98.32383728027344,1488000,0.0,0.0
2025-08-29 00:00:00-04:00,98.32383303127864,98.76744818971586,98.21539427173187,98.36326599121094,985900,0.0,0.0
2025-09-02 00:00:00-04:00,98.21538925982316,98.52099280343651,97.60419721473183,98.30411529541016,1639800,0.0,0.0
2025-09-03 00:00:00-04:00,98.30411683726192,98.62943310440387,97.50562010979331,98.50127410888672,979100,0.0,0.0
2025-09-04 00:00:00-04:00,99.21105685375258,99.55608585539551,98.41256008979781,99.44764709472656,1663500,0.0,0.0
2025-09-05 00:00:00-04:00,99.49693819932848,99.73352843560359,98.30411937672866,99.2011947631836,1481600,0.0,0.0
2025-09-08 00:00:00-04:00,98.78715949841832,99.1321884915636,98.03794831254005,98.57028198242188,1920000,0.0,0.0
2025-09-09 00:00:00-04:00,98.26250078397695,99.0369236365264,98.03414163714208,98.49085235595703,1999500,0.71,0.0
2025-09-10 00:00:00-04:00,98.29228764192544,98.84828199655244,98.01429046461195,98.58021545410156,1336800,0.0,0.0
2025-09-11 00:00:00-04:00,98.48092971067275,99.74184761631042,98.34193112500733,99.5929183959961,999300,0.0,0.0
2025-09-12 00:00:00-04:00,99.50356355860256,100.31770136301442,99.40427993852398,100.06948852539062,917300,0.0,0.0
2025-09-15 00:00:00-04:00,99.95034489157659,100.31770262282082,99.52341850250806,99.75177764892578,1150500,0.0,0.0
2025-09-16 00:00:00-04:00,99.34470768846232,99.6822811000855,97.80579257842582,97.85543060302734,964900,0.0,0.0
2025-09-17 00:00:00-04:00,98.46107182831642,99.09649612031752,98.07386038709247,98.26250457763672,1053600,0.0,0.0
2025-09-18 00:00:00-04:00,97.50793188321488,98.46106828693478,97.2001503832749,97.95471954345703,1520300,0.0,0.0
2025-09-19 00:00:00-04:00,98.25257328174395,98.84828260463104,97.42850480474173,98.42135620117188,2010000,0.0,0.0
2025-09-22 00:00:00-04:00,98.48092876907226,98.81849459535935,98.0440717469551,98.38163757324219,1578000,0.0,0.0
2025-09-23 00:00:00-04:00,98.13342714336413,100.2084904745259,97.93485989653699,100.18863677978516,1194000,0.0,0.0
2025-09-24 00:00:00-04:00,100.33755671595912,100.95312729039098,99.81134670347366,100.12905883789062,1759700,0.0,0.0
2025-09-25 00:00:00-04:00,100.56591901706837,100.9829147862825,99.8510647984984,100.05956268310547,1120200,0.0,0.0
2025-09-26 00:00:00-04:00,100.68506251266379,101.7374825560146,100.43684966660143,101.37012481689453,1075200,0.0,0.0
2025-09-29 00:00:00-04:00,101.54883558205377,102.95868269102961,101.01269494029083,102.80976104736328,1791700,0.0,0.0
2025-09-30 00:00:00-04:00,102.95868794923793,103.7529721053453,102.56155344603934,103.63382720947266,1497100,0.0,0.0
2025-10-01 00:00:00-04:00,103.30619101621633,103.77282481050821,102.66083609239305,102.69062042236328,2007700,0.0,0.0
2025-10-02 00:00:00-04:00,102.31334066772074,102.97854929339755,101.89633731929406,102.18426513671875,1945400,0.0,0.0
2025-10-03 00:00:00-04:00,102.30340490602347,103.5047541410279,102.08497639513999,102.99839782714844,2127000,0.0,0.0
2025-10-06 00:00:00-04:00,103.34589553166694,104.22954022038313,102.90904607949642,104.1302490234375,2061100,0.0,0.0
2025-10-07 00:00:00-04:00,104.41817696148051,104.91460264741492,103.55440111586171,103.8621826171875,2213000,0.0,0.0
2025-10-08 00:00:00-04:00,104.16996674480838,104.16996674480838,102.48212240001997,102.95868682861328,2062900,0.0,0.0
2025-10-09 00:00:00-04:00,103.2565461686514,103.44519035964392,102.22397979798228,102.2636947631836,2165500,0.0,0.0
2025-10-10 00:00:00-04:00,102.49205221213563,104.10046661429436,102.24383936490325,102.92890167236328,2098500,0.0,0.0
2025-10-13 00:00:00-04:00,102.78990256010913,103.78275394397936,102.52183601940033,102.81968688964844,1622300,0.0,0.0
2025-10-14 00:00:00-04:00,103.10761306044407,104.02103450111522,102.84946958378315,103.48490142822266,1652200,0.0,0.0
2025-10-15 00:00:00-04:00,103.65368358284599,104.87488651471551,103.24661088898631,104.63660430908203,2351500,0.0,0.0
2025-10-16 00:00:00-04:00,104.84510480598352,105.4706060268282,103.95153704395895,104.45789337158203,2089200,0.0,0.0
2025-10-17 00:00:00-04:00,104.58695723095758,105.06352921033474,103.89196431817282,104.76567077636719,1225200,0.0,0.0
2025-10-20 00:00:00-04:00,105.40110485588266,105.96702983261127,104.59689009695425,104.93446350097656,2217000,0.0,0.0
2025-10-21 00:00:00-04:00,105.25217962233121,105.41103190829308,103.73311818383073,104.16996765136719,890100,0.0,0.0
2025-10-22 00:00:00-04:00,104.28911262459225,105.07346614453574,103.7331182610293,104.62667846679688,1314300,0.0,0.0
2025-10-23 00:00:00-04:00,105.16281274336264,105.16281274336264,103.37568486559424,103.58418273925781,1805500,0.0,0.0
2025-10-24 00:00:00-04:00,103.99124898416156,104.44795969928016,103.27639479533082,103.53453826904297,811900,0.0,0.0
2025-10-27 00:00:00-04:00,103.63382646341769,104.12032910358732,102.81968861795339,104.06075286865234,980500,0.0,0.0
2025-10-28 00:00:00-04:00,104.11039769411758,104.18982762353663,102.45233768548374,102.58140563964844,1399100,0.0,0.0
2025-10-29 00:00:00-04:00,102.34311987128497,102.72040066063782,101.18148559958786,101.54883575439453,1222200,0.0,0.0
2025-10-30 00:00:00-04:00,101.90626779139393,102.5714764160071,101.56870194900101,101.9956283569336,1453800,0.0,0.0
2025-10-31 00:00:00-04:00,101.38005575420334,101.9062657774489,100.88363006059735,101.29069519042969,1590800,0.0,0.0
2025-11-03 00:00:00-05:00,100.81413269042969,101.24105909807253,99.42413920683522,100.81413269042969,1475800,0.0,0.0
2025-11-04 00:00:00-05:00,101.38005528368822,101.48926954176306,100.67513171102193,101.18148803710938,1365700,0.0,0.0
2025-11-05 00:00:00-05:00,101.13184010365362,101.62826578349686,100.15884243822478,100.55598449707031,1785300,0.0,0.0
2025-11-06 00:00:00-05:00,102.04526156236003,103.32604072566147,100.1389887692459,101.28076934814453,2862000,0.0,0.0
2025-11-07 00:00:00-05:00,101.99562836186999,104.08061480135007,101.32048910219638,103.90190124511719,2283400,0.0,0.0
2025-11-10 00:00:00-05:00,103.28632707998935,104.24939412339174,103.0579755062092,103.59410858154297,1492700,0.0,0.0
2025-11-11 00:00:00-05:00,103.47497461245132,104.52739467750655,103.07783253559018,104.43804168701172,1269400,0.0,0.0
2025-11-12 00:00:00-05:00,104.32882438272914,105.16281590243644,104.01111224548043,104.96424865722656,1327400,0.0,0.0
2025-11-13 00:00:00-05:00,104.66638914333204,104.66638914333204,103.2466113875333,104.02103424072266,1898600,0.0,0.0
2025-11-14 00:00:00-05:00,104.02103611652694,104.6465373360401,103.59410971862705,104.26924896240234,1588100,0.0,0.0
2025-11-17 00:00:00-05:00,104.77560490636738,104.9543184577393,104.1600418987512,104.61675262451172,2060800,0.0,0.0
2025-11-18 00:00:00-05:00,104.86496252280283,105.32167323572989,104.1004627398616,104.15010833740234,1950400,0.0,0.0
2025-11-19 00:00:00-05:00,103.98132814298836,104.06075049633263,102.08497837522188,102.2537612915039,1755000,0.0,0.0
2025-11-20 00:00:00-05:00,102.8395504743076,103.713256984834,102.48212336207973,102.72040557861328,1221100,0.0,0.0
2025-11-21 00:00:00-05:00,103.03811445965957,104.20967938485968,102.3133371980102,103.78275299072266,1874600,0.0,0.0
2025-11-24 00:00:00-05:00,103.66361276979848,104.22953773455933,102.5317552654221,104.0408935546875,1818300,0.0,0.0
2025-11-25 00:00:00-05:00,104.79546888476509,105.47060814352699,103.54447399282436,104.16996765136719,1441500,0.0,0.0
2025-11-26 00:00:00-05:00,104.65646784538308,105.39117574733419,104.2593257774875,105.26210021972656,1135300,0.0,0.0
2025-11-28 00:00:00-05:00,105.48053030820039,105.84788805207957,105.14296446911278,105.5897445678711,516800,0.0,0.0
2025-12-01 00:00:00-05:00,105.22239528441388,105.35146324017687,102.13462680742062,102.2636947631836,1510500,0.0,0.0
2025-12-02 00:00:00-05:00,102.67076670539262,102.67076670539262,100.78434753417969,100.78434753417969,1793100,0.0,0.0
2025-12-03 00:00:00-05:00,100.82405883316893,101.32048451413017,99.62270201937056,100.74462890625,2410100,0.0,0.0
2025-12-04 00:00:00-05:00,100.36734104498966,101.06234154673945,99.87091536153471,100.12905883789062,2771800,0.0,0.0
2025-12-05 00:00:00-05:00,99.83121093972781,100.27799103817371,98.92771253305743,99.1461410522461,2221700,0.0,0.0
2025-12-08 00:00:00-05:00,99.38442348931726,99.64256697392418,97.92493072133342,98.61000061035156,2327800,0.0,0.0
2025-12-09 00:00:00-05:00,98.9800033569336,99.52999877929688,98.20999908447266,98.33999633789062,1430000,0.71,0.0
2025-12-10 00:00:00-05:00,98.25,98.70999908447266,97.56999969482422,97.7699966430664,986700,0.0,0.0
2025-12-11 00:00:00-05:00,97.7300033569336,98.5,97.08999633789062,97.25,1544400,0.0,0.0
2025-12-12 00:00:00-05:00,96.83000183105469,97.94999694824219,96.56999969482422,97.2699966430664,2198900,0.0,0.0
2025-12-15 00:00:00-05:00,97.83999633789062,98.98999786376953,97.54000091552734,98.87000274658203,2740900,0.0,0.0
2025-12-16 00:00:00-05:00,98.87999725341797,99.30000305175781,97.8499984741211,97.98999786376953,2971100,0.0,0.0
2025-12-17 00:00:00-05:00,97.95999908447266,99.01000213623047,97.81999969482422,98.52999877929688,3425500,0.0,0.0
2025-12-18 00:00:00-05:00,98.93000030517578,99.45999908447266,98.6500015258789,99.19999694824219,2810400,0.0,0.0
2025-12-19 00:00:00-05:00,99.08000183105469,99.87999725341797,98.45999908447266,98.4800033569336,4461800,0.0,0.0
2025-12-22 00:00:00-05:00,98.06999969482422,99.63999938964844,97.97000122070312,99.45999908447266,2043100,0.0,0.0
2025-12-23 00:00:00-05:00,99.38999938964844,99.68000030517578,98.66999816894531,99.3499984741211,1474000,0.0,0.0
2025-12-24 00:00:00-05:00,99.3499984741211,99.94000244140625,99.2300033569336,99.83999633789062,477900,0.0,0.0
2025-12-26 00:00:00-05:00,99.61000061035156,99.94000244140625,99.20999908447266,99.80999755859375,644600,0.0,0.0
2025-12-29 00:00:00-05:00,99.87999725341797,100.7300033569336,99.80999755859375,100.26000213623047,923800,0.0,0.0
2025-12-30 00:00:00-05:00,100.41000366210938,101.08000183105469,100.20999908447266,100.73999786376953,1114300,0.0,0.0
2025-12-31 00:00:00-05:00,100.4800033569336,101.08999633789062,99.83000183105469,99.86000061035156,936800,0.0,0.0
2026-01-02 00:00:00-05:00,99.73999786376953,101.45999908447266,99.02999877929688,100.86000061035156,1322500,0.0,0.0
2026-01-05 00:00:00-05:00,100.36000061035156,100.36000061035156,97.88999938964844,99.5999984741211,1703500,0.0,0.0
2026-01-06 00:00:00-05:00,99.80000305175781,100.88999938964844,99.5999984741211,100.61000061035156,2538700,0.0,0.0
2026-01-07 00:00:00-05:00,101.27999877929688,101.27999877929688,98.80000305175781,99.06999969482422,1445700,0.0,0.0
2026-01-08 00:00:00-05:00,98.91999816894531,100.70999908447266,98.91999816894531,99.54000091552734,1340100,0.0,0.0
2026-01-09 00:00:00-05:00,100.13999938964844,101.12999725341797,99.7699966430664,99.91000366210938,1451100,0.0,0.0
2026-01-12 00:00:00-05:00,99.87000274658203,100.80999755859375,99.70999908447266,100.19999694824219,1379400,0.0,0.0
2026-01-13 00:00:00-05:00,100.30999755859375,101.55000305175781,99.9000015258789,101.43000030517578,1419900,0.0,0.0
2026-01-14 00:00:00-05:00,101.69000244140625,102.80000305175781,100.9000015258789,102.54000091552734,1212300,0.0,0.0
2026-01-15 00:00:00-05:00,102.95999908447266,103.4000015258789,102.4000015258789,103.23999786376953,1083700,0.0,0.0
2026-01-16 00:00:00-05:00,102.88999938964844,104.13999938964844,102.52999877929688,104.0,1874900,0.0,0.0
2026-01-20 00:00:00-05:00,103.94999694824219,104.16000366210938,102.91000366210938,103.7300033569336,1609900,0.0,0.0
2026-01-21 00:00:00-05:00,104.43000030517578,104.79000091552734,103.2699966430664,104.12999725341797,1422700,0.0,0.0
2026-01-22 00:00:00-05:00,104.05999755859375,104.31999969482422,102.44999694824219,102.9000015258789,1500200,0.0,0.0
2026-01-23 00:00:00-05:00,102.55000305175781,102.80999755859375,101.56999969482422,102.31999969482422,1195200,0.0,0.0
2026-01-26 00:00:00-05:00,103.18000030517578,104.12999725341797,102.72000122070312,103.25,1350100,0.0,0.0
2026-01-27 00:00:00-05:00,103.1500015258789,104.37999725341797,102.86000061035156,103.95999908447266,1249500,0.0,0.0
2026-01-28 00:00:00-05:00,103.9000015258789,104.87000274658203,103.3499984741211,103.58000183105469,1087200,0.0,0.0
2026-01-29 00:00:00-05:00,103.88999938964844,104.75,102.80999755859375,103.7699966430664,1199900,0.0,0.0
2026-01-30 00:00:00-05:00,103.47000122070312,103.62999725341797,101.98999786376953,103.27999877929688,1865700,0.0,0.0
2026-02-02 00:00:00-05:00,103.5999984741211,104.12999725341797,102.1500015258789,102.4000015258789,1610900,0.0,0.0
2026-02-03 00:00:00-05:00,102.19999694824219,104.19000244140625,102.19999694824219,104.01000213623047,2182900,0.0,0.0
2026-02-04 00:00:00-05:00,104.66000366210938,105.55000305175781,104.27999877929688,104.75,2097100,0.0,0.0
2026-02-05 00:00:00-05:00,105.37000274658203,105.69000244140625,104.45999908447266,104.80999755859375,1667300,0.0,0.0
2026-02-06 00:00:00-05:00,105.72000122070312,106.16999816894531,103.97000122070312,105.08999633789062,1871100,0.0,0.0
2026-02-09 00:00:00-05:00,104.93000030517578,104.93000030517578,103.94999694824219,104.26000213623047,2888500,0.0,0.0
2026-02-10 00:00:00-05:00,104.66999816894531,106.58000183105469,104.30000305175781,105.77999877929688,2574200,0.0,0.0
2026-02-11 00:00:00-05:00,105.55999755859375,106.5999984741211,105.0,106.0199966430664,2385200,0.0,0.0
2026-02-12 00:00:00-05:00,108.44999694824219,110.5,106.66000366210938,109.33999633789062,3044700,0.0,0.0
2026-02-13 00:00:00-05:00,109.1500015258789,111.25,109.08000183105469,110.97000122070312,3059900,0.0,0.0
2026-02-17 00:00:00-05:00,111.88999938964844,112.66000366210938,110.36000061035156,110.54000091552734,1435900,0.0,0.0
2026-02-18 00:00:00-05:00,110.55999755859375,110.94000244140625,108.26000213623047,108.30999755859375,1848100,0.0,0.0
2026-02-19 00:00:00-05:00,108.7300033569336,110.16999816894531,108.7300033569336,109.80000305175781,1526400,0.0,0.0
2026-02-20 00:00:00-05:00,110.16000366210938,110.31999969482422,108.80000305175781,110.05000305175781,2071300,0.0,0.0
2026-02-23 00:00:00-05:00,110.55999755859375,112.0,110.19999694824219,111.16000366210938,2957500,0.0,0.0
2026-02-24 00:00:00-05:00,111.12000274658203,111.37999725341797,109.51000213623047,111.2699966430664,1690200,0.0,0.0
2026-02-25 00:00:00-05:00,111.36000061035156,112.0,109.6500015258789,111.44000244140625,1688600,0.0,0.0
2026-02-26 00:00:00-05:00,111.91000366210938,112.47000122070312,111.44999694824219,112.02999877929688,1713600,0.0,0.0
2026-02-27 00:00:00-05:00,112.48999786376953,113.44000244140625,112.11000061035156,113.27999877929688,1748600,0.0,0.0
2026-03-02 00:00:00-05:00,113.0999984741211,113.63999938964844,112.75,112.9000015258789,1985100,0.0,0.0
2026-03-03 00:00:00-05:00,111.83999633789062,113.0999984741211,109.5199966430664,111.98999786376953,2078300,0.0,0.0
2026-03-04 00:00:00-05:00,111.88999938964844,113.55000305175781,111.2300033569336,113.33000183105469,2114800,0.0,0.0
2026-03-05 00:00:00-05:00,112.56999969482422,112.87999725341797,110.8499984741211,111.41000366210938,1496500,0.0,0.0
2026-03-06 00:00:00-05:00,110.8499984741211,111.83999633789062,110.12000274658203,111.5199966430664,1860500,0.0,0.0
2026-03-09 00:00:00-04:00,110.97000122070312,111.30000305175781,109.94999694824219,111.16000366210938,1697100,0.0,0.0
2026-03-10 00:00:00-04:00,109.88999938964844,111.68000030517578,109.76499938964844,110.38999938964844,1390006,0.0,0.0
