Date,Open,High,Low,Close,Volume,Dividends,Stock Splits
2022-01-03 00:00:00-05:00,92.11825265210074,93.09648184958361,92.11825265210074,92.68960571289062,1515900,0.0,0.0
2022-01-04 00:00:00-05:00,92.81945341700992,93.54663118298298,92.37794885641047,93.12244415283203,1909600,0.0,0.0
2022-01-05 00:00:00-05:00,93.22633768293508,94.81920717910663,93.22633768293508,93.78903198242188,1279500,0.0,0.0
2022-01-06 00:00:00-05:00,94.17861612032378,95.24341338550154,94.02279132484598,95.148193359375,1196600,0.0,0.0
2022-01-07 00:00:00-05:00,95.44250181481343,97.29508136701497,95.40787335719155,97.06999969482422,1527700,0.0,0.0
2022-01-10 00:00:00-05:00,97.18255430038724,97.52883230919923,96.230294729682,97.3556900024414,1312700,0.0,0.0
2022-01-11 00:00:00-05:00,97.25181084752568,99.03514039548638,97.16524299095379,99.02648162841797,1026100,0.0,0.0
2022-01-12 00:00:00-05:00,99.33811932499233,100.4202339145892,99.33811932499233,100.3942642211914,896500,0.0,0.0
2022-01-13 00:00:00-05:00,101.07817058204292,101.54564491961999,100.51546962358697,100.64532470703125,975100,0.0,0.0
2022-01-14 00:00:00-05:00,100.0739524220274,101.58025402870331,99.86618827741422,101.57160186767578,1656100,0.0,0.0
2022-01-18 00:00:00-05:00,102.39400567013966,103.37224144602843,101.96115985205168,102.83551025390625,2531900,0.0,0.0
2022-01-19 00:00:00-05:00,102.93941660699306,103.16449172288293,100.98295126119092,101.70147705078125,2799600,0.0,0.0
2022-01-20 00:00:00-05:00,101.77936555437594,102.47192150624143,100.36829056297607,100.50679779052734,2074500,0.0,0.0
2022-01-21 00:00:00-05:00,99.94411281163694,100.36830653690023,98.83602839605955,99.4420166015625,3369100,0.0,0.0
2022-01-24 00:00:00-05:00,97.72793660178058,98.35989445607423,95.90998533193975,98.16944122314453,3267500,0.0,0.0
2022-01-25 00:00:00-05:00,97.51468412150254,98.5710263391512,96.12660896590882,97.68055725097656,2650900,0.95,0.0
2022-01-26 00:00:00-05:00,98.5797538561788,99.18212962607761,96.81628613484688,97.43611907958984,3378400,0.0,0.0
2022-01-27 00:00:00-05:00,98.19562451894005,98.94640283798938,96.9996050374471,97.33134460449219,1519700,0.0,0.0
2022-01-28 00:00:00-05:00,97.44485539908308,97.93373624282304,96.8424796019735,97.89008331298828,1913600,0.0,0.0
2022-01-31 00:00:00-05:00,97.7853259339072,99.77577696069403,97.706751993112,99.55752563476562,1508500,0.0,0.0
2022-02-01 00:00:00-05:00,99.72340224292196,100.69243203609214,99.3480096828462,100.52656555175781,1372400,0.0,0.0
2022-02-02 00:00:00-05:00,101.15512474005347,101.54797445398363,100.65751199417444,101.14639282226562,1361700,0.0,0.0
2022-02-03 00:00:00-05:00,100.57019670666773,101.2162253523539,100.33448823251275,100.50908660888672,1329600,0.0,0.0
2022-02-04 00:00:00-05:00,100.15989857540367,100.77099960641216,99.68847492555354,100.49163818359375,1197300,0.0,0.0
2022-02-07 00:00:00-05:00,100.77100200622702,101.23369374936678,100.27338925184064,100.43926239013672,1482900,0.0,0.0
2022-02-08 00:00:00-05:00,100.55274666173987,101.48686202861545,100.42179453992522,101.2947998046875,1555600,0.0,0.0
2022-02-09 00:00:00-05:00,101.81859082651476,102.00192111339975,100.6313032595922,100.90193939208984,1182600,0.0,0.0
2022-02-10 00:00:00-05:00,100.29084733720683,101.39956780771669,99.72339921568025,99.92418670654297,1187300,0.0,0.0
2022-02-11 00:00:00-05:00,99.94164680334363,101.29480098316702,99.6710106389776,100.1249771118164,1553500,0.0,0.0
2022-02-14 00:00:00-05:00,99.85433387739113,99.88925488517555,98.69324200593981,99.43529510498047,1415100,0.0,0.0
2022-02-15 00:00:00-05:00,100.05512409339553,100.1773442856098,99.1297407350587,99.44402313232422,1025500,0.0,0.0
2022-02-16 00:00:00-05:00,99.53133429945747,100.37815049066604,99.30435106066403,99.80196380615234,963600,0.0,0.0
2022-02-17 00:00:00-05:00,99.27815027071283,99.3043393604684,97.1829365037544,97.20039367675781,1113400,0.0,0.0
2022-02-18 00:00:00-05:00,97.15675297515982,97.64563377324951,96.2488267354923,96.48453521728516,1281000,0.0,0.0
2022-02-22 00:00:00-05:00,96.33612553762474,97.61944428793109,96.19644816466352,97.36627197265625,2083900,0.0,0.0
2022-02-23 00:00:00-05:00,97.55833758615434,97.91627293899215,95.81232707007103,95.95201110839844,1572000,0.0,0.0
2022-02-24 00:00:00-05:00,92.56475050660455,94.31949301721416,92.06713775410356,93.83061218261719,2299400,0.0,0.0
2022-02-25 00:00:00-05:00,94.98296923441504,96.80754692093834,94.40678260045958,96.45834350585938,1802800,0.0,0.0
2022-02-28 00:00:00-05:00,95.1401015738151,96.75515972501387,94.74724527076641,96.39722442626953,2782900,0.0,0.0
2022-03-01 00:00:00-05:00,96.2139093148679,96.53692366022335,93.76076665518677,94.10997009277344,1601500,0.0,0.0
2022-03-02 00:00:00-05:00,94.93931484689725,96.22263354774927,94.87820474973768,95.14883422851562,1681200,0.0,0.0
2022-03-03 00:00:00-05:00,95.18375202236672,97.01706153576686,95.05279991558797,95.7162857055664,1378200,0.0,0.0
2022-03-04 00:00:00-05:00,94.34568470513217,95.16631183763337,93.66474162092992,94.89567565917969,1464600,0.0,0.0
2022-03-07 00:00:00-05:00,94.54648312201621,94.68616051611042,92.58222106264331,92.88777160644531,1790500,0.0,0.0
2022-03-08 00:00:00-05:00,92.75680564970413,93.4814015888292,91.0369842816247,91.6830062866211,2051100,0.0,0.0
2022-03-09 00:00:00-05:00,93.1409274876959,94.60757649906527,93.1409274876959,93.9615478515625,1166000,0.0,0.0
2022-03-10 00:00:00-05:00,93.55995549987486,94.74724297545836,93.41154623055202,94.52899169921875,902400,0.0,0.0
2022-03-11 00:00:00-05:00,95.15756811952033,95.92581030839291,94.58138148249,94.61630249023438,633100,0.0,0.0
2022-03-14 00:00:00-04:00,95.08772731074427,96.07422747566368,94.10123380632616,94.69487762451172,880200,0.0,0.0
2022-03-15 00:00:00-04:00,94.94806373451776,95.95202121915604,94.15362566894676,95.78614807128906,820700,0.0,0.0
2022-03-16 00:00:00-04:00,97.09565466260187,97.68056663996643,95.46313228436577,96.97343444824219,1361300,0.0,0.0
2022-03-17 00:00:00-04:00,96.74645231366105,98.12580236080574,96.63296401630188,98.09088134765625,865000,0.0,0.0
2022-03-18 00:00:00-04:00,98.06468143057904,98.81546647918138,97.20913335408981,98.54483032226562,1149000,0.0,0.0
2022-03-21 00:00:00-04:00,98.8853072335289,99.12975431193802,98.49245751339251,98.9988021850586,782200,0.0,0.0
2022-03-22 00:00:00-04:00,99.31308507005038,100.00276005823498,99.12102283783418,99.36546325683594,874900,0.0,0.0
2022-03-23 00:00:00-04:00,98.76308045474025,98.92022166444195,97.37500531945962,97.5234146118164,822500,0.0,0.0
2022-03-24 00:00:00-04:00,98.23054464859177,98.71070018489118,97.31389316179467,97.95991516113281,595900,0.0,0.0
2022-03-25 00:00:00-04:00,98.1257981481877,99.13848084403863,98.0210351132368,98.96388244628906,618700,0.0,0.0
2022-03-28 00:00:00-04:00,98.58847902685,98.70196730682443,97.52341160070117,98.16943359375,681600,0.0,0.0
2022-03-29 00:00:00-04:00,99.0598984786046,99.23449684976676,97.94245291796463,98.09959411621094,1165400,0.0,0.0
2022-03-30 00:00:00-04:00,98.57975551972423,98.70197572720072,97.2964366807193,97.88135528564453,720200,0.0,0.0
2022-03-31 00:00:00-04:00,97.40993791690963,97.94247170978042,96.19646102115541,96.26629638671875,811100,0.0,0.0
2022-04-01 00:00:00-04:00,96.58931026390738,96.68534138412682,94.97425171735648,95.80360412597656,639400,0.0,0.0
2022-04-04 00:00:00-04:00,96.03057684978363,96.90358209387257,95.49804311804927,96.64167785644531,741200,0.0,0.0
2022-04-05 00:00:00-04:00,96.66787067268167,97.77658436838117,96.22263614677816,96.44088745117188,702100,0.0,0.0
2022-04-06 00:00:00-04:00,96.0654992332999,96.34486064898536,95.07900569114528,95.55042266845703,847900,0.0,0.0
2022-04-07 00:00:00-04:00,95.36709321841886,95.40201422825515,93.48140531076969,93.99647521972656,874800,0.0,0.0
2022-04-08 00:00:00-04:00,94.01394508117524,95.2536110375692,93.94410305702577,94.89567565917969,630200,0.0,0.0
2022-04-11 00:00:00-04:00,95.00042597746351,95.77740007573034,94.6424973074928,95.03534698486328,828300,0.0,0.0
2022-04-12 00:00:00-04:00,95.03535626024359,95.69884214459275,93.76076933800823,94.23219299316406,900900,0.0,0.0
2022-04-13 00:00:00-04:00,93.78695902243952,94.8520265470451,93.36791355060221,94.7909164428711,788500,0.0,0.0
2022-04-14 00:00:00-04:00,94.76472600320784,95.39328421127985,94.54647468275873,94.72980499267578,683700,0.0,0.0
2022-04-18 00:00:00-04:00,94.56393327494979,95.51551250982962,94.37187104439596,94.88694763183594,575300,0.0,0.0
2022-04-19 00:00:00-04:00,95.14011373205331,96.1004181613916,94.80836747901728,95.98692321777344,2182000,0.0,0.0
2022-04-20 00:00:00-04:00,97.09564208984375,97.75039600791713,96.79009159350976,97.09564208984375,981900,0.0,0.0
2022-04-21 00:00:00-04:00,97.58451287686873,98.36148691379847,96.09167489600928,96.18770599365234,910900,0.0,0.0
2022-04-22 00:00:00-04:00,95.43389663298096,95.64524599851228,91.87614983960694,91.94660186767578,2273000,0.954,0.0
2022-04-25 00:00:00-04:00,91.12764097913796,91.41824391843589,89.56892133630996,91.07479858398438,1590300,0.0,0.0
2022-04-26 00:00:00-04:00,90.32624025525875,90.9955210952306,89.34874018591677,89.44561004638672,838200,0.0,0.0
2022-04-27 00:00:00-04:00,89.03170666604309,89.67456963063923,88.45049426176733,89.06693267822266,1054700,0.0,0.0
2022-04-28 00:00:00-04:00,89.35755183964679,90.88984658136536,89.12858609521854,90.46714782714844,748700,0.0,0.0
2022-04-29 00:00:00-04:00,90.60804262888523,91.08358375303709,88.83797400876583,88.9700698852539,961400,0.0,0.0
2022-05-02 00:00:00-04:00,88.82037685129079,89.03172625218824,87.47301350272052,88.7146987915039,843000,0.0,0.0
2022-05-03 00:00:00-04:00,89.04933783680144,90.62566687087444,88.98769398490701,89.86832427978516,729900,0.0,0.0
2022-05-04 00:00:00-04:00,90.16773267943111,91.8321233498674,89.58652019576999,91.70002746582031,1050500,0.0,0.0
2022-05-05 00:00:00-04:00,91.18046659076063,91.3389803213699,88.8115688162878,89.59532928466797,804000,0.0,0.0
2022-05-06 00:00:00-04:00,89.5072514785563,89.5072514785563,87.84286096616508,88.61781311035156,805500,0.0,0.0
2022-05-09 00:00:00-04:00,87.29687587543458,87.82525941012999,86.2929579093945,86.38101959228516,1080700,0.0,0.0
2022-05-10 00:00:00-04:00,87.1471838835202,87.8252730563583,85.20099149893306,85.45637512207031,1474000,0.0,0.0
2022-05-11 00:00:00-04:00,85.57083672735538,87.27045331797012,85.01604210837041,85.64128875732422,1417300,0.0,0.0
2022-05-12 00:00:00-04:00,84.7782673503601,85.32426049921801,83.67747958799153,84.66378784179688,990300,0.0,0.0
2022-05-13 00:00:00-04:00,85.32426794948927,86.6187955460572,85.22739808044841,86.3458023071289,784300,0.0,0.0
2022-05-16 00:00:00-04:00,86.36341225364119,87.34972059695995,85.59726148277676,86.97985076904297,974800,0.0,0.0
2022-05-17 00:00:00-04:00,87.80763395155338,88.51214077909195,86.87416811593856,87.42896270751953,1530200,0.0,0.0
2022-05-18 00:00:00-04:00,86.89177728176294,87.14716083736374,85.66770188267034,86.10801696777344,900300,0.0,0.0
2022-05-19 00:00:00-04:00,85.8790613785002,88.06302741459962,85.63248597672744,87.3585205078125,1536800,0.0,0.0
2022-05-20 00:00:00-04:00,88.0718405091846,88.23035423611614,86.0551962627073,87.33210754394531,920700,0.0,0.0
2022-05-23 00:00:00-04:00,88.73230642776699,89.68338199753876,88.37124479803808,88.74991607666016,566900,0.0,0.0
2022-05-24 00:00:00-04:00,88.92604337325636,89.13739274673202,87.33209809199178,88.4945297241211,965800,0.0,0.0
2022-05-25 00:00:00-04:00,88.31841829644782,88.92605538578255,87.75481541192845,88.37125396728516,1484500,0.0,0.0
2022-05-26 00:00:00-04:00,88.74991542371924,89.0493332021057,87.79883314226902,88.67066192626953,1017900,0.0,0.0
2022-05-27 00:00:00-04:00,89.14621169656854,91.08359574453982,89.06695147277063,90.74015045166016,1136000,0.0,0.0
2022-05-31 00:00:00-04:00,91.27732268808282,92.46617212886169,90.89865142871285,92.00824737548828,995000,0.0,0.0
2022-06-01 00:00:00-04:00,92.46616239864663,93.03857331913507,91.73523778815637,92.2900390625,868600,0.0,0.0
2022-06-02 00:00:00-04:00,92.32527986411532,93.28517041016474,91.87616323670684,93.0914306640625,572100,0.0,0.0
2022-06-03 00:00:00-04:00,92.49261478429291,92.94173819354529,92.10513523759069,92.2636489868164,615900,0.0,0.0
2022-06-06 00:00:00-04:00,92.82724219689322,93.72548213747278,92.59827644000984,92.75679016113281,570900,0.0,0.0
2022-06-07 00:00:00-04:00,92.37811743187054,93.69906284781146,92.24602154654129,93.57577514648438,559500,0.0,0.0
2022-06-08 00:00:00-04:00,93.30277942101112,93.40845747779983,91.94661464494152,92.55424499511719,875300,0.0,0.0
2022-06-09 00:00:00-04:00,92.18437198794088,92.59826926762919,90.74894714355469,90.74894714355469,875000,0.0,0.0
2022-06-10 00:00:00-04:00,89.23425928324255,89.36635515624448,88.04540986357557,88.60020446777344,1211300,0.0,0.0
2022-06-13 00:00:00-04:00,86.7156780408715,87.20882892329963,86.13445874200102,86.53074645996094,1428600,0.0,0.0
2022-06-14 00:00:00-04:00,86.56595698185994,86.81253237892095,84.92798416575383,85.65010070800781,1101000,0.0,0.0
2022-06-15 00:00:00-04:00,85.87025969572616,87.4025544876302,84.94559522274439,86.47789001464844,1047000,0.0,0.0
2022-06-16 00:00:00-04:00,85.13934971580183,85.50921288163714,83.75676021798006,84.96322631835938,1111900,0.0,0.0
2022-06-17 00:00:00-04:00,84.47006061349718,85.03366349369102,83.60704664262126,84.17945098876953,912300,0.0,0.0
2022-06-21 00:00:00-04:00,86.01116501027808,86.56596643291284,85.84384981182001,86.15206909179688,868600,0.0,0.0
2022-06-22 00:00:00-04:00,85.28023087142678,85.8614500660691,84.64618273001106,85.19216918945312,1054200,0.0,0.0
2022-06-23 00:00:00-04:00,84.96322238875209,85.17457179964336,82.98180402512021,83.63346862792969,902400,0.0,0.0
2022-06-24 00:00:00-04:00,84.1002055460667,85.20980176224958,83.93288361542251,84.96322631835938,1102000,0.0,0.0
2022-06-27 00:00:00-04:00,85.3330775808101,85.84384476829237,84.60215281789677,85.2978515625,871700,0.0,0.0
2022-06-28 00:00:00-04:00,85.94950587780734,86.94462230030398,85.333067427418,85.69412231445312,792300,0.0,0.0
2022-06-29 00:00:00-04:00,85.89668604208968,86.58357664727329,85.50920653406756,86.01997375488281,798300,0.0,0.0
2022-06-30 00:00:00-04:00,85.1393389416059,85.46517457618529,84.21467442535493,85.26262664794922,996100,0.0,0.0
2022-07-01 00:00:00-04:00,84.91036526706647,86.13444075075654,84.54931036603995,85.81741333007812,623500,0.0,0.0
2022-07-05 00:00:00-04:00,84.68141128127711,84.98082235268485,83.03463023250696,84.33795928955078,995500,0.0,0.0
2022-07-06 00:00:00-04:00,84.37319400829638,84.93679691033148,83.73033759754225,84.76067352294922,775100,0.0,0.0
2022-07-07 00:00:00-04:00,85.3770935574528,86.97984022182348,85.32425789644692,86.51310729980469,850300,0.0,0.0
2022-07-08 00:00:00-04:00,86.51311713965322,87.3144939223233,86.22251425239318,86.671630859375,616600,0.0,0.0
2022-07-11 00:00:00-04:00,86.08160246116543,86.47788336558816,85.43873945587772,86.23130798339844,1007100,0.0,0.0
2022-07-12 00:00:00-04:00,85.75576842450437,87.23522746319,85.57964506793421,86.3105697631836,885900,0.0,0.0
2022-07-13 00:00:00-04:00,85.83502803523835,86.01995957394091,84.49646634747411,85.75576782226562,1046500,0.0,0.0
2022-07-14 00:00:00-04:00,83.68629147046748,83.73912713542055,80.07570879403669,80.21660614013672,2289800,0.0,0.0
2022-07-15 00:00:00-04:00,81.1940945291995,81.41425205961346,79.91718354026837,80.2430191040039,1452000,0.0,0.0
2022-07-18 00:00:00-04:00,81.24695011930795,83.20195038233568,81.24695011930795,81.96025848388672,1026200,0.0,0.0
2022-07-19 00:00:00-04:00,82.98179827114153,84.51409315153766,82.42699686784162,84.34677124023438,947200,0.0,0.0
2022-07-20 00:00:00-04:00,84.17944832035724,84.71663334830687,83.69510567984067,84.59334564208984,1331800,0.0,0.0
2022-07-21 00:00:00-04:00,84.50527415863723,85.04245912431567,83.69509597779201,84.89275360107422,695900,0.0,0.0
2022-07-22 00:00:00-04:00,85.00724509603026,85.52682048698526,83.95929284822404,84.3115463256836,1889900,0.0,0.0
2022-07-25 00:00:00-04:00,85.0599066691038,85.79847640432108,84.81075224974104,85.33576202392578,1965300,0.991,0.0
2022-07-26 00:00:00-04:00,84.67725626683831,85.4425131314214,83.78741544077543,84.13445281982422,535100,0.0,0.0
2022-07-27 00:00:00-04:00,84.37472035489448,85.6026984473055,84.14335980219751,85.13998413085938,854300,0.0,0.0
2022-07-28 00:00:00-04:00,85.29126249533519,86.07432695701489,84.33913285220514,85.89635467529297,834300,0.0,0.0
2022-07-29 00:00:00-04:00,86.10100617519693,87.33788446570317,85.89633978393566,86.76838684082031,656700,0.0,0.0
2022-08-01 00:00:00-04:00,86.45694622171588,86.84847160629927,86.09210818929904,86.54592895507812,453800,0.0,0.0
2022-08-02 00:00:00-04:00,85.73617110559096,86.5993178824243,85.4247281420293,85.86074829101562,552200,0.0,0.0
2022-08-03 00:00:00-04:00,86.43024248312202,87.90738160693617,86.2611773319117,87.52474975585938,720600,0.0,0.0
2022-08-04 00:00:00-04:00,87.43577021550405,87.5781412316623,86.83067812169979,87.53365325927734,1099600,0.0,0.0
2022-08-05 00:00:00-04:00,86.96416056562627,87.18662080705288,86.43915086560662,86.99974822998047,410700,0.0,0.0
2022-08-08 00:00:00-04:00,87.63155171877222,87.63155171877222,86.1366184469183,86.22560119628906,560200,0.0,0.0
2022-08-09 00:00:00-04:00,86.23449430460776,86.39465916672714,85.3713474510194,85.74507904052734,619700,0.0,0.0
2022-08-10 00:00:00-04:00,86.79509892427332,88.04977130476985,86.67052171738568,87.60485076904297,659800,0.0,0.0
2022-08-11 00:00:00-04:00,88.11205595105129,88.80613765833044,88.05866766162531,88.39680480957031,416700,0.0,0.0
2022-08-12 00:00:00-04:00,88.7616333235144,89.38451926283723,88.27221809336963,89.2154541015625,593100,0.0,0.0
2022-08-15 00:00:00-04:00,88.06756658738843,88.64596460654768,87.64043991185518,88.57477569580078,497800,0.0,0.0
2022-08-16 00:00:00-04:00,88.53917296451613,89.85614053444183,88.4056954665791,89.60697937011719,534600,0.0,0.0
2022-08-17 00:00:00-04:00,88.76164770126343,89.22436207557621,88.41461022329167,88.9841079711914,541200,0.0,0.0
2022-08-18 00:00:00-04:00,89.32223844491999,89.42902181050611,88.91291239359543,89.17096710205078,374900,0.0,0.0
2022-08-19 00:00:00-04:00,88.57477362237539,88.80613418241286,87.79171598933442,88.36121368408203,483000,0.0,0.0
2022-08-22 00:00:00-04:00,87.42687683879714,87.46247129289635,86.43915280162466,87.02645111083984,768800,0.0,0.0
2022-08-23 00:00:00-04:00,86.71500174650583,87.14212840877687,86.14550405610977,86.77729034423828,694100,0.0,0.0
2022-08-24 00:00:00-04:00,84.53490767115889,84.79296241451316,83.50268869774182,84.54380798339844,1663900,0.0,0.0
2022-08-25 00:00:00-04:00,84.82853585910455,87.070931972555,84.62386946199346,86.61711120605469,860300,0.0,0.0
2022-08-26 00:00:00-04:00,87.01754572004891,87.16881704942851,85.29125213623047,85.29125213623047,725900,0.0,0.0
2022-08-29 00:00:00-04:00,84.54379957589572,85.71838948359246,84.44591651784197,85.57601165771484,545900,0.0,0.0
2022-08-30 00:00:00-04:00,85.6561014603269,86.0120392384757,83.41369821025333,83.6717529296875,616800,0.0,0.0
2022-08-31 00:00:00-04:00,83.5827598966778,83.68064294334692,82.79080200195312,82.79080200195312,618800,0.0,0.0
2022-09-01 00:00:00-04:00,82.1590149061406,82.53274646834798,81.03781343057094,82.44376373291016,682200,0.0,0.0
2022-09-02 00:00:00-04:00,83.37809531643796,84.75735152134072,82.98656991014668,83.32470703125,714900,0.0,0.0
2022-09-06 00:00:00-04:00,83.55607107485996,83.85861375550253,81.96325487367335,82.89759063720703,688100,0.0,0.0
2022-09-07 00:00:00-04:00,82.69290726869865,84.25012869606329,82.04332048614715,84.06326293945312,634800,0.0,0.0
2022-09-08 00:00:00-04:00,83.73404955796016,85.58492075058913,83.36921822237461,85.3713607788086,777300,0.0,0.0
2022-09-09 00:00:00-04:00,86.17219984101489,87.45357306328809,86.17219984101489,87.2400131225586,587100,0.0,0.0
2022-09-12 00:00:00-04:00,88.04975104418936,88.77942028332384,87.73830809863446,88.3700942993164,662400,0.0,0.0
2022-09-13 00:00:00-04:00,86.72390067161753,87.15992084877782,85.4514278048883,85.76287078857422,661900,0.0,0.0
2022-09-14 00:00:00-04:00,86.1811014537238,86.53703921961468,85.30016074457872,85.79846954345703,507000,0.0,0.0
2022-09-15 00:00:00-04:00,85.73617858211914,87.15992281751952,85.3624469932543,86.02092742919922,621000,0.0,0.0
2022-09-16 00:00:00-04:00,84.97981720511362,85.23787191496523,84.31243644172267,84.81074523925781,862400,0.0,0.0
2022-09-19 00:00:00-04:00,83.90310953845744,85.83406289829868,83.60946037619179,85.65609741210938,589100,0.0,0.0
2022-09-20 00:00:00-04:00,85.04210803524595,85.04210803524595,83.95650087875889,84.74845886230469,572500,0.0,0.0
2022-09-21 00:00:00-04:00,84.98870667740132,85.13997800179708,83.10224151611328,83.10224151611328,647400,0.0,0.0
2022-09-22 00:00:00-04:00,83.20014368089309,83.46709872913861,82.33699671904131,82.47047424316406,578500,0.0,0.0
2022-09-23 00:00:00-04:00,81.34925994643935,81.55392635692392,79.99670465754056,80.7797622680664,784400,0.0,0.0
2022-09-26 00:00:00-04:00,79.87213877935316,81.08232321456676,79.45391237746995,80.26366424560547,666100,0.0,0.0
2022-09-27 00:00:00-04:00,80.99333079423232,81.18020339226103,79.4983975326425,79.70306396484375,936200,0.0,0.0
2022-09-28 00:00:00-04:00,79.64077803821215,81.89207492333986,79.35602915924241,81.4560546875,1100400,0.0,0.0
2022-09-29 00:00:00-04:00,80.81535131050849,81.14459489178307,79.76533876338532,80.83314514160156,805700,0.0,0.0
2022-09-30 00:00:00-04:00,81.06452149196703,81.72300199401221,79.90773215474697,80.12129211425781,912900,0.0,0.0
2022-10-03 00:00:00-04:00,81.19798655631229,82.48825321614859,80.73527225019686,81.874267578125,974600,0.0,0.0
2022-10-04 00:00:00-04:00,82.81749689276096,84.98871098185619,82.63953141845215,84.72175598144531,1041400,0.0,0.0
2022-10-05 00:00:00-04:00,83.24461868950155,83.93869350342669,82.73740964940646,83.78742218017578,1038700,0.0,0.0
2022-10-06 00:00:00-04:00,83.12893873790784,83.43148818685965,80.01449545718216,80.61068725585938,1037800,0.0,0.0
2022-10-07 00:00:00-04:00,80.32594572368049,80.45942323419665,78.24372099984197,78.3593978881836,1133600,0.0,0.0
2022-10-10 00:00:00-04:00,78.88440665640927,79.05347183131471,77.9322770501384,78.05685424804688,503800,0.0,0.0
2022-10-11 00:00:00-04:00,77.763207852305,77.763207852305,75.88564271696647,76.0903091430664,931000,0.0,0.0
2022-10-12 00:00:00-04:00,76.09030456199338,76.98903906919935,75.76106095337613,76.37505340576172,694100,0.0,0.0
2022-10-13 00:00:00-04:00,74.93351169979415,79.58738323521148,74.41740227732947,78.95559692382812,1111700,0.0,0.0
2022-10-14 00:00:00-04:00,79.32042247689073,79.9433084320992,78.02125549249322,78.13693237304688,649200,0.0,0.0
2022-10-17 00:00:00-04:00,79.73864512209555,80.74416291436782,79.47169013139445,80.0767822265625,542100,0.0,0.0
2022-10-18 00:00:00-04:00,81.39374627880072,81.72298305906587,80.02339051062802,80.38822174072266,1132800,0.0,0.0
2022-10-19 00:00:00-04:00,80.04118691736798,80.21915917224378,78.8399030499826,79.72974395751953,450500,0.0,0.0
2022-10-20 00:00:00-04:00,79.66746596608614,80.47722455838579,78.27041582691986,78.63525390625,1737300,0.0,0.0
2022-10-21 00:00:00-04:00,79.00898593365433,80.78866799512478,78.36829930529325,80.72637939453125,771000,0.0,0.0
2022-10-24 00:00:00-04:00,81.0823204962734,81.18020355679212,80.16577849423899,80.80646514892578,2053900,0.0,0.0
2022-10-25 00:00:00-04:00,80.3515241305055,82.04180767118801,80.32454571942864,81.83501434326172,1920900,0.934,0.0
2022-10-26 00:00:00-04:00,81.76310452300451,83.2376090085293,81.62823988577351,82.39246368408203,782500,0.0,0.0
2022-10-27 00:00:00-04:00,82.97685139403761,83.75906060304625,82.43739984208277,82.67115783691406,457800,0.0,0.0
2022-10-28 00:00:00-04:00,82.50034373738363,83.12070999547794,82.32052196297279,82.9408950805664,598000,0.0,0.0
2022-10-31 00:00:00-04:00,82.59922800461548,83.40840182453508,82.55427085484307,83.13867950439453,543400,0.0,0.0
2022-11-01 00:00:00-04:00,83.92987458010396,84.43336859146265,82.90491467267435,83.13867950439453,643600,0.0,0.0
2022-11-02 00:00:00-04:00,83.1566733161825,84.74806341730542,82.33850654616107,82.4643783569336,748300,0.0,0.0
2022-11-03 00:00:00-04:00,81.55628763869287,82.41042552176862,81.2056437987402,82.05078887939453,597900,0.0,0.0
2022-11-04 00:00:00-04:00,83.90291700262482,85.1526491479823,83.77704519370386,84.91888427734375,691900,0.0,0.0
2022-11-07 00:00:00-05:00,85.11667572674584,85.73704876141126,84.76603188789105,85.4493408203125,669400,0.0,0.0
2022-11-08 00:00:00-05:00,85.68311724731015,86.94183537256394,85.39540926732367,86.14164733886719,522100,0.0,0.0
2022-11-09 00:00:00-05:00,85.79100053695423,86.33045212365785,84.6941117569407,84.84696197509766,721500,0.0,0.0
2022-11-10 00:00:00-05:00,86.51027917255328,88.36239891509989,86.33945019686226,88.27249145507812,828800,0.0,0.0
2022-11-11 00:00:00-05:00,88.81193051334914,89.73799025364265,88.2904577156795,89.261474609375,599400,0.0,0.0
2022-11-14 00:00:00-05:00,89.18955581840196,89.41432789139137,88.72203292476365,88.90184783935547,628600,0.0,0.0
2022-11-15 00:00:00-05:00,89.63910575485494,89.95379216496757,88.24552292799797,89.16259002685547,484100,0.0,0.0
2022-11-16 00:00:00-05:00,89.063671172494,89.19853576875396,88.27247605899971,88.67706298828125,435100,0.0,0.0
2022-11-17 00:00:00-05:00,87.6970630758646,89.30643176277701,87.6970630758646,89.261474609375,312100,0.0,0.0
2022-11-18 00:00:00-05:00,89.39633900303632,89.89084025131889,89.01872360952882,89.1266098022461,578500,0.0,0.0
2022-11-21 00:00:00-05:00,88.68606811856866,88.95579734858286,88.09267341583637,88.82992553710938,397300,0.0,0.0
2022-11-22 00:00:00-05:00,89.28844506004339,90.8618493767929,88.9917511735323,90.63707733154297,685400,0.0,0.0
2022-11-23 00:00:00-05:00,90.44828607894456,91.19453105111118,89.97177035391037,90.70902252197266,648600,0.0,0.0
2022-11-25 00:00:00-05:00,90.62809486968223,91.08662492076577,90.62809486968223,90.71800231933594,185900,0.0,0.0
2022-11-28 00:00:00-05:00,90.0706624213677,90.61910681031192,88.56019386582444,88.68606567382812,736500,0.0,0.0
2022-11-29 00:00:00-05:00,88.0117488300193,88.68606502201118,86.98678876695158,88.47927856445312,863200,0.0,0.0
2022-11-30 00:00:00-05:00,89.83689322528069,89.8548788309858,87.34642187602395,89.71102142333984,1409800,0.0,0.0
2022-12-01 00:00:00-05:00,89.99873596561501,90.77195243955241,88.9647830658616,90.14259338378906,810700,0.0,0.0
2022-12-02 00:00:00-05:00,89.26147935724845,90.08863889165352,89.17157190516075,89.58515167236328,683600,0.0,0.0
2022-12-05 00:00:00-05:00,89.52223263722469,89.63911166101049,87.95782072574463,88.34442901611328,667600,0.0,0.0
2022-12-06 00:00:00-05:00,88.27247962440121,88.35339426972641,86.33943862526024,87.07669067382812,543400,0.0,0.0
2022-12-07 00:00:00-05:00,86.91487060774391,87.48130066783555,86.62716260529254,86.87890625,529500,0.0,0.0
2022-12-08 00:00:00-05:00,87.37340218700226,87.60716706811982,86.33944925923166,86.88789367675781,461000,0.0,0.0
2022-12-09 00:00:00-05:00,86.49230071379576,86.97780926944202,86.16862834336492,86.24954986572266,479200,0.0,0.0
2022-12-12 00:00:00-05:00,86.36641423252992,87.3913742784757,85.78201236349861,87.1935806274414,564900,0.0,0.0
2022-12-13 00:00:00-05:00,88.6051567149485,88.68607137122083,85.4313691821099,86.28550720214844,7273400,0.0,0.0
2022-12-14 00:00:00-05:00,86.26751352399793,86.81595789686787,85.43136118990927,85.8449478149414,838800,0.0,0.0
2022-12-15 00:00:00-05:00,84.89190065972709,85.19759419472419,83.74106893632232,84.32547760009766,921000,0.0,0.0
2022-12-16 00:00:00-05:00,83.59723254286799,84.56824268657111,83.50731822592385,84.0197982788086,2320800,0.0,0.0
2022-12-19 00:00:00-05:00,84.42439151354797,84.73907104206961,83.17465934349119,83.44438171386719,643200,0.0,0.0
2022-12-20 00:00:00-05:00,83.98383233808109,84.85594213304644,83.72309593606104,84.21759033203125,609300,0.0,0.0
2022-12-21 00:00:00-05:00,84.35245538949557,85.4583369033749,84.35245538949557,85.02677154541016,642600,0.0,0.0
2022-12-22 00:00:00-05:00,84.36146153730162,84.48733335755735,83.03980056511682,84.2086181640625,1221700,0.0,0.0
2022-12-23 00:00:00-05:00,83.89392375043886,84.98181972714924,83.89392375043886,84.84696197509766,846300,0.0,0.0
2022-12-27 00:00:00-05:00,85.26952587364701,85.59319819064643,84.73007429848097,85.27851867675781,273200,0.0,0.0
2022-12-28 00:00:00-05:00,85.24255701517549,85.68311520802823,84.17264663417393,84.28053283691406,814300,0.0,0.0
2022-12-29 00:00:00-05:00,84.83795835017112,85.55723161369411,84.58621476578755,85.44034576416016,1135800,0.0,0.0
2022-12-30 00:00:00-05:00,84.97282284110598,85.55723150956989,84.03777034346334,84.53226470947266,755700,0.0,0.0
2023-01-03 00:00:00-05:00,84.52328388800251,84.97282798952013,83.88493208698732,84.21759033203125,786000,0.0,0.0
2023-01-04 00:00:00-05:00,85.41338801504187,86.71706329884016,84.99980822253,86.14164733886719,817400,0.0,0.0
2023-01-05 00:00:00-05:00,85.24255222757057,85.74604629690963,84.61319321527023,85.23356628417969,500700,0.0,0.0
2023-01-06 00:00:00-05:00,85.69209805180249,87.27449527656923,85.39540414550159,87.1935806274414,582800,0.0,0.0
2023-01-09 00:00:00-05:00,87.40936379282878,88.68606750580982,87.40936379282878,88.25450897216797,779300,0.0,0.0
2023-01-10 00:00:00-05:00,88.48825632947099,89.0906437590271,88.07467659308179,88.98275756835938,1385700,0.0,0.0
2023-01-11 00:00:00-05:00,89.18955329855113,89.59414713420078,88.59615860956374,88.95579528808594,806500,0.0,0.0
2023-01-12 00:00:00-05:00,89.42330321656671,90.2504626372139,88.77595867536526,89.80091857910156,890200,0.0,0.0
2023-01-13 00:00:00-05:00,89.13561350110496,90.40333129649207,89.01873449154064,90.15158081054688,729000,0.0,0.0
2023-01-17 00:00:00-05:00,90.61012840743288,91.07765821960608,90.28645603269766,90.87086486816406,883500,0.0,0.0
2023-01-18 00:00:00-05:00,91.02371931294066,91.32042016908942,89.55820750331351,89.60316467285156,758100,0.0,0.0
2023-01-19 00:00:00-05:00,89.38734498604981,89.97175367348977,89.0726654957355,89.79193878173828,686400,0.0,0.0
2023-01-20 00:00:00-05:00,89.90883752595134,90.52921069992038,89.14461377888075,90.52021789550781,1730400,0.0,0.0
2023-01-23 00:00:00-05:00,90.50223048812902,90.89782467093804,89.57616378822556,90.58314514160156,840600,0.0,0.0
2023-01-24 00:00:00-05:00,90.80792011096807,91.01471344227183,90.07066796464514,90.7989273071289,2250400,0.0,0.0
2023-01-25 00:00:00-05:00,90.74262926664301,90.89698268313063,89.92545393337119,90.55195617675781,2781900,0.988,0.0
2023-01-26 00:00:00-05:00,91.13305586395357,92.4950124252289,90.99685882237218,92.3678970336914,869100,0.0,0.0
2023-01-27 00:00:00-05:00,92.51318013241261,92.51318013241261,91.6233722826343,91.8231201171875,476500,0.0,0.0
2023-01-30 00:00:00-05:00,91.24201792492619,92.10459466434457,91.24201792492619,91.58705139160156,765300,0.0,0.0
2023-01-31 00:00:00-05:00,91.58704357448391,93.003476215355,91.16937771697755,92.9399185180664,689200,0.0,0.0
2023-02-01 00:00:00-05:00,92.75833069919629,93.65722014660429,92.03195104986939,93.26679229736328,954300,0.0,0.0
2023-02-02 00:00:00-05:00,93.45747380655382,93.59367086896718,92.74017574329581,93.02164459228516,485600,0.0,0.0
2023-02-03 00:00:00-05:00,91.95931944699808,93.7843434474185,91.95931944699808,93.60274505615234,590000,0.0,0.0
2023-02-06 00:00:00-05:00,93.10335119002244,93.36666362266044,92.39513488781574,93.28494262695312,607700,0.0,0.0
2023-02-07 00:00:00-05:00,93.04887048112747,94.33818762961964,92.74923839066594,93.85696411132812,558500,0.0,0.0
2023-02-08 00:00:00-05:00,93.4302218473797,94.2746351957007,93.37573887417653,94.20199584960938,954300,0.0,0.0
2023-02-09 00:00:00-05:00,94.83756751978659,95.08272356735291,93.45745465737942,93.85696411132812,747300,0.0,0.0
2023-02-10 00:00:00-05:00,94.3109490672805,94.71953324118914,93.99315367949723,94.36542510986328,415100,0.0,0.0
2023-02-13 00:00:00-05:00,94.17475278233894,94.94652674322992,94.02039937561453,94.55609893798828,928700,0.0,0.0
2023-02-14 00:00:00-05:00,94.32003589794166,95.03733390219719,93.7389349448964,94.51979064941406,387200,0.0,0.0
2023-02-15 00:00:00-05:00,93.3485001163403,94.0567164169821,93.13058900705111,94.01132202148438,382200,0.0,0.0
2023-02-16 00:00:00-05:00,93.53917547316902,94.1929157441728,93.3485023820045,93.59365844726562,376800,0.0,0.0
2023-02-17 00:00:00-05:00,92.79464212988893,93.92960598630766,92.67660838263843,93.58457946777344,714300,0.0,0.0
2023-02-21 00:00:00-05:00,92.93991389693224,93.2667840173837,92.24985398406037,92.71292114257812,922900,0.0,0.0
2023-02-22 00:00:00-05:00,92.65845197476735,92.65845197476735,91.31465172126443,91.45993041992188,613100,0.0,0.0
2023-02-23 00:00:00-05:00,91.99562102372406,92.004702673318,90.54286881579743,91.34188079833984,485500,0.0,0.0
2023-02-24 00:00:00-05:00,90.08889537569581,91.61428713000006,89.84373929472966,91.56888580322266,552200,0.0,0.0
2023-02-27 00:00:00-05:00,92.03195166002736,93.05795651377936,91.91391791031883,92.32250213623047,617100,0.0,0.0
2023-02-28 00:00:00-05:00,92.04104515790449,92.73109829816451,91.65969198039475,92.14092254638672,1030800,0.0,0.0
2023-03-01 00:00:00-05:00,91.1148906523696,91.3055637356757,88.1730664813667,89.28079223632812,1473600,0.0,0.0
2023-03-02 00:00:00-05:00,88.96300354525648,91.06949603356314,88.69969111830952,90.99685668945312,943900,0.0,0.0
2023-03-03 00:00:00-05:00,91.15121038527388,91.56887622430888,90.89697960736294,91.33280181884766,512400,0.0,0.0
2023-03-06 00:00:00-05:00,91.23292895784111,91.92298192892044,91.01501093061388,91.4871597290039,458800,0.0,0.0
2023-03-07 00:00:00-05:00,91.0876492717147,91.2056830063802,89.51685641391342,90.1615219116211,737700,0.0,0.0
2023-03-08 00:00:00-05:00,89.58043403420092,90.45208547822497,89.58043403420092,90.21601104736328,640300,0.0,0.0
2023-03-09 00:00:00-05:00,90.28864725009399,90.53379639597112,88.53626277233546,88.87220764160156,1456400,0.0,0.0
2023-03-10 00:00:00-05:00,88.52718613986954,88.98117170981759,86.9836379729542,87.38314056396484,1594300,0.0,0.0
2023-03-13 00:00:00-04:00,86.1937033650327,87.57381649415031,84.94070564541526,86.82020568847656,1766900,0.0,0.0
2023-03-14 00:00:00-04:00,88.94485345231769,89.0447308334817,87.19246884726313,88.2003173828125,1299200,0.0,0.0
2023-03-15 00:00:00-04:00,85.69429941776954,86.32988326620665,84.94068876188979,86.14828491210938,1340500,0.0,0.0
2023-03-16 00:00:00-04:00,85.70339453111409,87.5193367937541,84.73186569769248,86.49333190917969,1716200,0.0,0.0
2023-03-17 00:00:00-04:00,85.63075601744058,85.63075601744058,83.914691116606,84.12352752685547,1206300,0.0,0.0
2023-03-20 00:00:00-04:00,84.56842202801501,85.88497726380888,84.5502656552314,85.45823669433594,707500,0.0,0.0
2023-03-21 00:00:00-04:00,86.58412096242147,86.98363044613203,85.76694562177236,85.9576187133789,833600,0.0,0.0
2023-03-22 00:00:00-04:00,86.38437431364768,86.57504742311781,84.66830940114654,84.6773910522461,899700,0.0,0.0
2023-03-23 00:00:00-04:00,85.2312429908325,85.93945928512919,83.72400775751866,84.13259887695312,816400,0.0,0.0
2023-03-24 00:00:00-04:00,82.90683733708616,83.8783661183962,82.61628686773932,83.70585632324219,550200,0.0,0.0
2023-03-27 00:00:00-04:00,84.8589757174947,85.18584585821121,84.17799741221356,84.9406967163086,561900,0.0,0.0
2023-03-28 00:00:00-04:00,84.9860914972067,85.3856009881677,84.54118760871714,84.9134521484375,463900,0.0,0.0
2023-03-29 00:00:00-04:00,85.44916400309765,85.92130594493455,85.19493319385703,85.76695251464844,615500,0.0,0.0
2023-03-30 00:00:00-04:00,86.63859288482057,86.856510916799,86.03933561505269,86.21184539794922,398900,0.0,0.0
2023-03-31 00:00:00-04:00,86.38437262777076,86.81112016661028,86.26633887486045,86.78388214111328,591700,0.0,0.0
2023-04-03 00:00:00-04:00,87.84621287511516,88.62706865485336,87.71001581078491,88.5998306274414,791900,0.0,0.0
2023-04-04 00:00:00-04:00,88.71786433871593,89.06289089785727,87.23787378957881,88.09136199951172,725900,0.0,0.0
2023-04-05 00:00:00-04:00,87.76449656342383,88.03688375789449,87.38314340753249,87.95516967773438,484900,0.0,0.0
2023-04-06 00:00:00-04:00,87.86436315205854,87.98240383234409,87.19246645587681,87.9188461303711,551200,0.0,0.0
2023-04-10 00:00:00-04:00,87.34680559782788,88.26385822823678,87.16521417254262,88.18214416503906,392800,0.0,0.0
2023-04-11 00:00:00-04:00,88.41822051994816,89.32619159217823,88.37282612269837,88.85404968261719,678600,0.0,0.0
2023-04-12 00:00:00-04:00,89.34436219344813,89.57135498005381,88.37283334386665,89.07196807861328,740600,0.0,0.0
2023-04-13 00:00:00-04:00,89.46239853525431,89.97994182658796,89.00841294891707,89.9345474243164,416600,0.0,0.0
2023-04-14 00:00:00-04:00,90.66091227232891,90.9060683467687,90.00717197684905,90.22509002685547,694800,0.0,0.0
2023-04-17 00:00:00-04:00,90.02533130339715,90.5701125498219,89.6258218232933,90.55195617675781,606000,0.0,0.0
2023-04-18 00:00:00-04:00,90.7971074034343,91.30556898816727,90.5973526587836,91.05133819580078,501800,0.0,0.0
2023-04-19 00:00:00-04:00,90.77895911641927,91.07858433281595,90.51564665022144,90.90607452392578,423200,0.0,0.0
2023-04-20 00:00:00-04:00,90.35222278848232,91.09675895090564,90.25234539485362,90.79712677001953,4761400,0.0,0.0
2023-04-21 00:00:00-04:00,90.43392384556535,90.81527006050074,89.87098617416643,90.74263763427734,1364000,0.0,0.0
2023-04-24 00:00:00-04:00,90.80223556453552,90.82057781115459,90.04119322674465,90.4721450805664,2675100,0.975,0.0
2023-04-25 00:00:00-04:00,89.91282132584284,90.22457654429796,88.20735623601793,88.61080169677734,695400,0.0,0.0
2023-04-26 00:00:00-04:00,88.66581454020961,89.31683135097278,88.18902108239456,88.88587951660156,560300,0.0,0.0
2023-04-27 00:00:00-04:00,89.33516582698249,90.42629859003857,89.31683057686728,90.2612533569336,1046100,0.0,0.0
2023-04-28 00:00:00-04:00,89.59189520840246,91.06813108312987,89.55521771514951,91.0589599609375,620800,0.0,0.0
2023-05-01 00:00:00-04:00,91.2515135461914,91.70080760171209,90.87558147429488,90.94893646240234,923800,0.0,0.0
2023-05-02 00:00:00-04:00,90.44463057545272,90.48130806987625,88.06982052454272,88.47325897216797,967800,0.0,0.0
2023-05-03 00:00:00-04:00,88.51912684251475,89.24349177502036,88.17070106298172,88.24404907226562,776100,0.0,0.0
2023-05-04 00:00:00-04:00,87.81307795349234,87.84975544786988,86.6944458548026,87.56551361083984,935400,0.0,0.0
2023-05-05 00:00:00-04:00,88.96839056092283,89.89447801484425,88.5924585025295,89.80278778076172,803000,0.0,0.0
2023-05-08 00:00:00-04:00,90.36210920095525,90.90308649026731,89.74776992911309,90.05035400390625,691000,0.0,0.0
2023-05-09 00:00:00-04:00,88.84919169538348,89.24346598787079,88.10648472852543,88.72998809814453,698500,0.0,0.0
2023-05-10 00:00:00-04:00,89.15178111148114,89.15178111148114,87.62969659004645,88.39990997314453,637600,0.0,0.0
2023-05-11 00:00:00-04:00,87.80391206541663,88.35406047901174,87.49215686721885,88.22569274902344,408000,0.0,0.0
2023-05-12 00:00:00-04:00,88.47325938983056,88.84919846280884,87.44631752319093,87.92311096191406,360600,0.0,0.0
2023-05-15 00:00:00-04:00,88.22570739465988,89.22514302912231,88.22570739465988,89.14262390136719,415100,0.0,0.0
2023-05-16 00:00:00-04:00,88.48243884782761,89.06926482562258,87.10706415071111,87.28128051757812,1396600,0.0,0.0
2023-05-17 00:00:00-04:00,87.67554814809944,87.9139413738636,86.86865724392251,87.72138977050781,608400,0.0,0.0
2023-05-18 00:00:00-04:00,87.40964009875094,87.53800783218392,86.27265875189192,86.92367553710938,773900,0.0,0.0
2023-05-19 00:00:00-04:00,87.20790945511065,87.30877080729218,86.02508659404052,86.3735122680664,740200,0.0,0.0
2023-05-22 00:00:00-04:00,86.57525390902364,86.57525390902364,85.61249578513807,86.33686065673828,525500,0.0,0.0
2023-05-23 00:00:00-04:00,86.19931552082376,86.39186713161206,85.5024570754586,85.58497619628906,717200,0.0,0.0
2023-05-24 00:00:00-04:00,84.64055015138224,84.93396311784889,83.35687279528872,83.53108215332031,1010900,0.0,0.0
2023-05-25 00:00:00-04:00,82.48579133188859,83.32935266761164,80.71614255394981,81.6972427368164,1924500,0.0,0.0
2023-05-26 00:00:00-04:00,81.71558410252523,83.16430655638774,81.50469027310272,82.89840698242188,754400,0.0,0.0
2023-05-30 00:00:00-04:00,83.36604200479421,83.36604200479421,82.57749329768254,83.01761627197266,838200,0.0,0.0
2023-05-31 00:00:00-04:00,82.53164172599865,82.73336444009071,81.76142836269409,82.0456771850586,857400,0.0,0.0
2023-06-01 00:00:00-04:00,82.20155038234167,83.45772127729187,81.83478245124401,82.87089538574219,1449000,0.0,0.0
2023-06-02 00:00:00-04:00,83.48523776960779,84.85144119370099,83.44856027557297,84.75057983398438,425900,0.0,0.0
2023-06-05 00:00:00-04:00,85.00730560302213,85.1815219309419,83.75112780876321,83.86116027832031,462500,0.0,0.0
2023-06-06 00:00:00-04:00,83.59525943189873,84.64971460173192,83.59525943189873,84.613037109375,368800,0.0,0.0
2023-06-07 00:00:00-04:00,84.49384502387011,84.96147433203022,83.92535435521435,84.37464141845703,759400,0.0,0.0
2023-06-08 00:00:00-04:00,84.45716582965119,84.86977539027099,83.7603074426663,84.66805267333984,448000,0.0,0.0
2023-06-09 00:00:00-04:00,84.75057977271867,85.21820907692886,84.45716681616881,85.11734771728516,403800,0.0,0.0
2023-06-12 00:00:00-04:00,84.87894405684841,85.16318587947326,84.59470223422356,85.06232452392578,366400,0.0,0.0
2023-06-13 00:00:00-04:00,85.33741693530618,86.51106891622065,85.22738443877634,85.97925567626953,528400,0.0,0.0
2023-06-14 00:00:00-04:00,86.44687659967454,86.81364455677095,85.73168293087085,86.08010864257812,523800,0.0,0.0
2023-06-15 00:00:00-04:00,86.28182743151476,87.4463151174938,85.98841447833013,87.31794738769531,473800,0.0,0.0
2023-06-16 00:00:00-04:00,87.42798595856169,88.1248444499949,87.26294071047272,87.5196762084961,757900,0.0,0.0
2023-06-20 00:00:00-04:00,86.7586180792133,86.92366328400698,86.09843726003862,86.52021789550781,534000,0.0,0.0
2023-06-21 00:00:00-04:00,86.45604698742764,87.16206952753505,86.17180514596473,86.82281494140625,456000,0.0,0.0
2023-06-22 00:00:00-04:00,86.44688106872574,86.82282016795168,85.97925172436481,86.20848083496094,606500,0.0,0.0
2023-06-23 00:00:00-04:00,85.39243916909788,85.45662305032218,84.89730337300257,85.05318450927734,600900,0.0,0.0
2023-06-26 00:00:00-04:00,85.05317352953735,86.51106735579373,85.05317352953735,86.18097686767578,428700,0.0,0.0
2023-06-27 00:00:00-04:00,86.3826873344712,87.36378753598063,86.25431960683568,87.15290069580078,527400,0.0,0.0
2023-06-28 00:00:00-04:00,86.82282267414422,86.92368404535932,85.99759645307408,86.4560546875,422200,0.0,0.0
2023-06-29 00:00:00-04:00,86.39185775043482,87.08871612012908,86.27265415037871,86.88699340820312,1016400,0.0,0.0
2023-06-30 00:00:00-04:00,87.13457639112217,87.97813791654988,87.0612213900803,87.57469940185547,662600,0.0,0.0
2023-07-03 00:00:00-04:00,87.73054726574168,88.4915894337783,87.67553452919016,88.1614990234375,143500,0.0,0.0
2023-07-05 00:00:00-04:00,87.59301323935075,88.00562977269509,87.1987389495415,87.7397232055664,1520800,0.0,0.0
2023-07-06 00:00:00-04:00,87.01537196494428,87.10706221027269,85.87839753273398,86.11679077148438,1261700,0.0,0.0
2023-07-07 00:00:00-04:00,86.08926878616555,87.0703689238549,85.98840743593914,86.66692352294922,737600,0.0,0.0
2023-07-10 00:00:00-04:00,86.60275468232815,86.76779992082007,86.37352557306258,86.49272918701172,377800,0.0,0.0
2023-07-11 00:00:00-04:00,86.55691644048503,87.1987551733052,86.37352894859531,87.180419921875,1130100,0.0,0.0
2023-07-12 00:00:00-04:00,87.85892803744093,88.02397326713749,87.31795072625141,87.73056030273438,1166900,0.0,0.0
2023-07-13 00:00:00-04:00,87.8956048005421,89.36266961034174,87.8956048005421,89.1059341430664,851200,0.0,0.0
2023-07-14 00:00:00-04:00,89.30765091073853,89.76610907044919,88.75750251818901,88.81251525878906,630500,0.0,0.0
2023-07-17 00:00:00-04:00,88.9133767759388,89.77528035633406,88.74833155832091,89.72026062011719,361100,0.0,0.0
2023-07-18 00:00:00-04:00,89.67442741600856,90.49964658601642,89.39934969566126,90.2612533569336,814900,0.0,0.0
2023-07-19 00:00:00-04:00,90.36211224509763,90.8939184300695,89.8027926924314,90.65552520751953,592200,0.0,0.0
2023-07-20 00:00:00-04:00,90.7197059058297,91.03145410697577,90.46297044711727,90.78388977050781,5548600,0.0,0.0
2023-07-21 00:00:00-04:00,90.68303585354438,91.04980382273655,90.45380674723891,90.8755874633789,620400,0.0,0.0
2023-07-24 00:00:00-04:00,91.2331782423786,92.45267868574847,90.93976528564086,91.94837188720703,1382600,0.0,0.0
2023-07-25 00:00:00-04:00,91.9900600587702,92.11975343103765,90.73017552723604,91.44348907470703,2287400,1.025,0.0
2023-07-26 00:00:00-04:00,91.01735356499124,91.77698921025333,90.69312013123768,91.33232116699219,682700,0.0,0.0
2023-07-27 00:00:00-04:00,91.71214904261264,92.10122919077362,90.88766665199373,91.08220672607422,639400,0.0,0.0
2023-07-28 00:00:00-04:00,91.81404228377536,92.05490442667443,91.1563096073374,91.26747131347656,772900,0.0,0.0
2023-07-31 00:00:00-04:00,91.60096900011187,92.39766086335085,91.38790435515168,91.83256530761719,1313800,0.0,0.0
2023-08-01 00:00:00-04:00,91.17483112690786,91.23967780922112,89.85936581840556,90.4244613647461,1216800,0.0,0.0
2023-08-02 00:00:00-04:00,89.62777016326635,89.86863229978337,88.94224707845763,89.17384338378906,1051000,0.0,0.0
2023-08-03 00:00:00-04:00,88.84961557826358,88.92372102915101,88.2937787561758,88.56243133544922,709300,0.0,0.0
2023-08-04 00:00:00-04:00,88.59022750470407,89.63704746209153,88.34937240513179,88.76624298095703,541100,0.0,0.0
2023-08-07 00:00:00-04:00,89.10901467593953,89.47956318500964,89.09974884288485,89.25723266601562,252900,0.0,0.0
2023-08-08 00:00:00-04:00,87.65458703790837,88.27526354509837,87.16359685049825,88.01587677001953,2594100,0.0,0.0
2023-08-09 00:00:00-04:00,88.01585805154998,88.19186642991605,87.62677090391996,87.98806762695312,415900,0.0,0.0
2023-08-10 00:00:00-04:00,88.48832432131259,89.19237915673048,87.98808245872956,88.00660705566406,461000,0.0,0.0
2023-08-11 00:00:00-04:00,87.82133398434874,88.35863211571244,87.62678684127094,87.85838317871094,1509700,0.0,0.0
2023-08-14 00:00:00-04:00,87.54342454535015,87.71944004156899,86.89495756100713,87.33035278320312,1098300,0.0,0.0
2023-08-15 00:00:00-04:00,86.75599346852142,86.9042114561673,85.02365023920758,85.13481903076172,709000,0.0,0.0
2023-08-16 00:00:00-04:00,84.89394840099555,85.39419731156514,84.264006113733,84.44928741455078,563300,0.0,0.0
2023-08-17 00:00:00-04:00,85.01437436306733,86.20941222699894,83.78228730742082,83.81934356689453,1216100,0.0,0.0
2023-08-18 00:00:00-04:00,83.43950965434017,83.64331551690286,82.98558291266002,83.10601043701172,720300,0.0,0.0
2023-08-21 00:00:00-04:00,83.3932041890217,83.60627592446039,82.69841519241953,82.97633361816406,1159400,0.0,0.0
2023-08-22 00:00:00-04:00,83.07823665151953,83.12455874510893,81.75350534731722,81.78129577636719,810900,0.0,0.0
2023-08-23 00:00:00-04:00,81.90173293143468,82.86516748457495,81.65160492671298,82.318603515625,983200,0.0,0.0
2023-08-24 00:00:00-04:00,82.72621350247789,83.93977603345719,82.40197298000196,83.66185760498047,1062600,0.0,0.0
2023-08-25 00:00:00-04:00,83.67112439786555,84.51413845756589,81.97583751376614,82.42977142333984,1159300,0.0,0.0
2023-08-28 00:00:00-04:00,82.44828954130648,83.189400589006,82.26301531326098,83.07823181152344,617700,0.0,0.0
2023-08-29 00:00:00-04:00,82.98559555123275,83.96756169194185,82.7539992299139,83.76375579833984,905800,0.0,0.0
2023-08-30 00:00:00-04:00,84.09724355403047,84.53264570934728,83.9953406211794,84.15282440185547,528100,0.0,0.0
2023-08-31 00:00:00-04:00,84.17135510643887,84.68086976490407,83.23570412805628,83.46730041503906,775400,0.0,0.0
2023-09-01 00:00:00-04:00,83.65259509382693,84.04167522206117,83.50437005387546,83.6711196899414,753700,0.0,0.0
2023-09-05 00:00:00-04:00,83.68964082073411,83.90271253990201,82.80957765267932,82.84663391113281,634900,0.0,0.0
2023-09-06 00:00:00-04:00,82.6335631956074,82.79105406288721,81.90172505247786,82.35565185546875,634000,0.0,0.0
2023-09-07 00:00:00-04:00,82.11479101454007,82.46681487809349,81.1142932114824,81.42926788330078,689500,0.0,0.0
2023-09-08 00:00:00-04:00,81.55895536553994,81.90172044027643,81.0216502433341,81.60527038574219,554400,0.0,0.0
2023-09-11 00:00:00-04:00,81.91098984702958,82.44829503905191,81.36442589041873,82.12406158447266,545000,0.0,0.0
2023-09-12 00:00:00-04:00,82.15184538953893,82.99485230347013,82.04067661360749,82.82810974121094,541600,0.0,0.0
2023-09-13 00:00:00-04:00,82.99485101687658,84.11578338713895,82.99485101687658,83.35614776611328,660000,0.0,0.0
2023-09-14 00:00:00-04:00,83.91197668093807,84.92173319935789,83.91197668093807,84.5882339477539,720300,0.0,0.0
2023-09-15 00:00:00-04:00,84.36590962657314,84.90321480090034,84.29179710575028,84.77352142333984,1317600,0.0,0.0
2023-09-18 00:00:00-04:00,85.09775574525288,85.3200862422564,84.43075718648329,84.662353515625,826400,0.0,0.0
2023-09-19 00:00:00-04:00,85.06996866571936,85.10702492797199,84.07873662067934,84.3473892211914,441500,0.0,0.0
2023-09-20 00:00:00-04:00,84.5604527448919,85.11628253560649,84.41223476565565,84.42149353027344,351800,0.0,0.0
2023-09-21 00:00:00-04:00,83.68964721152825,84.08799318562386,82.97633361816406,82.97633361816406,969700,0.0,0.0
2023-09-22 00:00:00-04:00,83.18939769474787,83.55994613794705,82.52239918857573,82.5779800415039,706900,0.0,0.0
2023-09-25 00:00:00-04:00,82.43902142525516,83.05043908282917,81.92024794689557,82.90221405029297,721600,0.0,0.0
2023-09-26 00:00:00-04:00,82.22595558083528,82.46681065356884,81.29030451288273,81.4570541381836,516400,0.0,0.0
2023-09-27 00:00:00-04:00,81.79055526047307,81.79982109202362,80.26201817152929,80.45655822753906,1595500,0.0,0.0
2023-09-28 00:00:00-04:00,80.61404289382475,81.99436203162757,80.53993744389764,81.5404281616211,1725100,0.0,0.0
2023-09-29 00:00:00-04:00,82.24448863334533,82.24448863334533,80.91049149375712,81.00313568115234,2184500,0.0,0.0
2023-10-02 00:00:00-04:00,80.7252103270511,80.8363791017299,78.41851302759505,78.5574722290039,2008500,0.0,0.0
2023-10-03 00:00:00-04:00,78.03869636046916,78.30734894789795,76.13034488783046,76.4453125,4662000,0.0,0.0
2023-10-04 00:00:00-04:00,76.60280978796919,77.00115578644089,74.98163536335919,76.99188995361328,916200,0.0,0.0
2023-10-05 00:00:00-04:00,76.88996839173022,77.77929729849157,76.88070256114455,77.76077270507812,748200,0.0,0.0
2023-10-06 00:00:00-04:00,77.54771492589582,78.10354470890852,76.16740276673316,77.8904800415039,926100,0.0,0.0
2023-10-09 00:00:00-04:00,77.35316714273993,78.09427815803723,76.97334580376649,77.87194061279297,368600,0.0,0.0
2023-10-10 00:00:00-04:00,78.12207832088669,78.96508531478985,78.00164370192958,78.82612609863281,802100,0.0,0.0
2023-10-11 00:00:00-04:00,79.09478181622956,79.65987746785295,78.6686453862407,79.28932189941406,645200,0.0,0.0
2023-10-12 00:00:00-04:00,79.18741797901545,79.41901430233436,77.92753341473987,78.18692016601562,573100,0.0,0.0
2023-10-13 00:00:00-04:00,78.43703819420799,78.95581874539621,77.51065293507878,77.6866683959961,635400,0.0,0.0
2023-10-16 00:00:00-04:00,78.17764961152461,79.17814736408597,77.80709410304723,79.08551025390625,782300,0.0,0.0
2023-10-17 00:00:00-04:00,78.33514316396433,79.45606859261932,78.27029647198461,78.4463119506836,1034800,0.0,0.0
2023-10-18 00:00:00-04:00,78.02943449997693,78.13133037746697,76.66764702052411,76.7973403930664,1311500,0.0,0.0
2023-10-19 00:00:00-04:00,76.6398568860772,77.57550092474196,76.24151093524412,76.3619384765625,774200,0.0,0.0
2023-10-20 00:00:00-04:00,76.065501027123,76.39900031579565,74.9260439461983,75.0094223022461,1126400,0.0,0.0
2023-10-23 00:00:00-04:00,74.5554846164835,76.15812706766586,74.38873499640736,75.32437896728516,4060800,0.0,0.0
2023-10-24 00:00:00-04:00,75.60229802772402,75.60229802772402,74.0552364135823,74.47210693359375,3075900,0.0,0.0
2023-10-25 00:00:00-04:00,73.79966875176518,74.74689530829117,73.34949607871422,74.19356536865234,3218400,0.983,0.0
2023-10-26 00:00:00-04:00,73.99663169870745,75.23459785043529,73.81843727023228,74.74691009521484,1048800,0.0,0.0
2023-10-27 00:00:00-04:00,75.00012718840574,75.00012718840574,73.05877120463735,73.33074951171875,1818200,0.0,0.0
2023-10-30 00:00:00-04:00,74.18418920288357,75.08452744676374,74.11853976286895,74.71876525878906,2909600,0.0,0.0
2023-10-31 00:00:00-04:00,74.8219418006961,74.97200177659762,74.20296228823594,74.91572570800781,704900,0.0,0.0
2023-11-01 00:00:00-04:00,75.00013040844145,75.38464654513243,74.2217104432279,75.30962371826172,1122100,0.0,0.0
2023-11-02 00:00:00-04:00,75.95672955779062,78.36701202392578,75.9285951063001,78.36701202392578,1229900,0.0,0.0
2023-11-03 00:00:00-04:00,79.09854644116379,79.83945143071415,78.91097863720933,79.60498809814453,2507900,0.0,0.0
2023-11-06 00:00:00-05:00,80.2239706890437,80.39278456619925,79.30487132336279,79.61436462402344,830700,0.0,0.0
2023-11-07 00:00:00-05:00,79.13606389452627,79.13606389452627,78.59211438403759,78.89222717285156,574200,0.0,0.0
2023-11-08 00:00:00-05:00,78.68589954633256,79.13606515912052,78.40454067190004,78.8547134399414,678100,0.0,0.0
2023-11-09 00:00:00-05:00,79.02352031918468,79.98950806427048,78.86407982169018,78.9391098022461,802500,0.0,0.0
2023-11-10 00:00:00-05:00,79.1923338947964,79.52996165075335,78.37639895869165,79.3892822265625,661800,0.0,0.0
2023-11-13 00:00:00-05:00,79.22985163167183,79.9238610850865,79.04227667449693,79.41741943359375,761900,0.0,0.0
2023-11-14 00:00:00-05:00,80.48657077250212,81.80894737403335,80.34589134496113,81.61199188232422,1175800,0.0,0.0
2023-11-15 00:00:00-05:00,82.02464955208205,82.6436361705855,81.69640232496033,82.16532897949219,1047400,0.0,0.0
2023-11-16 00:00:00-05:00,81.85583259205903,82.07154199334323,81.35877150178766,81.60261535644531,1006300,0.0,0.0
2023-11-17 00:00:00-05:00,82.1465664980695,82.78430702350968,82.06216313622215,82.53108978271484,884600,0.0,0.0
2023-11-20 00:00:00-05:00,82.24973281495522,82.7655550000026,81.94962004054211,82.37165832519531,809500,0.0,0.0
2023-11-21 00:00:00-05:00,82.32476421987317,82.8687208689126,81.88397200962581,82.00589752197266,946800,0.0,0.0
2023-11-22 00:00:00-05:00,81.98712759505081,82.03402311862068,81.1524387933237,81.49006652832031,1407600,0.0,0.0
2023-11-24 00:00:00-05:00,81.58385649219504,82.28724646658003,81.24622873207002,82.18408203125,400100,0.0,0.0
2023-11-27 00:00:00-05:00,81.7339186572223,81.7339186572223,81.10555864709882,81.36815643310547,730600,0.0,0.0
2023-11-28 00:00:00-05:00,80.74916549766876,81.1712037643154,79.73628224402,81.04927825927734,1485400,0.0,0.0
2023-11-29 00:00:00-05:00,81.23686541225783,82.2685027380762,80.99302152079953,81.90274047851562,1294500,0.0,0.0
2023-11-30 00:00:00-05:00,83.09379790524281,84.91323553027813,82.99063347360148,84.78193664550781,1946000,0.0,0.0
2023-12-01 00:00:00-05:00,84.66001483508279,85.54159923293244,84.26611816358725,85.4290542602539,1660300,0.0,0.0
2023-12-04 00:00:00-05:00,84.6506292862216,85.56034800766581,84.60373376553304,85.35401916503906,3120100,0.0,0.0
2023-12-05 00:00:00-05:00,85.10079530209804,86.06678292984684,85.10079530209804,85.56034851074219,1134300,0.0,0.0
2023-12-06 00:00:00-05:00,86.07617533146293,86.79832638445765,85.39154642461395,85.4290542602539,825200,0.0,0.0
2023-12-07 00:00:00-05:00,85.56973439601903,85.85109325241929,85.07267328426448,85.7385482788086,609800,0.0,0.0
2023-12-08 00:00:00-05:00,85.86047183480704,86.72329514709186,85.74792686375793,86.4513168334961,560600,0.0,0.0
2023-12-11 00:00:00-05:00,86.38566574860717,86.78894294314166,86.06679191431697,86.71391296386719,514600,0.0,0.0
2023-12-12 00:00:00-05:00,86.72328562030684,86.72328562030684,86.0761646295548,86.6107406616211,595200,0.0,0.0
2023-12-13 00:00:00-05:00,86.94837875614648,89.41493036412842,86.27312323397199,89.3680419921875,1077700,0.0,0.0
2023-12-14 00:00:00-05:00,89.9870139735286,91.71266762628227,89.92136453406393,91.54385375976562,1416100,0.0,0.0
2023-12-15 00:00:00-05:00,91.7689377551537,92.48170821832304,91.47820554153631,92.05967712402344,1802300,0.0,0.0
2023-12-18 00:00:00-05:00,92.59425292014691,93.18509788154216,92.31289408790974,92.71617126464844,1299800,0.0,0.0
2023-12-19 00:00:00-05:00,93.13820580554696,93.96352126119298,93.06318298205854,93.81346130371094,1194400,0.0,0.0
2023-12-20 00:00:00-05:00,93.75718917376007,94.57311690994483,92.8193359375,92.8193359375,971900,0.0,0.0
2023-12-21 00:00:00-05:00,93.48521308028887,94.25425246594018,93.48521308028887,93.95413970947266,1015200,0.0,0.0
2023-12-22 00:00:00-05:00,94.37616629006232,94.9295034067083,94.21673296104228,94.516845703125,779600,0.0,0.0
2023-12-26 00:00:00-05:00,94.70441654551306,95.61412811279297,94.63876710962168,95.61412811279297,414200,0.0,0.0
2023-12-27 00:00:00-05:00,95.13582825537911,95.72667317907825,95.02328329861419,95.28588104248047,739400,0.0,0.0
2023-12-28 00:00:00-05:00,95.12645295889243,95.48283460872989,94.82634021291028,95.03266906738281,609800,0.0,0.0
2023-12-29 00:00:00-05:00,94.90138409958352,95.4640946863799,94.69505521486575,94.84510803222656,428400,0.0,0.0
2024-01-02 00:00:00-05:00,93.83222247387425,94.5356124259865,93.65402806299166,94.244873046875,703400,0.0,0.0
2024-01-03 00:00:00-05:00,93.78533534434231,94.06669421247663,93.18510977055878,93.79471588134766,682500,0.0,0.0
2024-01-04 00:00:00-05:00,93.7853222236795,94.78882488526278,93.74780723615976,93.94475555419922,1614100,0.0,0.0
2024-01-05 00:00:00-05:00,94.02917762297014,95.06081486318871,93.81346820702974,94.48872375488281,1213200,0.0,0.0
2024-01-08 00:00:00-05:00,94.32927953567088,95.09831889761246,93.96351734860428,95.01390838623047,1105000,0.0,0.0
2024-01-09 00:00:00-05:00,94.27300634684417,95.0326723514039,93.86972915968981,94.71379852294922,1757200,0.0,0.0
2024-01-10 00:00:00-05:00,94.75130962605292,95.01390738268589,93.79470249042535,94.39492797851562,1410800,0.0,0.0
2024-01-11 00:00:00-05:00,94.01041040380203,94.36679922812347,92.66927993261187,93.36329650878906,841000,0.0,0.0
2024-01-12 00:00:00-05:00,93.85098261685508,94.16047593357631,92.42544870098477,92.43482208251953,705700,0.0,0.0
2024-01-16 00:00:00-05:00,91.73142004203454,92.2847571558309,91.37503839866295,92.23786163330078,703100,0.0,0.0
2024-01-17 00:00:00-05:00,91.45007811896645,91.87210924570718,90.68103869217578,91.42194366455078,585000,0.0,0.0
2024-01-18 00:00:00-05:00,92.0034042073185,92.39730086282154,91.6751569943993,92.06905364990234,555900,0.0,0.0
2024-01-19 00:00:00-05:00,92.35980281123041,93.61652288958767,91.58138279867896,93.428955078125,691200,0.0,0.0
2024-01-22 00:00:00-05:00,93.42893468422358,93.64463690479629,92.45356653596612,92.80056762695312,2630300,0.0,0.0
2024-01-23 00:00:00-05:00,92.80058758788232,93.3257903377597,92.6692886892263,93.10070037841797,2198100,0.0,0.0
2024-01-24 00:00:00-05:00,93.71192195256702,94.05307221354755,92.4894680557042,92.70742797851562,2970300,1.025,0.0
2024-01-25 00:00:00-05:00,93.12437610377368,93.26652323910763,92.3378421174127,93.06752014160156,7576900,0.0,0.0
2024-01-26 00:00:00-05:00,93.0959439121235,93.82562913321364,93.06751593232319,93.67400360107422,481800,0.0,0.0
2024-01-29 00:00:00-05:00,93.51292092615004,93.82564321068052,92.8306203889579,93.80668640136719,488300,0.0,0.0
2024-01-30 00:00:00-05:00,93.7782533289628,94.21416593076007,93.12438081131491,94.08149719238281,727300,0.0,0.0
2024-01-31 00:00:00-05:00,94.00568036209212,94.5553121001657,92.16726768253082,92.49893951416016,825500,0.0,0.0
2024-02-01 00:00:00-05:00,92.49894909318537,93.10543685665827,92.06303646505825,93.05805206298828,900500,0.0,0.0
2024-02-02 00:00:00-05:00,92.53686324369933,92.66953200121763,91.72189388756972,92.33786010742188,523200,0.0,0.0
2024-02-05 00:00:00-05:00,91.94931597444912,92.1009415280867,90.97324997009632,91.39021301269531,2146000,0.0,0.0
2024-02-06 00:00:00-05:00,91.42811632348607,92.07251044494573,91.2196348092044,91.86402893066406,371800,0.0,0.0
2024-02-07 00:00:00-05:00,91.93036072465071,92.21464777532897,91.35230098939654,91.94931030273438,815100,0.0,0.0
2024-02-08 00:00:00-05:00,91.8640336931202,91.94931764616362,90.63210135208254,91.6934585571289,1208500,0.0,0.0
2024-02-09 00:00:00-05:00,91.73135439058026,92.39469804871213,91.46600969742389,92.24307250976562,1163500,0.0,0.0
2024-02-12 00:00:00-05:00,92.37576052458665,92.81167316108076,91.95879746798161,92.64109802246094,1673600,0.0,0.0
2024-02-13 00:00:00-05:00,91.71239877206142,91.89245229441839,89.04953847145354,89.7413101196289,1260700,0.0,0.0
2024-02-14 00:00:00-05:00,90.20565657654967,91.72187581363197,90.20565657654967,91.70291900634766,581700,0.0,0.0
2024-02-15 00:00:00-05:00,92.07251105769602,93.38972729225559,91.84507273338198,92.84009552001953,1057700,0.0,0.0
2024-02-16 00:00:00-05:00,92.56528083145636,93.55082522652185,92.47051847671827,92.70742797851562,1103900,0.0,0.0
2024-02-20 00:00:00-05:00,92.2051731962896,93.49396135550293,92.04406925396023,92.88746643066406,1365300,0.0,0.0
2024-02-21 00:00:00-05:00,92.98224011953185,93.03909608410166,92.25255483466752,92.56527709960938,1232900,0.0,0.0
2024-02-22 00:00:00-05:00,92.93485581656618,93.56977152393905,92.76428069205814,93.00119018554688,1061700,0.0,0.0
2024-02-23 00:00:00-05:00,93.3044332178787,93.7877306046689,93.16228607706934,93.49396514892578,434100,0.0,0.0
2024-02-26 00:00:00-05:00,93.32339292180669,93.87301746413861,92.66004198741362,92.84009552001953,1036600,0.0,0.0
2024-02-27 00:00:00-05:00,92.29045321945145,92.7737505661049,91.40914969550848,91.84506225585938,1602800,0.0,0.0
2024-02-28 00:00:00-05:00,91.845069393544,93.03909524810886,91.34282243127969,91.4091567993164,898100,0.0,0.0
2024-02-29 00:00:00-05:00,91.75978697809867,92.15779319295814,91.04905849589076,91.99669647216797,1474900,0.0,0.0
2024-03-01 00:00:00-05:00,92.07252294518119,92.80220111432779,91.50393429088975,92.2336196899414,754800,0.0,0.0
2024-03-04 00:00:00-05:00,91.92088605234731,92.56528018191045,91.70292613106535,92.09146118164062,2146300,0.0,0.0
2024-03-05 00:00:00-05:00,92.02512137571232,93.10542805413132,91.95878700878848,92.83061218261719,1459400,0.0,0.0
2024-03-06 00:00:00-05:00,93.45605740982356,93.94882596360473,92.75480011995674,93.08647918701172,835900,0.0,0.0
2024-03-07 00:00:00-05:00,93.59820436554122,94.19522094726562,93.45606444599194,94.19522094726562,656900,0.0,0.0
2024-03-08 00:00:00-05:00,94.47950479127555,94.58374554865641,93.84458907261333,94.1288833618164,382500,0.0,0.0
2024-03-11 00:00:00-04:00,93.80667675363028,94.8775122426652,93.52238971230788,94.79222106933594,549100,0.0,0.0
2024-03-12 00:00:00-04:00,94.76379325917956,95.51242809351552,94.13834875331523,95.3323745727539,714700,0.0,0.0
2024-03-13 00:00:00-04:00,95.42713965226788,96.12839694799459,95.37028368825366,95.78724670410156,610800,0.0,0.0
2024-03-14 00:00:00-04:00,95.65457473824897,95.88200581653024,93.99620836472816,94.53636169433594,1030700,0.0,0.0
2024-03-15 00:00:00-04:00,94.4605521062578,94.70694000013766,93.58872691856457,94.13835144042969,672700,0.0,0.0
2024-03-18 00:00:00-04:00,94.19522669143082,94.34684502483076,93.39920694389062,94.07202911376953,483700,0.0,0.0
2024-03-19 00:00:00-04:00,93.97725099939093,94.24258846079411,93.59819438457058,93.63610076904297,687600,0.0,0.0
2024-03-20 00:00:00-04:00,93.27600484221205,95.2091871513138,93.08648014186838,95.14285278320312,608100,0.0,0.0
2024-03-21 00:00:00-04:00,95.24709585798745,96.18525543838277,95.09547031009515,95.59771728515625,670600,0.0,0.0
2024-03-22 00:00:00-04:00,95.59772664738024,95.76830179051206,94.10993515502678,94.17626953125,458300,0.0,0.0
2024-03-25 00:00:00-04:00,94.33736229646053,94.86803724322799,94.18573675172473,94.21416473388672,7056000,0.0,0.0
2024-03-26 00:00:00-04:00,94.22364283140732,94.52688668998857,93.85406460469592,93.95830535888672,529400,0.0,0.0
2024-03-27 00:00:00-04:00,93.92039894524596,95.14285278320312,93.92039894524596,95.14285278320312,591900,0.0,0.0
2024-03-28 00:00:00-04:00,95.14285510128751,95.9578243464484,94.95332316642215,95.59771728515625,594600,0.0,0.0
2024-04-01 00:00:00-04:00,95.597720256558,95.71143942101189,94.60270467972768,95.048095703125,566300,0.0,0.0
2024-04-02 00:00:00-04:00,94.66903432276571,94.76379667345839,94.04358979436701,94.39421844482422,1757100,0.0,0.0
2024-04-03 00:00:00-04:00,94.28049238260219,95.44609017749553,94.1573020587124,95.01017761230469,1741500,0.0,0.0
2024-04-04 00:00:00-04:00,95.81567232359018,96.9623133589954,95.24709100775587,95.6924819946289,2542800,0.0,0.0
2024-04-05 00:00:00-04:00,95.71143838171545,97.17080177512418,95.42714408861997,96.98126983642578,784700,0.0,0.0
2024-04-08 00:00:00-04:00,96.99073999714086,97.68251886226014,96.85807126628023,97.65409088134766,771900,0.0,0.0
2024-04-09 00:00:00-04:00,97.89099964215701,98.44062413886414,96.5074419220947,97.39822387695312,831800,0.0,0.0
2024-04-10 00:00:00-04:00,96.1757680380469,96.1757680380469,94.9533142846518,95.65457153320312,1374100,0.0,0.0
2024-04-11 00:00:00-04:00,95.59771085949741,95.66404522476557,94.34682909308108,95.10494232177734,822500,0.0,0.0
2024-04-12 00:00:00-04:00,94.25207696663905,94.65008320140345,93.00119506459069,93.37077331542969,826500,0.0,0.0
2024-04-15 00:00:00-04:00,94.09097598712891,94.49846060809466,92.39470313380191,92.79270935058594,583600,0.0,0.0
2024-04-16 00:00:00-04:00,92.23360616025738,92.31889010794781,91.162770617673,91.35230255126953,911300,0.0,0.0
2024-04-17 00:00:00-04:00,91.50392083182878,92.80218746430835,91.09643621213841,91.71240234375,821000,0.0,0.0
2024-04-18 00:00:00-04:00,91.66502936950695,92.58423218093913,91.38073506995187,91.82612609863281,675600,0.0,0.0
2024-04-19 00:00:00-04:00,91.9208782831695,92.98223535683324,91.66501922580692,92.73584747314453,882500,0.0,0.0
2024-04-22 00:00:00-04:00,93.22862105134243,94.11940305829309,92.93485559369017,94.00568389892578,3192900,0.0,0.0
2024-04-23 00:00:00-04:00,94.28050804707712,95.00071499309381,94.06255534322108,94.62165832519531,1954000,0.0,0.0
2024-04-24 00:00:00-04:00,94.57378500842655,94.59292822337468,92.6878606214795,93.11865234375,3537100,1.01,0.0
2024-04-25 00:00:00-04:00,92.3240852223652,93.78878590791051,91.74968649535799,93.51116180419922,649100,0.0,0.0
2024-04-26 00:00:00-04:00,93.78877920328695,94.24828938750413,93.43456765412492,93.97067260742188,502500,0.0,0.0
2024-04-29 00:00:00-04:00,94.11426492050916,94.45890121036338,93.43456759990295,93.80792236328125,575700,0.0,0.0
2024-04-30 00:00:00-04:00,93.03249450293563,93.77920403081541,92.61127074719518,92.69743347167969,799500,0.0,0.0
2024-05-01 00:00:00-04:00,92.84103813659615,94.0951269083672,92.4006638389376,93.22396087646484,534600,0.0,0.0
2024-05-02 00:00:00-04:00,93.85578834345496,95.10030174685564,93.54944579605667,94.98542785644531,1936700,0.0,0.0
2024-05-03 00:00:00-04:00,95.83745258140624,96.98623541952263,95.72257137608133,96.85221099853516,2470600,0.0,0.0
2024-05-06 00:00:00-04:00,97.4936152616854,97.68508393847125,96.65117499517736,97.47447204589844,1596000,0.0,0.0
2024-05-07 00:00:00-04:00,97.64678877776598,97.76166998216056,96.58416137441117,96.70861053466797,634500,0.0,0.0
2024-05-08 00:00:00-04:00,96.32568778308429,97.62764555093953,96.03848842402269,97.50318908691406,564900,0.0,0.0
2024-05-09 00:00:00-04:00,97.74251567855416,98.70941235936951,97.60849126384107,98.69026184082031,618600,0.0,0.0
2024-05-10 00:00:00-04:00,99.06362614342152,99.63801754851198,98.77642678898479,98.80514526367188,540100,0.0,0.0
2024-05-13 00:00:00-04:00,99.08277356969457,100.24113168859643,98.89131219445485,100.14540100097656,561500,0.0,0.0
2024-05-14 00:00:00-04:00,100.50917198413151,100.51874724321382,99.48483837580436,99.84862518310547,593200,0.0,0.0
2024-05-15 00:00:00-04:00,100.08795397810356,101.01654958874057,99.77203616734135,100.98783111572266,606100,0.0,0.0
2024-05-16 00:00:00-04:00,100.82509570440678,101.94516005780318,100.69107128453626,101.46649932861328,812700,0.0,0.0
2024-05-17 00:00:00-04:00,101.61967568225514,102.30894831048813,101.25588884858594,102.23236083984375,1492600,0.0,0.0
2024-05-20 00:00:00-04:00,102.23235092756161,102.62484889493749,101.32289123535156,101.32289123535156,328000,0.0,0.0
2024-05-21 00:00:00-04:00,100.9782756659221,101.83985917829003,100.76766376599805,101.36119842529297,658600,0.0,0.0
2024-05-22 00:00:00-04:00,100.89210934075777,101.88772454800275,100.5187545510138,101.43778228759766,933900,0.0,0.0
2024-05-23 00:00:00-04:00,101.9355948049794,102.09833770431149,99.82948315842607,100.14540100097656,570300,0.0,0.0
2024-05-24 00:00:00-04:00,99.83905724717212,101.25588893640594,99.74332656067523,100.80595397949219,862400,0.0,0.0
2024-05-28 00:00:00-04:00,100.81551855817123,100.98783670960627,100.15497173082271,100.55704498291016,427900,0.0,0.0
2024-05-29 00:00:00-04:00,99.74332480245826,99.85819870271634,98.41264856339308,98.46051025390625,668700,0.0,0.0
2024-05-30 00:00:00-04:00,100.61448728008004,104.02255675585708,100.51875659170176,103.77365112304688,1630500,0.0,0.0
2024-05-31 00:00:00-04:00,104.5873707612854,104.79798265362054,102.87376445084789,104.60651397705078,1654400,0.0,0.0
2024-06-03 00:00:00-04:00,104.82669387489577,104.83626913400742,102.93119427883602,103.96510314941406,614600,0.0,0.0
2024-06-04 00:00:00-04:00,102.82590160825606,103.81194154425474,102.43339630352014,102.89291381835938,568300,0.0,0.0
2024-06-05 00:00:00-04:00,103.22796886936997,103.4577239615449,101.8589989678656,102.5386962890625,605100,0.0,0.0
2024-06-06 00:00:00-04:00,102.72058920665236,103.07479345045607,102.0408845848926,103.02693176269531,418500,0.0,0.0
2024-06-07 00:00:00-04:00,102.52912360781762,102.65358006803618,101.68668337947315,101.84942626953125,395000,0.0,0.0
2024-06-10 00:00:00-04:00,101.54308361057366,101.8781446497318,101.15058562292637,101.69625854492188,1807200,0.0,0.0
2024-06-11 00:00:00-04:00,101.09314209675242,101.2654602472404,100.53789391142638,100.88253021240234,382800,0.0,0.0
2024-06-12 00:00:00-04:00,101.61967404257844,102.1366285054119,100.75808327118932,100.9974136352539,652200,0.0,0.0
2024-06-13 00:00:00-04:00,100.81551020550263,100.8250854641732,99.57099681827697,99.93477630615234,537500,0.0,0.0
2024-06-14 00:00:00-04:00,99.26466743072764,99.61887170687629,98.06801557069392,99.50399780273438,597100,0.0,0.0
2024-06-17 00:00:00-04:00,99.27422836485336,99.3508158313862,98.30733898906175,99.1689224243164,884800,0.0,0.0
2024-06-18 00:00:00-04:00,99.16892759768514,99.93478769540076,98.94874774964555,99.3795394897461,979800,0.0,0.0
2024-06-20 00:00:00-04:00,98.99660602519845,99.2263611081217,98.44135787966673,98.96788024902344,1024900,0.0,0.0
2024-06-21 00:00:00-04:00,98.63282297447195,99.3986830183228,98.14458701392246,99.20721435546875,721500,0.0,0.0
2024-06-24 00:00:00-04:00,99.67631010875415,101.82070807093504,99.67631010875415,101.68668365478516,814300,0.0,0.0
2024-06-25 00:00:00-04:00,101.84942007164456,102.14618735943037,101.10271057090452,101.8207015991211,938500,0.0,0.0
2024-06-26 00:00:00-04:00,101.0931396484375,101.17930237348622,100.57618520949337,101.0931396484375,482600,0.0,0.0
2024-06-27 00:00:00-04:00,101.18887637841411,101.6962628922955,100.71979090353996,101.60052490234375,482200,0.0,0.0
2024-06-28 00:00:00-04:00,101.60052102122393,102.1749197238597,101.42820287118978,101.83985137939453,632900,0.0,0.0
2024-07-01 00:00:00-04:00,102.27064616172731,102.73973159921354,101.44734917948793,101.45692443847656,419900,0.0,0.0
2024-07-02 00:00:00-04:00,101.47607274349758,103.07479779702024,101.40906053478055,102.93119812011719,714300,0.0,0.0
2024-07-03 00:00:00-04:00,103.57260862859897,104.92242805709323,103.34284622494566,104.36717987060547,473700,0.0,0.0
2024-07-05 00:00:00-04:00,105.30535318415717,105.50638980014574,104.12784465761543,104.15657043457031,828600,0.0,0.0
2024-07-08 00:00:00-04:00,104.34803670438113,104.77882842981265,104.13742481949178,104.5299301147461,2193800,0.0,0.0
2024-07-09 00:00:00-04:00,104.35761615042418,105.56383595153659,104.1278537374457,104.91285705566406,2244200,0.0,0.0
2024-07-10 00:00:00-04:00,105.21919910410425,106.08078252537125,104.97029349380486,106.03292083740234,2750700,0.0,0.0
2024-07-11 00:00:00-04:00,106.49243813732386,106.64561307813783,105.56383514404297,105.56383514404297,675500,0.0,0.0
2024-07-12 00:00:00-04:00,105.82231099896126,106.73176342950514,105.61169911724807,106.46371459960938,737700,0.0,0.0
2024-07-15 00:00:00-04:00,106.57859890337961,106.64561111280499,105.8893262899855,106.0807876586914,676200,0.0,0.0
2024-07-16 00:00:00-04:00,106.09036023228225,106.214809388412,105.47767510339558,105.82231140136719,665300,0.0,0.0
2024-07-17 00:00:00-04:00,105.44895015255136,107.48804203715721,105.31492574532557,107.22956848144531,629400,0.0,0.0
2024-07-18 00:00:00-04:00,107.26786660939406,107.82310747475277,106.80834912022604,107.29658508300781,791400,0.0,0.0
2024-07-19 00:00:00-04:00,107.08597093408423,107.86139892034353,106.21480496609892,106.38712310791016,1723400,0.0,0.0
2024-07-22 00:00:00-04:00,106.88494327465888,107.22957958715682,106.29140133562726,106.83707427978516,1218100,0.0,0.0
2024-07-23 00:00:00-04:00,107.04768310931452,107.04768310931452,105.70743163279998,105.79359436035156,3533600,0.0,0.0
2024-07-24 00:00:00-04:00,105.6212699635834,106.09035539630214,105.085165022408,105.60211944580078,2307200,0.0,0.0
2024-07-25 00:00:00-04:00,105.1663164911728,106.39355959197495,104.96338687793258,105.90072631835938,1688000,1.029,0.0
2024-07-26 00:00:00-04:00,106.08432830159357,107.28258246388283,105.95870731905356,106.94436645507812,667400,0.0,0.0
2024-07-29 00:00:00-04:00,106.90570762782835,107.16662237542481,106.27759536910473,106.50951385498047,448600,0.0,0.0
2024-07-30 00:00:00-04:00,106.70277387902001,108.17160810170667,106.56748748647722,107.3985366821289,722700,0.0,0.0
2024-07-31 00:00:00-04:00,107.66911304532938,108.73208075315729,107.44685998128968,107.97834014892578,434500,0.0,0.0
2024-08-01 00:00:00-04:00,107.88171368864833,108.13296302734955,105.47553993288747,106.17130279541016,771400,0.0,0.0
2024-08-02 00:00:00-04:00,104.84742009529715,105.27261014891077,103.45589437260246,103.8424301147461,681700,0.0,0.0
2024-08-05 00:00:00-04:00,99.53257744196407,102.49922775625433,99.42627992479436,102.09336853027344,788200,0.0,0.0
2024-08-06 00:00:00-04:00,102.18999716441552,103.94872778997886,101.76480711013996,103.61051177978516,888900,0.0,0.0
2024-08-07 00:00:00-04:00,104.53820063024607,104.69281051489021,102.76980445693454,103.76512908935547,979900,0.0,0.0
2024-08-08 00:00:00-04:00,104.06468929197335,105.82341989332532,103.98738066997731,105.0696792602539,1920700,0.0,0.0
2024-08-09 00:00:00-04:00,105.28226656275439,105.49486158626046,104.59616913306586,105.45620727539062,1726900,0.0,0.0
2024-08-12 00:00:00-04:00,105.54319045673697,105.54319045673697,104.46089177633586,104.61550903320312,1138900,0.0,0.0
2024-08-13 00:00:00-04:00,105.22428411998483,105.84273832138494,104.86673728969967,105.79442596435547,637100,0.0,0.0
2024-08-14 00:00:00-04:00,105.79442661219876,106.79940916621135,105.76543035073675,106.65446472167969,601000,0.0,0.0
2024-08-15 00:00:00-04:00,107.26325518584856,107.6884452232806,106.87671945841542,106.98301696777344,723000,0.0,0.0
2024-08-16 00:00:00-04:00,107.11830862241027,108.09430972324282,107.11830862241027,108.04598999023438,729400,0.0,0.0
2024-08-19 00:00:00-04:00,108.10397576249984,109.30222994788815,108.10397576249984,108.98333740234375,4058800,0.0,0.0
2024-08-20 00:00:00-04:00,108.94467945082324,108.94467945082324,108.36487953355615,108.79006958007812,556000,0.0,0.0
2024-08-21 00:00:00-04:00,108.79006567015098,109.42784334445619,108.76107678121288,109.13794708251953,657000,0.0,0.0
2024-08-22 00:00:00-04:00,109.17660866406648,109.68876539623547,108.76108402564626,109.52448272705078,790400,0.0,0.0
2024-08-23 00:00:00-04:00,110.11394914482433,112.63608589053003,110.07530220499719,111.63109588623047,995400,0.0,0.0
2024-08-26 00:00:00-04:00,111.87267223396292,112.38483630894551,111.60209943815671,111.78570556640625,531500,0.0,0.0
2024-08-27 00:00:00-04:00,111.92099936026747,112.71339433144396,111.80503642330643,112.48147583007812,710500,0.0,0.0
2024-08-28 00:00:00-04:00,113.3028548085859,115.88296922116757,112.96463880605653,114.83932495117188,1523500,0.0,0.0
2024-08-29 00:00:00-04:00,115.77667543748964,116.6173901330349,115.01326936574176,115.18721008300781,908600,0.0,0.0
2024-08-30 00:00:00-04:00,115.20653097492786,117.0425700824796,115.13888777808647,116.7140121459961,940200,0.0,0.0
2024-09-03 00:00:00-04:00,116.12455243313048,117.13920780715632,115.98926603293448,116.7719955444336,855000,0.0,0.0
2024-09-04 00:00:00-04:00,116.61738920465753,118.16352480551595,116.31782750552262,117.97026062011719,713000,0.0,0.0
2024-09-05 00:00:00-04:00,118.3857824576945,118.77231819191798,117.03291107419034,117.40011596679688,464100,0.0,0.0
2024-09-06 00:00:00-04:00,117.73832456450515,118.19250347071093,115.90229284439185,116.85896301269531,759500,0.0,0.0
2024-09-09 00:00:00-04:00,117.20684862841165,119.04288778709329,117.1875177873155,118.83995819091797,737200,0.0,0.0
2024-09-10 00:00:00-04:00,118.67567649561542,118.67567649561542,116.98458914119837,118.15385437011719,697800,0.0,0.0
2024-09-11 00:00:00-04:00,117.74799208382417,119.38110161672753,116.72367870096699,119.12985229492188,528000,0.0,0.0
2024-09-12 00:00:00-04:00,119.05255485228888,119.82562635846276,118.83996719201951,119.78697204589844,534000,0.0,0.0
2024-09-13 00:00:00-04:00,120.12518332478058,120.12518332478058,119.22649086765391,119.4294204711914,589300,0.0,0.0
2024-09-16 00:00:00-04:00,119.82561999268795,120.2701335047283,118.71433252630911,119.17817687988281,696700,0.0,0.0
2024-09-17 00:00:00-04:00,119.32312978295283,119.37144214211241,118.16352257478341,118.7239990234375,555800,0.0,0.0
2024-09-18 00:00:00-04:00,118.64668467383999,119.55504250383675,117.9412638092066,118.43408966064453,588200,0.0,0.0
2024-09-19 00:00:00-04:00,119.43908899947095,119.82562474736076,118.08621756813467,118.91726684570312,657000,0.0,0.0
2024-09-20 00:00:00-04:00,119.05255179057002,119.05255179057002,117.57405939264997,117.81564331054688,1270300,0.0,0.0
2024-09-23 00:00:00-04:00,118.0765519794643,119.1298542683327,117.72867056583394,118.99456787109375,607200,0.0,0.0
2024-09-24 00:00:00-04:00,119.21683208860223,119.78696658468131,118.72399884157127,119.4970703125,416700,0.0,0.0
2024-09-25 00:00:00-04:00,119.49707510371921,119.69033929292232,119.00424183692816,119.39077758789062,477200,0.0,0.0
2024-09-26 00:00:00-04:00,119.82562808803172,120.61802307564709,119.55505526873227,120.34745025634766,695900,0.0,0.0
2024-09-27 00:00:00-04:00,120.47306757475761,120.65667371335628,119.77730470486385,120.07687377929688,837100,0.0,0.0
2024-09-30 00:00:00-04:00,119.92225544382882,120.89825653705284,119.75798014897057,120.53105163574219,543700,0.0,0.0
2024-10-01 00:00:00-04:00,120.6566681517027,121.06252734958065,118.76265118904979,119.63235473632812,597200,0.0,0.0
2024-10-02 00:00:00-04:00,119.81595079485419,120.04787665060778,118.6273621174786,118.75298309326172,536100,0.0,0.0
2024-10-03 00:00:00-04:00,118.38578062017977,118.4147695095993,116.88795743802065,117.30348205566406,765700,0.0,0.0
2024-10-04 00:00:00-04:00,117.69002403838016,118.29881286621094,117.49675247771913,118.29881286621094,527000,0.0,0.0
2024-10-07 00:00:00-04:00,118.10553949710813,118.48240979540566,116.93627429308813,117.66102600097656,975500,0.0,0.0
2024-10-08 00:00:00-04:00,117.41944668559555,117.91227255797295,116.86863566098391,117.70934295654297,521900,0.0,0.0
2024-10-09 00:00:00-04:00,117.52574210794975,118.43409258784156,117.31314708949984,118.15385437011719,1022700,0.0,0.0
2024-10-10 00:00:00-04:00,117.9412748137352,118.33746861593,116.34681943855394,117.38079833984375,1995600,0.0,0.0
2024-10-11 00:00:00-04:00,117.65137023098903,119.77730579948748,117.65137023098903,119.62269592285156,1973800,0.0,0.0
2024-10-14 00:00:00-04:00,119.53571052916887,119.71931665201522,119.0235538418138,119.2748031616211,473300,0.0,0.0
2024-10-15 00:00:00-04:00,119.06221741458042,120.7533048427417,118.75299029404745,120.2218246459961,725800,0.0,0.0
2024-10-16 00:00:00-04:00,120.43440591202446,122.28977590934956,120.33777382433858,121.86458587646484,775000,0.0,0.0
2024-10-17 00:00:00-04:00,121.2558007777607,122.68597341315613,121.2558007777607,122.21247100830078,927800,0.0,0.0
2024-10-18 00:00:00-04:00,122.01919775481491,122.3380902847382,120.85959793834672,121.80661010742188,2787500,0.0,0.0
2024-10-21 00:00:00-04:00,121.72930744245754,121.76796175457172,120.22182613278575,120.78229522705078,423300,0.0,0.0
2024-10-22 00:00:00-04:00,120.35710675172884,121.09151652891663,119.95124018032355,120.87892150878906,6284800,0.0,0.0
2024-10-23 00:00:00-04:00,120.40542016167885,121.1495027386237,120.28946460245538,120.96589660644531,563400,0.0,0.0
2024-10-24 00:00:00-04:00,120.65021717037472,121.4978720058244,119.67589579925028,120.35791778564453,1294000,1.026,0.0
2024-10-25 00:00:00-04:00,120.81585503577112,121.16661133861808,119.29591601242258,119.31539916992188,3608400,0.0,0.0
2024-10-28 00:00:00-04:00,119.30564797642158,121.26403599825493,119.30564797642158,120.84507751464844,731600,0.0,0.0
2024-10-29 00:00:00-04:00,120.56251721919497,121.25428445957901,119.84152152877074,120.29945373535156,659100,0.0,0.0
2024-10-30 00:00:00-04:00,120.11433209800315,120.85481838848247,119.70511892437581,120.40663146972656,851300,0.0,0.0
2024-10-31 00:00:00-04:00,119.98768163639896,120.20203353329113,117.71751099528804,117.78571319580078,911900,0.0,0.0
2024-11-01 00:00:00-04:00,118.5749048696736,119.0133539355917,117.9903135485981,118.66259765625,713300,0.0,0.0
2024-11-04 00:00:00-05:00,118.76002485743658,119.74409147000054,118.01953857437486,119.13026428222656,1023700,0.0,0.0
2024-11-05 00:00:00-05:00,119.52000099823066,120.28971577463746,119.01335715518782,119.98767852783203,648900,0.0,0.0
2024-11-06 00:00:00-05:00,120.80610280750518,121.0399452849718,118.69182724974823,119.56871795654297,1111400,0.0,0.0
2024-11-07 00:00:00-05:00,120.30920677176353,121.54659164847476,120.25074243443926,121.35173034667969,1271200,0.0,0.0
2024-11-08 00:00:00-05:00,120.89379421895671,120.89379421895671,119.72460414537701,120.4553451538086,425400,0.0,0.0
2024-11-11 00:00:00-05:00,120.8937939971942,121.58556125855598,120.68918740722651,120.85482025146484,503400,0.0,0.0
2024-11-12 00:00:00-05:00,121.17634908899412,121.17634908899412,119.88049990824531,120.70867156982422,2361600,0.0,0.0
2024-11-13 00:00:00-05:00,120.7184195573152,120.7184195573152,119.63692223900154,119.98767852783203,926700,0.0,0.0
2024-11-14 00:00:00-05:00,120.10459251597693,120.18254000994156,119.09130482836541,119.2471923828125,3808700,0.0,0.0
2024-11-15 00:00:00-05:00,118.11698739252219,118.67235029694335,117.17189443876563,118.35082244873047,1968000,0.0,0.0
2024-11-18 00:00:00-05:00,118.13646383827154,119.3446202324385,117.89288350046067,119.28616333007812,3239300,0.0,0.0
2024-11-19 00:00:00-05:00,118.60414821519691,119.7928140883168,118.21441816546925,119.74410247802734,360300,0.0,0.0
2024-11-20 00:00:00-05:00,119.69537590459946,119.82204243704516,118.10723478620598,118.66259765625,457100,0.0,0.0
2024-11-21 00:00:00-05:00,119.31539093403319,121.91682713934553,119.07181059795192,121.87785339355469,788200,0.0,0.0
2024-11-22 00:00:00-05:00,121.97529423110905,122.22861243425093,121.38095760296166,121.86811828613281,682100,0.0,0.0
2024-11-25 00:00:00-05:00,122.08247035223862,122.38450759752628,121.03020149103489,121.12763214111328,953300,0.0,0.0
2024-11-26 00:00:00-05:00,120.03638823638948,121.1471139889443,119.35436625972672,120.96199798583984,540800,0.0,0.0
2024-11-27 00:00:00-05:00,120.77687926594659,122.47219641234548,120.71842236094459,122.05323791503906,1399700,0.0,0.0
2024-11-29 00:00:00-05:00,121.8583713213855,122.58911233612959,121.63427413946523,122.44296264648438,256700,0.0,0.0
2024-12-02 00:00:00-05:00,122.26758337323837,122.64756810270755,121.03994383194498,121.90708923339844,1279000,0.0,0.0
2024-12-03 00:00:00-05:00,121.91682707560096,122.6670586730889,121.24455040313586,121.5368423461914,755800,0.0,0.0
2024-12-04 00:00:00-05:00,123.02755877621924,124.75210436763247,121.84863078507556,122.14093017578125,1141500,0.0,0.0
2024-12-05 00:00:00-05:00,122.15066724027629,124.76184868966244,122.07271975020942,124.73262023925781,778400,0.0,0.0
2024-12-06 00:00:00-05:00,124.37212221198095,124.72287106029934,122.60859550807285,122.8132095336914,820400,0.0,0.0
2024-12-09 00:00:00-05:00,122.71577197800129,123.27113485432056,122.07272374759678,122.72551727294922,689900,0.0,0.0
2024-12-10 00:00:00-05:00,122.95934747623384,123.35882278506853,122.36501087700482,122.68653869628906,607800,0.0,0.0
2024-12-11 00:00:00-05:00,122.89115215241065,123.67061222453317,122.73526459807545,122.803466796875,399600,0.0,0.0
2024-12-12 00:00:00-05:00,122.41373352704187,122.82294670902914,121.47838592529297,121.47838592529297,371600,0.0,0.0
2024-12-13 00:00:00-05:00,121.79016971205132,121.79016971205132,120.76712931307728,121.30300903320312,437000,0.0,0.0
2024-12-16 00:00:00-05:00,121.03020096407505,121.70248508360848,120.86456811631473,121.21532440185547,815600,0.0,0.0
2024-12-17 00:00:00-05:00,120.26048843859547,121.16660762090088,120.16305778712352,120.52355194091797,406800,0.0,0.0
2024-12-18 00:00:00-05:00,120.4748341225784,120.4748341225784,116.49960130615781,116.76266479492188,2656900,0.0,0.0
2024-12-19 00:00:00-05:00,118.00006573831284,118.2339007937099,116.6165311297802,116.64575958251953,1566700,0.0,0.0
2024-12-20 00:00:00-05:00,116.49960795866153,118.41902228061318,115.68118156156584,117.62007904052734,1008900,0.0,0.0
2024-12-23 00:00:00-05:00,117.1036898947195,117.62007904052734,116.70421455793546,117.62007904052734,756500,0.0,0.0
2024-12-24 00:00:00-05:00,117.59085290393506,117.74674046353071,117.24009660299183,117.63956451416016,282600,0.0,0.0
2024-12-26 00:00:00-05:00,117.28880340815535,118.21441316630076,117.28880340815535,117.97083282470703,281800,0.0,0.0
2024-12-27 00:00:00-05:00,117.36674964413206,118.11698125095334,117.23034524897946,117.77596282958984,356000,0.0,0.0
2024-12-30 00:00:00-05:00,116.99651519759863,117.79545844622137,116.56781140397781,117.4447021484375,478700,0.0,0.0
2024-12-31 00:00:00-05:00,117.4836685047895,117.95133858342265,117.15239538506597,117.41546630859375,735800,0.0,0.0
2025-01-02 00:00:00-05:00,117.01599419422992,117.80519955292404,115.99296122330357,116.60678100585938,967000,0.0,0.0
2025-01-03 00:00:00-05:00,116.82113527059674,117.42520977043266,115.97347299160742,117.3375244140625,481700,0.0,0.0
2025-01-06 00:00:00-05:00,118.6333681783433,119.06206451223089,117.61032780020501,118.4384994506836,670800,0.0,0.0
2025-01-07 00:00:00-05:00,119.1595094453303,120.00716430058016,118.17544275613304,118.21441650390625,938900,0.0,0.0
2025-01-08 00:00:00-05:00,117.81493617061938,118.73080062076411,117.23034484576439,118.5456771850586,663100,0.0,0.0
2025-01-10 00:00:00-05:00,117.89288605658226,117.93185980349486,115.00889568638951,115.37913513183594,731200,0.0,0.0
2025-01-13 00:00:00-05:00,115.00890332229201,115.88579410234034,114.77506825877335,115.72015380859375,1761700,0.0,0.0
2025-01-14 00:00:00-05:00,115.88579256000564,115.90527571775512,114.60942643967931,115.58374786376953,2009800,0.0,0.0
2025-01-15 00:00:00-05:00,116.91856025718538,117.06470994420323,116.03192427383041,116.70420837402344,2063500,0.0,0.0
2025-01-16 00:00:00-05:00,116.69446107373035,117.08419108791928,115.95398222360133,116.99650573730469,908500,0.0,0.0
2025-01-17 00:00:00-05:00,117.26932399954556,117.6395634545475,116.93805085897975,117.4447021484375,1588800,0.0,0.0
2025-01-21 00:00:00-05:00,117.57135942816923,119.32514088985224,117.31804122085674,119.10104370117188,1340000,0.0,0.0
2025-01-22 00:00:00-05:00,119.41282457429446,119.41282457429446,117.54212933034569,117.91236877441406,1069100,0.0,0.0
2025-01-23 00:00:00-05:00,118.30209662315326,119.35436546599114,118.30209662315326,118.94515228271484,2672600,0.0,0.0
2025-01-24 00:00:00-05:00,119.37385505985593,119.69538290697605,118.98413244532749,119.4615478515625,2616300,0.0,0.0
2025-01-27 00:00:00-05:00,118.89361113819402,120.60331881915519,118.70691629204639,120.48541259765625,2188000,1.032,0.0
2025-01-28 00:00:00-05:00,120.08254665197023,121.30095842220129,119.98428896828044,120.96688079833984,986600,0.0,0.0
2025-01-29 00:00:00-05:00,120.49523002058064,120.8587916862106,119.59124736161921,119.9155044555664,761900,0.0,0.0
2025-01-30 00:00:00-05:00,120.51488719596361,122.18529027710552,120.20045811610463,121.2518310546875,764900,0.0,0.0
2025-01-31 00:00:00-05:00,121.09460397472651,121.74311812167863,119.76810662464631,119.80741119384766,871800,0.0,0.0
2025-02-03 00:00:00-05:00,115.3562791920731,118.0780551883727,114.4817730869737,116.74172973632812,1663400,0.0,0.0
2025-02-04 00:00:00-05:00,118.85430519770352,119.31612455080827,116.23078684741385,116.62382507324219,925700,0.0,0.0
2025-02-05 00:00:00-05:00,117.12494187936053,117.38041785145914,115.9458346946573,116.99720764160156,697000,0.0,0.0
2025-02-06 00:00:00-05:00,117.15442017744448,117.64571606303934,116.71224938246094,117.36076354980469,646900,0.0,0.0
2025-02-07 00:00:00-05:00,117.57693636179344,117.66536602391213,116.43712629506128,117.24285125732422,1270700,0.0,0.0
2025-02-10 00:00:00-05:00,117.02668213880398,117.55728261156395,115.85740299189969,115.93600463867188,1155500,0.0,0.0
2025-02-11 00:00:00-05:00,115.71001111208592,116.62382177524849,114.98288779106252,116.378173828125,544500,0.0,0.0
2025-02-12 00:00:00-05:00,115.52331839257833,116.41748053486931,115.16958474250505,116.30939483642578,436500,0.0,0.0
2025-02-13 00:00:00-05:00,116.38799505421277,117.38041486565187,116.04408942547064,117.23302459716797,1396200,0.0,0.0
2025-02-14 00:00:00-05:00,117.70467150413648,117.9994445433897,116.83999342711446,116.96772766113281,1492800,0.0,0.0
2025-02-18 00:00:00-05:00,116.7417297115871,118.8936081589903,116.70242513987877,118.7855224609375,2186300,0.0,0.0
2025-02-19 00:00:00-05:00,118.14683036249572,118.47108744038677,117.08563696593073,118.4514389038086,1468200,0.0,0.0
2025-02-20 00:00:00-05:00,118.4514408901598,118.92308074174663,117.01685030875082,117.57693481445312,663500,0.0,0.0
2025-02-21 00:00:00-05:00,117.70467085093493,117.83240508424441,116.69260251161256,116.81050872802734,2170000,0.0,0.0
2025-02-24 00:00:00-05:00,117.31163009794076,117.60641062575704,116.30938979720982,116.50590515136719,1086200,0.0,0.0
2025-02-25 00:00:00-05:00,117.91101819766315,118.78552431623605,116.67295040754512,117.21337890625,1364400,0.0,0.0
2025-02-26 00:00:00-05:00,117.30180501431371,117.8717100508325,116.58451720678181,117.40007019042969,1160800,0.0,0.0
2025-02-27 00:00:00-05:00,117.12493824787754,117.87171010654545,111.75016745928019,113.20439910888672,2238000,0.0,0.0
2025-02-28 00:00:00-05:00,113.80378007067344,116.19147840455845,113.21422649986067,116.11286926269531,1123800,0.0,0.0
2025-03-03 00:00:00-05:00,115.94583136341298,117.38041447899775,113.82342949602918,114.81584930419922,1320000,0.0,0.0
2025-03-04 00:00:00-05:00,113.41074141866213,113.56795970177944,110.22714615133998,110.6300048828125,1304600,0.0,0.0
2025-03-05 00:00:00-05:00,111.59294509181473,113.91186222869321,111.23921146099732,113.12578582763672,2040900,0.0,0.0
2025-03-06 00:00:00-05:00,112.56571080490914,114.34420700679902,111.88772758108729,112.25128173828125,920100,0.0,0.0
2025-03-07 00:00:00-05:00,111.63225795902241,113.43040279990156,111.34730542987374,113.06684112548828,789300,0.0,0.0
2025-03-10 00:00:00-04:00,111.08200137471012,112.2611084871023,110.18783927549156,111.02304077148438,665200,0.0,0.0
2025-03-11 00:00:00-04:00,110.5710541263457,111.06235002666473,108.21283230549831,108.40935516357422,1371600,0.0,0.0
2025-03-12 00:00:00-04:00,109.10699165738158,109.67689668638363,108.45847748715576,109.34281158447266,1005300,0.0,0.0
2025-03-13 00:00:00-04:00,109.0185554496411,109.23472684160068,106.86668454008982,106.91580963134766,2254500,0.0,0.0
2025-03-14 00:00:00-04:00,107.83944857932377,109.72602301041601,107.6625817578726,109.54915618896484,1446300,0.0,0.0
2025-03-17 00:00:00-04:00,109.68671492415766,111.21956315980373,109.28385620278425,110.75774383544922,1283500,0.0,0.0
2025-03-18 00:00:00-04:00,111.07217587860846,111.10165243260015,109.82428011803802,110.52192687988281,692400,0.0,0.0
2025-03-19 00:00:00-04:00,110.6496626573625,112.43797942476593,110.29592901136354,112.23163604736328,990800,0.0,0.0
2025-03-20 00:00:00-04:00,111.27851688213902,112.19232751931251,110.50226849171592,111.82876586914062,613100,0.0,0.0
2025-03-21 00:00:00-04:00,110.72826667065877,112.02528748037683,110.7184386541195,111.62242126464844,758400,0.0,0.0
2025-03-24 00:00:00-04:00,112.26111355126814,114.24594569586733,112.21198096246032,113.89221954345703,739000,0.0,0.0
2025-03-25 00:00:00-04:00,115.05166664057396,115.28749406268552,114.06907487151655,114.61933135986328,704200,0.0,0.0
2025-03-26 00:00:00-04:00,114.99271300218615,115.64122716512709,113.80377786670799,114.24594116210938,748200,0.0,0.0
2025-03-27 00:00:00-04:00,113.8922189035853,114.61933473505668,112.3102455090921,112.71310424804688,708600,0.0,0.0
2025-03-28 00:00:00-04:00,112.60501823954826,112.86049420536308,110.03063253373126,110.1878433227539,843300,0.0,0.0
2025-03-31 00:00:00-04:00,109.30350473939119,111.23921169641066,109.0971613704077,110.75774383544922,840000,0.0,0.0
2025-04-01 00:00:00-04:00,110.27627607112998,111.7305076718823,108.80238843717336,111.67155456542969,828600,0.0,0.0
2025-04-02 00:00:00-04:00,111.11148097862036,112.72293090820312,110.43349024726137,112.72293090820312,856700,0.0,0.0
2025-04-03 00:00:00-04:00,111.77964273607009,115.74931441777639,111.72068213173037,113.10614013671875,1831300,0.0,0.0
2025-04-04 00:00:00-04:00,110.55140099261176,111.75016413900401,108.12439814648648,108.97925567626953,2439400,0.0,0.0
2025-04-07 00:00:00-04:00,104.36106821712119,110.15836100528566,104.2529825255688,107.26953887939453,2057400,0.0,0.0
2025-04-08 00:00:00-04:00,110.02080506980049,110.37453871760522,105.84478991887634,106.47364807128906,4374000,0.0,0.0
2025-04-09 00:00:00-04:00,106.0806090065211,112.02529234909521,104.989931517245,111.75016784667969,4105800,0.0,0.0
2025-04-10 00:00:00-04:00,111.47503625163736,111.47503625163736,107.03372463244904,108.03596496582031,1562400,0.0,0.0
2025-04-11 00:00:00-04:00,108.72378623008646,111.65190565150148,108.22266230354552,111.29817199707031,1186700,0.0,0.0
2025-04-14 00:00:00-04:00,112.68362582420227,113.49917880218518,111.45538609708835,113.3714370727539,1175400,0.0,0.0
2025-04-15 00:00:00-04:00,113.4893516272808,114.5800291127759,113.01770427007463,113.20439910888672,2162600,0.0,0.0
2025-04-16 00:00:00-04:00,113.20439543893455,114.21646374932185,112.26110825168291,113.60726165771484,935000,0.0,0.0
2025-04-17 00:00:00-04:00,113.51882953214792,114.67828815680375,113.44022038891487,114.21646881103516,1090900,0.0,0.0
2025-04-21 00:00:00-04:00,113.98064752177119,114.57020109584359,112.63449407209856,113.20439910888672,600100,0.0,0.0
2025-04-22 00:00:00-04:00,113.80378502189842,115.9163589477539,113.40092627133846,115.9163589477539,5486100,0.0,0.0
2025-04-23 00:00:00-04:00,117.19371833100962,117.77345137957438,115.36610451661278,115.73948669433594,1099700,0.0,0.0
2025-04-24 00:00:00-04:00,116.69734103872595,116.72708679202472,115.35872161992903,116.67750549316406,973600,1.066,0.0
2025-04-25 00:00:00-04:00,116.55852630542117,117.02455573080367,115.7950166421555,116.76675415039062,787300,0.0,0.0
2025-04-28 00:00:00-04:00,116.80641413649536,117.67898901730038,116.68742355795847,117.579833984375,1006200,0.0,0.0
2025-04-29 00:00:00-04:00,117.47076345563286,118.88870239257812,117.3914364017373,118.88870239257812,789200,0.0,0.0
2025-04-30 00:00:00-04:00,117.9169640222281,119.0969293537976,116.43953358831821,118.86886596679688,841500,0.0,0.0
2025-05-01 00:00:00-04:00,118.8093727349443,119.64229165250566,118.49207209136,119.00768280029297,721400,0.0,0.0
2025-05-02 00:00:00-04:00,120.33638380151035,120.70326574198812,119.77119179674646,120.24713897705078,863900,0.0,0.0
2025-05-05 00:00:00-04:00,120.11824082851969,120.53469651168871,119.71170291829588,119.94967651367188,520000,0.0,0.0
2025-05-06 00:00:00-04:00,119.79101874910427,120.20748198460147,119.06718021213231,119.1465072631836,605900,0.0,0.0
2025-05-07 00:00:00-04:00,119.0176001686858,119.93975634300762,118.91844513634838,119.17625427246094,692900,0.0,0.0
2025-05-08 00:00:00-04:00,119.28532713489123,120.1876477641529,118.5813090053557,118.81929016113281,2021300,0.0,0.0
2025-05-09 00:00:00-04:00,119.60263149894504,119.60263149894504,118.75979478483698,119.26549530029297,1540200,0.0,0.0
2025-05-12 00:00:00-04:00,120.01908114093169,120.33638177747898,119.3051528174393,119.8405990600586,2322700,0.0,0.0
2025-05-13 00:00:00-04:00,120.2768918366777,120.8718295923119,119.64229055532869,120.77267456054688,821000,0.0,0.0
2025-05-14 00:00:00-04:00,121.23870423151106,121.62542171681531,120.58427496839533,121.49651336669922,1180300,0.0,0.0
2025-05-15 00:00:00-04:00,121.46677098438144,123.8266940972335,121.46677098438144,123.7275390625,1727500,0.0,0.0
2025-05-16 00:00:00-04:00,123.94568279776483,124.9868295592837,123.61846437956814,124.7587661743164,2305400,0.0,0.0
2025-05-19 00:00:00-04:00,124.49104909978388,126.36510725268005,124.15391290259902,126.06763458251953,940100,0.0,0.0
2025-05-20 00:00:00-04:00,125.92881107941513,126.40476581998817,125.1950547708655,125.41320037841797,1619900,0.0,0.0
2025-05-21 00:00:00-04:00,125.1752218529063,125.62143085000473,124.63977559541466,124.7587661743164,1104100,0.0,0.0
2025-05-22 00:00:00-04:00,124.60011864018593,125.9288127179574,123.81678102334767,125.4528579711914,1211100,0.0,0.0
2025-05-23 00:00:00-04:00,125.37354271433233,127.64422102444668,125.0066607603833,127.34674835205078,1355500,0.0,0.0
2025-05-27 00:00:00-04:00,127.22776067044178,128.32839892689069,126.95012355440856,127.77312469482422,1344900,0.0,0.0
2025-05-28 00:00:00-04:00,127.34674706218277,128.36807342408454,127.32692664628878,127.85245513916016,1044500,0.0,0.0
2025-05-29 00:00:00-04:00,127.58472987567353,127.66405693054199,123.22184020348499,123.94568634033203,2218100,0.0,0.0
2025-05-30 00:00:00-04:00,123.82668959382144,126.09737536234479,123.14251458351183,125.59168243408203,1359800,0.0,0.0
2025-06-02 00:00:00-04:00,125.2049701934382,126.88071828030351,125.15539645832123,126.7914810180664,1063100,0.0,0.0
2025-06-03 00:00:00-04:00,126.68240739603719,127.23768920710808,126.34527120020371,126.41468048095703,1023900,0.0,0.0
2025-06-04 00:00:00-04:00,126.70223033922618,126.90054796566783,126.12712057011127,126.29569244384766,800500,0.0,0.0
2025-06-05 00:00:00-04:00,127.18810845085403,127.41616427499929,125.83957879184506,125.88915252685547,895000,0.0,0.0
2025-06-06 00:00:00-04:00,126.42459994883824,127.05920125710337,126.23620008496304,126.454345703125,885900,0.0,0.0
2025-06-09 00:00:00-04:00,126.21636787456586,126.74189635614076,126.0279680170035,126.5336685180664,1050000,0.0,0.0
2025-06-10 00:00:00-04:00,126.93028765428328,127.26743140574277,126.62290478596881,127.2277603149414,1022900,0.0,0.0
2025-06-11 00:00:00-04:00,127.70371225982369,127.9516036312754,126.78156362046585,126.8013916015625,670900,0.0,0.0
2025-06-12 00:00:00-04:00,127.25750479771361,127.78303326992568,127.00961343798761,127.73346710205078,541600,0.0,0.0
2025-06-13 00:00:00-04:00,126.94021225761469,127.53514244540096,126.27585766132768,126.6724853515625,783800,0.0,0.0
2025-06-16 00:00:00-04:00,127.50539866481923,128.90350959238862,127.15835983243109,127.79296112060547,811400,0.0,0.0
2025-06-17 00:00:00-04:00,127.54507028161493,127.94169041457532,126.61299632606095,126.91046142578125,566400,0.0,0.0
2025-06-18 00:00:00-04:00,127.31700279656047,127.77312957895799,126.90055467163592,126.98979949951172,719800,0.0,0.0
2025-06-20 00:00:00-04:00,127.65414409994311,127.85245416799583,126.07755106826052,126.21636962890625,840200,0.0,0.0
2025-06-23 00:00:00-04:00,125.73050047284875,126.1469561408949,124.95707307713514,126.1172103881836,912800,0.0,0.0
2025-06-24 00:00:00-04:00,126.91046017716984,127.91194340264317,126.82122291764495,127.23768615722656,1085700,0.0,0.0
2025-06-25 00:00:00-04:00,127.10878251662035,127.23769087188047,126.41468213496123,126.98979949951172,1596000,0.0,0.0
2025-06-26 00:00:00-04:00,127.63430044608431,129.4091958680244,127.50539210149924,129.0720672607422,973900,0.0,0.0
2025-06-27 00:00:00-04:00,129.03242248846232,129.8554236635356,128.14000446641347,128.615966796875,731500,0.0,0.0
2025-06-30 00:00:00-04:00,128.91342559881204,130.57926351150618,128.82418833476294,130.44044494628906,828000,0.0,0.0
2025-07-01 00:00:00-04:00,130.25203685296262,131.31300400651895,130.25203685296262,131.14443969726562,517600,0.0,0.0
2025-07-02 00:00:00-04:00,130.48010010225556,130.76766256919836,129.70668022510196,130.0636444091797,1452000,0.0,0.0
2025-07-03 00:00:00-04:00,130.47018328177268,131.57082153272356,130.27187321846642,131.521240234375,455500,0.0,0.0
2025-07-07 00:00:00-04:00,130.499932997993,132.2351725822752,130.38094998241337,130.71807861328125,735100,0.0,0.0
2025-07-08 00:00:00-04:00,130.64866638183594,131.15437447608727,130.27188177583002,130.64866638183594,758800,0.0,0.0
2025-07-09 00:00:00-04:00,131.10478327114907,131.66996770250975,130.78747506891384,131.31300354003906,1541700,0.0,0.0
2025-07-10 00:00:00-04:00,131.22377204522144,132.71112026582492,131.0750432751965,132.16575622558594,1887500,0.0,0.0
2025-07-11 00:00:00-04:00,131.52124887380768,131.66006744024963,130.14297341767357,130.64866638183594,942000,0.0,0.0
2025-07-14 00:00:00-04:00,130.4701792537176,130.77756211186554,130.05372359460546,130.70816040039062,1684500,0.0,0.0
2025-07-15 00:00:00-04:00,130.91639189636714,130.98580874388495,129.35964192732746,129.53811645507812,986200,0.0,0.0
2025-07-16 00:00:00-04:00,129.5678506362175,130.90646999513217,129.4290320836705,130.87672424316406,744500,0.0,0.0
2025-07-17 00:00:00-04:00,130.1826216444301,131.9575322778399,129.69676425580118,131.89804077148438,920800,0.0,0.0
2025-07-18 00:00:00-04:00,132.5227154181304,132.53264075581765,131.31300436714272,131.68980407714844,475400,0.0,0.0
2025-07-21 00:00:00-04:00,132.05668172538518,132.55246445923345,131.81871569639452,132.48306274414062,3336000,0.0,0.0
2025-07-22 00:00:00-04:00,132.21533161636555,132.43347722271128,131.67989293811823,132.0269317626953,1804200,0.0,0.0
2025-07-23 00:00:00-04:00,132.43347632256032,133.12756909708457,132.19551030277358,133.0780029296875,4205000,0.0,0.0
2025-07-24 00:00:00-04:00,132.74000549316406,133.11000061035156,131.92999267578125,132.02000427246094,937300,1.132,0.0
2025-07-25 00:00:00-04:00,131.17999267578125,132.10000610351562,130.94000244140625,132.0500030517578,677700,0.0,0.0
2025-07-28 00:00:00-04:00,131.67999267578125,131.82000732421875,130.3000030517578,130.4499969482422,589900,0.0,0.0
2025-07-29 00:00:00-04:00,130.27000427246094,130.35000610351562,129.0800018310547,129.6999969482422,908400,0.0,0.0
2025-07-30 00:00:00-04:00,129.41000366210938,130.07000732421875,128.88999938964844,129.38999938964844,714000,0.0,0.0
2025-07-31 00:00:00-04:00,129.19000244140625,129.5399932861328,128.13999938964844,128.4600067138672,1050800,0.0,0.0
2025-08-01 00:00:00-04:00,127.91999816894531,128.8699951171875,127.37999725341797,128.61000061035156,1246400,0.0,0.0
2025-08-04 00:00:00-04:00,129.0399932861328,130.00999450683594,129.0399932861328,129.9199981689453,386400,0.0,0.0
2025-08-05 00:00:00-04:00,129.0500030517578,130.86000061035156,128.9499969482422,130.72999572753906,715200,0.0,0.0
2025-08-06 00:00:00-04:00,131.47000122070312,132.3000030517578,131.05999755859375,132.2100067138672,834900,0.0,0.0
2025-08-07 00:00:00-04:00,132.74000549316406,133.02000427246094,132.02999877929688,132.44000244140625,912300,0.0,0.0
2025-08-08 00:00:00-04:00,132.80999755859375,133.14999389648438,132.27000427246094,132.60000610351562,1848600,0.0,0.0
2025-08-11 00:00:00-04:00,132.50999450683594,133.75,132.50999450683594,133.42999267578125,1887300,0.0,0.0
2025-08-12 00:00:00-04:00,133.8300018310547,135.08999633789062,133.66000366210938,134.8000030517578,875000,0.0,0.0
2025-08-13 00:00:00-04:00,135.44000244140625,136.00999450683594,135.35000610351562,135.91000366210938,2295500,0.0,0.0
2025-08-14 00:00:00-04:00,135.27000427246094,136.58999633789062,135.0399932861328,136.58999633789062,1349300,0.0,0.0
2025-08-15 00:00:00-04:00,136.8800048828125,137.25,136.32000732421875,136.42999267578125,772000,0.0,0.0
2025-08-18 00:00:00-04:00,136.25,136.58999633789062,136.0399932861328,136.39999389648438,595100,0.0,0.0
2025-08-19 00:00:00-04:00,136.02999877929688,136.60000610351562,135.9499969482422,136.32000732421875,676400,0.0,0.0
2025-08-20 00:00:00-04:00,136.27999877929688,136.77999877929688,136.1300048828125,136.49000549316406,615900,0.0,0.0
2025-08-21 00:00:00-04:00,136.1300048828125,136.7899932861328,135.9199981689453,136.1999969482422,766600,0.0,0.0
2025-08-22 00:00:00-04:00,136.42999267578125,138.33999633789062,135.97000122070312,137.8800048828125,700800,0.0,0.0
2025-08-25 00:00:00-04:00,137.77999877929688,137.77999877929688,136.2100067138672,136.22999572753906,845700,0.0,0.0
2025-08-26 00:00:00-04:00,136.25,137.6999969482422,136.10000610351562,137.67999267578125,1387800,0.0,0.0
2025-08-27 00:00:00-04:00,141.5,147.63999938964844,141.3699951171875,145.25999450683594,3183400,0.0,0.0
2025-08-28 00:00:00-04:00,145.58999633789062,146.3300018310547,144.42999267578125,145.85000610351562,1115200,0.0,0.0
2025-08-29 00:00:00-04:00,145.55999755859375,145.9499969482422,144.9199981689453,145.36000061035156,858700,0.0,0.0
2025-09-02 00:00:00-04:00,143.80999755859375,144.99000549316406,143.1999969482422,144.75,1014300,0.0,0.0
2025-09-03 00:00:00-04:00,145.0,145.66000366210938,144.72000122070312,145.63999938964844,653600,0.0,0.0
2025-09-04 00:00:00-04:00,146.02999877929688,146.3000030517578,145.19000244140625,145.80999755859375,577200,0.0,0.0
2025-09-05 00:00:00-04:00,145.92999267578125,146.5,143.97000122070312,144.49000549316406,975000,0.0,0.0
2025-09-08 00:00:00-04:00,145.0500030517578,145.3300018310547,144.1699981689453,144.61000061035156,1063000,0.0,0.0
2025-09-09 00:00:00-04:00,144.3300018310547,144.9600067138672,143.94000244140625,143.99000549316406,749300,0.0,0.0
2025-09-10 00:00:00-04:00,144.07000732421875,144.67999267578125,143.97000122070312,144.13999938964844,765600,0.0,0.0
2025-09-11 00:00:00-04:00,144.5500030517578,145.2100067138672,144.27999877929688,145.1300048828125,635900,0.0,0.0
2025-09-12 00:00:00-04:00,144.8800048828125,144.9499969482422,144.0,144.13999938964844,585400,0.0,0.0
2025-09-15 00:00:00-04:00,144.50999450683594,145.4199981689453,144.0399932861328,145.38999938964844,800800,0.0,0.0
2025-09-16 00:00:00-04:00,145.39999389648438,146.5,145.17999267578125,146.0399932861328,830200,0.0,0.0
2025-09-17 00:00:00-04:00,146.6199951171875,146.9499969482422,145.72000122070312,146.33999633789062,1139600,0.0,0.0
2025-09-18 00:00:00-04:00,145.99000549316406,146.66000366210938,145.5399932861328,146.16000366210938,790800,0.0,0.0
2025-09-19 00:00:00-04:00,146.52000427246094,147.5399932861328,146.19000244140625,147.25999450683594,943000,0.0,0.0
2025-09-22 00:00:00-04:00,147.61000061035156,148.80999755859375,147.2100067138672,148.60000610351562,971400,0.0,0.0
2025-09-23 00:00:00-04:00,148.72999572753906,149.25999450683594,148.0500030517578,148.0500030517578,836800,0.0,0.0
2025-09-24 00:00:00-04:00,147.6699981689453,148.3300018310547,146.99000549316406,147.27999877929688,776200,0.0,0.0
2025-09-25 00:00:00-04:00,146.60000610351562,147.08999633789062,145.86000061035156,146.22999572753906,991200,0.0,0.0
2025-09-26 00:00:00-04:00,146.66000366210938,146.74000549316406,145.91000366210938,146.11000061035156,687400,0.0,0.0
2025-09-29 00:00:00-04:00,146.3800048828125,147.66000366210938,146.32000732421875,146.9600067138672,1079100,0.0,0.0
2025-09-30 00:00:00-04:00,147.0500030517578,147.47000122070312,145.91000366210938,147.32000732421875,797100,0.0,0.0
2025-10-01 00:00:00-04:00,147.16000366210938,148.0,147.0500030517578,147.1999969482422,803400,0.0,0.0
2025-10-02 00:00:00-04:00,147.5,147.5,145.7899932861328,146.4199981689453,585000,0.0,0.0
2025-10-03 00:00:00-04:00,146.5500030517578,147.1699981689453,146.4199981689453,146.9600067138672,723800,0.0,0.0
2025-10-06 00:00:00-04:00,147.1999969482422,147.47000122070312,145.91000366210938,147.02999877929688,1041100,0.0,0.0
2025-10-07 00:00:00-04:00,146.85000610351562,147.1999969482422,145.86000061035156,145.8699951171875,1034800,0.0,0.0
2025-10-08 00:00:00-04:00,146.35000610351562,146.47000122070312,144.74000549316406,145.0399932861328,875600,0.0,0.0
2025-10-09 00:00:00-04:00,145.32000732421875,145.55999755859375,144.66000366210938,145.25999450683594,1260600,0.0,0.0
2025-10-10 00:00:00-04:00,145.99000549316406,146.2899932861328,143.52000427246094,143.63999938964844,1216300,0.0,0.0
2025-10-13 00:00:00-04:00,144.41000366210938,144.9199981689453,143.97000122070312,144.5800018310547,508100,0.0,0.0
2025-10-14 00:00:00-04:00,143.72000122070312,145.75,143.1300048828125,145.44000244140625,689600,0.0,0.0
2025-10-15 00:00:00-04:00,145.69000244140625,146.94000244140625,145.57000732421875,146.77999877929688,1152400,0.0,0.0
2025-10-16 00:00:00-04:00,146.8000030517578,147.3000030517578,144.69000244140625,145.30999755859375,1357800,0.0,0.0
2025-10-17 00:00:00-04:00,144.58999633789062,146.10000610351562,144.2899932861328,145.7899932861328,1401800,0.0,0.0
2025-10-20 00:00:00-04:00,145.57000732421875,147.3699951171875,145.57000732421875,146.94000244140625,1288700,0.0,0.0
2025-10-21 00:00:00-04:00,147.19000244140625,147.5399932861328,146.5,146.60000610351562,2129700,0.0,0.0
2025-10-22 00:00:00-04:00,146.60000610351562,147.1699981689453,146.36000061035156,146.8000030517578,535200,0.0,0.0
2025-10-23 00:00:00-04:00,146.92999267578125,147.74000549316406,146.75,147.47000122070312,559100,0.0,0.0
2025-10-24 00:00:00-04:00,147.58999633789062,148.16000366210938,147.25999450683594,147.77999877929688,3877200,0.0,0.0
2025-10-27 00:00:00-04:00,146.92999267578125,148.30999755859375,146.0,148.22999572753906,1842100,0.0,0.0
2025-10-28 00:00:00-04:00,148.36000061035156,149.44000244140625,147.6199951171875,149.0500030517578,1076200,0.0,0.0
2025-10-29 00:00:00-04:00,149.0500030517578,149.25,146.3699951171875,146.69000244140625,612900,0.0,0.0
2025-10-30 00:00:00-04:00,146.47000122070312,147.1199951171875,145.36000061035156,145.89999389648438,1234900,0.0,0.0
2025-10-31 00:00:00-04:00,145.47000122070312,146.75999450683594,145.07000732421875,146.5,744400,0.0,0.0
2025-11-03 00:00:00-05:00,146.11000061035156,147.74000549316406,145.6999969482422,147.41000366210938,633400,0.0,0.0
2025-11-04 00:00:00-05:00,146.05999755859375,146.8800048828125,145.3300018310547,145.77000427246094,965500,0.0,0.0
2025-11-05 00:00:00-05:00,145.22999572753906,145.8800048828125,144.75999450683594,145.66000366210938,823200,0.0,0.0
2025-11-06 00:00:00-05:00,145.85000610351562,145.99000549316406,144.6699981689453,145.41000366210938,568800,0.0,0.0
2025-11-07 00:00:00-05:00,145.4499969482422,145.5,143.3800048828125,145.4600067138672,1082800,0.0,0.0
2025-11-10 00:00:00-05:00,145.99000549316406,147.02999877929688,145.67999267578125,146.88999938964844,2461500,0.0,0.0
2025-11-11 00:00:00-05:00,147.0,148.16000366210938,147.0,147.72000122070312,988200,0.0,0.0
2025-11-12 00:00:00-05:00,147.77999877929688,149.02000427246094,146.91000366210938,148.97000122070312,812700,0.0,0.0
2025-11-13 00:00:00-05:00,148.57000732421875,149.22000122070312,145.85000610351562,146.77000427246094,810100,0.0,0.0
2025-11-14 00:00:00-05:00,146.0,146.55999755859375,144.55999755859375,146.55999755859375,2137500,0.0,0.0
2025-11-17 00:00:00-05:00,147.02000427246094,148.27000427246094,146.44000244140625,147.1300048828125,1729000,0.0,0.0
2025-11-18 00:00:00-05:00,146.77000427246094,149.3699951171875,145.7100067138672,149.11000061035156,1680600,0.0,0.0
2025-11-19 00:00:00-05:00,148.47000122070312,149.0,147.3300018310547,148.27000427246094,866000,0.0,0.0
2025-11-20 00:00:00-05:00,146.77000427246094,150.0399932861328,146.75999450683594,147.35000610351562,1618900,0.0,0.0
2025-11-21 00:00:00-05:00,148.2899932861328,150.25,147.4499969482422,149.99000549316406,1532400,0.0,0.0
2025-11-24 00:00:00-05:00,150.27000427246094,150.85000610351562,149.1300048828125,149.7100067138672,1008200,0.0,0.0
2025-11-25 00:00:00-05:00,150.32000732421875,152.7899932861328,150.00999450683594,152.22000122070312,879000,0.0,0.0
2025-11-26 00:00:00-05:00,152.5500030517578,153.25999450683594,152.39999389648438,153.19000244140625,787700,0.0,0.0
2025-11-28 00:00:00-05:00,154.0,154.63999938964844,153.24000549316406,154.08999633789062,374300,0.0,0.0
2025-12-01 00:00:00-05:00,154.02999877929688,154.42999267578125,152.55999755859375,152.88999938964844,953600,0.0,0.0
2025-12-02 00:00:00-05:00,153.16000366210938,155.1199951171875,152.50999450683594,154.42999267578125,1459100,0.0,0.0
2025-12-03 00:00:00-05:00,155.5399932861328,157.97999572753906,154.5,156.67999267578125,1327200,0.0,0.0
2025-12-04 00:00:00-05:00,158.5800018310547,161.5399932861328,157.63999938964844,160.55999755859375,1471100,0.0,0.0
2025-12-05 00:00:00-05:00,161.16000366210938,162.9600067138672,160.91000366210938,162.47999572753906,1062100,0.0,0.0
2025-12-08 00:00:00-05:00,162.91000366210938,163.77000427246094,162.5500030517578,163.38999938964844,2317000,0.0,0.0
2025-12-09 00:00:00-05:00,163.5399932861328,164.35000610351562,163.13999938964844,163.1999969482422,1109500,0.0,0.0
2025-12-10 00:00:00-05:00,163.47000122070312,165.82000732421875,163.13999938964844,165.13999938964844,821900,0.0,0.0
2025-12-11 00:00:00-05:00,166.5399932861328,167.2100067138672,165.11000061035156,167.02000427246094,1232200,0.0,0.0
2025-12-12 00:00:00-05:00,167.3000030517578,167.91000366210938,165.4499969482422,165.86000061035156,1585900,0.0,0.0
2025-12-15 00:00:00-05:00,165.72000122070312,167.77999877929688,165.6199951171875,167.08999633789062,1006400,0.0,0.0
2025-12-16 00:00:00-05:00,167.16000366210938,167.35000610351562,165.9499969482422,166.3699951171875,929100,0.0,0.0
2025-12-17 00:00:00-05:00,166.47000122070312,166.82000732421875,164.57000732421875,165.2899932861328,883200,0.0,0.0
2025-12-18 00:00:00-05:00,165.88999938964844,168.14999389648438,165.88999938964844,167.13999938964844,1050200,0.0,0.0
2025-12-19 00:00:00-05:00,168.0,169.88999938964844,167.6300048828125,168.74000549316406,1022400,0.0,0.0
2025-12-22 00:00:00-05:00,169.2899932861328,170.47999572753906,168.4600067138672,169.8300018310547,724100,0.0,0.0
2025-12-23 00:00:00-05:00,170.08999633789062,171.19000244140625,169.6999969482422,170.91000366210938,545200,0.0,0.0
2025-12-24 00:00:00-05:00,171.1300048828125,171.83999633789062,170.6300048828125,171.1999969482422,697900,0.0,0.0
2025-12-26 00:00:00-05:00,171.8000030517578,171.8000030517578,170.75,171.50999450683594,306200,0.0,0.0
2025-12-29 00:00:00-05:00,170.97000122070312,172.3800048828125,170.92999267578125,171.74000549316406,659300,0.0,0.0
2025-12-30 00:00:00-05:00,171.77999877929688,172.3699951171875,171.44000244140625,171.58999633789062,695400,0.0,0.0
2025-12-31 00:00:00-05:00,171.5800018310547,171.5800018310547,170.49000549316406,170.49000549316406,729700,0.0,0.0
2026-01-02 00:00:00-05:00,171.24000549316406,171.24000549316406,169.97000122070312,170.77999877929688,671200,0.0,0.0
2026-01-05 00:00:00-05:00,170.5800018310547,173.1999969482422,170.55999755859375,173.11000061035156,1021100,0.0,0.0
2026-01-06 00:00:00-05:00,173.52000427246094,174.61000061035156,170.3699951171875,170.4199981689453,1115500,0.0,0.0
2026-01-07 00:00:00-05:00,170.27000427246094,170.67999267578125,168.9199981689453,169.16000366210938,594300,0.0,0.0
2026-01-08 00:00:00-05:00,168.83999633789062,170.77999877929688,168.72999572753906,169.5500030517578,591800,0.0,0.0
2026-01-09 00:00:00-05:00,169.49000549316406,170.1199951171875,168.8000030517578,169.19000244140625,859800,0.0,0.0
2026-01-12 00:00:00-05:00,168.80999755859375,169.69000244140625,168.3000030517578,169.64999389648438,2863700,0.0,0.0
2026-01-13 00:00:00-05:00,170.1300048828125,170.13999938964844,167.82000732421875,168.94000244140625,2126800,0.0,0.0
2026-01-14 00:00:00-05:00,168.66000366210938,169.0500030517578,167.5,168.60000610351562,739300,0.0,0.0
2026-01-15 00:00:00-05:00,168.7100067138672,169.44000244140625,168.58999633789062,169.3300018310547,539700,0.0,0.0
2026-01-16 00:00:00-05:00,168.8800048828125,169.42999267578125,168.55999755859375,169.17999267578125,1971400,0.0,0.0
2026-01-20 00:00:00-05:00,169.4600067138672,169.66000366210938,167.33999633789062,167.44000244140625,1286400,0.0,0.0
2026-01-21 00:00:00-05:00,168.1999969482422,168.9199981689453,166.14999389648438,168.0,1150000,0.0,0.0
2026-01-22 00:00:00-05:00,168.61000061035156,169.5500030517578,168.1199951171875,168.86000061035156,779600,0.0,0.0
2026-01-23 00:00:00-05:00,168.9199981689453,169.94000244140625,168.0500030517578,169.72000122070312,6532000,0.0,0.0
2026-01-26 00:00:00-05:00,168.6199951171875,169.32000732421875,166.6300048828125,167.32000732421875,2382000,0.0,0.0
2026-01-27 00:00:00-05:00,167.77999877929688,169.1999969482422,167.4499969482422,168.83999633789062,1355100,0.0,0.0
2026-01-28 00:00:00-05:00,168.66000366210938,168.7899932861328,164.9499969482422,166.5800018310547,1704600,0.0,0.0
2026-01-29 00:00:00-05:00,167.36000061035156,168.9199981689453,166.57000732421875,168.77999877929688,1607100,0.0,0.0
2026-01-30 00:00:00-05:00,167.74000549316406,168.50999450683594,165.33999633789062,166.22999572753906,966000,0.0,0.0
2026-02-02 00:00:00-05:00,166.0500030517578,168.9499969482422,165.77999877929688,168.61000061035156,755700,0.0,0.0
2026-02-03 00:00:00-05:00,168.61000061035156,170.74000549316406,168.1199951171875,170.55999755859375,1243700,0.0,0.0
2026-02-04 00:00:00-05:00,170.85000610351562,171.5500030517578,169.57000732421875,170.02000427246094,1737200,0.0,0.0
2026-02-05 00:00:00-05:00,169.0,170.72000122070312,167.86000061035156,168.83999633789062,1100500,0.0,0.0
2026-02-06 00:00:00-05:00,170.1699981689453,171.1699981689453,169.67999267578125,170.39999389648438,1124100,0.0,0.0
2026-02-09 00:00:00-05:00,171.61000061035156,174.2899932861328,171.49000549316406,174.16000366210938,794100,0.0,0.0
2026-02-10 00:00:00-05:00,174.8300018310547,176.19000244140625,174.5399932861328,175.4600067138672,835900,0.0,0.0
2026-02-11 00:00:00-05:00,176.0,176.0500030517578,172.69000244140625,172.9499969482422,3006400,0.0,0.0
2026-02-12 00:00:00-05:00,173.25,174.5500030517578,168.61000061035156,169.35000610351562,2561800,0.0,0.0
2026-02-13 00:00:00-05:00,168.6999969482422,169.83999633789062,167.3000030517578,169.47000122070312,1503400,0.0,0.0
2026-02-17 00:00:00-05:00,168.6999969482422,170.11000061035156,168.07000732421875,169.41000366210938,1416800,0.0,0.0
2026-02-18 00:00:00-05:00,169.94000244140625,171.27999877929688,169.94000244140625,170.75,959200,0.0,0.0
2026-02-19 00:00:00-05:00,170.6999969482422,170.8800048828125,169.10000610351562,170.6999969482422,452800,0.0,0.0
2026-02-20 00:00:00-05:00,171.0,172.52000427246094,170.25999450683594,172.47000122070312,1002500,0.0,0.0
2026-02-23 00:00:00-05:00,172.58999633789062,173.5500030517578,169.5500030517578,170.58999633789062,1340600,0.0,0.0
2026-02-24 00:00:00-05:00,169.99000549316406,170.8699951171875,168.6300048828125,170.64999389648438,973400,0.0,0.0
2026-02-25 00:00:00-05:00,171.05999755859375,174.83999633789062,171.00999450683594,173.63999938964844,1252600,0.0,0.0
2026-02-26 00:00:00-05:00,173.33999633789062,173.33999633789062,168.5,169.8300018310547,1701100,0.0,0.0
2026-02-27 00:00:00-05:00,169.88999938964844,170.92999267578125,166.17999267578125,167.22999572753906,2485400,0.0,0.0
2026-03-02 00:00:00-05:00,164.5,168.92999267578125,163.5500030517578,168.6199951171875,1055700,0.0,0.0
2026-03-03 00:00:00-05:00,165.14999389648438,167.11000061035156,163.5500030517578,165.89999389648438,992600,0.0,0.0
2026-03-04 00:00:00-05:00,167.6699981689453,167.6699981689453,165.3300018310547,165.9499969482422,1150300,0.0,0.0
2026-03-05 00:00:00-05:00,165.14999389648438,166.32000732421875,163.1699981689453,164.41000366210938,1371700,0.0,0.0
2026-03-06 00:00:00-05:00,162.5399932861328,164.19000244140625,161.30999755859375,163.52000427246094,1174400,0.0,0.0
2026-03-09 00:00:00-04:00,161.61000061035156,164.3000030517578,160.6699981689453,163.44000244140625,1446700,0.0,0.0
2026-03-10 00:00:00-04:00,164.30999755859375,167.1699981689453,163.75999450683594,165.41000366210938,965088,0.0,0.0
