Date,Open,High,Low,Close,Volume,Dividends,Stock Splits
2022-01-03 00:00:00-05:00,39.0,40.599998474121094,38.7400016784668,39.869998931884766,333800,0.0,0.0
2022-01-04 00:00:00-05:00,40.11000061035156,41.59000015258789,39.540000915527344,41.47999954223633,405200,0.0,0.0
2022-01-05 00:00:00-05:00,41.54999923706055,42.31999969482422,41.060001373291016,41.15999984741211,431800,0.0,0.0
2022-01-06 00:00:00-05:00,41.150001525878906,41.93000030517578,40.86000061035156,41.79999923706055,302700,0.0,0.0
2022-01-07 00:00:00-05:00,42.220001220703125,42.83000183105469,41.599998474121094,41.66999816894531,475600,0.0,0.0
2022-01-10 00:00:00-05:00,41.52000045776367,41.790000915527344,40.75,41.40999984741211,273700,0.0,0.0
2022-01-11 00:00:00-05:00,41.34000015258789,42.029998779296875,40.95000076293945,42.0099983215332,334300,0.0,0.0
2022-01-12 00:00:00-05:00,42.0099983215332,42.209999084472656,41.400001525878906,41.7599983215332,294200,0.0,0.0
2022-01-13 00:00:00-05:00,42.16999816894531,42.93000030517578,41.779998779296875,42.65999984741211,419400,0.0,0.0
2022-01-14 00:00:00-05:00,42.029998779296875,42.86000061035156,41.59000015258789,42.810001373291016,305400,0.0,0.0
2022-01-18 00:00:00-05:00,42.29999923706055,42.56999969482422,41.959999084472656,42.27000045776367,389200,0.0,0.0
2022-01-19 00:00:00-05:00,42.2599983215332,42.79999923706055,41.380001068115234,41.38999938964844,352000,0.0,0.0
2022-01-20 00:00:00-05:00,41.369998931884766,42.040000915527344,40.79999923706055,40.849998474121094,421200,0.0,0.0
2022-01-21 00:00:00-05:00,40.630001068115234,41.130001068115234,39.83000183105469,39.83000183105469,493100,0.0,0.0
2022-01-24 00:00:00-05:00,39.15999984741211,40.25,38.63999938964844,40.06999969482422,327500,0.0,0.0
2022-01-25 00:00:00-05:00,39.33000183105469,40.560001373291016,38.279998779296875,40.2599983215332,478200,0.0,0.0
2022-01-26 00:00:00-05:00,40.7400016784668,41.25,39.66999816894531,39.959999084472656,387200,0.0,0.0
2022-01-27 00:00:00-05:00,40.7400016784668,41.060001373291016,39.599998474121094,39.70000076293945,357800,0.0,0.0
2022-01-28 00:00:00-05:00,39.34000015258789,39.5099983215332,38.2400016784668,39.40999984741211,311100,0.0,0.0
2022-01-31 00:00:00-05:00,38.97999954223633,40.380001068115234,38.91999816894531,40.27000045776367,370000,0.0,0.0
2022-02-01 00:00:00-05:00,40.20000076293945,40.83000183105469,39.779998779296875,40.77000045776367,379100,0.0,0.0
2022-02-02 00:00:00-05:00,40.5099983215332,41.040000915527344,40.33000183105469,40.66999816894531,338000,0.0,0.0
2022-02-03 00:00:00-05:00,40.150001525878906,40.83000183105469,40.150001525878906,40.2599983215332,310400,0.0,0.0
2022-02-04 00:00:00-05:00,39.86000061035156,40.06999969482422,39.150001525878906,39.650001525878906,198000,0.0,0.0
2022-02-07 00:00:00-05:00,39.61000061035156,40.099998474121094,39.36000061035156,39.47999954223633,252500,0.0,0.0
2022-02-08 00:00:00-05:00,39.59000015258789,41.060001373291016,39.36000061035156,41.04999923706055,407300,0.0,0.0
2022-02-09 00:00:00-05:00,41.439998626708984,42.0,41.22999954223633,41.970001220703125,189300,0.0,0.0
2022-02-10 00:00:00-05:00,41.15999984741211,42.5,41.15999984741211,41.810001373291016,283700,0.0,0.0
2022-02-11 00:00:00-05:00,42.029998779296875,42.650001525878906,41.15999984741211,41.619998931884766,355400,0.0,0.0
2022-02-14 00:00:00-05:00,42.040000915527344,42.380001068115234,41.540000915527344,41.88999938964844,300700,0.0,0.0
2022-02-15 00:00:00-05:00,42.34000015258789,43.06999969482422,41.54999923706055,43.04999923706055,444600,0.0,0.0
2022-02-16 00:00:00-05:00,43.029998779296875,44.599998474121094,42.959999084472656,44.40999984741211,459800,0.0,0.0
2022-02-17 00:00:00-05:00,43.88999938964844,44.349998474121094,43.43000030517578,43.93000030517578,241500,0.0,0.0
2022-02-18 00:00:00-05:00,43.790000915527344,44.400001525878906,43.04999923706055,43.11000061035156,188100,0.0,0.0
2022-02-22 00:00:00-05:00,42.970001220703125,43.11000061035156,42.09000015258789,42.279998779296875,227800,0.0,0.0
2022-02-23 00:00:00-05:00,42.63999938964844,43.529998779296875,41.47999954223633,41.75,267200,0.0,0.0
2022-02-24 00:00:00-05:00,40.400001525878906,42.2599983215332,39.40999984741211,42.16999816894531,306500,0.0,0.0
2022-02-25 00:00:00-05:00,42.38999938964844,43.70000076293945,42.040000915527344,43.58000183105469,203200,0.0,0.0
2022-02-28 00:00:00-05:00,44.68000030517578,45.40999984741211,44.060001373291016,44.939998626708984,565000,0.0,0.0
2022-03-01 00:00:00-05:00,44.900001525878906,44.900001525878906,43.06999969482422,43.68000030517578,378900,0.0,0.0
2022-03-02 00:00:00-05:00,44.06999969482422,45.9900016784668,43.959999084472656,45.400001525878906,306400,0.0,0.0
2022-03-03 00:00:00-05:00,45.4900016784668,46.09000015258789,43.9900016784668,44.400001525878906,319500,0.0,0.0
2022-03-04 00:00:00-05:00,43.81999969482422,44.189998626708984,43.2599983215332,43.810001373291016,256900,0.0,0.0
2022-03-07 00:00:00-05:00,43.90999984741211,44.709999084472656,43.41999816894531,43.61000061035156,402100,0.0,0.0
2022-03-08 00:00:00-05:00,43.810001373291016,44.90999984741211,42.7400016784668,44.02000045776367,416300,0.0,0.0
2022-03-09 00:00:00-05:00,44.709999084472656,45.66999816894531,44.279998779296875,45.400001525878906,376200,0.0,0.0
2022-03-10 00:00:00-05:00,44.66999816894531,45.83000183105469,44.54999923706055,45.33000183105469,338200,0.0,0.0
2022-03-11 00:00:00-05:00,45.5099983215332,45.91999816894531,45.099998474121094,45.33000183105469,218600,0.0,0.0
2022-03-14 00:00:00-04:00,45.83000183105469,45.83000183105469,44.06999969482422,44.34000015258789,283600,0.0,0.0
2022-03-15 00:00:00-04:00,44.380001068115234,44.70000076293945,43.529998779296875,43.91999816894531,322200,0.0,0.0
2022-03-16 00:00:00-04:00,44.150001525878906,44.93000030517578,43.959999084472656,44.7400016784668,299400,0.0,0.0
2022-03-17 00:00:00-04:00,44.400001525878906,44.9900016784668,44.099998474121094,44.810001373291016,488500,0.0,0.0
2022-03-18 00:00:00-04:00,45.150001525878906,45.65999984741211,44.220001220703125,45.41999816894531,812400,0.0,0.0
2022-03-21 00:00:00-04:00,45.11000061035156,46.43000030517578,44.959999084472656,46.18000030517578,387900,0.0,0.0
2022-03-22 00:00:00-04:00,46.25,47.15999984741211,46.13999938964844,46.88999938964844,408200,0.0,0.0
2022-03-23 00:00:00-04:00,47.0,50.459999084472656,47.0,50.400001525878906,962100,0.0,0.0
2022-03-24 00:00:00-04:00,50.439998626708984,51.209999084472656,49.189998626708984,50.93000030517578,761900,0.0,0.0
2022-03-25 00:00:00-04:00,50.779998779296875,51.2599983215332,50.060001373291016,50.93000030517578,512200,0.0,0.0
2022-03-28 00:00:00-04:00,50.54999923706055,50.54999923706055,48.099998474121094,48.36000061035156,403400,0.0,0.0
2022-03-29 00:00:00-04:00,48.310001373291016,48.880001068115234,47.790000915527344,48.209999084472656,438100,0.0,0.0
2022-03-30 00:00:00-04:00,48.20000076293945,49.439998626708984,48.20000076293945,48.290000915527344,270000,0.0,0.0
2022-03-31 00:00:00-04:00,48.15999984741211,49.279998779296875,47.810001373291016,48.43000030517578,467700,0.0,0.0
2022-04-01 00:00:00-04:00,48.59000015258789,48.880001068115234,47.709999084472656,48.619998931884766,417000,0.0,0.0
2022-04-04 00:00:00-04:00,48.63999938964844,48.709999084472656,47.5099983215332,48.13999938964844,378100,0.0,0.0
2022-04-05 00:00:00-04:00,48.2599983215332,48.810001373291016,47.08000183105469,47.08000183105469,415000,0.0,0.0
2022-04-06 00:00:00-04:00,46.650001525878906,47.9900016784668,46.34000015258789,47.849998474121094,569900,0.0,0.0
2022-04-07 00:00:00-04:00,48.119998931884766,49.33000183105469,48.040000915527344,49.290000915527344,801900,0.0,0.0
2022-04-08 00:00:00-04:00,49.15999984741211,49.95000076293945,48.150001525878906,48.86000061035156,710900,0.0,0.0
2022-04-11 00:00:00-04:00,49.06999969482422,50.18000030517578,48.90999984741211,48.95000076293945,760300,0.0,0.0
2022-04-12 00:00:00-04:00,49.33000183105469,50.470001220703125,49.33000183105469,50.22999954223633,555600,0.0,0.0
2022-04-13 00:00:00-04:00,50.29999923706055,51.27000045776367,49.779998779296875,50.7400016784668,621800,0.0,0.0
2022-04-14 00:00:00-04:00,50.939998626708984,51.400001525878906,50.36000061035156,50.52000045776367,309900,0.0,0.0
2022-04-18 00:00:00-04:00,50.540000915527344,51.18000030517578,50.209999084472656,50.529998779296875,313700,0.0,0.0
2022-04-19 00:00:00-04:00,50.400001525878906,51.689998626708984,50.2400016784668,51.060001373291016,335300,0.0,0.0
2022-04-20 00:00:00-04:00,51.5,52.0,51.02000045776367,51.13999938964844,367200,0.0,0.0
2022-04-21 00:00:00-04:00,51.7400016784668,51.790000915527344,49.36000061035156,49.4900016784668,363700,0.0,0.0
2022-04-22 00:00:00-04:00,49.400001525878906,49.790000915527344,48.790000915527344,48.849998474121094,352600,0.0,0.0
2022-04-25 00:00:00-04:00,48.459999084472656,48.709999084472656,47.119998931884766,48.68000030517578,496200,0.0,0.0
2022-04-26 00:00:00-04:00,48.43000030517578,48.97999954223633,47.56999969482422,47.709999084472656,414800,0.0,0.0
2022-04-27 00:00:00-04:00,47.54999923706055,48.369998931884766,46.869998931884766,47.790000915527344,329700,0.0,0.0
2022-04-28 00:00:00-04:00,48.220001220703125,48.599998474121094,47.02000045776367,48.400001525878906,215300,0.0,0.0
2022-04-29 00:00:00-04:00,48.31999969482422,48.88999938964844,46.880001068115234,46.97999954223633,273700,0.0,0.0
2022-05-02 00:00:00-04:00,46.869998931884766,47.630001068115234,45.68000030517578,46.709999084472656,269600,0.0,0.0
2022-05-03 00:00:00-04:00,46.650001525878906,47.27000045776367,46.20000076293945,46.709999084472656,281900,0.0,0.0
2022-05-04 00:00:00-04:00,46.939998626708984,48.599998474121094,46.779998779296875,48.43000030517578,228400,0.0,0.0
2022-05-05 00:00:00-04:00,47.86000061035156,48.540000915527344,46.470001220703125,46.95000076293945,217500,0.0,0.0
2022-05-06 00:00:00-04:00,47.0,47.15999984741211,46.25,46.93000030517578,272900,0.0,0.0
2022-05-09 00:00:00-04:00,46.349998474121094,46.650001525878906,44.40999984741211,45.209999084472656,470900,0.0,0.0
2022-05-10 00:00:00-04:00,45.70000076293945,46.5099983215332,44.650001525878906,45.61000061035156,292200,0.0,0.0
2022-05-11 00:00:00-04:00,45.77000045776367,47.060001373291016,45.380001068115234,45.4900016784668,257200,0.0,0.0
2022-05-12 00:00:00-04:00,45.630001068115234,45.959999084472656,44.619998931884766,45.5099983215332,275200,0.0,0.0
2022-05-13 00:00:00-04:00,45.880001068115234,46.290000915527344,45.33000183105469,45.599998474121094,230400,0.0,0.0
2022-05-16 00:00:00-04:00,45.31999969482422,46.33000183105469,45.27000045776367,45.349998474121094,140700,0.0,0.0
2022-05-17 00:00:00-04:00,46.06999969482422,47.52000045776367,46.06999969482422,47.13999938964844,152700,0.0,0.0
2022-05-18 00:00:00-04:00,46.880001068115234,47.77000045776367,45.959999084472656,46.15999984741211,262300,0.0,0.0
2022-05-19 00:00:00-04:00,45.709999084472656,46.369998931884766,44.81999969482422,45.45000076293945,183900,0.0,0.0
2022-05-20 00:00:00-04:00,45.779998779296875,46.31999969482422,44.04999923706055,44.849998474121094,198200,0.0,0.0
2022-05-23 00:00:00-04:00,45.43000030517578,46.900001525878906,44.65999984741211,46.599998474121094,199300,0.0,0.0
2022-05-24 00:00:00-04:00,46.20000076293945,46.66999816894531,45.40999984741211,46.459999084472656,217700,0.0,0.0
2022-05-25 00:00:00-04:00,46.189998626708984,47.77000045776367,46.189998626708984,47.189998626708984,159000,0.0,0.0
2022-05-26 00:00:00-04:00,47.720001220703125,48.77000045776367,47.58000183105469,48.36000061035156,147200,0.0,0.0
2022-05-27 00:00:00-04:00,48.689998626708984,49.65999984741211,48.630001068115234,49.65999984741211,149600,0.0,0.0
2022-05-31 00:00:00-04:00,48.91999816894531,49.09000015258789,47.66999816894531,48.220001220703125,412900,0.0,0.0
2022-06-01 00:00:00-04:00,48.34000015258789,48.91999816894531,47.400001525878906,48.560001373291016,190000,0.0,0.0
2022-06-02 00:00:00-04:00,49.0099983215332,50.83000183105469,48.9900016784668,50.130001068115234,662000,0.0,0.0
2022-06-03 00:00:00-04:00,49.790000915527344,49.97999954223633,48.459999084472656,48.7400016784668,388900,0.0,0.0
2022-06-06 00:00:00-04:00,49.29999923706055,50.779998779296875,48.75,49.84000015258789,295900,0.0,0.0
2022-06-07 00:00:00-04:00,49.66999816894531,52.83000183105469,49.349998474121094,52.349998474121094,771100,0.0,0.0
2022-06-08 00:00:00-04:00,52.310001373291016,52.470001220703125,50.099998474121094,50.869998931884766,290600,0.0,0.0
2022-06-09 00:00:00-04:00,50.56999969482422,50.56999969482422,47.869998931884766,47.97999954223633,458600,0.0,0.0
2022-06-10 00:00:00-04:00,47.029998779296875,47.029998779296875,45.5099983215332,45.810001373291016,410800,0.0,0.0
2022-06-13 00:00:00-04:00,44.369998931884766,44.7400016784668,43.13999938964844,43.959999084472656,321400,0.0,0.0
2022-06-14 00:00:00-04:00,44.16999816894531,44.16999816894531,42.4900016784668,43.09000015258789,284300,0.0,0.0
2022-06-15 00:00:00-04:00,43.63999938964844,44.13999938964844,42.84000015258789,43.380001068115234,293800,0.0,0.0
2022-06-16 00:00:00-04:00,42.56999969482422,42.619998931884766,39.959999084472656,40.18000030517578,343200,0.0,0.0
2022-06-17 00:00:00-04:00,40.439998626708984,40.83000183105469,39.36000061035156,40.189998626708984,792800,0.0,0.0
2022-06-21 00:00:00-04:00,41.04999923706055,41.459999084472656,39.95000076293945,40.52000045776367,316100,0.0,0.0
2022-06-22 00:00:00-04:00,39.75,41.470001220703125,39.400001525878906,41.11000061035156,469700,0.0,0.0
2022-06-23 00:00:00-04:00,40.84000015258789,40.91999816894531,39.16999816894531,39.93000030517578,309800,0.0,0.0
2022-06-24 00:00:00-04:00,40.45000076293945,41.66999816894531,40.029998779296875,41.38999938964844,510700,0.0,0.0
2022-06-27 00:00:00-04:00,41.619998931884766,42.13999938964844,41.279998779296875,41.400001525878906,190300,0.0,0.0
2022-06-28 00:00:00-04:00,41.88999938964844,42.900001525878906,41.72999954223633,41.86000061035156,238800,0.0,0.0
2022-06-29 00:00:00-04:00,41.66999816894531,41.66999816894531,40.90999984741211,41.52000045776367,255500,0.0,0.0
2022-06-30 00:00:00-04:00,41.119998931884766,42.36000061035156,40.720001220703125,41.84000015258789,245700,0.0,0.0
2022-07-01 00:00:00-04:00,41.65999984741211,42.290000915527344,40.75,42.0,205600,0.0,0.0
2022-07-05 00:00:00-04:00,40.84000015258789,40.900001525878906,39.4900016784668,40.66999816894531,256300,0.0,0.0
2022-07-06 00:00:00-04:00,40.599998474121094,41.470001220703125,39.9900016784668,41.08000183105469,208000,0.0,0.0
2022-07-07 00:00:00-04:00,41.56999969482422,42.52000045776367,41.56999969482422,42.06999969482422,242800,0.0,0.0
2022-07-08 00:00:00-04:00,42.630001068115234,43.119998931884766,41.83000183105469,42.25,166200,0.0,0.0
2022-07-11 00:00:00-04:00,41.91999816894531,42.2599983215332,41.119998931884766,41.31999969482422,267600,0.0,0.0
2022-07-12 00:00:00-04:00,41.0099983215332,42.119998931884766,41.0099983215332,41.45000076293945,240600,0.0,0.0
2022-07-13 00:00:00-04:00,40.52000045776367,41.56999969482422,39.95000076293945,41.16999816894531,421500,0.0,0.0
2022-07-14 00:00:00-04:00,40.310001373291016,41.540000915527344,40.13999938964844,41.459999084472656,119900,0.0,0.0
2022-07-15 00:00:00-04:00,42.36000061035156,42.36000061035156,41.099998474121094,41.66999816894531,206500,0.0,0.0
2022-07-18 00:00:00-04:00,42.560001373291016,42.97999954223633,41.68000030517578,41.880001068115234,335700,0.0,0.0
2022-07-19 00:00:00-04:00,41.86000061035156,44.599998474121094,41.86000061035156,44.2400016784668,358500,0.0,0.0
2022-07-20 00:00:00-04:00,44.0,45.13999938964844,43.540000915527344,45.02000045776367,258500,0.0,0.0
2022-07-21 00:00:00-04:00,41.56999969482422,43.869998931884766,40.560001373291016,43.529998779296875,668900,0.0,0.0
2022-07-22 00:00:00-04:00,43.52000045776367,43.52000045776367,41.130001068115234,41.34000015258789,361300,0.0,0.0
2022-07-25 00:00:00-04:00,41.5,42.970001220703125,41.04999923706055,42.31999969482422,374100,0.0,0.0
2022-07-26 00:00:00-04:00,42.61000061035156,43.959999084472656,42.27000045776367,42.279998779296875,328500,0.0,0.0
2022-07-27 00:00:00-04:00,43.08000183105469,43.939998626708984,42.459999084472656,43.630001068115234,274400,0.0,0.0
2022-07-28 00:00:00-04:00,43.63999938964844,44.220001220703125,43.16999816894531,44.18000030517578,244200,0.0,0.0
2022-07-29 00:00:00-04:00,43.95000076293945,44.93000030517578,43.95000076293945,44.529998779296875,336700,0.0,0.0
2022-08-01 00:00:00-04:00,44.529998779296875,45.38999938964844,44.06999969482422,44.84000015258789,336400,0.0,0.0
2022-08-02 00:00:00-04:00,44.54999923706055,45.40999984741211,44.29999923706055,44.779998779296875,210500,0.0,0.0
2022-08-03 00:00:00-04:00,44.959999084472656,45.40999984741211,43.720001220703125,44.75,214400,0.0,0.0
2022-08-04 00:00:00-04:00,45.060001373291016,45.56999969482422,44.619998931884766,45.04999923706055,191700,0.0,0.0
2022-08-05 00:00:00-04:00,44.36000061035156,45.29999923706055,43.7400016784668,45.130001068115234,260800,0.0,0.0
2022-08-08 00:00:00-04:00,45.220001220703125,45.93000030517578,44.59000015258789,45.040000915527344,207800,0.0,0.0
2022-08-09 00:00:00-04:00,45.189998626708984,45.560001373291016,44.68000030517578,45.54999923706055,219000,0.0,0.0
2022-08-10 00:00:00-04:00,46.25,47.22999954223633,46.25,46.630001068115234,337700,0.0,0.0
2022-08-11 00:00:00-04:00,46.75,47.279998779296875,46.119998931884766,46.31999969482422,126900,0.0,0.0
2022-08-12 00:00:00-04:00,46.83000183105469,47.189998626708984,46.18000030517578,47.099998474121094,90100,0.0,0.0
2022-08-15 00:00:00-04:00,46.81999969482422,47.91999816894531,46.81999969482422,47.88999938964844,164700,0.0,0.0
2022-08-16 00:00:00-04:00,47.560001373291016,48.08000183105469,47.2400016784668,47.83000183105469,354000,0.0,0.0
2022-08-17 00:00:00-04:00,47.65999984741211,47.65999984741211,47.0,47.130001068115234,153400,0.0,0.0
2022-08-18 00:00:00-04:00,47.029998779296875,47.709999084472656,47.029998779296875,47.34000015258789,93600,0.0,0.0
2022-08-19 00:00:00-04:00,47.279998779296875,47.279998779296875,46.40999984741211,46.540000915527344,149200,0.0,0.0
2022-08-22 00:00:00-04:00,45.900001525878906,45.900001525878906,44.900001525878906,45.060001373291016,162900,0.0,0.0
2022-08-23 00:00:00-04:00,45.15999984741211,45.810001373291016,44.959999084472656,45.2599983215332,169200,0.0,0.0
2022-08-24 00:00:00-04:00,45.61000061035156,46.209999084472656,45.54999923706055,45.939998626708984,99700,0.0,0.0
2022-08-25 00:00:00-04:00,45.93000030517578,47.220001220703125,45.93000030517578,46.470001220703125,247700,0.0,0.0
2022-08-26 00:00:00-04:00,46.84000015258789,46.97999954223633,44.72999954223633,44.81999969482422,136300,0.0,0.0
2022-08-29 00:00:00-04:00,44.20000076293945,44.790000915527344,43.97999954223633,44.689998626708984,230100,0.0,0.0
2022-08-30 00:00:00-04:00,45.119998931884766,45.25,43.40999984741211,43.599998474121094,123900,0.0,0.0
2022-08-31 00:00:00-04:00,43.43000030517578,43.56999969482422,42.7599983215332,42.880001068115234,212200,0.0,0.0
2022-09-01 00:00:00-04:00,42.65999984741211,42.65999984741211,41.380001068115234,41.97999954223633,186600,0.0,0.0
2022-09-02 00:00:00-04:00,42.77000045776367,43.470001220703125,42.130001068115234,42.56999969482422,222500,0.0,0.0
2022-09-06 00:00:00-04:00,42.790000915527344,42.97999954223633,41.93000030517578,42.29999923706055,222800,0.0,0.0
2022-09-07 00:00:00-04:00,42.119998931884766,42.56999969482422,41.369998931884766,42.43000030517578,196000,0.0,0.0
2022-09-08 00:00:00-04:00,42.029998779296875,42.16999816894531,41.41999816894531,41.88999938964844,158800,0.0,0.0
2022-09-09 00:00:00-04:00,42.25,43.06999969482422,42.02000045776367,43.029998779296875,140300,0.0,0.0
2022-09-12 00:00:00-04:00,43.209999084472656,43.900001525878906,42.900001525878906,43.61000061035156,192100,0.0,0.0
2022-09-13 00:00:00-04:00,42.58000183105469,42.70000076293945,41.0,41.27000045776367,192400,0.0,0.0
2022-09-14 00:00:00-04:00,41.38999938964844,41.810001373291016,40.310001373291016,41.0,303900,0.0,0.0
2022-09-15 00:00:00-04:00,40.619998931884766,40.63999938964844,39.619998931884766,39.849998474121094,456900,0.0,0.0
2022-09-16 00:00:00-04:00,39.150001525878906,39.150001525878906,37.91999816894531,38.33000183105469,1042800,0.0,0.0
2022-09-19 00:00:00-04:00,38.310001373291016,40.029998779296875,38.310001373291016,39.689998626708984,270700,0.0,0.0
2022-09-20 00:00:00-04:00,39.36000061035156,39.599998474121094,38.90999984741211,39.52000045776367,199000,0.0,0.0
2022-09-21 00:00:00-04:00,40.15999984741211,40.43000030517578,38.900001525878906,38.95000076293945,242900,0.0,0.0
2022-09-22 00:00:00-04:00,38.77000045776367,38.77000045776367,37.4900016784668,38.02000045776367,208000,0.0,0.0
2022-09-23 00:00:00-04:00,36.5099983215332,36.540000915527344,33.75,35.310001373291016,879000,0.0,0.0
2022-09-26 00:00:00-04:00,34.880001068115234,35.72999954223633,34.5099983215332,34.970001220703125,608300,0.0,0.0
2022-09-27 00:00:00-04:00,35.36000061035156,36.29999923706055,34.880001068115234,35.0099983215332,384700,0.0,0.0
2022-09-28 00:00:00-04:00,35.2599983215332,36.38999938964844,34.849998474121094,35.91999816894531,296900,0.0,0.0
2022-09-29 00:00:00-04:00,35.720001220703125,36.060001373291016,34.939998626708984,35.77000045776367,312200,0.0,0.0
2022-09-30 00:00:00-04:00,35.65999984741211,36.599998474121094,35.4900016784668,35.81999969482422,497000,0.0,0.0
2022-10-03 00:00:00-04:00,36.599998474121094,37.34000015258789,36.08000183105469,36.900001525878906,259800,0.0,0.0
2022-10-04 00:00:00-04:00,37.65999984741211,38.31999969482422,37.65999984741211,38.310001373291016,241100,0.0,0.0
2022-10-05 00:00:00-04:00,37.61000061035156,38.560001373291016,37.220001220703125,38.31999969482422,233900,0.0,0.0
2022-10-06 00:00:00-04:00,38.15999984741211,38.54999923706055,37.72999954223633,38.119998931884766,260000,0.0,0.0
2022-10-07 00:00:00-04:00,37.81999969482422,38.58000183105469,37.5,38.279998779296875,241200,0.0,0.0
2022-10-10 00:00:00-04:00,38.79999923706055,39.369998931884766,38.310001373291016,38.34000015258789,166100,0.0,0.0
2022-10-11 00:00:00-04:00,38.20000076293945,39.150001525878906,38.0,38.459999084472656,274600,0.0,0.0
2022-10-12 00:00:00-04:00,38.47999954223633,38.47999954223633,37.4900016784668,38.18000030517578,214200,0.0,0.0
2022-10-13 00:00:00-04:00,37.439998626708984,39.630001068115234,37.189998626708984,39.400001525878906,216500,0.0,0.0
2022-10-14 00:00:00-04:00,39.4900016784668,39.599998474121094,38.29999923706055,38.369998931884766,194500,0.0,0.0
2022-10-17 00:00:00-04:00,39.20000076293945,39.720001220703125,38.900001525878906,39.58000183105469,328200,0.0,0.0
2022-10-18 00:00:00-04:00,40.18000030517578,41.310001373291016,40.02000045776367,40.59000015258789,313900,0.0,0.0
2022-10-19 00:00:00-04:00,40.58000183105469,42.0099983215332,40.58000183105469,41.25,289500,0.0,0.0
2022-10-20 00:00:00-04:00,41.45000076293945,41.97999954223633,41.33000183105469,41.66999816894531,353000,0.0,0.0
2022-10-21 00:00:00-04:00,41.880001068115234,43.130001068115234,41.65999984741211,42.709999084472656,305100,0.0,0.0
2022-10-24 00:00:00-04:00,43.18000030517578,43.36000061035156,42.40999984741211,43.06999969482422,259400,0.0,0.0
2022-10-25 00:00:00-04:00,42.880001068115234,43.77000045776367,42.83000183105469,43.40999984741211,282400,0.0,0.0
2022-10-26 00:00:00-04:00,43.59000015258789,44.38999938964844,43.189998626708984,43.41999816894531,230600,0.0,0.0
2022-10-27 00:00:00-04:00,44.060001373291016,45.16999816894531,43.70000076293945,44.209999084472656,236500,0.0,0.0
2022-10-28 00:00:00-04:00,44.45000076293945,45.209999084472656,43.88999938964844,44.97999954223633,216200,0.0,0.0
2022-10-31 00:00:00-04:00,44.619998931884766,45.29999923706055,44.18000030517578,44.31999969482422,394700,0.0,0.0
2022-11-01 00:00:00-04:00,44.86000061035156,45.560001373291016,44.599998474121094,44.939998626708984,280100,0.0,0.0
2022-11-02 00:00:00-04:00,44.52000045776367,44.66999816894531,42.63999938964844,42.63999938964844,290900,0.0,0.0
2022-11-03 00:00:00-04:00,41.970001220703125,42.97999954223633,41.849998474121094,42.459999084472656,239800,0.0,0.0
2022-11-04 00:00:00-04:00,43.060001373291016,43.40999984741211,42.279998779296875,43.06999969482422,269900,0.0,0.0
2022-11-07 00:00:00-05:00,43.27000045776367,43.91999816894531,43.02000045776367,43.849998474121094,220200,0.0,0.0
2022-11-08 00:00:00-05:00,43.97999954223633,44.70000076293945,43.7400016784668,44.290000915527344,262500,0.0,0.0
2022-11-09 00:00:00-05:00,43.9900016784668,44.45000076293945,43.52000045776367,43.56999969482422,129400,0.0,0.0
2022-11-10 00:00:00-05:00,45.16999816894531,45.86000061035156,44.790000915527344,45.810001373291016,166000,0.0,0.0
2022-11-11 00:00:00-05:00,45.650001525878906,46.06999969482422,44.63999938964844,44.91999816894531,156500,0.0,0.0
2022-11-14 00:00:00-05:00,44.619998931884766,44.90999984741211,43.95000076293945,44.290000915527344,140100,0.0,0.0
2022-11-15 00:00:00-05:00,44.65999984741211,45.34000015258789,43.939998626708984,45.09000015258789,372700,0.0,0.0
2022-11-16 00:00:00-05:00,44.779998779296875,45.72999954223633,44.540000915527344,45.459999084472656,197400,0.0,0.0
2022-11-17 00:00:00-05:00,45.0,46.11000061035156,44.91999816894531,46.040000915527344,173000,0.0,0.0
2022-11-18 00:00:00-05:00,46.75,46.75,45.45000076293945,46.0099983215332,189300,0.0,0.0
2022-11-21 00:00:00-05:00,45.79999923706055,46.27000045776367,45.36000061035156,46.060001373291016,112000,0.0,0.0
2022-11-22 00:00:00-05:00,46.560001373291016,46.68000030517578,46.16999816894531,46.68000030517578,90500,0.0,0.0
2022-11-23 00:00:00-05:00,46.529998779296875,46.83000183105469,46.119998931884766,46.459999084472656,96900,0.0,0.0
2022-11-25 00:00:00-05:00,46.470001220703125,46.66999816894531,46.13999938964844,46.54999923706055,81800,0.0,0.0
2022-11-28 00:00:00-05:00,46.040000915527344,46.290000915527344,44.83000183105469,44.97999954223633,102700,0.0,0.0
2022-11-29 00:00:00-05:00,45.0,45.41999816894531,44.939998626708984,45.29999923706055,103000,0.0,0.0
2022-11-30 00:00:00-05:00,45.209999084472656,46.58000183105469,44.77000045776367,46.560001373291016,230600,0.0,0.0
2022-12-01 00:00:00-05:00,46.70000076293945,47.20000076293945,46.31999969482422,46.93000030517578,141300,0.0,0.0
2022-12-02 00:00:00-05:00,46.31999969482422,47.81999969482422,46.31999969482422,47.560001373291016,109500,0.0,0.0
2022-12-05 00:00:00-05:00,47.61000061035156,47.630001068115234,46.810001373291016,46.91999816894531,127800,0.0,0.0
2022-12-06 00:00:00-05:00,47.27000045776367,47.27000045776367,45.630001068115234,46.189998626708984,128400,0.0,0.0
2022-12-07 00:00:00-05:00,45.959999084472656,46.900001525878906,45.720001220703125,46.40999984741211,177900,0.0,0.0
2022-12-08 00:00:00-05:00,46.869998931884766,47.40999984741211,46.11000061035156,46.22999954223633,135500,0.0,0.0
2022-12-09 00:00:00-05:00,45.970001220703125,46.27000045776367,45.41999816894531,45.41999816894531,107200,0.0,0.0
2022-12-12 00:00:00-05:00,45.40999984741211,46.25,45.18000030517578,46.22999954223633,179300,0.0,0.0
2022-12-13 00:00:00-05:00,47.09000015258789,47.290000915527344,45.81999969482422,45.95000076293945,175600,0.0,0.0
2022-12-14 00:00:00-05:00,46.04999923706055,46.09000015258789,45.130001068115234,45.4900016784668,138600,0.0,0.0
2022-12-15 00:00:00-05:00,45.0,45.0,43.380001068115234,43.47999954223633,166500,0.0,0.0
2022-12-16 00:00:00-05:00,42.95000076293945,44.66999816894531,42.849998474121094,44.4900016784668,688500,0.0,0.0
2022-12-19 00:00:00-05:00,44.349998474121094,45.58000183105469,44.349998474121094,44.59000015258789,354200,0.0,0.0
2022-12-20 00:00:00-05:00,44.4900016784668,45.459999084472656,44.25,45.209999084472656,195600,0.0,0.0
2022-12-21 00:00:00-05:00,45.310001373291016,45.4900016784668,41.16999816894531,43.119998931884766,700500,0.0,0.0
2022-12-22 00:00:00-05:00,42.349998474121094,42.40999984741211,41.529998779296875,42.04999923706055,456700,0.0,0.0
2022-12-23 00:00:00-05:00,42.29999923706055,42.90999984741211,42.20000076293945,42.88999938964844,186200,0.0,0.0
2022-12-27 00:00:00-05:00,43.5,44.5,43.099998474121094,44.310001373291016,288100,0.0,0.0
2022-12-28 00:00:00-05:00,44.13999938964844,44.38999938964844,43.599998474121094,43.689998626708984,187600,0.0,0.0
2022-12-29 00:00:00-05:00,43.95000076293945,44.70000076293945,43.95000076293945,44.70000076293945,201800,0.0,0.0
2022-12-30 00:00:00-05:00,44.59000015258789,44.970001220703125,44.400001525878906,44.900001525878906,166700,0.0,0.0
2023-01-03 00:00:00-05:00,45.09000015258789,45.58000183105469,44.209999084472656,44.599998474121094,260300,0.0,0.0
2023-01-04 00:00:00-05:00,44.560001373291016,45.65999984741211,44.560001373291016,45.2400016784668,258400,0.0,0.0
2023-01-05 00:00:00-05:00,44.86000061035156,45.040000915527344,44.5,44.81999969482422,132600,0.0,0.0
2023-01-06 00:00:00-05:00,45.20000076293945,46.52000045776367,45.20000076293945,46.09000015258789,301300,0.0,0.0
2023-01-09 00:00:00-05:00,46.84000015258789,47.150001525878906,45.939998626708984,46.18000030517578,372900,0.0,0.0
2023-01-10 00:00:00-05:00,45.95000076293945,46.90999984741211,45.65999984741211,46.83000183105469,159800,0.0,0.0
2023-01-11 00:00:00-05:00,46.90999984741211,48.40999984741211,46.90999984741211,48.400001525878906,164800,0.0,0.0
2023-01-12 00:00:00-05:00,48.709999084472656,49.5,48.13999938964844,49.470001220703125,232800,0.0,0.0
2023-01-13 00:00:00-05:00,48.88999938964844,49.65999984741211,48.709999084472656,49.25,253500,0.0,0.0
2023-01-17 00:00:00-05:00,49.150001525878906,49.61000061035156,48.810001373291016,49.2599983215332,264400,0.0,0.0
2023-01-18 00:00:00-05:00,49.40999984741211,50.130001068115234,48.54999923706055,48.54999923706055,282600,0.0,0.0
2023-01-19 00:00:00-05:00,48.060001373291016,48.439998626708984,47.0,48.040000915527344,278300,0.0,0.0
2023-01-20 00:00:00-05:00,48.380001068115234,48.45000076293945,47.650001525878906,48.20000076293945,234700,0.0,0.0
2023-01-23 00:00:00-05:00,48.119998931884766,48.33000183105469,47.84000015258789,48.25,216600,0.0,0.0
2023-01-24 00:00:00-05:00,48.31999969482422,48.38999938964844,47.869998931884766,48.150001525878906,143000,0.0,0.0
2023-01-25 00:00:00-05:00,47.72999954223633,49.4900016784668,47.68000030517578,49.470001220703125,151200,0.0,0.0
2023-01-26 00:00:00-05:00,49.599998474121094,50.52000045776367,49.27000045776367,50.4900016784668,236600,0.0,0.0
2023-01-27 00:00:00-05:00,50.459999084472656,50.90999984741211,49.720001220703125,50.20000076293945,192500,0.0,0.0
2023-01-30 00:00:00-05:00,49.939998626708984,50.529998779296875,49.72999954223633,49.90999984741211,202300,0.0,0.0
2023-01-31 00:00:00-05:00,50.13999938964844,51.439998626708984,50.09000015258789,51.439998626708984,220900,0.0,0.0
2023-02-01 00:00:00-05:00,51.5,52.400001525878906,51.04999923706055,52.029998779296875,178700,0.0,0.0
2023-02-02 00:00:00-05:00,52.130001068115234,52.7400016784668,51.66999816894531,52.099998474121094,235700,0.0,0.0
2023-02-03 00:00:00-05:00,51.880001068115234,52.84000015258789,51.880001068115234,51.939998626708984,237200,0.0,0.0
2023-02-06 00:00:00-05:00,51.66999816894531,52.15999984741211,50.849998474121094,51.4900016784668,132900,0.0,0.0
2023-02-07 00:00:00-05:00,51.470001220703125,52.400001525878906,51.13999938964844,52.2400016784668,177200,0.0,0.0
2023-02-08 00:00:00-05:00,51.72999954223633,52.13999938964844,51.59000015258789,51.93000030517578,172100,0.0,0.0
2023-02-09 00:00:00-05:00,52.2400016784668,52.470001220703125,50.7599983215332,50.7599983215332,122700,0.0,0.0
2023-02-10 00:00:00-05:00,50.619998931884766,51.54999923706055,50.16999816894531,51.40999984741211,129800,0.0,0.0
2023-02-13 00:00:00-05:00,51.38999938964844,52.36000061035156,51.11000061035156,52.209999084472656,126000,0.0,0.0
2023-02-14 00:00:00-05:00,51.91999816894531,53.86000061035156,51.619998931884766,53.650001525878906,267300,0.0,0.0
2023-02-15 00:00:00-05:00,53.459999084472656,54.7599983215332,52.91999816894531,54.7400016784668,339400,0.0,0.0
2023-02-16 00:00:00-05:00,53.880001068115234,54.630001068115234,53.650001525878906,54.40999984741211,174400,0.0,0.0
2023-02-17 00:00:00-05:00,54.540000915527344,54.970001220703125,53.810001373291016,54.41999816894531,263900,0.0,0.0
2023-02-21 00:00:00-05:00,54.25,54.33000183105469,53.0,53.439998626708984,171800,0.0,0.0
2023-02-22 00:00:00-05:00,53.31999969482422,54.83000183105469,53.22999954223633,53.939998626708984,213300,0.0,0.0
2023-02-23 00:00:00-05:00,54.08000183105469,55.040000915527344,53.93000030517578,55.0,199400,0.0,0.0
2023-02-24 00:00:00-05:00,54.34000015258789,54.709999084472656,53.95000076293945,54.709999084472656,156800,0.0,0.0
2023-02-27 00:00:00-05:00,55.13999938964844,55.5,54.77000045776367,54.90999984741211,116000,0.0,0.0
2023-02-28 00:00:00-05:00,54.869998931884766,54.91999816894531,54.08000183105469,54.38999938964844,218100,0.0,0.0
2023-03-01 00:00:00-05:00,54.29999923706055,55.2400016784668,53.7599983215332,55.189998626708984,139800,0.0,0.0
2023-03-02 00:00:00-05:00,54.900001525878906,56.34000015258789,54.79999923706055,56.06999969482422,180100,0.0,0.0
2023-03-03 00:00:00-05:00,56.40999984741211,56.709999084472656,55.70000076293945,56.599998474121094,138900,0.0,0.0
2023-03-06 00:00:00-05:00,56.599998474121094,56.599998474121094,54.630001068115234,54.939998626708984,206900,0.0,0.0
2023-03-07 00:00:00-05:00,55.08000183105469,55.45000076293945,54.59000015258789,54.68000030517578,237300,0.0,0.0
2023-03-08 00:00:00-05:00,54.77000045776367,54.900001525878906,53.959999084472656,54.66999816894531,178000,0.0,0.0
2023-03-09 00:00:00-05:00,54.79999923706055,55.59000015258789,53.81999969482422,53.95000076293945,223700,0.0,0.0
2023-03-10 00:00:00-05:00,53.68000030517578,53.709999084472656,51.97999954223633,52.58000183105469,203600,0.0,0.0
2023-03-13 00:00:00-04:00,51.369998931884766,52.099998474121094,50.72999954223633,51.810001373291016,215100,0.0,0.0
2023-03-14 00:00:00-04:00,53.290000915527344,53.72999954223633,52.27000045776367,52.86000061035156,168200,0.0,0.0
2023-03-15 00:00:00-04:00,51.279998779296875,52.0099983215332,49.060001373291016,50.75,359500,0.0,0.0
2023-03-16 00:00:00-04:00,49.91999816894531,52.5,49.75,52.279998779296875,288500,0.0,0.0
2023-03-17 00:00:00-04:00,51.83000183105469,51.83000183105469,50.310001373291016,50.63999938964844,892600,0.0,0.0
2023-03-20 00:00:00-04:00,51.43000030517578,52.880001068115234,51.43000030517578,51.86000061035156,220400,0.0,0.0
2023-03-21 00:00:00-04:00,52.93000030517578,53.25,52.380001068115234,52.619998931884766,272000,0.0,0.0
2023-03-22 00:00:00-04:00,53.540000915527344,56.86000061035156,52.540000915527344,55.2599983215332,456500,0.0,0.0
2023-03-23 00:00:00-04:00,55.5,55.5099983215332,53.400001525878906,53.84000015258789,259400,0.0,0.0
2023-03-24 00:00:00-04:00,53.189998626708984,54.689998626708984,52.84000015258789,54.650001525878906,309400,0.0,0.0
2023-03-27 00:00:00-04:00,55.09000015258789,55.18000030517578,54.29999923706055,54.54999923706055,190800,0.0,0.0
2023-03-28 00:00:00-04:00,54.25,55.060001373291016,53.84000015258789,54.90999984741211,178800,0.0,0.0
2023-03-29 00:00:00-04:00,55.27000045776367,55.27000045776367,54.189998626708984,54.75,279900,0.0,0.0
2023-03-30 00:00:00-04:00,54.79999923706055,54.900001525878906,54.0099983215332,54.47999954223633,169200,0.0,0.0
2023-03-31 00:00:00-04:00,54.790000915527344,55.2599983215332,54.22999954223633,54.54999923706055,270600,0.0,0.0
2023-04-03 00:00:00-04:00,54.63999938964844,55.27000045776367,54.41999816894531,55.20000076293945,266900,0.0,0.0
2023-04-04 00:00:00-04:00,55.11000061035156,55.11000061035156,53.02000045776367,53.31999969482422,204300,0.0,0.0
2023-04-05 00:00:00-04:00,52.97999954223633,53.279998779296875,52.43000030517578,53.02000045776367,202400,0.0,0.0
2023-04-06 00:00:00-04:00,53.220001220703125,53.5,52.58000183105469,53.31999969482422,149100,0.0,0.0
2023-04-10 00:00:00-04:00,53.0,53.790000915527344,53.0,53.43000030517578,268600,0.0,0.0
2023-04-11 00:00:00-04:00,53.63999938964844,54.220001220703125,53.31999969482422,53.56999969482422,213000,0.0,0.0
2023-04-12 00:00:00-04:00,53.90999984741211,54.709999084472656,53.7400016784668,54.41999816894531,124300,0.0,0.0
2023-04-13 00:00:00-04:00,54.560001373291016,54.880001068115234,54.0,54.790000915527344,105900,0.0,0.0
2023-04-14 00:00:00-04:00,54.5,54.70000076293945,53.709999084472656,54.130001068115234,138300,0.0,0.0
2023-04-17 00:00:00-04:00,54.459999084472656,54.75,53.959999084472656,54.33000183105469,80100,0.0,0.0
2023-04-18 00:00:00-04:00,54.54999923706055,55.189998626708984,54.20000076293945,54.54999923706055,96200,0.0,0.0
2023-04-19 00:00:00-04:00,54.47999954223633,54.790000915527344,54.33000183105469,54.529998779296875,115400,0.0,0.0
2023-04-20 00:00:00-04:00,54.43000030517578,54.849998474121094,53.83000183105469,54.47999954223633,131500,0.0,0.0
2023-04-21 00:00:00-04:00,54.720001220703125,54.79999923706055,53.9900016784668,54.25,140200,0.0,0.0
2023-04-24 00:00:00-04:00,54.220001220703125,54.529998779296875,53.880001068115234,53.880001068115234,103400,0.0,0.0
2023-04-25 00:00:00-04:00,53.40999984741211,53.619998931884766,52.599998474121094,52.709999084472656,131000,0.0,0.0
2023-04-26 00:00:00-04:00,52.31999969482422,52.63999938964844,51.22999954223633,51.36000061035156,132300,0.0,0.0
2023-04-27 00:00:00-04:00,51.54999923706055,52.36000061035156,51.380001068115234,52.27000045776367,126800,0.0,0.0
2023-04-28 00:00:00-04:00,52.04999923706055,52.90999984741211,52.04999923706055,52.779998779296875,133900,0.0,0.0
2023-05-01 00:00:00-04:00,52.59000015258789,54.20000076293945,52.59000015258789,53.790000915527344,192300,0.0,0.0
2023-05-02 00:00:00-04:00,53.7400016784668,54.08000183105469,52.529998779296875,53.75,116400,0.0,0.0
2023-05-03 00:00:00-04:00,53.7599983215332,54.43000030517578,53.47999954223633,53.84000015258789,161100,0.0,0.0
2023-05-04 00:00:00-04:00,53.31999969482422,53.31999969482422,50.91999816894531,51.7400016784668,91400,0.0,0.0
2023-05-05 00:00:00-04:00,52.380001068115234,53.279998779296875,52.099998474121094,53.130001068115234,127500,0.0,0.0
2023-05-08 00:00:00-04:00,53.130001068115234,53.130001068115234,51.849998474121094,52.52000045776367,96300,0.0,0.0
2023-05-09 00:00:00-04:00,52.58000183105469,52.86000061035156,52.22999954223633,52.29999923706055,130000,0.0,0.0
2023-05-10 00:00:00-04:00,52.93000030517578,52.970001220703125,52.15999984741211,52.56999969482422,114500,0.0,0.0
2023-05-11 00:00:00-04:00,52.040000915527344,52.47999954223633,51.619998931884766,52.43000030517578,100600,0.0,0.0
2023-05-12 00:00:00-04:00,52.5099983215332,52.869998931884766,51.380001068115234,51.68000030517578,114900,0.0,0.0
2023-05-15 00:00:00-04:00,51.86000061035156,53.220001220703125,51.369998931884766,53.099998474121094,127900,0.0,0.0
2023-05-16 00:00:00-04:00,52.790000915527344,53.13999938964844,51.91999816894531,52.630001068115234,88600,0.0,0.0
2023-05-17 00:00:00-04:00,53.220001220703125,54.150001525878906,52.9900016784668,53.849998474121094,122000,0.0,0.0
2023-05-18 00:00:00-04:00,53.65999984741211,54.25,53.43000030517578,54.13999938964844,89700,0.0,0.0
2023-05-19 00:00:00-04:00,54.20000076293945,54.2599983215332,52.959999084472656,53.27000045776367,210400,0.0,0.0
2023-05-22 00:00:00-04:00,53.2599983215332,54.040000915527344,53.189998626708984,53.970001220703125,105400,0.0,0.0
2023-05-23 00:00:00-04:00,53.619998931884766,54.400001525878906,53.189998626708984,53.43000030517578,102800,0.0,0.0
2023-05-24 00:00:00-04:00,53.029998779296875,53.029998779296875,52.209999084472656,52.41999816894531,117500,0.0,0.0
2023-05-25 00:00:00-04:00,52.119998931884766,52.40999984741211,51.439998626708984,51.709999084472656,114700,0.0,0.0
2023-05-26 00:00:00-04:00,51.58000183105469,52.43000030517578,51.58000183105469,52.220001220703125,87000,0.0,0.0
2023-05-30 00:00:00-04:00,52.08000183105469,52.41999816894531,51.400001525878906,51.689998626708984,77000,0.0,0.0
2023-05-31 00:00:00-04:00,51.5,51.5,50.08000183105469,50.11000061035156,146200,0.0,0.0
2023-06-01 00:00:00-04:00,50.349998474121094,51.65999984741211,50.060001373291016,51.5099983215332,102900,0.0,0.0
2023-06-02 00:00:00-04:00,52.27000045776367,54.2400016784668,52.27000045776367,54.130001068115234,118400,0.0,0.0
2023-06-05 00:00:00-04:00,53.720001220703125,54.0,51.47999954223633,51.84000015258789,123200,0.0,0.0
2023-06-06 00:00:00-04:00,51.900001525878906,54.06999969482422,51.900001525878906,53.54999923706055,196500,0.0,0.0
2023-06-07 00:00:00-04:00,53.880001068115234,55.56999969482422,53.880001068115234,55.130001068115234,166000,0.0,0.0
2023-06-08 00:00:00-04:00,54.81999969482422,55.40999984741211,54.689998626708984,54.959999084472656,148600,0.0,0.0
2023-06-09 00:00:00-04:00,54.709999084472656,55.630001068115234,54.470001220703125,55.18000030517578,219000,0.0,0.0
2023-06-12 00:00:00-04:00,55.08000183105469,55.13999938964844,54.40999984741211,54.849998474121094,192100,0.0,0.0
2023-06-13 00:00:00-04:00,55.27000045776367,56.36000061035156,54.939998626708984,56.09000015258789,196100,0.0,0.0
2023-06-14 00:00:00-04:00,56.400001525878906,56.400001525878906,55.27000045776367,55.5099983215332,193500,0.0,0.0
2023-06-15 00:00:00-04:00,55.5,55.849998474121094,54.86000061035156,55.810001373291016,219600,0.0,0.0
2023-06-16 00:00:00-04:00,56.279998779296875,56.29999923706055,54.880001068115234,55.45000076293945,734800,0.0,0.0
2023-06-20 00:00:00-04:00,55.68000030517578,55.880001068115234,54.880001068115234,55.279998779296875,247600,0.0,0.0
2023-06-21 00:00:00-04:00,55.09000015258789,57.47999954223633,55.09000015258789,57.27000045776367,212700,0.0,0.0
2023-06-22 00:00:00-04:00,57.27000045776367,57.27000045776367,56.11000061035156,56.349998474121094,131100,0.0,0.0
2023-06-23 00:00:00-04:00,55.79999923706055,56.33000183105469,54.970001220703125,55.119998931884766,375300,0.0,0.0
2023-06-26 00:00:00-04:00,55.0,55.68000030517578,54.70000076293945,55.220001220703125,188400,0.0,0.0
2023-06-27 00:00:00-04:00,55.380001068115234,56.70000076293945,55.380001068115234,56.5,119900,0.0,0.0
2023-06-28 00:00:00-04:00,56.72999954223633,56.88999938964844,56.08000183105469,56.81999969482422,106500,0.0,0.0
2023-06-29 00:00:00-04:00,57.04999923706055,57.95000076293945,57.040000915527344,57.93000030517578,93000,0.0,0.0
2023-06-30 00:00:00-04:00,58.36000061035156,58.36000061035156,57.68000030517578,57.7599983215332,104400,0.0,0.0
2023-07-03 00:00:00-04:00,57.380001068115234,57.97999954223633,57.380001068115234,57.68000030517578,69000,0.0,0.0
2023-07-05 00:00:00-04:00,57.380001068115234,57.849998474121094,56.70000076293945,57.59000015258789,124600,0.0,0.0
2023-07-06 00:00:00-04:00,57.09000015258789,57.349998474121094,56.0,56.9900016784668,276600,0.0,0.0
2023-07-07 00:00:00-04:00,57.369998931884766,57.83000183105469,57.20000076293945,57.36000061035156,107900,0.0,0.0
2023-07-10 00:00:00-04:00,57.31999969482422,58.349998474121094,57.31999969482422,58.33000183105469,132500,0.0,0.0
2023-07-11 00:00:00-04:00,58.56999969482422,58.880001068115234,58.0099983215332,58.029998779296875,119100,0.0,0.0
2023-07-12 00:00:00-04:00,58.7400016784668,58.880001068115234,57.869998931884766,57.869998931884766,182400,0.0,0.0
2023-07-13 00:00:00-04:00,58.029998779296875,58.52000045776367,57.81999969482422,58.349998474121094,132600,0.0,0.0
2023-07-14 00:00:00-04:00,58.349998474121094,58.849998474121094,57.630001068115234,58.34000015258789,162700,0.0,0.0
2023-07-17 00:00:00-04:00,58.15999984741211,59.06999969482422,58.15999984741211,58.400001525878906,197000,0.0,0.0
2023-07-18 00:00:00-04:00,58.650001525878906,60.13999938964844,58.650001525878906,59.81999969482422,271500,0.0,0.0
2023-07-19 00:00:00-04:00,62.61000061035156,63.880001068115234,58.439998626708984,58.75,472000,0.0,0.0
2023-07-20 00:00:00-04:00,59.27000045776367,59.790000915527344,58.369998931884766,59.75,263700,0.0,0.0
2023-07-21 00:00:00-04:00,60.119998931884766,60.41999816894531,59.4900016784668,60.0,346300,0.0,0.0
2023-07-24 00:00:00-04:00,59.810001373291016,60.0099983215332,58.27000045776367,58.27000045776367,170000,0.0,0.0
2023-07-25 00:00:00-04:00,57.61000061035156,58.81999969482422,57.29999923706055,58.470001220703125,260700,0.0,0.0
2023-07-26 00:00:00-04:00,58.20000076293945,58.79999923706055,57.779998779296875,57.81999969482422,236800,0.0,0.0
2023-07-27 00:00:00-04:00,58.06999969482422,58.7599983215332,57.7400016784668,58.209999084472656,177200,0.0,0.0
2023-07-28 00:00:00-04:00,58.27000045776367,58.9900016784668,58.2400016784668,58.29999923706055,191900,0.0,0.0
2023-07-31 00:00:00-04:00,58.310001373291016,59.79999923706055,58.29999923706055,59.79999923706055,247000,0.0,0.0
2023-08-01 00:00:00-04:00,59.630001068115234,60.22999954223633,59.13999938964844,59.93000030517578,243300,0.0,0.0
2023-08-02 00:00:00-04:00,59.2400016784668,59.720001220703125,58.810001373291016,59.0,95700,0.0,0.0
2023-08-03 00:00:00-04:00,59.0,59.599998474121094,58.36000061035156,59.2400016784668,133800,0.0,0.0
2023-08-04 00:00:00-04:00,59.540000915527344,60.540000915527344,59.2599983215332,59.959999084472656,256600,0.0,0.0
2023-08-07 00:00:00-04:00,60.13999938964844,61.22999954223633,59.63999938964844,60.84000015258789,171800,0.0,0.0
2023-08-08 00:00:00-04:00,60.369998931884766,61.0,60.22999954223633,60.58000183105469,104200,0.0,0.0
2023-08-09 00:00:00-04:00,60.70000076293945,60.70000076293945,59.540000915527344,59.88999938964844,136300,0.0,0.0
2023-08-10 00:00:00-04:00,60.11000061035156,60.45000076293945,58.90999984741211,59.5099983215332,195000,0.0,0.0
2023-08-11 00:00:00-04:00,59.54999923706055,60.2599983215332,59.349998474121094,60.09000015258789,118700,0.0,0.0
2023-08-14 00:00:00-04:00,59.91999816894531,60.31999969482422,59.439998626708984,59.689998626708984,107800,0.0,0.0
2023-08-15 00:00:00-04:00,59.5,59.650001525878906,58.88999938964844,59.279998779296875,102700,0.0,0.0
2023-08-16 00:00:00-04:00,59.33000183105469,59.97999954223633,58.75,58.869998931884766,81000,0.0,0.0
2023-08-17 00:00:00-04:00,59.16999816894531,59.41999816894531,58.650001525878906,58.7400016784668,104100,0.0,0.0
2023-08-18 00:00:00-04:00,58.189998626708984,60.13999938964844,57.93000030517578,59.66999816894531,171100,0.0,0.0
2023-08-21 00:00:00-04:00,59.599998474121094,60.470001220703125,59.599998474121094,60.18000030517578,88100,0.0,0.0
2023-08-22 00:00:00-04:00,60.40999984741211,61.34000015258789,59.900001525878906,61.04999923706055,110000,0.0,0.0
2023-08-23 00:00:00-04:00,61.25,62.40999984741211,60.939998626708984,62.13999938964844,88300,0.0,0.0
2023-08-24 00:00:00-04:00,61.7400016784668,62.45000076293945,61.0099983215332,61.130001068115234,114200,0.0,0.0
2023-08-25 00:00:00-04:00,61.209999084472656,61.529998779296875,60.189998626708984,60.470001220703125,76000,0.0,0.0
2023-08-28 00:00:00-04:00,60.75,61.72999954223633,60.75,61.47999954223633,138400,0.0,0.0
2023-08-29 00:00:00-04:00,61.040000915527344,62.0099983215332,60.959999084472656,61.709999084472656,60500,0.0,0.0
2023-08-30 00:00:00-04:00,61.70000076293945,62.790000915527344,61.70000076293945,62.0,171500,0.0,0.0
2023-08-31 00:00:00-04:00,61.88999938964844,62.279998779296875,61.47999954223633,61.599998474121094,140200,0.0,0.0
2023-09-01 00:00:00-04:00,61.97999954223633,62.2599983215332,61.33000183105469,61.5099983215332,144200,0.0,0.0
2023-09-05 00:00:00-04:00,61.060001373291016,61.060001373291016,58.0099983215332,58.560001373291016,175100,0.0,0.0
2023-09-06 00:00:00-04:00,58.630001068115234,59.5099983215332,58.38999938964844,58.810001373291016,118800,0.0,0.0
2023-09-07 00:00:00-04:00,58.90999984741211,58.90999984741211,58.0099983215332,58.349998474121094,119600,0.0,0.0
2023-09-08 00:00:00-04:00,58.400001525878906,58.68000030517578,57.75,57.810001373291016,102700,0.0,0.0
2023-09-11 00:00:00-04:00,58.79999923706055,59.310001373291016,58.29999923706055,59.18000030517578,214900,0.0,0.0
2023-09-12 00:00:00-04:00,59.0,59.70000076293945,58.83000183105469,59.459999084472656,133800,0.0,0.0
2023-09-13 00:00:00-04:00,59.560001373291016,59.7400016784668,58.41999816894531,59.04999923706055,141100,0.0,0.0
2023-09-14 00:00:00-04:00,59.70000076293945,60.380001068115234,58.95000076293945,59.61000061035156,202100,0.0,0.0
2023-09-15 00:00:00-04:00,59.41999816894531,60.130001068115234,58.31999969482422,59.709999084472656,572000,0.0,0.0
2023-09-18 00:00:00-04:00,59.849998474121094,61.970001220703125,59.70000076293945,61.7400016784668,202400,0.0,0.0
2023-09-19 00:00:00-04:00,61.7400016784668,62.93000030517578,61.02000045776367,61.029998779296875,226900,0.0,0.0
2023-09-20 00:00:00-04:00,61.41999816894531,61.849998474121094,60.220001220703125,60.2599983215332,132500,0.0,0.0
2023-09-21 00:00:00-04:00,60.15999984741211,60.97999954223633,59.099998474121094,59.95000076293945,210200,0.0,0.0
2023-09-22 00:00:00-04:00,60.0,60.29999923706055,59.47999954223633,60.08000183105469,205600,0.0,0.0
2023-09-25 00:00:00-04:00,59.72999954223633,61.900001525878906,59.5,61.33000183105469,261800,0.0,0.0
2023-09-26 00:00:00-04:00,60.970001220703125,61.70000076293945,59.220001220703125,59.220001220703125,376100,0.0,0.0
2023-09-27 00:00:00-04:00,61.18000030517578,62.310001373291016,59.58000183105469,60.68000030517578,497600,0.0,0.0
2023-09-28 00:00:00-04:00,60.84000015258789,61.45000076293945,59.380001068115234,59.43000030517578,516000,0.0,0.0
2023-09-29 00:00:00-04:00,59.810001373291016,60.130001068115234,59.040000915527344,59.529998779296875,291600,0.0,0.0
2023-10-02 00:00:00-04:00,59.25,60.16999816894531,58.15999984741211,58.22999954223633,283800,0.0,0.0
2023-10-03 00:00:00-04:00,57.849998474121094,59.20000076293945,57.689998626708984,58.63999938964844,222400,0.0,0.0
2023-10-04 00:00:00-04:00,58.720001220703125,59.349998474121094,57.86000061035156,59.04999923706055,175000,0.0,0.0
2023-10-05 00:00:00-04:00,59.0,59.4900016784668,58.619998931884766,59.189998626708984,234500,0.0,0.0
2023-10-06 00:00:00-04:00,58.97999954223633,59.810001373291016,58.29999923706055,59.5099983215332,214200,0.0,0.0
2023-10-09 00:00:00-04:00,59.54999923706055,60.970001220703125,59.5099983215332,60.34000015258789,182900,0.0,0.0
2023-10-10 00:00:00-04:00,60.72999954223633,61.189998626708984,60.29999923706055,60.81999969482422,186700,0.0,0.0
2023-10-11 00:00:00-04:00,60.84000015258789,61.75,60.77000045776367,61.63999938964844,143000,0.0,0.0
2023-10-12 00:00:00-04:00,61.540000915527344,61.540000915527344,58.400001525878906,58.91999816894531,217900,0.0,0.0
2023-10-13 00:00:00-04:00,58.900001525878906,58.95000076293945,57.41999816894531,58.06999969482422,176400,0.0,0.0
2023-10-16 00:00:00-04:00,58.5,59.58000183105469,58.2400016784668,58.459999084472656,142500,0.0,0.0
2023-10-17 00:00:00-04:00,58.650001525878906,60.09000015258789,58.650001525878906,59.220001220703125,228100,0.0,0.0
2023-10-18 00:00:00-04:00,58.95000076293945,59.75,57.86000061035156,59.11000061035156,187800,0.0,0.0
2023-10-19 00:00:00-04:00,58.880001068115234,59.36000061035156,58.439998626708984,58.439998626708984,202000,0.0,0.0
2023-10-20 00:00:00-04:00,58.54999923706055,58.709999084472656,57.79999923706055,58.13999938964844,140500,0.0,0.0
2023-10-23 00:00:00-04:00,57.9900016784668,58.75,57.45000076293945,57.459999084472656,123400,0.0,0.0
2023-10-24 00:00:00-04:00,58.150001525878906,58.150001525878906,57.06999969482422,57.59000015258789,116900,0.0,0.0
2023-10-25 00:00:00-04:00,57.599998474121094,58.130001068115234,57.529998779296875,57.61000061035156,98900,0.0,0.0
2023-10-26 00:00:00-04:00,57.65999984741211,58.630001068115234,57.34000015258789,58.040000915527344,102100,0.0,0.0
2023-10-27 00:00:00-04:00,58.11000061035156,58.33000183105469,56.59000015258789,56.939998626708984,100500,0.0,0.0
2023-10-30 00:00:00-04:00,57.41999816894531,58.27000045776367,57.189998626708984,58.13999938964844,95300,0.0,0.0
2023-10-31 00:00:00-04:00,58.189998626708984,59.66999816894531,58.08000183105469,59.36000061035156,148600,0.0,0.0
2023-11-01 00:00:00-04:00,59.25,60.02000045776367,58.93000030517578,59.560001373291016,145600,0.0,0.0
2023-11-02 00:00:00-04:00,60.279998779296875,61.02000045776367,60.13999938964844,60.630001068115234,141100,0.0,0.0
2023-11-03 00:00:00-04:00,61.25,63.40999984741211,61.25,62.95000076293945,214400,0.0,0.0
2023-11-06 00:00:00-05:00,62.7400016784668,62.7400016784668,61.380001068115234,62.380001068115234,126700,0.0,0.0
2023-11-07 00:00:00-05:00,62.33000183105469,63.11000061035156,61.97999954223633,62.75,106300,0.0,0.0
2023-11-08 00:00:00-05:00,62.5,62.84000015258789,61.93000030517578,62.20000076293945,119200,0.0,0.0
2023-11-09 00:00:00-05:00,62.63999938964844,63.43000030517578,62.099998474121094,62.459999084472656,167200,0.0,0.0
2023-11-10 00:00:00-05:00,62.61000061035156,65.12000274658203,62.61000061035156,64.05000305175781,367700,0.0,0.0
2023-11-13 00:00:00-05:00,64.19999694824219,65.63999938964844,63.63999938964844,65.01000213623047,298400,0.0,0.0
2023-11-14 00:00:00-05:00,66.0,67.70999908447266,65.81999969482422,67.69000244140625,248500,0.0,0.0
2023-11-15 00:00:00-05:00,67.61000061035156,68.08999633789062,66.93000030517578,67.37000274658203,278400,0.0,0.0
2023-11-16 00:00:00-05:00,67.36000061035156,67.7300033569336,66.08000183105469,66.5,166000,0.0,0.0
2023-11-17 00:00:00-05:00,66.5,67.2300033569336,65.55000305175781,66.83999633789062,211700,0.0,0.0
2023-11-20 00:00:00-05:00,66.94000244140625,67.7699966430664,66.62999725341797,66.80000305175781,130400,0.0,0.0
2023-11-21 00:00:00-05:00,66.52999877929688,67.5199966430664,66.44000244140625,67.44000244140625,178600,0.0,0.0
2023-11-22 00:00:00-05:00,67.69000244140625,68.52999877929688,67.29000091552734,68.48999786376953,143300,0.0,0.0
2023-11-24 00:00:00-05:00,68.55000305175781,68.94000244140625,68.41999816894531,68.88999938964844,50400,0.0,0.0
2023-11-27 00:00:00-05:00,68.5,70.41999816894531,67.93000030517578,69.94999694824219,319100,0.0,0.0
2023-11-28 00:00:00-05:00,69.69999694824219,70.05999755859375,68.61000061035156,68.63999938964844,502000,0.0,0.0
2023-11-29 00:00:00-05:00,69.05000305175781,69.52999877929688,68.06999969482422,68.36000061035156,138500,0.0,0.0
2023-11-30 00:00:00-05:00,68.51000213623047,69.33999633789062,68.23999786376953,69.30000305175781,174400,0.0,0.0
2023-12-01 00:00:00-05:00,69.30000305175781,70.18000030517578,69.27999877929688,69.8499984741211,292800,0.0,0.0
2023-12-04 00:00:00-05:00,69.83999633789062,70.63999938964844,69.23999786376953,70.58000183105469,242900,0.0,0.0
2023-12-05 00:00:00-05:00,70.31999969482422,70.68000030517578,69.47000122070312,69.95999908447266,130600,0.0,0.0
2023-12-06 00:00:00-05:00,69.97000122070312,71.5199966430664,69.05000305175781,69.31999969482422,182000,0.0,0.0
2023-12-07 00:00:00-05:00,69.36000061035156,69.44999694824219,68.68000030517578,69.31999969482422,282100,0.0,0.0
2023-12-08 00:00:00-05:00,69.05999755859375,69.88999938964844,68.75,69.5,211200,0.0,0.0
2023-12-11 00:00:00-05:00,69.5,70.88999938964844,69.44000244140625,70.86000061035156,144100,0.0,0.0
2023-12-12 00:00:00-05:00,71.20999908447266,71.70999908447266,70.5999984741211,70.87999725341797,192000,0.0,0.0
2023-12-13 00:00:00-05:00,70.70999908447266,71.6500015258789,70.08999633789062,71.38999938964844,312200,0.0,0.0
2023-12-14 00:00:00-05:00,72.20999908447266,72.31999969482422,69.69000244140625,70.97000122070312,197300,0.0,0.0
2023-12-15 00:00:00-05:00,71.04000091552734,71.30000305175781,70.05999755859375,70.95999908447266,992000,0.0,0.0
2023-12-18 00:00:00-05:00,71.33000183105469,71.62000274658203,70.1500015258789,70.66000366210938,270000,0.0,0.0
2023-12-19 00:00:00-05:00,70.98999786376953,72.54000091552734,70.77999877929688,72.27999877929688,273400,0.0,0.0
2023-12-20 00:00:00-05:00,72.27999877929688,72.76000213623047,70.91999816894531,70.95999908447266,223000,0.0,0.0
2023-12-21 00:00:00-05:00,71.97000122070312,73.94999694824219,70.18000030517578,70.79000091552734,576500,0.0,0.0
2023-12-22 00:00:00-05:00,69.08999633789062,70.48999786376953,63.31999969482422,63.56999969482422,967600,0.0,0.0
2023-12-26 00:00:00-05:00,63.779998779296875,64.76000213623047,63.08000183105469,63.79999923706055,419400,0.0,0.0
2023-12-27 00:00:00-05:00,63.970001220703125,64.5,62.81999969482422,63.09000015258789,302600,0.0,0.0
2023-12-28 00:00:00-05:00,63.130001068115234,63.52000045776367,62.20000076293945,62.7400016784668,231200,0.0,0.0
2023-12-29 00:00:00-05:00,62.58000183105469,62.90999984741211,62.0,62.400001525878906,250300,0.0,0.0
2024-01-02 00:00:00-05:00,61.97999954223633,62.880001068115234,61.540000915527344,62.20000076293945,281100,0.0,0.0
2024-01-03 00:00:00-05:00,61.83000183105469,62.130001068115234,60.849998474121094,61.16999816894531,230400,0.0,0.0
2024-01-04 00:00:00-05:00,61.849998474121094,61.959999084472656,60.689998626708984,60.709999084472656,300000,0.0,0.0
2024-01-05 00:00:00-05:00,60.5,61.40999984741211,59.93000030517578,60.0,250500,0.0,0.0
2024-01-08 00:00:00-05:00,59.470001220703125,59.470001220703125,55.0,58.869998931884766,1570100,0.0,0.0
2024-01-09 00:00:00-05:00,58.18000030517578,58.849998474121094,57.119998931884766,58.619998931884766,336000,0.0,0.0
2024-01-10 00:00:00-05:00,58.75,59.18000030517578,56.689998626708984,57.290000915527344,319300,0.0,0.0
2024-01-11 00:00:00-05:00,57.459999084472656,59.529998779296875,57.13999938964844,58.93000030517578,434800,0.0,0.0
2024-01-12 00:00:00-05:00,58.970001220703125,59.959999084472656,58.970001220703125,59.560001373291016,250900,0.0,0.0
2024-01-16 00:00:00-05:00,59.25,59.369998931884766,57.209999084472656,57.810001373291016,390700,0.0,0.0
2024-01-17 00:00:00-05:00,57.470001220703125,58.290000915527344,57.029998779296875,57.13999938964844,235900,0.0,0.0
2024-01-18 00:00:00-05:00,57.22999954223633,58.33000183105469,56.56999969482422,58.08000183105469,238600,0.0,0.0
2024-01-19 00:00:00-05:00,58.45000076293945,59.33000183105469,57.47999954223633,58.810001373291016,376700,0.0,0.0
2024-01-22 00:00:00-05:00,59.189998626708984,59.63999938964844,58.29999923706055,59.0,221100,0.0,0.0
2024-01-23 00:00:00-05:00,59.630001068115234,59.630001068115234,58.31999969482422,58.54999923706055,224400,0.0,0.0
2024-01-24 00:00:00-05:00,59.34000015258789,59.34000015258789,57.0099983215332,57.630001068115234,223800,0.0,0.0
2024-01-25 00:00:00-05:00,57.9900016784668,58.36000061035156,56.72999954223633,57.70000076293945,227400,0.0,0.0
2024-01-26 00:00:00-05:00,58.470001220703125,58.90999984741211,57.4900016784668,57.810001373291016,179100,0.0,0.0
2024-01-29 00:00:00-05:00,58.099998474121094,59.61000061035156,57.7599983215332,59.310001373291016,208500,0.0,0.0
2024-01-30 00:00:00-05:00,59.189998626708984,62.290000915527344,58.95000076293945,61.529998779296875,448100,0.0,0.0
2024-01-31 00:00:00-05:00,61.91999816894531,62.18000030517578,60.77000045776367,60.81999969482422,354400,0.0,0.0
2024-02-01 00:00:00-05:00,60.97999954223633,62.47999954223633,60.779998779296875,62.130001068115234,307100,0.0,0.0
2024-02-02 00:00:00-05:00,61.619998931884766,62.459999084472656,61.619998931884766,62.04999923706055,240900,0.0,0.0
2024-02-05 00:00:00-05:00,61.65999984741211,61.65999984741211,59.93000030517578,59.95000076293945,299700,0.0,0.0
2024-02-06 00:00:00-05:00,60.189998626708984,61.310001373291016,59.95000076293945,60.83000183105469,135300,0.0,0.0
2024-02-07 00:00:00-05:00,60.84000015258789,61.0,60.16999816894531,60.47999954223633,136800,0.0,0.0
2024-02-08 00:00:00-05:00,60.47999954223633,61.40999984741211,60.13999938964844,61.349998474121094,117800,0.0,0.0
2024-02-09 00:00:00-05:00,61.560001373291016,63.650001525878906,61.31999969482422,63.25,278100,0.0,0.0
2024-02-12 00:00:00-05:00,63.40999984741211,64.13999938964844,63.0,63.20000076293945,301900,0.0,0.0
2024-02-13 00:00:00-05:00,62.310001373291016,63.65999984741211,61.43000030517578,62.75,276700,0.0,0.0
2024-02-14 00:00:00-05:00,63.16999816894531,67.5199966430664,63.0099983215332,66.94000244140625,631300,0.0,0.0
2024-02-15 00:00:00-05:00,66.94000244140625,69.8499984741211,66.94000244140625,68.80000305175781,605400,0.0,0.0
2024-02-16 00:00:00-05:00,68.55999755859375,69.58000183105469,68.0199966430664,68.26000213623047,315200,0.0,0.0
2024-02-20 00:00:00-05:00,67.70999908447266,68.43000030517578,66.48999786376953,66.61000061035156,567900,0.0,0.0
2024-02-21 00:00:00-05:00,66.61000061035156,67.58999633789062,65.80000305175781,66.51000213623047,239200,0.0,0.0
2024-02-22 00:00:00-05:00,66.33000183105469,66.7699966430664,65.69999694824219,66.11000061035156,176400,0.0,0.0
2024-02-23 00:00:00-05:00,66.0,66.30000305175781,65.58999633789062,65.95999908447266,132700,0.0,0.0
2024-02-26 00:00:00-05:00,65.69999694824219,66.02999877929688,65.37999725341797,65.62999725341797,185300,0.0,0.0
2024-02-27 00:00:00-05:00,65.68000030517578,65.68000030517578,64.75,64.98999786376953,197900,0.0,0.0
2024-02-28 00:00:00-05:00,64.68000030517578,66.79000091552734,64.38999938964844,66.37000274658203,214200,0.0,0.0
2024-02-29 00:00:00-05:00,66.91999816894531,67.2300033569336,66.26000213623047,66.77999877929688,295000,0.0,0.0
2024-03-01 00:00:00-05:00,66.83999633789062,67.0199966430664,66.20999908447266,66.62000274658203,139800,0.0,0.0
2024-03-04 00:00:00-05:00,66.37999725341797,67.19999694824219,65.37000274658203,66.4800033569336,234400,0.0,0.0
2024-03-05 00:00:00-05:00,66.69999694824219,67.01000213623047,64.75,64.91000366210938,227100,0.0,0.0
2024-03-06 00:00:00-05:00,65.12000274658203,65.4800033569336,64.94999694824219,65.43000030517578,166300,0.0,0.0
2024-03-07 00:00:00-05:00,65.9000015258789,66.19000244140625,65.55999755859375,66.02999877929688,140800,0.0,0.0
2024-03-08 00:00:00-05:00,66.36000061035156,66.44999694824219,64.06999969482422,64.5,195600,0.0,0.0
2024-03-11 00:00:00-04:00,64.45999908447266,65.12000274658203,63.02000045776367,63.45000076293945,265900,0.0,0.0
2024-03-12 00:00:00-04:00,63.209999084472656,63.959999084472656,62.65999984741211,63.79999923706055,242300,0.0,0.0
2024-03-13 00:00:00-04:00,63.97999954223633,64.95999908447266,63.869998931884766,64.61000061035156,215100,0.0,0.0
2024-03-14 00:00:00-04:00,65.0,65.5,63.599998474121094,64.30999755859375,253600,0.0,0.0
2024-03-15 00:00:00-04:00,63.619998931884766,64.7300033569336,62.79999923706055,62.849998474121094,1109900,0.0,0.0
2024-03-18 00:00:00-04:00,62.790000915527344,63.41999816894531,62.41999816894531,62.939998626708984,345300,0.0,0.0
2024-03-19 00:00:00-04:00,63.400001525878906,64.37999725341797,62.9900016784668,63.099998474121094,308100,0.0,0.0
2024-03-20 00:00:00-04:00,62.79999923706055,64.83000183105469,62.77000045776367,64.3499984741211,364300,0.0,0.0
2024-03-21 00:00:00-04:00,65.0999984741211,65.45999908447266,63.84000015258789,63.91999816894531,407800,0.0,0.0
2024-03-22 00:00:00-04:00,62.16999816894531,62.5,58.2400016784668,60.119998931884766,994300,0.0,0.0
2024-03-25 00:00:00-04:00,60.630001068115234,60.630001068115234,59.5,59.52000045776367,346400,0.0,0.0
2024-03-26 00:00:00-04:00,59.79999923706055,60.150001525878906,58.72999954223633,59.97999954223633,353100,0.0,0.0
2024-03-27 00:00:00-04:00,60.470001220703125,60.709999084472656,59.779998779296875,60.18000030517578,353400,0.0,0.0
2024-03-28 00:00:00-04:00,60.18000030517578,61.119998931884766,59.81999969482422,59.869998931884766,414100,0.0,0.0
2024-04-01 00:00:00-04:00,59.869998931884766,59.869998931884766,58.599998474121094,58.900001525878906,533200,0.0,0.0
2024-04-02 00:00:00-04:00,58.689998626708984,58.880001068115234,57.63999938964844,58.38999938964844,514500,0.0,0.0
2024-04-03 00:00:00-04:00,58.0099983215332,59.209999084472656,58.0099983215332,58.93000030517578,431200,0.0,0.0
2024-04-04 00:00:00-04:00,59.560001373291016,61.5,59.2400016784668,60.09000015258789,701300,0.0,0.0
2024-04-05 00:00:00-04:00,60.0099983215332,61.75,59.529998779296875,61.40999984741211,504200,0.0,0.0
2024-04-08 00:00:00-04:00,61.68000030517578,62.880001068115234,61.68000030517578,62.029998779296875,312400,0.0,0.0
2024-04-09 00:00:00-04:00,61.869998931884766,63.65999984741211,61.119998931884766,61.52000045776367,328500,0.0,0.0
2024-04-10 00:00:00-04:00,60.36000061035156,62.220001220703125,60.150001525878906,62.0099983215332,363700,0.0,0.0
2024-04-11 00:00:00-04:00,62.029998779296875,62.38999938964844,60.81999969482422,62.130001068115234,253500,0.0,0.0
2024-04-12 00:00:00-04:00,61.810001373291016,62.27000045776367,60.279998779296875,60.790000915527344,257400,0.0,0.0
2024-04-15 00:00:00-04:00,61.47999954223633,62.43000030517578,60.4900016784668,60.65999984741211,209100,0.0,0.0
2024-04-16 00:00:00-04:00,60.380001068115234,61.310001373291016,60.119998931884766,61.119998931884766,171100,0.0,0.0
2024-04-17 00:00:00-04:00,61.54999923706055,62.369998931884766,61.040000915527344,61.869998931884766,418500,0.0,0.0
2024-04-18 00:00:00-04:00,61.97999954223633,64.4800033569336,61.97999954223633,63.029998779296875,533400,0.0,0.0
2024-04-19 00:00:00-04:00,63.02000045776367,64.37000274658203,63.02000045776367,64.12000274658203,428800,0.0,0.0
2024-04-22 00:00:00-04:00,64.70999908447266,66.7699966430664,64.5,66.22000122070312,592100,0.0,0.0
2024-04-23 00:00:00-04:00,66.4000015258789,68.48999786376953,66.4000015258789,67.79000091552734,556000,0.0,0.0
2024-04-24 00:00:00-04:00,67.93000030517578,68.4800033569336,67.16000366210938,67.93000030517578,394300,0.0,0.0
2024-04-25 00:00:00-04:00,67.62999725341797,67.63999938964844,66.81999969482422,67.41999816894531,363700,0.0,0.0
2024-04-26 00:00:00-04:00,67.7300033569336,68.66999816894531,67.5,68.2699966430664,233000,0.0,0.0
2024-04-29 00:00:00-04:00,68.45999908447266,69.72000122070312,68.25,69.20999908447266,320800,0.0,0.0
2024-04-30 00:00:00-04:00,68.9000015258789,69.58000183105469,68.87999725341797,69.13999938964844,229300,0.0,0.0
2024-05-01 00:00:00-04:00,69.16000366210938,70.16999816894531,68.81999969482422,68.9800033569336,268000,0.0,0.0
2024-05-02 00:00:00-04:00,69.66000366210938,70.13999938964844,69.41999816894531,69.88999938964844,260500,0.0,0.0
2024-05-03 00:00:00-04:00,70.98999786376953,70.98999786376953,68.76000213623047,69.91999816894531,307900,0.0,0.0
2024-05-06 00:00:00-04:00,70.51000213623047,71.30999755859375,69.7699966430664,71.0999984741211,203000,0.0,0.0
2024-05-07 00:00:00-04:00,70.83999633789062,71.29000091552734,70.7300033569336,71.05999755859375,268200,0.0,0.0
2024-05-08 00:00:00-04:00,71.19999694824219,72.06999969482422,70.87999725341797,71.98999786376953,144800,0.0,0.0
2024-05-09 00:00:00-04:00,71.95999908447266,72.37999725341797,71.45999908447266,72.08999633789062,193200,0.0,0.0
2024-05-10 00:00:00-04:00,72.56999969482422,72.6500015258789,71.94999694824219,72.18000030517578,139600,0.0,0.0
2024-05-13 00:00:00-04:00,72.37000274658203,72.75,71.56999969482422,71.75,275500,0.0,0.0
2024-05-14 00:00:00-04:00,72.62999725341797,72.62999725341797,71.88999938964844,72.0999984741211,216700,0.0,0.0
2024-05-15 00:00:00-04:00,72.29000091552734,72.44999694824219,71.70999908447266,71.94999694824219,140800,0.0,0.0
2024-05-16 00:00:00-04:00,71.81999969482422,73.18000030517578,71.69999694824219,72.0999984741211,261500,0.0,0.0
2024-05-17 00:00:00-04:00,72.30000305175781,72.47000122070312,71.0,71.23999786376953,130800,0.0,0.0
2024-05-20 00:00:00-04:00,71.08000183105469,72.04000091552734,71.08000183105469,71.5199966430664,162700,0.0,0.0
2024-05-21 00:00:00-04:00,71.36000061035156,72.5999984741211,71.33999633789062,71.6500015258789,124100,0.0,0.0
2024-05-22 00:00:00-04:00,71.37999725341797,72.13999938964844,71.01000213623047,71.83000183105469,196200,0.0,0.0
2024-05-23 00:00:00-04:00,72.0,72.0,69.7699966430664,70.08999633789062,189200,0.0,0.0
2024-05-24 00:00:00-04:00,70.55000305175781,71.61000061035156,69.98999786376953,71.33000183105469,182900,0.0,0.0
2024-05-28 00:00:00-04:00,71.70999908447266,72.02999877929688,70.51000213623047,70.80000305175781,150200,0.0,0.0
2024-05-29 00:00:00-04:00,69.98999786376953,70.73999786376953,69.29000091552734,69.31999969482422,134600,0.0,0.0
2024-05-30 00:00:00-04:00,69.54000091552734,70.23999786376953,69.54000091552734,69.83000183105469,136400,0.0,0.0
2024-05-31 00:00:00-04:00,69.94999694824219,71.01000213623047,69.79000091552734,70.98999786376953,312700,0.0,0.0
2024-06-03 00:00:00-04:00,71.30000305175781,71.37000274658203,69.73999786376953,70.20999908447266,145800,0.0,0.0
2024-06-04 00:00:00-04:00,70.01000213623047,70.01000213623047,68.7699966430664,69.23999786376953,154100,0.0,0.0
2024-06-05 00:00:00-04:00,69.58999633789062,70.02999877929688,68.9000015258789,69.4800033569336,121800,0.0,0.0
2024-06-06 00:00:00-04:00,69.08000183105469,69.26000213623047,67.12999725341797,67.55000305175781,185300,0.0,0.0
2024-06-07 00:00:00-04:00,67.27999877929688,67.6500015258789,66.76000213623047,66.95999908447266,140500,0.0,0.0
2024-06-10 00:00:00-04:00,66.16999816894531,66.9000015258789,65.43000030517578,66.27999877929688,225800,0.0,0.0
2024-06-11 00:00:00-04:00,65.63999938964844,65.75,64.36000061035156,65.30999755859375,247600,0.0,0.0
2024-06-12 00:00:00-04:00,66.79000091552734,67.66999816894531,66.16000366210938,67.12000274658203,281800,0.0,0.0
2024-06-13 00:00:00-04:00,67.0,67.5,66.16999816894531,67.4800033569336,325300,0.0,0.0
2024-06-14 00:00:00-04:00,66.8499984741211,67.0199966430664,65.76000213623047,67.0,237000,0.0,0.0
2024-06-17 00:00:00-04:00,66.33999633789062,68.62000274658203,66.27999877929688,67.5999984741211,299400,0.0,0.0
2024-06-18 00:00:00-04:00,67.51000213623047,70.73999786376953,67.0199966430664,70.68000030517578,391900,0.0,0.0
2024-06-20 00:00:00-04:00,70.41000366210938,70.80999755859375,69.06999969482422,69.75,272300,0.0,0.0
2024-06-21 00:00:00-04:00,69.83999633789062,71.18000030517578,69.11000061035156,70.98999786376953,1203600,0.0,0.0
2024-06-24 00:00:00-04:00,71.45999908447266,72.20999908447266,71.12999725341797,71.70999908447266,212400,0.0,0.0
2024-06-25 00:00:00-04:00,71.58000183105469,71.94000244140625,70.66000366210938,70.86000061035156,194500,0.0,0.0
2024-06-26 00:00:00-04:00,70.27999877929688,72.7699966430664,70.27999877929688,72.52999877929688,290200,0.0,0.0
2024-06-27 00:00:00-04:00,72.70999908447266,72.80999755859375,71.69999694824219,71.95999908447266,221900,0.0,0.0
2024-06-28 00:00:00-04:00,72.45999908447266,73.5,72.04000091552734,72.69999694824219,624100,0.0,0.0
2024-07-01 00:00:00-04:00,73.22000122070312,73.22000122070312,70.16000366210938,70.44999694824219,176500,0.0,0.0
2024-07-02 00:00:00-04:00,70.19999694824219,72.47000122070312,70.12999725341797,72.05000305175781,162200,0.0,0.0
2024-07-03 00:00:00-04:00,72.43000030517578,72.94000244140625,71.68000030517578,72.01000213623047,90400,0.0,0.0
2024-07-05 00:00:00-04:00,71.91000366210938,71.9800033569336,70.58999633789062,71.13999938964844,121200,0.0,0.0
2024-07-08 00:00:00-04:00,71.58000183105469,72.4800033569336,71.30000305175781,72.3499984741211,149100,0.0,0.0
2024-07-09 00:00:00-04:00,72.0199966430664,72.80000305175781,71.69999694824219,71.94000244140625,207400,0.0,0.0
2024-07-10 00:00:00-04:00,72.25,73.0,72.0,72.29000091552734,218300,0.0,0.0
2024-07-11 00:00:00-04:00,73.05999755859375,74.01000213623047,72.05000305175781,73.4800033569336,291000,0.0,0.0
2024-07-12 00:00:00-04:00,74.26000213623047,75.04000091552734,73.62000274658203,74.19000244140625,319100,0.0,0.0
2024-07-15 00:00:00-04:00,74.95999908447266,75.80000305175781,73.91000366210938,73.93000030517578,300100,0.0,0.0
2024-07-16 00:00:00-04:00,74.31999969482422,75.81999969482422,73.81999969482422,75.54000091552734,498200,0.0,0.0
2024-07-17 00:00:00-04:00,75.4800033569336,76.33999633789062,73.91999816894531,74.19999694824219,295700,0.0,0.0
2024-07-18 00:00:00-04:00,73.48999786376953,75.38999938964844,72.97000122070312,73.29000091552734,350400,0.0,0.0
2024-07-19 00:00:00-04:00,67.9800033569336,67.9800033569336,63.959999084472656,64.41999816894531,1117100,0.0,0.0
2024-07-22 00:00:00-04:00,64.33000183105469,67.9000015258789,64.29000091552734,67.0199966430664,748500,0.0,0.0
2024-07-23 00:00:00-04:00,67.02999877929688,68.30999755859375,66.44000244140625,67.69000244140625,415900,0.0,0.0
2024-07-24 00:00:00-04:00,67.16000366210938,68.18000030517578,65.48999786376953,65.58000183105469,405600,0.0,0.0
2024-07-25 00:00:00-04:00,65.88999938964844,67.79000091552734,65.8499984741211,66.27999877929688,304900,0.0,0.0
2024-07-26 00:00:00-04:00,67.19999694824219,67.95999908447266,66.16999816894531,66.62000274658203,306500,0.0,0.0
2024-07-29 00:00:00-04:00,66.97000122070312,67.20999908447266,65.38999938964844,65.73999786376953,211300,0.0,0.0
2024-07-30 00:00:00-04:00,66.25,66.88999938964844,64.20999908447266,64.43000030517578,253600,0.0,0.0
2024-07-31 00:00:00-04:00,65.08000183105469,65.58000183105469,64.11000061035156,64.5999984741211,291600,0.0,0.0
2024-08-01 00:00:00-04:00,64.55999755859375,64.81999969482422,62.060001373291016,63.209999084472656,373300,0.0,0.0
2024-08-02 00:00:00-04:00,61.470001220703125,61.470001220703125,57.59000015258789,60.189998626708984,564800,0.0,0.0
2024-08-05 00:00:00-04:00,57.619998931884766,57.619998931884766,54.709999084472656,57.06999969482422,635100,0.0,0.0
2024-08-06 00:00:00-04:00,57.61000061035156,59.59000015258789,56.75,59.150001525878906,306300,0.0,0.0
2024-08-07 00:00:00-04:00,59.869998931884766,60.380001068115234,57.400001525878906,58.369998931884766,238200,0.0,0.0
2024-08-08 00:00:00-04:00,58.779998779296875,60.61000061035156,58.369998931884766,60.209999084472656,213700,0.0,0.0
2024-08-09 00:00:00-04:00,60.65999984741211,60.68000030517578,59.459999084472656,60.16999816894531,313200,0.0,0.0
2024-08-12 00:00:00-04:00,60.41999816894531,60.41999816894531,59.5,60.060001373291016,184200,0.0,0.0
2024-08-13 00:00:00-04:00,60.560001373291016,61.5,59.939998626708984,61.25,167000,0.0,0.0
2024-08-14 00:00:00-04:00,61.439998626708984,61.9900016784668,60.83000183105469,61.40999984741211,140200,0.0,0.0
2024-08-15 00:00:00-04:00,62.790000915527344,63.369998931884766,61.90999984741211,63.310001373291016,167700,0.0,0.0
2024-08-16 00:00:00-04:00,63.16999816894531,64.23999786376953,62.95000076293945,63.130001068115234,135100,0.0,0.0
2024-08-19 00:00:00-04:00,63.2400016784668,63.650001525878906,62.95000076293945,63.619998931884766,145200,0.0,0.0
2024-08-20 00:00:00-04:00,63.52000045776367,63.540000915527344,62.689998626708984,63.02000045776367,155700,0.0,0.0
2024-08-21 00:00:00-04:00,63.59000015258789,63.650001525878906,62.72999954223633,63.33000183105469,179000,0.0,0.0
2024-08-22 00:00:00-04:00,62.95000076293945,64.0199966430664,62.95000076293945,63.77000045776367,87900,0.0,0.0
2024-08-23 00:00:00-04:00,64.12000274658203,65.22000122070312,64.05000305175781,64.88999938964844,167800,0.0,0.0
2024-08-26 00:00:00-04:00,65.37999725341797,65.94000244140625,64.48999786376953,64.52999877929688,135600,0.0,0.0
2024-08-27 00:00:00-04:00,64.47000122070312,65.08000183105469,63.77000045776367,64.62000274658203,120900,0.0,0.0
2024-08-28 00:00:00-04:00,64.5199966430664,65.2699966430664,64.33000183105469,64.43000030517578,82100,0.0,0.0
2024-08-29 00:00:00-04:00,65.0,66.56999969482422,64.45999908447266,65.58000183105469,188400,0.0,0.0
2024-08-30 00:00:00-04:00,65.70999908447266,66.36000061035156,65.12999725341797,65.77999877929688,168600,0.0,0.0
2024-09-03 00:00:00-04:00,64.93000030517578,65.25,63.13999938964844,64.87999725341797,308500,0.0,0.0
2024-09-04 00:00:00-04:00,64.5199966430664,66.33000183105469,64.33000183105469,66.11000061035156,213400,0.0,0.0
2024-09-05 00:00:00-04:00,66.4800033569336,67.12999725341797,65.37000274658203,66.05000305175781,129100,0.0,0.0
2024-09-06 00:00:00-04:00,66.31999969482422,66.93000030517578,63.79999923706055,63.91999816894531,253500,0.0,0.0
2024-09-09 00:00:00-04:00,64.37000274658203,65.4800033569336,64.31999969482422,64.88999938964844,225300,0.0,0.0
2024-09-10 00:00:00-04:00,65.18000030517578,66.01000213623047,63.95000076293945,63.970001220703125,344700,0.0,0.0
2024-09-11 00:00:00-04:00,63.369998931884766,64.73999786376953,62.52000045776367,64.52999877929688,249000,0.0,0.0
2024-09-12 00:00:00-04:00,64.95999908447266,66.2699966430664,64.86000061035156,65.9000015258789,182900,0.0,0.0
2024-09-13 00:00:00-04:00,66.2300033569336,68.36000061035156,66.0999984741211,67.63999938964844,252000,0.0,0.0
2024-09-16 00:00:00-04:00,68.01000213623047,68.22000122070312,66.80000305175781,67.25,262800,0.0,0.0
2024-09-17 00:00:00-04:00,67.81999969482422,68.48999786376953,67.30999755859375,67.97000122070312,215300,0.0,0.0
2024-09-18 00:00:00-04:00,68.0999984741211,70.0999984741211,67.5,68.88999938964844,411500,0.0,0.0
2024-09-19 00:00:00-04:00,70.0,70.13999938964844,68.68000030517578,69.55000305175781,318200,0.0,0.0
2024-09-20 00:00:00-04:00,69.01000213623047,70.23999786376953,68.66000366210938,69.27999877929688,1109900,0.0,0.0
2024-09-23 00:00:00-04:00,69.63999938964844,70.55999755859375,68.93000030517578,69.0999984741211,612500,0.0,0.0
2024-09-24 00:00:00-04:00,71.01000213623047,71.26000213623047,65.75,65.98999786376953,927100,0.0,0.0
2024-09-25 00:00:00-04:00,65.77999877929688,66.55000305175781,62.7400016784668,63.66999816894531,575100,0.0,0.0
2024-09-26 00:00:00-04:00,64.66999816894531,64.97000122070312,63.709999084472656,63.790000915527344,455000,0.0,0.0
2024-09-27 00:00:00-04:00,64.04000091552734,65.44000244140625,63.88999938964844,64.68000030517578,374900,0.0,0.0
2024-09-30 00:00:00-04:00,64.52999877929688,65.54000091552734,64.33999633789062,65.36000061035156,347400,0.0,0.0
2024-10-01 00:00:00-04:00,65.01000213623047,66.61000061035156,64.86000061035156,65.5199966430664,351500,0.0,0.0
2024-10-02 00:00:00-04:00,65.30000305175781,65.83000183105469,64.76000213623047,65.4000015258789,220000,0.0,0.0
2024-10-03 00:00:00-04:00,65.20999908447266,65.56999969482422,64.75,65.2699966430664,217900,0.0,0.0
2024-10-04 00:00:00-04:00,66.31999969482422,67.0999984741211,65.33000183105469,65.4800033569336,187800,0.0,0.0
2024-10-07 00:00:00-04:00,65.01000213623047,65.13999938964844,63.81999969482422,64.25,177500,0.0,0.0
2024-10-08 00:00:00-04:00,64.79000091552734,64.91000366210938,63.59000015258789,63.650001525878906,353800,0.0,0.0
2024-10-09 00:00:00-04:00,63.459999084472656,63.630001068115234,62.40999984741211,62.560001373291016,335600,0.0,0.0
2024-10-10 00:00:00-04:00,61.91999816894531,62.0099983215332,59.369998931884766,59.45000076293945,412400,0.0,0.0
2024-10-11 00:00:00-04:00,59.36000061035156,61.540000915527344,59.36000061035156,61.5099983215332,599100,0.0,0.0
2024-10-14 00:00:00-04:00,61.349998474121094,61.70000076293945,61.099998474121094,61.45000076293945,230200,0.0,0.0
2024-10-15 00:00:00-04:00,61.31999969482422,61.369998931884766,60.27000045776367,60.459999084472656,219300,0.0,0.0
2024-10-16 00:00:00-04:00,60.7400016784668,62.9900016784668,60.68000030517578,61.939998626708984,280800,0.0,0.0
2024-10-17 00:00:00-04:00,62.2599983215332,62.810001373291016,61.9900016784668,62.400001525878906,213900,0.0,0.0
2024-10-18 00:00:00-04:00,62.619998931884766,62.720001220703125,61.900001525878906,61.970001220703125,290100,0.0,0.0
2024-10-21 00:00:00-04:00,62.279998779296875,63.41999816894531,61.77000045776367,62.810001373291016,369700,0.0,0.0
2024-10-22 00:00:00-04:00,62.779998779296875,62.79999923706055,61.5,61.66999816894531,163100,0.0,0.0
2024-10-23 00:00:00-04:00,61.529998779296875,62.099998474121094,61.220001220703125,61.4900016784668,266400,0.0,0.0
2024-10-24 00:00:00-04:00,61.189998626708984,61.81999969482422,60.5,61.22999954223633,230700,0.0,0.0
2024-10-25 00:00:00-04:00,61.68000030517578,61.81999969482422,60.47999954223633,61.150001525878906,185300,0.0,0.0
2024-10-28 00:00:00-04:00,61.56999969482422,61.689998626708984,60.79999923706055,60.849998474121094,209300,0.0,0.0
2024-10-29 00:00:00-04:00,60.4900016784668,61.02000045776367,59.939998626708984,60.810001373291016,217600,0.0,0.0
2024-10-30 00:00:00-04:00,60.58000183105469,61.88999938964844,60.400001525878906,60.560001373291016,219300,0.0,0.0
2024-10-31 00:00:00-04:00,60.619998931884766,60.65999984741211,58.63999938964844,58.70000076293945,215600,0.0,0.0
2024-11-01 00:00:00-04:00,59.43000030517578,59.91999816894531,58.209999084472656,58.400001525878906,174300,0.0,0.0
2024-11-04 00:00:00-05:00,58.54999923706055,59.59000015258789,58.25,59.150001525878906,171900,0.0,0.0
2024-11-05 00:00:00-05:00,59.34000015258789,59.959999084472656,58.81999969482422,59.81999969482422,278000,0.0,0.0
2024-11-06 00:00:00-05:00,63.029998779296875,65.86000061035156,62.83000183105469,65.70999908447266,461800,0.0,0.0
2024-11-07 00:00:00-05:00,65.5,65.54000091552734,62.400001525878906,62.56999969482422,289200,0.0,0.0
2024-11-08 00:00:00-05:00,62.619998931884766,66.26000213623047,62.369998931884766,65.87000274658203,309000,0.0,0.0
2024-11-11 00:00:00-05:00,66.83999633789062,68.18000030517578,66.12000274658203,67.33000183105469,309200,0.0,0.0
2024-11-12 00:00:00-05:00,67.55999755859375,68.23999786376953,66.79000091552734,67.86000061035156,250600,0.0,0.0
2024-11-13 00:00:00-05:00,68.41000366210938,69.5,67.94999694824219,68.31999969482422,302100,0.0,0.0
2024-11-14 00:00:00-05:00,68.62999725341797,68.62999725341797,66.52999877929688,67.05000305175781,297500,0.0,0.0
2024-11-15 00:00:00-05:00,67.41999816894531,67.41999816894531,65.36000061035156,66.1500015258789,209800,0.0,0.0
2024-11-18 00:00:00-05:00,66.16999816894531,66.7300033569336,65.77999877929688,66.5,133600,0.0,0.0
2024-11-19 00:00:00-05:00,66.20999908447266,67.41000366210938,66.20999908447266,67.3499984741211,86400,0.0,0.0
2024-11-20 00:00:00-05:00,67.6500015258789,68.12999725341797,66.75,67.54000091552734,174400,0.0,0.0
2024-11-21 00:00:00-05:00,68.2699966430664,69.0,67.56999969482422,67.83999633789062,169600,0.0,0.0
2024-11-22 00:00:00-05:00,68.19000244140625,69.18000030517578,67.80999755859375,69.08000183105469,229700,0.0,0.0
2024-11-25 00:00:00-05:00,69.62999725341797,72.2699966430664,69.62999725341797,70.81999969482422,324400,0.0,0.0
2024-11-26 00:00:00-05:00,69.73999786376953,70.66000366210938,68.95999908447266,69.19000244140625,165300,0.0,0.0
2024-11-27 00:00:00-05:00,69.69999694824219,70.37999725341797,68.20999908447266,69.0199966430664,158600,0.0,0.0
2024-11-29 00:00:00-05:00,69.66999816894531,69.81999969482422,68.91000366210938,69.5199966430664,110300,0.0,0.0
2024-12-02 00:00:00-05:00,69.95999908447266,70.19999694824219,68.8499984741211,69.56999969482422,185400,0.0,0.0
2024-12-03 00:00:00-05:00,69.83999633789062,70.13999938964844,68.37999725341797,68.4000015258789,142400,0.0,0.0
2024-12-04 00:00:00-05:00,68.44999694824219,70.47000122070312,68.44999694824219,70.27999877929688,169100,0.0,0.0
2024-12-05 00:00:00-05:00,69.94999694824219,69.94999694824219,68.44000244140625,68.44999694824219,139300,0.0,0.0
2024-12-06 00:00:00-05:00,69.2300033569336,69.2300033569336,67.58000183105469,67.62999725341797,166700,0.0,0.0
2024-12-09 00:00:00-05:00,68.04000091552734,68.04000091552734,65.91999816894531,65.95999908447266,117000,0.0,0.0
2024-12-10 00:00:00-05:00,65.61000061035156,67.37000274658203,65.61000061035156,66.93000030517578,136900,0.0,0.0
2024-12-11 00:00:00-05:00,67.51000213623047,68.4000015258789,67.08000183105469,67.37000274658203,134100,0.0,0.0
2024-12-12 00:00:00-05:00,66.83000183105469,67.27999877929688,63.59000015258789,63.689998626708984,431100,0.0,0.0
2024-12-13 00:00:00-05:00,63.43000030517578,63.959999084472656,62.70000076293945,63.220001220703125,269400,0.0,0.0
2024-12-16 00:00:00-05:00,63.349998474121094,64.31999969482422,63.040000915527344,63.90999984741211,171700,0.0,0.0
2024-12-17 00:00:00-05:00,63.5099983215332,64.36000061035156,62.59000015258789,62.79999923706055,161600,0.0,0.0
2024-12-18 00:00:00-05:00,63.029998779296875,63.220001220703125,60.13999938964844,60.59000015258789,217700,0.0,0.0
2024-12-19 00:00:00-05:00,61.04999923706055,61.72999954223633,60.130001068115234,60.599998474121094,222000,0.0,0.0
2024-12-20 00:00:00-05:00,59.720001220703125,61.630001068115234,59.58000183105469,60.56999969482422,1140700,0.0,0.0
2024-12-23 00:00:00-05:00,60.599998474121094,60.810001373291016,59.5099983215332,59.86000061035156,165700,0.0,0.0
2024-12-24 00:00:00-05:00,59.79999923706055,60.97999954223633,59.47999954223633,60.93000030517578,68700,0.0,0.0
2024-12-26 00:00:00-05:00,60.220001220703125,61.31999969482422,59.810001373291016,61.04999923706055,127500,0.0,0.0
2024-12-27 00:00:00-05:00,60.540000915527344,61.18000030517578,59.439998626708984,60.400001525878906,187900,0.0,0.0
2024-12-30 00:00:00-05:00,59.650001525878906,62.08000183105469,59.18000030517578,61.119998931884766,226400,0.0,0.0
2024-12-31 00:00:00-05:00,61.5099983215332,62.459999084472656,61.15999984741211,61.279998779296875,164000,0.0,0.0
2025-01-02 00:00:00-05:00,62.209999084472656,62.72999954223633,61.22999954223633,61.59000015258789,213700,0.0,0.0
2025-01-03 00:00:00-05:00,61.869998931884766,62.779998779296875,61.11000061035156,62.5,349800,0.0,0.0
2025-01-06 00:00:00-05:00,62.84000015258789,63.66999816894531,61.91999816894531,62.130001068115234,279000,0.0,0.0
2025-01-07 00:00:00-05:00,62.349998474121094,62.54999923706055,60.790000915527344,61.75,472300,0.0,0.0
2025-01-08 00:00:00-05:00,66.0,68.91999816894531,64.4800033569336,67.08999633789062,817300,0.0,0.0
2025-01-10 00:00:00-05:00,65.94000244140625,67.83999633789062,64.87000274658203,67.72000122070312,675400,0.0,0.0
2025-01-13 00:00:00-05:00,66.51000213623047,69.91999816894531,66.47000122070312,69.44999694824219,467800,0.0,0.0
2025-01-14 00:00:00-05:00,69.63999938964844,69.98999786376953,68.75,69.47000122070312,262300,0.0,0.0
2025-01-15 00:00:00-05:00,70.43000030517578,70.43000030517578,68.80000305175781,69.51000213623047,185200,0.0,0.0
2025-01-16 00:00:00-05:00,70.30000305175781,70.79000091552734,69.7300033569336,70.61000061035156,253300,0.0,0.0
2025-01-17 00:00:00-05:00,71.48999786376953,71.5,70.05000305175781,70.20999908447266,165600,0.0,0.0
2025-01-21 00:00:00-05:00,70.8499984741211,72.6500015258789,70.7699966430664,72.20999908447266,185500,0.0,0.0
2025-01-22 00:00:00-05:00,71.7699966430664,72.30000305175781,70.9800033569336,71.11000061035156,185900,0.0,0.0
2025-01-23 00:00:00-05:00,71.19000244140625,71.69000244140625,69.88999938964844,70.36000061035156,182000,0.0,0.0
2025-01-24 00:00:00-05:00,69.91000366210938,70.58999633789062,69.13999938964844,70.52999877929688,147500,0.0,0.0
2025-01-27 00:00:00-05:00,70.0999984741211,70.18000030517578,68.01000213623047,68.88999938964844,217500,0.0,0.0
2025-01-28 00:00:00-05:00,69.5,70.25,68.58000183105469,68.79000091552734,178000,0.0,0.0
2025-01-29 00:00:00-05:00,68.80999755859375,68.9800033569336,67.91000366210938,68.27999877929688,204200,0.0,0.0
2025-01-30 00:00:00-05:00,68.95999908447266,69.16999816894531,68.0,68.83999633789062,168000,0.0,0.0
2025-01-31 00:00:00-05:00,68.83999633789062,68.95999908447266,67.45999908447266,67.76000213623047,222900,0.0,0.0
2025-02-03 00:00:00-05:00,66.48999786376953,68.13999938964844,65.69999694824219,67.05000305175781,170200,0.0,0.0
2025-02-04 00:00:00-05:00,66.94000244140625,68.16999816894531,66.75,67.37000274658203,149100,0.0,0.0
2025-02-05 00:00:00-05:00,67.98999786376953,68.26000213623047,67.4000015258789,67.98999786376953,177100,0.0,0.0
2025-02-06 00:00:00-05:00,68.12000274658203,68.36000061035156,66.79000091552734,68.05000305175781,141300,0.0,0.0
2025-02-07 00:00:00-05:00,67.88999938964844,68.27999877929688,66.87000274658203,67.31999969482422,106900,0.0,0.0
2025-02-10 00:00:00-05:00,67.44000244140625,68.66000366210938,67.04000091552734,68.45999908447266,150200,0.0,0.0
2025-02-11 00:00:00-05:00,67.91999816894531,69.16000366210938,67.33999633789062,69.05999755859375,128800,0.0,0.0
2025-02-12 00:00:00-05:00,68.01000213623047,68.97000122070312,68.0,68.0199966430664,175600,0.0,0.0
2025-02-13 00:00:00-05:00,68.51000213623047,68.51000213623047,66.13999938964844,66.1500015258789,138300,0.0,0.0
2025-02-14 00:00:00-05:00,66.55999755859375,66.55999755859375,64.36000061035156,64.83000183105469,193600,0.0,0.0
2025-02-18 00:00:00-05:00,65.0,65.41000366210938,64.37999725341797,65.02999877929688,174800,0.0,0.0
2025-02-19 00:00:00-05:00,64.75,65.41999816894531,64.06999969482422,64.29000091552734,238500,0.0,0.0
2025-02-20 00:00:00-05:00,64.19000244140625,64.36000061035156,63.279998779296875,64.11000061035156,175800,0.0,0.0
2025-02-21 00:00:00-05:00,64.66000366210938,64.66000366210938,61.75,61.869998931884766,207900,0.0,0.0
2025-02-24 00:00:00-05:00,62.439998626708984,62.81999969482422,61.529998779296875,62.11000061035156,248700,0.0,0.0
2025-02-25 00:00:00-05:00,62.43000030517578,63.599998474121094,62.43000030517578,63.41999816894531,250200,0.0,0.0
2025-02-26 00:00:00-05:00,63.72999954223633,64.61000061035156,63.150001525878906,63.65999984741211,138000,0.0,0.0
2025-02-27 00:00:00-05:00,64.08999633789062,65.5999984741211,63.93000030517578,64.83999633789062,151900,0.0,0.0
2025-02-28 00:00:00-05:00,64.54000091552734,65.47000122070312,63.95000076293945,65.0199966430664,163500,0.0,0.0
2025-03-03 00:00:00-05:00,65.1500015258789,65.44999694824219,62.900001525878906,63.22999954223633,200600,0.0,0.0
2025-03-04 00:00:00-05:00,62.369998931884766,63.720001220703125,61.18000030517578,62.65999984741211,213400,0.0,0.0
2025-03-05 00:00:00-05:00,62.72999954223633,64.26000213623047,62.65999984741211,64.0999984741211,137800,0.0,0.0
2025-03-06 00:00:00-05:00,63.54999923706055,64.87000274658203,62.869998931884766,64.08999633789062,256600,0.0,0.0
2025-03-07 00:00:00-05:00,63.72999954223633,65.83000183105469,63.099998474121094,64.5199966430664,253700,0.0,0.0
2025-03-10 00:00:00-04:00,63.540000915527344,65.08000183105469,63.2400016784668,64.12000274658203,362800,0.0,0.0
2025-03-11 00:00:00-04:00,64.08999633789062,66.0,63.619998931884766,65.37999725341797,246600,0.0,0.0
2025-03-12 00:00:00-04:00,65.76000213623047,66.69000244140625,63.939998626708984,66.25,241400,0.0,0.0
2025-03-13 00:00:00-04:00,66.51000213623047,66.91000366210938,65.3499984741211,66.19999694824219,188100,0.0,0.0
2025-03-14 00:00:00-04:00,66.81999969482422,67.44999694824219,66.37999725341797,67.23999786376953,148500,0.0,0.0
2025-03-17 00:00:00-04:00,67.04000091552734,68.22000122070312,67.04000091552734,67.95999908447266,179700,0.0,0.0
2025-03-18 00:00:00-04:00,67.79000091552734,68.4000015258789,67.38999938964844,67.76000213623047,164700,0.0,0.0
2025-03-19 00:00:00-04:00,68.27999877929688,69.26000213623047,66.76000213623047,68.77999877929688,313500,0.0,0.0
2025-03-20 00:00:00-04:00,68.5,69.08000183105469,67.58000183105469,67.80999755859375,197500,0.0,0.0
2025-03-21 00:00:00-04:00,67.25,68.06999969482422,66.66000366210938,67.93000030517578,729700,0.0,0.0
2025-03-24 00:00:00-04:00,68.83000183105469,70.06999969482422,68.41999816894531,69.97000122070312,251000,0.0,0.0
2025-03-25 00:00:00-04:00,69.9000015258789,70.8499984741211,69.2699966430664,69.62000274658203,262700,0.0,0.0
2025-03-26 00:00:00-04:00,69.55999755859375,70.63999938964844,69.37000274658203,69.69999694824219,230900,0.0,0.0
2025-03-27 00:00:00-04:00,69.77999877929688,70.44000244140625,67.94000244140625,68.3499984741211,419400,0.0,0.0
2025-03-28 00:00:00-04:00,63.58000183105469,65.08000183105469,56.02000045776367,57.13999938964844,1450800,0.0,0.0
2025-03-31 00:00:00-04:00,56.47999954223633,56.880001068115234,54.220001220703125,55.9900016784668,624500,0.0,0.0
2025-04-01 00:00:00-04:00,55.52000045776367,55.779998779296875,54.63999938964844,55.369998931884766,399400,0.0,0.0
2025-04-02 00:00:00-04:00,54.58000183105469,58.0,54.560001373291016,57.61000061035156,484600,0.0,0.0
2025-04-03 00:00:00-04:00,54.72999954223633,55.68000030517578,53.150001525878906,53.58000183105469,496100,0.0,0.0
2025-04-04 00:00:00-04:00,51.650001525878906,52.08000183105469,48.79999923706055,50.08000183105469,463700,0.0,0.0
2025-04-07 00:00:00-04:00,48.36000061035156,51.61000061035156,46.5099983215332,48.97999954223633,632200,0.0,0.0
2025-04-08 00:00:00-04:00,50.0099983215332,52.15999984741211,48.0,48.560001373291016,419400,0.0,0.0
2025-04-09 00:00:00-04:00,48.36000061035156,55.20000076293945,47.95000076293945,54.18000030517578,547100,0.0,0.0
2025-04-10 00:00:00-04:00,52.540000915527344,53.630001068115234,50.779998779296875,52.099998474121094,340200,0.0,0.0
2025-04-11 00:00:00-04:00,51.880001068115234,53.619998931884766,50.58000183105469,53.38999938964844,244000,0.0,0.0
2025-04-14 00:00:00-04:00,54.36000061035156,55.04999923706055,53.279998779296875,54.209999084472656,215100,0.0,0.0
2025-04-15 00:00:00-04:00,53.91999816894531,54.5,52.79999923706055,53.22999954223633,205700,0.0,0.0
2025-04-16 00:00:00-04:00,52.939998626708984,53.650001525878906,52.040000915527344,52.7599983215332,220400,0.0,0.0
2025-04-17 00:00:00-04:00,52.720001220703125,53.560001373291016,52.150001525878906,52.810001373291016,249500,0.0,0.0
2025-04-21 00:00:00-04:00,52.11000061035156,52.11000061035156,50.5,51.02000045776367,219200,0.0,0.0
2025-04-22 00:00:00-04:00,51.5,51.900001525878906,50.279998779296875,50.90999984741211,302400,0.0,0.0
2025-04-23 00:00:00-04:00,52.849998474121094,52.95000076293945,51.75,51.7599983215332,300200,0.0,0.0
2025-04-24 00:00:00-04:00,51.869998931884766,53.63999938964844,51.7599983215332,52.63999938964844,244700,0.0,0.0
2025-04-25 00:00:00-04:00,51.83000183105469,52.86000061035156,51.83000183105469,52.849998474121094,267100,0.0,0.0
2025-04-28 00:00:00-04:00,52.869998931884766,53.790000915527344,52.81999969482422,53.4900016784668,204500,0.0,0.0
2025-04-29 00:00:00-04:00,53.38999938964844,54.189998626708984,53.38999938964844,53.880001068115234,272500,0.0,0.0
2025-04-30 00:00:00-04:00,53.310001373291016,53.61000061035156,52.4900016784668,53.459999084472656,293400,0.0,0.0
2025-05-01 00:00:00-04:00,53.880001068115234,55.58000183105469,53.20000076293945,55.099998474121094,226500,0.0,0.0
2025-05-02 00:00:00-04:00,56.0099983215332,57.31999969482422,55.529998779296875,56.7599983215332,288500,0.0,0.0
2025-05-05 00:00:00-04:00,56.099998474121094,57.290000915527344,55.900001525878906,57.040000915527344,267600,0.0,0.0
2025-05-06 00:00:00-04:00,56.209999084472656,59.22999954223633,55.959999084472656,58.779998779296875,251300,0.0,0.0
2025-05-07 00:00:00-04:00,59.08000183105469,59.869998931884766,58.45000076293945,59.04999923706055,209700,0.0,0.0
2025-05-08 00:00:00-04:00,59.779998779296875,60.189998626708984,58.43000030517578,59.56999969482422,178000,0.0,0.0
2025-05-09 00:00:00-04:00,60.02000045776367,60.13999938964844,58.72999954223633,59.81999969482422,201900,0.0,0.0
2025-05-12 00:00:00-04:00,62.52000045776367,62.52000045776367,60.5099983215332,61.220001220703125,277300,0.0,0.0
2025-05-13 00:00:00-04:00,61.470001220703125,61.970001220703125,60.849998474121094,61.380001068115234,187900,0.0,0.0
2025-05-14 00:00:00-04:00,61.189998626708984,61.70000076293945,60.86000061035156,61.060001373291016,230700,0.0,0.0
2025-05-15 00:00:00-04:00,61.380001068115234,62.41999816894531,61.060001373291016,62.15999984741211,183200,0.0,0.0
2025-05-16 00:00:00-04:00,62.22999954223633,63.04999923706055,61.630001068115234,62.68000030517578,208800,0.0,0.0
2025-05-19 00:00:00-04:00,61.97999954223633,63.02000045776367,61.06999969482422,62.95000076293945,162300,0.0,0.0
2025-05-20 00:00:00-04:00,62.5099983215332,62.900001525878906,61.810001373291016,61.95000076293945,126600,0.0,0.0
2025-05-21 00:00:00-04:00,61.61000061035156,61.61000061035156,60.209999084472656,60.36000061035156,178300,0.0,0.0
2025-05-22 00:00:00-04:00,60.380001068115234,60.56999969482422,59.66999816894531,60.09000015258789,141200,0.0,0.0
2025-05-23 00:00:00-04:00,58.95000076293945,60.119998931884766,58.83000183105469,59.7599983215332,121000,0.0,0.0
2025-05-27 00:00:00-04:00,60.529998779296875,61.939998626708984,60.209999084472656,61.75,218200,0.0,0.0
2025-05-28 00:00:00-04:00,62.0,63.20000076293945,61.560001373291016,62.720001220703125,230200,0.0,0.0
2025-05-29 00:00:00-04:00,62.849998474121094,62.849998474121094,61.560001373291016,62.150001525878906,169300,0.0,0.0
2025-05-30 00:00:00-04:00,62.31999969482422,62.5,60.61000061035156,61.40999984741211,250600,0.0,0.0
2025-06-02 00:00:00-04:00,61.2599983215332,62.34000015258789,60.7400016784668,62.2599983215332,190400,0.0,0.0
2025-06-03 00:00:00-04:00,62.58000183105469,64.5199966430664,62.209999084472656,64.5,412600,0.0,0.0
2025-06-04 00:00:00-04:00,64.87000274658203,65.98999786376953,64.4800033569336,65.31999969482422,218700,0.0,0.0
2025-06-05 00:00:00-04:00,65.56999969482422,66.52999877929688,64.98999786376953,66.29000091552734,235000,0.0,0.0
2025-06-06 00:00:00-04:00,67.36000061035156,67.7300033569336,65.79000091552734,66.87999725341797,310100,0.0,0.0
2025-06-09 00:00:00-04:00,67.30000305175781,68.1500015258789,66.86000061035156,67.3499984741211,259700,0.0,0.0
2025-06-10 00:00:00-04:00,67.55000305175781,68.0999984741211,67.08000183105469,67.7699966430664,200900,0.0,0.0
2025-06-11 00:00:00-04:00,68.1500015258789,69.08999633789062,67.33000183105469,68.20999908447266,298600,0.0,0.0
2025-06-12 00:00:00-04:00,67.47000122070312,69.1500015258789,67.47000122070312,68.7699966430664,283400,0.0,0.0
2025-06-13 00:00:00-04:00,68.5,69.30999755859375,67.5199966430664,68.62999725341797,271800,0.0,0.0
2025-06-16 00:00:00-04:00,68.97000122070312,69.36000061035156,67.77999877929688,67.94999694824219,202500,0.0,0.0
2025-06-17 00:00:00-04:00,67.6500015258789,68.48999786376953,67.33000183105469,67.68000030517578,200700,0.0,0.0
2025-06-18 00:00:00-04:00,67.33000183105469,68.38999938964844,66.68000030517578,66.94999694824219,270200,0.0,0.0
2025-06-20 00:00:00-04:00,67.44000244140625,68.3499984741211,66.75,67.5199966430664,695700,0.0,0.0
2025-06-23 00:00:00-04:00,67.5,68.47000122070312,67.16000366210938,68.37000274658203,284900,0.0,0.0
2025-06-24 00:00:00-04:00,68.75,68.75,67.69999694824219,67.83999633789062,186400,0.0,0.0
2025-06-25 00:00:00-04:00,67.94999694824219,68.1500015258789,67.12999725341797,67.26000213623047,174900,0.0,0.0
2025-06-26 00:00:00-04:00,67.3499984741211,68.58000183105469,67.04000091552734,68.58000183105469,240700,0.0,0.0
2025-06-27 00:00:00-04:00,68.7699966430664,69.48999786376953,68.18000030517578,69.04000091552734,452200,0.0,0.0
2025-06-30 00:00:00-04:00,69.0,69.62000274658203,68.16000366210938,68.79000091552734,226300,0.0,0.0
2025-07-01 00:00:00-04:00,68.80000305175781,70.27999877929688,68.30000305175781,69.47000122070312,204100,0.0,0.0
2025-07-02 00:00:00-04:00,69.5,71.18000030517578,68.66999816894531,71.08000183105469,274400,0.0,0.0
2025-07-03 00:00:00-04:00,71.5,71.9800033569336,70.94999694824219,71.45999908447266,121100,0.0,0.0
2025-07-07 00:00:00-04:00,71.44999694824219,71.80000305175781,70.26000213623047,70.5999984741211,207100,0.0,0.0
2025-07-08 00:00:00-04:00,70.52999877929688,72.02999877929688,69.16999816894531,71.6500015258789,485800,0.0,0.0
2025-07-09 00:00:00-04:00,71.94000244140625,74.19000244140625,71.6500015258789,73.26000213623047,416200,0.0,0.0
2025-07-10 00:00:00-04:00,73.52999877929688,74.69999694824219,73.11000061035156,74.55000305175781,284400,0.0,0.0
2025-07-11 00:00:00-04:00,75.27999877929688,76.26000213623047,74.12000274658203,74.83999633789062,570300,0.0,0.0
2025-07-14 00:00:00-04:00,74.48999786376953,74.81999969482422,73.87000274658203,74.72000122070312,447500,0.0,0.0
2025-07-15 00:00:00-04:00,74.61000061035156,75.0,73.37000274658203,73.38999938964844,432700,0.0,0.0
2025-07-16 00:00:00-04:00,73.79000091552734,76.0,73.26000213623047,74.87999725341797,696700,0.0,0.0
2025-07-17 00:00:00-04:00,78.18000030517578,86.43000030517578,78.18000030517578,85.0999984741211,1812000,0.0,0.0
2025-07-18 00:00:00-04:00,84.97000122070312,85.26000213623047,81.29000091552734,83.63999938964844,914800,0.0,0.0
2025-07-21 00:00:00-04:00,83.69000244140625,83.87000274658203,80.47000122070312,80.55000305175781,445200,0.0,0.0
2025-07-22 00:00:00-04:00,79.88999938964844,80.41000366210938,78.0,79.01000213623047,391800,0.0,0.0
2025-07-23 00:00:00-04:00,79.58000183105469,79.62999725341797,76.41999816894531,79.44999694824219,786600,0.0,0.0
2025-07-24 00:00:00-04:00,78.91999816894531,79.26000213623047,77.37000274658203,77.5,609700,0.0,0.0
2025-07-25 00:00:00-04:00,78.52999877929688,78.58000183105469,76.30000305175781,76.4800033569336,382600,0.0,0.0
2025-07-28 00:00:00-04:00,76.9800033569336,77.27999877929688,75.26000213623047,76.80000305175781,376900,0.0,0.0
2025-07-29 00:00:00-04:00,76.97000122070312,77.05000305175781,74.91000366210938,76.0999984741211,304800,0.0,0.0
2025-07-30 00:00:00-04:00,76.19000244140625,76.72000122070312,74.88999938964844,75.81999969482422,367100,0.0,0.0
2025-07-31 00:00:00-04:00,75.11000061035156,75.66999816894531,74.16000366210938,74.70999908447266,356300,0.0,0.0
2025-08-01 00:00:00-04:00,73.76000213623047,73.76000213623047,71.6500015258789,72.98999786376953,339500,0.0,0.0
2025-08-04 00:00:00-04:00,73.27999877929688,73.97000122070312,72.75,73.54000091552734,385300,0.0,0.0
2025-08-05 00:00:00-04:00,73.05000305175781,74.25,72.08000183105469,72.4000015258789,294200,0.0,0.0
2025-08-06 00:00:00-04:00,72.37000274658203,72.56999969482422,71.43000030517578,72.08000183105469,244800,0.0,0.0
2025-08-07 00:00:00-04:00,72.86000061035156,73.48999786376953,71.56999969482422,72.05999755859375,274400,0.0,0.0
2025-08-08 00:00:00-04:00,72.80999755859375,76.33000183105469,72.5999984741211,74.79000091552734,708400,0.0,0.0
2025-08-11 00:00:00-04:00,76.68000030517578,77.91999816894531,74.37000274658203,75.4000015258789,787500,0.0,0.0
2025-08-12 00:00:00-04:00,75.62000274658203,78.12999725341797,75.55000305175781,78.01000213623047,495600,0.0,0.0
2025-08-13 00:00:00-04:00,78.62999725341797,78.75,76.0999984741211,78.68000030517578,442600,0.0,0.0
2025-08-14 00:00:00-04:00,77.80000305175781,78.0,76.33000183105469,77.1500015258789,348600,0.0,0.0
2025-08-15 00:00:00-04:00,77.0999984741211,77.0999984741211,75.12000274658203,75.37999725341797,375300,0.0,0.0
2025-08-18 00:00:00-04:00,75.0999984741211,76.0999984741211,74.73999786376953,75.75,247500,0.0,0.0
2025-08-19 00:00:00-04:00,75.69999694824219,75.79000091552734,73.38999938964844,73.8499984741211,242800,0.0,0.0
2025-08-20 00:00:00-04:00,73.58000183105469,73.86000061035156,71.66999816894531,71.7699966430664,363800,0.0,0.0
2025-08-21 00:00:00-04:00,71.7699966430664,72.55999755859375,71.7300033569336,71.7300033569336,187900,0.0,0.0
2025-08-22 00:00:00-04:00,72.12999725341797,76.3499984741211,72.0,75.81999969482422,422900,0.0,0.0
2025-08-25 00:00:00-04:00,75.81999969482422,76.29000091552734,74.9800033569336,75.08999633789062,236700,0.0,0.0
2025-08-26 00:00:00-04:00,75.3499984741211,76.94999694824219,75.3499984741211,76.79000091552734,238900,0.0,0.0
2025-08-27 00:00:00-04:00,76.69999694824219,77.2699966430664,75.80000305175781,75.81999969482422,257600,0.0,0.0
2025-08-28 00:00:00-04:00,75.91999816894531,76.38999938964844,74.94000244140625,75.80999755859375,259500,0.0,0.0
2025-08-29 00:00:00-04:00,76.0,76.44000244140625,74.76000213623047,75.66000366210938,206300,0.0,0.0
2025-09-02 00:00:00-04:00,74.69000244140625,76.4800033569336,74.02999877929688,76.37000274658203,267500,0.0,0.0
2025-09-03 00:00:00-04:00,76.12999725341797,77.0,75.16000366210938,75.68000030517578,385500,0.0,0.0
2025-09-04 00:00:00-04:00,76.0,77.16000366210938,75.58000183105469,77.11000061035156,243300,0.0,0.0
2025-09-05 00:00:00-04:00,77.9000015258789,78.25,75.06999969482422,75.30000305175781,326300,0.0,0.0
2025-09-08 00:00:00-04:00,75.4000015258789,75.9800033569336,74.37000274658203,74.7699966430664,237500,0.0,0.0
2025-09-09 00:00:00-04:00,74.73999786376953,74.73999786376953,73.05000305175781,73.91999816894531,212900,0.0,0.0
2025-09-10 00:00:00-04:00,73.44999694824219,75.16000366210938,73.37999725341797,74.05000305175781,195900,0.0,0.0
2025-09-11 00:00:00-04:00,74.25,75.61000061035156,73.95999908447266,75.31999969482422,197700,0.0,0.0
2025-09-12 00:00:00-04:00,75.05999755859375,75.19000244140625,73.93000030517578,74.19000244140625,161100,0.0,0.0
2025-09-15 00:00:00-04:00,74.2300033569336,74.66000366210938,73.26000213623047,74.43000030517578,364600,0.0,0.0
2025-09-16 00:00:00-04:00,74.9000015258789,77.13999938964844,74.23999786376953,75.75,424500,0.0,0.0
2025-09-17 00:00:00-04:00,75.45999908447266,76.27999877929688,74.41000366210938,74.76000213623047,414300,0.0,0.0
2025-09-18 00:00:00-04:00,74.79000091552734,76.12999725341797,74.29000091552734,75.93000030517578,358000,0.0,0.0
2025-09-19 00:00:00-04:00,76.20999908447266,76.44000244140625,74.55999755859375,75.30000305175781,851400,0.0,0.0
2025-09-22 00:00:00-04:00,75.30999755859375,77.5,75.30999755859375,76.9000015258789,651300,0.0,0.0
2025-09-23 00:00:00-04:00,77.16000366210938,78.87000274658203,76.3499984741211,78.3499984741211,1330300,0.0,0.0
2025-09-24 00:00:00-04:00,77.5,82.61000061035156,74.25,81.62000274658203,1431500,0.0,0.0
2025-09-25 00:00:00-04:00,80.12000274658203,82.94000244140625,79.31999969482422,82.66000366210938,799300,0.0,0.0
2025-09-26 00:00:00-04:00,83.4000015258789,87.66999816894531,83.26000213623047,86.33999633789062,995100,0.0,0.0
2025-09-29 00:00:00-04:00,87.55000305175781,88.54000091552734,85.70999908447266,87.9000015258789,655400,0.0,0.0
2025-09-30 00:00:00-04:00,87.16000366210938,89.69000244140625,87.06999969482422,89.66999816894531,683800,0.0,0.0
2025-10-01 00:00:00-04:00,84.62000274658203,84.87999725341797,82.33999633789062,84.33999633789062,2693700,0.0,0.0
2025-10-02 00:00:00-04:00,85.5,85.9000015258789,82.9000015258789,83.94999694824219,1659600,0.0,0.0
2025-10-03 00:00:00-04:00,84.05999755859375,84.80000305175781,81.69000244140625,81.80000305175781,773300,0.0,0.0
2025-10-06 00:00:00-04:00,82.87000274658203,83.7300033569336,82.45999908447266,83.3499984741211,789000,0.0,0.0
2025-10-07 00:00:00-04:00,83.30000305175781,83.80999755859375,81.66000366210938,83.05999755859375,456400,0.0,0.0
2025-10-08 00:00:00-04:00,83.41000366210938,84.02999877929688,82.80000305175781,84.01000213623047,450100,0.0,0.0
2025-10-09 00:00:00-04:00,84.01000213623047,84.48999786376953,80.63999938964844,81.2699966430664,459600,0.0,0.0
2025-10-10 00:00:00-04:00,81.0,81.41000366210938,77.7699966430664,78.31999969482422,616800,0.0,0.0
2025-10-13 00:00:00-04:00,79.2699966430664,81.37999725341797,78.33999633789062,81.27999877929688,299800,0.0,0.0
2025-10-14 00:00:00-04:00,80.41000366210938,83.48999786376953,79.68000030517578,82.93000030517578,343700,0.0,0.0
2025-10-15 00:00:00-04:00,83.79000091552734,84.0,81.86000061035156,82.79000091552734,276600,0.0,0.0
2025-10-16 00:00:00-04:00,83.37999725341797,84.81999969482422,82.7300033569336,82.86000061035156,645400,0.0,0.0
2025-10-17 00:00:00-04:00,82.37999725341797,83.01000213623047,81.62999725341797,83.01000213623047,290800,0.0,0.0
2025-10-20 00:00:00-04:00,84.01000213623047,84.9000015258789,83.80000305175781,84.0199966430664,306200,0.0,0.0
2025-10-21 00:00:00-04:00,84.61000061035156,85.20999908447266,83.6500015258789,84.7300033569336,221400,0.0,0.0
2025-10-22 00:00:00-04:00,85.0199966430664,85.33000183105469,80.73999786376953,81.33000183105469,359700,0.0,0.0
2025-10-23 00:00:00-04:00,81.37999725341797,86.06999969482422,81.37999725341797,85.69000244140625,374100,0.0,0.0
2025-10-24 00:00:00-04:00,86.51000213623047,87.33999633789062,86.1500015258789,86.4800033569336,225700,0.0,0.0
2025-10-27 00:00:00-04:00,87.25,87.55000305175781,84.2300033569336,84.58999633789062,345200,0.0,0.0
2025-10-28 00:00:00-04:00,84.97000122070312,85.3499984741211,83.79000091552734,84.55999755859375,390300,0.0,0.0
2025-10-29 00:00:00-04:00,84.58000183105469,86.58000183105469,83.94999694824219,84.83999633789062,336400,0.0,0.0
2025-10-30 00:00:00-04:00,84.87000274658203,86.33000183105469,83.4800033569336,84.22000122070312,391600,0.0,0.0
2025-10-31 00:00:00-04:00,84.5999984741211,85.16999816894531,83.72000122070312,84.20999908447266,331200,0.0,0.0
2025-11-03 00:00:00-05:00,84.5,85.80999755859375,82.29000091552734,85.7300033569336,348200,0.0,0.0
2025-11-04 00:00:00-05:00,83.95999908447266,84.77999877929688,83.0,83.95999908447266,275400,0.0,0.0
2025-11-05 00:00:00-05:00,83.33999633789062,84.18000030517578,82.29000091552734,83.5999984741211,313900,0.0,0.0
2025-11-06 00:00:00-05:00,83.25,84.06999969482422,81.97000122070312,82.25,296100,0.0,0.0
2025-11-07 00:00:00-05:00,81.6500015258789,83.25,80.25,82.41999816894531,241200,0.0,0.0
2025-11-10 00:00:00-05:00,83.25,84.30999755859375,82.5,83.30999755859375,364200,0.0,0.0
2025-11-11 00:00:00-05:00,83.01000213623047,84.06999969482422,82.3499984741211,83.83999633789062,360000,0.0,0.0
2025-11-12 00:00:00-05:00,83.8499984741211,86.23999786376953,82.43000030517578,83.6500015258789,467600,0.0,0.0
2025-11-13 00:00:00-05:00,83.0,83.58000183105469,79.7699966430664,80.08000183105469,414500,0.0,0.0
2025-11-14 00:00:00-05:00,79.0,82.4000015258789,78.52999877929688,81.80999755859375,422600,0.0,0.0
2025-11-17 00:00:00-05:00,81.52999877929688,82.22000122070312,78.6500015258789,78.94999694824219,305700,0.0,0.0
2025-11-18 00:00:00-05:00,77.95999908447266,79.25,76.9000015258789,77.76000213623047,274900,0.0,0.0
2025-11-19 00:00:00-05:00,77.44999694824219,78.88999938964844,77.16000366210938,78.55999755859375,289900,0.0,0.0
2025-11-20 00:00:00-05:00,80.30000305175781,81.44000244140625,77.18000030517578,77.3499984741211,382700,0.0,0.0
2025-11-21 00:00:00-05:00,77.2699966430664,78.47000122070312,76.0999984741211,77.69000244140625,430000,0.0,0.0
2025-11-24 00:00:00-05:00,78.05000305175781,79.93000030517578,77.16999816894531,79.66999816894531,447400,0.0,0.0
2025-11-25 00:00:00-05:00,79.87999725341797,83.19999694824219,79.87999725341797,82.51000213623047,474600,0.0,0.0
2025-11-26 00:00:00-05:00,82.54000091552734,84.94999694824219,82.54000091552734,82.9800033569336,487800,0.0,0.0
2025-11-28 00:00:00-05:00,83.20999908447266,83.58999633789062,82.26000213623047,83.20999908447266,181400,0.0,0.0
2025-12-01 00:00:00-05:00,82.44999694824219,83.02999877929688,81.19999694824219,81.5999984741211,290100,0.0,0.0
2025-12-02 00:00:00-05:00,82.80000305175781,83.97000122070312,82.08999633789062,82.87999725341797,400200,0.0,0.0
2025-12-03 00:00:00-05:00,82.87999725341797,83.0999984741211,80.9000015258789,82.63999938964844,202300,0.0,0.0
2025-12-04 00:00:00-05:00,83.44000244140625,84.77999877929688,82.5,83.79000091552734,206400,0.0,0.0
2025-12-05 00:00:00-05:00,81.56999969482422,83.3499984741211,80.69000244140625,82.69999694824219,296300,0.0,0.0
2025-12-08 00:00:00-05:00,82.79000091552734,82.98999786376953,79.95999908447266,81.12999725341797,327400,0.0,0.0
2025-12-09 00:00:00-05:00,81.26000213623047,82.20999908447266,79.19000244140625,79.47000122070312,291900,0.0,0.0
2025-12-10 00:00:00-05:00,78.62000274658203,82.88999938964844,78.62000274658203,82.25,407900,0.0,0.0
2025-12-11 00:00:00-05:00,82.9000015258789,84.79000091552734,81.6500015258789,84.33999633789062,343600,0.0,0.0
2025-12-12 00:00:00-05:00,84.62000274658203,85.3499984741211,82.88999938964844,83.68000030517578,330100,0.0,0.0
2025-12-15 00:00:00-05:00,84.12000274658203,84.91000366210938,82.23999786376953,82.70999908447266,284200,0.0,0.0
2025-12-16 00:00:00-05:00,82.5999984741211,84.18000030517578,80.9000015258789,81.48999786376953,264800,0.0,0.0
2025-12-17 00:00:00-05:00,83.93000030517578,84.41999816894531,80.9000015258789,81.20999908447266,343700,0.0,0.0
2025-12-18 00:00:00-05:00,82.87999725341797,83.77999877929688,81.54000091552734,81.87999725341797,347300,0.0,0.0
2025-12-19 00:00:00-05:00,81.69000244140625,83.5999984741211,81.69000244140625,82.70999908447266,1784000,0.0,0.0
2025-12-22 00:00:00-05:00,83.62999725341797,87.45999908447266,83.0,86.18000030517578,337600,0.0,0.0
2025-12-23 00:00:00-05:00,85.83999633789062,86.62999725341797,84.76000213623047,85.44000244140625,258100,0.0,0.0
2025-12-24 00:00:00-05:00,85.52999877929688,86.58999633789062,85.33999633789062,86.02999877929688,95600,0.0,0.0
2025-12-26 00:00:00-05:00,85.81999969482422,86.47000122070312,85.0199966430664,85.06999969482422,147500,0.0,0.0
2025-12-29 00:00:00-05:00,84.83000183105469,85.2300033569336,83.9800033569336,84.51000213623047,230400,0.0,0.0
2025-12-30 00:00:00-05:00,84.95999908447266,84.95999908447266,83.4000015258789,83.5199966430664,242000,0.0,0.0
2025-12-31 00:00:00-05:00,83.75,84.22000122070312,82.6500015258789,82.79000091552734,242700,0.0,0.0
2026-01-02 00:00:00-05:00,83.1500015258789,84.76000213623047,82.44999694824219,84.44999694824219,364000,0.0,0.0
2026-01-05 00:00:00-05:00,85.41999816894531,88.98999786376953,85.22000122070312,88.0199966430664,641900,0.0,0.0
2026-01-06 00:00:00-05:00,89.61000061035156,90.08999633789062,86.69999694824219,89.45999908447266,1772500,0.0,0.0
2026-01-07 00:00:00-05:00,94.91000366210938,97.0,89.76000213623047,91.33999633789062,2195600,0.0,0.0
2026-01-08 00:00:00-05:00,93.0,97.66999816894531,92.20999908447266,94.7300033569336,914100,0.0,0.0
2026-01-09 00:00:00-05:00,95.91000366210938,97.33000183105469,95.44000244140625,97.02999877929688,837100,0.0,0.0
2026-01-12 00:00:00-05:00,97.5,98.91999816894531,96.45999908447266,98.2300033569336,506300,0.0,0.0
2026-01-13 00:00:00-05:00,99.04000091552734,99.6500015258789,97.26000213623047,97.70999908447266,688900,0.0,0.0
2026-01-14 00:00:00-05:00,98.08999633789062,101.44000244140625,97.11000061035156,101.08000183105469,771600,0.0,0.0
2026-01-15 00:00:00-05:00,101.33999633789062,106.19000244140625,100.94999694824219,105.73999786376953,482800,0.0,0.0
2026-01-16 00:00:00-05:00,106.13999938964844,107.05000305175781,104.44999694824219,105.08000183105469,597500,0.0,0.0
2026-01-20 00:00:00-05:00,103.4000015258789,105.5,102.37999725341797,103.66999816894531,346800,0.0,0.0
2026-01-21 00:00:00-05:00,103.93000030517578,107.55999755859375,103.0999984741211,107.05999755859375,370900,0.0,0.0
2026-01-22 00:00:00-05:00,107.02999877929688,107.79000091552734,103.68000030517578,107.73999786376953,320600,0.0,0.0
2026-01-23 00:00:00-05:00,107.37999725341797,107.81999969482422,104.51000213623047,105.66000366210938,261400,0.0,0.0
2026-01-26 00:00:00-05:00,105.05000305175781,105.48999786376953,103.41000366210938,104.26000213623047,324600,0.0,0.0
2026-01-27 00:00:00-05:00,104.5999984741211,106.20999908447266,104.0,105.47000122070312,360200,0.0,0.0
2026-01-28 00:00:00-05:00,106.0199966430664,107.16000366210938,103.30000305175781,104.05999755859375,585100,0.0,0.0
2026-01-29 00:00:00-05:00,105.68000030517578,108.36000061035156,103.48999786376953,106.66999816894531,524000,0.0,0.0
2026-01-30 00:00:00-05:00,105.55999755859375,106.75,104.30999755859375,105.91000366210938,446200,0.0,0.0
2026-02-02 00:00:00-05:00,104.68000030517578,108.47000122070312,104.06999969482422,108.0,450000,0.0,0.0
2026-02-03 00:00:00-05:00,109.0,110.01000213623047,105.9800033569336,109.88999938964844,635200,0.0,0.0
2026-02-04 00:00:00-05:00,110.20999908447266,110.38999938964844,104.05000305175781,107.12999725341797,722200,0.0,0.0
2026-02-05 00:00:00-05:00,105.2300033569336,108.47000122070312,104.26000213623047,106.87000274658203,437100,0.0,0.0
2026-02-06 00:00:00-05:00,108.72000122070312,113.6500015258789,108.69000244140625,113.08999633789062,416700,0.0,0.0
2026-02-09 00:00:00-05:00,113.56999969482422,115.91999816894531,113.16000366210938,114.33999633789062,366800,0.0,0.0
2026-02-10 00:00:00-05:00,114.30000305175781,115.0,111.66999816894531,113.11000061035156,315400,0.0,0.0
2026-02-11 00:00:00-05:00,115.0,115.5199966430664,112.0,113.56999969482422,333400,0.0,0.0
2026-02-12 00:00:00-05:00,114.0999984741211,118.0,112.48999786376953,113.22000122070312,340500,0.0,0.0
2026-02-13 00:00:00-05:00,113.0,115.91999816894531,112.4800033569336,112.9800033569336,433900,0.0,0.0
2026-02-17 00:00:00-05:00,112.87000274658203,114.72000122070312,111.6500015258789,113.54000091552734,235700,0.0,0.0
2026-02-18 00:00:00-05:00,114.1500015258789,116.19999694824219,112.66999816894531,114.62999725341797,331300,0.0,0.0
2026-02-19 00:00:00-05:00,113.9000015258789,116.0,113.9000015258789,115.55000305175781,299700,0.0,0.0
2026-02-20 00:00:00-05:00,115.38999938964844,117.33999633789062,114.63999938964844,116.97000122070312,319100,0.0,0.0
2026-02-23 00:00:00-05:00,116.37999725341797,116.97000122070312,114.05999755859375,116.69000244140625,411000,0.0,0.0
2026-02-24 00:00:00-05:00,115.9800033569336,118.80999755859375,115.97000122070312,118.26000213623047,336300,0.0,0.0
2026-02-25 00:00:00-05:00,119.01000213623047,119.23999786376953,115.6500015258789,117.05999755859375,284400,0.0,0.0
2026-02-26 00:00:00-05:00,117.02999877929688,118.55999755859375,115.0999984741211,118.16999816894531,267000,0.0,0.0
2026-02-27 00:00:00-05:00,116.8499984741211,117.8499984741211,115.56999969482422,117.16999816894531,347200,0.0,0.0
2026-03-02 00:00:00-05:00,118.7300033569336,121.63999938964844,116.88999938964844,119.7699966430664,419100,0.0,0.0
2026-03-03 00:00:00-05:00,117.7699966430664,118.48999786376953,113.86000061035156,116.83999633789062,336700,0.0,0.0
2026-03-04 00:00:00-05:00,118.69000244140625,119.5999984741211,116.36000061035156,118.61000061035156,321600,0.0,0.0
2026-03-05 00:00:00-05:00,117.52999877929688,118.44000244140625,108.83999633789062,110.70999908447266,547900,0.0,0.0
2026-03-06 00:00:00-05:00,108.5199966430664,110.66000366210938,107.20999908447266,108.5199966430664,563600,0.0,0.0
2026-03-09 00:00:00-04:00,106.0999984741211,108.33999633789062,102.45999908447266,107.87000274658203,687200,0.0,0.0
2026-03-10 00:00:00-04:00,107.56999969482422,110.91000366210938,107.01000213623047,108.30000305175781,272700,0.0,0.0
2026-03-11 00:00:00-04:00,107.08999633789062,108.76000213623047,105.20999908447266,108.31999969482422,277600,0.0,0.0
2026-03-12 00:00:00-04:00,105.6500015258789,107.4000015258789,103.61000061035156,103.77999877929688,366200,0.0,0.0
2026-03-13 00:00:00-04:00,105.27999877929688,106.44999694824219,99.18000030517578,101.91000366210938,425400,0.0,0.0
2026-03-16 00:00:00-04:00,104.0,106.5,103.80000305175781,105.63999938964844,505500,0.0,0.0
2026-03-17 00:00:00-04:00,106.38999938964844,109.37000274658203,105.69999694824219,108.76000213623047,611300,0.0,0.0
2026-03-18 00:00:00-04:00,109.11000061035156,109.87999725341797,108.44000244140625,108.8499984741211,482200,0.0,0.0
2026-03-19 00:00:00-04:00,107.08999633789062,109.9000015258789,105.77999877929688,109.20999908447266,593100,0.0,0.0
2026-03-20 00:00:00-04:00,108.66000366210938,109.38999938964844,100.62000274658203,101.33000183105469,1343400,0.0,0.0
2026-03-23 00:00:00-04:00,104.11000061035156,106.75,102.81999969482422,103.48999786376953,459300,0.0,0.0
2026-03-24 00:00:00-04:00,102.83000183105469,108.98999786376953,102.69999694824219,107.80999755859375,1026600,0.0,0.0
2026-03-25 00:00:00-04:00,114.9000015258789,122.97000122070312,112.22000122070312,118.5199966430664,1285000,0.0,0.0
2026-03-26 00:00:00-04:00,117.04000091552734,117.37000274658203,110.27999877929688,110.81999969482422,745900,0.0,0.0
2026-03-27 00:00:00-04:00,109.93000030517578,110.05999755859375,106.94999694824219,107.25,673000,0.0,0.0
2026-03-30 00:00:00-04:00,109.94999694824219,109.94999694824219,102.26000213623047,103.16000366210938,573500,0.0,0.0
2026-03-31 00:00:00-04:00,105.62000274658203,109.62999725341797,103.83999633789062,109.45999908447266,549900,0.0,0.0
2026-04-01 00:00:00-04:00,111.37999725341797,114.6500015258789,111.01000213623047,111.37000274658203,469000,0.0,0.0
2026-04-02 00:00:00-04:00,107.55999755859375,111.69999694824219,107.0,109.77999877929688,410300,0.0,0.0
2026-04-06 00:00:00-04:00,111.05000305175781,114.12000274658203,110.7699966430664,114.0,400900,0.0,0.0
2026-04-07 00:00:00-04:00,113.55000305175781,114.56999969482422,111.20999908447266,113.86000061035156,382600,0.0,0.0
2026-04-08 00:00:00-04:00,118.5,122.63999938964844,117.20999908447266,120.77999877929688,505300,0.0,0.0
2026-04-09 00:00:00-04:00,120.51000213623047,124.55999755859375,120.0199966430664,123.04000091552734,355900,0.0,0.0
2026-04-10 00:00:00-04:00,122.94000244140625,124.05000305175781,119.94000244140625,120.83000183105469,261500,0.0,0.0
2026-04-13 00:00:00-04:00,119.4800033569336,123.94999694824219,119.4800033569336,123.7699966430664,304100,0.0,0.0
2026-04-14 00:00:00-04:00,124.48999786376953,127.20999908447266,123.3499984741211,125.98999786376953,320800,0.0,0.0
2026-04-15 00:00:00-04:00,125.1500015258789,125.66000366210938,121.5,122.75,379000,0.0,0.0
2026-04-16 00:00:00-04:00,122.27999877929688,122.38999938964844,117.55999755859375,118.51000213623047,244500,0.0,0.0
2026-04-17 00:00:00-04:00,121.0,125.73999786376953,120.87999725341797,123.04000091552734,483800,0.0,0.0
2026-04-20 00:00:00-04:00,123.08999633789062,123.69000244140625,121.12999725341797,121.97000122070312,326100,0.0,0.0
2026-04-21 00:00:00-04:00,121.58000183105469,122.12999725341797,115.23999786376953,116.54000091552734,429100,0.0,0.0
2026-04-22 00:00:00-04:00,118.72000122070312,119.5,110.68499755859375,111.5,411387,0.0,0.0
