Date,Open,High,Low,Close,Volume,Dividends,Stock Splits
2022-08-18 00:00:00-04:00,19.200000762939453,21.219999313354492,12.510000228881836,15.6899995803833,11535900,0.0,0.0
2022-08-19 00:00:00-04:00,26.639999389648438,60.0,24.809999465942383,48.0099983215332,36268800,0.0,0.0
2022-08-22 00:00:00-04:00,54.0099983215332,62.0,31.200000762939453,41.40999984741211,18397500,0.0,0.0
2022-08-23 00:00:00-04:00,32.61000061035156,34.900001525878906,25.56999969482422,26.639999389648438,7793900,0.0,0.0
2022-08-24 00:00:00-04:00,26.440000534057617,35.70000076293945,25.600000381469727,29.81999969482422,11624800,0.0,0.0
2022-08-25 00:00:00-04:00,30.0,31.72800064086914,25.200000762939453,25.200000762939453,2395600,0.0,0.0
2022-08-26 00:00:00-04:00,25.329999923706055,25.749000549316406,19.100000381469727,19.299999237060547,2446600,0.0,0.0
2022-08-29 00:00:00-04:00,18.200000762939453,22.280000686645508,17.84000015258789,19.389999389648438,1817400,0.0,0.0
2022-08-30 00:00:00-04:00,18.93000030517578,19.799999237060547,16.030000686645508,16.56999969482422,957800,0.0,0.0
2022-08-31 00:00:00-04:00,15.859999656677246,16.229999542236328,14.041000366210938,14.649999618530273,1527900,0.0,0.0
2022-09-01 00:00:00-04:00,14.8100004196167,26.55500030517578,14.600000381469727,23.649999618530273,19219400,0.0,0.0
2022-09-02 00:00:00-04:00,19.979999542236328,21.959999084472656,18.709999084472656,20.040000915527344,3242700,0.0,0.0
2022-09-06 00:00:00-04:00,18.639999389648438,23.479999542236328,17.600000381469727,20.290000915527344,2938500,0.0,0.0
2022-09-07 00:00:00-04:00,19.610000610351562,21.440000534057617,19.5,20.219999313354492,1004200,0.0,0.0
2022-09-08 00:00:00-04:00,19.6299991607666,22.649999618530273,19.579999923706055,20.100000381469727,1516100,0.0,0.0
2022-09-09 00:00:00-04:00,20.18000030517578,20.690000534057617,18.020000457763672,18.100000381469727,747000,0.0,0.0
2022-09-12 00:00:00-04:00,18.0,19.0,17.5,17.75,455400,0.0,0.0
2022-09-13 00:00:00-04:00,17.170000076293945,17.799999237060547,16.649999618530273,16.850000381469727,458300,0.0,0.0
2022-09-14 00:00:00-04:00,16.43000030517578,17.649999618530273,15.8100004196167,17.06999969482422,1047300,0.0,0.0
2022-09-15 00:00:00-04:00,16.780000686645508,19.5,15.989999771118164,16.110000610351562,1384900,0.0,0.0
2022-09-16 00:00:00-04:00,15.710000038146973,16.299999237060547,14.850000381469727,14.989999771118164,540000,0.0,0.0
2022-09-19 00:00:00-04:00,14.529999732971191,15.281999588012695,13.270000457763672,13.270000457763672,471600,0.0,0.0
2022-09-20 00:00:00-04:00,13.470000267028809,16.5,13.300000190734863,13.739999771118164,2809500,0.0,0.0
2022-09-21 00:00:00-04:00,13.75,14.420000076293945,13.0,13.0,434100,0.0,0.0
2022-09-22 00:00:00-04:00,12.800000190734863,13.75,12.800000190734863,13.319999694824219,593100,0.0,0.0
2022-09-23 00:00:00-04:00,13.149999618530273,13.289999961853027,11.930000305175781,12.819999694824219,365100,0.0,0.0
2022-09-26 00:00:00-04:00,12.760000228881836,13.59000015258789,12.270000457763672,12.489999771118164,177100,0.0,0.0
2022-09-27 00:00:00-04:00,12.460000038146973,13.149999618530273,12.079999923706055,12.100000381469727,184700,0.0,0.0
2022-09-28 00:00:00-04:00,12.029999732971191,12.95300006866455,12.0,12.149999618530273,278200,0.0,0.0
2022-09-29 00:00:00-04:00,12.300000190734863,12.369999885559082,11.100000381469727,11.460000038146973,324300,0.0,0.0
2022-09-30 00:00:00-04:00,11.5,11.739999771118164,10.100000381469727,10.109999656677246,426100,0.0,0.0
2022-10-03 00:00:00-04:00,9.859999656677246,10.342000007629395,8.050000190734863,8.239999771118164,979100,0.0,0.0
2022-10-04 00:00:00-04:00,8.4399995803833,8.720000267028809,7.489999771118164,7.659999847412109,697500,0.0,0.0
2022-10-05 00:00:00-04:00,7.480000019073486,7.710000038146973,7.01200008392334,7.670000076293945,390900,0.0,0.0
2022-10-06 00:00:00-04:00,7.690000057220459,7.960000038146973,7.260000228881836,7.320000171661377,446900,0.0,0.0
2022-10-07 00:00:00-04:00,7.420000076293945,7.449999809265137,6.380000114440918,6.380000114440918,490000,0.0,0.0
2022-10-10 00:00:00-04:00,6.420000076293945,6.420000076293945,5.820000171661377,6.190000057220459,378900,0.0,0.0
2022-10-11 00:00:00-04:00,5.860000133514404,7.840000152587891,5.71999979019165,6.320000171661377,1117600,0.0,0.0
2022-10-12 00:00:00-04:00,6.599999904632568,6.723999977111816,5.599999904632568,5.699999809265137,529300,0.0,0.0
2022-10-13 00:00:00-04:00,5.5,6.260000228881836,5.460000038146973,6.099999904632568,451900,0.0,0.0
2022-10-14 00:00:00-04:00,5.96999979019165,6.46999979019165,5.760000228881836,6.190000057220459,493100,0.0,0.0
2022-10-17 00:00:00-04:00,6.070000171661377,6.400000095367432,5.599999904632568,5.619999885559082,394100,0.0,0.0
2022-10-18 00:00:00-04:00,5.659999847412109,5.749000072479248,5.291999816894531,5.320000171661377,297900,0.0,0.0
2022-10-19 00:00:00-04:00,5.309999942779541,5.46999979019165,5.039999961853027,5.110000133514404,211100,0.0,0.0
2022-10-20 00:00:00-04:00,5.179999828338623,5.289999961853027,5.010000228881836,5.130000114440918,143900,0.0,0.0
2022-10-21 00:00:00-04:00,5.179999828338623,5.188000202178955,4.900000095367432,5.03000020980835,187800,0.0,0.0
2022-10-24 00:00:00-04:00,4.809999942779541,4.929999828338623,4.300000190734863,4.599999904632568,222700,0.0,0.0
2022-10-25 00:00:00-04:00,4.599999904632568,5.550000190734863,4.510000228881836,5.21999979019165,461400,0.0,0.0
2022-10-26 00:00:00-04:00,5.21999979019165,5.340000152587891,4.809999942779541,5.050000190734863,165500,0.0,0.0
2022-10-27 00:00:00-04:00,4.949999809265137,5.103000164031982,4.710000038146973,4.75,65700,0.0,0.0
2022-10-28 00:00:00-04:00,5.039999961853027,5.039999961853027,4.679999828338623,4.860000133514404,73300,0.0,0.0
2022-10-31 00:00:00-04:00,5.059999942779541,5.059999942779541,4.451000213623047,4.679999828338623,147300,0.0,0.0
2022-11-01 00:00:00-04:00,4.699999809265137,4.840000152587891,4.449999809265137,4.489999771118164,117700,0.0,0.0
2022-11-02 00:00:00-04:00,4.5,4.519999980926514,4.199999809265137,4.269999980926514,112800,0.0,0.0
2022-11-03 00:00:00-04:00,4.139999866485596,4.449999809265137,4.139999866485596,4.420000076293945,72200,0.0,0.0
2022-11-04 00:00:00-04:00,4.539999961853027,4.78000020980835,4.429999828338623,4.659999847412109,167500,0.0,0.0
2022-11-07 00:00:00-05:00,6.360000133514404,7.480000019073486,5.820000171661377,5.900000095367432,33039900,0.0,0.0
2022-11-08 00:00:00-05:00,5.71999979019165,6.179999828338623,5.429999828338623,5.429999828338623,1264500,0.0,0.0
2022-11-09 00:00:00-05:00,5.389999866485596,5.840000152587891,4.699999809265137,5.659999847412109,522100,0.0,0.0
2022-11-10 00:00:00-05:00,6.050000190734863,6.599999904632568,5.730999946594238,5.920000076293945,494600,0.0,0.0
2022-11-11 00:00:00-05:00,6.119999885559082,6.5,5.550000190734863,6.429999828338623,377800,0.0,0.0
2022-11-14 00:00:00-05:00,6.409999847412109,6.550000190734863,6.050000190734863,6.440000057220459,179900,0.0,0.0
2022-11-15 00:00:00-05:00,6.619999885559082,6.880000114440918,6.309999942779541,6.610000133514404,369100,0.0,0.0
2022-11-16 00:00:00-05:00,6.380000114440918,6.460000038146973,5.889999866485596,6.090000152587891,227500,0.0,0.0
2022-11-17 00:00:00-05:00,6.090000152587891,6.349999904632568,5.929999828338623,6.199999809265137,78400,0.0,0.0
2022-11-18 00:00:00-05:00,6.429999828338623,6.429999828338623,5.929999828338623,5.960000038146973,101200,0.0,0.0
2022-11-21 00:00:00-05:00,5.869999885559082,5.889999866485596,5.559999942779541,5.699999809265137,84200,0.0,0.0
2022-11-22 00:00:00-05:00,5.650000095367432,6.090000152587891,5.579999923706055,5.75,86400,0.0,0.0
2022-11-23 00:00:00-05:00,5.909999847412109,5.925000190734863,5.579999923706055,5.820000171661377,83700,0.0,0.0
2022-11-25 00:00:00-05:00,5.96999979019165,6.252999782562256,5.880000114440918,6.159999847412109,85500,0.0,0.0
2022-11-28 00:00:00-05:00,6.090000152587891,8.199999809265137,6.059999942779541,7.929999828338623,2046100,0.0,0.0
2022-11-29 00:00:00-05:00,7.900000095367432,8.630000114440918,7.449999809265137,7.920000076293945,1796900,0.0,0.0
2022-11-30 00:00:00-05:00,7.610000133514404,8.199999809265137,7.0,7.369999885559082,639200,0.0,0.0
2022-12-01 00:00:00-05:00,7.420000076293945,7.429999828338623,7.03000020980835,7.300000190734863,166900,0.0,0.0
2022-12-02 00:00:00-05:00,7.400000095367432,7.749000072479248,7.03000020980835,7.730000019073486,230600,0.0,0.0
2022-12-05 00:00:00-05:00,7.980000019073486,8.479999542236328,7.599999904632568,7.800000190734863,456000,0.0,0.0
2022-12-06 00:00:00-05:00,7.75,7.929999828338623,7.179999828338623,7.340000152587891,181400,0.0,0.0
2022-12-07 00:00:00-05:00,7.130000114440918,7.230000019073486,6.550000190734863,6.559999942779541,163100,0.0,0.0
2022-12-08 00:00:00-05:00,6.809999942779541,6.980000019073486,6.679999828338623,6.880000114440918,129600,0.0,0.0
2022-12-09 00:00:00-05:00,6.920000076293945,7.079999923706055,6.449999809265137,6.639999866485596,150700,0.0,0.0
2022-12-12 00:00:00-05:00,6.630000114440918,6.699999809265137,6.25,6.360000133514404,87500,0.0,0.0
2022-12-13 00:00:00-05:00,6.71999979019165,6.75,6.313000202178955,6.480000019073486,98100,0.0,0.0
2022-12-14 00:00:00-05:00,6.360000133514404,6.570000171661377,6.159999847412109,6.25,86000,0.0,0.0
2022-12-15 00:00:00-05:00,6.199999809265137,6.300000190734863,5.699999809265137,5.699999809265137,136000,0.0,0.0
2022-12-16 00:00:00-05:00,5.610000133514404,5.889999866485596,5.610000133514404,5.730000019073486,99600,0.0,0.0
2022-12-19 00:00:00-05:00,5.789999961853027,5.789999961853027,5.369999885559082,5.650000095367432,96400,0.0,0.0
2022-12-20 00:00:00-05:00,5.599999904632568,5.599999904632568,5.369999885559082,5.369999885559082,76900,0.0,0.0
2022-12-21 00:00:00-05:00,5.539999961853027,5.900000095367432,5.400000095367432,5.78000020980835,92100,0.0,0.0
2022-12-22 00:00:00-05:00,5.590000152587891,5.650000095367432,5.409999847412109,5.409999847412109,83000,0.0,0.0
2022-12-23 00:00:00-05:00,5.590000152587891,5.5929999351501465,5.380000114440918,5.53000020980835,51600,0.0,0.0
2022-12-27 00:00:00-05:00,5.539999961853027,5.938000202178955,5.453000068664551,5.630000114440918,136100,0.0,0.0
2022-12-28 00:00:00-05:00,5.510000228881836,5.703999996185303,5.269999980926514,5.360000133514404,79300,0.0,0.0
2022-12-29 00:00:00-05:00,5.489999771118164,5.630000114440918,5.409999847412109,5.599999904632568,50500,0.0,0.0
2022-12-30 00:00:00-05:00,5.599999904632568,5.690000057220459,5.429999828338623,5.690000057220459,50000,0.0,0.0
2023-01-03 00:00:00-05:00,5.599999904632568,5.699999809265137,5.360000133514404,5.46999979019165,54500,0.0,0.0
2023-01-04 00:00:00-05:00,5.46999979019165,5.751999855041504,5.460000038146973,5.670000076293945,69500,0.0,0.0
2023-01-05 00:00:00-05:00,5.809999942779541,6.730000019073486,5.710000038146973,6.360000133514404,555200,0.0,0.0
2023-01-06 00:00:00-05:00,6.5,6.699999809265137,6.0,6.349999904632568,261400,0.0,0.0
2023-01-09 00:00:00-05:00,6.400000095367432,6.46999979019165,6.090000152587891,6.099999904632568,127500,0.0,0.0
2023-01-10 00:00:00-05:00,6.079999923706055,6.309999942779541,5.78000020980835,6.03000020980835,133500,0.0,0.0
2023-01-11 00:00:00-05:00,5.96999979019165,6.170000076293945,5.940000057220459,6.110000133514404,78000,0.0,0.0
2023-01-12 00:00:00-05:00,6.03000020980835,6.110000133514404,5.920000076293945,6.039999961853027,83900,0.0,0.0
2023-01-13 00:00:00-05:00,6.039999961853027,6.550000190734863,5.960000038146973,6.300000190734863,206200,0.0,0.0
2023-01-17 00:00:00-05:00,6.349999904632568,6.349999904632568,5.900000095367432,6.039999961853027,188200,0.0,0.0
2023-01-18 00:00:00-05:00,6.019999980926514,6.150000095367432,5.710000038146973,5.949999809265137,226300,0.0,0.0
2023-01-19 00:00:00-05:00,5.960000038146973,6.199999809265137,5.849999904632568,6.170000076293945,102300,0.0,0.0
2023-01-20 00:00:00-05:00,6.159999847412109,6.216000080108643,6.0,6.119999885559082,78800,0.0,0.0
2023-01-23 00:00:00-05:00,6.059999942779541,6.265999794006348,5.980000019073486,6.079999923706055,133900,0.0,0.0
2023-01-24 00:00:00-05:00,6.010000228881836,6.144000053405762,5.849999904632568,5.860000133514404,157700,0.0,0.0
2023-01-25 00:00:00-05:00,5.840000152587891,5.979000091552734,5.699999809265137,5.78000020980835,131500,0.0,0.0
2023-01-26 00:00:00-05:00,5.820000171661377,5.920000076293945,5.739999771118164,5.789999961853027,138700,0.0,0.0
2023-01-27 00:00:00-05:00,5.739999771118164,6.0,5.739999771118164,5.940000057220459,170200,0.0,0.0
2023-01-30 00:00:00-05:00,5.809999942779541,5.929999828338623,5.579999923706055,5.590000152587891,151400,0.0,0.0
2023-01-31 00:00:00-05:00,5.559999942779541,5.869999885559082,5.559999942779541,5.849999904632568,163700,0.0,0.0
2023-02-01 00:00:00-05:00,5.860000133514404,5.909999847412109,5.619999885559082,5.840000152587891,225800,0.0,0.0
2023-02-02 00:00:00-05:00,5.769999980926514,6.110000133514404,5.769999980926514,5.909999847412109,178700,0.0,0.0
2023-02-03 00:00:00-05:00,5.880000114440918,6.0,5.820000171661377,5.840000152587891,147200,0.0,0.0
2023-02-06 00:00:00-05:00,5.840000152587891,5.880000114440918,5.5,5.519999980926514,232500,0.0,0.0
2023-02-07 00:00:00-05:00,5.570000171661377,5.570000171661377,5.309999942779541,5.429999828338623,127400,0.0,0.0
2023-02-08 00:00:00-05:00,5.449999809265137,5.449999809265137,5.28000020980835,5.349999904632568,89500,0.0,0.0
2023-02-09 00:00:00-05:00,5.400000095367432,5.409999847412109,5.260000228881836,5.260000228881836,67500,0.0,0.0
2023-02-10 00:00:00-05:00,5.289999961853027,5.380000114440918,4.860000133514404,4.940000057220459,255000,0.0,0.0
2023-02-13 00:00:00-05:00,5.0,5.125,4.900000095367432,5.010000228881836,90100,0.0,0.0
2023-02-14 00:00:00-05:00,5.0,5.204999923706055,4.789999961853027,5.099999904632568,131000,0.0,0.0
2023-02-15 00:00:00-05:00,5.059999942779541,5.449999809265137,5.050000190734863,5.420000076293945,182800,0.0,0.0
2023-02-16 00:00:00-05:00,5.400000095367432,5.440000057220459,5.258999824523926,5.289999961853027,81100,0.0,0.0
2023-02-17 00:00:00-05:00,5.269999980926514,5.409999847412109,5.269999980926514,5.340000152587891,53400,0.0,0.0
2023-02-21 00:00:00-05:00,5.28000020980835,5.289999961853027,5.050000190734863,5.119999885559082,100700,0.0,0.0
2023-02-22 00:00:00-05:00,5.050000190734863,5.190000057220459,5.050000190734863,5.159999847412109,56200,0.0,0.0
2023-02-23 00:00:00-05:00,5.090000152587891,5.15500020980835,5.019999980926514,5.050000190734863,82800,0.0,0.0
2023-02-24 00:00:00-05:00,5.050000190734863,5.099999904632568,4.989999771118164,5.010000228881836,99400,0.0,0.0
2023-02-27 00:00:00-05:00,5.010000228881836,5.239999771118164,5.010000228881836,5.119999885559082,238200,0.0,0.0
2023-02-28 00:00:00-05:00,5.150000095367432,5.150000095367432,5.010000228881836,5.059999942779541,217700,0.0,0.0
2023-03-01 00:00:00-05:00,5.059999942779541,5.090000152587891,4.96999979019165,5.0,210500,0.0,0.0
2023-03-02 00:00:00-05:00,5.059999942779541,5.059999942779541,4.900000095367432,4.929999828338623,111900,0.0,0.0
2023-03-03 00:00:00-05:00,4.949999809265137,5.019999980926514,4.929999828338623,4.96999979019165,159900,0.0,0.0
2023-03-06 00:00:00-05:00,4.980000019073486,5.130000114440918,4.949999809265137,4.949999809265137,133300,0.0,0.0
2023-03-07 00:00:00-05:00,4.949999809265137,5.079999923706055,4.949999809265137,4.960000038146973,123100,0.0,0.0
2023-03-08 00:00:00-05:00,5.0,5.059999942779541,4.889999866485596,4.949999809265137,141400,0.0,0.0
2023-03-09 00:00:00-05:00,4.940000057220459,5.054999828338623,4.880000114440918,4.880000114440918,144300,0.0,0.0
2023-03-10 00:00:00-05:00,4.960000038146973,4.989999771118164,4.855000019073486,4.900000095367432,265300,0.0,0.0
2023-03-13 00:00:00-04:00,4.900000095367432,5.21999979019165,4.880000114440918,5.21999979019165,159000,0.0,0.0
2023-03-14 00:00:00-04:00,5.190000057220459,5.269999980926514,5.074999809265137,5.099999904632568,112700,0.0,0.0
2023-03-15 00:00:00-04:00,5.0,5.820000171661377,5.0,5.800000190734863,335500,0.0,0.0
2023-03-16 00:00:00-04:00,5.809999942779541,6.079999923706055,5.599999904632568,5.889999866485596,220000,0.0,0.0
2023-03-17 00:00:00-04:00,6.110000133514404,6.150000095367432,5.109000205993652,5.269999980926514,1580200,0.0,0.0
2023-03-20 00:00:00-04:00,5.099999904632568,5.230000019073486,5.0,5.039999961853027,99500,0.0,0.0
2023-03-21 00:00:00-04:00,5.050000190734863,5.199999809265137,5.0,5.150000095367432,121100,0.0,0.0
2023-03-22 00:00:00-04:00,5.110000133514404,5.289999961853027,5.059999942779541,5.090000152587891,117800,0.0,0.0
2023-03-23 00:00:00-04:00,5.130000114440918,5.239999771118164,5.050000190734863,5.139999866485596,162000,0.0,0.0
2023-03-24 00:00:00-04:00,5.159999847412109,5.28000020980835,5.110000133514404,5.210000038146973,179700,0.0,0.0
2023-03-27 00:00:00-04:00,5.170000076293945,5.480000019073486,5.159999847412109,5.440000057220459,150200,0.0,0.0
2023-03-28 00:00:00-04:00,5.480000019073486,5.554999828338623,5.349999904632568,5.349999904632568,82600,0.0,0.0
2023-03-29 00:00:00-04:00,5.380000114440918,5.639999866485596,5.379000186920166,5.570000171661377,94300,0.0,0.0
2023-03-30 00:00:00-04:00,5.570000171661377,6.139999866485596,5.570000171661377,6.03000020980835,226900,0.0,0.0
2023-03-31 00:00:00-04:00,6.090000152587891,6.340000152587891,5.980000019073486,6.300000190734863,136800,0.0,0.0
2023-04-03 00:00:00-04:00,6.21999979019165,6.440000057220459,6.21999979019165,6.420000076293945,73800,0.0,0.0
2023-04-04 00:00:00-04:00,6.420000076293945,6.440000057220459,5.949999809265137,6.0,89700,0.0,0.0
2023-04-05 00:00:00-04:00,6.039999961853027,6.059999942779541,5.659999847412109,5.71999979019165,87600,0.0,0.0
2023-04-06 00:00:00-04:00,5.724999904632568,5.724999904632568,5.454999923706055,5.630000114440918,55900,0.0,0.0
2023-04-10 00:00:00-04:00,5.710000038146973,5.880000114440918,5.619999885559082,5.71999979019165,48900,0.0,0.0
2023-04-11 00:00:00-04:00,5.739999771118164,6.21999979019165,5.715000152587891,6.21999979019165,111200,0.0,0.0
2023-04-12 00:00:00-04:00,6.25,6.25,5.900000095367432,5.940000057220459,70100,0.0,0.0
2023-04-13 00:00:00-04:00,5.849999904632568,6.050000190734863,5.849999904632568,5.900000095367432,39800,0.0,0.0
2023-04-14 00:00:00-04:00,5.849999904632568,5.880000114440918,5.510000228881836,5.559999942779541,99900,0.0,0.0
2023-04-17 00:00:00-04:00,5.659999847412109,5.699999809265137,5.570000171661377,5.599999904632568,57500,0.0,0.0
2023-04-18 00:00:00-04:00,5.599999904632568,5.63100004196167,5.390999794006348,5.579999923706055,85800,0.0,0.0
2023-04-19 00:00:00-04:00,5.519999980926514,5.610000133514404,5.25,5.300000190734863,97000,0.0,0.0
2023-04-20 00:00:00-04:00,5.380000114440918,5.380000114440918,5.210000038146973,5.300000190734863,51700,0.0,0.0
2023-04-21 00:00:00-04:00,5.309999942779541,5.46999979019165,5.24399995803833,5.260000228881836,50100,0.0,0.0
2023-04-24 00:00:00-04:00,5.199999809265137,5.340000152587891,5.199999809265137,5.300000190734863,54600,0.0,0.0
2023-04-25 00:00:00-04:00,5.21999979019165,5.380000114440918,5.21999979019165,5.300000190734863,36000,0.0,0.0
2023-04-26 00:00:00-04:00,5.269999980926514,5.360000133514404,5.099999904632568,5.150000095367432,67200,0.0,0.0
2023-04-27 00:00:00-04:00,5.099999904632568,5.1020002365112305,4.929999828338623,5.010000228881836,75300,0.0,0.0
2023-04-28 00:00:00-04:00,5.260000228881836,5.909999847412109,5.11899995803833,5.53000020980835,547100,0.0,0.0
2023-05-01 00:00:00-04:00,5.380000114440918,5.599999904632568,5.289999961853027,5.579999923706055,122300,0.0,0.0
2023-05-02 00:00:00-04:00,5.449999809265137,5.630000114440918,5.099999904632568,5.179999828338623,165000,0.0,0.0
2023-05-03 00:00:00-04:00,5.239999771118164,5.28000020980835,5.110000133514404,5.179999828338623,22200,0.0,0.0
2023-05-04 00:00:00-04:00,5.110000133514404,5.75,5.010000228881836,5.260000228881836,94200,0.0,0.0
2023-05-05 00:00:00-04:00,5.239999771118164,5.255000114440918,4.96999979019165,5.050000190734863,145900,0.0,0.0
2023-05-08 00:00:00-04:00,5.0,5.339000225067139,5.0,5.260000228881836,61800,0.0,0.0
2023-05-09 00:00:00-04:00,5.199999809265137,5.400000095367432,5.190000057220459,5.295000076293945,89900,0.0,0.0
2023-05-10 00:00:00-04:00,5.340000152587891,5.449999809265137,5.263999938964844,5.420000076293945,68000,0.0,0.0
2023-05-11 00:00:00-04:00,5.489999771118164,5.489999771118164,5.179999828338623,5.239999771118164,110300,0.0,0.0
2023-05-12 00:00:00-04:00,5.199999809265137,5.264999866485596,5.110000133514404,5.239999771118164,42800,0.0,0.0
2023-05-15 00:00:00-04:00,5.28000020980835,5.5,5.190000057220459,5.5,74100,0.0,0.0
2023-05-16 00:00:00-04:00,5.5,5.5,5.25,5.269999980926514,55500,0.0,0.0
2023-05-17 00:00:00-04:00,5.369999885559082,5.480000019073486,5.309999942779541,5.320000171661377,29300,0.0,0.0
2023-05-18 00:00:00-04:00,5.25,5.389999866485596,5.25,5.289999961853027,73900,0.0,0.0
2023-05-19 00:00:00-04:00,5.260000228881836,5.349999904632568,5.260000228881836,5.269999980926514,19100,0.0,0.0
2023-05-22 00:00:00-04:00,5.340000152587891,5.5,5.300000190734863,5.465000152587891,49500,0.0,0.0
2023-05-23 00:00:00-04:00,5.400000095367432,5.849999904632568,5.400000095367432,5.659999847412109,138300,0.0,0.0
2023-05-24 00:00:00-04:00,11.010000228881836,11.779999732971191,7.03000020980835,7.159999847412109,31940000,0.0,0.0
2023-05-25 00:00:00-04:00,7.099999904632568,7.349999904632568,5.789999961853027,5.789999961853027,2318200,0.0,0.0
2023-05-26 00:00:00-04:00,5.920000076293945,7.5,5.900000095367432,6.449999809265137,5385600,0.0,0.0
2023-05-30 00:00:00-04:00,6.559999942779541,7.300000190734863,6.53000020980835,6.760000228881836,1507800,0.0,0.0
2023-05-31 00:00:00-04:00,6.800000190734863,6.900000095367432,6.309999942779541,6.75,532300,0.0,0.0
2023-06-01 00:00:00-04:00,6.659999847412109,6.889999866485596,6.409999847412109,6.679999828338623,459300,0.0,0.0
2023-06-02 00:00:00-04:00,6.800000190734863,7.059999942779541,6.650000095367432,6.78000020980835,772700,0.0,0.0
2023-06-05 00:00:00-04:00,6.800000190734863,6.900000095367432,6.599999904632568,6.78000020980835,420400,0.0,0.0
2023-06-06 00:00:00-04:00,6.699999809265137,6.860000133514404,6.699999809265137,6.800000190734863,325000,0.0,0.0
2023-06-07 00:00:00-04:00,6.869999885559082,7.489999771118164,6.75,7.0,654200,0.0,0.0
2023-06-08 00:00:00-04:00,6.989999771118164,7.050000190734863,6.900000095367432,7.0,470400,0.0,0.0
2023-06-09 00:00:00-04:00,6.980000019073486,7.099999904632568,6.860000133514404,6.980000019073486,309400,0.0,0.0
2023-06-12 00:00:00-04:00,7.090000152587891,7.71999979019165,7.019999980926514,7.5,843300,0.0,0.0
2023-06-13 00:00:00-04:00,7.5,7.550000190734863,7.301000118255615,7.5,404700,0.0,0.0
2023-06-14 00:00:00-04:00,8.010000228881836,9.140000343322754,7.710000038146973,7.800000190734863,2701400,0.0,0.0
2023-06-15 00:00:00-04:00,7.730000019073486,7.919000148773193,7.579999923706055,7.840000152587891,304900,0.0,0.0
2023-06-16 00:00:00-04:00,8.0600004196167,8.229999542236328,7.730000019073486,8.079999923706055,662000,0.0,0.0
2023-06-20 00:00:00-04:00,8.079999923706055,8.079999923706055,7.519999980926514,7.650000095367432,485800,0.0,0.0
2023-06-21 00:00:00-04:00,7.559999942779541,7.679999828338623,7.369999885559082,7.559999942779541,210100,0.0,0.0
2023-06-22 00:00:00-04:00,7.409999847412109,7.889999866485596,7.409999847412109,7.800000190734863,120700,0.0,0.0
2023-06-23 00:00:00-04:00,7.559999942779541,7.880000114440918,7.550000190734863,7.789999961853027,143700,0.0,0.0
2023-06-26 00:00:00-04:00,7.630000114440918,7.849999904632568,7.539999961853027,7.78000020980835,134600,0.0,0.0
2023-06-27 00:00:00-04:00,7.699999809265137,8.039999961853027,7.699999809265137,7.840000152587891,263800,0.0,0.0
2023-06-28 00:00:00-04:00,7.800000190734863,7.929999828338623,7.630000114440918,7.659999847412109,180900,0.0,0.0
2023-06-29 00:00:00-04:00,7.710000038146973,7.804999828338623,7.460000038146973,7.5,176400,0.0,0.0
2023-06-30 00:00:00-04:00,7.630000114440918,7.630000114440918,6.75,6.760000228881836,437800,0.0,0.0
2023-07-03 00:00:00-04:00,6.940000057220459,7.349999904632568,6.699999809265137,7.150000095367432,205400,0.0,0.0
2023-07-05 00:00:00-04:00,7.269999980926514,7.550000190734863,7.175000190734863,7.400000095367432,284500,0.0,0.0
2023-07-06 00:00:00-04:00,7.400000095367432,7.400000095367432,7.010000228881836,7.389999866485596,297400,0.0,0.0
2023-07-07 00:00:00-04:00,7.210000038146973,7.849999904632568,7.019999980926514,7.130000114440918,313400,0.0,0.0
2023-07-10 00:00:00-04:00,7.199999809265137,7.46999979019165,7.03000020980835,7.360000133514404,248600,0.0,0.0
2023-07-11 00:00:00-04:00,7.340000152587891,7.369999885559082,7.010000228881836,7.079999923706055,252200,0.0,0.0
2023-07-12 00:00:00-04:00,7.079999923706055,7.650000095367432,7.079999923706055,7.570000171661377,289700,0.0,0.0
2023-07-13 00:00:00-04:00,7.679999828338623,8.25,7.460000038146973,8.0600004196167,775800,0.0,0.0
2023-07-14 00:00:00-04:00,8.130000114440918,8.550000190734863,7.690000057220459,7.75,666700,0.0,0.0
2023-07-17 00:00:00-04:00,7.800000190734863,8.25,7.5,8.199999809265137,496800,0.0,0.0
2023-07-18 00:00:00-04:00,8.300000190734863,8.5,8.128000259399414,8.25,213200,0.0,0.0
2023-07-19 00:00:00-04:00,8.270000457763672,8.850000381469727,8.140000343322754,8.850000381469727,355400,0.0,0.0
2023-07-20 00:00:00-04:00,8.800000190734863,8.916000366210938,8.260000228881836,8.319999694824219,165000,0.0,0.0
2023-07-21 00:00:00-04:00,8.4399995803833,9.09000015258789,8.100000381469727,8.699999809265137,276900,0.0,0.0
2023-07-24 00:00:00-04:00,8.649999618530273,8.649999618530273,7.989999771118164,8.510000228881836,569300,0.0,0.0
2023-07-25 00:00:00-04:00,8.5,8.699999809265137,8.130000114440918,8.180000305175781,302500,0.0,0.0
2023-07-26 00:00:00-04:00,8.170000076293945,8.550000190734863,8.100000381469727,8.539999961853027,235100,0.0,0.0
2023-07-27 00:00:00-04:00,8.600000381469727,8.75,8.149999618530273,8.289999961853027,244600,0.0,0.0
2023-07-28 00:00:00-04:00,8.3100004196167,8.5,8.130000114440918,8.470000267028809,156900,0.0,0.0
2023-07-31 00:00:00-04:00,8.5,8.9399995803833,8.5,8.739999771118164,275700,0.0,0.0
2023-08-01 00:00:00-04:00,8.699999809265137,9.199999809265137,8.409000396728516,9.0,430700,0.0,0.0
2023-08-02 00:00:00-04:00,8.6899995803833,9.199999809265137,8.600000381469727,8.84000015258789,219800,0.0,0.0
2023-08-03 00:00:00-04:00,8.989999771118164,9.399999618530273,8.958000183105469,9.399999618530273,357700,0.0,0.0
2023-08-04 00:00:00-04:00,9.40999984741211,9.470000267028809,8.920000076293945,9.079999923706055,272900,0.0,0.0
2023-08-07 00:00:00-04:00,8.979999542236328,9.350000381469727,8.850000381469727,9.239999771118164,294900,0.0,0.0
2023-08-08 00:00:00-04:00,9.069999694824219,9.850000381469727,9.039999961853027,9.729999542236328,368400,0.0,0.0
2023-08-09 00:00:00-04:00,9.899999618530273,10.600000381469727,9.699999809265137,10.390000343322754,819800,0.0,0.0
2023-08-10 00:00:00-04:00,10.75,11.09000015258789,10.399999618530273,10.630000114440918,320500,0.0,0.0
2023-08-11 00:00:00-04:00,10.819999694824219,10.989999771118164,10.149999618530273,10.720000267028809,280500,0.0,0.0
2023-08-14 00:00:00-04:00,10.75,10.758000373840332,9.699999809265137,10.319999694824219,424500,0.0,0.0
2023-08-15 00:00:00-04:00,10.699999809265137,10.859999656677246,9.3100004196167,10.140000343322754,782100,0.0,0.0
2023-08-16 00:00:00-04:00,10.25,12.430000305175781,10.0,11.59000015258789,2483600,0.0,0.0
2023-08-17 00:00:00-04:00,11.390000343322754,12.0,11.0600004196167,11.890000343322754,856400,0.0,0.0
2023-08-18 00:00:00-04:00,11.789999961853027,12.0,11.180000305175781,11.539999961853027,708400,0.0,0.0
2023-08-21 00:00:00-04:00,11.640000343322754,12.939000129699707,11.25,12.59000015258789,936400,0.0,0.0
2023-08-22 00:00:00-04:00,12.829999923706055,13.5,12.510000228881836,12.960000038146973,891400,0.0,0.0
2023-08-23 00:00:00-04:00,12.880000114440918,13.239999771118164,12.359999656677246,12.65999984741211,721400,0.0,0.0
2023-08-24 00:00:00-04:00,12.819999694824219,12.989999771118164,12.210000038146973,12.300000190734863,404400,0.0,0.0
2023-08-25 00:00:00-04:00,12.5,12.550000190734863,11.510000228881836,12.09000015258789,455000,0.0,0.0
2023-08-28 00:00:00-04:00,12.050000190734863,12.050000190734863,10.149999618530273,11.600000381469727,655300,0.0,0.0
2023-08-29 00:00:00-04:00,11.65999984741211,12.470000267028809,11.449999809265137,12.25,338900,0.0,0.0
2023-08-30 00:00:00-04:00,12.779999732971191,12.960000038146973,12.045000076293945,12.65999984741211,476100,0.0,0.0
2023-08-31 00:00:00-04:00,12.649999618530273,12.949999809265137,12.352999687194824,12.510000228881836,347500,0.0,0.0
2023-09-01 00:00:00-04:00,12.75,13.800000190734863,12.380000114440918,13.579999923706055,581600,0.0,0.0
2023-09-05 00:00:00-04:00,13.5,15.0,12.600000381469727,14.489999771118164,878200,0.0,0.0
2023-09-06 00:00:00-04:00,14.819999694824219,15.100000381469727,14.020000457763672,14.149999618530273,1451000,0.0,0.0
2023-09-07 00:00:00-04:00,14.460000038146973,15.0,13.329999923706055,14.770000457763672,861100,0.0,0.0
2023-09-08 00:00:00-04:00,15.0,16.93000030517578,14.550000190734863,16.399999618530273,1713700,0.0,0.0
2023-09-11 00:00:00-04:00,17.0,18.600000381469727,16.5,17.729999542236328,2921500,0.0,0.0
2023-09-12 00:00:00-04:00,18.0,18.600000381469727,12.76099967956543,13.25,3371000,0.0,0.0
2023-09-13 00:00:00-04:00,13.109999656677246,13.229999542236328,10.779999732971191,12.210000038146973,3563100,0.0,0.0
2023-09-14 00:00:00-04:00,12.329999923706055,13.380000114440918,11.5,11.930000305175781,2000100,0.0,0.0
2023-09-15 00:00:00-04:00,11.930000305175781,12.430000305175781,11.399999618530273,11.449999809265137,690500,0.0,0.0
2023-09-18 00:00:00-04:00,11.380000114440918,11.600000381469727,9.699999809265137,10.0,1968100,0.0,0.0
2023-09-19 00:00:00-04:00,10.020000457763672,10.649999618530273,9.1899995803833,10.520000457763672,1296200,0.0,0.0
2023-09-20 00:00:00-04:00,10.329999923706055,11.550000190734863,9.800000190734863,10.619999885559082,1249200,0.0,0.0
2023-09-21 00:00:00-04:00,10.520000457763672,11.289999961853027,9.710000038146973,9.8100004196167,829300,0.0,0.0
2023-09-22 00:00:00-04:00,10.029999732971191,10.0600004196167,9.109999656677246,9.25,721400,0.0,0.0
2023-09-25 00:00:00-04:00,9.170000076293945,10.449999809265137,9.119999885559082,9.890000343322754,682200,0.0,0.0
2023-09-26 00:00:00-04:00,9.720000267028809,10.039999961853027,9.3100004196167,9.489999771118164,530900,0.0,0.0
2023-09-27 00:00:00-04:00,9.600000381469727,9.960000038146973,9.399999618530273,9.470000267028809,650900,0.0,0.0
2023-09-28 00:00:00-04:00,9.470000267028809,9.489999771118164,6.710000038146973,7.690000057220459,4802600,0.0,0.0
2023-09-29 00:00:00-04:00,7.349999904632568,9.050000190734863,7.349999904632568,8.8100004196167,2503000,0.0,0.0
2023-10-02 00:00:00-04:00,8.899999618530273,9.276000022888184,8.350000381469727,9.039999961853027,803300,0.0,0.0
2023-10-03 00:00:00-04:00,9.029999732971191,9.289999961853027,8.279999732971191,8.960000038146973,713400,0.0,0.0
2023-10-04 00:00:00-04:00,8.920000076293945,9.229999542236328,8.789999961853027,8.9399995803833,262600,0.0,0.0
2023-10-05 00:00:00-04:00,8.789999961853027,8.989999771118164,8.239999771118164,8.5,568200,0.0,0.0
2023-10-06 00:00:00-04:00,8.289999961853027,8.760000228881836,8.140000343322754,8.670000076293945,453000,0.0,0.0
2023-10-09 00:00:00-04:00,8.550000190734863,10.050000190734863,8.489999771118164,9.960000038146973,514600,0.0,0.0
2023-10-10 00:00:00-04:00,10.020000457763672,11.199999809265137,8.769000053405762,9.069999694824219,1266200,0.0,0.0
2023-10-11 00:00:00-04:00,9.09000015258789,9.640000343322754,8.552000045776367,8.770000457763672,427500,0.0,0.0
2023-10-12 00:00:00-04:00,9.109999656677246,9.300000190734863,8.579999923706055,9.1899995803833,329100,0.0,0.0
2023-10-13 00:00:00-04:00,9.279999732971191,9.34000015258789,8.59000015258789,8.6899995803833,476300,0.0,0.0
2023-10-16 00:00:00-04:00,8.800000190734863,9.329999923706055,8.739999771118164,9.029999732971191,518100,0.0,0.0
2023-10-17 00:00:00-04:00,8.859999656677246,9.760000228881836,8.859999656677246,9.210000038146973,533800,0.0,0.0
2023-10-18 00:00:00-04:00,9.199999809265137,9.199999809265137,8.420000076293945,8.600000381469727,613200,0.0,0.0
2023-10-19 00:00:00-04:00,8.5,8.850000381469727,8.4399995803833,8.65999984741211,388600,0.0,0.0
2023-10-20 00:00:00-04:00,8.520000457763672,8.819999694824219,7.710000038146973,8.550000190734863,644700,0.0,0.0
2023-10-23 00:00:00-04:00,8.170000076293945,8.5,7.84499979019165,8.300000190734863,321800,0.0,0.0
2023-10-24 00:00:00-04:00,8.350000381469727,8.800000190734863,8.1899995803833,8.479999542236328,424200,0.0,0.0
2023-10-25 00:00:00-04:00,8.449999809265137,8.642000198364258,8.050000190734863,8.300000190734863,380200,0.0,0.0
2023-10-26 00:00:00-04:00,8.210000038146973,8.630000114440918,8.0649995803833,8.399999618530273,231700,0.0,0.0
2023-10-27 00:00:00-04:00,8.289999961853027,8.593000411987305,7.940000057220459,8.220000267028809,305100,0.0,0.0
2023-10-30 00:00:00-04:00,8.279999732971191,9.0,8.279999732971191,8.890000343322754,452500,0.0,0.0
2023-10-31 00:00:00-04:00,8.829999923706055,9.550000190734863,8.75,9.470000267028809,1290600,0.0,0.0
2023-11-01 00:00:00-04:00,9.65999984741211,10.09000015258789,9.319999694824219,9.920000076293945,869300,0.0,0.0
2023-11-02 00:00:00-04:00,10.109999656677246,10.600000381469727,9.760000228881836,10.600000381469727,551400,0.0,0.0
2023-11-03 00:00:00-04:00,10.65999984741211,11.170000076293945,10.40999984741211,10.789999961853027,655000,0.0,0.0
2023-11-06 00:00:00-05:00,11.0,11.15999984741211,10.210000038146973,10.369999885559082,382300,0.0,0.0
2023-11-07 00:00:00-05:00,10.65999984741211,10.65999984741211,9.75,10.329999923706055,400900,0.0,0.0
2023-11-08 00:00:00-05:00,10.5,10.5,9.829999923706055,9.920000076293945,250300,0.0,0.0
2023-11-09 00:00:00-05:00,9.920000076293945,10.0,9.399999618530273,9.539999961853027,338300,0.0,0.0
2023-11-10 00:00:00-05:00,9.420000076293945,9.510000228881836,9.0,9.3100004196167,379700,0.0,0.0
2023-11-13 00:00:00-05:00,9.25,9.329999923706055,8.279999732971191,9.140000343322754,785800,0.0,0.0
2023-11-14 00:00:00-05:00,9.289999961853027,9.479999542236328,9.010000228881836,9.470000267028809,334400,0.0,0.0
2023-11-15 00:00:00-05:00,9.640000343322754,10.050000190734863,9.390000343322754,9.710000038146973,510000,0.0,0.0
2023-11-16 00:00:00-05:00,9.800000190734863,9.800000190734863,9.15999984741211,9.350000381469727,420200,0.0,0.0
2023-11-17 00:00:00-05:00,9.270000457763672,9.670000076293945,9.100000381469727,9.40999984741211,178400,0.0,0.0
2023-11-20 00:00:00-05:00,9.40999984741211,9.899999618530273,9.140000343322754,9.619999885559082,307400,0.0,0.0
2023-11-21 00:00:00-05:00,9.859999656677246,9.859999656677246,9.079999923706055,9.739999771118164,363700,0.0,0.0
2023-11-22 00:00:00-05:00,9.59000015258789,9.8100004196167,9.359999656677246,9.479999542236328,233400,0.0,0.0
2023-11-24 00:00:00-05:00,9.510000228881836,10.119999885559082,9.149999618530273,10.069999694824219,258100,0.0,0.0
2023-11-27 00:00:00-05:00,10.069999694824219,10.119999885559082,9.680000305175781,9.819999694824219,279600,0.0,0.0
2023-11-28 00:00:00-05:00,9.800000190734863,10.100000381469727,9.739999771118164,9.920000076293945,268500,0.0,0.0
2023-11-29 00:00:00-05:00,9.899999618530273,10.239999771118164,9.600000381469727,9.75,398400,0.0,0.0
2023-11-30 00:00:00-05:00,9.630000114440918,9.9399995803833,8.699999809265137,9.720000267028809,480300,0.0,0.0
2023-12-01 00:00:00-05:00,10.960000038146973,12.270000457763672,9.899999618530273,11.800000190734863,2494800,0.0,0.0
2023-12-04 00:00:00-05:00,12.350000381469727,13.100000381469727,11.600000381469727,12.279999732971191,1771100,0.0,0.0
2023-12-05 00:00:00-05:00,12.479999542236328,13.449999809265137,12.100000381469727,13.449999809265137,1426100,0.0,0.0
2023-12-06 00:00:00-05:00,13.579999923706055,14.029999732971191,13.199999809265137,13.640000343322754,1371600,0.0,0.0
2023-12-07 00:00:00-05:00,13.859999656677246,13.859999656677246,12.829999923706055,13.390000343322754,1017900,0.0,0.0
2023-12-08 00:00:00-05:00,13.720000267028809,14.109999656677246,12.899999618530273,13.329999923706055,1279000,0.0,0.0
2023-12-11 00:00:00-05:00,13.9399995803833,15.010000228881836,13.350000381469727,14.569999694824219,1865300,0.0,0.0
2023-12-12 00:00:00-05:00,15.010000228881836,15.109999656677246,13.600000381469727,14.199999809265137,1582000,0.0,0.0
2023-12-13 00:00:00-05:00,13.520000457763672,13.880000114440918,12.670999526977539,13.520000457763672,2013200,0.0,0.0
2023-12-14 00:00:00-05:00,13.399999618530273,13.720000267028809,12.65999984741211,13.140000343322754,1641800,0.0,0.0
2023-12-15 00:00:00-05:00,13.0,13.25,12.75,13.079999923706055,930800,0.0,0.0
2023-12-18 00:00:00-05:00,13.390000343322754,15.579999923706055,13.289999961853027,15.5600004196167,2053400,0.0,0.0
2023-12-19 00:00:00-05:00,16.239999771118164,16.8799991607666,15.140000343322754,16.520000457763672,2682700,0.0,0.0
2023-12-20 00:00:00-05:00,16.020000457763672,16.299999237060547,14.699999809265137,14.90999984741211,2627800,0.0,0.0
2023-12-21 00:00:00-05:00,15.5,15.699999809265137,14.899999618530273,14.899999618530273,890000,0.0,0.0
2023-12-22 00:00:00-05:00,14.9399995803833,15.970000267028809,14.569999694824219,14.859999656677246,1016600,0.0,0.0
2023-12-26 00:00:00-05:00,15.399999618530273,17.170000076293945,15.180000305175781,16.459999084472656,2278100,0.0,0.0
2023-12-27 00:00:00-05:00,17.0,18.399999618530273,16.229999542236328,18.219999313354492,2449800,0.0,0.0
2023-12-28 00:00:00-05:00,18.770000457763672,19.5,17.360000610351562,18.0,2098600,0.0,0.0
2023-12-29 00:00:00-05:00,18.489999771118164,19.040000915527344,17.760000228881836,18.295000076293945,2014300,0.0,0.0
2024-01-02 00:00:00-05:00,18.610000610351562,20.93000030517578,18.219999313354492,20.059999465942383,3948800,0.0,0.0
2024-01-03 00:00:00-05:00,19.969999313354492,20.40999984741211,17.40999984741211,18.579999923706055,3194500,0.0,0.0
2024-01-04 00:00:00-05:00,19.540000915527344,21.25,18.941999435424805,20.469999313354492,3384800,0.0,0.0
2024-01-05 00:00:00-05:00,20.100000381469727,21.290000915527344,19.1299991607666,20.149999618530273,2616500,0.0,0.0
2024-01-08 00:00:00-05:00,20.25,23.350000381469727,20.18000030517578,22.0,4334600,0.0,0.0
2024-01-09 00:00:00-05:00,22.0,24.010000228881836,21.170000076293945,23.469999313354492,3879700,0.0,0.0
2024-01-10 00:00:00-05:00,24.1299991607666,26.450000762939453,21.0,21.690000534057617,7998700,0.0,0.0
2024-01-11 00:00:00-05:00,22.149999618530273,23.209999084472656,18.020000457763672,20.440000534057617,5346400,0.0,0.0
2024-01-12 00:00:00-05:00,20.809999465942383,20.969999313354492,19.309999465942383,20.110000610351562,2031700,0.0,0.0
2024-01-16 00:00:00-05:00,20.700000762939453,21.25,18.75200080871582,21.110000610351562,2769000,0.0,0.0
2024-01-17 00:00:00-05:00,20.799999237060547,22.28700065612793,20.049999237060547,22.15999984741211,2736600,0.0,0.0
2024-01-18 00:00:00-05:00,22.850000381469727,24.09000015258789,21.610000610351562,22.15999984741211,3790900,0.0,0.0
2024-01-19 00:00:00-05:00,22.0,22.15999984741211,19.56999969482422,19.899999618530273,3730600,0.0,0.0
2024-01-22 00:00:00-05:00,19.93000030517578,20.850000381469727,18.1200008392334,20.770000457763672,2551200,0.0,0.0
2024-01-23 00:00:00-05:00,21.239999771118164,22.739999771118164,20.899999618530273,22.030000686645508,2662500,0.0,0.0
2024-01-24 00:00:00-05:00,22.75,23.867000579833984,21.559999465942383,21.75,3020600,0.0,0.0
2024-01-25 00:00:00-05:00,21.90999984741211,23.530000686645508,21.549999237060547,23.290000915527344,2243800,0.0,0.0
2024-01-26 00:00:00-05:00,23.56999969482422,26.280000686645508,23.5,25.6200008392334,3517600,0.0,0.0
2024-01-29 00:00:00-05:00,24.940000534057617,25.6200008392334,21.850000381469727,22.649999618530273,3771200,0.0,0.0
2024-01-30 00:00:00-05:00,22.190000534057617,23.280000686645508,21.25,22.989999771118164,1822500,0.0,0.0
2024-01-31 00:00:00-05:00,22.59000015258789,24.200000762939453,21.735000610351562,22.219999313354492,1909200,0.0,0.0
2024-02-01 00:00:00-05:00,22.350000381469727,24.860000610351562,22.350000381469727,24.68000030517578,2270900,0.0,0.0
2024-02-02 00:00:00-05:00,24.8799991607666,25.448999404907227,24.25,24.9950008392334,1580700,0.0,0.0
2024-02-05 00:00:00-05:00,25.290000915527344,28.3700008392334,24.899999618530273,27.8799991607666,4291200,0.0,0.0
2024-02-06 00:00:00-05:00,29.0,29.920000076293945,26.6299991607666,28.15999984741211,3000300,0.0,0.0
2024-02-07 00:00:00-05:00,28.399999618530273,29.156999588012695,27.399999618530273,28.809999465942383,1545600,0.0,0.0
2024-02-08 00:00:00-05:00,28.5,29.93000030517578,27.5,29.700000762939453,1822800,0.0,0.0
2024-02-09 00:00:00-05:00,29.950000762939453,30.450000762939453,28.440000534057617,29.280000686645508,1723900,0.0,0.0
2024-02-12 00:00:00-05:00,30.0,32.7400016784668,29.860000610351562,31.540000915527344,2597500,0.0,0.0
2024-02-13 00:00:00-05:00,30.649999618530273,33.06999969482422,28.559999465942383,31.540000915527344,2756100,0.0,0.0
2024-02-14 00:00:00-05:00,33.0,33.33000183105469,31.260000228881836,32.7400016784668,1849500,0.0,0.0
2024-02-15 00:00:00-05:00,32.720001220703125,32.970001220703125,30.511999130249023,32.47999954223633,1853800,0.0,0.0
2024-02-16 00:00:00-05:00,32.029998779296875,36.189998626708984,32.0,34.5,2761800,0.0,0.0
2024-02-20 00:00:00-05:00,35.1150016784668,35.30400085449219,20.200000762939453,25.959999084472656,6764300,0.0,0.0
2024-02-21 00:00:00-05:00,27.239999771118164,28.299999237060547,26.040000915527344,27.43000030517578,2359900,0.0,0.0
2024-02-22 00:00:00-05:00,29.200000762939453,35.470001220703125,28.15999984741211,34.90999984741211,4236400,0.0,0.0
2024-02-23 00:00:00-05:00,34.11000061035156,35.70000076293945,30.5,32.310001373291016,2691800,0.0,0.0
2024-02-26 00:00:00-05:00,33.209999084472656,34.54999923706055,31.1200008392334,33.42499923706055,1722200,0.0,0.0
2024-02-27 00:00:00-05:00,33.9900016784668,36.13999938964844,33.75,34.97999954223633,1906500,0.0,0.0
2024-02-28 00:00:00-05:00,35.279998779296875,35.33000183105469,32.75,34.029998779296875,1359800,0.0,0.0
2024-02-29 00:00:00-05:00,34.65999984741211,38.0,34.119998931884766,37.45000076293945,2561300,0.0,0.0
2024-03-01 00:00:00-05:00,38.0,40.494998931884766,37.27000045776367,39.459999084472656,2099600,0.0,0.0
2024-03-04 00:00:00-05:00,42.08000183105469,43.560001373291016,39.720001220703125,40.459999084472656,2713000,0.0,0.0
2024-03-05 00:00:00-05:00,39.709999084472656,39.91999816894531,32.95800018310547,37.65999984741211,3398600,0.0,0.0
2024-03-06 00:00:00-05:00,39.709999084472656,39.779998779296875,35.619998931884766,36.63999938964844,1866300,0.0,0.0
2024-03-07 00:00:00-05:00,36.709999084472656,37.25,33.54399871826172,33.900001525878906,2365000,0.0,0.0
2024-03-08 00:00:00-05:00,34.130001068115234,36.66999816894531,33.04999923706055,34.380001068115234,1937500,0.0,0.0
2024-03-11 00:00:00-04:00,34.0,35.40999984741211,30.540000915527344,30.84000015258789,2220700,0.0,0.0
2024-03-12 00:00:00-04:00,32.45000076293945,37.0099983215332,32.02000045776367,36.84000015258789,2355300,0.0,0.0
2024-03-13 00:00:00-04:00,37.9900016784668,39.400001525878906,36.349998474121094,37.900001525878906,2200600,0.0,0.0
2024-03-14 00:00:00-04:00,38.25,39.1150016784668,34.349998474121094,34.9900016784668,2676600,0.0,0.0
2024-03-15 00:00:00-04:00,39.310001373291016,45.18000030517578,34.40999984741211,43.150001525878906,9010700,0.0,0.0
2024-03-18 00:00:00-04:00,40.04999923706055,41.0,33.11000061035156,34.209999084472656,8432700,0.0,0.0
2024-03-19 00:00:00-04:00,32.41999816894531,32.41999816894531,28.3799991607666,29.520000457763672,6026800,0.0,0.0
2024-03-20 00:00:00-04:00,30.329999923706055,31.510000228881836,27.809999465942383,28.8799991607666,4541100,0.0,0.0
2024-03-21 00:00:00-04:00,29.579999923706055,31.729999542236328,28.510000228881836,30.469999313354492,3428900,0.0,0.0
2024-03-22 00:00:00-04:00,30.229999542236328,30.3700008392334,26.719999313354492,26.90999984741211,3261000,0.0,0.0
2024-03-25 00:00:00-04:00,27.100000381469727,28.34000015258789,26.75,27.709999084472656,2354200,0.0,0.0
2024-03-26 00:00:00-04:00,27.59000015258789,27.700000762939453,25.34000015258789,25.600000381469727,3239200,0.0,0.0
2024-03-27 00:00:00-04:00,25.700000762939453,26.84000015258789,25.1200008392334,26.15999984741211,2294000,0.0,0.0
2024-03-28 00:00:00-04:00,28.0,28.8799991607666,26.6200008392334,26.719999313354492,2633000,0.0,0.0
2024-04-01 00:00:00-04:00,26.719999313354492,31.1299991607666,26.65999984741211,30.790000915527344,3627900,0.0,0.0
2024-04-02 00:00:00-04:00,30.700000762939453,33.69300079345703,29.541000366210938,33.25,3362100,0.0,0.0
2024-04-03 00:00:00-04:00,33.70000076293945,36.95000076293945,33.650001525878906,35.650001525878906,5213900,0.0,0.0
2024-04-04 00:00:00-04:00,36.47999954223633,38.209999084472656,33.40999984741211,33.58000183105469,4404100,0.0,0.0
2024-04-05 00:00:00-04:00,34.310001373291016,36.36000061035156,34.040000915527344,34.75,2871000,0.0,0.0
2024-04-08 00:00:00-04:00,35.099998474121094,35.5099983215332,31.5,33.4900016784668,2506800,0.0,0.0
2024-04-09 00:00:00-04:00,33.40999984741211,33.5,31.040000915527344,31.59000015258789,2054600,0.0,0.0
2024-04-10 00:00:00-04:00,30.790000915527344,32.38100051879883,30.5,31.020000457763672,1466400,0.0,0.0
2024-04-11 00:00:00-04:00,31.93000030517578,34.779998779296875,31.68000030517578,33.79499816894531,2919900,0.0,0.0
2024-04-12 00:00:00-04:00,33.15999984741211,33.290000915527344,31.34000015258789,31.75,1809400,0.0,0.0
2024-04-15 00:00:00-04:00,33.36199951171875,34.72999954223633,31.100000381469727,32.470001220703125,3557200,0.0,0.0
2024-04-16 00:00:00-04:00,32.310001373291016,35.63999938964844,31.399999618530273,35.09000015258789,3153700,0.0,0.0
2024-04-17 00:00:00-04:00,35.849998474121094,36.75,33.507999420166016,34.959999084472656,2698400,0.0,0.0
2024-04-18 00:00:00-04:00,34.720001220703125,38.58000183105469,33.77000045776367,36.810001373291016,3816300,0.0,0.0
2024-04-19 00:00:00-04:00,36.7599983215332,37.380001068115234,33.849998474121094,34.689998626708984,3162200,0.0,0.0
2024-04-22 00:00:00-04:00,34.900001525878906,37.196998596191406,34.040000915527344,37.09000015258789,2673200,0.0,0.0
2024-04-23 00:00:00-04:00,38.0,39.189998626708984,35.0099983215332,37.0,3809800,0.0,0.0
2024-04-24 00:00:00-04:00,37.099998474121094,37.650001525878906,35.50400161743164,35.90999984741211,2272000,0.0,0.0
2024-04-25 00:00:00-04:00,35.130001068115234,36.97999954223633,33.779998779296875,36.36000061035156,1601900,0.0,0.0
2024-04-26 00:00:00-04:00,36.2599983215332,37.459999084472656,35.165000915527344,35.349998474121094,1787900,0.0,0.0
2024-04-29 00:00:00-04:00,35.400001525878906,35.68000030517578,33.19499969482422,33.97999954223633,2448900,0.0,0.0
2024-04-30 00:00:00-04:00,33.599998474121094,33.599998474121094,30.75,31.790000915527344,2988800,0.0,0.0
2024-05-01 00:00:00-04:00,31.780000686645508,32.68000030517578,30.760000228881836,31.979999542236328,1805300,0.0,0.0
2024-05-02 00:00:00-04:00,32.79999923706055,34.95000076293945,31.709999084472656,34.70000076293945,2326400,0.0,0.0
2024-05-03 00:00:00-04:00,35.25,37.63999938964844,34.68000030517578,37.27000045776367,2968000,0.0,0.0
2024-05-06 00:00:00-04:00,38.0,41.310001373291016,37.79999923706055,41.11000061035156,3606400,0.0,0.0
2024-05-07 00:00:00-04:00,39.22999954223633,41.04999923706055,36.900001525878906,40.09000015258789,2768100,0.0,0.0
2024-05-08 00:00:00-04:00,39.0,39.6510009765625,37.7400016784668,39.13999938964844,2084300,0.0,0.0
2024-05-09 00:00:00-04:00,40.95000076293945,41.099998474121094,34.5,39.720001220703125,5363300,0.0,0.0
2024-05-10 00:00:00-04:00,39.720001220703125,39.900001525878906,36.801998138427734,37.349998474121094,2551100,0.0,0.0
2024-05-13 00:00:00-04:00,37.099998474121094,37.290000915527344,35.20000076293945,36.25,2029600,0.0,0.0
2024-05-14 00:00:00-04:00,36.20000076293945,37.395999908447266,35.75,36.97999954223633,1785700,0.0,0.0
2024-05-15 00:00:00-04:00,37.20000076293945,38.678001403808594,34.560001373291016,34.869998931884766,3644600,0.0,0.0
2024-05-16 00:00:00-04:00,34.7599983215332,37.369998931884766,34.70000076293945,36.209999084472656,2416800,0.0,0.0
2024-05-17 00:00:00-04:00,36.689998626708984,38.220001220703125,35.400001525878906,35.7599983215332,2779300,0.0,0.0
2024-05-20 00:00:00-04:00,36.04999923706055,36.18000030517578,32.301998138427734,32.650001525878906,4175700,0.0,0.0
2024-05-21 00:00:00-04:00,32.630001068115234,32.650001525878906,31.1200008392334,31.450000762939453,2280200,0.0,0.0
2024-05-22 00:00:00-04:00,26.31999969482422,29.950000762939453,25.219999313354492,29.829999923706055,10107200,0.0,0.0
2024-05-23 00:00:00-04:00,31.0,32.5,30.209999084472656,32.349998474121094,3769100,0.0,0.0
2024-05-24 00:00:00-04:00,32.529998779296875,33.81999969482422,32.132999420166016,32.54999923706055,1907000,0.0,0.0
2024-05-28 00:00:00-04:00,31.459999084472656,31.670000076293945,30.110000610351562,30.6200008392334,2156400,0.0,0.0
2024-05-29 00:00:00-04:00,30.100000381469727,31.979999542236328,29.719999313354492,31.760000228881836,2415700,0.0,0.0
2024-05-30 00:00:00-04:00,31.889999389648438,32.25,30.231000900268555,30.270000457763672,2092400,0.0,0.0
2024-05-31 00:00:00-04:00,31.0,31.458999633789062,30.239999771118164,31.139999389648438,1535200,0.0,0.0
2024-06-03 00:00:00-04:00,31.860000610351562,33.150001525878906,31.850000381469727,32.56999969482422,1847300,0.0,0.0
2024-06-04 00:00:00-04:00,32.189998626708984,32.3650016784668,31.229999542236328,31.34000015258789,1412900,0.0,0.0
2024-06-05 00:00:00-04:00,31.520000457763672,32.64099884033203,31.389999389648438,31.979999542236328,1176100,0.0,0.0
2024-06-06 00:00:00-04:00,31.950000762939453,31.950000762939453,29.84000015258789,30.100000381469727,1834600,0.0,0.0
2024-06-07 00:00:00-04:00,30.459999084472656,31.170000076293945,30.25,30.600000381469727,899600,0.0,0.0
2024-06-10 00:00:00-04:00,30.549999237060547,32.189998626708984,30.549999237060547,31.920000076293945,1488000,0.0,0.0
2024-06-11 00:00:00-04:00,31.645000457763672,34.06999969482422,31.399999618530273,32.91999816894531,1827900,0.0,0.0
2024-06-12 00:00:00-04:00,33.27000045776367,33.7599983215332,32.04100036621094,32.34000015258789,1468400,0.0,0.0
2024-06-13 00:00:00-04:00,32.95000076293945,33.290000915527344,31.559999465942383,31.80500030517578,1118300,0.0,0.0
2024-06-14 00:00:00-04:00,31.299999237060547,31.690000534057617,30.174999237060547,31.170000076293945,1384500,0.0,0.0
2024-06-17 00:00:00-04:00,31.25,31.511999130249023,29.700000762939453,30.059999465942383,1994700,0.0,0.0
2024-06-18 00:00:00-04:00,30.100000381469727,30.299999237060547,29.0,30.200000762939453,1527700,0.0,0.0
2024-06-20 00:00:00-04:00,30.360000610351562,30.649999618530273,28.799999237060547,29.459999084472656,1361700,0.0,0.0
2024-06-21 00:00:00-04:00,29.270000457763672,29.360000610351562,28.190000534057617,29.329999923706055,1039600,0.0,0.0
2024-06-24 00:00:00-04:00,29.420000076293945,29.700000762939453,28.75,29.549999237060547,910100,0.0,0.0
2024-06-25 00:00:00-04:00,29.600000381469727,30.34000015258789,29.329999923706055,29.389999389648438,866800,0.0,0.0
2024-06-26 00:00:00-04:00,30.0,30.850000381469727,29.40999984741211,29.43000030517578,1462500,0.0,0.0
2024-06-27 00:00:00-04:00,29.479999542236328,30.299999237060547,29.139999389648438,30.1200008392334,1008100,0.0,0.0
2024-06-28 00:00:00-04:00,30.3799991607666,31.190000534057617,29.43000030517578,30.420000076293945,5212900,0.0,0.0
2024-07-01 00:00:00-04:00,30.68000030517578,32.08000183105469,29.861000061035156,32.0,1482000,0.0,0.0
2024-07-02 00:00:00-04:00,32.0,32.720001220703125,30.850000381469727,31.440000534057617,1148800,0.0,0.0
2024-07-03 00:00:00-04:00,31.950000762939453,32.41999816894531,31.510000228881836,31.889999389648438,802900,0.0,0.0
2024-07-05 00:00:00-04:00,31.760000228881836,32.36000061035156,31.75,32.189998626708984,627900,0.0,0.0
2024-07-08 00:00:00-04:00,32.86000061035156,34.27899932861328,31.0,31.350000381469727,2118000,0.0,0.0
2024-07-09 00:00:00-04:00,31.799999237060547,32.08000183105469,31.020000457763672,31.440000534057617,705400,0.0,0.0
2024-07-10 00:00:00-04:00,31.3799991607666,32.16999816894531,30.790000915527344,31.780000686645508,882400,0.0,0.0
2024-07-11 00:00:00-04:00,32.0,32.43000030517578,31.049999237060547,31.25,937300,0.0,0.0
2024-07-12 00:00:00-04:00,30.510000228881836,31.020000457763672,29.7450008392334,30.3799991607666,1740700,0.0,0.0
2024-07-15 00:00:00-04:00,30.530000686645508,30.59000015258789,29.610000610351562,29.690000534057617,1311300,0.0,0.0
2024-07-16 00:00:00-04:00,30.0,30.614999771118164,29.75,30.600000381469727,1155700,0.0,0.0
2024-07-17 00:00:00-04:00,29.780000686645508,30.399999618530273,28.75,29.469999313354492,1286900,0.0,0.0
2024-07-18 00:00:00-04:00,30.299999237060547,31.309999465942383,29.158000946044922,29.229999542236328,1778100,0.0,0.0
2024-07-19 00:00:00-04:00,29.25,29.520000457763672,28.329999923706055,28.59000015258789,1364900,0.0,0.0
2024-07-22 00:00:00-04:00,29.020000457763672,29.059999465942383,27.56999969482422,28.399999618530273,1196400,0.0,0.0
2024-07-23 00:00:00-04:00,28.110000610351562,29.280000686645508,28.100000381469727,28.780000686645508,850600,0.0,0.0
2024-07-24 00:00:00-04:00,28.559999465942383,28.649999618530273,26.90999984741211,26.979999542236328,1090200,0.0,0.0
2024-07-25 00:00:00-04:00,26.760000228881836,27.459999084472656,26.010000228881836,26.780000686645508,840500,0.0,0.0
2024-07-26 00:00:00-04:00,27.219999313354492,28.459999084472656,27.09000015258789,28.440000534057617,830300,0.0,0.0
2024-07-29 00:00:00-04:00,29.43000030517578,29.90999984741211,28.600000381469727,28.770000457763672,963900,0.0,0.0
2024-07-30 00:00:00-04:00,28.649999618530273,29.260000228881836,28.190000534057617,28.43000030517578,597300,0.0,0.0
2024-07-31 00:00:00-04:00,28.90999984741211,29.940000534057617,28.899999618530273,29.43000030517578,629600,0.0,0.0
2024-08-01 00:00:00-04:00,29.43000030517578,29.749000549316406,27.25,27.440000534057617,1045800,0.0,0.0
2024-08-02 00:00:00-04:00,26.299999237060547,26.719999313354492,25.40399932861328,25.559999465942383,1269700,0.0,0.0
2024-08-05 00:00:00-04:00,22.18000030517578,24.8799991607666,21.299999237060547,24.729999542236328,1808500,0.0,0.0
2024-08-06 00:00:00-04:00,25.399999618530273,25.760000228881836,24.209999084472656,25.540000915527344,1253400,0.0,0.0
2024-08-07 00:00:00-04:00,24.25,24.68000030517578,20.700000762939453,23.110000610351562,2949300,0.0,0.0
2024-08-08 00:00:00-04:00,24.0,24.209999084472656,22.809999465942383,24.139999389648438,1743200,0.0,0.0
2024-08-09 00:00:00-04:00,23.510000228881836,23.540000915527344,21.950000762939453,22.43000030517578,1953400,0.0,0.0
2024-08-12 00:00:00-04:00,22.579999923706055,23.270000457763672,22.0,22.5,1053600,0.0,0.0
2024-08-13 00:00:00-04:00,22.799999237060547,23.399999618530273,22.65999984741211,23.170000076293945,826800,0.0,0.0
2024-08-14 00:00:00-04:00,23.309999465942383,23.600000381469727,22.15999984741211,22.389999389648438,778200,0.0,0.0
2024-08-15 00:00:00-04:00,22.719999313354492,22.969999313354492,21.729999542236328,22.450000762939453,1235200,0.0,0.0
2024-08-16 00:00:00-04:00,22.450000762939453,23.139999389648438,22.329999923706055,22.399999618530273,737500,0.0,0.0
2024-08-19 00:00:00-04:00,22.459999084472656,23.399999618530273,21.90999984741211,23.190000534057617,1353700,0.0,0.0
2024-08-20 00:00:00-04:00,22.90999984741211,23.049999237060547,21.729000091552734,22.1200008392334,1271400,0.0,0.0
2024-08-21 00:00:00-04:00,22.299999237060547,22.399999618530273,21.900999069213867,22.270000457763672,924200,0.0,0.0
2024-08-22 00:00:00-04:00,22.360000610351562,22.600000381469727,21.219999313354492,21.270000457763672,933200,0.0,0.0
2024-08-23 00:00:00-04:00,21.520000457763672,23.100000381469727,21.450000762939453,22.540000915527344,1642400,0.0,0.0
2024-08-26 00:00:00-04:00,22.350000381469727,22.68000030517578,21.84000015258789,21.8700008392334,936600,0.0,0.0
2024-08-27 00:00:00-04:00,21.809999465942383,21.989999771118164,20.399999618530273,20.809999465942383,1220200,0.0,0.0
2024-08-28 00:00:00-04:00,20.510000228881836,20.917999267578125,19.600000381469727,19.690000534057617,1586300,0.0,0.0
2024-08-29 00:00:00-04:00,19.649999618530273,20.459999084472656,19.649999618530273,20.100000381469727,968600,0.0,0.0
2024-08-30 00:00:00-04:00,20.030000686645508,20.149999618530273,18.770000457763672,19.440000534057617,2218400,0.0,0.0
2024-09-03 00:00:00-04:00,20.149999618530273,21.450000762939453,20.0,21.049999237060547,1992300,0.0,0.0
2024-09-04 00:00:00-04:00,20.540000915527344,20.625,19.34000015258789,19.43000030517578,1289500,0.0,0.0
2024-09-05 00:00:00-04:00,19.309999465942383,19.670000076293945,18.020000457763672,18.459999084472656,1146900,0.0,0.0
2024-09-06 00:00:00-04:00,18.459999084472656,18.559999465942383,17.075000762939453,17.110000610351562,1427500,0.0,0.0
2024-09-09 00:00:00-04:00,17.290000915527344,19.06999969482422,17.110000610351562,18.239999771118164,1673000,0.0,0.0
2024-09-10 00:00:00-04:00,18.299999237060547,18.600000381469727,17.790000915527344,18.479999542236328,739700,0.0,0.0
2024-09-11 00:00:00-04:00,18.360000610351562,18.690000534057617,17.951000213623047,18.489999771118164,969900,0.0,0.0
2024-09-12 00:00:00-04:00,18.270000457763672,18.59000015258789,17.09000015258789,17.360000610351562,2436300,0.0,0.0
2024-09-13 00:00:00-04:00,17.260000228881836,17.849000930786133,16.809999465942383,17.079999923706055,1727100,0.0,0.0
2024-09-16 00:00:00-04:00,16.8700008392334,16.915000915527344,15.609999656677246,16.170000076293945,2250700,0.0,0.0
2024-09-17 00:00:00-04:00,16.31999969482422,17.40999984741211,16.299999237060547,17.290000915527344,1256300,0.0,0.0
2024-09-18 00:00:00-04:00,17.299999237060547,18.110000610351562,16.899999618530273,17.350000381469727,1575400,0.0,0.0
2024-09-19 00:00:00-04:00,18.040000915527344,19.799999237060547,18.03499984741211,19.43000030517578,2182300,0.0,0.0
2024-09-20 00:00:00-04:00,19.3700008392334,19.445999145507812,18.020000457763672,18.299999237060547,3116300,0.0,0.0
2024-09-23 00:00:00-04:00,18.3700008392334,18.559999465942383,17.649999618530273,17.93000030517578,841400,0.0,0.0
2024-09-24 00:00:00-04:00,18.420000076293945,18.864999771118164,17.809999465942383,18.81999969482422,1124200,0.0,0.0
2024-09-25 00:00:00-04:00,18.850000381469727,20.0,18.729999542236328,19.6299991607666,1929300,0.0,0.0
2024-09-26 00:00:00-04:00,20.920000076293945,21.799999237060547,20.260000228881836,21.739999771118164,2169200,0.0,0.0
2024-09-27 00:00:00-04:00,22.899999618530273,25.1200008392334,22.5,23.760000228881836,4116300,0.0,0.0
2024-09-30 00:00:00-04:00,24.0,24.989999771118164,22.709999084472656,22.979999542236328,2605400,0.0,0.0
2024-10-01 00:00:00-04:00,22.889999389648438,25.290000915527344,22.399999618530273,25.209999084472656,2538500,0.0,0.0
2024-10-02 00:00:00-04:00,25.5,27.489999771118164,25.5,26.399999618530273,3269100,0.0,0.0
2024-10-03 00:00:00-04:00,25.739999771118164,26.510000228881836,25.25,26.209999084472656,1138000,0.0,0.0
2024-10-04 00:00:00-04:00,27.0,28.655000686645508,26.299999237060547,28.329999923706055,2388300,0.0,0.0
2024-10-07 00:00:00-04:00,28.8799991607666,29.040000915527344,26.520000457763672,27.3799991607666,2149800,0.0,0.0
2024-10-08 00:00:00-04:00,25.450000762939453,26.09000015258789,24.770000457763672,24.780000686645508,1939200,0.0,0.0
2024-10-09 00:00:00-04:00,24.270000457763672,24.639999389648438,23.43000030517578,23.905000686645508,1534100,0.0,0.0
2024-10-10 00:00:00-04:00,23.959999084472656,24.149999618530273,23.270000457763672,23.56999969482422,867400,0.0,0.0
2024-10-11 00:00:00-04:00,23.3799991607666,25.459999084472656,22.979999542236328,25.239999771118164,1218900,0.0,0.0
2024-10-14 00:00:00-04:00,25.100000381469727,25.389999389648438,24.0,24.799999237060547,1001800,0.0,0.0
2024-10-15 00:00:00-04:00,24.030000686645508,24.40399932861328,23.2549991607666,23.389999389648438,1232000,0.0,0.0
2024-10-16 00:00:00-04:00,23.59000015258789,24.68000030517578,23.44499969482422,24.579999923706055,1268300,0.0,0.0
2024-10-17 00:00:00-04:00,24.0,24.922000885009766,23.649999618530273,24.450000762939453,724100,0.0,0.0
2024-10-18 00:00:00-04:00,25.309999465942383,26.6299991607666,25.040000915527344,26.399999618530273,2116100,0.0,0.0
2024-10-21 00:00:00-04:00,26.399999618530273,26.940000534057617,25.5,25.969999313354492,1135100,0.0,0.0
2024-10-22 00:00:00-04:00,25.760000228881836,27.242000579833984,25.760000228881836,26.790000915527344,1200000,0.0,0.0
2024-10-23 00:00:00-04:00,26.399999618530273,27.040000915527344,24.200000762939453,24.809999465942383,1410800,0.0,0.0
2024-10-24 00:00:00-04:00,25.31999969482422,26.360000610351562,25.132999420166016,25.5,1025700,0.0,0.0
2024-10-25 00:00:00-04:00,25.559999465942383,26.100000381469727,24.09000015258789,24.170000076293945,1105600,0.0,0.0
2024-10-28 00:00:00-04:00,24.469999313354492,24.81999969482422,23.920000076293945,24.549999237060547,835500,0.0,0.0
2024-10-29 00:00:00-04:00,24.3799991607666,24.57900047302246,23.709999084472656,24.260000228881836,657000,0.0,0.0
2024-10-30 00:00:00-04:00,23.739999771118164,24.899999618530273,23.71299934387207,24.5,596700,0.0,0.0
2024-10-31 00:00:00-04:00,24.25,24.3799991607666,22.75,22.770000457763672,915500,0.0,0.0
2024-11-01 00:00:00-04:00,23.34000015258789,23.56999969482422,22.700000762939453,22.709999084472656,662800,0.0,0.0
2024-11-04 00:00:00-05:00,22.450000762939453,23.350000381469727,22.430999755859375,22.690000534057617,412300,0.0,0.0
2024-11-05 00:00:00-05:00,22.899999618530273,23.52199935913086,22.760000228881836,22.940000534057617,626500,0.0,0.0
2024-11-06 00:00:00-05:00,22.290000915527344,22.34000015258789,21.020000457763672,21.760000228881836,2151900,0.0,0.0
2024-11-07 00:00:00-05:00,22.43000030517578,24.790000915527344,22.280000686645508,23.81999969482422,2506800,0.0,0.0
2024-11-08 00:00:00-05:00,25.5,28.100000381469727,25.110000610351562,27.93000030517578,3794900,0.0,0.0
2024-11-11 00:00:00-05:00,29.100000381469727,29.200000762939453,25.684999465942383,26.899999618530273,2233500,0.0,0.0
2024-11-12 00:00:00-05:00,25.899999618530273,26.18000030517578,23.399999618530273,23.43000030517578,2353200,0.0,0.0
2024-11-13 00:00:00-05:00,24.43000030517578,24.549999237060547,21.3799991607666,21.6200008392334,2176000,0.0,0.0
2024-11-14 00:00:00-05:00,21.920000076293945,21.920000076293945,20.3700008392334,20.799999237060547,1783800,0.0,0.0
2024-11-15 00:00:00-05:00,21.139999389648438,21.260000228881836,20.15999984741211,20.860000610351562,1178400,0.0,0.0
2024-11-18 00:00:00-05:00,21.030000686645508,22.549999237060547,20.75,22.510000228881836,1652500,0.0,0.0
2024-11-19 00:00:00-05:00,22.270000457763672,24.610000610351562,21.600000381469727,24.149999618530273,2308400,0.0,0.0
2024-11-20 00:00:00-05:00,24.020000457763672,25.299999237060547,22.90999984741211,23.260000228881836,1278500,0.0,0.0
2024-11-21 00:00:00-05:00,23.399999618530273,24.59000015258789,22.860000610351562,24.1200008392334,881100,0.0,0.0
2024-11-22 00:00:00-05:00,23.850000381469727,26.114999771118164,23.700000762939453,25.5,1591400,0.0,0.0
2024-11-25 00:00:00-05:00,26.1299991607666,26.1299991607666,25.11400032043457,25.489999771118164,1285900,0.0,0.0
2024-11-26 00:00:00-05:00,25.25,25.479999542236328,24.6200008392334,24.729999542236328,763300,0.0,0.0
2024-11-27 00:00:00-05:00,25.0,25.350000381469727,24.020000457763672,24.780000686645508,742200,0.0,0.0
2024-11-29 00:00:00-05:00,24.809999465942383,25.149999618530273,24.459999084472656,24.700000762939453,485900,0.0,0.0
2024-12-02 00:00:00-05:00,24.690000534057617,25.489999771118164,23.549999237060547,23.639999389648438,1269500,0.0,0.0
2024-12-03 00:00:00-05:00,23.709999084472656,24.360000610351562,23.3799991607666,23.81999969482422,1191900,0.0,0.0
2024-12-04 00:00:00-05:00,24.0,25.440000534057617,24.0,25.31999969482422,943900,0.0,0.0
2024-12-05 00:00:00-05:00,25.5,25.649999618530273,24.200000762939453,24.260000228881836,902800,0.0,0.0
2024-12-06 00:00:00-05:00,22.100000381469727,22.5,21.510000228881836,22.200000762939453,4577800,0.0,0.0
2024-12-09 00:00:00-05:00,23.134000778198242,24.59000015258789,22.799999237060547,23.15999984741211,2011500,0.0,0.0
2024-12-10 00:00:00-05:00,22.889999389648438,23.190000534057617,21.729999542236328,21.989999771118164,1420200,0.0,0.0
2024-12-11 00:00:00-05:00,22.309999465942383,22.309999465942383,20.625999450683594,21.3700008392334,1818000,0.0,0.0
2024-12-12 00:00:00-05:00,21.639999389648438,21.639999389648438,20.700000762939453,20.709999084472656,1055000,0.0,0.0
2024-12-13 00:00:00-05:00,20.5,20.729999542236328,20.030000686645508,20.690000534057617,1048000,0.0,0.0
2024-12-16 00:00:00-05:00,20.68000030517578,21.360000610351562,19.90999984741211,19.959999084472656,1299300,0.0,0.0
2024-12-17 00:00:00-05:00,19.799999237060547,20.229999542236328,19.559999465942383,19.690000534057617,934700,0.0,0.0
2024-12-18 00:00:00-05:00,19.709999084472656,20.06999969482422,18.110000610351562,18.350000381469727,1297200,0.0,0.0
2024-12-19 00:00:00-05:00,18.899999618530273,19.2549991607666,17.719999313354492,17.719999313354492,1148700,0.0,0.0
2024-12-20 00:00:00-05:00,17.420000076293945,18.110000610351562,17.399999618530273,17.93000030517578,1072500,0.0,0.0
2024-12-23 00:00:00-05:00,18.270000457763672,19.3799991607666,17.93000030517578,18.18000030517578,1245900,0.0,0.0
2024-12-24 00:00:00-05:00,18.170000076293945,18.290000915527344,17.860000610351562,18.049999237060547,412400,0.0,0.0
2024-12-26 00:00:00-05:00,18.0,18.5,17.75,18.079999923706055,1007600,0.0,0.0
2024-12-27 00:00:00-05:00,17.950000762939453,18.054000854492188,17.43000030517578,17.56999969482422,715500,0.0,0.0
2024-12-30 00:00:00-05:00,17.200000762939453,17.479999542236328,16.799999237060547,17.170000076293945,1253000,0.0,0.0
2024-12-31 00:00:00-05:00,17.739999771118164,19.27199935913086,17.69499969482422,18.520000457763672,1868600,0.0,0.0
2025-01-02 00:00:00-05:00,18.440000534057617,19.479999542236328,18.409000396728516,19.059999465942383,1009500,0.0,0.0
2025-01-03 00:00:00-05:00,19.299999237060547,20.0,19.201000213623047,19.59000015258789,1121600,0.0,0.0
2025-01-06 00:00:00-05:00,20.399999618530273,21.899999618530273,20.076000213623047,21.399999618530273,1902500,0.0,0.0
2025-01-07 00:00:00-05:00,21.5,21.57900047302246,19.834999084472656,20.09000015258789,1276100,0.0,0.0
2025-01-08 00:00:00-05:00,19.670000076293945,19.899999618530273,18.81599998474121,19.579999923706055,1143800,0.0,0.0
2025-01-10 00:00:00-05:00,19.09000015258789,19.780000686645508,18.43000030517578,19.219999313354492,923100,0.0,0.0
2025-01-13 00:00:00-05:00,18.600000381469727,18.809999465942383,18.020000457763672,18.610000610351562,811000,0.0,0.0
2025-01-14 00:00:00-05:00,19.09000015258789,19.43000030517578,18.649999618530273,18.979999542236328,705200,0.0,0.0
2025-01-15 00:00:00-05:00,19.93000030517578,20.489999771118164,19.639999389648438,19.790000915527344,1033700,0.0,0.0
2025-01-16 00:00:00-05:00,19.8799991607666,20.150999069213867,19.5,19.524999618530273,579700,0.0,0.0
2025-01-17 00:00:00-05:00,20.0,20.304000854492188,19.700000762939453,19.829999923706055,1036200,0.0,0.0
2025-01-21 00:00:00-05:00,20.139999389648438,20.639999389648438,19.570999145507812,20.6200008392334,812700,0.0,0.0
2025-01-22 00:00:00-05:00,20.75,21.260000228881836,20.280000686645508,21.190000534057617,1090700,0.0,0.0
2025-01-23 00:00:00-05:00,20.860000610351562,21.670000076293945,20.799999237060547,20.989999771118164,895600,0.0,0.0
2025-01-24 00:00:00-05:00,21.290000915527344,21.729999542236328,20.959999084472656,21.09000015258789,720100,0.0,0.0
2025-01-27 00:00:00-05:00,20.25,20.75,19.670000076293945,19.90999984741211,822300,0.0,0.0
2025-01-28 00:00:00-05:00,19.950000762939453,20.780000686645508,19.59000015258789,20.729999542236328,633100,0.0,0.0
2025-01-29 00:00:00-05:00,20.829999923706055,21.479999542236328,20.667999267578125,21.260000228881836,846100,0.0,0.0
2025-01-30 00:00:00-05:00,21.5,23.170000076293945,21.200000762939453,22.709999084472656,1575300,0.0,0.0
2025-01-31 00:00:00-05:00,22.860000610351562,22.929000854492188,21.18000030517578,21.31999969482422,1080800,0.0,0.0
2025-02-03 00:00:00-05:00,19.860000610351562,20.06999969482422,18.959999084472656,19.739999771118164,1660300,0.0,0.0
2025-02-04 00:00:00-05:00,19.739999771118164,20.799999237060547,19.415000915527344,20.719999313354492,816300,0.0,0.0
2025-02-05 00:00:00-05:00,20.459999084472656,20.510000228881836,19.700000762939453,20.139999389648438,765200,0.0,0.0
2025-02-06 00:00:00-05:00,20.5,20.700000762939453,19.829999923706055,19.889999389648438,500700,0.0,0.0
2025-02-07 00:00:00-05:00,20.010000228881836,20.690000534057617,19.639999389648438,19.790000915527344,617600,0.0,0.0
2025-02-10 00:00:00-05:00,20.100000381469727,20.530000686645508,19.850000381469727,20.329999923706055,599500,0.0,0.0
2025-02-11 00:00:00-05:00,20.15999984741211,21.360000610351562,20.11199951171875,20.454999923706055,950000,0.0,0.0
2025-02-12 00:00:00-05:00,20.290000915527344,20.549999237060547,19.700000762939453,20.06999969482422,583800,0.0,0.0
2025-02-13 00:00:00-05:00,19.940000534057617,20.75,19.929000854492188,20.170000076293945,568100,0.0,0.0
2025-02-14 00:00:00-05:00,20.799999237060547,21.350000381469727,20.190000534057617,20.459999084472656,680800,0.0,0.0
2025-02-18 00:00:00-05:00,20.799999237060547,21.1299991607666,19.829999923706055,20.260000228881836,1079300,0.0,0.0
2025-02-19 00:00:00-05:00,20.219999313354492,20.219999313354492,19.534000396728516,19.6200008392334,767100,0.0,0.0
2025-02-20 00:00:00-05:00,20.0,20.200000762939453,19.15999984741211,19.31999969482422,847500,0.0,0.0
2025-02-21 00:00:00-05:00,19.559999465942383,19.670000076293945,18.68000030517578,18.68000030517578,933500,0.0,0.0
2025-02-24 00:00:00-05:00,18.700000762939453,18.75,17.809999465942383,18.010000228881836,900900,0.0,0.0
2025-02-25 00:00:00-05:00,18.110000610351562,18.304000854492188,17.700000762939453,18.020000457763672,1020600,0.0,0.0
2025-02-26 00:00:00-05:00,18.420000076293945,18.969999313354492,18.18000030517578,18.729999542236328,815000,0.0,0.0
2025-02-27 00:00:00-05:00,18.799999237060547,18.829999923706055,17.44499969482422,17.459999084472656,1262300,0.0,0.0
2025-02-28 00:00:00-05:00,17.18000030517578,17.389999389648438,16.582000732421875,16.93000030517578,1410700,0.0,0.0
2025-03-03 00:00:00-05:00,17.360000610351562,17.454999923706055,15.770000457763672,16.010000228881836,2765400,0.0,0.0
2025-03-04 00:00:00-05:00,13.970000267028809,16.43199920654297,13.600000381469727,15.529999732971191,3945300,0.0,0.0
2025-03-05 00:00:00-05:00,15.850000381469727,16.899999618530273,15.710000038146973,16.469999313354492,1461100,0.0,0.0
2025-03-06 00:00:00-05:00,16.219999313354492,16.65999984741211,15.609999656677246,15.630000114440918,1192300,0.0,0.0
2025-03-07 00:00:00-05:00,15.5,16.200000762939453,15.35099983215332,15.694999694824219,1710500,0.0,0.0
2025-03-10 00:00:00-04:00,15.229999542236328,15.649999618530273,14.449999809265137,15.119999885559082,2082900,0.0,0.0
2025-03-11 00:00:00-04:00,15.149999618530273,15.680000305175781,14.949999809265137,15.3100004196167,953700,0.0,0.0
2025-03-12 00:00:00-04:00,15.65999984741211,15.880000114440918,14.420000076293945,14.430000305175781,1057800,0.0,0.0
2025-03-13 00:00:00-04:00,14.350000381469727,14.680000305175781,14.100000381469727,14.350000381469727,916500,0.0,0.0
2025-03-14 00:00:00-04:00,14.640000343322754,15.119999885559082,14.609999656677246,14.930000305175781,904200,0.0,0.0
2025-03-17 00:00:00-04:00,14.890000343322754,15.140000343322754,14.727999687194824,14.899999618530273,826900,0.0,0.0
2025-03-18 00:00:00-04:00,14.6899995803833,14.835000038146973,14.399999618530273,14.40999984741211,702500,0.0,0.0
2025-03-19 00:00:00-04:00,14.470000267028809,15.029999732971191,14.470000267028809,14.829999923706055,882300,0.0,0.0
2025-03-20 00:00:00-04:00,14.600000381469727,15.149999618530273,14.600000381469727,14.859999656677246,753800,0.0,0.0
2025-03-21 00:00:00-04:00,14.510000228881836,15.225000381469727,14.510000228881836,15.0600004196167,1420800,0.0,0.0
2025-03-24 00:00:00-04:00,15.25,15.920000076293945,15.220000267028809,15.6899995803833,984600,0.0,0.0
2025-03-25 00:00:00-04:00,15.5,16.020000457763672,15.5,15.90999984741211,587600,0.0,0.0
2025-03-26 00:00:00-04:00,15.829999923706055,16.219999313354492,15.210000038146973,15.34000015258789,936500,0.0,0.0
2025-03-27 00:00:00-04:00,15.199999809265137,16.25,15.154999732971191,15.920000076293945,804400,0.0,0.0
2025-03-28 00:00:00-04:00,15.569999694824219,15.805000305175781,14.850000381469727,15.109999656677246,900200,0.0,0.0
2025-03-31 00:00:00-04:00,14.640000343322754,14.649999618530273,13.949999809265137,14.199999809265137,1012000,0.0,0.0
2025-04-01 00:00:00-04:00,14.199999809265137,14.75,14.050000190734863,14.720000267028809,792400,0.0,0.0
2025-04-02 00:00:00-04:00,14.430000305175781,14.869999885559082,14.180000305175781,14.729999542236328,753600,0.0,0.0
2025-04-03 00:00:00-04:00,14.300000190734863,14.548999786376953,13.649999618530273,13.770000457763672,1181500,0.0,0.0
2025-04-04 00:00:00-04:00,12.949999809265137,13.5,11.850000381469727,13.3100004196167,2083100,0.0,0.0
2025-04-07 00:00:00-04:00,12.420000076293945,13.630000114440918,12.0600004196167,12.664999961853027,1514400,0.0,0.0
2025-04-08 00:00:00-04:00,13.369999885559082,13.369999885559082,11.6899995803833,11.789999961853027,1613800,0.0,0.0
2025-04-09 00:00:00-04:00,11.5600004196167,13.670000076293945,11.489999771118164,13.010000228881836,2188100,0.0,0.0
2025-04-10 00:00:00-04:00,12.640000343322754,12.6899995803833,11.5,11.579999923706055,1321500,0.0,0.0
2025-04-11 00:00:00-04:00,11.579999923706055,11.710000038146973,11.170000076293945,11.699999809265137,988300,0.0,0.0
2025-04-14 00:00:00-04:00,12.0,12.329999923706055,11.880000114440918,12.170000076293945,864100,0.0,0.0
2025-04-15 00:00:00-04:00,12.130000114440918,12.40999984741211,12.010000228881836,12.369999885559082,673400,0.0,0.0
2025-04-16 00:00:00-04:00,12.1899995803833,12.449999809265137,11.770000457763672,12.050000190734863,708900,0.0,0.0
2025-04-17 00:00:00-04:00,12.170000076293945,12.829999923706055,12.170000076293945,12.729999542236328,784000,0.0,0.0
2025-04-21 00:00:00-04:00,12.630000114440918,12.720000267028809,11.970000267028809,12.029999732971191,643500,0.0,0.0
2025-04-22 00:00:00-04:00,12.289999961853027,12.829999923706055,12.079999923706055,12.649999618530273,464200,0.0,0.0
2025-04-23 00:00:00-04:00,13.329999923706055,13.84000015258789,12.960000038146973,13.020000457763672,761100,0.0,0.0
2025-04-24 00:00:00-04:00,13.050000190734863,13.600000381469727,12.859999656677246,13.420000076293945,778400,0.0,0.0
2025-04-25 00:00:00-04:00,13.300000190734863,13.399999618530273,13.039999961853027,13.319999694824219,454600,0.0,0.0
2025-04-28 00:00:00-04:00,13.34000015258789,13.506999969482422,12.770000457763672,13.15999984741211,512600,0.0,0.0
2025-04-29 00:00:00-04:00,13.15999984741211,13.229999542236328,12.864999771118164,12.9399995803833,381400,0.0,0.0
2025-04-30 00:00:00-04:00,12.529999732971191,12.574999809265137,12.1899995803833,12.539999961853027,542000,0.0,0.0
2025-05-01 00:00:00-04:00,12.869999885559082,12.970000267028809,12.550999641418457,12.8100004196167,448100,0.0,0.0
2025-05-02 00:00:00-04:00,13.020000457763672,13.84000015258789,12.899999618530273,13.640000343322754,859500,0.0,0.0
2025-05-05 00:00:00-04:00,13.5,13.649999618530273,13.180000305175781,13.199999809265137,425200,0.0,0.0
2025-05-06 00:00:00-04:00,13.010000228881836,13.880000114440918,12.880000114440918,13.765000343322754,426300,0.0,0.0
2025-05-07 00:00:00-04:00,13.850000381469727,14.039999961853027,13.569999694824219,13.84000015258789,522300,0.0,0.0
2025-05-08 00:00:00-04:00,14.260000228881836,14.949999809265137,14.039999961853027,14.8100004196167,621500,0.0,0.0
2025-05-09 00:00:00-04:00,14.899999618530273,14.937000274658203,14.220000267028809,14.5,629900,0.0,0.0
2025-05-12 00:00:00-04:00,16.78499984741211,16.979999542236328,15.369999885559082,15.899999618530273,2380100,0.0,0.0
2025-05-13 00:00:00-04:00,17.420000076293945,18.420000076293945,16.25,17.709999084472656,2502600,0.0,0.0
2025-05-14 00:00:00-04:00,18.0,18.989999771118164,17.8799991607666,18.75,1953200,0.0,0.0
2025-05-15 00:00:00-04:00,18.5,18.72800064086914,17.90399932861328,18.209999084472656,1001200,0.0,0.0
2025-05-16 00:00:00-04:00,18.3799991607666,19.3700008392334,18.290000915527344,18.8799991607666,945200,0.0,0.0
2025-05-19 00:00:00-04:00,18.360000610351562,18.68000030517578,18.170000076293945,18.524999618530273,670100,0.0,0.0
2025-05-20 00:00:00-04:00,18.420000076293945,18.649999618530273,17.989999771118164,18.309999465942383,655400,0.0,0.0
2025-05-21 00:00:00-04:00,18.049999237060547,18.3700008392334,17.549999237060547,17.959999084472656,844600,0.0,0.0
2025-05-22 00:00:00-04:00,17.739999771118164,18.790000915527344,17.719999313354492,18.719999313354492,668500,0.0,0.0
2025-05-23 00:00:00-04:00,18.25,18.770000457763672,17.850000381469727,17.8799991607666,645200,0.0,0.0
2025-05-27 00:00:00-04:00,18.469999313354492,18.71500015258789,17.950000762939453,18.420000076293945,620200,0.0,0.0
2025-05-28 00:00:00-04:00,18.479999542236328,18.479999542236328,17.96500015258789,18.059999465942383,386900,0.0,0.0
2025-05-29 00:00:00-04:00,18.5,18.549999237060547,17.979999542236328,18.040000915527344,395900,0.0,0.0
2025-05-30 00:00:00-04:00,17.719999313354492,17.81999969482422,17.40999984741211,17.559999465942383,757200,0.0,0.0
2025-06-02 00:00:00-04:00,17.450000762939453,18.020000457763672,17.43000030517578,17.93000030517578,382200,0.0,0.0
2025-06-03 00:00:00-04:00,17.959999084472656,18.378999710083008,17.785999298095703,18.18000030517578,473000,0.0,0.0
2025-06-04 00:00:00-04:00,18.219999313354492,18.614999771118164,18.079999923706055,18.59000015258789,444600,0.0,0.0
2025-06-05 00:00:00-04:00,18.520000457763672,19.280000686645508,18.332000732421875,18.969999313354492,526600,0.0,0.0
2025-06-06 00:00:00-04:00,19.15999984741211,19.312000274658203,18.579999923706055,18.610000610351562,394000,0.0,0.0
2025-06-09 00:00:00-04:00,19.049999237060547,19.165000915527344,18.59000015258789,18.93000030517578,527700,0.0,0.0
2025-06-10 00:00:00-04:00,18.920000076293945,18.940000534057617,18.440000534057617,18.600000381469727,371400,0.0,0.0
2025-06-11 00:00:00-04:00,18.850000381469727,19.165000915527344,18.56999969482422,18.739999771118164,510400,0.0,0.0
2025-06-12 00:00:00-04:00,18.399999618530273,18.739999771118164,18.010000228881836,18.530000686645508,420100,0.0,0.0
2025-06-13 00:00:00-04:00,17.989999771118164,18.399999618530273,17.790000915527344,17.809999465942383,580200,0.0,0.0
2025-06-16 00:00:00-04:00,18.139999389648438,18.59000015258789,17.93000030517578,18.43000030517578,440900,0.0,0.0
2025-06-17 00:00:00-04:00,18.209999084472656,18.530000686645508,17.8799991607666,17.899999618530273,539200,0.0,0.0
2025-06-18 00:00:00-04:00,17.920000076293945,18.28499984741211,17.799999237060547,18.0,408700,0.0,0.0
2025-06-20 00:00:00-04:00,18.270000457763672,18.3700008392334,17.959999084472656,18.239999771118164,735200,0.0,0.0
2025-06-23 00:00:00-04:00,18.059999465942383,18.649999618530273,18.030000686645508,18.420000076293945,624900,0.0,0.0
2025-06-24 00:00:00-04:00,18.639999389648438,18.75,17.110000610351562,17.690000534057617,1272500,0.0,0.0
2025-06-25 00:00:00-04:00,17.81999969482422,18.959999084472656,17.709999084472656,18.90999984741211,756500,0.0,0.0
2025-06-26 00:00:00-04:00,18.90999984741211,20.239999771118164,18.579999923706055,20.219999313354492,1107600,0.0,0.0
2025-06-27 00:00:00-04:00,20.299999237060547,20.479999542236328,19.350000381469727,19.799999237060547,2178200,0.0,0.0
2025-06-30 00:00:00-04:00,19.84000015258789,20.0,19.229999542236328,19.780000686645508,731300,0.0,0.0
2025-07-01 00:00:00-04:00,19.639999389648438,20.549999237060547,19.540000915527344,20.270000457763672,748400,0.0,0.0
2025-07-02 00:00:00-04:00,20.270000457763672,21.014999389648438,20.100000381469727,20.93000030517578,762300,0.0,0.0
2025-07-03 00:00:00-04:00,21.0,21.1200008392334,20.479999542236328,20.559999465942383,236700,0.0,0.0
2025-07-07 00:00:00-04:00,20.469999313354492,20.540000915527344,19.69499969482422,19.84000015258789,545100,0.0,0.0
2025-07-08 00:00:00-04:00,19.969999313354492,20.5,19.611000061035156,20.3799991607666,528200,0.0,0.0
2025-07-09 00:00:00-04:00,20.510000228881836,20.68000030517578,19.950000762939453,20.649999618530273,393400,0.0,0.0
2025-07-10 00:00:00-04:00,20.510000228881836,21.3700008392334,20.461999893188477,21.229999542236328,417400,0.0,0.0
2025-07-11 00:00:00-04:00,21.030000686645508,21.200000762939453,20.634000778198242,20.760000228881836,372300,0.0,0.0
2025-07-14 00:00:00-04:00,20.719999313354492,20.719999313354492,19.969999313354492,20.489999771118164,354900,0.0,0.0
2025-07-15 00:00:00-04:00,20.799999237060547,20.8799991607666,20.165000915527344,20.260000228881836,727200,0.0,0.0
2025-07-16 00:00:00-04:00,20.260000228881836,21.1299991607666,20.170000076293945,21.040000915527344,471900,0.0,0.0
2025-07-17 00:00:00-04:00,21.100000381469727,21.8700008392334,21.020000457763672,21.65999984741211,437600,0.0,0.0
2025-07-18 00:00:00-04:00,21.889999389648438,21.950000762939453,21.40999984741211,21.420000076293945,393100,0.0,0.0
2025-07-21 00:00:00-04:00,21.610000610351562,22.42099952697754,21.524999618530273,22.049999237060547,573800,0.0,0.0
2025-07-22 00:00:00-04:00,22.100000381469727,22.850000381469727,21.489999771118164,22.799999237060547,400100,0.0,0.0
2025-07-23 00:00:00-04:00,23.0,25.280000686645508,22.969999313354492,24.649999618530273,1491200,0.0,0.0
2025-07-24 00:00:00-04:00,24.510000228881836,24.902000427246094,23.729999542236328,24.010000228881836,824600,0.0,0.0
2025-07-25 00:00:00-04:00,24.15999984741211,24.27199935913086,23.655000686645508,24.06999969482422,433700,0.0,0.0
2025-07-28 00:00:00-04:00,24.110000610351562,24.399999618530273,23.017000198364258,23.389999389648438,639400,0.0,0.0
2025-07-29 00:00:00-04:00,23.520000457763672,23.709999084472656,22.649999618530273,22.8799991607666,575200,0.0,0.0
2025-07-30 00:00:00-04:00,22.959999084472656,23.1200008392334,22.350000381469727,22.649999618530273,423000,0.0,0.0
2025-07-31 00:00:00-04:00,22.6200008392334,22.780000686645508,22.010000228881836,22.270000457763672,444600,0.0,0.0
2025-08-01 00:00:00-04:00,21.43000030517578,21.6299991607666,20.709999084472656,20.969999313354492,657300,0.0,0.0
2025-08-04 00:00:00-04:00,21.389999389648438,22.020000457763672,21.08300018310547,22.0,493900,0.0,0.0
2025-08-05 00:00:00-04:00,22.100000381469727,22.1299991607666,21.190000534057617,21.920000076293945,474700,0.0,0.0
2025-08-06 00:00:00-04:00,21.969999313354492,21.969999313354492,21.525999069213867,21.90999984741211,367800,0.0,0.0
2025-08-07 00:00:00-04:00,22.020000457763672,22.799999237060547,21.690000534057617,22.149999618530273,873600,0.0,0.0
2025-08-08 00:00:00-04:00,25.257999420166016,28.979999542236328,24.860000610351562,28.90999984741211,4403900,0.0,0.0
2025-08-11 00:00:00-04:00,29.0,31.450000762939453,28.950000762939453,30.229999542236328,2873600,0.0,0.0
2025-08-12 00:00:00-04:00,29.989999771118164,30.899999618530273,28.75,30.75,1750400,0.0,0.0
2025-08-13 00:00:00-04:00,30.25,32.939998626708984,30.25,32.47999954223633,2281200,0.0,0.0
2025-08-14 00:00:00-04:00,31.559999465942383,32.349998474121094,30.940000534057617,31.93000030517578,1074600,0.0,0.0
2025-08-15 00:00:00-04:00,32.0,32.645999908447266,31.3799991607666,32.27000045776367,984000,0.0,0.0
2025-08-18 00:00:00-04:00,33.060001373291016,34.5,32.119998931884766,32.130001068115234,1079000,0.0,0.0
2025-08-19 00:00:00-04:00,32.11000061035156,32.691001892089844,31.190000534057617,31.5,1042200,0.0,0.0
2025-08-20 00:00:00-04:00,31.209999084472656,31.770000457763672,30.600000381469727,31.600000381469727,986100,0.0,0.0
2025-08-21 00:00:00-04:00,31.219999313354492,31.2549991607666,29.790000915527344,29.950000762939453,1266300,0.0,0.0
2025-08-22 00:00:00-04:00,30.110000610351562,31.354999542236328,30.0,31.030000686645508,772400,0.0,0.0
2025-08-25 00:00:00-04:00,29.540000915527344,29.610000610351562,27.459999084472656,28.100000381469727,1813400,0.0,0.0
2025-08-26 00:00:00-04:00,28.06999969482422,28.099000930786133,25.989999771118164,26.540000915527344,1353100,0.0,0.0
2025-08-27 00:00:00-04:00,26.31999969482422,26.719999313354492,26.110000610351562,26.43000030517578,827300,0.0,0.0
2025-08-28 00:00:00-04:00,26.399999618530273,26.520000457763672,25.757999420166016,26.1200008392334,666400,0.0,0.0
2025-08-29 00:00:00-04:00,26.1200008392334,26.533000946044922,25.829999923706055,26.469999313354492,823500,0.0,0.0
2025-09-02 00:00:00-04:00,26.100000381469727,26.31999969482422,25.363000869750977,25.440000534057617,583700,0.0,0.0
2025-09-03 00:00:00-04:00,25.600000381469727,25.889999389648438,25.149999618530273,25.559999465942383,756000,0.0,0.0
2025-09-04 00:00:00-04:00,25.6299991607666,26.170000076293945,25.202999114990234,26.139999389648438,891000,0.0,0.0
2025-09-05 00:00:00-04:00,26.59000015258789,27.128999710083008,26.219999313354492,27.059999465942383,1447500,0.0,0.0
2025-09-08 00:00:00-04:00,27.440000534057617,28.770000457763672,27.309999465942383,27.565000534057617,1217100,0.0,0.0
2025-09-09 00:00:00-04:00,27.770000457763672,29.8700008392334,27.51099967956543,29.860000610351562,1952100,0.0,0.0
2025-09-10 00:00:00-04:00,30.049999237060547,30.1200008392334,27.780000686645508,28.219999313354492,1507400,0.0,0.0
2025-09-11 00:00:00-04:00,28.360000610351562,29.569000244140625,27.93000030517578,29.06999969482422,1084600,0.0,0.0
2025-09-12 00:00:00-04:00,29.149999618530273,30.18000030517578,28.899999618530273,29.84000015258789,1192000,0.0,0.0
2025-09-15 00:00:00-04:00,29.850000381469727,31.450000762939453,28.900999069213867,31.229999542236328,1577000,0.0,0.0
2025-09-16 00:00:00-04:00,31.200000762939453,31.420000076293945,30.614999771118164,30.65999984741211,1184100,0.0,0.0
2025-09-17 00:00:00-04:00,30.90999984741211,31.389999389648438,29.579999923706055,29.709999084472656,1269700,0.0,0.0
2025-09-18 00:00:00-04:00,29.860000610351562,30.15999984741211,28.59000015258789,29.1200008392334,1540600,0.0,0.0
2025-09-19 00:00:00-04:00,29.479999542236328,29.959999084472656,29.010000228881836,29.559999465942383,1356000,0.0,0.0
2025-09-22 00:00:00-04:00,29.639999389648438,31.100000381469727,29.350000381469727,30.110000610351562,1216300,0.0,0.0
2025-09-23 00:00:00-04:00,30.110000610351562,30.93000030517578,29.93000030517578,30.360000610351562,856700,0.0,0.0
2025-09-24 00:00:00-04:00,30.489999771118164,31.75,29.6299991607666,29.780000686645508,1274000,0.0,0.0
2025-09-25 00:00:00-04:00,29.18000030517578,29.219999313354492,28.030000686645508,28.860000610351562,1093600,0.0,0.0
2025-09-26 00:00:00-04:00,28.520000457763672,29.700000762939453,28.5,29.65999984741211,760700,0.0,0.0
2025-09-29 00:00:00-04:00,29.90999984741211,30.100000381469727,29.13599967956543,29.440000534057617,777000,0.0,0.0
2025-09-30 00:00:00-04:00,29.1299991607666,29.709999084472656,28.1299991607666,28.399999618530273,708000,0.0,0.0
2025-10-01 00:00:00-04:00,28.059999465942383,28.389999389648438,27.104999542236328,27.1200008392334,953400,0.0,0.0
2025-10-02 00:00:00-04:00,27.1200008392334,27.600000381469727,26.174999237060547,27.190000534057617,909700,0.0,0.0
2025-10-03 00:00:00-04:00,27.25,28.059999465942383,27.15999984741211,27.979999542236328,706500,0.0,0.0
2025-10-06 00:00:00-04:00,28.149999618530273,29.229999542236328,27.8799991607666,28.709999084472656,836100,0.0,0.0
2025-10-07 00:00:00-04:00,29.010000228881836,29.209999084472656,27.719999313354492,28.31999969482422,754700,0.0,0.0
2025-10-08 00:00:00-04:00,28.440000534057617,29.5,27.600000381469727,29.420000076293945,642300,0.0,0.0
2025-10-09 00:00:00-04:00,29.520000457763672,29.520000457763672,28.172000885009766,28.450000762939453,465100,0.0,0.0
2025-10-10 00:00:00-04:00,28.350000381469727,28.790000915527344,26.149999618530273,26.190000534057617,771700,0.0,0.0
2025-10-13 00:00:00-04:00,26.979999542236328,27.799999237060547,26.65999984741211,26.700000762939453,572300,0.0,0.0
2025-10-14 00:00:00-04:00,26.299999237060547,27.679000854492188,25.760000228881836,27.350000381469727,659900,0.0,0.0
2025-10-15 00:00:00-04:00,27.93000030517578,28.8799991607666,27.56999969482422,28.010000228881836,748800,0.0,0.0
2025-10-16 00:00:00-04:00,28.219999313354492,28.444000244140625,26.899999618530273,27.049999237060547,393700,0.0,0.0
2025-10-17 00:00:00-04:00,26.690000534057617,27.472000122070312,26.510000228881836,26.649999618530273,472300,0.0,0.0
2025-10-20 00:00:00-04:00,27.309999465942383,27.75,27.040000915527344,27.139999389648438,409500,0.0,0.0
2025-10-21 00:00:00-04:00,27.139999389648438,28.149999618530273,26.84000015258789,27.3799991607666,478700,0.0,0.0
2025-10-22 00:00:00-04:00,27.139999389648438,27.350000381469727,26.43000030517578,27.010000228881836,432600,0.0,0.0
2025-10-23 00:00:00-04:00,27.239999771118164,28.030000686645508,27.239999771118164,27.790000915527344,484100,0.0,0.0
2025-10-24 00:00:00-04:00,28.399999618530273,29.834999084472656,28.260000228881836,28.34000015258789,717500,0.0,0.0
2025-10-27 00:00:00-04:00,29.389999389648438,29.459999084472656,28.393999099731445,28.559999465942383,541400,0.0,0.0
2025-10-28 00:00:00-04:00,28.559999465942383,29.110000610351562,27.540000915527344,29.020000457763672,640300,0.0,0.0
2025-10-29 00:00:00-04:00,29.110000610351562,30.09000015258789,28.799999237060547,29.149999618530273,855600,0.0,0.0
2025-10-30 00:00:00-04:00,28.700000762939453,28.985000610351562,27.309999465942383,27.3700008392334,657500,0.0,0.0
2025-10-31 00:00:00-04:00,27.479999542236328,28.3799991607666,27.40999984741211,27.979999542236328,488000,0.0,0.0
2025-11-03 00:00:00-05:00,28.31999969482422,28.3700008392334,27.753999710083008,28.040000915527344,441800,0.0,0.0
2025-11-04 00:00:00-05:00,27.040000915527344,27.700000762939453,26.530000686645508,26.579999923706055,562000,0.0,0.0
2025-11-05 00:00:00-05:00,27.0,27.635000228881836,26.520000457763672,27.3799991607666,368800,0.0,0.0
2025-11-06 00:00:00-05:00,27.309999465942383,27.309999465942383,25.389999389648438,25.459999084472656,1080500,0.0,0.0
2025-11-07 00:00:00-05:00,27.790000915527344,33.279998779296875,27.56399917602539,33.11000061035156,3406300,0.0,0.0
2025-11-10 00:00:00-05:00,33.25,34.459999084472656,32.31999969482422,33.77000045776367,1390100,0.0,0.0
2025-11-11 00:00:00-05:00,34.0,34.000999450683594,31.040000915527344,31.924999237060547,994500,0.0,0.0
2025-11-12 00:00:00-05:00,32.29999923706055,32.9900016784668,31.010000228881836,32.119998931884766,772600,0.0,0.0
2025-11-13 00:00:00-05:00,31.979999542236328,33.45000076293945,30.920000076293945,31.309999465942383,848400,0.0,0.0
2025-11-14 00:00:00-05:00,30.56999969482422,30.950000762939453,29.65999984741211,30.420000076293945,536300,0.0,0.0
2025-11-17 00:00:00-05:00,30.010000228881836,30.69499969482422,29.459999084472656,29.899999618530273,673100,0.0,0.0
2025-11-18 00:00:00-05:00,28.799999237060547,31.540000915527344,28.799999237060547,31.440000534057617,727300,0.0,0.0
2025-11-19 00:00:00-05:00,31.440000534057617,32.45000076293945,31.115999221801758,31.979999542236328,582500,0.0,0.0
2025-11-20 00:00:00-05:00,32.31999969482422,33.47999954223633,31.530000686645508,31.635000228881836,733500,0.0,0.0
2025-11-21 00:00:00-05:00,31.59000015258789,35.810001373291016,31.469999313354492,34.880001068115234,1373900,0.0,0.0
2025-11-24 00:00:00-05:00,35.20000076293945,35.71500015258789,33.95100021362305,34.810001373291016,843800,0.0,0.0
2025-11-25 00:00:00-05:00,34.7599983215332,36.79999923706055,34.051998138427734,36.779998779296875,752500,0.0,0.0
2025-11-26 00:00:00-05:00,36.849998474121094,37.52000045776367,36.599998474121094,37.31999969482422,500800,0.0,0.0
2025-11-28 00:00:00-05:00,37.790000915527344,37.97999954223633,36.9900016784668,37.099998474121094,331800,0.0,0.0
2025-12-01 00:00:00-05:00,36.83000183105469,38.380001068115234,36.75,38.099998474121094,517200,0.0,0.0
2025-12-02 00:00:00-05:00,38.25,39.150001525878906,37.974998474121094,38.84000015258789,573600,0.0,0.0
2025-12-03 00:00:00-05:00,38.90999984741211,39.599998474121094,38.4900016784668,39.41999816894531,431400,0.0,0.0
2025-12-04 00:00:00-05:00,39.38999938964844,40.400001525878906,39.0,40.0,617500,0.0,0.0
2025-12-05 00:00:00-05:00,40.08000183105469,40.595001220703125,39.36000061035156,40.060001373291016,424400,0.0,0.0
2025-12-08 00:00:00-05:00,40.20000076293945,40.5,38.27000045776367,39.41999816894531,540000,0.0,0.0
2025-12-09 00:00:00-05:00,39.34000015258789,40.75,39.290000915527344,40.11000061035156,458600,0.0,0.0
2025-12-10 00:00:00-05:00,40.11000061035156,40.24599838256836,38.099998474121094,38.349998474121094,494800,0.0,0.0
2025-12-11 00:00:00-05:00,37.86000061035156,38.821998596191406,37.4900016784668,38.189998626708984,474600,0.0,0.0
2025-12-12 00:00:00-05:00,38.83000183105469,40.83000183105469,38.25199890136719,40.3650016784668,540500,0.0,0.0
2025-12-15 00:00:00-05:00,40.70000076293945,40.95000076293945,37.880001068115234,38.650001525878906,805400,0.0,0.0
2025-12-16 00:00:00-05:00,38.279998779296875,40.20000076293945,38.16999816894531,39.9900016784668,421900,0.0,0.0
2025-12-17 00:00:00-05:00,39.93000030517578,40.902000427246094,39.31999969482422,39.95000076293945,569300,0.0,0.0
2025-12-18 00:00:00-05:00,40.880001068115234,43.849998474121094,40.04999923706055,40.150001525878906,859800,0.0,0.0
2025-12-19 00:00:00-05:00,40.130001068115234,41.119998931884766,40.06999969482422,40.369998931884766,659500,0.0,0.0
2025-12-22 00:00:00-05:00,40.27000045776367,40.93000030517578,38.88999938964844,40.470001220703125,440000,0.0,0.0
2025-12-23 00:00:00-05:00,40.400001525878906,40.790000915527344,39.0,40.25,373700,0.0,0.0
2025-12-24 00:00:00-05:00,40.560001373291016,41.5,40.20000076293945,40.52000045776367,243500,0.0,0.0
2025-12-26 00:00:00-05:00,40.65999984741211,41.060001373291016,39.900001525878906,40.189998626708984,244500,0.0,0.0
2025-12-29 00:00:00-05:00,39.93000030517578,40.40999984741211,39.5,39.790000915527344,261500,0.0,0.0
2025-12-30 00:00:00-05:00,39.869998931884766,40.1349983215332,39.08000183105469,39.52000045776367,329300,0.0,0.0
2025-12-31 00:00:00-05:00,39.52000045776367,39.64899826049805,39.05099868774414,39.279998779296875,416400,0.0,0.0
2026-01-02 00:00:00-05:00,39.29999923706055,40.63999938964844,38.4900016784668,38.7599983215332,542200,0.0,0.0
2026-01-05 00:00:00-05:00,38.61000061035156,39.249000549316406,37.20000076293945,39.099998474121094,690800,0.0,0.0
2026-01-06 00:00:00-05:00,39.2400016784668,41.959999084472656,39.2400016784668,40.95000076293945,562300,0.0,0.0
2026-01-07 00:00:00-05:00,40.65999984741211,43.130001068115234,40.560001373291016,42.31999969482422,572300,0.0,0.0
2026-01-08 00:00:00-05:00,42.08000183105469,42.41999816894531,40.97999954223633,41.709999084472656,659000,0.0,0.0
2026-01-09 00:00:00-05:00,41.470001220703125,42.61000061035156,41.189998626708984,41.79999923706055,457700,0.0,0.0
2026-01-12 00:00:00-05:00,41.720001220703125,44.709999084472656,41.51300048828125,44.40999984741211,595000,0.0,0.0
2026-01-13 00:00:00-05:00,44.2599983215332,44.38999938964844,40.310001373291016,41.7400016784668,654100,0.0,0.0
2026-01-14 00:00:00-05:00,41.5,41.60499954223633,39.880001068115234,41.0099983215332,488100,0.0,0.0
2026-01-15 00:00:00-05:00,41.0099983215332,41.8849983215332,40.52000045776367,41.58000183105469,412200,0.0,0.0
2026-01-16 00:00:00-05:00,41.689998626708984,42.20000076293945,40.36000061035156,40.40999984741211,383400,0.0,0.0
2026-01-20 00:00:00-05:00,39.0,40.40999984741211,38.95000076293945,39.779998779296875,566600,0.0,0.0
2026-01-21 00:00:00-05:00,40.18000030517578,40.91999816894531,38.61000061035156,39.63999938964844,573600,0.0,0.0
2026-01-22 00:00:00-05:00,40.13999938964844,41.459999084472656,40.0,40.5099983215332,606800,0.0,0.0
2026-01-23 00:00:00-05:00,40.775001525878906,43.0,40.369998931884766,42.08000183105469,573800,0.0,0.0
2026-01-26 00:00:00-05:00,42.0,43.11000061035156,41.61000061035156,42.040000915527344,439700,0.0,0.0
2026-01-27 00:00:00-05:00,42.08000183105469,42.54999923706055,37.86000061035156,38.25,917200,0.0,0.0
2026-01-28 00:00:00-05:00,38.290000915527344,41.4119987487793,37.67599868774414,40.72999954223633,749700,0.0,0.0
2026-01-29 00:00:00-05:00,40.97999954223633,41.76499938964844,39.599998474121094,40.689998626708984,424100,0.0,0.0
2026-01-30 00:00:00-05:00,40.060001373291016,40.65999984741211,39.619998931884766,39.93000030517578,466400,0.0,0.0
2026-02-02 00:00:00-05:00,39.209999084472656,40.97999954223633,39.167999267578125,40.400001525878906,366700,0.0,0.0
2026-02-03 00:00:00-05:00,41.630001068115234,42.11000061035156,40.20000076293945,42.040000915527344,676600,0.0,0.0
2026-02-04 00:00:00-05:00,42.13999938964844,42.90999984741211,38.209999084472656,38.91999816894531,789900,0.0,0.0
2026-02-05 00:00:00-05:00,38.22999954223633,39.470001220703125,37.36000061035156,38.56999969482422,535700,0.0,0.0
2026-02-06 00:00:00-05:00,38.779998779296875,40.650001525878906,38.7599983215332,40.25,353500,0.0,0.0
2026-02-09 00:00:00-05:00,40.08000183105469,40.439998626708984,39.20000076293945,39.380001068115234,330500,0.0,0.0
2026-02-10 00:00:00-05:00,39.58000183105469,39.650001525878906,38.380001068115234,38.540000915527344,309500,0.0,0.0
2026-02-11 00:00:00-05:00,39.130001068115234,39.349998474121094,36.4900016784668,36.4900016784668,460000,0.0,0.0
2026-02-12 00:00:00-05:00,36.66999816894531,36.75,33.939998626708984,34.11000061035156,677500,0.0,0.0
2026-02-13 00:00:00-05:00,34.060001373291016,35.369998931884766,33.47200012207031,35.22999954223633,491500,0.0,0.0
2026-02-17 00:00:00-05:00,35.2400016784668,35.290000915527344,34.290000915527344,34.619998931884766,288800,0.0,0.0
2026-02-18 00:00:00-05:00,34.650001525878906,36.18000030517578,34.619998931884766,35.220001220703125,279600,0.0,0.0
2026-02-19 00:00:00-05:00,35.31999969482422,35.875,34.90999984741211,35.400001525878906,278800,0.0,0.0
2026-02-20 00:00:00-05:00,35.08000183105469,35.770999908447266,34.779998779296875,35.029998779296875,425700,0.0,0.0
2026-02-23 00:00:00-05:00,35.0,35.220001220703125,33.60300064086914,33.81999969482422,498000,0.0,0.0
2026-02-24 00:00:00-05:00,33.81999969482422,34.529998779296875,33.63999938964844,34.4900016784668,451700,0.0,0.0
2026-02-25 00:00:00-05:00,34.4900016784668,35.36000061035156,33.61000061035156,35.310001373291016,506400,0.0,0.0
2026-02-26 00:00:00-05:00,42.584999084472656,47.2400016784668,41.09000015258789,46.97999954223633,2673200,0.0,0.0
2026-02-27 00:00:00-05:00,46.880001068115234,48.0,41.869998931884766,44.34000015258789,1995800,0.0,0.0
2026-03-02 00:00:00-05:00,42.5099983215332,43.599998474121094,40.560001373291016,43.0099983215332,995000,0.0,0.0
2026-03-03 00:00:00-05:00,40.86000061035156,42.650001525878906,39.5099983215332,42.599998474121094,669900,0.0,0.0
2026-03-04 00:00:00-05:00,42.597999572753906,45.06999969482422,42.597999572753906,44.400001525878906,604000,0.0,0.0
2026-03-05 00:00:00-05:00,43.959999084472656,44.34000015258789,42.47999954223633,43.65999984741211,810100,0.0,0.0
2026-03-06 00:00:00-05:00,42.36000061035156,42.90999984741211,41.7400016784668,42.7599983215332,479700,0.0,0.0
2026-03-09 00:00:00-04:00,42.05500030517578,44.369998931884766,40.27299880981445,44.09000015258789,734700,0.0,0.0
2026-03-10 00:00:00-04:00,44.619998931884766,45.099998474121094,42.380001068115234,42.689998626708984,669700,0.0,0.0
2026-03-11 00:00:00-04:00,43.119998931884766,44.4900016784668,42.5,43.81999969482422,603900,0.0,0.0
2026-03-12 00:00:00-04:00,43.040000915527344,43.68000030517578,41.380001068115234,41.439998626708984,608700,0.0,0.0
2026-03-13 00:00:00-04:00,41.939998626708984,42.810001373291016,40.689998626708984,40.95000076293945,437600,0.0,0.0
2026-03-16 00:00:00-04:00,41.97999954223633,43.16999816894531,41.70000076293945,42.33000183105469,574600,0.0,0.0
2026-03-17 00:00:00-04:00,43.2599983215332,45.448001861572266,42.56999969482422,43.040000915527344,760600,0.0,0.0
2026-03-18 00:00:00-04:00,43.349998474121094,44.18000030517578,42.58000183105469,42.61000061035156,555600,0.0,0.0
2026-03-19 00:00:00-04:00,41.9900016784668,42.79999923706055,40.2400016784668,42.7400016784668,838600,0.0,0.0
2026-03-20 00:00:00-04:00,42.630001068115234,42.709999084472656,39.439998626708984,40.310001373291016,1043900,0.0,0.0
2026-03-23 00:00:00-04:00,41.189998626708984,43.4900016784668,40.91999816894531,43.279998779296875,721400,0.0,0.0
2026-03-24 00:00:00-04:00,42.689998626708984,43.77000045776367,41.80500030517578,42.02000045776367,430100,0.0,0.0
2026-03-25 00:00:00-04:00,42.720001220703125,44.88999938964844,42.63999938964844,44.689998626708984,632300,0.0,0.0
2026-03-26 00:00:00-04:00,44.22999954223633,44.54999923706055,43.0,43.52000045776367,295300,0.0,0.0
2026-03-27 00:00:00-04:00,43.060001373291016,43.474998474121094,41.43000030517578,41.59000015258789,448800,0.0,0.0
2026-03-30 00:00:00-04:00,42.2400016784668,42.9900016784668,40.93000030517578,41.54999923706055,466000,0.0,0.0
2026-03-31 00:00:00-04:00,42.30500030517578,45.54999923706055,42.27000045776367,45.380001068115234,761100,0.0,0.0
2026-04-01 00:00:00-04:00,46.45000076293945,47.75,45.5,45.915000915527344,662800,0.0,0.0
2026-04-02 00:00:00-04:00,44.380001068115234,46.45000076293945,43.79999923706055,44.779998779296875,573600,0.0,0.0
2026-04-06 00:00:00-04:00,45.20000076293945,46.130001068115234,44.70000076293945,45.540000915527344,487200,0.0,0.0
2026-04-07 00:00:00-04:00,44.70000076293945,45.5099983215332,40.27000045776367,41.0,1202700,0.0,0.0
2026-04-08 00:00:00-04:00,44.29999923706055,46.974998474121094,43.72999954223633,45.54999923706055,1152600,0.0,0.0
2026-04-09 00:00:00-04:00,45.40999984741211,47.08000183105469,44.279998779296875,46.5,660500,0.0,0.0
2026-04-10 00:00:00-04:00,46.45000076293945,47.49800109863281,44.220001220703125,44.54499816894531,677500,0.0,0.0
2026-04-13 00:00:00-04:00,44.0,44.41999816894531,43.029998779296875,43.5,554700,0.0,0.0
2026-04-14 00:00:00-04:00,44.220001220703125,45.70000076293945,43.58000183105469,44.959999084472656,523000,0.0,0.0
2026-04-15 00:00:00-04:00,45.20000076293945,47.86000061035156,45.20000076293945,46.56999969482422,733100,0.0,0.0
2026-04-16 00:00:00-04:00,47.54999923706055,49.220001220703125,47.060001373291016,48.220001220703125,1032600,0.0,0.0
2026-04-17 00:00:00-04:00,49.55500030517578,51.86000061035156,49.029998779296875,51.79999923706055,873600,0.0,0.0
2026-04-20 00:00:00-04:00,49.7599983215332,50.599998474121094,47.400001525878906,50.09000015258789,881900,0.0,0.0
2026-04-21 00:00:00-04:00,50.650001525878906,51.540000915527344,47.263999938964844,47.41999816894531,704400,0.0,0.0
2026-04-22 00:00:00-04:00,48.0,48.63930130004883,47.130001068115234,47.77000045776367,382784,0.0,0.0
