Date,Open,High,Low,Close,Volume,Dividends,Stock Splits
2022-01-03 00:00:00-05:00,11.223703735044987,11.265846266759976,11.06216138240389,11.125373840332031,23400,0.0,0.0
2022-01-04 00:00:00-05:00,11.174538964567736,11.174538964567736,11.06918531290133,11.07620906829834,5900,0.0,0.0
2022-01-05 00:00:00-05:00,11.04108995315322,11.167514189646731,11.027042443641651,11.104302406311035,11600,0.0,0.0
2022-01-06 00:00:00-05:00,11.174538843955201,11.174538843955201,11.0059727351795,11.132397651672363,17900,0.0,0.0
2022-01-07 00:00:00-05:00,11.13942171194893,11.160492979756407,11.027044296264648,11.027044296264648,11600,0.0,0.0
2022-01-10 00:00:00-05:00,10.998946976937335,11.12537187040808,10.998946976937335,11.048111915588379,21700,0.0,0.0
2022-01-11 00:00:00-05:00,11.062163142321587,11.244776789872814,11.005974430740022,11.216682434082031,26100,0.0,0.0
2022-01-12 00:00:00-05:00,11.30096352015088,11.307987275322729,11.083231798578689,11.24477481842041,43000,0.0,0.0
2022-01-13 00:00:00-05:00,11.244775408184461,11.413341522216797,11.097279890950617,11.413341522216797,33300,0.0,0.0
2022-01-14 00:00:00-05:00,11.476552966744054,11.588930366153393,11.209656308235804,11.406316757202148,41700,0.0,0.0
2022-01-18 00:00:00-05:00,11.167515757215778,11.764521598815918,11.167515757215778,11.764521598815918,58200,0.0,0.0
2022-01-19 00:00:00-05:00,11.364175511086817,11.687260197878466,11.223703092698285,11.399292945861816,31600,0.0,0.0
2022-01-20 00:00:00-05:00,11.371199681161375,11.764520591508413,11.132397364968167,11.16751480102539,20200,0.0,0.0
2022-01-21 00:00:00-05:00,11.237752028371181,11.504648049601446,11.083232750430856,11.174539566040039,23700,0.0,0.0
2022-01-24 00:00:00-05:00,11.090256760042616,11.237752285583792,10.549440279606456,11.027044296264648,49900,0.0,0.0
2022-01-25 00:00:00-05:00,11.02001969494445,11.378223852147904,10.830382987980482,11.07620906829834,23700,0.0,0.0
2022-01-26 00:00:00-05:00,11.153468191653186,11.357152406187101,11.020019520511072,11.125373840332031,33400,0.0,0.0
2022-01-27 00:00:00-05:00,11.062162275487413,11.20263404343392,10.98490297057239,11.118350982666016,8300,0.0,0.0
2022-01-28 00:00:00-05:00,11.076209670469575,11.174539572084795,11.034067805618612,11.139421463012695,4900,0.0,0.0
2022-01-31 00:00:00-05:00,11.167515088634003,11.195609440096622,11.062161438104733,11.132397651672363,11200,0.0,0.0
2022-02-01 00:00:00-05:00,11.090253938019822,11.188584486633522,10.991923389406123,10.998947143554688,10500,0.0,0.0
2022-02-02 00:00:00-05:00,11.06216162637896,11.392270094227502,10.97787857055664,10.97787857055664,30300,0.0,0.0
2022-02-03 00:00:00-05:00,10.977879337580816,11.251799790508812,10.858478166034427,11.062162399291992,21800,0.0,0.0
2022-02-04 00:00:00-05:00,11.027043645470258,11.13239796882314,10.753123878361587,10.886571884155273,37000,0.0,0.0
2022-02-07 00:00:00-05:00,10.886571995649476,11.195609873707435,10.886571995649476,10.900619506835938,31100,0.0,0.0
2022-02-08 00:00:00-05:00,10.907642880887938,11.167515816305931,10.89359603915243,11.139421463012695,10300,0.0,0.0
2022-02-09 00:00:00-05:00,11.11132453064345,11.167513224187832,10.921687857386678,10.998947143554688,14000,0.0,0.0
2022-02-10 00:00:00-05:00,11.06216054759845,11.132396755512051,10.914665046837587,11.104302406311035,10300,0.0,0.0
2022-02-11 00:00:00-05:00,11.132397606466302,11.160491957814836,10.921689636441222,11.02001953125,25200,0.0,0.0
2022-02-14 00:00:00-05:00,10.921689866675093,11.04811411549748,10.89359551473432,10.97787857055664,45200,0.0,0.0
2022-02-15 00:00:00-05:00,10.99894809817037,11.027042447380913,10.893594456086364,10.96382999420166,10400,0.0,0.0
2022-02-16 00:00:00-05:00,11.104302410076496,11.104302410076496,10.921688805296906,10.96382999420166,7400,0.0,0.0
2022-02-17 00:00:00-05:00,10.942759284939898,11.160490991403794,10.942759284939898,11.055136680603027,11400,0.0,0.0
2022-02-18 00:00:00-05:00,10.921689399514033,11.16751480102539,10.921689399514033,11.16751480102539,7200,0.0,0.0
2022-02-22 00:00:00-05:00,11.076208060865952,11.167514193433625,10.893594456086364,10.96382999420166,12400,0.0,0.0
2022-02-23 00:00:00-05:00,10.970853691546562,11.167514134991187,10.970853691546562,10.991924285888672,6200,0.0,0.0
2022-02-24 00:00:00-05:00,10.893595695495605,11.041091213087658,10.893595695495605,10.893595695495605,10200,0.0,0.0
2022-02-25 00:00:00-05:00,10.949784218615866,11.104303489201213,10.89359551473432,10.97787857055664,15600,0.0,0.0
2022-02-28 00:00:00-05:00,11.083231087800634,11.083231087800634,10.907641238698117,10.991924285888672,14200,0.0,0.0
2022-03-01 00:00:00-05:00,11.005973893555788,11.118351311233955,10.89359647587762,10.90764331817627,9800,0.0,0.0
2022-03-02 00:00:00-05:00,10.85847629529249,11.034066144395007,10.809311351886864,10.991924285888672,12800,0.0,0.0
2022-03-03 00:00:00-05:00,10.991924513267227,11.055136967423282,10.781217225843218,10.984901428222656,3500,0.0,0.0
2022-03-04 00:00:00-05:00,11.027043635895371,11.027043635895371,10.781218221263149,10.956808090209961,9700,0.0,0.0
2022-03-07 00:00:00-05:00,11.06918594785224,11.06918594785224,10.689911842346191,10.689911842346191,8200,0.0,0.0
2022-03-08 00:00:00-05:00,10.781217345741997,10.886570990625648,10.640744926134278,10.823358535766602,11600,0.0,0.0
2022-03-09 00:00:00-05:00,10.675863500595156,10.935736416584065,10.542415499884916,10.598604202270508,28400,0.0,0.0
2022-03-10 00:00:00-05:00,10.535393341067786,10.795266296435452,10.535393341067786,10.668841361999512,5400,0.0,0.0
2022-03-11 00:00:00-05:00,10.675863628892898,10.675863628892898,10.135047194476735,10.472179412841797,15600,0.0,0.0
2022-03-14 00:00:00-04:00,10.584557001892524,10.584557001892524,10.254448533160469,10.387896537780762,26000,0.0,0.0
2022-03-15 00:00:00-04:00,10.212306981838095,10.359802501878061,10.177188873291016,10.177188873291016,20100,0.0,0.0
2022-03-16 00:00:00-04:00,10.184211792470936,10.38789600152747,9.868150181151787,10.120999336242676,25100,0.0,0.0
2022-03-17 00:00:00-04:00,10.057788148121674,10.535392837777364,10.057788148121674,10.43706226348877,23000,0.0,0.0
2022-03-18 00:00:00-04:00,10.43705962918747,10.689909422161376,10.331705995329722,10.430036544799805,10800,0.0,0.0
2022-03-21 00:00:00-04:00,10.444086707150026,10.689912824146527,10.444086707150026,10.584558486938477,36600,0.0,0.0
2022-03-22 00:00:00-04:00,10.661818275503725,10.76014818466744,10.619676407417655,10.668841361999512,10300,0.0,0.0
2022-03-23 00:00:00-04:00,10.62669563293457,10.809309200411247,10.542412602519638,10.62669563293457,10900,0.0,0.0
2022-03-24 00:00:00-04:00,10.633724167344903,10.654794766966807,10.535393586072207,10.591582298278809,13500,0.0,0.0
2022-03-25 00:00:00-04:00,10.605628677629396,10.661817383830112,10.605628677629396,10.640746116638184,7300,0.0,0.0
2022-03-28 00:00:00-04:00,10.633724093517547,10.710983404809662,10.633724093517547,10.654794692993164,26800,0.0,0.0
2022-03-29 00:00:00-04:00,10.76014836963026,10.76014836963026,10.570511634538837,10.61967658996582,9800,0.0,0.0
2022-03-30 00:00:00-04:00,10.626697540212504,10.746098688852586,10.535390740086436,10.661815643310547,25300,0.0,0.0
2022-03-31 00:00:00-04:00,10.732052808439967,10.739076564089961,10.661817261406654,10.696934700012207,8000,0.0,0.0
2022-04-01 00:00:00-04:00,10.732051008938992,10.732051008938992,10.612649862198568,10.710980415344238,11300,0.0,0.0
2022-04-04 00:00:00-04:00,10.710981193753303,10.79526424407959,10.710981193753303,10.79526424407959,13800,0.0,0.0
2022-04-05 00:00:00-04:00,10.865500397501355,10.865500397501355,10.725028647691365,10.788240432739258,10200,0.0,0.0
2022-04-06 00:00:00-04:00,10.661815474166648,10.823357808103914,10.661815474166648,10.746098518371582,8800,0.0,0.0
2022-04-07 00:00:00-04:00,10.774194672517721,10.837407133723246,10.640745994456674,10.696934700012207,6400,0.0,0.0
2022-04-08 00:00:00-04:00,10.76014721720041,10.76014721720041,10.703958511352539,10.703958511352539,5900,0.0,0.0
2022-04-11 00:00:00-04:00,10.696933019837832,10.774192980208072,10.696933019837832,10.725028038024902,10600,0.0,0.0
2022-04-12 00:00:00-04:00,10.64074460883383,10.689910222159298,10.43706041026294,10.5494384765625,43500,0.0,0.0
2022-04-13 00:00:00-04:00,10.56348609582397,10.640745394148619,10.528367989377433,10.598604202270508,9100,0.0,0.0
2022-04-14 00:00:00-04:00,10.535391871240789,10.57753373344751,10.465155657503647,10.472179412841797,12000,0.0,0.0
2022-04-18 00:00:00-04:00,10.45813346223133,10.626699585762973,10.38087348657932,10.500274658203125,24700,0.0,0.0
2022-04-19 00:00:00-04:00,10.44408488369231,10.640745341060724,10.44408488369231,10.556462287902832,6500,0.0,0.0
2022-04-20 00:00:00-04:00,10.521345235859952,10.640746407253053,10.521345235859952,10.605628967285156,37500,0.0,0.0
2022-04-21 00:00:00-04:00,10.640744668993094,10.647768423768174,10.394919280264409,10.4511079788208,19100,0.0,0.0
2022-04-22 00:00:00-04:00,10.359800226520239,10.521342552605626,10.359800226520239,10.380870819091797,11400,0.0,0.0
2022-04-25 00:00:00-04:00,10.479203349288198,10.479203349288198,10.303613481732862,10.387896537780762,13700,0.0,0.0
2022-04-26 00:00:00-04:00,10.359803199768066,10.394921310680882,10.317661332708235,10.359803199768066,18300,0.0,0.0
2022-04-27 00:00:00-04:00,10.352776698571805,10.387894800173022,10.233375555020913,10.373847961425781,21600,0.0,0.0
2022-04-28 00:00:00-04:00,10.394919751248558,10.394919751248558,10.184211787204044,10.191235542297363,11400,0.0,0.0
2022-04-29 00:00:00-04:00,10.198261496512666,10.500275662607134,9.847081703985188,9.973505973815918,46400,0.0,0.0
2022-05-02 00:00:00-04:00,9.861126426054835,10.128023091339628,9.783867129454823,10.120999336242676,32300,0.0,0.0
2022-05-03 00:00:00-04:00,10.064810865034508,10.24742448279401,9.917315353739857,10.078858375549316,32300,0.0,0.0
2022-05-04 00:00:00-04:00,9.917314415578037,10.142069203976192,9.917314415578037,10.008621215820312,9400,0.0,0.0
2022-05-05 00:00:00-04:00,10.085878853796068,10.135044458066476,9.903265953063965,9.903265953063965,17600,0.0,0.0
2022-05-06 00:00:00-04:00,9.931363941559246,10.121000665324825,9.840057122774988,9.952434539794922,14700,0.0,0.0
2022-05-09 00:00:00-04:00,9.917314587492873,10.036715738354715,9.833031540382533,9.85410213470459,12900,0.0,0.0
2022-05-10 00:00:00-04:00,9.85410213543134,10.135046295641974,9.818984031677246,9.818984031677246,13800,0.0,0.0
2022-05-11 00:00:00-04:00,9.818984921544205,10.120999703449197,9.818984921544205,9.882197380065918,21000,0.0,0.0
2022-05-12 00:00:00-04:00,9.833032852426069,9.99457521348698,9.692561088498708,9.72065544128418,33300,0.0,0.0
2022-05-13 00:00:00-04:00,9.776844270472937,9.847080488235783,9.664466857910156,9.664466857910156,15700,0.0,0.0
2022-05-16 00:00:00-04:00,9.664466735713235,9.797914743988676,9.664466735713235,9.72065544128418,32800,0.0,0.0
2022-05-17 00:00:00-04:00,9.804939151831116,9.896245971912863,9.720656087868482,9.826009750366211,30400,0.0,0.0
2022-05-18 00:00:00-04:00,9.826007005772617,9.94540814715753,9.7979126589657,9.87517261505127,9300,0.0,0.0
2022-05-19 00:00:00-04:00,9.74172490877808,9.97350345983699,9.734701153940629,9.804937362670898,35700,0.0,0.0
2022-05-20 00:00:00-04:00,9.818984202523675,9.889220411253945,9.727678068925304,9.804937362670898,18600,0.0,0.0
2022-05-23 00:00:00-04:00,9.706606747315943,9.847079163950184,9.622323699228673,9.83303165435791,74100,0.0,0.0
2022-05-24 00:00:00-04:00,9.833033577707237,9.973505351995748,9.657443692391038,9.762797355651855,41900,0.0,0.0
2022-05-25 00:00:00-04:00,9.790890685020335,9.868150655153567,9.76279633310521,9.861126899719238,35500,0.0,0.0
2022-05-26 00:00:00-04:00,9.931363049822236,10.07885856387284,9.826008728459131,9.924339294433594,39500,0.0,0.0
2022-05-27 00:00:00-04:00,10.010079761598424,10.06723933362816,9.967209741878198,9.995789527893066,25600,0.24,0.0
2022-05-31 00:00:00-04:00,10.045803118438029,10.253006705506591,9.988642873809287,10.095817565917969,30500,0.0,0.0
2022-06-01 00:00:00-04:00,10.102962378278843,10.210136385773344,9.960062793091879,9.967207908630371,14000,0.0,0.0
2022-06-02 00:00:00-04:00,10.010076208575969,10.145829973612566,9.945771542518147,10.074380874633789,35100,0.0,0.0
2022-06-03 00:00:00-04:00,9.860033597718385,10.13868628118755,9.860033597718385,9.95291805267334,79400,0.0,0.0
2022-06-06 00:00:00-04:00,10.00293324422418,10.07438303995551,10.00293324422418,10.038658142089844,43200,0.0,0.0
2022-06-07 00:00:00-04:00,10.038657701223853,10.145831708718354,9.902903231575381,9.967207908630371,47300,0.0,0.0
2022-06-08 00:00:00-04:00,9.988640726093722,10.1315402848463,9.924336742329775,9.938626289367676,22800,0.0,0.0
2022-06-09 00:00:00-04:00,9.988643129457591,10.074383157897254,9.931483564761654,10.06009292602539,37700,0.0,0.0
2022-06-10 00:00:00-04:00,9.995788432282241,10.074383346255441,9.967208649399923,10.052947998046875,36700,0.0,0.0
2022-06-13 00:00:00-04:00,9.967206914044356,10.088671140495435,9.631394012597513,9.645684242248535,76000,0.0,0.0
2022-06-14 00:00:00-04:00,9.71713616621057,9.895759987785059,9.71713616621057,9.802875518798828,3600,0.0,0.0
2022-06-15 00:00:00-04:00,9.75286031370464,9.952919483002189,9.717136094769034,9.83145523071289,14800,0.0,0.0
2022-06-16 00:00:00-04:00,9.68141007336957,9.845743641910754,9.631394946138833,9.724279403686523,14500,0.0,0.0
2022-06-17 00:00:00-04:00,9.717136476755096,9.752860697095041,9.51707729959311,9.574236869812012,17000,0.0,0.0
2022-06-21 00:00:00-04:00,9.538511276245117,9.702844846616964,9.538511276245117,9.538511276245117,21400,0.0,0.0
2022-06-22 00:00:00-04:00,9.624249071028308,9.63853861852922,9.517074398491188,9.524219512939453,10900,0.0,0.0
2022-06-23 00:00:00-04:00,9.624250857367205,9.624250857367205,9.574235728341755,9.581380844116211,10900,0.0,0.0
2022-06-24 00:00:00-04:00,9.645685109168115,9.788584011543314,9.517075756332577,9.752859115600586,11900,0.0,0.0
2022-06-27 00:00:00-04:00,9.738570401419942,9.767150184346509,9.681410835566805,9.731425285339355,12200,0.0,0.0
2022-06-28 00:00:00-04:00,9.674266511163273,9.781440535559364,9.574236922036649,9.659976959228516,21400,0.0,0.0
2022-06-29 00:00:00-04:00,9.602815272436887,9.645685284627127,9.538511276245117,9.538511276245117,17300,0.0,0.0
2022-06-30 00:00:00-04:00,9.538511512260962,9.652830639069284,9.538511512260962,9.581380844116211,20300,0.0,0.0
2022-07-01 00:00:00-04:00,9.617105533311873,9.717135107800653,9.552800855525922,9.667119979858398,13300,0.0,0.0
2022-07-05 00:00:00-04:00,9.645685127308127,9.788584029952066,9.595670681731676,9.674264907836914,15900,0.0,0.0
2022-07-06 00:00:00-04:00,9.78143942790064,9.788584543756814,9.652830749468256,9.717135429382324,5800,0.0,0.0
2022-07-07 00:00:00-04:00,9.781438793999062,9.781438793999062,9.652830123901367,9.652830123901367,10300,0.0,0.0
2022-07-08 00:00:00-04:00,9.674263694046845,9.788582801818848,9.645683917103844,9.788582801818848,6700,0.0,0.0
2022-07-11 00:00:00-04:00,9.788585611157435,10.00293434044616,9.788585611157435,9.981499671936035,13700,0.0,0.0
2022-07-12 00:00:00-04:00,9.98150031435685,10.002934984246535,9.88147071921187,9.931485176086426,14400,0.0,0.0
2022-07-13 00:00:00-04:00,9.967209050683358,10.038658851463632,9.931484150293223,9.960063934326172,10300,0.0,0.0
2022-07-14 00:00:00-04:00,9.967210155724763,10.03865996442651,9.902905464172363,9.902905464172363,12200,0.0,0.0
2022-07-15 00:00:00-04:00,9.952916972494918,9.967206520185629,9.738568305969238,9.738568305969238,29700,0.0,0.0
2022-07-18 00:00:00-04:00,9.99578986715135,10.031514771231404,9.867181166417371,9.931485176086426,22500,0.0,0.0
2022-07-19 00:00:00-04:00,9.945774383007597,10.031513735106445,9.931484150293223,9.960063934326172,22700,0.0,0.0
2022-07-20 00:00:00-04:00,9.981499975583555,10.024369313907934,9.967209741878198,9.995789527893066,15100,0.0,0.0
2022-07-21 00:00:00-04:00,9.988643306288989,10.017223770538683,9.788584826311528,9.810019493103027,20600,0.0,0.0
2022-07-22 00:00:00-04:00,9.795730402400856,10.002934008171433,9.788585286002883,9.802875518798828,12300,0.0,0.0
2022-07-25 00:00:00-04:00,9.81716207326534,9.988640726093722,9.788582297793944,9.938626289367676,19400,0.0,0.0
2022-07-26 00:00:00-04:00,9.931481686533854,9.945771915703169,9.788582801818848,9.788582801818848,7100,0.0,0.0
2022-07-27 00:00:00-04:00,9.902905350041957,9.967210040853248,9.788586202553383,9.881470680236816,18000,0.0,0.0
2022-07-28 00:00:00-04:00,9.881470383833593,10.031514430760613,9.852890597818725,9.995789527893066,22400,0.0,0.0
2022-07-29 00:00:00-04:00,9.995788432282241,10.060093114116397,9.924339315774334,10.052947998046875,24900,0.0,0.0
2022-08-01 00:00:00-04:00,10.045803808743713,10.14583271057716,9.93148399302639,10.131543159484863,26700,0.0,0.0
2022-08-02 00:00:00-04:00,10.224425557729235,10.281585113324725,10.110105765142603,10.267294883728027,14000,0.0,0.0
2022-08-03 00:00:00-04:00,10.310166629676702,10.538804890612845,10.217282165822454,10.517370223999023,12500,0.0,0.0
2022-08-04 00:00:00-04:00,10.517371230757178,10.631690372168261,10.324457168579102,10.324457168579102,3500,0.0,0.0
2022-08-05 00:00:00-04:00,10.360179533038224,10.495933309863942,10.18155574798584,10.18155574798584,12400,0.0,0.0
2022-08-08 00:00:00-04:00,10.310168191264708,10.417342221962265,10.22442883042749,10.33874797821045,7000,0.0,0.0
2022-08-09 00:00:00-04:00,10.445921426677335,10.445921426677335,10.25300804589509,10.324457168579102,14000,0.0,0.0
2022-08-10 00:00:00-04:00,10.32445475364817,10.538803434354861,10.260150081296596,10.395904541015625,17900,0.0,0.0
2022-08-11 00:00:00-04:00,10.345891402911505,10.495935440063477,10.288731834605592,10.495935440063477,5900,0.0,0.0
2022-08-12 00:00:00-04:00,10.581675060638148,10.581675060638148,10.288731432766854,10.345890998840332,12100,0.0,0.0
2022-08-15 00:00:00-04:00,10.331599675561922,10.567383015513686,10.245860341160885,10.288729667663574,13100,0.0,0.0
2022-08-16 00:00:00-04:00,10.324454560679587,10.581673245278354,10.202990333262537,10.288729667663574,9900,0.0,0.0
2022-08-17 00:00:00-04:00,10.338746281889236,10.360180948232697,10.124397574267338,10.253006935119629,26600,0.0,0.0
2022-08-18 00:00:00-04:00,10.19584826553836,10.310167404598769,10.117253346387468,10.167267799377441,13800,0.0,0.0
2022-08-19 00:00:00-04:00,10.14583131789697,10.574528694152832,10.124396653502886,10.574528694152832,23600,0.0,0.0
2022-08-22 00:00:00-04:00,10.445919566041447,10.48164446171802,10.152976648005822,10.295875549316406,15700,0.0,0.0
2022-08-23 00:00:00-04:00,10.288731490870369,10.517370437851248,10.267296823820711,10.431631088256836,22400,0.0,0.0
2022-08-24 00:00:00-04:00,10.47449989026061,10.503079672006919,10.41019521098248,10.467354774475098,12800,0.0,0.0
2022-08-25 00:00:00-04:00,10.467354961345768,10.467354961345768,10.253006935119629,10.253006935119629,19100,0.0,0.0
2022-08-26 00:00:00-04:00,10.39106885644154,10.39106885644154,9.926013783231,9.947813034057617,35800,0.24,0.0
2022-08-29 00:00:00-04:00,9.97688020510409,10.020479405302918,9.780685536673806,9.853350639343262,35500,0.0,0.0
2022-08-30 00:00:00-04:00,9.8969491054997,9.933281656683706,9.599023433165254,9.737086296081543,56000,0.0,0.0
2022-08-31 00:00:00-04:00,9.795218971500795,9.896949985261955,9.64988944683188,9.72982120513916,16500,0.0,0.0
2022-09-01 00:00:00-04:00,9.729821652021421,9.817019370827687,9.708021702580455,9.795219421386719,14000,0.0,0.0
2022-09-02 00:00:00-04:00,9.889681586175604,9.889681586175604,9.751618735411611,9.758885383605957,12300,0.0,0.0
2022-09-06 00:00:00-04:00,9.773418975763365,9.926015138353852,9.773418975763365,9.860616683959961,18000,0.0,0.0
2022-09-07 00:00:00-04:00,9.955079868637725,10.282071409110344,9.846082919475421,9.976879119873047,23000,0.0,0.0
2022-09-08 00:00:00-04:00,9.9768811447195,10.100411415100098,9.867884173435838,10.100411415100098,15500,0.0,0.0
2022-09-09 00:00:00-04:00,10.26753962839207,10.427402433889613,10.173075274824694,10.260272979736328,48300,0.0,0.0
2022-09-12 00:00:00-04:00,10.282073425605793,10.725329343230374,10.282073425605793,10.50733470916748,24300,0.0,0.0
2022-09-13 00:00:00-04:00,10.33293799737622,10.66719621001383,10.33293799737622,10.500066757202148,32400,0.0,0.0
2022-09-14 00:00:00-04:00,10.449201388919976,10.449201388919976,9.817017526597551,9.962347030639648,25900,0.0,0.0
2022-09-15 00:00:00-04:00,9.91875118812336,9.969617051483656,9.737089073373951,9.780688285827637,15200,0.0,0.0
2022-09-16 00:00:00-04:00,9.700755713712699,9.700755713712699,9.628090601787878,9.642623901367188,32200,0.0,0.0
2022-09-19 00:00:00-04:00,9.642622814327988,9.94054849225922,9.642622814327988,9.766152381896973,35200,0.0,0.0
2022-09-20 00:00:00-04:00,9.722553322815793,9.867882829056573,9.678954124450684,9.678954124450684,25700,0.0,0.0
2022-09-21 00:00:00-04:00,9.722553691399407,9.889682456665746,9.678954491381445,9.737086296081543,13600,0.0,0.0
2022-09-22 00:00:00-04:00,9.693488530984967,9.737087041354165,9.584490869090315,9.606290817260742,37700,0.0,0.0
2022-09-23 00:00:00-04:00,9.55542437999025,9.708020542919472,9.55542437999025,9.664422035217285,21200,0.0,0.0
2022-09-26 00:00:00-04:00,9.56269166188703,9.700755229049163,9.46096134185791,9.46096134185791,32600,0.0,0.0
2022-09-27 00:00:00-04:00,9.460959806135051,9.62082190965618,9.373761413141702,9.519091606140137,17400,0.0,0.0
2022-09-28 00:00:00-04:00,9.54815900811126,9.664422626410225,9.526359059940832,9.606290817260742,4900,0.0,0.0
2022-09-29 00:00:00-04:00,9.649887712725647,9.649887712725647,9.30109691619873,9.30109691619873,21000,0.0,0.0
2022-09-30 00:00:00-04:00,9.35923005631034,9.519092874111386,9.30836489777693,9.41009521484375,14100,0.0,0.0
2022-10-03 00:00:00-04:00,9.439161725652433,9.708021527022886,9.30109884661901,9.40282917022705,20800,0.0,0.0
2022-10-04 00:00:00-04:00,9.460959462048383,9.773417702465466,9.460959462048383,9.708019256591797,18200,0.0,0.0
2022-10-05 00:00:00-04:00,9.737086371013133,9.737086371013133,9.315630437201225,9.446427345275879,7000,0.0,0.0
2022-10-06 00:00:00-04:00,9.678954473920852,9.809751380753006,9.548158260074471,9.6862211227417,17200,0.0,0.0
2022-10-07 00:00:00-04:00,9.63535726229685,9.766153493726826,9.468227781878177,9.693489074707031,12500,0.0,0.0
2022-10-10 00:00:00-04:00,9.77342127788928,9.795220536826792,9.555426609556333,9.671690940856934,14900,0.0,0.0
2022-10-11 00:00:00-04:00,9.635355633073223,9.991413097126987,9.635355633073223,9.940547943115234,49100,0.0,0.0
2022-10-12 00:00:00-04:00,9.831550110500022,10.04954471261238,9.780684957435243,9.911481857299805,14200,0.0,0.0
2022-10-13 00:00:00-04:00,9.795217215309982,10.085876905521088,9.795217215309982,9.904214859008789,15100,0.0,0.0
2022-10-14 00:00:00-04:00,9.860616429383898,10.0858776894821,9.824284571645984,9.875149726867676,16700,0.0,0.0
2022-10-17 00:00:00-04:00,9.962348027495239,10.027746484104537,9.817018508911133,9.817018508911133,16200,0.0,0.0
2022-10-18 00:00:00-04:00,9.926014275298945,10.013211975913805,9.882415771484375,9.882415771484375,20800,0.0,0.0
2022-10-19 00:00:00-04:00,9.940548179573147,10.0858776894821,9.867883078125788,9.875149726867676,19900,0.0,0.0
2022-10-20 00:00:00-04:00,9.955080175503898,10.100409676528667,9.867882474889036,9.882415771484375,11700,0.0,0.0
2022-10-21 00:00:00-04:00,9.87514895928625,9.933280758731328,9.84608305956371,9.904214859008789,11200,0.0,0.0
2022-10-24 00:00:00-04:00,9.831551173192944,10.027746544196557,9.664422399066144,9.722554206848145,19100,0.0,0.0
2022-10-25 00:00:00-04:00,9.700754586959631,9.846084100943228,9.664422035217285,9.664422035217285,15200,0.0,0.0
2022-10-26 00:00:00-04:00,9.671689752737777,9.78795337677002,9.671689752737777,9.78795337677002,3300,0.0,0.0
2022-10-27 00:00:00-04:00,9.875150003739947,9.875150003739947,9.664422035217285,9.664422035217285,13000,0.0,0.0
2022-10-28 00:00:00-04:00,9.715289458731954,9.875152307907575,9.671690940856934,9.671690940856934,17600,0.0,0.0
2022-10-31 00:00:00-04:00,9.678954640122752,9.79521825130963,9.613556185583688,9.664422035217285,14200,0.0,0.0
2022-11-01 00:00:00-04:00,9.664420939795415,9.664420939795415,9.460959643279871,9.54089069366455,32000,0.0,0.0
2022-11-02 00:00:00-04:00,9.497291497918367,9.642621688415176,9.475492246538128,9.54089069366455,25800,0.0,0.0
2022-11-03 00:00:00-04:00,9.628089612071319,9.649888866213573,9.460960842004395,9.526358604431152,19100,0.0,0.0
2022-11-04 00:00:00-04:00,9.644975066607296,9.815485428726724,9.504118004240796,9.56342601776123,23200,0.26,0.0
2022-11-07 00:00:00-05:00,9.578252151937729,9.682041515852953,9.526357823483718,9.600492477416992,29700,0.0,0.0
2022-11-08 00:00:00-05:00,9.652389244224773,9.696869903161781,9.548599861692875,9.593080520629883,22200,0.0,0.0
2022-11-09 00:00:00-05:00,9.526359039566426,9.652388745049173,9.214991615080498,9.56342601776123,61900,0.0,0.0
2022-11-10 00:00:00-05:00,9.630146165440907,9.711695201209833,9.444808476158332,9.578251838684082,29200,0.0,0.0
2022-11-11 00:00:00-05:00,9.615319832407966,9.704281841332216,9.563424796946755,9.600492477416992,15200,0.0,0.0
2022-11-14 00:00:00-05:00,9.600493741416798,9.778417782690752,9.578253413009376,9.622734069824219,8700,0.0,0.0
2022-11-15 00:00:00-05:00,9.622734625532322,9.69687000051473,9.56342660834933,9.644975662231445,28100,0.0,0.0
2022-11-16 00:00:00-05:00,9.74135171135104,9.778418693145566,9.637562324107236,9.726524353027344,22900,0.0,0.0
2022-11-17 00:00:00-05:00,9.748763580993883,9.845139278176473,9.644974912495153,9.778417587280273,22100,0.0,0.0
2022-11-18 00:00:00-05:00,9.800658452471549,10.08237186081572,9.711696435153483,9.867380142211914,54700,0.0,0.0
2022-11-21 00:00:00-05:00,9.94892835429348,10.430806118698207,9.882206665405109,10.371498107910156,58400,0.0,0.0
2022-11-22 00:00:00-05:00,10.319605461046446,10.527183532714844,10.171335409854732,10.527183532714844,44800,0.0,0.0
2022-11-23 00:00:00-05:00,10.519769305213584,10.601318359375,10.438220958059507,10.601318359375,28500,0.0,0.0
2022-11-25 00:00:00-05:00,10.653210593561935,10.675450918936878,10.564248585054969,10.593902587890625,4500,0.0,0.0
2022-11-28 00:00:00-05:00,10.564250140293694,10.63838551180043,10.423393782839657,10.51235580444336,13800,0.0,0.0
2022-11-29 00:00:00-05:00,10.519769465955225,10.519769465955225,10.023064989508695,10.163921356201172,21100,0.0,0.0
2022-11-30 00:00:00-05:00,10.104612164505587,10.62355761780445,10.067544480625541,10.097198486328125,56800,0.0,0.0
2022-12-01 00:00:00-05:00,10.282536545311574,10.401152572120068,10.267709895464156,10.34184455871582,8700,0.0,0.0
2022-12-02 00:00:00-05:00,10.356672025296684,10.356672025296684,10.230642318725586,10.230642318725586,19800,0.0,0.0
2022-12-05 00:00:00-05:00,10.11943845834138,10.35667120263496,9.785830729155654,10.015649795532227,152700,0.0,0.0
2022-12-06 00:00:00-05:00,10.082370119378904,10.193572445067694,9.934099409117659,10.104610443115234,27000,0.0,0.0
2022-12-07 00:00:00-05:00,10.1416798889841,10.22322822824084,10.045304193313079,10.156506538391113,13400,0.0,0.0
2022-12-08 00:00:00-05:00,10.193574054982408,10.364084408902269,10.052717706396754,10.082371711730957,32500,0.0,0.0
2022-12-09 00:00:00-05:00,10.289951570214642,10.364086243167085,10.08237349613747,10.193575859069824,13700,0.0,0.0
2022-12-12 00:00:00-05:00,10.119437089937072,10.327015801499957,10.082370119378904,10.104610443115234,27100,0.0,0.0
2022-12-13 00:00:00-05:00,10.119440509492485,10.119440509492485,9.874794744700878,10.030478477478027,53300,0.0,0.0
2022-12-14 00:00:00-05:00,10.06754452488533,10.08237188130544,9.926688173930625,9.993409156799316,29200,0.0,0.0
2022-12-15 00:00:00-05:00,9.963754653930664,10.04530369615871,9.926687678743988,9.963754653930664,24500,0.0,0.0
2022-12-16 00:00:00-05:00,9.88961999655008,10.000822336124573,9.874792640869623,9.963754653930664,25400,0.0,0.0
2022-12-19 00:00:00-05:00,9.985994702606849,10.193572712610734,9.971167348388704,10.067543029785156,32500,0.0,0.0
2022-12-20 00:00:00-05:00,10.023063701062549,10.223228060316613,10.015650022977184,10.082371711730957,13200,0.0,0.0
2022-12-21 00:00:00-05:00,10.14168011352757,10.297363824288118,10.14168011352757,10.223228454589844,21000,0.0,0.0
2022-12-22 00:00:00-05:00,10.26029743722075,10.371499798826395,10.245470078602732,10.304778099060059,13400,0.0,0.0
2022-12-23 00:00:00-05:00,10.267710350998527,10.408566712330986,10.238056342980782,10.312191009521484,26900,0.0,0.0
2022-12-27 00:00:00-05:00,10.364083924884762,10.378911280363033,10.141679248768474,10.178746223449707,29800,0.0,0.0
2022-12-28 00:00:00-05:00,10.149093525620845,10.37891261605967,10.149093525620845,10.356672286987305,34800,0.0,0.0
2022-12-29 00:00:00-05:00,10.40206326959863,10.576061072531067,10.40206326959863,10.455018997192383,18900,0.28,0.0
2022-12-30 00:00:00-05:00,10.583625458853412,10.583625458853412,10.273454987503218,10.560930252075195,39700,0.0,0.0
2023-01-03 00:00:00-05:00,10.621451474345662,10.659277300630656,10.507974716958307,10.568495750427246,15500,0.0,0.0
2023-01-04 00:00:00-05:00,10.591191390450277,10.62145190842143,10.477714628425373,10.538235664367676,14800,0.0,0.0
2023-01-05 00:00:00-05:00,10.591191445891978,10.591191445891978,10.447454165143501,10.492844581604004,14500,0.0,0.0
2023-01-06 00:00:00-05:00,10.568494845940052,10.591190051181664,10.485277890941525,10.523103713989258,6700,0.0,0.0
2023-01-09 00:00:00-05:00,10.485279806551993,10.55336615618345,10.371803038144696,10.409628868103027,23600,0.0,0.0
2023-01-10 00:00:00-05:00,10.417192366696527,10.500408600958261,10.36423592537763,10.470148086547852,10800,0.0,0.0
2023-01-11 00:00:00-05:00,10.48527909067684,10.55336543565975,10.3264111928726,10.37180233001709,20100,0.0,0.0
2023-01-12 00:00:00-05:00,10.394496348507504,10.523103713989258,10.220498572542523,10.523103713989258,26100,0.0,0.0
2023-01-13 00:00:00-05:00,10.424756862652178,10.583624742278605,10.424756862652178,10.523103713989258,19200,0.0,0.0
2023-01-17 00:00:00-05:00,10.523104238071406,10.591190578654718,10.523104238071406,10.553364753723145,20100,0.0,0.0
2023-01-18 00:00:00-05:00,10.583624553444247,10.734927121468056,10.530668835002803,10.666841506958008,35700,0.0,0.0
2023-01-19 00:00:00-05:00,10.689538666803019,10.734929084777832,10.553365969943208,10.734929084777832,18400,0.0,0.0
2023-01-20 00:00:00-05:00,10.855969765836216,11.15100958954139,10.629015555816242,10.87866497039795,64500,0.0,0.0
2023-01-23 00:00:00-05:00,10.969448985204753,11.075361166169587,10.908927945072763,11.014840126037598,72800,0.0,0.0
2023-01-24 00:00:00-05:00,10.984577657612173,11.075359201708027,10.901360701090287,10.908926010131836,42400,0.0,0.0
2023-01-25 00:00:00-05:00,10.969446897087924,11.045098543585903,10.939186382782246,11.007272720336914,10000,0.0,0.0
2023-01-26 00:00:00-05:00,10.9543174775158,11.007273924444425,10.750059163975147,10.855971336364746,9600,0.0,0.0
2023-01-27 00:00:00-05:00,10.795449922090615,11.014838847470031,10.74249347702136,10.954317092895508,25500,0.0,0.0
2023-01-30 00:00:00-05:00,10.954317248335457,11.075360037734455,10.66684269773228,10.742493629455566,84700,0.0,0.0
2023-01-31 00:00:00-05:00,10.681971403026612,10.901360307028023,10.636580993353245,10.666841506958008,24000,0.0,0.0
2023-02-01 00:00:00-05:00,10.644145580653772,10.83327397105042,10.598755170980406,10.666841506958008,16800,0.0,0.0
2023-02-02 00:00:00-05:00,10.719799073693492,10.931622705449183,10.719799073693492,10.825711250305176,19800,0.0,0.0
2023-02-03 00:00:00-05:00,10.787885421410454,10.840841148982458,10.68953855487125,10.825711250305176,21400,0.0,0.0
2023-02-06 00:00:00-05:00,10.833275407052056,10.908927061825722,10.82571081874881,10.855971336364746,19600,0.0,0.0
2023-02-07 00:00:00-05:00,10.90136164773557,11.082924751693739,10.855971232479849,11.022403717041016,31900,0.0,0.0
2023-02-08 00:00:00-05:00,11.075359395293859,11.082923983000049,10.931621406862345,11.02996826171875,11500,0.0,0.0
2023-02-09 00:00:00-05:00,11.029969160881347,11.082924886479594,10.969448125492594,11.075360298156738,11600,0.0,0.0
2023-02-10 00:00:00-05:00,11.067794421907202,11.082924319246203,10.977012873470347,11.052663803100586,12300,0.0,0.0
2023-02-13 00:00:00-05:00,10.992143199714654,11.113185269020098,10.984578611483796,11.022403717041016,13400,0.0,0.0
2023-02-14 00:00:00-05:00,11.07535906282682,11.12831478251846,10.984577519869333,11.120749473571777,15000,0.0,0.0
2023-02-15 00:00:00-05:00,11.1131862751513,11.120751585534725,10.916493255456189,11.014840126037598,6300,0.0,0.0
2023-02-16 00:00:00-05:00,11.02996792569928,11.082923645367323,10.977012206031237,11.007272720336914,13000,0.0,0.0
2023-02-17 00:00:00-05:00,11.014839693220232,11.075360730974106,10.901362206330958,11.045100212097168,17200,0.0,0.0
2023-02-21 00:00:00-05:00,11.045099646136517,11.045099646136517,10.863535820710707,11.022403717041016,10700,0.0,0.0
2023-02-22 00:00:00-05:00,11.022402759884761,11.022402759884761,10.893795392048737,10.908926010131836,22800,0.0,0.0
2023-02-23 00:00:00-05:00,10.90136293302556,10.90136293302556,10.515540750524602,10.712234497070312,40100,0.0,0.0
2023-02-24 00:00:00-05:00,10.62145143075421,10.893796080246709,10.515539261884426,10.57606029510498,27600,0.0,0.0
2023-02-27 00:00:00-05:00,10.530669924142252,10.621451474345662,10.523104614591727,10.568495750427246,18500,0.0,0.0
2023-02-28 00:00:00-05:00,10.507974958310404,10.621451718304147,10.507974958310404,10.530670166015625,33300,0.0,0.0
2023-03-01 00:00:00-05:00,10.477714447679045,10.53067017284813,10.402062793322369,10.417193412780762,32700,0.0,0.0
2023-03-02 00:00:00-05:00,10.402063213903032,10.56093111730135,10.402063213903032,10.500410079956055,26800,0.0,0.0
2023-03-03 00:00:00-05:00,10.560931138037793,10.727364351797982,10.485279480473794,10.719799041748047,26800,0.0,0.0
2023-03-06 00:00:00-05:00,10.727363449738844,10.787884482113785,10.591190766161418,10.674407005310059,17200,0.0,0.0
2023-03-07 00:00:00-05:00,10.591191194149388,10.848405952870696,10.591191194149388,10.644146919250488,9900,0.0,0.0
2023-03-08 00:00:00-05:00,10.613886865451985,10.757624870530046,10.613886865451985,10.719799041748047,16400,0.0,0.0
2023-03-09 00:00:00-05:00,10.825710597437068,10.825710597437068,10.59119104960715,10.629016876220703,14300,0.0,0.0
2023-03-10 00:00:00-05:00,10.689537626264439,10.689537626264439,10.53823504529698,10.560930252075195,20100,0.0,0.0
2023-03-13 00:00:00-04:00,10.659277644844142,10.810580233402412,10.439888711067738,10.477714538574219,26800,0.0,0.0
2023-03-14 00:00:00-04:00,10.477714286222612,10.810579973033867,10.455018357384757,10.742493629455566,38300,0.0,0.0
2023-03-15 00:00:00-04:00,10.644146637845012,10.734928187675845,10.523104571403902,10.57606029510498,17600,0.0,0.0
2023-03-16 00:00:00-04:00,10.485277564366148,10.697101878248931,10.485277564366148,10.613884925842285,4200,0.0,0.0
2023-03-17 00:00:00-04:00,10.63658151650569,10.742492958597754,10.59119038313224,10.697102546691895,8200,0.0,0.0
2023-03-20 00:00:00-04:00,10.787884484260191,10.787884484260191,10.55336494265992,10.560930252075195,30600,0.0,0.0
2023-03-21 00:00:00-04:00,10.583626775105486,10.765189894846865,10.583626775105486,10.689538955688477,13300,0.0,0.0
2023-03-22 00:00:00-04:00,10.7576239680667,10.76518855601436,10.560930252075195,10.560930252075195,16100,0.0,0.0
2023-03-23 00:00:00-04:00,10.560930348086927,10.780319272851157,10.409627765743943,10.507974624633789,37000,0.0,0.0
2023-03-24 00:00:00-04:00,10.568494943304772,10.689537000998595,10.568494943304772,10.583624839782715,8900,0.0,0.0
2023-03-27 00:00:00-04:00,10.613886438260222,10.75762443755306,10.598756540236982,10.750059127807617,21900,0.0,0.0
2023-03-28 00:00:00-04:00,10.772754405895931,10.780319715690759,10.477714538574219,10.477714538574219,26400,0.0,0.0
2023-03-29 00:00:00-04:00,10.530669924142252,10.727363643650119,10.530669924142252,10.568495750427246,18600,0.0,0.0
2023-03-30 00:00:00-04:00,10.59119043345446,10.734927700462746,10.5306694029807,10.651711463928223,26200,0.0,0.0
2023-03-31 00:00:00-04:00,10.704667091369629,10.712232400479417,10.545799207402029,10.704667091369629,20500,0.0,0.0
2023-04-03 00:00:00-04:00,10.712232353178443,10.931621266120436,10.712232353178443,10.863534927368164,5100,0.0,0.0
2023-04-04 00:00:00-04:00,10.757624248680804,10.901361523982393,10.613886251911582,10.742493629455566,17800,0.0,0.0
2023-04-05 00:00:00-04:00,10.72736311275422,10.765188215699625,10.59875574263058,10.651711463928223,6000,0.0,0.0
2023-04-06 00:00:00-04:00,10.606321051806699,10.666842082280459,10.560929918217582,10.651711463928223,7400,0.0,0.0
2023-04-10 00:00:00-04:00,10.613886901441324,10.65927804042717,10.386932649447454,10.455018997192383,34400,0.0,0.0
2023-04-11 00:00:00-04:00,10.455017473116134,10.591190148755471,10.455017473116134,10.583624839782715,31400,0.0,0.0
2023-04-12 00:00:00-04:00,10.523105288593621,10.583626325938916,10.500410079956055,10.500410079956055,8700,0.0,0.0
2023-04-13 00:00:00-04:00,10.500408600958261,10.591190144189492,10.45501746860886,10.470148086547852,19600,0.0,0.0
2023-04-14 00:00:00-04:00,10.538234331795378,10.681971593615685,10.523103713989258,10.523103713989258,24000,0.0,0.0
2023-04-17 00:00:00-04:00,10.606322606712194,10.68197354516116,10.228065750064273,10.409628868103027,27400,0.0,0.0
2023-04-18 00:00:00-04:00,10.477714157222298,10.57606029510498,10.477714157222298,10.57606029510498,8400,0.0,0.0
2023-04-19 00:00:00-04:00,10.477715015226272,10.62145230052861,10.43988918599902,10.51554012298584,12700,0.0,0.0
2023-04-20 00:00:00-04:00,10.48528003692627,10.52310586771568,10.402063786363737,10.48528003692627,7200,0.0,0.0
2023-04-21 00:00:00-04:00,10.485279560116277,10.523105389185588,10.409628623445338,10.447454452514648,11100,0.0,0.0
2023-04-24 00:00:00-04:00,10.507972983943395,10.507972983943395,10.220497761643626,10.311279296875,92200,0.0,0.0
2023-04-25 00:00:00-04:00,10.296150547360087,10.455018443190767,10.182673788110018,10.205368995666504,33300,0.0,0.0
2023-04-26 00:00:00-04:00,10.265889883903327,10.265889883903327,10.17510833350282,10.190238952636719,18800,0.0,0.0
2023-04-27 00:00:00-04:00,10.167543330195201,10.598756609420834,10.159978741868025,10.477714538574219,58800,0.0,0.0
2023-04-28 00:00:00-04:00,10.386932693123143,10.583626427109413,10.326411655199319,10.447454452514648,12300,0.0,0.0
2023-05-01 00:00:00-04:00,10.507974393081994,10.507974393081994,10.333975886121047,10.39449691772461,21600,0.0,0.0
2023-05-02 00:00:00-04:00,10.364236739446081,10.4323230825843,10.296150396307862,10.303715705871582,14800,0.0,0.0
2023-05-03 00:00:00-04:00,10.364237727859491,10.424758767205741,10.288586789410525,10.409628868103027,18300,0.0,0.0
2023-05-04 00:00:00-04:00,10.379367117469963,10.379367117469963,10.220499227660355,10.22806453704834,12600,0.0,0.0
2023-05-05 00:00:00-04:00,10.318846422209816,10.38693204452182,10.235629459160196,10.250760078430176,7200,0.0,0.0
2023-05-08 00:00:00-04:00,10.220498031094106,10.32640946425584,10.107020567962568,10.114585876464844,22300,0.0,0.0
2023-05-09 00:00:00-04:00,10.13728108050414,10.341540081260389,10.069195468386251,10.114585876464844,35400,0.0,0.0
2023-05-10 00:00:00-04:00,10.182673603666478,10.265889844178018,10.069196846471868,10.08432674407959,17600,0.0,0.0
2023-05-11 00:00:00-04:00,10.08432665405878,10.11458717047172,9.895198246110988,9.91032886505127,25200,0.0,0.0
2023-05-12 00:00:00-04:00,9.970850004676894,9.978414592760439,9.804416801889206,9.819546699523926,30000,0.0,0.0
2023-05-15 00:00:00-04:00,9.849806842070612,9.970848895554589,9.849806842070612,9.917892456054688,22800,0.0,0.0
2023-05-16 00:00:00-04:00,9.940589814453743,10.008675438247801,9.834677641661342,9.8800687789917,11900,0.0,0.0
2023-05-17 00:00:00-04:00,9.91032986152245,10.023806629114022,9.91032986152245,9.978415489196777,34700,0.0,0.0
2023-05-18 00:00:00-04:00,9.895197770048302,10.19780291961924,9.849807358346455,10.099456787109375,40900,0.0,0.0
2023-05-19 00:00:00-04:00,10.069196411718533,10.424757287025816,10.069196411718533,10.379366874694824,30600,0.0,0.0
2023-05-22 00:00:00-04:00,10.417193196328089,11.15857621916111,10.37936736993571,10.901361465454102,144100,0.0,0.0
2023-05-23 00:00:00-04:00,11.022402227912323,11.022402227912323,10.780318122007042,10.87866497039795,16000,0.0,0.0
2023-05-24 00:00:00-04:00,10.772753382854331,11.007272913949087,10.75005817709277,10.863534927368164,22200,0.0,0.0
2023-05-25 00:00:00-04:00,10.931621266120436,10.977012399111143,10.787884001007095,10.863534927368164,6900,0.0,0.0
2023-05-26 00:00:00-04:00,10.916491895424754,10.916491895424754,10.629016629879066,10.89379596710205,14900,0.0,0.0
2023-05-30 00:00:00-04:00,11.102696144474836,11.102696144474836,10.777739133757995,10.793212890625,43500,0.32,0.0
2023-05-31 00:00:00-04:00,10.777741327505627,10.986641883850098,10.692633064887973,10.986641883850098,26600,0.0,0.0
2023-06-01 00:00:00-04:00,10.901533687226124,10.986641206733854,10.76226616633654,10.917007446289062,15100,0.0,0.0
2023-06-02 00:00:00-04:00,11.025325541061918,11.040800036347163,10.793213276835074,10.824161529541016,20300,0.0,0.0
2023-06-05 00:00:00-04:00,10.77000445856519,10.91700850430069,10.77000445856519,10.862849235534668,33400,0.0,0.0
2023-06-06 00:00:00-04:00,10.940218927263231,11.149119465684006,10.909270672020723,11.141382217407227,36300,0.0,0.0
2023-06-07 00:00:00-04:00,11.265176959819339,11.52823678341645,11.164594937033087,11.512763023376465,72600,0.0,0.0
2023-06-08 00:00:00-04:00,11.520500272328793,11.59013329930573,11.373495493693245,11.512763023376465,24400,0.0,0.0
2023-06-09 00:00:00-04:00,11.675241559558586,11.853193858236098,11.543711278855785,11.66750431060791,78400,0.0,0.0
2023-06-12 00:00:00-04:00,11.582396887968025,11.853193962849623,11.435392108066441,11.6133451461792,95000,0.0,0.0
2023-06-13 00:00:00-04:00,11.65202820021671,11.837717710389088,11.48181244695977,11.799032211303711,30800,0.0,0.0
2023-06-14 00:00:00-04:00,11.822244267741187,11.90735252087621,11.652029237200319,11.744874000549316,36400,0.0,0.0
2023-06-15 00:00:00-04:00,11.853192909183248,11.899615661305688,11.682977873085065,11.775822639465332,24000,0.0,0.0
2023-06-16 00:00:00-04:00,11.845456011976877,11.915089031090185,11.698451249942522,11.744874000549316,18400,0.0,0.0
2023-06-20 00:00:00-04:00,11.744874453622772,11.744874453622772,11.60560693429456,11.65976619720459,26300,0.0,0.0
2023-06-21 00:00:00-04:00,11.682978591151102,11.760348865624394,11.156857478128215,11.203279495239258,76100,0.0,0.0
2023-06-22 00:00:00-04:00,11.303860685161993,11.528235719010178,11.218753168138408,11.412179946899414,30700,0.0,0.0
2023-06-23 00:00:00-04:00,11.358021268841263,11.512762552231885,11.358021268841263,11.489551544189453,8200,0.0,0.0
2023-06-26 00:00:00-04:00,11.443129440245624,11.76034927368164,11.443129440245624,11.76034927368164,20300,0.0,0.0
2023-06-27 00:00:00-04:00,11.760346712218334,11.799032211303711,11.659764709742166,11.799032211303711,20800,0.0,0.0
2023-06-28 00:00:00-04:00,11.698451774061569,11.884141309078906,11.187805183831582,11.342546463012695,134100,0.0,0.0
2023-06-29 00:00:00-04:00,11.40444298490452,11.450865737632764,11.211016201288645,11.296124458312988,28500,0.0,0.0
2023-06-30 00:00:00-04:00,11.543710886535598,11.543710886535598,11.311598590956507,11.528236389160156,19300,0.0,0.0
2023-07-03 00:00:00-04:00,11.528236681251045,11.65976696081629,11.3967064016858,11.566922187805176,12800,0.0,0.0
2023-07-05 00:00:00-04:00,11.47407761529658,11.68297891162051,11.47407761529658,11.6133451461792,19100,0.0,0.0
2023-07-06 00:00:00-04:00,11.62108125457501,11.675240516662598,11.566921254622818,11.675240516662598,22400,0.0,0.0
2023-07-07 00:00:00-04:00,11.535973272520883,11.675240793030873,11.535973272520883,11.605607032775879,34700,0.0,0.0
2023-07-10 00:00:00-04:00,11.590131252255727,11.899614514905847,11.535971994884386,11.83771800994873,86900,0.0,0.0
2023-07-11 00:00:00-04:00,11.7448738167762,11.953774346576612,11.621080800914537,11.806770324707031,86800,0.0,0.0
2023-07-12 00:00:00-04:00,11.99246014035331,11.99246014035331,11.81450786018759,11.891878128051758,21000,0.0,0.0
2023-07-13 00:00:00-04:00,11.814509562193896,11.969250858078963,11.806772312933468,11.953776359558105,17200,0.0,0.0
2023-07-14 00:00:00-04:00,11.953774363969721,11.97698537001141,11.83771859589669,11.961511611938477,15000,0.0,0.0
2023-07-17 00:00:00-04:00,11.91509065854995,12.01567268371582,11.837720380790218,12.01567268371582,23900,0.0,0.0
2023-07-18 00:00:00-04:00,12.031145576757071,12.131727588503006,11.961511819558764,12.0079345703125,36300,0.0,0.0
2023-07-19 00:00:00-04:00,12.06983068533425,12.170411955931666,11.969248676872263,12.023407936096191,20100,0.0,0.0
2023-07-20 00:00:00-04:00,12.13946448632114,12.13946448632114,11.969249449806993,12.038883209228516,24000,0.0,0.0
2023-07-21 00:00:00-04:00,12.000198555556905,12.11625433757225,11.938302040100098,11.938302040100098,14800,0.0,0.0
2023-07-24 00:00:00-04:00,11.938302782776312,12.108517841939195,11.837720754435674,12.046621322631836,24500,0.0,0.0
2023-07-25 00:00:00-04:00,12.10078019026064,12.20909871991014,11.83771963905818,11.907353401184082,25600,0.0,0.0
2023-07-26 00:00:00-04:00,11.891878992746683,12.023409269330791,11.860930735777755,11.899616241455078,32600,0.0,0.0
2023-07-27 00:00:00-04:00,11.976986119131078,12.116253639821085,11.85319309534646,11.91508960723877,15800,0.0,0.0
2023-07-28 00:00:00-04:00,11.907353285243095,11.907353285243095,11.806771267358888,11.853193283081055,17100,0.0,0.0
2023-07-31 00:00:00-04:00,11.876406080547923,11.992461867995548,11.829983322850053,11.953776359558105,26400,0.0,0.0
2023-08-01 00:00:00-04:00,12.015671623529927,12.100779880780319,11.899615848198005,11.91508960723877,23100,0.0,0.0
2023-08-02 00:00:00-04:00,11.876405613407767,12.10078066808184,11.868668364451672,11.930564880371094,9600,0.0,0.0
2023-08-03 00:00:00-04:00,11.868668831287494,11.961513608818533,11.83772057211048,11.953776359558105,12900,0.0,0.0
2023-08-04 00:00:00-04:00,11.88414109709062,12.17041264293535,11.88414109709062,12.093042373657227,18500,0.0,0.0
2023-08-07 00:00:00-04:00,12.046619238658982,12.22457225428167,12.03114548044134,12.062093734741211,38800,0.0,0.0
2023-08-08 00:00:00-04:00,12.031146520421393,12.178150556586749,11.961512757761353,12.054357528686523,13300,0.0,0.0
2023-08-09 00:00:00-04:00,12.007934636644901,12.154938662092036,11.799033363896,11.891878128051758,66700,0.0,0.0
2023-08-10 00:00:00-04:00,12.007934599757377,12.007934599757377,11.574658297163571,11.628817558288574,61100,0.0,0.0
2023-08-11 00:00:00-04:00,11.590133296830496,11.682978808509263,11.590133296830496,11.66750431060791,8900,0.0,0.0
2023-08-14 00:00:00-04:00,11.590133018163174,11.752611552897456,11.497288246581393,11.582396507263184,36700,0.0,0.0
2023-08-15 00:00:00-04:00,11.698451631882802,11.799033646594244,11.574658610042448,11.775822639465332,21200,0.0,0.0
2023-08-16 00:00:00-04:00,11.775822809192018,11.775822809192018,11.543710520963577,11.605607032775879,16800,0.0,0.0
2023-08-17 00:00:00-04:00,11.605606804800773,11.675240563687915,11.11043398216468,11.249701499938965,159700,0.0,0.0
2023-08-18 00:00:00-04:00,11.141382431144937,11.419917471535564,11.141382431144937,11.342546463012695,29400,0.0,0.0
2023-08-21 00:00:00-04:00,11.412179770121236,11.450865272847109,11.35802050902377,11.427654266357422,23000,0.0,0.0
2023-08-22 00:00:00-04:00,11.427654541480802,11.427654541480802,11.358020782470703,11.358020782470703,32700,0.0,0.0
2023-08-23 00:00:00-04:00,11.412179674038748,11.528235443374664,11.412179674038748,11.481813430786133,39600,0.0,0.0
2023-08-24 00:00:00-04:00,11.605607694359307,11.675241458583809,11.45086640600745,11.566922187805176,49000,0.0,0.0
2023-08-25 00:00:00-04:00,11.725374154314942,11.84421210212612,11.53523313559576,11.551077842712402,36400,0.35,0.0
2023-08-28 00:00:00-04:00,11.717450420171044,11.717450420171044,11.52730941772461,11.52730941772461,27600,0.0,0.0
2023-08-29 00:00:00-04:00,11.566923469697588,11.71745158943364,11.519387836565896,11.661993980407715,40100,0.0,0.0
2023-08-30 00:00:00-04:00,11.614457668688317,11.915514646124088,11.614457668688317,11.84421157836914,22600,0.0,0.0
2023-08-31 00:00:00-04:00,11.78083120779954,11.915514611938432,11.78083120779954,11.820444107055664,19900,0.0,0.0
2023-09-01 00:00:00-04:00,11.867978852458602,11.963050111859099,11.764986373288936,11.86005687713623,24900,0.0,0.0
2023-09-05 00:00:00-04:00,11.931360737546168,12.034353223566567,11.804599301764807,12.01058578491211,33800,0.0,0.0
2023-09-06 00:00:00-04:00,12.050197241059674,12.081887407315753,11.93135930648767,12.066041946411133,58600,0.0,0.0
2023-09-07 00:00:00-04:00,12.07396567020005,12.224494538965448,12.050198232440911,12.216571807861328,19900,0.0,0.0
2023-09-08 00:00:00-04:00,12.311642251632543,12.50178326384193,12.129423970486856,12.303719520568848,86700,0.0,0.0
2023-09-11 00:00:00-04:00,12.319565285183806,12.755305682194146,12.224494776744807,12.636466979980469,208200,0.0,0.0
2023-09-12 00:00:00-04:00,12.691924608611755,12.739459482303262,12.351254739758772,12.533473014831543,55900,0.0,0.0
2023-09-13 00:00:00-04:00,12.517629161136664,12.596854207868173,12.24033960869327,12.335410118103027,61200,0.0,0.0
2023-09-14 00:00:00-04:00,12.398789179255868,12.48593770389376,12.042274616841599,12.129423141479492,68900,0.0,0.0
2023-09-15 00:00:00-04:00,12.16903556265091,12.327487154523798,12.089810522267651,12.311641693115234,18900,0.0,0.0
2023-09-18 00:00:00-04:00,12.398788902455461,12.454247259319615,12.129422870692625,12.319563865661621,44200,0.0,0.0
2023-09-19 00:00:00-04:00,12.216571745527851,12.509705994905625,12.216571745527851,12.303719520568848,63300,0.0,0.0
2023-09-20 00:00:00-04:00,12.422556664339039,12.676077982206163,12.35917633487226,12.52554988861084,80200,0.0,0.0
2023-09-21 00:00:00-04:00,12.501781823278682,12.62854248347848,12.438401493178782,12.485937118530273,40200,0.0,0.0
2023-09-22 00:00:00-04:00,12.525551400766876,12.636466612947496,12.470093039123348,12.51762866973877,51800,0.0,0.0
2023-09-25 00:00:00-04:00,12.517626776843928,12.755303382873535,12.45424644930978,12.755303382873535,49600,0.0,0.0
2023-09-26 00:00:00-04:00,12.684002243562917,12.691924974591023,12.485938501179561,12.51762866973877,43700,0.0,0.0
2023-09-27 00:00:00-04:00,12.50178422377036,12.62854490830972,12.430481149828648,12.565164566040039,44500,0.0,0.0
2023-09-28 00:00:00-04:00,12.517628308785438,12.533473014831543,12.39878961345028,12.533473014831543,31900,0.0,0.0
2023-09-29 00:00:00-04:00,12.517628641826468,12.755305283267159,12.359177799383746,12.628543853759766,304400,0.0,0.0
2023-10-02 00:00:00-04:00,12.676079354769833,12.786994565570016,12.462170152992552,12.668156623840332,69600,0.0,0.0
2023-10-03 00:00:00-04:00,12.628544281731445,12.771151178092556,12.588932136443251,12.660234451293945,28100,0.0,0.0
2023-10-04 00:00:00-04:00,12.620620633227825,12.620620633227825,12.081887066517577,12.208647727966309,71700,0.0,0.0
2023-10-05 00:00:00-04:00,12.311640920892822,12.47009174727402,12.232415129925652,12.42255687713623,48200,0.0,0.0
2023-10-06 00:00:00-04:00,12.406712251770474,12.691924514006331,12.343331916952103,12.596853256225586,33600,0.0,0.0
2023-10-09 00:00:00-04:00,12.596853617515253,12.636466516801166,12.52555130546446,12.581008911132812,9100,0.0,0.0
2023-10-10 00:00:00-04:00,12.525551434506571,12.620621940440284,12.46217034166421,12.541396141052246,21800,0.0,0.0
2023-10-11 00:00:00-04:00,12.612699079450902,12.660233954151431,12.430480044956981,12.581008911132812,31100,0.0,0.0
2023-10-12 00:00:00-04:00,12.612698506555288,12.6523114040419,12.454247672162015,12.462169647216797,30300,0.0,0.0
2023-10-13 00:00:00-04:00,12.533471428956346,12.620619945619096,12.462168371887952,12.49385929107666,42100,0.0,0.0
2023-10-16 00:00:00-04:00,12.430478638857544,12.636465087401143,12.430478638857544,12.52554988861084,29500,0.0,0.0
2023-10-17 00:00:00-04:00,12.52555127158696,12.596853583444902,12.478015641461788,12.557241439819336,30200,0.0,0.0
2023-10-18 00:00:00-04:00,12.525550658349793,12.731536363998812,12.517627927791285,12.652311325073242,54600,0.0,0.0
2023-10-19 00:00:00-04:00,12.676077829281182,12.794915756709447,12.660232369329085,12.786993026733398,28000,0.0,0.0
2023-10-20 00:00:00-04:00,12.779070945110394,12.779070945110394,12.517627642614368,12.707769393920898,64000,0.0,0.0
2023-10-23 00:00:00-04:00,12.676077595679299,12.794915520917552,12.620619997975195,12.755303382873535,32100,0.0,0.0
2023-10-24 00:00:00-04:00,12.786993909813619,12.905833356555265,12.676078704701508,12.739459037780762,81500,0.0,0.0
2023-10-25 00:00:00-04:00,12.818684740107727,12.897910533666018,12.715690755150051,12.802839279174805,45300,0.0,0.0
2023-10-26 00:00:00-04:00,12.834530504626589,12.897910838751145,12.771150170502034,12.87414264678955,26700,0.0,0.0
2023-10-27 00:00:00-04:00,12.874142198135623,12.889987658891151,12.707769393521515,12.715690612792969,28000,0.0,0.0
2023-10-30 00:00:00-04:00,12.739458823184941,12.850374026428689,12.517627661144292,12.604775428771973,40300,0.0,0.0
2023-10-31 00:00:00-04:00,12.691923932765986,12.834530057353113,12.636465575674796,12.715690612792969,20000,0.0,0.0
2023-11-01 00:00:00-04:00,12.834530057756483,12.929599800080016,12.676078472408848,12.707769393920898,54200,0.0,0.0
2023-11-02 00:00:00-04:00,12.78699381824188,12.969213596757847,12.78699381824188,12.802839279174805,55700,0.0,0.0
2023-11-03 00:00:00-04:00,12.965003071380815,12.965003071380815,12.592026086216434,12.664999961853027,48800,0.37,0.0
2023-11-06 00:00:00-05:00,12.762298485745491,12.770406866163002,12.632567492096182,12.71364974975586,27300,0.0,0.0
2023-11-07 00:00:00-05:00,12.66500081951253,12.851489711352386,12.494728689249074,12.616352081298828,50300,0.0,0.0
2023-11-08 00:00:00-05:00,12.608242606728181,12.729865214969255,12.608242606728181,12.673108100891113,28700,0.0,0.0
2023-11-09 00:00:00-05:00,12.754190980956704,12.762299361930888,12.600135608736029,12.632568359375,22100,0.0,0.0
2023-11-10 00:00:00-05:00,12.70554179104627,12.835272789001465,12.608243542579874,12.835272789001465,20100,0.0,0.0
2023-11-13 00:00:00-05:00,12.867705910281035,12.973112542479614,12.737974908577481,12.932571411132812,34400,0.0,0.0
2023-11-14 00:00:00-05:00,13.094734565103156,13.094734565103156,12.956895188775103,13.062302589416504,32700,0.0,0.0
2023-11-15 00:00:00-05:00,13.005545627892804,13.573118354590486,13.005545627892804,13.516361236572266,89200,0.0,0.0
2023-11-16 00:00:00-05:00,13.459603309631348,13.516360424238464,13.200141330561458,13.459603309631348,49500,0.0,0.0
2023-11-17 00:00:00-05:00,13.58933482724368,13.75960617768172,13.51636094948011,13.629875183105469,115600,0.0,0.0
2023-11-20 00:00:00-05:00,13.629876849348708,13.946097540487104,13.524470983313,13.85690689086914,119400,0.0,0.0
2023-11-21 00:00:00-05:00,13.865013593339485,13.921770710217631,13.654200340281054,13.881230354309082,47400,0.0,0.0
2023-11-22 00:00:00-05:00,13.832580324810994,13.929879345895635,13.78393158752641,13.840688705444336,23300,0.0,0.0
2023-11-24 00:00:00-05:00,13.800148154104518,13.85690527122173,13.702849134392542,13.743391036987305,12100,0.0,0.0
2023-11-27 00:00:00-05:00,13.767713501870588,13.775821881723944,13.500143152771171,13.548791885375977,37100,0.0,0.0
2023-11-28 00:00:00-05:00,13.54879285633283,13.856905126779493,13.54879285633283,13.800148010253906,50600,0.0,0.0
2023-11-29 00:00:00-05:00,13.865013605466203,13.865013605466203,13.735282610626848,13.848796844482422,27100,0.0,0.0
2023-11-30 00:00:00-05:00,13.78393214999123,14.03528577381966,13.78393214999123,13.90555477142334,29500,0.0,0.0
2023-12-01 00:00:00-05:00,14.051500088301756,14.343395566109807,13.937985867605413,14.027174949645996,55300,0.0,0.0
2023-12-04 00:00:00-05:00,14.0271788369246,14.165018234475415,13.897447821172737,14.108261108398438,29200,0.0,0.0
2023-12-05 00:00:00-05:00,14.083935351975473,14.213666347853627,14.002853092922763,14.14880084991455,33400,0.0,0.0
2023-12-06 00:00:00-05:00,14.173123311590526,14.351504576543748,14.124474578655711,14.310962677001953,36700,0.0,0.0
2023-12-07 00:00:00-05:00,14.286639074024244,14.408261679535798,14.1893400617058,14.343396186828613,32000,0.0,0.0
2023-12-08 00:00:00-05:00,14.343399303290388,14.554212587022022,14.278533796489551,14.52177906036377,37900,0.0,0.0
2023-12-11 00:00:00-05:00,14.546102509532993,14.910970362807026,14.481237010294354,14.837996482849121,55400,0.0,0.0
2023-12-12 00:00:00-05:00,14.692048447844764,14.73258879989918,14.270421981811523,14.270421981811523,66500,0.0,0.0
2023-12-13 00:00:00-05:00,14.367721458587354,14.367721458587354,13.313656692321505,13.556901931762695,118900,0.0,0.0
2023-12-14 00:00:00-05:00,13.678524690352676,13.970418638340428,13.670416310336995,13.792038917541504,55900,0.0,0.0
2023-12-15 00:00:00-05:00,13.82447071275653,14.06771747054308,13.82447071275653,13.954201698303223,37100,0.0,0.0
2023-12-18 00:00:00-05:00,14.197448451315603,14.383936549661847,14.075825845720894,14.310962677001953,40900,0.0,0.0
2023-12-19 00:00:00-05:00,14.359611841395045,14.505559591100074,14.335288247454463,14.432585716247559,43000,0.0,0.0
2023-12-20 00:00:00-05:00,14.310963762290678,14.489345040771651,14.262315025666526,14.286640167236328,22700,0.0,0.0
2023-12-21 00:00:00-05:00,14.400153160095215,14.489343791646585,14.286638935586431,14.400153160095215,26400,0.0,0.0
2023-12-22 00:00:00-05:00,14.448802761675438,14.48934466323541,14.286639794981792,14.319071769714355,34100,0.0,0.0
2023-12-26 00:00:00-05:00,14.392045929127914,14.54610206505558,14.31096367092833,14.497451782226562,25100,0.0,0.0
2023-12-27 00:00:00-05:00,14.578535170744145,14.959621349874322,14.432587403972208,14.878539085388184,49900,0.0,0.0
2023-12-28 00:00:00-05:00,14.87853490327561,15.060688268109748,14.605306435242781,15.011009216308594,41200,0.38,0.0
2023-12-29 00:00:00-05:00,15.052411869887212,15.408437259823005,15.052411869887212,15.259403228759766,46500,0.0,0.0
2024-01-02 00:00:00-05:00,15.12692873856802,15.151766690691607,14.67982664971873,14.696386337280273,48100,0.0,0.0
2024-01-03 00:00:00-05:00,14.654987599442405,14.654987599442405,14.009174045903997,14.125088691711426,75300,0.0,0.0
2024-01-04 00:00:00-05:00,14.133369648967046,14.39003849029541,14.133369648967046,14.39003849029541,33100,0.0,0.0
2024-01-05 00:00:00-05:00,14.423154591375834,14.820577528869704,14.414874749442413,14.654985427856445,54000,0.0,0.0
2024-01-08 00:00:00-05:00,14.795740668854783,14.895095620915475,14.671544609951184,14.812298774719238,41000,0.0,0.0
2024-01-09 00:00:00-05:00,14.754342335809449,14.8454190299772,14.49767351859502,14.646707534790039,27000,0.0,0.0
2024-01-10 00:00:00-05:00,14.762621472972922,14.861978005425083,14.505952668031059,14.597027778625488,26300,0.0,0.0
2024-01-11 00:00:00-05:00,14.514233443226605,14.762622421488524,14.514233443226605,14.721224784851074,14400,0.0,0.0
2024-01-12 00:00:00-05:00,14.779185206121083,14.895099876381039,14.696388336270138,14.795744895935059,17100,0.0,0.0
2024-01-16 00:00:00-05:00,14.671544817468796,14.804019141569125,14.671544817468796,14.712944030761719,44200,0.0,0.0
2024-01-17 00:00:00-05:00,14.630147458365897,15.102087444245678,14.630147458365897,14.961333274841309,56200,0.0,0.0
2024-01-18 00:00:00-05:00,15.05241064964775,15.193164825439453,15.019291276888003,15.193164825439453,54700,0.0,0.0
2024-01-19 00:00:00-05:00,15.325637775354927,15.474671780890647,15.251120772587067,15.333917617797852,118500,0.0,0.0
2024-01-22 00:00:00-05:00,15.524352204470228,15.590589377373883,15.358758482601703,15.499512672424316,81400,0.0,0.0
2024-01-23 00:00:00-05:00,15.482954535409364,15.930055056889927,15.37531814262526,15.623708724975586,66900,0.0,0.0
2024-01-24 00:00:00-05:00,15.797578109436339,15.797578109436339,15.565747253269382,15.689943313598633,80400,0.0,0.0
2024-01-25 00:00:00-05:00,15.656826828639124,15.781021332639178,15.524352480476562,15.565750122070312,40100,0.0,0.0
2024-01-26 00:00:00-05:00,15.565746974744725,15.62370587216326,15.151764325637487,15.317358016967773,60000,0.0,0.0
2024-01-29 00:00:00-05:00,15.126927187832374,15.234561987510777,14.82057931622397,14.861978530883789,60200,0.0,0.0
2024-01-30 00:00:00-05:00,14.953051838518856,14.977891364314381,14.373477116255307,14.530789375305176,62300,0.0,0.0
2024-01-31 00:00:00-05:00,14.530791172072133,14.994452902277898,14.373478893570224,14.85369873046875,61700,0.0,0.0
2024-02-01 00:00:00-05:00,14.853698184910948,15.102087147583573,14.812298971653169,15.077247619628906,24000,0.0,0.0
2024-02-02 00:00:00-05:00,15.184883740490568,15.242841058861996,15.085527209554916,15.12692642211914,17900,0.0,0.0
2024-02-05 00:00:00-05:00,15.251122388859686,15.275961918820888,15.126927897490946,15.267682075500488,29500,0.0,0.0
2024-02-06 00:00:00-05:00,15.309081269907697,15.648546984476614,15.160047233420114,15.565750122070312,39800,0.0,0.0
2024-02-07 00:00:00-05:00,15.565746390007437,15.847254707162795,15.424992231429759,15.673382759094238,36200,0.0,0.0
2024-02-08 00:00:00-05:00,15.731340666075011,15.79757782676343,15.242841013790994,15.317358016967773,37300,0.0,0.0
2024-02-09 00:00:00-05:00,15.466395643459776,15.466395643459776,15.19316709426456,15.242844581604004,25600,0.0,0.0
2024-02-12 00:00:00-05:00,15.358758644831969,15.49123299203857,15.052412309123751,15.11864948272705,34000,0.0,0.0
2024-02-13 00:00:00-05:00,15.118647044278866,15.135206729813518,14.919935555518636,14.977892875671387,18300,0.0,0.0
2024-02-14 00:00:00-05:00,15.184886317323022,15.30908081765418,14.944775581359863,14.944775581359863,35200,0.0,0.0
2024-02-15 00:00:00-05:00,14.944772059792102,15.160043213275298,14.919934113109905,15.011009216308594,46000,0.0,0.0
2024-02-16 00:00:00-05:00,15.110368206903441,15.259402228194459,14.961334185612426,14.969614028930664,22800,0.0,0.0
2024-02-20 00:00:00-05:00,15.060690639979587,15.060690639979587,14.82885976605222,14.986173629760742,39000,0.0,0.0
2024-02-21 00:00:00-05:00,14.870258897300586,15.275963362241935,14.870258897300586,15.11864948272705,30900,0.0,0.0
2024-02-22 00:00:00-05:00,15.085527906486604,15.234561920166016,14.911655943339662,15.234561920166016,27400,0.0,0.0
2024-02-23 00:00:00-05:00,15.400153953752024,15.598865424089796,15.300797428973945,15.491229057312012,60200,0.0,0.0
2024-02-26 00:00:00-05:00,15.540912168801581,15.772741488476667,15.46639515055779,15.565750122070312,40600,0.0,0.0
2024-02-27 00:00:00-05:00,15.424993100614694,15.590586795055406,15.38359546661377,15.38359546661377,23800,0.0,0.0
2024-02-28 00:00:00-05:00,15.516071583579746,15.598868440368449,15.333919762019558,15.40843677520752,55000,0.0,0.0
2024-02-29 00:00:00-05:00,15.408434452335568,15.739620250344336,15.408434452335568,15.549188613891602,14500,0.0,0.0
2024-03-01 00:00:00-05:00,15.631984415143013,15.814137794709373,15.574027095905901,15.689943313598633,41600,0.0,0.0
2024-03-04 00:00:00-05:00,15.565749116848888,15.689945192047274,15.019292071163298,15.102088928222656,82400,0.0,0.0
2024-03-05 00:00:00-05:00,15.102089353835376,15.350479932013688,15.102089353835376,15.259403228759766,32400,0.0,0.0
2024-03-06 00:00:00-05:00,15.201443672180176,15.45811247736922,15.151764616296997,15.201443672180176,46300,0.0,0.0
2024-03-07 00:00:00-05:00,15.449832628546353,15.449832628546353,15.23456145746083,15.38359546661377,21800,0.0,0.0
2024-03-08 00:00:00-05:00,15.40843512164175,15.499510233038716,15.267680953971686,15.358756065368652,22300,0.0,0.0
2024-03-11 00:00:00-04:00,15.350477302683704,15.358755565908158,15.234561087701215,15.333917617797852,25300,0.0,0.0
2024-03-12 00:00:00-04:00,15.259403674036413,15.317361003536952,15.077250262213246,15.11864948272705,33100,0.0,0.0
2024-03-13 00:00:00-04:00,15.333917701944499,15.391875020144555,15.23456117130263,15.317358016967773,30700,0.0,0.0
2024-03-14 00:00:00-04:00,15.30080227504202,15.367039452799908,15.24284494190623,15.292522430419922,11200,0.0,0.0
2024-03-15 00:00:00-04:00,15.383595051095645,15.449832211239132,15.292518363691427,15.34219741821289,15300,0.0,0.0
2024-03-18 00:00:00-04:00,15.342196798387764,15.516068744533062,15.176603115109803,15.400154113769531,48700,0.0,0.0
2024-03-19 00:00:00-04:00,15.474673944794743,15.549190957982704,15.325639918418819,15.40843677520752,13400,0.0,0.0
2024-03-20 00:00:00-04:00,15.474673158816785,15.491231265958564,15.309079453650094,15.375316619873047,26600,0.0,0.0
2024-03-21 00:00:00-04:00,15.400157826927124,15.424995779954656,15.24284394780469,15.300801277160645,20500,0.0,0.0
2024-03-22 00:00:00-04:00,15.317359552203488,15.317359552203488,14.969614028930664,14.969614028930664,31100,0.0,0.0
2024-03-25 00:00:00-04:00,14.986173517743264,15.209724546728818,14.83713949841956,14.88681697845459,42500,0.0,0.0
2024-03-26 00:00:00-04:00,14.911655764325124,15.019290562235566,14.704664432081662,14.787461280822754,58900,0.0,0.0
2024-03-27 00:00:00-04:00,14.787462036995997,15.00273322304355,14.696385340801635,14.704665184020996,47900,0.0,0.0
2024-03-28 00:00:00-04:00,14.770902317746742,14.770902317746742,14.174767820244444,14.232725143432617,137000,0.0,0.0
2024-04-01 00:00:00-04:00,14.257561976156909,14.597027624692657,14.125087653763373,14.141647338867188,57600,0.0,0.0
2024-04-02 00:00:00-04:00,14.075412040230152,14.671546569885873,14.075412040230152,14.621869087219238,58300,0.0,0.0
2024-04-03 00:00:00-04:00,14.65498896514442,14.80402141826294,14.530792885384189,14.588751792907715,24700,0.0,0.0
2024-04-04 00:00:00-04:00,14.597028750400055,14.679825603085844,14.406597094675769,14.414876937866211,16300,0.0,0.0
2024-04-05 00:00:00-04:00,14.290682266969363,14.497673606445943,14.091970770578076,14.149928092956543,39100,0.0,0.0
2024-04-08 00:00:00-04:00,14.149927181419095,14.332078979905585,14.125087653763373,14.141647338867188,44400,0.0,0.0
2024-04-09 00:00:00-04:00,14.166487280898412,14.282401921578684,14.067130746587795,14.183045387268066,42400,0.0,0.0
2024-04-10 00:00:00-04:00,14.075412267071437,14.224446296691895,14.075412267071437,14.224446296691895,23600,0.0,0.0
2024-04-11 00:00:00-04:00,14.22444512820228,14.365199302479269,14.158207962614203,14.323800086975098,13100,0.0,0.0
2024-04-12 00:00:00-04:00,14.34035774852794,14.547349059168859,14.207883436055221,14.530789375305176,22800,0.0,0.0
2024-04-15 00:00:00-04:00,14.605307590213563,14.605307590213563,14.2244443049301,14.24100399017334,39000,0.0,0.0
2024-04-16 00:00:00-04:00,14.125089897081892,14.547352458981118,14.125089897081892,14.315523147583008,19200,0.0,0.0
2024-04-17 00:00:00-04:00,14.406595726188293,14.423155410996163,14.166486613348027,14.373477935791016,22100,0.0,0.0
2024-04-18 00:00:00-04:00,14.398315553643055,14.563909239487907,14.340358237362885,14.497672080993652,15900,0.0,0.0
2024-04-19 00:00:00-04:00,14.563911567355722,14.563911567355722,14.381759747186328,14.539072036743164,27000,0.0,0.0
2024-04-22 00:00:00-04:00,14.390038739927371,14.580471992492674,14.390038739927371,14.580471992492676,31600,0.0,0.0
2024-04-23 00:00:00-04:00,14.63842702605297,14.762621507494714,14.514232544611225,14.712944030761719,20900,0.0,0.0
2024-04-24 00:00:00-04:00,14.804021340202421,14.804021340202421,14.671546996427539,14.779183387756348,26100,0.0,0.0
2024-04-25 00:00:00-04:00,14.762620214554145,14.787459740354402,14.580468429674047,14.654985427856445,24300,0.0,0.0
2024-04-26 00:00:00-04:00,14.572191667395845,14.770903178138038,14.572191667395845,14.72950553894043,18000,0.0,0.0
2024-04-29 00:00:00-04:00,14.795743128493724,14.986174800949417,14.61358972073719,14.944775581359863,21100,0.0,0.0
2024-04-30 00:00:00-04:00,14.928213955076764,15.04412858417603,14.911654271143046,15.011009216308594,14300,0.0,0.0
2024-05-01 00:00:00-04:00,15.126929049420566,15.126929049420566,14.903378000402034,15.052412033081055,36100,0.0,0.0
2024-05-02 00:00:00-04:00,15.085529709087456,15.284241224664934,14.994454584792829,15.251123428344727,32100,0.0,0.0
2024-05-03 00:00:00-04:00,15.259401102475243,15.565747386557042,15.209723625449266,15.482952117919922,24200,0.0,0.0
2024-05-06 00:00:00-04:00,15.524348543802272,15.540908227928078,15.2842378616333,15.2842378616333,28600,0.0,0.0
2024-05-07 00:00:00-04:00,15.284240035089177,15.524350751402473,15.234562554865903,15.4746732711792,17900,0.0,0.0
2024-05-08 00:00:00-04:00,15.391876021277545,15.466393029301132,15.284239641146328,15.30907917022705,24400,0.0,0.0
2024-05-09 00:00:00-04:00,15.441552204087284,15.499509521192234,15.309077885213556,15.433272361755371,20000,0.0,0.0
2024-05-10 00:00:00-04:00,15.482951496070935,15.540908813476562,15.317357807010465,15.540908813476562,18500,0.0,0.0
2024-05-13 00:00:00-04:00,15.466391731083027,15.565746680629099,15.433272361755371,15.433272361755371,16000,0.0,0.0
2024-05-14 00:00:00-04:00,15.44155249585625,15.54918886898648,15.317358016967773,15.317358016967773,23700,0.0,0.0
2024-05-15 00:00:00-04:00,15.309078316241802,15.309078316241802,14.787460868392625,14.8040189743042,40900,0.0,0.0
2024-05-16 00:00:00-04:00,14.654986677100046,14.828858634868194,14.505952668031059,14.597027778625488,44900,0.0,0.0
2024-05-17 00:00:00-04:00,14.563912261111918,14.779183465685898,14.563912261111918,14.588751792907715,26900,0.0,0.0
2024-05-20 00:00:00-04:00,14.613588402843929,14.770902264659737,14.597028716501505,14.721224784851074,21300,0.0,0.0
2024-05-21 00:00:00-04:00,14.779179898420983,14.779179898420983,14.60530637625593,14.654985427856445,32800,0.0,0.0
2024-05-22 00:00:00-04:00,14.804023161623107,14.83714254125106,14.712948026084115,14.795744895935059,21700,0.0,0.0
2024-05-23 00:00:00-04:00,14.886817174966918,15.035851196257934,14.820580007639649,14.969614028930664,20600,0.0,0.0
2024-05-24 00:00:00-04:00,14.95305298203782,14.986172352297954,14.762621340697525,14.8040189743042,41300,0.0,0.0
2024-05-28 00:00:00-04:00,14.770903114437843,14.812300753456922,14.547352073609936,14.621869087219238,41100,0.0,0.0
2024-05-29 00:00:00-04:00,14.621869953447492,14.770903989495165,14.547352935423655,14.638429641723633,24100,0.0,0.0
2024-05-30 00:00:00-04:00,14.613589509991284,14.737784008531406,14.456275636257143,14.51423454284668,32200,0.0,0.0
2024-05-31 00:00:00-04:00,14.480362314249545,14.751339590163834,14.480362314249545,14.675127029418945,24800,0.39,0.0
2024-06-03 00:00:00-04:00,14.565039892072061,14.768272804012167,14.47189086841766,14.666655540466309,53300,0.0,0.0
2024-06-04 00:00:00-04:00,14.768274847073577,14.802146196173593,14.649721087343934,14.7174654006958,10000,0.0,0.0
2024-06-05 00:00:00-04:00,14.69206110962181,14.937633620066356,14.683592869240728,14.802145004272461,31100,0.0,0.0
2024-06-06 00:00:00-04:00,14.878359448262918,14.878359448262918,14.497298273471921,14.573509216308594,45400,0.0,0.0
2024-06-07 00:00:00-04:00,14.573508708501071,14.573508708501071,14.421085212986947,14.514232635498047,27200,0.0,0.0
2024-06-10 00:00:00-04:00,14.514231602747806,14.759805733603077,14.463423774524962,14.692061424255371,29500,0.0,0.0
2024-06-11 00:00:00-04:00,14.759806547824807,14.895295173994421,14.641254403714353,14.785209655761719,19800,0.0,0.0
2024-06-12 00:00:00-04:00,14.903762872937676,15.005378531292964,14.827550321595327,14.836018562316895,24100,0.0,0.0
2024-06-13 00:00:00-04:00,15.05618838873167,15.665887201047516,14.979975835298212,15.555803298950195,91100,0.0,0.0
2024-06-14 00:00:00-04:00,15.750570343536216,15.877590746477626,15.530400891366813,15.640484809875488,88000,0.0,0.0
2024-06-17 00:00:00-04:00,15.64048262601793,15.64048262601793,15.166272434178977,15.310229301452637,44100,0.0,0.0
2024-06-18 00:00:00-04:00,15.403379891235772,15.454187727412105,15.157805721938187,15.344103813171387,18000,0.0,0.0
2024-06-20 00:00:00-04:00,15.428781478242753,15.640482659083826,15.344102298027789,15.538866996765137,24000,0.0,0.0
2024-06-21 00:00:00-04:00,15.538866969650762,15.538866969650762,15.344102271253266,15.496525764465332,14300,0.0,0.0
2024-06-24 00:00:00-04:00,15.41184873064177,15.640484809875488,15.394912246209035,15.640484809875488,17400,0.0,0.0
2024-06-25 00:00:00-04:00,15.538868377503352,15.640484048851311,15.344103661459783,15.437251091003418,19400,0.0,0.0
2024-06-26 00:00:00-04:00,15.369506027260147,15.488059791626284,15.327166435441317,15.462655067443848,14900,0.0,0.0
2024-06-27 00:00:00-04:00,15.46265184213141,15.826778070368073,15.352566342121852,15.750565528869629,32200,0.0,0.0
2024-06-28 00:00:00-04:00,15.750567257289207,15.76750373840332,15.496524886032699,15.76750373840332,41400,0.0,0.0
2024-07-01 00:00:00-04:00,15.775970513867554,15.826779957693189,15.530397995983988,15.708226203918457,28900,0.0,0.0
2024-07-02 00:00:00-04:00,15.7844383953615,15.81831135714121,15.504992921285737,15.742098808288574,17200,0.0,0.0
2024-07-03 00:00:00-04:00,15.699758286775763,15.71669315150595,15.59814102263654,15.632012367248535,11900,0.0,0.0
2024-07-05 00:00:00-04:00,15.589673863610928,15.877587580957767,15.589673863610928,15.835247993469238,33200,0.0,0.0
2024-07-08 00:00:00-04:00,15.826781006995997,15.919928429881757,15.74210021015742,15.869120597839355,41000,0.0,0.0
2024-07-09 00:00:00-04:00,15.759035183291417,15.911460279972525,15.682822634950863,15.87758731842041,10200,0.0,0.0
2024-07-10 00:00:00-04:00,15.767504786690475,15.852183967587388,15.615079676833084,15.775971412658691,28200,0.0,0.0
2024-07-11 00:00:00-04:00,15.665886259435938,15.775970154916571,15.665886259435938,15.742098808288574,21900,0.0,0.0
2024-07-12 00:00:00-04:00,15.809842270106317,15.911459534852307,15.767502685300606,15.90299129486084,9400,0.0,0.0
2024-07-15 00:00:00-04:00,15.877589856973383,15.919929450531193,15.784440812963844,15.801377296447754,15200,0.0,0.0
2024-07-16 00:00:00-04:00,15.809842447051219,15.919926337869114,15.792905966878727,15.886054992675781,19300,0.0,0.0
2024-07-17 00:00:00-04:00,15.835248919961318,15.835248919961318,15.428781426591797,15.79290771484375,20900,0.0,0.0
2024-07-18 00:00:00-04:00,15.835246990080723,15.919926159692148,15.69129014052902,15.90299129486084,25100,0.0,0.0
2024-07-19 00:00:00-04:00,15.919928429881757,15.919928429881757,15.665887654517887,15.869120597839355,6600,0.0,0.0
2024-07-22 00:00:00-04:00,15.775970488165132,15.919927348466395,15.691291312230538,15.81831169128418,19800,0.0,0.0
2024-07-23 00:00:00-04:00,15.894523620605469,15.911460101191228,15.75056676592989,15.894523620605469,10200,0.0,0.0
2024-07-24 00:00:00-04:00,15.87758714001971,15.902991860898348,15.67435421844566,15.894523620605469,40300,0.0,0.0
2024-07-25 00:00:00-04:00,15.809843271885084,15.919927168446295,15.682822894267767,15.835247993469238,17800,0.0,0.0
2024-07-26 00:00:00-04:00,15.894523620605469,15.919926726332422,15.775969871656843,15.894523620605469,12200,0.0,0.0
2024-07-29 00:00:00-04:00,15.792906844922756,15.894524116455706,15.733630776175092,15.76750373840332,20400,0.0,0.0
2024-07-30 00:00:00-04:00,15.835249814230671,15.886057648089214,15.759037255866899,15.860652923583984,20300,0.0,0.0
2024-07-31 00:00:00-04:00,15.919926726332422,15.919926726332422,15.759035006222769,15.894523620605469,13800,0.0,0.0
2024-08-01 00:00:00-04:00,15.902993588926117,15.91992845620034,15.792908068308417,15.91146183013916,17500,0.0,0.0
2024-08-02 00:00:00-04:00,15.835248931303969,15.919928111296107,14.590444957536876,14.785209655761719,176900,0.0,0.0
2024-08-05 00:00:00-04:00,14.454955819791452,14.692061714772768,14.31946719841692,14.539636611938477,78100,0.0,0.0
2024-08-06 00:00:00-04:00,14.57350843913122,14.819082582921073,14.565041813274583,14.708998680114746,36000,0.0,0.0
2024-08-07 00:00:00-04:00,14.75133518773784,14.802143008020563,14.632783068694328,14.68359088897705,27700,0.0,0.0
2024-08-08 00:00:00-04:00,14.759808336396738,14.802147931523457,14.675127530991276,14.734403610229492,40500,0.0,0.0
2024-08-09 00:00:00-04:00,14.793677982157549,14.802146223235994,14.675125837362994,14.759806632995605,18400,0.0,0.0
2024-08-12 00:00:00-04:00,14.785208965154647,14.793677205788681,14.658188585947649,14.74286937713623,23900,0.0,0.0
2024-08-13 00:00:00-04:00,14.759805500648795,14.85295453021362,14.632785124520579,14.776741981506348,23500,0.0,0.0
2024-08-14 00:00:00-04:00,14.81908433994537,15.250954991670591,14.81908433994537,15.217082023620605,44400,0.0,0.0
2024-08-15 00:00:00-04:00,15.073121265083842,15.411844397904996,15.01384520138562,15.352566719055176,31900,0.0,0.0
2024-08-16 00:00:00-04:00,15.411844592205219,15.521928481153823,15.37797163243542,15.488057136535645,22300,0.0,0.0
2024-08-19 00:00:00-04:00,15.377973498973867,15.648950749416292,15.327165668303866,15.445717811584473,31600,0.0,0.0
2024-08-20 00:00:00-04:00,15.488059874958909,15.62354850769043,15.403379075713733,15.62354850769043,10400,0.0,0.0
2024-08-21 00:00:00-04:00,15.49652491050292,15.716694319878863,15.49652491050292,15.657418251037598,17000,0.0,0.0
2024-08-22 00:00:00-04:00,15.750568776448437,15.784440126791857,15.632015012366734,15.759037017822266,23000,0.0,0.0
2024-08-23 00:00:00-04:00,15.699761678966647,15.919929504394531,15.40337967760331,15.919929504394531,33800,0.0,0.0
2024-08-26 00:00:00-04:00,15.764188203816719,16.0064485598993,15.703623527361989,15.720928192138672,33600,0.4,0.0
2024-08-27 00:00:00-04:00,15.720930886525558,15.78149557336038,15.573844511242157,15.617104530334473,34200,0.0,0.0
2024-08-28 00:00:00-04:00,15.694972829301516,15.712277495880146,15.573843463778775,15.608452796936035,7600,0.0,0.0
2024-08-29 00:00:00-04:00,15.573841380335539,15.772840068576558,15.573841380335539,15.686318397521973,13100,0.0,0.0
2024-08-30 00:00:00-04:00,15.599799961290316,15.6949723238803,15.573842962258258,15.625755310058594,27900,0.0,0.0
2024-09-03 00:00:00-04:00,15.677669062029265,15.781493756000193,15.591147383544323,15.643059730529785,16800,0.0,0.0
2024-09-04 00:00:00-04:00,15.582494697647643,15.712276387302973,15.573842364968792,15.634407043457031,21500,0.0,0.0
2024-09-05 00:00:00-04:00,15.6517111832956,15.781492868593402,15.599798839229212,15.720928192138672,16300,0.0,0.0
2024-09-06 00:00:00-04:00,15.790147224252419,15.790147224252419,15.660365522325037,15.74688720703125,16400,0.0,0.0
2024-09-09 00:00:00-04:00,15.790147902827265,16.023755966494083,15.746887883747014,15.945886611938477,38800,0.0,0.0
2024-09-10 00:00:00-04:00,16.0064506100998,16.0756676278086,15.919928925397839,16.05836296081543,16800,0.0,0.0
2024-09-11 00:00:00-04:00,16.032405888314685,16.22275225400002,16.032405888314685,16.162187576293945,25400,0.0,0.0
2024-09-12 00:00:00-04:00,16.179492940235413,16.430403994463905,16.162188274353788,16.361186981201172,47300,0.0,0.0
2024-09-13 00:00:00-04:00,16.48231532160419,16.91492204028423,16.35253363605291,16.664011001586914,93300,0.0,0.0
2024-09-16 00:00:00-04:00,16.715924088332947,16.811098098754883,16.59479472980593,16.811098098754883,33800,0.0,0.0
2024-09-17 00:00:00-04:00,16.828406476320065,16.871666499546595,16.629406078791362,16.655363082885742,27800,0.0,0.0
2024-09-18 00:00:00-04:00,16.75053379390769,16.776489142592936,16.170840686156353,16.257362365722656,29500,0.0,0.0
2024-09-19 00:00:00-04:00,16.170842387821263,16.42175346967688,16.170842387821263,16.33523178100586,12000,0.0,0.0
2024-09-20 00:00:00-04:00,16.42175359018032,16.698621675748097,16.41310125622333,16.490970611572266,26200,0.0,0.0
2024-09-23 00:00:00-04:00,16.43905708536888,16.689969801430102,16.43905708536888,16.6380558013916,16600,0.0,0.0
2024-09-24 00:00:00-04:00,16.69861849517624,16.69861849517624,16.48231513824254,16.560184478759766,18500,0.0,0.0
2024-09-25 00:00:00-04:00,16.53422924419362,16.76783561706543,16.53422924419362,16.76783561706543,24900,0.0,0.0
2024-09-26 00:00:00-04:00,16.776487949433076,16.776487949433076,16.603446252871134,16.76783561706543,22800,0.0,0.0
2024-09-27 00:00:00-04:00,16.655362544915615,16.91492597641907,16.64671021049696,16.871665954589844,17900,0.0,0.0
2024-09-30 00:00:00-04:00,16.854360868969092,17.26966300921043,16.845708534764395,17.24370765686035,62800,0.0,0.0
2024-10-01 00:00:00-04:00,17.243704932009535,17.286964945933054,17.070661575787955,17.200443267822266,23800,0.0,0.0
2024-10-02 00:00:00-04:00,17.191792802546214,17.295617497380466,17.053357125660927,17.252357482910156,19900,0.0,0.0
2024-10-03 00:00:00-04:00,17.25236134944285,17.53788179962244,17.001448588542893,17.460012435913086,15500,0.0,0.0
2024-10-04 00:00:00-04:00,17.46000920368642,17.71957260115736,17.16583647307864,17.6330509185791,25200,0.0,0.0
2024-10-07 00:00:00-04:00,17.633051100851446,17.633051100851446,16.61210051671873,16.715925216674805,70900,0.0,0.0
2024-10-08 00:00:00-04:00,16.638056866222456,17.157185347984633,16.24871174259879,16.33523178100586,43600,0.0,0.0
2024-10-09 00:00:00-04:00,16.240055213523164,16.46501088585098,16.240055213523164,16.44770622253418,14300,0.0,0.0
2024-10-10 00:00:00-04:00,16.542881389364727,16.63805374380456,16.317925701142467,16.482315063476562,12100,0.0,0.0
2024-10-11 00:00:00-04:00,16.56018773891396,16.59479707496334,16.482318383066833,16.51692771911621,4700,0.0,0.0
2024-10-14 00:00:00-04:00,16.62940346805185,16.655360468071102,16.482317101803787,16.6380558013916,17000,0.0,0.0
2024-10-15 00:00:00-04:00,16.655359409069437,17.235052503863184,16.612099395385144,16.811098098754883,40800,0.0,0.0
2024-10-16 00:00:00-04:00,16.854357474812982,17.22639951937246,16.828402127689834,17.053356170654297,8400,0.0,0.0
2024-10-17 00:00:00-04:00,17.261012325269743,17.261012325269743,17.0014472499209,17.24370765686035,14400,0.0,0.0
2024-10-18 00:00:00-04:00,17.252357771159478,17.252357771159478,16.94953271401645,16.984140396118164,12300,0.0,0.0
2024-10-21 00:00:00-04:00,17.062008238396245,17.338877922102355,16.74188019357727,17.32157325744629,34000,0.0,0.0
2024-10-22 00:00:00-04:00,17.38213789749567,17.434050241092752,17.09661753231624,17.373485565185547,22000,0.0,0.0
2024-10-23 00:00:00-04:00,17.304270323638733,17.46000902059369,17.139879293490296,17.217748641967773,18200,0.0,0.0
2024-10-24 00:00:00-04:00,17.148530360926607,17.40809538678062,16.966836328066126,17.157182693481445,19200,0.0,0.0
2024-10-25 00:00:00-04:00,17.11392331809765,17.174487997972548,16.966836959717007,17.09661865234375,10500,0.0,0.0
2024-10-28 00:00:00-04:00,16.975486611298983,17.286962294352524,16.975486611298983,17.001441955566406,17300,0.0,0.0
2024-10-29 00:00:00-04:00,17.03605439466643,17.30427011944395,16.95818504710783,16.984140396118164,26400,0.0,0.0
2024-10-30 00:00:00-04:00,16.984139905694395,17.278312621251693,16.975489223116607,17.018749237060547,11600,0.0,0.0
2024-10-31 00:00:00-04:00,17.096619237041335,17.27831328287989,16.785141843873742,17.26966094970703,18600,0.0,0.0
2024-11-01 00:00:00-04:00,17.304267805161892,17.390789474240417,17.1139214534,17.226398468017578,18400,0.0,0.0
2024-11-04 00:00:00-05:00,17.447136554658023,17.491283493247074,16.988000983301763,17.093955993652344,28900,0.4,0.0
2024-11-05 00:00:00-05:00,17.164594001451196,17.420649304921504,17.049809253886828,17.305866241455078,23400,0.0,0.0
2024-11-06 00:00:00-05:00,17.561921483514656,17.561921483514656,17.244059786666394,17.358842849731445,26800,0.0,0.0
2024-11-07 00:00:00-05:00,17.261716348240142,17.41181830275083,17.049808003771727,17.164592742919922,18800,0.0,0.0
2024-11-08 00:00:00-05:00,17.120444065436168,17.164592689624477,16.935024896138703,17.005661010742188,15700,0.0,0.0
2024-11-11 00:00:00-05:00,16.979173642082344,17.00566281941264,16.74077609840367,16.899707794189453,42900,0.0,0.0
2024-11-12 00:00:00-05:00,16.89970535881395,17.005660368768215,16.4405714732728,16.723115921020508,65000,0.0,0.0
2024-11-13 00:00:00-05:00,16.64365316133816,16.996833786312045,16.422915060217225,16.917367935180664,19600,0.0,0.0
2024-11-14 00:00:00-05:00,17.12927689253843,17.65904869005985,16.873221562263584,17.650218963623047,59900,0.0,0.0
2024-11-15 00:00:00-05:00,17.906273449599414,18.003397058494002,17.535433412107484,17.73851203918457,103400,0.0,0.0
2024-11-18 00:00:00-05:00,17.694366437620936,17.88861535422169,17.464798617584762,17.614900588989258,69900,0.0,0.0
2024-11-19 00:00:00-05:00,17.508945384582354,17.729683476513095,17.341183963167556,17.48245620727539,18100,0.0,0.0
2024-11-20 00:00:00-05:00,17.526604898706733,17.650217691718005,17.297037080187234,17.429479598999023,32500,0.0,0.0
2024-11-21 00:00:00-05:00,17.30586616005544,17.30586616005544,17.076298350104437,17.279376983642578,37100,0.0,0.0
2024-11-22 00:00:00-05:00,17.252893369344154,17.500119001709233,17.076302188427682,17.14693832397461,34300,0.0,0.0
2024-11-25 00:00:00-05:00,17.146936350364335,17.341185279735775,17.040981317190205,17.199913024902344,18100,0.0,0.0
2024-11-26 00:00:00-05:00,17.146934571376114,17.87978494882837,17.146934571376114,17.676706314086914,51500,0.0,0.0
2024-11-27 00:00:00-05:00,17.67670811816212,17.773831740634627,17.376504156123946,17.491287231445312,25800,0.0,0.0
2024-11-29 00:00:00-05:00,17.305868094496148,17.55309369892587,17.305868094496148,17.438310623168945,20000,0.0,0.0
2024-12-02 00:00:00-05:00,17.358841547467417,17.64138600529063,17.314694607469217,17.561920166015625,8100,0.0,0.0
2024-12-03 00:00:00-05:00,17.55309300561936,17.756173337934445,17.420650482177734,17.420650482177734,22100,0.0,0.0
2024-12-04 00:00:00-05:00,17.59724111975283,17.685536694155456,17.39416247749539,17.53543472290039,13000,0.0,0.0
2024-12-05 00:00:00-05:00,17.526606137143034,17.65904866531326,17.411821377723555,17.491287231445312,18500,0.0,0.0
2024-12-06 00:00:00-05:00,17.482458201310376,17.632560188307707,17.394164301745743,17.58841323852539,8500,0.0,0.0
2024-12-09 00:00:00-05:00,17.482456269704137,17.60607074681341,17.411820147397986,17.429479598999023,18700,0.0,0.0
2024-12-10 00:00:00-05:00,17.61489981754633,17.61489981754633,17.45596812724338,17.570751190185547,18800,0.0,0.0
2024-12-11 00:00:00-05:00,17.420651128560493,17.915105704432815,17.420651128560493,17.650218963623047,13400,0.0,0.0
2024-12-12 00:00:00-05:00,17.491285345034072,17.747342331432815,17.464797852715535,17.570751190185547,11600,0.0,0.0
2024-12-13 00:00:00-05:00,17.659046173095703,17.659046173095703,17.411818920397128,17.659046173095703,28700,0.0,0.0
2024-12-16 00:00:00-05:00,17.6590486487995,18.10052486501949,17.650218922383328,17.86212730407715,25100,0.0,0.0
2024-12-17 00:00:00-05:00,17.694366294176763,18.25945527177829,17.56192209146566,17.641387939453125,35400,0.0,0.0
2024-12-18 00:00:00-05:00,17.65904869005985,18.100524907311346,17.570753109789926,17.650218963623047,53400,0.0,0.0
2024-12-19 00:00:00-05:00,17.650217115952298,17.897444378008064,17.305866241455078,17.305866241455078,58700,0.0,0.0
2024-12-20 00:00:00-05:00,17.217571249763505,17.72085383222399,17.217571249763505,17.50894546508789,27200,0.0,0.0
2024-12-23 00:00:00-05:00,17.402991764639488,18.056378051517726,17.22640228729515,17.756174087524414,53400,0.0,0.0
2024-12-24 00:00:00-05:00,17.862128077886283,18.18882123304499,17.76500445129709,17.985742568969727,25800,0.0,0.0
2024-12-26 00:00:00-05:00,17.985741916579233,18.347752281703432,17.985741916579233,18.206480026245117,17700,0.0,0.0
2024-12-27 00:00:00-05:00,18.250624276320607,18.524339020292146,18.0122267489432,18.374237060546875,72100,0.0,0.0
2024-12-30 00:00:00-05:00,18.491847350525877,18.546128218252417,18.220439560777823,18.410425186157227,49100,0.5,0.0
2024-12-31 00:00:00-05:00,18.491849356374505,18.564224429713125,18.093785590233175,18.43756675720215,42700,0.0,0.0
2025-01-02 00:00:00-05:00,18.491848442554563,18.844676691949722,18.093784696084526,18.1480655670166,80700,0.0,0.0
2025-01-03 00:00:00-05:00,18.22948664269578,18.437564740085296,18.09378361072686,18.16615867614746,20000,0.0,0.0
2025-01-06 00:00:00-05:00,18.365190593733367,18.410426090358552,18.102831615538307,18.211393356323242,30300,0.0,0.0
2025-01-07 00:00:00-05:00,18.446614313812884,18.50089691432931,18.18425531354843,18.40138053894043,31700,0.0,0.0
2025-01-08 00:00:00-05:00,18.446612763493935,18.455659862819658,18.238534655675632,18.274723052978516,23800,0.0,0.0
2025-01-10 00:00:00-05:00,18.265677589554212,18.437567315464335,18.09378613808618,18.247583389282227,45800,0.0,0.0
2025-01-13 00:00:00-05:00,18.184255329212256,18.211394903935943,17.9490359034455,18.157114028930664,38500,0.0,0.0
2025-01-14 00:00:00-05:00,18.157112029621047,18.32900346136141,18.06664276420203,18.129972457885742,41700,0.0,0.0
2025-01-15 00:00:00-05:00,18.220443092165397,18.36519325119598,18.111881335671463,18.202350616455078,24800,0.0,0.0
2025-01-16 00:00:00-05:00,18.274726329880288,18.926102068112705,18.08474066108871,18.79944610595703,60300,0.0,0.0
2025-01-17 00:00:00-05:00,19.061803159229903,19.550336206532926,18.97133388466736,19.468914031982422,116400,0.0,0.0
2025-01-21 00:00:00-05:00,19.541286231606698,19.541286231606698,18.862769360547837,18.935144424438477,67500,0.0,0.0
2025-01-22 00:00:00-05:00,19.107037775288028,19.107037775288028,18.58231807777129,18.690879821777344,30600,0.0,0.0
2025-01-23 00:00:00-05:00,18.645645326608747,19.007520668531267,18.500895189839742,18.763254165649414,23300,0.0,0.0
2025-01-24 00:00:00-05:00,18.727069564544113,19.052756545500735,18.654694488158427,18.944194793701172,15700,0.0,0.0
2025-01-27 00:00:00-05:00,18.82658377671328,19.052756100834735,18.64564695275086,18.736114501953125,24500,0.0,0.0
2025-01-28 00:00:00-05:00,18.754209139715037,18.998475669600953,18.58231941177274,18.944194793701172,19000,0.0,0.0
2025-01-29 00:00:00-05:00,18.980380287521694,19.170365929680575,18.790396370920636,18.87181854248047,20500,0.0,0.0
2025-01-30 00:00:00-05:00,19.08894467370023,19.18845932383482,18.790397272180638,18.91705322265625,21800,0.0,0.0
2025-01-31 00:00:00-05:00,18.92609941500108,19.02561578592039,18.690880000001325,18.87181854248047,33300,0.0,0.0
2025-02-03 00:00:00-05:00,18.772303590617575,19.28797623243924,18.63660053627892,19.152273178100586,27600,0.0,0.0
2025-02-04 00:00:00-05:00,19.26083619754526,19.26083619754526,18.953241694749366,19.188459396362305,22700,0.0,0.0
2025-02-05 00:00:00-05:00,19.21559960512705,19.297021776274192,18.998474390587276,19.206552505493164,26800,0.0,0.0
2025-02-06 00:00:00-05:00,19.0708510003858,19.260836656906285,19.0708510003858,19.152273178100586,18900,0.0,0.0
2025-02-07 00:00:00-05:00,18.998476028442383,19.179414585603116,18.998476028442383,18.998476028442383,20000,0.0,0.0
2025-02-10 00:00:00-05:00,19.043708073967466,19.27892748667286,19.007521401159302,19.1160831451416,46100,0.0,0.0
2025-02-11 00:00:00-05:00,19.21559960512705,19.287974676640307,18.998474390587276,19.206552505493164,17200,0.0,0.0
2025-02-12 00:00:00-05:00,19.161320278464224,19.29702333280288,19.007523023398292,19.152273178100586,15100,0.0,0.0
2025-02-13 00:00:00-05:00,19.161318461028866,19.649849755422828,19.116082963501228,19.423677444458008,51500,0.0,0.0
2025-02-14 00:00:00-05:00,19.459866873912627,20.871181685980932,19.43272557395747,20.563587188720703,241500,0.0,0.0
2025-02-18 00:00:00-05:00,20.545491547710657,21.47732207411875,20.17456910212907,21.196868896484375,162500,0.0,0.0
2025-02-19 00:00:00-05:00,21.23305557543584,21.703494388472603,20.90736862649773,21.622072219848633,163200,0.0,0.0
2025-02-20 00:00:00-05:00,21.45018321103882,22.734842130158796,21.169730001568094,22.617233276367188,151000,0.0,0.0
2025-02-21 00:00:00-05:00,22.418201152607754,22.834357396351564,20.934509548578387,20.961650848388672,190900,0.0,0.0
2025-02-24 00:00:00-05:00,20.635961934502433,20.726431207354725,19.586522510754687,19.595569610595703,171900,0.0,0.0
2025-02-25 00:00:00-05:00,19.64080106422796,19.758411622710877,19.043706349713975,19.052753448486328,85100,0.0,0.0
2025-02-26 00:00:00-05:00,19.007521401159302,19.233693714273205,19.007521401159302,19.1160831451416,58300,0.0,0.0
2025-02-27 00:00:00-05:00,19.324161315103318,19.324161315103318,18.86276962914634,18.898956298828125,64300,0.0,0.0
2025-02-28 00:00:00-05:00,18.898957210262843,19.287973850059586,18.898957210262843,19.00752067565918,30000,0.0,0.0
2025-03-03 00:00:00-05:00,19.170364185193574,19.224645052774672,18.917050593885666,18.989425659179688,32200,0.0,0.0
2025-03-04 00:00:00-05:00,18.91705140875519,19.369396017717403,18.736112874947207,19.00752067565918,33700,0.0,0.0
2025-03-05 00:00:00-05:00,19.07989933311234,19.07989933311234,18.781351904061058,18.79944610595703,20600,0.0,0.0
2025-03-06 00:00:00-05:00,18.82658342106039,18.989427767440805,18.45566095455294,18.500896453857422,41000,0.0,0.0
2025-03-07 00:00:00-05:00,18.58231936752809,18.77230329550394,18.31091153755954,18.365192413330078,28800,0.0,0.0
2025-03-10 00:00:00-04:00,18.491849462705634,18.500896562619715,18.04855192026283,18.102832794189453,38300,0.0,0.0
2025-03-11 00:00:00-04:00,18.148064478402894,18.96228439577407,17.94903347988566,18.16615867614746,31900,0.0,0.0
2025-03-12 00:00:00-04:00,18.00331551681826,18.97133272677248,17.976175943996456,17.9942684173584,30200,0.0,0.0
2025-03-13 00:00:00-04:00,18.211392802812263,18.446612201440786,17.912845436391002,18.03950309753418,17800,0.0,0.0
2025-03-14 00:00:00-04:00,17.94903697537255,18.27472569597037,17.94903697537255,18.202350616455078,26200,0.0,0.0
2025-03-17 00:00:00-04:00,18.383285989294517,18.500896562619715,18.00331642069242,18.102832794189453,33100,0.0,0.0
2025-03-18 00:00:00-04:00,18.09378632324776,18.500897205744007,18.048552547662812,18.184255599975586,19300,0.0,0.0
2025-03-19 00:00:00-04:00,18.120927609583692,18.546130966642444,18.039505433148918,18.365192413330078,27300,0.0,0.0
2025-03-20 00:00:00-04:00,18.256631011532274,18.54613132193169,18.15711463274824,18.482803344726562,16800,0.0,0.0
2025-03-21 00:00:00-04:00,18.3471004576383,18.871820206423365,18.3471004576383,18.600412368774414,21100,0.0,0.0
2025-03-24 00:00:00-04:00,18.518988557201926,18.98942738720143,18.518988557201926,18.87181854248047,37200,0.0,0.0
2025-03-25 00:00:00-04:00,18.92609814370188,19.07989537681097,18.781348009664818,18.95323944091797,18400,0.0,0.0
2025-03-26 00:00:00-04:00,18.8084924213135,19.441773931199094,18.8084924213135,19.29702377319336,37500,0.0,0.0
2025-03-27 00:00:00-04:00,19.34225658135101,20.382650662531013,19.324164106675305,20.165525436401367,52600,0.0,0.0
2025-03-28 00:00:00-04:00,20.147430229597685,20.72643080368307,19.405585312661326,20.635961532592773,58700,0.0,0.0
2025-03-31 00:00:00-04:00,20.78071228939277,21.52255895378027,20.111242424459746,21.205917358398438,185000,0.0,0.0
2025-04-01 00:00:00-04:00,21.27829190578672,21.27829190578672,20.219805397766372,20.301227569580078,44500,0.0,0.0
2025-04-02 00:00:00-04:00,20.1293350384577,20.409788212017126,19.85792896411732,20.075054168701172,34000,0.0,0.0
2025-04-03 00:00:00-04:00,19.64985001600987,20.663102741814978,19.505099873117402,20.54549217224121,39600,0.0,0.0
2025-04-04 00:00:00-04:00,20.36455582541552,20.54549264541931,19.631757994450776,20.02077293395996,43100,0.0,0.0
2025-04-07 00:00:00-04:00,19.758412277193845,20.71738234657881,18.871817274827407,18.95323944091797,136200,0.0,0.0
2025-04-08 00:00:00-04:00,19.468914896613914,19.88507116230245,18.926100950689683,18.998476028442383,24400,0.0,0.0
2025-04-09 00:00:00-04:00,18.636597875627753,19.803646046996285,18.41042557550013,18.95323944091797,55900,0.0,0.0
2025-04-10 00:00:00-04:00,18.50089867690575,19.125133112294204,18.49185157595776,18.79944610595703,21700,0.0,0.0
2025-04-11 00:00:00-04:00,18.989429276687392,19.459868153496505,18.202350507370223,18.35614776611328,41500,0.0,0.0
2025-04-14 00:00:00-04:00,18.383285864953336,18.998474850486932,18.383285864953336,18.92609977722168,29200,0.0,0.0
2025-04-15 00:00:00-04:00,19.206553223278778,19.586522794313026,18.727069003668383,19.37844467163086,12900,0.0,0.0
2025-04-16 00:00:00-04:00,19.586525565945404,19.794603718072107,18.69993034992527,18.81753921508789,37900,0.0,0.0
2025-04-17 00:00:00-04:00,19.02561405460553,19.441770248656738,18.835628429735184,18.989425659179688,14800,0.0,0.0
2025-04-21 00:00:00-04:00,18.99847266017894,19.224644953752502,18.763253267795523,18.898956298828125,19700,0.0,0.0
2025-04-22 00:00:00-04:00,18.90800412180558,18.91705122096194,18.63659804934565,18.826581954956055,22100,0.0,0.0
2025-04-23 00:00:00-04:00,19.00751985689261,19.224645052774672,18.718019595716523,18.989425659179688,21500,0.0,0.0
2025-04-24 00:00:00-04:00,19.188460239796484,19.188460239796484,18.36519307129051,18.96228790283203,14500,0.0,0.0
2025-04-25 00:00:00-04:00,18.998475946279935,18.998475946279935,18.80849201508496,18.90800666809082,25800,0.0,0.0
2025-04-28 00:00:00-04:00,18.998476028442383,19.161320384775447,18.80849209642578,18.998476028442383,15700,0.0,0.0
2025-04-29 00:00:00-04:00,18.835631614300397,18.926100892603102,18.564225504950244,18.663740158081055,20600,0.0,0.0
2025-04-30 00:00:00-04:00,18.54613085896801,18.582319259643555,18.27472475613311,18.582319259643555,25900,0.0,0.0
2025-05-01 00:00:00-04:00,18.591364992668264,18.817537324576918,18.591364992668264,18.636600494384766,20500,0.0,0.0
2025-05-02 00:00:00-04:00,18.835629508008445,18.908004577445684,18.60041010094798,18.790395736694336,14200,0.0,0.0
2025-05-05 00:00:00-04:00,18.609458834592292,18.98038131372702,18.374239406875017,18.582319259643555,39300,0.0,0.0
2025-05-06 00:00:00-04:00,18.591364566660385,18.763256018128416,18.157114113480215,18.247583389282227,34200,0.0,0.0
2025-05-07 00:00:00-04:00,18.292816715711567,18.51898903689001,18.00331642069242,18.102832794189453,46800,0.0,0.0
2025-05-08 00:00:00-04:00,18.11188117573669,18.555178749548123,17.903803039662385,18.021411895751953,24900,0.0,0.0
2025-05-09 00:00:00-04:00,18.77230049612912,18.77230049612912,18.06664231411001,18.16615867614746,30700,0.0,0.0
2025-05-12 00:00:00-04:00,18.175209434367762,18.65469541779121,17.243378769602273,17.28861427307129,97700,0.0,0.0
2025-05-13 00:00:00-04:00,17.478595645198812,17.641439982666515,17.288611735191672,17.63239288330078,32000,0.0,0.0
2025-05-14 00:00:00-04:00,17.71381430162106,17.849517335242744,17.25242260686118,17.279563903808594,31600,0.0,0.0
2025-05-15 00:00:00-04:00,17.306706748900876,17.596208794428517,17.06244193240027,17.28861427307129,77900,0.0,0.0
2025-05-16 00:00:00-04:00,17.234328491344012,17.46954788934046,16.82721938853138,17.12576675415039,59400,0.0,0.0
2025-05-19 00:00:00-04:00,17.08053117730961,17.415266937430278,16.962922341652867,17.279563903808594,26200,0.0,0.0
2025-05-20 00:00:00-04:00,17.279565443843133,17.406221389770508,17.05339312579691,17.406221389770508,26500,0.0,0.0
2025-05-21 00:00:00-04:00,17.415270098392952,17.63239533670855,17.098628478765114,17.623348236083984,37700,0.0,0.0
2025-05-22 00:00:00-04:00,17.614298780437487,18.22044063677863,17.36098689904928,18.1480655670166,30200,0.0,0.0
2025-05-23 00:00:00-04:00,18.14806736980652,18.546131155819356,17.867614162313767,18.301864624023438,25900,0.0,0.0
2025-05-27 00:00:00-04:00,18.419474723661846,18.690880823784706,18.00331674784117,18.645647048950195,36500,0.0,0.0
2025-05-28 00:00:00-04:00,18.636600559081433,19.079898124094345,18.555178381267027,18.90800666809082,50300,0.0,0.0
2025-05-29 00:00:00-04:00,19.206552505493164,19.224646704760932,18.573271061141615,19.206552505493164,44400,0.0,0.0
2025-05-30 00:00:00-04:00,19.354082787436806,19.354082787436806,18.89305174888321,19.224994659423828,25900,0.4,0.0
2025-06-02 00:00:00-04:00,18.837729179398575,19.040582210368704,17.758916440882984,17.93410873413086,82800,0.0,0.0
2025-06-03 00:00:00-04:00,18.044753592725964,18.219945870345814,17.74969402538332,17.832679748535156,37900,0.0,0.0
2025-06-04 00:00:00-04:00,17.84190171119277,18.164623792947506,17.84190171119277,18.035533905029297,23300,0.0,0.0
2025-06-05 00:00:00-04:00,18.063194982788364,18.312152148487165,17.970988429711728,18.053974151611328,26900,0.0,0.0
2025-06-06 00:00:00-04:00,18.081638064533607,18.284491090270993,17.80501838358932,18.035533905029297,16600,0.0,0.0
2025-06-09 00:00:00-04:00,18.109299490362453,18.173843557429677,17.795798228583987,17.90644645690918,31700,0.0,0.0
2025-06-10 00:00:00-04:00,17.93410885562256,18.02631366024658,17.888004694616637,17.98021125793457,37400,0.0,0.0
2025-06-11 00:00:00-04:00,17.897226013587485,18.10007905144902,17.823461112665658,17.998653411865234,32000,0.0,0.0
2025-06-12 00:00:00-04:00,18.007872999033342,19.56615664308494,18.007872999033342,19.224994659423828,147700,0.0,0.0
2025-06-13 00:00:00-04:00,19.49239204954814,19.79667246936448,18.994479434709525,19.390966415405273,94900,0.0,0.0
2025-06-16 00:00:00-04:00,19.36330355327467,19.888878654043967,19.151229698349134,19.41862678527832,62200,0.0,0.0
2025-06-17 00:00:00-04:00,19.43706792521764,19.43706792521764,18.966816069120384,19.280317306518555,17300,0.0,0.0
2025-06-18 00:00:00-04:00,19.09590528448323,19.363304138183594,18.92071475139736,19.363304138183594,29500,0.0,0.0
2025-06-20 00:00:00-04:00,19.658363534366313,19.79667249652827,19.446289675138384,19.510833740234375,36800,0.0,0.0
2025-06-23 00:00:00-04:00,19.372525165368494,19.39096682967714,19.0037006726651,19.215774536132812,17700,0.0,0.0
2025-06-24 00:00:00-04:00,19.22499510450646,19.824335116762835,19.22499510450646,19.556936264038086,16700,0.0,0.0
2025-06-25 00:00:00-04:00,19.593822411896422,19.769014728248912,19.00370314674378,19.16045379638672,38000,0.0,0.0
2025-06-26 00:00:00-04:00,19.188111758492596,20.147057184163206,18.81006643917465,19.8243350982666,72200,0.0,0.0
2025-06-27 00:00:00-04:00,19.842777773017158,19.842777773017158,19.178891903369838,19.593820571899414,17300,0.0,0.0
2025-06-30 00:00:00-04:00,19.593817513405597,20.239261617324672,19.593817513405597,19.97186279296875,28500,0.0,0.0
2025-07-01 00:00:00-04:00,19.925760094049085,20.165496421618446,19.759788655063094,20.07328987121582,18400,0.0,0.0
2025-07-02 00:00:00-04:00,20.073292294371093,20.257703658743967,19.82433510583914,20.21160125732422,25500,0.0,0.0
2025-07-03 00:00:00-04:00,20.230043810066864,20.248483716228492,19.81511514428597,19.93498420715332,27000,0.0,0.0
2025-07-07 00:00:00-04:00,19.962641322630464,20.110171097311373,19.54771449085052,19.63991928100586,32200,0.0,0.0
2025-07-08 00:00:00-04:00,19.603040380053805,19.962644034859448,19.52927548269127,19.7044677734375,16500,0.0,0.0
2025-07-09 00:00:00-04:00,19.70446709528934,20.20237969567686,19.70446709528934,19.833555221557617,10600,0.0,0.0
2025-07-10 00:00:00-04:00,19.833557047531595,20.147058319068865,19.82433621499297,20.027189254760742,12800,0.0,0.0
2025-07-11 00:00:00-04:00,19.916540792168323,20.266923600165423,19.778231835292992,20.1009521484375,15200,0.0,0.0
2025-07-14 00:00:00-04:00,20.11939481204074,20.16549897242076,19.778232818698058,19.870437622070312,21300,0.0,0.0
2025-07-15 00:00:00-04:00,20.05485094324144,20.082513439741234,19.215774561713978,19.72290802001953,20600,0.0,0.0
2025-07-16 00:00:00-04:00,19.52927650317125,20.091734974134905,19.354084203270542,19.593820571899414,22700,0.0,0.0
2025-07-17 00:00:00-04:00,19.593818695889127,19.916540767324886,19.40940558115618,19.713685989379883,19700,0.0,0.0
2025-07-18 00:00:00-04:00,19.74134905643519,19.971864577186366,19.593819263849944,19.925762176513672,16500,0.0,0.0
2025-07-21 00:00:00-04:00,19.68602664877026,19.879658850141748,19.132789024046982,19.188112258911133,53100,0.0,0.0
2025-07-22 00:00:00-04:00,19.049800079472288,19.42784534488855,18.99447685393893,19.13278579711914,25900,0.0,0.0
2025-07-23 00:00:00-04:00,19.344862668905524,19.455510896063494,18.994479840510778,19.215774536132812,21900,0.0,0.0
2025-07-24 00:00:00-04:00,19.22499429307482,19.455509807958943,19.040581177689994,19.252655029296875,8300,0.0,0.0
2025-07-25 00:00:00-04:00,19.27109669257412,19.427847313043078,19.059022840967238,19.252655029296875,14800,0.0,0.0
2025-07-28 00:00:00-04:00,19.252655886709874,19.54771723620485,19.09590525926006,19.243436813354492,23900,0.0,0.0
2025-07-29 00:00:00-04:00,19.455511701814572,19.529276603410228,19.298761066087057,19.520055770874023,20800,0.0,0.0
2025-07-30 00:00:00-04:00,19.547714694323666,19.547714694323666,18.95759383076379,19.03135871887207,50600,0.0,0.0
2025-07-31 00:00:00-04:00,19.178892419721297,19.547718694430337,19.178892419721297,19.344863891601562,8600,0.0,0.0
2025-08-01 00:00:00-04:00,19.17888899065433,19.42784615396272,19.049800872802734,19.049800872802734,16700,0.0,0.0
2025-08-04 00:00:00-04:00,19.086685889279014,19.298759747034726,19.049802561655138,19.077465057373047,11000,0.0,0.0
2025-08-05 00:00:00-04:00,19.252656204060496,19.252656204060496,18.588772113814933,18.754743576049805,43600,0.0,0.0
2025-08-06 00:00:00-04:00,18.874608903353895,19.04980117946825,18.588770169783746,18.948373794555664,25500,0.0,0.0
2025-08-07 00:00:00-04:00,18.95759383076379,19.20655098763935,18.441239614005852,19.03135871887207,10700,0.0,0.0
2025-08-08 00:00:00-04:00,19.00370076940211,19.132788902831933,18.62565544261998,18.754743576049805,16900,0.0,0.0
2025-08-11 00:00:00-04:00,18.856169759679464,19.08668527381396,18.800844770027645,19.012920379638672,22600,0.0,0.0
2025-08-12 00:00:00-04:00,19.01291961321423,19.427846466714048,18.90227139706471,18.948373794555664,51800,0.0,0.0
2025-08-13 00:00:00-04:00,18.957596632100106,19.160451423393667,18.680978700492055,18.874610900878906,46500,0.0,0.0
2025-08-14 00:00:00-04:00,18.893052418992028,18.911494083274793,18.634874395115034,18.708641052246094,19300,0.0,0.0
2025-08-15 00:00:00-04:00,18.71785892601344,18.957595270242294,18.588770801695517,18.699419021606445,28300,0.0,0.0
2025-08-18 00:00:00-04:00,18.717859081594295,19.040581153765327,18.680977513779958,18.865388870239258,28300,0.0,0.0
2025-08-19 00:00:00-04:00,18.736298870293883,19.25265307889035,18.736298870293883,19.13278579711914,15400,0.0,0.0
2025-08-20 00:00:00-04:00,19.132786774053805,19.261874893120854,18.902271270751953,18.902271270751953,43200,0.0,0.0
2025-08-21 00:00:00-04:00,18.994480253779578,19.178891624796616,18.902273688924087,19.04058265686035,29700,0.0,0.0
2025-08-22 00:00:00-04:00,19.20655353558389,19.92576260907023,19.040582075649052,19.483171463012695,60100,0.0,0.0
2025-08-25 00:00:00-04:00,19.52927548269127,19.81511424013437,19.52927548269127,19.7044677734375,16700,0.0,0.0
2025-08-26 00:00:00-04:00,19.722908677710674,19.91654264227845,19.70446877145648,19.86121940612793,20800,0.0,0.0
2025-08-27 00:00:00-04:00,19.861216552790065,20.01796540624841,19.76900999998996,19.94420051574707,19300,0.0,0.0
2025-08-28 00:00:00-04:00,19.99952758918762,20.193159787445076,19.815114464347648,20.064071655273438,52400,0.0,0.0
2025-08-29 00:00:00-04:00,20.3552637634851,20.552522034804053,20.18618422142414,20.514949798583984,19300,0.4,0.0
2025-09-02 00:00:00-04:00,20.477374775215658,20.514948801237303,20.204970253071416,20.458589553833008,26300,0.0,0.0
2025-09-03 00:00:00-04:00,20.514948409250778,20.514948409250778,20.233150385985542,20.336475372314453,11600,0.0,0.0
2025-09-04 00:00:00-04:00,20.458590238231118,20.458590238231118,19.876205356810384,20.082857131958008,18400,0.0,0.0
2025-09-05 00:00:00-04:00,20.33647618307275,20.402228938347477,20.045284641872602,20.064071655273438,17700,0.0,0.0
2025-09-08 00:00:00-04:00,20.064070912617936,20.167395899241633,19.838632135036942,20.02649688720703,27900,0.0,0.0
2025-09-09 00:00:00-04:00,20.02649761301205,20.02649761301205,19.744699578729854,19.960744857788086,15700,0.0,0.0
2025-09-10 00:00:00-04:00,20.017105102539062,20.195578155335156,19.894993092706976,20.017105102539062,10200,0.0,0.0
2025-09-11 00:00:00-04:00,19.95135037604631,20.843713760375977,19.95135037604631,20.843713760375977,56100,0.0,0.0
2025-09-12 00:00:00-04:00,21.13490722991608,21.46367281181821,20.298904806142673,21.369739532470703,78900,0.0,0.0
2025-09-15 00:00:00-04:00,21.407313018096833,21.463672267625082,20.70281612829488,21.44488525390625,25000,0.0,0.0
2025-09-16 00:00:00-04:00,21.435490582877772,21.557604373789882,21.106725027166586,21.482458114624023,33500,0.0,0.0
2025-09-17 00:00:00-04:00,21.557605730639917,21.60457147371408,21.031580091742363,21.45427894592285,44000,0.0,0.0
2025-09-18 00:00:00-04:00,21.350950856512906,21.60457015352328,21.003400079094074,21.06915283203125,18000,0.0,0.0
2025-09-19 00:00:00-04:00,21.06915585840109,21.191267875449117,20.20497285646394,20.289512634277344,60100,0.0,0.0
2025-09-22 00:00:00-04:00,20.280116692659934,20.768568285487728,19.35018103994636,19.42532730102539,105500,0.0,0.0
2025-09-23 00:00:00-04:00,19.50986890128591,19.838634496248716,18.927483979497936,19.20928382873535,47900,0.0,0.0
2025-09-24 00:00:00-04:00,19.35957442531564,19.631978948160906,19.09656161737178,19.105955123901367,16200,0.0,0.0
2025-09-25 00:00:00-04:00,19.3126086420276,19.585014981175945,19.030810587127135,19.19989013671875,23500,0.0,0.0
2025-09-26 00:00:00-04:00,19.19988931785761,19.79166592456109,19.077775518748023,19.472293853759766,20100,0.0,0.0
2025-09-29 00:00:00-04:00,19.34078807273947,19.51926111964005,19.209282560090752,19.350181579589844,14600,0.0,0.0
2025-09-30 00:00:00-04:00,19.359574010790425,19.500473022460938,19.23746022014868,19.500473022460938,18300,0.0,0.0
2025-10-01 00:00:00-04:00,19.453506483952072,19.556833267211914,19.228067695444608,19.556833267211914,11000,0.0,0.0
2025-10-02 00:00:00-04:00,19.538046139678606,19.556833153185078,19.19988885470316,19.23746109008789,36800,0.0,0.0
2025-10-03 00:00:00-04:00,19.303213507004347,19.556832810006647,19.23746075251372,19.42532730102539,23200,0.0,0.0
2025-10-06 00:00:00-04:00,19.415933295501127,19.415933295501127,19.068380727174134,19.087167739868164,40400,0.0,0.0
2025-10-07 00:00:00-04:00,19.06838145234225,19.27503501657931,18.955662955147684,19.02141571044922,39900,0.0,0.0
2025-10-08 00:00:00-04:00,18.936877211972433,19.444115858256783,18.880517959594727,18.880517959594727,42700,0.0,0.0
2025-10-09 00:00:00-04:00,18.871123724863835,19.406541080884953,18.702044182619638,18.946269989013672,21800,0.0,0.0
2025-10-10 00:00:00-04:00,18.946268202291474,19.068380198158625,18.316917627526713,18.429637908935547,44300,0.0,0.0
2025-10-13 00:00:00-04:00,18.645683194901,18.99323396234659,18.363883386877664,18.749008178710938,27600,0.0,0.0
2025-10-14 00:00:00-04:00,18.7396183013916,18.993235824359626,18.382672201227575,18.7396183013916,19200,0.0,0.0
2025-10-15 00:00:00-04:00,18.69265138776663,18.918090188804506,18.598718106093767,18.777191162109375,12500,0.0,0.0
2025-10-16 00:00:00-04:00,18.90869705306246,18.993236829066557,18.598718471590235,18.795978546142578,16400,0.0,0.0
2025-10-17 00:00:00-04:00,18.636291331752865,18.993235636763078,18.55175156105577,18.730224609375,16900,0.0,0.0
2025-10-20 00:00:00-04:00,18.739617675834587,19.143527714348036,18.739617675834587,19.02141571044922,40400,0.0,0.0
2025-10-21 00:00:00-04:00,18.946269817239695,19.256248378000922,18.946269817239695,19.040203094482422,36800,0.0,0.0
2025-10-22 00:00:00-04:00,19.040203279520636,19.25624856513873,18.833549709252672,19.049596786499023,15100,0.0,0.0
2025-10-23 00:00:00-04:00,19.218673805489676,19.25624783197262,18.805370263946465,19.11534881591797,16100,0.0,0.0
2025-10-24 00:00:00-04:00,19.256247564210902,19.49107985157933,18.83354873029647,19.312606811523438,37600,0.0,0.0
2025-10-27 00:00:00-04:00,19.256246938435954,19.31260618391697,19.115347928919363,19.275033950805664,40000,0.0,0.0
2025-10-28 00:00:00-04:00,19.18110068058523,19.350180208656386,19.16231366821552,19.275033950805664,19100,0.0,0.0
2025-10-29 00:00:00-04:00,19.275036854448793,19.528656184761417,19.256249839248955,19.434722900390625,47500,0.0,0.0
2025-10-30 00:00:00-04:00,19.42532990884785,19.970140822717948,19.406542893148917,19.885601043701172,49800,0.0,0.0
2025-10-31 00:00:00-04:00,19.885599495334585,20.007711504612708,19.70712644334814,19.80105972290039,41700,0.0,0.0
2025-11-03 00:00:00-05:00,19.829782847875787,20.375558245929927,19.62870914302625,19.87765884399414,40800,0.4,0.0
2025-11-04 00:00:00-05:00,19.724459651454307,19.868083989738075,19.628709483837614,19.63828468322754,22400,0.0,0.0
2025-11-05 00:00:00-05:00,19.62871019100843,20.011709048991097,19.14038596222455,19.159536361694336,36100,0.0,0.0
2025-11-06 00:00:00-05:00,19.149960514370814,19.370184621978268,18.996760976358452,19.236135482788086,8800,0.0,0.0
2025-11-07 00:00:00-05:00,19.427633580868598,19.523381911386604,19.159533507084095,19.245708465576172,24800,0.0,0.0
2025-11-10 00:00:00-05:00,19.245710652908354,19.53295932967372,19.245710652908354,19.2935848236084,27300,0.0,0.0
2025-11-11 00:00:00-05:00,19.418060560102937,19.532959300122233,19.312735193183126,19.35103416442871,21500,0.0,0.0
2025-11-12 00:00:00-05:00,19.389334060293386,19.561683988590076,19.293583897208286,19.322309494018555,13600,0.0,0.0
2025-11-13 00:00:00-05:00,19.485085092205544,20.385133743286133,19.389334924851006,20.385133743286133,56700,0.0,0.0
2025-11-14 00:00:00-05:00,20.461734102393116,20.586208045148275,19.820210336772075,20.423433303833008,66700,0.0,0.0
2025-11-17 00:00:00-05:00,20.021281894980973,20.47130527191956,20.021281894980973,20.20320701599121,14700,0.0,0.0
2025-11-18 00:00:00-05:00,20.107458417862876,20.45215828943665,20.107458417862876,20.270233154296875,16700,0.0,0.0
2025-11-19 00:00:00-05:00,20.289382012427584,20.423431140624558,19.60955752025207,19.743608474731445,24100,0.0,0.0
2025-11-20 00:00:00-05:00,20.03085767745771,20.356407134530585,19.75318238854396,20.069156646728516,16200,0.0,0.0
2025-11-21 00:00:00-05:00,20.06915796531741,20.251083103583362,19.810634883477185,20.030858993530273,14200,0.0,0.0
2025-11-24 00:00:00-05:00,19.848934173583984,20.30853280009565,19.571260688255826,19.848934173583984,11500,0.0,0.0
2025-11-25 00:00:00-05:00,19.868083308012473,20.423432069594774,19.628708810325573,20.117033004760742,19600,0.0,0.0
2025-11-26 00:00:00-05:00,19.944683687360627,20.097883224487305,19.523384047120995,20.097883224487305,21100,0.0,0.0
2025-11-28 00:00:00-05:00,19.935109163532633,20.097883905530885,19.628710078896535,19.963834762573242,9000,0.0,0.0
2025-12-01 00:00:00-05:00,20.10745910521109,20.10745910521109,19.80106002057499,19.963834762573242,23000,0.0,0.0
2025-12-02 00:00:00-05:00,19.801058742327847,19.915957478507853,19.72445897611368,19.7723331451416,11700,0.0,0.0
2025-12-03 00:00:00-05:00,19.839358694762844,20.050009431995342,19.73403515242917,19.80105972290039,14600,0.0,0.0
2025-12-04 00:00:00-05:00,19.820208551687898,20.01170704839356,19.7340335889715,19.906383514404297,9900,0.0,0.0
2025-12-05 00:00:00-05:00,19.74360971108635,19.973409013649484,19.63828434588897,19.70530891418457,27300,0.0,0.0
2025-12-08 00:00:00-05:00,19.647859209899515,19.829782513231606,19.523383448374943,19.7723331451416,21600,0.0,0.0
2025-12-09 00:00:00-05:00,19.8585084455468,19.91595781460631,19.523383777848384,19.87765884399414,10800,0.0,0.0
2025-12-10 00:00:00-05:00,19.944683131030445,19.944683131030445,19.590408069880446,19.657434463500977,14700,0.0,0.0
2025-12-11 00:00:00-05:00,19.59040899492769,19.72445996221607,19.532959623965567,19.62870979309082,21500,0.0,0.0
2025-12-12 00:00:00-05:00,19.695734393927236,19.714884793038294,19.523384454492863,19.571260452270508,10900,0.0,0.0
2025-12-15 00:00:00-05:00,19.60955849847863,19.60955849847863,18.910585400465425,19.255285263061523,38400,0.0,0.0
2025-12-16 00:00:00-05:00,19.25528588870581,19.351034230286906,19.063785552978516,19.063785552978516,8600,0.0,0.0
2025-12-17 00:00:00-05:00,18.977610028541203,19.351033663358407,18.546737025201928,18.623336791992188,32300,0.0,0.0
2025-12-18 00:00:00-05:00,18.747810674283134,19.035059342350337,18.527586573679443,18.565885543823242,33100,0.0,0.0
2025-12-19 00:00:00-05:00,18.632910111286755,18.76696107249628,18.32651104500641,18.565885543823242,26800,0.0,0.0
2025-12-22 00:00:00-05:00,18.470137202306915,18.958459572684937,18.470137202306915,18.910585403442383,28700,0.0,0.0
2025-12-23 00:00:00-05:00,18.910586968747584,19.13081108754415,18.814836796054358,18.977611541748047,16200,0.0,0.0
2025-12-24 00:00:00-05:00,19.092511461121955,19.13081043311953,18.881860723146247,19.054210662841797,9000,0.0,0.0
2025-12-26 00:00:00-05:00,19.12123273404809,19.226558089267957,18.671209370778158,18.786109924316406,62600,0.0,0.0
2025-12-29 00:00:00-05:00,18.623337731163655,18.958460586344664,18.336087221502318,18.42226219177246,62200,0.0,0.0
2025-12-30 00:00:00-05:00,18.627604985212535,18.735166560006455,17.6008873051043,18.265810012817383,114500,0.4,0.0
2025-12-31 00:00:00-05:00,17.767117489620443,18.099578834262882,17.64000079434284,17.747560501098633,94400,0.0,0.0
2026-01-02 00:00:00-05:00,17.816008571410304,18.226696016044915,17.806230076888394,18.148469924926758,27100,0.0,0.0
2026-01-05 00:00:00-05:00,18.089800342232856,18.36359258640071,17.913791175629022,18.138690948486328,48500,0.0,0.0
2026-01-06 00:00:00-05:00,18.2951445832219,18.314701573303246,18.099580277580138,18.168027877807617,36200,0.0,0.0
2026-01-07 00:00:00-05:00,18.207140915895337,18.24625302897706,17.972460777176487,18.031131744384766,20000,0.0,0.0
2026-01-08 00:00:00-05:00,18.080022816154674,18.637383963542067,18.021353712497362,18.43204116821289,40100,0.0,0.0
2026-01-09 00:00:00-05:00,18.353814606570438,19.018737314574174,18.314700628425687,18.852506637573242,35000,0.0,0.0
2026-01-12 00:00:00-05:00,18.803614148001888,18.81339264252929,18.529823761463078,18.656940460205078,29200,0.0,0.0
2026-01-13 00:00:00-05:00,18.471153282298705,18.813393139571176,18.43204116821289,18.43204116821289,31700,0.0,0.0
2026-01-14 00:00:00-05:00,18.51026675381883,18.627604957915583,18.236474502497856,18.539600372314453,32600,0.0,0.0
2026-01-15 00:00:00-05:00,18.647161486056966,19.24363658148689,18.53959991407922,19.194744110107422,70400,0.0,0.0
2026-01-16 00:00:00-05:00,19.44897984788829,19.742329088260526,18.96006631232503,19.517427444458008,83600,0.0,0.0
2026-01-20 00:00:00-05:00,19.409868215524433,20.544147496915077,19.057849864383485,19.95745086669922,112700,0.0,0.0
2026-01-21 00:00:00-05:00,19.93789295643538,20.700598726999527,19.233858151723386,20.329025268554688,62500,0.0,0.0
2026-01-22 00:00:00-05:00,20.436585917699475,20.632152082772212,20.113903050869485,20.46592140197754,26500,0.0,0.0
2026-01-23 00:00:00-05:00,20.485477888759675,20.524590001780062,20.19212864834969,20.417028427124023,19000,0.0,0.0
2026-01-26 00:00:00-05:00,20.417027500828922,20.485476959359108,20.211684720409497,20.24102020263672,12000,0.0,0.0
2026-01-27 00:00:00-05:00,20.309468736035342,20.583259122598974,20.04545497894287,20.53436851501465,17700,0.0,0.0
2026-01-28 00:00:00-05:00,20.524590512631725,20.524590512631725,20.104124563118788,20.30946922302246,24400,0.0,0.0
2026-01-29 00:00:00-05:00,20.211686124642064,20.319247701891147,20.133460031658323,20.192129135131836,13900,0.0,0.0
2026-01-30 00:00:00-05:00,20.192127732258015,20.407250871810227,20.04545405123599,20.24102020263672,14800,0.0,0.0
2026-02-02 00:00:00-05:00,20.21168518095643,20.407251336813363,20.14323758592363,20.36813735961914,29600,0.0,0.0
2026-02-03 00:00:00-05:00,20.38769434792134,20.38769434792134,20.1041236084386,20.211685180664062,7800,0.0,0.0
2026-02-04 00:00:00-05:00,20.24102114963343,20.35835935391802,19.742329118781097,20.065011978149414,40100,0.0,0.0
2026-02-05 00:00:00-05:00,20.241022102372927,20.241022102372927,19.84988976286145,20.045455932617188,12900,0.0,0.0
2026-02-06 00:00:00-05:00,19.879224770154522,20.18235064744046,19.869446275395983,20.035676956176758,25700,0.0,0.0
2026-02-09 00:00:00-05:00,20.201907173250344,20.201907173250344,19.918338291990413,19.986785888671875,17300,0.0,0.0
2026-02-10 00:00:00-05:00,20.016119963143282,20.192129138651673,19.947672364902726,20.113903045654297,13300,0.0,0.0
2026-02-11 00:00:00-05:00,20.055233949244723,20.2312431248152,19.95745086669922,19.95745086669922,11500,0.0,0.0
2026-02-12 00:00:00-05:00,20.12368202750804,20.192129627405382,19.879225247841976,20.045455932617188,14600,0.0,0.0
2026-02-13 00:00:00-05:00,20.192129147393306,20.612595096832674,19.88900327002939,20.3876953125,75300,0.0,0.0
2026-02-17 00:00:00-05:00,20.456143364671476,20.573483439350586,20.27035569020339,20.514812469482422,18500,0.0,0.0
2026-02-18 00:00:00-05:00,20.485477890391724,20.485477890391724,20.211685638998688,20.338802337646484,22900,0.0,0.0
2026-02-19 00:00:00-05:00,20.37791585406339,20.456141943395306,20.22146367539956,20.44636344909668,7600,0.0,0.0
2026-02-20 00:00:00-05:00,20.280134201049805,20.446364885691903,20.113903516407706,20.280134201049805,11900,0.0,0.0
2026-02-23 00:00:00-05:00,20.14323804241471,20.436585417790933,20.09434556981392,20.338802337646484,30100,0.0,0.0
2026-02-24 00:00:00-05:00,20.4756989531362,20.4756989531362,20.133459112559255,20.407251358032227,18000,0.0,0.0
2026-02-25 00:00:00-05:00,20.319247724978855,20.44636442682543,20.113903065002482,20.153017044067383,12500,0.0,0.0
2026-02-26 00:00:00-05:00,20.27035474268989,20.514811510542078,20.113902560469057,20.260576248168945,7000,0.0,0.0
2026-02-27 00:00:00-05:00,19.722772119737783,20.016119495357998,19.556541442871094,19.556541442871094,41300,0.0,0.0
2026-03-02 00:00:00-05:00,19.556540502357663,19.722771171229983,19.556540502357663,19.65432357788086,18100,0.0,0.0
2026-03-03 00:00:00-05:00,19.556541461368372,19.742329127467368,19.458758381050103,19.67388153076172,20000,0.0,0.0
2026-03-04 00:00:00-05:00,19.693437560207403,20.260577214059676,19.673882435290384,19.928115844726562,21200,0.0,0.0
2026-03-05 00:00:00-05:00,20.00634004698229,20.104123122546046,19.820554254973906,19.967227935791016,7900,0.0,0.0
2026-03-06 00:00:00-05:00,19.849889315873362,19.91833877928655,19.683658634841404,19.840112686157227,13200,0.0,0.0
2026-03-09 00:00:00-04:00,19.752108551728522,19.87922525658561,19.263194992181354,19.615211486816406,14400,0.0,0.0
2026-03-10 00:00:00-04:00,19.654325466807645,19.732551561732905,19.39031169703844,19.615211486816406,26000,0.0,0.0
2026-03-11 00:00:00-04:00,19.624988577129685,19.74232864364741,19.517427004909862,19.66410255432129,10400,0.0,0.0
2026-03-12 00:00:00-04:00,19.507650352885143,19.761883744105294,19.067627435278947,19.07740592956543,31400,0.0,0.0
2026-03-13 00:00:00-04:00,19.116519463275527,19.468537823538718,18.832950568108014,18.87206268310547,35900,0.0,0.0
2026-03-16 00:00:00-04:00,18.881839292059166,19.321862198435362,18.852505675005442,18.911174774169922,32000,0.0,0.0
2026-03-17 00:00:00-04:00,18.920954706516167,19.243637574035667,18.872062232614923,19.09696388244629,13000,0.0,0.0
2026-03-18 00:00:00-04:00,18.95028876705425,19.16541192711448,18.95028876705425,19.028514862060547,9700,0.0,0.0
2026-03-19 00:00:00-04:00,18.842727640153488,19.08718440186262,18.696053956139426,18.881839752197266,25300,0.0,0.0
2026-03-20 00:00:00-04:00,18.99918125322594,19.214302548354993,18.774281463083224,18.87206268310547,30700,0.0,0.0
2026-03-23 00:00:00-04:00,18.75472307810026,19.12629653569634,18.69605397743921,18.99917984008789,17300,0.0,0.0
2026-03-24 00:00:00-04:00,19.116518502548075,19.331641651923032,18.881840229185773,19.126296997070312,13900,0.0,0.0
2026-03-25 00:00:00-04:00,19.224080108271522,19.224080108271522,18.676497469542117,18.696054458618164,18100,0.0,0.0
2026-03-26 00:00:00-04:00,18.696053952700712,18.764501547557547,18.08980036314846,18.099578857421875,30700,0.0,0.0
2026-03-27 00:00:00-04:00,18.12891532903628,18.363593609226943,17.111974249819554,17.21953582763672,94600,0.0,0.0
2026-03-30 00:00:00-04:00,17.268424979752243,17.786673970444973,17.00441123741498,17.03374671936035,77700,0.0,0.0
2026-03-31 00:00:00-04:00,17.209756837557034,17.630222776861324,16.857738494873047,16.857738494873047,351800,0.0,0.0
2026-04-01 00:00:00-04:00,16.945743560574417,17.40532162594166,16.867517467212817,17.375988006591797,34600,0.0,0.0
2026-04-02 00:00:00-04:00,17.30754037764028,17.630223245322384,17.17064331570499,17.571552276611328,52500,0.0,0.0
2026-04-06 00:00:00-04:00,17.503104693371323,17.56177379707615,17.11197422691052,17.258647918701172,28400,0.0,0.0
2026-04-07 00:00:00-04:00,17.239089986735276,17.35643005278769,17.014190213946655,17.19997787475586,30300,0.0,0.0
2026-04-08 00:00:00-04:00,17.454214553349665,17.786675925036874,17.356431467843326,17.50310516357422,49800,0.0,0.0
2026-04-09 00:00:00-04:00,17.327094570473246,17.649777420804654,16.955521113901995,17.2782039642334,190600,0.0,0.0
2026-04-10 00:00:00-04:00,17.356431024816978,17.356431024816978,16.926186578605503,17.21953582763672,23800,0.0,0.0
2026-04-13 00:00:00-04:00,17.11197377092245,17.581330318168323,17.11197377092245,17.20975685119629,18400,0.0,0.0
2026-04-14 00:00:00-04:00,17.405321622068477,17.48354771541267,17.20975732123659,17.454214096069336,70800,0.0,0.0
2026-04-15 00:00:00-04:00,17.258646523714386,17.698669428577233,17.258646523714386,17.542217254638672,38100,0.0,0.0
2026-04-16 00:00:00-04:00,17.59110926618168,17.718227833331795,17.405321595377686,17.571552276611328,17100,0.0,0.0
2026-04-17 00:00:00-04:00,17.600887318838893,17.786674984975967,17.424878147241365,17.64000129699707,48200,0.0,0.0
2026-04-20 00:00:00-04:00,17.63022183561124,17.63022183561124,17.40532020364966,17.542217254638672,29100,0.0,0.0
2026-04-21 00:00:00-04:00,17.53243919749832,17.55199618599221,17.160863876342773,17.160863876342773,31300,0.0,0.0
2026-04-22 00:00:00-04:00,17.23909096011261,17.40532164178951,16.88707447219349,17.06308364868164,88200,0.0,0.0
2026-04-23 00:00:00-04:00,17.01419114403102,17.43465709487283,16.89685293662137,17.258647918701172,40900,0.0,0.0
2026-04-24 00:00:00-04:00,17.26842549164953,17.44443465842524,17.26842549164953,17.395544052124023,9500,0.0,0.0
2026-04-27 00:00:00-04:00,17.199979294733986,17.415100591023243,17.190200799667576,17.2684268951416,38200,0.0,0.0
2026-04-28 00:00:00-04:00,17.317316560946097,17.366209033611582,17.11197377092245,17.20975685119629,46400,0.0,0.0
2026-04-29 00:00:00-04:00,17.19019889564744,17.209755883614083,16.984856117168757,17.11197280883789,48000,0.0,0.0
2026-04-30 00:00:00-04:00,17.082638265524476,17.40532112447639,17.082638265524476,17.248868942260742,40000,0.0,0.0
2026-05-01 00:00:00-04:00,17.278204425822597,17.444435102558867,17.11197374908633,17.248868942260742,59600,0.0,0.0
2026-05-04 00:00:00-04:00,17.170642852783203,17.38576600214299,17.063083143160437,17.170642852783203,62500,0.0,0.0
2026-05-05 00:00:00-04:00,17.180421371083003,17.180421371083003,16.916407613807205,17.05330467224121,39400,0.0,0.0
2026-05-06 00:00:00-04:00,17.05330515387039,17.160864866679784,16.965300565626315,17.06308364868164,37800,0.0,0.0
2026-05-07 00:00:00-04:00,17.072859796254242,17.199978360153168,17.014190694100886,17.05330467224121,22300,0.0,0.0
2026-05-08 00:00:00-04:00,16.975078099636292,17.1510872661622,16.623059766584472,16.808847427368164,52200,0.0,0.0
2026-05-11 00:00:00-04:00,16.652395225217116,16.808847403000655,16.378602981567383,16.378602981567383,107600,0.0,0.0
2026-05-12 00:00:00-04:00,16.2710428082821,16.701287266690688,16.202595207751536,16.603504180908203,54900,0.0,0.0
2026-05-13 00:00:00-04:00,16.68172932686337,16.789290901606545,16.398160445800166,16.70128631591797,33300,0.0,0.0
2026-05-14 00:00:00-04:00,16.70128631093675,17.06308314811045,16.53505563413648,16.935964584350586,70200,0.0,0.0
2026-05-15 00:00:00-04:00,16.88707444166182,17.063083617831747,16.730622255079034,16.82840347290039,41200,0.0,0.0
2026-05-18 00:00:00-04:00,16.916408544869824,16.965301020236225,16.779513343958374,16.83818244934082,27100,0.0,0.0
2026-05-19 00:00:00-04:00,16.847960481704025,16.994634173660533,16.730622274161693,16.867517471313477,38600,0.0,0.0
2026-05-20 00:00:00-04:00,16.779513343958374,16.984858010382787,16.779513343958374,16.83818244934082,31000,0.0,0.0
2026-05-21 00:00:00-04:00,16.95552207874851,16.99463419295463,16.740400787971883,16.906631469726562,47500,0.0,0.0
2026-05-22 00:00:00-04:00,16.965300569577046,17.014191178587502,16.799069887861435,16.9848575592041,23600,0.0,0.0
2026-05-26 00:00:00-04:00,17.121753187475623,17.512883664576538,16.91640852133687,17.42487907409668,60300,0.0,0.0
2026-05-27 00:00:00-04:00,17.40532207806788,17.50310516357422,17.209757772112432,17.50310516357422,32900,0.0,0.0
2026-05-28 00:00:00-04:00,17.51288273304013,17.728004017738705,17.258647470183377,17.64000129699707,34800,0.0,0.0
2026-05-29 00:00:00-04:00,17.440000534057617,18.75,17.440000534057617,18.040000915527344,75100,0.4,0.0
2026-06-01 00:00:00-04:00,17.920000076293945,17.969999313354492,17.65999984741211,17.809999465942383,28100,0.0,0.0
2026-06-02 00:00:00-04:00,17.8799991607666,18.25,17.700000762939453,17.770000457763672,25000,0.0,0.0
2026-06-03 00:00:00-04:00,17.700000762939453,17.719999313354492,17.299999237060547,17.40999984741211,23800,0.0,0.0
2026-06-04 00:00:00-04:00,17.40999984741211,17.829999923706055,17.299999237060547,17.34000015258789,25400,0.0,0.0
2026-06-05 00:00:00-04:00,17.34000015258789,17.34000015258789,17.059999465942383,17.059999465942383,10000,0.0,0.0
2026-06-08 00:00:00-04:00,17.079999923706055,17.219999313354492,16.889999389648438,16.959999084472656,27300,0.0,0.0
2026-06-09 00:00:00-04:00,16.8700008392334,17.0,16.700000762939453,16.81999969482422,32000,0.0,0.0
2026-06-10 00:00:00-04:00,16.75,17.239999771118164,16.75,16.940000534057617,33500,0.0,0.0
2026-06-11 00:00:00-04:00,17.079999923706055,17.540000915527344,16.850000381469727,17.43000030517578,52300,0.0,0.0
2026-06-12 00:00:00-04:00,17.700000762939453,18.0,17.3799991607666,17.799999237060547,98600,0.0,0.0
2026-06-15 00:00:00-04:00,17.799999237060547,18.0,17.75,17.940000534057617,36300,0.0,0.0
2026-06-16 00:00:00-04:00,17.799999237060547,17.940000534057617,17.700000762939453,17.700000762939453,26700,0.0,0.0
2026-06-17 00:00:00-04:00,17.700000762939453,17.75,17.610000610351562,17.6200008392334,31000,0.0,0.0
2026-06-18 00:00:00-04:00,17.6299991607666,17.93000030517578,17.610000610351562,17.75,26200,0.0,0.0
2026-06-22 00:00:00-04:00,17.75,17.75,17.290000915527344,17.360000610351562,24600,0.0,0.0
2026-06-23 00:00:00-04:00,17.670000076293945,17.75,17.40999984741211,17.450000762939453,49400,0.0,0.0
2026-06-24 00:00:00-04:00,17.350000381469727,17.6299991607666,17.350000381469727,17.510000228881836,22500,0.0,0.0
2026-06-25 00:00:00-04:00,17.5,17.8700008392334,17.3799991607666,17.459999084472656,59900,0.0,0.0
2026-06-26 00:00:00-04:00,17.479999542236328,17.719999313354492,17.420000076293945,17.420000076293945,11000,0.0,0.0
2026-06-29 00:00:00-04:00,17.5,17.75,17.40999984741211,17.6200008392334,35700,0.0,0.0
2026-06-30 00:00:00-04:00,17.690000534057617,17.860000610351562,17.420000076293945,17.559999465942383,26300,0.0,0.0
2026-07-01 00:00:00-04:00,17.559999465942383,17.610000610351562,17.260000228881836,17.270000457763672,18800,0.0,0.0
2026-07-02 00:00:00-04:00,17.350000381469727,17.520000457763672,17.290000915527344,17.360000610351562,20100,0.0,0.0
2026-07-06 00:00:00-04:00,17.399999618530273,17.549999237060547,17.350000381469727,17.450000762939453,33500,0.0,0.0
2026-07-07 00:00:00-04:00,17.489999771118164,17.489999771118164,17.299999237060547,17.34000015258789,13400,0.0,0.0
2026-07-08 00:00:00-04:00,17.280000686645508,17.350000381469727,17.110000610351562,17.219999313354492,19600,0.0,0.0
2026-07-09 00:00:00-04:00,17.31999969482422,17.489999771118164,17.110000610351562,17.350000381469727,32000,0.0,0.0
2026-07-10 00:00:00-04:00,17.270000457763672,17.440000534057617,17.270000457763672,17.420000076293945,8400,0.0,0.0
2026-07-13 00:00:00-04:00,17.469999313354492,17.5,17.200000762939453,17.34000015258789,20800,0.0,0.0
2026-07-14 00:00:00-04:00,17.420000076293945,17.420000076293945,16.81999969482422,16.850000381469727,64200,0.0,0.0
2026-07-15 00:00:00-04:00,16.81999969482422,17.09000015258789,16.81999969482422,16.8700008392334,31400,0.0,0.0
2026-07-16 00:00:00-04:00,16.850000381469727,17.229999542236328,16.799999237060547,16.979999542236328,19700,0.0,0.0
2026-07-17 00:00:00-04:00,16.84000015258789,17.149999618530273,16.84000015258789,16.93000030517578,23500,0.0,0.0
2026-07-20 00:00:00-04:00,16.850000381469727,17.020000457763672,16.829999923706055,16.8799991607666,24200,0.0,0.0
2026-07-21 00:00:00-04:00,16.8799991607666,16.979999542236328,16.809999465942383,16.920000076293945,27500,0.0,0.0
2026-07-22 00:00:00-04:00,16.809999465942383,16.920000076293945,16.6200008392334,16.65999984741211,40900,0.0,0.0
2026-07-23 00:00:00-04:00,16.6200008392334,17.0,16.5,16.6200008392334,21300,0.0,0.0
2026-07-24 00:00:00-04:00,16.540000915527344,16.729999542236328,16.540000915527344,16.549999237060547,20200,0.0,0.0
2026-07-27 00:00:00-04:00,16.6200008392334,16.81999969482422,16.6200008392334,16.690000534057617,33000,0.0,0.0
2026-07-28 00:00:00-04:00,16.790000915527344,16.790000915527344,16.6200008392334,16.670000076293945,22800,0.0,0.0
2026-07-29 00:00:00-04:00,16.8799991607666,16.959999084472656,16.649999618530273,16.760000228881836,20300,0.0,0.0
2026-07-30 00:00:00-04:00,16.8700008392334,16.8700008392334,16.6200008392334,16.65999984741211,12900,0.0,0.0
2026-07-31 00:00:00-04:00,16.690000534057617,16.690000534057617,16.520000457763672,16.530000686645508,21700,0.0,0.0
2026-08-03 00:00:00-04:00,16.5,16.5,16.360000610351562,16.40999984741211,35000,0.0,0.0
2026-08-04 00:00:00-04:00,16.360000610351562,16.549999237060547,16.209999084472656,16.299999237060547,36100,0.0,0.0
2026-08-05 00:00:00-04:00,16.229999542236328,16.469999313354492,16.229999542236328,16.40999984741211,35300,0.0,0.0
2026-08-06 00:00:00-04:00,16.40999984741211,16.709999084472656,16.40999984741211,16.690000534057617,17200,0.0,0.0
2026-08-07 00:00:00-04:00,16.709999084472656,16.899999618530273,16.530000686645508,16.770000457763672,44700,0.0,0.0
2026-08-10 00:00:00-04:00,16.639999389648438,16.799999237060547,16.5,16.610000610351562,21100,0.0,0.0
2026-08-11 00:00:00-04:00,16.549999237060547,16.690000534057617,16.5,16.559999465942383,23000,0.0,0.0
2026-08-12 00:00:00-04:00,16.579999923706055,16.829999923706055,16.579999923706055,16.6299991607666,18500,0.0,0.0
2026-08-13 00:00:00-04:00,16.68000030517578,16.81999969482422,16.6299991607666,16.729999542236328,12500,0.0,0.0
2026-08-14 00:00:00-04:00,16.899999618530273,17.149999618530273,16.700000762939453,17.040000915527344,38700,0.0,0.0
2026-08-17 00:00:00-04:00,17.31999969482422,18.530000686645508,17.31999969482422,18.219999313354492,157600,0.0,0.0
2026-08-18 00:00:00-04:00,18.260000228881836,18.5,17.899999618530273,18.15999984741211,59200,0.0,0.0
2026-08-19 00:00:00-04:00,18.170000076293945,18.5,18.079999923706055,18.3799991607666,57100,0.0,0.0
2026-08-20 00:00:00-04:00,18.31999969482422,18.469999313354492,18.200000762939453,18.209999084472656,19200,0.0,0.0
2026-08-21 00:00:00-04:00,18.219999313354492,18.485599517822266,18.209999084472656,18.360000610351562,21207,0.0,0.0
