Date,Open,High,Low,Close,Volume,Dividends,Stock Splits
2022-08-24 00:00:00-04:00,200000.0,230000.0,163200.0,181900.0,3,0.0,0.0
2022-08-25 00:00:00-04:00,174580.0,190540.0,160000.0,160000.0,1,0.0,0.0
2022-08-26 00:00:00-04:00,160000.0,177600.0,160000.0,166400.0,0,0.0,0.0
2022-08-29 00:00:00-04:00,170000.0,170000.0,143600.0,143600.0,2,0.0,0.0
2022-08-30 00:00:00-04:00,143600.0,145000.0,130000.0,130200.0,1,0.0,0.0
2022-08-31 00:00:00-04:00,130000.0,143000.0,126000.0,130000.0,1,0.0,0.0
2022-09-01 00:00:00-04:00,126200.0,128000.0,116160.0,120000.0,1,0.0,0.0
2022-09-02 00:00:00-04:00,119200.0,126600.0,110800.0,126600.0,1,0.0,0.0
2022-09-06 00:00:00-04:00,133400.0,134200.0,123000.0,129800.0,1,0.0,0.0
2022-09-07 00:00:00-04:00,126000.0,127600.0,111000.0,111800.0,1,0.0,0.0
2022-09-08 00:00:00-04:00,111000.0,119800.0,111000.0,115200.0,0,0.0,0.0
2022-09-09 00:00:00-04:00,115760.0,127600.0,115760.0,118000.0,0,0.0,0.0
2022-09-12 00:00:00-04:00,120000.0,125800.0,116000.0,120400.0,1,0.0,0.0
2022-09-13 00:00:00-04:00,129800.0,129800.0,119400.0,123000.0,0,0.0,0.0
2022-09-14 00:00:00-04:00,120000.0,121280.0,118000.0,120000.0,0,0.0,0.0
2022-09-15 00:00:00-04:00,120000.0,120000.0,116000.0,119520.0,0,0.0,0.0
2022-09-16 00:00:00-04:00,114800.0,116760.0,111200.0,111740.0,1,0.0,0.0
2022-09-19 00:00:00-04:00,114960.0,115400.0,110800.0,112400.0,0,0.0,0.0
2022-09-20 00:00:00-04:00,112800.0,116000.0,103000.0,105600.0,1,0.0,0.0
2022-09-21 00:00:00-04:00,104000.0,108740.0,102400.0,107400.0,0,0.0,0.0
2022-09-22 00:00:00-04:00,105940.0,110400.0,102600.0,106780.0,0,0.0,0.0
2022-09-23 00:00:00-04:00,102400.0,109800.0,102400.0,106600.0,0,0.0,0.0
2022-09-26 00:00:00-04:00,102800.0,111620.0,101040.0,102800.0,1,0.0,0.0
2022-09-27 00:00:00-04:00,102800.0,105600.0,86720.0,93000.0,6,0.0,0.0
2022-09-28 00:00:00-04:00,96380.0,100000.0,87700.0,93600.0,6,0.0,0.0
2022-09-29 00:00:00-04:00,99000.0,100000.0,86000.0,92800.0,6,0.0,0.0
2022-09-30 00:00:00-04:00,89600.0,96000.0,87000.0,91000.0,6,0.0,0.0
2022-10-03 00:00:00-04:00,88800.0,95000.0,83800.0,86000.0,3,0.0,0.0
2022-10-04 00:00:00-04:00,86200.0,93000.0,82400.0,87400.0,3,0.0,0.0
2022-10-05 00:00:00-04:00,85000.0,92100.0,83600.0,86800.0,4,0.0,0.0
2022-10-06 00:00:00-04:00,84800.0,90200.0,81000.0,84800.0,4,0.0,0.0
2022-10-07 00:00:00-04:00,81000.0,90000.0,73200.0,77200.0,4,0.0,0.0
2022-10-10 00:00:00-04:00,76000.0,80800.0,68680.0,72000.0,1,0.0,0.0
2022-10-11 00:00:00-04:00,69400.0,71620.0,62600.0,66000.0,0,0.0,0.0
2022-10-12 00:00:00-04:00,68000.0,68000.0,59880.0,65000.0,1,0.0,0.0
2022-10-13 00:00:00-04:00,60800.0,62400.0,57200.0,59600.0,1,0.0,0.0
2022-10-14 00:00:00-04:00,58800.0,60260.0,53600.0,54000.0,1,0.0,0.0
2022-10-17 00:00:00-04:00,56000.0,64000.0,50560.0,58000.0,1,0.0,0.0
2022-10-18 00:00:00-04:00,69800.0,69800.0,53500.0,60400.0,4,0.0,0.0
2022-10-19 00:00:00-04:00,64800.0,77600.0,56000.0,65000.0,6,0.0,0.0
2022-10-20 00:00:00-04:00,65200.0,149400.0,65200.0,102400.0,253,0.0,0.0
2022-10-21 00:00:00-04:00,104800.0,137600.0,81000.0,91600.0,106,0.0,0.0
2022-10-24 00:00:00-04:00,88200.0,88200.0,56200.0,68400.0,15,0.0,0.0
2022-10-25 00:00:00-04:00,62800.0,66000.0,56800.0,61800.0,12,0.0,0.0
2022-10-26 00:00:00-04:00,65200.0,65200.0,58000.0,60600.0,6,0.0,0.0
2022-10-27 00:00:00-04:00,58800.0,61000.0,51800.0,56600.0,6,0.0,0.0
2022-10-28 00:00:00-04:00,55000.0,59120.0,54500.0,56000.0,4,0.0,0.0
2022-10-31 00:00:00-04:00,55000.0,57200.0,54400.0,55600.0,3,0.0,0.0
2022-11-01 00:00:00-04:00,55400.0,59600.0,50000.0,55000.0,3,0.0,0.0
2022-11-02 00:00:00-04:00,55300.0,55800.0,51720.0,53200.0,3,0.0,0.0
2022-11-03 00:00:00-04:00,54000.0,56000.0,50200.0,51400.0,3,0.0,0.0
2022-11-04 00:00:00-04:00,54800.0,54800.0,50800.0,51800.0,3,0.0,0.0
2022-11-07 00:00:00-05:00,52000.0,67600.0,52000.0,57200.0,22,0.0,0.0
2022-11-08 00:00:00-05:00,58000.0,58000.0,51400.0,55800.0,4,0.0,0.0
2022-11-09 00:00:00-05:00,56000.0,57660.0,50600.0,53000.0,7,0.0,0.0
2022-11-10 00:00:00-05:00,55800.0,59600.0,52400.0,57300.0,5,0.0,0.0
2022-11-11 00:00:00-05:00,60000.0,69520.0,56400.0,69000.0,9,0.0,0.0
2022-11-14 00:00:00-05:00,69800.0,69800.0,62000.0,63200.0,2,0.0,0.0
2022-11-15 00:00:00-05:00,65600.0,68800.0,63800.0,65000.0,2,0.0,0.0
2022-11-16 00:00:00-05:00,65000.0,67720.0,63600.0,65200.0,1,0.0,0.0
2022-11-17 00:00:00-05:00,65000.0,70000.0,63800.0,67200.0,1,0.0,0.0
2022-11-18 00:00:00-05:00,66000.0,69200.0,62400.0,63000.0,7,0.0,0.0
2022-11-21 00:00:00-05:00,62400.0,64800.0,55400.0,60200.0,4,0.0,0.0
2022-11-22 00:00:00-05:00,60800.0,60800.0,56720.0,59200.0,0,0.0,0.0
2022-11-23 00:00:00-05:00,58600.0,62000.0,56400.0,60800.0,2,0.0,0.0
2022-11-25 00:00:00-05:00,59200.0,67800.0,57800.0,66600.0,5,0.0,0.0
2022-11-28 00:00:00-05:00,68400.0,68400.0,62140.0,65000.0,1,0.0,0.0
2022-11-29 00:00:00-05:00,63400.0,64000.0,57400.0,58000.0,2,0.0,0.0
2022-11-30 00:00:00-05:00,56800.0,59600.0,54580.0,56600.0,5,0.0,0.0
2022-12-01 00:00:00-05:00,56600.0,64400.0,56600.0,64400.0,2,0.0,0.0
2022-12-02 00:00:00-05:00,64400.0,64400.0,60000.0,64000.0,2,0.0,0.0
2022-12-05 00:00:00-05:00,65000.0,69600.0,63000.0,64000.0,3,0.0,0.0
2022-12-06 00:00:00-05:00,63800.0,69800.0,60800.0,64600.0,3,0.0,0.0
2022-12-07 00:00:00-05:00,67000.0,67000.0,62020.0,63200.0,1,0.0,0.0
2022-12-08 00:00:00-05:00,63800.0,66800.0,59600.0,61400.0,8,0.0,0.0
2022-12-09 00:00:00-05:00,62800.0,62800.0,56800.0,59600.0,8,0.0,0.0
2022-12-12 00:00:00-05:00,59400.0,62000.0,56000.0,59600.0,7,0.0,0.0
2022-12-13 00:00:00-05:00,62000.0,64000.0,58120.0,60800.0,15,0.0,0.0
2022-12-14 00:00:00-05:00,60000.0,63800.0,58100.0,60600.0,15,0.0,0.0
2022-12-15 00:00:00-05:00,61600.0,62100.0,59400.0,60400.0,15,0.0,0.0
2022-12-16 00:00:00-05:00,60400.0,62000.0,57400.0,57400.0,24,0.0,0.0
2022-12-19 00:00:00-05:00,57200.0,58600.0,47200.0,48400.0,6,0.0,0.0
2022-12-20 00:00:00-05:00,49400.0,53000.0,36380.0,37000.0,8,0.0,0.0
2022-12-21 00:00:00-05:00,37400.0,37400.0,31000.0,31600.0,8,0.0,0.0
2022-12-22 00:00:00-05:00,30400.0,32740.0,29000.0,31800.0,4,0.0,0.0
2022-12-23 00:00:00-05:00,31400.0,31800.0,30600.0,30800.0,2,0.0,0.0
2022-12-27 00:00:00-05:00,30600.0,31200.0,30000.0,30000.0,2,0.0,0.0
2022-12-28 00:00:00-05:00,30000.0,30600.0,28800.0,30400.0,2,0.0,0.0
2022-12-29 00:00:00-05:00,30400.0,31400.0,29400.0,31400.0,3,0.0,0.0
2022-12-30 00:00:00-05:00,30400.0,32600.0,30400.0,32600.0,4,0.0,0.0
2023-01-03 00:00:00-05:00,32000.0,32500.0,27600.0,28200.0,4,0.0,0.0
2023-01-04 00:00:00-05:00,29000.0,29000.0,27600.0,28000.0,2,0.0,0.0
2023-01-05 00:00:00-05:00,28800.0,28800.0,26600.0,27000.0,2,0.0,0.0
2023-01-06 00:00:00-05:00,26800.0,29000.0,26600.0,27200.0,3,0.0,0.0
2023-01-09 00:00:00-05:00,27200.0,28400.0,25800.0,26000.0,3,0.0,0.0
2023-01-10 00:00:00-05:00,26800.0,27600.0,25600.0,26600.0,4,0.0,0.0
2023-01-11 00:00:00-05:00,26400.0,27000.0,25640.0,26800.0,3,0.0,0.0
2023-01-12 00:00:00-05:00,28000.0,30600.0,27200.0,28600.0,14,0.0,0.0
2023-01-13 00:00:00-05:00,28600.0,28800.0,27000.0,27800.0,7,0.0,0.0
2023-01-17 00:00:00-05:00,28000.0,28000.0,26080.0,27800.0,5,0.0,0.0
2023-01-18 00:00:00-05:00,27600.0,28000.0,26400.0,27000.0,3,0.0,0.0
2023-01-19 00:00:00-05:00,26600.0,27000.0,25800.0,26400.0,4,0.0,0.0
2023-01-20 00:00:00-05:00,26000.0,27000.0,26000.0,26400.0,2,0.0,0.0
2023-01-23 00:00:00-05:00,26600.0,28160.0,26600.0,27800.0,6,0.0,0.0
2023-01-24 00:00:00-05:00,27000.0,27780.0,26600.0,27000.0,5,0.0,0.0
2023-01-25 00:00:00-05:00,26400.0,26760.0,24400.0,25400.0,4,0.0,0.0
2023-01-26 00:00:00-05:00,25800.0,26200.0,24600.0,25600.0,6,0.0,0.0
2023-01-27 00:00:00-05:00,25800.0,26580.0,24020.0,26000.0,6,0.0,0.0
2023-01-30 00:00:00-05:00,26000.0,26400.0,25400.0,25600.0,1,0.0,0.0
2023-01-31 00:00:00-05:00,25600.0,26000.0,25200.0,25400.0,3,0.0,0.0
2023-02-01 00:00:00-05:00,25400.0,25600.0,24200.0,24800.0,5,0.0,0.0
2023-02-02 00:00:00-05:00,25600.0,25600.0,23600.0,24600.0,7,0.0,0.0
2023-02-03 00:00:00-05:00,25000.0,26000.0,23400.0,23400.0,7,0.0,0.0
2023-02-06 00:00:00-05:00,24200.0,24200.0,21800.0,22200.0,10,0.0,0.0
2023-02-07 00:00:00-05:00,22400.0,22400.0,20600.0,21200.0,117,0.0,0.0
2023-02-08 00:00:00-05:00,18800.0,18800.0,17400.0,18000.0,50,0.0,0.0
2023-02-09 00:00:00-05:00,17600.0,17800.0,16200.0,16760.0,20,0.0,0.0
2023-02-10 00:00:00-05:00,16220.0,18800.0,15600.0,17760.0,72,0.0,0.0
2023-02-13 00:00:00-05:00,18400.0,19800.0,15600.0,16200.0,115,0.0,0.0
2023-02-14 00:00:00-05:00,16400.0,17000.0,14020.0,14600.0,43,0.0,0.0
2023-02-15 00:00:00-05:00,14600.0,15400.0,12520.0,14400.0,40,0.0,0.0
2023-02-16 00:00:00-05:00,14400.0,14800.0,13600.0,13800.0,14,0.0,0.0
2023-02-17 00:00:00-05:00,13800.0,13800.0,12800.0,13800.0,15,0.0,0.0
2023-02-21 00:00:00-05:00,13600.0,13800.0,12140.0,12600.0,10,0.0,0.0
2023-02-22 00:00:00-05:00,12400.0,14460.0,12140.0,12980.0,19,0.0,0.0
2023-02-23 00:00:00-05:00,13000.0,13000.0,11000.0,11720.0,17,0.0,0.0
2023-02-24 00:00:00-05:00,11300.0,11300.0,9740.0,10120.0,21,0.0,0.0
2023-02-27 00:00:00-05:00,9800.0,10060.0,9600.0,9720.0,11,0.0,0.0
2023-02-28 00:00:00-05:00,10000.0,10400.0,9600.0,9820.0,11,0.0,0.0
2023-03-01 00:00:00-05:00,9600.0,10200.0,9600.0,10080.0,7,0.0,0.0
2023-03-02 00:00:00-05:00,10400.0,10700.0,9260.0,9980.0,19,0.0,0.0
2023-03-03 00:00:00-05:00,10000.0,10100.0,9000.0,9600.0,11,0.0,0.0
2023-03-06 00:00:00-05:00,10000.0,10000.0,9140.0,9860.0,10,0.0,0.0
2023-03-07 00:00:00-05:00,10760.0,11000.0,9160.0,9600.0,23,0.0,0.0
2023-03-08 00:00:00-05:00,9600.0,9600.0,9020.0,9320.0,6,0.0,0.0
2023-03-09 00:00:00-05:00,9200.0,9660.0,8220.0,8700.0,8,0.0,0.0
2023-03-10 00:00:00-05:00,8800.0,9000.0,7260.0,8000.0,15,0.0,0.0
2023-03-13 00:00:00-04:00,7840.0,10000.0,7360.0,9300.0,20,0.0,0.0
2023-03-14 00:00:00-04:00,10000.0,10000.0,8960.0,9000.0,9,0.0,0.0
2023-03-15 00:00:00-04:00,9200.0,9400.0,8040.0,8400.0,5,0.0,0.0
2023-03-16 00:00:00-04:00,8400.0,9000.0,8260.0,8780.0,4,0.0,0.0
2023-03-17 00:00:00-04:00,9400.0,9400.0,8400.0,8800.0,6,0.0,0.0
2023-03-20 00:00:00-04:00,8800.0,9600.0,7800.0,8800.0,9,0.0,0.0
2023-03-21 00:00:00-04:00,8780.0,9000.0,7420.0,8400.0,6,0.0,0.0
2023-03-22 00:00:00-04:00,8400.0,8460.0,8040.0,8300.0,5,0.0,0.0
2023-03-23 00:00:00-04:00,8400.0,8800.0,8200.0,8640.0,3,0.0,0.0
2023-03-24 00:00:00-04:00,8600.0,9200.0,8200.0,8600.0,6,0.0,0.0
2023-03-27 00:00:00-04:00,8600.0,9600.0,8400.0,9000.0,4,0.0,0.0
2023-03-28 00:00:00-04:00,9620.0,9900.0,9000.0,9780.0,5,0.0,0.0
2023-03-29 00:00:00-04:00,9400.0,9600.0,8200.0,9200.0,5,0.0,0.0
2023-03-30 00:00:00-04:00,8800.0,8860.0,7820.0,8000.0,14,0.0,0.0
2023-03-31 00:00:00-04:00,7800.0,7900.0,7360.0,7400.0,8,0.0,0.0
2023-04-03 00:00:00-04:00,7600.0,7800.0,7220.0,7420.0,7,0.0,0.0
2023-04-04 00:00:00-04:00,7200.0,7400.0,6780.0,7000.0,8,0.0,0.0
2023-04-05 00:00:00-04:00,7000.0,7560.0,6800.0,7000.0,9,0.0,0.0
2023-04-06 00:00:00-04:00,6800.0,7860.0,6800.0,7200.0,10,0.0,0.0
2023-04-10 00:00:00-04:00,7200.0,7200.0,6800.0,6900.0,4,0.0,0.0
2023-04-11 00:00:00-04:00,7400.0,7600.0,7000.0,7600.0,7,0.0,0.0
2023-04-12 00:00:00-04:00,7820.0,7820.0,6840.0,7000.0,13,0.0,0.0
2023-04-13 00:00:00-04:00,7200.0,7200.0,6900.0,7200.0,7,0.0,0.0
2023-04-14 00:00:00-04:00,7400.0,7400.0,6800.0,7100.0,6,0.0,0.0
2023-04-17 00:00:00-04:00,7200.0,7400.0,6900.0,7020.0,25,0.0,0.0
2023-04-18 00:00:00-04:00,7600.0,7800.0,6620.0,7540.0,174,0.0,0.0
2023-04-19 00:00:00-04:00,7400.0,7400.0,5580.0,6060.0,99,0.0,0.0
2023-04-20 00:00:00-04:00,7300.0,8000.0,6420.0,6960.0,574,0.0,0.0
2023-04-21 00:00:00-04:00,6600.0,6600.0,5220.0,5500.0,123,0.0,0.0
2023-04-24 00:00:00-04:00,5400.0,5440.0,4400.0,4800.0,58,0.0,0.0
2023-04-25 00:00:00-04:00,4620.0,4800.0,4000.0,4520.0,44,0.0,0.0
2023-04-26 00:00:00-04:00,4300.0,4980.0,4300.0,4880.0,20,0.0,0.0
2023-04-27 00:00:00-04:00,5000.0,5000.0,4400.0,4800.0,19,0.0,0.0
2023-04-28 00:00:00-04:00,4460.0,4980.0,4220.0,4620.0,31,0.0,0.0
2023-05-01 00:00:00-04:00,4760.0,4940.0,4420.0,4700.0,12,0.0,0.0
2023-05-02 00:00:00-04:00,4800.0,4800.0,4220.0,4220.0,24,0.0,0.0
2023-05-03 00:00:00-04:00,4540.0,4580.0,4300.0,4340.0,13,0.0,0.0
2023-05-04 00:00:00-04:00,4400.0,4580.0,4200.0,4400.0,10,0.0,0.0
2023-05-05 00:00:00-04:00,4520.0,4800.0,4400.0,4680.0,18,0.0,0.0
2023-05-08 00:00:00-04:00,4600.0,5000.0,4400.0,4900.0,21,0.0,0.0
2023-05-09 00:00:00-04:00,4800.0,4800.0,4480.0,4800.0,7,0.0,0.0
2023-05-10 00:00:00-04:00,4800.0,5600.0,4420.0,5000.0,193,0.0,0.0
2023-05-11 00:00:00-04:00,4800.0,6200.0,4420.0,5800.0,894,0.0,0.0
2023-05-12 00:00:00-04:00,5340.0,5340.0,4500.0,4720.0,204,0.0,0.0
2023-05-15 00:00:00-04:00,4700.0,4700.0,3820.0,4140.0,142,0.0,0.0
2023-05-16 00:00:00-04:00,3800.0,3920.0,3400.0,3800.0,143,0.0,0.0
2023-05-17 00:00:00-04:00,3880.0,3980.0,3500.0,3660.0,53,0.0,0.0
2023-05-18 00:00:00-04:00,3620.0,3740.0,3380.0,3440.0,60,0.0,0.0
2023-05-19 00:00:00-04:00,3520.0,3700.0,3440.0,3460.0,77,0.0,0.0
2023-05-22 00:00:00-04:00,3420.0,3520.0,3060.0,3260.0,56,0.0,0.0
2023-05-23 00:00:00-04:00,3360.0,3360.0,3200.0,3320.0,33,0.0,0.0
2023-05-24 00:00:00-04:00,3260.0,3360.0,2800.0,2900.0,114,0.0,0.0
2023-05-25 00:00:00-04:00,3000.0,3160.0,2800.0,2900.0,43,0.0,0.0
2023-05-26 00:00:00-04:00,2980.0,3080.0,2400.0,2400.0,163,0.0,0.0
2023-05-30 00:00:00-04:00,2500.0,2560.0,2400.0,2500.0,51,0.0,0.0
2023-05-31 00:00:00-04:00,2500.0,2540.0,2240.0,2280.0,58,0.0,0.0
2023-06-01 00:00:00-04:00,2400.0,2500.0,2060.0,2440.0,234,0.0,0.0
2023-06-02 00:00:00-04:00,2360.0,2500.0,2280.0,2380.0,136,0.0,0.0
2023-06-05 00:00:00-04:00,2360.0,2640.0,2200.0,2400.0,134,0.0,0.0
2023-06-06 00:00:00-04:00,2400.0,2400.0,2200.0,2200.0,37,0.0,0.0
2023-06-07 00:00:00-04:00,2320.0,2320.0,2220.0,2300.0,47,0.0,0.0
2023-06-08 00:00:00-04:00,2340.0,2360.0,2220.0,2320.0,30,0.0,0.0
2023-06-09 00:00:00-04:00,2360.0,2600.0,2300.0,2500.0,92,0.0,0.0
2023-06-12 00:00:00-04:00,2640.0,2640.0,2400.0,2500.0,48,0.0,0.0
2023-06-13 00:00:00-04:00,2580.0,2720.0,2420.0,2540.0,68,0.0,0.0
2023-06-14 00:00:00-04:00,2640.0,2660.0,2340.0,2420.0,68,0.0,0.0
2023-06-15 00:00:00-04:00,2560.0,2560.0,2200.0,2340.0,50,0.0,0.0
2023-06-16 00:00:00-04:00,2400.0,2600.0,2300.0,2420.0,161,0.0,0.0
2023-06-20 00:00:00-04:00,2500.0,2500.0,2280.0,2400.0,59,0.0,0.0
2023-06-21 00:00:00-04:00,2320.0,2400.0,2240.0,2300.0,36,0.0,0.0
2023-06-22 00:00:00-04:00,2380.0,2380.0,2300.0,2320.0,32,0.0,0.0
2023-06-23 00:00:00-04:00,2340.0,2360.0,2300.0,2340.0,30,0.0,0.0
2023-06-26 00:00:00-04:00,2340.0,2340.0,2300.0,2300.0,35,0.0,0.0
2023-06-27 00:00:00-04:00,2360.0,2940.0,2300.0,2900.0,295,0.0,0.0
2023-06-28 00:00:00-04:00,2840.0,2840.0,2480.0,2600.0,63,0.0,0.0
2023-06-29 00:00:00-04:00,2660.0,2900.0,2600.0,2740.0,58,0.0,0.0
2023-06-30 00:00:00-04:00,2720.0,2800.0,2360.0,2480.0,104,0.0,0.0
2023-07-03 00:00:00-04:00,2500.0,2500.0,2300.0,2340.0,35,0.0,0.0
2023-07-05 00:00:00-04:00,2400.0,2400.0,2220.0,2340.0,62,0.0,0.0
2023-07-06 00:00:00-04:00,2340.0,2340.0,2220.0,2260.0,39,0.0,0.0
2023-07-07 00:00:00-04:00,2240.0,2440.0,2220.0,2320.0,108,0.0,0.0
2023-07-10 00:00:00-04:00,2380.0,2400.0,2220.0,2240.0,53,0.0,0.0
2023-07-11 00:00:00-04:00,2340.0,2340.0,2240.0,2260.0,40,0.0,0.0
2023-07-12 00:00:00-04:00,2380.0,2380.0,2180.0,2240.0,335,0.0,0.0
2023-07-13 00:00:00-04:00,2180.0,2180.0,2000.0,2060.0,202,0.0,0.0
2023-07-14 00:00:00-04:00,2100.0,2100.0,1820.0,1900.0,180,0.0,0.0
2023-07-17 00:00:00-04:00,1980.0,1980.0,1820.0,1840.0,90,0.0,0.0
2023-07-18 00:00:00-04:00,1900.0,1900.0,1780.0,1840.0,116,0.0,0.0
2023-07-19 00:00:00-04:00,1780.0,1780.0,1640.0,1680.0,132,0.0,0.0
2023-07-20 00:00:00-04:00,1780.0,1780.0,1620.0,1620.0,66,0.0,0.0
2023-07-21 00:00:00-04:00,1680.0,1680.0,1560.0,1580.0,75,0.0,0.0
2023-07-24 00:00:00-04:00,1600.0,1600.0,1500.0,1520.0,66,0.0,0.0
2023-07-25 00:00:00-04:00,1520.0,1640.0,1520.0,1620.0,118,0.0,0.0
2023-07-26 00:00:00-04:00,1680.0,1680.0,1540.0,1580.0,44,0.0,0.0
2023-07-27 00:00:00-04:00,1680.0,1780.0,1540.0,1760.0,80,0.0,0.0
2023-07-28 00:00:00-04:00,1600.0,1660.0,1540.0,1640.0,76,0.0,0.0
2023-07-31 00:00:00-04:00,1660.0,1680.0,1600.0,1640.0,105,0.0,0.0
2023-08-01 00:00:00-04:00,1600.0,1640.0,1560.0,1580.0,79,0.0,0.0
2023-08-02 00:00:00-04:00,1580.0,1640.0,1520.0,1540.0,104,0.0,0.0
2023-08-03 00:00:00-04:00,1500.0,1580.0,1480.0,1540.0,453,0.0,0.0
2023-08-04 00:00:00-04:00,1540.0,1540.0,1360.0,1420.0,213,0.0,0.0
2023-08-07 00:00:00-04:00,1480.0,1480.0,1360.0,1400.0,65,0.0,0.0
2023-08-08 00:00:00-04:00,1440.0,1440.0,1220.0,1320.0,121,0.0,0.0
2023-08-09 00:00:00-04:00,1340.0,1360.0,1220.0,1260.0,76,0.0,0.0
2023-08-10 00:00:00-04:00,1460.0,1460.0,1200.0,1380.0,122,0.0,0.0
2023-08-11 00:00:00-04:00,1340.0,1340.0,1240.0,1340.0,71,0.0,0.0
2023-08-14 00:00:00-04:00,1200.0,1340.0,1200.0,1300.0,53,0.0,0.0
2023-08-15 00:00:00-04:00,1220.0,1320.0,1220.0,1320.0,59,0.0,0.0
2023-08-16 00:00:00-04:00,1320.0,1540.0,1280.0,1340.0,677,0.0,0.0
2023-08-17 00:00:00-04:00,1680.0,1740.0,1200.0,1280.0,2556,0.0,0.0
2023-08-18 00:00:00-04:00,1300.0,1300.0,1040.0,1180.0,960,0.0,0.0
2023-08-21 00:00:00-04:00,1120.0,1340.0,1020.0,1320.0,1313,0.0,0.0
2023-08-22 00:00:00-04:00,1400.0,1400.0,1140.0,1240.0,932,0.0,0.0
2023-08-23 00:00:00-04:00,1180.0,1500.0,1120.0,1340.0,1267,0.0,0.0
2023-08-24 00:00:00-04:00,1280.0,1380.0,1200.0,1220.0,395,0.0,0.0
2023-08-25 00:00:00-04:00,1200.0,1400.0,1160.0,1280.0,514,0.0,0.0
2023-08-28 00:00:00-04:00,1240.0,1240.0,1140.0,1140.0,450,0.0,0.0
2023-08-29 00:00:00-04:00,1140.0,1280.0,1100.0,1140.0,676,0.0,0.0
2023-08-30 00:00:00-04:00,1220.0,1220.0,1100.0,1160.0,349,0.0,0.0
2023-08-31 00:00:00-04:00,1020.0,1160.0,1020.0,1140.0,351,0.0,0.0
2023-09-01 00:00:00-04:00,1120.0,1120.0,1020.0,1100.0,291,0.0,0.0
2023-09-05 00:00:00-04:00,1180.0,1300.0,1120.0,1240.0,1044,0.0,0.0
2023-09-06 00:00:00-04:00,1220.0,1220.0,1080.0,1160.0,449,0.0,0.0
2023-09-07 00:00:00-04:00,1140.0,1160.0,1040.0,1080.0,327,0.0,0.0
2023-09-08 00:00:00-04:00,1120.0,1120.0,1000.0,1020.0,355,0.0,0.0
2023-09-11 00:00:00-04:00,1080.0,1200.0,840.0,860.0,2054,0.0,0.0
2023-09-12 00:00:00-04:00,1185.0,1291.0,901.0,920.0,31842,0.0,0.005
2023-09-13 00:00:00-04:00,859.0,1193.0,800.0,947.0,12612,0.0,0.0
2023-09-14 00:00:00-04:00,827.0,1140.0,826.0,890.0,9642,0.0,0.0
2023-09-15 00:00:00-04:00,970.0,1018.0,851.0,860.0,2105,0.0,0.0
2023-09-18 00:00:00-04:00,871.0,893.0,681.0,685.0,2604,0.0,0.0
2023-09-19 00:00:00-04:00,691.0,820.0,635.0,645.0,3133,0.0,0.0
2023-09-20 00:00:00-04:00,691.0,774.0,660.0,674.0,1343,0.0,0.0
2023-09-21 00:00:00-04:00,688.0,770.0,661.0,738.0,2270,0.0,0.0
2023-09-22 00:00:00-04:00,726.0,770.7999877929688,670.0,675.0,825,0.0,0.0
2023-09-25 00:00:00-04:00,675.0,708.0,610.0,623.0,1048,0.0,0.0
2023-09-26 00:00:00-04:00,594.0,680.0,594.0,638.0,620,0.0,0.0
2023-09-27 00:00:00-04:00,641.0,668.0,551.0,551.0,745,0.0,0.0
2023-09-28 00:00:00-04:00,219.0,220.0,200.0,206.0,12732,0.0,0.0
2023-09-29 00:00:00-04:00,200.0,202.0,176.0,179.0,4078,0.0,0.0
2023-10-02 00:00:00-04:00,180.0,185.0,165.0,175.0,2709,0.0,0.0
2023-10-03 00:00:00-04:00,187.0,187.0,158.0,162.0,5449,0.0,0.0
2023-10-04 00:00:00-04:00,161.0,164.5,147.0,154.0,2982,0.0,0.0
2023-10-05 00:00:00-04:00,152.0,159.0,142.0,146.5,2599,0.0,0.0
2023-10-06 00:00:00-04:00,148.0,148.0,137.0,140.0,2500,0.0,0.0
2023-10-09 00:00:00-04:00,136.0,140.0,127.0,129.0,1508,0.0,0.0
2023-10-10 00:00:00-04:00,133.0,143.0,126.5999984741211,139.0,2213,0.0,0.0
2023-10-11 00:00:00-04:00,135.0,147.0,127.0,128.0,2113,0.0,0.0
2023-10-12 00:00:00-04:00,134.0,134.0,116.0,118.0,4964,0.0,0.0
2023-10-13 00:00:00-04:00,120.0,129.0,120.0,125.0,1154,0.0,0.0
2023-10-16 00:00:00-04:00,126.0,129.0,119.0,120.0,1043,0.0,0.0
2023-10-17 00:00:00-04:00,125.0,127.0,116.0,119.0,1030,0.0,0.0
2023-10-18 00:00:00-04:00,117.0,118.0,109.0,111.0,1460,0.0,0.0
2023-10-19 00:00:00-04:00,111.0,114.0,102.0,103.0,955,0.0,0.0
2023-10-20 00:00:00-04:00,101.0,104.0,95.80000305175781,98.0,1354,0.0,0.0
2023-10-23 00:00:00-04:00,103.0,103.0,96.5,98.9000015258789,49814,0.0,0.0
2023-10-24 00:00:00-04:00,149.0,198.0,106.0,120.0,459299,0.0,0.0
2023-10-25 00:00:00-04:00,113.0,115.5,101.0,109.0,13619,0.0,0.0
2023-10-26 00:00:00-04:00,102.0,104.0,99.0,102.0,5557,0.0,0.0
2023-10-27 00:00:00-04:00,105.0,105.0,87.9000015258789,92.0,3875,0.0,0.0
2023-10-30 00:00:00-04:00,91.80000305175781,97.69999694824219,82.0,82.30000305175781,3456,0.0,0.0
2023-10-31 00:00:00-04:00,80.9000015258789,94.4000015258789,80.80000305175781,90.19999694824219,3406,0.0,0.0
2023-11-01 00:00:00-04:00,92.0,93.0,82.0,84.30000305175781,1328,0.0,0.0
2023-11-02 00:00:00-04:00,87.5999984741211,91.4000015258789,85.5,86.69999694824219,1780,0.0,0.0
2023-11-03 00:00:00-04:00,88.80000305175781,95.0,85.0,90.5999984741211,1697,0.0,0.0
2023-11-06 00:00:00-05:00,94.0,96.5999984741211,91.19999694824219,91.19999694824219,1584,0.0,0.0
2023-11-07 00:00:00-05:00,91.30000305175781,93.0,87.0,89.5,477,0.0,0.0
2023-11-08 00:00:00-05:00,90.0999984741211,91.80000305175781,82.0,83.19999694824219,912,0.0,0.0
2023-11-09 00:00:00-05:00,83.0,88.0,78.0,82.0,1292,0.0,0.0
2023-11-10 00:00:00-05:00,84.30000305175781,84.30000305175781,75.0,78.0,1423,0.0,0.0
2023-11-13 00:00:00-05:00,76.69999694824219,80.0,75.0,75.5,769,0.0,0.0
2023-11-14 00:00:00-05:00,78.80000305175781,80.0,73.0,78.19999694824219,1124,0.0,0.0
2023-11-15 00:00:00-05:00,76.80000305175781,87.19999694824219,76.80000305175781,85.5999984741211,1785,0.0,0.0
2023-11-16 00:00:00-05:00,87.0,88.0,81.0,82.9000015258789,782,0.0,0.0
2023-11-17 00:00:00-05:00,88.0,88.0,83.0,84.0,497,0.0,0.0
2023-11-20 00:00:00-05:00,84.0,90.0,82.0,86.0,475,0.0,0.0
2023-11-21 00:00:00-05:00,91.19999694824219,91.19999694824219,86.0,86.0,1018,0.0,0.0
2023-11-22 00:00:00-05:00,90.0,90.0,82.0999984741211,85.5,604,0.0,0.0
2023-11-24 00:00:00-05:00,88.5999984741211,88.5999984741211,84.0,85.0999984741211,301,0.0,0.0
2023-11-27 00:00:00-05:00,87.0,94.5,86.0,91.0999984741211,1462,0.0,0.0
2023-11-28 00:00:00-05:00,94.0,94.0,87.0,91.0,939,0.0,0.0
2023-11-29 00:00:00-05:00,91.0,93.0,88.0,89.5,691,0.0,0.0
2023-11-30 00:00:00-05:00,89.0,90.0,84.0,85.0,901,0.0,0.0
2023-12-01 00:00:00-05:00,90.0,90.0,85.0,87.80000305175781,602,0.0,0.0
2023-12-04 00:00:00-05:00,91.0,93.9000015258789,88.0,92.9000015258789,929,0.0,0.0
2023-12-05 00:00:00-05:00,93.5999984741211,93.5999984741211,88.0,88.0,762,0.0,0.0
2023-12-06 00:00:00-05:00,89.69999694824219,92.5999984741211,88.0,90.0,482,0.0,0.0
2023-12-07 00:00:00-05:00,90.0,91.0,86.0,89.0,543,0.0,0.0
2023-12-08 00:00:00-05:00,89.0,91.0999984741211,85.30000305175781,87.0999984741211,273,0.0,0.0
2023-12-11 00:00:00-05:00,88.0,89.69999694824219,84.0,85.19999694824219,354,0.0,0.0
2023-12-12 00:00:00-05:00,85.0999984741211,86.80000305175781,80.80000305175781,82.0,449,0.0,0.0
2023-12-13 00:00:00-05:00,80.0,88.0,80.0,81.5999984741211,556,0.0,0.0
2023-12-14 00:00:00-05:00,86.0,95.0,80.0,86.0,4260,0.0,0.0
2023-12-15 00:00:00-05:00,90.9000015258789,91.5,86.0,87.5,623,0.0,0.0
2023-12-18 00:00:00-05:00,90.0,92.0,85.0,88.80000305175781,517,0.0,0.0
2023-12-19 00:00:00-05:00,88.5,102.0,87.0,96.80000305175781,2190,0.0,0.0
2023-12-20 00:00:00-05:00,94.0,102.0,91.0999984741211,91.0999984741211,2316,0.0,0.0
2023-12-21 00:00:00-05:00,95.0,95.0,89.0,90.0,3947,0.0,0.0
2023-12-22 00:00:00-05:00,95.30000305175781,95.30000305175781,87.0,87.80000305175781,758,0.0,0.0
2023-12-26 00:00:00-05:00,87.4000015258789,89.80000305175781,82.80000305175781,85.4000015258789,1486,0.0,0.0
2023-12-27 00:00:00-05:00,85.4000015258789,87.69999694824219,84.0,86.9000015258789,928,0.0,0.0
2023-12-28 00:00:00-05:00,87.69999694824219,95.0,86.0,88.5,1334,0.0,0.0
2023-12-29 00:00:00-05:00,89.5999984741211,91.0,86.0,87.0,1022,0.0,0.0
2024-01-02 00:00:00-05:00,88.0999984741211,91.0,85.0,85.30000305175781,733,0.0,0.0
2024-01-03 00:00:00-05:00,87.5,88.30000305175781,83.0999984741211,85.0,710,0.0,0.0
2024-01-04 00:00:00-05:00,86.0,87.4000015258789,83.0,83.80000305175781,447,0.0,0.0
2024-01-05 00:00:00-05:00,86.0,88.0,81.0,85.0,1068,0.0,0.0
2024-01-08 00:00:00-05:00,84.0,85.69999694824219,82.0,83.5,469,0.0,0.0
2024-01-09 00:00:00-05:00,82.9000015258789,84.9000015258789,82.0,82.30000305175781,1153,0.0,0.0
2024-01-10 00:00:00-05:00,82.0,83.5,81.0,81.80000305175781,389,0.0,0.0
2024-01-11 00:00:00-05:00,87.19999694824219,87.19999694824219,82.30000305175781,82.5,394,0.0,0.0
2024-01-12 00:00:00-05:00,82.5,84.0,80.0,80.0,681,0.0,0.0
2024-01-16 00:00:00-05:00,84.0,84.0,78.5999984741211,78.5999984741211,804,0.0,0.0
2024-01-17 00:00:00-05:00,80.0,81.0,75.0,77.0,817,0.0,0.0
2024-01-18 00:00:00-05:00,79.0999984741211,81.0,72.5,75.0999984741211,458,0.0,0.0
2024-01-19 00:00:00-05:00,77.0,77.0,64.0,68.19999694824219,2131,0.0,0.0
2024-01-22 00:00:00-05:00,66.0999984741211,68.69999694824219,65.0,67.0,515,0.0,0.0
2024-01-23 00:00:00-05:00,71.0,71.0,68.0,68.0,853,0.0,0.0
2024-01-24 00:00:00-05:00,72.0,72.0,69.0,70.4000015258789,354,0.0,0.0
2024-01-25 00:00:00-05:00,72.0,72.0,67.0,71.0,453,0.0,0.0
2024-01-26 00:00:00-05:00,69.69999694824219,71.4000015258789,68.0,71.0,286,0.0,0.0
2024-01-29 00:00:00-05:00,71.4000015258789,73.0,68.19999694824219,73.0,374,0.0,0.0
2024-01-30 00:00:00-05:00,73.0,73.0,72.0,73.0,347,0.0,0.0
2024-01-31 00:00:00-05:00,73.0,73.0,71.0,72.5,275,0.0,0.0
2024-02-01 00:00:00-05:00,72.69999694824219,74.0999984741211,72.0,72.5,447,0.0,0.0
2024-02-02 00:00:00-05:00,75.0,75.0,72.5,74.0,357,0.0,0.0
2024-02-05 00:00:00-05:00,73.0,75.0,71.5999984741211,74.30000305175781,221,0.0,0.0
2024-02-06 00:00:00-05:00,74.0,74.0,71.30000305175781,73.0,354,0.0,0.0
2024-02-07 00:00:00-05:00,72.0,72.0,68.0999984741211,70.0,1389,0.0,0.0
2024-02-08 00:00:00-05:00,73.0,73.0,68.5999984741211,72.0,371,0.0,0.0
2024-02-09 00:00:00-05:00,72.0,75.0999984741211,69.4000015258789,73.0999984741211,729,0.0,0.0
2024-02-12 00:00:00-05:00,73.5999984741211,75.0,72.0999984741211,73.80000305175781,333,0.0,0.0
2024-02-13 00:00:00-05:00,73.5,73.5,71.0,71.9000015258789,345,0.0,0.0
2024-02-14 00:00:00-05:00,72.0,73.0,69.0999984741211,72.5,920,0.0,0.0
2024-02-15 00:00:00-05:00,70.0,70.0,64.0999984741211,64.4000015258789,2523,0.0,0.0
2024-02-16 00:00:00-05:00,66.69999694824219,69.0999984741211,63.0,65.4000015258789,860,0.0,0.0
2024-02-20 00:00:00-05:00,66.0,66.0,63.0,66.0,1030,0.0,0.0
2024-02-21 00:00:00-05:00,65.80000305175781,66.0,63.0,63.900001525878906,624,0.0,0.0
2024-02-22 00:00:00-05:00,65.5,66.0,60.0,63.0,726,0.0,0.0
2024-02-23 00:00:00-05:00,59.400001525878906,61.79999923706055,58.900001525878906,60.79999923706055,1029,0.0,0.0
2024-02-26 00:00:00-05:00,83.0,87.80000305175781,55.0,56.099998474121094,199434,0.0,0.0
2024-02-27 00:00:00-05:00,51.0,59.79999923706055,44.0,45.70000076293945,28699,0.0,0.0
2024-02-28 00:00:00-05:00,45.900001525878906,47.0,40.20000076293945,44.5,9635,0.0,0.0
2024-02-29 00:00:00-05:00,44.400001525878906,45.0,40.0,42.0,5970,0.0,0.0
2024-03-01 00:00:00-05:00,38.599998474121094,41.400001525878906,36.599998474121094,40.0,6661,0.0,0.0
2024-03-04 00:00:00-05:00,41.0,41.5,37.0,38.5,4207,0.0,0.0
2024-03-05 00:00:00-05:00,39.0,39.0,36.099998474121094,38.0,6293,0.0,0.0
2024-03-06 00:00:00-05:00,37.099998474121094,37.5,35.0,35.79999923706055,5408,0.0,0.0
2024-03-07 00:00:00-05:00,35.900001525878906,39.70000076293945,35.099998474121094,39.20000076293945,8625,0.0,0.0
2024-03-08 00:00:00-05:00,41.79999923706055,53.0,36.099998474121094,36.5,50310,0.0,0.0
2024-03-11 00:00:00-04:00,36.5,36.599998474121094,33.0,36.0,7421,0.0,0.0
2024-03-12 00:00:00-04:00,35.79999923706055,35.79999923706055,31.200000762939453,32.0,5315,0.0,0.0
2024-03-13 00:00:00-04:00,33.5,35.0,31.200000762939453,33.0,3811,0.0,0.0
2024-03-14 00:00:00-04:00,34.5,34.900001525878906,32.0,34.0,3837,0.0,0.0
2024-03-15 00:00:00-04:00,34.0,35.79999923706055,33.0,34.900001525878906,2956,0.0,0.0
2024-03-18 00:00:00-04:00,35.0,38.400001525878906,35.0,37.900001525878906,5949,0.0,0.0
2024-03-19 00:00:00-04:00,37.5,40.0,36.400001525878906,39.0,3088,0.0,0.0
2024-03-20 00:00:00-04:00,39.400001525878906,40.5,37.79999923706055,39.099998474121094,4525,0.0,0.0
2024-03-21 00:00:00-04:00,40.400001525878906,43.0,37.79999923706055,41.5,8696,0.0,0.0
2024-03-22 00:00:00-04:00,41.5,41.5,39.0,39.400001525878906,1717,0.0,0.0
2024-03-25 00:00:00-04:00,39.0,42.79999923706055,37.29999923706055,38.70000076293945,4695,0.0,0.0
2024-03-26 00:00:00-04:00,39.0,40.900001525878906,37.400001525878906,38.599998474121094,1656,0.0,0.0
2024-03-27 00:00:00-04:00,38.599998474121094,40.70000076293945,38.0,39.099998474121094,2149,0.0,0.0
2024-03-28 00:00:00-04:00,40.0,40.599998474121094,37.29999923706055,39.29999923706055,1998,0.0,0.0
2024-04-01 00:00:00-04:00,42.0,42.0,38.400001525878906,39.400001525878906,2295,0.0,0.0
2024-04-02 00:00:00-04:00,39.20000076293945,40.0,36.400001525878906,37.099998474121094,1358,0.0,0.0
2024-04-03 00:00:00-04:00,36.79999923706055,37.5,33.400001525878906,33.79999923706055,3407,0.0,0.0
2024-04-04 00:00:00-04:00,34.0,35.79999923706055,34.0,34.0,1900,0.0,0.0
2024-04-05 00:00:00-04:00,34.0,35.099998474121094,30.0,31.0,2761,0.0,0.0
2024-04-08 00:00:00-04:00,33.0,33.400001525878906,31.399999618530273,31.399999618530273,1488,0.0,0.0
2024-04-09 00:00:00-04:00,30.0,31.0,27.5,27.5,12483,0.0,0.0
2024-04-10 00:00:00-04:00,13.199999809265137,14.0,13.0,13.399999618530273,100716,0.0,0.0
2024-04-11 00:00:00-04:00,13.699999809265137,14.5,13.0,13.800000190734863,59889,0.0,0.0
2024-04-12 00:00:00-04:00,13.899999618530273,13.899999618530273,11.699999809265137,13.0,24803,0.0,0.0
2024-04-15 00:00:00-04:00,12.699999809265137,13.0,12.100000381469727,12.5,9642,0.0,0.0
2024-04-16 00:00:00-04:00,12.199999809265137,12.399999618530273,10.0,11.0,33120,0.0,0.0
2024-04-17 00:00:00-04:00,11.0,11.399999618530273,10.100000381469727,10.699999809265137,27428,0.0,0.0
2024-04-18 00:00:00-04:00,10.0,10.800000190734863,9.100000381469727,10.600000381469727,33182,0.0,0.0
2024-04-19 00:00:00-04:00,10.399999618530273,10.399999618530273,9.5,9.800000190734863,11014,0.0,0.0
2024-04-22 00:00:00-04:00,10.100000381469727,10.399999618530273,9.600000381469727,10.199999809265137,11111,0.0,0.0
2024-04-23 00:00:00-04:00,10.600000381469727,10.899999618530273,9.899999618530273,10.199999809265137,23835,0.0,0.0
2024-04-24 00:00:00-04:00,9.899999618530273,10.0,9.0,9.100000381469727,16755,0.0,0.0
2024-04-25 00:00:00-04:00,9.100000381469727,9.899999618530273,9.0,9.699999809265137,18672,0.0,0.0
2024-04-26 00:00:00-04:00,9.899999618530273,10.300000190734863,9.399999618530273,10.0,19969,0.0,0.0
2024-04-29 00:00:00-04:00,9.899999618530273,10.5,9.800000190734863,10.300000190734863,14573,0.0,0.0
2024-04-30 00:00:00-04:00,10.399999618530273,10.399999618530273,9.800000190734863,9.899999618530273,6771,0.0,0.0
2024-05-01 00:00:00-04:00,9.899999618530273,10.0,9.100000381469727,10.0,9797,0.0,0.0
2024-05-02 00:00:00-04:00,10.100000381469727,10.199999809265137,9.300000190734863,10.0,12885,0.0,0.0
2024-05-03 00:00:00-04:00,10.0,10.5,10.0,10.300000190734863,19012,0.0,0.0
2024-05-06 00:00:00-04:00,10.600000381469727,10.899999618530273,9.800000190734863,10.5,17430,0.0,0.0
2024-05-07 00:00:00-04:00,10.600000381469727,10.600000381469727,10.300000190734863,10.399999618530273,9262,0.0,0.0
2024-05-08 00:00:00-04:00,10.699999809265137,12.699999809265137,10.399999618530273,11.800000190734863,84048,0.0,0.0
2024-05-09 00:00:00-04:00,11.300000190734863,11.300000190734863,10.300000190734863,10.399999618530273,31725,0.0,0.0
2024-05-10 00:00:00-04:00,10.100000381469727,10.199999809265137,9.5,9.5,26378,0.0,0.0
2024-05-13 00:00:00-04:00,10.0,10.5,9.699999809265137,10.5,20088,0.0,0.0
2024-05-14 00:00:00-04:00,10.800000190734863,11.699999809265137,10.300000190734863,11.300000190734863,78797,0.0,0.0
2024-05-15 00:00:00-04:00,11.699999809265137,11.699999809265137,10.100000381469727,11.0,40120,0.0,0.0
2024-05-16 00:00:00-04:00,11.399999618530273,19.799999237060547,11.300000190734863,17.200000762939453,466738,0.0,0.0
2024-05-17 00:00:00-04:00,18.0,18.0,11.699999809265137,12.399999618530273,225370,0.0,0.0
2024-05-20 00:00:00-04:00,12.600000381469727,13.0,11.300000190734863,12.0,209012,0.0,0.0
2024-05-21 00:00:00-04:00,12.399999618530273,12.399999618530273,10.300000190734863,11.100000381469727,136931,0.0,0.0
2024-05-22 00:00:00-04:00,10.600000381469727,14.800000190734863,10.399999618530273,13.100000381469727,433758,0.0,0.0
2024-05-23 00:00:00-04:00,21.0,34.0,19.0,21.5,6631876,0.0,0.0
2024-05-24 00:00:00-04:00,17.5,17.600000381469727,13.100000381469727,15.399999618530273,601034,0.0,0.0
2024-05-28 00:00:00-04:00,14.699999809265137,17.0,13.5,14.899999618530273,420600,0.0,0.0
2024-05-29 00:00:00-04:00,16.299999237060547,18.0,13.5,14.0,999011,0.0,0.0
2024-05-30 00:00:00-04:00,13.600000381469727,14.399999618530273,12.5,13.800000190734863,248194,0.0,0.0
2024-05-31 00:00:00-04:00,12.100000381469727,13.100000381469727,11.300000190734863,12.0,236883,0.0,0.0
2024-06-03 00:00:00-04:00,12.199999809265137,20.299999237060547,12.0,15.0,1172511,0.0,0.0
2024-06-04 00:00:00-04:00,14.100000381469727,14.5,12.600000381469727,13.100000381469727,202282,0.0,0.0
2024-06-05 00:00:00-04:00,12.600000381469727,13.100000381469727,12.0,12.399999618530273,121628,0.0,0.0
2024-06-06 00:00:00-04:00,12.0,12.100000381469727,11.0,11.300000190734863,135674,0.0,0.0
2024-06-07 00:00:00-04:00,11.800000190734863,11.800000190734863,10.600000381469727,11.100000381469727,120209,0.0,0.0
2024-06-10 00:00:00-04:00,11.600000381469727,12.600000381469727,11.100000381469727,12.100000381469727,112496,0.0,0.0
2024-06-11 00:00:00-04:00,12.0,12.399999618530273,11.5,11.5,50430,0.0,0.0
2024-06-12 00:00:00-04:00,11.300000190734863,11.699999809265137,10.800000190734863,11.100000381469727,68648,0.0,0.0
2024-06-13 00:00:00-04:00,10.800000190734863,11.100000381469727,10.100000381469727,11.0,57217,0.0,0.0
2024-06-14 00:00:00-04:00,10.800000190734863,10.899999618530273,10.0,10.300000190734863,41116,0.0,0.0
2024-06-17 00:00:00-04:00,10.199999809265137,10.5,9.100000381469727,9.600000381469727,67356,0.0,0.0
2024-06-18 00:00:00-04:00,9.199999809265137,10.0,9.100000381469727,9.399999618530273,66363,0.0,0.0
2024-06-20 00:00:00-04:00,9.600000381469727,10.800000190734863,9.399999618530273,10.800000190734863,68627,0.0,0.0
2024-06-21 00:00:00-04:00,13.699999809265137,14.199999809265137,10.199999809265137,10.5,1278667,0.0,0.0
2024-06-24 00:00:00-04:00,9.5,10.0,9.399999618530273,9.899999618530273,177020,0.0,0.0
2024-06-25 00:00:00-04:00,9.5,11.5,9.100000381469727,10.199999809265137,163280,0.0,0.0
2024-06-26 00:00:00-04:00,9.699999809265137,11.199999809265137,9.699999809265137,10.300000190734863,92203,0.0,0.0
2024-06-27 00:00:00-04:00,11.0,11.300000190734863,10.199999809265137,10.399999618530273,126475,0.0,0.0
2024-06-28 00:00:00-04:00,10.300000190734863,11.0,10.300000190734863,10.399999618530273,76834,0.0,0.0
2024-07-01 00:00:00-04:00,10.399999618530273,10.399999618530273,9.100000381469727,9.699999809265137,80200,0.0,0.0
2024-07-02 00:00:00-04:00,9.699999809265137,9.699999809265137,9.0,9.300000190734863,71865,0.0,0.0
2024-07-03 00:00:00-04:00,9.5,9.699999809265137,9.199999809265137,9.399999618530273,30979,0.0,0.0
2024-07-05 00:00:00-04:00,9.199999809265137,9.699999809265137,9.199999809265137,9.300000190734863,69353,0.0,0.0
2024-07-08 00:00:00-04:00,10.199999809265137,12.0,9.5,11.800000190734863,787316,0.0,0.0
2024-07-09 00:00:00-04:00,10.699999809265137,10.699999809265137,9.800000190734863,10.0,215623,0.0,0.0
2024-07-10 00:00:00-04:00,9.800000190734863,11.0,9.5,10.0,124358,0.0,0.0
2024-07-11 00:00:00-04:00,9.600000381469727,10.5,9.600000381469727,10.0,122354,0.0,0.0
2024-07-12 00:00:00-04:00,10.300000190734863,11.100000381469727,10.100000381469727,10.399999618530273,85276,0.0,0.0
2024-07-15 00:00:00-04:00,10.300000190734863,10.399999618530273,9.699999809265137,9.800000190734863,62293,0.0,0.0
2024-07-16 00:00:00-04:00,9.800000190734863,10.300000190734863,9.600000381469727,10.300000190734863,58850,0.0,0.0
2024-07-17 00:00:00-04:00,10.300000190734863,10.399999618530273,9.899999618530273,9.899999618530273,33870,0.0,0.0
2024-07-18 00:00:00-04:00,9.899999618530273,10.199999809265137,9.600000381469727,9.899999618530273,33870,0.0,0.0
2024-07-19 00:00:00-04:00,9.899999618530273,10.5,9.800000190734863,9.899999618530273,74442,0.0,0.0
2024-07-22 00:00:00-04:00,9.899999618530273,10.0,8.899999618530273,9.399999618530273,69218,0.0,0.0
2024-07-23 00:00:00-04:00,9.399999618530273,9.399999618530273,8.899999618530273,9.100000381469727,44797,0.0,0.0
2024-07-24 00:00:00-04:00,9.0,9.100000381469727,8.100000381469727,8.5,43976,0.0,0.0
2024-07-25 00:00:00-04:00,8.399999618530273,9.199999809265137,8.399999618530273,8.899999618530273,41156,0.0,0.0
2024-07-26 00:00:00-04:00,8.800000190734863,9.0,8.600000381469727,9.0,24688,0.0,0.0
2024-07-29 00:00:00-04:00,9.0,9.100000381469727,8.5,8.600000381469727,27583,0.0,0.0
2024-07-30 00:00:00-04:00,8.600000381469727,8.699999809265137,7.699999809265137,8.0,58480,0.0,0.0
2024-07-31 00:00:00-04:00,8.199999809265137,9.699999809265137,8.0,9.0,125098,0.0,0.0
2024-08-01 00:00:00-04:00,10.0,10.0,8.199999809265137,8.399999618530273,31887,0.0,0.0
2024-08-02 00:00:00-04:00,8.5,8.5,7.800000190734863,7.800000190734863,33930,0.0,0.0
2024-08-05 00:00:00-04:00,7.0,8.100000381469727,6.599999904632568,7.699999809265137,52318,0.0,0.0
2024-08-06 00:00:00-04:00,7.800000190734863,7.800000190734863,7.5,7.599999904632568,36941,0.0,0.0
2024-08-07 00:00:00-04:00,7.699999809265137,9.0,7.099999904632568,7.599999904632568,44290,0.0,0.0
2024-08-08 00:00:00-04:00,7.900000095367432,8.0,7.199999809265137,7.699999809265137,17352,0.0,0.0
2024-08-09 00:00:00-04:00,8.0,8.300000190734863,7.300000190734863,8.199999809265137,33398,0.0,0.0
2024-08-12 00:00:00-04:00,8.199999809265137,8.199999809265137,7.699999809265137,8.0,10966,0.0,0.0
2024-08-13 00:00:00-04:00,8.100000381469727,8.199999809265137,3.700000047683716,4.599999904632568,288126,0.0,0.0
2024-08-14 00:00:00-04:00,4.599999904632568,4.699999809265137,2.700000047683716,3.5999999046325684,416304,0.0,0.0
2024-08-15 00:00:00-04:00,3.0999999046325684,3.5799999237060547,2.7300000190734863,3.25,378600,0.0,0.01
2024-08-16 00:00:00-04:00,3.1500000953674316,3.7699999809265137,2.8499999046325684,3.619999885559082,327700,0.0,0.0
2024-08-19 00:00:00-04:00,3.6700000762939453,4.25,3.3399999141693115,4.179999828338623,319600,0.0,0.0
2024-08-20 00:00:00-04:00,4.119999885559082,5.298999786376953,4.014999866485596,4.949999809265137,387700,0.0,0.0
2024-08-21 00:00:00-04:00,4.789999961853027,5.289999961853027,4.070000171661377,4.25,158000,0.0,0.0
2024-08-22 00:00:00-04:00,4.480000019073486,4.5,4.039999961853027,4.329999923706055,106800,0.0,0.0
2024-08-23 00:00:00-04:00,4.519999980926514,5.110000133514404,4.289999961853027,4.619999885559082,229100,0.0,0.0
2024-08-26 00:00:00-04:00,4.800000190734863,5.039999961853027,4.269999980926514,4.440000057220459,113600,0.0,0.0
2024-08-27 00:00:00-04:00,4.150000095367432,4.340000152587891,3.7990000247955322,4.010000228881836,149700,0.0,0.0
2024-08-28 00:00:00-04:00,3.950000047683716,3.9700000286102295,3.0399999618530273,3.0999999046325684,214500,0.0,0.0
2024-08-29 00:00:00-04:00,3.0999999046325684,3.4800000190734863,3.0199999809265137,3.25,167000,0.0,0.0
2024-08-30 00:00:00-04:00,3.259999990463257,3.4100000858306885,3.109999895095825,3.130000114440918,100300,0.0,0.0
2024-09-03 00:00:00-04:00,3.0799999237060547,3.0799999237060547,2.5199999809265137,2.5199999809265137,172200,0.0,0.0
2024-09-04 00:00:00-04:00,2.509999990463257,2.759999990463257,2.359999895095825,2.440000057220459,76800,0.0,0.0
2024-09-05 00:00:00-04:00,2.440000057220459,2.7699999809265137,2.4100000858306885,2.621000051498413,89500,0.0,0.0
2024-09-06 00:00:00-04:00,2.680000066757202,2.9100000858306885,2.5999999046325684,2.759999990463257,73600,0.0,0.0
2024-09-09 00:00:00-04:00,2.7799999713897705,2.890000104904175,2.559999942779541,2.75,69800,0.0,0.0
2024-09-10 00:00:00-04:00,2.8399999141693115,3.440000057220459,2.759999990463257,2.940000057220459,236200,0.0,0.0
2024-09-11 00:00:00-04:00,2.9200000762939453,3.200000047683716,2.8499999046325684,2.9700000286102295,75500,0.0,0.0
2024-09-12 00:00:00-04:00,3.009999990463257,3.190000057220459,2.75,2.8399999141693115,71500,0.0,0.0
2024-09-13 00:00:00-04:00,2.859999895095825,3.0399999618530273,2.859999895095825,2.9749999046325684,52100,0.0,0.0
2024-09-16 00:00:00-04:00,3.0299999713897705,3.11899995803833,2.9100000858306885,2.9800000190734863,43600,0.0,0.0
2024-09-17 00:00:00-04:00,2.9700000286102295,3.0199999809265137,2.680000066757202,2.680000066757202,66300,0.0,0.0
2024-09-18 00:00:00-04:00,2.799999952316284,3.0299999713897705,2.736999988555908,2.7690000534057617,124700,0.0,0.0
2024-09-19 00:00:00-04:00,2.799999952316284,2.9760000705718994,2.700000047683716,2.7699999809265137,69200,0.0,0.0
2024-09-20 00:00:00-04:00,2.799999952316284,2.9200000762939453,2.7200000286102295,2.7899999618530273,33800,0.0,0.0
2024-09-23 00:00:00-04:00,2.8399999141693115,2.8399999141693115,2.509999990463257,2.609999895095825,51800,0.0,0.0
2024-09-24 00:00:00-04:00,2.6600000858306885,2.6600000858306885,2.319999933242798,2.430000066757202,57500,0.0,0.0
2024-09-25 00:00:00-04:00,2.4700000286102295,2.619999885559082,2.25,2.255000114440918,64600,0.0,0.0
2024-09-26 00:00:00-04:00,2.3399999141693115,2.440000057220459,2.299999952316284,2.440000057220459,38300,0.0,0.0
2024-09-27 00:00:00-04:00,2.5399999618530273,2.5399999618530273,2.4100000858306885,2.430000066757202,22700,0.0,0.0
2024-09-30 00:00:00-04:00,2.4100000858306885,2.5799999237060547,2.3499999046325684,2.559999942779541,67300,0.0,0.0
2024-10-01 00:00:00-04:00,2.559999942779541,2.859999895095825,2.4600000381469727,2.690000057220459,91500,0.0,0.0
2024-10-02 00:00:00-04:00,2.619999885559082,2.6500000953674316,2.5490000247955322,2.549999952316284,28500,0.0,0.0
2024-10-03 00:00:00-04:00,2.5,2.630000114440918,2.4700000286102295,2.509999990463257,33100,0.0,0.0
2024-10-04 00:00:00-04:00,2.5199999809265137,2.6700000762939453,2.5199999809265137,2.5899999141693115,22800,0.0,0.0
2024-10-07 00:00:00-04:00,2.509999990463257,2.5899999141693115,2.4000000953674316,2.509999990463257,50800,0.0,0.0
2024-10-08 00:00:00-04:00,2.4600000381469727,2.700000047683716,2.450000047683716,2.630000114440918,49500,0.0,0.0
2024-10-09 00:00:00-04:00,2.6500000953674316,2.7799999713897705,2.609999895095825,2.690000057220459,91300,0.0,0.0
2024-10-10 00:00:00-04:00,2.7200000286102295,2.7200000286102295,2.549999952316284,2.700000047683716,36000,0.0,0.0
2024-10-11 00:00:00-04:00,2.75,2.8410000801086426,2.509999990463257,2.7339999675750732,28500,0.0,0.0
2024-10-14 00:00:00-04:00,2.740000009536743,2.740000009536743,2.375,2.430000066757202,73500,0.0,0.0
2024-10-15 00:00:00-04:00,2.440000057220459,2.5,2.369999885559082,2.3959999084472656,36200,0.0,0.0
2024-10-16 00:00:00-04:00,2.4000000953674316,2.5299999713897705,2.3499999046325684,2.450000047683716,38400,0.0,0.0
2024-10-17 00:00:00-04:00,2.5799999237060547,2.609999895095825,2.440000057220459,2.609999895095825,103800,0.0,0.0
2024-10-18 00:00:00-04:00,2.640000104904175,2.859999895095825,2.569999933242798,2.8299999237060547,73000,0.0,0.0
2024-10-21 00:00:00-04:00,2.8299999237060547,3.0299999713897705,2.759999990463257,2.9100000858306885,71900,0.0,0.0
2024-10-22 00:00:00-04:00,3.0,3.0,2.509999990463257,2.5799999237060547,81500,0.0,0.0
2024-10-23 00:00:00-04:00,2.5799999237060547,2.5899999141693115,2.450000047683716,2.4600000381469727,61100,0.0,0.0
2024-10-24 00:00:00-04:00,2.549999952316284,2.680000066757202,2.5139999389648438,2.6700000762939453,90800,0.0,0.0
2024-10-25 00:00:00-04:00,2.680000066757202,2.930000066757202,2.5799999237060547,2.9200000762939453,82300,0.0,0.0
2024-10-28 00:00:00-04:00,2.9600000381469727,3.3910000324249268,2.880000114440918,3.2100000381469727,264800,0.0,0.0
2024-10-29 00:00:00-04:00,3.180000066757202,3.240000009536743,3.1050000190734863,3.1700000762939453,35600,0.0,0.0
2024-10-30 00:00:00-04:00,3.109999895095825,3.6760001182556152,3.0399999618530273,3.359999895095825,143500,0.0,0.0
2024-10-31 00:00:00-04:00,3.3499999046325684,3.3499999046325684,3.180000066757202,3.190000057220459,52300,0.0,0.0
2024-11-01 00:00:00-04:00,3.180000066757202,3.447999954223633,3.119999885559082,3.3299999237060547,80400,0.0,0.0
2024-11-04 00:00:00-05:00,3.319999933242798,3.4200000762939453,3.1670000553131104,3.4100000858306885,34300,0.0,0.0
2024-11-05 00:00:00-05:00,3.430000066757202,3.447000026702881,3.2899999618530273,3.365000009536743,30200,0.0,0.0
2024-11-06 00:00:00-05:00,3.1700000762939453,3.180000066757202,2.6700000762939453,2.700000047683716,66000,0.0,0.0
2024-11-07 00:00:00-05:00,2.880000114440918,2.9600000381469727,2.740000009536743,2.7799999713897705,24400,0.0,0.0
2024-11-08 00:00:00-05:00,2.740000009536743,2.7899999618530273,2.6500000953674316,2.7699999809265137,23000,0.0,0.0
2024-11-11 00:00:00-05:00,2.75,2.9639999866485596,2.5,2.6500000953674316,39900,0.0,0.0
2024-11-12 00:00:00-05:00,2.619999885559082,2.880000114440918,2.617000102996826,2.880000114440918,85200,0.0,0.0
2024-11-13 00:00:00-05:00,2.9100000858306885,2.9800000190734863,2.678999900817871,2.7899999618530273,59600,0.0,0.0
2024-11-14 00:00:00-05:00,2.819999933242798,2.8440001010894775,2.6710000038146973,2.7100000381469727,24600,0.0,0.0
2024-11-15 00:00:00-05:00,2.759999990463257,2.799999952316284,2.569999933242798,2.609999895095825,23100,0.0,0.0
2024-11-18 00:00:00-05:00,2.5999999046325684,2.7070000171661377,2.4200000762939453,2.450000047683716,32400,0.0,0.0
2024-11-19 00:00:00-05:00,2.490000009536743,2.5899999141693115,2.4100000858306885,2.490000009536743,22100,0.0,0.0
2024-11-20 00:00:00-05:00,2.5,2.624000072479248,2.4200000762939453,2.5,14000,0.0,0.0
2024-11-21 00:00:00-05:00,2.5299999713897705,2.5999999046325684,2.299999952316284,2.4800000190734863,57700,0.0,0.0
2024-11-22 00:00:00-05:00,2.4800000190734863,2.5,2.382999897003174,2.5,24000,0.0,0.0
2024-11-25 00:00:00-05:00,2.5399999618530273,2.619999885559082,2.5,2.5399999618530273,41300,0.0,0.0
2024-11-26 00:00:00-05:00,2.5899999141693115,2.869999885559082,2.4800000190734863,2.5899999141693115,61300,0.0,0.0
2024-11-27 00:00:00-05:00,2.5999999046325684,2.5999999046325684,2.5199999809265137,2.5199999809265137,16800,0.0,0.0
2024-11-29 00:00:00-05:00,2.549999952316284,2.680000066757202,2.5,2.6700000762939453,28300,0.0,0.0
2024-12-02 00:00:00-05:00,2.619999885559082,2.865000009536743,2.5399999618530273,2.569999933242798,50200,0.0,0.0
2024-12-03 00:00:00-05:00,2.5399999618530273,2.700000047683716,2.515000104904175,2.549999952316284,32100,0.0,0.0
2024-12-04 00:00:00-05:00,2.5199999809265137,2.674999952316284,2.490000009536743,2.559999942779541,27000,0.0,0.0
2024-12-05 00:00:00-05:00,2.572999954223633,2.6600000858306885,2.4200000762939453,2.430000066757202,38300,0.0,0.0
2024-12-06 00:00:00-05:00,2.509999990463257,2.509999990463257,2.388000011444092,2.4000000953674316,74200,0.0,0.0
2024-12-09 00:00:00-05:00,2.4100000858306885,2.799999952316284,2.4100000858306885,2.640000104904175,120400,0.0,0.0
2024-12-10 00:00:00-05:00,2.740000009536743,2.76200008392334,2.549999952316284,2.7300000190734863,29600,0.0,0.0
2024-12-11 00:00:00-05:00,2.6700000762939453,2.7699999809265137,2.621000051498413,2.6700000762939453,81600,0.0,0.0
2024-12-12 00:00:00-05:00,2.640000104904175,2.674999952316284,2.552000045776367,2.6700000762939453,16300,0.0,0.0
2024-12-13 00:00:00-05:00,2.671999931335449,2.680000066757202,2.4700000286102295,2.549999952316284,47400,0.0,0.0
2024-12-16 00:00:00-05:00,2.549999952316284,3.1500000953674316,2.509999990463257,3.0299999713897705,278700,0.0,0.0
2024-12-17 00:00:00-05:00,3.109999895095825,3.109999895095825,2.7899999618530273,2.930000066757202,53500,0.0,0.0
2024-12-18 00:00:00-05:00,2.9600000381469727,3.0,2.680000066757202,2.7200000286102295,30800,0.0,0.0
2024-12-19 00:00:00-05:00,2.7200000286102295,2.9100000858306885,2.619999885559082,2.700000047683716,81500,0.0,0.0
2024-12-20 00:00:00-05:00,2.700000047683716,2.7899999618530273,2.5899999141693115,2.609999895095825,42700,0.0,0.0
2024-12-23 00:00:00-05:00,2.690000057220459,2.690000057220459,2.430999994277954,2.4800000190734863,67200,0.0,0.0
2024-12-24 00:00:00-05:00,2.5,2.509999990463257,2.4100000858306885,2.509999990463257,41900,0.0,0.0
2024-12-26 00:00:00-05:00,2.509999990463257,2.7699999809265137,2.509999990463257,2.759999990463257,70700,0.0,0.0
2024-12-27 00:00:00-05:00,3.009999990463257,3.2200000286102295,2.7880001068115234,2.9600000381469727,124400,0.0,0.0
2024-12-30 00:00:00-05:00,3.380000114440918,4.409999847412109,3.119999885559082,3.990000009536743,993400,0.0,0.0
2024-12-31 00:00:00-05:00,3.9800000190734863,3.9800000190734863,3.0899999141693115,3.2699999809265137,220300,0.0,0.0
2025-01-02 00:00:00-05:00,3.2899999618530273,3.5399999618530273,3.0,3.0999999046325684,90600,0.0,0.0
2025-01-03 00:00:00-05:00,3.2200000286102295,3.2899999618530273,3.009999990463257,3.130000114440918,72200,0.0,0.0
2025-01-06 00:00:00-05:00,3.2300000190734863,3.319999933242798,3.0899999141693115,3.190000057220459,68000,0.0,0.0
2025-01-07 00:00:00-05:00,3.1500000953674316,3.174999952316284,2.7109999656677246,2.8399999141693115,181100,0.0,0.0
2025-01-08 00:00:00-05:00,2.869999885559082,2.9000000953674316,2.5250000953674316,2.569999933242798,49200,0.0,0.0
2025-01-10 00:00:00-05:00,2.5899999141693115,2.7070000171661377,2.5799999237060547,2.619999885559082,23800,0.0,0.0
2025-01-13 00:00:00-05:00,2.630000114440918,2.630000114440918,2.450000047683716,2.490000009536743,37300,0.0,0.0
2025-01-14 00:00:00-05:00,2.5199999809265137,2.7300000190734863,2.5199999809265137,2.5899999141693115,73800,0.0,0.0
2025-01-15 00:00:00-05:00,2.609999895095825,2.7799999713897705,2.5490000247955322,2.690000057220459,58400,0.0,0.0
2025-01-16 00:00:00-05:00,2.7100000381469727,2.75,2.490000009536743,2.5999999046325684,37200,0.0,0.0
2025-01-17 00:00:00-05:00,2.6500000953674316,2.6500000953674316,2.549999952316284,2.6500000953674316,36600,0.0,0.0
2025-01-21 00:00:00-05:00,2.7300000190734863,2.9700000286102295,2.6600000858306885,2.809999942779541,123100,0.0,0.0
2025-01-22 00:00:00-05:00,2.7899999618530273,3.0899999141693115,2.7100000381469727,2.9700000286102295,81700,0.0,0.0
2025-01-23 00:00:00-05:00,2.950000047683716,2.950000047683716,2.7699999809265137,2.8299999237060547,22800,0.0,0.0
2025-01-24 00:00:00-05:00,2.809999942779541,2.9700000286102295,2.700000047683716,2.7100000381469727,26400,0.0,0.0
2025-01-27 00:00:00-05:00,2.6700000762939453,2.6700000762939453,2.25,2.319999933242798,88600,0.0,0.0
2025-01-28 00:00:00-05:00,2.4100000858306885,2.4100000858306885,2.240000009536743,2.318000078201294,40700,0.0,0.0
2025-01-29 00:00:00-05:00,2.309999942779541,2.3399999141693115,2.1700000762939453,2.2100000381469727,32400,0.0,0.0
2025-01-30 00:00:00-05:00,2.190000057220459,2.2799999713897705,2.128999948501587,2.240000009536743,52500,0.0,0.0
2025-01-31 00:00:00-05:00,2.240000009536743,2.322999954223633,2.200000047683716,2.2100000381469727,20600,0.0,0.0
2025-02-03 00:00:00-05:00,2.2100000381469727,2.2100000381469727,2.013000011444092,2.109999895095825,39200,0.0,0.0
2025-02-04 00:00:00-05:00,2.109999895095825,2.109999895095825,1.899999976158142,2.0450000762939453,41700,0.0,0.0
2025-02-05 00:00:00-05:00,2.059999942779541,2.380000114440918,2.059999942779541,2.319999933242798,54400,0.0,0.0
2025-02-06 00:00:00-05:00,2.319999933242798,2.4600000381469727,2.319000005722046,2.369999885559082,14800,0.0,0.0
2025-02-07 00:00:00-05:00,2.4100000858306885,2.434999942779541,2.240000009536743,2.319999933242798,20000,0.0,0.0
2025-02-10 00:00:00-05:00,2.299999952316284,2.299999952316284,2.130000114440918,2.1600000858306885,12500,0.0,0.0
2025-02-11 00:00:00-05:00,2.200000047683716,2.309999942779541,2.069999933242798,2.0799999237060547,14800,0.0,0.0
2025-02-12 00:00:00-05:00,2.0799999237060547,2.200000047683716,2.0799999237060547,2.1500000953674316,6900,0.0,0.0
2025-02-13 00:00:00-05:00,2.140000104904175,2.3399999141693115,2.071000099182129,2.309999942779541,14600,0.0,0.0
2025-02-14 00:00:00-05:00,2.309999942779541,2.4749999046325684,2.2100000381469727,2.3499999046325684,46500,0.0,0.0
2025-02-18 00:00:00-05:00,2.3499999046325684,2.4700000286102295,2.2899999618530273,2.4100000858306885,15700,0.0,0.0
2025-02-19 00:00:00-05:00,2.3399999141693115,2.490000009536743,2.299999952316284,2.4100000858306885,17500,0.0,0.0
2025-02-20 00:00:00-05:00,2.25,2.447000026702881,2.140000104904175,2.2300000190734863,12800,0.0,0.0
2025-02-21 00:00:00-05:00,2.2100000381469727,2.259999990463257,2.1500000953674316,2.2100000381469727,9900,0.0,0.0
2025-02-24 00:00:00-05:00,2.190000057220459,2.25,2.109999895095825,2.109999895095825,18300,0.0,0.0
2025-02-25 00:00:00-05:00,2.109999895095825,2.140000104904175,2.0,2.0799999237060547,11800,0.0,0.0
2025-02-26 00:00:00-05:00,2.0199999809265137,2.049999952316284,2.0,2.009999990463257,20300,0.0,0.0
2025-02-27 00:00:00-05:00,2.0199999809265137,2.0339999198913574,1.9500000476837158,1.9800000190734863,21300,0.0,0.0
2025-02-28 00:00:00-05:00,1.9800000190734863,2.0190000534057617,1.899999976158142,1.9600000381469727,15100,0.0,0.0
2025-03-03 00:00:00-05:00,1.9800000190734863,1.9800000190734863,1.6699999570846558,1.690000057220459,26000,0.0,0.0
2025-03-04 00:00:00-05:00,1.7000000476837158,1.7000000476837158,1.5010000467300415,1.6799999475479126,24500,0.0,0.0
2025-03-05 00:00:00-05:00,1.659999966621399,1.7899999618530273,1.63100004196167,1.7899999618530273,24300,0.0,0.0
2025-03-06 00:00:00-05:00,1.8220000267028809,1.840000033378601,1.7899999618530273,1.7999999523162842,13900,0.0,0.0
2025-03-07 00:00:00-05:00,1.7999999523162842,1.8799999952316284,1.652999997138977,1.7799999713897705,11800,0.0,0.0
2025-03-10 00:00:00-04:00,1.7699999809265137,1.7760000228881836,1.5800000429153442,1.6399999856948853,15500,0.0,0.0
2025-03-11 00:00:00-04:00,1.6699999570846558,1.6699999570846558,1.5499999523162842,1.649999976158142,12600,0.0,0.0
2025-03-12 00:00:00-04:00,1.7300000190734863,1.7300000190734863,1.6690000295639038,1.715000033378601,7800,0.0,0.0
2025-03-13 00:00:00-04:00,1.7200000286102295,1.7999999523162842,1.6699999570846558,1.7999999523162842,13300,0.0,0.0
2025-03-14 00:00:00-04:00,1.7599999904632568,1.7999999523162842,1.7280000448226929,1.7699999809265137,9600,0.0,0.0
2025-03-17 00:00:00-04:00,1.840000033378601,1.940000057220459,1.840000033378601,1.940000057220459,16600,0.0,0.0
2025-03-18 00:00:00-04:00,1.940000057220459,1.9500000476837158,1.7699999809265137,1.8799999952316284,71200,0.0,0.0
2025-03-19 00:00:00-04:00,1.8700000047683716,1.909999966621399,1.7200000286102295,1.8650000095367432,57300,0.0,0.0
2025-03-20 00:00:00-04:00,1.809999942779541,1.8990000486373901,1.6299999952316284,1.7599999904632568,110900,0.0,0.0
2025-03-21 00:00:00-04:00,1.8179999589920044,1.840000033378601,1.7400000095367432,1.7999999523162842,8400,0.0,0.0
2025-03-24 00:00:00-04:00,1.8200000524520874,1.899999976158142,1.8200000524520874,1.8899999856948853,7400,0.0,0.0
2025-03-25 00:00:00-04:00,1.850000023841858,1.8650000095367432,1.809999942779541,1.8339999914169312,6600,0.0,0.0
2025-03-26 00:00:00-04:00,1.840000033378601,1.850000023841858,1.6699999570846558,1.7100000381469727,65100,0.0,0.0
2025-03-27 00:00:00-04:00,1.7000000476837158,1.7899999618530273,1.6950000524520874,1.7899999618530273,1698700,0.0,0.0
2025-03-28 00:00:00-04:00,1.559999942779541,1.649999976158142,1.3899999856948853,1.409999966621399,325000,0.0,0.0
2025-03-31 00:00:00-04:00,1.3700000047683716,1.4600000381469727,1.25,1.409999966621399,74800,0.0,0.0
2025-04-01 00:00:00-04:00,1.3700000047683716,1.3799999952316284,1.309999942779541,1.350000023841858,51700,0.0,0.0
2025-04-02 00:00:00-04:00,1.350000023841858,1.3600000143051147,1.2000000476837158,1.340000033378601,66500,0.0,0.0
2025-04-03 00:00:00-04:00,1.340000033378601,1.409999966621399,1.25,1.25,44700,0.0,0.0
2025-04-04 00:00:00-04:00,1.2400000095367432,1.350000023841858,1.1699999570846558,1.309999942779541,66700,0.0,0.0
2025-04-07 00:00:00-04:00,1.2200000286102295,1.3300000429153442,1.1699999570846558,1.2699999809265137,42200,0.0,0.0
2025-04-08 00:00:00-04:00,1.2799999713897705,1.3389999866485596,1.2100000381469727,1.2350000143051147,27600,0.0,0.0
2025-04-09 00:00:00-04:00,1.2300000190734863,1.3899999856948853,1.2300000190734863,1.3600000143051147,52500,0.0,0.0
2025-04-10 00:00:00-04:00,1.3600000143051147,1.3799999952316284,1.25,1.340000033378601,20700,0.0,0.0
2025-04-11 00:00:00-04:00,1.340000033378601,1.3700000047683716,1.2699999809265137,1.3300000429153442,17300,0.0,0.0
2025-04-14 00:00:00-04:00,1.4299999475479126,1.4600000381469727,1.3300000429153442,1.340000033378601,38200,0.0,0.0
2025-04-15 00:00:00-04:00,1.440000057220459,1.4609999656677246,1.2599999904632568,1.440000057220459,14800,0.0,0.0
2025-04-16 00:00:00-04:00,1.440000057220459,1.440000057220459,1.3630000352859497,1.3799999952316284,12600,0.0,0.0
2025-04-17 00:00:00-04:00,1.3600000143051147,1.440000057220459,1.2999999523162842,1.409999966621399,23900,0.0,0.0
2025-04-21 00:00:00-04:00,1.399999976158142,1.4600000381469727,1.3799999952316284,1.4600000381469727,8200,0.0,0.0
2025-04-22 00:00:00-04:00,1.4600000381469727,1.5800000429153442,1.4500000476837158,1.5,65900,0.0,0.0
2025-04-23 00:00:00-04:00,1.5499999523162842,1.6799999475479126,1.5,1.5850000381469727,66500,0.0,0.0
2025-04-24 00:00:00-04:00,1.5800000429153442,1.7000000476837158,1.5299999713897705,1.6009999513626099,33500,0.0,0.0
2025-04-25 00:00:00-04:00,1.590000033378601,1.690000057220459,1.590000033378601,1.6799999475479126,33400,0.0,0.0
2025-04-28 00:00:00-04:00,1.659999966621399,1.7000000476837158,1.5379999876022339,1.690000057220459,46500,0.0,0.0
2025-04-29 00:00:00-04:00,1.690000057220459,1.690000057220459,1.6100000143051147,1.656999945640564,12700,0.0,0.0
2025-04-30 00:00:00-04:00,1.7300000190734863,1.7300000190734863,1.600000023841858,1.6699999570846558,8700,0.0,0.0
2025-05-01 00:00:00-04:00,1.6369999647140503,1.7489999532699585,1.6230000257492065,1.7200000286102295,24700,0.0,0.0
2025-05-02 00:00:00-04:00,1.7000000476837158,1.7899999618530273,1.687999963760376,1.7100000381469727,60400,0.0,0.0
2025-05-05 00:00:00-04:00,1.7300000190734863,1.8200000524520874,1.7200000286102295,1.7400000095367432,18300,0.0,0.0
2025-05-06 00:00:00-04:00,1.7699999809265137,1.7999999523162842,1.75,1.7999999523162842,24200,0.0,0.0
2025-05-07 00:00:00-04:00,1.7799999713897705,1.9149999618530273,1.7799999713897705,1.850000023841858,39700,0.0,0.0
2025-05-08 00:00:00-04:00,1.8700000047683716,1.940000057220459,1.812999963760376,1.8899999856948853,10100,0.0,0.0
2025-05-09 00:00:00-04:00,1.940000057220459,1.9950000047683716,1.7999999523162842,1.871000051498413,26900,0.0,0.0
2025-05-12 00:00:00-04:00,2.0,2.059999942779541,1.9299999475479126,2.0,98800,0.0,0.0
2025-05-13 00:00:00-04:00,2.0299999713897705,2.053999900817871,1.7100000381469727,1.809999942779541,78700,0.0,0.0
2025-05-14 00:00:00-04:00,1.809999942779541,1.8539999723434448,1.784999966621399,1.8200000524520874,14800,0.0,0.0
2025-05-15 00:00:00-04:00,1.7949999570846558,1.8200000524520874,1.690000057220459,1.690000057220459,11900,0.0,0.0
2025-05-16 00:00:00-04:00,1.7000000476837158,1.8359999656677246,1.690000057220459,1.7100000381469727,10300,0.0,0.0
2025-05-19 00:00:00-04:00,1.7100000381469727,1.7799999713897705,1.690000057220459,1.7799999713897705,19100,0.0,0.0
2025-05-20 00:00:00-04:00,1.7999999523162842,1.8899999856948853,1.7899999618530273,1.840000033378601,40200,0.0,0.0
2025-05-21 00:00:00-04:00,1.840000033378601,1.8600000143051147,1.6799999475479126,1.690000057220459,48400,0.0,0.0
2025-05-22 00:00:00-04:00,1.7000000476837158,1.7649999856948853,1.649999976158142,1.7000000476837158,18800,0.0,0.0
2025-05-23 00:00:00-04:00,1.600000023841858,1.6629999876022339,1.5609999895095825,1.590000033378601,47400,0.0,0.0
2025-05-27 00:00:00-04:00,1.659999966621399,1.659999966621399,1.590000033378601,1.590000033378601,25200,0.0,0.0
2025-05-28 00:00:00-04:00,1.590000033378601,1.6069999933242798,1.559999942779541,1.5700000524520874,19700,0.0,0.0
2025-05-29 00:00:00-04:00,1.590000033378601,1.7100000381469727,1.5499999523162842,1.5800000429153442,36100,0.0,0.0
2025-05-30 00:00:00-04:00,1.659999966621399,1.6799999475479126,1.5499999523162842,1.5499999523162842,11000,0.0,0.0
2025-06-02 00:00:00-04:00,1.5399999618530273,1.6799999475479126,1.5399999618530273,1.6299999952316284,64500,0.0,0.0
2025-06-03 00:00:00-04:00,1.649999976158142,1.690000057220459,1.5809999704360962,1.649999976158142,43200,0.0,0.0
2025-06-04 00:00:00-04:00,1.6699999570846558,1.7699999809265137,1.6299999952316284,1.6449999809265137,104800,0.0,0.0
2025-06-05 00:00:00-04:00,1.6399999856948853,1.690000057220459,1.590000033378601,1.6200000047683716,51100,0.0,0.0
2025-06-06 00:00:00-04:00,1.659999966621399,1.659999966621399,1.5800000429153442,1.6200000047683716,30500,0.0,0.0
2025-06-09 00:00:00-04:00,1.6799999475479126,1.680999994277954,1.5700000524520874,1.6299999952316284,57200,0.0,0.0
2025-06-10 00:00:00-04:00,1.690000057220459,1.7599999904632568,1.5800000429153442,1.7100000381469727,114000,0.0,0.0
2025-06-11 00:00:00-04:00,1.7000000476837158,1.8020000457763672,1.6699999570846558,1.6799999475479126,124700,0.0,0.0
2025-06-12 00:00:00-04:00,1.7100000381469727,1.7699999809265137,1.600000023841858,1.649999976158142,135400,0.0,0.0
2025-06-13 00:00:00-04:00,1.659999966621399,1.6699999570846558,1.5800000429153442,1.6399999856948853,70900,0.0,0.0
2025-06-16 00:00:00-04:00,1.6399999856948853,1.6699999570846558,1.600000023841858,1.6299999952316284,72600,0.0,0.0
2025-06-17 00:00:00-04:00,1.6200000047683716,1.6299999952316284,1.5700000524520874,1.5800000429153442,41400,0.0,0.0
2025-06-18 00:00:00-04:00,1.5800000429153442,1.6549999713897705,1.5570000410079956,1.600000023841858,20700,0.0,0.0
2025-06-20 00:00:00-04:00,1.6399999856948853,1.6699999570846558,1.5700000524520874,1.5700000524520874,21700,0.0,0.0
2025-06-23 00:00:00-04:00,1.5800000429153442,1.600000023841858,1.5549999475479126,1.559999942779541,34400,0.0,0.0
2025-06-24 00:00:00-04:00,1.600000023841858,1.6299999952316284,1.5800000429153442,1.600000023841858,14300,0.0,0.0
2025-06-25 00:00:00-04:00,1.600000023841858,1.600000023841858,1.100000023841858,1.1649999618530273,247300,0.0,0.0
2025-06-26 00:00:00-04:00,2.869999885559082,3.7100000381469727,2.0999999046325684,2.8399999141693115,112814100,0.0,0.0
2025-06-27 00:00:00-04:00,2.8499999046325684,3.859999895095825,2.0199999809265137,3.240000009536743,16129300,0.0,0.0
2025-06-30 00:00:00-04:00,3.069999933242798,3.069999933242798,2.549999952316284,2.640000104904175,1778300,0.0,0.0
2025-07-01 00:00:00-04:00,2.359999895095825,2.5799999237060547,2.200000047683716,2.319999933242798,912700,0.0,0.0
2025-07-02 00:00:00-04:00,2.2699999809265137,2.359999895095825,2.0999999046325684,2.119999885559082,599600,0.0,0.0
2025-07-03 00:00:00-04:00,2.1500000953674316,2.640000104904175,2.1500000953674316,2.5399999618530273,1375800,0.0,0.0
2025-07-07 00:00:00-04:00,2.430000066757202,2.4800000190734863,2.1500000953674316,2.2100000381469727,600800,0.0,0.0
2025-07-08 00:00:00-04:00,2.259999990463257,2.4000000953674316,2.0999999046325684,2.3399999141693115,813300,0.0,0.0
2025-07-09 00:00:00-04:00,2.25,2.319999933242798,2.0899999141693115,2.119999885559082,402300,0.0,0.0
2025-07-10 00:00:00-04:00,2.119999885559082,2.2100000381469727,2.069999933242798,2.130000114440918,188100,0.0,0.0
2025-07-11 00:00:00-04:00,2.0999999046325684,2.1500000953674316,2.0399999618530273,2.069999933242798,164700,0.0,0.0
2025-07-14 00:00:00-04:00,2.059999942779541,2.0899999141693115,1.940000057220459,1.9600000381469727,218700,0.0,0.0
2025-07-15 00:00:00-04:00,1.9700000286102295,2.0,1.7999999523162842,1.850000023841858,260900,0.0,0.0
2025-07-16 00:00:00-04:00,1.840000033378601,1.8799999952316284,1.7100000381469727,1.8799999952316284,362300,0.0,0.0
2025-07-17 00:00:00-04:00,1.8799999952316284,1.9850000143051147,1.7799999713897705,1.9600000381469727,213800,0.0,0.0
2025-07-18 00:00:00-04:00,1.9600000381469727,2.1589999198913574,1.9600000381469727,2.0999999046325684,243400,0.0,0.0
2025-07-21 00:00:00-04:00,2.0999999046325684,2.2739999294281006,2.0,2.0999999046325684,275700,0.0,0.0
2025-07-22 00:00:00-04:00,2.059999942779541,2.140000104904175,2.0299999713897705,2.119999885559082,69800,0.0,0.0
2025-07-23 00:00:00-04:00,2.200000047683716,2.200000047683716,2.059999942779541,2.130000114440918,92700,0.0,0.0
2025-07-24 00:00:00-04:00,2.140000104904175,2.140000104904175,1.649999976158142,1.7899999618530273,518400,0.0,0.0
2025-07-25 00:00:00-04:00,1.8200000524520874,1.8200000524520874,1.659999966621399,1.690000057220459,167600,0.0,0.0
2025-07-28 00:00:00-04:00,1.7200000286102295,1.7549999952316284,1.659999966621399,1.7300000190734863,153800,0.0,0.0
2025-07-29 00:00:00-04:00,1.7300000190734863,1.7999999523162842,1.649999976158142,1.75,191400,0.0,0.0
2025-07-30 00:00:00-04:00,1.7799999713897705,1.937000036239624,1.7510000467300415,1.850000023841858,241300,0.0,0.0
2025-07-31 00:00:00-04:00,1.8600000143051147,1.8600000143051147,1.75,1.7799999713897705,99600,0.0,0.0
2025-08-01 00:00:00-04:00,1.809999942779541,1.809999942779541,1.6799999475479126,1.6799999475479126,81600,0.0,0.0
2025-08-04 00:00:00-04:00,1.690000057220459,1.7100000381469727,1.649999976158142,1.7100000381469727,41400,0.0,0.0
2025-08-05 00:00:00-04:00,1.75,1.7599999904632568,1.649999976158142,1.7200000286102295,54100,0.0,0.0
2025-08-06 00:00:00-04:00,1.7000000476837158,1.9900000095367432,1.6799999475479126,1.9299999475479126,356300,0.0,0.0
2025-08-07 00:00:00-04:00,1.850000023841858,2.0999999046325684,1.8420000076293945,2.0799999237060547,227100,0.0,0.0
2025-08-08 00:00:00-04:00,2.0799999237060547,2.1500000953674316,2.049999952316284,2.0899999141693115,159200,0.0,0.0
2025-08-11 00:00:00-04:00,2.119999885559082,2.1600000858306885,1.9639999866485596,2.0999999046325684,153200,0.0,0.0
2025-08-12 00:00:00-04:00,2.190000057220459,2.299999952316284,2.127000093460083,2.2100000381469727,130700,0.0,0.0
2025-08-13 00:00:00-04:00,2.2100000381469727,2.2300000190734863,2.0399999618530273,2.2100000381469727,145200,0.0,0.0
2025-08-14 00:00:00-04:00,2.200000047683716,2.2039999961853027,2.109999895095825,2.180000066757202,28400,0.0,0.0
2025-08-15 00:00:00-04:00,2.119999885559082,2.5899999141693115,2.0399999618530273,2.369999885559082,866400,0.0,0.0
2025-08-18 00:00:00-04:00,2.369999885559082,2.450000047683716,2.259999990463257,2.390000104904175,148800,0.0,0.0
2025-08-19 00:00:00-04:00,2.359999895095825,2.38700008392334,2.240000009536743,2.3499999046325684,80000,0.0,0.0
2025-08-20 00:00:00-04:00,2.390000104904175,2.430000066757202,2.2809998989105225,2.319999933242798,99100,0.0,0.0
2025-08-21 00:00:00-04:00,2.2699999809265137,2.319999933242798,2.0999999046325684,2.109999895095825,114300,0.0,0.0
2025-08-22 00:00:00-04:00,2.0899999141693115,2.2300000190734863,2.0799999237060547,2.140000104904175,49600,0.0,0.0
2025-08-25 00:00:00-04:00,2.1500000953674316,2.259000062942505,2.0899999141693115,2.140000104904175,72100,0.0,0.0
2025-08-26 00:00:00-04:00,2.109999895095825,2.1679999828338623,2.0999999046325684,2.130000114440918,40500,0.0,0.0
2025-08-27 00:00:00-04:00,2.134000062942505,2.181999921798706,2.0899999141693115,2.0999999046325684,54900,0.0,0.0
2025-08-28 00:00:00-04:00,2.380000114440918,2.4000000953674316,1.8799999952316284,2.0399999618530273,17081400,0.0,0.0
2025-08-29 00:00:00-04:00,2.0299999713897705,2.0899999141693115,1.9199999570846558,1.9800000190734863,464400,0.0,0.0
2025-09-02 00:00:00-04:00,1.8949999809265137,1.9700000286102295,1.809999942779541,1.9299999475479126,209900,0.0,0.0
2025-09-03 00:00:00-04:00,1.8799999952316284,2.0299999713897705,1.8799999952316284,1.9500000476837158,153000,0.0,0.0
2025-09-04 00:00:00-04:00,1.9500000476837158,1.9500000476837158,1.8200000524520874,1.9199999570846558,98100,0.0,0.0
2025-09-05 00:00:00-04:00,1.9700000286102295,1.9700000286102295,1.5800000429153442,1.8300000429153442,193500,0.0,0.0
2025-09-08 00:00:00-04:00,1.7799999713897705,1.812000036239624,1.7599999904632568,1.7799999713897705,100600,0.0,0.0
2025-09-09 00:00:00-04:00,1.7999999523162842,1.8799999952316284,1.7000000476837158,1.8200000524520874,155900,0.0,0.0
2025-09-10 00:00:00-04:00,1.840000033378601,1.8700000047683716,1.809999942779541,1.809999942779541,58400,0.0,0.0
2025-09-11 00:00:00-04:00,1.7699999809265137,1.9450000524520874,1.7699999809265137,1.899999976158142,172700,0.0,0.0
2025-09-12 00:00:00-04:00,1.9199999570846558,1.9900000095367432,1.8200000524520874,1.9900000095367432,171800,0.0,0.0
2025-09-15 00:00:00-04:00,1.9900000095367432,2.0299999713897705,1.9600000381469727,1.9600000381469727,41500,0.0,0.0
2025-09-16 00:00:00-04:00,1.9199999570846558,2.0999999046325684,1.909999966621399,1.9500000476837158,278400,0.0,0.0
2025-09-17 00:00:00-04:00,2.069999933242798,2.4000000953674316,1.9500000476837158,2.25,17636300,0.0,0.0
2025-09-18 00:00:00-04:00,2.25,2.380000114440918,2.180000066757202,2.180000066757202,621900,0.0,0.0
2025-09-19 00:00:00-04:00,2.1500000953674316,2.259999990463257,2.0999999046325684,2.1500000953674316,231600,0.0,0.0
2025-09-22 00:00:00-04:00,2.1700000762939453,2.180000066757202,2.0999999046325684,2.130000114440918,137900,0.0,0.0
2025-09-23 00:00:00-04:00,2.0999999046325684,2.2200000286102295,2.069999933242798,2.069999933242798,142600,0.0,0.0
2025-09-24 00:00:00-04:00,2.0999999046325684,2.1500000953674316,2.0940001010894775,2.119999885559082,69100,0.0,0.0
2025-09-25 00:00:00-04:00,2.0999999046325684,2.0999999046325684,1.9199999570846558,1.9800000190734863,114800,0.0,0.0
2025-09-26 00:00:00-04:00,2.0399999618530273,2.0399999618530273,1.9320000410079956,1.9700000286102295,76500,0.0,0.0
2025-09-29 00:00:00-04:00,1.9600000381469727,2.0199999809265137,1.9500000476837158,1.9900000095367432,36800,0.0,0.0
2025-09-30 00:00:00-04:00,1.9500000476837158,2.0399999618530273,1.940000057220459,1.9600000381469727,76800,0.0,0.0
2025-10-01 00:00:00-04:00,1.9700000286102295,2.009999990463257,1.8910000324249268,1.940000057220459,100900,0.0,0.0
2025-10-02 00:00:00-04:00,1.9700000286102295,2.119999885559082,1.9520000219345093,2.0999999046325684,70500,0.0,0.0
2025-10-03 00:00:00-04:00,2.140000104904175,2.3499999046325684,2.0799999237060547,2.2899999618530273,364400,0.0,0.0
2025-10-06 00:00:00-04:00,2.309999942779541,2.4700000286102295,2.309999942779541,2.4200000762939453,348900,0.0,0.0
2025-10-07 00:00:00-04:00,2.450000047683716,2.450000047683716,2.1549999713897705,2.2699999809265137,213400,0.0,0.0
2025-10-08 00:00:00-04:00,2.25,2.4000000953674316,2.2100000381469727,2.359999895095825,126600,0.0,0.0
2025-10-09 00:00:00-04:00,2.3399999141693115,2.549999952316284,2.3399999141693115,2.440000057220459,196000,0.0,0.0
2025-10-10 00:00:00-04:00,2.450000047683716,2.4600000381469727,2.1730000972747803,2.200000047683716,86600,0.0,0.0
2025-10-13 00:00:00-04:00,2.259999990463257,2.378000020980835,2.180000066757202,2.2799999713897705,46000,0.0,0.0
2025-10-14 00:00:00-04:00,2.180000066757202,2.3499999046325684,2.0799999237060547,2.2699999809265137,1315900,0.0,0.0
2025-10-15 00:00:00-04:00,2.3299999237060547,2.5299999713897705,2.3299999237060547,2.450000047683716,328700,0.0,0.0
2025-10-16 00:00:00-04:00,2.4800000190734863,2.4800000190734863,2.2100000381469727,2.259999990463257,176600,0.0,0.0
2025-10-17 00:00:00-04:00,2.180000066757202,2.2799999713897705,2.119999885559082,2.119999885559082,98500,0.0,0.0
2025-10-20 00:00:00-04:00,2.180000066757202,2.359999895095825,2.140000104904175,2.2799999713897705,71800,0.0,0.0
2025-10-21 00:00:00-04:00,2.2300000190734863,2.3299999237060547,2.2200000286102295,2.259999990463257,49500,0.0,0.0
2025-10-22 00:00:00-04:00,2.190000057220459,2.200000047683716,2.0199999809265137,2.109999895095825,119300,0.0,0.0
2025-10-23 00:00:00-04:00,2.0799999237060547,2.2300000190734863,2.075000047683716,2.200000047683716,46600,0.0,0.0
2025-10-24 00:00:00-04:00,2.25,2.2899999618530273,2.2100000381469727,2.259999990463257,29200,0.0,0.0
2025-10-27 00:00:00-04:00,2.2899999618530273,2.319999933242798,2.25,2.2699999809265137,32000,0.0,0.0
2025-10-28 00:00:00-04:00,2.2300000190734863,2.247999906539917,2.0999999046325684,2.109999895095825,81300,0.0,0.0
2025-10-29 00:00:00-04:00,2.2300000190734863,2.2300000190734863,2.0,2.119999885559082,130700,0.0,0.0
2025-10-30 00:00:00-04:00,2.0999999046325684,2.1700000762939453,2.0299999713897705,2.069999933242798,83800,0.0,0.0
2025-10-31 00:00:00-04:00,2.0399999618530273,2.109999895095825,2.0399999618530273,2.059999942779541,50500,0.0,0.0
2025-11-03 00:00:00-05:00,2.0899999141693115,2.0999999046325684,2.0,2.059999942779541,24200,0.0,0.0
2025-11-04 00:00:00-05:00,2.0,2.065000057220459,1.850000023841858,1.8600000143051147,173700,0.0,0.0
2025-11-05 00:00:00-05:00,1.9199999570846558,1.9700000286102295,1.8300000429153442,1.9199999570846558,92800,0.0,0.0
2025-11-06 00:00:00-05:00,1.9800000190734863,2.1500000953674316,1.562000036239624,1.5700000524520874,9595200,0.0,0.0
2025-11-07 00:00:00-05:00,1.5,1.6699999570846558,1.4299999475479126,1.6200000047683716,267000,0.0,0.0
2025-11-10 00:00:00-05:00,1.6100000143051147,1.7799999713897705,1.6100000143051147,1.7000000476837158,138000,0.0,0.0
2025-11-11 00:00:00-05:00,1.6399999856948853,1.690000057220459,1.6050000190734863,1.649999976158142,65600,0.0,0.0
2025-11-12 00:00:00-05:00,1.659999966621399,1.75,1.5800000429153442,1.690000057220459,294900,0.0,0.0
2025-11-13 00:00:00-05:00,1.659999966621399,1.6820000410079956,1.6100000143051147,1.6200000047683716,39100,0.0,0.0
2025-11-14 00:00:00-05:00,1.6200000047683716,1.7000000476837158,1.531000018119812,1.649999976158142,39700,0.0,0.0
2025-11-17 00:00:00-05:00,1.649999976158142,1.7359999418258667,1.600000023841858,1.6799999475479126,90900,0.0,0.0
2025-11-18 00:00:00-05:00,1.6299999952316284,1.7000000476837158,1.6100000143051147,1.6699999570846558,45700,0.0,0.0
2025-11-19 00:00:00-05:00,1.6699999570846558,1.6799999475479126,1.6039999723434448,1.6200000047683716,38100,0.0,0.0
2025-11-20 00:00:00-05:00,1.6200000047683716,1.6510000228881836,1.4199999570846558,1.4299999475479126,79500,0.0,0.0
2025-11-21 00:00:00-05:00,1.5099999904632568,1.5099999904632568,1.409999966621399,1.4299999475479126,223200,0.0,0.0
2025-11-24 00:00:00-05:00,1.4900000095367432,1.5,1.4299999475479126,1.5,31300,0.0,0.0
2025-11-25 00:00:00-05:00,1.4600000381469727,1.5479999780654907,1.399999976158142,1.5299999713897705,44700,0.0,0.0
2025-11-26 00:00:00-05:00,1.5299999713897705,1.600000023841858,1.4570000171661377,1.5700000524520874,55000,0.0,0.0
2025-11-28 00:00:00-05:00,1.600000023841858,1.659999966621399,1.600000023841858,1.6399999856948853,15100,0.0,0.0
2025-12-01 00:00:00-05:00,1.6399999856948853,1.6399999856948853,1.5499999523162842,1.5800000429153442,33700,0.0,0.0
2025-12-02 00:00:00-05:00,1.559999942779541,1.659999966621399,1.5099999904632568,1.590000033378601,69300,0.0,0.0
2025-12-03 00:00:00-05:00,1.6100000143051147,1.7300000190734863,1.5499999523162842,1.7200000286102295,111000,0.0,0.0
2025-12-04 00:00:00-05:00,1.7200000286102295,1.940000057220459,1.6100000143051147,1.940000057220459,74600,0.0,0.0
2025-12-05 00:00:00-05:00,1.8389999866485596,1.9700000286102295,1.8389999866485596,1.9299999475479126,52800,0.0,0.0
2025-12-08 00:00:00-05:00,1.7999999523162842,1.899999976158142,1.5800000429153442,1.8700000047683716,349500,0.0,0.0
2025-12-09 00:00:00-05:00,1.7899999618530273,2.190000057220459,1.7799999713897705,2.0999999046325684,346000,0.0,0.0
2025-12-10 00:00:00-05:00,2.069999933242798,2.9000000953674316,1.9900000095367432,2.7899999618530273,1682300,0.0,0.0
2025-12-11 00:00:00-05:00,2.7699999809265137,3.640000104904175,2.619999885559082,3.2899999618530273,3019800,0.0,0.0
2025-12-12 00:00:00-05:00,3.2899999618530273,3.609999895095825,2.549999952316284,3.119999885559082,984600,0.0,0.0
2025-12-15 00:00:00-05:00,3.4049999713897705,4.599999904632568,3.369999885559082,4.170000076293945,5319000,0.0,0.0
2025-12-16 00:00:00-05:00,3.75,4.0,3.069999933242798,3.890000104904175,910000,0.0,0.0
2025-12-17 00:00:00-05:00,3.950000047683716,3.950000047683716,2.950000047683716,3.1600000858306885,497300,0.0,0.0
2025-12-18 00:00:00-05:00,3.180000066757202,3.618000030517578,2.9600000381469727,3.069999933242798,530000,0.0,0.0
2025-12-19 00:00:00-05:00,3.240000009536743,4.940000057220459,3.200000047683716,4.230000019073486,4358200,0.0,0.0
2025-12-22 00:00:00-05:00,4.414999961853027,4.498000144958496,3.5320000648498535,3.880000114440918,1414900,0.0,0.0
2025-12-23 00:00:00-05:00,4.25,7.400000095367432,3.9000000953674316,5.059999942779541,31376100,0.0,0.0
2025-12-24 00:00:00-05:00,4.789999961853027,4.989999771118164,4.03000020980835,4.539999961853027,1338200,0.0,0.0
2025-12-26 00:00:00-05:00,4.539999961853027,4.699999809265137,3.109999895095825,3.569999933242798,1626100,0.0,0.0
2025-12-29 00:00:00-05:00,3.5,4.039999961853027,3.069999933242798,3.9200000762939453,888700,0.0,0.0
2025-12-30 00:00:00-05:00,3.7799999713897705,5.300000190734863,3.7799999713897705,4.5,3428900,0.0,0.0
2025-12-31 00:00:00-05:00,4.5,4.623000144958496,3.75,4.110000133514404,1079500,0.0,0.0
2026-01-02 00:00:00-05:00,4.25,4.739999771118164,3.8499999046325684,4.059999942779541,840200,0.0,0.0
2026-01-05 00:00:00-05:00,4.769999980926514,6.650000095367432,4.329999923706055,4.989999771118164,8500600,0.0,0.0
2026-01-06 00:00:00-05:00,4.900000095367432,5.392000198364258,4.429999828338623,5.289999961853027,1159100,0.0,0.0
2026-01-07 00:00:00-05:00,4.599999904632568,4.599999904632568,3.740000009536743,3.950000047683716,3050100,0.0,0.0
2026-01-08 00:00:00-05:00,3.8299999237060547,4.119999885559082,3.5999999046325684,4.070000171661377,2075000,0.0,0.0
2026-01-09 00:00:00-05:00,4.099999904632568,4.78000020980835,3.8369998931884766,4.5,2015000,0.0,0.0
2026-01-12 00:00:00-05:00,4.360000133514404,5.409999847412109,4.099999904632568,4.619999885559082,4264200,0.0,0.0
2026-01-13 00:00:00-05:00,4.699999809265137,5.789999961853027,4.630000114440918,5.119999885559082,4093700,0.0,0.0
2026-01-14 00:00:00-05:00,4.829999923706055,5.230000019073486,4.260000228881836,5.230000019073486,2093500,0.0,0.0
2026-01-15 00:00:00-05:00,5.150000095367432,5.699999809265137,4.801000118255615,4.840000152587891,1396900,0.0,0.0
2026-01-16 00:00:00-05:00,4.900000095367432,5.420000076293945,4.659999847412109,5.070000171661377,1692600,0.0,0.0
2026-01-20 00:00:00-05:00,4.579999923706055,5.084000110626221,4.380000114440918,4.5,1219600,0.0,0.0
2026-01-21 00:00:00-05:00,4.710000038146973,4.96999979019165,4.119999885559082,4.449999809265137,1357500,0.0,0.0
2026-01-22 00:00:00-05:00,4.510000228881836,7.260000228881836,4.510000228881836,6.809999942779541,30927300,0.0,0.0
2026-01-23 00:00:00-05:00,7.579999923706055,8.4399995803833,6.429999828338623,7.320000171661377,5958200,0.0,0.0
2026-01-26 00:00:00-05:00,6.170000076293945,6.5,5.744999885559082,5.925000190734863,3215000,0.0,0.0
2026-01-27 00:00:00-05:00,5.960000038146973,6.699999809265137,5.599999904632568,6.210000038146973,1397300,0.0,0.0
2026-01-28 00:00:00-05:00,6.179999828338623,6.539999961853027,5.659999847412109,5.679999828338623,1621500,0.0,0.0
2026-01-29 00:00:00-05:00,5.800000190734863,5.869999885559082,4.429999828338623,5.239999771118164,2398200,0.0,0.0
2026-01-30 00:00:00-05:00,5.159999847412109,5.480000019073486,4.639999866485596,4.989999771118164,1158200,0.0,0.0
2026-02-02 00:00:00-05:00,5.079999923706055,6.699999809265137,4.730000019073486,6.210000038146973,5068300,0.0,0.0
2026-02-03 00:00:00-05:00,6.25,7.090000152587891,5.760000228881836,6.739999771118164,3138300,0.0,0.0
2026-02-04 00:00:00-05:00,6.769999980926514,8.140000343322754,5.699999809265137,6.090000152587891,4079800,0.0,0.0
2026-02-05 00:00:00-05:00,5.869999885559082,6.75,5.619999885559082,5.619999885559082,2246000,0.0,0.0
2026-02-06 00:00:00-05:00,6.170000076293945,6.53000020980835,5.340000152587891,6.28000020980835,2917600,0.0,0.0
2026-02-09 00:00:00-05:00,6.349999904632568,6.949999809265137,6.170000076293945,6.5,1181200,0.0,0.0
2026-02-10 00:00:00-05:00,6.559999942779541,8.5,6.510000228881836,7.420000076293945,5752300,0.0,0.0
2026-02-11 00:00:00-05:00,7.710000038146973,9.869999885559082,7.320000171661377,9.020000457763672,6562300,0.0,0.0
2026-02-12 00:00:00-05:00,8.649999618530273,8.800000190734863,6.420000076293945,6.53000020980835,6745700,0.0,0.0
2026-02-13 00:00:00-05:00,6.849999904632568,7.599999904632568,6.21999979019165,6.230000019073486,2971300,0.0,0.0
2026-02-17 00:00:00-05:00,6.329999923706055,6.670000076293945,5.650000095367432,6.050000190734863,2785100,0.0,0.0
2026-02-18 00:00:00-05:00,6.21999979019165,6.923999786376953,6.050000190734863,6.480000019073486,1803000,0.0,0.0
2026-02-19 00:00:00-05:00,6.269999980926514,6.480000019073486,5.78000020980835,5.849999904632568,1558000,0.0,0.0
2026-02-20 00:00:00-05:00,5.75,6.25,5.510000228881836,5.760000228881836,1815900,0.0,0.0
2026-02-23 00:00:00-05:00,5.710000038146973,5.849999904632568,5.150000095367432,5.599999904632568,1528500,0.0,0.0
2026-02-24 00:00:00-05:00,5.46999979019165,6.170000076293945,5.46999979019165,6.159999847412109,1047500,0.0,0.0
2026-02-25 00:00:00-05:00,6.289999961853027,6.872000217437744,6.170000076293945,6.519999980926514,1162700,0.0,0.0
2026-02-26 00:00:00-05:00,6.369999885559082,6.954999923706055,6.010000228881836,6.150000095367432,900100,0.0,0.0
2026-02-27 00:00:00-05:00,5.960000038146973,6.300000190734863,5.679999828338623,6.300000190734863,1566600,0.0,0.0
2026-03-02 00:00:00-05:00,5.71999979019165,7.03000020980835,5.699999809265137,6.630000114440918,1000500,0.0,0.0
2026-03-03 00:00:00-05:00,6.25,7.239999771118164,6.25,6.730000019073486,1015800,0.0,0.0
2026-03-04 00:00:00-05:00,6.980000019073486,7.199999809265137,6.380000114440918,6.5,890300,0.0,0.0
2026-03-05 00:00:00-05:00,6.46999979019165,6.739999771118164,5.849999904632568,6.210000038146973,746075,0.0,0.0
