Date,Open,High,Low,Close,Volume,Dividends,Stock Splits
2022-01-03 00:00:00-05:00,23.899999618530273,25.799999237060547,23.84000015258789,25.329999923706055,10231100,0.0,0.0
2022-01-04 00:00:00-05:00,25.770000457763672,27.15999984741211,25.639999389648438,26.75,12074000,0.0,0.0
2022-01-05 00:00:00-05:00,27.1299991607666,27.969999313354492,26.3799991607666,26.450000762939453,12532200,0.0,0.0
2022-01-06 00:00:00-05:00,26.59000015258789,26.81999969482422,25.6200008392334,25.719999313354492,7197300,0.0,0.0
2022-01-07 00:00:00-05:00,27.649999618530273,31.18000030517578,27.260000228881836,30.059999465942383,42891900,0.0,0.0
2022-01-10 00:00:00-05:00,30.170000076293945,30.389999389648438,28.270000457763672,28.59000015258789,12117000,0.0,0.0
2022-01-11 00:00:00-05:00,28.899999618530273,29.299999237060547,28.030000686645508,28.68000030517578,7014100,0.0,0.0
2022-01-12 00:00:00-05:00,28.5,29.219999313354492,28.280000686645508,28.790000915527344,5045200,0.0,0.0
2022-01-13 00:00:00-05:00,28.860000610351562,30.020000457763672,28.440000534057617,29.34000015258789,9016100,0.0,0.0
2022-01-14 00:00:00-05:00,28.940000534057617,31.280000686645508,28.940000534057617,31.18000030517578,12183400,0.0,0.0
2022-01-18 00:00:00-05:00,30.950000762939453,31.549999237060547,29.3700008392334,29.639999389648438,8682800,0.0,0.0
2022-01-19 00:00:00-05:00,29.8799991607666,30.06999969482422,28.280000686645508,28.579999923706055,7234000,0.0,0.0
2022-01-20 00:00:00-05:00,28.8700008392334,29.059999465942383,27.290000915527344,27.489999771118164,10880800,0.0,0.0
2022-01-21 00:00:00-05:00,26.829999923706055,27.1299991607666,25.940000534057617,26.190000534057617,10403800,0.0,0.0
2022-01-24 00:00:00-05:00,25.270000457763672,26.950000762939453,25.219999313354492,26.8799991607666,9189500,0.0,0.0
2022-01-25 00:00:00-05:00,26.3700008392334,27.09000015258789,25.84000015258789,26.860000610351562,6800700,0.0,0.0
2022-01-26 00:00:00-05:00,27.049999237060547,27.399999618530273,24.18000030517578,24.399999618530273,18137100,0.0,0.0
2022-01-27 00:00:00-05:00,24.760000228881836,25.299999237060547,24.389999389648438,25.239999771118164,10093900,0.0,0.0
2022-01-28 00:00:00-05:00,25.059999465942383,27.15999984741211,24.899999618530273,27.149999618530273,9601400,0.0,0.0
2022-01-31 00:00:00-05:00,27.1200008392334,28.43000030517578,26.15999984741211,27.90999984741211,7309200,0.0,0.0
2022-02-01 00:00:00-05:00,25.989999771118164,28.940000534057617,25.899999618530273,27.170000076293945,25754500,0.0,0.0
2022-02-02 00:00:00-05:00,27.049999237060547,28.3700008392334,26.3799991607666,27.690000534057617,11157700,0.0,0.0
2022-02-03 00:00:00-05:00,27.43000030517578,29.350000381469727,27.31999969482422,28.93000030517578,12439100,0.0,0.0
2022-02-04 00:00:00-05:00,29.020000457763672,29.43000030517578,28.260000228881836,28.899999618530273,6722900,0.0,0.0
2022-02-07 00:00:00-05:00,29.06999969482422,29.360000610351562,28.239999771118164,28.34000015258789,6619500,0.0,0.0
2022-02-08 00:00:00-05:00,28.450000762939453,28.899999618530273,28.040000915527344,28.209999084472656,5391800,0.0,0.0
2022-02-09 00:00:00-05:00,28.489999771118164,30.059999465942383,27.959999084472656,29.84000015258789,10942000,0.0,0.0
2022-02-10 00:00:00-05:00,29.84000015258789,31.1200008392334,29.56999969482422,30.09000015258789,7517500,0.0,0.0
2022-02-11 00:00:00-05:00,30.010000228881836,30.649999618530273,29.440000534057617,29.56999969482422,6591400,0.0,0.0
2022-02-14 00:00:00-05:00,29.600000381469727,30.260000228881836,29.350000381469727,29.420000076293945,4115800,0.0,0.0
2022-02-15 00:00:00-05:00,29.850000381469727,30.56999969482422,29.440000534057617,30.510000228881836,4068300,0.0,0.0
2022-02-16 00:00:00-05:00,29.540000915527344,29.65999984741211,28.1200008392334,29.3799991607666,13121600,0.0,0.0
2022-02-17 00:00:00-05:00,28.93000030517578,30.110000610351562,28.829999923706055,29.8700008392334,7169100,0.0,0.0
2022-02-18 00:00:00-05:00,29.90999984741211,30.739999771118164,29.600000381469727,29.860000610351562,6931900,0.0,0.0
2022-02-22 00:00:00-05:00,29.510000228881836,30.209999084472656,28.09000015258789,28.280000686645508,10721300,0.0,0.0
2022-02-23 00:00:00-05:00,28.34000015258789,29.25,28.06999969482422,28.209999084472656,8400500,0.0,0.0
2022-02-24 00:00:00-05:00,26.25,27.799999237060547,25.34000015258789,27.729999542236328,16236900,0.0,0.0
2022-02-25 00:00:00-05:00,27.649999618530273,28.8799991607666,26.610000610351562,28.239999771118164,9585400,0.0,0.0
2022-02-28 00:00:00-05:00,27.489999771118164,28.530000686645508,27.329999923706055,28.049999237060547,8296400,0.0,0.0
2022-03-01 00:00:00-05:00,28.09000015258789,28.469999313354492,27.229999542236328,28.110000610351562,7663000,0.0,0.0
2022-03-02 00:00:00-05:00,28.1200008392334,29.600000381469727,28.1200008392334,29.239999771118164,7679600,0.0,0.0
2022-03-03 00:00:00-05:00,29.270000457763672,29.6200008392334,27.969999313354492,28.68000030517578,6199300,0.0,0.0
2022-03-04 00:00:00-05:00,28.520000457763672,28.540000915527344,26.5,26.889999389648438,12200000,0.0,0.0
2022-03-07 00:00:00-05:00,26.610000610351562,26.940000534057617,25.489999771118164,25.549999237060547,10290200,0.0,0.0
2022-03-08 00:00:00-05:00,25.690000534057617,26.219999313354492,25.15999984741211,25.270000457763672,9388100,0.0,0.0
2022-03-09 00:00:00-05:00,26.0,26.600000381469727,25.329999923706055,25.3700008392334,5845500,0.0,0.0
2022-03-10 00:00:00-05:00,25.18000030517578,25.440000534057617,24.469999313354492,25.079999923706055,9331900,0.0,0.0
2022-03-11 00:00:00-05:00,25.360000610351562,25.510000228881836,23.93000030517578,23.989999771118164,11207100,0.0,0.0
2022-03-14 00:00:00-04:00,24.0,24.959999084472656,23.700000762939453,23.8799991607666,10106400,0.0,0.0
2022-03-15 00:00:00-04:00,24.1200008392334,25.34000015258789,23.90999984741211,25.020000457763672,7460900,0.0,0.0
2022-03-16 00:00:00-04:00,25.459999084472656,26.079999923706055,25.079999923706055,25.639999389648438,6529200,0.0,0.0
2022-03-17 00:00:00-04:00,25.34000015258789,25.719999313354492,25.010000228881836,25.709999084472656,4472000,0.0,0.0
2022-03-18 00:00:00-04:00,25.540000915527344,26.350000381469727,25.350000381469727,26.260000228881836,6938000,0.0,0.0
2022-03-21 00:00:00-04:00,26.15999984741211,26.899999618530273,25.770000457763672,26.149999618530273,4775900,0.0,0.0
2022-03-22 00:00:00-04:00,26.3700008392334,27.190000534057617,26.229999542236328,26.8700008392334,5166500,0.0,0.0
2022-03-23 00:00:00-04:00,26.670000076293945,27.65999984741211,26.559999465942383,26.6200008392334,4822700,0.0,0.0
2022-03-24 00:00:00-04:00,26.610000610351562,27.170000076293945,26.479999542236328,27.1200008392334,5121400,0.0,0.0
2022-03-25 00:00:00-04:00,27.1200008392334,27.6299991607666,26.950000762939453,27.350000381469727,3533200,0.0,0.0
2022-03-28 00:00:00-04:00,27.31999969482422,27.350000381469727,25.1299991607666,25.579999923706055,11002900,0.0,0.0
2022-03-29 00:00:00-04:00,25.940000534057617,26.420000076293945,25.56999969482422,26.25,5306800,0.0,0.0
2022-03-30 00:00:00-04:00,26.040000915527344,26.68000030517578,25.639999389648438,25.700000762939453,4790500,0.0,0.0
2022-03-31 00:00:00-04:00,25.56999969482422,25.6200008392334,24.850000381469727,24.920000076293945,8586500,0.0,0.0
2022-04-01 00:00:00-04:00,25.15999984741211,25.329999923706055,24.3700008392334,25.020000457763672,7750900,0.0,0.0
2022-04-04 00:00:00-04:00,25.15999984741211,26.0,24.3700008392334,25.799999237060547,8399900,0.0,0.0
2022-04-05 00:00:00-04:00,25.510000228881836,26.010000228881836,24.229999542236328,24.420000076293945,11423000,0.0,0.0
2022-04-06 00:00:00-04:00,24.389999389648438,24.389999389648438,23.34000015258789,23.920000076293945,10965600,0.0,0.0
2022-04-07 00:00:00-04:00,23.969999313354492,24.040000915527344,22.5,23.06999969482422,16798600,0.0,0.0
2022-04-08 00:00:00-04:00,23.06999969482422,24.520000457763672,22.780000686645508,24.43000030517578,22358900,0.0,0.0
2022-04-11 00:00:00-04:00,24.079999923706055,26.260000228881836,23.5,24.780000686645508,70016200,0.0,0.0
2022-04-12 00:00:00-04:00,24.3700008392334,25.329999923706055,23.75,24.68000030517578,40974800,0.0,0.0
2022-04-13 00:00:00-04:00,24.670000076293945,27.5,24.209999084472656,26.0,65233900,0.0,0.0
2022-04-14 00:00:00-04:00,25.889999389648438,26.579999923706055,24.760000228881836,24.8799991607666,37861600,0.0,0.0
2022-04-18 00:00:00-04:00,24.530000686645508,24.799999237060547,23.520000457763672,24.15999984741211,29145500,0.0,0.0
2022-04-19 00:00:00-04:00,23.65999984741211,24.68000030517578,23.5,24.489999771118164,32055100,0.0,0.0
2022-04-20 00:00:00-04:00,23.489999771118164,23.559999465942383,22.700000762939453,23.010000228881836,41515900,0.0,0.0
2022-04-21 00:00:00-04:00,22.649999618530273,23.229999542236328,20.920000076293945,21.450000762939453,50753200,0.0,0.0
2022-04-22 00:00:00-04:00,21.0,21.90999984741211,20.3700008392334,20.56999969482422,23510100,0.0,0.0
2022-04-25 00:00:00-04:00,20.059999465942383,21.940000534057617,19.950000762939453,21.5,35852700,0.0,0.0
2022-04-26 00:00:00-04:00,19.93000030517578,20.959999084472656,19.6299991607666,19.829999923706055,33742500,0.0,0.0
2022-04-27 00:00:00-04:00,19.860000610351562,19.950000762939453,18.200000762939453,18.829999923706055,33842400,0.0,0.0
2022-04-28 00:00:00-04:00,19.020000457763672,19.420000076293945,17.889999389648438,18.350000381469727,23049800,0.0,0.0
2022-04-29 00:00:00-04:00,18.360000610351562,19.200000762939453,18.09000015258789,18.149999618530273,22966600,0.0,0.0
2022-05-02 00:00:00-04:00,18.149999618530273,19.450000762939453,18.049999237060547,19.25,26110500,0.0,0.0
2022-05-03 00:00:00-04:00,18.979999542236328,19.68000030517578,18.68000030517578,19.270000457763672,19475900,0.0,0.0
2022-05-04 00:00:00-04:00,19.3700008392334,19.799999237060547,18.809999465942383,19.65999984741211,17002200,0.0,0.0
2022-05-05 00:00:00-04:00,19.389999389648438,20.079999923706055,18.5,18.8799991607666,21442000,0.0,0.0
2022-05-06 00:00:00-04:00,18.549999237060547,18.709999084472656,17.549999237060547,17.75,22653600,0.0,0.0
2022-05-09 00:00:00-04:00,17.290000915527344,17.84000015258789,16.860000610351562,17.100000381469727,20143700,0.0,0.0
2022-05-10 00:00:00-04:00,17.329999923706055,17.969999313354492,17.100000381469727,17.350000381469727,18456500,0.0,0.0
2022-05-11 00:00:00-04:00,17.239999771118164,17.84000015258789,16.59000015258789,16.6200008392334,17838900,0.0,0.0
2022-05-12 00:00:00-04:00,16.510000228881836,17.739999771118164,16.510000228881836,17.110000610351562,22105700,0.0,0.0
2022-05-13 00:00:00-04:00,17.18000030517578,18.25,17.170000076293945,18.100000381469727,15288600,0.0,0.0
2022-05-16 00:00:00-04:00,17.920000076293945,18.5,17.139999389648438,17.209999084472656,16687000,0.0,0.0
2022-05-17 00:00:00-04:00,17.690000534057617,18.360000610351562,17.579999923706055,18.360000610351562,20024600,0.0,0.0
2022-05-18 00:00:00-04:00,18.030000686645508,18.360000610351562,17.260000228881836,17.459999084472656,19495900,0.0,0.0
2022-05-19 00:00:00-04:00,17.350000381469727,17.8700008392334,17.270000457763672,17.5,16972400,0.0,0.0
2022-05-20 00:00:00-04:00,17.75,18.020000457763672,17.149999618530273,17.739999771118164,19152600,0.0,0.0
2022-05-23 00:00:00-04:00,18.0,18.3799991607666,17.450000762939453,18.290000915527344,17869600,0.0,0.0
2022-05-24 00:00:00-04:00,17.84000015258789,17.889999389648438,16.729999542236328,16.860000610351562,23189600,0.0,0.0
2022-05-25 00:00:00-04:00,16.90999984741211,17.360000610351562,16.75,17.229999542236328,18875900,0.0,0.0
2022-05-26 00:00:00-04:00,17.360000610351562,18.040000915527344,17.239999771118164,17.979999542236328,14440200,0.0,0.0
2022-05-27 00:00:00-04:00,18.010000228881836,18.760000228881836,18.0,18.760000228881836,16213300,0.0,0.0
2022-05-31 00:00:00-04:00,18.559999465942383,18.700000762939453,18.010000228881836,18.450000762939453,33259600,0.0,0.0
2022-06-01 00:00:00-04:00,18.489999771118164,18.739999771118164,17.510000228881836,17.65999984741211,15623600,0.0,0.0
2022-06-02 00:00:00-04:00,17.469999313354492,18.059999465942383,17.350000381469727,18.0,13592700,0.0,0.0
2022-06-03 00:00:00-04:00,17.81999969482422,17.899999618530273,17.18000030517578,17.5,14604800,0.0,0.0
2022-06-06 00:00:00-04:00,17.81999969482422,17.8700008392334,16.829999923706055,16.850000381469727,21860700,0.0,0.0
2022-06-07 00:00:00-04:00,16.559999465942383,17.170000076293945,16.329999923706055,17.170000076293945,19171700,0.0,0.0
2022-06-08 00:00:00-04:00,17.030000686645508,17.31999969482422,16.6200008392334,16.670000076293945,16512100,0.0,0.0
2022-06-09 00:00:00-04:00,16.5,16.559999465942383,15.609999656677246,15.630000114440918,22961500,0.0,0.0
2022-06-10 00:00:00-04:00,15.369999885559082,15.399999618530273,14.819999694824219,14.859999656677246,25435900,0.0,0.0
2022-06-13 00:00:00-04:00,14.4399995803833,14.479999542236328,13.720000267028809,14.029999732971191,28812800,0.0,0.0
2022-06-14 00:00:00-04:00,14.170000076293945,14.289999961853027,13.569999694824219,13.979999542236328,22936600,0.0,0.0
2022-06-15 00:00:00-04:00,14.09000015258789,15.130000114440918,14.050000190734863,14.850000381469727,23100500,0.0,0.0
2022-06-16 00:00:00-04:00,14.329999923706055,14.479999542236328,13.300000190734863,13.649999618530273,26389800,0.0,0.0
2022-06-17 00:00:00-04:00,13.949999809265137,14.5,13.5,14.220000267028809,36064400,0.0,0.0
2022-06-21 00:00:00-04:00,14.5600004196167,14.680000305175781,13.930000305175781,14.039999961853027,19574300,0.0,0.0
2022-06-22 00:00:00-04:00,13.760000228881836,14.300000190734863,13.760000228881836,13.970000267028809,14646300,0.0,0.0
2022-06-23 00:00:00-04:00,14.170000076293945,14.1899995803833,13.75,14.119999885559082,14425000,0.0,0.0
2022-06-24 00:00:00-04:00,14.25,14.609999656677246,14.199999809265137,14.279999732971191,49763900,0.0,0.0
2022-06-27 00:00:00-04:00,14.380000114440918,14.4399995803833,13.880000114440918,14.079999923706055,19434600,0.0,0.0
2022-06-28 00:00:00-04:00,14.109999656677246,14.680000305175781,13.569999694824219,13.65999984741211,24493300,0.0,0.0
2022-06-29 00:00:00-04:00,13.640000343322754,13.670000076293945,12.90999984741211,13.170000076293945,29669000,0.0,0.0
2022-06-30 00:00:00-04:00,13.119999885559082,13.670000076293945,12.770000457763672,13.420000076293945,25815700,0.0,0.0
2022-07-01 00:00:00-04:00,13.300000190734863,14.300000190734863,13.260000228881836,14.25,23453600,0.0,0.0
2022-07-05 00:00:00-04:00,13.949999809265137,14.489999771118164,13.479999542236328,14.4399995803833,20355800,0.0,0.0
2022-07-06 00:00:00-04:00,14.430000305175781,14.640000343322754,14.119999885559082,14.270000457763672,20632500,0.0,0.0
2022-07-07 00:00:00-04:00,14.3100004196167,14.699999809265137,14.199999809265137,14.520000457763672,15169500,0.0,0.0
2022-07-08 00:00:00-04:00,14.319999694824219,14.510000228881836,13.970000267028809,13.989999771118164,16060100,0.0,0.0
2022-07-11 00:00:00-04:00,13.800000190734863,13.920000076293945,13.550000190734863,13.65999984741211,15863400,0.0,0.0
2022-07-12 00:00:00-04:00,13.550000190734863,14.09000015258789,13.550000190734863,13.949999809265137,12235700,0.0,0.0
2022-07-13 00:00:00-04:00,13.760000228881836,14.329999923706055,13.430000305175781,14.180000305175781,18002900,0.0,0.0
2022-07-14 00:00:00-04:00,13.829999923706055,13.920000076293945,13.430000305175781,13.630000114440918,25315500,0.0,0.0
2022-07-15 00:00:00-04:00,13.819999694824219,13.989999771118164,13.600000381469727,13.960000038146973,17057900,0.0,0.0
2022-07-18 00:00:00-04:00,14.029999732971191,14.229999542236328,13.8100004196167,13.880000114440918,16229500,0.0,0.0
2022-07-19 00:00:00-04:00,14.0,14.329999923706055,13.960000038146973,14.25,18864600,0.0,0.0
2022-07-20 00:00:00-04:00,14.289999961853027,14.59000015258789,13.9399995803833,14.4399995803833,18892300,0.0,0.0
2022-07-21 00:00:00-04:00,14.329999923706055,14.520000457763672,14.140000343322754,14.510000228881836,11673800,0.0,0.0
2022-07-22 00:00:00-04:00,14.399999618530273,14.989999771118164,14.350000381469727,14.649999618530273,19650800,0.0,0.0
2022-07-25 00:00:00-04:00,14.649999618530273,14.84000015258789,14.34000015258789,14.65999984741211,17912100,0.0,0.0
2022-07-26 00:00:00-04:00,14.59000015258789,14.649999618530273,14.300000190734863,14.430000305175781,12215500,0.0,0.0
2022-07-27 00:00:00-04:00,14.5600004196167,15.279999732971191,14.489999771118164,15.149999618530273,18763700,0.0,0.0
2022-07-28 00:00:00-04:00,15.0,15.640000343322754,14.8100004196167,15.59000015258789,18480400,0.0,0.0
2022-07-29 00:00:00-04:00,15.350000381469727,15.399999618530273,14.720000267028809,15.0,25702300,0.0,0.0
2022-08-01 00:00:00-04:00,15.010000228881836,15.739999771118164,14.800000190734863,15.399999618530273,22244200,0.0,0.0
2022-08-02 00:00:00-04:00,15.430000305175781,16.459999084472656,15.300000190734863,16.0,22877300,0.0,0.0
2022-08-03 00:00:00-04:00,16.190000534057617,16.850000381469727,15.989999771118164,16.709999084472656,21595800,0.0,0.0
2022-08-04 00:00:00-04:00,16.510000228881836,17.649999618530273,16.510000228881836,17.479999542236328,34395500,0.0,0.0
2022-08-05 00:00:00-04:00,14.59000015258789,15.149999618530273,14.420000076293945,14.59000015258789,67899700,0.0,0.0
2022-08-08 00:00:00-04:00,14.699999809265137,14.720000267028809,13.920000076293945,14.020000457763672,40527300,0.0,0.0
2022-08-09 00:00:00-04:00,13.9399995803833,14.0,12.930000305175781,13.100000381469727,43116100,0.0,0.0
2022-08-10 00:00:00-04:00,13.359999656677246,13.579999923706055,13.069999694824219,13.100000381469727,31905000,0.0,0.0
2022-08-11 00:00:00-04:00,13.260000228881836,13.949999809265137,13.210000038146973,13.680000305175781,28750300,0.0,0.0
2022-08-12 00:00:00-04:00,13.850000381469727,13.859999656677246,13.359999656677246,13.680000305175781,22307300,0.0,0.0
2022-08-15 00:00:00-04:00,13.550000190734863,13.630000114440918,13.0600004196167,13.119999885559082,34209800,0.0,0.0
2022-08-16 00:00:00-04:00,13.069999694824219,13.880000114440918,12.819999694824219,13.6899995803833,33874700,0.0,0.0
2022-08-17 00:00:00-04:00,13.4399995803833,13.539999961853027,13.050000190734863,13.260000228881836,23289500,0.0,0.0
2022-08-18 00:00:00-04:00,13.15999984741211,13.220000267028809,12.859999656677246,13.1899995803833,25789200,0.0,0.0
2022-08-19 00:00:00-04:00,12.979999542236328,13.75,12.970000267028809,13.729999542236328,24631700,0.0,0.0
2022-08-22 00:00:00-04:00,13.479999542236328,13.529999732971191,12.6899995803833,12.710000038146973,33567900,0.0,0.0
2022-08-23 00:00:00-04:00,12.829999923706055,13.149999618530273,12.699999809265137,12.789999961853027,23719300,0.0,0.0
2022-08-24 00:00:00-04:00,12.84000015258789,13.59000015258789,12.789999961853027,13.520000457763672,27581100,0.0,0.0
2022-08-25 00:00:00-04:00,13.479999542236328,13.65999984741211,13.34000015258789,13.5600004196167,21341000,0.0,0.0
2022-08-26 00:00:00-04:00,13.5600004196167,14.020000457763672,13.130000114440918,13.15999984741211,29667500,0.0,0.0
2022-08-29 00:00:00-04:00,12.979999542236328,13.470000267028809,12.979999542236328,13.199999809265137,18506400,0.0,0.0
2022-08-30 00:00:00-04:00,13.359999656677246,13.569999694824219,13.050000190734863,13.289999961853027,23844100,0.0,0.0
2022-08-31 00:00:00-04:00,13.319999694824219,13.550000190734863,13.199999809265137,13.239999771118164,24097600,0.0,0.0
2022-09-01 00:00:00-04:00,13.020000457763672,13.220000267028809,12.770000457763672,13.1899995803833,25104400,0.0,0.0
2022-09-02 00:00:00-04:00,13.270000457763672,13.520000457763672,13.0,13.0600004196167,20909600,0.0,0.0
2022-09-06 00:00:00-04:00,13.109999656677246,13.109999656677246,12.489999771118164,12.630000114440918,25104100,0.0,0.0
2022-09-07 00:00:00-04:00,12.5,12.880000114440918,12.479999542236328,12.680000305175781,15816000,0.0,0.0
2022-09-08 00:00:00-04:00,12.539999961853027,12.6899995803833,12.229999542236328,12.539999961853027,22276100,0.0,0.0
2022-09-09 00:00:00-04:00,12.670000076293945,13.09000015258789,12.670000076293945,13.029999732971191,22559300,0.0,0.0
2022-09-12 00:00:00-04:00,13.180000305175781,13.529999732971191,13.100000381469727,13.3100004196167,15804600,0.0,0.0
2022-09-13 00:00:00-04:00,12.84000015258789,13.180000305175781,12.75,12.949999809265137,20761400,0.0,0.0
2022-09-14 00:00:00-04:00,12.949999809265137,12.979999542236328,12.319999694824219,12.710000038146973,23717900,0.0,0.0
2022-09-15 00:00:00-04:00,12.569999694824219,13.34000015258789,12.550000190734863,13.170000076293945,22447800,0.0,0.0
2022-09-16 00:00:00-04:00,13.039999961853027,13.119999885559082,12.630000114440918,12.739999771118164,37420200,0.0,0.0
2022-09-19 00:00:00-04:00,12.65999984741211,13.359999656677246,12.550000190734863,13.15999984741211,23871600,0.0,0.0
2022-09-20 00:00:00-04:00,13.0600004196167,13.239999771118164,12.829999923706055,13.210000038146973,27526100,0.0,0.0
2022-09-21 00:00:00-04:00,13.180000305175781,13.289999961853027,12.220000267028809,12.220000267028809,25806100,0.0,0.0
2022-09-22 00:00:00-04:00,12.239999771118164,12.380000114440918,11.880000114440918,12.010000228881836,23521400,0.0,0.0
2022-09-23 00:00:00-04:00,11.789999961853027,11.90999984741211,11.510000228881836,11.789999961853027,25087500,0.0,0.0
2022-09-26 00:00:00-04:00,11.6899995803833,12.050000190734863,11.390000343322754,11.40999984741211,24792000,0.0,0.0
2022-09-27 00:00:00-04:00,11.520000457763672,12.010000228881836,11.220000267028809,11.319999694824219,22208200,0.0,0.0
2022-09-28 00:00:00-04:00,11.279999732971191,11.869999885559082,11.199999809265137,11.789999961853027,19531400,0.0,0.0
2022-09-29 00:00:00-04:00,11.529999732971191,11.760000228881836,11.300000190734863,11.65999984741211,20033700,0.0,0.0
2022-09-30 00:00:00-04:00,11.710000038146973,12.020000457763672,11.479999542236328,11.5,23432200,0.0,0.0
2022-10-03 00:00:00-04:00,11.640000343322754,12.029999732971191,11.5600004196167,11.949999809265137,17827200,0.0,0.0
2022-10-04 00:00:00-04:00,12.079999923706055,12.550000190734863,12.039999961853027,12.359999656677246,18674000,0.0,0.0
2022-10-05 00:00:00-04:00,12.050000190734863,12.300000190734863,11.859999656677246,12.220000267028809,13677300,0.0,0.0
2022-10-06 00:00:00-04:00,12.199999809265137,12.539999961853027,12.069999694824219,12.489999771118164,17992700,0.0,0.0
2022-10-07 00:00:00-04:00,12.380000114440918,12.479999542236328,11.880000114440918,11.979999542236328,14331200,0.0,0.0
2022-10-10 00:00:00-04:00,12.039999961853027,12.229999542236328,11.8100004196167,12.020000457763672,16726500,0.0,0.0
2022-10-11 00:00:00-04:00,11.850000381469727,12.029999732971191,11.390000343322754,11.600000381469727,25356100,0.0,0.0
2022-10-12 00:00:00-04:00,11.479999542236328,11.850000381469727,11.329999923706055,11.65999984741211,28771600,0.0,0.0
2022-10-13 00:00:00-04:00,11.420000076293945,12.5600004196167,11.25,12.5,29973200,0.0,0.0
2022-10-14 00:00:00-04:00,12.550000190734863,12.84000015258789,12.399999618530273,12.430000305175781,20423100,0.0,0.0
2022-10-17 00:00:00-04:00,12.569999694824219,12.640000343322754,12.279999732971191,12.319999694824219,21358100,0.0,0.0
2022-10-18 00:00:00-04:00,12.619999885559082,13.039999961853027,12.550000190734863,12.880000114440918,18270300,0.0,0.0
2022-10-19 00:00:00-04:00,12.960000038146973,13.1899995803833,12.550000190734863,12.609999656677246,19640300,0.0,0.0
2022-10-20 00:00:00-04:00,12.65999984741211,13.220000267028809,12.449999809265137,12.920000076293945,23298300,0.0,0.0
2022-10-21 00:00:00-04:00,12.869999885559082,13.5,12.84000015258789,13.489999771118164,21454500,0.0,0.0
2022-10-24 00:00:00-04:00,13.460000038146973,13.59000015258789,13.020000457763672,13.180000305175781,20913400,0.0,0.0
2022-10-25 00:00:00-04:00,13.010000228881836,13.649999618530273,13.010000228881836,13.569999694824219,22539800,0.0,0.0
2022-10-26 00:00:00-04:00,13.470000267028809,13.65999984741211,12.829999923706055,13.0,24247100,0.0,0.0
2022-10-27 00:00:00-04:00,13.010000228881836,13.350000381469727,12.4399995803833,12.489999771118164,23608500,0.0,0.0
2022-10-28 00:00:00-04:00,12.5,12.970000267028809,12.369999885559082,12.949999809265137,19055900,0.0,0.0
2022-10-31 00:00:00-04:00,12.779999732971191,13.0600004196167,12.649999618530273,13.0,21383700,0.0,0.0
2022-11-01 00:00:00-04:00,13.25,13.829999923706055,13.25,13.350000381469727,22199500,0.0,0.0
2022-11-02 00:00:00-04:00,13.029999732971191,13.130000114440918,12.65999984741211,12.680000305175781,32132500,0.0,0.0
2022-11-03 00:00:00-04:00,12.359999656677246,12.399999618530273,11.640000343322754,11.970000267028809,34500300,0.0,0.0
2022-11-04 00:00:00-04:00,11.380000114440918,11.760000228881836,10.199999809265137,10.430000305175781,60325100,0.0,0.0
2022-11-07 00:00:00-05:00,10.460000038146973,10.5600004196167,9.970000267028809,10.270000457763672,44576700,0.0,0.0
2022-11-08 00:00:00-05:00,10.199999809265137,10.470000267028809,9.800000190734863,10.0600004196167,36236000,0.0,0.0
2022-11-09 00:00:00-05:00,9.859999656677246,9.90999984741211,9.520000457763672,9.84000015258789,43663300,0.0,0.0
2022-11-10 00:00:00-05:00,10.180000305175781,10.819999694824219,10.149999618530273,10.800000190734863,37007000,0.0,0.0
2022-11-11 00:00:00-05:00,10.819999694824219,12.359999656677246,10.609999656677246,11.84000015258789,48852200,0.0,0.0
2022-11-14 00:00:00-05:00,11.75,12.3100004196167,11.479999542236328,11.489999771118164,24372300,0.0,0.0
2022-11-15 00:00:00-05:00,11.84000015258789,12.199999809265137,11.180000305175781,11.329999923706055,29600500,0.0,0.0
2022-11-16 00:00:00-05:00,11.149999618530273,11.180000305175781,10.520000457763672,10.90999984741211,26336900,0.0,0.0
2022-11-17 00:00:00-05:00,10.699999809265137,11.170000076293945,10.600000381469727,10.960000038146973,18062600,0.0,0.0
2022-11-18 00:00:00-05:00,11.119999885559082,11.210000038146973,10.649999618530273,10.770000457763672,14638800,0.0,0.0
2022-11-21 00:00:00-05:00,10.699999809265137,10.779999732971191,10.5,10.5600004196167,18070400,0.0,0.0
2022-11-22 00:00:00-05:00,10.5,10.819999694824219,10.359999656677246,10.800000190734863,13273800,0.0,0.0
2022-11-23 00:00:00-05:00,10.720000267028809,11.40999984741211,10.720000267028809,11.34000015258789,16946300,0.0,0.0
2022-11-25 00:00:00-05:00,11.180000305175781,11.59000015258789,11.109999656677246,11.470000267028809,10129400,0.0,0.0
2022-11-28 00:00:00-05:00,11.270000457763672,11.529999732971191,10.90999984741211,10.920000076293945,16264200,0.0,0.0
2022-11-29 00:00:00-05:00,10.979999542236328,11.25,10.859999656677246,11.140000343322754,16626000,0.0,0.0
2022-11-30 00:00:00-05:00,11.0600004196167,11.520000457763672,10.930000305175781,11.399999618530273,26857000,0.0,0.0
2022-12-01 00:00:00-05:00,11.399999618530273,11.890000343322754,11.380000114440918,11.630000114440918,21848600,0.0,0.0
2022-12-02 00:00:00-05:00,11.569999694824219,11.649999618530273,11.369999885559082,11.550000190734863,17221600,0.0,0.0
2022-12-05 00:00:00-05:00,11.5,11.640000343322754,11.109999656677246,11.149999618530273,15244400,0.0,0.0
2022-12-06 00:00:00-05:00,11.3100004196167,11.489999771118164,10.569999694824219,10.609999656677246,25893000,0.0,0.0
2022-12-07 00:00:00-05:00,10.520000457763672,10.960000038146973,10.34000015258789,10.739999771118164,19258200,0.0,0.0
2022-12-08 00:00:00-05:00,10.779999732971191,11.0,10.670000076293945,10.760000228881836,20565600,0.0,0.0
2022-12-09 00:00:00-05:00,10.710000038146973,11.34000015258789,10.670000076293945,11.09000015258789,29007300,0.0,0.0
2022-12-12 00:00:00-05:00,11.0,11.399999618530273,10.960000038146973,11.270000457763672,50053900,0.0,0.0
2022-12-13 00:00:00-05:00,11.649999618530273,11.90999984741211,10.779999732971191,10.890000343322754,29922800,0.0,0.0
2022-12-14 00:00:00-05:00,10.800000190734863,11.229999542236328,10.770000457763672,10.979999542236328,35547900,0.0,0.0
2022-12-15 00:00:00-05:00,10.65999984741211,10.800000190734863,9.949999809265137,10.0,47972800,0.0,0.0
2022-12-16 00:00:00-05:00,9.970000267028809,10.100000381469727,9.600000381469727,9.90999984741211,158082500,0.0,0.0
2022-12-19 00:00:00-05:00,9.8100004196167,9.880000114440918,9.069999694824219,9.25,42430500,0.0,0.0
2022-12-20 00:00:00-05:00,9.180000305175781,9.5600004196167,8.890000343322754,9.029999732971191,42837300,0.0,0.0
2022-12-21 00:00:00-05:00,9.0600004196167,9.380000114440918,8.90999984741211,9.039999961853027,25650700,0.0,0.0
2022-12-22 00:00:00-05:00,9.0,9.239999771118164,8.819999694824219,9.229999542236328,28566000,0.0,0.0
2022-12-23 00:00:00-05:00,9.1899995803833,9.380000114440918,9.09000015258789,9.170000076293945,19035100,0.0,0.0
2022-12-27 00:00:00-05:00,9.0600004196167,9.270000457763672,8.850000381469727,9.229999542236328,22207700,0.0,0.0
2022-12-28 00:00:00-05:00,9.170000076293945,9.300000190734863,8.84000015258789,8.869999885559082,22506100,0.0,0.0
2022-12-29 00:00:00-05:00,9.010000228881836,9.569999694824219,8.9399995803833,9.430000305175781,29740700,0.0,0.0
2022-12-30 00:00:00-05:00,9.210000038146973,9.5,9.180000305175781,9.479999542236328,22808700,0.0,0.0
2023-01-03 00:00:00-05:00,9.649999618530273,9.9399995803833,9.489999771118164,9.539999961853027,25186100,0.0,0.0
2023-01-04 00:00:00-05:00,9.789999961853027,10.609999656677246,9.5600004196167,10.380000114440918,34435900,0.0,0.0
2023-01-05 00:00:00-05:00,10.380000114440918,11.050000190734863,10.119999885559082,10.859999656677246,33761600,0.0,0.0
2023-01-06 00:00:00-05:00,10.880000114440918,11.390000343322754,10.729999542236328,11.319999694824219,29842600,0.0,0.0
2023-01-09 00:00:00-05:00,11.390000343322754,11.710000038146973,11.229999542236328,11.609999656677246,25383800,0.0,0.0
2023-01-10 00:00:00-05:00,11.800000190734863,12.579999923706055,11.770000457763672,12.5600004196167,43263500,0.0,0.0
2023-01-11 00:00:00-05:00,12.880000114440918,12.949999809265137,12.380000114440918,12.600000381469727,30814100,0.0,0.0
2023-01-12 00:00:00-05:00,12.779999732971191,13.279999732971191,12.5,13.149999618530273,28005800,0.0,0.0
2023-01-13 00:00:00-05:00,12.960000038146973,13.15999984741211,12.90999984741211,13.140000343322754,16146600,0.0,0.0
2023-01-17 00:00:00-05:00,13.0600004196167,13.329999923706055,12.829999923706055,13.229999542236328,18142600,0.0,0.0
2023-01-18 00:00:00-05:00,13.229999542236328,13.25,12.489999771118164,12.59000015258789,21307800,0.0,0.0
2023-01-19 00:00:00-05:00,12.449999809265137,12.5600004196167,11.90999984741211,12.470000267028809,20111300,0.0,0.0
2023-01-20 00:00:00-05:00,12.539999961853027,13.039999961853027,12.359999656677246,13.020000457763672,18431100,0.0,0.0
2023-01-23 00:00:00-05:00,13.020000457763672,13.529999732971191,12.949999809265137,13.510000228881836,21618200,0.0,0.0
2023-01-24 00:00:00-05:00,13.369999885559082,13.600000381469727,13.239999771118164,13.380000114440918,11424200,0.0,0.0
2023-01-25 00:00:00-05:00,13.260000228881836,14.729999542236328,13.180000305175781,14.529999732971191,44313500,0.0,0.0
2023-01-26 00:00:00-05:00,14.720000267028809,15.1899995803833,14.420000076293945,15.0,30614200,0.0,0.0
2023-01-27 00:00:00-05:00,14.899999618530273,15.100000381469727,14.649999618530273,14.90999984741211,21010500,0.0,0.0
2023-01-30 00:00:00-05:00,14.59000015258789,14.729999542236328,14.220000267028809,14.380000114440918,20238500,0.0,0.0
2023-01-31 00:00:00-05:00,14.449999809265137,14.84000015258789,14.229999542236328,14.819999694824219,23524600,0.0,0.0
2023-02-01 00:00:00-05:00,14.720000267028809,15.470000267028809,14.670000076293945,15.359999656677246,26301400,0.0,0.0
2023-02-02 00:00:00-05:00,15.520000457763672,16.049999237060547,15.4399995803833,15.920000076293945,25213400,0.0,0.0
2023-02-03 00:00:00-05:00,15.5600004196167,15.859999656677246,15.260000228881836,15.420000076293945,20698400,0.0,0.0
2023-02-06 00:00:00-05:00,15.199999809265137,15.460000038146973,15.0,15.399999618530273,16769000,0.0,0.0
2023-02-07 00:00:00-05:00,15.350000381469727,15.420000076293945,14.789999961853027,15.329999923706055,12936200,0.0,0.0
2023-02-08 00:00:00-05:00,15.260000228881836,15.260000228881836,14.529999732971191,14.5600004196167,15044700,0.0,0.0
2023-02-09 00:00:00-05:00,14.779999732971191,14.960000038146973,14.239999771118164,14.369999885559082,17023000,0.0,0.0
2023-02-10 00:00:00-05:00,14.180000305175781,14.380000114440918,14.020000457763672,14.220000267028809,11847900,0.0,0.0
2023-02-13 00:00:00-05:00,14.3100004196167,15.079999923706055,14.109999656677246,14.920000076293945,19340400,0.0,0.0
2023-02-14 00:00:00-05:00,14.720000267028809,15.039999961853027,14.430000305175781,14.729999542236328,11173200,0.0,0.0
2023-02-15 00:00:00-05:00,14.569999694824219,15.369999885559082,14.40999984741211,15.350000381469727,16744400,0.0,0.0
2023-02-16 00:00:00-05:00,14.960000038146973,15.630000114440918,14.819999694824219,15.3100004196167,23020800,0.0,0.0
2023-02-17 00:00:00-05:00,15.239999771118164,15.529999732971191,15.0600004196167,15.430000305175781,15552500,0.0,0.0
2023-02-21 00:00:00-05:00,15.109999656677246,15.229999542236328,14.720000267028809,14.75,17783500,0.0,0.0
2023-02-22 00:00:00-05:00,14.680000305175781,15.520000457763672,14.680000305175781,15.420000076293945,20901300,0.0,0.0
2023-02-23 00:00:00-05:00,15.430000305175781,15.789999961853027,15.289999961853027,15.729999542236328,27591400,0.0,0.0
2023-02-24 00:00:00-05:00,15.3100004196167,16.239999771118164,15.149999618530273,15.550000190734863,38611600,0.0,0.0
2023-02-27 00:00:00-05:00,15.550000190734863,16.34000015258789,15.550000190734863,15.9399995803833,20752400,0.0,0.0
2023-02-28 00:00:00-05:00,15.859999656677246,16.31999969482422,15.460000038146973,15.619999885559082,22523200,0.0,0.0
2023-03-01 00:00:00-05:00,15.59000015258789,15.65999984741211,15.0,15.020000457763672,13922800,0.0,0.0
2023-03-02 00:00:00-05:00,14.930000305175781,15.279999732971191,14.760000228881836,15.239999771118164,13334000,0.0,0.0
2023-03-03 00:00:00-05:00,15.350000381469727,15.579999923706055,15.270000457763672,15.470000267028809,16506200,0.0,0.0
2023-03-06 00:00:00-05:00,15.649999618530273,15.850000381469727,15.119999885559082,15.130000114440918,11534600,0.0,0.0
2023-03-07 00:00:00-05:00,15.079999923706055,15.270000457763672,14.770000457763672,14.819999694824219,11413200,0.0,0.0
2023-03-08 00:00:00-05:00,14.869999885559082,15.380000114440918,14.75,15.34000015258789,12817100,0.0,0.0
2023-03-09 00:00:00-05:00,15.220000267028809,15.399999618530273,14.569999694824219,14.770000457763672,19337000,0.0,0.0
2023-03-10 00:00:00-05:00,14.65999984741211,14.75,14.140000343322754,14.350000381469727,16213600,0.0,0.0
2023-03-13 00:00:00-04:00,14.029999732971191,14.350000381469727,13.470000267028809,14.020000457763672,23224800,0.0,0.0
2023-03-14 00:00:00-04:00,14.1899995803833,14.319999694824219,13.779999732971191,14.050000190734863,20094500,0.0,0.0
2023-03-15 00:00:00-04:00,13.6899995803833,13.850000381469727,13.399999618530273,13.569999694824219,17601500,0.0,0.0
2023-03-16 00:00:00-04:00,13.449999809265137,14.229999542236328,13.390000343322754,14.15999984741211,13732900,0.0,0.0
2023-03-17 00:00:00-04:00,14.760000228881836,14.890000343322754,14.199999809265137,14.34000015258789,32003200,0.0,0.0
2023-03-20 00:00:00-04:00,14.260000228881836,14.539999961853027,14.109999656677246,14.239999771118164,16431900,0.0,0.0
2023-03-21 00:00:00-04:00,14.479999542236328,15.140000343322754,14.40999984741211,15.09000015258789,17627900,0.0,0.0
2023-03-22 00:00:00-04:00,15.130000114440918,15.270000457763672,14.479999542236328,14.510000228881836,13584300,0.0,0.0
2023-03-23 00:00:00-04:00,14.670000076293945,15.0,14.239999771118164,14.529999732971191,11042000,0.0,0.0
2023-03-24 00:00:00-04:00,14.199999809265137,14.319999694824219,13.720000267028809,14.0,12747400,0.0,0.0
2023-03-27 00:00:00-04:00,14.130000114440918,14.510000228881836,14.130000114440918,14.34000015258789,10588700,0.0,0.0
2023-03-28 00:00:00-04:00,14.350000381469727,14.579999923706055,14.329999923706055,14.479999542236328,11188900,0.0,0.0
2023-03-29 00:00:00-04:00,14.649999618530273,14.720000267028809,14.390000343322754,14.65999984741211,12433700,0.0,0.0
2023-03-30 00:00:00-04:00,14.930000305175781,15.039999961853027,14.760000228881836,14.850000381469727,12707500,0.0,0.0
2023-03-31 00:00:00-04:00,14.899999618530273,15.119999885559082,14.850000381469727,15.100000381469727,17309400,0.0,0.0
2023-04-03 00:00:00-04:00,15.010000228881836,15.199999809265137,14.670000076293945,14.8100004196167,16566300,0.0,0.0
2023-04-04 00:00:00-04:00,15.0,15.180000305175781,14.800000190734863,15.149999618530273,15755000,0.0,0.0
2023-04-05 00:00:00-04:00,14.989999771118164,15.010000228881836,14.65999984741211,14.789999961853027,14871900,0.0,0.0
2023-04-06 00:00:00-04:00,14.699999809265137,15.239999771118164,14.40999984741211,15.109999656677246,21833900,0.0,0.0
2023-04-10 00:00:00-04:00,15.010000228881836,15.520000457763672,14.960000038146973,15.399999618530273,15878300,0.0,0.0
2023-04-11 00:00:00-04:00,15.5,15.5600004196167,14.859999656677246,14.930000305175781,19676900,0.0,0.0
2023-04-12 00:00:00-04:00,15.069999694824219,15.140000343322754,13.970000267028809,14.0600004196167,26222900,0.0,0.0
2023-04-13 00:00:00-04:00,14.109999656677246,14.479999542236328,13.729999542236328,14.039999961853027,36540500,0.0,0.0
2023-04-14 00:00:00-04:00,14.100000381469727,14.279999732971191,13.5600004196167,13.779999732971191,16783400,0.0,0.0
2023-04-17 00:00:00-04:00,13.819999694824219,14.539999961853027,13.760000228881836,14.529999732971191,18793000,0.0,0.0
2023-04-18 00:00:00-04:00,14.59000015258789,14.680000305175781,14.130000114440918,14.270000457763672,13688800,0.0,0.0
2023-04-19 00:00:00-04:00,14.100000381469727,14.350000381469727,13.829999923706055,14.289999961853027,12505900,0.0,0.0
2023-04-20 00:00:00-04:00,14.039999961853027,14.170000076293945,13.6899995803833,13.829999923706055,15925600,0.0,0.0
2023-04-21 00:00:00-04:00,13.729999542236328,13.880000114440918,13.460000038146973,13.579999923706055,16059200,0.0,0.0
2023-04-24 00:00:00-04:00,13.630000114440918,13.729999542236328,13.199999809265137,13.359999656677246,16336600,0.0,0.0
2023-04-25 00:00:00-04:00,13.1899995803833,13.289999961853027,12.760000228881836,12.8100004196167,18570600,0.0,0.0
2023-04-26 00:00:00-04:00,12.800000190734863,13.0,12.539999961853027,12.579999923706055,14264400,0.0,0.0
2023-04-27 00:00:00-04:00,12.75,13.15999984741211,12.609999656677246,13.09000015258789,19979600,0.0,0.0
2023-04-28 00:00:00-04:00,13.069999694824219,13.739999771118164,12.920000076293945,13.609999656677246,16908600,0.0,0.0
2023-05-01 00:00:00-04:00,13.579999923706055,13.699999809265137,13.239999771118164,13.289999961853027,13721700,0.0,0.0
2023-05-02 00:00:00-04:00,13.149999618530273,13.210000038146973,12.649999618530273,12.6899995803833,15663800,0.0,0.0
2023-05-03 00:00:00-04:00,12.800000190734863,13.130000114440918,12.75,12.829999923706055,15265700,0.0,0.0
2023-05-04 00:00:00-04:00,12.430000305175781,12.520000457763672,12.050000190734863,12.329999923706055,32200600,0.0,0.0
2023-05-05 00:00:00-04:00,11.8100004196167,12.960000038146973,11.630000114440918,12.890000343322754,43789100,0.0,0.0
2023-05-08 00:00:00-04:00,13.0,13.550000190734863,12.800000190734863,13.460000038146973,20909500,0.0,0.0
2023-05-09 00:00:00-04:00,13.3100004196167,13.5,13.25,13.40999984741211,20611200,0.0,0.0
2023-05-10 00:00:00-04:00,13.550000190734863,13.5600004196167,12.6899995803833,13.039999961853027,21790000,0.0,0.0
2023-05-11 00:00:00-04:00,12.819999694824219,12.880000114440918,12.34000015258789,12.380000114440918,20095200,0.0,0.0
2023-05-12 00:00:00-04:00,12.380000114440918,12.630000114440918,12.25,12.510000228881836,18620800,0.0,0.0
2023-05-15 00:00:00-04:00,12.619999885559082,12.819999694824219,12.460000038146973,12.8100004196167,13879700,0.0,0.0
2023-05-16 00:00:00-04:00,12.779999732971191,12.819999694824219,12.09000015258789,12.149999618530273,20245000,0.0,0.0
2023-05-17 00:00:00-04:00,12.289999961853027,12.680000305175781,12.180000305175781,12.510000228881836,15072200,0.0,0.0
2023-05-18 00:00:00-04:00,12.510000228881836,12.579999923706055,12.1899995803833,12.399999618530273,16779300,0.0,0.0
2023-05-19 00:00:00-04:00,12.399999618530273,12.460000038146973,12.15999984741211,12.199999809265137,13198900,0.0,0.0
2023-05-22 00:00:00-04:00,12.220000267028809,12.319999694824219,11.970000267028809,12.15999984741211,15850000,0.0,0.0
2023-05-23 00:00:00-04:00,12.130000114440918,12.239999771118164,11.65999984741211,11.6899995803833,20315300,0.0,0.0
2023-05-24 00:00:00-04:00,11.699999809265137,11.899999618530273,11.369999885559082,11.65999984741211,17325000,0.0,0.0
2023-05-25 00:00:00-04:00,11.569999694824219,11.569999694824219,11.039999961853027,11.09000015258789,21466800,0.0,0.0
2023-05-26 00:00:00-04:00,11.170000076293945,11.489999771118164,11.010000228881836,11.4399995803833,21300400,0.0,0.0
2023-05-30 00:00:00-04:00,11.5,11.569999694824219,11.130000114440918,11.300000190734863,19895200,0.0,0.0
2023-05-31 00:00:00-04:00,11.34000015258789,11.520000457763672,11.220000267028809,11.279999732971191,35876700,0.0,0.0
2023-06-01 00:00:00-04:00,11.300000190734863,11.609999656677246,10.899999618530273,11.350000381469727,20503000,0.0,0.0
2023-06-02 00:00:00-04:00,11.529999732971191,11.850000381469727,11.4399995803833,11.75,19218600,0.0,0.0
2023-06-05 00:00:00-04:00,11.75,11.880000114440918,11.470000267028809,11.630000114440918,15053800,0.0,0.0
2023-06-06 00:00:00-04:00,11.539999961853027,12.199999809265137,11.539999961853027,12.100000381469727,18359800,0.0,0.0
2023-06-07 00:00:00-04:00,12.119999885559082,13.34000015258789,12.119999885559082,13.119999885559082,47243100,0.0,0.0
2023-06-08 00:00:00-04:00,13.119999885559082,14.210000038146973,13.09000015258789,14.020000457763672,43172300,0.0,0.0
2023-06-09 00:00:00-04:00,14.109999656677246,14.170000076293945,13.600000381469727,13.84000015258789,25204100,0.0,0.0
2023-06-12 00:00:00-04:00,13.920000076293945,14.229999542236328,13.8100004196167,13.970000267028809,16927000,0.0,0.0
2023-06-13 00:00:00-04:00,14.119999885559082,14.479999542236328,13.75,13.789999961853027,19999500,0.0,0.0
2023-06-14 00:00:00-04:00,13.850000381469727,14.140000343322754,13.5,13.670000076293945,26280000,0.0,0.0
2023-06-15 00:00:00-04:00,13.609999656677246,13.619999885559082,12.850000381469727,13.130000114440918,43427100,0.0,0.0
2023-06-16 00:00:00-04:00,13.09000015258789,13.109999656677246,12.579999923706055,12.800000190734863,46121400,0.0,0.0
2023-06-20 00:00:00-04:00,12.649999618530273,12.739999771118164,12.149999618530273,12.1899995803833,30172600,0.0,0.0
2023-06-21 00:00:00-04:00,12.1899995803833,12.479999542236328,12.0600004196167,12.369999885559082,27539200,0.0,0.0
2023-06-22 00:00:00-04:00,12.369999885559082,12.40999984741211,12.020000457763672,12.09000015258789,19138500,0.0,0.0
2023-06-23 00:00:00-04:00,11.9399995803833,11.970000267028809,11.670000076293945,11.789999961853027,57397600,0.0,0.0
2023-06-26 00:00:00-04:00,11.789999961853027,12.0,11.600000381469727,11.779999732971191,27227300,0.0,0.0
2023-06-27 00:00:00-04:00,11.829999923706055,12.4399995803833,11.779999732971191,12.270000457763672,31123900,0.0,0.0
2023-06-28 00:00:00-04:00,12.270000457763672,12.5,12.130000114440918,12.449999809265137,17592500,0.0,0.0
2023-06-29 00:00:00-04:00,12.300000190734863,12.5,12.229999542236328,12.420000076293945,13587800,0.0,0.0
2023-06-30 00:00:00-04:00,12.529999732971191,12.579999923706055,12.40999984741211,12.539999961853027,17333600,0.0,0.0
2023-07-03 00:00:00-04:00,12.520000457763672,13.029999732971191,12.510000228881836,13.010000228881836,11593100,0.0,0.0
2023-07-05 00:00:00-04:00,12.869999885559082,13.039999961853027,12.539999961853027,12.829999923706055,14367600,0.0,0.0
2023-07-06 00:00:00-04:00,12.640000343322754,12.699999809265137,12.399999618530273,12.670000076293945,14078800,0.0,0.0
2023-07-07 00:00:00-04:00,12.25,12.819999694824219,12.25,12.539999961853027,13785200,0.0,0.0
2023-07-10 00:00:00-04:00,12.510000228881836,13.029999732971191,12.4399995803833,12.949999809265137,15047900,0.0,0.0
2023-07-11 00:00:00-04:00,12.9399995803833,13.34000015258789,12.920000076293945,13.300000190734863,16802200,0.0,0.0
2023-07-12 00:00:00-04:00,13.5,13.59000015258789,13.069999694824219,13.15999984741211,14585600,0.0,0.0
2023-07-13 00:00:00-04:00,13.229999542236328,13.270000457763672,12.550000190734863,13.100000381469727,22969600,0.0,0.0
2023-07-14 00:00:00-04:00,13.050000190734863,13.09000015258789,12.369999885559082,12.399999618530273,18790500,0.0,0.0
2023-07-17 00:00:00-04:00,12.359999656677246,12.359999656677246,12.140000343322754,12.3100004196167,17472100,0.0,0.0
2023-07-18 00:00:00-04:00,12.329999923706055,13.050000190734863,12.319999694824219,12.770000457763672,20810400,0.0,0.0
2023-07-19 00:00:00-04:00,12.84000015258789,13.359999656677246,12.829999923706055,13.279999732971191,19700900,0.0,0.0
2023-07-20 00:00:00-04:00,13.15999984741211,13.420000076293945,13.039999961853027,13.109999656677246,15620900,0.0,0.0
2023-07-21 00:00:00-04:00,13.239999771118164,13.399999618530273,12.869999885559082,12.930000305175781,40095400,0.0,0.0
2023-07-24 00:00:00-04:00,13.010000228881836,13.109999656677246,12.5600004196167,12.609999656677246,16752300,0.0,0.0
2023-07-25 00:00:00-04:00,12.579999923706055,12.789999961853027,12.420000076293945,12.529999732971191,15816500,0.0,0.0
2023-07-26 00:00:00-04:00,12.550000190734863,12.8100004196167,12.470000267028809,12.760000228881836,12544500,0.0,0.0
2023-07-27 00:00:00-04:00,13.0,13.020000457763672,12.239999771118164,12.289999961853027,16434600,0.0,0.0
2023-07-28 00:00:00-04:00,12.550000190734863,12.859999656677246,12.449999809265137,12.789999961853027,16138300,0.0,0.0
2023-07-31 00:00:00-04:00,12.859999656677246,13.260000228881836,12.819999694824219,13.069999694824219,13445200,0.0,0.0
2023-08-01 00:00:00-04:00,13.020000457763672,13.09000015258789,12.720000267028809,12.869999885559082,12669900,0.0,0.0
2023-08-02 00:00:00-04:00,12.699999809265137,12.800000190734863,12.460000038146973,12.550000190734863,19885500,0.0,0.0
2023-08-03 00:00:00-04:00,12.479999542236328,13.010000228881836,12.119999885559082,12.890000343322754,34181500,0.0,0.0
2023-08-04 00:00:00-04:00,12.9399995803833,14.039999961853027,12.760000228881836,13.970000267028809,32466400,0.0,0.0
2023-08-07 00:00:00-04:00,14.09000015258789,14.5,13.84000015258789,14.470000267028809,29361200,0.0,0.0
2023-08-08 00:00:00-04:00,14.300000190734863,14.5,13.75,14.420000076293945,24606800,0.0,0.0
2023-08-09 00:00:00-04:00,14.550000190734863,14.760000228881836,14.109999656677246,14.109999656677246,16817300,0.0,0.0
2023-08-10 00:00:00-04:00,14.279999732971191,14.520000457763672,14.069999694824219,14.119999885559082,12214300,0.0,0.0
2023-08-11 00:00:00-04:00,14.010000228881836,14.270000457763672,13.680000305175781,13.699999809265137,11566400,0.0,0.0
2023-08-14 00:00:00-04:00,13.550000190734863,13.8100004196167,13.420000076293945,13.529999732971191,11363500,0.0,0.0
2023-08-15 00:00:00-04:00,13.369999885559082,13.5600004196167,13.140000343322754,13.420000076293945,8989500,0.0,0.0
2023-08-16 00:00:00-04:00,13.260000228881836,13.470000267028809,13.149999618530273,13.1899995803833,8721000,0.0,0.0
2023-08-17 00:00:00-04:00,13.199999809265137,13.300000190734863,12.75,12.760000228881836,14732800,0.0,0.0
2023-08-18 00:00:00-04:00,12.640000343322754,12.829999923706055,12.529999732971191,12.779999732971191,10902000,0.0,0.0
2023-08-21 00:00:00-04:00,12.770000457763672,12.800000190734863,12.5,12.649999618530273,10927800,0.0,0.0
2023-08-22 00:00:00-04:00,12.630000114440918,12.789999961853027,12.460000038146973,12.539999961853027,10050900,0.0,0.0
2023-08-23 00:00:00-04:00,12.569999694824219,12.789999961853027,12.520000457763672,12.699999809265137,8524100,0.0,0.0
2023-08-24 00:00:00-04:00,12.630000114440918,12.829999923706055,12.479999542236328,12.699999809265137,14044800,0.0,0.0
2023-08-25 00:00:00-04:00,12.65999984741211,12.800000190734863,11.949999809265137,12.270000457763672,18874000,0.0,0.0
2023-08-28 00:00:00-04:00,12.3100004196167,12.800000190734863,12.3100004196167,12.789999961853027,15302700,0.0,0.0
2023-08-29 00:00:00-04:00,12.829999923706055,13.039999961853027,12.710000038146973,12.949999809265137,11313300,0.0,0.0
2023-08-30 00:00:00-04:00,12.970000267028809,13.130000114440918,12.880000114440918,13.109999656677246,9543400,0.0,0.0
2023-08-31 00:00:00-04:00,13.100000381469727,13.3100004196167,13.100000381469727,13.140000343322754,13170100,0.0,0.0
2023-09-01 00:00:00-04:00,12.779999732971191,12.84000015258789,11.34000015258789,11.5600004196167,62845900,0.0,0.0
2023-09-05 00:00:00-04:00,11.59000015258789,11.960000038146973,11.34000015258789,11.640000343322754,25835300,0.0,0.0
2023-09-06 00:00:00-04:00,11.529999732971191,11.579999923706055,11.100000381469727,11.489999771118164,23007700,0.0,0.0
2023-09-07 00:00:00-04:00,11.390000343322754,11.430000305175781,10.850000381469727,11.029999732971191,28265600,0.0,0.0
2023-09-08 00:00:00-04:00,11.079999923706055,11.399999618530273,11.0,11.319999694824219,28275100,0.0,0.0
2023-09-11 00:00:00-04:00,11.40999984741211,12.039999961853027,11.25,11.579999923706055,37363000,0.0,0.0
2023-09-12 00:00:00-04:00,11.720000267028809,11.850000381469727,11.279999732971191,11.329999923706055,26268800,0.0,0.0
2023-09-13 00:00:00-04:00,11.359999656677246,11.470000267028809,11.220000267028809,11.40999984741211,12547100,0.0,0.0
2023-09-14 00:00:00-04:00,11.609999656677246,11.770000457763672,11.420000076293945,11.729999542236328,16870600,0.0,0.0
2023-09-15 00:00:00-04:00,11.75,12.180000305175781,11.6899995803833,11.84000015258789,30316100,0.0,0.0
2023-09-18 00:00:00-04:00,11.880000114440918,11.960000038146973,11.569999694824219,11.65999984741211,13642700,0.0,0.0
2023-09-19 00:00:00-04:00,11.65999984741211,11.75,11.529999732971191,11.640000343322754,10708700,0.0,0.0
2023-09-20 00:00:00-04:00,11.680000305175781,11.829999923706055,11.489999771118164,11.5,10685500,0.0,0.0
2023-09-21 00:00:00-04:00,11.510000228881836,11.930000305175781,11.449999809265137,11.510000228881836,17361500,0.0,0.0
2023-09-22 00:00:00-04:00,11.510000228881836,11.609999656677246,11.010000228881836,11.100000381469727,22925700,0.0,0.0
2023-09-25 00:00:00-04:00,11.149999618530273,11.180000305175781,10.619999885559082,10.65999984741211,22405100,0.0,0.0
2023-09-26 00:00:00-04:00,10.569999694824219,10.8100004196167,10.430000305175781,10.6899995803833,21457900,0.0,0.0
2023-09-27 00:00:00-04:00,10.760000228881836,11.119999885559082,10.760000228881836,11.029999732971191,20955300,0.0,0.0
2023-09-28 00:00:00-04:00,11.079999923706055,11.100000381469727,10.65999984741211,10.6899995803833,17806300,0.0,0.0
2023-09-29 00:00:00-04:00,10.770000457763672,11.069999694824219,10.770000457763672,10.859999656677246,19127100,0.0,0.0
2023-10-02 00:00:00-04:00,10.800000190734863,10.890000343322754,10.34000015258789,10.510000228881836,18332000,0.0,0.0
2023-10-03 00:00:00-04:00,10.390000343322754,10.739999771118164,10.300000190734863,10.350000381469727,20757100,0.0,0.0
2023-10-04 00:00:00-04:00,10.380000114440918,10.399999618530273,9.989999771118164,10.289999961853027,17845200,0.0,0.0
2023-10-05 00:00:00-04:00,10.199999809265137,10.319999694824219,9.880000114440918,10.09000015258789,22760300,0.0,0.0
2023-10-06 00:00:00-04:00,10.0,10.420000076293945,9.949999809265137,10.279999732971191,21052700,0.0,0.0
2023-10-09 00:00:00-04:00,10.130000114440918,10.5600004196167,10.069999694824219,10.529999732971191,15518600,0.0,0.0
2023-10-10 00:00:00-04:00,10.550000190734863,10.770000457763672,10.4399995803833,10.670000076293945,26641800,0.0,0.0
2023-10-11 00:00:00-04:00,10.680000305175781,10.960000038146973,10.680000305175781,10.960000038146973,18216200,0.0,0.0
2023-10-12 00:00:00-04:00,10.960000038146973,10.989999771118164,10.260000228881836,10.319999694824219,14748400,0.0,0.0
2023-10-13 00:00:00-04:00,10.289999961853027,10.449999809265137,10.149999618530273,10.369999885559082,15401300,0.0,0.0
2023-10-16 00:00:00-04:00,10.449999809265137,10.960000038146973,10.300000190734863,10.899999618530273,17824300,0.0,0.0
2023-10-17 00:00:00-04:00,10.819999694824219,11.039999961853027,10.789999961853027,10.920000076293945,13479300,0.0,0.0
2023-10-18 00:00:00-04:00,10.789999961853027,10.850000381469727,10.5600004196167,10.579999923706055,12669700,0.0,0.0
2023-10-19 00:00:00-04:00,10.710000038146973,10.760000228881836,10.329999923706055,10.390000343322754,14655000,0.0,0.0
2023-10-20 00:00:00-04:00,10.390000343322754,10.609999656677246,10.260000228881836,10.329999923706055,14212200,0.0,0.0
2023-10-23 00:00:00-04:00,10.260000228881836,10.40999984741211,10.109999656677246,10.140000343322754,14015200,0.0,0.0
2023-10-24 00:00:00-04:00,10.1899995803833,10.479999542236328,10.050000190734863,10.079999923706055,17892700,0.0,0.0
2023-10-25 00:00:00-04:00,10.010000228881836,10.180000305175781,9.720000267028809,9.729999542236328,32193700,0.0,0.0
2023-10-26 00:00:00-04:00,9.699999809265137,9.970000267028809,9.569999694824219,9.800000190734863,18682700,0.0,0.0
2023-10-27 00:00:00-04:00,9.800000190734863,9.90999984741211,9.529999732971191,9.550000190734863,15162000,0.0,0.0
2023-10-30 00:00:00-04:00,9.649999618530273,9.970000267028809,9.630000114440918,9.850000381469727,18128400,0.0,0.0
2023-10-31 00:00:00-04:00,9.890000343322754,10.109999656677246,9.800000190734863,9.9399995803833,23004200,0.0,0.0
2023-11-01 00:00:00-04:00,9.970000267028809,10.210000038146973,9.84000015258789,10.079999923706055,20037500,0.0,0.0
2023-11-02 00:00:00-04:00,10.279999732971191,11.100000381469727,10.25,11.079999923706055,29635200,0.0,0.0
2023-11-03 00:00:00-04:00,11.399999618530273,11.880000114440918,11.380000114440918,11.770000457763672,25064600,0.0,0.0
2023-11-06 00:00:00-05:00,11.609999656677246,11.770000457763672,11.25,11.449999809265137,20804800,0.0,0.0
2023-11-07 00:00:00-05:00,11.449999809265137,11.710000038146973,11.350000381469727,11.609999656677246,24405100,0.0,0.0
2023-11-08 00:00:00-05:00,10.1899995803833,10.329999923706055,9.380000114440918,9.399999618530273,80193400,0.0,0.0
2023-11-09 00:00:00-05:00,9.670000076293945,9.829999923706055,9.270000457763672,9.640000343322754,39753900,0.0,0.0
2023-11-10 00:00:00-05:00,9.680000305175781,10.199999809265137,9.600000381469727,10.130000114440918,34526800,0.0,0.0
2023-11-13 00:00:00-05:00,10.010000228881836,10.069999694824219,9.630000114440918,9.890000343322754,18631300,0.0,0.0
2023-11-14 00:00:00-05:00,10.289999961853027,10.850000381469727,10.270000457763672,10.4399995803833,27971300,0.0,0.0
2023-11-15 00:00:00-05:00,10.4399995803833,10.640000343322754,10.380000114440918,10.5600004196167,21896900,0.0,0.0
2023-11-16 00:00:00-05:00,10.539999961853027,10.649999618530273,9.970000267028809,10.319999694824219,21984300,0.0,0.0
2023-11-17 00:00:00-05:00,10.4399995803833,10.779999732971191,10.279999732971191,10.710000038146973,18719400,0.0,0.0
2023-11-20 00:00:00-05:00,10.779999732971191,10.829999923706055,10.539999961853027,10.739999771118164,18732200,0.0,0.0
2023-11-21 00:00:00-05:00,10.59000015258789,10.680000305175781,10.479999542236328,10.579999923706055,10220100,0.0,0.0
2023-11-22 00:00:00-05:00,10.670000076293945,10.75,10.600000381469727,10.65999984741211,12169700,0.0,0.0
2023-11-24 00:00:00-05:00,10.619999885559082,10.949999809265137,10.609999656677246,10.850000381469727,6786100,0.0,0.0
2023-11-27 00:00:00-05:00,10.760000228881836,10.9399995803833,10.6899995803833,10.779999732971191,17049600,0.0,0.0
2023-11-28 00:00:00-05:00,10.729999542236328,10.789999961853027,10.5,10.619999885559082,32676700,0.0,0.0
2023-11-29 00:00:00-05:00,10.720000267028809,10.90999984741211,10.550000190734863,10.779999732971191,24145000,0.0,0.0
2023-11-30 00:00:00-05:00,10.770000457763672,10.829999923706055,10.380000114440918,10.449999809265137,27490100,0.0,0.0
2023-12-01 00:00:00-05:00,10.479999542236328,11.520000457763672,10.359999656677246,11.329999923706055,32077900,0.0,0.0
2023-12-04 00:00:00-05:00,11.239999771118164,11.4399995803833,11.15999984741211,11.390000343322754,20425200,0.0,0.0
2023-12-05 00:00:00-05:00,11.229999542236328,11.3100004196167,10.779999732971191,10.869999885559082,19524300,0.0,0.0
2023-12-06 00:00:00-05:00,11.029999732971191,11.279999732971191,10.890000343322754,10.920000076293945,15783100,0.0,0.0
2023-12-07 00:00:00-05:00,10.949999809265137,11.09000015258789,10.729999542236328,10.819999694824219,17100000,0.0,0.0
2023-12-08 00:00:00-05:00,11.0,11.680000305175781,11.0,11.470000267028809,27965600,0.0,0.0
2023-12-11 00:00:00-05:00,11.619999885559082,11.739999771118164,11.140000343322754,11.430000305175781,21970800,0.0,0.0
2023-12-12 00:00:00-05:00,11.449999809265137,11.479999542236328,11.149999618530273,11.229999542236328,16669400,0.0,0.0
2023-12-13 00:00:00-05:00,11.15999984741211,11.890000343322754,11.0600004196167,11.880000114440918,23694200,0.0,0.0
2023-12-14 00:00:00-05:00,12.109999656677246,12.699999809265137,12.079999923706055,12.489999771118164,35317300,0.0,0.0
2023-12-15 00:00:00-05:00,12.529999732971191,12.680000305175781,12.180000305175781,12.260000228881836,43112700,0.0,0.0
2023-12-18 00:00:00-05:00,12.319999694824219,12.34000015258789,11.9399995803833,11.970000267028809,19202800,0.0,0.0
2023-12-19 00:00:00-05:00,11.9399995803833,12.4399995803833,11.9399995803833,12.359999656677246,17263400,0.0,0.0
2023-12-20 00:00:00-05:00,12.319999694824219,12.569999694824219,11.489999771118164,11.65999984741211,36623000,0.0,0.0
2023-12-21 00:00:00-05:00,11.8100004196167,11.84000015258789,10.920000076293945,11.489999771118164,46101300,0.0,0.0
2023-12-22 00:00:00-05:00,11.5,11.630000114440918,11.210000038146973,11.270000457763672,21560800,0.0,0.0
2023-12-26 00:00:00-05:00,11.270000457763672,11.5600004196167,11.170000076293945,11.5,17934500,0.0,0.0
2023-12-27 00:00:00-05:00,11.470000267028809,11.5600004196167,11.289999961853027,11.489999771118164,20714200,0.0,0.0
2023-12-28 00:00:00-05:00,11.4399995803833,11.739999771118164,11.430000305175781,11.6899995803833,16578600,0.0,0.0
2023-12-29 00:00:00-05:00,11.550000190734863,11.65999984741211,11.329999923706055,11.380000114440918,20267500,0.0,0.0
2024-01-02 00:00:00-05:00,11.319999694824219,12.0,11.270000457763672,11.65999984741211,26265000,0.0,0.0
2024-01-03 00:00:00-05:00,11.479999542236328,11.5600004196167,11.180000305175781,11.300000190734863,20179600,0.0,0.0
2024-01-04 00:00:00-05:00,11.3100004196167,11.390000343322754,11.180000305175781,11.350000381469727,19777800,0.0,0.0
2024-01-05 00:00:00-05:00,11.270000457763672,11.529999732971191,11.119999885559082,11.199999809265137,20257300,0.0,0.0
2024-01-08 00:00:00-05:00,11.220000267028809,11.489999771118164,11.149999618530273,11.399999618530273,17424200,0.0,0.0
2024-01-09 00:00:00-05:00,11.229999542236328,11.260000228881836,10.970000267028809,11.029999732971191,20173700,0.0,0.0
2024-01-10 00:00:00-05:00,10.989999771118164,11.15999984741211,10.819999694824219,10.970000267028809,16741500,0.0,0.0
2024-01-11 00:00:00-05:00,10.760000228881836,10.760000228881836,10.420000076293945,10.539999961853027,22352700,0.0,0.0
2024-01-12 00:00:00-05:00,10.670000076293945,10.739999771118164,10.479999542236328,10.649999618530273,16865500,0.0,0.0
2024-01-16 00:00:00-05:00,10.520000457763672,10.569999694824219,10.279999732971191,10.350000381469727,15792600,0.0,0.0
2024-01-17 00:00:00-05:00,10.109999656677246,10.270000457763672,10.050000190734863,10.15999984741211,15385300,0.0,0.0
2024-01-18 00:00:00-05:00,10.180000305175781,10.319999694824219,10.180000305175781,10.279999732971191,13386600,0.0,0.0
2024-01-19 00:00:00-05:00,10.289999961853027,10.369999885559082,10.010000228881836,10.350000381469727,18340300,0.0,0.0
2024-01-22 00:00:00-05:00,10.380000114440918,10.65999984741211,10.34000015258789,10.470000267028809,14255200,0.0,0.0
2024-01-23 00:00:00-05:00,10.649999618530273,10.729999542236328,10.4399995803833,10.539999961853027,15646900,0.0,0.0
2024-01-24 00:00:00-05:00,10.720000267028809,10.75,10.350000381469727,10.40999984741211,15861500,0.0,0.0
2024-01-25 00:00:00-05:00,10.600000381469727,10.869999885559082,10.390000343322754,10.579999923706055,21361900,0.0,0.0
2024-01-26 00:00:00-05:00,10.59000015258789,10.65999984741211,10.470000267028809,10.619999885559082,12071900,0.0,0.0
2024-01-29 00:00:00-05:00,10.390000343322754,10.5,10.25,10.489999771118164,24543800,0.0,0.0
2024-01-30 00:00:00-05:00,10.399999618530273,10.430000305175781,10.050000190734863,10.100000381469727,23542200,0.0,0.0
2024-01-31 00:00:00-05:00,10.229999542236328,10.399999618530273,10.020000457763672,10.020000457763672,26018400,0.0,0.0
2024-02-01 00:00:00-05:00,10.0600004196167,10.510000228881836,10.050000190734863,10.460000038146973,41932300,0.0,0.0
2024-02-02 00:00:00-05:00,10.369999885559082,10.369999885559082,10.130000114440918,10.25,16110600,0.0,0.0
2024-02-05 00:00:00-05:00,10.130000114440918,10.199999809265137,10.0,10.069999694824219,15338400,0.0,0.0
2024-02-06 00:00:00-05:00,10.0600004196167,10.25,10.010000228881836,10.069999694824219,14315000,0.0,0.0
2024-02-07 00:00:00-05:00,10.350000381469727,10.350000381469727,9.630000114440918,9.75,33500200,0.0,0.0
2024-02-08 00:00:00-05:00,9.869999885559082,9.970000267028809,9.649999618530273,9.829999923706055,19677400,0.0,0.0
2024-02-09 00:00:00-05:00,9.829999923706055,9.890000343322754,9.569999694824219,9.640000343322754,22852500,0.0,0.0
2024-02-12 00:00:00-05:00,9.59000015258789,10.029999732971191,9.5600004196167,9.960000038146973,23498500,0.0,0.0
2024-02-13 00:00:00-05:00,9.680000305175781,9.739999771118164,9.430000305175781,9.539999961853027,24024700,0.0,0.0
2024-02-14 00:00:00-05:00,9.680000305175781,9.789999961853027,9.5600004196167,9.729999542236328,27908400,0.0,0.0
2024-02-15 00:00:00-05:00,9.729999542236328,10.149999618530273,9.720000267028809,10.140000343322754,26449500,0.0,0.0
2024-02-16 00:00:00-05:00,10.020000457763672,10.119999885559082,9.8100004196167,9.829999923706055,19863400,0.0,0.0
2024-02-20 00:00:00-05:00,9.760000228881836,10.050000190734863,9.720000267028809,9.890000343322754,24259500,0.0,0.0
2024-02-21 00:00:00-05:00,9.930000305175781,9.949999809265137,9.529999732971191,9.569999694824219,25976100,0.0,0.0
2024-02-22 00:00:00-05:00,9.65999984741211,9.670000076293945,9.510000228881836,9.5600004196167,31559700,0.0,0.0
2024-02-23 00:00:00-05:00,8.649999618530273,8.75,8.25,8.609999656677246,98206900,0.0,0.0
2024-02-26 00:00:00-05:00,8.779999732971191,8.859999656677246,8.430000305175781,8.550000190734863,35389800,0.0,0.0
2024-02-27 00:00:00-05:00,8.59000015258789,8.75,8.449999809265137,8.699999809265137,31750900,0.0,0.0
2024-02-28 00:00:00-05:00,8.550000190734863,8.729999542236328,8.470000267028809,8.710000038146973,29823500,0.0,0.0
2024-02-29 00:00:00-05:00,8.819999694824219,8.979999542236328,8.670000076293945,8.789999961853027,40314700,0.0,0.0
2024-03-01 00:00:00-05:00,8.800000190734863,8.84000015258789,8.630000114440918,8.670000076293945,28596300,0.0,0.0
2024-03-04 00:00:00-05:00,8.600000381469727,8.619999885559082,8.100000381469727,8.109999656677246,52169600,0.0,0.0
2024-03-05 00:00:00-05:00,8.0600004196167,8.3100004196167,8.020000457763672,8.140000343322754,33736400,0.0,0.0
2024-03-06 00:00:00-05:00,8.220000267028809,8.460000038146973,8.170000076293945,8.40999984741211,33233600,0.0,0.0
2024-03-07 00:00:00-05:00,8.460000038146973,8.770000457763672,8.449999809265137,8.739999771118164,33243200,0.0,0.0
2024-03-08 00:00:00-05:00,8.770000457763672,8.829999923706055,8.649999618530273,8.729999542236328,19626500,0.0,0.0
2024-03-11 00:00:00-04:00,8.760000228881836,9.25,8.699999809265137,9.069999694824219,36080200,0.0,0.0
2024-03-12 00:00:00-04:00,9.170000076293945,9.279999732971191,8.819999694824219,8.859999656677246,26350800,0.0,0.0
2024-03-13 00:00:00-04:00,8.890000343322754,9.039999961853027,8.819999694824219,8.850000381469727,20397000,0.0,0.0
2024-03-14 00:00:00-04:00,8.800000190734863,8.850000381469727,8.40999984741211,8.529999732971191,26471600,0.0,0.0
2024-03-15 00:00:00-04:00,8.529999732971191,8.65999984741211,8.510000228881836,8.539999961853027,50377900,0.0,0.0
2024-03-18 00:00:00-04:00,8.600000381469727,8.600000381469727,8.390000343322754,8.479999542236328,29617500,0.0,0.0
2024-03-19 00:00:00-04:00,8.4399995803833,8.529999732971191,8.399999618530273,8.5,18367300,0.0,0.0
2024-03-20 00:00:00-04:00,8.4399995803833,8.800000190734863,8.40999984741211,8.739999771118164,23341900,0.0,0.0
2024-03-21 00:00:00-04:00,8.90999984741211,9.050000190734863,8.710000038146973,8.720000267028809,46855600,0.0,0.0
2024-03-22 00:00:00-04:00,8.720000267028809,8.770000457763672,8.4399995803833,8.4399995803833,28546200,0.0,0.0
2024-03-25 00:00:00-04:00,8.5,8.520000457763672,8.350000381469727,8.460000038146973,28115600,0.0,0.0
2024-03-26 00:00:00-04:00,8.510000228881836,8.529999732971191,8.270000457763672,8.380000114440918,26997400,0.0,0.0
2024-03-27 00:00:00-04:00,8.430000305175781,8.65999984741211,8.430000305175781,8.640000343322754,27785000,0.0,0.0
2024-03-28 00:00:00-04:00,8.65999984741211,8.770000457763672,8.630000114440918,8.729999542236328,17557500,0.0,0.0
2024-04-01 00:00:00-04:00,8.800000190734863,8.800000190734863,8.600000381469727,8.789999961853027,23076000,0.0,0.0
2024-04-02 00:00:00-04:00,8.579999923706055,8.680000305175781,8.369999885559082,8.479999542236328,24729700,0.0,0.0
2024-04-03 00:00:00-04:00,8.520000457763672,8.779999732971191,8.40999984741211,8.729999542236328,31416500,0.0,0.0
2024-04-04 00:00:00-04:00,8.729999542236328,8.850000381469727,8.430000305175781,8.4399995803833,28770200,0.0,0.0
2024-04-05 00:00:00-04:00,8.399999618530273,8.479999542236328,8.15999984741211,8.319999694824219,35236500,0.0,0.0
2024-04-08 00:00:00-04:00,8.3100004196167,8.569999694824219,8.270000457763672,8.520000457763672,29683600,0.0,0.0
2024-04-09 00:00:00-04:00,8.520000457763672,8.84000015258789,8.510000228881836,8.6899995803833,26272500,0.0,0.0
2024-04-10 00:00:00-04:00,8.479999542236328,8.520000457763672,8.220000267028809,8.319999694824219,36508900,0.0,0.0
2024-04-11 00:00:00-04:00,8.369999885559082,8.579999923706055,8.210000038146973,8.539999961853027,36373400,0.0,0.0
2024-04-12 00:00:00-04:00,8.430000305175781,8.5,8.319999694824219,8.34000015258789,23431200,0.0,0.0
2024-04-15 00:00:00-04:00,8.380000114440918,8.520000457763672,8.350000381469727,8.359999656677246,27258900,0.0,0.0
2024-04-16 00:00:00-04:00,8.329999923706055,8.34000015258789,8.0600004196167,8.140000343322754,33900600,0.0,0.0
2024-04-17 00:00:00-04:00,8.229999542236328,8.350000381469727,8.170000076293945,8.229999542236328,19760800,0.0,0.0
2024-04-18 00:00:00-04:00,8.25,8.390000343322754,8.1899995803833,8.3100004196167,22111500,0.0,0.0
2024-04-19 00:00:00-04:00,8.329999923706055,8.5,8.289999961853027,8.399999618530273,26352800,0.0,0.0
2024-04-22 00:00:00-04:00,8.4399995803833,8.489999771118164,8.3100004196167,8.470000267028809,16314400,0.0,0.0
2024-04-23 00:00:00-04:00,8.319999694824219,8.630000114440918,8.270000457763672,8.4399995803833,25151100,0.0,0.0
2024-04-24 00:00:00-04:00,8.350000381469727,8.399999618530273,8.260000228881836,8.380000114440918,20324200,0.0,0.0
2024-04-25 00:00:00-04:00,8.279999732971191,8.34000015258789,8.119999885559082,8.289999961853027,24682100,0.0,0.0
2024-04-26 00:00:00-04:00,8.1899995803833,8.199999809265137,8.0600004196167,8.109999656677246,19754400,0.0,0.0
2024-04-29 00:00:00-04:00,8.180000305175781,8.300000190734863,8.109999656677246,8.149999618530273,17655400,0.0,0.0
2024-04-30 00:00:00-04:00,8.069999694824219,8.119999885559082,7.349999904632568,7.360000133514404,83395800,0.0,0.0
2024-05-01 00:00:00-04:00,7.349999904632568,7.809999942779541,7.340000152587891,7.619999885559082,43588100,0.0,0.0
2024-05-02 00:00:00-04:00,7.670000076293945,8.010000228881836,7.650000095367432,7.949999809265137,36795700,0.0,0.0
2024-05-03 00:00:00-04:00,7.989999771118164,8.279999732971191,7.909999847412109,7.96999979019165,35712300,0.0,0.0
2024-05-06 00:00:00-04:00,8.069999694824219,8.079999923706055,7.909999847412109,7.960000038146973,29714200,0.0,0.0
2024-05-07 00:00:00-04:00,7.949999809265137,8.039999961853027,7.760000228881836,7.769999980926514,25168900,0.0,0.0
2024-05-08 00:00:00-04:00,7.71999979019165,7.929999828338623,7.610000133514404,7.800000190734863,30591500,0.0,0.0
2024-05-09 00:00:00-04:00,7.570000171661377,8.069999694824219,7.510000228881836,8.039999961853027,52041400,0.0,0.0
2024-05-10 00:00:00-04:00,8.149999618530273,8.399999618530273,8.09000015258789,8.149999618530273,35600500,0.0,0.0
2024-05-13 00:00:00-04:00,8.300000190734863,8.59000015258789,8.25,8.380000114440918,28369400,0.0,0.0
2024-05-14 00:00:00-04:00,8.489999771118164,8.680000305175781,8.4399995803833,8.5600004196167,30873700,0.0,0.0
2024-05-15 00:00:00-04:00,8.6899995803833,8.699999809265137,8.149999618530273,8.199999809265137,33133100,0.0,0.0
2024-05-16 00:00:00-04:00,8.239999771118164,8.289999961853027,8.0,8.229999542236328,25945200,0.0,0.0
2024-05-17 00:00:00-04:00,8.220000267028809,8.220000267028809,8.020000457763672,8.050000190734863,21230700,0.0,0.0
2024-05-20 00:00:00-04:00,8.050000190734863,8.119999885559082,7.989999771118164,8.09000015258789,18270900,0.0,0.0
2024-05-21 00:00:00-04:00,8.09000015258789,8.109999656677246,7.880000114440918,7.889999866485596,37074600,0.0,0.0
2024-05-22 00:00:00-04:00,7.869999885559082,8.079999923706055,7.75,8.0600004196167,36801000,0.0,0.0
2024-05-23 00:00:00-04:00,8.0600004196167,8.069999694824219,7.679999828338623,7.699999809265137,37917200,0.0,0.0
2024-05-24 00:00:00-04:00,7.739999771118164,7.78000020980835,7.630000114440918,7.730000019073486,23370900,0.0,0.0
2024-05-28 00:00:00-04:00,7.730000019073486,7.909999847412109,7.639999866485596,7.869999885559082,29957500,0.0,0.0
2024-05-29 00:00:00-04:00,7.75,7.869999885559082,7.619999885559082,7.659999847412109,21184500,0.0,0.0
2024-05-30 00:00:00-04:00,7.690000057220459,8.130000114440918,7.610000133514404,8.079999923706055,40549700,0.0,0.0
2024-05-31 00:00:00-04:00,8.15999984741211,8.569999694824219,8.109999656677246,8.239999771118164,60338300,0.0,0.0
2024-06-03 00:00:00-04:00,8.460000038146973,8.550000190734863,8.220000267028809,8.329999923706055,23507800,0.0,0.0
2024-06-04 00:00:00-04:00,8.289999961853027,8.380000114440918,8.180000305175781,8.239999771118164,21686000,0.0,0.0
2024-06-05 00:00:00-04:00,8.270000457763672,8.369999885559082,8.079999923706055,8.300000190734863,23190400,0.0,0.0
2024-06-06 00:00:00-04:00,8.239999771118164,8.579999923706055,8.170000076293945,8.34000015258789,29863400,0.0,0.0
2024-06-07 00:00:00-04:00,8.220000267028809,8.329999923706055,8.15999984741211,8.270000457763672,14029000,0.0,0.0
2024-06-10 00:00:00-04:00,8.199999809265137,8.260000228881836,8.050000190734863,8.119999885559082,15611600,0.0,0.0
2024-06-11 00:00:00-04:00,8.0600004196167,8.1899995803833,7.96999979019165,8.039999961853027,20703100,0.0,0.0
2024-06-12 00:00:00-04:00,8.180000305175781,8.270000457763672,7.75,7.809999942779541,28803000,0.0,0.0
2024-06-13 00:00:00-04:00,7.769999980926514,7.789999961853027,7.269999980926514,7.289999961853027,48602100,0.0,0.0
2024-06-14 00:00:00-04:00,7.289999961853027,7.389999866485596,7.210000038146973,7.239999771118164,22879100,0.0,0.0
2024-06-17 00:00:00-04:00,7.21999979019165,7.239999771118164,7.110000133514404,7.159999847412109,24107400,0.0,0.0
2024-06-18 00:00:00-04:00,7.139999866485596,7.269999980926514,6.960000038146973,6.989999771118164,24310300,0.0,0.0
2024-06-20 00:00:00-04:00,6.989999771118164,7.159999847412109,6.940000057220459,7.039999961853027,32441800,0.0,0.0
2024-06-21 00:00:00-04:00,7.079999923706055,7.260000228881836,7.039999961853027,7.179999828338623,56167700,0.0,0.0
2024-06-24 00:00:00-04:00,7.199999809265137,7.369999885559082,7.079999923706055,7.309999942779541,21739600,0.0,0.0
2024-06-25 00:00:00-04:00,7.230000019073486,7.260000228881836,7.099999904632568,7.239999771118164,16272600,0.0,0.0
2024-06-26 00:00:00-04:00,7.170000076293945,7.269999980926514,7.130000114440918,7.25,18858900,0.0,0.0
2024-06-27 00:00:00-04:00,7.25,7.369999885559082,7.199999809265137,7.349999904632568,16337700,0.0,0.0
2024-06-28 00:00:00-04:00,7.400000095367432,7.5,7.340000152587891,7.440000057220459,36956400,0.0,0.0
2024-07-01 00:00:00-04:00,7.440000057220459,7.460000038146973,7.079999923706055,7.099999904632568,35145500,0.0,0.0
2024-07-02 00:00:00-04:00,7.110000133514404,7.28000020980835,7.099999904632568,7.199999809265137,22237600,0.0,0.0
2024-07-03 00:00:00-04:00,7.289999961853027,7.449999809265137,7.199999809265137,7.230000019073486,15706100,0.0,0.0
2024-07-05 00:00:00-04:00,7.199999809265137,7.21999979019165,7.070000171661377,7.210000038146973,29115500,0.0,0.0
2024-07-08 00:00:00-04:00,7.269999980926514,7.289999961853027,7.079999923706055,7.110000133514404,18507400,0.0,0.0
2024-07-09 00:00:00-04:00,7.099999904632568,7.360000133514404,6.980000019073486,7.340000152587891,29191400,0.0,0.0
2024-07-10 00:00:00-04:00,7.320000171661377,7.340000152587891,7.170000076293945,7.320000171661377,20930700,0.0,0.0
2024-07-11 00:00:00-04:00,7.420000076293945,7.440000057220459,7.269999980926514,7.380000114440918,19712200,0.0,0.0
2024-07-12 00:00:00-04:00,7.429999828338623,7.510000228881836,7.369999885559082,7.400000095367432,18025100,0.0,0.0
2024-07-15 00:00:00-04:00,7.340000152587891,7.449999809265137,7.210000038146973,7.420000076293945,19098300,0.0,0.0
2024-07-16 00:00:00-04:00,7.380000114440918,7.980000019073486,7.380000114440918,7.980000019073486,38634700,0.0,0.0
2024-07-17 00:00:00-04:00,7.929999828338623,8.359999656677246,7.920000076293945,8.319999694824219,46205600,0.0,0.0
2024-07-18 00:00:00-04:00,8.760000228881836,8.899999618530273,8.510000228881836,8.520000457763672,59338500,0.0,0.0
2024-07-19 00:00:00-04:00,8.5,8.770000457763672,8.380000114440918,8.670000076293945,38058900,0.0,0.0
2024-07-22 00:00:00-04:00,8.649999618530273,8.670000076293945,8.220000267028809,8.550000190734863,26742500,0.0,0.0
2024-07-23 00:00:00-04:00,8.489999771118164,8.680000305175781,8.449999809265137,8.619999885559082,19656000,0.0,0.0
2024-07-24 00:00:00-04:00,8.609999656677246,8.75,8.460000038146973,8.470000267028809,23826900,0.0,0.0
2024-07-25 00:00:00-04:00,7.989999771118164,8.149999618530273,7.710000038146973,7.989999771118164,31997900,0.0,0.0
2024-07-26 00:00:00-04:00,8.100000381469727,8.369999885559082,8.029999732971191,8.3100004196167,22906800,0.0,0.0
2024-07-29 00:00:00-04:00,8.260000228881836,8.479999542236328,8.199999809265137,8.420000076293945,19592900,0.0,0.0
2024-07-30 00:00:00-04:00,8.40999984741211,8.9399995803833,8.369999885559082,8.779999732971191,39421600,0.0,0.0
2024-07-31 00:00:00-04:00,8.800000190734863,8.850000381469727,8.550000190734863,8.649999618530273,27937700,0.0,0.0
2024-08-01 00:00:00-04:00,8.600000381469727,8.640000343322754,8.25,8.380000114440918,28857300,0.0,0.0
2024-08-02 00:00:00-04:00,8.319999694824219,8.489999771118164,8.100000381469727,8.270000457763672,40691700,0.0,0.0
2024-08-05 00:00:00-04:00,7.860000133514404,8.09000015258789,7.590000152587891,7.880000114440918,38970800,0.0,0.0
2024-08-06 00:00:00-04:00,7.869999885559082,7.880000114440918,7.389999866485596,7.570000171661377,45303900,0.0,0.0
2024-08-07 00:00:00-04:00,7.710000038146973,7.869999885559082,7.659999847412109,7.710000038146973,46913000,0.0,0.0
2024-08-08 00:00:00-04:00,6.760000228881836,7.210000038146973,6.730000019073486,7.019999980926514,71263400,0.0,0.0
2024-08-09 00:00:00-04:00,7.039999961853027,7.119999885559082,6.909999847412109,7.03000020980835,40966300,0.0,0.0
2024-08-12 00:00:00-04:00,6.940000057220459,6.980000019073486,6.659999847412109,6.710000038146973,48832600,0.0,0.0
2024-08-13 00:00:00-04:00,6.670000076293945,7.130000114440918,6.639999866485596,7.059999942779541,37431900,0.0,0.0
2024-08-14 00:00:00-04:00,7.010000228881836,7.019999980926514,6.849999904632568,6.960000038146973,26052100,0.0,0.0
2024-08-15 00:00:00-04:00,7.019999980926514,7.28000020980835,6.989999771118164,7.239999771118164,41894400,0.0,0.0
2024-08-16 00:00:00-04:00,7.28000020980835,7.449999809265137,7.269999980926514,7.409999847412109,34364400,0.0,0.0
2024-08-19 00:00:00-04:00,7.440000057220459,7.639999866485596,7.360000133514404,7.630000114440918,24776000,0.0,0.0
2024-08-20 00:00:00-04:00,7.599999904632568,7.820000171661377,7.539999961853027,7.769999980926514,41412900,0.0,0.0
2024-08-21 00:00:00-04:00,7.800000190734863,7.820000171661377,7.570000171661377,7.679999828338623,26271700,0.0,0.0
2024-08-22 00:00:00-04:00,7.699999809265137,7.71999979019165,7.489999771118164,7.5,27670300,0.0,0.0
2024-08-23 00:00:00-04:00,7.599999904632568,8.069999694824219,7.550000190734863,8.050000190734863,30980100,0.0,0.0
2024-08-26 00:00:00-04:00,8.100000381469727,8.4399995803833,8.09000015258789,8.229999542236328,36074500,0.0,0.0
2024-08-27 00:00:00-04:00,8.199999809265137,8.229999542236328,7.880000114440918,8.109999656677246,38342500,0.0,0.0
2024-08-28 00:00:00-04:00,8.119999885559082,8.130000114440918,7.940000057220459,7.96999979019165,18690300,0.0,0.0
2024-08-29 00:00:00-04:00,8.050000190734863,8.069999694824219,7.710000038146973,7.730000019073486,25703800,0.0,0.0
2024-08-30 00:00:00-04:00,7.769999980926514,7.860000133514404,7.679999828338623,7.840000152587891,25025100,0.0,0.0
2024-09-03 00:00:00-04:00,7.800000190734863,7.880000114440918,7.340000152587891,7.360000133514404,33731300,0.0,0.0
2024-09-04 00:00:00-04:00,7.400000095367432,7.570000171661377,7.309999942779541,7.320000171661377,22090500,0.0,0.0
2024-09-05 00:00:00-04:00,7.369999885559082,7.570000171661377,7.21999979019165,7.420000076293945,26926400,0.0,0.0
2024-09-06 00:00:00-04:00,7.420000076293945,7.610000133514404,7.079999923706055,7.21999979019165,36949400,0.0,0.0
2024-09-09 00:00:00-04:00,7.260000228881836,7.420000076293945,7.019999980926514,7.300000190734863,44331500,0.0,0.0
2024-09-10 00:00:00-04:00,7.300000190734863,7.300000190734863,6.909999847412109,7.019999980926514,26361100,0.0,0.0
2024-09-11 00:00:00-04:00,7.0,7.0,6.78000020980835,6.940000057220459,29339100,0.0,0.0
2024-09-12 00:00:00-04:00,7.139999866485596,7.71999979019165,7.079999923706055,7.659999847412109,60774500,0.0,0.0
2024-09-13 00:00:00-04:00,7.760000228881836,8.5,7.75,8.489999771118164,57716600,0.0,0.0
2024-09-16 00:00:00-04:00,8.5,8.680000305175781,8.399999618530273,8.5600004196167,48518700,0.0,0.0
2024-09-17 00:00:00-04:00,8.670000076293945,8.850000381469727,8.359999656677246,8.449999809265137,30153000,0.0,0.0
2024-09-18 00:00:00-04:00,8.489999771118164,8.789999961853027,8.399999618530273,8.420000076293945,30047800,0.0,0.0
2024-09-19 00:00:00-04:00,8.619999885559082,8.739999771118164,8.3100004196167,8.399999618530273,24456600,0.0,0.0
2024-09-20 00:00:00-04:00,8.300000190734863,8.40999984741211,8.1899995803833,8.239999771118164,47442200,0.0,0.0
2024-09-23 00:00:00-04:00,8.1899995803833,8.220000267028809,8.010000228881836,8.15999984741211,21695000,0.0,0.0
2024-09-24 00:00:00-04:00,8.170000076293945,8.350000381469727,8.109999656677246,8.319999694824219,31808500,0.0,0.0
2024-09-25 00:00:00-04:00,8.260000228881836,8.34000015258789,8.130000114440918,8.1899995803833,29708200,0.0,0.0
2024-09-26 00:00:00-04:00,8.239999771118164,8.489999771118164,8.149999618530273,8.300000190734863,19552000,0.0,0.0
2024-09-27 00:00:00-04:00,8.380000114440918,8.489999771118164,8.289999961853027,8.380000114440918,22614600,0.0,0.0
2024-09-30 00:00:00-04:00,8.359999656677246,8.390000343322754,8.09000015258789,8.25,23954100,0.0,0.0
2024-10-01 00:00:00-04:00,8.239999771118164,8.34000015258789,8.119999885559082,8.15999984741211,25439300,0.0,0.0
2024-10-02 00:00:00-04:00,8.130000114440918,8.239999771118164,7.909999847412109,7.96999979019165,24302200,0.0,0.0
2024-10-03 00:00:00-04:00,7.849999904632568,7.909999847412109,7.619999885559082,7.739999771118164,30586800,0.0,0.0
2024-10-04 00:00:00-04:00,7.869999885559082,7.989999771118164,7.679999828338623,7.78000020980835,21050900,0.0,0.0
2024-10-07 00:00:00-04:00,7.699999809265137,7.909999847412109,7.630000114440918,7.71999979019165,20677600,0.0,0.0
2024-10-08 00:00:00-04:00,7.639999866485596,7.769999980926514,7.570000171661377,7.71999979019165,21516500,0.0,0.0
2024-10-09 00:00:00-04:00,7.679999828338623,7.880000114440918,7.639999866485596,7.730000019073486,15583700,0.0,0.0
2024-10-10 00:00:00-04:00,7.650000095367432,7.699999809265137,7.489999771118164,7.539999961853027,21086700,0.0,0.0
2024-10-11 00:00:00-04:00,7.579999923706055,7.710000038146973,7.510000228881836,7.519999980926514,19385700,0.0,0.0
2024-10-14 00:00:00-04:00,7.489999771118164,7.570000171661377,7.349999904632568,7.539999961853027,19693500,0.0,0.0
2024-10-15 00:00:00-04:00,7.53000020980835,7.829999923706055,7.519999980926514,7.599999904632568,25360700,0.0,0.0
2024-10-16 00:00:00-04:00,7.650000095367432,8.029999732971191,7.630000114440918,8.0,24058000,0.0,0.0
2024-10-17 00:00:00-04:00,7.949999809265137,8.010000228881836,7.650000095367432,7.78000020980835,27109000,0.0,0.0
2024-10-18 00:00:00-04:00,7.78000020980835,7.920000076293945,7.739999771118164,7.820000171661377,16790700,0.0,0.0
2024-10-21 00:00:00-04:00,7.699999809265137,7.869999885559082,7.519999980926514,7.550000190734863,28057100,0.0,0.0
2024-10-22 00:00:00-04:00,7.550000190734863,7.630000114440918,7.519999980926514,7.53000020980835,18291200,0.0,0.0
2024-10-23 00:00:00-04:00,7.510000228881836,7.550000190734863,7.25,7.329999923706055,23369300,0.0,0.0
2024-10-24 00:00:00-04:00,7.349999904632568,7.599999904632568,7.349999904632568,7.519999980926514,18620700,0.0,0.0
2024-10-25 00:00:00-04:00,7.590000152587891,7.789999961853027,7.550000190734863,7.599999904632568,19081800,0.0,0.0
2024-10-28 00:00:00-04:00,7.679999828338623,7.769999980926514,7.579999923706055,7.610000133514404,17452800,0.0,0.0
2024-10-29 00:00:00-04:00,7.53000020980835,7.710000038146973,7.489999771118164,7.550000190734863,16873900,0.0,0.0
2024-10-30 00:00:00-04:00,7.519999980926514,7.840000152587891,7.5,7.769999980926514,25756200,0.0,0.0
2024-10-31 00:00:00-04:00,7.949999809265137,8.350000381469727,7.849999904632568,8.130000114440918,47646400,0.0,0.0
2024-11-01 00:00:00-04:00,8.029999732971191,8.239999771118164,7.980000019073486,8.229999542236328,26745000,0.0,0.0
2024-11-04 00:00:00-05:00,8.239999771118164,8.40999984741211,8.020000457763672,8.170000076293945,28957400,0.0,0.0
2024-11-05 00:00:00-05:00,8.149999618530273,8.25,8.029999732971191,8.210000038146973,22988100,0.0,0.0
2024-11-06 00:00:00-05:00,8.529999732971191,8.59000015258789,8.329999923706055,8.380000114440918,44114600,0.0,0.0
2024-11-07 00:00:00-05:00,9.020000457763672,9.800000190734863,8.829999923706055,9.369999885559082,72314800,0.0,0.0
2024-11-08 00:00:00-05:00,9.319999694824219,9.329999923706055,8.859999656677246,9.180000305175781,52663400,0.0,0.0
2024-11-11 00:00:00-05:00,9.220000267028809,9.550000190734863,9.149999618530273,9.329999923706055,39896800,0.0,0.0
2024-11-12 00:00:00-05:00,9.260000228881836,9.260000228881836,9.079999923706055,9.220000267028809,35222400,0.0,0.0
2024-11-13 00:00:00-05:00,9.390000343322754,9.890000343322754,9.3100004196167,9.720000267028809,46976900,0.0,0.0
2024-11-14 00:00:00-05:00,9.739999771118164,9.949999809265137,9.710000038146973,9.859999656677246,33526900,0.0,0.0
2024-11-15 00:00:00-05:00,9.869999885559082,9.880000114440918,9.100000381469727,9.220000267028809,37874600,0.0,0.0
2024-11-18 00:00:00-05:00,9.449999809265137,9.760000228881836,9.359999656677246,9.470000267028809,32336100,0.0,0.0
2024-11-19 00:00:00-05:00,9.289999961853027,9.59000015258789,9.050000190734863,9.5,32289300,0.0,0.0
2024-11-20 00:00:00-05:00,9.510000228881836,10.039999961853027,9.460000038146973,9.949999809265137,43428400,0.0,0.0
2024-11-21 00:00:00-05:00,9.979999542236328,10.300000190734863,9.920000076293945,10.229999542236328,38932200,0.0,0.0
2024-11-22 00:00:00-05:00,10.229999542236328,10.399999618530273,10.09000015258789,10.109999656677246,27340500,0.0,0.0
2024-11-25 00:00:00-05:00,10.210000038146973,10.460000038146973,10.100000381469727,10.399999618530273,40833600,0.0,0.0
2024-11-26 00:00:00-05:00,10.350000381469727,10.4399995803833,10.069999694824219,10.109999656677246,27346600,0.0,0.0
2024-11-27 00:00:00-05:00,10.180000305175781,10.470000267028809,10.180000305175781,10.380000114440918,26060100,0.0,0.0
2024-11-29 00:00:00-05:00,10.399999618530273,10.510000228881836,10.3100004196167,10.479999542236328,11576800,0.0,0.0
2024-12-02 00:00:00-05:00,10.479999542236328,10.609999656677246,10.279999732971191,10.5600004196167,25625800,0.0,0.0
2024-12-03 00:00:00-05:00,10.5,10.600000381469727,10.369999885559082,10.550000190734863,21156700,0.0,0.0
2024-12-04 00:00:00-05:00,10.510000228881836,10.699999809265137,10.4399995803833,10.649999618530273,24335300,0.0,0.0
2024-12-05 00:00:00-05:00,10.630000114440918,10.829999923706055,10.609999656677246,10.680000305175781,24541900,0.0,0.0
2024-12-06 00:00:00-05:00,10.739999771118164,10.819999694824219,10.579999923706055,10.65999984741211,20607000,0.0,0.0
2024-12-09 00:00:00-05:00,10.800000190734863,11.289999961853027,10.520000457763672,10.5600004196167,46974900,0.0,0.0
2024-12-10 00:00:00-05:00,10.649999618530273,11.050000190734863,10.539999961853027,10.890000343322754,29115000,0.0,0.0
2024-12-11 00:00:00-05:00,10.90999984741211,10.989999771118164,10.720000267028809,10.819999694824219,24134500,0.0,0.0
2024-12-12 00:00:00-05:00,11.399999618530273,12.699999809265137,11.399999618530273,12.489999771118164,84908800,0.0,0.0
2024-12-13 00:00:00-05:00,12.319999694824219,12.670000076293945,11.989999771118164,12.069999694824219,36587800,0.0,0.0
2024-12-16 00:00:00-05:00,12.020000457763672,12.170000076293945,11.550000190734863,11.600000381469727,30406300,0.0,0.0
2024-12-17 00:00:00-05:00,11.4399995803833,11.729999542236328,11.220000267028809,11.350000381469727,33243600,0.0,0.0
2024-12-18 00:00:00-05:00,11.25,11.350000381469727,10.59000015258789,10.630000114440918,36163200,0.0,0.0
2024-12-19 00:00:00-05:00,10.699999809265137,10.84000015258789,10.420000076293945,10.489999771118164,30392000,0.0,0.0
2024-12-20 00:00:00-05:00,10.430000305175781,10.789999961853027,10.380000114440918,10.6899995803833,52771200,0.0,0.0
2024-12-23 00:00:00-05:00,10.640000343322754,10.699999809265137,10.390000343322754,10.4399995803833,17355400,0.0,0.0
2024-12-24 00:00:00-05:00,10.40999984741211,10.600000381469727,10.350000381469727,10.550000190734863,8487100,0.0,0.0
2024-12-26 00:00:00-05:00,10.470000267028809,10.699999809265137,10.359999656677246,10.619999885559082,13568400,0.0,0.0
2024-12-27 00:00:00-05:00,10.520000457763672,10.649999618530273,10.430000305175781,10.609999656677246,16494400,0.0,0.0
2024-12-30 00:00:00-05:00,10.520000457763672,10.619999885559082,10.319999694824219,10.510000228881836,17814800,0.0,0.0
2024-12-31 00:00:00-05:00,10.5600004196167,10.770000457763672,10.510000228881836,10.569999694824219,20427400,0.0,0.0
2025-01-02 00:00:00-05:00,10.65999984741211,10.770000457763672,10.489999771118164,10.65999984741211,27071700,0.0,0.0
2025-01-03 00:00:00-05:00,10.699999809265137,10.760000228881836,10.420000076293945,10.569999694824219,17648100,0.0,0.0
2025-01-06 00:00:00-05:00,10.699999809265137,10.949999809265137,10.520000457763672,10.829999923706055,35200600,0.0,0.0
2025-01-07 00:00:00-05:00,10.789999961853027,10.869999885559082,10.430000305175781,10.510000228881836,27127300,0.0,0.0
2025-01-08 00:00:00-05:00,10.510000228881836,10.520000457763672,9.880000114440918,10.0600004196167,32849900,0.0,0.0
2025-01-10 00:00:00-05:00,9.850000381469727,9.859999656677246,9.470000267028809,9.699999809265137,33329600,0.0,0.0
2025-01-13 00:00:00-05:00,9.649999618530273,9.920000076293945,9.59000015258789,9.84000015258789,27065000,0.0,0.0
2025-01-14 00:00:00-05:00,9.949999809265137,10.029999732971191,9.720000267028809,9.729999542236328,29281300,0.0,0.0
2025-01-15 00:00:00-05:00,10.020000457763672,10.050000190734863,9.729999542236328,9.789999961853027,25539700,0.0,0.0
2025-01-16 00:00:00-05:00,9.699999809265137,9.729999542236328,9.449999809265137,9.470000267028809,20727400,0.0,0.0
2025-01-17 00:00:00-05:00,9.630000114440918,9.6899995803833,9.5,9.520000457763672,19899600,0.0,0.0
2025-01-21 00:00:00-05:00,9.75,9.930000305175781,9.720000267028809,9.770000457763672,25865700,0.0,0.0
2025-01-22 00:00:00-05:00,9.770000457763672,10.069999694824219,9.729999542236328,10.050000190734863,32349900,0.0,0.0
2025-01-23 00:00:00-05:00,10.050000190734863,10.289999961853027,10.039999961853027,10.279999732971191,27570600,0.0,0.0
2025-01-24 00:00:00-05:00,10.34000015258789,10.399999618530273,10.15999984741211,10.25,20389500,0.0,0.0
2025-01-27 00:00:00-05:00,10.100000381469727,10.5600004196167,10.09000015258789,10.489999771118164,27477600,0.0,0.0
2025-01-28 00:00:00-05:00,10.470000267028809,10.470000267028809,10.149999618530273,10.25,23483400,0.0,0.0
2025-01-29 00:00:00-05:00,10.359999656677246,10.600000381469727,10.319999694824219,10.430000305175781,22595200,0.0,0.0
2025-01-30 00:00:00-05:00,10.630000114440918,10.6899995803833,10.399999618530273,10.619999885559082,24757400,0.0,0.0
2025-01-31 00:00:00-05:00,10.510000228881836,10.84000015258789,10.359999656677246,10.4399995803833,33324800,0.0,0.0
2025-02-03 00:00:00-05:00,10.239999771118164,10.260000228881836,9.930000305175781,10.15999984741211,27127400,0.0,0.0
2025-02-04 00:00:00-05:00,10.140000343322754,10.279999732971191,9.970000267028809,10.0600004196167,22142900,0.0,0.0
2025-02-05 00:00:00-05:00,10.069999694824219,10.199999809265137,9.9399995803833,10.1899995803833,22023900,0.0,0.0
2025-02-06 00:00:00-05:00,10.3100004196167,10.350000381469727,9.960000038146973,10.199999809265137,24431500,0.0,0.0
2025-02-07 00:00:00-05:00,10.289999961853027,10.420000076293945,10.130000114440918,10.15999984741211,22038700,0.0,0.0
2025-02-10 00:00:00-05:00,10.239999771118164,10.329999923706055,9.960000038146973,9.979999542236328,25189000,0.0,0.0
2025-02-11 00:00:00-05:00,9.829999923706055,9.960000038146973,9.779999732971191,9.850000381469727,27458100,0.0,0.0
2025-02-12 00:00:00-05:00,9.739999771118164,9.960000038146973,9.710000038146973,9.819999694824219,17511900,0.0,0.0
2025-02-13 00:00:00-05:00,9.869999885559082,10.220000267028809,9.819999694824219,10.210000038146973,28205500,0.0,0.0
2025-02-14 00:00:00-05:00,10.319999694824219,10.399999618530273,10.130000114440918,10.34000015258789,22466000,0.0,0.0
2025-02-18 00:00:00-05:00,10.34000015258789,10.729999542236328,10.180000305175781,10.619999885559082,32611500,0.0,0.0
2025-02-19 00:00:00-05:00,10.649999618530273,10.979999542236328,10.520000457763672,10.890000343322754,36269900,0.0,0.0
2025-02-20 00:00:00-05:00,10.960000038146973,11.109999656677246,10.800000190734863,11.039999961853027,29539100,0.0,0.0
2025-02-21 00:00:00-05:00,11.170000076293945,11.210000038146973,10.699999809265137,10.779999732971191,35887600,0.0,0.0
2025-02-24 00:00:00-05:00,10.899999618530273,11.220000267028809,10.670000076293945,11.09000015258789,48784300,0.0,0.0
2025-02-25 00:00:00-05:00,11.15999984741211,11.180000305175781,10.680000305175781,10.6899995803833,43318700,0.0,0.0
2025-02-26 00:00:00-05:00,10.649999618530273,10.899999618530273,10.430000305175781,10.5,56183900,0.0,0.0
2025-02-27 00:00:00-05:00,11.279999732971191,11.899999618530273,10.989999771118164,11.0,98432100,0.0,0.0
2025-02-28 00:00:00-05:00,11.069999694824219,11.640000343322754,10.770000457763672,11.460000038146973,74121800,0.0,0.0
2025-03-03 00:00:00-05:00,11.40999984741211,11.670000076293945,10.930000305175781,11.020000457763672,50490500,0.0,0.0
2025-03-04 00:00:00-05:00,11.180000305175781,11.449999809265137,10.869999885559082,11.319999694824219,45824800,0.0,0.0
2025-03-05 00:00:00-05:00,11.329999923706055,11.520000457763672,10.989999771118164,11.430000305175781,40448100,0.0,0.0
2025-03-06 00:00:00-05:00,11.279999732971191,11.319999694824219,10.699999809265137,10.699999809265137,46739300,0.0,0.0
2025-03-07 00:00:00-05:00,10.739999771118164,11.25,10.600000381469727,11.069999694824219,49421400,0.0,0.0
2025-03-10 00:00:00-04:00,11.0,11.09000015258789,10.479999542236328,10.59000015258789,39093500,0.0,0.0
2025-03-11 00:00:00-04:00,10.609999656677246,10.699999809265137,10.1899995803833,10.369999885559082,50764900,0.0,0.0
2025-03-12 00:00:00-04:00,10.380000114440918,10.600000381469727,10.130000114440918,10.420000076293945,36779600,0.0,0.0
2025-03-13 00:00:00-04:00,10.350000381469727,10.460000038146973,9.890000343322754,9.890000343322754,43328200,0.0,0.0
2025-03-14 00:00:00-04:00,10.050000190734863,10.380000114440918,10.010000228881836,10.1899995803833,27637200,0.0,0.0
2025-03-17 00:00:00-04:00,10.199999809265137,10.550000190734863,10.130000114440918,10.479999542236328,23965600,0.0,0.0
2025-03-18 00:00:00-04:00,10.479999542236328,10.479999542236328,10.279999732971191,10.390000343322754,33426900,0.0,0.0
2025-03-19 00:00:00-04:00,10.430000305175781,11.010000228881836,10.399999618530273,10.920000076293945,36585900,0.0,0.0
2025-03-20 00:00:00-04:00,10.800000190734863,10.880000114440918,10.609999656677246,10.649999618530273,26374300,0.0,0.0
2025-03-21 00:00:00-04:00,10.5600004196167,10.789999961853027,10.449999809265137,10.739999771118164,55499100,0.0,0.0
2025-03-24 00:00:00-04:00,10.9399995803833,11.039999961853027,10.529999732971191,10.970000267028809,43662400,0.0,0.0
2025-03-25 00:00:00-04:00,11.0,11.039999961853027,10.84000015258789,10.979999542236328,37144400,0.0,0.0
2025-03-26 00:00:00-04:00,10.949999809265137,11.199999809265137,10.899999618530273,11.029999732971191,32252100,0.0,0.0
2025-03-27 00:00:00-04:00,11.010000228881836,11.1899995803833,10.90999984741211,11.010000228881836,54215900,0.0,0.0
2025-03-28 00:00:00-04:00,11.029999732971191,11.079999923706055,10.289999961853027,10.369999885559082,52599000,0.0,0.0
2025-03-31 00:00:00-04:00,10.3100004196167,10.8100004196167,10.039999961853027,10.729999542236328,75700100,0.0,0.0
2025-04-01 00:00:00-04:00,10.789999961853027,11.149999618530273,10.140000343322754,10.210000038146973,42216800,0.0,0.0
2025-04-02 00:00:00-04:00,10.050000190734863,10.609999656677246,10.020000457763672,10.5600004196167,37025700,0.0,0.0
2025-04-03 00:00:00-04:00,10.029999732971191,10.140000343322754,9.119999885559082,9.15999984741211,52884500,0.0,0.0
2025-04-04 00:00:00-04:00,8.850000381469727,8.859999656677246,8.029999732971191,8.069999694824219,57367600,0.0,0.0
2025-04-07 00:00:00-04:00,7.800000190734863,8.789999961853027,7.650000095367432,8.09000015258789,58591500,0.0,0.0
2025-04-08 00:00:00-04:00,8.319999694824219,8.470000267028809,7.610000133514404,7.690000057220459,48084200,0.0,0.0
2025-04-09 00:00:00-04:00,7.570000171661377,9.5,7.519999980926514,9.260000228881836,74775300,0.0,0.0
2025-04-10 00:00:00-04:00,8.899999618530273,8.960000038146973,7.789999961853027,8.100000381469727,61845100,0.0,0.0
2025-04-11 00:00:00-04:00,8.119999885559082,8.140000343322754,7.610000133514404,7.96999979019165,36414800,0.0,0.0
2025-04-14 00:00:00-04:00,8.100000381469727,8.329999923706055,7.989999771118164,8.020000457763672,38009100,0.0,0.0
2025-04-15 00:00:00-04:00,8.020000457763672,8.319999694824219,7.980000019073486,8.25,38578300,0.0,0.0
2025-04-16 00:00:00-04:00,8.279999732971191,8.34000015258789,7.769999980926514,7.920000076293945,49152300,0.0,0.0
2025-04-17 00:00:00-04:00,8.010000228881836,8.1899995803833,7.949999809265137,8.109999656677246,31300700,0.0,0.0
2025-04-21 00:00:00-04:00,8.0600004196167,8.109999656677246,7.75,7.940000057220459,27148800,0.0,0.0
2025-04-22 00:00:00-04:00,8.0600004196167,8.130000114440918,7.920000076293945,7.949999809265137,42184500,0.0,0.0
2025-04-23 00:00:00-04:00,8.319999694824219,8.779999732971191,8.289999961853027,8.329999923706055,57586500,0.0,0.0
2025-04-24 00:00:00-04:00,8.319999694824219,8.640000343322754,8.260000228881836,8.5,30082700,0.0,0.0
2025-04-25 00:00:00-04:00,8.5,8.649999618530273,8.430000305175781,8.59000015258789,24513700,0.0,0.0
2025-04-28 00:00:00-04:00,8.59000015258789,8.880000114440918,8.529999732971191,8.699999809265137,37596400,0.0,0.0
2025-04-29 00:00:00-04:00,8.649999618530273,8.84000015258789,8.600000381469727,8.770000457763672,25473800,0.0,0.0
2025-04-30 00:00:00-04:00,8.640000343322754,8.699999809265137,8.279999732971191,8.670000076293945,40878700,0.0,0.0
2025-05-01 00:00:00-04:00,8.6899995803833,8.699999809265137,8.3100004196167,8.430000305175781,45438500,0.0,0.0
2025-05-02 00:00:00-04:00,8.520000457763672,8.670000076293945,8.430000305175781,8.539999961853027,31725500,0.0,0.0
2025-05-05 00:00:00-04:00,8.180000305175781,8.529999732971191,8.069999694824219,8.369999885559082,42739700,0.0,0.0
2025-05-06 00:00:00-04:00,8.180000305175781,8.460000038146973,8.130000114440918,8.430000305175781,38438700,0.0,0.0
2025-05-07 00:00:00-04:00,8.5,8.649999618530273,8.430000305175781,8.5600004196167,52273100,0.0,0.0
2025-05-08 00:00:00-04:00,8.15999984741211,9.300000190734863,8.0600004196167,9.010000228881836,69402600,0.0,0.0
2025-05-09 00:00:00-04:00,9.010000228881836,9.289999961853027,8.90999984741211,9.069999694824219,30000500,0.0,0.0
2025-05-12 00:00:00-04:00,9.550000190734863,9.789999961853027,9.199999809265137,9.229999542236328,47028800,0.0,0.0
2025-05-13 00:00:00-04:00,9.279999732971191,9.350000381469727,9.140000343322754,9.180000305175781,35665600,0.0,0.0
2025-05-14 00:00:00-04:00,9.119999885559082,9.210000038146973,9.020000457763672,9.210000038146973,32979600,0.0,0.0
2025-05-15 00:00:00-04:00,9.109999656677246,9.25,9.050000190734863,9.140000343322754,24005500,0.0,0.0
2025-05-16 00:00:00-04:00,9.140000343322754,9.1899995803833,8.819999694824219,9.15999984741211,33118800,0.0,0.0
2025-05-19 00:00:00-04:00,9.029999732971191,9.069999694824219,8.84000015258789,9.050000190734863,33356300,0.0,0.0
2025-05-20 00:00:00-04:00,9.050000190734863,9.34000015258789,8.979999542236328,9.229999542236328,38319700,0.0,0.0
2025-05-21 00:00:00-04:00,9.100000381469727,9.180000305175781,8.880000114440918,8.949999809265137,46832000,0.0,0.0
2025-05-22 00:00:00-04:00,8.949999809265137,9.0600004196167,8.829999923706055,9.020000457763672,28787800,0.0,0.0
2025-05-23 00:00:00-04:00,8.850000381469727,9.050000190734863,8.84000015258789,9.0,21961600,0.0,0.0
2025-05-27 00:00:00-04:00,9.220000267028809,9.640000343322754,9.149999618530273,9.550000190734863,31726400,0.0,0.0
2025-05-28 00:00:00-04:00,9.539999961853027,10.130000114440918,9.479999542236328,10.020000457763672,59164100,0.0,0.0
2025-05-29 00:00:00-04:00,10.180000305175781,10.1899995803833,9.75,10.039999961853027,44032500,0.0,0.0
2025-05-30 00:00:00-04:00,10.020000457763672,10.020000457763672,9.65999984741211,9.970000267028809,52970700,0.0,0.0
2025-06-02 00:00:00-04:00,9.930000305175781,10.020000457763672,9.75,10.0,46464700,0.0,0.0
2025-06-03 00:00:00-04:00,9.970000267028809,10.100000381469727,9.739999771118164,9.9399995803833,31616200,0.0,0.0
2025-06-04 00:00:00-04:00,9.949999809265137,10.010000228881836,9.6899995803833,9.789999961853027,34162200,0.0,0.0
2025-06-05 00:00:00-04:00,9.789999961853027,10.0600004196167,9.619999885559082,9.649999618530273,44345100,0.0,0.0
2025-06-06 00:00:00-04:00,9.8100004196167,10.029999732971191,9.770000457763672,9.819999694824219,30034500,0.0,0.0
2025-06-09 00:00:00-04:00,10.619999885559082,11.100000381469727,9.380000114440918,9.529999732971191,155057800,0.0,0.0
2025-06-10 00:00:00-04:00,9.550000190734863,10.119999885559082,9.109999656677246,10.010000228881836,71415700,0.0,0.0
2025-06-11 00:00:00-04:00,10.15999984741211,10.550000190734863,10.119999885559082,10.510000228881836,52112100,0.0,0.0
2025-06-12 00:00:00-04:00,10.510000228881836,10.890000343322754,10.130000114440918,10.15999984741211,58726200,0.0,0.0
2025-06-13 00:00:00-04:00,10.09000015258789,10.279999732971191,9.979999542236328,10.029999732971191,39383800,0.0,0.0
2025-06-16 00:00:00-04:00,10.140000343322754,10.800000190734863,10.039999961853027,10.760000228881836,46714400,0.0,0.0
2025-06-17 00:00:00-04:00,10.75,10.819999694824219,10.329999923706055,10.579999923706055,46816600,0.0,0.0
2025-06-18 00:00:00-04:00,10.579999923706055,10.75,10.420000076293945,10.569999694824219,45179700,0.0,0.0
2025-06-20 00:00:00-04:00,10.729999542236328,11.0600004196167,10.390000343322754,10.520000457763672,106521700,0.0,0.0
2025-06-23 00:00:00-04:00,10.449999809265137,10.710000038146973,10.270000457763672,10.680000305175781,41873500,0.0,0.0
2025-06-24 00:00:00-04:00,10.789999961853027,11.100000381469727,10.75,10.899999618530273,67034400,0.0,0.0
2025-06-25 00:00:00-04:00,10.899999618530273,11.050000190734863,10.829999923706055,10.869999885559082,42934900,0.0,0.0
2025-06-26 00:00:00-04:00,10.890000343322754,11.210000038146973,10.75,11.149999618530273,72764500,0.0,0.0
2025-06-27 00:00:00-04:00,11.170000076293945,11.720000267028809,11.170000076293945,11.300000190734863,86182500,0.0,0.0
2025-06-30 00:00:00-04:00,11.40999984741211,11.630000114440918,11.289999961853027,11.460000038146973,43999000,0.0,0.0
2025-07-01 00:00:00-04:00,10.949999809265137,11.020000457763672,10.779999732971191,10.9399995803833,88003000,0.0,0.0
2025-07-02 00:00:00-04:00,11.0,11.15999984741211,10.960000038146973,11.119999885559082,48630000,0.0,0.0
2025-07-03 00:00:00-04:00,11.140000343322754,11.3100004196167,11.119999885559082,11.220000267028809,24154300,0.0,0.0
2025-07-07 00:00:00-04:00,11.140000343322754,11.289999961853027,10.989999771118164,11.020000457763672,38309300,0.0,0.0
2025-07-08 00:00:00-04:00,11.079999923706055,11.420000076293945,11.039999961853027,11.40999984741211,73452800,0.0,0.0
2025-07-09 00:00:00-04:00,11.449999809265137,11.779999732971191,11.430000305175781,11.489999771118164,54777300,0.0,0.0
2025-07-10 00:00:00-04:00,11.489999771118164,11.739999771118164,11.449999809265137,11.649999618530273,42463700,0.0,0.0
2025-07-11 00:00:00-04:00,11.569999694824219,11.760000228881836,11.460000038146973,11.729999542236328,70361100,0.0,0.0
2025-07-14 00:00:00-04:00,11.729999542236328,12.079999923706055,11.710000038146973,12.010000228881836,61484200,0.0,0.0
2025-07-15 00:00:00-04:00,12.010000228881836,12.300000190734863,12.0,12.029999732971191,94535800,0.0,0.0
2025-07-16 00:00:00-04:00,12.100000381469727,12.649999618530273,12.039999961853027,12.579999923706055,105446400,0.0,0.0
2025-07-17 00:00:00-04:00,12.59000015258789,13.039999961853027,12.520000457763672,12.84000015258789,125223100,0.0,0.0
2025-07-18 00:00:00-04:00,12.970000267028809,12.989999771118164,12.569999694824219,12.75,117779100,0.0,0.0
2025-07-21 00:00:00-04:00,12.829999923706055,12.890000343322754,12.65999984741211,12.800000190734863,62754200,0.0,0.0
2025-07-22 00:00:00-04:00,12.800000190734863,13.020000457763672,12.770000457763672,12.850000381469727,89947600,0.0,0.0
2025-07-23 00:00:00-04:00,12.899999618530273,13.390000343322754,12.850000381469727,13.3100004196167,102963000,0.0,0.0
2025-07-24 00:00:00-04:00,13.25,13.680000305175781,13.229999542236328,13.5,127485000,0.0,0.0
2025-07-25 00:00:00-04:00,13.520000457763672,13.579999923706055,13.210000038146973,13.489999771118164,74365500,0.0,0.0
2025-07-28 00:00:00-04:00,13.539999961853027,13.869999885559082,13.489999771118164,13.699999809265137,97026500,0.0,0.0
2025-07-29 00:00:00-04:00,13.760000228881836,13.760000228881836,13.050000190734863,13.119999885559082,67560100,0.0,0.0
2025-07-30 00:00:00-04:00,13.100000381469727,13.470000267028809,13.069999694824219,13.260000228881836,52330000,0.0,0.0
2025-07-31 00:00:00-04:00,13.199999809265137,13.289999961853027,13.020000457763672,13.170000076293945,55442000,0.0,0.0
2025-08-01 00:00:00-04:00,13.039999961853027,13.0600004196167,12.569999694824219,12.869999885559082,59364100,0.0,0.0
2025-08-04 00:00:00-04:00,12.899999618530273,13.010000228881836,12.619999885559082,12.800000190734863,65206800,0.0,0.0
2025-08-05 00:00:00-04:00,12.890000343322754,12.90999984741211,12.470000267028809,12.720000267028809,48416600,0.0,0.0
2025-08-06 00:00:00-04:00,12.800000190734863,12.960000038146973,12.760000228881836,12.789999961853027,48742800,0.0,0.0
2025-08-07 00:00:00-04:00,13.149999618530273,13.229999542236328,11.760000228881836,11.859999656677246,57823200,0.0,0.0
2025-08-08 00:00:00-04:00,11.859999656677246,11.979999542236328,10.899999618530273,10.90999984741211,62188500,0.0,0.0
2025-08-11 00:00:00-04:00,10.9399995803833,10.989999771118164,10.760000228881836,10.779999732971191,39455900,0.0,0.0
2025-08-12 00:00:00-04:00,10.8100004196167,11.300000190734863,10.789999961853027,11.220000267028809,48491000,0.0,0.0
2025-08-13 00:00:00-04:00,11.319999694824219,12.229999542236328,11.279999732971191,12.050000190734863,60173800,0.0,0.0
2025-08-14 00:00:00-04:00,11.869999885559082,12.170000076293945,11.729999542236328,11.779999732971191,53621200,0.0,0.0
2025-08-15 00:00:00-04:00,11.850000381469727,11.989999771118164,11.75,11.850000381469727,40664400,0.0,0.0
2025-08-18 00:00:00-04:00,11.8100004196167,11.869999885559082,11.630000114440918,11.819999694824219,34918000,0.0,0.0
2025-08-19 00:00:00-04:00,11.770000457763672,11.8100004196167,11.489999771118164,11.5600004196167,30434100,0.0,0.0
2025-08-20 00:00:00-04:00,11.529999732971191,11.619999885559082,11.279999732971191,11.539999961853027,36145700,0.0,0.0
2025-08-21 00:00:00-04:00,11.420000076293945,11.609999656677246,11.359999656677246,11.59000015258789,38567000,0.0,0.0
2025-08-22 00:00:00-04:00,11.670000076293945,12.079999923706055,11.600000381469727,12.050000190734863,49576200,0.0,0.0
2025-08-25 00:00:00-04:00,12.0,12.09000015258789,11.880000114440918,12.039999961853027,32012400,0.0,0.0
2025-08-26 00:00:00-04:00,12.010000228881836,12.09000015258789,11.729999542236328,11.800000190734863,57919100,0.0,0.0
2025-08-27 00:00:00-04:00,11.84000015258789,12.170000076293945,11.8100004196167,12.149999618530273,45262800,0.0,0.0
2025-08-28 00:00:00-04:00,12.1899995803833,12.260000228881836,12.020000457763672,12.0600004196167,30641400,0.0,0.0
2025-08-29 00:00:00-04:00,12.0,12.039999961853027,11.470000267028809,11.640000343322754,60192600,0.0,0.0
2025-09-02 00:00:00-04:00,11.300000190734863,11.649999618530273,11.25,11.619999885559082,51592000,0.0,0.0
2025-09-03 00:00:00-04:00,11.569999694824219,12.029999732971191,11.449999809265137,11.920000076293945,74541900,0.0,0.0
2025-09-04 00:00:00-04:00,11.979999542236328,11.979999542236328,11.539999961853027,11.770000457763672,66231300,0.0,0.0
2025-09-05 00:00:00-04:00,11.770000457763672,12.180000305175781,11.770000457763672,12.109999656677246,63866900,0.0,0.0
2025-09-08 00:00:00-04:00,12.140000343322754,12.380000114440918,11.920000076293945,12.350000381469727,60182600,0.0,0.0
2025-09-09 00:00:00-04:00,12.34000015258789,12.479999542236328,12.180000305175781,12.260000228881836,43324200,0.0,0.0
2025-09-10 00:00:00-04:00,12.25,12.569999694824219,12.0,12.539999961853027,59956200,0.0,0.0
2025-09-11 00:00:00-04:00,12.59000015258789,17.239999771118164,12.569999694824219,16.170000076293945,298443300,0.0,0.0
2025-09-12 00:00:00-04:00,17.530000686645508,19.329999923706055,17.219999313354492,18.8700008392334,286212700,0.0,0.0
2025-09-15 00:00:00-04:00,18.770000457763672,19.600000381469727,18.40999984741211,19.459999084472656,106766000,0.0,0.0
2025-09-16 00:00:00-04:00,18.770000457763672,18.93000030517578,17.610000610351562,18.25,85406900,0.0,0.0
2025-09-17 00:00:00-04:00,18.079999923706055,18.360000610351562,17.56999969482422,17.989999771118164,50370700,0.0,0.0
2025-09-18 00:00:00-04:00,17.860000610351562,18.770000457763672,17.579999923706055,18.700000762939453,51455100,0.0,0.0
2025-09-19 00:00:00-04:00,18.700000762939453,19.489999771118164,17.979999542236328,19.329999923706055,168257000,0.0,0.0
2025-09-22 00:00:00-04:00,19.270000457763672,19.700000762939453,18.829999923706055,19.610000610351562,55393600,0.0,0.0
2025-09-23 00:00:00-04:00,19.639999389648438,20.1200008392334,19.43000030517578,19.559999465942383,48635900,0.0,0.0
2025-09-24 00:00:00-04:00,19.520000457763672,19.850000381469727,19.18000030517578,19.81999969482422,43356700,0.0,0.0
2025-09-25 00:00:00-04:00,19.6200008392334,20.239999771118164,19.5,19.780000686645508,41453600,0.0,0.0
2025-09-26 00:00:00-04:00,19.34000015258789,19.950000762939453,19.34000015258789,19.510000228881836,42079400,0.0,0.0
2025-09-29 00:00:00-04:00,19.489999771118164,19.739999771118164,18.829999923706055,18.860000610351562,41545400,0.0,0.0
2025-09-30 00:00:00-04:00,18.940000534057617,19.6200008392334,18.770000457763672,19.530000686645508,56747900,0.0,0.0
2025-10-01 00:00:00-04:00,19.530000686645508,19.719999313354492,19.200000762939453,19.350000381469727,24467300,0.0,0.0
2025-10-02 00:00:00-04:00,19.329999923706055,19.350000381469727,19.040000915527344,19.239999771118164,21959300,0.0,0.0
2025-10-03 00:00:00-04:00,19.3799991607666,19.610000610351562,18.829999923706055,18.989999771118164,22570400,0.0,0.0
2025-10-06 00:00:00-04:00,19.030000686645508,19.18000030517578,18.8799991607666,19.079999923706055,17522600,0.0,0.0
2025-10-07 00:00:00-04:00,19.020000457763672,19.09000015258789,18.479999542236328,18.600000381469727,18875000,0.0,0.0
2025-10-08 00:00:00-04:00,18.729999542236328,19.469999313354492,17.68000030517578,17.889999389648438,45894700,0.0,0.0
2025-10-09 00:00:00-04:00,17.84000015258789,18.25,17.25,17.670000076293945,35429700,0.0,0.0
2025-10-10 00:00:00-04:00,17.719999313354492,18.510000228881836,17.079999923706055,17.100000381469727,44142700,0.0,0.0
2025-10-13 00:00:00-04:00,18.0,18.100000381469727,17.65999984741211,17.780000686645508,25900600,0.0,0.0
2025-10-14 00:00:00-04:00,17.329999923706055,18.170000076293945,17.329999923706055,17.979999542236328,19789200,0.0,0.0
2025-10-15 00:00:00-04:00,18.43000030517578,18.760000228881836,18.209999084472656,18.450000762939453,20987800,0.0,0.0
2025-10-16 00:00:00-04:00,18.6299991607666,18.649999618530273,18.059999465942383,18.290000915527344,15391000,0.0,0.0
2025-10-17 00:00:00-04:00,18.209999084472656,18.600000381469727,18.170000076293945,18.190000534057617,21258800,0.0,0.0
2025-10-20 00:00:00-04:00,18.459999084472656,18.5,18.0,18.31999969482422,23995300,0.0,0.0
2025-10-21 00:00:00-04:00,19.68000030517578,20.579999923706055,19.549999237060547,20.329999923706055,71364500,0.0,0.0
2025-10-22 00:00:00-04:00,20.68000030517578,21.219999313354492,20.200000762939453,20.530000686645508,52225300,0.0,0.0
2025-10-23 00:00:00-04:00,21.0,21.559999465942383,20.829999923706055,21.25,31796900,0.0,0.0
2025-10-24 00:00:00-04:00,21.3700008392334,21.56999969482422,21.010000228881836,21.149999618530273,24584200,0.0,0.0
2025-10-27 00:00:00-04:00,21.049999237060547,21.440000534057617,20.860000610351562,21.040000915527344,24011700,0.0,0.0
2025-10-28 00:00:00-04:00,21.3700008392334,21.3700008392334,20.81999969482422,20.989999771118164,25825200,0.0,0.0
2025-10-29 00:00:00-04:00,20.920000076293945,21.739999771118164,20.81999969482422,21.34000015258789,32713000,0.0,0.0
2025-10-30 00:00:00-04:00,21.469999313354492,21.84000015258789,21.360000610351562,21.6200008392334,35748900,0.0,0.0
2025-10-31 00:00:00-04:00,22.139999389648438,22.559999465942383,21.969999313354492,22.450000762939453,43732900,0.0,0.0
2025-11-03 00:00:00-05:00,22.5,22.549999237060547,21.969999313354492,22.290000915527344,42063100,0.0,0.0
2025-11-04 00:00:00-05:00,22.139999389648438,22.6200008392334,22.010000228881836,22.600000381469727,42236800,0.0,0.0
2025-11-05 00:00:00-05:00,22.549999237060547,23.059999465942383,22.350000381469727,22.760000228881836,45354400,0.0,0.0
2025-11-06 00:00:00-05:00,22.56999969482422,23.020000457763672,22.309999465942383,22.420000076293945,48559200,0.0,0.0
2025-11-07 00:00:00-05:00,22.43000030517578,22.979999542236328,22.260000228881836,22.670000076293945,30905500,0.0,0.0
2025-11-10 00:00:00-05:00,22.709999084472656,23.020000457763672,22.440000534057617,22.979999542236328,30461700,0.0,0.0
2025-11-11 00:00:00-05:00,22.950000762939453,23.190000534057617,22.760000228881836,23.049999237060547,18926700,0.0,0.0
2025-11-12 00:00:00-05:00,23.0,23.049999237060547,22.110000610351562,22.190000534057617,25310100,0.0,0.0
2025-11-13 00:00:00-05:00,22.1299991607666,22.5,21.8700008392334,22.139999389648438,31904200,0.0,0.0
2025-11-14 00:00:00-05:00,22.75,23.190000534057617,22.530000686645508,23.030000686645508,54192800,0.0,0.0
2025-11-17 00:00:00-05:00,23.030000686645508,23.149999618530273,22.34000015258789,22.739999771118164,36814300,0.0,0.0
2025-11-18 00:00:00-05:00,22.739999771118164,24.190000534057617,22.579999923706055,23.690000534057617,60510100,0.0,0.0
2025-11-19 00:00:00-05:00,23.649999618530273,24.010000228881836,22.790000915527344,23.09000015258789,47882200,0.0,0.0
2025-11-20 00:00:00-05:00,23.3799991607666,24.010000228881836,22.739999771118164,22.8799991607666,46807500,0.0,0.0
2025-11-21 00:00:00-05:00,23.0,23.579999923706055,22.8799991607666,23.170000076293945,38256200,0.0,0.0
2025-11-24 00:00:00-05:00,22.950000762939453,23.31999969482422,22.6200008392334,22.860000610351562,50601200,0.0,0.0
2025-11-25 00:00:00-05:00,22.850000381469727,23.579999923706055,22.59000015258789,22.959999084472656,31113400,0.0,0.0
2025-11-26 00:00:00-05:00,23.170000076293945,23.90999984741211,23.170000076293945,23.8799991607666,40581600,0.0,0.0
2025-11-28 00:00:00-05:00,23.799999237060547,24.200000762939453,23.649999618530273,24.0,19985500,0.0,0.0
2025-12-01 00:00:00-05:00,23.81999969482422,24.1200008392334,23.639999389648438,23.8700008392334,36016900,0.0,0.0
2025-12-02 00:00:00-05:00,24.25,24.760000228881836,24.030000686645508,24.530000686645508,46583800,0.0,0.0
2025-12-03 00:00:00-05:00,24.239999771118164,24.739999771118164,24.100000381469727,24.56999969482422,22786500,0.0,0.0
2025-12-04 00:00:00-05:00,24.170000076293945,24.56999969482422,24.049999237060547,24.540000915527344,38315600,0.0,0.0
2025-12-05 00:00:00-05:00,25.450000762939453,26.100000381469727,24.979999542236328,26.079999923706055,198872300,0.0,0.0
2025-12-08 00:00:00-05:00,27.639999389648438,28.170000076293945,26.84000015258789,27.229999542236328,167058200,0.0,0.0
2025-12-09 00:00:00-05:00,27.459999084472656,28.34000015258789,27.3700008392334,28.260000228881836,106789400,0.0,0.0
2025-12-10 00:00:00-05:00,28.979999542236328,29.809999465942383,28.860000610351562,29.530000686645508,103651300,0.0,0.0
2025-12-11 00:00:00-05:00,29.440000534057617,29.719999313354492,29.350000381469727,29.489999771118164,43468400,0.0,0.0
2025-12-12 00:00:00-05:00,29.8799991607666,30.0,29.75,29.979999542236328,45678400,0.0,0.0
2025-12-15 00:00:00-05:00,29.84000015258789,29.920000076293945,29.5,29.709999084472656,53940500,0.0,0.0
2025-12-16 00:00:00-05:00,29.459999084472656,29.510000228881836,28.709999084472656,28.899999618530273,85661500,0.0,0.0
2025-12-17 00:00:00-05:00,28.549999237060547,28.850000381469727,28.190000534057617,28.209999084472656,70350800,0.0,0.0
2025-12-18 00:00:00-05:00,28.350000381469727,28.3799991607666,27.40999984741211,27.610000610351562,67719600,0.0,0.0
2025-12-19 00:00:00-05:00,27.799999237060547,28.5,27.579999923706055,27.770000457763672,136466100,0.0,0.0
2025-12-22 00:00:00-05:00,28.850000381469727,28.979999542236328,28.469999313354492,28.75,45999500,0.0,0.0
2025-12-23 00:00:00-05:00,28.760000228881836,29.270000457763672,28.729999542236328,29.149999618530273,49960500,0.0,0.0
2025-12-24 00:00:00-05:00,29.0,29.329999923706055,29.0,29.229999542236328,17273100,0.0,0.0
2025-12-26 00:00:00-05:00,28.6299991607666,28.93000030517578,28.6200008392334,28.799999237060547,26961300,0.0,0.0
2025-12-29 00:00:00-05:00,28.799999237060547,29.100000381469727,28.700000762939453,28.790000915527344,21392000,0.0,0.0
2025-12-30 00:00:00-05:00,28.719999313354492,29.030000686645508,28.709999084472656,28.940000534057617,17728400,0.0,0.0
2025-12-31 00:00:00-05:00,28.770000457763672,28.959999084472656,28.719999313354492,28.81999969482422,11944500,0.0,0.0
2026-01-02 00:00:00-05:00,28.790000915527344,28.850000381469727,28.40999984741211,28.510000228881836,27761700,0.0,0.0
2026-01-05 00:00:00-05:00,28.559999465942383,28.920000076293945,28.440000534057617,28.530000686645508,26514000,0.0,0.0
2026-01-06 00:00:00-05:00,28.5,28.579999923706055,28.350000381469727,28.469999313354492,18278600,0.0,0.0
2026-01-07 00:00:00-05:00,28.290000915527344,28.770000457763672,28.219999313354492,28.59000015258789,24586600,0.0,0.0
2026-01-08 00:00:00-05:00,28.459999084472656,28.510000228881836,28.049999237060547,28.31999969482422,22673300,0.0,0.0
2026-01-09 00:00:00-05:00,28.31999969482422,29.040000915527344,28.290000915527344,28.889999389648438,37766600,0.0,0.0
2026-01-12 00:00:00-05:00,28.479999542236328,28.68000030517578,28.25,28.399999618530273,21925100,0.0,0.0
2026-01-13 00:00:00-05:00,28.299999237060547,29.5,28.260000228881836,28.860000610351562,31100500,0.0,0.0
2026-01-14 00:00:00-05:00,29.010000228881836,29.200000762939453,28.579999923706055,28.6299991607666,29096000,0.0,0.0
2026-01-15 00:00:00-05:00,28.709999084472656,28.850000381469727,28.399999618530273,28.489999771118164,23194400,0.0,0.0
2026-01-16 00:00:00-05:00,28.639999389648438,28.780000686645508,28.5,28.579999923706055,27279500,0.0,0.0
2026-01-20 00:00:00-05:00,28.479999542236328,28.84000015258789,28.06999969482422,28.239999771118164,31171900,0.0,0.0
2026-01-21 00:00:00-05:00,28.31999969482422,28.719999313354492,28.200000762939453,28.530000686645508,22104000,0.0,0.0
2026-01-22 00:00:00-05:00,28.5,28.700000762939453,28.329999923706055,28.360000610351562,11295200,0.0,0.0
2026-01-23 00:00:00-05:00,28.260000228881836,28.610000610351562,28.25,28.579999923706055,19188000,0.0,0.0
2026-01-26 00:00:00-05:00,28.459999084472656,28.520000457763672,28.200000762939453,28.239999771118164,18891800,0.0,0.0
2026-01-27 00:00:00-05:00,28.25,28.309999465942383,28.059999465942383,28.06999969482422,21571900,0.0,0.0
2026-01-28 00:00:00-05:00,28.09000015258789,28.280000686645508,27.920000076293945,27.979999542236328,17167000,0.0,0.0
2026-01-29 00:00:00-05:00,28.190000534057617,28.25,27.559999465942383,27.600000381469727,29227200,0.0,0.0
2026-01-30 00:00:00-05:00,27.549999237060547,27.790000915527344,27.360000610351562,27.540000915527344,24238600,0.0,0.0
2026-02-02 00:00:00-05:00,27.520000457763672,27.8700008392334,27.489999771118164,27.520000457763672,20979200,0.0,0.0
2026-02-03 00:00:00-05:00,27.510000228881836,27.6200008392334,27.020000457763672,27.190000534057617,17516100,0.0,0.0
2026-02-04 00:00:00-05:00,27.200000762939453,27.260000228881836,26.860000610351562,27.030000686645508,27564700,0.0,0.0
2026-02-05 00:00:00-05:00,27.059999465942383,27.1200008392334,26.610000610351562,26.760000228881836,29457400,0.0,0.0
2026-02-06 00:00:00-05:00,26.899999618530273,27.479999542236328,26.850000381469727,27.360000610351562,33623700,0.0,0.0
2026-02-09 00:00:00-05:00,27.34000015258789,27.420000076293945,27.049999237060547,27.209999084472656,16493500,0.0,0.0
2026-02-10 00:00:00-05:00,27.68000030517578,27.969999313354492,27.450000762939453,27.799999237060547,35199000,0.0,0.0
2026-02-11 00:00:00-05:00,28.010000228881836,28.280000686645508,27.829999923706055,27.989999771118164,22494800,0.0,0.0
2026-02-12 00:00:00-05:00,28.1299991607666,28.18000030517578,27.610000610351562,28.110000610351562,24763600,0.0,0.0
2026-02-13 00:00:00-05:00,28.06999969482422,28.18000030517578,27.899999618530273,27.989999771118164,13200900,0.0,0.0
2026-02-17 00:00:00-05:00,28.690000534057617,29.010000228881836,28.56999969482422,28.75,31951400,0.0,0.0
2026-02-18 00:00:00-05:00,28.860000610351562,28.969999313354492,28.59000015258789,28.790000915527344,19347600,0.0,0.0
2026-02-19 00:00:00-05:00,28.59000015258789,29.190000534057617,28.510000228881836,28.530000686645508,23920900,0.0,0.0
2026-02-20 00:00:00-05:00,28.690000534057617,28.780000686645508,28.520000457763672,28.75,19879100,0.0,0.0
2026-02-23 00:00:00-05:00,28.81999969482422,28.989999771118164,28.739999771118164,28.920000076293945,13040200,0.0,0.0
2026-02-24 00:00:00-05:00,29.0,29.200000762939453,28.93000030517578,29.149999618530273,27447500,0.0,0.0
2026-02-25 00:00:00-05:00,29.040000915527344,29.100000381469727,28.850000381469727,28.899999618530273,22322700,0.0,0.0
2026-02-26 00:00:00-05:00,28.790000915527344,29.010000228881836,28.760000228881836,28.799999237060547,19997600,0.0,0.0
2026-02-27 00:00:00-05:00,28.389999389648438,28.399999618530273,28.1200008392334,28.170000076293945,68764300,0.0,0.0
2026-03-02 00:00:00-05:00,28.010000228881836,28.5,28.010000228881836,28.5,39788000,0.0,0.0
2026-03-03 00:00:00-05:00,28.299999237060547,28.459999084472656,28.170000076293945,28.200000762939453,30850300,0.0,0.0
2026-03-04 00:00:00-05:00,28.139999389648438,28.190000534057617,27.93000030517578,27.950000762939453,37695900,0.0,0.0
2026-03-05 00:00:00-05:00,27.899999618530273,28.0,27.809999465942383,28.0,25029265,0.0,0.0
