Date,Open,High,Low,Close,Volume,Dividends,Stock Splits
2022-01-03 00:00:00-05:00,52.084975062668775,54.09216596535703,52.05945768322446,54.0411376953125,24282400,0.0,0.0
2022-01-04 00:00:00-05:00,54.54293565959251,56.2949820534645,54.517421523320365,56.073848724365234,38584000,0.0,0.0
2022-01-05 00:00:00-05:00,56.55862906809603,57.50269091450557,56.54162180918175,56.77125549316406,34033300,0.0,0.0
2022-01-06 00:00:00-05:00,57.83438295205531,58.24262851033721,57.04341245506907,58.106544494628906,30668500,0.0,0.0
2022-01-07 00:00:00-05:00,58.276657344090076,58.83799431354372,57.81738990033932,58.58283996582031,23985400,0.0,0.0
2022-01-10 00:00:00-05:00,58.65937605743604,58.82947459288099,57.79185665567449,58.23412322998047,22760300,0.0,0.0
2022-01-11 00:00:00-05:00,58.59134636311115,60.72611782252456,58.32769163110059,60.683589935302734,32936100,0.0,0.0
2022-01-12 00:00:00-05:00,60.50496292114258,61.074800069259965,60.07971015588921,60.50496292114258,23045100,0.0,0.0
2022-01-13 00:00:00-05:00,60.48796905743412,60.87920090942343,59.799055012787925,60.07121658325195,21043200,0.0,0.0
2022-01-14 00:00:00-05:00,60.0882251228796,61.363983590504034,60.045697245088206,61.1258430480957,23012900,0.0,0.0
2022-01-18 00:00:00-05:00,61.93383492673686,62.835369039505544,61.24492727368491,62.15496826171875,32841200,0.0,0.0
2022-01-19 00:00:00-05:00,62.724800314087695,62.81835646756199,61.7041959892605,62.180477142333984,26431600,0.0,0.0
2022-01-20 00:00:00-05:00,61.661668434224715,63.25211656292583,61.457548865939486,62.31655502319336,26774600,0.0,0.0
2022-01-21 00:00:00-05:00,62.240013172544835,62.240013172544835,60.4199313244236,61.38100051879883,35995200,0.0,0.0
2022-01-24 00:00:00-05:00,60.28383723983097,62.154953535320665,59.373796467413456,61.90830612182617,41507000,0.0,0.0
2022-01-25 00:00:00-05:00,61.73821419633166,63.99205591115647,60.7176098105611,63.72840118408203,39278400,0.0,0.0
2022-01-26 00:00:00-05:00,64.1536396382163,64.63842758555425,62.50365664710267,63.082000732421875,35252400,0.0,0.0
2022-01-27 00:00:00-05:00,64.17917591707352,64.64695676841143,62.928931176993316,63.89000701904297,29174700,0.0,0.0
2022-01-28 00:00:00-05:00,63.76241494402318,64.31524496046306,62.89489547481754,64.02606964111328,30595700,0.0,0.0
2022-01-31 00:00:00-05:00,63.76241701920542,64.99564775930126,63.16705910180019,64.60441589355469,36085500,0.0,0.0
2022-02-01 00:00:00-05:00,65.0211569865119,69.3247201626294,64.8680657037434,68.74637603759766,61033100,0.0,0.0
2022-02-02 00:00:00-05:00,68.09148430691826,68.72936358230561,67.31752749364692,68.5677719116211,30299300,0.0,0.0
2022-02-03 00:00:00-05:00,68.11699925527404,68.30411154984289,67.20695840437936,67.76829528808594,28529400,0.0,0.0
2022-02-04 00:00:00-05:00,68.78041869510739,70.19225520165641,68.78041869510739,69.23969268798828,32197500,0.0,0.0
2022-02-07 00:00:00-05:00,69.01002622775908,70.66000922468331,68.58477341319865,70.07315826416016,34949200,0.0,0.0
2022-02-08 00:00:00-05:00,69.9711086495618,70.16672783680436,67.97242133622167,68.2615966796875,34356300,0.0,0.0
2022-02-09 00:00:00-05:00,68.4335779566082,68.82054579437155,67.68543270138339,67.934814453125,40106100,0.88,0.0
2022-02-10 00:00:00-05:00,67.6940443315229,68.51958065742203,66.89430499068634,67.2812728881836,28527700,0.0,0.0
2022-02-11 00:00:00-05:00,67.60805664177522,69.06994275157442,67.27268269234152,68.97534942626953,42002100,0.0,0.0
2022-02-14 00:00:00-05:00,68.43356940794786,68.65714758990134,66.25793679823016,67.91761016845703,34652800,0.0,0.0
2022-02-15 00:00:00-05:00,66.12895127989776,67.23826735273585,65.71617991481311,67.06627655029297,25075100,0.0,0.0
2022-02-16 00:00:00-05:00,67.7542277027267,68.56256808495922,67.10927694518672,67.3758544921875,21733800,0.0,0.0
2022-02-17 00:00:00-05:00,67.48765051815353,68.03800797601428,67.03187980265716,67.27266693115234,23738800,0.0,0.0
2022-02-18 00:00:00-05:00,66.35253663083435,67.22106558795106,66.12035068567292,66.52452087402344,23394800,0.0,0.0
2022-02-22 00:00:00-05:00,68.51096036974153,68.61415484199327,64.76164650137144,65.75057220458984,35947800,0.0,0.0
2022-02-23 00:00:00-05:00,65.75057335522956,66.61910880307586,65.46679347215436,66.01715087890625,25385000,0.0,0.0
2022-02-24 00:00:00-05:00,67.93480863808469,67.96060561695695,63.66093418416679,65.18302154541016,46199900,0.0,0.0
2022-02-25 00:00:00-05:00,65.94838967721887,67.0663007733636,65.57861751938484,66.93730926513672,28310300,0.0,0.0
2022-02-28 00:00:00-05:00,65.79358665532047,67.87462645127707,65.52700251429289,67.4360580444336,32204600,0.0,0.0
2022-03-01 00:00:00-05:00,67.73702622772923,69.35370701333822,67.3586595730199,68.08100128173828,40002300,0.0,0.0
2022-03-02 00:00:00-05:00,69.31070631064509,70.64360715847182,68.63995857692316,69.2505111694336,44321400,0.0,0.0
2022-03-03 00:00:00-05:00,68.67436402540247,70.31683537320173,68.47657621998798,69.6890869140625,30196600,0.0,0.0
2022-03-04 00:00:00-05:00,69.69770187046367,72.47528695108517,69.36232790172957,72.31189727783203,42802200,0.0,0.0
2022-03-07 00:00:00-05:00,73.02562846126649,75.01208140802738,72.14849825054606,74.91748809814453,55207900,0.0,0.0
2022-03-08 00:00:00-05:00,76.57717457251069,78.69261278569512,73.46420912862563,75.48505401611328,72082300,0.0,0.0
2022-03-09 00:00:00-05:00,72.26029428865907,74.44452868489577,70.1706532113728,71.19397735595703,65466700,0.0,0.0
2022-03-10 00:00:00-05:00,72.24308922576124,73.67917806825805,71.2885615374481,73.40399932861328,44644200,0.0,0.0
2022-03-11 00:00:00-05:00,72.29467666073427,74.15213790618509,72.20868454250666,73.02561950683594,35303400,0.0,0.0
2022-03-14 00:00:00-04:00,71.42613005363307,71.76150385503749,69.22470067810113,70.41140747070312,37462600,0.0,0.0
2022-03-15 00:00:00-04:00,67.78003819872727,68.08101396677186,65.67320126163547,66.40414428710938,47957900,0.0,0.0
2022-03-16 00:00:00-04:00,66.91149456005017,67.60804589574295,65.56999897554081,66.15475463867188,37812300,0.0,0.0
2022-03-17 00:00:00-04:00,67.22966014195083,68.06379741683686,66.27513259654286,67.91761016845703,34041900,0.0,0.0
2022-03-18 00:00:00-04:00,67.9864130218617,68.27019295453152,67.16087676745951,67.65103912353516,41461500,0.0,0.0
2022-03-21 00:00:00-04:00,68.89794873670203,70.96178611538251,68.57116945514704,70.68660736083984,33089300,0.0,0.0
2022-03-22 00:00:00-04:00,70.19645158879227,70.68661399635843,69.47410975060198,70.37703704833984,23132200,0.0,0.0
2022-03-23 00:00:00-04:00,71.6669364668231,72.46667579624345,71.41756124092527,71.4863510131836,27716300,0.0,0.0
2022-03-24 00:00:00-04:00,71.77011314945516,72.7934370268184,71.15956060706851,71.7013168334961,19871600,0.0,0.0
2022-03-25 00:00:00-04:00,71.30575395130684,73.51578494432127,71.1939648489038,73.26640319824219,22398300,0.0,0.0
2022-03-28 00:00:00-04:00,71.52074329425123,71.64113358677065,70.53181741074565,71.21116638183594,21552400,0.0,0.0
2022-03-29 00:00:00-04:00,69.49129963804637,70.93598975221609,68.58837241717721,70.83280181884766,27036300,0.0,0.0
2022-03-30 00:00:00-04:00,71.42616465154283,72.2431064451437,71.12518885843947,72.04531860351562,22079000,0.0,0.0
2022-03-31 00:00:00-04:00,71.26275212271653,72.57845044712124,70.98757343108142,71.02196502685547,27861500,0.0,0.0
2022-04-01 00:00:00-04:00,70.50602257392276,72.35488292356514,70.50602257392276,71.47775268554688,18671100,0.0,0.0
2022-04-04 00:00:00-04:00,71.85611449853828,71.94211318492805,70.55761831201933,71.51214599609375,20869400,0.0,0.0
2022-04-05 00:00:00-04:00,71.80452639887521,73.15462321963247,70.9961859184086,71.14237976074219,21753100,0.0,0.0
2022-04-06 00:00:00-04:00,71.73572203904094,72.83643695941281,71.3229572242907,71.93350982666016,24768200,0.0,0.0
2022-04-07 00:00:00-04:00,72.08829967515922,73.47279453309943,71.125170820703,73.13742065429688,26122000,0.0,0.0
2022-04-08 00:00:00-04:00,73.24060048605278,74.99486719096622,73.24060048605278,74.67668914794922,24866500,0.0,0.0
2022-04-11 00:00:00-04:00,73.76517294824288,73.89416442243754,71.80452353497652,72.10549926757812,21800100,0.0,0.0
2022-04-12 00:00:00-04:00,73.7049830265357,74.65951081815048,73.42120307534658,73.61038970947266,22444200,0.0,0.0
2022-04-13 00:00:00-04:00,74.47891754190165,74.90888473401019,73.25781229090032,74.6509017944336,19306800,0.0,0.0
2022-04-14 00:00:00-04:00,74.53052605410531,76.06980968962043,74.1521593125209,75.5280532836914,24566400,0.0,0.0
2022-04-18 00:00:00-04:00,76.10420981445968,76.4395837735254,75.45925888382867,76.14720916748047,19032300,0.0,0.0
2022-04-19 00:00:00-04:00,75.68281804329105,76.2417766390971,75.04646195045196,75.46783447265625,20382600,0.0,0.0
2022-04-20 00:00:00-04:00,75.64843272427181,76.10419692164857,75.07227823176834,75.63983154296875,20689400,0.0,0.0
2022-04-21 00:00:00-04:00,76.49116032230575,77.2221097924534,74.63370547685956,74.840087890625,29010900,0.0,0.0
2022-04-22 00:00:00-04:00,74.52192784660863,75.77743144493999,73.09443340966911,73.20622253417969,23591600,0.0,0.0
2022-04-25 00:00:00-04:00,70.83279826408128,71.08218002517147,68.18419876089442,70.73820495605469,37698300,0.0,0.0
2022-04-26 00:00:00-04:00,71.14238083057054,72.85364857058869,70.66941425280658,70.76400756835938,28941500,0.0,0.0
2022-04-27 00:00:00-04:00,71.7099179819542,73.50718401112967,70.75539042096575,72.78483581542969,32773000,0.0,0.0
2022-04-28 00:00:00-04:00,72.99122723583186,75.79461512950093,72.29468249298428,74.98627471923828,33683800,0.0,0.0
2022-04-29 00:00:00-04:00,75.79461218290784,75.79461218290784,72.8364359546327,73.30940246582031,34656500,0.0,0.0
2022-05-02 00:00:00-04:00,73.10302113644515,74.84868682213805,72.77624188362644,74.30693054199219,36335200,0.0,0.0
2022-05-03 00:00:00-04:00,74.1779348689473,76.34496642737608,74.05754459130004,75.83760833740234,33908100,0.0,0.0
2022-05-04 00:00:00-04:00,76.96411201748654,79.01075308132309,76.456753981293,78.85596466064453,46188400,0.0,0.0
2022-05-05 00:00:00-04:00,79.14837225154936,79.1569734335768,76.00961001105213,77.66068267822266,41013400,0.0,0.0
2022-05-06 00:00:00-04:00,78.23684413942483,78.95918597433781,76.8351466975948,78.84739685058594,29619300,0.0,0.0
2022-05-09 00:00:00-04:00,76.91252638754453,77.01571430531216,72.25167746529016,72.63005065917969,45851600,0.0,0.0
2022-05-10 00:00:00-04:00,73.64477971904323,74.71969769317776,71.82171647303073,73.11161804199219,34483200,0.0,0.0
2022-05-11 00:00:00-04:00,74.32412823952345,76.48256535621867,74.19513677121172,74.63370513916016,33020600,0.0,0.0
2022-05-12 00:00:00-04:00,74.66844598883894,75.04200568287285,72.45315567787851,74.9725112915039,29491500,0.88,0.0
2022-05-13 00:00:00-04:00,75.89338069886144,77.27467873615826,75.01594850911715,77.19649505615234,25798400,0.0,0.0
2022-05-16 00:00:00-04:00,77.30073590695575,79.90696426132675,77.29204662327304,79.01215362548828,26101200,0.0,0.0
2022-05-17 00:00:00-04:00,79.68977759281834,80.31526682273125,79.15984397032355,80.0198974609375,23120700,0.0,0.0
2022-05-18 00:00:00-04:00,80.36742673617856,80.72360796372638,78.03919494279936,78.7515640258789,25451200,0.0,0.0
2022-05-19 00:00:00-04:00,77.31811402772264,80.18496809792089,77.31811402772264,79.1772232055664,24387400,0.0,0.0
2022-05-20 00:00:00-04:00,79.86353848609335,81.30564831536982,78.53436285258502,79.80272674560547,28795000,0.0,0.0
2022-05-23 00:00:00-04:00,80.49771888430031,82.33076027342321,80.40215663673693,81.56626892089844,27239300,0.0,0.0
2022-05-24 00:00:00-04:00,80.63672288412013,82.34814760979889,80.20235139549031,82.00933837890625,24293300,0.0,0.0
2022-05-25 00:00:00-04:00,82.16570380159219,83.85974977919196,82.07014155383197,83.65994262695312,29947800,0.0,0.0
2022-05-26 00:00:00-04:00,83.92056412433017,84.64162233330102,83.57306563330955,83.95531463623047,24314800,0.0,0.0
2022-05-27 00:00:00-04:00,83.35589393130051,85.07600810590758,82.79121624485336,84.78063201904297,25588800,0.0,0.0
2022-05-31 00:00:00-04:00,85.62331015524978,86.68317770291227,83.14739386734013,83.39933013916016,44888100,0.0,0.0
2022-06-01 00:00:00-04:00,84.28543381663492,85.75361144860433,83.93794195665039,84.997802734375,25815400,0.0,0.0
2022-06-02 00:00:00-04:00,84.51997781734258,85.22365728121561,84.085606468684,84.85009765625,19089100,0.0,0.0
2022-06-03 00:00:00-04:00,85.04994057685802,86.57893010462607,85.04994057685802,86.083740234375,21038200,0.0,0.0
2022-06-06 00:00:00-04:00,86.16193032447175,86.68317479475749,85.7188695421365,85.8665542602539,20682100,0.0,0.0
2022-06-07 00:00:00-04:00,86.61365733023901,89.85407099610707,86.431222131654,89.80194854736328,37810200,0.0,0.0
2022-06-08 00:00:00-04:00,89.90620809440122,91.71319506241434,89.46315395192312,90.86182403564453,31613200,0.0,0.0
2022-06-09 00:00:00-04:00,89.84539465541036,90.84445037747805,88.75078330620694,88.89846801757812,26607000,0.0,0.0
2022-06-10 00:00:00-04:00,88.55966066643467,89.78458481012417,86.69186195146412,87.27391815185547,30950500,0.0,0.0
2022-06-13 00:00:00-04:00,84.71981938445957,84.93700514712562,81.59234572766518,83.2690200805664,33421000,0.0,0.0
2022-06-14 00:00:00-04:00,84.62426396096885,85.71887543543008,82.76514773009387,83.4862060546875,31264000,0.0,0.0
2022-06-15 00:00:00-04:00,83.39064411243682,83.89451667577082,81.02766193899247,82.43502807617188,29620800,0.0,0.0
2022-06-16 00:00:00-04:00,80.28051517650199,80.90600434589301,78.43008900461378,79.39439392089844,35696700,0.0,0.0
2022-06-17 00:00:00-04:00,79.02085157949487,79.3596607724994,74.41651829169842,74.8161392211914,64610200,0.0,0.0
2022-06-21 00:00:00-04:00,76.95323973898789,80.3847711890108,76.90111066333431,79.47259521484375,35951500,0.0,0.0
2022-06-22 00:00:00-04:00,76.04976130045061,77.97837177743811,76.04107201481129,76.3277587890625,29727200,0.0,0.0
2022-06-23 00:00:00-04:00,77.02274038903334,77.36154955325641,72.55739626684772,74.02557373046875,35757200,0.0,0.0
2022-06-24 00:00:00-04:00,75.5371923233803,76.79687350216084,74.54682594998445,75.49375915527344,26639000,0.0,0.0
2022-06-27 00:00:00-04:00,76.28430235127828,78.22160169138103,76.16267889078553,77.34416961669922,25478700,0.0,0.0
2022-06-28 00:00:00-04:00,79.15986265892435,81.0015935331088,78.49092685320106,79.48998260498047,33096900,0.0,0.0
2022-06-29 00:00:00-04:00,80.77571805384609,80.96683592504017,76.24087903877732,76.55362701416016,25400900,0.0,0.0
2022-06-30 00:00:00-04:00,74.8335185164327,76.10188245067937,73.55646529669603,74.3991470336914,39948100,0.0,0.0
2022-07-01 00:00:00-04:00,75.35475492813873,76.3451212728567,73.59120795689502,76.05844116210938,26327900,0.0,0.0
2022-07-05 00:00:00-04:00,75.00726094153973,75.32000892468857,72.11435203938677,73.67808532714844,34591100,0.0,0.0
2022-07-06 00:00:00-04:00,72.76592232470975,74.04297571433285,70.3768788518181,72.34892272949219,33375700,0.0,0.0
2022-07-07 00:00:00-04:00,74.17327419820171,75.37214376789605,74.10377979617691,74.65977478027344,23817400,0.0,0.0
2022-07-08 00:00:00-04:00,75.53720479193316,75.84127015878332,73.78234676477128,74.78140258789062,17673800,0.0,0.0
2022-07-11 00:00:00-04:00,73.99083677943733,74.8161465734355,73.28715709835093,74.3991470336914,15603800,0.0,0.0
2022-07-12 00:00:00-04:00,72.78327937873037,73.8865865776026,71.98403749840207,73.40877532958984,21013000,0.0,0.0
2022-07-13 00:00:00-04:00,72.43580594489379,74.98122379708126,72.36631152585991,73.70417022705078,19928600,0.0,0.0
2022-07-14 00:00:00-04:00,71.10660810776355,72.37497200113752,70.0988697468289,72.22728729248047,26343000,0.0,0.0
2022-07-15 00:00:00-04:00,73.66940988947972,73.73890429300336,72.01879684510072,73.44353485107422,17243700,0.0,0.0
2022-07-18 00:00:00-04:00,75.21576662450008,76.39725757337979,74.49470838123119,74.79876708984375,19395800,0.0,0.0
2022-07-19 00:00:00-04:00,75.07676394519792,76.9011228096664,74.92907923481327,76.6839370727539,18248900,0.0,0.0
2022-07-20 00:00:00-04:00,76.0845016204245,77.88279908379914,75.7978148845866,77.526611328125,16584400,0.0,0.0
2022-07-21 00:00:00-04:00,75.51981648930715,76.27562515761974,74.02557772141483,76.23218536376953,21375700,0.0,0.0
2022-07-22 00:00:00-04:00,76.05844143774416,76.85768329287228,75.2591929546339,75.65013122558594,15479500,0.0,0.0
2022-07-25 00:00:00-04:00,76.58838270335075,78.2998007708064,75.94550813939028,78.16949462890625,17536400,0.0,0.0
2022-07-26 00:00:00-04:00,79.16853948277308,79.29885224566054,77.31811945931484,77.86542510986328,15141200,0.0,0.0
2022-07-27 00:00:00-04:00,78.43010971779853,79.92434859992653,77.66561833465553,79.55078887939453,18047000,0.0,0.0
2022-07-28 00:00:00-04:00,80.08072571644692,81.01028041154588,79.06429805159699,80.4803466796875,20353100,0.0,0.0
2022-07-29 00:00:00-04:00,82.05277455309214,84.71981532574048,81.74871582552308,84.20726013183594,29825800,0.0,0.0
2022-08-01 00:00:00-04:00,82.34814271969495,82.8346366371162,80.99290587660288,82.0788345336914,20793200,0.0,0.0
2022-08-02 00:00:00-04:00,82.26126395322713,82.70431804193609,81.50545527510504,81.72264099121094,16722500,0.0,0.0
2022-08-03 00:00:00-04:00,82.02671023316125,82.02671023316125,78.8731756152034,79.07298278808594,23580800,0.0,0.0
2022-08-04 00:00:00-04:00,78.45616277704173,78.4822240014383,75.08544298612232,75.74568939208984,31821500,0.0,0.0
2022-08-05 00:00:00-04:00,75.02464705852331,77.91756287966064,74.95514602683626,76.84031677246094,17408000,0.0,0.0
2022-08-08 00:00:00-04:00,76.97929647562044,77.83934995198214,76.64048732953913,77.27466583251953,14458500,0.0,0.0
2022-08-09 00:00:00-04:00,78.23030177501268,79.5855385950151,78.14342218153978,78.69941711425781,19083400,0.0,0.0
2022-08-10 00:00:00-04:00,78.77761923654177,79.74192454245622,77.4831939610646,79.44654846191406,18302000,0.0,0.0
2022-08-11 00:00:00-04:00,80.56056266783294,82.71844085749075,80.20969447696406,81.74476623535156,18797900,0.88,0.0
2022-08-12 00:00:00-04:00,81.12196757542428,82.47282485147637,80.79740713293381,82.45528411865234,15058200,0.0,0.0
2022-08-15 00:00:00-04:00,79.41145325693762,81.34126175177657,78.64830758684072,80.98161315917969,20755200,0.0,0.0
2022-08-16 00:00:00-04:00,80.72722841208262,81.48160705629923,80.07811423882008,80.22723388671875,14038200,0.0,0.0
2022-08-17 00:00:00-04:00,80.06056913335586,81.76230798831048,79.75355611632328,80.87635040283203,13678000,0.0,0.0
2022-08-18 00:00:00-04:00,81.70967240873775,83.60438593902437,81.65703682985388,82.78860473632812,17770400,0.0,0.0
2022-08-19 00:00:00-04:00,82.59563560463684,83.50790093122859,82.27984887913134,82.52545928955078,16128600,0.0,0.0
2022-08-22 00:00:00-04:00,81.94650837481466,82.88509476607526,80.57810379864664,82.46405029296875,16019900,0.0,0.0
2022-08-23 00:00:00-04:00,83.81492939661851,86.32367603790385,83.72720564740153,85.96402740478516,23764700,0.0,0.0
2022-08-24 00:00:00-04:00,85.97279900580912,86.81489477701837,85.40262811182035,86.47279357910156,17050300,0.0,0.0
2022-08-25 00:00:00-04:00,86.77102348144058,87.59557842913244,86.05173300336308,86.9201431274414,15305700,0.0,0.0
2022-08-26 00:00:00-04:00,86.63945100213104,87.63944680678203,85.45525407364227,85.84999084472656,15531400,0.0,0.0
2022-08-29 00:00:00-04:00,86.12190779154149,89.08678669650907,86.08681963562465,87.82364654541016,23059200,0.0,0.0
2022-08-30 00:00:00-04:00,86.27979680179556,86.50786645757833,84.05174920614506,84.4815673828125,17086800,0.0,0.0
2022-08-31 00:00:00-04:00,82.48160135593949,84.94648598263294,82.09563829692793,83.85000610351562,18340900,0.0,0.0
2022-09-01 00:00:00-04:00,82.82371766625347,83.3938886459828,80.95531802032964,82.34127044677734,16423000,0.0,0.0
2022-09-02 00:00:00-04:00,84.51666774388593,84.90263080289749,83.42896157766855,83.85000610351562,18206800,0.0,0.0
2022-09-06 00:00:00-04:00,84.35000309502973,84.72718572971884,82.902648389182,83.28860473632812,19201500,0.0,0.0
2022-09-07 00:00:00-04:00,81.74474977020098,82.97280157564954,80.9640568257171,82.57807159423828,16274700,0.0,0.0
2022-09-08 00:00:00-04:00,83.03422881154535,83.70088373796379,82.20967382756555,83.25352478027344,18759200,0.0,0.0
2022-09-09 00:00:00-04:00,84.66577986759916,85.08683104836261,83.61316195426272,84.64823913574219,17158000,0.0,0.0
2022-09-12 00:00:00-04:00,85.65701351486814,87.00787759242041,84.98157812990081,85.6219253540039,16118900,0.0,0.0
2022-09-13 00:00:00-04:00,84.74473490473582,85.77103843480405,83.25352499057081,83.62194061279297,18229100,0.0,0.0
2022-09-14 00:00:00-04:00,84.37632444759393,86.4552460805239,84.34123628727507,85.67455291748047,22655700,0.0,0.0
2022-09-15 00:00:00-04:00,84.4026346768997,84.68333325304101,82.4991472483044,83.183349609375,21092300,0.0,0.0
2022-09-16 00:00:00-04:00,83.3938531536352,83.63068980532482,80.70089949260965,81.76229095458984,37874700,0.0,0.0
2022-09-19 00:00:00-04:00,79.83251177284306,82.00792418321753,79.8237380596288,81.7535400390625,15342100,0.0,0.0
2022-09-20 00:00:00-04:00,81.34126003097197,81.51669412116335,80.38512616999866,81.08687591552734,14712500,0.0,0.0
2022-09-21 00:00:00-04:00,82.0780931931039,82.35001804708357,79.70969945727303,79.77986907958984,17332400,0.0,0.0
2022-09-22 00:00:00-04:00,80.87636362866857,81.27987416547732,79.40269421353892,79.4465560913086,16139400,0.0,0.0
2022-09-23 00:00:00-04:00,76.75358519262197,76.75358519262197,74.42904670259769,75.21851348876953,27738800,0.0,0.0
2022-09-26 00:00:00-04:00,74.47289327770942,75.63077542885742,73.5869359166978,73.66588592529297,22043400,0.0,0.0
2022-09-27 00:00:00-04:00,75.09571581428126,76.27991276603379,74.39396600237788,75.20974731445312,17307300,0.0,0.0
2022-09-28 00:00:00-04:00,75.54306686381723,78.33251145298833,75.36762609861034,77.94654846191406,19543300,0.0,0.0
2022-09-29 00:00:00-04:00,77.35005866422328,78.3851356943125,76.42901310547981,77.78865051269531,17896000,0.0,0.0
2022-09-30 00:00:00-04:00,77.34130035690107,78.104452734491,76.58692169189453,76.58692169189453,21357600,0.0,0.0
2022-10-03 00:00:00-04:00,78.98162661447665,81.01669267155293,78.70092807875514,80.63072967529297,23881300,0.0,0.0
2022-10-04 00:00:00-04:00,81.7886232118106,83.64825544927096,81.32371682554098,83.56930541992188,22133700,0.0,0.0
2022-10-05 00:00:00-04:00,83.9903525916272,87.70961019544703,83.91140925845342,86.94646453857422,34857700,0.0,0.0
2022-10-06 00:00:00-04:00,86.37630349801412,89.63065510688146,86.25349828201026,89.525390625,29124700,0.0,0.0
2022-10-07 00:00:00-04:00,89.63942373029474,90.63063911529565,87.87628224009201,88.62188720703125,24507600,0.0,0.0
2022-10-10 00:00:00-04:00,89.0253822257149,89.49906228206477,86.59558603787828,86.70084381103516,16786100,0.0,0.0
2022-10-11 00:00:00-04:00,85.2798249921405,87.50787303612593,84.86754746339759,85.96402740478516,17804100,0.0,0.0
2022-10-12 00:00:00-04:00,85.52541302246102,86.76224528466705,85.28857636181556,86.34119415283203,12635800,0.0,0.0
2022-10-13 00:00:00-04:00,85.56927039514761,89.8674650598918,85.43769150508027,89.35870361328125,22019100,0.0,0.0
2022-10-14 00:00:00-04:00,88.70083873671217,89.68328042556894,86.87629461114662,87.00787353515625,15222000,0.0,0.0
2022-10-17 00:00:00-04:00,88.65698291419888,89.4464498197448,88.15698832275022,88.26225280761719,14283200,0.0,0.0
2022-10-18 00:00:00-04:00,89.06925736402438,89.7797742082249,87.04296462026302,88.4201431274414,14065400,0.0,0.0
2022-10-19 00:00:00-04:00,88.81487493754578,91.21835708667993,88.79733420319404,91.04292297363281,20921700,0.0,0.0
2022-10-20 00:00:00-04:00,91.50781158775104,92.10429682536292,90.70957782863609,91.16571044921875,17649000,0.0,0.0
2022-10-21 00:00:00-04:00,91.62184078540031,93.33235312779479,91.14816744568962,92.85867309570312,22814100,0.0,0.0
2022-10-24 00:00:00-04:00,92.68324140941536,94.45514970041111,92.209561365118,93.5077896118164,17024200,0.0,0.0
2022-10-25 00:00:00-04:00,93.34113375058077,94.14814126098828,92.16570394856855,92.876220703125,15719800,0.0,0.0
2022-10-26 00:00:00-04:00,93.2095564622064,94.58673481961647,92.9814867905514,93.98147583007812,17383800,0.0,0.0
2022-10-27 00:00:00-04:00,95.09551182302472,96.1218154015638,94.22709492513887,94.34113311767578,18214000,0.0,0.0
2022-10-28 00:00:00-04:00,96.01652687535224,97.55159834837679,94.84110393120753,97.10423278808594,28169400,0.0,0.0
2022-10-31 00:00:00-04:00,96.05164341471905,99.04284392426989,95.99901451879393,97.20075225830078,26401800,0.0,0.0
2022-11-01 00:00:00-04:00,98.56915318834056,98.74458728415475,97.06039587176413,98.1656494140625,22213100,0.0,0.0
2022-11-02 00:00:00-04:00,97.87617022602163,98.33230285837979,95.88495924789682,96.14811706542969,20654200,0.0,0.0
2022-11-03 00:00:00-04:00,95.24461609890359,98.08668966210128,95.0077727314148,97.45511627197266,17103700,0.0,0.0
2022-11-04 00:00:00-04:00,99.12177664697376,99.56036857904002,97.19197482283495,98.51651763916016,17541500,0.0,0.0
2022-11-07 00:00:00-05:00,98.60424172437769,99.99018714834469,98.35862461996078,99.68317413330078,16008000,0.0,0.0
2022-11-08 00:00:00-05:00,99.54282213442218,100.57789930239883,98.77089609515602,99.99895477294922,14661000,0.0,0.0
2022-11-09 00:00:00-05:00,99.20949142869662,99.36738478832903,95.2358496857262,95.52532196044922,19522800,0.0,0.0
2022-11-10 00:00:00-05:00,96.65690049855671,97.10425948948027,94.35867616629946,96.92882537841797,20146700,0.0,0.0
2022-11-11 00:00:00-05:00,98.75335583625748,100.43754716063991,98.67440581259943,99.95509338378906,20518900,0.0,0.0
2022-11-14 00:00:00-05:00,99.59254843919213,101.36988342984301,99.46875463350067,100.24689483642578,20858300,0.91,0.0
2022-11-15 00:00:00-05:00,100.62714179180108,101.2726372365514,99.80479319719886,100.91893768310547,19373800,0.0,0.0
2022-11-16 00:00:00-05:00,100.30880556219736,101.03388655813325,98.9116961382881,99.84015655517578,13591000,0.0,0.0
2022-11-17 00:00:00-05:00,98.40767451020544,100.09657976994977,97.93018116944464,99.97278594970703,12425900,0.0,0.0
2022-11-18 00:00:00-05:00,98.06282933731194,99.45993887545022,96.92215180905406,99.10623931884766,15415000,0.0,0.0
2022-11-21 00:00:00-05:00,97.2581466494522,98.32808274081482,95.03869562139121,98.12471008300781,20973000,0.0,0.0
2022-11-22 00:00:00-05:00,99.22117783701808,101.21957437654709,98.53146748834396,100.96314239501953,17719100,0.0,0.0
2022-11-23 00:00:00-05:00,99.31844431412577,100.75976190570007,99.12390924426457,100.45912170410156,11546700,0.0,0.0
2022-11-25 00:00:00-05:00,100.69785043556512,101.34335246073972,99.97276957309487,100.10540771484375,7136000,0.0,0.0
2022-11-28 00:00:00-05:00,97.85059005197441,98.55798225807037,96.93097411241892,97.0989761352539,23015500,0.0,0.0
2022-11-29 00:00:00-05:00,97.80638848799049,98.85864271856269,97.08130749830188,97.74449157714844,14453200,0.0,0.0
2022-11-30 00:00:00-05:00,98.62874982589766,98.94707876479039,97.07247576311741,98.45189666748047,23158100,0.0,0.0
2022-12-01 00:00:00-05:00,98.71713560876921,99.09736132240161,97.42613839989669,97.97437286376953,14398300,0.0,0.0
2022-12-02 00:00:00-05:00,96.83371157819955,98.77904867803807,96.55959092825144,97.14319610595703,15248400,0.0,0.0
2022-12-05 00:00:00-05:00,97.88596427068104,98.46956947997444,93.67696097285233,94.48162078857422,19287700,0.0,0.0
2022-12-06 00:00:00-05:00,93.64157938393886,94.64961849447012,91.20990478908153,91.85540008544922,21197000,0.0,0.0
2022-12-07 00:00:00-05:00,91.76698804946629,92.71313037325531,90.52020552291117,91.65203857421875,20061700,0.0,0.0
2022-12-08 00:00:00-05:00,93.9775901829036,94.43740152061517,91.70508001293335,92.33289337158203,21128800,0.0,0.0
2022-12-09 00:00:00-05:00,92.48322506483105,93.68579937345912,91.34255441189288,91.55477142333984,21298200,0.0,0.0
2022-12-12 00:00:00-05:00,91.81121087925551,93.942239002878,91.59898710427264,93.80960083007812,20413200,0.0,0.0
2022-12-13 00:00:00-05:00,95.32164185239861,95.97598145671117,94.63192488183267,94.8353042602539,24305300,0.0,0.0
2022-12-14 00:00:00-05:00,95.4896589097122,95.76377957131817,93.50895110157178,94.13676452636719,17597300,0.0,0.0
2022-12-15 00:00:00-05:00,93.13755761309636,93.88032041528984,91.69623347900888,93.23482513427734,15365100,0.0,0.0
2022-12-16 00:00:00-05:00,91.68740712110049,93.35863037712511,91.19222511269014,92.58049011230469,54596600,0.0,0.0
2022-12-19 00:00:00-05:00,93.07565644197444,93.90684238539488,92.29751630823294,92.9960708618164,13611100,0.0,0.0
2022-12-20 00:00:00-05:00,92.99609206805887,95.065229922675,92.90766887258546,94.34014892578125,14680000,0.0,0.0
2022-12-21 00:00:00-05:00,95.75493122080103,96.02020078209098,94.75573638872103,95.55155181884766,13565400,0.0,0.0
2022-12-22 00:00:00-05:00,95.40123652615874,95.6665128470525,92.04994562040243,93.6239013671875,13213000,0.0,0.0
2022-12-23 00:00:00-05:00,94.57004493607245,96.15284504684715,94.52583671284285,96.09979248046875,11539400,0.0,0.0
2022-12-27 00:00:00-05:00,96.62150183846278,97.68260047547501,96.2324384098569,97.43501281738281,11962100,0.0,0.0
2022-12-28 00:00:00-05:00,97.18741962371898,97.26699847517698,95.41008439899325,95.83451843261719,10702100,0.0,0.0
2022-12-29 00:00:00-05:00,95.4896646408233,97.01941224383268,95.4896646408233,96.55960083007812,10534000,0.0,0.0
2022-12-30 00:00:00-05:00,96.03790293560711,97.70912636725595,96.03790293560711,97.53227996826172,11799600,0.0,0.0
2023-01-03 00:00:00-05:00,97.07246414188529,97.28468116032171,93.27905036276509,94.18098449707031,15146200,0.0,0.0
2023-01-04 00:00:00-05:00,92.6689131585368,94.75573267424572,92.63354253583333,94.45508575439453,18058400,0.0,0.0
2023-01-05 00:00:00-05:00,94.03064903835822,97.22277535122396,94.00412275676346,96.56843566894531,15946600,0.0,0.0
2023-01-06 00:00:00-05:00,97.33774135244778,99.02664666425846,96.97519747751936,97.73564910888672,16348100,0.0,0.0
2023-01-09 00:00:00-05:00,98.71715697595984,98.71715697595984,95.33049543850468,95.91410064697266,17964600,0.0,0.0
2023-01-10 00:00:00-05:00,97.08129569504956,97.5587889833158,95.50734008535152,97.34656524658203,15104600,0.0,0.0
2023-01-11 00:00:00-05:00,98.14239886024531,98.54915095045686,96.46233118588822,98.4784164428711,16710400,0.0,0.0
2023-01-12 00:00:00-05:00,98.8763280655401,100.57407774677766,98.80558680892415,100.11427307128906,15357300,0.0,0.0
2023-01-13 00:00:00-05:00,100.01700516527804,100.35301601359217,99.17697467136394,100.05237579345703,12011400,0.0,0.0
2023-01-17 00:00:00-05:00,100.28228994872825,100.87473284153928,99.62794339169764,99.85784912109375,16542200,0.0,0.0
2023-01-18 00:00:00-05:00,100.14963281276874,100.91008437308099,97.62069050684785,97.80638122558594,16399700,0.0,0.0
2023-01-19 00:00:00-05:00,97.32889727921012,99.15044076364445,96.89561889380009,98.4342041015625,12928000,0.0,0.0
2023-01-20 00:00:00-05:00,98.46957851874365,100.30881076101728,97.80639439981151,100.2292251586914,16515600,0.0,0.0
2023-01-23 00:00:00-05:00,100.48564541512701,101.32567583574678,99.60140002657697,99.70751190185547,16584400,0.0,0.0
2023-01-24 00:00:00-05:00,96.52422786485161,100.82165415816263,92.73081441652907,100.6359634399414,13583000,0.0,0.0
2023-01-25 00:00:00-05:00,100.12309639841354,100.49447779830548,98.49608156905582,100.10540771484375,11914700,0.0,0.0
2023-01-26 00:00:00-05:00,101.44062419152921,104.14641271197326,101.10460665231939,104.12873077392578,21019700,0.0,0.0
2023-01-27 00:00:00-05:00,103.41250100202728,104.04915879510422,102.03308028119878,102.22761535644531,15179200,0.0,0.0
2023-01-30 00:00:00-05:00,101.76781153009001,102.12151107994386,100.0523798446242,100.4149169921875,18672100,0.0,0.0
2023-01-31 00:00:00-05:00,99.12390384975248,102.92616160941232,97.64721571254422,102.58130645751953,27861800,0.0,0.0
2023-02-01 00:00:00-05:00,102.42215936405125,103.79273586110072,100.22038317993108,101.45832824707031,19464900,0.0,0.0
2023-02-02 00:00:00-05:00,101.55557180840442,101.75010685467252,97.11666335097199,98.28386688232422,24562100,0.0,0.0
2023-02-03 00:00:00-05:00,98.94705500001072,100.90123639392891,98.64640807603901,98.96473693847656,20226600,0.0,0.0
2023-02-06 00:00:00-05:00,99.35380215018348,99.99929743934703,97.54994093403444,98.7967300415039,13855200,0.0,0.0
2023-02-07 00:00:00-05:00,99.38034514716202,101.96234023066404,99.05317190345342,101.61748504638672,16013300,0.0,0.0
2023-02-08 00:00:00-05:00,101.73243217314736,102.42214248001505,100.6713336849798,100.73323059082031,18459700,0.0,0.0
2023-02-09 00:00:00-05:00,101.3522067539154,102.78467993593524,100.96313663225233,101.11345672607422,17439300,0.0,0.0
2023-02-10 00:00:00-05:00,103.02342962993534,105.78227085822293,102.71394510064111,105.37551879882812,24918600,0.0,0.0
2023-02-13 00:00:00-05:00,104.89435923738331,105.3042412346242,103.2726492490959,104.96564483642578,14536200,0.91,0.0
2023-02-14 00:00:00-05:00,104.26171522881944,104.97455082738382,103.37957123327398,103.73599243164062,12079000,0.0,0.0
2023-02-15 00:00:00-05:00,103.11225967442395,103.44194367199793,101.70439969022765,103.42412567138672,13663400,0.0,0.0
2023-02-16 00:00:00-05:00,102.7469240567879,104.056768016417,102.29249366937398,103.12117004394531,11360600,0.0,0.0
2023-02-17 00:00:00-05:00,101.74893233793173,101.74893233793173,98.88866460286074,99.15597534179688,20758300,0.0,0.0
2023-02-21 00:00:00-05:00,98.73718978597549,100.13613718465054,98.73718978597549,99.05796813964844,14469400,0.0,0.0
2023-02-22 00:00:00-05:00,98.4431513188423,98.87976366843766,96.80361671099551,97.77486419677734,13973800,0.0,0.0
2023-02-23 00:00:00-05:00,98.66591434595033,99.64606743849976,97.92634162774273,98.67481994628906,11289400,0.0,0.0
2023-02-24 00:00:00-05:00,97.41845749721823,98.87086594406027,97.14222748967994,98.68374633789062,14351000,0.0,0.0
2023-02-27 00:00:00-05:00,98.72829370043308,99.13817568114506,97.97980853700834,98.50553131103516,11710500,0.0,0.0
2023-02-28 00:00:00-05:00,99.12034766451602,99.22727605529569,97.32043060781936,97.93525695800781,18107000,0.0,0.0
2023-03-01 00:00:00-05:00,97.40062697684047,99.67280611490085,97.33825377844742,98.80848693847656,13200000,0.0,0.0
2023-03-02 00:00:00-05:00,98.56789903630954,99.53022733847845,98.1669226787516,99.2629165649414,10339900,0.0,0.0
2023-03-03 00:00:00-05:00,98.06000294447685,101.01828709551873,97.9708925534431,100.51929473876953,13006700,0.0,0.0
2023-03-06 00:00:00-05:00,99.78864458518112,101.43708501502884,99.681722982097,101.41035461425781,14347400,0.0,0.0
2023-03-07 00:00:00-05:00,100.51929948582668,100.8400778738256,99.0579787396843,99.45004272460938,11525300,0.0,0.0
2023-03-08 00:00:00-05:00,99.1114545684389,100.1717990185681,97.18678408058648,97.99764251708984,13509800,0.0,0.0
2023-03-09 00:00:00-05:00,98.79068097968684,100.00250909460553,97.1511460249623,97.24024963378906,12961200,0.0,0.0
2023-03-10 00:00:00-05:00,97.62339016857555,98.94214654302196,95.47596420792222,96.03732299804688,15795700,0.0,0.0
2023-03-13 00:00:00-04:00,93.86316283962391,96.10861166823248,92.41966681940171,94.93242645263672,20745600,0.0,0.0
2023-03-14 00:00:00-04:00,94.7631184769343,97.1333135479092,93.52456014375132,95.2888412475586,18263500,0.0,0.0
2023-03-15 00:00:00-04:00,91.61772642382849,92.84737251607261,89.3009986509107,90.54846954345703,25733800,0.0,0.0
2023-03-16 00:00:00-04:00,88.31193704777695,90.60193452395916,87.34068933162408,90.02275085449219,27465200,0.0,0.0
2023-03-17 00:00:00-04:00,89.63958667138633,90.53954865351506,88.33865509625915,88.96238708496094,43199500,0.0,0.0
2023-03-20 00:00:00-04:00,88.77525057079464,91.31474683640569,88.65941659444371,91.28800964355469,32042100,0.0,0.0
2023-03-21 00:00:00-04:00,92.82063770727655,95.5918025819718,92.78499490653365,95.3779525756836,31592300,0.0,0.0
2023-03-22 00:00:00-04:00,95.16409550041126,95.5026918850634,93.1681395960879,93.19486999511719,14952700,0.0,0.0
2023-03-23 00:00:00-04:00,93.88097643346251,94.7542011417865,91.27911350923645,92.1434326171875,14385900,0.0,0.0
2023-03-24 00:00:00-04:00,90.4147986887771,92.53549416486746,89.91581311750139,92.25035858154297,13401600,0.0,0.0
2023-03-27 00:00:00-04:00,93.32852366918979,94.87895470953121,92.58895774332753,94.27304077148438,14805900,0.0,0.0
2023-03-28 00:00:00-04:00,93.95227794354756,95.921496868355,93.72951552945392,95.4492416381836,11047600,0.0,0.0
2023-03-29 00:00:00-04:00,96.28682196935108,97.26698201235845,95.77892394623328,97.0887680053711,14219100,0.0,0.0
2023-03-30 00:00:00-04:00,97.61448749681699,97.632305497823,96.69670068803575,97.56101989746094,11578200,0.0,0.0
2023-03-31 00:00:00-04:00,97.7303271573111,98.16693958801257,97.1689683178378,97.71250915527344,14418000,0.0,0.0
2023-04-03 00:00:00-04:00,101.036103454132,104.11913394475476,100.79552307748536,103.47757720947266,28087700,0.0,0.0
2023-04-04 00:00:00-04:00,103.59342411420617,103.98548129923331,101.73112699219475,102.48851776123047,16365500,0.0,0.0
2023-04-05 00:00:00-04:00,102.78256808210702,104.25280125430143,101.85587569962185,104.24388885498047,16479500,0.0,0.0
2023-04-06 00:00:00-04:00,104.12803313492833,104.41316867019951,102.26573635912015,102.5152359008789,15778000,0.0,0.0
2023-04-10 00:00:00-04:00,102.27466388735765,103.52213458803585,101.73112313062049,102.0608139038086,13006600,0.0,0.0
2023-04-11 00:00:00-04:00,102.43506108549661,103.53996068477187,101.91825068651487,102.7825698852539,11758500,0.0,0.0
2023-04-12 00:00:00-04:00,103.50433566662164,103.887480508608,102.40834155235275,102.6756591796875,10919000,0.0,0.0
2023-04-13 00:00:00-04:00,102.11428056815093,103.26373534280415,101.69548617759872,103.15680694580078,12399700,0.0,0.0
2023-04-14 00:00:00-04:00,103.27264461309936,103.94984417726504,102.57762704905738,103.40630340576172,11530800,0.0,0.0
2023-04-17 00:00:00-04:00,102.90731438541017,103.81618876658746,101.9538916040066,102.20338439941406,13260400,0.0,0.0
2023-04-18 00:00:00-04:00,101.92716165547893,104.43992121747226,101.8469704558153,104.1993408203125,17436100,0.0,0.0
2023-04-19 00:00:00-04:00,103.43304699042855,104.1637074455372,103.15681697086725,103.86965942382812,10682600,0.0,0.0
2023-04-20 00:00:00-04:00,102.58653267274705,103.07661264656195,100.89354395920891,103.04096984863281,17038700,0.0,0.0
2023-04-21 00:00:00-04:00,103.79836650701868,104.14587530886092,102.7023793006452,103.37066650390625,14315300,0.0,0.0
2023-04-24 00:00:00-04:00,103.29046015595125,105.93687835467365,103.25481735887792,105.32205200195312,15831300,0.0,0.0
2023-04-25 00:00:00-04:00,104.74289062327883,104.91218543652329,103.03207010341016,103.82510375976562,12179800,0.0,0.0
2023-04-26 00:00:00-04:00,103.38849165118414,104.33300212166516,102.18557596180051,102.8716812133789,15566100,0.0,0.0
2023-04-27 00:00:00-04:00,103.02315679280434,104.26171518806339,102.36377519672466,104.10132598876953,16279200,0.0,0.0
2023-04-28 00:00:00-04:00,104.47556704699743,106.85466788038768,104.10132784137473,105.44680786132812,24381900,0.0,0.0
2023-05-01 00:00:00-04:00,103.35283614349954,104.5201156851399,101.9806190108613,102.17665100097656,17355000,0.0,0.0
2023-05-02 00:00:00-04:00,101.52617910377789,101.52617910377789,97.382797695725,98.10454559326172,24324100,0.0,0.0
2023-05-03 00:00:00-04:00,97.19569074727107,97.84615313991577,96.01950556235205,96.17098236083984,16212300,0.0,0.0
2023-05-04 00:00:00-04:00,96.14425312821218,96.90164392801576,94.37106632901671,94.48690032958984,17177200,0.0,0.0
2023-05-05 00:00:00-04:00,96.72342992359061,97.5075510685098,95.8145555892242,96.83926391601562,14968200,0.0,0.0
2023-05-08 00:00:00-04:00,98.46097810501533,98.8797724932595,97.16004654040351,97.22241973876953,11187800,0.0,0.0
2023-05-09 00:00:00-04:00,96.53630316199819,98.22039303403028,96.42046917002494,97.2491455078125,11370800,0.0,0.0
2023-05-10 00:00:00-04:00,97.78377760119977,98.02436479131863,95.08389850028637,96.00167846679688,14884800,0.0,0.0
2023-05-11 00:00:00-04:00,94.88786926395719,95.18191726123521,93.49783407416122,94.2641372680664,17165900,0.0,0.0
2023-05-12 00:00:00-04:00,94.72747367060649,95.35121242256007,93.36416897292719,94.25521850585938,12613300,0.0,0.0
2023-05-15 00:00:00-04:00,94.83044073617398,95.20792733140733,93.9945736426379,94.43497467041016,13715600,0.91,0.0
2023-05-16 00:00:00-04:00,94.039511287738,94.2012922413337,91.69369088917978,92.14308166503906,14795200,0.0,0.0
2023-05-17 00:00:00-04:00,92.92502348707713,94.57878509734566,92.43968062940567,94.21028137207031,14064700,0.0,0.0
2023-05-18 00:00:00-04:00,93.96761728927827,95.18996079130031,93.5901238128014,95.06412506103516,12005600,0.0,0.0
2023-05-19 00:00:00-04:00,95.78313665036698,96.21455475359926,95.10905057836277,95.5045166015625,13359600,0.0,0.0
2023-05-22 00:00:00-04:00,95.12704365539558,96.20558571693434,94.26421412046034,94.34510803222656,12882000,0.0,0.0
2023-05-23 00:00:00-04:00,95.26186731748098,97.26615345945062,95.04616163660836,95.63037109375,14394400,0.0,0.0
2023-05-24 00:00:00-04:00,96.51116208950495,97.52678964767736,95.92695955732621,96.69990539550781,16340300,0.0,0.0
2023-05-25 00:00:00-04:00,95.21692110753476,95.65732215399697,94.11141676639673,94.96526336669922,14316500,0.0,0.0
2023-05-26 00:00:00-04:00,95.6932804662803,96.12469180516813,94.21927915362097,94.34510803222656,12370300,0.0,0.0
2023-05-30 00:00:00-04:00,92.8351454172637,93.58113573578032,92.22397370020268,93.50923156738281,11938000,0.0,0.0
2023-05-31 00:00:00-04:00,91.93636804761347,92.61045422826227,91.44203543894065,91.8375015258789,24926100,0.0,0.0
2023-06-01 00:00:00-04:00,91.4510247828361,94.89335984298441,91.01062373337051,92.89806365966797,13551900,0.0,0.0
2023-06-02 00:00:00-04:00,94.51587008146024,95.3876824156491,93.94963332241716,95.05513763427734,14112000,0.0,0.0
2023-06-05 00:00:00-04:00,96.3403919230926,96.3403919230926,94.45294527279351,94.63270568847656,10628000,0.0,0.0
2023-06-06 00:00:00-04:00,93.6081069291888,95.51351957164312,93.45531569977682,95.40567016601562,12209800,0.0,0.0
2023-06-07 00:00:00-04:00,95.98089116962579,97.8683312227487,95.92696646607246,97.54476928710938,16027100,0.0,0.0
2023-06-08 00:00:00-04:00,97.76047729479522,98.09302897469408,95.18097834150674,97.23918914794922,13517100,0.0,0.0
2023-06-09 00:00:00-04:00,97.48184520645275,97.6166638091624,96.31343331634001,96.52014923095703,12251600,0.0,0.0
2023-06-12 00:00:00-04:00,95.10007339564658,96.22355033059999,94.87537800865589,95.64833068847656,14112000,0.0,0.0
2023-06-13 00:00:00-04:00,96.51116319020267,97.37399268055299,95.52250482774872,95.66631317138672,13533800,0.0,0.0
2023-06-14 00:00:00-04:00,96.57407281338719,97.16727191559242,93.82380352138556,94.515869140625,16627700,0.0,0.0
2023-06-15 00:00:00-04:00,94.82144993945623,96.19658456181193,94.7675252427862,95.1719741821289,16224100,0.0,0.0
2023-06-16 00:00:00-04:00,95.59439580492229,95.96289263460335,94.33610040040591,94.4888916015625,43128900,0.0,0.0
2023-06-20 00:00:00-04:00,94.08444099184157,94.16532802964313,91.78356271004371,92.32283020019531,17514100,0.0,0.0
2023-06-21 00:00:00-04:00,92.12509702008506,94.03949900665721,91.97230582196484,93.35643005371094,13285700,0.0,0.0
2023-06-22 00:00:00-04:00,92.43069354184057,93.37441693498566,92.25992970608648,92.8441390991211,12455300,0.0,0.0
2023-06-23 00:00:00-04:00,92.20601166351726,92.41273447245682,91.33419917120408,92.03524780273438,17933600,0.0,0.0
2023-06-26 00:00:00-04:00,91.85546793678613,94.29117187266951,91.85546793678613,93.73392486572266,14283400,0.0,0.0
2023-06-27 00:00:00-04:00,93.51823004087315,94.02154555236666,92.8171746192306,93.96762084960938,13227500,0.0,0.0
2023-06-28 00:00:00-04:00,93.75191467585614,95.10907693019057,92.75426646429932,94.7315902709961,13084100,0.0,0.0
2023-06-29 00:00:00-04:00,94.96525951253912,95.92695547293552,94.48889954282299,95.89998626708984,11364400,0.0,0.0
2023-06-30 00:00:00-04:00,96.45724732755836,96.96056286208787,95.99886676166336,96.39433288574219,13544700,0.0,0.0
2023-07-03 00:00:00-04:00,96.61003119821329,97.48185043774107,96.23254457609592,96.58306884765625,7397000,0.0,0.0
2023-07-05 00:00:00-04:00,96.73586211570444,96.99650960519409,95.36072735097176,96.0887451171875,12491200,0.0,0.0
2023-07-06 00:00:00-04:00,94.45293270007792,95.01916936265886,92.06217777557802,92.50257873535156,17961400,0.0,0.0
2023-07-07 00:00:00-04:00,91.60382097959206,93.47328839317383,91.28025904811985,92.71831512451172,21929200,0.0,0.0
2023-07-10 00:00:00-04:00,92.54753942557862,94.147369524166,92.34980638289314,94.09344482421875,14877600,0.0,0.0
2023-07-11 00:00:00-04:00,94.60573957452534,95.41464427000291,94.20128379820734,95.2438735961914,12576500,0.0,0.0
2023-07-12 00:00:00-04:00,96.16961550759547,96.75382482369945,95.38767317461092,95.71123504638672,13238200,0.0,0.0
2023-07-13 00:00:00-04:00,95.24388370795724,95.47756883527342,92.86211118508017,93.95862579345703,26826800,0.0,0.0
2023-07-14 00:00:00-04:00,93.51822609243841,93.51822609243841,90.35451109250127,90.72301483154297,28181900,0.0,0.0
2023-07-17 00:00:00-04:00,90.52526183347891,91.37910140296209,90.07587114277035,91.11845397949219,18051300,0.0,0.0
2023-07-18 00:00:00-04:00,90.70501708984375,91.85545618276507,90.18372223300194,90.70501708984375,24617800,0.0,0.0
2023-07-19 00:00:00-04:00,90.82187753475763,92.03523124466238,90.59718214932495,91.33418273925781,15556500,0.0,0.0
2023-07-20 00:00:00-04:00,92.16105839811495,93.16769617471131,91.99927744932552,92.94300079345703,15740200,0.0,0.0
2023-07-21 00:00:00-04:00,93.61709503878014,93.81482123138156,92.80819022483087,93.37442016601562,17121500,0.0,0.0
2023-07-24 00:00:00-04:00,93.79683357754723,95.41464294605404,93.43731962263922,94.83941650390625,15090900,0.0,0.0
2023-07-25 00:00:00-04:00,94.42598358405003,95.3517274455158,93.9586202143282,94.98323059082031,14116100,0.0,0.0
2023-07-26 00:00:00-04:00,94.47093662572948,95.01919396249619,94.04850816718861,94.45295715332031,15159600,0.0,0.0
2023-07-27 00:00:00-04:00,95.27084481324918,96.1606366325382,94.13837813414375,94.74954986572266,17677900,0.0,0.0
2023-07-28 00:00:00-04:00,94.47092803636613,94.51586985614333,91.96332672172755,93.6170883178711,17566400,0.0,0.0
2023-07-31 00:00:00-04:00,94.54283216187589,96.94257722224627,94.54283216187589,96.38533020019531,24197000,0.0,0.0
2023-08-01 00:00:00-04:00,96.12467953923134,96.45723116577365,94.84841144356957,95.82808685302734,14177400,0.0,0.0
2023-08-02 00:00:00-04:00,95.50452484735288,95.612374239604,93.98558190633503,94.63270568847656,13484100,0.0,0.0
2023-08-03 00:00:00-04:00,95.1719918508069,96.96056547971855,94.6417139493489,96.27749633789062,16280400,0.0,0.0
2023-08-04 00:00:00-04:00,97.03246203409134,98.18290140060732,96.46623208696036,96.547119140625,14279600,0.0,0.0
2023-08-07 00:00:00-04:00,96.97851634105851,97.44587966111199,95.72921071903076,96.349365234375,12410800,0.0,0.0
2023-08-08 00:00:00-04:00,95.30679402335704,96.84370961291643,94.22825207578562,96.82573699951172,14065600,0.0,0.0
2023-08-09 00:00:00-04:00,97.70653424185573,99.24344975567836,97.3470202770482,98.47049713134766,19919600,0.0,0.0
2023-08-10 00:00:00-04:00,99.0367379795382,100.3309787067306,98.36265183888175,98.97382354736328,15837200,0.0,0.0
2023-08-11 00:00:00-04:00,99.19852194990123,100.7264478390776,98.91091212874478,100.5107421875,14047000,0.0,0.0
2023-08-14 00:00:00-04:00,100.37591576415251,100.64555295048797,99.56701106230463,100.59162139892578,12973400,0.0,0.0
2023-08-15 00:00:00-04:00,100.35603281514209,100.45570978906649,97.8369389214972,98.00910949707031,14909600,0.91,0.0
2023-08-16 00:00:00-04:00,98.11784083552955,99.06930032454547,96.3055423142575,96.35990905761719,13695100,0.0,0.0
2023-08-17 00:00:00-04:00,97.33854847291556,99.81233890877247,97.33854847291556,98.22657775878906,16709500,0.0,0.0
2023-08-18 00:00:00-04:00,97.5379096792421,99.8576496649821,97.51978973520309,99.7126693725586,16224000,0.0,0.0
2023-08-21 00:00:00-04:00,100.00263208573435,100.56444711124797,97.99097963850673,98.50748443603516,11092400,0.0,0.0
2023-08-22 00:00:00-04:00,98.92430654066841,99.42269136619707,97.81880341012833,97.95472717285156,10518800,0.0,0.0
2023-08-23 00:00:00-04:00,96.99421036488773,97.22981109060858,95.79809370769145,97.09388732910156,11435600,0.0,0.0
2023-08-24 00:00:00-04:00,96.43239531580625,97.65569534185502,96.11524448140393,96.36896514892578,10818500,0.0,0.0
2023-08-25 00:00:00-04:00,97.34761038649393,98.70683420819121,96.61363173505575,98.09065246582031,13579300,0.0,0.0
2023-08-28 00:00:00-04:00,98.27188823202248,99.71266920535982,98.2628317167034,98.9152603149414,10382100,0.0,0.0
2023-08-29 00:00:00-04:00,99.36832509336723,99.69453244671816,98.2446951020538,99.50424194335938,9665000,0.0,0.0
2023-08-30 00:00:00-04:00,100.07511499046161,100.70941663424757,99.65828720834949,100.47381591796875,11922100,0.0,0.0
2023-08-31 00:00:00-04:00,100.69133055647671,100.96317124664931,100.23825582615066,100.7547607421875,17479800,0.0,0.0
2023-09-01 00:00:00-04:00,101.66994917390052,103.13791353563354,101.66994917390052,102.8660659790039,14843500,0.0,0.0
2023-09-05 00:00:00-04:00,103.39163452807253,104.95927587079336,102.84794632664105,102.87512969970703,18304000,0.0,0.0
2023-09-06 00:00:00-04:00,102.82982801087681,103.83564739710015,102.60329068057854,103.7631607055664,13325500,0.0,0.0
2023-09-07 00:00:00-04:00,103.89001542558105,104.97739178671779,103.0291694690917,103.25570678710938,13248500,0.0,0.0
2023-09-08 00:00:00-04:00,103.78127533689594,105.15862610608187,103.59098481879204,104.75991821289062,14283200,0.0,0.0
2023-09-11 00:00:00-04:00,105.27641754345265,105.72949215727138,102.91136750624933,103.44599914550781,14383600,0.0,0.0
2023-09-12 00:00:00-04:00,104.51525573326576,106.6265852370249,104.45182555953512,106.4634780883789,20145800,0.0,0.0
2023-09-13 00:00:00-04:00,106.39098982977431,106.88936778362799,105.02270248706232,105.51202392578125,13472800,0.0,0.0
2023-09-14 00:00:00-04:00,106.51784585460145,107.52367206338413,106.31849191579839,107.39680480957031,15210700,0.0,0.0
2023-09-15 00:00:00-04:00,106.83500292751211,107.38775454879507,105.56639253582382,105.74761962890625,34568400,0.0,0.0
2023-09-18 00:00:00-04:00,106.49971878275336,107.14308391180728,105.74761325638057,106.59939575195312,14045300,0.0,0.0
2023-09-19 00:00:00-04:00,107.48742239187635,107.68676941198231,105.6660605336479,106.31848907470703,12562900,0.0,0.0
2023-09-20 00:00:00-04:00,105.60263701740841,106.94373406884836,105.40328307137456,105.47577667236328,11879900,0.0,0.0
2023-09-21 00:00:00-04:00,106.00135296070617,106.35475065065532,103.844713104393,103.98970031738281,14400600,0.0,0.0
2023-09-22 00:00:00-04:00,104.85053342447787,105.72949934114743,104.03499768151795,104.15280151367188,13197300,0.0,0.0
2023-09-25 00:00:00-04:00,104.28871505033207,105.70231259750297,104.05312122027877,105.32173156738281,11316000,0.0,0.0
2023-09-26 00:00:00-04:00,104.6602336648645,105.77480023408735,104.5424367564791,105.48483276367188,11805400,0.0,0.0
2023-09-27 00:00:00-04:00,106.8259409948495,109.19099123355889,106.38192977122027,108.91914367675781,23976200,0.0,0.0
2023-09-28 00:00:00-04:00,108.71979799911327,109.37221969954325,107.09778989351744,108.25765991210938,16808100,0.0,0.0
2023-09-29 00:00:00-04:00,107.92237248153056,107.99486607952304,105.77480321962082,106.54502868652344,18813600,0.0,0.0
2023-10-02 00:00:00-04:00,106.49971527277842,106.7353160025194,103.79939450537184,104.77803039550781,14395000,0.0,0.0
2023-10-03 00:00:00-04:00,104.60586901700265,105.5120182443478,104.23434451537355,104.95926666259766,13297100,0.0,0.0
2023-10-04 00:00:00-04:00,103.34632795628143,103.3825678436478,100.12949525294282,101.03564453125,19622200,0.0,0.0
2023-10-05 00:00:00-04:00,99.49520088075695,100.4919637779275,98.49843107021556,98.76121520996094,20128800,0.0,0.0
2023-10-06 00:00:00-04:00,95.80716453403502,98.10877757625113,95.24534950265924,97.11201477050781,25367500,0.0,0.0
2023-10-09 00:00:00-04:00,100.07512304243798,101.55214379659074,99.2414604977684,100.51007080078125,22369900,0.0,0.0
2023-10-10 00:00:00-04:00,100.60068753956887,100.99033199688212,99.78515873840313,100.08418273925781,13892000,0.0,0.0
2023-10-11 00:00:00-04:00,96.92171795287062,97.11200845595435,94.99162263870438,96.4958267211914,57939000,0.0,0.0
2023-10-12 00:00:00-04:00,97.49260501296384,97.7191423499175,96.13338099124181,96.47772216796875,31183000,0.0,0.0
2023-10-13 00:00:00-04:00,97.89129848935085,99.8576406246641,97.71912792640006,99.5586166381836,30276500,0.0,0.0
2023-10-16 00:00:00-04:00,100.12949601724083,100.29260316511595,98.88806900767075,99.63111114501953,18452000,0.0,0.0
2023-10-17 00:00:00-04:00,99.43176230054604,101.30749101029969,99.38645207176101,100.93596649169922,19775400,0.0,0.0
2023-10-18 00:00:00-04:00,101.32560979607649,102.74826385520615,101.21686939625702,102.34955596923828,23380300,0.0,0.0
2023-10-19 00:00:00-04:00,102.14115373338979,103.27384039754932,100.88160671591405,102.41299438476562,20972500,0.0,0.0
2023-10-20 00:00:00-04:00,102.32237110717745,102.68483218792579,100.39227570374482,100.65505981445312,22445300,0.0,0.0
2023-10-23 00:00:00-04:00,100.24729601674534,100.54632694926924,98.48030762159607,99.17803955078125,18185000,0.0,0.0
2023-10-24 00:00:00-04:00,99.40457503328956,99.51331543765295,97.97286439937595,98.21752166748047,16786100,0.0,0.0
2023-10-25 00:00:00-04:00,98.33531250550148,99.22334180278825,97.98191485488992,98.39874267578125,22047300,0.0,0.0
2023-10-26 00:00:00-04:00,97.36573181169958,98.17220407178561,96.50489281019605,97.50165557861328,18768300,0.0,0.0
2023-10-27 00:00:00-04:00,98.67059347135456,99.54955936951963,95.10942656321,95.64405822753906,23092000,0.0,0.0
2023-10-30 00:00:00-04:00,95.81622436876351,96.43240616494147,95.33596634929859,95.94308471679688,19379900,0.0,0.0
2023-10-31 00:00:00-04:00,95.67122869723546,96.19679686224119,94.72883275378811,95.91588592529297,22185200,0.0,0.0
2023-11-01 00:00:00-04:00,96.53207343342139,97.1120083699352,95.56249406330895,95.72560119628906,28984900,0.0,0.0
2023-11-02 00:00:00-04:00,95.94309150300508,98.94245057803877,95.59875723589786,98.86995697021484,25212700,0.0,0.0
2023-11-03 00:00:00-04:00,98.22660244419227,98.57093674876754,96.54116390242858,97.66478729248047,30555600,0.0,0.0
2023-11-06 00:00:00-05:00,98.01817565708177,98.10878921137372,95.84341578721983,95.93403625488281,19097300,0.0,0.0
2023-11-07 00:00:00-05:00,94.66541030371444,95.0188079471324,93.59615394549937,94.4298095703125,20272500,0.0,0.0
2023-11-08 00:00:00-05:00,93.99486540776901,95.0550583785427,93.23369643744445,93.26994323730469,19184100,0.0,0.0
2023-11-09 00:00:00-05:00,93.94049191356714,94.2123394563034,93.20651322689751,93.29712677001953,18380500,0.0,0.0
2023-11-10 00:00:00-05:00,94.17610001459842,94.61105473428651,93.25183074114598,94.01299285888672,17825500,0.0,0.0
2023-11-13 00:00:00-05:00,94.284842374133,95.27254184450476,94.06736155310273,95.00069427490234,15308400,0.0,0.0
2023-11-14 00:00:00-05:00,95.37560901438927,95.85111232279556,94.98240153804662,95.36646270751953,18260500,0.95,0.0
2023-11-15 00:00:00-05:00,95.06470118366416,96.15288151741152,94.64406174642619,94.79037475585938,20137600,0.0,0.0
2023-11-16 00:00:00-05:00,94.09539270038407,94.4337292925388,92.49513094349518,93.69303894042969,22469100,0.0,0.0
2023-11-17 00:00:00-05:00,94.24169006112763,96.4089040100744,93.95821737988591,95.97911834716797,22984900,0.0,0.0
2023-11-20 00:00:00-05:00,96.36320286209174,96.82042057595426,95.49449199638842,95.55850219726562,17458800,0.0,0.0
2023-11-21 00:00:00-05:00,95.29330279365193,95.7413741419933,94.38801379042695,95.52191162109375,14989000,0.0,0.0
2023-11-22 00:00:00-05:00,93.80278495608295,95.21101630851845,93.21754685852383,95.11042785644531,18072000,0.0,0.0
2023-11-24 00:00:00-05:00,95.11955536076056,96.44549071114461,95.01897389778149,95.62249755859375,9480800,0.0,0.0
2023-11-27 00:00:00-05:00,95.1927176553086,95.46705104839516,94.3514388155055,95.064697265625,18013500,0.0,0.0
2023-11-28 00:00:00-05:00,95.32073130552365,95.93340824322046,94.99153404773023,95.00982666015625,20629500,0.0,0.0
2023-11-29 00:00:00-05:00,95.34816576894262,95.63164545634227,92.94320343879916,93.58330535888672,26802100,0.0,0.0
2023-11-30 00:00:00-05:00,94.28741733894866,95.54019611848362,93.09864874659652,93.9490737915039,29254700,0.0,0.0
2023-12-01 00:00:00-05:00,93.72962485290692,95.30245479596103,93.47358406712381,94.17769622802734,17845300,0.0,0.0
2023-12-04 00:00:00-05:00,93.3912854841051,94.51604410295396,92.89748952777548,93.66561889648438,21523900,0.0,0.0
2023-12-05 00:00:00-05:00,93.51930534059174,93.583315539564,91.7087271544689,91.84589385986328,22250300,0.0,0.0
2023-12-06 00:00:00-05:00,91.4435390167588,92.1019336139336,89.92557292031819,90.62969207763672,31154800,0.0,0.0
2023-12-07 00:00:00-05:00,91.31552277476625,92.21166559101204,89.69696815364215,89.99873352050781,29990700,0.0,0.0
2023-12-08 00:00:00-05:00,90.54738685281782,91.25150599138098,90.30049237374789,91.03204345703125,22074900,0.0,0.0
2023-12-11 00:00:00-05:00,91.26065272282312,91.3155166125186,90.14504045509337,91.09605407714844,22252300,0.0,0.0
2023-12-12 00:00:00-05:00,90.23647686682177,90.23647686682177,89.13915728306176,89.66038513183594,26084000,0.0,0.0
2023-12-13 00:00:00-05:00,89.65124723748455,90.55653632786162,89.30376429789246,90.45594787597656,19915400,0.0,0.0
2023-12-14 00:00:00-05:00,91.30637509749519,93.40043304203226,91.1875010047199,92.88835144042969,26165700,0.0,0.0
2023-12-15 00:00:00-05:00,91.98305318096706,92.35797504227735,91.7270123862129,92.26653289794922,55527000,0.0,0.0
2023-12-18 00:00:00-05:00,93.39128715630663,94.28743693974812,92.83348099064595,92.95236206054688,21610400,0.0,0.0
2023-12-19 00:00:00-05:00,93.27240717069762,94.36058748686396,93.08037658136028,94.17769622802734,18904700,0.0,0.0
2023-12-20 00:00:00-05:00,94.64404435972864,95.04639808516673,92.47683039760122,92.60485076904297,20988900,0.0,0.0
2023-12-21 00:00:00-05:00,92.7877651570058,93.28156113149817,92.18423441820777,93.02552032470703,19250900,0.0,0.0
2023-12-22 00:00:00-05:00,93.55589312792738,94.13199195397537,93.1078216894594,93.19012451171875,12927800,0.0,0.0
2023-12-26 00:00:00-05:00,93.94908092819286,94.21426800283399,93.38213550624563,93.40042114257812,16835100,0.0,0.0
2023-12-27 00:00:00-05:00,93.30897734261875,93.77534129153335,92.66886845700137,92.96149444580078,14558800,0.0,0.0
2023-12-28 00:00:00-05:00,92.7146063921377,92.91578330017664,91.56241581301647,91.6172866821289,16329300,0.0,0.0
2023-12-29 00:00:00-05:00,91.78189173060001,91.9830616760656,91.09606511991683,91.42526245117188,17746400,0.0,0.0
2024-01-02 00:00:00-05:00,92.28482658747174,94.27829620473229,92.2208163831987,93.60161590576172,23483000,0.0,0.0
2024-01-03 00:00:00-05:00,93.5193131171824,94.75380659179763,92.96151389494814,94.38803100585938,23490800,0.0,0.0
2024-01-04 00:00:00-05:00,95.17444126992494,95.62251267737382,93.31813846247665,93.56503295898438,19395200,0.0,0.0
2024-01-05 00:00:00-05:00,94.34229906873207,94.55262228160166,93.39128541024807,93.84850311279297,15827400,0.0,0.0
2024-01-08 00:00:00-05:00,92.11108257158992,92.39455531818994,90.4376640850528,92.28482055664062,23370100,0.0,0.0
2024-01-09 00:00:00-05:00,92.62314943027255,92.62314943027255,90.70283675662496,91.14176177978516,19496600,0.0,0.0
2024-01-10 00:00:00-05:00,91.26065216967724,91.26065216967724,89.76097872999239,90.2456283569336,18206100,0.0,0.0
2024-01-11 00:00:00-05:00,90.56569197127273,90.98633146043176,90.12675986538247,90.22734832763672,15833400,0.0,0.0
2024-01-12 00:00:00-05:00,91.57154155361317,92.03790546508617,90.68453828189303,91.39779663085938,18041700,0.0,0.0
2024-01-16 00:00:00-05:00,91.27895240166615,91.45269738121277,89.18489424491152,89.33120727539062,20235700,0.0,0.0
2024-01-17 00:00:00-05:00,88.334448293516,89.57808085554377,88.31616265727484,88.68193817138672,18384000,0.0,0.0
2024-01-18 00:00:00-05:00,88.70024117713358,88.7825370212156,87.62120703632756,88.5173568725586,20940300,0.0,0.0
2024-01-19 00:00:00-05:00,88.44419425995042,88.71852069789213,88.16072151443409,88.65451049804688,20088400,0.0,0.0
2024-01-22 00:00:00-05:00,88.42590214011099,88.79167770267068,87.57547692220986,88.53563690185547,19955900,0.0,0.0
2024-01-23 00:00:00-05:00,88.52650210777591,90.07190039787241,88.45335256702118,89.53238677978516,15863400,0.0,0.0
2024-01-24 00:00:00-05:00,89.90728266599925,91.12348334685854,89.37690849255246,91.0777587890625,17330600,0.0,0.0
2024-01-25 00:00:00-05:00,91.72701653947804,93.43701331985284,91.09606083143325,93.39128875732422,22089500,0.0,0.0
2024-01-26 00:00:00-05:00,93.24497654960373,94.2600003766434,92.53171807148684,94.18684387207031,20817200,0.0,0.0
2024-01-29 00:00:00-05:00,94.1685653619353,94.36973529985563,93.14439515015646,94.30572509765625,18317500,0.0,0.0
2024-01-30 00:00:00-05:00,93.64732264580415,95.9059719818741,93.36384295804633,95.8785400390625,19610900,0.0,0.0
2024-01-31 00:00:00-05:00,95.77796024198057,95.90598063771411,93.97652141783081,94.01309967041016,22415300,0.0,0.0
2024-02-01 00:00:00-05:00,94.708062236221,95.11041599433223,92.9249162202054,93.6290283203125,19240700,0.0,0.0
2024-02-02 00:00:00-05:00,94.87267377167272,95.10128262413458,92.91578255272627,93.24497985839844,21973400,0.0,0.0
2024-02-05 00:00:00-05:00,92.76945939604322,93.6198845132892,91.90074864229838,92.86090850830078,17190900,0.0,0.0
2024-02-06 00:00:00-05:00,93.3364160671064,94.22341947449192,92.87919839126545,93.50101470947266,13347900,0.0,0.0
2024-02-07 00:00:00-05:00,93.50101898168259,93.93995104024414,92.52257338973976,93.47358703613281,13826800,0.0,0.0
2024-02-08 00:00:00-05:00,93.5833183268189,95.48534569091298,93.37300208532683,95.0738525390625,19636900,0.0,0.0
2024-02-09 00:00:00-05:00,95.19272417879294,95.86940442443407,92.99807781346694,93.06208801269531,20410500,0.0,0.0
2024-02-12 00:00:00-05:00,93.41871811115655,94.55261598450683,93.27240510732399,94.34229278564453,18173100,0.0,0.0
2024-02-13 00:00:00-05:00,94.84068464207732,95.1452474618783,92.84714414105372,93.53011322021484,18917400,0.95,0.0
2024-02-14 00:00:00-05:00,94.01927710536295,94.71147751694474,92.68101875144879,93.06864929199219,17651300,0.0,0.0
2024-02-15 00:00:00-05:00,92.84714393833214,95.92974666008963,92.84714393833214,95.73593139648438,23196300,0.0,0.0
2024-02-16 00:00:00-05:00,95.99435174795806,96.5665662286708,95.54210909145264,95.73593139648438,20151400,0.0,0.0
2024-02-20 00:00:00-05:00,95.83743820457046,96.09586557202266,94.7391518189582,94.8314437866211,17650000,0.0,0.0
2024-02-21 00:00:00-05:00,95.08064449584977,96.88960108333988,95.05295760628873,96.76961517333984,20991300,0.0,0.0
2024-02-22 00:00:00-05:00,96.13278745702674,97.28645470065604,95.47749826619038,96.6865463256836,20470700,0.0,0.0
2024-02-23 00:00:00-05:00,95.87436631928713,96.06818158385948,94.95143246431793,95.83744812011719,15975900,0.0,0.0
2024-02-26 00:00:00-05:00,95.72669703162295,96.85267741976382,95.10833306155419,96.21585083007812,13360800,0.0,0.0
2024-02-27 00:00:00-05:00,96.61271817960227,97.04649822686518,95.84668137449657,96.01280975341797,16360000,0.0,0.0
2024-02-28 00:00:00-05:00,96.41889802529249,97.30491365416758,95.98511800001039,96.28045654296875,14810500,0.0,0.0
2024-02-29 00:00:00-05:00,96.6127149089339,96.97265854417384,96.18816618637977,96.46504211425781,17566100,0.0,0.0
2024-03-01 00:00:00-05:00,97.57257915276034,98.19094321459143,97.25877794554198,97.6833267211914,18460100,0.0,0.0
2024-03-04 00:00:00-05:00,97.51719198018317,97.69254461993356,96.01280532888056,96.31737518310547,18138000,0.0,0.0
2024-03-05 00:00:00-05:00,96.47426881166503,98.08017164914092,96.28045355898915,97.49872589111328,19952700,0.0,0.0
2024-03-06 00:00:00-05:00,98.40319917629319,99.27998342415087,97.96941918621123,98.54163360595703,20472800,0.0,0.0
2024-03-07 00:00:00-05:00,98.38475775205058,99.65841111073345,98.38475775205058,99.09542083740234,15195400,0.0,0.0
2024-03-08 00:00:00-05:00,98.96618919280718,100.0460199912606,98.54163347100044,100.02755737304688,16281500,0.0,0.0
2024-03-11 00:00:00-04:00,99.90759957560354,100.71055464290325,99.06772630552173,100.61825561523438,17577300,0.0,0.0
2024-03-12 00:00:00-04:00,100.65514454743779,100.85819108297973,99.70452398687789,99.97217559814453,14957200,0.0,0.0
2024-03-13 00:00:00-04:00,100.72899984319686,101.84574895691982,100.70131295432027,101.08894348144531,17122200,0.0,0.0
2024-03-14 00:00:00-04:00,101.36582931394898,102.95327670765629,101.23661913459388,102.87944030761719,22121000,0.0,0.0
2024-03-15 00:00:00-04:00,102.30721657717463,103.64547489385657,102.30721657717463,102.6948471069336,38264400,0.0,0.0
2024-03-18 00:00:00-04:00,103.1747714508918,104.16231034580095,102.53794486882171,103.64546966552734,16770500,0.0,0.0
2024-03-19 00:00:00-04:00,103.5716249106406,104.7437476563422,103.42395213309598,104.37457275390625,14878800,0.0,0.0
2024-03-20 00:00:00-04:00,104.03309857106117,104.66069383375276,103.48856397009259,104.28228759765625,16119700,0.0,0.0
2024-03-21 00:00:00-04:00,104.2176795589364,105.13138906054117,103.89465414790605,104.7437515258789,14878000,0.0,0.0
2024-03-22 00:00:00-04:00,104.73452725801079,104.928342504629,104.12538759027427,104.7437515258789,14701900,0.0,0.0
2024-03-25 00:00:00-04:00,105.05755613796572,106.8572742312929,105.05755613796572,105.81436157226562,14011700,0.0,0.0
2024-03-26 00:00:00-04:00,105.82360013752285,106.11893869209851,104.66993280848877,105.02064514160156,13152300,0.0,0.0
2024-03-27 00:00:00-04:00,104.73453363531517,106.19276372839057,104.66992854917528,106.10970306396484,12415700,0.0,0.0
2024-03-28 00:00:00-04:00,106.62655522164303,107.47565274264497,106.1927751502931,107.2818374633789,18482100,0.0,0.0
2024-04-01 00:00:00-04:00,107.43872566594041,108.20475535867473,106.48809794928158,107.9740219116211,13817000,0.0,0.0
2024-04-02 00:00:00-04:00,108.83237180141629,110.38290114909681,108.28784414025748,110.08756256103516,19919600,0.0,0.0
2024-04-03 00:00:00-04:00,110.27213881063592,110.521327850359,109.57993842743952,110.10601043701172,16504300,0.0,0.0
2024-04-04 00:00:00-04:00,109.87526553424573,110.64129519372962,109.49685931761846,110.4936294555664,18467400,0.0,0.0
2024-04-05 00:00:00-04:00,110.73359451257194,112.73635906174569,110.41979337577739,112.01647186279297,21720600,0.0,0.0
2024-04-08 00:00:00-04:00,111.7488278669607,112.35796052253859,110.94587291402607,111.25967407226562,17513900,0.0,0.0
2024-04-09 00:00:00-04:00,111.67498949368535,112.27489787032506,111.06584980747164,111.84111785888672,14132300,0.0,0.0
2024-04-10 00:00:00-04:00,111.8780452270271,113.03171256843527,111.42580960079455,112.78251647949219,17409200,0.0,0.0
2024-04-11 00:00:00-04:00,113.234755637888,113.234755637888,111.0658554701158,112.40411376953125,17555900,0.0,0.0
2024-04-12 00:00:00-04:00,113.47470785812295,114.21305771446366,110.44748612169302,111.09354400634766,21556200,0.0,0.0
2024-04-15 00:00:00-04:00,111.75806689137731,112.31183288592587,110.24445580017938,110.45673370361328,15029500,0.0,0.0
2024-04-16 00:00:00-04:00,110.34596242256414,110.95510210795251,108.83235156008075,109.54301452636719,18082200,0.0,0.0
2024-04-17 00:00:00-04:00,109.41381102414776,110.15215388124936,108.09401533349167,109.48764038085938,14538600,0.0,0.0
2024-04-18 00:00:00-04:00,109.82911971062371,110.4936331581901,108.87849904479857,109.3861083984375,13821400,0.0,0.0
2024-04-19 00:00:00-04:00,109.97679757925351,111.61038734551809,109.78297528023154,110.64130401611328,21572400,0.0,0.0
2024-04-22 00:00:00-04:00,110.06908828070878,112.20106313104158,109.30305152757214,111.2688980102539,16340700,0.0,0.0
2024-04-23 00:00:00-04:00,110.75206175831984,111.73036938392853,110.24444532535696,111.70268249511719,13929800,0.0,0.0
2024-04-24 00:00:00-04:00,111.02895282282935,111.91496853651155,110.18907958005417,111.72115325927734,12101200,0.0,0.0
2024-04-25 00:00:00-04:00,111.70267789249316,112.37642267198943,110.19829831717631,111.97956085205078,16041000,0.0,0.0
2024-04-26 00:00:00-04:00,109.82912232275095,109.92141429456888,107.2633674825115,108.86927032470703,27289500,0.0,0.0
2024-04-29 00:00:00-04:00,108.68470180619401,110.79822135548949,108.68470180619401,110.41981506347656,17309900,0.0,0.0
2024-04-30 00:00:00-04:00,109.93064832260272,110.93664281071933,108.88773563656079,109.15538024902344,21083300,0.0,0.0
2024-05-01 00:00:00-04:00,109.16459828774373,109.33995794621401,106.74651646972391,107.08799743652344,27777700,0.0,0.0
2024-05-02 00:00:00-04:00,107.30030008507684,108.22323401001643,106.96804330878442,107.2818374633789,25513600,0.0,0.0
2024-05-03 00:00:00-04:00,107.06031799316406,107.12492307581326,105.33442929749887,107.06031799316406,28023300,0.0,0.0
2024-05-06 00:00:00-04:00,107.67868893278356,109.21998674862637,107.4294998953453,107.75252532958984,31401300,0.0,0.0
2024-05-07 00:00:00-04:00,108.24168126227006,108.51856423501962,106.99572196775,107.21722412109375,30122000,0.0,0.0
2024-05-08 00:00:00-04:00,106.79267546645866,107.93711147451677,106.5157995349458,107.19876861572266,18957200,0.0,0.0
2024-05-09 00:00:00-04:00,107.24491698847129,109.39535467794686,107.23569271924485,109.31229400634766,17564000,0.0,0.0
2024-05-10 00:00:00-04:00,109.40457361924759,109.51532821028475,108.51855801522845,108.86927032470703,13648100,0.0,0.0
2024-05-13 00:00:00-04:00,109.29382657718672,109.86604810826327,108.09401677782996,108.82313537597656,15060600,0.0,0.0
2024-05-14 00:00:00-04:00,108.66495800416332,109.54886396936223,108.37652687631063,109.48373413085938,15079100,0.95,0.0
2024-05-15 00:00:00-04:00,109.42790296375618,110.57232820328069,108.00434580801523,110.3304214477539,18244300,0.0,0.0
2024-05-16 00:00:00-04:00,110.29320162128532,111.00033059206716,109.36277138027427,109.66981506347656,15745200,0.0,0.0
2024-05-17 00:00:00-04:00,110.06990016529521,111.49345729586055,109.75355019260326,111.3166732788086,15104500,0.0,0.0
2024-05-20 00:00:00-04:00,111.4004226243749,111.54928778066761,110.30251458956432,110.4141616821289,11551300,0.0,0.0
2024-05-21 00:00:00-04:00,110.16296179315987,111.13990946297486,109.58609238434958,109.6512222290039,14495000,0.0,0.0
2024-05-22 00:00:00-04:00,109.28834641774027,109.28834641774027,106.96227057767611,107.44609832763672,17879300,0.0,0.0
2024-05-23 00:00:00-04:00,107.55773981442049,109.33486507086883,105.4735779580506,105.61314392089844,15979800,0.0,0.0
2024-05-24 00:00:00-04:00,106.85061301842222,107.0739214030456,105.17584272546627,105.52940368652344,12212900,0.0,0.0
2024-05-28 00:00:00-04:00,105.6224517986824,107.10183976873613,105.2037609743274,106.86923217773438,13978300,0.0,0.0
2024-05-29 00:00:00-04:00,106.56218886038758,106.5808014429661,104.96184749241233,105.72480010986328,13902000,0.0,0.0
2024-05-30 00:00:00-04:00,105.38984243139542,106.19001309884466,105.10141129497309,106.05975341796875,14683700,0.0,0.0
2024-05-31 00:00:00-04:00,106.18071368454889,109.3162594087373,106.05975319640238,109.10226440429688,29037400,0.0,0.0
2024-06-03 00:00:00-04:00,108.20904896178895,108.26487250938224,105.84575509920008,106.48774719238281,19589300,0.0,0.0
2024-06-04 00:00:00-04:00,105.13862482108132,105.22236014147737,103.20332807645812,104.83158111572266,19412200,0.0,0.0
2024-06-05 00:00:00-04:00,105.03628018667314,105.31541212724945,103.7243771026528,105.25028228759766,14863500,0.0,0.0
2024-06-06 00:00:00-04:00,104.90601919190675,106.10627516354214,104.310544351523,106.04114532470703,13154100,0.0,0.0
2024-06-07 00:00:00-04:00,105.87366952621038,106.90644777428768,104.83158498709432,104.90602111816406,13289200,0.0,0.0
2024-06-10 00:00:00-04:00,105.19445351877269,106.27375613641277,104.85949802354786,105.21306610107422,15239700,0.0,0.0
2024-06-11 00:00:00-04:00,104.6641162354235,104.83159399541196,103.56620805297051,104.36637878417969,12462400,0.0,0.0
2024-06-12 00:00:00-04:00,105.41775354428825,105.41775354428825,102.84976398434146,103.21263122558594,13606800,0.0,0.0
2024-06-13 00:00:00-04:00,103.12888430474084,103.14749688475153,102.08680697996182,102.3845443725586,14466900,0.0,0.0
2024-06-14 00:00:00-04:00,102.36593683045476,102.54272085615987,101.03542123898404,101.51924896240234,13313400,0.0,0.0
2024-06-17 00:00:00-04:00,101.57508802479751,101.8449137004962,100.65396388956457,100.82144165039062,21147900,0.0,0.0
2024-06-18 00:00:00-04:00,101.44482806601147,103.01725775526273,101.23083304356497,101.77047729492188,17762900,0.0,0.0
2024-06-20 00:00:00-04:00,102.26359604927995,104.78506127022936,101.96585154335379,103.96627807617188,17433200,0.0,0.0
2024-06-21 00:00:00-04:00,104.11515626522637,104.85949627662089,103.0544662475586,103.0544662475586,52212500,0.0,0.0
2024-06-24 00:00:00-04:00,103.87325222187313,106.56219558592913,103.87325222187313,106.11559295654297,16266700,0.0,0.0
2024-06-25 00:00:00-04:00,106.17140095633029,106.58079255547527,105.56661984812604,106.41331481933594,14188900,0.0,0.0
2024-06-26 00:00:00-04:00,106.43192605322163,106.83201138347361,105.26888812791007,106.4505386352539,15771800,0.0,0.0
2024-06-27 00:00:00-04:00,106.99018368820826,106.99018368820826,106.171407537783,106.90644836425781,16812700,0.0,0.0
2024-06-28 00:00:00-04:00,107.79965381615791,108.43234669641568,106.70174579155236,107.11113739013672,24565900,0.0,0.0
2024-07-01 00:00:00-04:00,107.66009540954322,108.61843753838431,106.56218730787802,106.96227264404297,11972900,0.0,0.0
2024-07-02 00:00:00-04:00,107.83686765895827,107.8740857208838,105.59452734362648,106.23652648925781,13326700,0.0,0.0
2024-07-03 00:00:00-04:00,106.32025292668885,107.61355740009445,106.32025292668885,106.77616882324219,7732900,0.0,0.0
2024-07-05 00:00:00-04:00,106.63661886997014,106.65522435285989,104.85019437051534,105.4828872680664,12631000,0.0,0.0
2024-07-08 00:00:00-04:00,104.5710685416523,105.65037117638636,103.66854994848131,104.37567901611328,13350500,0.0,0.0
2024-07-09 00:00:00-04:00,103.38011053322377,104.71062613757562,102.92420167678175,103.22193908691406,11727000,0.0,0.0
2024-07-10 00:00:00-04:00,103.20331311288584,104.17096134489695,102.73809802626235,104.13374328613281,10004100,0.0,0.0
2024-07-11 00:00:00-04:00,103.677855730194,105.43636855002232,103.21264054825804,105.3712387084961,13082700,0.0,0.0
2024-07-12 00:00:00-04:00,106.05975781611137,106.20863008535461,104.79437192202587,105.38984680175781,11684900,0.0,0.0
2024-07-15 00:00:00-04:00,106.32026327432591,108.07878300617335,105.67827121843959,107.19486999511719,13032500,0.0,0.0
2024-07-16 00:00:00-04:00,106.39471061238461,108.2555713387879,105.79923574782518,107.9671401977539,13614100,0.0,0.0
2024-07-17 00:00:00-04:00,108.61843707094344,109.95825904649645,108.44166013150591,109.45582580566406,13602800,0.0,0.0
2024-07-18 00:00:00-04:00,109.74424670044446,111.57719545465164,109.26973237723821,110.53511810302734,13033600,0.0,0.0
2024-07-19 00:00:00-04:00,110.33972983992317,110.60955548846644,107.80896529570148,107.99504852294922,16157700,0.0,0.0
2024-07-22 00:00:00-04:00,107.1669513343649,107.87408027803242,106.60869463088807,107.25068664550781,12065900,0.0,0.0
2024-07-23 00:00:00-04:00,106.82270019228999,107.15765566730427,105.29679507216711,105.52010345458984,11251700,0.0,0.0
2024-07-24 00:00:00-04:00,105.85505039812574,107.18556598958368,105.20375203809166,107.0087890625,14925200,0.0,0.0
2024-07-25 00:00:00-04:00,107.15766241910832,109.81869380571065,106.59009933394081,109.26043701171875,17021700,0.0,0.0
2024-07-26 00:00:00-04:00,108.64634312041314,109.81868728724392,108.36721828929524,109.16738891601562,11252500,0.0,0.0
2024-07-29 00:00:00-04:00,109.1580829545249,109.22321279184412,107.35304589364988,108.02295684814453,8861800,0.0,0.0
2024-07-30 00:00:00-04:00,108.26486756256146,110.34902939471476,108.14391418209593,109.94894409179688,12483900,0.0,0.0
2024-07-31 00:00:00-04:00,111.3166839939828,111.42833818896634,110.31181753499116,110.33972930908203,15137700,0.0,0.0
2024-08-01 00:00:00-04:00,110.11643915613043,111.17712927059374,108.26488460174212,108.81383514404297,15051500,0.0,0.0
2024-08-02 00:00:00-04:00,107.90201502704802,110.60026461685648,107.39027546568722,108.74870300292969,20403800,0.0,0.0
2024-08-05 00:00:00-04:00,107.50191195240095,107.95782078735353,105.37122582775808,106.78547668457031,18025900,0.0,0.0
2024-08-06 00:00:00-04:00,106.48774456451301,107.58565259801371,105.72479200554606,106.21792602539062,13647800,0.0,0.0
2024-08-07 00:00:00-04:00,107.41817716413851,108.97200118711905,107.2414002311249,107.6321792602539,13660700,0.0,0.0
2024-08-08 00:00:00-04:00,108.00434665196627,109.89311895041392,107.67869747958211,109.68842315673828,13851000,0.0,0.0
2024-08-09 00:00:00-04:00,109.68843746297034,111.00964690531738,109.19531049495494,110.58164978027344,12151900,0.0,0.0
2024-08-12 00:00:00-04:00,111.23295383860392,111.8098161262646,109.80938940626292,110.7212142944336,13228900,0.0,0.0
2024-08-13 00:00:00-04:00,110.05129385068717,110.26529594133459,109.32555935838514,109.66051483154297,11585100,0.0,0.0
2024-08-14 00:00:00-04:00,109.8838106979485,111.55858798118807,109.44650734629043,110.67467498779297,12194500,0.0,0.0
2024-08-15 00:00:00-04:00,110.90916212633205,112.20349057549252,110.7872349681476,111.35936737060547,11579400,0.95,0.0
2024-08-16 00:00:00-04:00,110.66531087516663,111.12489737583044,110.35580234414786,110.83413696289062,10056000,0.0,0.0
2024-08-19 00:00:00-04:00,111.04985628406172,113.01948910283262,110.83413128910263,111.17178344726562,12417500,0.0,0.0
2024-08-20 00:00:00-04:00,111.28433361277588,111.28433361277588,107.4013410522251,107.46699523925781,15632000,0.0,0.0
2024-08-21 00:00:00-04:00,107.87030234242498,108.3955358424207,106.69790102581328,106.78231048583984,11752400,0.0,0.0
2024-08-22 00:00:00-04:00,106.71665958230244,107.87030566188788,106.5853512032628,107.6076889038086,10609500,0.0,0.0
2024-08-23 00:00:00-04:00,107.88905712333153,109.47414598601405,107.88905712333153,109.0989761352539,10381400,0.0,0.0
2024-08-26 00:00:00-04:00,110.449589614316,111.55633678727088,109.66173217734251,111.43440246582031,13671000,0.0,0.0
2024-08-27 00:00:00-04:00,111.57507995693975,111.99714869531586,110.11192550441548,110.37454223632812,9991600,0.0,0.0
2024-08-28 00:00:00-04:00,109.73675766044727,110.28075356110594,109.04269811988551,109.28655242919922,10742900,0.0,0.0
2024-08-29 00:00:00-04:00,109.92434870211187,111.41564695372173,109.1271172080973,110.79661560058594,10753900,0.0,0.0
2024-08-30 00:00:00-04:00,109.53980514603167,110.69344408146186,109.07084460023434,110.61841583251953,13284700,0.0,0.0
2024-09-03 00:00:00-04:00,108.64876875535772,108.88324901301942,106.96051519365521,108.30174255371094,15725100,0.0,0.0
2024-09-04 00:00:00-04:00,108.13291695635395,108.93952961871048,106.90424269066257,106.9792709350586,12620600,0.0,0.0
2024-09-05 00:00:00-04:00,107.92657504859764,108.12353761060844,106.05073294666266,106.14452362060547,17200800,0.0,0.0
2024-09-06 00:00:00-04:00,106.53843720069769,107.09181428180781,104.79391081823378,105.64741516113281,13467700,0.0,0.0
2024-09-09 00:00:00-04:00,105.86314984952548,108.93952970094247,105.66618729076923,107.87030029296875,21645300,0.0,0.0
2024-09-10 00:00:00-04:00,107.95471553049366,108.23609471850534,103.33076429186562,103.94041442871094,20913400,0.0,0.0
2024-09-11 00:00:00-04:00,103.9028930615489,104.06233792310529,101.07974868962246,102.90869903564453,19571900,0.0,0.0
2024-09-12 00:00:00-04:00,103.07752212013285,104.41874947265336,102.94621374904159,104.32495880126953,15919500,0.0,0.0
2024-09-13 00:00:00-04:00,104.55005814882048,105.48797917693474,104.04357993494642,104.24992370605469,10035400,0.0,0.0
2024-09-16 00:00:00-04:00,105.09404959920325,106.06948112993862,104.75639747096052,105.71307373046875,11729000,0.0,0.0
2024-09-17 00:00:00-04:00,105.3472861356587,107.2700270425255,105.15970479849726,107.0918197631836,12202600,0.0,0.0
2024-09-18 00:00:00-04:00,107.02617120242263,108.4518080447484,106.74479202612835,107.46699523925781,12569900,0.0,0.0
2024-09-19 00:00:00-04:00,108.94891418874313,110.28076038174613,108.0391296120762,108.79884338378906,12660600,0.0,0.0
2024-09-20 00:00:00-04:00,108.29235828161315,108.33925719412889,107.15747472527195,108.11415100097656,36206200,0.0,0.0
2024-09-23 00:00:00-04:00,108.17043849111822,110.47772345973343,107.97347592552825,110.07441711425781,16066300,0.0,0.0
2024-09-24 00:00:00-04:00,110.5246198960681,110.82476152007003,109.57732472945017,109.7836685180664,11984900,0.0,0.0
2024-09-25 00:00:00-04:00,109.25842034696798,109.783660997219,106.96051665284243,107.64519500732422,13816000,0.0,0.0
2024-09-26 00:00:00-04:00,104.2405331496643,106.43527187974975,104.2405331496643,105.7974853515625,16887900,0.0,0.0
2024-09-27 00:00:00-04:00,106.69790498988922,108.8832556868593,106.2195632313246,108.63002014160156,15964000,0.0,0.0
2024-09-30 00:00:00-04:00,108.29235702382203,110.10254482705656,107.82339652718895,109.94309997558594,13247600,0.0,0.0
2024-10-01 00:00:00-04:00,108.8363586278658,113.11327629172023,108.73318674073163,112.48487091064453,23235900,0.0,0.0
2024-10-02 00:00:00-04:00,114.36070919148358,115.19545831906036,112.7381026934323,113.97615814208984,17129700,0.0,0.0
2024-10-03 00:00:00-04:00,114.33258081251952,115.52373743276117,113.42279622214986,114.97036743164062,16524300,0.0,0.0
2024-10-04 00:00:00-04:00,115.5518725581094,117.41834063304479,114.82967648527053,117.0806884765625,19752300,0.0,0.0
2024-10-07 00:00:00-04:00,117.47461272927663,118.49694324959624,117.10882408844945,117.58716583251953,15714400,0.0,0.0
2024-10-08 00:00:00-04:00,116.18966143736814,116.32096981681066,113.73231277428384,114.4638900756836,14818500,0.0,0.0
2024-10-09 00:00:00-04:00,113.39465912385103,114.97036681226322,113.30086844773231,114.51078033447266,11144900,0.0,0.0
2024-10-10 00:00:00-04:00,115.51436789827159,116.02083900303117,114.69837395256744,115.49560546875,10243300,0.0,0.0
2024-10-11 00:00:00-04:00,115.45808250514696,116.33034938813454,115.30801885466227,115.9364242553711,8294800,0.0,0.0
2024-10-14 00:00:00-04:00,115.58939323406327,116.54607675397246,115.00788673742242,116.37725067138672,9808100,0.0,0.0
2024-10-15 00:00:00-04:00,113.31961582748175,114.37946398976345,112.34417712109648,112.87879180908203,15771300,0.0,0.0
2024-10-16 00:00:00-04:00,113.38527349516018,113.90113292738442,113.11327553596647,113.1695556640625,8426800,0.0,0.0
2024-10-17 00:00:00-04:00,113.26334285688414,114.03243779671895,112.27852293680947,112.87879180908203,11204900,0.0,0.0
2024-10-18 00:00:00-04:00,112.96321233926093,113.15079368493949,111.75329333905624,112.55990600585938,12898600,0.0,0.0
2024-10-21 00:00:00-04:00,113.46967960198309,113.93864007666257,112.28789720217551,112.62554931640625,10177800,0.0,0.0
2024-10-22 00:00:00-04:00,112.79438899533952,113.66665586981497,112.49425454152913,113.20706939697266,9201400,0.0,0.0
2024-10-23 00:00:00-04:00,112.52239231471867,113.25396960700846,111.98777758913998,112.80376434326172,8320300,0.0,0.0
2024-10-24 00:00:00-04:00,112.55052089646504,112.9632084295983,111.73452704388869,112.16596984863281,9905600,0.0,0.0
2024-10-25 00:00:00-04:00,112.73809709853339,112.95382206896024,111.91272922564569,112.07217407226562,10714600,0.0,0.0
2024-10-28 00:00:00-04:00,109.53980010231074,111.62198597470056,109.52103767411153,111.51881408691406,11844500,0.0,0.0
2024-10-29 00:00:00-04:00,111.21868227317525,111.77205227007981,109.8024194529022,109.99938201904297,14731000,0.0,0.0
2024-10-30 00:00:00-04:00,110.35579131472224,110.92791655707099,109.24904421820466,109.44600677490234,12303700,0.0,0.0
2024-10-31 00:00:00-04:00,109.87745175842478,111.30308859706028,109.43662772273068,109.5304183959961,20512000,0.0,0.0
2024-11-01 00:00:00-04:00,112.48487603163163,112.50363130479639,107.71085398707507,107.81402587890625,20939300,0.0,0.0
2024-11-04 00:00:00-05:00,108.86449070303043,111.33122036871926,108.73318233486567,111.24681091308594,14965400,0.0,0.0
2024-11-05 00:00:00-05:00,111.68764924140712,111.80957641153506,110.68407392425613,111.5750961303711,10436700,0.0,0.0
2024-11-06 00:00:00-05:00,113.62914632672341,114.34196838911446,111.89399366743751,113.48845672607422,20807700,0.0,0.0
2024-11-07 00:00:00-05:00,113.76981707978337,113.95739841239323,112.1847283428842,113.6291275024414,12184400,0.0,0.0
2024-11-08 00:00:00-05:00,113.4697018570666,113.88238228980164,112.23164624732075,113.59162902832031,12836000,0.0,0.0
2024-11-11 00:00:00-05:00,113.48844527038341,114.06995888834177,112.61617842133067,112.99134826660156,11969700,0.0,0.0
2024-11-12 00:00:00-05:00,113.61036904992864,113.77919511749089,112.4004500916941,112.87879180908203,11972800,0.0,0.0
2024-11-13 00:00:00-05:00,113.08514510376084,114.47327146020531,111.42502792933136,113.92927551269531,15127900,0.0,0.0
2024-11-14 00:00:00-05:00,115.04511763685967,115.25314975776726,113.78743053752434,114.00492095947266,13041800,0.99,0.0
2024-11-15 00:00:00-05:00,113.85362966099541,114.64795383673253,112.65267788132644,112.82289123535156,19051700,0.0,0.0
2024-11-18 00:00:00-05:00,113.27679309369653,114.06166616294436,112.78506243229572,113.76851654052734,14239700,0.0,0.0
2024-11-19 00:00:00-05:00,113.23897678517257,113.23897678517257,111.77325019147779,112.17987060546875,11584400,0.0,0.0
2024-11-20 00:00:00-05:00,112.69049563439015,113.91981501409778,112.18931391044723,113.77796936035156,11360900,0.0,0.0
2024-11-21 00:00:00-05:00,114.49664788521001,115.88672229561942,113.73068424636159,115.30043029785156,14675400,0.0,0.0
2024-11-22 00:00:00-05:00,115.19641273209176,116.51083518972126,115.0261993886434,115.16804504394531,13323400,0.0,0.0
2024-11-25 00:00:00-05:00,114.82761468689148,115.25314442462656,113.10657192017555,113.4469985961914,26580300,0.0,0.0
2024-11-26 00:00:00-05:00,113.03093324180124,113.17277890925659,111.44227763835603,111.55575561523438,14827300,0.0,0.0
2024-11-27 00:00:00-05:00,111.66920925237861,112.27441782168033,111.04509851168477,111.2625961303711,11079100,0.0,0.0
2024-11-29 00:00:00-05:00,111.05456410905455,112.05692756596119,110.59120115500892,111.5462875366211,9426500,0.0,0.0
2024-12-02 00:00:00-05:00,111.63140595966166,111.7732444104627,110.46828016110155,111.44227600097656,12687300,0.0,0.0
2024-12-03 00:00:00-05:00,112.26496896849113,112.26496896849113,110.88435281091847,111.27205657958984,11756600,0.0,0.0
2024-12-04 00:00:00-05:00,111.11129145729448,111.15857574374229,107.6692060693149,108.06636810302734,19520600,0.0,0.0
2024-12-05 00:00:00-05:00,108.47299089652618,109.33351587031774,107.85833123161355,108.5391845703125,15751200,0.0,0.0
2024-12-06 00:00:00-05:00,108.3122494761231,108.529739911085,107.32879533156562,107.39498901367188,16171100,0.0,0.0
2024-12-09 00:00:00-05:00,108.40680444261103,108.69049575748583,106.61956791678135,106.76141357421875,17412600,0.0,0.0
2024-12-10 00:00:00-05:00,107.41388321148047,107.68811620272923,105.67393111957422,106.54390716552734,20990900,0.0,0.0
2024-12-11 00:00:00-05:00,105.91033825240235,106.27913260308,105.06872989166934,105.83468627929688,32392200,0.0,0.0
2024-12-12 00:00:00-05:00,105.52262993900365,106.26967695931401,104.75667353222885,105.74012756347656,14543300,0.0,0.0
2024-12-13 00:00:00-05:00,105.81577081823126,105.81577081823126,104.25548323171361,104.81340026855469,13106100,0.0,0.0
2024-12-16 00:00:00-05:00,104.20821345220341,104.39734340043357,102.2791384822446,102.57228088378906,20256100,0.0,0.0
2024-12-17 00:00:00-05:00,101.40916086773758,102.28859533652992,100.98363108572235,102.13729858398438,17554000,0.0,0.0
2024-12-18 00:00:00-05:00,101.72120936047223,102.91270272718931,100.52971599375515,100.63373565673828,17114500,0.0,0.0
2024-12-19 00:00:00-05:00,101.55099436065066,101.81576905679529,99.48952495050685,99.7732162475586,20565600,0.0,0.0
2024-12-20 00:00:00-05:00,99.71647818412927,100.36896386821377,99.13964447796727,100.1136474609375,40141200,0.0,0.0
2024-12-23 00:00:00-05:00,99.5840867165366,100.80394775551166,99.21529235761037,100.520263671875,12285100,0.0,0.0
2024-12-24 00:00:00-05:00,100.72830077033758,101.36187707243971,99.95288602667578,100.61483001708984,7807000,0.0,0.0
2024-12-26 00:00:00-05:00,100.7283036021954,101.21057596076606,100.17984477874931,100.69993591308594,9652400,0.0,0.0
2024-12-27 00:00:00-05:00,100.52026974696486,102.11837632737272,100.01908079456813,100.69048309326172,11943900,0.0,0.0
2024-12-30 00:00:00-05:00,100.52026065922904,100.76611874809844,99.77321366327389,100.0096206665039,11080800,0.0,0.0
2024-12-31 00:00:00-05:00,100.39731845306434,102.03325799291956,100.02852412703706,101.72119903564453,12387800,0.0,0.0
2025-01-02 00:00:00-05:00,102.3926175388873,103.07347097858168,101.06873665221161,101.47535705566406,12685400,0.0,0.0
2025-01-03 00:00:00-05:00,102.12784024475177,102.59119601837514,101.61720017777958,101.99545288085938,14237900,0.0,0.0
2025-01-06 00:00:00-05:00,102.3547796694016,103.81104775430923,101.67392630871028,101.88196563720703,15623700,0.0,0.0
2025-01-07 00:00:00-05:00,103.01672303143074,104.07582183993239,102.39260504964696,102.83705139160156,12625900,0.0,0.0
2025-01-08 00:00:00-05:00,101.47534865240377,101.8536013336406,100.24603645659636,101.11601257324219,17858100,0.0,0.0
2025-01-10 00:00:00-05:00,102.78976036304839,104.11364100143992,100.02852834397719,100.74720764160156,19304500,0.0,0.0
2025-01-13 00:00:00-05:00,101.30513426797638,103.66920448325739,101.30513426797638,103.34769439697266,17073400,0.0,0.0
2025-01-14 00:00:00-05:00,102.87487623445836,103.79213659558833,101.96707417389028,103.75431060791016,11191200,0.0,0.0
2025-01-15 00:00:00-05:00,104.066367283383,105.65502265772581,103.51790129608825,105.44698333740234,14521100,0.0,0.0
2025-01-16 00:00:00-05:00,105.14439729157483,105.61721137100155,104.53919584707427,105.26732635498047,10366600,0.0,0.0
2025-01-17 00:00:00-05:00,104.99308296049098,106.73304235262624,104.79450193247987,106.21294403076172,19298500,0.0,0.0
2025-01-21 00:00:00-05:00,105.95763045283476,106.08055950738536,105.0876471262843,105.40916442871094,20416300,0.0,0.0
2025-01-22 00:00:00-05:00,105.15383546657407,105.5037204396319,103.45170931838834,103.57463836669922,15718000,0.0,0.0
2025-01-23 00:00:00-05:00,104.31223118945626,105.09710422730271,103.65029441932653,104.16093444824219,13726800,0.0,0.0
2025-01-24 00:00:00-05:00,104.2460245638591,104.69047086055632,102.51553087559061,102.75193786621094,14235900,0.0,0.0
2025-01-27 00:00:00-05:00,103.08291530619552,104.44461478641809,102.49662332047798,104.17984008789062,15926700,0.0,0.0
2025-01-28 00:00:00-05:00,104.40680595227781,104.84179402906241,101.92925763886623,102.16566467285156,15862000,0.0,0.0
2025-01-29 00:00:00-05:00,101.85360381646873,102.86542561506421,101.62665508802237,102.76140594482422,12345500,0.0,0.0
2025-01-30 00:00:00-05:00,103.30040591752677,103.87723960382762,102.78976590598653,103.61246490478516,14346300,0.0,0.0
2025-01-31 00:00:00-05:00,104.53919951552557,104.53919951552557,100.33114973221831,101.0214614868164,20376500,0.0,0.0
2025-02-03 00:00:00-05:00,100.84177373409437,101.4658917042654,99.59354500832173,101.26730346679688,14623200,0.0,0.0
2025-02-04 00:00:00-05:00,100.90797096488379,104.28386290229066,100.73775762288976,103.98126220703125,14835700,0.0,0.0
2025-02-05 00:00:00-05:00,103.77322177899387,104.02854539656991,103.16802039487452,103.90560913085938,13364400,0.0,0.0
2025-02-06 00:00:00-05:00,104.74722061888653,105.01200254499247,102.11837567639213,102.53445434570312,13411400,0.0,0.0
2025-02-07 00:00:00-05:00,102.86542460568305,103.76377563852515,102.43043654102506,102.96944427490234,10051600,0.0,0.0
2025-02-10 00:00:00-05:00,104.02854588101921,104.99308333689818,103.90560961473618,104.93634796142578,12142200,0.0,0.0
2025-02-11 00:00:00-05:00,105.5321034351297,106.39262854184233,104.79451460913056,105.59829711914062,12713100,0.0,0.0
2025-02-12 00:00:00-05:00,104.9972107308782,105.1689465732232,102.25898015546105,102.42117309570312,18244100,0.99,0.0
2025-02-13 00:00:00-05:00,102.23036646446549,103.43251745185245,101.62928733122097,103.16536712646484,15460000,0.0,0.0
2025-02-14 00:00:00-05:00,103.53746012355337,105.16895438659107,103.13674555467838,103.27031707763672,15733500,0.0,0.0
2025-02-18 00:00:00-05:00,103.6424114864913,105.89405615693919,103.34664700761877,105.08308410644531,20060300,0.0,0.0
2025-02-19 00:00:00-05:00,105.6746119035709,106.9817056154373,105.00674705483698,105.23573303222656,10964700,0.0,0.0
2025-02-20 00:00:00-05:00,105.49334490610481,107.25840349021331,104.90180865062472,106.8576889038086,16325800,0.0,0.0
2025-02-21 00:00:00-05:00,106.20891339170564,106.71457809348759,105.48380558281505,105.60784149169922,14710000,0.0,0.0
2025-02-24 00:00:00-05:00,105.83680034939073,106.72410095655721,105.25480708667392,106.16118621826172,13153500,0.0,0.0
2025-02-25 00:00:00-05:00,106.18982523150925,106.9817114561347,103.89047338362401,104.69190979003906,14497000,0.0,0.0
2025-02-26 00:00:00-05:00,104.70144632846328,104.82548222718026,103.53745967986977,104.4343032836914,10446400,0.0,0.0
2025-02-27 00:00:00-05:00,104.95904933284419,106.18027878846979,104.26256304190991,105.09262084960938,15293200,0.0,0.0
2025-02-28 00:00:00-05:00,105.0544506601297,106.45695878704518,104.31980007979239,106.21843719482422,18821700,0.0,0.0
2025-03-03 00:00:00-05:00,106.5714506005605,107.0103367610099,101.61974701204777,102.8123550415039,18706900,0.0,0.0
2025-03-04 00:00:00-05:00,101.4766404108463,103.95726384741157,101.07592582906085,102.60246276855469,19394900,0.0,0.0
2025-03-05 00:00:00-05:00,100.9805057073238,101.44801330569057,98.91013987147753,100.598876953125,24822200,0.0,0.0
2025-03-06 00:00:00-05:00,100.58933555909215,103.14628755772134,99.5684633401862,102.67878723144531,17150200,0.0,0.0
2025-03-07 00:00:00-05:00,103.43250984392478,105.33113973674594,103.32755975787472,104.01449584960938,19625000,0.0,0.0
2025-03-10 00:00:00-04:00,104.26256068223041,107.40150581337502,104.07174631377059,106.66686248779297,22749100,0.0,0.0
2025-03-11 00:00:00-04:00,106.78133659806069,106.95307242266028,103.79504910935192,104.14806365966797,19904700,0.0,0.0
2025-03-12 00:00:00-04:00,104.04313204500157,105.07353989632306,103.44205291270346,104.11945343017578,14051500,0.0,0.0
2025-03-13 00:00:00-04:00,103.35618661156289,105.73185982784803,102.68832173080712,103.68057250976562,17767800,0.0,0.0
2025-03-14 00:00:00-04:00,103.93818809204463,107.02942638684297,103.33710892423488,106.76228332519531,15890100,0.0,0.0
2025-03-17 00:00:00-04:00,106.66686435946447,109.24289477438126,106.60007860142149,108.53687286376953,19908800,0.0,0.0
2025-03-18 00:00:00-04:00,108.85171451087875,109.28105776082005,107.40150637730544,108.42237854003906,15998700,0.0,0.0
2025-03-19 00:00:00-04:00,108.9566711061102,110.5022937958405,108.6036637736097,110.11112213134766,17315000,0.0,0.0
2025-03-20 00:00:00-04:00,109.45279105778218,111.12244222857167,108.96620496414656,110.57861328125,16230800,0.0,0.0
2025-03-21 00:00:00-04:00,110.19699096679688,110.66449131456797,109.09979003381783,110.19699096679688,41102800,0.0,0.0
2025-03-24 00:00:00-04:00,110.36871471450111,111.54224418581119,110.27330753060552,110.48320770263672,14207500,0.0,0.0
2025-03-25 00:00:00-04:00,111.08428842590106,112.238732185605,110.63586661859827,111.2369384765625,12081800,0.0,0.0
2025-03-26 00:00:00-04:00,112.27689047838969,113.70802011197941,112.27689047838969,112.83979797363281,14110800,0.0,0.0
2025-03-27 00:00:00-04:00,112.6775987802127,113.60306372326818,111.87616972381498,112.47724151611328,12740800,0.0,0.0
2025-03-28 00:00:00-04:00,112.67761519864248,113.02108692403255,111.85710021899983,112.3246078491211,10233400,0.0,0.0
2025-03-31 00:00:00-04:00,112.3818397493789,114.40450557061007,112.3818397493789,113.46949768066406,21652300,0.0,0.0
2025-04-01 00:00:00-04:00,113.7461834775741,113.8034263331196,112.51541112963413,113.57444763183594,12425400,0.0,0.0
2025-04-02 00:00:00-04:00,112.95429250960764,113.38362849391564,112.25781348803227,113.221435546875,12614600,0.0,0.0
2025-04-03 00:00:00-04:00,109.11887445540285,110.14928233223608,107.07712994962452,107.2679443359375,21204600,0.0,0.0
2025-04-04 00:00:00-04:00,104.82547362994622,105.7413956850887,99.06279099712759,99.54936981201172,30841300,0.0,0.0
2025-04-07 00:00:00-04:00,95.78074528250153,100.94235685624689,93.9393580053914,98.21366882324219,35068500,0.0,0.0
2025-04-08 00:00:00-04:00,100.61795540569199,100.75152692538437,94.46410075995801,96.1432876586914,27147800,0.0,0.0
2025-04-09 00:00:00-04:00,94.80756878383878,101.68653089754434,93.62449639945632,100.94234466552734,30063300,0.0,0.0
2025-04-10 00:00:00-04:00,98.94830347620935,99.01508923561397,93.30965642047127,95.34185791015625,33999300,0.0,0.0
2025-04-11 00:00:00-04:00,95.69487042395652,99.1582014931081,94.254197897836,98.40447235107422,22884600,0.0,0.0
2025-04-14 00:00:00-04:00,100.20770669188589,100.26494955415065,98.00376914546212,98.64300537109375,18020000,0.0,0.0
2025-04-15 00:00:00-04:00,98.8815253380406,100.5702625374473,98.27091055382078,98.36631774902344,13164900,0.0,0.0
2025-04-16 00:00:00-04:00,99.1772792797317,100.74198040778214,98.93875767753985,99.40626525878906,13607000,0.0,0.0
2025-04-17 00:00:00-04:00,99.88330903611559,103.56608317741076,99.66386595803561,102.01091766357422,17916500,0.0,0.0
2025-04-21 00:00:00-04:00,100.76107263792318,100.78015116451047,99.33948583635168,100.51300811767578,16926500,0.0,0.0
2025-04-22 00:00:00-04:00,101.26674525345257,103.93819048976091,101.26674525345257,103.32757568359375,13147000,0.0,0.0
2025-04-23 00:00:00-04:00,103.8141490716372,104.28165669460046,101.58159016988695,102.44026947021484,14235700,0.0,0.0
2025-04-24 00:00:00-04:00,103.0127094122616,103.8809242480913,102.04908011348446,103.64240264892578,9849600,0.0,0.0
2025-04-25 00:00:00-04:00,103.17490946115805,103.7664456883202,102.48796604357672,103.58516693115234,11245800,0.0,0.0
2025-04-28 00:00:00-04:00,103.75689563700179,104.23393883533282,102.73602348373741,103.64240264892578,13890900,0.0,0.0
2025-04-29 00:00:00-04:00,102.79327516417018,103.83323321095662,102.58337497422602,103.38481140136719,9483100,0.0,0.0
2025-04-30 00:00:00-04:00,102.48795926603573,102.48795926603573,99.3680999431229,100.78014373779297,20379300,0.0,0.0
2025-05-01 00:00:00-04:00,100.27448447242551,102.01092152083714,100.1599987570128,100.92326354980469,18610300,0.0,0.0
2025-05-02 00:00:00-04:00,102.7741992690237,103.99542882822168,99.74974680146273,101.33352661132812,16581900,0.0,0.0
2025-05-05 00:00:00-04:00,99.8451473632858,99.85469026583064,98.33768904168315,98.52850341796875,19624000,0.0,0.0
2025-05-06 00:00:00-04:00,99.12003137282029,101.11407565064965,98.72885975029475,99.90238189697266,16303400,0.0,0.0
2025-05-07 00:00:00-04:00,100.16952652055463,100.45575534483078,99.29176880212314,99.80697631835938,12332200,0.0,0.0
2025-05-08 00:00:00-04:00,100.50346484879086,102.45934501601036,100.50346484879086,101.199951171875,19196500,0.0,0.0
2025-05-09 00:00:00-04:00,102.22081792069234,102.80281121617001,101.49571020714443,102.38301086425781,10992100,0.0,0.0
2025-05-12 00:00:00-04:00,105.20709275241455,105.36929295499806,103.34662738516961,104.14806365966797,14244600,0.0,0.0
2025-05-13 00:00:00-04:00,104.30073176130546,105.43609698068799,104.01450291099157,104.4343032836914,13350800,0.0,0.0
2025-05-14 00:00:00-04:00,103.86185597112592,103.86185597112592,102.97455524351518,103.49930572509766,15494900,0.0,0.0
2025-05-15 00:00:00-04:00,102.5364182716989,104.61622899016453,102.03572717992571,104.548828125,15004300,0.99,0.0
2025-05-16 00:00:00-04:00,104.6162380143028,104.84732566535136,103.46078506677206,104.1733169555664,14042500,0.0,0.0
2025-05-19 00:00:00-04:00,103.5763334686216,103.5763334686216,101.79501842338946,102.51717376708984,16802700,0.0,0.0
2025-05-20 00:00:00-04:00,102.440144772815,102.75789489540618,100.88991734020932,101.05360412597656,12429300,0.0,0.0
2025-05-21 00:00:00-04:00,100.64919604467941,101.07286286284078,99.79223895968505,99.8115005493164,16716100,0.0,0.0
2025-05-22 00:00:00-04:00,99.23378036775505,99.62856218727337,98.10721968389916,99.14712524414062,13417400,0.0,0.0
2025-05-23 00:00:00-04:00,98.79084376076683,99.62854655498961,98.28052185650168,99.20487976074219,12061600,0.0,0.0
2025-05-27 00:00:00-04:00,99.6477964831327,100.00406239433833,99.07970453011797,99.67668151855469,13043600,0.0,0.0
2025-05-28 00:00:00-04:00,100.41810344268559,100.5529051788848,98.01091908749459,98.31903839111328,14292400,0.0,0.0
2025-05-29 00:00:00-04:00,98.48273589677198,99.03157369572175,97.97241393323993,98.87751770019531,13825300,0.0,0.0
2025-05-30 00:00:00-04:00,98.36718191063541,98.58863875047982,97.43319323492992,98.50198364257812,28645800,0.0,0.0
2025-06-02 00:00:00-04:00,99.89815267598877,99.99443858283324,98.42495699745116,99.2241439819336,17290500,0.0,0.0
2025-06-03 00:00:00-04:00,99.07971642388539,100.77437638479212,98.41533114485188,99.94630432128906,19194300,0.0,0.0
2025-06-04 00:00:00-04:00,100.06183435395616,101.02470806562889,98.50198364257812,98.50198364257812,15648500,0.0,0.0
2025-06-05 00:00:00-04:00,99.15673707380319,99.22413793910393,97.95314494618738,98.04943084716797,13924800,0.0,0.0
2025-06-06 00:00:00-04:00,98.94490027763281,100.62029840467576,98.86786862104293,100.39883422851562,15487800,0.0,0.0
2025-06-09 00:00:00-04:00,100.45661451036285,101.92017929661513,99.97517766215387,101.0728530883789,17087300,0.0,0.0
2025-06-10 00:00:00-04:00,102.14165097032053,103.65336249072229,101.99721843603626,103.23932647705078,17634800,0.0,0.0
2025-06-11 00:00:00-04:00,103.7592819023642,105.32876353900765,102.50754303407103,105.2517318725586,22648200,0.0,0.0
2025-06-12 00:00:00-04:00,104.87621043073194,106.09906424606112,104.20220172269977,105.65614318847656,17469400,0.0,0.0
2025-06-13 00:00:00-04:00,108.17886957910454,108.35218715633881,106.57087210185232,107.95741271972656,28540200,0.0,0.0
2025-06-16 00:00:00-04:00,107.6685464062479,108.95880109887848,107.00416114345298,108.30404663085938,22986100,0.0,0.0
2025-06-17 00:00:00-04:00,109.71946201611948,110.6630815332449,108.9106515838495,109.76760864257812,19451700,0.0,0.0
2025-06-18 00:00:00-04:00,110.35496516988461,110.9615730102809,108.74696771079476,108.98768615722656,17968900,0.0,0.0
2025-06-20 00:00:00-04:00,109.23802764537137,110.76900077896947,108.9780549564968,110.44161987304688,36273300,0.0,0.0
2025-06-23 00:00:00-04:00,112.36735970734622,112.60807813632182,107.03304578585349,107.59150695800781,26631100,0.0,0.0
2025-06-24 00:00:00-04:00,105.19395236311243,106.82121127674935,103.90370512343452,104.31773376464844,24828300,0.0,0.0
2025-06-25 00:00:00-04:00,104.09628467206528,105.18432939601642,103.70150289714556,104.34663391113281,17483200,0.0,0.0
2025-06-26 00:00:00-04:00,104.89546587897843,106.33977646546933,104.51994571418227,105.90647888183594,18304800,0.0,0.0
2025-06-27 00:00:00-04:00,105.85835191696557,106.01240791078341,104.34664028777212,105.31913757324219,22002100,0.0,0.0
2025-06-30 00:00:00-04:00,104.606608619303,104.79918044006295,103.72076648997667,103.79779815673828,19199000,0.0,0.0
2025-07-01 00:00:00-04:00,104.11552817205984,105.56946948296286,103.17191608132832,105.18431854248047,15536900,0.0,0.0
2025-07-02 00:00:00-04:00,105.91611128843948,107.22562016115167,104.78955077690054,106.92713165283203,11892200,0.0,0.0
2025-07-03 00:00:00-04:00,106.74418416289659,108.29441148300808,106.5130965205741,108.03443145751953,11223600,0.0,0.0
2025-07-07 00:00:00-04:00,107.39893742867832,107.89000509111263,106.12794439060524,106.98490142822266,15415900,0.0,0.0
2025-07-08 00:00:00-04:00,106.7730676374945,110.21052656958359,106.73455180664708,109.95055389404297,17913400,0.0,0.0
2025-07-09 00:00:00-04:00,109.69058288049658,110.02758724540793,109.06471343357883,109.57504272460938,10652100,0.0,0.0
2025-07-10 00:00:00-04:00,109.4883787281375,110.99045950278774,108.87214008488898,110.6630859375,14901700,0.0,0.0
2025-07-11 00:00:00-04:00,110.58605505055245,111.4622737393747,110.25868148295565,111.14452362060547,11683900,0.0,0.0
2025-07-14 00:00:00-04:00,110.95193652305136,110.95193652305136,109.01655838425674,109.69056701660156,13220300,0.0,0.0
2025-07-15 00:00:00-04:00,109.44024160568522,109.8253852557082,108.41959036392048,108.71808624267578,10959300,0.0,0.0
2025-07-16 00:00:00-04:00,108.68918603391911,109.28617040231443,107.93814568583247,108.06332397460938,11158900,0.0,0.0
2025-07-17 00:00:00-04:00,107.35079409695216,108.06332597289979,106.96564312138607,107.51448822021484,13151400,0.0,0.0
2025-07-18 00:00:00-04:00,106.98490793447233,107.58189233189675,103.35486961401331,103.76890563964844,32366600,0.0,0.0
2025-07-21 00:00:00-04:00,103.6052155819203,104.73177612321237,103.45115959960856,104.03851318359375,17010400,0.0,0.0
2025-07-22 00:00:00-04:00,103.97110800643856,105.37690276270683,103.61484208375289,104.51031494140625,13970900,0.0,0.0
2025-07-23 00:00:00-04:00,104.88583537941356,105.91610997349179,104.80880371817658,105.84870910644531,12002700,0.0,0.0
2025-07-24 00:00:00-04:00,105.58873603781592,106.83083667643824,105.07840679363585,106.6767807006836,15647200,0.0,0.0
2025-07-25 00:00:00-04:00,106.61901964994476,106.85973810117217,105.62725346012678,106.30126953125,10548900,0.0,0.0
2025-07-28 00:00:00-04:00,106.8789836611563,107.94777408545934,106.72492033873907,107.30265045166016,12353000,0.0,0.0
2025-07-29 00:00:00-04:00,107.74557393641399,108.8047335906339,107.2737678565253,108.6891860961914,15928000,0.0,0.0
2025-07-30 00:00:00-04:00,108.23664262449778,108.42921443757189,107.12933633396219,107.74557495117188,12996900,0.0,0.0
2025-07-31 00:00:00-04:00,106.26274678430435,108.32329600506476,106.26274678430435,107.49522399902344,17233700,0.0,0.0
2025-08-01 00:00:00-04:00,107.84186360975019,108.36181633369162,104.8184405212398,105.5694808959961,19652000,0.0,0.0
2025-08-04 00:00:00-04:00,105.16507353667451,105.83908223210184,103.11414772060712,103.38375854492188,19129500,0.0,0.0
2025-08-05 00:00:00-04:00,103.23932119740034,103.81704395884887,102.132014952707,103.25857543945312,21314300,0.0,0.0
2025-08-06 00:00:00-04:00,104.28885532310031,105.00138719969958,102.42088521103375,102.5556869506836,15321800,0.0,0.0
2025-08-07 00:00:00-04:00,103.16230170225022,104.04814386400987,101.9587094130732,102.0164794921875,13468300,0.0,0.0
2025-08-08 00:00:00-04:00,102.54605771765384,103.51856229377444,102.01647419943372,102.83492279052734,14417700,0.0,0.0
2025-08-11 00:00:00-04:00,103.13340955581646,103.53781477403791,101.61206724405704,101.90093231201172,13570700,0.0,0.0
2025-08-12 00:00:00-04:00,102.39199142506507,103.29709510415664,101.85278447384988,102.18978881835938,14109400,0.0,0.0
2025-08-13 00:00:00-04:00,102.06462040535484,103.60521697998047,101.8142711663082,103.60521697998047,17958700,0.0,0.0
2025-08-14 00:00:00-04:00,103.55707332974849,103.59558181461352,102.48828289422498,103.39337921142578,13683500,0.0,0.0
2025-08-15 00:00:00-04:00,103.19902440302852,104.53043184516203,102.96577897336046,103.49057006835938,19271900,0.99,0.0
2025-08-18 00:00:00-04:00,103.11154890699076,104.20972567810239,102.6936601404045,103.7140884399414,13040000,0.0,0.0
2025-08-19 00:00:00-04:00,103.20873276921256,104.43324526924799,103.16014553442298,104.39437103271484,16113600,0.0,0.0
2025-08-20 00:00:00-04:00,104.84141301967696,106.25057628140125,104.64704925264721,105.47310638427734,18959700,0.0,0.0
2025-08-21 00:00:00-04:00,105.36620628024141,106.48381650017089,104.91916367517014,106.15339660644531,12194900,0.0,0.0
2025-08-22 00:00:00-04:00,106.51297186111358,108.27199589706909,106.51297186111358,108.1456527709961,13586700,0.0,0.0
2025-08-25 00:00:00-04:00,107.77635281058514,108.76761986699798,107.42649210490949,108.59268951416016,9744900,0.0,0.0
2025-08-26 00:00:00-04:00,108.23310853153694,108.66071026510373,107.251554539153,108.34972381591797,18143900,0.0,0.0
2025-08-27 00:00:00-04:00,108.28170113250543,109.79776663517016,108.28170113250543,109.5742416381836,15262600,0.0,0.0
2025-08-28 00:00:00-04:00,109.69086501091255,110.44889405961052,108.91339513740054,110.15734100341797,14189800,0.0,0.0
2025-08-29 00:00:00-04:00,110.51692455840193,111.5567862738525,110.38086843970763,111.07086944580078,14597900,0.0,0.0
2025-09-02 00:00:00-04:00,110.96396512433365,111.99410640835276,110.13790801462953,111.45960235595703,15206700,0.0,0.0
2025-09-03 00:00:00-04:00,110.75988670859203,111.20692931573902,108.3205820734289,108.7579116821289,14920100,0.0,0.0
2025-09-04 00:00:00-04:00,108.95228292175189,109.94355008997584,108.24284101785885,109.23411560058594,12864400,0.0,0.0
2025-09-05 00:00:00-04:00,108.45663769312769,108.63156805289493,105.9493050079647,106.15339660644531,16826700,0.0,0.0
2025-09-08 00:00:00-04:00,106.63931274347881,106.95029922384167,105.29817752263065,106.75592803955078,15440500,0.0,0.0
2025-09-09 00:00:00-04:00,107.41677115372212,109.34100502528872,107.41677115372212,107.53339385986328,14899500,0.0,0.0
2025-09-10 00:00:00-04:00,108.02903006178224,109.38959121459888,107.71803618170735,109.33128356933594,15837600,0.0,0.0
2025-09-11 00:00:00-04:00,108.2622676158315,109.59367494058706,107.74719697943684,108.9814224243164,11534500,0.0,0.0
2025-09-12 00:00:00-04:00,109.68115036518988,110.03101108521462,108.72875009078862,109.00086975097656,11105700,0.0,0.0
2025-09-15 00:00:00-04:00,109.02029878756257,109.29241102232862,108.18452125820836,109.18550872802734,12880500,0.0,0.0
2025-09-16 00:00:00-04:00,109.77832745457134,112.07185544585985,109.60339710220181,111.44988250732422,17208000,0.0,0.0
2025-09-17 00:00:00-04:00,111.30410607559392,112.23706548421598,110.83763007853405,112.0427017211914,13302000,0.0,0.0
2025-09-18 00:00:00-04:00,111.92608766597893,112.10101803202316,110.20594524529633,110.72101593017578,14628700,0.0,0.0
2025-09-19 00:00:00-04:00,110.69185507886297,110.76960355094826,109.46734259427805,109.64227294921875,38746500,0.0,0.0
2025-09-22 00:00:00-04:00,109.28268825518494,109.62283595581596,108.41775692138489,108.86479949951172,15611500,0.0,0.0
2025-09-23 00:00:00-04:00,109.54508159592271,111.51790256389175,109.31184361433323,110.74043273925781,25369100,0.0,0.0
2025-09-24 00:00:00-04:00,111.34297999499384,112.49946440086293,111.24579811375746,111.33325958251953,14756100,0.0,0.0
2025-09-25 00:00:00-04:00,111.41100480780977,112.63551723632344,111.1874872289276,112.33424377441406,15012600,0.0,0.0
2025-09-26 00:00:00-04:00,112.69383765243481,115.02624007101338,112.6549634137665,113.91835021972656,18568900,0.0,0.0
2025-09-29 00:00:00-04:00,112.7910162029508,113.21862540114104,110.46833426642237,111.00284576416016,19189300,0.0,0.0
2025-09-30 00:00:00-04:00,110.15734033251518,110.29339644737581,108.78705877156106,109.5742416381836,18076200,0.0,0.0
2025-10-01 00:00:00-04:00,109.38958479460722,109.83662734922498,108.1553594171301,108.83563995361328,16614000,0.0,0.0
2025-10-02 00:00:00-04:00,108.8162121516571,109.90466106611652,107.90268617173395,108.15536499023438,13062600,0.0,0.0
2025-10-03 00:00:00-04:00,108.74819084896897,110.54608168355931,108.74819084896897,110.06988525390625,12950100,0.0,0.0
2025-10-06 00:00:00-04:00,110.09903368290979,111.53734331429891,109.99213138962384,110.9833984375,12036800,0.0,0.0
2025-10-07 00:00:00-04:00,110.85706675882555,111.28467594749493,108.59269252173914,111.04171752929688,11945000,0.0,0.0
2025-10-08 00:00:00-04:00,111.15834004717937,111.77060004610118,110.21566755150361,110.80847930908203,12301000,0.0,0.0
2025-10-09 00:00:00-04:00,111.20692788321571,112.2565100331723,109.56452659751527,109.72974395751953,10976200,0.0,0.0
2025-10-10 00:00:00-04:00,109.09804160628607,109.44790229414498,107.59169656608793,107.61113739013672,13811600,0.0,0.0
2025-10-13 00:00:00-04:00,108.39832506981655,109.13692071210326,108.18452048274652,109.07860565185547,10296500,0.0,0.0
2025-10-14 00:00:00-04:00,107.64030054987607,109.77833168160478,107.59170590004028,109.12720489501953,11167200,0.0,0.0
2025-10-15 00:00:00-04:00,109.62283878732902,110.37114743614104,107.84438142670133,108.46635437011719,12182900,0.0,0.0
2025-10-16 00:00:00-04:00,108.72874565633255,109.0300191284848,107.28071559970572,107.52367401123047,11782200,0.0,0.0
2025-10-17 00:00:00-04:00,108.48578653843487,109.72973982552386,108.04846436633875,109.07860565185547,13460100,0.0,0.0
2025-10-20 00:00:00-04:00,108.84536184926239,109.96297195829358,108.82592843988441,109.52564239501953,9523600,0.0,0.0
2025-10-21 00:00:00-04:00,109.71030022674081,110.16706322885845,108.83564845827111,109.53536987304688,9202300,0.0,0.0
2025-10-22 00:00:00-04:00,110.25452952377394,111.93580507533065,109.89495580258458,111.47904205322266,12938800,0.0,0.0
2025-10-23 00:00:00-04:00,113.34495804742382,113.5587626407378,112.11073255125102,112.71327209472656,15001100,0.0,0.0
2025-10-24 00:00:00-04:00,113.07285206141901,113.18947477726934,111.93580838626409,112.139892578125,9919400,0.0,0.0
2025-10-27 00:00:00-04:00,112.44114729207452,112.72297993267722,111.85804860077681,112.67439270019531,10975400,0.0,0.0
2025-10-28 00:00:00-04:00,112.23706639389255,112.90763398641612,111.7511495678905,111.79002380371094,9535200,0.0,0.0
2025-10-29 00:00:00-04:00,111.68311681833045,113.75312715544378,111.57621452793951,113.1700210571289,12570600,0.0,0.0
2025-10-30 00:00:00-04:00,113.15059081063988,113.23805227913105,111.30410541485863,111.45960235595703,16172900,0.0,0.0
2025-10-31 00:00:00-04:00,110.76960662593272,111.98439873160424,109.44791222180191,111.13890075683594,20213400,0.0,0.0
2025-11-03 00:00:00-05:00,111.27495623795205,111.75115266456905,110.43917868090855,110.55580139160156,12290300,0.0,0.0
2025-11-04 00:00:00-05:00,110.18649893854,111.12917878564296,109.34100839013,110.92509460449219,16860700,0.0,0.0
2025-11-05 00:00:00-05:00,110.87649817506842,111.9358007148948,110.46832981931985,110.4780502319336,12400900,0.0,0.0
2025-11-06 00:00:00-05:00,110.43917819613684,111.70256493900654,110.43917819613684,111.27495574951172,14219700,0.0,0.0
2025-11-07 00:00:00-05:00,111.96496236003543,114.20018288919466,111.66369627848462,113.91835021972656,17181100,0.0,0.0
2025-11-10 00:00:00-05:00,114.13215338689474,115.11370009651469,112.20791937682769,114.89018249511719,13048000,0.0,0.0
2025-11-11 00:00:00-05:00,115.4829957289592,117.40722222583193,115.4829957289592,116.40623474121094,16077100,0.0,0.0
2025-11-12 00:00:00-05:00,115.74538444838527,115.92031479926958,114.47228475914534,114.7929916381836,13790900,0.0,0.0
2025-11-13 00:00:00-05:00,115.28861774948975,116.38679446706422,114.9484774710604,115.4441146850586,17291900,0.0,0.0
2025-11-14 00:00:00-05:00,116.12054640396673,117.13029659441288,114.36575532080614,116.94403076171875,17064300,1.03,0.0
2025-11-17 00:00:00-05:00,116.63032375061441,117.14989951410585,114.80690212217205,115.36569213867188,16034900,0.0,0.0
2025-11-18 00:00:00-05:00,114.95396016235371,117.13030271084352,114.18930088409608,116.68914794921875,15808500,0.0,0.0
2025-11-19 00:00:00-05:00,114.55201596702355,115.85586186327224,113.65011056424346,115.04218292236328,15919200,0.0,0.0
2025-11-20 00:00:00-05:00,115.65979317287263,116.66953586139736,114.44417378999563,114.71866607666016,14401000,0.0,0.0
2025-11-21 00:00:00-05:00,114.68925477292015,115.07158437525726,113.37561100680882,114.7774887084961,15667600,0.0,0.0
2025-11-24 00:00:00-05:00,114.89512993221705,114.89512993221705,112.48350943901481,113.68932342529297,18034900,0.0,0.0
2025-11-25 00:00:00-05:00,112.914847977459,113.62068951387047,111.94431960456993,112.25802612304688,14434600,0.0,0.0
2025-11-26 00:00:00-05:00,112.160003247741,113.46384162902656,112.06196387586725,112.5129165649414,11650600,0.0,0.0
2025-11-28 00:00:00-05:00,112.68937948010587,116.4048458806149,112.5619387649192,113.64030456542969,7240800,0.0,0.0
2025-12-01 00:00:00-05:00,113.81676607945676,115.10100859456215,113.81676607945676,114.33634185791016,12658100,0.0,0.0
2025-12-02 00:00:00-05:00,114.15008279695115,114.3069323331814,112.43449845560603,113.11092376708984,14607700,0.0,0.0
2025-12-03 00:00:00-05:00,113.66970617872575,115.6597901639792,113.60108310884485,115.48332977294922,16819100,0.0,0.0
2025-12-04 00:00:00-05:00,115.1892321392773,116.01270901724688,114.36575526130771,114.83631134033203,13686900,0.0,0.0
2025-12-05 00:00:00-05:00,114.4539771213746,116.44405364250576,114.12066720207453,114.24810791015625,12516900,0.0,0.0
2025-12-08 00:00:00-05:00,113.55207561874306,114.69906446838193,112.77761095258792,113.69912719726562,14904200,0.0,0.0
2025-12-09 00:00:00-05:00,114.60103497720259,118.10082671847627,114.59122954393455,115.92448425292969,23790800,0.0,0.0
2025-12-10 00:00:00-05:00,116.3950417739158,117.51262176910427,116.04212098813484,117.1891098022461,19845200,0.0,0.0
2025-12-11 00:00:00-05:00,116.76756594586071,117.99298326333523,116.72835169417907,117.1891098022461,14781800,0.0,0.0
2025-12-12 00:00:00-05:00,117.09107842247377,117.56163448599445,115.98329637586768,116.48326873779297,14459500,0.0,0.0
2025-12-15 00:00:00-05:00,116.66953969111152,116.68914307822224,114.55201487415584,115.44412231445312,16358700,0.0,0.0
2025-12-16 00:00:00-05:00,114.47358447642657,114.54220754921194,112.35606717379666,112.42469024658203,17638700,0.0,0.0
2025-12-17 00:00:00-05:00,112.9442739961624,115.30688241650844,112.90505974046134,115.10101318359375,18502200,0.0,0.0
2025-12-18 00:00:00-05:00,114.68925515143077,114.68925515143077,113.356000515523,114.24810791015625,13705600,0.0,0.0
2025-12-19 00:00:00-05:00,114.45398212999562,115.25785562394006,113.67951745617594,114.3951644897461,45412800,0.0,0.0
2025-12-22 00:00:00-05:00,115.03237102421896,116.13034763504118,115.03237102421896,115.82644653320312,11768600,0.0,0.0
2025-12-23 00:00:00-05:00,116.14015038899143,117.66946877503595,115.99309881817479,117.07146453857422,12567600,0.0,0.0
2025-12-24 00:00:00-05:00,116.98324931763564,117.68909094185487,116.77738009046408,116.87541198730469,6137400,0.0,0.0
2025-12-26 00:00:00-05:00,116.55189584262978,117.19891980155684,116.19897504309758,116.76757049560547,8066100,0.0,0.0
2025-12-29 00:00:00-05:00,117.787120887003,118.9145063803753,117.05187045384986,118.1596450805664,14782500,0.0,0.0
2025-12-30 00:00:00-05:00,118.71843302977904,119.40467124297325,118.2576749030489,118.610595703125,11150500,0.0,0.0
2025-12-31 00:00:00-05:00,118.79686542942925,118.87529393853949,117.51263038000505,117.97338104248047,10559900,0.0,0.0
2026-01-02 00:00:00-05:00,117.72829333996988,120.26736200605848,117.25773726088853,120.23795318603516,14175100,0.0,0.0
2026-01-05 00:00:00-05:00,122.74760174540302,123.45344332148551,119.98306055864913,122.8946533203125,30112200,0.0,0.0
2026-01-06 00:00:00-05:00,122.88485740224668,123.32601216113297,118.62040627580554,118.66942596435547,23328600,0.0,0.0
2026-01-07 00:00:00-05:00,117.44400199217434,117.75770853507144,115.94408487086373,116.15975952148438,20353000,0.0,0.0
2026-01-08 00:00:00-05:00,116.64013108932252,121.19867775555002,116.32642453948432,120.49284362792969,20232700,0.0,0.0
2026-01-09 00:00:00-05:00,120.80655047223998,122.40449204572425,120.67910227773142,122.15940856933594,16137700,0.0,0.0
2026-01-12 00:00:00-05:00,122.01235656019075,122.051570813798,120.14972065029409,121.59081268310547,15314900,0.0,0.0
2026-01-13 00:00:00-05:00,122.54172999624801,124.63964381543548,122.35546417326054,124.05144500732422,21619700,0.0,0.0
2026-01-14 00:00:00-05:00,124.84550786994382,129.1295692663085,124.62983323735816,127.63945770263672,27593900,0.0,0.0
2026-01-15 00:00:00-05:00,126.59052276611328,127.63947227278497,125.77684382460471,126.59052276611328,17400000,0.0,0.0
2026-01-16 00:00:00-05:00,126.37484067147311,127.60025798860698,126.33561894044863,127.33556365966797,16592400,0.0,0.0
2026-01-20 00:00:00-05:00,128.92370969178984,129.34526106003074,127.51204139853334,127.89437103271484,16477300,0.0,0.0
2026-01-21 00:00:00-05:00,129.31585712353169,131.10005716420434,129.31585712353169,130.982421875,18879900,0.0,0.0
2026-01-22 00:00:00-05:00,130.4334321339966,131.54119930090036,129.2570344119412,131.01182556152344,16600100,0.0,0.0
2026-01-23 00:00:00-05:00,132.43330911480464,133.30580572799937,131.83530480966832,132.315673828125,17758200,0.0,0.0
2026-01-26 00:00:00-05:00,134.2371113879926,134.24692430039343,131.53139525667265,132.18821716308594,16056100,0.0,0.0
2026-01-27 00:00:00-05:00,132.59013948582688,134.23709300314297,132.06076584346266,134.13906860351562,14517000,0.0,0.0
2026-01-28 00:00:00-05:00,134.9821659317197,135.2958649752726,133.98222124790016,134.87432861328125,15637300,0.0,0.0
2026-01-29 00:00:00-05:00,137.56045323507496,139.54071684501432,136.3742426928216,137.7467041015625,35760600,0.0,0.0
2026-01-30 00:00:00-05:00,136.0115249641907,139.413284651152,135.1194175625329,138.61920166015625,29657700,0.0,0.0
2026-02-02 00:00:00-05:00,137.0800772532881,137.56044620113823,135.34488223626485,135.67819213867188,27735600,0.0,0.0
2026-02-03 00:00:00-05:00,135.91348559607266,142.15820749031957,135.58997362759902,140.90338134765625,37577800,0.0,0.0
2026-02-04 00:00:00-05:00,141.28570982267485,144.9325529451777,141.28570982267485,144.68746948242188,29426200,0.0,0.0
2026-02-05 00:00:00-05:00,143.6973508081906,143.8443949157971,140.97202365001937,143.20718383789062,18431700,0.0,0.0
2026-02-06 00:00:00-05:00,143.73655519939692,146.62855224315575,143.2169794161954,146.1187744140625,17216000,0.0,0.0
2026-02-09 00:00:00-05:00,146.32461944756733,148.56959225474523,145.70701931770182,148.2362823486328,21297300,0.0,0.0
2026-02-10 00:00:00-05:00,148.3735398653639,148.79507625683397,146.87363021409703,148.6088104248047,15800300,0.0,0.0
2026-02-11 00:00:00-05:00,150.9420202819541,153.84380041252888,150.5498926833496,152.50074768066406,23091500,0.0,0.0
2026-02-12 00:00:00-05:00,151.86914039995418,153.2112816986525,147.9118045030338,147.9611358642578,30652500,1.03,0.0
2026-02-13 00:00:00-05:00,148.573009056918,149.66843335045488,146.0367505798841,146.50057983398438,20166000,0.0,0.0
2026-02-17 00:00:00-05:00,146.25386332053407,147.17165857121253,143.24391231753378,144.270263671875,19766600,0.0,0.0
2026-02-18 00:00:00-05:00,146.20451859059764,148.99735741858277,145.67161638544218,148.7012939453125,19849700,0.0,0.0
2026-02-19 00:00:00-05:00,150.20133141726754,151.36584368014013,148.85919011306916,148.98748779296875,20305000,0.0,0.0
2026-02-20 00:00:00-05:00,148.51380081276685,148.8295908063359,144.53672317214324,145.345947265625,25908600,0.0,0.0
2026-02-23 00:00:00-05:00,146.2045163413988,149.28355533426253,146.18478981965436,148.78024291992188,16073100,0.0,0.0
2026-02-24 00:00:00-05:00,148.44471274188743,148.7407762133805,146.08609834773506,147.29994201660156,14185500,0.0,0.0
2026-02-25 00:00:00-05:00,147.94141356259428,148.20785713109032,145.39529183251534,147.10256958007812,15225700,0.0,0.0
2026-02-26 00:00:00-05:00,145.8689764649243,148.97762012181042,144.8426402313522,146.58938598632812,15632100,0.0,0.0
2026-02-27 00:00:00-05:00,149.01710365170337,151.63229845401327,147.2900842385214,150.49740600585938,30275100,0.0,0.0
2026-03-02 00:00:00-05:00,157.25744744344775,157.5140277442215,151.0204334392882,152.19480895996094,31493100,0.0,0.0
2026-03-03 00:00:00-05:00,153.388913296314,154.00078180487054,148.32628979550924,149.83619689941406,25198900,0.0,0.0
2026-03-04 00:00:00-05:00,148.74077544915835,149.1749998639953,145.9183318111316,147.85260009765625,16764800,0.0,0.0
2026-03-05 00:00:00-05:00,149.0170967065771,150.32963320643273,147.5071895803822,148.78024291992188,22969300,0.0,0.0
2026-03-06 00:00:00-05:00,151.13886167079949,151.78033504800396,147.99076470220882,149.22434997558594,21136400,0.0,0.0
2026-03-09 00:00:00-04:00,150.0237005068187,151.8691391301945,147.50718371049803,148.46444702148438,25532700,0.0,0.0
2026-03-10 00:00:00-04:00,147.2900868194475,148.42497928748784,145.76043801499983,146.18479919433594,19617600,0.0,0.0
2026-03-11 00:00:00-04:00,146.046624457752,149.8164529995664,145.72095615785696,149.5894775390625,15297400,0.0,0.0
2026-03-12 00:00:00-04:00,150.27042175538625,152.96456766631465,149.63882672348768,151.5138702392578,26054000,0.0,0.0
2026-03-13 00:00:00-04:00,152.27376248734015,154.82974744779892,150.97108926767592,154.06985473632812,22414100,0.0,0.0
2026-03-16 00:00:00-04:00,153.95143953087205,155.70806372597428,152.7277175392131,155.165283203125,22835600,0.0,0.0
2026-03-17 00:00:00-04:00,156.17188931021934,158.34299629210685,154.74093346250348,156.7245330810547,21592200,0.0,0.0
2026-03-18 00:00:00-04:00,157.56337795891957,158.07653857282673,155.46134390714047,155.5205535888672,18947100,0.0,0.0
2026-03-19 00:00:00-04:00,156.18174662674213,157.46467822216096,152.80665939038394,156.08306884765625,27082700,0.0,0.0
2026-03-20 00:00:00-04:00,157.25745219688022,160.3068712918422,157.01073514922803,157.5732421875,53942100,0.0,0.0
2026-03-23 00:00:00-04:00,154.06986435705824,159.30026902536085,152.9843183312989,159.0140838623047,25021300,0.0,0.0
2026-03-24 00:00:00-04:00,159.58646273652485,165.2806813902276,159.13249674027693,163.20826721191406,26131800,0.0,0.0
2026-03-25 00:00:00-04:00,161.71809435727107,162.83326029190215,160.79043579838304,161.11610412597656,17192300,0.0,0.0
2026-03-26 00:00:00-04:00,161.9351991047626,163.50431592661914,159.9318578661477,163.25759887695312,18625200,0.0,0.0
2026-03-27 00:00:00-04:00,163.4056230540538,168.98142183830936,162.6358671348429,168.7445831298828,30338300,0.0,0.0
2026-03-30 00:00:00-04:00,170.24461319200663,174.09340787768787,168.80379417601876,169.21827697753906,29813500,0.0,0.0
2026-03-31 00:00:00-04:00,170.40252029916738,172.09007144795677,163.79050675840085,167.4320526123047,32006700,0.0,0.0
2026-04-01 00:00:00-04:00,163.59314847597437,165.79386038255356,157.43508538359336,158.66867065429688,37927600,0.0,0.0
2026-04-02 00:00:00-04:00,162.32995131495318,164.70829216920555,157.4942882287153,158.57984924316406,25377700,0.0,0.0
2026-04-06 00:00:00-04:00,158.46143620148837,161.59966989102813,157.4350848271786,161.2246551513672,16344300,0.0,0.0
2026-04-07 00:00:00-04:00,162.06349508840393,164.0569730451393,159.64567103873514,161.757568359375,25227500,0.0,0.0
2026-04-08 00:00:00-04:00,151.50400750448705,154.29684626632607,148.99735388970248,154.16854858398438,31311200,0.0,0.0
2026-04-09 00:00:00-04:00,154.80015098369313,157.1390238674347,152.28363398837865,153.00404357910156,25868400,0.0,0.0
2026-04-10 00:00:00-04:00,152.01715490726124,153.08297425812682,149.92499936208736,150.5072479248047,21065000,0.0,0.0
2026-04-13 00:00:00-04:00,152.244159041483,152.58955387101517,149.29341774875434,150.63555908203125,18685600,0.0,0.0
2026-04-14 00:00:00-04:00,148.09931479763057,148.13878289907458,144.79330037579695,147.28021240234375,18528200,0.0,0.0
2026-04-15 00:00:00-04:00,146.6486181452608,148.25720304523475,144.97093018596462,147.05322265625,15626500,0.0,0.0
2026-04-16 00:00:00-04:00,147.56639837260283,150.77371997111916,147.3887693274927,149.98422241210938,15191000,0.0,0.0
2026-04-17 00:00:00-04:00,142.95771435979552,144.8722408937409,140.10566613734218,144.5169677734375,28947400,0.0,0.0
2026-04-20 00:00:00-04:00,145.44462849031555,147.40848641370326,144.42815553036803,145.7406768798828,16354400,0.0,0.0
2026-04-21 00:00:00-04:00,145.43475353941858,146.85584607589826,144.31960277659698,146.41175842285156,17515900,0.0,0.0
2026-04-22 00:00:00-04:00,147.40849126178932,148.70128613345972,146.2341157498405,147.5367889404297,13738700,0.0,0.0
2026-04-23 00:00:00-04:00,147.88220528695376,149.24407315856882,146.54992719815058,148.5532684326172,12970400,0.0,0.0
2026-04-24 00:00:00-04:00,147.6749536212974,148.32629023309528,145.02027581191402,146.9545440673828,13735900,0.0,0.0
2026-04-27 00:00:00-04:00,147.20126666981344,149.19472962349624,146.0268910837684,146.24400329589844,13940800,0.0,0.0
2026-04-28 00:00:00-04:00,149.54013382081567,150.30988979505028,147.86246092975082,148.58287048339844,15173600,0.0,0.0
2026-04-29 00:00:00-04:00,150.02370608327118,152.9152226446687,149.0269595764905,152.63890075683594,14669100,0.0,0.0
2026-04-30 00:00:00-04:00,150.42830150729972,153.64550124162795,149.35261886191103,152.30335998535156,22885900,0.0,0.0
2026-05-01 00:00:00-04:00,150.60594916857974,152.97442670827715,149.14538852104675,150.74411010742188,15458200,0.0,0.0
2026-05-04 00:00:00-04:00,150.66515846041094,152.4415241398171,147.55652981525986,151.67176818847656,14238500,0.0,0.0
2026-05-05 00:00:00-04:00,151.08952150756775,153.25075013159284,150.40858006697343,152.8461456298828,12494600,0.0,0.0
2026-05-06 00:00:00-04:00,147.11244147126834,148.35588991182468,145.1584317038633,146.7374267578125,20527000,0.0,0.0
2026-05-07 00:00:00-04:00,144.87224830738384,145.14857018638108,142.29652181797798,144.65513610839844,22509400,0.0,0.0
2026-05-08 00:00:00-04:00,143.9347293661345,144.5761876566039,142.03006595775787,142.67153930664062,19550100,0.0,0.0
2026-05-11 00:00:00-04:00,144.10250542845526,147.75391492522851,144.08276384718866,147.7144317626953,14849500,0.0,0.0
2026-05-12 00:00:00-04:00,149.26381574762087,149.8164595321171,147.80325502310743,148.65196228027344,16443100,0.0,0.0
2026-05-13 00:00:00-04:00,148.0894397413527,149.79671751167356,147.71442500651165,149.57962036132812,15772800,0.0,0.0
2026-05-14 00:00:00-04:00,149.905263382453,151.10924370941106,149.27366837965636,150.77371215820312,11331500,0.0,0.0
2026-05-15 00:00:00-04:00,152.7608516688576,156.98350935726506,152.01567678266807,156.90402221679688,27882400,1.03,0.0
2026-05-18 00:00:00-04:00,156.30788510753027,160.6895017397437,154.23131965292822,159.45748901367188,20065200,0.0,0.0
2026-05-19 00:00:00-04:00,160.46099405822483,162.2692924138743,158.612959712182,161.50424194335938,20715600,0.0,0.0
2026-05-20 00:00:00-04:00,160.57027775243373,162.62695246090524,155.2646364435186,155.27456665039062,18509700,0.0,0.0
2026-05-21 00:00:00-04:00,157.40080741244543,158.36456815663448,152.47272592771048,154.2909393310547,17061700,0.0,0.0
2026-05-22 00:00:00-04:00,153.039050982118,154.54927634853834,152.1845831622433,153.92332458496094,12948500,0.0,0.0
2026-05-26 00:00:00-04:00,152.51245412992614,153.55570196228766,148.50838244281752,148.84619140625,13057800,0.0,0.0
2026-05-27 00:00:00-04:00,146.2827985604971,147.73341239068998,144.812324315,146.948486328125,16241100,0.0,0.0
2026-05-28 00:00:00-04:00,148.37921962101078,149.2436327977562,145.9251091176085,146.01454162597656,14012500,0.0,0.0
2026-05-29 00:00:00-04:00,145.2494947353263,145.9847242712525,143.77902050285167,144.32546997070312,27959900,0.0,0.0
2026-06-01 00:00:00-04:00,146.07415816976595,148.6872278824595,146.05428259382654,148.41897583007812,16732100,0.0,0.0
2026-06-02 00:00:00-04:00,148.0712197861663,149.8596425847688,147.54463073444197,148.59780883789062,10462400,0.0,0.0
2026-06-03 00:00:00-04:00,149.6410600803893,153.91339931686977,149.05485944903873,151.5487060546875,14373000,0.0,0.0
2026-06-04 00:00:00-04:00,151.07178923986044,152.44290069957347,149.96892981929165,151.0618438720703,11799400,0.0,0.0
2026-06-05 00:00:00-04:00,151.0320404901442,151.15127878116928,148.33948372439218,148.9554901123047,16584000,0.0,0.0
2026-06-08 00:00:00-04:00,150.18751157814702,152.82045666526088,149.92917459257427,150.77371215820312,13870900,0.0,0.0
2026-06-09 00:00:00-04:00,149.93912891268184,150.1577147624696,146.82926081757435,147.95199584960938,18163500,0.0,0.0
2026-06-10 00:00:00-04:00,150.25706190677164,151.5089654358688,148.5978076229357,149.65098571777344,14596500,0.0,0.0
2026-06-11 00:00:00-04:00,151.32018657890387,151.5089666465856,145.47801049142424,145.6568603515625,17285800,0.0,0.0
2026-06-12 00:00:00-04:00,144.69309749283448,147.95199447310367,144.21617464648634,146.064208984375,17713100,0.0,0.0
2026-06-15 00:00:00-04:00,138.8409959581125,141.06657534019064,136.83398727052634,140.01339721679688,23631400,0.0,0.0
2026-06-16 00:00:00-04:00,139.28808771120796,141.2354695284117,139.07943207905402,140.9473419189453,18925400,0.0,0.0
2026-06-17 00:00:00-04:00,140.31145660572122,141.42424618882197,139.41725285653254,139.8345489501953,16663200,0.0,0.0
2026-06-18 00:00:00-04:00,137.43012951128387,137.5692282188612,134.97601897282365,136.92340087890625,48063400,0.0,0.0
2026-06-22 00:00:00-04:00,137.64870437324234,138.10575166092363,136.1384941196488,137.57916259765625,15783300,0.0,0.0
2026-06-23 00:00:00-04:00,138.56278739587265,139.486796941336,137.60895690836153,138.83103942871094,13699400,0.0,0.0
2026-06-24 00:00:00-04:00,136.23784244879812,136.75450130722126,134.7176868182312,136.01925659179688,16212900,0.0,0.0
2026-06-25 00:00:00-04:00,134.76735400327686,137.18172838415734,134.08179072030313,136.66506958007812,13288800,0.0,0.0
2026-06-26 00:00:00-04:00,136.08880152709986,136.6948776843146,135.04555369443563,135.66156005859375,22684200,0.0,0.0
2026-06-29 00:00:00-04:00,135.70132071428984,136.5061071911013,134.51897409848138,135.18466186523438,11972700,0.0,0.0
2026-06-30 00:00:00-04:00,135.6019469157409,136.4166786942443,134.45935154509178,135.8404083251953,28784000,0.0,0.0
2026-07-01 00:00:00-04:00,135.6516356483452,136.60546617741443,134.75743184534812,135.4032440185547,12433400,0.0,0.0
2026-07-02 00:00:00-04:00,136.26763463349974,138.24483735700704,135.45291801558523,136.20802307128906,13703300,0.0,0.0
2026-07-06 00:00:00-04:00,135.67150299991567,136.48621961272076,135.13496862214214,135.5622100830078,13915100,0.0,0.0
2026-07-07 00:00:00-04:00,137.6685743295943,140.82812374084455,137.24134800388697,140.7784423828125,14667800,0.0,0.0
2026-07-08 00:00:00-04:00,142.5171821025025,143.0636467131422,138.91053083290223,140.2220458984375,18291400,0.0,0.0
2026-07-09 00:00:00-04:00,138.7614962690738,139.14898658435814,136.2378289556867,136.57565307617188,14110200,0.0,0.0
2026-07-10 00:00:00-04:00,137.01282036043938,138.0759438396731,136.25771524478435,137.9865264892578,9753500,0.0,0.0
2026-07-13 00:00:00-04:00,140.013391594685,144.29566085231056,139.58616526996687,143.58029174804688,18724300,0.0,0.0
2026-07-14 00:00:00-04:00,144.57385127298625,145.06070430003604,142.9642784465353,144.15655517578125,16096400,0.0,0.0
2026-07-15 00:00:00-04:00,144.15656214651605,144.15656214651605,141.11625103370636,143.58029174804688,13444500,0.0,0.0
2026-07-16 00:00:00-04:00,144.3453443482853,145.92511149334146,143.62004502594374,145.0110321044922,13518000,0.0,0.0
2026-07-17 00:00:00-04:00,148.07121098589766,149.03497168229288,146.2231767306124,146.41195678710938,19031400,0.0,0.0
2026-07-20 00:00:00-04:00,145.55749846162485,148.13083216789195,145.28923125020256,147.40553283691406,12149200,0.0,0.0
2026-07-21 00:00:00-04:00,148.0513366306137,150.78364446729043,147.52474760584934,150.73397827148438,13145300,0.0,0.0
2026-07-22 00:00:00-04:00,152.87014400150304,153.80409894761962,151.96599483786918,153.4563446044922,13788700,0.0,0.0
2026-07-23 00:00:00-04:00,155.59251814100296,157.54984533591656,155.05598374734197,155.88064575195312,15822800,0.0,0.0
2026-07-24 00:00:00-04:00,155.98000972608443,157.6889453127249,154.67842488089144,155.93032836914062,12091600,0.0,0.0
2026-07-27 00:00:00-04:00,152.08523196835614,154.420104155216,151.51889178426083,153.7742919921875,13955800,0.0,0.0
2026-07-28 00:00:00-04:00,153.17815498792126,155.17521831898253,150.9028942324521,152.055419921875,16299900,0.0,0.0
2026-07-29 00:00:00-04:00,156.7053073348219,158.04662815474293,154.85727306502608,155.74154663085938,14571300,0.0,0.0
2026-07-30 00:00:00-04:00,154.09223405988436,156.76493053038882,153.53583921231603,155.96014404296875,12578100,0.0,0.0
2026-07-31 00:00:00-04:00,152.7509270772818,155.1553563125088,151.16121453071767,154.4399871826172,15714200,0.0,0.0
2026-08-03 00:00:00-04:00,152.4727263545316,154.90696132074848,151.66792473036153,154.0624237060547,14532800,0.0,0.0
2026-08-04 00:00:00-04:00,150.6445556868725,153.84384119554895,148.13083352442996,152.96951293945312,14347900,0.0,0.0
2026-08-05 00:00:00-04:00,154.04254552700252,154.04254552700252,150.17757239730147,150.6544952392578,12227500,0.0,0.0
2026-08-06 00:00:00-04:00,153.227835140774,153.87364733649875,150.8631418913171,153.84384155273438,11879100,0.0,0.0
2026-08-07 00:00:00-04:00,151.65799936147022,152.68137170710398,150.55513987163098,152.055419921875,18455200,0.0,0.0
2026-08-10 00:00:00-04:00,153.50603299447087,159.33826383030498,153.45635163451644,158.76199340820312,19761600,0.0,0.0
2026-08-11 00:00:00-04:00,158.6328281788065,160.62989135010667,158.2453378571924,158.7719268798828,13744500,0.0,0.0
2026-08-12 00:00:00-04:00,157.5299675257101,159.19915192536513,156.54633125837117,158.7222442626953,13219500,0.0,0.0
2026-08-13 00:00:00-04:00,157.0133139569994,158.73217976988673,156.4171679882901,157.58958435058594,10542800,0.0,0.0
2026-08-14 00:00:00-04:00,158.68251698441384,160.22253297554738,158.22546971049474,159.07000732421875,10231300,0.0,0.0
2026-08-17 00:00:00-04:00,160.10000610351562,162.50999450683594,159.08999633789062,161.4600067138672,12858100,1.03,0.0
2026-08-18 00:00:00-04:00,164.35000610351562,165.6699981689453,163.25,165.55999755859375,18952700,0.0,0.0
2026-08-19 00:00:00-04:00,166.07000732421875,168.2100067138672,164.66000366210938,164.77000427246094,13648900,0.0,0.0
2026-08-20 00:00:00-04:00,167.02000427246094,168.63999938964844,166.07000732421875,166.14999389648438,13803000,0.0,0.0
2026-08-21 00:00:00-04:00,166.5399932861328,168.0,164.61000061035156,165.11000061035156,14314300,0.0,0.0
2026-08-24 00:00:00-04:00,163.8699951171875,165.22000122070312,162.25,164.0500030517578,10842500,0.0,0.0
2026-08-25 00:00:00-04:00,161.4499969482422,162.80999755859375,160.4600067138672,160.63999938964844,17525300,0.0,0.0
2026-08-26 00:00:00-04:00,158.0,161.1300048828125,157.75999450683594,158.19000244140625,14838400,0.0,0.0
2026-08-27 00:00:00-04:00,157.6300048828125,158.19000244140625,156.13999938964844,156.44000244140625,14288500,0.0,0.0
2026-08-28 00:00:00-04:00,156.60000610351562,157.4199981689453,155.32000732421875,156.7100067138672,11102309,0.0,0.0
