Date,Open,High,Low,Close,Volume,Dividends,Stock Splits
2022-01-03 00:00:00-05:00,37.93000030517578,38.41999816894531,36.400001525878906,37.83000183105469,430100,0.0,0.0
2022-01-04 00:00:00-05:00,37.279998779296875,37.82500076293945,35.06999969482422,35.90999984741211,494100,0.0,0.0
2022-01-05 00:00:00-05:00,35.59000015258789,36.5,32.880001068115234,33.18000030517578,513400,0.0,0.0
2022-01-06 00:00:00-05:00,33.630001068115234,34.03499984741211,31.725000381469727,33.09000015258789,533900,0.0,0.0
2022-01-07 00:00:00-05:00,34.04999923706055,34.16999816894531,32.599998474121094,32.90999984741211,337100,0.0,0.0
2022-01-10 00:00:00-05:00,32.70000076293945,33.849998474121094,31.860000610351562,33.40999984741211,442700,0.0,0.0
2022-01-11 00:00:00-05:00,33.630001068115234,34.5,32.90999984741211,33.08000183105469,445000,0.0,0.0
2022-01-12 00:00:00-05:00,33.119998931884766,33.52000045776367,31.209999084472656,31.40999984741211,437900,0.0,0.0
2022-01-13 00:00:00-05:00,31.450000762939453,31.829999923706055,29.670000076293945,29.889999389648438,530900,0.0,0.0
2022-01-14 00:00:00-05:00,28.299999237060547,29.31999969482422,27.770000457763672,28.600000381469727,874900,0.0,0.0
2022-01-18 00:00:00-05:00,28.299999237060547,30.729999542236328,28.270000457763672,30.18000030517578,1440800,0.0,0.0
2022-01-19 00:00:00-05:00,30.299999237060547,31.489999771118164,28.3799991607666,28.520000457763672,537900,0.0,0.0
2022-01-20 00:00:00-05:00,28.729999542236328,29.264999389648438,26.610000610351562,26.709999084472656,530300,0.0,0.0
2022-01-21 00:00:00-05:00,25.760000228881836,25.979999542236328,23.299999237060547,23.704999923706055,1308400,0.0,0.0
2022-01-24 00:00:00-05:00,23.3700008392334,24.350000381469727,21.850000381469727,24.18000030517578,974100,0.0,0.0
2022-01-25 00:00:00-05:00,23.780000686645508,27.200000762939453,23.68000030517578,26.65999984741211,1022600,0.0,0.0
2022-01-26 00:00:00-05:00,27.25,27.68000030517578,25.489999771118164,25.700000762939453,633300,0.0,0.0
2022-01-27 00:00:00-05:00,25.780000686645508,26.700000762939453,23.809999465942383,24.34000015258789,394000,0.0,0.0
2022-01-28 00:00:00-05:00,24.389999389648438,26.360000610351562,24.34000015258789,26.31999969482422,702500,0.0,0.0
2022-01-31 00:00:00-05:00,26.420000076293945,27.75,26.420000076293945,27.440000534057617,493500,0.0,0.0
2022-02-01 00:00:00-05:00,27.440000534057617,29.700000762939453,27.34000015258789,28.780000686645508,823100,0.0,0.0
2022-02-02 00:00:00-05:00,28.709999084472656,29.155000686645508,27.260000228881836,28.709999084472656,722100,0.0,0.0
2022-02-03 00:00:00-05:00,28.110000610351562,28.84000015258789,26.719999313354492,27.030000686645508,638700,0.0,0.0
2022-02-04 00:00:00-05:00,27.030000686645508,29.143999099731445,26.09000015258789,28.709999084472656,841000,0.0,0.0
2022-02-07 00:00:00-05:00,28.739999771118164,31.09000015258789,28.709999084472656,30.520000457763672,628400,0.0,0.0
2022-02-08 00:00:00-05:00,30.600000381469727,31.440000534057617,29.600000381469727,30.350000381469727,1240800,0.0,0.0
2022-02-09 00:00:00-05:00,30.610000610351562,32.18000030517578,30.59000015258789,32.11000061035156,531400,0.0,0.0
2022-02-10 00:00:00-05:00,31.420000076293945,32.91999816894531,31.09000015258789,31.5,588100,0.0,0.0
2022-02-11 00:00:00-05:00,31.610000610351562,32.58000183105469,31.1299991607666,32.060001373291016,607800,0.0,0.0
2022-02-14 00:00:00-05:00,31.360000610351562,32.5,30.809999465942383,31.200000762939453,568600,0.0,0.0
2022-02-15 00:00:00-05:00,31.860000610351562,33.97999954223633,31.600000381469727,33.75,439300,0.0,0.0
2022-02-16 00:00:00-05:00,33.54999923706055,34.369998931884766,30.760000228881836,31.610000610351562,1223400,0.0,0.0
2022-02-17 00:00:00-05:00,31.200000762939453,31.8799991607666,30.049999237060547,30.40999984741211,522100,0.0,0.0
2022-02-18 00:00:00-05:00,30.75,31.797000885009766,29.43000030517578,29.56999969482422,579700,0.0,0.0
2022-02-22 00:00:00-05:00,28.780000686645508,29.575000762939453,27.790000915527344,28.469999313354492,593300,0.0,0.0
2022-02-23 00:00:00-05:00,29.354999542236328,29.354999542236328,27.100000381469727,27.3799991607666,572000,0.0,0.0
2022-02-24 00:00:00-05:00,25.850000381469727,28.1200008392334,25.399999618530273,28.1200008392334,734600,0.0,0.0
2022-02-25 00:00:00-05:00,28.540000915527344,28.540000915527344,27.417999267578125,28.190000534057617,471500,0.0,0.0
2022-02-28 00:00:00-05:00,27.860000610351562,28.690000534057617,27.530000686645508,28.110000610351562,533000,0.0,0.0
2022-03-01 00:00:00-05:00,28.81999969482422,32.279998779296875,28.81999969482422,30.979999542236328,1431500,0.0,0.0
2022-03-02 00:00:00-05:00,30.579999923706055,31.739999771118164,29.312000274658203,31.450000762939453,892900,0.0,0.0
2022-03-03 00:00:00-05:00,31.239999771118164,31.8799991607666,29.618000030517578,30.459999084472656,476600,0.0,0.0
2022-03-04 00:00:00-05:00,30.049999237060547,31.219999313354492,29.520000457763672,29.90999984741211,956900,0.0,0.0
2022-03-07 00:00:00-05:00,29.68000030517578,30.518999099731445,28.3799991607666,28.850000381469727,445800,0.0,0.0
2022-03-08 00:00:00-05:00,28.850000381469727,29.360000610351562,27.735000610351562,28.25,764800,0.0,0.0
2022-03-09 00:00:00-05:00,28.559999465942383,31.219999313354492,28.34000015258789,31.1299991607666,637600,0.0,0.0
2022-03-10 00:00:00-05:00,30.81999969482422,32.790000915527344,30.740999221801758,31.90999984741211,696300,0.0,0.0
2022-03-11 00:00:00-05:00,32.119998931884766,33.61000061035156,31.809999465942383,32.790000915527344,442500,0.0,0.0
2022-03-14 00:00:00-04:00,33.0099983215332,33.029998779296875,27.8799991607666,28.600000381469727,863700,0.0,0.0
2022-03-15 00:00:00-04:00,28.959999084472656,29.266000747680664,27.332000732421875,29.1299991607666,541300,0.0,0.0
2022-03-16 00:00:00-04:00,29.600000381469727,31.549999237060547,29.0,31.510000228881836,628400,0.0,0.0
2022-03-17 00:00:00-04:00,31.549999237060547,34.25,30.8700008392334,34.18000030517578,617600,0.0,0.0
2022-03-18 00:00:00-04:00,33.93000030517578,35.099998474121094,33.33000183105469,33.61000061035156,1120000,0.0,0.0
2022-03-21 00:00:00-04:00,34.38999938964844,34.939998626708984,32.61000061035156,33.29999923706055,437900,0.0,0.0
2022-03-22 00:00:00-04:00,33.380001068115234,34.93000030517578,33.209999084472656,34.439998626708984,492000,0.0,0.0
2022-03-23 00:00:00-04:00,34.130001068115234,36.15999984741211,34.00400161743164,34.56999969482422,418800,0.0,0.0
2022-03-24 00:00:00-04:00,34.810001373291016,35.97999954223633,34.75,35.97999954223633,427900,0.0,0.0
2022-03-25 00:00:00-04:00,36.040000915527344,36.215999603271484,34.52000045776367,35.36000061035156,469800,0.0,0.0
2022-03-28 00:00:00-04:00,36.470001220703125,39.290000915527344,34.5099983215332,35.11000061035156,1494700,0.0,0.0
2022-03-29 00:00:00-04:00,36.060001373291016,40.90999984741211,35.75,39.310001373291016,1769700,0.0,0.0
2022-03-30 00:00:00-04:00,39.41999816894531,41.400001525878906,38.5099983215332,40.02000045776367,1005200,0.0,0.0
2022-03-31 00:00:00-04:00,40.11000061035156,41.95000076293945,40.0,41.38999938964844,910800,0.0,0.0
2022-04-01 00:00:00-04:00,41.81999969482422,43.95000076293945,41.375,43.90999984741211,816000,0.0,0.0
2022-04-04 00:00:00-04:00,44.290000915527344,46.470001220703125,43.369998931884766,46.380001068115234,808700,0.0,0.0
2022-04-05 00:00:00-04:00,46.560001373291016,47.400001525878906,45.7760009765625,46.75,517600,0.0,0.0
2022-04-06 00:00:00-04:00,46.11000061035156,47.20000076293945,44.70899963378906,46.720001220703125,691200,0.0,0.0
2022-04-07 00:00:00-04:00,46.849998474121094,47.040000915527344,43.400001525878906,44.20000076293945,767100,0.0,0.0
2022-04-08 00:00:00-04:00,44.099998474121094,44.45000076293945,40.41999816894531,40.689998626708984,801100,0.0,0.0
2022-04-11 00:00:00-04:00,40.45000076293945,41.25199890136719,39.25,40.439998626708984,765100,0.0,0.0
2022-04-12 00:00:00-04:00,40.61000061035156,41.5099983215332,37.83000183105469,38.349998474121094,590600,0.0,0.0
2022-04-13 00:00:00-04:00,38.189998626708984,39.65999984741211,37.97999954223633,38.0,634200,0.0,0.0
2022-04-14 00:00:00-04:00,37.869998931884766,37.880001068115234,36.099998474121094,36.86000061035156,602600,0.0,0.0
2022-04-18 00:00:00-04:00,36.689998626708984,36.72999954223633,32.56999969482422,32.70000076293945,989500,0.0,0.0
2022-04-19 00:00:00-04:00,40.2599983215332,41.61000061035156,38.04999923706055,40.91999816894531,10981100,0.0,0.0
2022-04-20 00:00:00-04:00,40.59000015258789,43.52000045776367,39.06999969482422,43.040000915527344,1749900,0.0,0.0
2022-04-21 00:00:00-04:00,43.81999969482422,44.529998779296875,39.4900016784668,39.599998474121094,1247500,0.0,0.0
2022-04-22 00:00:00-04:00,39.20000076293945,40.08300018310547,38.599998474121094,39.099998474121094,708200,0.0,0.0
2022-04-25 00:00:00-04:00,30.399999618530273,31.75,28.8799991607666,30.5,4406800,0.0,0.0
2022-04-26 00:00:00-04:00,30.18000030517578,30.952999114990234,28.969999313354492,29.989999771118164,1697100,0.0,0.0
2022-04-27 00:00:00-04:00,30.0,31.610000610351562,30.0,30.5,785800,0.0,0.0
2022-04-28 00:00:00-04:00,30.940000534057617,32.61000061035156,29.69499969482422,32.0,856700,0.0,0.0
2022-04-29 00:00:00-04:00,31.93000030517578,33.54499816894531,31.489999771118164,31.75,735400,0.0,0.0
2022-05-02 00:00:00-04:00,31.110000610351562,34.15999984741211,30.200000762939453,34.040000915527344,1331600,0.0,0.0
2022-05-03 00:00:00-04:00,34.40999984741211,37.09000015258789,33.83000183105469,35.84000015258789,910100,0.0,0.0
2022-05-04 00:00:00-04:00,36.45000076293945,38.63999938964844,34.095001220703125,38.5,1097000,0.0,0.0
2022-05-05 00:00:00-04:00,37.97999954223633,38.79999923706055,35.70000076293945,36.7400016784668,641300,0.0,0.0
2022-05-06 00:00:00-04:00,36.0099983215332,36.060001373291016,28.861000061035156,29.81999969482422,2958800,0.0,0.0
2022-05-09 00:00:00-04:00,29.040000915527344,29.469999313354492,26.56999969482422,26.81999969482422,1046500,0.0,0.0
2022-05-10 00:00:00-04:00,28.479999542236328,29.600000381469727,27.05500030517578,29.290000915527344,884700,0.0,0.0
2022-05-11 00:00:00-04:00,29.0,29.200000762939453,25.59000015258789,25.790000915527344,944000,0.0,0.0
2022-05-12 00:00:00-04:00,25.209999084472656,26.0,24.1299991607666,25.34000015258789,1281900,0.0,0.0
2022-05-13 00:00:00-04:00,25.920000076293945,28.829999923706055,25.920000076293945,27.899999618530273,710900,0.0,0.0
2022-05-16 00:00:00-04:00,27.920000076293945,30.929000854492188,27.1299991607666,30.81999969482422,574800,0.0,0.0
2022-05-17 00:00:00-04:00,31.0,33.720001220703125,30.788000106811523,33.58000183105469,970000,0.0,0.0
2022-05-18 00:00:00-04:00,32.529998779296875,33.637001037597656,30.530000686645508,31.1299991607666,665200,0.0,0.0
2022-05-19 00:00:00-04:00,30.920000076293945,32.380001068115234,30.850000381469727,31.510000228881836,441800,0.0,0.0
2022-05-20 00:00:00-04:00,32.0099983215332,33.2599983215332,29.899999618530273,31.649999618530273,840000,0.0,0.0
2022-05-23 00:00:00-04:00,31.649999618530273,31.739999771118164,27.110000610351562,28.15999984741211,1105700,0.0,0.0
2022-05-24 00:00:00-04:00,27.18000030517578,27.549999237060547,25.809999465942383,26.049999237060547,881700,0.0,0.0
2022-05-25 00:00:00-04:00,25.850000381469727,26.75,24.489999771118164,25.270000457763672,676800,0.0,0.0
2022-05-26 00:00:00-04:00,25.0,25.860000610351562,24.0,24.1299991607666,837700,0.0,0.0
2022-05-27 00:00:00-04:00,23.93000030517578,26.829999923706055,23.280000686645508,26.459999084472656,760700,0.0,0.0
2022-05-31 00:00:00-04:00,26.079999923706055,27.15999984741211,24.309999465942383,25.0,950300,0.0,0.0
2022-06-01 00:00:00-04:00,25.25,25.719999313354492,23.510000228881836,24.030000686645508,665800,0.0,0.0
2022-06-02 00:00:00-04:00,23.540000915527344,25.74799919128418,23.06999969482422,24.780000686645508,708700,0.0,0.0
2022-06-03 00:00:00-04:00,24.420000076293945,26.260000228881836,24.290000915527344,25.530000686645508,609800,0.0,0.0
2022-06-06 00:00:00-04:00,26.229999542236328,26.420000076293945,24.350000381469727,25.969999313354492,706000,0.0,0.0
2022-06-07 00:00:00-04:00,25.59000015258789,28.600000381469727,25.59000015258789,28.489999771118164,703900,0.0,0.0
2022-06-08 00:00:00-04:00,28.260000228881836,28.975000381469727,27.399999618530273,27.670000076293945,692000,0.0,0.0
2022-06-09 00:00:00-04:00,27.25,27.450000762939453,25.420000076293945,26.020000457763672,612900,0.0,0.0
2022-06-10 00:00:00-04:00,25.309999465942383,25.649999618530273,23.649999618530273,24.350000381469727,707800,0.0,0.0
2022-06-13 00:00:00-04:00,23.299999237060547,23.700000762939453,21.67300033569336,22.18000030517578,801200,0.0,0.0
2022-06-14 00:00:00-04:00,22.31999969482422,23.34000015258789,22.06999969482422,22.6200008392334,730700,0.0,0.0
2022-06-15 00:00:00-04:00,22.670000076293945,23.700000762939453,22.149999618530273,23.0,596000,0.0,0.0
2022-06-16 00:00:00-04:00,22.479999542236328,22.479999542236328,20.6299991607666,21.739999771118164,735700,0.0,0.0
2022-06-17 00:00:00-04:00,22.0,23.690000534057617,21.639999389648438,22.690000534057617,1128700,0.0,0.0
2022-06-21 00:00:00-04:00,22.940000534057617,24.190000534057617,22.84000015258789,22.8799991607666,735600,0.0,0.0
2022-06-22 00:00:00-04:00,22.170000076293945,25.190000534057617,22.010000228881836,23.56999969482422,1120300,0.0,0.0
2022-06-23 00:00:00-04:00,23.75,24.770000457763672,22.719999313354492,24.75,702900,0.0,0.0
2022-06-24 00:00:00-04:00,25.18000030517578,25.31999969482422,23.850000381469727,24.459999084472656,701600,0.0,0.0
2022-06-27 00:00:00-04:00,34.619998931884766,38.75,32.599998474121094,37.029998779296875,23596000,0.0,0.0
2022-06-28 00:00:00-04:00,35.849998474121094,39.72999954223633,34.68000030517578,37.959999084472656,5495100,0.0,0.0
2022-06-29 00:00:00-04:00,38.400001525878906,39.79999923706055,35.91600036621094,36.4900016784668,3699800,0.0,0.0
2022-06-30 00:00:00-04:00,35.939998626708984,38.66999816894531,35.209999084472656,38.29999923706055,1784000,0.0,0.0
2022-07-01 00:00:00-04:00,38.08000183105469,40.720001220703125,37.189998626708984,40.63999938964844,1537300,0.0,0.0
2022-07-05 00:00:00-04:00,40.47999954223633,42.27000045776367,38.900001525878906,41.209999084472656,1570900,0.0,0.0
2022-07-06 00:00:00-04:00,41.40999984741211,43.560001373291016,40.97999954223633,42.7400016784668,1331800,0.0,0.0
2022-07-07 00:00:00-04:00,42.75,45.290000915527344,42.75,45.11000061035156,1428200,0.0,0.0
2022-07-08 00:00:00-04:00,45.11000061035156,47.4900016784668,44.400001525878906,45.599998474121094,1477100,0.0,0.0
2022-07-11 00:00:00-04:00,45.290000915527344,45.97999954223633,42.854000091552734,43.279998779296875,892000,0.0,0.0
2022-07-12 00:00:00-04:00,43.06999969482422,43.70000076293945,40.80500030517578,42.029998779296875,990500,0.0,0.0
2022-07-13 00:00:00-04:00,41.650001525878906,45.349998474121094,41.01100158691406,44.83000183105469,1330200,0.0,0.0
2022-07-14 00:00:00-04:00,44.5099983215332,44.540000915527344,43.27000045776367,44.11000061035156,689900,0.0,0.0
2022-07-15 00:00:00-04:00,44.439998626708984,44.45000076293945,41.68000030517578,43.689998626708984,898600,0.0,0.0
2022-07-18 00:00:00-04:00,44.130001068115234,44.31999969482422,40.8129997253418,41.02000045776367,776000,0.0,0.0
2022-07-19 00:00:00-04:00,41.220001220703125,44.0,40.689998626708984,43.970001220703125,922300,0.0,0.0
2022-07-20 00:00:00-04:00,44.279998779296875,46.25,44.0,44.38999938964844,795800,0.0,0.0
2022-07-21 00:00:00-04:00,44.529998779296875,45.17300033569336,42.11000061035156,42.619998931884766,652700,0.0,0.0
2022-07-22 00:00:00-04:00,43.2599983215332,43.983001708984375,40.209999084472656,40.310001373291016,763200,0.0,0.0
2022-07-25 00:00:00-04:00,40.72999954223633,40.72999954223633,37.900001525878906,38.4900016784668,934400,0.0,0.0
2022-07-26 00:00:00-04:00,38.400001525878906,38.60599899291992,36.709999084472656,37.439998626708984,676900,0.0,0.0
2022-07-27 00:00:00-04:00,37.66999816894531,38.91999816894531,37.040000915527344,38.5099983215332,637900,0.0,0.0
2022-07-28 00:00:00-04:00,39.040000915527344,39.290000915527344,36.54999923706055,38.540000915527344,610700,0.0,0.0
2022-07-29 00:00:00-04:00,38.540000915527344,38.77000045776367,37.10499954223633,38.59000015258789,552800,0.0,0.0
2022-08-01 00:00:00-04:00,38.45000076293945,38.59000015258789,35.93000030517578,36.060001373291016,744300,0.0,0.0
2022-08-02 00:00:00-04:00,35.5099983215332,37.15999984741211,35.15999984741211,37.11000061035156,550400,0.0,0.0
2022-08-03 00:00:00-04:00,37.599998474121094,39.93000030517578,37.369998931884766,38.08000183105469,515600,0.0,0.0
2022-08-04 00:00:00-04:00,38.59000015258789,40.301998138427734,38.380001068115234,40.0099983215332,781000,0.0,0.0
2022-08-05 00:00:00-04:00,39.45000076293945,44.060001373291016,38.119998931884766,43.439998626708984,1014500,0.0,0.0
2022-08-08 00:00:00-04:00,43.880001068115234,45.27000045776367,41.79999923706055,43.310001373291016,966300,0.0,0.0
2022-08-09 00:00:00-04:00,41.0,46.970001220703125,40.5099983215332,44.7599983215332,1634500,0.0,0.0
2022-08-10 00:00:00-04:00,45.0099983215332,48.45000076293945,43.779998779296875,48.36000061035156,1221000,0.0,0.0
2022-08-11 00:00:00-04:00,48.36000061035156,48.81999969482422,44.665000915527344,45.31999969482422,1143600,0.0,0.0
2022-08-12 00:00:00-04:00,45.630001068115234,47.11800003051758,45.119998931884766,46.27000045776367,603200,0.0,0.0
2022-08-15 00:00:00-04:00,46.38999938964844,48.540000915527344,45.77000045776367,47.369998931884766,772100,0.0,0.0
2022-08-16 00:00:00-04:00,46.95000076293945,47.29999923706055,43.5099983215332,44.25,1020200,0.0,0.0
2022-08-17 00:00:00-04:00,43.5099983215332,44.959999084472656,42.915000915527344,43.130001068115234,757000,0.0,0.0
2022-08-18 00:00:00-04:00,43.43000030517578,43.43000030517578,41.43000030517578,42.43000030517578,591200,0.0,0.0
2022-08-19 00:00:00-04:00,51.88999938964844,61.11000061035156,50.5,59.54999923706055,22006300,0.0,0.0
2022-08-22 00:00:00-04:00,59.5,65.33999633789062,59.0,64.45999908447266,6270400,0.0,0.0
2022-08-23 00:00:00-04:00,65.41999816894531,66.66999816894531,62.75,66.55999755859375,2556500,0.0,0.0
2022-08-24 00:00:00-04:00,66.8499984741211,68.38999938964844,65.16000366210938,66.23999786376953,2205100,0.0,0.0
2022-08-25 00:00:00-04:00,66.5,70.66000366210938,66.2300033569336,69.8499984741211,2082200,0.0,0.0
2022-08-26 00:00:00-04:00,70.51000213623047,71.9800033569336,66.45500183105469,67.12999725341797,1803400,0.0,0.0
2022-08-29 00:00:00-04:00,66.58000183105469,67.8219985961914,63.63999938964844,64.25,1445400,0.0,0.0
2022-08-30 00:00:00-04:00,64.6500015258789,65.41000366210938,59.20000076293945,61.2400016784668,1783900,0.0,0.0
2022-08-31 00:00:00-04:00,62.06999969482422,63.98899841308594,59.7400016784668,63.79999923706055,1220100,0.0,0.0
2022-09-01 00:00:00-04:00,62.790000915527344,63.9900016784668,60.86000061035156,62.59000015258789,1063400,0.0,0.0
2022-09-02 00:00:00-04:00,62.91999816894531,64.9800033569336,61.779998779296875,62.9900016784668,781100,0.0,0.0
2022-09-06 00:00:00-04:00,63.25,63.2599983215332,60.112998962402344,60.790000915527344,880200,0.0,0.0
2022-09-07 00:00:00-04:00,61.25,62.45000076293945,59.81999969482422,61.380001068115234,818800,0.0,0.0
2022-09-08 00:00:00-04:00,61.380001068115234,61.95000076293945,58.880001068115234,61.209999084472656,757600,0.0,0.0
2022-09-09 00:00:00-04:00,61.88999938964844,63.040000915527344,60.130001068115234,62.06999969482422,1093500,0.0,0.0
2022-09-12 00:00:00-04:00,62.4900016784668,62.88800048828125,59.560001373291016,62.27000045776367,785000,0.0,0.0
2022-09-13 00:00:00-04:00,60.38999938964844,61.6349983215332,58.25,60.95000076293945,1380700,0.0,0.0
2022-09-14 00:00:00-04:00,60.939998626708984,64.13999938964844,59.86000061035156,63.150001525878906,1416300,0.0,0.0
2022-09-15 00:00:00-04:00,62.619998931884766,64.80999755859375,60.900001525878906,61.689998626708984,1190300,0.0,0.0
2022-09-16 00:00:00-04:00,60.5,60.52000045776367,58.02000045776367,59.20000076293945,1693100,0.0,0.0
2022-09-19 00:00:00-04:00,58.650001525878906,60.5,58.08000183105469,59.65999984741211,859600,0.0,0.0
2022-09-20 00:00:00-04:00,59.04999923706055,60.279998779296875,58.130001068115234,58.130001068115234,648600,0.0,0.0
2022-09-21 00:00:00-04:00,58.0,58.0099983215332,53.29999923706055,53.54999923706055,1447600,0.0,0.0
2022-09-22 00:00:00-04:00,53.130001068115234,53.54999923706055,51.04899978637695,52.220001220703125,1363400,0.0,0.0
2022-09-23 00:00:00-04:00,51.0,51.88999938964844,49.279998779296875,50.2599983215332,1312200,0.0,0.0
2022-09-26 00:00:00-04:00,49.290000915527344,50.06999969482422,45.150001525878906,45.36000061035156,2428400,0.0,0.0
2022-09-27 00:00:00-04:00,46.5,46.65299987792969,44.630001068115234,44.939998626708984,1148700,0.0,0.0
2022-09-28 00:00:00-04:00,45.79999923706055,47.45000076293945,45.599998474121094,46.66999816894531,1004900,0.0,0.0
2022-09-29 00:00:00-04:00,47.0,47.59299850463867,43.970001220703125,44.150001525878906,975300,0.0,0.0
2022-09-30 00:00:00-04:00,44.2599983215332,46.56999969482422,44.01100158691406,44.619998931884766,1085000,0.0,0.0
2022-10-03 00:00:00-04:00,45.54999923706055,46.09000015258789,43.375,45.33000183105469,1255000,0.0,0.0
2022-10-04 00:00:00-04:00,46.099998474121094,47.56999969482422,45.55500030517578,46.959999084472656,835000,0.0,0.0
2022-10-05 00:00:00-04:00,46.04999923706055,46.83000183105469,45.060001373291016,46.08000183105469,545600,0.0,0.0
2022-10-06 00:00:00-04:00,45.90999984741211,48.88999938964844,44.81399917602539,48.5,1128800,0.0,0.0
2022-10-07 00:00:00-04:00,48.02000045776367,48.650001525878906,45.349998474121094,45.81999969482422,1098400,0.0,0.0
2022-10-10 00:00:00-04:00,45.400001525878906,45.400001525878906,43.25,43.84000015258789,910700,0.0,0.0
2022-10-11 00:00:00-04:00,43.54999923706055,44.35499954223633,41.77000045776367,42.56999969482422,1439500,0.0,0.0
2022-10-12 00:00:00-04:00,42.38999938964844,42.71900177001953,39.540000915527344,41.43000030517578,1412100,0.0,0.0
2022-10-13 00:00:00-04:00,43.900001525878906,46.7599983215332,43.25,46.209999084472656,2821900,0.0,0.0
2022-10-14 00:00:00-04:00,46.83000183105469,48.400001525878906,45.15999984741211,48.0,1907200,0.0,0.0
2022-10-17 00:00:00-04:00,48.9900016784668,50.0,47.61000061035156,48.16999816894531,1123400,0.0,0.0
2022-10-18 00:00:00-04:00,48.88999938964844,49.130001068115234,47.27000045776367,47.720001220703125,1250000,0.0,0.0
2022-10-19 00:00:00-04:00,47.25,47.880001068115234,44.529998779296875,45.040000915527344,1257300,0.0,0.0
2022-10-20 00:00:00-04:00,44.720001220703125,45.97999954223633,43.900001525878906,44.209999084472656,1022500,0.0,0.0
2022-10-21 00:00:00-04:00,44.16999816894531,44.68000030517578,40.97999954223633,41.47999954223633,1379500,0.0,0.0
2022-10-24 00:00:00-04:00,41.36000061035156,41.95000076293945,38.869998931884766,39.939998626708984,1306500,0.0,0.0
2022-10-25 00:00:00-04:00,40.060001373291016,41.029998779296875,39.68000030517578,40.040000915527344,954500,0.0,0.0
2022-10-26 00:00:00-04:00,40.310001373291016,42.79999923706055,39.93000030517578,40.849998474121094,884900,0.0,0.0
2022-10-27 00:00:00-04:00,41.04999923706055,43.119998931884766,40.439998626708984,41.959999084472656,796600,0.0,0.0
2022-10-28 00:00:00-04:00,42.2599983215332,42.55400085449219,40.880001068115234,42.31999969482422,674700,0.0,0.0
2022-10-31 00:00:00-04:00,42.59000015258789,46.0,42.27000045776367,45.150001525878906,1394800,0.0,0.0
2022-11-01 00:00:00-04:00,46.0,49.11000061035156,44.98500061035156,48.869998931884766,1556100,0.0,0.0
2022-11-02 00:00:00-04:00,48.84000015258789,51.555999755859375,47.5099983215332,50.5,1482300,0.0,0.0
2022-11-03 00:00:00-04:00,50.0,60.9900016784668,49.85499954223633,60.38999938964844,4349400,0.0,0.0
2022-11-04 00:00:00-04:00,58.060001373291016,59.7130012512207,55.54199981689453,57.09000015258789,1852100,0.0,0.0
2022-11-07 00:00:00-05:00,54.27000045776367,58.83000183105469,53.2599983215332,56.81999969482422,1174700,0.0,0.0
2022-11-08 00:00:00-05:00,56.86000061035156,66.0,56.79999923706055,63.459999084472656,1950600,0.0,0.0
2022-11-09 00:00:00-05:00,63.61000061035156,66.1500015258789,58.58000183105469,59.02000045776367,1454000,0.0,0.0
2022-11-10 00:00:00-05:00,61.619998931884766,63.0,55.81999969482422,58.290000915527344,1973400,0.0,0.0
2022-11-11 00:00:00-05:00,59.72999954223633,60.0,54.400001525878906,59.0099983215332,1688600,0.0,0.0
2022-11-14 00:00:00-05:00,59.099998474121094,59.529998779296875,54.599998474121094,54.84000015258789,1482100,0.0,0.0
2022-11-15 00:00:00-05:00,55.70000076293945,59.26499938964844,54.099998474121094,54.91999816894531,1464000,0.0,0.0
2022-11-16 00:00:00-05:00,54.79999923706055,55.24800109863281,51.150001525878906,51.45000076293945,981100,0.0,0.0
2022-11-17 00:00:00-05:00,50.290000915527344,54.29999923706055,49.810001373291016,53.2599983215332,1028400,0.0,0.0
2022-11-18 00:00:00-05:00,52.2400016784668,56.81999969482422,49.599998474121094,56.16999816894531,1202200,0.0,0.0
2022-11-21 00:00:00-05:00,56.0,57.95000076293945,55.2599983215332,57.25,1174700,0.0,0.0
2022-11-22 00:00:00-05:00,57.04999923706055,59.97999954223633,56.880001068115234,57.22999954223633,1096300,0.0,0.0
2022-11-23 00:00:00-05:00,57.7599983215332,58.03900146484375,55.96500015258789,56.220001220703125,771000,0.0,0.0
2022-11-25 00:00:00-05:00,56.02000045776367,57.16999816894531,55.310001373291016,56.81999969482422,327400,0.0,0.0
2022-11-28 00:00:00-05:00,71.03500366210938,79.68000030517578,68.12000274658203,74.73999786376953,10727700,0.0,0.0
2022-11-29 00:00:00-05:00,75.5,75.9800033569336,70.4000015258789,70.83999633789062,2951600,0.0,0.0
2022-11-30 00:00:00-05:00,71.16999816894531,74.08000183105469,69.26499938964844,72.29000091552734,1643200,0.0,0.0
2022-12-01 00:00:00-05:00,72.12999725341797,73.76000213623047,70.43000030517578,71.97000122070312,1034900,0.0,0.0
2022-12-02 00:00:00-05:00,71.4800033569336,78.0,70.5199966430664,76.9000015258789,2040800,0.0,0.0
2022-12-05 00:00:00-05:00,76.59500122070312,80.87000274658203,75.18000030517578,77.29000091552734,2372200,0.0,0.0
2022-12-06 00:00:00-05:00,76.37000274658203,78.18000030517578,73.58000183105469,75.26000213623047,1080200,0.0,0.0
2022-12-07 00:00:00-05:00,75.5,79.0999984741211,74.0199966430664,78.16000366210938,1180400,0.0,0.0
2022-12-08 00:00:00-05:00,77.83000183105469,79.97000122070312,75.79499816894531,77.8499984741211,899700,0.0,0.0
2022-12-09 00:00:00-05:00,77.91000366210938,78.79000091552734,74.61000061035156,74.86000061035156,808100,0.0,0.0
2022-12-12 00:00:00-05:00,75.0,79.5199966430664,73.6500015258789,79.37000274658203,1019500,0.0,0.0
2022-12-13 00:00:00-05:00,80.0,82.0,78.41999816894531,79.44999694824219,850700,0.0,0.0
2022-12-14 00:00:00-05:00,79.44999694824219,81.16000366210938,77.04000091552734,79.72000122070312,803000,0.0,0.0
2022-12-15 00:00:00-05:00,79.41999816894531,80.47000122070312,76.54000091552734,77.45999908447266,795600,0.0,0.0
2022-12-16 00:00:00-05:00,76.3499984741211,79.66999816894531,75.61399841308594,78.4000015258789,1175800,0.0,0.0
2022-12-19 00:00:00-05:00,78.62000274658203,79.0999984741211,74.79100036621094,75.80999755859375,978500,0.0,0.0
2022-12-20 00:00:00-05:00,75.18000030517578,76.83000183105469,73.41000366210938,74.6500015258789,693400,0.0,0.0
2022-12-21 00:00:00-05:00,74.80000305175781,75.91999816894531,73.38200378417969,74.33999633789062,752100,0.0,0.0
2022-12-22 00:00:00-05:00,74.33000183105469,75.48999786376953,73.5,75.12999725341797,625500,0.0,0.0
2022-12-23 00:00:00-05:00,75.52999877929688,76.09500122070312,71.44999694824219,73.79000091552734,1008100,0.0,0.0
2022-12-27 00:00:00-05:00,74.18000030517578,76.95999908447266,73.5,75.52999877929688,648700,0.0,0.0
2022-12-28 00:00:00-05:00,74.70999908447266,76.44000244140625,73.30000305175781,75.0,768500,0.0,0.0
2022-12-29 00:00:00-05:00,75.87999725341797,78.9000015258789,75.12999725341797,76.5,834300,0.0,0.0
2022-12-30 00:00:00-05:00,75.51000213623047,77.41699981689453,75.01300048828125,77.12999725341797,671900,0.0,0.0
2023-01-03 00:00:00-05:00,77.69999694824219,77.69999694824219,72.87999725341797,73.31999969482422,1094200,0.0,0.0
2023-01-04 00:00:00-05:00,73.5199966430664,74.45999908447266,72.30999755859375,73.33999633789062,724400,0.0,0.0
2023-01-05 00:00:00-05:00,72.0,72.8499984741211,68.66000366210938,69.04000091552734,1208500,0.0,0.0
2023-01-06 00:00:00-05:00,68.73999786376953,70.5,67.80999755859375,67.98999786376953,655200,0.0,0.0
2023-01-09 00:00:00-05:00,68.11000061035156,68.75,61.2599983215332,63.31999969482422,2233900,0.0,0.0
2023-01-10 00:00:00-05:00,63.2400016784668,64.95999908447266,62.97800064086914,63.5,703900,0.0,0.0
2023-01-11 00:00:00-05:00,62.880001068115234,62.880001068115234,61.02199935913086,62.15999984741211,1695100,0.0,0.0
2023-01-12 00:00:00-05:00,62.08000183105469,65.0,59.81999969482422,64.9000015258789,1346000,0.0,0.0
2023-01-13 00:00:00-05:00,64.0999984741211,67.66999816894531,64.0999984741211,67.30000305175781,1114200,0.0,0.0
2023-01-17 00:00:00-05:00,66.95999908447266,69.62999725341797,65.54000091552734,68.19000244140625,685900,0.0,0.0
2023-01-18 00:00:00-05:00,68.13999938964844,70.20999908447266,67.68000030517578,70.02999877929688,762800,0.0,0.0
2023-01-19 00:00:00-05:00,69.77999877929688,73.04000091552734,67.24099731445312,68.05000305175781,988000,0.0,0.0
2023-01-20 00:00:00-05:00,69.45999908447266,71.23999786376953,68.2750015258789,70.83000183105469,970300,0.0,0.0
2023-01-23 00:00:00-05:00,71.02999877929688,73.4000015258789,69.5,69.75,1000900,0.0,0.0
2023-01-24 00:00:00-05:00,69.0,70.80999755859375,68.33000183105469,70.80999755859375,698800,0.0,0.0
2023-01-25 00:00:00-05:00,70.88999938964844,74.0999984741211,70.58999633789062,73.9800033569336,790800,0.0,0.0
2023-01-26 00:00:00-05:00,74.36000061035156,75.58499908447266,70.87999725341797,71.5,565400,0.0,0.0
2023-01-27 00:00:00-05:00,71.29000091552734,72.93000030517578,69.18000030517578,70.2699966430664,722600,0.0,0.0
2023-01-30 00:00:00-05:00,71.3499984741211,74.16000366210938,71.06999969482422,73.30999755859375,931600,0.0,0.0
2023-01-31 00:00:00-05:00,73.30999755859375,75.9800033569336,72.41000366210938,75.0,849900,0.0,0.0
2023-02-01 00:00:00-05:00,75.19999694824219,75.56999969482422,73.58999633789062,74.5199966430664,576200,0.0,0.0
2023-02-02 00:00:00-05:00,74.69999694824219,76.6500015258789,72.80000305175781,74.29000091552734,1039200,0.0,0.0
2023-02-03 00:00:00-05:00,73.80999755859375,73.83000183105469,67.91000366210938,68.69999694824219,1913100,0.0,0.0
2023-02-06 00:00:00-05:00,67.94999694824219,69.38999938964844,65.19999694824219,65.44999694824219,1175600,0.0,0.0
2023-02-07 00:00:00-05:00,65.33999633789062,66.5,64.11000061035156,65.94999694824219,933000,0.0,0.0
2023-02-08 00:00:00-05:00,65.66000366210938,66.25,64.16000366210938,64.95999908447266,652800,0.0,0.0
2023-02-09 00:00:00-05:00,65.19000244140625,66.19999694824219,62.849998474121094,62.959999084472656,672400,0.0,0.0
2023-02-10 00:00:00-05:00,62.619998931884766,64.9800033569336,60.77000045776367,62.790000915527344,1032100,0.0,0.0
2023-02-13 00:00:00-05:00,60.560001373291016,63.66999816894531,59.900001525878906,62.18000030517578,1903100,0.0,0.0
2023-02-14 00:00:00-05:00,62.18000030517578,65.63999938964844,61.720001220703125,63.29999923706055,1021100,0.0,0.0
2023-02-15 00:00:00-05:00,63.45000076293945,64.12000274658203,60.40999984741211,63.13999938964844,555400,0.0,0.0
2023-02-16 00:00:00-05:00,62.880001068115234,65.37999725341797,62.03200149536133,64.02999877929688,750400,0.0,0.0
2023-02-17 00:00:00-05:00,64.73999786376953,67.58999633789062,63.79499816894531,66.62000274658203,860000,0.0,0.0
2023-02-21 00:00:00-05:00,66.01000213623047,66.9540023803711,63.34000015258789,63.459999084472656,628500,0.0,0.0
2023-02-22 00:00:00-05:00,64.2300033569336,65.0199966430664,62.20000076293945,62.61000061035156,664700,0.0,0.0
2023-02-23 00:00:00-05:00,62.52000045776367,62.70000076293945,60.83000183105469,61.93000030517578,827200,0.0,0.0
2023-02-24 00:00:00-05:00,61.0,62.220001220703125,59.5099983215332,61.04999923706055,1093400,0.0,0.0
2023-02-27 00:00:00-05:00,64.0,65.9800033569336,61.58000183105469,64.08000183105469,1610700,0.0,0.0
2023-02-28 00:00:00-05:00,63.5,70.41000366210938,63.40800094604492,68.19000244140625,1863100,0.0,0.0
2023-03-01 00:00:00-05:00,67.83999633789062,70.75,65.9000015258789,66.88999938964844,1135000,0.0,0.0
2023-03-02 00:00:00-05:00,66.45999908447266,66.48999786376953,63.65999984741211,65.31999969482422,742100,0.0,0.0
2023-03-03 00:00:00-05:00,65.13999938964844,66.30500030517578,63.93000030517578,65.27999877929688,629800,0.0,0.0
2023-03-06 00:00:00-05:00,64.97000122070312,66.33999633789062,64.20999908447266,66.31999969482422,667700,0.0,0.0
2023-03-07 00:00:00-05:00,66.44000244140625,66.61699676513672,63.25,63.5,652000,0.0,0.0
2023-03-08 00:00:00-05:00,63.52000045776367,63.82500076293945,61.32400131225586,63.560001373291016,554700,0.0,0.0
2023-03-09 00:00:00-05:00,63.54999923706055,64.06199645996094,61.36000061035156,61.970001220703125,668800,0.0,0.0
2023-03-10 00:00:00-05:00,61.900001525878906,62.97999954223633,53.709999084472656,58.38999938964844,3285500,0.0,0.0
2023-03-13 00:00:00-04:00,58.25,62.779998779296875,57.880001068115234,60.86000061035156,1309600,0.0,0.0
2023-03-14 00:00:00-04:00,61.619998931884766,63.880001068115234,61.599998474121094,63.369998931884766,820300,0.0,0.0
2023-03-15 00:00:00-04:00,62.93000030517578,63.25,60.689998626708984,61.93000030517578,523800,0.0,0.0
2023-03-16 00:00:00-04:00,61.150001525878906,64.04499816894531,59.849998474121094,63.2400016784668,670800,0.0,0.0
2023-03-17 00:00:00-04:00,63.27000045776367,63.65999984741211,61.45000076293945,62.7400016784668,1050100,0.0,0.0
2023-03-20 00:00:00-04:00,62.34000015258789,63.619998931884766,60.650001525878906,63.20000076293945,675400,0.0,0.0
2023-03-21 00:00:00-04:00,63.58000183105469,64.625,62.75,62.880001068115234,1029600,0.0,0.0
2023-03-22 00:00:00-04:00,62.91999816894531,64.8499984741211,62.43000030517578,62.959999084472656,636800,0.0,0.0
2023-03-23 00:00:00-04:00,63.5,65.55799865722656,61.470001220703125,62.0099983215332,747400,0.0,0.0
2023-03-24 00:00:00-04:00,61.400001525878906,62.582000732421875,59.7400016784668,61.959999084472656,698900,0.0,0.0
2023-03-27 00:00:00-04:00,62.18000030517578,64.1500015258789,61.79999923706055,63.91999816894531,505300,0.0,0.0
2023-03-28 00:00:00-04:00,64.06999969482422,64.31999969482422,60.7400016784668,61.5099983215332,727700,0.0,0.0
2023-03-29 00:00:00-04:00,62.5,62.89400100708008,61.0099983215332,62.439998626708984,463400,0.0,0.0
2023-03-30 00:00:00-04:00,62.970001220703125,63.0,58.689998626708984,60.54999923706055,1115000,0.0,0.0
2023-03-31 00:00:00-04:00,61.310001373291016,62.61000061035156,60.369998931884766,61.68000030517578,664600,0.0,0.0
2023-04-03 00:00:00-04:00,61.72999954223633,63.345001220703125,61.56999969482422,62.97999954223633,513000,0.0,0.0
2023-04-04 00:00:00-04:00,62.77000045776367,62.79999923706055,59.52000045776367,59.93000030517578,851200,0.0,0.0
2023-04-05 00:00:00-04:00,59.58000183105469,60.310001373291016,57.46500015258789,58.40999984741211,908500,0.0,0.0
2023-04-06 00:00:00-04:00,58.84000015258789,59.86000061035156,57.29999923706055,59.75,773800,0.0,0.0
2023-04-10 00:00:00-04:00,59.58000183105469,61.65999984741211,56.75,61.59000015258789,817400,0.0,0.0
2023-04-11 00:00:00-04:00,61.29999923706055,62.55500030517578,59.97999954223633,61.029998779296875,760100,0.0,0.0
2023-04-12 00:00:00-04:00,61.650001525878906,64.77999877929688,61.14099884033203,63.63999938964844,1159200,0.0,0.0
2023-04-13 00:00:00-04:00,63.95000076293945,66.46900177001953,63.65999984741211,65.05000305175781,620300,0.0,0.0
2023-04-14 00:00:00-04:00,64.70999908447266,68.69000244140625,64.33000183105469,68.5,1255700,0.0,0.0
2023-04-17 00:00:00-04:00,68.98999786376953,71.9000015258789,68.98999786376953,70.45999908447266,1441500,0.0,0.0
2023-04-18 00:00:00-04:00,70.69999694824219,72.91999816894531,69.91100311279297,72.8499984741211,920600,0.0,0.0
2023-04-19 00:00:00-04:00,72.8499984741211,72.8499984741211,70.98899841308594,72.1500015258789,525900,0.0,0.0
2023-04-20 00:00:00-04:00,71.56999969482422,71.98999786376953,69.91000366210938,71.29000091552734,662900,0.0,0.0
2023-04-21 00:00:00-04:00,71.63999938964844,76.3499984741211,71.63999938964844,72.91999816894531,1078300,0.0,0.0
2023-04-24 00:00:00-04:00,72.80999755859375,73.58999633789062,70.7699966430664,73.31999969482422,524400,0.0,0.0
2023-04-25 00:00:00-04:00,73.44999694824219,74.0999984741211,70.79000091552734,71.2300033569336,511200,0.0,0.0
2023-04-26 00:00:00-04:00,71.0,71.66500091552734,67.5,70.11000061035156,816600,0.0,0.0
2023-04-27 00:00:00-04:00,70.25,71.58000183105469,69.7699966430664,71.16000366210938,367100,0.0,0.0
2023-04-28 00:00:00-04:00,71.16999816894531,71.68000030517578,69.6500015258789,71.52999877929688,388300,0.0,0.0
2023-05-01 00:00:00-04:00,71.69000244140625,73.0250015258789,70.23999786376953,70.7699966430664,412700,0.0,0.0
2023-05-02 00:00:00-04:00,70.12000274658203,71.95999908447266,70.0,71.27999877929688,500900,0.0,0.0
2023-05-03 00:00:00-04:00,71.36000061035156,72.62000274658203,70.45999908447266,71.95999908447266,533000,0.0,0.0
2023-05-04 00:00:00-04:00,71.87000274658203,71.87000274658203,68.83999633789062,71.1500015258789,668100,0.0,0.0
2023-05-05 00:00:00-04:00,71.78500366210938,73.9800033569336,70.37999725341797,73.73999786376953,972500,0.0,0.0
2023-05-08 00:00:00-04:00,78.0,82.8499984741211,74.02999877929688,77.7300033569336,2774100,0.0,0.0
2023-05-09 00:00:00-04:00,77.7300033569336,81.12000274658203,76.2699966430664,76.73999786376953,1131800,0.0,0.0
2023-05-10 00:00:00-04:00,77.05999755859375,80.96600341796875,76.5,80.22000122070312,855100,0.0,0.0
2023-05-11 00:00:00-04:00,80.98999786376953,82.25,77.30000305175781,77.97000122070312,805600,0.0,0.0
2023-05-12 00:00:00-04:00,78.0,80.25,77.55000305175781,79.01000213623047,523600,0.0,0.0
2023-05-15 00:00:00-04:00,79.37000274658203,80.30999755859375,77.05000305175781,77.7699966430664,677200,0.0,0.0
2023-05-16 00:00:00-04:00,77.1500015258789,77.2509994506836,74.69999694824219,77.08000183105469,443400,0.0,0.0
2023-05-17 00:00:00-04:00,77.20999908447266,79.12000274658203,75.61000061035156,78.48999786376953,446200,0.0,0.0
2023-05-18 00:00:00-04:00,78.51000213623047,79.04000091552734,75.9000015258789,76.87000274658203,465100,0.0,0.0
2023-05-19 00:00:00-04:00,77.27999877929688,77.3499984741211,74.55000305175781,75.70999908447266,596100,0.0,0.0
2023-05-22 00:00:00-04:00,75.62999725341797,76.20999908447266,73.55999755859375,74.62000274658203,623800,0.0,0.0
2023-05-23 00:00:00-04:00,74.83000183105469,75.05999755859375,71.63999938964844,71.81999969482422,549100,0.0,0.0
2023-05-24 00:00:00-04:00,71.0,71.04000091552734,68.68000030517578,68.7300033569336,1009000,0.0,0.0
2023-05-25 00:00:00-04:00,68.91999816894531,69.19999694824219,67.06999969482422,68.08999633789062,876000,0.0,0.0
2023-05-26 00:00:00-04:00,67.75,70.61000061035156,67.55999755859375,69.80000305175781,811500,0.0,0.0
2023-05-30 00:00:00-04:00,70.12000274658203,70.25,68.5999984741211,69.44999694824219,748100,0.0,0.0
2023-05-31 00:00:00-04:00,70.72000122070312,73.94999694824219,69.44999694824219,73.77999877929688,794800,0.0,0.0
2023-06-01 00:00:00-04:00,74.16000366210938,74.88999938964844,72.55999755859375,72.76000213623047,472900,0.0,0.0
2023-06-02 00:00:00-04:00,73.13999938964844,74.3499984741211,71.80999755859375,74.12000274658203,618700,0.0,0.0
2023-06-05 00:00:00-04:00,73.87999725341797,76.5,73.80000305175781,74.81999969482422,473700,0.0,0.0
2023-06-06 00:00:00-04:00,75.2699966430664,75.91999816894531,74.02999877929688,74.86000061035156,434900,0.0,0.0
2023-06-07 00:00:00-04:00,75.06999969482422,76.16000366210938,73.48999786376953,75.48999786376953,409300,0.0,0.0
2023-06-08 00:00:00-04:00,75.44000244140625,76.70999908447266,74.88999938964844,75.23999786376953,275900,0.0,0.0
2023-06-09 00:00:00-04:00,75.04000091552734,75.7969970703125,73.12000274658203,73.73999786376953,421900,0.0,0.0
2023-06-12 00:00:00-04:00,74.05000305175781,76.51000213623047,73.75,74.83999633789062,539900,0.0,0.0
2023-06-13 00:00:00-04:00,74.81999969482422,75.9000015258789,74.2300033569336,74.87999725341797,514600,0.0,0.0
2023-06-14 00:00:00-04:00,74.94000244140625,83.98999786376953,74.5199966430664,80.91000366210938,3263800,0.0,0.0
2023-06-15 00:00:00-04:00,80.9000015258789,85.63999938964844,80.51000213623047,84.62999725341797,1369800,0.0,0.0
2023-06-16 00:00:00-04:00,85.55000305175781,86.05999755859375,82.0199966430664,85.0,1241900,0.0,0.0
2023-06-20 00:00:00-04:00,84.94999694824219,88.19000244140625,83.19000244140625,86.0999984741211,853800,0.0,0.0
2023-06-21 00:00:00-04:00,86.0,88.92500305175781,83.12000274658203,88.55999755859375,854800,0.0,0.0
2023-06-22 00:00:00-04:00,88.76000213623047,91.29000091552734,86.95600128173828,90.3499984741211,909200,0.0,0.0
2023-06-23 00:00:00-04:00,89.91999816894531,90.55000305175781,86.87999725341797,88.11000061035156,956600,0.0,0.0
2023-06-26 00:00:00-04:00,87.81999969482422,88.2699966430664,84.8499984741211,85.31999969482422,599100,0.0,0.0
2023-06-27 00:00:00-04:00,85.8499984741211,86.88999938964844,83.29000091552734,83.37000274658203,613700,0.0,0.0
2023-06-28 00:00:00-04:00,75.0,75.9000015258789,73.0199966430664,74.9800033569336,4757300,0.0,0.0
2023-06-29 00:00:00-04:00,75.0,75.44000244140625,71.58999633789062,73.12000274658203,1842600,0.0,0.0
2023-06-30 00:00:00-04:00,73.9800033569336,74.47000122070312,71.0199966430664,71.86000061035156,1931100,0.0,0.0
2023-07-03 00:00:00-04:00,71.86000061035156,72.16500091552734,69.29000091552734,70.23999786376953,881500,0.0,0.0
2023-07-05 00:00:00-04:00,70.58000183105469,72.83999633789062,69.93000030517578,72.7699966430664,1349100,0.0,0.0
2023-07-06 00:00:00-04:00,72.16999816894531,74.80500030517578,71.5199966430664,73.91000366210938,1104900,0.0,0.0
2023-07-07 00:00:00-04:00,74.41999816894531,74.47000122070312,71.5199966430664,72.69999694824219,981900,0.0,0.0
2023-07-10 00:00:00-04:00,72.8499984741211,74.55999755859375,71.82499694824219,73.55999755859375,1029600,0.0,0.0
2023-07-11 00:00:00-04:00,73.33999633789062,74.43900299072266,73.0,73.95999908447266,542100,0.0,0.0
2023-07-12 00:00:00-04:00,74.69999694824219,74.69999694824219,72.91000366210938,74.20999908447266,830300,0.0,0.0
2023-07-13 00:00:00-04:00,74.5999984741211,74.88999938964844,72.46299743652344,73.0,704200,0.0,0.0
2023-07-14 00:00:00-04:00,73.16000366210938,74.2699966430664,72.55999755859375,73.62999725341797,476300,0.0,0.0
2023-07-17 00:00:00-04:00,73.87999725341797,74.87999725341797,72.80999755859375,73.27999877929688,714000,0.0,0.0
2023-07-18 00:00:00-04:00,73.58999633789062,74.72000122070312,72.9800033569336,74.16999816894531,719900,0.0,0.0
2023-07-19 00:00:00-04:00,74.5,74.75,72.87999725341797,74.23999786376953,605600,0.0,0.0
2023-07-20 00:00:00-04:00,74.0199966430664,75.4000015258789,73.5,74.43000030517578,740500,0.0,0.0
2023-07-21 00:00:00-04:00,74.98999786376953,76.69000244140625,74.43000030517578,75.13999938964844,1091100,0.0,0.0
2023-07-24 00:00:00-04:00,75.3499984741211,75.83999633789062,72.8499984741211,73.5,692000,0.0,0.0
2023-07-25 00:00:00-04:00,73.5,75.1500015258789,72.9990005493164,73.05000305175781,590200,0.0,0.0
2023-07-26 00:00:00-04:00,73.0,77.19000244140625,72.83100128173828,76.19999694824219,1317200,0.0,0.0
2023-07-27 00:00:00-04:00,76.62999725341797,79.38999938964844,76.4000015258789,77.38999938964844,842600,0.0,0.0
2023-07-28 00:00:00-04:00,78.33000183105469,79.38999938964844,76.5199966430664,78.68000030517578,706800,0.0,0.0
2023-07-31 00:00:00-04:00,79.0,79.44000244140625,77.56500244140625,78.47000122070312,568400,0.0,0.0
2023-08-01 00:00:00-04:00,78.4000015258789,78.73999786376953,76.86000061035156,77.33000183105469,518000,0.0,0.0
2023-08-02 00:00:00-04:00,76.68000030517578,77.08000183105469,73.08000183105469,73.26000213623047,783900,0.0,0.0
2023-08-03 00:00:00-04:00,72.3499984741211,75.8499984741211,71.83999633789062,75.27999877929688,614100,0.0,0.0
2023-08-04 00:00:00-04:00,75.25,75.3740005493164,73.2750015258789,73.66000366210938,907800,0.0,0.0
2023-08-07 00:00:00-04:00,75.9800033569336,76.0,69.51000213623047,71.08999633789062,1925100,0.0,0.0
2023-08-08 00:00:00-04:00,72.61000061035156,75.3499984741211,72.0199966430664,72.54000091552734,1200700,0.0,0.0
2023-08-09 00:00:00-04:00,72.73999786376953,74.4000015258789,69.43000030517578,70.06999969482422,1360900,0.0,0.0
2023-08-10 00:00:00-04:00,70.0,72.38999938964844,69.86000061035156,70.5,843400,0.0,0.0
2023-08-11 00:00:00-04:00,70.5,70.80000305175781,69.12000274658203,69.5999984741211,776400,0.0,0.0
2023-08-14 00:00:00-04:00,69.27999877929688,72.43000030517578,67.5199966430664,71.6500015258789,717100,0.0,0.0
2023-08-15 00:00:00-04:00,71.69000244140625,72.77999877929688,70.43499755859375,71.36000061035156,598000,0.0,0.0
2023-08-16 00:00:00-04:00,71.0,71.75,69.88999938964844,70.5199966430664,424400,0.0,0.0
2023-08-17 00:00:00-04:00,70.98999786376953,71.27999877929688,68.94000244140625,69.25,593700,0.0,0.0
2023-08-18 00:00:00-04:00,68.5,71.41899871826172,68.26000213623047,70.77999877929688,643700,0.0,0.0
2023-08-21 00:00:00-04:00,70.79000091552734,72.02999877929688,70.08000183105469,71.16999816894531,324400,0.0,0.0
2023-08-22 00:00:00-04:00,71.98999786376953,76.0999984741211,71.93000030517578,76.05999755859375,1122800,0.0,0.0
2023-08-23 00:00:00-04:00,76.43000030517578,78.05000305175781,75.45999908447266,75.5199966430664,532400,0.0,0.0
2023-08-24 00:00:00-04:00,76.08999633789062,76.55000305175781,74.95999908447266,75.4000015258789,441300,0.0,0.0
2023-08-25 00:00:00-04:00,75.4000015258789,78.16999816894531,74.8499984741211,76.66000366210938,543000,0.0,0.0
2023-08-28 00:00:00-04:00,76.81999969482422,79.5979995727539,76.69999694824219,79.16999816894531,539600,0.0,0.0
2023-08-29 00:00:00-04:00,78.98999786376953,79.94000244140625,78.26000213623047,78.38999938964844,439500,0.0,0.0
2023-08-30 00:00:00-04:00,78.3499984741211,79.75,77.72000122070312,79.66000366210938,621700,0.0,0.0
2023-08-31 00:00:00-04:00,79.98999786376953,81.5999984741211,79.51000213623047,80.80000305175781,554300,0.0,0.0
2023-09-01 00:00:00-04:00,81.63999938964844,82.18000030517578,79.30999755859375,81.69000244140625,668900,0.0,0.0
2023-09-05 00:00:00-04:00,81.16999816894531,81.75800323486328,78.58000183105469,78.7699966430664,842800,0.0,0.0
2023-09-06 00:00:00-04:00,78.68000030517578,81.58999633789062,78.38999938964844,81.52999877929688,389800,0.0,0.0
2023-09-07 00:00:00-04:00,81.79000091552734,82.23999786376953,80.36000061035156,81.41999816894531,349000,0.0,0.0
2023-09-08 00:00:00-04:00,81.33999633789062,82.30999755859375,80.30000305175781,80.6500015258789,478200,0.0,0.0
2023-09-11 00:00:00-04:00,80.97000122070312,81.18000030517578,79.73999786376953,80.5999984741211,499200,0.0,0.0
2023-09-12 00:00:00-04:00,80.37999725341797,82.38999938964844,80.05000305175781,82.20999908447266,427300,0.0,0.0
2023-09-13 00:00:00-04:00,82.02999877929688,83.30000305175781,76.5199966430664,76.9800033569336,848600,0.0,0.0
2023-09-14 00:00:00-04:00,77.12000274658203,78.47000122070312,74.88999938964844,76.19999694824219,876600,0.0,0.0
2023-09-15 00:00:00-04:00,76.05999755859375,76.24500274658203,74.6500015258789,75.26000213623047,1588800,0.0,0.0
2023-09-18 00:00:00-04:00,74.4000015258789,74.88999938964844,72.16300201416016,74.56999969482422,1029100,0.0,0.0
2023-09-19 00:00:00-04:00,74.80000305175781,75.6500015258789,72.76000213623047,73.01000213623047,473700,0.0,0.0
2023-09-20 00:00:00-04:00,73.13999938964844,74.3499984741211,72.87999725341797,73.69999694824219,471000,0.0,0.0
2023-09-21 00:00:00-04:00,72.6500015258789,75.4800033569336,72.55000305175781,74.7300033569336,652300,0.0,0.0
2023-09-22 00:00:00-04:00,75.0999984741211,75.30999755859375,73.19000244140625,73.4800033569336,1201100,0.0,0.0
2023-09-25 00:00:00-04:00,72.6500015258789,73.54000091552734,70.52999877929688,70.7300033569336,601600,0.0,0.0
2023-09-26 00:00:00-04:00,70.7300033569336,73.16500091552734,70.58499908447266,72.45999908447266,515200,0.0,0.0
2023-09-27 00:00:00-04:00,72.75,74.3499984741211,72.02999877929688,72.2699966430664,341200,0.0,0.0
2023-09-28 00:00:00-04:00,72.33000183105469,73.55999755859375,70.94000244140625,73.05999755859375,357200,0.0,0.0
2023-09-29 00:00:00-04:00,73.41999816894531,74.48999786376953,69.41999816894531,69.88999938964844,735000,0.0,0.0
2023-10-02 00:00:00-04:00,70.0,70.0,66.63500213623047,66.8499984741211,1038100,0.0,0.0
2023-10-03 00:00:00-04:00,66.58999633789062,66.97000122070312,63.665000915527344,63.83000183105469,815000,0.0,0.0
2023-10-04 00:00:00-04:00,63.40999984741211,64.99500274658203,63.26499938964844,64.61000061035156,953200,0.0,0.0
2023-10-05 00:00:00-04:00,64.33000183105469,67.52999877929688,64.33000183105469,67.36000061035156,640800,0.0,0.0
2023-10-06 00:00:00-04:00,66.3499984741211,69.98999786376953,66.26000213623047,68.5999984741211,677000,0.0,0.0
2023-10-09 00:00:00-04:00,68.5999984741211,70.4000015258789,67.79000091552734,70.37999725341797,465100,0.0,0.0
2023-10-10 00:00:00-04:00,70.38999938964844,71.2300033569336,69.79000091552734,70.55999755859375,439200,0.0,0.0
2023-10-11 00:00:00-04:00,70.4800033569336,71.20999908447266,68.62000274658203,70.19000244140625,424700,0.0,0.0
2023-10-12 00:00:00-04:00,70.29000091552734,70.36000061035156,66.1500015258789,66.51000213623047,599600,0.0,0.0
2023-10-13 00:00:00-04:00,66.2300033569336,67.42900085449219,65.6500015258789,66.47000122070312,559200,0.0,0.0
2023-10-16 00:00:00-04:00,66.44999694824219,67.05999755859375,64.08999633789062,66.91000366210938,856900,0.0,0.0
2023-10-17 00:00:00-04:00,66.3499984741211,67.94999694824219,65.86000061035156,66.01000213623047,379600,0.0,0.0
2023-10-18 00:00:00-04:00,65.73999786376953,65.95999908447266,64.65399932861328,65.05000305175781,502700,0.0,0.0
2023-10-19 00:00:00-04:00,64.87999725341797,65.76000213623047,63.779998779296875,64.25,556900,0.0,0.0
2023-10-20 00:00:00-04:00,64.5,64.87000274658203,63.79999923706055,64.25,547700,0.0,0.0
2023-10-23 00:00:00-04:00,64.05000305175781,64.05000305175781,61.91999816894531,62.0099983215332,794600,0.0,0.0
2023-10-24 00:00:00-04:00,63.2400016784668,64.5999984741211,62.6150016784668,63.720001220703125,643000,0.0,0.0
2023-10-25 00:00:00-04:00,63.310001373291016,64.9800033569336,62.25,63.880001068115234,577100,0.0,0.0
2023-10-26 00:00:00-04:00,63.84000015258789,65.68000030517578,63.709999084472656,64.05000305175781,568000,0.0,0.0
2023-10-27 00:00:00-04:00,63.83000183105469,63.83000183105469,61.33000183105469,62.08000183105469,595400,0.0,0.0
2023-10-30 00:00:00-04:00,62.54999923706055,63.09299850463867,59.70000076293945,60.029998779296875,858200,0.0,0.0
2023-10-31 00:00:00-04:00,60.029998779296875,62.290000915527344,58.599998474121094,62.279998779296875,468900,0.0,0.0
2023-11-01 00:00:00-04:00,61.9900016784668,64.86000061035156,61.47999954223633,64.62000274658203,650000,0.0,0.0
2023-11-02 00:00:00-04:00,65.3499984741211,66.23999786376953,64.37000274658203,64.4000015258789,559400,0.0,0.0
2023-11-03 00:00:00-04:00,66.38999938964844,67.48999786376953,64.69000244140625,65.13999938964844,1072100,0.0,0.0
2023-11-06 00:00:00-05:00,62.099998474121094,68.6500015258789,61.08000183105469,62.41999816894531,1626800,0.0,0.0
2023-11-07 00:00:00-05:00,61.7599983215332,65.26000213623047,61.7599983215332,63.119998931884766,809400,0.0,0.0
2023-11-08 00:00:00-05:00,62.9900016784668,63.69499969482422,61.16999816894531,61.560001373291016,562500,0.0,0.0
2023-11-09 00:00:00-05:00,61.220001220703125,62.29999923706055,59.650001525878906,60.060001373291016,937900,0.0,0.0
2023-11-10 00:00:00-05:00,59.619998931884766,59.83399963378906,56.560001373291016,57.41999816894531,1146700,0.0,0.0
2023-11-13 00:00:00-05:00,57.29999923706055,59.540000915527344,55.02000045776367,59.310001373291016,630900,0.0,0.0
2023-11-14 00:00:00-05:00,61.0099983215332,63.27000045776367,60.082000732421875,62.65999984741211,655600,0.0,0.0
2023-11-15 00:00:00-05:00,62.75,64.83999633789062,60.08000183105469,60.209999084472656,586300,0.0,0.0
2023-11-16 00:00:00-05:00,60.0,60.4900016784668,58.52000045776367,59.709999084472656,691000,0.0,0.0
2023-11-17 00:00:00-05:00,60.11000061035156,60.119998931884766,56.65999984741211,59.880001068115234,716400,0.0,0.0
2023-11-20 00:00:00-05:00,60.099998474121094,60.36000061035156,59.02000045776367,60.040000915527344,520000,0.0,0.0
2023-11-21 00:00:00-05:00,59.189998626708984,60.25,58.61000061035156,59.18000030517578,517900,0.0,0.0
2023-11-22 00:00:00-05:00,59.400001525878906,60.685001373291016,59.09000015258789,60.099998474121094,342300,0.0,0.0
2023-11-24 00:00:00-05:00,60.349998474121094,62.83000183105469,60.279998779296875,62.54999923706055,313300,0.0,0.0
2023-11-27 00:00:00-05:00,62.61000061035156,66.30000305175781,61.13800048828125,66.26000213623047,863200,0.0,0.0
2023-11-28 00:00:00-05:00,66.33000183105469,67.19999694824219,64.66999816894531,65.7699966430664,740700,0.0,0.0
2023-11-29 00:00:00-05:00,66.1500015258789,67.72799682617188,65.87000274658203,66.8499984741211,922800,0.0,0.0
2023-11-30 00:00:00-05:00,67.1500015258789,68.0999984741211,66.20999908447266,67.44999694824219,641900,0.0,0.0
2023-12-01 00:00:00-05:00,67.4800033569336,68.38999938964844,66.76000213623047,68.0,455700,0.0,0.0
2023-12-04 00:00:00-05:00,68.0,68.27999877929688,66.70999908447266,67.43000030517578,603300,0.0,0.0
2023-12-05 00:00:00-05:00,67.45999908447266,69.30999755859375,67.15499877929688,68.58999633789062,417600,0.0,0.0
2023-12-06 00:00:00-05:00,68.98999786376953,71.25,67.91999816894531,69.3499984741211,546200,0.0,0.0
2023-12-07 00:00:00-05:00,69.93000030517578,72.6500015258789,67.87999725341797,70.2300033569336,625400,0.0,0.0
2023-12-08 00:00:00-05:00,70.97000122070312,72.77999877929688,69.4000015258789,70.18000030517578,1358200,0.0,0.0
2023-12-11 00:00:00-05:00,70.0,70.16999816894531,67.83999633789062,69.6500015258789,405100,0.0,0.0
2023-12-12 00:00:00-05:00,70.0,70.77200317382812,69.0,70.16000366210938,411700,0.0,0.0
2023-12-13 00:00:00-05:00,71.73999786376953,74.5199966430664,70.44999694824219,74.44000244140625,741500,0.0,0.0
2023-12-14 00:00:00-05:00,76.05000305175781,76.05000305175781,71.49500274658203,73.2699966430664,884700,0.0,0.0
2023-12-15 00:00:00-05:00,73.63999938964844,74.38999938964844,71.80000305175781,72.98999786376953,732300,0.0,0.0
2023-12-18 00:00:00-05:00,72.44000244140625,73.99500274658203,71.02999877929688,73.19999694824219,374200,0.0,0.0
2023-12-19 00:00:00-05:00,73.87999725341797,75.0,72.572998046875,73.8499984741211,428800,0.0,0.0
2023-12-20 00:00:00-05:00,73.51000213623047,73.51000213623047,70.22000122070312,70.55000305175781,468900,0.0,0.0
2023-12-21 00:00:00-05:00,71.08000183105469,73.13500213623047,70.97000122070312,72.4800033569336,431500,0.0,0.0
2023-12-22 00:00:00-05:00,74.27999877929688,78.4000015258789,73.23999786376953,76.81500244140625,1244700,0.0,0.0
2023-12-26 00:00:00-05:00,77.75,79.47000122070312,77.51000213623047,79.37000274658203,516200,0.0,0.0
2023-12-27 00:00:00-05:00,79.52999877929688,83.80000305175781,79.13999938964844,83.61000061035156,1245700,0.0,0.0
2023-12-28 00:00:00-05:00,83.66000366210938,84.23999786376953,79.1500015258789,79.62000274658203,503600,0.0,0.0
2023-12-29 00:00:00-05:00,79.52999877929688,80.05000305175781,78.4000015258789,79.58999633789062,475300,0.0,0.0
2024-01-02 00:00:00-05:00,78.5999984741211,80.94999694824219,76.0,77.05999755859375,689400,0.0,0.0
2024-01-03 00:00:00-05:00,76.94999694824219,77.81500244140625,75.36000061035156,76.08999633789062,425800,0.0,0.0
2024-01-04 00:00:00-05:00,78.06999969482422,85.76000213623047,77.54000091552734,81.98999786376953,1591000,0.0,0.0
2024-01-05 00:00:00-05:00,81.06999969482422,82.66500091552734,79.625,82.30999755859375,821700,0.0,0.0
2024-01-08 00:00:00-05:00,83.73999786376953,88.98999786376953,83.0,88.94000244140625,951600,0.0,0.0
2024-01-09 00:00:00-05:00,88.13999938964844,90.69999694824219,87.33000183105469,90.43000030517578,657900,0.0,0.0
2024-01-10 00:00:00-05:00,90.4000015258789,92.19000244140625,88.0999984741211,89.19999694824219,758800,0.0,0.0
2024-01-11 00:00:00-05:00,88.01000213623047,88.69999694824219,85.875,86.3499984741211,587300,0.0,0.0
2024-01-12 00:00:00-05:00,87.58000183105469,88.0,84.72000122070312,85.20999908447266,634600,0.0,0.0
2024-01-16 00:00:00-05:00,85.0,85.83999633789062,83.66000366210938,84.94999694824219,502300,0.0,0.0
2024-01-17 00:00:00-05:00,84.44999694824219,86.66999816894531,83.72000122070312,85.4800033569336,660600,0.0,0.0
2024-01-18 00:00:00-05:00,85.25,85.4800033569336,83.83000183105469,84.5,310200,0.0,0.0
2024-01-19 00:00:00-05:00,84.81999969482422,85.0999984741211,81.58000183105469,84.94999694824219,749000,0.0,0.0
2024-01-22 00:00:00-05:00,85.80000305175781,91.48999786376953,85.65899658203125,90.91999816894531,862100,0.0,0.0
2024-01-23 00:00:00-05:00,91.4800033569336,91.87000274658203,87.69499969482422,89.5199966430664,501100,0.0,0.0
2024-01-24 00:00:00-05:00,90.55999755859375,94.95999908447266,89.0199966430664,91.77999877929688,1195700,0.0,0.0
2024-01-25 00:00:00-05:00,93.41000366210938,94.25,89.5999984741211,90.58999633789062,486300,0.0,0.0
2024-01-26 00:00:00-05:00,91.26000213623047,91.26000213623047,89.30999755859375,89.83999633789062,470600,0.0,0.0
2024-01-29 00:00:00-05:00,90.38999938964844,92.66999816894531,89.1500015258789,92.41999816894531,507400,0.0,0.0
2024-01-30 00:00:00-05:00,92.0,92.20500183105469,90.42500305175781,91.91000366210938,545700,0.0,0.0
2024-01-31 00:00:00-05:00,91.62999725341797,92.54000091552734,89.93000030517578,90.02999877929688,323500,0.0,0.0
2024-02-01 00:00:00-05:00,90.52999877929688,94.01000213623047,90.0,93.44999694824219,450500,0.0,0.0
2024-02-02 00:00:00-05:00,93.0,93.08000183105469,91.08000183105469,92.81999969482422,539900,0.0,0.0
2024-02-05 00:00:00-05:00,92.20999908447266,92.51000213623047,90.19000244140625,91.5,509600,0.0,0.0
2024-02-06 00:00:00-05:00,94.25,95.01000213623047,92.5,94.80999755859375,735100,0.0,0.0
2024-02-07 00:00:00-05:00,94.4800033569336,94.5250015258789,93.0,94.0199966430664,392900,0.0,0.0
2024-02-08 00:00:00-05:00,94.19000244140625,96.52999877929688,93.33999633789062,95.68000030517578,498900,0.0,0.0
2024-02-09 00:00:00-05:00,96.08999633789062,97.68000030517578,95.70999908447266,96.88999938964844,568000,0.0,0.0
2024-02-12 00:00:00-05:00,97.2300033569336,98.4000015258789,96.94000244140625,97.63999938964844,476100,0.0,0.0
2024-02-13 00:00:00-05:00,95.0,95.73999786376953,91.6500015258789,92.26000213623047,817300,0.0,0.0
2024-02-14 00:00:00-05:00,93.87000274658203,94.2300033569336,92.18000030517578,93.29000091552734,343100,0.0,0.0
2024-02-15 00:00:00-05:00,95.0,95.25,91.9000015258789,93.45999908447266,476700,0.0,0.0
2024-02-16 00:00:00-05:00,93.26000213623047,93.87999725341797,91.79000091552734,92.80999755859375,820100,0.0,0.0
2024-02-20 00:00:00-05:00,85.0,87.98999786376953,79.98999786376953,81.13999938964844,3030500,0.0,0.0
2024-02-21 00:00:00-05:00,81.05000305175781,84.80500030517578,80.66000366210938,82.11000061035156,1430800,0.0,0.0
2024-02-22 00:00:00-05:00,82.98999786376953,83.16500091552734,78.94999694824219,80.47000122070312,966200,0.0,0.0
2024-02-23 00:00:00-05:00,80.62000274658203,80.62000274658203,78.3499984741211,78.94000244140625,597800,0.0,0.0
2024-02-26 00:00:00-05:00,78.55999755859375,82.30000305175781,78.5199966430664,82.30000305175781,595200,0.0,0.0
2024-02-27 00:00:00-05:00,82.91999816894531,84.68000030517578,81.86000061035156,84.0,573900,0.0,0.0
2024-02-28 00:00:00-05:00,84.20999908447266,84.30000305175781,81.9800033569336,82.94999694824219,514600,0.0,0.0
2024-02-29 00:00:00-05:00,84.1500015258789,84.1500015258789,80.87000274658203,81.37999725341797,519700,0.0,0.0
2024-03-01 00:00:00-05:00,81.12000274658203,84.125,81.07499694824219,82.41999816894531,1031200,0.0,0.0
2024-03-04 00:00:00-05:00,82.77999877929688,82.98999786376953,78.01000213623047,78.19999694824219,688100,0.0,0.0
2024-03-05 00:00:00-05:00,77.8499984741211,78.5199966430664,75.76000213623047,76.62000274658203,1007200,0.0,0.0
2024-03-06 00:00:00-05:00,77.0,77.0999984741211,71.5199966430664,72.1500015258789,1375100,0.0,0.0
2024-03-07 00:00:00-05:00,72.20999908447266,74.52999877929688,71.76000213623047,72.04000091552734,1095900,0.0,0.0
2024-03-08 00:00:00-05:00,72.27999877929688,76.94000244140625,72.12999725341797,73.91999816894531,811700,0.0,0.0
2024-03-11 00:00:00-04:00,73.66000366210938,74.12000274658203,69.66000366210938,70.93000030517578,1177300,0.0,0.0
2024-03-12 00:00:00-04:00,70.4000015258789,70.69999694824219,68.9800033569336,69.38999938964844,761600,0.0,0.0
2024-03-13 00:00:00-04:00,69.62000274658203,71.7699966430664,69.36000061035156,69.9000015258789,683100,0.0,0.0
2024-03-14 00:00:00-04:00,69.58999633789062,71.38999938964844,68.58999633789062,69.73999786376953,883200,0.0,0.0
2024-03-15 00:00:00-04:00,69.97000122070312,75.5999984741211,69.93000030517578,75.54000091552734,1707700,0.0,0.0
2024-03-18 00:00:00-04:00,75.5999984741211,75.80000305175781,72.20999908447266,72.54000091552734,583800,0.0,0.0
2024-03-19 00:00:00-04:00,73.1500015258789,77.5,73.13999938964844,76.87000274658203,1231400,0.0,0.0
2024-03-20 00:00:00-04:00,76.69000244140625,78.94999694824219,75.5,78.8499984741211,520400,0.0,0.0
2024-03-21 00:00:00-04:00,79.6500015258789,80.9800033569336,78.19499969482422,80.86000061035156,851100,0.0,0.0
2024-03-22 00:00:00-04:00,81.5199966430664,82.0,79.7699966430664,80.66000366210938,580800,0.0,0.0
2024-03-25 00:00:00-04:00,83.5999984741211,83.88999938964844,75.62999725341797,77.3499984741211,1398800,0.0,0.0
2024-03-26 00:00:00-04:00,78.37000274658203,79.5,76.4800033569336,76.72000122070312,594400,0.0,0.0
2024-03-27 00:00:00-04:00,77.3499984741211,79.25,74.52999877929688,79.16999816894531,484700,0.0,0.0
2024-03-28 00:00:00-04:00,79.62000274658203,79.9800033569336,77.08000183105469,79.80000305175781,487600,0.0,0.0
2024-04-01 00:00:00-04:00,79.80000305175781,80.0,76.05000305175781,76.98999786376953,586100,0.0,0.0
2024-04-02 00:00:00-04:00,75.91000366210938,76.18000030517578,74.02999877929688,74.55999755859375,645900,0.0,0.0
2024-04-03 00:00:00-04:00,74.44999694824219,74.44999694824219,72.0199966430664,73.5,623600,0.0,0.0
2024-04-04 00:00:00-04:00,73.9800033569336,74.9800033569336,71.58000183105469,72.16999816894531,409800,0.0,0.0
2024-04-05 00:00:00-04:00,71.69000244140625,73.48999786376953,71.12000274658203,72.25,391900,0.0,0.0
2024-04-08 00:00:00-04:00,72.05999755859375,72.73999786376953,71.61499786376953,72.11000061035156,588500,0.0,0.0
2024-04-09 00:00:00-04:00,72.0,73.47000122070312,71.80000305175781,72.63999938964844,382700,0.0,0.0
2024-04-10 00:00:00-04:00,70.70999908447266,71.5999984741211,70.00399780273438,70.97000122070312,571900,0.0,0.0
2024-04-11 00:00:00-04:00,71.11000061035156,71.94999694824219,68.69999694824219,71.7300033569336,782200,0.0,0.0
2024-04-12 00:00:00-04:00,71.75,72.27999877929688,68.2750015258789,69.1500015258789,594600,0.0,0.0
2024-04-15 00:00:00-04:00,68.7300033569336,69.30000305175781,66.93000030517578,68.20999908447266,430800,0.0,0.0
2024-04-16 00:00:00-04:00,67.41000366210938,70.05999755859375,67.0999984741211,68.80999755859375,467200,0.0,0.0
2024-04-17 00:00:00-04:00,69.16999816894531,70.77999877929688,68.16000366210938,69.70999908447266,399800,0.0,0.0
2024-04-18 00:00:00-04:00,69.44000244140625,70.0780029296875,65.60700225830078,65.72000122070312,834900,0.0,0.0
2024-04-19 00:00:00-04:00,65.5,68.13999938964844,65.5,67.9000015258789,930800,0.0,0.0
2024-04-22 00:00:00-04:00,68.13999938964844,71.30000305175781,67.16000366210938,71.0999984741211,498800,0.0,0.0
2024-04-23 00:00:00-04:00,71.52999877929688,74.33999633789062,70.30000305175781,73.08000183105469,703000,0.0,0.0
2024-04-24 00:00:00-04:00,72.61000061035156,73.13999938964844,69.91999816894531,71.16999816894531,583600,0.0,0.0
2024-04-25 00:00:00-04:00,70.38999938964844,72.47000122070312,69.52999877929688,71.5199966430664,412300,0.0,0.0
2024-04-26 00:00:00-04:00,70.97000122070312,72.43000030517578,69.69999694824219,71.70999908447266,272200,0.0,0.0
2024-04-29 00:00:00-04:00,74.97000122070312,75.67500305175781,73.5199966430664,73.69000244140625,505700,0.0,0.0
2024-04-30 00:00:00-04:00,73.30000305175781,74.9800033569336,73.0199966430664,73.76000213623047,436100,0.0,0.0
2024-05-01 00:00:00-04:00,74.02999877929688,76.38999938964844,73.27999877929688,74.88999938964844,456700,0.0,0.0
2024-05-02 00:00:00-04:00,75.01000213623047,75.01000213623047,73.5199966430664,74.19000244140625,397700,0.0,0.0
2024-05-03 00:00:00-04:00,75.56999969482422,76.31999969482422,74.36000061035156,74.80000305175781,767600,0.0,0.0
2024-05-06 00:00:00-04:00,75.0,77.9800033569336,73.30999755859375,75.94000244140625,943500,0.0,0.0
2024-05-07 00:00:00-04:00,75.58000183105469,77.02999877929688,73.5199966430664,76.94000244140625,1284700,0.0,0.0
2024-05-08 00:00:00-04:00,76.5,77.87000274658203,74.76000213623047,75.68000030517578,373500,0.0,0.0
2024-05-09 00:00:00-04:00,76.05999755859375,76.55999755859375,73.6500015258789,73.68000030517578,1071100,0.0,0.0
2024-05-10 00:00:00-04:00,74.1500015258789,75.94499969482422,72.4000015258789,72.5,510100,0.0,0.0
2024-05-13 00:00:00-04:00,72.30000305175781,75.9800033569336,72.30000305175781,75.63999938964844,347300,0.0,0.0
2024-05-14 00:00:00-04:00,76.48999786376953,77.47000122070312,75.125,77.33999633789062,497400,0.0,0.0
2024-05-15 00:00:00-04:00,77.9800033569336,78.44999694824219,75.6500015258789,75.93000030517578,345400,0.0,0.0
2024-05-16 00:00:00-04:00,76.01000213623047,77.4800033569336,74.70999908447266,77.3499984741211,422400,0.0,0.0
2024-05-17 00:00:00-04:00,77.4800033569336,78.08999633789062,75.62999725341797,76.54000091552734,484600,0.0,0.0
2024-05-20 00:00:00-04:00,76.61000061035156,78.25,76.29399871826172,77.58000183105469,405300,0.0,0.0
2024-05-21 00:00:00-04:00,77.33999633789062,79.12999725341797,76.86000061035156,78.12000274658203,466700,0.0,0.0
2024-05-22 00:00:00-04:00,77.70999908447266,77.7750015258789,75.20999908447266,76.79000091552734,683400,0.0,0.0
2024-05-23 00:00:00-04:00,77.13999938964844,77.13999938964844,74.1500015258789,74.18000030517578,439500,0.0,0.0
2024-05-24 00:00:00-04:00,74.61000061035156,75.41000366210938,74.19000244140625,75.19000244140625,377200,0.0,0.0
2024-05-28 00:00:00-04:00,75.87999725341797,76.97000122070312,74.63999938964844,76.76000213623047,481400,0.0,0.0
2024-05-29 00:00:00-04:00,75.9000015258789,75.94999694824219,73.11000061035156,75.20999908447266,636300,0.0,0.0
2024-05-30 00:00:00-04:00,76.0,76.37999725341797,73.8499984741211,74.20999908447266,629300,0.0,0.0
2024-05-31 00:00:00-04:00,74.58000183105469,75.8499984741211,72.69000244140625,73.43000030517578,668100,0.0,0.0
2024-06-03 00:00:00-04:00,74.33000183105469,75.7699966430664,73.1500015258789,74.73999786376953,718500,0.0,0.0
2024-06-04 00:00:00-04:00,74.75,75.13500213623047,71.45999908447266,72.23999786376953,837600,0.0,0.0
2024-06-05 00:00:00-04:00,73.08000183105469,74.68000030517578,72.0199966430664,74.08999633789062,652100,0.0,0.0
2024-06-06 00:00:00-04:00,74.01000213623047,75.5,73.63999938964844,74.76000213623047,332000,0.0,0.0
2024-06-07 00:00:00-04:00,74.0,75.8499984741211,73.30000305175781,73.9000015258789,481800,0.0,0.0
2024-06-10 00:00:00-04:00,73.2699966430664,73.9000015258789,70.8499984741211,71.80000305175781,1031300,0.0,0.0
2024-06-11 00:00:00-04:00,66.9000015258789,71.36000061035156,64.11000061035156,71.06999969482422,3361800,0.0,0.0
2024-06-12 00:00:00-04:00,72.77999877929688,72.88999938964844,70.11000061035156,71.55000305175781,736800,0.0,0.0
2024-06-13 00:00:00-04:00,71.33999633789062,72.66000366210938,70.5199966430664,72.51000213623047,708900,0.0,0.0
2024-06-14 00:00:00-04:00,72.11000061035156,74.29000091552734,71.1500015258789,73.62999725341797,494000,0.0,0.0
2024-06-17 00:00:00-04:00,73.19000244140625,77.2750015258789,73.02100372314453,76.0,1172500,0.0,0.0
2024-06-18 00:00:00-04:00,75.33999633789062,76.88999938964844,75.33999633789062,76.0199966430664,572600,0.0,0.0
2024-06-20 00:00:00-04:00,75.44000244140625,76.20999908447266,72.0199966430664,75.18000030517578,699800,0.0,0.0
2024-06-21 00:00:00-04:00,75.30999755859375,76.68499755859375,74.0,76.38999938964844,915700,0.0,0.0
2024-06-24 00:00:00-04:00,76.75,79.0999984741211,76.20700073242188,78.5,1085300,0.0,0.0
2024-06-25 00:00:00-04:00,78.48999786376953,79.52999877929688,77.55000305175781,79.01000213623047,759100,0.0,0.0
2024-06-26 00:00:00-04:00,78.7300033569336,78.93000030517578,76.73999786376953,77.12000274658203,1012600,0.0,0.0
2024-06-27 00:00:00-04:00,77.01000213623047,80.70999908447266,76.0,80.08999633789062,671800,0.0,0.0
2024-06-28 00:00:00-04:00,80.02999877929688,80.9800033569336,79.12000274658203,80.5,1432700,0.0,0.0
2024-07-01 00:00:00-04:00,80.04000091552734,81.77999877929688,80.04000091552734,81.02999877929688,756400,0.0,0.0
2024-07-02 00:00:00-04:00,81.19000244140625,81.3270034790039,78.80000305175781,78.93000030517578,427400,0.0,0.0
2024-07-03 00:00:00-04:00,79.12000274658203,80.25,78.63999938964844,80.20999908447266,252400,0.0,0.0
2024-07-05 00:00:00-04:00,79.94999694824219,82.1050033569336,79.7249984741211,82.0199966430664,914700,0.0,0.0
2024-07-08 00:00:00-04:00,82.16000366210938,84.16000366210938,81.5,83.62000274658203,905500,0.0,0.0
2024-07-09 00:00:00-04:00,83.69000244140625,84.19999694824219,80.9000015258789,81.23999786376953,589500,0.0,0.0
2024-07-10 00:00:00-04:00,82.0,82.9800033569336,81.51000213623047,82.5,787300,0.0,0.0
2024-07-11 00:00:00-04:00,83.9800033569336,85.25,82.9000015258789,84.55000305175781,894700,0.0,0.0
2024-07-12 00:00:00-04:00,84.66999816894531,85.48500061035156,81.94000244140625,82.83000183105469,732100,0.0,0.0
2024-07-15 00:00:00-04:00,82.93000030517578,83.76000213623047,82.0199966430664,82.80000305175781,651000,0.0,0.0
2024-07-16 00:00:00-04:00,83.55000305175781,85.4000015258789,83.15599822998047,84.94999694824219,681100,0.0,0.0
2024-07-17 00:00:00-04:00,84.61000061035156,84.8479995727539,81.94999694824219,83.73999786376953,533700,0.0,0.0
2024-07-18 00:00:00-04:00,83.48999786376953,85.5,81.5199966430664,82.13999938964844,680400,0.0,0.0
2024-07-19 00:00:00-04:00,82.62999725341797,86.33000183105469,82.06500244140625,84.8499984741211,628400,0.0,0.0
2024-07-22 00:00:00-04:00,86.41999816894531,86.79000091552734,83.87999725341797,86.05000305175781,613300,0.0,0.0
2024-07-23 00:00:00-04:00,85.87000274658203,87.37999725341797,85.18499755859375,85.66000366210938,589000,0.0,0.0
2024-07-24 00:00:00-04:00,84.88999938964844,86.94000244140625,84.87999725341797,85.2300033569336,335900,0.0,0.0
2024-07-25 00:00:00-04:00,84.98999786376953,87.2300033569336,84.06999969482422,85.9800033569336,380900,0.0,0.0
2024-07-26 00:00:00-04:00,86.33000183105469,86.93000030517578,85.05000305175781,86.52999877929688,262100,0.0,0.0
2024-07-29 00:00:00-04:00,86.91000366210938,87.5,83.80999755859375,84.16999816894531,476400,0.0,0.0
2024-07-30 00:00:00-04:00,84.56999969482422,85.44999694824219,83.8499984741211,85.0,301900,0.0,0.0
2024-07-31 00:00:00-04:00,85.44999694824219,89.23999786376953,84.73999786376953,87.30999755859375,787500,0.0,0.0
2024-08-01 00:00:00-04:00,87.61000061035156,88.0,85.16999816894531,86.01000213623047,840700,0.0,0.0
2024-08-02 00:00:00-04:00,84.30999755859375,85.75,82.76000213623047,84.41999816894531,705300,0.0,0.0
2024-08-05 00:00:00-04:00,73.25,83.3499984741211,72.20999908447266,83.20999908447266,857400,0.0,0.0
2024-08-06 00:00:00-04:00,84.69999694824219,86.8499984741211,83.36000061035156,85.5199966430664,732900,0.0,0.0
2024-08-07 00:00:00-04:00,86.19999694824219,86.47000122070312,83.36000061035156,83.8499984741211,357200,0.0,0.0
2024-08-08 00:00:00-04:00,84.87000274658203,85.95999908447266,83.91999816894531,85.0,489900,0.0,0.0
2024-08-09 00:00:00-04:00,84.58999633789062,86.4000015258789,82.70500183105469,83.08999633789062,428600,0.0,0.0
2024-08-12 00:00:00-04:00,83.0999984741211,85.54499816894531,82.0199966430664,84.91999816894531,354200,0.0,0.0
2024-08-13 00:00:00-04:00,85.05999755859375,85.68000030517578,83.88999938964844,84.8499984741211,229100,0.0,0.0
2024-08-14 00:00:00-04:00,85.08999633789062,85.44999694824219,84.55599975585938,84.83000183105469,300400,0.0,0.0
2024-08-15 00:00:00-04:00,85.73999786376953,86.25,84.91999816894531,85.61000061035156,355100,0.0,0.0
2024-08-16 00:00:00-04:00,85.61000061035156,86.5,85.36000061035156,86.16999816894531,257200,0.0,0.0
2024-08-19 00:00:00-04:00,86.2300033569336,90.6500015258789,86.2300033569336,90.27999877929688,681700,0.0,0.0
2024-08-20 00:00:00-04:00,90.27999877929688,90.27999877929688,86.80000305175781,88.16000366210938,380300,0.0,0.0
2024-08-21 00:00:00-04:00,88.5,89.18000030517578,87.4800033569336,87.91000366210938,434400,0.0,0.0
2024-08-22 00:00:00-04:00,87.91000366210938,89.0999984741211,86.26000213623047,87.11000061035156,317000,0.0,0.0
2024-08-23 00:00:00-04:00,87.55000305175781,88.22000122070312,86.25,87.98999786376953,329800,0.0,0.0
2024-08-26 00:00:00-04:00,88.55999755859375,89.88700103759766,88.31999969482422,88.51000213623047,268100,0.0,0.0
2024-08-27 00:00:00-04:00,88.3499984741211,89.19499969482422,87.62000274658203,88.93000030517578,176100,0.0,0.0
2024-08-28 00:00:00-04:00,88.97000122070312,89.29000091552734,87.56999969482422,88.43000030517578,251900,0.0,0.0
2024-08-29 00:00:00-04:00,88.4000015258789,89.9000015258789,87.68000030517578,89.11000061035156,365000,0.0,0.0
2024-08-30 00:00:00-04:00,89.47000122070312,90.23500061035156,88.11000061035156,88.86000061035156,311800,0.0,0.0
2024-09-03 00:00:00-04:00,90.0,91.77999877929688,88.04000091552734,89.6500015258789,492700,0.0,0.0
2024-09-04 00:00:00-04:00,89.6500015258789,96.8499984741211,88.43800354003906,95.55999755859375,1146500,0.0,0.0
2024-09-05 00:00:00-04:00,95.87999725341797,97.0,93.33999633789062,93.69000244140625,515600,0.0,0.0
2024-09-06 00:00:00-04:00,94.16999816894531,94.52999877929688,91.5199966430664,93.18499755859375,945700,0.0,0.0
2024-09-09 00:00:00-04:00,93.4800033569336,96.55500030517578,93.30000305175781,94.08999633789062,431900,0.0,0.0
2024-09-10 00:00:00-04:00,94.72000122070312,94.72000122070312,92.41999816894531,92.69000244140625,281900,0.0,0.0
2024-09-11 00:00:00-04:00,91.88999938964844,92.98999786376953,90.13999938964844,91.02999877929688,481300,0.0,0.0
2024-09-12 00:00:00-04:00,90.70999908447266,92.78299713134766,89.54000091552734,91.75,275000,0.0,0.0
2024-09-13 00:00:00-04:00,92.33000183105469,94.75,91.72000122070312,93.66999816894531,244400,0.0,0.0
2024-09-16 00:00:00-04:00,95.0,96.70999908447266,92.2699966430664,92.41000366210938,367300,0.0,0.0
2024-09-17 00:00:00-04:00,92.86000061035156,93.2699966430664,89.55999755859375,90.94000244140625,448600,0.0,0.0
2024-09-18 00:00:00-04:00,90.9800033569336,92.5,89.23999786376953,91.54000091552734,342900,0.0,0.0
2024-09-19 00:00:00-04:00,92.88999938964844,95.7699966430664,91.80000305175781,94.31999969482422,340500,0.0,0.0
2024-09-20 00:00:00-04:00,94.94000244140625,96.23999786376953,93.83999633789062,95.83999633789062,575600,0.0,0.0
2024-09-23 00:00:00-04:00,96.36000061035156,96.47100067138672,90.51000213623047,91.55999755859375,672800,0.0,0.0
2024-09-24 00:00:00-04:00,91.51000213623047,91.51000213623047,89.2300033569336,91.30999755859375,402600,0.0,0.0
2024-09-25 00:00:00-04:00,91.30000305175781,91.30000305175781,89.44999694824219,89.91999816894531,257400,0.0,0.0
2024-09-26 00:00:00-04:00,90.01000213623047,90.48999786376953,89.0199966430664,89.63999938964844,226400,0.0,0.0
2024-09-27 00:00:00-04:00,90.08000183105469,91.30000305175781,89.04000091552734,89.63999938964844,239800,0.0,0.0
2024-09-30 00:00:00-04:00,90.13999938964844,90.36000061035156,88.88999938964844,89.87000274658203,398400,0.0,0.0
2024-10-01 00:00:00-04:00,90.20999908447266,90.6500015258789,88.0199966430664,90.51000213623047,550600,0.0,0.0
2024-10-02 00:00:00-04:00,90.0199966430664,95.72000122070312,89.91999816894531,93.23999786376953,456500,0.0,0.0
2024-10-03 00:00:00-04:00,93.11000061035156,93.5,90.80000305175781,91.18000030517578,339300,0.0,0.0
2024-10-04 00:00:00-04:00,91.55000305175781,91.82599639892578,86.4000015258789,86.58999633789062,828800,0.0,0.0
2024-10-07 00:00:00-04:00,86.0999984741211,86.27999877929688,83.40299987792969,84.16000366210938,452100,0.0,0.0
2024-10-08 00:00:00-04:00,84.77999877929688,86.2300033569336,84.16000366210938,84.81999969482422,382200,0.0,0.0
2024-10-09 00:00:00-04:00,85.1500015258789,85.56999969482422,81.8499984741211,83.54000091552734,545800,0.0,0.0
2024-10-10 00:00:00-04:00,83.05999755859375,83.60800170898438,80.8499984741211,83.08000183105469,469400,0.0,0.0
2024-10-11 00:00:00-04:00,83.30000305175781,87.58999633789062,82.97000122070312,87.55999755859375,401800,0.0,0.0
2024-10-14 00:00:00-04:00,87.72000122070312,87.72000122070312,85.01000213623047,85.41999816894531,327200,0.0,0.0
2024-10-15 00:00:00-04:00,85.0,86.69999694824219,84.62999725341797,86.43000030517578,241000,0.0,0.0
2024-10-16 00:00:00-04:00,86.52999877929688,91.0,86.5250015258789,89.97000122070312,518800,0.0,0.0
2024-10-17 00:00:00-04:00,90.0,93.38999938964844,89.13999938964844,93.3499984741211,440500,0.0,0.0
2024-10-18 00:00:00-04:00,93.4800033569336,94.9800033569336,93.05999755859375,93.3499984741211,669700,0.0,0.0
2024-10-21 00:00:00-04:00,93.0999984741211,93.0999984741211,90.52999877929688,91.5,297000,0.0,0.0
2024-10-22 00:00:00-04:00,91.08000183105469,94.58999633789062,90.62999725341797,92.3949966430664,363700,0.0,0.0
2024-10-23 00:00:00-04:00,92.44999694824219,93.58999633789062,91.05000305175781,92.31999969482422,278000,0.0,0.0
2024-10-24 00:00:00-04:00,92.22000122070312,92.22000122070312,88.5199966430664,88.83000183105469,437100,0.0,0.0
2024-10-25 00:00:00-04:00,89.0,91.66000366210938,88.83999633789062,89.87000274658203,202100,0.0,0.0
2024-10-28 00:00:00-04:00,90.37999725341797,92.5,89.44999694824219,90.11000061035156,282500,0.0,0.0
2024-10-29 00:00:00-04:00,90.11000061035156,92.33000183105469,89.41000366210938,90.3499984741211,405500,0.0,0.0
2024-10-30 00:00:00-04:00,89.76000213623047,90.89199829101562,89.05999755859375,89.45999908447266,159300,0.0,0.0
2024-10-31 00:00:00-04:00,88.62999725341797,90.19999694824219,87.91000366210938,89.02999877929688,413200,0.0,0.0
2024-11-01 00:00:00-04:00,89.05999755859375,91.0999984741211,88.30999755859375,88.83999633789062,311100,0.0,0.0
2024-11-04 00:00:00-05:00,88.48999786376953,88.87999725341797,86.87999725341797,87.25,363100,0.0,0.0
2024-11-05 00:00:00-05:00,86.83999633789062,89.41999816894531,86.05999755859375,89.23999786376953,259200,0.0,0.0
2024-11-06 00:00:00-05:00,91.0,93.0,89.4000015258789,90.97000122070312,442400,0.0,0.0
2024-11-07 00:00:00-05:00,91.77999877929688,92.54900360107422,90.21299743652344,90.69999694824219,441700,0.0,0.0
2024-11-08 00:00:00-05:00,91.25,91.37000274658203,89.12999725341797,90.06999969482422,635300,0.0,0.0
2024-11-11 00:00:00-05:00,90.31999969482422,91.61000061035156,88.73999786376953,90.9800033569336,757100,0.0,0.0
2024-11-12 00:00:00-05:00,95.0,101.50499725341797,92.20500183105469,99.48999786376953,1564800,0.0,0.0
2024-11-13 00:00:00-05:00,99.0,105.0,97.73999786376953,97.83000183105469,1225300,0.0,0.0
2024-11-14 00:00:00-05:00,98.3499984741211,99.66600036621094,96.79499816894531,97.37000274658203,765800,0.0,0.0
2024-11-15 00:00:00-05:00,97.80999755859375,97.80999755859375,92.5199966430664,93.16999816894531,770600,0.0,0.0
2024-11-18 00:00:00-05:00,93.29000091552734,95.0,91.77999877929688,92.44999694824219,556800,0.0,0.0
2024-11-19 00:00:00-05:00,91.9800033569336,95.54499816894531,90.85800170898438,95.45999908447266,403000,0.0,0.0
2024-11-20 00:00:00-05:00,94.81999969482422,96.91999816894531,94.23999786376953,94.5999984741211,396700,0.0,0.0
2024-11-21 00:00:00-05:00,95.08000183105469,99.3499984741211,94.23999786376953,98.19000244140625,787700,0.0,0.0
2024-11-22 00:00:00-05:00,98.98999786376953,99.30000305175781,96.79000091552734,98.68000030517578,427200,0.0,0.0
2024-11-25 00:00:00-05:00,98.87999725341797,100.61000061035156,96.66999816894531,97.5,665700,0.0,0.0
2024-11-26 00:00:00-05:00,97.5,99.0,96.56999969482422,97.02999877929688,557800,0.0,0.0
2024-11-27 00:00:00-05:00,97.7699966430664,100.4800033569336,96.5,99.6500015258789,487400,0.0,0.0
2024-11-29 00:00:00-05:00,100.0,100.98999786376953,98.16000366210938,98.22000122070312,269500,0.0,0.0
2024-12-02 00:00:00-05:00,97.19000244140625,101.66000366210938,96.75,99.08000183105469,449100,0.0,0.0
2024-12-03 00:00:00-05:00,99.69999694824219,102.0,99.0,100.48999786376953,587000,0.0,0.0
2024-12-04 00:00:00-05:00,100.7699966430664,102.41999816894531,99.5,99.54000091552734,419100,0.0,0.0
2024-12-05 00:00:00-05:00,98.30999755859375,99.49500274658203,97.05999755859375,98.3499984741211,263000,0.0,0.0
2024-12-06 00:00:00-05:00,98.33000183105469,100.23999786376953,98.16000366210938,100.0999984741211,346600,0.0,0.0
2024-12-09 00:00:00-05:00,100.20999908447266,102.30000305175781,97.58999633789062,99.76000213623047,353200,0.0,0.0
2024-12-10 00:00:00-05:00,100.12000274658203,100.12000274658203,97.5999984741211,98.81500244140625,390500,0.0,0.0
2024-12-11 00:00:00-05:00,98.8499984741211,98.8499984741211,96.1500015258789,97.73999786376953,481200,0.0,0.0
2024-12-12 00:00:00-05:00,97.44999694824219,97.80500030517578,92.91999816894531,94.37000274658203,603300,0.0,0.0
2024-12-13 00:00:00-05:00,94.01000213623047,94.68499755859375,89.80000305175781,90.0999984741211,581600,0.0,0.0
2024-12-16 00:00:00-05:00,89.94000244140625,91.69999694824219,89.08999633789062,89.68000030517578,601200,0.0,0.0
2024-12-17 00:00:00-05:00,90.0999984741211,94.4749984741211,90.0999984741211,93.51000213623047,513400,0.0,0.0
2024-12-18 00:00:00-05:00,93.51000213623047,94.63999938964844,89.9000015258789,90.66999816894531,475300,0.0,0.0
2024-12-19 00:00:00-05:00,90.9000015258789,92.0,88.30999755859375,89.73999786376953,563700,0.0,0.0
2024-12-20 00:00:00-05:00,88.81999969482422,93.12000274658203,87.69000244140625,90.7300033569336,956400,0.0,0.0
2024-12-23 00:00:00-05:00,90.0,90.05999755859375,85.1050033569336,86.94999694824219,816000,0.0,0.0
2024-12-24 00:00:00-05:00,86.33999633789062,87.37999725341797,85.29000091552734,87.01000213623047,254900,0.0,0.0
2024-12-26 00:00:00-05:00,86.5,88.58999633789062,84.93499755859375,87.97000122070312,432700,0.0,0.0
2024-12-27 00:00:00-05:00,86.23999786376953,87.87999725341797,85.26000213623047,86.69999694824219,588700,0.0,0.0
2024-12-30 00:00:00-05:00,82.0,84.9800033569336,75.55999755859375,84.77999877929688,3533500,0.0,0.0
2024-12-31 00:00:00-05:00,84.4800033569336,85.45999908447266,83.11499786376953,84.61000061035156,1088300,0.0,0.0
2025-01-02 00:00:00-05:00,85.25,90.31400299072266,84.93000030517578,87.31999969482422,1158100,0.0,0.0
2025-01-03 00:00:00-05:00,87.73999786376953,89.33000183105469,86.0199966430664,86.44999694824219,933500,0.0,0.0
2025-01-06 00:00:00-05:00,85.52999877929688,87.08899688720703,84.02999877929688,85.12999725341797,777000,0.0,0.0
2025-01-07 00:00:00-05:00,85.87000274658203,87.52999877929688,83.44000244140625,83.77999877929688,555400,0.0,0.0
2025-01-08 00:00:00-05:00,83.44000244140625,85.13999938964844,82.30999755859375,82.56999969482422,655000,0.0,0.0
2025-01-10 00:00:00-05:00,81.63999938964844,82.54000091552734,79.19000244140625,80.05000305175781,1207900,0.0,0.0
2025-01-13 00:00:00-05:00,82.25,89.68000030517578,80.98400115966797,89.2699966430664,1879100,0.0,0.0
2025-01-14 00:00:00-05:00,88.72000122070312,90.02999877929688,84.54000091552734,84.5999984741211,772400,0.0,0.0
2025-01-15 00:00:00-05:00,86.08000183105469,95.1050033569336,86.06500244140625,93.75,1149200,0.0,0.0
2025-01-16 00:00:00-05:00,93.91999816894531,95.35600280761719,92.75,93.69000244140625,1162800,0.0,0.0
2025-01-17 00:00:00-05:00,94.0199966430664,94.88999938964844,91.80999755859375,91.93499755859375,808400,0.0,0.0
2025-01-21 00:00:00-05:00,93.08000183105469,98.5,91.94999694824219,96.18000030517578,1068200,0.0,0.0
2025-01-22 00:00:00-05:00,96.19000244140625,102.73999786376953,95.3499984741211,102.2699966430664,1237300,0.0,0.0
2025-01-23 00:00:00-05:00,102.55999755859375,104.0999984741211,101.59500122070312,103.88999938964844,1038300,0.0,0.0
2025-01-24 00:00:00-05:00,103.9000015258789,105.0,102.06999969482422,103.11000061035156,854500,0.0,0.0
2025-01-27 00:00:00-05:00,102.94000244140625,105.63800048828125,102.0199966430664,102.69000244140625,733500,0.0,0.0
2025-01-28 00:00:00-05:00,102.69999694824219,105.0,100.93000030517578,102.45999908447266,903600,0.0,0.0
2025-01-29 00:00:00-05:00,103.54000091552734,105.4800033569336,102.59300231933594,105.13999938964844,698900,0.0,0.0
2025-01-30 00:00:00-05:00,105.2699966430664,111.51000213623047,104.30000305175781,108.8499984741211,1202500,0.0,0.0
2025-01-31 00:00:00-05:00,109.7699966430664,110.27999877929688,105.56800079345703,106.45999908447266,998200,0.0,0.0
2025-02-03 00:00:00-05:00,106.0,108.81999969482422,103.9800033569336,107.43000030517578,966000,0.0,0.0
2025-02-04 00:00:00-05:00,108.5199966430664,113.33000183105469,107.99500274658203,112.91999816894531,825300,0.0,0.0
2025-02-05 00:00:00-05:00,113.48999786376953,114.0,112.0,114.0,866600,0.0,0.0
2025-02-06 00:00:00-05:00,113.66999816894531,114.06099700927734,109.3499984741211,109.5,717200,0.0,0.0
2025-02-07 00:00:00-05:00,109.0,110.0,105.51000213623047,105.76000213623047,868600,0.0,0.0
2025-02-10 00:00:00-05:00,123.44000244140625,132.24899291992188,116.80999755859375,127.08000183105469,4404900,0.0,0.0
2025-02-11 00:00:00-05:00,129.10000610351562,134.18499755859375,127.99600219726562,132.1999969482422,1639500,0.0,0.0
2025-02-12 00:00:00-05:00,131.0,133.10000610351562,128.26300048828125,131.5500030517578,1109900,0.0,0.0
2025-02-13 00:00:00-05:00,131.75,132.13499450683594,128.27000427246094,131.67999267578125,593700,0.0,0.0
2025-02-14 00:00:00-05:00,131.61000061035156,132.1199951171875,129.35000610351562,131.14999389648438,1064100,0.0,0.0
2025-02-18 00:00:00-05:00,124.66000366210938,130.1479949951172,124.03500366210938,128.08999633789062,1563800,0.0,0.0
2025-02-19 00:00:00-05:00,128.80999755859375,130.52000427246094,124.5199966430664,126.95999908447266,871100,0.0,0.0
2025-02-20 00:00:00-05:00,128.1300048828125,129.41000366210938,125.87999725341797,129.10000610351562,706900,0.0,0.0
2025-02-21 00:00:00-05:00,130.0399932861328,139.1300048828125,128.38499450683594,137.75,1539500,0.0,0.0
2025-02-24 00:00:00-05:00,137.75999450683594,137.75999450683594,129.22999572753906,130.72000122070312,1153900,0.0,0.0
2025-02-25 00:00:00-05:00,130.8800048828125,131.99000549316406,124.06999969482422,127.08999633789062,1232500,0.0,0.0
2025-02-26 00:00:00-05:00,128.08999633789062,130.94900512695312,126.43000030517578,128.3300018310547,786400,0.0,0.0
2025-02-27 00:00:00-05:00,129.52999877929688,130.02499389648438,126.4000015258789,126.41000366210938,587400,0.0,0.0
2025-02-28 00:00:00-05:00,126.41000366210938,128.77000427246094,126.02999877929688,127.54000091552734,851300,0.0,0.0
2025-03-03 00:00:00-05:00,130.0,130.11000061035156,125.91500091552734,127.1500015258789,836200,0.0,0.0
2025-03-04 00:00:00-05:00,125.83999633789062,127.2239990234375,122.69999694824219,125.56999969482422,795200,0.0,0.0
2025-03-05 00:00:00-05:00,125.56999969482422,128.43099975585938,124.94000244140625,125.0999984741211,399400,0.0,0.0
2025-03-06 00:00:00-05:00,123.51000213623047,126.69999694824219,123.34500122070312,124.41000366210938,554300,0.0,0.0
2025-03-07 00:00:00-05:00,124.95999908447266,124.95999908447266,121.02400207519531,122.16999816894531,509800,0.0,0.0
2025-03-10 00:00:00-04:00,120.72000122070312,121.43000030517578,116.0,118.77999877929688,693400,0.0,0.0
2025-03-11 00:00:00-04:00,120.0,122.0,117.66500091552734,119.5,824700,0.0,0.0
2025-03-12 00:00:00-04:00,119.97000122070312,122.51000213623047,118.7300033569336,119.44999694824219,697100,0.0,0.0
2025-03-13 00:00:00-04:00,119.58999633789062,122.86000061035156,118.0999984741211,121.6500015258789,429200,0.0,0.0
2025-03-14 00:00:00-04:00,122.31999969482422,123.47000122070312,120.5199966430664,121.91000366210938,432200,0.0,0.0
2025-03-17 00:00:00-04:00,122.68000030517578,126.93499755859375,121.9000015258789,125.68000030517578,458900,0.0,0.0
2025-03-18 00:00:00-04:00,124.5,125.62000274658203,123.0009994506836,124.76000213623047,357800,0.0,0.0
2025-03-19 00:00:00-04:00,124.04000091552734,126.22000122070312,123.51000213623047,125.9000015258789,371700,0.0,0.0
2025-03-20 00:00:00-04:00,125.56999969482422,127.43499755859375,124.0,126.2699966430664,311800,0.0,0.0
2025-03-21 00:00:00-04:00,124.75,128.5,124.0,126.79000091552734,789800,0.0,0.0
2025-03-24 00:00:00-04:00,127.98999786376953,129.60000610351562,127.0,129.1699981689453,395500,0.0,0.0
2025-03-25 00:00:00-04:00,129.6699981689453,130.1999969482422,119.83999633789062,120.36000061035156,1254500,0.0,0.0
2025-03-26 00:00:00-04:00,120.7699966430664,121.25599670410156,117.5999984741211,119.16000366210938,673500,0.0,0.0
2025-03-27 00:00:00-04:00,120.19000244140625,122.93499755859375,118.91000366210938,121.7699966430664,551800,0.0,0.0
2025-03-28 00:00:00-04:00,122.97000122070312,122.97000122070312,118.0,118.52999877929688,435200,0.0,0.0
2025-03-31 00:00:00-04:00,115.62000274658203,117.77999877929688,113.5,116.62999725341797,656400,0.0,0.0
2025-04-01 00:00:00-04:00,112.43000030517578,113.73500061035156,107.0,111.66999816894531,1673400,0.0,0.0
2025-04-02 00:00:00-04:00,110.0,111.21499633789062,108.80999755859375,109.75,902200,0.0,0.0
2025-04-03 00:00:00-04:00,107.45500183105469,109.5199966430664,107.41000366210938,107.88999938964844,754300,0.0,0.0
2025-04-04 00:00:00-04:00,105.33999633789062,106.28500366210938,98.80000305175781,98.86000061035156,990600,0.0,0.0
2025-04-07 00:00:00-04:00,94.47000122070312,102.19999694824219,92.52799987792969,98.5,1196400,0.0,0.0
2025-04-08 00:00:00-04:00,102.41000366210938,103.0,95.94000244140625,97.55000305175781,881600,0.0,0.0
2025-04-09 00:00:00-04:00,95.0999984741211,103.75,86.98999786376953,101.66999816894531,2489700,0.0,0.0
2025-04-10 00:00:00-04:00,99.22000122070312,99.56500244140625,92.44999694824219,95.6500015258789,1080500,0.0,0.0
2025-04-11 00:00:00-04:00,95.1500015258789,98.45500183105469,93.94999694824219,98.05999755859375,868000,0.0,0.0
2025-04-14 00:00:00-04:00,99.83000183105469,104.22000122070312,97.70500183105469,103.52999877929688,812000,0.0,0.0
2025-04-15 00:00:00-04:00,102.26000213623047,104.52999877929688,101.31999969482422,103.83000183105469,889100,0.0,0.0
2025-04-16 00:00:00-04:00,103.68000030517578,104.56999969482422,102.36499786376953,104.47000122070312,460500,0.0,0.0
2025-04-17 00:00:00-04:00,104.3499984741211,105.66000366210938,103.9800033569336,104.45999908447266,486800,0.0,0.0
2025-04-21 00:00:00-04:00,103.55000305175781,104.16999816894531,101.58000183105469,103.0,688600,0.0,0.0
2025-04-22 00:00:00-04:00,103.73999786376953,104.58000183105469,102.6500015258789,103.81999969482422,752800,0.0,0.0
2025-04-23 00:00:00-04:00,105.88999938964844,106.05000305175781,103.76000213623047,104.2300033569336,665500,0.0,0.0
2025-04-24 00:00:00-04:00,104.4800033569336,105.80999755859375,103.1500015258789,105.41000366210938,722900,0.0,0.0
2025-04-25 00:00:00-04:00,104.30999755859375,106.80000305175781,104.30999755859375,106.2699966430664,439000,0.0,0.0
2025-04-28 00:00:00-04:00,106.91000366210938,109.70999908447266,106.69000244140625,107.23999786376953,571600,0.0,0.0
2025-04-29 00:00:00-04:00,107.61499786376953,111.41999816894531,107.21499633789062,109.91500091552734,626700,0.0,0.0
2025-04-30 00:00:00-04:00,109.94000244140625,113.0,109.58999633789062,112.29000091552734,708900,0.0,0.0
2025-05-01 00:00:00-04:00,111.20999908447266,113.30000305175781,109.875,112.23999786376953,424000,0.0,0.0
2025-05-02 00:00:00-04:00,113.0999984741211,114.01000213623047,111.12999725341797,112.20999908447266,700600,0.0,0.0
2025-05-05 00:00:00-04:00,114.08000183105469,120.0,113.61000061035156,116.48999786376953,999600,0.0,0.0
2025-05-06 00:00:00-04:00,115.76000213623047,117.36499786376953,110.61000061035156,112.16000366210938,716100,0.0,0.0
2025-05-07 00:00:00-04:00,111.1500015258789,112.94000244140625,110.0199966430664,110.86000061035156,758900,0.0,0.0
2025-05-08 00:00:00-04:00,110.18000030517578,112.25,108.02999877929688,108.86000061035156,608300,0.0,0.0
2025-05-09 00:00:00-04:00,108.86000061035156,110.16000366210938,107.66000366210938,107.76000213623047,435300,0.0,0.0
2025-05-12 00:00:00-04:00,106.2300033569336,110.9530029296875,106.01000213623047,110.16000366210938,566800,0.0,0.0
2025-05-13 00:00:00-04:00,110.11000061035156,110.27999877929688,105.21499633789062,105.66999816894531,979500,0.0,0.0
2025-05-14 00:00:00-04:00,105.41000366210938,106.84500122070312,103.0199966430664,103.66999816894531,874100,0.0,0.0
2025-05-15 00:00:00-04:00,104.0199966430664,107.38999938964844,103.33000183105469,107.22000122070312,581000,0.0,0.0
2025-05-16 00:00:00-04:00,106.7699966430664,108.9000015258789,106.48999786376953,107.52999877929688,627700,0.0,0.0
2025-05-19 00:00:00-04:00,107.4000015258789,109.1449966430664,106.08999633789062,108.30000305175781,570000,0.0,0.0
2025-05-20 00:00:00-04:00,108.36000061035156,109.63999938964844,107.33999633789062,108.3499984741211,627400,0.0,0.0
2025-05-21 00:00:00-04:00,107.25,108.80999755859375,105.66000366210938,105.76000213623047,380400,0.0,0.0
2025-05-22 00:00:00-04:00,105.16000366210938,105.94000244140625,103.76000213623047,104.3499984741211,416300,0.0,0.0
2025-05-23 00:00:00-04:00,103.7300033569336,105.41000366210938,103.26000213623047,105.06999969482422,467600,0.0,0.0
2025-05-27 00:00:00-04:00,106.75,106.7699966430664,103.93000030517578,103.9800033569336,441500,0.0,0.0
2025-05-28 00:00:00-04:00,103.88999938964844,104.41000366210938,102.51000213623047,102.98999786376953,604700,0.0,0.0
2025-05-29 00:00:00-04:00,103.0,105.01000213623047,101.40499877929688,104.63999938964844,401300,0.0,0.0
2025-05-30 00:00:00-04:00,104.52999877929688,105.55000305175781,102.55000305175781,105.16000366210938,485800,0.0,0.0
2025-06-02 00:00:00-04:00,105.36000061035156,108.1500015258789,105.36000061035156,107.66000366210938,708800,0.0,0.0
2025-06-03 00:00:00-04:00,109.66000366210938,111.41000366210938,108.29000091552734,110.11000061035156,1352000,0.0,0.0
2025-06-04 00:00:00-04:00,110.01000213623047,111.04000091552734,108.13999938964844,108.13999938964844,477900,0.0,0.0
2025-06-05 00:00:00-04:00,107.70999908447266,111.5,106.63999938964844,110.66000366210938,684600,0.0,0.0
2025-06-06 00:00:00-04:00,112.0,113.30000305175781,110.2249984741211,111.91000366210938,702100,0.0,0.0
2025-06-09 00:00:00-04:00,110.5,112.91999816894531,108.22699737548828,109.87000274658203,917800,0.0,0.0
2025-06-10 00:00:00-04:00,110.12000274658203,112.9800033569336,109.69999694824219,109.91000366210938,704300,0.0,0.0
2025-06-11 00:00:00-04:00,110.33000183105469,111.1500015258789,107.8499984741211,108.08000183105469,453300,0.0,0.0
2025-06-12 00:00:00-04:00,107.31999969482422,108.69999694824219,106.0,106.25,447200,0.0,0.0
2025-06-13 00:00:00-04:00,104.7300033569336,106.03500366210938,103.70999908447266,104.0999984741211,425900,0.0,0.0
2025-06-16 00:00:00-04:00,104.05000305175781,104.2699966430664,101.01000213623047,101.69000244140625,712500,0.0,0.0
2025-06-17 00:00:00-04:00,100.93000030517578,102.0,99.38999938964844,101.5999984741211,995000,0.0,0.0
2025-06-18 00:00:00-04:00,101.12999725341797,103.83000183105469,100.0,102.88999938964844,650400,0.0,0.0
2025-06-20 00:00:00-04:00,102.43000030517578,103.91500091552734,99.9800033569336,100.69000244140625,1146000,0.0,0.0
2025-06-23 00:00:00-04:00,100.51000213623047,104.00499725341797,99.75,101.6500015258789,638400,0.0,0.0
2025-06-24 00:00:00-04:00,101.8499984741211,105.0250015258789,100.45999908447266,104.26000213623047,957400,0.0,0.0
2025-06-25 00:00:00-04:00,104.45999908447266,104.73999786376953,101.69999694824219,103.69999694824219,270700,0.0,0.0
2025-06-26 00:00:00-04:00,103.26000213623047,104.54399871826172,102.0,102.56999969482422,358100,0.0,0.0
2025-06-27 00:00:00-04:00,102.97000122070312,106.5999984741211,102.51000213623047,103.36000061035156,1181700,0.0,0.0
2025-06-30 00:00:00-04:00,103.63999938964844,104.58000183105469,103.08999633789062,104.38999938964844,609900,0.0,0.0
2025-07-01 00:00:00-04:00,104.0199966430664,106.3499984741211,102.45999908447266,102.97000122070312,483700,0.0,0.0
2025-07-02 00:00:00-04:00,102.97000122070312,104.83000183105469,102.26000213623047,103.91000366210938,399400,0.0,0.0
2025-07-03 00:00:00-04:00,104.98999786376953,106.62999725341797,103.95999908447266,105.44000244140625,245800,0.0,0.0
2025-07-07 00:00:00-04:00,105.6500015258789,108.19000244140625,104.54499816894531,107.5,570500,0.0,0.0
2025-07-08 00:00:00-04:00,106.45999908447266,110.44000244140625,106.45999908447266,108.41000366210938,622900,0.0,0.0
2025-07-09 00:00:00-04:00,108.91000366210938,114.66400146484375,108.91000366210938,112.3499984741211,886900,0.0,0.0
2025-07-10 00:00:00-04:00,112.3499984741211,112.5,109.91999816894531,110.7300033569336,718000,0.0,0.0
2025-07-11 00:00:00-04:00,109.66999816894531,112.20999908447266,108.4749984741211,108.9800033569336,978100,0.0,0.0
2025-07-14 00:00:00-04:00,108.9800033569336,113.33000183105469,108.93000030517578,112.33000183105469,584800,0.0,0.0
2025-07-15 00:00:00-04:00,113.08000183105469,113.47799682617188,109.23999786376953,110.12000274658203,595600,0.0,0.0
2025-07-16 00:00:00-04:00,110.1050033569336,112.62000274658203,109.80999755859375,111.31999969482422,525300,0.0,0.0
2025-07-17 00:00:00-04:00,111.33000183105469,113.5,110.76000213623047,112.23999786376953,512300,0.0,0.0
2025-07-18 00:00:00-04:00,113.05999755859375,113.66000366210938,111.1989974975586,111.69999694824219,453700,0.0,0.0
2025-07-21 00:00:00-04:00,111.69999694824219,113.9800033569336,109.30000305175781,109.68000030517578,467400,0.0,0.0
2025-07-22 00:00:00-04:00,110.0,110.19000244140625,102.54000091552734,102.55000305175781,1119900,0.0,0.0
2025-07-23 00:00:00-04:00,103.16000366210938,106.45999908447266,101.36000061035156,106.36000061035156,747300,0.0,0.0
2025-07-24 00:00:00-04:00,106.6500015258789,106.98999786376953,104.47000122070312,104.97000122070312,431400,0.0,0.0
2025-07-25 00:00:00-04:00,105.2699966430664,105.85800170898438,100.77999877929688,100.83000183105469,854900,0.0,0.0
2025-07-28 00:00:00-04:00,101.37999725341797,102.1500015258789,99.3759994506836,100.38999938964844,699700,0.0,0.0
2025-07-29 00:00:00-04:00,100.81999969482422,101.41000366210938,99.69999694824219,100.41000366210938,563800,0.0,0.0
2025-07-30 00:00:00-04:00,101.3499984741211,103.98999786376953,100.56999969482422,101.26000213623047,598400,0.0,0.0
2025-07-31 00:00:00-04:00,102.1449966430664,103.49400329589844,101.22000122070312,101.37999725341797,781900,0.0,0.0
2025-08-01 00:00:00-04:00,101.30999755859375,103.33000183105469,100.22000122070312,103.0199966430664,838800,0.0,0.0
2025-08-04 00:00:00-04:00,108.0,109.87999725341797,96.08999633789062,106.54000091552734,1089200,0.0,0.0
2025-08-05 00:00:00-04:00,106.12000274658203,106.98999786376953,102.33000183105469,103.58999633789062,922000,0.0,0.0
2025-08-06 00:00:00-04:00,102.37000274658203,104.3499984741211,101.11000061035156,103.26000213623047,553800,0.0,0.0
2025-08-07 00:00:00-04:00,103.52999877929688,104.41500091552734,101.88300323486328,104.31999969482422,411800,0.0,0.0
2025-08-08 00:00:00-04:00,104.73999786376953,105.94999694824219,103.27999877929688,104.80000305175781,311400,0.0,0.0
2025-08-11 00:00:00-04:00,104.91000366210938,105.5,102.66999816894531,103.95999908447266,307000,0.0,0.0
2025-08-12 00:00:00-04:00,104.16000366210938,105.48500061035156,103.4000015258789,105.2300033569336,428800,0.0,0.0
2025-08-13 00:00:00-04:00,105.0,110.33999633789062,104.1500015258789,109.38999938964844,589400,0.0,0.0
2025-08-14 00:00:00-04:00,109.16999816894531,110.25499725341797,107.80999755859375,108.75,426800,0.0,0.0
2025-08-15 00:00:00-04:00,108.41999816894531,110.0479965209961,108.04000091552734,109.21499633789062,383900,0.0,0.0
2025-08-18 00:00:00-04:00,109.81999969482422,112.47000122070312,109.4000015258789,111.12999725341797,695300,0.0,0.0
2025-08-19 00:00:00-04:00,111.0,112.08999633789062,109.5999984741211,111.29000091552734,618100,0.0,0.0
2025-08-20 00:00:00-04:00,112.2699966430664,117.12999725341797,111.54499816894531,116.98999786376953,676500,0.0,0.0
2025-08-21 00:00:00-04:00,116.98999786376953,117.29000091552734,114.48999786376953,117.13999938964844,476800,0.0,0.0
2025-08-22 00:00:00-04:00,118.43000030517578,120.5,117.58000183105469,118.51000213623047,728000,0.0,0.0
2025-08-25 00:00:00-04:00,118.61000061035156,119.75,115.98999786376953,116.30999755859375,315800,0.0,0.0
2025-08-26 00:00:00-04:00,116.23999786376953,121.5,116.1500015258789,121.1500015258789,547500,0.0,0.0
2025-08-27 00:00:00-04:00,121.16999816894531,123.58999633789062,120.4800033569336,121.86000061035156,1041700,0.0,0.0
2025-08-28 00:00:00-04:00,121.9000015258789,122.62000274658203,120.75,121.75,369700,0.0,0.0
2025-08-29 00:00:00-04:00,121.75,122.2750015258789,119.93000030517578,121.27999877929688,351700,0.0,0.0
2025-09-02 00:00:00-04:00,121.41000366210938,124.6050033569336,121.29000091552734,123.47000122070312,902500,0.0,0.0
2025-09-03 00:00:00-04:00,123.5199966430664,124.4749984741211,120.72000122070312,122.0,576600,0.0,0.0
2025-09-04 00:00:00-04:00,121.80999755859375,124.5199966430664,121.75,124.41000366210938,470700,0.0,0.0
2025-09-05 00:00:00-04:00,124.29000091552734,125.25,122.55999755859375,125.16999816894531,506600,0.0,0.0
2025-09-08 00:00:00-04:00,124.26000213623047,129.42999267578125,124.1969985961914,129.2899932861328,751500,0.0,0.0
2025-09-09 00:00:00-04:00,129.30999755859375,130.0,123.54000091552734,125.68000030517578,809200,0.0,0.0
2025-09-10 00:00:00-04:00,128.0800018310547,128.0800018310547,123.95999908447266,124.12000274658203,478600,0.0,0.0
2025-09-11 00:00:00-04:00,123.69000244140625,124.51000213623047,122.02999877929688,122.95999908447266,564800,0.0,0.0
2025-09-12 00:00:00-04:00,122.6500015258789,123.03800201416016,117.75,118.41999816894531,700800,0.0,0.0
2025-09-15 00:00:00-04:00,117.9800033569336,118.83399963378906,116.34300231933594,116.7750015258789,444600,0.0,0.0
2025-09-16 00:00:00-04:00,116.19000244140625,117.33000183105469,112.9000015258789,114.0999984741211,735500,0.0,0.0
2025-09-17 00:00:00-04:00,114.4800033569336,118.43199920654297,113.8499984741211,116.62000274658203,592000,0.0,0.0
2025-09-18 00:00:00-04:00,116.37000274658203,118.7699966430664,115.55999755859375,118.62999725341797,517600,0.0,0.0
2025-09-19 00:00:00-04:00,118.70999908447266,119.20999908447266,115.76000213623047,115.94999694824219,616500,0.0,0.0
2025-09-22 00:00:00-04:00,116.63999938964844,117.79000091552734,114.91000366210938,117.48999786376953,525900,0.0,0.0
2025-09-23 00:00:00-04:00,117.5,119.3499984741211,116.5,118.19000244140625,432600,0.0,0.0
2025-09-24 00:00:00-04:00,117.93000030517578,119.04000091552734,116.6780014038086,118.7699966430664,332700,0.0,0.0
2025-09-25 00:00:00-04:00,118.48999786376953,118.98999786376953,115.30500030517578,116.01000213623047,424300,0.0,0.0
2025-09-26 00:00:00-04:00,116.1500015258789,117.83599853515625,115.72000122070312,116.76000213623047,345000,0.0,0.0
2025-09-29 00:00:00-04:00,117.55999755859375,119.68000030517578,116.1760025024414,117.62000274658203,358900,0.0,0.0
2025-09-30 00:00:00-04:00,118.4800033569336,121.47000122070312,117.5,121.44999694824219,402100,0.0,0.0
2025-10-01 00:00:00-04:00,122.48999786376953,124.52999877929688,118.0999984741211,118.56999969482422,527000,0.0,0.0
2025-10-02 00:00:00-04:00,118.13999938964844,120.80000305175781,117.59700012207031,119.94000244140625,452700,0.0,0.0
2025-10-03 00:00:00-04:00,120.08999633789062,122.13999938964844,119.72000122070312,120.30000305175781,322300,0.0,0.0
2025-10-06 00:00:00-04:00,120.63999938964844,120.91500091552734,119.16999816894531,119.94000244140625,543700,0.0,0.0
2025-10-07 00:00:00-04:00,119.80999755859375,120.78500366210938,117.5,118.63999938964844,402300,0.0,0.0
2025-10-08 00:00:00-04:00,119.1500015258789,120.02799987792969,117.30000305175781,118.70999908447266,344700,0.0,0.0
2025-10-09 00:00:00-04:00,118.70999908447266,124.125,118.70999908447266,122.5199966430664,648300,0.0,0.0
2025-10-10 00:00:00-04:00,122.5199966430664,122.9800033569336,120.41999816894531,121.70999908447266,339800,0.0,0.0
2025-10-13 00:00:00-04:00,122.04000091552734,122.26499938964844,119.19999694824219,121.1500015258789,571800,0.0,0.0
2025-10-14 00:00:00-04:00,120.6500015258789,124.38500213623047,120.12000274658203,123.5199966430664,292000,0.0,0.0
2025-10-15 00:00:00-04:00,123.41999816894531,130.35000610351562,123.41999816894531,129.5800018310547,686600,0.0,0.0
2025-10-16 00:00:00-04:00,129.91000366210938,130.80999755859375,124.0199966430664,125.0,495700,0.0,0.0
2025-10-17 00:00:00-04:00,124.18000030517578,128.22500610351562,124.18000030517578,127.94000244140625,346600,0.0,0.0
2025-10-20 00:00:00-04:00,129.7100067138672,134.36000061035156,126.30000305175781,131.60000610351562,814400,0.0,0.0
2025-10-21 00:00:00-04:00,131.25,131.8000030517578,128.47999572753906,131.38999938964844,342000,0.0,0.0
2025-10-22 00:00:00-04:00,130.50999450683594,131.7449951171875,127.48999786376953,129.72000122070312,395800,0.0,0.0
2025-10-23 00:00:00-04:00,130.1999969482422,130.39999389648438,126.80000305175781,127.05999755859375,294200,0.0,0.0
2025-10-24 00:00:00-04:00,127.27999877929688,130.6300048828125,127.17500305175781,129.5500030517578,530600,0.0,0.0
2025-10-27 00:00:00-04:00,130.1999969482422,134.99000549316406,130.1999969482422,134.67999267578125,454800,0.0,0.0
2025-10-28 00:00:00-04:00,133.5500030517578,136.22999572753906,132.61000061035156,133.50999450683594,515000,0.0,0.0
2025-10-29 00:00:00-04:00,133.10000610351562,134.91000366210938,129.39999389648438,133.3300018310547,406700,0.0,0.0
2025-10-30 00:00:00-04:00,132.66000366210938,136.24000549316406,131.01100158691406,133.14999389648438,405200,0.0,0.0
2025-10-31 00:00:00-04:00,132.2100067138672,135.72000122070312,132.0,134.99000549316406,508200,0.0,0.0
2025-11-03 00:00:00-05:00,123.9000015258789,137.85000610351562,123.5,135.75,1238800,0.0,0.0
2025-11-04 00:00:00-05:00,134.00999450683594,136.10000610351562,131.50999450683594,134.92999267578125,725800,0.0,0.0
2025-11-05 00:00:00-05:00,134.66000366210938,135.8000030517578,131.49000549316406,135.69000244140625,577500,0.0,0.0
2025-11-06 00:00:00-05:00,135.66000366210938,141.36000061035156,133.00999450683594,139.41000366210938,572900,0.0,0.0
2025-11-07 00:00:00-05:00,139.5,139.5,134.49000549316406,138.14999389648438,458700,0.0,0.0
2025-11-10 00:00:00-05:00,138.97000122070312,140.3800048828125,136.94000244140625,137.8000030517578,530600,0.0,0.0
2025-11-11 00:00:00-05:00,137.2100067138672,142.19000244140625,137.0,139.61000061035156,551700,0.0,0.0
2025-11-12 00:00:00-05:00,140.35000610351562,144.14999389648438,139.64999389648438,140.86000061035156,677400,0.0,0.0
2025-11-13 00:00:00-05:00,140.22999572753906,140.89500427246094,136.39999389648438,137.39999389648438,507300,0.0,0.0
2025-11-14 00:00:00-05:00,137.02999877929688,141.99000549316406,136.0,139.69000244140625,401400,0.0,0.0
2025-11-17 00:00:00-05:00,139.52999877929688,146.67999267578125,138.89999389648438,145.55999755859375,877100,0.0,0.0
2025-11-18 00:00:00-05:00,145.3800048828125,149.4600067138672,143.67999267578125,147.47999572753906,798800,0.0,0.0
2025-11-19 00:00:00-05:00,146.97999572753906,149.23500061035156,144.50999450683594,146.77000427246094,492100,0.0,0.0
2025-11-20 00:00:00-05:00,148.77999877929688,149.5,142.91000366210938,143.30999755859375,821300,0.0,0.0
2025-11-21 00:00:00-05:00,143.89999389648438,149.76499938964844,142.50999450683594,149.44000244140625,531800,0.0,0.0
2025-11-24 00:00:00-05:00,148.86000061035156,151.38499450683594,148.02000427246094,151.1999969482422,542900,0.0,0.0
2025-11-25 00:00:00-05:00,152.1300048828125,152.94000244140625,150.0,150.36000061035156,359500,0.0,0.0
2025-11-26 00:00:00-05:00,150.00999450683594,152.0,147.97300720214844,150.97999572753906,541300,0.0,0.0
2025-11-28 00:00:00-05:00,151.77000427246094,152.75999450683594,150.06399536132812,151.5,189500,0.0,0.0
2025-12-01 00:00:00-05:00,150.0,151.5800018310547,148.5500030517578,149.02999877929688,504900,0.0,0.0
2025-12-02 00:00:00-05:00,149.24000549316406,149.25,141.69000244140625,142.08999633789062,785200,0.0,0.0
2025-12-03 00:00:00-05:00,142.88999938964844,148.71499633789062,142.6199951171875,147.80999755859375,616700,0.0,0.0
2025-12-04 00:00:00-05:00,147.6300048828125,149.92999267578125,147.5,148.0399932861328,358700,0.0,0.0
2025-12-05 00:00:00-05:00,148.0,151.63400268554688,147.60000610351562,149.22000122070312,492300,0.0,0.0
2025-12-08 00:00:00-05:00,150.77000427246094,151.50999450683594,147.47000122070312,147.55999755859375,631400,0.0,0.0
2025-12-09 00:00:00-05:00,146.99000549316406,148.5399932861328,144.0,145.22000122070312,440000,0.0,0.0
2025-12-10 00:00:00-05:00,145.1199951171875,149.8699951171875,144.97000122070312,149.25999450683594,406300,0.0,0.0
2025-12-11 00:00:00-05:00,149.75,150.0,146.33999633789062,148.75,276600,0.0,0.0
2025-12-12 00:00:00-05:00,148.6699981689453,148.85299682617188,144.1300048828125,148.1699981689453,554100,0.0,0.0
2025-12-15 00:00:00-05:00,148.36000061035156,149.1300048828125,145.10000610351562,146.24000549316406,364600,0.0,0.0
2025-12-16 00:00:00-05:00,146.75999450683594,148.2100067138672,145.07000732421875,146.8699951171875,303800,0.0,0.0
2025-12-17 00:00:00-05:00,146.83999633789062,148.8699951171875,145.7100067138672,148.0,421900,0.0,0.0
2025-12-18 00:00:00-05:00,148.19000244140625,149.0,145.8800048828125,147.0,392600,0.0,0.0
2025-12-19 00:00:00-05:00,147.17999267578125,154.49000549316406,147.17999267578125,152.64999389648438,975300,0.0,0.0
2025-12-22 00:00:00-05:00,152.64999389648438,156.38499450683594,152.64999389648438,154.6999969482422,606800,0.0,0.0
2025-12-23 00:00:00-05:00,155.36000061035156,158.56500244140625,152.41000366210938,154.19000244140625,469900,0.0,0.0
2025-12-24 00:00:00-05:00,154.74000549316406,155.8350067138672,153.5,153.63999938964844,145100,0.0,0.0
2025-12-26 00:00:00-05:00,153.75999450683594,154.22000122070312,151.27000427246094,152.0500030517578,463200,0.0,0.0
2025-12-29 00:00:00-05:00,152.0,153.14500427246094,150.00999450683594,150.67999267578125,551200,0.0,0.0
2025-12-30 00:00:00-05:00,150.97000122070312,153.02000427246094,148.13499450683594,148.7899932861328,519500,0.0,0.0
2025-12-31 00:00:00-05:00,158.49000549316406,184.39500427246094,158.49000549316406,182.63999938964844,3052600,0.0,0.0
2026-01-02 00:00:00-05:00,183.3300018310547,183.3300018310547,175.02000427246094,178.69000244140625,1431200,0.0,0.0
2026-01-05 00:00:00-05:00,178.8800048828125,179.02000427246094,168.5800018310547,171.49000549316406,1057200,0.0,0.0
2026-01-06 00:00:00-05:00,173.0,176.0,170.3000030517578,171.8800048828125,791600,0.0,0.0
2026-01-07 00:00:00-05:00,171.89999389648438,173.72999572753906,168.02000427246094,170.69000244140625,815000,0.0,0.0
2026-01-08 00:00:00-05:00,168.97000122070312,170.58999633789062,165.75,167.5500030517578,808900,0.0,0.0
2026-01-09 00:00:00-05:00,169.10000610351562,173.77999877929688,168.50999450683594,169.3800048828125,793800,0.0,0.0
2026-01-12 00:00:00-05:00,172.5,179.4499969482422,170.05999755859375,176.82000732421875,1167300,0.0,0.0
2026-01-13 00:00:00-05:00,177.91000366210938,177.9499969482422,173.6699981689453,174.3300018310547,613300,0.0,0.0
2026-01-14 00:00:00-05:00,173.66000366210938,179.0,172.72999572753906,177.00999450683594,457400,0.0,0.0
2026-01-15 00:00:00-05:00,177.00999450683594,177.00999450683594,173.32000732421875,174.13999938964844,666400,0.0,0.0
2026-01-16 00:00:00-05:00,175.7100067138672,178.55999755859375,172.0500030517578,177.27000427246094,618900,0.0,0.0
2026-01-20 00:00:00-05:00,178.0,185.97999572753906,175.0,184.5,1280600,0.0,0.0
2026-01-21 00:00:00-05:00,183.97999572753906,189.33999633789062,183.69000244140625,189.10000610351562,1389300,0.0,0.0
2026-01-22 00:00:00-05:00,189.0,191.5,185.04800415039062,186.97999572753906,621500,0.0,0.0
2026-01-23 00:00:00-05:00,186.42999267578125,187.4499969482422,184.89999389648438,185.9600067138672,426600,0.0,0.0
2026-01-26 00:00:00-05:00,184.36500549316406,188.00999450683594,184.36500549316406,184.52000427246094,335400,0.0,0.0
2026-01-27 00:00:00-05:00,185.4199981689453,189.9499969482422,185.25999450683594,188.02000427246094,403200,0.0,0.0
2026-01-28 00:00:00-05:00,187.69000244140625,189.00999450683594,184.0,185.1699981689453,421500,0.0,0.0
2026-01-29 00:00:00-05:00,183.24000549316406,187.10000610351562,181.1300048828125,185.26499938964844,499900,0.0,0.0
2026-01-30 00:00:00-05:00,185.5500030517578,188.0,180.55999755859375,184.25,745700,0.0,0.0
2026-02-02 00:00:00-05:00,184.3800048828125,187.19000244140625,183.74000549316406,185.8800048828125,581100,0.0,0.0
2026-02-03 00:00:00-05:00,188.25,190.75999450683594,185.72999572753906,187.35000610351562,910800,0.0,0.0
2026-02-04 00:00:00-05:00,186.67999267578125,188.10000610351562,184.5500030517578,185.5399932861328,623400,0.0,0.0
2026-02-05 00:00:00-05:00,185.4199981689453,188.44500732421875,180.02000427246094,180.83999633789062,891500,0.0,0.0
2026-02-06 00:00:00-05:00,181.8000030517578,184.08999633789062,178.0,182.5500030517578,661800,0.0,0.0
2026-02-09 00:00:00-05:00,183.02000427246094,184.05999755859375,180.0,183.22000122070312,309000,0.0,0.0
2026-02-10 00:00:00-05:00,183.08999633789062,185.50999450683594,182.7100067138672,184.3000030517578,468300,0.0,0.0
2026-02-11 00:00:00-05:00,184.1199951171875,187.1750030517578,181.0,186.2100067138672,374800,0.0,0.0
2026-02-12 00:00:00-05:00,186.97000122070312,186.97000122070312,182.69500732421875,182.94000244140625,229800,0.0,0.0
2026-02-13 00:00:00-05:00,183.35000610351562,186.6179962158203,180.39999389648438,181.2100067138672,364000,0.0,0.0
2026-02-17 00:00:00-05:00,183.64999389648438,184.99000549316406,181.1699981689453,183.3000030517578,569700,0.0,0.0
2026-02-18 00:00:00-05:00,182.60000610351562,186.0399932861328,182.60000610351562,184.74000549316406,495400,0.0,0.0
2026-02-19 00:00:00-05:00,184.74000549316406,186.33999633789062,181.8280029296875,186.1750030517578,397500,0.0,0.0
2026-02-20 00:00:00-05:00,186.0,186.0,181.5,183.72000122070312,573800,0.0,0.0
2026-02-23 00:00:00-05:00,176.4199981689453,181.843994140625,166.32000732421875,174.75999450683594,863500,0.0,0.0
2026-02-24 00:00:00-05:00,175.00999450683594,175.2949981689453,166.8800048828125,169.9499969482422,1069100,0.0,0.0
2026-02-25 00:00:00-05:00,170.0,170.75,163.16000366210938,164.22000122070312,872700,0.0,0.0
2026-02-26 00:00:00-05:00,163.85000610351562,163.85000610351562,160.10000610351562,163.19000244140625,1002800,0.0,0.0
2026-02-27 00:00:00-05:00,163.1300048828125,165.55999755859375,162.38499450683594,163.88999938964844,613800,0.0,0.0
2026-03-02 00:00:00-05:00,162.05999755859375,168.0,161.17999267578125,166.3800048828125,566800,0.0,0.0
2026-03-03 00:00:00-05:00,164.77000427246094,167.72000122070312,163.17999267578125,164.0500030517578,617300,0.0,0.0
2026-03-04 00:00:00-05:00,164.02000427246094,166.08999633789062,163.22000122070312,164.0800018310547,428800,0.0,0.0
2026-03-05 00:00:00-05:00,162.11000061035156,163.8000030517578,159.66000366210938,161.4600067138672,496000,0.0,0.0
2026-03-06 00:00:00-05:00,159.8000030517578,163.00999450683594,158.41000366210938,162.3300018310547,387000,0.0,0.0
2026-03-09 00:00:00-04:00,162.5,164.99000549316406,160.0,164.49000549316406,425600,0.0,0.0
2026-03-10 00:00:00-04:00,164.75,169.10800170898438,164.4499969482422,166.33999633789062,423900,0.0,0.0
2026-03-11 00:00:00-04:00,164.99000549316406,165.16000366210938,158.60000610351562,159.5,656800,0.0,0.0
2026-03-12 00:00:00-04:00,157.97999572753906,158.8800048828125,153.3699951171875,154.1199951171875,769000,0.0,0.0
2026-03-13 00:00:00-04:00,154.5500030517578,157.75,153.6649932861328,156.0800018310547,862700,0.0,0.0
2026-03-16 00:00:00-04:00,157.5,159.14999389648438,155.8939971923828,158.22999572753906,510700,0.0,0.0
2026-03-17 00:00:00-04:00,158.50999450683594,161.36000061035156,157.89999389648438,161.1699981689453,481500,0.0,0.0
2026-03-18 00:00:00-04:00,160.72000122070312,160.72000122070312,157.27999877929688,157.8699951171875,464700,0.0,0.0
2026-03-19 00:00:00-04:00,157.41000366210938,159.52999877929688,156.39999389648438,158.8800048828125,454800,0.0,0.0
2026-03-20 00:00:00-04:00,159.63999938964844,160.02999877929688,155.4199981689453,156.9199981689453,849300,0.0,0.0
2026-03-23 00:00:00-04:00,156.97999572753906,159.39999389648438,153.4600067138672,156.83999633789062,409900,0.0,0.0
2026-03-24 00:00:00-04:00,155.89999389648438,158.96499633789062,152.27999877929688,158.75,1251800,0.0,0.0
2026-03-25 00:00:00-04:00,160.74000549316406,163.47999572753906,160.60000610351562,161.77999877929688,434900,0.0,0.0
2026-03-26 00:00:00-04:00,160.0500030517578,165.69000244140625,159.05499267578125,164.26499938964844,304400,0.0,0.0
2026-03-27 00:00:00-04:00,163.88999938964844,163.88999938964844,155.55999755859375,156.35000610351562,680800,0.0,0.0
2026-03-30 00:00:00-04:00,155.6300048828125,160.97000122070312,155.0,160.5,518000,0.0,0.0
2026-03-31 00:00:00-04:00,160.1999969482422,171.60000610351562,159.9199981689453,169.02000427246094,677100,0.0,0.0
2026-04-01 00:00:00-04:00,170.47999572753906,174.80999755859375,169.875,171.77999877929688,604300,0.0,0.0
2026-04-02 00:00:00-04:00,171.22000122070312,171.22000122070312,166.64999389648438,168.5050048828125,617000,0.0,0.0
2026-04-06 00:00:00-04:00,167.89999389648438,170.00999450683594,167.07000732421875,169.74000549316406,337500,0.0,0.0
2026-04-07 00:00:00-04:00,167.72999572753906,169.27999877929688,165.1699981689453,168.74000549316406,401300,0.0,0.0
2026-04-08 00:00:00-04:00,172.0,174.2899932861328,167.13999938964844,173.19000244140625,524900,0.0,0.0
2026-04-09 00:00:00-04:00,173.0500030517578,180.7100067138672,172.02000427246094,178.89999389648438,986000,0.0,0.0
2026-04-10 00:00:00-04:00,181.0,181.99000549316406,177.0,178.11000061035156,560300,0.0,0.0
2026-04-13 00:00:00-04:00,177.10000610351562,182.5,175.4429931640625,178.3300018310547,549600,0.0,0.0
2026-04-14 00:00:00-04:00,179.77000427246094,184.22000122070312,178.3300018310547,184.17999267578125,820800,0.0,0.0
2026-04-15 00:00:00-04:00,184.17999267578125,185.0500030517578,179.5749969482422,184.17999267578125,540400,0.0,0.0
2026-04-16 00:00:00-04:00,182.85000610351562,184.9600067138672,180.22000122070312,184.19000244140625,410100,0.0,0.0
2026-04-17 00:00:00-04:00,186.91000366210938,190.22999572753906,185.77000427246094,188.99000549316406,767400,0.0,0.0
2026-04-20 00:00:00-04:00,188.3300018310547,191.0,187.0,188.69000244140625,525100,0.0,0.0
2026-04-21 00:00:00-04:00,188.19000244140625,188.84500122070312,181.4250030517578,182.97000122070312,717400,0.0,0.0
2026-04-22 00:00:00-04:00,183.99000549316406,186.58999633789062,180.75,186.4199981689453,614300,0.0,0.0
2026-04-23 00:00:00-04:00,186.6999969482422,186.99000549316406,182.02000427246094,182.72000122070312,418900,0.0,0.0
2026-04-24 00:00:00-04:00,181.57000732421875,191.13999938964844,180.89999389648438,185.9600067138672,527100,0.0,0.0
2026-04-27 00:00:00-04:00,186.50999450683594,193.49000549316406,186.50999450683594,187.39999389648438,919800,0.0,0.0
2026-04-28 00:00:00-04:00,188.5850067138672,190.10000610351562,181.6649932861328,185.0,664600,0.0,0.0
2026-04-29 00:00:00-04:00,182.49000549316406,185.7100067138672,180.0,183.9499969482422,760600,0.0,0.0
2026-04-30 00:00:00-04:00,184.27999877929688,217.0,183.86000061035156,207.75,2798900,0.0,0.0
2026-05-01 00:00:00-04:00,207.22999572753906,209.13999938964844,198.02000427246094,206.52999877929688,1636300,0.0,0.0
2026-05-04 00:00:00-04:00,212.0,234.2899932861328,208.5,223.6999969482422,2506700,0.0,0.0
2026-05-05 00:00:00-04:00,226.10000610351562,231.0,222.3300018310547,223.05999755859375,1019900,0.0,0.0
2026-05-06 00:00:00-04:00,221.7100067138672,227.4499969482422,220.85000610351562,222.6300048828125,559900,0.0,0.0
2026-05-07 00:00:00-04:00,220.01499938964844,221.0,216.41000366210938,220.22000122070312,919100,0.0,0.0
2026-05-08 00:00:00-04:00,220.55999755859375,223.42999267578125,216.77000427246094,217.3800048828125,574200,0.0,0.0
2026-05-11 00:00:00-04:00,216.0800018310547,217.60000610351562,213.19500732421875,216.47000122070312,738200,0.0,0.0
2026-05-12 00:00:00-04:00,217.33999633789062,224.7550048828125,214.30999755859375,224.02999877929688,633300,0.0,0.0
2026-05-13 00:00:00-04:00,224.24000549316406,235.9149932861328,223.75,235.32000732421875,815500,0.0,0.0
2026-05-14 00:00:00-04:00,234.4600067138672,235.0,227.83999633789062,232.27000427246094,572500,0.0,0.0
2026-05-15 00:00:00-04:00,229.7100067138672,230.5,225.7100067138672,227.72000122070312,549400,0.0,0.0
2026-05-18 00:00:00-04:00,229.1699981689453,232.0,225.41000366210938,227.39999389648438,464500,0.0,0.0
2026-05-19 00:00:00-04:00,227.47999572753906,229.0,223.72000122070312,226.6699981689453,510300,0.0,0.0
2026-05-20 00:00:00-04:00,228.14999389648438,232.38800048828125,226.5,230.6199951171875,646800,0.0,0.0
2026-05-21 00:00:00-04:00,230.0,234.7899932861328,224.0,233.63999938964844,590500,0.0,0.0
2026-05-22 00:00:00-04:00,235.0,236.83999633789062,232.02000427246094,235.97000122070312,674600,0.0,0.0
2026-05-26 00:00:00-04:00,236.7899932861328,238.55999755859375,233.3300018310547,234.1999969482422,646600,0.0,0.0
2026-05-27 00:00:00-04:00,235.0,236.69500732421875,231.25,234.52000427246094,708900,0.0,0.0
2026-05-28 00:00:00-04:00,234.22000122070312,236.67999267578125,231.3800048828125,232.8300018310547,472300,0.0,0.0
2026-05-29 00:00:00-04:00,231.52999877929688,236.5,230.00999450683594,234.47999572753906,913900,0.0,0.0
2026-06-01 00:00:00-04:00,233.5,233.5,227.63999938964844,230.25,499100,0.0,0.0
2026-06-02 00:00:00-04:00,225.88999938964844,228.34500122070312,218.55499267578125,222.16000366210938,603800,0.0,0.0
2026-06-03 00:00:00-04:00,225.2100067138672,233.55999755859375,217.1510009765625,233.49000549316406,783800,0.0,0.0
2026-06-04 00:00:00-04:00,233.8000030517578,236.4600067138672,229.07200622558594,231.47999572753906,557800,0.0,0.0
2026-06-05 00:00:00-04:00,231.2100067138672,242.41000366210938,228.24000549316406,232.32000732421875,1118700,0.0,0.0
2026-06-08 00:00:00-04:00,234.0,239.2429962158203,233.2899932861328,235.13999938964844,548900,0.0,0.0
2026-06-09 00:00:00-04:00,237.2100067138672,246.40499877929688,236.3800048828125,245.63999938964844,918000,0.0,0.0
2026-06-10 00:00:00-04:00,246.17999267578125,256.0,245.11000061035156,246.33999633789062,741200,0.0,0.0
2026-06-11 00:00:00-04:00,249.1199951171875,257.43499755859375,247.68499755859375,253.77000427246094,787500,0.0,0.0
2026-06-12 00:00:00-04:00,253.0399932861328,257.92498779296875,253.0399932861328,255.1699981689453,441600,0.0,0.0
2026-06-15 00:00:00-04:00,253.4199981689453,255.08999633789062,251.1439971923828,253.39999389648438,628300,0.0,0.0
2026-06-16 00:00:00-04:00,255.02999877929688,255.02999877929688,248.0800018310547,251.91000366210938,684300,0.0,0.0
2026-06-17 00:00:00-04:00,251.1300048828125,254.83999633789062,248.63999938964844,252.16000366210938,519400,0.0,0.0
2026-06-18 00:00:00-04:00,255.6199951171875,260.19000244140625,247.33999633789062,250.5,770700,0.0,0.0
2026-06-22 00:00:00-04:00,249.0500030517578,253.0,245.94000244140625,247.85000610351562,814100,0.0,0.0
2026-06-23 00:00:00-04:00,247.85000610351562,252.02999877929688,241.55999755859375,241.97000122070312,1312900,0.0,0.0
2026-06-24 00:00:00-04:00,245.60000610351562,246.75999450683594,236.44000244140625,237.9199981689453,1126400,0.0,0.0
2026-06-25 00:00:00-04:00,238.8300018310547,244.6699981689453,236.59500122070312,237.3300018310547,1384200,0.0,0.0
2026-06-26 00:00:00-04:00,239.8800048828125,247.5,238.25,241.6699981689453,7350000,0.0,0.0
2026-06-29 00:00:00-04:00,244.0800018310547,248.1540069580078,236.47000122070312,241.1199951171875,1357600,0.0,0.0
2026-06-30 00:00:00-04:00,245.6199951171875,248.6199951171875,240.3800048828125,244.77000427246094,1195900,0.0,0.0
2026-07-01 00:00:00-04:00,244.77000427246094,247.63999938964844,237.63999938964844,240.66000366210938,977800,0.0,0.0
2026-07-02 00:00:00-04:00,242.49000549316406,245.1999969482422,238.3300018310547,244.30999755859375,853800,0.0,0.0
2026-07-06 00:00:00-04:00,245.39999389648438,251.25,239.02000427246094,242.60000610351562,842100,0.0,0.0
2026-07-07 00:00:00-04:00,242.30999755859375,252.60000610351562,239.86000061035156,249.75999450683594,1055700,0.0,0.0
2026-07-08 00:00:00-04:00,249.36000061035156,252.53500366210938,245.39999389648438,245.57000732421875,769400,0.0,0.0
2026-07-09 00:00:00-04:00,245.1300048828125,249.5500030517578,243.72000122070312,248.9499969482422,621700,0.0,0.0
2026-07-10 00:00:00-04:00,248.32000732421875,249.11000061035156,230.13999938964844,233.8000030517578,804600,0.0,0.0
2026-07-13 00:00:00-04:00,230.14999389648438,231.80999755859375,224.6999969482422,228.27999877929688,843000,0.0,0.0
2026-07-14 00:00:00-04:00,229.02000427246094,236.00999450683594,226.66900634765625,235.25999450683594,482600,0.0,0.0
2026-07-15 00:00:00-04:00,232.5800018310547,237.97999572753906,229.63900756835938,237.52999877929688,838900,0.0,0.0
2026-07-16 00:00:00-04:00,235.9199981689453,240.86000061035156,233.2200927734375,237.0399932861328,562058,0.0,0.0
