Date,Open,High,Low,Close,Volume,Dividends,Stock Splits
2022-01-07 00:00:00-05:00,20.001136632603966,20.968629838109997,19.952196879668072,20.313594818115234,38800,0.0,0.0
2022-01-10 00:00:00-05:00,20.39641537829862,20.39641537829862,19.99737093035783,20.1253662109375,7000,0.0,0.0
2022-01-11 00:00:00-05:00,20.283476959289,20.283476959289,19.967253436589434,20.178068161010742,36500,0.0,0.0
2022-01-12 00:00:00-05:00,20.140424208263493,20.230774406675017,19.967254550381394,19.98231315612793,49600,0.0,0.0
2022-01-13 00:00:00-05:00,20.200657454903265,20.200657454903265,20.06889824309626,20.102779388427734,1800,0.0,0.0
2022-01-14 00:00:00-05:00,19.989841365696368,20.283478438518006,19.974784195759334,20.129131317138672,7500,0.0,0.0
2022-01-18 00:00:00-05:00,19.876904787742028,19.997370764219976,19.854318314694734,19.98984146118164,7900,0.0,0.0
2022-01-19 00:00:00-05:00,19.989842450420305,20.132896343092582,19.74891048554139,20.065134048461914,9800,0.0,0.0
2022-01-20 00:00:00-05:00,20.042552198197807,20.102785203313545,19.82420665711069,20.087726593017578,30600,0.0,0.0
2022-01-21 00:00:00-05:00,19.88443400733772,20.14042456529606,19.801613110331285,19.92207908630371,7800,0.0,0.0
2022-01-24 00:00:00-05:00,20.087724562596357,20.14042825723694,19.786559567458742,19.8693790435791,50000,0.0,0.0
2022-01-25 00:00:00-05:00,19.914551126625668,20.155483077448544,19.801613018118207,20.01995849609375,71000,0.0,0.0
2022-01-26 00:00:00-05:00,20.095249263893834,20.18559802370552,19.854317322972474,20.080190658569336,49300,0.0,0.0
2022-01-27 00:00:00-05:00,20.042546143046387,20.125365602516958,19.83925927367122,19.98231315612793,92800,0.0,0.0
2022-01-28 00:00:00-05:00,19.90702288780152,20.193129235680825,19.831731290127667,20.163013458251953,86000,0.0,0.0
2022-01-31 00:00:00-05:00,20.147957284459626,20.32112697477306,19.914554595947266,19.914554595947266,159700,0.0,0.0
2022-02-01 00:00:00-05:00,20.035020592345127,20.035020592345127,19.914554595947266,19.914554595947266,13300,0.0,0.0
2022-02-02 00:00:00-05:00,19.914552105799476,20.01995948045031,19.590799242437324,19.605857849121094,25500,0.0,0.0
2022-02-03 00:00:00-05:00,19.560680784777738,19.560680784777738,19.184224258037283,19.244457244873047,32300,0.0,0.0
2022-02-04 00:00:00-05:00,19.176696186318466,19.357395158426637,18.898119142843782,18.950822830200195,32900,0.0,0.0
2022-02-07 00:00:00-05:00,18.93576422350757,19.13905110565468,18.868001929458533,18.950822830200195,11800,0.0,0.0
2022-02-08 00:00:00-05:00,18.875529806726423,19.093875279069785,18.596952784298708,18.785181045532227,51800,0.0,0.0
2022-02-09 00:00:00-05:00,18.864238654901627,19.01105648511483,18.724950128297795,18.837886810302734,38400,0.0,0.0
2022-02-10 00:00:00-05:00,18.72118317244388,18.72118317244388,18.44637007628852,18.536720275878906,28300,0.0,0.0
2022-02-11 00:00:00-05:00,18.64965678122883,18.755064149750154,18.295786725076912,18.318374633789062,20900,0.0,0.0
2022-02-14 00:00:00-05:00,18.1527367468152,18.318377125027784,17.904275461462387,18.179088592529297,32200,0.0,0.0
2022-02-15 00:00:00-05:00,18.664714101749833,18.664714101749833,18.258140389334677,18.288257598876953,20300,0.0,0.0
2022-02-16 00:00:00-05:00,17.994618413385467,18.551773799151235,17.994618413385467,18.50659942626953,24600,0.0,0.0
2022-02-17 00:00:00-05:00,18.57436335175172,18.598456257021926,18.40872301244305,18.468955993652344,37200,0.0,0.0
2022-02-18 00:00:00-05:00,18.559308265304058,18.61954125793037,18.446371583638207,18.604482650756836,12900,0.0,0.0
2022-02-22 00:00:00-05:00,18.461425969567685,18.59695053100586,18.295784200668805,18.59695053100586,35100,0.0,0.0
2022-02-23 00:00:00-05:00,18.453896470696495,18.63459540532917,18.356016983561627,18.378604888916016,13100,0.0,0.0
2022-02-24 00:00:00-05:00,18.32590444614538,18.559307098388672,18.295787233691932,18.559307098388672,21400,0.0,0.0
2022-02-25 00:00:00-05:00,18.621934067247924,18.904548155443575,18.621934067247924,18.812889099121094,22700,0.352,0.0
2022-02-28 00:00:00-05:00,18.721237169583794,19.05731853539013,18.576110893483285,19.042041778564453,15200,0.0,0.0
2022-03-01 00:00:00-05:00,19.11842597855503,19.523249875987766,18.820535018761444,19.454505920410156,24600,0.0,0.0
2022-03-02 00:00:00-05:00,19.46978378580986,19.530889365700958,19.36284938521842,19.37812614440918,25500,0.0,0.0
2022-03-03 00:00:00-05:00,19.21772034568551,19.500334522918415,19.21772034568551,19.33993148803711,9400,0.0,0.0
2022-03-04 00:00:00-05:00,19.22535872419145,19.46214263038871,19.22535872419145,19.33993148803711,3100,0.0,0.0
2022-03-07 00:00:00-05:00,19.263547245150068,19.339929565745734,18.9885729306259,19.01912498474121,11800,0.0,0.0
2022-03-08 00:00:00-05:00,18.980938460265573,19.317019865948744,18.84345054626465,18.84345054626465,16000,0.0,0.0
2022-03-09 00:00:00-05:00,19.019122391881925,19.12529335140552,18.770116847397407,18.774700164794922,30600,0.0,0.0
2022-03-10 00:00:00-05:00,18.774703410259967,18.774703410259967,18.62193876348743,18.67540740966797,25300,0.0,0.0
2022-03-11 00:00:00-05:00,18.793795740278135,18.984750790978474,18.49208641052246,18.49208641052246,13400,0.0,0.0
2022-03-14 00:00:00-04:00,18.408069852097814,18.49820067242707,18.052893289666905,18.064350128173828,37900,0.0,0.0
2022-03-15 00:00:00-04:00,18.148371681093035,18.43098439459334,18.140733302772528,18.42334747314453,5300,0.0,0.0
2022-03-16 00:00:00-04:00,18.507369242353583,18.553199518520508,18.145319093240655,18.43480682373047,28400,0.0,0.0
2022-03-17 00:00:00-04:00,18.583747930798005,18.667768630404154,18.33932566671278,18.408069610595703,80200,0.0,0.0
2022-03-18 00:00:00-04:00,18.178921692321516,18.67540602919671,18.178921692321516,18.362239837646484,33300,0.0,0.0
2022-03-21 00:00:00-04:00,18.560831512397577,18.57610826706332,18.227806710539124,18.33168601989746,18900,0.0,0.0
2022-03-22 00:00:00-04:00,18.40043200628772,18.415708762653182,18.27058249092462,18.34467315673828,18800,0.0,0.0
2022-03-23 00:00:00-04:00,18.33168806276977,18.437095642089844,18.217115303751793,18.437095642089844,25700,0.0,0.0
2022-03-24 00:00:00-04:00,18.282803418782766,18.43862166517055,18.243848128750013,18.408069610595703,36900,0.0,0.0
2022-03-25 00:00:00-04:00,18.40806895335645,18.411124013017698,18.071987623802865,18.163646697998047,32800,0.0,0.0
2022-03-28 00:00:00-04:00,18.293498596549263,18.362242546971324,18.293498596549263,18.346965789794922,11200,0.0,0.0
2022-03-29 00:00:00-04:00,18.430981661444658,18.705957412719727,18.408067986752727,18.705957412719727,18200,0.0,0.0
2022-03-30 00:00:00-04:00,18.73498369003646,18.820531188233854,18.568470554708277,18.805255889892578,20300,0.0,0.0
2022-03-31 00:00:00-04:00,18.698319477882496,19.064952850341797,18.698319477882496,19.064952850341797,14800,0.0,0.0
2022-04-01 00:00:00-04:00,18.942741368441208,18.95954638108316,18.732691093824492,18.851083755493164,13200,0.0,0.0
2022-04-04 00:00:00-04:00,18.861776713556402,18.881635328338294,18.713595404283755,18.759424209594727,17700,0.0,0.0
2022-04-05 00:00:00-04:00,18.774703006723538,18.89691413876615,18.408069610595703,18.408069610595703,18700,0.0,0.0
2022-04-06 00:00:00-04:00,18.522644221004832,18.522644221004832,18.117818894999758,18.2629451751709,15600,0.0,0.0
2022-04-07 00:00:00-04:00,18.18656211582388,18.698321808324327,18.178923737503368,18.42334747314453,12400,0.0,0.0
2022-04-08 00:00:00-04:00,18.79685240593287,18.82816931664323,18.33168643376961,18.599023818969727,10200,0.0,0.0
2022-04-11 00:00:00-04:00,18.610481347048857,18.61430126437897,17.980330476638855,18.026159286499023,20700,0.0,0.0
2022-04-12 00:00:00-04:00,18.110178528430733,18.2934966816146,18.026159286499023,18.026159286499023,3900,0.0,0.0
2022-04-13 00:00:00-04:00,18.079625963426153,18.75178716425029,18.064349208280444,18.66012954711914,28400,0.0,0.0
2022-04-14 00:00:00-04:00,18.48445048450659,18.499725782161736,18.161354264938378,18.270580291748047,13700,0.0,0.0
2022-04-18 00:00:00-04:00,18.30724679201492,18.414944577519606,18.198020748069208,18.3164119720459,6100,0.0,0.0
2022-04-19 00:00:00-04:00,18.201836963859876,18.385153653714784,18.06434908225081,18.102540969848633,13900,0.0,0.0
2022-04-20 00:00:00-04:00,18.178924467144697,18.362242640451274,18.065115102283087,18.2629451751709,10200,0.0,0.0
2022-04-21 00:00:00-04:00,18.28585871845187,18.362241041198494,18.01088293931268,18.064350128173828,9300,0.0,0.0
2022-04-22 00:00:00-04:00,17.96505332273668,18.15600839260368,17.774098252869678,17.98720359802246,14300,0.0,0.0
2022-04-25 00:00:00-04:00,17.75882132275821,17.88714256900656,17.697715759277344,17.697715759277344,11000,0.0,0.0
2022-04-26 00:00:00-04:00,17.712994345408198,17.881034298133457,17.712994345408198,17.873395919799805,9800,0.0,0.0
2022-04-27 00:00:00-04:00,17.659527804609304,17.739728594760106,17.331084808519257,17.384552001953125,13900,0.0,0.0
2022-04-28 00:00:00-04:00,17.39218974937222,17.567868080528296,17.185957904864637,17.55259132385254,14700,0.0,0.0
2022-04-29 00:00:00-04:00,17.315806087305223,17.56022834777832,17.239423766689484,17.56022834777832,32500,0.0,0.0
2022-05-02 00:00:00-04:00,17.315807023071446,17.720632324401983,16.98736404648444,17.19359588623047,19400,0.0,0.0
2022-05-03 00:00:00-04:00,17.415107004808814,17.415107004808814,16.995006308033197,17.017921447753906,20400,0.0,0.0
2022-05-04 00:00:00-04:00,16.956810195247638,17.353995619489226,16.956810195247638,17.338720321655273,39700,0.0,0.0
2022-05-05 00:00:00-04:00,17.30816386473006,17.35399266417048,16.81168107632356,17.23941993713379,37700,0.0,0.0
2022-05-06 00:00:00-04:00,17.059925087580044,17.28525212625021,16.842236426459728,16.880428314208984,23800,0.0,0.0
2022-05-09 00:00:00-04:00,16.804050402895513,17.105759839324037,16.5672664642334,16.5672664642334,19300,0.0,0.0
2022-05-10 00:00:00-04:00,16.979727338403734,16.979727338403734,16.668089345868857,16.895708084106445,13400,0.0,0.0
2022-05-11 00:00:00-04:00,16.949172973632812,17.222620491272007,16.880429029642173,16.949172973632812,16400,0.0,0.0
2022-05-12 00:00:00-04:00,16.860568018500487,17.338720540078867,16.860568018500487,16.9950008392334,11000,0.0,0.0
2022-05-13 00:00:00-04:00,17.033189797901674,17.460930156856445,17.033189797901674,17.26233673095703,8600,0.0,0.0
2022-05-16 00:00:00-04:00,17.19359579837875,17.552590828905863,17.1172134740255,17.277616500854492,16600,0.0,0.0
2022-05-17 00:00:00-04:00,17.552587303609634,17.667160038692664,17.26615473746638,17.399824142456055,25100,0.0,0.0
2022-05-18 00:00:00-04:00,17.48384617690533,17.48384617690533,17.262339047781307,17.30052947998047,16300,0.0,0.0
2022-05-19 00:00:00-04:00,17.399829963588008,17.506764357857673,17.27379889302289,17.31580924987793,11000,0.0,0.0
2022-05-20 00:00:00-04:00,17.415105056693736,17.586201542350487,17.109577178955078,17.109577178955078,3800,0.0,0.0
2022-05-23 00:00:00-04:00,17.155407599787253,17.522042544212145,17.155407599787253,17.220333099365234,8100,0.0,0.0
2022-05-24 00:00:00-04:00,17.05686944818145,17.533493701616784,17.033190915643196,17.369272232055664,6800,0.0,0.0
2022-05-25 00:00:00-04:00,17.59077751225988,17.95741081237793,17.292886681151636,17.95741081237793,8300,0.0,0.0
2022-05-26 00:00:00-04:00,17.911587001678953,18.33932597092338,17.49912333153953,18.253013610839844,12100,0.0,0.0
2022-05-27 00:00:00-04:00,18.396433729663805,18.807311213719228,18.396433729663805,18.69877815246582,7300,0.352,0.0
2022-05-31 00:00:00-04:00,18.62900413783172,18.64605890855864,18.264640657387446,18.597993850708008,29200,0.0,0.0
2022-06-01 00:00:00-04:00,18.489460538541138,18.566984776589376,18.311155826086495,18.43519401550293,10900,0.0,0.0
2022-06-02 00:00:00-04:00,18.411937772689363,18.52822339973385,18.318908383862592,18.334413528442383,11200,0.0,0.0
2022-06-03 00:00:00-04:00,18.303401541854885,18.303401541854885,18.063076278526253,18.12509536743164,11000,0.0,0.0
2022-06-06 00:00:00-04:00,18.225879271965848,18.225879271965848,17.946792602539062,17.946792602539062,9800,0.0,0.0
2022-06-07 00:00:00-04:00,17.892526078739827,18.17936531994534,17.892526078739827,17.946792602539062,18600,0.0,0.0
2022-06-08 00:00:00-04:00,18.03904505617236,18.32665910080666,17.912682428730427,18.256887435913086,39500,0.0,0.0
2022-06-09 00:00:00-04:00,18.20262367613031,18.366199558808866,18.078585470531458,18.08633804321289,3500,0.0,0.0
2022-06-10 00:00:00-04:00,17.908033001475573,17.9855572483131,17.59793749277749,17.62894630432129,7600,0.0,0.0
2022-06-13 00:00:00-04:00,17.50490707938402,17.50490707938402,16.72966761355009,16.90797233581543,14800,0.0,0.0
2022-06-14 00:00:00-04:00,16.907973689707724,16.907973689707724,16.566869362056536,16.861459732055664,24200,0.0,0.0
2022-06-15 00:00:00-04:00,16.90797009694896,17.179304169792562,16.667646308385425,17.10177993774414,7300,0.0,0.0
2022-06-16 00:00:00-04:00,16.9002211179593,17.039764469575537,16.75292667227732,16.760679244995117,7600,0.0,0.0
2022-06-17 00:00:00-04:00,16.822696143009175,16.993248284489002,16.799438427904345,16.910297393798828,4200,0.0,0.0
2022-06-21 00:00:00-04:00,16.989376634007865,17.141322933978888,16.86921396305472,16.900222778320312,6300,0.0,0.0
2022-06-22 00:00:00-04:00,17.099454416635776,17.280086517333984,17.016505009424183,17.280086517333984,8300,0.0,0.0
2022-06-23 00:00:00-04:00,17.249076778530288,17.337454319202333,17.088601653732226,17.22504425048828,19800,0.0,0.0
2022-06-24 00:00:00-04:00,17.21031700788331,17.442888259887695,17.132792764331196,17.442888259887695,12700,0.0,0.0
2022-06-27 00:00:00-04:00,17.435136912090197,17.69096589872199,17.06689783834618,17.652204513549805,14900,0.0,0.0
2022-06-28 00:00:00-04:00,17.501806878871772,17.63669838442273,17.442888512066435,17.605688095092773,7900,0.0,0.0
2022-06-29 00:00:00-04:00,17.5754525944552,17.88477325439453,17.38086792510816,17.88477325439453,12900,0.0,0.0
2022-06-30 00:00:00-04:00,17.69096217081593,17.91578229766544,17.436684343780314,17.49715232849121,32800,0.0,0.0
2022-07-01 00:00:00-04:00,17.373113395791503,17.50567895549857,17.373113395791503,17.411874771118164,6000,0.0,0.0
2022-07-05 00:00:00-04:00,17.41963084675294,17.811902431759286,17.326602935791016,17.326602935791016,5900,0.0,0.0
2022-07-06 00:00:00-04:00,17.359934905020378,17.70181545466563,17.28008623189759,17.396371841430664,4900,0.0,0.0
2022-07-07 00:00:00-04:00,17.357611746561,17.59793705362527,17.303345218724544,17.326602935791016,18000,0.0,0.0
2022-07-08 00:00:00-04:00,17.311096703825072,17.559173089011963,17.303344131956493,17.536691665649414,5800,0.0,0.0
2022-07-11 00:00:00-04:00,17.469246709706688,17.52041250343981,17.442888259887695,17.442888259887695,6000,0.0,0.0
2022-07-12 00:00:00-04:00,17.7064701157538,17.7064701157538,17.485526978823692,17.563051223754883,7300,0.0,0.0
2022-07-13 00:00:00-04:00,17.481649642337775,17.55917388588989,17.373116588555988,17.442888259887695,21500,0.0,0.0
2022-07-14 00:00:00-04:00,17.27233401274398,17.48164752270812,17.27233401274398,17.303342819213867,7900,0.0,0.0
2022-07-15 00:00:00-04:00,17.35761273469774,17.44288955681081,17.256832245643075,17.304121017456055,22200,0.0,0.0
2022-07-18 00:00:00-04:00,17.41962973379286,17.497153973742677,17.295591541333913,17.334354400634766,12500,0.0,0.0
2022-07-19 00:00:00-04:00,17.396375284936095,17.590185165405273,17.396375284936095,17.590185165405273,8700,0.0,0.0
2022-07-20 00:00:00-04:00,17.628945197102997,17.6677080574132,17.48164928522809,17.63669776916504,8400,0.0,0.0
2022-07-21 00:00:00-04:00,17.706471896005773,17.908034361631664,17.667710508969005,17.81888198852539,8500,0.0,0.0
2022-07-22 00:00:00-04:00,18.04757455701068,18.04757455701068,17.86151727027678,17.946792602539062,15100,0.0,0.0
2022-07-25 00:00:00-04:00,17.799496945677944,18.218126955689247,17.799496945677944,18.008811950683594,2700,0.0,0.0
2022-07-26 00:00:00-04:00,18.068511250026425,18.21038055419922,17.815008125882464,18.21038055419922,8200,0.0,0.0
2022-07-27 00:00:00-04:00,17.941366832425363,18.396432319786346,17.941366832425363,18.349918365478516,10800,0.0,0.0
2022-07-28 00:00:00-04:00,18.23363014190703,18.373173463596135,18.187114715576172,18.187114715576172,1900,0.0,0.0
2022-07-29 00:00:00-04:00,18.380929429813428,18.729787826538086,18.26076824322659,18.729787826538086,28400,0.0,0.0
2022-08-01 00:00:00-04:00,18.597995206594508,18.72978597917475,18.56698639586197,18.686372756958008,21100,0.0,0.0
2022-08-02 00:00:00-04:00,18.66389077443273,18.822814806148926,18.450698737915445,18.60574722290039,166700,0.0,0.0
2022-08-03 00:00:00-04:00,18.468531145319677,18.822816175600714,18.468531145319677,18.559234619140625,20900,0.0,0.0
2022-08-04 00:00:00-04:00,18.65846437157424,18.799557341450654,18.582489755296518,18.667766571044922,12000,0.0,0.0
2022-08-05 00:00:00-04:00,18.411939191970905,18.44294948352091,18.233634451514636,18.346044540405273,3200,0.0,0.0
2022-08-08 00:00:00-04:00,18.401083664063062,18.504966353831133,18.249137394038623,18.32666015625,4600,0.0,0.0
2022-08-09 00:00:00-04:00,18.465427098181785,18.465427098181785,18.109592504414188,18.132848739624023,8900,0.0,0.0
2022-08-10 00:00:00-04:00,18.272394069144234,18.590242133514305,18.272394069144234,18.494888305664062,19500,0.0,0.0
2022-08-11 00:00:00-04:00,18.652262349258372,18.652262349258372,18.41969108581543,18.41969108581543,6400,0.0,0.0
2022-08-12 00:00:00-04:00,18.450697680191094,18.675517822665793,18.427441443832922,18.43519401550293,5600,0.0,0.0
2022-08-15 00:00:00-04:00,18.482484939506772,18.566986945524825,18.458452408117896,18.497215270996094,6500,0.0,0.0
2022-08-16 00:00:00-04:00,18.638307446576874,18.66776662963777,18.450699042802324,18.590242385864258,4000,0.0,0.0
2022-08-17 00:00:00-04:00,18.442947933995654,18.442947933995654,18.21812777510314,18.253013610839844,6800,0.0,0.0
2022-08-18 00:00:00-04:00,18.244491586331815,18.244491586331815,18.086342319274635,18.21038055419922,7500,0.0,0.0
2022-08-19 00:00:00-04:00,18.559233033452685,18.590241842865183,17.892526626586914,17.892526626586914,15300,0.0,0.0
2022-08-22 00:00:00-04:00,17.993306964999963,18.24215964522252,17.675458908081055,17.675458908081055,12200,0.0,0.0
2022-08-23 00:00:00-04:00,17.683212078505154,17.720423833690525,17.070773659806765,17.34210777282715,29700,0.0,0.0
2022-08-24 00:00:00-04:00,17.442884749474672,17.696387747591015,17.101779033684704,17.427379608154297,12500,0.0,0.0
2022-08-25 00:00:00-04:00,17.853768810348843,17.90803534664605,17.551424355953774,17.863845825195312,17000,0.0,0.0
2022-08-26 00:00:00-04:00,17.92353833275073,18.617376578591045,17.597937675572627,17.667709350585938,50100,0.0,0.0
2022-08-29 00:00:00-04:00,17.61809550479765,17.81500614386674,17.597939996224703,17.733606338500977,21500,0.0,0.0
2022-08-30 00:00:00-04:00,17.880835847832085,17.880835847832085,17.715491976892963,17.786354064941406,21100,0.352,0.0
2022-08-31 00:00:00-04:00,17.432045620770612,17.739115204728744,17.432045620770612,17.54227638244629,20200,0.0,0.0
2022-09-01 00:00:00-04:00,17.605265854350023,17.707621387608768,17.3533123862413,17.55802345275879,7300,0.0,0.0
2022-09-02 00:00:00-04:00,17.79422842249527,17.79422842249527,17.421021312206925,17.581642150878906,11600,0.0,0.0
2022-09-06 00:00:00-04:00,17.432044133392427,17.524952073610613,17.321814882883025,17.43598175048828,9300,0.0,0.0
2022-09-07 00:00:00-04:00,17.44385946181366,17.609990298186542,17.327330297723105,17.518657684326172,19500,0.0,0.0
2022-09-08 00:00:00-04:00,17.51865510375595,17.55802226732964,17.290321350097656,17.290321350097656,27900,0.0,0.0
2022-09-09 00:00:00-04:00,17.439921843819647,17.67612936533922,17.439921843819647,17.518657684326172,8200,0.0,0.0
2022-09-12 00:00:00-04:00,17.69187192592994,17.762734018567066,17.621009833292813,17.690298080444336,28800,0.0,0.0
2022-09-13 00:00:00-04:00,17.636759286983047,17.636759286983047,17.47141538669712,17.55802345275879,6700,0.0,0.0
2022-09-14 00:00:00-04:00,17.581641985035123,17.660377807308958,17.408424377441406,17.408424377441406,6200,0.0,0.0
2022-09-15 00:00:00-04:00,17.479285090141968,17.479285090141968,17.23520391014782,17.266698837280273,36900,0.0,0.0
2022-09-16 00:00:00-04:00,17.1958392433806,17.396614176764466,17.124977148830766,17.243080139160156,15500,0.0,0.0
2022-09-19 00:00:00-04:00,17.21158572444603,17.400550798513397,17.124976169004814,17.282447814941406,10400,0.0,0.0
2022-09-20 00:00:00-04:00,17.24307736677778,17.25724948305692,17.109226932122322,17.17772674560547,17800,0.0,0.0
2022-09-21 00:00:00-04:00,17.180093622382305,17.25095572454152,17.046243151832808,17.215524673461914,6100,0.0,0.0
2022-09-22 00:00:00-04:00,17.24307874039012,17.24307874039012,16.88798137368264,17.052539825439453,9400,0.0,0.0
2022-09-23 00:00:00-04:00,17.046240637046346,17.235205714339685,16.621069588576574,16.715551376342773,38000,0.0,0.0
2022-09-26 00:00:00-04:00,16.73130080813453,16.74389908213925,16.328175562878076,16.534461975097656,18400,0.0,0.0
2022-09-27 00:00:00-04:00,16.48092141180329,16.644691467285156,16.459663982912982,16.644691467285156,12700,0.0,0.0
2022-09-28 00:00:00-04:00,16.731301402911615,17.038369512801477,16.49981843445367,16.94388771057129,30600,0.0,0.0
2022-09-29 00:00:00-04:00,16.857276684652973,16.857276684652973,16.3376223119791,16.747047424316406,34100,0.0,0.0
2022-09-30 00:00:00-04:00,16.613194185698074,17.258825176979553,16.53445836930162,17.203710556030273,77800,0.0,0.0
2022-10-03 00:00:00-04:00,17.25882712892828,17.25882712892828,17.022621154785156,17.022621154785156,7500,0.0,0.0
2022-10-04 00:00:00-04:00,16.723425780302033,17.54227598320635,16.723425780302033,17.243080139160156,22100,0.0,0.0
2022-10-05 00:00:00-04:00,17.250953436753218,17.250953436753218,17.12497671667944,17.140724182128906,5200,0.0,0.0
2022-10-06 00:00:00-04:00,17.243079663515818,17.243079663515818,16.936011596777565,17.022621154785156,10800,0.0,0.0
2022-10-07 00:00:00-04:00,16.928134528903723,17.061984955016644,16.70767456184695,16.76279067993164,12400,0.0,0.0
2022-10-10 00:00:00-04:00,16.936013171606657,16.936013171606657,16.542335510253906,16.542335510253906,10500,0.0,0.0
2022-10-11 00:00:00-04:00,16.644691386765732,16.644691386765732,16.290382385253906,16.290382385253906,32000,0.0,0.0
2022-10-12 00:00:00-04:00,16.44785142549664,16.44785142549664,16.1644045440526,16.258886337280273,10300,0.0,0.0
2022-10-13 00:00:00-04:00,16.085666755133385,16.361241371696913,15.948667120414093,16.32187271118164,12200,0.0,0.0
2022-10-14 00:00:00-04:00,16.369117263757712,16.369117263757712,16.09354261083122,16.132909774780273,6400,0.0,0.0
2022-10-17 00:00:00-04:00,16.132909774780273,16.234478379318546,16.006933048030056,16.132909774780273,5100,0.0,0.0
2022-10-18 00:00:00-04:00,16.23526648710025,16.23526648710025,16.006932735719836,16.085668563842773,9800,0.0,0.0
2022-10-19 00:00:00-04:00,15.943942433060107,16.11558618709018,15.943942433060107,15.96756362915039,20100,0.0,0.0
2022-10-20 00:00:00-04:00,15.957328052974896,16.132907926822952,15.691989433702565,15.912447929382324,25700,0.0,0.0
2022-10-21 00:00:00-04:00,15.747106627135636,15.849462159437127,15.747106627135636,15.84158992767334,8900,0.0,0.0
2022-10-24 00:00:00-04:00,15.959691526327596,16.038427352905273,15.747105245096161,16.038427352905273,14300,0.0,0.0
2022-10-25 00:00:00-04:00,16.069919389186694,16.07779312133789,15.865206858538096,16.07779312133789,16200,0.0,0.0
2022-10-26 00:00:00-04:00,15.920322799038825,16.29431684747928,15.920322799038825,16.064409255981445,29700,0.0,0.0
2022-10-27 00:00:00-04:00,16.32187328861697,16.32187328861697,15.841587627425856,15.99905776977539,11000,0.0,0.0
2022-10-28 00:00:00-04:00,16.22739178195985,16.265972020059007,15.849460129963116,15.92819595336914,37000,0.0,0.0
2022-10-31 00:00:00-04:00,15.991184667729415,16.258885572212765,15.79434585571289,15.79434585571289,39800,0.0,0.0
2022-11-01 00:00:00-04:00,15.943942537500698,16.101414175612447,15.825839559797306,15.865206718444824,13200,0.0,0.0
2022-11-02 00:00:00-04:00,15.975440176893146,16.148657806802795,15.825842245475984,15.991186141967773,18500,0.0,0.0
2022-11-03 00:00:00-04:00,15.959690762542047,16.095115056224966,15.873081207275392,15.87308120727539,17400,0.0,0.0
2022-11-04 00:00:00-04:00,15.904577734403583,15.991185796607393,15.825841903686523,15.825841903686523,17000,0.0,0.0
2022-11-07 00:00:00-05:00,15.936070040646541,15.936070040646541,15.754978694013968,15.79434585571289,19800,0.0,0.0
2022-11-08 00:00:00-05:00,15.865206858538096,16.101414317791484,15.865206858538096,16.07779312133789,17300,0.0,0.0
2022-11-09 00:00:00-05:00,16.290381198505735,16.290381198505735,15.849461159495553,16.022680282592773,16600,0.0,0.0
2022-11-10 00:00:00-05:00,16.219517319312867,16.53445909699877,16.148655231613432,16.37698745727539,44900,0.0,0.0
2022-11-11 00:00:00-05:00,16.43997913144083,16.86515174346418,16.329749862439733,16.337623596191406,30300,0.0,0.0
2022-11-14 00:00:00-05:00,16.345494159495015,16.67618340411743,15.88095447057874,15.95181655883789,18600,0.0,0.0
2022-11-15 00:00:00-05:00,16.156528276229455,16.345493334799528,15.983309179552963,16.16440200805664,30800,0.0,0.0
2022-11-16 00:00:00-05:00,16.14865461621905,16.30612474818069,16.054171335633434,16.10141372680664,14900,0.0,0.0
2022-11-17 00:00:00-05:00,16.046300523229238,16.20377218560201,15.951818727214434,16.180150985717773,25400,0.0,0.0
2022-11-18 00:00:00-05:00,16.014804692269536,16.25731053542475,16.014804692269536,16.14078140258789,17900,0.0,0.0
2022-11-21 00:00:00-05:00,16.235266244998858,16.298254606205717,16.140782952308072,16.274633407592773,17800,0.0,0.0
2022-11-22 00:00:00-05:00,16.329748094907117,16.439977351976992,16.148656743503466,16.30219078063965,31900,0.0,0.0
2022-11-23 00:00:00-05:00,16.38485823300004,16.45257111596882,16.227388123450975,16.298250198364258,43600,0.0,0.0
2022-11-25 00:00:00-05:00,16.290381385779067,16.41635811215562,16.235266755709457,16.314001083374023,6000,0.0,0.0
2022-11-28 00:00:00-05:00,16.290382583795367,16.400611852040996,16.23526794967255,16.282508850097656,20200,0.0,0.0
2022-11-29 00:00:00-05:00,16.316150654912082,16.42027857855923,16.147942128693582,16.196001052856445,39500,0.352,0.0
2022-11-30 00:00:00-05:00,16.236052709429455,16.476348876953125,16.083864321856048,16.476348876953125,37900,0.0,0.0
2022-12-01 00:00:00-05:00,16.47634999654113,16.684607402170354,16.46032984354676,16.468339920043945,31000,0.0,0.0
2022-12-02 00:00:00-05:00,16.396248782955304,16.796743392944336,16.396248782955304,16.796743392944336,53700,0.0,0.0
2022-12-05 00:00:00-05:00,16.756692932509107,16.956940218257177,16.356198361012968,16.428287506103516,35000,0.0,0.0
2022-12-06 00:00:00-05:00,16.540426372528554,16.62853567180527,16.341781702327122,16.4603271484375,45200,0.0,0.0
2022-12-07 00:00:00-05:00,16.524407226793244,16.772714989348458,16.499577978303442,16.65256690979004,38500,0.0,0.0
2022-12-08 00:00:00-05:00,16.644557416432313,16.804754352192834,16.468338801000233,16.476348876953125,13900,0.0,0.0
2022-12-09 00:00:00-05:00,16.604506073847908,16.64455645129003,16.268090542162515,16.30013084411621,24200,0.0,0.0
2022-12-12 00:00:00-05:00,16.380231146855127,16.516399383568558,16.228042758112867,16.396249771118164,26600,0.0,0.0
2022-12-13 00:00:00-05:00,16.676592552873238,16.764701841359752,16.404256140974418,16.540424346923828,20300,0.0,0.0
2022-12-14 00:00:00-05:00,16.724654659569083,16.772715113962093,16.504382924114513,16.572467803955078,26100,0.0,0.0
2022-12-15 00:00:00-05:00,16.500376651194067,16.68860806091668,16.34017821148939,16.428287506103516,17500,0.0,0.0
2022-12-16 00:00:00-05:00,16.380228913013923,16.644555274379073,16.340178538403702,16.412267684936523,25300,0.0,0.0
2022-12-19 00:00:00-05:00,16.348190307617188,16.604506620624367,16.212022075361407,16.348190307617188,37800,0.0,0.0
2022-12-20 00:00:00-05:00,16.428286961815477,16.482753329519337,16.204009459212614,16.38022804260254,17000,0.0,0.0
2022-12-21 00:00:00-05:00,16.34017666192007,16.492365012430653,16.21201853341602,16.308137893676758,44700,0.0,0.0
2022-12-22 00:00:00-05:00,16.300131505035058,16.388239283448847,16.204012123042315,16.268091201782227,37700,0.0,0.0
2022-12-23 00:00:00-05:00,16.316151117095377,16.368214316510905,16.22003173828125,16.22003173828125,12400,0.0,0.0
2022-12-27 00:00:00-05:00,16.220029150046027,16.3321671342972,16.05983072017396,16.131919860839844,47100,0.0,0.0
2022-12-28 00:00:00-05:00,16.22002794038035,16.476344186847612,16.22002794038035,16.444305419921875,17100,0.0,0.0
2022-12-29 00:00:00-05:00,16.380228381667408,16.57246559026389,16.04781715813052,16.139930725097656,68500,0.0,0.0
2022-12-30 00:00:00-05:00,16.228041692486077,16.325762169019757,16.035804464060952,16.30013084411621,35700,0.0,0.0
2023-01-03 00:00:00-05:00,16.38022851659766,16.548435502593097,16.179981231689453,16.179981231689453,29700,0.0,0.0
2023-01-04 00:00:00-05:00,16.196001511636293,16.42027904369213,16.181583986755598,16.22003173828125,26900,0.0,0.0
2023-01-05 00:00:00-05:00,16.29212055938141,16.316150785538053,16.11590348419636,16.236051559448242,49300,0.0,0.0
2023-01-06 00:00:00-05:00,16.610914554594956,16.70062495295983,16.31615050759696,16.500377655029297,69400,0.0,0.0
2023-01-09 00:00:00-05:00,16.60450703666785,16.764705500194147,16.476348876953125,16.476348876953125,38200,0.0,0.0
2023-01-10 00:00:00-05:00,16.508384704589844,16.56445369329146,16.35619635828163,16.508384704589844,55200,0.0,0.0
2023-01-11 00:00:00-05:00,16.55644595990709,16.89286146743738,16.436297891738896,16.636545181274414,53100,0.0,0.0
2023-01-12 00:00:00-05:00,16.70062288594216,16.904874432334434,16.533216458922944,16.684602737426758,58500,0.0,0.0
2023-01-13 00:00:00-05:00,16.676596426651567,16.993788105564402,16.676596426651567,16.788734436035156,29400,0.0,0.0
2023-01-17 00:00:00-05:00,16.82077015843739,17.021017422228315,16.796739936786945,16.900869369506836,45300,0.0,0.0
2023-01-18 00:00:00-05:00,17.021016851069227,17.325392009601014,16.820769593997824,16.956937789916992,51800,0.0,0.0
2023-01-19 00:00:00-05:00,16.980970677367573,17.21325673760947,16.82077223544756,17.06907844543457,45300,0.0,0.0
2023-01-20 00:00:00-05:00,17.085096822553265,17.269323942211305,17.061066600428795,17.109127044677734,43800,0.0,0.0
2023-01-23 00:00:00-05:00,17.157188995558496,17.32539599688242,17.085099844200904,17.101119995117188,36000,0.0,0.0
2023-01-24 00:00:00-05:00,17.141166576629182,17.325393704493596,17.06907743480998,17.22126579284668,59000,0.0,0.0
2023-01-25 00:00:00-05:00,17.22126587085072,17.517632513868218,17.121142232066703,17.469572067260742,56400,0.0,0.0
2023-01-26 00:00:00-05:00,17.469576600907704,17.49360683044769,17.301369577425458,17.33340835571289,52300,0.0,0.0
2023-01-27 00:00:00-05:00,17.277333322559784,17.49360072970055,17.02101707458496,17.02101707458496,134400,0.0,0.0
2023-01-30 00:00:00-05:00,17.021019442855238,17.21325665558385,16.900871375870548,17.0450496673584,109200,0.0,0.0
2023-01-31 00:00:00-05:00,17.013012666649413,17.28534915275927,16.868834347207034,17.125150680541992,754900,0.0,0.0
2023-02-01 00:00:00-05:00,17.149176299601475,17.38146386909557,17.141166225367325,17.341413497924805,33600,0.0,0.0
2023-02-02 00:00:00-05:00,17.46957203512357,17.838027819608985,17.45034816206904,17.797977447509766,127000,0.0,0.0
2023-02-03 00:00:00-05:00,17.63778275308821,17.81480037832765,17.325395922622377,17.42952537536621,29300,0.0,0.0
2023-02-06 00:00:00-05:00,17.30136626464129,17.421514333804062,17.20524689265172,17.253307342529297,25300,0.0,0.0
2023-02-07 00:00:00-05:00,17.22126579284668,17.38146422528168,17.021018516185674,17.22126579284668,40000,0.0,0.0
2023-02-08 00:00:00-05:00,17.25330960926141,17.573705011710736,17.141170072579804,17.485595703125,35600,0.0,0.0
2023-02-09 00:00:00-05:00,17.62176222997001,17.653802530988372,17.44554515766594,17.549673080444336,29400,0.0,0.0
2023-02-10 00:00:00-05:00,17.557681464149002,17.653800830178074,17.261314819344403,17.613750457763672,135600,0.0,0.0
2023-02-13 00:00:00-05:00,17.653802082497386,17.693850929987267,17.433528838006243,17.64579200744629,125100,0.0,0.0
2023-02-14 00:00:00-05:00,17.789966371079053,18.270560114842123,17.621759401032946,17.950164794921875,92100,0.0,0.0
2023-02-15 00:00:00-05:00,17.9421562069488,18.16643371335066,17.581712015098027,17.59773063659668,161300,0.0,0.0
2023-02-16 00:00:00-05:00,17.533652257110937,17.693850700524123,17.333404966727247,17.461563110351562,45000,0.0,0.0
2023-02-17 00:00:00-05:00,17.525641166217483,17.66981945137834,17.261314819344403,17.613750457763672,35000,0.0,0.0
2023-02-21 00:00:00-05:00,17.62175829107217,17.62175829107217,17.245294004849317,17.301362991333008,42000,0.0,0.0
2023-02-22 00:00:00-05:00,17.421516246740456,17.613753484062254,17.333406940055806,17.605743408203125,19400,0.0,0.0
2023-02-23 00:00:00-05:00,17.65380467284774,18.054299317573697,17.597734139262812,17.982210159301758,39300,0.0,0.0
2023-02-24 00:00:00-05:00,18.04628610593078,18.04628610593078,17.48559308962462,17.846038818359375,177300,0.0,0.0
2023-02-27 00:00:00-05:00,17.96160435807811,18.10402852489066,17.904635312269118,18.083681106567383,21700,0.352,0.0
2023-02-28 00:00:00-05:00,18.067405345114867,18.52315926387686,17.79069722065114,18.083681106567383,768400,0.0,0.0
2023-03-01 00:00:00-05:00,18.00229751931109,18.00229751931109,17.627927067242336,17.741865158081055,9900,0.0,0.0
2023-03-02 00:00:00-05:00,17.64420402744367,17.904634831166966,17.343079940457336,17.81511116027832,33300,0.0,0.0
2023-03-03 00:00:00-05:00,17.782558441361164,17.888357875379505,17.513988975617618,17.7744197845459,17800,0.0,0.0
2023-03-06 00:00:00-05:00,17.85580707939196,17.929053447787922,17.668621053329908,17.73373031616211,15000,0.0,0.0
2023-03-07 00:00:00-05:00,17.7825588002169,17.83952784678335,17.457020282487115,17.693035125732422,25300,0.0,0.0
2023-03-08 00:00:00-05:00,17.50585031880235,17.8069728595169,17.497711661987083,17.7744197845459,10200,0.0,0.0
2023-03-09 00:00:00-05:00,17.77442316630055,17.80697624746509,17.31053050560076,17.522130966186523,31600,0.0,0.0
2023-03-10 00:00:00-05:00,17.522126354501005,17.522126354501005,16.390877976324674,16.57806396484375,53900,0.0,0.0
2023-03-13 00:00:00-04:00,15.951404317141064,16.6350360416107,13.493585572133107,14.893402099609375,125700,0.0,0.0
2023-03-14 00:00:00-04:00,15.373570560586813,16.661890613457217,15.304394305163441,16.276941299438477,30200,0.0,0.0
2023-03-15 00:00:00-04:00,15.853741448045778,15.861880105481069,14.893401602743896,15.194525718688965,66400,0.0,0.0
2023-03-16 00:00:00-04:00,15.096864406010805,16.057204316467484,14.893402613195079,15.520065307617188,63200,0.0,0.0
2023-03-17 00:00:00-04:00,15.218938752804766,15.227075856378914,14.40509179388023,14.632967948913574,92200,0.0,0.0
2023-03-20 00:00:00-04:00,14.65738570853788,15.60551672441403,14.65738570853788,14.860847473144531,52800,0.0,0.0
2023-03-21 00:00:00-04:00,15.341018165820568,16.130449295043945,15.341018165820568,16.130449295043945,79000,0.0,0.0
2023-03-22 00:00:00-04:00,16.110101524200093,16.276940098114167,15.870016595661312,16.163002014160156,46900,0.0,0.0
2023-03-23 00:00:00-04:00,16.17114270943905,16.643173969709302,15.796772232788753,15.951403617858887,61800,0.0,0.0
2023-03-24 00:00:00-04:00,15.967680574379056,15.99209499359131,15.275910238046123,15.992094993591309,32200,0.0,0.0
2023-03-27 00:00:00-04:00,18.466189060785897,18.466189060785897,16.73269406309063,17.22100257873535,102600,0.0,0.0
2023-03-28 00:00:00-04:00,17.22100341751371,17.579096553400042,17.017541655442624,17.41632652282715,54300,0.0,0.0
2023-03-29 00:00:00-04:00,17.416327350735596,17.815112237076896,17.416327350735596,17.636066436767578,51000,0.0,0.0
2023-03-30 00:00:00-04:00,17.611647002993738,17.754071146588156,17.293433798338953,17.57909393310547,44300,0.0,0.0
2023-03-31 00:00:00-04:00,17.636067159814328,17.782559889841586,17.375636329672624,17.51399040222168,210500,0.0,0.0
2023-04-03 00:00:00-04:00,17.50991718116732,17.597812493083257,17.253556501533303,17.34307861328125,32800,0.0,0.0
2023-04-04 00:00:00-04:00,17.334941246173564,17.334941246173564,16.34204842106139,16.757110595703125,36700,0.0,0.0
2023-04-05 00:00:00-04:00,16.61061823433082,17.074510806363868,16.61061823433082,16.69200325012207,18500,0.0,0.0
2023-04-06 00:00:00-04:00,16.83849644709035,17.001264931013036,16.65944909679825,16.92801856994629,22000,0.0,0.0
2023-04-10 00:00:00-04:00,17.00126457239532,17.037074352156406,16.77338838925226,16.993125915527344,22600,0.0,0.0
2023-04-11 00:00:00-04:00,16.928020469275324,17.009405496513146,16.895467389754362,16.976852416992188,15400,0.0,0.0
2023-04-12 00:00:00-04:00,17.04195809842252,17.172173505576705,16.586202621092774,16.594341278076172,61700,0.0,0.0
2023-04-13 00:00:00-04:00,16.78152396794271,17.033816075412624,16.732692035691922,16.911739349365234,15400,0.0,0.0
2023-04-14 00:00:00-04:00,16.952431939663455,17.147755021771832,16.805939240009707,17.123340606689453,19100,0.0,0.0
2023-04-17 00:00:00-04:00,17.16403472332539,17.39191246032715,17.050096630969556,17.39191246032715,7900,0.0,0.0
2023-04-18 00:00:00-04:00,17.375632543301414,17.497709274291992,17.334939264777987,17.497709274291992,15000,0.0,0.0
2023-04-19 00:00:00-04:00,17.54653930556645,17.54653930556645,17.326801815090757,17.538400650024414,14900,0.0,0.0
2023-04-20 00:00:00-04:00,17.050096156133172,17.530266035246118,17.050096156133172,17.115203857421875,24800,0.0,0.0
2023-04-21 00:00:00-04:00,17.26169930255745,17.380522477978573,17.26169930255745,17.334945678710938,8000,0.0,0.0
2023-04-24 00:00:00-04:00,17.35121761827089,17.408186659335296,17.196586255174683,17.397607803344727,7000,0.0,0.0
2023-04-25 00:00:00-04:00,17.294249647975317,17.414699593890507,16.908485392427643,17.107065200805664,18500,0.0,0.0
2023-04-26 00:00:00-04:00,17.074511758655774,17.286112190598534,16.87918864123711,17.237281799316406,15500,0.0,0.0
2023-04-27 00:00:00-04:00,17.24541819605117,17.294248580932617,17.090786832921644,17.294248580932617,16100,0.0,0.0
2023-04-28 00:00:00-04:00,17.17217491190647,17.4163284322432,17.115205860647247,17.40005111694336,30900,0.0,0.0
2023-05-01 00:00:00-04:00,17.302385136139534,17.302385136139534,16.862907068701457,16.944292068481445,8600,0.0,0.0
2023-05-02 00:00:00-04:00,17.00940260620618,17.00940260620618,16.309495216388697,16.415294647216797,48000,0.0,0.0
2023-05-03 00:00:00-04:00,16.537376408654453,16.80594594778414,16.276945528563907,16.521099090576172,34100,0.0,0.0
2023-05-04 00:00:00-04:00,16.163003332037675,16.163003332037675,15.039893504410776,15.511924743652344,47000,0.0,0.0
2023-05-05 00:00:00-04:00,15.666556716797482,16.2964745104796,15.62586498260498,15.62586498260498,20400,0.0,0.0
2023-05-08 00:00:00-04:00,15.788632749791121,16.000233172955866,15.585170983550796,15.739802360534668,22800,0.0,0.0
2023-05-09 00:00:00-04:00,15.699111582615116,15.897689856315145,15.316602445363374,15.70724868774414,29800,0.0,0.0
2023-05-10 00:00:00-04:00,16.268804687015493,16.496682452669475,15.788634734155869,16.40634536743164,49400,0.0,0.0
2023-05-11 00:00:00-04:00,16.21183659490013,16.464128797064582,16.000236132594654,16.106037139892578,26600,0.0,0.0
2023-05-12 00:00:00-04:00,16.39901733393795,16.437268864586954,16.032787102037613,16.390878677368164,30800,0.0,0.0
2023-05-15 00:00:00-04:00,16.390880581121365,16.502378481558594,16.114172434769806,16.42343521118164,15700,0.0,0.0
2023-05-16 00:00:00-04:00,16.285081862142565,16.622827626440138,16.276943204265603,16.29322052001953,29300,0.0,0.0
2023-05-17 00:00:00-04:00,16.30135738668431,16.838496329220398,16.30135738668431,16.626895904541016,16800,0.0,0.0
2023-05-18 00:00:00-04:00,16.569924265720175,16.838493694972676,16.488539260915505,16.773386001586914,11900,0.0,0.0
2023-05-19 00:00:00-04:00,16.610617390756207,16.83849511294087,16.399016981361164,16.488540649414062,13300,0.0,0.0
2023-05-22 00:00:00-04:00,16.48040008893436,16.660260804212196,16.122307010385505,16.50481605529785,21000,0.0,0.0
2023-05-23 00:00:00-04:00,16.29321979552093,16.86291185096399,16.29321979552093,16.42343521118164,21000,0.0,0.0
2023-05-24 00:00:00-04:00,16.358326434356208,16.683864952234472,16.317633149440116,16.602479934692383,13500,0.0,0.0
2023-05-25 00:00:00-04:00,16.561790099555132,16.683866863709586,16.480405072688736,16.63503646850586,10800,0.0,0.0
2023-05-26 00:00:00-04:00,16.635034562625258,16.643173219608475,16.521094917150293,16.602479934692383,10900,0.0,0.0
2023-05-30 00:00:00-04:00,16.836014292447317,16.836014292447317,16.5627293218191,16.604135513305664,6600,0.352,0.0
2023-05-31 00:00:00-04:00,16.60413532473984,16.852577209472656,16.521322942707172,16.852577209472656,32900,0.0,0.0
2023-06-01 00:00:00-04:00,16.753202743083456,16.968518444826866,16.703514990233494,16.769765853881836,15100,0.0,0.0
2023-06-02 00:00:00-04:00,16.786325319814573,17.308050560318346,16.662105174889376,17.19211196899414,21800,0.0,0.0
2023-06-05 00:00:00-04:00,17.12586052313575,17.31633151068881,17.059609676180564,17.142423629760742,14400,0.0,0.0
2023-06-06 00:00:00-04:00,17.250082903503515,17.390866169005836,16.985079481274433,17.237661361694336,36200,0.0,0.0
2023-06-07 00:00:00-04:00,17.357738593448286,17.357738593448286,17.059610556537518,17.225236892700195,11200,0.0,0.0
2023-06-08 00:00:00-04:00,17.18383078508029,17.18383078508029,16.92710893610587,17.014062881469727,6800,0.0,0.0
2023-06-09 00:00:00-04:00,16.993364334106445,17.150709159380273,16.993364334106445,16.993364334106445,3200,0.0,0.0
2023-06-12 00:00:00-04:00,16.97679660619864,17.1424245219795,16.794607162475586,16.794607162475586,11600,0.0,0.0
2023-06-13 00:00:00-04:00,16.85257649454937,17.101016789197864,16.827731833266572,16.95195198059082,14300,0.0,0.0
2023-06-14 00:00:00-04:00,16.99336122170923,16.99336122170923,16.736637771512274,16.910547256469727,18500,0.0,0.0
2023-06-15 00:00:00-04:00,16.91054625153629,17.01820329426846,16.802889208804118,16.976797103881836,10600,0.0,0.0
2023-06-16 00:00:00-04:00,17.084456731682657,17.084456731682657,16.778047085550654,16.807859420776367,8400,0.0,0.0
2023-06-20 00:00:00-04:00,16.893983246384327,16.90226480042104,16.711793796211456,16.844295501708984,10300,0.0,0.0
2023-06-21 00:00:00-04:00,16.893986461936322,16.893986461936322,16.688609253187728,16.811172485351562,11600,0.0,0.0
2023-06-22 00:00:00-04:00,16.910549573162317,16.927112684388312,16.67867075463404,16.811172485351562,15900,0.0,0.0
2023-06-23 00:00:00-04:00,16.836010600741247,16.92710609749073,16.71179047397489,16.869136810302734,11600,0.0,0.0
2023-06-26 00:00:00-04:00,16.852580135562974,17.065411216612173,16.769766159606494,16.943674087524414,12900,0.0,0.0
2023-06-27 00:00:00-04:00,16.902264899909486,17.192112974720754,16.81116938451439,17.12586212158203,24500,0.0,0.0
2023-06-28 00:00:00-04:00,17.183830201670144,17.183830201670144,16.81116819198467,17.043046951293945,11900,0.0,0.0
2023-06-29 00:00:00-04:00,17.134143817137865,17.134143817137865,16.703512478408122,16.736637115478516,12600,0.0,0.0
2023-06-30 00:00:00-04:00,16.885701436550505,17.167267951353608,16.819450584805356,16.968515396118164,42500,0.0,0.0
2023-07-03 00:00:00-04:00,16.819454237044752,17.155677817035077,16.819454237044752,17.10102081298828,6000,0.0,0.0
2023-07-05 00:00:00-04:00,17.283209664146856,17.283209664146856,16.935392266655438,17.067893981933594,14900,0.0,0.0
2023-07-06 00:00:00-04:00,16.935388560403105,16.998325518773406,16.60413276515688,16.678665161132812,10800,0.0,0.0
2023-07-07 00:00:00-04:00,16.670386309610144,16.951952833468397,16.670386309610144,16.87742042541504,7700,0.0,0.0
2023-07-10 00:00:00-04:00,16.74491866963235,16.976797447304893,16.686949370100454,16.736637115478516,11700,0.0,0.0
2023-07-11 00:00:00-04:00,16.802889548709196,16.802889548709196,16.62069851641472,16.736637115478516,12500,0.0,0.0
2023-07-12 00:00:00-04:00,16.860033014889712,16.96851934295244,16.714282054876026,16.836017608642578,7100,0.0,0.0
2023-07-13 00:00:00-04:00,16.81117235781213,16.968518754174923,16.769766159606494,16.943674087524414,15200,0.0,0.0
2023-07-14 00:00:00-04:00,16.97679383228835,17.092732406664336,16.728353578755634,16.869136810302734,10900,0.0,0.0
2023-07-17 00:00:00-04:00,16.744919702106746,16.960235384747758,16.653825759887695,16.653825759887695,9300,0.0,0.0
2023-07-18 00:00:00-04:00,16.855889599839806,16.855889599839806,16.65382473303006,16.736637115478516,15500,0.0,0.0
2023-07-19 00:00:00-04:00,16.811169438911385,17.018203553082927,16.720075502766463,16.852577209472656,8700,0.0,0.0
2023-07-20 00:00:00-04:00,16.74492227888421,17.349463226059203,16.74492227888421,17.26664924621582,93900,0.0,0.0
2023-07-21 00:00:00-04:00,17.349458982056788,17.390865172077106,17.125861765039307,17.382583618164062,22600,0.0,0.0
2023-07-24 00:00:00-04:00,17.382585056324313,17.382585056324313,17.208677148396703,17.279067993164062,4500,0.0,0.0
2023-07-25 00:00:00-04:00,17.175549712351188,17.25836367291734,17.101017305796145,17.11758041381836,14800,0.0,0.0
2023-07-26 00:00:00-04:00,17.183831602301716,17.37430260964608,17.125862302635603,17.291488647460938,14700,0.0,0.0
2023-07-27 00:00:00-04:00,17.291488464656375,17.39086553413693,17.034766606186935,17.12586212158203,27100,0.0,0.0
2023-07-28 00:00:00-04:00,17.225237245879345,17.266645015427674,17.04636010415629,17.15650177001953,10500,0.0,0.0
2023-07-31 00:00:00-04:00,17.159816306391953,17.39086582492325,17.110956242152238,17.158987045288086,27400,0.0,0.0
2023-08-01 00:00:00-04:00,17.059611553690846,17.158987045288086,16.985079145220435,17.158987045288086,10700,0.0,0.0
2023-08-02 00:00:00-04:00,17.092736318704418,17.11758098156177,16.977625399358477,17.009923934936523,10000,0.0,0.0
2023-08-03 00:00:00-04:00,17.117583619709457,17.134146730833717,16.976800334243677,17.084457397460938,15300,0.0,0.0
2023-08-04 00:00:00-04:00,17.084453198454955,17.266644216952592,16.99335926875096,17.18383026123047,9800,0.0,0.0
2023-08-07 00:00:00-04:00,17.10930196036941,17.216960602478874,17.10930196036941,17.200397491455078,10300,0.0,0.0
2023-08-08 00:00:00-04:00,17.03476789443879,17.201223511191316,17.02648633972704,17.092737197875977,22700,0.0,0.0
2023-08-09 00:00:00-04:00,17.12585894334923,17.26664217758545,16.935387973366293,16.980934143066406,16500,0.0,0.0
2023-08-10 00:00:00-04:00,16.951956208283608,17.109302609892616,16.93539467617629,17.007442474365234,13600,0.0,0.0
2023-08-11 00:00:00-04:00,17.026484848254768,17.16726810693217,16.976797103881836,16.976797103881836,5700,0.0,0.0
2023-08-14 00:00:00-04:00,17.059615202523137,17.183835383361266,16.980941210340927,16.993364334106445,6900,0.0,0.0
2023-08-15 00:00:00-04:00,16.9353876498811,17.059607776647457,16.827729048350875,16.869136810302734,15900,0.0,0.0
2023-08-16 00:00:00-04:00,16.85257982832856,16.99336311102444,16.769765853881836,16.769765853881836,19300,0.0,0.0
2023-08-17 00:00:00-04:00,16.794606451965294,16.89398193359375,16.76976179178578,16.89398193359375,14300,0.0,0.0
2023-08-18 00:00:00-04:00,16.79460616342535,16.927107856350045,16.79460616342535,16.860857009887695,7400,0.0,0.0
2023-08-21 00:00:00-04:00,16.885705386731747,16.927113165974816,16.686952785000834,16.781360626220703,13900,0.0,0.0
2023-08-22 00:00:00-04:00,16.8194536067318,16.84429827292937,16.673702654432553,16.769765853881836,15400,0.0,0.0
2023-08-23 00:00:00-04:00,16.769762788528723,16.927109153261565,16.761481234643323,16.82773208618164,19500,0.0,0.0
2023-08-24 00:00:00-04:00,16.893986461936322,16.893986461936322,16.761484731218797,16.811172485351562,13000,0.0,0.0
2023-08-25 00:00:00-04:00,16.918828062825753,16.9933604702911,16.67866773220519,16.852577209472656,35000,0.0,0.0
2023-08-28 00:00:00-04:00,16.80289077758789,16.96851713414283,16.80289077758789,16.80289077758789,7500,0.0,0.0
2023-08-29 00:00:00-04:00,16.81116918324551,17.043047956227383,16.802889208804118,16.976797103881836,7700,0.0,0.0
2023-08-30 00:00:00-04:00,17.104872834015392,17.214412332634566,16.944779116250047,17.163856506347656,13000,0.352,0.0
2023-08-31 00:00:00-04:00,17.13857547372301,17.475616948659738,17.13857547372301,17.441913604736328,71600,0.0,0.0
2023-09-01 00:00:00-04:00,17.26496536990168,17.500895199695893,17.054314252737715,17.454551696777344,9000,0.0,0.0
2023-09-05 00:00:00-04:00,17.353442481806713,17.56409364787102,17.353442481806713,17.3997859954834,12700,0.0,0.0
2023-09-06 00:00:00-04:00,17.399787621682044,17.52617801170501,17.273397231659082,17.475622177124023,10700,0.0,0.0
2023-09-07 00:00:00-04:00,17.50089813203217,17.50089813203217,17.399784871709777,17.45876693725586,9700,0.0,0.0
2023-09-08 00:00:00-04:00,17.408209015327827,17.686268438819877,17.408209015327827,17.492469787597656,6500,0.0,0.0
2023-09-11 00:00:00-04:00,17.50089895132145,17.576733498328185,17.49247271197172,17.496685028076172,5200,0.0,0.0
2023-09-12 00:00:00-04:00,17.450339981954798,17.534600760907715,17.357654571533203,17.357654571533203,12700,0.0,0.0
2023-09-13 00:00:00-04:00,17.484046081838414,17.484046081838414,17.357655708699067,17.467193603515625,8200,0.0,0.0
2023-09-14 00:00:00-04:00,17.509324642109153,17.52617551313985,17.281821008216568,17.382932662963867,21500,0.0,0.0
2023-09-15 00:00:00-04:00,17.441916954060524,18.006462135665327,17.248116662509,17.7199764251709,63000,0.0,0.0
2023-09-18 00:00:00-04:00,17.661838177216556,17.955906406109886,17.568309000446508,17.677846908569336,6700,0.0,0.0
2023-09-19 00:00:00-04:00,17.753682951430868,17.770535433213624,17.551457991461145,17.669422149658203,13800,0.0,0.0
2023-09-20 00:00:00-04:00,17.7115500312732,17.770532099306177,17.543028459343997,17.63571548461914,14200,0.0,0.0
2023-09-21 00:00:00-04:00,17.551453064452534,17.694695905112884,17.357654399776962,17.559879302978516,16600,0.0,0.0
2023-09-22 00:00:00-04:00,17.57673388986129,17.57673388986129,17.290248174152154,17.52617645263672,11000,0.0,0.0
2023-09-25 00:00:00-04:00,17.45876460147539,17.543025372614142,17.307097141994277,17.45033836364746,16400,0.0,0.0
2023-09-26 00:00:00-04:00,17.39978402940775,17.44191522214454,17.189132887145814,17.252328872680664,23100,0.0,0.0
2023-09-27 00:00:00-04:00,17.256542839124293,17.273395317831095,17.00123405456543,17.00123405456543,33300,0.0,0.0
2023-09-28 00:00:00-04:00,17.020610809326172,17.088019102135483,16.885794223707546,17.020610809326172,19200,0.0,0.0
2023-09-29 00:00:00-04:00,17.071167578739004,17.307097420293168,16.860516451075107,16.877368927001953,50400,0.0,0.0
2023-10-02 00:00:00-04:00,16.90264832898842,16.90264832898842,16.481346016451333,16.641441345214844,14600,0.0,0.0
2023-10-03 00:00:00-04:00,16.734127943050037,16.734127943050037,15.93365292671304,16.178009033203125,45000,0.0,0.0
2023-10-04 00:00:00-04:00,16.23699470065734,16.675149577485403,16.186437256079497,16.380237579345703,12000,0.0,0.0
2023-10-05 00:00:00-04:00,16.413936451911912,16.413936451911912,16.132506837291597,16.329675674438477,13000,0.0,0.0
2023-10-06 00:00:00-04:00,16.144304785003726,16.456069209161484,16.144304785003726,16.27912139892578,10300,0.0,0.0
2023-10-09 00:00:00-04:00,16.304397977588415,16.406353370007913,16.228563441314094,16.33388900756836,6900,0.0,0.0
2023-10-10 00:00:00-04:00,16.41646418829611,16.61616105409641,16.41646418829611,16.523475646972656,18100,0.0,0.0
2023-10-11 00:00:00-04:00,16.574031566039835,16.750977750147072,16.413936251509025,16.649866104125977,27400,0.0,0.0
2023-10-12 00:00:00-04:00,16.649865604214945,16.649865604214945,16.23698957988733,16.397083282470703,5800,0.0,0.0
2023-10-13 00:00:00-04:00,16.5150524977376,16.641442881740353,16.26227012259116,16.34653091430664,5500,0.0,0.0
2023-10-16 00:00:00-04:00,16.262271314907753,16.472922506070503,16.236994200538494,16.4139404296875,14900,0.0,0.0
2023-10-17 00:00:00-04:00,16.354956563656785,16.464496071073995,16.228566184217662,16.350744247436523,11400,0.0,0.0
2023-10-18 00:00:00-04:00,16.45606943867835,16.45606943867835,16.135878770792086,16.321252822875977,13900,0.0,0.0
2023-10-19 00:00:00-04:00,16.220140530303887,16.4476441857934,16.194861810646966,16.34653091430664,10400,0.0,0.0
2023-10-20 00:00:00-04:00,16.39708550029955,16.56560707092285,16.22013929757181,16.56560707092285,9600,0.0,0.0
2023-10-23 00:00:00-04:00,16.548757001732657,16.624591558839665,16.38866325418768,16.531906127929688,13100,0.0,0.0
2023-10-24 00:00:00-04:00,16.63301510610721,16.695367346934773,16.515050972881873,16.641441345214844,9900,0.0,0.0
2023-10-25 00:00:00-04:00,16.53189807238488,16.683565505554434,16.405506134033203,16.405506134033203,8900,0.0,0.0
2023-10-26 00:00:00-04:00,16.481347835260085,16.65239745445388,16.321254095970115,16.515052795410156,15400,0.0,0.0
2023-10-27 00:00:00-04:00,16.329674689727124,16.413935462119472,16.304397583007812,16.304397583007812,9900,0.0,0.0
2023-10-30 00:00:00-04:00,16.472920512402926,16.548755060614774,16.287548065185547,16.287548065185547,10300,0.0,0.0
2023-10-31 00:00:00-04:00,16.464495088845833,16.464495088845833,16.228565216064453,16.228565216064453,13200,0.0,0.0
2023-11-01 00:00:00-04:00,16.34652909418167,16.472919464111328,16.321251984480188,16.472919464111328,13400,0.0,0.0
2023-11-02 00:00:00-04:00,16.55718148767476,16.978483823784252,16.55718148767476,16.784685134887695,36200,0.0,0.0
2023-11-03 00:00:00-04:00,17.31720665318886,17.31720665318886,16.767828193114926,17.138574600219727,24600,0.0,0.0
2023-11-06 00:00:00-05:00,17.13857782912902,17.172281177684383,16.936352916374606,17.04589080810547,11600,0.0,0.0
2023-11-07 00:00:00-05:00,17.00375941871018,17.172279357910156,16.93635112160208,17.172279357910156,12800,0.0,0.0
2023-11-08 00:00:00-05:00,17.062744644798602,17.231266222418395,17.062744644798602,17.197561264038086,25400,0.0,0.0
2023-11-09 00:00:00-05:00,17.231265834018597,17.357656210814113,16.85209309649121,16.90264892578125,45400,0.0,0.0
2023-11-10 00:00:00-05:00,17.06274448870159,17.200931281086742,16.944780349731445,16.944780349731445,21400,0.0,0.0
2023-11-13 00:00:00-05:00,16.868942983420375,17.104871221951193,16.852090507199435,16.970054626464844,30100,0.0,0.0
2023-11-14 00:00:00-05:00,17.147001888607893,17.332374299952757,17.062741117218213,17.121723175048828,30200,0.0,0.0
2023-11-15 00:00:00-05:00,17.147003637969824,17.197559463105193,17.00376079413569,17.037464141845703,5100,0.0,0.0
2023-11-16 00:00:00-05:00,17.029035484559333,17.28181778861581,17.029035484559333,17.189130783081055,15800,0.0,0.0
2023-11-17 00:00:00-05:00,17.39978424928881,17.593582916905063,17.189133104364878,17.484045028686523,42000,0.0,0.0
2023-11-20 00:00:00-05:00,17.484046862090434,17.602011001332716,17.340804004235867,17.52617645263672,11000,0.0,0.0
2023-11-21 00:00:00-05:00,17.576730323925858,17.635712381580827,17.332374248337526,17.45033836364746,18800,0.0,0.0
2023-11-22 00:00:00-05:00,17.433489203904173,17.585158285391916,17.32394970854494,17.484045028686523,23400,0.0,0.0
2023-11-24 00:00:00-05:00,17.52617858113171,17.64330059278658,17.52617858113171,17.568309783935547,2300,0.0,0.0
2023-11-27 00:00:00-05:00,17.644140071879683,17.846364974975586,17.4334889302622,17.846364974975586,20400,0.0,0.0
2023-11-28 00:00:00-05:00,17.837939677539655,17.989608764648438,17.644141002740994,17.989608764648438,20400,0.0,0.0
2023-11-29 00:00:00-05:00,18.119827679416456,18.162665132693487,17.73430040441375,17.845674514770508,19300,0.352,0.0
2023-11-30 00:00:00-05:00,17.95705074117269,18.136964797973633,17.8885124419347,18.136964797973633,45500,0.0,0.0
2023-12-01 00:00:00-05:00,18.23977599654472,18.34258264489044,17.9913236005585,18.252626419067383,24900,0.0,0.0
2023-12-04 00:00:00-05:00,18.342580064980876,18.342580064980876,17.991321070054,18.205503463745117,18500,0.0,0.0
2023-12-05 00:00:00-05:00,18.256910050477963,18.325448363370967,18.136968411435774,18.203792572021484,20700,0.0,0.0
2023-12-06 00:00:00-05:00,18.29118087456766,18.33401670933695,18.008460116476254,18.102699279785156,50500,0.0,0.0
2023-12-07 00:00:00-05:00,18.076995279837654,18.31687852724058,17.982754498882468,18.149816513061523,17500,0.0,0.0
2023-12-08 00:00:00-05:00,18.1626685465338,18.28261017009009,17.87994783809249,18.119831085205078,22000,0.0,0.0
2023-12-11 00:00:00-05:00,18.059859274692258,18.07699425827616,17.831112309501297,18.034156799316406,21000,0.0,0.0
2023-12-12 00:00:00-05:00,18.034153345988482,18.17979741039857,17.828538484600415,18.12411117553711,23200,0.0,0.0
2023-12-13 00:00:00-05:00,18.196938312924914,18.393985748291016,17.939920061063233,18.393985748291016,12300,0.0,0.0
2023-12-14 00:00:00-05:00,18.582461161578838,18.779508531590494,18.419682117877983,18.71953773498535,28400,0.0,0.0
2023-12-15 00:00:00-05:00,18.805216473048457,18.944863497521283,18.633869889398152,18.770946502685547,24600,0.0,0.0
2023-12-18 00:00:00-05:00,18.770945504257856,18.830916315120973,18.60816642185651,18.736677169799805,14200,0.0,0.0
2023-12-19 00:00:00-05:00,18.685276117943754,19.01940184463742,18.676708624020083,18.916593551635742,20800,0.0,0.0
2023-12-20 00:00:00-05:00,18.830917712464217,19.105070944800246,18.805216868234066,18.95086097717285,8900,0.0,0.0
2023-12-21 00:00:00-05:00,18.925160059916916,19.113640014174308,18.71097762522712,18.83091926574707,14500,0.0,0.0
2023-12-22 00:00:00-05:00,18.84804975129739,19.0108288203288,18.6595698420539,18.805213928222656,23000,0.0,0.0
2023-12-26 00:00:00-05:00,18.779514034181773,18.942293125578576,18.779514034181773,18.882322311401367,6900,0.0,0.0
2023-12-27 00:00:00-05:00,18.796647843389785,18.97656027466523,18.616733778032316,18.967992782592773,24700,0.0,0.0
2023-12-28 00:00:00-05:00,18.993695741831015,18.993695741831015,18.693840047997746,18.775230407714844,15700,0.0,0.0
2023-12-29 00:00:00-05:00,18.85662128773352,19.027966250870207,18.479659754301203,18.531063079833984,19100,0.0,0.0
2024-01-02 00:00:00-05:00,18.42825275761611,18.42825275761611,18.29974365234375,18.29974365234375,6100,0.0,0.0
2024-01-03 00:00:00-05:00,18.565329300876726,18.565329300876726,18.136964528483706,18.18836784362793,12900,0.0,0.0
2024-01-04 00:00:00-05:00,18.179800720812448,18.43682056991028,18.162667371471493,18.308311462402344,11600,0.0,0.0
2024-01-05 00:00:00-05:00,18.436826026659777,18.436826026659777,18.24834442138672,18.24834442138672,8400,0.0,0.0
2024-01-08 00:00:00-05:00,18.462522908828053,18.65100447360771,18.462522908828053,18.642436981201172,17100,0.0,0.0
2024-01-09 00:00:00-05:00,18.642438215401175,18.770947341842856,18.4710916240908,18.565332412719727,15300,0.0,0.0
2024-01-10 00:00:00-05:00,18.69384189637113,18.796650179938297,18.565332767473844,18.63387107849121,10500,0.0,0.0
2024-01-11 00:00:00-05:00,18.565330595263436,18.81378133085093,18.505359784400316,18.736677169799805,10700,0.0,0.0
2024-01-12 00:00:00-05:00,18.762377198474358,18.96799209855209,18.70240639021193,18.890886306762695,13300,0.0,0.0
2024-01-16 00:00:00-05:00,18.890887768044465,18.890887768044465,18.64243702401267,18.702407836914062,9600,0.0,0.0
2024-01-17 00:00:00-05:00,18.71954218533661,18.77951299619911,18.59103307147668,18.685272216796875,11100,0.0,0.0
2024-01-18 00:00:00-05:00,18.779508531590494,18.82234434799941,18.565326181382613,18.71953773498535,23300,0.0,0.0
2024-01-19 00:00:00-05:00,18.68698430276726,18.916587510718937,18.68698430276726,18.90802001953125,25200,0.0,0.0
2024-01-22 00:00:00-05:00,18.890887348108787,19.15647470517122,18.890887348108787,19.087936401367188,19800,0.0,0.0
2024-01-23 00:00:00-05:00,19.10507142133605,19.25071553390762,19.062235590495906,19.199312210083008,15100,0.0,0.0
2024-01-24 00:00:00-05:00,19.33638894093537,19.490600547378776,19.13077401037157,19.43062973022461,18700,0.0,0.0
2024-01-25 00:00:00-05:00,19.362090005658835,19.747617359522817,19.362090005658835,19.730484008789062,14800,0.0,0.0
2024-01-26 00:00:00-05:00,19.610543309027875,19.824725744938036,19.610543309027875,19.807592391967773,16000,0.0,0.0
2024-01-29 00:00:00-05:00,19.833290417848403,19.927531199152643,19.753614210059297,19.84185791015625,12800,0.0,0.0
2024-01-30 00:00:00-05:00,19.936097143506952,19.936097143506952,19.764750578818504,19.9103946685791,23300,0.0,0.0
2024-01-31 00:00:00-05:00,19.71334706576836,19.953231927115212,19.61910629272461,19.61910629272461,11900,0.0,0.0
2024-02-01 00:00:00-05:00,19.696213175959855,19.704780667992303,19.25071339476469,19.362089157104492,47700,0.0,0.0
2024-02-02 00:00:00-05:00,19.276417372385637,19.35352317260175,19.130773264653214,19.23358154296875,16500,0.0,0.0
2024-02-05 00:00:00-05:00,19.168469231066503,19.24129046532864,19.08279594116592,19.105070114135742,10700,0.0,0.0
2024-02-06 00:00:00-05:00,19.07937113871927,19.302121060633134,19.045101165771484,19.045101165771484,8300,0.0,0.0
2024-02-07 00:00:00-05:00,19.250715494777427,19.250715494777427,19.1050713825019,19.139341354370117,13500,0.0,0.0
2024-02-08 00:00:00-05:00,19.139338952000312,19.39635717242222,19.139338952000312,19.3535213470459,14400,0.0,0.0
2024-02-09 00:00:00-05:00,19.41349161724744,19.601971531385455,19.27641501895035,19.507732391357422,13000,0.0,0.0
2024-02-12 00:00:00-05:00,19.456329427726764,19.739051778919766,19.456329427726764,19.627676010131836,58600,0.0,0.0
2024-02-13 00:00:00-05:00,19.43062869426757,19.55057032218113,19.284984588623047,19.284984588623047,23300,0.0,0.0
2024-02-14 00:00:00-05:00,19.284985616814975,19.524870519513847,19.284985616814975,19.43062973022461,27800,0.0,0.0
2024-02-15 00:00:00-05:00,19.52486778715322,19.704780213438305,19.370656202290586,19.636241912841797,12200,0.0,0.0
2024-02-16 00:00:00-05:00,19.601972579956055,19.601972579956055,19.47603387748026,19.601972579956055,4400,0.0,0.0
2024-02-20 00:00:00-05:00,19.64481158996899,19.69621491261399,19.56256496647126,19.584840774536133,7900,0.0,0.0
2024-02-21 00:00:00-05:00,19.633674249470058,19.739052943111417,19.43062973022461,19.43062973022461,14400,0.0,0.0
2024-02-22 00:00:00-05:00,19.45632785247473,19.696212721603494,19.4477619947219,19.636241912841797,21300,0.0,0.0
2024-02-23 00:00:00-05:00,19.687643929891333,19.95151710510254,19.593404794094518,19.95151710510254,16800,0.0,0.0
2024-02-26 00:00:00-05:00,19.816156265681165,19.816156265681165,19.704782129164638,19.740764617919922,15800,0.0,0.0
2024-02-27 00:00:00-05:00,19.837573242220223,19.936096944001452,19.610538801167728,19.61910629272461,23700,0.0,0.0
2024-02-28 00:00:00-05:00,19.751365997068298,20.142911891178887,19.62955028058744,19.812273025512695,10300,0.352,0.0
2024-02-29 00:00:00-05:00,19.751366578108573,20.037629620218453,19.725262853896464,19.89928436279297,15400,0.0,0.0
2024-03-01 00:00:00-05:00,19.951489564697624,19.951489564697624,19.716561032476037,19.812273025512695,11300,0.0,0.0
2024-03-04 00:00:00-05:00,19.72525987062637,19.91059147168547,19.72525987062637,19.76006317138672,9400,0.0,0.0
2024-03-05 00:00:00-05:00,19.82967629681301,19.851428570752645,19.742665541462337,19.80792236328125,5700,0.0,0.0
2024-03-06 00:00:00-05:00,19.76006384401593,19.89058079018761,19.76006384401593,19.829673767089844,11400,0.0,0.0
2024-03-07 00:00:00-05:00,19.951490153046976,20.03850090750143,19.873180639997177,19.925386428833008,6100,0.0,0.0
2024-03-08 00:00:00-05:00,19.92538617758183,20.0994076842964,19.86447914810936,19.873180389404297,25800,0.0,0.0
2024-03-11 00:00:00-04:00,19.873180639997177,20.047202148906084,19.84707691578321,19.925386428833008,9000,0.0,0.0
2024-03-12 00:00:00-04:00,19.847076265694533,20.18641803099259,19.82097420192764,20.108108520507812,36500,0.0,0.0
2024-03-13 00:00:00-04:00,20.186418534946704,20.308232594478756,20.0123970273934,20.212520599365234,24300,0.0,0.0
2024-03-14 00:00:00-04:00,20.047200599268507,20.27255659373841,20.047200599268507,20.264726638793945,14700,0.0,0.0
2024-03-15 00:00:00-04:00,20.37784161824436,20.37784161824436,20.012397766558305,20.343036651611328,13800,0.0,0.0
2024-03-18 00:00:00-04:00,20.303877482230785,20.303877482230785,20.186414894347468,20.22991943359375,8200,0.0,0.0
2024-03-19 00:00:00-04:00,20.18641828362215,20.229922830172793,20.12115980420412,20.160314559936523,16900,0.0,0.0
2024-03-20 00:00:00-04:00,20.15161270341464,20.273426757710713,20.15161270341464,20.234272003173828,18500,0.0,0.0
2024-03-21 00:00:00-04:00,20.27342550621839,20.543158980640328,20.27342550621839,20.490951538085938,18800,0.0,0.0
2024-03-22 00:00:00-04:00,20.534459482516816,20.534459482516816,20.30823219102867,20.44744873046875,3300,0.0,0.0
2024-03-25 00:00:00-04:00,20.447445620073537,20.447445620073537,20.229919602838713,20.24732208251953,10100,0.0,0.0
2024-03-26 00:00:00-04:00,20.343035223590114,20.343035223590114,20.082004630534577,20.09070587158203,15800,0.0,0.0
2024-03-27 00:00:00-04:00,20.186417384790065,20.316932678222656,20.055900431765476,20.316932678222656,18000,0.0,0.0
2024-03-28 00:00:00-04:00,20.308231182862244,20.373489658556664,20.012395636340287,20.264726638793945,35100,0.0,0.0
2024-04-01 00:00:00-04:00,20.186416457933962,20.186416457933962,20.0210962087276,20.16901397705078,14800,0.0,0.0
2024-04-02 00:00:00-04:00,20.099407937741915,20.099407937741915,19.89058312280649,19.925386428833008,21300,0.0,0.0
2024-04-03 00:00:00-04:00,19.794867589414142,19.97758864748159,19.794867589414142,19.951486587524414,22800,0.0,0.0
2024-04-04 00:00:00-04:00,19.855774866770506,20.175103569075908,19.82097156651145,20.003692626953125,11800,0.0,0.0
2024-04-05 00:00:00-04:00,19.881878670607755,20.163791876304614,19.873177430608294,20.012393951416016,5700,0.0,0.0
2024-04-08 00:00:00-04:00,20.012393951416016,20.151610472223737,19.864476190608833,20.012393951416016,5800,0.0,0.0
2024-04-09 00:00:00-04:00,20.116810340952814,20.186418612322527,19.881881802732988,20.043720245361328,50400,0.0,0.0
2024-04-10 00:00:00-04:00,19.916681912556673,20.00369265270407,19.420722851185864,19.707857131958008,22100,0.0,0.0
2024-04-11 00:00:00-04:00,19.84446695575833,19.84446695575833,19.316315029799085,19.403324127197266,8000,0.0,0.0
2024-04-12 00:00:00-04:00,19.359816024991478,19.481630066663605,19.316311484277676,19.429424285888672,7600,0.0,0.0
2024-04-15 00:00:00-04:00,19.22930024952823,19.22930024952823,18.83775275478995,19.029176712036133,16000,0.0,0.0
2024-04-16 00:00:00-04:00,18.829053571065778,19.081384575138472,18.759445304354685,19.072683334350586,8900,0.0,0.0
2024-04-17 00:00:00-04:00,18.89866323274231,19.150994255440292,18.89866323274231,18.994375228881836,5000,0.0,0.0
2024-04-18 00:00:00-04:00,19.020474358309063,19.029175597637213,18.863855369585774,18.889957427978516,12100,0.0,0.0
2024-04-19 00:00:00-04:00,18.94216597325076,19.029176712036133,18.924763493575323,19.029176712036133,1400,0.0,0.0
2024-04-22 00:00:00-04:00,18.96827027077009,19.090085983276367,18.863858699584146,19.090085983276367,5500,0.0,0.0
2024-04-23 00:00:00-04:00,18.95087363550075,19.298915049000964,18.95087363550075,19.185800552368164,13300,0.0,0.0
2024-04-24 00:00:00-04:00,19.177098731756125,19.27889977533754,18.933468940934407,19.12489128112793,3200,0.0,0.0
2024-04-25 00:00:00-04:00,18.968269937902104,19.055280685424805,18.515817038049608,19.055280685424805,24700,0.0,0.0
2024-04-26 00:00:00-04:00,18.889963220797956,19.177099227905273,18.889963220797956,19.177099227905273,3100,0.0,0.0
2024-04-29 00:00:00-04:00,19.02047607296448,19.19449589643988,19.02047607296448,19.142290115356445,9300,0.0,0.0
2024-04-30 00:00:00-04:00,19.09878829932003,19.18579739367589,18.96827133860205,18.976972579956055,14700,0.0,0.0
2024-05-01 00:00:00-04:00,19.15969318917164,19.298909716101797,18.82905269301859,19.22930145263672,29900,0.0,0.0
2024-05-02 00:00:00-04:00,19.229302213172783,19.446828252553487,19.229302213172783,19.359817504882812,11400,0.0,0.0
2024-05-03 00:00:00-04:00,19.446827699065196,19.794869020250108,19.359816953870986,19.577342987060547,13800,0.0,0.0
2024-05-06 00:00:00-04:00,19.733961870431155,19.864477157592773,19.62954864494671,19.864477157592773,11000,0.0,0.0
2024-05-07 00:00:00-04:00,19.690457641394794,19.92538617758183,19.68175805969194,19.873180389404297,6400,0.0,0.0
2024-05-08 00:00:00-04:00,19.7687659814845,19.907982514765997,19.634770524588856,19.69915771484375,23700,0.0,0.0
2024-05-09 00:00:00-04:00,19.533838528019825,19.79486910512982,19.49903356595613,19.586044311523438,6400,0.0,0.0
2024-05-10 00:00:00-04:00,19.68175747885031,19.82097401627662,19.533839700385858,19.786169052124023,12100,0.0,0.0
2024-05-13 00:00:00-04:00,19.873178225119027,19.890580705813687,19.720039382271455,19.820972442626953,5800,0.0,0.0
2024-05-14 00:00:00-04:00,19.870568415807636,19.907982257040594,19.64695167541504,19.64695167541504,5200,0.0,0.0
2024-05-15 00:00:00-04:00,19.640862967112888,19.994995034274524,19.640862967112888,19.98629379272461,11700,0.0,0.0
2024-05-16 00:00:00-04:00,19.89058312280649,20.082005454932602,19.87753043090345,19.925386428833008,14800,0.0,0.0
2024-05-17 00:00:00-04:00,19.9949923601253,19.9949923601253,19.768765088859773,19.855775833129883,3900,0.0,0.0
2024-05-20 00:00:00-04:00,19.76876662326083,19.994993912085537,19.76876662326083,19.955839157104492,4400,0.0,0.0
2024-05-21 00:00:00-04:00,19.994992698197425,20.003693938730745,19.87404827609055,19.890581130981445,7800,0.0,0.0
2024-05-22 00:00:00-04:00,20.05590122569265,20.05590122569265,19.847076416015625,19.847076416015625,6300,0.0,0.0
2024-05-23 00:00:00-04:00,19.96889401702835,19.96889401702835,19.577346424697513,19.67740821838379,13900,0.0,0.0
2024-05-24 00:00:00-04:00,19.68175239014336,19.8383697095606,19.68175239014336,19.73830795288086,1800,0.0,0.0
2024-05-28 00:00:00-04:00,20.003694244779545,20.003694244779545,19.586044650341872,19.64695167541504,14300,0.0,0.0
2024-05-29 00:00:00-04:00,19.577341418437747,19.70785669597564,19.49033068021522,19.612146377563477,16200,0.0,0.0
2024-05-30 00:00:00-04:00,19.925386428833008,19.925386428833008,19.760066161328755,19.925386428833008,16400,0.0,0.0
2024-05-31 00:00:00-04:00,20.059706679610123,20.351323483634403,19.944826362130787,20.130401611328125,26500,0.352,0.0
2024-06-03 00:00:00-04:00,20.130404173364404,20.315977760679935,20.130404173364404,20.298303604125977,6200,0.0,0.0
2024-06-04 00:00:00-04:00,20.289462977368977,20.289462977368977,20.12156357597179,20.201095581054688,7700,0.0,0.0
2024-06-05 00:00:00-04:00,20.245279965398552,20.280628273522385,20.042032250186804,20.13481903076172,15300,0.0,0.0
2024-06-06 00:00:00-04:00,20.183422436549584,20.227606136915444,19.953663486546812,20.03319549560547,29800,0.0,0.0
2024-06-07 00:00:00-04:00,19.909479626283897,20.024358257612604,19.81227346365953,19.895339965820312,12200,0.0,0.0
2024-06-10 00:00:00-04:00,19.900643057243563,19.962500913038255,19.71506780435933,19.88296890258789,19300,0.0,0.0
2024-06-11 00:00:00-04:00,19.68855830701674,19.785762786865234,19.680604431751792,19.785762786865234,6000,0.0,0.0
2024-06-12 00:00:00-04:00,19.8299478418893,20.135702622679972,19.750415832570884,19.794599533081055,63000,0.0,0.0
2024-06-13 00:00:00-04:00,19.86529318068129,19.971336414748997,19.73274040222168,19.73274040222168,24400,0.0,0.0
2024-06-14 00:00:00-04:00,19.7769272579757,19.91831882114425,19.670885692474656,19.750417709350586,13500,0.0,0.0
2024-06-17 00:00:00-04:00,19.87413087836018,19.909479185987358,19.679720242910932,19.812273025512695,10000,0.0,0.0
2024-06-18 00:00:00-04:00,19.85645672454659,19.91831626289415,19.723903941944826,19.812273025512695,39800,0.0,0.0
2024-06-20 00:00:00-04:00,19.9006414534179,19.91831560664918,19.688556671142578,19.688556671142578,44900,0.0,0.0
2024-06-21 00:00:00-04:00,19.77692700886651,19.785764086797002,19.449963552939693,19.70623207092285,64100,0.0,0.0
2024-06-24 00:00:00-04:00,19.600188578567284,19.874131225462015,19.556003193261613,19.662046432495117,24100,0.0,0.0
2024-06-25 00:00:00-04:00,19.66204482399017,19.79459759806314,19.467634201049805,19.467634201049805,17600,0.0,0.0
2024-06-26 00:00:00-04:00,19.46763651927271,19.529494375506186,19.361593276086627,19.405776977539062,21900,0.0,0.0
2024-06-27 00:00:00-04:00,19.485310852711805,19.563076466988154,19.30857434449353,19.317411422729492,44300,0.0,0.0
2024-06-28 00:00:00-04:00,19.30857436982359,19.38368700667732,19.18485695985813,19.361595153808594,180300,0.0,0.0
2024-07-01 00:00:00-04:00,19.405776616079315,19.43228784775707,19.220203050835455,19.37042999267578,39300,0.0,0.0
2024-07-02 00:00:00-04:00,19.405775283932368,19.580747041294075,19.40135758837274,19.54716682434082,17800,0.0,0.0
2024-07-03 00:00:00-04:00,19.538332564732258,19.776926925852937,19.538332564732258,19.759254455566406,9300,0.0,0.0
2024-07-05 00:00:00-04:00,19.81227393956529,19.83878517150879,19.750416083863954,19.83878517150879,2700,0.0,0.0
2024-07-08 00:00:00-04:00,19.838786138242995,19.838786138242995,19.670885032086083,19.768091201782227,63200,0.0,0.0
2024-07-09 00:00:00-04:00,19.856458941393253,19.856458941393253,19.662048284239297,19.759254455566406,24300,0.0,0.0
2024-07-10 00:00:00-04:00,19.750418041325105,19.794601746776486,19.680606303471638,19.741580963134766,10600,0.0,0.0
2024-07-11 00:00:00-04:00,19.874130536482543,19.997846240049338,19.825527457081286,19.962499618530273,19200,0.0,0.0
2024-07-12 00:00:00-04:00,19.997851327078685,20.111848466363742,19.776929408511528,20.024362564086914,16600,0.0,0.0
2024-07-15 00:00:00-04:00,20.024359051309528,20.033196128762025,19.92273518885608,19.971338272094727,11400,0.0,0.0
2024-07-16 00:00:00-04:00,19.980175654933852,20.068543059809112,19.95808211821483,20.011104583740234,16000,0.0,0.0
2024-07-17 00:00:00-04:00,19.971338909183693,20.12156585966805,19.971338909183693,20.095054626464844,17000,0.0,0.0
2024-07-18 00:00:00-04:00,20.0950520999351,20.192258257291652,19.83436423879709,20.015520095825195,26300,0.0,0.0
2024-07-19 00:00:00-04:00,20.015522612355465,20.095054626464844,19.891806895074314,20.095054626464844,8400,0.0,0.0
2024-07-22 00:00:00-04:00,20.13039977741911,20.13039977741911,19.891803772544748,20.077377319335938,12700,0.0,0.0
2024-07-23 00:00:00-04:00,20.006684896404533,20.095053985429324,19.971338272094727,19.971338272094727,9800,0.0,0.0
2024-07-24 00:00:00-04:00,19.923617508604284,19.969569298022115,19.662046432495117,19.662046432495117,12400,0.0,0.0
2024-07-25 00:00:00-04:00,19.785765296767064,19.882971474446702,19.6885608045878,19.865297317504883,33900,0.0,0.0
2024-07-26 00:00:00-04:00,19.843203227959435,19.900643388797267,19.843203227959435,19.87413215637207,2800,0.0,0.0
2024-07-29 00:00:00-04:00,19.88296567652655,19.91831398010254,19.688555063358248,19.91831398010254,5900,0.0,0.0
2024-07-30 00:00:00-04:00,19.838786470417332,19.971339267813164,19.838786470417332,19.852041244506836,18400,0.0,0.0
2024-07-31 00:00:00-04:00,19.882968287286026,19.909479518449114,19.75041550247081,19.803436279296875,17500,0.0,0.0
2024-08-01 00:00:00-04:00,19.803435607944365,19.966917314157637,19.723903602651415,19.962499618530273,10100,0.0,0.0
2024-08-02 00:00:00-04:00,19.785762745666126,20.148074488756475,19.626698724699605,20.118913650512695,15500,0.0,0.0
2024-08-05 00:00:00-04:00,19.72390455336997,19.971337657930214,19.63553546706273,19.89180564880371,15600,0.0,0.0
2024-08-06 00:00:00-04:00,19.768091257241736,19.922735904464695,19.67088508727288,19.85645866394043,7600,0.0,0.0
2024-08-07 00:00:00-04:00,19.78576364581477,20.15691248312194,19.78576364581477,19.909481048583984,24600,0.0,0.0
2024-08-08 00:00:00-04:00,19.812274880964935,20.095054626464844,19.812274880964935,20.095054626464844,22700,0.0,0.0
2024-08-09 00:00:00-04:00,19.95366411718973,20.090636289453165,19.944827039737234,19.971338272094727,10000,0.0,0.0
2024-08-12 00:00:00-04:00,19.944827039737234,20.130402295239314,19.90064333797493,19.971338272094727,65700,0.0,0.0
2024-08-13 00:00:00-04:00,20.006685534621063,20.139240015136853,19.927153520511684,20.095054626464844,14800,0.0,0.0
2024-08-14 00:00:00-04:00,20.13923864847988,20.37253209123594,20.13481926716246,20.32039451599121,29100,0.0,0.0
2024-08-15 00:00:00-04:00,20.307139077030786,20.307139077030786,20.156912129198957,20.245281219482422,13800,0.0,0.0
2024-08-16 00:00:00-04:00,20.324810643349924,20.545732498168945,20.269138578647528,20.545732498168945,8400,0.0,0.0
2024-08-19 00:00:00-04:00,20.47945782926607,20.634104158283844,20.47945782926607,20.528060913085938,17200,0.0,0.0
2024-08-20 00:00:00-04:00,20.519225104607745,20.67828913949235,20.475041399584377,20.589920043945312,13900,0.0,0.0
2024-08-21 00:00:00-04:00,20.687124583510204,20.71363581573027,20.563408870816904,20.678287506103516,6900,0.0,0.0
2024-08-22 00:00:00-04:00,20.65177638457348,20.704797159470317,20.64735700345705,20.669448852539062,7600,0.0,0.0
2024-08-23 00:00:00-04:00,20.722473451445936,20.94339533606476,20.638522056570643,20.855026245117188,19900,0.0,0.0
2024-08-26 00:00:00-04:00,20.855026549530848,21.16431752961186,20.76665745729338,20.894792556762695,14600,0.0,0.0
2024-08-27 00:00:00-04:00,20.881535792551308,20.9654871874266,20.855026245117188,20.855026245117188,5500,0.0,0.0
2024-08-28 00:00:00-04:00,20.819676691102927,20.96990363109158,20.766655913901086,20.837350845336914,9000,0.0,0.0
2024-08-29 00:00:00-04:00,20.943397313807477,20.943397313807477,20.642943387513164,20.757822036743164,7200,0.0,0.0
2024-08-30 00:00:00-04:00,20.8582962828245,20.92109518064604,20.65195655822754,20.65195655822754,15000,0.352,0.0
2024-09-03 00:00:00-04:00,20.813440369324038,20.813440369324038,20.642984996233487,20.732698440551758,12000,0.0,0.0
2024-09-04 00:00:00-04:00,20.894182661260043,20.93903852862801,20.804469215382454,20.903152465820312,18700,0.0,0.0
2024-09-05 00:00:00-04:00,20.93007085889337,21.16332517657966,20.9210993415429,21.03772735595703,20500,0.0,0.0
2024-09-06 00:00:00-04:00,21.09154956421923,21.208175838822463,20.99286460876465,20.99286460876465,5300,0.0,0.0
2024-09-09 00:00:00-04:00,21.21715098043682,21.324807469437317,21.190238141543073,21.31583595275879,11100,0.0,0.0
2024-09-10 00:00:00-04:00,21.244066120635882,21.493468473345146,21.208180052924845,21.405550003051758,63500,0.0,0.0
2024-09-11 00:00:00-04:00,21.44143441882666,21.44143441882666,21.26200921320171,21.32480812072754,5700,0.0,0.0
2024-09-12 00:00:00-04:00,21.477317107696543,21.477317107696543,21.43245952999115,21.441431045532227,11400,0.0,0.0
2024-09-13 00:00:00-04:00,21.567033767700195,21.602918124073394,21.35172078489349,21.567033767700195,26500,0.0,0.0
2024-09-16 00:00:00-04:00,21.701601579563928,21.809256352289953,21.477318806719317,21.764400482177734,15600,0.0,0.0
2024-09-17 00:00:00-04:00,21.881028628758433,22.212967913651024,21.68366038791051,21.845144271850586,11600,0.0,0.0
2024-09-18 00:00:00-04:00,21.872055097498677,22.00662612915039,21.728514260802477,22.00662612915039,20600,0.0,0.0
2024-09-19 00:00:00-04:00,22.024566650390625,22.05148119797171,21.83616995074809,22.024566650390625,55400,0.0,0.0
2024-09-20 00:00:00-04:00,22.06942488286291,22.10082433373264,21.863085145392784,22.033538818359375,85300,0.0,0.0
2024-09-23 00:00:00-04:00,22.03354017758611,22.03354017758611,21.773373038452966,21.970741271972656,62900,0.0,0.0
2024-09-24 00:00:00-04:00,21.979710929340825,22.051481345562394,21.863084644658915,21.99765396118164,19200,0.0,0.0
2024-09-25 00:00:00-04:00,21.99765266136466,22.114278939155252,21.943823569022914,22.087366104125977,48900,0.0,0.0
2024-09-26 00:00:00-04:00,22.212967258480973,22.212967258480973,21.979712956463114,22.142990112304688,33600,0.0,0.0
2024-09-27 00:00:00-04:00,22.177078874813514,22.266792321778194,22.015596723647104,22.226421356201172,42900,0.0,0.0
2024-09-30 00:00:00-04:00,22.23987914821002,22.275763499766683,22.00662487409593,22.015596389770508,246900,0.0,0.0
2024-10-01 00:00:00-04:00,22.024565496393937,22.176181197549145,22.024565496393937,22.087366104125977,33200,0.0,0.0
2024-10-02 00:00:00-04:00,22.141194089476187,22.141194089476187,22.02456609736166,22.06942367553711,3600,0.0,0.0
2024-10-03 00:00:00-04:00,22.105308630549665,22.177079046448526,22.087367309931217,22.159137725830078,4000,0.0,0.0
2024-10-04 00:00:00-04:00,22.195022839904112,22.195022839904112,21.872055101704685,21.898969650268555,20600,0.0,0.0
2024-10-07 00:00:00-04:00,21.95279841031184,21.95279841031184,21.683659752394373,21.728515625,10700,0.0,0.0
2024-10-08 00:00:00-04:00,21.81822852160132,21.81822852160132,21.611888775082168,21.773372650146484,8500,0.0,0.0
2024-10-09 00:00:00-04:00,21.737485035704935,22.051481246948242,21.737485035704935,22.051481246948242,18200,0.0,0.0
2024-10-10 00:00:00-04:00,22.05148149527335,22.05148149527335,21.79131437638199,21.86308479309082,5700,0.0,0.0
2024-10-11 00:00:00-04:00,21.97074062041718,22.051482556994838,21.800285230848587,21.961769104003906,11600,0.0,0.0
2024-10-14 00:00:00-04:00,21.98868294540867,22.15913832949015,21.98868294540867,22.14119529724121,6500,0.0,0.0
2024-10-15 00:00:00-04:00,22.150166456233816,22.239879904890323,22.042509975617662,22.14388656616211,15300,0.0,0.0
2024-10-16 00:00:00-04:00,22.257820978227457,22.257820978227457,22.04250973053087,22.159137725830078,11400,0.0,0.0
2024-10-17 00:00:00-04:00,22.17707965409005,22.17707965409005,22.033538818359375,22.033538818359375,1200,0.0,0.0
2024-10-18 00:00:00-04:00,22.139401022246396,22.139401022246396,21.89897020025279,21.961769104003906,4900,0.0,0.0
2024-10-21 00:00:00-04:00,21.952796825602356,21.952796825602356,21.701601219316974,21.940237045288086,10000,0.0,0.0
2024-10-22 00:00:00-04:00,21.96176981212695,21.96176981212695,21.71057418902308,21.889999389648438,3900,0.0,0.0
2024-10-23 00:00:00-04:00,21.969841095380175,21.969841095380175,21.692627605859293,21.70159912109375,12600,0.0,0.0
2024-10-24 00:00:00-04:00,21.782341748351072,21.782341748351072,21.41451816760404,21.62982940673828,7800,0.0,0.0
2024-10-25 00:00:00-04:00,21.710570636328203,21.77785443387427,21.665713060155927,21.70159912109375,5800,0.0,0.0
2024-10-28 00:00:00-04:00,21.845140645872522,21.845140645872522,21.531144447123644,21.62982940673828,16500,0.0,0.0
2024-10-29 00:00:00-04:00,21.62085963980002,21.62085963980002,21.423489704608475,21.590356826782227,3500,0.0,0.0
2024-10-30 00:00:00-04:00,21.629830647919498,21.75542845016956,21.53114568264204,21.727617263793945,3600,0.0,0.0
2024-10-31 00:00:00-04:00,21.710574302642865,21.728515625,21.540118906686146,21.728515625,8400,0.0,0.0
2024-11-01 00:00:00-04:00,21.72851269828025,21.81463787856131,21.441431045532227,21.441431045532227,3500,0.0,0.0
2024-11-04 00:00:00-05:00,21.306866518000966,21.75543212890625,21.306866518000966,21.75543212890625,5600,0.0,0.0
2024-11-05 00:00:00-05:00,21.755427201781185,21.800283068256043,21.61188637569169,21.62982940673828,16200,0.0,0.0
2024-11-06 00:00:00-05:00,21.59394470048526,21.59394470048526,21.387604963918662,21.459375381469727,8100,0.0,0.0
2024-11-07 00:00:00-05:00,21.56703115949829,21.63880157470703,21.36068971852419,21.63880157470703,10300,0.0,0.0
2024-11-08 00:00:00-05:00,21.719543994583777,21.889999389648438,21.719543994583777,21.889999389648438,6300,0.0,0.0
2024-11-11 00:00:00-05:00,21.88999833542707,21.88999833542707,21.454890918730403,21.79131507873535,8500,0.0,0.0
2024-11-12 00:00:00-05:00,21.72851478201313,21.72851478201313,21.414520263671875,21.414520263671875,6000,0.0,0.0
2024-11-13 00:00:00-05:00,21.480012768315348,21.480012768315348,21.217152275896282,21.33378028869629,7100,0.0,0.0
2024-11-14 00:00:00-05:00,21.240476569511493,21.47731912640421,21.12743683198231,21.279949188232422,13800,0.0,0.0
2024-11-15 00:00:00-05:00,21.423489973946463,21.423489973946463,21.36069107055664,21.36069107055664,1100,0.0,0.0
2024-11-18 00:00:00-05:00,21.41451910795343,21.475523020592366,21.262006759643555,21.262006759643555,18200,0.0,0.0
2024-11-19 00:00:00-05:00,21.34275006276932,21.351719868121073,21.055666668400754,21.091552734375,13000,0.0,0.0
2024-11-20 00:00:00-05:00,21.046693801879883,21.136407249919085,20.88521164877936,21.046693801879883,22500,0.0,0.0
2024-11-21 00:00:00-05:00,21.136407621695927,21.499746322631836,21.136407621695927,21.499746322631836,11000,0.0,0.0
2024-11-22 00:00:00-05:00,21.549087712907497,21.549087712907497,21.226119995117188,21.226119995117188,7500,0.0,0.0
2024-11-25 00:00:00-05:00,21.441432199437756,21.647771934562204,21.351718750340517,21.593944549560547,6100,0.0,0.0
2024-11-26 00:00:00-05:00,21.66571699731961,21.66571699731961,21.351720751619524,21.432462692260742,7100,0.0,0.0
2024-11-27 00:00:00-05:00,21.584970609112517,21.601118651685095,21.396573927196577,21.450401306152344,10400,0.0,0.0
2024-11-29 00:00:00-05:00,21.57969929608092,21.70717375316923,21.2701169831157,21.29743194580078,49500,0.352,0.0
2024-12-02 00:00:00-05:00,21.324753433504963,21.39759624487018,20.97875051369759,21.01517105102539,49700,0.0,0.0
2024-12-03 00:00:00-05:00,21.07890615047231,21.215486190805247,20.960537245306284,20.996957778930664,20300,0.0,0.0
2024-12-04 00:00:00-05:00,21.02427124373642,21.133534564491363,20.98784897901199,21.042482376098633,7500,0.0,0.0
2024-12-05 00:00:00-05:00,21.069799076836592,21.251906942069873,21.051589679680717,21.20638084411621,4500,0.0,0.0
2024-12-06 00:00:00-05:00,21.179063217805272,21.206379917409336,21.060692589563576,21.133535385131836,6500,0.0,0.0
2024-12-09 00:00:00-05:00,21.078907127307076,21.201829690316004,21.06069599129623,21.0880126953125,11100,0.0,0.0
2024-12-10 00:00:00-05:00,21.078903777315876,21.153568381068467,20.987849848442032,21.124431610107422,9900,0.0,0.0
2024-12-11 00:00:00-05:00,21.078906495735936,21.160854868619865,20.996958122852007,21.024274826049805,11700,0.0,0.0
2024-12-12 00:00:00-05:00,20.978748838438957,21.11532888175343,20.897710500873757,21.03338050842285,14100,0.0,0.0
2024-12-13 00:00:00-05:00,21.115328305319327,21.12443387285298,20.887694327106296,20.987852096557617,28200,0.0,0.0
2024-12-16 00:00:00-05:00,21.015165952588198,21.042482651489024,20.887691497802734,20.887691497802734,20200,0.0,0.0
2024-12-17 00:00:00-05:00,20.887693464942565,20.99695679741757,20.860376763469137,20.905902862548828,13100,0.0,0.0
2024-12-18 00:00:00-05:00,20.860374725529535,21.02427144493962,20.660057477755643,20.705583572387695,11500,0.0,0.0
2024-12-19 00:00:00-05:00,20.660058799892315,20.660058799892315,20.406929946247324,20.526208877563477,15300,0.0,0.0
2024-12-20 00:00:00-05:00,20.459741410298676,20.73290322716431,20.459741410298676,20.623638153076172,14500,0.0,0.0
2024-12-23 00:00:00-05:00,20.53258421412096,20.71469209203138,20.53258421412096,20.623638153076172,9500,0.0,0.0
2024-12-24 00:00:00-05:00,20.742008979351738,20.742008979351738,20.396004355584093,20.459741592407227,12700,0.0,0.0
2024-12-26 00:00:00-05:00,20.45974275673612,20.500716945126968,20.27763660355089,20.386899948120117,25100,0.0,0.0
2024-12-27 00:00:00-05:00,20.31405524201036,20.35047751127101,20.159264071071384,20.19568634033203,14200,0.0,0.0
2024-12-30 00:00:00-05:00,19.97715627730673,20.213895797729492,19.948929541984636,20.213895797729492,26900,0.0,0.0
2024-12-31 00:00:00-05:00,20.168368320530703,20.432424545288086,20.168368320530703,20.432424545288086,51000,0.0,0.0
2025-01-02 00:00:00-05:00,20.641848705534127,20.960536614526777,20.582663386377497,20.742008209228516,14400,0.0,0.0
2025-01-03 00:00:00-05:00,20.860376244094553,21.069799073381972,20.760216744561742,20.908634185791016,6900,0.0,0.0
2025-01-06 00:00:00-05:00,20.942325300819007,21.188170405943218,20.851271365212703,21.097116470336914,15400,0.0,0.0
2025-01-07 00:00:00-05:00,21.00606236457538,21.060694030812883,20.787533962916015,20.905902862548828,13800,0.0,0.0
2025-01-08 00:00:00-05:00,20.869481350133718,21.03337807785536,20.71469018914209,20.97874641418457,34400,0.0,0.0
2025-01-10 00:00:00-05:00,20.57811026415755,20.91500755130043,20.57811026415755,20.632741928100586,13900,0.0,0.0
2025-01-13 00:00:00-05:00,20.505267750508978,20.68282196331361,20.359582153504704,20.477951049804688,16000,0.0,0.0
2025-01-14 00:00:00-05:00,20.48705811299807,20.76021819315427,20.3686892080529,20.623638153076172,9100,0.0,0.0
2025-01-15 00:00:00-05:00,20.76932071542692,21.09711415291932,20.766588871886594,21.05158805847168,15700,0.0,0.0
2025-01-16 00:00:00-05:00,21.124429586071603,21.35206351809087,20.896795654052333,21.115324020385742,18100,0.0,0.0
2025-01-17 00:00:00-05:00,21.124430796950712,21.206379156111755,20.996954606750652,21.060691833496094,10800,0.0,0.0
2025-01-21 00:00:00-05:00,21.16995904020238,21.251907407681845,20.919562022552608,21.07890510559082,26600,0.0,0.0
2025-01-22 00:00:00-05:00,21.15174663408946,21.35206562553163,21.05158887507762,21.142641067504883,7800,0.0,0.0
2025-01-23 00:00:00-05:00,21.124431775351624,21.124431775351624,20.960535049438477,20.960535049438477,11200,0.0,0.0
2025-01-24 00:00:00-05:00,20.978744566478642,21.16085067491201,20.96053343462257,20.977832794189453,7000,0.0,0.0
2025-01-27 00:00:00-05:00,21.13353775175519,21.242802825698163,20.9332204756874,21.169960021972656,14700,0.0,0.0
2025-01-28 00:00:00-05:00,21.115327086202253,21.30653878324085,21.0725310949359,21.23369598388672,8800,0.0,0.0
2025-01-29 00:00:00-05:00,21.033381987720723,21.19818878173828,21.033381987720723,21.19818878173828,6200,0.0,0.0
2025-01-30 00:00:00-05:00,21.197275222032125,21.240069476123736,21.1280743028919,21.215484619140625,17900,0.0,0.0
2025-01-31 00:00:00-05:00,21.142642279257455,21.261012914931893,20.459740376658203,20.514373779296875,145900,0.0,0.0
2025-02-03 00:00:00-05:00,20.42332105852663,20.682823657997638,20.41421549087912,20.459741592407227,24000,0.0,0.0
2025-02-04 00:00:00-05:00,20.459740376658203,20.62363711115552,20.432425412048214,20.514373779296875,9700,0.0,0.0
2025-02-05 00:00:00-05:00,20.614530909994496,20.843986678575085,20.614530909994496,20.641847610473633,13700,0.0,0.0
2025-02-06 00:00:00-05:00,20.6418492882091,20.823957166119524,20.53258421412096,20.623638153076172,15200,0.0,0.0
2025-02-07 00:00:00-05:00,20.578111763493794,20.70558623421852,20.472488570570953,20.587217330932617,20800,0.0,0.0
2025-02-10 00:00:00-05:00,20.660060193120067,20.669165760585066,20.533495757762598,20.605426788330078,12100,0.0,0.0
2025-02-11 00:00:00-05:00,20.559899535623938,20.805744633274514,20.559899535623938,20.678268432617188,42000,0.0,0.0
2025-02-12 00:00:00-05:00,20.414213644192365,20.587215940426255,20.377791376897108,20.48887825012207,15900,0.0,0.0
2025-02-13 00:00:00-05:00,20.45063532751406,20.72379713749786,20.45063532751406,20.569005966186523,6000,0.0,0.0
2025-02-14 00:00:00-05:00,20.669165292752545,20.833060293284618,20.653686002083354,20.73290252685547,9200,0.0,0.0
2025-02-18 00:00:00-05:00,20.714690931714383,20.842165397085637,20.623636997859485,20.715600967407227,16100,0.0,0.0
2025-02-19 00:00:00-05:00,20.823956753314782,20.851271718763265,20.589949055294753,20.769323348999023,14500,0.0,0.0
2025-02-20 00:00:00-05:00,20.805747414835118,20.808479258957703,20.56900785248913,20.76021957397461,4100,0.0,0.0
2025-02-21 00:00:00-05:00,20.805744462475392,20.860376127046155,20.71469053038459,20.842164993286133,11900,0.0,0.0
2025-02-24 00:00:00-05:00,20.860376473374092,20.92411370588304,20.714690874293826,20.869482040405273,9800,0.0,0.0
2025-02-25 00:00:00-05:00,20.942327080644777,21.15174993464094,20.878589841316337,21.0880126953125,12000,0.0,0.0
2025-02-26 00:00:00-05:00,21.169960767318265,21.2428035736084,20.960537916322814,21.2428035736084,5700,0.0,0.0
2025-02-27 00:00:00-05:00,21.242804968194168,21.242804968194168,21.179067725594653,21.188173294067383,2900,0.0,0.0
2025-02-28 00:00:00-05:00,21.291716304441312,21.291716304441312,21.1437931060791,21.1437931060791,8300,0.352,0.0
2025-03-03 00:00:00-05:00,21.20850960446623,21.41190356443269,21.20850960446623,21.273225784301758,4600,0.0,0.0
2025-03-04 00:00:00-05:00,21.263980427771806,21.263980427771806,20.89417242518294,20.93115234375,16400,0.0,0.0
2025-03-05 00:00:00-05:00,21.097567543198764,21.097567543198764,20.903418992457258,20.91266441345215,20800,0.0,0.0
2025-03-06 00:00:00-05:00,21.069829871291258,21.069829871291258,20.96813201904297,20.96813201904297,1900,0.0,0.0
2025-03-07 00:00:00-05:00,21.042096478328336,21.043020491399428,20.820211667789685,20.847946166992188,5800,0.0,0.0
2025-03-10 00:00:00-04:00,20.81096703444188,20.884928640753568,20.59832763671875,20.59832763671875,8200,0.0,0.0
2025-03-11 00:00:00-04:00,20.681534572165283,20.89417396894171,20.590006136943277,20.700023651123047,12200,0.0,0.0
2025-03-12 00:00:00-04:00,20.686154217922436,20.903417184047054,20.675060771718538,20.875680923461914,11700,0.0,0.0
2025-03-13 00:00:00-04:00,20.894171585763786,21.13454721863542,20.75549381078727,21.014358520507812,6900,0.0,0.0
2025-03-14 00:00:00-04:00,21.153038580068053,21.24549102783203,21.034701421919983,21.24549102783203,17700,0.0,0.0
2025-03-17 00:00:00-04:00,21.36567923402699,21.36567923402699,21.023605714399277,21.254735946655273,6300,0.0,0.0
2025-03-18 00:00:00-04:00,21.2732268222099,21.300963084942783,21.051342010498047,21.051342010498047,6400,0.0,0.0
2025-03-19 00:00:00-04:00,21.217756026453852,21.356433813130703,21.04209655619185,21.254735946655273,6600,0.0,0.0
2025-03-20 00:00:00-04:00,21.31020811697976,21.36290684323293,21.079077869449026,21.26398277282715,4800,0.0,0.0
2025-03-21 00:00:00-04:00,21.18539933509095,21.36752867229465,21.153039478123507,21.26398277282715,4900,0.0,0.0
2025-03-24 00:00:00-04:00,21.217757062123944,21.25473698413041,21.023606740592605,21.10866355895996,6400,0.0,0.0
2025-03-25 00:00:00-04:00,21.19926582697027,21.19926582697027,20.755496190805236,21.005115509033203,18900,0.0,0.0
2025-03-26 00:00:00-04:00,21.042095752049203,21.042095752049203,20.635306065077042,20.690776824951172,16200,0.0,0.0
2025-03-27 00:00:00-04:00,20.69077666575902,20.698174060166675,20.626060485839844,20.626060485839844,6500,0.0,0.0
2025-03-28 00:00:00-04:00,20.635304917786026,20.755493614778608,20.385683867155496,20.4411563873291,16600,0.0,0.0
2025-03-31 00:00:00-04:00,20.35794863948033,20.37089187437939,20.182289192004934,20.283987045288086,25800,0.0,0.0
2025-04-01 00:00:00-04:00,20.357949060435654,20.47813599221443,19.96965024205136,20.24238395690918,14600,0.0,0.0
2025-04-02 00:00:00-04:00,20.163798947449106,20.49570299984259,20.163798947449106,20.237760543823242,7200,0.0,0.0
2025-04-03 00:00:00-04:00,19.9788965932307,20.002009262336653,19.67380477623468,19.988142013549805,37600,0.0,0.0
2025-04-04 00:00:00-04:00,19.877199831664978,19.95116143492187,19.02109290734406,19.93267059326172,45200,0.0,0.0
2025-04-07 00:00:00-04:00,19.05437659896985,19.867954227279206,19.05437659896985,19.562862396240234,20200,0.0,0.0
2025-04-08 00:00:00-04:00,19.729276063726658,19.784746823744896,19.33173179626465,19.33173179626465,8500,0.0,0.0
2025-04-09 00:00:00-04:00,19.14682606150208,19.72002976751709,19.14682606150208,19.618331909179688,14700,0.0,0.0
2025-04-10 00:00:00-04:00,19.211544019551745,19.812482223182865,19.211544019551745,19.41493797302246,7300,0.0,0.0
2025-04-11 00:00:00-04:00,19.17456269689597,19.276260557221892,19.017394077930277,19.137582778930664,9800,0.0,0.0
2025-04-14 00:00:00-04:00,19.174563015627825,19.414938658240654,19.08211057410233,19.26701545715332,19300,0.0,0.0
2025-04-15 00:00:00-04:00,19.387199973886883,19.43342707056431,19.146824361314575,19.27625846862793,17300,0.0,0.0
2025-04-16 00:00:00-04:00,19.442673155321152,19.64606709751264,19.239277449746176,19.535123825073242,28000,0.0,0.0
2025-04-17 00:00:00-04:00,19.58135221444155,19.895689449798457,19.461163514425532,19.784746170043945,11500,0.0,0.0
2025-04-21 00:00:00-04:00,19.7385196685791,19.7385196685791,19.544369381299326,19.7385196685791,4700,0.0,0.0
2025-04-22 00:00:00-04:00,19.6922940997044,19.920652281335908,19.6922940997044,19.79953956604004,14300,0.0,0.0
2025-04-23 00:00:00-04:00,20.071348435054613,20.28398958797337,19.96965233240692,20.03436851501465,7700,0.0,0.0
2025-04-24 00:00:00-04:00,20.136066693622734,20.21927371923395,20.136066693622734,20.163801193237305,3200,0.0,0.0
2025-04-25 00:00:00-04:00,20.283987045288086,20.404173974581674,20.108327597812686,20.283987045288086,10500,0.0,0.0
2025-04-28 00:00:00-04:00,20.36719629069339,20.478137812445233,20.302478345723838,20.413421630859375,12800,0.0,0.0
2025-04-29 00:00:00-04:00,20.515119170823834,20.515119170823834,20.274743526318296,20.41804313659668,13700,0.0,0.0
2025-04-30 00:00:00-04:00,20.39493139961902,20.607572555541992,20.27844226927933,20.607572555541992,49400,0.0,0.0
2025-05-01 00:00:00-04:00,20.71851134961111,20.71851134961111,20.412495537844023,20.55209732055664,17100,0.0,0.0
2025-05-02 00:00:00-04:00,19.017393727801615,20.838700942880855,19.017393727801615,20.639928817749023,14500,0.0,0.0
2025-05-05 00:00:00-04:00,20.459647184623396,20.890475329962506,20.459647184623396,20.579835891723633,10200,0.0,0.0
2025-05-06 00:00:00-04:00,20.589080810546875,20.663042411811563,20.547477299624006,20.589080810546875,12600,0.0,0.0
2025-05-07 00:00:00-04:00,20.589080583221854,20.755494625075933,20.589080583221854,20.632532119750977,6600,0.0,0.0
2025-05-08 00:00:00-04:00,20.80633958623625,20.866433931285023,20.755492424069477,20.80171775817871,5900,0.0,0.0
2025-05-09 00:00:00-04:00,20.884927089112335,20.884927089112335,20.700022205378687,20.829456329345703,6500,0.0,0.0
2025-05-12 00:00:00-04:00,20.921908094724724,21.097567567058856,20.818362200878816,20.843324661254883,12700,0.0,0.0
2025-05-13 00:00:00-04:00,21.116058799766353,21.143795063295585,20.977381008887754,21.005115509033203,29700,0.0,0.0
2025-05-14 00:00:00-04:00,21.04301903639811,21.199263640411463,20.977378845214844,20.977378845214844,29200,0.0,0.0
2025-05-15 00:00:00-04:00,20.999568063276946,21.180773367021185,20.986624827295213,21.06983184814453,11200,0.0,0.0
2025-05-16 00:00:00-04:00,21.199264601583128,21.199264601583128,20.986625216968278,21.01528549194336,19200,0.0,0.0
2025-05-19 00:00:00-04:00,20.97738028183139,21.079076384479656,20.958889440119446,20.999568939208984,16400,0.0,0.0
2025-05-20 00:00:00-04:00,21.069832292166666,21.069832292166666,20.95888900756836,20.95888900756836,9500,0.0,0.0
2025-05-21 00:00:00-04:00,20.85719117209937,20.894172854810503,20.755495071411133,20.755495071411133,9400,0.0,0.0
2025-05-22 00:00:00-04:00,20.783229167200545,20.810965428696257,20.672287647985005,20.727758407592773,11500,0.0,0.0
2025-05-23 00:00:00-04:00,20.663043729823737,20.755496178147684,20.61681662396987,20.700023651123047,8500,0.0,0.0
2025-05-27 00:00:00-04:00,20.80172022588746,20.96813426983595,20.709267783317895,20.89417266845703,7700,0.0,0.0
2025-05-28 00:00:00-04:00,20.958889453953375,20.958889453953375,20.80634265480471,20.847946166992188,7900,0.0,0.0
2025-05-29 00:00:00-04:00,20.894172536103,21.032850317387062,20.894172536103,20.97645378112793,6000,0.0,0.0
2025-05-30 00:00:00-04:00,20.904145424083385,20.960490327431568,20.209218978881836,20.209218978881836,101800,0.352,0.0
2025-06-02 00:00:00-04:00,20.34068896226857,20.6599797009405,19.95566221113571,20.0955867767334,55300,0.0,0.0
2025-06-03 00:00:00-04:00,20.012007624962514,20.218608573650865,20.012007624962514,20.09183120727539,14800,0.0,0.0
2025-06-04 00:00:00-04:00,20.09652615005706,20.30124816212815,20.05896348051646,20.218608856201172,35900,0.0,0.0
2025-06-05 00:00:00-04:00,20.12469910525353,20.237388902861674,20.049571976457422,20.077743530273438,25800,0.0,0.0
2025-06-06 00:00:00-04:00,20.1434836085863,20.35008278829883,20.08713691225105,20.246782302856445,29200,0.0,0.0
2025-06-09 00:00:00-04:00,20.23739031473062,20.453382392363736,20.23739031473062,20.425209045410156,13800,0.0,0.0
2025-06-10 00:00:00-04:00,20.42990330727296,20.570768248108077,20.378254858961828,20.55668067932129,11700,0.0,0.0
2025-06-11 00:00:00-04:00,20.472163114219622,20.72102320447049,20.42708826611463,20.537900924682617,19800,0.0,0.0
2025-06-12 00:00:00-04:00,20.594244485519887,20.753889861034462,20.434599110005312,20.51911735534668,16200,0.0,0.0
2025-06-13 00:00:00-04:00,20.509727092660487,20.631808012576688,20.42520884380614,20.613027572631836,18100,0.0,0.0
2025-06-16 00:00:00-04:00,20.753891280123124,20.791453952192114,20.61302812531307,20.622417449951172,18400,0.0,0.0
2025-06-17 00:00:00-04:00,20.608330987026513,20.988663104430557,20.528509192049686,20.88536262512207,17700,0.0,0.0
2025-06-18 00:00:00-04:00,20.979273022548323,21.091962831734964,20.857190306228535,21.063791275024414,28800,0.0,0.0
2025-06-20 00:00:00-04:00,20.866581279707944,21.354908559308246,20.866581279707944,21.33612632751465,13200,0.0,0.0
2025-06-23 00:00:00-04:00,21.364297780069847,21.410312990061804,20.84779898976775,21.307952880859375,6900,0.0,0.0
2025-06-24 00:00:00-04:00,21.35490689604186,22.08739775839091,21.35490689604186,22.049833297729492,105900,0.0,0.0
2025-06-25 00:00:00-04:00,22.049832729289715,22.049832729289715,21.75871533135694,21.79627799987793,15600,0.0,0.0
2025-06-26 00:00:00-04:00,21.99349120268084,22.01133306994989,21.815063574128835,21.843236923217773,22600,0.0,0.0
2025-06-27 00:00:00-04:00,22.02166504928037,22.02166504928037,21.73054580896799,21.768110275268555,15300,0.0,0.0
2025-06-30 00:00:00-04:00,21.81506236322413,21.82914993257278,21.580289840698242,21.580289840698242,34500,0.0,0.0
2025-07-01 00:00:00-04:00,21.683589465942394,21.927753094650424,21.448816952704536,21.486379623413086,13900,0.0,0.0
2025-07-02 00:00:00-04:00,21.373689706487983,21.786889829118145,21.373689706487983,21.73054313659668,16700,0.0,0.0
2025-07-03 00:00:00-04:00,21.786888411403677,21.786888411403677,21.627243041992188,21.627243041992188,9200,0.0,0.0
2025-07-07 00:00:00-04:00,21.523943048988908,21.796278219823304,21.523943048988908,21.55211639404297,14200,0.0,0.0
2025-07-08 00:00:00-04:00,21.5708990036231,21.74650911067072,21.53615384484921,21.692981719970703,5000,0.0,0.0
2025-07-09 00:00:00-04:00,21.749326836652823,21.96813464632633,21.44881828759345,21.505163192749023,25700,0.0,0.0
2025-07-10 00:00:00-04:00,21.50516372437407,21.78689183946096,21.50516372437407,21.758718490600586,17900,0.0,0.0
2025-07-11 00:00:00-04:00,21.72115322404028,21.72115322404028,21.33612642634902,21.364299774169922,8000,0.0,0.0
2025-07-14 00:00:00-04:00,21.29856138652183,21.466657507005113,21.12952490072848,21.138916015625,13600,0.0,0.0
2025-07-15 00:00:00-04:00,21.19056883423961,21.24127871145388,21.0731825704865,21.1483097076416,7100,0.0,0.0
2025-07-16 00:00:00-04:00,21.279780130147483,21.279780130147483,20.950159684241154,20.988662719726562,21100,0.0,0.0
2025-07-17 00:00:00-04:00,21.120135938254958,21.195263073911565,21.008384704589844,21.008384704589844,2600,0.0,0.0
2025-07-18 00:00:00-04:00,20.998056463851217,21.241279753910344,20.960491997844002,20.983030319213867,6500,0.0,0.0
2025-07-21 00:00:00-04:00,20.988663188763844,21.035616975271562,20.932318286720154,20.941707611083984,7000,0.0,0.0
2025-07-22 00:00:00-04:00,20.913534853596722,20.913534853596722,20.800843264814397,20.82244300842285,9900,0.0,0.0
2025-07-23 00:00:00-04:00,20.95109874277806,20.98866320495092,20.8853627251477,20.913536071777344,4700,0.0,0.0
2025-07-24 00:00:00-04:00,20.866580963134766,20.98866367676879,20.866580963134766,20.866580963134766,2900,0.0,0.0
2025-07-25 00:00:00-04:00,21.016835170293515,21.44318251017525,20.969881382833858,21.43942642211914,16000,0.0,0.0
2025-07-28 00:00:00-04:00,21.505162605406515,21.53990955474244,21.15675991133564,21.252548217773438,6400,0.0,0.0
2025-07-29 00:00:00-04:00,21.17647862030558,21.34082044374207,21.17647862030558,21.182113647460938,4500,0.0,0.0
2025-07-30 00:00:00-04:00,21.387777417175155,21.430036544799805,21.176481779051908,21.430036544799805,8300,0.0,0.0
2025-07-31 00:00:00-04:00,21.195261157709297,21.880796432495117,21.195261157709297,21.880796432495117,39300,0.0,0.0
2025-08-01 00:00:00-04:00,21.805669303630534,21.880796432495117,21.73523862785426,21.880796432495117,15800,0.0,0.0
2025-08-04 00:00:00-04:00,21.90897121724291,22.02166281353126,21.880797870377783,21.927753448486328,8900,0.0,0.0
2025-08-05 00:00:00-04:00,21.974709816229133,22.207605212186596,21.88080044015507,21.93714714050293,12400,0.0,0.0
2025-08-06 00:00:00-04:00,22.059224710072563,22.11556961065169,21.83384331658396,21.890188217163086,13000,0.0,0.0
2025-08-07 00:00:00-04:00,21.937141895169134,22.021660134309613,21.824450312591182,21.862014770507812,11500,0.0,0.0
2025-08-08 00:00:00-04:00,21.965317360756085,21.965317360756085,21.892069162409538,21.918363571166992,5800,0.0,0.0
2025-08-11 00:00:00-04:00,22.05922633853984,22.068617454524986,21.908972065121958,22.021663665771484,5700,0.0,0.0
2025-08-12 00:00:00-04:00,22.0686190449158,22.247046679147633,22.021665252778536,22.181310653686523,12700,0.0,0.0
2025-08-13 00:00:00-04:00,22.303388502819423,22.387906749913352,22.209479140362603,22.26112937927246,17800,0.0,0.0
2025-08-14 00:00:00-04:00,22.350341660471624,22.350341660471624,22.153133616908267,22.309022903442383,4300,0.0,0.0
2025-08-15 00:00:00-04:00,22.38790665644601,22.38790665644601,22.218870162963867,22.218870162963867,32000,0.0,0.0
2025-08-18 00:00:00-04:00,22.284607503369994,22.322171966897088,22.124962115724255,22.265825271606445,13100,0.0,0.0
2025-08-19 00:00:00-04:00,22.312779610364192,22.350342280630493,22.19069690186147,22.27521514892578,22800,0.0,0.0
2025-08-20 00:00:00-04:00,22.200088600812414,22.350342868171687,22.115570351526305,22.228261947631836,19500,0.0,0.0
2025-08-21 00:00:00-04:00,22.247044483689063,22.256435599424222,22.06861686706543,22.06861686706543,9000,0.0,0.0
2025-08-22 00:00:00-04:00,22.171915040527747,22.453641318561523,22.171915040527747,22.20008659362793,5300,0.0,0.0
2025-08-25 00:00:00-04:00,22.303390243443147,22.303390243443147,21.927754555472237,22.162527084350586,9000,0.0,0.0
2025-08-26 00:00:00-04:00,22.218872482312662,22.35034452822396,22.01790653398629,22.087400436401367,7300,0.0,0.0
2025-08-27 00:00:00-04:00,22.068615016520358,22.18788020606658,21.927751874649314,22.03950309753418,8000,0.0,0.0
2025-08-28 00:00:00-04:00,22.115571325415427,22.115571325415427,21.758717872515668,21.90615463256836,19600,0.0,0.0
2025-08-29 00:00:00-04:00,22.006269197897915,22.006269197897915,21.59627342224121,21.59627342224121,50700,0.352,0.0
2025-09-02 00:00:00-04:00,21.577203428346778,21.767899730061664,21.453252105262404,21.59627342224121,13600,0.0,0.0
2025-09-03 00:00:00-04:00,21.586739113554195,21.720227256456567,21.586739113554195,21.66301727294922,10600,0.0,0.0
2025-09-04 00:00:00-04:00,21.663017637198944,21.786970784934283,21.62487946616755,21.748830795288086,5300,0.0,0.0
2025-09-05 00:00:00-04:00,21.882316910778904,21.932850755619615,21.729760603573812,21.86324691772461,15000,0.0,0.0
2025-09-08 00:00:00-04:00,21.92045491721086,21.977663077338768,21.739293621755422,21.87278175354004,8700,0.0,0.0
2025-09-09 00:00:00-04:00,21.853710791757784,21.9195009913647,21.526667520375895,21.605806350708008,12400,0.0,0.0
2025-09-10 00:00:00-04:00,21.67254998711478,21.786968123461374,21.558133669382773,21.57720184326172,11600,0.0,0.0
2025-09-11 00:00:00-04:00,21.596274682836434,21.901387328498195,21.558136511436125,21.634414672851562,8000,0.0,0.0
2025-09-12 00:00:00-04:00,21.691620877206365,21.767899031722283,21.529529571533203,21.529529571533203,15300,0.0,0.0
2025-09-15 00:00:00-04:00,21.64394803626228,21.739294366871928,21.510459899902344,21.510459899902344,13600,0.0,0.0
2025-09-16 00:00:00-04:00,21.519993933010326,21.663015241134914,21.510458936653407,21.567668914794922,18500,0.0,0.0
2025-09-17 00:00:00-04:00,21.643947874366646,21.710691032740037,21.4437165806318,21.519994735717773,15000,0.0,0.0
2025-09-18 00:00:00-04:00,21.491391612639816,21.691621088211342,21.37697347044561,21.6248779296875,13500,0.0,0.0
2025-09-19 00:00:00-04:00,21.643948406977287,21.65348158530979,21.453252105262404,21.59627342224121,9200,0.0,0.0
2025-09-22 00:00:00-04:00,21.624878780507338,21.67541262843295,21.386509308620997,21.472322463989258,20700,0.0,0.0
2025-09-23 00:00:00-04:00,21.405578889089924,21.424647064325054,21.157674424886117,21.281625747680664,20500,0.0,0.0
2025-09-24 00:00:00-04:00,21.233951408021046,21.348367727566618,21.129068266258763,21.243486404418945,14000,0.0,0.0
2025-09-25 00:00:00-04:00,21.281624410597345,21.348367566263736,21.138603102938706,21.253021240234375,8400,0.0,0.0
2025-09-26 00:00:00-04:00,21.176741429633648,21.262554578600135,21.124301677367118,21.243486404418945,9200,0.0,0.0
2025-09-29 00:00:00-04:00,21.26255473939892,21.26255473939892,21.09093025878264,21.233951568603516,17900,0.0,0.0
2025-09-30 00:00:00-04:00,21.243487782761886,21.26255595818028,20.995583316175527,21.16720962524414,207000,0.0,0.0
2025-10-01 00:00:00-04:00,21.22441742974241,21.500925064086914,21.0909311109978,21.500925064086914,21000,0.0,0.0
2025-10-02 00:00:00-04:00,21.50092494407251,21.50092494407251,21.26255547986499,21.40557861328125,7600,0.0,0.0
2025-10-03 00:00:00-04:00,21.39604458455607,21.548600903062212,21.170068969213613,21.348369598388672,10900,0.0,0.0
2025-10-06 00:00:00-04:00,21.262556602743164,21.338834762573242,21.235859337733377,21.338834762573242,15400,0.0,0.0
2025-10-07 00:00:00-04:00,21.33883363566681,21.433228830976955,21.195812320865233,21.40557861328125,12600,0.0,0.0
2025-10-08 00:00:00-04:00,21.4437165806318,21.519994735717773,21.35790342883325,21.519994735717773,28700,0.0,0.0
2025-10-09 00:00:00-04:00,21.519993558605606,21.59627170951927,21.3769722529693,21.481855392456055,15700,0.0,0.0
2025-10-10 00:00:00-04:00,21.50092490311844,21.720226191918805,21.38650857894099,21.510459899902344,30500,0.0,0.0
2025-10-13 00:00:00-04:00,21.51999352446041,21.68208482222159,21.462785366019574,21.58673667907715,10400,0.0,0.0
2025-10-14 00:00:00-04:00,21.634411820742304,21.634411820742304,21.548598673136006,21.57720184326172,15600,0.0,0.0
2025-10-15 00:00:00-04:00,21.634414672851562,21.643949670355347,21.53906651642856,21.634414672851562,10500,0.0,0.0
2025-10-16 00:00:00-04:00,21.63441255443526,21.643947551005386,21.40557809259614,21.539064407348633,10900,0.0,0.0
2025-10-17 00:00:00-04:00,21.605808049126672,21.615343045910574,21.510459899902344,21.510459899902344,16900,0.0,0.0
2025-10-20 00:00:00-04:00,21.596274271814703,21.729762415712283,21.51522952249723,21.65348243713379,7800,0.0,0.0
2025-10-21 00:00:00-04:00,21.710691613178437,21.710691613178437,21.51046031409038,21.701156616210938,4100,0.0,0.0
2025-10-22 00:00:00-04:00,21.758364401884158,21.758364401884158,21.40557861328125,21.40557861328125,9100,0.0,0.0
2025-10-23 00:00:00-04:00,21.615343783430163,21.682086944580078,21.443717472693383,21.682086944580078,12400,0.0,0.0
2025-10-24 00:00:00-04:00,21.68208576907288,21.786968912973443,21.57720262517232,21.64394760131836,10700,0.0,0.0
2025-10-27 00:00:00-04:00,21.758364941049138,21.834643098741104,21.61534362270354,21.691621780395508,8000,0.0,0.0
2025-10-28 00:00:00-04:00,21.77743296536603,21.77743296536603,21.567668505339917,21.58673667907715,6100,0.0,0.0
2025-10-29 00:00:00-04:00,21.596273214025075,21.807945415814213,21.500925064086914,21.500925064086914,8000,0.0,0.0
2025-10-30 00:00:00-04:00,21.586737571584624,21.63441255443526,21.500924421068124,21.539064407348633,14500,0.0,0.0
2025-10-31 00:00:00-04:00,21.596273214025075,21.643948198301505,21.500925064086914,21.500925064086914,3600,0.0,0.0
2025-11-03 00:00:00-05:00,21.63441254237319,21.63441254237319,21.310229933628193,21.329299926757812,21600,0.0,0.0
2025-11-04 00:00:00-05:00,21.338833104707984,21.50187918176721,21.310229933628193,21.329299926757812,17000,0.0,0.0
2025-11-05 00:00:00-05:00,21.41511175067801,21.539064890254046,21.329300416852266,21.510459899902344,6700,0.0,0.0
2025-11-06 00:00:00-05:00,21.577203262224028,21.586738259097835,21.37697378371821,21.39604377746582,13300,0.0,0.0
2025-11-07 00:00:00-05:00,21.529530258605146,21.529530258605146,21.367438947759165,21.38650894165039,1800,0.0,0.0
2025-11-10 00:00:00-05:00,21.45325082804907,21.491390813567282,21.376972675627258,21.43608856201172,3400,0.0,0.0
2025-11-11 00:00:00-05:00,21.44371792452492,21.682087401434195,21.376974761968686,21.50950813293457,11600,0.0,0.0
2025-11-12 00:00:00-05:00,21.596272679481192,21.682085830440048,21.424646377563477,21.424646377563477,5200,0.0,0.0
2025-11-13 00:00:00-05:00,21.49139241356722,21.500925592041895,21.33883427875128,21.36743927001953,13100,0.0,0.0
2025-11-14 00:00:00-05:00,21.453250885009766,21.511413817495082,21.453250885009766,21.453250885009766,3600,0.0,0.0
2025-11-17 00:00:00-05:00,21.50092494407251,21.510459940874572,21.357903629270936,21.40557861328125,15200,0.0,0.0
2025-11-18 00:00:00-05:00,21.396044746406886,21.443717914320143,21.28162659735438,21.338834762573242,9600,0.0,0.0
2025-11-19 00:00:00-05:00,21.39604442284977,21.424647595719264,21.348369437042685,21.3579044342041,11100,0.0,0.0
2025-11-20 00:00:00-05:00,21.3674383179514,21.409391939552563,20.919304386404704,21.1004638671875,21800,0.0,0.0
2025-11-21 00:00:00-05:00,21.167207468931622,21.338831941902047,21.167207468931622,21.176740646362305,13000,0.0,0.0
2025-11-24 00:00:00-05:00,21.281626070188636,21.424647389000413,21.21297518245768,21.262556076049805,8700,0.0,0.0
2025-11-25 00:00:00-05:00,21.310229022443842,21.424645339100067,21.310229022443842,21.35504150390625,9000,0.0,0.0
2025-11-26 00:00:00-05:00,21.424646788270692,21.424646788270692,21.30164842116904,21.40557861328125,21100,0.0,0.0
2025-11-28 00:00:00-05:00,21.485008954710825,21.601247822638086,21.485008954710825,21.567344665527344,2400,0.352,0.0
2025-12-01 00:00:00-05:00,21.50438193170147,21.562501363547486,21.432699389921847,21.552814483642578,11400,0.0,0.0
2025-12-02 00:00:00-05:00,21.56250319809685,21.620622634887695,21.456917491458476,21.620622634887695,14900,0.0,0.0
2025-12-03 00:00:00-05:00,21.6690559562159,21.68842786912288,21.46563516623294,21.594467163085938,14400,0.0,0.0
2025-12-04 00:00:00-05:00,21.659367491953933,21.698113162517792,21.572187423706055,21.572187423706055,2700,0.0,0.0
2025-12-05 00:00:00-05:00,21.504384023972214,21.669057303210675,21.504384023972214,21.65937042236328,6800,0.0,0.0
2025-12-08 00:00:00-05:00,21.56250220000751,21.62062163410811,21.223468780517578,21.223468780517578,25600,0.0,0.0
2025-12-09 00:00:00-05:00,21.2651196817499,21.310647832124506,20.458222731776225,20.516342163085938,93300,0.0,0.0
2025-12-10 00:00:00-05:00,20.487281861845954,20.76432145590969,20.487281861845954,20.729448318481445,18500,0.0,0.0
2025-12-11 00:00:00-05:00,20.632582171941525,20.874748638032777,20.53571706357183,20.777883529663086,20200,0.0,0.0
2025-12-12 00:00:00-05:00,20.768195907083754,20.78853780082442,20.593835762116072,20.66164207458496,16200,0.0,0.0
2025-12-15 00:00:00-05:00,20.75851039776209,20.75851039776209,20.535717685629454,20.65195655822754,11500,0.0,0.0
2025-12-16 00:00:00-05:00,20.681016042557413,20.681016042557413,20.3322957491155,20.458223342895508,45500,0.0,0.0
2025-12-17 00:00:00-05:00,20.48728132189151,20.584148271509406,20.409788131713867,20.409788131713867,42600,0.0,0.0
2025-12-18 00:00:00-05:00,20.535716639244566,20.65195550591977,20.41947592498589,20.598678588867188,14500,0.0,0.0
2025-12-19 00:00:00-05:00,20.579307376397637,20.777883807342942,20.53765360556183,20.748823165893555,32800,0.0,0.0
2025-12-22 00:00:00-05:00,20.787568018574042,20.816628658874752,20.642268512237422,20.76819610595703,7800,0.0,0.0
2025-12-23 00:00:00-05:00,20.651955194577486,20.826315339545168,20.64226831457001,20.66164207458496,32700,0.0,0.0
2025-12-24 00:00:00-05:00,20.729448255212777,20.729448255212777,20.487281799316406,20.487281799316406,8000,0.0,0.0
2025-12-26 00:00:00-05:00,20.584148541885774,20.584148541885774,20.448535919189453,20.448535919189453,800,0.0,0.0
2025-12-29 00:00:00-05:00,20.458223352416123,20.458223352416123,20.235428805067073,20.39041519165039,26900,0.0,0.0
2025-12-30 00:00:00-05:00,20.332296914505907,20.42916387352341,20.332296914505907,20.341983795166016,34200,0.0,0.0
2025-12-31 00:00:00-05:00,20.341984450833476,20.526031494140625,20.341984450833476,20.526031494140625,25000,0.0,0.0
2026-01-02 00:00:00-05:00,20.574461934041405,20.729448318481445,20.574461934041405,20.729448318481445,4900,0.0,0.0
2026-01-05 00:00:00-05:00,20.73913621377621,20.92318324715288,20.67132989821205,20.81662940979004,14900,0.0,0.0
2026-01-06 00:00:00-05:00,20.816628046332266,20.952240668578163,20.70038918371676,20.82631492614746,20900,0.0,0.0
2026-01-07 00:00:00-05:00,20.894122256880248,20.923182897743956,20.70039019387269,20.913496017456055,10400,0.0,0.0
2026-01-08 00:00:00-05:00,20.913495820664767,20.98130213445855,20.78756822569048,20.806941986083984,17100,0.0,0.0
2026-01-09 00:00:00-05:00,20.874748299877762,20.903808940468018,20.78756822569048,20.806941986083984,5200,0.0,0.0
2026-01-12 00:00:00-05:00,20.79725638137991,20.96192965965711,20.79725638137991,20.932870864868164,8100,0.0,0.0
2026-01-13 00:00:00-05:00,21.010362831940583,21.072356648267483,20.918338393614,21.049108505249023,12200,0.0,0.0
2026-01-14 00:00:00-05:00,21.049107551725612,21.2525283320263,20.98420748951344,21.20409393310547,7800,0.0,0.0
2026-01-15 00:00:00-05:00,21.252529764673554,21.42688991737548,21.18956596562374,21.42301368713379,21200,0.0,0.0
2026-01-16 00:00:00-05:00,21.30096284464503,21.44626235961914,21.30096284464503,21.44626235961914,18200,0.0,0.0
2026-01-20 00:00:00-05:00,21.388141908960797,21.446261342677815,21.310648714810284,21.359081268310547,21500,0.0,0.0
2026-01-21 00:00:00-05:00,21.340678501141902,21.46176173821759,21.340678501141902,21.44626235961914,6700,0.0,0.0
2026-01-22 00:00:00-05:00,21.50438193170147,21.591562003262204,21.44626065227203,21.552814483642578,5800,0.0,0.0
2026-01-23 00:00:00-05:00,21.562501907348633,21.562501907348633,21.509224990319726,21.562501907348633,1700,0.0,0.0
2026-01-26 00:00:00-05:00,21.57218878749784,21.649681981108028,21.514067506602593,21.562501907348633,3400,0.0,0.0
2026-01-27 00:00:00-05:00,21.475321017403957,21.620620518952908,21.475321017403957,21.58187484741211,9000,0.0,0.0
2026-01-28 00:00:00-05:00,21.60124758036199,21.60124758036199,21.552815027199426,21.562501907348633,4400,0.0,0.0
2026-01-29 00:00:00-05:00,21.581876915450284,21.581876915450284,21.36876923501338,21.378456115722656,28400,0.0,0.0
2026-01-30 00:00:00-05:00,21.378456189441337,21.41720371241205,21.252530434953687,21.310649871826172,38600,0.0,0.0
2026-02-02 00:00:00-05:00,21.310648714810284,21.467573218188058,21.310648714810284,21.359081268310547,5100,0.0,0.0
2026-02-03 00:00:00-05:00,21.378456189441337,21.475323149284538,21.223469792725652,21.310649871826172,24900,0.0,0.0
2026-02-04 00:00:00-05:00,21.2331551168766,21.417202142327927,21.12660128410213,21.213781356811523,17100,0.0,0.0
2026-02-05 00:00:00-05:00,21.262216567993164,21.3106491224198,21.18956588876969,21.262216567993164,10900,0.0,0.0
2026-02-06 00:00:00-05:00,21.262216773720617,21.35908188351113,21.262216773720617,21.300962448120117,4100,0.0,0.0
2026-02-09 00:00:00-05:00,21.34939715862217,21.359082191674123,21.18472388298548,21.244779586791992,12000,0.0,0.0
2026-02-10 00:00:00-05:00,21.27190289058536,21.44626305322682,21.27190289058536,21.320337295532227,10500,0.0,0.0
2026-02-11 00:00:00-05:00,21.407515589410608,21.504382543632705,21.320335515369067,21.49469566345215,16800,0.0,0.0
2026-02-12 00:00:00-05:00,21.42204356226063,21.572187423706055,21.42204356226063,21.572187423706055,6000,0.0,0.0
2026-02-13 00:00:00-05:00,21.601249340687765,21.727176945306063,21.57219054545556,21.698116302490234,10300,0.0,0.0
2026-02-17 00:00:00-05:00,21.649683435245546,22.240568383367204,21.649683435245546,22.03714942932129,28500,0.0,0.0
2026-02-18 00:00:00-05:00,22.134014597599162,22.695840705415204,22.134014597599162,22.521480560302734,114100,0.0,0.0
2026-02-19 00:00:00-05:00,22.49242077545884,22.569913970945986,22.337434384484546,22.468204498291016,28400,0.0,0.0
2026-02-20 00:00:00-05:00,22.38586800367381,22.46336119645138,22.3471204834933,22.45367431640625,6100,0.0,0.0
2026-02-23 00:00:00-05:00,22.39555549621582,22.42461428956248,22.356807974975602,22.39555549621582,12600,0.0,0.0
2026-02-24 00:00:00-05:00,22.414927893092393,22.473049176207304,22.356808457561026,22.405241012573242,5900,0.0,0.0
2026-02-25 00:00:00-05:00,22.473049647037264,22.550542845230485,22.327748283789337,22.48273468017578,25300,0.0,0.0
2026-02-26 00:00:00-05:00,22.550542288197665,22.594132326578585,22.473049091918643,22.540855407714844,25800,0.0,0.0
2026-02-27 00:00:00-05:00,22.424795788608275,22.601833956175092,22.297918935441587,22.36578369140625,34600,0.352,0.0
2026-03-02 00:00:00-05:00,22.287100907105582,22.52315117862417,22.188746158315972,22.306772232055664,8300,0.0,0.0
2026-03-03 00:00:00-05:00,22.22808754035833,22.528068662873796,21.834670443600626,22.424795150756836,15200,0.0,0.0
2026-03-04 00:00:00-05:00,22.493644347493156,22.493644347493156,22.30677052667571,22.346111297607422,12200,0.0,0.0
2026-03-05 00:00:00-05:00,22.372668771071652,22.372668771071652,22.296936234708127,22.33627700805664,6600,0.0,0.0
2026-03-06 00:00:00-05:00,22.188744963703314,22.25759272136113,22.178909301757812,22.178909301757812,8800,0.0,0.0
2026-03-09 00:00:00-04:00,22.129732802105696,22.129732802105696,21.9330233157027,22.078588485717773,20600,0.0,0.0
2026-03-10 00:00:00-04:00,22.080557069454134,22.12186572523722,21.953678339879502,22.119897842407227,8700,0.0,0.0
2026-03-11 00:00:00-04:00,22.188744425716596,22.188744425716596,21.992036819458008,21.992036819458008,6600,0.0,0.0
2026-03-12 00:00:00-04:00,22.036297301539967,22.051049856751074,21.903518676757812,21.903518676757812,7200,0.0,0.0
2026-03-13 00:00:00-04:00,22.021542097993542,22.051049083341574,21.854339599609375,21.854339599609375,24900,0.0,0.0
2026-03-16 00:00:00-04:00,21.962531287252943,21.962531287252943,21.736316680908203,21.736316680908203,14100,0.0,0.0
2026-03-17 00:00:00-04:00,21.92318902935729,21.92318902935729,21.73631520913585,21.814998626708984,4600,0.0,0.0
2026-03-18 00:00:00-04:00,21.87401135918172,21.87401135918172,21.696973195486034,21.7559871673584,7000,0.0,0.0
2026-03-19 00:00:00-04:00,21.65763293101241,21.65763293101241,21.58878517150879,21.58878517150879,33800,0.0,0.0
2026-03-20 00:00:00-04:00,21.65763288021039,21.65763288021039,21.234708786010742,21.234708786010742,15700,0.0,0.0
2026-03-23 00:00:00-04:00,21.500266557010637,21.500266557010637,21.067506790161133,21.067506790161133,27400,0.0,0.0
2026-03-24 00:00:00-04:00,21.028163402345342,21.288803757528967,21.01832961622737,21.19536590576172,10300,0.0,0.0
2026-03-25 00:00:00-04:00,21.234708786010742,21.313392207538996,21.151106595409054,21.234708786010742,15800,0.0,0.0
2026-03-26 00:00:00-04:00,21.18553296897672,21.215038080434947,20.998659133911133,20.998659133911133,18600,0.0,0.0
2026-03-27 00:00:00-04:00,20.841292266089084,20.93964701476317,20.782278291308156,20.82162094116211,13700,0.0,0.0
2026-03-30 00:00:00-04:00,20.80194961623513,20.96915212619284,20.80194961623513,20.82162094116211,10600,0.0,0.0
2026-03-31 00:00:00-04:00,20.782277988271233,20.915056615651014,20.61507548075159,20.85112762451172,46600,0.0,0.0
2026-04-01 00:00:00-04:00,20.851126255532943,21.047833861137203,20.851126255532943,21.03799819946289,18900,0.0,0.0
2026-04-02 00:00:00-04:00,20.969150976927633,21.077341382135568,20.959315315003213,21.047834396362305,11000,0.0,0.0
2026-04-06 00:00:00-04:00,20.969151509653777,21.126518352521064,20.969151509653777,21.05767059326172,12100,0.0,0.0
2026-04-07 00:00:00-04:00,20.988822961469687,21.195366240502082,20.890468215090127,21.165861129760742,19400,0.0,0.0
2026-04-08 00:00:00-04:00,21.26421554031259,21.3625684091781,21.146189471328967,21.19536590576172,11200,0.0,0.0
2026-04-09 00:00:00-04:00,21.19536590576172,21.342898960981433,21.19536590576172,21.19536590576172,3900,0.0,0.0
2026-04-10 00:00:00-04:00,21.20520190273611,21.26913276927694,21.15602546752671,21.165861129760742,3200,0.0,0.0
2026-04-13 00:00:00-04:00,21.165860594846787,21.21503702881338,21.106846622934032,21.156024932861328,1500,0.0,0.0
2026-04-14 00:00:00-04:00,21.237659267778785,21.33306312561035,21.237659267778785,21.33306312561035,7300,0.0,0.0
2026-04-15 00:00:00-04:00,21.27404852044881,21.421581570079134,21.244543411291268,21.392074584960938,7600,0.0,0.0
2026-04-16 00:00:00-04:00,21.342898453809106,21.41174621076322,21.185531616210938,21.185531616210938,4900,0.0,0.0
2026-04-17 00:00:00-04:00,21.25437957492634,21.44125152387266,21.224872589111328,21.224872589111328,8400,0.0,0.0
2026-04-20 00:00:00-04:00,21.392075525546762,21.40191118768529,21.224873021113254,21.303556442260742,13100,0.0,0.0
2026-04-21 00:00:00-04:00,21.313392743985144,21.33306406885251,21.146190234534117,21.244544982910156,10400,0.0,0.0
2026-04-22 00:00:00-04:00,21.281919214119842,21.303556545352873,21.21503746163849,21.234708786010742,8200,0.0,0.0
2026-04-23 00:00:00-04:00,21.313391670595667,21.35273244238832,21.156024831503665,21.224872589111328,17100,0.0,0.0
2026-04-24 00:00:00-04:00,21.224872719584273,21.33306312561035,21.16586062355219,21.33306312561035,2100,0.0,0.0
2026-04-27 00:00:00-04:00,21.333063732583003,21.401911492572754,21.274049758911133,21.274049758911133,15000,0.0,0.0
2026-04-28 00:00:00-04:00,21.392075980172276,21.55927848815918,21.25438045922804,21.55927848815918,39700,0.0,0.0
2026-04-29 00:00:00-04:00,21.460923928568807,21.53960735207748,21.244544982910156,21.244544982910156,16000,0.0,0.0
2026-04-30 00:00:00-04:00,21.244545076733818,21.381257596032437,21.244545076733818,21.352733612060547,5100,0.0,0.0
2026-05-01 00:00:00-04:00,21.382238923254874,21.539605758630607,21.264214734703398,21.392074584960938,6600,0.0,0.0
2026-05-04 00:00:00-04:00,21.308474441717703,21.308474441717703,21.077341079711914,21.077341079711914,15000,0.0,0.0
2026-05-05 00:00:00-04:00,21.244543781055953,21.244543781055953,20.988822200129345,21.116682052612305,17000,0.0,0.0
2026-05-06 00:00:00-04:00,21.037999294209733,21.26028000692607,21.037999294209733,21.234708786010742,22600,0.0,0.0
2026-05-07 00:00:00-04:00,21.14618980529268,21.264215876140298,21.106847156356555,21.165861129760742,4000,0.0,0.0
2026-05-08 00:00:00-04:00,21.14618970229636,21.283885220980622,21.116682715737987,21.234708786010742,17300,0.0,0.0
2026-05-11 00:00:00-04:00,21.19536535180152,21.26913187748342,21.146188918654037,21.219955444335938,11800,0.0,0.0
2026-05-12 00:00:00-04:00,21.1363534777214,21.20520123523165,21.018329286549736,21.047834396362305,11800,0.0,0.0
2026-05-13 00:00:00-04:00,21.018329286549736,21.087177044059988,20.959315315003213,21.047834396362305,7900,0.0,0.0
2026-05-14 00:00:00-04:00,20.97898770430644,21.067506790161133,20.97898770430644,21.067506790161133,5700,0.0,0.0
2026-05-15 00:00:00-04:00,21.04783557031538,21.07734255773441,20.841292286264576,20.998659133911133,12600,0.0,0.0
2026-05-18 00:00:00-04:00,20.96915034085614,20.96915034085614,20.890466923808223,20.9298095703125,8400,0.0,0.0
2026-05-19 00:00:00-04:00,20.85112632069415,20.85112632069415,20.60524040594993,20.792112350463867,33200,0.0,0.0
2026-05-20 00:00:00-04:00,20.89046775982294,20.910139083862305,20.792113015586832,20.910139083862305,7900,0.0,0.0
2026-05-21 00:00:00-04:00,20.80194908205178,20.90030382820017,20.733101322536136,20.811784744262695,17800,0.0,0.0
2026-05-22 00:00:00-04:00,20.801948446202093,20.890467527433817,20.801948446202093,20.87079620361328,6300,0.0,0.0
2026-05-26 00:00:00-04:00,20.939646709431575,20.95931615811094,20.83145629987158,20.85112762451172,22100,0.0,0.0
2026-05-27 00:00:00-04:00,20.89046849306852,20.978987578391926,20.89046849306852,20.95931625366211,4400,0.0,0.0
2026-05-28 00:00:00-04:00,20.959314782029058,21.047833861137203,20.905219580800676,21.03799819946289,28100,0.0,0.0
2026-05-29 00:00:00-04:00,20.920000076293945,20.950000762939453,20.850000381469727,20.899999618530273,22200,0.352,0.0
2026-06-01 00:00:00-04:00,20.899999618530273,20.899999618530273,20.770000457763672,20.825000762939453,14100,0.0,0.0
2026-06-02 00:00:00-04:00,20.770000457763672,20.888999938964844,20.770000457763672,20.850000381469727,17100,0.0,0.0
2026-06-03 00:00:00-04:00,20.860000610351562,20.889999389648438,20.75,20.780000686645508,5900,0.0,0.0
2026-06-04 00:00:00-04:00,20.81999969482422,20.850000381469727,20.75,20.75,10400,0.0,0.0
2026-06-05 00:00:00-04:00,20.75,20.75,20.549999237060547,20.575000762939453,13500,0.0,0.0
2026-06-08 00:00:00-04:00,20.510000228881836,20.65999984741211,20.459999084472656,20.469999313354492,21700,0.0,0.0
2026-06-09 00:00:00-04:00,20.459999084472656,20.559999465942383,20.299999237060547,20.459999084472656,22100,0.0,0.0
2026-06-10 00:00:00-04:00,20.399999618530273,20.479999542236328,20.31999969482422,20.420000076293945,13100,0.0,0.0
2026-06-11 00:00:00-04:00,20.5,20.5,20.440000534057617,20.469999313354492,5200,0.0,0.0
2026-06-12 00:00:00-04:00,20.43000030517578,20.6299991607666,20.43000030517578,20.56999969482422,16300,0.0,0.0
2026-06-15 00:00:00-04:00,20.68000030517578,20.700000762939453,20.530000686645508,20.649999618530273,7600,0.0,0.0
2026-06-16 00:00:00-04:00,20.71500015258789,20.780000686645508,20.649999618530273,20.68000030517578,27900,0.0,0.0
2026-06-17 00:00:00-04:00,20.700000762939453,20.719999313354492,20.6200008392334,20.6200008392334,7900,0.0,0.0
2026-06-18 00:00:00-04:00,20.649999618530273,20.81399917602539,20.649999618530273,20.774999618530273,5000,0.0,0.0
2026-06-22 00:00:00-04:00,20.799999237060547,20.84000015258789,20.559999465942383,20.56999969482422,7900,0.0,0.0
2026-06-23 00:00:00-04:00,20.625,20.67300033569336,20.43000030517578,20.43000030517578,11000,0.0,0.0
2026-06-24 00:00:00-04:00,20.440000534057617,20.639999389648438,20.40999984741211,20.40999984741211,17500,0.0,0.0
2026-06-25 00:00:00-04:00,20.530000686645508,20.614999771118164,20.360000610351562,20.3700008392334,10700,0.0,0.0
2026-06-26 00:00:00-04:00,20.350000381469727,20.434999465942383,20.049999237060547,20.33799934387207,26600,0.0,0.0
2026-06-29 00:00:00-04:00,20.309999465942383,20.489999771118164,20.309999465942383,20.350000381469727,26000,0.0,0.0
2026-06-30 00:00:00-04:00,20.34000015258789,20.527000427246094,20.31999969482422,20.450000762939453,71500,0.0,0.0
2026-07-01 00:00:00-04:00,20.450000762939453,20.549999237060547,20.386999130249023,20.530000686645508,20600,0.0,0.0
2026-07-02 00:00:00-04:00,20.5,20.700000762939453,20.399999618530273,20.579999923706055,11800,0.0,0.0
2026-07-06 00:00:00-04:00,20.899999618530273,20.899999618530273,20.540000915527344,20.81999969482422,18800,0.0,0.0
2026-07-07 00:00:00-04:00,20.795000076293945,20.795000076293945,20.68000030517578,20.68000030517578,9100,0.0,0.0
2026-07-08 00:00:00-04:00,20.6299991607666,20.780000686645508,20.6200008392334,20.709999084472656,10200,0.0,0.0
2026-07-09 00:00:00-04:00,20.700000762939453,20.700000762939453,20.559999465942383,20.6299991607666,5400,0.0,0.0
2026-07-10 00:00:00-04:00,20.594999313354492,20.6299991607666,20.59000015258789,20.6299991607666,1100,0.0,0.0
2026-07-13 00:00:00-04:00,20.6299991607666,20.639999389648438,20.549999237060547,20.600000381469727,7600,0.0,0.0
2026-07-14 00:00:00-04:00,20.549999237060547,20.649999618530273,20.545000076293945,20.649999618530273,11100,0.0,0.0
2026-07-15 00:00:00-04:00,20.639999389648438,20.655000686645508,20.565000534057617,20.655000686645508,6100,0.0,0.0
2026-07-16 00:00:00-04:00,20.729999542236328,20.739900588989258,20.549999237060547,20.69099998474121,2183,0.0,0.0
