Date,Open,High,Low,Close,Volume,Dividends,Stock Splits
2022-01-03 00:00:00-05:00,121.12000274658203,123.12000274658203,118.26000213623047,122.80999755859375,67100,0.0,0.0
2022-01-04 00:00:00-05:00,122.52999877929688,122.69000244140625,117.77999877929688,120.76000213623047,192900,0.0,0.0
2022-01-05 00:00:00-05:00,120.69999694824219,124.87999725341797,118.0199966430664,118.81999969482422,128600,0.0,0.0
2022-01-06 00:00:00-05:00,118.31999969482422,118.94000244140625,114.55000305175781,117.4000015258789,111700,0.0,0.0
2022-01-07 00:00:00-05:00,116.91000366210938,119.98999786376953,114.30000305175781,118.77999877929688,103200,0.0,0.0
2022-01-10 00:00:00-05:00,116.63999938964844,122.62999725341797,115.08999633789062,122.19000244140625,109100,0.0,0.0
2022-01-11 00:00:00-05:00,122.6500015258789,125.5999984741211,122.16999816894531,124.06999969482422,94500,0.0,0.0
2022-01-12 00:00:00-05:00,123.72000122070312,124.61000061035156,120.97000122070312,121.13999938964844,88200,0.0,0.0
2022-01-13 00:00:00-05:00,120.9800033569336,121.22000122070312,116.11000061035156,116.33000183105469,116100,0.0,0.0
2022-01-14 00:00:00-05:00,116.27999877929688,116.69999694824219,112.20999908447266,115.01000213623047,134400,0.0,0.0
2022-01-18 00:00:00-05:00,113.04000091552734,114.29499816894531,112.1500015258789,112.58999633789062,81500,0.0,0.0
2022-01-19 00:00:00-05:00,112.5,115.62000274658203,110.80999755859375,110.83999633789062,64300,0.0,0.0
2022-01-20 00:00:00-05:00,111.12999725341797,114.9800033569336,109.33999633789062,109.33999633789062,125600,0.0,0.0
2022-01-21 00:00:00-05:00,108.23999786376953,112.66999816894531,107.68000030517578,110.62999725341797,143300,0.0,0.0
2022-01-24 00:00:00-05:00,109.01000213623047,118.23999786376953,108.24500274658203,118.08499908447266,169400,0.0,0.0
2022-01-25 00:00:00-05:00,116.19999694824219,117.22000122070312,110.75,112.08999633789062,164300,0.0,0.0
2022-01-26 00:00:00-05:00,113.19000244140625,115.97000122070312,110.29000091552734,111.1500015258789,140100,0.0,0.0
2022-01-27 00:00:00-05:00,112.56999969482422,114.53099822998047,108.88999938964844,108.9800033569336,74500,0.0,0.0
2022-01-28 00:00:00-05:00,108.62000274658203,111.52999877929688,106.87799835205078,111.52999877929688,143600,0.0,0.0
2022-01-31 00:00:00-05:00,111.97000122070312,116.75,111.97000122070312,115.26000213623047,148200,0.0,0.0
2022-02-01 00:00:00-05:00,115.97000122070312,117.41500091552734,112.51000213623047,116.7699966430664,153300,0.0,0.0
2022-02-02 00:00:00-05:00,116.81999969482422,117.83999633789062,114.9000015258789,116.12999725341797,130300,0.0,0.0
2022-02-03 00:00:00-05:00,114.23999786376953,116.75499725341797,111.37999725341797,111.61000061035156,79500,0.0,0.0
2022-02-04 00:00:00-05:00,112.37000274658203,116.58300018310547,111.61000061035156,115.45999908447266,69600,0.0,0.0
2022-02-07 00:00:00-05:00,115.0,118.9749984741211,114.81600189208984,116.41999816894531,73600,0.0,0.0
2022-02-08 00:00:00-05:00,118.5199966430664,122.16999816894531,116.8499984741211,120.77999877929688,110000,0.0,0.0
2022-02-09 00:00:00-05:00,121.94999694824219,125.0,120.91000366210938,124.98999786376953,88200,0.0,0.0
2022-02-10 00:00:00-05:00,122.23999786376953,124.54000091552734,119.83999633789062,121.08000183105469,92100,0.0,0.0
2022-02-11 00:00:00-05:00,121.58000183105469,123.77999877929688,118.62000274658203,119.69000244140625,64300,0.0,0.0
2022-02-14 00:00:00-05:00,119.87000274658203,121.13999938964844,117.05999755859375,118.70999908447266,85200,0.0,0.0
2022-02-15 00:00:00-05:00,121.1500015258789,121.83000183105469,118.87999725341797,121.08000183105469,89100,0.0,0.0
2022-02-16 00:00:00-05:00,120.4800033569336,120.4800033569336,117.16500091552734,119.08000183105469,83600,0.0,0.0
2022-02-17 00:00:00-05:00,117.80999755859375,117.80999755859375,113.20999908447266,113.7699966430664,119900,0.0,0.0
2022-02-18 00:00:00-05:00,113.9800033569336,115.66000366210938,112.625,113.37000274658203,302000,0.0,0.0
2022-02-22 00:00:00-05:00,112.41999816894531,114.72000122070312,110.87999725341797,111.69999694824219,95100,0.0,0.0
2022-02-23 00:00:00-05:00,112.80999755859375,112.80999755859375,107.27999877929688,107.29000091552734,102100,0.0,0.0
2022-02-24 00:00:00-05:00,103.62999725341797,113.0199966430664,103.62999725341797,112.62999725341797,141200,0.0,0.0
2022-02-25 00:00:00-05:00,113.52999877929688,114.68000030517578,108.9800033569336,112.9800033569336,126400,0.0,0.0
2022-02-28 00:00:00-05:00,111.43000030517578,113.8949966430664,109.61499786376953,113.13999938964844,162500,0.0,0.0
2022-03-01 00:00:00-05:00,113.5,119.43000030517578,113.5,116.31999969482422,238200,0.0,0.0
2022-03-02 00:00:00-05:00,117.37000274658203,118.13999938964844,113.88999938964844,117.80000305175781,103200,0.0,0.0
2022-03-03 00:00:00-05:00,117.68000030517578,118.0,114.08999633789062,115.43000030517578,110900,0.0,0.0
2022-03-04 00:00:00-05:00,115.25,115.25,111.01000213623047,114.47000122070312,91000,0.0,0.0
2022-03-07 00:00:00-05:00,114.72000122070312,117.0,111.73999786376953,114.87999725341797,131900,0.0,0.0
2022-03-08 00:00:00-05:00,114.62999725341797,117.51000213623047,110.51699829101562,114.68000030517578,96600,0.0,0.0
2022-03-09 00:00:00-05:00,116.7699966430664,123.44999694824219,115.93499755859375,120.12999725341797,153700,0.0,0.0
2022-03-10 00:00:00-05:00,118.06999969482422,119.4800033569336,114.91999816894531,117.16999816894531,71500,0.0,0.0
2022-03-11 00:00:00-05:00,118.33000183105469,118.33000183105469,114.29000091552734,114.86000061035156,49200,0.0,0.0
2022-03-14 00:00:00-04:00,114.58999633789062,116.37000274658203,110.25,110.44000244140625,105100,0.0,0.0
2022-03-15 00:00:00-04:00,111.68000030517578,112.55000305175781,108.54000091552734,109.44999694824219,135000,0.0,0.0
2022-03-16 00:00:00-04:00,110.12999725341797,112.47000122070312,106.7300033569336,110.61000061035156,197400,0.0,0.0
2022-03-17 00:00:00-04:00,110.66999816894531,112.68000030517578,110.0199966430664,111.66999816894531,213200,0.0,0.0
2022-03-18 00:00:00-04:00,111.83999633789062,114.2300033569336,110.88999938964844,111.98999786376953,431100,0.0,0.0
2022-03-21 00:00:00-04:00,112.0,113.30000305175781,110.70500183105469,111.86000061035156,128900,0.0,0.0
2022-03-22 00:00:00-04:00,112.30999755859375,114.33999633789062,111.21499633789062,114.01000213623047,140300,0.0,0.0
2022-03-23 00:00:00-04:00,113.02999877929688,113.02999877929688,109.5999984741211,112.13999938964844,130400,0.0,0.0
2022-03-24 00:00:00-04:00,112.30999755859375,113.0999984741211,108.48500061035156,112.86000061035156,105500,0.0,0.0
2022-03-25 00:00:00-04:00,113.0,113.0,109.2300033569336,111.47000122070312,93900,0.0,0.0
2022-03-28 00:00:00-04:00,111.16000366210938,113.52799987792969,110.58000183105469,113.3499984741211,93800,0.0,0.0
2022-03-29 00:00:00-04:00,114.55999755859375,117.05999755859375,114.41999816894531,114.68000030517578,156200,0.0,0.0
2022-03-30 00:00:00-04:00,114.5199966430664,115.66999816894531,111.25,113.30000305175781,158100,0.0,0.0
2022-03-31 00:00:00-04:00,112.19000244140625,114.29000091552734,109.83000183105469,113.20999908447266,217800,0.0,0.0
2022-04-01 00:00:00-04:00,113.1500015258789,115.75,113.1500015258789,115.45999908447266,134800,0.0,0.0
2022-04-04 00:00:00-04:00,115.19000244140625,118.66000366210938,115.19000244140625,116.72000122070312,119800,0.0,0.0
2022-04-05 00:00:00-04:00,117.13999938964844,119.29000091552734,113.33999633789062,113.87000274658203,119300,0.0,0.0
2022-04-06 00:00:00-04:00,112.4000015258789,112.96499633789062,110.08499908447266,112.0,103800,0.0,0.0
2022-04-07 00:00:00-04:00,112.2300033569336,114.04000091552734,110.11000061035156,111.01000213623047,90500,0.0,0.0
2022-04-08 00:00:00-04:00,115.76000213623047,115.76000213623047,112.2249984741211,112.73999786376953,182000,0.0,0.0
2022-04-11 00:00:00-04:00,111.7699966430664,115.1500015258789,111.02999877929688,114.08999633789062,109100,0.0,0.0
2022-04-12 00:00:00-04:00,115.08999633789062,117.80000305175781,112.68499755859375,112.95999908447266,96500,0.0,0.0
2022-04-13 00:00:00-04:00,112.9800033569336,116.83000183105469,112.26000213623047,115.88999938964844,80000,0.0,0.0
2022-04-14 00:00:00-04:00,116.58999633789062,116.58999633789062,112.79000091552734,112.98999786376953,55700,0.0,0.0
2022-04-18 00:00:00-04:00,112.47000122070312,112.88999938964844,108.4000015258789,109.97000122070312,79000,0.0,0.0
2022-04-19 00:00:00-04:00,109.66999816894531,113.95999908447266,109.18000030517578,111.83000183105469,142200,0.0,0.0
2022-04-20 00:00:00-04:00,112.0999984741211,112.43000030517578,109.44000244140625,111.83000183105469,130600,0.0,0.0
2022-04-21 00:00:00-04:00,113.01000213623047,113.01000213623047,107.25,109.0999984741211,143400,0.0,0.0
2022-04-22 00:00:00-04:00,108.86000061035156,110.27999877929688,107.54000091552734,108.87999725341797,141500,0.0,0.0
2022-04-25 00:00:00-04:00,108.08999633789062,112.69000244140625,108.08999633789062,112.69000244140625,150600,0.0,0.0
2022-04-26 00:00:00-04:00,112.12000274658203,112.12000274658203,105.36000061035156,105.4000015258789,155000,0.0,0.0
2022-04-27 00:00:00-04:00,105.77999877929688,108.23500061035156,102.86000061035156,103.08999633789062,123000,0.0,0.0
2022-04-28 00:00:00-04:00,103.80000305175781,107.29000091552734,102.73999786376953,106.16000366210938,117600,0.0,0.0
2022-04-29 00:00:00-04:00,105.02999877929688,107.11000061035156,103.43000030517578,103.86000061035156,131100,0.0,0.0
2022-05-02 00:00:00-04:00,104.0199966430664,106.37999725341797,103.25499725341797,104.44000244140625,109400,0.0,0.0
2022-05-03 00:00:00-04:00,104.05999755859375,105.80500030517578,102.51499938964844,102.77999877929688,84700,0.0,0.0
2022-05-04 00:00:00-04:00,102.9000015258789,107.33999633789062,100.94999694824219,106.61000061035156,120200,0.0,0.0
2022-05-05 00:00:00-04:00,105.06999969482422,106.45999908447266,101.70999908447266,104.11000061035156,183100,0.0,0.0
2022-05-06 00:00:00-04:00,103.8499984741211,107.48999786376953,100.69999694824219,104.2699966430664,212300,0.0,0.0
2022-05-09 00:00:00-04:00,102.66999816894531,102.83000183105469,99.62999725341797,99.75,282300,0.0,0.0
2022-05-10 00:00:00-04:00,95.01000213623047,95.73500061035156,79.9229965209961,85.83999633789062,616700,0.0,0.0
2022-05-11 00:00:00-04:00,85.83999633789062,87.63999938964844,81.79499816894531,82.26000213623047,231500,0.0,0.0
2022-05-12 00:00:00-04:00,81.05999755859375,89.0999984741211,80.87999725341797,88.58999633789062,172300,0.0,0.0
2022-05-13 00:00:00-04:00,90.02999877929688,94.9800033569336,90.02999877929688,93.91000366210938,145700,0.0,0.0
2022-05-16 00:00:00-04:00,92.61000061035156,93.80999755859375,89.38999938964844,89.76000213623047,116100,0.0,0.0
2022-05-17 00:00:00-04:00,91.68000030517578,92.04000091552734,85.75,87.33000183105469,157400,0.0,0.0
2022-05-18 00:00:00-04:00,85.73999786376953,88.11000061035156,84.15499877929688,85.86000061035156,112200,0.0,0.0
2022-05-19 00:00:00-04:00,85.27999877929688,93.5199966430664,85.27999877929688,93.29000091552734,164000,0.0,0.0
2022-05-20 00:00:00-04:00,94.52999877929688,97.4800033569336,93.62999725341797,97.33999633789062,173100,0.0,0.0
2022-05-23 00:00:00-04:00,98.37000274658203,99.81999969482422,93.44999694824219,98.8499984741211,134400,0.0,0.0
2022-05-24 00:00:00-04:00,97.5,98.16000366210938,95.0999984741211,97.66999816894531,116200,0.0,0.0
2022-05-25 00:00:00-04:00,96.69000244140625,101.93000030517578,96.69000244140625,101.45999908447266,105700,0.0,0.0
2022-05-26 00:00:00-04:00,101.9800033569336,105.3499984741211,101.41000366210938,104.31999969482422,190800,0.0,0.0
2022-05-27 00:00:00-04:00,105.16000366210938,108.44999694824219,105.16000366210938,107.87999725341797,94100,0.0,0.0
2022-05-31 00:00:00-04:00,106.73999786376953,107.9000015258789,99.37999725341797,100.18000030517578,237100,0.0,0.0
2022-06-01 00:00:00-04:00,101.63999938964844,103.47000122070312,99.08000183105469,102.68000030517578,132100,0.0,0.0
2022-06-02 00:00:00-04:00,102.47000122070312,105.30999755859375,101.73999786376953,104.33999633789062,118800,0.0,0.0
2022-06-03 00:00:00-04:00,103.22000122070312,103.37000274658203,99.83999633789062,101.7699966430664,92100,0.0,0.0
2022-06-06 00:00:00-04:00,103.30000305175781,105.44000244140625,98.9800033569336,99.33000183105469,84400,0.0,0.0
2022-06-07 00:00:00-04:00,98.2300033569336,100.25499725341797,97.30000305175781,98.7300033569336,76000,0.0,0.0
2022-06-08 00:00:00-04:00,98.7300033569336,99.47000122070312,97.36000061035156,97.91999816894531,72800,0.0,0.0
2022-06-09 00:00:00-04:00,97.45999908447266,97.7699966430664,94.33000183105469,95.0199966430664,107600,0.0,0.0
2022-06-10 00:00:00-04:00,93.23999786376953,94.1500015258789,91.81999969482422,93.68000030517578,78900,0.0,0.0
2022-06-13 00:00:00-04:00,91.41999816894531,91.87000274658203,87.88999938964844,88.22000122070312,209900,0.0,0.0
2022-06-14 00:00:00-04:00,88.55999755859375,90.45999908447266,86.0999984741211,86.51000213623047,148100,0.0,0.0
2022-06-15 00:00:00-04:00,87.95999908447266,91.77999877929688,87.95999908447266,89.5199966430664,135300,0.0,0.0
2022-06-16 00:00:00-04:00,87.44999694824219,88.44999694824219,85.51000213623047,87.4800033569336,123200,0.0,0.0
2022-06-17 00:00:00-04:00,87.5,92.11499786376953,87.5,91.41000366210938,207400,0.0,0.0
2022-06-21 00:00:00-04:00,92.27999877929688,94.55000305175781,91.66999816894531,91.68000030517578,94300,0.0,0.0
2022-06-22 00:00:00-04:00,90.33999633789062,93.66999816894531,89.12999725341797,93.30000305175781,81900,0.0,0.0
2022-06-23 00:00:00-04:00,94.19999694824219,99.12000274658203,94.0250015258789,98.83000183105469,90300,0.0,0.0
2022-06-24 00:00:00-04:00,100.19999694824219,102.30999755859375,100.19999694824219,101.20999908447266,266000,0.0,0.0
2022-06-27 00:00:00-04:00,101.44999694824219,101.44999694824219,96.5,96.98999786376953,97500,0.0,0.0
2022-06-28 00:00:00-04:00,97.25,97.38999938964844,92.62000274658203,93.11000061035156,75700,0.0,0.0
2022-06-29 00:00:00-04:00,93.16000366210938,94.05000305175781,91.22000122070312,91.97000122070312,75800,0.0,0.0
2022-06-30 00:00:00-04:00,90.8499984741211,91.56999969482422,86.72000122070312,90.63999938964844,115300,0.0,0.0
2022-07-01 00:00:00-04:00,90.41000366210938,94.0250015258789,89.9800033569336,93.75,135800,0.0,0.0
2022-07-05 00:00:00-04:00,92.16999816894531,96.29000091552734,91.93000030517578,96.12999725341797,95100,0.0,0.0
2022-07-06 00:00:00-04:00,96.69000244140625,99.93000030517578,94.22000122070312,98.5,144500,0.0,0.0
2022-07-07 00:00:00-04:00,98.52999877929688,99.97000122070312,98.52999877929688,99.83999633789062,95400,0.0,0.0
2022-07-08 00:00:00-04:00,99.11000061035156,101.68000030517578,98.2699966430664,100.55000305175781,64600,0.0,0.0
2022-07-11 00:00:00-04:00,100.38999938964844,102.48999786376953,97.7699966430664,98.45999908447266,95200,0.0,0.0
2022-07-12 00:00:00-04:00,98.8499984741211,98.8499984741211,91.87999725341797,92.66999816894531,106800,0.0,0.0
2022-07-13 00:00:00-04:00,90.9800033569336,92.90499877929688,90.45999908447266,92.16000366210938,40300,0.0,0.0
2022-07-14 00:00:00-04:00,91.0199966430664,95.49500274658203,89.58000183105469,93.06999969482422,66400,0.0,0.0
2022-07-15 00:00:00-04:00,95.26000213623047,96.61000061035156,94.16500091552734,96.05000305175781,74500,0.0,0.0
2022-07-18 00:00:00-04:00,96.87000274658203,100.33000183105469,93.6449966430664,94.25,76300,0.0,0.0
2022-07-19 00:00:00-04:00,95.5,96.57499694824219,94.44000244140625,95.9800033569336,80400,0.0,0.0
2022-07-20 00:00:00-04:00,96.0,100.98999786376953,95.08999633789062,98.83999633789062,143000,0.0,0.0
2022-07-21 00:00:00-04:00,98.44999694824219,101.18000030517578,98.44999694824219,101.18000030517578,56100,0.0,0.0
2022-07-22 00:00:00-04:00,101.9000015258789,102.0,98.1500015258789,99.22000122070312,66400,0.0,0.0
2022-07-25 00:00:00-04:00,99.51000213623047,99.51000213623047,97.45999908447266,98.1500015258789,67400,0.0,0.0
2022-07-26 00:00:00-04:00,97.5199966430664,97.5199966430664,95.25,95.73999786376953,40500,0.0,0.0
2022-07-27 00:00:00-04:00,96.45999908447266,100.50499725341797,96.45999908447266,100.01000213623047,85100,0.0,0.0
2022-07-28 00:00:00-04:00,99.9800033569336,104.73500061035156,99.73999786376953,103.98999786376953,87400,0.0,0.0
2022-07-29 00:00:00-04:00,102.01000213623047,102.93499755859375,96.72000122070312,101.80999755859375,145100,0.0,0.0
2022-08-01 00:00:00-04:00,101.6500015258789,103.91999816894531,96.12000274658203,102.5,92300,0.0,0.0
2022-08-02 00:00:00-04:00,101.70999908447266,105.25,101.70999908447266,103.70999908447266,102300,0.0,0.0
2022-08-03 00:00:00-04:00,104.20999908447266,106.37000274658203,102.83000183105469,106.05999755859375,58400,0.0,0.0
2022-08-04 00:00:00-04:00,105.72000122070312,107.0,104.9000015258789,107.0,76200,0.0,0.0
2022-08-05 00:00:00-04:00,105.86000061035156,109.0,104.87999725341797,108.41000366210938,73400,0.0,0.0
2022-08-08 00:00:00-04:00,108.2300033569336,110.05999755859375,107.05000305175781,107.16000366210938,71900,0.0,0.0
2022-08-09 00:00:00-04:00,107.08999633789062,107.08999633789062,104.0,106.5,86600,0.0,0.0
2022-08-10 00:00:00-04:00,109.12000274658203,112.12000274658203,109.12000274658203,111.91999816894531,76600,0.0,0.0
2022-08-11 00:00:00-04:00,112.5,113.97000122070312,108.9000015258789,109.9800033569336,116600,0.0,0.0
2022-08-12 00:00:00-04:00,110.11000061035156,112.3949966430664,109.13999938964844,112.19000244140625,92900,0.0,0.0
2022-08-15 00:00:00-04:00,111.7300033569336,113.62999725341797,111.5,112.95999908447266,119100,0.0,0.0
2022-08-16 00:00:00-04:00,111.87000274658203,111.87000274658203,109.04000091552734,110.37000274658203,64800,0.0,0.0
2022-08-17 00:00:00-04:00,109.5,109.52999877929688,107.73999786376953,108.83999633789062,55300,0.0,0.0
2022-08-18 00:00:00-04:00,109.55999755859375,110.3550033569336,107.77999877929688,109.6500015258789,37400,0.0,0.0
2022-08-19 00:00:00-04:00,108.95999908447266,108.95999908447266,106.51000213623047,107.02999877929688,89700,0.0,0.0
2022-08-22 00:00:00-04:00,106.05000305175781,106.8499984741211,103.9000015258789,106.4000015258789,105100,0.0,0.0
2022-08-23 00:00:00-04:00,106.26000213623047,108.76000213623047,106.26000213623047,106.88999938964844,63300,0.0,0.0
2022-08-24 00:00:00-04:00,106.3499984741211,108.5,102.6500015258789,106.51000213623047,54100,0.0,0.0
2022-08-25 00:00:00-04:00,107.56999969482422,107.98500061035156,106.23999786376953,107.19000244140625,47300,0.0,0.0
2022-08-26 00:00:00-04:00,107.12999725341797,107.12999725341797,104.18000030517578,105.0,67600,0.0,0.0
2022-08-29 00:00:00-04:00,105.58000183105469,105.58000183105469,102.01000213623047,102.01000213623047,103800,0.0,0.0
2022-08-30 00:00:00-04:00,102.52999877929688,103.0,100.01499938964844,101.48999786376953,100100,0.0,0.0
2022-08-31 00:00:00-04:00,102.73999786376953,103.94000244140625,100.06999969482422,101.37999725341797,262000,0.0,0.0
2022-09-01 00:00:00-04:00,100.5199966430664,101.16000366210938,97.2300033569336,98.05000305175781,125000,0.0,0.0
2022-09-02 00:00:00-04:00,99.31999969482422,99.45999908447266,95.93000030517578,96.44000244140625,73900,0.0,0.0
2022-09-06 00:00:00-04:00,96.58999633789062,96.6449966430664,93.76000213623047,94.02999877929688,102500,0.0,0.0
2022-09-07 00:00:00-04:00,94.2300033569336,97.5,93.0199966430664,97.16999816894531,66500,0.0,0.0
2022-09-08 00:00:00-04:00,95.8499984741211,97.98999786376953,95.54000091552734,97.98999786376953,67700,0.0,0.0
2022-09-09 00:00:00-04:00,98.68000030517578,101.57499694824219,97.95999908447266,100.68000030517578,69800,0.0,0.0
2022-09-12 00:00:00-04:00,100.86000061035156,102.30000305175781,100.67500305175781,101.48999786376953,82300,0.0,0.0
2022-09-13 00:00:00-04:00,98.68000030517578,98.94999694824219,97.08000183105469,97.76000213623047,81100,0.0,0.0
2022-09-14 00:00:00-04:00,97.94000244140625,99.02999877929688,96.30000305175781,98.66000366210938,81600,0.0,0.0
2022-09-15 00:00:00-04:00,99.75,101.63999938964844,97.52999877929688,101.62000274658203,127100,0.0,0.0
2022-09-16 00:00:00-04:00,99.72000122070312,102.80999755859375,99.3499984741211,102.36000061035156,253300,0.0,0.0
2022-09-19 00:00:00-04:00,102.0,104.11000061035156,100.63999938964844,103.83999633789062,77100,0.0,0.0
2022-09-20 00:00:00-04:00,103.13999938964844,104.5199966430664,98.98500061035156,100.2300033569336,93200,0.0,0.0
2022-09-21 00:00:00-04:00,100.97000122070312,103.01000213623047,99.52999877929688,99.87999725341797,55500,0.0,0.0
2022-09-22 00:00:00-04:00,99.16000366210938,99.70999908447266,96.33999633789062,98.7300033569336,72100,0.0,0.0
2022-09-23 00:00:00-04:00,98.13999938964844,100.13999938964844,96.24800109863281,99.77999877929688,82500,0.0,0.0
2022-09-26 00:00:00-04:00,99.87999725341797,104.98999786376953,99.87999725341797,103.83000183105469,126400,0.0,0.0
2022-09-27 00:00:00-04:00,104.05999755859375,105.0999984741211,102.30000305175781,103.7699966430664,87400,0.0,0.0
2022-09-28 00:00:00-04:00,103.7699966430664,105.86000061035156,102.6050033569336,105.0999984741211,117100,0.0,0.0
2022-09-29 00:00:00-04:00,105.08000183105469,111.04000091552734,103.87999725341797,109.4000015258789,124800,0.0,0.0
2022-09-30 00:00:00-04:00,108.5,110.6050033569336,104.58000183105469,104.72000122070312,186800,0.0,0.0
2022-10-03 00:00:00-04:00,105.48999786376953,108.70999908447266,104.58999633789062,108.26000213623047,128500,0.0,0.0
2022-10-04 00:00:00-04:00,109.83000183105469,111.12999725341797,107.75499725341797,109.0,196800,0.0,0.0
2022-10-05 00:00:00-04:00,107.97000122070312,110.5999984741211,107.33999633789062,109.91000366210938,109000,0.0,0.0
2022-10-06 00:00:00-04:00,109.61000061035156,113.63999938964844,108.45999908447266,113.44000244140625,159000,0.0,0.0
2022-10-07 00:00:00-04:00,112.16000366210938,114.32499694824219,109.20999908447266,112.13999938964844,308400,0.0,0.0
2022-10-10 00:00:00-04:00,112.0,112.93000030517578,108.55000305175781,112.75,232400,0.0,0.0
2022-10-11 00:00:00-04:00,113.30999755859375,114.33000183105469,108.97000122070312,111.5999984741211,193200,0.0,0.0
2022-10-12 00:00:00-04:00,112.0199966430664,112.0199966430664,109.36399841308594,110.79000091552734,65300,0.0,0.0
2022-10-13 00:00:00-04:00,108.79000091552734,108.79000091552734,104.80000305175781,106.08000183105469,303000,0.0,0.0
2022-10-14 00:00:00-04:00,106.95999908447266,107.19499969482422,102.76000213623047,102.76000213623047,151400,0.0,0.0
2022-10-17 00:00:00-04:00,104.58000183105469,105.11000061035156,102.95999908447266,104.0199966430664,167500,0.0,0.0
2022-10-18 00:00:00-04:00,105.63999938964844,106.13999938964844,102.79000091552734,104.97000122070312,140600,0.0,0.0
2022-10-19 00:00:00-04:00,104.55000305175781,104.91999816894531,100.13999938964844,102.20999908447266,114300,0.0,0.0
2022-10-20 00:00:00-04:00,102.3499984741211,103.5999984741211,100.02999877929688,100.79000091552734,97500,0.0,0.0
2022-10-21 00:00:00-04:00,101.2300033569336,101.2300033569336,95.25,97.77999877929688,145200,0.0,0.0
2022-10-24 00:00:00-04:00,98.19999694824219,98.19999694824219,94.7300033569336,95.4800033569336,105200,0.0,0.0
2022-10-25 00:00:00-04:00,96.68000030517578,101.19000244140625,96.32499694824219,100.91999816894531,118300,0.0,0.0
2022-10-26 00:00:00-04:00,100.91000366210938,105.2699966430664,98.47000122070312,101.87999725341797,235000,0.0,0.0
2022-10-27 00:00:00-04:00,102.02999877929688,106.87999725341797,102.02999877929688,106.31999969482422,153800,0.0,0.0
2022-10-28 00:00:00-04:00,111.16999816894531,123.56999969482422,111.16999816894531,122.48999786376953,492700,0.0,0.0
2022-10-31 00:00:00-04:00,121.70999908447266,126.04000091552734,119.92500305175781,125.37000274658203,229100,0.0,0.0
2022-11-01 00:00:00-04:00,126.61000061035156,127.72000122070312,122.68000030517578,124.33999633789062,271700,0.0,0.0
2022-11-02 00:00:00-04:00,124.3499984741211,127.73999786376953,119.11000061035156,119.5199966430664,293500,0.0,0.0
2022-11-03 00:00:00-04:00,118.48999786376953,122.05000305175781,117.1500015258789,122.0,163200,0.0,0.0
2022-11-04 00:00:00-04:00,122.4000015258789,122.4000015258789,111.41999816894531,114.26000213623047,207400,0.0,0.0
2022-11-07 00:00:00-05:00,115.0,115.3499984741211,111.41999816894531,111.9000015258789,131800,0.0,0.0
2022-11-08 00:00:00-05:00,112.80000305175781,115.22000122070312,111.33999633789062,114.5,150300,0.0,0.0
2022-11-09 00:00:00-05:00,114.5199966430664,114.98999786376953,111.8550033569336,113.69000244140625,76200,0.0,0.0
2022-11-10 00:00:00-05:00,118.62999725341797,123.5199966430664,118.62999725341797,120.70999908447266,230100,0.0,0.0
2022-11-11 00:00:00-05:00,121.70999908447266,122.26000213623047,119.79499816894531,119.91999816894531,109600,0.0,0.0
2022-11-14 00:00:00-05:00,118.76000213623047,120.2699966430664,116.33000183105469,116.44000244140625,78800,0.0,0.0
2022-11-15 00:00:00-05:00,118.66999816894531,122.20999908447266,118.16000366210938,121.9000015258789,123700,0.0,0.0
2022-11-16 00:00:00-05:00,121.48999786376953,122.86000061035156,120.48999786376953,122.44999694824219,71500,0.0,0.0
2022-11-17 00:00:00-05:00,120.77999877929688,120.98500061035156,116.62000274658203,118.05000305175781,103100,0.0,0.0
2022-11-18 00:00:00-05:00,120.0199966430664,120.0199966430664,117.54000091552734,119.13999938964844,68000,0.0,0.0
2022-11-21 00:00:00-05:00,118.2699966430664,118.5999984741211,114.79000091552734,115.23999786376953,67300,0.0,0.0
2022-11-22 00:00:00-05:00,115.93000030517578,117.375,113.58999633789062,116.97000122070312,52000,0.0,0.0
2022-11-23 00:00:00-05:00,117.0,118.77999877929688,116.21499633789062,116.9000015258789,40800,0.0,0.0
2022-11-25 00:00:00-05:00,116.7300033569336,117.88999938964844,115.8499984741211,115.94000244140625,21900,0.0,0.0
2022-11-28 00:00:00-05:00,116.02999877929688,116.02999877929688,113.2699966430664,113.62000274658203,55800,0.0,0.0
2022-11-29 00:00:00-05:00,112.7699966430664,113.61000061035156,109.9000015258789,110.4000015258789,62100,0.0,0.0
2022-11-30 00:00:00-05:00,109.44000244140625,114.70999908447266,109.44000244140625,114.08999633789062,137600,0.0,0.0
2022-12-01 00:00:00-05:00,115.05000305175781,118.79000091552734,114.7300033569336,118.1500015258789,77400,0.0,0.0
2022-12-02 00:00:00-05:00,116.9800033569336,120.06999969482422,114.87999725341797,120.04000091552734,69200,0.0,0.0
2022-12-05 00:00:00-05:00,118.56999969482422,118.71499633789062,114.12000274658203,116.05000305175781,82300,0.0,0.0
2022-12-06 00:00:00-05:00,116.3499984741211,116.3499984741211,111.5250015258789,112.31999969482422,55200,0.0,0.0
2022-12-07 00:00:00-05:00,112.08999633789062,113.19000244140625,109.88999938964844,110.20999908447266,62300,0.0,0.0
2022-12-08 00:00:00-05:00,110.22000122070312,111.6500015258789,108.8949966430664,110.41999816894531,66200,0.0,0.0
2022-12-09 00:00:00-05:00,110.0,110.48999786376953,107.4800033569336,107.56999969482422,68800,0.0,0.0
2022-12-12 00:00:00-05:00,106.80000305175781,109.81999969482422,105.87000274658203,109.05000305175781,78500,0.0,0.0
2022-12-13 00:00:00-05:00,110.83000183105469,115.81999969482422,110.69999694824219,112.3499984741211,93600,0.0,0.0
2022-12-14 00:00:00-05:00,112.86000061035156,115.9000015258789,112.54000091552734,114.94999694824219,86800,0.0,0.0
2022-12-15 00:00:00-05:00,113.0199966430664,114.45500183105469,107.5,107.9000015258789,81900,0.0,0.0
2022-12-16 00:00:00-05:00,107.25,108.3499984741211,105.47000122070312,106.43000030517578,210300,0.0,0.0
2022-12-19 00:00:00-05:00,107.0999984741211,107.30999755859375,104.76000213623047,105.81999969482422,93000,0.0,0.0
2022-12-20 00:00:00-05:00,105.0,106.88999938964844,104.22000122070312,105.31999969482422,80100,0.0,0.0
2022-12-21 00:00:00-05:00,105.94999694824219,108.19000244140625,104.79000091552734,107.91999816894531,125900,0.0,0.0
2022-12-22 00:00:00-05:00,107.41000366210938,107.41000366210938,104.97000122070312,106.1500015258789,72400,0.0,0.0
2022-12-23 00:00:00-05:00,106.02999877929688,106.02999877929688,103.91999816894531,104.58000183105469,47400,0.0,0.0
2022-12-27 00:00:00-05:00,104.44999694824219,104.44999694824219,101.13999938964844,102.12000274658203,105300,0.0,0.0
2022-12-28 00:00:00-05:00,102.27999877929688,104.0999984741211,100.19999694824219,100.22000122070312,85000,0.0,0.0
2022-12-29 00:00:00-05:00,101.55000305175781,104.62999725341797,100.99099731445312,104.5,86700,0.0,0.0
2022-12-30 00:00:00-05:00,103.8499984741211,106.05000305175781,102.12000274658203,105.37999725341797,88800,0.0,0.0
2023-01-03 00:00:00-05:00,106.4800033569336,108.375,105.94000244140625,107.16999816894531,86200,0.0,0.0
2023-01-04 00:00:00-05:00,108.22000122070312,111.19999694824219,106.31999969482422,111.0999984741211,90900,0.0,0.0
2023-01-05 00:00:00-05:00,110.5,110.58999633789062,106.37999725341797,106.98999786376953,80700,0.0,0.0
2023-01-06 00:00:00-05:00,108.4000015258789,111.44999694824219,104.81999969482422,111.31999969482422,107100,0.0,0.0
2023-01-09 00:00:00-05:00,112.93000030517578,115.1500015258789,111.5,112.06999969482422,106400,0.0,0.0
2023-01-10 00:00:00-05:00,112.16999816894531,115.76499938964844,110.9800033569336,115.6500015258789,82300,0.0,0.0
2023-01-11 00:00:00-05:00,115.6500015258789,118.30000305175781,113.2300033569336,114.88999938964844,85800,0.0,0.0
2023-01-12 00:00:00-05:00,115.94999694824219,119.70999908447266,112.4800033569336,119.70999908447266,72400,0.0,0.0
2023-01-13 00:00:00-05:00,119.0,120.22000122070312,117.0,119.58999633789062,91200,0.0,0.0
2023-01-17 00:00:00-05:00,119.5,121.55999755859375,116.8499984741211,119.20999908447266,86700,0.0,0.0
2023-01-18 00:00:00-05:00,120.63999938964844,121.04000091552734,116.6500015258789,117.16999816894531,66200,0.0,0.0
2023-01-19 00:00:00-05:00,116.04000091552734,117.30999755859375,113.11000061035156,113.93000030517578,108400,0.0,0.0
2023-01-20 00:00:00-05:00,115.25,116.18000030517578,113.29000091552734,116.13999938964844,80900,0.0,0.0
2023-01-23 00:00:00-05:00,116.08000183105469,117.80000305175781,114.76000213623047,116.83999633789062,67600,0.0,0.0
2023-01-24 00:00:00-05:00,117.22000122070312,119.73999786376953,114.97000122070312,119.06999969482422,71100,0.0,0.0
2023-01-25 00:00:00-05:00,118.04000091552734,118.19999694824219,110.88999938964844,113.0199966430664,125800,0.0,0.0
2023-01-26 00:00:00-05:00,113.36000061035156,115.4000015258789,110.94000244140625,114.94000244140625,85400,0.0,0.0
2023-01-27 00:00:00-05:00,112.75,112.75,102.84600067138672,106.01000213623047,537200,0.0,0.0
2023-01-30 00:00:00-05:00,104.86000061035156,113.74500274658203,104.39800262451172,113.41000366210938,218100,0.0,0.0
2023-01-31 00:00:00-05:00,113.56999969482422,115.1500015258789,110.30999755859375,112.33000183105469,165400,0.0,0.0
2023-02-01 00:00:00-05:00,113.2699966430664,119.06999969482422,110.25,116.9800033569336,146500,0.0,0.0
2023-02-02 00:00:00-05:00,119.0,121.5999984741211,113.0199966430664,119.45999908447266,93000,0.0,0.0
2023-02-03 00:00:00-05:00,117.2699966430664,120.69499969482422,116.95999908447266,117.55000305175781,80000,0.0,0.0
2023-02-06 00:00:00-05:00,116.62000274658203,117.9000015258789,115.62000274658203,116.44000244140625,58900,0.0,0.0
2023-02-07 00:00:00-05:00,116.08999633789062,122.36000061035156,114.69999694824219,122.12000274658203,119600,0.0,0.0
2023-02-08 00:00:00-05:00,121.5999984741211,125.83999633789062,121.12000274658203,124.56999969482422,110000,0.0,0.0
2023-02-09 00:00:00-05:00,125.91000366210938,127.62000274658203,124.08000183105469,124.23999786376953,85400,0.0,0.0
2023-02-10 00:00:00-05:00,123.05000305175781,126.04000091552734,122.56999969482422,124.30999755859375,72400,0.0,0.0
2023-02-13 00:00:00-05:00,124.4800033569336,127.5999984741211,123.87000274658203,125.80999755859375,94600,0.0,0.0
2023-02-14 00:00:00-05:00,125.43000030517578,128.83999633789062,125.43000030517578,126.58999633789062,73900,0.0,0.0
2023-02-15 00:00:00-05:00,125.41999816894531,130.1699981689453,125.30000305175781,129.8800048828125,94000,0.0,0.0
2023-02-16 00:00:00-05:00,128.1699981689453,131.11000061035156,126.31999969482422,127.86000061035156,74900,0.0,0.0
2023-02-17 00:00:00-05:00,127.83999633789062,131.74000549316406,125.44999694824219,131.52000427246094,184000,0.0,0.0
2023-02-21 00:00:00-05:00,130.0,130.32000732421875,126.9800033569336,128.9199981689453,190900,0.0,0.0
2023-02-22 00:00:00-05:00,129.22000122070312,131.39999389648438,126.76000213623047,127.66999816894531,168700,0.0,0.0
2023-02-23 00:00:00-05:00,129.13999938964844,131.3800048828125,126.11000061035156,131.24000549316406,126800,0.0,0.0
2023-02-24 00:00:00-05:00,129.24000549316406,131.97000122070312,127.5,130.44000244140625,109100,0.0,0.0
2023-02-27 00:00:00-05:00,130.74000549316406,133.4199981689453,129.58999633789062,132.02000427246094,116600,0.0,0.0
2023-02-28 00:00:00-05:00,131.5399932861328,135.80999755859375,130.3699951171875,132.05999755859375,164900,0.0,0.0
2023-03-01 00:00:00-05:00,132.77999877929688,134.63499450683594,128.3350067138672,129.74000549316406,152600,0.0,0.0
2023-03-02 00:00:00-05:00,128.9499969482422,131.22000122070312,128.2899932861328,129.64999389648438,114200,0.0,0.0
2023-03-03 00:00:00-05:00,128.4600067138672,130.9600067138672,123.13999938964844,129.5800018310547,209500,0.0,0.0
2023-03-06 00:00:00-05:00,129.61000061035156,131.77999877929688,127.88999938964844,131.22999572753906,100200,0.0,0.0
2023-03-07 00:00:00-05:00,131.75,133.74000549316406,126.6500015258789,126.86000061035156,140200,0.0,0.0
2023-03-08 00:00:00-05:00,127.38999938964844,129.52000427246094,125.61000061035156,127.7300033569336,67000,0.0,0.0
2023-03-09 00:00:00-05:00,127.04000091552734,128.33999633789062,121.61000061035156,121.79000091552734,102200,0.0,0.0
2023-03-10 00:00:00-05:00,121.18000030517578,121.18000030517578,114.38999938964844,116.66000366210938,114700,0.0,0.0
2023-03-13 00:00:00-04:00,114.70999908447266,118.80000305175781,113.58000183105469,116.9000015258789,205500,0.0,0.0
2023-03-14 00:00:00-04:00,119.76000213623047,122.7699966430664,117.45999908447266,119.13999938964844,109300,0.0,0.0
2023-03-15 00:00:00-04:00,117.0999984741211,120.27999877929688,116.12999725341797,120.20999908447266,97300,0.0,0.0
2023-03-16 00:00:00-04:00,119.26000213623047,123.56999969482422,119.26000213623047,121.12999725341797,108400,0.0,0.0
2023-03-17 00:00:00-04:00,120.56999969482422,120.56999969482422,113.80999755859375,117.11000061035156,296900,0.0,0.0
2023-03-20 00:00:00-04:00,117.12999725341797,118.12000274658203,115.63999938964844,117.9800033569336,94500,0.0,0.0
2023-03-21 00:00:00-04:00,119.83999633789062,120.44000244140625,117.41000366210938,120.44000244140625,88300,0.0,0.0
2023-03-22 00:00:00-04:00,119.98999786376953,120.45999908447266,116.19999694824219,116.56999969482422,125500,0.0,0.0
2023-03-23 00:00:00-04:00,116.91000366210938,119.06999969482422,115.73999786376953,118.0199966430664,101200,0.0,0.0
2023-03-24 00:00:00-04:00,117.80000305175781,118.93000030517578,115.26000213623047,118.61000061035156,104300,0.0,0.0
2023-03-27 00:00:00-04:00,119.30000305175781,120.79000091552734,116.53500366210938,119.94000244140625,113300,0.0,0.0
2023-03-28 00:00:00-04:00,119.30999755859375,120.69999694824219,118.44000244140625,120.1500015258789,95600,0.0,0.0
2023-03-29 00:00:00-04:00,120.87000274658203,122.2699966430664,119.6050033569336,122.05000305175781,104000,0.0,0.0
2023-03-30 00:00:00-04:00,122.97000122070312,123.80000305175781,121.55000305175781,123.30999755859375,123900,0.0,0.0
2023-03-31 00:00:00-04:00,123.94000244140625,126.73999786376953,123.0,124.4800033569336,166700,0.0,0.0
2023-04-03 00:00:00-04:00,124.61000061035156,127.86000061035156,123.5999984741211,127.58999633789062,103400,0.0,0.0
2023-04-04 00:00:00-04:00,128.17999267578125,129.60000610351562,125.78500366210938,126.76000213623047,92600,0.0,0.0
2023-04-05 00:00:00-04:00,125.5199966430664,126.1500015258789,121.20999908447266,123.13999938964844,115700,0.0,0.0
2023-04-06 00:00:00-04:00,122.4800033569336,125.75,121.08999633789062,125.48999786376953,66500,0.0,0.0
2023-04-10 00:00:00-04:00,124.4800033569336,127.27999877929688,123.76000213623047,127.0199966430664,92100,0.0,0.0
2023-04-11 00:00:00-04:00,127.2699966430664,128.19000244140625,125.01000213623047,127.73999786376953,83100,0.0,0.0
2023-04-12 00:00:00-04:00,128.63999938964844,128.63999938964844,125.7699966430664,126.62000274658203,72300,0.0,0.0
2023-04-13 00:00:00-04:00,127.44000244140625,129.58999633789062,125.80000305175781,128.67999267578125,52200,0.0,0.0
2023-04-14 00:00:00-04:00,127.86000061035156,129.74000549316406,126.22000122070312,128.10000610351562,71800,0.0,0.0
2023-04-17 00:00:00-04:00,128.2899932861328,129.97999572753906,127.80000305175781,129.6300048828125,54400,0.0,0.0
2023-04-18 00:00:00-04:00,130.92999267578125,131.07000732421875,129.52999877929688,130.02000427246094,55100,0.0,0.0
2023-04-19 00:00:00-04:00,129.0500030517578,132.33999633789062,127.83000183105469,131.88999938964844,100500,0.0,0.0
2023-04-20 00:00:00-04:00,131.66000366210938,132.84500122070312,127.51000213623047,129.77000427246094,107000,0.0,0.0
2023-04-21 00:00:00-04:00,129.3699951171875,133.8000030517578,129.0,133.22000122070312,67500,0.0,0.0
2023-04-24 00:00:00-04:00,132.3300018310547,133.77999877929688,129.41000366210938,131.83999633789062,97200,0.0,0.0
2023-04-25 00:00:00-04:00,130.3699951171875,131.5500030517578,124.33000183105469,124.47000122070312,110800,0.0,0.0
2023-04-26 00:00:00-04:00,124.43000030517578,126.12000274658203,124.0199966430664,124.86000061035156,89700,0.0,0.0
2023-04-27 00:00:00-04:00,124.45999908447266,128.9499969482422,123.36000061035156,128.85000610351562,159200,0.0,0.0
2023-04-28 00:00:00-04:00,135.6199951171875,148.1699981689453,134.31500244140625,139.6199951171875,435400,0.0,0.0
2023-05-01 00:00:00-04:00,139.0800018310547,141.55999755859375,136.5760040283203,139.94000244140625,145700,0.0,0.0
2023-05-02 00:00:00-04:00,139.5800018310547,139.8350067138672,137.52999877929688,137.52999877929688,75100,0.0,0.0
2023-05-03 00:00:00-04:00,138.0,140.47999572753906,136.51499938964844,136.63999938964844,77300,0.0,0.0
2023-05-04 00:00:00-04:00,135.8300018310547,137.88999938964844,133.8300018310547,133.88999938964844,75000,0.0,0.0
2023-05-05 00:00:00-04:00,135.3800048828125,138.61000061035156,134.1699981689453,137.13999938964844,72900,0.0,0.0
2023-05-08 00:00:00-04:00,136.66000366210938,138.27999877929688,134.57000732421875,137.82000732421875,60100,0.0,0.0
2023-05-09 00:00:00-04:00,136.69000244140625,141.88999938964844,136.69000244140625,140.30999755859375,142500,0.0,0.0
2023-05-10 00:00:00-04:00,141.85000610351562,143.5500030517578,140.0,142.63999938964844,106700,0.0,0.0
2023-05-11 00:00:00-04:00,142.33999633789062,144.3800048828125,141.1510009765625,143.75,65800,0.0,0.0
2023-05-12 00:00:00-04:00,143.30999755859375,144.57000732421875,140.3350067138672,141.3300018310547,90800,0.0,0.0
2023-05-15 00:00:00-04:00,140.80999755859375,142.39500427246094,140.2689971923828,141.66000366210938,198500,0.0,0.0
2023-05-16 00:00:00-04:00,140.82000732421875,141.75,139.55999755859375,139.82000732421875,45500,0.0,0.0
2023-05-17 00:00:00-04:00,139.49000549316406,142.97999572753906,139.49000549316406,142.1699981689453,70100,0.0,0.0
2023-05-18 00:00:00-04:00,142.32000732421875,145.88999938964844,142.25999450683594,144.58999633789062,134200,0.0,0.0
2023-05-19 00:00:00-04:00,145.69000244140625,145.69000244140625,143.10000610351562,143.58999633789062,58500,0.0,0.0
2023-05-22 00:00:00-04:00,144.1199951171875,146.9199981689453,144.1199951171875,145.3300018310547,65500,0.0,0.0
2023-05-23 00:00:00-04:00,144.72999572753906,148.0,141.9600067138672,142.89999389648438,80200,0.0,0.0
2023-05-24 00:00:00-04:00,141.75999450683594,143.05999755859375,140.82000732421875,141.82000732421875,62500,0.0,0.0
2023-05-25 00:00:00-04:00,142.97000122070312,143.91000366210938,139.68499755859375,140.5,81200,0.0,0.0
2023-05-26 00:00:00-04:00,140.5,146.19000244140625,140.0500030517578,142.8300018310547,68500,0.0,0.0
2023-05-30 00:00:00-04:00,143.6699981689453,145.8300018310547,139.82000732421875,140.49000549316406,55400,0.0,0.0
2023-05-31 00:00:00-04:00,140.14999389648438,143.82000732421875,138.49000549316406,143.14999389648438,247600,0.0,0.0
2023-06-01 00:00:00-04:00,142.97000122070312,144.9600067138672,139.72000122070312,144.4499969482422,59500,0.0,0.0
2023-06-02 00:00:00-04:00,145.4199981689453,160.33999633789062,145.36500549316406,159.8699951171875,247200,0.0,0.0
2023-06-05 00:00:00-04:00,158.33999633789062,159.0,154.30999755859375,155.0500030517578,175000,0.0,0.0
2023-06-06 00:00:00-04:00,153.91000366210938,156.69000244140625,152.80999755859375,155.52999877929688,158700,0.0,0.0
2023-06-07 00:00:00-04:00,155.4199981689453,158.0500030517578,153.3000030517578,156.0500030517578,98900,0.0,0.0
2023-06-08 00:00:00-04:00,156.0,163.05999755859375,155.55999755859375,162.1699981689453,147300,0.0,0.0
2023-06-09 00:00:00-04:00,162.08999633789062,165.16000366210938,160.94500732421875,162.3800048828125,78500,0.0,0.0
2023-06-12 00:00:00-04:00,163.80999755859375,175.4949951171875,163.80999755859375,173.82000732421875,226800,0.0,0.0
2023-06-13 00:00:00-04:00,173.94000244140625,176.10000610351562,171.58999633789062,173.17999267578125,146700,0.0,0.0
2023-06-14 00:00:00-04:00,172.22999572753906,174.25,169.3249969482422,173.82000732421875,145900,0.0,0.0
2023-06-15 00:00:00-04:00,171.72999572753906,176.3699951171875,171.47000122070312,175.64999389648438,211900,0.0,0.0
2023-06-16 00:00:00-04:00,178.10000610351562,178.10000610351562,172.97999572753906,173.24000549316406,152000,0.0,0.0
2023-06-20 00:00:00-04:00,171.24000549316406,174.2899932861328,171.24000549316406,172.6300048828125,115600,0.0,0.0
2023-06-21 00:00:00-04:00,171.57000732421875,172.22000122070312,168.3800048828125,169.80999755859375,143200,0.0,0.0
2023-06-22 00:00:00-04:00,168.91000366210938,169.25,166.16000366210938,167.3699951171875,141300,0.0,0.0
2023-06-23 00:00:00-04:00,164.75999450683594,177.94000244140625,164.2550048828125,166.02000427246094,200700,0.0,0.0
2023-06-26 00:00:00-04:00,165.1300048828125,167.32000732421875,162.32000732421875,162.7899932861328,149400,0.0,0.0
2023-06-27 00:00:00-04:00,163.91000366210938,168.71499633789062,162.86000061035156,167.0399932861328,86200,0.0,0.0
2023-06-28 00:00:00-04:00,166.83999633789062,170.10000610351562,165.3699951171875,169.41000366210938,67700,0.0,0.0
2023-06-29 00:00:00-04:00,169.1999969482422,171.97500610351562,168.3699951171875,170.7899932861328,53000,0.0,0.0
2023-06-30 00:00:00-04:00,172.42999267578125,173.9600067138672,169.23500061035156,172.13999938964844,142500,0.0,0.0
2023-07-03 00:00:00-04:00,171.14999389648438,173.64999389648438,169.82000732421875,172.8300018310547,49000,0.0,0.0
2023-07-05 00:00:00-04:00,171.94000244140625,173.02999877929688,170.75999450683594,172.67999267578125,66800,0.0,0.0
2023-07-06 00:00:00-04:00,170.1999969482422,171.59500122070312,168.77999877929688,170.77000427246094,54600,0.0,0.0
2023-07-07 00:00:00-04:00,170.50999450683594,173.66000366210938,170.00999450683594,171.72000122070312,80200,0.0,0.0
2023-07-10 00:00:00-04:00,170.8800048828125,175.93499755859375,170.8800048828125,174.92999267578125,45000,0.0,0.0
2023-07-11 00:00:00-04:00,175.0,176.82000732421875,173.8699951171875,176.55999755859375,72700,0.0,0.0
2023-07-12 00:00:00-04:00,178.10000610351562,182.66000366210938,177.61500549316406,182.36000061035156,84600,0.0,0.0
2023-07-13 00:00:00-04:00,183.02999877929688,188.0,182.4149932861328,186.27000427246094,126300,0.0,0.0
2023-07-14 00:00:00-04:00,185.50999450683594,189.39999389648438,184.9499969482422,188.49000549316406,79300,0.0,0.0
2023-07-17 00:00:00-04:00,187.86000061035156,194.5,187.5500030517578,193.16000366210938,111900,0.0,0.0
2023-07-18 00:00:00-04:00,192.66000366210938,194.44500732421875,189.89999389648438,193.9199981689453,118800,0.0,0.0
2023-07-19 00:00:00-04:00,193.75,195.89999389648438,189.10000610351562,192.94000244140625,104900,0.0,0.0
2023-07-20 00:00:00-04:00,192.64999389648438,192.97000122070312,186.57000732421875,187.50999450683594,89000,0.0,0.0
2023-07-21 00:00:00-04:00,189.47000122070312,192.05999755859375,183.50999450683594,183.97000122070312,145500,0.0,0.0
2023-07-24 00:00:00-04:00,183.6699981689453,184.36500549316406,180.1300048828125,182.77999877929688,154500,0.0,0.0
2023-07-25 00:00:00-04:00,182.41000366210938,186.5399932861328,182.0,183.91000366210938,174800,0.0,0.0
2023-07-26 00:00:00-04:00,183.8000030517578,184.5449981689453,176.82000732421875,178.00999450683594,151100,0.0,0.0
2023-07-27 00:00:00-04:00,180.0,182.0,175.03500366210938,175.82000732421875,164000,0.0,0.0
2023-07-28 00:00:00-04:00,178.99000549316406,183.69000244140625,174.72000122070312,179.38999938964844,194000,0.0,0.0
2023-07-31 00:00:00-04:00,179.8300018310547,183.69000244140625,178.38999938964844,180.58999633789062,100800,0.0,0.0
2023-08-01 00:00:00-04:00,179.94000244140625,184.97999572753906,178.08999633789062,184.1699981689453,135000,0.0,0.0
2023-08-02 00:00:00-04:00,183.6999969482422,183.6999969482422,173.14999389648438,174.25,112200,0.0,0.0
2023-08-03 00:00:00-04:00,173.5800018310547,176.0800018310547,171.42999267578125,175.17999267578125,75900,0.0,0.0
2023-08-04 00:00:00-04:00,175.5800018310547,176.64999389648438,173.0500030517578,175.52999877929688,91400,0.0,0.0
2023-08-07 00:00:00-04:00,177.0,179.77999877929688,173.4499969482422,177.8800048828125,116000,0.0,0.0
2023-08-08 00:00:00-04:00,175.57000732421875,177.47000122070312,173.52000427246094,175.16000366210938,82400,0.0,0.0
2023-08-09 00:00:00-04:00,175.30999755859375,175.36000061035156,172.22000122070312,173.9600067138672,82100,0.0,0.0
2023-08-10 00:00:00-04:00,175.4199981689453,175.9949951171875,170.47000122070312,172.61000061035156,73300,0.0,0.0
2023-08-11 00:00:00-04:00,171.83999633789062,176.42999267578125,171.75,172.44000244140625,145900,0.0,0.0
2023-08-14 00:00:00-04:00,170.9499969482422,173.86000061035156,169.43099975585938,169.91000366210938,63300,0.0,0.0
2023-08-15 00:00:00-04:00,169.27999877929688,170.47999572753906,165.77999877929688,166.91000366210938,51800,0.0,0.0
2023-08-16 00:00:00-04:00,167.02999877929688,167.82000732421875,164.49000549316406,164.69000244140625,50700,0.0,0.0
2023-08-17 00:00:00-04:00,167.5500030517578,170.24000549316406,165.47000122070312,166.99000549316406,130700,0.0,0.0
2023-08-18 00:00:00-04:00,164.94000244140625,170.97000122070312,164.76499938964844,166.9600067138672,215900,0.0,0.0
2023-08-21 00:00:00-04:00,172.4600067138672,188.6199951171875,172.4600067138672,185.16000366210938,349300,0.0,0.0
2023-08-22 00:00:00-04:00,185.27999877929688,186.88999938964844,181.89999389648438,183.72999572753906,247900,0.0,0.0
2023-08-23 00:00:00-04:00,184.75999450683594,186.8699951171875,182.84500122070312,184.97000122070312,136900,0.0,0.0
2023-08-24 00:00:00-04:00,185.9499969482422,186.97000122070312,181.55499267578125,182.36000061035156,72400,0.0,0.0
2023-08-25 00:00:00-04:00,182.30999755859375,185.375,181.0399932861328,183.82000732421875,122200,0.0,0.0
2023-08-28 00:00:00-04:00,188.5800018310547,196.6199951171875,187.47999572753906,194.69000244140625,257000,0.0,0.0
2023-08-29 00:00:00-04:00,192.58999633789062,196.8000030517578,191.57000732421875,191.8800048828125,148200,0.0,0.0
2023-08-30 00:00:00-04:00,192.0,195.7449951171875,191.97000122070312,192.17999267578125,135800,0.0,0.0
2023-08-31 00:00:00-04:00,192.2100067138672,195.91000366210938,191.7100067138672,192.77000427246094,390400,0.0,0.0
2023-09-01 00:00:00-04:00,196.5,201.91000366210938,193.42999267578125,193.82000732421875,209200,0.0,0.0
2023-09-05 00:00:00-04:00,193.3000030517578,197.2899932861328,192.5449981689453,196.83999633789062,261400,0.0,0.0
2023-09-06 00:00:00-04:00,196.3300018310547,197.6199951171875,193.0,194.24000549316406,233000,0.0,0.0
2023-09-07 00:00:00-04:00,192.1199951171875,195.82000732421875,190.5,195.57000732421875,184100,0.0,0.0
2023-09-08 00:00:00-04:00,196.38999938964844,200.22000122070312,192.83999633789062,193.10000610351562,152600,0.0,0.0
2023-09-11 00:00:00-04:00,194.1699981689453,195.38999938964844,187.80999755859375,190.00999450683594,214900,0.0,0.0
2023-09-12 00:00:00-04:00,188.75999450683594,190.55499267578125,186.42999267578125,186.99000549316406,103200,0.0,0.0
2023-09-13 00:00:00-04:00,186.07000732421875,187.24000549316406,179.27999877929688,181.27000427246094,144700,0.0,0.0
2023-09-14 00:00:00-04:00,181.5800018310547,183.4250030517578,180.86000061035156,181.22000122070312,96700,0.0,0.0
2023-09-15 00:00:00-04:00,180.8300018310547,180.8300018310547,177.3350067138672,179.97999572753906,180100,0.0,0.0
2023-09-18 00:00:00-04:00,179.3800048828125,181.98599243164062,179.1300048828125,179.58999633789062,87500,0.0,0.0
2023-09-19 00:00:00-04:00,179.1300048828125,180.82000732421875,176.97999572753906,180.17999267578125,85400,0.0,0.0
2023-09-20 00:00:00-04:00,180.16000366210938,189.17999267578125,179.33999633789062,182.72000122070312,158100,0.0,0.0
2023-09-21 00:00:00-04:00,180.13999938964844,180.6300048828125,177.00999450683594,178.11000061035156,75100,0.0,0.0
2023-09-22 00:00:00-04:00,178.75999450683594,180.4499969482422,177.7100067138672,178.83999633789062,93900,0.0,0.0
2023-09-25 00:00:00-04:00,177.6999969482422,181.36000061035156,177.6999969482422,180.22000122070312,68600,0.0,0.0
2023-09-26 00:00:00-04:00,178.99000549316406,179.52999877929688,171.5399932861328,173.25,134800,0.0,0.0
2023-09-27 00:00:00-04:00,173.6699981689453,180.16000366210938,173.1300048828125,178.72000122070312,85500,0.0,0.0
2023-09-28 00:00:00-04:00,178.60000610351562,183.39999389648438,177.63999938964844,181.69000244140625,94700,0.0,0.0
2023-09-29 00:00:00-04:00,182.7100067138672,185.36000061035156,181.3300018310547,182.6300048828125,118900,0.0,0.0
2023-10-02 00:00:00-04:00,181.58999633789062,184.8300018310547,181.05999755859375,184.52000427246094,85800,0.0,0.0
2023-10-03 00:00:00-04:00,182.55999755859375,182.67999267578125,179.00999450683594,181.1300048828125,92900,0.0,0.0
2023-10-04 00:00:00-04:00,183.4600067138672,186.97000122070312,182.3000030517578,186.25,150900,0.0,0.0
2023-10-05 00:00:00-04:00,186.4600067138672,193.97000122070312,186.0500030517578,189.35000610351562,175500,0.0,0.0
2023-10-06 00:00:00-04:00,187.5,194.3000030517578,187.5,193.3800048828125,177700,0.0,0.0
2023-10-09 00:00:00-04:00,191.27999877929688,195.88999938964844,190.38699340820312,195.1699981689453,81000,0.0,0.0
2023-10-10 00:00:00-04:00,195.5500030517578,198.17999267578125,192.10000610351562,192.27000427246094,128200,0.0,0.0
2023-10-11 00:00:00-04:00,193.07000732421875,194.25,186.9199981689453,189.27000427246094,145400,0.0,0.0
2023-10-12 00:00:00-04:00,189.8699951171875,190.8699951171875,182.39999389648438,182.8699951171875,118000,0.0,0.0
2023-10-13 00:00:00-04:00,182.60000610351562,184.3800048828125,180.5399932861328,180.6699981689453,104900,0.0,0.0
2023-10-16 00:00:00-04:00,181.0500030517578,186.16000366210938,181.0500030517578,185.17999267578125,145000,0.0,0.0
2023-10-17 00:00:00-04:00,184.67999267578125,187.94000244140625,184.67999267578125,185.75,113100,0.0,0.0
2023-10-18 00:00:00-04:00,184.58999633789062,186.77499389648438,180.68499755859375,181.11000061035156,116200,0.0,0.0
2023-10-19 00:00:00-04:00,182.8699951171875,185.63999938964844,181.10000610351562,183.97000122070312,79800,0.0,0.0
2023-10-20 00:00:00-04:00,184.60000610351562,184.6300048828125,175.48500061035156,178.11000061035156,86600,0.0,0.0
2023-10-23 00:00:00-04:00,176.77000427246094,180.8800048828125,175.52000427246094,179.75,60100,0.0,0.0
2023-10-24 00:00:00-04:00,180.6999969482422,182.80999755859375,178.67999267578125,181.44000244140625,57800,0.0,0.0
2023-10-25 00:00:00-04:00,180.63999938964844,180.63999938964844,174.52000427246094,176.25,101600,0.0,0.0
2023-10-26 00:00:00-04:00,177.61000061035156,180.2100067138672,174.60000610351562,176.77000427246094,165000,0.0,0.0
2023-10-27 00:00:00-04:00,193.1300048828125,207.39999389648438,184.03500366210938,187.94000244140625,516300,0.0,0.0
2023-10-30 00:00:00-04:00,189.5,189.5,183.41000366210938,183.58999633789062,194000,0.0,0.0
2023-10-31 00:00:00-04:00,184.91000366210938,189.0800018310547,184.07000732421875,187.57000732421875,260100,0.0,0.0
2023-11-01 00:00:00-04:00,187.6199951171875,188.6999969482422,182.25999450683594,184.14999389648438,245200,0.0,0.0
2023-11-02 00:00:00-04:00,187.8000030517578,189.71499633789062,183.77000427246094,187.94000244140625,186400,0.0,0.0
2023-11-03 00:00:00-04:00,189.7100067138672,199.97900390625,188.4499969482422,198.05999755859375,274000,0.0,0.0
2023-11-06 00:00:00-05:00,198.5,201.38999938964844,195.0,198.89999389648438,270400,0.0,0.0
2023-11-07 00:00:00-05:00,199.9499969482422,202.50999450683594,197.07000732421875,198.02999877929688,272200,0.0,0.0
2023-11-08 00:00:00-05:00,198.69000244140625,202.30999755859375,196.22000122070312,201.86000061035156,186800,0.0,0.0
2023-11-09 00:00:00-05:00,202.6999969482422,203.9499969482422,198.38999938964844,198.82000732421875,206700,0.0,0.0
2023-11-10 00:00:00-05:00,199.39999389648438,201.75,197.4499969482422,198.85000610351562,180200,0.0,0.0
2023-11-13 00:00:00-05:00,198.67999267578125,200.8800048828125,197.7449951171875,198.27999877929688,203800,0.0,0.0
2023-11-14 00:00:00-05:00,203.3699951171875,211.41299438476562,202.92999267578125,210.97999572753906,379700,0.0,0.0
2023-11-15 00:00:00-05:00,207.0,209.0500030517578,199.02499389648438,200.36000061035156,290900,0.0,0.0
2023-11-16 00:00:00-05:00,199.83999633789062,202.77499389648438,195.56100463867188,199.4499969482422,189600,0.0,0.0
2023-11-17 00:00:00-05:00,200.38999938964844,203.16000366210938,199.55999755859375,200.55999755859375,240100,0.0,0.0
2023-11-20 00:00:00-05:00,202.39999389648438,203.3350067138672,199.55999755859375,200.0500030517578,240600,0.0,0.0
2023-11-21 00:00:00-05:00,200.52000427246094,201.5800018310547,192.85000610351562,196.50999450683594,198200,0.0,0.0
2023-11-22 00:00:00-05:00,196.83999633789062,198.82000732421875,195.30999755859375,197.02999877929688,142800,0.0,0.0
2023-11-24 00:00:00-05:00,195.77000427246094,196.9949951171875,192.19000244140625,193.2100067138672,80600,0.0,0.0
2023-11-27 00:00:00-05:00,193.3699951171875,199.19000244140625,193.3699951171875,194.77999877929688,282600,0.0,0.0
2023-11-28 00:00:00-05:00,195.75999450683594,197.51300048828125,189.1300048828125,190.22999572753906,231800,0.0,0.0
2023-11-29 00:00:00-05:00,192.86000061035156,195.03500366210938,187.74000549316406,189.07000732421875,205300,0.0,0.0
2023-11-30 00:00:00-05:00,188.8000030517578,189.77999877929688,183.3300018310547,189.25,393900,0.0,0.0
2023-12-01 00:00:00-05:00,188.24000549316406,191.0399932861328,187.3699951171875,187.8300018310547,215800,0.0,0.0
2023-12-04 00:00:00-05:00,186.5399932861328,194.1999969482422,184.33999633789062,193.3300018310547,295600,0.0,0.0
2023-12-05 00:00:00-05:00,191.1199951171875,196.69000244140625,190.17999267578125,194.6699981689453,199600,0.0,0.0
2023-12-06 00:00:00-05:00,195.3800048828125,196.94000244140625,189.17999267578125,189.17999267578125,219700,0.0,0.0
2023-12-07 00:00:00-05:00,188.32000732421875,192.33999633789062,180.9600067138672,181.24000549316406,225700,0.0,0.0
2023-12-08 00:00:00-05:00,181.0,184.77999877929688,180.0,182.99000549316406,153600,0.0,0.0
2023-12-11 00:00:00-05:00,182.1999969482422,183.2899932861328,177.8300018310547,182.07000732421875,186200,0.0,0.0
2023-12-12 00:00:00-05:00,182.24000549316406,182.24000549316406,179.27000427246094,180.82000732421875,117400,0.0,0.0
2023-12-13 00:00:00-05:00,180.4199981689453,183.52999877929688,177.38499450683594,183.3300018310547,188500,0.0,0.0
2023-12-14 00:00:00-05:00,185.14999389648438,189.10000610351562,179.75,180.17999267578125,261400,0.0,0.0
2023-12-15 00:00:00-05:00,181.50999450683594,182.92999267578125,177.0,178.61000061035156,407500,0.0,0.0
2023-12-18 00:00:00-05:00,178.00999450683594,179.0399932861328,174.91000366210938,177.0,215800,0.0,0.0
2023-12-19 00:00:00-05:00,178.72999572753906,182.0,177.58999633789062,177.66000366210938,175600,0.0,0.0
2023-12-20 00:00:00-05:00,177.0,178.3000030517578,174.5399932861328,174.74000549316406,144400,0.0,0.0
2023-12-21 00:00:00-05:00,176.1699981689453,178.6699981689453,174.02000427246094,176.8699951171875,140000,0.0,0.0
2023-12-22 00:00:00-05:00,176.50999450683594,178.22000122070312,176.19500732421875,177.24000549316406,128500,0.0,0.0
2023-12-26 00:00:00-05:00,177.5,178.61000061035156,175.9199981689453,175.9199981689453,105900,0.0,0.0
2023-12-27 00:00:00-05:00,176.24000549316406,176.57000732421875,173.75,174.17999267578125,111800,0.0,0.0
2023-12-28 00:00:00-05:00,173.9199981689453,174.68499755859375,172.42999267578125,173.16000366210938,135800,0.0,0.0
2023-12-29 00:00:00-05:00,173.0800018310547,175.38999938964844,171.39999389648438,173.24000549316406,242500,0.0,0.0
2024-01-02 00:00:00-05:00,171.97999572753906,171.97999572753906,167.25999450683594,169.2100067138672,223700,0.0,0.0
2024-01-03 00:00:00-05:00,168.50999450683594,169.22999572753906,165.10000610351562,166.8300018310547,335400,0.0,0.0
2024-01-04 00:00:00-05:00,167.47000122070312,167.9250030517578,164.50999450683594,165.7899932861328,234400,0.0,0.0
2024-01-05 00:00:00-05:00,164.8800048828125,166.1999969482422,164.2899932861328,164.35000610351562,190300,0.0,0.0
2024-01-08 00:00:00-05:00,165.1300048828125,169.07000732421875,165.1300048828125,167.61000061035156,156200,0.0,0.0
2024-01-09 00:00:00-05:00,165.92999267578125,176.75999450683594,165.92999267578125,174.2100067138672,383100,0.0,0.0
2024-01-10 00:00:00-05:00,174.99000549316406,176.57000732421875,171.9149932861328,176.44000244140625,240800,0.0,0.0
2024-01-11 00:00:00-05:00,176.5,180.0,176.00399780273438,179.86000061035156,219000,0.0,0.0
2024-01-12 00:00:00-05:00,181.33999633789062,183.2899932861328,179.47999572753906,181.0800018310547,262600,0.0,0.0
2024-01-16 00:00:00-05:00,179.5500030517578,181.47500610351562,174.0,175.19000244140625,156200,0.0,0.0
2024-01-17 00:00:00-05:00,173.52999877929688,177.22999572753906,171.19000244140625,174.75999450683594,166300,0.0,0.0
2024-01-18 00:00:00-05:00,176.89999389648438,177.91000366210938,173.0500030517578,176.30999755859375,129700,0.0,0.0
2024-01-19 00:00:00-05:00,178.11000061035156,178.66000366210938,174.77000427246094,177.39999389648438,172500,0.0,0.0
2024-01-22 00:00:00-05:00,179.27999877929688,182.6300048828125,178.74000549316406,182.07000732421875,172000,0.0,0.0
2024-01-23 00:00:00-05:00,183.9199981689453,184.97999572753906,179.52999877929688,180.5500030517578,273000,0.0,0.0
2024-01-24 00:00:00-05:00,182.30999755859375,183.99000549316406,176.10000610351562,176.5,272000,0.0,0.0
2024-01-25 00:00:00-05:00,179.16000366210938,179.27000427246094,172.97999572753906,174.3800048828125,288400,0.0,0.0
2024-01-26 00:00:00-05:00,201.0,226.77999877929688,198.00999450683594,223.66000366210938,1858800,0.0,0.0
2024-01-29 00:00:00-05:00,223.02999877929688,231.02000427246094,215.44000244140625,229.69000244140625,615800,0.0,0.0
2024-01-30 00:00:00-05:00,230.0,230.75,221.11000061035156,225.4600067138672,329300,0.0,0.0
2024-01-31 00:00:00-05:00,224.17999267578125,224.94000244140625,218.14999389648438,219.25999450683594,235900,0.0,0.0
2024-02-01 00:00:00-05:00,221.1699981689453,227.75,220.25999450683594,226.67999267578125,268400,0.0,0.0
2024-02-02 00:00:00-05:00,224.57000732421875,232.26800537109375,222.77000427246094,227.77000427246094,233000,0.0,0.0
2024-02-05 00:00:00-05:00,226.91000366210938,227.99000549316406,221.02999877929688,223.3000030517578,159100,0.0,0.0
2024-02-06 00:00:00-05:00,225.52999877929688,229.74000549316406,223.85000610351562,227.72000122070312,212500,0.0,0.0
2024-02-07 00:00:00-05:00,229.99000549316406,234.7899932861328,228.92999267578125,233.32000732421875,376700,0.0,0.0
2024-02-08 00:00:00-05:00,235.0,238.0,234.14999389648438,236.72999572753906,195400,0.0,0.0
2024-02-09 00:00:00-05:00,239.1300048828125,242.0,232.6999969482422,233.7100067138672,279100,0.0,0.0
2024-02-12 00:00:00-05:00,234.05999755859375,236.3249969482422,231.41000366210938,234.1999969482422,251700,0.0,0.0
2024-02-13 00:00:00-05:00,226.19000244140625,232.97000122070312,221.0,230.05999755859375,337600,0.0,0.0
2024-02-14 00:00:00-05:00,233.16000366210938,238.05499267578125,231.4600067138672,233.27999877929688,213400,0.0,0.0
2024-02-15 00:00:00-05:00,235.5,241.82000732421875,234.4499969482422,240.82000732421875,326600,0.0,0.0
2024-02-16 00:00:00-05:00,240.77000427246094,241.77000427246094,233.4600067138672,233.4600067138672,260600,0.0,0.0
2024-02-20 00:00:00-05:00,232.83999633789062,233.52499389648438,230.27999877929688,233.2100067138672,137300,0.0,0.0
2024-02-21 00:00:00-05:00,231.00999450683594,231.39500427246094,224.51499938964844,227.36000061035156,127000,0.0,0.0
2024-02-22 00:00:00-05:00,229.89999389648438,231.64500427246094,226.5399932861328,230.24000549316406,189000,0.0,0.0
2024-02-23 00:00:00-05:00,230.92999267578125,236.77999877929688,229.08999633789062,236.30999755859375,272900,0.0,0.0
2024-02-26 00:00:00-05:00,236.32000732421875,239.90499877929688,236.32000732421875,239.19000244140625,171200,0.0,0.0
2024-02-27 00:00:00-05:00,240.0,240.83999633789062,235.91000366210938,239.72999572753906,199600,0.0,0.0
2024-02-28 00:00:00-05:00,237.8000030517578,242.6999969482422,236.125,240.9600067138672,146800,0.0,0.0
2024-02-29 00:00:00-05:00,244.1199951171875,246.1199951171875,239.6199951171875,242.08999633789062,314100,0.0,0.0
2024-03-01 00:00:00-05:00,241.75,243.71400451660156,239.17999267578125,242.1300048828125,191700,0.0,0.0
2024-03-04 00:00:00-05:00,240.91000366210938,241.77999877929688,236.69000244140625,238.75,280900,0.0,0.0
2024-03-05 00:00:00-05:00,235.97999572753906,238.22000122070312,227.9199981689453,229.58999633789062,275600,0.0,0.0
2024-03-06 00:00:00-05:00,233.05999755859375,233.05999755859375,223.02999877929688,225.11000061035156,262100,0.0,0.0
2024-03-07 00:00:00-05:00,227.61000061035156,229.7899932861328,224.03199768066406,228.75,382700,0.0,0.0
2024-03-08 00:00:00-05:00,230.2100067138672,233.30999755859375,226.02499389648438,227.72999572753906,178500,0.0,0.0
2024-03-11 00:00:00-04:00,227.39999389648438,228.44000244140625,226.0500030517578,227.75999450683594,143000,0.0,0.0
2024-03-12 00:00:00-04:00,227.4199981689453,229.07899475097656,221.75,224.27000427246094,262700,0.0,0.0
2024-03-13 00:00:00-04:00,224.22000122070312,227.6699981689453,224.22000122070312,225.82000732421875,135200,0.0,0.0
2024-03-14 00:00:00-04:00,224.3300018310547,224.60000610351562,220.2899932861328,222.89999389648438,146300,0.0,0.0
2024-03-15 00:00:00-04:00,221.33999633789062,222.66000366210938,218.69000244140625,221.4600067138672,200900,0.0,0.0
2024-03-18 00:00:00-04:00,222.64999389648438,224.99000549316406,220.57000732421875,221.47000122070312,138200,0.0,0.0
2024-03-19 00:00:00-04:00,219.33999633789062,224.10000610351562,218.1179962158203,223.41000366210938,100700,0.0,0.0
2024-03-20 00:00:00-04:00,223.41000366210938,228.52999877929688,222.3699951171875,227.82000732421875,237300,0.0,0.0
2024-03-21 00:00:00-04:00,229.64999389648438,235.72000122070312,228.9199981689453,233.74000549316406,179500,0.0,0.0
2024-03-22 00:00:00-04:00,233.89999389648438,235.0500030517578,230.6999969482422,233.32000732421875,128100,0.0,0.0
2024-03-25 00:00:00-04:00,231.85000610351562,233.80499267578125,226.02999877929688,226.49000549316406,146500,0.0,0.0
2024-03-26 00:00:00-04:00,242.99000549316406,253.4199981689453,242.39500427246094,248.7100067138672,979100,0.0,0.0
2024-03-27 00:00:00-04:00,251.61000061035156,253.08299255371094,244.83999633789062,247.6699981689453,730100,0.0,0.0
2024-03-28 00:00:00-04:00,248.75999450683594,253.0399932861328,242.24000549316406,246.74000549316406,3492900,0.0,0.0
2024-04-01 00:00:00-04:00,245.4199981689453,246.4550018310547,240.07000732421875,241.17999267578125,437600,0.0,0.0
2024-04-02 00:00:00-04:00,237.44000244140625,239.72999572753906,234.02999877929688,235.74000549316406,343000,0.0,0.0
2024-04-03 00:00:00-04:00,234.69000244140625,239.3000030517578,232.9600067138672,233.5,203300,0.0,0.0
2024-04-04 00:00:00-04:00,236.57000732421875,239.61000061035156,229.32000732421875,230.00999450683594,173600,0.0,0.0
2024-04-05 00:00:00-04:00,229.60000610351562,235.22000122070312,229.60000610351562,232.3300018310547,151100,0.0,0.0
2024-04-08 00:00:00-04:00,234.1300048828125,235.77000427246094,230.78700256347656,233.1999969482422,192300,0.0,0.0
2024-04-09 00:00:00-04:00,233.1999969482422,233.1999969482422,227.88999938964844,232.49000549316406,185400,0.0,0.0
2024-04-10 00:00:00-04:00,226.83999633789062,231.2899932861328,225.27000427246094,225.39999389648438,175400,0.0,0.0
2024-04-11 00:00:00-04:00,226.32000732421875,227.79100036621094,222.14999389648438,224.08999633789062,131700,0.0,0.0
2024-04-12 00:00:00-04:00,222.02000427246094,223.3699951171875,219.5850067138672,221.4250030517578,180300,0.0,0.0
2024-04-15 00:00:00-04:00,222.11000061035156,222.58999633789062,214.75999450683594,215.6999969482422,176200,0.0,0.0
2024-04-16 00:00:00-04:00,215.92999267578125,218.4499969482422,214.24000549316406,214.5800018310547,171800,0.0,0.0
2024-04-17 00:00:00-04:00,215.63999938964844,220.2449951171875,214.07000732421875,216.72000122070312,243200,0.0,0.0
2024-04-18 00:00:00-04:00,216.4499969482422,218.2899932861328,211.8000030517578,212.49000549316406,244100,0.0,0.0
2024-04-19 00:00:00-04:00,211.99000549316406,212.99000549316406,207.94500732421875,208.5,276500,0.0,0.0
2024-04-22 00:00:00-04:00,210.5500030517578,216.47999572753906,208.97999572753906,214.7899932861328,310500,0.0,0.0
2024-04-23 00:00:00-04:00,215.00999450683594,221.24000549316406,215.00999450683594,219.3300018310547,217100,0.0,0.0
2024-04-24 00:00:00-04:00,220.25999450683594,220.25999450683594,213.8800048828125,215.89999389648438,181200,0.0,0.0
2024-04-25 00:00:00-04:00,212.0800018310547,217.89999389648438,211.0,216.64999389648438,588400,0.0,0.0
2024-04-26 00:00:00-04:00,243.89999389648438,256.7300109863281,236.66000366210938,242.75,714900,0.0,0.0
2024-04-29 00:00:00-04:00,242.75,246.0050048828125,235.14999389648438,238.0500030517578,406200,0.0,0.0
2024-04-30 00:00:00-04:00,236.85000610351562,237.6649932861328,226.38999938964844,226.77999877929688,490000,0.0,0.0
2024-05-01 00:00:00-04:00,226.9199981689453,233.63499450683594,223.9199981689453,230.11000061035156,298600,0.0,0.0
2024-05-02 00:00:00-04:00,232.9499969482422,237.1699981689453,230.6649932861328,236.0500030517578,231100,0.0,0.0
2024-05-03 00:00:00-04:00,240.24000549316406,244.8000030517578,236.77999877929688,239.11000061035156,202500,0.0,0.0
2024-05-06 00:00:00-04:00,240.1999969482422,247.41000366210938,238.7100067138672,247.36000061035156,301200,0.0,0.0
2024-05-07 00:00:00-04:00,245.94000244140625,252.0399932861328,244.05499267578125,248.49000549316406,219400,0.0,0.0
2024-05-08 00:00:00-04:00,245.9499969482422,248.23500061035156,244.75,244.91000366210938,222100,0.0,0.0
2024-05-09 00:00:00-04:00,244.94000244140625,248.52999877929688,243.8300018310547,245.3000030517578,202800,0.0,0.0
2024-05-10 00:00:00-04:00,245.0,248.57000732421875,243.69000244140625,247.30999755859375,202500,0.0,0.0
2024-05-13 00:00:00-04:00,248.38999938964844,251.36000061035156,248.00999450683594,249.41000366210938,303100,0.0,0.0
2024-05-14 00:00:00-04:00,249.0,249.4499969482422,242.9199981689453,247.19000244140625,263800,0.0,0.0
2024-05-15 00:00:00-04:00,250.0,255.3769989013672,247.25,249.8699951171875,249200,0.0,0.0
2024-05-16 00:00:00-04:00,248.3800048828125,250.0,245.72999572753906,246.8800048828125,161800,0.0,0.0
2024-05-17 00:00:00-04:00,247.30999755859375,248.75,238.00999450683594,240.58999633789062,169400,0.0,0.0
2024-05-20 00:00:00-04:00,239.88999938964844,244.69000244140625,237.0,243.13999938964844,175200,0.0,0.0
2024-05-21 00:00:00-04:00,242.88999938964844,244.13999938964844,237.6999969482422,238.3699951171875,178000,0.0,0.0
2024-05-22 00:00:00-04:00,238.25,241.27000427246094,236.22000122070312,237.17999267578125,127700,0.0,0.0
2024-05-23 00:00:00-04:00,238.49000549316406,239.4199981689453,231.42999267578125,234.77999877929688,182600,0.0,0.0
2024-05-24 00:00:00-04:00,235.7100067138672,235.7100067138672,229.42999267578125,230.39999389648438,197400,0.0,0.0
2024-05-28 00:00:00-04:00,229.50999450683594,233.66000366210938,227.0800018310547,233.16000366210938,213600,0.0,0.0
2024-05-29 00:00:00-04:00,230.2899932861328,234.83999633789062,229.30999755859375,230.6699981689453,208800,0.0,0.0
2024-05-30 00:00:00-04:00,230.08999633789062,230.08999633789062,226.14500427246094,229.69000244140625,247100,0.0,0.0
2024-05-31 00:00:00-04:00,231.27000427246094,233.02000427246094,224.27999877929688,228.32000732421875,208300,0.0,0.0
2024-06-03 00:00:00-04:00,229.22999572753906,229.88999938964844,224.97000122070312,227.3699951171875,252500,0.0,0.0
2024-06-04 00:00:00-04:00,227.08999633789062,231.63999938964844,224.5800018310547,226.9600067138672,332800,0.0,0.0
2024-06-05 00:00:00-04:00,228.60000610351562,232.1300048828125,225.0,231.42999267578125,187900,0.0,0.0
2024-06-06 00:00:00-04:00,230.9199981689453,235.27000427246094,230.9199981689453,231.74000549316406,206500,0.0,0.0
2024-06-07 00:00:00-04:00,230.8800048828125,232.94000244140625,228.3300018310547,229.4499969482422,143200,0.0,0.0
2024-06-10 00:00:00-04:00,226.86000061035156,233.52999877929688,222.0,231.3000030517578,138600,0.0,0.0
2024-06-11 00:00:00-04:00,231.64999389648438,237.0,229.8000030517578,234.17999267578125,323800,0.0,0.0
2024-06-12 00:00:00-04:00,239.02999877929688,243.0399932861328,238.39999389648438,240.07000732421875,244600,0.0,0.0
2024-06-13 00:00:00-04:00,239.75,241.57000732421875,234.2899932861328,234.4199981689453,189000,0.0,0.0
2024-06-14 00:00:00-04:00,232.66000366210938,233.19000244140625,228.9600067138672,231.52000427246094,131900,0.0,0.0
2024-06-17 00:00:00-04:00,231.52000427246094,232.27000427246094,226.89999389648438,230.24000549316406,164200,0.0,0.0
2024-06-18 00:00:00-04:00,230.27000427246094,234.48500061035156,228.92999267578125,231.75999450683594,198800,0.0,0.0
2024-06-20 00:00:00-04:00,232.3800048828125,232.9199981689453,227.82000732421875,231.8699951171875,262500,0.0,0.0
2024-06-21 00:00:00-04:00,231.66000366210938,239.11000061035156,228.76499938964844,231.82000732421875,508300,0.0,0.0
2024-06-24 00:00:00-04:00,231.16000366210938,232.47999572753906,229.45599365234375,232.1300048828125,174100,0.0,0.0
2024-06-25 00:00:00-04:00,232.1300048828125,238.9499969482422,231.06500244140625,238.6199951171875,207700,0.0,0.0
2024-06-26 00:00:00-04:00,238.41000366210938,241.16000366210938,234.6199951171875,239.6999969482422,217400,0.0,0.0
2024-06-27 00:00:00-04:00,240.49000549316406,250.3800048828125,239.39700317382812,248.88999938964844,335500,0.0,0.0
2024-06-28 00:00:00-04:00,250.0,251.50999450683594,242.0399932861328,244.57000732421875,2429300,0.0,0.0
2024-07-01 00:00:00-04:00,243.9600067138672,246.5399932861328,241.60000610351562,243.36000061035156,194000,0.0,0.0
2024-07-02 00:00:00-04:00,243.42999267578125,247.80999755859375,242.8699951171875,247.16000366210938,329600,0.0,0.0
2024-07-03 00:00:00-04:00,246.77999877929688,253.64999389648438,245.4199981689453,249.97000122070312,245500,0.0,0.0
2024-07-05 00:00:00-04:00,250.47000122070312,252.85000610351562,249.41000366210938,252.5800018310547,137300,0.0,0.0
2024-07-08 00:00:00-04:00,253.61000061035156,256.70001220703125,250.6300048828125,252.5500030517578,176000,0.0,0.0
2024-07-09 00:00:00-04:00,252.5500030517578,253.0679931640625,247.30999755859375,248.8699951171875,183300,0.0,0.0
2024-07-10 00:00:00-04:00,250.60000610351562,251.61000061035156,244.4499969482422,247.9600067138672,155100,0.0,0.0
2024-07-11 00:00:00-04:00,251.19000244140625,254.57000732421875,247.96499633789062,251.7100067138672,233400,0.0,0.0
2024-07-12 00:00:00-04:00,254.13999938964844,265.7099914550781,251.89500427246094,264.3500061035156,527900,0.0,0.0
2024-07-15 00:00:00-04:00,266.05999755859375,268.6600036621094,260.79998779296875,261.3599853515625,297100,0.0,0.0
2024-07-16 00:00:00-04:00,263.0799865722656,266.2799987792969,260.260009765625,264.6199951171875,186300,0.0,0.0
2024-07-17 00:00:00-04:00,264.3999938964844,265.7699890136719,257.8900146484375,262.9800109863281,271000,0.0,0.0
2024-07-18 00:00:00-04:00,263.6400146484375,268.20001220703125,259.239990234375,263.6600036621094,303400,0.0,0.0
2024-07-19 00:00:00-04:00,263.6600036621094,266.94000244140625,261.07000732421875,263.0199890136719,330200,0.0,0.0
2024-07-22 00:00:00-04:00,265.5299987792969,270.67999267578125,264.4949951171875,269.7699890136719,417900,0.0,0.0
2024-07-23 00:00:00-04:00,270.0,274.55999755859375,268.45001220703125,270.0199890136719,299800,0.0,0.0
2024-07-24 00:00:00-04:00,267.0,268.25,256.32000732421875,256.6000061035156,251900,0.0,0.0
2024-07-25 00:00:00-04:00,256.3999938964844,268.57000732421875,251.30999755859375,259.07000732421875,571500,0.0,0.0
2024-07-26 00:00:00-04:00,269.94000244140625,272.5050048828125,230.38999938964844,230.9499969482422,719000,0.0,0.0
2024-07-29 00:00:00-04:00,231.33999633789062,233.69000244140625,224.19000244140625,229.02000427246094,611100,0.0,0.0
2024-07-30 00:00:00-04:00,229.25999450683594,233.85000610351562,218.3000030517578,219.52999877929688,454000,0.0,0.0
2024-07-31 00:00:00-04:00,223.02000427246094,225.44000244140625,219.22999572753906,221.47999572753906,332700,0.0,0.0
2024-08-01 00:00:00-04:00,220.0,222.25999450683594,210.4320068359375,215.69000244140625,314900,0.0,0.0
2024-08-02 00:00:00-04:00,208.9499969482422,213.39999389648438,205.8209991455078,210.58999633789062,318700,0.0,0.0
2024-08-05 00:00:00-04:00,199.27999877929688,207.80499267578125,197.5800018310547,204.3300018310547,248000,0.0,0.0
2024-08-06 00:00:00-04:00,206.4499969482422,210.25999450683594,204.31500244140625,208.08999633789062,227900,0.0,0.0
2024-08-07 00:00:00-04:00,211.5,216.00999450683594,209.32000732421875,211.7100067138672,306300,0.0,0.0
2024-08-08 00:00:00-04:00,213.7899932861328,215.86500549316406,209.57400512695312,214.4199981689453,151800,0.0,0.0
2024-08-09 00:00:00-04:00,215.00999450683594,217.8300018310547,212.92999267578125,213.9199981689453,191400,0.0,0.0
2024-08-12 00:00:00-04:00,214.88999938964844,214.97000122070312,210.8300018310547,212.8000030517578,252000,0.0,0.0
2024-08-13 00:00:00-04:00,215.08999633789062,218.61000061035156,214.60000610351562,217.16000366210938,161700,0.0,0.0
2024-08-14 00:00:00-04:00,218.00999450683594,218.5800018310547,214.22000122070312,216.82000732421875,113300,0.0,0.0
2024-08-15 00:00:00-04:00,219.0,223.32000732421875,217.66400146484375,221.22000122070312,143600,0.0,0.0
2024-08-16 00:00:00-04:00,219.6199951171875,222.99000549316406,218.89999389648438,219.6999969482422,168100,0.0,0.0
2024-08-19 00:00:00-04:00,221.1300048828125,223.8800048828125,218.27499389648438,223.5800018310547,112000,0.0,0.0
2024-08-20 00:00:00-04:00,222.9199981689453,224.0,218.8000030517578,220.27999877929688,128900,0.0,0.0
2024-08-21 00:00:00-04:00,220.97000122070312,229.00999450683594,220.97000122070312,227.83999633789062,171400,0.0,0.0
2024-08-22 00:00:00-04:00,229.25,229.5,224.9199981689453,225.6199951171875,158900,0.0,0.0
2024-08-23 00:00:00-04:00,226.94000244140625,231.2100067138672,225.3000030517578,229.4600067138672,203200,0.0,0.0
2024-08-26 00:00:00-04:00,231.02000427246094,236.47999572753906,230.58999633789062,234.0500030517578,209900,0.0,0.0
2024-08-27 00:00:00-04:00,232.52000427246094,232.99000549316406,229.67999267578125,232.8800048828125,129400,0.0,0.0
2024-08-28 00:00:00-04:00,231.3000030517578,233.64999389648438,228.22999572753906,229.22000122070312,174400,0.0,0.0
2024-08-29 00:00:00-04:00,231.17999267578125,234.89999389648438,230.82000732421875,232.13999938964844,143600,0.0,0.0
2024-08-30 00:00:00-04:00,233.42999267578125,234.86500549316406,231.30999755859375,231.99000549316406,352300,0.0,0.0
2024-09-03 00:00:00-04:00,231.19000244140625,232.3300018310547,228.47500610351562,229.41000366210938,152100,0.0,0.0
2024-09-04 00:00:00-04:00,229.02999877929688,229.02999877929688,221.75999450683594,226.58999633789062,152700,0.0,0.0
2024-09-05 00:00:00-04:00,226.30999755859375,228.2899932861328,225.17999267578125,228.27999877929688,90800,0.0,0.0
2024-09-06 00:00:00-04:00,229.8300018310547,230.86500549316406,222.52999877929688,222.9199981689453,107500,0.0,0.0
2024-09-09 00:00:00-04:00,224.57000732421875,225.89500427246094,220.10000610351562,221.99000549316406,199900,0.0,0.0
2024-09-10 00:00:00-04:00,223.86000061035156,224.5,220.2899932861328,220.77000427246094,118200,0.0,0.0
2024-09-11 00:00:00-04:00,220.41000366210938,224.49000549316406,219.50999450683594,224.1199951171875,107700,0.0,0.0
2024-09-12 00:00:00-04:00,225.75999450683594,226.72999572753906,220.82000732421875,224.22999572753906,170100,0.0,0.0
2024-09-13 00:00:00-04:00,225.80999755859375,229.00999450683594,225.03500366210938,225.83999633789062,97400,0.0,0.0
2024-09-16 00:00:00-04:00,227.05999755859375,230.6699981689453,226.94000244140625,227.14999389648438,140600,0.0,0.0
2024-09-17 00:00:00-04:00,227.92999267578125,229.85499572753906,225.7550048828125,229.19000244140625,146900,0.0,0.0
2024-09-18 00:00:00-04:00,229.08999633789062,233.80999755859375,226.75,229.08999633789062,118300,0.0,0.0
2024-09-19 00:00:00-04:00,234.3699951171875,235.60000610351562,230.85000610351562,231.82000732421875,166300,0.0,0.0
2024-09-20 00:00:00-04:00,232.9199981689453,235.69000244140625,231.42999267578125,233.7899932861328,566300,0.0,0.0
2024-09-23 00:00:00-04:00,235.38999938964844,237.70799255371094,233.10000610351562,236.19000244140625,131900,0.0,0.0
2024-09-24 00:00:00-04:00,236.47999572753906,239.30999755859375,234.9199981689453,238.50999450683594,143900,0.0,0.0
2024-09-25 00:00:00-04:00,239.6300048828125,240.0,234.11000061035156,234.13999938964844,137900,0.0,0.0
2024-09-26 00:00:00-04:00,237.6699981689453,237.6699981689453,234.23500061035156,236.32000732421875,90900,0.0,0.0
2024-09-27 00:00:00-04:00,237.82000732421875,238.49000549316406,234.30999755859375,234.5399932861328,151900,0.0,0.0
2024-09-30 00:00:00-04:00,234.10000610351562,235.6300048828125,231.94000244140625,235.39999389648438,205000,0.0,0.0
2024-10-01 00:00:00-04:00,236.08999633789062,236.08999633789062,228.16000366210938,232.1999969482422,194000,0.0,0.0
2024-10-02 00:00:00-04:00,231.75999450683594,231.85499572753906,226.0800018310547,226.9199981689453,324000,0.0,0.0
2024-10-03 00:00:00-04:00,226.3300018310547,228.60000610351562,224.63999938964844,227.0,224600,0.0,0.0
2024-10-04 00:00:00-04:00,230.2899932861328,231.0,226.8000030517578,227.1199951171875,181400,0.0,0.0
2024-10-07 00:00:00-04:00,227.1199951171875,227.1199951171875,222.66000366210938,223.30999755859375,211800,0.0,0.0
2024-10-08 00:00:00-04:00,223.60000610351562,228.0800018310547,223.60000610351562,226.1300048828125,117100,0.0,0.0
2024-10-09 00:00:00-04:00,225.41000366210938,227.1300048828125,224.14999389648438,225.16000366210938,162500,0.0,0.0
2024-10-10 00:00:00-04:00,224.02000427246094,224.02000427246094,221.00999450683594,222.16000366210938,267100,0.0,0.0
2024-10-11 00:00:00-04:00,223.3800048828125,228.3800048828125,220.7100067138672,226.27000427246094,281400,0.0,0.0
2024-10-14 00:00:00-04:00,226.8300018310547,227.625,224.57000732421875,226.52999877929688,142400,0.0,0.0
2024-10-15 00:00:00-04:00,221.3000030517578,221.3000030517578,201.7899932861328,201.97000122070312,622600,0.0,0.0
2024-10-16 00:00:00-04:00,203.0500030517578,204.39500427246094,201.83999633789062,203.33999633789062,224100,0.0,0.0
2024-10-17 00:00:00-04:00,204.0,204.0,199.5,201.61000061035156,203100,0.0,0.0
2024-10-18 00:00:00-04:00,203.25,204.75999450683594,200.27499389648438,201.13999938964844,239200,0.0,0.0
2024-10-21 00:00:00-04:00,201.13999938964844,202.5050048828125,199.27999877929688,200.59500122070312,201800,0.0,0.0
2024-10-22 00:00:00-04:00,199.6999969482422,200.74000549316406,196.1999969482422,198.42999267578125,357800,0.0,0.0
2024-10-23 00:00:00-04:00,198.36000061035156,199.02999877929688,194.94000244140625,195.52000427246094,337900,0.0,0.0
2024-10-24 00:00:00-04:00,197.7100067138672,200.53700256347656,189.00999450683594,192.07000732421875,583100,0.0,0.0
2024-10-25 00:00:00-04:00,210.82000732421875,236.0,209.30999755859375,212.33999633789062,894100,0.0,0.0
2024-10-28 00:00:00-04:00,213.4499969482422,215.0,209.61000061035156,210.3699951171875,346300,0.0,0.0
2024-10-29 00:00:00-04:00,210.10000610351562,216.4199981689453,209.36500549316406,216.38999938964844,269400,0.0,0.0
2024-10-30 00:00:00-04:00,215.8000030517578,218.03500366210938,213.0,217.6300048828125,251800,0.0,0.0
2024-10-31 00:00:00-04:00,215.97999572753906,218.0,207.7100067138672,207.8699951171875,278800,0.0,0.0
2024-11-01 00:00:00-04:00,207.74000549316406,211.00999450683594,207.02000427246094,208.52000427246094,174300,0.0,0.0
2024-11-04 00:00:00-05:00,207.0399932861328,212.32000732421875,206.3699951171875,212.0,162900,0.0,0.0
2024-11-05 00:00:00-05:00,212.3300018310547,216.69000244140625,211.9600067138672,216.08999633789062,219400,0.0,0.0
2024-11-06 00:00:00-05:00,220.4499969482422,229.7050018310547,219.69000244140625,228.10000610351562,302100,0.0,0.0
2024-11-07 00:00:00-05:00,228.86000061035156,229.8800048828125,227.32000732421875,228.38999938964844,198500,0.0,0.0
2024-11-08 00:00:00-05:00,228.9600067138672,228.9600067138672,225.8000030517578,228.1999969482422,195400,0.0,0.0
2024-11-11 00:00:00-05:00,229.0399932861328,233.8000030517578,227.33999633789062,233.47000122070312,221700,0.0,0.0
2024-11-12 00:00:00-05:00,231.33999633789062,236.41000366210938,231.33999633789062,235.25999450683594,181100,0.0,0.0
2024-11-13 00:00:00-05:00,235.0,239.44000244140625,234.08999633789062,234.3000030517578,114000,0.0,0.0
2024-11-14 00:00:00-05:00,233.89999389648438,235.02499389648438,231.41000366210938,233.36000061035156,180600,0.0,0.0
2024-11-15 00:00:00-05:00,229.85000610351562,231.9250030517578,226.8800048828125,230.02000427246094,187300,0.0,0.0
2024-11-18 00:00:00-05:00,229.5399932861328,230.19000244140625,228.18600463867188,229.3300018310547,229100,0.0,0.0
2024-11-19 00:00:00-05:00,227.1699981689453,229.16000366210938,226.24000549316406,228.5500030517578,152700,0.0,0.0
2024-11-20 00:00:00-05:00,227.88999938964844,230.82000732421875,226.77000427246094,230.64999389648438,109100,0.0,0.0
2024-11-21 00:00:00-05:00,231.35000610351562,236.99000549316406,230.80299377441406,236.72999572753906,103400,0.0,0.0
2024-11-22 00:00:00-05:00,238.3800048828125,242.94000244140625,237.25999450683594,242.38999938964844,195600,0.0,0.0
2024-11-25 00:00:00-05:00,245.30999755859375,253.27000427246094,244.5850067138672,251.05999755859375,194600,0.0,0.0
2024-11-26 00:00:00-05:00,251.60000610351562,255.5800018310547,248.28599548339844,255.39999389648438,163800,0.0,0.0
2024-11-27 00:00:00-05:00,256.17999267578125,257.7149963378906,252.4199981689453,254.82000732421875,159100,0.0,0.0
2024-11-29 00:00:00-05:00,254.91000366210938,257.6600036621094,253.07000732421875,253.75,106100,0.0,0.0
2024-12-02 00:00:00-05:00,254.67999267578125,257.75,252.08999633789062,255.88999938964844,149400,0.0,0.0
2024-12-03 00:00:00-05:00,257.0899963378906,262.3450012207031,254.1300048828125,261.5799865722656,374600,0.0,0.0
2024-12-04 00:00:00-05:00,263.739990234375,271.9700012207031,263.19000244140625,268.07000732421875,180900,0.0,0.0
2024-12-05 00:00:00-05:00,268.489990234375,269.79998779296875,265.0799865722656,269.260009765625,243100,0.0,0.0
2024-12-06 00:00:00-05:00,270.94000244140625,273.0,260.05999755859375,263.0,189400,0.0,0.0
2024-12-09 00:00:00-05:00,263.0,265.364990234375,254.76300048828125,255.8699951171875,229500,0.0,0.0
2024-12-10 00:00:00-05:00,256.67999267578125,259.44000244140625,252.60000610351562,256.6099853515625,162400,0.0,0.0
2024-12-11 00:00:00-05:00,258.8999938964844,262.18499755859375,257.0400085449219,260.32000732421875,112900,0.0,0.0
2024-12-12 00:00:00-05:00,260.29998779296875,264.20001220703125,258.5,263.54998779296875,145400,0.0,0.0
2024-12-13 00:00:00-05:00,262.1400146484375,262.2200012207031,255.63999938964844,259.17999267578125,150400,0.0,0.0
2024-12-16 00:00:00-05:00,259.42999267578125,264.2590026855469,258.8299865722656,263.6499938964844,224100,0.0,0.0
2024-12-17 00:00:00-05:00,263.260009765625,264.9779968261719,257.0,261.510009765625,176700,0.0,0.0
2024-12-18 00:00:00-05:00,262.0,264.9599914550781,250.97000122070312,251.35000610351562,209800,0.0,0.0
2024-12-19 00:00:00-05:00,254.0500030517578,258.1499938964844,250.17999267578125,251.64999389648438,206300,0.0,0.0
2024-12-20 00:00:00-05:00,249.02999877929688,256.4739990234375,244.88999938964844,251.7899932861328,385100,0.0,0.0
2024-12-23 00:00:00-05:00,251.7899932861328,251.7899932861328,247.38999938964844,249.0500030517578,144200,0.0,0.0
2024-12-24 00:00:00-05:00,250.16000366210938,252.6699981689453,247.22000122070312,252.6699981689453,50900,0.0,0.0
2024-12-26 00:00:00-05:00,251.22999572753906,253.38499450683594,250.25,252.4499969482422,92100,0.0,0.0
2024-12-27 00:00:00-05:00,250.1699981689453,251.66000366210938,246.4600067138672,249.88999938964844,116100,0.0,0.0
2024-12-30 00:00:00-05:00,247.2899932861328,249.2100067138672,242.6699981689453,247.22999572753906,151700,0.0,0.0
2024-12-31 00:00:00-05:00,248.3800048828125,250.42999267578125,246.30999755859375,246.72000122070312,137200,0.0,0.0
2025-01-02 00:00:00-05:00,249.69000244140625,251.50999450683594,245.36000061035156,248.11000061035156,185100,0.0,0.0
2025-01-03 00:00:00-05:00,250.25999450683594,256.0799865722656,249.6999969482422,252.72000122070312,150400,0.0,0.0
2025-01-06 00:00:00-05:00,251.2899932861328,252.92999267578125,249.93499755859375,251.0500030517578,192600,0.0,0.0
2025-01-07 00:00:00-05:00,251.44000244140625,253.52999877929688,245.49000549316406,249.55999755859375,154900,0.0,0.0
2025-01-08 00:00:00-05:00,248.89999389648438,254.86000061035156,247.9600067138672,253.58999633789062,232600,0.0,0.0
2025-01-10 00:00:00-05:00,248.3000030517578,252.02999877929688,241.69500732421875,243.77000427246094,257900,0.0,0.0
2025-01-13 00:00:00-05:00,242.36000061035156,243.19000244140625,238.29200744628906,242.5500030517578,283800,0.0,0.0
2025-01-14 00:00:00-05:00,243.39999389648438,247.92999267578125,242.47999572753906,246.57000732421875,233800,0.0,0.0
2025-01-15 00:00:00-05:00,251.1199951171875,254.49000549316406,250.19000244140625,252.49000549316406,256300,0.0,0.0
2025-01-16 00:00:00-05:00,254.61000061035156,254.61000061035156,251.77999877929688,252.27999877929688,309200,0.0,0.0
2025-01-17 00:00:00-05:00,255.0,255.14999389648438,250.72999572753906,251.9199981689453,185300,0.0,0.0
2025-01-21 00:00:00-05:00,254.89999389648438,261.739990234375,252.0,260.3900146484375,170500,0.0,0.0
2025-01-22 00:00:00-05:00,261.4200134277344,264.0799865722656,257.6199951171875,257.6199951171875,222500,0.0,0.0
2025-01-23 00:00:00-05:00,255.02999877929688,260.9800109863281,254.82000732421875,260.6400146484375,245100,0.0,0.0
2025-01-24 00:00:00-05:00,260.0,260.3399963378906,249.2899932861328,250.02999877929688,279600,0.0,0.0
2025-01-27 00:00:00-05:00,246.5,259.739990234375,243.19400024414062,254.82000732421875,216100,0.0,0.0
2025-01-28 00:00:00-05:00,255.0,266.510009765625,249.60000610351562,259.2200012207031,267500,0.0,0.0
2025-01-29 00:00:00-05:00,258.05999755859375,258.05999755859375,248.24000549316406,249.97000122070312,427600,0.0,0.0
2025-01-30 00:00:00-05:00,251.1199951171875,256.760009765625,249.52999877929688,253.5800018310547,389300,0.0,0.0
2025-01-31 00:00:00-05:00,241.3000030517578,243.0800018310547,228.39999389648438,233.91000366210938,996000,0.0,0.0
2025-02-03 00:00:00-05:00,230.82000732421875,241.66000366210938,227.8730010986328,238.5,548100,0.0,0.0
2025-02-04 00:00:00-05:00,238.02000427246094,240.73500061035156,230.0,231.72999572753906,337300,0.0,0.0
2025-02-05 00:00:00-05:00,231.6999969482422,234.77499389648438,228.6750030517578,230.58999633789062,426200,0.0,0.0
2025-02-06 00:00:00-05:00,231.55999755859375,232.00999450683594,226.1999969482422,226.5500030517578,343700,0.0,0.0
2025-02-07 00:00:00-05:00,227.0,228.4199981689453,221.1219940185547,222.97999572753906,362000,0.0,0.0
2025-02-10 00:00:00-05:00,224.74000549316406,227.19000244140625,222.77000427246094,223.0800018310547,220900,0.0,0.0
2025-02-11 00:00:00-05:00,222.16000366210938,223.33999633789062,217.97999572753906,218.5,174200,0.0,0.0
2025-02-12 00:00:00-05:00,215.6999969482422,218.35000610351562,213.38999938964844,213.63999938964844,214000,0.0,0.0
2025-02-13 00:00:00-05:00,215.57000732421875,216.94500732421875,211.99000549316406,214.8699951171875,209200,0.0,0.0
2025-02-14 00:00:00-05:00,214.2100067138672,217.69000244140625,213.0,217.32000732421875,190100,0.0,0.0
2025-02-18 00:00:00-05:00,217.27000427246094,217.59500122070312,211.27000427246094,212.60000610351562,270400,0.0,0.0
2025-02-19 00:00:00-05:00,218.0800018310547,223.0,214.36000061035156,214.88999938964844,330900,0.0,0.0
2025-02-20 00:00:00-05:00,213.72000122070312,216.76499938964844,211.27000427246094,216.08999633789062,326200,0.0,0.0
2025-02-21 00:00:00-05:00,216.64999389648438,220.34800720214844,211.64999389648438,211.66000366210938,290900,0.0,0.0
2025-02-24 00:00:00-05:00,212.86000061035156,216.24000549316406,209.63400268554688,215.00999450683594,281200,0.0,0.0
2025-02-25 00:00:00-05:00,214.39999389648438,216.14999389648438,211.15499877929688,211.22000122070312,392800,0.0,0.0
2025-02-26 00:00:00-05:00,212.32000732421875,215.8699951171875,211.85000610351562,213.22999572753906,299300,0.0,0.0
2025-02-27 00:00:00-05:00,214.22000122070312,215.2899932861328,210.1199951171875,211.63999938964844,215800,0.0,0.0
2025-02-28 00:00:00-05:00,211.88999938964844,216.13999938964844,210.08999633789062,214.5,328900,0.0,0.0
2025-03-03 00:00:00-05:00,216.1699981689453,218.1300048828125,212.73500061035156,213.75999450683594,436100,0.0,0.0
2025-03-04 00:00:00-05:00,212.2899932861328,221.41000366210938,210.10000610351562,218.6199951171875,357700,0.0,0.0
2025-03-05 00:00:00-05:00,219.0,225.00999450683594,218.5,223.97000122070312,537200,0.0,0.0
2025-03-06 00:00:00-05:00,221.6199951171875,223.7100067138672,217.6199951171875,220.11000061035156,321100,0.0,0.0
2025-03-07 00:00:00-05:00,219.99000549316406,222.67999267578125,213.56100463867188,220.88999938964844,317800,0.0,0.0
2025-03-10 00:00:00-04:00,217.25,217.82000732421875,212.8249969482422,215.61000061035156,319400,0.0,0.0
2025-03-11 00:00:00-04:00,215.05999755859375,217.8000030517578,210.5050048828125,214.4600067138672,444500,0.0,0.0
2025-03-12 00:00:00-04:00,216.3000030517578,217.29100036621094,207.77999877929688,210.25,322900,0.0,0.0
2025-03-13 00:00:00-04:00,210.30999755859375,210.9600067138672,203.52000427246094,206.66000366210938,281500,0.0,0.0
2025-03-14 00:00:00-04:00,208.22999572753906,217.3800048828125,208.0399932861328,216.74000549316406,364800,0.0,0.0
2025-03-17 00:00:00-04:00,216.1300048828125,220.19000244140625,215.89999389648438,216.1199951171875,240900,0.0,0.0
2025-03-18 00:00:00-04:00,214.0800018310547,214.0800018310547,210.77000427246094,212.82000732421875,180700,0.0,0.0
2025-03-19 00:00:00-04:00,212.8300018310547,218.14999389648438,211.08999633789062,216.99000549316406,214100,0.0,0.0
2025-03-20 00:00:00-04:00,215.0399932861328,218.4949951171875,214.39999389648438,215.50999450683594,175700,0.0,0.0
2025-03-21 00:00:00-04:00,212.02000427246094,216.42999267578125,212.02000427246094,215.3699951171875,235800,0.0,0.0
2025-03-24 00:00:00-04:00,218.1199951171875,221.39999389648438,217.42999267578125,220.60000610351562,203800,0.0,0.0
2025-03-25 00:00:00-04:00,221.8000030517578,230.52000427246094,220.93499755859375,230.3300018310547,690500,0.0,0.0
2025-03-26 00:00:00-04:00,229.2100067138672,229.64999389648438,222.51499938964844,225.5,387500,0.0,0.0
2025-03-27 00:00:00-04:00,225.64999389648438,227.42999267578125,220.57000732421875,225.19000244140625,309000,0.0,0.0
2025-03-28 00:00:00-04:00,224.50999450683594,224.6300048828125,218.05999755859375,221.3000030517578,227300,0.0,0.0
2025-03-31 00:00:00-04:00,218.97999572753906,222.3800048828125,213.96499633789062,219.89999389648438,244100,0.0,0.0
2025-04-01 00:00:00-04:00,219.99000549316406,224.11000061035156,217.56500244140625,222.42999267578125,388100,0.0,0.0
2025-04-02 00:00:00-04:00,218.69000244140625,228.7050018310547,215.0800018310547,227.6300048828125,380700,0.0,0.0
2025-04-03 00:00:00-04:00,217.75,226.9199981689453,214.60000610351562,224.41000366210938,493600,0.0,0.0
2025-04-04 00:00:00-04:00,219.80999755859375,222.85000610351562,211.55999755859375,216.25,370500,0.0,0.0
2025-04-07 00:00:00-04:00,216.0,219.52999877929688,205.00999450683594,214.77000427246094,641600,0.0,0.0
2025-04-08 00:00:00-04:00,222.50999450683594,224.24000549316406,206.5800018310547,208.24000549316406,398400,0.0,0.0
2025-04-09 00:00:00-04:00,206.8000030517578,229.77999877929688,206.8000030517578,228.5399932861328,323900,0.0,0.0
2025-04-10 00:00:00-04:00,222.07000732421875,224.91000366210938,214.75999450683594,223.0399932861328,357300,0.0,0.0
2025-04-11 00:00:00-04:00,222.77999877929688,224.77000427246094,216.0399932861328,224.1999969482422,223700,0.0,0.0
2025-04-14 00:00:00-04:00,228.42999267578125,230.0,223.9600067138672,227.57000732421875,176400,0.0,0.0
2025-04-15 00:00:00-04:00,228.00999450683594,228.82000732421875,221.1699981689453,221.86000061035156,163000,0.0,0.0
2025-04-16 00:00:00-04:00,220.94000244140625,223.4499969482422,215.822998046875,217.9199981689453,165800,0.0,0.0
2025-04-17 00:00:00-04:00,219.99000549316406,220.69500732421875,215.8000030517578,218.77999877929688,163400,0.0,0.0
2025-04-21 00:00:00-04:00,217.77000427246094,217.77000427246094,207.2899932861328,209.89999389648438,203600,0.0,0.0
2025-04-22 00:00:00-04:00,212.00999450683594,220.3800048828125,210.4499969482422,220.2899932861328,260600,0.0,0.0
2025-04-23 00:00:00-04:00,227.4600067138672,233.63999938964844,225.00999450683594,225.66000366210938,333000,0.0,0.0
2025-04-24 00:00:00-04:00,227.14999389648438,235.0,226.8000030517578,234.64999389648438,312000,0.0,0.0
2025-04-25 00:00:00-04:00,208.25999450683594,208.68499755859375,190.24000549316406,192.02000427246094,1561900,0.0,0.0
2025-04-28 00:00:00-04:00,192.00999450683594,202.05999755859375,192.00999450683594,201.49000549316406,940800,0.0,0.0
2025-04-29 00:00:00-04:00,201.47999572753906,204.5850067138672,199.49000549316406,203.72000122070312,387900,0.0,0.0
2025-04-30 00:00:00-04:00,199.17999267578125,207.07000732421875,198.6999969482422,206.52000427246094,452100,0.0,0.0
2025-05-01 00:00:00-04:00,207.91000366210938,209.822998046875,203.86000061035156,206.6300048828125,406900,0.0,0.0
2025-05-02 00:00:00-04:00,209.67999267578125,214.16000366210938,209.24000549316406,212.05999755859375,244300,0.0,0.0
2025-05-05 00:00:00-04:00,209.4499969482422,216.1999969482422,209.4499969482422,214.33999633789062,207500,0.0,0.0
2025-05-06 00:00:00-04:00,211.0,215.13999938964844,210.11000061035156,213.1999969482422,219800,0.0,0.0
2025-05-07 00:00:00-04:00,215.33999633789062,217.1719970703125,212.42999267578125,214.52000427246094,239400,0.0,0.0
2025-05-08 00:00:00-04:00,215.10000610351562,217.7449951171875,213.63999938964844,215.75,266400,0.0,0.0
2025-05-09 00:00:00-04:00,215.75,216.8699951171875,213.48500061035156,214.2899932861328,205400,0.0,0.0
2025-05-12 00:00:00-04:00,220.41000366210938,222.33999633789062,214.4600067138672,220.77999877929688,289500,0.0,0.0
2025-05-13 00:00:00-04:00,220.97000122070312,221.0,216.2899932861328,216.6999969482422,334400,0.0,0.0
2025-05-14 00:00:00-04:00,215.2899932861328,216.6199951171875,211.10000610351562,212.1199951171875,320500,0.0,0.0
2025-05-15 00:00:00-04:00,212.25999450683594,213.5,209.24000549316406,212.42999267578125,230800,0.0,0.0
2025-05-16 00:00:00-04:00,211.4499969482422,221.13999938964844,211.4499969482422,218.91000366210938,263400,0.0,0.0
2025-05-19 00:00:00-04:00,216.07000732421875,218.31500244140625,214.44500732421875,214.60000610351562,253300,0.0,0.0
2025-05-20 00:00:00-04:00,214.10000610351562,217.50999450683594,212.41000366210938,213.47000122070312,163600,0.0,0.0
2025-05-21 00:00:00-04:00,210.7100067138672,212.6300048828125,205.9600067138672,206.19000244140625,160400,0.0,0.0
2025-05-22 00:00:00-04:00,207.25,210.11500549316406,205.2740020751953,208.32000732421875,202900,0.0,0.0
2025-05-23 00:00:00-04:00,205.69000244140625,210.875,205.125,209.8300018310547,180200,0.0,0.0
2025-05-27 00:00:00-04:00,212.5,214.10000610351562,211.47999572753906,213.35000610351562,201200,0.0,0.0
2025-05-28 00:00:00-04:00,212.8699951171875,212.8699951171875,205.66000366210938,206.2899932861328,153300,0.0,0.0
2025-05-29 00:00:00-04:00,206.47999572753906,210.13499450683594,205.0,209.4199981689453,242600,0.0,0.0
2025-05-30 00:00:00-04:00,209.38999938964844,211.58999633789062,204.85000610351562,211.1699981689453,300200,0.0,0.0
2025-06-02 00:00:00-04:00,209.52999877929688,211.67999267578125,204.60000610351562,209.80999755859375,210900,0.0,0.0
2025-06-03 00:00:00-04:00,210.4199981689453,218.72999572753906,210.19000244140625,218.14999389648438,218400,0.0,0.0
2025-06-04 00:00:00-04:00,217.49000549316406,221.25999450683594,217.4149932861328,218.00999450683594,193200,0.0,0.0
2025-06-05 00:00:00-04:00,217.97999572753906,219.3300018310547,215.01499938964844,215.8000030517578,257900,0.0,0.0
2025-06-06 00:00:00-04:00,216.74000549316406,217.86500549316406,213.83999633789062,217.25,242600,0.0,0.0
2025-06-09 00:00:00-04:00,217.74000549316406,219.85000610351562,215.75,217.9499969482422,258500,0.0,0.0
2025-06-10 00:00:00-04:00,222.52999877929688,231.5800018310547,220.05999755859375,228.44000244140625,548400,0.0,0.0
2025-06-11 00:00:00-04:00,228.44000244140625,231.0500030517578,226.27499389648438,227.8300018310547,336900,0.0,0.0
2025-06-12 00:00:00-04:00,227.47000122070312,231.22000122070312,225.85000610351562,227.02000427246094,341700,0.0,0.0
2025-06-13 00:00:00-04:00,222.5,228.2100067138672,222.5,225.57000732421875,401200,0.0,0.0
2025-06-16 00:00:00-04:00,226.33999633789062,229.13999938964844,225.14700317382812,227.5800018310547,241400,0.0,0.0
2025-06-17 00:00:00-04:00,225.35000610351562,225.35000610351562,218.55499267578125,220.6199951171875,259600,0.0,0.0
2025-06-18 00:00:00-04:00,221.27000427246094,227.14999389648438,219.8300018310547,223.72999572753906,280400,0.0,0.0
2025-06-20 00:00:00-04:00,223.72999572753906,225.77999877929688,221.1649932861328,223.2899932861328,373900,0.0,0.0
2025-06-23 00:00:00-04:00,222.0399932861328,230.0,219.0,228.52999877929688,218500,0.0,0.0
2025-06-24 00:00:00-04:00,228.89999389648438,232.90499877929688,228.3350067138672,232.5800018310547,230200,0.0,0.0
2025-06-25 00:00:00-04:00,234.13999938964844,235.38999938964844,229.7100067138672,230.7899932861328,240200,0.0,0.0
2025-06-26 00:00:00-04:00,232.02000427246094,232.02000427246094,227.72000122070312,229.2899932861328,199600,0.0,0.0
2025-06-27 00:00:00-04:00,229.24000549316406,231.75999450683594,223.67999267578125,227.3300018310547,441400,0.0,0.0
2025-06-30 00:00:00-04:00,228.74000549316406,230.75,224.66000366210938,230.27999877929688,351800,0.0,0.0
2025-07-01 00:00:00-04:00,229.63999938964844,232.91000366210938,226.91000366210938,229.80999755859375,329400,0.0,0.0
2025-07-02 00:00:00-04:00,229.16000366210938,233.3470001220703,227.44000244140625,232.64999389648438,230000,0.0,0.0
2025-07-03 00:00:00-04:00,232.1300048828125,237.31500244140625,231.92999267578125,235.49000549316406,159100,0.0,0.0
2025-07-07 00:00:00-04:00,233.4199981689453,241.0399932861328,233.4199981689453,240.77000427246094,253000,0.0,0.0
2025-07-08 00:00:00-04:00,240.8000030517578,243.64999389648438,238.4499969482422,243.02999877929688,302500,0.0,0.0
2025-07-09 00:00:00-04:00,244.89999389648438,246.6300048828125,240.92999267578125,246.38999938964844,175400,0.0,0.0
2025-07-10 00:00:00-04:00,245.17999267578125,248.8470001220703,241.75,245.36000061035156,192700,0.0,0.0
2025-07-11 00:00:00-04:00,243.89999389648438,243.9949951171875,236.2100067138672,237.67999267578125,250800,0.0,0.0
2025-07-14 00:00:00-04:00,236.05999755859375,243.38499450683594,236.05999755859375,242.0500030517578,247000,0.0,0.0
2025-07-15 00:00:00-04:00,243.02999877929688,244.9499969482422,239.6300048828125,240.60000610351562,233600,0.0,0.0
2025-07-16 00:00:00-04:00,240.8800048828125,247.1300048828125,240.8800048828125,245.94000244140625,246600,0.0,0.0
2025-07-17 00:00:00-04:00,247.6699981689453,256.510009765625,247.6699981689453,253.97000122070312,371900,0.0,0.0
2025-07-18 00:00:00-04:00,256.07000732421875,258.3800048828125,249.0449981689453,250.9499969482422,180700,0.0,0.0
2025-07-21 00:00:00-04:00,251.4199981689453,255.9600067138672,250.2899932861328,252.22999572753906,220000,0.0,0.0
2025-07-22 00:00:00-04:00,253.61000061035156,255.66000366210938,251.94500732421875,255.49000549316406,184700,0.0,0.0
2025-07-23 00:00:00-04:00,255.75999450683594,262.4800109863281,255.1999969482422,261.5199890136719,215500,0.0,0.0
2025-07-24 00:00:00-04:00,261.4200134277344,264.9800109863281,260.19500732421875,261.42999267578125,253900,0.0,0.0
2025-07-25 00:00:00-04:00,263.4200134277344,264.80999755859375,258.6199951171875,264.5400085449219,219700,0.0,0.0
2025-07-28 00:00:00-04:00,265.0,266.54998779296875,260.19000244140625,260.489990234375,266100,0.0,0.0
2025-07-29 00:00:00-04:00,259.19000244140625,262.19000244140625,256.6600036621094,260.5799865722656,330200,0.0,0.0
2025-07-30 00:00:00-04:00,261.7200012207031,262.8900146484375,257.5929870605469,259.20001220703125,216300,0.0,0.0
2025-07-31 00:00:00-04:00,263.8500061035156,270.760009765625,260.9100036621094,267.3800048828125,543900,0.0,0.0
2025-08-01 00:00:00-04:00,283.0,320.3599853515625,282.50201416015625,319.1499938964844,1105200,0.0,0.0
2025-08-04 00:00:00-04:00,321.79998779296875,326.0400085449219,315.989990234375,321.25,894600,0.0,0.0
2025-08-05 00:00:00-04:00,321.70001220703125,323.3349914550781,310.32000732421875,313.70001220703125,564400,0.0,0.0
2025-08-06 00:00:00-04:00,315.7099914550781,315.760009765625,302.3599853515625,312.3699951171875,491800,0.0,0.0
2025-08-07 00:00:00-04:00,312.8399963378906,315.3080139160156,298.9599914550781,300.3699951171875,605700,0.0,0.0
2025-08-08 00:00:00-04:00,300.0,300.25,282.739990234375,283.3599853515625,635500,0.0,0.0
2025-08-11 00:00:00-04:00,281.9800109863281,290.5450134277344,279.6310119628906,280.8800048828125,457200,0.0,0.0
2025-08-12 00:00:00-04:00,281.07000732421875,281.07000732421875,268.6000061035156,272.44000244140625,410100,0.0,0.0
2025-08-13 00:00:00-04:00,275.760009765625,275.760009765625,264.3299865722656,268.7200012207031,303500,0.0,0.0
2025-08-14 00:00:00-04:00,268.5,270.864990234375,264.8999938964844,265.3999938964844,239900,0.0,0.0
2025-08-15 00:00:00-04:00,264.9800109863281,268.0,263.7300109863281,265.2950134277344,274400,0.0,0.0
2025-08-18 00:00:00-04:00,266.7300109863281,272.79998779296875,265.260009765625,269.1000061035156,314600,0.0,0.0
2025-08-19 00:00:00-04:00,268.1199951171875,273.5,266.5899963378906,269.92999267578125,267200,0.0,0.0
2025-08-20 00:00:00-04:00,269.6700134277344,270.3450012207031,266.8949890136719,267.4599914550781,235200,0.0,0.0
2025-08-21 00:00:00-04:00,265.3299865722656,270.3399963378906,264.94500732421875,269.9700012207031,188600,0.0,0.0
2025-08-22 00:00:00-04:00,270.0,276.5199890136719,267.8999938964844,275.32000732421875,328200,0.0,0.0
2025-08-25 00:00:00-04:00,274.30999755859375,277.2449951171875,272.4049987792969,274.7900085449219,242100,0.0,0.0
2025-08-26 00:00:00-04:00,274.8800048828125,278.0,271.8399963378906,273.7300109863281,406600,0.0,0.0
2025-08-27 00:00:00-04:00,274.3399963378906,277.6499938964844,274.1199951171875,276.2699890136719,285600,0.0,0.0
2025-08-28 00:00:00-04:00,276.3900146484375,278.9549865722656,275.2900085449219,276.2200012207031,180300,0.0,0.0
2025-08-29 00:00:00-04:00,276.1300048828125,277.3800048828125,272.7300109863281,277.3800048828125,221100,0.0,0.0
2025-09-02 00:00:00-04:00,272.82000732421875,278.79998779296875,272.4100036621094,273.5400085449219,166700,0.0,0.0
2025-09-03 00:00:00-04:00,273.95001220703125,276.44000244140625,270.6199951171875,276.2900085449219,258000,0.0,0.0
2025-09-04 00:00:00-04:00,275.80999755859375,279.260009765625,272.75,279.239990234375,233900,0.0,0.0
2025-09-05 00:00:00-04:00,281.55999755859375,285.052001953125,280.3599853515625,284.80999755859375,177600,0.0,0.0
2025-09-08 00:00:00-04:00,284.8900146484375,288.7349853515625,284.0849914550781,286.4599914550781,258200,0.0,0.0
2025-09-09 00:00:00-04:00,286.6000061035156,287.5,277.45001220703125,279.5899963378906,202100,0.0,0.0
2025-09-10 00:00:00-04:00,279.5899963378906,280.260009765625,275.5799865722656,276.7200012207031,270200,0.0,0.0
2025-09-11 00:00:00-04:00,276.75,282.67498779296875,275.95001220703125,281.4800109863281,233900,0.0,0.0
2025-09-12 00:00:00-04:00,284.3299865722656,284.4800109863281,275.6499938964844,276.0899963378906,259700,0.0,0.0
2025-09-15 00:00:00-04:00,276.0899963378906,280.6400146484375,275.7300109863281,280.2200012207031,237500,0.0,0.0
2025-09-16 00:00:00-04:00,280.29998779296875,280.29998779296875,273.3999938964844,276.260009765625,164600,0.0,0.0
2025-09-17 00:00:00-04:00,276.45001220703125,278.1000061035156,272.5,276.75,198400,0.0,0.0
2025-09-18 00:00:00-04:00,276.95001220703125,280.6300048828125,275.93499755859375,279.8900146484375,143400,0.0,0.0
2025-09-19 00:00:00-04:00,279.2900085449219,281.8800048828125,276.1050109863281,281.57000732421875,346100,0.0,0.0
2025-09-22 00:00:00-04:00,281.04998779296875,285.6099853515625,278.7799987792969,285.17999267578125,244900,0.0,0.0
2025-09-23 00:00:00-04:00,284.7699890136719,285.44000244140625,280.3399963378906,280.3599853515625,225600,0.0,0.0
2025-09-24 00:00:00-04:00,280.92999267578125,282.4849853515625,276.6400146484375,279.67999267578125,130400,0.0,0.0
2025-09-25 00:00:00-04:00,279.19000244140625,279.3900146484375,275.010009765625,275.9700012207031,154900,0.0,0.0
2025-09-26 00:00:00-04:00,276.3999938964844,279.2300109863281,274.3599853515625,278.5299987792969,142900,0.0,0.0
2025-09-29 00:00:00-04:00,280.17999267578125,282.6099853515625,277.42999267578125,282.5799865722656,177800,0.0,0.0
2025-09-30 00:00:00-04:00,282.4200134277344,283.1400146484375,274.5799865722656,275.6600036621094,244600,0.0,0.0
2025-10-01 00:00:00-04:00,275.2799987792969,277.7300109863281,254.14999389648438,256.5400085449219,495700,0.0,0.0
2025-10-02 00:00:00-04:00,256.20001220703125,257.3550109863281,249.85000610351562,252.85000610351562,364600,0.0,0.0
2025-10-03 00:00:00-04:00,251.9199981689453,255.2530059814453,248.33999633789062,249.86000061035156,313900,0.0,0.0
2025-10-06 00:00:00-04:00,250.0,250.34500122070312,242.09500122070312,243.47999572753906,310900,0.0,0.0
2025-10-07 00:00:00-04:00,242.3300018310547,243.0,236.49000549316406,239.52000427246094,324100,0.0,0.0
2025-10-08 00:00:00-04:00,239.8800048828125,239.8800048828125,233.5780029296875,234.64999389648438,325500,0.0,0.0
2025-10-09 00:00:00-04:00,235.0,236.76400756835938,230.27999877929688,230.72000122070312,207200,0.0,0.0
2025-10-10 00:00:00-04:00,232.38999938964844,232.38999938964844,224.0,224.8699951171875,260000,0.0,0.0
2025-10-13 00:00:00-04:00,224.74000549316406,228.74000549316406,223.3800048828125,225.35000610351562,288100,0.0,0.0
2025-10-14 00:00:00-04:00,224.89999389648438,232.52999877929688,222.91000366210938,227.5,407700,0.0,0.0
2025-10-15 00:00:00-04:00,227.99000549316406,228.97000122070312,225.0,228.5500030517578,333300,0.0,0.0
2025-10-16 00:00:00-04:00,228.83999633789062,230.3699951171875,223.27999877929688,223.30999755859375,302500,0.0,0.0
2025-10-17 00:00:00-04:00,227.91000366210938,237.0749969482422,225.25,235.50999450683594,441600,0.0,0.0
2025-10-20 00:00:00-04:00,236.39999389648438,240.8800048828125,234.6699981689453,240.3800048828125,199900,0.0,0.0
2025-10-21 00:00:00-04:00,239.9499969482422,242.5,236.07400512695312,240.30999755859375,239000,0.0,0.0
2025-10-22 00:00:00-04:00,240.07000732421875,240.74000549316406,236.22000122070312,238.00999450683594,148100,0.0,0.0
2025-10-23 00:00:00-04:00,238.00999450683594,241.24000549316406,237.0,239.5500030517578,151100,0.0,0.0
2025-10-24 00:00:00-04:00,245.92999267578125,247.0,240.88999938964844,242.67999267578125,215500,0.0,0.0
2025-10-27 00:00:00-04:00,242.67999267578125,247.55999755859375,241.9429931640625,245.27000427246094,310300,0.0,0.0
2025-10-28 00:00:00-04:00,244.27999877929688,246.0,240.0,244.27999877929688,193800,0.0,0.0
2025-10-29 00:00:00-04:00,243.00999450683594,244.72999572753906,236.4250030517578,238.6699981689453,365600,0.0,0.0
2025-10-30 00:00:00-04:00,237.24000549316406,240.6300048828125,230.49000549316406,235.7100067138672,478900,0.0,0.0
2025-10-31 00:00:00-04:00,219.0,258.5799865722656,219.0,254.42999267578125,899600,0.0,0.0
2025-11-03 00:00:00-05:00,254.0,264.17999267578125,250.89999389648438,262.260009765625,695300,0.0,0.0
2025-11-04 00:00:00-05:00,262.0,265.0199890136719,254.33999633789062,260.6199951171875,432400,0.0,0.0
2025-11-05 00:00:00-05:00,261.6499938964844,263.3999938964844,253.94500732421875,257.5,299000,0.0,0.0
2025-11-06 00:00:00-05:00,257.6400146484375,258.05999755859375,249.34500122070312,250.27000427246094,209200,0.0,0.0
2025-11-07 00:00:00-05:00,245.8000030517578,253.83999633789062,244.19000244140625,251.8000030517578,160200,0.0,0.0
2025-11-10 00:00:00-05:00,252.6999969482422,257.57000732421875,250.42999267578125,254.9600067138672,198700,0.0,0.0
2025-11-11 00:00:00-05:00,253.66000366210938,256.8599853515625,250.35000610351562,250.7100067138672,198500,0.0,0.0
2025-11-12 00:00:00-05:00,251.4499969482422,252.13999938964844,247.57000732421875,250.35000610351562,184800,0.0,0.0
2025-11-13 00:00:00-05:00,249.8000030517578,251.08999633789062,245.27999877929688,246.5,172600,0.0,0.0
2025-11-14 00:00:00-05:00,243.6699981689453,250.80999755859375,242.42999267578125,247.9600067138672,225300,0.0,0.0
2025-11-17 00:00:00-05:00,245.80999755859375,247.36000061035156,236.3699951171875,238.27999877929688,223100,0.0,0.0
2025-11-18 00:00:00-05:00,235.77999877929688,238.22000122070312,219.8699951171875,228.0800018310547,334500,0.0,0.0
2025-11-19 00:00:00-05:00,231.30999755859375,231.30999755859375,217.35000610351562,221.7899932861328,284900,0.0,0.0
2025-11-20 00:00:00-05:00,223.3800048828125,224.44000244140625,219.63999938964844,221.30999755859375,188500,0.0,0.0
2025-11-21 00:00:00-05:00,222.74000549316406,229.07000732421875,221.30999755859375,228.6199951171875,274900,0.0,0.0
2025-11-24 00:00:00-05:00,228.6199951171875,230.91000366210938,224.2449951171875,226.1199951171875,196600,0.0,0.0
2025-11-25 00:00:00-05:00,225.83999633789062,230.8699951171875,225.83999633789062,229.8800048828125,249100,0.0,0.0
2025-11-26 00:00:00-05:00,228.5800018310547,231.77000427246094,227.19500732421875,228.16000366210938,114500,0.0,0.0
2025-11-28 00:00:00-05:00,229.47999572753906,230.0,227.80499267578125,228.27999877929688,61400,0.0,0.0
2025-12-01 00:00:00-05:00,225.0500030517578,230.33999633789062,224.5399932861328,227.11000061035156,252800,0.0,0.0
2025-12-02 00:00:00-05:00,228.75,233.02000427246094,226.3300018310547,231.32000732421875,155300,0.0,0.0
2025-12-03 00:00:00-05:00,231.50999450683594,237.27000427246094,230.97999572753906,236.42999267578125,170900,0.0,0.0
2025-12-04 00:00:00-05:00,235.42999267578125,236.27499389648438,232.55299377441406,235.75999450683594,157000,0.0,0.0
2025-12-05 00:00:00-05:00,234.6300048828125,240.77999877929688,232.90499877929688,235.41000366210938,172900,0.0,0.0
2025-12-08 00:00:00-05:00,234.0500030517578,235.3000030517578,230.6300048828125,232.57000732421875,200300,0.0,0.0
2025-12-09 00:00:00-05:00,232.35000610351562,234.8699951171875,231.25,233.57000732421875,201600,0.0,0.0
2025-12-10 00:00:00-05:00,233.57000732421875,237.5,230.60000610351562,231.4499969482422,272600,0.0,0.0
2025-12-11 00:00:00-05:00,231.66000366210938,235.7830047607422,229.2480010986328,229.7899932861328,269300,0.0,0.0
2025-12-12 00:00:00-05:00,234.22999572753906,239.0,230.5399932861328,231.42999267578125,203400,0.0,0.0
2025-12-15 00:00:00-05:00,231.13999938964844,231.5,223.08999633789062,224.52000427246094,304800,0.0,0.0
2025-12-16 00:00:00-05:00,224.0,232.23500061035156,222.22999572753906,231.05999755859375,259500,0.0,0.0
2025-12-17 00:00:00-05:00,231.2100067138672,237.33999633789062,230.3300018310547,233.8300018310547,199900,0.0,0.0
2025-12-18 00:00:00-05:00,235.4600067138672,238.8000030517578,234.13999938964844,235.74000549316406,243500,0.0,0.0
2025-12-19 00:00:00-05:00,238.8800048828125,238.97999572753906,232.91000366210938,233.69000244140625,306800,0.0,0.0
2025-12-22 00:00:00-05:00,233.41000366210938,238.1999969482422,232.26499938964844,236.2100067138672,215800,0.0,0.0
2025-12-23 00:00:00-05:00,235.16000366210938,236.60000610351562,232.27000427246094,235.3300018310547,125300,0.0,0.0
2025-12-24 00:00:00-05:00,233.94000244140625,237.86000061035156,233.4499969482422,236.4199981689453,57700,0.0,0.0
2025-12-26 00:00:00-05:00,235.66000366210938,238.57000732421875,235.14999389648438,237.2899932861328,89200,0.0,0.0
2025-12-29 00:00:00-05:00,237.22999572753906,238.1699981689453,234.97999572753906,236.60000610351562,102300,0.0,0.0
2025-12-30 00:00:00-05:00,235.36000061035156,239.67999267578125,234.97999572753906,235.6300048828125,92500,0.0,0.0
2025-12-31 00:00:00-05:00,234.7899932861328,235.7899932861328,232.27999877929688,232.64999389648438,152800,0.0,0.0
2026-01-02 00:00:00-05:00,232.44000244140625,233.49200439453125,225.2449951171875,230.3699951171875,203900,0.0,0.0
2026-01-05 00:00:00-05:00,228.75,239.3350067138672,228.75,233.8000030517578,229200,0.0,0.0
2026-01-06 00:00:00-05:00,231.72000122070312,236.22999572753906,228.6479949951172,234.82000732421875,232300,0.0,0.0
2026-01-07 00:00:00-05:00,236.0,239.86000061035156,225.5399932861328,225.85000610351562,338000,0.0,0.0
2026-01-08 00:00:00-05:00,225.85000610351562,229.5399932861328,224.6300048828125,226.1699981689453,291900,0.0,0.0
2026-01-09 00:00:00-05:00,226.1699981689453,231.89999389648438,222.38999938964844,226.5800018310547,305800,0.0,0.0
2026-01-12 00:00:00-05:00,226.0,229.41000366210938,222.52999877929688,222.80999755859375,335100,0.0,0.0
2026-01-13 00:00:00-05:00,222.50999450683594,225.08999633789062,219.66000366210938,221.1699981689453,375900,0.0,0.0
2026-01-14 00:00:00-05:00,220.6199951171875,221.6699981689453,209.94000244140625,212.9499969482422,423300,0.0,0.0
2026-01-15 00:00:00-05:00,214.4600067138672,220.1199951171875,212.97000122070312,219.6699981689453,386800,0.0,0.0
2026-01-16 00:00:00-05:00,220.02999877929688,222.28500366210938,215.9499969482422,217.88999938964844,224500,0.0,0.0
2026-01-20 00:00:00-05:00,212.75999450683594,218.32000732421875,210.8800048828125,211.2899932861328,383700,0.0,0.0
2026-01-21 00:00:00-05:00,211.35000610351562,218.64999389648438,209.22000122070312,217.80999755859375,439800,0.0,0.0
2026-01-22 00:00:00-05:00,219.64999389648438,226.02999877929688,219.64999389648438,222.47999572753906,251000,0.0,0.0
2026-01-23 00:00:00-05:00,222.47999572753906,223.1750030517578,218.25999450683594,219.42999267578125,227900,0.0,0.0
2026-01-26 00:00:00-05:00,219.7100067138672,227.28799438476562,214.6300048828125,218.86000061035156,377400,0.0,0.0
2026-01-27 00:00:00-05:00,218.44000244140625,218.44000244140625,213.2949981689453,216.05999755859375,308400,0.0,0.0
2026-01-28 00:00:00-05:00,218.14999389648438,221.08999633789062,215.3300018310547,218.0,261000,0.0,0.0
2026-01-29 00:00:00-05:00,214.91000366210938,215.1999969482422,204.06500244140625,207.10000610351562,638500,0.0,0.0
2026-01-30 00:00:00-05:00,194.49000549316406,196.447998046875,186.4499969482422,189.8800048828125,1349300,0.0,0.0
2026-02-02 00:00:00-05:00,192.5,196.9199981689453,191.72999572753906,195.05999755859375,456200,0.0,0.0
2026-02-03 00:00:00-05:00,192.5500030517578,193.4199981689453,179.8800048828125,184.00999450683594,754800,0.0,0.0
2026-02-04 00:00:00-05:00,182.5399932861328,187.03500366210938,180.52999877929688,184.14999389648438,572800,0.0,0.0
2026-02-05 00:00:00-05:00,184.42999267578125,187.0,176.8699951171875,177.36000061035156,510600,0.0,0.0
2026-02-06 00:00:00-05:00,180.02000427246094,185.77999877929688,178.06300354003906,179.72500610351562,546800,0.0,0.0
2026-02-09 00:00:00-05:00,180.4499969482422,184.3300018310547,178.2899932861328,183.7899932861328,663700,0.0,0.0
2026-02-10 00:00:00-05:00,185.4199981689453,188.85499572753906,183.96499633789062,188.3000030517578,461100,0.0,0.0
2026-02-11 00:00:00-05:00,188.0,189.00999450683594,175.6699981689453,178.74000549316406,466000,0.0,0.0
2026-02-12 00:00:00-05:00,178.74000549316406,181.49000549316406,173.10000610351562,175.92999267578125,452900,0.0,0.0
2026-02-13 00:00:00-05:00,177.6300048828125,180.9499969482422,176.97999572753906,178.41000366210938,454200,0.0,0.0
2026-02-17 00:00:00-05:00,177.91000366210938,179.0,166.36000061035156,168.7899932861328,606800,0.0,0.0
2026-02-18 00:00:00-05:00,168.5500030517578,177.08999633789062,168.5500030517578,176.77999877929688,436800,0.0,0.0
2026-02-19 00:00:00-05:00,177.0500030517578,177.5500030517578,173.05999755859375,176.3800048828125,263600,0.0,0.0
2026-02-20 00:00:00-05:00,175.0,176.14999389648438,170.4499969482422,172.22999572753906,413100,0.0,0.0
2026-02-23 00:00:00-05:00,170.55999755859375,170.55999755859375,162.1999969482422,163.3300018310547,486100,0.0,0.0
2026-02-24 00:00:00-05:00,163.8800048828125,169.85000610351562,161.1300048828125,166.25999450683594,528100,0.0,0.0
2026-02-25 00:00:00-05:00,167.0500030517578,169.85000610351562,165.0800018310547,166.69000244140625,402100,0.0,0.0
2026-02-26 00:00:00-05:00,167.75999450683594,177.77999877929688,167.19000244140625,176.64999389648438,534100,0.0,0.0
2026-02-27 00:00:00-05:00,174.0,177.88999938964844,169.99000549316406,177.75999450683594,519900,0.0,0.0
2026-03-02 00:00:00-05:00,174.58999633789062,181.99000549316406,174.58999633789062,180.60000610351562,367200,0.0,0.0
2026-03-03 00:00:00-05:00,177.1699981689453,189.50999450683594,175.27999877929688,188.39999389648438,506100,0.0,0.0
2026-03-04 00:00:00-05:00,188.66000366210938,189.89999389648438,186.19000244140625,188.25999450683594,211300,0.0,0.0
2026-03-05 00:00:00-05:00,188.0500030517578,193.3000030517578,187.55999755859375,189.89999389648438,380100,0.0,0.0
2026-03-06 00:00:00-05:00,189.83999633789062,192.08999633789062,187.0399932861328,191.1699981689453,247400,0.0,0.0
2026-03-09 00:00:00-04:00,189.3699951171875,191.6199951171875,186.47999572753906,189.7100067138672,437900,0.0,0.0
2026-03-10 00:00:00-04:00,188.4600067138672,188.4600067138672,180.61000061035156,185.16000366210938,307900,0.0,0.0
2026-03-11 00:00:00-04:00,186.24000549316406,188.17999267578125,176.99000549316406,178.99000549316406,454300,0.0,0.0
2026-03-12 00:00:00-04:00,177.88999938964844,183.07000732421875,174.6649932861328,176.1199951171875,262500,0.0,0.0
2026-03-13 00:00:00-04:00,177.5800018310547,179.97000122070312,171.72000122070312,172.5,282300,0.0,0.0
2026-03-16 00:00:00-04:00,172.5,175.19000244140625,170.02000427246094,170.39999389648438,471800,0.0,0.0
2026-03-17 00:00:00-04:00,171.4499969482422,177.36500549316406,167.55999755859375,168.47999572753906,428600,0.0,0.0
2026-03-18 00:00:00-04:00,165.9499969482422,169.52999877929688,165.60000610351562,167.6699981689453,285200,0.0,0.0
2026-03-19 00:00:00-04:00,166.17999267578125,172.6699981689453,165.02000427246094,166.8000030517578,237400,0.0,0.0
2026-03-20 00:00:00-04:00,163.9600067138672,168.89999389648438,161.13999938964844,166.10000610351562,843000,0.0,0.0
2026-03-23 00:00:00-04:00,167.8000030517578,168.67999267578125,164.5749969482422,166.97000122070312,416000,0.0,0.0
2026-03-24 00:00:00-04:00,165.0500030517578,165.0500030517578,158.7100067138672,161.0500030517578,473300,0.0,0.0
2026-03-25 00:00:00-04:00,163.22999572753906,164.81500244140625,155.72500610351562,158.57000732421875,281000,0.0,0.0
2026-03-26 00:00:00-04:00,158.57000732421875,164.33999633789062,158.0399932861328,158.6300048828125,338400,0.0,0.0
2026-03-27 00:00:00-04:00,156.66000366210938,157.61000061035156,154.16000366210938,155.67999267578125,368400,0.0,0.0
2026-03-30 00:00:00-04:00,157.0,159.0,154.08999633789062,155.82000732421875,403000,0.0,0.0
2026-03-31 00:00:00-04:00,158.0,161.8699951171875,155.1300048828125,157.82000732421875,287200,0.0,0.0
2026-04-01 00:00:00-04:00,159.99000549316406,161.22999572753906,152.80999755859375,154.13999938964844,407800,0.0,0.0
2026-04-02 00:00:00-04:00,154.13999938964844,158.13499450683594,150.11900329589844,157.11000061035156,222000,0.0,0.0
2026-04-06 00:00:00-04:00,156.24000549316406,159.80999755859375,154.1199951171875,159.49000549316406,291000,0.0,0.0
2026-04-07 00:00:00-04:00,159.02000427246094,160.2100067138672,156.2100067138672,156.63999938964844,171100,0.0,0.0
2026-04-08 00:00:00-04:00,160.6199951171875,163.72999572753906,154.52000427246094,154.66000366210938,301200,0.0,0.0
2026-04-09 00:00:00-04:00,153.3300018310547,153.3699951171875,145.4499969482422,148.61000061035156,404100,0.0,0.0
2026-04-10 00:00:00-04:00,148.7100067138672,149.4949951171875,142.72999572753906,143.33999633789062,334400,0.0,0.0
2026-04-13 00:00:00-04:00,143.49000549316406,149.13999938964844,143.13999938964844,148.52000427246094,300900,0.0,0.0
2026-04-14 00:00:00-04:00,149.8800048828125,152.53500366210938,147.16000366210938,148.83999633789062,201481,0.0,0.0
