Date,Open,High,Low,Close,Volume,Dividends,Stock Splits
2022-01-04 00:00:00-05:00,59.759457892552184,60.96799173119755,59.164204952872765,60.4809684753418,963900,0.0,0.0
2022-01-05 00:00:00-05:00,61.17544745342318,61.653449983247825,59.73241900086696,59.89476013183594,1711900,0.0,0.0
2022-01-06 00:00:00-05:00,58.893649467995026,58.94776087717758,57.24318267891235,57.38748550415039,1022700,0.0,0.0
2022-01-07 00:00:00-05:00,57.64001648682996,57.84745158991426,56.494611268576875,57.16201400756836,898300,0.0,0.0
2022-01-10 00:00:00-05:00,57.36043158406305,58.98384281643078,56.89144993965798,58.956787109375,1108000,0.0,0.0
2022-01-11 00:00:00-05:00,59.17324072761181,59.17324072761181,57.99176229191398,58.776405334472656,1071000,0.0,0.0
2022-01-12 00:00:00-05:00,58.875611202333,59.380669400104864,57.94666192533037,59.28146743774414,738200,0.0,0.0
2022-01-13 00:00:00-05:00,58.9567775277446,59.164209168728604,58.21722517116928,58.433677673339844,911400,0.0,0.0
2022-01-14 00:00:00-05:00,58.36153594670669,58.58700935411055,57.58590687476523,58.18115997314453,566900,0.0,0.0
2022-01-17 00:00:00-05:00,58.04587172151497,58.424665376062414,57.2702426874024,58.14508056640625,241000,0.0,0.0
2022-01-18 00:00:00-05:00,57.7572626556157,58.190167697975326,56.7291045788846,56.80125427246094,743700,0.0,0.0
2022-01-19 00:00:00-05:00,57.47768057374004,61.446010477789045,57.162019179713255,61.23857879638672,1441700,0.0,0.0
2022-01-20 00:00:00-05:00,61.54522533535959,61.635413330899404,59.07403847687301,59.11011505126953,873300,0.0,0.0
2022-01-21 00:00:00-05:00,59.24539381871,59.65124319342431,57.351415161421755,57.72119140625,860300,0.0,0.0
2022-01-24 00:00:00-05:00,57.54080860747941,57.74824371402939,55.61977435575875,57.32435607910156,1005100,0.0,0.0
2022-01-25 00:00:00-05:00,56.72911075687934,57.41454840252965,56.26012565598126,57.333377838134766,829300,0.0,0.0
2022-01-26 00:00:00-05:00,56.81928660383838,58.01880652800229,55.24999050764846,55.4754638671875,1115500,0.0,0.0
2022-01-27 00:00:00-05:00,54.528482773498645,55.60173829134907,53.60855094696292,53.653648376464844,836900,0.0,0.0
2022-01-28 00:00:00-05:00,53.52737606407267,53.626584896236885,52.32785953810213,53.2477912902832,1007300,0.0,0.0
2022-01-31 00:00:00-05:00,53.60855437037478,54.871206787142555,53.53640467137577,54.75395965576172,1072100,0.0,0.0
2022-02-01 00:00:00-05:00,55.24999893524808,55.58370203539182,54.19478510306375,54.7810173034668,731300,0.0,0.0
2022-02-02 00:00:00-05:00,54.79906068880717,56.33228069461356,54.248908411841235,55.54763412475586,986700,0.0,0.0
2022-02-03 00:00:00-05:00,55.845254882758326,55.93544631481688,54.65475550319613,55.114723205566406,681000,0.0,0.0
2022-02-04 00:00:00-05:00,54.9343371850305,56.06170414699587,54.77199606727142,55.43037796020508,621600,0.0,0.0
2022-02-07 00:00:00-05:00,55.827210493282216,56.55774204559167,55.38528115287031,56.24208068847656,1321900,0.0,0.0
2022-02-08 00:00:00-05:00,56.58480504414719,57.044769258759295,55.94445798397014,56.693031311035156,9333900,0.0,0.0
2022-02-09 00:00:00-05:00,55.93544525160237,57.61296801104058,55.863292107327,56.503639221191406,4828500,0.0,0.0
2022-02-10 00:00:00-05:00,56.4855882004914,56.90045836518877,53.7348138435016,54.140663146972656,2307300,0.0,0.0
2022-02-11 00:00:00-05:00,54.37516422291199,57.90156450755767,54.068520271144855,57.23416519165039,2608000,0.0,0.0
2022-02-14 00:00:00-05:00,57.937639446538064,60.508034675488375,57.85647233026148,60.21942901611328,2078000,0.0,0.0
2022-02-15 00:00:00-05:00,58.875615944281684,59.87671843899715,58.37055770583151,59.3446044921875,1342700,0.0,0.0
2022-02-16 00:00:00-05:00,59.38066295239217,60.54410635813129,59.38066295239217,59.8045539855957,1984100,0.0,0.0
2022-02-17 00:00:00-05:00,60.91390740620303,64.93635288415179,60.73352451964937,64.3501205444336,3730700,0.0,0.0
2022-02-18 00:00:00-05:00,64.05247586285046,64.25089354160234,62.60043360114222,63.213714599609375,1432900,0.0,0.0
2022-02-22 00:00:00-05:00,63.13255203345971,63.637610247838715,61.256611693048974,61.76167678833008,1856200,0.0,0.0
2022-02-23 00:00:00-05:00,61.43698064698294,63.40310852659788,61.418938925748556,62.979217529296875,2214400,0.0,0.0
2022-02-24 00:00:00-05:00,64.23286136062336,64.97241381513928,58.75836764854896,60.03905487060547,2753700,0.0,0.0
2022-02-25 00:00:00-05:00,59.615174234327384,59.77751538112011,58.23527792704076,59.371665954589844,1811200,0.0,0.0
2022-02-28 00:00:00-05:00,60.336686295168064,60.426874283589946,57.640022779758574,57.74824905395508,2852000,0.0,0.0
2022-03-01 00:00:00-05:00,58.08195110073556,60.96800796201712,58.05489539280203,60.78763198852539,2020900,0.0,0.0
2022-03-02 00:00:00-05:00,59.660252672374156,61.094259944915095,58.59601813365348,59.975914001464844,1796700,0.0,0.0
2022-03-03 00:00:00-05:00,60.03905490354026,60.643321946277034,59.470864429446245,60.39079284667969,974400,0.0,0.0
2022-03-04 00:00:00-05:00,61.52403475447433,65.58625813485843,61.24231686040551,65.33180236816406,3644700,0.507,0.0
2022-03-07 00:00:00-05:00,65.84071704829806,68.73971024326057,64.93194244758504,67.88545989990234,3183700,0.0,0.0
2022-03-08 00:00:00-05:00,69.06687617256327,74.12875089892695,68.7033649112907,71.44786834716797,4483500,0.0,0.0
2022-03-09 00:00:00-05:00,67.67643825184625,72.42024226012745,66.92215375140938,71.5296401977539,3192600,0.0,0.0
2022-03-10 00:00:00-05:00,71.78410694471688,73.61983560207428,70.61178682592535,72.02947998046875,2153600,0.0,0.0
2022-03-11 00:00:00-05:00,69.74844332360688,71.64777871279138,69.17591788094823,71.08434295654297,2447500,0.0,0.0
2022-03-14 00:00:00-04:00,69.17592073211588,70.593606800978,68.58521589229015,69.3395004272461,1567700,0.0,0.0
2022-03-15 00:00:00-04:00,67.15843056181973,69.83022262349454,66.84944365578203,69.30313873291016,1762200,0.0,0.0
2022-03-16 00:00:00-04:00,68.40346333321682,68.97599578735745,67.14935684013766,68.81241607666016,1675200,0.0,0.0
2022-03-17 00:00:00-04:00,69.7030033385646,71.2933587583282,69.06686394401892,70.0846939086914,1406900,0.0,0.0
2022-03-18 00:00:00-04:00,69.43037747348485,70.16648264524608,68.79423112416806,69.10321807861328,5246600,0.0,0.0
2022-03-21 00:00:00-04:00,69.51214788975491,72.06580852060375,69.34856822989057,71.45692443847656,1500700,0.0,0.0
2022-03-22 00:00:00-04:00,71.41151256156577,71.43877469130199,69.83932939057492,69.97564697265625,1765800,0.0,0.0
2022-03-23 00:00:00-04:00,70.88441646428615,71.61143889369,69.46673035368835,71.49329376220703,1797400,0.0,0.0
2022-03-24 00:00:00-04:00,72.20213738929016,72.76558012321014,70.46638155210724,70.79354095458984,1441500,0.0,0.0
2022-03-25 00:00:00-04:00,70.70265535482874,70.70265535482874,69.38492823536616,70.2482681274414,957600,0.0,0.0
2022-03-28 00:00:00-04:00,69.26679886159762,69.41219918748614,68.33984491713441,68.73970794677734,1260800,0.0,0.0
2022-03-29 00:00:00-04:00,67.1584323967143,68.88510521666963,66.30418220577458,68.83057403564453,1758100,0.0,0.0
2022-03-30 00:00:00-04:00,68.9487424096365,70.15740755128509,68.9487424096365,69.99382781982422,830400,0.0,0.0
2022-03-31 00:00:00-04:00,70.33006431612496,71.11161101098153,69.52125549316406,69.52125549316406,1845300,0.0,0.0
2022-04-01 00:00:00-04:00,69.01234198067468,72.11125961033946,68.99416260685632,71.92041778564453,1282400,0.0,0.0
2022-04-04 00:00:00-04:00,72.24758027279353,72.91098877756671,71.08434990101581,71.91133117675781,1328200,0.0,0.0
2022-04-05 00:00:00-04:00,72.02038177139163,73.51986113816989,70.93893785796618,71.2479248046875,980400,0.0,0.0
2022-04-06 00:00:00-04:00,71.37515024260225,72.33844899635186,70.49363786602795,71.46602630615234,871300,0.0,0.0
2022-04-07 00:00:00-04:00,71.86589650194644,72.68379502259377,71.67505466936205,72.03855895996094,1679100,0.0,0.0
2022-04-08 00:00:00-04:00,72.69287278752967,74.51042184938444,72.53838278128788,74.38319396972656,1200900,0.0,0.0
2022-04-11 00:00:00-04:00,75.33740300192447,75.83722478746282,72.86553539808772,73.30175018310547,1359500,0.0,0.0
2022-04-12 00:00:00-04:00,74.06510672734588,75.91900716332644,73.62889200512782,74.53766632080078,1385900,0.0,0.0
2022-04-13 00:00:00-04:00,75.337394927354,75.7281681748044,74.62855204439701,74.9557113647461,1104100,0.0,0.0
2022-04-14 00:00:00-04:00,74.74669976536465,75.60094998137076,74.10147072705752,75.43737030029297,1114300,0.0,0.0
2022-04-18 00:00:00-04:00,75.97354783721893,76.9368535349129,75.3555808915546,75.38284301757812,1148100,0.0,0.0
2022-04-19 00:00:00-04:00,74.83757260911487,75.33740131687246,72.97458919548825,73.53802490234375,1020600,0.0,0.0
2022-04-20 00:00:00-04:00,72.86554346060355,73.89245620275746,72.47477012803178,73.70161437988281,861600,0.0,0.0
2022-04-21 00:00:00-04:00,73.24724320325383,73.329036535832,69.98474519036994,70.56636047363281,1286800,0.0,0.0
2022-04-22 00:00:00-04:00,69.52125906732311,70.39368187851288,68.32167683526218,68.93964385986328,1301200,0.0,0.0
2022-04-25 00:00:00-04:00,66.7313189025095,68.2853226306138,65.32271550448633,66.4677734375,1422400,0.0,0.0
2022-04-26 00:00:00-04:00,67.32201859621267,67.44924647526787,65.02282015320158,65.2318344116211,1282900,0.0,0.0
2022-04-27 00:00:00-04:00,65.33180089490214,65.81345029005502,64.15948091043975,64.27762603759766,1335900,0.0,0.0
2022-04-28 00:00:00-04:00,64.55934416640554,65.17731113106402,64.00499114222369,64.99555206298828,1224000,0.0,0.0
2022-04-29 00:00:00-04:00,67.24930980402719,69.53033563197494,66.44959077805694,67.9581527709961,1679200,0.0,0.0
2022-05-02 00:00:00-04:00,66.06790895939794,67.42198807086545,64.95920979976788,67.27658081054688,1229400,0.0,0.0
2022-05-03 00:00:00-04:00,67.26748111419737,68.41253885192519,66.60407965455573,67.43106079101562,1083000,0.0,0.0
2022-05-04 00:00:00-04:00,67.3492882065578,69.23954109599447,66.93125270986702,69.00325775146484,970100,0.0,0.0
2022-05-05 00:00:00-04:00,69.51215563657382,69.86657711687891,67.11299164678601,67.6855239868164,911800,0.0,0.0
2022-05-06 00:00:00-04:00,67.34927072069559,68.05811363684771,66.59498631160103,67.16751861572266,698300,0.0,0.0
2022-05-09 00:00:00-04:00,65.78620104347614,66.21332626873586,63.759637312368326,63.914127349853516,1623200,0.0,0.0
2022-05-10 00:00:00-04:00,64.7683535643193,65.34088591901553,62.550948567502104,63.31431579589844,1092800,0.0,0.0
2022-05-11 00:00:00-04:00,63.90502731573433,65.03190583819651,62.450989394267054,62.660003662109375,1228200,0.0,0.0
2022-05-12 00:00:00-04:00,61.533125061320895,62.36011324480881,58.87950499134598,59.9609489440918,1252300,0.0,0.0
2022-05-13 00:00:00-04:00,59.32479615675881,60.279012121438974,58.68865680257134,59.4702033996582,1296800,0.0,0.0
2022-05-16 00:00:00-04:00,59.30661714848934,60.615247522627456,59.01580962830329,60.324440002441406,1743900,0.0,0.0
2022-05-17 00:00:00-04:00,61.16960869532498,61.33318838083985,60.15178570403166,60.651607513427734,909800,0.0,0.0
2022-05-18 00:00:00-04:00,60.64251936741096,60.82427147586398,59.40658561641459,59.606510162353516,654800,0.0,0.0
2022-05-19 00:00:00-04:00,60.66069922345235,63.7959685447879,60.58799559782038,62.923545837402344,1980000,0.0,0.0
2022-05-20 00:00:00-04:00,63.0507875546007,63.150753328436345,61.56948725756479,62.83268356323242,814700,0.0,0.0
2022-05-24 00:00:00-04:00,62.87811860342424,64.7229299852063,62.305586151560725,64.06861114501953,1019400,0.0,0.0
2022-05-25 00:00:00-04:00,63.241614833317925,64.2140102152419,62.9144623883912,63.805057525634766,850000,0.0,0.0
2022-05-26 00:00:00-04:00,63.51424261394165,64.10494736390076,62.096556760758546,62.2783088684082,1233400,0.0,0.0
2022-05-27 00:00:00-04:00,62.76905999931973,62.859936070691965,61.84211297788319,62.47825241088867,1238400,0.0,0.0
2022-05-30 00:00:00-04:00,62.71454377900844,63.023523847944695,62.378294645106585,62.86903381347656,656400,0.0,0.0
2022-05-31 00:00:00-04:00,62.883666033205884,63.87236878879143,60.83300724243307,61.373138427734375,2488900,0.506,0.0
2022-06-01 00:00:00-04:00,61.81255685182098,62.32522501297076,60.73230152635905,61.59284591674805,684400,0.0,0.0
2022-06-02 00:00:00-04:00,62.737209961820355,64.28435777870494,62.37102026152673,63.84492874145508,819800,0.0,0.0
2022-06-03 00:00:00-04:00,63.020982058926904,63.79913752448947,62.2153705820269,62.480857849121094,637100,0.0,0.0
2022-06-06 00:00:00-04:00,62.7921167470041,63.11253700196155,60.961175790609374,61.46468734741211,872300,0.0,0.0
2022-06-07 00:00:00-04:00,61.21752051014501,62.16045409481954,60.76893489483504,61.354835510253906,1655800,0.0,0.0
2022-06-08 00:00:00-04:00,60.71400149336996,61.51046331933917,60.36612522802529,60.99779510498047,1216000,0.0,0.0
2022-06-09 00:00:00-04:00,60.768932485814425,60.86048512823936,59.43234632334511,59.679527282714844,1032600,0.0,0.0
2022-06-10 00:00:00-04:00,59.340797826256825,63.469571757482385,58.83728625495408,63.1491584777832,1253300,0.0,0.0
2022-06-13 00:00:00-04:00,61.3365295935524,62.31608284648788,59.606290735418554,59.661216735839844,1612500,0.0,0.0
2022-06-14 00:00:00-04:00,59.65206226278592,59.65206226278592,56.91480038709312,57.57394027709961,1333000,0.0,0.0
2022-06-15 00:00:00-04:00,58.80067831245826,59.47812458468738,56.9971966635974,58.08660888671875,1524300,0.0,0.0
2022-06-16 00:00:00-04:00,57.555625932171004,60.97948693501186,56.96057223792695,60.942867279052734,1430100,0.0,0.0
2022-06-17 00:00:00-04:00,60.6590799717317,61.02526958484425,59.542204794757076,60.50344467163086,3382000,0.0,0.0
2022-06-20 00:00:00-04:00,60.56753030397817,60.56753030397817,59.09362227255012,59.92669677734375,236500,0.0,0.0
2022-06-21 00:00:00-04:00,59.816846320467505,61.528778876029705,59.79853998143677,60.8330192565918,1961000,0.0,0.0
2022-06-22 00:00:00-04:00,61.11681033624842,61.98650448615653,59.82599362514787,59.84430694580078,3254300,0.0,0.0
2022-06-23 00:00:00-04:00,59.780229997548815,60.62246123134038,56.83241369479232,57.2718391418457,922000,0.0,0.0
2022-06-24 00:00:00-04:00,57.27183071425934,58.278846779043235,56.17326551215894,58.07744216918945,1100600,0.0,0.0
2022-06-27 00:00:00-04:00,58.315475807460246,59.50558684593023,57.95844284514355,59.0478515625,923500,0.0,0.0
2022-06-28 00:00:00-04:00,59.267558482864004,59.285871804258925,57.11620419501411,57.24436950683594,808000,0.0,0.0
2022-06-29 00:00:00-04:00,57.912662714662,58.3978644579164,55.81623790851742,56.420448303222656,695300,0.0,0.0
2022-06-30 00:00:00-04:00,56.26482174606144,56.39298707018226,53.83882677261252,53.93952560424805,1758800,0.0,0.0
2022-07-04 00:00:00-04:00,54.47049952051763,56.603547648606195,54.47049952051763,56.43876266479492,500500,0.0,0.0
2022-07-05 00:00:00-04:00,55.514132087312035,56.04510666818496,53.05151763182273,54.34233093261719,1452300,0.0,0.0
2022-07-06 00:00:00-04:00,54.406423569910984,55.18457226214282,52.36492434338228,53.99446105957031,1765200,0.0,0.0
2022-07-07 00:00:00-04:00,54.44304192971544,55.111335100572305,53.42686892600039,53.80221176147461,1051700,0.0,0.0
2022-07-08 00:00:00-04:00,53.91205896329403,54.51626937352034,53.005745094076026,53.582489013671875,705900,0.0,0.0
2022-07-11 00:00:00-04:00,53.436013702584795,54.71767383774782,53.207146070751605,53.472633361816406,842500,0.0,0.0
2022-07-12 00:00:00-04:00,53.472634852442965,53.60080017108348,52.12689202223157,52.32829666137695,1359700,0.0,0.0
2022-07-13 00:00:00-04:00,51.916334335110754,54.39725870098415,51.641693867063594,53.1522216796875,875700,0.0,0.0
2022-07-14 00:00:00-04:00,51.73323661547762,52.03534355790497,50.44242334525031,51.586761474609375,1475500,0.0,0.0
2022-07-15 00:00:00-04:00,51.86140817663041,51.907181005789695,50.204405220017506,50.83607864379883,1201600,0.0,0.0
2022-07-18 00:00:00-04:00,51.56845844164188,51.9438012324297,50.735376877540844,50.74453353881836,931400,0.0,0.0
2022-07-19 00:00:00-04:00,50.89100992111171,51.22973305947586,50.25017981365075,50.62552261352539,2758400,0.0,0.0
2022-07-20 00:00:00-04:00,50.735375567401846,51.202267497692986,48.35515356419864,48.39177322387695,1241400,0.0,0.0
2022-07-21 00:00:00-04:00,48.39176547626676,49.43540116431008,48.281910007062834,48.74879837036133,2039700,0.0,0.0
2022-07-22 00:00:00-04:00,49.38047697818407,49.49033595140953,47.21996955505836,47.60446548461914,2026400,0.0,0.0
2022-07-25 00:00:00-04:00,47.25658225071469,47.265738910599204,44.748195247707066,45.1510009765625,2122600,0.0,0.0
2022-07-26 00:00:00-04:00,45.498884247244554,46.643222364669,45.389028765799786,46.579139709472656,1718100,0.0,0.0
2022-07-27 00:00:00-04:00,46.45097827453886,46.91786672881425,45.77352851591635,46.37773895263672,1527300,0.0,0.0
2022-07-28 00:00:00-04:00,50.58889897690014,50.63467529631286,48.77626778147952,49.3347053527832,1916900,0.0,0.0
2022-07-29 00:00:00-04:00,49.8931465286429,51.01917492113759,48.78542796678752,50.40581130981445,1365900,0.0,0.0
2022-08-02 00:00:00-04:00,52.154357249999784,52.52970002788629,49.7192057780974,49.774131774902344,1936400,0.0,0.0
2022-08-03 00:00:00-04:00,49.97554031854193,50.10370564410321,48.75796274122336,50.08539581298828,1318200,0.0,0.0
2022-08-04 00:00:00-04:00,50.68045470024055,52.45646646749962,50.41496737906333,51.52268600463867,1667800,0.0,0.0
2022-08-05 00:00:00-04:00,50.7079172734343,51.5318422314252,49.89314897733401,51.45860290527344,1945200,0.0,0.0
2022-08-08 00:00:00-04:00,52.25506314165541,53.44517421449256,52.02619549333122,53.0057487487793,2350200,0.0,0.0
2022-08-09 00:00:00-04:00,53.564178297255,53.77473958888341,52.4106869849162,52.98743438720703,1689600,0.0,0.0
2022-08-10 00:00:00-04:00,53.22545556604701,54.87330180644691,52.70363764812442,53.719810485839844,1794000,0.0,0.0
2022-08-11 00:00:00-04:00,53.85712709328238,53.85712709328238,52.392372309390026,52.502227783203125,1155400,0.0,0.0
2022-08-12 00:00:00-04:00,53.03320672530701,54.09515237324506,52.87757492322287,54.05853271484375,1242400,0.0,0.0
2022-08-15 00:00:00-04:00,53.426861185919805,53.82966696565461,52.978279085465374,53.69234848022461,1755600,0.0,0.0
2022-08-16 00:00:00-04:00,53.37193695234028,53.6008046095049,52.44731315398228,53.48179244995117,707600,0.0,0.0
2022-08-17 00:00:00-04:00,53.17053028132633,53.417704252287585,51.55014701737188,51.57761001586914,2069800,0.0,0.0
2022-08-18 00:00:00-04:00,51.54099240618407,52.54801212879627,51.54099240618407,52.30083465576172,785300,0.0,0.0
2022-08-19 00:00:00-04:00,52.126888103546825,52.282519901798416,51.44944190101945,52.017032623291016,1835700,0.0,0.0
2022-08-22 00:00:00-04:00,51.18396095884542,52.97828249153748,51.10156846539307,52.91419982910156,4751900,0.0,0.0
2022-08-23 00:00:00-04:00,53.09729686753713,54.70852364968912,52.740263878393655,53.280391693115234,1588900,0.0,0.0
2022-08-24 00:00:00-04:00,53.24376891240338,54.34233430931335,53.069830759021194,54.27825164794922,1164500,0.0,0.0
2022-08-25 00:00:00-04:00,54.818373280366046,54.818373280366046,53.362775078534796,53.91205596923828,1698400,0.0,0.0
2022-08-26 00:00:00-04:00,53.8754365883573,54.47049379987489,51.440285240523195,52.017032623291016,1441600,0.0,0.0
2022-08-29 00:00:00-04:00,51.54098765356052,52.41983848181531,51.36704951846096,51.86140441894531,1485800,0.0,0.0
2022-08-30 00:00:00-04:00,51.73323992996354,51.87056191118181,50.479046237659325,50.74453353881836,847400,0.0,0.0
2022-08-31 00:00:00-04:00,50.69277462302014,51.09018408818886,49.87947464713334,50.05507278442383,2091700,0.524,0.0
2022-09-01 00:00:00-04:00,49.15859142999189,49.85174699540641,48.69648771971554,48.87208938598633,1570200,0.0,0.0
2022-09-02 00:00:00-04:00,49.81478382307778,51.0347373960406,49.19556298761707,50.498695373535156,1100600,0.0,0.0
2022-09-06 00:00:00-04:00,50.60959538714631,51.43214292998448,49.80553594084381,49.85174560546875,1684900,0.0,0.0
2022-09-07 00:00:00-04:00,49.916444341464086,51.84803811173664,49.472825175039944,51.4044189453125,1798500,0.0,0.0
2022-09-08 00:00:00-04:00,50.87761558261157,52.09756904261487,50.75746763600736,51.97742462158203,1471900,0.0,0.0
2022-09-09 00:00:00-04:00,52.670588498342305,53.2990463729776,52.41180799347515,53.058753967285156,1049400,0.0,0.0
2022-09-12 00:00:00-04:00,54.50051722552367,54.50051722552367,53.48388686349456,53.8073616027832,2069600,0.0,0.0
2022-09-13 00:00:00-04:00,52.26391846701869,53.345242765945855,51.9404473447935,52.09756088256836,894600,0.0,0.0
2022-09-14 00:00:00-04:00,52.4395297895752,53.14192586717687,52.13453965319362,52.34710693359375,1592700,0.0,0.0
2022-09-15 00:00:00-04:00,52.05136051008545,52.05136051008545,49.26025373772291,50.202945709228516,1083400,0.0,0.0
2022-09-16 00:00:00-04:00,49.64842380296882,51.65395221501849,49.44509704208949,51.13639831542969,2317100,0.0,0.0
2022-09-19 00:00:00-04:00,50.38778903854717,51.33048103145779,49.85174704185285,51.31199645996094,2052100,0.0,0.0
2022-09-20 00:00:00-04:00,50.74822670833846,50.86837465398354,49.62069258514159,50.803680419921875,1916200,0.0,0.0
2022-09-21 00:00:00-04:00,51.30276585641009,52.125313638514605,50.25841373492929,51.0901985168457,1201600,0.0,0.0
2022-09-22 00:00:00-04:00,51.45986422313522,52.25468308804085,51.053214268668434,51.29350662231445,1070800,0.0,0.0
2022-09-23 00:00:00-04:00,50.193707768166604,50.23067338665076,47.93863933876699,49.0661735534668,1576600,0.0,0.0
2022-09-26 00:00:00-04:00,48.955265783638595,49.260252384102124,46.68171296162516,47.62440490722656,2134600,0.0,0.0
2022-09-27 00:00:00-04:00,48.3452902834534,49.07541144881467,47.57819645044454,47.763038635253906,1974700,0.0,0.0
2022-09-28 00:00:00-04:00,49.05693150109056,51.30275228611457,49.05693150109056,51.284271240234375,1479600,0.0,0.0
2022-09-29 00:00:00-04:00,50.757471116160204,52.66133971940413,50.74823059297463,52.44877243041992,926400,0.0,0.0
2022-09-30 00:00:00-04:00,53.021781558233904,54.84247140202477,52.61513154070496,53.93674850463867,1310700,0.0,0.0
2022-10-03 00:00:00-04:00,54.57444976725065,55.581836038923434,54.24173451780691,55.4986572265625,1523700,0.0,0.0
2022-10-04 00:00:00-04:00,56.700118110532706,57.910830978307146,56.4136160954812,56.73708724975586,1979000,0.0,0.0
2022-10-05 00:00:00-04:00,55.74819171101314,56.071662900213745,54.71308037999967,55.89606475830078,1307700,0.0,0.0
2022-10-06 00:00:00-04:00,55.849859024601095,57.41176841690309,55.77592073296532,57.39328384399414,1271600,0.0,0.0
2022-10-07 00:00:00-04:00,56.570731920282405,56.74633357585764,54.029161668564484,54.13082504272461,1373400,0.0,0.0
2022-10-11 00:00:00-04:00,53.61326708942621,54.31566665324646,52.89238648101656,52.92935562133789,1089300,0.0,0.0
2022-10-12 00:00:00-04:00,52.88314761564684,53.75190128699018,52.59664205753667,53.62251281738281,610100,0.0,0.0
2022-10-13 00:00:00-04:00,52.14377548777492,53.28055359792482,50.54489724155091,53.178890228271484,966900,0.0,0.0
2022-10-14 00:00:00-04:00,52.88314872026823,52.88314872026823,51.43214337981178,51.4968376159668,689000,0.0,0.0
2022-10-17 00:00:00-04:00,52.54119230326321,53.567063140388555,52.30089991668698,52.50422668457031,1218800,0.0,0.0
2022-10-18 00:00:00-04:00,53.11420768809353,53.382225191404196,52.319388651033115,53.058753967285156,756900,0.0,0.0
2022-10-19 00:00:00-04:00,52.07908998126412,52.14378422268607,51.23806131720698,51.4044189453125,778700,0.0,0.0
2022-10-20 00:00:00-04:00,51.47834194231539,53.012525759169655,50.87760584978584,52.1714973449707,815000,0.0,0.0
2022-10-21 00:00:00-04:00,52.328621268855215,54.42657246057717,52.18074822794656,54.297183990478516,1553800,0.0,0.0
2022-10-24 00:00:00-04:00,53.80735749624919,54.14007273386355,52.91087516440734,53.63175582885742,1187900,0.0,0.0
2022-10-25 00:00:00-04:00,53.62251860207771,54.35264335999393,53.37298215852768,54.04765319824219,731100,0.0,0.0
2022-10-26 00:00:00-04:00,54.76852714146454,56.70936473191202,54.73156152613485,56.24726104736328,1414900,0.0,0.0
2022-10-27 00:00:00-04:00,55.544865486138086,57.27313592964456,55.29533258095358,56.30271530151367,1547400,0.0,0.0
2022-10-28 00:00:00-04:00,55.72046589524549,56.820271449865245,55.470929470132475,56.783302307128906,942200,0.0,0.0
2022-10-31 00:00:00-04:00,56.38589474156039,56.82027336945847,55.31381424498841,55.387752532958984,1122400,0.0,0.0
2022-11-01 00:00:00-04:00,56.774064583130965,57.67054694803949,56.68164524730545,57.61509323120117,1021100,0.0,0.0
2022-11-02 00:00:00-04:00,57.85538263216348,58.15112872221945,53.3637375673492,53.520851135253906,2295700,0.0,0.0
2022-11-03 00:00:00-04:00,53.10495043220195,53.80734995214544,52.09756433758723,52.18998718261719,1482900,0.0,0.0
2022-11-04 00:00:00-04:00,54.03841279798834,54.352643484038296,51.13640185800613,54.07537841796875,2170700,0.0,0.0
2022-11-07 00:00:00-05:00,54.64837902734143,54.80549257719196,52.74451070650766,53.714927673339844,1588900,0.0,0.0
2022-11-08 00:00:00-05:00,53.89977765527588,57.84614384981846,53.25283174172319,56.65391540527344,2332000,0.0,0.0
2022-11-09 00:00:00-05:00,56.52452065070559,57.24540124615832,54.89791728708704,55.230628967285156,1885100,0.0,0.0
2022-11-10 00:00:00-05:00,57.55963774073473,59.03837174737934,57.10677807334366,58.687171936035156,3555800,0.0,0.0
2022-11-11 00:00:00-05:00,58.81655813246782,59.90712314207387,58.030983255894455,59.70379638671875,1675200,0.0,0.0
2022-11-14 00:00:00-05:00,59.50971751959992,60.489375166459915,59.371084990990234,59.823951721191406,2227200,0.0,0.0
2022-11-15 00:00:00-05:00,60.42467725089311,60.43392129920964,58.60399107096554,59.056854248046875,1138900,0.0,0.0
2022-11-16 00:00:00-05:00,58.6779289336251,59.68531513303175,58.539296414444635,58.8535270690918,1133800,0.0,0.0
2022-11-17 00:00:00-05:00,57.873862874292385,58.25278774417972,57.531907144289484,58.141883850097656,1715800,0.0,0.0
2022-11-18 00:00:00-05:00,58.34522190620636,59.16776251190096,57.99402206035405,59.11231231689453,1879600,0.0,0.0
2022-11-21 00:00:00-05:00,59.00140260560844,59.555929180205,57.83690279242732,58.862770080566406,3202600,0.0,0.0
2022-11-22 00:00:00-05:00,59.31562660084265,60.79435691560756,59.07533072121137,60.711181640625,989200,0.0,0.0
2022-11-23 00:00:00-05:00,60.572550933622054,61.70008503566406,60.21211062902076,61.432064056396484,1838100,0.0,0.0
2022-11-24 00:00:00-05:00,61.99582780812826,62.504137595983806,61.87567634556035,62.3377799987793,302700,0.0,0.0
2022-11-25 00:00:00-05:00,61.88492656599809,62.32854921984243,61.13632082947508,61.34888458251953,1615500,0.0,0.0
2022-11-28 00:00:00-05:00,61.45055630975083,62.504152323247546,60.35999114914884,60.433929443359375,1040000,0.0,0.0
2022-11-29 00:00:00-05:00,61.395089289018536,62.83685037528263,61.395089289018536,62.62428665161133,1044800,0.0,0.0
2022-11-30 00:00:00-05:00,63.35379467503171,63.950065115089544,62.14261634535555,63.12087631225586,3483300,0.543,0.0
2022-12-01 00:00:00-05:00,64.2854659870223,65.62707798656216,64.2295678564095,65.28235626220703,1480100,0.0,0.0
2022-12-02 00:00:00-05:00,64.24820530681961,65.217146623919,63.428335165322395,64.94696044921875,1148200,0.0,0.0
2022-12-05 00:00:00-05:00,64.49043058183386,64.51837964510557,63.22335425409037,63.79167556762695,1977100,0.0,0.0
2022-12-06 00:00:00-05:00,64.67676442575048,65.13328950043527,64.05254496620654,64.57427978515625,1380300,0.0,0.0
2022-12-07 00:00:00-05:00,65.19851235353399,66.34446673749879,65.12397677022285,66.00906372070312,1846400,0.0,0.0
2022-12-08 00:00:00-05:00,66.44694563034561,66.53079993133134,65.30098423756618,65.4780044555664,1478400,0.0,0.0
2022-12-09 00:00:00-05:00,65.92521186885845,66.44694669901378,64.69540326341809,64.7606201171875,804700,0.0,0.0
2022-12-12 00:00:00-05:00,64.18298190395956,65.13329278131977,63.84757890113879,65.0494384765625,2015400,0.0,0.0
2022-12-13 00:00:00-05:00,66.68918710501482,67.42520998181054,65.13329415300447,66.79167175292969,2210000,0.0,0.0
2022-12-14 00:00:00-05:00,66.71713834202518,67.37862565856943,65.85068172298182,66.4283218383789,1494800,0.0,0.0
2022-12-15 00:00:00-05:00,65.00286039245456,65.26373495700808,64.13640370747652,64.24820709228516,1260600,0.0,0.0
2022-12-16 00:00:00-05:00,64.0711801572207,65.87862892843305,63.95006516739575,65.1705551147461,3288100,0.0,0.0
2022-12-19 00:00:00-05:00,65.00284630682108,65.31961894108412,63.59602467037839,63.95005798339844,2818400,0.0,0.0
2022-12-20 00:00:00-05:00,64.91900428981009,66.49353464662602,64.81651964480407,66.01837921142578,1574300,0.0,0.0
2022-12-21 00:00:00-05:00,66.49354353616442,67.06186496786623,66.08360490133558,66.28857421875,1907300,0.0,0.0
2022-12-22 00:00:00-05:00,65.83202943739273,66.44693003182259,65.17985395518284,65.79476165771484,1352100,0.0,0.0
2022-12-23 00:00:00-05:00,66.10223884893405,66.99665175698424,65.07739931408729,66.61466217041016,1899800,0.0,0.0
2022-12-28 00:00:00-05:00,66.88484941832438,67.09913036841671,65.78547427249974,65.98112487792969,642800,0.0,0.0
2022-12-29 00:00:00-05:00,66.2885659306848,66.65191799954223,65.7109258454761,65.78546142578125,1143200,0.0,0.0
2022-12-30 00:00:00-05:00,65.92522210957684,66.06497456310706,65.08671449650053,65.55255126953125,825400,0.0,0.0
2023-01-03 00:00:00-05:00,67.26682802912505,68.69229454335057,67.1829808208145,68.19850158691406,1213300,0.0,0.0
2023-01-04 00:00:00-05:00,68.84134848702412,70.04320805270223,68.701596052298,69.698486328125,1612800,0.0,0.0
2023-01-05 00:00:00-05:00,68.92520062739106,69.24196616859584,68.0214763003833,68.99041748046875,1144200,0.0,0.0
2023-01-06 00:00:00-05:00,69.61463702618627,70.17363964007585,68.7668108271057,69.2419662475586,1891200,0.0,0.0
2023-01-09 00:00:00-05:00,69.4190006092907,69.89414901844052,68.06806965005654,68.23577117919922,909300,0.0,0.0
2023-01-10 00:00:00-05:00,68.54320840744604,69.13016006187408,68.1332698568657,69.10221099853516,760000,0.0,0.0
2023-01-11 00:00:00-05:00,69.18607565464364,69.28856030763193,67.65813169313347,68.25440216064453,1287200,0.0,0.0
2023-01-12 00:00:00-05:00,68.97178123892594,69.1953808665184,67.70470483572862,68.77613067626953,937600,0.0,0.0
2023-01-13 00:00:00-05:00,68.94382659563006,70.10841826109679,68.84134196042072,69.80096435546875,1180400,0.0,0.0
2023-01-16 00:00:00-05:00,69.44693362648405,70.31339014208491,69.40034711489436,69.77301788330078,218100,0.0,0.0
2023-01-17 00:00:00-05:00,69.26061050272205,69.34446482110947,67.73266640066876,68.06806945800781,894100,0.0,0.0
2023-01-18 00:00:00-05:00,68.80408450885079,69.10221973566745,67.78856383591746,68.38483428955078,957000,0.0,0.0
2023-01-19 00:00:00-05:00,68.40345526691438,70.11773791750115,68.2171234412022,69.65190124511719,1205100,0.0,0.0
2023-01-20 00:00:00-05:00,69.17675548059204,70.17364581396797,68.91588804503266,70.10842895507812,1058500,0.0,0.0
2023-01-23 00:00:00-05:00,69.37240192687061,70.34134313561852,69.1488022965762,70.26680755615234,1571300,0.0,0.0
2023-01-24 00:00:00-05:00,70.0245859568397,71.47799438967189,69.64259639748487,71.4220962524414,932500,0.0,0.0
2023-01-25 00:00:00-05:00,70.76990427857315,72.43760036832104,70.63015185945734,72.22331237792969,799300,0.0,0.0
2023-01-26 00:00:00-05:00,71.90657259141555,71.90657259141555,70.50906211641377,70.89104461669922,1853300,0.0,0.0
2023-01-27 00:00:00-05:00,70.62084600215745,70.83512690191677,69.96867036247663,70.54631042480469,1626900,0.0,0.0
2023-01-30 00:00:00-05:00,70.29475190215346,71.04009343056808,69.74506803372799,69.8382339477539,1635300,0.0,0.0
2023-01-31 00:00:00-05:00,69.67054028369581,70.0245807481003,69.344455993932,70.00594329833984,2130900,0.0,0.0
2023-02-01 00:00:00-05:00,69.9873273157412,71.18918718011302,69.29788369524192,70.80719757080078,1971800,0.0,0.0
2023-02-02 00:00:00-05:00,70.55562975737281,70.78854810753063,68.13327322924832,68.18917846679688,2842900,0.0,0.0
2023-02-03 00:00:00-05:00,66.86619911339383,67.15502271093837,65.07738782919473,65.46868896484375,2262000,0.0,0.0
2023-02-06 00:00:00-05:00,65.31031077827483,66.05565241980368,64.64882344776771,65.64571380615234,2443200,0.0,0.0
2023-02-07 00:00:00-05:00,65.97180695625107,66.5867149591933,65.40348547769138,65.91590881347656,2219600,0.0,0.0
2023-02-08 00:00:00-05:00,66.39105325409436,66.43763266258549,65.59913222870078,66.00906372070312,1126600,0.0,0.0
2023-02-09 00:00:00-05:00,66.6053317580868,66.81030105071483,64.40658188679306,64.64881896972656,1924800,0.0,0.0
2023-02-10 00:00:00-05:00,64.67676524775035,64.67676524775035,63.288573882199714,63.68919372558594,2188200,0.0,0.0
2023-02-13 00:00:00-05:00,63.344466220309066,64.02459086271082,62.97179547549043,63.72645568847656,1919400,0.0,0.0
2023-02-14 00:00:00-05:00,63.4003904599308,64.18299286138362,62.86001807334363,63.48423767089844,1633400,0.0,0.0
2023-02-15 00:00:00-05:00,62.42212058199523,62.5432355704756,60.801010784015595,61.304115295410156,3053300,0.0,0.0
2023-02-16 00:00:00-05:00,60.85690586101242,62.030816328671655,59.68299539335318,61.8165283203125,2072300,0.0,0.0
2023-02-17 00:00:00-05:00,58.872448106317336,58.98425148698366,56.09606145938041,58.05257797241211,2645000,0.0,0.0
2023-02-21 00:00:00-05:00,57.88487402678777,59.22648255202203,57.81965716782826,58.65816116333008,2153400,0.0,0.0
2023-02-22 00:00:00-05:00,58.332079620857606,58.406611654305635,56.878667651070565,57.325870513916016,3986800,0.0,0.0
2023-02-23 00:00:00-05:00,57.10226842949859,58.11779266463528,57.027732845170036,57.26996994018555,3761900,0.0,0.0
2023-02-24 00:00:00-05:00,56.86933917730913,57.67989395449075,56.561885281865166,57.60536193847656,1027100,0.0,0.0
2023-02-27 00:00:00-05:00,57.79170649645121,58.52772941988422,57.60537463831073,58.12710952758789,2563300,0.0,0.0
2023-02-28 00:00:00-05:00,58.1863138959267,59.40812238984535,57.85736669630631,59.04158020019531,2910900,0.543,0.0
2023-03-01 00:00:00-05:00,59.98143885993198,60.58294441374201,59.50211524213208,59.9156494140625,3201500,0.0,0.0
2023-03-02 00:00:00-05:00,59.44571810202871,60.20699694047133,59.31413922058211,60.178802490234375,1505300,0.0,0.0
2023-03-03 00:00:00-05:00,60.87429691858598,61.11866079168577,60.479560241625286,60.940086364746094,2178400,0.0,0.0
2023-03-06 00:00:00-05:00,60.47015800930953,61.03407572692328,60.282190217112706,60.55474853515625,1938800,0.0,0.0
2023-03-07 00:00:00-05:00,59.99083601591201,60.20699825278106,58.6468455514034,58.76902389526367,2875900,0.0,0.0
2023-03-08 00:00:00-05:00,58.84421919906832,59.45512172937977,57.744588908098066,58.07353973388672,2538400,0.0,0.0
2023-03-09 00:00:00-05:00,58.628055071331914,59.06038676731532,58.12993034006255,58.43068313598633,2405000,0.0,0.0
2023-03-10 00:00:00-05:00,59.3423394853299,60.80850840540013,58.769028372633315,59.050987243652344,2237200,0.0,0.0
2023-03-13 00:00:00-04:00,61.560388174229395,62.55663032950828,60.714518811015594,61.63557815551758,2885400,0.0,0.0
2023-03-14 00:00:00-04:00,61.57918171653584,61.87993446938113,60.780307889025956,61.52279281616211,1926900,0.0,0.0
2023-03-15 00:00:00-04:00,63.214526617287525,63.289709421769636,61.438204688519235,62.3028678894043,3556900,0.0,0.0
2023-03-16 00:00:00-04:00,62.31227802857676,62.472051372167705,60.95888695224925,62.086708068847656,2234400,0.0,0.0
2023-03-17 00:00:00-04:00,62.73521131270617,66.07169358405865,62.641227411508645,65.61116027832031,4129000,0.0,0.0
2023-03-20 00:00:00-04:00,66.22206234601661,66.56981064676492,64.95326183108763,65.30101013183594,2874800,0.0,0.0
2023-03-21 00:00:00-04:00,64.285972800044,64.285972800044,63.073561076102045,63.797245025634766,1237400,0.0,0.0
2023-03-22 00:00:00-04:00,64.01340866929246,65.49837860033314,63.844234788914264,64.8404769897461,2288800,0.0,0.0
2023-03-23 00:00:00-04:00,65.17881902098745,66.56040439420983,64.68069796435864,65.91190338134766,2538300,0.0,0.0
2023-03-24 00:00:00-04:00,66.60740273291829,67.36868157455818,65.64874839776829,66.69198608398438,1247100,0.0,0.0
2023-03-27 00:00:00-04:00,65.11303893653299,66.35364507163277,64.73709616245475,66.12808227539062,5698900,0.0,0.0
2023-03-28 00:00:00-04:00,66.42884880564515,66.78599057113568,65.57357863838652,66.76719665527344,629400,0.0,0.0
2023-03-29 00:00:00-04:00,66.04348112987992,66.66378768298225,65.47957064465744,65.92130279541016,1347800,0.0,0.0
2023-03-30 00:00:00-04:00,66.10927348453279,66.37243841506081,65.04724190431877,65.3292007446289,1855300,0.0,0.0
2023-03-31 00:00:00-04:00,65.32920864152945,65.74273924132383,64.49273973014567,64.75589752197266,2843900,0.0,0.0
2023-04-03 00:00:00-04:00,64.61491810514569,66.8705675894641,64.24837587062656,66.29725646972656,4740300,0.0,0.0
2023-04-04 00:00:00-04:00,66.56040932160627,70.23523910585435,66.10927659002029,69.99087524414062,2353700,0.0,0.0
2023-04-05 00:00:00-04:00,70.48899908224365,71.16569462071507,69.61493520680337,70.77095794677734,2056600,0.0,0.0
2023-04-06 00:00:00-04:00,70.39503008359574,71.75781481941932,70.09427724400989,71.68262481689453,968000,0.0,0.0
2023-04-10 00:00:00-04:00,70.8743470230312,71.50404706844422,70.12246144875353,71.36306762695312,2939400,0.0,0.0
2023-04-11 00:00:00-04:00,71.47583940712322,73.148776971732,71.41944333864014,71.91756439208984,1509000,0.0,0.0
2023-04-12 00:00:00-04:00,73.26156555209846,73.6187144131917,71.96457051423944,72.9232177734375,1375400,0.0,0.0
2023-04-13 00:00:00-04:00,73.57170993701483,74.59615368972102,73.05479496113597,74.30479431152344,2278200,0.0,0.0
2023-04-14 00:00:00-04:00,73.20517766186136,73.75029433177117,71.81419870407115,73.31796264648438,1136000,0.0,0.0
2023-04-17 00:00:00-04:00,72.82923186926531,73.01720683585683,71.72960520412413,72.36870574951172,908000,0.0,0.0
2023-04-18 00:00:00-04:00,72.575465139493,73.91005496051471,72.0397491031386,72.09613800048828,1068700,0.0,0.0
2023-04-19 00:00:00-04:00,70.95891865965892,71.89877188693917,70.58297593464461,71.22207641601562,1089100,0.0,0.0
2023-04-20 00:00:00-04:00,71.9927674404432,72.62246748382765,71.53224129220062,71.87998962402344,1092400,0.0,0.0
2023-04-21 00:00:00-04:00,71.91757026274945,72.39689744617309,70.84613809075181,71.588623046875,792200,0.0,0.0
2023-04-24 00:00:00-04:00,71.55103153481677,71.66381651596387,70.90253761212857,71.44764709472656,945500,0.0,0.0
2023-04-25 00:00:00-04:00,71.43824779642682,72.49087885107444,70.9777145395072,72.18073272705078,934300,0.0,0.0
2023-04-26 00:00:00-04:00,72.763441166437,73.15817783369157,71.46644618666703,71.69200897216797,1806700,0.0,0.0
2023-04-27 00:00:00-04:00,71.1751049655885,72.3499217787828,70.91193997620225,72.29352569580078,1865300,0.0,0.0
2023-04-28 00:00:00-04:00,72.84802763043812,75.56420295732089,72.19012605118792,72.23712158203125,1584100,0.0,0.0
2023-05-01 00:00:00-04:00,73.48713680745233,73.66570407061968,71.18449176391758,71.20329284667969,1461300,0.0,0.0
2023-05-02 00:00:00-04:00,71.57922967424896,74.45517843366578,71.18448584470211,74.4457778930664,1680500,0.0,0.0
2023-05-03 00:00:00-04:00,74.60555086566696,74.95329916102702,73.52472532890773,74.33299255371094,1668600,0.0,0.0
2023-05-04 00:00:00-04:00,74.79352785815522,77.9138405491635,74.63375451696028,76.8330078125,1760300,0.0,0.0
2023-05-05 00:00:00-04:00,74.70893082451327,76.44765785612591,74.29540028158806,75.2258529663086,1259900,0.0,0.0
2023-05-08 00:00:00-04:00,75.13188462457705,75.41383634802641,74.1826306634521,74.65255737304688,1484700,0.0,0.0
2023-05-09 00:00:00-04:00,74.71833808432358,75.61119585989384,74.43637922334787,75.46082305908203,1019200,0.0,0.0
2023-05-10 00:00:00-04:00,75.59240000050882,75.59240000050882,73.79727678428627,74.50216674804688,841100,0.0,0.0
2023-05-11 00:00:00-04:00,73.94765393143945,74.60554833765326,71.89877356143052,72.01155853271484,1220800,0.0,0.0
2023-05-12 00:00:00-04:00,71.73899553700878,72.34990154310694,71.29726339151455,72.33110046386719,775400,0.0,0.0
2023-05-15 00:00:00-04:00,72.51907723631203,73.21456660503223,72.32170175186066,72.6036605834961,1858900,0.0,0.0
2023-05-16 00:00:00-04:00,72.16193522978591,72.60366742808654,70.39501360709498,70.78034973144531,1215400,0.0,0.0
2023-05-17 00:00:00-04:00,70.77095454843176,70.77095454843176,69.14500522598583,69.65252685546875,1146800,0.0,0.0
2023-05-18 00:00:00-04:00,68.67507725607702,68.68447779639756,67.42507070236309,68.17695617675781,858300,0.0,0.0
2023-05-19 00:00:00-04:00,68.28975840014357,69.41757972612986,67.43448827770203,68.67509460449219,1122600,0.0,0.0
2023-05-23 00:00:00-04:00,67.40627884877038,68.32733105396795,67.2371049703957,67.81981658935547,1479300,0.0,0.0
2023-05-24 00:00:00-04:00,68.22395185542656,68.32733629850823,66.43823621058787,66.4664306640625,1369300,0.0,0.0
2023-05-25 00:00:00-04:00,66.16566444898224,66.353632214343,65.23521182057846,65.47956848144531,1107400,0.0,0.0
2023-05-26 00:00:00-04:00,66.4758224235038,66.6355957524276,65.15062592116708,65.2728042602539,1196600,0.0,0.0
2023-05-29 00:00:00-04:00,65.24461033341072,65.41378420377741,64.77468371244895,64.86866760253906,154000,0.0,0.0
2023-05-30 00:00:00-04:00,65.24460011870997,65.45136894684319,63.712642155602076,64.20136260986328,1269000,0.0,0.0
2023-05-31 00:00:00-04:00,64.39465364575297,66.30839473534743,64.37570163496258,65.4462661743164,2070600,0.544,0.0
2023-06-01 00:00:00-04:00,65.37994169450971,67.10420586272022,65.24730654526842,66.66840362548828,1043100,0.0,0.0
2023-06-02 00:00:00-04:00,66.52630277838925,67.27474822395956,65.53153177689177,66.07154846191406,1651100,0.0,0.0
2023-06-05 00:00:00-04:00,65.54100518691318,66.67788009096166,65.54100518691318,66.30839538574219,1257800,0.0,0.0
2023-06-06 00:00:00-04:00,66.34627252288635,66.40311408282574,65.51256498879569,66.06205749511719,853600,0.0,0.0
2023-06-07 00:00:00-04:00,66.35576394285356,66.81051098417034,64.20516620322255,64.29043579101562,1383800,0.0,0.0
2023-06-08 00:00:00-04:00,65.13361100996732,65.96731862878865,64.80202316316755,65.1904525756836,729100,0.0,0.0
2023-06-09 00:00:00-04:00,64.76413542081549,65.05782652212669,64.09148362963808,64.45149230957031,1795700,0.0,0.0
2023-06-12 00:00:00-04:00,64.25254056616568,64.61254925165868,63.570412759484974,64.43254852294922,1245300,0.0,0.0
2023-06-13 00:00:00-04:00,64.89676666177735,65.06729860052248,62.90723219513319,63.12512969970703,1398300,0.0,0.0
2023-06-14 00:00:00-04:00,63.9683153305979,64.15779928388454,62.755646941858416,63.35251235961914,626800,0.0,0.0
2023-06-15 00:00:00-04:00,62.90723219513319,63.36197921307118,62.24404922086945,63.12512969970703,839000,0.0,0.0
2023-06-16 00:00:00-04:00,63.532518376504854,64.30938457955875,62.90723934871726,63.7598991394043,4360600,0.0,0.0
2023-06-19 00:00:00-04:00,63.45672006956096,63.45672006956096,62.97354507446289,62.97354507446289,156000,0.0,0.0
2023-06-20 00:00:00-04:00,62.88827964267197,63.03986679938984,61.0787531348115,61.107173919677734,1851900,0.0,0.0
2023-06-21 00:00:00-04:00,60.40610211438034,61.56193258314566,59.951351453676644,61.26823425292969,1155300,0.0,0.0
2023-06-22 00:00:00-04:00,60.51979790028654,61.201922145302476,60.216630766048944,61.14508056640625,589700,0.0,0.0
2023-06-23 00:00:00-04:00,62.02615467170674,62.234583409890135,61.040859781795895,61.38192367553711,815200,0.0,0.0
2023-06-26 00:00:00-04:00,61.54298380732569,61.789309353591385,60.55768885033727,61.28718948364258,2876300,0.0,0.0
2023-06-27 00:00:00-04:00,61.43876243420048,61.77982631231889,60.21662168965853,61.18296813964844,690700,0.0,0.0
2023-06-28 00:00:00-04:00,61.002963146794194,61.17349509410176,60.557684882820325,60.851383209228516,533200,0.0,0.0
2023-06-29 00:00:00-04:00,60.44400442712142,61.80825653384068,60.21663088302021,61.76089096069336,688800,0.0,0.0
2023-06-30 00:00:00-04:00,62.02616003093077,62.71775665494176,61.64719931313357,62.67039108276367,1028000,0.0,0.0
2023-07-04 00:00:00-04:00,63.47566388274261,63.47566388274261,62.064042933688285,62.547210693359375,512100,0.0,0.0
2023-07-05 00:00:00-04:00,63.153555409185714,63.34303212173592,62.02614945371418,62.03562545776367,1661000,0.0,0.0
2023-07-06 00:00:00-04:00,61.77035227104311,61.84614585260569,60.71873981810208,61.05033493041992,1025100,0.0,0.0
2023-07-07 00:00:00-04:00,61.268232158436774,61.98825672379754,60.79453311797617,60.87980270385742,1111000,0.0,0.0
2023-07-10 00:00:00-04:00,60.889268071869004,62.39563469480558,60.709267361660565,62.19668197631836,731100,0.0,0.0
2023-07-11 00:00:00-04:00,62.367219820745966,63.10618919603426,62.05457670717814,62.58511734008789,724000,0.0,0.0
2023-07-12 00:00:00-04:00,63.36198641965195,66.22313291422932,63.36198641965195,65.7873306274414,1530000,0.0,0.0
2023-07-13 00:00:00-04:00,65.93890422161486,66.29892011415596,65.72100671325187,65.75890350341797,1125400,0.0,0.0
2023-07-14 00:00:00-04:00,65.74942105881875,66.43154875884798,65.16203171088847,65.9010009765625,867700,0.0,0.0
2023-07-17 00:00:00-04:00,65.40836391045062,66.16627803297004,65.02940323515406,65.74942779541016,953700,0.0,0.0
2023-07-18 00:00:00-04:00,66.59261777235199,67.78634148208958,66.29892665468356,67.1894760131836,1814600,0.0,0.0
2023-07-19 00:00:00-04:00,67.18946721055752,67.59684865656818,66.62102983260795,66.86735534667969,587900,0.0,0.0
2023-07-20 00:00:00-04:00,66.55471000491521,66.65892436395167,64.77360435350923,64.79254913330078,943500,0.0,0.0
2023-07-21 00:00:00-04:00,64.43254420878357,65.29467268644879,64.3283298437366,65.23783111572266,738800,0.0,0.0
2023-07-24 00:00:00-04:00,65.11468138611512,65.21888853815804,64.31886314049696,64.66940307617188,612100,0.0,0.0
2023-07-25 00:00:00-04:00,64.94415333477782,65.76838519146312,64.5557165803732,65.28521728515625,1115300,0.0,0.0
2023-07-26 00:00:00-04:00,65.36099660951517,65.62626693609829,64.66940000493405,65.2662582397461,871200,0.0,0.0
2023-07-27 00:00:00-04:00,65.65469490600982,65.73048126492708,63.3619858819985,63.4188346862793,1210300,0.0,0.0
2023-07-28 00:00:00-04:00,63.99673424096478,64.68833069487702,63.665139176901754,64.35674285888672,680800,0.0,0.0
2023-07-31 00:00:00-04:00,64.76413608327312,65.66416140634684,64.56518334537495,65.4936294555664,847000,0.0,0.0
2023-08-01 00:00:00-04:00,64.43254486093585,65.01992703924729,63.68409951714752,63.72199630737305,831200,0.0,0.0
2023-08-02 00:00:00-04:00,63.693584883068205,63.75042646272394,61.39140694203984,61.47666931152344,1755700,0.0,0.0
2023-08-03 00:00:00-04:00,61.53350876654891,61.940890272189904,60.614534991483836,61.173500061035156,1435000,0.0,0.0
2023-08-04 00:00:00-04:00,61.93141942497505,62.52827765502997,61.44824434650721,61.57140350341797,1265700,0.0,0.0
2023-08-08 00:00:00-04:00,61.15455590784986,61.675620574245116,60.75664317567539,61.24929428100586,2025600,0.0,0.0
2023-08-09 00:00:00-04:00,61.53350641311039,61.86510154516973,61.08823535808702,61.58087921142578,980200,0.0,0.0
2023-08-10 00:00:00-04:00,62.06404724584098,62.39563511220453,61.20191156522239,61.65666580200195,2337300,0.0,0.0
2023-08-11 00:00:00-04:00,61.43876556834601,62.518798828125,61.353503208503724,62.518798828125,1682700,0.0,0.0
2023-08-14 00:00:00-04:00,61.95036078953964,62.04509915332659,61.26823300535543,61.39139938354492,1641800,0.0,0.0
2023-08-15 00:00:00-04:00,61.173495290493435,61.2871856650881,59.7523981343927,59.9608268737793,2055400,0.0,0.0
2023-08-16 00:00:00-04:00,59.57239756963389,59.92293387841516,58.75763457027431,58.899742126464844,1287200,0.0,0.0
2023-08-17 00:00:00-04:00,59.11764386815249,59.629236103987104,58.78605235921926,59.59134292602539,1152700,0.0,0.0
2023-08-18 00:00:00-04:00,59.63871199048639,59.63871199048639,58.795528247394195,59.32606887817383,1172900,0.0,0.0
2023-08-21 00:00:00-04:00,59.62924349470241,59.81872386414401,58.87132563097344,59.77135467529297,1039900,0.0,0.0
2023-08-22 00:00:00-04:00,60.055557897149455,60.20714143070857,59.63870408337102,60.131351470947266,913900,0.0,0.0
2023-08-23 00:00:00-04:00,60.756632701755656,62.01667380892638,60.62400117062416,61.40086364746094,865000,0.0,0.0
2023-08-24 00:00:00-04:00,61.1640119230724,61.89351242311305,60.68084415237191,61.542972564697266,996100,0.0,0.0
2023-08-25 00:00:00-04:00,61.65667203811792,62.158791890550326,60.43452758298995,60.9840202331543,1266100,0.0,0.0
2023-08-28 00:00:00-04:00,61.344024154182655,62.518795720301775,61.28718258378007,62.32931900024414,677200,0.0,0.0
2023-08-29 00:00:00-04:00,62.19669559049022,63.371467378352705,62.092481206365534,63.02092742919922,846400,0.0,0.0
2023-08-30 00:00:00-04:00,63.64621859558558,63.90201295829199,62.79355867310511,63.00198745727539,1030600,0.0,0.0
2023-08-31 00:00:00-04:00,63.13665170125564,63.365890156378974,62.105067722161984,62.66862106323242,1348900,0.541,0.0
2023-09-01 00:00:00-04:00,63.365890716420026,63.642890525515156,62.506244680270015,62.52534484863281,797900,0.0,0.0
2023-09-05 00:00:00-04:00,61.85672696996521,62.77368804625924,60.93021216622344,61.57972717285156,1442300,0.0,0.0
2023-09-06 00:00:00-04:00,61.33137682381499,61.9044765440256,60.85379250907976,61.3027229309082,1367000,0.0,0.0
2023-09-07 00:00:00-04:00,61.07348359579535,61.99044829040952,61.044829701603426,61.60837936401367,1509500,0.0,0.0
2023-09-08 00:00:00-04:00,61.598830600831675,62.39162241170319,61.369592141464224,61.72300720214844,1496900,0.0,0.0
2023-09-11 00:00:00-04:00,62.1241737932423,62.49668900727566,61.78031247454089,62.31520462036133,1207200,0.0,0.0
2023-09-12 00:00:00-04:00,61.53196254842471,62.46803102979945,61.484208488445034,62.07640838623047,1654700,0.0,0.0
2023-09-13 00:00:00-04:00,62.09551848420676,62.29610303432279,61.21675775233237,61.283626556396484,1503200,0.0,0.0
2023-09-14 00:00:00-04:00,61.41735110836381,62.496689129682316,61.22631299351167,62.09552001953125,1555400,0.0,0.0
2023-09-15 00:00:00-04:00,62.58264017355537,63.68108546324596,62.58264017355537,63.43274688720703,3811500,0.0,0.0
2023-09-18 00:00:00-04:00,63.43276451951028,64.20644892791773,63.10800333289399,64.13958740234375,1760600,0.0,0.0
2023-09-19 00:00:00-04:00,63.94854108463151,63.94854108463151,62.79278784052628,63.24171829223633,1463900,0.0,0.0
2023-09-20 00:00:00-04:00,63.289482755779424,65.13295871555881,63.289482755779424,64.64582061767578,1612500,0.0,0.0
2023-09-21 00:00:00-04:00,63.40409312614819,63.83392339623309,62.93606252247929,63.23216247558594,3032300,0.0,0.0
2023-09-22 00:00:00-04:00,63.63333288480836,64.06315582722954,62.85009494732767,63.2035026550293,1232600,0.0,0.0
2023-09-25 00:00:00-04:00,62.783244082749775,63.01248253841451,62.066867532358266,62.46803665161133,1554500,0.0,0.0
2023-09-26 00:00:00-04:00,62.038203679698704,62.35341109727501,60.69141961233628,60.70096969604492,1225100,0.0,0.0
2023-09-27 00:00:00-04:00,60.27114031025768,60.395313254890475,57.80680708990366,58.293941497802734,1355200,0.0,0.0
2023-09-28 00:00:00-04:00,58.26528999418929,58.828839666109765,57.940532494376136,58.76197814941406,1145000,0.0,0.0
2023-09-29 00:00:00-04:00,59.507010334874856,59.62162956067402,58.18887648530619,58.9530143737793,1388700,0.0,0.0
2023-10-02 00:00:00-04:00,58.00739885373202,58.10291791675685,56.75612645570443,57.1764030456543,879300,0.0,0.0
2023-10-03 00:00:00-04:00,56.97581766025075,58.179328687635255,56.69881784697793,57.94053649902344,896700,0.0,0.0
2023-10-04 00:00:00-04:00,58.09336591273141,58.16022743699329,56.698820344298255,56.94716262817383,1121200,0.0,0.0
2023-10-05 00:00:00-04:00,56.99491354010308,58.11246279342554,56.91850194021059,58.08380889892578,640300,0.0,0.0
2023-10-06 00:00:00-04:00,58.389458235798294,59.115384777252025,57.96918171482274,58.867042541503906,676200,0.0,0.0
2023-10-10 00:00:00-04:00,60.17563273767448,60.748732544370924,59.52611768012267,60.63411331176758,703300,0.0,0.0
2023-10-11 00:00:00-04:00,61.379145889957556,61.81852264029189,60.72963084873306,61.74210739135742,1615500,0.0,0.0
2023-10-12 00:00:00-04:00,61.770755585904446,62.05730909927776,60.92065606021778,61.111690521240234,493500,0.0,0.0
2023-10-13 00:00:00-04:00,63.165300783776075,63.81481576326245,62.21968585201277,63.39454650878906,1061900,0.0,0.0
2023-10-16 00:00:00-04:00,62.88830579057922,63.31813609221445,62.44892904852654,62.66862106323242,1302800,0.0,0.0
2023-10-17 00:00:00-04:00,62.95517751309268,64.34972305132588,62.80234701102685,64.27330780029297,1463600,0.0,0.0
2023-10-18 00:00:00-04:00,65.30488821527618,65.82068020018176,64.22554289437116,64.53119659423828,1199300,0.0,0.0
2023-10-19 00:00:00-04:00,64.55984167478644,65.22846406200972,64.00584942948012,65.01832580566406,907200,0.0,0.0
2023-10-20 00:00:00-04:00,64.97055885133483,66.29824978475838,64.9228047982437,65.24755859375,1278000,0.0,0.0
2023-10-23 00:00:00-04:00,64.6935833137866,65.27622955294893,63.26083017395163,64.59806060791016,838500,0.0,0.0
2023-10-24 00:00:00-04:00,64.08225958458618,65.1807049613438,63.938990120652896,64.84639739990234,607300,0.0,0.0
2023-10-25 00:00:00-04:00,64.8177544811766,66.05947681945734,64.31151618994754,64.34972381591797,862000,0.0,0.0
2023-10-26 00:00:00-04:00,64.1586815374812,64.55030421283567,61.46510602329176,62.61131286621094,1183400,0.0,0.0
2023-10-27 00:00:00-04:00,62.88830765322397,64.6935833137866,62.30566141406165,64.59806060791016,943300,0.0,0.0
2023-10-30 00:00:00-04:00,64.56939074605445,64.89415183354544,62.55398457801497,62.85963821411133,1012600,0.0,0.0
2023-10-31 00:00:00-04:00,62.706833393080025,63.25127931945764,61.47466476236024,62.12417984008789,1870100,0.0,0.0
2023-11-01 00:00:00-04:00,62.27699277511593,62.8978538521971,61.59882391125627,62.25789260864258,1210300,0.0,0.0
2023-11-02 00:00:00-04:00,62.80233621335793,62.811889939934325,61.78985981700594,62.44892120361328,1158800,0.0,0.0
2023-11-03 00:00:00-04:00,63.279913321724464,64.9419044764312,63.06022135960426,64.56938934326172,1918200,0.0,0.0
2023-11-06 00:00:00-05:00,64.18733158793573,64.78909251280973,64.0345083904506,64.31150817871094,1163400,0.0,0.0
2023-11-07 00:00:00-05:00,63.642882601694104,63.89122848364529,62.31519880132768,63.32768249511719,2109100,0.0,0.0
2023-11-08 00:00:00-05:00,62.90740959700934,63.404094102191486,61.56061826564613,61.847171783447266,1343300,0.0,0.0
2023-11-09 00:00:00-05:00,61.923590383946575,63.3849973717794,61.22631400608277,62.42982864379883,843200,0.0,0.0
2023-11-10 00:00:00-05:00,62.08595958678072,62.2196826090559,61.45554480689072,61.99044418334961,721800,0.0,0.0
2023-11-13 00:00:00-05:00,61.6752477319416,62.37252414663605,61.34094011696185,61.51287078857422,668000,0.0,0.0
2023-11-14 00:00:00-05:00,62.73547470049643,63.327681863129015,62.30565174022578,63.06978225708008,1015600,0.0,0.0
2023-11-15 00:00:00-05:00,62.83098873886816,63.25126525078825,62.1910275319775,62.47758102416992,835000,0.0,0.0
2023-11-16 00:00:00-05:00,63.44231191677467,64.98968804426669,63.08890411371231,64.05361938476562,2984000,0.0,0.0
2023-11-17 00:00:00-05:00,64.47388446979733,64.57895360525532,63.26082347954409,63.39454650878906,699600,0.0,0.0
2023-11-20 00:00:00-05:00,62.983830188613425,64.03451436417652,62.90741493906284,63.7002067565918,546000,0.0,0.0
2023-11-21 00:00:00-05:00,64.76999357175606,65.87799287043052,64.59806289738795,64.82730865478516,1836300,0.0,0.0
2023-11-22 00:00:00-05:00,65.29534144556429,65.56278755052764,64.60761872573865,64.85596466064453,1074300,0.0,0.0
2023-11-23 00:00:00-05:00,64.91327609430536,65.13296814275124,64.61717607398982,64.63627624511719,97000,0.0,0.0
2023-11-24 00:00:00-05:00,64.72224139457978,65.16161817804961,64.47389546049344,64.61717224121094,525600,0.0,0.0
2023-11-27 00:00:00-05:00,65.66786534951949,66.3460344299185,65.40997293931284,66.04993438720703,1291500,0.0,0.0
2023-11-28 00:00:00-05:00,66.47973652665256,69.2497270667961,66.47973652665256,69.24017333984375,1587700,0.0,0.0
2023-11-29 00:00:00-05:00,69.48852976730241,69.48852976730241,68.4091916534728,69.34525299072266,1414800,0.0,0.0
2023-11-30 00:00:00-05:00,69.00263663463053,70.11900085496872,68.32897363434097,70.109375,2839100,0.544,0.0
2023-12-01 00:00:00-05:00,69.8687878121216,71.06213697812854,69.5415821304652,70.6386947631836,1903100,0.0,0.0
2023-12-04 00:00:00-05:00,70.0035127302341,70.25373356317371,68.98339237326068,69.7051773071289,2202600,0.0,0.0
2023-12-05 00:00:00-05:00,69.4164773065631,69.68594991511361,68.40598255841556,69.2143783569336,2526700,0.0,0.0
2023-12-06 00:00:00-05:00,69.54158099687078,70.01314514196146,68.94490275240531,69.2336196899414,1619000,0.0,0.0
2023-12-07 00:00:00-05:00,69.52231611744845,69.66667455887476,68.45407393021931,68.71392059326172,1470600,0.0,0.0
2023-12-08 00:00:00-05:00,67.65530821462018,68.26160489319892,66.71217270556635,67.02013397216797,1432600,0.0,0.0
2023-12-11 00:00:00-05:00,66.17325370424004,66.93353481805093,65.26861411574001,66.81804656982422,1591500,0.0,0.0
2023-12-12 00:00:00-05:00,67.07788776597889,67.07788776597889,65.51883675579262,65.79792785644531,1283800,0.0,0.0
2023-12-13 00:00:00-05:00,65.70167588216601,69.64743954664166,65.28785221043509,69.56082153320312,2194500,0.0,0.0
2023-12-14 00:00:00-05:00,70.18637518446147,72.14000545117652,69.86878801554548,70.35960388183594,2051200,0.0,0.0
2023-12-15 00:00:00-05:00,70.01314771008808,70.28261294573834,69.43572115621224,69.49346160888672,4288900,0.0,0.0
2023-12-18 00:00:00-05:00,69.81103625269468,70.28260033043975,69.23360980246336,70.1574935913086,1302200,0.0,0.0
2023-12-19 00:00:00-05:00,70.32109541655846,71.8801534183823,70.13824089531431,71.14874267578125,941500,0.0,0.0
2023-12-20 00:00:00-05:00,71.05251339098064,71.28348252285622,69.53195130951572,69.56082153320312,886000,0.0,0.0
2023-12-21 00:00:00-05:00,70.47508146820269,71.04288207004228,69.63780833380068,69.84953308105469,892800,0.0,0.0
2023-12-22 00:00:00-05:00,71.07176374714292,71.84167070809498,70.53283327990265,70.58094787597656,1024600,0.0,0.0
2023-12-27 00:00:00-05:00,70.34997141841585,71.51445025269511,70.25373489388575,71.23535919189453,489600,0.0,0.0
2023-12-28 00:00:00-05:00,71.21611390205994,71.29310605763783,69.88803225903368,69.95539855957031,706500,0.0,0.0
2023-12-29 00:00:00-05:00,69.63781718389053,70.2152437137278,69.0315204289179,69.91690826416016,647000,0.0,0.0
2024-01-02 00:00:00-05:00,70.04201078277305,70.64831484343902,69.20474493499812,69.3394775390625,899900,0.0,0.0
2024-01-03 00:00:00-05:00,67.96327959007183,68.13650828719975,67.13563218628035,67.55907440185547,885900,0.0,0.0
2024-01-04 00:00:00-05:00,67.51094884596172,67.96326855627167,66.8180341699444,67.60718536376953,647200,0.0,0.0
2024-01-05 00:00:00-05:00,67.35698038568162,68.70431397900587,67.04901905083985,67.70343780517578,1128300,0.0,0.0
2024-01-08 00:00:00-05:00,66.86615478123655,67.84777899131676,66.66404855273792,67.41471099853516,638700,0.0,0.0
2024-01-09 00:00:00-05:00,67.62644838093924,67.6360742380874,66.42347322063638,66.5004653930664,942000,0.0,0.0
2024-01-10 00:00:00-05:00,66.44271265924695,67.03939087177329,65.92302660492588,67.01051330566406,839400,0.0,0.0
2024-01-11 00:00:00-05:00,67.10674774794832,67.59755616721502,65.88452127085209,66.56781005859375,701400,0.0,0.0
2024-01-12 00:00:00-05:00,67.84779661732495,69.09889367629751,67.52059090975277,67.82855224609375,1365100,0.0,0.0
2024-01-15 00:00:00-05:00,68.17499757747696,68.17499757747696,67.2126175506303,67.40509796142578,911700,0.0,0.0
2024-01-16 00:00:00-05:00,66.87578207213456,67.09713269592226,65.08575474020451,65.21086883544922,877400,0.0,0.0
2024-01-17 00:00:00-05:00,64.57569404665348,64.70080814096019,63.353474724330205,63.69993209838867,1050900,0.0,0.0
2024-01-18 00:00:00-05:00,63.85392058331622,64.01752344433778,63.324615913709174,63.825050354003906,731900,0.0,0.0
2024-01-19 00:00:00-05:00,64.00788639509736,64.46982461508902,63.363086310196564,63.79616165161133,824300,0.0,0.0
2024-01-22 00:00:00-05:00,63.305344655966564,64.08486997625903,62.766414295505164,64.05599975585938,574900,0.0,0.0
2024-01-23 00:00:00-05:00,64.49870307356395,65.48996062124584,64.20999348479019,65.43221282958984,772500,0.0,0.0
2024-01-24 00:00:00-05:00,66.40422079942043,66.7699225605674,63.622943153327604,63.72880554199219,1560800,0.0,0.0
2024-01-25 00:00:00-05:00,64.23885514728212,65.12424284931421,63.97901581778106,64.55644226074219,742300,0.0,0.0
2024-01-26 00:00:00-05:00,64.46021447144796,64.82591622161587,63.85391038323012,63.89240646362305,592400,0.0,0.0
2024-01-29 00:00:00-05:00,64.49870175279078,64.50832760826576,63.36309310516474,64.43133544921875,845700,0.0,0.0
2024-01-30 00:00:00-05:00,64.75855391533158,65.03764500863159,63.59407494545177,63.8154182434082,809100,0.0,0.0
2024-01-31 00:00:00-05:00,63.930905791846726,64.98952235811417,63.34385338519009,63.59407424926758,1714700,0.0,0.0
2024-02-01 00:00:00-05:00,64.17149670548149,65.78829534908358,63.99826801715353,65.21086883544922,1051400,0.0,0.0
2024-02-02 00:00:00-05:00,63.75766327708131,63.930891938925384,62.01575814692042,62.9781379699707,1448100,0.0,0.0
2024-02-05 00:00:00-05:00,62.03500938103778,62.41033696619233,61.67892616382974,61.87140655517578,2074100,0.0,0.0
2024-02-06 00:00:00-05:00,62.0638776990283,62.48732720461517,61.630809680951515,62.03500747680664,1541500,0.0,0.0
2024-02-07 00:00:00-05:00,61.794415175062994,62.063880383957006,61.30360302012202,61.563446044921875,1262200,0.0,0.0
2024-02-08 00:00:00-05:00,61.063004464190435,61.41908399386353,60.697299079797894,61.082252502441406,1612400,0.0,0.0
2024-02-09 00:00:00-05:00,61.130378276244784,61.27473307408837,59.66756023006195,60.35084915161133,1040600,0.0,0.0
2024-02-12 00:00:00-05:00,60.28347343666208,61.05337658523489,60.167988882173105,60.71654510498047,2647700,0.0,0.0
2024-02-13 00:00:00-05:00,59.82153730306699,59.831159487205255,58.27210500244712,58.734046936035156,2255200,0.0,0.0
2024-02-14 00:00:00-05:00,58.830291671296315,59.06126082031231,57.90640406166703,59.03239059448242,1322200,0.0,0.0
2024-02-15 00:00:00-05:00,59.63868176438342,60.928270938019196,59.52319353663966,60.456703186035156,1310300,0.0,0.0
2024-02-16 00:00:00-05:00,61.650054048307304,62.737548034496136,61.139993876055456,62.03500747680664,1463300,0.0,0.0
2024-02-20 00:00:00-05:00,62.545084533582624,63.343861828439,62.46809970100087,63.2861213684082,2091100,0.0,0.0
2024-02-21 00:00:00-05:00,63.3919781536519,63.50745906347605,62.545078988929276,63.37272644042969,1541300,0.0,0.0
2024-02-22 00:00:00-05:00,63.035881845024065,63.42083526369783,62.48732560968606,62.525821685791016,1449300,0.0,0.0
2024-02-23 00:00:00-05:00,62.679800963603526,64.75854509581774,62.46808355076781,64.47945404052734,1503800,0.0,0.0
2024-02-26 00:00:00-05:00,63.950154914790744,64.03677294210705,63.17062938083144,63.53633117675781,1171200,0.0,0.0
2024-02-27 00:00:00-05:00,63.748049080139964,63.85391146742383,62.68943254967802,62.77605056762695,906300,0.0,0.0
2024-02-28 00:00:00-05:00,62.5739414040882,62.97814656513995,62.439208797863074,62.718299865722656,905300,0.0,0.0
2024-02-29 00:00:00-05:00,63.856658914242814,64.07986192403057,62.653275872353284,63.16762161254883,4479000,0.543,0.0
2024-03-01 00:00:00-05:00,63.92459276580304,65.45792329111103,62.963826174826934,65.2929458618164,1367700,0.0,0.0
2024-03-04 00:00:00-05:00,66.04990313633698,68.47606775232428,65.9237452417697,68.43724822998047,2858300,0.0,0.0
2024-03-05 00:00:00-05:00,69.36891524165068,70.54317825216181,69.32038897841184,69.62123107910156,2326800,0.0,0.0
2024-03-06 00:00:00-05:00,70.07734157839428,70.9604690991775,69.76679278731972,70.43641662597656,2845100,0.0,0.0
2024-03-07 00:00:00-05:00,71.08663118288393,71.38747325954398,70.44612009881946,70.9216537475586,830400,0.0,0.0
2024-03-08 00:00:00-05:00,71.32925609459619,71.8533086605141,70.5043614164928,71.38748168945312,2408100,0.0,0.0
2024-03-11 00:00:00-04:00,71.17396872577727,72.96933664408859,71.0575175511876,72.80435180664062,1875400,0.0,0.0
2024-03-12 00:00:00-04:00,71.72713927898752,72.58114661809682,70.85371847531474,72.44528198242188,1656100,0.0,0.0
2024-03-13 00:00:00-04:00,72.6199751491305,74.58031328131442,72.57144888577116,73.51280212402344,1699400,0.0,0.0
2024-03-14 00:00:00-04:00,72.84316198987969,73.45456019432676,72.43556812295938,73.04695892333984,1771000,0.0,0.0
2024-03-15 00:00:00-04:00,72.7267279676224,73.69719401510466,72.38705892774892,73.54191589355469,4131900,0.0,0.0
2024-03-18 00:00:00-04:00,73.406037211306,73.406037211306,72.19295488377375,72.6296615600586,2474500,0.0,0.0
2024-03-19 00:00:00-04:00,72.5520438218825,72.81406639705338,71.43600638586479,71.56216430664062,1405600,0.0,0.0
2024-03-20 00:00:00-04:00,71.71743283043013,73.74570304536411,71.26131266425946,73.1828384399414,1561100,0.0,0.0
2024-03-21 00:00:00-04:00,74.1921108895335,74.88114815507073,73.71658469861636,74.04654693603516,1722800,0.0,0.0
2024-03-22 00:00:00-04:00,73.63896004306214,74.46386209576123,73.50309539053792,73.51280212402344,808800,0.0,0.0
2024-03-25 00:00:00-04:00,73.61954872411108,74.98790188514558,73.61954872411108,73.87187194824219,811400,0.0,0.0
2024-03-26 00:00:00-04:00,74.60941065481994,74.85202711332762,73.88156127929688,73.88156127929688,828100,0.0,0.0
2024-03-27 00:00:00-04:00,74.3182813285361,76.22039362783931,74.26004833904202,76.17186737060547,996900,0.0,0.0
2024-03-28 00:00:00-04:00,76.90942417291154,78.53980721494794,76.5600558493275,78.38452911376953,1853800,0.0,0.0
2024-04-01 00:00:00-04:00,79.64613168062607,81.01449207736201,79.34528963768419,80.76216888427734,2263200,0.0,0.0
2024-04-02 00:00:00-04:00,80.94657465458604,81.35416860788501,79.6558530650711,80.09255981445312,1855000,0.0,0.0
2024-04-03 00:00:00-04:00,79.76259914148923,81.27652366067296,79.75289240880872,81.02420043945312,1611700,0.0,0.0
2024-04-04 00:00:00-04:00,80.16048466999531,80.54867252442048,79.33559010688403,79.65584564208984,1240800,0.0,0.0
2024-04-05 00:00:00-04:00,79.74318896957361,82.33433139721319,79.74318896957361,81.78116607666016,1110400,0.0,0.0
2024-04-08 00:00:00-04:00,82.3925589768656,82.72251383926961,80.16048437518066,80.59719848632812,1619100,0.0,0.0
2024-04-09 00:00:00-04:00,82.13053286565258,82.48960794215934,81.44150291132975,81.95584869384766,1500000,0.0,0.0
2024-04-10 00:00:00-04:00,80.5389700146044,81.62589458316889,79.9955114323561,81.31534576416016,1612600,0.0,0.0
2024-04-11 00:00:00-04:00,81.87821197509766,82.01407661097363,80.55837773738763,81.87821197509766,1215300,0.0,0.0
2024-04-12 00:00:00-04:00,83.4988896866367,85.66302456894877,81.35416086517701,82.1402359008789,1878600,0.0,0.0
2024-04-15 00:00:00-04:00,82.71281563361045,82.8583796019013,80.30605683561146,82.16934967041016,1256100,0.0,0.0
2024-04-16 00:00:00-04:00,81.40267921777433,83.52800196528636,81.08243108924482,82.78074645996094,1400500,0.0,0.0
2024-04-17 00:00:00-04:00,82.81956195168365,84.31408042721982,82.81956195168365,83.53771209716797,1124700,0.0,0.0
2024-04-18 00:00:00-04:00,84.5567053760517,85.01282561016336,83.8288558290399,84.80902862548828,1224900,0.0,0.0
2024-04-19 00:00:00-04:00,84.20733370125774,85.28455158094683,84.11999531299179,85.22632598876953,878000,0.0,0.0
2024-04-22 00:00:00-04:00,82.62546835782881,83.67357333501836,82.18876165270021,82.78074645996094,1717500,0.0,0.0
2024-04-23 00:00:00-04:00,82.2275804572604,83.89677561614064,81.94614445266414,83.42124938964844,1338600,0.0,0.0
2024-04-24 00:00:00-04:00,83.17863613586273,84.76049297745347,83.17863613586273,84.682861328125,1270200,0.0,0.0
2024-04-25 00:00:00-04:00,85.0322280253237,86.78876900116414,84.24614558195833,86.09973907470703,1169200,0.0,0.0
2024-04-26 00:00:00-04:00,88.26388179899207,89.88456568392043,86.88582182379604,86.90523529052734,1138800,0.0,0.0
2024-04-29 00:00:00-04:00,86.94404527162622,87.69130823692088,85.65333112041651,87.2837142944336,941300,0.0,0.0
2024-04-30 00:00:00-04:00,85.45922430168949,86.35205855173434,84.60521697998047,84.60521697998047,1414500,0.0,0.0
2024-05-01 00:00:00-04:00,85.31365623624377,87.14783609630759,84.59550617792519,85.79888916015625,1081900,0.0,0.0
2024-05-02 00:00:00-04:00,85.17779549960845,86.837298835003,85.10986317741616,86.41999816894531,1468300,0.0,0.0
2024-05-03 00:00:00-04:00,86.47821943473537,86.8372944935527,85.41070839476947,86.37146759033203,945000,0.0,0.0
2024-05-06 00:00:00-04:00,87.34193209458998,88.06978152871156,87.2545937164477,87.72041320800781,2619400,0.0,0.0
2024-05-07 00:00:00-04:00,87.8756879958663,88.08918426907873,87.09931233377132,87.76893615722656,854500,0.0,0.0
2024-05-08 00:00:00-04:00,86.89551680778281,88.87526811480295,86.89551680778281,88.39973449707031,1037000,0.0,0.0
2024-05-09 00:00:00-04:00,88.58413641407769,90.51536170532809,88.58413641407769,90.39891052246094,1541600,0.0,0.0
2024-05-10 00:00:00-04:00,91.18497795346231,91.57316580652761,90.36979012568588,90.7676773071289,2007700,0.0,0.0
2024-05-13 00:00:00-04:00,90.25333931187521,91.17527906364884,89.0790763232949,89.8942642211914,957400,0.0,0.0
2024-05-14 00:00:00-04:00,90.2533300137746,91.02970570670281,89.84573610681758,90.9423599243164,782100,0.0,0.0
2024-05-15 00:00:00-04:00,91.2529089417763,91.80607421800607,90.03011981387515,91.24320220947266,958000,0.0,0.0
2024-05-16 00:00:00-04:00,90.70944470457499,91.40818130523452,90.42800871797229,90.93264770507812,1070500,0.0,0.0
2024-05-17 00:00:00-04:00,92.00987854052111,92.9221189443681,91.59257786685366,92.62127685546875,1046800,0.0,0.0
2024-05-21 00:00:00-04:00,93.16473681219166,93.3588270522565,92.31072939021108,92.88330078125,1976600,0.0,0.0
2024-05-22 00:00:00-04:00,92.0486897939913,92.40776484502935,89.84573544299012,90.34066772460938,1253300,0.0,0.0
2024-05-23 00:00:00-04:00,89.8651355607226,90.2242105880157,88.8073313460432,89.7292709350586,1378900,0.0,0.0
2024-05-24 00:00:00-04:00,90.21450367166868,90.54446590765318,89.48665429107362,89.79720306396484,724900,0.0,0.0
2024-05-27 00:00:00-04:00,90.55418377442348,91.20440164796588,90.12718375181944,91.05883026123047,244200,0.0,0.0
2024-05-28 00:00:00-04:00,90.91325925283431,91.65081551904635,90.2921615773089,91.29174041748047,854200,0.0,0.0
2024-05-29 00:00:00-04:00,90.65121477477388,91.28201162738549,89.52547088235546,89.7098617553711,821800,0.0,0.0
2024-05-30 00:00:00-04:00,90.03012252765303,91.67991907783588,89.70987439265325,91.09764099121094,1114500,0.0,0.0
2024-05-31 00:00:00-04:00,91.33874641046283,92.22705028988027,89.4840519772283,90.73352813720703,2766800,0.547,0.0
2024-06-03 00:00:00-04:00,90.84090440667875,91.68039758617772,90.22592996249634,91.3387451171875,2564900,0.0,0.0
2024-06-04 00:00:00-04:00,89.87451453406936,89.87451453406936,86.44821129682721,86.78987121582031,1867500,0.0,0.0
2024-06-05 00:00:00-04:00,87.14128609244624,88.48838371565957,86.78987741624478,88.35172271728516,1360700,0.0,0.0
2024-06-06 00:00:00-04:00,87.92221231916407,91.91468704344825,87.92221231916407,91.68040466308594,1424500,0.0,0.0
2024-06-07 00:00:00-04:00,88.57624068836633,88.91789321001234,84.59353673287413,85.66730499267578,1845300,0.0,0.0
2024-06-10 00:00:00-04:00,86.1358436625926,87.7855466273083,86.1358436625926,87.63912200927734,1634800,0.0,0.0
2024-06-11 00:00:00-04:00,86.88748714146236,87.34628080554758,85.78442813271309,86.83867645263672,849700,0.0,0.0
2024-06-12 00:00:00-04:00,88.09790728553432,88.91787315252242,87.28769759734507,87.94171905517578,1900100,0.0,0.0
2024-06-13 00:00:00-04:00,87.26817694978037,88.32242515212837,85.75513513451435,85.87227630615234,783000,0.0,0.0
2024-06-14 00:00:00-04:00,86.6434362066715,86.67271963679464,85.28658266289317,86.16511535644531,733500,0.0,0.0
2024-06-17 00:00:00-04:00,86.15536862349478,86.87772061976209,85.68681134776192,86.1358413696289,1013400,0.0,0.0
2024-06-18 00:00:00-04:00,85.7356238260867,86.92653312296646,85.6672933310591,86.56535339355469,1813100,0.0,0.0
2024-06-19 00:00:00-04:00,86.56534957889747,87.05342664971951,85.49158151258197,86.54582977294922,404100,0.0,0.0
2024-06-20 00:00:00-04:00,86.79964074894174,88.78123283612307,86.61417649156012,88.27363586425781,1325100,0.0,0.0
2024-06-21 00:00:00-04:00,88.55670916969203,88.55670916969203,86.20417400069329,87.14128112792969,5472800,0.0,0.0
2024-06-24 00:00:00-04:00,87.73674140406887,88.09792115804832,86.89724815236112,87.55127716064453,875300,0.0,0.0
2024-06-25 00:00:00-04:00,87.02415436620124,87.48294806314694,86.3896526033501,86.48726654052734,1361700,0.0,0.0
2024-06-26 00:00:00-04:00,85.68681470733048,87.49269849253561,85.56968096940366,87.41461181640625,647200,0.0,0.0
2024-06-27 00:00:00-04:00,88.28337682050615,89.30833412955045,87.96124418875027,88.77145385742188,790700,0.0,0.0
2024-06-28 00:00:00-04:00,89.45478001691264,89.7769127253237,86.82892255026434,87.3462905883789,811000,0.0,0.0
2024-07-02 00:00:00-04:00,86.87772095180377,87.86363874677181,86.56535191594308,87.62935638427734,789900,0.0,0.0
2024-07-03 00:00:00-04:00,88.96668895714399,91.2899331614636,88.96668895714399,91.02637481689453,1109400,0.0,0.0
2024-07-04 00:00:00-04:00,90.95804522735425,91.54373623579717,90.95804522735425,91.26065063476562,112400,0.0,0.0
2024-07-05 00:00:00-04:00,91.90490927758599,93.79864315233178,91.64134350209035,92.87129974365234,1240900,0.0,0.0
2024-07-08 00:00:00-04:00,92.21728675804823,93.18367731286367,91.71944603997618,93.10558319091797,749100,0.0,0.0
2024-07-09 00:00:00-04:00,93.20320419231642,93.89627276500052,92.65655278836003,93.4472427368164,955700,0.0,0.0
2024-07-10 00:00:00-04:00,94.37459067571766,97.50804484111154,94.37459067571766,97.41043090820312,1151000,0.0,0.0
2024-07-11 00:00:00-04:00,99.50915636394072,99.79224196093669,96.57093028922472,99.32368469238281,980600,0.0,0.0
2024-07-12 00:00:00-04:00,98.37682595188342,100.16319004997744,98.30849545101204,99.95819854736328,607200,0.0,0.0
2024-07-15 00:00:00-04:00,100.03629014778178,101.22719206894496,98.82585352370248,99.79225158691406,1097400,0.0,0.0
2024-07-16 00:00:00-04:00,100.4755484863845,102.89641409210867,100.33888749910207,102.04715728759766,1036200,0.0,0.0
2024-07-17 00:00:00-04:00,101.72502739648988,102.3790489173644,100.63173202098712,100.87577056884766,765800,0.0,0.0
2024-07-18 00:00:00-04:00,101.25648491792585,101.33457159884546,99.44083739402352,100.29985046386719,717300,0.0,0.0
2024-07-19 00:00:00-04:00,97.83017039287633,100.13389478946206,97.64469872064095,99.40177917480469,549900,0.0,0.0
2024-07-22 00:00:00-04:00,99.37249573473441,100.65125529172268,99.07964650990627,100.35840606689453,540800,0.0,0.0
2024-07-23 00:00:00-04:00,100.41698109219986,101.91049576498767,99.96795107242129,101.43218231201172,396800,0.0,0.0
2024-07-24 00:00:00-04:00,102.06668080803422,103.46258161246928,100.58292970034886,100.61221313476562,582900,0.0,0.0
2024-07-25 00:00:00-04:00,98.2108628661572,99.54819664067844,97.68373876775023,98.60132598876953,665300,0.0,0.0
2024-07-26 00:00:00-04:00,99.69462552193005,100.15341918640634,99.01132056258166,99.11869812011719,657000,0.0,0.0
2024-07-29 00:00:00-04:00,99.55795798259463,100.79767790262315,98.5525204167626,100.76839447021484,530400,0.0,0.0
2024-07-30 00:00:00-04:00,101.05147045874963,101.8128769224427,99.76294732802538,101.63716888427734,656400,0.0,0.0
2024-07-31 00:00:00-04:00,102.64261780320571,104.38993475207559,102.60357074067912,103.98970794677734,1087900,0.0,0.0
2024-08-01 00:00:00-04:00,103.74567714173344,105.25871927593877,102.11550125866374,103.07212829589844,953300,0.0,0.0
2024-08-02 00:00:00-04:00,104.10683369145751,105.6296316667786,100.23150081827106,101.65668487548828,1131900,0.0,0.0
2024-08-06 00:00:00-04:00,97.87897538622958,101.65669470665341,97.37137849452132,100.78791809082031,1785800,0.0,0.0
2024-08-07 00:00:00-04:00,101.70550701919446,102.05692312194016,96.94186982529277,96.97115325927734,1612000,0.0,0.0
2024-08-08 00:00:00-04:00,97.85945058692646,99.25535127723708,96.68806862123101,98.620849609375,632900,0.0,0.0
2024-08-09 00:00:00-04:00,99.6067841189749,99.62630392778662,97.56661779097269,99.43107604980469,522500,0.0,0.0
2024-08-12 00:00:00-04:00,100.39745594325936,103.59924046269484,100.06556709677744,102.93545532226562,955200,0.0,0.0
2024-08-13 00:00:00-04:00,102.75975426171016,104.0775684525802,102.3497712655339,103.73590850830078,603600,0.0,0.0
2024-08-14 00:00:00-04:00,103.0721148351391,104.08731606169145,102.02763017519496,103.96041870117188,1129000,0.0,0.0
2024-08-15 00:00:00-04:00,104.26301559092245,105.27821673452998,102.00810203440328,104.6827621459961,545600,0.0,0.0
2024-08-16 00:00:00-04:00,106.28366738778938,107.06459373245434,105.55155173246555,106.92793273925781,882100,0.0,0.0
2024-08-19 00:00:00-04:00,106.40080386111292,107.94312922740878,106.37152042779145,107.6307601928711,1551200,0.0,0.0
2024-08-20 00:00:00-04:00,108.59715666836937,109.70997188023001,107.9919383725906,109.11451721191406,952500,0.0,0.0
2024-08-21 00:00:00-04:00,108.63619505404716,110.01256851774862,108.1285907310417,109.75877380371094,812600,0.0,0.0
2024-08-22 00:00:00-04:00,108.55810220056456,108.63619632000854,107.20124852695236,108.23596954345703,1095700,0.0,0.0
2024-08-23 00:00:00-04:00,109.1535606375263,109.76853509281256,108.38239793790142,109.17308044433594,493500,0.0,0.0
2024-08-26 00:00:00-04:00,109.36831651349726,109.92472410477473,107.99193552864674,108.41168212890625,489200,0.0,0.0
2024-08-27 00:00:00-04:00,107.30862301104632,108.2457300751839,106.2543747710922,107.952880859375,595700,0.0,0.0
2024-08-28 00:00:00-04:00,106.68389382957766,107.0743570006002,105.81511718397189,106.84983825683594,1076400,0.0,0.0
2024-08-29 00:00:00-04:00,107.11339588917825,109.1828378769979,106.98649108598669,108.10906982421875,641300,0.0,0.0
2024-08-30 00:00:00-04:00,107.74514789985007,108.33371079605806,106.97022122202655,107.70591735839844,1804400,0.539,0.0
2024-09-03 00:00:00-04:00,106.38167075697156,106.47976957372822,103.64488739568486,104.9691390991211,1536000,0.0,0.0
2024-09-04 00:00:00-04:00,104.14514230855889,105.06721718582193,103.50753749947037,103.7822036743164,1138800,0.0,0.0
2024-09-05 00:00:00-04:00,105.3124636694516,106.02853714279603,104.24324792288232,104.34134674072266,681600,0.0,0.0
2024-09-06 00:00:00-04:00,104.1941863523212,104.8514063981556,101.83995736192891,102.32061004638672,635000,0.0,0.0
2024-09-09 00:00:00-04:00,102.66394664078166,103.84105746012743,102.60508586109272,103.44868469238281,864800,0.0,0.0
2024-09-10 00:00:00-04:00,103.89992275028347,105.29283912688342,103.24270259167645,105.26341247558594,925300,0.0,0.0
2024-09-11 00:00:00-04:00,104.52770108208756,105.42034928925621,103.23287622576036,105.31244659423828,846500,0.0,0.0
2024-09-12 00:00:00-04:00,106.84269331977175,109.3931050372923,106.84269331977175,109.11844635009766,1527600,0.0,0.0
2024-09-13 00:00:00-04:00,110.6585079029491,111.81600347888823,110.35442255564003,110.9135513305664,1169500,0.0,0.0
2024-09-16 00:00:00-04:00,110.63888650665814,110.84488051929117,108.7064568612449,110.05033111572266,1410900,0.0,0.0
2024-09-17 00:00:00-04:00,109.68738548743268,110.87430765144818,108.16694386063195,109.77567291259766,1495800,0.0,0.0
2024-09-18 00:00:00-04:00,110.21709710648965,112.57132636776245,108.54952210019437,108.66722869873047,992500,0.0,0.0
2024-09-19 00:00:00-04:00,109.86396213553721,110.35442625221371,106.93098881330049,108.82418060302734,967400,0.0,0.0
2024-09-20 00:00:00-04:00,110.78603397940016,111.58058343140814,109.7462449920063,110.57022857666016,2755000,0.0,0.0
2024-09-23 00:00:00-04:00,110.2955716820344,111.54134723112574,109.44216143465195,109.51082611083984,668600,0.0,0.0
2024-09-24 00:00:00-04:00,109.84434345604389,111.47268038127145,109.19692724984944,110.7271728515625,817200,0.0,0.0
2024-09-25 00:00:00-04:00,110.9135502948674,112.28685125951372,110.69774489535165,111.50210571289062,994800,0.0,0.0
2024-09-26 00:00:00-04:00,111.2764893747107,111.65905074639943,110.17784717577338,111.14896392822266,1111600,0.0,0.0
2024-09-27 00:00:00-04:00,110.13861354090237,110.88412104430985,108.28465990149947,108.52008056640625,884700,0.0,0.0
2024-09-30 00:00:00-04:00,107.4018335081759,107.89229764007682,105.8519725391244,106.87213134765625,1728100,0.0,0.0
2024-10-01 00:00:00-04:00,107.60782511065962,108.48085064697817,106.80346425189796,108.29447937011719,939800,0.0,0.0
2024-10-02 00:00:00-04:00,108.490662383108,109.04979118331426,107.1958373992678,108.07867431640625,722300,0.0,0.0
2024-10-03 00:00:00-04:00,107.17621756676041,107.17621756676041,105.15550037931973,106.3326187133789,581000,0.0,0.0
2024-10-04 00:00:00-04:00,105.95005974637988,106.48956578014635,104.66503868175323,104.92989349365234,853100,0.0,0.0
2024-10-07 00:00:00-04:00,104.45903765970058,104.73369634707008,103.21326218944958,104.52770233154297,628800,0.0,0.0
2024-10-08 00:00:00-04:00,104.30210043088556,105.21436398360628,103.94896566958151,104.67485046386719,967300,0.0,0.0
2024-10-09 00:00:00-04:00,104.0568676218559,105.23397849510737,102.9876519678844,105.14569854736328,543600,0.0,0.0
2024-10-10 00:00:00-04:00,106.08738528507584,107.22525809428086,105.43996908716665,107.13697814941406,794000,0.0,0.0
2024-10-11 00:00:00-04:00,107.73533710637716,108.52007511124805,107.17620837790021,107.244873046875,598400,0.0,0.0
2024-10-15 00:00:00-04:00,108.08848801462858,111.09012611344549,108.06886525833283,111.06069946289062,926200,0.0,0.0
2024-10-16 00:00:00-04:00,111.88466815356732,113.46396315507465,110.7467953326155,110.9135513305664,829600,0.0,0.0
2024-10-17 00:00:00-04:00,111.85524080805492,112.38494293108823,111.0901180138584,111.28630065917969,658900,0.0,0.0
2024-10-18 00:00:00-04:00,112.06124060278458,117.35825462206472,111.41383185276746,116.74027252197266,1107600,0.0,0.0
2024-10-21 00:00:00-04:00,118.15280249869235,119.11411545853898,117.06397156294189,117.59367370605469,1114000,0.0,0.0
2024-10-22 00:00:00-04:00,119.04545551656213,119.59477295324372,118.05471586778529,119.30049896240234,873700,0.0,0.0
2024-10-23 00:00:00-04:00,118.1920359313042,120.32065579880975,117.69176794105266,120.31084442138672,975900,0.0,0.0
2024-10-24 00:00:00-04:00,120.65416914069253,120.73264519317739,116.98549975174068,119.48686218261719,1529000,0.0,0.0
2024-10-25 00:00:00-04:00,117.99585638600394,118.93754657837228,117.33863627527109,118.48632049560547,1258300,0.0,0.0
2024-10-28 00:00:00-04:00,118.06452144049943,119.10430296134388,117.54463068007722,118.22146606445312,1134200,0.0,0.0
2024-10-29 00:00:00-04:00,119.08468979987492,121.49777237154157,118.69231700720563,121.38005828857422,1095200,0.0,0.0
2024-10-30 00:00:00-04:00,121.19367355930306,121.2917648756099,118.9375358648073,120.3500747680664,1405000,0.0,0.0
2024-10-31 00:00:00-04:00,119.6732437870872,119.6830551648536,116.61274502226676,117.88795471191406,1364400,0.0,0.0
2024-11-01 00:00:00-04:00,118.6923085891628,119.36915142141625,117.43672172878217,117.46614837646484,899100,0.0,0.0
2024-11-04 00:00:00-05:00,117.46614898712122,118.29993643931273,116.34789146603836,117.1228256225586,1030500,0.0,0.0
2024-11-05 00:00:00-05:00,117.22091029845556,117.88794171917466,115.82799416468227,116.47540283203125,631100,0.0,0.0
2024-11-06 00:00:00-05:00,113.46396571514802,114.45470531549019,111.09012121252357,113.85633850097656,1418500,0.0,0.0
2024-11-07 00:00:00-05:00,115.45525204400673,116.91684052506557,113.55225632784393,116.32827758789062,882600,0.0,0.0
2024-11-08 00:00:00-05:00,115.76913675719342,116.05360681823683,113.52281788364564,114.44488525390625,797900,0.0,0.0
2024-11-11 00:00:00-05:00,110.47213625852797,111.61000907561343,106.20509261376486,106.72499084472656,1140700,0.0,0.0
2024-11-12 00:00:00-05:00,105.53805558882044,106.24432505104761,103.78220079408456,105.489013671875,1508500,0.0,0.0
2024-11-13 00:00:00-05:00,106.13642418601401,107.46068319246281,104.34133133644342,104.40018463134766,1047300,0.0,0.0
2024-11-14 00:00:00-05:00,103.48792398960632,108.0001921644134,103.22307667135887,107.1565933227539,1361600,0.0,0.0
2024-11-15 00:00:00-05:00,107.56858303711851,108.15713842222051,105.59691538733345,106.0873794555664,750600,0.0,0.0
2024-11-18 00:00:00-05:00,108.62798837069353,110.93316817783068,108.57894645030495,110.00128936767578,1125200,0.0,0.0
2024-11-19 00:00:00-05:00,111.60020213245676,113.11083251417519,110.77622600636772,112.99312591552734,911200,0.0,0.0
2024-11-20 00:00:00-05:00,112.94406786698342,113.92499602805424,112.44379240934867,113.58167266845703,727500,0.0,0.0
2024-11-21 00:00:00-05:00,114.22908740176504,114.58222215712973,112.79693310895858,114.5331802368164,835900,0.0,0.0
2024-11-22 00:00:00-05:00,115.29830100527407,116.49503460129064,114.64108091037585,115.67105102539062,964800,0.0,0.0
2024-11-25 00:00:00-05:00,112.14952099672004,112.25742369559784,110.37403589584142,112.08085632324219,2995100,0.0,0.0
2024-11-26 00:00:00-05:00,113.27759068903751,116.27922855598882,112.42418046942531,116.06342315673828,999600,0.0,0.0
2024-11-27 00:00:00-05:00,116.23999252561619,117.45634140676681,114.69993554003317,114.90592956542969,1170700,0.0,0.0
2024-11-28 00:00:00-05:00,114.90592904303539,116.23999199715685,114.86669101686849,115.2296371459961,135600,0.0,0.0
2024-11-29 00:00:00-05:00,116.1166990566205,117.10232592584158,115.93928591937126,116.36310577392578,672800,0.56,0.0
2024-12-02 00:00:00-05:00,116.04771215565349,116.3729708459533,114.38200776422141,114.71711730957031,1148100,0.0,0.0
2024-12-03 00:00:00-05:00,116.05756056844506,120.13805509003697,115.61403149773395,119.27070617675781,1365900,0.0,0.0
2024-12-04 00:00:00-05:00,119.04402317411264,120.46332840459861,118.40336414536623,118.54135131835938,866700,0.0,0.0
2024-12-05 00:00:00-05:00,117.83170302756963,118.51178049895479,116.33354587607451,117.52615356445312,644300,0.0,0.0
2024-12-06 00:00:00-05:00,117.82183392203012,118.04852388526706,115.93928303911234,116.57008361816406,577200,0.0,0.0
2024-12-09 00:00:00-05:00,119.26085278998717,121.40951969476153,117.99925158346579,118.12738037109375,1370500,0.0,0.0
2024-12-10 00:00:00-05:00,119.16228382383707,119.2608450017095,117.48671372106244,117.82183074951172,1113100,0.0,0.0
2024-12-11 00:00:00-05:00,118.44278887867281,122.010761147848,117.9006985675485,121.98119354248047,998600,0.0,0.0
2024-12-12 00:00:00-05:00,120.23661886465356,121.08425856807978,118.95530845509818,119.5565414428711,933100,0.0,0.0
2024-12-13 00:00:00-05:00,118.37378048069881,118.78774194351881,116.28425641899634,117.50643157958984,917100,0.0,0.0
2024-12-16 00:00:00-05:00,117.58528468918549,117.61485229114456,115.72245056840359,116.08712768554688,734800,0.0,0.0
2024-12-17 00:00:00-05:00,114.73682787073935,115.88015113291071,114.23415606009125,115.31834411621094,539300,0.0,0.0
2024-12-18 00:00:00-05:00,114.89452215235552,115.00294170795213,110.0649490603461,110.61690521240234,1247600,0.0,0.0
2024-12-19 00:00:00-05:00,110.61689983479431,111.45468111661917,109.10888450382663,109.73968505859375,640400,0.0,0.0
2024-12-20 00:00:00-05:00,110.43949288097816,112.15448151511438,109.56228557548839,110.79431915283203,2792100,0.0,0.0
2024-12-23 00:00:00-05:00,110.50848041638814,111.80950750211541,109.68054998743307,111.70108795166016,434400,0.0,0.0
2024-12-24 00:00:00-05:00,111.38568878173828,111.85878544321591,110.78445582131958,111.38568878173828,202300,0.0,0.0
2024-12-27 00:00:00-05:00,110.5084858266413,111.87850655521007,110.3803495227014,111.77994537353516,405200,0.0,0.0
2024-12-30 00:00:00-05:00,110.20293676757095,111.08014407105206,109.29616186145908,110.1832275390625,669200,0.0,0.0
2024-12-31 00:00:00-05:00,109.84811972413951,111.26742492753137,109.53271940335652,110.8436050415039,585200,0.0,0.0
2025-01-02 00:00:00-05:00,112.94297933457081,116.70808119394215,112.88384412873314,116.36310577392578,793500,0.0,0.0
2025-01-03 00:00:00-05:00,116.09698830624703,116.51094978115742,115.24934860824793,115.45632934570312,636700,0.0,0.0
2025-01-06 00:00:00-05:00,115.30848454142954,115.30848454142954,112.27275951984794,112.50930786132812,690100,0.0,0.0
2025-01-07 00:00:00-05:00,115.3380501911791,117.0530463171457,114.03702305546351,114.91423034667969,1311200,0.0,0.0
2025-01-08 00:00:00-05:00,116.05755966729073,118.35407199453087,115.45632669715943,118.23579406738281,907600,0.0,0.0
2025-01-09 00:00:00-05:00,118.47233651100335,120.31546130546539,118.47233651100335,120.00006103515625,389100,0.0,0.0
2025-01-10 00:00:00-05:00,120.63086901145051,121.81361821808044,119.172145491256,119.94093322753906,961600,0.0,0.0
2025-01-13 00:00:00-05:00,118.0386771882621,118.23579955625725,115.72245552550571,116.90520477294922,830300,0.0,0.0
2025-01-14 00:00:00-05:00,117.10233549452651,118.87646701198709,116.28427084122673,118.79761505126953,839000,0.0,0.0
2025-01-15 00:00:00-05:00,120.1577710224942,120.1577710224942,117.40787125143316,119.09329223632812,764700,0.0,0.0
2025-01-16 00:00:00-05:00,120.32532489017936,121.59678439985618,119.31998131520889,119.46782684326172,685900,0.0,0.0
2025-01-17 00:00:00-05:00,118.91588394953367,121.55736427480859,118.12737944179274,121.32080841064453,661800,0.0,0.0
2025-01-20 00:00:00-05:00,120.73927868908535,122.41484118136624,120.73927868908535,122.22757720947266,185600,0.0,0.0
2025-01-21 00:00:00-05:00,122.71054217863697,125.78570064154394,122.60212262412917,125.2731704711914,1044400,0.0,0.0
2025-01-22 00:00:00-05:00,126.2095161279802,128.12163454720442,124.93805663970865,126.53477478027344,602000,0.0,0.0
2025-01-23 00:00:00-05:00,128.13148125217583,128.13148125217583,123.48918002609989,125.647705078125,770500,0.0,0.0
2025-01-24 00:00:00-05:00,127.14587009407516,127.23457290559752,126.0321144042322,127.11630249023438,688500,0.0,0.0
2025-01-27 00:00:00-05:00,125.01689917226386,126.76146281191625,124.060847496897,126.67276000976562,695300,0.0,0.0
2025-01-28 00:00:00-05:00,126.93887022264215,127.68795622338659,126.02224450843214,127.638671875,644200,0.0,0.0
2025-01-29 00:00:00-05:00,128.13148737745453,129.85633432292028,126.899453844979,128.1117706298828,608200,0.0,0.0
2025-01-30 00:00:00-05:00,130.58570702223622,134.88304069809237,129.6690662294451,134.76475524902344,1034800,0.0,0.0
2025-01-31 00:00:00-05:00,135.59267418254947,136.42059701233975,133.06945716306888,133.13845825195312,1346700,0.0,0.0
2025-02-03 00:00:00-05:00,133.75943302405187,139.9491687439946,133.75943302405187,136.18406677246094,1480900,0.0,0.0
2025-02-04 00:00:00-05:00,135.8193952972661,137.33725416702134,133.6608698930278,134.85348510742188,1114300,0.0,0.0
2025-02-05 00:00:00-05:00,136.33191398703158,140.3434074717844,136.33191398703158,139.1113739013672,1352400,0.0,0.0
2025-02-06 00:00:00-05:00,138.8551335760427,139.5943538100898,137.43582832035636,139.58448791503906,841300,0.0,0.0
2025-02-07 00:00:00-05:00,139.95901828893227,140.83622561888257,138.42144274784837,138.4608612060547,685100,0.0,0.0
2025-02-10 00:00:00-05:00,141.38815472433632,143.16228588781092,140.62921791339733,141.74298095703125,1069100,0.0,0.0
2025-02-11 00:00:00-05:00,139.89987163747813,140.54052304736413,138.41156553103374,138.49041748046875,693000,0.0,0.0
2025-02-12 00:00:00-05:00,136.87399272094441,141.57543689912515,136.8345742652124,140.18569946289062,1032700,0.0,0.0
2025-02-13 00:00:00-05:00,140.57995269079174,141.03333258828374,139.21978291937347,140.9741973876953,726700,0.0,0.0
2025-02-14 00:00:00-05:00,138.90439383338008,138.97339493633817,133.36517538684683,133.83827209472656,1553200,0.0,0.0
2025-02-18 00:00:00-05:00,135.09002568428033,136.9331432452765,133.10892095357545,135.95738220214844,1455400,0.0,0.0
2025-02-19 00:00:00-05:00,135.12945169370923,138.57914578468456,134.81404387215886,137.4259490966797,1143800,0.0,0.0
2025-02-20 00:00:00-05:00,137.41607691488724,139.02265329768696,136.46988367603214,136.9232635498047,1555400,0.0,0.0
2025-02-21 00:00:00-05:00,136.0263669847976,136.4107608853244,134.38037181897906,134.80419921875,768600,0.0,0.0
2025-02-24 00:00:00-05:00,136.1643551757524,137.79064864363517,134.67606391678711,137.061279296875,813100,0.0,0.0
2025-02-25 00:00:00-05:00,135.63212167781754,136.89372293798056,132.37954981917375,136.70645141601562,1129700,0.0,0.0
2025-02-26 00:00:00-05:00,136.08551685558768,139.4662099919217,135.39556597599244,139.03253173828125,790900,0.0,0.0
2025-02-27 00:00:00-05:00,138.07645285378123,139.1803650810417,135.21814118991065,135.26742553710938,1063000,0.0,0.0
2025-02-28 00:00:00-05:00,133.24528336843733,138.13483951923763,131.602246425848,137.94677734375,2783400,0.577,0.0
2025-03-03 00:00:00-05:00,139.67891502120767,141.16359741761667,136.58088802405408,137.63995361328125,1647300,0.0,0.0
2025-03-04 00:00:00-05:00,139.30281290463643,140.3618785482514,135.47232185516825,137.30343627929688,894300,0.0,0.0
2025-03-05 00:00:00-05:00,137.0757710358126,141.53971030847248,136.13546017866076,141.33184814453125,1482600,0.0,0.0
2025-03-06 00:00:00-05:00,139.99564518926042,141.00523338039557,137.67954442986448,138.56045532226562,849000,0.0,0.0
2025-03-07 00:00:00-05:00,139.15433215160976,142.3117592151188,138.1645438610036,140.55982971191406,938000,0.0,0.0
2025-03-10 00:00:00-04:00,139.56014417270424,140.5598248747444,137.08567353134424,138.768310546875,1387800,0.0,0.0
2025-03-11 00:00:00-04:00,141.08441071005592,145.49887295663203,140.65880901137714,143.49949645996094,1675800,0.0,0.0
2025-03-12 00:00:00-04:00,143.38073614877524,144.96440349654557,142.0841158704867,143.737060546875,1533800,0.0,0.0
2025-03-13 00:00:00-04:00,144.57837744435588,148.72557754020335,144.142868196322,146.71630859375,1149000,0.0,0.0
2025-03-14 00:00:00-04:00,148.25048584460632,148.8443648476833,146.3995866130034,147.29039001464844,1021600,0.0,0.0
2025-03-17 00:00:00-04:00,148.05253724580416,149.32935752060084,147.20131869494935,148.98294067382812,1180900,0.0,0.0
2025-03-18 00:00:00-04:00,152.06118412064473,152.36801608273592,149.21058893197855,149.78466796875,1042400,0.0,0.0
2025-03-19 00:00:00-04:00,149.8341474976257,149.9529172525982,147.9337559032165,149.58670043945312,888400,0.0,0.0
2025-03-20 00:00:00-04:00,149.08189405896726,150.59626879884172,148.18119827396782,149.33924865722656,750500,0.0,0.0
2025-03-21 00:00:00-04:00,148.18120630053127,148.46823824917277,145.9046902934499,148.1317138671875,2537500,0.0,0.0
2025-03-24 00:00:00-04:00,147.8248736428895,148.85424672510737,147.01324006983918,147.66650390625,579800,0.0,0.0
2025-03-25 00:00:00-04:00,148.5177236612747,151.05157905779618,148.3197690402282,149.11158752441406,757800,0.0,0.0
2025-03-26 00:00:00-04:00,149.2105865116101,149.8044655339392,147.2805023434969,148.0525360107422,481100,0.0,0.0
2025-03-27 00:00:00-04:00,150.5368774002305,152.81339318535424,149.4877043687047,152.76390075683594,849500,0.0,0.0
2025-03-28 00:00:00-04:00,153.1895315565908,156.26777361570302,151.20004750980993,152.2195281982422,1118000,0.0,0.0
2025-03-31 00:00:00-04:00,151.86320067136464,155.4561367742913,149.5273149506167,154.31788635253906,1438800,0.0,0.0
2025-04-01 00:00:00-04:00,155.75308087435485,156.4855296223035,151.45740345958612,153.2786102294922,917100,0.0,0.0
2025-04-02 00:00:00-04:00,153.8922705316221,153.8922705316221,149.41843858406472,152.41749572753906,963900,0.0,0.0
2025-04-03 00:00:00-04:00,143.16298837312584,154.3179074648835,143.16298837312584,151.2495574951172,1179400,0.0,0.0
2025-04-04 00:00:00-04:00,147.46857778682096,150.08161853449306,139.24342357252755,140.01547241210938,2726700,0.0,0.0
2025-04-07 00:00:00-04:00,134.72008037589404,145.55825877842054,134.01732406753547,140.44105529785156,2036000,0.0,0.0
2025-04-08 00:00:00-04:00,145.97396929786376,146.00366173761773,139.74820774759903,141.24278259277344,1602600,0.0,0.0
2025-04-09 00:00:00-04:00,146.53814472097844,149.4580168642896,144.06367424309283,147.76547241210938,1681400,0.0,0.0
2025-04-10 00:00:00-04:00,148.36925390900348,157.0200087254235,148.21089926589977,154.43666076660156,2193400,0.0,0.0
2025-04-11 00:00:00-04:00,159.00948756906516,162.72119376911775,157.6435899574662,161.75120544433594,1396600,0.0,0.0
2025-04-14 00:00:00-04:00,159.68253878630972,163.68127663598074,157.25756061564243,162.58261108398438,763000,0.0,0.0
2025-04-15 00:00:00-04:00,164.6413613853029,167.09604693315006,162.57270772451025,166.66053771972656,1002200,0.0,0.0
2025-04-16 00:00:00-04:00,172.80712374790326,173.5395724764309,166.97727166730525,168.31349182128906,1003100,0.0,0.0
2025-04-17 00:00:00-04:00,167.13563181483903,167.9373578200191,164.74034624397876,166.66053771972656,817400,0.0,0.0
2025-04-21 00:00:00-04:00,171.94601891361236,173.1436542587552,166.24484393401718,169.10533142089844,1017500,0.0,0.0
2025-04-22 00:00:00-04:00,171.0749904249155,171.4313147842869,164.63147462116598,165.77963256835938,1393600,0.0,0.0
2025-04-23 00:00:00-04:00,157.62377743198456,163.7109690749831,156.6339891906534,162.58261108398438,1610300,0.0,0.0
2025-04-24 00:00:00-04:00,164.06730768049187,164.95812623675948,161.30580489289625,164.0970001220703,707900,0.0,0.0
2025-04-25 00:00:00-04:00,160.33579580374192,163.7406545220341,159.76171683592742,162.79046630859375,753800,0.0,0.0
2025-04-28 00:00:00-04:00,161.50375492099,162.87956005235776,159.2767312484397,162.82017517089844,692600,0.0,0.0
2025-04-29 00:00:00-04:00,161.3156771596264,162.68158971325443,159.03916127123614,159.34600830078125,838100,0.0,0.0
2025-04-30 00:00:00-04:00,159.35591598973818,160.61295135712263,158.7818369644994,160.37539672851562,1218100,0.0,0.0
2025-05-01 00:00:00-04:00,156.86162816188767,157.25755249976893,153.46666191875758,154.16940307617188,1337200,0.0,0.0
2025-05-02 00:00:00-04:00,156.07972106173023,156.19849082601098,150.15088364618975,151.94239807128906,994700,0.0,0.0
2025-05-05 00:00:00-04:00,155.98072469278367,156.5152187985936,153.42706922817052,156.2776641845703,612200,0.0,0.0
2025-05-06 00:00:00-04:00,159.8507952450151,162.64200523494162,158.14835832271297,162.43414306640625,1614400,0.0,0.0
2025-05-07 00:00:00-04:00,159.35590327610464,161.28598728276788,158.17805287889308,160.69212341308594,937600,0.0,0.0
2025-05-08 00:00:00-04:00,159.92999605266309,160.68222972700977,157.53471016814163,157.96031188964844,845500,0.0,0.0
2025-05-09 00:00:00-04:00,159.35589758263453,161.94913779109126,157.61387581631558,161.8303680419922,789100,0.0,0.0
2025-05-12 00:00:00-04:00,153.74381993493392,153.74381993493392,145.8354059045508,147.31019592285156,1833400,0.0,0.0
2025-05-13 00:00:00-04:00,146.68661280528323,147.87435566182188,145.805701883862,147.52793884277344,830700,0.0,0.0
2025-05-14 00:00:00-04:00,144.29133371745016,145.49887662282967,142.73737397713197,144.87530517578125,1128200,0.0,0.0
2025-05-15 00:00:00-04:00,146.36988482005773,147.39925790958068,145.33060418256863,147.18150329589844,920500,0.0,0.0
2025-05-16 00:00:00-04:00,143.94490082972425,147.34977489436204,143.54899156298654,147.29039001464844,973600,0.0,0.0
2025-05-20 00:00:00-04:00,149.06211559140854,155.33736943381658,149.06211559140854,155.14930725097656,1142900,0.0,0.0
2025-05-21 00:00:00-04:00,157.37632299633088,159.02926746953352,154.99092982179965,158.67294311523438,1108400,0.0,0.0
2025-05-22 00:00:00-04:00,157.68316764477203,159.32621980568274,156.5647020612772,157.32684326171875,999700,0.0,0.0
2025-05-23 00:00:00-04:00,159.84091645993846,160.94947451227864,159.00948281771258,159.8310089111328,862700,0.0,0.0
2025-05-26 00:00:00-04:00,158.17804931528985,160.84058198117643,157.63366278645202,160.08834838867188,257500,0.0,0.0
2025-05-27 00:00:00-04:00,156.88144744125592,161.00886288965674,156.56470793201152,159.14805603027344,1167100,0.0,0.0
2025-05-28 00:00:00-04:00,159.65285209030006,161.57304376403033,158.91051088259837,161.44436645507812,1010100,0.0,0.0
2025-05-29 00:00:00-04:00,161.53344135149524,162.53313716210096,159.39549508068117,161.51364135742188,689100,0.0,0.0
2025-05-30 00:00:00-04:00,161.17795550426368,162.73720487953568,158.9235208294424,160.66152954101562,3047200,0.552,0.0
2025-06-02 00:00:00-04:00,163.18411092701348,169.57998511838102,163.18411092701348,169.15293884277344,1078100,0.0,0.0
2025-06-03 00:00:00-04:00,167.25602453954158,168.19951191815645,164.80294826260322,166.90841674804688,823500,0.0,0.0
2025-06-04 00:00:00-04:00,167.20637743877245,168.28890498937528,166.47144255312153,168.10020446777344,810700,0.0,0.0
2025-06-05 00:00:00-04:00,170.11629035941291,171.56629290362474,165.1406250337668,165.6669921875,848400,0.0,0.0
2025-06-06 00:00:00-04:00,165.19026020002997,165.53785280552236,159.36048799954614,160.49267578125,1248200,0.0,0.0
2025-06-09 00:00:00-04:00,160.02590955751734,161.4858380330658,158.47660141715556,161.07864379882812,738200,0.0,0.0
2025-06-10 00:00:00-04:00,161.13822997101718,161.88309081834083,157.19543200684535,158.97317504882812,876000,0.0,0.0
2025-06-11 00:00:00-04:00,159.76768484708396,161.43618106376815,158.97317871500235,161.3666534423828,836700,0.0,0.0
2025-06-12 00:00:00-04:00,163.27348931437572,166.00464571513112,163.07486278880364,164.98170471191406,700100,0.0,0.0
2025-06-13 00:00:00-04:00,166.749517093268,168.62656591391746,165.05124276489792,167.97109985351562,823500,0.0,0.0
2025-06-16 00:00:00-04:00,166.26287138977045,168.04059922568598,165.69676988827902,167.2858123779297,723400,0.0,0.0
2025-06-17 00:00:00-04:00,168.20944615187418,168.65637480682238,165.8656166246273,167.93136596679688,556800,0.0,0.0
2025-06-18 00:00:00-04:00,167.832053216316,169.04369475215407,166.28272990917097,166.82896423339844,741000,0.0,0.0
2025-06-19 00:00:00-04:00,166.35225967063303,166.73958671384608,165.1108248969716,165.61732482910156,217400,0.0,0.0
2025-06-20 00:00:00-04:00,165.39884544795538,168.28890948882076,165.0810459985244,165.1505584716797,1808700,0.0,0.0
2025-06-23 00:00:00-04:00,165.85568965207347,169.7389013522009,165.85568965207347,166.93821716308594,736500,0.0,0.0
2025-06-24 00:00:00-04:00,162.72728178357585,165.10090454619075,159.8272767169507,164.16734313964844,1251200,0.0,0.0
2025-06-25 00:00:00-04:00,162.91596594060633,164.53480177845046,162.75707380251194,163.19406127929688,770600,0.0,0.0
2025-06-26 00:00:00-04:00,163.85946310052282,166.9183601826625,162.97556215324013,166.74951171875,2454100,0.0,0.0
2025-06-27 00:00:00-04:00,161.49575477142633,162.06184110360013,155.8546677223022,157.9899444580078,1442900,0.0,0.0
2025-06-30 00:00:00-04:00,158.53619468640335,161.12831115722656,156.9272848793257,161.12831115722656,1078300,0.0,0.0
2025-07-02 00:00:00-04:00,161.85329421173418,161.85329421173418,158.18857649486966,160.26425170898438,980000,0.0,0.0
2025-07-03 00:00:00-04:00,160.11529843931518,162.12146135015035,159.6485177349986,162.0221405029297,662000,0.0,0.0
2025-07-04 00:00:00-04:00,162.2704243262585,163.4026122531877,161.9228165219472,162.24063110351562,198700,0.0,0.0
2025-07-07 00:00:00-04:00,161.67453269079803,165.99473192289616,159.40023077010298,165.72657775878906,812400,0.0,0.0
2025-07-08 00:00:00-04:00,165.08102832838816,165.09095435085234,156.84782458999007,157.88070678710938,1048000,0.0,0.0
2025-07-09 00:00:00-04:00,157.47352075454717,160.62179762220302,156.59954579673055,159.95639038085938,718700,0.0,0.0
2025-07-10 00:00:00-04:00,160.52247895771285,161.42623191143983,158.15878241512152,160.32383728027344,898400,0.0,0.0
2025-07-11 00:00:00-04:00,161.88309594390157,163.07487030650694,160.7807012487891,162.86631774902344,683400,0.0,0.0
2025-07-14 00:00:00-04:00,163.41254033759407,166.1834313215048,162.5782997818024,162.62796020507812,672100,0.0,0.0
2025-07-15 00:00:00-04:00,162.11152483968235,163.20399357362467,159.8769421009918,162.230712890625,748700,0.0,0.0
2025-07-16 00:00:00-04:00,162.93583299429096,164.5348016305989,160.85023161273722,162.6676788330078,960300,0.0,0.0
2025-07-17 00:00:00-04:00,160.52249443276517,162.32008964556826,159.65844548445634,161.90296936035156,570600,0.0,0.0
2025-07-18 00:00:00-04:00,162.14129698659082,163.21389838023944,160.34370197515238,160.5026092529297,731500,0.0,0.0
2025-07-21 00:00:00-04:00,163.23377487840767,167.83205409427757,163.15432123499232,166.76937866210938,989100,0.0,0.0
2025-07-22 00:00:00-04:00,167.95121761270045,175.40975180426486,167.85189677541388,173.8207244873047,1247000,0.0,0.0
2025-07-23 00:00:00-04:00,173.56251106931586,174.94298596079776,171.64574301207676,171.73512268066406,748800,0.0,0.0
2025-07-24 00:00:00-04:00,170.66251504134112,173.592298032964,167.71286485044848,170.57313537597656,587900,0.0,0.0
2025-07-25 00:00:00-04:00,169.20260854905848,173.91013520848324,169.20260854905848,172.72828674316406,933500,0.0,0.0
2025-07-28 00:00:00-04:00,171.6656063830273,172.02314020363502,166.6104724727781,168.8152618408203,757800,0.0,0.0
2025-07-29 00:00:00-04:00,168.9046551908424,173.03613856004822,168.56697341848505,172.63888549804688,564000,0.0,0.0
2025-07-30 00:00:00-04:00,170.62280316618242,173.94983936149666,168.59677307168542,169.53033447265625,684700,0.0,0.0
2025-07-31 00:00:00-04:00,172.51970795805104,177.1775583282078,169.71902393749744,170.8313446044922,1466400,0.0,0.0
2025-08-01 00:00:00-04:00,173.44332540340486,175.29058085598854,169.90772177795557,171.5563507080078,900200,0.0,0.0
2025-08-05 00:00:00-04:00,178.29982001163157,184.70562017186515,178.170705950674,184.1494598388672,1511600,0.0,0.0
2025-08-06 00:00:00-04:00,184.0501745960214,185.7186557803364,182.76900532913348,184.8446807861328,1356700,0.0,0.0
2025-08-07 00:00:00-04:00,186.801168349637,187.28781623311272,184.45733890680174,185.35118103027344,846100,0.0,0.0
2025-08-08 00:00:00-04:00,185.50014677952618,188.17171681368046,184.13953912888687,185.37103271484375,770300,0.0,0.0
2025-08-11 00:00:00-04:00,181.45804850291992,186.2748064340788,180.83236051440437,185.52001953125,590300,0.0,0.0
2025-08-12 00:00:00-04:00,186.94021709186703,187.1090504092404,181.87517210796474,185.2816619873047,553100,0.0,0.0
2025-08-13 00:00:00-04:00,186.62240073805324,186.62240073805324,181.92480088395928,182.72926330566406,928400,0.0,0.0
2025-08-14 00:00:00-04:00,182.70940462605068,184.5864533890824,180.75290221935964,182.1333770751953,690500,0.0,0.0
2025-08-15 00:00:00-04:00,181.60701153902718,183.33509420675264,179.68030233752748,183.08680725097656,1049300,0.0,0.0
2025-08-18 00:00:00-04:00,183.76213987738168,183.84159352147026,181.5871437274356,183.12652587890625,548900,0.0,0.0
2025-08-19 00:00:00-04:00,183.33510196074508,183.54365452604696,179.02482870895597,179.3724365234375,556000,0.0,0.0
2025-08-20 00:00:00-04:00,180.89193884669635,185.63918409633587,180.6933123184643,185.56967163085938,769800,0.0,0.0
2025-08-21 00:00:00-04:00,185.90734482308957,189.89980334503772,185.90734482308957,188.2908935546875,527500,0.0,0.0
2025-08-22 00:00:00-04:00,186.80116844905416,189.5521921333496,185.33131392948016,188.5292510986328,1054400,0.0,0.0
2025-08-25 00:00:00-04:00,189.23436876362547,189.43301044031398,186.96006704617167,188.0723876953125,502400,0.0,0.0
2025-08-26 00:00:00-04:00,188.37034986363642,192.01520063474968,187.54603533412413,191.8165740966797,1244400,0.0,0.0
2025-08-27 00:00:00-04:00,190.9525353537249,191.67752901822513,188.82719962777503,191.10150146484375,517300,0.0,0.0
2025-08-28 00:00:00-04:00,192.89908766872384,192.89908766872384,188.84704293717166,190.11827087402344,616700,0.0,0.0
2025-08-29 00:00:00-04:00,189.9593767633235,197.5072906652582,189.9593767633235,196.65318298339844,1150700,0.0,0.0
2025-09-02 00:00:00-04:00,199.36308267684078,203.13762466171818,196.52472229521305,202.75917053222656,1915600,0.551,0.0
2025-09-03 00:00:00-04:00,204.48213119650322,205.846535595968,202.17159142870247,204.42236328125,1149300,0.0,0.0
2025-09-04 00:00:00-04:00,202.17158586185982,204.66138371730145,200.77730514142056,204.37257385253906,1046200,0.0,0.0
2025-09-05 00:00:00-04:00,206.53372222575996,210.33812555091126,204.69126568364842,209.56130981445312,865900,0.0,0.0
2025-09-08 00:00:00-04:00,211.6029361309967,213.07689217001086,209.15296841524588,212.06105041503906,1583900,0.0,0.0
2025-09-09 00:00:00-04:00,212.5689746020103,213.5848163364865,209.541372035557,210.84603881835938,1022800,0.0,0.0
2025-09-10 00:00:00-04:00,212.2004972444365,215.118533013672,209.7505294875342,211.07510375976562,1048000,0.0,0.0
2025-09-11 00:00:00-04:00,211.06513907865394,211.91167643842581,208.79444462254807,211.86187744140625,929700,0.0,0.0
2025-09-12 00:00:00-04:00,212.54906341241224,212.96734763230802,209.481630603323,211.37388610839844,568600,0.0,0.0
2025-09-15 00:00:00-04:00,209.81029598500706,212.12083582272695,208.28654082513117,210.9556121826172,865600,0.0,0.0
2025-09-16 00:00:00-04:00,210.0891457633076,210.9257142185091,206.71298038661828,208.70481872558594,1611200,0.0,0.0
2025-09-17 00:00:00-04:00,206.15527187639904,212.23038500064038,205.40833248554253,210.31820678710938,1417500,0.0,0.0
2025-09-18 00:00:00-04:00,209.28244872548674,212.33992779793283,207.2706877956093,212.14073181152344,843600,0.0,0.0
2025-09-19 00:00:00-04:00,214.62057716318557,222.9464618781658,213.5449826559083,221.22352600097656,3366800,0.0,0.0
2025-09-22 00:00:00-04:00,225.86449515016116,225.86449515016116,220.63591966340113,221.87086486816406,1507400,0.0,0.0
2025-09-23 00:00:00-04:00,224.08181476945725,225.73504425003242,222.2592808524165,223.84278869628906,1207200,0.0,0.0
2025-09-24 00:00:00-04:00,224.2511138615673,224.81879507311749,218.6341304464044,218.68392944335938,891100,0.0,0.0
2025-09-25 00:00:00-04:00,218.70386188565192,222.85684311632883,217.64817477105032,222.08998107910156,933200,0.0,0.0
2025-09-26 00:00:00-04:00,223.33486630528643,228.47381269552938,222.86678309552474,226.92018127441406,881300,0.0,0.0
2025-09-29 00:00:00-04:00,234.04100894834568,234.20035966543296,229.69880068510278,231.3321075439453,1079300,0.0,0.0
2025-09-30 00:00:00-04:00,228.92198451348338,234.71822626904392,228.50370027929,233.44345092773438,971000,0.0,0.0
2025-10-01 00:00:00-04:00,235.24606606026884,237.90516833273676,235.13651434732733,236.34156799316406,522500,0.0,0.0
2025-10-02 00:00:00-04:00,237.8951939730224,237.99479196306154,228.3343795935309,233.75218200683594,915700,0.0,0.0
2025-10-03 00:00:00-04:00,236.10255033804944,236.60050989228176,233.2542210799797,235.34564208984375,416400,0.0,0.0
2025-10-06 00:00:00-04:00,236.71005818053,239.08035063947074,235.35562271430143,236.75985717773438,647200,0.0,0.0
2025-10-07 00:00:00-04:00,237.4669661046652,237.98484832106516,229.91789707489664,231.1627960205078,573200,0.0,0.0
2025-10-08 00:00:00-04:00,237.02875211833606,237.02875211833606,231.0731599966068,235.7041778564453,714500,0.0,0.0
2025-10-09 00:00:00-04:00,236.12247287736173,236.17227187527322,223.5838541471856,225.89439392089844,1031600,0.0,0.0
2025-10-10 00:00:00-04:00,226.53178538948006,229.31039323999062,224.45030273536167,229.22076416015625,577000,0.0,0.0
2025-10-14 00:00:00-04:00,236.98893168009084,242.4764408198446,236.71006033251516,239.50860595703125,1355200,0.0,0.0
2025-10-15 00:00:00-04:00,240.2455749494659,250.64297342159603,240.2455749494659,250.09521484375,911000,0.0,0.0
2025-10-16 00:00:00-04:00,251.97750289612563,262.155813192046,250.17489163584116,259.6361389160156,1140200,0.0,0.0
2025-10-17 00:00:00-04:00,254.79594599190222,255.39350354714963,238.50270845433872,243.41259765625,1143400,0.0,0.0
2025-10-20 00:00:00-04:00,248.89016865177962,250.2346504416188,244.66746581150082,249.43792724609375,663700,0.0,0.0
2025-10-21 00:00:00-04:00,235.2958518810187,235.53487794672247,223.91250334054484,227.52769470214844,1213200,0.0,0.0
2025-10-22 00:00:00-04:00,221.66172319623206,228.70286338869275,221.41274341919348,227.23886108398438,986200,0.0,0.0
2025-10-23 00:00:00-04:00,231.43169554471532,232.14875854411417,227.81650418912278,229.21078491210938,647100,0.0,0.0
2025-10-24 00:00:00-04:00,225.70516223141362,230.0971541414202,223.84278308394607,227.64720153808594,563800,0.0,0.0
2025-10-27 00:00:00-04:00,217.688016344315,222.93651468171,212.1407392134013,216.1941375732422,2626800,0.0,0.0
2025-10-28 00:00:00-04:00,210.24849022587077,218.20588962418134,210.24849022587077,217.58840942382812,971700,0.0,0.0
2025-10-29 00:00:00-04:00,222.47837573237226,222.80703087164594,216.50286090162155,217.98678588867188,1056000,0.0,0.0
2025-10-30 00:00:00-04:00,220.30728013914586,228.41406134903647,218.19592122398478,226.61143493652344,1290700,0.0,0.0
2025-10-31 00:00:00-04:00,227.66713457651056,228.06549617681364,221.5820676732771,224.65945434570312,867600,0.0,0.0
2025-11-03 00:00:00-05:00,225.07772059156656,227.82645188556603,222.84685629725703,227.4181365966797,991900,0.0,0.0
2025-11-04 00:00:00-05:00,220.1280059798104,224.958219880426,218.66400363040816,218.84327697753906,1122400,0.0,0.0
2025-11-05 00:00:00-05:00,222.56800598248336,225.65536140660902,222.2592734793748,224.50009155273438,1081200,0.0,0.0
2025-11-06 00:00:00-05:00,226.93013742709118,229.2805072217043,223.9921789829548,224.13160705566406,749200,0.0,0.0
2025-11-07 00:00:00-05:00,223.79300033054886,225.665318011026,220.50646407498624,225.59561157226562,884200,0.0,0.0
2025-11-10 00:00:00-05:00,231.05325306958045,236.0228953197125,228.80248116128809,234.47921752929688,659500,0.0,0.0
2025-11-11 00:00:00-05:00,235.50499310723816,235.50499310723816,228.08539877862313,234.09078979492188,672200,0.0,0.0
2025-11-12 00:00:00-05:00,235.12654036451414,243.3926720636382,233.04507305998922,241.46058654785156,933000,0.0,0.0
2025-11-13 00:00:00-05:00,242.0681055922193,242.45651345193534,234.15055140784145,235.69422912597656,885400,0.0,0.0
2025-11-14 00:00:00-05:00,227.9360080412053,236.39136698578366,226.4321756149578,235.0568389892578,999800,0.0,0.0
2025-11-17 00:00:00-05:00,233.07496363089768,235.96312316377168,229.50957115589915,230.69471740722656,1335100,0.0,0.0
2025-11-18 00:00:00-05:00,231.83006356532283,234.3696604923822,228.57340361894038,231.8898162841797,841200,0.0,0.0
2025-11-19 00:00:00-05:00,236.65030368928763,240.28541770668394,232.8757767951962,234.89749145507812,819100,0.0,0.0
2025-11-20 00:00:00-05:00,235.69422816200253,237.21798323592725,222.56800594769524,222.787109375,689500,0.0,0.0
2025-11-21 00:00:00-05:00,220.1977399130171,226.07365708010303,219.22172816122026,224.59970092773438,809400,0.0,0.0
2025-11-24 00:00:00-05:00,227.18908311466316,233.9912130764478,226.2927619129814,233.7422332763672,2589800,0.0,0.0
2025-11-25 00:00:00-05:00,234.5987198152809,236.22207294299247,231.929663704868,232.9255828857422,1270700,0.0,0.0
2025-11-26 00:00:00-05:00,235.07674312551976,243.18352417953653,234.97716033112357,242.03822326660156,849500,0.0,0.0
2025-11-27 00:00:00-05:00,241.7494176714503,241.7494176714503,240.3750443944707,241.11203002929688,662000,0.0,0.0
2025-11-28 00:00:00-05:00,244.3487668613597,244.3487668613597,239.98663616913376,242.7951202392578,678900,0.0,0.0
2025-12-01 00:00:00-05:00,244.08181813962995,245.18982960035615,238.10254689027752,240.47828674316406,1070400,0.559,0.0
2025-12-02 00:00:00-05:00,238.2522764259639,239.94924219899087,229.3382863607717,236.77493286132812,1084700,0.0,0.0
2025-12-03 00:00:00-05:00,238.83123207361206,239.42018634849273,234.33929623391384,235.77671813964844,799100,0.0,0.0
2025-12-04 00:00:00-05:00,234.78850781717566,239.42019227732467,233.3710390689872,239.0608367919922,813500,0.0,0.0
2025-12-05 00:00:00-05:00,240.25867937260495,240.25867937260495,231.33469766014053,233.1514434814453,837900,0.0,0.0
2025-12-08 00:00:00-05:00,233.08157100101678,233.81025858559426,227.62137195219896,227.92083740234375,1163100,0.0,0.0
2025-12-09 00:00:00-05:00,228.98890685220462,231.36464674286944,227.99069886203554,229.8473663330078,726100,0.0,0.0
2025-12-10 00:00:00-05:00,227.2919620800602,227.9607596226629,221.66206948197234,226.0342254638672,2097800,0.0,0.0
2025-12-11 00:00:00-05:00,225.2256782634364,236.9346539607704,224.9761262608333,234.32933044433594,986400,0.0,0.0
2025-12-12 00:00:00-05:00,239.170636118123,240.04904877585938,230.37641109280344,231.20492553710938,1024700,0.0,0.0
2025-12-15 00:00:00-05:00,237.6733310872139,238.1524666628016,230.4263312531542,231.3446807861328,1463800,0.0,0.0
2025-12-16 00:00:00-05:00,231.234869280768,233.2312852131949,227.85094488456218,228.73934936523438,1019100,0.0,0.0
2025-12-17 00:00:00-05:00,230.45626707167776,231.8637439521714,226.73295564211918,230.56607055664062,1059400,0.0,0.0
2025-12-18 00:00:00-05:00,230.45627222630176,235.03805844546534,228.58962817162643,232.07337951660156,1187500,0.0,0.0
2025-12-19 00:00:00-05:00,232.60243071175486,242.8640076576657,232.17319335456452,241.06723022460938,3368800,0.0,0.0
2025-12-22 00:00:00-05:00,246.0482929844322,248.71350649045718,243.20339411982212,247.2461395263672,943000,0.0,0.0
2025-12-23 00:00:00-05:00,247.80512876492463,249.2525272763764,244.14170733965764,247.91493225097656,821700,0.0,0.0
2025-12-24 00:00:00-05:00,247.91493436585498,248.24434482682082,243.82227555785562,247.23614501953125,373600,0.0,0.0
2025-12-29 00:00:00-05:00,240.0789969174991,240.20876882957288,231.67408751407672,234.2494659423828,1447000,0.0,0.0
2025-12-30 00:00:00-05:00,238.07260417722475,238.73142510219282,234.0298587958508,234.8783416748047,1025600,0.0,0.0
2025-12-31 00:00:00-05:00,233.51078173928943,236.78491787458537,231.6042161036873,232.34288024902344,681900,0.0,0.0
2026-01-02 00:00:00-05:00,234.1496471901235,234.2294904228095,226.19392857451592,233.65054321289062,718200,0.0,0.0
2026-01-05 00:00:00-05:00,237.1442747114892,249.8115210546393,236.73500578829854,240.8176727294922,1223400,0.0,0.0
2026-01-06 00:00:00-05:00,241.98557223413073,249.2225799560547,241.07719933348733,249.2225799560547,1018100,0.0,0.0
2026-01-07 00:00:00-05:00,243.27328074003537,252.20723938034874,240.08899475213687,251.9576873779297,1258200,0.0,0.0
2026-01-08 00:00:00-05:00,246.26788562213167,258.1165936702628,246.26788562213167,258.0068054199219,1262300,0.0,0.0
2026-01-09 00:00:00-05:00,259.5340838712847,266.11227103385994,259.0349798638399,265.4135437011719,1223900,0.0,0.0
2026-01-12 00:00:00-05:00,270.93361496545447,275.7549459562399,268.7275534645244,269.2965393066406,1272200,0.0,0.0
2026-01-13 00:00:00-05:00,272.860167950717,278.16065009194335,270.82381506335884,275.8348083496094,942800,0.0,0.0
2026-01-14 00:00:00-05:00,278.50003455998234,279.3884543103362,269.0470034945741,273.24945068359375,1640300,0.0,0.0
2026-01-15 00:00:00-05:00,272.90010510656816,279.9873576755694,269.7557254744468,278.01092529296875,728600,0.0,0.0
2026-01-16 00:00:00-05:00,276.8430097366184,278.0109265284381,270.34466575187747,274.2377014160156,910400,0.0,0.0
2026-01-19 00:00:00-05:00,278.5000290777426,282.4429628215263,277.41198602470615,281.8140869140625,358700,0.0,0.0
2026-01-20 00:00:00-05:00,285.1480959339507,289.28066114076097,283.8504072789782,288.7316589355469,1234200,0.0,0.0
2026-01-21 00:00:00-05:00,294.01219319990435,294.4713603508421,281.7042714860216,283.6008605957031,1307900,0.0,0.0
2026-01-22 00:00:00-05:00,284.48927172433446,296.2082235553104,284.48927172433446,293.8125305175781,943900,0.0,0.0
2026-01-23 00:00:00-05:00,296.2980763875135,296.96688917184173,290.18904811289826,293.3633728027344,771900,0.0,0.0
2026-01-26 00:00:00-05:00,299.4624002914619,305.13221442588645,294.85068420103585,294.99041748046875,1651200,0.0,0.0
2026-01-27 00:00:00-05:00,294.6510115642627,296.9069712502498,285.227926200938,292.9740295410156,1132800,0.0,0.0
2026-01-28 00:00:00-05:00,297.46597175542223,302.9561155294317,294.52124609147955,301.8680725097656,1023600,0.0,0.0
2026-01-29 00:00:00-05:00,302.5468448611886,303.105838877915,284.08998955578306,289.7298583984375,1450900,0.0,0.0
2026-01-30 00:00:00-05:00,274.48725169720933,277.50182894427974,256.01041153988047,258.37615966796875,2006500,0.0,0.0
2026-02-02 00:00:00-05:00,256.29988494366876,265.77286871324833,255.8606710052899,260.4923400878906,1097200,0.0,0.0
2026-02-03 00:00:00-05:00,274.84659614234175,274.84659614234175,260.8916368747838,268.4081726074219,1009500,0.0,0.0
2026-02-04 00:00:00-05:00,275.3057508099045,276.8330078125,260.40251286531924,276.8330078125,1884900,0.0,0.0
2026-02-05 00:00:00-05:00,264.52510279195997,271.2230695066306,258.0167980219826,258.9251708984375,1178600,0.0,0.0
2026-02-06 00:00:00-05:00,265.9026587390967,270.544319965658,265.403554726286,268.45806884765625,612700,0.0,0.0
2026-02-09 00:00:00-05:00,270.9735414418225,284.6889403950306,270.9735414418225,283.91033935546875,746000,0.0,0.0
2026-02-10 00:00:00-05:00,288.17267669815436,288.17267669815436,283.17164475304196,286.7153015136719,788900,0.0,0.0
2026-02-11 00:00:00-05:00,293.82252854731206,295.9087795951129,285.26787874450076,294.1219787597656,1494200,0.0,0.0
2026-02-12 00:00:00-05:00,290.63825630207003,296.46778759450933,278.8693749921934,279.1189270019531,1315800,0.0,0.0
2026-02-13 00:00:00-05:00,286.7352357114917,294.9704513585581,279.2686292248448,294.5412292480469,946800,0.0,0.0
2026-02-17 00:00:00-05:00,284.03009902207344,291.8759988979213,283.09178111072265,289.8995666503906,670300,0.0,0.0
2026-02-18 00:00:00-05:00,294.6809597146068,304.4534240523214,291.5565639642044,301.7981872558594,1135700,0.0,0.0
2026-02-19 00:00:00-05:00,300.7600602031599,307.2584040742453,298.46419397313826,306.9589538574219,628800,0.0,0.0
2026-02-20 00:00:00-05:00,308.07693637152187,312.86832253127005,302.0277983981115,311.0016784667969,891500,0.0,0.0
2026-02-23 00:00:00-05:00,314.994505857916,329.2389226811378,314.1460229873855,329.0692443847656,830600,0.0,0.0
2026-02-24 00:00:00-05:00,324.0682306131574,336.07667198687955,320.54455748831487,334.060302734375,738200,0.0,0.0
2026-02-25 00:00:00-05:00,334.1601124024642,335.3978805468337,327.58192548419066,328.1009826660156,685100,0.0,0.0
2026-02-26 00:00:00-05:00,324.5174272127993,336.9051921605699,323.2596753834332,336.4859313964844,707300,0.0,0.0
2026-02-27 00:00:00-05:00,338.07308783021335,343.88266586801814,336.8952096675069,342.0160217285156,1693300,0.0,0.0
2026-03-02 00:00:00-05:00,347.6300048828125,348.94000244140625,334.44000244140625,344.7799987792969,774300,0.614,0.0
2026-03-03 00:00:00-05:00,327.5799865722656,327.5799865722656,311.510009765625,320.4700012207031,1472800,0.0,0.0
2026-03-04 00:00:00-05:00,328.1600036621094,329.44000244140625,312.9800109863281,318.1499938964844,888600,0.0,0.0
2026-03-05 00:00:00-05:00,312.0,312.55999755859375,294.739990234375,303.0,1157700,0.0,0.0
2026-03-06 00:00:00-05:00,295.8900146484375,306.1099853515625,293.6499938964844,300.1099853515625,698200,0.0,0.0
2026-03-09 00:00:00-04:00,290.7900085449219,306.4700012207031,288.3999938964844,305.6400146484375,1107400,0.0,0.0
2026-03-10 00:00:00-04:00,313.5899963378906,314.4100036621094,307.6700134277344,308.42999267578125,810100,0.0,0.0
2026-03-11 00:00:00-04:00,303.0,304.7200012207031,295.0,302.510009765625,1161300,0.0,0.0
2026-03-12 00:00:00-04:00,301.20001220703125,302.2099914550781,294.1700134277344,297.69000244140625,857500,0.0,0.0
2026-03-13 00:00:00-04:00,295.9599914550781,297.8800048828125,283.80999755859375,284.9800109863281,1022100,0.0,0.0
2026-03-16 00:00:00-04:00,282.010009765625,289.6600036621094,281.1499938964844,287.2200012207031,885800,0.0,0.0
2026-03-17 00:00:00-04:00,289.760009765625,294.2300109863281,284.95001220703125,287.04998779296875,594600,0.0,0.0
2026-03-18 00:00:00-04:00,277.2900085449219,279.69000244140625,266.4800109863281,268.760009765625,766400,0.0,0.0
2026-03-19 00:00:00-04:00,247.0,256.1099853515625,245.19000244140625,253.41000366210938,2024100,0.0,0.0
2026-03-20 00:00:00-04:00,253.92999267578125,254.0,241.00999450683594,248.3000030517578,3539500,0.0,0.0
2026-03-23 00:00:00-04:00,246.63999938964844,257.4800109863281,245.99000549316406,252.1199951171875,968000,0.0,0.0
2026-03-24 00:00:00-04:00,250.69000244140625,255.3800048828125,246.0,252.57000732421875,925400,0.0,0.0
2026-03-25 00:00:00-04:00,264.5799865722656,266.989990234375,259.6199951171875,265.80999755859375,1440000,0.0,0.0
2026-03-26 00:00:00-04:00,256.760009765625,271.239990234375,256.760009765625,260.0199890136719,1084600,0.0,0.0
2026-03-27 00:00:00-04:00,260.010009765625,269.5,258.29998779296875,268.2200012207031,716800,0.0,0.0
2026-03-30 00:00:00-04:00,274.0,277.0,263.8500061035156,266.8500061035156,743000,0.0,0.0
2026-03-31 00:00:00-04:00,272.9599914550781,283.2799987792969,272.9599914550781,282.3699951171875,1457800,0.0,0.0
2026-04-01 00:00:00-04:00,290.989990234375,296.44000244140625,285.5,291.9700012207031,775000,0.0,0.0
2026-04-02 00:00:00-04:00,280.80999755859375,293.45001220703125,279.010009765625,290.1400146484375,907300,0.0,0.0
2026-04-06 00:00:00-04:00,290.5899963378906,292.82000732421875,288.69000244140625,290.3800048828125,670000,0.0,0.0
2026-04-07 00:00:00-04:00,287.8699951171875,291.6099853515625,282.4800109863281,290.760009765625,693700,0.0,0.0
2026-04-08 00:00:00-04:00,303.0199890136719,308.2900085449219,295.67999267578125,297.7200012207031,970000,0.0,0.0
2026-04-09 00:00:00-04:00,298.8900146484375,304.55999755859375,295.0,298.9200134277344,796700,0.0,0.0
2026-04-10 00:00:00-04:00,298.67999267578125,303.54998779296875,298.67999267578125,302.2699890136719,779500,0.0,0.0
2026-04-13 00:00:00-04:00,297.6600036621094,302.0,296.010009765625,300.0400085449219,680500,0.0,0.0
2026-04-14 00:00:00-04:00,301.9100036621094,306.04998779296875,299.6000061035156,302.6499938964844,500400,0.0,0.0
2026-04-15 00:00:00-04:00,299.6300048828125,302.9700012207031,293.5,294.70001220703125,634900,0.0,0.0
2026-04-16 00:00:00-04:00,296.04998779296875,297.3299865722656,292.5799865722656,294.55999755859375,477600,0.0,0.0
2026-04-17 00:00:00-04:00,298.79998779296875,306.6000061035156,298.0199890136719,301.30999755859375,849600,0.0,0.0
2026-04-20 00:00:00-04:00,299.0,299.0,290.0199890136719,295.4800109863281,878500,0.0,0.0
2026-04-21 00:00:00-04:00,293.6000061035156,294.75,277.1499938964844,277.5199890136719,1640500,0.0,0.0
2026-04-22 00:00:00-04:00,282.9800109863281,283.55999755859375,278.1000061035156,278.6099853515625,677000,0.0,0.0
2026-04-23 00:00:00-04:00,273.8500061035156,276.6499938964844,268.7099914550781,272.45001220703125,755900,0.0,0.0
2026-04-24 00:00:00-04:00,275.5400085449219,276.0,270.5,273.4100036621094,513800,0.0,0.0
2026-04-27 00:00:00-04:00,270.0299987792969,272.4200134277344,268.0,270.04998779296875,640400,0.0,0.0
2026-04-28 00:00:00-04:00,264.510009765625,266.4700012207031,256.6499938964844,258.80999755859375,735400,0.0,0.0
2026-04-29 00:00:00-04:00,255.42999267578125,255.66000366210938,250.67999267578125,251.2100067138672,710800,0.0,0.0
2026-04-30 00:00:00-04:00,256.0,259.6600036621094,253.8000030517578,255.42999267578125,1296600,0.0,0.0
2026-05-01 00:00:00-04:00,254.08999633789062,254.14999389648438,248.19000244140625,249.6699981689453,754800,0.0,0.0
2026-05-04 00:00:00-04:00,247.97000122070312,250.11000061035156,243.9600067138672,244.74000549316406,598800,0.0,0.0
2026-05-05 00:00:00-04:00,248.91000366210938,249.8000030517578,242.3800048828125,243.1999969482422,629900,0.0,0.0
2026-05-06 00:00:00-04:00,255.6300048828125,259.8399963378906,253.24000549316406,259.2200012207031,1015100,0.0,0.0
2026-05-07 00:00:00-04:00,266.0400085449219,269.92999267578125,256.1099853515625,256.55999755859375,995000,0.0,0.0
2026-05-08 00:00:00-04:00,259.9200134277344,265.7200012207031,259.4800109863281,264.4800109863281,513800,0.0,0.0
2026-05-11 00:00:00-04:00,265.510009765625,273.79998779296875,265.510009765625,269.4800109863281,733400,0.0,0.0
2026-05-12 00:00:00-04:00,265.25,271.4800109863281,260.8699951171875,270.2300109863281,735000,0.0,0.0
2026-05-13 00:00:00-04:00,266.30999755859375,269.32000732421875,264.45001220703125,268.5,627200,0.0,0.0
2026-05-14 00:00:00-04:00,268.6199951171875,269.8399963378906,263.0,264.2699890136719,539900,0.0,0.0
2026-05-15 00:00:00-04:00,254.5500030517578,254.57000732421875,246.27000427246094,247.8300018310547,1176500,0.0,0.0
2026-05-19 00:00:00-04:00,244.9499969482422,245.0,237.10000610351562,238.35000610351562,1251300,0.0,0.0
2026-05-20 00:00:00-04:00,240.2899932861328,246.0500030517578,238.11000061035156,244.8300018310547,658300,0.0,0.0
2026-05-21 00:00:00-04:00,240.7899932861328,248.94000244140625,239.4499969482422,244.94000244140625,630500,0.0,0.0
2026-05-22 00:00:00-04:00,244.1699981689453,245.17999267578125,240.2100067138672,242.94000244140625,461200,0.0,0.0
2026-05-25 00:00:00-04:00,247.5800018310547,254.19000244140625,246.8000030517578,254.02999877929688,343400,0.0,0.0
2026-05-26 00:00:00-04:00,247.4499969482422,250.77999877929688,246.22000122070312,249.60000610351562,644800,0.0,0.0
2026-05-27 00:00:00-04:00,244.57000732421875,247.3000030517578,241.9499969482422,242.08999633789062,687600,0.0,0.0
2026-05-28 00:00:00-04:00,238.50999450683594,248.27999877929688,236.6999969482422,245.5,655900,0.0,0.0
2026-05-29 00:00:00-04:00,247.52999877929688,254.6699981689453,245.16000366210938,253.47999572753906,1774600,0.0,0.0
2026-06-01 00:00:00-04:00,245.58999633789062,246.6999969482422,238.94000244140625,244.47000122070312,857100,0.0,0.0
2026-06-02 00:00:00-04:00,245.32000732421875,247.89999389648438,242.08999633789062,247.75,872900,0.0,0.0
2026-06-03 00:00:00-04:00,242.85000610351562,244.1699981689453,238.3800048828125,238.7100067138672,959100,0.0,0.0
2026-06-04 00:00:00-04:00,243.2899932861328,247.33999633789062,242.9499969482422,245.74000549316406,881600,0.0,0.0
2026-06-05 00:00:00-04:00,241.0,241.0,227.25999450683594,228.02000427246094,1136800,0.0,0.0
2026-06-08 00:00:00-04:00,228.14999389648438,230.6199951171875,225.25,226.0,1505100,0.0,0.0
2026-06-09 00:00:00-04:00,227.5,228.69000244140625,215.74000549316406,222.80999755859375,807500,0.0,0.0
2026-06-10 00:00:00-04:00,216.27000427246094,220.42999267578125,211.10000610351562,212.41000366210938,957800,0.0,0.0
2026-06-11 00:00:00-04:00,212.85000610351562,221.36000061035156,211.10000610351562,219.94000244140625,1518800,0.0,0.0
2026-06-12 00:00:00-04:00,221.88999938964844,230.25,219.97999572753906,227.41000366210938,1465900,0.0,0.0
2026-06-15 00:00:00-04:00,243.0,246.2899932861328,239.0,240.24000549316406,1298200,0.0,0.0
2026-06-16 00:00:00-04:00,243.77999877929688,248.22999572753906,242.6300048828125,246.41000366210938,1505800,0.0,0.0
2026-06-17 00:00:00-04:00,244.67999267578125,255.61000061035156,244.0,245.0,2537500,0.0,0.0
2026-06-18 00:00:00-04:00,244.72000122070312,248.8000030517578,234.3000030517578,236.05999755859375,1126300,0.0,0.0
2026-06-19 00:00:00-04:00,233.0,234.61000061035156,229.36000061035156,231.27999877929688,2726100,0.0,0.0
2026-06-22 00:00:00-04:00,231.5,236.38999938964844,230.27000427246094,236.27999877929688,1009300,0.0,0.0
2026-06-23 00:00:00-04:00,226.97000122070312,232.35000610351562,226.97000122070312,227.52000427246094,1525400,0.0,0.0
2026-06-24 00:00:00-04:00,218.97999572753906,225.2899932861328,215.86000061035156,218.25999450683594,1183700,0.0,0.0
2026-06-25 00:00:00-04:00,222.97000122070312,223.77999877929688,217.77000427246094,222.08999633789062,547600,0.0,0.0
2026-06-26 00:00:00-04:00,223.42999267578125,227.67999267578125,222.0,223.07000732421875,1319900,0.0,0.0
2026-06-29 00:00:00-04:00,220.97000122070312,221.7899932861328,215.8300018310547,218.30999755859375,1578457,0.0,0.0
