Date,Open,High,Low,Close,Volume,Dividends,Stock Splits
2022-01-03 00:00:00-05:00,9.957968583276143,11.373703324633999,9.957968583276143,10.847585678100586,6782100,0.0,0.0
2022-01-04 00:00:00-05:00,11.101079799809328,11.268481019883414,10.641923105934042,10.75192928314209,4172300,0.0,0.0
2022-01-05 00:00:00-05:00,10.809322533249851,11.651110578004749,10.780625472707953,10.904979705810547,5642600,0.0,0.0
2022-01-06 00:00:00-05:00,11.15369036828875,11.215868399175516,10.359731339483506,10.885848999023438,3677200,0.0,0.0
2022-01-07 00:00:00-05:00,10.904980708811234,11.478927446017378,10.817932555180422,10.876283645629883,3055900,0.0,0.0
2022-01-10 00:00:00-05:00,10.943243544523613,11.612848361934114,10.551047010605743,10.80932331085205,4891100,0.0,0.0
2022-01-11 00:00:00-05:00,10.857151230933885,11.63197822680517,10.684967048623342,11.459794044494629,4947900,0.0,0.0
2022-01-12 00:00:00-05:00,11.804163196854189,12.69378031514222,11.632935967085334,12.645951271057129,6237200,0.0,0.0
2022-01-13 00:00:00-05:00,12.445069962207455,12.923358576475875,11.84242619875767,11.928518295288086,5220500,0.0,0.0
2022-01-14 00:00:00-05:00,12.024176436278799,12.86596457445513,11.84338320150055,12.856398582458496,7378400,0.0,0.0
2022-01-18 00:00:00-05:00,13.05727896644485,13.51643651620982,12.320714965719883,12.559859275817871,6212000,0.0,0.0
2022-01-19 00:00:00-05:00,12.712910607432232,12.856396818643509,11.918951625901926,11.938082695007324,4941400,0.0,0.0
2022-01-20 00:00:00-05:00,11.80416363308147,11.899820812523561,10.766277260811,10.80932331085205,6151300,0.0,0.0
2022-01-21 00:00:00-05:00,10.646704482498578,10.761493638504383,10.111020842208365,10.283205032348633,6441700,0.0,0.0
2022-01-24 00:00:00-05:00,9.795350742108178,10.311902416454345,9.403154218731313,10.264073371887207,6937100,0.0,0.0
2022-01-25 00:00:00-05:00,10.101456094102105,10.57974471591585,9.747521711168362,10.503217697143555,5974500,0.0,0.0
2022-01-26 00:00:00-05:00,10.962374761033445,11.36413725847418,10.43625711797885,10.637138366699219,5581800,0.0,0.0
2022-01-27 00:00:00-05:00,10.71366585825007,11.254132557777927,10.283206244424482,10.560613632202148,4065500,0.0,0.0
2022-01-28 00:00:00-05:00,10.67540095945094,11.111600458221796,10.235375429368125,10.742361068725586,4841300,0.0,0.0
2022-01-31 00:00:00-05:00,10.675403133317602,10.857153341592115,10.177983383211926,10.331035614013672,6358800,0.0,0.0
2022-02-01 00:00:00-05:00,10.33103393271546,11.756333740428946,10.13015268441427,11.44066333770752,5710200,0.0,0.0
2022-02-02 00:00:00-05:00,11.469360686918217,11.928518228418769,11.373703511958652,11.718070983886719,6750800,0.0,0.0
2022-02-03 00:00:00-05:00,11.708505995431105,12.33984687083231,11.584150836297049,11.689374923706055,5183900,0.0,0.0
2022-02-04 00:00:00-05:00,11.832857737253237,12.818131821522648,11.804160681821726,12.473764419555664,5230700,0.0,0.0
2022-02-07 00:00:00-05:00,12.617252324259717,12.806654557929754,11.919908400120448,12.11026668548584,4207200,0.0,0.0
2022-02-08 00:00:00-05:00,12.282451557523418,13.076410571115257,12.263319575382353,12.57898998260498,4944000,0.0,0.0
2022-02-09 00:00:00-05:00,12.83726640453073,13.258159981218549,12.502464011604436,12.999884605407715,6293900,0.0,0.0
2022-02-10 00:00:00-05:00,13.812974038025336,15.745259461683892,13.736447936826764,14.29126262664795,18780700,0.0,0.0
2022-02-11 00:00:00-05:00,14.329526407428624,16.35747092931682,14.253000302330555,16.28094482421875,12603600,0.0,0.0
2022-02-14 00:00:00-05:00,16.166156613481967,17.40970824499687,15.458289603785703,17.237524032592773,10662100,0.0,0.0
2022-02-15 00:00:00-05:00,16.8548905799786,16.974462726525047,15.965273517748853,16.462692260742188,8374700,0.0,0.0
2022-02-16 00:00:00-05:00,16.740102989824326,17.15143152664138,15.515683371453374,15.640039443969727,7856100,0.0,0.0
2022-02-17 00:00:00-05:00,15.70699466061949,17.036636127734518,15.606554511922138,16.673137664794922,7354000,0.0,0.0
2022-02-18 00:00:00-05:00,16.673141649526713,17.007944049725197,15.86005062748077,16.051366806030273,5716200,0.0,0.0
2022-02-22 00:00:00-05:00,16.50095997542245,16.83576242678561,15.247843193284377,16.070499420166016,7711100,0.0,0.0
2022-02-23 00:00:00-05:00,16.204421335300655,18.748917021274327,16.070499261362816,17.983654022216797,12703900,0.0,0.0
2022-02-24 00:00:00-05:00,17.261434413202647,17.4862306229835,14.243433818350947,14.329524993896484,21131000,0.0,0.0
2022-02-25 00:00:00-05:00,13.927764456297385,15.333933198043239,13.717317216517674,15.314801216125488,18856500,0.0,0.0
2022-02-28 00:00:00-05:00,15.324369581781625,16.979247959059983,15.324369581781625,16.587051391601562,13902400,0.0,0.0
2022-03-01 00:00:00-05:00,17.132294153454858,18.5958576398826,16.960109999225022,17.945384979248047,12322500,0.0,0.0
2022-03-02 00:00:00-05:00,18.614990633730333,20.566408913376765,18.586294486664208,19.906370162963867,21822300,0.0,0.0
2022-03-03 00:00:00-05:00,19.581133303069784,22.986549218450165,19.093278745115974,21.972576141357422,24834700,0.0,0.0
2022-03-04 00:00:00-05:00,21.96301081247418,26.095425694084238,21.905616693494167,25.205808639526367,30961400,0.0,0.0
2022-03-07 00:00:00-05:00,23.637024232564727,25.205812246924324,19.06458590136026,21.044700622558594,32778600,0.0,0.0
2022-03-08 00:00:00-05:00,20.9059920675096,23.369178828040408,19.954198875431825,21.58994483947754,19629100,0.0,0.0
2022-03-09 00:00:00-05:00,20.824684141309856,20.862946276990716,19.121976227149567,20.231605529785156,17021100,0.0,0.0
2022-03-10 00:00:00-05:00,20.73859607906897,22.8621970203696,20.72903008716125,22.565658569335938,15147900,0.0,0.0
2022-03-11 00:00:00-05:00,22.106502643238098,22.527395354076297,20.872517013825735,22.020410537719727,11441900,0.0,0.0
2022-03-14 00:00:00-04:00,20.45066127058242,20.45066127058242,18.079306583759656,18.997621536254883,14843300,0.0,0.0
2022-03-15 00:00:00-04:00,17.907124624813783,20.706070096527935,17.763638408936632,20.202911376953125,12430800,0.0,0.0
2022-03-16 00:00:00-04:00,19.84897671781295,20.183779099645154,18.452374894404468,19.361122131347656,10916600,0.0,0.0
2022-03-17 00:00:00-04:00,20.193345060494806,21.71430293823652,20.021160874406885,20.968172073364258,13569700,0.0,0.0
2022-03-18 00:00:00-04:00,21.14992482688687,21.207318954399497,20.14551756052062,20.92991065979004,14127500,0.0,0.0
2022-03-21 00:00:00-04:00,21.733435219237826,24.22053652066489,21.733435219237826,22.795236587524414,11998100,0.0,0.0
2022-03-22 00:00:00-04:00,22.71871079080663,23.243871522213475,22.192594007566928,22.565658569335938,7310600,0.0,0.0
2022-03-23 00:00:00-04:00,23.72311571953265,25.263205718036026,23.72311571953265,24.909273147583008,8624500,0.0,0.0
2022-03-24 00:00:00-04:00,24.880568941960735,25.540607608109884,23.770939725419904,24.1535701751709,7695500,0.0,0.0
2022-03-25 00:00:00-04:00,23.89529451464468,26.497185284858663,23.512664055650255,24.82317543029785,7855200,0.0,0.0
2022-03-28 00:00:00-04:00,23.990957436319906,24.31906382825213,22.53122143836366,23.369182586669922,6882900,0.0,0.0
2022-03-29 00:00:00-04:00,21.570813488472638,22.718706770918974,20.939472730484976,22.680442810058594,8237200,0.0,0.0
2022-03-30 00:00:00-04:00,23.656153009208317,25.014492665483917,23.162560298111778,23.42657470703125,6106000,0.0,0.0
2022-03-31 00:00:00-04:00,23.043943573210115,23.95269259093611,22.288246752749913,23.4648380279541,6865800,0.0,0.0
2022-04-01 00:00:00-04:00,23.675286985593143,25.15798099629451,23.675286985593143,24.890140533447266,5468900,0.0,0.0
2022-04-04 00:00:00-04:00,25.67453149421793,25.798885724037195,23.101338385481448,23.904863357543945,6111400,0.0,0.0
2022-04-05 00:00:00-04:00,25.27276930681729,27.166791695690875,23.703983306884766,23.703983306884766,16151700,0.0,0.0
2022-04-06 00:00:00-04:00,24.210964371526444,25.550171862620914,23.14916509780434,24.038780212402344,10084000,0.0,0.0
2022-04-07 00:00:00-04:00,24.115309148472214,26.0475954351873,23.77094261411118,25.9710693359375,8294600,0.0,0.0
2022-04-08 00:00:00-04:00,26.36327086991581,27.624040557796626,25.18668118449435,26.06673240661621,6902700,0.0,0.0
2022-04-11 00:00:00-04:00,26.03802709416691,26.076291052600645,24.41567320671657,24.593595504760742,7333600,0.0,0.0
2022-04-12 00:00:00-04:00,25.071888282733298,28.2094622489828,25.02406015111972,27.884225845336914,12136300,0.0,0.0
2022-04-13 00:00:00-04:00,28.171197681753018,29.39561526103378,26.994606405439512,29.386049270629883,9082100,0.0,0.0
2022-04-14 00:00:00-04:00,29.079948981918694,31.270510006988232,29.051252831181202,31.127025604248047,8393400,0.0,0.0
2022-04-18 00:00:00-04:00,31.595744372676368,31.844456493060605,29.845209959590786,30.62003517150879,7582300,0.0,0.0
2022-04-19 00:00:00-04:00,29.94086676994462,30.28236517905722,28.59209301256312,29.711288452148438,5802200,0.0,0.0
2022-04-20 00:00:00-04:00,29.194736339187358,30.074787428852446,27.855528635225575,29.8452091217041,5846400,0.0,0.0
2022-04-21 00:00:00-04:00,29.510411181202915,29.510411181202915,25.82758807261056,26.06673240661621,10043200,0.0,0.0
2022-04-22 00:00:00-04:00,26.018900492376318,26.765029538459007,23.42657533933764,23.445707321166992,9534400,0.0,0.0
2022-04-25 00:00:00-04:00,22.613482784803196,24.038782490533958,22.13519421947639,23.187429428100586,9881600,0.0,0.0
2022-04-26 00:00:00-04:00,23.904864039669103,25.38755979628355,23.33091735402887,24.402284622192383,10178400,0.0,0.0
2022-04-27 00:00:00-04:00,24.794481849956288,25.875413315991196,24.0387849632342,25.34929656982422,8417900,0.0,0.0
2022-04-28 00:00:00-04:00,22.288248570153623,24.057916797931565,19.81167129245563,23.436141967773438,26915300,0.0,0.0
2022-04-29 00:00:00-04:00,23.455270128902484,24.430979175468835,21.551681983852028,21.656904220581055,11751500,0.0,0.0
2022-05-02 00:00:00-04:00,21.283842415248316,21.37950049887377,19.734186569189276,20.489883422851562,11788600,0.0,0.0
2022-05-03 00:00:00-04:00,20.66207005869566,21.752567597575037,20.011597202337295,20.595109939575195,9287500,0.0,0.0
2022-05-04 00:00:00-04:00,21.245577657056533,21.771696185048025,20.633368864002115,21.685604095458984,7144400,0.0,0.0
2022-05-05 00:00:00-04:00,22.3934714655733,22.479563557073117,19.877674304317903,21.255144119262695,6960900,0.0,0.0
2022-05-06 00:00:00-04:00,21.2455798221656,22.057714796845538,20.403792645930356,21.45602798461914,6176700,0.0,0.0
2022-05-09 00:00:00-04:00,20.45161623820196,20.470748216818762,19.155454791591172,19.944631576538086,8141600,0.0,0.0
2022-05-10 00:00:00-04:00,20.432489799415087,21.484723271307367,19.284596417044668,20.059423446655273,6322500,0.0,0.0
2022-05-11 00:00:00-04:00,20.432490140148612,21.809960032532413,20.08812175478953,20.308134078979492,6082700,0.0,0.0
2022-05-12 00:00:00-04:00,20.08812178241451,20.432490168247163,18.653255940813473,19.265464782714844,7353500,0.0,0.0
2022-05-13 00:00:00-04:00,19.944632243493004,20.94903743562589,19.944632243493004,20.470748901367188,4710300,0.0,0.0
2022-05-16 00:00:00-04:00,20.85338360750387,21.723868771035164,20.61423929170898,21.16905403137207,3792700,0.0,0.0
2022-05-17 00:00:00-04:00,21.800393882138387,22.34085865222671,21.41776156676734,21.886484146118164,4194600,0.0,0.0
2022-05-18 00:00:00-04:00,22.020409687073727,22.355212103986634,20.19334720636564,20.709897994995117,4599200,0.0,0.0
2022-05-19 00:00:00-04:00,20.22204050646117,22.001274601566664,20.040292160367912,21.035131454467773,4499600,0.0,0.0
2022-05-20 00:00:00-04:00,21.092523630998308,21.436891959512877,19.533303812106368,20.470748901367188,4723000,0.0,0.0
2022-05-23 00:00:00-04:00,20.949042918793786,23.187433990959363,20.63624245663329,23.09177589416504,6063200,0.0,0.0
2022-05-24 00:00:00-04:00,22.97698597073217,24.010089327204636,22.336079140590137,23.397878646850586,6791500,0.0,0.0
2022-05-25 00:00:00-04:00,23.024812556616247,23.876165667624576,22.613484075042187,23.703983306884766,6970000,0.0,0.0
2022-05-26 00:00:00-04:00,23.675287276808586,25.043193055837296,23.12238646496475,24.66056251525879,6782900,0.0,0.0
2022-05-27 00:00:00-04:00,24.31618842977471,24.526634721745328,23.216125198680178,24.038780212402344,5464800,0.0,0.0
2022-05-31 00:00:00-04:00,24.67012587294505,25.483215000667936,22.316945106702338,22.584787368774414,7814400,0.0,0.0
2022-06-01 00:00:00-04:00,22.718707694895073,24.191837406462927,22.632615603983904,24.105745315551758,5680800,0.0,0.0
2022-06-02 00:00:00-04:00,23.627455575618928,25.760622113690285,23.531797498787366,25.13884735107422,4968600,0.0,0.0
2022-06-03 00:00:00-04:00,24.48837745816597,24.96666607326872,23.053511612857726,24.30662727355957,5587300,0.0,0.0
2022-06-06 00:00:00-04:00,24.95710309991622,25.61714197943938,23.650419189853835,24.937971115112305,4784000,0.0,0.0
2022-06-07 00:00:00-04:00,26.286742477298734,28.563397361411216,25.90411194096404,27.310279846191406,11247100,0.0,0.0
2022-06-08 00:00:00-04:00,27.549420690495424,27.55898668076505,26.08585884523837,26.430225372314453,5151300,0.0,0.0
2022-06-09 00:00:00-04:00,26.05716590121017,26.066731893325205,24.957102351351274,25.033628463745117,4520800,0.0,0.0
2022-06-10 00:00:00-04:00,24.430978192292326,25.977761978053188,24.05791191036794,24.947528839111328,4255600,0.0,0.0
2022-06-13 00:00:00-04:00,23.13960498415179,23.378749304876102,22.06823762451527,22.31694793701172,6766000,0.0,0.0
2022-06-14 00:00:00-04:00,22.699576493304207,23.138645077315296,21.1307904708672,21.83865737915039,6064300,0.0,0.0
2022-06-15 00:00:00-04:00,21.90083723350466,22.957854688571302,21.53446686589586,22.37434196472168,5001800,0.0,0.0
2022-06-16 00:00:00-04:00,21.647341595230703,22.527392706929405,21.436895264540713,21.551685333251953,6485400,0.0,0.0
2022-06-17 00:00:00-04:00,21.561247464561212,21.757345685755052,19.66722352930564,20.987300872802734,11380000,0.0,0.0
2022-06-21 00:00:00-04:00,21.85778789063565,23.531797876194872,21.771695802559087,22.59435272216797,7175800,0.0,0.0
2022-06-22 00:00:00-04:00,21.274275995993982,21.695170460753946,20.767289440157523,21.398632049560547,5948800,0.0,0.0
2022-06-23 00:00:00-04:00,21.723863946799014,21.82908800623,19.389817256623495,20.22203826904297,6605400,0.0,0.0
2022-06-24 00:00:00-04:00,20.862948388798344,21.59951327660406,20.116819334498835,20.652502059936523,8314500,0.0,0.0
2022-06-27 00:00:00-04:00,21.14035513012765,22.709141053743767,20.94903897257764,22.479562759399414,4829800,0.0,0.0
2022-06-28 00:00:00-04:00,23.149169053653292,23.72311391611106,22.345644056780948,22.766536712646484,4656800,0.0,0.0
2022-06-29 00:00:00-04:00,23.139605527576652,23.417011997377923,21.37950313974827,21.943883895874023,4305900,0.0,0.0
2022-06-30 00:00:00-04:00,21.130788336997043,21.618642878141518,19.848974873878472,20.403789520263672,7749200,0.0,0.0
2022-07-01 00:00:00-04:00,20.42292508537536,21.236016130018317,19.456781823449774,20.126386642456055,4449300,0.0,0.0
2022-07-05 00:00:00-04:00,19.418514391047122,19.782014710610554,17.333177846630782,17.6392822265625,9734200,0.0,0.0
2022-07-06 00:00:00-04:00,17.629714638001968,18.174963243379207,16.66357163612134,17.945384979248047,7241200,0.0,0.0
2022-07-07 00:00:00-04:00,19.016752951483095,20.03072604479638,18.82543861607528,19.51417350769043,5507800,0.0,0.0
2022-07-08 00:00:00-04:00,19.581135558072692,20.1072541378005,19.131544909528245,19.992464065551758,4109500,0.0,0.0
2022-07-11 00:00:00-04:00,19.791582559414863,20.709895785459864,19.667226503059062,19.896804809570312,4000200,0.0,0.0
2022-07-12 00:00:00-04:00,19.380254447232055,20.317699672905636,18.968925955990766,19.638530731201172,3577200,0.0,0.0
2022-07-13 00:00:00-04:00,19.43764996863085,21.044700085246628,19.389821834611286,20.4611873626709,7087000,0.0,0.0
2022-07-14 00:00:00-04:00,19.638533058074476,20.39135821285487,18.863704114361447,19.801151275634766,6944300,0.0,0.0
2022-07-15 00:00:00-04:00,20.097684225156762,20.351176561900875,19.169805134911982,20.07855224609375,5802000,0.0,0.0
2022-07-18 00:00:00-04:00,20.882078632005907,21.800393623672317,20.308131990280163,20.451618194580078,6130200,0.0,0.0
2022-07-19 00:00:00-04:00,20.28899911524555,21.216880056223065,20.011592709100658,20.719459533691406,3954400,0.0,0.0
2022-07-20 00:00:00-04:00,20.80555406855766,20.968172265292953,20.236391292247244,20.82468605041504,3795300,0.0,0.0
2022-07-21 00:00:00-04:00,20.12638761762919,20.394228098588158,18.992842183765788,19.82984733581543,5065300,0.0,0.0
2022-07-22 00:00:00-04:00,19.94463339203957,20.92990666165456,19.554349020644384,20.030725479125977,4353500,0.0,0.0
2022-07-25 00:00:00-04:00,20.422923272231408,21.322106337332304,20.126384855638733,21.054264068603516,5507200,0.0,0.0
2022-07-26 00:00:00-04:00,21.70473638674993,21.896050725052156,20.585541030614074,20.891645431518555,4272300,0.0,0.0
2022-07-27 00:00:00-04:00,21.006433804559233,21.972576966450237,20.279436760003268,21.81952476501465,6154100,0.0,0.0
2022-07-28 00:00:00-04:00,22.699576065995515,23.761377320695505,20.068988818390167,21.140356063842773,9263700,0.0,0.0
2022-07-29 00:00:00-04:00,21.360365650900484,21.389063619495005,19.538085696982282,20.07855224609375,8951000,0.0,0.0
2022-08-01 00:00:00-04:00,19.74374885224952,19.906367016516246,18.375843439510472,18.624553680419922,6026400,0.0,0.0
2022-08-02 00:00:00-04:00,18.72978293841734,19.145893541439555,18.06974410896646,18.60542869567871,4469800,0.0,0.0
2022-08-03 00:00:00-04:00,18.86369930846654,18.930661236482702,18.184530459322172,18.54802894592285,4424300,0.0,0.0
2022-08-04 00:00:00-04:00,18.414109271207224,18.863699853726807,17.916688738722133,18.0888729095459,3548900,0.0,0.0
2022-08-05 00:00:00-04:00,17.71580799450534,19.07414752377143,17.553189817602853,18.461936950683594,3870600,0.0,0.0
2022-08-08 00:00:00-04:00,18.47150430588282,18.857962657827073,18.184531889912584,18.385412216186523,3008000,0.0,0.0
2022-08-09 00:00:00-04:00,18.815872356474138,20.040291748579136,18.815872356474138,19.772449493408203,5094200,0.0,0.0
2022-08-10 00:00:00-04:00,19.67679589578041,20.934695628175863,19.33242746421322,20.662071228027344,5708900,0.0,0.0
2022-08-11 00:00:00-04:00,21.04469948231662,22.068236847032356,20.891647268407333,21.427330017089844,4457700,0.0,0.0
2022-08-12 00:00:00-04:00,21.082959903885413,22.393469493244986,20.86294578691598,22.38390350341797,5134800,0.0,0.0
2022-08-15 00:00:00-04:00,21.283845967596484,22.54652777352516,21.130793738061282,22.15433120727539,3677200,0.0,0.0
2022-08-16 00:00:00-04:00,22.61348105729075,23.18647160514851,22.173456486577415,22.450862884521484,3667500,0.0,0.0
2022-08-17 00:00:00-04:00,22.30259996814298,23.933564170291884,22.20215796631898,22.23085594177246,5577600,0.0,0.0
2022-08-18 00:00:00-04:00,22.699576688398604,25.33016400813242,22.670880539880113,24.765783309936523,10194100,0.0,0.0
2022-08-19 00:00:00-04:00,24.3927179696848,25.47364937496167,24.23966576760181,24.918834686279297,6049500,0.0,0.0
2022-08-22 00:00:00-04:00,25.11015384825445,26.946782316993545,25.10058785641671,26.057165145874023,6812300,0.0,0.0
2022-08-23 00:00:00-04:00,26.688505893930852,27.080702434926547,25.253639966036435,26.171955108642578,6194100,0.0,0.0
2022-08-24 00:00:00-04:00,25.703231446376837,26.994609271044595,25.44495515163276,26.439794540405273,4396400,0.0,0.0
2022-08-25 00:00:00-04:00,26.851120182756027,27.43463282537014,25.884977046840074,26.678936004638672,4622500,0.0,0.0
2022-08-26 00:00:00-04:00,26.81285758488177,27.874656957480457,26.506751370974946,26.573713302612305,5133000,0.0,0.0
2022-08-29 00:00:00-04:00,25.827584788410267,26.468491595029644,24.985797642542515,25.636268615722656,4895800,0.0,0.0
2022-08-30 00:00:00-04:00,25.014490815623027,25.19624097560314,22.235635506094653,23.311784744262695,10172200,0.0,0.0
2022-08-31 00:00:00-04:00,22.670881951181936,23.866603534587604,22.6134860015195,23.589195251464844,3632400,0.0,0.0
2022-09-01 00:00:00-04:00,22.929156814217517,23.158735143169693,22.183027701254545,22.31694793701172,4387300,0.0,0.0
2022-09-02 00:00:00-04:00,23.120471890728293,23.68006869858754,21.800396106490847,23.65615463256836,6226400,0.0,0.0
2022-09-06 00:00:00-04:00,25.3492981546912,25.712796721664976,23.80920813578416,24.115312576293945,7675200,0.0,0.0
2022-09-07 00:00:00-04:00,23.388311489767016,23.455271596746606,22.24041820732068,22.680442810058594,4845300,0.0,0.0
2022-09-08 00:00:00-04:00,22.69000947791653,22.919587776356995,21.197749625790436,21.57081413269043,6630300,0.0,0.0
2022-09-09 00:00:00-04:00,22.087369608059547,22.823934553776756,21.71430505157806,22.31694793701172,5704600,0.0,0.0
2022-09-12 00:00:00-04:00,22.603916157184155,22.670878087043672,21.532550822796317,22.068233489990234,4141800,0.0,0.0
2022-09-13 00:00:00-04:00,21.704737541849443,22.91002505294938,21.52298735994258,21.551685333251953,4850500,0.0,0.0
2022-09-14 00:00:00-04:00,21.886485120046483,22.690010098840045,21.570814722986597,22.183025360107422,5061400,0.0,0.0
2022-09-15 00:00:00-04:00,22.039540524072432,22.364775107679332,20.556844704753154,20.585542678833008,5502400,0.0,0.0
2022-09-16 00:00:00-04:00,20.2507388085367,20.537711230387394,19.52373993871863,19.705490112304688,7458500,0.0,0.0
2022-09-19 00:00:00-04:00,19.04545243203121,20.34639804380884,18.921098195388357,20.308134078979492,5316600,0.0,0.0
2022-09-20 00:00:00-04:00,20.06898882288518,21.19775018858012,19.676792324570997,21.111658096313477,5082400,0.0,0.0
2022-09-21 00:00:00-04:00,21.522988723547687,21.89605327757408,20.432491212069706,20.4611873626709,5000700,0.0,0.0
2022-09-22 00:00:00-04:00,20.767291083380236,21.218795659142096,20.375094559455068,21.00643539428711,4479700,0.0,0.0
2022-09-23 00:00:00-04:00,20.097686074016647,20.231606290725658,18.643688372936104,19.035884857177734,8839600,0.0,0.0
2022-09-26 00:00:00-04:00,18.662824776412084,20.14551897556491,18.55760068147586,19.475915908813477,5469100,0.0,0.0
2022-09-27 00:00:00-04:00,20.22204385908793,21.56125355996314,19.96376937062902,21.293411254882812,6176800,0.0,0.0
2022-09-28 00:00:00-04:00,21.599512106303276,23.99095499594946,21.469417919626913,23.77094268798828,8858000,0.0,0.0
2022-09-29 00:00:00-04:00,23.388313102338923,23.981389940357527,22.565656132381154,23.53179931640625,6144700,0.0,0.0
2022-09-30 00:00:00-04:00,23.043943834451635,24.24923126997828,22.747405426953165,23.742244720458984,4262700,0.0,0.0
2022-10-03 00:00:00-04:00,24.77534944501984,25.416256250535632,24.48837701100881,25.15797996520996,6334800,0.0,0.0
2022-10-04 00:00:00-04:00,25.818016891597512,26.258043326488497,24.33532304855364,25.07188606262207,7132100,0.0,0.0
2022-10-05 00:00:00-04:00,25.033626539779206,26.7458988571917,24.944664462020377,26.554584503173828,5386500,0.0,0.0
2022-10-06 00:00:00-04:00,26.181519438622683,27.492029214516354,26.088731331072015,26.449359893798828,6265700,0.0,0.0
2022-10-07 00:00:00-04:00,26.353704032480074,26.41109998445987,25.224944344773625,25.712797164916992,5388400,0.0,0.0
2022-10-10 00:00:00-04:00,25.712792439415164,27.099830007067844,25.50234612774435,25.951936721801758,3343900,0.0,0.0
2022-10-11 00:00:00-04:00,25.35886202272751,26.143255041972804,24.737087201949624,25.272769927978516,4749400,0.0,0.0
2022-10-12 00:00:00-04:00,25.02405809708674,25.894543157591563,23.656152480714557,25.5214786529541,6444100,0.0,0.0
2022-10-13 00:00:00-04:00,25.33973289655714,26.382402317562494,24.727523997811407,25.54061508178711,4056100,0.0,0.0
2022-10-14 00:00:00-04:00,25.349296080686305,25.39712421140541,24.258798644459894,24.73708724975586,3618200,0.0,0.0
2022-10-17 00:00:00-04:00,24.937968295145335,26.52588636377991,24.67969200307764,25.684099197387695,5239200,0.0,0.0
2022-10-18 00:00:00-04:00,26.033246730106672,26.191081007749723,24.83274141062812,25.4162540435791,5182300,0.0,0.0
2022-10-19 00:00:00-04:00,25.521481527449918,25.87541409106542,23.1491703662319,23.254392623901367,6947500,0.0,0.0
2022-10-20 00:00:00-04:00,23.378744924824286,23.703981286037816,21.924747289343333,22.068233489990234,6331700,0.0,0.0
2022-10-21 00:00:00-04:00,22.202155386175836,23.042988271342686,21.845352873014622,22.833498001098633,4093600,0.0,0.0
2022-10-24 00:00:00-04:00,22.479561227821346,22.881323671682594,21.494286185261952,22.699573516845703,4753200,0.0,0.0
2022-10-25 00:00:00-04:00,22.575220829757644,23.665718183618264,22.37433868195242,23.01524543762207,5335100,0.0,0.0
2022-10-26 00:00:00-04:00,23.0535112667873,23.493535910303734,22.51782853678104,22.536958694458008,3479700,0.0,0.0
2022-10-27 00:00:00-04:00,22.709141824231704,24.048349498940826,22.058669055923403,23.455272674560547,5178300,0.0,0.0
2022-10-28 00:00:00-04:00,23.244821332486588,23.483965592386763,22.139976019444365,22.91002082824707,6120000,0.0,0.0
2022-10-31 00:00:00-04:00,22.72827194478162,23.895295341215007,22.46999569182903,22.862192153930664,3973400,0.0,0.0
2022-11-01 00:00:00-04:00,23.369179872930545,23.378745863294476,22.71392504147328,22.95785140991211,3529000,0.0,0.0
2022-11-02 00:00:00-04:00,23.149168441535004,23.18743057990821,21.939097070471604,22.211721420288086,4011500,0.0,0.0
2022-11-03 00:00:00-04:00,24.306625908740088,26.430226583726444,22.383905565044827,22.804800033569336,19326900,0.0,0.0
2022-11-04 00:00:00-04:00,23.646590809371787,26.277178452254212,23.493538583384378,25.818021774291992,11538000,0.0,0.0
2022-11-07 00:00:00-05:00,27.29114863473166,28.749928524516243,26.37761746625121,28.70688247680664,10959900,0.0,0.0
2022-11-08 00:00:00-05:00,28.13293500714885,28.601657611225914,27.23375193783458,28.324251174926758,4813300,0.0,0.0
2022-11-09 00:00:00-05:00,27.54941941742449,27.855525618328944,25.043188467431435,25.263200759887695,7426300,0.0,0.0
2022-11-10 00:00:00-05:00,26.43979317203424,26.573715220448083,25.31103178633503,26.516319274902344,3701800,0.0,0.0
2022-11-11 00:00:00-05:00,27.109401848842978,27.549426547640675,25.554007625933835,26.06673240661621,5133600,0.0,0.0
2022-11-14 00:00:00-05:00,26.2580445329328,28.057364894793327,26.224564477324428,26.74589729309082,5008600,0.0,0.0
2022-11-15 00:00:00-05:00,27.109396324090284,27.96074939580065,26.2197792909643,27.922487258911133,4653100,0.0,0.0
2022-11-16 00:00:00-05:00,27.272013987105495,27.941616878279497,26.64067323208592,27.224184036254883,3735700,0.0,0.0
2022-11-17 00:00:00-05:00,26.602412970019383,26.822427125469307,25.588441589849715,26.77459716796875,5111100,0.0,0.0
2022-11-18 00:00:00-05:00,26.51632309771731,26.59284921161806,25.33973341229585,26.06673240661621,5113600,0.0,0.0
2022-11-21 00:00:00-05:00,25.798888224956965,26.602413274912422,25.081455274962902,26.545019149780273,4331200,0.0,0.0
2022-11-22 00:00:00-05:00,27.185925026606142,28.639922858212017,26.937214727158327,28.333818435668945,4109500,0.0,0.0
2022-11-23 00:00:00-05:00,28.419909777947705,29.223434829636002,27.8650950350702,28.48687171936035,3277500,0.0,0.0
2022-11-25 00:00:00-05:00,28.21902705896069,29.653892841619708,28.21902705896069,28.88863182067871,2100800,0.0,0.0
2022-11-28 00:00:00-05:00,28.1903255893976,29.204298597016273,27.884221218994213,28.094669342041016,2461300,0.0,0.0
2022-11-29 00:00:00-05:00,28.496439276287752,30.57221031188965,28.496439276287752,30.57221031188965,4567700,0.0,0.0
2022-11-30 00:00:00-05:00,31.069626521393378,31.461823021161106,29.940865151515062,30.553075790405273,4341400,0.0,0.0
2022-12-01 00:00:00-05:00,30.562641915665594,30.762566197839938,29.54866878175614,29.93130111694336,2641700,0.0,0.0
2022-12-02 00:00:00-05:00,29.644330234066317,30.830485864162576,29.625198250227733,30.218276977539062,3133900,0.0,0.0
2022-12-05 00:00:00-05:00,30.32350038110825,30.69656493492562,28.104239568032586,28.28598976135254,3741500,0.0,0.0
2022-12-06 00:00:00-05:00,28.28598935123637,29.003422297884,28.0698030505382,28.601659774780273,2848400,0.0,0.0
2022-12-07 00:00:00-05:00,28.362514802833985,28.553830980656233,27.625949890102508,28.104238510131836,2298100,0.0,0.0
2022-12-08 00:00:00-05:00,28.72601458550812,29.127777091058103,27.32941089496723,27.549423217773438,2779000,0.0,0.0
2022-12-09 00:00:00-05:00,27.453768514630628,28.05641139492045,26.655025541475364,26.851123809814453,2648100,0.0,0.0
2022-12-12 00:00:00-05:00,26.879818883938412,26.880774935646375,25.91367572178447,26.640674591064453,2981700,0.0,0.0
2022-12-13 00:00:00-05:00,27.262447359487794,27.817262004699835,26.647368619686524,27.233749389648438,3300700,0.0,0.0
2022-12-14 00:00:00-05:00,27.13809513121882,27.453765524518385,26.344136152645593,27.17635726928711,2853500,0.0,0.0
2022-12-15 00:00:00-05:00,27.262450388331214,28.161633473410184,26.97547795615927,27.89379119873047,3203500,0.0,0.0
2022-12-16 00:00:00-05:00,27.291149784513713,28.018148718389927,26.774597190236015,27.252885818481445,4349600,0.0,0.0
2022-12-19 00:00:00-05:00,27.53985550164996,27.865090036104373,26.66458658201926,27.348539352416992,2896500,0.0,0.0
2022-12-20 00:00:00-05:00,27.472896763761664,28.13580552807341,27.243318452727728,27.358108520507812,2807300,0.0,0.0
2022-12-21 00:00:00-05:00,27.45376504682104,27.78856559106612,26.74589634734997,27.6068172454834,3466800,0.0,0.0
2022-12-22 00:00:00-05:00,27.740739184705443,28.410343963801935,26.985042310452943,27.75030517578125,3128300,0.0,0.0
2022-12-23 00:00:00-05:00,27.836394267116923,28.247722716358997,27.386801857700686,28.161630630493164,2027200,0.0,0.0
2022-12-27 00:00:00-05:00,28.52513558169043,28.89915803153201,28.056412910691584,28.12337303161621,2344100,0.0,0.0
2022-12-28 00:00:00-05:00,27.7407416121493,27.7407416121493,24.727523491596983,25.43539047241211,8415300,0.0,0.0
2022-12-29 00:00:00-05:00,25.550179049361393,26.02846770389404,25.330166706162714,25.65540313720703,2992700,0.0,0.0
2022-12-30 00:00:00-05:00,25.34929603169693,25.808452654007407,24.995361661670373,25.272769927978516,3091400,0.0,0.0
2023-01-03 00:00:00-05:00,24.66055879262485,24.7849130153436,23.813987823092933,24.010086059570312,7500300,0.0,0.0
2023-01-04 00:00:00-05:00,23.665717969252242,25.454518004538677,23.120469297260836,25.4162540435791,7454200,0.0,0.0
2023-01-05 00:00:00-05:00,25.129281624912274,26.26282501227968,25.071885683494777,26.00933265686035,5633500,0.0,0.0
2023-01-06 00:00:00-05:00,26.34413742978972,28.745144638679495,26.171953238819654,27.635515213012695,7319100,0.0,0.0
2023-01-09 00:00:00-05:00,27.75987149421876,28.085107896526587,26.4302279114216,26.449359893798828,3610400,0.0,0.0
2023-01-10 00:00:00-05:00,26.478055137564926,26.74589556512761,25.46408389495032,26.09542465209961,3359500,0.0,0.0
2023-01-11 00:00:00-05:00,25.90410922715969,26.277173732936696,25.550174877800544,25.9710693359375,3503900,0.0,0.0
2023-01-12 00:00:00-05:00,26.15281823332264,26.95634314861109,25.98063406225711,26.525882720947266,2664900,0.0,0.0
2023-01-13 00:00:00-05:00,26.420662253308333,27.243317379301235,26.315438180699758,27.17635726928711,2128900,0.0,0.0
2023-01-17 00:00:00-05:00,27.492029095416658,27.99805780277619,27.138096545602536,27.549423217773438,2998500,0.0,0.0
2023-01-18 00:00:00-05:00,28.01814673752839,28.247725043912027,26.21978060073394,26.23891258239746,3394200,0.0,0.0
2023-01-19 00:00:00-05:00,25.999770800021036,26.487625432471535,25.731928504403204,26.258047103881836,2353700,0.0,0.0
2023-01-20 00:00:00-05:00,26.47805862055759,27.12853144367655,25.93280987898032,26.889387130737305,3090800,0.0,0.0
2023-01-23 00:00:00-05:00,27.0328683300776,27.31984072246609,26.430223751725407,26.765026092529297,2691200,0.0,0.0
2023-01-24 00:00:00-05:00,26.50675435536035,26.91808285909932,26.066729702214843,26.66937255859375,2819900,0.0,0.0
2023-01-25 00:00:00-05:00,26.40153377173662,26.48762587446014,25.406692506721026,25.884981155395508,4290000,0.0,0.0
2023-01-26 00:00:00-05:00,25.7510576906251,25.818017801124206,24.17270571269554,25.42582130432129,6546100,0.0,0.0
2023-01-27 00:00:00-05:00,25.244075313788294,26.219784634417714,25.167549199887542,26.06673240661621,3021900,0.0,0.0
2023-01-30 00:00:00-05:00,25.81802134492915,26.92286879339529,25.53104888210683,26.611980438232422,4444700,0.0,0.0
2023-01-31 00:00:00-05:00,26.334569472930077,26.860686173154335,26.171951285211033,26.678936004638672,3199700,0.0,0.0
2023-02-01 00:00:00-05:00,26.564153784580327,26.809994137458492,25.58844443730873,26.47806167602539,3758200,0.0,0.0
2023-02-02 00:00:00-05:00,26.506753758457062,27.205056512220345,25.875412942362445,27.185924530029297,4142600,0.0,0.0
2023-02-03 00:00:00-05:00,27.310279576918074,27.673779951246736,26.487624388041258,26.554584503173828,3344800,0.0,0.0
2023-02-06 00:00:00-05:00,26.44935842695482,26.98504113212517,25.92324171244257,26.640674591064453,4132700,0.0,0.0
2023-02-07 00:00:00-05:00,27.233750935944986,27.798131603148274,25.617136858251893,27.042436599731445,8167300,0.0,0.0
2023-02-08 00:00:00-05:00,26.726767303674713,26.822425387952922,24.53620465426116,24.5457706451416,8703800,0.0,0.0
2023-02-09 00:00:00-05:00,24.631864122420286,25.08145477190295,24.258799579754374,24.440547943115234,3819900,0.0,0.0
2023-02-10 00:00:00-05:00,24.48837691412915,25.311032073151807,24.105746395452776,25.24407196044922,5322900,0.0,0.0
2023-02-13 00:00:00-05:00,25.253637406564273,25.598005778205422,24.74665266445502,25.196243286132812,6746100,0.0,0.0
2023-02-14 00:00:00-05:00,26.592843102683602,28.659049527879326,25.033623205943943,28.5538272857666,17419800,0.0,0.0
2023-02-15 00:00:00-05:00,28.32425190691812,29.864339981679056,27.788567353106608,28.257291793823242,9584500,0.0,0.0
2023-02-16 00:00:00-05:00,28.219025206048524,29.099076234608027,28.142499108979266,28.26685333251953,6237800,0.0,0.0
2023-02-17 00:00:00-05:00,27.836396221139744,28.381644920213965,26.755462989180174,27.03287124633789,5427400,0.0,0.0
2023-02-21 00:00:00-05:00,26.50675022408884,26.83198657986517,24.72751808166504,24.72751808166504,6077500,0.0,0.0
2023-02-22 00:00:00-05:00,24.497942562726557,25.473649915581202,24.392718487364053,25.052757263183594,4991200,0.0,0.0
2023-02-23 00:00:00-05:00,25.224939440661164,25.626701903778926,24.612728843584634,25.110149383544922,3509100,0.0,0.0
2023-02-24 00:00:00-05:00,24.918835030650015,25.344513412135125,24.521856446175573,25.167545318603516,3234900,0.0,0.0
2023-02-27 00:00:00-05:00,25.19624593672091,25.798888825963395,24.940839610822383,25.607574462890625,3084000,0.0,0.0
2023-02-28 00:00:00-05:00,25.798884973652743,26.449357724929083,25.435386460923905,26.11455535888672,3672600,0.0,0.0
2023-03-01 00:00:00-05:00,26.229345488197005,26.779378078465115,26.066727299950216,26.650239944458008,3028700,0.0,0.0
2023-03-02 00:00:00-05:00,26.411100405409243,26.755467000144584,26.1719560752611,26.35370445251465,2343300,0.0,0.0
2023-03-03 00:00:00-05:00,26.5067485851107,27.30070927034494,26.344132241803507,26.812854766845703,3619200,0.0,0.0
2023-03-06 00:00:00-05:00,26.018901661734205,26.018901661734205,24.871008243750584,25.14841651916504,4685300,0.0,0.0
2023-03-07 00:00:00-05:00,25.01449311440539,25.435387588213324,24.716998645112344,25.167545318603516,3280900,0.0,0.0
2023-03-08 00:00:00-05:00,25.0144947734083,25.464087249518425,24.6318642375363,24.890140533447266,2383300,0.0,0.0
2023-03-09 00:00:00-05:00,24.851876978920725,25.177113395926494,24.526640561914952,24.57447052001953,2919600,0.0,0.0
2023-03-10 00:00:00-05:00,24.55533980441747,25.004930486652043,24.05791916160916,24.58403778076172,3681800,0.0,0.0
2023-03-13 00:00:00-04:00,23.8092049207166,24.727519942767998,23.446662454523878,23.684850692749023,3902700,0.0,0.0
2023-03-14 00:00:00-04:00,23.990955379538963,24.47880995577019,23.149168271715737,23.455272674560547,3213800,0.0,0.0
2023-03-15 00:00:00-04:00,22.25955130632936,22.541741646013918,21.427328361056304,21.762130737304688,7770000,0.0,0.0
2023-03-16 00:00:00-04:00,21.283839612858795,22.69000723607001,20.998779327489107,22.364770889282227,5328100,0.0,0.0
2023-03-17 00:00:00-04:00,22.144760581002306,22.39347085808522,21.714301959706813,22.3073787689209,4650500,0.0,0.0
2023-03-20 00:00:00-04:00,22.56565611748637,23.139602797903038,22.41260391264542,22.5178279876709,3203900,0.0,0.0
2023-03-21 00:00:00-04:00,23.292657533584915,23.541367849606388,22.49869845050831,22.565658569335938,3351500,0.0,0.0
2023-03-22 00:00:00-04:00,22.699573138434825,23.206559635780394,22.2499825782026,22.450862884521484,2619800,0.0,0.0
2023-03-23 00:00:00-04:00,22.670878095676482,23.19699477309081,22.316943764388384,22.632614135742188,2297600,0.0,0.0
2023-03-24 00:00:00-04:00,22.316946120214258,23.32135145567831,21.934315603110154,23.302221298217773,2661800,0.0,0.0
2023-03-27 00:00:00-04:00,23.225693378829114,23.9096461729061,22.90523909144829,23.780508041381836,2400200,0.0,0.0
2023-03-28 00:00:00-04:00,23.98139378172013,24.775352906231085,23.646591345583257,24.488380432128906,3199800,0.0,0.0
2023-03-29 00:00:00-04:00,24.545772049330225,24.74665422025894,24.02922128391953,24.097137451171875,1916200,0.0,0.0
2023-03-30 00:00:00-04:00,24.27793460368184,24.430988672515713,23.217090938841952,24.172712326049805,3422400,0.0,0.0
2023-03-31 00:00:00-04:00,24.392722332586015,24.775352906231085,24.167926072339196,24.488380432128906,2576000,0.0,0.0
2023-04-03 00:00:00-04:00,24.871008243750584,25.253638774903028,24.000523101181418,25.14841651916504,4480000,0.0,0.0
2023-04-04 00:00:00-04:00,24.96666576396744,24.984839869939794,24.019654536739267,24.564903259277344,2785600,0.0,0.0
2023-04-05 00:00:00-04:00,24.631863084780285,24.832743422514643,24.18227245423704,24.765783309936523,1828500,0.0,0.0
2023-04-06 00:00:00-04:00,24.65099067211014,24.670122650729166,24.105742053149235,24.1535701751709,1799700,0.0,0.0
2023-04-10 00:00:00-04:00,24.354451760519037,24.650991971163236,24.059827302173957,24.13443946838379,2594500,0.0,0.0
2023-04-11 00:00:00-04:00,24.383151560962688,24.64142783174714,24.11052721664337,24.22053337097168,2566400,0.0,0.0
2023-04-12 00:00:00-04:00,24.153570259993714,24.512286649993623,23.397873522621474,24.038780212402344,2309400,0.0,0.0
2023-04-13 00:00:00-04:00,24.15357109701354,24.70838572645895,24.134439117664325,24.507505416870117,1756800,0.0,0.0
2023-04-14 00:00:00-04:00,24.392715719773513,24.61272801190876,23.6465849350452,24.13443946838379,2169800,0.0,0.0
2023-04-17 00:00:00-04:00,26.49718885129822,26.49718885129822,24.842308928550956,25.167545318603516,10227400,0.0,0.0
2023-04-18 00:00:00-04:00,24.985795888192207,25.550174726488304,24.612729560098437,25.01449203491211,3724200,0.0,0.0
2023-04-19 00:00:00-04:00,24.650997063363473,24.966667494317512,24.41185274220052,24.708391189575195,2420300,0.0,0.0
2023-04-20 00:00:00-04:00,24.44054711357176,24.641429277476494,23.57962798497235,23.608325958251953,4015500,0.0,0.0
2023-04-21 00:00:00-04:00,23.397879797837305,23.541367851940905,22.9674211091057,23.043947219848633,3463400,0.0,0.0
2023-04-24 00:00:00-04:00,22.957856879829837,23.75181602394289,22.737844522617838,23.579631805419922,2239800,0.0,0.0
2023-04-25 00:00:00-04:00,23.1109049895882,23.35004928941798,22.77610260492126,22.852628707885742,2972600,0.0,0.0
2023-04-26 00:00:00-04:00,23.139605534079042,23.263959781019434,22.202158387920676,22.393474578857422,4149600,0.0,0.0
2023-04-27 00:00:00-04:00,22.307378844468065,23.35961407429745,21.618643953347107,22.785667419433594,6417100,0.0,0.0
2023-04-28 00:00:00-04:00,22.785669752014687,23.101340170826237,22.479565324624854,22.976985931396484,4090800,0.0,0.0
2023-05-01 00:00:00-04:00,22.71870814053681,23.130036621952822,22.489129835112422,22.603918075561523,2548900,0.0,0.0
2023-05-02 00:00:00-04:00,22.345647182385584,22.939681986155882,21.886488673857713,22.326515197753906,3559700,0.0,0.0
2023-05-03 00:00:00-04:00,22.116063338813042,22.42694980137282,21.389064524395163,21.58994483947754,3487000,0.0,0.0
2023-05-04 00:00:00-04:00,21.50385459462766,21.609078668403818,20.920343754796853,21.111658096313477,3781300,0.0,0.0
2023-05-05 00:00:00-04:00,21.618644434827747,21.953446809665408,21.274276069334594,21.81952476501465,3160200,0.0,0.0
2023-05-08 00:00:00-04:00,22.230851670597,22.517825896416838,21.924747289343333,22.068233489990234,2386300,0.0,0.0
2023-05-09 00:00:00-04:00,22.010838021407622,22.412600453234163,21.90752789031233,22.1734561920166,2182400,0.0,0.0
2023-05-10 00:00:00-04:00,22.45656450640586,22.52374197169966,21.772311685050735,22.312612533569336,2470200,0.075,0.0
2023-05-11 00:00:00-04:00,21.727204771748745,21.86156152661494,21.18498563794984,21.46809196472168,3482100,0.0,0.0
2023-05-12 00:00:00-04:00,21.5928517252678,21.899949768044255,21.256962554562776,21.669626235961914,2721800,0.0,0.0
2023-05-15 00:00:00-04:00,21.90954571783071,21.97672318253113,21.583253606044117,21.755996704101562,1628000,0.0,0.0
2023-05-16 00:00:00-04:00,21.51607498283166,21.775189615966056,20.326069275281156,20.4316349029541,3541000,0.0,0.0
2023-05-17 00:00:00-04:00,20.738732099307498,20.76752139267041,20.182116518760186,20.220502853393555,4840000,0.0,0.0
2023-05-18 00:00:00-04:00,20.05736248127505,20.05736248127505,19.12167174311919,19.942201614379883,5766100,0.0,0.0
2023-05-19 00:00:00-04:00,20.201312039410624,20.249297253526883,19.45755860987176,19.558324813842773,4438600,0.0,0.0
2023-05-22 00:00:00-04:00,19.491146102137503,20.230101878387106,19.443162721528523,19.89421272277832,3276200,0.0,0.0
2023-05-23 00:00:00-04:00,19.721470353653835,19.894213458956287,19.356791888364324,19.500743865966797,2472000,0.0,0.0
2023-05-24 00:00:00-04:00,19.46235614470862,19.510339523687342,18.785780250596595,18.953723907470703,4238400,0.0,0.0
2023-05-25 00:00:00-04:00,18.493078752990478,18.589047351118023,18.114003797133492,18.5506591796875,4019300,0.0,0.0
2023-05-26 00:00:00-04:00,18.64662798076329,18.79537757055364,17.821300590511875,17.898075103759766,3583800,0.0,0.0
2023-05-30 00:00:00-04:00,17.485410089082063,17.88847671082791,16.99597191764435,17.754121780395508,6531500,0.0,0.0
2023-05-31 00:00:00-04:00,17.43742678471151,17.74260650568585,17.15911804994133,17.42782974243164,4799000,0.0,0.0
2023-06-01 00:00:00-04:00,17.514200737042867,17.888476221844343,17.466217357613967,17.571781158447266,3574800,0.0,0.0
2023-06-02 00:00:00-04:00,17.9364603842204,18.30113880574891,17.763717299646927,18.06121826171875,3512200,0.0,0.0
2023-06-05 00:00:00-04:00,18.3779173498029,18.800178112719856,18.080416322280193,18.214771270751953,2819100,0.0,0.0
2023-06-06 00:00:00-04:00,17.946057239788697,18.761785616684893,17.86928273971205,18.637027740478516,2705900,0.0,0.0
2023-06-07 00:00:00-04:00,18.64662573659722,19.415331762170872,18.641826300469408,19.2032413482666,4822400,0.0,0.0
2023-06-08 00:00:00-04:00,19.280015797291657,19.543928039663136,18.704206103650254,19.001707077026367,3436000,0.0,0.0
2023-06-09 00:00:00-04:00,18.972917836242914,19.731065834514816,18.819368828227123,19.2032413482666,4070000,0.0,0.0
2023-06-12 00:00:00-04:00,18.91534116896782,19.136069534789208,18.560259669533988,18.646631240844727,2863400,0.0,0.0
2023-06-13 00:00:00-04:00,18.87694836655211,19.18404636823383,18.761785700697224,18.915334701538086,5425700,0.0,0.0
2023-06-14 00:00:00-04:00,19.222435958311653,19.683082994974434,19.03049877781119,19.260822296142578,3650100,0.0,0.0
2023-06-15 00:00:00-04:00,19.4047731152976,20.11493771230806,19.4047731152976,19.875017166137695,3358600,0.0,0.0
2023-06-16 00:00:00-04:00,20.01897463633413,20.038166892413134,19.50938317084749,19.721471786499023,4443400,0.0,0.0
2023-06-20 00:00:00-04:00,19.73106790205861,20.63316979151564,19.577518877952997,20.364458084106445,3408400,0.0,0.0
2023-06-21 00:00:00-04:00,20.191715185152756,20.70994264232757,20.154286172050973,20.59477996826172,2711900,0.0,0.0
2023-06-22 00:00:00-04:00,20.335666316928563,20.661958411146276,20.038163517204538,20.4316349029541,2138200,0.0,0.0
2023-06-23 00:00:00-04:00,20.057361662960364,20.30687930498519,19.846232195300388,19.8558292388916,3155200,0.0,0.0
2023-06-26 00:00:00-04:00,20.07655656924057,20.29536477896995,19.702281006157815,19.942201614379883,2222900,0.0,0.0
2023-06-27 00:00:00-04:00,19.93259893707367,20.41051987747231,19.88941316658084,20.220502853393555,2235200,0.0,0.0
2023-06-28 00:00:00-04:00,20.066952692885966,20.15332422887415,19.682121061583878,20.028566360473633,1900400,0.0,0.0
2023-06-29 00:00:00-04:00,20.14373414261991,21.180191101858153,20.076556664869585,20.777124404907227,2880000,0.0,0.0
2023-06-30 00:00:00-04:00,20.72913604127616,21.232968833958342,20.67155562137068,20.78671646118164,2796200,0.0,0.0
2023-07-03 00:00:00-04:00,20.729133810784848,21.376918498752232,20.66675396150444,21.08421516418457,1590600,0.0,0.0
2023-07-05 00:00:00-04:00,21.151395094151958,21.256958884098086,20.690746279079335,20.815505981445312,2411900,0.0,0.0
2023-07-06 00:00:00-04:00,20.671556424712143,21.037194027292387,20.326070230955825,20.470022201538086,2096200,0.0,0.0
2023-07-07 00:00:00-04:00,20.470024890866426,21.24736709849585,20.345266988090884,20.959463119506836,2326500,0.0,0.0
2023-07-10 00:00:00-04:00,20.873090307742853,21.247365824069128,20.781921146969434,20.892284393310547,2130100,0.0,0.0
2023-07-11 00:00:00-04:00,20.93067158375557,21.38172346066474,20.921074540582094,21.2569637298584,2927700,0.0,0.0
2023-07-12 00:00:00-04:00,21.46809086490029,21.640832117252526,20.287680409244988,20.297277450561523,3413400,0.0,0.0
2023-07-13 00:00:00-04:00,20.33567098640984,20.69075245665513,20.278088723303345,20.393251419067383,3344000,0.0,0.0
2023-07-14 00:00:00-04:00,20.29727929857535,20.472901692805817,19.97098718589898,20.018972396850586,3300300,0.0,0.0
2023-07-17 00:00:00-04:00,19.942197589457916,20.273287303019096,19.82703491535699,19.99018096923828,1758800,0.0,0.0
2023-07-18 00:00:00-04:00,20.076552291847978,20.825105088980187,20.057358207971838,20.565990447998047,2232700,0.0,0.0
2023-07-19 00:00:00-04:00,20.719539943457658,20.777120365986292,20.518005718934486,20.74833106994629,1939500,0.0,0.0
2023-07-20 00:00:00-04:00,20.98825329826648,21.06502781121357,20.68595285271596,20.997848510742188,2801300,0.0,0.0
2023-07-21 00:00:00-04:00,21.11301084273051,21.11301084273051,20.772324061621422,21.09381675720215,2574800,0.0,0.0
2023-07-24 00:00:00-04:00,21.16099417482885,21.31454319778621,20.901881342618772,21.218576431274414,2281700,0.0,0.0
2023-07-25 00:00:00-04:00,21.208978659073725,21.97576459234828,21.208978659073725,21.612045288085938,4112200,0.0,0.0
2023-07-26 00:00:00-04:00,21.295346778397185,21.84236529451809,21.28574973753298,21.51607322692871,4437600,0.0,0.0
2023-07-27 00:00:00-04:00,20.863493617022357,21.39131999634829,20.28768385341624,20.796316146850586,5676700,0.0,0.0
2023-07-28 00:00:00-04:00,20.997847726549555,20.997847726549555,20.162925158237307,20.709943771362305,3489900,0.0,0.0
2023-07-31 00:00:00-04:00,21.007446203778162,21.621644156811094,21.007446203778162,21.5352725982666,2917600,0.0,0.0
2023-08-01 00:00:00-04:00,21.400913013697327,21.602447233989523,20.83949978731992,21.37212371826172,2040900,0.0,0.0
2023-08-02 00:00:00-04:00,21.113007160900054,21.15139532526239,20.15332501722278,20.844295501708984,8869900,0.0,0.0
2023-08-03 00:00:00-04:00,20.81551184503263,20.93067270840451,20.326073599579843,20.767526626586914,1892500,0.0,0.0
2023-08-04 00:00:00-04:00,20.978654996288437,21.199381478958127,20.695548653577777,20.9306697845459,2385200,0.0,0.0
2023-08-07 00:00:00-04:00,21.007443946625212,21.03623507319618,20.63796605931665,21.02663803100586,2149300,0.0,0.0
2023-08-08 00:00:00-04:00,20.65236363313866,21.607246501110687,20.470023482749266,21.54486846923828,2419700,0.0,0.0
2023-08-09 00:00:00-04:00,21.91558627920974,23.244386383290554,21.67486147627895,22.81108283996582,5756500,0.075,0.0
2023-08-10 00:00:00-04:00,22.84959559725827,22.888112443484626,21.694117759232192,22.07927703857422,3466700,0.0,0.0
2023-08-11 00:00:00-04:00,21.92039650481501,22.20348943074643,21.617084623371564,21.973356246948242,3749700,0.0,0.0
2023-08-14 00:00:00-04:00,21.896327058174734,21.958916018905036,21.28970138493961,21.588199615478516,5217400,0.0,0.0
2023-08-15 00:00:00-04:00,21.212669837900993,21.69411943337831,21.000830840476922,21.068233489990234,2652100,0.0,0.0
2023-08-16 00:00:00-04:00,20.9719435997449,21.59782766356088,20.81787988670048,21.203039169311523,2499600,0.0,0.0
2023-08-17 00:00:00-04:00,21.59783013756951,21.761523081003098,21.280073463443667,21.37636375427246,1686400,0.0,0.0
2023-08-18 00:00:00-04:00,21.01045905941304,21.265626745244795,20.7649205854257,21.03934669494629,1848000,0.0,0.0
2023-08-21 00:00:00-04:00,21.241556612478334,21.424507981394587,20.952687576576494,21.37636375427246,2310600,0.0,0.0
2023-08-22 00:00:00-04:00,21.568938656668283,21.982985547857187,21.381173633125456,21.39561653137207,2010300,0.0,0.0
2023-08-23 00:00:00-04:00,21.21266768060902,21.289699534588003,20.856394208091046,20.991199493408203,2624600,0.0,0.0
2023-08-24 00:00:00-04:00,20.96231660850834,21.020090047873477,20.625301511806736,20.683074951171875,2446300,0.0,0.0
2023-08-25 00:00:00-04:00,20.803435278677092,20.827507389628515,20.42308968125785,20.62529945373535,2682600,0.0,0.0
2023-08-28 00:00:00-04:00,20.89491165212299,21.048975364495703,20.687888194262595,20.866024017333984,2446300,0.0,0.0
2023-08-29 00:00:00-04:00,21.029715415413836,21.472648097200683,20.760103020032155,20.981571197509766,2862400,0.0,0.0
2023-08-30 00:00:00-04:00,20.904539719894167,21.281996378691215,20.89491234456311,21.09712028503418,2351500,0.0,0.0
2023-08-31 00:00:00-04:00,21.04897605600396,21.22229819726338,20.692702561572435,20.77936363220215,3033000,0.0,0.0
2023-09-01 00:00:00-04:00,21.183779784392765,21.742261177972477,21.174150573191568,21.511165618896484,5139400,0.0,0.0
2023-09-05 00:00:00-04:00,21.34747278359026,21.84818074846908,21.154892231995557,21.549680709838867,2572400,0.0,0.0
2023-09-06 00:00:00-04:00,21.617085692733447,21.905954690279238,20.880466626798384,21.08749008178711,2696100,0.0,0.0
2023-09-07 00:00:00-04:00,21.06823111039978,21.270440872685214,20.764919221848,20.914167404174805,2502700,0.0,0.0
2023-09-08 00:00:00-04:00,21.05860580491881,21.453394320483913,20.692703089243956,21.270442962646484,2276100,0.0,0.0
2023-09-11 00:00:00-04:00,21.41487778644093,21.636344159580226,20.894913178349345,21.068233489990234,2074200,0.0,0.0
2023-09-12 00:00:00-04:00,21.357101709918403,21.848180457007928,21.222296427551004,21.751890182495117,2932700,0.0,0.0
2023-09-13 00:00:00-04:00,21.954098018859284,22.945884720209328,21.886695377943262,22.348886489868164,3975300,0.0,0.0
2023-09-14 00:00:00-04:00,22.73404864768745,23.456222982502588,22.705161013124496,23.292530059814453,4741400,0.0,0.0
2023-09-15 00:00:00-04:00,23.167351602091166,23.706576415086346,23.09031974831818,23.11920738220215,4514600,0.0,0.0
2023-09-18 00:00:00-04:00,23.20586745118423,23.55250985999131,23.022916117607263,23.109577178955078,2278100,0.0,0.0
2023-09-19 00:00:00-04:00,23.398447776888137,23.523625690416416,22.907370844075082,23.013288497924805,1915100,0.0,0.0
2023-09-20 00:00:00-04:00,22.897743229139923,23.26364411052252,22.57035736004708,22.579986572265625,1379000,0.0,0.0
2023-09-21 00:00:00-04:00,22.358513627095792,22.44517468211657,21.90595176821932,22.29111099243164,2488400,0.0,0.0
2023-09-22 00:00:00-04:00,22.483695907537722,22.66857200389685,22.14668083190918,22.14668083190918,1445500,0.0,0.0
2023-09-25 00:00:00-04:00,22.08890872034827,22.98921898085211,21.896328140848688,22.907373428344727,2113000,0.0,0.0
2023-09-26 00:00:00-04:00,22.618497521030083,22.965141752283667,22.382588292103478,22.50295066833496,2012700,0.0,0.0
2023-09-27 00:00:00-04:00,23.27327075926205,24.168767194521934,23.254012336946214,23.639171600341797,5035900,0.0,0.0
2023-09-28 00:00:00-04:00,23.947301315856183,25.00648885175704,23.918413681817622,24.707990646362305,4716100,0.0,0.0
2023-09-29 00:00:00-04:00,24.74650940228212,25.28573242320903,24.44800933725764,25.02574920654297,4059900,0.0,0.0
2023-10-02 00:00:00-04:00,24.86205541727164,24.86205541727164,24.058035519638114,24.41912269592285,3133000,0.0,0.0
2023-10-03 00:00:00-04:00,24.293944602054665,24.38060567065621,23.518810508776593,23.745092391967773,2434600,0.0,0.0
2023-10-04 00:00:00-04:00,23.764353150290386,23.86064344004018,22.623318083704326,22.907373428344727,2545000,0.0,0.0
2023-10-05 00:00:00-04:00,22.878482299529363,23.42733447979665,22.830336243708576,23.022916793823242,1875000,0.0,0.0
2023-10-06 00:00:00-04:00,22.91699883970663,23.759535588763264,22.8495961936356,23.52362632751465,2771500,0.0,0.0
2023-10-09 00:00:00-04:00,23.812492932022934,24.987230941841165,23.754719503590877,24.602069854736328,2820100,0.0,0.0
2023-10-10 00:00:00-04:00,24.49615197453862,25.24239835964823,24.390232492938903,25.12203598022461,2907200,0.0,0.0
2023-10-11 00:00:00-04:00,24.82354095963914,25.30499053874055,24.414307715452303,24.929458618164062,2762200,0.0,0.0
2023-10-12 00:00:00-04:00,24.87168371975867,24.934272675603488,24.24579967106336,24.74650764465332,2250700,0.0,0.0
2023-10-13 00:00:00-04:00,25.227957356372798,25.276101577124077,24.592444092217566,24.80428123474121,2426900,0.0,0.0
2023-10-16 00:00:00-04:00,24.91982794580725,24.91982794580725,24.30357310837903,24.765764236450195,2105000,0.0,0.0
2023-10-17 00:00:00-04:00,24.505784005062328,25.32424681005276,24.505784005062328,24.81391143798828,2647600,0.0,0.0
2023-10-18 00:00:00-04:00,24.8524248228433,25.18943986927601,24.5298545115357,24.592443466186523,2170500,0.0,0.0
2023-10-19 00:00:00-04:00,24.486525497829877,24.63096000194818,24.216913076647185,24.476896286010742,2751900,0.0,0.0
2023-10-20 00:00:00-04:00,24.380607616857837,24.602073993591922,23.947304075845647,24.062850952148438,2471600,0.0,0.0
2023-10-23 00:00:00-04:00,23.773976426938027,24.37097276847406,23.67768616123039,24.101362228393555,1713200,0.0,0.0
2023-10-24 00:00:00-04:00,24.188026946662816,24.332461448803947,23.696948170115512,23.745092391967773,1795600,0.0,0.0
2023-10-25 00:00:00-04:00,23.66805962260561,23.966557827067525,23.518809602082523,23.75472068786621,2711400,0.0,0.0
2023-10-26 00:00:00-04:00,21.973356198038488,23.24438266007009,21.857809339627,22.868852615356445,5703500,0.0,0.0
2023-10-27 00:00:00-04:00,23.2540140675162,24.390235356529246,23.090321138817973,23.89915657043457,3269400,0.0,0.0
2023-10-30 00:00:00-04:00,23.92804410854471,24.01951886610338,22.974774175863786,23.225128173828125,3998300,0.0,0.0
2023-10-31 00:00:00-04:00,23.03254697976655,23.071061989468966,22.493323987842526,22.71479034423828,2828300,0.0,0.0
2023-11-01 00:00:00-04:00,22.6955311373799,22.791821413187343,22.45480636615341,22.464435577392578,1943900,0.0,0.0
2023-11-02 00:00:00-04:00,22.59923982821841,23.166388039158072,22.512578767612723,22.75330352783203,2094500,0.0,0.0
2023-11-03 00:00:00-04:00,23.071061376389373,23.340673783478987,22.743677374573487,22.820709228515625,1546800,0.0,0.0
2023-11-06 00:00:00-05:00,23.013287153874565,23.013287153874565,22.339258914200236,22.589611053466797,2503400,0.0,0.0
2023-11-07 00:00:00-05:00,22.050391318533677,22.050391318533677,21.28007269296308,21.76152229309082,3330100,0.0,0.0
2023-11-08 00:00:00-05:00,21.73736669119743,22.10448585119436,21.539315201718942,21.62143325805664,2166900,0.075,0.0
2023-11-09 00:00:00-05:00,21.824316827343797,22.30736943203454,21.79533300769055,21.843639373779297,2305800,0.0,0.0
2023-11-10 00:00:00-05:00,22.23974361847505,22.674489881634738,21.829147775674755,21.920928955078125,3395300,0.0,0.0
2023-11-13 00:00:00-05:00,21.891944171044518,22.00304605038938,21.447536653665075,21.476518630981445,2972800,0.0,0.0
2023-11-14 00:00:00-05:00,21.949910026755383,22.350844579226607,21.69872244738175,22.13347053527832,3466900,0.0,0.0
2023-11-15 00:00:00-05:00,22.027198941067418,22.761439151462934,22.017539510152584,22.452285766601562,2587600,0.0,0.0
2023-11-16 00:00:00-05:00,22.230080504222325,22.819405256106474,21.86585806856193,22.181774139404297,2035400,0.0,0.0
2023-11-17 00:00:00-05:00,22.46194677270851,23.080253535067616,22.46194677270851,22.983644485473633,3630900,0.0,0.0
2023-11-20 00:00:00-05:00,22.98364271577137,23.07059048517122,22.326690909999268,22.68414878845215,2658100,0.0,0.0
2023-11-21 00:00:00-05:00,22.568220816325397,22.954662574954327,22.423303544477346,22.49093246459961,2110400,0.0,0.0
2023-11-22 00:00:00-05:00,22.21075893516012,22.9401694130481,22.075504793119745,22.790422439575195,3325600,0.0,0.0
2023-11-24 00:00:00-05:00,22.703474358573438,23.466698423634057,22.703474358573438,23.157543182373047,1300200,0.0,0.0
2023-11-27 00:00:00-05:00,23.04161047928459,23.341102589506118,22.935338312590055,23.176864624023438,2714000,0.0,0.0
2023-11-28 00:00:00-05:00,23.27347526670486,23.321779791391954,22.906354245364756,23.14788055419922,2251400,0.0,0.0
2023-11-29 00:00:00-05:00,23.215509521358296,23.331441117950877,22.790422700886662,22.983644485473633,1733200,0.0,0.0
2023-11-30 00:00:00-05:00,23.099577071640944,23.312119569632227,22.901525563169642,23.031949996948242,2635300,0.0,0.0
2023-12-01 00:00:00-05:00,22.983643526326368,23.954578438743322,22.964320980134136,23.756526947021484,3235400,0.0,0.0
2023-12-04 00:00:00-05:00,23.476355498298776,23.780679150639152,23.147879584626498,23.263813018798828,2250800,0.0,0.0
2023-12-05 00:00:00-05:00,23.14788092272343,23.244491816335202,22.756609475510068,23.109237670898438,1964300,0.0,0.0
2023-12-06 00:00:00-05:00,23.15754254435752,23.65991772452862,22.43779515366775,22.577880859375,2425200,0.0,0.0
2023-12-07 00:00:00-05:00,22.57787995312611,23.128559637375616,22.48609877728487,22.790422439575195,2374900,0.0,0.0
2023-12-08 00:00:00-05:00,22.790422873140592,23.09957625665678,22.751777778851313,22.848388671875,1775300,0.0,0.0
2023-12-11 00:00:00-05:00,22.587539003693717,22.775931067550303,22.278385631261553,22.664827346801758,3113800,0.0,0.0
2023-12-12 00:00:00-05:00,22.510251435187573,22.63584614874715,22.2638954088969,22.355674743652344,3109300,0.0,0.0
2023-12-13 00:00:00-05:00,22.365337617361586,22.93533989919146,22.239744737515856,22.722797393798828,5783400,0.0,0.0
2023-12-14 00:00:00-05:00,23.215512760668492,23.553648166827195,22.746951065420348,22.829069137573242,3611400,0.0,0.0
2023-12-15 00:00:00-05:00,22.964319340144804,23.172032090129022,22.45228295881406,22.896692276000977,4473000,0.0,0.0
2023-12-18 00:00:00-05:00,23.23482994500909,23.486017524858312,22.587539369970564,22.626184463500977,2655600,0.0,0.0
2023-12-19 00:00:00-05:00,22.780763733063328,23.592292362145457,22.64550957578287,23.370088577270508,4747100,0.0,0.0
2023-12-20 00:00:00-05:00,23.505342866768878,23.853141379103217,23.070594726350954,23.13822364807129,4864100,0.0,0.0
2023-12-21 00:00:00-05:00,23.292798879206906,23.53432519909018,23.123729349668864,23.5246639251709,2463500,0.0,0.0
2023-12-22 00:00:00-05:00,23.640591999942316,24.539070070699097,23.524660415605556,24.210594177246094,2950100,0.0,0.0
2023-12-26 00:00:00-05:00,24.403815496697643,24.635680503845215,24.128475685541197,24.15262794494629,1334700,0.0,0.0
2023-12-27 00:00:00-05:00,24.142970237276028,24.442462352056612,24.075343163877147,24.123647689819336,1478800,0.0,0.0
2023-12-28 00:00:00-05:00,24.08500174258775,24.15262880841943,23.708221322840195,23.775848388671875,1539100,0.0,0.0
2023-12-29 00:00:00-05:00,23.601952024637168,23.824155794335866,23.254153538013426,23.49567985534668,2409300,0.0,0.0
2024-01-02 00:00:00-05:00,23.58262744709439,24.060850325038317,23.495677832922762,23.563304901123047,2029000,0.0,0.0
2024-01-03 00:00:00-05:00,23.42805129605835,24.16712119057946,23.263813336975943,23.949748992919922,2516900,0.0,0.0
2024-01-04 00:00:00-05:00,24.15263086410182,24.79992144496773,23.92076582893038,24.52941131591797,2987300,0.0,0.0
2024-01-05 00:00:00-05:00,24.75161866336402,25.002804420463985,24.587380688214274,24.993144989013672,3025300,0.0,0.0
2024-01-08 00:00:00-05:00,24.828909953556376,24.867553212031797,23.916906204058357,24.38450050354004,2210900,0.0,0.0
2024-01-09 00:00:00-05:00,24.287885101357585,24.287885101357585,23.814493755711418,24.13330841064453,2092700,0.0,0.0
2024-01-10 00:00:00-05:00,24.152630235270287,24.152630235270287,22.882201368939224,23.060932159423828,3112100,0.0,0.0
2024-01-11 00:00:00-05:00,23.176865298272375,23.321780720808302,22.88703445320052,23.099576950073242,1966700,0.0,0.0
2024-01-12 00:00:00-05:00,23.379748797153955,23.476357852168128,22.867712329160636,22.993305206298828,1986100,0.0,0.0
2024-01-16 00:00:00-05:00,23.022285604654794,23.10923521539649,22.35567253653489,22.394317626953125,2451800,0.0,0.0
2024-01-17 00:00:00-05:00,22.104487532091017,22.56821945721845,21.949910837948387,22.48126983642578,2031500,0.0,0.0
2024-01-18 00:00:00-05:00,23.814493369536365,24.769971744300847,23.524662539824153,24.568056106567383,11647000,0.0,0.0
2024-01-19 00:00:00-05:00,24.68398751356484,25.244328464724724,24.510090122680293,25.19602394104004,6544800,0.0,0.0
2024-01-22 00:00:00-05:00,25.215348638846685,25.47619751147708,24.413481315452962,24.732295989990234,29167800,0.0,0.0
2024-01-23 00:00:00-05:00,24.616360842122287,25.031786386258727,24.539072497355008,24.925514221191406,3842400,0.0,0.0
2024-01-24 00:00:00-05:00,25.350603102839244,26.229758787161327,25.167042578058915,25.84331703186035,4306600,0.0,0.0
2024-01-25 00:00:00-05:00,26.14280393137638,26.22975353926017,25.476192727866376,25.833650588989258,3969400,0.0,0.0
2024-01-26 00:00:00-05:00,25.823992900717382,26.22009590596194,25.529330504516043,26.133146286010742,2308400,0.0,0.0
2024-01-29 00:00:00-05:00,26.123485581191833,26.171790104276067,25.408566109188992,25.727380752563477,3068600,0.0,0.0
2024-01-30 00:00:00-05:00,25.447208942908617,26.026872381960832,25.246258901565202,25.997888565063477,2323500,0.0,0.0
2024-01-31 00:00:00-05:00,25.930267586261166,26.273234541211078,25.74187733897036,25.795013427734375,4145200,0.0,0.0
2024-02-01 00:00:00-05:00,26.075181286317036,26.316707606319266,25.52450157154388,26.152469635009766,2898000,0.0,0.0
2024-02-02 00:00:00-05:00,25.959250913458202,26.10899605962032,25.510011789572495,25.737045288085938,3419000,0.0,0.0
2024-02-05 00:00:00-05:00,25.60178876673338,25.60178876673338,24.79509177876792,25.186363220214844,3770800,0.0,0.0
2024-02-06 00:00:00-05:00,25.225008850515586,25.36026299683485,24.59703895929147,24.84822654724121,3651000,0.0,0.0
2024-02-07 00:00:00-05:00,24.906191999345534,25.225006632420776,24.6163593421048,25.05110740661621,3722700,0.0,0.0
2024-02-08 00:00:00-05:00,23.82415433549213,25.427888836966172,23.486017143391095,25.09941291809082,4814200,0.0,0.0
2024-02-09 00:00:00-05:00,25.11873267551436,25.14771649197322,23.795167873747666,24.423137664794922,5503300,0.0,0.0
2024-02-12 00:00:00-05:00,24.510091834507328,24.92068584260214,24.26856551381636,24.27822494506836,3825600,0.0,0.0
2024-02-13 00:00:00-05:00,24.13330895539755,24.55839578580354,23.843478114443194,23.959409713745117,4884800,0.0,0.0
2024-02-14 00:00:00-05:00,24.113985178448456,24.220257341306343,23.81449307903921,24.046358108520508,2954600,0.0,0.0
2024-02-15 00:00:00-05:00,23.505339012699103,24.05118895667877,23.505339012699103,23.795169830322266,3801400,0.0,0.0
2024-02-16 00:00:00-05:00,23.76619043012663,23.82898778974118,23.341103587865938,23.553646087646484,3046300,0.0,0.0
2024-02-20 00:00:00-05:00,23.437714287804027,23.51500263640991,22.79525339282421,23.031949996948242,4229400,0.0,0.0
2024-02-21 00:00:00-05:00,23.269393411614413,24.0059508522718,23.269393411614413,23.9381103515625,3083300,0.075,0.0
2024-02-22 00:00:00-05:00,23.87026847865587,24.13194057105468,23.560139412930628,24.102867126464844,2627200,0.0,0.0
2024-02-23 00:00:00-05:00,23.9865665435791,24.175551317554,23.671590687944306,23.9865665435791,2352200,0.0,0.0
2024-02-26 00:00:00-05:00,23.86057435268059,24.19008504048627,23.792732014073092,24.180395126342773,2930500,0.0,0.0
2024-02-27 00:00:00-05:00,24.442067414337078,24.558366727666822,24.07378964440349,24.316078186035156,3431200,0.0,0.0
2024-02-28 00:00:00-05:00,24.07379023721409,24.391671953951686,23.894497229575784,23.957490921020508,2932000,0.0,0.0
2024-02-29 00:00:00-05:00,24.015640783821066,24.325769819692017,23.976873730079767,24.005949020385742,4498800,0.0,0.0
2024-03-01 00:00:00-05:00,24.131937774593936,24.519599061827467,24.078634001002797,24.2579288482666,5384800,0.0,0.0
2024-03-04 00:00:00-05:00,24.403304346895634,24.93633844577887,24.374229053887174,24.519601821899414,5696800,0.0,0.0
2024-03-05 00:00:00-05:00,24.412994257001372,25.120476363170205,24.403302493401334,24.76188850402832,3290400,0.0,0.0
2024-03-06 00:00:00-05:00,25.062330012009575,25.585672356545917,24.936338921749755,25.3433837890625,4673200,0.0,0.0
2024-03-07 00:00:00-05:00,25.430606977398526,26.32222895009228,25.401531684799867,25.98302459716797,3597500,0.0,0.0
2024-03-08 00:00:00-05:00,26.070247168475944,26.401698830910252,25.871570634783577,26.322227478027344,2863400,0.0,0.0
2024-03-11 00:00:00-04:00,26.19623600889114,26.302841702984235,25.149549654015605,25.28523063659668,2924100,0.0,0.0
2024-03-12 00:00:00-04:00,25.09140128478979,25.15439682446591,24.330615396637494,24.4808349609375,3471000,0.0,0.0
2024-03-13 00:00:00-04:00,24.412992668332482,24.645589434052575,23.94779728837752,24.374225616455078,3409000,0.0,0.0
2024-03-14 00:00:00-04:00,24.37422805332796,24.37422805332796,23.66577730062674,23.947799682617188,3517600,0.0,0.0
2024-03-15 00:00:00-04:00,23.792733718832434,24.07378931051423,22.90111182405358,23.036794662475586,11379400,0.0,0.0
2024-03-18 00:00:00-04:00,23.259698737867645,23.87026501639017,23.11432599045893,23.540754318237305,5152400,0.0,0.0
2024-03-19 00:00:00-04:00,23.405070802296773,23.7442751020287,23.298465109849104,23.65705108642578,2826900,0.0,0.0
2024-03-20 00:00:00-04:00,23.385687276937297,23.923568090317037,23.37599736277228,23.65705108642578,2228800,0.0,0.0
2024-03-21 00:00:00-04:00,23.74427466350172,24.035020144465253,23.627975362007493,23.734582901000977,2041200,0.0,0.0
2024-03-22 00:00:00-04:00,23.64736503392936,23.93811243898476,23.38569292393405,23.41476821899414,1260100,0.0,0.0
2024-03-25 00:00:00-04:00,23.463224652940134,23.802429026735666,23.109483556208335,23.182170867919922,2904600,0.0,0.0
2024-03-26 00:00:00-04:00,23.45353323152232,23.55044717623146,22.523144204491558,22.862348556518555,3367900,0.0,0.0
2024-03-27 00:00:00-04:00,22.920496474559204,23.511681128451844,22.88173126776285,23.501989364624023,2074400,0.0,0.0
2024-03-28 00:00:00-04:00,23.63766983294364,23.734585620541118,23.225780046297977,23.511680603027344,2964100,0.0,0.0
2024-04-01 00:00:00-04:00,23.57952452730432,23.715205540554404,23.31785241730901,23.41476821899414,2018000,0.0,0.0
2024-04-02 00:00:00-04:00,23.540755641648104,23.831501152810628,23.279083572492905,23.550445556640625,2412300,0.0,0.0
2024-04-03 00:00:00-04:00,23.705510284127566,23.744277338497977,23.104635729505343,23.269392013549805,1988700,0.0,0.0
2024-04-04 00:00:00-04:00,23.211241264898838,23.34692224638327,22.52314089769623,22.61036491394043,2907900,0.0,0.0
2024-04-05 00:00:00-04:00,22.406844563226702,22.79935080745669,22.30023701614457,22.658823013305664,3119000,0.0,0.0
2024-04-08 00:00:00-04:00,22.79450523802449,22.88657421352287,22.474684453880656,22.60067367553711,1834400,0.0,0.0
2024-04-09 00:00:00-04:00,22.755738687250172,22.939878490816852,22.484376712009613,22.765430450439453,2047300,0.0,0.0
2024-04-10 00:00:00-04:00,22.25178137749386,22.842966079711914,22.16940415099598,22.842966079711914,1860300,0.0,0.0
2024-04-11 00:00:00-04:00,21.214783461936236,22.939878490816852,21.166326494504656,22.765430450439453,3604800,0.0,0.0
2024-04-12 00:00:00-04:00,22.93987880324495,22.954415523969445,22.31477393288397,22.377769470214844,2476200,0.0,0.0
2024-04-15 00:00:00-04:00,22.406847047376623,22.561911579315698,22.111254705706816,22.232398986816406,5190900,0.0,0.0
2024-04-16 00:00:00-04:00,22.339004440918014,23.48745354359216,22.028875380597825,23.346925735473633,4066900,0.0,0.0
2024-04-17 00:00:00-04:00,23.531063023699048,24.073788820802335,23.2839276845213,23.288774490356445,3907500,0.0,0.0
2024-04-18 00:00:00-04:00,23.356617499673014,23.749123782915436,23.22578145575387,23.346925735473633,2447100,0.0,0.0
2024-04-19 00:00:00-04:00,23.21124146256668,23.521370479180582,23.201549699733153,23.337230682373047,1414900,0.0,0.0
2024-04-22 00:00:00-04:00,23.317848569098174,23.43414788163016,23.017411297119928,23.172475814819336,1551100,0.0,0.0
2024-04-23 00:00:00-04:00,22.968952635895448,23.08525009134234,22.508604074174254,22.71697235107422,1973600,0.0,0.0
2024-04-24 00:00:00-04:00,22.69759152830293,22.775123790671,22.426227685757215,22.736356735229492,1788000,0.0,0.0
2024-04-25 00:00:00-04:00,22.726664245748385,23.201549530029297,22.455300433938692,23.201549530029297,2029500,0.0,0.0
2024-04-26 00:00:00-04:00,23.250006621245213,23.26939014687547,22.72666436883152,22.920494079589844,1787300,0.0,0.0
2024-04-29 00:00:00-04:00,23.027104243328065,23.027104243328065,22.66851637240752,22.80419921875,1551700,0.0,0.0
2024-04-30 00:00:00-04:00,22.58129111804992,22.58129111804992,21.20509214120858,21.263242721557617,5006800,0.0,0.0
2024-05-01 00:00:00-04:00,21.311701543231816,21.457074309716084,20.68175165612332,20.778667449951172,4646900,0.0,0.0
2024-05-02 00:00:00-04:00,21.24870447066626,22.154864951946696,20.739898900333305,20.875581741333008,4077700,0.0,0.0
2024-05-03 00:00:00-04:00,20.98218696134962,21.515222852540692,20.681749692669282,21.369848251342773,3446700,0.0,0.0
2024-05-06 00:00:00-04:00,21.51522347514063,21.670287995625095,21.100424126755538,21.185710906982422,2287200,0.0,0.0
2024-05-07 00:00:00-04:00,21.22447428752224,21.679977894722168,21.137250271186716,21.253549575805664,3447400,0.0,0.0
2024-05-08 00:00:00-04:00,21.1178710114641,21.311700743329677,21.030646985144358,21.243860244750977,2032000,0.0,0.0
2024-05-09 00:00:00-04:00,21.35046895562174,21.626677771094805,21.07910509808897,21.53460693359375,1793500,0.0,0.0
2024-05-10 00:00:00-04:00,21.6702888112667,21.70905401858944,21.093640871028107,21.205093383789062,2991100,0.0,0.0
2024-05-13 00:00:00-04:00,21.34077999098392,21.723596416516752,21.32139645964966,21.62183380126953,1563100,0.0,0.0
2024-05-14 00:00:00-04:00,21.709053972941465,21.999801345568002,21.704209015229424,21.79627799987793,1583000,0.0,0.0
2024-05-15 00:00:00-04:00,21.976173509884845,22.282479097287954,21.791417552675014,22.112308502197266,1987200,0.075,0.0
2024-05-16 00:00:00-04:00,22.13175506704787,22.260111436294984,21.859483250126715,21.937274932861328,2059500,0.0,0.0
2024-05-17 00:00:00-04:00,22.005342154074167,22.02284681260271,21.65041749002297,21.908103942871094,2764000,0.0,0.0
2024-05-20 00:00:00-04:00,21.898378731911528,22.656847130325044,21.888654540303676,22.4818172454834,3663000,0.0,0.0
2024-05-21 00:00:00-04:00,22.384578391206542,23.065255148163036,22.360268838225952,22.909671783447266,3296600,0.0,0.0
2024-05-22 00:00:00-04:00,22.783261631849168,23.16249586210477,22.47209489372149,22.968017578125,1787400,0.0,0.0
2024-05-23 00:00:00-04:00,22.899946812176854,23.05553017159912,22.467230477864927,22.647125244140625,2203200,0.0,0.0
2024-05-24 00:00:00-04:00,22.90967533437237,23.031224972815114,22.627681137629356,22.880504608154297,1751200,0.0,0.0
2024-05-28 00:00:00-04:00,23.026360936355474,23.279184375401616,22.861053374467616,23.03608512878418,1992600,0.0,0.0
2024-05-29 00:00:00-04:00,22.85132713405012,22.899946237136227,22.413747787475586,22.413747787475586,1541900,0.0,0.0
2024-05-30 00:00:00-04:00,22.608232067082707,23.1624981048785,22.583922511068902,23.065258026123047,2111100,0.0,0.0
2024-05-31 00:00:00-04:00,23.16249482923346,24.202959258963595,23.123599916051944,24.095996856689453,3510100,0.0,0.0
2024-06-03 00:00:00-04:00,24.261306359531982,25.063532787175347,24.24185797402908,24.718332290649414,4836900,0.0,0.0
2024-06-04 00:00:00-04:00,24.348819063212183,24.416886548892588,23.162493668096964,23.250009536743164,3320500,0.0,0.0
2024-06-05 00:00:00-04:00,23.152770812943565,23.405594241991707,22.84160408633046,22.94856834411621,2093800,0.0,0.0
2024-06-06 00:00:00-04:00,22.919397845808103,23.532009017228177,22.919397845808103,23.463939666748047,1507300,0.0,0.0
2024-06-07 00:00:00-04:00,23.269460394493752,23.386146995298777,22.812432619690526,22.997188568115234,1573000,0.0,0.0
2024-06-10 00:00:00-04:00,22.929117527060633,23.036081773496598,22.13175241104653,22.958290100097656,1921100,0.0,0.0
2024-06-11 00:00:00-04:00,22.647125345335,22.666571874324717,22.228994369506836,22.228994369506836,1521500,0.0,0.0
2024-06-12 00:00:00-04:00,22.676296192797725,22.77353625708913,22.10258185364839,22.365129470825195,1723100,0.0,0.0
2024-06-13 00:00:00-04:00,22.267888739510433,22.520712157214906,21.978114135576078,22.4818172454834,1581200,0.0,0.0
2024-06-14 00:00:00-04:00,22.37485528966835,22.520714469361344,22.083135075582263,22.092859268188477,1702000,0.0,0.0
2024-06-17 00:00:00-04:00,21.97617117202643,22.198850159877196,21.694175169721106,21.946998596191406,1226500,0.0,0.0
2024-06-18 00:00:00-04:00,21.98589775085913,22.08313597146589,21.70390171793905,21.86920928955078,1196000,0.0,0.0
2024-06-20 00:00:00-04:00,21.878931168638605,22.26788957402996,21.665004509348353,22.015066146850586,1632900,0.0,0.0
2024-06-21 00:00:00-04:00,22.09285706983332,22.160926411303553,21.20797603241935,21.266321182250977,6439300,0.0,0.0
2024-06-24 00:00:00-04:00,21.480249521988288,21.801140452476247,21.31494196054297,21.616384506225586,1617500,0.0,0.0
2024-06-25 00:00:00-04:00,21.645554656969743,21.68444956752026,21.110735262976284,21.139907836914062,1639300,0.0,0.0
2024-06-26 00:00:00-04:00,21.09129113226221,21.41218206325043,21.05239436259088,21.3732852935791,3401500,0.0,0.0
2024-06-27 00:00:00-04:00,21.538592769955187,21.626108646668914,20.91625929527984,20.994050979614258,1558400,0.0,0.0
2024-06-28 00:00:00-04:00,21.465662459902624,21.99561884830681,21.407317310109566,21.50942039489746,5453200,0.0,0.0
2024-07-01 00:00:00-04:00,22.530437791833968,23.33752719997856,22.46237030091937,23.113876342773438,4664400,0.0,0.0
2024-07-02 00:00:00-04:00,23.084705934451712,23.308356812664595,22.613092767815694,22.83188247680664,2436200,0.0,0.0
2024-07-03 00:00:00-04:00,22.948568106200323,23.313216957925857,22.637401382813195,22.74436378479004,1366500,0.0,0.0
2024-07-05 00:00:00-04:00,22.60822847693509,22.836742347517767,22.43319673391005,22.647125244140625,1616900,0.0,0.0
2024-07-08 00:00:00-04:00,22.754088038331183,23.17221901952705,22.67629635727381,22.81243133544922,1953300,0.0,0.0
2024-07-09 00:00:00-04:00,22.6276762923342,22.744362881620813,22.37485287594668,22.413747787475586,1523400,0.0,0.0
2024-07-10 00:00:00-04:00,22.26789040543284,22.384578858756964,21.601798995411936,21.72334861755371,3427300,0.0,0.0
2024-07-11 00:00:00-04:00,22.12203025817871,22.219270322561247,21.713623471532028,22.12203025817871,2543000,0.0,0.0
2024-07-12 00:00:00-04:00,22.42347138454239,22.520711442836472,21.840032889477744,22.355403900146484,1695900,0.0,0.0
2024-07-15 00:00:00-04:00,22.62767998488189,23.245152339278476,22.394304913524945,22.83188247680664,3032900,0.0,0.0
2024-07-16 00:00:00-04:00,22.812430331791976,23.27431922918007,22.06368613006906,23.14304542541504,2717900,0.0,0.0
2024-07-17 00:00:00-04:00,23.18194702449119,23.376427186472938,22.841607668373268,23.05553436279297,1854800,0.0,0.0
2024-07-18 00:00:00-04:00,23.152770925740548,23.152770925740548,22.258165655019493,22.530437469482422,2265200,0.0,0.0
2024-07-19 00:00:00-04:00,22.365129792047657,22.452645665696885,22.02965351285894,22.394302368164062,1591000,0.0,0.0
2024-07-22 00:00:00-04:00,22.355405649445206,22.38943939430628,21.859482982569563,21.908103942871094,1412300,0.0,0.0
2024-07-23 00:00:00-04:00,21.85948221324623,21.85948221324623,21.455938457795828,21.713623046875,1546900,0.0,0.0
2024-07-24 00:00:00-04:00,21.71362660014842,21.869209983697786,21.392735639740323,21.441354751586914,1211200,0.0,0.0
2024-07-25 00:00:00-04:00,21.237151040763855,21.499698680990086,20.478680698343673,21.25659942626953,2550000,0.0,0.0
2024-07-26 00:00:00-04:00,21.402457837466965,21.626108698628258,21.20797769881363,21.616384506225586,1434600,0.0,0.0
2024-07-29 00:00:00-04:00,21.528865883748058,21.674726896486586,21.207974994182972,21.35383415222168,1072600,0.0,0.0
2024-07-30 00:00:00-04:00,21.285767934094462,21.451075484284825,20.85791462570759,20.984325408935547,1697700,0.0,0.0
2024-07-31 00:00:00-04:00,21.363554567615413,21.742790537130134,21.062112113652017,21.5969295501709,2580000,0.0,0.0
2024-08-01 00:00:00-04:00,23.15277236734849,23.64869506669532,21.499698557559164,21.985897064208984,5802900,0.0,0.0
2024-08-02 00:00:00-04:00,21.4413539561238,21.815727038494234,21.19825469650924,21.421907424926758,3074200,0.0,0.0
2024-08-05 00:00:00-04:00,20.371718056715878,20.857916560649908,19.700763601970888,20.741228103637695,3313600,0.0,0.0
2024-08-06 00:00:00-04:00,20.731504495249773,21.21770301288584,20.68288538536623,20.799571990966797,2290700,0.0,0.0
2024-08-07 00:00:00-04:00,21.19825553894043,21.63583496551636,20.98919001898751,21.19825553894043,2986600,0.0,0.0
2024-08-08 00:00:00-04:00,21.460800552220316,21.810864050374523,21.314941379556064,21.558040618896484,2293500,0.0,0.0
2024-08-09 00:00:00-04:00,21.56776452739071,21.946998742270356,21.431629548654424,21.84003448486328,1807700,0.0,0.0
2024-08-12 00:00:00-04:00,22.015066877682067,22.12203113822806,21.74279691221959,21.898380279541016,2469300,0.0,0.0
2024-08-13 00:00:00-04:00,21.859481597063553,22.156062944654874,21.68444986047196,22.141477584838867,1635100,0.0,0.0
2024-08-14 00:00:00-04:00,22.26789213819945,22.287340524383513,20.692609951294177,21.207979202270508,6542500,0.0,0.0
2024-08-15 00:00:00-04:00,21.573885594055092,21.676339146705565,21.183583155405735,21.447036743164062,2383900,0.075,0.0
2024-08-16 00:00:00-04:00,21.329947263739538,22.052003789467875,21.27140078193188,21.895883560180664,2241900,0.0,0.0
2024-08-19 00:00:00-04:00,21.944668122242874,22.8667537109306,21.837334778002063,22.4910888671875,2164500,0.0,0.0
2024-08-20 00:00:00-04:00,22.4032724348949,22.442303421129143,21.93491176668313,22.012971878051758,1151000,0.0,0.0
2024-08-21 00:00:00-04:00,22.925304387556434,23.974237143478756,22.203245944475846,22.656970977783203,4928900,0.0,0.0
2024-08-22 00:00:00-04:00,22.530120475505285,22.788694236235447,22.34472701970452,22.74478530883789,2800800,0.0,0.0
2024-08-23 00:00:00-04:00,22.793576268310748,22.959454247907527,22.374002445736537,22.91066551208496,2111600,0.0,0.0
2024-08-26 00:00:00-04:00,23.066782849952276,23.076540595892325,22.47157523640714,22.4910888671875,2297400,0.0,0.0
2024-08-27 00:00:00-04:00,22.588664100488646,22.91066226690832,22.237394557821542,22.627695083618164,2470400,0.0,0.0
2024-08-28 00:00:00-04:00,22.491087699083156,22.920419192648765,22.25690739198364,22.900903701782227,2993400,0.0,0.0
2024-08-29 00:00:00-04:00,23.19363287768532,23.222904255909597,22.783816832646924,22.842361450195312,2180100,0.0,0.0
2024-08-30 00:00:00-04:00,22.725272215098535,23.086299527930077,22.554514444024296,22.842361450195312,2255400,0.0,0.0
2024-09-03 00:00:00-04:00,22.442304425436845,22.63745564314149,21.49582530009918,21.593399047851562,2908300,0.0,0.0
2024-09-04 00:00:00-04:00,21.544611686615358,21.827580759776065,21.38849146042321,21.495824813842773,1821300,0.0,0.0
2024-09-05 00:00:00-04:00,21.36897838753492,21.544614127171936,21.027464656140733,21.056737899780273,2571400,0.0,0.0
2024-09-06 00:00:00-04:00,20.968918303576,21.158214502439893,20.129770665997913,20.45176887512207,3540300,0.0,0.0
2024-09-09 00:00:00-04:00,20.40298097635398,20.578616692711666,20.232225063839486,20.25661849975586,2385400,0.0,0.0
2024-09-10 00:00:00-04:00,20.305406215896188,20.49079968654914,19.971699829820814,20.06146812438965,2110700,0.0,0.0
2024-09-11 00:00:00-04:00,19.856561334230356,20.354195272089395,19.719954735282798,20.227346420288086,2391100,0.0,0.0
2024-09-12 00:00:00-04:00,20.363954225030454,20.87134407897945,20.334680981858366,20.81279945373535,2718200,0.0,0.0
2024-09-13 00:00:00-04:00,21.09576556285326,21.827579788476616,21.00794770689047,21.534852981567383,2404200,0.0,0.0
2024-09-16 00:00:00-04:00,21.915394533835677,22.283253919381877,21.681214218319948,21.866607666015625,1974000,0.0,0.0
2024-09-17 00:00:00-04:00,22.178849222912493,22.554514079891057,22.052002243422233,22.139820098876953,2457900,0.0,0.0
2024-09-18 00:00:00-04:00,22.227636448486198,22.549634609639305,21.89588054171031,22.08127212524414,1713600,0.0,0.0
2024-09-19 00:00:00-04:00,22.608179824120572,22.637453061768195,21.954425738788224,22.256908416748047,2382300,0.0,0.0
2024-09-20 00:00:00-04:00,22.178850281247595,23.461965131753,22.149578902099115,23.330238342285156,16943700,0.0,0.0
2024-09-23 00:00:00-04:00,23.30096659808221,23.671753553968532,22.81797020012241,22.9301815032959,3115000,0.0,0.0
2024-09-24 00:00:00-04:00,23.808354016571435,24.31086768007936,23.55465821368678,23.983989715576172,4670300,0.0,0.0
2024-09-25 00:00:00-04:00,23.671753470575904,24.423083265977656,23.671753470575904,24.384052276611328,3741600,0.0,0.0
2024-09-26 00:00:00-04:00,24.803622913244194,25.18416570506961,24.598713967653744,25.174407958984375,4231000,0.0,0.0
2024-09-27 00:00:00-04:00,25.34029081248921,25.876955784188443,25.203686063122195,25.369564056396484,3238700,0.0,0.0
2024-09-30 00:00:00-04:00,25.623255891980545,25.95501182637274,25.50616479585984,25.896467208862305,2957400,0.0,0.0
2024-10-01 00:00:00-04:00,25.925736997557273,25.925736997557273,25.32077164447366,25.681798934936523,2270700,0.0,0.0
2024-10-02 00:00:00-04:00,25.925740934084327,26.18431472417188,25.115866517657267,25.301259994506836,2462500,0.0,0.0
2024-10-03 00:00:00-04:00,25.076836684997073,25.593984250643892,24.920716454488602,25.350046157836914,1666800,0.0,0.0
2024-10-04 00:00:00-04:00,25.506165411234182,25.84767910030095,25.398833920058824,25.76961898803711,1716200,0.0,0.0
2024-10-07 00:00:00-04:00,25.818401079841315,26.203823627011698,25.633009510728595,25.7305850982666,2196800,0.0,0.0
2024-10-08 00:00:00-04:00,25.36955870183399,25.47689204573982,24.779229032551406,25.15489387512207,1494100,0.0,0.0
2024-10-09 00:00:00-04:00,24.920714952523404,25.22319764826551,24.69629050623103,25.135379791259766,1440600,0.0,0.0
2024-10-10 00:00:00-04:00,25.096346793771968,26.130645502021675,24.959742076535086,26.120887756347656,2052200,0.0,0.0
2024-10-11 00:00:00-04:00,26.023314709288403,26.530706367430405,25.915981357462247,26.452646255493164,2184800,0.0,0.0
2024-10-14 00:00:00-04:00,26.345313669365144,26.433131530484353,25.940375547415453,26.101375579833984,1228700,0.0,0.0
2024-10-15 00:00:00-04:00,25.720832847841827,25.867195329864764,24.78410961291515,24.803625106811523,1895400,0.0,0.0
2024-10-16 00:00:00-04:00,24.979261432093807,25.389077508301362,24.823141199357593,25.057321548461914,1385600,0.0,0.0
2024-10-17 00:00:00-04:00,24.949988475252972,24.949988475252972,24.569445636253494,24.686534881591797,2252400,0.0,0.0
2024-10-18 00:00:00-04:00,24.901197777692825,24.92071326928703,24.198654969099167,24.305988311767578,1565500,0.0,0.0
2024-10-21 00:00:00-04:00,24.169385661060815,24.315748138342638,23.78884098680823,24.15962791442871,1733700,0.0,0.0
2024-10-22 00:00:00-04:00,24.2181708713987,24.44747324876996,24.081566150122075,24.169384002685547,1572500,0.0,0.0
2024-10-23 00:00:00-04:00,23.90592947198415,24.286472243537315,23.652233670582156,23.74980926513672,3284900,0.0,0.0
2024-10-24 00:00:00-04:00,23.788838931759177,23.94496100328604,23.466840765115705,23.84738540649414,1491600,0.0,0.0
2024-10-25 00:00:00-04:00,24.110838018023152,24.27671598056628,23.73029522323,23.8083553314209,1615000,0.0,0.0
2024-10-28 00:00:00-04:00,23.66199411392212,24.540170842837398,23.622963127210387,24.393808364868164,1691000,0.0,0.0
2024-10-29 00:00:00-04:00,24.393808576565547,24.53041330904235,24.013265758323094,24.32550621032715,1986300,0.0,0.0
2024-10-30 00:00:00-04:00,24.227930491732618,24.725564407724697,24.0425370263003,24.091325759887695,2800400,0.0,0.0
2024-10-31 00:00:00-04:00,25.61349918529278,26.628282522533294,25.042684953919927,25.633014678955078,5628000,0.0,0.0
2024-11-01 00:00:00-04:00,25.808651669093535,26.345314743502662,25.527634874274572,25.837923049926758,2443700,0.0,0.0
2024-11-04 00:00:00-05:00,25.92086315593086,26.30628394141034,25.418349401885436,25.691560745239258,2581800,0.0,0.0
2024-11-05 00:00:00-05:00,25.701316793014755,26.74537149938515,25.652529920438525,26.540464401245117,2905800,0.0,0.0
2024-11-06 00:00:00-05:00,28.287058543232998,29.21402395922299,27.75039553045971,29.077417373657227,5210900,0.0,0.0
2024-11-07 00:00:00-05:00,28.979846639068892,29.057906755586856,28.07239662136007,28.355363845825195,4301700,0.0,0.0
2024-11-08 00:00:00-05:00,28.19924252337176,28.462696104354414,27.695755442667032,28.004093170166016,2757500,0.0,0.0
2024-11-11 00:00:00-05:00,27.926033039090502,27.926033039090502,27.086885423644137,27.545488357543945,1839100,0.0,0.0
2024-11-12 00:00:00-05:00,27.27227841341503,27.38936765099434,26.111132617670915,26.150161743164062,5956000,0.0,0.0
2024-11-13 00:00:00-05:00,26.413615287069106,27.0673694229038,26.033072473751854,26.989309310913086,2323300,0.0,0.0
2024-11-14 00:00:00-05:00,27.20945051643377,27.571461293833796,26.33867040793531,26.465862274169922,2106100,0.075,0.0
2024-11-15 00:00:00-05:00,26.798520676221546,26.876793025885892,26.094069529242407,26.16255760192871,1297700,0.0,0.0
2024-11-18 00:00:00-05:00,26.397374841457452,26.52358884291322,25.663570858247596,25.898387908935547,1931300,0.0,0.0
2024-11-19 00:00:00-05:00,25.68313704763688,26.22125917264723,25.595080428466478,25.97665786743164,1084200,0.0,0.0
2024-11-20 00:00:00-05:00,26.0745032108057,26.465864992681173,25.888605664604786,26.035367965698242,2183200,0.0,0.0
2024-11-21 00:00:00-05:00,26.29953114507741,27.669299927910888,26.16744808434288,27.53232192993164,3282700,0.0,0.0
2024-11-22 00:00:00-05:00,27.297506893968137,27.522539660120426,26.456079623537846,26.81808853149414,2219200,0.0,0.0
2024-11-25 00:00:00-05:00,26.75938266453819,27.26815381777228,24.62645902426898,25.42875099182129,6829300,0.0,0.0
2024-11-26 00:00:00-05:00,24.783003407629426,25.311343106403463,23.47194030270105,23.5893497467041,6621200,0.0,0.0
2024-11-27 00:00:00-05:00,23.579565582689515,24.460129885329412,23.579565582689515,23.72632598876953,2663600,0.0,0.0
2024-11-29 00:00:00-05:00,23.83395553208188,23.931794576653388,23.10015150083463,23.33496856689453,1822200,0.0,0.0
2024-12-02 00:00:00-05:00,23.276263900378847,23.560000478161413,22.76259960470061,23.09036636352539,3498700,0.0,0.0
2024-12-03 00:00:00-05:00,23.119714834056587,23.413237523644607,22.82717187840738,23.031660079956055,2069000,0.0,0.0
2024-12-04 00:00:00-05:00,22.99252477177309,23.06101284484809,22.483753562987367,22.581594467163086,3246700,0.0,0.0
2024-12-05 00:00:00-05:00,22.444615585070643,22.58159171452359,22.114893140487624,22.562023162841797,2275900,0.0,0.0
2024-12-06 00:00:00-05:00,22.571807644695095,22.826193220400764,21.701027614665552,21.89670753479004,2019200,0.0,0.0
2024-12-09 00:00:00-05:00,22.5228907320708,22.796843025112125,21.92606289452785,21.955415725708008,2072700,0.0,0.0
2024-12-10 00:00:00-05:00,21.994551878144655,22.141312307799797,21.671678186439298,21.88692855834961,1835500,0.0,0.0
2024-12-11 00:00:00-05:00,21.857573940002418,21.916277733835848,21.568944309928117,21.710813522338867,1583400,0.0,0.0
2024-12-12 00:00:00-05:00,21.612972980913884,21.99455044641051,21.36837165869092,21.80865478515625,1387600,0.0,0.0
2024-12-13 00:00:00-05:00,21.691244663845115,21.787127961194777,21.329233896951997,21.52491569519043,1185400,0.0,0.0
2024-12-16 00:00:00-05:00,22.004334184133345,22.014118460721747,20.96233205446773,21.03571319580078,1969100,0.0,0.0
2024-12-17 00:00:00-05:00,20.908520751524154,21.045496887636,20.497590477028726,20.977008819580078,2329200,0.0,0.0
2024-12-18 00:00:00-05:00,21.035713739607836,21.45642831298559,20.595430612547393,20.869384765625,2453000,0.0,0.0
2024-12-19 00:00:00-05:00,21.045495729234347,21.378153641046904,20.79502349456517,21.084630966186523,2523700,0.0,0.0
2024-12-20 00:00:00-05:00,20.93787224046721,21.378155354976265,20.067092154171466,20.184499740600586,6654300,0.0,0.0
2024-12-23 00:00:00-05:00,20.10622698195138,20.282340224143525,19.705080981918126,19.86162567138672,1949000,0.0,0.0
2024-12-24 00:00:00-05:00,19.812705254027456,19.817596458905786,19.382206444501616,19.617023468017578,1194800,0.0,0.0
2024-12-26 00:00:00-05:00,19.52896828770831,19.73443436475115,19.25501600653113,19.3822078704834,1706800,0.0,0.0
2024-12-27 00:00:00-05:00,19.343071259250742,19.597456835286877,19.15913135030765,19.528966903686523,1634600,0.0,0.0
2024-12-30 00:00:00-05:00,19.568105790840594,20.39975066018332,19.470264888654395,20.331262588500977,2541000,0.0,0.0
2024-12-31 00:00:00-05:00,20.45845349106962,20.693270525556397,20.272555972290956,20.48780632019043,1871300,0.0,0.0
2025-01-02 00:00:00-05:00,20.673702457993056,20.879168534340938,20.233421207807503,20.409534454345703,1956000,0.0,0.0
2025-01-03 00:00:00-05:00,20.448670120828822,20.482914156573926,19.617025253819232,19.79313850402832,2006000,0.0,0.0
2025-01-06 00:00:00-05:00,19.763785673440836,19.969249868509134,19.020197501754012,19.078901290893555,3577900,0.0,0.0
2025-01-07 00:00:00-05:00,19.0886863613814,19.186527258126663,18.687540364269715,18.873437881469727,3125300,0.0,0.0
2025-01-08 00:00:00-05:00,18.638618728458333,18.8538690715924,18.315745079917097,18.599483489990234,3973300,0.0,0.0
2025-01-10 00:00:00-05:00,18.550562635116954,18.7266758786159,17.444965524271236,17.493885040283203,6470800,0.0,0.0
2025-01-13 00:00:00-05:00,17.444964733655944,18.423369938832742,17.350059309319565,18.413585662841797,3579800,0.0,0.0
2025-01-14 00:00:00-05:00,18.579915218648434,18.68558279011807,17.94395218810569,18.15920066833496,3333300,0.0,0.0
2025-01-15 00:00:00-05:00,18.41358704822504,18.41358704822504,18.012441033214312,18.266826629638672,2402500,0.0,0.0
2025-01-16 00:00:00-05:00,18.100495415900966,18.535885412454647,17.758053237503326,18.482072830200195,2588600,0.0,0.0
2025-01-17 00:00:00-05:00,18.501643220377673,19.078902470046227,18.43315515112207,18.883220672607422,3351600,0.0,0.0
2025-01-21 00:00:00-05:00,19.059332266492106,19.35285493723063,18.75015624765644,19.15717315673828,2094000,0.0,0.0
2025-01-22 00:00:00-05:00,19.13760534934587,19.30393430938173,18.58969895529355,18.63861846923828,1987700,0.0,0.0
2025-01-23 00:00:00-05:00,18.638618096721288,20.057306366682244,18.626878085426732,18.941925048828125,5454600,0.0,0.0
2025-01-24 00:00:00-05:00,18.98105986221668,19.078900752126202,18.54077865686347,18.932140350341797,2461300,0.0,0.0
2025-01-27 00:00:00-05:00,18.716892120468998,18.814733021362148,17.973305752464974,18.041793823242188,3177500,0.0,0.0
2025-01-28 00:00:00-05:00,18.1102836610174,18.12006793867735,17.630865252640664,17.679784774780273,2098800,0.0,0.0
2025-01-29 00:00:00-05:00,17.72870497036091,18.129850996630616,17.72870497036091,17.875465393066406,3076100,0.0,0.0
2025-01-30 00:00:00-05:00,17.953737258911133,18.090713400922237,17.679783108728955,17.953737258911133,1849300,0.0,0.0
2025-01-31 00:00:00-05:00,18.051577424980707,18.105388145607936,17.650431425862017,17.758054733276367,2368200,0.0,0.0
2025-02-03 00:00:00-05:00,17.552592066539884,17.728705323761098,17.112308923486854,17.122093200683594,3159500,0.0,0.0
2025-02-04 00:00:00-05:00,16.73073052643577,17.885249046119636,16.73073052643577,17.81675910949707,2438600,0.0,0.0
2025-02-05 00:00:00-05:00,17.8558961738246,17.8558961738246,17.474318715774327,17.591726303100586,4402800,0.0,0.0
2025-02-06 00:00:00-05:00,16.843246630117992,17.180795771596074,15.987142031179738,15.996926307678223,8139500,0.0,0.0
2025-02-07 00:00:00-05:00,16.09476684362403,16.583969460558983,15.449018605482733,15.5859956741333,4824500,0.0,0.0
2025-02-10 00:00:00-05:00,15.693621238348033,16.564401321033852,15.64469985573876,16.378503799438477,4471200,0.0,0.0
2025-02-11 00:00:00-05:00,16.21217490058837,17.474318584935027,16.133902554236943,16.916627883911133,4827800,0.0,0.0
2025-02-12 00:00:00-05:00,16.760081459564987,17.053604160358603,16.329584484256944,16.427425384521484,3353100,0.0,0.0
2025-02-13 00:00:00-05:00,16.38828784790289,16.73562126187559,16.26109598720863,16.730730056762695,2097600,0.0,0.0
2025-02-14 00:00:00-05:00,16.936195321596443,16.960655081010483,15.845273629522058,15.859949111938477,3368800,0.0,0.0
2025-02-18 00:00:00-05:00,15.918655072777556,15.976381001835236,15.321827227838147,15.50772476196289,3604200,0.0,0.0
2025-02-19 00:00:00-05:00,15.384839701190742,15.443823526130528,14.618055602070084,14.726191520690918,4754600,0.075,0.0
2025-02-20 00:00:00-05:00,14.672124405674866,15.276704173580583,14.672124405674866,15.237381935119629,4219700,0.0,0.0
2025-02-21 00:00:00-05:00,15.237383081257805,15.237383081257805,14.362462037795884,14.39195442199707,3269700,0.0,0.0
2025-02-24 00:00:00-05:00,14.352631995949645,14.824498886904395,14.328055009431475,14.686870574951172,3182100,0.0,0.0
2025-02-25 00:00:00-05:00,14.421445696034601,14.539412418878536,14.057714732886758,14.136359214782715,3886700,0.0,0.0
2025-02-26 00:00:00-05:00,14.401783575193425,14.519751231199027,13.856187619369184,13.920085906982422,4148400,0.0,0.0
2025-02-27 00:00:00-05:00,13.870932124860511,13.959407393333176,13.448218307458802,13.507201194763184,3430000,0.0,0.0
2025-02-28 00:00:00-05:00,13.408896363699133,13.673338720528921,13.172961996767064,13.556354522705078,3879400,0.0,0.0
2025-03-03 00:00:00-05:00,13.979069674413624,14.06754494727639,12.327533747685022,12.878046035766602,10420900,0.0,0.0
2025-03-04 00:00:00-05:00,12.681433697754233,12.897706479329084,12.317702755456056,12.651942253112793,4772500,0.0,0.0
2025-03-05 00:00:00-05:00,12.533976577399404,12.966521238935863,12.0719395312574,12.504485130310059,5045300,0.0,0.0
2025-03-06 00:00:00-05:00,12.347195449366321,12.647027175409645,11.944141320681398,12.642111778259277,3214500,0.0,0.0
2025-03-07 00:00:00-05:00,12.661773249879644,12.71584168051802,12.209567028901223,12.268549919128418,2879400,0.0,0.0
2025-03-10 00:00:00-04:00,12.239057338281114,12.828891810915694,12.012954717531356,12.681432723999023,4955900,0.0,0.0
2025-03-11 00:00:00-04:00,12.848552692967985,13.639913754973385,12.799400600620574,13.57601547241211,7176700,0.0,0.0
2025-03-12 00:00:00-04:00,13.693984912037902,13.772629400494075,12.357026733250438,12.366857528686523,5504700,0.0,0.0
2025-03-13 00:00:00-04:00,12.347195380038926,12.82889304787666,12.091600354751751,12.789570808410645,4553900,0.0,0.0
2025-03-14 00:00:00-04:00,12.927198941636554,13.168048727303091,12.701096285725857,13.113980293273926,2925200,0.0,0.0
2025-03-17 00:00:00-04:00,13.271267972474174,13.507201400314296,12.828892560894923,13.123809814453125,3191000,0.0,0.0
2025-03-18 00:00:00-04:00,13.703813430539352,14.028223085608406,13.271268786307552,13.93974781036377,6330900,0.0,0.0
2025-03-19 00:00:00-04:00,13.851271671707114,13.905340100434323,13.477709942580077,13.762796401977539,4622900,0.0,0.0
2025-03-20 00:00:00-04:00,13.359744558397903,13.703813940180925,13.123811107315339,13.605508804321289,2767300,0.0,0.0
2025-03-21 00:00:00-04:00,13.349912434916925,13.91025455984943,13.172961895457775,13.762796401977539,11600000,0.0,0.0
2025-03-24 00:00:00-04:00,13.880763182112663,14.387037818253484,13.60550751526221,14.254324913024902,4638100,0.0,0.0
2025-03-25 00:00:00-04:00,14.254325277390091,14.696700701943797,14.136358560010176,14.15601921081543,4759300,0.0,0.0
2025-03-26 00:00:00-04:00,13.998731096300663,14.077375579284224,13.497371814143314,13.81195068359375,3934900,0.0,0.0
2025-03-27 00:00:00-04:00,13.664490792532973,14.116697012556507,13.428557357090122,14.097036361694336,2968200,0.0,0.0
2025-03-28 00:00:00-04:00,13.959408070106722,14.165850060712867,13.227030777543911,13.487541198730469,3634600,0.0,0.0
2025-03-31 00:00:00-04:00,13.015673166532922,13.359743457478787,12.828892767530046,13.32042121887207,3435100,0.0,0.0
2025-04-01 00:00:00-04:00,13.467879059986409,13.634998804482093,13.104148127118181,13.300759315490723,3650900,0.0,0.0
2025-04-02 00:00:00-04:00,13.202454313563978,13.202454313563978,12.740417313429337,13.064826011657715,3709000,0.0,0.0
2025-04-03 00:00:00-04:00,12.278380681781604,12.573297944708022,11.688547093444905,11.747529983520508,6590500,0.0,0.0
2025-04-04 00:00:00-04:00,11.15769656753244,11.334646178008656,10.095995154610556,10.292606353759766,8656400,0.0,0.0
2025-04-07 00:00:00-04:00,9.84040052307566,10.420404287050511,9.44717717143221,10.1353178024292,6940400,0.0,0.0
2025-04-08 00:00:00-04:00,11.939226094851621,11.96380214151016,10.813625532588135,11.069220542907715,12440000,0.0,0.0
2025-04-09 00:00:00-04:00,12.37668723950842,13.42855788356768,10.872610357696512,12.052278518676758,24450000,0.0,0.0
2025-04-10 00:00:00-04:00,11.570580772317422,11.676750728105006,10.867694901800697,11.039729118347168,8445200,0.0,0.0
2025-04-11 00:00:00-04:00,11.20684896961773,12.59296007080852,11.133119885116857,12.514314651489258,8069200,0.0,0.0
2025-04-14 00:00:00-04:00,12.789571025572657,12.824960385431671,11.383799300139865,11.82617473602295,7491900,0.0,0.0
2025-04-15 00:00:00-04:00,11.865497415069774,12.248889973692357,11.673801604516576,12.160414695739746,5203300,0.0,0.0
2025-04-16 00:00:00-04:00,12.081769970400112,12.69126517155956,11.762276646709877,12.022786140441895,5146700,0.0,0.0
2025-04-17 00:00:00-04:00,12.062109603231148,12.696180868276034,12.044413985068264,12.622451782226562,3849800,0.0,0.0
2025-04-21 00:00:00-04:00,12.494653279284346,12.533975517918346,12.022785478160213,12.101430892944336,3209300,0.0,0.0
2025-04-22 00:00:00-04:00,12.199737228670761,12.258721061219829,11.816345598408565,12.20956802368164,4025900,0.0,0.0
2025-04-23 00:00:00-04:00,12.632282014863627,12.887876105959357,11.698377174744534,11.914649963378906,6968800,0.0,0.0
2025-04-24 00:00:00-04:00,12.052277963832221,12.602789309438513,11.904818864550583,12.474991798400879,4000100,0.0,0.0
2025-04-25 00:00:00-04:00,12.33736607989452,12.445502017142697,11.973635086405652,12.366857528686523,3669500,0.0,0.0
2025-04-28 00:00:00-04:00,12.347195285554129,12.612620165539585,12.298042252218709,12.386517524719238,2881200,0.0,0.0
2025-04-29 00:00:00-04:00,12.278380555920618,12.789570598088545,12.12109160064314,12.5929594039917,4106100,0.0,0.0
2025-04-30 00:00:00-04:00,12.248889033212047,12.361940351908565,12.003124807776425,12.130922317504883,3538600,0.0,0.0
2025-05-01 00:00:00-04:00,12.199735641479492,12.494652890823534,11.97854840760853,12.199735641479492,4218900,0.0,0.0
2025-05-02 00:00:00-04:00,12.386517415810978,12.769909009920799,12.278380555920618,12.5929594039917,3923500,0.0,0.0
2025-05-05 00:00:00-04:00,13.054995095646023,13.448218409907202,12.347194817504873,13.300759315490723,10503000,0.0,0.0
2025-05-06 00:00:00-04:00,13.467879353003353,14.79500654404512,13.389234875943291,14.568902969360352,10866400,0.0,0.0
2025-05-07 00:00:00-04:00,14.608226791913157,14.637719177145735,13.713645065215127,14.087206840515137,6597300,0.0,0.0
2025-05-08 00:00:00-04:00,14.057714213978198,14.146189487224328,13.399065999274931,13.920085906982422,6419700,0.0,0.0
2025-05-09 00:00:00-04:00,13.998730951690746,14.146190058898782,13.54652471044856,14.047883987426758,5557800,0.0,0.0
2025-05-12 00:00:00-04:00,14.500090357543018,14.903143566631455,13.90042594127927,14.362462043762207,6473600,0.0,0.0
2025-05-13 00:00:00-04:00,14.549242706074756,15.330773037985802,14.450936638375248,15.021109580993652,5100200,0.0,0.0
2025-05-14 00:00:00-04:00,14.804837096433436,14.982770152564154,14.30347786022091,14.431275367736816,3689800,0.0,0.0
2025-05-15 00:00:00-04:00,14.218834106879555,14.258358277018552,13.912521081554422,14.139785766601562,3414300,0.075,0.0
2025-05-16 00:00:00-04:00,14.090379428720325,14.791934111141337,13.981687260952675,14.535026550292969,4587900,0.0,0.0
2025-05-19 00:00:00-04:00,14.30776235646985,14.505384143604825,13.635851484134701,13.902639389038086,4771700,0.0,0.0
2025-05-20 00:00:00-04:00,13.863114794814043,13.922401517601967,13.611147872043723,13.882877349853516,2409800,0.0,0.0
2025-05-21 00:00:00-04:00,13.635851242426384,14.292941128710236,13.442182535251822,13.803829193115234,4602500,0.0,0.0
2025-05-22 00:00:00-04:00,13.635851003656903,13.861138664562613,13.250489663119058,13.37894344329834,3546400,0.0,0.0
2025-05-23 00:00:00-04:00,13.042988351261728,13.912521033656583,12.954058733172515,13.744543075561523,3644800,0.0,0.0
2025-05-27 00:00:00-04:00,13.922401827707509,14.554788525768442,13.833472212710063,14.268238067626953,3765900,0.0,0.0
2025-05-28 00:00:00-04:00,14.268238824885668,14.311716072316184,13.793948776167957,13.843354225158691,2647300,0.0,0.0
2025-05-29 00:00:00-04:00,13.922402952687516,13.932284231225788,13.477755784101712,13.576565742492676,2835300,0.0,0.0
2025-05-30 00:00:00-04:00,13.378943818716472,13.39870637422036,12.983702131943812,13.003463745117188,3003600,0.0,0.0
2025-06-02 00:00:00-04:00,13.270253318782093,13.586446685554675,12.835486497139227,12.904654502868652,4074900,0.0,0.0
2025-06-03 00:00:00-04:00,12.954058131092125,13.1714415271699,12.469886835477055,12.973820686340332,3293800,0.0,0.0
2025-06-04 00:00:00-04:00,12.973821257719468,13.61608925428427,12.884891639846995,13.240609169006348,3714300,0.0,0.0
2025-06-05 00:00:00-04:00,13.369062010934172,13.456015555508998,12.978760978511373,13.023225784301758,4442100,0.0,0.0
2025-06-06 00:00:00-04:00,13.191204070965238,13.359182021107154,12.939237145752362,13.082511901855469,2879800,0.0,0.0
2025-06-09 00:00:00-04:00,13.299895286560059,13.487634849444646,12.959987252448057,13.299895286560059,3217700,0.0,0.0
2025-06-10 00:00:00-04:00,13.62597034505846,13.675375792345276,13.082512309564551,13.319657325744629,4234800,0.0,0.0
2025-06-11 00:00:00-04:00,13.38882437229251,13.71489898182583,13.240608041021614,13.645731925964355,4142900,0.0,0.0
2025-06-12 00:00:00-04:00,13.26037034679337,13.438229564050978,13.003462797939145,13.112154960632324,3892100,0.0,0.0
2025-06-13 00:00:00-04:00,13.122037064105891,13.556803888821682,13.042988721854032,13.477755546569824,3595000,0.0,0.0
2025-06-16 00:00:00-04:00,13.685256529585677,13.86311481352857,13.250489741435294,13.448110580444336,3301600,0.0,0.0
2025-06-17 00:00:00-04:00,13.517278977252028,14.367049081076447,13.50344556523224,13.902639389038086,5005300,0.0,0.0
2025-06-18 00:00:00-04:00,13.833472831309921,14.446097943616838,13.477755297743808,14.100261688232422,3758400,0.0,0.0
2025-06-20 00:00:00-04:00,14.110141299221077,14.210928258369567,13.25048993051684,13.260371208190918,6612300,0.0,0.0
2025-06-23 00:00:00-04:00,13.339420430346417,13.754424696899195,12.98370289144285,13.191205024719238,4265400,0.0,0.0
2025-06-24 00:00:00-04:00,13.033106742885348,13.1516801922197,12.647746330705523,12.746556282043457,4999400,0.0,0.0
2025-06-25 00:00:00-04:00,12.657627876449798,12.800902638738036,12.430363193134278,12.736676216125488,3410900,0.0,0.0
2025-06-26 00:00:00-04:00,12.786080906468797,12.88489180365677,12.445185290064453,12.657628059387207,5471400,0.0,0.0
2025-06-27 00:00:00-04:00,12.667508232973699,12.87995099957511,12.450125769673663,12.519292831420898,4423000,0.0,0.0
2025-06-30 00:00:00-04:00,12.74655607710489,13.512338134896893,12.51929234458411,13.260371208190918,7313500,0.0,0.0
2025-07-01 00:00:00-04:00,13.230727897213397,13.324597205143787,12.618102835838673,13.023225784301758,5205700,0.0,0.0
2025-07-02 00:00:00-04:00,13.487634537447608,14.564669271127002,13.438230035215359,14.505383491516113,7294200,0.0,0.0
2025-07-03 00:00:00-04:00,14.801815173891523,14.85122062145713,14.159547182530238,14.32752513885498,3368000,0.0,0.0
2025-07-07 00:00:00-04:00,14.070617565378253,14.495503095179723,13.952045056619117,14.32752513885498,4555000,0.0,0.0
2025-07-08 00:00:00-04:00,14.23859511105753,14.337406003339005,13.902639208097115,14.09037971496582,3590800,0.0,0.0
2025-07-09 00:00:00-04:00,14.149665497266021,14.228713834163445,13.853234705065933,13.981687545776367,2900800,0.0,0.0
2025-07-10 00:00:00-04:00,14.174368816429432,14.984614747934419,14.170415739918365,14.663480758666992,4443600,0.0,0.0
2025-07-11 00:00:00-04:00,14.475740049553455,15.187176020373208,13.942163307021264,15.068603515625,5005900,0.0,0.0
2025-07-14 00:00:00-04:00,14.870983399199385,15.246463487035106,14.554789095462144,14.752410888671875,3819700,0.0,0.0
2025-07-15 00:00:00-04:00,14.772171896422961,15.078484909464144,14.40657310171607,14.703004837036133,5161900,0.0,0.0
2025-07-16 00:00:00-04:00,14.7227668152984,14.801815154366885,14.379895139312367,14.54490852355957,4573600,0.0,0.0
2025-07-17 00:00:00-04:00,14.535028005796269,15.84920883178711,14.505385112677853,15.84920883178711,7201800,0.0,0.0
2025-07-18 00:00:00-04:00,15.849208273724676,16.17528291353766,15.365036010742188,15.365036010742188,5857300,0.0,0.0
2025-07-21 00:00:00-04:00,15.78003943942716,16.05670861634863,15.434202261527451,15.720752716064453,5012600,0.0,0.0
2025-07-22 00:00:00-04:00,16.600163757703747,17.568508119887408,16.545819564144026,17.13374137878418,12996100,0.0,0.0
2025-07-23 00:00:00-04:00,17.272076342062505,17.281957619019508,16.921299491062733,17.17326545715332,3514000,0.0,0.0
2025-07-24 00:00:00-04:00,17.183147450314696,17.538865896949975,16.943037875768074,17.0744571685791,3782600,0.0,0.0
2025-07-25 00:00:00-04:00,17.034931905354085,17.074457014472802,16.27409051676717,16.50135612487793,4091900,0.0,0.0
2025-07-28 00:00:00-04:00,16.471712889224346,16.471712889224346,15.152592479217173,15.28598690032959,9281900,0.0,0.0
2025-07-29 00:00:00-04:00,15.34527205168177,15.928255158060395,15.34527205168177,15.8887300491333,5999500,0.0,0.0
2025-07-30 00:00:00-04:00,15.542893877475285,15.730634387549154,14.959912618519356,15.236581802368164,5163500,0.0,0.0
2025-07-31 00:00:00-04:00,14.080498691369844,16.402546220913923,14.080498691369844,15.957898139953613,13364400,0.0,0.0
2025-08-01 00:00:00-04:00,15.523132456709831,15.982600575072151,15.197057821830489,15.878849983215332,6105300,0.0,0.0
2025-08-04 00:00:00-04:00,15.720750518053267,16.575461123354355,15.434200103580574,16.530996322631836,5767200,0.0,0.0
2025-08-05 00:00:00-04:00,16.669335053714665,17.133743805319554,16.56064288188033,17.00528907775879,4217500,0.0,0.0
2025-08-06 00:00:00-04:00,17.044812635941938,17.064575189867437,16.120934913524913,16.303733825683594,4050900,0.0,0.0
2025-08-07 00:00:00-04:00,16.629808948959415,16.85707267225574,16.086351891570658,16.827430725097656,4263500,0.0,0.0
2025-08-08 00:00:00-04:00,17.044812641380695,18.082322222209083,16.827430202113465,17.0645751953125,5284100,0.0,0.0
2025-08-11 00:00:00-04:00,17.04481450980762,17.40547267762393,16.75826310036774,17.39065170288086,3209400,0.0,0.0
2025-08-12 00:00:00-04:00,17.67720100607064,18.615901677693813,17.538866884439837,17.90446662902832,5272500,0.0,0.0
2025-08-13 00:00:00-04:00,17.864940115906474,18.23053983181537,17.56850934004806,18.10208511352539,4304500,0.0,0.0
2025-08-14 00:00:00-04:00,18.067360658408326,18.126892042579176,17.541513345091445,17.829240798950195,2789600,0.075,0.0
2025-08-15 00:00:00-04:00,17.839161211762928,17.839161211762928,17.34803963387859,17.42245101928711,2969500,0.0,0.0
2025-08-18 00:00:00-04:00,17.06527390657034,17.263706179841627,16.80234835318341,16.96605682373047,3891800,0.0,0.0
2025-08-19 00:00:00-04:00,17.3629211656975,17.48694203116677,16.3509104492903,16.37075424194336,8377800,0.0,0.0
2025-08-20 00:00:00-04:00,16.19216507197052,16.271538355954362,15.696081573969423,15.874671936035156,4600600,0.0,0.0
2025-08-21 00:00:00-04:00,15.57702096923174,16.02349590873694,15.547256225585832,15.894515037536621,4123800,0.0,0.0
2025-08-22 00:00:00-04:00,15.765534721140906,16.58903234844242,15.6762395354974,16.380678176879883,3724000,0.0,0.0
2025-08-25 00:00:00-04:00,16.37075430419351,17.22401846743726,16.32610671675847,16.66840362548828,4120300,0.0,0.0
2025-08-26 00:00:00-04:00,16.3707556980772,16.96109438895296,16.084019870646593,16.777544021606445,3681100,0.0,0.0
2025-08-27 00:00:00-04:00,16.539424147459986,16.876761082559895,16.440207067887943,16.628719329833984,3761500,0.0,0.0
2025-08-28 00:00:00-04:00,16.787466933248886,16.787466933248886,16.380678585138224,16.708093643188477,2382800,0.0,0.0
2025-08-29 00:00:00-04:00,16.67832565656508,17.29346998925995,16.628718066751343,17.263704299926758,3650500,0.0,0.0
2025-09-02 00:00:00-04:00,17.085115514111386,17.11488120617176,16.331068346924376,16.648563385009766,3971700,0.0,0.0
2025-09-03 00:00:00-04:00,16.519578912198956,17.070231858006956,16.35091045936054,16.956132888793945,3542600,0.0,0.0
2025-09-04 00:00:00-04:00,16.94621118333905,17.536549828718805,16.861877902174047,17.263704299926758,4043100,0.0,0.0
2025-09-05 00:00:00-04:00,17.16449021274243,18.98015594482422,17.144648308811437,18.98015594482422,6661700,0.0,0.0
2025-09-08 00:00:00-04:00,18.861094942518907,18.861094942518907,18.141773487304633,18.23602867126465,3767200,0.0,0.0
2025-09-09 00:00:00-04:00,18.801565086987026,18.821406988418982,18.186420724796236,18.35508918762207,2764700,0.0,0.0
2025-09-10 00:00:00-04:00,18.35509135396414,18.434464646284944,18.077283884637062,18.374935150146484,2658600,0.0,0.0
2025-09-11 00:00:00-04:00,18.176499215436735,18.508876145919462,18.136813519318302,18.384855270385742,2062600,0.0,0.0
2025-09-12 00:00:00-04:00,18.126890083443683,18.40469560991569,18.05743870182568,18.265792846679688,1822100,0.0,0.0
2025-09-15 00:00:00-04:00,18.424541296829073,19.902869932606272,18.265794724692487,19.883028030395508,7162500,0.0,0.0
2025-09-16 00:00:00-04:00,19.887988209940932,20.349346030698722,19.61514265492712,20.33942413330078,4914700,0.0,0.0
2025-09-17 00:00:00-04:00,20.260051185823436,21.14804114752173,20.081460814486523,21.1033935546875,9191100,0.0,0.0
2025-09-18 00:00:00-04:00,21.033939376578637,21.847515944929388,20.38902936723933,21.61931800842285,5672200,0.0,0.0
2025-09-19 00:00:00-04:00,21.678849896309476,22.690860716994788,21.36135675077881,22.542034149169922,7100000,0.0,0.0
2025-09-22 00:00:00-04:00,22.174931970448387,23.27623601099701,22.03602730898545,22.869447708129883,5186900,0.0,0.0
2025-09-23 00:00:00-04:00,23.02819504856078,23.812007883067775,22.859528476101076,23.663183212280273,7966200,0.0,0.0
2025-09-24 00:00:00-04:00,23.563964777824918,25.78641849188657,23.420100117634952,25.60782814025879,10388300,0.0,0.0
2025-09-25 00:00:00-04:00,25.498691852614602,26.123756210237445,24.15926606638472,24.3477783203125,7646100,0.0,0.0
2025-09-26 00:00:00-04:00,24.26840301566576,24.67419969730488,24.030283171546042,24.33785629272461,3507900,0.0,0.0
2025-09-29 00:00:00-04:00,24.82401863239893,26.758743134345234,24.43707221808298,26.59999656677246,8375200,0.0,0.0
2025-09-30 00:00:00-04:00,26.222972128829948,26.396600583730365,25.31017848219298,26.312267303466797,4696500,0.0,0.0
2025-10-01 00:00:00-04:00,26.471015563260156,28.296602973995913,26.307307101756532,28.058483123779297,5635000,0.0,0.0
2025-10-02 00:00:00-04:00,28.246995251739786,29.090337623303874,27.800521214376538,29.080415725708008,5380600,0.0,0.0
2025-10-03 00:00:00-04:00,29.36814346014671,32.33968444583297,29.199474995130004,31.749343872070312,12937400,0.0,0.0
2025-10-06 00:00:00-04:00,32.225583858831065,33.019316705636406,30.88615802398971,31.034984588623047,8966600,0.0,0.0
2025-10-07 00:00:00-04:00,31.352475045478602,32.9101749144365,31.322709356616393,32.146209716796875,5595500,0.0,0.0
2025-10-08 00:00:00-04:00,32.34464107483705,32.83080454593836,31.48145688758494,31.491378784179688,5710900,0.0,0.0
2025-10-09 00:00:00-04:00,31.997385467728726,33.02427815227712,31.57571525341192,31.59059715270996,3419800,0.0,0.0
2025-10-10 00:00:00-04:00,32.2454263767118,32.344641559328885,30.528977980683287,30.64803695678711,5092200,0.0,0.0
2025-10-13 00:00:00-04:00,31.25325961447585,33.34574090877216,31.015139768311702,33.15821838378906,6737800,0.0,0.0
2025-10-14 00:00:00-04:00,32.493468124038465,35.70809075796494,31.893207564016663,34.60678482055664,8808000,0.0,0.0
2025-10-15 00:00:00-04:00,34.894509963439155,35.07310031798528,31.669969254610844,32.67205810546875,8603600,0.0,0.0
2025-10-16 00:00:00-04:00,32.92009887962137,33.86265821548744,32.57284196974167,32.89033508300781,4944300,0.0,0.0
2025-10-17 00:00:00-04:00,32.374410815748796,32.721667757678645,30.93080598969011,31.064748764038086,4070800,0.0,0.0
2025-10-20 00:00:00-04:00,31.75926488775458,32.11644562325675,31.316759241249553,31.679893493652344,2566200,0.0,0.0
2025-10-21 00:00:00-04:00,30.915923047623497,31.273103767175098,28.296602817334,28.633939743041992,5775300,0.0,0.0
2025-10-22 00:00:00-04:00,28.068405527722778,28.97127735242144,27.607047718217505,28.098169326782227,4762400,0.0,0.0
2025-10-23 00:00:00-04:00,28.47519194635141,29.496131061892008,28.197384521773333,28.83237075805664,6537300,0.0,0.0
2025-10-24 00:00:00-04:00,28.91174517879423,29.417750565458594,28.56448824987506,28.772842407226562,2372700,0.0,0.0
2025-10-27 00:00:00-04:00,28.971275790913783,29.209395632596983,27.879891763892896,28.127933502197266,1961200,0.0,0.0
2025-10-28 00:00:00-04:00,27.87989378497796,27.889815682318392,26.907570554516607,27.25482749938965,3444900,0.0,0.0
2025-10-29 00:00:00-04:00,27.492945082736295,27.542554565332264,26.15352122358551,26.78850746154785,5201500,0.0,0.0
2025-10-30 00:00:00-04:00,25.94516584580351,26.272580869687065,24.402345907119003,25.667360305786133,6700000,0.0,0.0
2025-10-31 00:00:00-04:00,26.788509052289104,27.339162041149276,25.845949643485955,27.205219268798828,4381200,0.0,0.0
2025-11-03 00:00:00-05:00,27.795557960893124,30.092425100846487,27.33420015348026,29.705480575561523,6931600,0.0,0.0
2025-11-04 00:00:00-05:00,27.87493188876786,29.298692932312782,27.5624006383971,29.169710159301758,4425000,0.0,0.0
2025-11-05 00:00:00-05:00,29.43759319726933,29.43759319726933,28.49503384692907,28.83237075805664,2559000,0.0,0.0
2025-11-06 00:00:00-05:00,29.358222716136154,30.772059984004123,28.921668690875272,29.48720359802246,3783400,0.0,0.0
2025-11-07 00:00:00-05:00,28.971277278461475,30.91592369826081,28.8125307091884,30.151954650878906,3239700,0.0,0.0
2025-11-10 00:00:00-05:00,30.856393897428934,30.902033109843863,29.745166031289482,29.834461212158203,2089300,0.0,0.0
2025-11-11 00:00:00-05:00,29.844381819656444,29.844381819656444,28.45534846630652,29.149864196777344,2074900,0.0,0.0
2025-11-12 00:00:00-05:00,29.43759508915008,30.786942820379576,29.427673192019466,30.151954650878906,5154600,0.0,0.0
2025-11-13 00:00:00-05:00,30.206659771386267,30.59456160044845,28.575479006352307,28.913650512695312,3058200,0.075,0.0
2025-11-14 00:00:00-05:00,28.25720046371111,29.41096140712006,27.889191521585783,28.7147274017334,2433400,0.0,0.0
2025-11-17 00:00:00-05:00,28.515802856305452,29.2786778611572,27.774808890388872,28.2770938873291,3102600,0.0,0.0
2025-11-18 00:00:00-05:00,28.038384387233624,28.89873187279606,27.769836090813385,28.7147274017334,2174100,0.0,0.0
2025-11-19 00:00:00-05:00,28.55558663514772,29.091689160979616,27.073600605634873,27.521181106567383,2951600,0.0,0.0
2025-11-20 00:00:00-05:00,28.018491777596584,28.088114989117877,25.710969867855408,25.86016273498535,3682200,0.0,0.0
2025-11-21 00:00:00-05:00,25.83032177256061,26.51661119455462,25.32306453865983,26.218225479125977,2746200,0.0,0.0
2025-11-24 00:00:00-05:00,25.97951851148001,26.078979159492185,25.39269158217494,25.969572067260742,2326900,0.0,0.0
2025-11-25 00:00:00-05:00,25.98946175437335,27.00895041914921,25.810431458681606,26.437042236328125,2193900,0.0,0.0
2025-11-26 00:00:00-05:00,26.556399418743407,27.33220310927707,26.52656008561123,26.83489227294922,1837600,0.0,0.0
2025-11-28 00:00:00-05:00,26.645915796220194,27.282473066224636,26.526560359549208,27.093494415283203,1044300,0.0,0.0
2025-12-01 00:00:00-05:00,26.944302131331288,27.610698749345133,26.446991278995295,26.606130599975586,2443000,0.0,0.0
2025-12-02 00:00:00-05:00,26.94429915930276,28.038383293179596,26.805052743076846,27.431663513183594,2897500,0.0,0.0
2025-12-03 00:00:00-05:00,27.580859414783443,29.62978149227794,27.580859414783443,29.271717071533203,4230300,0.0,0.0
2025-12-04 00:00:00-05:00,29.092682180070383,29.599939430348073,28.467065473854955,29.35128402709961,2076800,0.0,0.0
2025-12-05 00:00:00-05:00,29.172252386482405,30.46525974906043,28.853973767822595,28.863920211791992,2491700,0.0,0.0
2025-12-08 00:00:00-05:00,28.883813576760943,28.883813576760943,26.85478450365895,27.570911407470703,2887500,0.0,0.0
2025-12-09 00:00:00-05:00,27.511234737283083,28.426286732831418,27.451557969359783,28.326824188232422,2012800,0.0,0.0
2025-12-10 00:00:00-05:00,28.187577096823404,28.326823517711766,27.362041221246297,28.05827522277832,2508400,0.0,0.0
2025-12-11 00:00:00-05:00,27.84940596970143,29.475612581654467,27.730050537968722,29.122522354125977,2407300,0.0,0.0
2025-12-12 00:00:00-05:00,29.838650081348582,30.126095303673964,28.336771132936537,28.993221282958984,2851300,0.0,0.0
2025-12-15 00:00:00-05:00,29.540264753507202,29.540264753507202,27.501289164442387,27.998600006103516,5219400,0.0,0.0
2025-12-16 00:00:00-05:00,28.00854506685815,28.844027391340045,27.61069679260254,27.61069679260254,3668900,0.0,0.0
2025-12-17 00:00:00-05:00,28.137848192611465,28.6451035791573,27.37198904493983,28.346717834472656,2368300,0.0,0.0
2025-12-18 00:00:00-05:00,28.844027691481894,30.216604726218915,28.734618703514293,29.928165435791016,2566500,0.0,0.0
2025-12-19 00:00:00-05:00,29.858541206974927,31.310687847918715,29.759078666492023,30.703969955444336,4361500,0.0,0.0
2025-12-22 00:00:00-05:00,31.20128198771752,31.628967703558878,30.35585320600275,30.53488540649414,1905200,0.0,0.0
2025-12-23 00:00:00-05:00,30.465260476328584,31.355447313392837,30.421498398326808,31.04214096069336,1570000,0.0,0.0
2025-12-24 00:00:00-05:00,30.883001048530005,31.449936974781398,30.415529562417685,30.624401092529297,699900,0.0,0.0
2025-12-26 00:00:00-05:00,30.942679463229723,30.942679463229723,29.908272059202854,30.216604232788086,1108400,0.0,0.0
2025-12-29 00:00:00-05:00,29.739186667755057,30.55477610932704,29.391068714206224,30.276283264160156,1344100,0.0,0.0
2025-12-30 00:00:00-05:00,30.833270682184374,30.90786806363865,29.580047194547987,29.66956329345703,1108900,0.0,0.0
2025-12-31 00:00:00-05:00,29.66956411102011,29.773998930261687,29.336366764747382,29.540264129638672,1972200,0.0,0.0
2026-01-02 00:00:00-05:00,29.838648751681365,30.713914947011,29.684481716845205,30.514991760253906,1783400,0.0,0.0
2026-01-05 00:00:00-05:00,31.17144151490726,31.4897201276525,29.261767941345642,30.45531463623047,2298200,0.0,0.0
2026-01-06 00:00:00-05:00,31.022251800692185,33.19052554434452,30.94268213943054,32.09644317626953,5011200,0.0,0.0
2026-01-07 00:00:00-05:00,31.887569388445762,32.36498729405554,31.032194218077326,31.987030029296875,2720800,0.0,0.0
2026-01-08 00:00:00-05:00,32.454504706860256,32.95181551967806,31.499666959763175,32.62358856201172,2965300,0.0,0.0
2026-01-09 00:00:00-05:00,33.10100614360088,34.99078873037468,32.673318545480285,33.61820983886719,4102600,0.0,0.0
2026-01-12 00:00:00-05:00,33.76740638948541,34.42883070934889,33.05127757434417,33.966331481933594,3130300,0.0,0.0
2026-01-13 00:00:00-05:00,34.16524872373209,34.473582770127045,33.22036128660649,33.3596076965332,1970200,0.0,0.0
2026-01-14 00:00:00-05:00,34.03595362780164,35.86605759140818,33.74751244250627,35.84616470336914,4786100,0.0,0.0
2026-01-15 00:00:00-05:00,35.736752670767665,36.93029929213305,35.19965612202623,35.86605453491211,4129800,0.0,0.0
2026-01-16 00:00:00-05:00,35.80637956698781,37.67626934007882,35.58756158882956,36.16444396972656,3061000,0.0,0.0
2026-01-20 00:00:00-05:00,35.985410731688496,37.258525198812166,35.80637853547668,36.94024658203125,2998900,0.0,0.0
2026-01-21 00:00:00-05:00,37.497235128009144,38.810135338196424,37.149115291044446,38.621158599853516,3873600,0.0,0.0
2026-01-22 00:00:00-05:00,38.88970667284513,39.735137388277806,37.95476364746918,38.312828063964844,4706100,0.0,0.0
2026-01-23 00:00:00-05:00,38.35261174642404,38.556507209342485,37.41766497795955,37.755836486816406,2055800,0.0,0.0
2026-01-26 00:00:00-05:00,38.39239296729247,38.52268891536138,35.31901201349053,35.52788543701172,3313700,0.0,0.0
2026-01-27 00:00:00-05:00,35.24939129602961,36.641863178450976,34.86148944434697,35.895896911621094,1885000,0.0,0.0
2026-01-28 00:00:00-05:00,36.27385421014983,36.48272385422601,34.274662490618866,34.99079132080078,3062200,0.0,0.0
2026-01-29 00:00:00-05:00,35.706921661268794,36.303693182208114,33.931522023166394,35.93568420410156,3136700,0.0,0.0
2026-01-30 00:00:00-05:00,35.18971560810619,36.06497994244225,34.34428491543406,35.07035827636719,3030400,0.0,0.0
2026-02-02 00:00:00-05:00,34.662565533717355,35.44931168096156,33.43918126955823,34.01606369018555,3137300,0.0,0.0
2026-02-03 00:00:00-05:00,34.81175719381207,35.309068010866525,34.11552129109974,35.04051971435547,2139400,0.0,0.0
2026-02-04 00:00:00-05:00,36.015247745889916,36.09978967250844,33.3049053643921,34.82170104980469,3473900,0.0,0.0
2026-02-05 00:00:00-05:00,33.99616850270887,35.92573314927897,33.30490675538239,34.05584716796875,3745200,0.0,0.0
2026-02-06 00:00:00-05:00,34.51337411480693,37.10933738640276,34.24482579765763,36.721431732177734,3765800,0.0,0.0
2026-02-09 00:00:00-05:00,36.363367423147764,38.20839005417505,36.20422811733405,37.62653732299805,3305600,0.0,0.0
2026-02-10 00:00:00-05:00,37.52707472415142,37.745892703183955,35.319013427893694,35.76659393310547,3763000,0.0,0.0
2026-02-11 00:00:00-05:00,36.8507279292536,37.9249210320562,35.438367139472554,36.572235107421875,2583200,0.0,0.0
2026-02-12 00:00:00-05:00,37.59669745453076,37.59669745453076,33.697782423980826,34.95100402832031,4765900,0.0,0.0
2026-02-13 00:00:00-05:00,35.03057623904404,35.03057623904404,33.63810439102347,34.26471710205078,3299800,0.0,0.0
2026-02-17 00:00:00-05:00,34.00611217478621,34.00611217478621,32.117327428952,32.22574234008789,2530300,0.0,0.0
2026-02-18 00:00:00-05:00,32.404777585996825,33.275071594412765,32.230715748969025,33.110958099365234,2496200,0.0,0.0
2026-02-19 00:00:00-05:00,32.94186567544699,33.84697116170556,32.29536392479385,33.787296295166016,2293400,0.0,0.0
2026-02-20 00:00:00-05:00,33.47896465790521,33.72762007093011,32.235687592780714,33.34966278076172,2159100,0.0,0.0
2026-02-23 00:00:00-05:00,33.35464819154523,33.763357128879434,32.497355346725584,33.075531005859375,1854900,0.075,0.0
2026-02-24 00:00:00-05:00,33.25496284629859,34.640585664446654,32.9957793564272,33.84310531616211,2236300,0.0,0.0
2026-02-25 00:00:00-05:00,33.81818097765647,34.10228345769008,32.61697708933404,32.84625244140625,1827100,0.0,0.0
2026-02-26 00:00:00-05:00,32.50732373773373,32.50732373773373,31.430724335724026,32.188331604003906,3410400,0.0,0.0
2026-02-27 00:00:00-05:00,31.929147939976247,31.998927231171233,30.18465995607229,31.440692901611328,4151300,0.0,0.0
2026-03-02 00:00:00-05:00,31.62012483187028,33.65370064182766,31.58025176569309,33.524112701416016,4299200,0.0,0.0
2026-03-03 00:00:00-05:00,33.49420362804489,35.8068984412692,32.78145476517494,34.77017593383789,3790900,0.0,0.0
2026-03-04 00:00:00-05:00,34.40134031257056,36.27542201867929,33.66367240239201,35.5776252746582,2984800,0.0,0.0
2026-03-05 00:00:00-05:00,35.1988237565183,35.28355521155816,32.48240145207797,33.17521286010742,3503300,0.0,0.0
2026-03-06 00:00:00-05:00,32.70669352989447,33.63376557167908,31.719809039299683,32.018863677978516,2557300,0.0,0.0
2026-03-09 00:00:00-04:00,31.998927922153907,33.56398429164208,31.550345939923872,33.17521286010742,2521400,0.0,0.0
2026-03-10 00:00:00-04:00,33.09546564101337,33.53407886684786,32.20826854632195,32.457481384277344,2196600,0.0,0.0
2026-03-11 00:00:00-04:00,32.547200978574246,34.49105824093119,32.15842572341641,34.411312103271484,2144600,0.0,0.0
2026-03-12 00:00:00-04:00,34.8798326819884,36.38507664536821,34.29169019506541,35.816871643066406,2748700,0.0,0.0
2026-03-13 00:00:00-04:00,36.150812981495555,36.30532372124538,33.98266209283691,34.53092956542969,2053000,0.0,0.0
2026-03-16 00:00:00-04:00,34.81005023167753,35.93649341625713,34.411311939899164,34.95957946777344,2828300,0.0,0.0
2026-03-17 00:00:00-04:00,34.81004788430874,35.39819034250618,34.42127645989937,35.28853988647461,2857600,0.0,0.0
2026-03-18 00:00:00-04:00,34.86985973701529,36.44488669396481,34.49105515958541,36.14582824707031,3353300,0.0,0.0
2026-03-19 00:00:00-04:00,36.88350077765836,41.010464850836826,36.733971550728505,37.33208465576172,9898600,0.0,0.0
2026-03-20 00:00:00-04:00,37.48161179214684,38.378779589335736,36.076051445008495,37.192527770996094,8037800,0.0,0.0
2026-03-23 00:00:00-04:00,35.597560391988296,37.02305811053041,35.099134722643115,35.278568267822266,4655700,0.0,0.0
2026-03-24 00:00:00-04:00,35.62248364930797,39.246036638322586,35.62248364930797,38.06975173950195,5472800,0.0,0.0
2026-03-25 00:00:00-04:00,37.6311386962361,38.049814440547266,37.042996243975566,37.56135940551758,2695700,0.0,0.0
2026-03-26 00:00:00-04:00,37.78067043327945,38.75758437099299,37.00312373791392,37.31214904785156,3618900,0.0,0.0
2026-03-27 00:00:00-04:00,38.08969023497849,39.99367621456327,37.05296388937048,39.37562942504883,4791800,0.0,0.0
2026-03-30 00:00:00-04:00,39.14635406977506,39.14635406977506,34.61068106048266,35.567657470703125,6012700,0.0,0.0
2026-03-31 00:00:00-04:00,34.40731972461698,35.75207501261641,32.38271641580551,32.84625244140625,5658700,0.0,0.0
2026-04-01 00:00:00-04:00,32.995780603296176,33.962727701141915,32.557167345836596,32.75653839111328,3487600,0.0,0.0
2026-04-02 00:00:00-04:00,33.51414290914603,34.29168958478951,32.960890079484564,33.4543342590332,3075100,0.0,0.0
2026-04-06 00:00:00-04:00,33.703545322180766,33.72348280539054,31.91918050311041,32.92599868774414,1914200,0.0,0.0
2026-04-07 00:00:00-04:00,32.93597059654283,33.24499209145585,31.56031462368598,31.8593692779541,2642000,0.0,0.0
2026-04-08 00:00:00-04:00,30.334187128442792,30.498666613815956,29.317398286950805,30.08497428894043,4841600,0.0,0.0
2026-04-09 00:00:00-04:00,30.194629659714167,30.503653059711525,27.582878168870227,27.622751235961914,5593600,0.0,0.0
2026-04-10 00:00:00-04:00,27.503129115974215,28.759162055062244,27.49316037423426,28.200925827026367,3597600,0.0,0.0
2026-04-13 00:00:00-04:00,28.370389969264284,28.76913205087161,28.07133530940194,28.39032745361328,2433800,0.0,0.0
2026-04-14 00:00:00-04:00,28.45013969309194,28.45013969309194,27.108377047698553,27.602815628051758,2612300,0.0,0.0
2026-04-15 00:00:00-04:00,27.333665788410997,28.04142937816502,27.214042782400494,27.94174575805664,2730100,0.0,0.0
2026-04-16 00:00:00-04:00,27.971648405557275,28.171019436500295,26.605963118029678,26.84520721435547,3647900,0.0,0.0
2026-04-17 00:00:00-04:00,26.306906526444756,26.41656078340944,25.120654788534125,25.569236755371094,5031400,0.0,0.0
2026-04-20 00:00:00-04:00,25.59914403814065,26.147411542932804,25.429679225530563,25.63901710510254,2459600,0.0,0.0
2026-04-21 00:00:00-04:00,26.027790494375438,26.974798177454975,25.918136232653637,26.954862594604492,3503300,0.0,0.0
2026-04-22 00:00:00-04:00,27.14426302280281,27.81215353334107,27.04457750305888,27.622751235961914,2730400,0.0,0.0
2026-04-23 00:00:00-04:00,27.612784841147842,27.92180824613599,26.885081866204803,27.273855209350586,2056700,0.0,0.0
2026-04-24 00:00:00-04:00,26.92495570483663,27.52805032675896,26.44646750403923,26.516246795654297,1986200,0.0,0.0
2026-04-27 00:00:00-04:00,26.316875519327763,27.1741682972141,26.137441970342895,26.984766006469727,1344900,0.0,0.0
2026-04-28 00:00:00-04:00,27.114358451658372,27.3236963300113,26.391640816755086,26.8153018951416,1644500,0.0,0.0
2026-04-29 00:00:00-04:00,27.13429483485293,27.652658027033304,26.914988208011934,27.35360336303711,2282800,0.0,0.0
2026-04-30 00:00:00-04:00,26.775428469084307,27.243947929593627,26.117506715457132,26.57605743408203,3300000,0.0,0.0
2026-05-01 00:00:00-04:00,25.948042652766624,26.57605819881176,24.961159993928177,26.446468353271484,4290000,0.0,0.0
2026-05-04 00:00:00-04:00,26.576057224563264,26.705648966696007,26.007852251032386,26.436498641967773,3289300,0.0,0.0
2026-05-05 00:00:00-04:00,25.318031273681846,26.56608806730219,24.432826789135287,24.921283721923828,6942900,0.0,0.0
2026-05-06 00:00:00-04:00,24.701978939791346,25.14059219682648,24.223488811858985,24.881410598754883,5630100,0.0,0.0
2026-05-07 00:00:00-04:00,24.38298454522831,24.532513777614415,23.809796126006535,23.994213104248047,3466800,0.0,0.0
2026-05-08 00:00:00-04:00,23.784874510774518,24.382983817085055,23.505755440177982,23.515724182128906,2363000,0.0,0.0
2026-05-11 00:00:00-04:00,23.665251227574153,25.270182537087933,23.665251227574153,24.592323303222656,3549100,0.0,0.0
2026-05-12 00:00:00-04:00,24.68702365054949,25.0708116574188,24.153708317958618,24.69200897216797,3040200,0.0,0.0
2026-05-13 00:00:00-04:00,24.682041076987655,24.756803791741607,23.69515841175876,23.974275588989258,2594700,0.0,0.0
2026-05-14 00:00:00-04:00,24.014149920013942,24.37301702559801,23.675220298371904,24.18361473083496,2024100,0.0,0.0
2026-05-15 00:00:00-04:00,24.313204802020863,24.512575840626592,23.615409969587077,23.695158004760742,2470000,0.0,0.0
2026-05-18 00:00:00-04:00,23.59547160915527,24.213520284805067,23.416038061342647,23.744998931884766,2979900,0.0,0.0
2026-05-19 00:00:00-04:00,23.760000228881836,23.90999984741211,23.360000610351562,23.739999771118164,2036100,0.075,0.0
2026-05-20 00:00:00-04:00,24.100000381469727,24.125,23.354999542236328,23.360000610351562,1730000,0.0,0.0
2026-05-21 00:00:00-04:00,23.350000381469727,24.799999237060547,23.190000534057617,24.40999984741211,3762600,0.0,0.0
2026-05-22 00:00:00-04:00,24.34000015258789,24.864999771118164,24.190000534057617,24.549999237060547,2580100,0.0,0.0
2026-05-26 00:00:00-04:00,25.260000228881836,26.420000076293945,25.100000381469727,25.899999618530273,3964500,0.0,0.0
2026-05-27 00:00:00-04:00,25.100000381469727,26.469999313354492,24.885000228881836,26.34000015258789,3207000,0.0,0.0
2026-05-28 00:00:00-04:00,28.225000381469727,29.540000915527344,27.829999923706055,29.100000381469727,12044200,0.0,0.0
2026-05-29 00:00:00-04:00,29.209999084472656,29.450000762939453,26.8700008392334,27.049999237060547,8031400,0.0,0.0
2026-06-01 00:00:00-04:00,27.55500030517578,29.579999923706055,27.55500030517578,29.059999465942383,5422600,0.0,0.0
2026-06-02 00:00:00-04:00,28.81999969482422,30.270000457763672,28.81999969482422,29.6200008392334,3147800,0.0,0.0
2026-06-03 00:00:00-04:00,29.299999237060547,30.15999984741211,28.420000076293945,30.110000610351562,4089800,0.0,0.0
2026-06-04 00:00:00-04:00,29.739999771118164,31.95800018310547,29.5,31.209999084472656,6058000,0.0,0.0
2026-06-05 00:00:00-04:00,30.68000030517578,31.1200008392334,27.94499969482422,28.100000381469727,3833100,0.0,0.0
2026-06-08 00:00:00-04:00,28.780000686645508,29.01099967956543,28.174999237060547,28.190000534057617,2618500,0.0,0.0
2026-06-09 00:00:00-04:00,27.600000381469727,27.739999771118164,26.469999313354492,27.1299991607666,3406300,0.0,0.0
2026-06-10 00:00:00-04:00,27.260000228881836,27.690000534057617,25.805999755859375,26.260000228881836,2899000,0.0,0.0
2026-06-11 00:00:00-04:00,26.649999618530273,26.739999771118164,26.0,26.360000610351562,2118900,0.0,0.0
2026-06-12 00:00:00-04:00,26.239999771118164,27.825000762939453,26.239999771118164,27.399999618530273,2465200,0.0,0.0
2026-06-15 00:00:00-04:00,26.3799991607666,26.44499969482422,25.719999313354492,26.030000686645508,5730800,0.0,0.0
2026-06-16 00:00:00-04:00,25.700000762939453,26.530000686645508,25.350000381469727,25.469999313354492,2245300,0.0,0.0
2026-06-17 00:00:00-04:00,25.360000610351562,26.385000228881836,25.239999771118164,25.65999984741211,2286600,0.0,0.0
2026-06-18 00:00:00-04:00,25.600000381469727,25.809999465942383,24.780000686645508,24.799999237060547,4047900,0.0,0.0
2026-06-22 00:00:00-04:00,24.639999389648438,24.770000457763672,23.851999282836914,24.1200008392334,2641000,0.0,0.0
2026-06-23 00:00:00-04:00,24.010000228881836,24.43000030517578,23.799999237060547,24.239999771118164,2697700,0.0,0.0
2026-06-24 00:00:00-04:00,23.75,23.75,23.040000915527344,23.290000915527344,2436800,0.0,0.0
2026-06-25 00:00:00-04:00,23.280000686645508,24.040000915527344,22.899999618530273,23.690000534057617,1995600,0.0,0.0
2026-06-26 00:00:00-04:00,23.350000381469727,24.079999923706055,23.0,23.510000228881836,4085400,0.0,0.0
2026-06-29 00:00:00-04:00,23.149999618530273,23.499900817871094,22.915000915527344,23.280000686645508,2275907,0.0,0.0
