Date,Open,High,Low,Close,Volume,Dividends,Stock Splits
2022-01-03 00:00:00-05:00,11.5600004196167,11.949999809265137,11.050000190734863,11.9399995803833,413900,0.0,0.0
2022-01-04 00:00:00-05:00,11.8100004196167,11.8100004196167,10.880000114440918,11.010000228881836,330800,0.0,0.0
2022-01-05 00:00:00-05:00,7.869999885559082,8.0,6.840000152587891,7.260000228881836,3242800,0.0,0.0
2022-01-06 00:00:00-05:00,7.238999843597412,8.09000015258789,7.109000205993652,8.029999732971191,1018500,0.0,0.0
2022-01-07 00:00:00-05:00,8.0,8.970000267028809,7.808000087738037,8.3100004196167,745700,0.0,0.0
2022-01-10 00:00:00-05:00,8.25,9.055000305175781,7.860000133514404,8.760000228881836,570400,0.0,0.0
2022-01-11 00:00:00-05:00,8.6899995803833,9.4399995803833,8.380000114440918,8.65999984741211,522700,0.0,0.0
2022-01-12 00:00:00-05:00,8.65999984741211,8.779999732971191,8.229999542236328,8.25,359200,0.0,0.0
2022-01-13 00:00:00-05:00,8.25,8.6899995803833,8.149999618530273,8.279999732971191,507200,0.0,0.0
2022-01-14 00:00:00-05:00,8.25,8.619999885559082,8.10099983215332,8.579999923706055,400300,0.0,0.0
2022-01-18 00:00:00-05:00,8.199999809265137,8.40999984741211,7.659999847412109,7.690000057220459,1912400,0.0,0.0
2022-01-19 00:00:00-05:00,7.880000114440918,8.40999984741211,7.5,8.079999923706055,561000,0.0,0.0
2022-01-20 00:00:00-05:00,8.079999923706055,8.489999771118164,7.670000076293945,7.880000114440918,466200,0.0,0.0
2022-01-21 00:00:00-05:00,7.690000057220459,7.974999904632568,7.239999771118164,7.5,351400,0.0,0.0
2022-01-24 00:00:00-05:00,7.340000152587891,8.0,7.059999942779541,7.929999828338623,378600,0.0,0.0
2022-01-25 00:00:00-05:00,7.820000171661377,8.029999732971191,7.440000057220459,7.760000228881836,249900,0.0,0.0
2022-01-26 00:00:00-05:00,7.889999866485596,8.369999885559082,7.480000019073486,7.570000171661377,279700,0.0,0.0
2022-01-27 00:00:00-05:00,7.639999866485596,7.809999942779541,6.909999847412109,7.0,193700,0.0,0.0
2022-01-28 00:00:00-05:00,7.130000114440918,7.539999961853027,6.900000095367432,7.53000020980835,245300,0.0,0.0
2022-01-31 00:00:00-05:00,7.355000019073486,7.889999866485596,7.355000019073486,7.5,629700,0.0,0.0
2022-02-01 00:00:00-05:00,7.619999885559082,8.430000305175781,7.570000171661377,8.300000190734863,456700,0.0,0.0
2022-02-02 00:00:00-05:00,8.239999771118164,8.239999771118164,7.639999866485596,7.800000190734863,231900,0.0,0.0
2022-02-03 00:00:00-05:00,7.670000076293945,7.96999979019165,7.260000228881836,7.269999980926514,172900,0.0,0.0
2022-02-04 00:00:00-05:00,7.579999923706055,7.71999979019165,7.130000114440918,7.599999904632568,246800,0.0,0.0
2022-02-07 00:00:00-05:00,7.619999885559082,7.929999828338623,7.232999801635742,7.739999771118164,192400,0.0,0.0
2022-02-08 00:00:00-05:00,7.739999771118164,7.849999904632568,7.519999980926514,7.769999980926514,171600,0.0,0.0
2022-02-09 00:00:00-05:00,7.900000095367432,8.199999809265137,7.860000133514404,8.09000015258789,193300,0.0,0.0
2022-02-10 00:00:00-05:00,7.789999961853027,8.029999732971191,7.320000171661377,7.409999847412109,288000,0.0,0.0
2022-02-11 00:00:00-05:00,7.579999923706055,7.639999866485596,6.860000133514404,6.940000057220459,227400,0.0,0.0
2022-02-14 00:00:00-05:00,6.909999847412109,6.934999942779541,6.539999961853027,6.599999904632568,204200,0.0,0.0
2022-02-15 00:00:00-05:00,6.739999771118164,7.090000152587891,6.659999847412109,6.989999771118164,238800,0.0,0.0
2022-02-16 00:00:00-05:00,6.889999866485596,6.900000095367432,6.449999809265137,6.630000114440918,214300,0.0,0.0
2022-02-17 00:00:00-05:00,6.489999771118164,6.510000228881836,5.960000038146973,6.050000190734863,229300,0.0,0.0
2022-02-18 00:00:00-05:00,6.059999942779541,6.34499979019165,6.0,6.139999866485596,184600,0.0,0.0
2022-02-22 00:00:00-05:00,6.019999980926514,6.239999771118164,5.800000190734863,5.829999923706055,243300,0.0,0.0
2022-02-23 00:00:00-05:00,5.860000133514404,6.340000152587891,5.409999847412109,5.440000057220459,282900,0.0,0.0
2022-02-24 00:00:00-05:00,5.139999866485596,5.599999904632568,5.139999866485596,5.599999904632568,597600,0.0,0.0
2022-02-25 00:00:00-05:00,5.679999828338623,5.679999828338623,5.039999961853027,5.139999866485596,254800,0.0,0.0
2022-02-28 00:00:00-05:00,5.139999866485596,5.139999866485596,4.849999904632568,4.855000019073486,299300,0.0,0.0
2022-03-01 00:00:00-05:00,4.849999904632568,5.28000020980835,4.650000095367432,4.730000019073486,584400,0.0,0.0
2022-03-02 00:00:00-05:00,4.769999980926514,4.889999866485596,4.559999942779541,4.610000133514404,750900,0.0,0.0
2022-03-03 00:00:00-05:00,4.670000076293945,4.670000076293945,4.170000076293945,4.380000114440918,638700,0.0,0.0
2022-03-04 00:00:00-05:00,4.329999923706055,4.545000076293945,4.239999771118164,4.320000171661377,267500,0.0,0.0
2022-03-07 00:00:00-05:00,4.329999923706055,4.550000190734863,4.199999809265137,4.349999904632568,212100,0.0,0.0
2022-03-08 00:00:00-05:00,4.309999942779541,4.690000057220459,4.179999828338623,4.650000095367432,433300,0.0,0.0
2022-03-09 00:00:00-05:00,4.730000019073486,4.864999771118164,4.670000076293945,4.769999980926514,263100,0.0,0.0
2022-03-10 00:00:00-05:00,4.650000095367432,4.739999771118164,4.289999961853027,4.449999809265137,181600,0.0,0.0
2022-03-11 00:00:00-05:00,4.519999980926514,4.599999904632568,4.349999904632568,4.429999828338623,219800,0.0,0.0
2022-03-14 00:00:00-04:00,4.409999847412109,4.534999847412109,3.640000104904175,3.690000057220459,576300,0.0,0.0
2022-03-15 00:00:00-04:00,3.7200000286102295,3.75,3.490000009536743,3.5999999046325684,376400,0.0,0.0
2022-03-16 00:00:00-04:00,3.6600000858306885,3.799999952316284,3.509999990463257,3.799999952316284,455400,0.0,0.0
2022-03-17 00:00:00-04:00,3.7899999618530273,3.9100000858306885,3.75,3.9000000953674316,369100,0.0,0.0
2022-03-18 00:00:00-04:00,3.9600000381469727,4.139999866485596,3.7200000286102295,3.7699999809265137,1881600,0.0,0.0
2022-03-21 00:00:00-04:00,3.7899999618530273,3.7899999618530273,3.3399999141693115,3.4200000762939453,403600,0.0,0.0
2022-03-22 00:00:00-04:00,3.4200000762939453,3.5399999618530273,3.4200000762939453,3.4800000190734863,420500,0.0,0.0
2022-03-23 00:00:00-04:00,3.4800000190734863,3.5199999809265137,3.2699999809265137,3.2799999713897705,391700,0.0,0.0
2022-03-24 00:00:00-04:00,3.3399999141693115,3.4600000381469727,3.309999942779541,3.4000000953674316,397600,0.0,0.0
2022-03-25 00:00:00-04:00,3.4000000953674316,3.4700000286102295,3.2200000286102295,3.259999990463257,293400,0.0,0.0
2022-03-28 00:00:00-04:00,3.2799999713897705,3.319999933242798,2.990000009536743,3.0199999809265137,517100,0.0,0.0
2022-03-29 00:00:00-04:00,3.049999952316284,3.0899999141693115,2.9149999618530273,2.9600000381469727,493200,0.0,0.0
2022-03-30 00:00:00-04:00,2.9600000381469727,3.0399999618530273,2.759999990463257,2.7899999618530273,368500,0.0,0.0
2022-03-31 00:00:00-04:00,2.8499999046325684,2.8499999046325684,2.680000066757202,2.7300000190734863,381900,0.0,0.0
2022-04-01 00:00:00-04:00,2.740000009536743,2.7899999618530273,2.6500000953674316,2.6600000858306885,389500,0.0,0.0
2022-04-04 00:00:00-04:00,2.640000104904175,3.109999895095825,2.640000104904175,3.069999933242798,1000300,0.0,0.0
2022-04-05 00:00:00-04:00,3.0799999237060547,3.0999999046325684,2.880000114440918,2.9800000190734863,1683100,0.0,0.0
2022-04-06 00:00:00-04:00,2.9200000762939453,3.0299999713897705,2.75,2.809999942779541,497400,0.0,0.0
2022-04-07 00:00:00-04:00,2.8299999237060547,2.8399999141693115,2.6500000953674316,2.6600000858306885,962600,0.0,0.0
2022-04-08 00:00:00-04:00,2.630000114440918,2.7300000190734863,2.490000009536743,2.5899999141693115,568900,0.0,0.0
2022-04-11 00:00:00-04:00,2.5299999713897705,2.6019999980926514,2.430000066757202,2.569999933242798,838000,0.0,0.0
2022-04-12 00:00:00-04:00,2.5999999046325684,2.740000009536743,2.4200000762939453,2.440000057220459,540900,0.0,0.0
2022-04-13 00:00:00-04:00,2.430000066757202,2.619999885559082,2.430000066757202,2.4800000190734863,679400,0.0,0.0
2022-04-14 00:00:00-04:00,2.5,2.549999952316284,2.1600000858306885,2.1700000762939453,542700,0.0,0.0
2022-04-18 00:00:00-04:00,2.200000047683716,2.2149999141693115,2.059999942779541,2.109999895095825,360200,0.0,0.0
2022-04-19 00:00:00-04:00,2.2899999618530273,2.490000009536743,2.2200000286102295,2.3499999046325684,1231600,0.0,0.0
2022-04-20 00:00:00-04:00,2.4000000953674316,2.759999990463257,2.240000009536743,2.7300000190734863,2544600,0.0,0.0
2022-04-21 00:00:00-04:00,2.7300000190734863,2.75,2.4800000190734863,2.569999933242798,938200,0.0,0.0
2022-04-22 00:00:00-04:00,2.5199999809265137,2.569999933242798,2.4200000762939453,2.5299999713897705,380900,0.0,0.0
2022-04-25 00:00:00-04:00,2.509999990463257,2.6700000762939453,2.509999990463257,2.619999885559082,673200,0.0,0.0
2022-04-26 00:00:00-04:00,2.569999933242798,2.6700000762939453,2.5399999618530273,2.569999933242798,718500,0.0,0.0
2022-04-27 00:00:00-04:00,2.5399999618530273,2.569999933242798,2.424999952316284,2.4800000190734863,555700,0.0,0.0
2022-04-28 00:00:00-04:00,2.5,2.5899999141693115,2.380000114440918,2.549999952316284,702800,0.0,0.0
2022-04-29 00:00:00-04:00,2.5,2.740000009536743,2.4700000286102295,2.549999952316284,399300,0.0,0.0
2022-05-02 00:00:00-04:00,2.5299999713897705,2.7699999809265137,2.490000009536743,2.700000047683716,946100,0.0,0.0
2022-05-03 00:00:00-04:00,2.700000047683716,2.7899999618530273,2.490000009536743,2.6500000953674316,809800,0.0,0.0
2022-05-04 00:00:00-04:00,2.630000114440918,2.7300000190734863,2.5299999713897705,2.7100000381469727,642400,0.0,0.0
2022-05-05 00:00:00-04:00,2.7300000190734863,2.7300000190734863,2.569999933242798,2.6500000953674316,300000,0.0,0.0
2022-05-06 00:00:00-04:00,2.640000104904175,2.6500000953674316,2.5209999084472656,2.5999999046325684,587700,0.0,0.0
2022-05-09 00:00:00-04:00,2.549999952316284,2.609999895095825,2.4600000381469727,2.5999999046325684,412200,0.0,0.0
2022-05-10 00:00:00-04:00,2.674999952316284,3.2699999809265137,2.6500000953674316,3.200000047683716,1445300,0.0,0.0
2022-05-11 00:00:00-04:00,3.180000066757202,3.3519999980926514,2.9649999141693115,3.0,645200,0.0,0.0
2022-05-12 00:00:00-04:00,2.9600000381469727,3.299999952316284,2.869999885559082,3.2899999618530273,496500,0.0,0.0
2022-05-13 00:00:00-04:00,3.4000000953674316,3.5799999237060547,3.2100000381469727,3.25,535300,0.0,0.0
2022-05-16 00:00:00-04:00,3.25,3.380000114440918,3.190000057220459,3.299999952316284,443600,0.0,0.0
2022-05-17 00:00:00-04:00,3.3399999141693115,3.490000009536743,3.25,3.430000066757202,249500,0.0,0.0
2022-05-18 00:00:00-04:00,3.309999942779541,3.450000047683716,3.2300000190734863,3.299999952316284,434300,0.0,0.0
2022-05-19 00:00:00-04:00,3.2899999618530273,3.319999933242798,3.130000114440918,3.299999952316284,348800,0.0,0.0
2022-05-20 00:00:00-04:00,3.3499999046325684,3.450000047683716,3.2200000286102295,3.390000104904175,252900,0.0,0.0
2022-05-23 00:00:00-04:00,3.4100000858306885,3.4100000858306885,3.2200000286102295,3.2799999713897705,195000,0.0,0.0
2022-05-24 00:00:00-04:00,3.259999990463257,3.2799999713897705,3.130000114440918,3.200000047683716,810500,0.0,0.0
2022-05-25 00:00:00-04:00,3.190000057220459,3.2899999618530273,2.9200000762939453,3.0899999141693115,695800,0.0,0.0
2022-05-26 00:00:00-04:00,3.049999952316284,3.0799999237060547,2.9700000286102295,3.0399999618530273,547500,0.0,0.0
2022-05-27 00:00:00-04:00,3.059999942779541,3.2899999618530273,2.9600000381469727,3.2699999809265137,345900,0.0,0.0
2022-05-31 00:00:00-04:00,3.2799999713897705,3.2799999713897705,3.119999885559082,3.140000104904175,754000,0.0,0.0
2022-06-01 00:00:00-04:00,3.180000066757202,3.255000114440918,2.930000066757202,2.9800000190734863,362800,0.0,0.0
2022-06-02 00:00:00-04:00,3.119999885559082,3.2200000286102295,2.890000104904175,2.9600000381469727,152400,0.0,0.0
2022-06-03 00:00:00-04:00,2.9600000381469727,3.4000000953674316,2.950000047683716,3.380000114440918,365200,0.0,0.0
2022-06-06 00:00:00-04:00,3.390000104904175,3.4690001010894775,3.200000047683716,3.25,471700,0.0,0.0
2022-06-07 00:00:00-04:00,3.299999952316284,4.059999942779541,3.25,4.059999942779541,658500,0.0,0.0
2022-06-08 00:00:00-04:00,4.010000228881836,4.150000095367432,3.759999990463257,3.930000066757202,411300,0.0,0.0
2022-06-09 00:00:00-04:00,3.9200000762939453,3.9800000190734863,3.7699999809265137,3.8399999141693115,470000,0.0,0.0
2022-06-10 00:00:00-04:00,3.740000009536743,3.740000009536743,3.359999895095825,3.450000047683716,348700,0.0,0.0
2022-06-13 00:00:00-04:00,3.3399999141693115,3.450000047683716,3.0999999046325684,3.299999952316284,1239500,0.0,0.0
2022-06-14 00:00:00-04:00,3.3299999237060547,3.3299999237060547,3.130000114440918,3.1500000953674316,208300,0.0,0.0
2022-06-15 00:00:00-04:00,3.1700000762939453,3.2100000381469727,2.9700000286102295,3.130000114440918,382800,0.0,0.0
2022-06-16 00:00:00-04:00,3.109999895095825,3.180000066757202,2.984999895095825,3.069999933242798,403800,0.0,0.0
2022-06-17 00:00:00-04:00,3.069999933242798,3.2100000381469727,2.9700000286102295,3.0,576800,0.0,0.0
2022-06-21 00:00:00-04:00,3.059999942779541,3.2899999618530273,3.0,3.2100000381469727,448600,0.0,0.0
2022-06-22 00:00:00-04:00,3.1500000953674316,3.4000000953674316,3.140000104904175,3.390000104904175,404500,0.0,0.0
2022-06-23 00:00:00-04:00,3.4000000953674316,3.930000066757202,3.3399999141693115,3.9100000858306885,375900,0.0,0.0
2022-06-24 00:00:00-04:00,3.950000047683716,4.050000190734863,3.759999990463257,3.8499999046325684,4231700,0.0,0.0
2022-06-27 00:00:00-04:00,3.819999933242798,4.081999778747559,3.575000047683716,3.9100000858306885,285100,0.0,0.0
2022-06-28 00:00:00-04:00,3.9000000953674316,4.099999904632568,3.819999933242798,4.0,244900,0.0,0.0
2022-06-29 00:00:00-04:00,3.990000009536743,4.150000095367432,3.8399999141693115,4.010000228881836,238300,0.0,0.0
2022-06-30 00:00:00-04:00,3.9600000381469727,3.9600000381469727,3.619999885559082,3.7699999809265137,252900,0.0,0.0
2022-07-01 00:00:00-04:00,3.7799999713897705,3.9149999618530273,3.680000066757202,3.890000104904175,222300,0.0,0.0
2022-07-05 00:00:00-04:00,3.8399999141693115,4.0,3.75,3.75,191100,0.0,0.0
2022-07-06 00:00:00-04:00,3.7899999618530273,3.890000104904175,3.75,3.819999933242798,153800,0.0,0.0
2022-07-07 00:00:00-04:00,3.8499999046325684,4.110000133514404,3.8450000286102295,3.9700000286102295,240100,0.0,0.0
2022-07-08 00:00:00-04:00,4.409999847412109,4.97599983215332,4.400000095367432,4.539999961853027,1500700,0.0,0.0
2022-07-11 00:00:00-04:00,4.349999904632568,4.449999809265137,3.880000114440918,3.9100000858306885,321700,0.0,0.0
2022-07-12 00:00:00-04:00,4.400000095367432,4.599999904632568,4.159999847412109,4.260000228881836,487600,0.0,0.0
2022-07-13 00:00:00-04:00,4.139999866485596,4.789999961853027,4.139999866485596,4.590000152587891,433200,0.0,0.0
2022-07-14 00:00:00-04:00,4.460000038146973,4.609000205993652,4.340000152587891,4.489999771118164,272800,0.0,0.0
2022-07-15 00:00:00-04:00,4.519999980926514,4.849999904632568,4.355000019073486,4.840000152587891,208900,0.0,0.0
2022-07-18 00:00:00-04:00,4.869999885559082,5.260000228881836,4.809999942779541,5.070000171661377,240000,0.0,0.0
2022-07-19 00:00:00-04:00,5.190000057220459,5.306000232696533,5.039999961853027,5.139999866485596,242400,0.0,0.0
2022-07-20 00:00:00-04:00,5.150000095367432,5.369999885559082,5.0,5.239999771118164,314300,0.0,0.0
2022-07-21 00:00:00-04:00,5.230000019073486,5.349999904632568,5.079999923706055,5.150000095367432,125500,0.0,0.0
2022-07-22 00:00:00-04:00,5.210000038146973,5.210000038146973,4.900000095367432,5.010000228881836,131800,0.0,0.0
2022-07-25 00:00:00-04:00,5.010000228881836,5.099999904632568,4.760000228881836,5.0,175100,0.0,0.0
2022-07-26 00:00:00-04:00,4.929999828338623,5.130000114440918,4.860000133514404,5.099999904632568,196300,0.0,0.0
2022-07-27 00:00:00-04:00,5.150000095367432,5.21999979019165,4.949999809265137,5.190000057220459,141200,0.0,0.0
2022-07-28 00:00:00-04:00,5.21999979019165,5.369999885559082,5.159999847412109,5.269999980926514,129700,0.0,0.0
2022-07-29 00:00:00-04:00,5.210000038146973,5.210000038146973,4.880000114440918,5.010000228881836,175800,0.0,0.0
2022-08-01 00:00:00-04:00,5.010000228881836,5.010000228881836,4.449999809265137,4.519999980926514,304100,0.0,0.0
2022-08-02 00:00:00-04:00,4.519999980926514,4.73799991607666,4.519999980926514,4.690000057220459,78900,0.0,0.0
2022-08-03 00:00:00-04:00,4.78000020980835,5.190000057220459,4.78000020980835,4.909999847412109,181600,0.0,0.0
2022-08-04 00:00:00-04:00,5.050000190734863,5.110000133514404,4.909999847412109,5.03000020980835,98200,0.0,0.0
2022-08-05 00:00:00-04:00,4.989999771118164,5.255000114440918,4.96999979019165,5.21999979019165,226300,0.0,0.0
2022-08-08 00:00:00-04:00,5.239999771118164,5.329999923706055,5.099999904632568,5.230000019073486,164000,0.0,0.0
2022-08-09 00:00:00-04:00,5.130000114440918,5.409999847412109,5.010000228881836,5.380000114440918,309900,0.0,0.0
2022-08-10 00:00:00-04:00,5.480000019073486,5.71999979019165,5.420000076293945,5.559999942779541,239200,0.0,0.0
2022-08-11 00:00:00-04:00,5.510000228881836,5.71999979019165,5.510000228881836,5.619999885559082,179400,0.0,0.0
2022-08-12 00:00:00-04:00,5.639999866485596,6.204999923706055,5.639999866485596,6.119999885559082,445800,0.0,0.0
2022-08-15 00:00:00-04:00,6.199999809265137,6.264999866485596,5.966000080108643,6.119999885559082,137900,0.0,0.0
2022-08-16 00:00:00-04:00,6.079999923706055,6.150000095367432,5.679999828338623,5.829999923706055,152100,0.0,0.0
2022-08-17 00:00:00-04:00,5.760000228881836,5.829999923706055,5.590000152587891,5.630000114440918,65600,0.0,0.0
2022-08-18 00:00:00-04:00,5.630000114440918,5.769999980926514,5.550000190734863,5.650000095367432,31700,0.0,0.0
2022-08-19 00:00:00-04:00,5.570000171661377,5.630000114440918,5.329999923706055,5.480000019073486,70800,0.0,0.0
2022-08-22 00:00:00-04:00,5.340000152587891,5.400000095367432,5.000999927520752,5.059999942779541,86100,0.0,0.0
2022-08-23 00:00:00-04:00,5.010000228881836,5.214000225067139,5.010000228881836,5.119999885559082,60500,0.0,0.0
2022-08-24 00:00:00-04:00,5.110000133514404,5.425000190734863,5.039999961853027,5.309999942779541,74600,0.0,0.0
2022-08-25 00:00:00-04:00,5.420000076293945,5.420000076293945,5.25,5.360000133514404,62100,0.0,0.0
2022-08-26 00:00:00-04:00,5.429999828338623,5.590000152587891,5.34499979019165,5.460000038146973,127300,0.0,0.0
2022-08-29 00:00:00-04:00,5.329999923706055,5.599999904632568,5.329999923706055,5.5,116800,0.0,0.0
2022-08-30 00:00:00-04:00,5.550000190734863,5.550000190734863,5.079999923706055,5.389999866485596,168000,0.0,0.0
2022-08-31 00:00:00-04:00,5.480000019073486,5.920000076293945,5.380000114440918,5.880000114440918,238500,0.0,0.0
2022-09-01 00:00:00-04:00,5.730000019073486,5.880000114440918,5.289999961853027,5.769999980926514,136600,0.0,0.0
2022-09-02 00:00:00-04:00,5.800000190734863,5.849999904632568,5.5960001945495605,5.820000171661377,90600,0.0,0.0
2022-09-06 00:00:00-04:00,5.929999828338623,6.199999809265137,5.690000057220459,5.730000019073486,228700,0.0,0.0
2022-09-07 00:00:00-04:00,5.699999809265137,5.840000152587891,5.599999904632568,5.75,75700,0.0,0.0
2022-09-08 00:00:00-04:00,5.769999980926514,6.139999866485596,5.659999847412109,6.019999980926514,122600,0.0,0.0
2022-09-09 00:00:00-04:00,6.25,6.630000114440918,6.190000057220459,6.449999809265137,202200,0.0,0.0
2022-09-12 00:00:00-04:00,6.5,6.559999942779541,5.880000114440918,6.019999980926514,158700,0.0,0.0
2022-09-13 00:00:00-04:00,5.989999771118164,6.139999866485596,5.75,6.050000190734863,92600,0.0,0.0
2022-09-14 00:00:00-04:00,6.070000171661377,6.21999979019165,5.940000057220459,6.139999866485596,62700,0.0,0.0
2022-09-15 00:00:00-04:00,6.179999828338623,6.489999771118164,5.989999771118164,6.340000152587891,174400,0.0,0.0
2022-09-16 00:00:00-04:00,6.71999979019165,6.71999979019165,5.880000114440918,6.360000133514404,808500,0.0,0.0
2022-09-19 00:00:00-04:00,6.260000228881836,6.670000076293945,6.199999809265137,6.579999923706055,233700,0.0,0.0
2022-09-20 00:00:00-04:00,6.460000038146973,6.900000095367432,6.460000038146973,6.630000114440918,320800,0.0,0.0
2022-09-21 00:00:00-04:00,6.590000152587891,6.769000053405762,6.40500020980835,6.579999923706055,79700,0.0,0.0
2022-09-22 00:00:00-04:00,6.610000133514404,6.769999980926514,5.909999847412109,6.119999885559082,209100,0.0,0.0
2022-09-23 00:00:00-04:00,6.119999885559082,6.244999885559082,5.760000228881836,5.989999771118164,202600,0.0,0.0
2022-09-26 00:00:00-04:00,5.869999885559082,6.110000133514404,5.710000038146973,6.03000020980835,104000,0.0,0.0
2022-09-27 00:00:00-04:00,6.079999923706055,6.275000095367432,6.039999961853027,6.130000114440918,87800,0.0,0.0
2022-09-28 00:00:00-04:00,6.150000095367432,6.25,5.870999813079834,6.130000114440918,92800,0.0,0.0
2022-09-29 00:00:00-04:00,6.070000171661377,6.239999771118164,5.75,5.940000057220459,78800,0.0,0.0
2022-09-30 00:00:00-04:00,5.96999979019165,6.289999961853027,5.885000228881836,6.179999828338623,92700,0.0,0.0
2022-10-03 00:00:00-04:00,6.28000020980835,6.360000133514404,6.010000228881836,6.28000020980835,67900,0.0,0.0
2022-10-04 00:00:00-04:00,6.489999771118164,6.739999771118164,6.425000190734863,6.579999923706055,109700,0.0,0.0
2022-10-05 00:00:00-04:00,6.510000228881836,6.690000057220459,6.28000020980835,6.610000133514404,96900,0.0,0.0
2022-10-06 00:00:00-04:00,6.559999942779541,6.559999942779541,6.349999904632568,6.420000076293945,55700,0.0,0.0
2022-10-07 00:00:00-04:00,6.400000095367432,6.420000076293945,6.239999771118164,6.289999961853027,66100,0.0,0.0
2022-10-10 00:00:00-04:00,6.360000133514404,6.360000133514404,6.090000152587891,6.260000228881836,98600,0.0,0.0
2022-10-11 00:00:00-04:00,6.179999828338623,6.179999828338623,5.769999980926514,5.989999771118164,112400,0.0,0.0
2022-10-12 00:00:00-04:00,6.0,6.130000114440918,5.889999866485596,6.070000171661377,35300,0.0,0.0
2022-10-13 00:00:00-04:00,5.980000019073486,6.139999866485596,5.650000095367432,5.760000228881836,106300,0.0,0.0
2022-10-14 00:00:00-04:00,5.71999979019165,5.889999866485596,5.369999885559082,5.369999885559082,96900,0.0,0.0
2022-10-17 00:00:00-04:00,5.449999809265137,5.889999866485596,5.420000076293945,5.630000114440918,94800,0.0,0.0
2022-10-18 00:00:00-04:00,5.559999942779541,5.920000076293945,5.46999979019165,5.480000019073486,54400,0.0,0.0
2022-10-19 00:00:00-04:00,5.46999979019165,5.46999979019165,5.010000228881836,5.110000133514404,164500,0.0,0.0
2022-10-20 00:00:00-04:00,5.130000114440918,5.389999866485596,5.050000190734863,5.119999885559082,101300,0.0,0.0
2022-10-21 00:00:00-04:00,5.150000095367432,5.519999980926514,4.940000057220459,5.070000171661377,110200,0.0,0.0
2022-10-24 00:00:00-04:00,5.119999885559082,5.179999828338623,4.789999961853027,5.039999961853027,175200,0.0,0.0
2022-10-25 00:00:00-04:00,5.03000020980835,5.550000190734863,5.0,5.110000133514404,238500,0.0,0.0
2022-10-26 00:00:00-04:00,5.130000114440918,5.550000190734863,5.130000114440918,5.309999942779541,95300,0.0,0.0
2022-10-27 00:00:00-04:00,5.320000171661377,5.320000171661377,4.71999979019165,4.880000114440918,338700,0.0,0.0
2022-10-28 00:00:00-04:00,4.860000133514404,4.900000095367432,4.750999927520752,4.900000095367432,62300,0.0,0.0
2022-10-31 00:00:00-04:00,4.78000020980835,4.949999809265137,4.71999979019165,4.78000020980835,111900,0.0,0.0
2022-11-01 00:00:00-04:00,4.800000190734863,4.920000076293945,4.639999866485596,4.71999979019165,42500,0.0,0.0
2022-11-02 00:00:00-04:00,4.670000076293945,4.820000171661377,4.599999904632568,4.630000114440918,28500,0.0,0.0
2022-11-03 00:00:00-04:00,4.480000019073486,4.855000019073486,4.480000019073486,4.679999828338623,41200,0.0,0.0
2022-11-04 00:00:00-04:00,4.78000020980835,4.840000152587891,4.610000133514404,4.610000133514404,71800,0.0,0.0
2022-11-07 00:00:00-05:00,4.659999847412109,5.369999885559082,4.420000076293945,5.090000152587891,1169200,0.0,0.0
2022-11-08 00:00:00-05:00,5.099999904632568,5.690000057220459,5.099999904632568,5.400000095367432,124100,0.0,0.0
2022-11-09 00:00:00-05:00,5.429999828338623,5.670000076293945,5.380000114440918,5.489999771118164,80600,0.0,0.0
2022-11-10 00:00:00-05:00,5.559999942779541,5.71999979019165,5.28000020980835,5.639999866485596,78500,0.0,0.0
2022-11-11 00:00:00-05:00,5.679999828338623,5.909999847412109,5.5,5.900000095367432,40600,0.0,0.0
2022-11-14 00:00:00-05:00,5.900000095367432,6.230000019073486,5.651000022888184,6.010000228881836,72900,0.0,0.0
2022-11-15 00:00:00-05:00,6.039999961853027,6.210000038146973,5.869999885559082,6.019999980926514,54000,0.0,0.0
2022-11-16 00:00:00-05:00,6.019999980926514,6.159999847412109,5.71999979019165,5.769999980926514,30800,0.0,0.0
2022-11-17 00:00:00-05:00,5.699999809265137,5.900000095367432,5.519999980926514,5.739999771118164,39200,0.0,0.0
2022-11-18 00:00:00-05:00,5.739999771118164,6.051000118255615,5.570000171661377,5.639999866485596,37300,0.0,0.0
2022-11-21 00:00:00-05:00,5.639999866485596,5.800000190734863,5.409999847412109,5.559999942779541,75100,0.0,0.0
2022-11-22 00:00:00-05:00,5.519999980926514,5.760000228881836,5.369999885559082,5.519999980926514,99300,0.0,0.0
2022-11-23 00:00:00-05:00,5.550000190734863,5.909999847412109,5.460000038146973,5.800000190734863,38300,0.0,0.0
2022-11-25 00:00:00-05:00,5.860000133514404,5.989999771118164,5.650000095367432,5.849999904632568,11300,0.0,0.0
2022-11-28 00:00:00-05:00,5.820000171661377,6.059999942779541,5.579999923706055,5.760000228881836,78600,0.0,0.0
2022-11-29 00:00:00-05:00,5.829999923706055,5.829999923706055,5.400000095367432,5.565000057220459,48200,0.0,0.0
2022-11-30 00:00:00-05:00,5.590000152587891,5.769999980926514,5.239999771118164,5.440000057220459,168700,0.0,0.0
2022-12-01 00:00:00-05:00,5.46999979019165,5.639999866485596,5.440000057220459,5.519999980926514,177300,0.0,0.0
2022-12-02 00:00:00-05:00,5.389999866485596,5.59499979019165,5.309999942779541,5.360000133514404,214700,0.0,0.0
2022-12-05 00:00:00-05:00,5.269999980926514,6.159999847412109,5.269999980926514,5.75,175800,0.0,0.0
2022-12-06 00:00:00-05:00,5.800000190734863,5.929999828338623,5.389999866485596,5.579999923706055,80300,0.0,0.0
2022-12-07 00:00:00-05:00,5.579999923706055,5.789999961853027,5.099999904632568,5.409999847412109,41300,0.0,0.0
2022-12-08 00:00:00-05:00,5.449999809265137,5.730000019073486,5.349999904632568,5.460000038146973,36900,0.0,0.0
2022-12-09 00:00:00-05:00,5.429999828338623,5.730000019073486,5.320000171661377,5.380000114440918,40500,0.0,0.0
2022-12-12 00:00:00-05:00,5.349999904632568,5.599999904632568,5.329999923706055,5.380000114440918,137900,0.0,0.0
2022-12-13 00:00:00-05:00,5.510000228881836,5.679999828338623,5.329999923706055,5.420000076293945,42400,0.0,0.0
2022-12-14 00:00:00-05:00,5.420000076293945,5.739999771118164,5.369999885559082,5.539999961853027,29100,0.0,0.0
2022-12-15 00:00:00-05:00,5.519999980926514,5.579999923706055,5.289999961853027,5.5,26600,0.0,0.0
2022-12-16 00:00:00-05:00,5.119999885559082,5.710000038146973,5.119999885559082,5.710000038146973,50300,0.0,0.0
2022-12-19 00:00:00-05:00,5.639999866485596,5.809999942779541,5.360000133514404,5.559999942779541,160000,0.0,0.0
2022-12-20 00:00:00-05:00,5.550000190734863,5.985000133514404,5.369999885559082,5.420000076293945,205800,0.0,0.0
2022-12-21 00:00:00-05:00,5.559999942779541,5.71999979019165,5.449999809265137,5.590000152587891,68600,0.0,0.0
2022-12-22 00:00:00-05:00,5.570000171661377,5.71999979019165,5.369999885559082,5.5,68600,0.0,0.0
2022-12-23 00:00:00-05:00,5.5,5.5,5.21999979019165,5.449999809265137,25900,0.0,0.0
2022-12-27 00:00:00-05:00,5.400000095367432,5.599999904632568,4.760000228881836,5.03000020980835,181600,0.0,0.0
2022-12-28 00:00:00-05:00,5.010000228881836,5.010000228881836,4.519999980926514,4.559999942779541,153800,0.0,0.0
2022-12-29 00:00:00-05:00,4.550000190734863,5.199999809265137,4.550000190734863,4.96999979019165,250800,0.0,0.0
2022-12-30 00:00:00-05:00,4.900000095367432,5.179999828338623,4.699999809265137,5.170000076293945,163300,0.0,0.0
2023-01-03 00:00:00-05:00,5.179999828338623,5.230000019073486,4.724999904632568,4.789999961853027,121300,0.0,0.0
2023-01-04 00:00:00-05:00,4.929999828338623,4.96999979019165,4.75,4.889999866485596,159600,0.0,0.0
2023-01-05 00:00:00-05:00,4.889999866485596,4.900000095367432,4.460000038146973,4.539999961853027,144700,0.0,0.0
2023-01-06 00:00:00-05:00,4.489999771118164,4.940000057220459,4.21999979019165,4.78000020980835,95700,0.0,0.0
2023-01-09 00:00:00-05:00,4.909999847412109,4.909999847412109,4.460000038146973,4.670000076293945,113300,0.0,0.0
2023-01-10 00:00:00-05:00,4.630000114440918,4.869999885559082,4.630000114440918,4.789999961853027,58900,0.0,0.0
2023-01-11 00:00:00-05:00,4.849999904632568,5.360000133514404,4.53000020980835,5.300000190734863,164200,0.0,0.0
2023-01-12 00:00:00-05:00,5.309999942779541,6.375,5.309999942779541,6.25,286000,0.0,0.0
2023-01-13 00:00:00-05:00,6.269999980926514,6.940000057220459,6.03000020980835,6.840000152587891,222900,0.0,0.0
2023-01-17 00:00:00-05:00,6.809999942779541,7.190000057220459,6.559999942779541,6.880000114440918,99900,0.0,0.0
2023-01-18 00:00:00-05:00,6.909999847412109,7.206999778747559,6.534999847412109,6.570000171661377,75700,0.0,0.0
2023-01-19 00:00:00-05:00,6.579999923706055,6.980000019073486,6.5,6.679999828338623,444800,0.0,0.0
2023-01-20 00:00:00-05:00,6.639999866485596,7.300000190734863,6.639999866485596,6.909999847412109,475400,0.0,0.0
2023-01-23 00:00:00-05:00,7.03000020980835,7.559999942779541,6.869999885559082,7.0,281200,0.0,0.0
2023-01-24 00:00:00-05:00,7.0,7.070000171661377,6.789999961853027,7.0,169900,0.0,0.0
2023-01-25 00:00:00-05:00,6.869999885559082,7.460000038146973,6.864999771118164,7.409999847412109,1167200,0.0,0.0
2023-01-26 00:00:00-05:00,7.409999847412109,7.650000095367432,7.195000171661377,7.309999942779541,281300,0.0,0.0
2023-01-27 00:00:00-05:00,7.269999980926514,7.5,7.139999866485596,7.460000038146973,217400,0.0,0.0
2023-01-30 00:00:00-05:00,7.460000038146973,7.53000020980835,7.099999904632568,7.099999904632568,84600,0.0,0.0
2023-01-31 00:00:00-05:00,7.150000095367432,7.260000228881836,6.77400016784668,7.139999866485596,832800,0.0,0.0
2023-02-01 00:00:00-05:00,7.210000038146973,7.433000087738037,7.079999923706055,7.199999809265137,123800,0.0,0.0
2023-02-02 00:00:00-05:00,7.239999771118164,7.260000228881836,6.960000038146973,7.059999942779541,221100,0.0,0.0
2023-02-03 00:00:00-05:00,7.010000228881836,7.420000076293945,7.010000228881836,7.099999904632568,125400,0.0,0.0
2023-02-06 00:00:00-05:00,7.139999866485596,7.489999771118164,6.980000019073486,7.090000152587891,92500,0.0,0.0
2023-02-07 00:00:00-05:00,7.090000152587891,7.235000133514404,7.0,7.099999904632568,45300,0.0,0.0
2023-02-08 00:00:00-05:00,7.050000190734863,7.050000190734863,6.400000095367432,6.460000038146973,75800,0.0,0.0
2023-02-09 00:00:00-05:00,6.420000076293945,6.900000095367432,6.420000076293945,6.800000190734863,1240200,0.0,0.0
2023-02-10 00:00:00-05:00,6.829999923706055,6.889999866485596,6.630000114440918,6.670000076293945,2836800,0.0,0.0
2023-02-13 00:00:00-05:00,6.699999809265137,6.940000057220459,6.130000114440918,6.329999923706055,156200,0.0,0.0
2023-02-14 00:00:00-05:00,6.309999942779541,6.46999979019165,5.800000190734863,5.869999885559082,2075500,0.0,0.0
2023-02-15 00:00:00-05:00,5.96999979019165,5.980000019073486,5.760000228881836,5.900000095367432,942500,0.0,0.0
2023-02-16 00:00:00-05:00,5.889999866485596,6.110000133514404,5.861999988555908,5.940000057220459,597000,0.0,0.0
2023-02-17 00:00:00-05:00,5.869999885559082,6.010000228881836,5.820000171661377,5.949999809265137,391700,0.0,0.0
2023-02-21 00:00:00-05:00,5.900000095367432,5.934999942779541,5.650000095367432,5.739999771118164,495800,0.0,0.0
2023-02-22 00:00:00-05:00,5.619999885559082,5.8460001945495605,5.349999904632568,5.489999771118164,1627000,0.0,0.0
2023-02-23 00:00:00-05:00,5.510000228881836,5.519999980926514,5.199999809265137,5.40500020980835,294500,0.0,0.0
2023-02-24 00:00:00-05:00,5.269999980926514,5.418000221252441,5.239999771118164,5.389999866485596,420500,0.0,0.0
2023-02-27 00:00:00-05:00,5.440000057220459,5.440000057220459,5.099999904632568,5.400000095367432,494000,0.0,0.0
2023-02-28 00:00:00-05:00,5.400000095367432,5.46999979019165,5.320000171661377,5.329999923706055,376600,0.0,0.0
2023-03-01 00:00:00-05:00,5.269999980926514,5.389999866485596,5.09499979019165,5.110000133514404,591000,0.0,0.0
2023-03-02 00:00:00-05:00,5.03000020980835,5.150000095367432,4.71999979019165,5.050000190734863,353300,0.0,0.0
2023-03-03 00:00:00-05:00,5.050000190734863,5.079999923706055,4.675000190734863,4.730000019073486,1681400,0.0,0.0
2023-03-06 00:00:00-05:00,4.690000057220459,4.739999771118164,4.360000133514404,4.409999847412109,522200,0.0,0.0
2023-03-07 00:00:00-05:00,4.5,5.034999847412109,4.380000114440918,4.909999847412109,2691700,0.0,0.0
2023-03-08 00:00:00-05:00,4.980000019073486,5.25,4.909999847412109,5.0,365900,0.0,0.0
2023-03-09 00:00:00-05:00,4.980000019073486,5.175000190734863,4.559999942779541,4.730000019073486,502200,0.0,0.0
2023-03-10 00:00:00-05:00,4.739999771118164,4.739999771118164,4.300000190734863,4.349999904632568,293000,0.0,0.0
2023-03-13 00:00:00-04:00,4.480000019073486,4.599999904632568,4.369999885559082,4.440000057220459,297400,0.0,0.0
2023-03-14 00:00:00-04:00,4.46999979019165,4.880000114440918,4.329999923706055,4.489999771118164,272300,0.0,0.0
2023-03-15 00:00:00-04:00,4.380000114440918,4.440000057220459,4.179999828338623,4.199999809265137,192600,0.0,0.0
2023-03-16 00:00:00-04:00,4.139999866485596,4.215000152587891,4.0,4.150000095367432,417300,0.0,0.0
2023-03-17 00:00:00-04:00,4.139999866485596,4.159999847412109,4.0,4.070000171661377,358200,0.0,0.0
2023-03-20 00:00:00-04:00,4.070000171661377,4.170000076293945,4.019999980926514,4.09499979019165,236100,0.0,0.0
2023-03-21 00:00:00-04:00,4.139999866485596,4.25,3.9749999046325684,3.990000009536743,867200,0.0,0.0
2023-03-22 00:00:00-04:00,4.0,4.0,3.740000009536743,3.7699999809265137,348300,0.0,0.0
2023-03-23 00:00:00-04:00,3.7899999618530273,3.9100000858306885,3.640000104904175,3.740000009536743,265900,0.0,0.0
2023-03-24 00:00:00-04:00,3.700000047683716,3.9000000953674316,3.6500000953674316,3.8299999237060547,320100,0.0,0.0
2023-03-27 00:00:00-04:00,3.880000114440918,4.0,3.8499999046325684,3.880000114440918,199000,0.0,0.0
2023-03-28 00:00:00-04:00,3.950000047683716,4.079999923706055,3.7799999713897705,3.869999885559082,2028100,0.0,0.0
2023-03-29 00:00:00-04:00,3.9800000190734863,4.090000152587891,3.9000000953674316,3.9800000190734863,491800,0.0,0.0
2023-03-30 00:00:00-04:00,4.079999923706055,4.079999923706055,3.75,3.8499999046325684,301000,0.0,0.0
2023-03-31 00:00:00-04:00,3.8499999046325684,3.930000066757202,3.809999942779541,3.8499999046325684,182600,0.0,0.0
2023-04-03 00:00:00-04:00,3.8299999237060547,3.9700000286102295,3.75,3.950000047683716,221900,0.0,0.0
2023-04-04 00:00:00-04:00,4.03000020980835,4.25,3.7950000762939453,3.9700000286102295,264100,0.0,0.0
2023-04-05 00:00:00-04:00,3.9800000190734863,4.380000114440918,3.890000104904175,4.019999980926514,161100,0.0,0.0
2023-04-06 00:00:00-04:00,3.9800000190734863,4.230000019073486,3.9200000762939453,4.21999979019165,295600,0.0,0.0
2023-04-10 00:00:00-04:00,4.21999979019165,4.53000020980835,4.179999828338623,4.454999923706055,363100,0.0,0.0
2023-04-11 00:00:00-04:00,4.440000057220459,4.818999767303467,4.349999904632568,4.71999979019165,291200,0.0,0.0
2023-04-12 00:00:00-04:00,4.75,4.9120001792907715,4.699999809265137,4.809999942779541,233000,0.0,0.0
2023-04-13 00:00:00-04:00,4.829999923706055,5.0,4.760000228881836,4.78000020980835,295700,0.0,0.0
2023-04-14 00:00:00-04:00,4.78000020980835,4.909999847412109,4.699999809265137,4.840000152587891,287300,0.0,0.0
2023-04-17 00:00:00-04:00,4.900000095367432,5.03000020980835,4.690000057220459,4.769999980926514,326300,0.0,0.0
2023-04-18 00:00:00-04:00,4.800000190734863,5.189000129699707,4.670000076293945,5.150000095367432,486100,0.0,0.0
2023-04-19 00:00:00-04:00,5.139999866485596,5.329999923706055,5.110000133514404,5.190000057220459,371500,0.0,0.0
2023-04-20 00:00:00-04:00,5.159999847412109,5.289999961853027,5.059999942779541,5.260000228881836,224200,0.0,0.0
2023-04-21 00:00:00-04:00,5.340000152587891,5.630000114440918,5.300000190734863,5.610000133514404,589400,0.0,0.0
2023-04-24 00:00:00-04:00,5.650000095367432,5.71999979019165,5.440000057220459,5.690000057220459,275200,0.0,0.0
2023-04-25 00:00:00-04:00,5.679999828338623,5.840000152587891,5.449999809265137,5.460000038146973,639900,0.0,0.0
2023-04-26 00:00:00-04:00,5.53000020980835,5.631999969482422,5.300000190734863,5.349999904632568,202200,0.0,0.0
2023-04-27 00:00:00-04:00,5.389999866485596,5.545000076293945,5.210000038146973,5.429999828338623,110900,0.0,0.0
2023-04-28 00:00:00-04:00,5.349999904632568,5.489999771118164,5.269999980926514,5.304999828338623,128300,0.0,0.0
2023-05-01 00:00:00-04:00,5.260000228881836,5.510000228881836,5.260000228881836,5.449999809265137,248000,0.0,0.0
2023-05-02 00:00:00-04:00,5.420000076293945,5.429999828338623,4.869999885559082,4.880000114440918,265100,0.0,0.0
2023-05-03 00:00:00-04:00,4.880000114440918,5.184999942779541,4.71999979019165,5.070000171661377,254500,0.0,0.0
2023-05-04 00:00:00-04:00,4.989999771118164,5.25,4.889999866485596,5.210000038146973,139300,0.0,0.0
2023-05-05 00:00:00-04:00,5.210000038146973,5.400000095367432,5.199999809265137,5.264999866485596,364200,0.0,0.0
2023-05-08 00:00:00-04:00,5.260000228881836,5.300000190734863,5.079999923706055,5.25,1087400,0.0,0.0
2023-05-09 00:00:00-04:00,5.230000019073486,5.510000228881836,4.929999828338623,5.489999771118164,529600,0.0,0.0
2023-05-10 00:00:00-04:00,5.570000171661377,5.829999923706055,5.434999942779541,5.639999866485596,1588400,0.0,0.0
2023-05-11 00:00:00-04:00,5.630000114440918,5.71999979019165,5.409999847412109,5.5,213700,0.0,0.0
2023-05-12 00:00:00-04:00,5.480000019073486,5.75,5.440000057220459,5.460000038146973,260200,0.0,0.0
2023-05-15 00:00:00-04:00,5.46999979019165,6.25,5.46999979019165,6.059999942779541,700600,0.0,0.0
2023-05-16 00:00:00-04:00,6.0,6.199999809265137,5.900000095367432,6.039999961853027,243200,0.0,0.0
2023-05-17 00:00:00-04:00,6.039999961853027,6.429999828338623,5.739999771118164,6.369999885559082,1014700,0.0,0.0
2023-05-18 00:00:00-04:00,6.340000152587891,6.670000076293945,5.75,5.800000190734863,584700,0.0,0.0
2023-05-19 00:00:00-04:00,5.789999961853027,6.058000087738037,5.710000038146973,5.900000095367432,282200,0.0,0.0
2023-05-22 00:00:00-04:00,6.019999980926514,6.099999904632568,5.659999847412109,5.960000038146973,275400,0.0,0.0
2023-05-23 00:00:00-04:00,6.070000171661377,6.119999885559082,5.590000152587891,5.610000133514404,551500,0.0,0.0
2023-05-24 00:00:00-04:00,5.519999980926514,5.679999828338623,5.070000171661377,5.170000076293945,349800,0.0,0.0
2023-05-25 00:00:00-04:00,2.8299999237060547,2.859999895095825,2.069999933242798,2.0999999046325684,11974200,0.0,0.0
2023-05-26 00:00:00-04:00,2.0999999046325684,2.8499999046325684,2.0899999141693115,2.8499999046325684,6473300,0.0,0.0
2023-05-30 00:00:00-04:00,2.75,2.999000072479248,2.5,2.7300000190734863,1968600,0.0,0.0
2023-05-31 00:00:00-04:00,2.9000000953674316,3.069999933242798,2.640000104904175,2.990000009536743,1307000,0.0,0.0
2023-06-01 00:00:00-04:00,2.9800000190734863,3.240000009536743,2.859999895095825,3.0,942500,0.0,0.0
2023-06-02 00:00:00-04:00,3.0,3.1600000858306885,2.9200000762939453,2.9800000190734863,1375100,0.0,0.0
2023-06-05 00:00:00-04:00,3.0199999809265137,3.259999990463257,2.9100000858306885,3.130000114440918,1009400,0.0,0.0
2023-06-06 00:00:00-04:00,3.130000114440918,3.25,3.009999990463257,3.2200000286102295,699400,0.0,0.0
2023-06-07 00:00:00-04:00,3.240000009536743,3.4000000953674316,3.0999999046325684,3.119999885559082,1617800,0.0,0.0
2023-06-08 00:00:00-04:00,3.109999895095825,3.240000009536743,2.880000114440918,2.880000114440918,2106800,0.0,0.0
2023-06-09 00:00:00-04:00,2.9100000858306885,3.059999942779541,2.7899999618530273,2.809999942779541,567200,0.0,0.0
2023-06-12 00:00:00-04:00,2.8299999237060547,3.200000047683716,2.802000045776367,3.109999895095825,513900,0.0,0.0
2023-06-13 00:00:00-04:00,3.049999952316284,3.309999942779541,2.990000009536743,3.0999999046325684,2716800,0.0,0.0
2023-06-14 00:00:00-04:00,3.1500000953674316,3.25,2.9200000762939453,2.930000066757202,516900,0.0,0.0
2023-06-15 00:00:00-04:00,2.9600000381469727,3.0299999713897705,2.799999952316284,2.809999942779541,378500,0.0,0.0
2023-06-16 00:00:00-04:00,2.869999885559082,3.069999933242798,2.7899999618530273,3.0,835700,0.0,0.0
2023-06-20 00:00:00-04:00,2.990000009536743,3.4600000381469727,2.990000009536743,3.4100000858306885,741300,0.0,0.0
2023-06-21 00:00:00-04:00,3.380000114440918,3.7750000953674316,3.359999895095825,3.5799999237060547,802100,0.0,0.0
2023-06-22 00:00:00-04:00,3.559999942779541,3.759999990463257,3.430000066757202,3.619999885559082,685900,0.0,0.0
2023-06-23 00:00:00-04:00,3.6600000858306885,3.6600000858306885,3.309999942779541,3.4800000190734863,5943200,0.0,0.0
2023-06-26 00:00:00-04:00,3.4800000190734863,3.4800000190734863,3.0769999027252197,3.3450000286102295,681200,0.0,0.0
2023-06-27 00:00:00-04:00,3.2699999809265137,3.4800000190734863,3.109999895095825,3.369999885559082,400500,0.0,0.0
2023-06-28 00:00:00-04:00,3.3499999046325684,3.509999990463257,3.319999933242798,3.430000066757202,289100,0.0,0.0
2023-06-29 00:00:00-04:00,3.4100000858306885,3.509999990463257,3.25,3.4100000858306885,667100,0.0,0.0
2023-06-30 00:00:00-04:00,3.359999895095825,3.6700000762939453,3.2200000286102295,3.5199999809265137,461100,0.0,0.0
2023-07-03 00:00:00-04:00,3.5199999809265137,3.619999885559082,3.4049999713897705,3.450000047683716,200200,0.0,0.0
2023-07-05 00:00:00-04:00,3.4200000762939453,3.6600000858306885,3.4100000858306885,3.5799999237060547,289400,0.0,0.0
2023-07-06 00:00:00-04:00,3.5399999618530273,3.5399999618530273,3.240000009536743,3.430000066757202,674700,0.0,0.0
2023-07-07 00:00:00-04:00,3.4000000953674316,3.615000009536743,3.365000009536743,3.5199999809265137,419800,0.0,0.0
2023-07-10 00:00:00-04:00,3.5199999809265137,3.7279999256134033,3.5,3.6700000762939453,243800,0.0,0.0
2023-07-11 00:00:00-04:00,3.630000114440918,3.7899999618530273,3.630000114440918,3.75,184800,0.0,0.0
2023-07-12 00:00:00-04:00,3.8299999237060547,3.9800000190734863,3.630000114440918,3.8399999141693115,500500,0.0,0.0
2023-07-13 00:00:00-04:00,3.7899999618530273,3.9100000858306885,3.7200000286102295,3.809999942779541,285200,0.0,0.0
2023-07-14 00:00:00-04:00,3.809999942779541,3.809999942779541,3.5,3.680000066757202,381700,0.0,0.0
2023-07-17 00:00:00-04:00,3.75,3.890000104904175,3.619999885559082,3.7049999237060547,388800,0.0,0.0
2023-07-18 00:00:00-04:00,3.619999885559082,3.9000000953674316,3.619999885559082,3.6700000762939453,288600,0.0,0.0
2023-07-19 00:00:00-04:00,3.6700000762939453,3.7899999618530273,3.5399999618530273,3.700000047683716,240200,0.0,0.0
2023-07-20 00:00:00-04:00,3.700000047683716,3.7799999713897705,3.515000104904175,3.549999952316284,331000,0.0,0.0
2023-07-21 00:00:00-04:00,3.5899999141693115,3.6500000953674316,3.2699999809265137,3.2750000953674316,396000,0.0,0.0
2023-07-24 00:00:00-04:00,3.2699999809265137,3.369999885559082,3.1500000953674316,3.2799999713897705,522400,0.0,0.0
2023-07-25 00:00:00-04:00,3.2799999713897705,3.3399999141693115,3.203000068664551,3.244999885559082,409800,0.0,0.0
2023-07-26 00:00:00-04:00,3.240000009536743,3.5,3.200000047683716,3.369999885559082,686300,0.0,0.0
2023-07-27 00:00:00-04:00,3.4200000762939453,3.4200000762939453,3.0999999046325684,3.140000104904175,381600,0.0,0.0
2023-07-28 00:00:00-04:00,3.1700000762939453,3.2699999809265137,3.1500000953674316,3.2100000381469727,196900,0.0,0.0
2023-07-31 00:00:00-04:00,3.319999933242798,3.559999942779541,3.318000078201294,3.450000047683716,1833700,0.0,0.0
2023-08-01 00:00:00-04:00,3.450000047683716,3.6500000953674316,3.369999885559082,3.5399999618530273,664100,0.0,0.0
2023-08-02 00:00:00-04:00,3.509999990463257,3.6549999713897705,3.2799999713897705,3.4700000286102295,718100,0.0,0.0
2023-08-03 00:00:00-04:00,3.4700000286102295,3.640000104904175,3.4700000286102295,3.509999990463257,440800,0.0,0.0
2023-08-04 00:00:00-04:00,3.5299999713897705,3.5950000286102295,3.3550000190734863,3.380000114440918,357900,0.0,0.0
2023-08-07 00:00:00-04:00,3.4000000953674316,3.5299999713897705,3.140000104904175,3.450000047683716,401200,0.0,0.0
2023-08-08 00:00:00-04:00,3.380000114440918,3.4200000762939453,3.2699999809265137,3.3399999141693115,694900,0.0,0.0
2023-08-09 00:00:00-04:00,3.390000104904175,3.4049999713897705,3.309999942779541,3.3499999046325684,273000,0.0,0.0
2023-08-10 00:00:00-04:00,3.380000114440918,3.4100000858306885,3.3299999237060547,3.3499999046325684,393200,0.0,0.0
2023-08-11 00:00:00-04:00,3.3399999141693115,3.3499999046325684,3.190000057220459,3.309999942779541,172600,0.0,0.0
2023-08-14 00:00:00-04:00,3.2799999713897705,3.2799999713897705,3.009999990463257,3.0299999713897705,233400,0.0,0.0
2023-08-15 00:00:00-04:00,3.0199999809265137,3.0199999809265137,2.815000057220459,2.880000114440918,261700,0.0,0.0
2023-08-16 00:00:00-04:00,2.869999885559082,2.9149999618530273,2.75,2.7699999809265137,327800,0.0,0.0
2023-08-17 00:00:00-04:00,2.7699999809265137,3.0,2.7300000190734863,2.9700000286102295,261400,0.0,0.0
2023-08-18 00:00:00-04:00,2.940000057220459,3.0,2.9000000953674316,2.930000066757202,192800,0.0,0.0
2023-08-21 00:00:00-04:00,2.950000047683716,2.9700000286102295,2.799999952316284,2.8499999046325684,170300,0.0,0.0
2023-08-22 00:00:00-04:00,2.869999885559082,2.990000009536743,2.759999990463257,2.950000047683716,177200,0.0,0.0
2023-08-23 00:00:00-04:00,2.9800000190734863,3.049999952316284,2.9200000762939453,3.0199999809265137,296300,0.0,0.0
2023-08-24 00:00:00-04:00,3.059999942779541,3.059999942779541,2.9100000858306885,2.9600000381469727,162600,0.0,0.0
2023-08-25 00:00:00-04:00,3.009999990463257,3.009999990463257,2.7850000858306885,2.7899999618530273,199400,0.0,0.0
2023-08-28 00:00:00-04:00,2.8499999046325684,2.997999906539917,2.825000047683716,2.9800000190734863,204100,0.0,0.0
2023-08-29 00:00:00-04:00,2.950000047683716,3.0,2.9100000858306885,2.940000057220459,94600,0.0,0.0
2023-08-30 00:00:00-04:00,2.990000009536743,2.990000009536743,2.7899999618530273,2.799999952316284,117800,0.0,0.0
2023-08-31 00:00:00-04:00,2.8499999046325684,2.8499999046325684,2.7300000190734863,2.75,142100,0.0,0.0
2023-09-01 00:00:00-04:00,2.759999990463257,2.9200000762939453,2.759999990463257,2.9100000858306885,163300,0.0,0.0
2023-09-05 00:00:00-04:00,2.890000104904175,2.9100000858306885,2.6700000762939453,2.680000066757202,179600,0.0,0.0
2023-09-06 00:00:00-04:00,2.740000009536743,2.740000009536743,2.4700000286102295,2.4800000190734863,343000,0.0,0.0
2023-09-07 00:00:00-04:00,2.490000009536743,2.490000009536743,2.309999942779541,2.380000114440918,191700,0.0,0.0
2023-09-08 00:00:00-04:00,2.369999885559082,2.390000104904175,2.25,2.369999885559082,313900,0.0,0.0
2023-09-11 00:00:00-04:00,2.390000104904175,2.5,2.319999933242798,2.359999895095825,189400,0.0,0.0
2023-09-12 00:00:00-04:00,2.309999942779541,2.369999885559082,2.240000009536743,2.259999990463257,289100,0.0,0.0
2023-09-13 00:00:00-04:00,2.2100000381469727,2.2200000286102295,2.119999885559082,2.140000104904175,289500,0.0,0.0
2023-09-14 00:00:00-04:00,2.180000066757202,2.2300000190734863,2.109999895095825,2.130000114440918,246000,0.0,0.0
2023-09-15 00:00:00-04:00,2.130000114440918,2.5399999618530273,2.130000114440918,2.5299999713897705,1223100,0.0,0.0
2023-09-18 00:00:00-04:00,2.490000009536743,2.640000104904175,2.430000066757202,2.619999885559082,1234600,0.0,0.0
2023-09-19 00:00:00-04:00,2.640000104904175,2.7850000858306885,2.5799999237060547,2.6500000953674316,902200,0.0,0.0
2023-09-20 00:00:00-04:00,2.6500000953674316,2.680000066757202,2.5999999046325684,2.619999885559082,223400,0.0,0.0
2023-09-21 00:00:00-04:00,2.5799999237060547,2.609999895095825,2.390000104904175,2.4000000953674316,304300,0.0,0.0
2023-09-22 00:00:00-04:00,2.390000104904175,2.434999942779541,2.309999942779541,2.4100000858306885,330900,0.0,0.0
2023-09-25 00:00:00-04:00,2.3399999141693115,2.5,2.299999952316284,2.490000009536743,199100,0.0,0.0
2023-09-26 00:00:00-04:00,2.4600000381469727,2.615000009536743,2.365000009536743,2.450000047683716,148300,0.0,0.0
2023-09-27 00:00:00-04:00,2.4600000381469727,2.484999895095825,2.3499999046325684,2.369999885559082,112200,0.0,0.0
2023-09-28 00:00:00-04:00,2.380000114440918,2.380000114440918,2.2149999141693115,2.2899999618530273,344400,0.0,0.0
2023-09-29 00:00:00-04:00,2.309999942779541,2.384999990463257,2.2899999618530273,2.359999895095825,145400,0.0,0.0
2023-10-02 00:00:00-04:00,2.3299999237060547,2.3299999237060547,2.119999885559082,2.1500000953674316,242600,0.0,0.0
2023-10-03 00:00:00-04:00,2.140000104904175,2.180000066757202,1.9800000190734863,2.0899999141693115,413500,0.0,0.0
2023-10-04 00:00:00-04:00,2.0199999809265137,2.0999999046325684,1.899999976158142,1.899999976158142,522900,0.0,0.0
2023-10-05 00:00:00-04:00,1.9900000095367432,2.0999999046325684,1.909999966621399,2.0799999237060547,326700,0.0,0.0
2023-10-06 00:00:00-04:00,2.0899999141693115,2.2049999237060547,1.9950000047683716,2.0199999809265137,413900,0.0,0.0
2023-10-09 00:00:00-04:00,1.9700000286102295,2.009999990463257,1.899999976158142,1.9600000381469727,222300,0.0,0.0
2023-10-10 00:00:00-04:00,1.9900000095367432,2.2049999237060547,1.8550000190734863,1.9500000476837158,1488700,0.0,0.0
2023-10-11 00:00:00-04:00,1.9500000476837158,2.049999952316284,1.850000023841858,1.8700000047683716,586000,0.0,0.0
2023-10-12 00:00:00-04:00,1.8600000143051147,1.9620000123977661,1.649999976158142,1.659999966621399,486300,0.0,0.0
2023-10-13 00:00:00-04:00,1.659999966621399,1.7100000381469727,1.6050000190734863,1.6299999952316284,257700,0.0,0.0
2023-10-16 00:00:00-04:00,1.6799999475479126,1.8799999952316284,1.5700000524520874,1.840000033378601,484300,0.0,0.0
2023-10-17 00:00:00-04:00,1.8200000524520874,2.0199999809265137,1.7699999809265137,1.7699999809265137,518300,0.0,0.0
2023-10-18 00:00:00-04:00,1.7300000190734863,1.7799999713897705,1.6799999475479126,1.7200000286102295,236100,0.0,0.0
2023-10-19 00:00:00-04:00,1.7000000476837158,1.809999942779541,1.6699999570846558,1.7400000095367432,225900,0.0,0.0
2023-10-20 00:00:00-04:00,1.75,1.8600000143051147,1.6799999475479126,1.7699999809265137,228300,0.0,0.0
2023-10-23 00:00:00-04:00,1.690000057220459,1.840000033378601,1.6699999570846558,1.6799999475479126,224400,0.0,0.0
2023-10-24 00:00:00-04:00,1.7400000095367432,1.9299999475479126,1.7100000381469727,1.8200000524520874,618600,0.0,0.0
2023-10-25 00:00:00-04:00,1.7899999618530273,2.069999933242798,1.784999966621399,1.9700000286102295,558700,0.0,0.0
2023-10-26 00:00:00-04:00,1.9299999475479126,2.0899999141693115,1.899999976158142,2.069999933242798,291900,0.0,0.0
2023-10-27 00:00:00-04:00,2.0999999046325684,2.315000057220459,2.0450000762939453,2.0799999237060547,646300,0.0,0.0
2023-10-30 00:00:00-04:00,2.25,2.3550000190734863,2.140000104904175,2.2799999713897705,449000,0.0,0.0
2023-10-31 00:00:00-04:00,2.3399999141693115,2.359999895095825,2.1549999713897705,2.2699999809265137,333700,0.0,0.0
2023-11-01 00:00:00-04:00,2.2699999809265137,2.484999895095825,2.194999933242798,2.4000000953674316,386000,0.0,0.0
2023-11-02 00:00:00-04:00,2.450000047683716,2.4600000381469727,2.259999990463257,2.3499999046325684,328200,0.0,0.0
2023-11-03 00:00:00-04:00,2.450000047683716,2.619999885559082,2.359999895095825,2.5899999141693115,397500,0.0,0.0
2023-11-06 00:00:00-05:00,2.5799999237060547,2.5850000381469727,2.190000057220459,2.200000047683716,238400,0.0,0.0
2023-11-07 00:00:00-05:00,2.1700000762939453,2.365000009536743,2.0899999141693115,2.305000066757202,202400,0.0,0.0
2023-11-08 00:00:00-05:00,2.359999895095825,2.390000104904175,2.130000114440918,2.1700000762939453,172400,0.0,0.0
2023-11-09 00:00:00-05:00,2.140000104904175,2.2100000381469727,2.059999942779541,2.069999933242798,203700,0.0,0.0
2023-11-10 00:00:00-05:00,2.140000104904175,2.190000057220459,2.0450000762939453,2.125,195200,0.0,0.0
2023-11-13 00:00:00-05:00,2.130000114440918,2.2899999618530273,2.0999999046325684,2.259999990463257,211000,0.0,0.0
2023-11-14 00:00:00-05:00,2.390000104904175,2.5,2.3450000286102295,2.4800000190734863,219800,0.0,0.0
2023-11-15 00:00:00-05:00,2.4100000858306885,2.6500000953674316,2.4000000953674316,2.5199999809265137,630800,0.0,0.0
2023-11-16 00:00:00-05:00,2.5299999713897705,2.700000047683716,2.4000000953674316,2.559999942779541,340900,0.0,0.0
2023-11-17 00:00:00-05:00,2.5799999237060547,2.6500000953674316,2.509999990463257,2.5999999046325684,191800,0.0,0.0
2023-11-20 00:00:00-05:00,2.549999952316284,2.6600000858306885,2.5,2.5799999237060547,223100,0.0,0.0
2023-11-21 00:00:00-05:00,2.569999933242798,2.6500000953674316,2.4700000286102295,2.5299999713897705,265900,0.0,0.0
2023-11-22 00:00:00-05:00,2.549999952316284,2.5899999141693115,2.4000000953674316,2.509999990463257,390800,0.0,0.0
2023-11-24 00:00:00-05:00,2.5299999713897705,2.7799999713897705,2.5,2.7200000286102295,98700,0.0,0.0
2023-11-27 00:00:00-05:00,2.700000047683716,2.759999990463257,2.5799999237060547,2.6600000858306885,362100,0.0,0.0
2023-11-28 00:00:00-05:00,2.677000045776367,2.700000047683716,2.5450000762939453,2.569999933242798,195500,0.0,0.0
2023-11-29 00:00:00-05:00,2.5799999237060547,2.740000009536743,2.5799999237060547,2.5999999046325684,221400,0.0,0.0
2023-11-30 00:00:00-05:00,2.6500000953674316,2.809999942779541,2.4000000953674316,2.490000009536743,732500,0.0,0.0
2023-12-01 00:00:00-05:00,2.4600000381469727,2.549999952316284,2.3299999237060547,2.3399999141693115,397500,0.0,0.0
2023-12-04 00:00:00-05:00,2.5,2.5,2.309999942779541,2.369999885559082,386400,0.0,0.0
2023-12-05 00:00:00-05:00,2.430000066757202,2.609999895095825,2.359999895095825,2.490000009536743,265500,0.0,0.0
2023-12-06 00:00:00-05:00,2.490000009536743,2.690000057220459,2.4649999141693115,2.549999952316284,249200,0.0,0.0
2023-12-07 00:00:00-05:00,2.5899999141693115,2.799999952316284,2.509999990463257,2.700000047683716,167500,0.0,0.0
2023-12-08 00:00:00-05:00,2.5999999046325684,2.7699999809265137,2.5999999046325684,2.6500000953674316,175200,0.0,0.0
2023-12-11 00:00:00-05:00,2.630000114440918,2.630000114440918,2.3299999237060547,2.3499999046325684,362500,0.0,0.0
2023-12-12 00:00:00-05:00,2.3299999237060547,2.4200000762939453,2.2699999809265137,2.369999885559082,99400,0.0,0.0
2023-12-13 00:00:00-05:00,2.430000066757202,2.680000066757202,2.3399999141693115,2.630000114440918,204300,0.0,0.0
2023-12-14 00:00:00-05:00,2.6600000858306885,2.7899999618530273,2.4800000190734863,2.690000057220459,545100,0.0,0.0
2023-12-15 00:00:00-05:00,2.7300000190734863,2.9130001068115234,2.7100000381469727,2.7899999618530273,558600,0.0,0.0
2023-12-18 00:00:00-05:00,2.799999952316284,2.8299999237060547,2.680000066757202,2.7699999809265137,97100,0.0,0.0
2023-12-19 00:00:00-05:00,2.819999933242798,2.869999885559082,2.75,2.8299999237060547,213600,0.0,0.0
2023-12-20 00:00:00-05:00,2.809999942779541,3.0399999618530273,2.7699999809265137,2.880000114440918,187700,0.0,0.0
2023-12-21 00:00:00-05:00,3.5999999046325684,4.039999961853027,3.2699999809265137,3.7300000190734863,13565100,0.0,0.0
2023-12-22 00:00:00-05:00,3.690000057220459,4.300000190734863,3.6549999713897705,4.010000228881836,4689800,0.0,0.0
2023-12-26 00:00:00-05:00,4.010000228881836,4.440000057220459,3.8929998874664307,4.409999847412109,963300,0.0,0.0
2023-12-27 00:00:00-05:00,4.489999771118164,4.690000057220459,4.239999771118164,4.630000114440918,876100,0.0,0.0
2023-12-28 00:00:00-05:00,4.550000190734863,4.980000019073486,4.429999828338623,4.570000171661377,1160200,0.0,0.0
2023-12-29 00:00:00-05:00,4.849999904632568,5.150000095367432,4.480000019073486,4.539999961853027,1563300,0.0,0.0
2024-01-02 00:00:00-05:00,4.460000038146973,4.900000095367432,4.429999828338623,4.840000152587891,853700,0.0,0.0
2024-01-03 00:00:00-05:00,4.75,4.900000095367432,4.320000171661377,4.510000228881836,904400,0.0,0.0
2024-01-04 00:00:00-05:00,4.53000020980835,4.820000171661377,4.408999919891357,4.789999961853027,319900,0.0,0.0
2024-01-05 00:00:00-05:00,4.809999942779541,4.829999923706055,4.449999809265137,4.630000114440918,411800,0.0,0.0
2024-01-08 00:00:00-05:00,4.650000095367432,4.949999809265137,4.449999809265137,4.789999961853027,840700,0.0,0.0
2024-01-09 00:00:00-05:00,4.690000057220459,4.949999809265137,4.590000152587891,4.650000095367432,913100,0.0,0.0
2024-01-10 00:00:00-05:00,4.650000095367432,4.760000228881836,4.309999942779541,4.389999866485596,1292600,0.0,0.0
2024-01-11 00:00:00-05:00,4.369999885559082,4.5,4.210000038146973,4.300000190734863,1479200,0.0,0.0
2024-01-12 00:00:00-05:00,4.349999904632568,4.452000141143799,4.050000190734863,4.199999809265137,955700,0.0,0.0
2024-01-16 00:00:00-05:00,4.130000114440918,4.610000133514404,4.070000171661377,4.409999847412109,5462800,0.0,0.0
2024-01-17 00:00:00-05:00,4.230000019073486,4.619999885559082,4.230000019073486,4.599999904632568,470000,0.0,0.0
2024-01-18 00:00:00-05:00,4.670000076293945,4.739999771118164,4.210000038146973,4.329999923706055,1267400,0.0,0.0
2024-01-19 00:00:00-05:00,4.349999904632568,4.514999866485596,4.25,4.340000152587891,559600,0.0,0.0
2024-01-22 00:00:00-05:00,4.360000133514404,4.460000038146973,4.215000152587891,4.449999809265137,598400,0.0,0.0
2024-01-23 00:00:00-05:00,4.539999961853027,4.960000038146973,4.440000057220459,4.690000057220459,1850300,0.0,0.0
2024-01-24 00:00:00-05:00,4.829999923706055,4.8379998207092285,4.440000057220459,4.440000057220459,491400,0.0,0.0
2024-01-25 00:00:00-05:00,4.539999961853027,4.730000019073486,4.369999885559082,4.599999904632568,788700,0.0,0.0
2024-01-26 00:00:00-05:00,4.610000133514404,4.75,4.420000076293945,4.5,473200,0.0,0.0
2024-01-29 00:00:00-05:00,4.5,4.710000038146973,4.429999828338623,4.650000095367432,496700,0.0,0.0
2024-01-30 00:00:00-05:00,4.619999885559082,4.619999885559082,4.179999828338623,4.21999979019165,707800,0.0,0.0
2024-01-31 00:00:00-05:00,4.409999847412109,4.489999771118164,4.1020002365112305,4.15500020980835,383000,0.0,0.0
2024-02-01 00:00:00-05:00,4.170000076293945,4.260000228881836,3.950000047683716,4.239999771118164,371900,0.0,0.0
2024-02-02 00:00:00-05:00,4.170000076293945,4.195000171661377,3.9600000381469727,4.03000020980835,1183500,0.0,0.0
2024-02-05 00:00:00-05:00,3.940000057220459,4.699999809265137,3.859999895095825,4.630000114440918,1168800,0.0,0.0
2024-02-06 00:00:00-05:00,4.579999923706055,5.53000020980835,4.489999771118164,5.46999979019165,1423500,0.0,0.0
2024-02-07 00:00:00-05:00,5.519999980926514,5.869999885559082,5.360000133514404,5.590000152587891,669000,0.0,0.0
2024-02-08 00:00:00-05:00,5.670000076293945,5.849999904632568,5.313000202178955,5.349999904632568,702300,0.0,0.0
2024-02-09 00:00:00-05:00,5.349999904632568,5.489999771118164,5.320000171661377,5.440000057220459,422700,0.0,0.0
2024-02-12 00:00:00-05:00,5.480000019073486,5.739999771118164,5.28000020980835,5.429999828338623,734900,0.0,0.0
2024-02-13 00:00:00-05:00,5.090000152587891,5.289999961853027,4.920000076293945,5.010000228881836,612500,0.0,0.0
2024-02-14 00:00:00-05:00,5.110000133514404,5.340000152587891,5.0,5.239999771118164,358700,0.0,0.0
2024-02-15 00:00:00-05:00,5.289999961853027,5.449999809265137,5.159999847412109,5.210000038146973,784900,0.0,0.0
2024-02-16 00:00:00-05:00,5.21999979019165,5.389999866485596,4.860000133514404,5.130000114440918,1125100,0.0,0.0
2024-02-20 00:00:00-05:00,5.150000095367432,6.0,5.099999904632568,5.190000057220459,2110900,0.0,0.0
2024-02-21 00:00:00-05:00,5.110000133514404,5.206999778747559,4.710000038146973,4.909999847412109,599200,0.0,0.0
2024-02-22 00:00:00-05:00,5.0,5.230000019073486,4.880000114440918,5.0,740200,0.0,0.0
2024-02-23 00:00:00-05:00,5.139999866485596,5.289999961853027,5.010000228881836,5.25,346600,0.0,0.0
2024-02-26 00:00:00-05:00,5.349999904632568,5.730000019073486,5.309999942779541,5.440000057220459,893200,0.0,0.0
2024-02-27 00:00:00-05:00,5.599999904632568,5.75,5.381999969482422,5.489999771118164,1440300,0.0,0.0
2024-02-28 00:00:00-05:00,5.400000095367432,5.610000133514404,5.380000114440918,5.489999771118164,632500,0.0,0.0
2024-02-29 00:00:00-05:00,5.610000133514404,5.949999809265137,5.400000095367432,5.570000171661377,1801100,0.0,0.0
2024-03-01 00:00:00-05:00,6.199999809265137,6.449999809265137,5.789999961853027,5.96999979019165,3761900,0.0,0.0
2024-03-04 00:00:00-05:00,6.400000095367432,6.5,5.730000019073486,5.869999885559082,1181100,0.0,0.0
2024-03-05 00:00:00-05:00,5.869999885559082,5.980000019073486,5.309999942779541,5.349999904632568,851600,0.0,0.0
2024-03-06 00:00:00-05:00,5.389999866485596,5.574999809265137,5.190000057220459,5.239999771118164,601900,0.0,0.0
2024-03-07 00:00:00-05:00,5.25,5.429999828338623,4.71999979019165,4.909999847412109,1753000,0.0,0.0
2024-03-08 00:00:00-05:00,4.980000019073486,5.519999980926514,4.760000228881836,4.96999979019165,2263400,0.0,0.0
2024-03-11 00:00:00-04:00,4.940000057220459,5.070000171661377,4.400000095367432,4.5,738100,0.0,0.0
2024-03-12 00:00:00-04:00,4.5,4.650000095367432,4.400000095367432,4.590000152587891,632400,0.0,0.0
2024-03-13 00:00:00-04:00,5.269999980926514,6.050000190734863,5.039999961853027,5.769999980926514,4729500,0.0,0.0
2024-03-14 00:00:00-04:00,6.449999809265137,6.5279998779296875,5.440000057220459,5.599999904632568,3056600,0.0,0.0
2024-03-15 00:00:00-04:00,5.599999904632568,6.953999996185303,5.5,6.690000057220459,7883900,0.0,0.0
2024-03-18 00:00:00-04:00,6.940000057220459,7.0,6.190000057220459,6.289999961853027,2519200,0.0,0.0
2024-03-19 00:00:00-04:00,6.179999828338623,6.328999996185303,5.78000020980835,6.079999923706055,1583500,0.0,0.0
2024-03-20 00:00:00-04:00,6.010000228881836,6.099999904632568,5.659999847412109,5.889999866485596,1631000,0.0,0.0
2024-03-21 00:00:00-04:00,5.929999828338623,6.190000057220459,5.775000095367432,6.090000152587891,1766900,0.0,0.0
2024-03-22 00:00:00-04:00,6.260000228881836,7.610000133514404,6.110000133514404,6.800000190734863,5167400,0.0,0.0
2024-03-25 00:00:00-04:00,6.96999979019165,7.190000057220459,6.559999942779541,6.639999866485596,1698400,0.0,0.0
2024-03-26 00:00:00-04:00,6.849999904632568,7.144999980926514,6.570000171661377,6.880000114440918,1652500,0.0,0.0
2024-03-27 00:00:00-04:00,7.369999885559082,8.399999618530273,7.159999847412109,7.809999942779541,5563800,0.0,0.0
2024-03-28 00:00:00-04:00,8.0,8.260000228881836,7.03000020980835,7.170000076293945,4063100,0.0,0.0
2024-04-01 00:00:00-04:00,7.099999904632568,7.309999942779541,6.559999942779541,6.630000114440918,2031000,0.0,0.0
2024-04-02 00:00:00-04:00,6.340000152587891,6.820000171661377,6.340000152587891,6.420000076293945,1706600,0.0,0.0
2024-04-03 00:00:00-04:00,6.46999979019165,6.71999979019165,6.309999942779541,6.449999809265137,1422000,0.0,0.0
2024-04-04 00:00:00-04:00,6.53000020980835,6.885000228881836,6.320000171661377,6.380000114440918,2646600,0.0,0.0
2024-04-05 00:00:00-04:00,6.289999961853027,6.335000038146973,6.03000020980835,6.190000057220459,1017000,0.0,0.0
2024-04-08 00:00:00-04:00,6.110000133514404,6.215000152587891,5.789999961853027,6.050000190734863,1380000,0.0,0.0
2024-04-09 00:00:00-04:00,5.920000076293945,6.260000228881836,5.809999942779541,6.230000019073486,1296800,0.0,0.0
2024-04-10 00:00:00-04:00,6.070000171661377,6.190000057220459,5.909999847412109,6.170000076293945,1153200,0.0,0.0
2024-04-11 00:00:00-04:00,6.400000095367432,6.559999942779541,6.0,6.070000171661377,808800,0.0,0.0
2024-04-12 00:00:00-04:00,5.980000019073486,6.070000171661377,5.860000133514404,5.980000019073486,1301000,0.0,0.0
2024-04-15 00:00:00-04:00,5.989999771118164,5.989999771118164,5.454999923706055,5.739999771118164,1307000,0.0,0.0
2024-04-16 00:00:00-04:00,5.539999961853027,5.699999809265137,5.110000133514404,5.114999771118164,1345000,0.0,0.0
2024-04-17 00:00:00-04:00,5.139999866485596,5.210000038146973,4.579999923706055,4.585000038146973,1977200,0.0,0.0
2024-04-18 00:00:00-04:00,4.599999904632568,4.760000228881836,4.380000114440918,4.440000057220459,1394500,0.0,0.0
2024-04-19 00:00:00-04:00,4.329999923706055,4.710000038146973,4.28000020980835,4.559999942779541,1154400,0.0,0.0
2024-04-22 00:00:00-04:00,4.510000228881836,4.664999961853027,4.380000114440918,4.545000076293945,1157600,0.0,0.0
2024-04-23 00:00:00-04:00,4.550000190734863,4.690000057220459,4.440000057220459,4.440000057220459,855700,0.0,0.0
2024-04-24 00:00:00-04:00,4.829999923706055,4.849999904632568,4.409999847412109,4.449999809265137,3606200,0.0,0.0
2024-04-25 00:00:00-04:00,4.369999885559082,4.829999923706055,4.260000228881836,4.590000152587891,1899200,0.0,0.0
2024-04-26 00:00:00-04:00,4.650000095367432,4.789999961853027,4.53000020980835,4.699999809265137,1430700,0.0,0.0
2024-04-29 00:00:00-04:00,4.760000228881836,4.900000095367432,4.644999980926514,4.699999809265137,1627600,0.0,0.0
2024-04-30 00:00:00-04:00,4.699999809265137,4.75,4.445000171661377,4.550000190734863,2089400,0.0,0.0
2024-05-01 00:00:00-04:00,4.590000152587891,4.849999904632568,4.46999979019165,4.75,2904300,0.0,0.0
2024-05-02 00:00:00-04:00,4.820000171661377,4.849999904632568,4.579999923706055,4.659999847412109,877400,0.0,0.0
2024-05-03 00:00:00-04:00,4.75,5.059999942779541,4.690000057220459,4.880000114440918,2884400,0.0,0.0
2024-05-06 00:00:00-04:00,5.03000020980835,5.059999942779541,4.800000190734863,4.809999942779541,1537800,0.0,0.0
2024-05-07 00:00:00-04:00,4.900000095367432,4.989999771118164,4.699999809265137,4.730000019073486,2336100,0.0,0.0
2024-05-08 00:00:00-04:00,4.71999979019165,4.925000190734863,4.599999904632568,4.869999885559082,1618400,0.0,0.0
2024-05-09 00:00:00-04:00,4.860000133514404,5.349999904632568,4.820000171661377,5.099999904632568,1877700,0.0,0.0
2024-05-10 00:00:00-04:00,5.190000057220459,5.289999961853027,4.670000076293945,4.75,1892100,0.0,0.0
2024-05-13 00:00:00-04:00,4.949999809265137,5.170000076293945,4.795000076293945,4.869999885559082,1336200,0.0,0.0
2024-05-14 00:00:00-04:00,4.960000038146973,5.179999828338623,4.760000228881836,4.820000171661377,2421500,0.0,0.0
2024-05-15 00:00:00-04:00,4.929999828338623,5.050000190734863,4.420000076293945,4.5,2955700,0.0,0.0
2024-05-16 00:00:00-04:00,4.5,4.559999942779541,4.289999961853027,4.360000133514404,1031100,0.0,0.0
2024-05-17 00:00:00-04:00,4.409999847412109,4.445000171661377,4.199999809265137,4.329999923706055,1528300,0.0,0.0
2024-05-20 00:00:00-04:00,4.449999809265137,4.710000038146973,4.300000190734863,4.679999828338623,1167400,0.0,0.0
2024-05-21 00:00:00-04:00,4.690000057220459,4.809999942779541,4.599999904632568,4.800000190734863,949500,0.0,0.0
2024-05-22 00:00:00-04:00,4.78000020980835,5.059999942779541,4.735000133514404,4.880000114440918,1105400,0.0,0.0
2024-05-23 00:00:00-04:00,4.909999847412109,4.96999979019165,4.664999961853027,4.699999809265137,746400,0.0,0.0
2024-05-24 00:00:00-04:00,4.730000019073486,4.985000133514404,4.639999866485596,4.960000038146973,751000,0.0,0.0
2024-05-28 00:00:00-04:00,5.039999961853027,5.389999866485596,4.860000133514404,4.960000038146973,2005700,0.0,0.0
2024-05-29 00:00:00-04:00,4.869999885559082,4.926000118255615,4.619999885559082,4.699999809265137,865000,0.0,0.0
2024-05-30 00:00:00-04:00,4.760000228881836,4.909999847412109,4.650000095367432,4.730000019073486,680700,0.0,0.0
2024-05-31 00:00:00-04:00,4.760000228881836,5.09499979019165,4.699999809265137,4.829999923706055,1574900,0.0,0.0
2024-06-03 00:00:00-04:00,4.880000114440918,5.03000020980835,4.550000190734863,4.579999923706055,3700700,0.0,0.0
2024-06-04 00:00:00-04:00,6.03000020980835,7.139999866485596,5.519999980926514,5.989999771118164,48254900,0.0,0.0
2024-06-05 00:00:00-04:00,5.8979997634887695,7.440000057220459,5.679999828338623,6.789999961853027,12333000,0.0,0.0
2024-06-06 00:00:00-04:00,6.46999979019165,6.800000190734863,5.71999979019165,5.889999866485596,10134900,0.0,0.0
2024-06-07 00:00:00-04:00,5.78000020980835,5.820000171661377,5.320000171661377,5.739999771118164,4623700,0.0,0.0
2024-06-10 00:00:00-04:00,5.699999809265137,5.840000152587891,5.559999942779541,5.71999979019165,2136200,0.0,0.0
2024-06-11 00:00:00-04:00,5.659999847412109,5.699999809265137,5.230000019073486,5.460000038146973,3052800,0.0,0.0
2024-06-12 00:00:00-04:00,5.599999904632568,6.480000019073486,5.559999942779541,6.039999961853027,2438000,0.0,0.0
2024-06-13 00:00:00-04:00,5.960000038146973,6.21999979019165,5.840000152587891,6.010000228881836,1267800,0.0,0.0
2024-06-14 00:00:00-04:00,5.889999866485596,5.980000019073486,5.610000133514404,5.619999885559082,1441300,0.0,0.0
2024-06-17 00:00:00-04:00,5.590000152587891,5.619999885559082,5.329999923706055,5.360000133514404,1096400,0.0,0.0
2024-06-18 00:00:00-04:00,5.320000171661377,5.360000133514404,5.03000020980835,5.070000171661377,1833600,0.0,0.0
2024-06-20 00:00:00-04:00,5.039999961853027,5.21999979019165,4.980000019073486,5.199999809265137,2030400,0.0,0.0
2024-06-21 00:00:00-04:00,5.25,5.300000190734863,4.929999828338623,4.980000019073486,2548700,0.0,0.0
2024-06-24 00:00:00-04:00,5.0,5.050000190734863,4.744999885559082,4.769999980926514,1465900,0.0,0.0
2024-06-25 00:00:00-04:00,4.78000020980835,4.829999923706055,4.519999980926514,4.579999923706055,1491500,0.0,0.0
2024-06-26 00:00:00-04:00,4.75,4.789999961853027,4.449999809265137,4.650000095367432,3983900,0.0,0.0
2024-06-27 00:00:00-04:00,4.619999885559082,5.099999904632568,4.5,4.820000171661377,2568000,0.0,0.0
2024-06-28 00:00:00-04:00,4.829999923706055,4.989999771118164,4.670000076293945,4.900000095367432,5289900,0.0,0.0
2024-07-01 00:00:00-04:00,4.980000019073486,5.150000095367432,4.820000171661377,5.050000190734863,2558300,0.0,0.0
2024-07-02 00:00:00-04:00,4.980000019073486,5.090000152587891,4.519999980926514,4.565000057220459,1395800,0.0,0.0
2024-07-03 00:00:00-04:00,4.659999847412109,4.909999847412109,4.619999885559082,4.795000076293945,922600,0.0,0.0
2024-07-05 00:00:00-04:00,4.75,4.755000114440918,4.449999809265137,4.489999771118164,1226500,0.0,0.0
2024-07-08 00:00:00-04:00,4.53000020980835,4.78000020980835,4.5,4.78000020980835,1335800,0.0,0.0
2024-07-09 00:00:00-04:00,4.769999980926514,5.079999923706055,4.739999771118164,5.050000190734863,2310900,0.0,0.0
2024-07-10 00:00:00-04:00,5.050000190734863,5.255000114440918,4.974999904632568,5.039999961853027,959700,0.0,0.0
2024-07-11 00:00:00-04:00,5.110000133514404,5.820000171661377,5.059999942779541,5.46999979019165,2278100,0.0,0.0
2024-07-12 00:00:00-04:00,5.550000190734863,6.340000152587891,5.519999980926514,6.079999923706055,2323800,0.0,0.0
2024-07-15 00:00:00-04:00,6.050000190734863,6.25,5.949999809265137,6.170000076293945,3380100,0.0,0.0
2024-07-16 00:00:00-04:00,6.28000020980835,6.28000020980835,6.099999904632568,6.179999828338623,1898000,0.0,0.0
2024-07-17 00:00:00-04:00,6.099999904632568,6.239999771118164,5.659999847412109,5.869999885559082,1694500,0.0,0.0
2024-07-18 00:00:00-04:00,5.820000171661377,6.0,5.409999847412109,5.590000152587891,1593200,0.0,0.0
2024-07-19 00:00:00-04:00,5.659999847412109,5.980000019073486,5.550000190734863,5.630000114440918,1314700,0.0,0.0
2024-07-22 00:00:00-04:00,5.650000095367432,5.860000133514404,5.460000038146973,5.824999809265137,1129600,0.0,0.0
2024-07-23 00:00:00-04:00,5.739999771118164,6.039999961853027,5.675000190734863,5.869999885559082,875600,0.0,0.0
2024-07-24 00:00:00-04:00,5.769999980926514,6.289999961853027,5.630000114440918,6.090000152587891,1991800,0.0,0.0
2024-07-25 00:00:00-04:00,6.119999885559082,6.420000076293945,6.050000190734863,6.175000190734863,1132300,0.0,0.0
2024-07-26 00:00:00-04:00,6.25,6.449999809265137,6.103000164031982,6.239999771118164,1180300,0.0,0.0
2024-07-29 00:00:00-04:00,6.28000020980835,6.554999828338623,6.110000133514404,6.454999923706055,1209600,0.0,0.0
2024-07-30 00:00:00-04:00,6.5,6.599999904632568,6.079999923706055,6.210000038146973,1472400,0.0,0.0
2024-07-31 00:00:00-04:00,6.239999771118164,6.78000020980835,6.21999979019165,6.409999847412109,1103800,0.0,0.0
2024-08-01 00:00:00-04:00,6.400000095367432,6.5,6.03000020980835,6.099999904632568,1214800,0.0,0.0
2024-08-02 00:00:00-04:00,5.829999923706055,6.010000228881836,5.690000057220459,5.96999979019165,1062900,0.0,0.0
2024-08-05 00:00:00-04:00,5.289999961853027,5.650000095367432,5.21999979019165,5.409999847412109,1130700,0.0,0.0
2024-08-06 00:00:00-04:00,5.590000152587891,5.800000190734863,5.447999954223633,5.670000076293945,639800,0.0,0.0
2024-08-07 00:00:00-04:00,5.78000020980835,5.829999923706055,5.309999942779541,5.389999866485596,769400,0.0,0.0
2024-08-08 00:00:00-04:00,5.420000076293945,5.639999866485596,5.340000152587891,5.489999771118164,828400,0.0,0.0
2024-08-09 00:00:00-04:00,5.570000171661377,5.670000076293945,5.460000038146973,5.480000019073486,611100,0.0,0.0
2024-08-12 00:00:00-04:00,5.550000190734863,5.670000076293945,5.289999961853027,5.610000133514404,1093600,0.0,0.0
2024-08-13 00:00:00-04:00,5.550000190734863,5.889999866485596,5.550000190734863,5.684999942779541,878200,0.0,0.0
2024-08-14 00:00:00-04:00,5.679999828338623,5.730000019073486,5.369999885559082,5.610000133514404,662900,0.0,0.0
2024-08-15 00:00:00-04:00,5.78000020980835,6.03000020980835,5.739999771118164,5.980000019073486,1535000,0.0,0.0
2024-08-16 00:00:00-04:00,5.96999979019165,6.230000019073486,5.960000038146973,6.099999904632568,766700,0.0,0.0
2024-08-19 00:00:00-04:00,6.119999885559082,6.300000190734863,5.791999816894531,5.980000019073486,1686400,0.0,0.0
2024-08-20 00:00:00-04:00,5.929999828338623,6.130000114440918,5.75,5.989999771118164,1414800,0.0,0.0
2024-08-21 00:00:00-04:00,5.989999771118164,6.159999847412109,5.900000095367432,5.909999847412109,1457100,0.0,0.0
2024-08-22 00:00:00-04:00,5.909999847412109,6.010000228881836,5.679999828338623,5.800000190734863,609100,0.0,0.0
2024-08-23 00:00:00-04:00,5.809999942779541,6.0,5.710000038146973,5.889999866485596,1212000,0.0,0.0
2024-08-26 00:00:00-04:00,5.920000076293945,6.249000072479248,5.880000114440918,6.110000133514404,1151000,0.0,0.0
2024-08-27 00:00:00-04:00,5.929999828338623,6.179999828338623,5.809999942779541,6.050000190734863,554800,0.0,0.0
2024-08-28 00:00:00-04:00,5.989999771118164,6.119999885559082,5.829999923706055,5.940000057220459,682200,0.0,0.0
2024-08-29 00:00:00-04:00,5.949999809265137,6.204999923706055,5.920000076293945,5.929999828338623,684100,0.0,0.0
2024-08-30 00:00:00-04:00,5.96999979019165,6.039999961853027,5.659999847412109,5.699999809265137,614300,0.0,0.0
2024-09-03 00:00:00-04:00,5.610000133514404,5.71999979019165,5.380000114440918,5.409999847412109,1026700,0.0,0.0
2024-09-04 00:00:00-04:00,5.409999847412109,5.630000114440918,5.309999942779541,5.590000152587891,586000,0.0,0.0
2024-09-05 00:00:00-04:00,5.590000152587891,5.900000095367432,5.559999942779541,5.820000171661377,901900,0.0,0.0
2024-09-06 00:00:00-04:00,5.849999904632568,6.0,5.534999847412109,5.75,612600,0.0,0.0
2024-09-09 00:00:00-04:00,5.78000020980835,6.349999904632568,5.769999980926514,6.21999979019165,876500,0.0,0.0
2024-09-10 00:00:00-04:00,6.239999771118164,6.366000175476074,6.119999885559082,6.25,573800,0.0,0.0
2024-09-11 00:00:00-04:00,6.170000076293945,6.260000228881836,5.989999771118164,6.179999828338623,569300,0.0,0.0
2024-09-12 00:00:00-04:00,6.159999847412109,6.876999855041504,6.03000020980835,6.730000019073486,1375200,0.0,0.0
2024-09-13 00:00:00-04:00,6.769999980926514,7.309999942779541,6.670000076293945,7.199999809265137,1130600,0.0,0.0
2024-09-16 00:00:00-04:00,7.25,7.289999961853027,6.900000095367432,7.15500020980835,1585400,0.0,0.0
2024-09-17 00:00:00-04:00,7.139999866485596,7.260000228881836,6.880000114440918,6.989999771118164,1341700,0.0,0.0
2024-09-18 00:00:00-04:00,6.96999979019165,7.28000020980835,6.894000053405762,6.929999828338623,2601600,0.0,0.0
2024-09-19 00:00:00-04:00,7.099999904632568,7.260000228881836,6.929999828338623,7.025000095367432,1484500,0.0,0.0
2024-09-20 00:00:00-04:00,6.980000019073486,7.195000171661377,6.925000190734863,7.03000020980835,7501800,0.0,0.0
2024-09-23 00:00:00-04:00,7.059999942779541,7.090000152587891,6.559999942779541,6.650000095367432,1118900,0.0,0.0
2024-09-24 00:00:00-04:00,6.650000095367432,6.650000095367432,6.289999961853027,6.300000190734863,2107800,0.0,0.0
2024-09-25 00:00:00-04:00,6.349999904632568,6.429999828338623,6.110000133514404,6.130000114440918,1127900,0.0,0.0
2024-09-26 00:00:00-04:00,6.190000057220459,6.289999961853027,5.880000114440918,6.119999885559082,1242500,0.0,0.0
2024-09-27 00:00:00-04:00,6.190000057220459,6.349999904632568,6.054999828338623,6.139999866485596,877900,0.0,0.0
2024-09-30 00:00:00-04:00,6.079999923706055,6.199999809265137,5.881999969482422,5.920000076293945,935900,0.0,0.0
2024-10-01 00:00:00-04:00,5.949999809265137,6.170000076293945,5.739999771118164,6.110000133514404,1244200,0.0,0.0
2024-10-02 00:00:00-04:00,6.039999961853027,6.579999923706055,5.965000152587891,6.420000076293945,1263300,0.0,0.0
2024-10-03 00:00:00-04:00,6.519999980926514,6.650000095367432,6.099999904632568,6.210000038146973,1429700,0.0,0.0
2024-10-04 00:00:00-04:00,6.300000190734863,6.429999828338623,6.199999809265137,6.289999961853027,656200,0.0,0.0
2024-10-07 00:00:00-04:00,6.309999942779541,6.340000152587891,6.059999942779541,6.139999866485596,1577500,0.0,0.0
2024-10-08 00:00:00-04:00,6.139999866485596,6.90500020980835,6.050000190734863,6.889999866485596,1129600,0.0,0.0
2024-10-09 00:00:00-04:00,6.869999885559082,7.244999885559082,6.710000038146973,6.949999809265137,1488600,0.0,0.0
2024-10-10 00:00:00-04:00,6.849999904632568,7.130000114440918,6.755000114440918,7.019999980926514,1237500,0.0,0.0
2024-10-11 00:00:00-04:00,6.96999979019165,7.559999942779541,6.936999797821045,7.380000114440918,2569400,0.0,0.0
2024-10-14 00:00:00-04:00,7.369999885559082,7.53000020980835,7.260000228881836,7.409999847412109,1977300,0.0,0.0
2024-10-15 00:00:00-04:00,7.409999847412109,7.53000020980835,7.289999961853027,7.449999809265137,769000,0.0,0.0
2024-10-16 00:00:00-04:00,7.5,7.724999904632568,7.25,7.619999885559082,2133000,0.0,0.0
2024-10-17 00:00:00-04:00,7.650000095367432,7.744999885559082,7.550000190734863,7.630000114440918,850700,0.0,0.0
2024-10-18 00:00:00-04:00,7.630000114440918,7.849999904632568,7.434999942779541,7.480000019073486,776300,0.0,0.0
2024-10-21 00:00:00-04:00,7.440000057220459,7.550000190734863,7.210000038146973,7.480000019073486,1042100,0.0,0.0
2024-10-22 00:00:00-04:00,7.480000019073486,7.739999771118164,7.46999979019165,7.570000171661377,673900,0.0,0.0
2024-10-23 00:00:00-04:00,7.5,7.610000133514404,7.21999979019165,7.340000152587891,1068600,0.0,0.0
2024-10-24 00:00:00-04:00,7.360000133514404,7.46999979019165,7.25,7.440000057220459,464900,0.0,0.0
2024-10-25 00:00:00-04:00,7.5,7.579999923706055,7.35099983215332,7.400000095367432,534100,0.0,0.0
2024-10-28 00:00:00-04:00,7.53000020980835,7.639999866485596,7.420000076293945,7.570000171661377,692800,0.0,0.0
2024-10-29 00:00:00-04:00,7.539999961853027,7.629000186920166,7.329999923706055,7.570000171661377,1379900,0.0,0.0
2024-10-30 00:00:00-04:00,7.619999885559082,7.619999885559082,7.480000019073486,7.539999961853027,612600,0.0,0.0
2024-10-31 00:00:00-04:00,7.510000228881836,7.570000171661377,7.320000171661377,7.320000171661377,1024400,0.0,0.0
2024-11-01 00:00:00-04:00,7.400000095367432,7.429999828338623,7.190000057220459,7.28000020980835,686100,0.0,0.0
2024-11-04 00:00:00-05:00,7.21999979019165,7.34499979019165,6.849999904632568,7.090000152587891,1446300,0.0,0.0
2024-11-05 00:00:00-05:00,7.150000095367432,7.289999961853027,6.940000057220459,7.25,5009900,0.0,0.0
2024-11-06 00:00:00-05:00,7.5,7.625,7.28000020980835,7.46999979019165,1576800,0.0,0.0
2024-11-07 00:00:00-05:00,7.489999771118164,7.610000133514404,7.329999923706055,7.360000133514404,1245300,0.0,0.0
2024-11-08 00:00:00-05:00,7.409999847412109,7.445000171661377,7.150000095367432,7.230000019073486,835800,0.0,0.0
2024-11-11 00:00:00-05:00,7.260000228881836,7.289999961853027,6.960000038146973,6.96999979019165,755900,0.0,0.0
2024-11-12 00:00:00-05:00,6.900000095367432,6.929999828338623,6.534999847412109,6.610000133514404,1671200,0.0,0.0
2024-11-13 00:00:00-05:00,6.699999809265137,6.809999942779541,6.53000020980835,6.550000190734863,1078400,0.0,0.0
2024-11-14 00:00:00-05:00,6.650000095367432,6.650000095367432,6.269999980926514,6.329999923706055,796100,0.0,0.0
2024-11-15 00:00:00-05:00,6.489999771118164,6.489999771118164,6.019999980926514,6.119999885559082,1916700,0.0,0.0
2024-11-18 00:00:00-05:00,6.130000114440918,6.21999979019165,5.440000057220459,5.460000038146973,1673400,0.0,0.0
2024-11-19 00:00:00-05:00,5.510000228881836,5.619999885559082,5.349999904632568,5.460000038146973,1431600,0.0,0.0
2024-11-20 00:00:00-05:00,5.460000038146973,5.460000038146973,5.045000076293945,5.159999847412109,1544300,0.0,0.0
2024-11-21 00:00:00-05:00,5.159999847412109,5.440000057220459,5.059999942779541,5.170000076293945,2221300,0.0,0.0
2024-11-22 00:00:00-05:00,5.179999828338623,5.320000171661377,5.079999923706055,5.139999866485596,1196400,0.0,0.0
2024-11-25 00:00:00-05:00,5.139999866485596,5.349999904632568,5.065000057220459,5.099999904632568,2534100,0.0,0.0
2024-11-26 00:00:00-05:00,5.110000133514404,5.409999847412109,5.050000190734863,5.289999961853027,1372800,0.0,0.0
2024-11-27 00:00:00-05:00,5.28000020980835,5.5,5.269999980926514,5.340000152587891,1026700,0.0,0.0
2024-11-29 00:00:00-05:00,5.320000171661377,5.46999979019165,5.300000190734863,5.389999866485596,757700,0.0,0.0
2024-12-02 00:00:00-05:00,5.389999866485596,5.550000190734863,5.235000133514404,5.269999980926514,1073700,0.0,0.0
2024-12-03 00:00:00-05:00,5.25,5.429999828338623,4.829999923706055,4.989999771118164,1781700,0.0,0.0
2024-12-04 00:00:00-05:00,5.010000228881836,5.224999904632568,4.974999904632568,5.159999847412109,1087300,0.0,0.0
2024-12-05 00:00:00-05:00,5.389999866485596,5.53000020980835,4.989999771118164,5.070000171661377,914700,0.0,0.0
2024-12-06 00:00:00-05:00,5.184999942779541,5.239999771118164,5.079999923706055,5.099999904632568,948300,0.0,0.0
2024-12-09 00:00:00-05:00,5.079999923706055,5.159999847412109,4.929999828338623,4.960000038146973,779900,0.0,0.0
2024-12-10 00:00:00-05:00,4.909999847412109,4.989999771118164,4.800000190734863,4.869999885559082,856700,0.0,0.0
2024-12-11 00:00:00-05:00,4.880000114440918,4.960000038146973,4.71999979019165,4.880000114440918,951900,0.0,0.0
2024-12-12 00:00:00-05:00,4.849999904632568,4.889999866485596,4.5,4.510000228881836,1094400,0.0,0.0
2024-12-13 00:00:00-05:00,4.510000228881836,4.570000171661377,4.400000095367432,4.440000057220459,1324300,0.0,0.0
2024-12-16 00:00:00-05:00,5.0,5.300000190734863,4.820000171661377,5.059999942779541,3718100,0.0,0.0
2024-12-17 00:00:00-05:00,5.050000190734863,5.119999885559082,4.71999979019165,4.880000114440918,1834800,0.0,0.0
2024-12-18 00:00:00-05:00,4.880000114440918,5.034999847412109,4.684999942779541,4.949999809265137,2353100,0.0,0.0
2024-12-19 00:00:00-05:00,4.929999828338623,5.230000019073486,4.704999923706055,5.21999979019165,2579400,0.0,0.0
2024-12-20 00:00:00-05:00,5.090000152587891,5.315000057220459,5.050000190734863,5.230000019073486,3535500,0.0,0.0
2024-12-23 00:00:00-05:00,5.21999979019165,5.355000019073486,5.0,5.28000020980835,1212100,0.0,0.0
2024-12-24 00:00:00-05:00,5.28000020980835,5.329999923706055,5.019999980926514,5.230000019073486,595900,0.0,0.0
2024-12-26 00:00:00-05:00,5.130000114440918,5.300000190734863,5.090000152587891,5.260000228881836,546000,0.0,0.0
2024-12-27 00:00:00-05:00,5.25,5.340000152587891,5.070000171661377,5.190000057220459,997900,0.0,0.0
2024-12-30 00:00:00-05:00,5.139999866485596,5.204999923706055,5.010000228881836,5.130000114440918,879300,0.0,0.0
2024-12-31 00:00:00-05:00,5.170000076293945,5.224999904632568,5.001999855041504,5.130000114440918,1039400,0.0,0.0
2025-01-02 00:00:00-05:00,5.179999828338623,5.539999961853027,5.119999885559082,5.5,977000,0.0,0.0
2025-01-03 00:00:00-05:00,5.539999961853027,5.659999847412109,5.389999866485596,5.409999847412109,1164200,0.0,0.0
2025-01-06 00:00:00-05:00,5.409999847412109,5.409999847412109,5.03000020980835,5.050000190734863,736900,0.0,0.0
2025-01-07 00:00:00-05:00,5.050000190734863,5.1479997634887695,4.920000076293945,5.050000190734863,807300,0.0,0.0
2025-01-08 00:00:00-05:00,5.010000228881836,5.025000095367432,4.78000020980835,4.840000152587891,678100,0.0,0.0
2025-01-10 00:00:00-05:00,4.800000190734863,4.860000133514404,4.53000020980835,4.829999923706055,1717700,0.0,0.0
2025-01-13 00:00:00-05:00,4.809999942779541,4.949999809265137,4.695000171661377,4.940000057220459,1259200,0.0,0.0
2025-01-14 00:00:00-05:00,4.960000038146973,4.985000133514404,4.505000114440918,4.53000020980835,2333600,0.0,0.0
2025-01-15 00:00:00-05:00,4.639999866485596,4.710000038146973,4.230000019073486,4.239999771118164,1682700,0.0,0.0
2025-01-16 00:00:00-05:00,4.239999771118164,4.380000114440918,4.025000095367432,4.110000133514404,4085700,0.0,0.0
2025-01-17 00:00:00-05:00,4.139999866485596,4.224999904632568,3.950000047683716,4.199999809265137,1668100,0.0,0.0
2025-01-21 00:00:00-05:00,4.239999771118164,4.28000020980835,4.105000019073486,4.170000076293945,1239300,0.0,0.0
2025-01-22 00:00:00-05:00,4.170000076293945,4.300000190734863,4.090000152587891,4.150000095367432,1241500,0.0,0.0
2025-01-23 00:00:00-05:00,4.130000114440918,4.359000205993652,3.950000047683716,4.239999771118164,1564100,0.0,0.0
2025-01-24 00:00:00-05:00,4.210000038146973,4.309999942779541,4.099999904632568,4.130000114440918,1297000,0.0,0.0
2025-01-27 00:00:00-05:00,4.099999904632568,4.28000020980835,3.8399999141693115,3.869999885559082,1817300,0.0,0.0
2025-01-28 00:00:00-05:00,3.880000114440918,4.179999828338623,3.819999933242798,4.099999904632568,1765900,0.0,0.0
2025-01-29 00:00:00-05:00,4.099999904632568,4.179999828338623,3.9749999046325684,4.119999885559082,1010800,0.0,0.0
2025-01-30 00:00:00-05:00,4.139999866485596,4.235000133514404,3.9800000190734863,4.039999961853027,2525000,0.0,0.0
2025-01-31 00:00:00-05:00,4.010000228881836,4.045000076293945,3.809999942779541,3.8399999141693115,1400600,0.0,0.0
2025-02-03 00:00:00-05:00,3.75,3.819999933242798,3.5,3.5199999809265137,1145900,0.0,0.0
2025-02-04 00:00:00-05:00,3.5,3.7100000381469727,3.434999942779541,3.690000057220459,1064100,0.0,0.0
2025-02-05 00:00:00-05:00,3.700000047683716,3.809999942779541,3.6600000858306885,3.700000047683716,987000,0.0,0.0
2025-02-06 00:00:00-05:00,3.690000057220459,3.744999885559082,3.559999942779541,3.569999933242798,1108500,0.0,0.0
2025-02-07 00:00:00-05:00,3.569999933242798,3.5999999046325684,3.424999952316284,3.440000057220459,1200400,0.0,0.0
2025-02-10 00:00:00-05:00,3.440000057220459,3.549999952316284,3.369999885559082,3.4000000953674316,932100,0.0,0.0
2025-02-11 00:00:00-05:00,3.369999885559082,3.380000114440918,3.0399999618530273,3.109999895095825,1345000,0.0,0.0
2025-02-12 00:00:00-05:00,3.049999952316284,3.115000009536743,2.9100000858306885,3.0,1385200,0.0,0.0
2025-02-13 00:00:00-05:00,3.0899999141693115,3.0899999141693115,2.869999885559082,3.009999990463257,1358400,0.0,0.0
2025-02-14 00:00:00-05:00,3.0299999713897705,3.240000009536743,3.0,3.069999933242798,851400,0.0,0.0
2025-02-18 00:00:00-05:00,3.059999942779541,3.1700000762939453,2.700000047683716,2.700000047683716,1479700,0.0,0.0
2025-02-19 00:00:00-05:00,2.680000066757202,2.880000114440918,2.634999990463257,2.8499999046325684,1332100,0.0,0.0
2025-02-20 00:00:00-05:00,2.8499999046325684,2.8910000324249268,2.7750000953674316,2.8299999237060547,796400,0.0,0.0
2025-02-21 00:00:00-05:00,2.890000104904175,2.930000066757202,2.7799999713897705,2.809999942779541,578100,0.0,0.0
2025-02-24 00:00:00-05:00,2.799999952316284,2.8299999237060547,2.640000104904175,2.6500000953674316,740000,0.0,0.0
2025-02-25 00:00:00-05:00,2.630000114440918,2.690000057220459,2.5350000858306885,2.5799999237060547,1117900,0.0,0.0
2025-02-26 00:00:00-05:00,2.5999999046325684,2.700000047683716,2.5309998989105225,2.5999999046325684,945300,0.0,0.0
2025-02-27 00:00:00-05:00,2.5999999046325684,2.6500000953674316,2.490000009536743,2.5,1210300,0.0,0.0
2025-02-28 00:00:00-05:00,2.4800000190734863,2.640000104904175,2.4200000762939453,2.640000104904175,1129000,0.0,0.0
2025-03-03 00:00:00-05:00,2.640000104904175,2.75,2.390000104904175,2.390000104904175,1517300,0.0,0.0
2025-03-04 00:00:00-05:00,2.4100000858306885,2.549999952316284,2.299999952316284,2.4700000286102295,1507300,0.0,0.0
2025-03-05 00:00:00-05:00,2.4600000381469727,2.805000066757202,2.450000047683716,2.759999990463257,1234000,0.0,0.0
2025-03-06 00:00:00-05:00,2.7200000286102295,2.759999990463257,2.619999885559082,2.680000066757202,792700,0.0,0.0
2025-03-07 00:00:00-05:00,2.690000057220459,2.825000047683716,2.619999885559082,2.759999990463257,719400,0.0,0.0
2025-03-10 00:00:00-04:00,2.7200000286102295,2.7950000762939453,2.559999942779541,2.609999895095825,772900,0.0,0.0
2025-03-11 00:00:00-04:00,2.609999895095825,2.7300000190734863,2.4700000286102295,2.6700000762939453,1029800,0.0,0.0
2025-03-12 00:00:00-04:00,2.6700000762939453,2.7100000381469727,2.5209999084472656,2.6600000858306885,932900,0.0,0.0
2025-03-13 00:00:00-04:00,2.6500000953674316,2.690000057220459,2.4200000762939453,2.5299999713897705,900000,0.0,0.0
2025-03-14 00:00:00-04:00,2.5799999237060547,2.6600000858306885,2.549999952316284,2.5999999046325684,820700,0.0,0.0
2025-03-17 00:00:00-04:00,3.1500000953674316,3.509999990463257,2.7200000286102295,2.75,4257400,0.0,0.0
2025-03-18 00:00:00-04:00,2.75,2.7799999713897705,2.4700000286102295,2.5,3160600,0.0,0.0
2025-03-19 00:00:00-04:00,2.5,2.5199999809265137,2.4049999713897705,2.5,1331000,0.0,0.0
2025-03-20 00:00:00-04:00,2.4600000381469727,2.5450000762939453,2.4200000762939453,2.490000009536743,863400,0.0,0.0
2025-03-21 00:00:00-04:00,2.450000047683716,2.4800000190734863,2.3299999237060547,2.4000000953674316,5392300,0.0,0.0
2025-03-24 00:00:00-04:00,2.4100000858306885,2.75,2.369999885559082,2.700000047683716,1425300,0.0,0.0
2025-03-25 00:00:00-04:00,2.7100000381469727,2.7100000381469727,2.430000066757202,2.4700000286102295,1183700,0.0,0.0
2025-03-26 00:00:00-04:00,2.490000009536743,2.509999990463257,2.2799999713897705,2.2850000858306885,1325700,0.0,0.0
2025-03-27 00:00:00-04:00,2.299999952316284,2.3399999141693115,2.180000066757202,2.240000009536743,2779900,0.0,0.0
2025-03-28 00:00:00-04:00,2.240000009536743,2.309999942779541,2.2149999141693115,2.25,1100800,0.0,0.0
2025-03-31 00:00:00-04:00,2.180000066757202,2.200000047683716,1.9299999475479126,1.9299999475479126,4075500,0.0,0.0
2025-04-01 00:00:00-04:00,1.909999966621399,1.9900000095367432,1.7599999904632568,1.809999942779541,2473700,0.0,0.0
2025-04-02 00:00:00-04:00,1.7599999904632568,2.0,1.7300000190734863,1.9600000381469727,3193300,0.0,0.0
2025-04-03 00:00:00-04:00,1.8700000047683716,1.8949999809265137,1.7999999523162842,1.8300000429153442,1663000,0.0,0.0
2025-04-04 00:00:00-04:00,1.7599999904632568,1.8300000429153442,1.659999966621399,1.690000057220459,1851500,0.0,0.0
2025-04-07 00:00:00-04:00,1.6100000143051147,1.6699999570846558,1.5199999809265137,1.6299999952316284,3048600,0.0,0.0
2025-04-08 00:00:00-04:00,1.75,1.7699999809265137,1.5399999618530273,1.5399999618530273,1580800,0.0,0.0
2025-04-09 00:00:00-04:00,1.5199999809265137,1.524999976158142,1.2999999523162842,1.4199999570846558,5209700,0.0,0.0
2025-04-10 00:00:00-04:00,1.440000057220459,1.4700000286102295,1.284999966621399,1.3799999952316284,1559500,0.0,0.0
2025-04-11 00:00:00-04:00,1.3799999952316284,1.5299999713897705,1.350000023841858,1.4900000095367432,1564300,0.0,0.0
2025-04-14 00:00:00-04:00,1.5499999523162842,1.5950000286102295,1.4800000190734863,1.5299999713897705,1319200,0.0,0.0
2025-04-15 00:00:00-04:00,1.5399999618530273,1.6749999523162842,1.475000023841858,1.5399999618530273,1975800,0.0,0.0
2025-04-16 00:00:00-04:00,1.5299999713897705,1.5499999523162842,1.399999976158142,1.4299999475479126,1154900,0.0,0.0
2025-04-17 00:00:00-04:00,1.4199999570846558,1.4700000286102295,1.4049999713897705,1.4600000381469727,870800,0.0,0.0
2025-04-21 00:00:00-04:00,1.4199999570846558,1.7699999809265137,1.399999976158142,1.6799999475479126,3604900,0.0,0.0
2025-04-22 00:00:00-04:00,1.7200000286102295,1.8300000429153442,1.6200000047683716,1.7599999904632568,4235200,0.0,0.0
2025-04-23 00:00:00-04:00,1.7999999523162842,1.9600000381469727,1.7699999809265137,1.840000033378601,3178100,0.0,0.0
2025-04-24 00:00:00-04:00,1.840000033378601,1.909999966621399,1.7799999713897705,1.909999966621399,1581600,0.0,0.0
2025-04-25 00:00:00-04:00,1.8899999856948853,1.899999976158142,1.7999999523162842,1.8799999952316284,878000,0.0,0.0
2025-04-28 00:00:00-04:00,1.8799999952316284,1.9500000476837158,1.840000033378601,1.8899999856948853,816700,0.0,0.0
2025-04-29 00:00:00-04:00,1.8899999856948853,1.9550000429153442,1.850000023841858,1.899999976158142,1020300,0.0,0.0
2025-04-30 00:00:00-04:00,1.8700000047683716,1.8799999952316284,1.7949999570846558,1.8600000143051147,1595600,0.0,0.0
2025-05-01 00:00:00-04:00,1.8700000047683716,1.899999976158142,1.7949999570846558,1.8550000190734863,1109500,0.0,0.0
2025-05-02 00:00:00-04:00,1.8700000047683716,2.009999990463257,1.8700000047683716,1.9700000286102295,1592000,0.0,0.0
2025-05-05 00:00:00-04:00,1.940000057220459,1.9500000476837158,1.7999999523162842,1.809999942779541,724100,0.0,0.0
2025-05-06 00:00:00-04:00,1.7699999809265137,1.7899999618530273,1.6200000047683716,1.6449999809265137,1190400,0.0,0.0
2025-05-07 00:00:00-04:00,1.6799999475479126,1.7300000190734863,1.6399999856948853,1.690000057220459,976800,0.0,0.0
2025-05-08 00:00:00-04:00,1.75,1.75,1.6399999856948853,1.7000000476837158,966000,0.0,0.0
2025-05-09 00:00:00-04:00,1.7000000476837158,1.7599999904632568,1.600000023841858,1.600000023841858,1212500,0.0,0.0
2025-05-12 00:00:00-04:00,1.7200000286102295,1.8600000143051147,1.7000000476837158,1.7699999809265137,2072400,0.0,0.0
2025-05-13 00:00:00-04:00,1.809999942779541,1.840000033378601,1.6799999475479126,1.75,1368300,0.0,0.0
2025-05-14 00:00:00-04:00,1.75,1.7899999618530273,1.6699999570846558,1.7599999904632568,1393600,0.0,0.0
2025-05-15 00:00:00-04:00,1.7599999904632568,1.850000023841858,1.7000000476837158,1.809999942779541,1309400,0.0,0.0
2025-05-16 00:00:00-04:00,1.809999942779541,2.049999952316284,1.7949999570846558,2.009999990463257,1767100,0.0,0.0
2025-05-19 00:00:00-04:00,1.9500000476837158,2.119999885559082,1.899999976158142,2.0899999141693115,1655600,0.0,0.0
2025-05-20 00:00:00-04:00,2.0999999046325684,2.25,2.0899999141693115,2.0999999046325684,1454100,0.0,0.0
2025-05-21 00:00:00-04:00,2.059999942779541,2.109999895095825,1.9500000476837158,1.9700000286102295,1412400,0.0,0.0
2025-05-22 00:00:00-04:00,1.9700000286102295,2.0999999046325684,1.9500000476837158,2.059999942779541,841400,0.0,0.0
2025-05-23 00:00:00-04:00,2.0,2.119999885559082,1.9950000047683716,2.109999895095825,952000,0.0,0.0
2025-05-27 00:00:00-04:00,2.1500000953674316,2.1500000953674316,1.9550000429153442,1.9700000286102295,943400,0.0,0.0
2025-05-28 00:00:00-04:00,1.9600000381469727,2.0799999237060547,1.9199999570846558,2.0299999713897705,884800,0.0,0.0
2025-05-29 00:00:00-04:00,2.049999952316284,2.2100000381469727,2.009999990463257,2.180000066757202,826500,0.0,0.0
2025-05-30 00:00:00-04:00,2.1500000953674316,2.1600000858306885,2.0199999809265137,2.0399999618530273,3900700,0.0,0.0
2025-06-02 00:00:00-04:00,2.069999933242798,2.2300000190734863,2.009999990463257,2.119999885559082,1386900,0.0,0.0
2025-06-03 00:00:00-04:00,2.119999885559082,2.359999895095825,2.0950000286102295,2.299999952316284,1139400,0.0,0.0
2025-06-04 00:00:00-04:00,2.309999942779541,2.450000047683716,2.259999990463257,2.430000066757202,1199900,0.0,0.0
2025-06-05 00:00:00-04:00,2.430000066757202,2.6449999809265137,2.2899999618530273,2.549999952316284,3241700,0.0,0.0
2025-06-06 00:00:00-04:00,2.5999999046325684,2.819999933242798,2.5850000381469727,2.5999999046325684,2280800,0.0,0.0
2025-06-09 00:00:00-04:00,2.640000104904175,2.6559998989105225,2.490000009536743,2.5899999141693115,925700,0.0,0.0
2025-06-10 00:00:00-04:00,2.609999895095825,2.734999895095825,2.569999933242798,2.640000104904175,763800,0.0,0.0
2025-06-11 00:00:00-04:00,2.6600000858306885,2.6700000762939453,2.509999990463257,2.5199999809265137,724500,0.0,0.0
2025-06-12 00:00:00-04:00,2.490000009536743,2.809999942779541,2.4100000858306885,2.7100000381469727,1854600,0.0,0.0
2025-06-13 00:00:00-04:00,2.640000104904175,2.680000066757202,2.4600000381469727,2.490000009536743,1053800,0.0,0.0
2025-06-16 00:00:00-04:00,2.5,2.5250000953674316,2.4000000953674316,2.440000057220459,670100,0.0,0.0
2025-06-17 00:00:00-04:00,2.4200000762939453,2.4749999046325684,2.319999933242798,2.3399999141693115,807000,0.0,0.0
2025-06-18 00:00:00-04:00,2.319999933242798,2.440000057220459,2.259999990463257,2.3399999141693115,2069100,0.0,0.0
2025-06-20 00:00:00-04:00,2.359999895095825,2.4149999618530273,2.299999952316284,2.380000114440918,1626400,0.0,0.0
2025-06-23 00:00:00-04:00,2.380000114440918,2.4000000953674316,2.25,2.380000114440918,1283500,0.0,0.0
2025-06-24 00:00:00-04:00,2.4200000762939453,2.490000009536743,2.384999990463257,2.450000047683716,925100,0.0,0.0
2025-06-25 00:00:00-04:00,2.4600000381469727,2.4649999141693115,2.315000057220459,2.390000104904175,1251500,0.0,0.0
2025-06-26 00:00:00-04:00,2.390000104904175,2.5299999713897705,2.359999895095825,2.450000047683716,2013800,0.0,0.0
2025-06-27 00:00:00-04:00,2.450000047683716,2.492000102996826,2.365000009536743,2.4100000858306885,1142300,0.0,0.0
2025-06-30 00:00:00-04:00,2.430000066757202,2.484999895095825,2.359999895095825,2.4000000953674316,1056000,0.0,0.0
2025-07-01 00:00:00-04:00,2.369999885559082,2.5299999713897705,2.299999952316284,2.4700000286102295,1008400,0.0,0.0
2025-07-02 00:00:00-04:00,2.509999990463257,2.9800000190734863,2.4600000381469727,2.809999942779541,3089400,0.0,0.0
2025-07-03 00:00:00-04:00,2.8499999046325684,3.109999895095825,2.740999937057495,2.890000104904175,1884100,0.0,0.0
2025-07-07 00:00:00-04:00,2.8399999141693115,2.877000093460083,2.7300000190734863,2.7300000190734863,1273100,0.0,0.0
2025-07-08 00:00:00-04:00,2.75,2.8299999237060547,2.700000047683716,2.7100000381469727,1261200,0.0,0.0
2025-07-09 00:00:00-04:00,2.740000009536743,2.950000047683716,2.7249999046325684,2.7699999809265137,3101100,0.0,0.0
2025-07-10 00:00:00-04:00,2.7699999809265137,2.9649999141693115,1.850000023841858,2.799999952316284,7998400,0.0,0.0
2025-07-11 00:00:00-04:00,2.740000009536743,2.740000009536743,2.5350000858306885,2.5799999237060547,1602600,0.0,0.0
2025-07-14 00:00:00-04:00,2.6700000762939453,2.740000009536743,2.494999885559082,2.609999895095825,1366600,0.0,0.0
2025-07-15 00:00:00-04:00,2.630000114440918,2.6500000953674316,2.484999895095825,2.5,677500,0.0,0.0
2025-07-16 00:00:00-04:00,2.5199999809265137,2.5350000858306885,2.3299999237060547,2.4000000953674316,2090100,0.0,0.0
2025-07-17 00:00:00-04:00,2.4100000858306885,2.434999942779541,2.305000066757202,2.3399999141693115,1756000,0.0,0.0
2025-07-18 00:00:00-04:00,2.380000114440918,2.4049999713897705,2.2100000381469727,2.319999933242798,1382800,0.0,0.0
2025-07-21 00:00:00-04:00,2.3499999046325684,2.5299999713897705,2.308000087738037,2.4700000286102295,1474900,0.0,0.0
2025-07-22 00:00:00-04:00,2.450000047683716,2.4700000286102295,2.325000047683716,2.369999885559082,3100100,0.0,0.0
2025-07-23 00:00:00-04:00,2.4000000953674316,2.5199999809265137,2.3399999141693115,2.4800000190734863,1865700,0.0,0.0
2025-07-24 00:00:00-04:00,2.5899999141693115,2.677999973297119,2.490000009536743,2.549999952316284,957400,0.0,0.0
2025-07-25 00:00:00-04:00,2.509999990463257,2.575000047683716,2.4549999237060547,2.509999990463257,765000,0.0,0.0
2025-07-28 00:00:00-04:00,2.5399999618530273,2.6050000190734863,2.490000009536743,2.490000009536743,668600,0.0,0.0
2025-07-29 00:00:00-04:00,2.5299999713897705,2.5299999713897705,2.369999885559082,2.380000114440918,631600,0.0,0.0
2025-07-30 00:00:00-04:00,2.380000114440918,2.740000009536743,2.369999885559082,2.5899999141693115,1572000,0.0,0.0
2025-07-31 00:00:00-04:00,2.569999933242798,2.5980000495910645,2.4000000953674316,2.4000000953674316,685800,0.0,0.0
2025-08-01 00:00:00-04:00,2.3499999046325684,2.4700000286102295,2.2899999618530273,2.450000047683716,872000,0.0,0.0
2025-08-04 00:00:00-04:00,2.5199999809265137,2.619999885559082,2.434999942779541,2.5299999713897705,1032900,0.0,0.0
2025-08-05 00:00:00-04:00,2.5299999713897705,2.559999942779541,2.434999942779541,2.4800000190734863,631600,0.0,0.0
2025-08-06 00:00:00-04:00,2.440000057220459,2.450000047683716,2.3499999046325684,2.3499999046325684,569400,0.0,0.0
2025-08-07 00:00:00-04:00,2.3499999046325684,2.390000104904175,2.305000066757202,2.369999885559082,884600,0.0,0.0
2025-08-08 00:00:00-04:00,2.390000104904175,2.434000015258789,2.3350000381469727,2.359999895095825,1103300,0.0,0.0
2025-08-11 00:00:00-04:00,2.359999895095825,2.4000000953674316,2.309999942779541,2.3499999046325684,466200,0.0,0.0
2025-08-12 00:00:00-04:00,2.380000114440918,2.450000047683716,2.3499999046325684,2.440000057220459,417700,0.0,0.0
2025-08-13 00:00:00-04:00,2.4700000286102295,2.7100000381469727,2.450000047683716,2.5999999046325684,1910800,0.0,0.0
2025-08-14 00:00:00-04:00,2.549999952316284,2.5999999046325684,2.3399999141693115,2.380000114440918,1323200,0.0,0.0
2025-08-15 00:00:00-04:00,2.450000047683716,2.575000047683716,2.3499999046325684,2.440000057220459,2662500,0.0,0.0
2025-08-18 00:00:00-04:00,2.4700000286102295,2.566999912261963,2.3399999141693115,2.3499999046325684,1894000,0.0,0.0
2025-08-19 00:00:00-04:00,2.3499999046325684,2.3499999046325684,2.0999999046325684,2.190000057220459,1993800,0.0,0.0
2025-08-20 00:00:00-04:00,2.190000057220459,2.2300000190734863,2.0999999046325684,2.140000104904175,739100,0.0,0.0
2025-08-21 00:00:00-04:00,2.109999895095825,2.184999942779541,2.069999933242798,2.1700000762939453,1061900,0.0,0.0
2025-08-22 00:00:00-04:00,2.200000047683716,2.3550000190734863,2.190000057220459,2.309999942779541,1956900,0.0,0.0
2025-08-25 00:00:00-04:00,2.309999942779541,2.319999933242798,2.140000104904175,2.1500000953674316,964200,0.0,0.0
2025-08-26 00:00:00-04:00,2.200000047683716,2.200000047683716,2.0899999141693115,2.1500000953674316,1046800,0.0,0.0
2025-08-27 00:00:00-04:00,2.140000104904175,2.184999942779541,2.059999942779541,2.109999895095825,1696700,0.0,0.0
2025-08-28 00:00:00-04:00,2.140000104904175,2.178999900817871,2.0899999141693115,2.119999885559082,843500,0.0,0.0
2025-08-29 00:00:00-04:00,2.119999885559082,2.1449999809265137,2.049999952316284,2.059999942779541,1019800,0.0,0.0
2025-09-02 00:00:00-04:00,2.059999942779541,2.134999990463257,2.049999952316284,2.069999933242798,1682500,0.0,0.0
2025-09-03 00:00:00-04:00,2.069999933242798,2.119999885559082,2.0299999713897705,2.049999952316284,856100,0.0,0.0
2025-09-04 00:00:00-04:00,2.049999952316284,2.1700000762939453,2.0399999618530273,2.1500000953674316,1835100,0.0,0.0
2025-09-05 00:00:00-04:00,2.190000057220459,2.247999906539917,2.130000114440918,2.1700000762939453,1231100,0.0,0.0
2025-09-08 00:00:00-04:00,2.2100000381469727,2.2799999713897705,2.1700000762939453,2.2100000381469727,1429000,0.0,0.0
2025-09-09 00:00:00-04:00,2.190000057220459,2.2049999237060547,2.0999999046325684,2.119999885559082,1451700,0.0,0.0
2025-09-10 00:00:00-04:00,2.119999885559082,2.3949999809265137,2.0999999046325684,2.2899999618530273,3692300,0.0,0.0
2025-09-11 00:00:00-04:00,2.2699999809265137,2.697999954223633,2.2699999809265137,2.549999952316284,3154600,0.0,0.0
2025-09-12 00:00:00-04:00,2.5199999809265137,2.569999933242798,2.4100000858306885,2.4200000762939453,3901400,0.0,0.0
2025-09-15 00:00:00-04:00,2.430000066757202,2.490000009536743,2.319999933242798,2.490000009536743,1132300,0.0,0.0
2025-09-16 00:00:00-04:00,2.490000009536743,2.680000066757202,2.490000009536743,2.6500000953674316,2022600,0.0,0.0
2025-09-17 00:00:00-04:00,2.6600000858306885,2.7100000381469727,2.5,2.5199999809265137,1144100,0.0,0.0
2025-09-18 00:00:00-04:00,2.559999942779541,2.680000066757202,2.5199999809265137,2.640000104904175,1667800,0.0,0.0
2025-09-19 00:00:00-04:00,2.6700000762939453,2.890000104904175,2.6600000858306885,2.859999895095825,3533100,0.0,0.0
2025-09-22 00:00:00-04:00,2.8299999237060547,3.0450000762939453,2.75,2.9800000190734863,1802300,0.0,0.0
2025-09-23 00:00:00-04:00,3.0,3.009999990463257,2.805000066757202,2.9100000858306885,1980400,0.0,0.0
2025-09-24 00:00:00-04:00,2.9200000762939453,2.9800000190734863,2.7950000762939453,2.819999933242798,1911000,0.0,0.0
2025-09-25 00:00:00-04:00,2.7799999713897705,2.880000114440918,2.75,2.7899999618530273,1346000,0.0,0.0
2025-09-26 00:00:00-04:00,2.809999942779541,3.4100000858306885,2.7699999809265137,3.369999885559082,5462400,0.0,0.0
2025-09-29 00:00:00-04:00,3.380000114440918,3.424999952316284,3.0199999809265137,3.119999885559082,5535800,0.0,0.0
2025-09-30 00:00:00-04:00,3.0799999237060547,3.140000104904175,2.9100000858306885,3.049999952316284,2945000,0.0,0.0
2025-10-01 00:00:00-04:00,3.0199999809265137,3.180000066757202,2.9800000190734863,3.0299999713897705,1406800,0.0,0.0
2025-10-02 00:00:00-04:00,3.0399999618530273,3.1600000858306885,3.005000114440918,3.109999895095825,3010400,0.0,0.0
2025-10-03 00:00:00-04:00,3.190000057220459,3.380000114440918,3.109999895095825,3.190000057220459,1518200,0.0,0.0
2025-10-06 00:00:00-04:00,3.2200000286102295,3.2899999618530273,3.1500000953674316,3.180000066757202,1119200,0.0,0.0
2025-10-07 00:00:00-04:00,3.190000057220459,3.2300000190734863,3.055000066757202,3.069999933242798,917700,0.0,0.0
2025-10-08 00:00:00-04:00,3.069999933242798,3.2200000286102295,3.0450000762939453,3.1500000953674316,1611200,0.0,0.0
2025-10-09 00:00:00-04:00,3.1500000953674316,3.299999952316284,3.0899999141693115,3.259999990463257,1593100,0.0,0.0
2025-10-10 00:00:00-04:00,3.259999990463257,3.259999990463257,2.930000066757202,3.0999999046325684,2175800,0.0,0.0
2025-10-13 00:00:00-04:00,3.119999885559082,3.180000066757202,2.924999952316284,3.005000114440918,1147800,0.0,0.0
2025-10-14 00:00:00-04:00,2.930000066757202,3.049999952316284,2.8610000610351562,3.0,1573400,0.0,0.0
2025-10-15 00:00:00-04:00,3.0,3.2100000381469727,2.950000047683716,3.0399999618530273,1731900,0.0,0.0
2025-10-16 00:00:00-04:00,3.0799999237060547,3.259999990463257,3.049999952316284,3.1700000762939453,1618200,0.0,0.0
2025-10-17 00:00:00-04:00,3.140000104904175,3.3550000190734863,3.0899999141693115,3.1500000953674316,1554700,0.0,0.0
2025-10-20 00:00:00-04:00,3.2300000190734863,3.2850000858306885,3.125,3.1600000858306885,2245800,0.0,0.0
2025-10-21 00:00:00-04:00,3.1700000762939453,3.2200000286102295,3.049999952316284,3.130000114440918,1663700,0.0,0.0
2025-10-22 00:00:00-04:00,3.130000114440918,3.1500000953674316,2.884999990463257,3.0,1690800,0.0,0.0
2025-10-23 00:00:00-04:00,2.990000009536743,3.059999942779541,2.9049999713897705,3.049999952316284,1222700,0.0,0.0
2025-10-24 00:00:00-04:00,3.059999942779541,3.3399999141693115,3.059999942779541,3.2100000381469727,3194600,0.0,0.0
2025-10-27 00:00:00-04:00,3.259999990463257,3.549999952316284,3.259999990463257,3.5399999618530273,1970100,0.0,0.0
2025-10-28 00:00:00-04:00,3.5199999809265137,3.5999999046325684,3.430000066757202,3.450000047683716,1716700,0.0,0.0
2025-10-29 00:00:00-04:00,3.450000047683716,3.5,3.1649999618530273,3.190000057220459,2946600,0.0,0.0
2025-10-30 00:00:00-04:00,3.1600000858306885,3.200000047683716,2.9100000858306885,2.930000066757202,1726100,0.0,0.0
2025-10-31 00:00:00-04:00,2.930000066757202,3.234999895095825,2.890000104904175,3.1600000858306885,3738100,0.0,0.0
2025-11-03 00:00:00-05:00,3.200000047683716,3.369999885559082,3.0899999141693115,3.1700000762939453,2370800,0.0,0.0
2025-11-04 00:00:00-05:00,3.049999952316284,3.1600000858306885,3.0160000324249268,3.0799999237060547,1884200,0.0,0.0
2025-11-05 00:00:00-05:00,3.0799999237060547,3.1500000953674316,2.9800000190734863,3.009999990463257,1421200,0.0,0.0
2025-11-06 00:00:00-05:00,3.0799999237060547,3.117000102996826,2.9200000762939453,3.0199999809265137,1052400,0.0,0.0
2025-11-07 00:00:00-05:00,2.9800000190734863,2.9800000190734863,2.6549999713897705,2.880000114440918,1639100,0.0,0.0
2025-11-10 00:00:00-05:00,2.9200000762939453,3.00600004196167,2.9000000953674316,2.9800000190734863,837400,0.0,0.0
2025-11-11 00:00:00-05:00,2.950000047683716,3.0299999713897705,2.859999895095825,2.9700000286102295,935500,0.0,0.0
2025-11-12 00:00:00-05:00,2.9600000381469727,2.9700000286102295,2.740000009536743,2.8399999141693115,1922300,0.0,0.0
2025-11-13 00:00:00-05:00,2.569999933242798,2.8299999237060547,2.5399999618530273,2.680000066757202,3853200,0.0,0.0
2025-11-14 00:00:00-05:00,2.680000066757202,2.8949999809265137,2.6500000953674316,2.7100000381469727,3507800,0.0,0.0
2025-11-17 00:00:00-05:00,2.690000057220459,3.115000009536743,2.6700000762939453,3.0199999809265137,3647800,0.0,0.0
2025-11-18 00:00:00-05:00,3.0199999809265137,3.2880001068115234,2.990000009536743,3.200000047683716,2952000,0.0,0.0
2025-11-19 00:00:00-05:00,3.5799999237060547,4.199999809265137,3.5,4.059999942779541,10650500,0.0,0.0
2025-11-20 00:00:00-05:00,4.400000095367432,5.070000171661377,4.244999885559082,4.269999980926514,8299900,0.0,0.0
2025-11-21 00:00:00-05:00,4.289999961853027,4.414999961853027,4.164999961853027,4.269999980926514,3979100,0.0,0.0
2025-11-24 00:00:00-05:00,4.449999809265137,4.699999809265137,4.368000030517578,4.510000228881836,3844200,0.0,0.0
2025-11-25 00:00:00-05:00,4.53000020980835,4.599999904632568,4.324999809265137,4.440000057220459,2852700,0.0,0.0
2025-11-26 00:00:00-05:00,4.409999847412109,4.445000171661377,4.26200008392334,4.320000171661377,3045700,0.0,0.0
2025-11-28 00:00:00-05:00,4.360000133514404,4.639999866485596,4.349999904632568,4.5,1764000,0.0,0.0
2025-12-01 00:00:00-05:00,4.420000076293945,4.5,4.070000171661377,4.130000114440918,2248200,0.0,0.0
2025-12-02 00:00:00-05:00,4.260000228881836,4.440000057220459,4.010000228881836,4.059999942779541,4167300,0.0,0.0
2025-12-03 00:00:00-05:00,4.099999904632568,4.309999942779541,4.079999923706055,4.28000020980835,1777200,0.0,0.0
2025-12-04 00:00:00-05:00,4.445000171661377,4.545000076293945,4.25,4.489999771118164,2488900,0.0,0.0
2025-12-05 00:00:00-05:00,4.480000019073486,4.739999771118164,4.480000019073486,4.610000133514404,1944300,0.0,0.0
2025-12-08 00:00:00-05:00,4.71999979019165,5.0,4.710000038146973,4.860000133514404,2433500,0.0,0.0
2025-12-09 00:00:00-05:00,4.869999885559082,4.980000019073486,4.784999847412109,4.860000133514404,2275000,0.0,0.0
2025-12-10 00:00:00-05:00,4.849999904632568,5.0,4.840000152587891,4.900000095367432,1666800,0.0,0.0
2025-12-11 00:00:00-05:00,4.909999847412109,5.125,4.885000228881836,5.039999961853027,3393100,0.0,0.0
2025-12-12 00:00:00-05:00,5.03000020980835,5.340000152587891,4.949999809265137,4.96999979019165,5562700,0.0,0.0
2025-12-15 00:00:00-05:00,4.989999771118164,5.070000171661377,4.795000076293945,4.909999847412109,3344200,0.0,0.0
2025-12-16 00:00:00-05:00,4.909999847412109,5.010000228881836,4.75,4.800000190734863,2618700,0.0,0.0
2025-12-17 00:00:00-05:00,4.820000171661377,4.974999904632568,4.804999828338623,4.900000095367432,1810400,0.0,0.0
2025-12-18 00:00:00-05:00,4.989999771118164,5.110000133514404,4.804999828338623,4.820000171661377,2705200,0.0,0.0
2025-12-19 00:00:00-05:00,4.860000133514404,5.414999961853027,4.849999904632568,5.170000076293945,10460500,0.0,0.0
2025-12-22 00:00:00-05:00,5.179999828338623,5.480000019073486,5.110000133514404,5.190000057220459,2402000,0.0,0.0
2025-12-23 00:00:00-05:00,5.320000171661377,5.320000171661377,5.039999961853027,5.110000133514404,2169800,0.0,0.0
2025-12-24 00:00:00-05:00,5.150000095367432,5.2870001792907715,5.110000133514404,5.179999828338623,955900,0.0,0.0
2025-12-26 00:00:00-05:00,5.159999847412109,5.269999980926514,4.940000057220459,5.110000133514404,1670300,0.0,0.0
2025-12-29 00:00:00-05:00,5.039999961853027,5.179999828338623,4.989999771118164,5.0,1355700,0.0,0.0
2025-12-30 00:00:00-05:00,5.019999980926514,5.179999828338623,4.949999809265137,5.039999961853027,1934700,0.0,0.0
2025-12-31 00:00:00-05:00,5.039999961853027,5.114999771118164,4.949999809265137,5.019999980926514,2107900,0.0,0.0
2026-01-02 00:00:00-05:00,5.099999904632568,5.159999847412109,4.650000095367432,4.690000057220459,2102600,0.0,0.0
2026-01-05 00:00:00-05:00,4.739999771118164,5.230000019073486,4.545000076293945,5.21999979019165,5408500,0.0,0.0
2026-01-06 00:00:00-05:00,5.170000076293945,5.170000076293945,4.949999809265137,5.099999904632568,3203700,0.0,0.0
2026-01-07 00:00:00-05:00,5.099999904632568,5.730000019073486,5.099999904632568,5.53000020980835,3142200,0.0,0.0
2026-01-08 00:00:00-05:00,5.519999980926514,5.539999961853027,5.255000114440918,5.289999961853027,2428700,0.0,0.0
2026-01-09 00:00:00-05:00,5.380000114440918,5.539999961853027,5.21999979019165,5.25,1870700,0.0,0.0
2026-01-12 00:00:00-05:00,5.25,5.570000171661377,5.119999885559082,5.559999942779541,1816400,0.0,0.0
2026-01-13 00:00:00-05:00,5.53000020980835,6.300000190734863,5.495999813079834,6.190000057220459,2793900,0.0,0.0
2026-01-14 00:00:00-05:00,6.199999809265137,6.829999923706055,6.0,6.679999828338623,4643900,0.0,0.0
2026-01-15 00:00:00-05:00,6.690000057220459,6.755000114440918,6.150000095367432,6.159999847412109,2970200,0.0,0.0
2026-01-16 00:00:00-05:00,6.199999809265137,6.28000020980835,6.050000190734863,6.070000171661377,1616900,0.0,0.0
2026-01-20 00:00:00-05:00,6.059999942779541,6.190000057220459,5.849999904632568,6.159999847412109,1949800,0.0,0.0
2026-01-21 00:00:00-05:00,6.170000076293945,6.875,6.170000076293945,6.849999904632568,2997400,0.0,0.0
2026-01-22 00:00:00-05:00,6.869999885559082,7.059999942779541,6.855000019073486,6.960000038146973,2780300,0.0,0.0
2026-01-23 00:00:00-05:00,6.980000019073486,7.179999828338623,6.755000114440918,6.78000020980835,2337100,0.0,0.0
2026-01-26 00:00:00-05:00,6.699999809265137,6.744999885559082,6.420000076293945,6.659999847412109,1714400,0.0,0.0
2026-01-27 00:00:00-05:00,6.659999847412109,6.820000171661377,6.485000133514404,6.570000171661377,2449800,0.0,0.0
2026-01-28 00:00:00-05:00,6.630000114440918,6.630000114440918,6.260000228881836,6.289999961853027,3741700,0.0,0.0
2026-01-29 00:00:00-05:00,6.409999847412109,6.550000190734863,6.300000190734863,6.519999980926514,1287900,0.0,0.0
2026-01-30 00:00:00-05:00,6.650000095367432,6.840000152587891,6.15500020980835,6.239999771118164,1840900,0.0,0.0
2026-02-02 00:00:00-05:00,6.130000114440918,6.550000190734863,6.099999904632568,6.380000114440918,1571800,0.0,0.0
2026-02-03 00:00:00-05:00,6.360000133514404,6.590000152587891,6.300000190734863,6.480000019073486,1435500,0.0,0.0
2026-02-04 00:00:00-05:00,6.420000076293945,6.519999980926514,5.900000095367432,6.039999961853027,1884600,0.0,0.0
2026-02-05 00:00:00-05:00,5.929999828338623,6.210000038146973,5.429999828338623,5.630000114440918,2384600,0.0,0.0
2026-02-06 00:00:00-05:00,5.789999961853027,5.855000019073486,5.579999923706055,5.730000019073486,2060600,0.0,0.0
2026-02-09 00:00:00-05:00,5.710000038146973,5.710000038146973,5.460000038146973,5.630000114440918,1716500,0.0,0.0
2026-02-10 00:00:00-05:00,5.699999809265137,5.789999961853027,5.570000171661377,5.610000133514404,3347400,0.0,0.0
2026-02-11 00:00:00-05:00,5.659999847412109,5.75,5.090000152587891,5.239999771118164,2489000,0.0,0.0
2026-02-12 00:00:00-05:00,5.25,5.434999942779541,5.130000114440918,5.190000057220459,2216000,0.0,0.0
2026-02-13 00:00:00-05:00,5.21999979019165,5.369999885559082,4.869999885559082,4.889999866485596,1904000,0.0,0.0
2026-02-17 00:00:00-05:00,4.889999866485596,5.110000133514404,4.789999961853027,5.039999961853027,2090000,0.0,0.0
2026-02-18 00:00:00-05:00,4.980000019073486,5.179999828338623,4.925000190734863,5.059999942779541,1858200,0.0,0.0
2026-02-19 00:00:00-05:00,5.150000095367432,5.190000057220459,5.0,5.099999904632568,1406300,0.0,0.0
2026-02-20 00:00:00-05:00,5.050000190734863,5.105000019073486,4.855000019073486,4.900000095367432,1749100,0.0,0.0
2026-02-23 00:00:00-05:00,4.889999866485596,5.074999809265137,4.78000020980835,4.889999866485596,1597700,0.0,0.0
2026-02-24 00:00:00-05:00,4.929999828338623,5.059999942779541,4.890999794006348,4.960000038146973,2674700,0.0,0.0
2026-02-25 00:00:00-05:00,5.025000095367432,5.204999923706055,4.96999979019165,5.090000152587891,2837200,0.0,0.0
2026-02-26 00:00:00-05:00,5.114999771118164,5.429999828338623,4.960000038146973,5.380000114440918,4159200,0.0,0.0
2026-02-27 00:00:00-05:00,5.309999942779541,5.635000228881836,5.25,5.599999904632568,4704200,0.0,0.0
2026-03-02 00:00:00-05:00,5.570000171661377,5.730000019073486,5.320000171661377,5.519999980926514,3068800,0.0,0.0
2026-03-03 00:00:00-05:00,5.289999961853027,5.534999847412109,5.119999885559082,5.429999828338623,6163900,0.0,0.0
2026-03-04 00:00:00-05:00,5.460000038146973,5.639999866485596,5.369999885559082,5.590000152587891,3264000,0.0,0.0
2026-03-05 00:00:00-05:00,5.480000019073486,5.59499979019165,5.364999771118164,5.429999828338623,3159100,0.0,0.0
2026-03-06 00:00:00-05:00,5.260000228881836,5.380000114440918,5.010000228881836,5.159999847412109,1792700,0.0,0.0
2026-03-09 00:00:00-04:00,5.019999980926514,5.630000114440918,5.019999980926514,5.590000152587891,2107200,0.0,0.0
2026-03-10 00:00:00-04:00,5.670000076293945,6.199999809265137,5.670000076293945,6.079999923706055,2222300,0.0,0.0
2026-03-11 00:00:00-04:00,6.079999923706055,6.289999961853027,5.880000114440918,6.03000020980835,1338900,0.0,0.0
2026-03-12 00:00:00-04:00,5.769999980926514,5.949999809265137,5.425000190734863,5.440000057220459,2463200,0.0,0.0
2026-03-13 00:00:00-04:00,5.619999885559082,5.880000114440918,5.579999923706055,5.659999847412109,1598400,0.0,0.0
2026-03-16 00:00:00-04:00,5.760000228881836,5.940000057220459,5.625,5.71999979019165,3419400,0.0,0.0
2026-03-17 00:00:00-04:00,5.710000038146973,5.795000076293945,5.565000057220459,5.610000133514404,1887500,0.0,0.0
2026-03-18 00:00:00-04:00,5.630000114440918,5.679999828338623,5.380000114440918,5.420000076293945,2807800,0.0,0.0
2026-03-19 00:00:00-04:00,5.389999866485596,5.619999885559082,5.300000190734863,5.489999771118164,2741100,0.0,0.0
2026-03-20 00:00:00-04:00,5.449999809265137,5.619999885559082,5.059999942779541,5.110000133514404,10013200,0.0,0.0
2026-03-23 00:00:00-04:00,5.110000133514404,5.480000019073486,5.110000133514404,5.369999885559082,2008000,0.0,0.0
2026-03-24 00:00:00-04:00,5.25,5.300000190734863,4.949999809265137,5.0,2714800,0.0,0.0
2026-03-25 00:00:00-04:00,5.119999885559082,5.519999980926514,5.090000152587891,5.364999771118164,2173600,0.0,0.0
2026-03-26 00:00:00-04:00,5.230000019073486,5.324999809265137,5.010000228881836,5.25,2851100,0.0,0.0
2026-03-27 00:00:00-04:00,5.190000057220459,5.320000171661377,4.994999885559082,5.0,1751500,0.0,0.0
2026-03-30 00:00:00-04:00,5.010000228881836,5.139999866485596,4.855000019073486,4.960000038146973,2294200,0.0,0.0
2026-03-31 00:00:00-04:00,5.639999866485596,6.099999904632568,5.235000133514404,5.539999961853027,4932600,0.0,0.0
2026-04-01 00:00:00-04:00,5.679999828338623,5.989999771118164,5.349999904632568,5.360000133514404,2451600,0.0,0.0
2026-04-02 00:00:00-04:00,5.255000114440918,5.650000095367432,5.130000114440918,5.5,3331300,0.0,0.0
2026-04-06 00:00:00-04:00,5.5,5.934999942779541,5.460000038146973,5.800000190734863,3337800,0.0,0.0
2026-04-07 00:00:00-04:00,5.690000057220459,6.010000228881836,5.460000038146973,5.989999771118164,2247300,0.0,0.0
2026-04-08 00:00:00-04:00,6.239999771118164,6.369999885559082,5.985000133514404,6.050000190734863,2468300,0.0,0.0
2026-04-09 00:00:00-04:00,5.989999771118164,6.199999809265137,5.989999771118164,6.139999866485596,1280700,0.0,0.0
2026-04-10 00:00:00-04:00,6.199999809265137,6.210000038146973,5.71999979019165,5.849999904632568,2146000,0.0,0.0
2026-04-13 00:00:00-04:00,5.869999885559082,6.074999809265137,5.784999847412109,5.809999942779541,1509800,0.0,0.0
2026-04-14 00:00:00-04:00,5.860000133514404,5.949999809265137,5.75,5.800000190734863,2146600,0.0,0.0
2026-04-15 00:00:00-04:00,5.929999828338623,6.434999942779541,5.909999847412109,6.349999904632568,4342100,0.0,0.0
2026-04-16 00:00:00-04:00,6.269999980926514,6.385000228881836,6.099999904632568,6.329999923706055,2413600,0.0,0.0
2026-04-17 00:00:00-04:00,6.409999847412109,6.614999771118164,6.349999904632568,6.539999961853027,3001000,0.0,0.0
2026-04-20 00:00:00-04:00,6.480000019073486,6.53000020980835,6.239999771118164,6.429999828338623,1429166,0.0,0.0
