Date,Open,High,Low,Close,Volume,Dividends,Stock Splits
2022-01-03 00:00:00-05:00,92.04000091552734,93.62999725341797,89.19000244140625,93.5,234800,0.0,0.0
2022-01-04 00:00:00-05:00,93.38999938964844,93.77999877929688,87.97000122070312,89.3499984741211,240800,0.0,0.0
2022-01-05 00:00:00-05:00,88.27999877929688,88.98999786376953,82.54000091552734,82.86000061035156,370800,0.0,0.0
2022-01-06 00:00:00-05:00,82.1500015258789,86.5,78.1500015258789,84.16000366210938,649200,0.0,0.0
2022-01-07 00:00:00-05:00,84.79000091552734,85.72000122070312,81.48999786376953,82.66999816894531,319300,0.0,0.0
2022-01-10 00:00:00-05:00,81.62999725341797,81.62999725341797,75.97000122070312,79.06999969482422,526800,0.0,0.0
2022-01-11 00:00:00-05:00,79.2300033569336,81.23999786376953,76.0999984741211,79.98999786376953,514600,0.0,0.0
2022-01-12 00:00:00-05:00,79.83999633789062,80.98999786376953,78.4800033569336,78.83999633789062,402800,0.0,0.0
2022-01-13 00:00:00-05:00,78.9000015258789,80.1500015258789,75.27999877929688,75.5,237100,0.0,0.0
2022-01-14 00:00:00-05:00,74.43000030517578,76.12000274658203,73.44999694824219,75.43000030517578,239200,0.0,0.0
2022-01-18 00:00:00-05:00,73.86000061035156,75.06999969482422,71.95999908447266,72.12999725341797,325200,0.0,0.0
2022-01-19 00:00:00-05:00,73.26000213623047,74.91999816894531,71.72000122070312,72.18000030517578,363500,0.0,0.0
2022-01-20 00:00:00-05:00,73.20999908447266,76.87999725341797,73.0199966430664,73.1500015258789,454500,0.0,0.0
2022-01-21 00:00:00-05:00,72.37000274658203,73.80000305175781,70.16999816894531,71.55999755859375,410900,0.0,0.0
2022-01-24 00:00:00-05:00,70.22000122070312,75.0999984741211,67.63999938964844,74.75,543800,0.0,0.0
2022-01-25 00:00:00-05:00,72.66000366210938,73.20999908447266,69.4800033569336,69.5999984741211,574900,0.0,0.0
2022-01-26 00:00:00-05:00,71.27999877929688,72.3499984741211,67.0199966430664,67.69999694824219,539000,0.0,0.0
2022-01-27 00:00:00-05:00,68.45999908447266,69.79000091552734,64.87999725341797,65.38999938964844,359000,0.0,0.0
2022-01-28 00:00:00-05:00,66.19999694824219,66.93000030517578,63.25,66.91000366210938,496700,0.0,0.0
2022-01-31 00:00:00-05:00,67.2300033569336,72.8499984741211,67.01000213623047,72.72000122070312,352600,0.0,0.0
2022-02-01 00:00:00-05:00,73.54000091552734,74.88999938964844,70.87999725341797,74.16000366210938,318000,0.0,0.0
2022-02-02 00:00:00-05:00,74.4800033569336,74.91000366210938,71.62999725341797,73.69999694824219,548500,0.0,0.0
2022-02-03 00:00:00-05:00,71.19000244140625,73.94000244140625,71.19000244140625,72.2300033569336,404400,0.0,0.0
2022-02-04 00:00:00-05:00,72.13999938964844,75.36000061035156,71.5,74.12999725341797,344700,0.0,0.0
2022-02-07 00:00:00-05:00,73.80999755859375,76.18000030517578,72.88999938964844,73.83999633789062,284300,0.0,0.0
2022-02-08 00:00:00-05:00,73.1500015258789,75.79000091552734,72.77999877929688,75.66000366210938,198100,0.0,0.0
2022-02-09 00:00:00-05:00,77.18000030517578,79.27999877929688,77.05999755859375,79.25,323400,0.0,0.0
2022-02-10 00:00:00-05:00,76.83000183105469,81.36000061035156,75.55999755859375,77.7300033569336,364900,0.0,0.0
2022-02-11 00:00:00-05:00,77.69000244140625,79.45999908447266,75.06999969482422,75.95999908447266,216700,0.0,0.0
2022-02-14 00:00:00-05:00,76.12000274658203,77.48999786376953,71.70999908447266,72.20999908447266,349000,0.0,0.0
2022-02-15 00:00:00-05:00,73.87000274658203,75.81999969482422,73.37999725341797,75.55999755859375,240500,0.0,0.0
2022-02-16 00:00:00-05:00,74.87000274658203,74.87000274658203,72.12999725341797,74.48999786376953,178000,0.0,0.0
2022-02-17 00:00:00-05:00,73.33999633789062,73.6500015258789,68.77999877929688,68.83999633789062,398000,0.0,0.0
2022-02-18 00:00:00-05:00,68.19000244140625,69.30000305175781,65.80999755859375,66.2300033569336,335400,0.0,0.0
2022-02-22 00:00:00-05:00,66.0,68.0999984741211,65.20999908447266,65.9000015258789,329000,0.0,0.0
2022-02-23 00:00:00-05:00,66.23999786376953,66.43000030517578,62.779998779296875,62.9900016784668,809800,0.0,0.0
2022-02-24 00:00:00-05:00,62.36000061035156,74.93000030517578,62.09000015258789,74.55999755859375,955400,0.0,0.0
2022-02-25 00:00:00-05:00,74.63999938964844,76.83000183105469,72.0,76.73999786376953,471600,0.0,0.0
2022-02-28 00:00:00-05:00,75.93000030517578,79.47000122070312,75.19999694824219,79.31999969482422,471000,0.0,0.0
2022-03-01 00:00:00-05:00,79.4800033569336,85.2300033569336,79.16000366210938,80.88999938964844,543800,0.0,0.0
2022-03-02 00:00:00-05:00,80.81999969482422,82.44999694824219,78.25,82.30000305175781,288400,0.0,0.0
2022-03-03 00:00:00-05:00,82.94999694824219,83.58000183105469,78.0999984741211,79.06999969482422,269400,0.0,0.0
2022-03-04 00:00:00-05:00,78.87999725341797,80.0,76.33000183105469,78.29000091552734,338800,0.0,0.0
2022-03-07 00:00:00-05:00,78.69000244140625,79.0,73.55999755859375,74.80000305175781,302000,0.0,0.0
2022-03-08 00:00:00-05:00,74.20999908447266,75.02999877929688,67.73999786376953,67.80999755859375,561400,0.0,0.0
2022-03-09 00:00:00-05:00,70.20999908447266,71.77999877929688,67.0,69.83999633789062,565800,0.0,0.0
2022-03-10 00:00:00-05:00,68.43000030517578,70.94999694824219,66.79000091552734,70.69999694824219,448300,0.0,0.0
2022-03-11 00:00:00-05:00,71.91999816894531,73.27999877929688,63.95000076293945,64.51000213623047,675200,0.0,0.0
2022-03-14 00:00:00-04:00,64.51000213623047,65.63999938964844,56.7400016784668,57.97999954223633,973000,0.0,0.0
2022-03-15 00:00:00-04:00,58.400001525878906,59.529998779296875,55.36000061035156,59.5099983215332,690400,0.0,0.0
2022-03-16 00:00:00-04:00,61.18000030517578,67.81999969482422,61.119998931884766,67.52999877929688,807000,0.0,0.0
2022-03-17 00:00:00-04:00,66.77999877929688,70.36000061035156,63.79999923706055,69.73999786376953,622800,0.0,0.0
2022-03-18 00:00:00-04:00,72.12000274658203,76.0199966430664,71.37999725341797,75.23999786376953,841200,0.0,0.0
2022-03-21 00:00:00-04:00,74.62000274658203,76.16000366210938,71.9000015258789,74.33999633789062,301700,0.0,0.0
2022-03-22 00:00:00-04:00,73.91000366210938,78.1500015258789,73.91000366210938,75.66000366210938,338200,0.0,0.0
2022-03-23 00:00:00-04:00,74.45999908447266,75.05000305175781,71.12000274658203,71.95999908447266,271200,0.0,0.0
2022-03-24 00:00:00-04:00,72.05999755859375,75.30999755859375,69.55999755859375,74.94999694824219,335000,0.0,0.0
2022-03-25 00:00:00-04:00,75.18000030517578,75.6500015258789,72.47000122070312,72.94999694824219,262300,0.0,0.0
2022-03-28 00:00:00-04:00,83.87999725341797,87.12000274658203,78.81999969482422,80.70999908447266,2350400,0.0,0.0
2022-03-29 00:00:00-04:00,81.70999908447266,85.66000366210938,81.37999725341797,85.0,807200,0.0,0.0
2022-03-30 00:00:00-04:00,84.58000183105469,84.62999725341797,81.79000091552734,82.58999633789062,398100,0.0,0.0
2022-03-31 00:00:00-04:00,82.41999816894531,83.4800033569336,79.48999786376953,79.91000366210938,386700,0.0,0.0
2022-04-01 00:00:00-04:00,80.0,82.18000030517578,79.08999633789062,80.4800033569336,445100,0.0,0.0
2022-04-04 00:00:00-04:00,81.11000061035156,81.9800033569336,76.02999877929688,76.69999694824219,403400,0.0,0.0
2022-04-05 00:00:00-04:00,76.80000305175781,77.0,72.80999755859375,73.93000030517578,464900,0.0,0.0
2022-04-06 00:00:00-04:00,72.16000366210938,72.6500015258789,69.30000305175781,71.86000061035156,427100,0.0,0.0
2022-04-07 00:00:00-04:00,71.41000366210938,73.41000366210938,71.26000213623047,72.38999938964844,281200,0.0,0.0
2022-04-08 00:00:00-04:00,72.26000213623047,72.62000274658203,69.54000091552734,69.69999694824219,360700,0.0,0.0
2022-04-11 00:00:00-04:00,68.73999786376953,69.18000030517578,65.04000091552734,65.80999755859375,477100,0.0,0.0
2022-04-12 00:00:00-04:00,67.27999877929688,68.5,63.470001220703125,64.01000213623047,337000,0.0,0.0
2022-04-13 00:00:00-04:00,63.529998779296875,66.80999755859375,62.84000015258789,64.94000244140625,314300,0.0,0.0
2022-04-14 00:00:00-04:00,65.19000244140625,66.12999725341797,61.79999923706055,61.88999938964844,454800,0.0,0.0
2022-04-18 00:00:00-04:00,62.52000045776367,62.72999954223633,59.720001220703125,61.880001068115234,373300,0.0,0.0
2022-04-19 00:00:00-04:00,61.5,65.58000183105469,61.20000076293945,64.91000366210938,297500,0.0,0.0
2022-04-20 00:00:00-04:00,65.76000213623047,67.20999908447266,64.08000183105469,66.41999816894531,364200,0.0,0.0
2022-04-21 00:00:00-04:00,67.30000305175781,68.88999938964844,64.87000274658203,65.66000366210938,663100,0.0,0.0
2022-04-22 00:00:00-04:00,65.08999633789062,65.87000274658203,60.66999816894531,61.720001220703125,455500,0.0,0.0
2022-04-25 00:00:00-04:00,60.95000076293945,63.220001220703125,59.88999938964844,60.41999816894531,938500,0.0,0.0
2022-04-26 00:00:00-04:00,60.45000076293945,60.97999954223633,57.5099983215332,60.209999084472656,589100,0.0,0.0
2022-04-27 00:00:00-04:00,60.0099983215332,60.9900016784668,59.599998474121094,59.79999923706055,460200,0.0,0.0
2022-04-28 00:00:00-04:00,60.27000045776367,61.099998474121094,54.290000915527344,59.779998779296875,1185800,0.0,0.0
2022-04-29 00:00:00-04:00,59.83000183105469,63.22999954223633,56.779998779296875,57.09000015258789,671100,0.0,0.0
2022-05-02 00:00:00-04:00,57.119998931884766,60.31999969482422,56.5,60.02000045776367,681300,0.0,0.0
2022-05-03 00:00:00-04:00,59.9900016784668,62.0,59.0,60.720001220703125,499400,0.0,0.0
2022-05-04 00:00:00-04:00,60.2599983215332,64.58999633789062,58.130001068115234,63.86000061035156,708600,0.0,0.0
2022-05-05 00:00:00-04:00,70.66999816894531,71.7699966430664,60.459999084472656,61.869998931884766,1249200,0.0,0.0
2022-05-06 00:00:00-04:00,61.38999938964844,64.04000091552734,58.97999954223633,61.40999984741211,635600,0.0,0.0
2022-05-09 00:00:00-04:00,59.34000015258789,60.529998779296875,54.5,55.08000183105469,1096400,0.0,0.0
2022-05-10 00:00:00-04:00,56.47999954223633,57.2400016784668,51.02000045776367,52.83000183105469,855000,0.0,0.0
2022-05-11 00:00:00-04:00,52.86000061035156,55.47999954223633,49.90999984741211,50.2400016784668,726300,0.0,0.0
2022-05-12 00:00:00-04:00,49.91999816894531,54.75,49.029998779296875,54.189998626708984,915400,0.0,0.0
2022-05-13 00:00:00-04:00,56.209999084472656,59.849998474121094,55.91999816894531,58.18000030517578,601000,0.0,0.0
2022-05-16 00:00:00-04:00,57.59000015258789,58.9900016784668,54.630001068115234,55.2400016784668,535900,0.0,0.0
2022-05-17 00:00:00-04:00,56.810001373291016,58.529998779296875,55.310001373291016,58.43000030517578,542900,0.0,0.0
2022-05-18 00:00:00-04:00,56.630001068115234,57.970001220703125,55.36000061035156,56.70000076293945,496000,0.0,0.0
2022-05-19 00:00:00-04:00,56.61000061035156,61.11000061035156,55.88999938964844,59.63999938964844,689600,0.0,0.0
2022-05-20 00:00:00-04:00,60.560001373291016,61.04999923706055,56.63999938964844,59.63999938964844,480100,0.0,0.0
2022-05-23 00:00:00-04:00,59.5,61.529998779296875,57.79999923706055,61.18000030517578,303700,0.0,0.0
2022-05-24 00:00:00-04:00,59.779998779296875,59.90999984741211,56.459999084472656,57.4900016784668,374900,0.0,0.0
2022-05-25 00:00:00-04:00,57.38999938964844,60.27000045776367,57.38999938964844,59.56999969482422,240700,0.0,0.0
2022-05-26 00:00:00-04:00,59.79999923706055,63.31999969482422,58.0099983215332,62.86000061035156,456300,0.0,0.0
2022-05-27 00:00:00-04:00,63.5,67.45999908447266,63.29999923706055,67.04000091552734,352800,0.0,0.0
2022-05-31 00:00:00-04:00,68.66999816894531,69.75,64.36000061035156,65.94000244140625,824200,0.0,0.0
2022-06-01 00:00:00-04:00,66.2699966430664,67.0999984741211,64.04000091552734,65.19999694824219,389400,0.0,0.0
2022-06-02 00:00:00-04:00,65.5199966430664,69.37999725341797,64.62999725341797,68.37000274658203,420000,0.0,0.0
2022-06-03 00:00:00-04:00,66.81999969482422,67.1500015258789,63.849998474121094,65.30999755859375,232800,0.0,0.0
2022-06-06 00:00:00-04:00,66.93000030517578,69.12000274658203,66.77999877929688,68.5999984741211,514600,0.0,0.0
2022-06-07 00:00:00-04:00,66.91999816894531,70.01000213623047,66.62999725341797,69.25,282200,0.0,0.0
2022-06-08 00:00:00-04:00,69.27999877929688,74.7699966430664,69.27999877929688,73.13999938964844,828300,0.0,0.0
2022-06-09 00:00:00-04:00,71.36000061035156,71.54000091552734,68.58999633789062,69.73999786376953,437500,0.0,0.0
2022-06-10 00:00:00-04:00,67.80999755859375,68.66999816894531,65.95999908447266,67.01000213623047,385100,0.0,0.0
2022-06-13 00:00:00-04:00,63.75,64.83000183105469,60.939998626708984,62.709999084472656,621300,0.0,0.0
2022-06-14 00:00:00-04:00,63.5099983215332,64.16999816894531,60.599998474121094,63.540000915527344,351000,0.0,0.0
2022-06-15 00:00:00-04:00,64.0,66.13999938964844,63.18000030517578,64.4800033569336,410700,0.0,0.0
2022-06-16 00:00:00-04:00,61.470001220703125,63.20000076293945,60.47999954223633,62.099998474121094,382000,0.0,0.0
2022-06-17 00:00:00-04:00,63.5099983215332,66.05000305175781,63.0,63.40999984741211,768000,0.0,0.0
2022-06-21 00:00:00-04:00,65.19000244140625,66.22000122070312,63.52000045776367,63.560001373291016,321300,0.0,0.0
2022-06-22 00:00:00-04:00,62.58000183105469,67.8499984741211,62.58000183105469,67.20999908447266,488000,0.0,0.0
2022-06-23 00:00:00-04:00,67.7300033569336,72.43000030517578,67.31999969482422,72.0999984741211,701900,0.0,0.0
2022-06-24 00:00:00-04:00,72.43000030517578,74.93000030517578,71.0,74.77999877929688,708300,0.0,0.0
2022-06-27 00:00:00-04:00,75.16999816894531,76.04000091552734,73.11000061035156,75.1500015258789,336300,0.0,0.0
2022-06-28 00:00:00-04:00,75.26000213623047,76.79000091552734,72.52999877929688,72.69999694824219,362700,0.0,0.0
2022-06-29 00:00:00-04:00,72.52999877929688,73.72000122070312,71.52999877929688,73.54000091552734,264600,0.0,0.0
2022-06-30 00:00:00-04:00,72.4000015258789,73.55000305175781,69.20999908447266,70.93000030517578,468300,0.0,0.0
2022-07-01 00:00:00-04:00,71.31999969482422,72.30000305175781,70.0999984741211,72.19000244140625,283900,0.0,0.0
2022-07-05 00:00:00-04:00,70.93000030517578,76.72000122070312,70.88999938964844,76.18000030517578,559700,0.0,0.0
2022-07-06 00:00:00-04:00,76.25,77.94000244140625,74.41000366210938,75.68000030517578,426500,0.0,0.0
2022-07-07 00:00:00-04:00,75.52999877929688,79.62000274658203,75.38999938964844,79.08000183105469,476300,0.0,0.0
2022-07-08 00:00:00-04:00,77.2699966430664,80.55000305175781,77.0,79.93000030517578,299500,0.0,0.0
2022-07-11 00:00:00-04:00,79.5,79.9000015258789,74.66999816894531,75.06999969482422,403800,0.0,0.0
2022-07-12 00:00:00-04:00,75.5,76.98999786376953,72.2300033569336,73.62000274658203,372300,0.0,0.0
2022-07-13 00:00:00-04:00,71.73999786376953,74.3499984741211,70.37999725341797,73.47000122070312,400000,0.0,0.0
2022-07-14 00:00:00-04:00,72.95999908447266,73.22000122070312,70.62999725341797,72.94999694824219,137200,0.0,0.0
2022-07-15 00:00:00-04:00,74.58000183105469,77.38999938964844,72.45999908447266,76.63999938964844,462300,0.0,0.0
2022-07-18 00:00:00-04:00,77.19999694824219,78.88999938964844,74.08000183105469,74.6500015258789,240800,0.0,0.0
2022-07-19 00:00:00-04:00,76.12999725341797,76.31999969482422,74.66000366210938,75.4000015258789,343600,0.0,0.0
2022-07-20 00:00:00-04:00,75.20999908447266,76.19000244140625,73.73999786376953,74.7300033569336,457800,0.0,0.0
2022-07-21 00:00:00-04:00,75.91000366210938,78.0,74.52999877929688,76.83000183105469,388500,0.0,0.0
2022-07-22 00:00:00-04:00,77.20999908447266,78.61000061035156,74.25,75.94999694824219,270800,0.0,0.0
2022-07-25 00:00:00-04:00,75.55999755859375,76.77999877929688,74.4000015258789,76.38999938964844,150200,0.0,0.0
2022-07-26 00:00:00-04:00,76.61000061035156,77.6500015258789,74.44000244140625,76.73999786376953,239400,0.0,0.0
2022-07-27 00:00:00-04:00,77.83000183105469,80.44999694824219,76.58999633789062,79.7699966430664,397800,0.0,0.0
2022-07-28 00:00:00-04:00,79.73999786376953,80.23999786376953,76.91999816894531,80.0999984741211,193400,0.0,0.0
2022-07-29 00:00:00-04:00,79.36000061035156,81.08000183105469,78.62999725341797,80.69999694824219,288700,0.0,0.0
2022-08-01 00:00:00-04:00,80.44000244140625,83.5199966430664,79.16000366210938,81.31999969482422,334800,0.0,0.0
2022-08-02 00:00:00-04:00,80.16000366210938,83.4000015258789,79.58999633789062,81.94999694824219,229400,0.0,0.0
2022-08-03 00:00:00-04:00,82.79000091552734,87.0,82.16000366210938,86.0199966430664,331700,0.0,0.0
2022-08-04 00:00:00-04:00,86.81999969482422,86.91999816894531,84.13999938964844,85.55999755859375,270200,0.0,0.0
2022-08-05 00:00:00-04:00,82.80999755859375,86.38999938964844,82.1500015258789,84.51000213623047,379300,0.0,0.0
2022-08-08 00:00:00-04:00,85.0,90.12000274658203,84.72000122070312,87.72000122070312,429500,0.0,0.0
2022-08-09 00:00:00-04:00,86.26000213623047,87.69999694824219,81.3499984741211,82.88999938964844,377000,0.0,0.0
2022-08-10 00:00:00-04:00,86.47000122070312,87.76000213623047,84.19999694824219,87.44000244140625,517700,0.0,0.0
2022-08-11 00:00:00-04:00,95.1500015258789,102.7300033569336,89.22000122070312,102.02999877929688,1872600,0.0,0.0
2022-08-12 00:00:00-04:00,102.48999786376953,112.2699966430664,102.47000122070312,111.58000183105469,827000,0.0,0.0
2022-08-15 00:00:00-04:00,110.19999694824219,110.91999816894531,104.33000183105469,104.91000366210938,891300,0.0,0.0
2022-08-16 00:00:00-04:00,104.3499984741211,105.76000213623047,100.93000030517578,102.02999877929688,542100,0.0,0.0
2022-08-17 00:00:00-04:00,100.44000244140625,103.16000366210938,99.02999877929688,100.62999725341797,531500,0.0,0.0
2022-08-18 00:00:00-04:00,100.58999633789062,101.76000213623047,97.6500015258789,100.48999786376953,313400,0.0,0.0
2022-08-19 00:00:00-04:00,98.91000366210938,99.55999755859375,94.43000030517578,96.04000091552734,533000,0.0,0.0
2022-08-22 00:00:00-04:00,94.68000030517578,97.55000305175781,93.80999755859375,96.30000305175781,532700,0.0,0.0
2022-08-23 00:00:00-04:00,96.30000305175781,99.58999633789062,96.0,98.73999786376953,505800,0.0,0.0
2022-08-24 00:00:00-04:00,98.93000030517578,103.41000366210938,98.5999984741211,101.77999877929688,397100,0.0,0.0
2022-08-25 00:00:00-04:00,102.58999633789062,104.04000091552734,101.0999984741211,104.02999877929688,312100,0.0,0.0
2022-08-26 00:00:00-04:00,103.75,104.22000122070312,98.1500015258789,98.48999786376953,446200,0.0,0.0
2022-08-29 00:00:00-04:00,96.69999694824219,98.38999938964844,95.22000122070312,95.58000183105469,328400,0.0,0.0
2022-08-30 00:00:00-04:00,96.66000366210938,97.33000183105469,93.70999908447266,95.16000366210938,330600,0.0,0.0
2022-08-31 00:00:00-04:00,96.94999694824219,97.5199966430664,94.05000305175781,94.58999633789062,332400,0.0,0.0
2022-09-01 00:00:00-04:00,94.58999633789062,94.58999633789062,90.61000061035156,91.79000091552734,388700,0.0,0.0
2022-09-02 00:00:00-04:00,93.8499984741211,93.8499984741211,89.68000030517578,90.5199966430664,340700,0.0,0.0
2022-09-06 00:00:00-04:00,90.2300033569336,90.75,87.55000305175781,89.94999694824219,367300,0.0,0.0
2022-09-07 00:00:00-04:00,91.61000061035156,94.69000244140625,90.16999816894531,94.33000183105469,298700,0.0,0.0
2022-09-08 00:00:00-04:00,92.44999694824219,96.80999755859375,92.18000030517578,95.54000091552734,265600,0.0,0.0
2022-09-09 00:00:00-04:00,96.13999938964844,97.16000366210938,94.5999984741211,96.80999755859375,288700,0.0,0.0
2022-09-12 00:00:00-04:00,96.8499984741211,96.91999816894531,93.9000015258789,95.05000305175781,403300,0.0,0.0
2022-09-13 00:00:00-04:00,92.04000091552734,94.80000305175781,89.9800033569336,92.47000122070312,657300,0.0,0.0
2022-09-14 00:00:00-04:00,93.2699966430664,94.08999633789062,92.0199966430664,93.54000091552734,318900,0.0,0.0
2022-09-15 00:00:00-04:00,93.30999755859375,96.43000030517578,90.62999725341797,91.16000366210938,364700,0.0,0.0
2022-09-16 00:00:00-04:00,90.05999755859375,90.05999755859375,84.41000366210938,85.36000061035156,733000,0.0,0.0
2022-09-19 00:00:00-04:00,83.91999816894531,85.58000183105469,81.13999938964844,82.37999725341797,489000,0.0,0.0
2022-09-20 00:00:00-04:00,81.08999633789062,81.87999725341797,78.80000305175781,81.19000244140625,334400,0.0,0.0
2022-09-21 00:00:00-04:00,82.05000305175781,83.37000274658203,79.83000183105469,80.0199966430664,373100,0.0,0.0
2022-09-22 00:00:00-04:00,79.08999633789062,79.22000122070312,75.4000015258789,75.5199966430664,533400,0.0,0.0
2022-09-23 00:00:00-04:00,74.48999786376953,75.12999725341797,71.36000061035156,73.25,563500,0.0,0.0
2022-09-26 00:00:00-04:00,73.25,74.05000305175781,71.20999908447266,72.37999725341797,404000,0.0,0.0
2022-09-27 00:00:00-04:00,73.58000183105469,75.30999755859375,70.58000183105469,72.94999694824219,544800,0.0,0.0
2022-09-28 00:00:00-04:00,73.2300033569336,76.2699966430664,73.2300033569336,75.01000213623047,395500,0.0,0.0
2022-09-29 00:00:00-04:00,73.12999725341797,73.83000183105469,70.02999877929688,71.8499984741211,424400,0.0,0.0
2022-09-30 00:00:00-04:00,72.0199966430664,74.20999908447266,70.16999816894531,70.55000305175781,603600,0.0,0.0
2022-10-03 00:00:00-04:00,71.61000061035156,72.27999877929688,70.16999816894531,71.51000213623047,252800,0.0,0.0
2022-10-04 00:00:00-04:00,73.52999877929688,76.20999908447266,73.4800033569336,76.19999694824219,495200,0.0,0.0
2022-10-05 00:00:00-04:00,75.0199966430664,75.80000305175781,71.6500015258789,74.02999877929688,317700,0.0,0.0
2022-10-06 00:00:00-04:00,73.66000366210938,74.45999908447266,71.25,72.5,246700,0.0,0.0
2022-10-07 00:00:00-04:00,70.8499984741211,71.05999755859375,69.37999725341797,70.01000213623047,330800,0.0,0.0
2022-10-10 00:00:00-04:00,70.2300033569336,70.2300033569336,67.79000091552734,68.55999755859375,293600,0.0,0.0
2022-10-11 00:00:00-04:00,68.44000244140625,72.41999816894531,67.63999938964844,70.0999984741211,611200,0.0,0.0
2022-10-12 00:00:00-04:00,69.91999816894531,71.02999877929688,68.1500015258789,70.33999633789062,356700,0.0,0.0
2022-10-13 00:00:00-04:00,69.48999786376953,73.56999969482422,67.61000061035156,72.0,312400,0.0,0.0
2022-10-14 00:00:00-04:00,73.0,74.31999969482422,68.70999908447266,68.97000122070312,391300,0.0,0.0
2022-10-17 00:00:00-04:00,70.29000091552734,73.0,69.86000061035156,71.8499984741211,330300,0.0,0.0
2022-10-18 00:00:00-04:00,74.22000122070312,77.08000183105469,72.58999633789062,73.2699966430664,416800,0.0,0.0
2022-10-19 00:00:00-04:00,71.52999877929688,71.97000122070312,68.33999633789062,70.5,359100,0.0,0.0
2022-10-20 00:00:00-04:00,70.0999984741211,72.08000183105469,69.48999786376953,70.41999816894531,232700,0.0,0.0
2022-10-21 00:00:00-04:00,70.41999816894531,70.52999877929688,67.61000061035156,70.18000030517578,351200,0.0,0.0
2022-10-24 00:00:00-04:00,70.18000030517578,70.18000030517578,66.80999755859375,68.66000366210938,476200,0.0,0.0
2022-10-25 00:00:00-04:00,69.13999938964844,72.91000366210938,68.70999908447266,71.56999969482422,494700,0.0,0.0
2022-10-26 00:00:00-04:00,72.0,75.0,70.73999786376953,72.31999969482422,354300,0.0,0.0
2022-10-27 00:00:00-04:00,72.91999816894531,72.91999816894531,69.73999786376953,69.93000030517578,389700,0.0,0.0
2022-10-28 00:00:00-04:00,70.02999877929688,71.30000305175781,67.51000213623047,71.16999816894531,543800,0.0,0.0
2022-10-31 00:00:00-04:00,71.12000274658203,73.48999786376953,70.6500015258789,70.87000274658203,487500,0.0,0.0
2022-11-01 00:00:00-04:00,72.70999908447266,74.48999786376953,72.08000183105469,73.75,578700,0.0,0.0
2022-11-02 00:00:00-04:00,73.05000305175781,75.58000183105469,70.54000091552734,70.62000274658203,671800,0.0,0.0
2022-11-03 00:00:00-04:00,62.68000030517578,62.970001220703125,58.02000045776367,59.84000015258789,2339100,0.0,0.0
2022-11-04 00:00:00-04:00,61.40999984741211,62.650001525878906,60.0,60.849998474121094,683700,0.0,0.0
2022-11-07 00:00:00-05:00,62.349998474121094,62.349998474121094,58.72999954223633,58.97999954223633,682100,0.0,0.0
2022-11-08 00:00:00-05:00,59.5,61.63999938964844,58.06999969482422,60.15999984741211,366400,0.0,0.0
2022-11-09 00:00:00-05:00,59.45000076293945,59.869998931884766,57.54999923706055,58.0,440500,0.0,0.0
2022-11-10 00:00:00-05:00,62.27000045776367,63.439998626708984,61.27000045776367,63.130001068115234,629000,0.0,0.0
2022-11-11 00:00:00-05:00,64.44000244140625,67.70999908447266,63.91999816894531,66.19000244140625,624400,0.0,0.0
2022-11-14 00:00:00-05:00,65.13999938964844,65.80000305175781,63.310001373291016,64.58000183105469,425900,0.0,0.0
2022-11-15 00:00:00-05:00,66.47000122070312,67.63999938964844,65.30000305175781,66.30000305175781,401500,0.0,0.0
2022-11-16 00:00:00-05:00,65.6500015258789,65.72000122070312,63.189998626708984,63.7599983215332,478700,0.0,0.0
2022-11-17 00:00:00-05:00,62.0,62.41999816894531,59.56999969482422,60.47999954223633,487700,0.0,0.0
2022-11-18 00:00:00-05:00,62.45000076293945,62.45000076293945,59.83000183105469,60.2599983215332,626300,0.0,0.0
2022-11-21 00:00:00-05:00,59.369998931884766,60.63999938964844,58.880001068115234,59.77000045776367,543200,0.0,0.0
2022-11-22 00:00:00-05:00,60.0099983215332,60.459999084472656,58.130001068115234,60.220001220703125,410900,0.0,0.0
2022-11-23 00:00:00-05:00,60.5,61.72999954223633,59.689998626708984,61.040000915527344,354500,0.0,0.0
2022-11-25 00:00:00-05:00,61.599998474121094,61.599998474121094,59.66999816894531,59.86000061035156,154800,0.0,0.0
2022-11-28 00:00:00-05:00,59.630001068115234,60.209999084472656,58.22999954223633,58.93000030517578,347400,0.0,0.0
2022-11-29 00:00:00-05:00,59.02000045776367,60.20000076293945,54.459999084472656,55.29999923706055,1489400,0.0,0.0
2022-11-30 00:00:00-05:00,55.959999084472656,57.56999969482422,54.709999084472656,57.11000061035156,1074800,0.0,0.0
2022-12-01 00:00:00-05:00,57.16999816894531,60.54999923706055,56.70000076293945,59.130001068115234,715000,0.0,0.0
2022-12-02 00:00:00-05:00,58.0,63.689998626708984,57.61000061035156,63.31999969482422,973900,0.0,0.0
2022-12-05 00:00:00-05:00,62.459999084472656,64.44999694824219,61.720001220703125,62.33000183105469,621700,0.0,0.0
2022-12-06 00:00:00-05:00,62.16999816894531,62.310001373291016,58.810001373291016,60.27000045776367,491200,0.0,0.0
2022-12-07 00:00:00-05:00,60.33000183105469,62.290000915527344,59.849998474121094,61.150001525878906,471000,0.0,0.0
2022-12-08 00:00:00-05:00,61.119998931884766,63.779998779296875,61.0,62.599998474121094,451200,0.0,0.0
2022-12-09 00:00:00-05:00,62.25,63.18000030517578,59.79999923706055,59.970001220703125,533000,0.0,0.0
2022-12-12 00:00:00-05:00,59.93000030517578,61.130001068115234,59.20000076293945,59.56999969482422,364800,0.0,0.0
2022-12-13 00:00:00-05:00,63.2599983215332,64.62000274658203,60.90999984741211,61.88999938964844,543500,0.0,0.0
2022-12-14 00:00:00-05:00,61.15999984741211,61.939998626708984,57.619998931884766,58.560001373291016,877200,0.0,0.0
2022-12-15 00:00:00-05:00,57.25,57.650001525878906,54.849998474121094,56.5,964200,0.0,0.0
2022-12-16 00:00:00-05:00,55.47999954223633,56.79999923706055,53.70000076293945,54.2400016784668,1004200,0.0,0.0
2022-12-19 00:00:00-05:00,53.130001068115234,53.65999984741211,48.900001525878906,49.11000061035156,2008600,0.0,0.0
2022-12-20 00:00:00-05:00,48.810001373291016,50.38999938964844,48.06999969482422,49.06999969482422,912800,0.0,0.0
2022-12-21 00:00:00-05:00,49.189998626708984,51.63999938964844,49.189998626708984,49.97999954223633,760500,0.0,0.0
2022-12-22 00:00:00-05:00,49.54999923706055,50.66999816894531,48.2400016784668,50.06999969482422,662600,0.0,0.0
2022-12-23 00:00:00-05:00,49.88999938964844,50.099998474121094,48.11000061035156,48.38999938964844,406900,0.0,0.0
2022-12-27 00:00:00-05:00,48.209999084472656,48.439998626708984,46.380001068115234,47.97999954223633,605700,0.0,0.0
2022-12-28 00:00:00-05:00,47.709999084472656,49.25,46.36000061035156,46.81999969482422,984600,0.0,0.0
2022-12-29 00:00:00-05:00,47.369998931884766,48.66999816894531,47.0,47.90999984741211,899000,0.0,0.0
2022-12-30 00:00:00-05:00,48.16999816894531,48.900001525878906,47.16999816894531,48.540000915527344,851900,0.0,0.0
2023-01-03 00:00:00-05:00,49.83000183105469,51.91999816894531,49.25,51.25,1149400,0.0,0.0
2023-01-04 00:00:00-05:00,52.22999954223633,56.369998931884766,52.22999954223633,55.09000015258789,1324300,0.0,0.0
2023-01-05 00:00:00-05:00,54.459999084472656,59.29999923706055,54.189998626708984,58.150001525878906,2203300,0.0,0.0
2023-01-06 00:00:00-05:00,58.5,60.279998779296875,57.040000915527344,60.040000915527344,1147000,0.0,0.0
2023-01-09 00:00:00-05:00,57.0,67.30999755859375,56.880001068115234,65.44000244140625,2246200,0.0,0.0
2023-01-10 00:00:00-05:00,65.4800033569336,68.36000061035156,65.4800033569336,66.97000122070312,1534000,0.0,0.0
2023-01-11 00:00:00-05:00,67.08000183105469,68.9800033569336,66.4800033569336,68.5999984741211,602300,0.0,0.0
2023-01-12 00:00:00-05:00,68.5999984741211,70.75,68.20999908447266,70.30000305175781,694700,0.0,0.0
2023-01-13 00:00:00-05:00,69.86000061035156,73.61000061035156,69.86000061035156,72.5,735000,0.0,0.0
2023-01-17 00:00:00-05:00,72.1500015258789,74.41000366210938,71.37000274658203,73.93000030517578,609500,0.0,0.0
2023-01-18 00:00:00-05:00,74.7300033569336,76.25,70.5199966430664,70.70999908447266,980300,0.0,0.0
2023-01-19 00:00:00-05:00,70.0999984741211,70.36000061035156,65.70999908447266,69.52999877929688,1245700,0.0,0.0
2023-01-20 00:00:00-05:00,70.38999938964844,71.0,69.33000183105469,70.62999725341797,466600,0.0,0.0
2023-01-23 00:00:00-05:00,71.5199966430664,73.63999938964844,70.5999984741211,72.5999984741211,597000,0.0,0.0
2023-01-24 00:00:00-05:00,71.81999969482422,72.1500015258789,68.4000015258789,68.87999725341797,486800,0.0,0.0
2023-01-25 00:00:00-05:00,67.87999725341797,69.5,66.58999633789062,69.41999816894531,477900,0.0,0.0
2023-01-26 00:00:00-05:00,70.33999633789062,70.95999908447266,68.11000061035156,69.91999816894531,325000,0.0,0.0
2023-01-27 00:00:00-05:00,69.27999877929688,72.72000122070312,69.19999694824219,71.9000015258789,763300,0.0,0.0
2023-01-30 00:00:00-05:00,70.94999694824219,70.94999694824219,68.33000183105469,68.43000030517578,742900,0.0,0.0
2023-01-31 00:00:00-05:00,68.08000183105469,70.58000183105469,66.87000274658203,70.55000305175781,457000,0.0,0.0
2023-02-01 00:00:00-05:00,70.95999908447266,73.1500015258789,69.05999755859375,72.95999908447266,560800,0.0,0.0
2023-02-02 00:00:00-05:00,74.5,81.80999755859375,74.38999938964844,79.33999633789062,1122000,0.0,0.0
2023-02-03 00:00:00-05:00,77.36000061035156,79.43000030517578,76.58999633789062,77.97000122070312,453100,0.0,0.0
2023-02-06 00:00:00-05:00,75.6500015258789,77.69999694824219,72.76000213623047,73.48999786376953,747400,0.0,0.0
2023-02-07 00:00:00-05:00,73.26000213623047,74.80000305175781,71.36000061035156,74.63999938964844,512600,0.0,0.0
2023-02-08 00:00:00-05:00,74.08999633789062,75.2300033569336,72.11000061035156,72.26000213623047,268500,0.0,0.0
2023-02-09 00:00:00-05:00,73.72000122070312,74.0999984741211,70.19999694824219,70.7300033569336,398600,0.0,0.0
2023-02-10 00:00:00-05:00,69.66000366210938,70.18000030517578,67.83000183105469,68.55999755859375,545300,0.0,0.0
2023-02-13 00:00:00-05:00,68.81999969482422,69.79000091552734,67.91000366210938,69.41000366210938,501800,0.0,0.0
2023-02-14 00:00:00-05:00,68.56999969482422,71.02999877929688,68.36000061035156,69.91000366210938,571800,0.0,0.0
2023-02-15 00:00:00-05:00,69.16000366210938,72.16999816894531,68.69999694824219,71.75,432900,0.0,0.0
2023-02-16 00:00:00-05:00,70.12000274658203,72.44000244140625,69.33000183105469,69.77999877929688,421500,0.0,0.0
2023-02-17 00:00:00-05:00,69.7699966430664,70.25,67.52999877929688,70.23999786376953,681800,0.0,0.0
2023-02-21 00:00:00-05:00,69.31999969482422,70.36000061035156,67.05999755859375,67.52999877929688,922200,0.0,0.0
2023-02-22 00:00:00-05:00,61.36000061035156,63.4900016784668,59.33000183105469,61.290000915527344,1899400,0.0,0.0
2023-02-23 00:00:00-05:00,62.279998779296875,62.54999923706055,59.790000915527344,59.95000076293945,817100,0.0,0.0
2023-02-24 00:00:00-05:00,58.29999923706055,58.709999084472656,56.47999954223633,57.33000183105469,1210200,0.0,0.0
2023-02-27 00:00:00-05:00,58.20000076293945,58.20000076293945,56.029998779296875,56.25,685800,0.0,0.0
2023-02-28 00:00:00-05:00,56.08000183105469,56.59000015258789,55.04999923706055,55.38999938964844,718400,0.0,0.0
2023-03-01 00:00:00-05:00,56.060001373291016,57.130001068115234,55.02000045776367,56.689998626708984,612100,0.0,0.0
2023-03-02 00:00:00-05:00,55.560001373291016,58.650001525878906,55.25,58.47999954223633,505100,0.0,0.0
2023-03-03 00:00:00-05:00,59.16999816894531,61.459999084472656,58.88999938964844,59.939998626708984,666200,0.0,0.0
2023-03-06 00:00:00-05:00,60.0,60.16999816894531,58.290000915527344,58.84000015258789,393400,0.0,0.0
2023-03-07 00:00:00-05:00,58.84000015258789,59.27000045776367,57.84000015258789,58.130001068115234,405900,0.0,0.0
2023-03-08 00:00:00-05:00,58.220001220703125,59.5099983215332,58.0099983215332,58.38999938964844,362000,0.0,0.0
2023-03-09 00:00:00-05:00,58.43000030517578,62.060001373291016,58.08000183105469,60.9900016784668,1557500,0.0,0.0
2023-03-10 00:00:00-05:00,61.459999084472656,61.470001220703125,56.08000183105469,56.630001068115234,802800,0.0,0.0
2023-03-13 00:00:00-04:00,55.939998626708984,60.779998779296875,55.0099983215332,59.040000915527344,969500,0.0,0.0
2023-03-14 00:00:00-04:00,61.349998474121094,63.470001220703125,60.11000061035156,62.27000045776367,1017800,0.0,0.0
2023-03-15 00:00:00-04:00,60.13999938964844,61.439998626708984,59.689998626708984,61.2400016784668,846200,0.0,0.0
2023-03-16 00:00:00-04:00,60.599998474121094,62.900001525878906,60.279998779296875,61.97999954223633,786600,0.0,0.0
2023-03-17 00:00:00-04:00,61.970001220703125,62.619998931884766,58.880001068115234,59.959999084472656,1102000,0.0,0.0
2023-03-20 00:00:00-04:00,57.959999084472656,62.33000183105469,57.959999084472656,62.06999969482422,960000,0.0,0.0
2023-03-21 00:00:00-04:00,63.06999969482422,65.75,62.97999954223633,65.20999908447266,929400,0.0,0.0
2023-03-22 00:00:00-04:00,65.36000061035156,65.86000061035156,62.459999084472656,62.47999954223633,666600,0.0,0.0
2023-03-23 00:00:00-04:00,63.93000030517578,65.18000030517578,62.77000045776367,63.47999954223633,370800,0.0,0.0
2023-03-24 00:00:00-04:00,62.77000045776367,63.63999938964844,62.310001373291016,63.619998931884766,234900,0.0,0.0
2023-03-27 00:00:00-04:00,64.48999786376953,64.69999694824219,62.439998626708984,63.5099983215332,369100,0.0,0.0
2023-03-28 00:00:00-04:00,63.09000015258789,63.09000015258789,61.720001220703125,61.77000045776367,321700,0.0,0.0
2023-03-29 00:00:00-04:00,62.619998931884766,62.619998931884766,60.779998779296875,61.70000076293945,369500,0.0,0.0
2023-03-30 00:00:00-04:00,62.63999938964844,63.61000061035156,62.220001220703125,62.40999984741211,338300,0.0,0.0
2023-03-31 00:00:00-04:00,62.849998474121094,64.11000061035156,62.7400016784668,63.95000076293945,413300,0.0,0.0
2023-04-03 00:00:00-04:00,63.63999938964844,63.63999938964844,62.060001373291016,62.84000015258789,363900,0.0,0.0
2023-04-04 00:00:00-04:00,63.220001220703125,63.650001525878906,61.900001525878906,62.9900016784668,477300,0.0,0.0
2023-04-05 00:00:00-04:00,62.560001373291016,62.560001373291016,61.09000015258789,61.54999923706055,281900,0.0,0.0
2023-04-06 00:00:00-04:00,61.59000015258789,62.529998779296875,60.63999938964844,62.47999954223633,246000,0.0,0.0
2023-04-10 00:00:00-04:00,61.779998779296875,63.5,60.790000915527344,63.369998931884766,261400,0.0,0.0
2023-04-11 00:00:00-04:00,63.720001220703125,65.83999633789062,63.720001220703125,65.51000213623047,349500,0.0,0.0
2023-04-12 00:00:00-04:00,66.41999816894531,66.98999786376953,63.4900016784668,63.52000045776367,326300,0.0,0.0
2023-04-13 00:00:00-04:00,64.25,67.55999755859375,64.12999725341797,67.2300033569336,563500,0.0,0.0
2023-04-14 00:00:00-04:00,67.19999694824219,68.0199966430664,65.87000274658203,66.47000122070312,331900,0.0,0.0
2023-04-17 00:00:00-04:00,66.0999984741211,68.16999816894531,66.0999984741211,67.7699966430664,306700,0.0,0.0
2023-04-18 00:00:00-04:00,68.29000091552734,68.29000091552734,67.0999984741211,68.19999694824219,390600,0.0,0.0
2023-04-19 00:00:00-04:00,67.7300033569336,69.77999877929688,67.7300033569336,69.0999984741211,342800,0.0,0.0
2023-04-20 00:00:00-04:00,68.37000274658203,70.80000305175781,68.0,70.47000122070312,479000,0.0,0.0
2023-04-21 00:00:00-04:00,70.33999633789062,71.36000061035156,69.58999633789062,70.25,622700,0.0,0.0
2023-04-24 00:00:00-04:00,69.91000366210938,71.04000091552734,69.25,70.94000244140625,572700,0.0,0.0
2023-04-25 00:00:00-04:00,70.02999877929688,70.12999725341797,67.81999969482422,68.30000305175781,615300,0.0,0.0
2023-04-26 00:00:00-04:00,68.5,69.08999633789062,67.44999694824219,67.5999984741211,547400,0.0,0.0
2023-04-27 00:00:00-04:00,68.0999984741211,68.62999725341797,67.01000213623047,68.5199966430664,485600,0.0,0.0
2023-04-28 00:00:00-04:00,68.43000030517578,71.04000091552734,68.43000030517578,70.47000122070312,402100,0.0,0.0
2023-05-01 00:00:00-04:00,70.19999694824219,73.12999725341797,70.0,72.81999969482422,527000,0.0,0.0
2023-05-02 00:00:00-04:00,72.2699966430664,72.83000183105469,68.41000366210938,68.62999725341797,606300,0.0,0.0
2023-05-03 00:00:00-04:00,68.55000305175781,73.02999877929688,68.5,70.08999633789062,801200,0.0,0.0
2023-05-04 00:00:00-04:00,69.0,69.0,63.08000183105469,64.63999938964844,1482600,0.0,0.0
2023-05-05 00:00:00-04:00,65.83000183105469,67.93000030517578,65.51000213623047,67.33000183105469,617600,0.0,0.0
2023-05-08 00:00:00-04:00,67.05999755859375,68.0,66.55999755859375,67.62999725341797,603700,0.0,0.0
2023-05-09 00:00:00-04:00,67.0,67.33000183105469,65.6500015258789,66.33000183105469,378900,0.0,0.0
2023-05-10 00:00:00-04:00,67.5,68.2699966430664,66.5,67.62000274658203,388900,0.0,0.0
2023-05-11 00:00:00-04:00,67.01000213623047,67.36000061035156,64.0199966430664,64.33999633789062,494300,0.0,0.0
2023-05-12 00:00:00-04:00,64.31999969482422,65.05000305175781,61.880001068115234,62.599998474121094,567500,0.0,0.0
2023-05-15 00:00:00-04:00,63.040000915527344,63.4900016784668,61.02000045776367,62.75,478800,0.0,0.0
2023-05-16 00:00:00-04:00,62.209999084472656,62.209999084472656,60.43000030517578,61.83000183105469,560600,0.0,0.0
2023-05-17 00:00:00-04:00,61.75,62.59000015258789,60.58000183105469,62.290000915527344,336200,0.0,0.0
2023-05-18 00:00:00-04:00,62.15999984741211,64.3499984741211,61.5,63.90999984741211,455100,0.0,0.0
2023-05-19 00:00:00-04:00,64.91999816894531,65.06999969482422,62.36000061035156,63.290000915527344,445800,0.0,0.0
2023-05-22 00:00:00-04:00,63.150001525878906,65.05999755859375,62.970001220703125,64.43000030517578,280200,0.0,0.0
2023-05-23 00:00:00-04:00,64.08000183105469,64.70999908447266,56.619998931884766,58.959999084472656,1549500,0.0,0.0
2023-05-24 00:00:00-04:00,58.290000915527344,60.45000076293945,56.869998931884766,60.31999969482422,1109700,0.0,0.0
2023-05-25 00:00:00-04:00,60.45000076293945,60.45000076293945,58.599998474121094,59.31999969482422,458200,0.0,0.0
2023-05-26 00:00:00-04:00,59.119998931884766,60.790000915527344,58.540000915527344,59.790000915527344,440700,0.0,0.0
2023-05-30 00:00:00-04:00,60.220001220703125,60.4900016784668,57.619998931884766,58.0,524900,0.0,0.0
2023-05-31 00:00:00-04:00,57.63999938964844,58.400001525878906,57.04999923706055,58.02000045776367,588800,0.0,0.0
2023-06-01 00:00:00-04:00,58.029998779296875,58.41999816894531,56.7400016784668,57.779998779296875,639900,0.0,0.0
2023-06-02 00:00:00-04:00,58.97999954223633,59.2400016784668,57.220001220703125,57.70000076293945,781100,0.0,0.0
2023-06-05 00:00:00-04:00,57.5,57.86000061035156,56.22999954223633,56.45000076293945,788800,0.0,0.0
2023-06-06 00:00:00-04:00,56.0,56.29999923706055,52.0,54.790000915527344,1878000,0.0,0.0
2023-06-07 00:00:00-04:00,50.900001525878906,53.0,50.2599983215332,51.630001068115234,2255400,0.0,0.0
2023-06-08 00:00:00-04:00,51.939998626708984,52.4900016784668,50.09000015258789,52.040000915527344,1135600,0.0,0.0
2023-06-09 00:00:00-04:00,51.83000183105469,52.209999084472656,50.5,51.209999084472656,793000,0.0,0.0
2023-06-12 00:00:00-04:00,51.439998626708984,51.9900016784668,50.54999923706055,51.630001068115234,766500,0.0,0.0
2023-06-13 00:00:00-04:00,52.11000061035156,52.93000030517578,51.540000915527344,52.290000915527344,520400,0.0,0.0
2023-06-14 00:00:00-04:00,52.9900016784668,53.0099983215332,49.70000076293945,50.47999954223633,1006900,0.0,0.0
2023-06-15 00:00:00-04:00,50.02000045776367,52.790000915527344,49.650001525878906,52.66999816894531,682800,0.0,0.0
2023-06-16 00:00:00-04:00,53.83000183105469,53.90999984741211,52.540000915527344,52.61000061035156,1292000,0.0,0.0
2023-06-20 00:00:00-04:00,51.5099983215332,52.040000915527344,49.84000015258789,51.68000030517578,735000,0.0,0.0
2023-06-21 00:00:00-04:00,51.08000183105469,51.279998779296875,50.099998474121094,50.45000076293945,614200,0.0,0.0
2023-06-22 00:00:00-04:00,50.380001068115234,51.540000915527344,50.09000015258789,51.27000045776367,404800,0.0,0.0
2023-06-23 00:00:00-04:00,50.45000076293945,51.27000045776367,50.29999923706055,50.959999084472656,871800,0.0,0.0
2023-06-26 00:00:00-04:00,50.65999984741211,51.93000030517578,50.65999984741211,51.09000015258789,551300,0.0,0.0
2023-06-27 00:00:00-04:00,51.36000061035156,51.47999954223633,50.099998474121094,50.79999923706055,898400,0.0,0.0
2023-06-28 00:00:00-04:00,50.95000076293945,51.209999084472656,50.040000915527344,51.189998626708984,651100,0.0,0.0
2023-06-29 00:00:00-04:00,50.720001220703125,51.970001220703125,50.66999816894531,51.84000015258789,429200,0.0,0.0
2023-06-30 00:00:00-04:00,52.290000915527344,52.88999938964844,52.06999969482422,52.56999969482422,566400,0.0,0.0
2023-07-03 00:00:00-04:00,52.619998931884766,52.880001068115234,51.47999954223633,52.349998474121094,196800,0.0,0.0
2023-07-05 00:00:00-04:00,51.900001525878906,51.900001525878906,51.20000076293945,51.4900016784668,318200,0.0,0.0
2023-07-06 00:00:00-04:00,50.63999938964844,51.02000045776367,49.59000015258789,50.06999969482422,299600,0.0,0.0
2023-07-07 00:00:00-04:00,50.310001373291016,51.25,50.189998626708984,50.27000045776367,245900,0.0,0.0
2023-07-10 00:00:00-04:00,50.13999938964844,51.599998474121094,50.13999938964844,51.439998626708984,349200,0.0,0.0
2023-07-11 00:00:00-04:00,51.59000015258789,52.599998474121094,51.5,52.47999954223633,453100,0.0,0.0
2023-07-12 00:00:00-04:00,53.68000030517578,55.970001220703125,52.900001525878906,55.84000015258789,805200,0.0,0.0
2023-07-13 00:00:00-04:00,56.0,58.81999969482422,56.0,58.119998931884766,1112700,0.0,0.0
2023-07-14 00:00:00-04:00,58.130001068115234,58.400001525878906,56.130001068115234,56.310001373291016,538500,0.0,0.0
2023-07-17 00:00:00-04:00,54.97999954223633,56.18000030517578,53.959999084472656,55.810001373291016,543700,0.0,0.0
2023-07-18 00:00:00-04:00,55.72999954223633,56.06999969482422,54.45000076293945,54.970001220703125,744000,0.0,0.0
2023-07-19 00:00:00-04:00,54.970001220703125,55.56999969482422,54.13999938964844,54.65999984741211,567700,0.0,0.0
2023-07-20 00:00:00-04:00,54.5099983215332,55.33000183105469,53.400001525878906,53.459999084472656,493200,0.0,0.0
2023-07-21 00:00:00-04:00,53.81999969482422,55.58000183105469,53.63999938964844,55.369998931884766,413100,0.0,0.0
2023-07-24 00:00:00-04:00,55.70000076293945,58.13999938964844,55.47999954223633,57.720001220703125,610800,0.0,0.0
2023-07-25 00:00:00-04:00,57.380001068115234,58.349998474121094,56.2599983215332,56.619998931884766,444800,0.0,0.0
2023-07-26 00:00:00-04:00,56.619998931884766,57.33000183105469,55.81999969482422,56.029998779296875,504900,0.0,0.0
2023-07-27 00:00:00-04:00,56.72999954223633,57.529998779296875,54.279998779296875,54.810001373291016,441700,0.0,0.0
2023-07-28 00:00:00-04:00,55.720001220703125,57.0,55.25,55.279998779296875,901500,0.0,0.0
2023-07-31 00:00:00-04:00,55.310001373291016,55.380001068115234,53.15999984741211,54.77000045776367,717000,0.0,0.0
2023-08-01 00:00:00-04:00,53.869998931884766,54.20000076293945,52.15999984741211,52.79999923706055,578100,0.0,0.0
2023-08-02 00:00:00-04:00,52.0,52.75,50.91999816894531,52.29999923706055,933000,0.0,0.0
2023-08-03 00:00:00-04:00,45.0,48.459999084472656,45.0,47.279998779296875,2138600,0.0,0.0
2023-08-04 00:00:00-04:00,47.04999923706055,48.959999084472656,46.70000076293945,48.349998474121094,1145800,0.0,0.0
2023-08-07 00:00:00-04:00,48.720001220703125,48.970001220703125,46.189998626708984,46.66999816894531,789400,0.0,0.0
2023-08-08 00:00:00-04:00,46.59000015258789,46.95000076293945,45.310001373291016,46.790000915527344,532100,0.0,0.0
2023-08-09 00:00:00-04:00,46.279998779296875,46.5,45.25,45.43000030517578,575500,0.0,0.0
2023-08-10 00:00:00-04:00,45.66999816894531,46.16999816894531,43.66999816894531,44.099998474121094,649400,0.0,0.0
2023-08-11 00:00:00-04:00,43.5,44.150001525878906,42.90999984741211,43.619998931884766,957800,0.0,0.0
2023-08-14 00:00:00-04:00,43.099998474121094,43.2599983215332,41.869998931884766,42.380001068115234,1313900,0.0,0.0
2023-08-15 00:00:00-04:00,42.0,42.59000015258789,41.83000183105469,42.4900016784668,890800,0.0,0.0
2023-08-16 00:00:00-04:00,42.099998474121094,42.29999923706055,41.439998626708984,41.560001373291016,605500,0.0,0.0
2023-08-17 00:00:00-04:00,41.72999954223633,41.95000076293945,40.95000076293945,41.630001068115234,534300,0.0,0.0
2023-08-18 00:00:00-04:00,42.560001373291016,43.650001525878906,42.310001373291016,43.04999923706055,2590700,0.0,0.0
2023-08-21 00:00:00-04:00,42.75,43.779998779296875,41.95000076293945,42.209999084472656,10660800,0.0,0.0
2023-08-22 00:00:00-04:00,42.40999984741211,42.540000915527344,41.400001525878906,42.209999084472656,1008400,0.0,0.0
2023-08-23 00:00:00-04:00,42.31999969482422,43.83000183105469,42.209999084472656,43.5099983215332,779700,0.0,0.0
2023-08-24 00:00:00-04:00,43.56999969482422,43.619998931884766,42.29999923706055,42.689998626708984,821900,0.0,0.0
2023-08-25 00:00:00-04:00,42.75,43.369998931884766,41.540000915527344,41.72999954223633,569500,0.0,0.0
2023-08-28 00:00:00-04:00,42.209999084472656,42.95000076293945,42.150001525878906,42.849998474121094,481700,0.0,0.0
2023-08-29 00:00:00-04:00,42.7400016784668,44.90999984741211,42.5,44.900001525878906,479400,0.0,0.0
2023-08-30 00:00:00-04:00,44.790000915527344,45.040000915527344,43.779998779296875,44.0099983215332,934000,0.0,0.0
2023-08-31 00:00:00-04:00,44.13999938964844,44.720001220703125,43.209999084472656,43.36000061035156,723100,0.0,0.0
2023-09-01 00:00:00-04:00,43.959999084472656,44.25,42.790000915527344,43.060001373291016,308300,0.0,0.0
2023-09-05 00:00:00-04:00,42.599998474121094,42.599998474121094,40.970001220703125,41.959999084472656,635100,0.0,0.0
2023-09-06 00:00:00-04:00,42.11000061035156,42.20000076293945,41.16999816894531,41.310001373291016,998600,0.0,0.0
2023-09-07 00:00:00-04:00,40.959999084472656,42.16999816894531,40.959999084472656,42.13999938964844,814600,0.0,0.0
2023-09-08 00:00:00-04:00,43.5,45.45000076293945,43.439998626708984,43.849998474121094,1336500,0.0,0.0
2023-09-11 00:00:00-04:00,44.0,45.31999969482422,43.810001373291016,44.61000061035156,817000,0.0,0.0
2023-09-12 00:00:00-04:00,44.369998931884766,45.58000183105469,44.029998779296875,44.900001525878906,818800,0.0,0.0
2023-09-13 00:00:00-04:00,44.619998931884766,45.18000030517578,43.45000076293945,43.91999816894531,716600,0.0,0.0
2023-09-14 00:00:00-04:00,44.52000045776367,44.529998779296875,40.5,42.869998931884766,1274300,0.0,0.0
2023-09-15 00:00:00-04:00,41.95000076293945,43.43000030517578,41.7599983215332,43.36000061035156,1670500,0.0,0.0
2023-09-18 00:00:00-04:00,43.349998474121094,43.349998474121094,41.939998626708984,42.0099983215332,703800,0.0,0.0
2023-09-19 00:00:00-04:00,41.900001525878906,41.900001525878906,40.380001068115234,41.34000015258789,830400,0.0,0.0
2023-09-20 00:00:00-04:00,41.869998931884766,41.869998931884766,40.47999954223633,40.66999816894531,682400,0.0,0.0
2023-09-21 00:00:00-04:00,40.11000061035156,40.880001068115234,39.119998931884766,39.38999938964844,638100,0.0,0.0
2023-09-22 00:00:00-04:00,40.040000915527344,40.65999984741211,39.15999984741211,39.40999984741211,372200,0.0,0.0
2023-09-25 00:00:00-04:00,39.43000030517578,41.31999969482422,39.43000030517578,41.150001525878906,408400,0.0,0.0
2023-09-26 00:00:00-04:00,40.70000076293945,41.400001525878906,39.95000076293945,40.470001220703125,623100,0.0,0.0
2023-09-27 00:00:00-04:00,40.77000045776367,41.16999816894531,39.29999923706055,39.869998931884766,419700,0.0,0.0
2023-09-28 00:00:00-04:00,39.84000015258789,40.7400016784668,39.349998474121094,39.9900016784668,546400,0.0,0.0
2023-09-29 00:00:00-04:00,40.41999816894531,41.029998779296875,40.06999969482422,40.18000030517578,565400,0.0,0.0
2023-10-02 00:00:00-04:00,40.0099983215332,40.099998474121094,39.130001068115234,39.61000061035156,502600,0.0,0.0
2023-10-03 00:00:00-04:00,39.2599983215332,39.869998931884766,38.66999816894531,39.349998474121094,499000,0.0,0.0
2023-10-04 00:00:00-04:00,39.400001525878906,39.779998779296875,37.689998626708984,38.77000045776367,662600,0.0,0.0
2023-10-05 00:00:00-04:00,38.880001068115234,39.20000076293945,37.849998474121094,37.880001068115234,706100,0.0,0.0
2023-10-06 00:00:00-04:00,37.34000015258789,39.119998931884766,37.0099983215332,38.5099983215332,1412000,0.0,0.0
2023-10-09 00:00:00-04:00,38.83000183105469,40.970001220703125,38.040000915527344,40.5099983215332,690400,0.0,0.0
2023-10-10 00:00:00-04:00,41.040000915527344,43.130001068115234,40.849998474121094,42.20000076293945,742000,0.0,0.0
2023-10-11 00:00:00-04:00,42.209999084472656,42.59000015258789,40.459999084472656,41.369998931884766,531300,0.0,0.0
2023-10-12 00:00:00-04:00,41.400001525878906,41.52000045776367,39.36000061035156,39.400001525878906,541000,0.0,0.0
2023-10-13 00:00:00-04:00,39.34000015258789,40.47999954223633,39.34000015258789,40.40999984741211,409600,0.0,0.0
2023-10-16 00:00:00-04:00,40.779998779296875,42.9900016784668,40.189998626708984,42.84000015258789,1052900,0.0,0.0
2023-10-17 00:00:00-04:00,42.040000915527344,44.2599983215332,42.040000915527344,43.779998779296875,574600,0.0,0.0
2023-10-18 00:00:00-04:00,43.529998779296875,43.66999816894531,42.33000183105469,42.59000015258789,288600,0.0,0.0
2023-10-19 00:00:00-04:00,42.5,43.18000030517578,42.20000076293945,42.630001068115234,525300,0.0,0.0
2023-10-20 00:00:00-04:00,42.7400016784668,42.7400016784668,41.720001220703125,41.720001220703125,432200,0.0,0.0
2023-10-23 00:00:00-04:00,41.310001373291016,42.54999923706055,41.0099983215332,41.54999923706055,414900,0.0,0.0
2023-10-24 00:00:00-04:00,42.18000030517578,43.650001525878906,42.06999969482422,42.869998931884766,507000,0.0,0.0
2023-10-25 00:00:00-04:00,42.0099983215332,42.040000915527344,38.16999816894531,38.77000045776367,1049000,0.0,0.0
2023-10-26 00:00:00-04:00,38.709999084472656,39.65999984741211,38.0,38.2400016784668,596300,0.0,0.0
2023-10-27 00:00:00-04:00,38.34000015258789,39.849998474121094,38.34000015258789,38.54999923706055,724300,0.0,0.0
2023-10-30 00:00:00-04:00,39.189998626708984,41.529998779296875,39.189998626708984,40.959999084472656,1228500,0.0,0.0
2023-10-31 00:00:00-04:00,41.369998931884766,43.45000076293945,41.369998931884766,41.81999969482422,1177300,0.0,0.0
2023-11-01 00:00:00-04:00,41.81999969482422,43.79999923706055,41.81999969482422,43.31999969482422,1110000,0.0,0.0
2023-11-02 00:00:00-04:00,38.79999923706055,38.9900016784668,34.310001373291016,36.0099983215332,2878300,0.0,0.0
2023-11-03 00:00:00-04:00,36.61000061035156,38.290000915527344,36.0,37.810001373291016,1497400,0.0,0.0
2023-11-06 00:00:00-05:00,38.060001373291016,38.060001373291016,33.77000045776367,34.5,1514500,0.0,0.0
2023-11-07 00:00:00-05:00,35.529998779296875,35.75,33.849998474121094,34.97999954223633,1037200,0.0,0.0
2023-11-08 00:00:00-05:00,34.720001220703125,34.720001220703125,33.380001068115234,33.77000045776367,1049600,0.0,0.0
2023-11-09 00:00:00-05:00,34.04999923706055,34.04999923706055,32.54999923706055,32.709999084472656,980800,0.0,0.0
2023-11-10 00:00:00-05:00,33.060001373291016,33.65999984741211,32.47999954223633,33.4900016784668,580900,0.0,0.0
2023-11-13 00:00:00-05:00,33.36000061035156,34.25,32.91999816894531,33.970001220703125,710900,0.0,0.0
2023-11-14 00:00:00-05:00,35.630001068115234,36.31999969482422,35.279998779296875,36.040000915527344,778200,0.0,0.0
2023-11-15 00:00:00-05:00,36.54999923706055,37.47999954223633,36.0099983215332,36.04999923706055,417800,0.0,0.0
2023-11-16 00:00:00-05:00,35.81999969482422,36.09000015258789,34.790000915527344,35.2599983215332,391900,0.0,0.0
2023-11-17 00:00:00-05:00,35.66999816894531,35.66999816894531,34.59000015258789,34.83000183105469,705000,0.0,0.0
2023-11-20 00:00:00-05:00,35.02000045776367,35.459999084472656,34.54999923706055,34.7599983215332,596700,0.0,0.0
2023-11-21 00:00:00-05:00,34.5,34.689998626708984,33.5,33.560001373291016,660200,0.0,0.0
2023-11-22 00:00:00-05:00,33.849998474121094,34.400001525878906,33.650001525878906,33.709999084472656,451800,0.0,0.0
2023-11-24 00:00:00-05:00,33.939998626708984,34.099998474121094,33.29999923706055,33.900001525878906,255000,0.0,0.0
2023-11-27 00:00:00-05:00,33.599998474121094,33.599998474121094,31.790000915527344,31.799999237060547,1180800,0.0,0.0
2023-11-28 00:00:00-05:00,31.59000015258789,32.59000015258789,31.0,31.969999313354492,1059200,0.0,0.0
2023-11-29 00:00:00-05:00,32.04999923706055,33.04999923706055,30.90999984741211,31.610000610351562,1130500,0.0,0.0
2023-11-30 00:00:00-05:00,31.68000030517578,31.920000076293945,30.799999237060547,31.360000610351562,1364700,0.0,0.0
2023-12-01 00:00:00-05:00,31.8700008392334,33.09000015258789,31.469999313354492,32.9900016784668,1441600,0.0,0.0
2023-12-04 00:00:00-05:00,32.68000030517578,33.0099983215332,31.360000610351562,32.290000915527344,878500,0.0,0.0
2023-12-05 00:00:00-05:00,31.170000076293945,32.130001068115234,30.780000686645508,30.799999237060547,967900,0.0,0.0
2023-12-06 00:00:00-05:00,31.020000457763672,31.229999542236328,30.290000915527344,30.600000381469727,798600,0.0,0.0
2023-12-07 00:00:00-05:00,30.799999237060547,31.559999465942383,30.530000686645508,31.31999969482422,539000,0.0,0.0
2023-12-08 00:00:00-05:00,30.989999771118164,33.86000061035156,30.989999771118164,33.400001525878906,1043400,0.0,0.0
2023-12-11 00:00:00-05:00,33.220001220703125,33.52000045776367,31.670000076293945,32.13999938964844,493000,0.0,0.0
2023-12-12 00:00:00-05:00,32.189998626708984,32.189998626708984,31.110000610351562,31.600000381469727,785300,0.0,0.0
2023-12-13 00:00:00-05:00,31.5,33.65999984741211,30.81999969482422,33.650001525878906,1256000,0.0,0.0
2023-12-14 00:00:00-05:00,34.369998931884766,36.61000061035156,34.209999084472656,35.310001373291016,1019300,0.0,0.0
2023-12-15 00:00:00-05:00,35.65999984741211,35.65999984741211,33.209999084472656,33.40999984741211,1019900,0.0,0.0
2023-12-18 00:00:00-05:00,33.54999923706055,33.54999923706055,31.979999542236328,32.40999984741211,891100,0.0,0.0
2023-12-19 00:00:00-05:00,32.81999969482422,33.7400016784668,31.799999237060547,32.130001068115234,1144100,0.0,0.0
2023-12-20 00:00:00-05:00,31.979999542236328,32.4900016784668,30.959999084472656,30.979999542236328,916200,0.0,0.0
2023-12-21 00:00:00-05:00,31.600000381469727,32.27000045776367,30.860000610351562,32.220001220703125,636000,0.0,0.0
2023-12-22 00:00:00-05:00,32.2400016784668,32.790000915527344,31.360000610351562,31.6299991607666,759400,0.0,0.0
2023-12-26 00:00:00-05:00,31.6299991607666,32.43000030517578,31.3799991607666,31.850000381469727,502900,0.0,0.0
2023-12-27 00:00:00-05:00,31.850000381469727,32.209999084472656,31.329999923706055,31.68000030517578,516500,0.0,0.0
2023-12-28 00:00:00-05:00,31.700000762939453,32.290000915527344,31.639999389648438,32.099998474121094,469700,0.0,0.0
2023-12-29 00:00:00-05:00,31.899999618530273,32.0099983215332,31.149999618530273,31.209999084472656,597200,0.0,0.0
2024-01-02 00:00:00-05:00,30.799999237060547,31.059999465942383,29.5,29.729999542236328,963200,0.0,0.0
2024-01-03 00:00:00-05:00,29.299999237060547,29.950000762939453,28.43000030517578,29.200000762939453,878800,0.0,0.0
2024-01-04 00:00:00-05:00,29.25,29.25,28.739999771118164,28.959999084472656,971300,0.0,0.0
2024-01-05 00:00:00-05:00,28.219999313354492,28.899999618530273,27.81999969482422,28.459999084472656,1053700,0.0,0.0
2024-01-08 00:00:00-05:00,27.040000915527344,31.969999313354492,27.0,31.739999771118164,2246800,0.0,0.0
2024-01-09 00:00:00-05:00,31.360000610351562,34.15999984741211,31.229999542236328,34.0,1705300,0.0,0.0
2024-01-10 00:00:00-05:00,34.20000076293945,34.70000076293945,32.279998779296875,33.31999969482422,901400,0.0,0.0
2024-01-11 00:00:00-05:00,33.4900016784668,33.599998474121094,32.38999938964844,32.959999084472656,752500,0.0,0.0
2024-01-12 00:00:00-05:00,33.31999969482422,33.59000015258789,31.700000762939453,31.700000762939453,579000,0.0,0.0
2024-01-16 00:00:00-05:00,31.139999389648438,31.56999969482422,29.940000534057617,30.06999969482422,797400,0.0,0.0
2024-01-17 00:00:00-05:00,29.489999771118164,29.6299991607666,28.860000610351562,29.479999542236328,480400,0.0,0.0
2024-01-18 00:00:00-05:00,29.649999618530273,30.030000686645508,29.190000534057617,29.889999389648438,535300,0.0,0.0
2024-01-19 00:00:00-05:00,29.829999923706055,29.829999923706055,28.5,29.030000686645508,451100,0.0,0.0
2024-01-22 00:00:00-05:00,29.079999923706055,30.18000030517578,28.8799991607666,29.709999084472656,665600,0.0,0.0
2024-01-23 00:00:00-05:00,30.479999542236328,30.770000457763672,29.43000030517578,30.510000228881836,747400,0.0,0.0
2024-01-24 00:00:00-05:00,31.079999923706055,31.079999923706055,29.670000076293945,30.0,609700,0.0,0.0
2024-01-25 00:00:00-05:00,30.219999313354492,30.760000228881836,29.200000762939453,29.670000076293945,499000,0.0,0.0
2024-01-26 00:00:00-05:00,30.020000457763672,30.219999313354492,29.260000228881836,29.56999969482422,370300,0.0,0.0
2024-01-29 00:00:00-05:00,29.59000015258789,30.75,29.309999465942383,30.700000762939453,527700,0.0,0.0
2024-01-30 00:00:00-05:00,30.8700008392334,31.579999923706055,28.959999084472656,29.1299991607666,575800,0.0,0.0
2024-01-31 00:00:00-05:00,29.139999389648438,29.219999313354492,27.90999984741211,28.010000228881836,562500,0.0,0.0
2024-02-01 00:00:00-05:00,28.5,29.040000915527344,28.020000457763672,28.700000762939453,512700,0.0,0.0
2024-02-02 00:00:00-05:00,28.049999237060547,28.260000228881836,27.270000457763672,27.81999969482422,621500,0.0,0.0
2024-02-05 00:00:00-05:00,27.200000762939453,27.739999771118164,26.65999984741211,27.670000076293945,703700,0.0,0.0
2024-02-06 00:00:00-05:00,27.860000610351562,31.06999969482422,27.579999923706055,31.020000457763672,2080300,0.0,0.0
2024-02-07 00:00:00-05:00,30.979999542236328,31.010000228881836,29.420000076293945,29.65999984741211,555700,0.0,0.0
2024-02-08 00:00:00-05:00,29.420000076293945,30.510000228881836,29.420000076293945,30.350000381469727,368800,0.0,0.0
2024-02-09 00:00:00-05:00,30.739999771118164,31.09000015258789,29.93000030517578,30.15999984741211,557700,0.0,0.0
2024-02-12 00:00:00-05:00,30.139999389648438,31.559999465942383,29.920000076293945,31.34000015258789,632900,0.0,0.0
2024-02-13 00:00:00-05:00,29.719999313354492,30.59000015258789,29.200000762939453,29.489999771118164,697900,0.0,0.0
2024-02-14 00:00:00-05:00,30.239999771118164,30.3799991607666,29.549999237060547,29.889999389648438,490300,0.0,0.0
2024-02-15 00:00:00-05:00,30.219999313354492,31.329999923706055,30.219999313354492,31.270000457763672,495500,0.0,0.0
2024-02-16 00:00:00-05:00,31.0,31.610000610351562,30.549999237060547,30.850000381469727,678400,0.0,0.0
2024-02-20 00:00:00-05:00,30.5,31.440000534057617,30.18000030517578,30.790000915527344,465900,0.0,0.0
2024-02-21 00:00:00-05:00,30.329999923706055,30.450000762939453,29.6200008392334,30.389999389648438,449800,0.0,0.0
2024-02-22 00:00:00-05:00,30.34000015258789,31.100000381469727,29.780000686645508,30.5,459900,0.0,0.0
2024-02-23 00:00:00-05:00,30.31999969482422,31.1299991607666,29.93000030517578,30.670000076293945,426500,0.0,0.0
2024-02-26 00:00:00-05:00,30.670000076293945,31.829999923706055,30.3799991607666,31.75,712200,0.0,0.0
2024-02-27 00:00:00-05:00,33.0,34.66999816894531,31.229999542236328,32.68000030517578,1267500,0.0,0.0
2024-02-28 00:00:00-05:00,31.969999313354492,33.0,31.34000015258789,31.559999465942383,634500,0.0,0.0
2024-02-29 00:00:00-05:00,32.43000030517578,33.2599983215332,31.219999313354492,31.239999771118164,565200,0.0,0.0
2024-03-01 00:00:00-05:00,31.780000686645508,33.810001373291016,31.600000381469727,33.310001373291016,717600,0.0,0.0
2024-03-04 00:00:00-05:00,33.33000183105469,34.650001525878906,33.130001068115234,34.5,633200,0.0,0.0
2024-03-05 00:00:00-05:00,34.11000061035156,34.81999969482422,32.72999954223633,33.279998779296875,581900,0.0,0.0
2024-03-06 00:00:00-05:00,33.310001373291016,36.150001525878906,32.97999954223633,35.5,890100,0.0,0.0
2024-03-07 00:00:00-05:00,36.0,36.47999954223633,35.029998779296875,35.11000061035156,834700,0.0,0.0
2024-03-08 00:00:00-05:00,36.0,37.20000076293945,35.349998474121094,35.86000061035156,1024300,0.0,0.0
2024-03-11 00:00:00-04:00,38.58000183105469,40.20000076293945,38.189998626708984,38.779998779296875,1081400,0.0,0.0
2024-03-12 00:00:00-04:00,38.619998931884766,38.959999084472656,37.31999969482422,37.63999938964844,606000,0.0,0.0
2024-03-13 00:00:00-04:00,37.849998474121094,40.11000061035156,37.849998474121094,38.150001525878906,756700,0.0,0.0
2024-03-14 00:00:00-04:00,37.68000030517578,38.619998931884766,37.52000045776367,38.029998779296875,907000,0.0,0.0
2024-03-15 00:00:00-04:00,37.81999969482422,39.150001525878906,37.4900016784668,37.720001220703125,1140200,0.0,0.0
2024-03-18 00:00:00-04:00,37.720001220703125,39.130001068115234,37.5099983215332,38.40999984741211,445400,0.0,0.0
2024-03-19 00:00:00-04:00,38.04999923706055,39.2400016784668,37.9900016784668,38.56999969482422,592400,0.0,0.0
2024-03-20 00:00:00-04:00,38.459999084472656,40.099998474121094,38.0099983215332,39.61000061035156,708800,0.0,0.0
2024-03-21 00:00:00-04:00,39.59000015258789,40.5,38.93000030517578,38.97999954223633,591100,0.0,0.0
2024-03-22 00:00:00-04:00,38.619998931884766,38.849998474121094,36.86000061035156,36.93000030517578,476100,0.0,0.0
2024-03-25 00:00:00-04:00,36.869998931884766,37.619998931884766,36.779998779296875,37.18000030517578,572500,0.0,0.0
2024-03-26 00:00:00-04:00,37.47999954223633,37.61000061035156,35.119998931884766,36.0,810600,0.0,0.0
2024-03-27 00:00:00-04:00,36.689998626708984,38.31999969482422,36.52000045776367,37.70000076293945,422000,0.0,0.0
2024-03-28 00:00:00-04:00,37.63999938964844,38.59000015258789,37.349998474121094,38.279998779296875,772800,0.0,0.0
2024-04-01 00:00:00-04:00,38.95000076293945,39.20000076293945,38.040000915527344,39.040000915527344,562500,0.0,0.0
2024-04-02 00:00:00-04:00,38.029998779296875,39.83000183105469,37.58000183105469,39.54999923706055,550300,0.0,0.0
2024-04-03 00:00:00-04:00,39.31999969482422,40.45000076293945,38.27000045776367,39.06999969482422,765900,0.0,0.0
2024-04-04 00:00:00-04:00,43.959999084472656,46.93000030517578,43.09000015258789,45.5099983215332,2357100,0.0,0.0
2024-04-05 00:00:00-04:00,45.68000030517578,48.83000183105469,44.790000915527344,48.68000030517578,1864600,0.0,0.0
2024-04-08 00:00:00-04:00,48.91999816894531,49.599998474121094,47.369998931884766,49.4900016784668,1447500,0.0,0.0
2024-04-09 00:00:00-04:00,49.650001525878906,52.68000030517578,49.52000045776367,52.25,1433100,0.0,0.0
2024-04-10 00:00:00-04:00,50.0,51.70000076293945,49.34000015258789,51.08000183105469,750100,0.0,0.0
2024-04-11 00:00:00-04:00,51.810001373291016,51.810001373291016,50.209999084472656,51.599998474121094,414600,0.0,0.0
2024-04-12 00:00:00-04:00,50.9900016784668,51.34000015258789,48.7599983215332,49.790000915527344,682300,0.0,0.0
2024-04-15 00:00:00-04:00,50.0,50.0,46.150001525878906,46.220001220703125,735600,0.0,0.0
2024-04-16 00:00:00-04:00,45.7599983215332,47.34000015258789,45.650001525878906,46.619998931884766,601300,0.0,0.0
2024-04-17 00:00:00-04:00,46.900001525878906,47.38999938964844,46.189998626708984,46.34000015258789,325200,0.0,0.0
2024-04-18 00:00:00-04:00,46.56999969482422,47.29999923706055,45.5099983215332,46.77000045776367,380600,0.0,0.0
2024-04-19 00:00:00-04:00,46.5099983215332,47.33000183105469,46.0,46.38999938964844,396900,0.0,0.0
2024-04-22 00:00:00-04:00,46.599998474121094,47.279998779296875,46.060001373291016,46.54999923706055,246600,0.0,0.0
2024-04-23 00:00:00-04:00,46.5,48.5,45.869998931884766,48.189998626708984,749000,0.0,0.0
2024-04-24 00:00:00-04:00,48.2400016784668,49.130001068115234,47.77000045776367,47.81999969482422,571200,0.0,0.0
2024-04-25 00:00:00-04:00,46.900001525878906,47.04999923706055,45.41999816894531,46.88999938964844,350000,0.0,0.0
2024-04-26 00:00:00-04:00,47.13999938964844,48.02000045776367,46.43000030517578,46.959999084472656,335600,0.0,0.0
2024-04-29 00:00:00-04:00,47.15999984741211,48.16999816894531,47.119998931884766,47.43000030517578,526800,0.0,0.0
2024-04-30 00:00:00-04:00,46.61000061035156,46.9900016784668,45.86000061035156,45.959999084472656,418000,0.0,0.0
2024-05-01 00:00:00-04:00,45.83000183105469,46.88999938964844,44.650001525878906,44.689998626708984,654400,0.0,0.0
2024-05-02 00:00:00-04:00,45.459999084472656,45.779998779296875,44.380001068115234,45.540000915527344,414200,0.0,0.0
2024-05-03 00:00:00-04:00,46.27000045776367,46.900001525878906,45.119998931884766,45.5099983215332,367200,0.0,0.0
2024-05-06 00:00:00-04:00,45.7599983215332,46.560001373291016,45.7400016784668,45.97999954223633,428600,0.0,0.0
2024-05-07 00:00:00-04:00,46.16999816894531,47.18000030517578,46.0099983215332,46.650001525878906,725100,0.0,0.0
2024-05-08 00:00:00-04:00,45.0,45.560001373291016,39.439998626708984,41.02000045776367,1397200,0.0,0.0
2024-05-09 00:00:00-04:00,41.310001373291016,43.29999923706055,41.310001373291016,42.86000061035156,809400,0.0,0.0
2024-05-10 00:00:00-04:00,43.08000183105469,43.5,41.650001525878906,42.349998474121094,440800,0.0,0.0
2024-05-13 00:00:00-04:00,42.38999938964844,44.400001525878906,42.04999923706055,43.56999969482422,632900,0.0,0.0
2024-05-14 00:00:00-04:00,44.75,45.18000030517578,43.02000045776367,43.650001525878906,396900,0.0,0.0
2024-05-15 00:00:00-04:00,44.22999954223633,44.65999984741211,42.470001220703125,43.13999938964844,320300,0.0,0.0
2024-05-16 00:00:00-04:00,43.06999969482422,43.560001373291016,42.369998931884766,42.619998931884766,296900,0.0,0.0
2024-05-17 00:00:00-04:00,42.81999969482422,43.709999084472656,42.060001373291016,42.70000076293945,333200,0.0,0.0
2024-05-20 00:00:00-04:00,42.40999984741211,43.15999984741211,42.369998931884766,42.79999923706055,358500,0.0,0.0
2024-05-21 00:00:00-04:00,42.40999984741211,43.08000183105469,41.779998779296875,42.5099983215332,381200,0.0,0.0
2024-05-22 00:00:00-04:00,42.36000061035156,43.0,41.86000061035156,42.54999923706055,344400,0.0,0.0
2024-05-23 00:00:00-04:00,42.540000915527344,43.220001220703125,41.939998626708984,42.16999816894531,339400,0.0,0.0
2024-05-24 00:00:00-04:00,42.20000076293945,42.20000076293945,40.959999084472656,41.15999984741211,277400,0.0,0.0
2024-05-28 00:00:00-04:00,41.540000915527344,41.869998931884766,40.560001373291016,40.939998626708984,249100,0.0,0.0
2024-05-29 00:00:00-04:00,40.279998779296875,40.7400016784668,39.75,40.13999938964844,294500,0.0,0.0
2024-05-30 00:00:00-04:00,40.310001373291016,40.939998626708984,40.04999923706055,40.599998474121094,332800,0.0,0.0
2024-05-31 00:00:00-04:00,40.900001525878906,41.630001068115234,40.779998779296875,41.529998779296875,302300,0.0,0.0
2024-06-03 00:00:00-04:00,42.400001525878906,43.22999954223633,41.349998474121094,41.459999084472656,340200,0.0,0.0
2024-06-04 00:00:00-04:00,41.0,41.099998474121094,39.650001525878906,40.119998931884766,283900,0.0,0.0
2024-06-05 00:00:00-04:00,40.11000061035156,41.150001525878906,39.619998931884766,40.61000061035156,280600,0.0,0.0
2024-06-06 00:00:00-04:00,40.29999923706055,41.0,39.7599983215332,40.470001220703125,213400,0.0,0.0
2024-06-07 00:00:00-04:00,39.84000015258789,40.599998474121094,38.529998779296875,38.65999984741211,379500,0.0,0.0
2024-06-10 00:00:00-04:00,37.79999923706055,38.58000183105469,37.41999816894531,38.06999969482422,468900,0.0,0.0
2024-06-11 00:00:00-04:00,39.83000183105469,40.0099983215332,38.25,38.720001220703125,430700,0.0,0.0
2024-06-12 00:00:00-04:00,39.880001068115234,42.15999984741211,39.540000915527344,41.04999923706055,847000,0.0,0.0
2024-06-13 00:00:00-04:00,41.08000183105469,42.83000183105469,40.61000061035156,41.90999984741211,377700,0.0,0.0
2024-06-14 00:00:00-04:00,41.40999984741211,41.68000030517578,40.810001373291016,41.220001220703125,286700,0.0,0.0
2024-06-17 00:00:00-04:00,40.70000076293945,40.970001220703125,38.709999084472656,40.08000183105469,1131300,0.0,0.0
2024-06-18 00:00:00-04:00,40.060001373291016,41.79999923706055,39.869998931884766,41.22999954223633,722000,0.0,0.0
2024-06-20 00:00:00-04:00,40.880001068115234,41.349998474121094,39.81999969482422,40.11000061035156,283900,0.0,0.0
2024-06-21 00:00:00-04:00,40.040000915527344,40.939998626708984,39.619998931884766,40.75,1171200,0.0,0.0
2024-06-24 00:00:00-04:00,40.849998474121094,41.43000030517578,40.400001525878906,41.150001525878906,261100,0.0,0.0
2024-06-25 00:00:00-04:00,41.20000076293945,42.34000015258789,40.66999816894531,42.31999969482422,273900,0.0,0.0
2024-06-26 00:00:00-04:00,42.099998474121094,47.709999084472656,41.88999938964844,45.5099983215332,1862400,0.0,0.0
2024-06-27 00:00:00-04:00,45.52000045776367,47.22999954223633,45.220001220703125,46.77000045776367,650000,0.0,0.0
2024-06-28 00:00:00-04:00,47.0,48.22999954223633,46.93000030517578,47.61000061035156,906700,0.0,0.0
2024-07-01 00:00:00-04:00,47.59000015258789,48.400001525878906,46.849998474121094,47.41999816894531,641000,0.0,0.0
2024-07-02 00:00:00-04:00,47.349998474121094,49.31999969482422,42.9900016784668,44.52000045776367,1753500,0.0,0.0
2024-07-03 00:00:00-04:00,44.779998779296875,44.779998779296875,42.959999084472656,43.11000061035156,568800,0.0,0.0
2024-07-05 00:00:00-04:00,43.16999816894531,45.18000030517578,42.310001373291016,44.93000030517578,563100,0.0,0.0
2024-07-08 00:00:00-04:00,45.220001220703125,45.869998931884766,43.08000183105469,43.099998474121094,476500,0.0,0.0
2024-07-09 00:00:00-04:00,42.93000030517578,43.439998626708984,41.04999923706055,41.470001220703125,678300,0.0,0.0
2024-07-10 00:00:00-04:00,41.900001525878906,46.099998474121094,38.970001220703125,46.0,1982300,0.0,0.0
2024-07-11 00:00:00-04:00,47.43000030517578,49.86000061035156,46.439998626708984,47.34000015258789,843800,0.0,0.0
2024-07-12 00:00:00-04:00,47.52000045776367,48.0,46.880001068115234,47.11000061035156,375200,0.0,0.0
2024-07-15 00:00:00-04:00,44.47999954223633,46.11000061035156,43.36000061035156,45.220001220703125,785700,0.0,0.0
2024-07-16 00:00:00-04:00,45.79999923706055,46.790000915527344,44.25,45.83000183105469,487300,0.0,0.0
2024-07-17 00:00:00-04:00,45.09000015258789,46.099998474121094,43.459999084472656,44.22999954223633,822100,0.0,0.0
2024-07-18 00:00:00-04:00,44.0,44.47999954223633,41.83000183105469,43.13999938964844,711700,0.0,0.0
2024-07-19 00:00:00-04:00,43.18000030517578,43.33000183105469,41.33000183105469,42.5,504000,0.0,0.0
2024-07-22 00:00:00-04:00,42.9900016784668,43.52000045776367,41.4900016784668,42.88999938964844,317300,0.0,0.0
2024-07-23 00:00:00-04:00,42.25,42.63999938964844,41.400001525878906,41.869998931884766,392900,0.0,0.0
2024-07-24 00:00:00-04:00,41.72999954223633,42.470001220703125,40.779998779296875,41.41999816894531,344600,0.0,0.0
2024-07-25 00:00:00-04:00,41.130001068115234,41.91999816894531,40.5099983215332,40.66999816894531,444400,0.0,0.0
2024-07-26 00:00:00-04:00,40.970001220703125,41.029998779296875,39.380001068115234,40.06999969482422,465600,0.0,0.0
2024-07-29 00:00:00-04:00,40.22999954223633,41.52000045776367,39.900001525878906,41.52000045776367,510300,0.0,0.0
2024-07-30 00:00:00-04:00,41.34000015258789,41.56999969482422,39.560001373291016,40.189998626708984,580100,0.0,0.0
2024-07-31 00:00:00-04:00,41.5,42.16999816894531,40.029998779296875,41.25,434500,0.0,0.0
2024-08-01 00:00:00-04:00,40.939998626708984,41.189998626708984,39.380001068115234,39.95000076293945,554000,0.0,0.0
2024-08-02 00:00:00-04:00,38.560001373291016,40.66999816894531,36.459999084472656,39.0,1040400,0.0,0.0
2024-08-05 00:00:00-04:00,36.77000045776367,38.380001068115234,35.2400016784668,37.0,2063100,0.0,0.0
2024-08-06 00:00:00-04:00,37.310001373291016,38.630001068115234,36.20000076293945,37.88999938964844,1367600,0.0,0.0
2024-08-07 00:00:00-04:00,37.95000076293945,39.130001068115234,36.119998931884766,36.349998474121094,1444500,0.0,0.0
2024-08-08 00:00:00-04:00,40.720001220703125,41.0,36.849998474121094,40.36000061035156,2770300,0.0,0.0
2024-08-09 00:00:00-04:00,40.36000061035156,40.810001373291016,38.189998626708984,38.380001068115234,1231200,0.0,0.0
2024-08-12 00:00:00-04:00,38.2599983215332,38.560001373291016,37.560001373291016,38.540000915527344,1085100,0.0,0.0
2024-08-13 00:00:00-04:00,39.02000045776367,39.349998474121094,35.27000045776367,36.709999084472656,1258500,0.0,0.0
2024-08-14 00:00:00-04:00,36.95000076293945,37.22999954223633,35.09000015258789,35.099998474121094,635500,0.0,0.0
2024-08-15 00:00:00-04:00,36.04999923706055,37.7400016784668,35.81999969482422,36.43000030517578,597500,0.0,0.0
2024-08-16 00:00:00-04:00,36.380001068115234,38.20000076293945,36.380001068115234,37.90999984741211,493700,0.0,0.0
2024-08-19 00:00:00-04:00,37.86000061035156,38.59000015258789,37.709999084472656,38.290000915527344,432000,0.0,0.0
2024-08-20 00:00:00-04:00,38.11000061035156,38.38999938964844,35.619998931884766,36.189998626708984,617100,0.0,0.0
2024-08-21 00:00:00-04:00,36.34000015258789,36.81999969482422,35.650001525878906,35.68000030517578,473400,0.0,0.0
2024-08-22 00:00:00-04:00,35.68000030517578,36.0,33.0,33.970001220703125,1044900,0.0,0.0
2024-08-23 00:00:00-04:00,34.40999984741211,34.63999938964844,33.130001068115234,33.27000045776367,528700,0.0,0.0
2024-08-26 00:00:00-04:00,33.04999923706055,33.7400016784668,31.809999465942383,32.689998626708984,990000,0.0,0.0
2024-08-27 00:00:00-04:00,32.689998626708984,33.060001373291016,32.220001220703125,32.369998931884766,447100,0.0,0.0
2024-08-28 00:00:00-04:00,32.369998931884766,32.56999969482422,31.770000457763672,31.90999984741211,488800,0.0,0.0
2024-08-29 00:00:00-04:00,31.959999084472656,33.61000061035156,31.90999984741211,32.13999938964844,620800,0.0,0.0
2024-08-30 00:00:00-04:00,32.20000076293945,33.27000045776367,31.809999465942383,33.09000015258789,601800,0.0,0.0
2024-09-03 00:00:00-04:00,32.68000030517578,32.939998626708984,31.84000015258789,32.31999969482422,429800,0.0,0.0
2024-09-04 00:00:00-04:00,32.279998779296875,32.40999984741211,31.059999465942383,31.489999771118164,399400,0.0,0.0
2024-09-05 00:00:00-04:00,31.84000015258789,32.040000915527344,30.8700008392334,31.200000762939453,341100,0.0,0.0
2024-09-06 00:00:00-04:00,31.18000030517578,31.420000076293945,30.329999923706055,31.1200008392334,769700,0.0,0.0
2024-09-09 00:00:00-04:00,30.8799991607666,31.040000915527344,29.950000762939453,30.049999237060547,572900,0.0,0.0
2024-09-10 00:00:00-04:00,30.020000457763672,30.309999465942383,29.209999084472656,30.139999389648438,794900,0.0,0.0
2024-09-11 00:00:00-04:00,30.09000015258789,30.8700008392334,29.8799991607666,30.309999465942383,831000,0.0,0.0
2024-09-12 00:00:00-04:00,30.31999969482422,30.520000457763672,29.670000076293945,29.969999313354492,667400,0.0,0.0
2024-09-13 00:00:00-04:00,30.139999389648438,32.65999984741211,30.1299991607666,32.380001068115234,862600,0.0,0.0
2024-09-16 00:00:00-04:00,32.380001068115234,32.79999923706055,31.270000457763672,31.3799991607666,598300,0.0,0.0
2024-09-17 00:00:00-04:00,31.549999237060547,33.08000183105469,31.489999771118164,32.18000030517578,998800,0.0,0.0
2024-09-18 00:00:00-04:00,32.5,33.75,31.1200008392334,31.389999389648438,1590000,0.0,0.0
2024-09-19 00:00:00-04:00,32.38999938964844,32.630001068115234,30.940000534057617,31.600000381469727,598200,0.0,0.0
2024-09-20 00:00:00-04:00,31.440000534057617,31.440000534057617,29.950000762939453,30.389999389648438,1436900,0.0,0.0
2024-09-23 00:00:00-04:00,30.81999969482422,31.040000915527344,30.040000915527344,30.360000610351562,957300,0.0,0.0
2024-09-24 00:00:00-04:00,31.0,32.369998931884766,30.969999313354492,32.290000915527344,849400,0.0,0.0
2024-09-25 00:00:00-04:00,32.29999923706055,32.7400016784668,30.979999542236328,31.040000915527344,752500,0.0,0.0
2024-09-26 00:00:00-04:00,31.65999984741211,33.970001220703125,31.65999984741211,33.869998931884766,1197900,0.0,0.0
2024-09-27 00:00:00-04:00,34.779998779296875,37.54999923706055,34.4900016784668,37.22999954223633,2225000,0.0,0.0
2024-09-30 00:00:00-04:00,38.369998931884766,38.599998474121094,36.2400016784668,37.150001525878906,1436700,0.0,0.0
2024-10-01 00:00:00-04:00,36.810001373291016,36.880001068115234,35.11000061035156,35.880001068115234,593800,0.0,0.0
2024-10-02 00:00:00-04:00,36.459999084472656,36.459999084472656,35.279998779296875,35.68000030517578,502700,0.0,0.0
2024-10-03 00:00:00-04:00,34.529998779296875,35.31999969482422,34.130001068115234,34.15999984741211,520900,0.0,0.0
2024-10-04 00:00:00-04:00,35.43000030517578,35.5,33.959999084472656,35.06999969482422,562600,0.0,0.0
2024-10-07 00:00:00-04:00,34.720001220703125,35.38999938964844,34.0,34.20000076293945,614900,0.0,0.0
2024-10-08 00:00:00-04:00,33.70000076293945,33.779998779296875,31.299999237060547,31.459999084472656,930400,0.0,0.0
2024-10-09 00:00:00-04:00,31.25,32.060001373291016,31.1200008392334,31.540000915527344,665900,0.0,0.0
2024-10-10 00:00:00-04:00,31.049999237060547,31.68000030517578,30.75,31.190000534057617,706300,0.0,0.0
2024-10-11 00:00:00-04:00,31.049999237060547,32.060001373291016,31.0,31.610000610351562,799500,0.0,0.0
2024-10-14 00:00:00-04:00,31.639999389648438,33.279998779296875,31.170000076293945,33.0,830700,0.0,0.0
2024-10-15 00:00:00-04:00,32.540000915527344,32.7599983215332,31.760000228881836,32.119998931884766,601200,0.0,0.0
2024-10-16 00:00:00-04:00,32.459999084472656,33.130001068115234,31.920000076293945,32.060001373291016,469500,0.0,0.0
2024-10-17 00:00:00-04:00,31.850000381469727,31.850000381469727,30.440000534057617,30.940000534057617,479200,0.0,0.0
2024-10-18 00:00:00-04:00,31.229999542236328,31.399999618530273,30.600000381469727,31.059999465942383,1034400,0.0,0.0
2024-10-21 00:00:00-04:00,30.920000076293945,30.979999542236328,29.809999465942383,30.690000534057617,882500,0.0,0.0
2024-10-22 00:00:00-04:00,30.610000610351562,30.719999313354492,29.809999465942383,30.420000076293945,440000,0.0,0.0
2024-10-23 00:00:00-04:00,30.360000610351562,30.860000610351562,30.030000686645508,30.190000534057617,386800,0.0,0.0
2024-10-24 00:00:00-04:00,30.43000030517578,31.149999618530273,30.010000228881836,30.31999969482422,627400,0.0,0.0
2024-10-25 00:00:00-04:00,30.469999313354492,30.809999465942383,30.059999465942383,30.389999389648438,310500,0.0,0.0
2024-10-28 00:00:00-04:00,31.1200008392334,31.40999984741211,30.520000457763672,30.690000534057617,555700,0.0,0.0
2024-10-29 00:00:00-04:00,30.329999923706055,30.8700008392334,29.90999984741211,30.290000915527344,386200,0.0,0.0
2024-10-30 00:00:00-04:00,30.049999237060547,30.799999237060547,29.450000762939453,29.489999771118164,807800,0.0,0.0
2024-10-31 00:00:00-04:00,31.31999969482422,31.350000381469727,27.719999313354492,28.989999771118164,1126600,0.0,0.0
2024-11-01 00:00:00-04:00,28.75,30.200000762939453,28.360000610351562,28.559999465942383,633000,0.0,0.0
2024-11-04 00:00:00-05:00,28.049999237060547,29.709999084472656,28.0,29.139999389648438,636000,0.0,0.0
2024-11-05 00:00:00-05:00,28.989999771118164,30.059999465942383,28.540000915527344,30.020000457763672,502200,0.0,0.0
2024-11-06 00:00:00-05:00,31.18000030517578,31.850000381469727,29.469999313354492,30.860000610351562,783900,0.0,0.0
2024-11-07 00:00:00-05:00,30.93000030517578,32.0,30.90999984741211,31.459999084472656,795200,0.0,0.0
2024-11-08 00:00:00-05:00,31.270000457763672,31.360000610351562,29.559999465942383,29.59000015258789,1012700,0.0,0.0
2024-11-11 00:00:00-05:00,29.93000030517578,30.8799991607666,29.690000534057617,30.420000076293945,693500,0.0,0.0
2024-11-12 00:00:00-05:00,30.1299991607666,30.200000762939453,28.8799991607666,29.020000457763672,534100,0.0,0.0
2024-11-13 00:00:00-05:00,29.299999237060547,29.389999389648438,28.420000076293945,28.440000534057617,442500,0.0,0.0
2024-11-14 00:00:00-05:00,28.5,28.700000762939453,27.270000457763672,27.299999237060547,580600,0.0,0.0
2024-11-15 00:00:00-05:00,27.56999969482422,27.690000534057617,26.6200008392334,26.65999984741211,496000,0.0,0.0
2024-11-18 00:00:00-05:00,26.610000610351562,27.040000915527344,26.059999465942383,26.3799991607666,697400,0.0,0.0
2024-11-19 00:00:00-05:00,26.100000381469727,26.65999984741211,26.020000457763672,26.139999389648438,1049900,0.0,0.0
2024-11-20 00:00:00-05:00,26.010000228881836,26.8700008392334,25.8799991607666,26.31999969482422,498900,0.0,0.0
2024-11-21 00:00:00-05:00,26.34000015258789,27.0,25.93000030517578,26.6299991607666,507100,0.0,0.0
2024-11-22 00:00:00-05:00,26.59000015258789,27.139999389648438,26.40999984741211,26.68000030517578,527500,0.0,0.0
2024-11-25 00:00:00-05:00,27.110000610351562,28.579999923706055,26.950000762939453,28.549999237060547,729000,0.0,0.0
2024-11-26 00:00:00-05:00,28.399999618530273,28.649999618530273,27.43000030517578,28.059999465942383,465100,0.0,0.0
2024-11-27 00:00:00-05:00,28.479999542236328,29.18000030517578,28.149999618530273,28.18000030517578,422800,0.0,0.0
2024-11-29 00:00:00-05:00,28.219999313354492,29.1200008392334,28.200000762939453,29.100000381469727,270000,0.0,0.0
2024-12-02 00:00:00-05:00,28.260000228881836,28.829999923706055,27.510000228881836,27.719999313354492,673500,0.0,0.0
2024-12-03 00:00:00-05:00,27.639999389648438,27.639999389648438,25.81999969482422,26.489999771118164,701400,0.0,0.0
2024-12-04 00:00:00-05:00,26.450000762939453,26.809999465942383,25.770000457763672,25.950000762939453,450100,0.0,0.0
2024-12-05 00:00:00-05:00,25.84000015258789,26.139999389648438,25.149999618530273,25.239999771118164,473200,0.0,0.0
2024-12-06 00:00:00-05:00,25.309999465942383,25.989999771118164,25.040000915527344,25.309999465942383,478800,0.0,0.0
2024-12-09 00:00:00-05:00,25.8700008392334,27.760000228881836,25.68000030517578,26.280000686645508,709800,0.0,0.0
2024-12-10 00:00:00-05:00,26.219999313354492,27.59000015258789,25.68000030517578,26.440000534057617,529700,0.0,0.0
2024-12-11 00:00:00-05:00,26.5,27.200000762939453,25.200000762939453,25.25,571200,0.0,0.0
2024-12-12 00:00:00-05:00,25.700000762939453,25.790000915527344,25.06999969482422,25.389999389648438,732700,0.0,0.0
2024-12-13 00:00:00-05:00,25.09000015258789,25.389999389648438,24.209999084472656,24.860000610351562,564800,0.0,0.0
2024-12-16 00:00:00-05:00,24.520000457763672,25.040000915527344,23.719999313354492,23.93000030517578,641500,0.0,0.0
2024-12-17 00:00:00-05:00,24.1299991607666,25.65999984741211,24.09000015258789,25.440000534057617,832900,0.0,0.0
2024-12-18 00:00:00-05:00,25.540000915527344,25.770000457763672,23.899999618530273,24.260000228881836,563100,0.0,0.0
2024-12-19 00:00:00-05:00,25.110000610351562,25.219999313354492,23.93000030517578,24.979999542236328,746700,0.0,0.0
2024-12-20 00:00:00-05:00,24.770000457763672,25.940000534057617,24.43000030517578,24.81999969482422,1232100,0.0,0.0
2024-12-23 00:00:00-05:00,24.780000686645508,24.81999969482422,23.90999984741211,24.170000076293945,640500,0.0,0.0
2024-12-24 00:00:00-05:00,24.25,25.040000915527344,23.979999542236328,24.969999313354492,210100,0.0,0.0
2024-12-26 00:00:00-05:00,24.540000915527344,24.760000228881836,24.219999313354492,24.600000381469727,296500,0.0,0.0
2024-12-27 00:00:00-05:00,24.40999984741211,24.670000076293945,23.989999771118164,24.209999084472656,353900,0.0,0.0
2024-12-30 00:00:00-05:00,24.020000457763672,24.239999771118164,23.549999237060547,24.079999923706055,416600,0.0,0.0
2024-12-31 00:00:00-05:00,24.200000762939453,24.40999984741211,23.889999389648438,24.290000915527344,499400,0.0,0.0
2025-01-02 00:00:00-05:00,24.360000610351562,25.399999618530273,24.059999465942383,24.100000381469727,468000,0.0,0.0
2025-01-03 00:00:00-05:00,24.18000030517578,24.860000610351562,23.700000762939453,24.540000915527344,564000,0.0,0.0
2025-01-06 00:00:00-05:00,24.670000076293945,25.360000610351562,22.399999618530273,23.329999923706055,1095700,0.0,0.0
2025-01-07 00:00:00-05:00,23.299999237060547,24.510000228881836,23.030000686645508,23.8799991607666,802300,0.0,0.0
2025-01-08 00:00:00-05:00,23.5,23.81999969482422,22.420000076293945,23.1200008392334,1038800,0.0,0.0
2025-01-10 00:00:00-05:00,22.670000076293945,23.170000076293945,22.200000762939453,23.0,737100,0.0,0.0
2025-01-13 00:00:00-05:00,22.700000762939453,22.700000762939453,21.639999389648438,22.479999542236328,890700,0.0,0.0
2025-01-14 00:00:00-05:00,22.65999984741211,22.65999984741211,21.1299991607666,21.649999618530273,652000,0.0,0.0
2025-01-15 00:00:00-05:00,22.229999542236328,22.780000686645508,21.670000076293945,21.709999084472656,547100,0.0,0.0
2025-01-16 00:00:00-05:00,21.760000228881836,22.0,21.25,21.860000610351562,536600,0.0,0.0
2025-01-17 00:00:00-05:00,22.489999771118164,22.6200008392334,22.139999389648438,22.290000915527344,490900,0.0,0.0
2025-01-21 00:00:00-05:00,22.579999923706055,23.579999923706055,22.559999465942383,23.010000228881836,651700,0.0,0.0
2025-01-22 00:00:00-05:00,22.739999771118164,23.940000534057617,22.489999771118164,23.079999923706055,585800,0.0,0.0
2025-01-23 00:00:00-05:00,22.790000915527344,24.020000457763672,22.649999618530273,23.950000762939453,414800,0.0,0.0
2025-01-24 00:00:00-05:00,23.93000030517578,25.15999984741211,23.81999969482422,24.450000762939453,1286800,0.0,0.0
2025-01-27 00:00:00-05:00,24.6299991607666,25.3700008392334,24.239999771118164,24.59000015258789,980800,0.0,0.0
2025-01-28 00:00:00-05:00,24.5,25.3799991607666,24.5,24.989999771118164,843100,0.0,0.0
2025-01-29 00:00:00-05:00,24.969999313354492,25.25,24.149999618530273,24.190000534057617,427600,0.0,0.0
2025-01-30 00:00:00-05:00,24.15999984741211,24.459999084472656,23.649999618530273,23.969999313354492,519600,0.0,0.0
2025-01-31 00:00:00-05:00,23.559999465942383,24.5,23.559999465942383,24.190000534057617,565400,0.0,0.0
2025-02-03 00:00:00-05:00,23.719999313354492,23.940000534057617,23.209999084472656,23.3799991607666,388000,0.0,0.0
2025-02-04 00:00:00-05:00,23.399999618530273,23.709999084472656,23.110000610351562,23.219999313354492,353300,0.0,0.0
2025-02-05 00:00:00-05:00,23.280000686645508,23.700000762939453,23.209999084472656,23.6299991607666,338200,0.0,0.0
2025-02-06 00:00:00-05:00,23.790000915527344,23.790000915527344,22.6299991607666,22.829999923706055,388100,0.0,0.0
2025-02-07 00:00:00-05:00,22.850000381469727,23.6299991607666,21.68000030517578,21.950000762939453,561500,0.0,0.0
2025-02-10 00:00:00-05:00,22.34000015258789,22.75,22.139999389648438,22.610000610351562,585400,0.0,0.0
2025-02-11 00:00:00-05:00,22.399999618530273,22.610000610351562,21.829999923706055,21.8799991607666,764700,0.0,0.0
2025-02-12 00:00:00-05:00,14.5,16.6299991607666,13.5,16.479999542236328,8289200,0.0,0.0
2025-02-13 00:00:00-05:00,16.31999969482422,16.670000076293945,15.550000190734863,15.960000038146973,2444800,0.0,0.0
2025-02-14 00:00:00-05:00,16.239999771118164,16.450000762939453,15.220000267028809,15.350000381469727,1376700,0.0,0.0
2025-02-18 00:00:00-05:00,15.65999984741211,17.219999313354492,15.199999809265137,16.6299991607666,2346100,0.0,0.0
2025-02-19 00:00:00-05:00,16.229999542236328,18.3799991607666,16.229999542236328,17.770000457763672,1550300,0.0,0.0
2025-02-20 00:00:00-05:00,17.709999084472656,18.110000610351562,16.780000686645508,16.850000381469727,1548700,0.0,0.0
2025-02-21 00:00:00-05:00,17.139999389648438,17.489999771118164,16.75,16.8700008392334,1208900,0.0,0.0
2025-02-24 00:00:00-05:00,16.850000381469727,16.850000381469727,16.209999084472656,16.219999313354492,907400,0.0,0.0
2025-02-25 00:00:00-05:00,16.209999084472656,16.729999542236328,15.930000305175781,16.59000015258789,792000,0.0,0.0
2025-02-26 00:00:00-05:00,16.719999313354492,17.81999969482422,16.450000762939453,17.09000015258789,1141900,0.0,0.0
2025-02-27 00:00:00-05:00,16.6200008392334,17.84000015258789,16.0,17.690000534057617,2359800,0.0,0.0
2025-02-28 00:00:00-05:00,17.469999313354492,18.290000915527344,16.940000534057617,17.5,1708700,0.0,0.0
2025-03-03 00:00:00-05:00,17.5,17.709999084472656,16.309999465942383,16.469999313354492,1357500,0.0,0.0
2025-03-04 00:00:00-05:00,16.399999618530273,18.43000030517578,16.200000762939453,17.75,1506500,0.0,0.0
2025-03-05 00:00:00-05:00,17.549999237060547,18.219999313354492,17.3700008392334,18.170000076293945,822600,0.0,0.0
2025-03-06 00:00:00-05:00,17.959999084472656,18.360000610351562,17.6299991607666,17.920000076293945,665400,0.0,0.0
2025-03-07 00:00:00-05:00,18.200000762939453,19.56999969482422,18.059999465942383,18.34000015258789,1300500,0.0,0.0
2025-03-10 00:00:00-04:00,18.260000228881836,20.510000228881836,18.18000030517578,19.649999618530273,2048800,0.0,0.0
2025-03-11 00:00:00-04:00,19.790000915527344,19.790000915527344,17.90999984741211,18.34000015258789,1252900,0.0,0.0
2025-03-12 00:00:00-04:00,18.290000915527344,18.43000030517578,17.700000762939453,18.0,846600,0.0,0.0
2025-03-13 00:00:00-04:00,17.959999084472656,18.06999969482422,17.1200008392334,17.40999984741211,488300,0.0,0.0
2025-03-14 00:00:00-04:00,17.700000762939453,17.979999542236328,16.950000762939453,17.049999237060547,1131200,0.0,0.0
2025-03-17 00:00:00-04:00,17.049999237060547,17.969999313354492,17.049999237060547,17.610000610351562,784000,0.0,0.0
2025-03-18 00:00:00-04:00,16.450000762939453,18.3700008392334,16.450000762939453,18.280000686645508,1475300,0.0,0.0
2025-03-19 00:00:00-04:00,18.229999542236328,18.610000610351562,17.950000762939453,18.25,951400,0.0,0.0
2025-03-20 00:00:00-04:00,18.139999389648438,18.3700008392334,17.530000686645508,17.920000076293945,1077900,0.0,0.0
2025-03-21 00:00:00-04:00,18.079999923706055,18.209999084472656,17.600000381469727,17.719999313354492,1641700,0.0,0.0
2025-03-24 00:00:00-04:00,17.850000381469727,18.030000686645508,17.59000015258789,17.770000457763672,880200,0.0,0.0
2025-03-25 00:00:00-04:00,17.989999771118164,18.170000076293945,17.239999771118164,17.459999084472656,622600,0.0,0.0
2025-03-26 00:00:00-04:00,17.59000015258789,17.93000030517578,17.450000762939453,17.56999969482422,813200,0.0,0.0
2025-03-27 00:00:00-04:00,17.610000610351562,17.959999084472656,17.399999618530273,17.56999969482422,589900,0.0,0.0
2025-03-28 00:00:00-04:00,17.510000228881836,17.979999542236328,17.360000610351562,17.790000915527344,823800,0.0,0.0
2025-03-31 00:00:00-04:00,17.799999237060547,17.799999237060547,17.34000015258789,17.6299991607666,1027200,0.0,0.0
2025-04-01 00:00:00-04:00,17.559999465942383,18.239999771118164,17.479999542236328,17.600000381469727,787300,0.0,0.0
2025-04-02 00:00:00-04:00,17.280000686645508,17.760000228881836,17.270000457763672,17.600000381469727,653300,0.0,0.0
2025-04-03 00:00:00-04:00,17.40999984741211,17.489999771118164,16.65999984741211,17.399999618530273,1414800,0.0,0.0
2025-04-04 00:00:00-04:00,15.989999771118164,16.579999923706055,15.390000343322754,15.920000076293945,2395000,0.0,0.0
2025-04-07 00:00:00-04:00,15.399999618530273,16.31999969482422,14.890000343322754,16.139999389648438,1526000,0.0,0.0
2025-04-08 00:00:00-04:00,17.270000457763672,17.34000015258789,14.899999618530273,15.09000015258789,1415000,0.0,0.0
2025-04-09 00:00:00-04:00,14.75,16.579999923706055,14.6899995803833,15.869999885559082,1927200,0.0,0.0
2025-04-10 00:00:00-04:00,15.680000305175781,15.84000015258789,15.119999885559082,15.569999694824219,976900,0.0,0.0
2025-04-11 00:00:00-04:00,15.779999732971191,17.170000076293945,15.420000076293945,16.790000915527344,1170900,0.0,0.0
2025-04-14 00:00:00-04:00,17.100000381469727,17.360000610351562,16.690000534057617,17.270000457763672,706400,0.0,0.0
2025-04-15 00:00:00-04:00,17.18000030517578,17.5,16.469999313354492,16.520000457763672,759200,0.0,0.0
2025-04-16 00:00:00-04:00,16.459999084472656,16.719999313354492,15.970000267028809,16.139999389648438,636500,0.0,0.0
2025-04-17 00:00:00-04:00,16.06999969482422,17.010000228881836,15.970000267028809,16.889999389648438,485200,0.0,0.0
2025-04-21 00:00:00-04:00,16.280000686645508,16.600000381469727,16.020000457763672,16.530000686645508,554200,0.0,0.0
2025-04-22 00:00:00-04:00,16.690000534057617,17.239999771118164,16.18000030517578,17.170000076293945,675600,0.0,0.0
2025-04-23 00:00:00-04:00,17.559999465942383,18.139999389648438,17.280000686645508,17.399999618530273,626000,0.0,0.0
2025-04-24 00:00:00-04:00,17.530000686645508,17.979999542236328,17.309999465942383,17.8799991607666,533000,0.0,0.0
2025-04-25 00:00:00-04:00,17.739999771118164,18.040000915527344,17.31999969482422,18.030000686645508,442700,0.0,0.0
2025-04-28 00:00:00-04:00,18.110000610351562,18.600000381469727,17.8799991607666,18.15999984741211,444400,0.0,0.0
2025-04-29 00:00:00-04:00,18.15999984741211,18.760000228881836,17.989999771118164,18.540000915527344,446700,0.0,0.0
2025-04-30 00:00:00-04:00,18.25,18.440000534057617,17.719999313354492,18.260000228881836,627100,0.0,0.0
2025-05-01 00:00:00-04:00,18.260000228881836,18.510000228881836,17.940000534057617,18.34000015258789,411300,0.0,0.0
2025-05-02 00:00:00-04:00,18.719999313354492,19.59000015258789,18.510000228881836,19.030000686645508,610400,0.0,0.0
2025-05-05 00:00:00-04:00,18.899999618530273,19.229999542236328,18.3700008392334,18.979999542236328,805700,0.0,0.0
2025-05-06 00:00:00-04:00,18.969999313354492,18.969999313354492,18.469999313354492,18.639999389648438,863600,0.0,0.0
2025-05-07 00:00:00-04:00,18.729999542236328,20.06999969482422,18.6200008392334,19.440000534057617,1822200,0.0,0.0
2025-05-08 00:00:00-04:00,18.299999237060547,20.360000610351562,18.299999237060547,19.530000686645508,2150300,0.0,0.0
2025-05-09 00:00:00-04:00,19.719999313354492,19.979999542236328,19.329999923706055,19.420000076293945,970800,0.0,0.0
2025-05-12 00:00:00-04:00,20.1299991607666,21.149999618530273,20.1299991607666,20.270000457763672,1234900,0.0,0.0
2025-05-13 00:00:00-04:00,20.299999237060547,20.31999969482422,18.979999542236328,19.0,914400,0.0,0.0
2025-05-14 00:00:00-04:00,19.0,19.270000457763672,17.270000457763672,17.43000030517578,967500,0.0,0.0
2025-05-15 00:00:00-04:00,17.399999618530273,18.520000457763672,17.239999771118164,18.290000915527344,980100,0.0,0.0
2025-05-16 00:00:00-04:00,19.25,19.649999618530273,18.709999084472656,19.219999313354492,889200,0.0,0.0
2025-05-19 00:00:00-04:00,18.8700008392334,19.510000228881836,18.770000457763672,19.25,865000,0.0,0.0
2025-05-20 00:00:00-04:00,19.18000030517578,19.530000686645508,18.889999389648438,19.239999771118164,637000,0.0,0.0
2025-05-21 00:00:00-04:00,19.06999969482422,19.229999542236328,18.1299991607666,18.450000762939453,555400,0.0,0.0
2025-05-22 00:00:00-04:00,18.399999618530273,18.959999084472656,18.329999923706055,18.770000457763672,725600,0.0,0.0
2025-05-23 00:00:00-04:00,18.459999084472656,18.739999771118164,18.049999237060547,18.68000030517578,689200,0.0,0.0
2025-05-27 00:00:00-04:00,18.959999084472656,19.329999923706055,18.65999984741211,18.920000076293945,603900,0.0,0.0
2025-05-28 00:00:00-04:00,18.860000610351562,18.90999984741211,17.899999618530273,18.079999923706055,489200,0.0,0.0
2025-05-29 00:00:00-04:00,18.110000610351562,18.799999237060547,18.049999237060547,18.329999923706055,537800,0.0,0.0
2025-05-30 00:00:00-04:00,18.110000610351562,18.110000610351562,17.68000030517578,17.809999465942383,752100,0.0,0.0
2025-06-02 00:00:00-04:00,17.809999465942383,17.850000381469727,16.15999984741211,16.690000534057617,1765100,0.0,0.0
2025-06-03 00:00:00-04:00,16.719999313354492,17.68000030517578,16.469999313354492,17.139999389648438,961100,0.0,0.0
2025-06-04 00:00:00-04:00,17.139999389648438,17.360000610351562,16.549999237060547,16.670000076293945,807500,0.0,0.0
2025-06-05 00:00:00-04:00,16.719999313354492,17.739999771118164,16.719999313354492,17.399999618530273,1238200,0.0,0.0
2025-06-06 00:00:00-04:00,17.5,18.18000030517578,17.3799991607666,17.8700008392334,918700,0.0,0.0
2025-06-09 00:00:00-04:00,18.0,18.100000381469727,17.139999389648438,17.170000076293945,774700,0.0,0.0
2025-06-10 00:00:00-04:00,17.360000610351562,18.399999618530273,17.280000686645508,18.170000076293945,796900,0.0,0.0
2025-06-11 00:00:00-04:00,18.31999969482422,18.31999969482422,17.290000915527344,17.469999313354492,500600,0.0,0.0
2025-06-12 00:00:00-04:00,17.31999969482422,17.829999923706055,17.18000030517578,17.440000534057617,577200,0.0,0.0
2025-06-13 00:00:00-04:00,17.049999237060547,17.459999084472656,16.850000381469727,17.079999923706055,586000,0.0,0.0
2025-06-16 00:00:00-04:00,17.239999771118164,17.479999542236328,16.959999084472656,16.989999771118164,620000,0.0,0.0
2025-06-17 00:00:00-04:00,16.65999984741211,17.260000228881836,16.530000686645508,16.6299991607666,950100,0.0,0.0
2025-06-18 00:00:00-04:00,16.889999389648438,17.049999237060547,16.530000686645508,16.850000381469727,971100,0.0,0.0
2025-06-20 00:00:00-04:00,17.049999237060547,17.049999237060547,16.31999969482422,16.34000015258789,1064400,0.0,0.0
2025-06-23 00:00:00-04:00,16.280000686645508,16.729999542236328,16.190000534057617,16.68000030517578,1154100,0.0,0.0
2025-06-24 00:00:00-04:00,16.950000762939453,17.290000915527344,16.549999237060547,17.18000030517578,1153800,0.0,0.0
2025-06-25 00:00:00-04:00,17.040000915527344,17.200000762939453,16.700000762939453,16.719999313354492,600100,0.0,0.0
2025-06-26 00:00:00-04:00,16.780000686645508,17.239999771118164,16.719999313354492,16.829999923706055,758000,0.0,0.0
2025-06-27 00:00:00-04:00,16.860000610351562,17.15999984741211,16.530000686645508,16.920000076293945,917800,0.0,0.0
2025-06-30 00:00:00-04:00,16.950000762939453,17.309999465942383,16.739999771118164,16.780000686645508,910400,0.0,0.0
2025-07-01 00:00:00-04:00,16.700000762939453,17.719999313354492,16.399999618530273,17.020000457763672,827200,0.0,0.0
2025-07-02 00:00:00-04:00,17.040000915527344,17.75,16.84000015258789,17.559999465942383,716600,0.0,0.0
2025-07-03 00:00:00-04:00,17.600000381469727,18.010000228881836,17.549999237060547,17.860000610351562,259800,0.0,0.0
2025-07-07 00:00:00-04:00,17.68000030517578,17.68000030517578,16.520000457763672,16.610000610351562,954800,0.0,0.0
2025-07-08 00:00:00-04:00,16.700000762939453,17.280000686645508,16.700000762939453,16.90999984741211,508500,0.0,0.0
2025-07-09 00:00:00-04:00,16.950000762939453,17.239999771118164,16.860000610351562,17.139999389648438,632100,0.0,0.0
2025-07-10 00:00:00-04:00,17.190000534057617,18.0,17.170000076293945,17.809999465942383,626300,0.0,0.0
2025-07-11 00:00:00-04:00,17.670000076293945,17.68000030517578,17.139999389648438,17.3799991607666,372900,0.0,0.0
2025-07-14 00:00:00-04:00,17.34000015258789,17.670000076293945,17.110000610351562,17.299999237060547,549700,0.0,0.0
2025-07-15 00:00:00-04:00,17.56999969482422,17.59000015258789,16.799999237060547,16.860000610351562,834100,0.0,0.0
2025-07-16 00:00:00-04:00,17.219999313354492,17.399999618530273,16.920000076293945,17.09000015258789,491600,0.0,0.0
2025-07-17 00:00:00-04:00,17.010000228881836,17.420000076293945,17.010000228881836,17.270000457763672,589000,0.0,0.0
2025-07-18 00:00:00-04:00,17.6299991607666,17.760000228881836,17.079999923706055,17.360000610351562,848700,0.0,0.0
2025-07-21 00:00:00-04:00,17.579999923706055,17.8799991607666,17.520000457763672,17.760000228881836,828200,0.0,0.0
2025-07-22 00:00:00-04:00,17.950000762939453,18.729999542236328,17.84000015258789,18.270000457763672,834900,0.0,0.0
2025-07-23 00:00:00-04:00,18.549999237060547,19.350000381469727,18.399999618530273,19.290000915527344,812900,0.0,0.0
2025-07-24 00:00:00-04:00,19.209999084472656,19.3700008392334,18.68000030517578,18.979999542236328,481400,0.0,0.0
2025-07-25 00:00:00-04:00,19.139999389648438,19.229999542236328,18.670000076293945,19.200000762939453,808800,0.0,0.0
2025-07-28 00:00:00-04:00,19.25,19.520000457763672,18.920000076293945,19.25,512400,0.0,0.0
2025-07-29 00:00:00-04:00,19.209999084472656,19.209999084472656,18.559999465942383,18.579999923706055,507000,0.0,0.0
2025-07-30 00:00:00-04:00,18.579999923706055,18.690000534057617,18.0,18.100000381469727,557700,0.0,0.0
2025-07-31 00:00:00-04:00,17.969999313354492,18.06999969482422,17.479999542236328,17.920000076293945,588000,0.0,0.0
2025-08-01 00:00:00-04:00,17.799999237060547,17.8799991607666,17.200000762939453,17.760000228881836,726200,0.0,0.0
2025-08-04 00:00:00-04:00,17.760000228881836,19.010000228881836,17.59000015258789,18.489999771118164,1228100,0.0,0.0
2025-08-05 00:00:00-04:00,26.770000457763672,27.170000076293945,26.709999084472656,27.020000457763672,40320100,0.0,0.0
2025-08-06 00:00:00-04:00,27.049999237060547,27.1200008392334,26.829999923706055,26.899999618530273,5422800,0.0,0.0
2025-08-07 00:00:00-04:00,26.899999618530273,26.959999084472656,26.860000610351562,26.950000762939453,3082800,0.0,0.0
2025-08-08 00:00:00-04:00,27.100000381469727,27.469999313354492,27.100000381469727,27.260000228881836,2412700,0.0,0.0
2025-08-11 00:00:00-04:00,27.299999237060547,27.3700008392334,27.170000076293945,27.299999237060547,1255700,0.0,0.0
2025-08-12 00:00:00-04:00,27.399999618530273,27.530000686645508,27.280000686645508,27.389999389648438,1293200,0.0,0.0
2025-08-13 00:00:00-04:00,27.450000762939453,30.809999465942383,27.420000076293945,28.209999084472656,3287400,0.0,0.0
2025-08-14 00:00:00-04:00,27.979999542236328,28.6200008392334,27.920000076293945,28.56999969482422,1162600,0.0,0.0
2025-08-15 00:00:00-04:00,28.700000762939453,28.920000076293945,28.309999465942383,28.3700008392334,1231900,0.0,0.0
2025-08-18 00:00:00-04:00,28.56999969482422,28.6299991607666,27.719999313354492,27.989999771118164,990200,0.0,0.0
2025-08-19 00:00:00-04:00,28.25,28.299999237060547,27.709999084472656,27.959999084472656,564900,0.0,0.0
2025-08-20 00:00:00-04:00,27.969999313354492,28.229999542236328,27.760000228881836,27.969999313354492,633800,0.0,0.0
2025-08-21 00:00:00-04:00,27.799999237060547,28.1200008392334,27.75,27.770000457763672,1236600,0.0,0.0
2025-08-22 00:00:00-04:00,27.899999618530273,28.34000015258789,27.809999465942383,27.850000381469727,476300,0.0,0.0
2025-08-25 00:00:00-04:00,27.950000762939453,27.959999084472656,27.360000610351562,27.489999771118164,618900,0.0,0.0
2025-08-26 00:00:00-04:00,27.459999084472656,27.530000686645508,27.219999313354492,27.469999313354492,826300,0.0,0.0
2025-08-27 00:00:00-04:00,27.450000762939453,27.59000015258789,27.329999923706055,27.510000228881836,789600,0.0,0.0
2025-08-28 00:00:00-04:00,27.40999984741211,27.579999923706055,27.200000762939453,27.399999618530273,678100,0.0,0.0
2025-08-29 00:00:00-04:00,27.489999771118164,27.610000610351562,27.290000915527344,27.360000610351562,506400,0.0,0.0
2025-09-02 00:00:00-04:00,27.299999237060547,27.770000457763672,27.299999237060547,27.739999771118164,784600,0.0,0.0
2025-09-03 00:00:00-04:00,27.700000762939453,27.84000015258789,27.260000228881836,27.31999969482422,866400,0.0,0.0
2025-09-04 00:00:00-04:00,27.34000015258789,27.790000915527344,27.200000762939453,27.780000686645508,875100,0.0,0.0
2025-09-05 00:00:00-04:00,27.899999618530273,28.3799991607666,27.799999237060547,27.940000534057617,726500,0.0,0.0
2025-09-08 00:00:00-04:00,28.059999465942383,28.100000381469727,27.579999923706055,27.690000534057617,544600,0.0,0.0
2025-09-09 00:00:00-04:00,27.68000030517578,27.979999542236328,27.610000610351562,27.68000030517578,408300,0.0,0.0
2025-09-10 00:00:00-04:00,27.6299991607666,28.0,27.520000457763672,27.65999984741211,514100,0.0,0.0
2025-09-11 00:00:00-04:00,27.700000762939453,28.09000015258789,27.56999969482422,28.079999923706055,664900,0.0,0.0
2025-09-12 00:00:00-04:00,27.899999618530273,28.1299991607666,27.700000762939453,27.700000762939453,384900,0.0,0.0
2025-09-15 00:00:00-04:00,27.799999237060547,27.989999771118164,27.56999969482422,27.670000076293945,479600,0.0,0.0
2025-09-16 00:00:00-04:00,27.56999969482422,27.709999084472656,27.09000015258789,27.229999542236328,941600,0.0,0.0
2025-09-17 00:00:00-04:00,27.350000381469727,27.43000030517578,26.979999542236328,27.15999984741211,965900,0.0,0.0
2025-09-18 00:00:00-04:00,27.229999542236328,27.309999465942383,27.06999969482422,27.15999984741211,798900,0.0,0.0
2025-09-19 00:00:00-04:00,26.950000762939453,27.43000030517578,26.950000762939453,27.239999771118164,2000000,0.0,0.0
2025-09-22 00:00:00-04:00,27.34000015258789,27.360000610351562,26.719999313354492,26.860000610351562,1311600,0.0,0.0
2025-09-23 00:00:00-04:00,26.93000030517578,27.100000381469727,26.540000915527344,26.549999237060547,858200,0.0,0.0
2025-09-24 00:00:00-04:00,26.81999969482422,26.81999969482422,26.549999237060547,26.770000457763672,771100,0.0,0.0
2025-09-25 00:00:00-04:00,26.81999969482422,26.989999771118164,26.65999984741211,26.75,618200,0.0,0.0
2025-09-26 00:00:00-04:00,26.81999969482422,26.920000076293945,26.700000762939453,26.799999237060547,395800,0.0,0.0
2025-09-29 00:00:00-04:00,26.829999923706055,26.979999542236328,26.700000762939453,26.850000381469727,659700,0.0,0.0
2025-09-30 00:00:00-04:00,26.90999984741211,27.219999313354492,26.850000381469727,26.8700008392334,592900,0.0,0.0
2025-10-01 00:00:00-04:00,26.899999618530273,27.219999313354492,26.700000762939453,27.18000030517578,728600,0.0,0.0
2025-10-02 00:00:00-04:00,27.1200008392334,27.450000762939453,27.110000610351562,27.420000076293945,432900,0.0,0.0
2025-10-03 00:00:00-04:00,27.43000030517578,27.489999771118164,27.1299991607666,27.139999389648438,309500,0.0,0.0
2025-10-06 00:00:00-04:00,27.270000457763672,27.270000457763672,26.81999969482422,26.829999923706055,474100,0.0,0.0
2025-10-07 00:00:00-04:00,26.860000610351562,26.950000762939453,26.100000381469727,26.719999313354492,2399900,0.0,0.0
2025-10-08 00:00:00-04:00,26.719999313354492,26.979999542236328,26.290000915527344,26.5,1321100,0.0,0.0
2025-10-09 00:00:00-04:00,26.75,26.75,25.969999313354492,26.18000030517578,1179100,0.0,0.0
2025-10-10 00:00:00-04:00,26.559999465942383,26.75,26.030000686645508,26.68000030517578,1340700,0.0,0.0
2025-10-13 00:00:00-04:00,26.8700008392334,27.329999923706055,26.690000534057617,27.25,870500,0.0,0.0
2025-10-14 00:00:00-04:00,26.989999771118164,27.200000762939453,26.350000381469727,27.100000381469727,805700,0.0,0.0
2025-10-15 00:00:00-04:00,26.899999618530273,26.90999984741211,25.040000915527344,25.799999237060547,2239800,0.0,0.0
2025-10-16 00:00:00-04:00,25.959999084472656,25.959999084472656,23.850000381469727,24.260000228881836,2715300,0.0,0.0
2025-10-17 00:00:00-04:00,24.229999542236328,25.1200008392334,24.1200008392334,25.030000686645508,1309200,0.0,0.0
2025-10-20 00:00:00-04:00,25.0,25.690000534057617,24.809999465942383,25.31999969482422,1023200,0.0,0.0
2025-10-21 00:00:00-04:00,25.420000076293945,26.780000686645508,24.950000762939453,26.690000534057617,1570900,0.0,0.0
2025-10-22 00:00:00-04:00,26.520000457763672,26.600000381469727,24.760000228881836,24.899999618530273,1484800,0.0,0.0
2025-10-23 00:00:00-04:00,24.979999542236328,27.34000015258789,24.389999389648438,26.959999084472656,2528200,0.0,0.0
2025-10-24 00:00:00-04:00,26.959999084472656,27.290000915527344,25.969999313354492,26.270000457763672,869300,0.0,0.0
2025-10-27 00:00:00-04:00,26.75,27.950000762939453,26.75,27.780000686645508,1288700,0.0,0.0
2025-10-28 00:00:00-04:00,27.510000228881836,27.889999389648438,27.110000610351562,27.15999984741211,399000,0.0,0.0
2025-10-29 00:00:00-04:00,27.149999618530273,27.350000381469727,26.3799991607666,26.59000015258789,939800,0.0,0.0
2025-10-30 00:00:00-04:00,26.559999465942383,26.56999969482422,26.040000915527344,26.530000686645508,505200,0.0,0.0
2025-10-31 00:00:00-04:00,26.520000457763672,26.520000457763672,25.459999084472656,25.8700008392334,770700,0.0,0.0
2025-11-03 00:00:00-05:00,25.649999618530273,25.93000030517578,25.15999984741211,25.260000228881836,618700,0.0,0.0
2025-11-04 00:00:00-05:00,25.209999084472656,25.56999969482422,24.610000610351562,25.280000686645508,1307800,0.0,0.0
2025-11-05 00:00:00-05:00,25.06999969482422,25.399999618530273,24.950000762939453,25.25,445600,0.0,0.0
2025-11-06 00:00:00-05:00,25.360000610351562,26.790000915527344,25.1200008392334,26.6299991607666,1001000,0.0,0.0
2025-11-07 00:00:00-05:00,26.40999984741211,26.81999969482422,24.59000015258789,26.549999237060547,1946400,0.0,0.0
2025-11-10 00:00:00-05:00,26.600000381469727,27.510000228881836,25.950000762939453,27.40999984741211,888800,0.0,0.0
2025-11-11 00:00:00-05:00,27.459999084472656,27.520000457763672,26.579999923706055,27.399999618530273,1032900,0.0,0.0
2025-11-12 00:00:00-05:00,27.399999618530273,27.399999618530273,25.25,25.850000381469727,1040200,0.0,0.0
2025-11-13 00:00:00-05:00,25.700000762939453,26.239999771118164,25.65999984741211,26.030000686645508,392600,0.0,0.0
2025-11-14 00:00:00-05:00,25.979999542236328,26.450000762939453,25.68000030517578,26.31999969482422,257300,0.0,0.0
2025-11-17 00:00:00-05:00,26.299999237060547,26.639999389648438,25.969999313354492,26.5,289000,0.0,0.0
2025-11-18 00:00:00-05:00,26.540000915527344,26.540000915527344,25.649999618530273,25.670000076293945,371800,0.0,0.0
2025-11-19 00:00:00-05:00,25.600000381469727,26.600000381469727,25.549999237060547,26.450000762939453,950800,0.0,0.0
2025-11-20 00:00:00-05:00,26.5,27.350000381469727,26.229999542236328,27.350000381469727,917800,0.0,0.0
2025-11-21 00:00:00-05:00,27.510000228881836,28.229999542236328,27.18000030517578,28.0,2018100,0.0,0.0
2025-11-24 00:00:00-05:00,28.399999618530273,28.399999618530273,26.209999084472656,26.540000915527344,1054400,0.0,0.0
2025-11-25 00:00:00-05:00,26.6200008392334,26.68000030517578,25.8700008392334,26.209999084472656,563400,0.0,0.0
2025-11-26 00:00:00-05:00,26.059999465942383,26.530000686645508,26.010000228881836,26.030000686645508,561800,0.0,0.0
2025-11-28 00:00:00-05:00,26.030000686645508,26.59000015258789,25.959999084472656,26.540000915527344,193600,0.0,0.0
2025-12-01 00:00:00-05:00,26.030000686645508,26.440000534057617,25.850000381469727,25.90999984741211,342500,0.0,0.0
2025-12-02 00:00:00-05:00,25.969999313354492,26.280000686645508,25.549999237060547,25.920000076293945,378300,0.0,0.0
2025-12-03 00:00:00-05:00,25.940000534057617,26.389999389648438,25.639999389648438,26.3700008392334,692500,0.0,0.0
2025-12-04 00:00:00-05:00,26.18000030517578,26.93000030517578,26.18000030517578,26.600000381469727,604400,0.0,0.0
2025-12-05 00:00:00-05:00,26.84000015258789,26.8700008392334,25.360000610351562,25.3799991607666,815600,0.0,0.0
2025-12-08 00:00:00-05:00,25.540000915527344,25.540000915527344,23.280000686645508,23.540000915527344,1430900,0.0,0.0
2025-12-09 00:00:00-05:00,27.25,27.530000686645508,25.030000686645508,25.389999389648438,6500100,0.0,0.0
2025-12-10 00:00:00-05:00,23.6299991607666,24.440000534057617,23.299999237060547,23.989999771118164,2178100,0.0,0.0
2025-12-11 00:00:00-05:00,25.270000457763672,25.350000381469727,24.3799991607666,24.68000030517578,1826000,0.0,0.0
2025-12-12 00:00:00-05:00,24.399999618530273,24.540000915527344,23.030000686645508,24.1299991607666,1974100,0.0,0.0
2025-12-15 00:00:00-05:00,24.1200008392334,24.200000762939453,23.40999984741211,23.559999465942383,1021200,0.0,0.0
2025-12-16 00:00:00-05:00,24.479999542236328,24.979999542236328,23.899999618530273,24.799999237060547,2275200,0.0,0.0
2025-12-17 00:00:00-05:00,24.799999237060547,26.18000030517578,24.56999969482422,25.889999389648438,1880300,0.0,0.0
2025-12-18 00:00:00-05:00,26.170000076293945,26.170000076293945,23.639999389648438,24.020000457763672,2235400,0.0,0.0
2025-12-19 00:00:00-05:00,23.81999969482422,26.030000686645508,22.899999618530273,25.139999389648438,2819000,0.0,0.0
2025-12-22 00:00:00-05:00,25.0,25.649999618530273,24.1200008392334,24.200000762939453,990700,0.0,0.0
2025-12-23 00:00:00-05:00,24.239999771118164,24.280000686645508,23.770000457763672,23.93000030517578,873500,0.0,0.0
2025-12-24 00:00:00-05:00,23.899999618530273,23.969999313354492,23.510000228881836,23.6299991607666,264700,0.0,0.0
2025-12-26 00:00:00-05:00,23.56999969482422,23.700000762939453,23.309999465942383,23.350000381469727,668600,0.0,0.0
2025-12-29 00:00:00-05:00,23.350000381469727,23.739999771118164,23.299999237060547,23.3799991607666,601800,0.0,0.0
2025-12-30 00:00:00-05:00,23.25,23.489999771118164,23.09000015258789,23.209999084472656,516900,0.0,0.0
2025-12-31 00:00:00-05:00,23.209999084472656,23.450000762939453,22.969999313354492,23.09000015258789,487800,0.0,0.0
2026-01-02 00:00:00-05:00,23.149999618530273,23.81999969482422,23.100000381469727,23.600000381469727,568100,0.0,0.0
2026-01-05 00:00:00-05:00,23.450000762939453,24.260000228881836,23.260000228881836,23.940000534057617,1260300,0.0,0.0
2026-01-06 00:00:00-05:00,20.0,22.59000015258789,19.81999969482422,22.290000915527344,7301300,0.0,0.0
2026-01-07 00:00:00-05:00,22.299999237060547,22.700000762939453,21.729999542236328,22.190000534057617,2375100,0.0,0.0
2026-01-08 00:00:00-05:00,22.010000228881836,22.809999465942383,21.770000457763672,22.5,2132400,0.0,0.0
2026-01-09 00:00:00-05:00,23.209999084472656,23.25,21.950000762939453,22.1200008392334,1897200,0.0,0.0
2026-01-12 00:00:00-05:00,22.1200008392334,22.68000030517578,21.950000762939453,22.010000228881836,1843500,0.0,0.0
2026-01-13 00:00:00-05:00,22.020000457763672,22.149999618530273,21.0,21.1299991607666,1935600,0.0,0.0
2026-01-14 00:00:00-05:00,21.440000534057617,21.860000610351562,21.100000381469727,21.81999969482422,1160000,0.0,0.0
2026-01-15 00:00:00-05:00,21.559999465942383,21.700000762939453,20.350000381469727,20.969999313354492,1616400,0.0,0.0
2026-01-16 00:00:00-05:00,20.530000686645508,21.1200008392334,19.399999618530273,20.969999313354492,2354100,0.0,0.0
2026-01-20 00:00:00-05:00,20.639999389648438,21.25,20.43000030517578,20.969999313354492,1849500,0.0,0.0
2026-01-21 00:00:00-05:00,21.1299991607666,21.270000457763672,20.1200008392334,20.610000610351562,1238800,0.0,0.0
2026-01-22 00:00:00-05:00,20.6299991607666,20.790000915527344,19.6299991607666,19.889999389648438,1338000,0.0,0.0
2026-01-23 00:00:00-05:00,19.899999618530273,20.0,19.059999465942383,19.139999389648438,1227400,0.0,0.0
2026-01-26 00:00:00-05:00,19.110000610351562,19.65999984741211,18.809999465942383,19.110000610351562,1317800,0.0,0.0
2026-01-27 00:00:00-05:00,19.09000015258789,19.329999923706055,18.829999923706055,19.040000915527344,916700,0.0,0.0
2026-01-28 00:00:00-05:00,18.940000534057617,19.540000915527344,18.940000534057617,19.149999618530273,942400,0.0,0.0
2026-01-29 00:00:00-05:00,19.0,19.34000015258789,18.790000915527344,18.940000534057617,710600,0.0,0.0
2026-01-30 00:00:00-05:00,18.940000534057617,19.190000534057617,18.670000076293945,18.950000762939453,657700,0.0,0.0
2026-02-02 00:00:00-05:00,18.81999969482422,19.0,18.0,18.040000915527344,1028100,0.0,0.0
2026-02-03 00:00:00-05:00,18.25,18.649999618530273,17.739999771118164,18.149999618530273,1381700,0.0,0.0
2026-02-04 00:00:00-05:00,18.1299991607666,18.270000457763672,17.43000030517578,17.540000915527344,1314800,0.0,0.0
2026-02-05 00:00:00-05:00,17.579999923706055,17.649999618530273,16.940000534057617,17.06999969482422,1309100,0.0,0.0
2026-02-06 00:00:00-05:00,17.270000457763672,17.729999542236328,17.139999389648438,17.579999923706055,2110800,0.0,0.0
2026-02-09 00:00:00-05:00,17.469999313354492,17.68000030517578,17.139999389648438,17.40999984741211,1708800,0.0,0.0
2026-02-10 00:00:00-05:00,17.40999984741211,17.65999984741211,17.290000915527344,17.299999237060547,943900,0.0,0.0
2026-02-11 00:00:00-05:00,17.15999984741211,17.65999984741211,16.6200008392334,17.25,1326600,0.0,0.0
2026-02-12 00:00:00-05:00,17.209999084472656,17.239999771118164,16.43000030517578,16.489999771118164,1001400,0.0,0.0
2026-02-13 00:00:00-05:00,16.520000457763672,16.670000076293945,16.030000686645508,16.100000381469727,805700,0.0,0.0
2026-02-17 00:00:00-05:00,16.09000015258789,16.510000228881836,15.59000015258789,16.200000762939453,1968300,0.0,0.0
2026-02-18 00:00:00-05:00,16.31999969482422,17.610000610351562,16.31999969482422,17.559999465942383,1451500,0.0,0.0
2026-02-19 00:00:00-05:00,17.520000457763672,18.440000534057617,17.520000457763672,17.8799991607666,1188700,0.0,0.0
2026-02-20 00:00:00-05:00,17.770000457763672,18.18000030517578,17.59000015258789,17.760000228881836,699300,0.0,0.0
2026-02-23 00:00:00-05:00,17.59000015258789,18.309999465942383,17.1299991607666,18.200000762939453,1717600,0.0,0.0
2026-02-24 00:00:00-05:00,18.350000381469727,19.8700008392334,18.200000762939453,19.75,3342600,0.0,0.0
2026-02-25 00:00:00-05:00,19.84000015258789,20.489999771118164,19.56999969482422,20.1299991607666,2765400,0.0,0.0
2026-02-26 00:00:00-05:00,20.049999237060547,20.3799991607666,19.579999923706055,20.31999969482422,1536800,0.0,0.0
2026-02-27 00:00:00-05:00,20.309999465942383,20.309999465942383,19.309999465942383,19.899999618530273,1859200,0.0,0.0
2026-03-02 00:00:00-05:00,19.530000686645508,19.799999237060547,18.579999923706055,19.049999237060547,1282600,0.0,0.0
2026-03-03 00:00:00-05:00,18.610000610351562,19.110000610351562,18.420000076293945,18.920000076293945,1160600,0.0,0.0
2026-03-04 00:00:00-05:00,17.670000076293945,19.440000534057617,17.559999465942383,19.219999313354492,1880500,0.0,0.0
2026-03-05 00:00:00-05:00,18.93000030517578,19.31999969482422,18.059999465942383,18.56999969482422,1096300,0.0,0.0
2026-03-06 00:00:00-05:00,18.540000915527344,18.540000915527344,17.969999313354492,18.459999084472656,813900,0.0,0.0
2026-03-09 00:00:00-04:00,18.139999389648438,18.90999984741211,17.899999618530273,18.31999969482422,941300,0.0,0.0
2026-03-10 00:00:00-04:00,18.31999969482422,18.56999969482422,17.059999465942383,17.229999542236328,1197600,0.0,0.0
2026-03-11 00:00:00-04:00,17.110000610351562,17.709999084472656,17.030000686645508,17.65999984741211,990400,0.0,0.0
2026-03-12 00:00:00-04:00,17.6200008392334,18.40999984741211,17.299999237060547,18.389999389648438,1370400,0.0,0.0
2026-03-13 00:00:00-04:00,18.40999984741211,18.850000381469727,18.079999923706055,18.84000015258789,1120400,0.0,0.0
2026-03-16 00:00:00-04:00,19.100000381469727,19.360000610351562,18.06999969482422,18.079999923706055,1038000,0.0,0.0
2026-03-17 00:00:00-04:00,18.049999237060547,18.200000762939453,17.59000015258789,17.850000381469727,852200,0.0,0.0
2026-03-18 00:00:00-04:00,17.850000381469727,19.040000915527344,17.68000030517578,18.579999923706055,1716300,0.0,0.0
2026-03-19 00:00:00-04:00,18.0,18.520000457763672,17.15999984741211,17.469999313354492,1930500,0.0,0.0
2026-03-20 00:00:00-04:00,17.93000030517578,17.93000030517578,17.280000686645508,17.520000457763672,3842100,0.0,0.0
2026-03-23 00:00:00-04:00,17.0,18.770000457763672,16.829999923706055,18.510000228881836,2550800,0.0,0.0
2026-03-24 00:00:00-04:00,18.579999923706055,19.309999465942383,18.239999771118164,18.969999313354492,916500,0.0,0.0
2026-03-25 00:00:00-04:00,18.959999084472656,19.34000015258789,18.65999984741211,19.190000534057617,694000,0.0,0.0
2026-03-26 00:00:00-04:00,18.959999084472656,19.299999237060547,18.59000015258789,18.639999389648438,586700,0.0,0.0
2026-03-27 00:00:00-04:00,18.729999542236328,18.989999771118164,17.729999542236328,17.889999389648438,736200,0.0,0.0
2026-03-30 00:00:00-04:00,17.920000076293945,18.479999542236328,17.5,18.34000015258789,1169300,0.0,0.0
2026-03-31 00:00:00-04:00,18.3799991607666,19.190000534057617,18.3799991607666,18.700000762939453,724000,0.0,0.0
2026-04-01 00:00:00-04:00,18.75,19.350000381469727,18.510000228881836,19.329999923706055,649900,0.0,0.0
2026-04-02 00:00:00-04:00,19.15999984741211,20.31999969482422,19.15999984741211,20.209999084472656,961400,0.0,0.0
2026-04-06 00:00:00-04:00,20.209999084472656,21.040000915527344,20.209999084472656,20.959999084472656,627500,0.0,0.0
2026-04-07 00:00:00-04:00,21.110000610351562,21.56999969482422,21.0,21.09000015258789,903400,0.0,0.0
2026-04-08 00:00:00-04:00,21.290000915527344,21.739999771118164,20.790000915527344,20.8799991607666,1156500,0.0,0.0
2026-04-09 00:00:00-04:00,24.850000381469727,26.700000762939453,24.100000381469727,25.209999084472656,5575200,0.0,0.0
2026-04-10 00:00:00-04:00,25.209999084472656,26.600000381469727,25.0,26.440000534057617,1743600,0.0,0.0
2026-04-13 00:00:00-04:00,26.299999237060547,26.920000076293945,26.040000915527344,26.84000015258789,1845700,0.0,0.0
2026-04-14 00:00:00-04:00,26.84000015258789,26.84000015258789,24.43000030517578,24.43000030517578,2059900,0.0,0.0
2026-04-15 00:00:00-04:00,24.489999771118164,24.739999771118164,24.209999084472656,24.729999542236328,782900,0.0,0.0
2026-04-16 00:00:00-04:00,24.510000228881836,25.110000610351562,23.6299991607666,24.6200008392334,1080000,0.0,0.0
2026-04-17 00:00:00-04:00,24.770000457763672,25.280000686645508,24.15999984741211,25.079999923706055,895300,0.0,0.0
2026-04-20 00:00:00-04:00,25.18000030517578,25.78499984741211,25.149999618530273,25.530000686645508,537107,0.0,0.0
