Date,Open,High,Low,Close,Volume,Dividends,Stock Splits
2024-03-15 00:00:00-04:00,22.589050689488097,22.822483057735685,22.589050689488097,22.786569595336914,1484500,0.0,0.0
2024-03-18 00:00:00-04:00,22.858392426955948,22.939195996489246,22.795545586751818,22.831459045410156,1456900,0.0,0.0
2024-03-19 00:00:00-04:00,22.81350469213599,22.885329904485392,22.7327011141869,22.786569595336914,636300,0.0,0.0
2024-03-20 00:00:00-04:00,22.78656769599026,22.91226309146063,22.759634313884323,22.822481155395508,589400,0.0,0.0
2024-03-21 00:00:00-04:00,22.88532829284668,22.93919677020315,22.858393197944434,22.88532829284668,482100,0.0,0.0
2024-03-22 00:00:00-04:00,22.903283298740984,22.930218391615693,22.831458096856313,22.849414825439453,233000,0.0,0.0
2024-03-25 00:00:00-04:00,22.849414815182385,22.885326559884653,22.786566265169608,22.813501358032227,490500,0.0,0.0
2024-03-26 00:00:00-04:00,22.822480196966108,22.849415290388908,22.76861172256844,22.804523468017578,279500,0.0,0.0
2024-03-27 00:00:00-04:00,22.82247973256474,22.867369841574703,22.777589623554782,22.849414825439453,428900,0.0,0.0
2024-03-28 00:00:00-04:00,22.858391766672923,22.984087155898333,22.840436750310364,22.8763484954834,3366900,0.0,0.0
2024-04-01 00:00:00-04:00,22.885327690803148,22.885327690803148,22.69678716879142,22.72372055053711,273100,0.0,0.0
2024-04-02 00:00:00-04:00,22.624960408828425,22.642915424609203,22.50824338779015,22.580068588256836,274200,0.0,0.0
2024-04-03 00:00:00-04:00,22.5172231892262,22.66087359932908,22.400507873185596,22.624961853027344,200100,0.0,0.0
2024-04-04 00:00:00-04:00,22.678829834170987,22.72371994418128,22.508244333725603,22.56211280822754,257400,0.0,0.0
2024-04-05 00:00:00-04:00,22.52620058917555,22.615982519756717,22.52620058917555,22.571090698242188,414700,0.0,0.0
2024-04-08 00:00:00-04:00,22.580069062545093,22.60700415545381,22.56211233393928,22.571090698242188,93600,0.0,0.0
2024-04-09 00:00:00-04:00,22.615982355898126,22.678829193115234,22.60700399166027,22.678829193115234,100800,0.0,0.0
2024-04-10 00:00:00-04:00,22.589049342869128,22.646510536792054,22.43642056166942,22.607006072998047,257600,0.0,0.0
2024-04-11 00:00:00-04:00,22.580068588256836,22.615982044714105,22.490286659561512,22.580068588256836,104300,0.0,0.0
2024-04-12 00:00:00-04:00,22.562113656663154,22.589048751150965,22.463355068437163,22.481311798095703,36500,0.0,0.0
2024-04-15 00:00:00-04:00,22.49028802432542,22.49028802432542,22.185030475706288,22.247879028320312,163100,0.0,0.0
2024-04-16 00:00:00-04:00,22.176053331508474,22.355615483363845,22.149118238128604,22.185029983520508,202900,0.0,0.0
2024-04-17 00:00:00-04:00,22.28379107143514,22.409484753442108,22.202987500874094,22.310726165771484,142700,0.0,0.0
2024-04-18 00:00:00-04:00,22.26583259963569,22.34663616387407,22.189519073659355,22.202985763549805,183700,0.0,0.0
2024-04-19 00:00:00-04:00,22.202985891443042,22.382549749106623,22.202985891443042,22.337657928466797,81400,0.0,0.0
2024-04-22 00:00:00-04:00,22.391529083251953,22.454375922422418,22.342148934632892,22.391529083251953,105400,0.0,0.0
2024-04-23 00:00:00-04:00,22.39152843486793,22.490287016798398,22.355614977840204,22.472332000732422,53200,0.0,0.0
2024-04-24 00:00:00-04:00,22.44539659648486,22.44539659648486,22.301746195263185,22.373571395874023,79700,0.0,0.0
2024-04-25 00:00:00-04:00,22.23889923095703,22.328681159316485,22.140138938516852,22.23889923095703,143100,0.0,0.0
2024-04-26 00:00:00-04:00,22.301746842786574,22.400507138661894,22.283790114000535,22.292768478393555,51700,0.0,0.0
2024-04-29 00:00:00-04:00,22.33765889615047,22.391529083251953,22.29276878601383,22.391529083251953,38500,0.0,0.0
2024-04-30 00:00:00-04:00,22.39153050847317,22.427442256378676,22.265835109683792,22.364595413208008,51900,0.0,0.0
2024-05-01 00:00:00-04:00,22.364594759702157,22.47233342516658,22.25685780668573,22.445398330688477,94200,0.0,0.0
2024-05-02 00:00:00-04:00,22.44539862597859,22.571092310300706,22.381654461057522,22.50824546813965,276600,0.0,0.0
2024-05-03 00:00:00-04:00,22.598027889039063,22.598027889039063,22.508245950122987,22.535181045532227,165400,0.0,0.0
2024-05-06 00:00:00-04:00,22.55313730049407,22.55313730049407,22.490288745863722,22.544158935546875,166300,0.0,0.0
2024-05-07 00:00:00-04:00,22.58904808767995,22.66985165632208,22.481311137789067,22.526201248168945,204300,0.0,0.0
2024-05-08 00:00:00-04:00,22.49926538105533,22.56211221840596,22.418461815190838,22.472332000732422,165400,0.0,0.0
2024-05-09 00:00:00-04:00,22.490287789906688,22.553136341865635,22.43641931496125,22.526201248168945,56800,0.0,0.0
2024-05-10 00:00:00-04:00,22.499266815306253,22.553137004281876,22.44539833877862,22.481311798095703,67700,0.0,0.0
2024-05-13 00:00:00-04:00,22.526201248168945,22.562112993983256,22.490287789906688,22.526201248168945,34900,0.0,0.0
2024-05-14 00:00:00-04:00,22.58904808767995,22.58904808767995,22.472332773223506,22.526201248168945,63400,0.0,0.0
2024-05-15 00:00:00-04:00,22.57109195230354,22.65189552307129,22.56211358750179,22.65189552307129,95000,0.0,0.0
2024-05-16 00:00:00-04:00,22.669850527928194,22.71474063607366,22.589046963308068,22.615982055664062,54900,0.0,0.0
2024-05-17 00:00:00-04:00,22.615982055664062,22.633937071453534,22.562111870952073,22.615982055664062,52100,0.0,0.0
2024-05-20 00:00:00-04:00,22.6518934552578,22.78387352210271,22.63393672729351,22.759632110595703,83200,0.0,0.0
2024-05-21 00:00:00-04:00,22.78656835798637,22.84043854865928,22.73269987976151,22.777591705322266,82200,0.0,0.0
2024-05-22 00:00:00-04:00,22.81350058204074,22.81350058204074,22.71474029068498,22.759632110595703,143500,0.0,0.0
2024-05-23 00:00:00-04:00,22.82248007344116,22.82248007344116,22.607004464568806,22.669851303100586,136300,0.0,0.0
2024-05-24 00:00:00-04:00,22.642916332376647,22.804523468017578,22.642916332376647,22.804523468017578,62700,0.0,0.0
2024-05-28 00:00:00-04:00,22.84043978893507,22.84941815453476,22.71474438298751,22.786569595336914,45400,0.0,0.0
2024-05-29 00:00:00-04:00,22.732700536880433,22.7506572676238,22.615985211944746,22.696788787841797,74500,0.0,0.0
2024-05-30 00:00:00-04:00,22.696789364236267,22.831461423335377,22.696789364236267,22.786569595336914,95300,0.0,0.0
2024-05-31 00:00:00-04:00,22.840436760065963,22.966130436897146,22.7955449380206,22.912261962890625,138000,0.0,0.0
2024-06-03 00:00:00-04:00,22.91225941477504,23.02897471421702,22.8808359990619,22.99306297302246,52000,0.0,0.0
2024-06-04 00:00:00-04:00,22.94817555005319,23.15467452314101,22.94817555005319,23.11876106262207,130600,0.0,0.0
2024-06-05 00:00:00-04:00,23.154672921020243,23.23547477670091,23.07386935289164,23.217519760131836,66600,0.0,0.0
2024-06-06 00:00:00-04:00,23.21752022615355,23.25343197246045,23.07386981603,23.17262840270996,100700,0.0,0.0
2024-06-07 00:00:00-04:00,23.145694901050845,23.172628282529345,22.98408776238801,23.03795623779297,104600,0.0,0.0
2024-06-10 00:00:00-04:00,23.028978059430738,23.11875999413055,22.96613121887526,23.002044677734375,64000,0.0,0.0
2024-06-11 00:00:00-04:00,23.055912967077273,23.07386969636158,22.966131033103704,23.03795623779297,38900,0.0,0.0
2024-06-12 00:00:00-04:00,23.136719040601857,23.208544253065092,23.073872193752543,23.199565887451172,70400,0.0,0.0
2024-06-13 00:00:00-04:00,23.23547650389087,23.34321517355365,23.09182608597254,23.28934669494629,75700,0.0,0.0
2024-06-14 00:00:00-04:00,22.876349453299017,22.975109753443736,22.723720676915356,22.894306182861328,98800,0.0,0.0
2024-06-17 00:00:00-04:00,22.894306182861328,22.912262912423635,22.759634136039974,22.894306182861328,33700,0.0,0.0
2024-06-18 00:00:00-04:00,22.90328646102352,23.020001788033166,22.876351364429848,22.930221557617188,140200,0.0,0.0
2024-06-20 00:00:00-04:00,22.939195466768506,23.046934127807617,22.849415247091823,23.046934127807617,72100,0.0,0.0
2024-06-21 00:00:00-04:00,23.046934127807617,23.109780966560464,23.00742966668529,23.046934127807617,44300,0.0,0.0
2024-06-24 00:00:00-04:00,23.091825485229492,23.109782215114148,23.033468681776387,23.091825485229492,67800,0.0,0.0
2024-06-25 00:00:00-04:00,23.14569616489689,23.154674530029297,23.08284760897004,23.154674530029297,57200,0.0,0.0
2024-06-26 00:00:00-04:00,23.145694909916973,23.154673274562565,23.037956246617828,23.073869705200195,71600,0.0,0.0
2024-06-27 00:00:00-04:00,23.073870053588454,23.109781800265086,22.876349453299017,22.894306182861328,264700,0.0,0.0
2024-06-28 00:00:00-04:00,22.94817387470998,23.136716103773708,22.804523468017578,22.804523468017578,879200,0.0,0.0
2024-07-01 00:00:00-04:00,22.81350170901549,22.86288185713272,22.651894574249244,22.669851303100586,121500,0.0,0.0
2024-07-02 00:00:00-04:00,22.71474172067476,22.786566924605786,22.687808339480586,22.768611907958984,117300,0.0,0.0
2024-07-03 00:00:00-04:00,22.786567036593233,22.876348970060246,22.75963365526669,22.86737060546875,41900,0.0,0.0
2024-07-05 00:00:00-04:00,22.894303146505944,22.957149979190987,22.849413041001704,22.948171615600586,44700,0.0,0.0
2024-07-08 00:00:00-04:00,22.96613090352726,22.96613090352726,22.84043722414221,22.86737060546875,55200,0.0,0.0
2024-07-09 00:00:00-04:00,22.885327996906693,22.885327996906693,22.813502790544195,22.822481155395508,29500,0.0,0.0
2024-07-10 00:00:00-04:00,22.858392249900774,22.93919581880819,22.82248050396856,22.903284072875977,36600,0.0,0.0
2024-07-11 00:00:00-04:00,22.930219166661097,23.010123700395443,22.885327343685894,22.903284072875977,95900,0.0,0.0
2024-07-12 00:00:00-04:00,22.930219641985946,22.975109753443736,22.867371088517864,22.894306182861328,39800,0.0,0.0
2024-07-15 00:00:00-04:00,22.921240317509586,22.93291065003327,22.840436750310364,22.8763484954834,17400,0.0,0.0
2024-07-16 00:00:00-04:00,22.939195996489246,22.939195996489246,22.795545586751818,22.831459045410156,84800,0.0,0.0
2024-07-17 00:00:00-04:00,22.786565490094304,22.79554385407645,22.73269701864927,22.759632110595703,69700,0.0,0.0
2024-07-18 00:00:00-04:00,22.75963496813385,22.813503446342228,22.68780975970666,22.74167823791504,84000,0.0,0.0
2024-07-19 00:00:00-04:00,22.714743142586826,22.77759169835266,22.678831394597257,22.74167823791504,55200,0.0,0.0
2024-07-22 00:00:00-04:00,22.777588838559993,22.79554385407645,22.71474029068498,22.759632110595703,54600,0.0,0.0
2024-07-23 00:00:00-04:00,22.768613998367165,22.77759236373885,22.660875326355065,22.696788787841797,59600,0.0,0.0
2024-07-24 00:00:00-04:00,22.71474273219948,22.71474273219948,22.490288745863722,22.544158935546875,80300,0.0,0.0
2024-07-25 00:00:00-04:00,22.589046952371152,22.642915424609203,22.54415684424742,22.580068588256836,64100,0.0,0.0
2024-07-26 00:00:00-04:00,22.624962615524645,22.65189599804665,22.615984250534634,22.64291763305664,34400,0.0,0.0
2024-07-29 00:00:00-04:00,22.687807256165524,22.687807256165524,22.589046963308068,22.615982055664062,29500,0.0,0.0
2024-07-30 00:00:00-04:00,22.624961853027344,22.66087359932908,22.571091664902788,22.624961853027344,26100,0.0,0.0
2024-07-31 00:00:00-04:00,22.669851964016505,22.71474207500567,22.580070029590214,22.624961853027344,91300,0.0,0.0
2024-08-01 00:00:00-04:00,22.669850527928194,22.75065409254832,22.598025327426733,22.615982055664062,180100,0.0,0.0
2024-08-02 00:00:00-04:00,22.56211268505414,22.56211268505414,22.40050726243058,22.427440643310547,240000,0.0,0.0
2024-08-05 00:00:00-04:00,21.897728577611048,22.158096002555375,21.65531959354825,22.059335708618164,193500,0.0,0.0
2024-08-06 00:00:00-04:00,22.140139400374895,22.28378980376752,22.10422765575068,22.194007873535156,180800,0.0,0.0
2024-08-07 00:00:00-04:00,22.274813065022563,22.36369767904892,22.149119380993387,22.167076110839844,69000,0.0,0.0
2024-08-08 00:00:00-04:00,22.229922113321937,22.337659063435876,22.194008654985325,22.283790588378906,68400,0.0,0.0
2024-08-09 00:00:00-04:00,22.337659063435876,22.355615792604183,22.24787884249024,22.283790588378906,44600,0.0,0.0
2024-08-12 00:00:00-04:00,22.283791063139695,22.31970452224145,22.256857681261362,22.274812698364258,45000,0.0,0.0
2024-08-13 00:00:00-04:00,22.346637428020028,22.418462632245305,22.256857207074397,22.283790588378906,196000,0.0,0.0
2024-08-14 00:00:00-04:00,22.31072581142013,22.47233294997549,22.292769082147768,22.454376220703125,93000,0.0,0.0
2024-08-15 00:00:00-04:00,22.49926596923396,22.59802626619412,22.40050738472173,22.56211280822754,106400,0.0,0.0
2024-08-16 00:00:00-04:00,22.571092612740213,22.624962803126962,22.571092612740213,22.607006072998047,51500,0.0,0.0
2024-08-19 00:00:00-04:00,22.64291698040409,22.732698915268333,22.624961963389623,22.72372055053711,74300,0.0,0.0
2024-08-20 00:00:00-04:00,22.75065660998581,22.78656835798637,22.669853036424495,22.777591705322266,39500,0.0,0.0
2024-08-21 00:00:00-04:00,22.795545586751818,22.858392426955948,22.77759056987061,22.831459045410156,39500,0.0,0.0
2024-08-22 00:00:00-04:00,22.831461423335377,22.831461423335377,22.759636210985974,22.786569595336914,25700,0.0,0.0
2024-08-23 00:00:00-04:00,22.86737126720407,22.86737126720407,22.804524425692886,22.822481155395508,40400,0.0,0.0
2024-08-26 00:00:00-04:00,22.867372226008662,22.867372226008662,22.79554701663461,22.840438842773438,21400,0.0,0.0
2024-08-27 00:00:00-04:00,22.84941607140354,22.912262912423635,22.804524247497763,22.894306182861328,36100,0.0,0.0
2024-08-28 00:00:00-04:00,22.894306657814095,22.90507966830618,22.853904871684737,22.88532829284668,26400,0.0,0.0
2024-08-29 00:00:00-04:00,22.92124097960804,22.957152725818418,22.795545586751818,22.831459045410156,45100,0.0,0.0
2024-08-30 00:00:00-04:00,22.876350957931173,22.876350957931173,22.607006846573064,22.696788787841797,103200,0.0,0.0
2024-09-03 00:00:00-04:00,22.723720252933433,22.7416769821607,22.60700493785208,22.660873413085938,38400,0.0,0.0
2024-09-04 00:00:00-04:00,22.705767729835962,22.795547960936606,22.671650625536387,22.786569595336914,63300,0.0,0.0
2024-09-05 00:00:00-04:00,22.867369831309574,22.876348195597114,22.76861124904242,22.813501358032227,38900,0.0,0.0
2024-09-06 00:00:00-04:00,22.84941642185736,22.885328169084794,22.669852548376166,22.71474266052246,84600,0.0,0.0
2024-09-09 00:00:00-04:00,22.831460477545672,22.840438842773438,22.74167853771609,22.840438842773438,106300,0.0,0.0
2024-09-10 00:00:00-04:00,22.876349748686724,22.9571533203125,22.80452454195804,22.9571533203125,50700,0.0,0.0
2024-09-11 00:00:00-04:00,22.96613311767578,22.975111483132874,22.871862849048462,22.96613311767578,105400,0.0,0.0
2024-09-12 00:00:00-04:00,22.99306612703016,23.03795623779297,22.9481743038194,23.03795623779297,63200,0.0,0.0
2024-09-13 00:00:00-04:00,22.71474380613707,22.768613998367165,22.660875326355065,22.696788787841797,128900,0.0,0.0
2024-09-16 00:00:00-04:00,22.723722748587207,22.786569595336914,22.651897536237804,22.786569595336914,86100,0.0,0.0
2024-09-17 00:00:00-04:00,22.876350591236427,22.93022078260302,22.75963526817162,22.840438842773438,84600,0.0,0.0
2024-09-18 00:00:00-04:00,22.86737156291185,22.99306696000764,22.75963460819891,22.88532829284668,103600,0.0,0.0
2024-09-19 00:00:00-04:00,22.948172887142267,23.11875837991637,22.921239507326465,23.064889907836914,66500,0.0,0.0
2024-09-20 00:00:00-04:00,23.073868088294052,23.163648303562688,23.019997904195463,23.100801467895508,59600,0.0,0.0
2024-09-23 00:00:00-04:00,23.14569347218002,23.15467183626791,23.028976451485377,23.064889907836914,47400,0.0,0.0
2024-09-24 00:00:00-04:00,23.073869519413535,23.12773799440539,23.011020967400437,23.10978126525879,36800,0.0,0.0
2024-09-25 00:00:00-04:00,23.154673572173355,23.154673572173355,23.060401598406923,23.136716842651367,20800,0.0,0.0
2024-09-26 00:00:00-04:00,23.13671779288154,23.172629540952435,23.02897912377276,23.11876106262207,43600,0.0,0.0
2024-09-27 00:00:00-04:00,23.16365118271365,23.19058627811087,23.064892591153278,23.154674530029297,29300,0.0,0.0
2024-09-30 00:00:00-04:00,23.19058501181365,23.217520105740107,22.912262557698746,23.03795623779297,138400,0.0,0.0
2024-10-01 00:00:00-04:00,23.118760587691426,23.181607429860456,23.002045268298655,23.12773895263672,59300,0.0,0.0
2024-10-02 00:00:00-04:00,23.163652420043945,23.24445599810383,23.037958726372185,23.163652420043945,19400,0.0,0.0
2024-10-03 00:00:00-04:00,23.181609151267953,23.199565882491957,23.11876230443207,23.163652420043945,29200,0.0,0.0
2024-10-04 00:00:00-04:00,23.154673572173355,23.154673572173355,23.028978177967442,23.136716842651367,17900,0.0,0.0
2024-10-07 00:00:00-04:00,23.13671382610347,23.13671382610347,22.939193252010188,22.948171615600586,53900,0.0,0.0
2024-10-08 00:00:00-04:00,23.01102133000118,23.06489151828985,22.948174489445705,23.002044677734375,26000,0.0,0.0
2024-10-09 00:00:00-04:00,23.028977275312737,23.055912368539953,22.912261962890625,22.912261962890625,41300,0.0,0.0
2024-10-10 00:00:00-04:00,22.939196294319117,22.957153023881425,22.813502612278917,22.894306182861328,52700,0.0,0.0
2024-10-11 00:00:00-04:00,22.885324782915543,22.966128342781385,22.867368055734744,22.948171615600586,65900,0.0,0.0
2024-10-14 00:00:00-04:00,22.94817495541541,23.002045144797933,22.8943064784809,22.9571533203125,39500,0.0,0.0
2024-10-15 00:00:00-04:00,22.993065653512023,23.10080260210321,22.975108924597517,23.046934127807617,33900,0.0,0.0
2024-10-16 00:00:00-04:00,23.082846348555776,23.13671653640869,23.028977873150815,23.03795623779297,37800,0.0,0.0
2024-10-17 00:00:00-04:00,23.046934788860295,23.12684103610824,22.912262743034564,23.002044677734375,33000,0.0,0.0
2024-10-18 00:00:00-04:00,23.064890856722123,23.064890856722123,22.94817383122576,23.046934127807617,231200,0.0,0.0
2024-10-21 00:00:00-04:00,23.028980730868604,23.028980730868604,22.903287035176767,23.020002365112305,33800,0.0,0.0
2024-10-22 00:00:00-04:00,23.046935740856558,23.073870836113496,22.930220419639245,22.984088897705078,91900,0.0,0.0
2024-10-23 00:00:00-04:00,22.939196294319117,23.0020448477872,22.88532781808017,22.894306182861328,70000,0.0,0.0
2024-10-24 00:00:00-04:00,22.939198210700283,23.002046769418847,22.90328646102352,22.930221557617188,41300,0.0,0.0
2024-10-25 00:00:00-04:00,23.011022280513973,23.073870836113496,22.948175437362494,22.984088897705078,28500,0.0,0.0
2024-10-28 00:00:00-04:00,23.064892174883745,23.064892174883745,22.858393205461333,22.921241760253906,31600,0.0,0.0
2024-10-29 00:00:00-04:00,22.894306174565706,22.92124126889941,22.768612492571055,22.8583927154541,43000,0.0,0.0
2024-10-30 00:00:00-04:00,22.930220085503816,23.02000031015593,22.853904839611896,22.988576889038086,63300,0.0,0.0
2024-10-31 00:00:00-04:00,22.99306737570187,23.11876106262207,22.894307071722825,23.11876106262207,114700,0.0,0.0
2024-11-01 00:00:00-04:00,23.127741041739714,23.154676139008608,22.903287035176767,23.020002365112305,25400,0.0,0.0
2024-11-04 00:00:00-05:00,23.109780015828484,23.14569347218002,22.984086343493804,23.064889907836914,41800,0.0,0.0
2024-11-05 00:00:00-05:00,23.002045740831605,23.15467452314101,22.939197184923454,23.11876106262207,136100,0.0,0.0
2024-11-06 00:00:00-05:00,23.0648934252557,23.0648934252557,22.9391980213045,22.96613311767578,40900,0.0,0.0
2024-11-07 00:00:00-05:00,23.01102114386651,23.07386969636158,22.93021928698305,23.03795623779297,59200,0.0,0.0
2024-11-08 00:00:00-05:00,23.082844096396155,23.181604385375977,23.055910717545505,23.181604385375977,34800,0.0,0.0
2024-11-11 00:00:00-05:00,23.208540123644845,23.208540123644845,22.98408616057758,23.100801467895508,22200,0.0,0.0
2024-11-12 00:00:00-05:00,23.082845749319254,23.082845749319254,22.903283598481554,22.912261962890625,29900,0.0,0.0
2024-11-13 00:00:00-05:00,23.028980153564387,23.046936884626835,22.91226482655474,22.930221557617188,26800,0.0,0.0
2024-11-14 00:00:00-05:00,22.993063433552585,23.019996811876027,22.858389692144346,22.948171615600586,16600,0.0,0.0
2024-11-15 00:00:00-05:00,22.948175142716988,22.957153507687355,22.8673715704317,22.921241760253906,14300,0.0,0.0
2024-11-18 00:00:00-05:00,22.921243192085964,23.046936884626835,22.876351364429848,22.930221557617188,26800,0.0,0.0
2024-11-19 00:00:00-05:00,22.92124175271634,22.975110230072808,22.81350308555538,22.88532829284668,42000,0.0,0.0
2024-11-20 00:00:00-05:00,22.92124175271634,23.109782279687995,22.786567990653136,22.88532829284668,39400,0.0,0.0
2024-11-21 00:00:00-05:00,22.975109753443736,22.975109753443736,22.84043770662238,22.894306182861328,44800,0.0,0.0
2024-11-22 00:00:00-05:00,22.921241573172157,23.01102179724701,22.903284843377985,22.9571533203125,16100,0.0,0.0
2024-11-25 00:00:00-05:00,22.993068214047064,23.055915059798608,22.89430790646714,22.96613311767578,40400,0.0,0.0
2024-11-26 00:00:00-05:00,22.966130436897146,22.966130436897146,22.840436760065963,22.912261962890625,50200,0.0,0.0
2024-11-27 00:00:00-05:00,22.91226463738133,23.020001597970232,22.885329541010048,22.96613311767578,21400,0.0,0.0
2024-11-29 00:00:00-05:00,22.939197951912124,23.20854377746582,22.939197951912124,23.20854377746582,73900,0.0,0.0
2024-12-02 00:00:00-05:00,23.172629057262423,23.172629057262423,23.07387046779285,23.091825485229492,11900,0.0,0.0
2024-12-03 00:00:00-05:00,23.09182472204342,23.145694909916973,22.984087771192232,23.073869705200195,29000,0.0,0.0
2024-12-04 00:00:00-05:00,22.993065950701784,23.11875962983209,22.993065950701784,23.10978126525879,25400,0.0,0.0
2024-12-05 00:00:00-05:00,23.109781274358674,23.16364974937174,23.03795607019194,23.145694732666016,28000,0.0,0.0
2024-12-06 00:00:00-05:00,23.16365069996987,23.181607429860456,23.064892110467685,23.12773895263672,19500,0.0,0.0
2024-12-09 00:00:00-05:00,23.154674516231296,23.16185652335372,23.073870942535837,23.082847595214844,24700,0.0,0.0
2024-12-10 00:00:00-05:00,23.154671825151876,23.154671825151876,22.94817287612537,23.028976440429688,123000,0.0,0.0
2024-12-11 00:00:00-05:00,23.082847488751103,23.145696044350625,22.984088897705078,22.984088897705078,77100,0.0,0.0
2024-12-12 00:00:00-05:00,23.002041797142986,23.10080037174187,22.894303146505944,22.948171615600586,123400,0.0,0.0
2024-12-13 00:00:00-05:00,23.069739058438827,23.069739058438827,22.88693709915568,23.00575828552246,88500,0.453,0.0
2024-12-16 00:00:00-05:00,23.069739732555274,23.069739732555274,22.87779740819746,22.9417781829834,28000,0.0,0.0
2024-12-17 00:00:00-05:00,22.969197735572486,23.078880310058594,22.941778399459995,23.078880310058594,278300,0.0,0.0
2024-12-18 00:00:00-05:00,23.07888113497516,23.170282993089693,22.914358139038086,22.914358139038086,68200,0.0,0.0
2024-12-19 00:00:00-05:00,22.914358830584913,22.99662033103607,22.859518411399304,22.89607810974121,216100,0.0,0.0
2024-12-20 00:00:00-05:00,22.969198210382288,23.09716150715218,22.877798096990755,22.923498153686523,41000,0.0,0.0
2024-12-23 00:00:00-05:00,22.97833961019237,22.97833961019237,22.877799132243005,22.89607810974121,18700,0.0,0.0
2024-12-24 00:00:00-05:00,22.923495922861367,22.987476693347247,22.850374793256755,22.978336334228516,33500,0.0,0.0
2024-12-26 00:00:00-05:00,22.97833909671865,22.97833909671865,22.896077598105705,22.960060119628906,30700,0.0,0.0
2024-12-27 00:00:00-05:00,22.969195954082544,22.987476672303274,22.877795849669386,22.932636260986328,28200,0.0,0.0
2024-12-30 00:00:00-05:00,22.932638039640704,23.152001445267537,22.914357320002125,23.078880310058594,36700,0.0,0.0
2024-12-31 00:00:00-05:00,23.1428619126517,23.1520022727977,22.804677303976995,22.914358139038086,270100,0.0,0.0
2025-01-02 00:00:00-05:00,22.99661705246598,23.06973818207059,22.9326362819801,22.978336334228516,35900,0.0,0.0
2025-01-03 00:00:00-05:00,23.033180582117346,23.106301718366954,23.000274937630508,23.02404022216797,19700,0.0,0.0
2025-01-06 00:00:00-05:00,23.069739932720427,23.078880292532777,22.95091874185064,23.033180236816406,45800,0.0,0.0
2025-01-07 00:00:00-05:00,23.05145744273058,23.060597801840945,22.896074824544872,22.932636260986328,52800,0.0,0.0
2025-01-08 00:00:00-05:00,22.914357793678285,23.012157728086457,22.896077073661814,22.923498153686523,31000,0.0,0.0
2025-01-10 00:00:00-05:00,22.941778873702994,22.941778873702994,22.777255880245573,22.923498153686523,78400,0.0,0.0
2025-01-13 00:00:00-05:00,22.9143555427656,22.969195954082544,22.786394001910985,22.932636260986328,95900,0.0,0.0
2025-01-14 00:00:00-05:00,22.950917344413728,23.014898115859133,22.923496266646296,22.969196319580078,24400,0.0,0.0
2025-01-15 00:00:00-05:00,23.133719708411338,23.581586859791038,23.069738935834994,23.152000427246094,193300,0.0,0.0
2025-01-16 00:00:00-05:00,23.152000082613213,23.215980854237163,23.078878951707953,23.16114044189453,25300,0.0,0.0
2025-01-17 00:00:00-05:00,23.1794244541301,23.30738601556065,23.124582290649414,23.124582290649414,18500,0.0,0.0
2025-01-21 00:00:00-05:00,23.179420836516098,23.215980529785156,23.151999759055364,23.215980529785156,29200,0.0,0.0
2025-01-22 00:00:00-05:00,23.215980529785156,23.279961300514948,23.17028047736252,23.215980529785156,22500,0.0,0.0
2025-01-23 00:00:00-05:00,23.20684276801351,23.252544568896482,23.097161932585262,23.197702407836914,180400,0.0,0.0
2025-01-24 00:00:00-05:00,23.252544074418886,23.398786347443593,23.215982634490004,23.307384490966797,19000,0.0,0.0
2025-01-27 00:00:00-05:00,23.197702780753243,23.35217190653362,23.197702780753243,23.334806442260742,34200,0.0,0.0
2025-01-28 00:00:00-05:00,23.33480606714039,23.343946427316986,23.17942343082917,23.197702407836914,28300,0.0,0.0
2025-01-29 00:00:00-05:00,23.252543859626297,23.380505411504533,23.097161228054695,23.1702823638916,35800,0.0,0.0
2025-01-30 00:00:00-05:00,23.25254284057631,23.307383254214244,23.234262121581896,23.2434024810791,22600,0.0,0.0
2025-01-31 00:00:00-05:00,23.325663401903284,23.325663401903284,23.115440368652344,23.115440368652344,30900,0.0,0.0
2025-02-03 00:00:00-05:00,23.11544003460014,23.28727460242696,23.106299675458892,23.147430419921875,11800,0.0,0.0
2025-02-04 00:00:00-05:00,23.124579348993958,23.992894316846527,23.115440732921883,23.152000427246094,262900,0.0,0.0
2025-02-05 00:00:00-05:00,23.243404058957584,23.343946276906866,23.243404058957584,23.29824447631836,13700,0.0,0.0
2025-02-06 00:00:00-05:00,23.289103754306204,23.35308453079047,23.152001841362004,23.26168441772461,16100,0.0,0.0
2025-02-07 00:00:00-05:00,23.27996097670222,23.325662771834416,23.22512056588881,23.27082061767578,11300,0.0,0.0
2025-02-10 00:00:00-05:00,23.362224578857422,23.362224578857422,23.26168410715821,23.362224578857422,18000,0.0,0.0
2025-02-11 00:00:00-05:00,23.362224578857422,23.362224578857422,23.298243803227365,23.362224578857422,13200,0.0,0.0
2025-02-12 00:00:00-05:00,23.270823395965255,23.33754819915902,23.243404058957584,23.29824447631836,22600,0.0,0.0
2025-02-13 00:00:00-05:00,23.353083165656596,23.39878496286338,23.31652347123648,23.343944549560547,15600,0.0,0.0
2025-02-14 00:00:00-05:00,23.38050597403224,23.38050597403224,23.29824447631836,23.29824447631836,35300,0.0,0.0
2025-02-18 00:00:00-05:00,23.35308541956233,23.380506500532924,23.279964280319554,23.334806442260742,65000,0.0,0.0
2025-02-19 00:00:00-05:00,23.30738349340402,23.481046838942547,23.30738349340402,23.426204681396484,28400,0.0,0.0
2025-02-20 00:00:00-05:00,23.462765322183287,23.471905681463586,23.37136347272557,23.443571090698242,20200,0.0,0.0
2025-02-21 00:00:00-05:00,23.444484505937226,23.444484505937226,23.307382603994547,23.35308265686035,18800,0.0,0.0
2025-02-24 00:00:00-05:00,23.31652572161368,23.35308541956233,23.307385361290148,23.334806442260742,34700,0.0,0.0
2025-02-25 00:00:00-05:00,23.389644298106386,23.46276542933745,23.353082860818212,23.44448471069336,23000,0.0,0.0
2025-02-26 00:00:00-05:00,23.4810463709619,23.59986755658624,23.397871366690328,23.581586837768555,125600,0.0,0.0
2025-02-27 00:00:00-05:00,23.618148785154002,23.636429504366237,23.53588729204428,23.57244873046875,17500,0.0,0.0
2025-02-28 00:00:00-05:00,23.63643144657569,23.66842183615309,23.581589284432592,23.663850784301758,42500,0.0,0.0
2025-03-03 00:00:00-05:00,23.65470817262705,23.759821435057844,23.5450273454706,23.672988891601562,28300,0.0,0.0
2025-03-04 00:00:00-05:00,23.718692388023857,23.718692388023857,23.499327231307053,23.535888671875,32200,0.0,0.0
2025-03-05 00:00:00-05:00,23.645569661446036,23.645569661446036,23.444485238524422,23.481046676635742,49200,0.0,0.0
2025-03-06 00:00:00-05:00,23.398785184230597,23.52674673092957,23.398785184230597,23.481046676635742,21300,0.0,0.0
2025-03-07 00:00:00-05:00,23.41706517155585,23.59072676712212,23.33480368172119,23.35308265686035,36500,0.0,0.0
2025-03-10 00:00:00-04:00,23.261683873049478,23.307383928512337,23.17942237854004,23.17942237854004,54100,0.0,0.0
2025-03-11 00:00:00-04:00,23.225122088345575,23.34394502013316,23.142860595060426,23.188562393188477,35100,0.0,0.0
2025-03-12 00:00:00-04:00,23.234263550422995,23.398786544799805,23.215982830304362,23.398786544799805,69600,0.0,0.0
2025-03-13 00:00:00-04:00,23.39878534596879,23.444485400578507,23.35308354801374,23.426204681396484,44000,0.0,0.0
2025-03-14 00:00:00-04:00,23.54065167750226,23.624393270659706,23.38247330983961,23.447607040405273,608900,0.453,0.0
2025-03-17 00:00:00-04:00,23.44760840477828,23.512740364421155,23.410389128003608,23.475521087646484,420700,0.0,0.0
2025-03-18 00:00:00-04:00,23.47552026891399,23.531349182128906,23.47552026891399,23.531349182128906,38500,0.0,0.0
2025-03-19 00:00:00-04:00,23.512739544390598,23.55926186402363,23.48482508778314,23.531349182128906,23200,0.0,0.0
2025-03-20 00:00:00-04:00,23.540652999134522,23.58717709500769,23.494130677974145,23.522045135498047,40800,0.0,0.0
2025-03-21 00:00:00-04:00,23.540650549835483,23.587174640868028,23.503433051722055,23.549955368041992,22200,0.0,0.0
2025-03-24 00:00:00-04:00,23.503435726410988,23.577872505821354,23.494130907145593,23.540653228759766,27200,0.0,0.0
2025-03-25 00:00:00-04:00,23.54065168471131,23.559261322021484,23.49412936614857,23.559261322021484,18800,0.0,0.0
2025-03-26 00:00:00-04:00,23.55925999727109,23.55925999727109,23.438300910981944,23.48482322692871,99900,0.0,0.0
2025-03-27 00:00:00-04:00,23.503435134887695,23.522044772950128,23.37317121787618,23.503435134887695,93900,0.0,0.0
2025-03-28 00:00:00-04:00,23.475518408796837,23.512737681324325,23.475518408796837,23.48482322692871,92600,0.0,0.0
2025-03-31 00:00:00-04:00,23.48482554418608,23.494130363236064,23.32664716976192,23.456911087036133,493900,0.0,0.0
2025-04-01 00:00:00-04:00,23.494130363236064,23.494130363236064,23.456911087036133,23.456911087036133,37200,0.0,0.0
2025-04-02 00:00:00-04:00,23.484826680015633,23.484826680015633,23.456912221515623,23.466217041015625,48300,0.0,0.0
2025-04-03 00:00:00-04:00,23.354561852892825,23.412250666733257,23.210339818291747,23.25221061706543,72600,0.0,0.0
2025-04-04 00:00:00-04:00,23.252211209625585,23.252211209625585,23.04751050746698,23.17777442932129,151300,0.0,0.0
2025-04-07 00:00:00-04:00,23.066119883063344,23.121947023976432,22.35896959088389,22.73115348815918,115600,0.0,0.0
2025-04-08 00:00:00-04:00,22.889329181776308,23.056812359585205,22.769300044269958,22.852109909057617,70000,0.0,0.0
2025-04-09 00:00:00-04:00,22.749762495108104,23.168468702401118,22.554364845267823,23.075422286987305,168400,0.0,0.0
2025-04-10 00:00:00-04:00,22.926548223780326,22.973072317811873,22.68462825895445,22.721847534179688,55700,0.0,0.0
2025-04-11 00:00:00-04:00,22.786978374516348,22.87071996495695,22.340357741974888,22.44270896911621,37200,0.0,0.0
2025-04-14 00:00:00-04:00,22.563669707918546,22.9823776907341,22.53575525082659,22.91724395751953,81200,0.0,0.0
2025-04-15 00:00:00-04:00,23.047508826878435,23.121945601754916,22.852111183632232,22.973072052001953,40000,0.0,0.0
2025-04-16 00:00:00-04:00,23.04750714603535,23.185214193421952,22.935851104507297,22.99167823791504,32200,0.0,0.0
2025-04-17 00:00:00-04:00,23.140556564698425,23.17777406691222,22.98237818718598,23.047510147094727,14500,0.0,0.0
2025-04-21 00:00:00-04:00,23.038203784531486,23.07542128425208,22.703237413482725,23.066118240356445,56200,0.0,0.0
2025-04-22 00:00:00-04:00,23.112641924771875,23.112641924771875,22.9451587293483,22.982378005981445,32300,0.0,0.0
2025-04-23 00:00:00-04:00,23.121944977898185,23.261513705186772,23.08472570410781,23.205686569213867,16800,0.0,0.0
2025-04-24 00:00:00-04:00,23.35456203502904,23.382474717953986,23.252210798403432,23.31734275817871,12700,0.0,0.0
2025-04-25 00:00:00-04:00,23.40108339673592,23.40108339673592,23.188007837230252,23.26151466369629,37300,0.0,0.0
2025-04-28 00:00:00-04:00,23.3359499349352,23.3359499349352,23.159161937970794,23.233598709106445,19300,0.0,0.0
2025-04-29 00:00:00-04:00,23.224293890875412,23.252208345568512,23.14985711973976,23.233598709106445,30600,0.0,0.0
2025-04-30 00:00:00-04:00,23.214992978765316,23.214992978765316,23.028900146484375,23.028900146484375,45100,0.0,0.0
2025-05-01 00:00:00-04:00,23.066120920763808,23.12194806418845,22.898637715776978,23.05681610107422,17300,0.0,0.0
2025-05-02 00:00:00-04:00,23.094031698682805,23.168468475341797,23.03820455986675,23.168468475341797,18000,0.0,0.0
2025-05-05 00:00:00-04:00,23.084726288054895,23.242904656239922,23.07542146937193,23.131250381469727,27600,0.0,0.0
2025-05-06 00:00:00-04:00,23.214991981741516,23.242904663085938,23.094031113540026,23.242904663085938,14900,0.0,0.0
2025-05-07 00:00:00-04:00,23.20568675538412,23.401082620213202,23.131249981918852,23.27081871032715,33200,0.0,0.0
2025-05-08 00:00:00-04:00,23.326647212532247,23.391779171288775,23.16846883781806,23.18707847595215,26700,0.0,0.0
2025-05-09 00:00:00-04:00,23.26151430045735,23.26151430045735,23.168467888312982,23.242904663085938,12500,0.0,0.0
2025-05-12 00:00:00-04:00,23.27081970876519,23.419693262083168,23.12194615544721,23.168468475341797,60100,0.0,0.0
2025-05-13 00:00:00-04:00,23.168467881488894,23.25220947492289,23.112640744103796,23.131250381469727,8500,0.0,0.0
2025-05-14 00:00:00-04:00,23.16846774110488,23.16846774110488,23.010289373878297,23.019594192504883,27100,0.0,0.0
2025-05-15 00:00:00-04:00,23.084726518014566,23.16846811228276,22.982377060907776,23.149858474731445,41500,0.0,0.0
2025-05-16 00:00:00-04:00,23.168470566280696,23.168470566280696,23.05681627857186,23.1219482421875,40200,0.0,0.0
2025-05-19 00:00:00-04:00,23.103335385282403,23.168467339827732,23.066117886133355,23.159162521362305,36500,0.0,0.0
2025-05-20 00:00:00-04:00,23.22429428828733,23.363864789428533,23.02889842622987,23.094030380249023,85500,0.0,0.0
2025-05-21 00:00:00-04:00,23.04750923284489,23.131250827895073,22.74976212809435,22.83350372314453,31200,0.0,0.0
2025-05-22 00:00:00-04:00,22.833503867732713,23.168468475341797,22.81489422988978,23.168468475341797,30700,0.0,0.0
2025-05-23 00:00:00-04:00,23.11263997298301,23.159162290132993,22.935851973330337,23.140554428100586,18700,0.0,0.0
2025-05-27 00:00:00-04:00,23.242904299555935,23.30803625462449,23.140554845039354,23.224294662475586,25200,0.0,0.0
2025-05-28 00:00:00-04:00,23.29873553935412,23.317343403581532,23.084728240966797,23.084728240966797,24600,0.0,0.0
2025-05-29 00:00:00-04:00,23.168466473491453,23.233598425601308,23.06611702362422,23.135900497436523,18200,0.0,0.0
2025-05-30 00:00:00-04:00,23.140556382246732,23.308037802957518,22.982378005981445,22.982378005981445,189500,0.0,0.0
2025-06-02 00:00:00-04:00,23.066118432195605,23.242904663085938,23.038203976138483,23.242904663085938,81500,0.0,0.0
2025-06-03 00:00:00-04:00,23.261513484131683,23.354559893010737,23.261513484131683,23.29873275756836,49100,0.0,0.0
2025-06-04 00:00:00-04:00,23.26151253960123,23.401081259896326,23.26151253960123,23.35455894470215,20800,0.0,0.0
2025-06-05 00:00:00-04:00,23.401083717939517,23.536000930771888,23.355491347340696,23.438302993774414,69500,0.0,0.0
2025-06-06 00:00:00-04:00,23.512739770731454,23.54065245289487,23.38247408002207,23.438302993774414,30500,0.0,0.0
2025-06-09 00:00:00-04:00,23.428998766390944,23.54995786648303,23.382474670422603,23.475521087646484,21500,0.0,0.0
2025-06-10 00:00:00-04:00,23.568567686555955,23.568567686555955,23.4755212686148,23.540653228759766,17800,0.0,0.0
2025-06-11 00:00:00-04:00,23.5406526362998,23.605786369518324,23.401083900257067,23.503435134887695,18900,0.0,0.0
2025-06-12 00:00:00-04:00,23.577871501761933,23.577871501761933,23.45691063117568,23.531349182128906,34300,0.0,0.0
2025-06-13 00:00:00-04:00,23.53419020309527,23.657355459010343,23.448921253968862,23.61945915222168,56900,0.453,0.0
2025-06-16 00:00:00-04:00,23.68577791972707,23.827892225829142,23.619458030684864,23.780521392822266,47200,0.0,0.0
2025-06-17 00:00:00-04:00,23.77104784380362,23.903687627350735,23.685778895214327,23.86579132080078,35400,0.0,0.0
2025-06-18 00:00:00-04:00,23.94158626872902,24.055276997966494,23.884739097028724,23.932111740112305,47500,0.0,0.0
2025-06-20 00:00:00-04:00,23.998433060037932,24.12159832521421,23.92263863367984,24.036331176757812,195400,0.0,0.0
2025-06-23 00:00:00-04:00,24.055277598921773,24.083701185482006,23.91316328028381,24.04580307006836,25900,0.0,0.0
2025-06-24 00:00:00-04:00,24.131070562265343,24.131070562265343,24.00695839808456,24.06475067138672,74900,0.0,0.0
2025-06-25 00:00:00-04:00,24.02685395720219,24.02685395720219,23.856316065221815,23.87526512145996,28700,0.0,0.0
2025-06-26 00:00:00-04:00,23.87526584920865,23.927373044829643,23.846842263985046,23.86579132080078,10300,0.0,0.0
2025-06-27 00:00:00-04:00,23.951059482114587,23.970006731226004,23.704727172851562,23.704727172851562,32100,0.0,0.0
2025-06-30 00:00:00-04:00,23.695253850176638,23.913162586235767,23.591035842895508,23.591035842895508,372300,0.0,0.0
2025-07-01 00:00:00-04:00,23.657357234659113,23.771049777721583,23.657357234659113,23.742626190185547,80100,0.0,0.0
2025-07-02 00:00:00-04:00,23.752099337465303,23.90368818134137,23.733150280210406,23.808944702148438,67300,0.0,0.0
2025-07-03 00:00:00-04:00,23.856316792392914,23.92263668416647,23.80894415035357,23.86579132080078,15400,0.0,0.0
2025-07-07 00:00:00-04:00,23.85631779723625,23.88473957657548,23.82789421081543,23.82789421081543,15000,0.0,0.0
2025-07-08 00:00:00-04:00,23.884738570535,23.884738570535,23.78052237221149,23.86579132080078,29700,0.0,0.0
2025-07-09 00:00:00-04:00,23.951058434825292,23.951058434825292,23.837365909720834,23.91316032409668,24700,0.0,0.0
2025-07-10 00:00:00-04:00,23.903688430786133,23.960535603144052,23.875266651688754,23.903688430786133,48300,0.0,0.0
2025-07-11 00:00:00-04:00,23.960534343792435,23.970007064939296,23.84684181213379,23.84684181213379,24200,0.0,0.0
2025-07-14 00:00:00-04:00,23.875266402540582,23.875266402540582,23.761573866092753,23.808944702148438,33500,0.0,0.0
2025-07-15 00:00:00-04:00,23.808944702148438,23.827893759403334,23.79947198060255,23.808944702148438,19500,0.0,0.0
2025-07-16 00:00:00-04:00,23.865792326043195,23.89421410538242,23.771048845055375,23.82789421081543,27300,0.0,0.0
2025-07-17 00:00:00-04:00,23.827893031145493,23.920740878942578,23.79947125321337,23.818418502807617,28400,0.0,0.0
2025-07-18 00:00:00-04:00,23.865792326043195,23.875266854850135,23.78999790266926,23.82789421081543,18700,0.0,0.0
2025-07-21 00:00:00-04:00,23.90368717442237,23.90368717442237,23.84684181213379,23.84684181213379,18900,0.0,0.0
2025-07-22 00:00:00-04:00,23.808944702148438,23.85726425602396,23.79947198060255,23.808944702148438,61900,0.0,0.0
2025-07-23 00:00:00-04:00,23.82789421081543,23.88473957657548,23.78052337386232,23.82789421081543,46600,0.0,0.0
2025-07-24 00:00:00-04:00,23.82789421081543,23.875266854850135,23.78052337386232,23.82789421081543,18700,0.0,0.0
2025-07-25 00:00:00-04:00,23.86579152164937,23.922636885493457,23.789997100830078,23.789997100830078,29000,0.0,0.0
2025-07-28 00:00:00-04:00,23.83736675384681,23.83736675384681,23.74262328075161,23.780521392822266,41700,0.0,0.0
2025-07-29 00:00:00-04:00,23.79947198060255,23.827893759403334,23.78052292334765,23.808944702148438,13800,0.0,0.0
2025-07-30 00:00:00-04:00,23.83736793618656,23.856316993161766,23.74262445839206,23.789997100830078,22300,0.0,0.0
2025-07-31 00:00:00-04:00,23.827892028974798,23.913160973347882,23.742623084601714,23.85631561279297,89700,0.0,0.0
2025-08-01 00:00:00-04:00,23.865790593340886,23.881897110435165,23.83736700898367,23.87526512145996,13000,0.0,0.0
2025-08-04 00:00:00-04:00,23.922637662393416,24.06475198015963,23.88473954721224,23.951061248779297,36700,0.0,0.0
2025-08-05 00:00:00-04:00,23.988956689717238,23.988956689717238,23.875265962446637,23.936847686767578,16100,0.0,0.0
2025-08-06 00:00:00-04:00,23.988956827879054,23.988956827879054,23.90368787839424,23.960535049438477,11500,0.0,0.0
2025-08-07 00:00:00-04:00,24.026853108303026,24.0931729957119,23.96053322089415,24.007904052734375,17800,0.0,0.0
2025-08-08 00:00:00-04:00,24.0931747838298,24.159494676160723,24.07422572685481,24.131071090698242,16400,0.0,0.0
2025-08-11 00:00:00-04:00,24.150018044427593,24.206863403320312,24.131068989102893,24.206863403320312,16800,0.0,0.0
2025-08-12 00:00:00-04:00,24.187917985162024,24.206865234838915,24.145283510996368,24.159494400024414,33800,0.0,0.0
2025-08-13 00:00:00-04:00,24.187917985162024,24.235288819976525,24.159494400024414,24.159494400024414,55100,0.0,0.0
2025-08-14 00:00:00-04:00,24.216339639405817,24.330032172293457,24.205918200366433,24.28265953063965,13100,0.0,0.0
2025-08-15 00:00:00-04:00,24.320557643962697,24.320557643962697,24.235288696067343,24.28265953063965,8200,0.0,0.0
2025-08-18 00:00:00-04:00,24.311081838618836,24.36792719853593,24.30160731078575,24.348979949951172,14900,0.0,0.0
2025-08-19 00:00:00-04:00,24.377402784966005,24.52899162271532,24.36319189613997,24.48162078857422,30000,0.0,0.0
2025-08-20 00:00:00-04:00,24.519519942615393,24.557418059995644,24.339509306304286,24.39635467529297,33800,0.0,0.0
2025-08-21 00:00:00-04:00,24.434250631322914,24.434250631322914,24.254238203853248,24.30160903930664,13200,0.0,0.0
2025-08-22 00:00:00-04:00,24.41530124501835,24.41530124501835,24.159494400024414,24.159494400024414,43300,0.0,0.0
2025-08-25 00:00:00-04:00,24.225814946818492,24.2589748935018,24.06948974203739,24.102649688720703,26300,0.0,0.0
2025-08-26 00:00:00-04:00,24.102650169410737,24.138652656110853,23.960535851207787,23.998432159423828,43100,0.0,0.0
2025-08-27 00:00:00-04:00,24.036328893628163,24.09317425622677,24.036328893628163,24.06475067138672,14000,0.0,0.0
2025-08-28 00:00:00-04:00,24.093175298982917,24.20686602910068,24.065698623657227,24.065698623657227,13200,0.0,0.0
2025-08-29 00:00:00-04:00,24.187917655077538,24.187917655077538,23.951059870074324,24.017379760742188,55800,0.0,0.0
2025-09-02 00:00:00-04:00,24.01737983706813,24.216339509704,24.01737983706813,24.06475067138672,11200,0.0,0.0
2025-09-03 00:00:00-04:00,24.140546521507332,24.19739369455712,24.083701155539146,24.168970108032227,18900,0.0,0.0
2025-09-04 00:00:00-04:00,24.15002051928331,24.481621793122006,24.15002051928331,24.443723678588867,38800,0.0,0.0
2025-09-05 00:00:00-04:00,24.585838792182432,24.623735098079017,24.443722675596145,24.48162078857422,23300,0.0,0.0
2025-09-08 00:00:00-04:00,24.491095041624273,24.595311236979974,24.491095041624273,24.51004409790039,19400,0.0,0.0
2025-09-09 00:00:00-04:00,24.566891722610574,24.566891722610574,24.367930227547088,24.528993606567383,21100,0.0,0.0
2025-09-10 00:00:00-04:00,24.59531231991982,24.59531231991982,24.491096119975445,24.51951789855957,8200,0.0,0.0
2025-09-11 00:00:00-04:00,24.519518321492274,24.794274233088355,24.519518321492274,24.66163444519043,30300,0.0,0.0
2025-09-12 00:00:00-04:00,24.66163346520984,24.68058071481265,24.557415460527594,24.576364517211914,12000,0.0,0.0
2025-09-15 00:00:00-04:00,24.897466008620544,24.916751861572266,24.77211164283469,24.916751861572266,23000,0.453,0.0
2025-09-16 00:00:00-04:00,24.916752513001832,24.916752513001832,24.82032508492237,24.8974666595459,4600,0.0,0.0
2025-09-17 00:00:00-04:00,24.974608072390723,25.047892843688384,24.87818064493589,25.013179779052734,9000,0.0,0.0
2025-09-18 00:00:00-04:00,25.090322924804145,25.090322924804145,24.50211723576536,24.82996940612793,33300,0.0,0.0
2025-09-19 00:00:00-04:00,24.858895671431423,24.897465537404717,24.79139518737793,24.79139518737793,16900,0.0,0.0
2025-09-22 00:00:00-04:00,24.82996684825336,24.887822566710145,24.82996684825336,24.849252700805664,16800,0.0,0.0
2025-09-23 00:00:00-04:00,24.82996838264909,25.071036036849566,24.78175558748909,25.05175018310547,31400,0.0,0.0
2025-09-24 00:00:00-04:00,25.051748387563066,25.10960594464851,24.926394025611494,24.993892669677734,22200,0.0,0.0
2025-09-25 00:00:00-04:00,25.051748001226287,25.051748001226287,24.81068036802157,24.839609146118164,15700,0.0,0.0
2025-09-26 00:00:00-04:00,24.974607063995393,24.974607063995393,24.8010380694249,24.849252700805664,9700,0.0,0.0
2025-09-29 00:00:00-04:00,24.849252994296478,24.945680418996766,24.62747120492592,24.64675521850586,25800,0.0,0.0
2025-09-30 00:00:00-04:00,24.64675521850586,24.89746578704655,24.56961364658566,24.64675521850586,51300,0.0,0.0
2025-10-01 00:00:00-04:00,24.73354009550183,24.85889630129153,24.694970228551277,24.80103874206543,21100,0.0,0.0
2025-10-02 00:00:00-04:00,24.75282601698687,24.867573716462122,24.75282601698687,24.757646560668945,12300,0.0,0.0
2025-10-03 00:00:00-04:00,24.878180897743935,24.907109678034416,24.85889688341717,24.868539810180664,33700,0.0,0.0
2025-10-06 00:00:00-04:00,24.89746731148046,24.955323034162994,24.839611588797933,24.87818145751953,30800,0.0,0.0
2025-10-07 00:00:00-04:00,24.839609257291112,24.89264443110553,24.772110613963704,24.781753540039062,38500,0.0,0.0
2025-10-08 00:00:00-04:00,24.810682342669697,24.810682342669697,24.77789675939088,24.796218872070312,11800,0.0,0.0
2025-10-09 00:00:00-04:00,24.810682669662857,24.810682669662857,24.521402218661215,24.608186721801758,23600,0.0,0.0
2025-10-10 00:00:00-04:00,24.646755468551547,24.704613027478786,24.50211524963379,24.50211524963379,21200,0.0,0.0
2025-10-13 00:00:00-04:00,24.550329300754363,24.588901008682146,24.511759432026842,24.52140235900879,14200,0.0,0.0
2025-10-14 00:00:00-04:00,24.492472323145915,24.550328042872984,24.44425952990672,24.50211524963379,31900,0.0,0.0
2025-10-15 00:00:00-04:00,24.559972344808262,24.632293377917463,24.35747639482293,24.463546752929688,32100,0.0,0.0
2025-10-16 00:00:00-04:00,24.463544867721616,24.49150806650747,24.338188665219224,24.434616088867188,17000,0.0,0.0
2025-10-17 00:00:00-04:00,24.405689332187805,24.45390396760676,24.367119463052926,24.37676239013672,34700,0.0,0.0
2025-10-20 00:00:00-04:00,24.4731872600069,24.49247311360507,24.386404597215595,24.396045684814453,72800,0.0,0.0
2025-10-21 00:00:00-04:00,24.453903221897523,24.492473089856233,24.415331514738586,24.42497444152832,48800,0.0,0.0
2025-10-22 00:00:00-04:00,24.415331538412623,24.463546172408044,24.36711874361743,24.396045684814453,37300,0.0,0.0
2025-10-23 00:00:00-04:00,24.39604512485315,24.434616831164156,24.367118184320084,24.386404037475586,20900,0.0,0.0
2025-10-24 00:00:00-04:00,24.424973184740434,24.434616111033993,24.39604440585976,24.40568733215332,5900,0.0,0.0
2025-10-27 00:00:00-04:00,24.453904550130908,24.453904550130908,24.38640589813675,24.400869369506836,22600,0.0,0.0
2025-10-28 00:00:00-04:00,24.434616831164156,24.434616831164156,24.376761110897835,24.386404037475586,23800,0.0,0.0
2025-10-29 00:00:00-04:00,24.415331538412623,24.53104482080141,24.386404597215595,24.396045684814453,102800,0.0,0.0
2025-10-30 00:00:00-04:00,24.347832308622372,24.396045102266303,24.33722564115672,24.371938705444336,46900,0.0,0.0
2025-10-31 00:00:00-04:00,24.396044518564608,24.531043648097945,24.338188799736113,24.34783172607422,212500,0.0,0.0
2025-11-03 00:00:00-05:00,24.347831209040862,24.386402913574205,24.251403786907613,24.280332565307617,142300,0.0,0.0
2025-11-04 00:00:00-05:00,24.212835197320487,24.28033384461016,24.19354934403767,24.27069091796875,76300,0.0,0.0
2025-11-05 00:00:00-05:00,24.270691453804517,24.34783302943869,24.270691453804517,24.309261322021484,37500,0.0,0.0
2025-11-06 00:00:00-05:00,24.309261900550183,24.424975186355386,24.280334958499097,24.37676239013672,68000,0.0,0.0
2025-11-07 00:00:00-05:00,24.299618063991606,24.49247106625181,24.289975137998585,24.48282814025879,33600,0.0,0.0
2025-11-10 00:00:00-05:00,24.550328557020748,24.608186117159676,24.50211576277185,24.56961441040039,44000,0.0,0.0
2025-11-11 00:00:00-05:00,24.588899726021072,24.588899726021072,24.511758153389795,24.531044006347656,16600,0.0,0.0
2025-11-12 00:00:00-05:00,24.531045771135688,24.617830276489258,24.531045771135688,24.617830276489258,38400,0.0,0.0
2025-11-13 00:00:00-05:00,24.617828032211317,24.617828032211317,24.40568733215332,24.40568733215332,17100,0.0,0.0
2025-11-14 00:00:00-05:00,24.396046263734302,24.482830767785238,24.35747639482293,24.463546752929688,18600,0.0,0.0
2025-11-17 00:00:00-05:00,24.473187236276765,24.527187994139325,24.415331514738586,24.42497444152832,26300,0.0,0.0
2025-11-18 00:00:00-05:00,24.50211662184106,24.50211662184106,24.396046263734302,24.463546752929688,15300,0.0,0.0
2025-11-19 00:00:00-05:00,24.521399844230874,24.550326783009865,24.405686571514693,24.48282814025879,40800,0.0,0.0
2025-11-20 00:00:00-05:00,24.48283095906366,24.531045594579908,24.318904876708984,24.318904876708984,30500,0.0,0.0
2025-11-21 00:00:00-05:00,24.463544889914665,24.579256327037086,24.318902834711437,24.40568733215332,14900,0.0,0.0
2025-11-24 00:00:00-05:00,24.36711874361743,24.49247311360507,24.34783289001926,24.396045684814453,14100,0.0,0.0
2025-11-25 00:00:00-05:00,24.463545139108398,24.463545139108398,24.241761510497682,24.26104736328125,130500,0.0,0.0
2025-11-26 00:00:00-05:00,24.270690267229384,24.376760618240763,24.270690267229384,24.289976119995117,131700,0.0,0.0
2025-11-28 00:00:00-05:00,24.309261949605737,24.338190730915485,24.280335007496273,24.318904876708984,27800,0.0,0.0
2025-12-01 00:00:00-05:00,24.261047991327338,24.34783249189983,24.24176213804452,24.27069091796875,47800,0.0,0.0
2025-12-02 00:00:00-05:00,24.270691453804517,24.338190102584388,24.241762673241613,24.309261322021484,59900,0.0,0.0
2025-12-03 00:00:00-05:00,24.309259393119266,24.34783109747587,24.29961830623021,24.33818817138672,38200,0.0,0.0
2025-12-04 00:00:00-05:00,24.31890359745185,24.357475303835848,24.309260670855853,24.32854652404785,37100,0.0,0.0
2025-12-05 00:00:00-05:00,24.33819005494294,24.424974557261535,24.328547128107516,24.36711883544922,25100,0.0,0.0
2025-12-08 00:00:00-05:00,24.34783302943869,24.414367937293203,24.294797851340153,24.309261322021484,74800,0.0,0.0
2025-12-09 00:00:00-05:00,24.31890359745185,24.43461687740365,24.31890359745185,24.32854652404785,69900,0.0,0.0
2025-12-10 00:00:00-05:00,24.38640468912007,24.444260410932387,24.347832981778367,24.36711883544922,36200,0.0,0.0
2025-12-11 00:00:00-05:00,24.367117444073653,24.434616088867188,24.367117444073653,24.434616088867188,32000,0.0,0.0
2025-12-12 00:00:00-05:00,24.41533025844688,24.434616111033993,24.351688416269507,24.40568733215332,42300,0.0,0.0
2025-12-15 00:00:00-05:00,24.53627358716281,24.605002345824502,24.51663626391141,24.52645492553711,56800,0.453,0.0
2025-12-16 00:00:00-05:00,24.536274595447587,24.624640680991966,24.536274595447587,24.605003356933594,22500,0.0,0.0
2025-12-17 00:00:00-05:00,24.634458973699815,24.644277635581798,24.575548875126177,24.595184326171875,24300,0.0,0.0
2025-12-18 00:00:00-05:00,24.595184631370614,24.703188040694375,24.595184631370614,24.654096603393555,21600,0.0,0.0
2025-12-19 00:00:00-05:00,24.634458973699815,24.673731748509482,24.595184326171875,24.595184326171875,32900,0.0,0.0
2025-12-22 00:00:00-05:00,24.60500372551904,24.634459712047853,24.59518506334277,24.614822387695312,40100,0.0,0.0
2025-12-23 00:00:00-05:00,24.585366833598133,24.6442769304863,24.555910848794944,24.57554817199707,63500,0.0,0.0
2025-12-24 00:00:00-05:00,24.55591222321672,24.683551085738202,24.55591222321672,24.663915634155273,22800,0.0,0.0
2025-12-26 00:00:00-05:00,24.673731956610496,24.722825266434473,24.630532091227334,24.703187942504883,23400,0.0,0.0
2025-12-29 00:00:00-05:00,24.693369009198094,24.722824994768807,24.62464024891803,24.644277572631836,29700,0.0,0.0
2025-12-30 00:00:00-05:00,24.614820945683107,24.6933683657734,24.565729510396007,24.57554817199707,141300,0.0,0.0
2025-12-31 00:00:00-05:00,24.55591047978184,24.63445789869176,24.546091818328325,24.56572914123535,47900,0.0,0.0
2026-01-02 00:00:00-05:00,24.60500218798297,24.654095495796543,24.595183526420254,24.6246395111084,31200,0.0,0.0
2026-01-05 00:00:00-05:00,24.624640680991966,24.722825428565532,24.605003356933594,24.605003356933594,51200,0.0,0.0
2026-01-06 00:00:00-05:00,24.61482201896278,24.654096667079525,24.585367905593518,24.605003356933594,33200,0.0,0.0
2026-01-07 00:00:00-05:00,24.60500298805386,24.659985996418357,24.58536753700816,24.595184326171875,35000,0.0,0.0
2026-01-08 00:00:00-05:00,24.595184694904408,24.64427800505034,24.575549243564332,24.605003356933594,75800,0.0,0.0
2026-01-09 00:00:00-05:00,24.614822323402148,24.67373242358758,24.614822323402148,24.663915634155273,22100,0.0,0.0
2026-01-12 00:00:00-05:00,24.64427683423383,24.663914157359258,24.614820849545684,24.6246395111084,25500,0.0,0.0
2026-01-13 00:00:00-05:00,24.65409607478168,24.771916270864775,24.63445875119508,24.742462158203125,53200,0.0,0.0
2026-01-14 00:00:00-05:00,24.70318831115528,24.742462959600566,24.663915535428306,24.7130069732666,29400,0.0,0.0
2026-01-15 00:00:00-05:00,24.693369032634738,24.830828426043595,24.693369032634738,24.799407958984375,30300,0.0,0.0
2026-01-16 00:00:00-05:00,24.830827871191403,24.830827871191403,24.713005804147762,24.732643127441406,43900,0.0,0.0
2026-01-20 00:00:00-05:00,24.693368911743164,24.762097671751985,24.66391479900696,24.693368911743164,38300,0.0,0.0
2026-01-21 00:00:00-05:00,24.742461419680144,24.742461419680144,24.663914000396513,24.722824096679688,18800,0.0,0.0
2026-01-22 00:00:00-05:00,24.80137296066663,24.80137296066663,24.673732226446663,24.76209831237793,51300,0.0,0.0
2026-01-23 00:00:00-05:00,24.69336955059101,24.791554298594455,24.69336955059101,24.76209831237793,34400,0.0,0.0
2026-01-26 00:00:00-05:00,24.77191660546806,24.80137259124583,24.68355052085302,24.75227928161621,19100,0.0,0.0
2026-01-27 00:00:00-05:00,24.752278947278175,24.781734932658072,24.742462158203125,24.742462158203125,38300,0.0,0.0
2026-01-28 00:00:00-05:00,24.752279267360695,24.791553915041774,24.68355050663709,24.776826858520508,41100,0.0,0.0
2026-01-29 00:00:00-05:00,24.791552758715632,24.821008743102553,24.732642662659973,24.771915435791016,34800,0.0,0.0
2026-01-30 00:00:00-05:00,24.742463164775998,24.82101058959961,24.742463164775998,24.82101058959961,28400,0.0,0.0
2026-02-02 00:00:00-05:00,24.82101005928083,24.96828624358865,24.78173541134899,24.90937614440918,33400,0.0,0.0
2026-02-03 00:00:00-05:00,24.84064503069962,24.919192452327763,24.713006172823228,24.742462158203125,30300,0.0,0.0
2026-02-04 00:00:00-05:00,24.742461631472434,24.84064450187876,24.742461631472434,24.830827713012695,16200,0.0,0.0
2026-02-05 00:00:00-05:00,24.84064567226025,24.897593163044874,24.78173557269723,24.81119155883789,11000,0.0,0.0
2026-02-06 00:00:00-05:00,24.791553768731827,24.889738514636793,24.742462332138473,24.8504638671875,25700,0.0,0.0
2026-02-09 00:00:00-05:00,24.78173594082864,24.840646041266766,24.771917278635897,24.82101058959961,7000,0.0,0.0
2026-02-10 00:00:00-05:00,24.830827985451954,24.889738082885742,24.821009323759952,24.889738082885742,13200,0.0,0.0
2026-02-11 00:00:00-05:00,24.850463498142293,24.88973814500833,24.81119072399449,24.84064483642578,19500,0.0,0.0
2026-02-12 00:00:00-05:00,24.791554603021382,24.938830790475865,24.791554603021382,24.82101058959961,69700,0.0,0.0
2026-02-13 00:00:00-05:00,24.899557274367055,24.899557274367055,24.801372528076172,24.801372528076172,38700,0.0,0.0
2026-02-17 00:00:00-05:00,24.860282114826727,25.095924377441406,24.80333462606142,25.095924377441406,73000,0.0,0.0
2026-02-18 00:00:00-05:00,25.027196146443714,25.135199554690754,24.96828604772636,25.007558822631836,21800,0.0,0.0
2026-02-19 00:00:00-05:00,24.987923002827305,25.027195777153292,24.889738257934972,24.997739791870117,23000,0.0,0.0
2026-02-20 00:00:00-05:00,24.997740627832144,25.04683393827919,24.909376414464084,24.968286514282227,11800,0.0,0.0
2026-02-23 00:00:00-05:00,24.968286145464884,24.98792346935363,24.82100996173585,24.958467483520508,35800,0.0,0.0
2026-02-24 00:00:00-05:00,24.978104807409256,25.02719624441284,24.850464074850688,24.958467483520508,19200,0.0,0.0
2026-02-25 00:00:00-05:00,24.987923567554567,25.06647099069996,24.88973882044326,24.90937614440918,427300,0.0,0.0
2026-02-26 00:00:00-05:00,24.909376676615963,25.007559553106734,24.811191927406867,24.82101058959961,26100,0.0,0.0
2026-02-27 00:00:00-05:00,24.821009740619584,24.821009740619584,24.457726742787187,24.644277572631836,194700,0.0,0.0
2026-03-02 00:00:00-05:00,24.57554817199707,24.683549704172336,24.546092187193878,24.57554817199707,98600,0.0,0.0
2026-03-03 00:00:00-05:00,24.46754449969219,24.546091918924017,24.202446257515444,24.261356353759766,648200,0.0,0.0
2026-03-04 00:00:00-05:00,24.30063148344275,24.476382344058344,24.11408065678451,24.42827033996582,94400,0.0,0.0
2026-03-05 00:00:00-05:00,24.35954194874596,24.506818130871636,24.31045051227682,24.43808937072754,105400,0.0,0.0
2026-03-06 00:00:00-05:00,24.40863615767675,24.40863615767675,24.09444645816887,24.359542846679688,83000,0.0,0.0
2026-03-09 00:00:00-04:00,24.19262842884485,24.280994512612402,23.8686200792699,24.231903076171875,105100,0.0,0.0
2026-03-10 00:00:00-04:00,24.251540717098898,24.54609308503197,24.251540717098898,24.49700164794922,37600,0.0,0.0
2026-03-11 00:00:00-04:00,24.447908401489258,24.673732009004244,24.379179640308028,24.447908401489258,59900,0.0,0.0
2026-03-12 00:00:00-04:00,24.37917957714502,24.49700164794922,24.3497235912644,24.49700164794922,256200,0.0,0.0
2026-03-13 00:00:00-04:00,24.559999465942383,24.600000381469727,24.5,24.540000915527344,56300,0.453,0.0
2026-03-16 00:00:00-04:00,24.600000381469727,24.639999389648438,24.459999084472656,24.510000228881836,234600,0.0,0.0
2026-03-17 00:00:00-04:00,24.530000686645508,24.790000915527344,24.5049991607666,24.719999313354492,42100,0.0,0.0
2026-03-18 00:00:00-04:00,24.6299991607666,24.7450008392334,24.510000228881836,24.540000915527344,33100,0.0,0.0
2026-03-19 00:00:00-04:00,24.520000457763672,24.6200008392334,24.459999084472656,24.5,50800,0.0,0.0
2026-03-20 00:00:00-04:00,24.579999923706055,24.579999923706055,24.040000915527344,24.170000076293945,64300,0.0,0.0
2026-03-23 00:00:00-04:00,24.190000534057617,24.530000686645508,23.950000762939453,23.989999771118164,54700,0.0,0.0
2026-03-24 00:00:00-04:00,23.969999313354492,24.149999618530273,23.850000381469727,23.8799991607666,42800,0.0,0.0
2026-03-25 00:00:00-04:00,24.100000381469727,24.170000076293945,23.899999618530273,23.899999618530273,21700,0.0,0.0
2026-03-26 00:00:00-04:00,23.799999237060547,24.117599487304688,23.799999237060547,23.84000015258789,47191,0.0,0.0
