Date,Open,High,Low,Close,Volume,Dividends,Stock Splits
2022-01-03 00:00:00-05:00,104.341198369714,106.61362032897497,103.58071052136971,103.70745849609375,1858300,0.0,0.0
2022-01-04 00:00:00-05:00,103.41776728981255,104.09677738512873,100.04987611188461,101.09102630615234,2143500,0.0,0.0
2022-01-05 00:00:00-05:00,101.80625283969114,101.80625283969114,96.32890841671542,96.56430053710938,2039200,0.0,0.0
2022-01-06 00:00:00-05:00,101.8786614621127,102.07783883817599,96.69102881981408,97.90419006347656,3186600,0.0,0.0
2022-01-07 00:00:00-05:00,98.51982961284624,99.92311978916328,96.42848090381318,98.96344757080078,2031100,0.0,0.0
2022-01-10 00:00:00-05:00,97.1799267130194,100.24905886232735,94.21944557861826,100.20378875732422,2714600,0.0,0.0
2022-01-11 00:00:00-05:00,99.6877361467891,105.08360221594396,98.61037125045482,105.07454681396484,2653600,0.0,0.0
2022-01-12 00:00:00-05:00,105.65395474065346,107.05724485685565,102.84738141549607,104.68523406982422,1501200,0.0,0.0
2022-01-13 00:00:00-05:00,105.7897766112205,106.36919803480932,102.63011808145524,103.02847290039062,1301100,0.0,0.0
2022-01-14 00:00:00-05:00,101.2539717227777,103.32721649690494,99.92311787441615,101.04574584960938,1727400,0.0,0.0
2022-01-18 00:00:00-05:00,99.66963059136792,103.45398066991619,97.90420701110843,102.62106323242188,2595900,0.0,0.0
2022-01-19 00:00:00-05:00,103.61694695835017,108.22516613842136,103.43588034646363,103.53546905517578,1995700,0.0,0.0
2022-01-20 00:00:00-05:00,103.20952461861276,105.6630133662031,99.78731517062884,100.49348449707031,2640700,0.0,0.0
2022-01-21 00:00:00-05:00,98.98155787555326,102.02352338644143,97.83176368099133,99.37085723876953,3404000,0.0,0.0
2022-01-24 00:00:00-05:00,96.87210143566153,105.59964347971516,94.85317516094436,105.5181655883789,3587700,0.0,0.0
2022-01-25 00:00:00-05:00,104.07867332462396,108.76837029641753,102.45810162993341,106.74945068359375,3457100,0.0,0.0
2022-01-26 00:00:00-05:00,106.38730602727507,109.14860966510989,102.38566786063488,102.98320007324219,1985700,0.0,0.0
2022-01-27 00:00:00-05:00,104.1239491648225,106.34204631249986,100.74700218014262,101.32642364501953,1657400,0.0,0.0
2022-01-28 00:00:00-05:00,101.08197657833507,102.5667448508595,98.60132815822696,102.47621154785156,1784600,0.0,0.0
2022-01-31 00:00:00-05:00,102.79306718628803,105.11980797516077,102.49430111162118,104.47701263427734,1020200,0.0,0.0
2022-02-01 00:00:00-05:00,105.02023865572329,108.03504544039018,104.6309392188992,106.96673583984375,1121400,0.0,0.0
2022-02-02 00:00:00-05:00,107.05724973120428,107.8267930624104,103.55355543521037,104.7667236328125,1267800,0.0,0.0
2022-02-03 00:00:00-05:00,103.84327705828366,104.92969738210432,100.87374060622034,101.2811508178711,1380400,0.0,0.0
2022-02-04 00:00:00-05:00,102.61199468221561,103.27290083185369,98.19390514280784,100.96426391601562,1254500,0.0,0.0
2022-02-07 00:00:00-05:00,101.65234674294126,103.06468566766837,100.68362585609023,101.9873275756836,804400,0.0,0.0
2022-02-08 00:00:00-05:00,101.03669883215217,104.39553454264141,100.65645484392645,103.6078872680664,802400,0.0,0.0
2022-02-09 00:00:00-05:00,104.21446133454032,106.08852876582282,103.55355519074867,106.04325866699219,777200,0.0,0.0
2022-02-10 00:00:00-05:00,103.85233208501806,106.66796122588308,102.99225537561152,103.5535659790039,861800,0.0,0.0
2022-02-11 00:00:00-05:00,103.87948825782114,104.31405775414882,100.36674521589296,101.22682189941406,1142600,0.0,0.0
2022-02-14 00:00:00-05:00,100.32147105142728,101.67949117499573,98.57415154947931,99.58814239501953,1283000,0.0,0.0
2022-02-15 00:00:00-05:00,101.4984262708011,103.73463388317691,100.50254621178998,103.58977508544922,1554100,0.0,0.0
2022-02-16 00:00:00-05:00,101.30830545977155,102.55768152211755,97.87704035514811,98.51078033447266,2191900,0.0,0.0
2022-02-17 00:00:00-05:00,99.32559599614291,99.58814739541876,94.72643262232407,94.86223602294922,1166400,0.0,0.0
2022-02-18 00:00:00-05:00,93.1692499382875,96.07541256932649,92.34538096906462,94.02027130126953,1946300,0.0,0.0
2022-02-22 00:00:00-05:00,92.49023755312676,95.01614918738565,89.93715280401875,90.71575164794922,1711200,0.0,0.0
2022-02-23 00:00:00-05:00,91.349489758164,91.68446363979889,87.9272800995577,88.42521667480469,1352700,0.0,0.0
2022-02-24 00:00:00-05:00,84.38737846955735,92.05566734059711,83.57256492880522,91.69352722167969,1580600,0.0,0.0
2022-02-25 00:00:00-05:00,88.22603758437661,93.7033881574451,87.8639044119816,93.4861068725586,1921800,0.0,0.0
2022-02-28 00:00:00-05:00,92.16430954884605,95.34207193141005,91.89270273844402,95.06141662597656,1802000,0.0,0.0
2022-03-01 00:00:00-05:00,95.4869301510599,96.7815763791431,93.25977780411745,94.48199462890625,1395300,0.0,0.0
2022-03-02 00:00:00-05:00,95.60462185453162,101.83341233448427,94.42767514464958,100.70172882080078,1919300,0.0,0.0
2022-03-03 00:00:00-05:00,100.96428289108113,102.59391006820661,99.3799258216947,101.74288177490234,1835700,0.0,0.0
2022-03-04 00:00:00-05:00,100.28527280087327,101.5889745436447,97.42438019642883,99.32560729980469,2480500,0.0,0.0
2022-03-07 00:00:00-05:00,99.81448665216341,101.36262888157209,89.80135305864671,90.0820083618164,4009300,0.0,0.0
2022-03-08 00:00:00-05:00,92.79805880056426,97.02602723646977,89.81041121774413,91.96514129638672,4720700,0.0,0.0
2022-03-09 00:00:00-05:00,95.51409539083797,100.83753253359464,94.9075146418301,98.57416534423828,2363000,0.0,0.0
2022-03-10 00:00:00-05:00,97.0079326587468,99.84166628877665,94.95279109587176,99.53385162353516,1830100,0.0,0.0
2022-03-11 00:00:00-05:00,100.4482255225876,100.47539172889913,97.13465979912554,97.43342590332031,1399800,0.0,0.0
2022-03-14 00:00:00-04:00,98.20296612169167,101.26303574493662,96.40132796737497,96.67292785644531,1586900,0.0,0.0
2022-03-15 00:00:00-04:00,96.76346575321087,101.07291855570539,96.29268844542486,100.87374114990234,1422200,0.0,0.0
2022-03-16 00:00:00-04:00,100.06798071660184,103.37249791863796,96.90832231807043,100.54781341552734,1638200,0.0,0.0
2022-03-17 00:00:00-04:00,99.72758507254268,102.08278563147542,98.60909774141267,101.24618530273438,1176600,0.488,0.0
2022-03-18 00:00:00-04:00,100.74605332704786,104.67441252942237,99.145608633419,104.27429962158203,1740900,0.0,0.0
2022-03-21 00:00:00-04:00,103.99240196664918,104.87446524325928,98.36357004442382,99.05467224121094,1154200,0.0,0.0
2022-03-22 00:00:00-04:00,99.80033187271673,101.955475933292,97.39966840820024,99.21835327148438,1653200,0.0,0.0
2022-03-23 00:00:00-04:00,98.15444010857611,99.26383916399024,96.50852532441583,97.79979705810547,1247800,0.0,0.0
2022-03-24 00:00:00-04:00,97.64519134356989,97.68156587467895,95.5809870016907,97.19961547851562,996000,0.0,0.0
2022-03-25 00:00:00-04:00,97.19051307988906,98.64546646806072,96.11748877186501,98.50906372070312,1601200,0.0,0.0
2022-03-28 00:00:00-04:00,98.8909998016584,99.61847659828099,95.93563658919504,98.0453109741211,1336900,0.0,0.0
2022-03-29 00:00:00-04:00,99.32747179211714,101.80087725226899,97.69974809001383,101.30074310302734,1422700,0.0,0.0
2022-03-30 00:00:00-04:00,100.10950570101664,100.10950570101664,95.16268755438773,95.2263412475586,1653200,0.0,0.0
2022-03-31 00:00:00-04:00,94.68073245720687,94.68073245720687,90.95242309570312,90.95242309570312,1696700,0.0,0.0
2022-04-01 00:00:00-04:00,91.23433538028561,92.45285100939256,90.37955120374433,92.13458251953125,1369500,0.0,0.0
2022-04-04 00:00:00-04:00,92.06182031491376,93.59861115228483,91.10701498159911,93.3258056640625,1289400,0.0,0.0
2022-04-05 00:00:00-04:00,93.33491513123724,93.82596092158452,89.76119877182043,90.45230102539062,1138100,0.0,0.0
2022-04-06 00:00:00-04:00,91.25251301058533,91.25251301058533,87.024069251825,87.82429504394531,2716300,0.0,0.0
2022-04-07 00:00:00-04:00,87.7515447469929,92.05273750584664,86.81492315144038,91.18885803222656,2190600,0.0,0.0
2022-04-08 00:00:00-04:00,90.8251322072366,95.39913110226571,90.8251322072366,94.61709594726562,2107900,0.0,0.0
2022-04-11 00:00:00-04:00,94.78984705786016,98.62727298353225,94.78984705786016,96.00836944580078,1748700,0.0,0.0
2022-04-12 00:00:00-04:00,96.59945409357749,99.30929078175151,95.95381483164606,96.09021759033203,1232800,0.0,0.0
2022-04-13 00:00:00-04:00,96.1265788265787,98.86370123810494,95.52641648419427,97.44512939453125,1047000,0.0,0.0
2022-04-14 00:00:00-04:00,97.40876761816381,98.85461881140662,95.04447165242979,95.62645721435547,1350800,0.0,0.0
2022-04-18 00:00:00-04:00,94.79895494041742,95.66282753408595,91.1524895991849,91.98908996582031,1160200,0.0,0.0
2022-04-19 00:00:00-04:00,92.47104470945074,99.08196189382105,92.25279750563466,98.2999267578125,1474300,0.0,0.0
2022-04-20 00:00:00-04:00,99.34566645644612,99.72758863497573,97.62700971533033,97.76341247558594,1195600,0.0,0.0
2022-04-21 00:00:00-04:00,98.99101905560036,99.60937219532163,92.91661124930285,94.22606658935547,1099100,0.0,0.0
2022-04-22 00:00:00-04:00,93.35309957543011,93.45312086256816,89.98852833595768,90.65235137939453,1549300,0.0,0.0
2022-04-25 00:00:00-04:00,89.70664192765372,93.68046434163813,89.0155396626305,93.53497314453125,1312900,0.0,0.0
2022-04-26 00:00:00-04:00,92.48012485529097,92.81658406106776,88.28805558467681,88.34262084960938,966000,0.0,0.0
2022-04-27 00:00:00-04:00,88.41536566546894,89.49747841679515,86.65123916822755,87.26959228515625,981700,0.0,0.0
2022-04-28 00:00:00-04:00,88.50631482642311,92.52560735815374,88.297162980775,92.24371337890625,1356200,0.0,0.0
2022-04-29 00:00:00-04:00,90.75238459108526,91.81631365473392,87.51512056215515,87.67880249023438,895200,0.0,0.0
2022-05-02 00:00:00-04:00,87.78793099461492,90.9342553988885,86.43301253173676,90.68873596191406,1407600,0.0,0.0
2022-05-03 00:00:00-04:00,91.82540638513197,92.94389374677351,89.55205019250647,92.05274200439453,937400,0.0,0.0
2022-05-04 00:00:00-04:00,90.84333184001792,93.61682275125187,88.13348769884283,93.3985824584961,1044400,0.0,0.0
2022-05-05 00:00:00-04:00,91.6344401872421,92.08911143483486,87.4969359967876,88.57905578613281,1019700,0.0,0.0
2022-05-06 00:00:00-04:00,85.93285625274932,87.22412078747043,82.43188942259108,84.07779693603516,2042700,0.0,0.0
2022-05-09 00:00:00-04:00,82.88656924473827,85.29632822769409,81.02241436753613,81.6043930053711,2181500,0.0,0.0
2022-05-10 00:00:00-04:00,81.8862987490544,84.56885647505153,79.65840535669548,81.6771469116211,1783900,0.0,0.0
2022-05-11 00:00:00-04:00,81.63167613553786,82.82291957143691,78.87636937056048,78.95821380615234,1712800,0.0,0.0
2022-05-12 00:00:00-04:00,78.64900791381174,85.18718079948096,78.06702943879111,81.34066009521484,2620100,0.0,0.0
2022-05-13 00:00:00-04:00,82.54102562454803,85.39636780153691,81.8408348677269,82.15910339355469,1361100,0.0,0.0
2022-05-16 00:00:00-04:00,81.1315349516761,82.80472173889943,78.70359226168618,82.20455932617188,1217500,0.0,0.0
2022-05-17 00:00:00-04:00,84.05051664650827,84.89620533928498,79.39468115304389,84.0868911743164,2327100,0.0,0.0
2022-05-18 00:00:00-04:00,75.20261859330994,76.33020823777375,70.29217486430146,72.12904357910156,7543500,0.0,0.0
2022-05-19 00:00:00-04:00,70.01937727547455,73.8477086290472,70.01937727547455,72.07449340820312,3212400,0.0,0.0
2022-05-20 00:00:00-04:00,72.6200906472278,73.42940489539059,67.40046678051064,70.49222564697266,3165700,0.0,0.0
2022-05-23 00:00:00-04:00,70.17396505367275,71.3833923470287,66.98217760122198,68.44621276855469,4127700,0.0,0.0
2022-05-24 00:00:00-04:00,66.7730095275614,66.80938405435586,63.33569652939748,64.78154754638672,6184400,0.0,0.0
2022-05-25 00:00:00-04:00,58.20700932181226,73.92954034629739,57.69777632591258,71.05601501464844,38517300,0.0,0.0
2022-05-26 00:00:00-04:00,71.61982002056763,77.14861736234276,71.60162928473173,76.91219329833984,5313100,0.0,0.0
2022-05-27 00:00:00-04:00,76.83944316947579,78.94911754466688,74.36603039765185,77.02130889892578,3863100,0.0,0.0
2022-05-31 00:00:00-04:00,76.55755123843932,77.05768547656086,72.37456997279406,73.86589813232422,3149600,0.0,0.0
2022-06-01 00:00:00-04:00,73.83860424126885,74.32056156796241,71.25607501070958,72.44731140136719,2399800,0.0,0.0
2022-06-02 00:00:00-04:00,72.98381744980465,75.27535707198783,71.80166964406902,75.19351959228516,2419200,0.0,0.0
2022-06-03 00:00:00-04:00,74.82978930808073,75.57544982228312,73.39302660533669,73.45668029785156,1607100,0.0,0.0
2022-06-06 00:00:00-04:00,73.9841148986447,74.64793111517136,71.64710468127795,74.30238342285156,1256500,0.0,0.0
2022-06-07 00:00:00-04:00,72.70193168807074,74.493337562241,71.41976234268293,73.9841079711914,1579600,0.0,0.0
2022-06-08 00:00:00-04:00,73.59308613099837,74.0204782005208,71.61071927545119,73.17478942871094,1654500,0.0,0.0
2022-06-09 00:00:00-04:00,73.23700141378697,74.02380795363746,72.0476407428329,73.37422943115234,1694700,0.488,0.0
2022-06-10 00:00:00-04:00,71.97444255440345,73.08145935398737,70.17210693737312,70.90402221679688,1855900,0.0,0.0
2022-06-13 00:00:00-04:00,68.24167981721006,69.82444347135691,66.73211605916708,67.3084945678711,1524400,0.0,0.0
2022-06-14 00:00:00-04:00,67.66530957745373,68.76318251208437,67.12552746080799,67.7385025024414,1800700,0.0,0.0
2022-06-15 00:00:00-04:00,68.305738232898,69.57743565850902,66.53084816547184,68.35147857666016,2022800,0.0,0.0
2022-06-16 00:00:00-04:00,66.39359706211451,66.88763872326189,64.23445512675632,65.56105041503906,1923000,0.0,0.0
2022-06-17 00:00:00-04:00,66.11914491360206,67.77510175430922,65.24085071778708,67.54637908935547,2424000,0.0,0.0
2022-06-21 00:00:00-04:00,68.86382091388589,69.44020653046303,67.83914778230377,68.89127349853516,1652200,0.0,0.0
2022-06-22 00:00:00-04:00,68.43383081763132,69.83361254679963,68.10446958958437,69.12914276123047,1236900,0.0,0.0
2022-06-23 00:00:00-04:00,69.32126873759567,71.37062903381954,68.90957069401328,71.2242431640625,1116400,0.0,0.0
2022-06-24 00:00:00-04:00,72.36786080766468,78.54337370115168,71.96531360253198,77.20763397216797,3622700,0.0,0.0
2022-06-27 00:00:00-04:00,76.457415078769,77.32655844673069,73.31018885530324,73.74018859863281,2339200,0.0,0.0
2022-06-28 00:00:00-04:00,73.81338327561527,74.49040045130872,69.64148384260601,70.75764465332031,1840600,0.0,0.0
2022-06-29 00:00:00-04:00,70.14467258067715,71.20594920796688,68.61680669351652,69.9708480834961,2003700,0.0,0.0
2022-06-30 00:00:00-04:00,68.37892902745234,70.4374331043751,67.39999625674045,68.95531463623047,1979700,0.0,0.0
2022-07-01 00:00:00-04:00,69.14745594625167,70.88575005349712,67.99469145701637,70.30936431884766,2186800,0.0,0.0
2022-07-05 00:00:00-04:00,69.20233710459313,74.17019425198812,68.18680779412666,74.11530303955078,1310500,0.0,0.0
2022-07-06 00:00:00-04:00,73.99635293444973,74.23422645682312,70.98636187155147,72.2306137084961,1229900,0.0,0.0
2022-07-07 00:00:00-04:00,73.20954717213081,76.9423027212884,72.82529477208682,76.52145385742188,1630100,0.0,0.0
2022-07-08 00:00:00-04:00,76.42996742458425,77.65591757219799,75.85358881519207,76.80506896972656,971700,0.0,0.0
2022-07-11 00:00:00-04:00,78.25973330514043,79.37590081907884,76.49399438129997,76.64037322998047,2068100,0.0,0.0
2022-07-12 00:00:00-04:00,77.18018195965188,80.05293827180066,76.85082074092864,77.49124145507812,2403400,0.0,0.0
2022-07-13 00:00:00-04:00,76.22869523417499,80.05293875924784,75.99997255200572,79.8516616821289,1721500,0.0,0.0
2022-07-14 00:00:00-04:00,78.65314669638701,79.75101263409948,78.28718905712904,79.36676025390625,1513100,0.0,0.0
2022-07-15 00:00:00-04:00,80.3457019397799,81.0593155773631,79.1380464807786,80.73910522460938,1560600,0.0,0.0
2022-07-18 00:00:00-04:00,81.32463463554696,83.01718105266097,81.32463463554696,81.58080291748047,1394600,0.0,0.0
2022-07-19 00:00:00-04:00,83.05377618988841,84.80122076807535,81.91931368230638,84.06930541992188,1280700,0.0,0.0
2022-07-20 00:00:00-04:00,84.16993933515026,87.03354454101306,83.60270462246073,86.89631652832031,1484800,0.0,0.0
2022-07-21 00:00:00-04:00,86.33822061984843,87.10672530385716,84.45354140799998,87.05183410644531,998900,0.0,0.0
2022-07-22 00:00:00-04:00,87.96672648430508,89.32076056954978,85.81673511944894,86.92375183105469,1317400,0.0,0.0
2022-07-25 00:00:00-04:00,87.02441029975122,87.15249444582656,84.4261169506604,85.51483917236328,1330600,0.0,0.0
2022-07-26 00:00:00-04:00,82.19377136230469,83.06292165427195,80.92207393706424,82.19377136230469,1412800,0.0,0.0
2022-07-27 00:00:00-04:00,83.09037302327809,84.03270932665704,80.83974274082276,83.57526397705078,830600,0.0,0.0
2022-07-28 00:00:00-04:00,83.3191023413454,85.6154801338828,82.14804326979151,85.4050521850586,1163800,0.0,0.0
2022-07-29 00:00:00-04:00,85.37758589407441,86.04545906717107,84.20652710623571,85.62460327148438,964500,0.0,0.0
2022-08-01 00:00:00-04:00,84.86526283112697,88.36928888848115,84.30717894871604,87.93014526367188,1219000,0.0,0.0
2022-08-02 00:00:00-04:00,87.48185800639455,87.48185800639455,85.54228705970489,85.56973266601562,1020900,0.0,0.0
2022-08-03 00:00:00-04:00,85.96311800377553,89.83310822590762,85.68865501798918,89.2750244140625,1585000,0.0,0.0
2022-08-04 00:00:00-04:00,89.04632020128821,90.217379268526,88.26866444383148,88.58887481689453,930200,0.0,0.0
2022-08-05 00:00:00-04:00,87.78375843131866,90.62906901999561,87.20737981260677,89.24758911132812,1160600,0.0,0.0
2022-08-08 00:00:00-04:00,90.4003455972637,94.63629390072427,90.00694232679231,93.0077896118164,1509600,0.0,0.0
2022-08-09 00:00:00-04:00,92.2209951686189,92.30333198995355,88.98228090826194,89.75078582763672,1117900,0.0,0.0
2022-08-10 00:00:00-04:00,93.18161532855994,94.23374101748603,92.06544757057203,93.2914047241211,1364200,0.0,0.0
2022-08-11 00:00:00-04:00,94.6362958939567,97.54564858847115,94.40757321979694,96.1641616821289,1635900,0.0,0.0
2022-08-12 00:00:00-04:00,96.9783992940889,98.22265101324814,96.19159285461878,98.11286163330078,803400,0.0,0.0
2022-08-15 00:00:00-04:00,97.99395549505222,99.01863571797708,97.00587174223858,98.2867202758789,884000,0.0,0.0
2022-08-16 00:00:00-04:00,99.32967629057843,105.72475989591773,99.19244129886317,103.24540710449219,2157500,0.0,0.0
2022-08-17 00:00:00-04:00,101.40647739941761,103.9864757613611,100.82094793544884,102.70562744140625,1707600,0.0,0.0
2022-08-18 00:00:00-04:00,102.50436280261718,103.0350011249199,101.1594722526711,102.89776611328125,925800,0.0,0.0
2022-08-19 00:00:00-04:00,103.3826439076899,103.3826439076899,101.10456813352181,101.5986099243164,1178800,0.0,0.0
2022-08-22 00:00:00-04:00,99.56756125337452,101.81819164394192,98.84479672867022,100.97649383544922,2459100,0.0,0.0
2022-08-23 00:00:00-04:00,103.95904551666673,105.6607430682501,99.43033856878206,101.68096923828125,5546700,0.0,0.0
2022-08-24 00:00:00-04:00,101.1869060091462,102.05605632769776,98.09457807866433,98.86308288574219,2054500,0.0,0.0
2022-08-25 00:00:00-04:00,98.87223984238605,101.74499614510616,98.46968569192059,100.8392562866211,1237600,0.0,0.0
2022-08-26 00:00:00-04:00,100.25371126860311,100.7203004380004,96.8960645206773,97.6554183959961,1102800,0.0,0.0
2022-08-29 00:00:00-04:00,96.80457755613085,98.95457617019548,95.94458509056672,97.4907455444336,951700,0.0,0.0
2022-08-30 00:00:00-04:00,98.83564997977109,100.18054054499336,97.98480127402206,99.13756561279297,1826400,0.0,0.0
2022-08-31 00:00:00-04:00,99.11924607123342,99.1375477924034,95.47798532529382,97.3169174194336,1415400,0.0,0.0
2022-09-01 00:00:00-04:00,96.41117258504666,99.787121261171,95.62436608069216,99.54924774169922,1485400,0.0,0.0
2022-09-02 00:00:00-04:00,100.51905128391766,101.35159825391827,97.90246312666555,99.01863098144531,1261100,0.0,0.0
2022-09-06 00:00:00-04:00,99.97010768952283,100.60138453122293,95.74331695483481,96.76799011230469,1594400,0.0,0.0
2022-09-07 00:00:00-04:00,97.24372964318927,102.26647744079608,96.118411053749,101.8822250366211,1639300,0.0,0.0
2022-09-08 00:00:00-04:00,100.59389735818709,104.19605218648712,100.1528138843538,104.094970703125,1271400,0.488,0.0
2022-09-09 00:00:00-04:00,104.14093179783043,107.22849545043604,103.36903737928664,107.1090316772461,1456200,0.0,0.0
2022-09-12 00:00:00-04:00,107.92687102122595,110.09551715235929,107.25606508866494,108.2209243774414,1246000,0.0,0.0
2022-09-13 00:00:00-04:00,105.72146297921498,105.74902938295882,103.35984524443995,104.64632415771484,1289700,0.0,0.0
2022-09-14 00:00:00-04:00,104.87605997594285,105.7857934200526,103.03822483181203,105.37227630615234,1068400,0.0,0.0
2022-09-15 00:00:00-04:00,105.4641715833429,107.51336094943218,104.34309798216037,105.05985260009766,1562500,0.0,0.0
2022-09-16 00:00:00-04:00,103.41497114173666,103.699833309101,101.55875395812804,102.58794403076172,2812100,0.0,0.0
2022-09-19 00:00:00-04:00,102.56957546373171,104.91281091858185,101.9538954009926,104.81172943115234,1215600,0.0,0.0
2022-09-20 00:00:00-04:00,103.74579510969352,103.88363414742291,100.6214739678942,102.57876586914062,836300,0.0,0.0
2022-09-21 00:00:00-04:00,103.37821793839186,104.02145737902822,99.64741516113281,99.64741516113281,1072100,0.0,0.0
2022-09-22 00:00:00-04:00,99.64740861023178,99.70254141272353,96.94578911559753,97.89227294921875,2145100,0.0,0.0
2022-09-23 00:00:00-04:00,96.43121107742235,97.11120810942018,94.5749936784973,95.99012756347656,1309600,0.0,0.0
2022-09-26 00:00:00-04:00,95.5949976369307,97.230669857418,93.82148637308867,93.95013427734375,1185800,0.0,0.0
2022-09-27 00:00:00-04:00,98.42525955144907,102.5328221304421,98.33336919840986,101.6047134399414,3186400,0.0,0.0
2022-09-28 00:00:00-04:00,101.70579139356555,107.98199973772503,101.70579139356555,107.27442932128906,2241900,0.0,0.0
2022-09-29 00:00:00-04:00,106.63118377911697,107.27442320210844,103.43334790719845,103.7917251586914,2082000,0.0,0.0
2022-09-30 00:00:00-04:00,97.4512099606043,99.82201193522016,91.71715934324719,96.15553283691406,6014700,0.0,0.0
2022-10-03 00:00:00-04:00,97.44202004788853,101.88039359739359,96.8171558193198,100.91552734375,2427200,0.0,0.0
2022-10-04 00:00:00-04:00,103.3782392693527,104.19607544582075,98.95824746048775,101.13607788085938,2237000,0.0,0.0
2022-10-05 00:00:00-04:00,99.34417257033748,103.74578828468111,98.71011724496499,102.61551666259766,1710600,0.0,0.0
2022-10-06 00:00:00-04:00,102.10092427025127,104.39821802665007,101.41173614333162,103.01065063476562,1300900,0.0,0.0
2022-10-07 00:00:00-04:00,102.22039508691066,102.94634085511466,100.2814783288584,101.20958709716797,1144200,0.0,0.0
2022-10-10 00:00:00-04:00,101.11769815863376,101.57715697959586,98.34256295398293,100.75012969970703,1404600,0.0,0.0
2022-10-11 00:00:00-04:00,100.76849913671892,104.3798382789007,99.24309268034455,101.39335632324219,1305300,0.0,0.0
2022-10-12 00:00:00-04:00,101.3290361209729,104.49930590520485,99.97823319863805,102.67066192626953,1136400,0.0,0.0
2022-10-13 00:00:00-04:00,100.27228025015418,104.48091707725813,97.31336477470259,103.17605590820312,1434000,0.0,0.0
2022-10-14 00:00:00-04:00,104.59120443885843,105.04147211485152,100.80526127674459,101.04418182373047,1024200,0.0,0.0
2022-10-17 00:00:00-04:00,102.31226640350631,103.12091825340815,100.57551296883453,101.29227447509766,1048700,0.0,0.0
2022-10-18 00:00:00-04:00,103.64471361607761,105.3998425300922,100.97066012079527,102.57876586914062,1046900,0.0,0.0
2022-10-19 00:00:00-04:00,101.79769037635577,102.10093486625925,99.48202111433127,100.26309967041016,999000,0.0,0.0
2022-10-20 00:00:00-04:00,104.84849854740914,104.89444723250736,98.97661554404996,99.73931884765625,1623100,0.0,0.0
2022-10-21 00:00:00-04:00,98.85714682881711,101.33822128695759,96.73444262582865,101.0166015625,1989600,0.0,0.0
2022-10-24 00:00:00-04:00,101.20958335216639,105.57444192840471,100.55715270101231,105.0506591796875,1698500,0.0,0.0
2022-10-25 00:00:00-04:00,105.32632099949024,108.505774545961,105.2252395187853,105.6111831665039,1319600,0.0,0.0
2022-10-26 00:00:00-04:00,104.68309045722675,106.33714492807569,102.7809313211429,102.85444641113281,946900,0.0,0.0
2022-10-27 00:00:00-04:00,103.3965907364415,104.62794379300176,101.60470447257774,102.06416320800781,1314400,0.0,0.0
2022-10-28 00:00:00-04:00,101.52202491165299,107.14579643471306,99.9414854341862,106.80580139160156,1486000,0.0,0.0
2022-10-31 00:00:00-04:00,106.55769554032996,107.28364136387228,104.49932185748207,104.53607940673828,1085400,0.0,0.0
2022-11-01 00:00:00-04:00,107.32038730316292,108.43227675743222,104.74741521985904,106.28201293945312,1516700,0.0,0.0
2022-11-02 00:00:00-04:00,105.69389396304305,107.06308616609576,102.18362918763587,102.30309295654297,1192600,0.0,0.0
2022-11-03 00:00:00-04:00,101.88958696051584,104.01229150877482,100.07013393147707,103.51607513427734,885900,0.0,0.0
2022-11-04 00:00:00-04:00,104.71066011316233,105.4641722819835,99.61986266209313,101.1728286743164,1169600,0.0,0.0
2022-11-07 00:00:00-05:00,101.58631856802579,101.99982858228937,98.40685828236792,99.2614517211914,943400,0.0,0.0
2022-11-08 00:00:00-05:00,99.7577058039611,100.10689902573893,93.62852627177224,94.93338775634766,1838500,0.0,0.0
2022-11-09 00:00:00-05:00,93.89501725148484,97.39609168311365,93.5274487443323,93.88582611083984,1752400,0.0,0.0
2022-11-10 00:00:00-05:00,98.74687575073922,103.68146535166622,98.25985058739326,102.05497741699219,1904800,0.0,0.0
2022-11-11 00:00:00-05:00,102.41334798203957,102.64307734674651,98.50794878202163,99.66578674316406,1781300,0.0,0.0
2022-11-14 00:00:00-05:00,98.6274400078344,100.02419184952463,96.28419703088076,96.45879364013672,1946600,0.0,0.0
2022-11-15 00:00:00-05:00,99.76687585508381,101.52201170086116,98.18633658328844,98.4344482421875,1696600,0.0,0.0
2022-11-16 00:00:00-05:00,93.91337919854263,94.15229974591416,90.18257585557902,91.00041198730469,3166600,0.0,0.0
2022-11-17 00:00:00-05:00,90.43068339966061,94.7863508133653,90.06311496149313,94.10635375976562,2674300,0.0,0.0
2022-11-18 00:00:00-05:00,96.94579479005142,100.59389833183852,96.70687428062986,100.24470520019531,2702100,0.0,0.0
2022-11-21 00:00:00-05:00,100.03336294496644,100.06092934915976,96.74363650273195,98.26904296875,3202800,0.0,0.0
2022-11-22 00:00:00-05:00,98.8571501640401,108.65280744808713,96.72526176184489,108.21173095703125,6418100,0.0,0.0
2022-11-23 00:00:00-05:00,108.75390210261278,109.97606425551257,106.1349882112456,109.33282470703125,1975100,0.0,0.0
2022-11-25 00:00:00-05:00,108.8090334452662,112.26415848027408,108.23930202475624,111.82308197021484,1121100,0.0,0.0
2022-11-28 00:00:00-05:00,111.37281599397998,112.56741173919988,108.48741514373188,109.33282470703125,1585700,0.0,0.0
2022-11-29 00:00:00-05:00,108.76307886643939,109.829019550288,106.2176733950601,108.50578308105469,1334400,0.0,0.0
2022-11-30 00:00:00-05:00,109.5809184271121,110.14145869649091,107.96362156739039,109.88416290283203,1364700,0.0,0.0
2022-12-01 00:00:00-05:00,110.53659190179424,111.14307383354047,105.54686937131285,107.98200225830078,1419200,0.0,0.0
2022-12-02 00:00:00-05:00,107.1641672476184,109.54416033789094,106.6863261953885,109.51659393310547,1122900,0.0,0.0
2022-12-05 00:00:00-05:00,108.05551807045501,108.5609255587523,105.05985171861002,105.88687896728516,1505300,0.0,0.0
2022-12-06 00:00:00-05:00,106.64957515537229,107.5593086334738,103.90201347525506,107.11822509765625,1885800,0.0,0.0
2022-12-07 00:00:00-05:00,105.96036714350387,110.0127963953895,105.63874744354081,108.89171600341797,1523100,0.0,0.0
2022-12-08 00:00:00-05:00,109.34200760223153,113.63264475153989,109.05596747220258,112.479248046875,1992900,0.488,0.0
2022-12-09 00:00:00-05:00,111.12285154352135,113.106695268284,108.10556888476124,110.04327392578125,1644100,0.0,0.0
2022-12-12 00:00:00-05:00,110.40314829776896,112.93139223117075,108.6868932154473,112.9129409790039,1561900,0.0,0.0
2022-12-13 00:00:00-05:00,114.41695346653816,115.4780798461586,105.66036762801828,105.96485900878906,2277700,0.0,0.0
2022-12-14 00:00:00-05:00,106.41700034411444,109.26819375547252,106.1955430975773,107.9487075805664,1740600,0.0,0.0
2022-12-15 00:00:00-05:00,106.57388020022928,106.69383095098362,102.42165110151906,104.78380584716797,1352500,0.0,0.0
2022-12-16 00:00:00-05:00,103.82416785333672,104.86684311220986,102.52313986595145,103.17826843261719,2038900,0.0,0.0
2022-12-19 00:00:00-05:00,103.27052338761493,104.72841847978695,101.08368778913155,101.71113586425781,1528900,0.0,0.0
2022-12-20 00:00:00-05:00,101.23133034635318,102.10791614556773,100.04102399400057,100.35475158691406,1457500,0.0,0.0
2022-12-21 00:00:00-05:00,103.38125618988768,105.51273108681353,103.04907736961678,103.53811645507812,1614200,0.0,0.0
2022-12-22 00:00:00-05:00,102.08022333894665,102.20018110629844,98.27863215970729,100.42855834960938,1151800,0.0,0.0
2022-12-23 00:00:00-05:00,99.76422914752966,102.74460304432866,99.16446130137062,102.51392364501953,1098500,0.0,0.0
2022-12-27 00:00:00-05:00,102.77228114806002,109.16671423553085,102.42165100326923,109.1205825805664,2091500,0.0,0.0
2022-12-28 00:00:00-05:00,109.23128886441795,110.57845549254704,105.10674778887548,106.09405517578125,1411700,0.0,0.0
2022-12-29 00:00:00-05:00,106.88758252067858,109.84028248763131,106.43545295615536,109.2958755493164,990200,0.0,0.0
2022-12-30 00:00:00-05:00,109.18515750481721,111.26127176649523,107.8841225217401,110.99368286132812,1296600,0.0,0.0
2023-01-03 00:00:00-05:00,111.27048066824725,113.7249121721083,109.38814348936575,111.25202941894531,1754400,0.0,0.0
2023-01-04 00:00:00-05:00,111.88871923694252,115.39504130047673,111.7595393579572,114.29701232910156,1455400,0.0,0.0
2023-01-05 00:00:00-05:00,113.35584100953785,115.41350408742996,112.73762198748679,115.37659454345703,1227800,0.0,0.0
2023-01-06 00:00:00-05:00,116.27162348610081,119.6487655657936,116.12398532054418,118.18164825439453,1682600,0.0,0.0
2023-01-09 00:00:00-05:00,118.10784066671295,120.12859425584827,117.23126185267505,118.4492416381836,1151600,0.0,0.0
2023-01-10 00:00:00-05:00,118.01554950645534,119.34425769252697,117.23124117333346,118.55072021484375,756400,0.0,0.0
2023-01-11 00:00:00-05:00,119.14125855179223,119.74103327110801,116.96365210385652,117.58187103271484,930700,0.0,0.0
2023-01-12 00:00:00-05:00,118.48614993939822,120.98670631914717,118.09860326407485,118.66146850585938,1291500,0.0,0.0
2023-01-13 00:00:00-05:00,116.83448003492809,119.88866534459693,116.22548317020659,118.70758819580078,813900,0.0,0.0
2023-01-17 00:00:00-05:00,117.80332549885594,119.35349800919744,116.90828851933342,116.94519805908203,718400,0.0,0.0
2023-01-18 00:00:00-05:00,116.79757651186918,117.76642561051489,113.55883629119536,114.83218383789062,1091700,0.0,0.0
2023-01-19 00:00:00-05:00,113.54037869277047,114.02018864245325,110.00636936723603,111.03058624267578,1584000,0.0,0.0
2023-01-20 00:00:00-05:00,111.01213156269449,114.50923146124903,110.2093719054093,113.5403823852539,1280400,0.0,0.0
2023-01-23 00:00:00-05:00,114.40773611837069,116.3362192742316,114.26932709114446,116.2716293334961,799800,0.0,0.0
2023-01-24 00:00:00-05:00,115.80103727432214,116.76989339013696,115.16435999594239,115.81948852539062,564400,0.0,0.0
2023-01-25 00:00:00-05:00,114.39851314184583,115.79181142993403,112.26703103424326,115.64418029785156,851300,0.0,0.0
2023-01-26 00:00:00-05:00,116.3915752201904,116.98211380796255,113.96483093105724,116.25316619873047,656500,0.0,0.0
2023-01-27 00:00:00-05:00,116.35467448361207,117.45271055323934,115.77336499722011,116.4746322631836,898000,0.0,0.0
2023-01-30 00:00:00-05:00,116.26240164299158,119.09515104438242,116.20704084731835,117.12052917480469,886000,0.0,0.0
2023-01-31 00:00:00-05:00,118.27392058309022,120.71913036842743,116.67762327477635,120.65453338623047,1446600,0.0,0.0
2023-02-01 00:00:00-05:00,120.49767529545743,124.44690508054954,120.32235671722057,124.12396240234375,1236500,0.0,0.0
2023-02-02 00:00:00-05:00,125.33271392543617,126.09857110460747,122.46306206980313,123.72718048095703,1221900,0.0,0.0
2023-02-03 00:00:00-05:00,121.99248224291881,125.72025460652443,121.99248224291881,125.25889587402344,888400,0.0,0.0
2023-02-06 00:00:00-05:00,126.227735062021,127.73175475372545,123.27504238679376,124.40998077392578,752900,0.0,0.0
2023-02-07 00:00:00-05:00,124.16084286966277,124.26234234012375,121.56800940008152,123.93939971923828,647600,0.0,0.0
2023-02-08 00:00:00-05:00,122.34308578817352,123.35808046957445,120.8667465274209,121.78022766113281,625000,0.0,0.0
2023-02-09 00:00:00-05:00,123.09050934734029,123.13664803843022,119.74105438339683,119.7594985961914,910400,0.0,0.0
2023-02-10 00:00:00-05:00,118.98440385643465,120.193161376803,118.01555482705449,119.28890228271484,844300,0.0,0.0
2023-02-13 00:00:00-05:00,120.01787840155716,120.46077888296833,117.72030663504793,119.84255981445312,1021900,0.0,0.0
2023-02-14 00:00:00-05:00,119.01208711201718,120.87598021485621,118.12628628659387,119.42730712890625,743800,0.0,0.0
2023-02-15 00:00:00-05:00,118.21855934195844,121.62338910480969,117.75720764052508,121.33734893798828,785000,0.0,0.0
2023-02-16 00:00:00-05:00,120.01786113890984,121.31888199589615,119.38118386870886,119.96248626708984,707400,0.0,0.0
2023-02-17 00:00:00-05:00,119.51037236437602,120.7560325189447,118.77219556191785,120.0916748046875,820800,0.0,0.0
2023-02-21 00:00:00-05:00,118.2738898579887,120.35000366190809,117.74794834902734,119.62106323242188,817100,0.0,0.0
2023-02-22 00:00:00-05:00,120.21162639444553,122.84137671796299,119.12282657852369,119.31658935546875,1003600,0.0,0.0
2023-02-23 00:00:00-05:00,119.15972392504803,120.41462014646136,118.24622863460925,119.9163589477539,846900,0.0,0.0
2023-02-24 00:00:00-05:00,118.3477279264729,119.20586242455384,117.48037836286186,118.35696411132812,598400,0.0,0.0
2023-02-27 00:00:00-05:00,119.57492838791883,121.36500215563998,119.13202803782283,119.7317886352539,1124700,0.0,0.0
2023-02-28 00:00:00-05:00,116.76066485296484,120.99594153243733,116.6591653721212,118.68914794921875,1386400,0.0,0.0
2023-03-01 00:00:00-05:00,117.40656235528742,119.07668566976956,117.20356339685947,118.7445068359375,844400,0.0,0.0
2023-03-02 00:00:00-05:00,118.10784598224674,119.63956048892159,117.41580782219452,119.50114440917969,860600,0.0,0.0
2023-03-03 00:00:00-05:00,120.6729840222177,122.57377966982665,119.15972800454888,121.90019989013672,1430800,0.0,0.0
2023-03-06 00:00:00-05:00,122.34311466739908,124.12396683249298,121.61417400927039,121.92789459228516,2251100,0.0,0.0
2023-03-07 00:00:00-05:00,129.18046296949834,135.5379866196008,128.11934336978442,135.44570922851562,9217700,0.0,0.0
2023-03-08 00:00:00-05:00,137.02353927892463,138.57369781359276,135.3626450778154,138.15847778320312,3454900,0.0,0.0
2023-03-09 00:00:00-05:00,138.61063150859212,140.81592589024774,137.72481646545336,137.78941345214844,2295400,0.0,0.0
2023-03-10 00:00:00-05:00,138.20459880743505,138.62905496885097,134.25536981150853,134.9658660888672,1983600,0.0,0.0
2023-03-13 00:00:00-04:00,133.2865213824541,136.14695086346006,132.6683024336276,133.87705993652344,1963600,0.0,0.0
2023-03-14 00:00:00-04:00,135.4549304611539,139.45029888574032,133.0558593533276,137.4110870361328,1653800,0.0,0.0
2023-03-15 00:00:00-04:00,135.19658387275067,136.68215974092914,133.02819192618324,135.3719024658203,1504900,0.0,0.0
2023-03-16 00:00:00-04:00,133.92255366186598,136.72828866958406,133.78320183043053,136.2823486328125,1627400,1.0,0.0
2023-03-17 00:00:00-04:00,135.40902329618106,135.96645890817967,133.26292028948643,134.3963623046875,2111700,0.0,0.0
2023-03-20 00:00:00-04:00,135.47407408972148,136.2451730935405,133.02136854784644,133.55093383789062,1300400,0.0,0.0
2023-03-21 00:00:00-04:00,135.62270924399715,137.45293880000017,135.18605462853384,136.2358856201172,1269500,0.0,0.0
2023-03-22 00:00:00-04:00,135.63203105977462,136.75617375750815,132.08305282460861,132.1945343017578,1376200,0.0,0.0
2023-03-23 00:00:00-04:00,132.79839532910535,134.13622945686907,127.72577662403062,129.9183349609375,1720500,0.0,0.0
2023-03-24 00:00:00-04:00,128.20890651627025,129.3330633109243,126.52732819899182,128.59910583496094,1764700,0.0,0.0
2023-03-27 00:00:00-04:00,128.4597426557853,128.62696484495385,123.83306362230451,125.42174530029297,1933700,0.0,0.0
2023-03-28 00:00:00-04:00,125.81195195898825,129.20299303639416,125.5704040573051,127.44707489013672,1341400,0.0,0.0
2023-03-29 00:00:00-04:00,127.57716818416563,129.2866169879593,127.10334355429153,128.40402221679688,1364100,0.0,0.0
2023-03-30 00:00:00-04:00,128.98927895831957,129.95549874986642,126.98252786157684,127.38202667236328,990000,0.0,0.0
2023-03-31 00:00:00-04:00,127.69789258318156,131.88791626733448,127.3169787616813,131.8228759765625,1690100,0.0,0.0
2023-04-03 00:00:00-04:00,131.46054560461954,136.82116687528173,131.46054560461954,136.72825622558594,2638200,0.0,0.0
2023-04-04 00:00:00-04:00,135.6413215793146,136.3009534217744,132.54758288598723,132.89132690429688,1361400,0.0,0.0
2023-04-05 00:00:00-04:00,131.9251095305026,132.12950167936248,129.5467436268737,130.05772399902344,880400,0.0,0.0
2023-04-06 00:00:00-04:00,128.94283641819712,129.3609202369476,126.2207268672521,128.1531524658203,1159900,0.0,0.0
2023-04-10 00:00:00-04:00,127.6328745263796,129.8068478002992,126.83389107833531,127.37274169921875,1186000,0.0,0.0
2023-04-11 00:00:00-04:00,128.9242698413442,130.51293737030122,128.3947045475734,129.20298767089844,1128200,0.0,0.0
2023-04-12 00:00:00-04:00,128.67342601614808,129.71395748798832,127.39133246964629,127.9115982055664,1188900,0.0,0.0
2023-04-13 00:00:00-04:00,127.83729363802509,128.30181866697697,125.04084389098038,128.11599731445312,1178200,0.0,0.0
2023-04-14 00:00:00-04:00,128.13456257202,130.10414385538755,127.94875542426063,129.54672241210938,1203400,0.0,0.0
2023-04-17 00:00:00-04:00,129.82543734563728,130.42931410652096,128.57121431773874,130.25279235839844,1482800,0.0,0.0
2023-04-18 00:00:00-04:00,130.99605771795473,132.64976568129276,130.85670588021566,132.44537353515625,988500,0.0,0.0
2023-04-19 00:00:00-04:00,132.26883895666924,134.14552385495836,131.46985541986714,133.86680603027344,1173500,0.0,0.0
2023-04-20 00:00:00-04:00,133.2443521804795,137.36005114110057,132.92847857593094,135.85498046875,1253500,0.0,0.0
2023-04-21 00:00:00-04:00,135.7342052465326,138.40985949981246,135.4461878500523,138.34483337402344,994100,0.0,0.0
2023-04-24 00:00:00-04:00,137.98251834385462,140.5559767931965,137.95464797625732,138.75363159179688,1325800,0.0,0.0
2023-04-25 00:00:00-04:00,138.59570087170658,138.84654839293827,135.1582179957066,135.47410583496094,1343400,0.0,0.0
2023-04-26 00:00:00-04:00,135.92001645442545,137.1091993082503,134.63792293107326,134.8794708251953,1082900,0.0,0.0
2023-04-27 00:00:00-04:00,135.36256833814863,135.82709329069974,132.95633248621644,134.3406219482422,1006500,0.0,0.0
2023-04-28 00:00:00-04:00,133.84824722125984,135.0095597812714,132.96563833470807,134.72154235839844,654200,0.0,0.0
2023-05-01 00:00:00-04:00,134.8887822991088,135.3533073353748,130.0298543890966,131.70213317871094,1030700,0.0,0.0
2023-05-02 00:00:00-04:00,131.67427477341707,133.0121092675959,129.9183705438525,132.6497802734375,871200,0.0,0.0
2023-05-03 00:00:00-04:00,132.65905107841576,134.7679986719994,131.99014808108942,132.44537353515625,735000,0.0,0.0
2023-05-04 00:00:00-04:00,132.31530553101112,132.4732423373087,129.9833950246004,130.91244506835938,664600,0.0,0.0
2023-05-05 00:00:00-04:00,131.77646026143398,132.1666595948297,129.6489418106427,131.55349731445312,686400,0.0,0.0
2023-05-08 00:00:00-04:00,131.70213558231436,131.7485909220246,130.00197221741084,131.03321838378906,653800,0.0,0.0
2023-05-09 00:00:00-04:00,129.94620943630338,131.66495748076042,129.31446228718687,131.04249572753906,716600,0.0,0.0
2023-05-10 00:00:00-04:00,132.37104283426743,133.0492595554801,128.2646434484359,129.75112915039062,850300,0.0,0.0
2023-05-11 00:00:00-04:00,130.10416717977193,130.65231750177014,128.24606701671436,129.44454956054688,1201300,0.0,0.0
2023-05-12 00:00:00-04:00,132.5847175521277,132.80768045551875,129.2958729653453,130.06698608398438,1529000,0.0,0.0
2023-05-15 00:00:00-04:00,129.50957211000792,129.60248278606085,127.33559838168594,128.2646484375,2069800,0.0,0.0
2023-05-16 00:00:00-04:00,126.12783824865103,126.48088182799987,121.87278702959176,122.09576416015625,2183500,0.0,0.0
2023-05-17 00:00:00-04:00,123.16415965457132,126.415834505405,122.81111613438976,125.84911346435547,1529700,0.0,0.0
2023-05-18 00:00:00-04:00,125.8398349950858,126.74101473896542,123.89812366082133,126.26720428466797,949200,0.0,0.0
2023-05-19 00:00:00-04:00,120.21906468414778,120.51636748959018,117.32972569666676,117.6827621459961,3950900,0.0,0.0
2023-05-22 00:00:00-04:00,117.98935150207626,119.18781977981519,116.17770681424851,117.43192291259766,3282000,0.0,0.0
2023-05-23 00:00:00-04:00,119.56873218446867,121.1388289529159,114.84916357063855,115.74105072021484,4968900,0.0,0.0
2023-05-24 00:00:00-04:00,116.23344062319845,119.1878126802636,114.5054071370846,115.06283569335938,2488600,0.0,0.0
2023-05-25 00:00:00-04:00,115.33226621235201,115.62026944361266,112.96318588164786,113.67855834960938,1905900,0.0,0.0
2023-05-26 00:00:00-04:00,113.0096388651376,117.36688553432033,113.0096388651376,116.51216125488281,1950300,0.0,0.0
2023-05-30 00:00:00-04:00,117.2182424985276,119.59660834598579,117.06030569198937,118.36097717285156,2042000,0.0,0.0
2023-05-31 00:00:00-04:00,118.63040220378359,119.64306334790058,117.14391646520225,118.46317291259766,5506400,0.0,0.0
2023-06-01 00:00:00-04:00,118.66756184252105,119.36434226748932,117.01384685753663,117.27398681640625,1457700,0.0,0.0
2023-06-02 00:00:00-04:00,119.53158655537307,120.06113772874093,118.66756969845935,119.29932403564453,1347000,0.0,0.0
2023-06-05 00:00:00-04:00,118.45388000371658,120.73934933777744,118.3702689024674,118.47245788574219,984900,0.0,0.0
2023-06-06 00:00:00-04:00,117.52482234012881,125.26381036611814,117.06029735064213,124.92935180664062,1852100,0.0,0.0
2023-06-07 00:00:00-04:00,125.66329970273932,128.88710438316943,124.61348282745128,125.80266571044922,1537200,0.0,0.0
2023-06-08 00:00:00-04:00,124.65991770982049,126.29505472373758,123.97242980731215,125.39387512207031,1044000,0.0,0.0
2023-06-09 00:00:00-04:00,125.96987144349396,126.7038287967715,125.0501211232435,126.09065246582031,852800,0.0,0.0
2023-06-12 00:00:00-04:00,126.57377058281239,126.57377058281239,124.64134498122243,125.7933578491211,1029300,0.0,0.0
2023-06-13 00:00:00-04:00,126.78745716745316,127.82798865186722,125.37529716990674,125.43103790283203,1137800,0.0,0.0
2023-06-14 00:00:00-04:00,125.38458953920355,126.28575496335203,124.72495782640244,125.42174530029297,1004800,0.0,0.0
2023-06-15 00:00:00-04:00,125.25327693668815,126.53556933261706,123.55913537140388,126.42325592041016,1152000,1.0,0.0
2023-06-16 00:00:00-04:00,126.42326136741819,126.7695705912904,124.50449289504903,126.45133972167969,1463600,0.0,0.0
2023-06-20 00:00:00-04:00,126.48879216793253,127.11589931257791,124.83209760254235,126.90062713623047,1003600,0.0,0.0
2023-06-21 00:00:00-04:00,127.92081233173928,128.0237710470512,126.54491599164758,127.7523422241211,842500,0.0,0.0
2023-06-22 00:00:00-04:00,128.21097722277574,128.5947337698888,126.13309333593254,126.87252807617188,789800,0.0,0.0
2023-06-23 00:00:00-04:00,126.56368290548825,127.47158799206365,125.72130351558123,125.9552993774414,1265600,0.0,0.0
2023-06-26 00:00:00-04:00,126.31091937553619,128.79128321640795,126.05819993380887,126.94739532470703,960700,0.0,0.0
2023-06-27 00:00:00-04:00,126.52620911535067,129.4839196185334,125.57151648159135,129.04400634765625,1246500,0.0,0.0
2023-06-28 00:00:00-04:00,129.0533606708605,129.0533606708605,125.80549801344085,127.20010375976562,1084200,0.0,0.0
2023-06-29 00:00:00-04:00,126.58234551702749,129.1656534444075,123.9990233076804,124.61677551269531,1469300,0.0,0.0
2023-06-30 00:00:00-04:00,124.92569576027658,124.93505045203383,121.06944902440891,123.7276382446289,2062900,0.0,0.0
2023-07-03 00:00:00-04:00,123.36259024061805,124.48576723901205,122.65123385879122,123.41874694824219,730400,0.0,0.0
2023-07-05 00:00:00-04:00,123.34387879135646,123.34387879135646,121.90247078571221,122.95076751708984,1330000,0.0,0.0
2023-07-06 00:00:00-04:00,121.39701874450427,122.5201957332997,120.47975920321785,120.67630767822266,838800,0.0,0.0
2023-07-07 00:00:00-04:00,120.71376398482649,123.18475925679482,120.71376398482649,122.29557800292969,988500,0.0,0.0
2023-07-10 00:00:00-04:00,122.29560251869823,126.45137137326266,122.26752415740854,126.43264770507812,1090600,0.0,0.0
2023-07-11 00:00:00-04:00,126.89125424257743,129.1563319613374,126.08630808781392,128.8661651611328,960000,0.0,0.0
2023-07-12 00:00:00-04:00,130.24207842464816,131.59926571798968,128.89427438731246,130.27952575683594,1234400,0.0,0.0
2023-07-13 00:00:00-04:00,130.99085207843368,131.1312581341487,128.30458473967576,129.06272888183594,888900,0.0,0.0
2023-07-14 00:00:00-04:00,129.17503576873924,129.8208664592459,126.00205330483406,126.29220581054688,960100,0.0,0.0
2023-07-17 00:00:00-04:00,126.14244771504191,126.52618993578898,124.35471654753312,125.1222152709961,986000,0.0,0.0
2023-07-18 00:00:00-04:00,124.90697249033217,126.75086079237327,124.28922006506544,125.1409683227539,1026600,0.0,0.0
2023-07-19 00:00:00-04:00,125.82422261129346,127.19076445305839,124.10201684296402,126.79765319824219,810000,0.0,0.0
2023-07-20 00:00:00-04:00,127.00354974567536,127.00354974567536,123.03497624074427,123.40937805175781,915700,0.0,0.0
2023-07-21 00:00:00-04:00,124.13945372553127,124.13945372553127,121.16301978670111,123.07243347167969,909200,0.0,0.0
2023-07-24 00:00:00-04:00,123.02561416406515,124.12071261683256,122.23002286015574,122.58570098876953,736700,0.0,0.0
2023-07-25 00:00:00-04:00,122.30491521713085,123.73696827909141,122.30491521713085,122.6231460571289,679200,0.0,0.0
2023-07-26 00:00:00-04:00,122.49212052771315,124.57000443727192,122.31428142920588,123.69017791748047,855400,0.0,0.0
2023-07-27 00:00:00-04:00,123.69017500576608,128.00505815829752,123.69017500576608,125.56214141845703,840000,0.0,0.0
2023-07-28 00:00:00-04:00,126.64786089339904,128.09863743929589,125.51532943046277,126.61042785644531,757000,0.0,0.0
2023-07-31 00:00:00-04:00,127.11589235716652,132.10468516476183,126.69470271971639,131.97364807128906,1311700,0.0,0.0
2023-08-01 00:00:00-04:00,132.00169942884494,133.03128658266317,130.34500529296255,131.30906677246094,1009100,0.0,0.0
2023-08-02 00:00:00-04:00,130.84107987545272,132.06722981399813,129.76470495240505,130.23269653320312,951500,0.0,0.0
2023-08-03 00:00:00-04:00,130.84108214324405,136.14811932961098,130.84108214324405,135.91412353515625,1506900,0.0,0.0
2023-08-04 00:00:00-04:00,136.81269252202523,137.53340374244328,135.0436844587979,135.67079162597656,879100,0.0,0.0
2023-08-07 00:00:00-04:00,135.914124485279,137.44913633635394,135.45548758343242,136.5037841796875,924600,0.0,0.0
2023-08-08 00:00:00-04:00,135.8111886369546,137.91715115645405,134.65991884327477,136.2042999267578,811900,0.0,0.0
2023-08-09 00:00:00-04:00,136.08258605235682,137.34616898463622,135.22148329068762,136.00770568847656,650900,0.0,0.0
2023-08-10 00:00:00-04:00,136.7003626791963,139.20879104689072,135.4648578781731,135.48358154296875,1111000,0.0,0.0
2023-08-11 00:00:00-04:00,134.92196545864215,135.29636728809834,130.85044732233843,131.67410278320312,1361700,0.0,0.0
2023-08-14 00:00:00-04:00,133.34952567713665,136.20427725136926,133.12488457094506,135.68948364257812,1220100,0.0,0.0
2023-08-15 00:00:00-04:00,135.27767630659505,139.3211313497255,135.04368046239463,138.77825927734375,1400500,0.0,0.0
2023-08-16 00:00:00-04:00,139.75164556303844,141.13689666297688,137.046654758782,137.1402587890625,900300,0.0,0.0
2023-08-17 00:00:00-04:00,138.17920368367683,139.67676822688054,134.59438633206693,135.0623779296875,993800,0.0,0.0
2023-08-18 00:00:00-04:00,134.39781322187108,137.851593231318,134.31357816846236,137.2338409423828,1140500,0.0,0.0
2023-08-21 00:00:00-04:00,137.6737398739069,140.14473449139814,136.53183943956947,137.62693786621094,2301200,0.0,0.0
2023-08-22 00:00:00-04:00,109.27604682709396,110.43666408299782,103.01431646255021,104.39021301269531,19286500,0.0,0.0
2023-08-23 00:00:00-04:00,101.79754636819703,104.17494482254594,99.317189178901,104.0345458984375,7025900,0.0,0.0
2023-08-24 00:00:00-04:00,103.51974422372005,107.08584520014891,103.51974422372005,106.28089904785156,3633400,0.0,0.0
2023-08-25 00:00:00-04:00,106.92672453178326,108.95781361240591,104.46509115385797,104.52124786376953,3431100,0.0,0.0
2023-08-28 00:00:00-04:00,105.56955039618887,108.9297267969225,105.29811439992858,108.7144546508789,2626700,0.0,0.0
2023-08-29 00:00:00-04:00,108.85484727712577,109.725311924857,106.14985644362456,107.98438262939453,2009500,0.0,0.0
2023-08-30 00:00:00-04:00,108.01246395589165,109.40707694052554,106.87056329614349,107.4321517944336,1552100,0.0,0.0
2023-08-31 00:00:00-04:00,108.24645703527098,111.19480550334937,107.98438288539468,108.89228057861328,2051200,0.0,0.0
2023-09-01 00:00:00-04:00,109.04204223961243,109.96866360337451,108.08734252255225,109.19180297851562,1567400,0.0,0.0
2023-09-05 00:00:00-04:00,108.34942796108514,108.72382270635767,104.81141225728072,104.86756896972656,1868600,0.0,0.0
2023-09-06 00:00:00-04:00,104.4370116218129,105.3355546751981,103.53846856842772,104.64292907714844,1970000,0.0,0.0
2023-09-07 00:00:00-04:00,104.6616437438131,104.6616437438131,102.32168568556206,103.9502944946289,2103100,0.0,0.0
2023-09-08 00:00:00-04:00,103.45422382979265,105.3636304493418,103.12663113204812,104.2685317993164,1299000,0.0,0.0
2023-09-11 00:00:00-04:00,105.14836356169491,106.69273747994426,103.63207514169298,103.69759368896484,1281800,0.0,0.0
2023-09-12 00:00:00-04:00,103.71629936494296,104.82075986127697,103.42614684894357,103.53846740722656,1309500,0.0,0.0
2023-09-13 00:00:00-04:00,104.27790700101404,105.46660269694928,103.36064018873623,103.78182983398438,1266800,0.0,0.0
2023-09-14 00:00:00-04:00,104.09350597439963,108.22097998572615,103.81959968382895,107.8053970336914,1701900,1.0,0.0
2023-09-15 00:00:00-04:00,107.2386848657573,107.75815628817087,106.00139039483808,106.65309143066406,3578500,0.0,0.0
2023-09-18 00:00:00-04:00,106.58699397971672,106.64366897038875,103.75348944925386,104.25407409667969,1839400,0.0,0.0
2023-09-19 00:00:00-04:00,104.2824037332601,106.75699280605696,104.15016690687604,106.3697509765625,1542600,0.0,0.0
2023-09-20 00:00:00-04:00,106.46420712751936,107.1536891670622,105.45359084023683,105.67082214355469,1325800,0.0,0.0
2023-09-21 00:00:00-04:00,105.26467130905328,106.13361801714194,104.39573180693796,104.60352325439453,1516900,0.0,0.0
2023-09-22 00:00:00-04:00,105.23635309925531,105.61415513218844,104.49019606585533,104.5279769897461,1384900,0.0,0.0
2023-09-25 00:00:00-04:00,103.89515896371485,104.3768567184012,101.32611388001986,101.45834350585938,1988800,0.0,0.0
2023-09-26 00:00:00-04:00,101.06165705655454,103.59292127854647,100.11715558873627,100.34383392333984,1335700,0.0,0.0
2023-09-27 00:00:00-04:00,100.11715039570254,101.68502620982349,99.62601282854084,100.2966079711914,1051100,0.0,0.0
2023-09-28 00:00:00-04:00,99.54100908040758,100.74052997944278,98.82318594745597,100.67440795898438,1696200,0.0,0.0
2023-09-29 00:00:00-04:00,103.22457318860747,103.85738748494903,101.59058236933429,102.5539779663086,1883100,0.0,0.0
2023-10-02 00:00:00-04:00,102.53507311312723,102.91287512697878,100.3154961899637,100.40050506591797,1437600,0.0,0.0
2023-10-03 00:00:00-04:00,99.17263821853713,100.06047176183354,97.7275523574513,98.43592834472656,1493700,0.0,0.0
2023-10-04 00:00:00-04:00,98.88931139848899,99.44657107134312,97.85036111371488,98.78541564941406,977900,0.0,0.0
2023-10-05 00:00:00-04:00,98.41705258335256,98.82318851314882,95.97079717795667,96.54694366455078,1228900,0.0,0.0
2023-10-06 00:00:00-04:00,97.32143716074575,98.56817887474625,96.14081026468561,97.7464599609375,1113400,0.0,0.0
2023-10-09 00:00:00-04:00,97.31198808481695,98.14315401401657,96.29192473860353,98.12425994873047,1274200,0.0,0.0
2023-10-10 00:00:00-04:00,99.30487493829747,101.14664975472682,98.85151830931811,100.97664642333984,1927800,0.0,0.0
2023-10-11 00:00:00-04:00,100.96721239321859,102.78065355459745,100.3627320060923,102.6767578125,1525900,0.0,0.0
2023-10-12 00:00:00-04:00,102.79009464902339,102.79009464902339,98.64373385531849,99.69213104248047,1170600,0.0,0.0
2023-10-13 00:00:00-04:00,100.18326483243978,102.20449728469998,99.37099303880541,101.3638916015625,1353300,0.0,0.0
2023-10-16 00:00:00-04:00,102.35562360144911,105.19856774628394,101.41112216186899,104.2918472290039,1218400,0.0,0.0
2023-10-17 00:00:00-04:00,104.0179456639366,106.51142900102762,104.0179456639366,105.18913269042969,1290400,0.0,0.0
2023-10-18 00:00:00-04:00,104.8396675144927,105.12302084962442,103.23401783134528,103.9612808227539,687200,0.0,0.0
2023-10-19 00:00:00-04:00,103.67792262896778,105.12301592324867,102.41229412489967,102.77120208740234,900600,0.0,0.0
2023-10-20 00:00:00-04:00,102.79009730660444,103.51736027210013,101.74170009233673,103.24345397949219,642100,0.0,0.0
2023-10-23 00:00:00-04:00,101.82669117406016,102.36505667084657,100.05103117900423,100.06047821044922,1165100,0.0,0.0
2023-10-24 00:00:00-04:00,100.74996121911907,102.2517221715146,100.01325129023488,100.90108489990234,696900,0.0,0.0
2023-10-25 00:00:00-04:00,101.15610045604444,102.17616371721506,100.12659736899232,101.288330078125,783300,0.0,0.0
2023-10-26 00:00:00-04:00,101.35446080360306,102.11006493925571,97.33088931828165,98.53040313720703,1238300,0.0,0.0
2023-10-27 00:00:00-04:00,98.62485042215427,99.34267362001503,95.37576998031471,95.41354370117188,1246100,0.0,0.0
2023-10-30 00:00:00-04:00,96.91529777748467,99.73935519486697,96.57527666702013,99.41822814941406,1120800,0.0,0.0
2023-10-31 00:00:00-04:00,99.31432889881229,101.43001012892898,99.29543483446861,101.0144271850586,1252400,0.0,0.0
2023-11-01 00:00:00-04:00,100.8066482728428,101.90226626581443,98.22815600702947,101.76058959960938,1117800,0.0,0.0
2023-11-02 00:00:00-04:00,102.95066545619034,105.31191925105709,102.95066545619034,104.4713134765625,967000,0.0,0.0
2023-11-03 00:00:00-04:00,105.78415663219572,111.24337356258002,105.78415663219572,108.87267303466797,1719600,0.0,0.0
2023-11-06 00:00:00-05:00,109.04269330787608,109.84552533304304,107.09702255920196,108.164306640625,754700,0.0,0.0
2023-11-07 00:00:00-05:00,107.26702285115621,107.89983705465721,106.12417703102084,107.62593078613281,1082700,0.0,0.0
2023-11-08 00:00:00-05:00,107.31425795735979,108.3720949755908,106.0486222600094,106.34141540527344,951500,0.0,0.0
2023-11-09 00:00:00-05:00,107.19147437119727,107.19147437119727,104.23518723852497,105.94473266601562,1183000,0.0,0.0
2023-11-10 00:00:00-05:00,106.23752913788049,107.01202005957346,103.98961101430315,106.33197784423828,868000,0.0,0.0
2023-11-13 00:00:00-05:00,105.05690210635998,105.37802914859944,103.97072397024385,104.34852600097656,932200,0.0,0.0
2023-11-14 00:00:00-05:00,106.25641823734,109.8171857045314,105.4724802666884,107.6070556640625,1619600,0.0,0.0
2023-11-15 00:00:00-05:00,109.71329733891093,112.49012683973775,109.71329733891093,111.28116607666016,2317700,0.0,0.0
2023-11-16 00:00:00-05:00,110.40275984101902,111.10168880725399,108.44764237697615,108.94822692871094,938100,0.0,0.0
2023-11-17 00:00:00-05:00,111.35673046627231,112.68847386017784,110.30833320431651,111.52674102783203,1575400,0.0,0.0
2023-11-20 00:00:00-05:00,111.4511799213264,113.62353631065741,111.1772736144299,112.4051284790039,2439000,0.0,0.0
2023-11-21 00:00:00-05:00,122.5490617802147,126.3931895568745,114.74747787194792,114.84192657470703,7566300,0.0,0.0
2023-11-22 00:00:00-05:00,115.14418078631702,115.89977765920477,113.44407521186413,115.03083801269531,1691100,0.0,0.0
2023-11-24 00:00:00-05:00,115.94700327199283,116.7120471620406,114.82304420905398,116.43814086914062,938000,0.0,0.0
2023-11-27 00:00:00-05:00,115.4558568786148,115.64476149489619,113.18905192505828,114.68136596679688,1832100,0.0,0.0
2023-11-28 00:00:00-05:00,113.90686965374454,118.04379047946367,113.7085252205349,117.72265625,1833700,0.0,0.0
2023-11-29 00:00:00-05:00,117.83601350964626,121.01898627635211,117.81711944360269,120.84896850585938,2053900,0.0,0.0
2023-11-30 00:00:00-05:00,121.37786294726756,123.11575637929388,119.23384805963003,122.87963104248047,1741500,0.0,0.0
2023-12-01 00:00:00-05:00,123.46524738866353,130.66234479884133,123.46524738866353,130.5962371826172,2016000,0.0,0.0
2023-12-04 00:00:00-05:00,130.52065947274315,134.60089829852924,130.17119854327046,133.31637573242188,2109400,0.0,0.0
2023-12-05 00:00:00-05:00,132.2774405847485,132.53246003015957,128.90556324503902,129.56671142578125,1294500,0.0,0.0
2023-12-06 00:00:00-05:00,131.0873247542833,132.61742660984814,130.42617674851851,130.72842407226562,1002300,0.0,0.0
2023-12-07 00:00:00-05:00,131.2573624914131,131.67294541896194,128.86777506995503,129.82171630859375,909700,0.0,0.0
2023-12-08 00:00:00-05:00,129.5572688467271,131.11570496674537,129.00001642136414,130.42620849609375,794100,0.0,0.0
2023-12-11 00:00:00-05:00,130.57732444154547,133.32582709842316,130.34119908089167,131.20069885253906,1567400,0.0,0.0
2023-12-12 00:00:00-05:00,131.8712891450978,131.8712891450978,129.443927888736,130.0106201171875,781800,0.0,0.0
2023-12-13 00:00:00-05:00,130.57731941680015,133.6847227021708,129.32113081702758,133.50527954101562,1289800,0.0,0.0
2023-12-14 00:00:00-05:00,135.8643358884437,138.72753619269665,135.2555485823534,138.28997802734375,1777200,1.0,0.0
2023-12-15 00:00:00-05:00,138.30898724057633,138.94632480947269,136.60629006750275,137.6240997314453,1696000,0.0,0.0
2023-12-18 00:00:00-05:00,138.10925273701181,138.10925273701181,135.26506637847035,135.41726684570312,976100,0.0,0.0
2023-12-19 00:00:00-05:00,135.84531955520572,139.53610109845982,135.66458331257317,138.8131561279297,1855900,0.0,0.0
2023-12-20 00:00:00-05:00,138.1853237256888,140.71558701342158,137.3958002979749,138.5753173828125,838700,0.0,0.0
2023-12-21 00:00:00-05:00,139.8404813576814,140.48732606518823,137.8714404920768,139.65023803710938,885400,0.0,0.0
2023-12-22 00:00:00-05:00,135.82629296769278,138.59437916792592,133.97139508106494,135.84532165527344,1380900,0.0,0.0
2023-12-26 00:00:00-05:00,136.1782506667275,139.51706667373807,135.74067796494668,139.40292358398438,1102600,0.0,0.0
2023-12-27 00:00:00-05:00,138.38510760047726,140.29709155609248,137.7382773669807,140.24000549316406,1264100,0.0,0.0
2023-12-28 00:00:00-05:00,139.3648763793594,141.57173970651536,139.212690420129,140.2114715576172,842100,0.0,0.0
2023-12-29 00:00:00-05:00,139.8214741228304,141.44807128625175,139.43146586179554,139.78341674804688,988300,0.0,0.0
2024-01-02 00:00:00-05:00,138.6990092457017,140.82025060919273,137.7953425718532,138.87974548339844,920700,0.0,0.0
2024-01-03 00:00:00-05:00,137.12946446420204,137.47190820483902,131.9928083546471,132.07843017578125,1314000,0.0,0.0
2024-01-04 00:00:00-05:00,131.17476844900486,133.02015918363387,130.37573777461972,131.76454162597656,1302200,0.0,0.0
2024-01-05 00:00:00-05:00,131.61236198622615,135.00825014704287,131.61236198622615,132.15455627441406,812500,0.0,0.0
2024-01-08 00:00:00-05:00,132.9630699479474,133.63845035418487,131.30792275866546,133.0296630859375,1042700,0.0,0.0
2024-01-09 00:00:00-05:00,132.28772517052371,135.17946152758464,131.60283757010268,134.15213012695312,1169700,0.0,0.0
2024-01-10 00:00:00-05:00,134.1521251175438,135.0653133888841,133.46723754269735,133.4957733154297,780200,0.0,0.0
2024-01-11 00:00:00-05:00,134.14260163032878,134.14260163032878,130.73719285916482,133.0296630859375,1222200,0.0,0.0
2024-01-12 00:00:00-05:00,133.43871785456997,135.27460170457908,132.92505936883668,133.97140502929688,985100,0.0,0.0
2024-01-16 00:00:00-05:00,132.8013577107614,137.3006761824835,132.67769303866737,135.7977294921875,1616700,0.0,0.0
2024-01-17 00:00:00-05:00,134.20918317118935,135.32212173977422,132.93453706849903,134.94163513183594,700000,0.0,0.0
2024-01-18 00:00:00-05:00,135.6550744623445,136.9677780899661,134.1426204220368,136.8916778564453,1059000,0.0,0.0
2024-01-19 00:00:00-05:00,137.16752826176045,139.97365723772262,135.9214177836462,139.34585571289062,1176900,0.0,0.0
2024-01-22 00:00:00-05:00,140.00218629419646,145.5954298054102,139.69779988988645,144.84396362304688,1949100,0.0,0.0
2024-01-23 00:00:00-05:00,145.78567042477124,146.98423087764408,141.67635969750074,142.92247009277344,1286200,0.0,0.0
2024-01-24 00:00:00-05:00,144.03540692797674,144.03540692797674,141.65732925214573,143.43612670898438,870400,0.0,0.0
2024-01-25 00:00:00-05:00,144.56809168079744,146.02347403383706,144.12101192375818,145.6810302734375,1046200,0.0,0.0
2024-01-26 00:00:00-05:00,146.20421762850526,147.60252851108922,144.97713589207177,145.56689453125,729600,0.0,0.0
2024-01-29 00:00:00-05:00,145.72861835374275,146.83205003998222,142.72272424900888,144.57763671875,843000,0.0,0.0
2024-01-30 00:00:00-05:00,144.6441964063386,146.33738657580741,144.07346646434192,145.6144561767578,649100,0.0,0.0
2024-01-31 00:00:00-05:00,145.18641411882783,145.96641610911166,141.68587596213106,141.80003356933594,807700,0.0,0.0
2024-02-01 00:00:00-05:00,142.8178335674401,145.4146903480481,142.47538979854187,145.1388397216797,864300,0.0,0.0
2024-02-02 00:00:00-05:00,144.1115217745435,149.51450783510518,142.71321079813447,148.35401916503906,761300,0.0,0.0
2024-02-05 00:00:00-05:00,146.04250587791506,149.1435139591498,144.98663880339765,148.82009887695312,744700,0.0,0.0
2024-02-06 00:00:00-05:00,148.7915648771397,150.77963436532858,148.18277756208457,149.2862091064453,746900,0.0,0.0
2024-02-07 00:00:00-05:00,150.24695605757788,150.86526500899492,148.59182315896552,150.85574340820312,857800,0.0,0.0
2024-02-08 00:00:00-05:00,151.71185490392494,152.30161354722705,149.01034752138617,152.16844177246094,813400,0.0,0.0
2024-02-09 00:00:00-05:00,155.0221266652532,155.40261328255497,152.377705485494,154.26113891601562,797100,0.0,0.0
2024-02-12 00:00:00-05:00,156.03042113681425,158.90314284609792,155.9923782829193,158.31336975097656,917500,0.0,0.0
2024-02-13 00:00:00-05:00,154.09943008595673,158.52264866220006,152.4918472892618,157.46678161621094,824300,0.0,0.0
2024-02-14 00:00:00-05:00,159.37874398924473,160.09216718121573,156.30627217325332,158.78897094726562,932200,0.0,0.0
2024-02-15 00:00:00-05:00,159.93048112276267,162.23245852260507,159.71168753066934,161.8804931640625,842000,0.0,0.0
2024-02-16 00:00:00-05:00,160.47269046693717,162.34661697451364,160.13976827661074,160.90074157714844,769400,0.0,0.0
2024-02-20 00:00:00-05:00,159.48342409981007,160.30148350020949,157.2480250072546,158.33242797851562,1063800,0.0,0.0
2024-02-21 00:00:00-05:00,158.94120610605194,159.98756615541862,157.33362317322278,157.98997497558594,1044800,0.0,0.0
2024-02-22 00:00:00-05:00,159.34070922088685,160.96732071569505,157.66654778490962,160.64390563964844,1239300,0.0,0.0
2024-02-23 00:00:00-05:00,160.86270382793185,164.8769005287148,160.57733157384743,164.24908447265625,789000,0.0,0.0
2024-02-26 00:00:00-05:00,164.08737608210953,168.13961562269452,164.08737608210953,166.96009826660156,886400,0.0,0.0
2024-02-27 00:00:00-05:00,167.3025248899333,169.0432794861857,166.76031621413134,168.46302795410156,757800,0.0,0.0
2024-02-28 00:00:00-05:00,167.72107720594641,169.60451075002166,167.72107720594641,168.8149871826172,571000,0.0,0.0
2024-02-29 00:00:00-05:00,169.15742125655422,169.7947443254314,167.6354457536659,169.21449279785156,1132700,0.0,0.0
2024-03-01 00:00:00-05:00,169.8708599711592,172.45820985214175,169.54744486469525,172.40113830566406,793000,0.0,0.0
2024-03-04 00:00:00-05:00,171.08841773848732,172.0872132468617,169.04327678080546,170.9552459716797,1359300,0.0,0.0
2024-03-05 00:00:00-05:00,171.18353840007666,174.3986893336718,170.3654791535004,172.06817626953125,923800,0.0,0.0
2024-03-06 00:00:00-05:00,176.890927728134,180.84803775950684,170.12767456237196,171.77330017089844,2217600,0.0,0.0
2024-03-07 00:00:00-05:00,173.78041083439558,175.38799370512714,172.2298995069458,173.2857666015625,919800,0.0,0.0
2024-03-08 00:00:00-05:00,173.8184401687822,174.9123645502368,171.5164628428232,172.27745056152344,1492700,0.0,0.0
2024-03-11 00:00:00-04:00,171.64965636563346,172.591380419807,169.5189079007104,171.67819213867188,955000,0.0,0.0
2024-03-12 00:00:00-04:00,172.83869740491113,175.72092663412417,171.98259517401763,173.36187744140625,1292700,0.0,0.0
2024-03-13 00:00:00-04:00,173.3618859923971,180.46758420905886,173.3618859923971,178.60316467285156,2248500,0.0,0.0
2024-03-14 00:00:00-04:00,198.6931490573944,212.04842679367883,198.6931490573944,206.2364044189453,6651300,0.0,0.0
2024-03-15 00:00:00-04:00,205.63715023566374,207.34936926850506,199.64440539267298,201.16636657714844,5246800,0.0,0.0
2024-03-18 00:00:00-04:00,201.20443802309887,203.4683585276844,198.3792800500036,202.65029907226562,1386400,0.0,0.0
2024-03-19 00:00:00-04:00,202.8309985794293,205.73225626856242,201.67049550377607,204.4766387939453,897000,0.0,0.0
2024-03-20 00:00:00-04:00,205.66569408603678,208.90938128837027,204.51469800385453,208.614501953125,1850200,0.0,0.0
2024-03-21 00:00:00-04:00,207.33985834102307,213.76066870925723,205.30422422708685,213.71310424804688,1620300,0.0,0.0
2024-03-22 00:00:00-04:00,208.01521455611598,211.66795309157763,207.6252208276607,210.45037841796875,1206600,0.0,0.0
2024-03-25 00:00:00-04:00,210.67867117355718,213.63700063254745,209.2423173614011,209.36598205566406,1520500,0.0,0.0
2024-03-26 00:00:00-04:00,210.25060492152429,212.58111816981037,207.66325521696606,207.8820343017578,1430100,0.0,0.0
2024-03-27 00:00:00-04:00,210.96050758753458,213.65654197366118,210.5876513026002,212.8056640625,1114500,1.1,0.0
2024-03-28 00:00:00-04:00,212.86302905960187,215.05237632574674,212.35632729157274,214.97589111328125,833300,0.0,0.0
2024-04-01 00:00:00-04:00,213.15942951617274,215.86501933101667,211.9548055713497,212.0982208251953,1100300,0.0,0.0
2024-04-02 00:00:00-04:00,210.90315373312137,211.90698750824137,207.39446205253782,207.470947265625,1234800,0.0,0.0
2024-04-03 00:00:00-04:00,207.59523869602046,207.59523869602046,201.5912880224303,201.9067840576172,1545100,0.0,0.0
2024-04-04 00:00:00-04:00,203.52249583586556,204.8227152656303,199.1055660118365,199.58358764648438,1420800,0.0,0.0
2024-04-05 00:00:00-04:00,200.8360044270977,203.57984377571833,199.27764932428914,199.5740203857422,1699600,0.0,0.0
2024-04-08 00:00:00-04:00,199.21070560620163,201.04630669542323,197.5471998690018,198.4267578125,1322700,0.0,0.0
2024-04-09 00:00:00-04:00,198.22599288805856,198.7231394349632,194.6025955915792,197.7957763671875,981000,0.0,0.0
2024-04-10 00:00:00-04:00,195.69250317941854,197.53765972510615,193.1494245292846,197.33689880371094,724200,0.0,0.0
2024-04-11 00:00:00-04:00,198.27380441807077,198.94303175987838,195.19534405769377,198.3216094970703,613400,0.0,0.0
2024-04-12 00:00:00-04:00,196.43821814457144,196.69635392039535,192.67140520605514,194.20108032226562,700300,0.0,0.0
2024-04-15 00:00:00-04:00,197.41337924875205,198.3694225147555,189.43041214239835,189.8032684326172,925700,0.0,0.0
2024-04-16 00:00:00-04:00,189.1722721512925,192.02129152376298,189.1722721512925,189.96578979492188,815000,0.0,0.0
2024-04-17 00:00:00-04:00,191.72490680148715,192.2316231446483,188.12063425492548,188.27359008789062,954700,0.0,0.0
2024-04-18 00:00:00-04:00,189.16270154549363,189.78412376862,186.4092925572369,186.6387481689453,786300,0.0,0.0
2024-04-19 00:00:00-04:00,186.14161223786607,188.22579404573807,183.7801843146114,186.50491333007812,716400,0.0,0.0
2024-04-22 00:00:00-04:00,188.03458713290777,190.9696470332611,186.84910279056342,189.93711853027344,677500,0.0,0.0
2024-04-23 00:00:00-04:00,191.96391281191777,197.36556578833805,191.37117068034155,197.03094482421875,949500,0.0,0.0
2024-04-24 00:00:00-04:00,196.7536947344739,198.31203524054672,194.51655713331783,196.44775390625,572700,0.0,0.0
2024-04-25 00:00:00-04:00,193.6178511242119,195.26224640990196,191.619709974514,195.2335662841797,542500,0.0,0.0
2024-04-26 00:00:00-04:00,195.03280551320276,198.5797320714299,195.03280551320276,198.01565551757812,595200,0.0,0.0
2024-04-29 00:00:00-04:00,198.0921572589297,199.335016393866,194.36359444218297,196.57205200195312,912600,0.0,0.0
2024-04-30 00:00:00-04:00,195.25272166097568,195.82635348380015,191.3233830623988,192.1073455810547,678800,0.0,0.0
2024-05-01 00:00:00-04:00,192.1168740914001,192.80522634800204,189.28699444809095,189.41127014160156,977200,0.0,0.0
2024-05-02 00:00:00-04:00,191.7344538677952,191.7344538677952,188.70379887684123,190.43423461914062,591400,0.0,0.0
2024-05-03 00:00:00-04:00,193.13027926291542,194.87028486830653,192.2316109196703,193.8282012939453,692800,0.0,0.0
2024-05-06 00:00:00-04:00,194.32533578008255,198.36940902364455,194.32533578008255,196.60072326660156,792200,0.0,0.0
2024-05-07 00:00:00-04:00,196.5624717423542,198.33114276543333,193.67521742890582,193.77081298828125,695200,0.0,0.0
2024-05-08 00:00:00-04:00,192.2029443596565,192.2029443596565,186.2659234584692,187.52789306640625,1445600,0.0,0.0
2024-05-09 00:00:00-04:00,187.59478370618132,191.6579669993794,187.5374234526023,189.29653930664062,878400,0.0,0.0
2024-05-10 00:00:00-04:00,189.64074231211322,190.61591052544165,185.8834847011475,187.47052001953125,1002300,0.0,0.0
2024-05-13 00:00:00-04:00,189.04798883462388,191.41897190120386,185.40545196524334,185.7687530517578,694700,0.0,0.0
2024-05-14 00:00:00-04:00,187.84335119579038,191.75357870727373,187.31752455360453,191.67709350585938,859300,0.0,0.0
2024-05-15 00:00:00-04:00,192.48019123485793,193.08250315667672,189.66942171712012,192.24118041992188,604000,0.0,0.0
2024-05-16 00:00:00-04:00,191.42853896055576,192.06908619785366,188.18755287413234,188.2640380859375,679400,0.0,0.0
2024-05-17 00:00:00-04:00,188.2735902452183,188.45524079683236,183.92360512759078,185.9886474609375,890300,0.0,0.0
2024-05-20 00:00:00-04:00,186.66743843417552,188.03457323452236,184.889197464033,185.21424865722656,806700,0.0,0.0
2024-05-21 00:00:00-04:00,185.45326688873124,185.63491744163213,179.64052213621403,180.2237091064453,1070700,0.0,0.0
2024-05-22 00:00:00-04:00,179.8221704767924,179.89865568697087,174.8029434398201,175.66339111328125,1108500,0.0,0.0
2024-05-23 00:00:00-04:00,177.28866090013344,179.77436457326525,176.94448474993828,178.39767456054688,958100,0.0,0.0
2024-05-24 00:00:00-04:00,179.36325963096343,182.85281136475535,179.36325963096343,181.61952209472656,893900,0.0,0.0
2024-05-28 00:00:00-04:00,183.50294622869637,187.17414885736906,183.0344797781382,186.42843627929688,2280800,0.0,0.0
2024-05-29 00:00:00-04:00,203.60852955090405,219.46928336717642,202.96798233205243,216.09445190429688,5103300,0.0,0.0
2024-05-30 00:00:00-04:00,217.28952159146297,218.45589559274498,210.83622927088953,214.30667114257812,2355900,0.0,0.0
2024-05-31 00:00:00-04:00,215.10972868459973,217.67191756177314,209.89929595185185,217.63368225097656,2510400,0.0,0.0
2024-06-03 00:00:00-04:00,218.50369843358064,219.3258962524728,210.37733040957832,212.57623291015625,1165500,0.0,0.0
2024-06-04 00:00:00-04:00,210.47288448177855,211.32376226474324,206.72519724736892,210.8744354248047,1290100,0.0,0.0
2024-06-05 00:00:00-04:00,211.29511858962178,211.29511858962178,205.1573225253334,207.57611083984375,831300,0.0,0.0
2024-06-06 00:00:00-04:00,209.679389178008,209.679389178008,201.6486180219425,202.94883728027344,815700,0.0,0.0
2024-06-07 00:00:00-04:00,202.70985210895532,209.6794156731769,202.22227529599357,209.42127990722656,1194400,0.0,0.0
2024-06-10 00:00:00-04:00,206.50535229087197,209.29699696942174,202.77678926528975,206.71568298339844,1142900,0.0,0.0
2024-06-11 00:00:00-04:00,205.19553843374044,209.4021223043751,203.1304818042753,209.27783203125,815300,0.0,0.0
2024-06-12 00:00:00-04:00,211.2377370488847,214.85157909104262,210.2338887953828,212.16510009765625,790300,0.0,0.0
2024-06-13 00:00:00-04:00,212.16511916564664,213.60873924101463,208.73292735275314,210.71192932128906,815000,0.0,0.0
2024-06-14 00:00:00-04:00,208.69416578051874,209.5012667817059,206.43620359901405,207.81019592285156,721200,1.1,0.0
2024-06-17 00:00:00-04:00,210.34679767582512,221.05053976116375,209.27066306828166,216.8036346435547,1555900,0.0,0.0
2024-06-18 00:00:00-04:00,215.57376152511526,219.38829216372315,214.93960449322805,218.75413513183594,662300,0.0,0.0
2024-06-20 00:00:00-04:00,219.32103112159126,225.2878457563676,216.98620017400575,220.52207946777344,1159500,0.0,0.0
2024-06-21 00:00:00-04:00,219.60930167098383,221.55980315451683,216.9189502471065,220.34915161132812,2445500,0.0,0.0
2024-06-24 00:00:00-04:00,219.08083598207162,222.366902715814,218.4274726758093,220.78152465820312,785800,0.0,0.0
2024-06-25 00:00:00-04:00,221.88647698080067,221.88647698080067,216.0734144954812,216.12144470214844,849800,0.0,0.0
2024-06-26 00:00:00-04:00,215.66987055260475,218.71572760641814,214.58411808218514,217.3417205810547,693700,0.0,0.0
2024-06-27 00:00:00-04:00,215.8812288926403,216.21752829717124,210.99056350051296,211.51902770996094,794400,0.0,0.0
2024-06-28 00:00:00-04:00,207.68526624761103,212.23964668092424,204.9949297836125,206.43618774414062,1508500,0.0,0.0
2024-07-01 00:00:00-04:00,207.62762896395512,207.65645295175085,194.09901845197732,194.46414184570312,1616200,0.0,0.0
2024-07-02 00:00:00-04:00,194.10864338990748,194.71396181720533,189.41014260964823,190.438232421875,1189900,0.0,0.0
2024-07-03 00:00:00-04:00,190.43823716436972,194.74279065575672,190.43823716436972,192.29266357421875,611500,0.0,0.0
2024-07-05 00:00:00-04:00,191.86987351856465,194.29119103627662,190.49586661695696,193.4168243408203,877500,0.0,0.0
2024-07-08 00:00:00-04:00,194.74277743357968,196.0110915338384,191.04355729696135,193.2054443359375,936300,0.0,0.0
2024-07-09 00:00:00-04:00,193.86842591619296,196.3089497294121,192.36951991077265,193.09014892578125,759800,0.0,0.0
2024-07-10 00:00:00-04:00,195.4634176189334,196.74133490103108,191.1012161952287,191.23573303222656,1041800,0.0,0.0
2024-07-11 00:00:00-04:00,192.06203330760974,202.36222460179675,190.80333704716767,201.91062927246094,1342100,0.0,0.0
2024-07-12 00:00:00-04:00,207.4546895917346,216.11184109900822,206.5803228461081,212.9698944091797,1969300,0.0,0.0
2024-07-15 00:00:00-04:00,211.62475008529614,214.1997910852627,205.93658603077418,207.07998657226562,1446000,0.0,0.0
2024-07-16 00:00:00-04:00,208.91514544741094,218.35058824528173,206.50344565836778,217.60113525390625,1063300,0.0,0.0
2024-07-17 00:00:00-04:00,214.142132493898,215.0453232856704,204.06294315552128,205.40811157226562,1289400,0.0,0.0
2024-07-18 00:00:00-04:00,206.8493532508465,214.1997634089354,205.5714360261342,207.53155517578125,1058600,0.0,0.0
2024-07-19 00:00:00-04:00,207.6564863192717,207.6564863192717,202.75621701053825,203.80352783203125,767700,0.0,0.0
2024-07-22 00:00:00-04:00,204.62022395346273,204.62022395346273,195.61715501500865,198.02886962890625,1167400,0.0,0.0
2024-07-23 00:00:00-04:00,196.98154857788072,197.93278422672398,194.85810313214827,196.61643981933594,761700,0.0,0.0
2024-07-24 00:00:00-04:00,195.05027210497806,196.35701343065298,192.40796546316184,193.51292419433594,1036300,0.0,0.0
2024-07-25 00:00:00-04:00,194.271976152045,198.85518078667192,191.20689839973903,194.78121948242188,979800,0.0,0.0
2024-07-26 00:00:00-04:00,196.95270654181297,202.9003002570352,195.94382300570564,200.74801635742188,922000,0.0,0.0
2024-07-29 00:00:00-04:00,201.72808465193955,202.90991216255244,198.42279713686543,199.64306640625,673200,0.0,0.0
2024-07-30 00:00:00-04:00,200.19075602123195,203.56329469831147,200.19075602123195,201.55514526367188,769900,0.0,0.0
2024-07-31 00:00:00-04:00,205.02373448119317,210.09696085206193,201.7953163668919,207.87742614746094,1124900,0.0,0.0
2024-08-01 00:00:00-04:00,208.17531931725023,210.31798554456432,196.20326248852595,197.9231719970703,1031000,0.0,0.0
2024-08-02 00:00:00-04:00,192.25421988715104,192.3214856363159,187.84397359110002,191.2069091796875,933100,0.0,0.0
2024-08-05 00:00:00-04:00,182.5305253557029,191.86026073553109,179.244458826873,189.93858337402344,901000,0.0,0.0
2024-08-06 00:00:00-04:00,191.3126032952002,193.5129175725124,184.91341372838812,189.19876098632812,1221000,0.0,0.0
2024-08-07 00:00:00-04:00,191.40866850854462,194.2046977584953,185.39380934632484,187.065673828125,958500,0.0,0.0
2024-08-08 00:00:00-04:00,190.11155407007172,193.69547847242552,188.98737450133024,192.72503662109375,633000,0.0,0.0
2024-08-09 00:00:00-04:00,192.1965635509446,199.60463636203815,190.63039178191167,199.01852416992188,749700,0.0,0.0
2024-08-12 00:00:00-04:00,198.44201752087125,199.73915564332586,195.10790602565905,196.49151611328125,631600,0.0,0.0
2024-08-13 00:00:00-04:00,197.42352499404834,207.35859343870766,197.42352499404834,206.82052612304688,1029100,0.0,0.0
2024-08-14 00:00:00-04:00,207.76215870574234,208.98242802279154,204.8123913685276,205.44654846191406,740100,0.0,0.0
2024-08-15 00:00:00-04:00,214.8339268151123,218.80219543746765,212.37418202707326,215.34317016601562,1247700,0.0,0.0
2024-08-16 00:00:00-04:00,213.39266234948315,220.8391622390702,212.68165109805489,215.84280395507812,890000,0.0,0.0
2024-08-19 00:00:00-04:00,215.8043966516339,220.22424625925916,215.53536296513656,217.72607421875,766000,0.0,0.0
2024-08-20 00:00:00-04:00,218.11040480900496,219.27302619307184,213.70976140196828,215.8043975830078,593100,0.0,0.0
2024-08-21 00:00:00-04:00,220.99290876203165,226.99815084795642,220.9544816636254,226.22947692871094,1255800,0.0,0.0
2024-08-22 00:00:00-04:00,225.52805429412098,228.23761172567197,224.09639939461,225.9412078857422,806000,0.0,0.0
2024-08-23 00:00:00-04:00,227.8917076784908,229.9286956192816,225.29744621351665,229.81338500976562,663500,0.0,0.0
2024-08-26 00:00:00-04:00,229.2849428427026,229.2849428427026,223.2989072072797,225.8451385498047,856900,0.0,0.0
2024-08-27 00:00:00-04:00,224.02915541480596,229.13120657976637,223.02027184483842,227.0461883544922,694800,0.0,0.0
2024-08-28 00:00:00-04:00,225.58570307635284,227.48815954882667,224.32700675715967,225.7682647705078,698500,0.0,0.0
2024-08-29 00:00:00-04:00,227.8725188028024,229.32338002028382,224.25975576187741,225.85475158691406,802500,0.0,0.0
2024-08-30 00:00:00-04:00,227.33445634687263,228.0646885259985,222.9626370591951,227.68035888671875,1086900,0.0,0.0
2024-09-03 00:00:00-04:00,226.75793559597102,229.6404517264283,221.2138921332457,223.02987670898438,2109600,0.0,0.0
2024-09-04 00:00:00-04:00,208.46356611203325,212.79694327347767,199.3644226548861,212.12435913085938,3673600,0.0,0.0
2024-09-05 00:00:00-04:00,210.20269924067995,211.49021965799656,202.66010912416775,206.4169921875,1363200,0.0,0.0
2024-09-06 00:00:00-04:00,206.63797530276005,207.31055948273274,198.85519037238655,199.89288330078125,1295300,0.0,0.0
2024-09-09 00:00:00-04:00,200.50782641015599,201.09393864316,197.17372938448608,199.30677795410156,1262900,0.0,0.0
2024-09-10 00:00:00-04:00,199.5373656182991,199.72953042080215,196.19365113879505,198.8263397216797,921000,0.0,0.0
2024-09-11 00:00:00-04:00,197.9519689431163,200.26757878523833,194.42569310341878,200.1234588623047,883500,0.0,0.0
2024-09-12 00:00:00-04:00,200.38290272501845,204.03409251515325,200.38290272501845,202.44869995117188,619800,0.0,0.0
2024-09-13 00:00:00-04:00,203.78427239706838,209.56852536360742,203.78427239706838,208.45394897460938,743200,0.0,0.0
2024-09-16 00:00:00-04:00,208.73261433692045,210.47173012036487,202.4198967420019,204.014892578125,1012300,0.0,0.0
2024-09-17 00:00:00-04:00,205.23515883553992,205.9653909931599,203.3423053622995,204.90846252441406,840300,0.0,0.0
2024-09-18 00:00:00-04:00,206.05186014664463,210.45250323451387,202.25655014272186,204.25509643554688,1005800,0.0,0.0
2024-09-19 00:00:00-04:00,208.3770639187738,209.7222467647348,204.87961197724908,206.9934539794922,750100,0.0,0.0
2024-09-20 00:00:00-04:00,206.67478841282679,207.1576734324829,203.81610261241067,205.24545288085938,1178400,1.1,0.0
2024-09-23 00:00:00-04:00,206.08566025049714,208.36487804592807,202.92758821600822,207.9109649658203,1079100,0.0,0.0
2024-09-24 00:00:00-04:00,209.3113350247739,210.99178018651548,208.0268591131266,209.50448608398438,691800,0.0,0.0
2024-09-25 00:00:00-04:00,209.75561472118673,210.14191687459473,207.11906641979493,207.8144073486328,882900,0.0,0.0
2024-09-26 00:00:00-04:00,213.6186692467144,219.27808205177482,208.28761470580383,209.78456115722656,1075300,0.0,0.0
2024-09-27 00:00:00-04:00,210.17086572915184,210.17086572915184,199.57636749674683,201.98114013671875,1390800,0.0,0.0
2024-09-30 00:00:00-04:00,201.32443799032998,202.15500085118617,198.07944992192466,201.55621337890625,1010400,0.0,0.0
2024-10-01 00:00:00-04:00,198.72650081140236,200.56145795176093,195.7615797814181,198.36915588378906,806000,0.0,0.0
2024-10-02 00:00:00-04:00,196.6404267583308,198.3498437538489,195.1821193896511,198.2242889404297,617600,0.0,0.0
2024-10-03 00:00:00-04:00,196.8239448486053,201.03470297824958,195.49117742525783,200.41661071777344,675500,0.0,0.0
2024-10-04 00:00:00-04:00,204.7432431799535,210.29642076620226,204.7432431799535,207.66952514648438,966000,0.0,0.0
2024-10-07 00:00:00-04:00,205.70900830227617,206.67477829430564,194.3805304219851,199.1417694091797,1023500,0.0,0.0
2024-10-08 00:00:00-04:00,200.85120342150213,201.12161786324006,197.95389320018296,198.69754028320312,494000,0.0,0.0
2024-10-09 00:00:00-04:00,199.29630684942845,200.2137854438407,195.80022400617105,195.94508361816406,655100,0.0,0.0
2024-10-10 00:00:00-04:00,195.03725372105836,196.31207722835106,192.42002520413277,193.8203887939453,683400,0.0,0.0
2024-10-11 00:00:00-04:00,194.42881806821106,199.91438444219654,194.42881806821106,198.53334045410156,620300,0.0,0.0
2024-10-14 00:00:00-04:00,198.4753965617859,198.79410244488358,194.15840328347988,197.8862762451172,913100,0.0,0.0
2024-10-15 00:00:00-04:00,197.66413312412527,205.2937245411379,197.25851151509116,202.47366333007812,749300,0.0,0.0
2024-10-16 00:00:00-04:00,203.38149483669773,205.97941841883102,201.4209829727456,205.38064575195312,723300,0.0,0.0
2024-10-17 00:00:00-04:00,206.2788203422283,209.52380828237526,205.35168935160425,207.67918395996094,679100,0.0,0.0
2024-10-18 00:00:00-04:00,208.1620501628589,211.91889470820752,205.7476252690235,211.17526245117188,588200,0.0,0.0
2024-10-21 00:00:00-04:00,210.23848339968487,210.6634245772123,203.92233905458366,206.09532165527344,516000,0.0,0.0
2024-10-22 00:00:00-04:00,204.5307822216261,205.81525817039264,201.33408567939802,201.4596405029297,649500,0.0,0.0
2024-10-23 00:00:00-04:00,200.880163759374,201.1216062638925,196.88187647400724,198.6588897705078,696000,0.0,0.0
2024-10-24 00:00:00-04:00,200.2620704084898,202.01011177351378,196.6114609396655,197.519287109375,627500,0.0,0.0
2024-10-25 00:00:00-04:00,199.81780176298025,200.1075357025299,197.01707473245415,197.37440490722656,495300,0.0,0.0
2024-10-28 00:00:00-04:00,198.44641000936923,200.4455609278314,197.702777740112,198.2436065673828,544900,0.0,0.0
2024-10-29 00:00:00-04:00,195.28836871922547,196.3893459891604,191.62809196933623,195.2111053466797,664300,0.0,0.0
2024-10-30 00:00:00-04:00,195.00830068986096,197.49033696958136,193.57896503973797,194.00390625,559200,0.0,0.0
2024-10-31 00:00:00-04:00,192.66146948708445,193.73347481483617,189.0494842529297,189.0494842529297,834200,0.0,0.0
2024-11-01 00:00:00-04:00,190.12147776945534,191.19348303060914,186.07489921846508,187.06964111328125,1261700,0.0,0.0
2024-11-04 00:00:00-05:00,187.53322454386694,192.67112837401865,187.4366563790522,189.99594116210938,695800,0.0,0.0
2024-11-05 00:00:00-05:00,189.43576759196503,192.68075517563696,188.46999765321124,191.31903076171875,694500,0.0,0.0
2024-11-06 00:00:00-05:00,194.02317381910092,194.29358822166503,182.24078357323086,188.44102478027344,1519100,0.0,0.0
2024-11-07 00:00:00-05:00,189.2715942003088,195.21108834533052,189.13638699424953,193.13467407226562,841300,0.0,0.0
2024-11-08 00:00:00-05:00,192.0626715280747,196.91084096199583,192.0626715280747,195.9933624267578,727600,0.0,0.0
2024-11-11 00:00:00-05:00,198.16634289299384,198.37881346573133,190.78786089709996,191.68601989746094,683700,0.0,0.0
2024-11-12 00:00:00-05:00,193.76244060461713,195.91610358717162,191.0679340412167,191.98541259765625,968400,0.0,0.0
2024-11-13 00:00:00-05:00,193.2119416202229,197.27783975751652,189.79312234359088,190.5753936767578,700900,0.0,0.0
2024-11-14 00:00:00-05:00,191.18383626501205,196.85290146656513,190.57539644748934,191.91781616210938,1046200,0.0,0.0
2024-11-15 00:00:00-05:00,190.2663527932852,194.3612231222107,189.7931348987706,191.4639129638672,905300,0.0,0.0
2024-11-18 00:00:00-05:00,192.7483818486249,194.92136438786005,191.34801827063617,193.61756896972656,1064400,0.0,0.0
2024-11-19 00:00:00-05:00,191.47355269080248,194.10044823948257,186.1135410416865,192.7387237548828,1032000,0.0,0.0
2024-11-20 00:00:00-05:00,190.25669695688595,190.50779186093436,185.62099784008183,187.53321838378906,1337300,0.0,0.0
2024-11-21 00:00:00-05:00,187.82294608486416,195.5780780311769,185.82380984132996,194.72821044921875,1585600,0.0,0.0
2024-11-22 00:00:00-05:00,197.9828405423172,203.89334794429718,197.97318814791137,202.96621704101562,1738300,0.0,0.0
2024-11-25 00:00:00-05:00,209.58174030235546,213.17440584540395,206.5009464117586,207.8626708984375,2403800,0.0,0.0
2024-11-26 00:00:00-05:00,219.02698080891884,221.5476412018732,201.8459382875385,204.95571899414062,3822000,0.0,0.0
2024-11-27 00:00:00-05:00,210.6441093872087,217.2982645430912,205.36134595473143,206.346435546875,1939400,0.0,0.0
2024-11-29 00:00:00-05:00,205.1682115125067,207.48605396083957,199.8951000482975,200.14620971679688,1206800,0.0,0.0
2024-12-02 00:00:00-05:00,200.87051502634083,211.32013914943462,200.1654922900275,207.9882354736328,1879700,0.0,0.0
2024-12-03 00:00:00-05:00,208.6063413891201,210.72138026381916,201.97150552450157,202.31918334960938,1830400,0.0,0.0
2024-12-04 00:00:00-05:00,202.81168695895963,205.8248844495335,199.51840793396613,204.3665771484375,1483100,0.0,0.0
2024-12-05 00:00:00-05:00,203.03383851233323,205.94081586615715,200.7739400761345,201.57553100585938,988300,0.0,0.0
2024-12-06 00:00:00-05:00,204.0961817846986,211.1849302534312,203.10143983478156,209.6590118408203,1705400,0.0,0.0
2024-12-09 00:00:00-05:00,210.58616464913965,211.4650189409912,204.0672167404607,206.85829162597656,1360300,0.0,0.0
2024-12-10 00:00:00-05:00,206.20155066023906,212.19898893926498,204.30864968269262,206.4429931640625,1001900,0.0,0.0
2024-12-11 00:00:00-05:00,207.39909883814644,213.69592310137932,206.91621385831374,213.47378540039062,1199600,0.0,0.0
2024-12-12 00:00:00-05:00,212.89434183514635,213.85044470684048,210.4702496960866,211.36842346191406,863400,0.0,0.0
2024-12-13 00:00:00-05:00,212.8244074464893,216.98849824913185,211.61109669225675,216.83319091796875,1027900,1.1,0.0
2024-12-16 00:00:00-05:00,216.85258810791092,221.1331516100724,215.29954456085215,217.89117431640625,1131500,0.0,0.0
2024-12-17 00:00:00-05:00,217.0272998938504,219.95866258294677,214.94041149193316,219.3374481201172,1307500,0.0,0.0
2024-12-18 00:00:00-05:00,218.41534222913216,219.49276271878307,208.3885408678387,208.61178588867188,1436800,0.0,0.0
2024-12-19 00:00:00-05:00,211.79549582470042,215.55191552172323,209.1844490381946,211.20339965820312,1116500,0.0,0.0
2024-12-20 00:00:00-05:00,209.116520157195,215.95959520627815,208.36911664745452,212.3390655517578,1757300,0.0,0.0
2024-12-23 00:00:00-05:00,211.56255038066013,218.8035797871519,210.16481419202887,218.69680786132812,1110400,0.0,0.0
2024-12-24 00:00:00-05:00,217.92999689538968,219.65774997335248,216.1439924685179,218.59974670410156,523900,0.0,0.0
2024-12-26 00:00:00-05:00,220.49252363205173,228.25771187214437,219.46363855998683,228.15093994140625,1298900,0.0,0.0
2024-12-27 00:00:00-05:00,226.68524968768793,227.72385071719555,224.38481742622074,227.19970703125,720300,0.0,0.0
2024-12-30 00:00:00-05:00,223.1909247811048,226.61731289827551,220.93901308808276,224.93809509277344,1139000,0.0,0.0
2024-12-31 00:00:00-05:00,226.19993574463982,226.19993574463982,220.4051774203753,222.1232147216797,770900,0.0,0.0
2025-01-02 00:00:00-05:00,224.12274084725212,226.48142448940342,218.27944732936942,220.24986267089844,894700,0.0,0.0
2025-01-03 00:00:00-05:00,220.97785043767772,224.11304107860303,218.50269369550665,222.39498901367188,821600,0.0,0.0
2025-01-06 00:00:00-05:00,224.2101166161018,228.8886349821731,220.1333808079138,221.3369903564453,1225500,0.0,0.0
2025-01-07 00:00:00-05:00,223.3365181916511,224.77308868942498,216.98848328023,220.90989685058594,1027400,0.0,0.0
2025-01-08 00:00:00-05:00,219.61893333509323,227.1705777916473,219.30833350396293,226.67555236816406,820700,0.0,0.0
2025-01-10 00:00:00-05:00,223.4821182286421,228.10239980336598,222.93854262197968,223.07444763183594,1255800,0.0,0.0
2025-01-13 00:00:00-05:00,221.02638076097034,222.64736201026275,213.23205952796397,217.85235595703125,1106300,0.0,0.0
2025-01-14 00:00:00-05:00,218.44445370558603,220.63811404208406,213.29031240304965,214.19300842285156,1012500,0.0,0.0
2025-01-15 00:00:00-05:00,218.83271766629642,221.6184891402681,218.1726837463645,219.86160278320312,1488800,0.0,0.0
2025-01-16 00:00:00-05:00,219.23066644746913,222.36585689313148,218.4347275840383,220.46339416503906,1098700,0.0,0.0
2025-01-17 00:00:00-05:00,222.45323027811673,224.0645104452827,220.37604294835728,221.3369903564453,1054600,0.0,0.0
2025-01-21 00:00:00-05:00,225.15165162948702,227.6753290564921,223.46271776463536,227.60739135742188,917500,0.0,0.0
2025-01-22 00:00:00-05:00,228.63626803585217,231.44144174213278,225.19046273441288,229.51956176757812,862300,0.0,0.0
2025-01-23 00:00:00-05:00,229.14099602853324,239.49781363432456,229.14099602853324,238.498046875,1601800,0.0,0.0
2025-01-24 00:00:00-05:00,238.81834817773182,247.127111700783,238.35244104917027,242.2447509765625,2087100,0.0,0.0
2025-01-27 00:00:00-05:00,237.8088875246258,241.35174870011403,236.6926476504092,239.17750549316406,1222500,0.0,0.0
2025-01-28 00:00:00-05:00,239.49781337069237,242.96302077276005,238.50774776542139,241.9147186279297,611900,0.0,0.0
2025-01-29 00:00:00-05:00,243.7492618954683,244.3607752283848,236.97413908683967,238.38157653808594,857600,0.0,0.0
2025-01-30 00:00:00-05:00,238.92515098564925,244.0598904601599,237.9253840957015,242.7009735107422,519400,0.0,0.0
2025-01-31 00:00:00-05:00,242.70095017397819,242.70095017397819,231.63556293615284,233.00418090820312,1118500,0.0,0.0
2025-02-03 00:00:00-05:00,227.00557216870422,230.90758349569535,222.05527343892405,230.3057861328125,1394800,0.0,0.0
2025-02-04 00:00:00-05:00,230.674627151468,233.92630579119145,229.85928590582117,230.606689453125,779600,0.0,0.0
2025-02-05 00:00:00-05:00,231.89765269292673,233.83894982689606,229.7913470798806,232.5382843017578,928000,0.0,0.0
2025-02-06 00:00:00-05:00,234.4795862284963,235.7705358153618,231.7423501044079,233.16920471191406,642100,0.0,0.0
2025-02-07 00:00:00-05:00,231.50936999911653,234.7319301505751,225.53988760733063,227.0249786376953,767900,0.0,0.0
2025-02-10 00:00:00-05:00,228.69449629863345,230.73286409636464,226.06403231667912,229.70396423339844,848100,0.0,0.0
2025-02-11 00:00:00-05:00,231.73263227321516,239.93460927942272,230.04369852175677,236.8285369873047,1010700,0.0,0.0
2025-02-12 00:00:00-05:00,233.1012355634807,235.75111668023504,231.02404832837644,233.90687561035156,960200,0.0,0.0
2025-02-13 00:00:00-05:00,235.5666978503949,238.42040694358826,233.72245672760144,235.48904418945312,734700,0.0,0.0
2025-02-14 00:00:00-05:00,237.08090405380239,237.08090405380239,228.54890997026823,231.36378479003906,861000,0.0,0.0
2025-02-18 00:00:00-05:00,233.32450347975384,233.32450347975384,223.3559387117521,227.7529754638672,980600,0.0,0.0
2025-02-19 00:00:00-05:00,225.64665840288652,226.92790672360965,222.77353232069524,224.1809844970703,684600,0.0,0.0
2025-02-20 00:00:00-05:00,223.5112455915901,226.40377412141012,222.30763605854133,224.70513916015625,987100,0.0,0.0
2025-02-21 00:00:00-05:00,226.23876980669684,228.0053424972154,215.20250033779072,218.04649353027344,1175400,0.0,0.0
2025-02-24 00:00:00-05:00,219.38600235211842,219.38600235211842,210.71810258791697,213.9115447998047,1468600,0.0,0.0
2025-02-25 00:00:00-05:00,212.91176145735338,216.73610423295622,212.64968220660768,213.455322265625,940300,0.0,0.0
2025-02-26 00:00:00-05:00,217.211739234402,223.0550478649888,215.5519384476489,220.2401580810547,1115600,0.0,0.0
2025-02-27 00:00:00-05:00,220.18190614603674,220.18190614603674,215.24130874678568,215.29954528808594,787200,0.0,0.0
2025-02-28 00:00:00-05:00,215.48397976322644,219.82278000008944,215.28985301391234,218.4929962158203,997200,0.0,0.0
2025-03-03 00:00:00-05:00,220.18189741658378,222.09407610504266,206.5054639024149,208.1555633544922,1301900,0.0,0.0
2025-03-04 00:00:00-05:00,202.96261870359757,208.64090386180067,198.5461648177141,205.8939666748047,1837500,0.0,0.0
2025-03-05 00:00:00-05:00,204.72918228501473,210.7763183650965,203.82648627848795,210.23275756835938,1347000,0.0,0.0
2025-03-06 00:00:00-05:00,207.8158554698244,212.36818461841335,204.78742199540028,208.38853454589844,1251100,0.0,0.0
2025-03-07 00:00:00-05:00,207.718782347747,209.54360629665183,197.0804680994871,207.9711456298828,2017300,0.0,0.0
2025-03-10 00:00:00-04:00,204.32152202910797,210.93163635778438,203.43822828424217,204.82626342773438,2637600,0.0,0.0
2025-03-11 00:00:00-04:00,199.99242141825866,206.74814186647575,190.11122625425818,193.12994384765625,4175500,0.0,0.0
2025-03-12 00:00:00-04:00,192.3146088721509,195.40126426299335,187.59725615694256,189.4414825439453,2276100,0.0,0.0
2025-03-13 00:00:00-04:00,189.33470739385703,189.33470739385703,180.62798854990643,181.07449340820312,1629100,0.0,0.0
2025-03-14 00:00:00-04:00,185.07356703378724,189.23765782750831,182.2489760493642,188.79115295410156,2197300,0.0,0.0
2025-03-17 00:00:00-04:00,187.95637996813872,192.12045562756185,186.55864372105594,192.0039825439453,1913800,0.0,0.0
2025-03-18 00:00:00-04:00,190.28593806106173,190.76156118958176,187.44194487641948,187.5778350830078,998700,0.0,0.0
2025-03-19 00:00:00-04:00,187.57783216825766,193.63468444833907,186.21893012349008,192.3048858642578,1289000,0.0,0.0
2025-03-20 00:00:00-04:00,190.95570704725452,191.51868504828664,185.55890285856995,185.73362731933594,1472900,0.0,0.0
2025-03-21 00:00:00-04:00,183.13226082750722,190.2665336207231,181.04537236166883,189.7132568359375,3647200,0.0,0.0
2025-03-24 00:00:00-04:00,192.56694177957897,201.0892338253435,192.1398540998682,199.5264892578125,1467700,0.0,0.0
2025-03-25 00:00:00-04:00,199.03148104600203,202.47728623787435,198.5267396709335,201.83665466308594,1267600,0.0,0.0
2025-03-26 00:00:00-04:00,201.68136629144757,202.671432017223,199.4391703799828,200.81748962402344,852500,0.0,0.0
2025-03-27 00:00:00-04:00,200.29333731267667,207.83526599888404,199.31297278303404,203.92355346679688,1277100,0.0,0.0
2025-03-28 00:00:00-04:00,202.12034487232108,203.65311994692004,194.91535457686325,197.1803436279297,1593100,1.213,0.0
2025-03-31 00:00:00-04:00,194.46626845421784,198.88883960696012,189.75080873636108,196.78005981445312,1347100,0.0,0.0
2025-04-01 00:00:00-04:00,196.21382328693156,202.0910651996269,195.17896321096433,201.5150604248047,1165900,0.0,0.0
2025-04-02 00:00:00-04:00,198.82050263429642,207.5777832863006,198.38117721266696,206.30862426757812,960800,0.0,0.0
2025-04-03 00:00:00-04:00,184.37150346574262,186.06047303400862,172.6170189255046,180.58351135253906,4149600,0.0,0.0
2025-04-04 00:00:00-04:00,170.70349700659364,192.33796873679668,164.23072046006695,178.53329467773438,3464100,0.0,0.0
2025-04-07 00:00:00-04:00,170.89875317210118,183.03397289901127,162.81511168121835,173.05633544921875,2168300,0.0,0.0
2025-04-08 00:00:00-04:00,178.89452885684094,184.39100512329767,164.43573063644735,167.14004516601562,2401400,0.0,0.0
2025-04-09 00:00:00-04:00,165.4217671117013,197.37557762159102,162.4245643891993,193.2458953857422,3156200,0.0,0.0
2025-04-10 00:00:00-04:00,185.64065513575648,186.8707842226678,177.0102961337095,185.5137481689453,1683100,0.0,0.0
2025-04-11 00:00:00-04:00,181.0618810427546,182.63370099550585,173.7787860394836,181.52072143554688,1412900,0.0,0.0
2025-04-14 00:00:00-04:00,187.1343478334487,187.85680427464158,177.11766662426737,180.60301208496094,1369500,0.0,0.0
2025-04-15 00:00:00-04:00,181.3059395991237,183.26826758079488,178.1134826733903,179.9196014404297,852600,0.0,0.0
2025-04-16 00:00:00-04:00,179.16788526458413,182.13578606893628,173.964282745544,176.36593627929688,795500,0.0,0.0
2025-04-17 00:00:00-04:00,177.30317477528146,181.5793091767128,176.7173976337125,181.1399688720703,644300,0.0,0.0
2025-04-21 00:00:00-04:00,177.2348337479651,178.0939696126274,169.92246609864483,172.20697021484375,1054600,0.0,0.0
2025-04-22 00:00:00-04:00,174.22789407523757,180.22228566459174,173.06611209882522,176.52215576171875,966000,0.0,0.0
2025-04-23 00:00:00-04:00,184.90844650331871,194.4272290350262,179.70485849528615,179.96844482421875,1310000,0.0,0.0
2025-04-24 00:00:00-04:00,179.7243736046854,186.3728747172675,177.66441083894722,185.01583862304688,792600,0.0,0.0
2025-04-25 00:00:00-04:00,184.4300575291442,186.03116480730415,181.4914292750765,183.3170928955078,586400,0.0,0.0
2025-04-28 00:00:00-04:00,183.54163036874405,188.81356485673345,183.54163036874405,185.36727905273438,1268400,0.0,0.0
2025-04-29 00:00:00-04:00,183.62950621953453,188.15946960604794,182.8680048452838,187.45654296875,640500,0.0,0.0
2025-04-30 00:00:00-04:00,181.62811431829837,183.66856195809413,178.96285956671755,183.28781127929688,1044900,0.0,0.0
2025-05-01 00:00:00-04:00,185.17204833547274,186.06047161660484,181.76480695776362,182.90707397460938,937700,0.0,0.0
2025-05-02 00:00:00-04:00,185.66019464506502,191.94747506941445,184.27387115039994,189.18458557128906,897700,0.0,0.0
2025-05-05 00:00:00-04:00,186.79267128847556,189.21385470089237,184.95725012747013,185.26966857910156,792700,0.0,0.0
2025-05-06 00:00:00-04:00,182.49701516084752,184.64485487000005,181.47192745058118,181.99911499023438,698800,0.0,0.0
2025-05-07 00:00:00-04:00,185.13300695753824,187.0562904058732,182.93636478631709,183.9028778076172,1048600,0.0,0.0
2025-05-08 00:00:00-04:00,186.8902956848762,188.18875697609207,184.47888459768345,186.7536163330078,993600,0.0,0.0
2025-05-09 00:00:00-04:00,186.47049725041234,187.2808158585564,184.17622077573137,186.3533477783203,986500,0.0,0.0
2025-05-12 00:00:00-04:00,200.6266300638661,219.31273019510513,200.6266300638661,207.3825225830078,2577900,0.0,0.0
2025-05-13 00:00:00-04:00,207.90973126101514,210.93620685793172,206.42577338235319,207.01153564453125,944400,0.0,0.0
2025-05-14 00:00:00-04:00,205.42020668437033,207.06035894272685,203.82885677658945,204.63917541503906,734300,0.0,0.0
2025-05-15 00:00:00-04:00,178.45520727760965,183.102335460597,171.1818838001314,174.8039093017578,11348100,0.0,0.0
2025-05-16 00:00:00-04:00,176.71739289588479,181.3742778454045,175.2432074882659,179.65602111816406,4285500,0.0,0.0
2025-05-19 00:00:00-04:00,176.70762840129404,180.4468026573067,175.53608909293678,178.49423217773438,2183700,0.0,0.0
2025-05-20 00:00:00-04:00,179.9098583010339,182.3505716108449,177.59606685035124,178.7285614013672,1943500,0.0,0.0
2025-05-21 00:00:00-04:00,176.21951202059,177.28365951514576,171.0159091300786,171.7481231689453,2236100,0.0,0.0
2025-05-22 00:00:00-04:00,170.84993228248302,170.84993228248302,167.13028756887064,168.31158447265625,2057900,0.0,0.0
2025-05-23 00:00:00-04:00,163.66446307712732,166.4663970523041,163.0689284628742,163.25442504882812,1836600,0.0,0.0
2025-05-27 00:00:00-04:00,165.42179702098468,170.1079698201297,164.78720258639945,170.08843994140625,2075900,0.0,0.0
2025-05-28 00:00:00-04:00,180.1734547274274,181.53049069578628,169.87364185401873,172.91964721679688,4646200,0.0,0.0
2025-05-29 00:00:00-04:00,174.9113010994096,176.95173407150807,171.61145158115394,176.91268920898438,2425300,0.0,0.0
2025-05-30 00:00:00-04:00,174.26692952215842,176.31713465178004,171.78717136540064,175.08700561523438,1911700,0.0,0.0
2025-06-02 00:00:00-04:00,174.25717336339486,174.25717336339486,169.71743765509555,172.29483032226562,1755400,0.0,0.0
2025-06-03 00:00:00-04:00,173.1832518075944,174.27668659574783,170.89874774080306,173.5542449951172,1173100,0.0,0.0
2025-06-04 00:00:00-04:00,173.8764272212354,176.05353938594664,172.47057393027004,172.48033142089844,1233400,0.0,0.0
2025-06-05 00:00:00-04:00,172.60724127154757,176.25853870138423,172.52913666115919,174.75506591796875,1100600,0.0,0.0
2025-06-06 00:00:00-04:00,176.87360003623044,176.87360003623044,174.38406962597355,176.46356201171875,794100,0.0,0.0
2025-06-09 00:00:00-04:00,178.5821178134607,179.73414229466383,175.81922843305003,178.035400390625,1237600,0.0,0.0
2025-06-10 00:00:00-04:00,178.85545871124586,179.58767266467365,177.43009055752108,178.46495056152344,845000,0.0,0.0
2025-06-11 00:00:00-04:00,180.51516110390926,183.8442978305184,179.0116881708553,180.41754150390625,1439300,0.0,0.0
2025-06-12 00:00:00-04:00,178.78714349455998,180.66160960599913,177.6351190185177,180.0172576904297,1172200,0.0,0.0
2025-06-13 00:00:00-04:00,176.7574756821282,179.46003910076678,171.8142427015011,173.69129943847656,1422000,1.213,0.0
2025-06-16 00:00:00-04:00,176.86557259827157,178.4576232848546,174.58558470558418,175.54869079589844,1289000,0.0,0.0
2025-06-17 00:00:00-04:00,174.18266051154282,175.7845332294353,171.76508828734106,171.8240509033203,1208700,0.0,0.0
2025-06-18 00:00:00-04:00,170.1828659491352,172.7773261153588,170.1632067445696,171.22457885742188,1447400,0.0,0.0
2025-06-20 00:00:00-04:00,171.46045001749917,173.40629145786875,169.10185524102576,170.52684020996094,2445900,0.0,0.0
2025-06-23 00:00:00-04:00,169.17064243850484,173.66181867719402,167.78496086417326,172.75767517089844,1053900,0.0,0.0
2025-06-24 00:00:00-04:00,174.4873190957043,175.6174759446202,172.71836555322673,175.1949005126953,954500,0.0,0.0
2025-06-25 00:00:00-04:00,175.42093208959602,183.83327242804523,174.09421315959403,182.45742797851562,2120300,0.0,0.0
2025-06-26 00:00:00-04:00,183.10605341110028,194.0931951862993,183.10605341110028,192.5011444091797,2829900,0.0,0.0
2025-06-27 00:00:00-04:00,199.98968940894727,203.1541466277426,198.7317702034661,199.32142639160156,4000100,0.0,0.0
2025-06-30 00:00:00-04:00,199.81280637922177,200.38278838046114,194.13249561659435,194.39784240722656,1667700,0.0,0.0
2025-07-01 00:00:00-04:00,196.55006444641435,206.11222088297004,194.62386721678433,202.38760375976562,1978300,0.0,0.0
2025-07-02 00:00:00-04:00,201.48346370709265,204.62826155875558,198.86934440094387,202.87896728515625,1738700,0.0,0.0
2025-07-03 00:00:00-04:00,203.12466390358608,204.99188349371437,200.55968499554186,202.67259216308594,680800,0.0,0.0
2025-07-07 00:00:00-04:00,201.52277073774738,204.20567481297385,200.1567484434884,203.37034606933594,1271800,0.0,0.0
2025-07-08 00:00:00-04:00,202.88879672852275,204.99188177373296,200.28451442799823,204.08775329589844,1039400,0.0,0.0
2025-07-09 00:00:00-04:00,204.3629139820716,207.5175489211199,203.4293042322952,206.6822052001953,1359900,0.0,0.0
2025-07-10 00:00:00-04:00,207.0949686506464,212.01855730146679,206.2694619890934,210.92770385742188,1411800,0.0,0.0
2025-07-11 00:00:00-04:00,208.64770966963965,210.17097560364715,204.94273691310875,206.36773681640625,1261300,0.0,0.0
2025-07-14 00:00:00-04:00,205.1786062870306,206.10239396766002,201.74880234408465,205.24740600585938,1306700,0.0,0.0
2025-07-15 00:00:00-04:00,206.15153936158632,207.0949712737165,201.6996816000486,202.61363220214844,1357400,0.0,0.0
2025-07-16 00:00:00-04:00,203.16396597058133,203.70448163642746,198.19125183595602,198.34849548339844,1540000,0.0,0.0
2025-07-17 00:00:00-04:00,199.36073160952773,207.09497187180372,198.57452835009545,205.58154296875,1460300,0.0,0.0
2025-07-18 00:00:00-04:00,206.88860493746873,206.93774545338567,203.26225379826604,205.87637329101562,1047400,0.0,0.0
2025-07-21 00:00:00-04:00,206.97703867653584,214.25922190677653,206.37756040126138,211.72372436523438,2323000,0.0,0.0
2025-07-22 00:00:00-04:00,212.78510134370595,214.91766771717434,209.63046625019888,210.92770385742188,1045500,0.0,0.0
2025-07-23 00:00:00-04:00,213.58112385577917,214.41645261091784,211.134070217734,213.05043029785156,1143900,0.0,0.0
2025-07-24 00:00:00-04:00,212.67699627858045,213.23715615255503,208.0089323479474,208.21530151367188,839100,0.0,0.0
2025-07-25 00:00:00-04:00,211.30113900443516,213.4926829951428,208.75581929746588,213.44354248046875,910600,0.0,0.0
2025-07-28 00:00:00-04:00,214.3476724433364,217.0797171275329,213.13889375104597,215.70387268066406,1234800,0.0,0.0
2025-07-29 00:00:00-04:00,216.02817822675138,216.02817822675138,210.81959863563733,211.08493041992188,907500,0.0,0.0
2025-07-30 00:00:00-04:00,213.05043402786103,213.05043402786103,208.5789320944945,209.4142608642578,889800,0.0,0.0
2025-07-31 00:00:00-04:00,208.0777174968181,209.73856790851121,206.91807933692564,207.86151123046875,969900,0.0,0.0
2025-08-01 00:00:00-04:00,203.4293212270584,204.31379053850918,199.0266038842884,203.2032928466797,1319900,0.0,0.0
2025-08-04 00:00:00-04:00,205.4832687055501,206.41687854630806,203.3408801235072,205.88619995117188,657300,0.0,0.0
2025-08-05 00:00:00-04:00,206.20068555465753,209.05065557031665,205.24741651588198,208.5592803955078,807000,0.0,0.0
2025-08-06 00:00:00-04:00,208.6280573780927,213.17819612650894,208.24478535579192,213.08975219726562,1170500,0.0,0.0
2025-08-07 00:00:00-04:00,215.20265150858455,215.79230767315292,209.13908409755845,211.42889404296875,1038600,0.0,0.0
2025-08-08 00:00:00-04:00,211.21269000788865,211.21269000788865,206.89841684522204,207.59617614746094,958400,0.0,0.0
2025-08-11 00:00:00-04:00,209.72875022858184,209.75823153865332,206.407049335117,208.2251434326172,943400,0.0,0.0
2025-08-12 00:00:00-04:00,211.87113587158,220.22451351200587,211.5468264695998,218.376953125,2228400,0.0,0.0
2025-08-13 00:00:00-04:00,219.18279428990508,222.86810784900393,216.76523699266062,222.07208251953125,1321900,0.0,0.0
2025-08-14 00:00:00-04:00,218.13125452745874,220.3424426146869,216.30333844219365,218.96658325195312,935800,0.0,0.0
2025-08-15 00:00:00-04:00,218.8879668891812,220.4308920352839,217.54160379664063,220.10658264160156,1177900,0.0,0.0
2025-08-18 00:00:00-04:00,221.34486292736855,222.01314098056832,217.75783005417884,219.53660583496094,1228500,0.0,0.0
2025-08-19 00:00:00-04:00,221.0795217605586,225.4330985428095,220.3129627040153,223.64450073242188,1936400,0.0,0.0
2025-08-20 00:00:00-04:00,223.8508601158353,223.9884445567715,217.0698891052128,219.0452117919922,1220500,0.0,0.0
2025-08-21 00:00:00-04:00,217.18781212012678,219.72330964479957,214.73093641741042,219.55624389648438,1101300,0.0,0.0
2025-08-22 00:00:00-04:00,220.45054448849933,224.57809256205036,219.12382564548204,223.7034454345703,1583000,0.0,0.0
2025-08-25 00:00:00-04:00,222.92708546687646,224.8434456474392,221.90503170243642,223.9098358154297,1999700,0.0,0.0
2025-08-26 00:00:00-04:00,223.38897342789494,226.7106743168236,220.02796912411793,222.89759826660156,3371100,0.0,0.0
2025-08-27 00:00:00-04:00,221.7084881662563,226.77946864899013,220.93210698099745,222.1114044189453,3205800,0.0,0.0
2025-08-28 00:00:00-04:00,216.15592319369355,228.26341395917981,207.4585921282707,211.36993408203125,5499900,0.0,0.0
2025-08-29 00:00:00-04:00,212.22491450626444,212.6278457096359,204.82480628791808,209.12925720214844,4116100,0.0,0.0
2025-09-02 00:00:00-04:00,207.3603100435379,207.3603100435379,202.32863338514264,205.66015625,2129900,0.0,0.0
2025-09-03 00:00:00-04:00,205.3948145668736,209.9547754004968,204.94274282670963,206.57411193847656,2138400,0.0,0.0
2025-09-04 00:00:00-04:00,206.73136325237158,218.9666020531425,205.72895370132923,218.20005798339844,3062600,0.0,0.0
2025-09-05 00:00:00-04:00,218.37694450042656,219.56606393181127,215.54661891898346,217.42367553710938,3440600,0.0,0.0
2025-09-08 00:00:00-04:00,218.52435004797283,224.66653921891606,217.02074333857226,219.968994140625,2230100,0.0,0.0
2025-09-09 00:00:00-04:00,223.88034388661197,223.88034388661197,215.33041925881346,216.4704132080078,1960600,0.0,0.0
2025-09-10 00:00:00-04:00,216.6767859547596,224.538788500243,215.76283535672547,223.1531219482422,2015200,0.0,0.0
2025-09-11 00:00:00-04:00,223.2612043459152,227.31014574970746,221.4038068921343,226.94651794433594,1769200,0.0,0.0
2025-09-12 00:00:00-04:00,224.7365033198705,226.53456068642407,218.54213267958642,218.82862854003906,1850500,1.213,0.0
2025-09-15 00:00:00-04:00,218.84838842656873,224.02518237766242,217.84068579515431,223.37315368652344,1378800,0.0,0.0
2025-09-16 00:00:00-04:00,221.8319561314385,221.8319561314385,217.54430178911952,219.97463989257812,1870000,0.0,0.0
2025-09-17 00:00:00-04:00,221.10090048239772,225.76397691646787,218.65081432925064,220.1129608154297,1000600,0.0,0.0
2025-09-18 00:00:00-04:00,221.99003419349705,225.68493387568353,219.53994810612193,224.4697723388672,1232600,0.0,0.0
2025-09-19 00:00:00-04:00,223.60038923372176,223.70906320134233,218.6606908414461,219.27320861816406,1972700,0.0,0.0
2025-09-22 00:00:00-04:00,218.6508024349492,218.96693527230505,213.7407413512376,216.59588623046875,1697300,0.0,0.0
2025-09-23 00:00:00-04:00,221.5553334019405,227.64104506940518,219.76716510454622,225.94178771972656,1676000,0.0,0.0
2025-09-24 00:00:00-04:00,226.30732357654114,231.474243284807,225.90226473661528,227.4632110595703,1107100,0.0,0.0
2025-09-25 00:00:00-04:00,225.55648179644788,227.0186281454785,222.26664120505782,222.5136260986328,1243000,0.0,0.0
2025-09-26 00:00:00-04:00,220.87366979706698,226.7617815361932,220.12282603217966,225.51698303222656,1307800,0.0,0.0
2025-09-29 00:00:00-04:00,225.25022942311952,225.25022942311952,215.0744485000174,217.22816467285156,2234300,0.0,0.0
2025-09-30 00:00:00-04:00,216.70456557330866,219.83633241604716,213.414724770585,219.53994750976562,1195900,0.0,0.0
2025-10-01 00:00:00-04:00,219.5992056803702,231.05931068400915,219.5992056803702,230.03184509277344,1758100,0.0,0.0
2025-10-02 00:00:00-04:00,228.559846853048,229.37982350678638,225.89239770561073,227.6212921142578,899400,0.0,0.0
2025-10-03 00:00:00-04:00,228.72778406814902,234.44794781066562,227.10756370124736,228.61911010742188,1308300,0.0,0.0
2025-10-06 00:00:00-04:00,228.3523654895675,228.7870613387568,223.72881525676274,227.15695190429688,817500,0.0,0.0
2025-10-07 00:00:00-04:00,226.9297153313865,227.374285121205,221.06135189645013,222.2172393798828,798900,0.0,0.0
2025-10-08 00:00:00-04:00,223.6991604863136,226.4456464933615,221.5750963373432,224.40060424804688,939600,0.0,0.0
2025-10-09 00:00:00-04:00,224.9143512587144,225.52686903664062,219.5399569853546,221.12066650390625,978900,0.0,0.0
2025-10-10 00:00:00-04:00,221.80232707131287,221.80232707131287,209.0282745361328,209.0282745361328,1451900,0.0,0.0
2025-10-13 00:00:00-04:00,214.7583234211331,228.51044137880595,213.56290982576348,226.9396209716797,1752000,0.0,0.0
2025-10-14 00:00:00-04:00,220.98232669091846,230.48631607433842,220.6266828999325,227.48297119140625,1217500,0.0,0.0
2025-10-15 00:00:00-04:00,230.16029624268518,234.01325476033202,228.95500869105976,231.37545776367188,763700,0.0,0.0
2025-10-16 00:00:00-04:00,231.37545482158876,231.4149808480562,226.43575674651316,227.59164428710938,953600,0.0,0.0
2025-10-17 00:00:00-04:00,228.60922885110256,230.1109013391888,223.86713059358848,226.09986877441406,819000,0.0,0.0
2025-10-20 00:00:00-04:00,227.05816376312373,229.43910185571968,221.79244380066652,223.06687927246094,671900,0.0,0.0
2025-10-21 00:00:00-04:00,222.31605749211167,226.57407495744945,221.53559180411006,224.97361755371094,543300,0.0,0.0
2025-10-22 00:00:00-04:00,225.6552888914393,226.0800956858832,222.70134404432554,225.44781494140625,810800,0.0,0.0
2025-10-23 00:00:00-04:00,225.9516763892208,229.54777599135045,224.52904092907946,225.12179565429688,716300,0.0,0.0
2025-10-24 00:00:00-04:00,227.94730259947028,229.19211615922248,221.91099096335594,222.66183471679688,655500,0.0,0.0
2025-10-27 00:00:00-04:00,227.42368991009297,232.03736597236377,224.59818208831175,226.50491333007812,932100,0.0,0.0
2025-10-28 00:00:00-04:00,225.69479908279095,230.9506450018021,223.71891987860846,227.09767150878906,916800,0.0,0.0
2025-10-29 00:00:00-04:00,225.171195863911,229.99234602235435,221.71340720185816,222.8594207763672,999400,0.0,0.0
2025-10-30 00:00:00-04:00,217.65297961555342,223.19532159739356,215.43011542617523,218.09754943847656,1095300,0.0,0.0
2025-10-31 00:00:00-04:00,218.74958359914726,218.7989835939136,212.84170903433156,218.7792205810547,1528000,0.0,0.0
2025-11-03 00:00:00-05:00,217.51466032340156,222.10858851671463,214.09639774297636,215.17324829101562,1076900,0.0,0.0
2025-11-04 00:00:00-05:00,212.55519261316564,215.4992633877764,211.93280093444207,213.57276916503906,883200,0.0,0.0
2025-11-05 00:00:00-05:00,213.50362275235867,223.66951437459753,212.7824310815283,216.33900451660156,1121900,0.0,0.0
2025-11-06 00:00:00-05:00,216.11179370542567,216.79347446096133,210.8855997042562,214.1062774658203,1089500,0.0,0.0
2025-11-07 00:00:00-05:00,213.39494510742747,217.81103614965932,211.4684659790488,216.46743774414062,801900,0.0,0.0
2025-11-10 00:00:00-05:00,218.6606662520596,221.4071370433307,214.6792710015925,216.97128295898438,692700,0.0,0.0
2025-11-11 00:00:00-05:00,216.75394531318562,218.32478075649308,215.10408796653738,215.3609619140625,725500,0.0,0.0
2025-11-12 00:00:00-05:00,219.32259726964492,223.76832559267825,218.10743574894926,220.17222595214844,1311600,0.0,0.0
2025-11-13 00:00:00-05:00,219.06573119687997,222.53339374801467,216.21058637065065,217.4455108642578,800900,0.0,0.0
2025-11-14 00:00:00-05:00,215.03493637559635,217.80117026310882,211.78460665847155,213.74073791503906,863400,0.0,0.0
2025-11-17 00:00:00-05:00,212.33786318677824,212.33786318677824,205.12591575240225,206.45962524414062,1290900,0.0,0.0
2025-11-18 00:00:00-05:00,206.99309769985874,209.65065748800566,204.76034468019807,207.64512634277344,1137100,0.0,0.0
2025-11-19 00:00:00-05:00,207.77356584020444,210.04582983646992,202.71532013181343,204.54299926757812,912300,0.0,0.0
2025-11-20 00:00:00-05:00,207.48709473866683,208.79116727062808,200.03802114822457,200.1664581298828,1143800,0.0,0.0
2025-11-21 00:00:00-05:00,200.3739149946195,210.01619997163604,200.3739149946195,205.93600463867188,1597200,0.0,0.0
2025-11-24 00:00:00-05:00,204.47386689535344,207.30924881602286,203.39701631413027,203.8218231201172,2865100,0.0,0.0
2025-11-25 00:00:00-05:00,197.0939560712496,213.1381010801044,194.80192889508646,204.23675537109375,7115900,0.0,0.0
2025-11-26 00:00:00-05:00,201.5396914636269,209.314771795677,200.4430778335549,204.9085693359375,3154000,0.0,0.0
2025-11-28 00:00:00-05:00,207.2104562854455,207.2104562854455,199.63296139333497,204.0786895751953,1770800,0.0,0.0
2025-12-01 00:00:00-05:00,202.52762361898397,211.152332345337,201.09511417419242,205.6791534423828,2460400,0.0,0.0
2025-12-02 00:00:00-05:00,208.484885674455,211.09304552905044,205.59022997824707,206.89430236816406,1789100,0.0,0.0
2025-12-03 00:00:00-05:00,208.96899668030431,225.4577116686038,207.27961326457253,225.1909637451172,2719200,0.0,0.0
2025-12-04 00:00:00-05:00,224.71674212460374,225.5564817176082,219.7671552112439,223.23483276367188,1293000,0.0,0.0
2025-12-05 00:00:00-05:00,223.61025219379476,234.00338132035463,223.61025219379476,229.41934204101562,1942400,0.0,0.0
2025-12-08 00:00:00-05:00,225.24035844169813,227.1273116511284,216.09202795119538,217.20840454101562,1774700,0.0,0.0
2025-12-09 00:00:00-05:00,217.46526304134994,220.54764488831603,214.39277023837306,215.3609619140625,1406800,0.0,0.0
2025-12-10 00:00:00-05:00,214.30385150589103,217.14912231518633,208.64296194342876,216.8527374267578,1972900,0.0,0.0
2025-12-11 00:00:00-05:00,217.49489213780132,219.32258638760266,212.40700933934494,214.07662963867188,1224000,0.0,0.0
2025-12-12 00:00:00-05:00,214.79492918816658,215.54999970664036,210.34404862089994,212.3211212158203,1189300,1.213,0.0
2025-12-15 00:00:00-05:00,213.07617693837273,214.14915991938537,210.01619180577148,210.4434051513672,1023700,0.0,0.0
2025-12-16 00:00:00-05:00,212.85760575759278,212.85760575759278,206.42965257632056,208.565673828125,1162700,0.0,0.0
2025-12-17 00:00:00-05:00,208.06892262195566,211.68528108404576,206.03225754824058,206.60848999023438,1137700,0.0,0.0
2025-12-18 00:00:00-05:00,209.25118639927985,210.90040178137244,205.57523554445896,208.70477294921875,1789100,0.0,0.0
2025-12-19 00:00:00-05:00,209.51944565076298,211.59585930429947,206.6084947144114,210.76132202148438,2635000,0.0,0.0
2025-12-22 00:00:00-05:00,213.6027296727367,213.62260393879612,207.8503651578307,209.78768920898438,1535700,0.0,0.0
2025-12-23 00:00:00-05:00,211.21833774603684,211.21833774603684,203.17097285516147,206.57867431640625,1172800,0.0,0.0
2025-12-24 00:00:00-05:00,207.23438660782327,209.26113730010854,204.22407954864443,208.87367248535156,568200,0.0,0.0
2025-12-26 00:00:00-05:00,209.0723735912837,209.45983841330894,206.0024588352665,208.88360595703125,950300,0.0,0.0
2025-12-29 00:00:00-05:00,206.8071899950469,207.36354817846072,199.31618330653302,200.82630920410156,2222900,0.0,0.0
2025-12-30 00:00:00-05:00,201.29325770226265,201.8595454440777,197.53782477149363,197.6868438720703,935800,0.0,0.0
2025-12-31 00:00:00-05:00,196.98146400140178,199.3459862707615,196.067444824056,196.68341064453125,1059700,0.0,0.0
2026-01-02 00:00:00-05:00,197.68683073099234,199.7235108746877,196.27606108735947,198.9187774658203,1592600,0.0,0.0
2026-01-05 00:00:00-05:00,201.54162357383254,212.41052748445492,201.094551133336,205.71432495117188,1789800,0.0,0.0
2026-01-06 00:00:00-05:00,205.08842360884674,217.59661390673395,204.6016177748247,215.6294708251953,1849000,0.0,0.0
2026-01-07 00:00:00-05:00,215.400964371414,216.74219687858184,208.45640160039034,208.71470642089844,1336900,0.0,0.0
2026-01-08 00:00:00-05:00,207.64171630033883,220.4578735870848,206.66808953080195,215.25193786621094,1678500,0.0,0.0
2026-01-09 00:00:00-05:00,217.62641739369246,220.5572425853113,208.63522947259176,214.78500366210938,1518000,0.0,0.0
2026-01-12 00:00:00-05:00,211.91377392968113,214.4968675265196,208.39677177419742,214.178955078125,1006900,0.0,0.0
2026-01-13 00:00:00-05:00,213.58286133590903,215.10291679975242,210.4434093944139,214.2882537841797,1154500,0.0,0.0
2026-01-14 00:00:00-05:00,212.40058991779244,216.62296952160514,205.44608233504215,207.84042358398438,1134600,0.0,0.0
2026-01-15 00:00:00-05:00,210.46325616880247,213.42390017580598,206.14153575097654,211.4965057373047,833600,0.0,0.0
2026-01-16 00:00:00-05:00,212.56949225658914,216.37458795423893,211.20838550360116,213.920654296875,927300,0.0,0.0
2026-01-20 00:00:00-05:00,212.06279620680056,212.86752963220192,203.26037629259127,204.9095916748047,1124900,0.0,0.0
2026-01-21 00:00:00-05:00,206.6382963262113,212.12241140577964,204.24395507073893,210.60235595703125,1126300,0.0,0.0
2026-01-22 00:00:00-05:00,211.61572061610326,215.44070566761434,205.9328934788071,206.3203582763672,976700,0.0,0.0
2026-01-23 00:00:00-05:00,206.23096017263856,206.79724791667675,203.9161007903099,204.8201904296875,646400,0.0,0.0
2026-01-26 00:00:00-05:00,204.04524995627074,204.99900247233998,199.7930666863732,201.87940979003906,1057100,0.0,0.0
2026-01-27 00:00:00-05:00,201.40254314126258,205.6348523474493,199.19696949813923,204.4724578857422,851600,0.0,0.0
2026-01-28 00:00:00-05:00,204.12473594838545,205.65472092172348,200.93559085226363,204.34329223632812,702300,0.0,0.0
2026-01-29 00:00:00-05:00,202.6940869783712,204.3731061660906,199.44533432401536,204.25387573242188,851300,0.0,0.0
2026-01-30 00:00:00-05:00,203.2305703199063,206.14153625015376,199.72351286142353,200.6872100830078,1063500,0.0,0.0
2026-02-02 00:00:00-05:00,200.6872088051782,203.81673099744944,197.3391151727255,201.6807098388672,1517300,0.0,0.0
2026-02-03 00:00:00-05:00,201.18396723847414,208.1980823867795,200.57793097769184,201.70059204101562,1271500,0.0,0.0
2026-02-04 00:00:00-05:00,203.5484988441768,210.12547090755623,202.97226641922356,209.16177368164062,1022600,0.0,0.0
2026-02-05 00:00:00-05:00,207.8901001171971,208.6352259240688,201.6211107542565,204.19427490234375,680500,0.0,0.0
2026-02-06 00:00:00-05:00,205.38646587546904,210.67189868800085,205.38646587546904,206.9363250732422,930500,0.0,0.0
2026-02-09 00:00:00-05:00,205.22751595660444,206.26075036216645,200.18052888259987,200.60772705078125,920700,0.0,0.0
2026-02-10 00:00:00-05:00,200.76669573949596,202.23707306151817,197.02119250390837,198.51144409179688,1190300,0.0,0.0
2026-02-11 00:00:00-05:00,202.86298677843226,203.46902304011502,198.7002148517484,203.08155822753906,1330300,0.0,0.0
2026-02-12 00:00:00-05:00,204.6612228955932,209.26113775641346,197.83587531321285,198.02464294433594,1124400,0.0,0.0
2026-02-13 00:00:00-05:00,198.71014609548223,202.8629885042167,196.71321437669837,199.9420928955078,818300,0.0,0.0
2026-02-17 00:00:00-05:00,204.75063405992327,205.96270659100963,197.70671503686907,204.81024169921875,1129800,0.0,0.0
2026-02-18 00:00:00-05:00,203.8664102369699,205.7739304133136,201.482013806446,201.491943359375,817100,0.0,0.0
2026-02-19 00:00:00-05:00,199.7930679361524,201.54162433296585,198.2332640054333,201.4224090576172,944400,0.0,0.0
2026-02-20 00:00:00-05:00,199.82287828836323,208.5656757179065,198.90885910835183,204.8897247314453,1084200,0.0,0.0
2026-02-23 00:00:00-05:00,211.88397185554228,216.67263900364586,204.4128397614852,209.9665069580078,1968300,0.0,0.0
2026-02-24 00:00:00-05:00,208.88360664007564,216.13616771467602,208.15835508050273,211.1090545654297,1130900,0.0,0.0
2026-02-25 00:00:00-05:00,210.12548023870954,213.94052078062043,207.13504741949072,213.36428833007812,820100,0.0,0.0
2026-02-26 00:00:00-05:00,213.45370814164568,217.0998552013623,209.7181344654934,210.1652069091797,808200,0.0,0.0
2026-02-27 00:00:00-05:00,206.72770204401638,209.15184705196987,201.8595377622476,202.30662536621094,1173000,0.0,0.0
2026-03-02 00:00:00-05:00,198.89890316473395,204.58173026883685,195.72963245364315,202.7139434814453,943100,0.0,0.0
2026-03-03 00:00:00-05:00,196.46483078733638,201.45221025606327,195.06399068171896,200.15072631835938,1005300,0.0,0.0
2026-03-04 00:00:00-05:00,201.85954122259304,201.85954122259304,197.080803475472,199.0181427001953,933900,0.0,0.0
2026-03-05 00:00:00-05:00,197.0410735909989,201.03495222949581,196.2363401312203,200.90579223632812,1116700,0.0,0.0
2026-03-06 00:00:00-05:00,196.0177566968188,198.29286739046017,189.79843053271279,195.96807861328125,1728400,0.0,0.0
2026-03-09 00:00:00-04:00,192.1232346250825,195.64022161189664,188.4274095693129,194.62684631347656,1662700,0.0,0.0
2026-03-10 00:00:00-04:00,193.44459359216788,198.47170641404742,192.52062974471744,193.3253631591797,1395000,0.0,0.0
2026-03-11 00:00:00-04:00,194.42815544690683,197.40865864280102,190.76213409041725,194.25926208496094,2192200,0.0,0.0
2026-03-12 00:00:00-04:00,203.2305698917746,203.34978516524592,191.0701268897685,196.31581115722656,3420600,0.0,0.0
2026-03-13 00:00:00-04:00,194.12016744198456,199.21683262413572,187.64253642173682,190.91116333007812,2126300,0.0,0.0
2026-03-16 00:00:00-04:00,190.91117092349165,192.89817308091443,185.45684454390167,186.55963134765625,1339600,0.0,0.0
2026-03-17 00:00:00-04:00,188.71552857687627,190.32501064749584,187.6226864761793,189.4010467529297,1071600,0.0,0.0
2026-03-18 00:00:00-04:00,188.76520453924292,191.6066182244817,187.27495292445943,188.97384643554688,731500,0.0,0.0
2026-03-19 00:00:00-04:00,186.97690446893546,192.13317761673596,185.65554618338237,191.7854461669922,982000,0.0,0.0
2026-03-20 00:00:00-04:00,191.06018669880848,191.16947242195113,187.19546817621563,188.77513122558594,1311700,0.0,0.0
2026-03-23 00:00:00-04:00,195.40177815155806,197.02118970513854,190.74227098703363,191.25888061523438,1057000,0.0,0.0
2026-03-24 00:00:00-04:00,189.25202928690942,195.37198451865007,189.0235131198371,192.51071166992188,722300,0.0,0.0
2026-03-25 00:00:00-04:00,194.1797741642664,195.650151450656,188.47708792830196,192.74913024902344,755000,0.0,0.0
2026-03-26 00:00:00-04:00,192.40142505554448,198.95852316494305,191.02045914447638,191.08999633789062,941100,0.0,0.0
2026-03-27 00:00:00-04:00,190.3300018310547,193.75,189.25999450683594,189.36000061035156,896800,1.25,0.0
2026-03-30 00:00:00-04:00,192.3300018310547,193.47999572753906,189.0,190.6199951171875,964400,0.0,0.0
2026-03-31 00:00:00-04:00,193.85000610351562,201.47000122070312,193.85000610351562,198.2899932861328,1743900,0.0,0.0
2026-04-01 00:00:00-04:00,197.44000244140625,198.2899932861328,190.47000122070312,192.1300048828125,1999200,0.0,0.0
2026-04-02 00:00:00-04:00,187.86000061035156,194.3800048828125,186.77000427246094,191.75,905000,0.0,0.0
2026-04-06 00:00:00-04:00,191.77999877929688,200.63999938964844,191.77999877929688,199.66000366210938,1306600,0.0,0.0
2026-04-07 00:00:00-04:00,199.8000030517578,202.57000732421875,196.83999633789062,200.35000610351562,1028800,0.0,0.0
2026-04-08 00:00:00-04:00,207.75,210.0399932861328,204.0,204.75,1609800,0.0,0.0
2026-04-09 00:00:00-04:00,203.8699951171875,212.8699951171875,203.2100067138672,212.6199951171875,1305200,0.0,0.0
2026-04-10 00:00:00-04:00,214.58999633789062,215.58999633789062,209.77999877929688,212.4600067138672,1593900,0.0,0.0
2026-04-13 00:00:00-04:00,212.36000061035156,215.0,210.17999267578125,210.57000732421875,932900,0.0,0.0
2026-04-14 00:00:00-04:00,211.61000061035156,218.4199981689453,211.61000061035156,216.24000549316406,1290400,0.0,0.0
2026-04-15 00:00:00-04:00,215.36000061035156,219.3000030517578,214.52000427246094,216.97999572753906,874600,0.0,0.0
2026-04-16 00:00:00-04:00,220.9499969482422,225.39999389648438,217.7100067138672,217.86000061035156,1194400,0.0,0.0
2026-04-17 00:00:00-04:00,221.1300048828125,229.30999755859375,220.25,224.36000061035156,1321100,0.0,0.0
2026-04-20 00:00:00-04:00,223.5800018310547,232.10000610351562,222.5,230.6199951171875,1187800,0.0,0.0
2026-04-21 00:00:00-04:00,229.75,232.08999633789062,227.58999633789062,228.80999755859375,661600,0.0,0.0
2026-04-22 00:00:00-04:00,230.25,230.67999267578125,226.14999389648438,228.2100067138672,772300,0.0,0.0
2026-04-23 00:00:00-04:00,228.3000030517578,229.19000244140625,221.4499969482422,224.4600067138672,813400,0.0,0.0
2026-04-24 00:00:00-04:00,223.6999969482422,226.57000732421875,220.33999633789062,225.91000366210938,739600,0.0,0.0
2026-04-27 00:00:00-04:00,225.75,232.14999389648438,224.89999389648438,229.33999633789062,1010700,0.0,0.0
2026-04-28 00:00:00-04:00,229.5399932861328,231.3699951171875,225.55999755859375,226.33999633789062,816500,0.0,0.0
2026-04-29 00:00:00-04:00,226.08999633789062,227.4499969482422,219.89999389648438,220.0,859300,0.0,0.0
2026-04-30 00:00:00-04:00,222.66000366210938,227.08999633789062,220.2899932861328,226.9199981689453,1051400,0.0,0.0
2026-05-01 00:00:00-04:00,226.42999267578125,228.92999267578125,224.57000732421875,224.6199951171875,912900,0.0,0.0
2026-05-04 00:00:00-04:00,223.17999267578125,223.94000244140625,216.60000610351562,217.27000427246094,892300,0.0,0.0
2026-05-05 00:00:00-04:00,217.74000549316406,219.30999755859375,213.33999633789062,215.49000549316406,865800,0.0,0.0
2026-05-06 00:00:00-04:00,218.9199981689453,227.27000427246094,220.19500732421875,226.5,1219229,0.0,0.0
