Date,Open,High,Low,Close,Volume,Dividends,Stock Splits
2022-01-03 00:00:00-05:00,430.5255017187191,434.2175079335775,425.752144074122,427.6614990234375,324300,0.0,0.0
2022-01-04 00:00:00-05:00,430.3793753515657,434.91891704610845,427.23289048296544,430.0968933105469,385600,0.0,0.0
2022-01-05 00:00:00-05:00,430.96389488152425,434.72412882415534,424.53449981856124,425.8691101074219,358000,0.0,0.0
2022-01-06 00:00:00-05:00,426.4243291272782,430.1845628599505,419.4299406130612,425.7911376953125,288400,0.0,0.0
2022-01-07 00:00:00-05:00,426.4535436611226,428.26547773282107,417.4134347822144,418.1051025390625,309600,0.0,0.0
2022-01-10 00:00:00-05:00,415.63077149748267,415.63077149748267,402.3044089110854,405.4898681640625,586200,0.0,0.0
2022-01-11 00:00:00-05:00,404.27217869955507,408.90914139492946,395.71914439717966,408.490234375,476000,0.0,0.0
2022-01-12 00:00:00-05:00,412.3088685313994,416.9750540090426,407.7887995658557,411.6464538574219,335600,0.0,0.0
2022-01-13 00:00:00-05:00,410.89638096047713,412.50375194164343,399.3819527161851,400.2684326171875,417200,0.0,0.0
2022-01-14 00:00:00-05:00,397.18037345766425,399.13842414679965,385.47110309782494,392.2219543457031,471400,0.0,0.0
2022-01-18 00:00:00-05:00,386.6888392200126,387.59479154958046,381.21409146270355,386.2309875488281,572000,0.0,0.0
2022-01-19 00:00:00-05:00,388.0233267245198,390.5073966390126,380.0547890857481,380.2690734863281,520300,0.0,0.0
2022-01-20 00:00:00-05:00,382.79218788087604,388.6760314538881,380.3665345868211,381.3309631347656,485200,0.0,0.0
2022-01-21 00:00:00-05:00,380.7854539472242,382.57788612642696,371.46283263005296,372.41748046875,728600,0.0,0.0
2022-01-24 00:00:00-05:00,364.6145112857997,374.9697276870603,356.178371044524,373.7909851074219,1107100,0.0,0.0
2022-01-25 00:00:00-05:00,365.8127723396805,369.2807437247784,352.1844242826735,358.3995056152344,1252800,0.0,0.0
2022-01-26 00:00:00-05:00,363.036411978923,369.7288162180424,354.11319641719973,358.8377990722656,719100,0.0,0.0
2022-01-27 00:00:00-05:00,364.9749878680598,370.2743654521296,357.67861497476247,363.34814453125,524400,0.0,0.0
2022-01-28 00:00:00-05:00,363.7377402561386,373.62535293639985,360.1139024868221,372.9336853027344,466800,0.0,0.0
2022-01-31 00:00:00-05:00,371.69661720070116,380.17173285131844,370.011327245117,379.0611877441406,439400,0.0,0.0
2022-02-01 00:00:00-05:00,380.2788983952612,384.0488538179809,374.3268566713427,380.4639892578125,300900,0.0,0.0
2022-02-02 00:00:00-05:00,379.67487099803293,382.27586395181885,374.59955904522303,376.96673583984375,388600,0.0,0.0
2022-02-03 00:00:00-05:00,372.1252369736219,376.01208530212773,362.6467483766499,363.2604675292969,636500,0.0,0.0
2022-02-04 00:00:00-05:00,361.99411497433283,366.8453625329037,358.3897483912349,362.4324645996094,406000,0.0,0.0
2022-02-07 00:00:00-05:00,363.2701687543131,367.5661725053768,360.95168770814956,363.30914306640625,421000,0.0,0.0
2022-02-08 00:00:00-05:00,363.9423806493204,370.42047104131944,362.9584798126626,369.5924377441406,300200,0.0,0.0
2022-02-09 00:00:00-05:00,374.32677451046186,380.8925339976499,371.8426749297851,373.2454528808594,779400,0.0,0.0
2022-02-10 00:00:00-05:00,364.7898811765287,389.1826007855362,356.0030605773222,376.9375305175781,1011900,0.0,0.0
2022-02-11 00:00:00-05:00,372.4076620323933,380.58076178604557,369.1150316001795,369.329345703125,873800,0.0,0.0
2022-02-14 00:00:00-05:00,366.2511090843568,373.2357763757131,356.4121899547428,359.5099792480469,534900,0.0,0.0
2022-02-15 00:00:00-05:00,366.2316092358979,376.42120726436514,365.9977930811337,375.0574035644531,553200,0.0,0.0
2022-02-16 00:00:00-05:00,372.7778581795259,381.8958845978831,370.40093066458223,380.9509582519531,534600,0.0,0.0
2022-02-17 00:00:00-05:00,377.88250730723814,383.2500829971278,374.98928079235185,375.06719970703125,529900,0.0,0.0
2022-02-18 00:00:00-05:00,375.9439429908185,378.301369103898,369.90420171127226,373.7521057128906,437000,0.0,0.0
2022-02-22 00:00:00-05:00,370.8977641761018,378.3792568070286,367.55643768763775,370.25482177734375,571400,0.0,0.0
2022-02-23 00:00:00-05:00,370.683472135031,373.6448958585856,354.70742132019797,355.9446105957031,412800,0.0,0.0
2022-02-24 00:00:00-05:00,343.66057114256324,360.3087879423431,341.27389220019677,359.52947998046875,568200,0.0,0.0
2022-02-25 00:00:00-05:00,359.4125296926051,376.84005168716925,357.0940487404148,375.7392578125,714900,0.0,0.0
2022-02-28 00:00:00-05:00,369.78761575102806,373.94407710803745,362.3821100799262,370.1778869628906,601000,0.61,0.0
2022-03-01 00:00:00-05:00,368.49970340621434,368.49970340621434,353.3569596567053,356.17669677734375,515100,0.0,0.0
2022-03-02 00:00:00-05:00,362.76258930154836,369.86563205032974,359.54281481057274,367.0751647949219,431400,0.0,0.0
2022-03-03 00:00:00-05:00,371.84624785631894,373.6903214372477,363.23089401695466,366.5970458984375,359800,0.0,0.0
2022-03-04 00:00:00-05:00,362.938191603635,366.27504405825005,357.16207755375905,365.81646728515625,376600,0.0,0.0
2022-03-07 00:00:00-05:00,368.52890076805596,368.52890076805596,351.00546729136755,351.2396240234375,483900,0.0,0.0
2022-03-08 00:00:00-05:00,352.7520350446907,366.597120291662,351.42507715844386,352.000732421875,682900,0.0,0.0
2022-03-09 00:00:00-05:00,363.2211606213612,367.1141952768475,359.46476703080305,364.3432312011719,279900,0.0,0.0
2022-03-10 00:00:00-05:00,352.86903146191656,363.60165134461596,352.86903146191656,361.9527282714844,396800,0.0,0.0
2022-03-11 00:00:00-05:00,365.7189593528546,367.4752244515179,360.8892973270458,361.864990234375,263300,0.0,0.0
2022-03-14 00:00:00-04:00,367.58258179839834,370.97800425473343,361.2503435756553,366.4605407714844,358100,0.0,0.0
2022-03-15 00:00:00-04:00,370.0705219440382,372.67560498572914,364.3919828323583,371.2218322753906,324300,0.0,0.0
2022-03-16 00:00:00-04:00,374.5587394038662,383.37898125689117,361.9820443782412,369.8851623535156,372100,0.0,0.0
2022-03-17 00:00:00-04:00,367.5337703096867,375.3295472523843,365.98242213199137,373.7684326171875,395500,0.0,0.0
2022-03-18 00:00:00-04:00,375.4564142959635,377.32975792411986,368.0118720737327,376.35406494140625,799300,0.0,0.0
2022-03-21 00:00:00-04:00,374.4221539927955,377.8663487720431,371.6121536495188,373.2708435058594,351400,0.0,0.0
2022-03-22 00:00:00-04:00,374.4611589858129,378.32489424943924,373.25127963094565,374.6660461425781,404200,0.0,0.0
2022-03-23 00:00:00-04:00,371.8561195804865,373.1440415150229,366.09953670894066,366.48004150390625,362100,0.0,0.0
2022-03-24 00:00:00-04:00,367.10446696187927,375.03685529118786,365.28969239432513,374.5685119628906,248600,0.0,0.0
2022-03-25 00:00:00-04:00,375.18313790448525,385.29133043787283,373.1537100537086,384.3644104003906,422400,0.0,0.0
2022-03-28 00:00:00-04:00,382.6472105212918,388.44282836805127,379.5640175764063,387.7208251953125,438700,0.0,0.0
2022-03-29 00:00:00-04:00,390.8429918322086,396.96060448033336,387.91591355870355,394.7067565917969,339700,0.0,0.0
2022-03-30 00:00:00-04:00,392.2383175097714,393.62378477188514,380.227540131996,380.77392578125,353800,0.0,0.0
2022-03-31 00:00:00-04:00,378.549280306619,384.2277894286589,375.52462685488916,375.5343933105469,375300,0.0,0.0
2022-04-01 00:00:00-04:00,379.0664083208613,379.0664083208613,372.0609115893636,375.70025634765625,374900,0.0,0.0
2022-04-04 00:00:00-04:00,375.2026836835641,376.9296791311751,371.68044669237787,375.61248779296875,332500,0.0,0.0
2022-04-05 00:00:00-04:00,374.6855420695015,378.08096376660944,370.55838054088485,371.94384765625,285300,0.0,0.0
2022-04-06 00:00:00-04:00,368.37280534917414,369.8851470571862,361.464913414901,364.4505310058594,454300,0.0,0.0
2022-04-07 00:00:00-04:00,364.7530487966028,364.9872055763139,357.1036196429198,360.6063537597656,419200,0.0,0.0
2022-04-08 00:00:00-04:00,362.6552434981671,368.1776680799431,356.1278565669731,362.9284362792969,337100,0.0,0.0
2022-04-11 00:00:00-04:00,360.54784391277394,366.8020398034487,360.0599973981421,360.89910888671875,268800,0.0,0.0
2022-04-12 00:00:00-04:00,362.22601712846443,367.8557548774135,355.71813188099884,357.7378234863281,285100,0.0,0.0
2022-04-13 00:00:00-04:00,357.33775178698306,361.455176942492,356.32305262766664,358.0500183105469,481500,0.0,0.0
2022-04-14 00:00:00-04:00,358.08900951754225,361.76736050491695,354.9765472298483,355.9522399902344,263300,0.0,0.0
2022-04-18 00:00:00-04:00,355.61077903692154,358.14758643636526,351.9909668517158,353.6593933105469,270000,0.0,0.0
2022-04-19 00:00:00-04:00,354.83019693156734,361.7673581198015,354.732621701016,360.713623046875,296200,0.0,0.0
2022-04-20 00:00:00-04:00,366.03111373720134,371.98284521581,365.0163849828701,369.78753662109375,304000,0.0,0.0
2022-04-21 00:00:00-04:00,374.5880105146783,375.1831688583261,361.2893122603891,365.6896667480469,256200,0.0,0.0
2022-04-22 00:00:00-04:00,363.845653460439,363.845653460439,345.3172542805283,346.2051086425781,497200,0.0,0.0
2022-04-25 00:00:00-04:00,347.3368278152534,352.5567896112689,340.0288991662983,352.0299072265625,655700,0.0,0.0
2022-04-26 00:00:00-04:00,349.8248600868202,350.9761702973149,340.57528280708334,341.7265930175781,394900,0.0,0.0
2022-04-27 00:00:00-04:00,342.7999340310997,347.29789370633097,338.5166577570006,343.57073974609375,308900,0.0,0.0
2022-04-28 00:00:00-04:00,346.7612408730537,358.3037042272272,343.04385341151624,356.96697998046875,387200,0.0,0.0
2022-04-29 00:00:00-04:00,354.3423559909984,357.09378696976734,344.58542830177146,345.6098937988281,475100,0.0,0.0
2022-05-02 00:00:00-04:00,346.263620952242,350.8883951473087,337.8726571868493,346.72216796875,490700,0.0,0.0
2022-05-03 00:00:00-04:00,342.18517606937274,363.6796849079307,340.24355713829885,357.5718688964844,822100,0.0,0.0
2022-05-04 00:00:00-04:00,363.3284860205921,369.9339154917247,354.4009029443914,368.392333984375,714700,0.0,0.0
2022-05-05 00:00:00-04:00,364.1773992253296,365.49459068337825,342.73165713304525,347.4833068847656,450300,0.0,0.0
2022-05-06 00:00:00-04:00,348.02961548697203,348.02961548697203,331.3354970677756,337.5896911621094,587300,0.0,0.0
2022-05-09 00:00:00-04:00,334.2236096885998,335.6676459806937,322.0274477560748,324.70086669921875,641900,0.0,0.0
2022-05-10 00:00:00-04:00,332.3697455266398,332.3697455266398,311.3630807866478,320.1638488769531,605800,0.0,0.0
2022-05-11 00:00:00-04:00,322.0079249432562,327.003467801491,312.6217640575564,313.7438049316406,560500,0.0,0.0
2022-05-12 00:00:00-04:00,311.3923798175052,323.0421553035177,309.03121969868135,319.60772705078125,481900,0.0,0.0
2022-05-13 00:00:00-04:00,323.00310474002237,332.60394854681715,321.9786391620924,324.7496032714844,376000,0.0,0.0
2022-05-16 00:00:00-04:00,322.1445524733239,322.4177453066562,313.675515088453,315.5488586425781,513200,0.0,0.0
2022-05-17 00:00:00-04:00,323.4421774157166,328.7011761312317,316.19278673928375,326.71075439453125,776000,0.0,0.0
2022-05-18 00:00:00-04:00,322.759215090748,325.3057891668796,314.6707419953391,316.0952453613281,331600,0.0,0.0
2022-05-19 00:00:00-04:00,313.4218746256407,321.9396555003465,313.314532911712,316.75872802734375,452700,0.0,0.0
2022-05-20 00:00:00-04:00,321.832223833301,322.45665164061126,312.1240701376712,319.79302978515625,658300,0.0,0.0
2022-05-23 00:00:00-04:00,324.12514520103423,328.8279616516982,319.87110930478235,325.30572509765625,533400,0.0,0.0
2022-05-24 00:00:00-04:00,323.9788364115564,324.90575663659996,312.7876369363754,317.44171142578125,506400,0.0,0.0
2022-05-25 00:00:00-04:00,315.3634455438061,319.49063703659283,312.611984548615,318.3197937011719,588600,0.0,0.0
2022-05-26 00:00:00-04:00,322.8177132922092,328.90605675840686,321.03220852654067,325.93017578125,287500,0.0,0.0
2022-05-27 00:00:00-04:00,329.32557046270273,341.21926738586967,329.32557046270273,340.9558410644531,568500,0.0,0.0
2022-05-31 00:00:00-04:00,335.60946797250045,335.60946797250045,326.52942350281074,331.70965576171875,981400,0.61,0.0
2022-06-01 00:00:00-04:00,331.866111879967,332.75554867545674,323.1476984391908,329.4519348144531,316200,0.0,0.0
2022-06-02 00:00:00-04:00,332.2961814473902,339.7048540516382,328.79707570579023,339.48004150390625,246800,0.0,0.0
2022-06-03 00:00:00-04:00,340.34995442786794,341.5325991213097,335.07200465434425,337.8282775878906,270500,0.0,0.0
2022-06-06 00:00:00-04:00,340.1836741601478,342.48056753360265,337.16351514784435,339.9100036621094,301700,0.0,0.0
2022-06-07 00:00:00-04:00,337.0169232316391,344.4158403028173,335.6778914677517,343.5068664550781,311500,0.0,0.0
2022-06-08 00:00:00-04:00,338.1897923083139,340.55508086840433,327.6436501568663,329.18792724609375,503100,0.0,0.0
2022-06-09 00:00:00-04:00,326.94981177794955,332.3743653378039,325.1416173153794,325.34686279296875,302500,0.0,0.0
2022-06-10 00:00:00-04:00,316.6479150769189,318.96434564077424,314.1653135798773,314.47808837890625,498300,0.0,0.0
2022-06-13 00:00:00-04:00,306.7859624031463,313.7548211258592,305.0266265386315,309.4444885253906,722900,0.0,0.0
2022-06-14 00:00:00-04:00,309.82564999089476,311.86840999535667,306.5318206593226,309.3174133300781,567600,0.0,0.0
2022-06-15 00:00:00-04:00,311.7902735705038,315.4164154223002,305.6717464313871,311.2527160644531,519900,0.0,0.0
2022-06-16 00:00:00-04:00,303.91240003649403,305.82809342585153,294.68575252960477,296.22027587890625,682200,0.0,0.0
2022-06-17 00:00:00-04:00,295.0865164704953,302.65157469338726,293.30764324754784,296.69921875,692100,0.0,0.0
2022-06-21 00:00:00-04:00,300.3351438377607,301.1268345896317,293.10239767748925,295.7120361328125,651600,0.0,0.0
2022-06-22 00:00:00-04:00,292.1249162299875,297.7644957593298,290.28740197700523,295.4773864746094,521800,0.0,0.0
2022-06-23 00:00:00-04:00,293.6106619454773,296.44511316014024,288.8800542309131,290.5807189941406,438100,0.0,0.0
2022-06-24 00:00:00-04:00,293.02417198871467,302.9741152459505,292.68210624334705,302.6808776855469,528000,0.0,0.0
2022-06-27 00:00:00-04:00,302.99373419067734,302.99373419067734,297.5496138079855,301.7817687988281,311000,0.0,0.0
2022-06-28 00:00:00-04:00,302.9936564233249,305.37851210527174,295.5752024147535,295.9661560058594,309300,0.0,0.0
2022-06-29 00:00:00-04:00,296.6210356501785,296.6210356501785,287.404141144578,293.49334716796875,404300,0.0,0.0
2022-06-30 00:00:00-04:00,289.7108416256785,295.2722443306665,284.9802340375692,292.47686767578125,382500,0.0,0.0
2022-07-01 00:00:00-04:00,289.80860331279104,295.3211184719341,286.3877066206472,289.3589782714844,562200,0.0,0.0
2022-07-05 00:00:00-04:00,283.2208639178099,294.04067672386896,278.54889844475787,293.84521484375,451100,0.0,0.0
2022-07-06 00:00:00-04:00,295.0572253558046,302.1629055997608,293.1708523775939,300.9607238769531,697200,0.0,0.0
2022-07-07 00:00:00-04:00,303.0621423304971,306.2777638534924,301.5569393833985,303.189208984375,540000,0.0,0.0
2022-07-08 00:00:00-04:00,304.42061798317405,304.42061798317405,299.69979496410707,300.4914855957031,383900,0.0,0.0
2022-07-11 00:00:00-04:00,296.269152578181,306.7077657695398,296.269152578181,306.49273681640625,480000,0.0,0.0
2022-07-12 00:00:00-04:00,305.63265083171984,311.6240810896012,305.4176218785863,306.49273681640625,439900,0.0,0.0
2022-07-13 00:00:00-04:00,301.9185203297646,306.0236077236438,297.1292715888041,302.690673828125,411200,0.0,0.0
2022-07-14 00:00:00-04:00,299.9930341854899,305.74992796565635,296.2496095605874,305.1634826660156,255600,0.0,0.0
2022-07-15 00:00:00-04:00,310.05051455526154,310.05051455526154,304.31318714993625,307.8415832519531,306500,0.0,0.0
2022-07-18 00:00:00-04:00,309.8158951649253,311.2624263588818,305.99426211965795,307.294189453125,380500,0.0,0.0
2022-07-19 00:00:00-04:00,311.5165893293391,316.0028468554983,310.0798117037445,315.817138671875,409300,0.0,0.0
2022-07-20 00:00:00-04:00,313.4323105077827,320.0590746688493,312.6601867582008,318.00653076171875,290100,0.0,0.0
2022-07-21 00:00:00-04:00,316.56972814820585,322.44387495941794,314.8886009314758,322.2484130859375,316800,0.0,0.0
2022-07-22 00:00:00-04:00,323.6265288195743,325.47382702002733,315.83668838118507,318.8372802734375,269700,0.0,0.0
2022-07-25 00:00:00-04:00,319.9222763258965,323.2845315715138,315.57283845746434,322.8642272949219,311200,0.0,0.0
2022-07-26 00:00:00-04:00,320.3327174961013,321.720637108419,317.0291043224781,321.1146545410156,421400,0.0,0.0
2022-07-27 00:00:00-04:00,322.20933731021586,329.5300458070572,320.2252186602379,328.43536376953125,393300,0.0,0.0
2022-07-28 00:00:00-04:00,326.21659587335444,336.5769981109185,325.9624626693928,335.6875915527344,662200,0.0,0.0
2022-07-29 00:00:00-04:00,336.88011943824984,346.3999759550733,336.65530693490575,344.12261962890625,544900,0.0,0.0
2022-08-01 00:00:00-04:00,343.0182398867658,347.2601485722114,340.62360006421125,346.16546630859375,356800,0.0,0.0
2022-08-02 00:00:00-04:00,343.70236423384694,348.6284637154763,340.6431004859203,344.4745178222656,470900,0.0,0.0
2022-08-03 00:00:00-04:00,346.98643272415353,348.9412307477542,344.7677178775423,347.35784912109375,397700,0.0,0.0
2022-08-04 00:00:00-04:00,346.9668747315158,357.7378312131722,346.2142882107665,351.8441162109375,498000,0.0,0.0
2022-08-05 00:00:00-04:00,347.5924733310254,351.2283994546513,344.35728444843835,347.88568115234375,586900,0.0,0.0
2022-08-08 00:00:00-04:00,350.97423584808627,354.04328330979877,343.4580344554894,345.2369079589844,665500,0.0,0.0
2022-08-09 00:00:00-04:00,344.04441743348036,346.0383195681309,340.31074642651316,345.8135070800781,286200,0.0,0.0
2022-08-10 00:00:00-04:00,354.8153739405858,357.46414670438816,353.2710966461517,357.08294677734375,327800,0.0,0.0
2022-08-11 00:00:00-04:00,360.2986389996162,363.3090151367328,355.98830534149073,356.6333923339844,332400,0.0,0.0
2022-08-12 00:00:00-04:00,360.09329813245296,363.0450319270944,356.3791645986162,361.7353210449219,277100,0.0,0.0
2022-08-15 00:00:00-04:00,359.6241722733439,363.8856173806322,358.6467733227348,360.4158630371094,400100,0.0,0.0
2022-08-16 00:00:00-04:00,358.27534107018823,365.71336226514984,358.27534107018823,363.172119140625,235500,0.0,0.0
2022-08-17 00:00:00-04:00,358.7738372395083,360.9338805521851,356.8581138347831,360.58203125,284400,0.0,0.0
2022-08-18 00:00:00-04:00,360.3963650310543,361.6376510954362,357.5716674389128,359.2430114746094,311600,0.0,0.0
2022-08-19 00:00:00-04:00,359.82944438371254,359.82944438371254,353.71094678212995,356.8972473144531,512200,0.0,0.0
2022-08-22 00:00:00-04:00,351.12074733901767,355.02058896692205,347.9637681971966,348.2471923828125,461700,0.0,0.0
2022-08-23 00:00:00-04:00,347.6119464061458,352.2350543878615,346.3999811979553,347.6901550292969,186300,0.0,0.0
2022-08-24 00:00:00-04:00,348.735906309114,350.85687498992854,344.88495235935886,347.0547790527344,228300,0.0,0.0
2022-08-25 00:00:00-04:00,350.3388810642145,354.54168460655825,348.74571600762437,354.0823059082031,190100,0.0,0.0
2022-08-26 00:00:00-04:00,355.9003963907167,355.9003963907167,341.6694655883538,343.7904052734375,238400,0.0,0.0
2022-08-29 00:00:00-04:00,340.58445392977177,349.5374325263302,340.4085292649736,346.2044982910156,461200,0.0,0.0
2022-08-30 00:00:00-04:00,348.7065772196938,348.78478583134205,334.13355677668784,337.3687744140625,426600,0.0,0.0
2022-08-31 00:00:00-04:00,339.41549494504005,341.70698658153333,334.33307366288415,340.5024719238281,711300,0.66,0.0
2022-09-01 00:00:00-04:00,338.0054071606758,338.64192775779645,332.40397211301604,335.49847412109375,423100,0.0,0.0
2022-09-02 00:00:00-04:00,340.35557676087467,344.22371087406464,332.3549458912536,333.53985595703125,342900,0.0,0.0
2022-09-06 00:00:00-04:00,332.8641437878508,336.977065719899,330.62160392329884,332.5213928222656,342200,0.0,0.0
2022-09-07 00:00:00-04:00,332.6584865941084,344.5762020821532,332.52137426153115,344.3411865234375,316700,0.0,0.0
2022-09-08 00:00:00-04:00,341.8636874371897,346.5641786943317,338.27955015249626,345.2911376953125,353600,0.0,0.0
2022-09-09 00:00:00-04:00,347.3476181955153,350.2168765610011,346.16267814560894,348.9144287109375,346500,0.0,0.0
2022-09-12 00:00:00-04:00,351.4507857392689,351.4507857392689,346.1626953888238,347.9449768066406,272200,0.0,0.0
2022-09-13 00:00:00-04:00,340.708153975617,341.7755563261289,331.8261542839788,332.56060791015625,330100,0.0,0.0
2022-09-14 00:00:00-04:00,331.1895700725453,331.7771089524641,321.1618115037572,325.4902038574219,517800,0.0,0.0
2022-09-15 00:00:00-04:00,325.7643968440423,333.34394720333654,325.5195790170885,330.4453125,381900,0.0,0.0
2022-09-16 00:00:00-04:00,326.36176039228155,326.36176039228155,318.39050693986366,323.3358154296875,457100,0.0,0.0
2022-09-19 00:00:00-04:00,321.01496261609367,329.0743771817947,320.5155246274256,328.8295593261719,406400,0.0,0.0
2022-09-20 00:00:00-04:00,326.3715278358405,328.61406741307513,320.7211433636683,327.6347961425781,367300,0.0,0.0
2022-09-21 00:00:00-04:00,330.3964089293893,334.9891645366562,322.2880126321004,322.3076171875,311800,0.0,0.0
2022-09-22 00:00:00-04:00,323.68841511560083,324.56975350259114,320.5351596401505,320.90728759765625,515100,0.0,0.0
2022-09-23 00:00:00-04:00,317.2839669096186,317.56796401323123,308.29426168624474,313.41583251953125,561800,0.0,0.0
2022-09-26 00:00:00-04:00,312.2603044886159,315.9619496351153,307.4520777440235,309.4008483886719,414300,0.0,0.0
2022-09-27 00:00:00-04:00,312.4463661900148,312.90662499599875,300.94972820372794,304.6415710449219,476400,0.0,0.0
2022-09-28 00:00:00-04:00,307.0995113636662,314.68886457395536,305.1311663227038,313.0045166015625,584300,0.0,0.0
2022-09-29 00:00:00-04:00,308.20613074404775,316.74537944134795,301.6449997232227,315.7269287109375,516200,0.0,0.0
2022-09-30 00:00:00-04:00,315.71705437170573,324.42279038678515,312.53442271496476,315.4134826660156,712100,0.0,0.0
2022-10-03 00:00:00-04:00,318.29259043092213,322.7776404130782,315.16871219085357,319.82025146484375,665500,0.0,0.0
2022-10-04 00:00:00-04:00,326.5478062778425,330.11236823047665,324.5305097477215,328.9764099121094,471300,0.0,0.0
2022-10-05 00:00:00-04:00,324.3738306880719,330.71951976096665,324.00170279544983,327.3606262207031,278800,0.0,0.0
2022-10-06 00:00:00-04:00,325.58819140210915,328.956887673484,322.6993285912229,323.47296142578125,301500,0.0,0.0
2022-10-07 00:00:00-04:00,319.21306632281767,319.98669901632127,311.39847060328435,313.61163330078125,318400,0.0,0.0
2022-10-10 00:00:00-04:00,315.82490013743177,315.82490013743177,309.1364582285916,312.3680725097656,214700,0.0,0.0
2022-10-11 00:00:00-04:00,310.82072747741717,315.10994086812195,308.2060896499266,310.84033203125,243400,0.0,0.0
2022-10-12 00:00:00-04:00,310.0862844463238,310.0862844463238,303.45662779242787,305.0234680175781,350400,0.0,0.0
2022-10-13 00:00:00-04:00,297.7768179989401,310.4975731162373,292.40062786796307,307.8339538574219,445300,0.0,0.0
2022-10-14 00:00:00-04:00,310.0177174693166,310.6640401603495,292.1362425573693,292.6356506347656,405000,0.0,0.0
2022-10-17 00:00:00-04:00,299.20662086057007,305.51313167728256,297.84541913813007,304.6023864746094,391700,0.0,0.0
2022-10-18 00:00:00-04:00,311.64333016210804,317.37207400170405,309.8610788730052,313.64105224609375,367600,0.0,0.0
2022-10-19 00:00:00-04:00,311.71192092567634,312.0840488917821,303.13349268806496,306.8449401855469,260200,0.0,0.0
2022-10-20 00:00:00-04:00,306.53151030834204,309.1755549339909,296.85633437620464,297.9237365722656,244700,0.0,0.0
2022-10-21 00:00:00-04:00,298.139204771744,309.107027075791,297.110951818713,308.7740783691406,373300,0.0,0.0
2022-10-24 00:00:00-04:00,312.0154385012895,312.61280957598507,307.07013004671563,310.3702697753906,358400,0.0,0.0
2022-10-25 00:00:00-04:00,309.0090650972241,326.6849310420814,309.0090650972241,325.8917236328125,542200,0.0,0.0
2022-10-26 00:00:00-04:00,326.8024575962896,327.47815726299876,320.47637262730876,324.0702819824219,398700,0.0,0.0
2022-10-27 00:00:00-04:00,324.5305945772965,328.02660127890164,322.3468380874118,323.6100769042969,348300,0.0,0.0
2022-10-28 00:00:00-04:00,324.24656970348724,331.90447995117074,323.07146184288,331.15045166015625,241400,0.0,0.0
2022-10-31 00:00:00-04:00,330.16132521083415,332.0709162715073,326.959118698233,329.0155944824219,524500,0.0,0.0
2022-11-01 00:00:00-04:00,332.3158345489499,333.4321886700797,323.38488203991704,327.3998718261719,503400,0.0,0.0
2022-11-02 00:00:00-04:00,326.4401310471749,332.6193312638236,315.27644293147785,316.19696044921875,870100,0.0,0.0
2022-11-03 00:00:00-04:00,311.86860791712775,329.446543979064,310.67389544531096,324.6676940917969,481500,0.0,0.0
2022-11-04 00:00:00-04:00,331.43444166241954,332.23742155688865,322.97352179928674,330.1711730957031,428300,0.0,0.0
2022-11-07 00:00:00-05:00,332.9522712870658,336.29159029999676,326.8612020698851,335.7333984375,408600,0.0,0.0
2022-11-08 00:00:00-05:00,338.1228409536049,342.8625111278355,334.9402087797626,336.7910461425781,314900,0.0,0.0
2022-11-09 00:00:00-05:00,334.95002515051664,336.5951940633566,329.28003491752145,329.5542297363281,297000,0.0,0.0
2022-11-10 00:00:00-05:00,345.62412569379364,357.8454461900859,344.9386236102764,355.31890869140625,558500,0.0,0.0
2022-11-11 00:00:00-05:00,357.93356183825364,363.7700120394659,353.33097349594067,354.682373046875,323300,0.0,0.0
2022-11-14 00:00:00-05:00,352.41037199350353,356.3862112391478,345.16377006171285,345.6632080078125,371900,0.0,0.0
2022-11-15 00:00:00-05:00,353.1056989554435,355.4853513768824,342.4806272498786,346.8089904785156,324500,0.0,0.0
2022-11-16 00:00:00-05:00,346.3193760465568,349.1005036492358,343.77326405157015,348.4737854003906,279300,0.0,0.0
2022-11-17 00:00:00-05:00,342.6569166537522,345.4282420313497,340.39480173099685,343.3717956542969,257100,0.0,0.0
2022-11-18 00:00:00-05:00,349.40408273887886,350.95134854850926,345.1540477293187,348.9340515136719,315500,0.0,0.0
2022-11-21 00:00:00-05:00,346.5739217284575,351.35277062447534,345.88841984001624,350.3343200683594,307400,0.0,0.0
2022-11-22 00:00:00-05:00,352.5279605571081,357.21867971375195,350.87298922410633,357.09136962890625,266300,0.0,0.0
2022-11-23 00:00:00-05:00,358.3839875309899,362.8298884527232,356.80734489567504,357.7474670410156,263400,0.0,0.0
2022-11-25 00:00:00-05:00,356.2001967930493,360.80278468006037,356.2001967930493,359.97039794921875,103900,0.0,0.0
2022-11-28 00:00:00-05:00,357.3067437891716,359.4121712800583,349.93283149007215,351.9599304199219,252700,0.0,0.0
2022-11-29 00:00:00-05:00,350.4812770705865,354.1437729402963,348.49335704613,350.1287536621094,213700,0.0,0.0
2022-11-30 00:00:00-05:00,348.73557101642956,359.586340882956,345.95912076331405,359.547119140625,673200,0.66,0.0
2022-12-01 00:00:00-05:00,360.2338012005668,362.76501036766734,355.8483620066429,358.4678649902344,348600,0.0,0.0
2022-12-02 00:00:00-05:00,354.44548075823474,359.37050407910493,351.47280201140813,358.8113098144531,298600,0.0,0.0
2022-12-05 00:00:00-05:00,352.83652631924264,353.08179694538813,345.50783881240363,346.5870056152344,426200,0.0,0.0
2022-12-06 00:00:00-05:00,347.8134133533325,347.8134133533325,339.87645823797743,343.3691101074219,258300,0.0,0.0
2022-12-07 00:00:00-05:00,342.2015865389654,348.53940146294894,342.2015865389654,345.83160400390625,227500,0.0,0.0
2022-12-08 00:00:00-05:00,348.4804359785775,352.6500356463999,345.8216814569354,350.94293212890625,312800,0.0,0.0
2022-12-09 00:00:00-05:00,350.2267821941903,356.123066659199,348.4510255657613,350.1875305175781,230400,0.0,0.0
2022-12-12 00:00:00-05:00,350.82522483443904,353.09152260887373,345.08588724791036,353.04248046875,389400,0.0,0.0
2022-12-13 00:00:00-05:00,365.4826484999491,366.4637309622946,353.98436084364977,361.7545471191406,862300,0.0,0.0
2022-12-14 00:00:00-05:00,355.0734001274138,359.72372170855596,352.63048428418597,358.7818908691406,659600,0.0,0.0
2022-12-15 00:00:00-05:00,352.9443915832334,352.9443915832334,343.41808991154215,345.3900451660156,383600,0.0,0.0
2022-12-16 00:00:00-05:00,340.4061239420398,344.202907620403,336.90365297507867,341.6324768066406,557000,0.0,0.0
2022-12-19 00:00:00-05:00,341.48536325286733,343.133574523817,333.283498697459,334.4019470214844,407100,0.0,0.0
2022-12-20 00:00:00-05:00,333.95067292068956,336.64864968560846,331.2526961557706,335.26531982421875,304400,0.0,0.0
2022-12-21 00:00:00-05:00,337.0018848147645,338.738390298633,333.989953942401,335.6578063964844,369900,0.0,0.0
2022-12-22 00:00:00-05:00,332.4986296247054,333.4993228636582,325.76838899726414,329.83990478515625,489600,0.0,0.0
2022-12-23 00:00:00-05:00,329.28072705902673,332.626222005241,325.61148805878105,332.1847229003906,221200,0.0,0.0
2022-12-27 00:00:00-05:00,333.02849091085756,335.0789498927015,330.3501247118532,333.00885009765625,272500,0.0,0.0
2022-12-28 00:00:00-05:00,333.50913732979205,335.28489399273343,330.99756890241895,331.5077209472656,133800,0.0,0.0
2022-12-29 00:00:00-05:00,333.2149132022334,336.6683132230689,331.5961029378347,334.2156066894531,183100,0.0,0.0
2022-12-30 00:00:00-05:00,331.65491995778643,332.24357543307525,326.5630994979689,331.5764465332031,211500,0.0,0.0
2023-01-03 00:00:00-05:00,335.432043397383,336.64860584870826,330.06552184253866,331.792236328125,405300,0.0,0.0
2023-01-04 00:00:00-05:00,337.14896707795117,341.6227005104068,333.99970089832004,341.1615905761719,358900,0.0,0.0
2023-01-05 00:00:00-05:00,337.32557548722195,337.5610556414942,331.3507867846017,331.5764465332031,242400,0.0,0.0
2023-01-06 00:00:00-05:00,335.9225914881761,345.6156899207468,333.1853633415902,344.5267028808594,285400,0.0,0.0
2023-01-09 00:00:00-05:00,345.31164511558194,345.89048025875496,337.7867283738032,338.6010437011719,372900,0.0,0.0
2023-01-10 00:00:00-05:00,337.49237668288754,338.41459661904423,334.72571687441734,337.453125,329300,0.0,0.0
2023-01-11 00:00:00-05:00,340.6514989737855,350.73702682732136,339.8175727820872,348.26470947265625,542100,0.0,0.0
2023-01-12 00:00:00-05:00,349.50077197225727,349.50077197225727,342.9078972847607,344.9289245605469,305800,0.0,0.0
2023-01-13 00:00:00-05:00,343.1924315716678,349.3045856954447,341.6815562940555,348.6472473144531,382800,0.0,0.0
2023-01-17 00:00:00-05:00,347.5975630220376,347.92133705573116,343.4279618542642,346.41046142578125,309100,0.0,0.0
2023-01-18 00:00:00-05:00,348.2843126283963,351.7082812195488,344.9976800282164,345.14483642578125,406200,0.0,0.0
2023-01-19 00:00:00-05:00,343.4573109408384,344.77198769478304,335.00038550428184,336.609375,330400,0.0,0.0
2023-01-20 00:00:00-05:00,337.0607038002625,343.30040411539534,334.64724921566744,341.1125793457031,317600,0.0,0.0
2023-01-23 00:00:00-05:00,340.9751725567239,344.673872327578,336.60937388680884,342.3290710449219,274400,0.0,0.0
2023-01-24 00:00:00-05:00,338.2576787653123,340.32777874959345,335.40272462809804,339.8666687011719,345900,0.0,0.0
2023-01-25 00:00:00-05:00,335.50077530069433,342.2211962450472,333.98010943997167,340.8476867675781,213900,0.0,0.0
2023-01-26 00:00:00-05:00,342.36836535311477,342.3977966308594,331.5175951674266,342.3977966308594,502100,0.0,0.0
2023-01-27 00:00:00-05:00,342.142722009906,345.24294648886166,340.92618921775437,341.2401428222656,246000,0.0,0.0
2023-01-30 00:00:00-05:00,339.09157094129324,343.51626288001796,339.09157094129324,340.79864501953125,240600,0.0,0.0
2023-01-31 00:00:00-05:00,343.49662267619163,353.1112497719991,340.2198105037469,352.8365478515625,343100,0.0,0.0
2023-02-01 00:00:00-05:00,351.66903085635295,358.12454047307455,345.80214678199076,355.16168212890625,377900,0.0,0.0
2023-02-02 00:00:00-05:00,356.84915983653656,367.31729367744356,356.53520624090294,363.2261962890625,392200,0.0,0.0
2023-02-03 00:00:00-05:00,358.83087619288756,363.216315576642,352.9443819832982,353.8077392578125,272800,0.0,0.0
2023-02-06 00:00:00-05:00,350.6389177683642,353.59198599644213,346.72440774715585,350.14837646484375,263300,0.0,0.0
2023-02-07 00:00:00-05:00,348.4313917785276,353.33680354491617,345.213442857387,351.67877197265625,305400,0.0,0.0
2023-02-08 00:00:00-05:00,349.19660595872705,351.4825444194974,347.8623484398565,349.4615173339844,317900,0.0,0.0
2023-02-09 00:00:00-05:00,353.1013892882388,356.11331960491987,346.02779318465696,346.55755615234375,253600,0.0,0.0
2023-02-10 00:00:00-05:00,343.9184486481906,346.26325012803693,338.62060928644615,344.59539794921875,364800,0.0,0.0
2023-02-13 00:00:00-05:00,345.89039289237576,350.1777179958726,342.6920548322627,349.7068176269531,361600,0.0,0.0
2023-02-14 00:00:00-05:00,348.06836733374723,353.0718929100217,345.1251205171452,349.4615173339844,455000,0.0,0.0
2023-02-15 00:00:00-05:00,362.5590071563771,379.41402638965445,360.45950628384713,375.558349609375,1036400,0.0,0.0
2023-02-16 00:00:00-05:00,367.0033442512964,374.5086496521311,361.0187646954536,361.9507751464844,997300,0.0,0.0
2023-02-17 00:00:00-05:00,360.3124048725334,369.4855032205364,360.3124048725334,364.6487731933594,522900,0.0,0.0
2023-02-21 00:00:00-05:00,360.5477860545617,363.9619636234492,352.8855348196161,352.8953552246094,486200,0.0,0.0
2023-02-22 00:00:00-05:00,355.1225121969153,358.8996866446406,352.5226489854548,354.40631103515625,378300,0.0,0.0
2023-02-23 00:00:00-05:00,355.37752415710213,357.58495977839766,350.4132491106541,356.103515625,354600,0.0,0.0
2023-02-24 00:00:00-05:00,351.7671870119446,356.08397480615406,350.75667303745183,355.23040771484375,251800,0.0,0.0
2023-02-27 00:00:00-05:00,358.8798957674469,358.8798957674469,351.6395334947704,353.1307678222656,278800,0.0,0.0
2023-02-28 00:00:00-05:00,353.9353727203107,356.65296077731864,352.3656345529055,353.06219482421875,299100,0.0,0.0
2023-03-01 00:00:00-05:00,351.44340460654195,354.85758277899356,349.78537264356606,350.7762756347656,277300,0.0,0.0
2023-03-02 00:00:00-05:00,348.009583356074,356.90800875942193,344.9191794890317,356.59405517578125,333600,0.0,0.0
2023-03-03 00:00:00-05:00,358.60890733590185,360.29944009678667,353.74373275865383,359.35589599609375,246600,0.66,0.0
2023-03-06 00:00:00-05:00,358.6974502379437,360.1520747146828,352.8690240750115,353.8322448730469,256900,0.0,0.0
2023-03-07 00:00:00-05:00,354.5693302070744,357.42947726008686,350.63786154226966,350.8049621582031,325400,0.0,0.0
2023-03-08 00:00:00-05:00,352.1416909267493,362.2357271816208,351.16866190944,357.1346435546875,425900,0.0,0.0
2023-03-09 00:00:00-05:00,358.4614867249884,359.7293938066006,347.3354528600769,348.1217346191406,397600,0.0,0.0
2023-03-10 00:00:00-05:00,347.7286017450255,348.1610657208847,334.07656167813985,335.1773681640625,497400,0.0,0.0
2023-03-13 00:00:00-04:00,327.6485418867966,333.81113742101843,325.6238381850257,328.0711975097656,331700,0.0,0.0
2023-03-14 00:00:00-04:00,337.6050665418582,338.84348889144974,326.0268913844573,331.5997619628906,446100,0.0,0.0
2023-03-15 00:00:00-04:00,322.8522705037225,325.47650947084173,312.4928404743613,319.6382751464844,596200,0.0,0.0
2023-03-16 00:00:00-04:00,318.07549107094604,327.6682849214442,314.52735473579355,325.5452880859375,392800,0.0,0.0
2023-03-17 00:00:00-04:00,322.94069176339883,323.3141861085715,314.57648206877394,315.10723876953125,579200,0.0,0.0
2023-03-20 00:00:00-04:00,318.23271828228116,322.75391308108254,316.2866305659813,319.2843933105469,434700,0.0,0.0
2023-03-21 00:00:00-04:00,324.09060201615955,329.98780487200605,323.264997215708,329.4177551269531,577100,0.0,0.0
2023-03-22 00:00:00-04:00,328.37596199214255,331.2655941750792,322.5278897184069,322.7342834472656,489000,0.0,0.0
2023-03-23 00:00:00-04:00,322.0757662002132,331.13780329442034,322.0757662002132,327.7370910644531,572700,0.0,0.0
2023-03-24 00:00:00-04:00,324.0611334588876,331.5014453006737,321.0142391649013,331.05914306640625,352900,0.0,0.0
2023-03-27 00:00:00-04:00,333.6441174743807,336.3371942099579,330.3908291868698,333.2509765625,313300,0.0,0.0
2023-03-28 00:00:00-04:00,332.3860573995963,340.78959083884865,331.5014828256565,340.1703796386719,443200,0.0,0.0
2023-03-29 00:00:00-04:00,343.5711105971358,345.31077501932145,341.4284669595834,345.2223205566406,311800,0.0,0.0
2023-03-30 00:00:00-04:00,349.1537766083331,350.7165320453031,342.80446212966206,344.4949951171875,292100,0.0,0.0
2023-03-31 00:00:00-04:00,347.14871850329394,349.36997805224223,344.81929796678907,348.9768371582031,305800,0.0,0.0
2023-04-03 00:00:00-04:00,352.84938949413515,354.6775084238478,347.2961947949148,349.9007873535156,441100,0.0,0.0
2023-04-04 00:00:00-04:00,350.6477181728612,350.6477181728612,340.8976621759338,341.5954895019531,425600,0.0,0.0
2023-04-05 00:00:00-04:00,337.65417645906024,339.56094105819994,329.2113515562439,331.2851867675781,505200,0.0,0.0
2023-04-06 00:00:00-04:00,328.59219945398127,334.214201550217,326.439717690204,332.7890319824219,287100,0.0,0.0
2023-04-10 00:00:00-04:00,330.5087444310854,336.16023086332086,329.35880659757316,334.6466369628906,223700,0.0,0.0
2023-04-11 00:00:00-04:00,336.13072346879625,340.45536287875564,335.5508354558073,340.26861572265625,385100,0.0,0.0
2023-04-12 00:00:00-04:00,342.8634430333192,344.4556833423635,339.86570961144986,340.1310729980469,234600,0.0,0.0
2023-04-13 00:00:00-04:00,340.01307173380167,344.40648919052535,337.82126714309095,342.7552795410156,306400,0.0,0.0
2023-04-14 00:00:00-04:00,341.4873986856975,346.4410580089336,340.4554000742736,343.2172546386719,181100,0.0,0.0
2023-04-17 00:00:00-04:00,342.4014449070821,348.0234465441066,341.50703214724564,347.5320129394531,225400,0.0,0.0
2023-04-18 00:00:00-04:00,348.80980157136776,350.7165365987673,344.3868985809129,347.39447021484375,208000,0.0,0.0
2023-04-19 00:00:00-04:00,346.1069069928689,353.26217976960754,345.5269888878706,350.6870422363281,236700,0.0,0.0
2023-04-20 00:00:00-04:00,348.2298007483057,352.6821875014952,346.1461273001515,350.3921203613281,224100,0.0,0.0
2023-04-21 00:00:00-04:00,350.598566337011,350.598566337011,343.8364348966601,348.514892578125,278400,0.0,0.0
2023-04-24 00:00:00-04:00,349.7435361175312,351.00160520449333,347.05048900826847,350.01873779296875,208200,0.0,0.0
2023-04-25 00:00:00-04:00,347.0307804974416,348.6623438496525,345.7235801582063,346.4803771972656,220300,0.0,0.0
2023-04-26 00:00:00-04:00,343.4334744582387,344.73083638225063,337.8999272548212,338.6174011230469,326200,0.0,0.0
2023-04-27 00:00:00-04:00,339.66910094130395,352.02374989493995,339.1186976620641,351.9156188964844,319900,0.0,0.0
2023-04-28 00:00:00-04:00,350.1955786575464,357.97990024139267,350.1955786575464,356.9773864746094,342900,0.0,0.0
2023-05-01 00:00:00-04:00,355.2278857410802,363.54293406802043,355.0411385687079,361.075927734375,318200,0.0,0.0
2023-05-02 00:00:00-04:00,360.58443716988756,366.3833468839132,355.1393452035933,365.4791259765625,461200,0.0,0.0
2023-05-03 00:00:00-04:00,368.1722444403615,371.14049277645927,360.3584676965065,362.2357177734375,546000,0.0,0.0
2023-05-04 00:00:00-04:00,393.0978033853783,395.0143766954672,378.0304303138694,382.610595703125,771300,0.0,0.0
2023-05-05 00:00:00-04:00,388.4684026457706,393.4613845632496,384.5369340470044,390.8469543457031,511000,0.0,0.0
2023-05-08 00:00:00-04:00,389.9919306441427,395.3583777900148,389.2154570661177,389.56927490234375,463600,0.0,0.0
2023-05-09 00:00:00-04:00,388.79277319705903,392.4392019951225,387.9376835592797,391.85931396484375,283100,0.0,0.0
2023-05-10 00:00:00-04:00,396.2822330981021,397.93344281341194,388.7436283940415,394.0609436035156,293700,0.0,0.0
2023-05-11 00:00:00-04:00,391.52518676018707,395.5647568811776,388.88127137894,393.7071533203125,264700,0.0,0.0
2023-05-12 00:00:00-04:00,394.8669237240223,397.2159908849031,390.87648502759674,395.6728820800781,309200,0.0,0.0
2023-05-15 00:00:00-04:00,394.7686064990198,398.0808641774389,392.8127103613161,397.6287536621094,473700,0.0,0.0
2023-05-16 00:00:00-04:00,397.5697736154849,399.01458956734996,391.2892379487879,395.5745544433594,367900,0.0,0.0
2023-05-17 00:00:00-04:00,398.0612040872894,400.7935736217292,395.0634712148927,400.3905944824219,303400,0.0,0.0
2023-05-18 00:00:00-04:00,400.27264427154495,401.7567832568428,395.16172312641856,400.8328857421875,265000,0.0,0.0
2023-05-19 00:00:00-04:00,403.1131634073174,403.4473346523042,395.60404368377664,401.4029541015625,246800,0.0,0.0
2023-05-22 00:00:00-04:00,402.07126598942136,402.07126598942136,396.46894143378074,399.0342102050781,228600,0.0,0.0
2023-05-23 00:00:00-04:00,394.8275987333369,396.39035407783365,388.3898301763163,390.453857421875,387900,0.0,0.0
2023-05-24 00:00:00-04:00,388.4881029805702,388.65517360920495,384.2224628890024,388.4586181640625,292700,0.0,0.0
2023-05-25 00:00:00-04:00,389.4611721048115,392.67513741467775,386.738640450598,392.3213195800781,294700,0.0,0.0
2023-05-26 00:00:00-04:00,392.71446050565436,393.7169743650832,385.88352069418903,392.3213195800781,340300,0.0,0.0
2023-05-30 00:00:00-04:00,392.74385035000535,395.5941588645701,387.8688380633532,391.40716552734375,292700,0.0,0.0
2023-05-31 00:00:00-04:00,389.4086566096748,393.02175031435905,386.209035568463,391.8699035644531,498000,0.66,0.0
2023-06-01 00:00:00-04:00,391.2693291640433,398.7515256378033,390.55066430841003,398.13128662109375,327300,0.0,0.0
2023-06-02 00:00:00-04:00,402.28586802409296,410.1027903784151,399.8246211882111,408.6457214355469,441300,0.0,0.0
2023-06-05 00:00:00-04:00,407.35608566113746,413.8636387996087,406.627566113306,410.6049499511719,440000,0.0,0.0
2023-06-06 00:00:00-04:00,411.77651146336683,421.9562262846486,409.37433179085315,411.6189880371094,578200,0.0,0.0
2023-06-07 00:00:00-04:00,409.5908808840365,417.94926591281444,408.429149489688,416.7777099609375,431400,0.0,0.0
2023-06-08 00:00:00-04:00,415.52741832787837,419.57369399983884,413.59777903574513,418.8057861328125,316400,0.0,0.0
2023-06-09 00:00:00-04:00,419.63275489571,421.4146953031541,415.931059873286,420.636962890625,365800,0.0,0.0
2023-06-12 00:00:00-04:00,420.016767782485,420.03644694432904,415.7637253514599,416.6005554199219,378800,0.0,0.0
2023-06-13 00:00:00-04:00,417.10268818306383,422.18267638455006,416.03941247985125,420.6862487792969,318200,0.0,0.0
2023-06-14 00:00:00-04:00,421.9561715544924,421.9561715544924,414.9465452400926,419.20941162109375,302100,0.0,0.0
2023-06-15 00:00:00-04:00,418.54990270195384,423.60035713449633,418.54990270195384,422.7930908203125,263400,0.0,0.0
2023-06-16 00:00:00-04:00,423.1770266681885,424.6734542618374,418.106863065357,419.9281921386719,614900,0.0,0.0
2023-06-20 00:00:00-04:00,416.96480517225467,424.03349984754124,416.68914669046006,423.50189208984375,426800,0.0,0.0
2023-06-21 00:00:00-04:00,423.6298764066024,431.2499185343099,422.8915022111148,425.2149353027344,346700,0.0,0.0
2023-06-22 00:00:00-04:00,427.06576897600365,433.68160251828795,422.71427079435716,432.4115905761719,502900,0.0,0.0
2023-06-23 00:00:00-04:00,429.70422161694904,436.3889773353443,428.81817864568586,435.5226135253906,541200,0.0,0.0
2023-06-26 00:00:00-04:00,435.08937598129904,438.781246259881,435.08937598129904,435.9163513183594,287400,0.0,0.0
2023-06-27 00:00:00-04:00,437.1175000008438,446.42102637677834,435.97547770180535,445.08209228515625,418800,0.0,0.0
2023-06-28 00:00:00-04:00,445.4266552934474,448.62627650707157,443.93022788033346,446.7458801269531,273000,0.0,0.0
2023-06-29 00:00:00-04:00,446.0665783478186,451.90464929154507,444.0975806566175,450.73309326171875,275600,0.0,0.0
2023-06-30 00:00:00-04:00,452.6823711718079,455.5275870016556,450.1817359159045,454.5332336425781,382100,0.0,0.0
2023-07-03 00:00:00-04:00,450.9299811841544,452.32798269051005,446.29300027924364,449.1480407714844,206300,0.0,0.0
2023-07-05 00:00:00-04:00,444.28457820874115,444.3042573669845,436.6941015404241,442.4337158203125,633800,0.0,0.0
2023-07-06 00:00:00-04:00,434.6759046265243,437.8558466050794,431.7421173954706,433.9375305175781,560500,0.0,0.0
2023-07-07 00:00:00-04:00,430.9840719188661,436.5268055237544,430.9840719188661,433.3468933105469,610600,0.0,0.0
2023-07-10 00:00:00-04:00,432.73644638269263,438.3776354642979,431.2203398246962,437.05841064453125,368600,0.0,0.0
2023-07-11 00:00:00-04:00,439.6574880072728,444.609516074987,437.61959819938807,442.4534912109375,322200,0.0,0.0
2023-07-12 00:00:00-04:00,441.8332128876362,443.831744195681,437.9247515558026,438.3283996582031,400100,0.0,0.0
2023-07-13 00:00:00-04:00,441.2818869491879,447.30701451146234,437.79675295050293,447.0904235839844,387600,0.0,0.0
2023-07-14 00:00:00-04:00,448.89208100918773,450.85125412379574,444.7079609547048,450.46728515625,398600,0.0,0.0
2023-07-17 00:00:00-04:00,451.2351761427418,452.9088361196447,448.76407454183146,451.0185852050781,244300,0.0,0.0
2023-07-18 00:00:00-04:00,449.4729069850679,455.44882180356626,449.4729069850679,454.8285827636719,283400,0.0,0.0
2023-07-19 00:00:00-04:00,453.8736054638308,454.86795882117366,446.1945271884123,447.2184143066406,342200,0.0,0.0
2023-07-20 00:00:00-04:00,449.374537965045,451.2942928063284,444.5603238900825,450.96942138671875,337000,0.0,0.0
2023-07-21 00:00:00-04:00,449.5714372061013,453.0467172800216,447.9765537223933,450.792236328125,222400,0.0,0.0
2023-07-24 00:00:00-04:00,450.0045558482579,453.23371073172905,448.527807638539,451.4025573730469,268400,0.0,0.0
2023-07-25 00:00:00-04:00,450.6247953369931,453.8047373010073,449.15790172817395,451.15643310546875,366900,0.0,0.0
2023-07-26 00:00:00-04:00,450.81188406903345,453.4503338469328,449.4335916510653,451.2844543457031,525700,0.0,0.0
2023-07-27 00:00:00-04:00,452.8596612161081,456.2266608359242,433.30752654143197,438.0232849121094,706700,0.0,0.0
2023-07-28 00:00:00-04:00,444.6489203909797,448.54752760686193,436.90091888620884,441.7742004394531,685800,0.0,0.0
2023-07-31 00:00:00-04:00,443.98926025078543,445.59396798731103,437.46202868470994,439.539306640625,458100,0.0,0.0
2023-08-01 00:00:00-04:00,440.2088243563333,446.4603679350819,439.42120726009495,446.2536315917969,439900,0.0,0.0
2023-08-02 00:00:00-04:00,444.93438359962914,451.225315216916,442.2368665411371,443.55609130859375,489800,0.0,0.0
2023-08-03 00:00:00-04:00,438.98798319648273,447.6515901557057,424.5256942680792,446.45050048828125,650100,0.0,0.0
2023-08-04 00:00:00-04:00,446.4702351356434,455.70483929353264,445.89923901371407,448.7838134765625,614500,0.0,0.0
2023-08-07 00:00:00-04:00,452.3575714959923,455.8525306203742,447.0511079319711,455.07476806640625,512700,0.0,0.0
2023-08-08 00:00:00-04:00,451.13679407175306,452.8203089263641,447.25786576359343,450.2015380859375,351500,0.0,0.0
2023-08-09 00:00:00-04:00,450.1030313870149,452.5150655859939,443.9302344169441,444.5406188964844,369800,0.0,0.0
2023-08-10 00:00:00-04:00,443.76286864376476,451.92437274354484,442.2369074027872,451.6585388183594,477000,0.0,0.0
2023-08-11 00:00:00-04:00,451.10720846201804,455.1535143480485,447.3365910960038,448.3801574707031,295800,0.0,0.0
2023-08-14 00:00:00-04:00,447.19875459029873,452.5052178912534,445.06240887929386,452.131103515625,280600,0.0,0.0
2023-08-15 00:00:00-04:00,451.01860690257934,452.67255775456863,446.24378148655035,449.24652099609375,195200,0.0,0.0
2023-08-16 00:00:00-04:00,450.0636677763927,451.88499675697557,444.373265315308,445.01318359375,372200,0.0,0.0
2023-08-17 00:00:00-04:00,446.71633510135365,449.1972612868813,425.2936313784453,425.3822326660156,465200,0.0,0.0
2023-08-18 00:00:00-04:00,421.82819987837803,428.3258979340191,419.70167887592174,424.4863586425781,588400,0.0,0.0
2023-08-21 00:00:00-04:00,425.4413221202652,427.02635075298804,417.6834668372148,425.8449401855469,294900,0.0,0.0
2023-08-22 00:00:00-04:00,426.2879753665963,432.3032485422017,426.2879753665963,429.5565185546875,316500,0.0,0.0
2023-08-23 00:00:00-04:00,429.4187074848416,436.92058402482246,427.66630070790256,435.3946228027344,268000,0.0,0.0
2023-08-24 00:00:00-04:00,433.24842117697335,438.0823141921245,430.2949245925689,430.6788635253906,204100,0.0,0.0
2023-08-25 00:00:00-04:00,431.1219077420086,435.4536968010437,425.29366115828253,430.4622802734375,327800,0.0,0.0
2023-08-28 00:00:00-04:00,431.9882317172641,437.1568503556793,430.58037561620444,432.2835693359375,213200,0.0,0.0
2023-08-29 00:00:00-04:00,431.40735790999605,439.4802295143126,427.8631564533248,438.87969970703125,241400,0.0,0.0
2023-08-30 00:00:00-04:00,438.6040382739344,444.56024356525904,437.66875246378476,439.115966796875,283500,0.0,0.0
2023-08-31 00:00:00-04:00,439.8457229288303,443.0309493065129,438.9187537686242,440.220458984375,308500,0.74,0.0
2023-09-01 00:00:00-04:00,442.64632988369203,454.95330321694877,441.2262933416068,451.0482177734375,387100,0.0,0.0
2023-09-05 00:00:00-04:00,448.41523705377966,450.34805291979137,431.70023942562096,435.5560302734375,407000,0.0,0.0
2023-09-06 00:00:00-04:00,435.3095247527843,437.44945074242594,425.5763780362882,432.57794189453125,412000,0.0,0.0
2023-09-07 00:00:00-04:00,429.7083276191164,432.5779840895938,425.2805910852336,431.6411437988281,349600,0.0,0.0
2023-09-08 00:00:00-04:00,430.5661886880277,436.42383204058973,429.8660413786219,432.01580810546875,266800,0.0,0.0
2023-09-11 00:00:00-04:00,435.5856191422003,435.69410962555395,428.47559525158255,432.98223876953125,228900,0.0,0.0
2023-09-12 00:00:00-04:00,430.0435789428484,433.19922276345613,426.60197765992575,431.29595947265625,233000,0.0,0.0
2023-09-13 00:00:00-04:00,429.72802794056116,430.704322031671,422.9237026205697,428.02203369140625,326400,0.0,0.0
2023-09-14 00:00:00-04:00,431.07904619216157,432.065181141484,423.10118796902645,429.7575988769531,340200,0.0,0.0
2023-09-15 00:00:00-04:00,427.36130771925446,427.36130771925446,415.21211764954234,419.2355651855469,998400,0.0,0.0
2023-09-18 00:00:00-04:00,419.74834756550274,424.5212372499479,415.6460224437467,422.105224609375,390800,0.0,0.0
2023-09-19 00:00:00-04:00,421.01058415474654,421.01058415474654,411.9874554417055,416.86883544921875,439900,0.0,0.0
2023-09-20 00:00:00-04:00,419.2354952152809,420.1821762033308,412.87491367386576,415.0740051269531,388600,0.0,0.0
2023-09-21 00:00:00-04:00,413.0426105466247,413.0426105466247,399.1282314024979,400.9230041503906,557500,0.0,0.0
2023-09-22 00:00:00-04:00,399.79886326401254,402.51073450263357,398.39853832832944,400.74554443359375,623700,0.0,0.0
2023-09-25 00:00:00-04:00,400.1439369542742,405.2126846515296,397.5701393786925,404.47308349609375,440700,0.0,0.0
2023-09-26 00:00:00-04:00,402.5995078593874,408.388115826828,400.89348337737437,401.6133728027344,635100,0.0,0.0
2023-09-27 00:00:00-04:00,404.3153469579421,406.3467826351015,399.61149387733644,404.26605224609375,408000,0.0,0.0
2023-09-28 00:00:00-04:00,403.75322081525087,414.6598708320394,403.75322081525087,408.77264404296875,221400,0.0,0.0
2023-09-29 00:00:00-04:00,412.1847086183184,412.6974879724777,402.4712730736721,404.7886962890625,392000,0.0,0.0
2023-10-02 00:00:00-04:00,403.684178514815,409.91655846444246,397.9744789661897,400.074951171875,474000,0.0,0.0
2023-10-03 00:00:00-04:00,396.8404192117572,404.4237688965427,396.4163583334973,398.74365234375,437600,0.0,0.0
2023-10-04 00:00:00-04:00,403.61514968024056,415.84321605878813,399.7100339240242,413.11163330078125,607900,0.0,0.0
2023-10-05 00:00:00-04:00,411.6915741298904,418.54519304962014,411.6915741298904,414.42315673828125,438400,0.0,0.0
2023-10-06 00:00:00-04:00,413.60472150353417,430.59580691943444,412.1353600080979,426.7005920410156,627400,0.0,0.0
2023-10-09 00:00:00-04:00,422.5687000570989,423.99857768808806,418.6142892492785,420.5569763183594,358100,0.0,0.0
2023-10-10 00:00:00-04:00,421.5234326268726,427.2824576182761,419.3835063599809,421.8291320800781,334300,0.0,0.0
2023-10-11 00:00:00-04:00,421.8784309321272,431.3946280915819,421.80939425635125,430.63531494140625,258600,0.0,0.0
2023-10-12 00:00:00-04:00,430.79305288212777,431.82848252732,418.70302893453334,424.3634338378906,322200,0.0,0.0
2023-10-13 00:00:00-04:00,426.77947892689355,429.68858904310946,418.39733192123083,420.2808532714844,236800,0.0,0.0
2023-10-16 00:00:00-04:00,425.31999407761265,428.6827178856856,422.8743986495236,425.6750183105469,256700,0.0,0.0
2023-10-17 00:00:00-04:00,424.2155115150824,432.134173697478,423.54494699396474,431.01983642578125,260000,0.0,0.0
2023-10-18 00:00:00-04:00,426.385016786877,426.385016786877,408.2006866565786,408.5655517578125,313600,0.0,0.0
2023-10-19 00:00:00-04:00,409.96590598644656,415.40936024094265,404.1674274901077,405.0253601074219,317800,0.0,0.0
2023-10-20 00:00:00-04:00,403.8912895567774,406.3073020729488,399.6903451345929,404.06878662109375,343400,0.0,0.0
2023-10-23 00:00:00-04:00,401.95845190258314,411.83954334675144,400.46940859461205,406.9779052734375,400300,0.0,0.0
2023-10-24 00:00:00-04:00,414.91631374168196,415.2910498680763,407.9246199925207,410.6463623046875,276500,0.0,0.0
2023-10-25 00:00:00-04:00,407.72727892049613,411.85918606849503,404.1574758214296,404.6505432128906,306800,0.0,0.0
2023-10-26 00:00:00-04:00,404.22660330822947,404.22660330822947,386.3578418417001,392.3436584472656,680500,0.0,0.0
2023-10-27 00:00:00-04:00,393.09311757373746,395.42041175588514,384.49401941739615,393.4974365234375,410400,0.0,0.0
2023-10-30 00:00:00-04:00,394.2863560134465,401.6232030481124,393.0635582058198,399.4833068847656,369600,0.0,0.0
2023-10-31 00:00:00-04:00,399.3156088430078,407.027191196275,399.3156088430078,403.27001953125,387800,0.0,0.0
2023-11-01 00:00:00-04:00,411.2182478948417,434.4318715621615,409.3741804711924,433.08087158203125,822800,0.0,0.0
2023-11-02 00:00:00-04:00,435.0433403513585,443.05075210694366,432.44980036618006,434.629150390625,525600,0.0,0.0
2023-11-03 00:00:00-04:00,442.7647727487401,443.3564598060223,434.9841827430085,436.739501953125,282200,0.0,0.0
2023-11-06 00:00:00-05:00,437.804452620013,437.804452620013,432.8047714249744,435.59552001953125,248900,0.0,0.0
2023-11-07 00:00:00-05:00,436.8873319320666,439.5400371501216,433.278074682656,438.1594543457031,241700,0.0,0.0
2023-11-08 00:00:00-05:00,441.4038060353067,446.67963350494887,437.9819469943664,445.5948791503906,475400,0.0,0.0
2023-11-09 00:00:00-05:00,448.20819106127334,451.0581053242314,444.4016946299461,444.796142578125,392900,0.0,0.0
2023-11-10 00:00:00-05:00,448.22790955138396,448.22790955138396,442.5083389821194,447.5770568847656,350100,0.0,0.0
2023-11-13 00:00:00-05:00,445.4075412156667,448.43495233525323,445.19059034475504,445.5948791503906,178000,0.0,0.0
2023-11-14 00:00:00-05:00,450.27905080733757,462.004209436669,450.27905080733757,458.11883544921875,331000,0.0,0.0
2023-11-15 00:00:00-05:00,458.5527085021188,460.51510723731326,446.6697955131225,448.5730285644531,433200,0.0,0.0
2023-11-16 00:00:00-05:00,449.57892762460114,454.0264059776422,448.5927926528014,453.6319580078125,305500,0.0,0.0
2023-11-17 00:00:00-05:00,455.52530106193717,459.2430490090539,451.590632320859,455.65350341796875,282800,0.0,0.0
2023-11-20 00:00:00-05:00,453.3558171115685,453.3558171115685,445.1117135402386,448.8984680175781,353200,0.0,0.0
2023-11-21 00:00:00-05:00,462.13238690738086,465.5444051161045,451.787841796875,451.787841796875,493300,0.0,0.0
2023-11-22 00:00:00-05:00,454.60820888583805,459.32193271128847,454.25321475156693,456.38323974609375,389900,0.0,0.0
2023-11-24 00:00:00-05:00,455.42673466990203,457.1919248272056,454.7956238901081,455.5943908691406,107300,0.0,0.0
2023-11-27 00:00:00-05:00,453.62211055645264,460.6236752382797,451.86679141938185,459.1641845703125,336700,0.0,0.0
2023-11-28 00:00:00-05:00,459.3712237446852,460.41655446316884,452.08370222073535,453.6220703125,270200,0.0,0.0
2023-11-29 00:00:00-05:00,457.10316600013766,460.5250557336713,456.0184114559644,456.31427001953125,254300,0.0,0.0
2023-11-30 00:00:00-05:00,456.27471265024894,459.662566056849,451.38551395407876,458.88226318359375,455400,0.74,0.0
2023-12-01 00:00:00-05:00,459.8107203333958,464.75917952023656,459.18845538862496,461.6083679199219,413700,0.0,0.0
2023-12-04 00:00:00-05:00,459.63293827317176,462.951644450109,456.0870469149851,458.5267028808594,451700,0.0,0.0
2023-12-05 00:00:00-05:00,455.31663655812736,457.7266623257037,451.2175973095446,453.6078796386719,334400,0.0,0.0
2023-12-06 00:00:00-05:00,457.22289274920115,461.8552758610291,453.7658922265028,454.82275390625,238100,0.0,0.0
2023-12-07 00:00:00-05:00,455.840143095213,460.04778650255423,452.946116609392,459.6131896972656,222000,0.0,0.0
2023-12-08 00:00:00-05:00,457.845125431248,463.8998193146854,457.845125431248,463.6232604980469,254600,0.0,0.0
2023-12-11 00:00:00-05:00,464.6504958112789,468.7989085077362,462.7244707428651,465.9740295410156,321300,0.0,0.0
2023-12-12 00:00:00-05:00,472.3744567473047,476.3746883908736,469.0853807451096,474.7548522949219,319800,0.0,0.0
2023-12-13 00:00:00-05:00,475.00179245607177,483.78255884668147,472.65102708046845,481.8170166015625,322100,0.0,0.0
2023-12-14 00:00:00-05:00,486.2617156728822,489.18534210838243,478.9328910744611,486.99261474609375,434200,0.0,0.0
2023-12-15 00:00:00-05:00,485.53084745552565,493.175748409206,481.0762451996717,483.9208679199219,912500,0.0,0.0
2023-12-18 00:00:00-05:00,483.78254784984034,486.31109454696553,478.1229630817954,484.3653259277344,317600,0.0,0.0
2023-12-19 00:00:00-05:00,487.83213199946766,490.71627128580525,485.61966140785603,486.7950439453125,214800,0.0,0.0
2023-12-20 00:00:00-05:00,483.8319178252112,487.83214919527404,481.57004334869737,482.0243835449219,254800,0.0,0.0
2023-12-21 00:00:00-05:00,485.7777008296535,488.2173565902387,484.4541671578898,486.4295959472656,190300,0.0,0.0
2023-12-22 00:00:00-05:00,488.35568291010617,490.4397762215753,485.75798889957105,490.28173828125,179800,0.0,0.0
2023-12-26 00:00:00-05:00,490.67682055340845,493.7387416096243,490.36074467115213,492.2373962402344,110600,0.0,0.0
2023-12-27 00:00:00-05:00,491.29909290055116,493.74863581081814,490.4891597436093,493.48193359375,183100,0.0,0.0
2023-12-28 00:00:00-05:00,483.18994853267355,494.39062741684984,481.3330404380292,492.1188659667969,233500,0.0,0.0
2023-12-29 00:00:00-05:00,492.50408079704164,494.75606862773765,491.1015129589707,492.7806396484375,191300,0.0,0.0
2024-01-02 00:00:00-05:00,488.049470628216,489.629819813716,481.01694840252725,484.9974365234375,343100,0.0,0.0
2024-01-03 00:00:00-05:00,480.9181331323858,481.0860578423845,473.77697734433684,476.0783386230469,460200,0.0,0.0
2024-01-04 00:00:00-05:00,477.8760310726924,483.3874646558975,476.0882702598734,480.098388671875,333000,0.0,0.0
2024-01-05 00:00:00-05:00,478.6266999990002,484.9875840675298,478.6266999990002,480.8194274902344,254800,0.0,0.0
2024-01-08 00:00:00-05:00,482.0639664024551,490.5879478897551,479.3477513587348,490.53857421875,237600,0.0,0.0
2024-01-09 00:00:00-05:00,486.6567951137973,491.6151411162236,482.30097062096695,491.2101745605469,219900,0.0,0.0
2024-01-10 00:00:00-05:00,491.1706191751331,494.78565752237085,489.50137941566027,493.7979431152344,241300,0.0,0.0
2024-01-11 00:00:00-05:00,493.23494708558746,493.23494708558746,486.3703499244409,491.2200012207031,256100,0.0,0.0
2024-01-12 00:00:00-05:00,491.19041002809354,493.98565895000894,487.9605944563274,489.7878723144531,230600,0.0,0.0
2024-01-16 00:00:00-05:00,490.0447141165469,492.71152533125115,486.1333427733976,489.7384948730469,279000,0.0,0.0
2024-01-17 00:00:00-05:00,486.20239842724624,490.3902977086301,483.88126363019603,487.0419616699219,254500,0.0,0.0
2024-01-18 00:00:00-05:00,487.229704493966,497.13647993368505,487.229704493966,496.8204040527344,296700,0.0,0.0
2024-01-19 00:00:00-05:00,499.89216278330076,499.89216278330076,492.1386282018312,499.2699279785156,287600,0.0,0.0
2024-01-22 00:00:00-05:00,501.38357808639523,504.53438942866194,497.45249407211173,501.7984313964844,216100,0.0,0.0
2024-01-23 00:00:00-05:00,500.4552212139306,500.4552212139306,490.96329847275325,494.1832275390625,223800,0.0,0.0
2024-01-24 00:00:00-05:00,497.5907769691048,497.5907769691048,488.52356568802765,488.6025695800781,201500,0.0,0.0
2024-01-25 00:00:00-05:00,494.9535691947992,499.08223846771097,492.24724127137665,498.6180114746094,196100,0.0,0.0
2024-01-26 00:00:00-05:00,498.09457660922175,499.2501857476138,494.1535750755198,495.4376220703125,173600,0.0,0.0
2024-01-29 00:00:00-05:00,495.60553631689726,507.07291831952307,494.242515509834,506.83587646484375,287500,0.0,0.0
2024-01-30 00:00:00-05:00,504.2973883324451,513.8189703700803,504.2973883324451,511.1422424316406,242700,0.0,0.0
2024-01-31 00:00:00-05:00,508.70260584388893,509.87792817409814,501.00827163947463,502.1737976074219,308600,0.0,0.0
2024-02-01 00:00:00-05:00,505.56159759322077,509.30504343089683,491.00266753352753,509.1766357421875,416200,0.0,0.0
2024-02-02 00:00:00-05:00,502.9836869148356,515.7943744260828,501.591005950788,513.5225830078125,426900,0.0,0.0
2024-02-05 00:00:00-05:00,508.3963650474895,508.3963650474895,498.22294816646223,502.2824401855469,437600,0.0,0.0
2024-02-06 00:00:00-05:00,501.7490474204596,509.20627936593627,498.29204688948187,508.18896484375,411000,0.0,0.0
2024-02-07 00:00:00-05:00,513.4140022428163,521.1774240044246,512.0904985282506,518.0364990234375,399300,0.0,0.0
2024-02-08 00:00:00-05:00,518.273552670233,519.9823398454095,512.2880048747933,518.955078125,374000,0.0,0.0
2024-02-09 00:00:00-05:00,517.2068783563988,520.6737661860047,515.6857593170195,520.6638793945312,320100,0.0,0.0
2024-02-12 00:00:00-05:00,527.429554536037,535.1534876713209,521.5131554671988,525.7603149414062,595300,0.0,0.0
2024-02-13 00:00:00-05:00,516.4560929421934,523.1033913395511,513.3151684899631,520.7723999023438,644100,0.0,0.0
2024-02-14 00:00:00-05:00,529.1187031310022,538.3538101752519,524.970289911889,532.83251953125,483800,0.0,0.0
2024-02-15 00:00:00-05:00,533.3658693111132,536.3586734036426,523.9430939893297,529.0594482421875,430500,0.0,0.0
2024-02-16 00:00:00-05:00,528.4272014407766,544.0231900385347,528.4272014407766,533.2373657226562,648600,0.0,0.0
2024-02-20 00:00:00-05:00,528.5654554948018,532.2989842747862,521.6909421272157,526.5900268554688,339700,0.0,0.0
2024-02-21 00:00:00-05:00,526.6690653174749,530.5903229967852,524.2985868301481,529.7112426757812,334300,0.0,0.0
2024-02-22 00:00:00-05:00,536.0128206824904,542.9268211900034,533.9188710658963,541.4254760742188,286000,0.0,0.0
2024-02-23 00:00:00-05:00,543.2331126261199,544.0727061600426,538.3439135743026,541.939208984375,344600,0.0,0.0
2024-02-26 00:00:00-05:00,542.2947687292045,550.3545531263175,542.2947687292045,546.5123291015625,258500,0.0,0.0
2024-02-27 00:00:00-05:00,547.0554644060696,552.3298856472161,544.9812883511281,552.2113647460938,358600,0.0,0.0
2024-02-28 00:00:00-05:00,551.9645585954406,560.7947293996328,551.9645585954406,559.1452026367188,494000,0.0,0.0
2024-02-29 00:00:00-05:00,562.9971883322921,573.6546046332777,560.0735321077179,570.6124877929688,854100,0.0,0.0
2024-03-01 00:00:00-05:00,571.1761725664068,583.5186988171758,570.8102543565103,583.449462890625,654300,0.74,0.0
2024-03-04 00:00:00-05:00,596.4744115424857,598.3337012613661,587.6131171453244,595.2678833007812,1051200,0.0,0.0
2024-03-05 00:00:00-05:00,591.707546416037,604.0005777017084,590.6691280416088,596.2568969726562,1040800,0.0,0.0
2024-03-06 00:00:00-05:00,598.6105768544251,605.3652750699539,598.027051379907,600.65771484375,722700,0.0,0.0
2024-03-07 00:00:00-05:00,604.7817626667404,610.2804953598853,602.8334384432744,605.1674194335938,554800,0.0,0.0
2024-03-08 00:00:00-05:00,603.1697293198454,605.2564650636735,587.8504209323803,590.2733764648438,797900,0.0,0.0
2024-03-11 00:00:00-04:00,589.8283955173878,591.2030334717888,583.8945084814487,589.14599609375,452100,0.0,0.0
2024-03-12 00:00:00-04:00,590.4515767814132,596.8799556915983,589.1955511244578,596.5139770507812,312600,0.0,0.0
2024-03-13 00:00:00-04:00,596.3359514150915,602.2402014266071,594.2393157950821,598.2545776367188,295100,0.0,0.0
2024-03-14 00:00:00-04:00,596.11831091353,601.4884715242483,593.3986126448117,599.8566284179688,411900,0.0,0.0
2024-03-15 00:00:00-04:00,592.8052454960944,601.8248103491214,589.5416193280438,589.6998901367188,620200,0.0,0.0
2024-03-18 00:00:00-04:00,590.7383364086976,595.9502873438051,589.868028007623,590.1845092773438,437100,0.0,0.0
2024-03-19 00:00:00-04:00,587.8404910876008,597.5918302560543,587.1679911824607,595.6336669921875,352000,0.0,0.0
2024-03-20 00:00:00-04:00,595.1095589685111,599.7379839069555,591.836033493639,596.9886474609375,388000,0.0,0.0
2024-03-21 00:00:00-04:00,599.629255572467,606.7993700690207,597.7996642942599,606.1961059570312,347800,0.0,0.0
2024-03-22 00:00:00-04:00,601.3204662564127,601.4588777713122,596.4546345006125,600.4303588867188,362400,0.0,0.0
2024-03-25 00:00:00-04:00,600.9940841296213,601.4292383418436,595.4558126673666,598.1458129882812,325500,0.0,0.0
2024-03-26 00:00:00-04:00,598.7787147737786,603.8323945155096,597.3446798770453,603.37744140625,327600,0.0,0.0
2024-03-27 00:00:00-04:00,607.4619226825051,608.2234575470184,595.712820819904,605.1180419921875,525000,0.0,0.0
2024-03-28 00:00:00-04:00,605.0785354088727,608.3322620972475,602.6456197237541,607.1751708984375,309900,0.0,0.0
2024-04-01 00:00:00-04:00,607.2345287204641,609.7069820132999,597.7106338074504,597.7600708007812,302500,0.0,0.0
2024-04-02 00:00:00-04:00,596.2666728119975,596.5337170717781,586.8812501881913,595.4458618164062,396600,0.0,0.0
2024-04-03 00:00:00-04:00,595.8315429526863,606.087334706997,595.8315429526863,603.6544189453125,347800,0.0,0.0
2024-04-04 00:00:00-04:00,609.1135820845963,613.9398154616579,597.3149825355152,597.4337158203125,430600,0.0,0.0
2024-04-05 00:00:00-04:00,601.1225801817664,615.4232705390215,597.8589541859549,612.5848388671875,397300,0.0,0.0
2024-04-08 00:00:00-04:00,613.9101451977325,619.7648976229312,611.4475914058258,614.6815795898438,438500,0.0,0.0
2024-04-09 00:00:00-04:00,615.0176885002937,615.0176885002937,596.7116381850228,603.9015502929688,457500,0.0,0.0
2024-04-10 00:00:00-04:00,588.3350821016681,604.2873548131844,581.1946059448634,599.8665771484375,386000,0.0,0.0
2024-04-11 00:00:00-04:00,598.5909156773762,604.5050053690246,597.2557545165861,600.390869140625,283600,0.0,0.0
2024-04-12 00:00:00-04:00,595.178781575715,600.0940495944967,593.5469384286821,595.4754638671875,239100,0.0,0.0
2024-04-15 00:00:00-04:00,607.4124665116937,612.6639542721215,591.2525474977375,592.6370849609375,442800,0.0,0.0
2024-04-16 00:00:00-04:00,595.0501936052601,595.2678008550563,585.4471645448374,588.68115234375,344100,0.0,0.0
2024-04-17 00:00:00-04:00,590.0855602162003,593.438221334763,583.9341254592507,586.3867797851562,494700,0.0,0.0
2024-04-18 00:00:00-04:00,590.3723248488758,590.3723248488758,575.4288337725397,580.6605224609375,541600,0.0,0.0
2024-04-19 00:00:00-04:00,583.3011363918401,587.8504864156823,566.261008559625,569.54443359375,1077000,0.0,0.0
2024-04-22 00:00:00-04:00,571.4037156521445,582.4407198333876,568.5554448255092,577.8815307617188,336800,0.0,0.0
2024-04-23 00:00:00-04:00,579.1473924040934,590.6492491020695,578.4649929311545,587.840576171875,300000,0.0,0.0
2024-04-24 00:00:00-04:00,586.1987744068559,592.0535862428162,578.692441323892,585.298828125,331800,0.0,0.0
2024-04-25 00:00:00-04:00,578.0298281672644,593.794191323694,572.0762022335231,590.4910278320312,408300,0.0,0.0
2024-04-26 00:00:00-04:00,592.1920349158606,599.7182277729984,592.1920349158606,598.32373046875,386200,0.0,0.0
2024-04-29 00:00:00-04:00,599.2633209853199,601.2907205427746,592.201980138261,595.9996948242188,517000,0.0,0.0
2024-04-30 00:00:00-04:00,593.5865865839777,599.7380212777956,575.824460757754,580.6012573242188,821900,0.0,0.0
2024-05-01 00:00:00-04:00,580.264868413609,596.7314280702174,570.048736989742,584.349365234375,649200,0.0,0.0
2024-05-02 00:00:00-04:00,585.3681382281596,589.1460539220475,574.1431645991361,583.4594116210938,593600,0.0,0.0
2024-05-03 00:00:00-04:00,588.9482560108645,592.0635108480335,581.7583427367288,584.5176391601562,492000,0.0,0.0
2024-05-06 00:00:00-04:00,590.441654065917,595.9799253793074,587.4846095416623,593.1810913085938,361300,0.0,0.0
2024-05-07 00:00:00-04:00,593.97226860598,597.7996211700663,589.017462942944,592.2118530273438,339100,0.0,0.0
2024-05-08 00:00:00-04:00,591.0745157412317,593.3492209387579,587.9196630942542,590.0657958984375,284600,0.0,0.0
2024-05-09 00:00:00-04:00,591.5394459566473,597.344761909773,589.0669924719215,596.5535888671875,269200,0.0,0.0
2024-05-10 00:00:00-04:00,599.9062636230968,606.8093345899523,599.1842661429066,603.7039184570312,339400,0.0,0.0
2024-05-13 00:00:00-04:00,606.0180595067953,606.502650660978,598.640237655776,601.3500366210938,321800,0.0,0.0
2024-05-14 00:00:00-04:00,600.7763728628872,602.0620966964482,596.2369830163402,599.451171875,346300,0.0,0.0
2024-05-15 00:00:00-04:00,603.3180303924136,609.1826812845776,601.4686404973559,605.928955078125,333800,0.0,0.0
2024-05-16 00:00:00-04:00,604.6434380604701,604.6434380604701,574.1036883621679,575.2805786132812,722200,0.0,0.0
2024-05-17 00:00:00-04:00,577.050790751591,579.9386596144067,572.1652207054034,574.3508911132812,407100,0.0,0.0
2024-05-20 00:00:00-04:00,574.3509666080844,577.6145932610099,569.3467229768956,576.675048828125,392900,0.0,0.0
2024-05-21 00:00:00-04:00,571.6113387647537,575.5475250156028,562.1863792496356,574.9046630859375,400100,0.0,0.0
2024-05-22 00:00:00-04:00,572.669673860203,572.669673860203,562.0579226381957,566.93359375,359500,0.0,0.0
2024-05-23 00:00:00-04:00,570.8697152247815,571.7103856338624,560.8810272120085,567.1412963867188,473400,0.0,0.0
2024-05-24 00:00:00-04:00,567.3884815697044,573.4805797989947,563.6995402857151,572.7783813476562,283400,0.0,0.0
2024-05-28 00:00:00-04:00,573.3124151091711,573.7178708426052,560.3468860326151,564.0357666015625,319500,0.0,0.0
2024-05-29 00:00:00-04:00,560.515029197129,562.235846933417,556.1634875032537,557.607421875,327600,0.0,0.0
2024-05-30 00:00:00-04:00,557.2316379560729,562.5128247701235,554.4130653360858,560.8809814453125,284800,0.0,0.0
2024-05-31 00:00:00-04:00,559.7435458057122,566.1224864535134,538.8760671696216,565.7763671875,821300,0.0,0.0
2024-06-03 00:00:00-04:00,565.7764161997889,565.7764161997889,544.9709982861497,557.923583984375,449900,0.74,0.0
2024-06-04 00:00:00-04:00,557.3295045153706,557.9335499929255,544.7234851875065,550.3877563476562,394800,0.0,0.0
2024-06-05 00:00:00-04:00,553.5664830621151,553.9229629489456,547.2981064017097,553.437744140625,382500,0.0,0.0
2024-06-06 00:00:00-04:00,553.3584733791221,553.3584733791221,543.5350898447173,545.9117431640625,452200,0.0,0.0
2024-06-07 00:00:00-04:00,544.6540653723246,550.2292458109434,542.6834534707967,545.5056762695312,430500,0.0,0.0
2024-06-10 00:00:00-04:00,542.2082400897817,550.1402513992912,542.2082400897817,546.9615478515625,323600,0.0,0.0
2024-06-11 00:00:00-04:00,544.6937674529795,546.0999229992332,538.6927803169,540.6138916015625,332400,0.0,0.0
2024-06-12 00:00:00-04:00,551.6057808814046,560.181424917743,546.9614487575277,551.3582153320312,436900,0.0,0.0
2024-06-13 00:00:00-04:00,547.7042149655681,564.1722217958236,547.7042149655681,562.2709350585938,421400,0.0,0.0
2024-06-14 00:00:00-04:00,556.4382411671825,561.4093770645608,551.7642323011181,561.3301391601562,372400,0.0,0.0
2024-06-17 00:00:00-04:00,559.3494816718463,569.9552097377546,557.4877842261645,568.3114013671875,310500,0.0,0.0
2024-06-18 00:00:00-04:00,563.6078506278817,566.9450299710257,551.7742032483255,553.1803588867188,679600,0.0,0.0
2024-06-20 00:00:00-04:00,550.8234616002139,550.8234616002139,528.0375176676034,535.2169189453125,542100,0.0,0.0
2024-06-21 00:00:00-04:00,533.3453896091638,539.47511555873,528.0672747172052,538.8314208984375,723700,0.0,0.0
2024-06-24 00:00:00-04:00,537.9004340893717,544.3470495703581,534.7019070759292,535.9000854492188,390400,0.0,0.0
2024-06-25 00:00:00-04:00,531.0083110366717,533.8008578559215,522.105863011631,529.7803955078125,647300,0.0,0.0
2024-06-26 00:00:00-04:00,526.0867417840944,531.7114242093302,523.9081527079227,530.4636840820312,482400,0.0,0.0
2024-06-27 00:00:00-04:00,531.7708621832714,539.1483285047033,530.4637086769623,533.0482788085938,457500,0.0,0.0
2024-06-28 00:00:00-04:00,534.9198887755474,542.257766358882,532.3055817644479,536.5241088867188,616200,0.0,0.0
2024-07-01 00:00:00-04:00,539.3066475335739,539.3066475335739,520.9768857205053,526.8689575195312,483500,0.0,0.0
2024-07-02 00:00:00-04:00,523.3040705841311,529.6318605346961,520.5709372473158,529.6219482421875,451200,0.0,0.0
2024-07-03 00:00:00-04:00,531.305411395143,533.8602443740417,523.1753369099148,528.1266479492188,186600,0.0,0.0
2024-07-05 00:00:00-04:00,527.5226411385207,532.1669736511232,521.9672238105858,531.5133666992188,430100,0.0,0.0
2024-07-08 00:00:00-04:00,533.7116866118903,536.8706251488666,524.3041966013043,524.819091796875,819800,0.0,0.0
2024-07-09 00:00:00-04:00,525.7994469178444,529.1762745815187,521.3829165609443,525.5023803710938,853200,0.0,0.0
2024-07-10 00:00:00-04:00,528.4236318980653,541.0296484919731,524.3536693659388,539.8116455078125,512800,0.0,0.0
2024-07-11 00:00:00-04:00,536.0883682575035,551.467170330114,536.0883682575035,550.3382568359375,777900,0.0,0.0
2024-07-12 00:00:00-04:00,551.9820512099047,559.2506026797704,548.2685677923764,549.1202392578125,419500,0.0,0.0
2024-07-15 00:00:00-04:00,552.5465117353061,556.7749508901513,548.0507428723151,551.1502685546875,368500,0.0,0.0
2024-07-16 00:00:00-04:00,553.7348303268569,573.4113361370188,553.1802858918754,571.8368530273438,492200,0.0,0.0
2024-07-17 00:00:00-04:00,567.2715976382202,567.7766409600101,557.8938449293123,558.8543701171875,402500,0.0,0.0
2024-07-18 00:00:00-04:00,557.5869718213213,567.0241396254756,553.5466849218004,558.5673217773438,348900,0.0,0.0
2024-07-19 00:00:00-04:00,560.5279276018279,561.0726201000207,550.1004992989297,553.6357421875,894300,0.0,0.0
2024-07-22 00:00:00-04:00,556.5373033976285,564.3603390009803,555.1707366411462,562.2114868164062,506600,0.0,0.0
2024-07-23 00:00:00-04:00,561.1222850952377,565.6774678310792,558.9931968186573,559.5675659179688,433200,0.0,0.0
2024-07-24 00:00:00-04:00,556.1511548099695,558.201005196064,532.3353565824966,532.5928344726562,615900,0.0,0.0
2024-07-25 00:00:00-04:00,535.2663962280371,553.9129878552142,534.1968962479947,541.7129516601562,647300,0.0,0.0
2024-07-26 00:00:00-04:00,548.9023458077879,567.4004371395855,541.772445614176,560.1121215820312,379200,0.0,0.0
2024-07-29 00:00:00-04:00,561.2410152793943,573.8866829400683,557.3393797858588,571.2327270507812,509500,0.0,0.0
2024-07-30 00:00:00-04:00,583.7595977367895,589.9883255451279,574.0847161906604,579.3232421875,479800,0.0,0.0
2024-07-31 00:00:00-04:00,584.2547281546387,597.4450285923153,576.5504588294169,587.5720825195312,563900,0.0,0.0
2024-08-01 00:00:00-04:00,587.2948572347088,589.1565551550494,573.7084273335512,579.1945190429688,463200,0.0,0.0
2024-08-02 00:00:00-04:00,571.3417591377076,572.3716101724043,555.0221953119311,562.716552734375,402900,0.0,0.0
2024-08-05 00:00:00-04:00,546.6247212942159,557.3690417302886,536.5240350082266,546.981201171875,470000,0.0,0.0
2024-08-06 00:00:00-04:00,533.285932784769,549.773762187607,526.6115147713815,539.5344848632812,653300,0.0,0.0
2024-08-07 00:00:00-04:00,545.5552966594544,549.4965817657065,532.3154943673632,533.0482788085938,588000,0.0,0.0
2024-08-08 00:00:00-04:00,535.1080465172516,544.3768873525362,522.6010285454645,533.7315673828125,829700,0.0,0.0
2024-08-09 00:00:00-04:00,531.3845699477951,535.860574309129,518.1844187040525,528.3543701171875,666000,0.0,0.0
2024-08-12 00:00:00-04:00,527.3146343737047,528.562374446696,516.9069687270858,519.99658203125,613900,0.0,0.0
2024-08-13 00:00:00-04:00,523.2149657835721,527.8493860190428,517.6200201443676,521.917724609375,453300,0.0,0.0
2024-08-14 00:00:00-04:00,526.1262612780118,530.0773975339486,518.7290321265162,520.333251953125,386100,0.0,0.0
2024-08-15 00:00:00-04:00,528.5128551762423,537.5043923439359,521.392867612609,534.5435180664062,435600,0.0,0.0
2024-08-16 00:00:00-04:00,536.7320823534039,536.9399987556232,527.8692226231094,529.7210083007812,537200,0.0,0.0
2024-08-19 00:00:00-04:00,530.9686257129617,531.0874523269889,523.0564413848518,529.3049926757812,340100,0.0,0.0
2024-08-20 00:00:00-04:00,531.473702295842,534.8901187648795,528.3048513616507,531.1766357421875,327900,0.0,0.0
2024-08-21 00:00:00-04:00,535.731908991235,539.0492635489583,532.4838196072016,534.444580078125,277000,0.0,0.0
2024-08-22 00:00:00-04:00,535.7516505758223,540.1385046706947,530.5428619686647,536.9498291015625,333900,0.0,0.0
2024-08-23 00:00:00-04:00,541.2178394550415,558.0622078536513,539.6829452511078,551.4967651367188,444500,0.0,0.0
2024-08-26 00:00:00-04:00,554.5468102605641,558.7158357178203,536.4349370912797,538.1480712890625,442100,0.0,0.0
2024-08-27 00:00:00-04:00,534.9396393661219,534.9396393661219,508.51945177308016,513.520263671875,773900,0.0,0.0
2024-08-28 00:00:00-04:00,514.9363666662553,517.1248679832787,508.00453096113256,509.2225341796875,542100,0.0,0.0
2024-08-29 00:00:00-04:00,511.35163091044774,522.2346034827743,511.35163091044774,518.8875122070312,462200,0.0,0.0
2024-08-30 00:00:00-04:00,521.333524555929,531.137085293477,517.9963453612077,528.95849609375,538800,0.0,0.0
2024-09-03 00:00:00-04:00,524.1287605592463,527.4609553706213,513.1701675486057,515.1536254882812,510000,0.79,0.0
2024-09-04 00:00:00-04:00,518.6742919224821,518.96187155538,499.57358077983264,507.0314025878906,795800,0.0,0.0
2024-09-05 00:00:00-04:00,505.613188362381,508.300765507949,496.86616148687233,501.8843078613281,509900,0.0,0.0
2024-09-06 00:00:00-04:00,505.404903587532,510.4528305856761,497.8281101334616,498.323974609375,457800,0.0,0.0
2024-09-09 00:00:00-04:00,501.7553419074197,505.7321846383644,498.50247219753226,501.99334716796875,374200,0.0,0.0
2024-09-10 00:00:00-04:00,505.03797612264316,507.29911695535435,496.965287809132,503.00494384765625,319500,0.0,0.0
2024-09-11 00:00:00-04:00,501.2694152370825,504.7007889664829,485.9967650318393,503.5900573730469,443400,0.0,0.0
2024-09-12 00:00:00-04:00,505.1866822476962,512.9717599598587,503.3024034405573,511.0676574707031,312100,0.0,0.0
2024-09-13 00:00:00-04:00,510.8693296190218,519.0114459422255,509.1933053026123,516.3734130859375,427600,0.0,0.0
2024-09-16 00:00:00-04:00,518.3767354291953,527.8179538936629,515.818057783986,525.398193359375,353600,0.0,0.0
2024-09-17 00:00:00-04:00,527.5502451251916,532.6179657059625,523.0477567985861,529.6229248046875,366100,0.0,0.0
2024-09-18 00:00:00-04:00,533.550189616903,538.7766206953105,525.7155064866033,529.5932006835938,450300,0.0,0.0
2024-09-19 00:00:00-04:00,543.5567637336902,545.9666578934548,533.0444002187459,544.171630859375,395500,0.0,0.0
2024-09-20 00:00:00-04:00,549.3187100384331,551.2823140627254,539.3716392455849,541.7716064453125,916000,0.0,0.0
2024-09-23 00:00:00-04:00,541.1864836206441,543.5567302661565,532.0030641387876,540.8889770507812,402700,0.0,0.0
2024-09-24 00:00:00-04:00,541.2361404737969,543.6658888037049,526.4593531044289,531.4874267578125,469000,0.0,0.0
2024-09-25 00:00:00-04:00,536.4063754455293,539.1931314576001,527.9667521424383,531.57666015625,401400,0.0,0.0
2024-09-26 00:00:00-04:00,540.7997440360559,551.2426795661903,533.9369962351699,535.1865844726562,491600,0.0,0.0
2024-09-27 00:00:00-04:00,533.8080555476612,539.6989281662236,529.1171967972568,534.6510009765625,416300,0.0,0.0
2024-09-30 00:00:00-04:00,531.9138473467638,535.3452516222451,524.8230210162363,533.7981567382812,550000,0.0,0.0
2024-10-01 00:00:00-04:00,531.8642653612372,533.7287207754309,522.9585580636757,530.55517578125,426500,0.0,0.0
2024-10-02 00:00:00-04:00,525.4774860592929,528.0658840872751,513.9833814445992,516.7403564453125,624700,0.0,0.0
2024-10-03 00:00:00-04:00,517.78162252284,520.082440781356,511.4345940275833,516.9188232421875,427600,0.0,0.0
2024-10-04 00:00:00-04:00,522.0064144612244,524.5353110752754,514.4990193500224,519.7750244140625,303700,0.0,0.0
2024-10-07 00:00:00-04:00,515.6991005184782,517.6726316221469,511.6330356688326,514.3602905273438,363100,0.0,0.0
2024-10-08 00:00:00-04:00,517.4246158806072,520.5882334272733,512.0098149382069,519.656005859375,345600,0.0,0.0
2024-10-09 00:00:00-04:00,519.6560439938207,529.8113387797965,516.6907841115079,526.7667236328125,281600,0.0,0.0
2024-10-10 00:00:00-04:00,521.8180256400036,535.2361479272118,518.6742616906779,530.0989990234375,291800,0.0,0.0
2024-10-11 00:00:00-04:00,528.3733774459931,541.4542241480224,528.3733774459931,540.3931274414062,270700,0.0,0.0
2024-10-14 00:00:00-04:00,539.4906541491599,548.5154244530767,537.5171231052691,547.781494140625,330700,0.0,0.0
2024-10-15 00:00:00-04:00,550.1220078867362,567.9136283255785,550.1220078867362,557.2426147460938,414300,0.0,0.0
2024-10-16 00:00:00-04:00,557.4111897431943,566.7433328395332,553.6227777646342,566.1781005859375,439700,0.0,0.0
2024-10-17 00:00:00-04:00,569.7184925685114,574.1416254121204,565.0871353878418,568.7069702148438,435100,0.0,0.0
2024-10-18 00:00:00-04:00,570.7795967320029,577.830834811531,562.7168363928411,576.1944580078125,354000,0.0,0.0
2024-10-21 00:00:00-04:00,575.3218401898127,575.609419817666,568.5285205446921,572.7532958984375,363200,0.0,0.0
2024-10-22 00:00:00-04:00,570.601088629696,570.601088629696,556.002869216387,556.310302734375,307400,0.0,0.0
2024-10-23 00:00:00-04:00,555.2095797641058,559.6624332072124,551.7087474040449,558.1351318359375,313500,0.0,0.0
2024-10-24 00:00:00-04:00,557.9268553478552,567.2193501957877,554.8822403948453,565.9301147460938,381800,0.0,0.0
2024-10-25 00:00:00-04:00,572.9714505902762,575.4805541060986,562.9450845628747,565.4938354492188,248700,0.0,0.0
2024-10-28 00:00:00-04:00,569.7184424986101,575.1134498552404,568.5779906411195,573.487060546875,430300,0.0,0.0
2024-10-29 00:00:00-04:00,569.4805113700054,579.4275820687137,566.4061757519432,579.0507202148438,647900,0.0,0.0
2024-10-30 00:00:00-04:00,578.1779169074201,605.2918101758384,570.452370992147,599.84716796875,917400,0.0,0.0
2024-10-31 00:00:00-04:00,591.6952916146024,596.5547880376274,587.3812945782931,587.4407958984375,629300,0.0,0.0
2024-11-01 00:00:00-04:00,589.6522544134068,591.486928650957,575.2523315359322,575.3416137695312,496800,0.0,0.0
2024-11-04 00:00:00-05:00,576.1746529084733,577.9994607683527,572.7433095588582,577.1663818359375,326300,0.0,0.0
2024-11-05 00:00:00-05:00,575.3118646737857,582.2738212484899,575.3118646737857,577.7019653320312,569600,0.0,0.0
2024-11-06 00:00:00-05:00,605.2026796847184,627.9925948978114,605.2026796847184,612.2042846679688,1163500,0.0,0.0
2024-11-07 00:00:00-05:00,617.3017048734159,617.3017048734159,609.5563040967611,612.055419921875,517000,0.0,0.0
2024-11-08 00:00:00-05:00,613.5727910366271,618.9479450369058,612.0455502332461,614.4554443359375,402800,0.0,0.0
2024-11-11 00:00:00-05:00,619.4239935708266,620.9313803705364,610.2603674927934,610.95458984375,379400,0.0,0.0
2024-11-12 00:00:00-05:00,608.5348395265797,608.9414823285113,600.6307881606637,601.771240234375,312200,0.0,0.0
2024-11-13 00:00:00-05:00,601.9794438203494,605.2025627534896,598.3398156966491,600.2538452148438,507100,0.0,0.0
2024-11-14 00:00:00-05:00,599.3315832004835,601.9497016686721,581.7878953640208,583.0969848632812,469800,0.0,0.0
2024-11-15 00:00:00-05:00,582.908549249849,584.6440749270531,574.5482813941571,578.207763671875,400300,0.0,0.0
2024-11-18 00:00:00-05:00,576.5912793868061,581.073853419486,574.2507528845897,576.8292846679688,380800,0.0,0.0
2024-11-19 00:00:00-05:00,569.3912954516626,579.3581596706908,567.2789078657083,577.8804931640625,325800,0.0,0.0
2024-11-20 00:00:00-05:00,577.8804877602083,580.6573167933757,574.568086339347,580.4193115234375,443000,0.0,0.0
2024-11-21 00:00:00-05:00,583.8605596148121,588.8192043159868,579.4077063580102,585.715087890625,347800,0.0,0.0
2024-11-22 00:00:00-05:00,585.1200778721242,594.3927193008466,582.7201107723956,592.865478515625,448600,0.0,0.0
2024-11-25 00:00:00-05:00,595.2356539897633,605.2719448751998,594.422429088096,599.0042114257812,765400,0.0,0.0
2024-11-26 00:00:00-05:00,598.1910683157939,598.1910683157939,585.0110121955581,592.0324096679688,477800,0.0,0.0
2024-11-27 00:00:00-05:00,596.0291278920223,598.9150326433104,587.7580814140505,590.6737670898438,379200,0.0,0.0
2024-11-29 00:00:00-05:00,595.2951516587287,595.6918068688549,588.2538407128491,595.0372924804688,184900,0.0,0.0
2024-12-02 00:00:00-05:00,595.4841457198063,597.3808790732475,586.4971789536056,589.0889892578125,342700,0.79,0.0
2024-12-03 00:00:00-05:00,590.9063250066305,590.9063250066305,581.7107978200394,584.6502075195312,534700,0.0,0.0
2024-12-04 00:00:00-05:00,581.7604420730326,583.7465147734441,576.2490418412872,578.3840942382812,351000,0.0,0.0
2024-12-05 00:00:00-05:00,575.9611011584931,582.3363777556523,569.4666650443875,578.33447265625,450400,0.0,0.0
2024-12-06 00:00:00-05:00,581.2937598487811,581.3235800360673,572.9522291669865,577.1329345703125,397400,0.0,0.0
2024-12-09 00:00:00-05:00,577.5599142727917,584.0841710127336,566.6861530395554,570.6980590820312,360700,0.0,0.0
2024-12-10 00:00:00-05:00,565.0377070410055,565.564045421622,551.1748971892099,559.5263671875,421000,0.0,0.0
2024-12-11 00:00:00-05:00,565.9612185040215,565.9612185040215,555.8918150337203,556.2791137695312,430400,0.0,0.0
2024-12-12 00:00:00-05:00,555.1668965979385,556.9245903237872,551.1252314006703,552.9425048828125,281000,0.0,0.0
2024-12-13 00:00:00-05:00,553.2603363337303,554.7995306926065,543.1909322928744,547.0836181640625,297300,0.0,0.0
2024-12-16 00:00:00-05:00,547.9277964965893,550.747986356436,542.7044145468452,543.4888916015625,337300,0.0,0.0
2024-12-17 00:00:00-05:00,538.682598256437,546.8751493304397,538.682598256437,540.9864501953125,524500,0.0,0.0
2024-12-18 00:00:00-05:00,542.6646370688579,554.5910153514022,531.2745372966909,531.9100952148438,724500,0.0,0.0
2024-12-19 00:00:00-05:00,533.3598857117664,537.8881297766525,521.0660888591328,522.1088256835938,510400,0.0,0.0
2024-12-20 00:00:00-05:00,520.4007467546259,536.8752483582324,520.4007467546259,529.9736328125,977400,0.0,0.0
2024-12-23 00:00:00-05:00,527.7790669023864,530.4801579416177,524.5020582808646,528.0770263671875,268700,0.0,0.0
2024-12-24 00:00:00-05:00,528.8614254025053,529.6955420724466,525.6241169026579,529.4671630859375,112100,0.0,0.0
2024-12-26 00:00:00-05:00,527.9080846140189,531.6022116691395,526.3490101380003,528.3350830078125,526100,0.0,0.0
2024-12-27 00:00:00-05:00,524.1743136155933,530.3907320562325,522.8833782350779,525.157470703125,249300,0.0,0.0
2024-12-30 00:00:00-05:00,518.4742304595372,521.542739664374,514.4127454452936,516.627197265625,250400,0.0,0.0
2024-12-31 00:00:00-05:00,519.0601583511532,519.2984773986914,511.10592678382574,512.9033203125,267800,0.0,0.0
2025-01-02 00:00:00-05:00,516.120736198232,520.1326421019259,504.1645995913855,507.0046691894531,414700,0.0,0.0
2025-01-03 00:00:00-05:00,507.67990232253817,515.7632328924497,507.560742807366,513.0720825195312,332400,0.0,0.0
2025-01-06 00:00:00-05:00,514.6908507367389,523.4593807676656,512.3274188117092,513.767333984375,366400,0.0,0.0
2025-01-07 00:00:00-05:00,510.2022523769017,512.2677243754899,502.29766109690047,505.1079406738281,479600,0.0,0.0
2025-01-08 00:00:00-05:00,507.3622245804167,518.3352355359832,504.2043454619696,513.6481323242188,378000,0.0,0.0
2025-01-10 00:00:00-05:00,508.2360510641362,509.12980812739244,501.93029375048803,505.1675720214844,356800,0.0,0.0
2025-01-13 00:00:00-05:00,502.49625750642247,509.72556113211215,502.49625750642247,509.62628173828125,475800,0.0,0.0
2025-01-14 00:00:00-05:00,512.2577996700851,516.3789249497946,510.1625074248934,514.0750732421875,285400,0.0,0.0
2025-01-15 00:00:00-05:00,526.0313183321581,528.6628895645799,523.7374062119897,527.5903930664062,320200,0.0,0.0
2025-01-16 00:00:00-05:00,527.4612418903728,529.38773512923,522.4364796131673,527.53076171875,200700,0.0,0.0
2025-01-17 00:00:00-05:00,530.7382892541146,540.8473931631812,530.1821912598484,538.7818603515625,371400,0.0,0.0
2025-01-21 00:00:00-05:00,551.9694158243382,556.2195803807348,545.713237601626,548.7916870117188,460100,0.0,0.0
2025-01-22 00:00:00-05:00,545.2564362986217,550.5790967860594,537.1830456241848,545.8522338867188,366600,0.0,0.0
2025-01-23 00:00:00-05:00,547.7687978523008,550.8174268946364,542.694396359579,544.9486083984375,327600,0.0,0.0
2025-01-24 00:00:00-05:00,544.9783703105832,546.7062439683424,542.5553590430009,544.7400512695312,293700,0.0,0.0
2025-01-27 00:00:00-05:00,540.5395562975712,544.3826025706799,537.8782258429466,542.2376098632812,318500,0.0,0.0
2025-01-28 00:00:00-05:00,545.167046811882,552.9524789030883,537.2723952624515,538.39453125,343300,0.0,0.0
2025-01-29 00:00:00-05:00,538.3449633724105,541.4233523975305,535.4552537140004,536.0808715820312,309300,0.0,0.0
2025-01-30 00:00:00-05:00,538.5336087378789,544.0548891186261,536.4084961333479,542.525634765625,340800,0.0,0.0
2025-01-31 00:00:00-05:00,541.7708474432595,544.4718772159192,538.2157603479505,540.3309326171875,391000,0.0,0.0
2025-02-03 00:00:00-05:00,532.2972943500841,536.6070380910355,524.1047446077711,532.2178344726562,395000,0.0,0.0
2025-02-04 00:00:00-05:00,536.021304603843,537.6796586917741,532.6846556913508,533.5585327148438,408900,0.0,0.0
2025-02-05 00:00:00-05:00,537.5604061778918,537.7093252703708,532.3171449437965,536.199951171875,463800,0.0,0.0
2025-02-06 00:00:00-05:00,537.6299393706761,544.3726348094505,536.3488836047325,541.6417846679688,390800,0.0,0.0
2025-02-07 00:00:00-05:00,541.6418224914875,543.3200565745783,533.8762699100345,534.8494262695312,328500,0.0,0.0
2025-02-10 00:00:00-05:00,538.31520510351,538.31520510351,526.2597269510303,527.2725830078125,443700,0.0,0.0
2025-02-11 00:00:00-05:00,523.38973022315,529.6756672176246,519.7055435871216,525.3162231445312,623100,0.0,0.0
2025-02-12 00:00:00-05:00,497.93825509438705,523.3103240275269,479.358551777764,513.5388793945312,1329000,0.0,0.0
2025-02-13 00:00:00-05:00,519.2289945779869,528.4046422229234,514.7106905843608,527.957763671875,665100,0.0,0.0
2025-02-14 00:00:00-05:00,531.6518723593084,531.6518723593084,521.7711473198591,523.7075805664062,687800,0.0,0.0
2025-02-18 00:00:00-05:00,528.9905501581582,535.9914452881576,525.465282741931,530.2715454101562,614100,0.0,0.0
2025-02-19 00:00:00-05:00,523.6579037649477,526.7859320707087,513.3998207432827,517.3223266601562,406200,0.0,0.0
2025-02-20 00:00:00-05:00,513.1614951228001,516.2597638139822,496.61750521174474,502.5161437988281,566200,0.0,0.0
2025-02-21 00:00:00-05:00,507.6700185934205,507.6700185934205,484.2045632006993,486.428955078125,730700,0.0,0.0
2025-02-24 00:00:00-05:00,486.44882166429267,491.4835237474308,482.93349444506083,487.2234191894531,566400,0.0,0.0
2025-02-25 00:00:00-05:00,489.060485866783,492.3971039221063,480.80835582526976,486.8758239746094,790300,0.0,0.0
2025-02-26 00:00:00-05:00,488.02777038898284,494.8399858185631,486.0119076286921,487.7099914550781,795300,0.0,0.0
2025-02-27 00:00:00-05:00,485.6444673148612,490.748689251756,478.7826120634579,478.981201171875,502800,0.0,0.0
2025-02-28 00:00:00-05:00,482.98315375706494,485.4856251121066,471.7916434022389,479.7756652832031,860600,0.0,0.0
2025-03-03 00:00:00-05:00,483.8537951491635,487.38483641395453,465.49229557907967,467.2926330566406,611400,0.79,0.0
2025-03-04 00:00:00-05:00,463.4730974933059,468.11818640303915,448.68246562993136,459.4546813964844,1103200,0.0,0.0
2025-03-05 00:00:00-05:00,465.67133862324084,476.1451376420094,463.7416901880331,475.0808410644531,864300,0.0,0.0
2025-03-06 00:00:00-05:00,473.0715780528144,478.7908893742388,469.828997840473,473.3699951171875,934900,0.0,0.0
2025-03-07 00:00:00-05:00,470.64462045096235,471.6193705887046,446.10627529653203,457.9328308105469,983200,0.0,0.0
2025-03-10 00:00:00-04:00,453.1584202643431,467.38211648122086,452.3527458267549,465.6315002441406,1356500,0.0,0.0
2025-03-11 00:00:00-04:00,461.74240810685916,466.70576621549566,456.4507942458204,461.931396484375,655400,0.0,0.0
2025-03-12 00:00:00-04:00,463.6620916766002,467.004174710711,460.61842571688777,462.1800537109375,688700,0.0,0.0
2025-03-13 00:00:00-04:00,459.4347427584846,467.70038822526453,458.1416932561163,462.577880859375,973100,0.0,0.0
2025-03-14 00:00:00-04:00,467.6009723807855,476.27443428760535,462.51825941212707,474.9018249511719,786800,0.0,0.0
2025-03-17 00:00:00-04:00,472.5642929622688,489.0160238467299,472.5642929622688,486.1215515136719,706000,0.0,0.0
2025-03-18 00:00:00-04:00,483.8537385538783,489.93111378396617,481.08857714205055,485.5844421386719,602400,0.0,0.0
2025-03-19 00:00:00-04:00,483.336510446381,491.24409222990846,478.97988231536294,487.583740234375,528900,0.0,0.0
2025-03-20 00:00:00-04:00,483.0778947890504,491.1346391745664,480.94930182962787,481.1979675292969,464800,0.0,0.0
2025-03-21 00:00:00-04:00,477.5376616776107,479.24848307018556,469.7892292308331,474.4840393066406,857500,0.0,0.0
2025-03-24 00:00:00-04:00,481.12837856686247,489.89135620929943,477.30887670750593,488.0711364746094,448900,0.0,0.0
2025-03-25 00:00:00-04:00,485.9425133637035,488.33965442611907,479.4772049699131,485.69384765625,361100,0.0,0.0
2025-03-26 00:00:00-04:00,485.8032873812775,490.18975420290786,479.4772158555945,480.2928466796875,286800,0.0,0.0
2025-03-27 00:00:00-04:00,478.4229086385179,484.62962590649977,471.81836262779655,481.7152404785156,325600,0.0,0.0
2025-03-28 00:00:00-04:00,479.9546741324099,481.03885301969416,470.5750105400418,475.4488525390625,551600,0.0,0.0
2025-03-31 00:00:00-04:00,471.6592117082526,478.10463834722947,466.3377590238293,475.57818603515625,568300,0.0,0.0
2025-04-01 00:00:00-04:00,472.1962937070389,482.77949037761596,466.60626313416384,481.97381591796875,483400,0.0,0.0
2025-04-02 00:00:00-04:00,476.3440613191989,493.42243683247995,476.3440613191989,489.8416442871094,340700,0.0,0.0
2025-04-03 00:00:00-04:00,472.95223790545793,483.56530407461287,468.0386009038254,482.38165283203125,561100,0.0,0.0
2025-04-04 00:00:00-04:00,477.7067053680198,480.9294335712086,461.8816161355484,468.18780517578125,889700,0.0,0.0
2025-04-07 00:00:00-04:00,455.3864755475779,477.79622816122804,442.5354486289593,457.3658752441406,936100,0.0,0.0
2025-04-08 00:00:00-04:00,470.7738971738885,470.7738971738885,440.52622774765035,450.0948791503906,636200,0.0,0.0
2025-04-09 00:00:00-04:00,444.2761172848206,485.29600397262055,439.5912637072664,479.0594787597656,757800,0.0,0.0
2025-04-10 00:00:00-04:00,470.4755550835331,477.9554092176332,460.32998128868775,472.7334289550781,439600,0.0,0.0
2025-04-11 00:00:00-04:00,475.90636531801835,495.222730677457,470.44567613870555,489.0657653808594,627100,0.0,0.0
2025-04-14 00:00:00-04:00,491.9204652315343,502.6230473973614,486.10168138679404,500.24578857421875,522500,0.0,0.0
2025-04-15 00:00:00-04:00,501.80739919047846,505.2290417639789,495.0635863977063,496.386474609375,326500,0.0,0.0
2025-04-16 00:00:00-04:00,491.7613106388364,495.9787017955056,482.5606792076765,488.4490966796875,316200,0.0,0.0
2025-04-17 00:00:00-04:00,487.20577991385386,496.02843481623097,485.66403423466835,491.6021728515625,251500,0.0,0.0
2025-04-21 00:00:00-04:00,488.5187512242041,488.6579882457438,476.30426167299095,482.48114013671875,433900,0.0,0.0
2025-04-22 00:00:00-04:00,492.01989446670507,492.01989446670507,482.38160969877083,488.3794250488281,701500,0.0,0.0
2025-04-23 00:00:00-04:00,497.43091424048896,504.5129091161245,493.26327432914854,495.6802978515625,324900,0.0,0.0
2025-04-24 00:00:00-04:00,495.0834646317148,508.35226307008696,493.17372900700383,506.53204345703125,324100,0.0,0.0
2025-04-25 00:00:00-04:00,504.1945731992008,506.7807025806604,499.9374175791489,501.7477111816406,327900,0.0,0.0
2025-04-28 00:00:00-04:00,501.3100775913529,503.26956462469764,494.40711496757206,500.2159423828125,359900,0.0,0.0
2025-04-29 00:00:00-04:00,500.8824035413182,506.0844710782258,493.33291577735616,502.1654968261719,491600,0.0,0.0
2025-04-30 00:00:00-04:00,493.4124991907479,523.1827539171909,487.6931872439875,521.1834716796875,943500,0.0,0.0
2025-05-01 00:00:00-04:00,525.1720684490341,533.2586828920695,520.0694427832249,520.08935546875,489600,0.0,0.0
2025-05-02 00:00:00-04:00,527.300586629567,536.8791940978899,524.913371663796,532.9403076171875,386400,0.0,0.0
2025-05-05 00:00:00-04:00,532.940354330221,543.1356487616116,530.8416302419186,539.2962646484375,465900,0.0,0.0
2025-05-06 00:00:00-04:00,530.7322489961145,539.6941714692756,528.0267343299689,532.1446533203125,323200,0.0,0.0
2025-05-07 00:00:00-04:00,534.6213408985427,540.7982192299572,530.3542590047874,531.6075439453125,363900,0.0,0.0
2025-05-08 00:00:00-04:00,536.1631076130545,543.81206831097,533.8455865945676,538.669677734375,356800,0.0,0.0
2025-05-09 00:00:00-04:00,539.246559943086,541.04689736627,534.4323647881016,538.9580688476562,320100,0.0,0.0
2025-05-12 00:00:00-04:00,553.291148489413,553.4403114863743,545.1548139286651,550.1082153320312,413900,0.0,0.0
2025-05-13 00:00:00-04:00,553.132039355112,554.0471729751608,539.5549265833632,540.9872436523438,369700,0.0,0.0
2025-05-14 00:00:00-04:00,541.6535304761403,541.6535304761403,533.288443680622,538.1324462890625,419400,0.0,0.0
2025-05-15 00:00:00-04:00,537.8539328887629,550.4562931005669,537.8539328887629,549.9092407226562,368100,0.0,0.0
2025-05-16 00:00:00-04:00,552.4556434135748,562.2928739311811,552.4556434135748,561.0694580078125,419300,0.0,0.0
2025-05-19 00:00:00-04:00,554.1565621781193,566.3014183897493,553.8879837604303,565.1575317382812,389100,0.0,0.0
2025-05-20 00:00:00-04:00,559.4977989788127,562.392240880062,557.229938759775,560.61181640625,327000,0.0,0.0
2025-05-21 00:00:00-04:00,555.2406706713265,560.8108190939341,553.7984580967773,557.0509643554688,622600,0.0,0.0
2025-05-22 00:00:00-04:00,556.4939928111498,563.5660923338219,553.301163681892,561.6762084960938,463900,0.0,0.0
2025-05-23 00:00:00-04:00,555.2208129268231,561.5667667427439,553.7486706319579,558.7219848632812,362900,0.0,0.0
2025-05-27 00:00:00-04:00,566.1422254148905,566.7688679022713,558.582811614883,564.4612426757812,456300,0.0,0.0
2025-05-28 00:00:00-04:00,564.4612408480323,565.9432788593095,545.8809451137429,547.591796875,614900,0.0,0.0
2025-05-29 00:00:00-04:00,548.9245950507068,549.9888916103038,541.2855914686214,545.5526733398438,689300,0.0,0.0
2025-05-30 00:00:00-04:00,543.6727870417701,550.0385927759008,535.6358943164257,544.6276245117188,653600,0.0,0.0
2025-06-02 00:00:00-04:00,540.7428056046456,540.7428056046456,531.7081717401206,539.4976806640625,441800,0.79,0.0
2025-06-03 00:00:00-04:00,540.9520765412585,544.1296382212947,533.5809116467605,543.4124145507812,372100,0.0,0.0
2025-06-04 00:00:00-04:00,545.2452352957202,550.0065617897797,542.2768766831177,547.4266967773438,432500,0.0,0.0
2025-06-05 00:00:00-04:00,549.259427410483,549.8571238377853,542.3963452015515,547.894775390625,288400,0.0,0.0
2025-06-06 00:00:00-04:00,551.9389872331283,552.7159744179302,545.7632158534582,549.1698608398438,274800,0.0,0.0
2025-06-09 00:00:00-04:00,552.6164445867107,555.6645084714494,547.2773018262864,552.3175659179688,285300,0.0,0.0
2025-06-10 00:00:00-04:00,552.8355218586627,556.371664839055,548.5323623928649,552.1681518554688,295200,0.0,0.0
2025-06-11 00:00:00-04:00,552.9450876550214,554.9174071085162,541.8086963213703,543.72119140625,442900,0.0,0.0
2025-06-12 00:00:00-04:00,541.8883929939407,551.7597176488248,538.8901221432016,550.4847412109375,239500,0.0,0.0
2025-06-13 00:00:00-04:00,546.3309704744402,547.2673069622946,538.1928500111756,540.3543701171875,250000,0.0,0.0
2025-06-16 00:00:00-04:00,538.3023728455377,544.6674664202479,538.0932307562392,540.673095703125,328500,0.0,0.0
2025-06-17 00:00:00-04:00,538.2724937799458,543.3027863487262,537.7844145338565,539.278564453125,329100,0.0,0.0
2025-06-18 00:00:00-04:00,535.5930349738119,543.8805946337449,534.4474956046122,536.688720703125,373100,0.0,0.0
2025-06-20 00:00:00-04:00,539.437940654281,541.5198163965757,532.2859499789217,536.1209106445312,954300,0.0,0.0
2025-06-23 00:00:00-04:00,537.1370091725024,550.4947455841652,534.4574974667485,549.8074340820312,438400,0.0,0.0
2025-06-24 00:00:00-04:00,549.4686842676476,553.2737936126875,547.3171349904557,550.2157592773438,548000,0.0,0.0
2025-06-25 00:00:00-04:00,549.3889818324559,549.3989525601713,531.977172979496,532.3357543945312,489900,0.0,0.0
2025-06-26 00:00:00-04:00,534.0191488253465,543.3127787165656,530.7220603040516,538.5513916015625,444200,0.0,0.0
2025-06-27 00:00:00-04:00,540.274686013994,548.7016529856502,537.7844360489196,547.90478515625,448700,0.0,0.0
2025-06-30 00:00:00-04:00,546.4604495819414,552.5466669425723,544.3985760309565,546.819091796875,374000,0.0,0.0
2025-07-01 00:00:00-04:00,545.8628247759748,558.5133075095869,538.3023986820848,555.5050659179688,458300,0.0,0.0
2025-07-02 00:00:00-04:00,555.8237799496113,558.6327891439355,551.2317737065687,556.4911499023438,319400,0.0,0.0
2025-07-03 00:00:00-04:00,556.3118690686281,558.1546905130987,552.3374398690657,555.7142333984375,310600,0.0,0.0
2025-07-07 00:00:00-04:00,556.2621228575258,559.7982659296588,553.6523455503997,554.1204833984375,434200,0.0,0.0
2025-07-08 00:00:00-04:00,553.8216602824199,559.3599741606401,550.863272299389,556.9096069335938,247700,0.0,0.0
2025-07-09 00:00:00-04:00,557.4175488367927,564.908240468659,553.134330895128,564.8086547851562,267700,0.0,0.0
2025-07-10 00:00:00-04:00,564.8086738201235,568.8727182790783,560.7146563797148,562.178955078125,313800,0.0,0.0
2025-07-11 00:00:00-04:00,557.3080066885282,561.0334111442558,549.6181434928523,559.8082275390625,269500,0.0,0.0
2025-07-14 00:00:00-04:00,561.0931862462439,564.3404822002643,556.2521544999169,562.6172485351562,400400,0.0,0.0
2025-07-15 00:00:00-04:00,564.0216659441957,566.4720937546911,546.1118079581646,546.2811279296875,355000,0.0,0.0
2025-07-16 00:00:00-04:00,544.119691624769,545.4046388951415,530.801837857833,544.229248046875,532100,0.0,0.0
2025-07-17 00:00:00-04:00,544.2291889633386,551.152096218862,541.0715689427,550.9329833984375,308600,0.0,0.0
2025-07-18 00:00:00-04:00,552.3972173300973,563.274612380982,549.8172915617948,562.826416015625,407600,0.0,0.0
2025-07-21 00:00:00-04:00,565.8545320057574,566.4421969569925,560.7245927076696,561.0632934570312,308600,0.0,0.0
2025-07-22 00:00:00-04:00,563.6332658963563,569.7891567661195,557.9455128565555,568.753173828125,267800,0.0,0.0
2025-07-23 00:00:00-04:00,572.2096660415042,575.1182610634593,567.7272159719257,572.5084838867188,326000,0.0,0.0
2025-07-24 00:00:00-04:00,572.5085124486252,581.164624446719,571.3231509392042,579.1724243164062,336600,0.0,0.0
2025-07-25 00:00:00-04:00,579.7402156067053,584.6908038073258,577.7978082969148,583.4456787109375,233700,0.0,0.0
2025-07-28 00:00:00-04:00,582.7384631688329,582.7384631688329,570.4365912321744,573.6340942382812,325700,0.0,0.0
2025-07-29 00:00:00-04:00,577.6185030801922,579.9294624967376,573.6540443278813,577.6583251953125,244300,0.0,0.0
2025-07-30 00:00:00-04:00,577.7379733998667,579.8596711659493,570.4465144399248,573.0762329101562,383800,0.0,0.0
2025-07-31 00:00:00-04:00,561.4219042196688,574.0325648744038,558.7025705435641,572.6380004882812,589800,0.0,0.0
2025-08-01 00:00:00-04:00,570.1676562295057,575.646206151778,559.3201127920983,575.6063232421875,393100,0.0,0.0
2025-08-04 00:00:00-04:00,592.4604355742869,610.8384334376909,592.4604355742869,599.9710083007812,705900,0.0,0.0
2025-08-05 00:00:00-04:00,598.0982738841095,607.0133808564992,596.0363396317134,605.1307373046875,516600,0.0,0.0
2025-08-06 00:00:00-04:00,605.1307697968023,605.6288198130959,594.8310687091159,595.7076416015625,618400,0.0,0.0
2025-08-07 00:00:00-04:00,599.8712961933375,608.5871709517971,588.0475943847736,597.9588012695312,754300,0.0,0.0
2025-08-08 00:00:00-04:00,600.2100328742346,613.189245474336,598.8254392383897,608.5374145507812,526200,0.0,0.0
2025-08-11 00:00:00-04:00,608.5075489797307,608.5075489797307,596.1359430962525,597.5902709960938,477800,0.0,0.0
2025-08-12 00:00:00-04:00,598.1182576324437,614.9921949034994,596.4746682318574,613.0298461914062,477900,0.0,0.0
2025-08-13 00:00:00-04:00,616.5759064184193,618.3888156468762,607.3819232142822,617.6616821289062,360100,0.0,0.0
2025-08-14 00:00:00-04:00,613.229065040946,615.2212650967496,606.2364233899968,610.1112670898438,365000,0.0,0.0
2025-08-15 00:00:00-04:00,613.6175229572547,613.6175229572547,605.4793424286586,607.20263671875,302900,0.0,0.0
2025-08-18 00:00:00-04:00,607.3222063146575,608.7964149182136,599.253759515477,600.47900390625,304400,0.0,0.0
2025-08-19 00:00:00-04:00,602.5907318251249,605.8579083443575,600.5188267171227,605.3897705078125,374100,0.0,0.0
2025-08-20 00:00:00-04:00,604.0847891819108,605.8777568207247,593.4464496746948,598.257568359375,379700,0.0,0.0
2025-08-21 00:00:00-04:00,595.8371104717462,600.1203282439945,594.591985491609,598.3970947265625,340100,0.0,0.0
2025-08-22 00:00:00-04:00,601.1363618821632,613.30873514453,600.2299376591176,605.5192260742188,363800,0.0,0.0
2025-08-25 00:00:00-04:00,601.9432238932603,607.4815375170647,601.7041696183957,602.1424560546875,318500,0.0,0.0
2025-08-26 00:00:00-04:00,602.1125601615713,615.3308271071747,601.7739201953912,614.633544921875,750400,0.0,0.0
2025-08-27 00:00:00-04:00,612.6014888602725,618.9366701537632,612.4122274318294,614.235107421875,413400,0.0,0.0
2025-08-28 00:00:00-04:00,615.559879199353,615.559879199353,606.5253058273046,609.9020385742188,292800,0.0,0.0
2025-08-29 00:00:00-04:00,611.3165821896761,614.1952651218517,607.1727719446609,613.99609375,368600,0.0,0.0
2025-09-02 00:00:00-04:00,608.4203555762449,616.4597449620651,607.143659996297,614.8040161132812,551200,0.83,0.0
2025-09-03 00:00:00-04:00,614.803954747603,614.803954747603,604.1612544031935,609.63720703125,415500,0.0,0.0
2025-09-04 00:00:00-04:00,613.6868541469014,618.5742888309491,607.3331464422724,617.3873291015625,413600,0.0,0.0
2025-09-05 00:00:00-04:00,620.0904063600155,622.234933332585,614.544625273142,621.0479736328125,311200,0.0,0.0
2025-09-08 00:00:00-04:00,619.3623179291483,626.075090649657,616.9185701077929,625.4866333007812,321100,0.0,0.0
2025-09-09 00:00:00-04:00,620.8285207393685,621.0080531928845,607.9415728612056,612.6494750976562,421600,0.0,0.0
2025-09-10 00:00:00-04:00,612.0809344636023,620.8684050474012,611.5822129528779,615.1530151367188,283100,0.0,0.0
2025-09-11 00:00:00-04:00,617.1080761498735,630.6433863700858,611.6919674032696,629.5062866210938,301300,0.0,0.0
2025-09-12 00:00:00-04:00,626.0550944440898,627.8305723417567,614.0259333798358,614.2852783203125,331400,0.0,0.0
2025-09-15 00:00:00-04:00,615.362580382384,617.0981217255097,608.7096516073691,609.517578125,296600,0.0,0.0
2025-09-16 00:00:00-04:00,609.9663603290725,612.4798753461681,604.6300036351128,608.2008666992188,296100,0.0,0.0
2025-09-17 00:00:00-04:00,608.2009318401192,623.0129379482956,606.644922994656,608.131103515625,463100,0.0,0.0
2025-09-18 00:00:00-04:00,606.0763528942703,624.0901727610211,605.8968204425997,618.813720703125,325500,0.0,0.0
2025-09-19 00:00:00-04:00,620.3896576017971,620.7786750329071,614.5845312882607,616.9884033203125,630900,0.0,0.0
2025-09-22 00:00:00-04:00,616.4298244619412,622.5142030646236,613.5771517861442,618.2451782226562,285700,0.0,0.0
2025-09-23 00:00:00-04:00,618.8336354921495,625.6661573035877,612.2804269726794,613.8165283203125,307800,0.0,0.0
2025-09-24 00:00:00-04:00,612.9088299908829,616.9983833176443,602.8246946406567,605.2484741210938,378800,0.0,0.0
2025-09-25 00:00:00-04:00,601.5879223856393,609.2881546715017,598.465920297758,606.5053100585938,269600,0.0,0.0
2025-09-26 00:00:00-04:00,610.2356732927337,616.1405193684797,605.2285503540488,612.1707153320312,290600,0.0,0.0
2025-09-29 00:00:00-04:00,615.3924741331241,620.4994390956173,612.1507838792965,619.6615600585938,304700,0.0,0.0
2025-09-30 00:00:00-04:00,617.9459438641658,630.1346691446905,617.9459438641658,628.66845703125,434900,0.0,0.0
2025-10-01 00:00:00-04:00,628.3393369344124,633.2168486452764,613.9063026115819,618.474609375,398700,0.0,0.0
2025-10-02 00:00:00-04:00,617.7663528029943,627.5113912635584,616.1405156976429,626.2645874023438,285700,0.0,0.0
2025-10-03 00:00:00-04:00,624.8582229750823,635.7303161790348,617.0881023053348,633.14697265625,329700,0.0,0.0
2025-10-06 00:00:00-04:00,633.346420754267,636.6280475405994,626.3244431938643,634.4835205078125,259600,0.0,0.0
2025-10-07 00:00:00-04:00,636.9870939486377,638.3635702673542,624.4492271458641,628.0001220703125,253900,0.0,0.0
2025-10-08 00:00:00-04:00,631.730530060067,637.2364351659958,626.7732673337781,634.6829833984375,243000,0.0,0.0
2025-10-09 00:00:00-04:00,634.8925460321009,638.0942996450883,628.8180903401656,632.189453125,232600,0.0,0.0
2025-10-10 00:00:00-04:00,637.0369565972985,638.2837604507038,630.4438724314745,630.7630615234375,347000,0.0,0.0
2025-10-13 00:00:00-04:00,632.0397563859945,642.2236721669924,630.4837476136502,636.9771118164062,280900,0.0,0.0
2025-10-14 00:00:00-04:00,636.977118918352,655.6791769094185,631.3016652848324,655.1704711914062,329800,0.0,0.0
2025-10-15 00:00:00-04:00,654.322664148968,663.4791843692198,637.5256958007812,637.5256958007812,637700,0.0,0.0
2025-10-16 00:00:00-04:00,641.1664362328861,641.1664362328861,621.1477446753325,622.544189453125,308600,0.0,0.0
2025-10-17 00:00:00-04:00,621.9257055295164,629.3665916662042,617.6566200843577,623.8009033203125,321500,0.0,0.0
2025-10-20 00:00:00-04:00,628.8080750595195,628.8080750595195,613.4474875293218,625.4866333007812,244000,0.0,0.0
2025-10-21 00:00:00-04:00,624.3993902568569,632.4188109884096,620.1203812081528,630.4140014648438,278100,0.0,0.0
2025-10-22 00:00:00-04:00,630.3540820610572,634.2441344741598,619.4620205351029,620.9083251953125,220200,0.0,0.0
2025-10-23 00:00:00-04:00,619.3921945393824,626.6336411601147,616.3998652500944,617.766357421875,189400,0.0,0.0
2025-10-24 00:00:00-04:00,622.9231671989097,628.9178098060586,619.0331148640232,619.6415405273438,293300,0.0,0.0
2025-10-27 00:00:00-04:00,621.3372116588644,624.1998684333888,613.3876195186446,615.2628173828125,291900,0.0,0.0
2025-10-28 00:00:00-04:00,612.0310506592441,618.3847582201736,610.9239034493954,615.2628173828125,293400,0.0,0.0
2025-10-29 00:00:00-04:00,614.4249597110773,628.8679165554424,611.791695272761,615.3425903320312,410100,0.0,0.0
2025-10-30 00:00:00-04:00,604.4505057886919,614.5845006831001,602.6750278863572,611.4525756835938,470600,0.0,0.0
2025-10-31 00:00:00-04:00,607.4528403902403,616.1904518065503,605.5676582944413,611.5323486328125,354200,0.0,0.0
2025-11-03 00:00:00-05:00,613.7765793291379,619.9906911598974,608.8093322364167,617.7164916992188,712300,0.0,0.0
2025-11-04 00:00:00-05:00,630.0748064268624,631.5111268625454,606.2259697467072,623.6612548828125,725000,0.0,0.0
2025-11-05 00:00:00-05:00,619.7612350211438,630.8129214224853,604.8495096395668,609.0487060546875,708600,0.0,0.0
2025-11-06 00:00:00-05:00,607.6622752867968,611.4625920613471,598.00703308038,606.7745971679688,479900,0.0,0.0
2025-11-07 00:00:00-05:00,604.9492452367011,613.7068249503048,603.1638439891631,609.0786743164062,358500,0.0,0.0
2025-11-10 00:00:00-05:00,608.5998480810877,619.1428288318288,603.9418059040254,615.1929931640625,320700,0.0,0.0
2025-11-11 00:00:00-05:00,615.4922181494825,623.4019345900699,615.202981568307,618.813720703125,238400,0.0,0.0
2025-11-12 00:00:00-05:00,617.6067816242215,623.3620476630032,608.4402773063603,613.2379760742188,382600,0.0,0.0
2025-11-13 00:00:00-05:00,613.0285410703071,615.1630840412046,599.2239618442821,600.5904541015625,453100,0.0,0.0
2025-11-14 00:00:00-05:00,597.2090850317638,600.7699642822358,593.4986258404734,594.9149780273438,342700,0.0,0.0
2025-11-17 00:00:00-05:00,594.8351629482892,597.5382557132206,586.3768647931009,588.4614868164062,350600,0.0,0.0
2025-11-18 00:00:00-05:00,584.6113392792295,594.5658624497592,583.5041920898362,591.6632690429688,318200,0.0,0.0
2025-11-19 00:00:00-05:00,595.0246772256809,597.3587208982423,585.7484684452786,595.2940063476562,330700,0.0,0.0
2025-11-20 00:00:00-05:00,601.6876232376949,611.2531300133509,595.3339151227269,595.4735717773438,448100,0.0,0.0
2025-11-21 00:00:00-05:00,598.8248985886217,612.8788980367965,597.5681105971983,601.6376953125,573900,0.0,0.0
2025-11-24 00:00:00-05:00,603.1238800300845,605.1087819853657,597.5880832046741,603.0441284179688,722900,0.0,0.0
2025-11-25 00:00:00-05:00,607.7420372080073,620.0804028462601,601.9170038977034,616.3499755859375,675100,0.0,0.0
2025-11-26 00:00:00-05:00,614.1755843197006,625.2172866611954,614.1755843197006,620.9083251953125,445300,0.0,0.0
2025-11-28 00:00:00-05:00,623.3221204300511,625.2471782934277,618.6242024261595,621.6464233398438,112700,0.0,0.0
2025-12-01 00:00:00-05:00,617.9310216605421,623.1146572427941,613.6363088972004,614.4952392578125,387100,0.83,0.0
2025-12-02 00:00:00-05:00,617.6414043314047,617.6414043314047,605.4962874314234,607.244140625,305600,0.0,0.0
2025-12-03 00:00:00-05:00,608.6623441515527,615.9334422506923,606.4550944116751,615.1144409179688,280800,0.0,0.0
2025-12-04 00:00:00-05:00,612.9670839394583,618.7700149890185,608.3128274609426,618.0209350585938,309800,0.0,0.0
2025-12-05 00:00:00-05:00,616.5626651975243,624.9923132533244,610.4401807431436,623.60400390625,354900,0.0,0.0
2025-12-08 00:00:00-05:00,624.2332593528135,633.7915263352573,615.21430796075,621.4367065429688,510100,0.0,0.0
2025-12-09 00:00:00-05:00,620.1482615094211,626.0710404283536,610.1006052201272,611.2592163085938,348500,0.0,0.0
2025-12-10 00:00:00-05:00,610.4901492984513,624.8425159705763,605.815897821126,622.6452026367188,305300,0.0,0.0
2025-12-11 00:00:00-05:00,621.946065658141,635.2996581290978,621.9260706873555,631.3045654296875,310700,0.0,0.0
2025-12-12 00:00:00-05:00,633.4818845904305,637.4769772958623,620.8274455148529,627.479248046875,441700,0.0,0.0
2025-12-15 00:00:00-05:00,628.8076434225693,635.2696767152564,624.5029334025409,633.1023559570312,439400,0.0,0.0
2025-12-16 00:00:00-05:00,635.5593451861834,637.6966734380406,624.6127693082059,628.7177124023438,622400,0.0,0.0
2025-12-17 00:00:00-05:00,625.1221748673465,630.3257442421564,609.5712687761489,618.2506103515625,607300,0.0,0.0
2025-12-18 00:00:00-05:00,625.6814997773197,633.4419262923036,622.2557149265106,626.6103515625,536600,0.0,0.0
2025-12-19 00:00:00-05:00,627.3194935741333,636.7778466312393,625.2520257099724,633.1622924804688,890600,0.0,0.0
2025-12-22 00:00:00-05:00,638.7054875104794,638.7054875104794,628.8875295228901,631.7340698242188,457200,0.0,0.0
2025-12-23 00:00:00-05:00,633.5618433058178,638.4358006291106,631.4443879554923,637.9963989257812,261500,0.0,0.0
2025-12-24 00:00:00-05:00,639.2647771600742,642.5407825308041,637.227301769194,642.3510131835938,134600,0.0,0.0
2025-12-26 00:00:00-05:00,641.6418979210661,645.2275207459535,639.7442653037839,644.21875,244300,0.0,0.0
2025-12-29 00:00:00-05:00,644.3385629800827,645.696879909178,631.5342831695633,636.4882202148438,286500,0.0,0.0
2025-12-30 00:00:00-05:00,634.2809349870673,638.046329630713,630.2559105061712,630.6453857421875,247900,0.0,0.0
2025-12-31 00:00:00-05:00,630.3158302137556,630.4756071094697,621.7762702522067,621.8961181640625,273900,0.0,0.0
2026-01-02 00:00:00-05:00,618.4903145267308,634.4207595273475,616.3229937150712,633.6616821289062,480200,0.0,0.0
2026-01-05 00:00:00-05:00,627.928730811239,641.8416343443677,627.928730811239,641.21240234375,458800,0.0,0.0
2026-01-06 00:00:00-05:00,638.9351836008761,648.4435242900023,636.0287803142456,645.4472045898438,440900,0.0,0.0
2026-01-07 00:00:00-05:00,648.4835074915748,649.2025949512018,620.6776341406802,624.273193359375,539300,0.0,0.0
2026-01-08 00:00:00-05:00,621.6763895503906,637.6068341928608,618.1007644456203,637.3271484375,308200,0.0,0.0
2026-01-09 00:00:00-05:00,642.3310151611336,666.8408875302291,641.6218642438154,665.8521118164062,396700,0.0,0.0
2026-01-12 00:00:00-05:00,664.4638942995929,668.0095271305153,657.1228743659896,662.8958129882812,374400,0.0,0.0
2026-01-13 00:00:00-05:00,660.5386131853826,666.5612446759125,647.5545619441285,664.893310546875,536800,0.0,0.0
2026-01-14 00:00:00-05:00,655.1952067594485,662.0168446548003,634.5205897199531,635.9288940429688,724400,0.0,0.0
2026-01-15 00:00:00-05:00,642.2810782806246,647.9840951027957,637.1373720026736,640.1536865234375,411000,0.0,0.0
2026-01-16 00:00:00-05:00,636.7379275596765,654.1265426294736,636.7379275596765,650.8605346679688,433600,0.0,0.0
2026-01-20 00:00:00-05:00,647.7543480387964,649.9416637898365,626.690255343974,630.1260375976562,446300,0.0,0.0
2026-01-21 00:00:00-05:00,636.1086685527421,645.4970999174593,628.4680293018481,640.3534545898438,438500,0.0,0.0
2026-01-22 00:00:00-05:00,645.8966756035634,656.4237237148611,638.5057291680473,651.2700805664062,357500,0.0,0.0
2026-01-23 00:00:00-05:00,646.366066295844,655.5747873124399,644.1288239810899,648.6832275390625,330100,0.0,0.0
2026-01-26 00:00:00-05:00,649.8518135953843,654.6359153265025,646.7655775533691,651.0003662109375,285300,0.0,0.0
2026-01-27 00:00:00-05:00,649.5321833210286,653.0378869586166,644.3585455311827,648.4534912109375,213700,0.0,0.0
2026-01-28 00:00:00-05:00,642.4009702647362,650.8106239760276,638.3758847990404,649.4323120117188,338800,0.0,0.0
2026-01-29 00:00:00-05:00,656.6434440721313,658.7308458954822,644.2287006713111,652.5285034179688,323900,0.0,0.0
2026-01-30 00:00:00-05:00,645.1175783066584,653.2775993371428,644.9677989010802,651.1502075195312,429900,0.0,0.0
2026-02-02 00:00:00-05:00,646.286177040439,658.191536473479,646.286177040439,653.5272827148438,322200,0.0,0.0
2026-02-03 00:00:00-05:00,658.391343878196,675.9098048781482,656.7633385908025,662.2066650390625,436400,0.0,0.0
2026-02-04 00:00:00-05:00,666.2516727510485,678.1470352210139,657.5224043840929,670.3466186523438,511900,0.0,0.0
2026-02-05 00:00:00-05:00,672.6637540772837,678.7263147288008,661.4175580688525,670.1268920898438,408500,0.0,0.0
2026-02-06 00:00:00-05:00,676.3292287927121,692.6891385767609,674.6512971431017,689.1535034179688,481100,0.0,0.0
2026-02-09 00:00:00-05:00,688.0049002924345,702.5770282270001,687.5954300994714,694.87646484375,445300,0.0,0.0
2026-02-10 00:00:00-05:00,699.0913095298364,710.0977486778364,696.8640038535982,707.2412719726562,642100,0.0,0.0
2026-02-11 00:00:00-05:00,678.9660150314771,690.4918968735924,656.4736838262231,660.8383178710938,1299600,0.0,0.0
2026-02-12 00:00:00-05:00,660.7084872832667,673.0033833185558,646.6058141382654,659.26025390625,829900,0.0,0.0
2026-02-13 00:00:00-05:00,659.6397728354467,684.3094830938084,658.291392437842,678.0271606445312,575700,0.0,0.0
2026-02-17 00:00:00-05:00,666.6411930847804,673.912230402144,650.2412929771211,665.7123413085938,619000,0.0,0.0
2026-02-18 00:00:00-05:00,667.6798657398082,671.7748113624787,658.2015180875126,660.9181518554688,491100,0.0,0.0
2026-02-19 00:00:00-05:00,654.2164686150506,675.2805621553531,654.2164686150506,674.5714721679688,612200,0.0,0.0
2026-02-20 00:00:00-05:00,672.9933840905355,687.9649850309362,670.226762740517,685.0985107421875,815500,0.0,0.0
2026-02-23 00:00:00-05:00,681.6727238610699,688.1148233573308,676.8686270850275,682.7613525390625,473500,0.0,0.0
2026-02-24 00:00:00-05:00,686.6566116531301,697.01388541317,682.9412044117385,695.9951171875,649100,0.0,0.0
2026-02-25 00:00:00-05:00,699.1412435094223,701.5183286141767,669.4976620998563,672.4639892578125,754800,0.0,0.0
2026-02-26 00:00:00-05:00,673.6825192245469,682.9710977695884,670.396516390071,677.627685546875,444600,0.0,0.0
2026-02-27 00:00:00-05:00,671.6949709724458,679.4254657753056,666.3814902411139,675.739990234375,521100,0.0,0.0
2026-03-02 00:00:00-05:00,666.25,672.7100219726562,657.3599853515625,665.3499755859375,556300,0.83,0.0
2026-03-03 00:00:00-05:00,653.969970703125,660.4600219726562,641.9500122070312,656.780029296875,533400,0.0,0.0
2026-03-04 00:00:00-05:00,656.8800048828125,664.22998046875,650.72998046875,660.5999755859375,594900,0.0,0.0
2026-03-05 00:00:00-05:00,650.3499755859375,659.1400146484375,621.4199829101562,632.9299926757812,796200,0.0,0.0
2026-03-06 00:00:00-05:00,621.219970703125,621.72998046875,600.0800170898438,609.989990234375,650400,0.0,0.0
2026-03-09 00:00:00-04:00,604.0700073242188,613.22998046875,589.6400146484375,612.52001953125,667900,0.0,0.0
2026-03-10 00:00:00-04:00,611.8200073242188,616.0499877929688,604.5999755859375,607.5399780273438,514500,0.0,0.0
2026-03-11 00:00:00-04:00,604.530029296875,607.4000244140625,593.780029296875,597.5900268554688,612900,0.0,0.0
2026-03-12 00:00:00-04:00,588.969970703125,601.5700073242188,578.3400268554688,587.3699951171875,985000,0.0,0.0
2026-03-13 00:00:00-04:00,591.1900024414062,595.0,580.510009765625,583.75,638400,0.0,0.0
2026-03-16 00:00:00-04:00,592.219970703125,596.1400146484375,581.75,585.3099975585938,504300,0.0,0.0
2026-03-17 00:00:00-04:00,590.0700073242188,597.0599975585938,580.72998046875,582.5,497500,0.0,0.0
2026-03-18 00:00:00-04:00,577.6199951171875,581.8699951171875,566.7100219726562,567.9199829101562,682700,0.0,0.0
2026-03-19 00:00:00-04:00,559.1599731445312,568.5,554.719970703125,567.469970703125,736100,0.0,0.0
2026-03-20 00:00:00-04:00,569.0499877929688,569.8699951171875,559.7899780273438,560.6900024414062,987700,0.0,0.0
2026-03-23 00:00:00-04:00,570.6500244140625,587.9099731445312,568.510009765625,577.5900268554688,651100,0.0,0.0
2026-03-24 00:00:00-04:00,570.25,587.8900146484375,570.25,576.1799926757812,478300,0.0,0.0
2026-03-25 00:00:00-04:00,585.3599853515625,590.0700073242188,571.3499755859375,589.4199829101562,489900,0.0,0.0
2026-03-26 00:00:00-04:00,583.469970703125,592.47998046875,579.77001953125,580.1099853515625,426400,0.0,0.0
2026-03-27 00:00:00-04:00,580.3599853515625,581.3400268554688,569.7999877929688,570.9400024414062,448600,0.0,0.0
2026-03-30 00:00:00-04:00,581.3800048828125,582.8300170898438,571.6900024414062,573.5700073242188,388100,0.0,0.0
2026-03-31 00:00:00-04:00,581.5999755859375,595.5599975585938,572.7899780273438,588.6799926757812,449500,0.0,0.0
2026-04-01 00:00:00-04:00,593.5700073242188,606.530029296875,592.280029296875,598.9199829101562,383700,0.0,0.0
2026-04-02 00:00:00-04:00,589.2899780273438,609.47998046875,587.2100219726562,597.1799926757812,251800,0.0,0.0
2026-04-06 00:00:00-04:00,594.9299926757812,599.4000244140625,588.8699951171875,598.47998046875,278400,0.0,0.0
2026-04-07 00:00:00-04:00,593.989990234375,600.22998046875,586.22998046875,594.4299926757812,372400,0.0,0.0
2026-04-08 00:00:00-04:00,618.3599853515625,626.739990234375,618.3599853515625,624.3599853515625,433700,0.0,0.0
2026-04-09 00:00:00-04:00,620.3599853515625,630.7000122070312,618.4400024414062,625.5,310200,0.0,0.0
2026-04-10 00:00:00-04:00,625.5,632.4199829101562,624.1599731445312,631.530029296875,304300,0.0,0.0
2026-04-13 00:00:00-04:00,627.0800170898438,635.5900268554688,614.4299926757812,635.2899780273438,345900,0.0,0.0
2026-04-14 00:00:00-04:00,636.3699951171875,638.25,630.6099853515625,630.7999877929688,276100,0.0,0.0
2026-04-15 00:00:00-04:00,628.22998046875,630.1599731445312,615.0,616.9400024414062,422400,0.0,0.0
2026-04-16 00:00:00-04:00,618.0599975585938,620.97998046875,606.22998046875,607.97998046875,690000,0.0,0.0
2026-04-17 00:00:00-04:00,617.8099975585938,634.97998046875,614.010009765625,622.02001953125,581200,0.0,0.0
2026-04-20 00:00:00-04:00,619.02001953125,629.469970703125,617.9500122070312,627.3499755859375,311300,0.0,0.0
2026-04-21 00:00:00-04:00,629.010009765625,632.7899780273438,613.3400268554688,614.489990234375,504700,0.0,0.0
2026-04-22 00:00:00-04:00,622.7999877929688,626.469970703125,609.489990234375,610.6400146484375,477300,0.0,0.0
2026-04-23 00:00:00-04:00,615.5700073242188,619.2000122070312,608.1099853515625,618.8900146484375,349100,0.0,0.0
2026-04-24 00:00:00-04:00,613.280029296875,621.7100219726562,609.6900024414062,615.2999877929688,235400,0.0,0.0
2026-04-27 00:00:00-04:00,607.6900024414062,617.6900024414062,607.6900024414062,609.75,516200,0.0,0.0
2026-04-28 00:00:00-04:00,609.530029296875,616.6300048828125,600.02001953125,614.0399780273438,607400,0.0,0.0
2026-04-29 00:00:00-04:00,622.2000122070312,628.5700073242188,612.3300170898438,612.8499755859375,552300,0.0,0.0
2026-04-30 00:00:00-04:00,608.489990234375,624.22998046875,594.8499755859375,619.0700073242188,901700,0.0,0.0
2026-05-01 00:00:00-04:00,621.25,621.25,605.9400024414062,614.489990234375,457900,0.0,0.0
2026-05-04 00:00:00-04:00,605.4500122070312,611.8900146484375,599.5,603.2899780273438,679200,0.0,0.0
2026-05-05 00:00:00-04:00,605.3800048828125,612.9600219726562,600.0,606.0999755859375,498500,0.0,0.0
2026-05-06 00:00:00-04:00,616.1900024414062,622.010009765625,610.77001953125,615.47998046875,312245,0.0,0.0
