Date,Open,High,Low,Close,Volume,Dividends,Stock Splits
2022-01-03 00:00:00-05:00,8.071023745713013,8.559949214194152,8.04845817558205,8.266593933105469,89900,0.0,0.0
2022-01-04 00:00:00-05:00,8.311726605953005,8.343318550704295,8.123678495942062,8.161288261413574,38700,0.0,0.0
2022-01-05 00:00:00-05:00,8.108635451192786,8.559951266074878,8.108635451192786,8.13120174407959,79300,0.0,0.0
2022-01-06 00:00:00-05:00,8.161287654098103,8.52534820558828,8.131199987429165,8.236506462097168,42400,0.0,0.0
2022-01-07 00:00:00-05:00,8.23650793351634,8.499775601911177,8.23650793351634,8.462165832519531,30300,0.0,0.0
2022-01-10 00:00:00-05:00,8.492252079087255,8.574992983982963,8.26659421796211,8.469686508178711,75000,0.0,0.0
2022-01-11 00:00:00-05:00,8.514817861349679,8.917240686382689,8.514817861349679,8.793128967285156,128100,0.0,0.0
2022-01-12 00:00:00-05:00,8.93604599792884,9.289576634692299,8.904454054152854,9.191791534423828,117200,0.0,0.0
2022-01-13 00:00:00-05:00,9.34223094265668,9.582180534703289,8.996222362656557,9.078963279724121,78500,0.0,0.0
2022-01-14 00:00:00-05:00,9.116572201803393,9.21435730417418,8.963877086256694,9.161704063415527,42000,0.0,0.0
2022-01-18 00:00:00-05:00,9.19931225160459,9.402404533862354,9.033830448298119,9.229400634765625,75600,0.0,0.0
2022-01-19 00:00:00-05:00,9.244445168421395,9.537800481741439,9.199313305854227,9.485146522521973,87400,0.0,0.0
2022-01-20 00:00:00-05:00,9.590453373164168,10.056812588365853,9.585188049169286,9.928939819335938,89700,0.0,0.0
2022-01-21 00:00:00-05:00,9.9289421350287,9.959029810209067,9.77850375912687,9.868766784667969,111000,0.0,0.0
2022-01-24 00:00:00-05:00,9.778500752085245,9.868763749869062,9.026308386540226,9.582930564880371,86000,0.0,0.0
2022-01-25 00:00:00-05:00,9.470102958384084,9.62806339987841,9.379839951436843,9.597975730895996,91200,0.0,0.0
2022-01-26 00:00:00-05:00,9.710804195174639,9.778501628919539,9.116572201803393,9.161704063415527,88100,0.0,0.0
2022-01-27 00:00:00-05:00,9.297097794903879,9.432492656296752,9.018786693310306,9.20683479309082,62000,0.0,0.0
2022-01-28 00:00:00-05:00,9.214356128729463,9.221878224263017,8.868347624997597,9.176746368408203,80500,0.0,0.0
2022-01-31 00:00:00-05:00,9.289577636937745,9.432493895920581,9.22188019734447,9.409928321838379,54600,0.0,0.0
2022-02-01 00:00:00-05:00,9.387360638367877,9.778501023639818,9.161703496314974,9.770978927612305,63900,0.0,0.0
2022-02-02 00:00:00-05:00,9.72584704297718,9.853719796287752,9.340724507424218,9.590452194213867,40700,0.0,0.0
2022-02-03 00:00:00-05:00,9.424969125169053,9.447535410196478,9.255726291542144,9.379837989807129,26100,0.0,0.0
2022-02-04 00:00:00-05:00,9.342228951405794,9.605496558224138,9.199312004614173,9.545320510864258,113000,0.0,0.0
2022-02-07 00:00:00-05:00,9.658150680520944,9.680716252013772,8.921001744071546,8.973655700683594,44600,0.0,0.0
2022-02-08 00:00:00-05:00,8.92100287771056,9.650629810597705,8.770564519730394,9.312143325805664,85000,0.0,0.0
2022-02-09 00:00:00-05:00,9.455056987937777,9.722085627641196,9.41744794678915,9.665671348571777,43500,0.0,0.0
2022-02-10 00:00:00-05:00,9.710804077694215,10.038008097720544,9.710804077694215,9.778501510620117,69000,0.0,0.0
2022-02-11 00:00:00-05:00,9.876286754557757,9.928939995440455,9.447537296292111,9.530278205871582,29100,0.0,0.0
2022-02-14 00:00:00-05:00,9.53780072467532,9.996637871953075,9.53780072467532,9.853721618652344,85600,0.0,0.0
2022-02-15 00:00:00-05:00,9.928940751441514,9.977081168491136,9.609258798855734,9.725849151611328,34500,0.0,0.0
2022-02-16 00:00:00-05:00,9.793545973032339,9.996637560054388,9.699521917457204,9.801067352294922,27900,0.0,0.0
2022-02-17 00:00:00-05:00,9.891330067472614,9.95150540387598,9.703281961875442,9.763457298278809,24400,0.0,0.0
2022-02-18 00:00:00-05:00,9.778501417879555,9.9891150937153,9.658150745973414,9.710803985595703,38100,0.0,0.0
2022-02-22 00:00:00-05:00,9.590451894856939,9.703280453740192,9.21435574211745,9.236921310424805,53200,0.0,0.0
2022-02-23 00:00:00-05:00,9.372317816954189,9.646867884976798,9.214357376098633,9.214357376098633,43100,0.0,0.0
2022-02-24 00:00:00-05:00,8.95109001477521,9.251967430114746,8.883393295736779,9.251967430114746,35500,0.0,0.0
2022-02-25 00:00:00-05:00,9.658150745973414,9.853720946494187,9.477624738114203,9.710803985595703,42400,0.0,0.0
2022-02-28 00:00:00-05:00,9.83115274553384,10.30503396201353,9.79354370588734,10.02672290802002,84000,0.0,0.0
2022-03-01 00:00:00-05:00,10.064333065250343,10.3426441303117,9.959025884951528,10.132030487060547,50000,0.0,0.0
2022-03-02 00:00:00-05:00,10.071856601811474,10.214772843705317,9.84619873593215,9.974071502685547,33200,0.0,0.0
2022-03-03 00:00:00-05:00,9.92894095623032,10.10946698587984,9.680717486125562,9.695761680603027,61400,0.0,0.0
2022-03-04 00:00:00-05:00,9.748413983259827,9.748413983259827,9.424971006759579,9.530278205871582,38300,0.0,0.0
2022-03-07 00:00:00-05:00,9.530278978477947,9.530278978477947,8.951090412427833,9.011265754699707,51100,0.0,0.0
2022-03-08 00:00:00-05:00,9.026309628763705,9.139138212184596,8.350088472822483,8.401989936828613,145200,0.0,0.0
2022-03-09 00:00:00-05:00,8.516875790085887,9.458940677965902,8.516875790085887,9.167896270751953,371700,0.2,0.0
2022-03-10 00:00:00-05:00,9.007054827255372,9.213849069545606,8.750476285418957,9.106622695922852,73300,0.0,0.0
2022-03-11 00:00:00-05:00,9.075985640394569,9.7882776647056,8.89599727783131,9.190871238708496,50100,0.0,0.0
2022-03-14 00:00:00-04:00,9.11428087579777,9.51025441964541,8.87685043088023,9.022372245788574,30000,0.0,0.0
2022-03-15 00:00:00-04:00,8.961100791963233,9.37469003681,8.880681005943696,9.068327903747559,24500,0.0,0.0
2022-03-16 00:00:00-04:00,9.252145211314405,9.749218376298558,9.171725425053843,9.527871131896973,47600,0.0,0.0
2022-03-17 00:00:00-04:00,9.44362043531226,9.87635771206847,9.44362043531226,9.604460716247559,43700,0.0,0.0
2022-03-18 00:00:00-04:00,9.650416332605758,9.665734073483907,8.876851061999005,9.558506965637207,133100,0.0,0.0
2022-03-21 00:00:00-04:00,9.428304299502889,9.78827963628696,9.428304299502889,9.765302658081055,25000,0.0,0.0
2022-03-22 00:00:00-04:00,9.688711211594061,10.171998325061828,9.688711211594061,10.041028022766113,30100,0.0,0.0
2022-03-23 00:00:00-04:00,10.018052870197117,10.32441505290878,9.85721254166723,9.956780433654785,30700,0.0,0.0
2022-03-24 00:00:00-04:00,9.95677656628217,10.224843919851985,9.95677656628217,10.1329345703125,32600,0.0,0.0
2022-03-25 00:00:00-04:00,10.171232435872602,10.515890022331002,10.171232435872602,10.278459548950195,29800,0.0,0.0
2022-03-28 00:00:00-04:00,10.201867024577693,10.385685007778289,10.155913076596168,10.163572311401367,22200,0.0,0.0
2022-03-29 00:00:00-04:00,10.186550705965407,10.53120828559066,10.148255257023727,10.324413299560547,32200,0.0,0.0
2022-03-30 00:00:00-04:00,10.561846646979404,10.715027743478815,10.400240827560676,10.431642532348633,38200,0.0,0.0
2022-03-31 00:00:00-04:00,10.49291412279661,10.891185671927515,10.454618669160942,10.607800483703613,23900,0.0,0.0
2022-04-01 00:00:00-04:00,10.69204762098486,11.082659850140814,10.64609294032098,10.898841857910156,32600,0.0,0.0
2022-04-04 00:00:00-04:00,10.944798456269307,11.15925196595158,10.576397652420209,10.745662689208984,29700,0.0,0.0
2022-04-05 00:00:00-04:00,10.860546573572154,10.860546573572154,10.339730295330664,10.492911338806152,18900,0.0,0.0
2022-04-06 00:00:00-04:00,10.469935667438463,10.81076362287637,9.933801583362282,10.155914306640625,34400,0.0,0.0
2022-04-07 00:00:00-04:00,10.09464205613295,10.423981163664836,10.08698282026769,10.171232223510742,86300,0.0,0.0
2022-04-08 00:00:00-04:00,10.217186370733543,10.43546946843465,10.109959265536114,10.339731216430664,18400,0.0,0.0
2022-04-11 00:00:00-04:00,10.301435614749126,10.653752406046692,10.214888300515419,10.477594375610352,13000,0.0,0.0
2022-04-12 00:00:00-04:00,10.661413072222569,10.967775222977535,10.485254287719727,10.485254287719727,29200,0.0,0.0
2022-04-13 00:00:00-04:00,10.531206985602218,10.806932869181404,10.507463795580772,10.554183959960938,36400,0.0,0.0
2022-04-14 00:00:00-04:00,10.630775911070735,10.860547868901103,10.095407315064222,10.531208038330078,14300,0.0,0.0
2022-04-18 00:00:00-04:00,10.523547172546387,10.837568483088738,10.301434484814614,10.523547172546387,24800,0.0,0.0
2022-04-19 00:00:00-04:00,10.59248189930766,11.013730424044718,10.439300816791917,10.783958435058594,22700,0.0,0.0
2022-04-20 00:00:00-04:00,10.753320970163202,11.075001571313699,10.240163855490978,10.358879089355469,39200,0.0,0.0
2022-04-21 00:00:00-04:00,10.355050937219263,10.776298712541879,10.199571944607738,10.37802791595459,40100,0.0,0.0
2022-04-22 00:00:00-04:00,10.39334573048402,10.5771637529182,9.975926840030867,10.109960556030273,32800,0.0,0.0
2022-04-25 00:00:00-04:00,10.010391735888405,10.385686251617003,9.949119310958208,10.00273323059082,31400,0.0,0.0
2022-04-26 00:00:00-04:00,9.926142019183093,10.155913970591362,9.811256408691406,9.811256408691406,19500,0.0,0.0
2022-04-27 00:00:00-04:00,9.880188041431483,9.926142727160792,9.175554396415057,9.198532104492188,47000,0.0,0.0
2022-04-28 00:00:00-04:00,9.275121970159374,9.818915292977508,9.045350740301652,9.780620574951172,32700,0.0,0.0
2022-04-29 00:00:00-04:00,9.68871085173991,9.884016974307658,8.922804832458496,8.922804832458496,94500,0.0,0.0
2022-05-02 00:00:00-04:00,8.938122472980524,9.971329579462607,8.815577638149488,8.945781707763672,70400,0.0,0.0
2022-05-03 00:00:00-04:00,8.945782677346566,9.719347213665989,8.945782677346566,9.098963737487793,33500,0.0,0.0
2022-05-04 00:00:00-04:00,9.19087308224595,9.558507654931805,9.098964439074487,9.458940505981445,51200,0.0,0.0
2022-05-05 00:00:00-04:00,9.298099701189631,9.367030632067724,9.14491790699406,9.206191062927246,21700,0.0,0.0
2022-05-06 00:00:00-04:00,9.332565700029502,9.458940171220878,8.616443209661751,9.068327903747559,45200,0.0,0.0
2022-05-09 00:00:00-04:00,8.853873889136405,9.22916766264042,8.417306962203774,8.662397384643555,34900,0.0,0.0
2022-05-10 00:00:00-04:00,8.585806355616748,9.474257205619748,8.585806355616748,9.060667991638184,136800,0.0,0.0
2022-05-11 00:00:00-04:00,8.287103485108343,8.922805467953532,8.287103485108343,8.424966812133789,70400,0.0,0.0
2022-05-12 00:00:00-04:00,8.340719009412137,8.71218326363382,8.149242454167437,8.386672973632812,67300,0.0,0.0
2022-05-13 00:00:00-04:00,8.455602969370219,8.77728357666351,8.394330542307205,8.693034172058105,39000,0.0,0.0
2022-05-16 00:00:00-04:00,8.624103936807561,8.685376374014803,8.394331932067871,8.394331932067871,25700,0.0,0.0
2022-05-17 00:00:00-04:00,8.631763185484765,8.941954990559951,8.310082524508621,8.440286636352539,41600,0.0,0.0
2022-05-18 00:00:00-04:00,8.302421957188926,8.797963426536544,8.302421957188926,8.424966812133789,30400,0.0,0.0
2022-05-19 00:00:00-04:00,8.363694384661358,8.70069273575973,8.363694384661358,8.424966812133789,67300,0.0,0.0
2022-05-20 00:00:00-04:00,9.34328696013238,9.34328696013238,8.290166278719774,8.302420616149902,70500,0.0,0.0
2022-05-23 00:00:00-04:00,8.411356269489438,8.535853556020989,7.890023325591799,7.97561502456665,66800,0.17,0.0
2022-05-24 00:00:00-04:00,7.960052362926283,8.566977737964903,7.960052362926283,8.559196472167969,72700,0.0,0.0
2022-05-25 00:00:00-04:00,8.65646128183498,8.853323030130282,8.356889185222556,8.438591003417969,24900,0.0,0.0
2022-05-26 00:00:00-04:00,8.395794647652561,8.963814506597744,8.395794647652561,8.683694839477539,30200,0.0,0.0
2022-05-27 00:00:00-04:00,8.792629603456309,9.275056971234237,8.77706707123974,8.909345626831055,46100,0.0,0.0
2022-05-31 00:00:00-04:00,8.994938269367191,9.072748705988403,8.263515564340956,8.364669799804688,30300,0.0,0.0
2022-06-01 00:00:00-04:00,8.57475807510728,8.878219987699023,8.26351415549905,8.380230903625488,99100,0.0,0.0
2022-06-02 00:00:00-04:00,8.481384794320912,8.784847463807091,8.318760355965544,8.75372314453125,42900,0.0,0.0
2022-06-03 00:00:00-04:00,8.582541355609827,8.909347168068452,8.559198295309214,8.738162994384766,5900,0.0,0.0
2022-06-06 00:00:00-04:00,8.83153603964199,8.83153603964199,8.286859232778646,8.52807331085205,57800,0.0,0.0
2022-06-07 00:00:00-04:00,8.376341968636774,8.47671778387588,8.356888802308998,8.411356925964355,4700,0.0,0.0
2022-06-08 00:00:00-04:00,8.356888930861517,8.356888930861517,7.975615769721055,8.022302627563477,27700,0.0,0.0
2022-06-09 00:00:00-04:00,8.419138022766576,8.419138022766576,7.890024477742987,7.928929328918457,17400,0.0,0.0
2022-06-10 00:00:00-04:00,7.851117232156145,7.940599558327197,7.392032961104921,7.70327615737915,35200,0.0,0.0
2022-06-13 00:00:00-04:00,7.462064610476592,7.5009702046229085,7.010761499329283,7.018542766571045,45100,0.0,0.0
2022-06-14 00:00:00-04:00,7.158601866920208,7.392034689745728,6.80845300371317,6.987417697906494,28100,0.0,0.0
2022-06-15 00:00:00-04:00,7.166382637177335,7.4854071513542815,7.049666604890016,7.259755611419678,10000,0.0,0.0
2022-06-16 00:00:00-04:00,7.197505990664164,7.337565804158658,6.847357198990267,7.002978801727295,23400,0.0,0.0
2022-06-17 00:00:00-04:00,7.10413350703461,7.734401226043701,6.92516809529831,7.734401226043701,69000,0.0,0.0
2022-06-21 00:00:00-04:00,7.843335903955553,8.559195991718841,7.843335903955553,8.543633460998535,121900,0.0,0.0
2022-06-22 00:00:00-04:00,8.333547877938718,8.586433168432198,7.897806487470062,8.045647621154785,15200,0.0,0.0
2022-06-23 00:00:00-04:00,7.890025331757996,8.901566413058658,7.796652343117745,7.8044328689575195,41400,0.0,0.0
2022-06-24 00:00:00-04:00,7.960051916108614,8.691474534592206,7.960051916108614,8.543633460998535,29700,0.0,0.0
2022-06-27 00:00:00-04:00,8.637007368573059,8.761504649075492,8.372450276474225,8.5125093460083,21400,0.0,0.0
2022-06-28 00:00:00-04:00,8.59032055893491,8.807413119547702,8.216828715619723,8.333544731140137,38200,0.0,0.0
2022-06-29 00:00:00-04:00,8.341326890138571,8.675913183429348,8.25573444366455,8.25573444366455,9200,0.0,0.0
2022-06-30 00:00:00-04:00,8.271297273310653,8.465824488368582,8.247954215281183,8.325764656066895,21100,0.0,0.0
2022-07-01 00:00:00-04:00,8.35688774538026,8.917126249703534,8.35688774538026,8.5125093460083,11400,0.0,0.0
2022-07-05 00:00:00-04:00,8.647123274469422,8.901564598083496,8.565422204341012,8.901564598083496,23400,0.0,0.0
2022-07-06 00:00:00-04:00,8.808191807669555,8.901564779171142,8.395794331355278,8.59032154083252,22200,0.0,0.0
2022-07-07 00:00:00-04:00,8.751388897813026,8.808190800868768,8.333544731140137,8.333544731140137,26100,0.0,0.0
2022-07-08 00:00:00-04:00,8.380231065755805,8.613663082400294,8.216828208867293,8.294638633728027,16900,0.0,0.0
2022-07-11 00:00:00-04:00,8.3257659454125,8.34132848121715,7.8044328689575195,7.8044328689575195,43600,0.0,0.0
2022-07-12 00:00:00-04:00,7.8589000698164355,8.216830188169832,7.734402024337569,7.843337535858154,28900,0.0,0.0
2022-07-13 00:00:00-04:00,7.804430946619757,7.851117800471549,7.547655105590819,7.54765510559082,24700,0.0,0.0
2022-07-14 00:00:00-04:00,7.532093167378353,7.819993324619073,7.150819304272533,7.1663818359375,20000,0.0,0.0
2022-07-15 00:00:00-04:00,7.345346399067661,7.423157572222842,7.080790042877197,7.080790042877197,36300,0.0,0.0
2022-07-18 00:00:00-04:00,7.111915533179117,7.298661488984431,7.0185425552764595,7.034104347229004,27300,0.0,0.0
2022-07-19 00:00:00-04:00,7.010760495163375,7.524312186562711,6.995197962908907,7.213068962097168,36100,0.0,0.0
2022-07-20 00:00:00-04:00,7.220850311477905,7.608348652567648,7.190504409000605,7.314223289489746,22500,0.0,0.0
2022-07-21 00:00:00-04:00,7.298660725432802,7.602123428416442,7.244193346203323,7.275317668914795,13700,0.0,0.0
2022-07-22 00:00:00-04:00,7.360909580397182,7.485406874787107,7.228631019592285,7.228631019592285,13700,0.0,0.0
2022-07-25 00:00:00-04:00,7.197506695994804,7.500969407617052,7.197506695994804,7.228631019592285,26000,0.0,0.0
2022-07-26 00:00:00-04:00,7.275317446151495,7.5009689644160265,6.917387374897855,7.049665927886963,23500,0.0,0.0
2022-07-27 00:00:00-04:00,7.264424061418219,7.819993545677668,7.206065308087236,7.625466346740723,24600,0.0,0.0
2022-07-28 00:00:00-04:00,7.726620512949927,8.01452067585927,7.547655105590819,7.54765510559082,37500,0.0,0.0
2022-07-29 00:00:00-04:00,7.49318957255275,7.781089806339817,7.19750807086433,7.500970840454102,24300,0.0,0.0
2022-08-01 00:00:00-04:00,7.508748312188893,7.7499623245817,7.16638082647182,7.322002410888672,30300,0.0,0.0
2022-08-02 00:00:00-04:00,7.213068441296301,7.491631218389417,7.213068441296301,7.376470565795898,12600,0.0,0.0
2022-08-03 00:00:00-04:00,7.368691221271102,7.835556098958257,7.368691221271102,7.641028881072998,19200,0.0,0.0
2022-08-04 00:00:00-04:00,7.742182882451831,7.905585770072168,7.392034049568945,7.648809909820557,17400,0.0,0.0
2022-08-05 00:00:00-04:00,7.586560902274641,7.788869371096938,7.353128110715252,7.516530990600586,21900,0.0,0.0
2022-08-08 00:00:00-04:00,7.555436971789274,7.734401651303178,7.430939674377441,7.430939674377441,20500,0.0,0.0
2022-08-09 00:00:00-04:00,7.547655045567675,8.003627136654957,7.547655045567675,7.97561502456665,38000,0.0,0.0
2022-08-10 00:00:00-04:00,7.967834348810181,8.738161922828102,7.921148233934049,8.613664627075195,21100,0.0,0.0
2022-08-11 00:00:00-04:00,8.675913335116855,8.909346137303558,8.55141603850059,8.691475868225098,56100,0.0,0.0
2022-08-12 00:00:00-04:00,8.714818807351959,9.134997548750961,7.851118267271343,8.053426742553711,54800,0.0,0.0
2022-08-15 00:00:00-04:00,7.882244316860658,8.419139204291039,7.882244316860658,8.154582023620605,12400,0.0,0.0
2022-08-16 00:00:00-04:00,8.170142161931953,8.40357494354248,7.858898947826154,8.40357494354248,18700,0.0,0.0
2022-08-17 00:00:00-04:00,8.450262546387794,8.543635527103062,8.166252970621045,8.465825080871582,16300,0.0,0.0
2022-08-18 00:00:00-04:00,8.450260541633789,8.714817628594322,8.107893026901653,8.598101615905762,12500,0.0,0.0
2022-08-19 00:00:00-04:00,8.831535939804857,8.831535939804857,8.551416272684651,8.683694839477539,20200,0.0,0.0
2022-08-22 00:00:00-04:00,8.489165950347784,8.637007021551138,8.011406950656124,8.419136047363281,28600,0.0,0.0
2022-08-23 00:00:00-04:00,8.512509180675995,8.777066267636528,8.442480018300246,8.598101615905762,19400,0.0,0.0
2022-08-24 00:00:00-04:00,8.732449428287717,8.977431746153002,8.44795286088642,8.50327205657959,24400,0.17,0.0
2022-08-25 00:00:00-04:00,8.637616553890853,8.93001518584052,8.637616553890853,8.6929349899292,6700,0.0,0.0
2022-08-26 00:00:00-04:00,8.598102218560504,8.89840367009184,8.392632685356366,8.55068588256836,12400,0.0,0.0
2022-08-29 00:00:00-04:00,8.455856025541843,8.68503340578053,8.424245378393655,8.440051078796387,13800,0.0,0.0
2022-08-30 00:00:00-04:00,8.566492504621324,8.590200298350185,8.210872584059745,8.36102294921875,10800,0.0,0.0
2022-08-31 00:00:00-04:00,8.400535560366912,8.400535560366912,7.7841277124497985,7.86315393447876,50700,0.0,0.0
2022-09-01 00:00:00-04:00,7.946132232638832,8.155552434310149,7.768321916448953,7.8236403465271,8100,0.0,0.0
2022-09-02 00:00:00-04:00,7.902668536676717,7.934279180677136,7.831544399261475,7.831544399261475,13100,0.0,0.0
2022-09-06 00:00:00-04:00,7.784128015355497,8.400535887259043,7.768322318140397,8.33731460571289,11900,0.0,0.0
2022-09-07 00:00:00-04:00,8.226677152663338,8.368925415849446,7.926375682413298,8.044916152954102,15200,0.0,0.0
2022-09-08 00:00:00-04:00,8.193487620046067,8.440051121236118,7.96984208309231,8.068625450134277,19300,0.0,0.0
2022-09-09 00:00:00-04:00,8.25038608449138,8.843086258061824,8.152393308678406,8.764060020446777,28000,0.0,0.0
2022-09-12 00:00:00-04:00,8.756155415496035,9.325147679098343,8.700836984887857,9.254023551940918,15500,0.0,0.0
2022-09-13 00:00:00-04:00,8.787766930672596,9.463445452345033,8.724545645489547,9.064360618591309,21500,0.0,0.0
2022-09-14 00:00:00-04:00,8.993236099473235,8.993236099473235,8.692934630876815,8.827280044555664,9200,0.0,0.0
2022-09-15 00:00:00-04:00,9.016944481021975,9.230316888564797,8.756156485352205,9.04065227508545,15900,0.0,0.0
2022-09-16 00:00:00-04:00,9.00904117531884,9.028798297418351,8.060721170599564,8.424243927001953,32100,0.0,0.0
2022-09-19 00:00:00-04:00,8.305705526236041,9.075425489725713,8.191116460857627,8.289899826049805,32800,0.0,0.0
2022-09-20 00:00:00-04:00,8.266191085394746,8.834392828562533,8.266191085394746,8.661324501037598,11500,0.0,0.0
2022-09-21 00:00:00-04:00,8.582295966089152,8.724544211194306,8.242481802509234,8.5269775390625,27400,0.0,0.0
2022-09-22 00:00:00-04:00,8.067834407704318,8.768011374156655,8.067834407704318,8.353120803833008,16800,0.0,0.0
2022-09-23 00:00:00-04:00,8.226677833952376,8.44795234216664,7.942182037676893,8.297801971435547,27100,0.0,0.0
2022-09-26 00:00:00-04:00,8.202970415968663,9.261928170100056,8.202970415968663,8.404488563537598,15500,0.0,0.0
2022-09-27 00:00:00-04:00,8.329411253822991,8.578344940662674,8.010143273745848,8.24248218536377,11100,0.0,0.0
2022-09-28 00:00:00-04:00,8.218774489065478,8.653421383526773,8.218774489065478,8.28199577331543,29000,0.0,0.0
2022-09-29 00:00:00-04:00,8.337315441402255,8.439259636223788,8.029111097729112,8.108138084411621,16200,0.0,0.0
2022-09-30 00:00:00-04:00,8.131847084631517,8.297803178344704,7.983277111443984,8.116042137145996,16200,0.0,0.0
2022-10-03 00:00:00-04:00,8.116039296802407,8.661322983224702,8.116039296802407,8.455853462219238,54500,0.0,0.0
2022-10-04 00:00:00-04:00,8.471661906238051,8.961627324291031,8.313608667133428,8.708742141723633,15300,0.0,0.0
2022-10-05 00:00:00-04:00,8.677129042046252,9.001139060870411,8.669226946880507,8.68503189086914,16000,0.0,0.0
2022-10-06 00:00:00-04:00,8.550686475508602,8.732448230149332,8.550686475508602,8.68503189086914,6400,0.0,0.0
2022-10-07 00:00:00-04:00,8.526979585360547,8.692935659923558,8.259079312624772,8.305705070495605,17900,0.0,0.0
2022-10-10 00:00:00-04:00,8.30570428497425,8.495368136920812,8.000660798420187,8.092331886291504,16800,0.0,0.0
2022-10-11 00:00:00-04:00,8.05281777173678,8.179261083565889,7.86315393447876,7.86315393447876,12900,0.0,0.0
2022-10-12 00:00:00-04:00,7.9658879457016365,8.084427644328027,7.902666672613292,7.942180156707764,5300,0.0,0.0
2022-10-13 00:00:00-04:00,7.744615179824386,8.594151881774062,7.649783249498845,8.329412460327148,67100,0.0,0.0
2022-10-14 00:00:00-04:00,8.51117304161711,8.709529556688464,7.696407934674758,7.989596366882324,5900,0.0,0.0
2022-10-17 00:00:00-04:00,7.965890244272851,8.258288905092831,7.807837015945461,7.9026689529418945,14300,0.0,0.0
2022-10-18 00:00:00-04:00,8.218775907896957,8.685033524974655,8.052819819677053,8.187165260314941,26700,0.0,0.0
2022-10-19 00:00:00-04:00,8.408439602371281,8.898404961674325,8.084429558986033,8.297801971435547,30300,0.0,0.0
2022-10-20 00:00:00-04:00,8.321508303275484,8.613906897574605,8.131844472431256,8.20296859741211,25500,0.0,0.0
2022-10-21 00:00:00-04:00,8.14765026581026,8.337314098919785,7.815738181040053,8.060720443725586,23200,0.0,0.0
2022-10-24 00:00:00-04:00,8.021208685773127,8.202970463592555,7.673491583452869,7.9026689529418945,18500,0.0,0.0
2022-10-25 00:00:00-04:00,7.878961339638057,8.337316089234758,7.784129400444662,7.981696128845215,35200,0.0,0.0
2022-10-26 00:00:00-04:00,7.981694906067297,8.052818284323456,7.878960132598878,7.878960132598877,3100,0.0,0.0
2022-10-27 00:00:00-04:00,7.9658874281497845,8.147649141712298,7.863152677641751,8.013303756713867,15400,0.0,0.0
2022-10-28 00:00:00-04:00,7.957988417339631,8.044918269336344,7.8868642670358975,8.021209716796875,225400,0.0,0.0
2022-10-31 00:00:00-04:00,7.9500835405961325,8.455853759423766,7.9500835405961325,8.313606262207031,9100,0.0,0.0
2022-11-01 00:00:00-04:00,7.878960602866533,8.574395512244354,7.878960602866533,8.329412460327148,16100,0.0,0.0
2022-11-02 00:00:00-04:00,8.34521745432044,8.519075601743797,8.116829952967839,8.33731460571289,19000,0.0,0.0
2022-11-03 00:00:00-04:00,8.313606262207031,8.313606262207031,8.313606262207031,8.313606262207031,400,0.0,0.0
2022-11-04 00:00:00-04:00,8.598103023163105,8.708740648393416,8.503271095961624,8.582297325134277,14600,0.0,0.0
2022-11-07 00:00:00-05:00,8.700836177296157,8.811473028243453,8.649468421936035,8.649468421936035,23800,0.0,0.0
2022-11-08 00:00:00-05:00,8.574395117793738,9.103873936329785,8.574395117793738,8.7245454788208,22000,0.0,0.0
2022-11-09 00:00:00-05:00,8.850989043234643,9.159193402555426,8.835184097290039,8.835184097290039,13600,0.0,0.0
2022-11-10 00:00:00-05:00,8.874694179814348,9.348854474593434,8.234578610885297,8.479560852050781,163900,0.0,0.0
2022-11-11 00:00:00-05:00,8.989285739239133,8.989285739239133,8.147651845592076,8.305705070495605,17200,0.0,0.0
2022-11-14 00:00:00-05:00,8.523026507965726,8.799620163159926,7.997499166022411,8.060720443725586,46100,0.0,0.0
2022-11-15 00:00:00-05:00,8.068623675538054,8.13579638049906,7.807835704197002,7.811787128448486,51800,0.0,0.0
2022-11-16 00:00:00-05:00,7.8710573155074135,8.234580071684434,7.792030334472656,7.792030334472656,60300,0.0,0.0
2022-11-17 00:00:00-05:00,7.760419167549725,8.089170421722637,7.744614224606771,7.86315393447876,27800,0.0,0.0
2022-11-18 00:00:00-05:00,8.00540106944903,8.353118055783142,7.847347893842615,7.894763469696045,16400,0.0,0.0
2022-11-21 00:00:00-05:00,7.90266850051743,8.068624569174585,7.270454869744596,7.547048568725586,113300,0.0,0.0
2022-11-22 00:00:00-05:00,7.466330675072634,7.958704637065401,7.466330675072634,7.829557418823242,11600,0.2,0.0
2022-11-23 00:00:00-05:00,8.138705021233793,8.138705021233793,7.635837390972435,7.668124198913574,78600,0.0,0.0
2022-11-25 00:00:00-05:00,7.6439084850446735,8.103995642476901,7.6439084850446735,7.829557418823242,35900,0.0,0.0
2022-11-28 00:00:00-05:00,7.797270610410423,8.144354336598353,7.797270610410423,8.031350135803223,22600,0.0,0.0
2022-11-29 00:00:00-05:00,7.958705410945382,8.192784959215004,7.926418603245373,8.05556583404541,35900,0.0,0.0
2022-11-30 00:00:00-05:00,8.144353211207815,8.144353211207815,7.853771240681132,8.06363582611084,117100,0.0,0.0
2022-12-01 00:00:00-05:00,8.023278729300689,8.396999111170219,7.716554452395516,7.934490203857422,106500,0.0,0.0
2022-12-02 00:00:00-05:00,7.877987855645188,8.46722221973323,7.829557264867617,8.071708679199219,132400,0.0,0.0
2022-12-05 00:00:00-05:00,7.958703839236347,8.426862843322128,7.902202129364014,7.902202129364014,23200,0.0,0.0
2022-12-06 00:00:00-05:00,7.999065266843711,8.184715015231559,7.74884266351972,7.9506354331970215,40200,0.0,0.0
2022-12-07 00:00:00-05:00,7.853772656708483,8.229107256459212,7.853772656708483,7.877988338470459,10600,0.0,0.0
2022-12-08 00:00:00-05:00,7.877987702317952,8.152425915233906,7.877987702317952,7.910274505615234,17600,0.0,0.0
2022-12-09 00:00:00-05:00,8.15242656785687,8.273501897469545,7.845701527089496,7.8699164390563965,10600,0.0,0.0
2022-12-12 00:00:00-05:00,7.910276725305896,7.954670611185641,7.829559309523645,7.9506354331970215,7300,0.0,0.0
2022-12-13 00:00:00-05:00,7.942561950279384,8.087852961738548,7.845701532565998,7.877988338470459,37000,0.0,0.0
2022-12-14 00:00:00-05:00,7.894131339968704,7.99099175747884,7.684267486919162,7.8537726402282715,13000,0.0,0.0
2022-12-15 00:00:00-05:00,7.829557753399705,7.8739524002343435,7.393685488317442,7.4501872062683105,49300,0.0,0.0
2022-12-16 00:00:00-05:00,7.40982783388932,7.773054522461184,7.256464958190918,7.256464958190918,27300,0.0,0.0
2022-12-19 00:00:00-05:00,7.2403229069112385,7.506689231968142,7.050637260131416,7.070816993713379,38200,0.0,0.0
2022-12-20 00:00:00-05:00,7.240323677062059,7.6196934714188895,7.240323677062059,7.514761924743652,28600,0.0,0.0
2022-12-21 00:00:00-05:00,7.490545605102527,7.728661078009016,7.337183475494385,7.337183475494385,20100,0.0,0.0
2022-12-22 00:00:00-05:00,7.304896840685222,7.579335071417469,7.078889202932025,7.103104114532471,34700,0.0,0.0
2022-12-23 00:00:00-05:00,7.183819399330144,7.547046854282738,6.295932032212068,6.756019115447998,103600,0.0,0.0
2022-12-27 00:00:00-05:00,6.7075900969758075,7.054673038756246,6.618800810887003,6.699518203735352,53400,0.0,0.0
2022-12-28 00:00:00-05:00,6.651087298305605,7.191891803291378,6.6188004966547265,6.852880001068115,78100,0.0,0.0
2022-12-29 00:00:00-05:00,6.844807509116631,7.3694689522448185,6.844807509116631,7.086958885192871,46200,0.0,0.0
2022-12-30 00:00:00-05:00,6.998172247691801,7.401757725552789,6.998172247691801,7.296825408935547,25000,0.0,0.0
2023-01-03 00:00:00-05:00,7.304896840685222,7.522832584645549,7.030458609952975,7.103104114532471,45100,0.0,0.0
2023-01-04 00:00:00-05:00,7.159606317270307,7.337184143870395,6.954585127601994,7.111176490783691,13400,0.0,0.0
2023-01-05 00:00:00-05:00,7.437273034587016,7.437273034587016,6.643016642354044,6.780235767364502,77900,0.0,0.0
2023-01-06 00:00:00-05:00,6.747949100695845,7.329112420543263,6.747949100695845,6.957813739776611,42800,0.0,0.0
2023-01-09 00:00:00-05:00,7.02238606612883,7.155569222270343,6.844808268014117,6.917453765869141,82200,0.0,0.0
2023-01-10 00:00:00-05:00,6.869025500839912,7.256467217330448,6.860953605968461,7.095033168792725,42700,0.0,0.0
2023-01-11 00:00:00-05:00,7.038530816042509,7.232251656997704,6.86014549628477,7.0223870277404785,54200,0.0,0.0
2023-01-12 00:00:00-05:00,7.0385301947694145,7.9102746718993275,7.0223864078923555,7.684267044067383,75900,0.0,0.0
2023-01-13 00:00:00-05:00,7.539783203288342,7.966776845545849,7.539783203288342,7.8537726402282715,27000,0.0,0.0
2023-01-17 00:00:00-05:00,7.894130879043339,7.894130879043339,7.393685032905431,7.47440242767334,30500,0.0,0.0
2023-01-18 00:00:00-05:00,7.6842668627496815,7.813414075606296,7.296824454401728,7.3936848640441895,17200,0.0,0.0
2023-01-19 00:00:00-05:00,7.329111419130641,7.442115617759555,7.191892310002004,7.264537811279297,8200,0.0,0.0
2023-01-20 00:00:00-05:00,7.26453703515453,7.466329730575489,7.26453703515453,7.345254421234131,18400,0.0,0.0
2023-01-23 00:00:00-05:00,7.409828983650427,7.409828983650427,7.232251173100487,7.240323066711426,8900,0.0,0.0
2023-01-24 00:00:00-05:00,7.224178501858144,7.425971201741209,7.191891700667976,7.409828186035156,20700,0.0,0.0
2023-01-25 00:00:00-05:00,7.288753658175303,7.5591559644585615,7.24920245299633,7.35332727432251,13400,0.0,0.0
2023-01-26 00:00:00-05:00,7.393684884129928,7.813414096832275,7.393684884129928,7.813414096832275,26800,0.0,0.0
2023-01-27 00:00:00-05:00,7.70848242744696,7.748841127337104,7.5631914157537095,7.6761956214904785,22700,0.0,0.0
2023-01-30 00:00:00-05:00,7.52121817388538,7.692338315216925,7.417900091269985,7.425971984863281,26500,0.0,0.0
2023-01-31 00:00:00-05:00,7.4098276074426925,7.769018338858353,7.4098276074426925,7.748839378356934,35400,0.0,0.0
2023-02-01 00:00:00-05:00,7.716553515773572,7.7730552278540985,7.498617020986234,7.635836124420166,43100,0.0,0.0
2023-02-02 00:00:00-05:00,7.789198720678033,8.36229007896122,7.551083248377249,7.829557418823242,85900,0.0,0.0
2023-02-03 00:00:00-05:00,7.797270746944132,8.394577026367188,7.797270746944132,8.394577026367188,32700,0.0,0.0
2023-02-06 00:00:00-05:00,8.394576410188401,8.870807327937396,8.386505286836966,8.54793930053711,34000,0.0,0.0
2023-02-07 00:00:00-05:00,8.564082945638937,8.798969972414039,8.386505902423316,8.394577026367188,19300,0.0,0.0
2023-02-08 00:00:00-05:00,8.656907204943632,8.656907204943632,8.140317611823459,8.216999053955078,18300,0.0,0.0
2023-02-09 00:00:00-05:00,8.330002969344221,8.886951289839976,8.330002969344221,8.725517272949219,41900,0.0,0.0
2023-02-10 00:00:00-05:00,8.644798845843688,8.772331819403327,8.0797794694037,8.112066268920898,15400,0.0,0.0
2023-02-13 00:00:00-05:00,8.645605951763194,8.798160552978516,8.297714798218697,8.798160552978516,28200,0.0,0.0
2023-02-14 00:00:00-05:00,8.60444224224556,9.201748563165156,8.556012416105164,9.096817016601562,30200,0.0,0.0
2023-02-15 00:00:00-05:00,9.193675625751661,9.193675625751661,8.612512438219538,8.652871131896973,20700,0.0,0.0
2023-02-16 00:00:00-05:00,8.640763421595526,8.640763421595526,8.281572659048832,8.402647972106934,32800,0.0,0.0
2023-02-17 00:00:00-05:00,8.354219110651986,8.507581242724548,7.974848572670805,8.20085620880127,73300,0.0,0.0
2023-02-21 00:00:00-05:00,8.200856391790671,8.233143197672595,7.789199039462497,7.8699164390563965,30800,0.0,0.0
2023-02-22 00:00:00-05:00,7.789197008468448,7.990989685058594,7.789197008468448,7.990989685058594,25100,0.0,0.0
2023-02-23 00:00:00-05:00,7.990990213085057,8.305787086486816,7.958703413488315,8.305787086486816,18400,0.0,0.0
2023-02-24 00:00:00-05:00,8.071709804083048,8.426864696760278,7.926418781280518,7.926418781280518,20700,0.0,0.0
2023-02-27 00:00:00-05:00,8.13628244301767,8.152426230179035,7.950633509330823,8.031350135803223,14700,0.0,0.0
2023-02-28 00:00:00-05:00,8.105257919746236,8.310558274703817,7.990289439032858,8.212014198303223,51800,0.17,0.0
2023-03-01 00:00:00-05:00,8.212013474055436,8.212013474055436,7.957440711769919,8.047773361206055,11000,0.0,0.0
2023-03-02 00:00:00-05:00,8.003429199557651,8.097045640509744,7.600219162158134,7.628961086273193,28100,0.0,0.0
2023-03-03 00:00:00-05:00,7.760352714198738,8.064197124156978,7.752140512620736,7.9574408531188965,18900,0.0,0.0
2023-03-06 00:00:00-05:00,7.949230147381162,7.949230147381162,7.59611327945516,7.6700215339660645,31800,0.0,0.0
2023-03-07 00:00:00-05:00,7.723399429107122,7.723399429107122,7.567371497971882,7.637173652648926,16000,0.0,0.0
2023-03-08 00:00:00-05:00,7.612538990544736,7.850687416418194,7.58790237937383,7.678235054016113,23400,0.0,0.0
2023-03-09 00:00:00-05:00,7.734075253451516,7.941017894878921,7.390812873840332,7.390812873840332,38300,0.0,0.0
2023-03-10 00:00:00-05:00,7.390812873840332,7.513992775140853,7.292268796168173,7.390812873840332,19900,0.0,0.0
2023-03-13 00:00:00-04:00,7.275845829781521,7.6535985937704725,7.210149765014648,7.210149765014648,32100,0.0,0.0
2023-03-14 00:00:00-04:00,7.440086798920795,7.579690349632764,7.226574196158468,7.308693885803223,22700,0.0,0.0
2023-03-15 00:00:00-04:00,7.218360089719447,7.546019577759839,7.185512065887451,7.185512065887451,26000,0.0,0.0
2023-03-16 00:00:00-04:00,7.15266390083766,7.592006504600997,7.1198158776541955,7.21835994720459,29000,0.0,0.0
2023-03-17 00:00:00-04:00,7.300481363538761,7.834262006747819,6.733851909637451,6.733851909637451,106000,0.0,0.0
2023-03-20 00:00:00-04:00,6.74206378479494,7.1608767028710565,6.74206378479494,6.8816680908203125,35600,0.0,0.0
2023-03-21 00:00:00-04:00,7.103392865673888,7.59447180907634,6.91041078957056,6.939152717590332,32700,0.0,0.0
2023-03-22 00:00:00-04:00,7.013061195911123,7.185513552497414,6.815973012143599,6.980213165283203,19500,0.0,0.0
2023-03-23 00:00:00-04:00,7.160876650730023,7.177300271999984,6.60245943069458,6.60245943069458,34100,0.0,0.0
2023-03-24 00:00:00-04:00,6.635307343297545,6.914515948556288,6.610671520233154,6.610671520233154,16800,0.0,0.0
2023-03-27 00:00:00-04:00,6.988424899917931,7.0787567822951765,6.676368238307299,6.799548149108887,61500,0.0,0.0
2023-03-28 00:00:00-04:00,6.93093930242826,6.93093930242826,6.651731491088867,6.651731491088867,15600,0.0,0.0
2023-03-29 00:00:00-04:00,6.758487596101384,7.128028877234438,6.758487596101384,7.070544242858887,29900,0.0,0.0
2023-03-30 00:00:00-04:00,7.160876307848129,7.174836894312286,6.692790985107422,6.692790985107422,15400,0.0,0.0
2023-03-31 00:00:00-04:00,6.774911837913375,6.914516144498832,6.627095329020839,6.67636775970459,30700,0.0,0.0
2023-04-03 00:00:00-04:00,6.717427538834449,6.884952225638085,6.635307087573139,6.651731491088867,15100,0.0,0.0
2023-04-04 00:00:00-04:00,6.774910843923541,6.9063029289245605,6.651730960024736,6.9063029289245605,17500,0.0,0.0
2023-04-05 00:00:00-04:00,6.791336242527531,6.935867400602005,6.635307531327917,6.67636775970459,25200,0.0,0.0
2023-04-06 00:00:00-04:00,6.651732672117951,6.824185023859047,6.635308265686035,6.635308265686035,11200,0.0,0.0
2023-04-10 00:00:00-04:00,6.602459799503452,6.8323959922379505,6.602459799503452,6.733851909637451,6700,0.0,0.0
2023-04-11 00:00:00-04:00,6.733852324734654,7.0376967939392046,6.733852324734654,6.996637344360352,19300,0.0,0.0
2023-04-12 00:00:00-04:00,6.820077468670344,7.119815773739573,6.820077468670344,7.021271705627441,25800,0.0,0.0
2023-04-13 00:00:00-04:00,7.054121423532945,7.330866257530761,6.848821036506532,7.103393077850342,15400,0.0,0.0
2023-04-14 00:00:00-04:00,7.1362415194427085,7.374389950782574,7.037697421973681,7.308693885803223,31200,0.0,0.0
2023-04-17 00:00:00-04:00,7.061511869895627,7.3333298431232645,6.898092472526465,6.996637344360352,17500,0.0,0.0
2023-04-18 00:00:00-04:00,7.037697023092358,7.38260173626494,6.930940727761908,6.980213165283203,20400,0.0,0.0
2023-04-19 00:00:00-04:00,6.9309387490726015,7.111603257528304,6.9063029289245605,6.9063029289245605,7800,0.0,0.0
2023-04-20 00:00:00-04:00,6.97200018740267,7.1280289029231,6.922728538513184,6.922728538513184,19400,0.0,0.0
2023-04-21 00:00:00-04:00,6.996636152782726,7.193724296567366,6.774911403656006,6.774911403656006,25200,0.0,0.0
2023-04-24 00:00:00-04:00,6.881668670954892,7.341541072852141,6.774912381867621,7.054121017456055,17300,0.0,0.0
2023-04-25 00:00:00-04:00,6.980211518493901,7.004847339862989,6.737957056081715,6.791335582733154,18900,0.0,0.0
2023-04-26 00:00:00-04:00,6.947364288058767,7.03441159777323,6.528551361219639,6.668155670166016,56400,0.0,0.0
2023-04-27 00:00:00-04:00,6.725638957433649,6.758486981306439,6.627094885815275,6.651731491088867,14700,0.0,0.0
2023-04-28 00:00:00-04:00,6.635307715693876,6.80365395187299,6.528551432211726,6.742063999176025,25800,0.0,0.0
2023-05-01 00:00:00-04:00,6.869350575229208,6.925192147411875,6.635308265686035,6.635308265686035,22400,0.0,0.0
2023-05-02 00:00:00-04:00,6.569611804433681,6.7749121733222335,6.40537166595459,6.40537166595459,53700,0.0,0.0
2023-05-03 00:00:00-04:00,6.58685695566729,7.062332998130048,6.454643703020254,6.586036205291748,34700,0.0,0.0
2023-05-04 00:00:00-04:00,6.627095828967991,6.696897987526585,6.544975757598877,6.544975757598877,32200,0.0,0.0
2023-05-05 00:00:00-04:00,6.569611799875856,6.717428315983865,6.569611799875856,6.586036205291748,20700,0.0,0.0
2023-05-08 00:00:00-04:00,6.8241843197746075,6.8241843197746075,6.454643436351281,6.520339488983154,162200,0.0,0.0
2023-05-09 00:00:00-04:00,6.688685950327434,6.980212078882219,6.569611368359736,6.684579849243164,25100,0.0,0.0
2023-05-10 00:00:00-04:00,6.684578950582064,6.92272729934258,6.635306527353619,6.725638389587402,32800,0.0,0.0
2023-05-11 00:00:00-04:00,6.668155482091843,6.955576294323899,6.528551177082982,6.60245943069458,30800,0.0,0.0
2023-05-12 00:00:00-04:00,6.569611072540283,7.078755836683115,6.4874910124493965,6.569611072540283,59700,0.0,0.0
2023-05-15 00:00:00-04:00,6.676368134865672,6.766700015843343,6.323251247406006,6.323251247406006,111700,0.0,0.0
2023-05-16 00:00:00-04:00,6.3971592383527955,6.729745604975932,6.3971592383527955,6.590141296386719,106500,0.0,0.0
2023-05-17 00:00:00-04:00,6.561398367644558,7.062331674738108,6.536762547295917,7.004847049713135,88500,0.0,0.0
2023-05-18 00:00:00-04:00,6.7486330388680145,7.22246594258454,6.7486330388680145,7.021271705627441,64900,0.0,0.0
2023-05-19 00:00:00-04:00,7.177301921063592,7.464722799333739,6.898093246894625,7.152666091918945,115900,0.0,0.0
2023-05-22 00:00:00-04:00,7.086969046163001,7.423661536198897,6.947364728368784,7.054121017456055,62500,0.0,0.0
2023-05-23 00:00:00-04:00,7.0541201312498805,7.152664204990669,6.561398979387258,6.6188836097717285,92100,0.0,0.0
2023-05-24 00:00:00-04:00,6.627261694794936,7.113204975643253,6.57699174155305,7.1048264503479,97800,0.16,0.0
2023-05-25 00:00:00-04:00,7.096448213207766,7.096448213207766,6.903746140387814,7.046177864074707,113300,0.0,0.0
2023-05-26 00:00:00-04:00,7.004286717299551,7.004286717299551,6.870233505335184,6.954017162322998,27300,0.0,0.0
2023-05-30 00:00:00-04:00,7.0126654862597,7.0126654862597,6.761315305590352,6.778072357177734,45300,0.0,0.0
2023-05-31 00:00:00-04:00,6.778071673609196,6.870233050984729,6.7110450720596955,6.727801322937012,79500,0.0,0.0
2023-06-01 00:00:00-04:00,6.7445590859991364,6.970773690393436,6.7043428012089485,6.903747081756592,63200,0.0,0.0
2023-06-02 00:00:00-04:00,7.0126647790324474,7.079691380581948,6.669153246336228,6.727801322937012,197800,0.0,0.0
2023-06-05 00:00:00-04:00,6.736180086780235,7.07969163165888,6.736180086780235,6.979151725769043,82600,0.0,0.0
2023-06-06 00:00:00-04:00,6.903746796668852,7.247258351502543,6.870233493734349,7.171854019165039,68400,0.0,0.0
2023-06-07 00:00:00-04:00,7.163475081388602,7.506986616451777,6.912124924335996,7.07131290435791,107500,0.0,0.0
2023-06-08 00:00:00-04:00,7.079692134247713,7.594959488144619,7.079692134247713,7.389690399169922,58500,0.0,0.0
2023-06-09 00:00:00-04:00,7.406446263091281,7.582391282427887,7.398067738594283,7.498607635498047,43000,0.0,0.0
2023-06-12 00:00:00-04:00,7.423204613692563,7.682933353457359,7.423204613692563,7.607528209686279,54500,0.0,0.0
2023-06-13 00:00:00-04:00,7.641040296386474,7.649418821914768,7.523743336050874,7.58239221572876,44500,0.0,0.0
2023-06-14 00:00:00-04:00,7.523742603279961,7.624283301787037,7.481851577758789,7.481851577758789,24300,0.0,0.0
2023-06-15 00:00:00-04:00,7.465095943413475,7.8756341438950574,7.465095943413475,7.691311359405518,98400,0.0,0.0
2023-06-16 00:00:00-04:00,7.833743152474799,7.850499406145481,7.540501122545486,7.674554347991943,48500,0.0,0.0
2023-06-20 00:00:00-04:00,7.708067412623181,7.749959244016504,7.5991489706086295,7.641040802001953,19600,0.0,0.0
2023-06-21 00:00:00-04:00,7.6410400939774785,7.847984715119369,7.632661568671129,7.816985130310059,36600,0.0,0.0
2023-06-22 00:00:00-04:00,7.733202434369705,7.879823449334362,7.632662515284863,7.674554347991943,42000,0.0,0.0
2023-06-23 00:00:00-04:00,7.574013035983543,7.850497962374063,7.574013035983543,7.666174411773682,38800,0.0,0.0
2023-06-26 00:00:00-04:00,7.632663696913921,7.917527244598106,7.632663696913921,7.70806884765625,19300,0.0,0.0
2023-06-27 00:00:00-04:00,7.884012712507095,8.093471077022247,7.6745543479919425,7.674554347991943,28600,0.0,0.0
2023-06-28 00:00:00-04:00,7.816985093721146,8.152118114204953,7.749958489624385,7.9761738777160645,31100,0.0,0.0
2023-06-29 00:00:00-04:00,7.992930121188066,8.051578199958687,7.465095015192044,7.5488786697387695,44400,0.0,0.0
2023-06-30 00:00:00-04:00,7.657797631439098,8.110227639483496,7.574013971089312,7.80860710144043,55500,0.0,0.0
2023-07-03 00:00:00-04:00,7.91752500839863,8.168875173542427,7.804417314230899,7.900768756866455,40800,0.0,0.0
2023-07-05 00:00:00-04:00,7.808606844988663,8.26941536373812,7.7750935417534395,7.9929304122924805,90600,0.0,0.0
2023-07-06 00:00:00-04:00,7.89238921919885,8.131171565798743,7.548877717141455,7.6242828369140625,54100,0.0,0.0
2023-07-07 00:00:00-04:00,7.641039657216738,8.29454941237459,7.641039657216738,8.244279861450195,70500,0.0,0.0
2023-07-10 00:00:00-04:00,8.168874702428248,8.579412829041868,7.917524551780281,8.18563175201416,72800,0.0,0.0
2023-07-11 00:00:00-04:00,8.269412634485171,8.36157398820988,7.825361313418972,7.959414482116699,56300,0.0,0.0
2023-07-12 00:00:00-04:00,8.202388500027638,8.319685457182388,7.9510383341361175,8.177253723144531,70300,0.0,0.0
2023-07-13 00:00:00-04:00,8.344820507994374,8.462117468999539,8.210767294857142,8.411847114562988,99600,0.0,0.0
2023-07-14 00:00:00-04:00,8.34482098405577,8.562657867341175,8.214957026298027,8.30711841583252,178000,0.0,0.0
2023-07-17 00:00:00-04:00,8.35319925375666,8.638062738692224,8.35319925375666,8.453739166259766,45000,0.0,0.0
2023-07-18 00:00:00-04:00,8.436983305720494,8.614603922786156,8.294551543145523,8.42022705078125,45400,0.0,0.0
2023-07-19 00:00:00-04:00,8.344818567914368,8.545898340871343,8.126981747700984,8.277791976928711,83700,0.0,0.0
2023-07-20 00:00:00-04:00,8.315495715415414,8.466305167044972,8.227522802863076,8.395090103149414,37700,0.0,0.0
2023-07-21 00:00:00-04:00,8.520765068714848,8.520765068714848,8.164685742043847,8.194009780883789,78100,0.0,0.0
2023-07-24 00:00:00-04:00,8.202387138440747,8.59197971104766,8.202387138440747,8.529142379760742,46000,0.0,0.0
2023-07-25 00:00:00-04:00,8.453739921970353,8.638063510880167,8.336442947387695,8.336442947387695,39500,0.0,0.0
2023-07-26 00:00:00-04:00,8.41184784230823,8.814008315532737,8.378334536124543,8.713467597961426,57300,0.0,0.0
2023-07-27 00:00:00-04:00,8.855898559471218,8.956438469058893,8.512387001958283,8.562657356262207,54900,0.0,0.0
2023-07-28 00:00:00-04:00,8.696711326747803,9.015088134357482,8.609576571042824,8.788872718811035,74900,0.0,0.0
2023-07-31 00:00:00-04:00,8.872655599181709,8.872655599181709,8.504008465480275,8.638062477111816,45700,0.0,0.0
2023-08-01 00:00:00-04:00,8.663195569967339,8.897788646415309,8.487250562876358,8.604547500610352,76400,0.0,0.0
2023-08-02 00:00:00-04:00,8.629683755669877,8.671575583415004,8.319685508788183,8.369955062866211,102300,0.0,0.0
2023-08-03 00:00:00-04:00,8.42860248989767,8.692519600910732,8.328061801014583,8.529142379760742,248000,0.0,0.0
2023-08-04 00:00:00-04:00,8.487252020748537,8.579413402571692,8.33644176047414,8.369955062866211,79400,0.0,0.0
2023-08-07 00:00:00-04:00,8.36995578042817,8.504009001488926,8.277794390703956,8.40346908569336,111300,0.0,0.0
2023-08-08 00:00:00-04:00,8.311306689296464,8.37833329170852,8.110226882060289,8.286171913146973,156900,0.0,0.0
2023-08-09 00:00:00-04:00,8.252657660053682,8.37833232532555,8.126982195761776,8.210765838623047,296600,0.0,0.0
2023-08-10 00:00:00-04:00,8.286170915409244,8.411845580044336,7.976172716825322,8.076712608337402,113300,0.0,0.0
2023-08-11 00:00:00-04:00,8.328062018925445,8.504007030544576,8.131171496002624,8.269413948059082,158200,0.0,0.0
2023-08-14 00:00:00-04:00,8.294550908912239,8.378334574262968,7.967796371888943,8.085092544555664,185000,0.0,0.0
2023-08-15 00:00:00-04:00,8.126983348584826,8.210767003330915,7.9929301402072035,8.043200492858887,109000,0.0,0.0
2023-08-16 00:00:00-04:00,7.9845492514925445,8.185629803559047,7.917522667143682,7.959414482116699,66700,0.0,0.0
2023-08-17 00:00:00-04:00,8.319685976921681,8.319685976921681,7.867255969661238,7.884012222290039,51200,0.0,0.0
2023-08-18 00:00:00-04:00,7.8337426261757415,8.16887566727644,7.8337426261757415,8.110227584838867,78600,0.0,0.0
2023-08-21 00:00:00-04:00,8.135360678631107,8.2610353432662,7.984550441852972,8.076712608337402,46500,0.0,0.0
2023-08-22 00:00:00-04:00,8.034820637115113,8.22584634751976,7.976172567916322,8.152116775512695,122200,0.0,0.0
2023-08-23 00:00:00-04:00,8.229105626726444,8.511392971975301,8.109347037673825,8.425851821899414,93600,0.2,0.0
2023-08-24 00:00:00-04:00,8.365971242393188,8.562717416939357,8.22055040514254,8.31464672088623,87600,0.0,0.0
2023-08-25 00:00:00-04:00,8.400188124797236,8.502837986811155,8.152117420983119,8.34886360168457,52500,0.0,0.0
2023-08-28 00:00:00-04:00,8.348862785640573,8.605487823486328,8.348862785640573,8.605487823486328,70400,0.0,0.0
2023-08-29 00:00:00-04:00,8.545609237060908,8.716692345832119,8.545609237060908,8.63115119934082,54200,0.0,0.0
2023-08-30 00:00:00-04:00,8.682476757735897,8.887777328491211,8.665368852716368,8.887777328491211,57100,0.0,0.0
2023-08-31 00:00:00-04:00,8.896330517872595,8.921993598060215,8.776572740151739,8.845005989074707,74300,0.0,0.0
2023-09-01 00:00:00-04:00,8.733802007766375,8.913439495322342,8.733802007766375,8.879222869873047,55600,0.0,0.0
2023-09-05 00:00:00-04:00,8.904884851257632,9.016089084371476,8.828753004821927,8.973318099975586,231500,0.0,0.0
2023-09-06 00:00:00-04:00,9.00753432398399,9.27271376282135,8.914293761618646,9.033197402954102,213600,0.0,0.0
2023-09-07 00:00:00-04:00,9.00753438814974,9.00753438814974,8.725247043776717,8.802234649658203,90600,0.0,0.0
2023-09-08 00:00:00-04:00,8.899752231501681,8.899752231501681,8.665368000526907,8.776572227478027,43900,0.0,0.0
2023-09-11 00:00:00-04:00,8.887775842878574,9.118737824662988,8.83645050482172,8.947654724121094,72500,0.0,0.0
2023-09-12 00:00:00-04:00,8.98187275519399,9.140125157923007,8.913439504227036,8.998981475830078,34700,0.0,0.0
2023-09-13 00:00:00-04:00,9.04175134869354,9.195726566203271,8.939101475616608,8.973318099975586,68200,0.0,0.0
2023-09-14 00:00:00-04:00,8.964762910317914,9.152954734770898,8.964762910317914,9.101630210876465,47500,0.0,0.0
2023-09-15 00:00:00-04:00,9.058859722028954,9.443796935280691,9.050305362319468,9.298376083374023,286200,0.0,0.0
2023-09-18 00:00:00-04:00,9.212835299252035,9.238497563610242,8.98187247266216,9.093076705932617,36100,0.0,0.0
2023-09-19 00:00:00-04:00,9.058860935558481,9.383919305966094,9.058860935558481,9.2042818069458,32200,0.0,0.0
2023-09-20 00:00:00-04:00,9.264160097494962,9.401026599105546,9.22138911179448,9.247052192687988,60400,0.0,0.0
2023-09-21 00:00:00-04:00,9.152954416068598,9.212834112911914,8.810788216057809,8.827896118164062,25900,0.0,0.0
2023-09-22 00:00:00-04:00,8.930547115579696,9.187172206166359,8.930547115579696,8.973318099975586,27600,0.0,0.0
2023-09-25 00:00:00-04:00,8.887776946972481,9.024643444408389,8.819343698254528,8.973318099975586,34500,0.0,0.0
2023-09-26 00:00:00-04:00,8.990427462900755,9.007535368409188,8.870668861186783,8.92199420928955,46700,0.0,0.0
2023-09-27 00:00:00-04:00,8.780849566152744,8.91258311633439,8.733801403494358,8.802234649658203,50600,0.0,0.0
2023-09-28 00:00:00-04:00,8.742356904635667,8.973318936646457,8.725248182966627,8.819344520568848,29100,0.0,0.0
2023-09-29 00:00:00-04:00,8.81079031506779,8.879223571372922,8.605490546152394,8.725248336791992,59100,0.0,0.0
2023-10-02 00:00:00-04:00,8.85356053614995,8.870668440847721,8.725247579867538,8.742356300354004,22000,0.0,0.0
2023-10-03 00:00:00-04:00,8.827898475869258,8.930548363287645,8.579827710660956,8.759465217590332,98300,0.0,0.0
2023-10-04 00:00:00-04:00,8.964763344209665,8.964763344209665,8.566995409515869,8.785126686096191,96700,0.0,0.0
2023-10-05 00:00:00-04:00,8.81078943995627,8.956210299108273,8.596935331296113,8.614043235778809,44500,0.0,0.0
2023-10-06 00:00:00-04:00,8.588380788350113,8.802234892458221,8.588380788350113,8.716692924499512,20800,0.0,0.0
2023-10-09 00:00:00-04:00,8.673922756308823,8.803090654769049,8.60121232828052,8.716692924499512,34900,0.0,0.0
2023-10-10 00:00:00-04:00,8.673921763254063,9.007533605363614,8.673921763254063,8.947654724121094,40500,0.0,0.0
2023-10-11 00:00:00-04:00,8.896330882438534,9.811627051921665,8.896330882438534,9.401026725769043,113200,0.0,0.0
2023-10-12 00:00:00-04:00,9.298375107870974,9.664493670298304,9.007533434570169,9.050304412841797,58400,0.0,0.0
2023-10-13 00:00:00-04:00,9.067416525571268,9.182897149618857,8.639708214285621,8.733803749084473,41300,0.0,0.0
2023-10-16 00:00:00-04:00,8.742354976055651,8.891197232270915,8.742354976055651,8.827896118164062,28200,0.0,0.0
2023-10-17 00:00:00-04:00,8.789404666113764,8.819344930425983,8.588382071893019,8.759465217590332,77200,0.0,0.0
2023-10-18 00:00:00-04:00,8.648260719501527,8.836452582235022,8.562719557014494,8.725248336791992,34400,0.0,0.0
2023-10-19 00:00:00-04:00,8.64825998928746,8.64825998928746,8.38308134744257,8.494285583496094,73000,0.0,0.0
2023-10-20 00:00:00-04:00,8.408744306347028,8.494286284459179,8.2966851144931,8.46006965637207,22800,0.0,0.0
2023-10-23 00:00:00-04:00,8.494285046323057,8.691030425198914,8.494285046323057,8.554163932800293,25300,0.0,0.0
2023-10-24 00:00:00-04:00,8.614042121222306,8.622596480251163,8.395910860717942,8.588379859924316,19100,0.0,0.0
2023-10-25 00:00:00-04:00,8.502839382736363,8.66536896944926,8.460069211717022,8.528502464294434,54700,0.0,0.0
2023-10-26 00:00:00-04:00,8.506262063747272,8.506262063747272,8.340311050415039,8.340311050415039,40400,0.0,0.0
2023-10-27 00:00:00-04:00,8.34031069824987,8.511393831466481,8.276154625267232,8.297539710998535,36600,0.0,0.0
2023-10-30 00:00:00-04:00,8.297537477545117,8.477174923016616,8.211996341856338,8.24621295928955,26000,0.0,0.0
2023-10-31 00:00:00-04:00,8.357419268749126,8.537055943545473,8.357419268749126,8.39163589477539,7200,0.0,0.0
2023-11-01 00:00:00-04:00,8.391635926438388,8.810789800788829,8.383081565952368,8.656814575195312,18700,0.0,0.0
2023-11-02 00:00:00-04:00,8.802234671688513,9.238497228916392,8.511392966869929,8.673922538757324,86300,0.0,0.0
2023-11-03 00:00:00-04:00,8.673922262097465,9.111039751883942,8.383080566555446,8.768017768859863,86100,0.0,0.0
2023-11-06 00:00:00-05:00,8.802234589626154,9.135847274241113,8.673922457891205,8.785126686096191,8300,0.0,0.0
2023-11-07 00:00:00-05:00,8.75946578080886,8.992994310095893,8.554165992771662,8.579828262329102,60300,0.0,0.0
2023-11-08 00:00:00-05:00,8.691031555417297,9.238498411995327,8.451515162571988,8.819344520568848,32000,0.0,0.0
2023-11-09 00:00:00-05:00,8.725248182966627,9.024644285864827,8.488298261529424,8.819344520568848,27300,0.0,0.0
2023-11-10 00:00:00-05:00,8.81079031506779,8.934825286200056,8.442960950586132,8.725248336791992,12000,0.0,0.0
2023-11-13 00:00:00-05:00,8.579827059561966,8.913439780196386,8.5627191541849,8.665369033813477,11900,0.0,0.0
2023-11-14 00:00:00-05:00,8.682477065569898,9.217112372952004,8.665369159943815,9.058860778808594,20700,0.0,0.0
2023-11-15 00:00:00-05:00,8.947654781250497,9.238496461922983,8.383080137963235,8.588379859924316,179500,0.0,0.0
2023-11-16 00:00:00-05:00,8.69103142627731,9.22994391401312,8.57127363952851,9.058860778808594,36800,0.0,0.0
2023-11-17 00:00:00-05:00,8.93054631739999,8.93054631739999,8.584102924755614,8.750908851623535,40400,0.0,0.0
2023-11-20 00:00:00-05:00,8.887776946972481,9.221388830525337,8.810789338217614,8.973318099975586,30600,0.0,0.0
2023-11-21 00:00:00-05:00,8.834197404233526,8.99070904327161,8.703771591186523,8.703771591186523,11700,0.17,0.0
2023-11-22 00:00:00-05:00,8.695074494462347,8.955926895141602,8.635948127210126,8.955926895141602,5000,0.0,0.0
2023-11-24 00:00:00-05:00,8.973317107682373,9.021140285391294,8.747245788574219,8.747245788574219,6800,0.0,0.0
2023-11-27 00:00:00-05:00,8.816808163192631,9.025489807128906,8.76463733759499,9.025489807128906,14800,0.0,0.0
2023-11-28 00:00:00-05:00,8.99940371510493,9.095049249643635,8.799416542053223,8.799416542053223,7800,0.0,0.0
2023-11-29 00:00:00-05:00,8.834196341141379,8.97157852376575,8.721160263130566,8.72985553741455,14200,0.0,0.0
2023-11-30 00:00:00-05:00,8.712465429656145,8.94723202026844,8.712465429656145,8.773330688476562,7900,0.0,0.0
2023-12-01 00:00:00-05:00,8.912453352147194,9.155915260314941,8.721161438258981,9.155915260314941,50400,0.0,0.0
2023-12-04 00:00:00-05:00,9.00809804946004,9.155914401431108,8.947232785434434,9.129829406738281,13200,0.0,0.0
2023-12-05 00:00:00-05:00,9.121135637923265,9.251562291373833,8.925496901588163,9.173306465148926,21200,0.0,0.0
2023-12-06 00:00:00-05:00,9.338511691998297,9.338511691998297,8.871586356166508,9.147220611572266,34100,0.0,0.0
2023-12-07 00:00:00-05:00,9.164609676071061,9.286341033349302,8.999403604047117,9.129829406738281,28800,0.0,0.0
2023-12-08 00:00:00-05:00,9.129829078648768,9.390681503884133,9.008097725745065,9.121133804321289,16100,0.0,0.0
2023-12-11 00:00:00-05:00,9.121135527006436,9.190696076309985,8.79072250320099,8.947234153747559,26000,0.0,0.0
2023-12-12 00:00:00-05:00,8.94723202026844,8.94723202026844,8.603776993632852,8.773330688476562,38700,0.0,0.0
2023-12-13 00:00:00-05:00,8.755940271018956,9.034183235254657,8.56464921781394,8.97331714630127,29100,0.0,0.0
2023-12-14 00:00:00-05:00,8.977665417447238,9.190694670763886,8.977665417447238,9.129829406738281,32800,0.0,0.0
2023-12-15 00:00:00-05:00,9.077659404385642,9.338511862450764,9.02548941030888,9.068964958190918,70900,0.0,0.0
2023-12-18 00:00:00-05:00,9.025489245569899,9.182000883397643,9.025489245569899,9.147220611572266,156600,0.0,0.0
2023-12-19 00:00:00-05:00,9.460242594825552,9.660228940723334,9.103744618762862,9.303730964660645,175400,0.0,0.0
2023-12-20 00:00:00-05:00,9.321120390310792,9.538497259670102,9.077657699584961,9.077657699584961,65100,0.0,0.0
2023-12-21 00:00:00-05:00,9.251560742329199,9.512412347100042,8.860281676718877,9.268950462341309,160700,0.0,0.0
2023-12-22 00:00:00-05:00,9.234171867370605,9.312427694681512,9.15156840196163,9.234171867370605,138100,0.0,0.0
2023-12-26 00:00:00-05:00,9.173303978462659,9.512411361209617,9.173303978462659,9.40807056427002,28300,0.0,0.0
2023-12-27 00:00:00-05:00,9.408072142109715,9.725443052241314,9.270689945381326,9.564583778381348,146700,0.0,0.0
2023-12-28 00:00:00-05:00,9.564583450843251,9.729789527407004,9.338511279354282,9.555888175964355,115600,0.0,0.0
2023-12-29 00:00:00-05:00,9.49502267887108,9.668924026075727,9.460242409430151,9.52110767364502,6600,0.0,0.0
2024-01-02 00:00:00-05:00,9.486328395874146,9.486328395874146,9.28894995228073,9.299384117126465,19300,0.0,0.0
2024-01-03 00:00:00-05:00,9.26025633624678,9.529804078295513,9.12983051768499,9.216781616210938,20500,0.0,0.0
2024-01-04 00:00:00-05:00,9.242865140527773,9.312425676567942,9.195041961040031,9.260254859924316,9600,0.0,0.0
2024-01-05 00:00:00-05:00,9.338511234783175,9.373291504905703,9.216780703967846,9.303730964660645,2204600,0.0,0.0
2024-01-08 00:00:00-05:00,9.547193580758401,9.873258948886386,9.45763456496574,9.82543659210205,43800,0.0,0.0
2024-01-09 00:00:00-05:00,9.83413028717041,10.039333283044488,9.781959471794304,9.83413028717041,88800,0.0,0.0
2024-01-10 00:00:00-05:00,9.903691291809082,10.081940273199095,9.793263129788091,9.903691291809082,28100,0.0,0.0
2024-01-11 00:00:00-05:00,9.921081310523979,10.025422120147674,9.73848468637575,9.886301040649414,26600,0.0,0.0
2024-01-12 00:00:00-05:00,9.825436168568274,9.921081707241173,9.764570071933631,9.842825889587402,20300,0.0,0.0
2024-01-16 00:00:00-05:00,9.738484100814002,9.808044636380552,9.564582761897626,9.616753578186035,23900,0.0,0.0
2024-01-17 00:00:00-05:00,9.677618759972665,9.803696918690848,9.477631599942013,9.503717422485352,23600,0.0,0.0
2024-01-18 00:00:00-05:00,9.616753949932507,9.762830582732823,9.495022593371884,9.71239948272705,15700,0.0,0.0
2024-01-19 00:00:00-05:00,9.695009791451136,9.738485339014682,9.303731521833427,9.347207069396973,19400,0.0,0.0
2024-01-22 00:00:00-05:00,9.399377795103906,9.503718610640991,9.216781160607232,9.373291969299316,107900,0.0,0.0
2024-01-23 00:00:00-05:00,9.373292432639659,9.373292432639659,9.155915515551921,9.216781616210938,10800,0.0,0.0
2024-01-24 00:00:00-05:00,9.21678168809985,9.471546800067355,9.138525864661545,9.164610862731934,10900,0.0,0.0
2024-01-25 00:00:00-05:00,9.321120950879713,9.347205944588028,9.173304604487603,9.260254859924316,98400,0.0,0.0
2024-01-26 00:00:00-05:00,9.286340081034192,9.512411393900104,9.242864541519882,9.43415641784668,32100,0.0,0.0
2024-01-29 00:00:00-05:00,9.477632753172845,9.52110830014149,9.373291937984348,9.512413024902344,30500,0.0,0.0
2024-01-30 00:00:00-05:00,9.347206972721818,9.521108331950293,9.29503615033973,9.373291969299316,50700,0.0,0.0
2024-01-31 00:00:00-05:00,9.35590224252453,9.434158061438403,9.147220611572266,9.147220611572266,49600,0.0,0.0
2024-02-01 00:00:00-05:00,9.147219721695176,9.234169978186216,8.973317550259079,9.095048904418945,42800,0.0,0.0
2024-02-02 00:00:00-05:00,9.121135483837753,9.129830759766332,8.93853883547334,9.086355209350586,26500,0.0,0.0
2024-02-05 00:00:00-05:00,9.103744412045454,9.147219956018185,8.955928060074386,9.129829406738281,44600,0.0,0.0
2024-02-06 00:00:00-05:00,9.121134566002455,9.355902017087177,9.02548902809409,9.33851146697998,12800,0.0,0.0
2024-02-07 00:00:00-05:00,9.295036682311018,9.295036682311018,9.112440037364017,9.164610862731934,14700,0.0,0.0
2024-02-08 00:00:00-05:00,9.112440037364017,9.52110887686009,9.016794491621166,9.164610862731934,101500,0.0,0.0
2024-02-09 00:00:00-05:00,9.38198542237956,9.561104243670973,9.364595704447721,9.486326217651367,48000,0.0,0.0
2024-02-12 00:00:00-05:00,9.486326843061333,9.564582651981132,9.421113945370495,9.477631568908691,22700,0.0,0.0
2024-02-13 00:00:00-05:00,9.225476307299251,9.303732132202166,9.035924101573698,9.086355209350586,30700,0.0,0.0
2024-02-14 00:00:00-05:00,9.182000596037623,9.468938036923761,9.086354229590867,9.390682220458984,1196600,0.0,0.0
2024-02-15 00:00:00-05:00,9.486328284513636,9.608059653466798,9.390682741982152,9.57327938079834,20700,0.0,0.0
2024-02-16 00:00:00-05:00,9.703703645100413,9.829782631639901,9.503717316526437,9.668923377990723,59500,0.0,0.0
2024-02-20 00:00:00-05:00,9.70370522281251,9.929777410395753,9.70370522281251,9.82543659210205,39200,0.0,0.0
2024-02-21 00:00:00-05:00,9.86084316993112,9.98476704629229,9.635123595485725,9.736918449401855,12900,0.2,0.0
2024-02-22 00:00:00-05:00,9.869693317776381,9.94050719575285,9.312034239753698,9.497920036315918,34800,0.0,0.0
2024-02-23 00:00:00-05:00,9.559884417967183,9.57758746834999,9.179259126803055,9.38284969329834,17100,0.0,0.0
2024-02-26 00:00:00-05:00,9.33858947327447,9.692658872268519,9.267775593475658,9.551031112670898,17700,0.0,0.0
2024-02-27 00:00:00-05:00,9.639549204558957,9.692659194087424,9.391699772865907,9.64840030670166,18000,0.0,0.0
2024-02-28 00:00:00-05:00,9.56873462967377,9.728065430892366,9.453661868468783,9.462512969970703,15300,0.0,0.0
2024-02-29 00:00:00-05:00,9.612993114160018,9.666103946467219,9.347441485128138,9.57758617401123,10600,0.0,0.0
2024-03-01 00:00:00-05:00,9.72806684264558,9.72806684264558,9.4979212868365,9.559884071350098,12900,0.0,0.0
2024-03-04 00:00:00-05:00,9.719215450611353,9.728067398071289,9.648401559268217,9.728067398071289,21500,0.0,0.0
2024-03-05 00:00:00-05:00,9.728065093763858,9.736917039127015,9.542178461977441,9.604141235351562,8400,0.0,0.0
2024-03-06 00:00:00-05:00,9.577587121091037,9.692659898995577,9.559884071350098,9.559884071350098,16000,0.0,0.0
2024-03-07 00:00:00-05:00,9.683808010789498,9.694430178365753,9.382849410022722,9.56873607635498,19200,0.0,0.0
2024-03-08 00:00:00-05:00,9.657251905838095,10.489316257440267,9.403207133861994,10.04672908782959,128200,0.0,0.0
2024-03-11 00:00:00-04:00,10.05558068922989,10.338837065887573,9.860842932727321,10.18835735321045,182000,0.0,0.0
2024-03-12 00:00:00-04:00,10.188356983283319,10.268022809945467,9.975915341629616,10.099839210510254,20100,0.0,0.0
2024-03-13 00:00:00-04:00,10.259170221826617,10.259170221826617,9.940506935119629,9.940506935119629,15500,0.0,0.0
2024-03-14 00:00:00-04:00,10.002469957250522,10.132590014650793,9.83428636418022,9.99361801147461,90000,0.0,0.0
2024-03-15 00:00:00-04:00,10.09984022868317,10.129050978459516,10.0024713441514,10.126395225524902,61300,0.0,0.0
2024-03-18 00:00:00-04:00,10.232615473234212,10.232615473234212,9.772324423315906,9.97591495513916,44300,0.0,0.0
2024-03-19 00:00:00-04:00,10.011323220657735,10.170654044754293,9.967064330121087,10.082137107849121,14600,0.0,0.0
2024-03-20 00:00:00-04:00,10.0201727512657,10.17950439453125,9.922803882696748,10.17950439453125,13500,0.0,0.0
2024-03-21 00:00:00-04:00,10.206060584787739,10.289266856739118,10.029025873809479,10.232616424560547,18000,0.0,0.0
2024-03-22 00:00:00-04:00,10.161800569753193,10.263596255930599,9.781176194377139,9.949358940124512,21400,0.0,0.0
2024-03-25 00:00:00-04:00,9.940507083409283,9.993617913375404,9.922804036199246,9.962636947631836,7300,0.0,0.0
2024-03-26 00:00:00-04:00,10.037877729061034,10.254745353557034,9.922804956930245,9.958211898803711,12900,0.0,0.0
2024-03-27 00:00:00-04:00,9.940508489298225,10.090988210621951,9.781177665201666,10.082137107849121,14300,0.0,0.0
2024-03-28 00:00:00-04:00,10.117544709035322,10.23261749424252,9.798881351794412,10.002471923828125,12200,0.0,0.0
2024-04-01 00:00:00-04:00,10.011323871344413,10.046730817241382,9.781178300930016,10.002471923828125,17000,0.0,0.0
2024-04-02 00:00:00-04:00,9.953786936368939,9.984767908133371,9.869695124316785,9.96706485748291,36800,0.0,0.0
2024-04-03 00:00:00-04:00,9.812158920849216,9.940508778555389,9.812158920849216,9.91395378112793,3200,0.0,0.0
2024-04-04 00:00:00-04:00,9.984766768917792,10.198979482108056,9.913952886059148,9.922804832458496,21100,0.0,0.0
2024-04-05 00:00:00-04:00,9.924575820280637,9.958212543864523,9.851991711363477,9.860843658447266,8600,0.0,0.0
2024-04-08 00:00:00-04:00,9.843138878843769,10.285726063202759,9.843138878843769,9.887397766113281,16900,0.0,0.0
2024-04-09 00:00:00-04:00,9.860842460299294,9.944933414873343,9.79002858056955,9.807731628417969,17300,0.0,0.0
2024-04-10 00:00:00-04:00,9.745770635610722,9.887398408743792,9.745770635610722,9.790029525756836,6000,0.0,0.0
2024-04-11 00:00:00-04:00,9.79002884742991,9.931656610749943,9.621845245361328,9.621845245361328,16500,0.0,0.0
2024-04-12 00:00:00-04:00,9.701511845950108,9.704167598870093,9.515625180745564,9.559884071350098,18300,0.0,0.0
2024-04-15 00:00:00-04:00,9.604143125941526,9.604143125941526,9.179258950718642,9.338590621948242,26800,0.0,0.0
2024-04-16 00:00:00-04:00,9.241220525498989,9.329738304707734,9.033204841776973,9.232369422912598,13300,0.0,0.0
2024-04-17 00:00:00-04:00,9.214665508584366,9.214665508584366,8.940261913159821,8.984519958496094,11300,0.0,0.0
2024-04-18 00:00:00-04:00,8.975670041535507,9.232370621567016,8.975670041535507,9.03763198852539,12800,0.0,0.0
2024-04-19 00:00:00-04:00,9.121722007227817,9.161554920774773,8.957964379960552,9.073037147521973,14900,0.0,0.0
2024-04-22 00:00:00-04:00,9.028778067972551,9.289904564903818,9.01107502020109,9.285478591918945,9900,0.0,0.0
2024-04-23 00:00:00-04:00,9.263351054455924,9.294332026142827,9.028779513705114,9.17040729522705,25900,0.0,0.0
2024-04-24 00:00:00-04:00,9.117297009315195,9.497921449009702,9.037631173700394,9.338590621948242,11700,0.0,0.0
2024-04-25 00:00:00-04:00,9.338589482885645,9.43595835666721,9.081888957308756,9.294330596923828,15100,0.0,0.0
2024-04-26 00:00:00-04:00,9.232369135340583,9.710363271009303,8.975668596632717,9.692659378051758,31600,0.0,0.0
2024-04-29 00:00:00-04:00,9.736916775493563,9.736916775493563,9.092510196693441,9.533327102661133,16600,0.0,0.0
2024-04-30 00:00:00-04:00,9.156243945334483,9.683807642083814,9.156243945334483,9.480217933654785,44900,0.0,0.0
2024-05-01 00:00:00-04:00,9.35629232994977,9.621844795852915,9.294330397433976,9.489068984985352,16700,0.0,0.0
2024-05-02 00:00:00-04:00,9.630697650392806,9.630697650392806,9.43595904446688,9.480217933654785,25700,0.0,0.0
2024-05-03 00:00:00-04:00,9.497921449009702,9.648401173133625,9.338590621948242,9.338590621948242,53300,0.0,0.0
2024-05-06 00:00:00-04:00,9.418256661155667,9.71036416861227,9.410289402087448,9.683808326721191,20100,0.0,0.0
2024-05-07 00:00:00-04:00,9.612108426052922,9.736917826764792,9.568735072100065,9.57758617401123,35400,0.0,0.0
2024-05-08 00:00:00-04:00,9.72806611739704,9.90510082244873,9.574931498507157,9.90510082244873,28200,0.0,0.0
2024-05-09 00:00:00-04:00,9.834286037285652,9.967062687006777,9.515623597457324,9.639548301696777,56300,0.0,0.0
2024-05-10 00:00:00-04:00,9.736918081473187,9.89624973839471,9.573160451396282,9.64840030670166,32300,0.0,0.0
2024-05-13 00:00:00-04:00,9.612993606071068,9.736918325017253,9.559883615214192,9.70151138305664,30000,0.0,0.0
2024-05-14 00:00:00-04:00,9.728066502756601,9.86084316993112,9.64840067128551,9.736918449401855,20400,0.0,0.0
2024-05-15 00:00:00-04:00,9.736917559216547,9.790028390064382,9.489068984985352,9.489068984985352,29200,0.0,0.0
2024-05-16 00:00:00-04:00,9.630697958650103,9.630697958650103,9.45366324040009,9.559884071350098,26100,0.0,0.0
2024-05-17 00:00:00-04:00,9.480217905866166,9.834287329995359,9.480217905866166,9.736918449401855,14100,0.0,0.0
2024-05-20 00:00:00-04:00,9.701511140398189,9.798880017312419,9.497920596090902,9.64840030670166,39100,0.0,0.0
2024-05-21 00:00:00-04:00,9.763472161768247,9.794453126786113,9.50677165197565,9.639548301696777,24300,0.0,0.0
2024-05-22 00:00:00-04:00,9.72048007640073,9.747456190676788,9.486684799194336,9.486684799194336,25500,0.17,0.0
2024-05-23 00:00:00-04:00,9.486682265697898,9.648539765684077,9.486682265697898,9.639548301696777,18000,0.0,0.0
2024-05-24 00:00:00-04:00,9.621565086502434,10.044194828605372,9.621565086502434,10.00822639465332,30600,0.0,0.0
2024-05-28 00:00:00-04:00,10.017217626125737,10.017217626125737,9.423737244245599,9.612571716308594,90700,0.0,0.0
2024-05-29 00:00:00-04:00,9.477691739249455,9.601783398882217,9.414747191641617,9.531644821166992,21400,0.0,0.0
2024-05-30 00:00:00-04:00,9.441721763641532,9.666524662775853,9.441721763641532,9.621563911437988,33100,0.0,0.0
2024-05-31 00:00:00-04:00,9.585595991126802,9.747454361520065,9.374281563433968,9.477690696716309,32200,0.0,0.0
2024-06-03 00:00:00-04:00,9.549628683337541,9.941684889761119,9.450715699544508,9.693502426147461,22500,0.0,0.0
2024-06-04 00:00:00-04:00,9.55862019494553,9.756447003287533,9.55862019494553,9.6305570602417,20300,0.0,0.0
2024-06-05 00:00:00-04:00,9.684509306333002,9.792414595010875,9.585595481878697,9.621563911437988,23600,0.0,0.0
2024-06-06 00:00:00-04:00,9.567613329966356,9.738463185164349,9.567613329966356,9.693502426147461,18600,0.0,0.0
2024-06-07 00:00:00-04:00,9.585595957499365,9.765438114219277,9.540635203930623,9.594588279724121,16900,0.0,0.0
2024-06-10 00:00:00-04:00,9.486682365004125,9.810398225920112,9.486682365004125,9.747453689575195,26600,0.0,0.0
2024-06-11 00:00:00-04:00,9.738461679246289,9.738461679246289,9.306840517560756,9.44172191619873,45500,0.0,0.0
2024-06-12 00:00:00-04:00,9.657532497041498,9.657532497041498,9.380575670715448,9.44172191619873,31500,0.0,0.0
2024-06-13 00:00:00-04:00,9.387769536971994,9.531644125736596,9.387769536971994,9.459707260131836,30600,0.0,0.0
2024-06-14 00:00:00-04:00,9.441722614953106,9.52265180314723,9.36079342675898,9.459707260131836,19300,0.0,0.0
2024-06-17 00:00:00-04:00,9.378777226301523,9.882335240131601,9.378777226301523,9.621563911437988,46600,0.0,0.0
2024-06-18 00:00:00-04:00,9.62156530074628,9.756447574236235,9.62156530074628,9.71148681640625,42600,0.0,0.0
2024-06-20 00:00:00-04:00,9.783421891669061,9.891327176138521,9.405752967248464,9.702492713928223,42700,0.0,0.0
2024-06-21 00:00:00-04:00,9.702493632188322,9.90032043454914,9.459706933543043,9.873343467712402,255400,0.0,0.0
2024-06-24 00:00:00-04:00,9.72047853039474,10.07117053287286,9.702493885367618,9.801406860351562,31600,0.0,0.0
2024-06-25 00:00:00-04:00,9.846368232341076,9.846368232341076,9.603581512147363,9.71148681640625,25000,0.0,0.0
2024-06-26 00:00:00-04:00,9.738462065198197,9.837375037615802,9.549627585088189,9.819391250610352,25500,0.0,0.0
2024-06-27 00:00:00-04:00,9.711485954467234,9.967761136530882,9.711485954467234,9.873343467712402,28400,0.0,0.0
2024-06-28 00:00:00-04:00,9.954272912861795,9.954272912861795,9.733966156610007,9.801406860351562,36000,0.0,0.0
2024-07-01 00:00:00-04:00,9.828383827892244,9.864352260391412,9.594588587870115,9.801406860351562,45200,0.0,0.0
2024-07-02 00:00:00-04:00,9.76184016328102,9.89132666952331,9.76184016328102,9.792413711547852,34500,0.0,0.0
2024-07-03 00:00:00-04:00,9.84636792753806,10.05318706413167,9.765438737460347,9.900321006774902,12900,0.0,0.0
2024-07-05 00:00:00-04:00,9.900319347286452,9.936287774896963,9.78342174316355,9.82838249206543,22900,0.0,0.0
2024-07-08 00:00:00-04:00,9.81039902041343,9.994737341113566,9.590092267809728,9.92729663848877,21700,0.0,0.0
2024-07-09 00:00:00-04:00,9.92280082837341,9.981250068256534,9.792415579693138,9.909313201904297,67400,0.0,0.0
2024-07-10 00:00:00-04:00,9.891328683976244,10.062178529375226,9.84636792753806,9.900321006774902,40400,0.0,0.0
2024-07-11 00:00:00-04:00,9.891328939547114,9.967761970200364,9.585596816934109,9.882336616516113,46600,0.0,0.0
2024-07-12 00:00:00-04:00,9.882336168523304,10.089155301085016,9.882336168523304,9.94078540802002,98700,0.0,0.0
2024-07-15 00:00:00-04:00,10.044194527488745,10.32294966787152,9.954273016526834,10.251012802124023,31700,0.0,0.0
2024-07-16 00:00:00-04:00,10.143107594735147,10.448839705689457,10.143107594735147,10.30496597290039,39100,0.0,0.0
2024-07-17 00:00:00-04:00,10.30496614668027,10.394887659967392,10.008226353409917,10.125123977661133,23400,0.0,0.0
2024-07-18 00:00:00-04:00,10.06217826392845,10.349926583008788,9.832880041497436,10.026209831237793,62500,0.0,0.0
2024-07-19 00:00:00-04:00,9.98124993354078,10.260005072504605,9.98124993354078,10.026209831237793,7500,0.0,0.0
2024-07-22 00:00:00-04:00,9.936288205117053,10.089154243469238,9.936288205117053,10.089154243469238,12900,0.0,0.0
2024-07-23 00:00:00-04:00,9.945281849626008,10.116131696509475,9.918304880995636,10.00822639465332,7700,0.0,0.0
2024-07-24 00:00:00-04:00,9.936288960853426,9.999233502295894,9.711486047067398,9.92729663848877,51800,0.0,0.0
2024-07-25 00:00:00-04:00,10.02620957683006,10.053186543829844,9.891328172051384,10.044194221496582,13100,0.0,0.0
2024-07-26 00:00:00-04:00,10.430855434489267,10.430855434489267,10.129619498838657,10.331941604614258,43800,0.0,0.0
2024-07-29 00:00:00-04:00,10.421863463021106,10.430855785595163,10.098146710795653,10.367910385131836,33500,0.0,0.0
2024-07-30 00:00:00-04:00,10.340932863775935,10.340932863775935,10.071169226253396,10.170083045959473,14100,0.0,0.0
2024-07-31 00:00:00-04:00,10.098146659160294,10.179075846802839,9.79241541120135,10.143107414245605,30500,0.0,0.0
2024-08-01 00:00:00-04:00,10.089153913293366,10.201555357958895,9.711484990612787,9.936287879943848,74300,0.0,0.0
2024-08-02 00:00:00-04:00,9.918304810458933,9.918304810458933,9.666525774585168,9.697998046875,54600,0.0,0.0
2024-08-05 00:00:00-04:00,9.360794800137613,9.37068584190404,8.60545674291235,9.037078857421875,445900,0.0,0.0
2024-08-06 00:00:00-04:00,9.019093594487924,9.180951983584395,8.814073597172834,9.126998901367188,70900,0.0,0.0
2024-08-07 00:00:00-04:00,9.13599122466258,9.333818049385474,9.010102128747679,9.126998901367188,54500,0.0,0.0
2024-08-08 00:00:00-04:00,9.082037547671394,9.351800342953604,9.082037547671394,9.2169189453125,51400,0.0,0.0
2024-08-09 00:00:00-04:00,9.242995607405454,9.279862752027991,9.153973686163312,9.261878967285156,61600,0.0,0.0
2024-08-12 00:00:00-04:00,9.270873107868956,9.693501994149548,9.261880784955299,9.549628257751465,84600,0.0,0.0
2024-08-13 00:00:00-04:00,9.630555364356256,9.882334348556016,9.630555364356256,9.792413711547852,87200,0.0,0.0
2024-08-14 00:00:00-04:00,9.756446551115983,10.098146216658858,9.756446551115983,9.99923324584961,80200,0.0,0.0
2024-08-15 00:00:00-04:00,10.206053075592768,10.22403686355411,10.008226262687423,10.071170806884766,38100,0.0,0.0
2024-08-16 00:00:00-04:00,10.02620872637855,10.179074762857217,9.999232619222017,10.152098655700684,41500,0.0,0.0
2024-08-19 00:00:00-04:00,10.071170978105895,10.304966228463801,10.071170978105895,10.286981582641602,49500,0.0,0.0
2024-08-20 00:00:00-04:00,10.304966105183397,10.304966105183397,10.170084693350972,10.242021560668945,32300,0.0,0.0
2024-08-21 00:00:00-04:00,10.19637855203861,10.315047340722069,10.178121413526565,10.269405364990234,25500,0.17,0.0
2024-08-22 00:00:00-04:00,9.84950128938193,10.23289251344337,9.84950128938193,9.98642635345459,41700,0.0,0.0
2024-08-23 00:00:00-04:00,10.022940553234145,10.159866498665606,9.81298865567366,10.095968246459961,34400,0.0,0.0
2024-08-26 00:00:00-04:00,10.150737680248755,10.232893071391198,10.041197448908287,10.178122520446777,51900,0.0,0.0
2024-08-27 00:00:00-04:00,10.095967370651124,10.159865617313699,9.85862978226396,10.041196823120117,38100,0.0,0.0
2024-08-28 00:00:00-04:00,10.013811263898392,10.114222911505207,9.74908885607292,9.931655883789062,42700,0.0,0.0
2024-08-29 00:00:00-04:00,9.977298574628742,10.08501325929638,9.402211743126022,9.566521644592285,95200,0.0,0.0
2024-08-30 00:00:00-04:00,9.566521565229474,9.790167167748791,9.128360670889945,9.183131217956543,656000,0.0,0.0
2024-09-03 00:00:00-04:00,9.228773035696836,9.502624051025927,9.228773035696836,9.292672157287598,72000,0.0,0.0
2024-09-04 00:00:00-04:00,9.329185243848444,9.666934498485883,9.329185243848444,9.447854042053223,70800,0.0,0.0
2024-09-05 00:00:00-04:00,9.447854287122794,9.475239127250129,9.247030094909466,9.329185485839844,186100,0.0,0.0
2024-09-06 00:00:00-04:00,9.310927869867852,9.429596665090227,9.082718849182129,9.082718849182129,69800,0.0,0.0
2024-09-09 00:00:00-04:00,9.091847262082707,9.247029463115561,9.091847262082707,9.174002647399902,43800,0.0,0.0
2024-09-10 00:00:00-04:00,9.17400385413672,9.174916188887893,8.918409965511417,9.037077903747559,72500,0.0,0.0
2024-09-11 00:00:00-04:00,8.991435924050087,9.027949333190918,8.854509986860714,9.027949333190918,51400,0.0,0.0
2024-09-12 00:00:00-04:00,8.973178622929995,9.128360826626512,8.973178622929995,9.073590278625488,33200,0.0,0.0
2024-09-13 00:00:00-04:00,9.155745428334262,9.228772243412934,9.091847182777503,9.201387405395508,71600,0.0,0.0
2024-09-16 00:00:00-04:00,9.20138740746087,9.228772245484445,9.155745430389382,9.219644546508789,56900,0.0,0.0
2024-09-17 00:00:00-04:00,9.219644546508789,9.310927630103464,9.174002569437299,9.219644546508789,36700,0.0,0.0
2024-09-18 00:00:00-04:00,9.137489237635672,9.244290716196755,9.082718690586198,9.155745506286621,42500,0.0,0.0
2024-09-19 00:00:00-04:00,9.292672322563833,9.310928592951337,9.137490106802279,9.192259788513184,72900,0.0,0.0
2024-09-20 00:00:00-04:00,9.2196451147592,9.274414794182059,8.936665535913233,8.954922676086426,144600,0.0,0.0
2024-09-23 00:00:00-04:00,8.94579338556598,9.000563060578058,8.781482619433165,8.82712459564209,68500,0.0,0.0
2024-09-24 00:00:00-04:00,8.80886816541932,8.973178944767328,8.772354755625136,8.936665534973145,138200,0.0,0.0
2024-09-25 00:00:00-04:00,8.94579354666947,8.989609113358545,8.690199694064145,8.763226509094238,60900,0.0,0.0
2024-09-26 00:00:00-04:00,8.781483098008975,8.846294551059069,8.224653395449035,8.598916053771973,154400,0.0,0.0
2024-09-27 00:00:00-04:00,8.891023396001545,9.119232420768823,8.831689432603325,9.027949333190918,75400,0.0,0.0
2024-09-30 00:00:00-04:00,8.982305384208164,9.16487238987334,8.945791983075129,9.064460754394531,76000,0.0,0.0
2024-10-01 00:00:00-04:00,9.032513780725774,9.082719175105336,8.913844981245102,8.954922676086426,69700,0.0,0.0
2024-10-02 00:00:00-04:00,8.891023475690151,9.027949414106764,8.891023475690151,8.991436004638672,41400,0.0,0.0
2024-10-03 00:00:00-04:00,8.947617954182281,8.954920982980447,8.681070025998048,8.808866500854492,87200,0.0,0.0
2024-10-04 00:00:00-04:00,8.849945780675615,9.064462823017276,8.831689511216867,8.982307434082031,32700,0.0,0.0
2024-10-07 00:00:00-04:00,8.95492235631868,9.164874237523149,8.94579378655805,9.10097599029541,65900,0.0,0.0
2024-10-08 00:00:00-04:00,9.064462424769175,9.2013874866132,9.05533385516669,9.183131217956543,82200,0.0,0.0
2024-10-09 00:00:00-04:00,9.164874075886253,9.237900891586676,9.082718690586198,9.155745506286621,123100,0.0,0.0
2024-10-10 00:00:00-04:00,9.155744783536766,9.178566205734333,9.018819732544346,9.055333137512207,60200,0.0,0.0
2024-10-11 00:00:00-04:00,9.027949016907549,9.187694632209473,9.027949016907549,9.183131217956543,35000,0.0,0.0
2024-10-14 00:00:00-04:00,9.14661757356328,9.28354263186642,9.14661757356328,9.2744140625,30000,0.0,0.0
2024-10-15 00:00:00-04:00,9.233336530246424,9.370262461460893,9.146617731413727,9.219644546508789,53000,0.0,0.0
2024-10-16 00:00:00-04:00,9.274414852808789,9.383955082895307,9.256158583068553,9.338313102722168,27400,0.0,0.0
2024-10-17 00:00:00-04:00,9.305451643490555,9.374827383712919,9.274414853217909,9.347441673278809,25400,0.0,0.0
2024-10-18 00:00:00-04:00,9.26528549313358,9.39308285261859,9.26528549313358,9.2744140625,42800,0.0,0.0
2024-10-21 00:00:00-04:00,9.219644544439328,9.292671359517998,9.174002567378082,9.201387405395508,23800,0.0,0.0
2024-10-22 00:00:00-04:00,9.292671441541424,9.292671441541424,9.128360670889945,9.183131217956543,46900,0.0,0.0
2024-10-23 00:00:00-04:00,9.219644702218663,9.256158110382867,9.000563382685124,9.110103607177734,78800,0.0,0.0
2024-10-24 00:00:00-04:00,9.082719312077911,9.310928344394181,9.082719312077911,9.301799774169922,51700,0.0,0.0
2024-10-25 00:00:00-04:00,9.301798821762658,9.411339912141168,9.07358981281261,9.310927391052246,59700,0.0,0.0
2024-10-28 00:00:00-04:00,9.356569214115899,9.548264813324593,9.329184377242733,9.40221118927002,36100,0.0,0.0
2024-10-29 00:00:00-04:00,9.530008640684711,9.530008640684711,9.320056752469668,9.383955001831055,32200,0.0,0.0
2024-10-30 00:00:00-04:00,9.393082618713379,9.452416577021003,9.374826350983444,9.393082618713379,22600,0.0,0.0
2024-10-31 00:00:00-04:00,9.393082697817432,9.548264892295958,9.274413909654543,9.365697860717773,84300,0.0,0.0
2024-11-01 00:00:00-04:00,9.36569906121142,9.566522386414782,9.155746295073591,9.22877311706543,94600,0.0,0.0
2024-11-04 00:00:00-05:00,9.274412815010592,9.420466423034668,9.260720833350943,9.420466423034668,41400,0.0,0.0
2024-11-05 00:00:00-05:00,9.456981421832097,9.584778785705566,9.456981421832097,9.584778785705566,46000,0.0,0.0
2024-11-06 00:00:00-05:00,9.584778549547558,9.7582170164505,9.48436689718778,9.694318771362305,62900,0.0,0.0
2024-11-07 00:00:00-05:00,9.584779331600647,10.032068824810402,9.564696651270761,9.785603523254395,58100,0.0,0.0
2024-11-08 00:00:00-05:00,9.447853801482223,9.72170392977582,9.352005560140803,9.54826545715332,89900,0.0,0.0
2024-11-11 00:00:00-05:00,9.52088007767988,9.959040954502242,9.507187223823578,9.822115898132324,133100,0.0,0.0
2024-11-12 00:00:00-05:00,9.822115973765479,9.995554437872789,9.67606234703337,9.767345428466797,77300,0.0,0.0
2024-11-13 00:00:00-05:00,9.721702806508173,9.77190906381694,9.593906326883278,9.630419731140137,55900,0.0,0.0
2024-11-14 00:00:00-05:00,9.603036714871163,9.762782344665945,9.603036714871163,9.648677825927734,63900,0.0,0.0
2024-11-15 00:00:00-05:00,9.621292518512808,9.639549658488606,9.429596901508683,9.438725471496582,39900,0.0,0.0
2024-11-18 00:00:00-05:00,9.470673716727067,9.51175140731095,9.40221118927002,9.40221118927002,63900,0.0,0.0
2024-11-19 00:00:00-05:00,9.320055806697102,9.429596024721517,9.301798668418899,9.393082618713379,88900,0.0,0.0
2024-11-20 00:00:00-05:00,9.541444438849284,9.541444438849284,9.328176425113208,9.37453842163086,26700,0.16,0.0
2024-11-21 00:00:00-05:00,9.355992849662176,9.476535973821846,9.16126947745014,9.467263221740723,74000,0.0,0.0
2024-11-22 00:00:00-05:00,9.430171979121296,9.64343994589973,9.430171979121296,9.522897720336914,121300,0.0,0.0
2024-11-25 00:00:00-05:00,9.485807842387148,9.578533594609409,9.457990470439794,9.513626098632812,78400,0.0,0.0
2024-11-26 00:00:00-05:00,9.504352155710624,9.597077896314886,9.45891691421978,9.569259643554688,78700,0.0,0.0
2024-11-27 00:00:00-05:00,9.550716828424935,9.587806954806652,9.437592075605455,9.439446449279785,45600,0.0,0.0
2024-11-29 00:00:00-05:00,9.439445257496397,9.569260241293346,9.42089975449783,9.54144287109375,25600,0.0,0.0
2024-12-02 00:00:00-05:00,9.54144382666667,9.54144382666667,9.402356077440837,9.448718070983887,89300,0.0,0.0
2024-12-03 00:00:00-05:00,9.504354131129656,9.573898008888,9.291086121430945,9.383810997009277,84800,0.0,0.0
2024-12-04 00:00:00-05:00,9.411627769388806,9.536807271927755,9.411627769388806,9.457990646362305,129400,0.0,0.0
2024-12-05 00:00:00-05:00,9.541443229884432,9.750075724972326,9.541443229884432,9.661986351013184,64700,0.0,0.0
2024-12-06 00:00:00-05:00,9.671258560845201,9.76398342123337,9.504352574128964,9.550715446472168,82200,0.0,0.0
2024-12-09 00:00:00-05:00,9.541442993454304,9.893799596261443,9.541442993454304,9.763983726501465,84300,0.0,0.0
2024-12-10 00:00:00-05:00,9.706494614991376,9.87989047195548,9.652713363027447,9.810346603393555,65500,0.0,0.0
2024-12-11 00:00:00-05:00,9.773257012808395,10.08852351068904,9.759347884620139,10.06070613861084,60900,0.0,0.0
2024-12-12 00:00:00-05:00,10.079251717852516,10.079251717852516,9.8938010791838,10.014344215393066,72900,0.0,0.0
2024-12-13 00:00:00-05:00,10.014343439141435,10.051433564000176,9.828892814847736,9.912344932556152,31700,0.0,0.0
2024-12-16 00:00:00-05:00,9.912345179073577,9.949435304854738,9.773257428468808,9.90307331085205,65900,0.0,0.0
2024-12-17 00:00:00-05:00,9.828892528998669,9.893800024539207,9.643441025800037,9.745439529418945,67700,0.0,0.0
2024-12-18 00:00:00-05:00,9.717621219482897,9.782529598961869,9.142723861930127,9.198359489440918,103100,0.0,0.0
2024-12-19 00:00:00-05:00,9.281813199747457,9.328176078842475,9.179814688878745,9.253994941711426,78700,0.0,0.0
2024-12-20 00:00:00-05:00,9.226176861047163,9.624896352695979,9.077816366749454,9.198359489440918,432400,0.0,0.0
2024-12-23 00:00:00-05:00,9.14272403717041,9.23544979003292,9.059271920752131,9.14272403717041,92200,0.0,0.0
2024-12-24 00:00:00-05:00,9.105635024336516,9.300358421677448,9.105635024336516,9.272541046142578,32800,0.0,0.0
2024-12-26 00:00:00-05:00,9.513626524838697,9.522899277336,9.253994760704316,9.402356147766113,72600,0.0,0.0
2024-12-27 00:00:00-05:00,9.3281753668103,9.393082862009827,9.18908674014207,9.291085243225098,58000,0.0,0.0
2024-12-30 00:00:00-05:00,9.263268115320919,9.346721124624453,9.161270484115715,9.281813621520996,70800,0.0,0.0
2024-12-31 00:00:00-05:00,9.263267865910969,9.365266378668307,9.258631489485781,9.337448120117188,65500,0.0,0.0
2025-01-02 00:00:00-05:00,9.328175722549009,9.402355972548344,9.144579471155902,9.226177215576172,91300,0.0,0.0
2025-01-03 00:00:00-05:00,9.30962871737961,9.30962871737961,9.100996245197276,9.20763111114502,144200,0.0,0.0
2025-01-06 00:00:00-05:00,9.207631687936404,9.27717555492087,8.762549347498974,8.947999954223633,180800,0.0,0.0
2025-01-07 00:00:00-05:00,8.985091206018156,9.226177467241348,8.985091206018156,9.0778169631958,64400,0.0,0.0
2025-01-08 00:00:00-05:00,9.031453193370172,9.068543315721453,8.873819952302666,8.892365455627441,46100,0.0,0.0
2025-01-10 00:00:00-05:00,8.883092576047892,8.883092576047892,8.586371601510457,8.623461723327637,68000,0.0,0.0
2025-01-13 00:00:00-05:00,8.521464095420502,8.81818598456098,8.521464095420502,8.762550354003906,78200,0.0,0.0
2025-01-14 00:00:00-05:00,8.818186158730878,8.9109110324263,8.753277774415881,8.846003532409668,45100,0.0,0.0
2025-01-15 00:00:00-05:00,8.910911555233659,8.989728188863076,8.910911555233659,8.957274436950684,83100,0.0,0.0
2025-01-16 00:00:00-05:00,9.022181583289123,9.040727088960471,8.92018395499186,8.97581958770752,43100,0.0,0.0
2025-01-17 00:00:00-05:00,8.998999035870478,9.133451275939922,8.90627329207788,9.04999828338623,50500,0.0,0.0
2025-01-21 00:00:00-05:00,9.049999169060078,9.207632418355258,9.03145366476732,9.1890869140625,73800,0.0,0.0
2025-01-22 00:00:00-05:00,9.189088035239548,9.33744855049008,9.124180530892046,9.272541046142578,73000,0.0,0.0
2025-01-23 00:00:00-05:00,9.291086297320048,9.502499937311224,9.281813544297156,9.37453842163086,62400,0.0,0.0
2025-01-24 00:00:00-05:00,9.393083218923758,9.495080841584146,9.309630216611474,9.365265846252441,46800,0.0,0.0
2025-01-27 00:00:00-05:00,9.281812426914648,9.504353166883252,9.23544955167995,9.43017292022705,95900,0.0,0.0
2025-01-28 00:00:00-05:00,9.41162794557044,9.569261199652168,9.328175826613949,9.448718070983887,41500,0.0,0.0
2025-01-29 00:00:00-05:00,9.457990537613956,9.59244279086133,9.272539916150606,9.32817554473877,53500,0.0,0.0
2025-01-30 00:00:00-05:00,9.38380963279895,9.57853299279263,9.38380963279895,9.54144287109375,37100,0.0,0.0
2025-01-31 00:00:00-05:00,9.597078495791196,9.722257103838503,9.50435274939487,9.54144287109375,51600,0.0,0.0
2025-02-03 00:00:00-05:00,9.365265776713635,9.541443648054937,9.311484521076979,9.457990646362305,34800,0.0,0.0
2025-02-04 00:00:00-05:00,9.508988949793109,9.671258560845201,9.46726245311405,9.550715446472168,33700,0.0,0.0
2025-02-05 00:00:00-05:00,9.55998890725714,9.703713026318571,9.55998890725714,9.606350898742676,71200,0.0,0.0
2025-02-06 00:00:00-05:00,9.708349229837259,9.782529476054112,9.680530974282222,9.754712104797363,68300,0.0,0.0
2025-02-07 00:00:00-05:00,9.782530186662132,9.796438431151666,9.666623432991488,9.717621803283691,28700,0.0,0.0
2025-02-10 00:00:00-05:00,9.726893849242327,9.754712104797363,9.587806108660299,9.754712104797363,94200,0.0,0.0
2025-02-11 00:00:00-05:00,9.754711859181533,9.782529229737861,9.661986111596082,9.763983726501465,60800,0.0,0.0
2025-02-12 00:00:00-05:00,9.661985933453666,9.76861992220209,9.661985933453666,9.726893424987793,24100,0.0,0.0
2025-02-13 00:00:00-05:00,9.66198688017938,9.791802760265838,9.661059251224463,9.7732572555542,66800,0.0,0.0
2025-02-14 00:00:00-05:00,9.828893160723156,10.051433917706731,9.736167403164153,10.032888412475586,125100,0.0,0.0
2025-02-18 00:00:00-05:00,10.03288830893694,10.065342058458164,9.865983185070888,9.90307331085205,81500,0.0,0.0
2025-02-19 00:00:00-05:00,9.828893319915963,9.838165188383346,9.59707980656227,9.61562442779541,89600,0.0,0.0
2025-02-20 00:00:00-05:00,9.578533595391884,9.699076719571345,9.439445851345441,9.559988975524902,123000,0.0,0.0
2025-02-21 00:00:00-05:00,9.541444438849284,9.601715564901271,9.272540791274267,9.37453842163086,68100,0.0,0.0
2025-02-24 00:00:00-05:00,9.35599291550406,9.402355791937639,9.1890869140625,9.1890869140625,52700,0.0,0.0
2025-02-25 00:00:00-05:00,9.179814163269773,9.547006659056699,9.179814163269773,9.32817554473877,39000,0.0,0.0
2025-02-26 00:00:00-05:00,9.369902123076143,9.411628627727909,9.207633365317502,9.281813621520996,52600,0.0,0.0
2025-02-27 00:00:00-05:00,9.30963065375139,9.504354040190645,9.004564516098968,9.068544387817383,223000,0.0,0.0
2025-02-28 00:00:00-05:00,9.087089293798423,9.318902791679513,9.060198666291914,9.23544979095459,153100,0.0,0.0
2025-03-03 00:00:00-05:00,9.272540165014847,9.309630290302973,8.943365413620024,9.087089538574219,54100,0.0,0.0
2025-03-04 00:00:00-05:00,8.975818266502374,9.031453006730437,8.80891227722168,8.80891227722168,191200,0.0,0.0
2025-03-05 00:00:00-05:00,8.901637800756658,9.54978772556697,8.864547680099264,9.04999828338623,180300,0.0,0.0
2025-03-06 00:00:00-05:00,8.96654675780733,9.216904892130101,8.96654675780733,9.114907264709473,48900,0.0,0.0
2025-03-07 00:00:00-05:00,9.022182023651572,9.244723681077836,9.022182023651572,9.179815292358398,67000,0.0,0.0
2025-03-10 00:00:00-04:00,9.179813685731348,9.226176559759944,8.841366208629651,8.938728332519531,101800,0.0,0.0
2025-03-11 00:00:00-04:00,8.92945575320385,8.998999623439893,8.725459634119606,8.836730003356934,94400,0.0,0.0
2025-03-12 00:00:00-04:00,8.985090319356505,9.040725945032559,8.836729829951386,8.892365455627441,97100,0.0,0.0
2025-03-13 00:00:00-04:00,8.873526189678403,9.043084301057505,8.769907842918773,8.79816722869873,88000,0.15,0.0
2025-03-14 00:00:00-04:00,8.854685741684058,9.466978404700821,8.854685741684058,9.071343421936035,84000,0.0,0.0
2025-03-17 00:00:00-04:00,9.109023863358814,9.627117433444477,9.109023863358814,9.542338371276855,173700,0.0,0.0
2025-03-18 00:00:00-04:00,9.514077470212934,9.711894951026457,9.50465737628143,9.617695808410645,109800,0.0,0.0
2025-03-19 00:00:00-04:00,9.589437592003232,9.900293542777234,9.589437592003232,9.7495756149292,109300,0.0,0.0
2025-03-20 00:00:00-04:00,9.683635250996765,10.182889479164878,9.561176717579096,9.730734825134277,92400,0.0,0.0
2025-03-21 00:00:00-04:00,9.645956068851481,9.933262671436554,9.560235541990199,9.740155220031738,63000,0.0,0.0
2025-03-24 00:00:00-04:00,9.758994294752998,9.99449126912942,9.758994294752998,9.796673774719238,100200,0.0,0.0
2025-03-25 00:00:00-04:00,9.787254578489927,9.853193443843432,9.70247552397847,9.796673774719238,60200,0.0,0.0
2025-03-26 00:00:00-04:00,9.796673774719238,10.21114895269755,9.711895618557445,9.796673774719238,79500,0.0,0.0
2025-03-27 00:00:00-04:00,9.730735125243775,9.937972718830535,9.645956068851481,9.740155220031738,83600,0.0,0.0
2025-03-28 00:00:00-04:00,9.7495756149292,9.966232411623322,9.638421008388816,9.7495756149292,104100,0.0,0.0
2025-03-31 00:00:00-04:00,9.608275979536769,9.763703940295834,9.476398254256125,9.532917022705078,150800,0.0,0.0
2025-04-01 00:00:00-04:00,9.598855972290039,9.76841407587198,9.438718861334426,9.598855972290039,119500,0.0,0.0
2025-04-02 00:00:00-04:00,9.5517572461994,9.740154638971163,9.429298716310349,9.627116203308105,113300,0.0,0.0
2025-04-03 00:00:00-04:00,9.457558523648405,9.683635405086294,9.368069421198113,9.485817909240723,102000,0.0,0.0
2025-04-04 00:00:00-04:00,9.184382721195734,9.297421169962329,8.713388735493389,8.911206245422363,104900,0.0,0.0
2025-04-07 00:00:00-04:00,8.656867524545708,9.033663185201569,8.449630854452037,8.703967094421387,130800,0.0,0.0
2025-04-08 00:00:00-04:00,8.948885107275412,9.109023123168315,8.298913847389265,8.327173233032227,86200,0.0,0.0
2025-04-09 00:00:00-04:00,8.270652225951613,8.995983227508692,8.15761380330951,8.967723846435547,85600,0.0,0.0
2025-04-10 00:00:00-04:00,8.788747010627617,8.788747010627617,8.402532116440392,8.449631690979004,66500,0.0,0.0
2025-04-11 00:00:00-04:00,8.49673087229622,8.703967553315916,8.477890684012817,8.656867980957031,88700,0.0,0.0
2025-04-14 00:00:00-04:00,8.91120418593973,9.109021650150796,8.572088918013419,8.967723846435547,156400,0.0,0.0
2025-04-15 00:00:00-04:00,8.911205451911522,9.090182755267243,8.628608905984375,8.85468578338623,131100,0.0,0.0
2025-04-16 00:00:00-04:00,8.694548172274398,8.962073118402712,8.685128975709786,8.835846900939941,131000,0.0,0.0
2025-04-17 00:00:00-04:00,8.835846035607494,9.014823329702862,8.666287937154276,8.901784896850586,52000,0.0,0.0
2025-04-21 00:00:00-04:00,8.86410533684581,8.86410533684581,8.675707950509741,8.774616241455078,51600,0.0,0.0
2025-04-22 00:00:00-04:00,8.732229419976155,8.892366557689671,8.562671288062122,8.769908905029297,71900,0.0,0.0
2025-04-23 00:00:00-04:00,8.694547129879043,8.967724459544396,8.572089504073343,8.864105224609375,96200,0.0,0.0
2025-04-24 00:00:00-04:00,8.892365822427934,9.052503845250286,8.798167566758716,9.02895450592041,32900,0.0,0.0
2025-04-25 00:00:00-04:00,8.995984463156995,9.109022901325556,8.986564368722203,9.071343421936035,23300,0.0,0.0
2025-04-28 00:00:00-04:00,9.03366387825976,9.165541606009768,8.920625440895623,9.132572174072266,27800,0.0,0.0
2025-04-29 00:00:00-04:00,9.13728278061386,9.13728278061386,8.873526410617812,9.118443489074707,38800,0.0,0.0
2025-04-30 00:00:00-04:00,8.882945386006504,9.269160246554685,8.882945386006504,9.08076286315918,48400,0.0,0.0
2025-05-01 00:00:00-04:00,8.958304983767475,9.113732948542951,8.845266545598916,9.071343421936035,64700,0.0,0.0
2025-05-02 00:00:00-04:00,9.156122699800347,9.222061565762441,9.043084258858327,9.203222274780273,26000,0.0,0.0
2025-05-05 00:00:00-04:00,9.146702497824723,9.316260606423324,9.078878895045419,9.231481552124023,80200,0.0,0.0
2025-05-06 00:00:00-04:00,9.2220603080024,9.273869923249178,9.071342407302186,9.193800926208496,24600,0.0,0.0
2025-05-07 00:00:00-04:00,9.118443219486341,9.325679912038542,9.005404778544321,9.203222274780273,16300,0.0,0.0
2025-05-08 00:00:00-04:00,9.222061276515284,9.419878766546752,9.156122412621343,9.38219928741455,25500,0.0,0.0
2025-05-09 00:00:00-04:00,9.391619308842666,9.542337224200882,9.330389594259866,9.504657745361328,42000,0.0,0.0
2025-05-12 00:00:00-04:00,9.655375355049735,9.655375355049735,9.36806877652516,9.495237350463867,67200,0.0,0.0
2025-05-13 00:00:00-04:00,9.504658480268558,9.561177253723145,9.184382436193548,9.561177253723145,26200,0.0,0.0
2025-05-14 00:00:00-04:00,9.495238386492062,9.654434039708061,9.288000787648667,9.372779846191406,135000,0.0,0.0
2025-05-15 00:00:00-04:00,9.429298489169549,9.570596305757263,9.212640818938832,9.495237350463867,64800,0.0,0.0
2025-05-16 00:00:00-04:00,9.476398984523835,9.476398984523835,9.25974129317449,9.401039123535156,111400,0.0,0.0
2025-05-19 00:00:00-04:00,9.344520923716885,9.372780311851885,9.182499054273269,9.32568073272705,114300,0.0,0.0
2025-05-20 00:00:00-04:00,9.363359669575985,9.363359669575985,9.184382357372844,9.306840896606445,53900,0.0,0.0
2025-05-21 00:00:00-04:00,9.236190448074126,9.339808780218133,9.137281264271142,9.193800926208496,38300,0.0,0.0
2025-05-22 00:00:00-04:00,9.127861819034688,9.264450487711516,8.967724711931973,9.184381484985352,31300,0.0,0.0
2025-05-23 00:00:00-04:00,9.174962234687747,9.2974207735511,9.099603272056408,9.212641716003418,24800,0.0,0.0
2025-05-27 00:00:00-04:00,9.423106792080592,9.518772299772937,9.203074390937262,9.39440631866455,43300,0.15,0.0
2025-05-28 00:00:00-04:00,9.298741340637207,9.451806891537794,9.279607690603308,9.298741340637207,23800,0.0,0.0
2025-05-29 00:00:00-04:00,9.298741013322795,9.403973347777123,9.250907802264422,9.35614013671875,110200,0.0,0.0
2025-05-30 00:00:00-04:00,9.365706851755409,9.384840500891809,9.231774044828425,9.28917407989502,40600,0.0,0.0
2025-06-02 00:00:00-04:00,9.327441319600291,9.327441319600291,9.136109372436003,9.222208976745605,17600,0.0,0.0
2025-06-03 00:00:00-04:00,9.10740960438951,9.303524959881647,9.021310002009026,9.260475158691406,34500,0.0,0.0
2025-06-04 00:00:00-04:00,9.193508066019712,9.324570648911633,9.126542115762032,9.212641716003418,18000,0.0,0.0
2025-06-05 00:00:00-04:00,9.212641876565673,9.423107468341307,9.002176284790039,9.002176284790039,29100,0.0,0.0
2025-06-06 00:00:00-04:00,9.002176225863575,9.131325627631146,9.002176225863575,9.107409477233887,47100,0.0,0.0
2025-06-09 00:00:00-04:00,9.164808344723562,9.164808344723562,8.939993435362934,8.97347640991211,48600,0.0,0.0
2025-06-10 00:00:00-04:00,9.002175875577215,9.150458009424211,8.98304313847242,9.07870864868164,22600,0.0,0.0
2025-06-11 00:00:00-04:00,9.088276013884382,9.226992243599733,9.002176410935913,9.155241966247559,35400,0.0,0.0
2025-06-12 00:00:00-04:00,9.193508166069611,9.25090820430275,9.054792851548731,9.107409477233887,69400,0.0,0.0
2025-06-13 00:00:00-04:00,8.906510338818988,9.155241394495626,8.849110302990459,8.992609024047852,38400,0.0,0.0
2025-06-16 00:00:00-04:00,9.107409482709514,9.298741423030584,8.992609406174214,9.279607772827148,64000,0.0,0.0
2025-06-17 00:00:00-04:00,9.34657352721443,9.553211815774775,9.08827475417145,9.126541137695312,31200,0.0,0.0
2025-06-18 00:00:00-04:00,9.08827486661212,9.222207666773935,9.08827486661212,9.193507194519043,32900,0.0,0.0
2025-06-20 00:00:00-04:00,9.097841921659874,9.308306582816694,9.088275097332042,9.241340637207031,135700,0.0,0.0
2025-06-23 00:00:00-04:00,9.183941922818809,9.2174248971071,9.002175901907197,9.16480827331543,67800,0.0,0.0
2025-06-24 00:00:00-04:00,9.088274667701313,9.27482317156241,9.069141019950154,9.231773376464844,95100,0.0,0.0
2025-06-25 00:00:00-04:00,9.25090755449736,9.26047437892133,9.097842013084213,9.1361083984375,35700,0.0,0.0
2025-06-26 00:00:00-04:00,9.164808791540205,9.212642005660763,9.09784283917703,9.155241966247559,58500,0.0,0.0
2025-06-27 00:00:00-04:00,9.145675069706977,9.222207839131924,9.021309091305794,9.069141387939453,30300,0.0,0.0
2025-06-30 00:00:00-04:00,9.069141876515864,9.270040635164893,9.069141876515864,9.250907897949219,65200,0.0,0.0
2025-07-01 00:00:00-04:00,9.250908437503453,9.504423834881331,9.116975619811665,9.327441215515137,104400,0.0,0.0
2025-07-02 00:00:00-04:00,9.365706616441106,9.442239386378601,9.126541482300789,9.241340637207031,71200,0.0,0.0
2025-07-03 00:00:00-04:00,9.193507378259957,9.380056802274881,9.193507378259957,9.346573829650879,33500,0.0,0.0
2025-07-07 00:00:00-04:00,9.20307445526123,9.279607226887064,9.155241244909433,9.20307445526123,40600,0.0,0.0
2025-07-08 00:00:00-04:00,9.164807521219174,9.192550945785303,9.078707930204848,9.126541137695312,42100,0.0,0.0
2025-07-09 00:00:00-04:00,9.107409095704908,9.174375043886009,8.991652888983904,8.992609024047852,46000,0.0,0.0
2025-07-10 00:00:00-04:00,9.040442288571333,9.17437509806712,8.80127714383483,9.16480827331543,84400,0.0,0.0
2025-07-11 00:00:00-04:00,8.82997645365682,9.145675275051211,8.82997645365682,9.030875205993652,47300,0.0,0.0
2025-07-14 00:00:00-04:00,8.944776725257134,9.069141796924143,8.92564307586675,8.992609024047852,56600,0.0,0.0
2025-07-15 00:00:00-04:00,8.91607625117156,9.107409095704908,8.91607625117156,8.992609024047852,34100,0.0,0.0
2025-07-16 00:00:00-04:00,9.05957519461419,9.18394116915238,8.944776044042605,9.126541137695312,27000,0.0,0.0
2025-07-17 00:00:00-04:00,9.183941625653377,9.327440342915033,9.040441996049129,9.308306694030762,38700,0.0,0.0
2025-07-18 00:00:00-04:00,9.34657456028879,9.480506461254489,9.19829150944441,9.470939636230469,51600,0.0,0.0
2025-07-21 00:00:00-04:00,9.461373616559133,9.490073178964009,9.270040767612912,9.403973579406738,129200,0.0,0.0
2025-07-22 00:00:00-04:00,9.470940405209594,9.494857469711558,9.332225080469096,9.423108100891113,25600,0.0,0.0
2025-07-23 00:00:00-04:00,9.432673394520286,9.748371326459647,9.308307404310437,9.537906646728516,44700,0.0,0.0
2025-07-24 00:00:00-04:00,9.30830644269089,9.557038397414669,9.298740530849646,9.45180606842041,50800,0.0,0.0
2025-07-25 00:00:00-04:00,9.308306925660377,9.480506120533475,9.270040539282201,9.35614013671875,41100,0.0,0.0
2025-07-28 00:00:00-04:00,9.365706757591106,9.442239528682022,9.289173986500192,9.39440631866455,30100,0.0,0.0
2025-07-29 00:00:00-04:00,9.461373315645755,9.738804842983063,9.327440508111582,9.54747200012207,61900,0.0,0.0
2025-07-30 00:00:00-04:00,9.499639420003014,9.528338980643928,9.241340637207031,9.241340637207031,27300,0.0,0.0
2025-07-31 00:00:00-04:00,9.212642151301718,9.30830766871252,9.088276157559259,9.222208976745605,72200,0.0,0.0
2025-08-01 00:00:00-04:00,9.212641014868161,9.29395719642499,9.050008651754505,9.069141387939453,33000,0.0,0.0
2025-08-04 00:00:00-04:00,8.973475603599864,9.260473936200103,8.973475603599864,9.126541137695312,38700,0.0,0.0
2025-08-05 00:00:00-04:00,9.155241603575941,9.303524652709921,8.95434284210205,8.95434284210205,36800,0.0,0.0
2025-08-06 00:00:00-04:00,8.954342690491371,9.183941922818809,8.954342690491371,9.16480827331543,38800,0.0,0.0
2025-08-07 00:00:00-04:00,9.088274955749512,9.183941372852324,9.050008571376901,9.088274955749512,49400,0.0,0.0
2025-08-08 00:00:00-04:00,9.097842013084213,9.183941608214758,9.088275188660244,9.1361083984375,30600,0.0,0.0
2025-08-11 00:00:00-04:00,9.155241216320865,9.155241216320865,9.059575708258604,9.116974830627441,22900,0.0,0.0
2025-08-12 00:00:00-04:00,8.973476077664515,9.39440631866455,8.9639092531925,9.39440631866455,74700,0.0,0.0
2025-08-13 00:00:00-04:00,8.887377039332675,9.662272535641739,8.887377039332675,9.643138885498047,69800,0.0,0.0
2025-08-14 00:00:00-04:00,9.643139035137835,9.949270143446126,9.193508285553033,9.882304191589355,60300,0.0,0.0
2025-08-15 00:00:00-04:00,9.901437268679393,9.901437268679393,9.62400573975423,9.719671249389648,28600,0.0,0.0
2025-08-18 00:00:00-04:00,9.757937228555251,9.853603646541535,9.58573895345955,9.79620361328125,43100,0.0,0.0
2025-08-19 00:00:00-04:00,9.853605114458446,9.853605114458446,9.38484160364642,9.528340339660645,29300,0.0,0.0
2025-08-20 00:00:00-04:00,9.547471985561431,9.566605634755396,9.375273704528809,9.375273704528809,26200,0.0,0.0
2025-08-21 00:00:00-04:00,9.432672909475102,9.509205682231451,9.260474626944621,9.35614013671875,13500,0.0,0.0
2025-08-22 00:00:00-04:00,9.384839988695605,9.748370179020766,9.35613951655739,9.662271499633789,53300,0.0,0.0
2025-08-25 00:00:00-04:00,9.730248347232056,9.739958469648878,9.545742129864083,9.681694030761719,46900,0.15,0.0
2025-08-26 00:00:00-04:00,9.536031081350703,9.783657261862526,9.536031081350703,9.681694030761719,68100,0.0,0.0
2025-08-27 00:00:00-04:00,9.506899037314325,9.778801918029785,9.506899037314325,9.778801918029785,26500,0.0,0.0
2025-08-28 00:00:00-04:00,9.671982869763294,9.856488158888913,9.526320848142886,9.720537185668945,70600,0.0,0.0
2025-08-29 00:00:00-04:00,9.565163284264257,9.856487302183803,9.565163284264257,9.76909065246582,72300,0.0,0.0
2025-09-02 00:00:00-04:00,9.652560042332011,9.788511931357933,9.652560042332011,9.730247497558594,23200,0.0,0.0
2025-09-03 00:00:00-04:00,9.759380461311869,9.885621312333209,9.536030978398252,9.633139610290527,12000,0.0,0.0
2025-09-04 00:00:00-04:00,9.710825808820784,9.773945769095652,9.61371718029397,9.749669075012207,31900,0.0,0.0
2025-09-05 00:00:00-04:00,9.749669472981745,9.885621373249371,9.70111515673641,9.856488227844238,15200,0.0,0.0
2025-09-08 00:00:00-04:00,9.837066133167518,9.837066133167518,9.701114245667654,9.76909065246582,29700,0.0,0.0
2025-09-09 00:00:00-04:00,9.710826516782214,9.798224103608709,9.565164489469115,9.628284454345703,27700,0.0,0.0
2025-09-10 00:00:00-04:00,9.657417144992603,9.701115940534375,9.555453906126218,9.67198371887207,73600,0.0,0.0
2025-09-11 00:00:00-04:00,9.47776621167225,9.793367865239622,9.468055163600265,9.749669075012207,40100,0.0,0.0
2025-09-12 00:00:00-04:00,9.49718809955253,9.749669811928541,9.49718809955253,9.739958763122559,28600,0.0,0.0
2025-09-15 00:00:00-04:00,9.798222869038481,9.798222869038481,9.671982029094993,9.76909065246582,28600,0.0,0.0
2025-09-16 00:00:00-04:00,9.788512552362292,9.84677791595459,9.739958237051468,9.84677791595459,27600,0.0,0.0
2025-09-17 00:00:00-04:00,9.817645063373497,9.9827291846868,9.769091672713813,9.90504264831543,45100,0.0,0.0
2025-09-18 00:00:00-04:00,9.914753575471028,10.060415597859448,9.895331478567746,10.031283378601074,31200,0.0,0.0
2025-09-19 00:00:00-04:00,10.031283986801776,10.14781379699707,9.807935415451615,10.14781379699707,83300,0.0,0.0
2025-09-22 00:00:00-04:00,10.555668322275586,10.555668322275586,9.788513063791237,10.487692832946777,61800,0.0,0.0
2025-09-23 00:00:00-04:00,10.429427034368736,10.50711356926896,10.264342916181624,10.468270301818848,65100,0.0,0.0
2025-09-24 00:00:00-04:00,10.458559776922133,10.458559776922133,10.254632399135179,10.361451148986816,40700,0.0,0.0
2025-09-25 00:00:00-04:00,10.274054310432325,10.3905841167055,10.215789870344027,10.26434326171875,41400,0.0,0.0
2025-09-26 00:00:00-04:00,10.332320112365679,10.332320112365679,10.215790301178052,10.28376579284668,26200,0.0,0.0
2025-09-29 00:00:00-04:00,10.322608288269148,10.400294823228554,10.206078485830036,10.38087272644043,92100,0.0,0.0
2025-09-30 00:00:00-04:00,10.390583145866618,10.519737488619285,10.206077868030725,10.43913745880127,49000,0.0,0.0
2025-10-01 00:00:00-04:00,10.215789757459264,10.36145178216702,10.07983785526121,10.303186416625977,50100,0.0,0.0
2025-10-02 00:00:00-04:00,10.20607892356349,10.361452000146176,10.20607892356349,10.312897682189941,26300,0.0,0.0
2025-10-03 00:00:00-04:00,10.312897455421288,10.477981577184531,10.196367650546629,10.390583992004395,42400,0.0,0.0
2025-10-06 00:00:00-04:00,10.497403150274645,10.536246416626868,10.361451254993597,10.410005569458008,39000,0.0,0.0
2025-10-07 00:00:00-04:00,10.477981587152536,10.543044501498652,10.25463302578777,10.303186416625977,47100,0.0,0.0
2025-10-08 00:00:00-04:00,10.3808724197436,10.521679839007794,10.283764716961604,10.497403144836426,29300,0.0,0.0
2025-10-09 00:00:00-04:00,10.53624659464002,10.633354299112986,10.439137964070516,10.594511032104492,54600,0.0,0.0
2025-10-10 00:00:00-04:00,10.613933135642133,10.613933135642133,10.487692286257314,10.507113456726074,106900,0.0,0.0
2025-10-13 00:00:00-04:00,10.6139336167407,10.91496871837555,10.312897589009273,10.837282180786133,99400,0.0,0.0
2025-10-14 00:00:00-04:00,10.681909419131607,11.167450756364863,10.502258716872797,10.895547866821289,113200,0.0,0.0
2025-10-15 00:00:00-04:00,11.109184935869408,11.1674503014464,10.788727740437366,10.963522911071777,60100,0.0,0.0
2025-10-16 00:00:00-04:00,10.953811139530913,10.992654405319811,10.701330374951327,10.711040496826172,154400,0.0,0.0
2025-10-17 00:00:00-04:00,10.74988437918856,10.919824024048289,10.419716137997446,10.827570915222168,32100,0.0,0.0
2025-10-20 00:00:00-04:00,10.94410151504884,11.060631317711637,10.759595299593666,11.04120922088623,20200,0.0,0.0
2025-10-21 00:00:00-04:00,11.050920738755641,11.050920738755641,10.798439025878906,10.798439025878906,16700,0.0,0.0
2025-10-22 00:00:00-04:00,10.788727339880333,10.982944600528489,10.779017217725151,10.944101333618164,31200,0.0,0.0
2025-10-23 00:00:00-04:00,10.944101009269962,10.950898557625399,10.779016898269516,10.885835647583008,57700,0.0,0.0
2025-10-24 00:00:00-04:00,10.827571222861645,11.002366396951928,10.827571222861645,10.973234176635742,28700,0.0,0.0
2025-10-27 00:00:00-04:00,11.02178793094303,11.191726645844502,11.02178793094303,11.167449951171875,34900,0.0,0.0
2025-10-28 00:00:00-04:00,11.20629343612856,11.254847752514129,10.895547293015404,11.17716121673584,27600,0.0,0.0
2025-10-29 00:00:00-04:00,11.080052601882924,11.177161234811104,10.885836262123123,11.002366065979004,68500,0.0,0.0
2025-10-30 00:00:00-04:00,10.905257106731773,11.094618842665778,10.905257106731773,11.031497955322266,94200,0.0,0.0
2025-10-31 00:00:00-04:00,11.089764035139767,11.245137112338071,10.905257811394337,11.196582794189453,114900,0.0,0.0
2025-11-03 00:00:00-05:00,11.264558582055464,11.324765044150611,11.012076882635364,11.167449951171875,53800,0.0,0.0
2025-11-04 00:00:00-05:00,11.050919929192263,11.31311174559012,11.050919929192263,11.245136260986328,24100,0.0,0.0
2025-11-05 00:00:00-05:00,11.313112182364925,11.351955450223393,11.167450159419811,11.264558792114258,54500,0.0,0.0
2025-11-06 00:00:00-05:00,11.351955499321772,11.643280472568568,11.254847792303881,11.575304985046387,158400,0.0,0.0
2025-11-07 00:00:00-05:00,11.61414887711651,11.672414245335169,11.133463062174862,11.604437828063965,68500,0.0,0.0
2025-11-10 00:00:00-05:00,11.594725930904056,11.730677829405522,11.229599403763359,11.65299129486084,45700,0.0,0.0
2025-11-11 00:00:00-05:00,11.585015262580493,11.798652759459959,11.585015262580493,11.759809494018555,36600,0.0,0.0
2025-11-12 00:00:00-05:00,11.827786445617676,11.95402729561664,11.827786445617676,11.827786445617676,56500,0.0,0.0
2025-11-13 00:00:00-05:00,11.876339850152664,11.939460738280559,11.458774958499134,11.65299129486084,58400,0.0,0.0
2025-11-14 00:00:00-05:00,11.720967281545308,12.128822068368445,11.662702841197191,11.808364868164062,58900,0.0,0.0
2025-11-17 00:00:00-05:00,11.652991739405982,11.837497034464082,11.507329713102038,11.585016250610352,63700,0.0,0.0
2025-11-18 00:00:00-05:00,11.546172971130883,11.76952153473567,11.507329702412807,11.67241382598877,42000,0.0,0.0
2025-11-19 00:00:00-05:00,11.750100785562307,11.750100785562307,11.497619066775801,11.604437828063965,40900,0.0,0.0
2025-11-20 00:00:00-05:00,11.604436881159401,11.779232045455746,11.507329176847627,11.51703929901123,36400,0.0,0.0
2025-11-21 00:00:00-05:00,11.614148148370997,11.62385919681421,11.468486126109028,11.526750564575195,61800,0.0,0.0
2025-11-24 00:00:00-05:00,11.605431346785783,11.73328790431389,11.133345523762827,11.7234525680542,83000,0.15,0.0
2025-11-25 00:00:00-05:00,11.782462803295155,11.851309219710508,11.457904207741903,11.713617324829102,50200,0.0,0.0
2025-11-26 00:00:00-05:00,11.684112500172251,12.048011510801732,11.556255938932274,11.979166030883789,49000,0.0,0.0
2025-11-28 00:00:00-05:00,11.949660367165286,12.136528015136719,11.615267356491518,12.136528015136719,27200,0.0,0.0
2025-12-01 00:00:00-05:00,11.949660021248114,12.097187255578541,11.939825622652206,11.979166030883789,29300,0.0,0.0
2025-12-02 00:00:00-05:00,11.979166455831312,12.2545493232213,11.821804817322748,12.225044250488281,30600,0.0,0.0
2025-12-03 00:00:00-05:00,12.284053709370928,12.392240533260775,12.12472519997864,12.293889045715332,84800,0.0,0.0
2025-12-04 00:00:00-05:00,12.34306518049433,12.451251069862012,12.126692463809635,12.254549026489258,37000,0.0,0.0
2025-12-05 00:00:00-05:00,12.185703805603264,12.254549287764227,11.841474518899755,11.939826011657715,95500,0.0,0.0
2025-12-08 00:00:00-05:00,11.910320141813486,12.244714095603104,11.910320141813486,12.116857528686523,15400,0.0,0.0
2025-12-09 00:00:00-05:00,12.136527852690751,12.470921796838041,11.99883595276265,12.441415786743164,38400,0.0,0.0
2025-12-10 00:00:00-05:00,12.234878211525956,12.574189818633851,12.234878211525956,12.55943775177002,19000,0.0,0.0
2025-12-11 00:00:00-05:00,12.520096379221046,12.74728833829798,12.43158116437661,12.657788276672363,41900,0.0,0.0
2025-12-12 00:00:00-05:00,12.608612521400522,12.785644826838997,12.588942786323644,12.756139755249023,38400,0.0,0.0
2025-12-15 00:00:00-05:00,12.78564505480242,13.021687507629395,12.647953155012019,13.021687507629395,42100,0.0,0.0
2025-12-16 00:00:00-05:00,12.96267680015609,13.02168694182412,12.815149570087438,12.982346534729004,49900,0.0,0.0
2025-12-17 00:00:00-05:00,12.92333673505362,13.03152262294081,12.657788276672363,12.657788276672363,12500,0.0,0.0
2025-12-18 00:00:00-05:00,12.716799347145953,12.869243311301686,12.652870597760142,12.756139755249023,27300,0.0,0.0
2025-12-19 00:00:00-05:00,12.716799170679717,12.74630424186026,12.6381183555654,12.677458763122559,38900,0.0,0.0
2025-12-22 00:00:00-05:00,12.647952628869529,12.947923819743632,12.559437416203558,12.88399600982666,81300,0.0,0.0
2025-12-23 00:00:00-05:00,12.883996372066516,13.080698413436757,12.854490362398991,12.94300651550293,72000,0.0,0.0
2025-12-24 00:00:00-05:00,13.14954389342901,13.14954389342901,12.854490362398991,12.94300651550293,50100,0.0,0.0
2025-12-26 00:00:00-05:00,12.854490749964308,12.928254838407803,12.77580993104397,12.903666496276855,53700,0.0,0.0
2025-12-29 00:00:00-05:00,12.834821137988985,12.944973910360043,12.692211566102193,12.795480728149414,41300,0.0,0.0
2025-12-30 00:00:00-05:00,12.805316065096646,12.992182777347269,12.539767595217526,12.795480728149414,48100,0.0,0.0
2025-12-31 00:00:00-05:00,12.844656177589489,12.90858399036789,12.539767304928807,12.82498550415039,45300,0.0,0.0
2026-01-02 00:00:00-05:00,12.88399668051508,12.908584084544,12.72171737525593,12.815150260925293,14600,0.0,0.0
2026-01-05 00:00:00-05:00,12.883996061067753,13.228224390669231,12.746304166457586,13.169214248657227,53100,0.0,0.0
2026-01-06 00:00:00-05:00,13.12495687152738,13.385586732188386,12.893831145492936,13.002017974853516,40500,0.0,0.0
2026-01-07 00:00:00-05:00,13.04135782716812,13.141676195180013,12.628283076953796,12.864325523376465,39200,0.0,0.0
2026-01-08 00:00:00-05:00,12.824985279781549,13.179048953947083,12.677458983366574,13.04135799407959,22100,0.0,0.0
2026-01-09 00:00:00-05:00,13.07086345684709,13.37575233329598,13.002017974853516,13.002017974853516,16600,0.0,0.0
2026-01-12 00:00:00-05:00,13.00201729170426,13.139708248456873,12.89776516532758,13.070862770080566,16100,0.0,0.0
2026-01-13 00:00:00-05:00,13.070862778921697,13.070862778921697,12.746304183572006,12.972511291503906,21000,0.0,0.0
2026-01-14 00:00:00-05:00,12.933171475114753,13.080698712982773,12.638118875277392,12.913501739501953,67300,0.0,0.0
2026-01-15 00:00:00-05:00,12.736469296836745,12.90366626857945,12.520096579649245,12.638118743896484,103800,0.0,0.0
2026-01-16 00:00:00-05:00,12.461086190311063,12.588942750772302,11.811968989468857,12.372570037841797,77300,0.0,0.0
2026-01-20 00:00:00-05:00,12.215208146640363,12.333229368111612,11.890649553107107,12.20537281036377,134700,0.0,0.0
2026-01-21 00:00:00-05:00,12.33322959405405,12.647952857076383,12.215208370420676,12.5692720413208,29700,0.0,0.0
2026-01-22 00:00:00-05:00,12.588942714234351,12.736469009288742,12.466003822372588,12.5692720413208,58800,0.0,0.0
2026-01-23 00:00:00-05:00,12.608612169285236,12.716798992009378,12.225043435479385,12.598777770996094,34700,0.0,0.0
2026-01-26 00:00:00-05:00,12.667623308174564,12.667623308174564,12.244713227431653,12.446332931518555,46500,0.0,0.0
2026-01-27 00:00:00-05:00,12.510262245223394,13.080698644236708,12.357817339766019,12.72663402557373,27000,0.0,0.0
2026-01-28 00:00:00-05:00,12.716799145779362,12.883996112057227,12.490591099306656,12.775809288024902,39000,0.0,0.0
2026-01-29 00:00:00-05:00,12.726633569107031,12.844655729727808,12.54468453588616,12.677458763122559,21600,0.0,0.0
2026-01-30 00:00:00-05:00,12.687293023976201,12.687293023976201,12.234877872999958,12.30372428894043,77800,0.0,0.0
2026-02-02 00:00:00-05:00,12.421745654201038,12.756139587658518,12.303724431442392,12.579107284545898,60100,0.0,0.0
2026-02-03 00:00:00-05:00,12.490591073816956,12.490591073816956,12.097186999818508,12.392240524291992,56700,0.0,0.0
2026-02-04 00:00:00-05:00,12.2938895578766,12.406993116701223,11.85130972138291,12.146363258361816,81700,0.0,0.0
2026-02-05 00:00:00-05:00,12.156197795006268,12.185703805603264,11.80213410938644,11.939826011657715,54700,0.0,0.0
2026-02-06 00:00:00-05:00,11.939825622652206,12.116856990719675,11.890649877875397,11.979166030883789,13900,0.0,0.0
2026-02-09 00:00:00-05:00,11.979166285338747,12.615497378552485,11.870979456941857,12.146363258361816,50000,0.0,0.0
2026-02-10 00:00:00-05:00,12.185703491735415,12.2152085636231,11.890649959010595,12.067682266235352,47800,0.0,0.0
2026-02-11 00:00:00-05:00,12.244713876845246,12.441415923222207,12.013589089595985,12.234878540039062,36300,0.0,0.0
2026-02-12 00:00:00-05:00,12.234878104132935,12.293889184918239,11.802133617521509,11.98900032043457,48500,0.0,0.0
2026-02-13 00:00:00-05:00,11.90048501371409,12.003753231849343,11.802133525819208,11.998835563659668,41900,0.0,0.0
2026-02-17 00:00:00-05:00,12.028341025425942,12.146363189911868,11.703782417962973,11.959495544433594,22600,0.0,0.0
2026-02-18 00:00:00-05:00,11.890650143345571,12.138494814532852,11.875897138198358,12.048011779785156,19000,0.0,0.0
2026-02-19 00:00:00-05:00,12.166032952663953,12.431581416429255,11.9447435041422,12.34306526184082,64800,0.0,0.0
2026-02-20 00:00:00-05:00,12.343064930510826,12.5692720413208,12.116856881751541,12.5692720413208,59500,0.0,0.0
2026-02-23 00:00:00-05:00,12.43158138825647,12.43158138825647,11.989000616317288,12.200455665588379,260600,0.0,0.0
2026-02-24 00:00:00-05:00,12.195538117328862,12.431581510670528,12.097187563223398,12.333230018615723,25100,0.0,0.0
2026-02-25 00:00:00-05:00,12.12177516696825,12.510262535240773,12.12177516696825,12.313560485839844,54200,0.0,0.0
2026-02-26 00:00:00-05:00,12.082434520512649,12.293889571209343,11.595596606046678,12.048011779785156,52500,0.0,0.0
2026-02-27 00:00:00-05:00,12.037193157396318,12.037193157396318,11.487410415138932,11.693947792053223,56800,0.0,0.0
2026-03-02 00:00:00-05:00,11.330049208795488,12.00867150820021,11.330049208795488,11.841474533081055,35400,0.0,0.0
2026-03-03 00:00:00-05:00,11.713617946328618,12.008671486472657,11.049747715491868,11.457904815673828,33700,0.0,0.0
2026-03-04 00:00:00-05:00,11.221862046720087,11.684112548828125,11.221862046720087,11.684112548828125,167100,0.0,0.0
2026-03-05 00:00:00-05:00,11.703782736801704,11.802134230569527,11.044830167225623,11.349719047546387,142700,0.0,0.0
2026-03-06 00:00:00-05:00,11.143181180470235,11.143181180470235,10.557991787480244,10.916974067687988,67100,0.0,0.0
2026-03-09 00:00:00-04:00,10.916974067687988,11.01532461926532,10.179340710086079,10.916974067687988,125700,0.0,0.0
2026-03-10 00:00:00-04:00,10.995654774400107,11.457904331894179,10.83829314308729,10.92680835723877,30400,0.0,0.0
2026-03-11 00:00:00-04:00,11.10384132980437,11.10384132980437,10.52848724446677,10.572745323181152,75500,0.0,0.0
2026-03-12 00:00:00-04:00,10.572745341077987,10.63175642544684,9.98263824918691,10.090825080871582,227300,0.0,0.0
2026-03-13 00:00:00-04:00,10.140000844479408,10.516685062312146,9.948215523434513,9.992473602294922,101100,0.0,0.0
2026-03-16 00:00:00-04:00,10.19901036706372,10.258021447917352,10.041648735386445,10.248186111450195,142300,0.0,0.0
2026-03-17 00:00:00-04:00,10.474393016222397,10.620936337669447,10.13016468819472,10.267855644226074,110600,0.0,0.0
2026-03-18 00:00:00-04:00,10.149834741956173,10.46455894695861,10.090824598358374,10.140000343322754,51200,0.0,0.0
2026-03-19 00:00:00-04:00,10.079999923706055,10.329999923706055,9.859999656677246,10.199999809265137,39400,0.17,0.0
2026-03-20 00:00:00-04:00,10.229999542236328,10.229999542236328,9.649999618530273,9.869999885559082,158700,0.0,0.0
2026-03-23 00:00:00-04:00,9.949999809265137,10.40999984741211,9.949999809265137,10.25,32900,0.0,0.0
2026-03-24 00:00:00-04:00,10.170999526977539,10.368000030517578,10.039999961853027,10.260000228881836,31000,0.0,0.0
2026-03-25 00:00:00-04:00,10.260000228881836,10.65999984741211,10.050000190734863,10.449999809265137,47700,0.0,0.0
2026-03-26 00:00:00-04:00,10.3100004196167,10.34000015258789,9.6899995803833,10.199999809265137,53300,0.0,0.0
2026-03-27 00:00:00-04:00,10.010000228881836,10.199999809265137,9.729999542236328,10.0600004196167,76000,0.0,0.0
2026-03-30 00:00:00-04:00,10.220000267028809,10.395000457763672,9.9399995803833,10.149999618530273,125700,0.0,0.0
2026-03-31 00:00:00-04:00,10.300000190734863,10.59000015258789,10.154999732971191,10.550000190734863,157200,0.0,0.0
2026-04-01 00:00:00-04:00,10.569999694824219,10.75,10.40999984741211,10.640000343322754,53500,0.0,0.0
2026-04-02 00:00:00-04:00,10.510000228881836,10.619999885559082,10.229999542236328,10.569999694824219,30600,0.0,0.0
2026-04-06 00:00:00-04:00,10.539999961853027,10.739999771118164,10.369999885559082,10.550000190734863,71200,0.0,0.0
2026-04-07 00:00:00-04:00,10.539999961853027,10.539999961853027,10.229999542236328,10.470000267028809,22200,0.0,0.0
2026-04-08 00:00:00-04:00,10.75,10.970000267028809,10.5,10.640000343322754,83800,0.0,0.0
2026-04-09 00:00:00-04:00,10.630000114440918,10.899999618530273,10.229999542236328,10.75,85800,0.0,0.0
2026-04-10 00:00:00-04:00,10.789999961853027,10.789999961853027,10.670000076293945,10.699999809265137,9100,0.0,0.0
2026-04-13 00:00:00-04:00,10.59000015258789,10.859999656677246,10.399999618530273,10.640000343322754,98400,0.0,0.0
2026-04-14 00:00:00-04:00,10.65999984741211,10.850000381469727,10.65999984741211,10.800000190734863,60100,0.0,0.0
2026-04-15 00:00:00-04:00,10.75,10.84000015258789,10.395000457763672,10.760000228881836,184600,0.0,0.0
2026-04-16 00:00:00-04:00,10.789999961853027,11.15999984741211,10.649999618530273,11.09000015258789,114300,0.0,0.0
2026-04-17 00:00:00-04:00,11.289999961853027,11.399999618530273,10.770000457763672,11.180000305175781,88800,0.0,0.0
2026-04-20 00:00:00-04:00,11.180000305175781,11.359999656677246,10.994999885559082,11.289999961853027,40500,0.0,0.0
2026-04-21 00:00:00-04:00,11.359999656677246,11.479999542236328,11.020000457763672,11.289999961853027,39000,0.0,0.0
2026-04-22 00:00:00-04:00,11.319999694824219,11.319999694824219,10.65999984741211,11.069999694824219,118600,0.0,0.0
2026-04-23 00:00:00-04:00,11.199999809265137,11.25,11.09000015258789,11.109999656677246,103400,0.0,0.0
2026-04-24 00:00:00-04:00,11.170000076293945,11.675000190734863,11.050000190734863,11.510000228881836,130400,0.0,0.0
2026-04-27 00:00:00-04:00,11.520000457763672,11.520000457763672,10.819999694824219,11.020000457763672,834600,0.0,0.0
2026-04-28 00:00:00-04:00,11.050000190734863,11.199999809265137,10.819999694824219,11.010000228881836,42700,0.0,0.0
2026-04-29 00:00:00-04:00,10.949999809265137,11.085000038146973,10.720000267028809,10.84000015258789,85800,0.0,0.0
2026-04-30 00:00:00-04:00,10.890000343322754,11.279999732971191,10.720000267028809,11.069999694824219,90300,0.0,0.0
2026-05-01 00:00:00-04:00,11.069999694824219,11.100000381469727,10.890000343322754,11.0,31800,0.0,0.0
2026-05-04 00:00:00-04:00,11.0,11.220000267028809,10.710000038146973,10.8100004196167,51800,0.0,0.0
2026-05-05 00:00:00-04:00,10.8100004196167,11.050000190734863,10.8100004196167,10.90999984741211,170900,0.0,0.0
2026-05-06 00:00:00-04:00,11.029999732971191,11.329999923706055,10.920000076293945,11.119999885559082,37628,0.0,0.0
