Date,Open,High,Low,Close,Volume,Dividends,Stock Splits
2022-01-03 00:00:00-05:00,8.720000267028809,9.170000076293945,8.680000305175781,9.109999656677246,11000,0.0,0.0
2022-01-04 00:00:00-05:00,9.0,9.199999809265137,9.0,9.039999961853027,6500,0.0,0.0
2022-01-05 00:00:00-05:00,9.039999961853027,9.079999923706055,8.720000267028809,8.970000267028809,18700,0.0,0.0
2022-01-06 00:00:00-05:00,8.970000267028809,9.100000381469727,8.670000076293945,8.859999656677246,13600,0.0,0.0
2022-01-07 00:00:00-05:00,8.760000228881836,9.180000305175781,8.6899995803833,8.850000381469727,21300,0.0,0.0
2022-01-10 00:00:00-05:00,8.850000381469727,8.930000305175781,8.630000114440918,8.640000343322754,12500,0.0,0.0
2022-01-11 00:00:00-05:00,8.739999771118164,9.0600004196167,8.609999656677246,9.0,29900,0.0,0.0
2022-01-12 00:00:00-05:00,8.9399995803833,9.319999694824219,8.890000343322754,9.079999923706055,33600,0.0,0.0
2022-01-13 00:00:00-05:00,9.100000381469727,9.229999542236328,9.050000190734863,9.149999618530273,10400,0.0,0.0
2022-01-14 00:00:00-05:00,9.079999923706055,9.680000305175781,9.079999923706055,9.600000381469727,23200,0.0,0.0
2022-01-18 00:00:00-05:00,9.65999984741211,9.739999771118164,9.010000228881836,9.369999885559082,14300,0.0,0.0
2022-01-19 00:00:00-05:00,9.300000190734863,9.739999771118164,9.010000228881836,9.279999732971191,7000,0.0,0.0
2022-01-20 00:00:00-05:00,9.350000381469727,9.489999771118164,9.010000228881836,9.149999618530273,10800,0.0,0.0
2022-01-21 00:00:00-05:00,9.1899995803833,9.210000038146973,8.600000381469727,8.899999618530273,11400,0.0,0.0
2022-01-24 00:00:00-05:00,8.529999732971191,8.789999961853027,8.529999732971191,8.760000228881836,15100,0.0,0.0
2022-01-25 00:00:00-05:00,8.609999656677246,8.920000076293945,8.529999732971191,8.800000190734863,11100,0.0,0.0
2022-01-26 00:00:00-05:00,8.989999771118164,9.260000228881836,8.529999732971191,9.069999694824219,80100,0.0,0.0
2022-01-27 00:00:00-05:00,9.020000457763672,9.350000381469727,8.739999771118164,9.09000015258789,10200,0.0,0.0
2022-01-28 00:00:00-05:00,8.960000038146973,8.960000038146973,8.5600004196167,8.84000015258789,15800,0.0,0.0
2022-01-31 00:00:00-05:00,8.710000038146973,9.109999656677246,8.699999809265137,8.760000228881836,8100,0.0,0.0
2022-02-01 00:00:00-05:00,8.890000343322754,9.600000381469727,8.75,9.130000114440918,9500,0.0,0.0
2022-02-02 00:00:00-05:00,8.90999984741211,9.069999694824219,8.739999771118164,9.069999694824219,5500,0.0,0.0
2022-02-03 00:00:00-05:00,8.989999771118164,9.109999656677246,8.710000038146973,8.90999984741211,7300,0.0,0.0
2022-02-04 00:00:00-05:00,8.819999694824219,9.109999656677246,8.819999694824219,8.989999771118164,2700,0.0,0.0
2022-02-07 00:00:00-05:00,8.859999656677246,8.989999771118164,8.75,8.8100004196167,6900,0.0,0.0
2022-02-08 00:00:00-05:00,8.75,8.989999771118164,8.699999809265137,8.890000343322754,9100,0.0,0.0
2022-02-09 00:00:00-05:00,8.8100004196167,9.079999923706055,8.8100004196167,8.960000038146973,2500,0.0,0.0
2022-02-10 00:00:00-05:00,9.0,9.180000305175781,8.920000076293945,9.180000305175781,18900,0.0,0.0
2022-02-11 00:00:00-05:00,9.149999618530273,9.539999961853027,8.979999542236328,9.319999694824219,33300,0.0,0.0
2022-02-14 00:00:00-05:00,9.239999771118164,9.3100004196167,9.100000381469727,9.100000381469727,4400,0.0,0.0
2022-02-15 00:00:00-05:00,9.130000114440918,9.300000190734863,8.979999542236328,9.100000381469727,4700,0.0,0.0
2022-02-16 00:00:00-05:00,9.489999771118164,9.489999771118164,9.0600004196167,9.359999656677246,1900,0.0,0.0
2022-02-17 00:00:00-05:00,9.479999542236328,9.479999542236328,9.079999923706055,9.25,4000,0.0,0.0
2022-02-18 00:00:00-05:00,9.1899995803833,9.479999542236328,9.15999984741211,9.220000267028809,4700,0.0,0.0
2022-02-22 00:00:00-05:00,9.170000076293945,9.260000228881836,9.0,9.130000114440918,7400,0.0,0.0
2022-02-23 00:00:00-05:00,9.020000457763672,9.3100004196167,9.020000457763672,9.0600004196167,7300,0.0,0.0
2022-02-24 00:00:00-05:00,9.09000015258789,9.25,8.9399995803833,9.239999771118164,6600,0.0,0.0
2022-02-25 00:00:00-05:00,9.300000190734863,9.369999885559082,9.0,9.260000228881836,4900,0.0,0.0
2022-02-28 00:00:00-05:00,9.260000228881836,9.640000343322754,9.260000228881836,9.319999694824219,18500,0.0,0.0
2022-03-01 00:00:00-05:00,9.479999542236328,9.479999542236328,9.1899995803833,9.25,4400,0.0,0.0
2022-03-02 00:00:00-05:00,9.1899995803833,9.279999732971191,9.149999618530273,9.149999618530273,4400,0.0,0.0
2022-03-03 00:00:00-05:00,9.220000267028809,9.670000076293945,9.220000267028809,9.529999732971191,4900,0.0,0.0
2022-03-04 00:00:00-05:00,9.729999542236328,9.800000190734863,9.489999771118164,9.800000190734863,8400,0.0,0.0
2022-03-07 00:00:00-05:00,9.649999618530273,9.890000343322754,9.569999694824219,9.710000038146973,6600,0.0,0.0
2022-03-08 00:00:00-05:00,9.710000038146973,9.890000343322754,9.550000190734863,9.609999656677246,8900,0.0,0.0
2022-03-09 00:00:00-05:00,9.729999542236328,9.850000381469727,9.649999618530273,9.760000228881836,8500,0.0,0.0
2022-03-10 00:00:00-05:00,9.619999885559082,9.880000114440918,9.539999961853027,9.729999542236328,7100,0.0,0.0
2022-03-11 00:00:00-05:00,9.819999694824219,10.84000015258789,9.8100004196167,10.520000457763672,67400,0.0,0.0
2022-03-14 00:00:00-04:00,10.300000190734863,10.6899995803833,10.25,10.350000381469727,13500,0.0,0.0
2022-03-15 00:00:00-04:00,10.319999694824219,10.699999809265137,10.020000457763672,10.199999809265137,8100,0.0,0.0
2022-03-16 00:00:00-04:00,10.449999809265137,10.449999809265137,9.550000190734863,10.079999923706055,15400,0.0,0.0
2022-03-17 00:00:00-04:00,10.149999618530273,10.470000267028809,10.0600004196167,10.199999809265137,15700,0.0,0.0
2022-03-18 00:00:00-04:00,10.100000381469727,10.289999961853027,10.0,10.270000457763672,7200,0.0,0.0
2022-03-21 00:00:00-04:00,10.09000015258789,10.4399995803833,10.050000190734863,10.40999984741211,12600,0.0,0.0
2022-03-22 00:00:00-04:00,10.380000114440918,10.5,9.949999809265137,10.329999923706055,17600,0.0,0.0
2022-03-23 00:00:00-04:00,10.449999809265137,10.470000267028809,10.25,10.25,8100,0.0,0.0
2022-03-24 00:00:00-04:00,10.039999961853027,10.170000076293945,9.960000038146973,10.149999618530273,5700,0.0,0.0
2022-03-25 00:00:00-04:00,10.0,10.029999732971191,9.770000457763672,9.770000457763672,11900,0.0,0.0
2022-03-28 00:00:00-04:00,9.779999732971191,9.90999984741211,9.529999732971191,9.619999885559082,11300,0.0,0.0
2022-03-29 00:00:00-04:00,9.25,9.470000267028809,9.140000343322754,9.369999885559082,13000,0.0,0.0
2022-03-30 00:00:00-04:00,9.359999656677246,9.359999656677246,8.859999656677246,9.220000267028809,18000,0.0,0.0
2022-03-31 00:00:00-04:00,9.010000228881836,9.140000343322754,8.899999618530273,9.050000190734863,13300,0.0,0.0
2022-04-01 00:00:00-04:00,9.460000038146973,9.460000038146973,9.029999732971191,9.100000381469727,5800,0.0,0.0
2022-04-04 00:00:00-04:00,9.3100004196167,9.319999694824219,9.170000076293945,9.3100004196167,5300,0.0,0.0
2022-04-05 00:00:00-04:00,9.350000381469727,9.989999771118164,9.350000381469727,9.569999694824219,17300,0.0,0.0
2022-04-06 00:00:00-04:00,9.65999984741211,9.739999771118164,9.300000190734863,9.300000190734863,14400,0.0,0.0
2022-04-07 00:00:00-04:00,9.329999923706055,9.579999923706055,9.069999694824219,9.3100004196167,13000,0.0,0.0
2022-04-08 00:00:00-04:00,9.430000305175781,9.430000305175781,9.119999885559082,9.34000015258789,7900,0.0,0.0
2022-04-11 00:00:00-04:00,9.40999984741211,9.630000114440918,9.34000015258789,9.399999618530273,7500,0.0,0.0
2022-04-12 00:00:00-04:00,9.470000267028809,9.5600004196167,9.350000381469727,9.430000305175781,2800,0.0,0.0
2022-04-13 00:00:00-04:00,9.359999656677246,9.619999885559082,9.1899995803833,9.449999809265137,16800,0.0,0.0
2022-04-14 00:00:00-04:00,9.479999542236328,9.65999984741211,9.25,9.550000190734863,22300,0.0,0.0
2022-04-18 00:00:00-04:00,9.579999923706055,9.739999771118164,9.100000381469727,9.630000114440918,26000,0.0,0.0
2022-04-19 00:00:00-04:00,9.670000076293945,9.680000305175781,9.300000190734863,9.630000114440918,20100,0.0,0.0
2022-04-20 00:00:00-04:00,9.609999656677246,9.869999885559082,9.390000343322754,9.680000305175781,31100,0.0,0.0
2022-04-21 00:00:00-04:00,9.619999885559082,9.800000190734863,9.34000015258789,9.640000343322754,26500,0.0,0.0
2022-04-22 00:00:00-04:00,9.430000305175781,9.770000457763672,9.300000190734863,9.449999809265137,26200,0.0,0.0
2022-04-25 00:00:00-04:00,9.449999809265137,9.859999656677246,9.449999809265137,9.600000381469727,8700,0.0,0.0
2022-04-26 00:00:00-04:00,9.729999542236328,9.819999694824219,9.579999923706055,9.609999656677246,11100,0.0,0.0
2022-04-27 00:00:00-04:00,9.699999809265137,9.729999542236328,9.100000381469727,9.430000305175781,28800,0.0,0.0
2022-04-28 00:00:00-04:00,9.359999656677246,9.449999809265137,9.140000343322754,9.359999656677246,19300,0.0,0.0
2022-04-29 00:00:00-04:00,9.239999771118164,9.329999923706055,9.130000114440918,9.279999732971191,30700,0.0,0.0
2022-05-02 00:00:00-04:00,9.130000114440918,9.130000114440918,8.710000038146973,8.979999542236328,45100,0.0,0.0
2022-05-03 00:00:00-04:00,8.899999618530273,8.949999809265137,8.720000267028809,8.859999656677246,6300,0.0,0.0
2022-05-04 00:00:00-04:00,8.729999542236328,8.859999656677246,8.550000190734863,8.829999923706055,26000,0.0,0.0
2022-05-05 00:00:00-04:00,8.770000457763672,8.850000381469727,8.630000114440918,8.819999694824219,10300,0.0,0.0
2022-05-06 00:00:00-04:00,8.800000190734863,8.819999694824219,8.770000457763672,8.800000190734863,2400,0.0,0.0
2022-05-09 00:00:00-04:00,8.75,8.75,8.319999694824219,8.430000305175781,30500,0.0,0.0
2022-05-10 00:00:00-04:00,8.399999618530273,8.489999771118164,8.100000381469727,8.180000305175781,11500,0.0,0.0
2022-05-11 00:00:00-04:00,8.130000114440918,8.25,6.539999961853027,6.800000190734863,80100,0.0,0.0
2022-05-12 00:00:00-04:00,6.269999980926514,7.199999809265137,6.260000228881836,6.789999961853027,24900,0.0,0.0
2022-05-13 00:00:00-04:00,7.0,7.46999979019165,6.75,7.159999847412109,28300,0.0,0.0
2022-05-16 00:00:00-04:00,7.159999847412109,7.340000152587891,6.650000095367432,6.940000057220459,30700,0.0,0.0
2022-05-17 00:00:00-04:00,6.510000228881836,6.860000133514404,6.510000228881836,6.75,25100,0.0,0.0
2022-05-18 00:00:00-04:00,6.75,6.860000133514404,6.659999847412109,6.769999980926514,5700,0.0,0.0
2022-05-19 00:00:00-04:00,6.659999847412109,6.909999847412109,6.659999847412109,6.739999771118164,4400,0.0,0.0
2022-05-20 00:00:00-04:00,6.880000114440918,6.889999866485596,6.559999942779541,6.590000152587891,9300,0.0,0.0
2022-05-23 00:00:00-04:00,6.659999847412109,6.78000020980835,6.610000133514404,6.610000133514404,4800,0.0,0.0
2022-05-24 00:00:00-04:00,6.690000057220459,6.690000057220459,6.449999809265137,6.630000114440918,18900,0.0,0.0
2022-05-25 00:00:00-04:00,6.670000076293945,6.679999828338623,6.599999904632568,6.679999828338623,4000,0.0,0.0
2022-05-26 00:00:00-04:00,6.449999809265137,6.849999904632568,5.800000190734863,6.460000038146973,145400,0.0,0.0
2022-05-27 00:00:00-04:00,6.159999847412109,6.389999866485596,6.090000152587891,6.090000152587891,26400,0.0,0.0
2022-05-31 00:00:00-04:00,6.019999980926514,6.260000228881836,6.019999980926514,6.230000019073486,33000,0.0,0.0
2022-06-01 00:00:00-04:00,6.329999923706055,6.329999923706055,6.130000114440918,6.329999923706055,12000,0.0,0.0
2022-06-02 00:00:00-04:00,6.329999923706055,6.369999885559082,6.21999979019165,6.340000152587891,18200,0.0,0.0
2022-06-03 00:00:00-04:00,6.130000114440918,6.389999866485596,6.130000114440918,6.389999866485596,6100,0.0,0.0
2022-06-06 00:00:00-04:00,6.329999923706055,6.380000114440918,6.239999771118164,6.380000114440918,13300,0.0,0.0
2022-06-07 00:00:00-04:00,6.400000095367432,6.489999771118164,6.199999809265137,6.429999828338623,16200,0.0,0.0
2022-06-08 00:00:00-04:00,6.480000019073486,6.489999771118164,6.269999980926514,6.389999866485596,8900,0.0,0.0
2022-06-09 00:00:00-04:00,6.429999828338623,6.489999771118164,6.199999809265137,6.239999771118164,9500,0.0,0.0
2022-06-10 00:00:00-04:00,6.230000019073486,6.329999923706055,6.099999904632568,6.21999979019165,13400,0.0,0.0
2022-06-13 00:00:00-04:00,6.119999885559082,6.190000057220459,6.070000171661377,6.099999904632568,6200,0.0,0.0
2022-06-14 00:00:00-04:00,6.119999885559082,6.25,6.110000133514404,6.119999885559082,6100,0.0,0.0
2022-06-15 00:00:00-04:00,6.119999885559082,6.389999866485596,6.079999923706055,6.119999885559082,3600,0.0,0.0
2022-06-16 00:00:00-04:00,6.150000095367432,6.309999942779541,6.070000171661377,6.170000076293945,3400,0.0,0.0
2022-06-17 00:00:00-04:00,6.239999771118164,6.239999771118164,5.920000076293945,6.119999885559082,39900,0.0,0.0
2022-06-21 00:00:00-04:00,6.110000133514404,6.289999961853027,6.099999904632568,6.139999866485596,8200,0.0,0.0
2022-06-22 00:00:00-04:00,6.03000020980835,6.230000019073486,6.03000020980835,6.170000076293945,1900,0.0,0.0
2022-06-23 00:00:00-04:00,6.239999771118164,6.239999771118164,6.159999847412109,6.159999847412109,4900,0.0,0.0
2022-06-24 00:00:00-04:00,6.230000019073486,6.230000019073486,6.079999923706055,6.179999828338623,5200,0.0,0.0
2022-06-27 00:00:00-04:00,6.159999847412109,6.239999771118164,6.150000095367432,6.239999771118164,5000,0.0,0.0
2022-06-28 00:00:00-04:00,6.239999771118164,6.28000020980835,6.170000076293945,6.21999979019165,8500,0.0,0.0
2022-06-29 00:00:00-04:00,6.159999847412109,6.260000228881836,6.130000114440918,6.130000114440918,1500,0.0,0.0
2022-06-30 00:00:00-04:00,6.25,6.28000020980835,6.130000114440918,6.269999980926514,2100,0.0,0.0
2022-07-01 00:00:00-04:00,6.269999980926514,6.28000020980835,6.130000114440918,6.170000076293945,4100,0.0,0.0
2022-07-05 00:00:00-04:00,6.210000038146973,6.210000038146973,6.130000114440918,6.150000095367432,2400,0.0,0.0
2022-07-06 00:00:00-04:00,6.21999979019165,6.21999979019165,6.070000171661377,6.139999866485596,2500,0.0,0.0
2022-07-07 00:00:00-04:00,6.090000152587891,6.210000038146973,6.070000171661377,6.170000076293945,3900,0.0,0.0
2022-07-08 00:00:00-04:00,6.199999809265137,6.199999809265137,6.099999904632568,6.190000057220459,3800,0.0,0.0
2022-07-11 00:00:00-04:00,6.199999809265137,6.199999809265137,6.110000133514404,6.170000076293945,6200,0.0,0.0
2022-07-12 00:00:00-04:00,6.179999828338623,6.190000057220459,6.099999904632568,6.170000076293945,3100,0.0,0.0
2022-07-13 00:00:00-04:00,6.190000057220459,6.190000057220459,6.0,6.059999942779541,2200,0.0,0.0
2022-07-14 00:00:00-04:00,6.0,6.139999866485596,6.0,6.119999885559082,3200,0.0,0.0
2022-07-15 00:00:00-04:00,6.110000133514404,6.170000076293945,6.0,6.039999961853027,3500,0.0,0.0
2022-07-18 00:00:00-04:00,6.159999847412109,6.199999809265137,6.150000095367432,6.150000095367432,6500,0.0,0.0
2022-07-19 00:00:00-04:00,6.110000133514404,6.199999809265137,6.110000133514404,6.179999828338623,1700,0.0,0.0
2022-07-20 00:00:00-04:00,6.150000095367432,6.28000020980835,6.150000095367432,6.199999809265137,5500,0.0,0.0
2022-07-21 00:00:00-04:00,6.110000133514404,6.46999979019165,6.110000133514404,6.260000228881836,4300,0.0,0.0
2022-07-22 00:00:00-04:00,6.190000057220459,6.400000095367432,6.190000057220459,6.239999771118164,2300,0.0,0.0
2022-07-25 00:00:00-04:00,6.300000190734863,6.320000171661377,6.239999771118164,6.28000020980835,2000,0.0,0.0
2022-07-26 00:00:00-04:00,6.260000228881836,6.400000095367432,6.260000228881836,6.349999904632568,3500,0.0,0.0
2022-07-27 00:00:00-04:00,6.389999866485596,6.440000057220459,6.300000190734863,6.429999828338623,2000,0.0,0.0
2022-07-28 00:00:00-04:00,6.429999828338623,6.429999828338623,6.309999942779541,6.369999885559082,1300,0.0,0.0
2022-07-29 00:00:00-04:00,6.380000114440918,6.380000114440918,6.300000190734863,6.349999904632568,2000,0.0,0.0
2022-08-01 00:00:00-04:00,6.199999809265137,6.400000095367432,6.199999809265137,6.389999866485596,4500,0.0,0.0
2022-08-02 00:00:00-04:00,6.260000228881836,6.429999828338623,6.260000228881836,6.340000152587891,2500,0.0,0.0
2022-08-03 00:00:00-04:00,6.400000095367432,6.429999828338623,6.199999809265137,6.409999847412109,11800,0.0,0.0
2022-08-04 00:00:00-04:00,6.309999942779541,6.389999866485596,6.090000152587891,6.170000076293945,11300,0.0,0.0
2022-08-05 00:00:00-04:00,6.190000057220459,6.28000020980835,6.159999847412109,6.230000019073486,9600,0.0,0.0
2022-08-08 00:00:00-04:00,6.320000171661377,6.400000095367432,6.199999809265137,6.199999809265137,2400,0.0,0.0
2022-08-09 00:00:00-04:00,6.300000190734863,6.320000171661377,6.199999809265137,6.25,9100,0.0,0.0
2022-08-10 00:00:00-04:00,6.28000020980835,6.5,6.28000020980835,6.5,7400,0.0,0.0
2022-08-11 00:00:00-04:00,6.260000228881836,6.440000057220459,6.260000228881836,6.440000057220459,1300,0.0,0.0
2022-08-12 00:00:00-04:00,6.400000095367432,6.489999771118164,6.300000190734863,6.449999809265137,3700,0.0,0.0
2022-08-15 00:00:00-04:00,6.369999885559082,6.389999866485596,6.289999961853027,6.309999942779541,9400,0.0,0.0
2022-08-16 00:00:00-04:00,6.400000095367432,6.599999904632568,6.360000133514404,6.510000228881836,14200,0.0,0.0
2022-08-17 00:00:00-04:00,6.5,6.599999904632568,6.360000133514404,6.5,8000,0.0,0.0
2022-08-18 00:00:00-04:00,6.559999942779541,6.639999866485596,6.440000057220459,6.630000114440918,3300,0.0,0.0
2022-08-19 00:00:00-04:00,6.53000020980835,6.610000133514404,6.449999809265137,6.489999771118164,2100,0.0,0.0
2022-08-22 00:00:00-04:00,6.690000057220459,6.690000057220459,6.550000190734863,6.659999847412109,3000,0.0,0.0
2022-08-23 00:00:00-04:00,6.619999885559082,6.650000095367432,6.460000038146973,6.5,4400,0.0,0.0
2022-08-24 00:00:00-04:00,6.53000020980835,6.550000190734863,6.460000038146973,6.550000190734863,5600,0.0,0.0
2022-08-25 00:00:00-04:00,6.610000133514404,6.610000133514404,6.480000019073486,6.599999904632568,6900,0.0,0.0
2022-08-26 00:00:00-04:00,6.610000133514404,6.610000133514404,6.489999771118164,6.610000133514404,3100,0.0,0.0
2022-08-29 00:00:00-04:00,6.590000152587891,6.610000133514404,6.440000057220459,6.440000057220459,1700,0.0,0.0
2022-08-30 00:00:00-04:00,6.449999809265137,6.510000228881836,6.429999828338623,6.489999771118164,8000,0.0,0.0
2022-08-31 00:00:00-04:00,6.550000190734863,6.610000133514404,6.460000038146973,6.460000038146973,800,0.0,0.0
2022-09-01 00:00:00-04:00,6.510000228881836,6.510000228881836,6.429999828338623,6.46999979019165,2600,0.0,0.0
2022-09-02 00:00:00-04:00,6.480000019073486,6.480000019073486,6.360000133514404,6.389999866485596,4300,0.0,0.0
2022-09-06 00:00:00-04:00,6.360000133514404,6.440000057220459,6.349999904632568,6.420000076293945,3900,0.0,0.0
2022-09-07 00:00:00-04:00,6.590000152587891,6.630000114440918,6.380000114440918,6.380000114440918,5000,0.0,0.0
2022-09-08 00:00:00-04:00,6.409999847412109,6.570000171661377,6.360000133514404,6.429999828338623,2500,0.0,0.0
2022-09-09 00:00:00-04:00,6.489999771118164,6.519999980926514,6.409999847412109,6.46999979019165,4500,0.0,0.0
2022-09-12 00:00:00-04:00,6.420000076293945,6.570000171661377,6.360000133514404,6.400000095367432,10900,0.0,0.0
2022-09-13 00:00:00-04:00,6.320000171661377,6.489999771118164,6.300000190734863,6.309999942779541,2900,0.0,0.0
2022-09-14 00:00:00-04:00,6.300000190734863,6.320000171661377,6.28000020980835,6.309999942779541,5000,0.0,0.0
2022-09-15 00:00:00-04:00,6.28000020980835,6.360000133514404,6.159999847412109,6.329999923706055,5000,0.0,0.0
2022-09-16 00:00:00-04:00,6.150000095367432,6.21999979019165,6.150000095367432,6.159999847412109,6700,0.0,0.0
2022-09-19 00:00:00-04:00,6.150000095367432,6.360000133514404,6.150000095367432,6.21999979019165,2600,0.0,0.0
2022-09-20 00:00:00-04:00,6.150000095367432,6.460000038146973,6.150000095367432,6.199999809265137,4200,0.0,0.0
2022-09-21 00:00:00-04:00,6.159999847412109,6.190000057220459,6.159999847412109,6.159999847412109,2400,0.0,0.0
2022-09-22 00:00:00-04:00,6.150000095367432,6.190000057220459,6.150000095367432,6.179999828338623,4500,0.0,0.0
2022-09-23 00:00:00-04:00,6.239999771118164,6.239999771118164,6.130000114440918,6.159999847412109,7900,0.0,0.0
2022-09-26 00:00:00-04:00,6.139999866485596,6.179999828338623,6.130000114440918,6.130000114440918,3500,0.0,0.0
2022-09-27 00:00:00-04:00,6.210000038146973,6.210000038146973,6.059999942779541,6.090000152587891,4000,0.0,0.0
2022-09-28 00:00:00-04:00,6.070000171661377,6.179999828338623,6.070000171661377,6.099999904632568,2700,0.0,0.0
2022-09-29 00:00:00-04:00,6.230000019073486,6.289999961853027,6.050000190734863,6.050000190734863,6200,0.0,0.0
2022-09-30 00:00:00-04:00,6.150000095367432,6.320000171661377,6.110000133514404,6.170000076293945,3500,0.0,0.0
2022-10-03 00:00:00-04:00,6.159999847412109,6.349999904632568,6.130000114440918,6.130000114440918,3600,0.0,0.0
2022-10-04 00:00:00-04:00,6.179999828338623,6.179999828338623,6.099999904632568,6.099999904632568,6200,0.0,0.0
2022-10-05 00:00:00-04:00,6.179999828338623,6.179999828338623,6.099999904632568,6.099999904632568,1700,0.0,0.0
2022-10-06 00:00:00-04:00,6.110000133514404,6.110000133514404,6.059999942779541,6.059999942779541,7300,0.0,0.0
2022-10-07 00:00:00-04:00,6.179999828338623,6.179999828338623,6.059999942779541,6.079999923706055,2900,0.0,0.0
2022-10-10 00:00:00-04:00,6.050000190734863,6.099999904632568,6.050000190734863,6.059999942779541,4200,0.0,0.0
2022-10-11 00:00:00-04:00,6.159999847412109,6.170000076293945,6.050000190734863,6.050000190734863,6600,0.0,0.0
2022-10-12 00:00:00-04:00,6.139999866485596,6.139999866485596,6.050000190734863,6.050000190734863,1300,0.0,0.0
2022-10-13 00:00:00-04:00,6.050000190734863,6.090000152587891,6.050000190734863,6.050000190734863,3400,0.0,0.0
2022-10-14 00:00:00-04:00,6.050000190734863,6.119999885559082,6.050000190734863,6.119999885559082,1400,0.0,0.0
2022-10-17 00:00:00-04:00,6.179999828338623,6.179999828338623,6.050000190734863,6.150000095367432,6700,0.0,0.0
2022-10-18 00:00:00-04:00,6.130000114440918,6.199999809265137,6.130000114440918,6.159999847412109,1100,0.0,0.0
2022-10-19 00:00:00-04:00,6.199999809265137,6.199999809265137,6.139999866485596,6.179999828338623,2200,0.0,0.0
2022-10-20 00:00:00-04:00,6.190000057220459,6.190000057220459,6.130000114440918,6.150000095367432,2700,0.0,0.0
2022-10-21 00:00:00-04:00,6.130000114440918,6.139999866485596,6.130000114440918,6.130000114440918,1700,0.0,0.0
2022-10-24 00:00:00-04:00,6.179999828338623,6.190000057220459,6.090000152587891,6.099999904632568,2700,0.0,0.0
2022-10-25 00:00:00-04:00,6.070000171661377,6.130000114440918,6.059999942779541,6.070000171661377,4100,0.0,0.0
2022-10-26 00:00:00-04:00,6.059999942779541,6.179999828338623,6.059999942779541,6.059999942779541,5100,0.0,0.0
2022-10-27 00:00:00-04:00,6.119999885559082,6.130000114440918,6.059999942779541,6.099999904632568,6300,0.0,0.0
2022-10-28 00:00:00-04:00,6.099999904632568,6.139999866485596,6.070000171661377,6.070000171661377,4600,0.0,0.0
2022-10-31 00:00:00-04:00,6.099999904632568,6.190000057220459,6.090000152587891,6.119999885559082,2800,0.0,0.0
2022-11-01 00:00:00-04:00,6.079999923706055,6.179999828338623,6.079999923706055,6.159999847412109,2700,0.0,0.0
2022-11-02 00:00:00-04:00,6.159999847412109,6.159999847412109,6.079999923706055,6.079999923706055,800,0.0,0.0
2022-11-03 00:00:00-04:00,6.139999866485596,6.139999866485596,6.059999942779541,6.119999885559082,1400,0.0,0.0
2022-11-04 00:00:00-04:00,6.159999847412109,6.170000076293945,6.070000171661377,6.070000171661377,2500,0.0,0.0
2022-11-07 00:00:00-05:00,6.119999885559082,6.119999885559082,6.099999904632568,6.099999904632568,700,0.0,0.0
2022-11-08 00:00:00-05:00,6.099999904632568,6.139999866485596,6.099999904632568,6.139999866485596,1200,0.0,0.0
2022-11-09 00:00:00-05:00,6.119999885559082,6.199999809265137,6.110000133514404,6.199999809265137,3700,0.0,0.0
2022-11-10 00:00:00-05:00,6.239999771118164,6.239999771118164,6.119999885559082,6.179999828338623,15600,0.0,0.0
2022-11-11 00:00:00-05:00,6.150000095367432,6.25,6.150000095367432,6.150000095367432,2900,0.0,0.0
2022-11-14 00:00:00-05:00,6.159999847412109,6.159999847412109,6.070000171661377,6.110000133514404,8200,0.0,0.0
2022-11-15 00:00:00-05:00,6.059999942779541,6.119999885559082,6.050000190734863,6.119999885559082,3600,0.0,0.0
2022-11-16 00:00:00-05:00,6.070000171661377,6.139999866485596,6.070000171661377,6.139999866485596,3000,0.0,0.0
2022-11-17 00:00:00-05:00,6.059999942779541,6.230000019073486,6.059999942779541,6.130000114440918,2600,0.0,0.0
2022-11-18 00:00:00-05:00,6.090000152587891,6.090000152587891,6.050000190734863,6.070000171661377,2300,0.0,0.0
2022-11-21 00:00:00-05:00,6.059999942779541,6.090000152587891,6.059999942779541,6.079999923706055,2500,0.0,0.0
2022-11-22 00:00:00-05:00,6.050000190734863,6.079999923706055,6.050000190734863,6.059999942779541,3300,0.0,0.0
2022-11-23 00:00:00-05:00,6.079999923706055,6.090000152587891,6.070000171661377,6.079999923706055,1700,0.0,0.0
2022-11-25 00:00:00-05:00,6.099999904632568,6.099999904632568,6.079999923706055,6.079999923706055,800,0.0,0.0
2022-11-28 00:00:00-05:00,6.050000190734863,6.070000171661377,6.050000190734863,6.070000171661377,1900,0.0,0.0
2022-11-29 00:00:00-05:00,6.099999904632568,6.099999904632568,6.059999942779541,6.059999942779541,900,0.0,0.0
2022-11-30 00:00:00-05:00,6.050000190734863,6.099999904632568,6.050000190734863,6.099999904632568,10500,0.0,0.0
2022-12-01 00:00:00-05:00,6.099999904632568,6.110000133514404,6.099999904632568,6.110000133514404,2800,0.0,0.0
2022-12-02 00:00:00-05:00,6.090000152587891,6.090000152587891,6.079999923706055,6.079999923706055,1400,0.0,0.0
2022-12-05 00:00:00-05:00,6.090000152587891,6.090000152587891,6.079999923706055,6.079999923706055,1400,0.0,0.0
2022-12-06 00:00:00-05:00,6.099999904632568,6.099999904632568,6.079999923706055,6.079999923706055,700,0.0,0.0
2022-12-07 00:00:00-05:00,6.070000171661377,6.090000152587891,6.03000020980835,6.03000020980835,1500,0.0,0.0
2022-12-08 00:00:00-05:00,6.019999980926514,6.070000171661377,6.019999980926514,6.050000190734863,2600,0.0,0.0
2022-12-09 00:00:00-05:00,6.039999961853027,6.070000171661377,6.039999961853027,6.070000171661377,3000,0.0,0.0
2022-12-12 00:00:00-05:00,6.03000020980835,6.099999904632568,6.019999980926514,6.059999942779541,2600,0.0,0.0
2022-12-13 00:00:00-05:00,6.050000190734863,6.079999923706055,6.03000020980835,6.070000171661377,3100,0.0,0.0
2022-12-14 00:00:00-05:00,6.039999961853027,6.099999904632568,6.039999961853027,6.059999942779541,1100,0.0,0.0
2022-12-15 00:00:00-05:00,6.019999980926514,6.059999942779541,6.019999980926514,6.050000190734863,800,0.0,0.0
2022-12-16 00:00:00-05:00,6.03000020980835,6.099999904632568,6.0,6.099999904632568,3900,0.0,0.0
2022-12-19 00:00:00-05:00,6.019999980926514,6.079999923706055,6.019999980926514,6.039999961853027,1000,0.0,0.0
2022-12-20 00:00:00-05:00,6.090000152587891,6.099999904632568,6.019999980926514,6.03000020980835,3100,0.0,0.0
2022-12-21 00:00:00-05:00,6.070000171661377,6.099999904632568,6.039999961853027,6.039999961853027,2200,0.0,0.0
2022-12-22 00:00:00-05:00,6.039999961853027,6.119999885559082,6.039999961853027,6.110000133514404,1500,0.0,0.0
2022-12-23 00:00:00-05:00,6.010000228881836,6.070000171661377,6.010000228881836,6.050000190734863,2200,0.0,0.0
2022-12-27 00:00:00-05:00,6.010000228881836,6.050000190734863,6.010000228881836,6.010000228881836,2400,0.0,0.0
2022-12-28 00:00:00-05:00,6.059999942779541,6.059999942779541,6.010000228881836,6.039999961853027,1600,0.0,0.0
2022-12-29 00:00:00-05:00,6.090000152587891,6.099999904632568,6.03000020980835,6.079999923706055,2600,0.0,0.0
2022-12-30 00:00:00-05:00,6.050000190734863,6.070000171661377,5.96999979019165,5.96999979019165,8800,0.0,0.0
2023-01-03 00:00:00-05:00,6.079999923706055,6.079999923706055,5.96999979019165,5.96999979019165,1100,0.0,0.0
2023-01-04 00:00:00-05:00,5.989999771118164,6.079999923706055,5.980000019073486,6.079999923706055,2600,0.0,0.0
2023-01-05 00:00:00-05:00,6.0,6.039999961853027,5.949999809265137,6.010000228881836,6300,0.0,0.0
2023-01-06 00:00:00-05:00,5.909999847412109,6.010000228881836,5.909999847412109,5.920000076293945,2400,0.0,0.0
2023-01-09 00:00:00-05:00,5.980000019073486,5.989999771118164,5.96999979019165,5.989999771118164,1100,0.0,0.0
2023-01-10 00:00:00-05:00,5.900000095367432,6.070000171661377,5.900000095367432,6.070000171661377,2000,0.0,0.0
2023-01-11 00:00:00-05:00,5.980000019073486,6.050000190734863,5.980000019073486,6.019999980926514,1300,0.0,0.0
2023-01-12 00:00:00-05:00,6.079999923706055,6.079999923706055,6.010000228881836,6.059999942779541,700,0.0,0.0
2023-01-13 00:00:00-05:00,6.079999923706055,6.079999923706055,6.019999980926514,6.019999980926514,1300,0.0,0.0
2023-01-17 00:00:00-05:00,6.099999904632568,6.099999904632568,6.010000228881836,6.079999923706055,2900,0.0,0.0
2023-01-18 00:00:00-05:00,6.079999923706055,6.099999904632568,5.949999809265137,6.019999980926514,9400,0.0,0.0
2023-01-19 00:00:00-05:00,6.0,6.0,5.940000057220459,5.940000057220459,8700,0.0,0.0
2023-01-20 00:00:00-05:00,5.96999979019165,6.0,5.929999828338623,5.989999771118164,6700,0.0,0.0
2023-01-23 00:00:00-05:00,6.010000228881836,6.25,6.010000228881836,6.230000019073486,12900,0.0,0.0
2023-01-24 00:00:00-05:00,6.210000038146973,6.389999866485596,6.210000038146973,6.260000228881836,7200,0.0,0.0
2023-01-25 00:00:00-05:00,6.25,6.269999980926514,6.170000076293945,6.269999980926514,1000,0.0,0.0
2023-01-26 00:00:00-05:00,6.199999809265137,6.260000228881836,6.179999828338623,6.199999809265137,2600,0.0,0.0
2023-01-27 00:00:00-05:00,6.230000019073486,6.230000019073486,6.230000019073486,6.230000019073486,600,0.0,0.0
2023-01-30 00:00:00-05:00,6.260000228881836,6.260000228881836,6.119999885559082,6.230000019073486,900,0.0,0.0
2023-01-31 00:00:00-05:00,6.25,6.309999942779541,6.119999885559082,6.309999942779541,3000,0.0,0.0
2023-02-01 00:00:00-05:00,6.25,6.25,6.150000095367432,6.150000095367432,1100,0.0,0.0
2023-02-02 00:00:00-05:00,6.150000095367432,6.150000095367432,6.119999885559082,6.150000095367432,5500,0.0,0.0
2023-02-03 00:00:00-05:00,6.150000095367432,6.170000076293945,6.119999885559082,6.159999847412109,3500,0.0,0.0
2023-02-06 00:00:00-05:00,6.110000133514404,6.199999809265137,6.110000133514404,6.199999809265137,1600,0.0,0.0
2023-02-07 00:00:00-05:00,6.199999809265137,6.210000038146973,6.139999866485596,6.210000038146973,1200,0.0,0.0
2023-02-08 00:00:00-05:00,6.230000019073486,6.230000019073486,6.130000114440918,6.210000038146973,4700,0.0,0.0
2023-02-09 00:00:00-05:00,6.150000095367432,6.170000076293945,6.130000114440918,6.130000114440918,1200,0.0,0.0
2023-02-10 00:00:00-05:00,6.239999771118164,6.239999771118164,6.150000095367432,6.179999828338623,1600,0.0,0.0
2023-02-13 00:00:00-05:00,6.239999771118164,6.269999980926514,6.239999771118164,6.269999980926514,600,0.0,0.0
2023-02-14 00:00:00-05:00,6.199999809265137,6.199999809265137,6.199999809265137,6.199999809265137,300,0.0,0.0
2023-02-15 00:00:00-05:00,6.199999809265137,6.199999809265137,6.199999809265137,6.199999809265137,0,0.0,0.0
2023-02-16 00:00:00-05:00,6.269999980926514,6.309999942779541,6.210000038146973,6.300000190734863,5200,0.0,0.0
2023-02-17 00:00:00-05:00,6.21999979019165,6.21999979019165,6.159999847412109,6.210000038146973,6200,0.0,0.0
2023-02-21 00:00:00-05:00,6.260000228881836,6.340000152587891,6.239999771118164,6.239999771118164,3100,0.0,0.0
2023-02-22 00:00:00-05:00,6.239999771118164,6.360000133514404,6.230000019073486,6.260000228881836,3400,0.0,0.0
2023-02-23 00:00:00-05:00,6.230000019073486,6.360000133514404,6.230000019073486,6.269999980926514,2300,0.0,0.0
2023-02-24 00:00:00-05:00,6.28000020980835,6.449999809265137,6.179999828338623,6.300000190734863,6900,0.0,0.0
2023-02-27 00:00:00-05:00,6.449999809265137,6.449999809265137,6.28000020980835,6.329999923706055,2700,0.0,0.0
2023-02-28 00:00:00-05:00,6.380000114440918,6.489999771118164,6.360000133514404,6.429999828338623,5300,0.0,0.0
2023-03-01 00:00:00-05:00,6.460000038146973,6.579999923706055,6.460000038146973,6.46999979019165,6600,0.0,0.0
2023-03-02 00:00:00-05:00,6.409999847412109,6.489999771118164,6.320000171661377,6.400000095367432,1700,0.0,0.0
2023-03-03 00:00:00-05:00,6.360000133514404,6.53000020980835,6.360000133514404,6.460000038146973,1400,0.0,0.0
2023-03-06 00:00:00-05:00,6.460000038146973,6.579999923706055,6.460000038146973,6.460000038146973,1900,0.0,0.0
2023-03-07 00:00:00-05:00,6.46999979019165,6.539999961853027,6.46999979019165,6.5,1200,0.0,0.0
2023-03-08 00:00:00-05:00,6.539999961853027,6.539999961853027,6.460000038146973,6.519999980926514,1100,0.0,0.0
2023-03-09 00:00:00-05:00,6.409999847412109,6.409999847412109,6.349999904632568,6.349999904632568,2400,0.0,0.0
2023-03-10 00:00:00-05:00,6.429999828338623,6.429999828338623,6.429999828338623,6.429999828338623,500,0.0,0.0
2023-03-13 00:00:00-04:00,6.429999828338623,6.429999828338623,6.199999809265137,6.199999809265137,13900,0.0,0.0
2023-03-14 00:00:00-04:00,6.289999961853027,6.409999847412109,6.25,6.25,3200,0.0,0.0
2023-03-15 00:00:00-04:00,6.239999771118164,6.239999771118164,6.170000076293945,6.199999809265137,1200,0.0,0.0
2023-03-16 00:00:00-04:00,6.170000076293945,6.320000171661377,6.150000095367432,6.25,2700,0.0,0.0
2023-03-17 00:00:00-04:00,6.28000020980835,6.300000190734863,6.170000076293945,6.28000020980835,1200,0.0,0.0
2023-03-20 00:00:00-04:00,6.289999961853027,6.289999961853027,6.150000095367432,6.150000095367432,1800,0.0,0.0
2023-03-21 00:00:00-04:00,6.150000095367432,6.170000076293945,6.150000095367432,6.159999847412109,600,0.0,0.0
2023-03-22 00:00:00-04:00,6.150000095367432,6.380000114440918,6.139999866485596,6.199999809265137,21500,0.0,0.0
2023-03-23 00:00:00-04:00,6.309999942779541,6.320000171661377,6.269999980926514,6.309999942779541,700,0.0,0.0
2023-03-24 00:00:00-04:00,6.21999979019165,6.260000228881836,6.119999885559082,6.170000076293945,2900,0.0,0.0
2023-03-27 00:00:00-04:00,6.099999904632568,6.190000057220459,6.099999904632568,6.190000057220459,1100,0.0,0.0
2023-03-28 00:00:00-04:00,6.099999904632568,6.099999904632568,6.079999923706055,6.079999923706055,2600,0.0,0.0
2023-03-29 00:00:00-04:00,6.170000076293945,6.170000076293945,6.119999885559082,6.170000076293945,1700,0.0,0.0
2023-03-30 00:00:00-04:00,6.130000114440918,6.130000114440918,6.010000228881836,6.019999980926514,8700,0.0,0.0
2023-03-31 00:00:00-04:00,6.03000020980835,6.170000076293945,6.03000020980835,6.050000190734863,8900,0.0,0.0
2023-04-03 00:00:00-04:00,6.0,6.159999847412109,6.0,6.130000114440918,1500,0.0,0.0
2023-04-04 00:00:00-04:00,6.079999923706055,6.139999866485596,6.050000190734863,6.130000114440918,1000,0.0,0.0
2023-04-05 00:00:00-04:00,6.010000228881836,6.059999942779541,5.980000019073486,6.039999961853027,9600,0.0,0.0
2023-04-06 00:00:00-04:00,6.039999961853027,6.039999961853027,6.039999961853027,6.039999961853027,600,0.0,0.0
2023-04-10 00:00:00-04:00,6.019999980926514,6.070000171661377,6.019999980926514,6.070000171661377,1100,0.0,0.0
2023-04-11 00:00:00-04:00,6.010000228881836,6.139999866485596,6.010000228881836,6.050000190734863,12700,0.0,0.0
2023-04-12 00:00:00-04:00,6.03000020980835,6.139999866485596,6.0,6.039999961853027,13700,0.0,0.0
2023-04-13 00:00:00-04:00,6.010000228881836,6.010000228881836,6.010000228881836,6.010000228881836,800,0.0,0.0
2023-04-14 00:00:00-04:00,6.050000190734863,6.070000171661377,6.039999961853027,6.039999961853027,6600,0.0,0.0
2023-04-17 00:00:00-04:00,6.039999961853027,6.099999904632568,6.039999961853027,6.050000190734863,3800,0.0,0.0
2023-04-18 00:00:00-04:00,6.039999961853027,6.090000152587891,6.039999961853027,6.090000152587891,900,0.0,0.0
2023-04-19 00:00:00-04:00,6.090000152587891,6.099999904632568,6.070000171661377,6.099999904632568,900,0.0,0.0
2023-04-20 00:00:00-04:00,6.079999923706055,6.099999904632568,6.070000171661377,6.070000171661377,1100,0.0,0.0
2023-04-21 00:00:00-04:00,6.099999904632568,6.099999904632568,6.070000171661377,6.099999904632568,1000,0.0,0.0
2023-04-24 00:00:00-04:00,6.139999866485596,6.139999866485596,6.050000190734863,6.070000171661377,4200,0.0,0.0
2023-04-25 00:00:00-04:00,6.059999942779541,6.079999923706055,6.050000190734863,6.079999923706055,800,0.0,0.0
2023-04-26 00:00:00-04:00,6.079999923706055,6.090000152587891,6.070000171661377,6.090000152587891,600,0.0,0.0
2023-04-27 00:00:00-04:00,6.099999904632568,6.110000133514404,6.079999923706055,6.110000133514404,600,0.0,0.0
2023-04-28 00:00:00-04:00,6.099999904632568,6.099999904632568,6.099999904632568,6.099999904632568,500,0.0,0.0
2023-05-01 00:00:00-04:00,6.119999885559082,6.119999885559082,6.050000190734863,6.050000190734863,900,0.0,0.0
2023-05-02 00:00:00-04:00,6.039999961853027,6.079999923706055,6.039999961853027,6.039999961853027,1100,0.0,0.0
2023-05-03 00:00:00-04:00,6.090000152587891,6.090000152587891,6.0,6.0,12100,0.0,0.0
2023-05-04 00:00:00-04:00,6.010000228881836,6.010000228881836,5.900000095367432,6.0,5800,0.0,0.0
2023-05-05 00:00:00-04:00,6.059999942779541,6.059999942779541,5.960000038146973,6.010000228881836,4000,0.0,0.0
2023-05-08 00:00:00-04:00,6.039999961853027,6.039999961853027,5.909999847412109,5.909999847412109,9800,0.0,0.0
2023-05-09 00:00:00-04:00,6.039999961853027,6.039999961853027,5.980000019073486,6.03000020980835,700,0.0,0.0
2023-05-10 00:00:00-04:00,5.840000152587891,5.929999828338623,5.809999942779541,5.849999904632568,12900,0.0,0.0
2023-05-11 00:00:00-04:00,5.860000133514404,5.96999979019165,5.809999942779541,5.840000152587891,7700,0.0,0.0
2023-05-12 00:00:00-04:00,5.829999923706055,5.940000057220459,5.829999923706055,5.940000057220459,1000,0.0,0.0
2023-05-15 00:00:00-04:00,5.989999771118164,6.139999866485596,5.909999847412109,5.949999809265137,2200,0.0,0.0
2023-05-16 00:00:00-04:00,5.960000038146973,5.989999771118164,5.909999847412109,5.909999847412109,2800,0.0,0.0
2023-05-17 00:00:00-04:00,5.980000019073486,6.0,5.909999847412109,5.949999809265137,9000,0.0,0.0
2023-05-18 00:00:00-04:00,6.099999904632568,6.099999904632568,5.909999847412109,5.909999847412109,800,0.0,0.0
2023-05-19 00:00:00-04:00,5.900000095367432,5.989999771118164,5.809999942779541,5.869999885559082,2900,0.0,0.0
2023-05-22 00:00:00-04:00,5.940000057220459,6.079999923706055,5.869999885559082,5.909999847412109,3000,0.0,0.0
2023-05-23 00:00:00-04:00,6.010000228881836,6.010000228881836,5.920000076293945,5.989999771118164,900,0.0,0.0
2023-05-24 00:00:00-04:00,5.960000038146973,5.960000038146973,5.920000076293945,5.960000038146973,6300,0.0,0.0
2023-05-25 00:00:00-04:00,5.989999771118164,5.989999771118164,5.849999904632568,5.909999847412109,2600,0.0,0.0
2023-05-26 00:00:00-04:00,5.880000114440918,6.0,5.880000114440918,6.0,1400,0.0,0.0
2023-05-30 00:00:00-04:00,5.900000095367432,6.079999923706055,5.900000095367432,6.0,6800,0.0,0.0
2023-05-31 00:00:00-04:00,5.909999847412109,6.0,5.909999847412109,5.989999771118164,2400,0.0,0.0
2023-06-01 00:00:00-04:00,5.929999828338623,5.929999828338623,5.849999904632568,5.849999904632568,2200,0.0,0.0
2023-06-02 00:00:00-04:00,5.920000076293945,5.929999828338623,5.829999923706055,5.929999828338623,12900,0.0,0.0
2023-06-05 00:00:00-04:00,5.849999904632568,5.909999847412109,5.820000171661377,5.820000171661377,2800,0.0,0.0
2023-06-06 00:00:00-04:00,5.929999828338623,5.929999828338623,5.800000190734863,5.800000190734863,2200,0.0,0.0
2023-06-07 00:00:00-04:00,5.820000171661377,5.869999885559082,5.820000171661377,5.829999923706055,1300,0.0,0.0
2023-06-08 00:00:00-04:00,5.849999904632568,5.849999904632568,5.800000190734863,5.829999923706055,1400,0.0,0.0
2023-06-09 00:00:00-04:00,5.829999923706055,5.829999923706055,5.829999923706055,5.829999923706055,800,0.0,0.0
2023-06-12 00:00:00-04:00,5.860000133514404,5.889999866485596,5.860000133514404,5.869999885559082,1000,0.0,0.0
2023-06-13 00:00:00-04:00,5.829999923706055,5.889999866485596,5.829999923706055,5.829999923706055,700,0.0,0.0
2023-06-14 00:00:00-04:00,5.829999923706055,5.900000095367432,5.809999942779541,5.829999923706055,3700,0.0,0.0
2023-06-15 00:00:00-04:00,5.849999904632568,5.849999904632568,5.840000152587891,5.840000152587891,900,0.0,0.0
2023-06-16 00:00:00-04:00,5.900000095367432,5.900000095367432,5.840000152587891,5.889999866485596,6400,0.0,0.0
2023-06-20 00:00:00-04:00,5.869999885559082,5.869999885559082,5.800000190734863,5.800000190734863,13200,0.0,0.0
2023-06-21 00:00:00-04:00,5.829999923706055,5.849999904632568,5.800000190734863,5.800000190734863,1000,0.0,0.0
2023-06-22 00:00:00-04:00,5.760000228881836,5.769999980926514,5.760000228881836,5.769999980926514,1000,0.0,0.0
2023-06-23 00:00:00-04:00,5.789999961853027,5.800000190734863,5.730000019073486,5.75,26400,0.0,0.0
2023-06-26 00:00:00-04:00,5.739999771118164,5.75,5.590000152587891,5.730000019073486,2600,0.0,0.0
2023-06-27 00:00:00-04:00,5.659999847412109,5.71999979019165,5.650000095367432,5.71999979019165,1300,0.0,0.0
2023-06-28 00:00:00-04:00,5.650000095367432,5.760000228881836,5.650000095367432,5.699999809265137,1200,0.0,0.0
2023-06-29 00:00:00-04:00,5.679999828338623,5.75,5.679999828338623,5.75,700,0.0,0.0
2023-06-30 00:00:00-04:00,5.75,5.800000190734863,5.659999847412109,5.699999809265137,11600,0.0,0.0
2023-07-03 00:00:00-04:00,5.659999847412109,5.659999847412109,5.650000095367432,5.650000095367432,800,0.0,0.0
2023-07-05 00:00:00-04:00,5.71999979019165,5.769999980926514,5.659999847412109,5.739999771118164,1700,0.0,0.0
2023-07-06 00:00:00-04:00,5.739999771118164,5.739999771118164,5.699999809265137,5.699999809265137,2200,0.0,0.0
2023-07-07 00:00:00-04:00,5.699999809265137,5.739999771118164,5.650000095367432,5.650000095367432,1000,0.0,0.0
2023-07-10 00:00:00-04:00,5.760000228881836,5.760000228881836,5.690000057220459,5.690000057220459,2200,0.0,0.0
2023-07-11 00:00:00-04:00,5.730000019073486,5.730000019073486,5.659999847412109,5.690000057220459,4800,0.0,0.0
2023-07-12 00:00:00-04:00,5.679999828338623,5.730000019073486,5.679999828338623,5.730000019073486,800,0.0,0.0
2023-07-13 00:00:00-04:00,5.679999828338623,5.730000019073486,5.650000095367432,5.659999847412109,900,0.0,0.0
2023-07-14 00:00:00-04:00,5.699999809265137,5.739999771118164,5.679999828338623,5.679999828338623,2200,0.0,0.0
2023-07-17 00:00:00-04:00,5.769999980926514,5.769999980926514,5.699999809265137,5.699999809265137,2300,0.0,0.0
2023-07-18 00:00:00-04:00,5.769999980926514,5.789999961853027,5.71999979019165,5.789999961853027,1200,0.0,0.0
2023-07-19 00:00:00-04:00,5.699999809265137,5.800000190734863,5.699999809265137,5.800000190734863,700,0.0,0.0
2023-07-20 00:00:00-04:00,5.800000190734863,5.900000095367432,5.800000190734863,5.900000095367432,4100,0.0,0.0
2023-07-21 00:00:00-04:00,5.800000190734863,6.0,5.800000190734863,5.920000076293945,2600,0.0,0.0
2023-07-24 00:00:00-04:00,6.03000020980835,6.46999979019165,5.920000076293945,6.150000095367432,7100,0.0,0.0
2023-07-25 00:00:00-04:00,6.590000152587891,6.590000152587891,5.96999979019165,6.150000095367432,9500,0.0,0.0
2023-07-26 00:00:00-04:00,6.179999828338623,6.489999771118164,6.150000095367432,6.320000171661377,16100,0.0,0.0
2023-07-27 00:00:00-04:00,6.329999923706055,6.340000152587891,6.159999847412109,6.25,1400,0.0,0.0
2023-07-28 00:00:00-04:00,6.400000095367432,6.400000095367432,6.059999942779541,6.150000095367432,8200,0.0,0.0
2023-07-31 00:00:00-04:00,6.03000020980835,6.150000095367432,6.0,6.0,2300,0.0,0.0
2023-08-01 00:00:00-04:00,5.96999979019165,6.070000171661377,5.920000076293945,6.0,2900,0.0,0.0
2023-08-02 00:00:00-04:00,5.949999809265137,6.039999961853027,5.949999809265137,5.989999771118164,2300,0.0,0.0
2023-08-03 00:00:00-04:00,6.03000020980835,6.03000020980835,5.96999979019165,5.96999979019165,1600,0.0,0.0
2023-08-04 00:00:00-04:00,5.989999771118164,6.039999961853027,5.980000019073486,5.980000019073486,1300,0.0,0.0
2023-08-07 00:00:00-04:00,6.070000171661377,6.119999885559082,5.949999809265137,5.980000019073486,5000,0.0,0.0
2023-08-08 00:00:00-04:00,6.050000190734863,6.050000190734863,5.960000038146973,5.960000038146973,600,0.0,0.0
2023-08-09 00:00:00-04:00,6.070000171661377,6.070000171661377,5.980000019073486,5.989999771118164,4000,0.0,0.0
2023-08-10 00:00:00-04:00,5.929999828338623,5.960000038146973,5.860000133514404,5.880000114440918,3600,0.0,0.0
2023-08-11 00:00:00-04:00,5.96999979019165,6.070000171661377,5.96999979019165,6.070000171661377,1600,0.0,0.0
2023-08-14 00:00:00-04:00,5.880000114440918,6.050000190734863,5.880000114440918,6.010000228881836,600,0.0,0.0
2023-08-15 00:00:00-04:00,5.929999828338623,5.929999828338623,5.929999828338623,5.929999828338623,400,0.0,0.0
2023-08-16 00:00:00-04:00,6.0,6.0,5.829999923706055,5.860000133514404,6200,0.0,0.0
2023-08-17 00:00:00-04:00,5.909999847412109,5.96999979019165,5.840000152587891,5.900000095367432,5500,0.0,0.0
2023-08-18 00:00:00-04:00,6.019999980926514,6.019999980926514,6.019999980926514,6.019999980926514,1500,0.0,0.0
2023-08-21 00:00:00-04:00,5.989999771118164,6.0,5.960000038146973,5.960000038146973,700,0.0,0.0
2023-08-22 00:00:00-04:00,5.880000114440918,6.03000020980835,5.880000114440918,6.0,1600,0.0,0.0
2023-08-23 00:00:00-04:00,5.96999979019165,5.96999979019165,5.96999979019165,5.96999979019165,600,0.0,0.0
2023-08-24 00:00:00-04:00,5.909999847412109,5.980000019073486,5.909999847412109,5.980000019073486,700,0.0,0.0
2023-08-25 00:00:00-04:00,5.980000019073486,5.980000019073486,5.980000019073486,5.980000019073486,400,0.0,0.0
2023-08-28 00:00:00-04:00,5.920000076293945,5.989999771118164,5.920000076293945,5.989999771118164,400,0.0,0.0
2023-08-29 00:00:00-04:00,5.989999771118164,6.03000020980835,5.940000057220459,6.019999980926514,2900,0.0,0.0
2023-08-30 00:00:00-04:00,5.989999771118164,5.989999771118164,5.949999809265137,5.949999809265137,300,0.0,0.0
2023-08-31 00:00:00-04:00,5.900000095367432,5.960000038146973,5.889999866485596,5.960000038146973,1800,0.0,0.0
2023-09-01 00:00:00-04:00,5.980000019073486,5.980000019073486,5.949999809265137,5.949999809265137,700,0.0,0.0
2023-09-05 00:00:00-04:00,5.909999847412109,5.909999847412109,5.909999847412109,5.909999847412109,900,0.0,0.0
2023-09-06 00:00:00-04:00,5.889999866485596,5.900000095367432,5.889999866485596,5.900000095367432,1500,0.0,0.0
2023-09-07 00:00:00-04:00,5.929999828338623,5.940000057220459,5.929999828338623,5.940000057220459,1100,0.0,0.0
2023-09-08 00:00:00-04:00,5.880000114440918,5.920000076293945,5.869999885559082,5.920000076293945,5400,0.0,0.0
2023-09-11 00:00:00-04:00,5.800000190734863,5.900000095367432,5.800000190734863,5.900000095367432,2200,0.0,0.0
2023-09-12 00:00:00-04:00,5.800000190734863,5.869999885559082,5.800000190734863,5.809999942779541,1700,0.0,0.0
2023-09-13 00:00:00-04:00,5.809999942779541,5.869999885559082,5.809999942779541,5.849999904632568,900,0.0,0.0
2023-09-14 00:00:00-04:00,5.900000095367432,5.920000076293945,5.869999885559082,5.889999866485596,2300,0.0,0.0
2023-09-15 00:00:00-04:00,5.889999866485596,5.929999828338623,5.889999866485596,5.929999828338623,2600,0.0,0.0
2023-09-18 00:00:00-04:00,5.900000095367432,5.949999809265137,5.800000190734863,5.800000190734863,6300,0.0,0.0
2023-09-19 00:00:00-04:00,5.800000190734863,5.940000057220459,5.800000190734863,5.809999942779541,1200,0.0,0.0
2023-09-20 00:00:00-04:00,5.909999847412109,5.920000076293945,5.800000190734863,5.909999847412109,2400,0.0,0.0
2023-09-21 00:00:00-04:00,5.869999885559082,5.920000076293945,5.849999904632568,5.920000076293945,1300,0.0,0.0
2023-09-22 00:00:00-04:00,5.929999828338623,5.949999809265137,5.849999904632568,5.849999904632568,800,0.0,0.0
2023-09-25 00:00:00-04:00,5.929999828338623,5.929999828338623,5.800000190734863,5.800000190734863,2800,0.0,0.0
2023-09-26 00:00:00-04:00,5.860000133514404,5.909999847412109,5.789999961853027,5.789999961853027,4500,0.0,0.0
2023-09-27 00:00:00-04:00,5.789999961853027,5.900000095367432,5.630000114440918,5.71999979019165,21500,0.0,0.0
2023-09-28 00:00:00-04:00,5.75,5.78000020980835,5.690000057220459,5.690000057220459,2300,0.0,0.0
2023-09-29 00:00:00-04:00,5.699999809265137,5.840000152587891,5.699999809265137,5.840000152587891,2400,0.0,0.0
2023-10-02 00:00:00-04:00,5.800000190734863,5.880000114440918,5.760000228881836,5.809999942779541,3400,0.0,0.0
2023-10-03 00:00:00-04:00,5.699999809265137,5.800000190734863,5.699999809265137,5.730000019073486,2100,0.0,0.0
2023-10-04 00:00:00-04:00,5.650000095367432,5.860000133514404,5.650000095367432,5.789999961853027,1700,0.0,0.0
2023-10-05 00:00:00-04:00,5.699999809265137,5.78000020980835,5.599999904632568,5.599999904632568,2700,0.0,0.0
2023-10-06 00:00:00-04:00,5.650000095367432,5.699999809265137,5.650000095367432,5.650000095367432,1700,0.0,0.0
2023-10-09 00:00:00-04:00,5.590000152587891,5.619999885559082,5.590000152587891,5.619999885559082,1400,0.0,0.0
2023-10-10 00:00:00-04:00,5.610000133514404,5.610000133514404,5.590000152587891,5.610000133514404,1700,0.0,0.0
2023-10-11 00:00:00-04:00,5.579999923706055,5.619999885559082,5.550000190734863,5.550000190734863,2200,0.0,0.0
2023-10-12 00:00:00-04:00,5.599999904632568,5.599999904632568,5.599999904632568,5.599999904632568,1500,0.0,0.0
2023-10-13 00:00:00-04:00,5.639999866485596,5.639999866485596,5.550000190734863,5.550000190734863,3100,0.0,0.0
2023-10-16 00:00:00-04:00,5.5,5.650000095367432,5.400000095367432,5.429999828338623,9000,0.0,0.0
2023-10-17 00:00:00-04:00,5.599999904632568,5.639999866485596,5.369999885559082,5.369999885559082,4900,0.0,0.0
2023-10-18 00:00:00-04:00,5.420000076293945,5.489999771118164,5.349999904632568,5.429999828338623,1300,0.0,0.0
2023-10-19 00:00:00-04:00,5.460000038146973,5.460000038146973,5.389999866485596,5.389999866485596,1600,0.0,0.0
2023-10-20 00:00:00-04:00,5.53000020980835,5.53000020980835,5.369999885559082,5.5,2200,0.0,0.0
2023-10-23 00:00:00-04:00,5.0,5.409999847412109,5.0,5.409999847412109,6500,0.0,0.0
2023-10-24 00:00:00-04:00,5.28000020980835,5.380000114440918,5.260000228881836,5.320000171661377,10100,0.0,0.0
2023-10-25 00:00:00-04:00,5.28000020980835,5.300000190734863,5.150000095367432,5.150000095367432,1700,0.0,0.0
2023-10-26 00:00:00-04:00,5.130000114440918,5.21999979019165,5.130000114440918,5.21999979019165,14000,0.0,0.0
2023-10-27 00:00:00-04:00,5.25,5.25,5.21999979019165,5.239999771118164,1300,0.0,0.0
2023-10-30 00:00:00-04:00,5.269999980926514,5.369999885559082,5.269999980926514,5.369999885559082,2700,0.0,0.0
2023-10-31 00:00:00-04:00,5.210000038146973,5.369999885559082,5.210000038146973,5.300000190734863,2600,0.0,0.0
2023-11-01 00:00:00-04:00,5.349999904632568,5.880000114440918,5.349999904632568,5.510000228881836,3500,0.0,0.0
2023-11-02 00:00:00-04:00,5.590000152587891,5.590000152587891,5.590000152587891,5.590000152587891,600,0.0,0.0
2023-11-03 00:00:00-04:00,5.539999961853027,5.650000095367432,5.420000076293945,5.420000076293945,1000,0.0,0.0
2023-11-06 00:00:00-05:00,5.610000133514404,5.710000038146973,5.610000133514404,5.610000133514404,1000,0.0,0.0
2023-11-07 00:00:00-05:00,5.730000019073486,5.75,5.570000171661377,5.590000152587891,900,0.0,0.0
2023-11-08 00:00:00-05:00,5.550000190734863,5.550000190734863,5.519999980926514,5.550000190734863,1900,0.0,0.0
2023-11-09 00:00:00-05:00,5.639999866485596,5.639999866485596,5.619999885559082,5.619999885559082,1700,0.0,0.0
2023-11-10 00:00:00-05:00,5.400000095367432,5.400000095367432,5.400000095367432,5.400000095367432,1600,0.0,0.0
2023-11-13 00:00:00-05:00,5.25,5.369999885559082,5.25,5.309999942779541,3300,0.0,0.0
2023-11-14 00:00:00-05:00,5.25,5.340000152587891,5.170000076293945,5.170000076293945,3700,0.0,0.0
2023-11-15 00:00:00-05:00,5.300000190734863,5.75,5.25,5.289999961853027,8900,0.0,0.0
2023-11-16 00:00:00-05:00,5.28000020980835,5.519999980926514,5.260000228881836,5.360000133514404,8200,0.0,0.0
2023-11-17 00:00:00-05:00,5.28000020980835,5.5,5.25,5.360000133514404,2100,0.0,0.0
2023-11-20 00:00:00-05:00,5.25,5.46999979019165,5.25,5.260000228881836,3100,0.0,0.0
2023-11-21 00:00:00-05:00,5.449999809265137,5.449999809265137,5.25,5.449999809265137,5800,0.0,0.0
2023-11-22 00:00:00-05:00,5.460000038146973,5.460000038146973,5.389999866485596,5.389999866485596,1000,0.0,0.0
2023-11-24 00:00:00-05:00,5.389999866485596,5.389999866485596,5.389999866485596,5.389999866485596,900,0.0,0.0
2023-11-27 00:00:00-05:00,5.130000114440918,5.369999885559082,5.130000114440918,5.210000038146973,2300,0.0,0.0
2023-11-28 00:00:00-05:00,5.210000038146973,5.21999979019165,5.210000038146973,5.21999979019165,1300,0.0,0.0
2023-11-29 00:00:00-05:00,5.190000057220459,5.25,5.139999866485596,5.139999866485596,2900,0.0,0.0
2023-11-30 00:00:00-05:00,5.199999809265137,5.440000057220459,5.199999809265137,5.25,1400,0.0,0.0
2023-12-01 00:00:00-05:00,5.230000019073486,5.230000019073486,5.230000019073486,5.230000019073486,800,0.0,0.0
2023-12-04 00:00:00-05:00,5.28000020980835,5.28000020980835,5.239999771118164,5.28000020980835,2500,0.0,0.0
2023-12-05 00:00:00-05:00,5.28000020980835,5.28000020980835,5.230000019073486,5.230000019073486,3100,0.0,0.0
2023-12-06 00:00:00-05:00,5.25,5.389999866485596,5.239999771118164,5.389999866485596,1900,0.0,0.0
2023-12-07 00:00:00-05:00,5.21999979019165,5.230000019073486,5.139999866485596,5.150000095367432,7700,0.0,0.0
2023-12-08 00:00:00-05:00,5.139999866485596,5.230000019073486,5.139999866485596,5.230000019073486,1200,0.0,0.0
2023-12-11 00:00:00-05:00,5.170000076293945,5.340000152587891,5.150000095367432,5.150000095367432,900,0.0,0.0
2023-12-12 00:00:00-05:00,5.150000095367432,5.150000095367432,5.139999866485596,5.139999866485596,3900,0.0,0.0
2023-12-13 00:00:00-05:00,5.21999979019165,5.21999979019165,5.139999866485596,5.139999866485596,1000,0.0,0.0
2023-12-14 00:00:00-05:00,5.130000114440918,5.199999809265137,5.130000114440918,5.179999828338623,5400,0.0,0.0
2023-12-15 00:00:00-05:00,5.170000076293945,5.300000190734863,5.150000095367432,5.150000095367432,3300,0.0,0.0
2023-12-18 00:00:00-05:00,5.150000095367432,5.239999771118164,5.130000114440918,5.130000114440918,7100,0.0,0.0
2023-12-19 00:00:00-05:00,5.159999847412109,5.179999828338623,5.130000114440918,5.139999866485596,9600,0.0,0.0
2023-12-20 00:00:00-05:00,5.099999904632568,5.150000095367432,5.019999980926514,5.039999961853027,12100,0.0,0.0
2023-12-21 00:00:00-05:00,5.050000190734863,5.050000190734863,5.0,5.039999961853027,9600,0.0,0.0
2023-12-22 00:00:00-05:00,5.119999885559082,5.360000133514404,5.099999904632568,5.340000152587891,7900,0.0,0.0
2023-12-26 00:00:00-05:00,5.210000038146973,5.260000228881836,5.210000038146973,5.260000228881836,3000,0.0,0.0
2023-12-27 00:00:00-05:00,5.150000095367432,5.300000190734863,5.150000095367432,5.25,2400,0.0,0.0
2023-12-28 00:00:00-05:00,5.199999809265137,5.380000114440918,5.199999809265137,5.329999923706055,6000,0.0,0.0
2023-12-29 00:00:00-05:00,5.349999904632568,5.380000114440918,5.329999923706055,5.360000133514404,2800,0.0,0.0
2024-01-02 00:00:00-05:00,5.309999942779541,5.389999866485596,5.300000190734863,5.349999904632568,2800,0.0,0.0
2024-01-03 00:00:00-05:00,5.300000190734863,5.389999866485596,5.300000190734863,5.389999866485596,1400,0.0,0.0
2024-01-04 00:00:00-05:00,5.320000171661377,5.349999904632568,5.300000190734863,5.300000190734863,2700,0.0,0.0
2024-01-05 00:00:00-05:00,5.300000190734863,5.389999866485596,5.300000190734863,5.369999885559082,2500,0.0,0.0
2024-01-08 00:00:00-05:00,5.389999866485596,5.400000095367432,5.349999904632568,5.400000095367432,1100,0.0,0.0
2024-01-09 00:00:00-05:00,5.389999866485596,5.389999866485596,5.320000171661377,5.349999904632568,3800,0.0,0.0
2024-01-10 00:00:00-05:00,5.340000152587891,5.400000095367432,5.329999923706055,5.349999904632568,6200,0.0,0.0
2024-01-11 00:00:00-05:00,5.25,5.300000190734863,5.25,5.300000190734863,600,0.0,0.0
2024-01-12 00:00:00-05:00,5.269999980926514,5.360000133514404,5.269999980926514,5.360000133514404,3300,0.0,0.0
2024-01-16 00:00:00-05:00,5.300000190734863,5.300000190734863,5.300000190734863,5.300000190734863,600,0.0,0.0
2024-01-17 00:00:00-05:00,5.25,5.25,5.230000019073486,5.25,1100,0.0,0.0
2024-01-18 00:00:00-05:00,5.199999809265137,5.199999809265137,5.159999847412109,5.159999847412109,1000,0.0,0.0
2024-01-19 00:00:00-05:00,5.110000133514404,5.110000133514404,5.110000133514404,5.110000133514404,600,0.0,0.0
2024-01-22 00:00:00-05:00,5.340000152587891,5.340000152587891,5.119999885559082,5.170000076293945,2500,0.0,0.0
2024-01-23 00:00:00-05:00,5.119999885559082,5.210000038146973,5.110000133514404,5.110000133514404,900,0.0,0.0
2024-01-24 00:00:00-05:00,5.159999847412109,5.199999809265137,5.099999904632568,5.199999809265137,4000,0.0,0.0
2024-01-25 00:00:00-05:00,5.170000076293945,5.170000076293945,5.170000076293945,5.170000076293945,400,0.0,0.0
2024-01-26 00:00:00-05:00,5.099999904632568,5.190000057220459,5.099999904632568,5.170000076293945,1200,0.0,0.0
2024-01-29 00:00:00-05:00,5.150000095367432,5.179999828338623,5.139999866485596,5.179999828338623,2100,0.0,0.0
2024-01-30 00:00:00-05:00,5.150000095367432,5.190000057220459,5.150000095367432,5.170000076293945,800,0.0,0.0
2024-01-31 00:00:00-05:00,5.199999809265137,5.210000038146973,5.110000133514404,5.110000133514404,4900,0.0,0.0
2024-02-01 00:00:00-05:00,5.199999809265137,5.199999809265137,5.199999809265137,5.199999809265137,600,0.0,0.0
2024-02-02 00:00:00-05:00,5.159999847412109,5.210000038146973,5.150000095367432,5.210000038146973,600,0.0,0.0
2024-02-05 00:00:00-05:00,5.210000038146973,5.210000038146973,5.110000133514404,5.110000133514404,900,0.0,0.0
2024-02-06 00:00:00-05:00,5.150000095367432,5.150000095367432,5.150000095367432,5.150000095367432,700,0.0,0.0
2024-02-07 00:00:00-05:00,5.210000038146973,5.210000038146973,5.050000190734863,5.070000171661377,3100,0.0,0.0
2024-02-08 00:00:00-05:00,5.090000152587891,5.199999809265137,5.070000171661377,5.199999809265137,2600,0.0,0.0
2024-02-09 00:00:00-05:00,5.059999942779541,5.110000133514404,5.059999942779541,5.110000133514404,1500,0.0,0.0
2024-02-12 00:00:00-05:00,5.150000095367432,5.210000038146973,5.099999904632568,5.110000133514404,2200,0.0,0.0
2024-02-13 00:00:00-05:00,5.179999828338623,5.179999828338623,5.179999828338623,5.179999828338623,500,0.0,0.0
2024-02-14 00:00:00-05:00,5.099999904632568,5.210000038146973,5.099999904632568,5.210000038146973,2300,0.0,0.0
2024-02-15 00:00:00-05:00,5.179999828338623,5.210000038146973,5.150000095367432,5.190000057220459,3100,0.0,0.0
2024-02-16 00:00:00-05:00,5.190000057220459,5.210000038146973,5.190000057220459,5.199999809265137,1800,0.0,0.0
2024-02-20 00:00:00-05:00,5.210000038146973,5.210000038146973,5.199999809265137,5.199999809265137,900,0.0,0.0
2024-02-21 00:00:00-05:00,5.21999979019165,5.230000019073486,5.21999979019165,5.230000019073486,2700,0.0,0.0
2024-02-22 00:00:00-05:00,5.230000019073486,5.230000019073486,5.190000057220459,5.199999809265137,4600,0.0,0.0
2024-02-23 00:00:00-05:00,5.199999809265137,5.199999809265137,5.190000057220459,5.190000057220459,3400,0.0,0.0
2024-02-26 00:00:00-05:00,5.199999809265137,5.199999809265137,5.190000057220459,5.190000057220459,1700,0.0,0.0
2024-02-27 00:00:00-05:00,5.190000057220459,5.199999809265137,5.190000057220459,5.190000057220459,1000,0.0,0.0
2024-02-28 00:00:00-05:00,5.199999809265137,5.199999809265137,5.179999828338623,5.179999828338623,900,0.0,0.0
2024-02-29 00:00:00-05:00,5.170000076293945,5.25,5.170000076293945,5.25,900,0.0,0.0
2024-03-01 00:00:00-05:00,5.28000020980835,5.28000020980835,5.25,5.25,1800,0.0,0.0
2024-03-04 00:00:00-05:00,5.179999828338623,5.179999828338623,5.099999904632568,5.170000076293945,1000,0.0,0.0
2024-03-05 00:00:00-05:00,5.190000057220459,5.260000228881836,5.190000057220459,5.260000228881836,700,0.0,0.0
2024-03-06 00:00:00-05:00,5.260000228881836,5.260000228881836,4.630000114440918,4.940000057220459,23600,0.0,0.0
2024-03-07 00:00:00-05:00,4.909999847412109,5.090000152587891,4.909999847412109,5.090000152587891,6500,0.0,0.0
2024-03-08 00:00:00-05:00,5.090000152587891,5.090000152587891,5.059999942779541,5.059999942779541,1900,0.0,0.0
2024-03-11 00:00:00-04:00,5.010000228881836,5.25,5.010000228881836,5.099999904632568,2900,0.0,0.0
2024-03-12 00:00:00-04:00,5.059999942779541,5.059999942779541,5.010000228881836,5.010000228881836,1400,0.0,0.0
2024-03-13 00:00:00-04:00,5.010000228881836,5.190000057220459,5.010000228881836,5.010000228881836,4000,0.0,0.0
2024-03-14 00:00:00-04:00,5.019999980926514,5.150000095367432,5.019999980926514,5.139999866485596,2800,0.0,0.0
2024-03-15 00:00:00-04:00,5.150000095367432,5.159999847412109,5.010000228881836,5.010000228881836,9300,0.0,0.0
2024-03-18 00:00:00-04:00,5.139999866485596,5.199999809265137,5.010000228881836,5.010000228881836,7000,0.0,0.0
2024-03-19 00:00:00-04:00,5.139999866485596,5.239999771118164,5.03000020980835,5.03000020980835,1500,0.0,0.0
2024-03-20 00:00:00-04:00,5.139999866485596,5.239999771118164,5.019999980926514,5.139999866485596,3700,0.0,0.0
2024-03-21 00:00:00-04:00,5.139999866485596,5.190000057220459,5.03000020980835,5.130000114440918,2300,0.0,0.0
2024-03-22 00:00:00-04:00,5.0,5.159999847412109,4.989999771118164,5.159999847412109,15800,0.0,0.0
2024-03-25 00:00:00-04:00,5.170000076293945,5.230000019073486,5.050000190734863,5.050000190734863,2200,0.0,0.0
2024-03-26 00:00:00-04:00,5.050000190734863,5.079999923706055,5.03000020980835,5.050000190734863,3100,0.0,0.0
2024-03-27 00:00:00-04:00,5.090000152587891,5.239999771118164,4.960000038146973,5.239999771118164,7600,0.0,0.0
2024-03-28 00:00:00-04:00,5.059999942779541,5.239999771118164,4.869999885559082,5.239999771118164,6500,0.0,0.0
2024-04-01 00:00:00-04:00,5.059999942779541,5.150000095367432,4.849999904632568,4.980000019073486,6800,0.0,0.0
2024-04-02 00:00:00-04:00,4.980000019073486,4.980000019073486,4.769999980926514,4.960000038146973,4800,0.0,0.0
2024-04-03 00:00:00-04:00,4.980000019073486,4.980000019073486,4.650000095367432,4.650000095367432,7900,0.0,0.0
2024-04-04 00:00:00-04:00,4.699999809265137,4.820000171661377,4.650000095367432,4.769999980926514,3500,0.0,0.0
2024-04-05 00:00:00-04:00,4.809999942779541,4.880000114440918,4.699999809265137,4.699999809265137,2300,0.0,0.0
2024-04-08 00:00:00-04:00,4.71999979019165,4.78000020980835,4.71999979019165,4.78000020980835,2800,0.0,0.0
2024-04-09 00:00:00-04:00,4.699999809265137,4.699999809265137,4.650000095367432,4.690000057220459,2200,0.0,0.0
2024-04-10 00:00:00-04:00,4.690000057220459,4.690000057220459,4.550000190734863,4.599999904632568,3900,0.0,0.0
2024-04-11 00:00:00-04:00,4.579999923706055,4.599999904632568,4.570000171661377,4.570000171661377,1000,0.0,0.0
2024-04-12 00:00:00-04:00,4.510000228881836,4.510000228881836,4.510000228881836,4.510000228881836,2000,0.0,0.0
2024-04-15 00:00:00-04:00,4.5,4.679999828338623,4.420000076293945,4.420000076293945,10600,0.0,0.0
2024-04-16 00:00:00-04:00,4.409999847412109,4.5,4.400000095367432,4.400000095367432,3800,0.0,0.0
2024-04-17 00:00:00-04:00,4.480000019073486,4.670000076293945,4.409999847412109,4.409999847412109,3900,0.0,0.0
2024-04-18 00:00:00-04:00,4.440000057220459,4.579999923706055,4.440000057220459,4.579999923706055,800,0.0,0.0
2024-04-19 00:00:00-04:00,4.420000076293945,4.949999809265137,4.420000076293945,4.949999809265137,1200,0.0,0.0
2024-04-22 00:00:00-04:00,4.769999980926514,4.889999866485596,4.739999771118164,4.889999866485596,700,0.0,0.0
2024-04-23 00:00:00-04:00,4.590000152587891,4.659999847412109,4.449999809265137,4.519999980926514,5300,0.0,0.0
2024-04-24 00:00:00-04:00,4.550000190734863,4.889999866485596,4.5,4.71999979019165,3300,0.0,0.0
2024-04-25 00:00:00-04:00,4.800000190734863,4.889999866485596,4.449999809265137,4.449999809265137,2300,0.0,0.0
2024-04-26 00:00:00-04:00,4.579999923706055,4.650000095367432,4.429999828338623,4.429999828338623,2600,0.0,0.0
2024-04-29 00:00:00-04:00,4.400000095367432,4.400000095367432,4.099999904632568,4.099999904632568,16100,0.0,0.0
2024-04-30 00:00:00-04:00,4.150000095367432,4.210000038146973,4.079999923706055,4.170000076293945,3100,0.0,0.0
2024-05-01 00:00:00-04:00,4.21999979019165,4.25,4.0,4.130000114440918,11400,0.0,0.0
2024-05-02 00:00:00-04:00,4.019999980926514,4.420000076293945,4.019999980926514,4.190000057220459,9700,0.0,0.0
2024-05-03 00:00:00-04:00,4.380000114440918,4.630000114440918,4.230000019073486,4.25,2100,0.0,0.0
2024-05-06 00:00:00-04:00,4.25,4.380000114440918,4.050000190734863,4.059999942779541,15100,0.0,0.0
2024-05-07 00:00:00-04:00,4.079999923706055,4.199999809265137,4.079999923706055,4.099999904632568,8600,0.0,0.0
2024-05-08 00:00:00-04:00,4.25,4.329999923706055,4.099999904632568,4.179999828338623,5900,0.0,0.0
2024-05-09 00:00:00-04:00,4.25,4.360000133514404,4.179999828338623,4.179999828338623,1900,0.0,0.0
2024-05-10 00:00:00-04:00,4.21999979019165,4.21999979019165,4.150000095367432,4.150000095367432,1400,0.0,0.0
2024-05-13 00:00:00-04:00,4.21999979019165,4.380000114440918,4.21999979019165,4.369999885559082,9300,0.0,0.0
2024-05-14 00:00:00-04:00,4.269999980926514,4.269999980926514,4.269999980926514,4.269999980926514,300,0.0,0.0
2024-05-15 00:00:00-04:00,4.150000095367432,4.349999904632568,4.150000095367432,4.300000190734863,1900,0.0,0.0
2024-05-16 00:00:00-04:00,4.199999809265137,4.300000190734863,4.199999809265137,4.300000190734863,2900,0.0,0.0
2024-05-17 00:00:00-04:00,4.210000038146973,4.360000133514404,4.210000038146973,4.210000038146973,1200,0.0,0.0
2024-05-20 00:00:00-04:00,4.210000038146973,4.210000038146973,4.079999923706055,4.190000057220459,4500,0.0,0.0
2024-05-21 00:00:00-04:00,4.070000171661377,4.110000133514404,4.070000171661377,4.110000133514404,1500,0.0,0.0
2024-05-22 00:00:00-04:00,4.050000190734863,4.099999904632568,4.050000190734863,4.070000171661377,3600,0.0,0.0
2024-05-23 00:00:00-04:00,4.079999923706055,4.099999904632568,4.050000190734863,4.050000190734863,4700,0.0,0.0
2024-05-24 00:00:00-04:00,4.099999904632568,4.099999904632568,4.099999904632568,4.099999904632568,2400,0.0,0.0
2024-05-28 00:00:00-04:00,4.190000057220459,4.190000057220459,4.090000152587891,4.190000057220459,3400,0.0,0.0
2024-05-29 00:00:00-04:00,4.179999828338623,4.269999980926514,4.070000171661377,4.179999828338623,1000,0.0,0.0
2024-05-30 00:00:00-04:00,4.28000020980835,4.28000020980835,4.019999980926514,4.019999980926514,7600,0.0,0.0
2024-05-31 00:00:00-04:00,4.019999980926514,4.25,4.0,4.0,14800,0.0,0.0
2024-06-03 00:00:00-04:00,4.070000171661377,4.090000152587891,3.9600000381469727,4.0,3100,0.0,0.0
2024-06-04 00:00:00-04:00,4.150000095367432,4.150000095367432,4.039999961853027,4.039999961853027,1100,0.0,0.0
2024-06-05 00:00:00-04:00,4.039999961853027,4.159999847412109,4.039999961853027,4.099999904632568,1500,0.0,0.0
2024-06-06 00:00:00-04:00,4.190000057220459,4.300000190734863,3.990000009536743,4.21999979019165,3100,0.0,0.0
2024-06-07 00:00:00-04:00,4.130000114440918,4.25,4.010000228881836,4.119999885559082,2200,0.0,0.0
2024-06-10 00:00:00-04:00,4.010000228881836,4.130000114440918,4.010000228881836,4.019999980926514,1100,0.0,0.0
2024-06-11 00:00:00-04:00,4.119999885559082,4.119999885559082,4.010000228881836,4.059999942779541,900,0.0,0.0
2024-06-12 00:00:00-04:00,4.050000190734863,4.139999866485596,4.039999961853027,4.130000114440918,600,0.0,0.0
2024-06-13 00:00:00-04:00,4.03000020980835,4.150000095367432,4.019999980926514,4.039999961853027,10900,0.0,0.0
2024-06-14 00:00:00-04:00,4.050000190734863,4.099999904632568,3.890000104904175,3.990000009536743,4900,0.0,0.0
2024-06-17 00:00:00-04:00,3.8499999046325684,3.990000009536743,3.8499999046325684,3.990000009536743,2700,0.0,0.0
2024-06-18 00:00:00-04:00,4.0,4.0,3.859999895095825,3.859999895095825,5600,0.0,0.0
2024-06-20 00:00:00-04:00,3.8499999046325684,4.150000095367432,3.8499999046325684,4.070000171661377,3700,0.0,0.0
2024-06-21 00:00:00-04:00,3.950000047683716,4.349999904632568,3.940000057220459,4.349999904632568,18100,0.0,0.0
2024-06-24 00:00:00-04:00,4.179999828338623,4.349999904632568,4.03000020980835,4.03000020980835,4900,0.0,0.0
2024-06-25 00:00:00-04:00,4.239999771118164,4.239999771118164,4.179999828338623,4.179999828338623,1000,0.0,0.0
2024-06-26 00:00:00-04:00,4.170000076293945,4.260000228881836,4.070000171661377,4.070000171661377,900,0.0,0.0
2024-06-27 00:00:00-04:00,4.139999866485596,4.139999866485596,4.0,4.130000114440918,1500,0.0,0.0
2024-06-28 00:00:00-04:00,4.039999961853027,4.199999809265137,3.930000066757202,3.930000066757202,10600,0.0,0.0
2024-07-01 00:00:00-04:00,4.03000020980835,4.090000152587891,4.0,4.0,1000,0.0,0.0
2024-07-02 00:00:00-04:00,4.039999961853027,4.039999961853027,3.9000000953674316,3.930000066757202,2000,0.0,0.0
2024-07-03 00:00:00-04:00,3.9800000190734863,4.010000228881836,3.8499999046325684,3.859999895095825,800,0.0,0.0
2024-07-05 00:00:00-04:00,3.9100000858306885,4.050000190734863,3.9100000858306885,4.050000190734863,1300,0.0,0.0
2024-07-08 00:00:00-04:00,3.859999895095825,4.0,3.859999895095825,3.9600000381469727,4400,0.0,0.0
2024-07-09 00:00:00-04:00,3.990000009536743,3.990000009536743,3.569999933242798,3.799999952316284,14600,0.0,0.0
2024-07-10 00:00:00-04:00,3.8499999046325684,3.940000057220459,3.8499999046325684,3.940000057220459,8800,0.0,0.0
2024-07-11 00:00:00-04:00,3.9100000858306885,3.990000009536743,3.9100000858306885,3.9100000858306885,4800,0.0,0.0
2024-07-12 00:00:00-04:00,3.9200000762939453,3.9200000762939453,3.8499999046325684,3.890000104904175,6700,0.0,0.0
2024-07-15 00:00:00-04:00,3.9700000286102295,4.0,3.8499999046325684,3.8499999046325684,3200,0.0,0.0
2024-07-16 00:00:00-04:00,3.759999990463257,3.9800000190734863,3.759999990463257,3.9200000762939453,1800,0.0,0.0
2024-07-17 00:00:00-04:00,3.9700000286102295,3.990000009536743,3.950000047683716,3.9800000190734863,11400,0.0,0.0
2024-07-18 00:00:00-04:00,3.9600000381469727,3.9600000381469727,3.799999952316284,3.8499999046325684,10100,0.0,0.0
2024-07-19 00:00:00-04:00,4.03000020980835,4.03000020980835,3.75,3.7699999809265137,7100,0.0,0.0
2024-07-22 00:00:00-04:00,3.75,3.869999885559082,3.619999885559082,3.7100000381469727,12200,0.0,0.0
2024-07-23 00:00:00-04:00,3.759999990463257,3.759999990463257,3.640000104904175,3.640000104904175,3200,0.0,0.0
2024-07-24 00:00:00-04:00,3.690000057220459,3.7200000286102295,3.630000114440918,3.7100000381469727,800,0.0,0.0
2024-07-25 00:00:00-04:00,3.6500000953674316,3.6500000953674316,3.6500000953674316,3.6500000953674316,1200,0.0,0.0
2024-07-26 00:00:00-04:00,3.7200000286102295,3.7200000286102295,3.700000047683716,3.700000047683716,600,0.0,0.0
2024-07-29 00:00:00-04:00,3.6500000953674316,3.7699999809265137,3.6500000953674316,3.740000009536743,2400,0.0,0.0
2024-07-30 00:00:00-04:00,3.619999885559082,3.7699999809265137,3.619999885559082,3.7699999809265137,600,0.0,0.0
2024-07-31 00:00:00-04:00,3.9600000381469727,3.9600000381469727,3.7899999618530273,3.799999952316284,800,0.0,0.0
2024-08-01 00:00:00-04:00,3.819999933242798,3.890000104904175,3.700000047683716,3.700000047683716,1100,0.0,0.0
2024-08-02 00:00:00-04:00,3.7100000381469727,3.7100000381469727,3.700000047683716,3.7100000381469727,2400,0.0,0.0
2024-08-05 00:00:00-04:00,3.619999885559082,3.7899999618530273,3.619999885559082,3.7300000190734863,1000,0.0,0.0
2024-08-06 00:00:00-04:00,3.9200000762939453,3.9200000762939453,3.609999895095825,3.9200000762939453,1700,0.0,0.0
2024-08-07 00:00:00-04:00,3.8399999141693115,3.8399999141693115,3.8399999141693115,3.8399999141693115,700,0.0,0.0
2024-08-08 00:00:00-04:00,3.7799999713897705,3.9200000762939453,3.7699999809265137,3.9200000762939453,1700,0.0,0.0
2024-08-09 00:00:00-04:00,3.9200000762939453,3.9200000762939453,3.75,3.819999933242798,1400,0.0,0.0
2024-08-12 00:00:00-04:00,3.930000066757202,3.930000066757202,3.6700000762939453,3.890000104904175,1900,0.0,0.0
2024-08-13 00:00:00-04:00,3.700000047683716,3.7300000190734863,3.700000047683716,3.7200000286102295,800,0.0,0.0
2024-08-14 00:00:00-04:00,3.6500000953674316,3.6500000953674316,3.6500000953674316,3.6500000953674316,900,0.0,0.0
2024-08-15 00:00:00-04:00,3.799999952316284,3.799999952316284,3.700000047683716,3.7200000286102295,1000,0.0,0.0
2024-08-16 00:00:00-04:00,3.9200000762939453,3.9200000762939453,3.700000047683716,3.700000047683716,1500,0.0,0.0
2024-08-19 00:00:00-04:00,3.8299999237060547,3.8299999237060547,3.809999942779541,3.809999942779541,700,0.0,0.0
2024-08-20 00:00:00-04:00,3.75,3.890000104904175,3.75,3.799999952316284,7000,0.0,0.0
2024-08-21 00:00:00-04:00,3.759999990463257,3.759999990463257,3.700000047683716,3.700000047683716,6200,0.0,0.0
2024-08-22 00:00:00-04:00,3.809999942779541,3.809999942779541,3.6500000953674316,3.6500000953674316,8500,0.0,0.0
2024-08-23 00:00:00-04:00,3.7100000381469727,3.799999952316284,3.700000047683716,3.700000047683716,4600,0.0,0.0
2024-08-26 00:00:00-04:00,3.75,3.75,3.75,3.75,1900,0.0,0.0
2024-08-27 00:00:00-04:00,3.759999990463257,3.799999952316284,3.759999990463257,3.759999990463257,500,0.0,0.0
2024-08-28 00:00:00-04:00,3.799999952316284,3.809999942779541,3.700000047683716,3.799999952316284,3100,0.0,0.0
2024-08-29 00:00:00-04:00,3.799999952316284,3.799999952316284,3.799999952316284,3.799999952316284,900,0.0,0.0
2024-08-30 00:00:00-04:00,3.799999952316284,3.799999952316284,3.7200000286102295,3.759999990463257,1500,0.0,0.0
2024-09-03 00:00:00-04:00,3.619999885559082,3.75,3.619999885559082,3.75,1700,0.0,0.0
2024-09-04 00:00:00-04:00,3.740000009536743,3.740000009536743,3.6500000953674316,3.6500000953674316,400,0.0,0.0
2024-09-05 00:00:00-04:00,3.6700000762939453,3.6700000762939453,3.6700000762939453,3.6700000762939453,600,0.0,0.0
2024-09-06 00:00:00-04:00,3.6500000953674316,3.7100000381469727,3.6500000953674316,3.7100000381469727,800,0.0,0.0
2024-09-09 00:00:00-04:00,3.740000009536743,3.740000009536743,3.6500000953674316,3.680000066757202,3700,0.0,0.0
2024-09-10 00:00:00-04:00,3.740000009536743,3.740000009536743,3.700000047683716,3.7300000190734863,700,0.0,0.0
2024-09-11 00:00:00-04:00,3.680000066757202,3.740000009536743,3.6500000953674316,3.740000009536743,9900,0.0,0.0
2024-09-12 00:00:00-04:00,3.740000009536743,3.740000009536743,3.700000047683716,3.700000047683716,700,0.0,0.0
2024-09-13 00:00:00-04:00,3.630000114440918,3.700000047683716,3.5799999237060547,3.5799999237060547,6600,0.0,0.0
2024-09-16 00:00:00-04:00,3.5,3.549999952316284,3.5,3.509999990463257,3500,0.0,0.0
2024-09-17 00:00:00-04:00,3.5,3.690000057220459,3.5,3.5199999809265137,5500,0.0,0.0
2024-09-18 00:00:00-04:00,3.640000104904175,3.640000104904175,3.5,3.5,3100,0.0,0.0
2024-09-19 00:00:00-04:00,3.5,3.5799999237060547,3.5,3.569999933242798,11600,0.0,0.0
2024-09-20 00:00:00-04:00,3.5,3.5799999237060547,3.5,3.5799999237060547,7000,0.0,0.0
2024-09-23 00:00:00-04:00,3.5799999237060547,3.5799999237060547,3.5,3.5399999618530273,2500,0.0,0.0
2024-09-24 00:00:00-04:00,3.5299999713897705,3.549999952316284,3.5,3.5,2300,0.0,0.0
2024-09-25 00:00:00-04:00,3.5,3.5,3.440000057220459,3.4800000190734863,2600,0.0,0.0
2024-09-26 00:00:00-04:00,3.4700000286102295,3.549999952316284,3.450000047683716,3.549999952316284,1000,0.0,0.0
2024-09-27 00:00:00-04:00,3.490000009536743,3.490000009536743,3.4100000858306885,3.4800000190734863,4300,0.0,0.0
2024-09-30 00:00:00-04:00,3.5199999809265137,3.5299999713897705,3.319999933242798,3.4800000190734863,12800,0.0,0.0
2024-10-01 00:00:00-04:00,3.4100000858306885,3.4100000858306885,3.3499999046325684,3.380000114440918,2300,0.0,0.0
2024-10-02 00:00:00-04:00,3.309999942779541,3.4800000190734863,3.309999942779541,3.4700000286102295,8000,0.0,0.0
2024-10-03 00:00:00-04:00,3.440000057220459,3.440000057220459,3.440000057220459,3.440000057220459,400,0.0,0.0
2024-10-04 00:00:00-04:00,3.430000066757202,3.430000066757202,3.390000104904175,3.390000104904175,900,0.0,0.0
2024-10-07 00:00:00-04:00,3.4200000762939453,3.569999933242798,3.3499999046325684,3.569999933242798,17300,0.0,0.0
2024-10-08 00:00:00-04:00,3.569999933242798,3.569999933242798,3.3499999046325684,3.4600000381469727,13300,0.0,0.0
2024-10-09 00:00:00-04:00,3.4000000953674316,3.5899999141693115,3.359999895095825,3.5899999141693115,24100,0.0,0.0
2024-10-10 00:00:00-04:00,3.640000104904175,3.640000104904175,3.640000104904175,3.640000104904175,3200,0.0,0.0
2024-10-11 00:00:00-04:00,3.640000104904175,3.640000104904175,3.640000104904175,3.640000104904175,200,0.0,0.0
2024-10-14 00:00:00-04:00,3.5199999809265137,3.6600000858306885,3.5199999809265137,3.559999942779541,11400,0.0,0.0
2024-10-15 00:00:00-04:00,3.6500000953674316,3.6500000953674316,3.5799999237060547,3.5799999237060547,800,0.0,0.0
2024-10-16 00:00:00-04:00,3.5,3.5999999046325684,3.5,3.5999999046325684,2600,0.0,0.0
2024-10-17 00:00:00-04:00,3.559999942779541,3.559999942779541,3.509999990463257,3.549999952316284,8800,0.0,0.0
2024-10-18 00:00:00-04:00,3.5399999618530273,3.5399999618530273,3.5399999618530273,3.5399999618530273,300,0.0,0.0
2024-10-21 00:00:00-04:00,3.5,3.559999942779541,3.4600000381469727,3.4600000381469727,5000,0.0,0.0
2024-10-22 00:00:00-04:00,3.549999952316284,3.5899999141693115,3.4200000762939453,3.430000066757202,6100,0.0,0.0
2024-10-23 00:00:00-04:00,3.4800000190734863,3.490000009536743,3.4200000762939453,3.4200000762939453,1400,0.0,0.0
2024-10-24 00:00:00-04:00,3.3499999046325684,3.440000057220459,3.3499999046325684,3.3499999046325684,1600,0.0,0.0
2024-10-25 00:00:00-04:00,3.490000009536743,3.490000009536743,3.3499999046325684,3.4600000381469727,2100,0.0,0.0
2024-10-28 00:00:00-04:00,3.4700000286102295,3.4700000286102295,3.3499999046325684,3.3499999046325684,6300,0.0,0.0
2024-10-29 00:00:00-04:00,3.359999895095825,3.490000009536743,3.359999895095825,3.490000009536743,1100,0.0,0.0
2024-10-30 00:00:00-04:00,3.430000066757202,3.5899999141693115,3.3499999046325684,3.5199999809265137,16600,0.0,0.0
2024-10-31 00:00:00-04:00,3.5899999141693115,3.5899999141693115,3.4000000953674316,3.4800000190734863,3000,0.0,0.0
2024-11-01 00:00:00-04:00,3.630000114440918,3.640000104904175,3.359999895095825,3.450000047683716,24900,0.0,0.0
2024-11-04 00:00:00-05:00,3.4100000858306885,3.5899999141693115,3.4000000953674316,3.4000000953674316,11100,0.0,0.0
2024-11-05 00:00:00-05:00,3.490000009536743,3.609999895095825,3.4100000858306885,3.4100000858306885,6200,0.0,0.0
2024-11-06 00:00:00-05:00,3.4000000953674316,3.4000000953674316,3.319999933242798,3.369999885559082,12100,0.0,0.0
2024-11-07 00:00:00-05:00,3.509999990463257,3.509999990463257,3.3399999141693115,3.359999895095825,1800,0.0,0.0
2024-11-08 00:00:00-05:00,3.319999933242798,3.5199999809265137,3.319999933242798,3.319999933242798,4100,0.0,0.0
2024-11-11 00:00:00-05:00,3.3499999046325684,3.4600000381469727,3.3399999141693115,3.3399999141693115,17300,0.0,0.0
2024-11-12 00:00:00-05:00,3.3399999141693115,3.380000114440918,3.3299999237060547,3.369999885559082,4800,0.0,0.0
2024-11-13 00:00:00-05:00,3.359999895095825,3.369999885559082,3.319999933242798,3.369999885559082,3200,0.0,0.0
2024-11-14 00:00:00-05:00,3.359999895095825,3.369999885559082,3.319999933242798,3.359999895095825,3300,0.0,0.0
2024-11-15 00:00:00-05:00,3.3499999046325684,3.3499999046325684,3.319999933242798,3.3299999237060547,2000,0.0,0.0
2024-11-18 00:00:00-05:00,3.319999933242798,3.4100000858306885,3.319999933242798,3.3399999141693115,4400,0.0,0.0
2024-11-19 00:00:00-05:00,3.3299999237060547,3.380000114440918,3.259999990463257,3.2699999809265137,10400,0.0,0.0
2024-11-20 00:00:00-05:00,3.4000000953674316,3.4000000953674316,3.259999990463257,3.259999990463257,16400,0.0,0.0
2024-11-21 00:00:00-05:00,3.319999933242798,3.359999895095825,3.259999990463257,3.359999895095825,900,0.0,0.0
2024-11-22 00:00:00-05:00,3.299999952316284,3.309999942779541,3.299999952316284,3.309999942779541,2400,0.0,0.0
2024-11-25 00:00:00-05:00,3.2899999618530273,3.369999885559082,3.2899999618530273,3.309999942779541,3800,0.0,0.0
2024-11-26 00:00:00-05:00,3.319999933242798,3.380000114440918,3.309999942779541,3.3499999046325684,1600,0.0,0.0
2024-11-27 00:00:00-05:00,3.380000114440918,3.380000114440918,3.319999933242798,3.3499999046325684,9100,0.0,0.0
2024-11-29 00:00:00-05:00,3.380000114440918,3.380000114440918,3.369999885559082,3.369999885559082,900,0.0,0.0
2024-12-02 00:00:00-05:00,3.390000104904175,3.390000104904175,3.309999942779541,3.309999942779541,3100,0.0,0.0
2024-12-03 00:00:00-05:00,3.309999942779541,3.319999933242798,3.2699999809265137,3.309999942779541,4200,0.0,0.0
2024-12-04 00:00:00-05:00,3.3299999237060547,3.3299999237060547,3.299999952316284,3.319999933242798,8600,0.0,0.0
2024-12-05 00:00:00-05:00,3.299999952316284,3.3299999237060547,3.299999952316284,3.309999942779541,1100,0.0,0.0
2024-12-06 00:00:00-05:00,3.299999952316284,3.299999952316284,3.180000066757202,3.240000009536743,4600,0.0,0.0
2024-12-09 00:00:00-05:00,3.319999933242798,3.319999933242798,3.240000009536743,3.259999990463257,5600,0.0,0.0
2024-12-10 00:00:00-05:00,3.25,3.3299999237060547,3.25,3.25,3100,0.0,0.0
2024-12-11 00:00:00-05:00,3.2300000190734863,3.3299999237060547,3.2300000190734863,3.25,6000,0.0,0.0
2024-12-12 00:00:00-05:00,3.240000009536743,3.2899999618530273,3.240000009536743,3.2899999618530273,2900,0.0,0.0
2024-12-13 00:00:00-05:00,3.2799999713897705,3.2899999618530273,3.2799999713897705,3.2899999618530273,1100,0.0,0.0
2024-12-16 00:00:00-05:00,3.299999952316284,3.299999952316284,3.1700000762939453,3.2300000190734863,7600,0.0,0.0
2024-12-17 00:00:00-05:00,3.2300000190734863,3.3399999141693115,3.2300000190734863,3.3399999141693115,7200,0.0,0.0
2024-12-18 00:00:00-05:00,3.2799999713897705,3.3299999237060547,3.259999990463257,3.2799999713897705,2500,0.0,0.0
2024-12-19 00:00:00-05:00,3.2799999713897705,3.299999952316284,3.2799999713897705,3.299999952316284,1700,0.0,0.0
2024-12-20 00:00:00-05:00,3.299999952316284,3.3299999237060547,3.2799999713897705,3.3299999237060547,3600,0.0,0.0
2024-12-23 00:00:00-05:00,3.2799999713897705,3.309999942779541,3.200000047683716,3.299999952316284,10500,0.0,0.0
2024-12-24 00:00:00-05:00,3.5,3.5,3.3499999046325684,3.440000057220459,5700,0.0,0.0
2024-12-26 00:00:00-05:00,3.359999895095825,3.4800000190734863,3.319999933242798,3.440000057220459,15900,0.0,0.0
2024-12-27 00:00:00-05:00,3.369999885559082,3.4700000286102295,3.369999885559082,3.4700000286102295,1900,0.0,0.0
2024-12-30 00:00:00-05:00,3.4700000286102295,3.4700000286102295,3.4000000953674316,3.4000000953674316,5200,0.0,0.0
2024-12-31 00:00:00-05:00,3.319999933242798,3.4100000858306885,3.2699999809265137,3.3499999046325684,23600,0.0,0.0
2025-01-02 00:00:00-05:00,3.450000047683716,3.450000047683716,3.390000104904175,3.4100000858306885,1700,0.0,0.0
2025-01-03 00:00:00-05:00,3.4100000858306885,3.569999933242798,3.309999942779541,3.369999885559082,4800,0.0,0.0
2025-01-06 00:00:00-05:00,3.5899999141693115,3.5899999141693115,3.2899999618530273,3.450000047683716,9300,0.0,0.0
2025-01-07 00:00:00-05:00,3.5,3.5799999237060547,3.259999990463257,3.5,4600,0.0,0.0
2025-01-08 00:00:00-05:00,3.5,3.5,3.5,3.5,0,0.0,0.0
2025-01-10 00:00:00-05:00,3.4000000953674316,3.7100000381469727,3.4000000953674316,3.7100000381469727,13100,0.0,0.0
2025-01-13 00:00:00-05:00,3.7699999809265137,3.990000009536743,3.759999990463257,3.759999990463257,19500,0.0,0.0
2025-01-14 00:00:00-05:00,3.990000009536743,5.010000228881836,3.990000009536743,4.46999979019165,35000,0.0,0.0
2025-01-15 00:00:00-05:00,4.449999809265137,4.489999771118164,4.039999961853027,4.360000133514404,6900,0.0,0.0
2025-01-16 00:00:00-05:00,4.5,4.730000019073486,4.460000038146973,4.730000019073486,12400,0.0,0.0
2025-01-17 00:00:00-05:00,4.599999904632568,4.929999828338623,4.599999904632568,4.699999809265137,16600,0.0,0.0
2025-01-21 00:00:00-05:00,4.630000114440918,5.449999809265137,4.630000114440918,5.449999809265137,18700,0.0,0.0
2025-01-22 00:00:00-05:00,5.429999828338623,5.730000019073486,5.320000171661377,5.550000190734863,26200,0.0,0.0
2025-01-23 00:00:00-05:00,5.659999847412109,5.659999847412109,5.019999980926514,5.019999980926514,25600,0.0,0.0
2025-01-24 00:00:00-05:00,5.360000133514404,5.5,5.170000076293945,5.179999828338623,18500,0.0,0.0
2025-01-27 00:00:00-05:00,5.400000095367432,5.650000095367432,5.400000095367432,5.590000152587891,12100,0.0,0.0
2025-01-28 00:00:00-05:00,5.599999904632568,5.75,5.579999923706055,5.579999923706055,2100,0.0,0.0
2025-01-29 00:00:00-05:00,5.480000019073486,5.739999771118164,5.409999847412109,5.730000019073486,2700,0.0,0.0
2025-01-30 00:00:00-05:00,5.550000190734863,5.809999942779541,5.409999847412109,5.75,16500,0.0,0.0
2025-01-31 00:00:00-05:00,5.829999923706055,5.929999828338623,5.75,5.800000190734863,5200,0.0,0.0
2025-02-03 00:00:00-05:00,5.699999809265137,5.860000133514404,5.550000190734863,5.840000152587891,12600,0.0,0.0
2025-02-04 00:00:00-05:00,5.730000019073486,6.0,5.5,5.920000076293945,13800,0.0,0.0
2025-02-05 00:00:00-05:00,5.860000133514404,6.190000057220459,5.860000133514404,6.150000095367432,4800,0.0,0.0
2025-02-06 00:00:00-05:00,6.099999904632568,6.199999809265137,5.949999809265137,6.0,33000,0.0,0.0
2025-02-07 00:00:00-05:00,5.960000038146973,6.230000019073486,5.460000038146973,6.119999885559082,10400,0.0,0.0
2025-02-10 00:00:00-05:00,6.309999942779541,6.329999923706055,6.03000020980835,6.170000076293945,4100,0.0,0.0
2025-02-11 00:00:00-05:00,6.289999961853027,6.300000190734863,6.0,6.0,4400,0.0,0.0
2025-02-12 00:00:00-05:00,6.010000228881836,6.130000114440918,5.619999885559082,5.960000038146973,11800,0.0,0.0
2025-02-13 00:00:00-05:00,5.920000076293945,6.079999923706055,5.800000190734863,6.039999961853027,4900,0.0,0.0
2025-02-14 00:00:00-05:00,5.699999809265137,6.230000019073486,5.699999809265137,6.230000019073486,7800,0.0,0.0
2025-02-18 00:00:00-05:00,6.150000095367432,6.150000095367432,6.050000190734863,6.110000133514404,2700,0.0,0.0
2025-02-19 00:00:00-05:00,6.03000020980835,6.199999809265137,6.019999980926514,6.199999809265137,2300,0.0,0.0
2025-02-20 00:00:00-05:00,5.989999771118164,6.059999942779541,5.989999771118164,6.0,5900,0.0,0.0
2025-02-21 00:00:00-05:00,5.75,6.150000095367432,5.75,6.090000152587891,20700,0.0,0.0
2025-02-24 00:00:00-05:00,6.050000190734863,6.199999809265137,5.880000114440918,6.03000020980835,9700,0.0,0.0
2025-02-25 00:00:00-05:00,6.0,6.0,5.820000171661377,5.820000171661377,7500,0.0,0.0
2025-02-26 00:00:00-05:00,5.650000095367432,5.940000057220459,5.619999885559082,5.909999847412109,3800,0.0,0.0
2025-02-27 00:00:00-05:00,6.099999904632568,6.199999809265137,6.010000228881836,6.039999961853027,9100,0.0,0.0
2025-02-28 00:00:00-05:00,6.039999961853027,6.199999809265137,5.849999904632568,6.119999885559082,5600,0.0,0.0
2025-03-03 00:00:00-05:00,5.980000019073486,6.21999979019165,5.96999979019165,5.980000019073486,4100,0.0,0.0
2025-03-04 00:00:00-05:00,6.110000133514404,6.170000076293945,5.840000152587891,6.010000228881836,1900,0.0,0.0
2025-03-05 00:00:00-05:00,6.050000190734863,6.050000190734863,5.800000190734863,5.900000095367432,8900,0.0,0.0
2025-03-06 00:00:00-05:00,6.079999923706055,6.150000095367432,5.75,6.150000095367432,15100,0.0,0.0
2025-03-07 00:00:00-05:00,5.840000152587891,6.190000057220459,5.840000152587891,6.050000190734863,9100,0.0,0.0
2025-03-10 00:00:00-04:00,6.0,6.25,5.849999904632568,5.860000133514404,15300,0.0,0.0
2025-03-11 00:00:00-04:00,5.699999809265137,6.099999904632568,5.699999809265137,6.039999961853027,10200,0.0,0.0
2025-03-12 00:00:00-04:00,5.929999828338623,6.130000114440918,5.900000095367432,5.900000095367432,2700,0.0,0.0
2025-03-13 00:00:00-04:00,6.019999980926514,6.190000057220459,6.010000228881836,6.170000076293945,6000,0.0,0.0
2025-03-14 00:00:00-04:00,6.28000020980835,6.28000020980835,5.96999979019165,6.139999866485596,10700,0.0,0.0
2025-03-17 00:00:00-04:00,6.110000133514404,6.199999809265137,6.03000020980835,6.090000152587891,14100,0.0,0.0
2025-03-18 00:00:00-04:00,5.949999809265137,5.989999771118164,5.610000133514404,5.920000076293945,10800,0.0,0.0
2025-03-19 00:00:00-04:00,5.920000076293945,5.960000038146973,5.800000190734863,5.929999828338623,8600,0.0,0.0
2025-03-20 00:00:00-04:00,5.849999904632568,6.139999866485596,5.849999904632568,6.050000190734863,10600,0.0,0.0
2025-03-21 00:00:00-04:00,5.860000133514404,6.139999866485596,5.860000133514404,6.059999942779541,11800,0.0,0.0
2025-03-24 00:00:00-04:00,6.099999904632568,6.099999904632568,5.869999885559082,5.960000038146973,3300,0.0,0.0
2025-03-25 00:00:00-04:00,5.940000057220459,6.179999828338623,5.940000057220459,6.010000228881836,7700,0.0,0.0
2025-03-26 00:00:00-04:00,6.190000057220459,6.190000057220459,6.019999980926514,6.019999980926514,3700,0.0,0.0
2025-03-27 00:00:00-04:00,5.940000057220459,6.110000133514404,5.940000057220459,6.059999942779541,1400,0.0,0.0
2025-03-28 00:00:00-04:00,5.949999809265137,6.050000190734863,5.789999961853027,6.050000190734863,2500,0.0,0.0
2025-03-31 00:00:00-04:00,5.75,6.039999961853027,5.75,5.940000057220459,4400,0.0,0.0
2025-04-01 00:00:00-04:00,6.059999942779541,6.190000057220459,6.0,6.050000190734863,1900,0.0,0.0
2025-04-02 00:00:00-04:00,6.059999942779541,6.090000152587891,5.909999847412109,5.920000076293945,1800,0.0,0.0
2025-04-03 00:00:00-04:00,6.0,6.130000114440918,5.96999979019165,6.050000190734863,4000,0.0,0.0
2025-04-04 00:00:00-04:00,6.0,6.139999866485596,5.949999809265137,6.050000190734863,9900,0.0,0.0
2025-04-07 00:00:00-04:00,5.829999923706055,6.019999980926514,5.650000095367432,5.949999809265137,7000,0.0,0.0
2025-04-08 00:00:00-04:00,5.829999923706055,5.949999809265137,5.829999923706055,5.909999847412109,4000,0.0,0.0
2025-04-09 00:00:00-04:00,5.809999942779541,5.960000038146973,5.809999942779541,5.900000095367432,1200,0.0,0.0
2025-04-10 00:00:00-04:00,5.900000095367432,5.909999847412109,5.829999923706055,5.849999904632568,2500,0.0,0.0
2025-04-11 00:00:00-04:00,5.900000095367432,6.0,5.840000152587891,5.949999809265137,1600,0.0,0.0
2025-04-14 00:00:00-04:00,5.980000019073486,5.980000019073486,5.980000019073486,5.980000019073486,500,0.0,0.0
2025-04-15 00:00:00-04:00,5.900000095367432,5.96999979019165,5.590000152587891,5.960000038146973,7700,0.0,0.0
2025-04-16 00:00:00-04:00,5.989999771118164,6.25,5.989999771118164,6.25,2400,0.0,0.0
2025-04-17 00:00:00-04:00,6.099999904632568,6.099999904632568,6.090000152587891,6.090000152587891,500,0.0,0.0
2025-04-21 00:00:00-04:00,6.050000190734863,6.150000095367432,6.0,6.03000020980835,1700,0.0,0.0
2025-04-22 00:00:00-04:00,6.0,6.039999961853027,5.989999771118164,6.03000020980835,18200,0.0,0.0
2025-04-23 00:00:00-04:00,6.039999961853027,6.039999961853027,5.989999771118164,6.03000020980835,1800,0.0,0.0
2025-04-24 00:00:00-04:00,6.039999961853027,6.039999961853027,5.980000019073486,5.980000019073486,3100,0.0,0.0
2025-04-25 00:00:00-04:00,5.96999979019165,6.039999961853027,5.96999979019165,6.039999961853027,6500,0.0,0.0
2025-04-28 00:00:00-04:00,6.03000020980835,6.03000020980835,6.0,6.019999980926514,2000,0.0,0.0
2025-04-29 00:00:00-04:00,6.039999961853027,6.139999866485596,5.989999771118164,6.099999904632568,11100,0.0,0.0
2025-04-30 00:00:00-04:00,6.170000076293945,6.170000076293945,6.0,6.070000171661377,4900,0.0,0.0
2025-05-01 00:00:00-04:00,6.050000190734863,6.090000152587891,6.0,6.0,1800,0.0,0.0
2025-05-02 00:00:00-04:00,6.050000190734863,6.050000190734863,6.0,6.010000228881836,2200,0.0,0.0
2025-05-05 00:00:00-04:00,6.0,6.090000152587891,6.0,6.0,1100,0.0,0.0
2025-05-06 00:00:00-04:00,6.039999961853027,6.050000190734863,6.019999980926514,6.019999980926514,1000,0.0,0.0
2025-05-07 00:00:00-04:00,5.989999771118164,6.070000171661377,5.420000076293945,5.710000038146973,20200,0.0,0.0
2025-05-08 00:00:00-04:00,5.760000228881836,5.800000190734863,5.670000076293945,5.71999979019165,6900,0.0,0.0
2025-05-09 00:00:00-04:00,5.730000019073486,5.849999904632568,5.730000019073486,5.800000190734863,2600,0.0,0.0
2025-05-12 00:00:00-04:00,6.090000152587891,6.090000152587891,5.900000095367432,5.96999979019165,4600,0.0,0.0
2025-05-13 00:00:00-04:00,6.079999923706055,6.079999923706055,5.710000038146973,5.909999847412109,13800,0.0,0.0
2025-05-14 00:00:00-04:00,6.0,6.0,5.739999771118164,5.739999771118164,9100,0.0,0.0
2025-05-15 00:00:00-04:00,5.75,5.880000114440918,5.71999979019165,5.860000133514404,2500,0.0,0.0
2025-05-16 00:00:00-04:00,5.949999809265137,6.0,5.78000020980835,5.800000190734863,5100,0.0,0.0
2025-05-19 00:00:00-04:00,5.889999866485596,5.949999809265137,5.78000020980835,5.940000057220459,4300,0.0,0.0
2025-05-20 00:00:00-04:00,5.960000038146973,6.03000020980835,5.860000133514404,5.860000133514404,4400,0.0,0.0
2025-05-21 00:00:00-04:00,5.800000190734863,5.840000152587891,5.78000020980835,5.829999923706055,3200,0.0,0.0
2025-05-22 00:00:00-04:00,5.880000114440918,5.949999809265137,5.829999923706055,5.829999923706055,1900,0.0,0.0
2025-05-23 00:00:00-04:00,5.889999866485596,5.900000095367432,5.800000190734863,5.829999923706055,1700,0.0,0.0
2025-05-27 00:00:00-04:00,5.949999809265137,6.0,5.840000152587891,5.869999885559082,2800,0.0,0.0
2025-05-28 00:00:00-04:00,5.840000152587891,5.909999847412109,5.840000152587891,5.900000095367432,1000,0.0,0.0
2025-05-29 00:00:00-04:00,5.889999866485596,5.960000038146973,5.889999866485596,5.929999828338623,4300,0.0,0.0
2025-05-30 00:00:00-04:00,5.929999828338623,5.929999828338623,5.809999942779541,5.869999885559082,3100,0.0,0.0
2025-06-02 00:00:00-04:00,5.929999828338623,5.929999828338623,5.869999885559082,5.889999866485596,9500,0.0,0.0
2025-06-03 00:00:00-04:00,5.989999771118164,5.989999771118164,5.849999904632568,5.96999979019165,5100,0.0,0.0
2025-06-04 00:00:00-04:00,5.960000038146973,5.980000019073486,5.840000152587891,5.900000095367432,3900,0.0,0.0
2025-06-05 00:00:00-04:00,5.960000038146973,5.980000019073486,5.78000020980835,5.829999923706055,15500,0.0,0.0
2025-06-06 00:00:00-04:00,5.869999885559082,5.949999809265137,5.800000190734863,5.849999904632568,2900,0.0,0.0
2025-06-09 00:00:00-04:00,5.809999942779541,5.96999979019165,5.809999942779541,5.96999979019165,6300,0.0,0.0
2025-06-10 00:00:00-04:00,5.849999904632568,5.929999828338623,5.78000020980835,5.929999828338623,9300,0.0,0.0
2025-06-11 00:00:00-04:00,5.75,5.909999847412109,5.75,5.75,4400,0.0,0.0
2025-06-12 00:00:00-04:00,5.659999847412109,5.880000114440918,5.659999847412109,5.789999961853027,4800,0.0,0.0
2025-06-13 00:00:00-04:00,5.769999980926514,5.769999980926514,5.75,5.75,4400,0.0,0.0
2025-06-16 00:00:00-04:00,5.679999828338623,5.829999923706055,5.670000076293945,5.679999828338623,3200,0.0,0.0
2025-06-17 00:00:00-04:00,5.730000019073486,5.730000019073486,5.510000228881836,5.599999904632568,4600,0.0,0.0
2025-06-18 00:00:00-04:00,5.510000228881836,5.849999904632568,5.510000228881836,5.739999771118164,2600,0.0,0.0
2025-06-20 00:00:00-04:00,5.820000171661377,7.179999828338623,5.0,5.510000228881836,153600,0.0,0.0
2025-06-23 00:00:00-04:00,5.53000020980835,5.800000190734863,5.110000133514404,5.5,7400,0.0,0.0
2025-06-24 00:00:00-04:00,5.53000020980835,6.050000190734863,4.900000095367432,4.920000076293945,168100,0.0,0.0
2025-06-25 00:00:00-04:00,4.5,5.070000171661377,4.5,4.849999904632568,10800,0.0,0.0
2025-06-26 00:00:00-04:00,5.0,5.150000095367432,5.0,5.0,3200,0.0,0.0
2025-06-27 00:00:00-04:00,5.25,5.380000114440918,5.050000190734863,5.380000114440918,16300,0.0,0.0
2025-06-30 00:00:00-04:00,5.300000190734863,5.650000095367432,5.150000095367432,5.550000190734863,36100,0.0,0.0
2025-07-01 00:00:00-04:00,5.389999866485596,5.889999866485596,5.389999866485596,5.46999979019165,35100,0.0,0.0
2025-07-02 00:00:00-04:00,5.510000228881836,5.710000038146973,5.510000228881836,5.670000076293945,6500,0.0,0.0
2025-07-03 00:00:00-04:00,5.5,5.699999809265137,5.5,5.639999866485596,5200,0.0,0.0
2025-07-07 00:00:00-04:00,5.570000171661377,5.860000133514404,5.570000171661377,5.599999904632568,11300,0.0,0.0
2025-07-08 00:00:00-04:00,5.639999866485596,5.730000019073486,5.53000020980835,5.53000020980835,9400,0.0,0.0
2025-07-09 00:00:00-04:00,5.460000038146973,5.75,5.400000095367432,5.400000095367432,17200,0.0,0.0
2025-07-10 00:00:00-04:00,5.380000114440918,5.590000152587891,5.21999979019165,5.369999885559082,8900,0.0,0.0
2025-07-11 00:00:00-04:00,5.400000095367432,5.53000020980835,5.210000038146973,5.300000190734863,14200,0.0,0.0
2025-07-14 00:00:00-04:00,5.239999771118164,5.300000190734863,5.239999771118164,5.289999961853027,2300,0.0,0.0
2025-07-15 00:00:00-04:00,5.230000019073486,5.230000019073486,4.940000057220459,4.940000057220459,7900,0.0,0.0
2025-07-16 00:00:00-04:00,5.0,5.0,4.900000095367432,4.909999847412109,8600,0.0,0.0
2025-07-17 00:00:00-04:00,4.900000095367432,4.940000057220459,4.690000057220459,4.809999942779541,9000,0.0,0.0
2025-07-18 00:00:00-04:00,5.059999942779541,5.099999904632568,4.760000228881836,4.760000228881836,7300,0.0,0.0
2025-07-21 00:00:00-04:00,4.809999942779541,4.929999828338623,4.650000095367432,4.809999942779541,9200,0.0,0.0
2025-07-22 00:00:00-04:00,4.789999961853027,5.0,4.699999809265137,5.0,1100,0.0,0.0
2025-07-23 00:00:00-04:00,5.0,5.0,5.0,5.0,400,0.0,0.0
2025-07-24 00:00:00-04:00,4.840000152587891,4.889999866485596,4.789999961853027,4.789999961853027,1400,0.0,0.0
2025-07-25 00:00:00-04:00,4.809999942779541,4.809999942779541,4.809999942779541,4.809999942779541,500,0.0,0.0
2025-07-28 00:00:00-04:00,4.949999809265137,4.949999809265137,4.78000020980835,4.78000020980835,3400,0.0,0.0
2025-07-29 00:00:00-04:00,4.800000190734863,4.860000133514404,4.800000190734863,4.860000133514404,900,0.0,0.0
2025-07-30 00:00:00-04:00,4.78000020980835,4.849999904632568,4.78000020980835,4.849999904632568,900,0.0,0.0
2025-07-31 00:00:00-04:00,4.909999847412109,4.909999847412109,4.75,4.809999942779541,4000,0.0,0.0
2025-08-01 00:00:00-04:00,4.809999942779541,4.820000171661377,4.75,4.809999942779541,1000,0.0,0.0
2025-08-04 00:00:00-04:00,4.75,4.760000228881836,4.650000095367432,4.650000095367432,5100,0.0,0.0
2025-08-05 00:00:00-04:00,4.659999847412109,4.800000190734863,4.659999847412109,4.730000019073486,800,0.0,0.0
2025-08-06 00:00:00-04:00,4.739999771118164,4.739999771118164,4.739999771118164,4.739999771118164,500,0.0,0.0
2025-08-07 00:00:00-04:00,4.71999979019165,4.71999979019165,4.71999979019165,4.71999979019165,300,0.0,0.0
2025-08-08 00:00:00-04:00,4.75,4.760000228881836,4.75,4.760000228881836,1600,0.0,0.0
2025-08-11 00:00:00-04:00,4.650000095367432,4.840000152587891,4.650000095367432,4.840000152587891,3600,0.0,0.0
2025-08-12 00:00:00-04:00,4.860000133514404,4.860000133514404,4.610000133514404,4.619999885559082,1800,0.0,0.0
2025-08-13 00:00:00-04:00,4.610000133514404,4.829999923706055,4.610000133514404,4.75,2500,0.0,0.0
2025-08-14 00:00:00-04:00,4.679999828338623,4.679999828338623,4.679999828338623,4.679999828338623,700,0.0,0.0
2025-08-15 00:00:00-04:00,4.679999828338623,4.679999828338623,4.679999828338623,4.679999828338623,0,0.0,0.0
2025-08-18 00:00:00-04:00,4.650000095367432,4.699999809265137,4.650000095367432,4.650000095367432,1700,0.0,0.0
2025-08-19 00:00:00-04:00,4.599999904632568,4.639999866485596,4.550000190734863,4.550000190734863,3400,0.0,0.0
2025-08-20 00:00:00-04:00,4.510000228881836,4.639999866485596,4.289999961853027,4.380000114440918,4000,0.0,0.0
2025-08-21 00:00:00-04:00,4.429999828338623,4.449999809265137,4.260000228881836,4.260000228881836,7200,0.0,0.0
2025-08-22 00:00:00-04:00,4.300000190734863,4.349999904632568,4.090000152587891,4.110000133514404,12600,0.0,0.0
2025-08-25 00:00:00-04:00,4.150000095367432,4.449999809265137,4.150000095367432,4.349999904632568,4100,0.0,0.0
2025-08-26 00:00:00-04:00,4.380000114440918,4.449999809265137,4.340000152587891,4.340000152587891,900,0.0,0.0
2025-08-27 00:00:00-04:00,4.349999904632568,4.550000190734863,4.300000190734863,4.300000190734863,2600,0.0,0.0
2025-08-28 00:00:00-04:00,4.429999828338623,4.5,4.360000133514404,4.400000095367432,2600,0.0,0.0
2025-08-29 00:00:00-04:00,4.360000133514404,4.769999980926514,4.360000133514404,4.639999866485596,3200,0.0,0.0
2025-09-02 00:00:00-04:00,4.53000020980835,4.800000190734863,4.349999904632568,4.369999885559082,6600,0.0,0.0
2025-09-03 00:00:00-04:00,4.369999885559082,4.369999885559082,4.369999885559082,4.369999885559082,0,0.0,0.0
2025-09-04 00:00:00-04:00,4.420000076293945,4.420000076293945,4.420000076293945,4.420000076293945,1000,0.0,0.0
2025-09-05 00:00:00-04:00,4.840000152587891,5.070000171661377,4.840000152587891,4.900000095367432,3600,0.0,0.0
2025-09-08 00:00:00-04:00,4.880000114440918,5.070000171661377,4.880000114440918,4.909999847412109,1400,0.0,0.0
2025-09-09 00:00:00-04:00,4.949999809265137,5.059999942779541,4.940000057220459,4.949999809265137,1400,0.0,0.0
2025-09-10 00:00:00-04:00,5.090000152587891,5.090000152587891,4.860000133514404,5.079999923706055,1700,0.0,0.0
2025-09-11 00:00:00-04:00,4.900000095367432,4.909999847412109,4.800000190734863,4.800000190734863,900,0.0,0.0
2025-09-12 00:00:00-04:00,5.0,5.0,5.0,5.0,700,0.0,0.0
2025-09-15 00:00:00-04:00,5.099999904632568,5.099999904632568,4.400000095367432,4.539999961853027,15100,0.0,0.0
2025-09-16 00:00:00-04:00,4.590000152587891,4.849999904632568,4.309999942779541,4.480000019073486,33400,0.0,0.0
2025-09-17 00:00:00-04:00,4.309999942779541,4.449999809265137,4.210000038146973,4.210000038146973,9300,0.0,0.0
2025-09-18 00:00:00-04:00,4.150000095367432,4.570000171661377,4.150000095367432,4.400000095367432,1900,0.0,0.0
2025-09-19 00:00:00-04:00,4.260000228881836,4.5,4.139999866485596,4.139999866485596,3900,0.0,0.0
2025-09-22 00:00:00-04:00,4.159999847412109,4.159999847412109,3.299999952316284,3.549999952316284,52900,0.0,0.0
2025-09-23 00:00:00-04:00,3.5999999046325684,3.8499999046325684,3.5899999141693115,3.700000047683716,10400,0.0,0.0
2025-09-24 00:00:00-04:00,3.740000009536743,3.8299999237060547,3.5,3.5199999809265137,16400,0.0,0.0
2025-09-25 00:00:00-04:00,3.4600000381469727,3.6700000762939453,3.4600000381469727,3.5,2500,0.0,0.0
2025-09-26 00:00:00-04:00,3.450000047683716,3.4700000286102295,3.4000000953674316,3.4600000381469727,3800,0.0,0.0
2025-09-29 00:00:00-04:00,3.619999885559082,3.7200000286102295,3.5299999713897705,3.6600000858306885,2700,0.0,0.0
2025-09-30 00:00:00-04:00,3.6600000858306885,3.680000066757202,3.4600000381469727,3.569999933242798,2100,0.0,0.0
2025-10-01 00:00:00-04:00,3.640000104904175,3.75,3.5799999237060547,3.75,1400,0.0,0.0
2025-10-02 00:00:00-04:00,3.6500000953674316,3.759999990463257,3.559999942779541,3.690000057220459,2200,0.0,0.0
2025-10-03 00:00:00-04:00,3.690000057220459,3.690000057220459,3.559999942779541,3.619999885559082,3000,0.0,0.0
2025-10-06 00:00:00-04:00,3.619999885559082,3.819999933242798,3.450000047683716,3.6700000762939453,7000,0.0,0.0
2025-10-07 00:00:00-04:00,3.609999895095825,3.6500000953674316,3.359999895095825,3.630000114440918,13300,0.0,0.0
2025-10-08 00:00:00-04:00,3.4600000381469727,3.6700000762939453,3.369999885559082,3.430000066757202,16000,0.0,0.0
2025-10-09 00:00:00-04:00,3.450000047683716,3.6600000858306885,3.4100000858306885,3.5799999237060547,3600,0.0,0.0
2025-10-10 00:00:00-04:00,3.5,3.740000009536743,3.430000066757202,3.740000009536743,7100,0.0,0.0
2025-10-13 00:00:00-04:00,3.609999895095825,3.640000104904175,3.299999952316284,3.369999885559082,32000,0.0,0.0
2025-10-14 00:00:00-04:00,3.430000066757202,3.619999885559082,3.4100000858306885,3.5899999141693115,21700,0.0,0.0
2025-10-15 00:00:00-04:00,3.490000009536743,3.6600000858306885,3.490000009536743,3.5999999046325684,5900,0.0,0.0
2025-10-16 00:00:00-04:00,3.5999999046325684,3.7200000286102295,3.4600000381469727,3.5,5400,0.0,0.0
2025-10-17 00:00:00-04:00,3.5999999046325684,3.7799999713897705,3.5999999046325684,3.75,15600,0.0,0.0
2025-10-20 00:00:00-04:00,3.8299999237060547,3.9700000286102295,3.640000104904175,3.799999952316284,9200,0.0,0.0
2025-10-21 00:00:00-04:00,3.809999942779541,3.9700000286102295,3.680000066757202,3.9000000953674316,3400,0.0,0.0
2025-10-22 00:00:00-04:00,3.8499999046325684,4.0,3.8499999046325684,3.9000000953674316,1800,0.0,0.0
2025-10-23 00:00:00-04:00,3.799999952316284,3.880000114440918,3.75,3.75,14400,0.0,0.0
2025-10-24 00:00:00-04:00,3.7699999809265137,3.8299999237060547,3.7100000381469727,3.7100000381469727,4300,0.0,0.0
2025-10-27 00:00:00-04:00,3.680000066757202,3.8399999141693115,3.640000104904175,3.8299999237060547,5400,0.0,0.0
2025-10-28 00:00:00-04:00,3.5299999713897705,3.8399999141693115,3.5299999713897705,3.549999952316284,5500,0.0,0.0
2025-10-29 00:00:00-04:00,3.509999990463257,3.740000009536743,3.509999990463257,3.549999952316284,3700,0.0,0.0
2025-10-30 00:00:00-04:00,3.490000009536743,3.6600000858306885,3.440000057220459,3.490000009536743,6000,0.0,0.0
2025-10-31 00:00:00-04:00,3.509999990463257,3.509999990463257,2.490000009536743,3.1500000953674316,123100,0.0,0.0
2025-11-03 00:00:00-05:00,3.180000066757202,3.390000104904175,2.9600000381469727,3.0899999141693115,10200,0.0,0.0
2025-11-04 00:00:00-05:00,3.069999933242798,3.069999933242798,2.950000047683716,3.009999990463257,13700,0.0,0.0
2025-11-05 00:00:00-05:00,2.9100000858306885,3.0,2.75,2.819999933242798,20500,0.0,0.0
2025-11-06 00:00:00-05:00,2.799999952316284,2.950000047683716,2.799999952316284,2.890000104904175,9100,0.0,0.0
2025-11-07 00:00:00-05:00,2.819999933242798,2.890000104904175,2.75,2.819999933242798,3400,0.0,0.0
2025-11-10 00:00:00-05:00,2.8299999237060547,2.8299999237060547,2.549999952316284,2.619999885559082,55600,0.0,0.0
2025-11-11 00:00:00-05:00,2.6700000762939453,2.700000047683716,2.509999990463257,2.569999933242798,9200,0.0,0.0
2025-11-12 00:00:00-05:00,2.7100000381469727,2.7100000381469727,2.5,2.5799999237060547,27500,0.0,0.0
2025-11-13 00:00:00-05:00,2.5799999237060547,2.9000000953674316,2.569999933242798,2.759999990463257,9400,0.0,0.0
2025-11-14 00:00:00-05:00,2.8399999141693115,2.8399999141693115,2.559999942779541,2.6700000762939453,9000,0.0,0.0
2025-11-17 00:00:00-05:00,2.559999942779541,2.759999990463257,2.559999942779541,2.640000104904175,3300,0.0,0.0
2025-11-18 00:00:00-05:00,2.5999999046325684,2.5999999046325684,2.5,2.5199999809265137,9400,0.0,0.0
2025-11-19 00:00:00-05:00,2.5199999809265137,2.7799999713897705,2.509999990463257,2.509999990463257,1800,0.0,0.0
2025-11-20 00:00:00-05:00,2.609999895095825,2.740000009536743,2.5,2.559999942779541,9000,0.0,0.0
2025-11-21 00:00:00-05:00,2.5999999046325684,2.5999999046325684,2.509999990463257,2.5899999141693115,13000,0.0,0.0
2025-11-24 00:00:00-05:00,2.609999895095825,2.609999895095825,2.5299999713897705,2.5799999237060547,6300,0.0,0.0
2025-11-25 00:00:00-05:00,2.619999885559082,2.7300000190734863,2.609999895095825,2.7300000190734863,13000,0.0,0.0
2025-11-26 00:00:00-05:00,2.7200000286102295,2.880000114440918,2.609999895095825,2.700000047683716,6900,0.0,0.0
2025-11-28 00:00:00-05:00,2.700000047683716,2.700000047683716,2.6700000762939453,2.6700000762939453,1500,0.0,0.0
2025-12-01 00:00:00-05:00,2.8299999237060547,2.940000057220459,2.799999952316284,2.930000066757202,7600,0.0,0.0
2025-12-02 00:00:00-05:00,2.9200000762939453,2.950000047683716,2.7200000286102295,2.8499999046325684,12200,0.0,0.0
2025-12-03 00:00:00-05:00,2.8499999046325684,2.950000047683716,2.759999990463257,2.890000104904175,4300,0.0,0.0
2025-12-04 00:00:00-05:00,2.9100000858306885,3.0,2.7100000381469727,2.950000047683716,13900,0.0,0.0
2025-12-05 00:00:00-05:00,2.930000066757202,3.0,2.809999942779541,2.8499999046325684,14800,0.0,0.0
2025-12-08 00:00:00-05:00,2.9800000190734863,2.990000009536743,2.9000000953674316,2.9000000953674316,4300,0.0,0.0
2025-12-09 00:00:00-05:00,2.9100000858306885,3.0,2.9100000858306885,2.9200000762939453,5600,0.0,0.0
2025-12-10 00:00:00-05:00,2.9100000858306885,2.990000009536743,2.8499999046325684,2.8499999046325684,6200,0.0,0.0
2025-12-11 00:00:00-05:00,2.809999942779541,2.990000009536743,2.809999942779541,2.990000009536743,5100,0.0,0.0
2025-12-12 00:00:00-05:00,2.9800000190734863,3.0,2.809999942779541,2.940000057220459,2000,0.0,0.0
2025-12-15 00:00:00-05:00,2.950000047683716,2.990000009536743,2.819999933242798,2.819999933242798,3300,0.0,0.0
2025-12-16 00:00:00-05:00,2.8299999237060547,2.9100000858306885,2.8299999237060547,2.8399999141693115,19700,0.0,0.0
2025-12-17 00:00:00-05:00,2.8399999141693115,2.930000066757202,2.8399999141693115,2.930000066757202,5900,0.0,0.0
2025-12-18 00:00:00-05:00,2.9200000762939453,2.9800000190734863,2.9000000953674316,2.9000000953674316,6100,0.0,0.0
2025-12-19 00:00:00-05:00,2.880000114440918,2.880000114440918,2.799999952316284,2.809999942779541,2500,0.0,0.0
2025-12-22 00:00:00-05:00,2.799999952316284,3.380000114440918,2.799999952316284,3.049999952316284,40900,0.0,0.0
2025-12-23 00:00:00-05:00,3.0,3.4000000953674316,3.0,3.059999942779541,38500,0.0,0.0
2025-12-24 00:00:00-05:00,2.990000009536743,3.130000114440918,2.859999895095825,3.0799999237060547,15300,0.0,0.0
2025-12-26 00:00:00-05:00,3.059999942779541,3.299999952316284,2.940000057220459,3.1500000953674316,54100,0.0,0.0
2025-12-29 00:00:00-05:00,3.059999942779541,3.2200000286102295,2.950000047683716,3.0299999713897705,28500,0.0,0.0
2025-12-30 00:00:00-05:00,3.1500000953674316,3.1500000953674316,2.9000000953674316,3.0399999618530273,13500,0.0,0.0
2025-12-31 00:00:00-05:00,3.1500000953674316,3.180000066757202,3.0,3.049999952316284,12900,0.0,0.0
2026-01-02 00:00:00-05:00,3.0899999141693115,3.3399999141693115,3.009999990463257,3.1700000762939453,4200,0.0,0.0
2026-01-05 00:00:00-05:00,3.1700000762939453,3.2200000286102295,3.0799999237060547,3.0799999237060547,12900,0.0,0.0
2026-01-06 00:00:00-05:00,3.1600000858306885,3.240000009536743,3.0899999141693115,3.0899999141693115,4900,0.0,0.0
2026-01-07 00:00:00-05:00,3.0899999141693115,3.109999895095825,3.049999952316284,3.049999952316284,1100,0.0,0.0
2026-01-08 00:00:00-05:00,3.059999942779541,3.059999942779541,3.0,3.0,3400,0.0,0.0
2026-01-09 00:00:00-05:00,3.0,3.0799999237060547,2.880000114440918,2.880000114440918,8300,0.0,0.0
2026-01-12 00:00:00-05:00,2.9100000858306885,3.049999952316284,2.799999952316284,2.9100000858306885,12700,0.0,0.0
2026-01-13 00:00:00-05:00,2.9200000762939453,2.930000066757202,2.819999933242798,2.8499999046325684,5800,0.0,0.0
2026-01-14 00:00:00-05:00,2.890000104904175,2.9700000286102295,2.7799999713897705,2.930000066757202,10900,0.0,0.0
2026-01-15 00:00:00-05:00,2.940000057220459,3.049999952316284,2.930000066757202,3.0,3100,0.0,0.0
2026-01-16 00:00:00-05:00,2.9000000953674316,3.0199999809265137,2.9000000953674316,2.9700000286102295,1700,0.0,0.0
2026-01-20 00:00:00-05:00,3.0,3.059999942779541,2.9100000858306885,3.059999942779541,22300,0.0,0.0
2026-01-21 00:00:00-05:00,2.930000066757202,2.990000009536743,2.6600000858306885,2.6600000858306885,10100,0.0,0.0
2026-01-22 00:00:00-05:00,2.75,2.8299999237060547,2.700000047683716,2.7100000381469727,5000,0.0,0.0
2026-01-23 00:00:00-05:00,2.9000000953674316,2.9000000953674316,2.75,2.75,3400,0.0,0.0
2026-01-26 00:00:00-05:00,2.7200000286102295,2.799999952316284,2.7200000286102295,2.799999952316284,3000,0.0,0.0
2026-01-27 00:00:00-05:00,2.7200000286102295,2.809999942779541,2.7200000286102295,2.799999952316284,5600,0.0,0.0
2026-01-28 00:00:00-05:00,2.7699999809265137,2.9100000858306885,2.700000047683716,2.7799999713897705,15900,0.0,0.0
2026-01-29 00:00:00-05:00,2.7799999713897705,2.859999895095825,2.7799999713897705,2.8299999237060547,4800,0.0,0.0
2026-01-30 00:00:00-05:00,2.799999952316284,2.890000104904175,2.7899999618530273,2.7899999618530273,2400,0.0,0.0
2026-02-02 00:00:00-05:00,2.7100000381469727,2.75,2.6600000858306885,2.7200000286102295,8300,0.0,0.0
2026-02-03 00:00:00-05:00,2.8299999237060547,2.8299999237060547,2.7200000286102295,2.7899999618530273,6500,0.0,0.0
2026-02-04 00:00:00-05:00,2.809999942779541,2.809999942779541,2.7200000286102295,2.759999990463257,3200,0.0,0.0
2026-02-05 00:00:00-05:00,2.700000047683716,2.9100000858306885,2.6500000953674316,2.6600000858306885,13000,0.0,0.0
2026-02-06 00:00:00-05:00,2.75,2.859999895095825,2.5999999046325684,2.5999999046325684,3400,0.0,0.0
2026-02-09 00:00:00-05:00,2.5999999046325684,2.740000009536743,2.5999999046325684,2.619999885559082,7600,0.0,0.0
2026-02-10 00:00:00-05:00,2.609999895095825,2.7200000286102295,2.609999895095825,2.619999885559082,1300,0.0,0.0
2026-02-11 00:00:00-05:00,2.630000114440918,2.6700000762939453,2.619999885559082,2.630000114440918,1800,0.0,0.0
2026-02-12 00:00:00-05:00,2.609999895095825,2.609999895095825,2.549999952316284,2.549999952316284,1400,0.0,0.0
2026-02-13 00:00:00-05:00,2.6500000953674316,2.6500000953674316,2.5799999237060547,2.5799999237060547,1000,0.0,0.0
2026-02-17 00:00:00-05:00,2.5999999046325684,2.7100000381469727,2.549999952316284,2.5799999237060547,5300,0.0,0.0
2026-02-18 00:00:00-05:00,2.549999952316284,2.690000057220459,2.549999952316284,2.559999942779541,1900,0.0,0.0
2026-02-19 00:00:00-05:00,2.569999933242798,2.7200000286102295,2.549999952316284,2.640000104904175,1600,0.0,0.0
2026-02-20 00:00:00-05:00,2.700000047683716,2.7200000286102295,2.5999999046325684,2.6700000762939453,6800,0.0,0.0
2026-02-23 00:00:00-05:00,2.6700000762939453,2.6700000762939453,2.5999999046325684,2.5999999046325684,2000,0.0,0.0
2026-02-24 00:00:00-05:00,2.640000104904175,2.680000066757202,2.640000104904175,2.680000066757202,1300,0.0,0.0
2026-02-25 00:00:00-05:00,2.640000104904175,2.7200000286102295,2.5899999141693115,2.7100000381469727,3000,0.0,0.0
2026-02-26 00:00:00-05:00,2.559999942779541,2.740000009536743,2.5299999713897705,2.7200000286102295,10300,0.0,0.0
2026-02-27 00:00:00-05:00,2.7100000381469727,2.7100000381469727,2.5199999809265137,2.700000047683716,4000,0.0,0.0
2026-03-02 00:00:00-05:00,2.7300000190734863,2.7300000190734863,2.569999933242798,2.5999999046325684,4100,0.0,0.0
2026-03-03 00:00:00-05:00,2.630000114440918,2.819999933242798,2.549999952316284,2.619999885559082,9000,0.0,0.0
2026-03-04 00:00:00-05:00,2.690000057220459,2.7100000381469727,2.619999885559082,2.680000066757202,2000,0.0,0.0
2026-03-05 00:00:00-05:00,2.6700000762939453,2.6700000762939453,2.630000114440918,2.630000114440918,1400,0.0,0.0
2026-03-06 00:00:00-05:00,2.630000114440918,2.7100000381469727,2.630000114440918,2.7100000381469727,3800,0.0,0.0
2026-03-09 00:00:00-04:00,2.809999942779541,2.809999942779541,2.7200000286102295,2.740000009536743,1000,0.0,0.0
2026-03-10 00:00:00-04:00,2.640000104904175,2.7100000381469727,2.640000104904175,2.7100000381469727,1000,0.0,0.0
2026-03-11 00:00:00-04:00,2.5999999046325684,2.7300000190734863,2.5999999046325684,2.700000047683716,5000,0.0,0.0
2026-03-12 00:00:00-04:00,2.5899999141693115,2.619999885559082,2.5899999141693115,2.609999895095825,1400,0.0,0.0
2026-03-13 00:00:00-04:00,2.6500000953674316,2.6500000953674316,2.5999999046325684,2.5999999046325684,1200,0.0,0.0
2026-03-16 00:00:00-04:00,2.7799999713897705,2.7799999713897705,2.690000057220459,2.690000057220459,1300,0.0,0.0
2026-03-17 00:00:00-04:00,2.690000057220459,2.7200000286102295,2.569999933242798,2.6500000953674316,2900,0.0,0.0
2026-03-18 00:00:00-04:00,2.549999952316284,2.6500000953674316,2.549999952316284,2.630000114440918,2200,0.0,0.0
2026-03-19 00:00:00-04:00,2.569999933242798,2.690000057220459,2.569999933242798,2.690000057220459,3800,0.0,0.0
2026-03-20 00:00:00-04:00,2.6700000762939453,2.700000047683716,2.5,2.5,8000,0.0,0.0
2026-03-23 00:00:00-04:00,2.640000104904175,2.6700000762939453,2.509999990463257,2.6500000953674316,3300,0.0,0.0
2026-03-24 00:00:00-04:00,2.640000104904175,2.640000104904175,2.509999990463257,2.509999990463257,4500,0.0,0.0
2026-03-25 00:00:00-04:00,2.5999999046325684,2.6500000953674316,2.5199999809265137,2.5399999618530273,3200,0.0,0.0
2026-03-26 00:00:00-04:00,2.509999990463257,2.7200000286102295,2.509999990463257,2.5399999618530273,3200,0.0,0.0
2026-03-27 00:00:00-04:00,2.619999885559082,2.619999885559082,2.509999990463257,2.509999990463257,1800,0.0,0.0
2026-03-30 00:00:00-04:00,2.680000066757202,2.680000066757202,2.5399999618530273,2.5399999618530273,1500,0.0,0.0
2026-03-31 00:00:00-04:00,2.5999999046325684,2.5999999046325684,2.569999933242798,2.569999933242798,1500,0.0,0.0
2026-04-01 00:00:00-04:00,2.559999942779541,2.6600000858306885,2.559999942779541,2.640000104904175,2400,0.0,0.0
2026-04-02 00:00:00-04:00,2.5399999618530273,2.5399999618530273,2.5399999618530273,2.5399999618530273,600,0.0,0.0
2026-04-06 00:00:00-04:00,2.5399999618530273,2.6500000953674316,2.5399999618530273,2.6500000953674316,2100,0.0,0.0
2026-04-07 00:00:00-04:00,2.7100000381469727,2.759999990463257,2.7100000381469727,2.7300000190734863,2300,0.0,0.0
2026-04-08 00:00:00-04:00,2.7100000381469727,2.7100000381469727,2.7100000381469727,2.7100000381469727,1000,0.0,0.0
2026-04-09 00:00:00-04:00,2.630000114440918,2.6700000762939453,2.609999895095825,2.609999895095825,1100,0.0,0.0
2026-04-10 00:00:00-04:00,2.619999885559082,2.619999885559082,2.5,2.5,5800,0.0,0.0
2026-04-13 00:00:00-04:00,2.559999942779541,2.559999942779541,2.559999942779541,2.559999942779541,600,0.0,0.0
2026-04-14 00:00:00-04:00,2.6500000953674316,2.6600000858306885,2.5999999046325684,2.5999999046325684,2200,0.0,0.0
2026-04-15 00:00:00-04:00,2.559999942779541,2.6500000953674316,2.559999942779541,2.630000114440918,500,0.0,0.0
2026-04-16 00:00:00-04:00,2.7300000190734863,2.7300000190734863,2.6500000953674316,2.680000066757202,1500,0.0,0.0
2026-04-17 00:00:00-04:00,2.680000066757202,2.940000057220459,2.680000066757202,2.7799999713897705,7000,0.0,0.0
2026-04-20 00:00:00-04:00,2.7799999713897705,2.859999895095825,2.549999952316284,2.549999952316284,3200,0.0,0.0
2026-04-21 00:00:00-04:00,2.950000047683716,2.9600000381469727,2.700000047683716,2.9100000858306885,6100,0.0,0.0
2026-04-22 00:00:00-04:00,2.569999933242798,2.809999942779541,2.569999933242798,2.7200000286102295,3900,0.0,0.0
2026-04-23 00:00:00-04:00,2.5999999046325684,2.75,2.5999999046325684,2.7200000286102295,9600,0.0,0.0
2026-04-24 00:00:00-04:00,2.7200000286102295,2.799999952316284,2.700000047683716,2.7899999618530273,9500,0.0,0.0
2026-04-27 00:00:00-04:00,2.819999933242798,2.819999933242798,2.619999885559082,2.6700000762939453,2200,0.0,0.0
2026-04-28 00:00:00-04:00,2.8299999237060547,2.8299999237060547,2.8299999237060547,2.8299999237060547,800,0.0,0.0
2026-04-29 00:00:00-04:00,2.8299999237060547,2.8299999237060547,2.799999952316284,2.799999952316284,1600,0.0,0.0
2026-04-30 00:00:00-04:00,2.7200000286102295,2.8299999237060547,2.7200000286102295,2.809999942779541,900,0.0,0.0
2026-05-01 00:00:00-04:00,2.7300000190734863,2.8299999237060547,2.7300000190734863,2.759999990463257,2300,0.0,0.0
2026-05-04 00:00:00-04:00,2.809999942779541,2.950000047683716,2.700000047683716,2.700000047683716,6400,0.0,0.0
2026-05-05 00:00:00-04:00,2.950000047683716,2.950000047683716,2.940000057220459,2.940000057220459,2300,0.0,0.0
2026-05-06 00:00:00-04:00,2.7200000286102295,2.9035000801086426,2.7200000286102295,2.809999942779541,2858,0.0,0.0
