Date,Open,High,Low,Close,Volume,Dividends,Stock Splits
2022-01-03 00:00:00-05:00,7.130000114440918,7.25,7.105000019073486,7.21999979019165,4685500,0.0,0.0
2022-01-04 00:00:00-05:00,7.260000228881836,7.329999923706055,7.190000057220459,7.289999961853027,5867700,0.0,0.0
2022-01-05 00:00:00-05:00,7.25,7.269999980926514,6.710000038146973,6.900000095367432,30569400,0.0,0.0
2022-01-06 00:00:00-05:00,6.639999866485596,6.78000020980835,6.440000057220459,6.650000095367432,18589000,0.0,0.0
2022-01-07 00:00:00-05:00,6.650000095367432,6.840000152587891,6.519999980926514,6.809999942779541,20806900,0.0,0.0
2022-01-10 00:00:00-05:00,6.659999847412109,6.699999809265137,6.172999858856201,6.599999904632568,25171000,0.0,0.0
2022-01-11 00:00:00-05:00,6.590000152587891,6.809999942779541,6.21999979019165,6.539999961853027,32226700,0.0,0.0
2022-01-12 00:00:00-05:00,6.570000171661377,6.599999904632568,6.170000076293945,6.25,12255500,0.0,0.0
2022-01-13 00:00:00-05:00,6.239999771118164,6.260000228881836,5.980000019073486,6.110000133514404,23936200,0.0,0.0
2022-01-14 00:00:00-05:00,5.980000019073486,6.059999942779541,5.809999942779541,6.039999961853027,14430600,0.0,0.0
2022-01-18 00:00:00-05:00,5.860000133514404,5.889999866485596,5.400000095367432,5.539999961853027,37366700,0.0,0.0
2022-01-19 00:00:00-05:00,5.650000095367432,5.940000057220459,5.510000228881836,5.650000095367432,15743900,0.0,0.0
2022-01-20 00:00:00-05:00,5.730000019073486,5.96999979019165,5.710000038146973,5.940000057220459,19200700,0.0,0.0
2022-01-21 00:00:00-05:00,5.730000019073486,5.800000190734863,5.494999885559082,5.599999904632568,41267600,0.0,0.0
2022-01-24 00:00:00-05:00,5.389999866485596,5.590000152587891,5.170000076293945,5.559999942779541,26709000,0.0,0.0
2022-01-25 00:00:00-05:00,5.440000057220459,6.010000228881836,5.369999885559082,5.820000171661377,23614100,0.0,0.0
2022-01-26 00:00:00-05:00,5.940000057220459,6.260000228881836,5.800000190734863,5.940000057220459,49730900,0.0,0.0
2022-01-27 00:00:00-05:00,5.989999771118164,6.025000095367432,5.550000190734863,5.710000038146973,35972700,0.0,0.0
2022-01-28 00:00:00-05:00,5.670000076293945,5.690000057220459,5.210000038146973,5.510000228881836,34813100,0.0,0.0
2022-01-31 00:00:00-05:00,5.460000038146973,5.920000076293945,5.349999904632568,5.659999847412109,15311400,0.0,0.0
2022-02-01 00:00:00-05:00,5.670000076293945,5.889999866485596,5.610000133514404,5.699999809265137,8873400,0.0,0.0
2022-02-02 00:00:00-05:00,5.699999809265137,5.76200008392334,5.389999866485596,5.480000019073486,7885400,0.0,0.0
2022-02-03 00:00:00-05:00,5.46999979019165,5.5,4.960000038146973,4.980000019073486,14941100,0.0,0.0
2022-02-04 00:00:00-05:00,5.079999923706055,5.400000095367432,4.949999809265137,5.320000171661377,16123000,0.0,0.0
2022-02-07 00:00:00-05:00,5.380000114440918,5.489999771118164,5.269999980926514,5.340000152587891,8767900,0.0,0.0
2022-02-08 00:00:00-05:00,5.300000190734863,5.300000190734863,5.099999904632568,5.210000038146973,6864200,0.0,0.0
2022-02-09 00:00:00-05:00,5.260000228881836,5.579999923706055,5.199999809265137,5.550000190734863,8462600,0.0,0.0
2022-02-10 00:00:00-05:00,5.860000133514404,6.610000133514404,5.809999942779541,6.349999904632568,60463400,0.0,0.0
2022-02-11 00:00:00-05:00,6.130000114440918,6.309999942779541,5.760000228881836,5.889999866485596,25100600,0.0,0.0
2022-02-14 00:00:00-05:00,5.820000171661377,6.130000114440918,5.769999980926514,5.920000076293945,21790500,0.0,0.0
2022-02-15 00:00:00-05:00,6.005000114440918,6.230000019073486,5.889999866485596,6.0,18128000,0.0,0.0
2022-02-16 00:00:00-05:00,6.0,6.079999923706055,5.940000057220459,6.039999961853027,14953900,0.0,0.0
2022-02-17 00:00:00-05:00,5.99399995803833,6.054999828338623,5.744999885559082,5.809999942779541,12389300,0.0,0.0
2022-02-18 00:00:00-05:00,5.789999961853027,5.789999961853027,5.400000095367432,5.519999980926514,16555500,0.0,0.0
2022-02-22 00:00:00-05:00,5.380000114440918,5.480000019073486,4.960000038146973,5.170000076293945,27064600,0.0,0.0
2022-02-23 00:00:00-05:00,5.190000057220459,5.420000076293945,5.130000114440918,5.300000190734863,25403200,0.0,0.0
2022-02-24 00:00:00-05:00,4.829999923706055,5.519999980926514,4.829999923706055,5.5,31376700,0.0,0.0
2022-02-25 00:00:00-05:00,5.360000133514404,5.860000133514404,5.349999904632568,5.800000190734863,25186500,0.0,0.0
2022-02-28 00:00:00-05:00,5.855000019073486,6.03000020980835,5.610000133514404,5.760000228881836,178830700,0.0,0.0
2022-03-01 00:00:00-05:00,5.619999885559082,5.679999828338623,5.400000095367432,5.519999980926514,14092800,0.0,0.0
2022-03-02 00:00:00-05:00,5.449999809265137,5.53000020980835,5.079999923706055,5.230000019073486,17905500,0.0,0.0
2022-03-03 00:00:00-05:00,4.840000152587891,4.840000152587891,3.0899999141693115,3.2799999713897705,116033100,0.0,0.0
2022-03-04 00:00:00-05:00,3.5899999141693115,4.179999828338623,3.265000104904175,3.359999895095825,85831200,0.0,0.0
2022-03-07 00:00:00-05:00,3.309999942779541,3.630000114440918,3.299999952316284,3.359999895095825,27703000,0.0,0.0
2022-03-08 00:00:00-05:00,3.3399999141693115,3.4149999618530273,3.109999895095825,3.240000009536743,28163700,0.0,0.0
2022-03-09 00:00:00-05:00,3.3499999046325684,3.359999895095825,3.059999942779541,3.140000104904175,27930300,0.0,0.0
2022-03-10 00:00:00-05:00,3.1649999618530273,3.4000000953674316,2.9800000190734863,3.2899999618530273,21733200,0.0,0.0
2022-03-11 00:00:00-05:00,3.265000104904175,3.2699999809265137,2.994999885559082,3.140000104904175,19410700,0.0,0.0
2022-03-14 00:00:00-04:00,3.059999942779541,3.2799999713897705,2.9700000286102295,3.0199999809265137,24168900,0.0,0.0
2022-03-15 00:00:00-04:00,3.0299999713897705,3.3399999141693115,2.950000047683716,3.0299999713897705,29505600,0.0,0.0
2022-03-16 00:00:00-04:00,3.1700000762939453,3.7200000286102295,3.1600000858306885,3.5299999713897705,35771100,0.0,0.0
2022-03-17 00:00:00-04:00,3.4800000190734863,3.799999952316284,3.434999942779541,3.7799999713897705,15341200,0.0,0.0
2022-03-18 00:00:00-04:00,3.740000009536743,4.130000114440918,3.640000104904175,4.099999904632568,24107800,0.0,0.0
2022-03-21 00:00:00-04:00,4.019999980926514,4.079999923706055,3.7799999713897705,3.869999885559082,12827200,0.0,0.0
2022-03-22 00:00:00-04:00,4.019999980926514,4.019999980926514,3.700000047683716,3.75,13185400,0.0,0.0
2022-03-23 00:00:00-04:00,3.759999990463257,3.7899999618530273,3.5799999237060547,3.7100000381469727,9560700,0.0,0.0
2022-03-24 00:00:00-04:00,3.7899999618530273,3.799999952316284,3.5299999713897705,3.630000114440918,15197600,0.0,0.0
2022-03-25 00:00:00-04:00,3.619999885559082,3.6549999713897705,3.2850000858306885,3.299999952316284,15623000,0.0,0.0
2022-03-28 00:00:00-04:00,3.4100000858306885,3.5199999809265137,3.3399999141693115,3.440000057220459,15364400,0.0,0.0
2022-03-29 00:00:00-04:00,3.575000047683716,3.950000047683716,3.569999933242798,3.9100000858306885,25046600,0.0,0.0
2022-03-30 00:00:00-04:00,3.880000114440918,3.9200000762939453,3.5199999809265137,3.549999952316284,13017100,0.0,0.0
2022-03-31 00:00:00-04:00,3.5799999237060547,3.5899999141693115,3.390000104904175,3.5,16983300,0.0,0.0
2022-04-01 00:00:00-04:00,3.569999933242798,3.7049999237060547,3.440000057220459,3.4700000286102295,15933800,0.0,0.0
2022-04-04 00:00:00-04:00,3.559999942779541,3.9200000762939453,3.549999952316284,3.9200000762939453,11890500,0.0,0.0
2022-04-05 00:00:00-04:00,3.8450000286102295,3.9000000953674316,3.5199999809265137,3.694999933242798,15310700,0.0,0.0
2022-04-06 00:00:00-04:00,3.5999999046325684,3.7799999713897705,3.549999952316284,3.5899999141693115,11917900,0.0,0.0
2022-04-07 00:00:00-04:00,3.5999999046325684,3.6549999713897705,3.3510000705718994,3.4800000190734863,13258100,0.0,0.0
2022-04-08 00:00:00-04:00,3.509999990463257,3.819999933242798,3.3499999046325684,3.609999895095825,18061400,0.0,0.0
2022-04-11 00:00:00-04:00,3.509999990463257,3.684999942779541,3.4100000858306885,3.5199999809265137,14700800,0.0,0.0
2022-04-12 00:00:00-04:00,3.5899999141693115,3.619999885559082,3.380000114440918,3.4000000953674316,13262800,0.0,0.0
2022-04-13 00:00:00-04:00,3.4200000762939453,3.509999990463257,3.359999895095825,3.4800000190734863,13063500,0.0,0.0
2022-04-14 00:00:00-04:00,3.4100000858306885,3.440000057220459,3.1700000762939453,3.200000047683716,17179300,0.0,0.0
2022-04-18 00:00:00-04:00,3.2200000286102295,3.2300000190734863,3.0199999809265137,3.049999952316284,15803000,0.0,0.0
2022-04-19 00:00:00-04:00,3.0399999618530273,3.3499999046325684,3.0,3.2899999618530273,15616700,0.0,0.0
2022-04-20 00:00:00-04:00,3.2699999809265137,3.2799999713897705,3.0,3.009999990463257,12208600,0.0,0.0
2022-04-21 00:00:00-04:00,3.069999933242798,3.0999999046325684,2.8399999141693115,2.859999895095825,18761000,0.0,0.0
2022-04-22 00:00:00-04:00,2.9200000762939453,2.930000066757202,2.809999942779541,2.8499999046325684,15211100,0.0,0.0
2022-04-25 00:00:00-04:00,2.7850000858306885,2.859999895095825,2.7200000286102295,2.859999895095825,12052400,0.0,0.0
2022-04-26 00:00:00-04:00,2.8299999237060547,2.8499999046325684,2.680000066757202,2.7100000381469727,10721100,0.0,0.0
2022-04-27 00:00:00-04:00,2.7100000381469727,2.890000104904175,2.680000066757202,2.7100000381469727,10748500,0.0,0.0
2022-04-28 00:00:00-04:00,2.819999933242798,2.940000057220459,2.630000114440918,2.859999895095825,13796500,0.0,0.0
2022-04-29 00:00:00-04:00,2.9600000381469727,3.0999999046325684,2.890000104904175,2.950000047683716,14406500,0.0,0.0
2022-05-02 00:00:00-04:00,2.9700000286102295,3.130000114440918,2.859999895095825,3.109999895095825,14730600,0.0,0.0
2022-05-03 00:00:00-04:00,3.0899999141693115,3.200000047683716,3.0799999237060547,3.1500000953674316,11257400,0.0,0.0
2022-05-04 00:00:00-04:00,3.0999999046325684,3.190000057220459,2.930000066757202,3.180000066757202,17477000,0.0,0.0
2022-05-05 00:00:00-04:00,3.119999885559082,3.130000114440918,2.950000047683716,3.0299999713897705,11585300,0.0,0.0
2022-05-06 00:00:00-04:00,2.9600000381469727,3.015000104904175,2.8499999046325684,3.009999990463257,16445700,0.0,0.0
2022-05-09 00:00:00-04:00,2.9100000858306885,2.9100000858306885,2.700000047683716,2.799999952316284,17666500,0.0,0.0
2022-05-10 00:00:00-04:00,2.869999885559082,2.9600000381469727,2.7049999237060547,2.75,20697400,0.0,0.0
2022-05-11 00:00:00-04:00,2.6700000762939453,2.6700000762939453,2.490000009536743,2.509999990463257,32478000,0.0,0.0
2022-05-12 00:00:00-04:00,2.4000000953674316,2.869999885559082,2.309999942779541,2.700000047683716,37278800,0.0,0.0
2022-05-13 00:00:00-04:00,2.819999933242798,2.930000066757202,2.7899999618530273,2.819999933242798,18082100,0.0,0.0
2022-05-16 00:00:00-04:00,2.7799999713897705,2.9100000858306885,2.5250000953674316,2.575000047683716,18829900,0.0,0.0
2022-05-17 00:00:00-04:00,2.609999895095825,2.7699999809265137,2.609999895095825,2.7300000190734863,15632900,0.0,0.0
2022-05-18 00:00:00-04:00,2.700000047683716,2.744999885559082,2.4600000381469727,2.5299999713897705,19896500,0.0,0.0
2022-05-19 00:00:00-04:00,2.630000114440918,3.680000066757202,2.555000066757202,3.140000104904175,110345700,0.0,0.0
2022-05-20 00:00:00-04:00,3.2899999618530273,3.380000114440918,2.9200000762939453,3.2100000381469727,43042600,0.0,0.0
2022-05-23 00:00:00-04:00,3.130000114440918,3.190000057220459,2.880000114440918,2.890000104904175,23067100,0.0,0.0
2022-05-24 00:00:00-04:00,2.8299999237060547,2.8299999237060547,2.549999952316284,2.549999952316284,25673300,0.0,0.0
2022-05-25 00:00:00-04:00,2.5799999237060547,2.5999999046325684,2.319999933242798,2.4200000762939453,48637500,0.0,0.0
2022-05-26 00:00:00-04:00,2.5,2.549999952316284,2.309999942779541,2.319999933242798,46081400,0.0,0.0
2022-05-27 00:00:00-04:00,2.440000057220459,2.5299999713897705,2.259999990463257,2.4100000858306885,55179700,0.0,0.0
2022-05-31 00:00:00-04:00,2.569999933242798,2.9000000953674316,2.4700000286102295,2.6600000858306885,92512500,0.0,0.0
2022-06-01 00:00:00-04:00,2.700000047683716,2.740000009536743,2.4600000381469727,2.609999895095825,31132800,0.0,0.0
2022-06-02 00:00:00-04:00,2.559999942779541,2.700000047683716,2.5350000858306885,2.630000114440918,24124000,0.0,0.0
2022-06-03 00:00:00-04:00,2.559999942779541,2.6600000858306885,2.4800000190734863,2.5399999618530273,15899400,0.0,0.0
2022-06-06 00:00:00-04:00,2.6600000858306885,2.690000057220459,2.559999942779541,2.640000104904175,21889000,0.0,0.0
2022-06-07 00:00:00-04:00,2.549999952316284,2.680000066757202,2.5199999809265137,2.6500000953674316,26856900,0.0,0.0
2022-06-08 00:00:00-04:00,2.680000066757202,3.109999895095825,2.6600000858306885,3.059999942779541,45882800,0.0,0.0
2022-06-09 00:00:00-04:00,2.924999952316284,3.069999933242798,2.8499999046325684,2.890000104904175,44721700,0.0,0.0
2022-06-10 00:00:00-04:00,2.7699999809265137,2.8299999237060547,2.609999895095825,2.7100000381469727,31612100,0.0,0.0
2022-06-13 00:00:00-04:00,2.559999942779541,2.5899999141693115,2.359999895095825,2.430000066757202,30489400,0.0,0.0
2022-06-14 00:00:00-04:00,2.4800000190734863,2.5399999618530273,2.440000057220459,2.450000047683716,12385700,0.0,0.0
2022-06-15 00:00:00-04:00,2.4600000381469727,2.549999952316284,2.359999895095825,2.5,29913900,0.0,0.0
2022-06-16 00:00:00-04:00,2.4100000858306885,2.4100000858306885,2.2899999618530273,2.3499999046325684,25976800,0.0,0.0
2022-06-17 00:00:00-04:00,2.380000114440918,2.3949999809265137,2.2850000858306885,2.3299999237060547,27548000,0.0,0.0
2022-06-21 00:00:00-04:00,2.4000000953674316,2.759999990463257,2.3949999809265137,2.7300000190734863,53701900,0.0,0.0
2022-06-22 00:00:00-04:00,2.609999895095825,2.6700000762939453,2.509999990463257,2.559999942779541,27936500,0.0,0.0
2022-06-23 00:00:00-04:00,2.619999885559082,2.740000009536743,2.5399999618530273,2.740000009536743,29962100,0.0,0.0
2022-06-24 00:00:00-04:00,2.809999942779541,2.9700000286102295,2.740000009536743,2.890000104904175,38932800,0.0,0.0
2022-06-27 00:00:00-04:00,2.9100000858306885,2.9100000858306885,2.630000114440918,2.690000057220459,38032900,0.0,0.0
2022-06-28 00:00:00-04:00,2.7100000381469727,2.7300000190734863,2.509999990463257,2.5199999809265137,24474200,0.0,0.0
2022-06-29 00:00:00-04:00,2.5199999809265137,2.5989999771118164,2.4800000190734863,2.549999952316284,25163400,0.0,0.0
2022-06-30 00:00:00-04:00,2.5199999809265137,2.549999952316284,2.3499999046325684,2.5299999713897705,34148300,0.0,0.0
2022-07-01 00:00:00-04:00,2.5199999809265137,2.630000114440918,2.2799999713897705,2.380000114440918,39593800,0.0,0.0
2022-07-05 00:00:00-04:00,2.4000000953674316,2.7300000190734863,2.380000114440918,2.7100000381469727,50315600,0.0,0.0
2022-07-06 00:00:00-04:00,2.640000104904175,2.690000057220459,2.4200000762939453,2.5199999809265137,33834700,0.0,0.0
2022-07-07 00:00:00-04:00,2.5799999237060547,2.630000114440918,2.5,2.630000114440918,25265800,0.0,0.0
2022-07-08 00:00:00-04:00,2.5950000286102295,2.619999885559082,2.450000047683716,2.5,26506300,0.0,0.0
2022-07-11 00:00:00-04:00,2.5,2.5,2.319999933242798,2.390000104904175,33147600,0.0,0.0
2022-07-12 00:00:00-04:00,2.4100000858306885,2.549999952316284,2.359999895095825,2.509999990463257,26050400,0.0,0.0
2022-07-13 00:00:00-04:00,2.4100000858306885,2.609999895095825,2.4100000858306885,2.5,31973000,0.0,0.0
2022-07-14 00:00:00-04:00,2.430000066757202,2.5450000762939453,2.4000000953674316,2.4800000190734863,20023100,0.0,0.0
2022-07-15 00:00:00-04:00,2.5399999618530273,2.5399999618530273,2.390000104904175,2.490000009536743,21032700,0.0,0.0
2022-07-18 00:00:00-04:00,2.559999942779541,2.819999933242798,2.5450000762939453,2.7300000190734863,30996000,0.0,0.0
2022-07-19 00:00:00-04:00,2.75,2.8399999141693115,2.75,2.819999933242798,17282700,0.0,0.0
2022-07-20 00:00:00-04:00,2.8299999237060547,2.950000047683716,2.799999952316284,2.890000104904175,15093700,0.0,0.0
2022-07-21 00:00:00-04:00,2.9200000762939453,2.9700000286102295,2.8299999237060547,2.930000066757202,13271300,0.0,0.0
2022-07-22 00:00:00-04:00,2.990000009536743,2.990000009536743,2.680000066757202,2.7300000190734863,21139500,0.0,0.0
2022-07-25 00:00:00-04:00,2.7699999809265137,2.7799999713897705,2.6500000953674316,2.75,9040600,0.0,0.0
2022-07-26 00:00:00-04:00,2.7799999713897705,2.9100000858306885,2.7300000190734863,2.890000104904175,13755600,0.0,0.0
2022-07-27 00:00:00-04:00,2.880000114440918,2.9649999141693115,2.809999942779541,2.930000066757202,13016500,0.0,0.0
2022-07-28 00:00:00-04:00,2.9100000858306885,2.9800000190734863,2.869999885559082,2.9700000286102295,9746700,0.0,0.0
2022-07-29 00:00:00-04:00,2.940000057220459,3.0450000762939453,2.880000114440918,2.950000047683716,11471800,0.0,0.0
2022-08-01 00:00:00-04:00,2.940000057220459,2.9600000381469727,2.809999942779541,2.880000114440918,9070500,0.0,0.0
2022-08-02 00:00:00-04:00,2.940000057220459,3.190000057220459,2.924999952316284,3.0999999046325684,21186700,0.0,0.0
2022-08-03 00:00:00-04:00,3.1500000953674316,3.4800000190734863,3.130000114440918,3.299999952316284,28397100,0.0,0.0
2022-08-04 00:00:00-04:00,3.319999933242798,3.630000114440918,3.2850000858306885,3.619999885559082,25273900,0.0,0.0
2022-08-05 00:00:00-04:00,3.5299999713897705,3.8450000286102295,3.515000104904175,3.809999942779541,38812800,0.0,0.0
2022-08-08 00:00:00-04:00,3.7799999713897705,4.0,3.7300000190734863,3.740000009536743,27501400,0.0,0.0
2022-08-09 00:00:00-04:00,3.6600000858306885,3.690000057220459,3.5,3.559999942779541,15945700,0.0,0.0
2022-08-10 00:00:00-04:00,3.6700000762939453,3.7300000190734863,3.450000047683716,3.680000066757202,18229000,0.0,0.0
2022-08-11 00:00:00-04:00,3.7200000286102295,3.869999885559082,3.619999885559082,3.759999990463257,19933400,0.0,0.0
2022-08-12 00:00:00-04:00,3.799999952316284,3.930000066757202,3.7200000286102295,3.8499999046325684,32820500,0.0,0.0
2022-08-15 00:00:00-04:00,3.809999942779541,3.9200000762939453,3.700000047683716,3.7699999809265137,15312200,0.0,0.0
2022-08-16 00:00:00-04:00,3.759999990463257,3.759999990463257,3.559999942779541,3.6600000858306885,13815300,0.0,0.0
2022-08-17 00:00:00-04:00,3.575000047683716,3.740000009536743,3.5250000953674316,3.569999933242798,17859800,0.0,0.0
2022-08-18 00:00:00-04:00,3.509999990463257,3.5399999618530273,3.430000066757202,3.509999990463257,11339200,0.0,0.0
2022-08-19 00:00:00-04:00,3.4800000190734863,3.5399999618530273,3.390000104904175,3.440000057220459,15550200,0.0,0.0
2022-08-22 00:00:00-04:00,3.359999895095825,3.4800000190734863,3.309999942779541,3.4000000953674316,12541800,0.0,0.0
2022-08-23 00:00:00-04:00,3.3399999141693115,3.490000009536743,3.325000047683716,3.4700000286102295,13858900,0.0,0.0
2022-08-24 00:00:00-04:00,3.450000047683716,3.7200000286102295,3.450000047683716,3.5999999046325684,21544300,0.0,0.0
2022-08-25 00:00:00-04:00,3.6600000858306885,3.680000066757202,2.9800000190734863,3.1600000858306885,47106200,0.0,0.0
2022-08-26 00:00:00-04:00,3.1449999809265137,3.2100000381469727,2.950000047683716,3.049999952316284,37694200,0.0,0.0
2022-08-29 00:00:00-04:00,2.950000047683716,3.200000047683716,2.930000066757202,2.990000009536743,25112800,0.0,0.0
2022-08-30 00:00:00-04:00,3.0399999618530273,3.1700000762939453,3.0199999809265137,3.059999942779541,35719500,0.0,0.0
2022-08-31 00:00:00-04:00,3.0899999141693115,3.0899999141693115,2.7899999618530273,2.8499999046325684,51519700,0.0,0.0
2022-09-01 00:00:00-04:00,2.7699999809265137,3.009999990463257,2.7100000381469727,2.869999885559082,26277500,0.0,0.0
2022-09-02 00:00:00-04:00,2.890000104904175,2.990000009536743,2.805000066757202,2.9600000381469727,22492700,0.0,0.0
2022-09-06 00:00:00-04:00,2.9100000858306885,3.069999933242798,2.869999885559082,2.9000000953674316,15202900,0.0,0.0
2022-09-07 00:00:00-04:00,2.880000114440918,3.0799999237060547,2.8499999046325684,3.059999942779541,19726200,0.0,0.0
2022-09-08 00:00:00-04:00,2.9600000381469727,3.299999952316284,2.9600000381469727,3.0899999141693115,31800200,0.0,0.0
2022-09-09 00:00:00-04:00,3.130000114440918,3.200000047683716,3.0799999237060547,3.1500000953674316,17689000,0.0,0.0
2022-09-12 00:00:00-04:00,3.1500000953674316,3.4700000286102295,3.1500000953674316,3.380000114440918,26622600,0.0,0.0
2022-09-13 00:00:00-04:00,3.25,3.2799999713897705,3.0199999809265137,3.0899999141693115,34326900,0.0,0.0
2022-09-14 00:00:00-04:00,3.109999895095825,3.125,2.9200000762939453,3.049999952316284,33228100,0.0,0.0
2022-09-15 00:00:00-04:00,3.0,3.1500000953674316,2.940000057220459,2.950000047683716,21187100,0.0,0.0
2022-09-16 00:00:00-04:00,2.9100000858306885,3.0899999141693115,2.880000114440918,2.9800000190734863,42460800,0.0,0.0
2022-09-19 00:00:00-04:00,2.950000047683716,3.1449999809265137,2.9200000762939453,3.140000104904175,17408800,0.0,0.0
2022-09-20 00:00:00-04:00,3.109999895095825,3.140000104904175,2.940000057220459,2.950000047683716,14166000,0.0,0.0
2022-09-21 00:00:00-04:00,2.950000047683716,2.9700000286102295,2.759999990463257,2.8399999141693115,14797400,0.0,0.0
2022-09-22 00:00:00-04:00,2.819999933242798,2.8399999141693115,2.680000066757202,2.700000047683716,17265600,0.0,0.0
2022-09-23 00:00:00-04:00,2.638000011444092,2.7899999618530273,2.559999942779541,2.75,19819900,0.0,0.0
2022-09-26 00:00:00-04:00,2.75,2.890000104904175,2.740000009536743,2.809999942779541,18262300,0.0,0.0
2022-09-27 00:00:00-04:00,2.880000114440918,2.9600000381469727,2.619999885559082,2.7200000286102295,23424200,0.0,0.0
2022-09-28 00:00:00-04:00,2.680000066757202,2.8299999237060547,2.6600000858306885,2.809999942779541,15895200,0.0,0.0
2022-09-29 00:00:00-04:00,2.75,2.75,2.509999990463257,2.559999942779541,20242100,0.0,0.0
2022-09-30 00:00:00-04:00,2.609999895095825,2.7200000286102295,2.5950000286102295,2.630000114440918,12304500,0.0,0.0
2022-10-03 00:00:00-04:00,2.630000114440918,2.740000009536743,2.555000066757202,2.700000047683716,15105500,0.0,0.0
2022-10-04 00:00:00-04:00,2.7699999809265137,3.0799999237060547,2.75,2.9200000762939453,29548000,0.0,0.0
2022-10-05 00:00:00-04:00,2.8399999141693115,2.934999942779541,2.7799999713897705,2.859999895095825,13699600,0.0,0.0
2022-10-06 00:00:00-04:00,2.8499999046325684,3.0299999713897705,2.8350000381469727,3.009999990463257,12674200,0.0,0.0
2022-10-07 00:00:00-04:00,2.880000114440918,3.0199999809265137,2.799999952316284,2.809999942779541,20280400,0.0,0.0
2022-10-10 00:00:00-04:00,2.7750000953674316,2.8299999237060547,2.559999942779541,2.680000066757202,14628100,0.0,0.0
2022-10-11 00:00:00-04:00,2.609999895095825,2.7300000190734863,2.5199999809265137,2.569999933242798,18685200,0.0,0.0
2022-10-12 00:00:00-04:00,2.5399999618530273,2.569999933242798,2.4600000381469727,2.4800000190734863,11475700,0.0,0.0
2022-10-13 00:00:00-04:00,2.380000114440918,2.5199999809265137,2.3299999237060547,2.4700000286102295,14902800,0.0,0.0
2022-10-14 00:00:00-04:00,2.509999990463257,2.569999933242798,2.3299999237060547,2.390000104904175,16652900,0.0,0.0
2022-10-17 00:00:00-04:00,2.434999942779541,2.509999990463257,2.4200000762939453,2.4600000381469727,10876500,0.0,0.0
2022-10-18 00:00:00-04:00,2.559999942779541,2.630000114440918,2.484999895095825,2.5,9934500,0.0,0.0
2022-10-19 00:00:00-04:00,2.430000066757202,2.4600000381469727,2.359999895095825,2.380000114440918,11069300,0.0,0.0
2022-10-20 00:00:00-04:00,2.3499999046325684,2.490000009536743,2.3299999237060547,2.380000114440918,9864400,0.0,0.0
2022-10-21 00:00:00-04:00,2.359999895095825,2.4000000953674316,2.2899999618530273,2.359999895095825,9389300,0.0,0.0
2022-10-24 00:00:00-04:00,2.3299999237060547,2.3299999237060547,2.190000057220459,2.309999942779541,11648800,0.0,0.0
2022-10-25 00:00:00-04:00,2.3299999237060547,2.509999990463257,2.319999933242798,2.4000000953674316,13759400,0.0,0.0
2022-10-26 00:00:00-04:00,2.4000000953674316,2.5999999046325684,2.380000114440918,2.5199999809265137,10859500,0.0,0.0
2022-10-27 00:00:00-04:00,2.5199999809265137,2.559999942779541,2.450000047683716,2.4700000286102295,7141100,0.0,0.0
2022-10-28 00:00:00-04:00,2.4700000286102295,2.559999942779541,2.440000057220459,2.5399999618530273,10378900,0.0,0.0
2022-10-31 00:00:00-04:00,2.5299999713897705,2.6500000953674316,2.5,2.5999999046325684,10850500,0.0,0.0
2022-11-01 00:00:00-04:00,2.690000057220459,2.7699999809265137,2.630000114440918,2.640000104904175,14804900,0.0,0.0
2022-11-02 00:00:00-04:00,2.6700000762939453,2.8299999237060547,2.575000047683716,2.7100000381469727,20393900,0.0,0.0
2022-11-03 00:00:00-04:00,2.6600000858306885,2.880000114440918,2.5799999237060547,2.7899999618530273,16364300,0.0,0.0
2022-11-04 00:00:00-04:00,2.8499999046325684,2.930000066757202,2.700000047683716,2.8299999237060547,13237200,0.0,0.0
2022-11-07 00:00:00-05:00,2.8399999141693115,2.940000057220459,2.8299999237060547,2.940000057220459,11179500,0.0,0.0
2022-11-08 00:00:00-05:00,2.9100000858306885,2.9200000762939453,2.7200000286102295,2.7899999618530273,10465400,0.0,0.0
2022-11-09 00:00:00-05:00,2.759999990463257,2.7699999809265137,2.509999990463257,2.5899999141693115,13234300,0.0,0.0
2022-11-10 00:00:00-05:00,2.759999990463257,2.809999942779541,2.619999885559082,2.6700000762939453,13821300,0.0,0.0
2022-11-11 00:00:00-05:00,2.7300000190734863,3.049999952316284,2.640000104904175,2.940000057220459,43281700,0.0,0.0
2022-11-14 00:00:00-05:00,2.9600000381469727,3.0450000762939453,2.859999895095825,2.9600000381469727,19406300,0.0,0.0
2022-11-15 00:00:00-05:00,3.069999933242798,3.200000047683716,3.0250000953674316,3.130000114440918,21713000,0.0,0.0
2022-11-16 00:00:00-05:00,3.390000104904175,3.5899999141693115,3.130000114440918,3.1500000953674316,56833400,0.0,0.0
2022-11-17 00:00:00-05:00,3.0199999809265137,3.305000066757202,2.930000066757202,3.2200000286102295,24801900,0.0,0.0
2022-11-18 00:00:00-05:00,3.200000047683716,3.2799999713897705,3.1500000953674316,3.2100000381469727,12814400,0.0,0.0
2022-11-21 00:00:00-05:00,3.119999885559082,3.2049999237060547,2.940000057220459,2.9700000286102295,25698400,0.0,0.0
2022-11-22 00:00:00-05:00,2.9600000381469727,2.9649999141693115,2.8399999141693115,2.9100000858306885,11413400,0.0,0.0
2022-11-23 00:00:00-05:00,2.9000000953674316,2.9800000190734863,2.859999895095825,2.950000047683716,10034900,0.0,0.0
2022-11-25 00:00:00-05:00,2.950000047683716,3.0,2.869999885559082,2.9600000381469727,5958400,0.0,0.0
2022-11-28 00:00:00-05:00,2.890000104904175,2.930000066757202,2.799999952316284,2.799999952316284,10609400,0.0,0.0
2022-11-29 00:00:00-05:00,2.859999895095825,2.9100000858306885,2.799999952316284,2.8299999237060547,11068000,0.0,0.0
2022-11-30 00:00:00-05:00,2.869999885559082,3.0899999141693115,2.8499999046325684,3.0199999809265137,25069200,0.0,0.0
2022-12-01 00:00:00-05:00,3.0,3.1500000953674316,2.9700000286102295,3.069999933242798,10155500,0.0,0.0
2022-12-02 00:00:00-05:00,3.0,3.25,2.950000047683716,3.1600000858306885,16888600,0.0,0.0
2022-12-05 00:00:00-05:00,3.1600000858306885,3.2100000381469727,3.0399999618530273,3.0999999046325684,18313500,0.0,0.0
2022-12-06 00:00:00-05:00,3.0799999237060547,3.0950000286102295,2.9600000381469727,3.009999990463257,14053100,0.0,0.0
2022-12-07 00:00:00-05:00,2.9600000381469727,3.0199999809265137,2.875,2.940000057220459,17067600,0.0,0.0
2022-12-08 00:00:00-05:00,2.984999895095825,3.115000009536743,2.9200000762939453,3.059999942779541,10066100,0.0,0.0
2022-12-09 00:00:00-05:00,3.0799999237060547,3.109999895095825,3.009999990463257,3.0199999809265137,6890600,0.0,0.0
2022-12-12 00:00:00-05:00,3.0,3.1700000762939453,2.984999895095825,3.1500000953674316,12249700,0.0,0.0
2022-12-13 00:00:00-05:00,3.2899999618530273,3.319999933242798,3.174999952316284,3.2200000286102295,19963100,0.0,0.0
2022-12-14 00:00:00-05:00,3.2100000381469727,3.378999948501587,3.190000057220459,3.309999942779541,17797500,0.0,0.0
2022-12-15 00:00:00-05:00,3.200000047683716,3.369999885559082,3.200000047683716,3.200000047683716,18844500,0.0,0.0
2022-12-16 00:00:00-05:00,3.180000066757202,3.3399999141693115,3.1500000953674316,3.190000057220459,18201400,0.0,0.0
2022-12-19 00:00:00-05:00,3.190000057220459,3.200000047683716,3.0,3.009999990463257,8924600,0.0,0.0
2022-12-20 00:00:00-05:00,3.005000114440918,3.069999933242798,2.940000057220459,2.990000009536743,9587800,0.0,0.0
2022-12-21 00:00:00-05:00,2.990000009536743,3.119999885559082,2.9200000762939453,3.119999885559082,9104400,0.0,0.0
2022-12-22 00:00:00-05:00,3.130000114440918,3.1500000953674316,3.0299999713897705,3.059999942779541,12406200,0.0,0.0
2022-12-23 00:00:00-05:00,3.0799999237060547,3.299999952316284,2.9700000286102295,3.2699999809265137,16310500,0.0,0.0
2022-12-27 00:00:00-05:00,3.2200000286102295,3.3299999237060547,3.180000066757202,3.299999952316284,11488400,0.0,0.0
2022-12-28 00:00:00-05:00,3.2799999713897705,3.2899999618530273,3.1500000953674316,3.1500000953674316,7438700,0.0,0.0
2022-12-29 00:00:00-05:00,3.1600000858306885,3.2699999809265137,3.069999933242798,3.2100000381469727,9292300,0.0,0.0
2022-12-30 00:00:00-05:00,3.1500000953674316,3.299999952316284,3.130000114440918,3.2200000286102295,5819400,0.0,0.0
2023-01-03 00:00:00-05:00,3.2799999713897705,3.4800000190734863,3.259999990463257,3.4600000381469727,16958600,0.0,0.0
2023-01-04 00:00:00-05:00,3.5,3.555000066757202,3.359999895095825,3.5,11774900,0.0,0.0
2023-01-05 00:00:00-05:00,3.4600000381469727,3.5399999618530273,3.4200000762939453,3.4800000190734863,7799400,0.0,0.0
2023-01-06 00:00:00-05:00,3.5,3.575000047683716,3.4200000762939453,3.4700000286102295,10875900,0.0,0.0
2023-01-09 00:00:00-05:00,3.5299999713897705,3.809999942779541,3.5199999809265137,3.7200000286102295,27907500,0.0,0.0
2023-01-10 00:00:00-05:00,3.7100000381469727,3.755000114440918,3.559999942779541,3.7200000286102295,14966300,0.0,0.0
2023-01-11 00:00:00-05:00,3.75,3.75,3.5299999713897705,3.609999895095825,17341800,0.0,0.0
2023-01-12 00:00:00-05:00,3.619999885559082,3.690000057220459,3.5299999713897705,3.609999895095825,9942000,0.0,0.0
2023-01-13 00:00:00-05:00,3.549999952316284,3.625,3.5199999809265137,3.5799999237060547,13633900,0.0,0.0
2023-01-17 00:00:00-05:00,3.734999895095825,4.03000020980835,3.7100000381469727,3.9700000286102295,44296700,0.0,0.0
2023-01-18 00:00:00-05:00,3.990000009536743,4.0,3.5899999141693115,3.7100000381469727,61452800,0.0,0.0
2023-01-19 00:00:00-05:00,3.680000066757202,3.799999952316284,3.5899999141693115,3.5899999141693115,18957200,0.0,0.0
2023-01-20 00:00:00-05:00,3.700000047683716,3.799999952316284,3.5950000286102295,3.680000066757202,22306000,0.0,0.0
2023-01-23 00:00:00-05:00,3.690000057220459,3.7799999713897705,3.640000104904175,3.740000009536743,12914200,0.0,0.0
2023-01-24 00:00:00-05:00,3.700000047683716,3.700000047683716,3.569999933242798,3.5999999046325684,11913500,0.0,0.0
2023-01-25 00:00:00-05:00,3.5999999046325684,3.690000057220459,3.5,3.680000066757202,16820100,0.0,0.0
2023-01-26 00:00:00-05:00,3.744999885559082,3.8399999141693115,3.5899999141693115,3.630000114440918,15752200,0.0,0.0
2023-01-27 00:00:00-05:00,3.630000114440918,3.7699999809265137,3.609999895095825,3.7100000381469727,26018200,0.0,0.0
2023-01-30 00:00:00-05:00,3.609999895095825,3.765000104904175,3.5899999141693115,3.7100000381469727,15694900,0.0,0.0
2023-01-31 00:00:00-05:00,3.700000047683716,3.8499999046325684,3.6600000858306885,3.7899999618530273,14392200,0.0,0.0
2023-02-01 00:00:00-05:00,3.825000047683716,3.890000104904175,3.700000047683716,3.7200000286102295,19163600,0.0,0.0
2023-02-02 00:00:00-05:00,3.7200000286102295,3.799999952316284,3.509999990463257,3.630000114440918,28678200,0.0,0.0
2023-02-03 00:00:00-05:00,3.5999999046325684,3.690000057220459,3.5199999809265137,3.549999952316284,20017100,0.0,0.0
2023-02-06 00:00:00-05:00,3.5,3.5190000534057617,3.3499999046325684,3.4600000381469727,22717600,0.0,0.0
2023-02-07 00:00:00-05:00,3.4800000190734863,3.509999990463257,3.4000000953674316,3.5,13876600,0.0,0.0
2023-02-08 00:00:00-05:00,3.549999952316284,3.7100000381469727,3.5199999809265137,3.609999895095825,16726600,0.0,0.0
2023-02-09 00:00:00-05:00,3.630000114440918,3.7200000286102295,3.4100000858306885,3.440000057220459,17004300,0.0,0.0
2023-02-10 00:00:00-05:00,3.369999885559082,3.4200000762939453,3.259999990463257,3.3299999237060547,14396000,0.0,0.0
2023-02-13 00:00:00-05:00,3.359999895095825,3.4200000762939453,3.299999952316284,3.369999885559082,27083600,0.0,0.0
2023-02-14 00:00:00-05:00,3.3399999141693115,3.494999885559082,3.299999952316284,3.4800000190734863,19160300,0.0,0.0
2023-02-15 00:00:00-05:00,3.440000057220459,3.7100000381469727,3.3550000190734863,3.680000066757202,21899900,0.0,0.0
2023-02-16 00:00:00-05:00,3.630000114440918,3.7300000190734863,3.559999942779541,3.6700000762939453,20078600,0.0,0.0
2023-02-17 00:00:00-05:00,3.6500000953674316,3.690000057220459,3.430000066757202,3.4800000190734863,17605800,0.0,0.0
2023-02-21 00:00:00-05:00,3.4700000286102295,3.5199999809265137,3.380000114440918,3.4000000953674316,12430000,0.0,0.0
2023-02-22 00:00:00-05:00,3.450000047683716,3.549999952316284,3.3499999046325684,3.5,18951100,0.0,0.0
2023-02-23 00:00:00-05:00,3.549999952316284,3.569999933242798,3.1500000953674316,3.2100000381469727,26941200,0.0,0.0
2023-02-24 00:00:00-05:00,3.1500000953674316,3.1600000858306885,3.049999952316284,3.0999999046325684,21298300,0.0,0.0
2023-02-27 00:00:00-05:00,3.130000114440918,3.2300000190734863,3.0799999237060547,3.1700000762939453,13512900,0.0,0.0
2023-02-28 00:00:00-05:00,3.174999952316284,3.259999990463257,3.140000104904175,3.2100000381469727,12384000,0.0,0.0
2023-03-01 00:00:00-05:00,3.240000009536743,3.25,3.0799999237060547,3.0999999046325684,9128100,0.0,0.0
2023-03-02 00:00:00-05:00,3.0299999713897705,3.2149999141693115,3.009999990463257,3.200000047683716,11134200,0.0,0.0
2023-03-03 00:00:00-05:00,3.1700000762939453,3.309999942779541,3.1700000762939453,3.2799999713897705,11083400,0.0,0.0
2023-03-06 00:00:00-05:00,3.240000009536743,3.255000114440918,3.109999895095825,3.140000104904175,12759300,0.0,0.0
2023-03-07 00:00:00-05:00,3.109999895095825,3.200000047683716,3.0999999046325684,3.109999895095825,12315000,0.0,0.0
2023-03-08 00:00:00-05:00,3.130000114440918,3.1700000762939453,3.0299999713897705,3.1600000858306885,9262400,0.0,0.0
2023-03-09 00:00:00-05:00,3.119999885559082,3.184999942779541,2.9700000286102295,2.990000009536743,16911300,0.0,0.0
2023-03-10 00:00:00-05:00,2.9700000286102295,2.990000009536743,2.805000066757202,2.8499999046325684,15451500,0.0,0.0
2023-03-13 00:00:00-04:00,2.7799999713897705,2.9200000762939453,2.759999990463257,2.859999895095825,11136000,0.0,0.0
2023-03-14 00:00:00-04:00,2.930000066757202,2.990000009536743,2.869999885559082,2.9100000858306885,11652600,0.0,0.0
2023-03-15 00:00:00-04:00,2.8499999046325684,2.880000114440918,2.809999942779541,2.8499999046325684,6693400,0.0,0.0
2023-03-16 00:00:00-04:00,2.8399999141693115,2.869999885559082,2.75,2.8399999141693115,16010300,0.0,0.0
2023-03-17 00:00:00-04:00,2.859999895095825,2.880000114440918,2.759999990463257,2.859999895095825,13455100,0.0,0.0
2023-03-20 00:00:00-04:00,2.7899999618530273,2.859999895095825,2.75,2.7899999618530273,7645700,0.0,0.0
2023-03-21 00:00:00-04:00,2.799999952316284,2.9649999141693115,2.7899999618530273,2.869999885559082,10508600,0.0,0.0
2023-03-22 00:00:00-04:00,2.869999885559082,2.8949999809265137,2.7699999809265137,2.7799999713897705,7478600,0.0,0.0
2023-03-23 00:00:00-04:00,2.809999942779541,2.9000000953674316,2.7249999046325684,2.75,17044900,0.0,0.0
2023-03-24 00:00:00-04:00,2.740000009536743,2.7799999713897705,2.6500000953674316,2.680000066757202,16265500,0.0,0.0
2023-03-27 00:00:00-04:00,2.759999990463257,2.7699999809265137,2.690000057220459,2.7699999809265137,9576500,0.0,0.0
2023-03-28 00:00:00-04:00,2.7899999618530273,2.880000114440918,2.7899999618530273,2.8499999046325684,10819400,0.0,0.0
2023-03-29 00:00:00-04:00,2.9049999713897705,3.059999942779541,2.880000114440918,3.0199999809265137,16055600,0.0,0.0
2023-03-30 00:00:00-04:00,3.0299999713897705,3.140000104904175,2.825000047683716,2.8499999046325684,20958300,0.0,0.0
2023-03-31 00:00:00-04:00,2.890000104904175,3.0999999046325684,2.869999885559082,3.009999990463257,17120900,0.0,0.0
2023-04-03 00:00:00-04:00,3.0399999618530273,3.140000104904175,2.990000009536743,3.0899999141693115,17691500,0.0,0.0
2023-04-04 00:00:00-04:00,3.140000104904175,3.259999990463257,3.130000114440918,3.1500000953674316,22440000,0.0,0.0
2023-04-05 00:00:00-04:00,3.1500000953674316,3.2799999713897705,3.0299999713897705,3.119999885559082,12060800,0.0,0.0
2023-04-06 00:00:00-04:00,3.0799999237060547,3.0950000286102295,2.9800000190734863,3.0299999713897705,16310900,0.0,0.0
2023-04-10 00:00:00-04:00,3.0,3.109999895095825,2.990000009536743,3.059999942779541,7267700,0.0,0.0
2023-04-11 00:00:00-04:00,3.059999942779541,3.109999895095825,2.950000047683716,2.9800000190734863,13225800,0.0,0.0
2023-04-12 00:00:00-04:00,3.009999990463257,3.0899999141693115,2.9600000381469727,2.990000009536743,15155800,0.0,0.0
2023-04-13 00:00:00-04:00,3.049999952316284,3.0999999046325684,3.009999990463257,3.0199999809265137,8419000,0.0,0.0
2023-04-14 00:00:00-04:00,3.009999990463257,3.0299999713897705,2.880000114440918,2.940000057220459,13299500,0.0,0.0
2023-04-17 00:00:00-04:00,2.9700000286102295,3.009999990463257,2.940000057220459,2.9700000286102295,8299500,0.0,0.0
2023-04-18 00:00:00-04:00,3.0,3.049999952316284,2.930000066757202,2.990000009536743,13747300,0.0,0.0
2023-04-19 00:00:00-04:00,2.9600000381469727,3.0789999961853027,2.9149999618530273,3.049999952316284,12174900,0.0,0.0
2023-04-20 00:00:00-04:00,3.015000104904175,3.0950000286102295,2.9800000190734863,3.009999990463257,9756200,0.0,0.0
2023-04-21 00:00:00-04:00,3.0399999618530273,3.0399999618530273,2.880000114440918,2.930000066757202,17314800,0.0,0.0
2023-04-24 00:00:00-04:00,2.9600000381469727,2.990000009536743,2.9200000762939453,2.9200000762939453,5058700,0.0,0.0
2023-04-25 00:00:00-04:00,2.890000104904175,2.890000104904175,2.759999990463257,2.7699999809265137,10180500,0.0,0.0
2023-04-26 00:00:00-04:00,2.8299999237060547,2.8350000381469727,2.7300000190734863,2.759999990463257,13668100,0.0,0.0
2023-04-27 00:00:00-04:00,2.799999952316284,2.799999952316284,2.7300000190734863,2.7899999618530273,12164600,0.0,0.0
2023-04-28 00:00:00-04:00,2.7699999809265137,2.9649999141693115,2.765000104904175,2.9100000858306885,11320900,0.0,0.0
2023-05-01 00:00:00-04:00,2.9100000858306885,2.9549999237060547,2.880000114440918,2.940000057220459,4495600,0.0,0.0
2023-05-02 00:00:00-04:00,2.9700000286102295,3.0,2.9000000953674316,2.940000057220459,8588900,0.0,0.0
2023-05-03 00:00:00-04:00,2.9200000762939453,2.9800000190734863,2.8499999046325684,2.869999885559082,13472000,0.0,0.0
2023-05-04 00:00:00-04:00,2.859999895095825,2.9800000190734863,2.8499999046325684,2.9800000190734863,9285500,0.0,0.0
2023-05-05 00:00:00-04:00,3.0,3.0899999141693115,2.984999895095825,3.0199999809265137,10098800,0.0,0.0
2023-05-08 00:00:00-04:00,3.049999952316284,3.4000000953674316,3.049999952316284,3.3399999141693115,29926900,0.0,0.0
2023-05-09 00:00:00-04:00,3.3299999237060547,3.3299999237060547,3.1700000762939453,3.190000057220459,23456400,0.0,0.0
2023-05-10 00:00:00-04:00,3.25,3.2899999618530273,3.140000104904175,3.190000057220459,12073000,0.0,0.0
2023-05-11 00:00:00-04:00,3.2100000381469727,3.2799999713897705,3.180000066757202,3.2100000381469727,20313600,0.0,0.0
2023-05-12 00:00:00-04:00,3.2200000286102295,3.2799999713897705,3.109999895095825,3.1700000762939453,13071600,0.0,0.0
2023-05-15 00:00:00-04:00,3.140000104904175,3.299999952316284,3.119999885559082,3.2799999713897705,12092000,0.0,0.0
2023-05-16 00:00:00-04:00,3.2300000190734863,3.265000104904175,3.130000114440918,3.1600000858306885,16905000,0.0,0.0
2023-05-17 00:00:00-04:00,3.109999895095825,3.2300000190734863,3.0999999046325684,3.2200000286102295,18129100,0.0,0.0
2023-05-18 00:00:00-04:00,3.109999895095825,3.130000114440918,2.6700000762939453,2.744999885559082,79570000,0.0,0.0
2023-05-19 00:00:00-04:00,2.8499999046325684,2.9800000190734863,2.75,2.755000114440918,37201200,0.0,0.0
2023-05-22 00:00:00-04:00,2.799999952316284,3.0999999046325684,2.759999990463257,3.059999942779541,37356500,0.0,0.0
2023-05-23 00:00:00-04:00,3.0299999713897705,3.125,2.950000047683716,3.009999990463257,20445100,0.0,0.0
2023-05-24 00:00:00-04:00,2.940000057220459,3.0799999237060547,2.930000066757202,3.049999952316284,17346500,0.0,0.0
2023-05-25 00:00:00-04:00,3.009999990463257,3.075000047683716,2.950000047683716,3.0,18259400,0.0,0.0
2023-05-26 00:00:00-04:00,3.0,3.0999999046325684,2.9700000286102295,3.0399999618530273,12477100,0.0,0.0
2023-05-30 00:00:00-04:00,3.069999933242798,3.1050000190734863,2.880000114440918,2.9200000762939453,20845100,0.0,0.0
2023-05-31 00:00:00-04:00,2.9100000858306885,3.009999990463257,2.8499999046325684,2.9800000190734863,96854100,0.0,0.0
2023-06-01 00:00:00-04:00,2.9700000286102295,3.0,2.880000114440918,2.9800000190734863,16150700,0.0,0.0
2023-06-02 00:00:00-04:00,3.0199999809265137,3.059999942779541,3.0,3.0199999809265137,8372400,0.0,0.0
2023-06-05 00:00:00-04:00,3.009999990463257,3.130000114440918,3.009999990463257,3.109999895095825,10558000,0.0,0.0
2023-06-06 00:00:00-04:00,3.0999999046325684,3.25,3.0899999141693115,3.2300000190734863,13026900,0.0,0.0
2023-06-07 00:00:00-04:00,3.200000047683716,3.2699999809265137,3.1700000762939453,3.240000009536743,10615900,0.0,0.0
2023-06-08 00:00:00-04:00,3.200000047683716,3.4000000953674316,3.1700000762939453,3.4000000953674316,14566300,0.0,0.0
2023-06-09 00:00:00-04:00,3.390000104904175,3.5,3.369999885559082,3.440000057220459,22897800,0.0,0.0
2023-06-12 00:00:00-04:00,3.4100000858306885,3.490000009536743,3.4000000953674316,3.440000057220459,10299500,0.0,0.0
2023-06-13 00:00:00-04:00,3.4600000381469727,3.5799999237060547,3.4000000953674316,3.450000047683716,27008200,0.0,0.0
2023-06-14 00:00:00-04:00,3.5,3.5,3.319999933242798,3.4000000953674316,14024000,0.0,0.0
2023-06-15 00:00:00-04:00,3.380000114440918,3.5,3.359999895095825,3.440000057220459,12061700,0.0,0.0
2023-06-16 00:00:00-04:00,3.450000047683716,3.490000009536743,3.4000000953674316,3.4200000762939453,23693700,0.0,0.0
2023-06-20 00:00:00-04:00,3.509999990463257,3.5199999809265137,3.3399999141693115,3.380000114440918,15718100,0.0,0.0
2023-06-21 00:00:00-04:00,3.369999885559082,3.4100000858306885,3.309999942779541,3.390000104904175,12399500,0.0,0.0
2023-06-22 00:00:00-04:00,3.4000000953674316,3.4100000858306885,3.319999933242798,3.3299999237060547,7501000,0.0,0.0
2023-06-23 00:00:00-04:00,3.2699999809265137,3.2799999713897705,3.1500000953674316,3.200000047683716,19439600,0.0,0.0
2023-06-26 00:00:00-04:00,3.190000057220459,3.299999952316284,3.140000104904175,3.200000047683716,11122800,0.0,0.0
2023-06-27 00:00:00-04:00,3.2300000190734863,3.359999895095825,3.2200000286102295,3.2699999809265137,11002500,0.0,0.0
2023-06-28 00:00:00-04:00,3.25,3.2799999713897705,3.2100000381469727,3.25,12090300,0.0,0.0
2023-06-29 00:00:00-04:00,3.2300000190734863,3.390000104904175,3.2200000286102295,3.390000104904175,9936700,0.0,0.0
2023-06-30 00:00:00-04:00,3.390000104904175,3.440000057220459,3.3499999046325684,3.430000066757202,10685100,0.0,0.0
2023-07-03 00:00:00-04:00,3.4600000381469727,3.5,3.4000000953674316,3.430000066757202,8221300,0.0,0.0
2023-07-05 00:00:00-04:00,3.3510000705718994,3.4600000381469727,3.3299999237060547,3.430000066757202,8417700,0.0,0.0
2023-07-06 00:00:00-04:00,3.369999885559082,3.380000114440918,3.259999990463257,3.319999933242798,12231300,0.0,0.0
2023-07-07 00:00:00-04:00,3.319999933242798,3.369999885559082,3.255000114440918,3.319999933242798,8665000,0.0,0.0
2023-07-10 00:00:00-04:00,3.2850000858306885,3.4600000381469727,3.2200000286102295,3.450000047683716,13163500,0.0,0.0
2023-07-11 00:00:00-04:00,3.4700000286102295,3.578000068664551,3.3499999046325684,3.559999942779541,19388400,0.0,0.0
2023-07-12 00:00:00-04:00,3.5999999046325684,3.7100000381469727,3.569999933242798,3.6700000762939453,16143000,0.0,0.0
2023-07-13 00:00:00-04:00,3.700000047683716,3.7799999713897705,3.630000114440918,3.700000047683716,15682800,0.0,0.0
2023-07-14 00:00:00-04:00,3.700000047683716,3.75,3.5799999237060547,3.619999885559082,18267700,0.0,0.0
2023-07-17 00:00:00-04:00,3.609999895095825,3.7699999809265137,3.565000057220459,3.619999885559082,28377600,0.0,0.0
2023-07-18 00:00:00-04:00,3.640000104904175,3.680000066757202,3.490000009536743,3.509999990463257,40363300,0.0,0.0
2023-07-19 00:00:00-04:00,3.549999952316284,3.619999885559082,3.440000057220459,3.509999990463257,22568400,0.0,0.0
2023-07-20 00:00:00-04:00,3.5399999618530273,3.6500000953674316,3.5199999809265137,3.640000104904175,25176800,0.0,0.0
2023-07-21 00:00:00-04:00,3.6500000953674316,3.700000047683716,3.559999942779541,3.5999999046325684,18772900,0.0,0.0
2023-07-24 00:00:00-04:00,3.5999999046325684,3.640000104904175,3.5299999713897705,3.5999999046325684,13393300,0.0,0.0
2023-07-25 00:00:00-04:00,3.6600000858306885,3.7100000381469727,3.559999942779541,3.569999933242798,23496800,0.0,0.0
2023-07-26 00:00:00-04:00,3.609999895095825,3.700000047683716,3.5899999141693115,3.6500000953674316,14168200,0.0,0.0
2023-07-27 00:00:00-04:00,3.740000009536743,3.75,3.5799999237060547,3.609999895095825,17918200,0.0,0.0
2023-07-28 00:00:00-04:00,3.694999933242798,3.7699999809265137,3.690000057220459,3.759999990463257,18072100,0.0,0.0
2023-07-31 00:00:00-04:00,3.7899999618530273,3.9200000762939453,3.7750000953674316,3.8299999237060547,13016200,0.0,0.0
2023-08-01 00:00:00-04:00,3.75,3.880000114440918,3.7300000190734863,3.799999952316284,11789600,0.0,0.0
2023-08-02 00:00:00-04:00,3.7100000381469727,3.755000114440918,3.630000114440918,3.6600000858306885,19063100,0.0,0.0
2023-08-03 00:00:00-04:00,3.640000104904175,3.7049999237060547,3.625,3.6700000762939453,9908700,0.0,0.0
2023-08-04 00:00:00-04:00,3.6600000858306885,3.700000047683716,3.5799999237060547,3.5799999237060547,9729900,0.0,0.0
2023-08-07 00:00:00-04:00,3.6700000762939453,3.6700000762939453,3.4709999561309814,3.5899999141693115,12244800,0.0,0.0
2023-08-08 00:00:00-04:00,3.509999990463257,3.6500000953674316,3.5,3.640000104904175,9255800,0.0,0.0
2023-08-09 00:00:00-04:00,3.6500000953674316,3.684999942779541,3.559999942779541,3.569999933242798,13483000,0.0,0.0
2023-08-10 00:00:00-04:00,3.640000104904175,3.640000104904175,3.5199999809265137,3.569999933242798,19100600,0.0,0.0
2023-08-11 00:00:00-04:00,3.5299999713897705,3.549999952316284,3.430000066757202,3.5,17331200,0.0,0.0
2023-08-14 00:00:00-04:00,3.430000066757202,3.5199999809265137,3.3499999046325684,3.490000009536743,17327700,0.0,0.0
2023-08-15 00:00:00-04:00,3.390000104904175,3.450000047683716,3.359999895095825,3.4000000953674316,15835700,0.0,0.0
2023-08-16 00:00:00-04:00,3.2909998893737793,3.359999895095825,3.2799999713897705,3.299999952316284,18491600,0.0,0.0
2023-08-17 00:00:00-04:00,3.299999952316284,3.318000078201294,3.2300000190734863,3.259999990463257,14006600,0.0,0.0
2023-08-18 00:00:00-04:00,3.130000114440918,3.2799999713897705,3.119999885559082,3.240000009536743,14506700,0.0,0.0
2023-08-21 00:00:00-04:00,3.240000009536743,3.319999933242798,3.2049999237060547,3.2699999809265137,18499000,0.0,0.0
2023-08-22 00:00:00-04:00,3.299999952316284,3.369999885559082,3.2899999618530273,3.3399999141693115,25433200,0.0,0.0
2023-08-23 00:00:00-04:00,3.490000009536743,3.759999990463257,3.4800000190734863,3.700000047683716,44219300,0.0,0.0
2023-08-24 00:00:00-04:00,3.75,3.765000104904175,3.6500000953674316,3.6600000858306885,20518600,0.0,0.0
2023-08-25 00:00:00-04:00,3.6500000953674316,3.740000009536743,3.5999999046325684,3.700000047683716,16983800,0.0,0.0
2023-08-28 00:00:00-04:00,3.690000057220459,3.740000009536743,3.640000104904175,3.690000057220459,23646800,0.0,0.0
2023-08-29 00:00:00-04:00,3.6700000762939453,3.819999933242798,3.6700000762939453,3.7699999809265137,17629700,0.0,0.0
2023-08-30 00:00:00-04:00,3.740000009536743,3.859999895095825,3.7200000286102295,3.740000009536743,28816400,0.0,0.0
2023-08-31 00:00:00-04:00,3.75,3.7799999713897705,3.6500000953674316,3.7699999809265137,31974900,0.0,0.0
2023-09-01 00:00:00-04:00,3.7699999809265137,3.880000114440918,3.759999990463257,3.8299999237060547,22363600,0.0,0.0
2023-09-05 00:00:00-04:00,3.7799999713897705,3.880000114440918,3.700000047683716,3.809999942779541,15539100,0.0,0.0
2023-09-06 00:00:00-04:00,3.75,3.799999952316284,3.6600000858306885,3.680000066757202,20398800,0.0,0.0
2023-09-07 00:00:00-04:00,3.619999885559082,3.7699999809265137,3.5899999141693115,3.7300000190734863,17496800,0.0,0.0
2023-09-08 00:00:00-04:00,3.680000066757202,3.7300000190734863,3.619999885559082,3.7200000286102295,13444300,0.0,0.0
2023-09-11 00:00:00-04:00,3.75,3.799999952316284,3.7100000381469727,3.740000009536743,13866300,0.0,0.0
2023-09-12 00:00:00-04:00,3.7699999809265137,3.819999933242798,3.75,3.7899999618530273,17665000,0.0,0.0
2023-09-13 00:00:00-04:00,3.440000057220459,3.5899999141693115,3.440000057220459,3.5299999713897705,86285700,0.0,0.0
2023-09-14 00:00:00-04:00,3.5899999141693115,3.5899999141693115,3.4800000190734863,3.509999990463257,18098700,0.0,0.0
2023-09-15 00:00:00-04:00,3.559999942779541,3.5899999141693115,3.509999990463257,3.549999952316284,14330400,0.0,0.0
2023-09-18 00:00:00-04:00,3.549999952316284,3.5899999141693115,3.5,3.5299999713897705,12394500,0.0,0.0
2023-09-19 00:00:00-04:00,3.5,3.5199999809265137,3.4600000381469727,3.490000009536743,21918000,0.0,0.0
2023-09-20 00:00:00-04:00,3.5,3.5450000762939453,3.4100000858306885,3.4600000381469727,13639700,0.0,0.0
2023-09-21 00:00:00-04:00,3.450000047683716,3.4600000381469727,3.299999952316284,3.4600000381469727,13790300,0.0,0.0
2023-09-22 00:00:00-04:00,3.4800000190734863,3.509999990463257,3.424999952316284,3.430000066757202,8708200,0.0,0.0
2023-09-25 00:00:00-04:00,3.430000066757202,3.4700000286102295,3.384999990463257,3.430000066757202,10990000,0.0,0.0
2023-09-26 00:00:00-04:00,3.380000114440918,3.450000047683716,3.359999895095825,3.4000000953674316,11458800,0.0,0.0
2023-09-27 00:00:00-04:00,3.4000000953674316,3.4600000381469727,3.359999895095825,3.380000114440918,20921100,0.0,0.0
2023-09-28 00:00:00-04:00,3.380000114440918,3.490000009536743,3.359999895095825,3.4700000286102295,14482300,0.0,0.0
2023-09-29 00:00:00-04:00,3.5199999809265137,3.5899999141693115,3.5199999809265137,3.5399999618530273,15580200,0.0,0.0
2023-10-02 00:00:00-04:00,3.490000009536743,3.569999933242798,3.4600000381469727,3.4800000190734863,19845600,0.0,0.0
2023-10-03 00:00:00-04:00,3.4800000190734863,3.4800000190734863,3.3299999237060547,3.3499999046325684,27370300,0.0,0.0
2023-10-04 00:00:00-04:00,3.319999933242798,3.4100000858306885,3.2300000190734863,3.4000000953674316,18224300,0.0,0.0
2023-10-05 00:00:00-04:00,3.369999885559082,3.5,3.369999885559082,3.4800000190734863,16904000,0.0,0.0
2023-10-06 00:00:00-04:00,3.450000047683716,3.5199999809265137,3.444999933242798,3.5,9389800,0.0,0.0
2023-10-09 00:00:00-04:00,3.4700000286102295,3.4800000190734863,3.380000114440918,3.440000057220459,13512600,0.0,0.0
2023-10-10 00:00:00-04:00,3.509999990463257,3.569999933242798,3.5,3.5299999713897705,11492700,0.0,0.0
2023-10-11 00:00:00-04:00,3.509999990463257,3.549999952316284,3.4800000190734863,3.490000009536743,10962200,0.0,0.0
2023-10-12 00:00:00-04:00,3.5399999618530273,3.559999942779541,3.4100000858306885,3.4700000286102295,13216900,0.0,0.0
2023-10-13 00:00:00-04:00,3.440000057220459,3.4600000381469727,3.359999895095825,3.4200000762939453,25474100,0.0,0.0
2023-10-16 00:00:00-04:00,3.4000000953674316,3.4600000381469727,3.369999885559082,3.4200000762939453,22883500,0.0,0.0
2023-10-17 00:00:00-04:00,3.390000104904175,3.4600000381469727,3.380000114440918,3.430000066757202,11997800,0.0,0.0
2023-10-18 00:00:00-04:00,3.4000000953674316,3.450000047683716,3.319999933242798,3.3299999237060547,10501900,0.0,0.0
2023-10-19 00:00:00-04:00,3.2899999618530273,3.3299999237060547,3.259999990463257,3.299999952316284,14667500,0.0,0.0
2023-10-20 00:00:00-04:00,3.259999990463257,3.2799999713897705,3.2200000286102295,3.2699999809265137,15941000,0.0,0.0
2023-10-23 00:00:00-04:00,3.2100000381469727,3.2699999809265137,3.180000066757202,3.25,22944800,0.0,0.0
2023-10-24 00:00:00-04:00,3.2699999809265137,3.3299999237060547,3.25,3.2799999713897705,12833900,0.0,0.0
2023-10-25 00:00:00-04:00,3.25,3.259999990463257,3.1500000953674316,3.200000047683716,20352900,0.0,0.0
2023-10-26 00:00:00-04:00,3.1700000762939453,3.194999933242798,3.065000057220459,3.0799999237060547,24542200,0.0,0.0
2023-10-27 00:00:00-04:00,3.0999999046325684,3.109999895095825,3.009999990463257,3.0299999713897705,20551800,0.0,0.0
2023-10-30 00:00:00-04:00,3.0899999141693115,3.109999895095825,3.0450000762939453,3.0999999046325684,11150700,0.0,0.0
2023-10-31 00:00:00-04:00,3.0999999046325684,3.109999895095825,3.0299999713897705,3.069999933242798,14900900,0.0,0.0
2023-11-01 00:00:00-04:00,3.069999933242798,3.0999999046325684,3.0,3.049999952316284,15137300,0.0,0.0
2023-11-02 00:00:00-04:00,3.1110000610351562,3.1700000762939453,3.0899999141693115,3.130000114440918,15304400,0.0,0.0
2023-11-03 00:00:00-04:00,3.2100000381469727,3.2200000286102295,3.140000104904175,3.1600000858306885,20086300,0.0,0.0
2023-11-06 00:00:00-05:00,3.240000009536743,3.249000072479248,3.0850000381469727,3.140000104904175,25308900,0.0,0.0
2023-11-07 00:00:00-05:00,3.1500000953674316,3.2200000286102295,3.125,3.1700000762939453,21381300,0.0,0.0
2023-11-08 00:00:00-05:00,3.1600000858306885,3.2079999446868896,3.121000051498413,3.190000057220459,20365900,0.0,0.0
2023-11-09 00:00:00-05:00,3.380000114440918,3.4000000953674316,3.2249999046325684,3.2899999618530273,26811500,0.0,0.0
2023-11-10 00:00:00-05:00,3.309999942779541,3.309999942779541,3.240000009536743,3.2699999809265137,17423100,0.0,0.0
2023-11-13 00:00:00-05:00,3.259999990463257,3.4100000858306885,3.2200000286102295,3.3299999237060547,22343900,0.0,0.0
2023-11-14 00:00:00-05:00,3.3499999046325684,3.4000000953674316,3.244999885559082,3.319999933242798,23279600,0.0,0.0
2023-11-15 00:00:00-05:00,3.3299999237060547,3.440000057220459,3.3299999237060547,3.4200000762939453,19083800,0.0,0.0
2023-11-16 00:00:00-05:00,3.388000011444092,3.388000011444092,3.2200000286102295,3.2899999618530273,28915500,0.0,0.0
2023-11-17 00:00:00-05:00,3.2799999713897705,3.3399999141693115,3.2200000286102295,3.309999942779541,19511100,0.0,0.0
2023-11-20 00:00:00-05:00,3.309999942779541,3.309999942779541,3.2100000381469727,3.2300000190734863,24865500,0.0,0.0
2023-11-21 00:00:00-05:00,3.200000047683716,3.2100000381469727,3.109999895095825,3.130000114440918,22846200,0.0,0.0
2023-11-22 00:00:00-05:00,3.1600000858306885,3.200000047683716,3.109999895095825,3.130000114440918,15348100,0.0,0.0
2023-11-24 00:00:00-05:00,3.0899999141693115,3.130000114440918,3.0810000896453857,3.119999885559082,8021800,0.0,0.0
2023-11-27 00:00:00-05:00,3.0999999046325684,3.140000104904175,3.059999942779541,3.059999942779541,17616300,0.0,0.0
2023-11-28 00:00:00-05:00,3.059999942779541,3.1500000953674316,3.0399999618530273,3.049999952316284,15260000,0.0,0.0
2023-11-29 00:00:00-05:00,3.0799999237060547,3.109999895095825,3.059999942779541,3.0799999237060547,16142900,0.0,0.0
2023-11-30 00:00:00-05:00,3.0199999809265137,3.0940001010894775,3.0,3.0399999618530273,50506600,0.0,0.0
2023-12-01 00:00:00-05:00,3.0399999618530273,3.119999885559082,3.0399999618530273,3.069999933242798,23320200,0.0,0.0
2023-12-04 00:00:00-05:00,3.0899999141693115,3.184999942779541,3.0799999237060547,3.1500000953674316,25401800,0.0,0.0
2023-12-05 00:00:00-05:00,3.119999885559082,3.1649999618530273,3.0999999046325684,3.140000104904175,18192800,0.0,0.0
2023-12-06 00:00:00-05:00,3.1500000953674316,3.180000066757202,3.0799999237060547,3.0899999141693115,25808200,0.0,0.0
2023-12-07 00:00:00-05:00,3.0799999237060547,3.130000114440918,3.049999952316284,3.109999895095825,18723000,0.0,0.0
2023-12-08 00:00:00-05:00,3.130000114440918,3.1500000953674316,3.109999895095825,3.1500000953674316,24985700,0.0,0.0
2023-12-11 00:00:00-05:00,3.125,3.1600000858306885,3.069999933242798,3.0799999237060547,12921300,0.0,0.0
2023-12-12 00:00:00-05:00,3.0799999237060547,3.109999895095825,3.0299999713897705,3.069999933242798,13426900,0.0,0.0
2023-12-13 00:00:00-05:00,3.0899999141693115,3.140000104904175,3.055000066757202,3.140000104904175,19792000,0.0,0.0
2023-12-14 00:00:00-05:00,3.190000057220459,3.2300000190734863,3.0999999046325684,3.140000104904175,32658300,0.0,0.0
2023-12-15 00:00:00-05:00,3.190000057220459,3.190000057220459,3.0999999046325684,3.1500000953674316,23480600,0.0,0.0
2023-12-18 00:00:00-05:00,3.140000104904175,3.180000066757202,3.130000114440918,3.1600000858306885,16353800,0.0,0.0
2023-12-19 00:00:00-05:00,3.1700000762939453,3.2679998874664307,3.1600000858306885,3.25,30853200,0.0,0.0
2023-12-20 00:00:00-05:00,3.2799999713897705,3.2899999618530273,3.1600000858306885,3.1700000762939453,17314300,0.0,0.0
2023-12-21 00:00:00-05:00,3.200000047683716,3.2799999713897705,3.1700000762939453,3.259999990463257,23871500,0.0,0.0
2023-12-22 00:00:00-05:00,3.259999990463257,3.2699999809265137,3.200000047683716,3.2200000286102295,12110600,0.0,0.0
2023-12-26 00:00:00-05:00,3.2200000286102295,3.259999990463257,3.190000057220459,3.259999990463257,7895300,0.0,0.0
2023-12-27 00:00:00-05:00,3.299999952316284,3.3299999237060547,3.25,3.2699999809265137,7653900,0.0,0.0
2023-12-28 00:00:00-05:00,3.299999952316284,3.3399999141693115,3.2300000190734863,3.25,16691300,0.0,0.0
2023-12-29 00:00:00-05:00,3.2899999618530273,3.4000000953674316,3.2699999809265137,3.369999885559082,17695100,0.0,0.0
2024-01-02 00:00:00-05:00,3.369999885559082,3.369999885559082,3.259999990463257,3.299999952316284,18982900,0.0,0.0
2024-01-03 00:00:00-05:00,3.2300000190734863,3.299999952316284,3.190000057220459,3.2850000858306885,26467500,0.0,0.0
2024-01-04 00:00:00-05:00,3.240000009536743,3.2899999618530273,3.240000009536743,3.25,14177800,0.0,0.0
2024-01-05 00:00:00-05:00,3.2200000286102295,3.319999933242798,3.1700000762939453,3.2699999809265137,13294300,0.0,0.0
2024-01-08 00:00:00-05:00,3.2300000190734863,3.369999885559082,3.200000047683716,3.359999895095825,18017700,0.0,0.0
2024-01-09 00:00:00-05:00,3.319999933242798,3.380000114440918,3.319999933242798,3.3299999237060547,17677500,0.0,0.0
2024-01-10 00:00:00-05:00,3.2899999618530273,3.3299999237060547,3.2699999809265137,3.319999933242798,9743300,0.0,0.0
2024-01-11 00:00:00-05:00,3.2799999713897705,3.3299999237060547,3.2200000286102295,3.25,12935600,0.0,0.0
2024-01-12 00:00:00-05:00,3.2200000286102295,3.2799999713897705,3.200000047683716,3.2100000381469727,14188800,0.0,0.0
2024-01-16 00:00:00-05:00,3.200000047683716,3.200000047683716,3.069999933242798,3.0899999141693115,20158400,0.0,0.0
2024-01-17 00:00:00-05:00,3.0199999809265137,3.0299999713897705,2.9000000953674316,2.9200000762939453,46965300,0.0,0.0
2024-01-18 00:00:00-05:00,3.009999990463257,3.0899999141693115,2.9800000190734863,3.0,27393900,0.0,0.0
2024-01-19 00:00:00-05:00,3.0399999618530273,3.0399999618530273,2.940000057220459,3.0,11660000,0.0,0.0
2024-01-22 00:00:00-05:00,3.009999990463257,3.0899999141693115,3.0,3.0299999713897705,11842700,0.0,0.0
2024-01-23 00:00:00-05:00,3.069999933242798,3.1500000953674316,3.069999933242798,3.130000114440918,12467600,0.0,0.0
2024-01-24 00:00:00-05:00,3.190000057220459,3.2200000286102295,3.1500000953674316,3.1700000762939453,9640400,0.0,0.0
2024-01-25 00:00:00-05:00,3.2200000286102295,3.2200000286102295,3.1500000953674316,3.1600000858306885,9308400,0.0,0.0
2024-01-26 00:00:00-05:00,3.1600000858306885,3.200000047683716,3.1600000858306885,3.1700000762939453,7505500,0.0,0.0
2024-01-29 00:00:00-05:00,3.200000047683716,3.240000009536743,3.1600000858306885,3.240000009536743,9585500,0.0,0.0
2024-01-30 00:00:00-05:00,3.2300000190734863,3.2300000190734863,3.059999942779541,3.0799999237060547,18332400,0.0,0.0
2024-01-31 00:00:00-05:00,3.059999942779541,3.1500000953674316,3.059999942779541,3.069999933242798,13411100,0.0,0.0
2024-02-01 00:00:00-05:00,3.0999999046325684,3.1500000953674316,3.069999933242798,3.130000114440918,9159700,0.0,0.0
2024-02-02 00:00:00-05:00,3.130000114440918,3.2200000286102295,3.0999999046325684,3.2200000286102295,16327300,0.0,0.0
2024-02-05 00:00:00-05:00,3.1600000858306885,3.2249999046325684,3.130000114440918,3.2100000381469727,22493500,0.0,0.0
2024-02-06 00:00:00-05:00,3.190000057220459,3.2899999618530273,3.190000057220459,3.25,17581000,0.0,0.0
2024-02-07 00:00:00-05:00,3.25,3.319999933242798,3.2300000190734863,3.299999952316284,15849000,0.0,0.0
2024-02-08 00:00:00-05:00,3.299999952316284,3.3480000495910645,3.259999990463257,3.319999933242798,18726000,0.0,0.0
2024-02-09 00:00:00-05:00,3.4100000858306885,3.450000047683716,3.319999933242798,3.430000066757202,21549500,0.0,0.0
2024-02-12 00:00:00-05:00,3.430000066757202,3.430000066757202,3.299999952316284,3.3399999141693115,53971500,0.0,0.0
2024-02-13 00:00:00-05:00,3.309999942779541,3.319999933242798,3.25,3.299999952316284,11337800,0.0,0.0
2024-02-14 00:00:00-05:00,3.319999933242798,3.430000066757202,3.309999942779541,3.4100000858306885,33123100,0.0,0.0
2024-02-15 00:00:00-05:00,3.4600000381469727,3.5799999237060547,3.4600000381469727,3.5199999809265137,39258500,0.0,0.0
2024-02-16 00:00:00-05:00,3.5999999046325684,3.5999999046325684,3.509999990463257,3.5299999713897705,30145700,0.0,0.0
2024-02-20 00:00:00-05:00,3.559999942779541,3.569999933242798,3.440000057220459,3.490000009536743,29517400,0.0,0.0
2024-02-21 00:00:00-05:00,3.5,3.569999933242798,3.440000057220459,3.450000047683716,34139400,0.0,0.0
2024-02-22 00:00:00-05:00,3.299999952316284,3.390000104904175,3.119999885559082,3.1600000858306885,73363100,0.0,0.0
2024-02-23 00:00:00-05:00,3.200000047683716,3.234999895095825,3.0799999237060547,3.1600000858306885,28013100,0.0,0.0
2024-02-26 00:00:00-05:00,3.190000057220459,3.190000057220459,3.119999885559082,3.190000057220459,14166800,0.0,0.0
2024-02-27 00:00:00-05:00,3.240000009536743,3.240000009536743,3.130000114440918,3.1449999809265137,14993800,0.0,0.0
2024-02-28 00:00:00-05:00,3.1500000953674316,3.1549999713897705,3.0799999237060547,3.0799999237060547,14180500,0.0,0.0
2024-02-29 00:00:00-05:00,3.119999885559082,3.130000114440918,3.0399999618530273,3.069999933242798,30436800,0.0,0.0
2024-03-01 00:00:00-05:00,3.069999933242798,3.130000114440918,3.069999933242798,3.0999999046325684,15188400,0.0,0.0
2024-03-04 00:00:00-05:00,3.109999895095825,3.109999895095825,3.0199999809265137,3.069999933242798,23564400,0.0,0.0
2024-03-05 00:00:00-05:00,3.0799999237060547,3.140000104904175,3.059999942779541,3.0899999141693115,31027700,0.0,0.0
2024-03-06 00:00:00-05:00,3.1500000953674316,3.1700000762939453,3.0899999141693115,3.0999999046325684,33835700,0.0,0.0
2024-03-07 00:00:00-05:00,3.130000114440918,3.200000047683716,3.115000009536743,3.200000047683716,44075200,0.0,0.0
2024-03-08 00:00:00-05:00,3.2149999141693115,3.2200000286102295,3.059999942779541,3.0799999237060547,27528400,0.0,0.0
2024-03-11 00:00:00-04:00,3.0999999046325684,3.1700000762939453,3.0899999141693115,3.1700000762939453,37032800,0.0,0.0
2024-03-12 00:00:00-04:00,3.190000057220459,3.259999990463257,3.1600000858306885,3.2200000286102295,21203700,0.0,0.0
2024-03-13 00:00:00-04:00,3.2200000286102295,3.309999942779541,3.1649999618530273,3.2300000190734863,16985200,0.0,0.0
2024-03-14 00:00:00-04:00,3.259999990463257,3.2899999618530273,3.200000047683716,3.240000009536743,13610200,0.0,0.0
2024-03-15 00:00:00-04:00,3.2100000381469727,3.259999990463257,3.1700000762939453,3.1700000762939453,126291300,0.0,0.0
2024-03-18 00:00:00-04:00,3.2100000381469727,3.2200000286102295,3.1500000953674316,3.1700000762939453,16099000,0.0,0.0
2024-03-19 00:00:00-04:00,3.180000066757202,3.2100000381469727,3.130000114440918,3.180000066757202,19614000,0.0,0.0
2024-03-20 00:00:00-04:00,3.180000066757202,3.2100000381469727,3.1500000953674316,3.200000047683716,27859700,0.0,0.0
2024-03-21 00:00:00-04:00,3.2200000286102295,3.2699999809265137,3.2100000381469727,3.25,21843900,0.0,0.0
2024-03-22 00:00:00-04:00,3.200000047683716,3.2200000286102295,3.130000114440918,3.1500000953674316,21443800,0.0,0.0
2024-03-25 00:00:00-04:00,3.184999942779541,3.184999942779541,3.119999885559082,3.140000104904175,10204500,0.0,0.0
2024-03-26 00:00:00-04:00,3.190000057220459,3.200000047683716,3.1500000953674316,3.1600000858306885,13627100,0.0,0.0
2024-03-27 00:00:00-04:00,3.1500000953674316,3.200000047683716,3.130000114440918,3.200000047683716,20693200,0.0,0.0
2024-03-28 00:00:00-04:00,3.190000057220459,3.2049999237060547,3.119999885559082,3.140000104904175,24603300,0.0,0.0
2024-04-01 00:00:00-04:00,3.130000114440918,3.200000047683716,3.119999885559082,3.190000057220459,21062500,0.0,0.0
2024-04-02 00:00:00-04:00,3.2100000381469727,3.240000009536743,3.180000066757202,3.2100000381469727,28579100,0.0,0.0
2024-04-03 00:00:00-04:00,3.200000047683716,3.25,3.200000047683716,3.2300000190734863,16414200,0.0,0.0
2024-04-04 00:00:00-04:00,3.25,3.2799999713897705,3.1500000953674316,3.1600000858306885,19488600,0.0,0.0
2024-04-05 00:00:00-04:00,3.130000114440918,3.25,3.109999895095825,3.240000009536743,29869200,0.0,0.0
2024-04-08 00:00:00-04:00,3.2300000190734863,3.309999942779541,3.2200000286102295,3.299999952316284,28249200,0.0,0.0
2024-04-09 00:00:00-04:00,3.3299999237060547,3.3499999046325684,3.2699999809265137,3.2899999618530273,14560200,0.0,0.0
2024-04-10 00:00:00-04:00,3.2799999713897705,3.3299999237060547,3.259999990463257,3.3299999237060547,19762500,0.0,0.0
2024-04-11 00:00:00-04:00,3.299999952316284,3.4049999713897705,3.2899999618530273,3.390000104904175,42476600,0.0,0.0
2024-04-12 00:00:00-04:00,3.3499999046325684,3.4000000953674316,3.299999952316284,3.3299999237060547,22260100,0.0,0.0
2024-04-15 00:00:00-04:00,3.319999933242798,3.3499999046325684,3.2899999618530273,3.309999942779541,26269500,0.0,0.0
2024-04-16 00:00:00-04:00,3.25,3.299999952316284,3.2300000190734863,3.2699999809265137,14432200,0.0,0.0
2024-04-17 00:00:00-04:00,3.259999990463257,3.3299999237060547,3.200000047683716,3.2100000381469727,20708700,0.0,0.0
2024-04-18 00:00:00-04:00,3.259999990463257,3.4200000762939453,3.2300000190734863,3.390000104904175,50839400,0.0,0.0
2024-04-19 00:00:00-04:00,3.4200000762939453,3.424999952316284,3.3499999046325684,3.369999885559082,17880800,0.0,0.0
2024-04-22 00:00:00-04:00,3.4100000858306885,3.4200000762939453,3.309999942779541,3.3499999046325684,28423000,0.0,0.0
2024-04-23 00:00:00-04:00,3.4100000858306885,3.549999952316284,3.359999895095825,3.509999990463257,70717200,0.0,0.0
2024-04-24 00:00:00-04:00,3.569999933242798,3.569999933242798,3.4100000858306885,3.4800000190734863,22175400,0.0,0.0
2024-04-25 00:00:00-04:00,3.490000009536743,3.5299999713897705,3.4700000286102295,3.5,16958600,0.0,0.0
2024-04-26 00:00:00-04:00,3.5399999618530273,3.559999942779541,3.490000009536743,3.5,26856200,0.0,0.0
2024-04-29 00:00:00-04:00,3.5299999713897705,3.5399999618530273,3.4700000286102295,3.5,16277500,0.0,0.0
2024-04-30 00:00:00-04:00,3.490000009536743,3.509999990463257,3.4700000286102295,3.5,20548600,0.0,0.0
2024-05-01 00:00:00-04:00,3.4800000190734863,3.5299999713897705,3.4700000286102295,3.490000009536743,13525100,0.0,0.0
2024-05-02 00:00:00-04:00,3.490000009536743,3.5,3.430000066757202,3.5,24452000,0.0,0.0
2024-05-03 00:00:00-04:00,3.5399999618530273,3.549999952316284,3.490000009536743,3.5299999713897705,14366000,0.0,0.0
2024-05-06 00:00:00-04:00,3.5399999618530273,3.549999952316284,3.5,3.5299999713897705,12528800,0.0,0.0
2024-05-07 00:00:00-04:00,3.5,3.509999990463257,3.4700000286102295,3.5,14917400,0.0,0.0
2024-05-08 00:00:00-04:00,3.450000047683716,3.509999990463257,3.450000047683716,3.5,16323500,0.0,0.0
2024-05-09 00:00:00-04:00,3.4800000190734863,3.565000057220459,3.4800000190734863,3.549999952316284,21456800,0.0,0.0
2024-05-10 00:00:00-04:00,3.5899999141693115,3.5899999141693115,3.5,3.5,20061100,0.0,0.0
2024-05-13 00:00:00-04:00,3.509999990463257,3.559999942779541,3.5,3.5399999618530273,21848900,0.0,0.0
2024-05-14 00:00:00-04:00,3.559999942779541,3.5999999046325684,3.5299999713897705,3.559999942779541,21714800,0.0,0.0
2024-05-15 00:00:00-04:00,3.630000114440918,3.630000114440918,3.549999952316284,3.5999999046325684,23980600,0.0,0.0
2024-05-16 00:00:00-04:00,3.759999990463257,3.7699999809265137,3.640000104904175,3.6500000953674316,61958500,0.0,0.0
2024-05-17 00:00:00-04:00,3.690000057220459,3.740000009536743,3.6600000858306885,3.7200000286102295,27337400,0.0,0.0
2024-05-20 00:00:00-04:00,3.700000047683716,3.75,3.680000066757202,3.740000009536743,37364700,0.0,0.0
2024-05-21 00:00:00-04:00,3.7200000286102295,3.740000009536743,3.6600000858306885,3.7200000286102295,19345800,0.0,0.0
2024-05-22 00:00:00-04:00,3.740000009536743,3.7699999809265137,3.690000057220459,3.700000047683716,32072000,0.0,0.0
2024-05-23 00:00:00-04:00,3.700000047683716,3.700000047683716,3.609999895095825,3.6700000762939453,24310200,0.0,0.0
2024-05-24 00:00:00-04:00,3.6500000953674316,3.7100000381469727,3.640000104904175,3.6600000858306885,21928100,0.0,0.0
2024-05-28 00:00:00-04:00,3.700000047683716,3.700000047683716,3.640000104904175,3.6500000953674316,9576900,0.0,0.0
2024-05-29 00:00:00-04:00,3.5999999046325684,3.6600000858306885,3.5899999141693115,3.640000104904175,11760400,0.0,0.0
2024-05-30 00:00:00-04:00,3.609999895095825,3.690000057220459,3.5999999046325684,3.6500000953674316,24270000,0.0,0.0
2024-05-31 00:00:00-04:00,3.6600000858306885,3.684999942779541,3.630000114440918,3.6700000762939453,64820000,0.0,0.0
2024-06-03 00:00:00-04:00,3.680000066757202,3.700000047683716,3.640000104904175,3.6700000762939453,18476900,0.0,0.0
2024-06-04 00:00:00-04:00,3.619999885559082,3.6700000762939453,3.619999885559082,3.6600000858306885,13260100,0.0,0.0
2024-06-05 00:00:00-04:00,3.640000104904175,3.700000047683716,3.634999990463257,3.680000066757202,16003200,0.0,0.0
2024-06-06 00:00:00-04:00,3.684999942779541,3.7200000286102295,3.6500000953674316,3.680000066757202,26419200,0.0,0.0
2024-06-07 00:00:00-04:00,3.6600000858306885,3.700000047683716,3.6549999713897705,3.6700000762939453,14189400,0.0,0.0
2024-06-10 00:00:00-04:00,3.6600000858306885,3.700000047683716,3.5999999046325684,3.640000104904175,20637500,0.0,0.0
2024-06-11 00:00:00-04:00,3.5999999046325684,3.6500000953674316,3.5999999046325684,3.619999885559082,12575000,0.0,0.0
2024-06-12 00:00:00-04:00,3.619999885559082,3.680000066757202,3.611999988555908,3.6500000953674316,14262600,0.0,0.0
2024-06-13 00:00:00-04:00,3.640000104904175,3.680000066757202,3.640000104904175,3.640000104904175,11407000,0.0,0.0
2024-06-14 00:00:00-04:00,3.609999895095825,3.640000104904175,3.569999933242798,3.5999999046325684,32081600,0.0,0.0
2024-06-17 00:00:00-04:00,3.5899999141693115,3.609999895095825,3.549999952316284,3.5899999141693115,13355000,0.0,0.0
2024-06-18 00:00:00-04:00,3.5850000381469727,3.619999885559082,3.509999990463257,3.5299999713897705,29781100,0.0,0.0
2024-06-20 00:00:00-04:00,3.509999990463257,3.5399999618530273,3.4700000286102295,3.5199999809265137,18444200,0.0,0.0
2024-06-21 00:00:00-04:00,3.509999990463257,3.549999952316284,3.4800000190734863,3.5399999618530273,18900300,0.0,0.0
2024-06-24 00:00:00-04:00,3.569999933242798,3.6050000190734863,3.5299999713897705,3.5299999713897705,9688100,0.0,0.0
2024-06-25 00:00:00-04:00,3.569999933242798,3.569999933242798,3.490000009536743,3.5199999809265137,9307300,0.0,0.0
2024-06-26 00:00:00-04:00,3.5199999809265137,3.559999942779541,3.5,3.509999990463257,9778000,0.0,0.0
2024-06-27 00:00:00-04:00,3.509999990463257,3.549999952316284,3.5,3.5399999618530273,11254000,0.0,0.0
2024-06-28 00:00:00-04:00,3.569999933242798,3.5799999237060547,3.509999990463257,3.549999952316284,14058700,0.0,0.0
2024-07-01 00:00:00-04:00,3.5450000762939453,3.5899999141693115,3.5,3.5299999713897705,19331000,0.0,0.0
2024-07-02 00:00:00-04:00,3.5199999809265137,3.5199999809265137,3.4600000381469727,3.5,17219400,0.0,0.0
2024-07-03 00:00:00-04:00,3.5299999713897705,3.569999933242798,3.515000104904175,3.5399999618530273,9413600,0.0,0.0
2024-07-05 00:00:00-04:00,3.559999942779541,3.569999933242798,3.5199999809265137,3.549999952316284,10660000,0.0,0.0
2024-07-08 00:00:00-04:00,3.5399999618530273,3.559999942779541,3.5299999713897705,3.549999952316284,10720800,0.0,0.0
2024-07-09 00:00:00-04:00,3.549999952316284,3.5799999237060547,3.5199999809265137,3.5799999237060547,12363400,0.0,0.0
2024-07-10 00:00:00-04:00,3.5999999046325684,3.5999999046325684,3.5399999618530273,3.5799999237060547,10848300,0.0,0.0
2024-07-11 00:00:00-04:00,3.5799999237060547,3.619999885559082,3.559999942779541,3.5899999141693115,13492300,0.0,0.0
2024-07-12 00:00:00-04:00,3.6449999809265137,3.6700000762939453,3.5899999141693115,3.609999895095825,12046600,0.0,0.0
2024-07-15 00:00:00-04:00,3.609999895095825,3.619999885559082,3.5,3.549999952316284,25557300,0.0,0.0
2024-07-16 00:00:00-04:00,3.549999952316284,3.5799999237060547,3.509999990463257,3.549999952316284,14098000,0.0,0.0
2024-07-17 00:00:00-04:00,3.549999952316284,3.549999952316284,3.4649999141693115,3.490000009536743,23791000,0.0,0.0
2024-07-18 00:00:00-04:00,3.484999895095825,3.490000009536743,3.369999885559082,3.4100000858306885,35259900,0.0,0.0
2024-07-19 00:00:00-04:00,3.375,3.440000057220459,3.369999885559082,3.380000114440918,17210200,0.0,0.0
2024-07-22 00:00:00-04:00,3.4000000953674316,3.4100000858306885,3.359999895095825,3.380000114440918,12564200,0.0,0.0
2024-07-23 00:00:00-04:00,3.3499999046325684,3.390000104904175,3.3499999046325684,3.380000114440918,6393400,0.0,0.0
2024-07-24 00:00:00-04:00,3.359999895095825,3.390000104904175,3.3299999237060547,3.359999895095825,21329400,0.0,0.0
2024-07-25 00:00:00-04:00,3.309999942779541,3.3499999046325684,3.2799999713897705,3.319999933242798,17734600,0.0,0.0
2024-07-26 00:00:00-04:00,3.319999933242798,3.3499999046325684,3.299999952316284,3.3299999237060547,13945100,0.0,0.0
2024-07-29 00:00:00-04:00,3.319999933242798,3.325000047683716,3.2899999618530273,3.309999942779541,11948400,0.0,0.0
2024-07-30 00:00:00-04:00,3.2799999713897705,3.309999942779541,3.25,3.299999952316284,15746200,0.0,0.0
2024-07-31 00:00:00-04:00,3.3399999141693115,3.3480000495910645,3.2899999618530273,3.299999952316284,13324600,0.0,0.0
2024-08-01 00:00:00-04:00,3.2899999618530273,3.309999942779541,3.2100000381469727,3.240000009536743,13797000,0.0,0.0
2024-08-02 00:00:00-04:00,3.1500000953674316,3.2799999713897705,3.119999885559082,3.240000009536743,21013900,0.0,0.0
2024-08-05 00:00:00-04:00,3.0,3.2699999809265137,2.9800000190734863,3.2200000286102295,27748600,0.0,0.0
2024-08-06 00:00:00-04:00,3.190000057220459,3.2200000286102295,3.1500000953674316,3.1700000762939453,25243900,0.0,0.0
2024-08-07 00:00:00-04:00,3.1600000858306885,3.2200000286102295,3.1600000858306885,3.1700000762939453,17816800,0.0,0.0
2024-08-08 00:00:00-04:00,3.1700000762939453,3.2300000190734863,3.140000104904175,3.2300000190734863,24384800,0.0,0.0
2024-08-09 00:00:00-04:00,3.240000009536743,3.2899999618530273,3.2300000190734863,3.240000009536743,13196900,0.0,0.0
2024-08-12 00:00:00-04:00,3.2300000190734863,3.2899999618530273,3.2100000381469727,3.259999990463257,26403400,0.0,0.0
2024-08-13 00:00:00-04:00,3.2799999713897705,3.380000114440918,3.2799999713897705,3.369999885559082,16123800,0.0,0.0
2024-08-14 00:00:00-04:00,3.390000104904175,3.440000057220459,3.3299999237060547,3.369999885559082,36780900,0.0,0.0
2024-08-15 00:00:00-04:00,3.190000057220459,3.3299999237060547,3.0799999237060547,3.119999885559082,85633200,0.0,0.0
2024-08-16 00:00:00-04:00,3.1600000858306885,3.200000047683716,3.119999885559082,3.1700000762939453,35776700,0.0,0.0
2024-08-19 00:00:00-04:00,3.190000057220459,3.359999895095825,3.180000066757202,3.3299999237060547,41651600,0.0,0.0
2024-08-20 00:00:00-04:00,3.369999885559082,3.369999885559082,3.2200000286102295,3.2300000190734863,19272000,0.0,0.0
2024-08-21 00:00:00-04:00,3.2300000190734863,3.244999885559082,3.190000057220459,3.2100000381469727,24154600,0.0,0.0
2024-08-22 00:00:00-04:00,3.2200000286102295,3.240000009536743,3.190000057220459,3.200000047683716,19651700,0.0,0.0
2024-08-23 00:00:00-04:00,3.2300000190734863,3.2699999809265137,3.2200000286102295,3.2300000190734863,19097500,0.0,0.0
2024-08-26 00:00:00-04:00,3.2300000190734863,3.2799999713897705,3.190000057220459,3.240000009536743,21296300,0.0,0.0
2024-08-27 00:00:00-04:00,3.240000009536743,3.2699999809265137,3.2200000286102295,3.240000009536743,13069200,0.0,0.0
2024-08-28 00:00:00-04:00,3.240000009536743,3.240000009536743,3.1700000762939453,3.2100000381469727,13503000,0.0,0.0
2024-08-29 00:00:00-04:00,3.190000057220459,3.2300000190734863,3.180000066757202,3.200000047683716,17597800,0.0,0.0
2024-08-30 00:00:00-04:00,3.2200000286102295,3.25,3.200000047683716,3.2200000286102295,17869700,0.0,0.0
2024-09-03 00:00:00-04:00,3.2249999046325684,3.359999895095825,3.190000057220459,3.319999933242798,29014300,0.0,0.0
2024-09-04 00:00:00-04:00,3.2950000762939453,3.3499999046325684,3.2699999809265137,3.3299999237060547,12965400,0.0,0.0
2024-09-05 00:00:00-04:00,3.3499999046325684,3.369999885559082,3.319999933242798,3.3399999141693115,12516200,0.0,0.0
2024-09-06 00:00:00-04:00,3.2899999618530273,3.3299999237060547,3.2799999713897705,3.2899999618530273,14629900,0.0,0.0
2024-09-09 00:00:00-04:00,3.319999933242798,3.3499999046325684,3.299999952316284,3.3499999046325684,15574000,0.0,0.0
2024-09-10 00:00:00-04:00,3.319999933242798,3.380000114440918,3.305000066757202,3.3499999046325684,16781100,0.0,0.0
2024-09-11 00:00:00-04:00,3.3399999141693115,3.4700000286102295,3.3299999237060547,3.450000047683716,24880700,0.0,0.0
2024-09-12 00:00:00-04:00,3.4749999046325684,3.5,3.4200000762939453,3.450000047683716,19356100,0.0,0.0
2024-09-13 00:00:00-04:00,3.4800000190734863,3.5,3.4549999237060547,3.4700000286102295,11575000,0.0,0.0
2024-09-16 00:00:00-04:00,3.490000009536743,3.5,3.4600000381469727,3.5,11956600,0.0,0.0
2024-09-17 00:00:00-04:00,3.509999990463257,3.5799999237060547,3.4800000190734863,3.569999933242798,26818300,0.0,0.0
2024-09-18 00:00:00-04:00,3.5899999141693115,3.684999942779541,3.5799999237060547,3.6600000858306885,92693800,0.0,0.0
2024-09-19 00:00:00-04:00,3.690000057220459,3.700000047683716,3.640000104904175,3.6600000858306885,22317500,0.0,0.0
2024-09-20 00:00:00-04:00,3.640000104904175,3.6600000858306885,3.559999942779541,3.640000104904175,19873600,0.0,0.0
2024-09-23 00:00:00-04:00,3.630000114440918,3.694999933242798,3.630000114440918,3.6500000953674316,25506900,0.0,0.0
2024-09-24 00:00:00-04:00,3.6700000762939453,3.7200000286102295,3.6610000133514404,3.700000047683716,21423300,0.0,0.0
2024-09-25 00:00:00-04:00,3.700000047683716,3.7899999618530273,3.680000066757202,3.7799999713897705,47332600,0.0,0.0
2024-09-26 00:00:00-04:00,3.8299999237060547,3.859999895095825,3.7799999713897705,3.799999952316284,29002800,0.0,0.0
2024-09-27 00:00:00-04:00,3.799999952316284,3.880000114440918,3.7699999809265137,3.8499999046325684,30715500,0.0,0.0
2024-09-30 00:00:00-04:00,3.880000114440918,3.880000114440918,3.75,3.799999952316284,36763200,0.0,0.0
2024-10-01 00:00:00-04:00,3.799999952316284,3.809999942779541,3.740000009536743,3.7899999618530273,39070200,0.0,0.0
2024-10-02 00:00:00-04:00,3.799999952316284,3.799999952316284,3.6700000762939453,3.7699999809265137,31676300,0.0,0.0
2024-10-03 00:00:00-04:00,3.740000009536743,3.7699999809265137,3.690000057220459,3.700000047683716,27899300,0.0,0.0
2024-10-04 00:00:00-04:00,3.7100000381469727,3.7200000286102295,3.680000066757202,3.680000066757202,22543700,0.0,0.0
2024-10-07 00:00:00-04:00,3.6700000762939453,3.7100000381469727,3.6700000762939453,3.690000057220459,19294800,0.0,0.0
2024-10-08 00:00:00-04:00,3.6700000762939453,3.700000047683716,3.630000114440918,3.700000047683716,35229500,0.0,0.0
2024-10-09 00:00:00-04:00,3.6700000762939453,3.680000066757202,3.640000104904175,3.6600000858306885,19621100,0.0,0.0
2024-10-10 00:00:00-04:00,3.634999990463257,3.640000104904175,3.5799999237060547,3.630000114440918,22801100,0.0,0.0
2024-10-11 00:00:00-04:00,3.6500000953674316,3.6659998893737793,3.5999999046325684,3.6500000953674316,25083000,0.0,0.0
2024-10-14 00:00:00-04:00,3.6700000762939453,3.680000066757202,3.619999885559082,3.630000114440918,25563700,0.0,0.0
2024-10-15 00:00:00-04:00,3.640000104904175,3.640000104904175,3.5799999237060547,3.609999895095825,32695100,0.0,0.0
2024-10-16 00:00:00-04:00,3.630000114440918,3.6700000762939453,3.5899999141693115,3.5999999046325684,17748100,0.0,0.0
2024-10-17 00:00:00-04:00,3.630000114440918,3.640000104904175,3.6019999980926514,3.619999885559082,14300900,0.0,0.0
2024-10-18 00:00:00-04:00,3.640000104904175,3.740000009536743,3.619999885559082,3.7300000190734863,34795500,0.0,0.0
2024-10-21 00:00:00-04:00,3.75,4.059999942779541,3.75,4.03000020980835,59158300,0.0,0.0
2024-10-22 00:00:00-04:00,4.150000095367432,4.21999979019165,4.110000133514404,4.159999847412109,68351700,0.0,0.0
2024-10-23 00:00:00-04:00,4.195000171661377,4.320000171661377,4.130000114440918,4.139999866485596,52808500,0.0,0.0
2024-10-24 00:00:00-04:00,4.110000133514404,4.159999847412109,4.090000152587891,4.130000114440918,42011700,0.0,0.0
2024-10-25 00:00:00-04:00,4.15500020980835,4.179999828338623,4.039999961853027,4.070000171661377,21567300,0.0,0.0
2024-10-28 00:00:00-04:00,4.119999885559082,4.199999809265137,4.110000133514404,4.170000076293945,24925100,0.0,0.0
2024-10-29 00:00:00-04:00,4.150000095367432,4.239999771118164,4.139999866485596,4.170000076293945,24303800,0.0,0.0
2024-10-30 00:00:00-04:00,4.139999866485596,4.139999866485596,4.059999942779541,4.119999885559082,15906600,0.0,0.0
2024-10-31 00:00:00-04:00,4.139999866485596,4.159999847412109,4.059999942779541,4.079999923706055,19758600,0.0,0.0
2024-11-01 00:00:00-04:00,4.050000190734863,4.090000152587891,4.019999980926514,4.070000171661377,12661600,0.0,0.0
2024-11-04 00:00:00-05:00,4.050000190734863,4.139999866485596,4.039999961853027,4.090000152587891,14474900,0.0,0.0
2024-11-05 00:00:00-05:00,4.079999923706055,4.199999809265137,4.079999923706055,4.190000057220459,19279900,0.0,0.0
2024-11-06 00:00:00-05:00,4.199999809265137,4.230000019073486,4.110000133514404,4.21999979019165,22590200,0.0,0.0
2024-11-07 00:00:00-05:00,4.320000171661377,4.440000057220459,4.260000228881836,4.269999980926514,23567200,0.0,0.0
2024-11-08 00:00:00-05:00,4.25,4.260000228881836,4.050000190734863,4.230000019073486,20953700,0.0,0.0
2024-11-11 00:00:00-05:00,4.309999942779541,4.409999847412109,4.255000114440918,4.380000114440918,68608600,0.0,0.0
2024-11-12 00:00:00-05:00,4.715000152587891,4.929999828338623,4.590000152587891,4.889999866485596,148639400,0.0,0.0
2024-11-13 00:00:00-05:00,4.840000152587891,4.900000095367432,4.539999961853027,4.889999866485596,80202800,0.0,0.0
2024-11-14 00:00:00-05:00,4.809999942779541,4.849999904632568,4.699999809265137,4.730000019073486,44780600,0.0,0.0
2024-11-15 00:00:00-05:00,4.699999809265137,4.739999771118164,4.590000152587891,4.730000019073486,54447500,0.0,0.0
2024-11-18 00:00:00-05:00,4.760000228881836,4.994999885559082,4.699999809265137,4.989999771118164,59114000,0.0,0.0
2024-11-19 00:00:00-05:00,4.960000038146973,5.539999961853027,4.940000057220459,5.460000038146973,96743700,0.0,0.0
2024-11-20 00:00:00-05:00,5.480000019073486,5.670000076293945,5.400000095367432,5.659999847412109,82005300,0.0,0.0
2024-11-21 00:00:00-05:00,5.494999885559082,5.71999979019165,5.46999979019165,5.670000076293945,52984900,0.0,0.0
2024-11-22 00:00:00-05:00,5.440000057220459,5.485000133514404,5.0,5.070000171661377,58748900,0.0,0.0
2024-11-25 00:00:00-05:00,5.210000038146973,5.210000038146973,5.019999980926514,5.139999866485596,48803000,0.0,0.0
2024-11-26 00:00:00-05:00,5.139999866485596,5.309999942779541,5.139999866485596,5.150000095367432,20366500,0.0,0.0
2024-11-27 00:00:00-05:00,5.159999847412109,5.320000171661377,5.085000038146973,5.179999828338623,36030200,0.0,0.0
2024-11-29 00:00:00-05:00,5.159999847412109,5.179999828338623,4.949999809265137,5.0,27784600,0.0,0.0
2024-12-02 00:00:00-05:00,5.054999828338623,5.190000057220459,4.994999885559082,5.179999828338623,26513200,0.0,0.0
2024-12-03 00:00:00-05:00,5.179999828338623,5.329999923706055,5.150000095367432,5.289999961853027,39148500,0.0,0.0
2024-12-04 00:00:00-05:00,5.28000020980835,5.389999866485596,5.210000038146973,5.309999942779541,44466400,0.0,0.0
2024-12-05 00:00:00-05:00,5.224999904632568,5.269999980926514,5.119999885559082,5.239999771118164,26155100,0.0,0.0
2024-12-06 00:00:00-05:00,5.28000020980835,5.300000190734863,5.070000171661377,5.139999866485596,26485300,0.0,0.0
2024-12-09 00:00:00-05:00,5.210000038146973,5.394999980926514,5.159999847412109,5.329999923706055,36944300,0.0,0.0
2024-12-10 00:00:00-05:00,5.269999980926514,5.480000019073486,5.199999809265137,5.429999828338623,65821800,0.0,0.0
2024-12-11 00:00:00-05:00,5.510000228881836,5.519999980926514,5.369999885559082,5.400000095367432,30745500,0.0,0.0
2024-12-12 00:00:00-05:00,5.394999980926514,5.409999847412109,5.170000076293945,5.179999828338623,34765700,0.0,0.0
2024-12-13 00:00:00-05:00,5.199999809265137,5.239999771118164,5.079999923706055,5.130000114440918,28729100,0.0,0.0
2024-12-16 00:00:00-05:00,5.150000095367432,5.190000057220459,5.0320000648498535,5.130000114440918,34454600,0.0,0.0
2024-12-17 00:00:00-05:00,5.070000171661377,5.150000095367432,4.960000038146973,5.139999866485596,31425500,0.0,0.0
2024-12-18 00:00:00-05:00,5.179999828338623,5.184999942779541,4.869999885559082,4.909999847412109,25915100,0.0,0.0
2024-12-19 00:00:00-05:00,4.920000076293945,4.980000019073486,4.809999942779541,4.920000076293945,22249700,0.0,0.0
2024-12-20 00:00:00-05:00,4.809999942779541,4.980000019073486,4.800000190734863,4.900000095367432,28387300,0.0,0.0
2024-12-23 00:00:00-05:00,4.894999980926514,4.920000076293945,4.840000152587891,4.880000114440918,17509500,0.0,0.0
2024-12-24 00:00:00-05:00,4.880000114440918,4.985000133514404,4.829999923706055,4.940000057220459,8028900,0.0,0.0
2024-12-26 00:00:00-05:00,4.909999847412109,5.03000020980835,4.889999866485596,4.960000038146973,11553900,0.0,0.0
2024-12-27 00:00:00-05:00,4.954999923706055,4.954999923706055,4.75,4.809999942779541,22492700,0.0,0.0
2024-12-30 00:00:00-05:00,4.769999980926514,4.78000020980835,4.71999979019165,4.760000228881836,17883400,0.0,0.0
2024-12-31 00:00:00-05:00,4.71999979019165,4.769999980926514,4.650000095367432,4.71999979019165,15072400,0.0,0.0
2025-01-02 00:00:00-05:00,4.730000019073486,4.84499979019165,4.699999809265137,4.739999771118164,15505200,0.0,0.0
2025-01-03 00:00:00-05:00,4.710000038146973,4.809999942779541,4.639999866485596,4.809999942779541,16953800,0.0,0.0
2025-01-06 00:00:00-05:00,4.989999771118164,5.0,4.830999851226807,4.869999885559082,22329400,0.0,0.0
2025-01-07 00:00:00-05:00,4.90500020980835,4.90500020980835,4.710000038146973,4.739999771118164,23034600,0.0,0.0
2025-01-08 00:00:00-05:00,4.755000114440918,4.760000228881836,4.510000228881836,4.630000114440918,23947600,0.0,0.0
2025-01-10 00:00:00-05:00,4.510000228881836,4.53000020980835,4.369999885559082,4.489999771118164,30128900,0.0,0.0
2025-01-13 00:00:00-05:00,4.380000114440918,4.510000228881836,4.364999771118164,4.5,21088200,0.0,0.0
2025-01-14 00:00:00-05:00,4.510000228881836,4.559999942779541,4.340000152587891,4.360000133514404,31140400,0.0,0.0
2025-01-15 00:00:00-05:00,4.429999828338623,4.599999904632568,4.420000076293945,4.460000038146973,25732200,0.0,0.0
2025-01-16 00:00:00-05:00,4.539999961853027,4.570000171661377,4.440000057220459,4.449999809265137,23767400,0.0,0.0
2025-01-17 00:00:00-05:00,4.5,4.630000114440918,4.4710001945495605,4.5,30389000,0.0,0.0
2025-01-21 00:00:00-05:00,4.677999973297119,4.677999973297119,4.539999961853027,4.610000133514404,34041100,0.0,0.0
2025-01-22 00:00:00-05:00,4.65500020980835,4.679999828338623,4.570000171661377,4.659999847412109,27799400,0.0,0.0
2025-01-23 00:00:00-05:00,4.679999828338623,4.699999809265137,4.550000190734863,4.639999866485596,17487700,0.0,0.0
2025-01-24 00:00:00-05:00,4.670000076293945,4.670000076293945,4.5,4.570000171661377,20958300,0.0,0.0
2025-01-27 00:00:00-05:00,4.480000019073486,4.510000228881836,4.409999847412109,4.440000057220459,18440300,0.0,0.0
2025-01-28 00:00:00-05:00,4.489999771118164,4.579999923706055,4.400000095367432,4.559999942779541,15967200,0.0,0.0
2025-01-29 00:00:00-05:00,4.550000190734863,4.789999961853027,4.539999961853027,4.78000020980835,34365300,0.0,0.0
2025-01-30 00:00:00-05:00,4.809999942779541,4.829999923706055,4.619999885559082,4.639999866485596,28454700,0.0,0.0
2025-01-31 00:00:00-05:00,4.690000057220459,4.710000038146973,4.550000190734863,4.579999923706055,25991200,0.0,0.0
2025-02-03 00:00:00-05:00,4.489999771118164,4.610000133514404,4.434999942779541,4.539999961853027,20591200,0.0,0.0
2025-02-04 00:00:00-05:00,4.980000019073486,5.190000057220459,4.929999828338623,5.110000133514404,77206800,0.0,0.0
2025-02-05 00:00:00-05:00,4.800000190734863,4.920000076293945,4.53000020980835,4.559999942779541,63484700,0.0,0.0
2025-02-06 00:00:00-05:00,4.679999828338623,4.715000152587891,4.590000152587891,4.670000076293945,29748300,0.0,0.0
2025-02-07 00:00:00-05:00,4.710000038146973,4.829999923706055,4.699999809265137,4.789999961853027,32404800,0.0,0.0
2025-02-10 00:00:00-05:00,4.789999961853027,4.835000038146973,4.699999809265137,4.78000020980835,22116100,0.0,0.0
2025-02-11 00:00:00-05:00,4.789999961853027,4.84499979019165,4.724999904632568,4.78000020980835,26931800,0.0,0.0
2025-02-12 00:00:00-05:00,4.75,5.079999923706055,4.744999885559082,5.0,57675400,0.0,0.0
2025-02-13 00:00:00-05:00,5.070000171661377,5.070000171661377,4.739999771118164,4.960000038146973,48340500,0.0,0.0
2025-02-14 00:00:00-05:00,4.980000019073486,5.039999961853027,4.860000133514404,4.900000095367432,31294800,0.0,0.0
2025-02-18 00:00:00-05:00,5.295000076293945,5.53000020980835,5.099999904632568,5.300000190734863,111637000,0.0,0.0
2025-02-19 00:00:00-05:00,5.360000133514404,5.369999885559082,5.099999904632568,5.340000152587891,86958600,0.0,0.0
2025-02-20 00:00:00-05:00,5.079999923706055,5.150000095367432,4.710000038146973,4.784999847412109,82287600,0.0,0.0
2025-02-21 00:00:00-05:00,5.010000228881836,5.289999961853027,4.800000190734863,4.900000095367432,56504900,0.0,0.0
2025-02-24 00:00:00-05:00,4.900000095367432,4.949999809265137,4.670000076293945,4.820000171661377,38764600,0.0,0.0
2025-02-25 00:00:00-05:00,4.755000114440918,4.769999980926514,4.550000190734863,4.559999942779541,38662400,0.0,0.0
2025-02-26 00:00:00-05:00,4.699999809265137,4.889999866485596,4.630000114440918,4.869999885559082,35238900,0.0,0.0
2025-02-27 00:00:00-05:00,4.849999904632568,5.005000114440918,4.800000190734863,4.829999923706055,36875000,0.0,0.0
2025-02-28 00:00:00-05:00,4.78000020980835,4.880000114440918,4.71999979019165,4.849999904632568,55502500,0.0,0.0
2025-03-03 00:00:00-05:00,4.880000114440918,5.0,4.710000038146973,4.730000019073486,45847400,0.0,0.0
2025-03-04 00:00:00-05:00,4.599999904632568,4.739999771118164,4.485000133514404,4.690000057220459,33122700,0.0,0.0
2025-03-05 00:00:00-05:00,4.695000171661377,4.829999923706055,4.690000057220459,4.829999923706055,25232300,0.0,0.0
2025-03-06 00:00:00-05:00,4.75,4.769999980926514,4.539999961853027,4.599999904632568,27764600,0.0,0.0
2025-03-07 00:00:00-05:00,4.599999904632568,4.610000133514404,4.429999828338623,4.590000152587891,39222900,0.0,0.0
2025-03-10 00:00:00-04:00,4.445000171661377,4.449999809265137,4.0,4.119999885559082,80731900,0.0,0.0
2025-03-11 00:00:00-04:00,4.255000114440918,4.53000020980835,4.199999809265137,4.309999942779541,50990200,0.0,0.0
2025-03-12 00:00:00-04:00,4.460000038146973,4.5,4.179999828338623,4.21999979019165,31681400,0.0,0.0
2025-03-13 00:00:00-04:00,4.210000038146973,4.309999942779541,4.199999809265137,4.260000228881836,30576800,0.0,0.0
2025-03-14 00:00:00-04:00,4.340000152587891,4.420000076293945,4.320000171661377,4.400000095367432,17810700,0.0,0.0
2025-03-17 00:00:00-04:00,4.489999771118164,4.510000228881836,4.400000095367432,4.449999809265137,21533900,0.0,0.0
2025-03-18 00:00:00-04:00,4.635000228881836,4.679999828338623,4.5,4.599999904632568,36003600,0.0,0.0
2025-03-19 00:00:00-04:00,4.610000133514404,4.789999961853027,4.573999881744385,4.710000038146973,38837200,0.0,0.0
2025-03-20 00:00:00-04:00,4.71999979019165,4.71999979019165,4.525000095367432,4.579999923706055,17092500,0.0,0.0
2025-03-21 00:00:00-04:00,4.510000228881836,4.650000095367432,4.440000057220459,4.639999866485596,23250300,0.0,0.0
2025-03-24 00:00:00-04:00,4.639999866485596,4.679999828338623,4.599999904632568,4.619999885559082,34925900,0.0,0.0
2025-03-25 00:00:00-04:00,4.639999866485596,4.690000057220459,4.53000020980835,4.539999961853027,18424400,0.0,0.0
2025-03-26 00:00:00-04:00,4.619999885559082,4.789999961853027,4.565000057220459,4.78000020980835,34244700,0.0,0.0
2025-03-27 00:00:00-04:00,4.78000020980835,4.849999904632568,4.690000057220459,4.800000190734863,27429900,0.0,0.0
2025-03-28 00:00:00-04:00,4.789999961853027,4.789999961853027,4.539999961853027,4.570000171661377,25068600,0.0,0.0
2025-03-31 00:00:00-04:00,4.380000114440918,4.559999942779541,4.289999961853027,4.53000020980835,30698400,0.0,0.0
2025-04-01 00:00:00-04:00,4.449999809265137,4.559999942779541,4.429999828338623,4.550000190734863,15596900,0.0,0.0
2025-04-02 00:00:00-04:00,4.440000057220459,4.610000133514404,4.440000057220459,4.610000133514404,30018000,0.0,0.0
2025-04-03 00:00:00-04:00,4.369999885559082,4.39900016784668,4.199999809265137,4.260000228881836,29250500,0.0,0.0
2025-04-04 00:00:00-04:00,4.090000152587891,4.099999904632568,3.6600000858306885,3.7300000190734863,87102400,0.0,0.0
2025-04-07 00:00:00-04:00,3.5999999046325684,3.759999990463257,3.359999895095825,3.4800000190734863,95733900,0.0,0.0
2025-04-08 00:00:00-04:00,3.7899999618530273,3.950000047683716,3.630000114440918,3.7300000190734863,84309500,0.0,0.0
2025-04-09 00:00:00-04:00,3.8499999046325684,4.320000171661377,3.700000047683716,4.260000228881836,62957800,0.0,0.0
2025-04-10 00:00:00-04:00,4.110000133514404,4.116000175476074,3.8499999046325684,3.9700000286102295,52701000,0.0,0.0
2025-04-11 00:00:00-04:00,4.03000020980835,4.070000171661377,3.930000066757202,4.050000190734863,47057800,0.0,0.0
2025-04-14 00:00:00-04:00,4.105000019073486,4.159999847412109,3.9600000381469727,3.9800000190734863,32449700,0.0,0.0
2025-04-15 00:00:00-04:00,4.010000228881836,4.090000152587891,3.984999895095825,4.059999942779541,17983500,0.0,0.0
2025-04-16 00:00:00-04:00,3.950000047683716,4.119999885559082,3.930000066757202,4.039999961853027,32231700,0.0,0.0
2025-04-17 00:00:00-04:00,4.079999923706055,4.170000076293945,4.059999942779541,4.110000133514404,17716700,0.0,0.0
2025-04-21 00:00:00-04:00,4.099999904632568,4.199999809265137,3.994999885559082,4.070000171661377,14223700,0.0,0.0
2025-04-22 00:00:00-04:00,4.130000114440918,4.329999923706055,4.130000114440918,4.239999771118164,19817600,0.0,0.0
2025-04-23 00:00:00-04:00,4.489999771118164,4.599999904632568,4.320000171661377,4.380000114440918,42330800,0.0,0.0
2025-04-24 00:00:00-04:00,4.380000114440918,4.699999809265137,4.375,4.679999828338623,30544100,0.0,0.0
2025-04-25 00:00:00-04:00,4.650000095367432,4.789999961853027,4.559999942779541,4.78000020980835,37684600,0.0,0.0
2025-04-28 00:00:00-04:00,4.789999961853027,4.894999980926514,4.659999847412109,4.760000228881836,44312400,0.0,0.0
2025-04-29 00:00:00-04:00,4.800000190734863,4.849999904632568,4.710000038146973,4.789999961853027,33239700,0.0,0.0
2025-04-30 00:00:00-04:00,4.690000057220459,4.929999828338623,4.650000095367432,4.880000114440918,41720400,0.0,0.0
2025-05-01 00:00:00-04:00,4.929999828338623,4.940000057220459,4.75,4.769999980926514,26912100,0.0,0.0
2025-05-02 00:00:00-04:00,4.849999904632568,4.980000019073486,4.820000171661377,4.889999866485596,32785500,0.0,0.0
2025-05-05 00:00:00-04:00,4.835000038146973,5.0,4.795000076293945,4.860000133514404,25044100,0.0,0.0
2025-05-06 00:00:00-04:00,4.789999961853027,4.880000114440918,4.739999771118164,4.840000152587891,24915800,0.0,0.0
2025-05-07 00:00:00-04:00,4.96999979019165,4.980000019073486,4.784999847412109,4.840000152587891,44351500,0.0,0.0
2025-05-08 00:00:00-04:00,4.849999904632568,4.96999979019165,4.829999923706055,4.929999828338623,20799100,0.0,0.0
2025-05-09 00:00:00-04:00,4.965000152587891,5.019999980926514,4.860000133514404,4.900000095367432,22257700,0.0,0.0
2025-05-12 00:00:00-04:00,5.034999847412109,5.034999847412109,4.954999923706055,4.989999771118164,20835400,0.0,0.0
2025-05-13 00:00:00-04:00,4.994999885559082,5.059999942779541,4.96999979019165,5.03000020980835,41385200,0.0,0.0
2025-05-14 00:00:00-04:00,5.03000020980835,5.25,5.005000114440918,5.25,52036200,0.0,0.0
2025-05-15 00:00:00-04:00,5.150000095367432,5.21999979019165,4.980000019073486,5.059999942779541,36267500,0.0,0.0
2025-05-16 00:00:00-04:00,5.099999904632568,5.199999809265137,5.050000190734863,5.090000152587891,24671100,0.0,0.0
2025-05-19 00:00:00-04:00,5.010000228881836,5.130000114440918,4.989999771118164,5.079999923706055,23549300,0.0,0.0
2025-05-20 00:00:00-04:00,5.070000171661377,5.070000171661377,4.889999866485596,4.940000057220459,32516700,0.0,0.0
2025-05-21 00:00:00-04:00,4.929999828338623,4.929999828338623,4.769999980926514,4.809999942779541,28478400,0.0,0.0
2025-05-22 00:00:00-04:00,4.815000057220459,5.059999942779541,4.795000076293945,4.960000038146973,36674700,0.0,0.0
2025-05-23 00:00:00-04:00,4.869999885559082,4.989999771118164,4.860000133514404,4.949999809265137,12721800,0.0,0.0
2025-05-27 00:00:00-04:00,4.989999771118164,5.03000020980835,4.940000057220459,4.96999979019165,25510400,0.0,0.0
2025-05-28 00:00:00-04:00,4.960000038146973,5.019999980926514,4.949999809265137,4.96999979019165,18857800,0.0,0.0
2025-05-29 00:00:00-04:00,5.03000020980835,5.039999961853027,4.849999904632568,4.889999866485596,19388200,0.0,0.0
2025-05-30 00:00:00-04:00,4.889999866485596,4.900000095367432,4.809999942779541,4.869999885559082,34303000,0.0,0.0
2025-06-02 00:00:00-04:00,4.900000095367432,4.909999847412109,4.710000038146973,4.849999904632568,27515800,0.0,0.0
2025-06-03 00:00:00-04:00,4.869999885559082,5.010000228881836,4.849999904632568,4.989999771118164,25703900,0.0,0.0
2025-06-04 00:00:00-04:00,4.980000019073486,5.110000133514404,4.980000019073486,5.019999980926514,25535100,0.0,0.0
2025-06-05 00:00:00-04:00,5.025000095367432,5.130000114440918,5.000999927520752,5.059999942779541,30355900,0.0,0.0
2025-06-06 00:00:00-04:00,5.28000020980835,5.289999961853027,5.050000190734863,5.170000076293945,33223900,0.0,0.0
2025-06-09 00:00:00-04:00,5.119999885559082,5.139999866485596,4.949999809265137,4.980000019073486,26682400,0.0,0.0
2025-06-10 00:00:00-04:00,4.949999809265137,4.96999979019165,4.650000095367432,4.679999828338623,114376400,0.0,0.0
2025-06-11 00:00:00-04:00,4.730000019073486,4.800000190734863,4.690000057220459,4.730000019073486,76419100,0.0,0.0
2025-06-12 00:00:00-04:00,4.710000038146973,4.710000038146973,4.565000057220459,4.630000114440918,57486700,0.0,0.0
2025-06-13 00:00:00-04:00,4.590000152587891,4.639999866485596,4.53000020980835,4.570000171661377,27567000,0.0,0.0
2025-06-16 00:00:00-04:00,4.659999847412109,4.764999866485596,4.659999847412109,4.710000038146973,34437500,0.0,0.0
2025-06-17 00:00:00-04:00,4.730000019073486,4.820000171661377,4.715000152587891,4.800000190734863,68451000,0.0,0.0
2025-06-18 00:00:00-04:00,4.78000020980835,4.800000190734863,4.630000114440918,4.659999847412109,35749200,0.0,0.0
2025-06-20 00:00:00-04:00,4.639999866485596,4.659999847412109,4.480000019073486,4.489999771118164,45366000,0.0,0.0
2025-06-23 00:00:00-04:00,4.494999885559082,4.610000133514404,4.480000019073486,4.559999942779541,26692400,0.0,0.0
2025-06-24 00:00:00-04:00,4.630000114440918,4.800000190734863,4.630000114440918,4.739999771118164,35627900,0.0,0.0
2025-06-25 00:00:00-04:00,4.755000114440918,4.769999980926514,4.579999923706055,4.590000152587891,33606100,0.0,0.0
2025-06-26 00:00:00-04:00,4.630000114440918,4.710000038146973,4.599999904632568,4.670000076293945,29919200,0.0,0.0
2025-06-27 00:00:00-04:00,4.670000076293945,4.940000057220459,4.650000095367432,4.920000076293945,51195100,0.0,0.0
2025-06-30 00:00:00-04:00,4.985000133514404,5.119999885559082,4.860000133514404,5.03000020980835,53350300,0.0,0.0
2025-07-01 00:00:00-04:00,5.039999961853027,5.065000057220459,4.860000133514404,4.929999828338623,30189600,0.0,0.0
2025-07-02 00:00:00-04:00,4.929999828338623,5.179999828338623,4.869999885559082,4.900000095367432,52767700,0.0,0.0
2025-07-03 00:00:00-04:00,4.920000076293945,4.949999809265137,4.829999923706055,4.869999885559082,19438400,0.0,0.0
2025-07-07 00:00:00-04:00,4.869999885559082,5.050000190734863,4.809999942779541,4.96999979019165,32824100,0.0,0.0
2025-07-08 00:00:00-04:00,5.039999961853027,5.070000171661377,4.800000190734863,4.800000190734863,43948200,0.0,0.0
2025-07-09 00:00:00-04:00,4.849999904632568,5.054999828338623,4.800000190734863,4.989999771118164,50068500,0.0,0.0
2025-07-10 00:00:00-04:00,5.0,5.010000228881836,4.900000095367432,4.920000076293945,28539100,0.0,0.0
2025-07-11 00:00:00-04:00,4.920000076293945,5.070000171661377,4.914999961853027,5.0,36728600,0.0,0.0
2025-07-14 00:00:00-04:00,5.070000171661377,5.164999961853027,4.980000019073486,5.010000228881836,27022200,0.0,0.0
2025-07-15 00:00:00-04:00,5.099999904632568,5.179999828338623,5.010000228881836,5.039999961853027,35314400,0.0,0.0
2025-07-16 00:00:00-04:00,5.050000190734863,5.139999866485596,4.960000038146973,5.130000114440918,39529000,0.0,0.0
2025-07-17 00:00:00-04:00,5.170000076293945,5.309999942779541,5.159999847412109,5.25,50947200,0.0,0.0
2025-07-18 00:00:00-04:00,5.349999904632568,5.414999961853027,5.289999961853027,5.340000152587891,45217600,0.0,0.0
2025-07-21 00:00:00-04:00,5.454999923706055,5.480000019073486,5.239999771118164,5.349999904632568,68286800,0.0,0.0
2025-07-22 00:00:00-04:00,5.425000190734863,5.5,5.210000038146973,5.46999979019165,54391100,0.0,0.0
2025-07-23 00:00:00-04:00,5.489999771118164,5.519999980926514,5.320000171661377,5.369999885559082,32321600,0.0,0.0
2025-07-24 00:00:00-04:00,5.355000019073486,5.389999866485596,5.269999980926514,5.340000152587891,22180600,0.0,0.0
2025-07-25 00:00:00-04:00,5.360000133514404,5.389999866485596,5.300000190734863,5.360000133514404,25384700,0.0,0.0
2025-07-28 00:00:00-04:00,5.360000133514404,5.360000133514404,5.25,5.28000020980835,25521500,0.0,0.0
2025-07-29 00:00:00-04:00,5.400000095367432,5.429999828338623,5.269999980926514,5.309999942779541,44062900,0.0,0.0
2025-07-30 00:00:00-04:00,5.304999828338623,5.360000133514404,5.260000228881836,5.289999961853027,43481400,0.0,0.0
2025-07-31 00:00:00-04:00,5.110000133514404,5.119999885559082,4.800000190734863,4.889999866485596,80297000,0.0,0.0
2025-08-01 00:00:00-04:00,4.880000114440918,4.900000095367432,4.730000019073486,4.800000190734863,39733700,0.0,0.0
2025-08-04 00:00:00-04:00,4.869999885559082,5.0,4.840000152587891,4.960000038146973,26747000,0.0,0.0
2025-08-05 00:00:00-04:00,4.960000038146973,5.03000020980835,4.900000095367432,4.96999979019165,35509200,0.0,0.0
2025-08-06 00:00:00-04:00,4.934999942779541,4.960000038146973,4.760000228881836,4.769999980926514,28108300,0.0,0.0
2025-08-07 00:00:00-04:00,4.835000038146973,4.960000038146973,4.769999980926514,4.949999809265137,42229200,0.0,0.0
2025-08-08 00:00:00-04:00,4.96999979019165,4.989999771118164,4.849999904632568,4.880000114440918,21994500,0.0,0.0
2025-08-11 00:00:00-04:00,4.869999885559082,4.889999866485596,4.769999980926514,4.820000171661377,18079200,0.0,0.0
2025-08-12 00:00:00-04:00,4.860000133514404,4.989999771118164,4.84499979019165,4.989999771118164,23595800,0.0,0.0
2025-08-13 00:00:00-04:00,5.025000095367432,5.150000095367432,4.96999979019165,5.119999885559082,35414200,0.0,0.0
2025-08-14 00:00:00-04:00,5.130000114440918,5.190000057220459,5.050000190734863,5.130000114440918,21178100,0.0,0.0
2025-08-15 00:00:00-04:00,5.125,5.230000019073486,5.110000133514404,5.130000114440918,17794100,0.0,0.0
2025-08-18 00:00:00-04:00,5.130000114440918,5.150000095367432,5.079999923706055,5.099999904632568,16970800,0.0,0.0
2025-08-19 00:00:00-04:00,5.119999885559082,5.260000228881836,5.050000190734863,5.050000190734863,33067900,0.0,0.0
2025-08-20 00:00:00-04:00,5.039999961853027,5.039999961853027,4.900000095367432,5.03000020980835,25642600,0.0,0.0
2025-08-21 00:00:00-04:00,5.03000020980835,5.070000171661377,5.0,5.010000228881836,13694900,0.0,0.0
2025-08-22 00:00:00-04:00,5.046999931335449,5.170000076293945,4.989999771118164,5.130000114440918,24241500,0.0,0.0
2025-08-25 00:00:00-04:00,5.099999904632568,5.119999885559082,4.989999771118164,5.010000228881836,26740200,0.0,0.0
2025-08-26 00:00:00-04:00,5.0,5.010000228881836,4.929999828338623,5.0,31901300,0.0,0.0
2025-08-27 00:00:00-04:00,4.989999771118164,5.019999980926514,4.940000057220459,4.949999809265137,17636700,0.0,0.0
2025-08-28 00:00:00-04:00,4.960000038146973,5.019999980926514,4.900000095367432,4.96999979019165,17844600,0.0,0.0
2025-08-29 00:00:00-04:00,4.949999809265137,5.010000228881836,4.909999847412109,4.989999771118164,36145900,0.0,0.0
2025-09-02 00:00:00-04:00,4.914999961853027,4.960000038146973,4.840000152587891,4.929999828338623,26846000,0.0,0.0
2025-09-03 00:00:00-04:00,4.929999828338623,4.989999771118164,4.889999866485596,4.920000076293945,27014600,0.0,0.0
2025-09-04 00:00:00-04:00,4.889999866485596,5.090000152587891,4.880000114440918,5.050000190734863,36213100,0.0,0.0
2025-09-05 00:00:00-04:00,5.090000152587891,5.179999828338623,5.059999942779541,5.159999847412109,35099900,0.0,0.0
2025-09-08 00:00:00-04:00,5.170000076293945,5.304999828338623,5.159999847412109,5.190000057220459,33633600,0.0,0.0
2025-09-09 00:00:00-04:00,5.159999847412109,5.300000190734863,5.090000152587891,5.289999961853027,42873400,0.0,0.0
2025-09-10 00:00:00-04:00,5.300000190734863,5.340000152587891,5.239999771118164,5.300000190734863,39979900,0.0,0.0
2025-09-11 00:00:00-04:00,5.289999961853027,5.570000171661377,5.21999979019165,5.53000020980835,85350100,0.0,0.0
2025-09-12 00:00:00-04:00,5.550000190734863,6.03000020980835,5.510000228881836,6.0,110319200,0.0,0.0
2025-09-15 00:00:00-04:00,5.900000095367432,6.159999847412109,5.610000133514404,6.139999866485596,110348900,0.0,0.0
2025-09-16 00:00:00-04:00,6.119999885559082,6.420000076293945,5.909999847412109,6.320000171661377,111341900,0.0,0.0
2025-09-17 00:00:00-04:00,6.130000114440918,6.130000114440918,5.914999961853027,6.099999904632568,110391300,0.0,0.0
2025-09-18 00:00:00-04:00,6.135000228881836,6.5,6.059999942779541,6.349999904632568,94937200,0.0,0.0
2025-09-19 00:00:00-04:00,6.389999866485596,6.5,6.320000171661377,6.389999866485596,53037100,0.0,0.0
2025-09-22 00:00:00-04:00,6.244999885559082,6.579999923706055,6.21999979019165,6.449999809265137,96489000,0.0,0.0
2025-09-23 00:00:00-04:00,6.480000019073486,6.619999885559082,6.260000228881836,6.320000171661377,55175200,0.0,0.0
2025-09-24 00:00:00-04:00,6.300000190734863,6.429999828338623,6.159999847412109,6.21999979019165,58607100,0.0,0.0
2025-09-25 00:00:00-04:00,6.130000114440918,6.269999980926514,5.989999771118164,6.25,68323200,0.0,0.0
2025-09-26 00:00:00-04:00,6.210000038146973,6.21999979019165,6.039999961853027,6.110000133514404,38493400,0.0,0.0
2025-09-29 00:00:00-04:00,6.114999771118164,6.170000076293945,5.929999828338623,6.110000133514404,32120400,0.0,0.0
2025-09-30 00:00:00-04:00,6.059999942779541,6.150000095367432,5.989999771118164,6.019999980926514,38655000,0.0,0.0
2025-10-01 00:00:00-04:00,6.039999961853027,6.21999979019165,5.829999923706055,5.900000095367432,71049200,0.0,0.0
2025-10-02 00:00:00-04:00,5.989999771118164,6.070000171661377,5.900000095367432,6.050000190734863,47729800,0.0,0.0
2025-10-03 00:00:00-04:00,6.119999885559082,6.21999979019165,6.059999942779541,6.159999847412109,50405600,0.0,0.0
2025-10-06 00:00:00-04:00,6.275000095367432,6.445000171661377,6.139999866485596,6.389999866485596,51292300,0.0,0.0
2025-10-07 00:00:00-04:00,6.550000190734863,6.599999904632568,6.239999771118164,6.269999980926514,41965800,0.0,0.0
2025-10-08 00:00:00-04:00,6.329999923706055,6.439000129699707,6.230000019073486,6.360000133514404,31303400,0.0,0.0
2025-10-09 00:00:00-04:00,6.385000228881836,6.400000095367432,6.070000171661377,6.170000076293945,39888500,0.0,0.0
2025-10-10 00:00:00-04:00,6.119999885559082,6.139999866485596,5.840000152587891,5.860000133514404,52095700,0.0,0.0
2025-10-13 00:00:00-04:00,5.989999771118164,6.070000171661377,5.889999866485596,5.929999828338623,27376500,0.0,0.0
2025-10-14 00:00:00-04:00,5.789999961853027,6.019999980926514,5.699999809265137,5.909999847412109,31275000,0.0,0.0
2025-10-15 00:00:00-04:00,6.059999942779541,6.139999866485596,5.900000095367432,5.920000076293945,37986800,0.0,0.0
2025-10-16 00:00:00-04:00,5.949999809265137,5.989999771118164,5.639999866485596,5.710000038146973,39900500,0.0,0.0
2025-10-17 00:00:00-04:00,5.619999885559082,5.675000190734863,5.539999961853027,5.639999866485596,41462600,0.0,0.0
2025-10-20 00:00:00-04:00,5.789999961853027,5.809000015258789,5.650000095367432,5.670000076293945,30957500,0.0,0.0
2025-10-21 00:00:00-04:00,5.679999828338623,5.679999828338623,5.539999961853027,5.599999904632568,48870400,0.0,0.0
2025-10-22 00:00:00-04:00,5.619999885559082,5.619999885559082,5.420000076293945,5.619999885559082,48402600,0.0,0.0
2025-10-23 00:00:00-04:00,5.670000076293945,5.760000228881836,5.579999923706055,5.71999979019165,51345300,0.0,0.0
2025-10-24 00:00:00-04:00,5.84499979019165,5.914999961853027,5.769999980926514,5.849999904632568,50349200,0.0,0.0
2025-10-27 00:00:00-04:00,6.0,6.130000114440918,5.909999847412109,6.119999885559082,51338100,0.0,0.0
2025-10-28 00:00:00-04:00,6.230000019073486,6.239999771118164,5.900000095367432,5.940000057220459,48236600,0.0,0.0
2025-10-29 00:00:00-04:00,5.940000057220459,6.090000152587891,5.849999904632568,6.050000190734863,55308600,0.0,0.0
2025-10-30 00:00:00-04:00,6.0,6.079999923706055,5.920000076293945,5.980000019073486,39456800,0.0,0.0
2025-10-31 00:00:00-04:00,5.96999979019165,6.079999923706055,5.949999809265137,6.010000228881836,41950200,0.0,0.0
2025-11-03 00:00:00-05:00,6.010000228881836,6.114999771118164,5.900000095367432,6.070000171661377,79564700,0.0,0.0
2025-11-04 00:00:00-05:00,5.565000057220459,5.820000171661377,5.360000133514404,5.784999847412109,112273800,0.0,0.0
2025-11-05 00:00:00-05:00,5.815000057220459,5.860000133514404,5.619999885559082,5.639999866485596,83244800,0.0,0.0
2025-11-06 00:00:00-05:00,5.699999809265137,5.835000038146973,5.545000076293945,5.630000114440918,52901200,0.0,0.0
2025-11-07 00:00:00-05:00,5.699999809265137,5.789999961853027,5.449999809265137,5.559999942779541,85490300,0.0,0.0
2025-11-10 00:00:00-05:00,5.775000095367432,6.0,5.730000019073486,5.900000095367432,59920600,0.0,0.0
2025-11-11 00:00:00-05:00,6.014999866485596,6.235000133514404,5.800000190734863,5.880000114440918,63902300,0.0,0.0
2025-11-12 00:00:00-05:00,5.849999904632568,6.019999980926514,5.78000020980835,5.789999961853027,47395900,0.0,0.0
2025-11-13 00:00:00-05:00,5.710000038146973,5.71999979019165,5.480000019073486,5.539999961853027,52359500,0.0,0.0
2025-11-14 00:00:00-05:00,5.380000114440918,5.53000020980835,5.360000133514404,5.409999847412109,40982200,0.0,0.0
2025-11-17 00:00:00-05:00,5.385000228881836,5.519999980926514,5.269999980926514,5.329999923706055,42280700,0.0,0.0
2025-11-18 00:00:00-05:00,5.304999828338623,5.364999771118164,5.21999979019165,5.320000171661377,58324400,0.0,0.0
2025-11-19 00:00:00-05:00,5.300000190734863,5.380000114440918,5.25,5.309999942779541,58833000,0.0,0.0
2025-11-20 00:00:00-05:00,5.409999847412109,5.409999847412109,4.960000038146973,4.980000019073486,83061300,0.0,0.0
2025-11-21 00:00:00-05:00,5.010000228881836,5.059999942779541,4.820000171661377,4.900000095367432,72818900,0.0,0.0
2025-11-24 00:00:00-05:00,5.170000076293945,5.369999885559082,5.105000019073486,5.25,89782000,0.0,0.0
2025-11-25 00:00:00-05:00,5.269999980926514,5.340000152587891,5.190000057220459,5.239999771118164,42646400,0.0,0.0
2025-11-26 00:00:00-05:00,5.289999961853027,5.360000133514404,5.210000038146973,5.320000171661377,36742900,0.0,0.0
2025-11-28 00:00:00-05:00,5.409999847412109,5.5,5.360000133514404,5.449999809265137,23586000,0.0,0.0
2025-12-01 00:00:00-05:00,5.355000019073486,5.369999885559082,5.25,5.269999980926514,30693100,0.0,0.0
2025-12-02 00:00:00-05:00,5.255000114440918,5.309999942779541,5.21999979019165,5.260000228881836,33420400,0.0,0.0
2025-12-03 00:00:00-05:00,5.239999771118164,5.300000190734863,5.150000095367432,5.269999980926514,34722200,0.0,0.0
2025-12-04 00:00:00-05:00,5.210000038146973,5.349999904632568,5.195000171661377,5.300000190734863,31185200,0.0,0.0
2025-12-05 00:00:00-05:00,5.289999961853027,5.349999904632568,5.179999828338623,5.190000057220459,42094700,0.0,0.0
2025-12-08 00:00:00-05:00,5.190000057220459,5.264999866485596,5.110000133514404,5.159999847412109,34257400,0.0,0.0
2025-12-09 00:00:00-05:00,5.105000019073486,5.215000152587891,5.079999923706055,5.150000095367432,50690600,0.0,0.0
2025-12-10 00:00:00-05:00,5.099999904632568,5.239999771118164,5.050000190734863,5.179999828338623,55972400,0.0,0.0
2025-12-11 00:00:00-05:00,5.144999980926514,5.190000057220459,5.09499979019165,5.179999828338623,32941200,0.0,0.0
2025-12-12 00:00:00-05:00,5.190000057220459,5.269999980926514,5.110000133514404,5.150000095367432,28823200,0.0,0.0
2025-12-15 00:00:00-05:00,5.150000095367432,5.159999847412109,4.989999771118164,5.019999980926514,55131900,0.0,0.0
2025-12-16 00:00:00-05:00,4.994999885559082,5.050000190734863,4.920000076293945,4.949999809265137,39244900,0.0,0.0
2025-12-17 00:00:00-05:00,4.96999979019165,4.96999979019165,4.849999904632568,4.869999885559082,70858800,0.0,0.0
2025-12-18 00:00:00-05:00,4.900000095367432,4.96999979019165,4.889999866485596,4.920000076293945,28343200,0.0,0.0
2025-12-19 00:00:00-05:00,4.96999979019165,5.03000020980835,4.909999847412109,4.929999828338623,40602400,0.0,0.0
2025-12-22 00:00:00-05:00,5.019999980926514,5.28000020980835,5.010000228881836,5.179999828338623,32166500,0.0,0.0
2025-12-23 00:00:00-05:00,5.170000076293945,5.239999771118164,5.070000171661377,5.079999923706055,34138600,0.0,0.0
2025-12-24 00:00:00-05:00,5.079999923706055,5.150000095367432,5.03000020980835,5.130000114440918,14531600,0.0,0.0
2025-12-26 00:00:00-05:00,5.139999866485596,5.159999847412109,5.074999809265137,5.150000095367432,20772400,0.0,0.0
2025-12-29 00:00:00-05:00,5.119999885559082,5.230000019073486,5.09499979019165,5.099999904632568,24028200,0.0,0.0
2025-12-30 00:00:00-05:00,5.114999771118164,5.139999866485596,5.0,5.070000171661377,41079600,0.0,0.0
2025-12-31 00:00:00-05:00,5.070000171661377,5.090000152587891,4.980000019073486,4.989999771118164,21767100,0.0,0.0
2026-01-02 00:00:00-05:00,5.045000076293945,5.130000114440918,5.010000228881836,5.079999923706055,27494000,0.0,0.0
2026-01-05 00:00:00-05:00,5.130000114440918,5.199999809265137,5.079999923706055,5.090000152587891,36489200,0.0,0.0
2026-01-06 00:00:00-05:00,5.190000057220459,5.360000133514404,5.190000057220459,5.269999980926514,71653000,0.0,0.0
2026-01-07 00:00:00-05:00,5.28000020980835,5.329999923706055,5.065000057220459,5.079999923706055,54486000,0.0,0.0
2026-01-08 00:00:00-05:00,5.050000190734863,5.050000190734863,4.860000133514404,4.880000114440918,83641000,0.0,0.0
2026-01-09 00:00:00-05:00,4.940000057220459,4.96999979019165,4.829999923706055,4.849999904632568,37901400,0.0,0.0
2026-01-12 00:00:00-05:00,4.849999904632568,4.96999979019165,4.840000152587891,4.889999866485596,26783000,0.0,0.0
2026-01-13 00:00:00-05:00,4.900000095367432,4.900000095367432,4.75,4.789999961853027,33430300,0.0,0.0
2026-01-14 00:00:00-05:00,4.730000019073486,4.760000228881836,4.579999923706055,4.630000114440918,57522100,0.0,0.0
2026-01-15 00:00:00-05:00,4.610000133514404,4.630000114440918,4.329999923706055,4.389999866485596,111735000,0.0,0.0
2026-01-16 00:00:00-05:00,4.579999923706055,4.599999904632568,4.360000133514404,4.380000114440918,65603700,0.0,0.0
2026-01-20 00:00:00-05:00,4.385000228881836,4.554999828338623,4.349999904632568,4.510000228881836,69498300,0.0,0.0
2026-01-21 00:00:00-05:00,4.550000190734863,4.550000190734863,4.389999866485596,4.400000095367432,63926900,0.0,0.0
2026-01-22 00:00:00-05:00,4.449999809265137,4.599999904632568,4.429999828338623,4.550000190734863,46274900,0.0,0.0
2026-01-23 00:00:00-05:00,4.519999980926514,4.639999866485596,4.519999980926514,4.579999923706055,62502300,0.0,0.0
2026-01-26 00:00:00-05:00,4.559999942779541,4.670000076293945,4.539999961853027,4.559999942779541,36327700,0.0,0.0
2026-01-27 00:00:00-05:00,4.590000152587891,4.795000076293945,4.590000152587891,4.690000057220459,74725700,0.0,0.0
2026-01-28 00:00:00-05:00,4.670000076293945,4.679999828338623,4.510000228881836,4.53000020980835,51929800,0.0,0.0
2026-01-29 00:00:00-05:00,4.539999961853027,4.554999828338623,4.380000114440918,4.46999979019165,49499300,0.0,0.0
2026-01-30 00:00:00-05:00,4.420000076293945,4.46999979019165,4.289999961853027,4.300000190734863,50346100,0.0,0.0
2026-02-02 00:00:00-05:00,4.28000020980835,4.429999828338623,4.25,4.409999847412109,75958400,0.0,0.0
2026-02-03 00:00:00-05:00,4.414999961853027,4.440000057220459,4.179999828338623,4.269999980926514,61463500,0.0,0.0
2026-02-04 00:00:00-05:00,4.329999923706055,4.369999885559082,4.150000095367432,4.190000057220459,53397000,0.0,0.0
2026-02-05 00:00:00-05:00,4.130000114440918,4.159999847412109,4.059999942779541,4.150000095367432,71321700,0.0,0.0
2026-02-06 00:00:00-05:00,4.21999979019165,4.324999809265137,4.114999771118164,4.269999980926514,47296900,0.0,0.0
2026-02-09 00:00:00-05:00,4.28000020980835,4.340000152587891,4.210000038146973,4.260000228881836,46154400,0.0,0.0
2026-02-10 00:00:00-05:00,4.289999961853027,4.40500020980835,4.230000019073486,4.309999942779541,40562500,0.0,0.0
2026-02-11 00:00:00-05:00,4.360000133514404,4.389999866485596,4.190000057220459,4.230000019073486,47991400,0.0,0.0
2026-02-12 00:00:00-05:00,4.199999809265137,4.489999771118164,4.199999809265137,4.269999980926514,63567300,0.0,0.0
2026-02-13 00:00:00-05:00,4.239999771118164,4.304999828338623,4.0,4.130000114440918,76183500,0.0,0.0
2026-02-17 00:00:00-05:00,4.190000057220459,4.300000190734863,4.099999904632568,4.269999980926514,39291300,0.0,0.0
2026-02-18 00:00:00-05:00,4.309999942779541,4.510000228881836,4.269999980926514,4.449999809265137,51800900,0.0,0.0
2026-02-19 00:00:00-05:00,4.394999980926514,4.460000038146973,4.315000057220459,4.400000095367432,35693200,0.0,0.0
2026-02-20 00:00:00-05:00,4.360000133514404,4.505000114440918,4.329999923706055,4.380000114440918,26041700,0.0,0.0
2026-02-23 00:00:00-05:00,4.324999809265137,4.385000228881836,4.130000114440918,4.179999828338623,33806200,0.0,0.0
2026-02-24 00:00:00-05:00,4.110000133514404,4.150000095367432,4.050000190734863,4.150000095367432,43401305,0.0,0.0
