Date,Open,High,Low,Close,Volume,Dividends,Stock Splits
2022-01-03 00:00:00-05:00,27.56355302036566,29.356459368835143,27.50693547457547,29.309276580810547,15094100,0.0,0.0
2022-01-04 00:00:00-05:00,29.82826837660182,31.81933649634584,29.639540875263858,31.49850082397461,26692400,0.0,0.0
2022-01-05 00:00:00-05:00,31.31921247353029,31.913702926294988,29.97925386535387,30.016998291015625,21157300,0.0,0.0
2022-01-06 00:00:00-05:00,31.356957466750497,31.59286596734267,30.12079742760243,30.913448333740234,18528200,0.0,0.0
2022-01-07 00:00:00-05:00,31.168236452748513,31.536253214547763,30.847400680981174,31.338090896606445,14884500,0.0,0.0
2022-01-10 00:00:00-05:00,31.224855743916606,31.441891177412504,30.130240218640594,30.55487632751465,17609700,0.0,0.0
2022-01-11 00:00:00-05:00,31.158796975252102,32.89508378306888,30.828522895694945,32.744102478027344,20876100,0.0,0.0
2022-01-12 00:00:00-05:00,32.951694878248716,33.42351183996254,32.19678845944213,32.79127883911133,15501800,0.0,0.0
2022-01-13 00:00:00-05:00,32.78185341767236,33.25367051372609,32.10243564745777,32.2251091003418,13529500,0.0,0.0
2022-01-14 00:00:00-05:00,32.33833777497034,33.61224224152054,32.21566434644213,33.50844192504883,19566000,0.0,0.0
2022-01-18 00:00:00-05:00,34.055757224311144,34.848410068422204,32.989449607901086,33.99913787841797,24397200,0.0,0.0
2022-01-19 00:00:00-05:00,34.60306649592976,34.914467528761946,33.546197135401684,33.81041717529297,18393300,0.0,0.0
2022-01-20 00:00:00-05:00,33.121550103891515,34.36714662611008,32.876206861499675,32.98000717163086,16099300,0.0,0.0
2022-01-21 00:00:00-05:00,32.725226599551924,32.725226599551924,31.234283188537745,31.847646713256836,18434100,0.0,0.0
2022-01-24 00:00:00-05:00,30.762463417747416,32.26284144896192,29.601795963201813,32.092987060546875,23734700,0.0,0.0
2022-01-25 00:00:00-05:00,31.84764346223455,35.01825387620098,31.347518657539247,34.697418212890625,28095600,0.0,0.0
2022-01-26 00:00:00-05:00,35.24473193122466,36.122311925627834,34.31997095211046,34.9710807800293,25911600,0.0,0.0
2022-01-27 00:00:00-05:00,35.89583845568766,36.73567214516164,34.33884090576354,35.1598014831543,21095800,0.0,0.0
2022-01-28 00:00:00-05:00,35.52782399603326,36.263857415020844,34.55587846105822,35.45233154296875,16658200,0.0,0.0
2022-01-31 00:00:00-05:00,35.56556500693986,35.98076628057315,34.45207657257845,35.54669189453125,16469300,0.0,0.0
2022-02-01 00:00:00-05:00,35.15037154703884,37.32072933873237,35.084317445528754,37.07538604736328,20514800,0.0,0.0
2022-02-02 00:00:00-05:00,36.88665489413745,37.53776108808711,36.433710985344874,37.38677978515625,14752700,0.0,0.0
2022-02-03 00:00:00-05:00,37.07537828148707,38.20773972682546,36.77341570935387,37.745357513427734,22557500,0.0,0.0
2022-02-04 00:00:00-05:00,38.198312002035166,39.92516431669458,38.10395002186223,38.500274658203125,23757400,0.0,0.0
2022-02-07 00:00:00-05:00,38.18886294485661,39.16080465549376,37.471699205225775,38.688987731933594,15544000,0.0,0.0
2022-02-08 00:00:00-05:00,38.538012387081544,38.538012387081544,36.773417829502,37.131996154785156,20307500,0.0,0.0
2022-02-09 00:00:00-05:00,37.47170955927856,38.745617764699375,37.38678234558384,38.0284538269043,16412000,0.0,0.0
2022-02-10 00:00:00-05:00,37.81142175201101,39.51940093390418,37.7642407623885,38.38703918457031,17756300,0.0,0.0
2022-02-11 00:00:00-05:00,38.689000722378346,40.72725037254577,38.47196529662889,40.557395935058594,24477900,0.0,0.0
2022-02-14 00:00:00-05:00,40.19881812272518,40.35923781910385,38.5285886466447,38.90604019165039,21485900,0.0,0.0
2022-02-15 00:00:00-05:00,37.518882161969834,38.18886496461464,36.622432839535485,37.60380935668945,23600000,0.0,0.0
2022-02-16 00:00:00-05:00,38.141687537413915,38.83054357904572,37.04707215572809,37.41509246826172,18292100,0.0,0.0
2022-02-17 00:00:00-05:00,37.509458027803454,38.292676111953035,37.05651406093859,37.613258361816406,15162800,0.0,0.0
2022-02-18 00:00:00-05:00,36.971583901246525,37.886910119628396,36.830037348001234,37.33016586303711,14462700,0.0,0.0
2022-02-22 00:00:00-05:00,38.68899256751228,38.77391976835491,35.52782022442817,36.16005325317383,20757200,0.0,0.0
2022-02-23 00:00:00-05:00,36.42427383910491,37.26411118921525,36.112876466324636,36.50920104980469,15379400,0.0,0.0
2022-02-24 00:00:00-05:00,37.53776417050362,37.72649171458412,35.44289887027772,36.72623825073242,32173800,0.0,0.0
2022-02-25 00:00:00-05:00,37.00933281873763,38.07563682522321,36.33934983098144,36.55638885498047,29780400,0.0,0.0
2022-02-28 00:00:00-05:00,36.35821973800648,41.31229862905225,36.08456859216138,41.26511764526367,50039500,0.0,0.0
2022-03-01 00:00:00-05:00,41.83130222733539,45.13402164416855,41.55764746887495,44.15264129638672,68949800,0.0,0.0
2022-03-02 00:00:00-05:00,45.79456270563967,46.51172665287788,44.36967676786457,45.64358139038086,51230100,0.0,0.0
2022-03-03 00:00:00-05:00,45.17175633723985,45.92666277995562,44.416849894524084,45.05852127075195,43690500,0.0,0.0
2022-03-04 00:00:00-05:00,45.728505776231906,53.268143514750605,45.42654316439499,52.98505401611328,101631900,0.0,0.0
2022-03-07 00:00:00-05:00,54.45712275313752,55.45737618962275,49.45586277006818,52.25845718383789,81361200,0.0,0.0
2022-03-08 00:00:00-05:00,54.07967005089972,55.42906706404712,48.53110069052964,51.52241897583008,81141800,0.0,0.0
2022-03-09 00:00:00-05:00,49.02528161862966,55.41001322648144,48.26856980071322,54.38845443725586,134669000,0.13,0.0
2022-03-10 00:00:00-05:00,54.4168334696008,56.37481767028725,53.35744190596954,54.98436737060547,81812600,0.0,0.0
2022-03-11 00:00:00-05:00,53.66958828708301,55.6937843177403,53.414198562429554,54.814109802246094,48469600,0.0,0.0
2022-03-14 00:00:00-04:00,52.733151633701226,52.96016589204979,50.43464805409988,52.581809997558594,53706900,0.0,0.0
2022-03-15 00:00:00-04:00,50.04683568559011,52.09941049235562,49.450926405139576,51.57917022705078,49163900,0.0,0.0
2022-03-16 00:00:00-04:00,50.91705351819276,51.966984120586815,50.03737910430016,50.12250900268555,43406300,0.0,0.0
2022-03-17 00:00:00-04:00,52.8561185427132,55.050574100063876,52.59126796974379,54.870853424072266,59355500,0.0,0.0
2022-03-18 00:00:00-04:00,54.75735789005304,55.00329035120101,53.15881132567099,53.19664764404297,40835900,0.0,0.0
2022-03-21 00:00:00-04:00,54.842476544595975,59.02329505147443,54.70059579223015,57.661216735839844,52223000,0.0,0.0
2022-03-22 00:00:00-04:00,56.74371338917604,57.85985575928003,55.53297662806879,56.41265106201172,35853500,0.0,0.0
2022-03-23 00:00:00-04:00,58.578739698239026,59.817852068208396,56.497789086369146,56.601837158203125,39139700,0.0,0.0
2022-03-24 00:00:00-04:00,56.39373762551967,57.16936406750863,54.218199956324554,54.62493133544922,28409100,0.0,0.0
2022-03-25 00:00:00-04:00,54.38845288325753,57.424746517364326,54.08576960804702,55.53297424316406,37749900,0.0,0.0
2022-03-28 00:00:00-04:00,53.745252936118135,54.4546675774167,52.58181335738081,53.57499313354492,24924700,0.0,0.0
2022-03-29 00:00:00-04:00,52.56289095760589,53.87767207602354,51.56025037986269,53.71687316894531,29111200,0.0,0.0
2022-03-30 00:00:00-04:00,55.15462848697776,56.601833293532636,54.01956426634249,54.36954116821289,26069000,0.0,0.0
2022-03-31 00:00:00-04:00,53.68850073092946,56.015383594843634,53.46149005676734,53.669586181640625,32217500,0.0,0.0
2022-04-01 00:00:00-04:00,53.74525616455097,55.031662035368825,53.25339488404593,54.965450286865234,21019000,0.0,0.0
2022-04-04 00:00:00-04:00,55.53297521766595,55.85457665425428,53.77362639446328,54.66276168823242,19338700,0.0,0.0
2022-04-05 00:00:00-04:00,55.24921317501442,56.57345530736663,52.59127163588399,52.70478057861328,22939300,0.0,0.0
2022-04-06 00:00:00-04:00,54.246574413615285,55.35326319057113,52.5534407865211,53.06421661376953,27903000,0.0,0.0
2022-04-07 00:00:00-04:00,53.63174403564959,54.757347225978755,52.118324069940385,54.558712005615234,24408300,0.0,0.0
2022-04-08 00:00:00-04:00,54.57763290446504,58.73007262666604,54.44520941756642,58.45576477050781,41639000,0.0,0.0
2022-04-11 00:00:00-04:00,57.27341023822458,57.320703827850494,54.48304515106047,54.785728454589844,27618000,0.0,0.0
2022-04-12 00:00:00-04:00,55.797827946152,58.03957720655492,55.71269804470533,55.9397087097168,26820900,0.0,0.0
2022-04-13 00:00:00-04:00,56.75316790394794,57.72742946498622,55.05057358848335,56.39373016357422,21358400,0.0,0.0
2022-04-14 00:00:00-04:00,56.02483530970527,57.10314492564025,55.53297408680577,56.128883361816406,18789400,0.0,0.0
2022-04-18 00:00:00-04:00,56.95180628922392,59.600286883540534,56.68695931227309,58.049034118652344,30802500,0.0,0.0
2022-04-19 00:00:00-04:00,56.79100841040446,58.14362596736249,56.59237317405189,57.11260986328125,19514600,0.0,0.0
2022-04-20 00:00:00-04:00,57.46258039286602,58.49359638292887,56.62074234385738,58.143619537353516,20837800,0.0,0.0
2022-04-21 00:00:00-04:00,58.37063655058895,60.12052818598755,55.35326087081261,55.996463775634766,32050400,0.0,0.0
2022-04-22 00:00:00-04:00,56.015374374136776,56.015374374136776,53.272303320283356,53.556068420410156,22816900,0.0,0.0
2022-04-25 00:00:00-04:00,51.6643015821507,52.307504466251224,48.741513173251626,51.94806671142578,32977000,0.0,0.0
2022-04-26 00:00:00-04:00,52.875044012462695,53.811469400480334,51.702143448334695,51.853485107421875,27151300,0.0,0.0
2022-04-27 00:00:00-04:00,51.83455909048655,53.34797906018211,50.330600002701345,52.581809997558594,20688500,0.0,0.0
2022-04-28 00:00:00-04:00,52.48722759096488,54.40737545031668,51.002182915703216,53.94388961791992,20633100,0.0,0.0
2022-04-29 00:00:00-04:00,54.123602173459,54.59654520927526,51.71158980418086,52.108863830566406,19208600,0.0,0.0
2022-05-02 00:00:00-04:00,51.579176666847445,55.38163986973537,51.030564511670235,55.14516830444336,38104700,0.0,0.0
2022-05-03 00:00:00-04:00,54.65329768070572,57.216651752928,54.624922252363596,56.03429412841797,24723400,0.0,0.0
2022-05-04 00:00:00-04:00,57.33961246921524,58.51251278193802,55.68431184913641,58.23820495605469,27975500,0.0,0.0
2022-05-05 00:00:00-04:00,60.12052246659637,61.00965411125639,57.16935520465622,58.919246673583984,42153600,0.0,0.0
2022-05-06 00:00:00-04:00,59.808381828795284,61.46368622716632,58.12470560836665,61.42584991455078,30897900,0.0,0.0
2022-05-09 00:00:00-04:00,59.6948810240912,59.836761794750004,54.000645441525975,54.710060119628906,40093500,0.0,0.0
2022-05-10 00:00:00-04:00,56.09105462548768,56.97072913797458,53.83038703620597,56.19510269165039,30590200,0.0,0.0
2022-05-11 00:00:00-04:00,56.696413794428565,59.99755800262068,55.759988538741844,56.847755432128906,36357100,0.0,0.0
2022-05-12 00:00:00-04:00,56.88559441494959,56.97072431567053,53.97226685034181,56.015380859375,23862900,0.0,0.0
2022-05-13 00:00:00-04:00,57.481500414418875,60.981279808629544,57.46258225887221,60.61238479614258,35184900,0.0,0.0
2022-05-16 00:00:00-04:00,61.14208845270726,65.01076708360031,61.01912583448107,64.055419921875,38650700,0.0,0.0
2022-05-17 00:00:00-04:00,65.14320159263546,65.42696319415288,63.48790032589099,64.2635269165039,28834800,0.0,0.0
2022-05-18 00:00:00-04:00,64.79319916041068,64.98237349762134,59.80837887960284,60.82048034667969,28649800,0.0,0.0
2022-05-19 00:00:00-04:00,59.61920029429472,62.173097118460774,59.43002595911426,60.49887466430664,27147600,0.0,0.0
2022-05-20 00:00:00-04:00,60.924535693458196,61.8420392770028,58.143627860880635,59.836761474609375,23803400,0.0,0.0
2022-05-23 00:00:00-04:00,60.12998710802614,62.20148025259863,59.40165428089426,61.87987518310547,24517300,0.0,0.0
2022-05-24 00:00:00-04:00,60.82049122883766,62.87306274263208,59.420576346771895,61.54882049560547,19892900,0.0,0.0
2022-05-25 00:00:00-04:00,62.050138951802545,63.03386155575856,61.52044494064917,62.79738998413086,18245000,0.0,0.0
2022-05-26 00:00:00-04:00,63.16627147629702,65.65395649349448,63.11898150206375,64.94454193115234,22548600,0.0,0.0
2022-05-27 00:00:00-04:00,64.8688780317712,67.4227679128643,64.07432986255039,67.02549743652344,20843900,0.0,0.0
2022-05-31 00:00:00-04:00,69.11592226158824,70.03343326807196,65.26616471831451,65.55938720703125,41019500,0.0,0.0
2022-06-01 00:00:00-04:00,66.80794157702142,67.24304837520901,64.49052320880644,66.60930633544922,28856900,0.0,0.0
2022-06-02 00:00:00-04:00,65.83366534482762,66.95927201443403,65.03912455442611,65.5499038696289,23447600,0.0,0.0
2022-06-03 00:00:00-04:00,65.68234153871826,67.45114415456618,65.62558345817432,66.48634338378906,23397800,0.0,0.0
2022-06-06 00:00:00-04:00,66.30662187065738,66.90253480147918,64.76482994647503,65.8431396484375,25654100,0.0,0.0
2022-06-07 00:00:00-04:00,64.8877870056489,67.6024827938142,64.52835287458521,66.73226928710938,25630500,0.0,0.0
2022-06-08 00:00:00-04:00,66.76065948680775,67.14846913289612,64.66079066121007,65.2945327758789,29262700,0.0,0.0
2022-06-09 00:00:00-04:00,64.44162348551896,65.23766359927723,61.74076277075991,61.76919174194336,25112700,0.13,0.0
2022-06-10 00:00:00-04:00,61.4280285730076,62.66000365761644,59.60850214694511,60.527740478515625,27407900,0.0,0.0
2022-06-13 00:00:00-04:00,58.1585643957755,58.56606318792189,55.38188826095364,56.699153900146484,34448400,0.0,0.0
2022-06-14 00:00:00-04:00,58.54709829643075,60.76465163074049,57.71315063190414,58.840877532958984,31328400,0.0,0.0
2022-06-15 00:00:00-04:00,57.969037016721074,58.73665187690493,56.14003519642202,57.1256103515625,29608900,0.0,0.0
2022-06-16 00:00:00-04:00,55.694618994644465,56.45275498846863,52.965325801799885,53.83718490600586,40604300,0.0,0.0
2022-06-17 00:00:00-04:00,53.496026346983705,54.1973008320483,51.50591516446787,52.766319274902344,51530800,0.0,0.0
2022-06-21 00:00:00-04:00,54.87962447190841,55.66619309424131,53.486547021070876,54.84171676635742,31096600,0.0,0.0
2022-06-22 00:00:00-04:00,52.14085507783898,53.98881411702787,51.458530850427024,52.85160827636719,37726100,0.0,0.0
2022-06-23 00:00:00-04:00,55.12601506180854,55.239738173786755,52.0555633399493,53.15486145019531,36861500,0.0,0.0
2022-06-24 00:00:00-04:00,54.794333211495406,56.793919464181116,53.827708423298056,54.510032653808594,45335600,0.0,0.0
2022-06-27 00:00:00-04:00,55.163922450621286,57.002406317910975,55.1165396284399,55.81781768798828,26793500,0.0,0.0
2022-06-28 00:00:00-04:00,57.77949944160198,59.674841356798865,57.01188466451922,58.48077392578125,39095200,0.0,0.0
2022-06-29 00:00:00-04:00,58.869321594346026,59.49478431066266,55.40084587384872,56.007354736328125,31710700,0.0,0.0
2022-06-30 00:00:00-04:00,54.91753575807447,56.68020441526537,54.47212922650442,55.79887008666992,27244400,0.0,0.0
2022-07-01 00:00:00-04:00,56.30112191542437,57.495185529227946,54.093050837852225,57.2772216796875,28036800,0.0,0.0
2022-07-05 00:00:00-04:00,55.969443808371295,56.433800517900146,53.75189379132919,56.01682662963867,39977000,0.0,0.0
2022-07-06 00:00:00-04:00,55.514562217064906,56.89816084250653,53.723461206506734,56.01682662963867,30682700,0.0,0.0
2022-07-07 00:00:00-04:00,57.665767905226055,58.888264129674866,57.665767905226055,58.253326416015625,25249700,0.0,0.0
2022-07-08 00:00:00-04:00,59.873845563269604,59.9212283835226,57.28670453461937,57.49518966674805,25463700,0.0,0.0
2022-07-11 00:00:00-04:00,56.46223417527642,56.85077910117375,55.609328915951735,56.405372619628906,17894700,0.0,0.0
2022-07-12 00:00:00-04:00,54.41526459972287,55.01229831467933,53.0032368986511,54.367881774902344,25927800,0.0,0.0
2022-07-13 00:00:00-04:00,53.90351885235987,56.11159004860124,53.79927448065609,54.97438430786133,19295500,0.0,0.0
2022-07-14 00:00:00-04:00,53.647655416095866,54.699570795247226,52.98428499892062,54.23521041870117,24478800,0.0,0.0
2022-07-15 00:00:00-04:00,55.01229371314027,55.70409301987177,54.11200565654426,55.63775634765625,18944500,0.0,0.0
2022-07-18 00:00:00-04:00,56.90763473510742,58.61344156953775,56.46223188669369,56.90763473510742,20112500,0.0,0.0
2022-07-19 00:00:00-04:00,56.973968579260834,59.62744614726586,56.82234139294847,59.53268051147461,21616400,0.0,0.0
2022-07-20 00:00:00-04:00,58.0922276970977,60.432976067587816,57.99746204945813,60.2244873046875,17643100,0.0,0.0
2022-07-21 00:00:00-04:00,58.47129940839706,58.82193665409408,57.068746810531124,58.75559997558594,16640500,0.0,0.0
2022-07-22 00:00:00-04:00,58.755593551200064,59.7032644149291,57.2487967332678,57.864784240722656,14198400,0.0,0.0
2022-07-25 00:00:00-04:00,58.60397206331577,61.086868955800114,57.902693965245454,61.03948974609375,19564400,0.0,0.0
2022-07-26 00:00:00-04:00,62.34727477075034,62.5936712505035,58.547112108648136,58.821937561035156,20190800,0.0,0.0
2022-07-27 00:00:00-04:00,59.35262921412482,59.70326643333698,58.30071394141075,59.49477767944336,16625100,0.0,0.0
2022-07-28 00:00:00-04:00,59.997043869040716,61.21953653956037,58.37652393961031,59.36210250854492,14559400,0.0,0.0
2022-07-29 00:00:00-04:00,60.650940173479086,62.45151640591035,60.55617452548912,62.309364318847656,19570700,0.0,0.0
2022-08-01 00:00:00-04:00,61.75971655029048,62.299888724222974,60.243444415581365,61.81658172607422,16725700,0.0,0.0
2022-08-02 00:00:00-04:00,61.892374229937005,62.36620960387351,60.6035450494944,61.65545654296875,16296800,0.0,0.0
2022-08-03 00:00:00-04:00,61.285880142499295,61.598613299101345,57.34356903595992,57.79845428466797,32476600,0.0,0.0
2022-08-04 00:00:00-04:00,56.869722957149136,57.52361812095636,54.26362826449119,54.453163146972656,37999100,0.0,0.0
2022-08-05 00:00:00-04:00,53.94142946345355,56.57595719810073,53.85614254728242,55.922061920166016,20987500,0.0,0.0
2022-08-08 00:00:00-04:00,55.28711784986831,57.42885239248586,55.28711784986831,56.89815902709961,18132800,0.0,0.0
2022-08-09 00:00:00-04:00,58.43338895873644,60.19605745366219,58.19647122802228,59.144142150878906,22286800,0.0,0.0
2022-08-10 00:00:00-04:00,58.73664712457809,60.07286306673403,58.101709300859056,59.57059860229492,14200100,0.0,0.0
2022-08-11 00:00:00-04:00,60.840460167686636,62.69790122799653,60.80255969965546,62.25249481201172,21762300,0.0,0.0
2022-08-12 00:00:00-04:00,61.64600393694012,62.61262521479167,61.399607442524534,62.29042053222656,11746100,0.0,0.0
2022-08-15 00:00:00-04:00,60.091810127379965,61.79761698186911,59.19152207179257,60.973140716552734,16684700,0.0,0.0
2022-08-16 00:00:00-04:00,61.39011931157029,62.25250329495366,59.73169524828391,60.18657684326172,16662200,0.0,0.0
2022-08-17 00:00:00-04:00,60.110770618143746,61.418553969157024,59.504261768674766,59.674842834472656,14889800,0.0,0.0
2022-08-18 00:00:00-04:00,60.27187229830252,61.863959818491146,60.24344332600275,61.48488998413086,16818000,0.0,0.0
2022-08-19 00:00:00-04:00,60.764671325646034,68.69667351696334,60.49932096904005,67.5594711303711,79948100,0.0,0.0
2022-08-22 00:00:00-04:00,65.01023339299213,66.69708672615926,63.74982914556944,65.41773223876953,47928800,0.0,0.0
2022-08-23 00:00:00-04:00,67.06666455586416,70.92368472292657,66.78236763182434,69.92863464355469,59618700,0.0,0.0
2022-08-24 00:00:00-04:00,70.26979649530684,71.72921050353075,69.25578895305348,70.99002838134766,39632300,0.0,0.0
2022-08-25 00:00:00-04:00,71.54916370141575,72.11776488082621,69.68225059105711,70.5825424194336,22784600,0.0,0.0
2022-08-26 00:00:00-04:00,70.49723481645829,71.4164767090409,69.29369600348682,69.7011947631836,20581100,0.0,0.0
2022-08-29 00:00:00-04:00,69.36949443263244,73.09384068476274,69.00938215866564,71.32170104980469,29995000,0.0,0.0
2022-08-30 00:00:00-04:00,69.65381853780714,69.9949806764048,67.45522210582,68.24179077148438,26152900,0.0,0.0
2022-08-31 00:00:00-04:00,66.6591635952133,68.61137044739263,65.91050999212689,67.28462982177734,21579100,0.0,0.0
2022-09-01 00:00:00-04:00,65.61672636855974,66.27062155614297,64.28998575802557,64.82068634033203,21504300,0.0,0.0
2022-09-02 00:00:00-04:00,66.91503609442715,67.18986149539286,64.6974826518765,65.17131805419922,22793000,0.0,0.0
2022-09-06 00:00:00-04:00,65.37982014951179,65.87261311752444,63.09593680324661,63.38023376464844,21676400,0.0,0.0
2022-09-07 00:00:00-04:00,61.88290510183427,62.5557504910142,61.02999995000256,62.006099700927734,22488400,0.0,0.0
2022-09-08 00:00:00-04:00,62.546277278243934,62.73580855975239,60.67936451175035,61.2290153503418,22052700,0.0,0.0
2022-09-09 00:00:00-04:00,62.245063719666966,62.55842007593194,61.048589126147036,62.30203628540039,21708300,0.13,0.0
2022-09-12 00:00:00-04:00,63.62195455256687,64.39111317735107,62.368507379529426,63.43204116821289,26349100,0.0,0.0
2022-09-13 00:00:00-04:00,62.32102998099608,63.41305013293595,61.266993957658585,62.045650482177734,25446400,0.0,0.0
2022-09-14 00:00:00-04:00,62.88129608772137,64.37213894256881,62.444489411526945,63.81188201904297,28407000,0.0,0.0
2022-09-15 00:00:00-04:00,62.48247117184702,62.80532543317698,61.73230085055778,61.80826187133789,24382100,0.0,0.0
2022-09-16 00:00:00-04:00,61.72280152393623,61.76078565578039,59.83313262190075,61.16255187988281,57451400,0.0,0.0
2022-09-19 00:00:00-04:00,59.44380254025493,61.665827095610396,59.282375418317095,61.4189338684082,19677400,0.0,0.0
2022-09-20 00:00:00-04:00,60.86817948283661,61.55187939816987,60.061036566853105,61.03910446166992,20264200,0.0,0.0
2022-09-21 00:00:00-04:00,62.321030243694345,62.63439387243597,59.177917847099934,59.51976776123047,18597200,0.0,0.0
2022-09-22 00:00:00-04:00,60.004046807861315,61.02959282676116,58.63665090853967,58.76009750366211,20343200,0.0,0.0
2022-09-23 00:00:00-04:00,56.68052602052803,57.041368053107604,55.11371850915049,55.76892852783203,29654900,0.0,0.0
2022-09-26 00:00:00-04:00,55.37010474311214,56.243718081789,54.53447191567217,54.96178436279297,25390700,0.0,0.0
2022-09-27 00:00:00-04:00,55.911365743908526,56.47161903402212,54.76236925241025,55.579010009765625,28187500,0.0,0.0
2022-09-28 00:00:00-04:00,55.987329033243334,58.49422382243837,55.67396899577708,58.313804626464844,22343900,0.0,0.0
2022-09-29 00:00:00-04:00,58.13338103372107,59.9375837240988,57.4971595402254,58.97850799560547,30091400,0.0,0.0
2022-09-30 00:00:00-04:00,57.73455810439672,59.08296580278034,57.364221875698014,58.35178756713867,19494900,0.0,0.0
2022-10-03 00:00:00-04:00,60.50733831219002,61.75128784055603,60.20347250202686,60.83019256591797,25451400,0.0,0.0
2022-10-04 00:00:00-04:00,61.87474051413036,63.75490802449235,61.46642013646869,62.83381271362305,25152300,0.0,0.0
2022-10-05 00:00:00-04:00,62.73886158111081,64.72349106821747,62.33054116714277,64.32466125488281,25491400,0.0,0.0
2022-10-06 00:00:00-04:00,64.1917004969065,67.25885157342108,64.10624164930158,66.94548797607422,23475300,0.0,0.0
2022-10-07 00:00:00-04:00,67.28734631770934,68.40785278829165,65.5780967033526,66.28079223632812,29085000,0.0,0.0
2022-10-10 00:00:00-04:00,65.61608256042088,66.73658906050038,62.28304934704958,62.3210334777832,24069200,0.0,0.0
2022-10-11 00:00:00-04:00,60.92515846511544,62.150112344333984,59.567252875398566,60.80170822143555,22465500,0.0,0.0
2022-10-12 00:00:00-04:00,60.450368737675,62.53944912821262,59.60524163416401,61.82726287841797,17647100,0.0,0.0
2022-10-13 00:00:00-04:00,60.45036419459725,65.03684141495272,60.45036419459725,64.57154846191406,22618700,0.0,0.0
2022-10-14 00:00:00-04:00,64.00179987160237,65.57810152543358,62.84330918610036,63.31809997558594,17836000,0.0,0.0
2022-10-17 00:00:00-04:00,64.64750209041699,65.9009492222526,63.87833624618467,63.963802337646484,14839400,0.0,0.0
2022-10-18 00:00:00-04:00,64.33414646569248,64.8184350580182,62.53943801471519,64.36263275146484,15683800,0.0,0.0
2022-10-19 00:00:00-04:00,64.19169838040102,65.50212529165151,64.03027128820463,65.00833892822266,17116000,0.0,0.0
2022-10-20 00:00:00-04:00,65.94842475422534,66.92649967322899,64.83741626469619,65.37867736816406,15403000,0.0,0.0
2022-10-21 00:00:00-04:00,66.30928849957412,68.04702466151403,65.67307053145396,67.66719055175781,16716000,0.0,0.0
2022-10-24 00:00:00-04:00,67.23985441322903,68.50279937259644,66.75557313129819,67.25885009765625,12902800,0.0,0.0
2022-10-25 00:00:00-04:00,67.24936871879073,67.96155491981354,66.67012336238024,67.50575256347656,12413500,0.0,0.0
2022-10-26 00:00:00-04:00,67.99003421626541,69.59482927583952,67.89507751484139,68.8636474609375,12722000,0.0,0.0
2022-10-27 00:00:00-04:00,69.8797036438095,70.430462688298,68.14197489200009,68.24642944335938,12754100,0.0,0.0
2022-10-28 00:00:00-04:00,68.8351630983859,69.58533337664133,66.32826843813767,68.21793365478516,13814400,0.0,0.0
2022-10-31 00:00:00-04:00,67.61019783400377,70.3924718336871,67.51524113585475,68.93961334228516,13646400,0.0,0.0
2022-11-01 00:00:00-04:00,70.28801101126193,70.73431542188477,69.47137768437055,70.07910919189453,13011800,0.0,0.0
2022-11-02 00:00:00-04:00,69.69929176501273,69.83223261110508,67.38231031357562,67.51525115966797,16178400,0.0,0.0
2022-11-03 00:00:00-04:00,66.93600564464073,68.93962342084838,66.37575597234414,68.52181243896484,12815300,0.0,0.0
2022-11-04 00:00:00-04:00,70.71534612973876,71.94030731886032,68.94912369377121,69.57584381103516,16034400,0.0,0.0
2022-11-07 00:00:00-05:00,70.31651468694916,72.27265030631831,70.09810774894318,72.13970947265625,17469200,0.0,0.0
2022-11-08 00:00:00-05:00,71.93080323870493,71.93080323870493,70.28802395065358,71.05718994140625,16029700,0.0,0.0
2022-11-09 00:00:00-05:00,68.98709136337641,69.347929693573,63.75489572950396,64.50506591796875,24783400,0.0,0.0
2022-11-10 00:00:00-05:00,66.00541084573607,66.97398076974385,64.14423201028825,66.92650604248047,18619500,0.0,0.0
2022-11-11 00:00:00-05:00,67.57221842008074,70.95272601176796,67.46776388260893,70.58238983154297,20663600,0.0,0.0
2022-11-14 00:00:00-05:00,70.03162390853223,71.95927287187457,69.52834695688883,69.58531951904297,15592000,0.0,0.0
2022-11-15 00:00:00-05:00,69.80374717968776,71.06668523308471,68.42684947862162,70.67736053466797,17099100,0.0,0.0
2022-11-16 00:00:00-05:00,69.49035949288289,70.2690158653858,68.29388503205588,68.30338287353516,13155000,0.0,0.0
2022-11-17 00:00:00-05:00,67.19238965216498,67.88558009716787,66.25229874139318,67.85709381103516,11624400,0.0,0.0
2022-11-18 00:00:00-05:00,65.5591100045104,67.78112731754061,65.06532354957115,67.65768432617188,16252800,0.0,0.0
2022-11-21 00:00:00-05:00,65.62558004522491,66.46120918259622,63.40355550022419,66.08137512207031,21673000,0.0,0.0
2022-11-22 00:00:00-05:00,67.01195986604458,69.20549060653711,66.56565544384037,69.10103607177734,15944400,0.0,0.0
2022-11-23 00:00:00-05:00,67.65766842622611,68.5977518958344,66.57514631098492,67.53422546386719,12375500,0.0,0.0
2022-11-25 00:00:00-05:00,67.59118915313095,67.68614582284667,66.60362384968256,66.73656463623047,5426500,0.0,0.0
2022-11-28 00:00:00-05:00,64.71397163224955,65.92943462327058,63.94480579829806,64.7899398803711,13366300,0.0,0.0
2022-11-29 00:00:00-05:00,65.90095168445178,66.46120124212413,65.16027933952097,65.62557220458984,12701700,0.0,0.0
2022-11-30 00:00:00-05:00,66.85053463373936,66.97397761248297,65.18876711849238,65.98641204833984,13850000,0.0,0.0
2022-12-01 00:00:00-05:00,66.75557946385352,66.80305418996333,65.31221158916144,65.33120727539062,9247400,0.0,0.0
2022-12-02 00:00:00-05:00,64.85643169470276,65.72054725694507,64.41012714558204,64.77096557617188,9092400,0.0,0.0
2022-12-05 00:00:00-05:00,65.73003646522626,66.70810430874536,62.5964144325453,63.01423263549805,15275500,0.0,0.0
2022-12-06 00:00:00-05:00,62.795823653904655,63.83087128364212,60.526328010602036,60.906158447265625,13006900,0.0,0.0
2022-12-07 00:00:00-05:00,60.97262812511078,61.88422550889197,60.3269124060076,60.725738525390625,11757800,0.0,0.0
2022-12-08 00:00:00-05:00,62.24507081040252,62.63439546181663,59.88061125924418,60.49783706665039,13268600,0.0,0.0
2022-12-09 00:00:00-05:00,60.497837740041916,60.92602021211245,59.48922199234215,59.56534194946289,11979500,0.13,0.0
2022-12-12 00:00:00-05:00,59.85080311028655,61.506451234777344,59.565343282819704,60.926021575927734,12659500,0.0,0.0
2022-12-13 00:00:00-05:00,62.2010739713026,62.572167437189805,60.75475464721504,61.163909912109375,13408900,0.0,0.0
2022-12-14 00:00:00-05:00,61.69675388857279,62.01075825167084,59.7841976978012,60.59299087524414,13390400,0.0,0.0
2022-12-15 00:00:00-05:00,59.93644075476208,60.221896954467184,59.089582159629664,60.09819793701172,10737500,0.0,0.0
2022-12-16 00:00:00-05:00,58.946855833463935,59.755649003691865,58.29981984537259,59.49873733520508,19373100,0.0,0.0
2022-12-19 00:00:00-05:00,59.94595458413718,60.174321722509994,58.73751982599536,59.38455581665039,10057700,0.0,0.0
2022-12-20 00:00:00-05:00,59.222804995355034,60.17432818620103,59.022982366649956,59.346500396728516,9925600,0.0,0.0
2022-12-21 00:00:00-05:00,60.54542072851082,60.82135969102961,59.4321367246806,60.64057159423828,11611900,0.0,0.0
2022-12-22 00:00:00-05:00,60.64056660930659,60.75474836474786,57.67181555942569,58.80412673950195,12991200,0.0,0.0
2022-12-23 00:00:00-05:00,59.48923223906438,60.878455271199364,59.35601956882856,60.849910736083984,11828800,0.0,0.0
2022-12-27 00:00:00-05:00,61.19244847429019,61.68724455354653,60.78329687910068,61.211483001708984,9026100,0.0,0.0
2022-12-28 00:00:00-05:00,60.792807227444655,60.792807227444655,58.75654847639472,59.070552825927734,10347000,0.0,0.0
2022-12-29 00:00:00-05:00,58.594797143926854,59.67001568677252,58.31885456010724,59.260860443115234,7338700,0.0,0.0
2022-12-30 00:00:00-05:00,58.99443008188185,59.936439514160156,58.918306494324135,59.936439514160156,8182000,0.0,0.0
2023-01-03 00:00:00-05:00,59.279892388788596,59.89838389727209,57.19605796643317,58.09048843383789,13104000,0.0,0.0
2023-01-04 00:00:00-05:00,57.03429898255203,58.84219450435799,56.80593544850106,58.1475830078125,12238000,0.0,0.0
2023-01-05 00:00:00-05:00,58.157095821302924,59.68904872386958,57.80503326057901,59.203773498535156,10692800,0.0,0.0
2023-01-06 00:00:00-05:00,60.33608509040479,61.496940909297315,59.88886803137344,60.659603118896484,9832700,0.0,0.0
2023-01-09 00:00:00-05:00,61.725306418822896,63.35241005680667,60.87844780658293,60.973602294921875,12519800,0.0,0.0
2023-01-10 00:00:00-05:00,61.14488267100637,61.458879808756954,60.060143177432835,61.04021453857422,6613500,0.0,0.0
2023-01-11 00:00:00-05:00,61.849001845625516,61.849001845625516,60.54541620767712,60.98311233520508,7613900,0.0,0.0
2023-01-12 00:00:00-05:00,61.37324440651282,63.25726347551749,61.135363614239516,62.553131103515625,12351900,0.0,0.0
2023-01-13 00:00:00-05:00,62.562642970840315,62.92421913046751,61.534996294579805,62.14397048950195,7200100,0.0,0.0
2023-01-17 00:00:00-05:00,62.24864387988427,62.79101179501513,61.43033337501376,61.58258056640625,7503300,0.0,0.0
2023-01-18 00:00:00-05:00,62.03930603076917,63.799629653267296,61.163906481345045,61.297119140625,13922500,0.0,0.0
2023-01-19 00:00:00-05:00,60.93555001446223,62.81956199071166,60.68815193592321,62.48653030395508,10038400,0.0,0.0
2023-01-20 00:00:00-05:00,62.914715793371606,63.8567217166597,62.25816247070783,63.666419982910156,12439900,0.0,0.0
2023-01-23 00:00:00-05:00,64.04701075579312,64.42762140739802,63.11452228188273,63.27627944946289,9891500,0.0,0.0
2023-01-24 00:00:00-05:00,61.240022859116515,64.18974280346139,61.13535474493749,61.3066291809082,8519100,0.0,0.0
2023-01-25 00:00:00-05:00,60.764260092527216,61.411296030701024,59.289400150720404,61.39226150512695,10053300,0.0,0.0
2023-01-26 00:00:00-05:00,62.21058835137643,63.87575406242603,61.62064857414283,63.83769226074219,12564400,0.0,0.0
2023-01-27 00:00:00-05:00,63.89478366961842,64.63697059639806,63.28580940869431,63.314353942871094,8761000,0.0,0.0
2023-01-30 00:00:00-05:00,62.62925178860746,62.76246444532573,60.964086320083744,61.021175384521484,9515100,0.0,0.0
2023-01-31 00:00:00-05:00,61.08778275247283,61.64918518066406,60.54541848222105,61.64918518066406,10315300,0.0,0.0
2023-02-01 00:00:00-05:00,61.14487048629149,61.38275123813408,59.27036900024478,60.42171096801758,12695000,0.0,0.0
2023-02-02 00:00:00-05:00,60.15528886920131,60.317046046719234,58.54721257863717,59.441646575927734,13098500,0.0,0.0
2023-02-03 00:00:00-05:00,59.65098011818592,60.91650391733883,58.05242106573938,58.27127456665039,17851500,0.0,0.0
2023-02-06 00:00:00-05:00,58.51867441530545,58.85170606982489,57.291208666180395,58.56624984741211,11803100,0.0,0.0
2023-02-07 00:00:00-05:00,58.99444376929419,61.554043733307175,58.80413838601923,61.46840286254883,12969300,0.0,0.0
2023-02-08 00:00:00-05:00,61.373239454268564,61.85851826402145,60.6215353401949,60.83087158203125,7668300,0.0,0.0
2023-02-09 00:00:00-05:00,60.88796897310925,61.23051426376821,59.95547307647928,60.13626480102539,6738800,0.0,0.0
2023-02-10 00:00:00-05:00,61.04021320452517,62.58167610384441,60.91651054551116,62.448463439941406,13530700,0.0,0.0
2023-02-13 00:00:00-05:00,61.85851675359826,62.28669923086654,61.192446249514944,61.620635986328125,7835100,0.0,0.0
2023-02-14 00:00:00-05:00,61.8965877720394,63.74253786466956,61.325668037870216,63.124046325683594,12410300,0.0,0.0
2023-02-15 00:00:00-05:00,62.18203202487878,62.229611082848876,59.641467135447726,59.85080337524414,17780100,0.0,0.0
2023-02-16 00:00:00-05:00,59.479709404486925,60.76426781098824,59.38455854316358,59.47019577026367,12173900,0.0,0.0
2023-02-17 00:00:00-05:00,58.32836719227162,58.63285430374678,57.138963278767825,57.7859992980957,20380400,0.0,0.0
2023-02-21 00:00:00-05:00,57.605210416127676,58.30933549054596,56.758355422146764,56.92011260986328,11314600,0.0,0.0
2023-02-22 00:00:00-05:00,56.36823065289639,56.98671849674565,55.15027860343192,55.58797836303711,17198700,0.0,0.0
2023-02-23 00:00:00-05:00,56.66320578533799,56.967692918694425,55.711682586155916,56.349205017089844,12734600,0.0,0.0
2023-02-24 00:00:00-05:00,55.90198066418032,56.39677309882321,55.19785199148055,56.12083053588867,13116300,0.0,0.0
2023-02-27 00:00:00-05:00,56.39677630269496,56.75835610812371,55.54040403451442,56.101802825927734,17984600,0.0,0.0
2023-02-28 00:00:00-05:00,56.83447552919684,57.62424146118733,55.66410252702191,55.721195220947266,34364400,0.0,0.0
2023-03-01 00:00:00-05:00,55.67361646985854,57.17702475027614,55.568951975073944,56.81544494628906,14414200,0.0,0.0
2023-03-02 00:00:00-05:00,56.520480565729784,57.605216452807106,56.37775063120992,57.348304748535156,13858700,0.0,0.0
2023-03-03 00:00:00-05:00,56.59659214105756,58.708974531907536,56.43483496038219,58.28078842163086,17088900,0.0,0.0
2023-03-06 00:00:00-05:00,58.100005690404025,58.96589162430178,57.900183067371614,58.68994903564453,12890800,0.0,0.0
2023-03-07 00:00:00-05:00,58.34739015947166,58.66139449224587,57.56714158865187,57.90017318725586,12547300,0.0,0.0
2023-03-08 00:00:00-05:00,58.994435145544664,60.49784346089946,58.090487429456765,59.13716506958008,22947000,0.0,0.0
2023-03-09 00:00:00-05:00,59.34709560225887,60.31092732216523,57.61029389346406,57.79161071777344,13331000,0.18,0.0
2023-03-10 00:00:00-05:00,57.57213127945527,58.27830155736708,56.713271600572604,57.12361526489258,14715800,0.0,0.0
2023-03-13 00:00:00-04:00,55.69218409963096,57.40035852532441,54.661552499665426,56.44607162475586,19574500,0.0,0.0
2023-03-14 00:00:00-04:00,56.73235213121446,58.81269768835845,56.31246360095199,57.43852233886719,16825700,0.0,0.0
2023-03-15 00:00:00-04:00,55.491788426235175,55.68264290682894,52.97246778279654,54.20349884033203,30722100,0.0,0.0
2023-03-16 00:00:00-04:00,54.01264010409516,56.37927495190789,53.363724684584554,56.341102600097656,22719100,0.0,0.0
2023-03-17 00:00:00-04:00,56.283841298625,56.789612194079965,55.262754600074985,55.806697845458984,21005700,0.0,0.0
2023-03-20 00:00:00-04:00,55.835320393186244,56.808693389156254,55.56812124773714,56.283836364746094,14579700,0.0,0.0
2023-03-21 00:00:00-04:00,57.190413953464336,57.97292891675329,56.780070297067006,57.486244201660156,16959100,0.0,0.0
2023-03-22 00:00:00-04:00,57.533953329078244,57.65800799481853,55.930751178090595,55.99755096435547,13936200,0.0,0.0
2023-03-23 00:00:00-04:00,56.35064109084299,56.83732945164909,55.05281031578093,55.806697845458984,15059300,0.0,0.0
2023-03-24 00:00:00-04:00,55.23413089655067,55.921215040203386,54.42298478707307,55.520416259765625,13598000,0.0,0.0
2023-03-27 00:00:00-04:00,56.016644446858905,57.12361715838091,55.377270300204856,56.9232177734375,14419700,0.0,0.0
2023-03-28 00:00:00-04:00,57.877502793201906,59.49978763483277,57.791616825324866,59.366188049316406,21795500,0.0,0.0
2023-03-29 00:00:00-04:00,59.82424534453015,60.06281707309548,58.8795033379882,59.25167465209961,13107100,0.0,0.0
2023-03-30 00:00:00-04:00,59.871963290229715,59.957849259112415,58.88904528183534,59.471160888671875,8311700,0.0,0.0
2023-03-31 00:00:00-04:00,59.537957564644195,60.10098696665665,59.318472020173644,59.57612991333008,9618800,0.0,0.0
2023-04-03 00:00:00-04:00,62.73482640831917,63.4314591336445,61.73282940965798,62.2004280090332,24486500,0.0,0.0
2023-04-04 00:00:00-04:00,62.820711508151305,62.86842148715255,60.988478675786574,61.866424560546875,16176400,0.0,0.0
2023-04-05 00:00:00-04:00,61.42744693454052,62.20041695045786,60.68310071880382,61.61830139160156,12056100,0.0,0.0
2023-04-06 00:00:00-04:00,61.12207686279616,61.207959186290765,60.0914452970749,60.15824508666992,10480900,0.0,0.0
2023-04-10 00:00:00-04:00,60.31093286894587,61.52287767000718,60.282301786502344,61.16024398803711,11531400,0.0,0.0
2023-04-11 00:00:00-04:00,61.44653080657454,61.923674240252325,60.98847354708173,61.42744827270508,8979000,0.0,0.0
2023-04-12 00:00:00-04:00,61.83779242096364,62.2290462538406,61.31293172738727,61.87595748901367,9185400,0.0,0.0
2023-04-13 00:00:00-04:00,61.790071977457416,62.20041560382251,61.57058280402138,61.80915451049805,7697000,0.0,0.0
2023-04-14 00:00:00-04:00,61.780538118504786,62.01910986764396,61.11254013316788,61.53242874145508,6763400,0.0,0.0
2023-04-17 00:00:00-04:00,61.43699235749989,61.465627082260646,59.97693446186747,60.06282043457031,8514700,0.0,0.0
2023-04-18 00:00:00-04:00,59.910127139716806,60.27275716116751,59.40435627528599,60.12007141113281,7936600,0.0,0.0
2023-04-19 00:00:00-04:00,59.16579136861101,59.73836208701962,58.58367574204995,59.61430740356445,7742200,0.0,0.0
2023-04-20 00:00:00-04:00,58.736362549937056,59.42345033644919,58.68864892927724,59.194419860839844,7769000,0.0,0.0
2023-04-21 00:00:00-04:00,59.30893561045504,59.576134792508306,58.63138910689508,59.04173278808594,7825200,0.0,0.0
2023-04-24 00:00:00-04:00,59.04173361344086,60.18687870160223,58.946306372892366,59.891048431396484,7560200,0.0,0.0
2023-04-25 00:00:00-04:00,59.0417366296887,59.184881138140106,57.848877860313856,58.526424407958984,9709700,0.0,0.0
2023-04-26 00:00:00-04:00,58.51688235783324,58.53596853591355,57.18087901474193,57.50533676147461,8470900,0.0,0.0
2023-04-27 00:00:00-04:00,57.54350046495852,58.039730099480835,57.2285876747768,57.81070327758789,8172100,0.0,0.0
2023-04-28 00:00:00-04:00,57.92522121546161,59.32802062005458,57.591218583651106,58.71727752685547,9727700,0.0,0.0
2023-05-01 00:00:00-04:00,58.19241649979485,59.051276192112844,57.9824722104914,58.37372970581055,7337700,0.0,0.0
2023-05-02 00:00:00-04:00,57.78206814602814,57.78206814602814,56.37926894935488,57.29538345336914,12442900,0.0,0.0
2023-05-03 00:00:00-04:00,56.54150262131862,57.35264508465423,56.24567235194231,56.2743034362793,11639200,0.0,0.0
2023-05-04 00:00:00-04:00,56.341097389219506,57.10452615323694,55.61583733316631,56.016639709472656,11202000,0.0,0.0
2023-05-05 00:00:00-04:00,57.37173282382771,58.28785110093678,57.018647656789625,57.91567611694336,11276000,0.0,0.0
2023-05-08 00:00:00-04:00,57.84887137145153,58.354645908349056,56.2361278066707,56.26475524902344,17632100,0.0,0.0
2023-05-09 00:00:00-04:00,55.9689286372034,56.92321554566166,55.902128844836575,56.26475524902344,13373200,0.0,0.0
2023-05-10 00:00:00-04:00,55.60629856124144,56.19795542486244,53.888582855051496,54.2512092590332,21378600,0.0,0.0
2023-05-11 00:00:00-04:00,53.82177974905673,55.34863725159525,53.73589378701922,55.281837463378906,14178100,0.0,0.0
2023-05-12 00:00:00-04:00,55.42498708319302,55.720813704047096,55.10052937879619,55.43452835083008,9463700,0.0,0.0
2023-05-15 00:00:00-04:00,55.730358108806385,56.18841539788094,55.50132764411124,55.844871520996094,9155600,0.0,0.0
2023-05-16 00:00:00-04:00,56.08344052483179,56.17886775696147,55.35818045551022,55.48223876953125,10516000,0.0,0.0
2023-05-17 00:00:00-04:00,56.01664093398944,56.465153294976645,55.520411316451714,56.22658157348633,9549100,0.0,0.0
2023-05-18 00:00:00-04:00,56.13115484756817,56.15978228950437,55.12915433632947,55.58721160888672,11296800,0.0,0.0
2023-05-19 00:00:00-04:00,56.360183090866876,57.47669696632299,56.274297128115215,56.42698287963867,16016600,0.0,0.0
2023-05-22 00:00:00-04:00,56.39835748749717,56.80870116866758,56.026186158136994,56.341102600097656,9445200,0.0,0.0
2023-05-23 00:00:00-04:00,56.9232196320082,57.55304889119157,56.54150338509637,56.951847076416016,9639200,0.0,0.0
2023-05-24 00:00:00-04:00,57.41944103642819,57.59121296968569,56.417440519303206,56.67509841918945,10665800,0.0,0.0
2023-05-25 00:00:00-04:00,55.93076204880693,56.398360643543626,55.606304320895006,56.121620178222656,10362900,0.0,0.0
2023-05-26 00:00:00-04:00,56.417442257152175,56.52241440185588,55.883043906392565,56.245670318603516,9946000,0.0,0.0
2023-05-30 00:00:00-04:00,55.45361718434636,56.11207389233732,55.25321779152076,55.91167449951172,12529400,0.0,0.0
2023-05-31 00:00:00-04:00,55.68264186312871,55.835327628931346,54.89058559062623,55.02418518066406,15280300,0.0,0.0
2023-06-01 00:00:00-04:00,55.052806392707204,56.3506370752856,54.900120644187126,55.46315002441406,10189800,0.0,0.0
2023-06-02 00:00:00-04:00,56.32201334315603,57.24767280217985,56.026183093283564,56.96138381958008,14473200,0.0,0.0
2023-06-05 00:00:00-04:00,58.01110098802675,58.01110098802675,56.67509788425959,56.68464279174805,8796500,0.0,0.0
2023-06-06 00:00:00-04:00,55.98800752934565,56.86595332097273,55.81623924608873,56.722808837890625,8616500,0.0,0.0
2023-06-07 00:00:00-04:00,56.99955321880986,57.92521262991838,56.96138087106374,57.29538345336914,9055600,0.0,0.0
2023-06-08 00:00:00-04:00,57.27624869693189,57.5633949346818,56.01280232982227,57.151817321777344,11009100,0.18,0.0
2023-06-09 00:00:00-04:00,57.18051858935329,57.49637826760263,56.56793549435606,56.77851104736328,7396200,0.0,0.0
2023-06-12 00:00:00-04:00,56.14679533351705,56.86466264701305,56.0702247187337,56.65408706665039,8312500,0.0,0.0
2023-06-13 00:00:00-04:00,57.03695079118997,57.534672564053146,56.242509215871266,56.25208282470703,11501300,0.0,0.0
2023-06-14 00:00:00-04:00,56.80724191352187,57.18053604908913,55.58208265195532,55.96494674682617,11289200,0.0,0.0
2023-06-15 00:00:00-04:00,55.98408041916964,56.49137215161529,55.83093553854859,55.917076110839844,10699700,0.0,0.0
2023-06-16 00:00:00-04:00,56.18508476576775,56.28079895097928,55.486360990189624,55.65864944458008,13741500,0.0,0.0
2023-06-20 00:00:00-04:00,55.65865058507417,55.65865058507417,54.43348781194161,54.7780647277832,12586100,0.0,0.0
2023-06-21 00:00:00-04:00,54.586634595918795,55.36193268345935,54.53877750067212,55.00778579711914,9013200,0.0,0.0
2023-06-22 00:00:00-04:00,54.49091420298296,54.67277260472518,54.08890661589236,54.098480224609375,10322000,0.0,0.0
2023-06-23 00:00:00-04:00,53.61991328589142,53.887915966065854,53.49548190526929,53.66777038574219,21395600,0.0,0.0
2023-06-26 00:00:00-04:00,53.74434372473876,55.08436075339218,53.696482974464,54.79721450805664,11174900,0.0,0.0
2023-06-27 00:00:00-04:00,54.79720409003914,55.18963806934964,54.4622008093821,54.68234634399414,9013500,0.0,0.0
2023-06-28 00:00:00-04:00,54.77806535296271,55.419362098378585,54.3377742449233,54.99821090698242,8867400,0.0,0.0
2023-06-29 00:00:00-04:00,55.70650852420952,56.02236826768383,55.19921310095948,56.01279830932617,10982600,0.0,0.0
2023-06-30 00:00:00-04:00,56.472231890519225,56.90295303349596,56.19465563712731,56.280799865722656,11629500,0.0,0.0
2023-07-03 00:00:00-04:00,56.42438155546156,56.91252980846252,56.14680526882247,56.673240661621094,4541200,0.0,0.0
2023-07-05 00:00:00-04:00,56.95081709274592,57.027391372535504,56.137235451926024,56.36695098876953,8018800,0.0,0.0
2023-07-06 00:00:00-04:00,55.77350393196647,56.27122569870523,54.72062969996689,55.141780853271484,9765000,0.0,0.0
2023-07-07 00:00:00-04:00,55.01735395965227,56.68280783921005,54.95035329824165,56.098941802978516,11270000,0.0,0.0
2023-07-10 00:00:00-04:00,56.012796840612545,56.60623282730777,55.80222124964301,56.18508529663086,8200100,0.0,0.0
2023-07-11 00:00:00-04:00,56.40522586041367,58.233394403239444,56.31908164001825,57.95581817626953,14636200,0.0,0.0
2023-07-12 00:00:00-04:00,58.55883543459535,59.22884572025393,58.4248341077161,58.69283676147461,11581700,0.0,0.0
2023-07-13 00:00:00-04:00,58.9034075003783,59.25755435665523,58.43439924374507,58.80768966674805,9794200,0.0,0.0
2023-07-14 00:00:00-04:00,58.48226334539291,58.56840758035553,56.701955241602796,56.83595657348633,9846000,0.0,0.0
2023-07-17 00:00:00-04:00,56.56794719491889,56.9699548200605,56.44351947991561,56.74980926513672,6601200,0.0,0.0
2023-07-18 00:00:00-04:00,56.56795332466679,58.271694547247996,56.56795332466679,57.5059700012207,10918100,0.0,0.0
2023-07-19 00:00:00-04:00,57.71653229202077,58.13768346016845,57.38152900032334,57.5825309753418,7568300,0.0,0.0
2023-07-20 00:00:00-04:00,58.00368364058453,58.29083351754041,57.563392517770325,57.86968231201172,5714600,0.0,0.0
2023-07-21 00:00:00-04:00,57.99411274694229,58.33868967272408,57.62082229443279,58.13768768310547,6490000,0.0,0.0
2023-07-24 00:00:00-04:00,58.58754957753706,60.33914775769612,58.44397829062618,59.649993896484375,11878000,0.0,0.0
2023-07-25 00:00:00-04:00,59.67870730387184,61.22930348848707,59.33413402521969,60.693294525146484,10371700,0.0,0.0
2023-07-26 00:00:00-04:00,59.92756827065023,60.45400360855856,59.77442337869031,60.157283782958984,6861000,0.0,0.0
2023-07-27 00:00:00-04:00,60.635861363594834,60.68372210845944,58.932124002765946,59.20012664794922,7804900,0.0,0.0
2023-07-28 00:00:00-04:00,59.4394127426057,59.51598700948278,58.67368833014492,59.42027282714844,6211300,0.0,0.0
2023-07-31 00:00:00-04:00,59.87012908788757,60.530569307581025,59.77441491319139,60.4252815246582,9513700,0.0,0.0
2023-08-01 00:00:00-04:00,59.96585717920146,60.38700473172589,59.448991784333515,59.95628356933594,6603100,0.0,0.0
2023-08-02 00:00:00-04:00,59.3054190022721,59.47770747349097,58.080259785837875,58.8364143371582,11352600,0.0,0.0
2023-08-03 00:00:00-04:00,57.57296071394505,59.80313329676039,57.45809931345847,59.544700622558594,12127000,0.0,0.0
2023-08-04 00:00:00-04:00,59.91799806710195,61.765310485213824,59.84142744240045,60.798583984375,14326800,0.0,0.0
2023-08-07 00:00:00-04:00,61.08572202946524,61.53558671230241,60.80814579319286,61.162296295166016,8879200,0.0,0.0
2023-08-08 00:00:00-04:00,60.300858980066636,61.16230128314392,59.76485003023386,61.01872634887695,7304600,0.0,0.0
2023-08-09 00:00:00-04:00,61.44944724787154,62.282176070657876,60.95172905774545,61.0761604309082,10757500,0.0,0.0
2023-08-10 00:00:00-04:00,61.2101597994783,61.84188295265672,60.54014950943759,60.99958419799805,7611100,0.0,0.0
2023-08-11 00:00:00-04:00,61.25801584744918,63.20104236920653,61.25801584744918,63.01918029785156,17115400,0.0,0.0
2023-08-14 00:00:00-04:00,62.73203886672679,62.98090160532308,61.66959455092014,62.32046127319336,7953300,0.0,0.0
2023-08-15 00:00:00-04:00,62.11945683097742,62.11945683097742,60.655004937998584,60.827293395996094,7857300,0.0,0.0
2023-08-16 00:00:00-04:00,61.14315611428517,61.5451637289498,59.82227916790443,59.87013626098633,7805700,0.0,0.0
2023-08-17 00:00:00-04:00,60.62629083673356,61.43987602539235,60.34871458467601,60.454002380371094,7863000,0.0,0.0
2023-08-18 00:00:00-04:00,59.793563378811044,61.47816074111529,59.77441981205054,61.32501220703125,7518600,0.0,0.0
2023-08-21 00:00:00-04:00,61.90888361653456,62.186459881892645,60.57843664629988,60.99958419799805,6809800,0.0,0.0
2023-08-22 00:00:00-04:00,60.999585936727314,61.11444369932575,60.186004337156234,60.214717864990234,5116900,0.0,0.0
2023-08-23 00:00:00-04:00,59.47770320375172,59.50641672980611,58.23340050747794,59.17141342163086,8758500,0.0,0.0
2023-08-24 00:00:00-04:00,58.73112741284729,59.40113773860259,58.43440756324154,58.721553802490234,6267100,0.0,0.0
2023-08-25 00:00:00-04:00,59.33412667791888,59.69784348000109,58.549255072935736,59.1905517578125,6790000,0.0,0.0
2023-08-28 00:00:00-04:00,59.50641716488432,60.12857034320116,59.23841451638463,59.573421478271484,4840300,0.0,0.0
2023-08-29 00:00:00-04:00,59.71698889102413,59.79356315778309,59.10440936200045,59.7265625,5509500,0.0,0.0
2023-08-30 00:00:00-04:00,59.91799150322742,60.26256840479266,59.745703052444796,59.94670867919922,4714500,0.0,0.0
2023-08-31 00:00:00-04:00,60.2817157503202,60.358290022695506,59.64042264985725,60.099857330322266,10915100,0.0,0.0
2023-09-01 00:00:00-04:00,60.93258044437745,62.07159532380635,60.77943555595623,61.803592681884766,9029500,0.0,0.0
2023-09-05 00:00:00-04:00,62.416184261594935,64.03378133668024,62.21518224142572,63.344627380371094,15600800,0.0,0.0
2023-09-06 00:00:00-04:00,63.047907344903514,63.65091336896355,62.1768913409582,62.76075744628906,8177800,0.0,0.0
2023-09-07 00:00:00-04:00,62.674371383081294,62.96230436372018,61.84895032452287,61.97372055053711,6617500,0.18,0.0
2023-09-08 00:00:00-04:00,62.38643006738831,63.106273491242796,62.2136673527582,62.65517044067383,6346600,0.0,0.0
2023-09-11 00:00:00-04:00,63.058279872789825,63.25024250929331,61.00433092058347,61.2730712890625,7917300,0.0,0.0
2023-09-12 00:00:00-04:00,61.906529179074624,63.81651151736524,61.86813665435706,63.75892639160156,11441800,0.0,0.0
2023-09-13 00:00:00-04:00,63.816513573415584,64.1140538189066,63.192647841249645,63.653350830078125,9142900,0.0,0.0
2023-09-14 00:00:00-04:00,64.24843054746695,64.94907408033498,64.12365299473947,64.59395599365234,9851300,0.0,0.0
2023-09-15 00:00:00-04:00,64.02767316806903,64.49796882846562,63.32702965887376,63.49019241333008,23148000,0.0,0.0
2023-09-18 00:00:00-04:00,64.4307793434365,64.44037930558152,62.83752979076525,63.653350830078125,7746800,0.0,0.0
2023-09-19 00:00:00-04:00,64.4883847324272,64.50757733794241,62.75115736690556,63.16386795043945,8150900,0.0,0.0
2023-09-20 00:00:00-04:00,62.74155278483828,63.30782607260499,61.64739141303001,61.66658401489258,6735500,0.0,0.0
2023-09-21 00:00:00-04:00,61.83934504366279,61.99290782227224,60.02534032792181,60.04453659057617,10259900,0.0,0.0
2023-09-22 00:00:00-04:00,60.62041114937026,61.02352535129354,60.044537902408784,60.36126708984375,7146300,0.0,0.0
2023-09-25 00:00:00-04:00,60.130922811156836,60.79317745045328,60.015745225903785,60.62041473388672,6234000,0.0,0.0
2023-09-26 00:00:00-04:00,60.00614746231714,61.05232003767282,59.97735489736196,60.610816955566406,6196300,0.0,0.0
2023-09-27 00:00:00-04:00,61.906534274183464,63.25984342201445,61.57060880853867,62.962303161621094,11679100,0.0,0.0
2023-09-28 00:00:00-04:00,62.53039748663185,63.69174394769803,62.4920049603207,63.231040954589844,9156800,0.0,0.0
2023-09-29 00:00:00-04:00,63.29823574553714,63.39422073733771,62.204074207177,62.27125930786133,10063300,0.0,0.0
2023-10-02 00:00:00-04:00,62.38642749065598,62.45361258120243,59.209517326520725,59.79499053955078,10859900,0.0,0.0
2023-10-03 00:00:00-04:00,59.46866698085365,60.26529550270364,59.22871916024532,59.94856262207031,7765900,0.0,0.0
2023-10-04 00:00:00-04:00,59.04636041639824,59.10394921169177,56.95401511780481,57.62586975097656,15878800,0.0,0.0
2023-10-05 00:00:00-04:00,57.29954393155988,57.846624704376744,56.72366692874875,57.030799865722656,10278000,0.0,0.0
2023-10-06 00:00:00-04:00,57.395510984511475,59.44946349358265,57.299533332453336,58.93117904663086,12539400,0.0,0.0
2023-10-09 00:00:00-04:00,61.004333825106244,61.810558630242035,60.09253139552327,61.599403381347656,17276600,0.0,0.0
2023-10-10 00:00:00-04:00,61.369051471363576,61.79135830511058,60.96594090205686,61.40744400024414,7885600,0.0,0.0
2023-10-11 00:00:00-04:00,60.76438365564454,61.3210606611883,60.3804657018597,60.802772521972656,11481200,0.0,0.0
2023-10-12 00:00:00-04:00,61.19628972134474,61.321063611525,60.198109583842104,60.67800521850586,8634600,0.0,0.0
2023-10-13 00:00:00-04:00,61.76255743156551,62.16566794665075,61.19628052134155,61.78175735473633,15373900,0.0,0.0
2023-10-16 00:00:00-04:00,61.992914731926305,62.88552090762299,61.551411625604736,62.74155807495117,8005600,0.0,0.0
2023-10-17 00:00:00-04:00,62.40561934619702,63.048685002451556,62.37682678239656,62.89511489868164,7290600,0.0,0.0
2023-10-18 00:00:00-04:00,63.087074883653315,64.25801392399559,63.087074883653315,63.82611083984375,8930500,0.0,0.0
2023-10-19 00:00:00-04:00,63.29823175461831,64.22923046442136,62.86632860925411,63.78772735595703,8545800,0.0,0.0
2023-10-20 00:00:00-04:00,63.60536158319595,64.05646463286682,62.46321499900638,62.5591926574707,8296700,0.0,0.0
2023-10-23 00:00:00-04:00,61.618599652968676,61.647399543499354,59.6318355800098,60.294090270996094,16032400,0.0,0.0
2023-10-24 00:00:00-04:00,60.6396090073258,60.75478292748472,59.814187980008896,60.015743255615234,7463000,0.0,0.0
2023-10-25 00:00:00-04:00,60.16930963618589,60.764382822524844,60.10212454439164,60.725990295410156,6676100,0.0,0.0
2023-10-26 00:00:00-04:00,60.39006117512599,61.10990458261832,60.05413571615473,60.725990295410156,8717500,0.0,0.0
2023-10-27 00:00:00-04:00,60.96593762122985,61.19628545949113,59.38228067260379,59.727806091308594,9197900,0.0,0.0
2023-10-30 00:00:00-04:00,59.65103357305651,60.188514383167124,58.89279753157798,59.190330505371094,7252600,0.0,0.0
2023-10-31 00:00:00-04:00,59.17112914110055,59.45906576979454,58.499274566605976,59.3246955871582,5572700,0.0,0.0
2023-11-01 00:00:00-04:00,59.6510277150633,59.96775692401522,58.83520295491331,58.892791748046875,6285100,0.0,0.0
2023-11-02 00:00:00-04:00,58.95037436014134,60.783579086082185,58.633645164727426,60.725990295410156,7404200,0.0,0.0
2023-11-03 00:00:00-04:00,60.43805156521924,60.88915092855167,59.70860822063071,60.4764404296875,8661700,0.0,0.0
2023-11-06 00:00:00-05:00,60.75478460313917,60.82196969686096,59.113542465684674,59.26710891723633,8165900,0.0,0.0
2023-11-07 00:00:00-05:00,58.39370387590204,58.5568666423705,57.606675288824384,57.77943801879883,13014700,0.0,0.0
2023-11-08 00:00:00-05:00,58.60484942325666,59.76619584567611,58.460879285037215,58.69123077392578,11345100,0.0,0.0
2023-11-09 00:00:00-05:00,59.04635989339621,59.41108160439833,58.124961144740155,58.14415740966797,7046600,0.0,0.0
2023-11-10 00:00:00-05:00,58.643246286676884,58.76802017940033,57.750640095103776,58.528072357177734,7604100,0.0,0.0
2023-11-13 00:00:00-05:00,58.63364812698487,59.17113254980629,58.40329661397195,59.13274002075195,6830600,0.0,0.0
2023-11-14 00:00:00-05:00,59.267109624933,59.65102758905293,59.09434690721034,59.2479133605957,6766900,0.0,0.0
2023-11-15 00:00:00-05:00,59.19031915320348,59.718207220908575,58.825601148096155,58.83519744873047,6789600,0.0,0.0
2023-11-16 00:00:00-05:00,58.20174279974471,58.46088688544298,57.222755251988936,57.885013580322266,10976600,0.0,0.0
2023-11-17 00:00:00-05:00,58.40329536385684,59.09434622679065,58.1249586874534,58.508872985839844,9178000,0.0,0.0
2023-11-20 00:00:00-05:00,58.96957728827615,59.51665804689483,58.66244435927315,58.681640625,6135400,0.0,0.0
2023-11-21 00:00:00-05:00,58.422489746090704,58.68163381134344,57.89460531449273,58.307315826416016,6092600,0.0,0.0
2023-11-22 00:00:00-05:00,57.20355494085278,57.92339835199429,56.85803317900772,57.78902816772461,10582400,0.0,0.0
2023-11-24 00:00:00-05:00,57.587469023814776,58.393693736600696,57.57787272328839,57.74103546142578,4449200,0.0,0.0
2023-11-27 00:00:00-05:00,57.55868120988309,57.741040225431725,57.040393067191616,57.46269989013672,8319500,0.0,0.0
2023-11-28 00:00:00-05:00,57.4626950168269,57.97138681505896,57.22274722977998,57.645057678222656,6972800,0.0,0.0
2023-11-29 00:00:00-05:00,57.8370241898556,58.028983188964716,57.47230611899298,57.904212951660156,7542200,0.0,0.0
2023-11-30 00:00:00-05:00,58.17295043534401,58.27852806262333,56.637282180822154,56.77165603637695,15858700,0.0,0.0
2023-12-01 00:00:00-05:00,56.72365607721482,57.203551657094174,56.41652319899705,56.464515686035156,9722500,0.0,0.0
2023-12-04 00:00:00-05:00,56.08060043919003,56.33974450407379,55.437538427520046,55.53351974487305,11467600,0.0,0.0
2023-12-05 00:00:00-05:00,55.64869557215259,55.74467689279606,54.92885214323516,54.97684097290039,8243300,0.0,0.0
2023-12-06 00:00:00-05:00,54.61212147646906,55.00563572729066,54.06504077804179,54.209007263183594,12915500,0.0,0.0
2023-12-07 00:00:00-05:00,54.56527061579731,55.01781595947221,53.76609878173264,54.305301666259766,11624600,0.18,0.0
2023-12-08 00:00:00-05:00,54.8348720488646,54.8348720488646,54.23789993920911,54.37269973754883,8209000,0.0,0.0
2023-12-11 00:00:00-05:00,54.27640503744476,55.08520740354854,54.218635801092155,54.94078063964844,15273800,0.0,0.0
2023-12-12 00:00:00-05:00,54.420837381920244,54.61341008022235,53.0728321668242,53.48686218261719,23323200,0.0,0.0
2023-12-13 00:00:00-05:00,53.6024016075114,55.14297944259424,53.54463237207057,55.0948371887207,15845700,0.0,0.0
2023-12-14 00:00:00-05:00,56.616159624471166,57.46347733856248,56.500617468510185,56.57764434814453,19890300,0.0,0.0
2023-12-15 00:00:00-05:00,56.452470692450255,56.750954877550534,55.89401024945721,56.38507080078125,17700600,0.0,0.0
2023-12-18 00:00:00-05:00,57.473102781621,57.665675485076854,56.77984619140625,56.77984619140625,9284700,0.0,0.0
2023-12-19 00:00:00-05:00,56.924269046304524,58.08933216916614,56.65466948383335,58.06044387817383,11375100,0.0,0.0
2023-12-20 00:00:00-05:00,58.26264085841291,58.79221665025677,57.84861455218159,57.93526840209961,11445000,0.0,0.0
2023-12-21 00:00:00-05:00,57.771590641065444,58.29153583835954,57.771590641065444,58.195247650146484,9863000,0.0,0.0
2023-12-22 00:00:00-05:00,59.061820563574,59.63953497715089,58.44559087628702,58.55150604248047,10994200,0.0,0.0
2023-12-26 00:00:00-05:00,59.02330796648868,59.504737890641145,58.9751657086772,59.15810775756836,7126500,0.0,0.0
2023-12-27 00:00:00-05:00,59.22550225262728,59.37955966738758,58.66704550150312,58.7729606628418,5456400,0.0,0.0
2023-12-28 00:00:00-05:00,58.55150485048403,58.71518925089167,57.72344484766786,57.74270248413086,7957800,0.0,0.0
2023-12-29 00:00:00-05:00,57.77158939162765,58.060446603982044,57.33830173658669,57.49235916137695,5926200,0.0,0.0
2024-01-02 00:00:00-05:00,57.94490165072392,58.676673464825576,57.67530208863676,57.81972885131836,7456200,0.0,0.0
2024-01-03 00:00:00-05:00,57.41533409412252,58.53225137729041,57.232388371220765,58.35893630981445,7269300,0.0,0.0
2024-01-04 00:00:00-05:00,58.58039066946266,58.78259034694104,56.79910149983544,56.92427062988281,9423300,0.0,0.0
2024-01-05 00:00:00-05:00,57.2901603201964,57.357560214966895,56.41395801516121,56.75095748901367,8016800,0.0,0.0
2024-01-08 00:00:00-05:00,55.81698537667989,56.11546957247898,55.19112501958462,56.10584259033203,10343500,0.0,0.0
2024-01-09 00:00:00-05:00,56.086584052732846,56.11546867172879,55.19112413367176,55.325923919677734,8531400,0.0,0.0
2024-01-10 00:00:00-05:00,55.277782397736225,55.30666701711574,54.56526451121874,54.69043731689453,10864200,0.0,0.0
2024-01-11 00:00:00-05:00,55.20075522417056,55.53775469184416,54.90226735778914,55.008182525634766,9455300,0.0,0.0
2024-01-12 00:00:00-05:00,56.0865827849405,56.46209751547429,55.36443794221594,55.90364074707031,11246000,0.0,0.0
2024-01-16 00:00:00-05:00,55.70143746400321,55.82661026533204,54.517120361328125,54.517120361328125,13323500,0.0,0.0
2024-01-17 00:00:00-05:00,53.95866203002107,54.56526103647474,53.8912621404151,54.13197708129883,9651200,0.0,0.0
2024-01-18 00:00:00-05:00,54.10309646785036,54.54601481341962,53.46760908066379,54.37269973754883,12283500,0.0,0.0
2024-01-19 00:00:00-05:00,54.14160858061168,54.32455062866211,53.74683619154162,54.32455062866211,9597300,0.0,0.0
2024-01-22 00:00:00-05:00,54.32454902140107,54.854124858281956,53.86237675077487,54.632667541503906,8047500,0.0,0.0
2024-01-23 00:00:00-05:00,54.41120510180053,55.03706543433577,54.41120510180053,54.6230354309082,6337500,0.0,0.0
2024-01-24 00:00:00-05:00,54.969669138238544,55.30666861748014,54.68081191702876,55.18149948120117,7615400,0.0,0.0
2024-01-25 00:00:00-05:00,55.605153520690806,55.903641381356984,54.83486641431527,55.85549545288086,9611700,0.0,0.0
2024-01-26 00:00:00-05:00,56.06732617439295,56.2598988705806,55.40295422921519,56.231014251708984,7102800,0.0,0.0
2024-01-29 00:00:00-05:00,56.1828664223645,56.25026631279739,55.47035224549717,56.05769729614258,7175800,0.0,0.0
2024-01-30 00:00:00-05:00,55.6051577943978,56.79910565580843,55.6051577943978,56.71244812011719,8337500,0.0,0.0
2024-01-31 00:00:00-05:00,56.60652913327728,56.6739290261618,55.42221200728231,55.43183898925781,8941900,0.0,0.0
2024-02-01 00:00:00-05:00,55.75920754271571,55.951780225824436,54.80597478148761,55.19112014770508,11277700,0.0,0.0
2024-02-02 00:00:00-05:00,55.13335070687125,55.41258093128203,54.62303618661742,54.92152404785156,8412400,0.0,0.0
2024-02-05 00:00:00-05:00,54.70970064607498,55.21038824785024,53.98755570230628,54.8637580871582,10196900,0.0,0.0
2024-02-06 00:00:00-05:00,55.258523929549405,56.24064137689079,55.027439631950664,55.43183898925781,9081100,0.0,0.0
2024-02-07 00:00:00-05:00,55.47035348690923,55.86512585671618,54.95040831506047,55.47998046875,8045000,0.0,0.0
2024-02-08 00:00:00-05:00,55.624409077578655,56.13472357777985,55.422209408406694,55.89400863647461,7706500,0.0,0.0
2024-02-09 00:00:00-05:00,56.048070253052856,56.182870042604705,55.11409870843558,55.33555603027344,8114600,0.0,0.0
2024-02-12 00:00:00-05:00,55.39332593489851,56.32730116374892,55.364441314795954,55.874755859375,8878200,0.0,0.0
2024-02-13 00:00:00-05:00,55.81698611774098,55.99992816511181,54.911895517123966,55.47035598754883,10324700,0.0,0.0
2024-02-14 00:00:00-05:00,55.653297284263495,56.163615490393745,54.94078306894012,55.17186737060547,12516600,0.0,0.0
2024-02-15 00:00:00-05:00,55.31629555237784,57.90638705967882,55.24889566106277,57.87750244140625,21966000,0.0,0.0
2024-02-16 00:00:00-05:00,58.13747423653182,58.618904123978716,57.8486170386674,58.272274017333984,13472000,0.0,0.0
2024-02-20 00:00:00-05:00,58.28190241488791,58.28190241488791,56.953158537826596,57.347930908203125,16896800,0.0,0.0
2024-02-21 00:00:00-05:00,57.357557259700535,58.28190177437215,57.126472967541936,58.2241325378418,10308100,0.0,0.0
2024-02-22 00:00:00-05:00,57.95452983546543,58.60927479099942,57.5982727391662,58.28190231323242,9369300,0.0,0.0
2024-02-23 00:00:00-05:00,57.771590140844445,57.99304746228876,57.24201796582379,57.79084777832031,7789900,0.0,0.0
2024-02-26 00:00:00-05:00,57.4827300605473,58.5033590847819,57.357557259700535,58.2241325378418,8510000,0.0,0.0
2024-02-27 00:00:00-05:00,58.66704587053623,58.72481877881668,57.935270391057834,58.349300384521484,7051800,0.0,0.0
2024-02-28 00:00:00-05:00,58.2530224956363,59.01368267916998,57.993049888364574,58.021934509277344,7838200,0.0,0.0
2024-02-29 00:00:00-05:00,58.195248224745455,58.618908911028385,57.82936412497964,58.35893630981445,7574400,0.0,0.0
2024-03-01 00:00:00-05:00,58.71518982534398,59.31216186946331,58.56113240515129,59.081077575683594,7662000,0.0,0.0
2024-03-04 00:00:00-05:00,59.2640213990643,59.35067893009602,58.29153459350278,58.426334381103516,6359300,0.0,0.0
2024-03-05 00:00:00-05:00,58.18562097554514,58.86925058688856,57.78121792894924,58.33005142211914,6543000,0.0,0.0
2024-03-06 00:00:00-05:00,59.02330946347635,59.379566587939536,58.49373726808105,58.821109771728516,7919100,0.0,0.0
2024-03-07 00:00:00-05:00,58.66649281860195,59.32360422729649,58.61817656219966,58.99504852294922,7403300,0.22,0.0
2024-03-08 00:00:00-05:00,58.86942349811743,59.18831742673569,58.60851497544041,58.75346374511719,5288300,0.0,0.0
2024-03-11 00:00:00-04:00,58.64716255653162,59.48788085704202,58.250963376379566,59.44922637939453,6760600,0.0,0.0
2024-03-12 00:00:00-04:00,59.36225925644734,59.410575513296884,58.80178035536907,59.0820198059082,7124900,0.0,0.0
2024-03-13 00:00:00-04:00,59.56518941204743,60.347926039267456,59.46855689889171,59.97105407714844,8672400,0.0,0.0
2024-03-14 00:00:00-04:00,60.106342509740976,60.705472215503676,60.029033548329444,60.47355270385742,7433700,0.0,0.0
2024-03-15 00:00:00-04:00,60.26095166901012,60.88907033923319,60.115999221723484,60.54119110107422,9782600,0.0,0.0
2024-03-18 00:00:00-04:00,60.79244197583527,61.29493915804287,60.202974056586065,61.07268142700195,6797600,0.0,0.0
2024-03-19 00:00:00-04:00,60.94705785285185,61.93272131750198,60.7634545969453,61.90373229980469,6956000,0.0,0.0
2024-03-20 00:00:00-04:00,61.797428851535315,61.93271214284668,61.47853495892888,61.64281463623047,6313600,0.0,0.0
2024-03-21 00:00:00-04:00,61.7104631950931,62.13565508683495,61.594503445660756,61.778106689453125,5371100,0.0,0.0
2024-03-22 00:00:00-04:00,61.845750767497826,62.11632474749155,61.391569855684935,61.662147521972656,4927700,0.0,0.0
2024-03-25 00:00:00-04:00,61.93272399084822,62.69613343771296,61.91340043574539,62.37724685668945,6921300,0.0,0.0
2024-03-26 00:00:00-04:00,62.45454347159495,62.522186967946276,61.15965157784445,61.18864059448242,6182700,0.0,0.0
2024-03-27 00:00:00-04:00,60.96638256409705,62.04868218666039,60.81176833230229,62.03901672363281,5725700,0.0,0.0
2024-03-28 00:00:00-04:00,62.49319692448377,62.93771237500123,62.193633927362626,62.802425384521484,7159600,0.0,0.0
2024-04-01 00:00:00-04:00,63.09232309527188,64.30024778149031,62.39655729639611,64.1456298828125,8035300,0.0,0.0
2024-04-02 00:00:00-04:00,64.48386610744821,65.8850560424543,64.25193921837763,64.99602508544922,11722100,0.0,0.0
2024-04-03 00:00:00-04:00,65.31490662055704,65.59514606047141,64.793089591848,65.43087005615234,8505900,0.0,0.0
2024-04-04 00:00:00-04:00,65.4308779972079,65.84640447612009,64.95737347975547,65.35356903076172,7475700,0.0,0.0
2024-04-05 00:00:00-04:00,65.71110452039147,67.23792313013918,65.28591266132568,66.91902923583984,12365300,0.0,0.0
2024-04-08 00:00:00-04:00,66.67745057239327,66.87071559603164,65.66279076682163,66.41654205322266,7830400,0.0,0.0
2024-04-09 00:00:00-04:00,66.67744946959294,66.85139093702583,65.77875311662099,66.24259948730469,4828900,0.0,0.0
2024-04-10 00:00:00-04:00,65.96237243323621,67.16063200467812,65.86573990486966,66.6194839477539,8136300,0.0,0.0
2024-04-11 00:00:00-04:00,67.11231052543742,67.16063047481468,66.0300144362428,66.9287109375,7078400,0.0,0.0
2024-04-12 00:00:00-04:00,67.58580719952093,68.79373193572863,66.40687147736821,66.6871109008789,14699500,0.0,0.0
2024-04-15 00:00:00-04:00,66.90937260661993,67.10264501015833,65.95269817001694,66.03966522216797,9248600,0.0,0.0
2024-04-16 00:00:00-04:00,65.56615246113459,65.75942484028218,63.430542436518756,64.5708236694336,12448000,0.0,0.0
2024-04-17 00:00:00-04:00,64.4452099376056,64.80275098019271,63.3049285669413,63.75910949707031,7053800,0.0,0.0
2024-04-18 00:00:00-04:00,63.85574737925591,64.14564494848328,63.430555430615726,63.81709289550781,7017500,0.0,0.0
2024-04-19 00:00:00-04:00,63.94270683865,65.34390406077776,63.89439426914851,64.38722229003906,9794500,0.0,0.0
2024-04-22 00:00:00-04:00,63.8847244080024,65.30524508561591,63.66246301131566,64.74476623535156,6274000,0.0,0.0
2024-04-23 00:00:00-04:00,64.38722270294637,65.22794104161444,64.17463412511808,65.12164306640625,5385800,0.0,0.0
2024-04-24 00:00:00-04:00,64.84141347954828,65.24727451609867,64.50319594908963,65.06367492675781,5285800,0.0,0.0
2024-04-25 00:00:00-04:00,64.9766817092858,65.7304255228815,64.73509677556476,65.59513854980469,5316700,0.0,0.0
2024-04-26 00:00:00-04:00,65.653137826571,65.73043941853739,64.67713242368251,65.49851989746094,5426900,0.0,0.0
2024-04-29 00:00:00-04:00,65.09266168961398,66.1266451740571,65.08299622548208,65.93338012695312,5426900,0.0,0.0
2024-04-30 00:00:00-04:00,65.87538402543981,65.87538402543981,63.88472634744605,63.91371536254883,7386100,0.0,0.0
2024-05-01 00:00:00-04:00,63.469198894740856,63.76876187604188,61.54618105453655,62.28059768676758,8655000,0.0,0.0
2024-05-02 00:00:00-04:00,62.58982254192697,63.179290380913784,61.96170760070677,62.4835319519043,5504600,0.0,0.0
2024-05-03 00:00:00-04:00,62.61882863129091,62.725126610373415,61.5171980459493,62.222625732421875,6771500,0.0,0.0
2024-05-06 00:00:00-04:00,62.62848658935498,63.565837472411886,62.61882849861403,62.831417083740234,8382900,0.0,0.0
2024-05-07 00:00:00-04:00,62.744450855969475,63.24694436687045,62.68647282040856,62.879737854003906,6266300,0.0,0.0
2024-05-08 00:00:00-04:00,61.78777248079627,62.4932001723124,61.30460252608981,61.53652572631836,9079800,0.0,0.0
2024-05-09 00:00:00-04:00,61.63315938387316,62.38690334755658,61.459217902054796,62.077674865722656,4983500,0.0,0.0
2024-05-10 00:00:00-04:00,62.309598194736566,62.52218677361699,61.30460015678357,61.43022537231445,6540400,0.0,0.0
2024-05-13 00:00:00-04:00,61.62349521683853,61.7684439885366,60.40590489132754,60.792442321777344,6419800,0.0,0.0
2024-05-14 00:00:00-04:00,60.77311729903569,61.159654743588966,60.56052133590195,60.93739700317383,4711000,0.0,0.0
2024-05-15 00:00:00-04:00,60.7827774967201,61.41089618183454,59.932397404151786,61.246620178222656,6410700,0.0,0.0
2024-05-16 00:00:00-04:00,61.23695323674244,61.430221937608295,60.608834566795736,60.74412155151367,5313500,0.0,0.0
2024-05-17 00:00:00-04:00,60.86008164372166,61.41089504823167,60.56051497136078,61.27560806274414,6602600,0.0,0.0
2024-05-20 00:00:00-04:00,61.51719610825213,61.604166844189805,60.879411940140514,61.43022537231445,4840800,0.0,0.0
2024-05-21 00:00:00-04:00,61.285271974104276,61.91339435580087,61.05335247270129,61.217628479003906,4089500,0.0,0.0
2024-05-22 00:00:00-04:00,60.97604576977145,61.043689267373466,60.09667661465106,60.55085754394531,5747900,0.0,0.0
2024-05-23 00:00:00-04:00,60.75378546927632,60.98570865574934,59.59417690949921,59.87441635131836,6609200,0.0,0.0
2024-05-24 00:00:00-04:00,60.10634251282397,60.376916505189875,59.67148882059722,59.8647575378418,4616700,0.0,0.0
2024-05-28 00:00:00-04:00,60.19331390610419,60.73446189672306,59.75846020914672,60.116004943847656,6271900,0.0,0.0
2024-05-29 00:00:00-04:00,59.97105255516808,59.97105255516808,58.714807798260935,59.06269073486328,6714300,0.0,0.0
2024-05-30 00:00:00-04:00,58.93707355603037,59.47822155396017,58.86942636999488,59.14966583251953,3784200,0.0,0.0
2024-05-31 00:00:00-04:00,59.26562812989485,60.4832147879547,59.26562812989485,60.396244049072266,7976900,0.0,0.0
2024-06-03 00:00:00-04:00,60.12566644531211,60.14499368460268,58.16399404969992,58.53120422363281,7562900,0.0,0.0
2024-06-04 00:00:00-04:00,57.990048027695195,57.990048027695195,57.01404648108983,57.874088287353516,6910100,0.0,0.0
2024-06-05 00:00:00-04:00,58.1253494875507,58.1253494875507,57.44891078505287,57.825782775878906,4903000,0.0,0.0
2024-06-06 00:00:00-04:00,57.73881097832759,58.08669394390368,57.51655323616382,58.05770492553711,5026800,0.0,0.0
2024-06-07 00:00:00-04:00,57.79678774923187,58.2413031954726,57.33294506363797,57.4778938293457,6964200,0.0,0.0
2024-06-10 00:00:00-04:00,58.20533447125043,58.71939844586964,57.94345736151294,58.66120147705078,7812600,0.22,0.0
2024-06-11 00:00:00-04:00,58.573907296880314,58.903682716981116,58.15683827440051,58.78729248046875,4899100,0.0,0.0
2024-06-12 00:00:00-04:00,59.26255917638425,59.417747403262666,58.20533822453157,58.48661804199219,7426100,0.0,0.0
2024-06-13 00:00:00-04:00,58.49632060582726,58.57391287089304,57.5942878620646,58.00165557861328,9185100,0.0,0.0
2024-06-14 00:00:00-04:00,58.050152510360725,58.069551502057614,57.35180730916951,58.04045486450195,8611100,0.0,0.0
2024-06-17 00:00:00-04:00,58.079252896562096,58.564216589452606,57.69128046225794,58.38962936401367,7717200,0.0,0.0
2024-06-18 00:00:00-04:00,59.19466085194049,59.747519106826694,59.00067835547294,59.41774368286133,10427100,0.0,0.0
2024-06-20 00:00:00-04:00,60.057893247864556,61.06661847088545,59.592328614157715,60.562255859375,11219700,0.0,0.0
2024-06-21 00:00:00-04:00,60.80474646466278,60.882342431492425,58.89399203122441,59.087974548339844,21275100,0.0,0.0
2024-06-24 00:00:00-04:00,59.53414111698517,61.73587662099977,59.485645490020275,61.347904205322266,10315100,0.0,0.0
2024-06-25 00:00:00-04:00,61.18301636143391,61.3091042474824,60.668952372235005,61.20241165161133,5971400,0.0,0.0
2024-06-26 00:00:00-04:00,61.10542356276712,61.18301952740829,60.242188806019946,60.979331970214844,5259300,0.0,0.0
2024-06-27 00:00:00-04:00,61.40609849377608,61.49339209848919,60.5816580714902,60.80474090576172,4730900,0.0,0.0
2024-06-28 00:00:00-04:00,61.299407237727216,61.522490076870206,60.882338194987994,61.134517669677734,8397000,0.0,0.0
2024-07-01 00:00:00-04:00,61.357598636271675,61.66797877254073,60.63985451484298,60.98902893066406,5321600,0.0,0.0
2024-07-02 00:00:00-04:00,61.53218832134476,61.60978428353063,59.96090708687223,60.48466873168945,6663000,0.0,0.0
2024-07-03 00:00:00-04:00,60.45557079085416,60.65925463722662,60.00940141787478,60.44586944580078,4119000,0.0,0.0
2024-07-05 00:00:00-04:00,60.474969238395,60.51376722067607,59.61173448252698,59.93181228637695,4850700,0.0,0.0
2024-07-08 00:00:00-04:00,59.55353726620132,60.12579451703214,59.087968909611,59.117069244384766,6330900,0.0,0.0
2024-07-09 00:00:00-04:00,58.680604377574504,59.70872869535592,58.59331076851779,59.184967041015625,5500900,0.0,0.0
2024-07-10 00:00:00-04:00,59.21406560368357,59.64083601739055,59.02978073411513,59.56324005126953,5217200,0.0,0.0
2024-07-11 00:00:00-04:00,59.330451422209954,59.893011034638604,58.98128070067867,59.63113021850586,5158000,0.0,0.0
2024-07-12 00:00:00-04:00,59.89301359085614,60.057899463618284,59.23346269984919,59.359554290771484,5098700,0.0,0.0
2024-07-15 00:00:00-04:00,59.728122742255145,60.69805000705322,59.22376012056268,60.13549041748047,8332400,0.0,0.0
2024-07-16 00:00:00-04:00,59.65053055427024,60.533164273009056,59.39835107747877,60.25188446044922,5007200,0.0,0.0
2024-07-17 00:00:00-04:00,60.62045747491572,61.56128815891972,60.601058484526256,61.250911712646484,7923800,0.0,0.0
2024-07-18 00:00:00-04:00,61.454596853306,62.81249660927357,61.21211501831031,61.81346893310547,9040800,0.0,0.0
2024-07-19 00:00:00-04:00,61.64857534766239,62.11413996860392,60.474960601144886,61.23150634765625,10018700,0.0,0.0
2024-07-22 00:00:00-04:00,60.64955503664313,60.66895402732882,59.29165898845709,59.3692512512207,9944100,0.0,0.0
2024-07-23 00:00:00-04:00,59.38865144413241,59.38865144413241,58.1665446060275,58.59331130981445,8853100,0.0,0.0
2024-07-24 00:00:00-04:00,58.806691333631925,59.04917315079191,58.108342516217945,58.26353073120117,5568200,0.0,0.0
2024-07-25 00:00:00-04:00,58.04045299599561,59.21406420602993,57.98225602277849,58.70970153808594,5711700,0.0,0.0
2024-07-26 00:00:00-04:00,58.77759176742726,58.93277998443779,58.15683889938515,58.719398498535156,5189100,0.0,0.0
2024-07-29 00:00:00-04:00,58.8648852837702,58.96188023174531,57.78826911108854,58.37022399902344,6335300,0.0,0.0
2024-07-30 00:00:00-04:00,58.282928515808116,58.612703928328074,57.9919510812267,58.457515716552734,5804200,0.0,0.0
2024-07-31 00:00:00-04:00,59.349854144795074,59.50504237522843,58.971583064362484,58.99098205566406,5683100,0.0,0.0
2024-08-01 00:00:00-04:00,59.02977992608983,59.14617017369884,57.00263158866814,57.59428787231445,9600100,0.0,0.0
2024-08-02 00:00:00-04:00,56.85713879161619,57.02202836096005,54.75239827101942,55.935707092285156,16195900,0.0,0.0
2024-08-05 00:00:00-04:00,53.8309657947003,54.985177963531136,53.38480011935181,54.490516662597656,13395800,0.0,0.0
2024-08-06 00:00:00-04:00,54.771799684252606,54.92698791521645,54.34502927411758,54.44202423095703,8999100,0.0,0.0
2024-08-07 00:00:00-04:00,55.470146153543396,55.47984749944083,54.374130865812226,54.42262649536133,9895000,0.0,0.0
2024-08-08 00:00:00-04:00,55.77082011365491,57.52638987009459,55.38284771113352,56.76984405517578,13799500,0.0,0.0
2024-08-09 00:00:00-04:00,56.87653283369232,56.88623417809274,56.032697169816856,56.65345001220703,7596900,0.0,0.0
2024-08-12 00:00:00-04:00,57.080218690391774,57.33240185404182,56.55646077353961,57.2063102722168,6594400,0.0,0.0
2024-08-13 00:00:00-04:00,56.13939656115373,56.207291180268754,55.25676281267925,55.732025146484375,22503600,0.0,0.0
2024-08-14 00:00:00-04:00,56.00360596093498,56.00360596093498,54.936683672256144,55.2276611328125,18222200,0.0,0.0
2024-08-15 00:00:00-04:00,55.50894303401518,56.18789293414749,55.431350768274534,56.071502685546875,10305800,0.0,0.0
2024-08-16 00:00:00-04:00,55.69322912754686,56.11029820251632,55.53804089267307,55.87751770019531,8914700,0.0,0.0
2024-08-19 00:00:00-04:00,56.16849384087805,56.44977366613391,55.58653889895081,55.66413116455078,11056500,0.0,0.0
2024-08-20 00:00:00-04:00,55.635031768336056,55.64472941356288,54.46142059699752,54.48081588745117,14461100,0.0,0.0
2024-08-21 00:00:00-04:00,54.87848390918591,55.01427312805265,54.07344254022064,54.335323333740234,13709700,0.0,0.0
2024-08-22 00:00:00-04:00,54.37413143615626,54.81059580665568,54.22864084600352,54.412925720214844,8677000,0.0,0.0
2024-08-23 00:00:00-04:00,54.97547800717736,55.538033900275195,54.69419821063898,55.518638610839844,12116800,0.0,0.0
2024-08-26 00:00:00-04:00,56.391574098706656,56.711651892032926,55.50894038071786,55.64472961425781,11299600,0.0,0.0
2024-08-27 00:00:00-04:00,55.615632296823364,55.732022538434016,54.83969118612055,55.13066864013672,8436300,0.0,0.0
2024-08-28 00:00:00-04:00,54.839687337072,55.20825702630001,54.548709903478745,55.07246780395508,7284400,0.0,0.0
2024-08-29 00:00:00-04:00,55.28585245382856,55.83871068236854,54.713595236570484,55.48953628540039,9452000,0.0,0.0
2024-08-30 00:00:00-04:00,55.324661210891996,55.39255583464474,54.67480791214212,55.26646423339844,9622300,0.0,0.0
2024-09-03 00:00:00-04:00,54.52931455503016,54.53901220013988,53.61758051559613,53.73397445678711,15361100,0.0,0.0
2024-09-04 00:00:00-04:00,53.73397754173688,54.08314828541906,52.9483350434986,52.98713302612305,10359500,0.0,0.0
2024-09-05 00:00:00-04:00,53.39450001630655,53.40420136182013,51.9881046151547,52.123897552490234,14145200,0.0,0.0
2024-09-06 00:00:00-04:00,52.10449629490473,52.50216634414074,50.23253628997008,50.46531677246094,17188000,0.0,0.0
2024-09-09 00:00:00-04:00,50.581708877214425,51.18306275179134,50.49441527445496,50.61080551147461,11129100,0.0,0.0
2024-09-10 00:00:00-04:00,50.9322389313908,50.951720057336885,49.52962758843115,50.055606842041016,13685500,0.22,0.0
2024-09-11 00:00:00-04:00,50.17249382697425,50.17249382697425,48.614040785199435,49.344566345214844,16988500,0.0,0.0
2024-09-12 00:00:00-04:00,49.57833334066986,50.14327114282838,49.17897953919135,49.66599655151367,11892300,0.0,0.0
2024-09-13 00:00:00-04:00,49.87054430798122,50.464705675425044,49.62703579448096,49.72443771362305,12359200,0.0,0.0
2024-09-16 00:00:00-04:00,49.89976279745864,50.56210623360285,49.65625429051283,49.95820617675781,9625500,0.0,0.0
2024-09-17 00:00:00-04:00,49.94846096558535,50.7861307771897,49.880278884700786,50.70820999145508,11814000,0.0,0.0
2024-09-18 00:00:00-04:00,50.454962402841154,51.21471147878199,50.289378399964356,50.4062614440918,9013500,0.0,0.0
2024-09-19 00:00:00-04:00,51.26341205800078,51.35107526935859,50.55236766171852,50.67898941040039,10834400,0.0,0.0
2024-09-20 00:00:00-04:00,50.45495951576223,50.46470193634162,49.558850035986396,50.29911422729492,11379100,0.0,0.0
2024-09-23 00:00:00-04:00,50.5036647013078,51.49717989185863,50.299118439747495,50.883541107177734,9572000,0.0,0.0
2024-09-24 00:00:00-04:00,51.623805704952396,51.730950047145136,50.903018858339024,51.03938674926758,9206800,0.0,0.0
2024-09-25 00:00:00-04:00,50.57184814098363,51.00042551835666,49.70495839587209,49.79262161254883,11820000,0.0,0.0
2024-09-26 00:00:00-04:00,48.90624601553924,49.31534222572799,48.45819126942593,48.614036560058594,22350700,0.0,0.0
2024-09-27 00:00:00-04:00,48.82832764485592,49.83158152073301,48.75040313786022,49.7049560546875,15713900,0.0,0.0
2024-09-30 00:00:00-04:00,49.83158338591541,50.708215544204094,49.04261444345559,50.201717376708984,20308800,0.0,0.0
2024-10-01 00:00:00-04:00,49.89976781968108,52.37381539100884,49.60755832506532,51.86731719970703,27900400,0.0,0.0
2024-10-02 00:00:00-04:00,52.61731729882344,52.646537129913135,50.97120117104502,52.05237579345703,22803300,0.0,0.0
2024-10-03 00:00:00-04:00,52.1400436105357,53.46473056646948,51.84783412687858,53.36732864379883,17561500,0.0,0.0
2024-10-04 00:00:00-04:00,53.698498820624906,54.35109985795263,52.94849214781501,54.312137603759766,14388300,0.0,0.0
2024-10-07 00:00:00-04:00,54.52642259142812,55.02318200961376,54.21473201029568,54.4582405090332,16170100,0.0,0.0
2024-10-08 00:00:00-04:00,53.49394574136852,53.50368816217423,52.38354757078865,52.90952682495117,13771600,0.0,0.0
2024-10-09 00:00:00-04:00,52.40303305225684,52.93875105610666,52.169266952518264,52.50043869018555,8850100,0.0,0.0
2024-10-10 00:00:00-04:00,52.929010638379246,53.4452474979479,52.4322549057663,53.153038024902344,7234200,0.0,0.0
2024-10-11 00:00:00-04:00,52.93874664026657,53.80564002511767,52.82186360014698,53.33810043334961,9436800,0.0,0.0
2024-10-14 00:00:00-04:00,52.86082663883003,52.98745210163706,52.013418082972,52.51017379760742,10175800,0.0,0.0
2024-10-15 00:00:00-04:00,51.32185098416521,51.32185098416521,50.19197167381805,50.221195220947266,14928800,0.0,0.0
2024-10-16 00:00:00-04:00,50.47444602130122,50.68873470915139,49.91924688973046,49.928985595703125,8507400,0.0,0.0
2024-10-17 00:00:00-04:00,49.919243683180106,50.41599940007042,49.76339838811207,50.37704086303711,7644000,0.0,0.0
2024-10-18 00:00:00-04:00,50.36730066109871,50.484187424283164,49.77313928633558,50.318599700927734,9433700,0.0,0.0
2024-10-21 00:00:00-04:00,50.698468902201355,50.980939653651525,50.16275094590801,50.47444152832031,8892300,0.0,0.0
2024-10-22 00:00:00-04:00,50.78613174606188,51.243928911287355,50.58158549950596,50.747169494628906,7730800,0.0,0.0
2024-10-23 00:00:00-04:00,50.649770203884124,50.737433416324336,49.81210033293207,49.9874267578125,8185500,0.0,0.0
2024-10-24 00:00:00-04:00,49.99716611428379,50.33807652196259,49.87054065615534,50.01664352416992,8926500,0.0,0.0
2024-10-25 00:00:00-04:00,50.29911654347111,50.49392409193694,49.870542909362214,50.24067687988281,8825300,0.0,0.0
2024-10-28 00:00:00-04:00,49.18872029529659,49.60755524060716,49.02313628771316,49.315345764160156,11747700,0.0,0.0
2024-10-29 00:00:00-04:00,49.26664194331244,49.3835249839753,48.662738182657115,48.779624938964844,8425600,0.0,0.0
2024-10-30 00:00:00-04:00,49.02313187084985,49.15949603319604,48.63351679359382,48.86728286743164,7022500,0.0,0.0
2024-10-31 00:00:00-04:00,49.032872899583545,49.315343658199225,48.37052946624432,48.80884552001953,10964100,0.0,0.0
2024-11-01 00:00:00-04:00,49.18871939296061,49.286121311441136,48.22442405116529,48.282867431640625,13267200,0.0,0.0
2024-11-04 00:00:00-05:00,48.59456089753226,49.3543063103255,48.575079769557405,49.24716567993164,9668500,0.0,0.0
2024-11-05 00:00:00-05:00,49.383521849378994,49.383521849378994,48.76014071788608,49.091312408447266,7997900,0.0,0.0
2024-11-06 00:00:00-05:00,49.84131817227888,50.620548347543064,49.500407757334436,50.055606842041016,20203700,0.0,0.0
2024-11-07 00:00:00-05:00,50.1432691631642,50.24067479117003,49.646513465091196,49.880279541015625,12328200,0.0,0.0
2024-11-08 00:00:00-05:00,49.69521577055773,49.70495447580034,48.633518548158875,49.21793746948242,13729900,0.0,0.0
2024-11-11 00:00:00-05:00,49.00365224681916,49.74391645751248,48.63351828365007,49.49066925048828,10676000,0.0,0.0
2024-11-12 00:00:00-05:00,49.77314189250013,49.98743058724687,48.96469550752473,48.98417663574219,12197400,0.0,0.0
2024-11-13 00:00:00-05:00,49.44196874584187,50.14327447925579,47.162728827891826,49.79262161254883,24172200,0.0,0.0
2024-11-14 00:00:00-05:00,50.33808177322557,50.94198186510313,48.71144292033009,49.354305267333984,13340700,0.0,0.0
2024-11-15 00:00:00-05:00,49.15949855055204,49.28612029884624,48.41923060898693,48.672481536865234,15043300,0.0,0.0
2024-11-18 00:00:00-05:00,49.0231321378822,49.938722744082995,48.847805723726445,49.588069915771484,11980300,0.0,0.0
2024-11-19 00:00:00-05:00,49.364047133575866,49.627036779252165,48.78936688168583,49.188720703125,8065500,0.0,0.0
2024-11-20 00:00:00-05:00,49.18871613144888,49.64651329237166,49.03287084282651,49.588069915771484,7554100,0.0,0.0
2024-11-21 00:00:00-05:00,49.675738081735766,50.46470702419559,49.5685937384288,50.201717376708984,8156100,0.0,0.0
2024-11-22 00:00:00-05:00,50.35755756066801,50.77639246974825,49.9971660280797,50.58158493041992,7431800,0.0,0.0
2024-11-25 00:00:00-05:00,50.58158808335296,50.67899000126616,49.02313510287184,49.13027572631836,13813000,0.0,0.0
2024-11-26 00:00:00-05:00,48.8867709608235,49.04261627081002,48.22442746446947,48.555599212646484,12284600,0.0,0.0
2024-11-27 00:00:00-05:00,48.69196030606513,49.37378111970309,48.63351692961983,49.013389587402344,6828000,0.0,0.0
2024-11-29 00:00:00-05:00,49.09131709972736,49.45170865412818,49.04261242521388,49.26664352416992,3820300,0.0,0.0
2024-12-02 00:00:00-05:00,49.334825164316285,49.64651575703465,48.653000599378,49.11079406738281,8008100,0.0,0.0
2024-12-03 00:00:00-05:00,49.54910583683727,49.568586961652,48.74065959307134,49.091312408447266,6351300,0.0,0.0
2024-12-04 00:00:00-05:00,49.071838092432614,49.11079663182301,47.43546053739126,47.63026809692383,14729200,0.0,0.0
2024-12-05 00:00:00-05:00,47.82507242940359,47.92247806798757,47.19195249901107,47.22117233276367,9937800,0.0,0.0
2024-12-06 00:00:00-05:00,47.20168969152795,47.20168969152795,45.974408409884,46.305580139160156,16583800,0.0,0.0
2024-12-09 00:00:00-05:00,46.75363508068178,47.87377574074782,46.62700961195765,47.45494079589844,12216300,0.0,0.0
2024-12-10 00:00:00-05:00,47.65062481272264,47.80717702175113,46.554759349523216,47.01462936401367,10054000,0.22,0.0
2024-12-11 00:00:00-05:00,47.14183462253205,47.59192180869582,46.90700441572949,47.42558670043945,9617300,0.0,0.0
2024-12-12 00:00:00-05:00,47.27881498732544,47.47450619444586,46.86786681162196,47.151615142822266,7557700,0.0,0.0
2024-12-13 00:00:00-05:00,47.09291145176066,47.09291145176066,46.40799407769663,46.613468170166016,10414900,0.0,0.0
2024-12-16 00:00:00-05:00,46.28079212934813,46.496052825496015,45.40997019674875,45.59587478637695,14145500,0.0,0.0
2024-12-17 00:00:00-05:00,45.194709773692736,45.566522687695084,44.80333109855802,45.556739807128906,16866600,0.0,0.0
2024-12-18 00:00:00-05:00,45.31212960986854,46.17316498928446,44.82290343554152,45.028377532958984,16405600,0.0,0.0
2024-12-19 00:00:00-05:00,45.29255596166051,45.654582252364776,44.196686744259736,44.38259506225586,18592100,0.0,0.0
2024-12-20 00:00:00-05:00,45.2534208841275,46.96571248514854,44.66635097106293,46.11445999145508,29108300,0.0,0.0
2024-12-23 00:00:00-05:00,46.96571054437659,46.96571054437659,45.79156703426732,46.80915832519531,16857600,0.0,0.0
2024-12-24 00:00:00-05:00,46.93635665221139,47.39622668165772,46.271008809077124,47.08312225341797,5786900,0.0,0.0
2024-12-26 00:00:00-05:00,47.112481785379714,47.64084321364138,46.46670338861592,47.16140365600586,11247100,0.0,0.0
2024-12-27 00:00:00-05:00,47.16140174587825,47.99308471033644,46.99506291348702,47.51364517211914,11712100,0.0,0.0
2024-12-30 00:00:00-05:00,47.83652913185588,47.98329845998249,47.269028776931044,47.415794372558594,10123500,0.0,0.0
2024-12-31 00:00:00-05:00,47.50385968699827,48.60951186062236,47.435368322769285,48.34532928466797,10556400,0.0,0.0
2025-01-02 00:00:00-05:00,49.02045792029972,49.724944758962465,48.50187940433923,48.73670959472656,11808200,0.0,0.0
2025-01-03 00:00:00-05:00,48.93240086484228,49.46076603486446,48.580161150660366,49.421627044677734,10633300,0.0,0.0
2025-01-06 00:00:00-05:00,50.21417342723519,50.7327519692869,49.50968655312763,49.676025390625,10215500,0.0,0.0
2025-01-07 00:00:00-05:00,49.891289473755805,50.81103338523475,49.56839839044424,50.4392204284668,9785300,0.0,0.0
2025-01-08 00:00:00-05:00,49.9010666919241,50.15546264452443,49.509684283693616,50.086971282958984,7460500,0.0,0.0
2025-01-10 00:00:00-05:00,51.075215423611084,51.40788938498421,50.09676303516068,50.19460678100586,10917200,0.0,0.0
2025-01-13 00:00:00-05:00,50.429437154801356,52.05366797542652,50.34137629026446,51.54487228393555,13921600,0.0,0.0
2025-01-14 00:00:00-05:00,51.31003769981328,51.701420116104494,50.74253730194029,50.95779800415039,8000300,0.0,0.0
2025-01-15 00:00:00-05:00,51.09478120182507,51.64271211069223,50.60555504319404,51.56443786621094,11068300,0.0,0.0
2025-01-16 00:00:00-05:00,51.17306137084961,51.642718089609815,50.8208178986545,51.17306137084961,6188100,0.0,0.0
2025-01-17 00:00:00-05:00,51.02629185817724,51.221979343376766,50.654478917799,50.85017013549805,7852700,0.0,0.0
2025-01-21 00:00:00-05:00,50.34137445183276,50.47835718444327,49.15744799712822,49.46076583862305,13416700,0.0,0.0
2025-01-22 00:00:00-05:00,49.314000238709134,49.773870307960316,48.87369593197968,49.118309020996094,9095200,0.0,0.0
2025-01-23 00:00:00-05:00,49.314003288499244,50.13590346772422,49.04982068812338,49.25529479980469,8269200,0.0,0.0
2025-01-24 00:00:00-05:00,49.362921282232286,49.69559522701589,48.13985585766012,48.2279167175293,12603800,0.0,0.0
2025-01-27 00:00:00-05:00,48.149639200300314,48.93240033302985,47.97351747887374,48.49209976196289,9337400,0.0,0.0
2025-01-28 00:00:00-05:00,48.71714251433387,48.814986254550675,47.6506293229732,47.94416427612305,7280600,0.0,0.0
2025-01-29 00:00:00-05:00,47.68976735911748,48.13985452712018,47.53321513839918,47.777828216552734,5732800,0.0,0.0
2025-01-30 00:00:00-05:00,47.92459517234085,48.10071689216669,47.51364698108022,47.86588668823242,6061100,0.0,0.0
2025-01-31 00:00:00-05:00,47.15161582539753,47.171185319642795,45.595876491643004,45.64480209350586,18088800,0.0,0.0
2025-02-03 00:00:00-05:00,45.752430169265196,45.762216782949,44.95009954217048,45.37083435058594,13459500,0.0,0.0
2025-02-04 00:00:00-05:00,45.136008926349376,46.721100722516006,45.0479480636457,46.56454849243164,10976900,0.0,0.0
2025-02-05 00:00:00-05:00,46.49605646982157,46.49605646982157,45.95790841977146,46.33950424194336,8233200,0.0,0.0
2025-02-06 00:00:00-05:00,46.81893810153653,46.87764657952402,45.70350314726781,45.96768569946289,9155700,0.0,0.0
2025-02-07 00:00:00-05:00,45.987260068746096,46.065538047696904,45.635016628466424,45.77199935913086,6735500,0.0,0.0
2025-02-10 00:00:00-05:00,46.08510661676405,47.49408046369677,46.08510661676405,47.337528228759766,11064900,0.0,0.0
2025-02-11 00:00:00-05:00,47.67019901874326,48.25726892752111,47.484290686047366,47.56256866455078,8143100,0.0,0.0
2025-02-12 00:00:00-05:00,47.97351335871364,47.98329997156321,46.56454344080854,46.799373626708984,10600400,0.0,0.0
2025-02-13 00:00:00-05:00,46.955927469225735,47.12226256844869,46.6330364189704,46.848297119140625,8550100,0.0,0.0
2025-02-14 00:00:00-05:00,47.1907568012351,48.03222642672149,46.97549608797127,47.02442169189453,10436100,0.0,0.0
2025-02-18 00:00:00-05:00,47.8071785936762,48.08114403535941,46.87764818903775,47.7876091003418,15377500,0.0,0.0
2025-02-19 00:00:00-05:00,48.433393061261164,51.04585913781421,48.23770183774604,49.89128875732422,27240600,0.0,0.0
2025-02-20 00:00:00-05:00,50.06740460606278,51.44702599306732,49.402060446637876,50.96758270263672,14179400,0.0,0.0
2025-02-21 00:00:00-05:00,50.683830020752126,50.86973835252044,49.30421238275817,49.33356475830078,13892900,0.0,0.0
2025-02-24 00:00:00-05:00,48.991107177778154,49.313998233751825,48.433389656095784,48.7856330871582,11141700,0.0,0.0
2025-02-25 00:00:00-05:00,48.7367106542453,48.88347626049117,47.52342815378305,47.83653259277344,11145300,0.0,0.0
2025-02-26 00:00:00-05:00,47.96373426892785,48.13985598914725,47.22010839855717,47.50386047363281,7218800,0.0,0.0
2025-02-27 00:00:00-05:00,47.8463243758665,48.364902959133644,47.29838968217876,47.60171127319336,10408400,0.0,0.0
2025-02-28 00:00:00-05:00,47.435365685320974,47.875669954097,46.72109597486174,47.7876091003418,12687900,0.0,0.0
2025-03-03 00:00:00-05:00,48.090934002916974,48.335547087911465,44.881607789689596,45.44911193847656,24994100,0.0,0.0
2025-03-04 00:00:00-05:00,45.24363737272452,46.398207688001115,44.24561554841816,45.52738571166992,15598000,0.0,0.0
2025-03-05 00:00:00-05:00,45.00880498547674,45.06751346611405,43.73681776499573,44.529361724853516,18198700,0.0,0.0
2025-03-06 00:00:00-05:00,44.17712100343655,45.11643427662943,43.94229081888874,44.72505187988281,10782900,0.0,0.0
2025-03-07 00:00:00-05:00,45.35126592881644,46.46670476769474,45.204500312582155,46.22209167480469,11347800,0.0,0.0
2025-03-10 00:00:00-04:00,46.32043115659977,46.900666025722884,45.877882253478575,46.57612991333008,12525900,0.24,0.0
2025-03-11 00:00:00-04:00,46.703979508791086,47.18586726158138,45.33698269096718,45.51400375366211,11418700,0.0,0.0
2025-03-12 00:00:00-04:00,45.50417095375527,45.8188742317836,45.03211603671277,45.33698272705078,8700000,0.0,0.0
2025-03-13 00:00:00-04:00,45.041951837492284,45.86804893457988,44.21585474040468,44.69774627685547,11483300,0.0,0.0
2025-03-14 00:00:00-04:00,44.99277980596119,45.94672628322041,44.85509758276073,45.75986862182617,12177400,0.0,0.0
2025-03-17 00:00:00-04:00,45.75986986902481,46.72364920925534,45.740200443523044,46.477787017822266,10750900,0.0,0.0
2025-03-18 00:00:00-04:00,46.91050362426381,47.058018677963446,46.15324767695003,46.861331939697266,8347400,0.0,0.0
2025-03-19 00:00:00-04:00,46.772825284462435,47.6775963604841,46.772825284462435,47.166202545166016,9812700,0.0,0.0
2025-03-20 00:00:00-04:00,46.84166639887455,47.36289305129749,46.389277109304345,47.166202545166016,9062300,0.0,0.0
2025-03-21 00:00:00-04:00,46.94000682113218,47.3333878086305,46.73348349089718,47.14653015136719,23304400,0.0,0.0
2025-03-24 00:00:00-04:00,46.83182391131305,47.74643146079574,46.77281939299733,47.12685775756836,10159500,0.0,0.0
2025-03-25 00:00:00-04:00,47.559582579155084,48.47419022502802,47.4710720407945,48.198822021484375,11109300,0.0,0.0
2025-03-26 00:00:00-04:00,48.70037815045599,49.6346551288626,48.46434882109348,48.926570892333984,11290200,0.0,0.0
2025-03-27 00:00:00-04:00,48.77905466264756,49.339620128915264,48.20865635993618,48.69054412841797,10818000,0.0,0.0
2025-03-28 00:00:00-04:00,48.651207551786,48.67087697563441,47.4317295340979,48.02180099487305,7897800,0.0,0.0
2025-03-31 00:00:00-04:00,47.608752743805894,48.956076449919614,47.608752743805894,48.54302978515625,8510500,0.0,0.0
2025-04-01 00:00:00-04:00,48.306998125902155,48.533190872184086,47.79560436195904,48.37583923339844,5909200,0.0,0.0
2025-04-02 00:00:00-04:00,47.8841165875319,48.54302917745791,47.805442641134846,48.513526916503906,6164700,0.0,0.0
2025-04-03 00:00:00-04:00,45.73036608405785,46.281098725093834,43.05538432982477,43.17340087890625,24998800,0.0,0.0
2025-04-04 00:00:00-04:00,41.70805893125995,42.081770485136765,38.94456675262711,39.86901092529297,44692200,0.0,0.0
2025-04-07 00:00:00-04:00,38.28565983716324,40.13454452308999,37.04651232101474,38.108638763427734,26817800,0.0,0.0
2025-04-08 00:00:00-04:00,39.042918069311845,39.17076746361423,34.76491354286863,35.51233673095703,24882100,0.0,0.0
2025-04-09 00:00:00-04:00,34.95176731762999,40.14437519656584,34.2043442128989,39.56414031982422,40101200,0.0,0.0
2025-04-10 00:00:00-04:00,38.02012625270439,38.039795676715976,35.23696840734773,35.86637496948242,26434100,0.0,0.0
2025-04-11 00:00:00-04:00,36.01389216679438,37.32188080476066,35.07961510418407,37.046512603759766,17827100,0.0,0.0
2025-04-14 00:00:00-04:00,38.0594632423779,38.128304347277606,36.79081359226824,37.272705078125,12666700,0.0,0.0
2025-04-15 00:00:00-04:00,37.01701053190526,37.990626449882335,36.997341106621356,37.17436218261719,9350300,0.0,0.0
2025-04-16 00:00:00-04:00,37.371049791769124,38.62986290004563,37.351380368007426,37.813602447509766,11399400,0.0,0.0
2025-04-17 00:00:00-04:00,38.305330221620366,39.91818559911018,38.216819682535714,39.05274963378906,13297500,0.0,0.0
2025-04-21 00:00:00-04:00,38.452842340512525,38.452842340512525,37.72509240960961,38.374168395996094,8489100,0.0,0.0
2025-04-22 00:00:00-04:00,38.94456626374436,39.7018221982386,38.58069130224108,39.30844497680664,7442100,0.0,0.0
2025-04-23 00:00:00-04:00,40.02636037424757,40.39023532039233,38.83638842093711,39.17076110839844,10980000,0.0,0.0
2025-04-24 00:00:00-04:00,39.387117110229816,39.95751911969501,39.17076096143166,39.701820373535156,7860600,0.0,0.0
2025-04-25 00:00:00-04:00,39.28877608411672,39.77066384340797,39.121587855289825,39.69198989868164,6409300,0.0,0.0
2025-04-28 00:00:00-04:00,39.57397640060951,40.15421126991777,39.505131541807096,39.83950424194336,5504000,0.0,0.0
2025-04-29 00:00:00-04:00,39.22977008396637,39.878846109676935,39.1510961346835,39.68215560913086,6906800,0.0,0.0
2025-04-30 00:00:00-04:00,38.983906069856666,39.00357549414573,38.2266501167437,38.757713317871094,11058000,0.0,0.0
2025-05-01 00:00:00-04:00,38.66920271771219,40.144375772817874,38.580692184343484,39.77066421508789,10678200,0.0,0.0
2025-05-02 00:00:00-04:00,40.22305196584567,40.47874696848389,39.092084498596044,39.93785095214844,10594800,0.0,0.0
2025-05-05 00:00:00-04:00,39.042913222916695,39.052746058999666,38.10863622955768,38.16764450073242,15394600,0.0,0.0
2025-05-06 00:00:00-04:00,38.65936975107652,39.19042919793992,38.32499704298375,38.62986373901367,9333600,0.0,0.0
2025-05-07 00:00:00-04:00,38.83639280805902,38.86589507007515,38.07913681998441,38.36433410644531,12661300,0.0,0.0
2025-05-08 00:00:00-04:00,39.416625180480004,41.1573260553088,38.99374194489409,40.754112243652344,22520500,0.0,0.0
2025-05-09 00:00:00-04:00,41.27534624828269,41.63922124425255,40.7541158469644,41.46220016479492,11651300,0.0,0.0
2025-05-12 00:00:00-04:00,43.38975875062162,44.18635360614348,42.98654490434596,43.134063720703125,17874200,0.0,0.0
2025-05-13 00:00:00-04:00,43.212736015735224,43.95032256613855,42.95704099561478,43.65528869628906,12907900,0.0,0.0
2025-05-14 00:00:00-04:00,43.15372720183172,43.33074825645167,42.8881956199018,43.09471893310547,8668100,0.0,0.0
2025-05-15 00:00:00-04:00,42.29812614827237,42.69150712156705,41.698225603758516,42.65216827392578,10017100,0.0,0.0
2025-05-16 00:00:00-04:00,42.93737004697774,43.07505226458412,41.95392134800751,42.327632904052734,7579000,0.0,0.0
2025-05-19 00:00:00-04:00,41.82607449856389,41.84574392392103,41.196667893372506,41.609718322753906,8309800,0.0,0.0
2025-05-20 00:00:00-04:00,41.60971866602698,41.658890354045845,41.02948374366196,41.206504821777344,5922200,0.0,0.0
2025-05-21 00:00:00-04:00,41.24583648650454,41.24583648650454,40.42957602899942,40.44924545288086,11243000,0.0,0.0
2025-05-22 00:00:00-04:00,40.154211832510235,40.64593617774367,39.49529925908674,40.40007400512695,8588500,0.0,0.0
2025-05-23 00:00:00-04:00,39.908346471619,40.734439704117975,39.74115825678559,40.60659408569336,6511700,0.0,0.0
2025-05-27 00:00:00-04:00,40.81312428205187,40.96064309935773,40.3804081703457,40.93113708496094,7682400,0.0,0.0
2025-05-28 00:00:00-04:00,41.13766262034617,41.35401879221948,40.37057005161231,40.43941116333008,6722300,0.0,0.0
2025-05-29 00:00:00-04:00,40.704939716206674,40.82295250577923,40.20338254685413,40.773780822753906,5927100,0.0,0.0
2025-05-30 00:00:00-04:00,40.380402041584524,40.46891256822242,39.83950229459801,40.10503387451172,8919900,0.0,0.0
2025-06-02 00:00:00-04:00,41.09832153507943,41.34418370685919,40.32139617188121,40.754112243652344,8003700,0.0,0.0
2025-06-03 00:00:00-04:00,40.8032859523349,42.31779401521475,40.282055619161746,41.983421325683594,12204400,0.0,0.0
2025-06-04 00:00:00-04:00,41.95392182932043,42.50465445762325,41.01964480426849,41.21633529663086,11577600,0.0,0.0
2025-06-05 00:00:00-04:00,41.58021221822326,41.61955106885171,41.009813890347736,41.12782669067383,7011700,0.0,0.0
2025-06-06 00:00:00-04:00,41.43269318105876,42.130940830714096,41.43269318105876,41.835906982421875,6850100,0.0,0.0
2025-06-09 00:00:00-04:00,42.28829696975953,42.907870743241446,42.0129325155717,42.52432632446289,9766700,0.0,0.0
2025-06-10 00:00:00-04:00,42.959453432959805,43.928611951144894,42.83089424485734,43.42425537109375,9153400,0.24,0.0
2025-06-11 00:00:00-04:00,43.879169277674485,44.47253422317449,43.3550334491064,44.343971252441406,9400300,0.0,0.0
2025-06-12 00:00:00-04:00,43.978061545212576,44.274742106238136,43.56270574177838,44.26485061645508,9681800,0.0,0.0
2025-06-13 00:00:00-04:00,46.04494480162039,46.12405786302011,45.085673939347586,45.936161041259766,23657400,0.0,0.0
2025-06-16 00:00:00-04:00,45.580143313545555,46.064724495026425,44.35385878270508,44.82855224609375,19689000,0.0,0.0
2025-06-17 00:00:00-04:00,45.47135925292969,46.193283388857765,44.917552730951385,45.47135925292969,16066800,0.0,0.0
2025-06-18 00:00:00-04:00,45.7482608821276,46.292179689104096,44.63076388642647,44.84832763671875,15678200,0.0,0.0
2025-06-20 00:00:00-04:00,45.05600735259964,45.3922463542048,44.85821903886161,45.1252326965332,23635500,0.0,0.0
2025-06-23 00:00:00-04:00,46.3712893360413,46.80642434957508,43.11768331438204,43.46381378173828,27895500,0.0,0.0
2025-06-24 00:00:00-04:00,42.158416785029225,43.068237692279205,41.69361484143521,42.010074615478516,20545100,0.0,0.0
2025-06-25 00:00:00-04:00,41.96062848948224,42.366092810817754,41.64416871539101,41.95073699951172,13625500,0.0,0.0
2025-06-26 00:00:00-04:00,42.02985734216536,42.761672988728236,41.90129436928977,42.68255615234375,11949000,0.0,0.0
2025-06-27 00:00:00-04:00,42.821007079599305,42.8308985704511,41.86173995438839,42.12874984741211,20707000,0.0,0.0
2025-06-30 00:00:00-04:00,41.92107022491608,41.97051635745174,41.46615976959099,41.54527282714844,9624100,0.0,0.0
2025-07-01 00:00:00-04:00,41.604610171866995,42.76166928246521,41.18925813434327,42.38587188720703,10608100,0.0,0.0
2025-07-02 00:00:00-04:00,42.94956948502048,43.54293066333249,42.29687067987792,43.44403839111328,8795800,0.0,0.0
2025-07-03 00:00:00-04:00,43.266029327706626,43.572601407899505,43.1671370553855,43.31547546386719,4579200,0.0,0.0
2025-07-07 00:00:00-04:00,43.028678951987125,43.68137770257754,42.316646352023604,42.87044906616211,12454500,0.0,0.0
2025-07-08 00:00:00-04:00,42.88034338771004,45.36257559285038,42.83089725246788,45.24390411376953,15729000,0.0,0.0
2025-07-09 00:00:00-04:00,45.075782755595,45.34279261822535,44.72965229265174,45.06589126586914,8685300,0.0,0.0
2025-07-10 00:00:00-04:00,44.788993575689425,45.441692368538476,44.23518705319697,45.342796325683594,7672500,0.0,0.0
2025-07-11 00:00:00-04:00,45.18456627262607,45.926269615218416,45.10545321111533,45.79771041870117,7604600,0.0,0.0
2025-07-14 00:00:00-04:00,45.45158043093787,45.45158043093787,44.09673669979653,44.57142639160156,10955100,0.0,0.0
2025-07-15 00:00:00-04:00,44.442860453080414,44.64064875458127,42.01007453036464,42.217750549316406,29967100,0.0,0.0
2025-07-16 00:00:00-04:00,42.425430389505074,42.58366027638792,41.584831050285246,42.158416748046875,13669000,0.0,0.0
2025-07-17 00:00:00-04:00,42.10897027371955,43.13746264385535,41.89140276633599,43.0682373046875,11308200,0.0,0.0
2025-07-18 00:00:00-04:00,43.54292693332981,44.05717500431427,42.781444430477706,43.1374626159668,11723900,0.0,0.0
2025-07-21 00:00:00-04:00,43.26602580935456,43.41436797827157,42.48476409505468,42.524322509765625,7429400,0.0,0.0
2025-07-22 00:00:00-04:00,42.67266449688265,43.34514245411148,42.56388074314004,43.078128814697266,7747700,0.0,0.0
2025-07-23 00:00:00-04:00,43.29569597381298,43.98795319306159,43.05835301278385,43.948394775390625,7440800,0.0,0.0
2025-07-24 00:00:00-04:00,43.8396147314341,44.38352976999442,43.602267998199565,44.136295318603516,7445100,0.0,0.0
2025-07-25 00:00:00-04:00,44.1758499076234,44.49231347570032,43.8000562581853,44.21540832519531,5640800,0.0,0.0
2025-07-28 00:00:00-04:00,44.60109311232769,45.10545350113244,44.53186776837383,45.04611587524414,7675600,0.0,0.0
2025-07-29 00:00:00-04:00,44.917549130011395,45.135116634149945,44.126399713823005,44.95710754394531,12012500,0.0,0.0
2025-07-30 00:00:00-04:00,44.62086893691038,44.729652689872935,43.55281815941017,43.918724060058594,7880400,0.0,0.0
2025-07-31 00:00:00-04:00,43.434146877492694,44.30441320805674,43.355033814258704,43.45392608642578,8419300,0.0,0.0
2025-08-01 00:00:00-04:00,43.10779577521982,43.2462464537354,42.05952042396202,42.929786682128906,14411600,0.0,0.0
2025-08-04 00:00:00-04:00,42.36609267982522,43.008903715990684,42.15841666106336,42.38587188720703,13041700,0.0,0.0
2025-08-05 00:00:00-04:00,42.51443478422108,42.652885463184894,41.98040750321946,42.60343933105469,7979600,0.0,0.0
2025-08-06 00:00:00-04:00,42.83089474152767,43.3451428173949,41.85184472213662,42.06941223144531,14901400,0.0,0.0
2025-08-07 00:00:00-04:00,43.41437161094427,44.63076467135135,43.03857418474178,43.1077995300293,19232400,0.0,0.0
2025-08-08 00:00:00-04:00,43.22646692935178,44.3637468188123,42.979232498816714,43.82971954345703,13395700,0.0,0.0
2025-08-11 00:00:00-04:00,43.859386674113935,43.958282710291705,43.137462586257385,43.22646713256836,8904100,0.0,0.0
2025-08-12 00:00:00-04:00,43.38470068277034,44.24507929395413,43.1473577208908,43.66160583496094,8256700,0.0,0.0
2025-08-13 00:00:00-04:00,43.55281804611727,44.29452133529843,43.39458816199188,44.25496292114258,8117400,0.0,0.0
2025-08-14 00:00:00-04:00,44.126403761551444,44.34397128564753,43.49348417054282,44.27474594116211,6943700,0.0,0.0
2025-08-15 00:00:00-04:00,44.195625354495384,44.57142274444411,43.84949866144921,44.116512298583984,8764800,0.0,0.0
2025-08-18 00:00:00-04:00,43.49348439283041,44.126403987073765,43.18691231390075,43.72093963623047,8605500,0.0,0.0
2025-08-19 00:00:00-04:00,43.562706023183196,44.16595863891425,43.226467045849404,43.47370147705078,7332500,0.0,0.0
2025-08-20 00:00:00-04:00,43.463813668029545,43.92861183240913,43.13746240873299,43.7802734375,8073900,0.0,0.0
2025-08-21 00:00:00-04:00,43.641826448810555,44.413196730533784,43.32536665259086,44.06707000732422,6643800,0.0,0.0
2025-08-22 00:00:00-04:00,44.32419164996332,45.51091775792384,44.26485402419089,45.323020935058594,11276800,0.0,0.0
2025-08-25 00:00:00-04:00,45.224124654732435,45.975719487245065,45.03622783285342,45.886714935302734,8649200,0.0,0.0
2025-08-26 00:00:00-04:00,45.54058458692154,45.866935869222765,45.036227972681274,45.530696868896484,8983800,0.0,0.0
2025-08-27 00:00:00-04:00,45.44169195788243,46.608638845536305,45.36257512431351,46.35151290893555,8590700,0.0,0.0
2025-08-28 00:00:00-04:00,46.46029640478766,47.07343677146905,46.074611274576824,46.984432220458984,7998600,0.0,0.0
2025-08-29 00:00:00-04:00,47.0239906222495,47.49868030332131,46.915206862993784,47.08332824707031,5796600,0.0,0.0
2025-09-02 00:00:00-04:00,46.925094397181454,47.577793125189224,46.539409299608394,47.518455505371094,7540100,0.0,0.0
2025-09-03 00:00:00-04:00,47.11299177269064,47.54812677830613,45.540580667166424,45.78781509399414,9513100,0.0,0.0
2025-09-04 00:00:00-04:00,45.787818796981654,46.28228769062616,44.502200428005594,46.094390869140625,7596300,0.0,0.0
2025-09-05 00:00:00-04:00,45.72848522425401,45.72848522425401,44.72965594037472,45.40213394165039,9840600,0.0,0.0
2025-09-08 00:00:00-04:00,45.63947703016812,45.71859008562395,44.27474192794857,44.877994537353516,7573700,0.0,0.0
2025-09-09 00:00:00-04:00,45.23401664657233,45.777931682249104,44.6109847760707,44.64065170288086,6085800,0.0,0.0
2025-09-10 00:00:00-04:00,44.8693227427287,46.04250717163086,44.720187650389484,46.04250717163086,7474700,0.24,0.0
2025-09-11 00:00:00-04:00,45.43602958743131,45.992792502450534,45.3266643597917,45.754180908203125,5064700,0.0,0.0
2025-09-12 00:00:00-04:00,45.992792619222186,46.281118439610836,45.396259839426214,45.40620040893555,5328100,0.0,0.0
2025-09-15 00:00:00-04:00,45.59510600555799,45.67464194074129,44.919033489516565,45.207359313964844,5727400,0.0,0.0
2025-09-16 00:00:00-04:00,45.51556437474221,47.603436631458905,45.43602844288424,47.484127044677734,13816500,0.0,0.0
2025-09-17 00:00:00-04:00,47.066554519632014,47.71280150224744,46.67880784712787,46.91741943359375,8920100,0.0,0.0
2025-09-18 00:00:00-04:00,46.79811522005267,47.31511206506392,46.47996389891697,47.08644104003906,8438100,0.0,0.0
2025-09-19 00:00:00-04:00,47.08644150408924,47.08644150408924,45.714411547755454,45.833717346191406,14274600,0.0,0.0
2025-09-22 00:00:00-04:00,45.48574119295492,45.992793688301376,45.17753043372047,45.49568176269531,9758200,0.0,0.0
2025-09-23 00:00:00-04:00,45.84365996256458,46.96713391698435,45.73429473788706,46.1518669128418,8996700,0.0,0.0
2025-09-24 00:00:00-04:00,46.62910024621535,47.185863176871024,46.38054428284035,46.61915588378906,7333500,0.0,0.0
2025-09-25 00:00:00-04:00,46.390482661982915,46.93730499705363,46.19163714214007,46.71857833862305,7482300,0.0,0.0
2025-09-26 00:00:00-04:00,46.93730808007071,48.239742717560446,46.80806170744688,47.19580841064453,10208700,0.0,0.0
2025-09-29 00:00:00-04:00,47.97130153985296,48.59766363744851,47.41453480947213,47.822166442871094,18526900,0.0,0.0
2025-09-30 00:00:00-04:00,47.165978652570786,49.164370739279086,46.171754790472775,46.97707748413086,16686200,0.0,0.0
2025-10-01 00:00:00-04:00,47.18586231927776,47.71280353106656,46.857770425770525,47.44436264038086,9794100,0.0,0.0
2025-10-02 00:00:00-04:00,47.58355124566063,47.64320224581843,43.58677115058884,43.974517822265625,44032900,0.0,0.0
2025-10-03 00:00:00-04:00,44.71024816193678,45.06816935807535,44.31255710119103,44.590938568115234,17360500,0.0,0.0
2025-10-06 00:00:00-04:00,44.74007292289321,45.71441183364999,44.392096095002564,45.13776397705078,13261400,0.0,0.0
2025-10-07 00:00:00-04:00,44.98862891218943,45.14770457542104,44.551171786468245,45.06816864013672,8613800,0.0,0.0
2025-10-08 00:00:00-04:00,45.10793426962051,45.197414566353274,44.40203625798586,44.779842376708984,7592600,0.0,0.0
2025-10-09 00:00:00-04:00,45.09799223042957,45.475798336840974,44.14353829149185,44.26284408569336,12263700,0.0,0.0
2025-10-10 00:00:00-04:00,43.86515447542891,43.87509883765591,41.90653610229492,41.90653610229492,17095100,0.0,0.0
2025-10-13 00:00:00-04:00,42.62237401076026,42.62237401076026,41.88665050941699,42.17497253417969,8521500,0.0,0.0
2025-10-14 00:00:00-04:00,41.6977456101313,42.28433781514108,41.28017342656309,42.03578186035156,9011800,0.0,0.0
2025-10-15 00:00:00-04:00,42.25451358011242,42.32410894612545,41.39948046319466,41.63809585571289,8304400,0.0,0.0
2025-10-16 00:00:00-04:00,41.7474614206491,41.846882289275435,40.27600677487086,40.802947998046875,10736400,0.0,0.0
2025-10-17 00:00:00-04:00,40.564332662784366,40.83277355966265,40.28595119609417,40.66375732421875,9536600,0.0,0.0
2025-10-20 00:00:00-04:00,40.72340771664834,41.22051963836327,40.60410191738239,40.79300308227539,8811000,0.0,0.0
2025-10-21 00:00:00-04:00,40.76317872542115,41.11115556332902,40.385372592361826,40.67369842529297,8563800,0.0,0.0
2025-10-22 00:00:00-04:00,40.98190777797559,41.618210426878946,40.663756453523916,41.48896026611328,11053000,0.0,0.0
2025-10-23 00:00:00-04:00,42.89081694024712,43.099603041711404,42.47324473731856,42.632320404052734,13814600,0.0,0.0
2025-10-24 00:00:00-04:00,42.751624673931644,42.93058526667742,42.28433826035514,42.3241081237793,7213300,0.0,0.0
2025-10-27 00:00:00-04:00,42.60249023331364,42.71185546306951,41.86676671204084,42.055667877197266,7546400,0.0,0.0
2025-10-28 00:00:00-04:00,41.75740208196694,41.866767313293415,40.574277055003236,40.59416198730469,13300100,0.0,0.0
2025-10-29 00:00:00-04:00,40.5643306015865,40.882481916684206,40.236238717181976,40.345603942871094,10870100,0.0,0.0
2025-10-30 00:00:00-04:00,40.08710628063246,41.091274516872154,39.858435244821216,40.46491241455078,9556000,0.0,0.0
2025-10-31 00:00:00-04:00,40.56432984127395,41.111152166807415,40.415198548489975,40.96202087402344,7211600,0.0,0.0
2025-11-03 00:00:00-05:00,40.81288586645957,40.86259629748242,40.087102954070104,40.68363571166992,7293400,0.0,0.0
2025-11-04 00:00:00-05:00,39.98768239368029,40.05727775616985,39.52039599468227,39.84849166870117,7720900,0.0,0.0
2025-11-05 00:00:00-05:00,39.84849287019076,40.19646969313057,39.5203971862793,39.5203971862793,8251300,0.0,0.0
2025-11-06 00:00:00-05:00,39.76895239607955,40.44502489022593,39.59993616887438,40.06721878051758,9987600,0.0,0.0
2025-11-07 00:00:00-05:00,40.17658527049901,41.08132881426903,40.0771644034459,41.071388244628906,10788500,0.0,0.0
2025-11-10 00:00:00-05:00,41.379595009062136,41.578440534874915,40.653812063608996,41.558555603027344,11909200,0.0,0.0
2025-11-11 00:00:00-05:00,42.1749721912691,43.169196001069835,41.55855449113824,41.6082649230957,18086700,0.0,0.0
2025-11-12 00:00:00-05:00,41.11115353832301,41.90653563035684,41.10121296887089,41.68780517578125,10927200,0.0,0.0
2025-11-13 00:00:00-05:00,41.916477261373174,42.20480308740434,41.42930590729763,41.777286529541016,8678800,0.0,0.0
2025-11-14 00:00:00-05:00,41.78722519711462,42.8411037929137,41.677859972035314,42.51300811767578,8617300,0.0,0.0
2025-11-17 00:00:00-05:00,42.29428461776632,42.423530990997605,41.37959667917519,41.44919204711914,8093900,0.0,0.0
2025-11-18 00:00:00-05:00,41.26029001567596,42.413589536696776,40.962023617468745,42.27439880371094,7963200,0.0,0.0
2025-11-19 00:00:00-05:00,41.30005921574602,41.52873024378165,40.703522636265134,41.21057891845703,7098200,0.0,0.0
2025-11-20 00:00:00-05:00,41.52872866964308,42.363876815129814,40.932192112773805,40.971961975097656,9657700,0.0,0.0
2025-11-21 00:00:00-05:00,40.77311745389947,41.30005866092819,40.16664410560246,41.20063400268555,9210600,0.0,0.0
2025-11-24 00:00:00-05:00,41.160867400854904,41.359709129448234,40.38537024722203,41.19069290161133,8834400,0.0,0.0
2025-11-25 00:00:00-05:00,40.97196136875192,41.29011267730874,40.61404019845981,41.170806884765625,7738500,0.0,0.0
2025-11-26 00:00:00-05:00,41.15092248548447,41.76734017969333,41.09127148477372,41.180747985839844,7116400,0.0,0.0
2025-11-28 00:00:00-05:00,41.18074887561323,42.08549619434468,41.150923374613434,41.75740051269531,4155500,0.0,0.0
2025-12-01 00:00:00-05:00,41.588383623921786,42.49312713564185,41.54861376144417,42.095436096191406,7506300,0.0,0.0
2025-12-02 00:00:00-05:00,41.98607044481918,41.98607044481918,41.17080723561203,41.73751449584961,7984700,0.0,0.0
2025-12-03 00:00:00-05:00,42.045727801464004,42.652204960752776,42.01589850675826,42.204803466796875,7062900,0.0,0.0
2025-12-04 00:00:00-05:00,42.25451434172465,42.48318537598383,42.05566880981922,42.42353057861328,4929900,0.0,0.0
2025-12-05 00:00:00-05:00,42.314167609918236,42.96041082442771,42.1451475864747,42.18491744995117,10015000,0.0,0.0
2025-12-08 00:00:00-05:00,41.60826510979438,41.86676542539367,40.952077544088056,41.121097564697266,12415600,0.0,0.0
2025-12-09 00:00:00-05:00,40.91231409767999,41.538672410116554,40.80294886427145,41.310001373291016,7143500,0.0,0.0
2025-12-10 00:00:00-05:00,41.4900016784668,41.779998779296875,41.16999816894531,41.75,9376800,0.24,0.0
2025-12-11 00:00:00-05:00,41.099998474121094,41.63999938964844,40.900001525878906,41.20000076293945,8317200,0.0,0.0
2025-12-12 00:00:00-05:00,41.349998474121094,41.52000045776367,40.90999984741211,41.06999969482422,6832700,0.0,0.0
2025-12-15 00:00:00-05:00,41.02000045776367,41.040000915527344,39.77000045776367,40.189998626708984,11340900,0.0,0.0
2025-12-16 00:00:00-05:00,39.790000915527344,39.83000183105469,38.79999923706055,38.91999816894531,13132400,0.0,0.0
2025-12-17 00:00:00-05:00,39.310001373291016,40.880001068115234,39.2599983215332,40.630001068115234,13941400,0.0,0.0
2025-12-18 00:00:00-05:00,40.540000915527344,40.540000915527344,39.540000915527344,39.72999954223633,9025700,0.0,0.0
2025-12-19 00:00:00-05:00,39.75,40.22999954223633,39.56999969482422,39.619998931884766,14408200,0.0,0.0
2025-12-22 00:00:00-05:00,39.90999984741211,40.470001220703125,39.83000183105469,40.27000045776367,10172000,0.0,0.0
2025-12-23 00:00:00-05:00,40.29999923706055,40.439998626708984,39.720001220703125,40.099998474121094,7796400,0.0,0.0
2025-12-24 00:00:00-05:00,40.099998474121094,40.22999954223633,39.939998626708984,40.0,3613600,0.0,0.0
2025-12-26 00:00:00-05:00,39.869998931884766,40.040000915527344,39.45000076293945,39.849998474121094,6111600,0.0,0.0
2025-12-29 00:00:00-05:00,40.09000015258789,40.43000030517578,39.900001525878906,40.40999984741211,10977400,0.0,0.0
2025-12-30 00:00:00-05:00,40.5,41.619998931884766,40.45000076293945,41.459999084472656,10912700,0.0,0.0
2025-12-31 00:00:00-05:00,41.459999084472656,41.5,40.9900016784668,41.119998931884766,6963200,0.0,0.0
2026-01-02 00:00:00-05:00,41.2400016784668,42.7400016784668,41.029998779296875,42.380001068115234,10798300,0.0,0.0
2026-01-05 00:00:00-05:00,43.040000915527344,43.20000076293945,40.38999938964844,41.22999954223633,20512300,0.0,0.0
2026-01-06 00:00:00-05:00,41.369998931884766,42.22999954223633,41.25,41.7400016784668,14049400,0.0,0.0
2026-01-07 00:00:00-05:00,41.40999984741211,41.68000030517578,40.72999954223633,40.9900016784668,10700800,0.0,0.0
2026-01-08 00:00:00-05:00,41.18000030517578,43.689998626708984,41.029998779296875,43.22999954223633,15670700,0.0,0.0
2026-01-09 00:00:00-05:00,43.599998474121094,43.86000061035156,42.68000030517578,42.86000061035156,10168000,0.0,0.0
2026-01-12 00:00:00-05:00,43.0,43.13999938964844,42.25,42.720001220703125,8081800,0.0,0.0
2026-01-13 00:00:00-05:00,43.34000015258789,44.150001525878906,43.04999923706055,43.310001373291016,14046400,0.0,0.0
2026-01-14 00:00:00-05:00,43.5,45.11000061035156,43.45000076293945,44.31999969482422,14345700,0.0,0.0
2026-01-15 00:00:00-05:00,43.529998779296875,43.90999984741211,42.79999923706055,43.16999816894531,14135400,0.0,0.0
2026-01-16 00:00:00-05:00,43.06999969482422,43.31999969482422,42.630001068115234,42.70000076293945,11064200,0.0,0.0
2026-01-20 00:00:00-05:00,42.77000045776367,42.93000030517578,42.04999923706055,42.2400016784668,9322300,0.0,0.0
2026-01-21 00:00:00-05:00,42.720001220703125,43.939998626708984,42.720001220703125,43.5099983215332,9276400,0.0,0.0
2026-01-22 00:00:00-05:00,43.13999938964844,43.33000183105469,42.349998474121094,43.150001525878906,8623200,0.0,0.0
2026-01-23 00:00:00-05:00,43.790000915527344,44.47999954223633,43.689998626708984,44.099998474121094,11408200,0.0,0.0
2026-01-26 00:00:00-05:00,44.650001525878906,44.790000915527344,43.61000061035156,43.91999816894531,10221700,0.0,0.0
2026-01-27 00:00:00-05:00,44.060001373291016,44.599998474121094,43.83000183105469,44.54999923706055,9205800,0.0,0.0
2026-01-28 00:00:00-05:00,45.0,45.18000030517578,44.38999938964844,44.83000183105469,9806200,0.0,0.0
2026-01-29 00:00:00-05:00,46.15999984741211,46.95000076293945,45.310001373291016,45.41999816894531,17850800,0.0,0.0
2026-01-30 00:00:00-05:00,45.2400016784668,45.5,44.34000015258789,45.38999938964844,11482400,0.0,0.0
2026-02-02 00:00:00-05:00,43.86000061035156,44.5,43.650001525878906,43.79999923706055,12146700,0.0,0.0
2026-02-03 00:00:00-05:00,43.9900016784668,45.369998931884766,43.310001373291016,45.2599983215332,11361400,0.0,0.0
2026-02-04 00:00:00-05:00,45.279998779296875,46.779998779296875,45.279998779296875,46.689998626708984,18471800,0.0,0.0
2026-02-05 00:00:00-05:00,45.75,46.040000915527344,44.52000045776367,45.09000015258789,11951500,0.0,0.0
2026-02-06 00:00:00-05:00,44.880001068115234,46.400001525878906,44.849998474121094,46.310001373291016,8746400,0.0,0.0
2026-02-09 00:00:00-05:00,46.25,46.810001373291016,45.970001220703125,46.65999984741211,6827800,0.0,0.0
2026-02-10 00:00:00-05:00,46.72999954223633,46.72999954223633,46.060001373291016,46.27000045776367,8482400,0.0,0.0
2026-02-11 00:00:00-05:00,47.0,47.689998626708984,46.83000183105469,47.2400016784668,11948500,0.0,0.0
2026-02-12 00:00:00-05:00,47.0,47.04999923706055,44.86000061035156,45.4900016784668,12430700,0.0,0.0
2026-02-13 00:00:00-05:00,45.29999923706055,46.529998779296875,45.27000045776367,46.06999969482422,8621500,0.0,0.0
2026-02-17 00:00:00-05:00,46.2599983215332,46.7599983215332,45.060001373291016,45.939998626708984,8315500,0.0,0.0
2026-02-18 00:00:00-05:00,46.540000915527344,47.43000030517578,46.2599983215332,47.11000061035156,14138700,0.0,0.0
2026-02-19 00:00:00-05:00,49.7599983215332,52.220001220703125,49.619998931884766,51.529998779296875,35384000,0.0,0.0
2026-02-20 00:00:00-05:00,51.41999816894531,52.209999084472656,50.599998474121094,51.84000015258789,16536800,0.0,0.0
2026-02-23 00:00:00-05:00,52.25,53.33000183105469,52.0099983215332,52.43000030517578,13782700,0.0,0.0
2026-02-24 00:00:00-05:00,52.334999084472656,52.4900016784668,51.06999969482422,51.95000076293945,9453676,0.0,0.0
