Date,Open,High,Low,Close,Volume,Dividends,Stock Splits
2022-01-03 00:00:00-05:00,10.47785700406367,11.327665207983507,10.421825292658545,10.954122543334961,839700,0.0,0.0
2022-01-04 00:00:00-05:00,10.888755582287338,10.926109768703997,10.160348501865487,10.169687271118164,485000,0.0,0.0
2022-01-05 00:00:00-05:00,10.18836309263342,10.207040629623807,9.936222577421054,9.945560455322266,279500,0.0,0.0
2022-01-06 00:00:00-05:00,9.982912712916091,10.094976132052421,9.861512308273719,10.057621955871582,185200,0.0,0.0
2022-01-07 00:00:00-05:00,10.076299768716954,10.309763619605292,10.001591407680198,10.272409439086914,207500,0.0,0.0
2022-01-10 00:00:00-05:00,10.151008988388766,10.253732770854837,10.057623974490696,10.076300621032715,131800,0.0,0.0
2022-01-11 00:00:00-05:00,10.066959362620297,10.066959362620297,9.478630447256323,9.581355094909668,470500,0.0,0.0
2022-01-12 00:00:00-05:00,9.67474219447173,10.010930728296538,9.544003000734493,9.973576545715332,341400,0.0,0.0
2022-01-13 00:00:00-05:00,10.01093017286487,10.066960998330963,9.768127554261357,9.78680419921875,151800,0.0,0.0
2022-01-14 00:00:00-05:00,9.68408134972642,9.768128486541015,9.534664613431136,9.590696334838867,153100,0.0,0.0
2022-01-18 00:00:00-05:00,9.525326027863139,9.749451136614269,9.422602242334042,9.740113258361816,180200,0.0,0.0
2022-01-19 00:00:00-05:00,9.71209582704523,10.029606806301425,9.71209582704523,9.964237213134766,203700,0.0,0.0
2022-01-20 00:00:00-05:00,10.04828464295651,10.263070964423019,10.001591693326505,10.066961288452148,134900,0.0,0.0
2022-01-21 00:00:00-05:00,9.973574553076409,10.104313720693025,9.898866202840118,9.908204078674316,160600,0.0,0.0
2022-01-24 00:00:00-05:00,9.721435621845984,9.861514481336984,9.487971746621655,9.85217571258545,247900,0.0,0.0
2022-01-25 00:00:00-05:00,9.730771334902641,9.880188025630757,9.590693409993465,9.70275592803955,229500,0.0,0.0
2022-01-26 00:00:00-05:00,9.8241600117666,10.038946343253421,9.768128291477787,9.814821243286133,210700,0.0,0.0
2022-01-27 00:00:00-05:00,9.954897390042447,10.066959919559979,9.814819450793987,9.83349609375,172900,0.0,0.0
2022-01-28 00:00:00-05:00,9.833497693090342,9.992253191708953,9.768128096221723,9.973576545715332,230600,0.0,0.0
2022-01-31 00:00:00-05:00,9.945560539952844,10.244394900184075,9.945560539952844,10.141670227050781,194800,0.0,0.0
2022-02-01 00:00:00-05:00,10.207039642706238,10.33777882662187,10.104314980379506,10.122992515563965,466200,0.0,0.0
2022-02-02 00:00:00-05:00,10.197698653831408,10.300422403188758,10.066958607799933,10.085636138916016,204800,0.0,0.0
2022-02-03 00:00:00-05:00,10.020268615128792,10.057623688338005,9.917544835585346,10.038946151733398,226300,0.0,0.0
2022-02-04 00:00:00-05:00,9.982913858070706,10.048284341831277,9.84283590397246,9.964237213134766,198000,0.0,0.0
2022-02-07 00:00:00-05:00,10.020269393920898,10.076301117495634,9.936223144449844,10.020269393920898,110500,0.0,0.0
2022-02-08 00:00:00-05:00,10.001590340884041,10.104314103704311,9.98291280732009,10.010929107666016,177900,0.0,0.0
2022-02-09 00:00:00-05:00,10.122993573278743,10.151008988388766,10.057623974490696,10.076300621032715,92600,0.0,0.0
2022-02-10 00:00:00-05:00,9.954898155721176,10.057622816958654,9.90820520884904,9.92688274383545,103600,0.0,0.0
2022-02-11 00:00:00-05:00,9.94556054512139,10.020268912569525,9.721435442776984,9.768128395080566,206300,0.0,0.0
2022-02-14 00:00:00-05:00,9.758789910716414,9.880191234003828,9.68408154109247,9.805482864379883,227400,0.0,0.0
2022-02-15 00:00:00-05:00,9.917545525989286,9.917545525989286,9.684081645743039,9.758790016174316,151800,0.0,0.0
2022-02-16 00:00:00-05:00,9.768126583168769,9.842834936759084,9.637386519088807,9.721433639526367,121700,0.0,0.0
2022-02-17 00:00:00-05:00,9.702758224511195,9.758789051498882,9.656065274958829,9.693419456481934,97400,0.0,0.0
2022-02-18 00:00:00-05:00,9.656063443788225,9.721433026408523,9.553338796134883,9.581355094909668,145800,0.0,0.0
2022-02-22 00:00:00-05:00,9.553338796134883,9.674740085710981,9.497307979772847,9.581355094909668,337500,0.0,0.0
2022-02-23 00:00:00-05:00,9.562679190330567,9.69341926842194,9.525325009532162,9.60937213897705,150200,0.0,0.0
2022-02-24 00:00:00-05:00,9.600033562723478,9.618711098792401,9.301200110372223,9.450616836547852,376100,0.0,0.0
2022-02-25 00:00:00-05:00,9.413263707439,9.497310847958033,9.235831547916405,9.338555335998535,340200,0.0,0.0
2022-02-28 00:00:00-05:00,9.328241568337669,9.534494400024414,9.30949179859207,9.534494400024414,183900,0.039,0.0
2022-03-01 00:00:00-05:00,9.53449281371802,9.61886899873723,9.20636340399458,9.271989822387695,464600,0.0,0.0
2022-03-02 00:00:00-05:00,9.271989716737309,9.384490997454115,9.131362445280773,9.150113105773926,281900,0.0,0.0
2022-03-03 00:00:00-05:00,9.178238917069113,9.253239776720035,9.06573762759273,9.140738487243652,315500,0.0,0.0
2022-03-04 00:00:00-05:00,9.075111463226447,9.328239099319251,9.046985474931205,9.234488487243652,171700,0.0,0.0
2022-03-07 00:00:00-05:00,9.290738675672886,9.346989758182746,9.20636249894841,9.234488487243652,266300,0.0,0.0
2022-03-08 00:00:00-05:00,9.262614673923686,9.440741483732664,9.243864012848672,9.281364440917969,190400,0.0,0.0
2022-03-09 00:00:00-05:00,9.271990004461193,9.440741483732664,9.271990004461193,9.281364440917969,160400,0.0,0.0
2022-03-10 00:00:00-05:00,9.215739442568758,9.346991395360863,9.215739442568758,9.262615203857422,190600,0.0,0.0
2022-03-11 00:00:00-05:00,9.290740827923512,9.33761659186065,9.19699019413007,9.206364631652832,152100,0.0,0.0
2022-03-14 00:00:00-04:00,9.196990453472102,9.234490886863105,8.925112087867122,9.0188627243042,224800,0.0,0.0
2022-03-15 00:00:00-04:00,9.000112145181362,9.337616015345372,8.971986152107112,9.300115585327148,247900,0.0,0.0
2022-03-16 00:00:00-04:00,9.365742978737726,9.515744728670835,9.271992332070011,9.337617874145508,202200,0.0,0.0
2022-03-17 00:00:00-04:00,9.30949035304577,9.487617161333898,9.30949035304577,9.393866539001465,167000,0.0,0.0
2022-03-18 00:00:00-04:00,9.403241920449556,9.487618114885468,9.318865726013646,9.356366157531738,282200,0.0,0.0
2022-03-21 00:00:00-04:00,9.309491578963346,9.393867776030095,9.290740915579251,9.328241348266602,173300,0.0,0.0
2022-03-22 00:00:00-04:00,9.150114688213135,9.243865324650212,8.915736755999157,9.0188627243042,490900,0.0,0.0
2022-03-23 00:00:00-04:00,9.000112954649126,9.065738489563167,8.85011032700426,9.0188627243042,265600,0.0,0.0
2022-03-24 00:00:00-04:00,9.04698836119565,9.04698836119565,8.88761128633231,9.000113487243652,287700,0.0,0.0
2022-03-25 00:00:00-04:00,9.028238845071371,9.253241465078407,9.009488179696985,9.131364822387695,187500,0.0,0.0
2022-03-28 00:00:00-04:00,9.187616053157033,9.318867136292953,9.065739408758716,9.215741157531738,122900,0.0,0.0
2022-03-29 00:00:00-04:00,9.28136496937873,9.468868014481963,9.271990532388195,9.459492683410645,284400,0.0,0.0
2022-03-30 00:00:00-04:00,9.487617782543817,9.571993974024116,9.421992253206154,9.459492683410645,198400,0.0,0.0
2022-03-31 00:00:00-04:00,9.468867446818425,9.750120209450461,9.459492116309162,9.71261978149414,357200,0.0,0.0
2022-04-01 00:00:00-04:00,9.693868837983143,9.787619449454793,9.57199223839744,9.740744590759277,118000,0.0,0.0
2022-04-04 00:00:00-04:00,9.787621415688625,9.787621415688625,9.590743929742665,9.703246116638184,162600,0.0,0.0
2022-04-05 00:00:00-04:00,9.703246675022626,10.031375241094562,9.703246675022626,9.80637264251709,182800,0.0,0.0
2022-04-06 00:00:00-04:00,9.6657476166344,10.181378421522997,9.628247178204665,10.143877983093262,352400,0.0,0.0
2022-04-07 00:00:00-04:00,10.209503089740354,10.322004390361078,9.965749824688356,10.087626457214355,176100,0.0,0.0
2022-04-08 00:00:00-04:00,10.115751611259846,10.190752478728914,10.03137541183693,10.050126075744629,120600,0.0,0.0
2022-04-11 00:00:00-04:00,10.031374690410463,10.134501546324506,9.890748297539606,10.02199935913086,242100,0.0,0.0
2022-04-12 00:00:00-04:00,10.078251177525313,10.15325204499438,10.012625642010095,10.050126075744629,166500,0.0,0.0
2022-04-13 00:00:00-04:00,10.059501065107051,10.172003266559198,10.003250858461893,10.153252601623535,260100,0.0,0.0
2022-04-14 00:00:00-04:00,10.190751888813507,10.237627651788378,10.078250594122304,10.106375694274902,192200,0.0,0.0
2022-04-18 00:00:00-04:00,10.050123733157793,10.462628408086807,10.050123733157793,10.425127983093262,225600,0.0,0.0
2022-04-19 00:00:00-04:00,10.518881869457298,10.59388273639154,10.265753272993589,10.284503936767578,235800,0.0,0.0
2022-04-20 00:00:00-04:00,10.415755916728564,10.54700789236941,10.303254606499669,10.322005271911621,266900,0.0,0.0
2022-04-21 00:00:00-04:00,10.368880135588814,10.547006971037424,10.247003503300457,10.284503936767578,195200,0.0,0.0
2022-04-22 00:00:00-04:00,10.237628936767578,10.368880910755188,10.078251859097241,10.237628936767578,286500,0.0,0.0
2022-04-25 00:00:00-04:00,10.284503031790836,10.312628130896115,10.031374457600975,10.247002601623535,263800,0.0,0.0
2022-04-26 00:00:00-04:00,10.1907535741709,10.1907535741709,10.003251385342923,10.134503364562988,239000,0.0,0.0
2022-04-27 00:00:00-04:00,10.08762502027045,10.134500779038692,9.98449817216417,10.06887435913086,197600,0.0,0.0
2022-04-28 00:00:00-04:00,10.097001396256506,10.275128225121719,10.012625200553732,10.190752029418945,229100,0.0,0.0
2022-04-29 00:00:00-04:00,10.134502457171783,10.22825309615134,10.003250489703344,10.059500694274902,248300,0.0,0.0
2022-05-02 00:00:00-04:00,9.90949807299185,10.03137469747007,9.646995055543806,9.825121879577637,345000,0.0,0.0
2022-05-03 00:00:00-04:00,9.796996969670388,9.993874460092202,9.796996969670388,9.871997833251953,197600,0.0,0.0
2022-05-04 00:00:00-04:00,9.928248498161095,10.322003461958136,9.928248498161095,10.247002601623535,322000,0.0,0.0
2022-05-05 00:00:00-04:00,10.209503142636613,10.3688802095286,9.97512520827556,10.050126075744629,253900,0.0,0.0
2022-05-06 00:00:00-04:00,10.15325285952781,10.453256353471529,10.05950132062993,10.322005271911621,212800,0.0,0.0
2022-05-09 00:00:00-04:00,10.359505578167303,10.472006886979141,10.087627191685126,10.237628936767578,394900,0.0,0.0
2022-05-10 00:00:00-04:00,10.340753462994066,10.397004556552826,10.097001108454899,10.218876838684082,348000,0.0,0.0
2022-05-11 00:00:00-04:00,10.237628936767578,10.41575578553276,10.162628064226352,10.237628936767578,280500,0.0,0.0
2022-05-12 00:00:00-04:00,10.15325190671971,10.237628104993528,9.890748874152937,9.965749740600586,311200,0.0,0.0
2022-05-13 00:00:00-04:00,10.012625436793861,10.378254434691513,10.012625436793861,10.200127601623535,408900,0.0,0.0
2022-05-16 00:00:00-04:00,10.265753272993589,10.462630772216187,10.172002636366216,10.284503936767578,646800,0.0,0.0
2022-05-17 00:00:00-04:00,10.425129180334107,10.687632185435259,10.340752990888546,10.63138198852539,344000,0.0,0.0
2022-05-18 00:00:00-04:00,10.650132184980691,10.772008808633984,10.340753407276482,10.453254699707031,262600,0.0,0.0
2022-05-19 00:00:00-04:00,10.397003845632451,10.687631942584717,10.397003845632451,10.6220064163208,180100,0.0,0.0
2022-05-20 00:00:00-04:00,10.63138400576586,10.697009545973005,10.453256262230852,10.55638313293457,345900,0.0,0.0
2022-05-23 00:00:00-04:00,10.593882595182384,10.781384760018714,10.537631498691061,10.753259658813477,142300,0.0,0.0
2022-05-24 00:00:00-04:00,10.8282606291899,10.912636827700295,10.622007798840142,10.678258895874023,703700,0.0,0.0
2022-05-25 00:00:00-04:00,10.612631754170508,10.7345083778238,10.453254699707031,10.453254699707031,339900,0.0,0.0
2022-05-26 00:00:00-04:00,10.528255184923509,10.668882465994615,10.518880748116713,10.593881607055664,305100,0.0,0.0
2022-05-27 00:00:00-04:00,10.659508308471112,10.84701047645812,10.62200787487371,10.76263427734375,544800,0.0,0.0
2022-05-31 00:00:00-04:00,10.772042126186342,10.819081791678517,10.630924026916812,10.715595245361328,295700,0.04,0.0
2022-06-01 00:00:00-04:00,10.73440977066201,10.819080982775974,10.64033134391855,10.772041320800781,230900,0.0,0.0
2022-06-02 00:00:00-04:00,10.781451772247877,10.913162674918738,10.71559676951601,10.809675216674805,206500,0.0,0.0
2022-06-03 00:00:00-04:00,10.762634249632583,10.979016356758278,10.762634249632583,10.837898254394531,214000,0.0,0.0
2022-06-06 00:00:00-04:00,10.875529602877709,11.007239590009084,10.762634046469394,10.781450271606445,304400,0.0,0.0
2022-06-07 00:00:00-04:00,10.753227034093477,10.969608244012157,10.743818921347358,10.837898254394531,188500,0.0,0.0
2022-06-08 00:00:00-04:00,10.772041528687877,10.960199283012937,10.772041528687877,10.828489303588867,213000,0.0,0.0
2022-06-09 00:00:00-04:00,10.83789687936008,10.903751865813687,10.725001335144043,10.725001335144043,143400,0.0,0.0
2022-06-10 00:00:00-04:00,10.687370263442563,10.687370263442563,10.5086206219968,10.621515274047852,234500,0.0,0.0
2022-06-13 00:00:00-04:00,10.630924456430707,10.630924456430707,10.273424240336134,10.61210823059082,472600,0.0,0.0
2022-06-14 00:00:00-04:00,10.574476477062705,10.71559547658432,10.5274368105555,10.696779251098633,846800,0.0,0.0
2022-06-15 00:00:00-04:00,10.725002103576973,10.800265206975572,10.358094698810543,10.602700233459473,805500,0.0,0.0
2022-06-16 00:00:00-04:00,10.461582679839365,10.49921423671189,10.216977111564422,10.3580961227417,412000,0.0,0.0
2022-06-17 00:00:00-04:00,10.29223883165212,10.311055056144047,9.774805219021646,9.831252098083496,1099900,0.0,0.0
2022-06-21 00:00:00-04:00,9.878292315022664,9.934740094451023,9.746581427827836,9.859476089477539,334300,0.0,0.0
2022-06-22 00:00:00-04:00,9.765395122926263,10.13230335111839,9.62427615952616,10.122895240783691,283400,0.0,0.0
2022-06-23 00:00:00-04:00,10.17934541991563,10.235793203080581,10.010003864834932,10.160530090332031,209500,0.0,0.0
2022-06-24 00:00:00-04:00,10.24519884779304,10.339277267456055,10.169935753179884,10.339277267456055,265000,0.0,0.0
2022-06-27 00:00:00-04:00,10.386318444885493,10.583884321440664,10.329870667066732,10.508621215820312,409100,0.0,0.0
2022-06-28 00:00:00-04:00,10.442766487490946,10.75322703034868,10.442766487490946,10.696779251098633,243600,0.0,0.0
2022-06-29 00:00:00-04:00,10.734412100064919,10.837899558308852,10.649740869577018,10.809675216674805,189600,0.0,0.0
2022-06-30 00:00:00-04:00,10.781449107252062,10.790857218804549,10.56506702757937,10.725001335144043,328900,0.0,0.0
2022-07-01 00:00:00-04:00,10.753228544460143,10.931978225708008,10.706188871329504,10.931978225708008,132600,0.0,0.0
2022-07-05 00:00:00-04:00,10.837897363384238,10.837897363384238,10.376909746000436,10.621515274047852,346600,0.0,0.0
2022-07-06 00:00:00-04:00,10.640333003019887,10.696779888426098,10.423950883077232,10.649740219116211,227300,0.0,0.0
2022-07-07 00:00:00-04:00,10.772041837894918,10.969607709909015,10.696778734004496,10.734410285949707,279000,0.0,0.0
2022-07-08 00:00:00-04:00,10.696780757261948,11.007241343834176,10.696780757261948,10.931978225708008,349500,0.0,0.0
2022-07-11 00:00:00-04:00,10.847304976578963,10.903752753281324,10.621515664183462,10.800265312194824,218600,0.0,0.0
2022-07-12 00:00:00-04:00,10.753226749138967,10.884936735266352,10.743818636642157,10.85671329498291,240200,0.0,0.0
2022-07-13 00:00:00-04:00,10.81908202890229,10.960200131266037,10.790858587870945,10.837898254394531,213100,0.0,0.0
2022-07-14 00:00:00-04:00,10.67796289405732,10.781449432637205,10.565067346434084,10.772041320800781,170900,0.0,0.0
2022-07-15 00:00:00-04:00,10.819080167557036,10.903751373291016,10.687369303392307,10.903751373291016,229000,0.0,0.0
2022-07-18 00:00:00-04:00,10.950794046916887,11.08250405013983,10.92256970576302,10.960201263427734,244500,0.0,0.0
2022-07-19 00:00:00-04:00,11.035461311809321,11.148356850634922,10.997829764603074,11.044869422912598,235200,0.0,0.0
2022-07-20 00:00:00-04:00,11.035462189337153,11.044870301188551,10.78144944979788,10.91316032409668,266900,0.0,0.0
2022-07-21 00:00:00-04:00,10.894344930807764,10.894344930807764,10.6591474998366,10.781450271606445,201200,0.0,0.0
2022-07-22 00:00:00-04:00,10.781448693542762,10.819080241101798,10.452171979496047,10.54625129699707,187600,0.0,0.0
2022-07-25 00:00:00-04:00,10.555660684219962,10.60270034865691,10.461581355346068,10.593292236328125,231500,0.0,0.0
2022-07-26 00:00:00-04:00,10.565066622173156,10.809672129910322,10.536843185805594,10.54625129699707,618800,0.0,0.0
2022-07-27 00:00:00-04:00,10.555660684219962,10.630923788436288,10.536844459562394,10.593292236328125,315100,0.0,0.0
2022-07-28 00:00:00-04:00,10.621516258469015,10.81908214217085,10.58388470429757,10.687371253967285,688100,0.0,0.0
2022-07-29 00:00:00-04:00,10.696777669853146,10.82848853716183,10.64033079615434,10.743817329406738,717400,0.0,0.0
2022-08-01 00:00:00-04:00,10.725003331129203,10.753227671039376,10.59329333371,10.649740219116211,199400,0.0,0.0
2022-08-02 00:00:00-04:00,10.668555662616276,10.734410656491908,10.565068218289428,10.640332221984863,237200,0.0,0.0
2022-08-03 00:00:00-04:00,10.630923870143839,10.630923870143839,10.40513455575948,10.51802921295166,231300,0.0,0.0
2022-08-04 00:00:00-04:00,10.536845321621087,10.715595881664344,10.442766882257258,10.668556213378906,873200,0.0,0.0
2022-08-05 00:00:00-04:00,10.405135540980298,10.461582426317628,9.784213521820208,10.02881908416748,656300,0.0,0.0
2022-08-08 00:00:00-04:00,10.057041618801046,10.113489396248855,9.671317980729787,9.887700080871582,1109100,0.0,0.0
2022-08-09 00:00:00-04:00,9.83125162137977,9.887699394911513,9.558422659924686,9.727765083312988,782400,0.0,0.0
2022-08-10 00:00:00-04:00,9.72776568568451,9.793620677877039,9.238554608805787,9.266778945922852,651000,0.0,0.0
2022-08-11 00:00:00-04:00,9.266778185628988,9.539607141594155,9.200922301632636,9.389080047607422,446900,0.0,0.0
2022-08-12 00:00:00-04:00,9.417305744120062,9.50197696635362,9.351449850601163,9.360857963562012,287600,0.0,0.0
2022-08-15 00:00:00-04:00,9.313819554981274,9.49257013657225,9.200924875811415,9.407898902893066,506600,0.0,0.0
2022-08-16 00:00:00-04:00,9.398489202538988,9.549015416028809,9.351449536521667,9.454936981201172,369800,0.0,0.0
2022-08-17 00:00:00-04:00,9.389082220501093,9.473753450086742,9.238555988885325,9.304411888122559,353900,0.0,0.0
2022-08-18 00:00:00-04:00,9.304410417343917,9.426713185500708,9.257370753097925,9.342041969299316,315600,0.0,0.0
2022-08-19 00:00:00-04:00,9.342041969299316,9.398488848628931,9.304410417343917,9.342041969299316,185900,0.0,0.0
2022-08-22 00:00:00-04:00,9.285592703883692,9.304408925447827,9.182106176901417,9.238553047180176,346900,0.0,0.0
2022-08-23 00:00:00-04:00,9.257370626738686,9.266778738900861,9.116251635926925,9.210330963134766,383800,0.0,0.0
2022-08-24 00:00:00-04:00,9.163292077419387,9.360857963562012,9.153883964458538,9.360857963562012,389300,0.0,0.0
2022-08-25 00:00:00-04:00,9.41730357300774,9.605461302810692,9.266777389165378,9.520790100097656,500000,0.0,0.0
2022-08-26 00:00:00-04:00,9.530199554169123,9.614870768816548,9.304410246580625,9.351449012756348,352400,0.0,0.0
2022-08-29 00:00:00-04:00,9.351448807163466,9.351448807163466,9.012764853226733,9.088027954101562,808600,0.0,0.0
2022-08-30 00:00:00-04:00,9.031582079757614,9.125660517692506,8.786976526154232,8.805791854858398,547400,0.0,0.0
2022-08-31 00:00:00-04:00,8.785008643778115,8.907809945459096,8.681099364967338,8.860578536987305,503800,0.038,0.0
2022-09-01 00:00:00-04:00,8.832240104458068,8.832240104458068,8.662207393300218,8.803900718688965,461000,0.0,0.0
2022-09-02 00:00:00-04:00,8.813349785330338,8.851134743325341,8.586640037360329,8.596086502075195,287800,0.0,0.0
2022-09-06 00:00:00-04:00,8.56774742783603,8.61497885230944,8.416607590212715,8.586640357971191,565700,0.0,0.0
2022-09-07 00:00:00-04:00,8.577191507411731,8.728331302999988,8.520514534498256,8.681099891662598,359600,0.0,0.0
2022-09-08 00:00:00-04:00,8.681101355126222,8.832242077058085,8.633870836690932,8.775564193725586,214700,0.0,0.0
2022-09-09 00:00:00-04:00,8.841687969034211,8.992828696586749,8.841687969034211,8.955042839050293,318100,0.0,0.0
2022-09-12 00:00:00-04:00,9.021166801452637,9.096736711551273,8.97393538242489,9.021166801452637,226100,0.0,0.0
2022-09-13 00:00:00-04:00,8.898365780636906,8.945597201301126,8.766117982949973,8.822795867919922,295200,0.0,0.0
2022-09-14 00:00:00-04:00,8.851134039086055,8.926703949063349,8.813349084097409,8.832242012023926,225500,0.0,0.0
2022-09-15 00:00:00-04:00,8.822795867196719,8.85113435924716,8.47328479569321,8.605531692504883,384600,0.0,0.0
2022-09-16 00:00:00-04:00,8.605531939180372,8.888919570401281,8.529962024303387,8.870027542114258,687100,0.0,0.0
2022-09-19 00:00:00-04:00,8.860578540872389,9.10618114434204,8.813347132379889,9.077841758728027,336400,0.0,0.0
2022-09-20 00:00:00-04:00,9.030611247140076,9.040056808143085,8.785008643778115,8.860578536987305,453800,0.0,0.0
2022-09-21 00:00:00-04:00,8.89836545803796,9.021166786967159,8.79445705703528,8.832242012023926,316900,0.0,0.0
2022-09-22 00:00:00-04:00,8.832242405514526,9.077844173450488,8.803903012362184,8.955042839050293,422600,0.0,0.0
2022-09-23 00:00:00-04:00,8.841687776693885,8.93615061675124,8.794457257529615,8.879472732543945,537000,0.0,0.0
2022-09-26 00:00:00-04:00,8.888918859297931,8.888918859297931,8.633870642207789,8.699994087219238,505000,0.0,0.0
2022-09-27 00:00:00-04:00,8.756673125729668,8.822796579473746,8.5299624684302,8.586640357971191,586300,0.0,0.0
2022-09-28 00:00:00-04:00,8.61497688293457,8.737778198147383,8.577191932166343,8.61497688293457,671000,0.0,0.0
2022-09-29 00:00:00-04:00,8.605530060075356,8.605530060075356,8.331588953248009,8.407158851623535,374200,0.0,0.0
2022-09-30 00:00:00-04:00,8.397713720011684,8.473283622257057,8.331589379898762,8.341035842895508,307700,0.0,0.0
2022-10-03 00:00:00-04:00,8.454391376630303,8.794456864965525,8.454391376630303,8.72833251953125,527300,0.0,0.0
2022-10-04 00:00:00-04:00,8.756671790109817,8.907811604680385,8.756671790109817,8.813348770141602,397500,0.0,0.0
2022-10-05 00:00:00-04:00,8.785010176191065,8.785010176191065,8.369374790174989,8.463837623596191,427500,0.0,0.0
2022-10-06 00:00:00-04:00,8.41660622263632,8.426052686168987,7.972632346108774,8.02931022644043,567100,0.0,0.0
2022-10-07 00:00:00-04:00,7.953742166475366,8.067097052591185,7.840387280359547,7.868725776672363,338100,0.0,0.0
2022-10-10 00:00:00-04:00,7.840384971997547,7.840384971997547,7.689245168341622,7.717583656311035,227800,0.0,0.0
2022-10-11 00:00:00-04:00,7.670352994225881,7.755369367330888,7.575891058114832,7.642014503479004,364300,0.0,0.0
2022-10-12 00:00:00-04:00,7.604229988996075,7.708138394991781,7.349181305350971,7.3586273193359375,304700,0.0,0.0
2022-10-13 00:00:00-04:00,7.2452707516966806,7.538104323548939,7.131915907837505,7.462534427642822,503200,0.0,0.0
2022-10-14 00:00:00-04:00,7.481427116317138,7.6986903480660684,7.368072269204969,7.4153032302856445,629300,0.0,0.0
2022-10-17 00:00:00-04:00,7.538105517435695,7.944293997479348,7.519213040466972,7.821492671966553,556700,0.0,0.0
2022-10-18 00:00:00-04:00,7.897061560689016,8.01041640787239,7.774260251024299,7.878169536590576,262200,0.0,0.0
2022-10-19 00:00:00-04:00,7.821494321628312,7.91595717682764,7.755370863507514,7.802602291107178,349400,0.0,0.0
2022-10-20 00:00:00-04:00,7.859276997022392,7.99152477565347,7.717583656311035,7.717583656311035,513000,0.0,0.0
2022-10-21 00:00:00-04:00,7.793153170336474,8.019862864538844,7.670351860760796,8.000970840454102,628300,0.0,0.0
2022-10-24 00:00:00-04:00,8.038756571630637,8.123772940444383,7.925401713500423,8.114326477050781,209700,0.0,0.0
2022-10-25 00:00:00-04:00,8.104881028915154,8.369375731017586,8.104881028915154,8.274913787841797,364600,0.0,0.0
2022-10-26 00:00:00-04:00,8.303251966190517,8.341036922202472,8.208789125728426,8.256020545959473,216800,0.0,0.0
2022-10-27 00:00:00-04:00,8.256021113813558,8.501623795216165,8.256021113813558,8.482730865478516,301300,0.0,0.0
2022-10-28 00:00:00-04:00,8.47328233097576,8.5488522217047,8.284357604153413,8.350481033325195,228300,0.0,0.0
2022-10-31 00:00:00-04:00,8.284359183728613,8.331589698791504,8.171003425157554,8.331589698791504,299300,0.0,0.0
2022-11-01 00:00:00-04:00,8.341035751506832,8.426052115817466,8.142664535070114,8.180449485778809,449500,0.0,0.0
2022-11-02 00:00:00-04:00,8.227682363570217,8.312698743010275,8.06709606926443,8.085988998413086,433800,0.0,0.0
2022-11-03 00:00:00-04:00,8.029308902147767,8.09543233424185,7.95373900807904,8.067093849182129,277500,0.0,0.0
2022-11-04 00:00:00-04:00,8.180449278777601,8.237127153838587,8.048202405075736,8.104879379272461,405100,0.0,0.0
2022-11-07 00:00:00-05:00,8.152112767013126,8.265467643737793,7.972633536550711,8.265467643737793,558000,0.0,0.0
2022-11-08 00:00:00-05:00,8.907812125079797,9.153413887672988,8.747225837500936,8.879472732543945,859800,0.0,0.0
2022-11-09 00:00:00-05:00,8.898363803050739,9.096735005062605,8.813347444922194,8.8511323928833,725700,0.0,0.0
2022-11-10 00:00:00-05:00,9.08729031316709,9.143968196582376,8.888919072510177,8.964488983154297,446900,0.0,0.0
2022-11-11 00:00:00-05:00,8.94559536906859,9.011718803936477,8.832240523210398,8.983380317687988,349000,0.0,0.0
2022-11-14 00:00:00-05:00,9.021169145472228,9.030615611905183,8.737781458535975,8.766119956970215,583600,0.0,0.0
2022-11-15 00:00:00-05:00,8.860580634383192,8.91725761727405,8.68110141987854,8.718886375427246,298900,0.0,0.0
2022-11-16 00:00:00-05:00,8.662207342097135,9.002271861538489,8.643314418362744,8.860578536987305,462500,0.0,0.0
2022-11-17 00:00:00-05:00,8.747225702491534,8.841687640226505,8.6716557919578,8.775564193725586,341800,0.0,0.0
2022-11-18 00:00:00-05:00,8.785008695707088,8.879470612344855,8.671653855223253,8.803900718688965,283800,0.0,0.0
2022-11-21 00:00:00-05:00,8.718886375427246,8.794457187389057,8.624424436987683,8.718886375427246,310700,0.0,0.0
2022-11-22 00:00:00-05:00,8.718885761741305,8.936149916502345,8.718885761741305,8.926703453063965,361600,0.0,0.0
2022-11-23 00:00:00-05:00,8.936148430196495,8.936148430196495,8.756670159040715,8.860578536987305,256100,0.0,0.0
2022-11-25 00:00:00-05:00,8.832242405514526,8.992828696586749,8.813349476746298,8.955042839050293,179100,0.0,0.0
2022-11-28 00:00:00-05:00,8.926703689704116,8.95504217990615,8.756671847627558,8.78501033782959,319200,0.0,0.0
2022-11-29 00:00:00-05:00,8.7188857107819,8.728332174165066,8.520515384921373,8.548853874206543,412800,0.0,0.0
2022-11-30 00:00:00-05:00,8.597249624178131,8.881926026895298,8.511846341377295,8.872437477111816,275200,0.041,0.0
2022-12-01 00:00:00-05:00,8.929371606470635,9.024264335632324,8.853457785126938,9.024264335632324,463800,0.0,0.0
2022-12-02 00:00:00-05:00,8.919883090649845,9.109668568932623,8.919883090649845,9.090689659118652,466600,0.0,0.0
2022-12-05 00:00:00-05:00,9.081200044730082,9.081200044730082,8.957839847998386,9.00528621673584,341500,0.0,0.0
2022-12-06 00:00:00-05:00,8.986307080688595,9.090688354796225,8.682650901982958,8.787033081054688,516000,0.0,0.0
2022-12-07 00:00:00-05:00,8.796524556537452,8.92937331685346,8.74907818286846,8.806013107299805,429200,0.0,0.0
2022-12-08 00:00:00-05:00,8.796522929549463,8.900904208343638,8.758565113663428,8.777544021606445,218000,0.0,0.0
2022-12-09 00:00:00-05:00,8.720610120934422,8.98630946079528,8.692142657722309,8.910395622253418,286300,0.0,0.0
2022-12-12 00:00:00-05:00,9.005284759162993,9.062220573425293,8.929370943455972,9.062220573425293,287900,0.0,0.0
2022-12-13 00:00:00-05:00,9.090688042527228,9.252005127402136,9.071710041052334,9.195069313049316,320100,0.0,0.0
2022-12-14 00:00:00-05:00,9.261494573312998,9.308940934408893,9.119155490025312,9.128644943237305,288900,0.0,0.0
2022-12-15 00:00:00-05:00,9.157115145032302,9.157115145032302,8.739589033052058,8.910395622253418,646600,0.0,0.0
2022-12-16 00:00:00-05:00,8.834480681070717,8.967329429455814,8.663674113187906,8.824991226196289,678900,0.0,0.0
2022-12-19 00:00:00-05:00,8.77754532950265,8.82499170146579,8.246147592451182,8.303083419799805,566300,0.0,0.0
2022-12-20 00:00:00-05:00,8.312571806506789,8.483377456665039,8.274614894808938,8.483377456665039,397100,0.0,0.0
2022-12-21 00:00:00-05:00,8.48337592244469,8.720606803894043,8.445419017611353,8.720606803894043,252700,0.0,0.0
2022-12-22 00:00:00-05:00,8.635204838626999,8.635204838626999,8.208188508668009,8.265124320983887,379300,0.0,0.0
2022-12-23 00:00:00-05:00,8.341038143686795,8.341038143686795,8.208188518106347,8.331548690795898,301400,0.0,0.0
2022-12-27 00:00:00-05:00,8.378996290232672,8.454910114665706,8.293593011504466,8.3695068359375,90000,0.0,0.0
2022-12-28 00:00:00-05:00,8.33155167740184,8.492868814518195,8.265127293282529,8.28410530090332,283500,0.0,0.0
2022-12-29 00:00:00-05:00,8.397974582897303,8.559291674227198,8.350528219865433,8.540312767028809,261100,0.0,0.0
2022-12-30 00:00:00-05:00,8.530824547337684,8.616227832155056,8.454910717492071,8.511846542358398,231500,0.0,0.0
2023-01-03 00:00:00-05:00,8.445420265197754,8.511845537191657,8.33154953387637,8.445420265197754,243600,0.0,0.0
2023-01-04 00:00:00-05:00,8.483377619843903,8.578270353395885,8.45491016176398,8.568780899047852,244400,0.0,0.0
2023-01-05 00:00:00-05:00,8.492868002688088,8.59725020199985,8.274615958607631,8.303083419799805,325200,0.0,0.0
2023-01-06 00:00:00-05:00,8.303082938399564,8.644695167792312,8.303082938399564,8.625717163085938,376100,0.0,0.0
2023-01-09 00:00:00-05:00,8.625716768133382,8.682651684609805,8.59724930989517,8.63520622253418,283100,0.0,0.0
2023-01-10 00:00:00-05:00,8.578270011115315,8.73958710873848,8.568780557145919,8.711119651794434,194500,0.0,0.0
2023-01-11 00:00:00-05:00,8.682652777360923,8.948352104237626,8.682652777360923,8.853459358215332,272500,0.0,0.0
2023-01-12 00:00:00-05:00,8.853458567616425,8.929372395669564,8.758565830067893,8.872437477111816,239000,0.0,0.0
2023-01-13 00:00:00-05:00,8.872437311428966,8.957839687670795,8.739587662334683,8.919882774353027,352300,0.0,0.0
2023-01-17 00:00:00-05:00,8.9198844158171,9.166604850266925,8.891416951831156,9.081201553344727,290000,0.0,0.0
2023-01-18 00:00:00-05:00,9.185580391769046,9.185580391769046,8.881924235825553,8.891413688659668,239000,0.0,0.0
2023-01-19 00:00:00-05:00,8.881924235825553,8.938860047866218,8.824989328748918,8.891413688659668,170700,0.0,0.0
2023-01-20 00:00:00-05:00,8.881925191235243,8.967328466000874,8.815500824179367,8.957839012145996,219400,0.0,0.0
2023-01-23 00:00:00-05:00,9.005286493041387,9.062222318266114,8.929372662717913,9.043243408203125,202900,0.0,0.0
2023-01-24 00:00:00-05:00,8.92937331685346,8.995797697011465,8.701631809199467,8.806013107299805,236400,0.0,0.0
2023-01-25 00:00:00-05:00,8.768055401913943,8.862948140729777,8.682652117972536,8.824991226196289,283700,0.0,0.0
2023-01-26 00:00:00-05:00,8.834479671580183,9.090688589163921,8.81550076399999,9.071710586547852,351000,0.0,0.0
2023-01-27 00:00:00-05:00,9.204558656503627,9.716977359712082,9.100177387226294,9.242515563964844,761500,0.0,0.0
2023-01-30 00:00:00-05:00,9.214049058036714,9.223538512119807,9.052731958480726,9.109667778015137,266900,0.0,0.0
2023-01-31 00:00:00-05:00,9.138134684299793,9.24251595802751,9.033753410572075,9.233026504516602,343300,0.0,0.0
2023-02-01 00:00:00-05:00,9.052733571670162,9.204561244198617,8.824992062877477,9.138136863708496,527300,0.0,0.0
2023-02-02 00:00:00-05:00,9.138134389132313,9.157112390577035,8.796522218450718,9.062220573425293,433500,0.0,0.0
2023-02-03 00:00:00-05:00,8.976817457723241,9.024263819590924,8.749076006715264,8.768054008483887,480900,0.0,0.0
2023-02-06 00:00:00-05:00,8.730096817016602,8.815500084617463,8.663672455533288,8.730096817016602,246900,0.0,0.0
2023-02-07 00:00:00-05:00,8.68265044833984,8.768053715858603,8.616226086920383,8.66367244720459,297200,0.0,0.0
2023-02-08 00:00:00-05:00,8.616228096537673,8.720609389537193,8.559293174888575,8.682652473449707,285200,0.0,0.0
2023-02-09 00:00:00-05:00,8.720609111739133,8.815501851417137,8.606738367104066,8.644695281982422,190000,0.0,0.0
2023-02-10 00:00:00-05:00,8.63520555064151,8.796522643046497,8.63520555064151,8.673162460327148,276400,0.0,0.0
2023-02-13 00:00:00-05:00,8.711119098213933,8.768054008483887,8.692140191481228,8.768054008483887,291300,0.0,0.0
2023-02-14 00:00:00-05:00,8.77754346185024,8.843967825486546,8.682650738114875,8.768054008483887,156400,0.0,0.0
2023-02-15 00:00:00-05:00,8.758565111713132,8.758565111713132,8.559292008140662,8.711119651794434,300100,0.0,0.0
2023-02-16 00:00:00-05:00,8.663673797923181,8.682651802017217,8.502356690785009,8.587759971618652,330700,0.0,0.0
2023-02-17 00:00:00-05:00,8.578270515143357,8.749077076771894,8.559292511053627,8.654184341430664,240500,0.0,0.0
2023-02-21 00:00:00-05:00,8.635206175944523,8.654184179679543,8.378996338290412,8.435932159423828,247600,0.0,0.0
2023-02-22 00:00:00-05:00,8.416953086853027,8.559292184433248,8.360018171792266,8.416953086853027,381900,0.0,0.0
2023-02-23 00:00:00-05:00,8.66367096721523,8.891412371718166,8.056359650243504,8.160741806030273,564000,0.0,0.0
2023-02-24 00:00:00-05:00,8.0278944117812,8.046872414900985,7.752706579313221,7.885556221008301,1250900,0.0,0.0
2023-02-27 00:00:00-05:00,7.914024510421212,7.923513965461104,7.73372848452024,7.809642314910889,552300,0.0,0.0
2023-02-28 00:00:00-05:00,7.829668929858272,7.839205894657757,7.705691115950026,7.715228080749512,480100,0.041,0.0
2023-03-01 00:00:00-05:00,7.686618811941302,7.858279646849074,7.677081846253341,7.743838787078857,424900,0.0,0.0
2023-03-02 00:00:00-05:00,7.743838881744743,8.029941489415348,7.65800800849405,7.934573650360107,375200,0.0,0.0
2023-03-03 00:00:00-05:00,7.953646947657289,8.106234750380539,7.925036962020441,8.058550834655762,280700,0.0,0.0
2023-03-06 00:00:00-05:00,8.077625332540181,8.220676180274868,8.049014435397156,8.192066192626953,308000,0.0,0.0
2023-03-07 00:00:00-05:00,8.220674709495558,8.306505566578224,8.077623887354415,8.172990798950195,323300,0.0,0.0
2023-03-08 00:00:00-05:00,8.163455856183894,8.172991911995686,7.953647166908296,8.0490140914917,299800,0.0,0.0
2023-03-09 00:00:00-05:00,8.068089413441148,8.068089413441148,7.848743721032695,7.877354621887207,448800,0.0,0.0
2023-03-10 00:00:00-05:00,7.915499840700719,7.9345728609170445,7.7343011464229825,7.791522026062012,434400,0.0,0.0
2023-03-13 00:00:00-04:00,7.762911772522,7.886889582873131,7.696153930336009,7.724764823913574,526300,0.0,0.0
2023-03-14 00:00:00-04:00,7.781985557729633,7.98225728500187,7.743838605368021,7.82966947555542,484000,0.0,0.0
2023-03-15 00:00:00-04:00,7.772448329053136,7.791522259335549,7.638934455056453,7.762912273406982,345200,0.0,0.0
2023-03-16 00:00:00-04:00,7.762912273406982,7.781985294194342,7.495883161171037,7.762912273406982,341000,0.0,0.0
2023-03-17 00:00:00-04:00,7.75337542408677,7.75337542408677,7.562640211141144,7.600787162780762,453500,0.0,0.0
2023-03-20 00:00:00-04:00,7.648471534451586,7.772448445159045,7.572177176424815,7.600787162780762,329800,0.0,0.0
2023-03-21 00:00:00-04:00,7.619860596034567,7.7247653945788,7.505419741755,7.524493217468262,365200,0.0,0.0
2023-03-22 00:00:00-04:00,7.514956451779009,7.600786862200135,7.419589076451359,7.476809501647949,297100,0.0,0.0
2023-03-23 00:00:00-04:00,7.467272502736496,7.6007868275872,7.390978602821809,7.419589042663574,292700,0.0,0.0
2023-03-24 00:00:00-04:00,7.390978636479307,7.495882976713479,7.333758211282717,7.476809501647949,203100,0.0,0.0
2023-03-27 00:00:00-04:00,7.54356672486589,7.629397593309837,7.514956738549597,7.581713676452637,203300,0.0,0.0
2023-03-28 00:00:00-04:00,7.562640512696199,7.724765745750511,7.514957048619099,7.705691814422607,214900,0.0,0.0
2023-03-29 00:00:00-04:00,7.762911438922224,8.020403103590017,7.71522752783709,7.972719192504883,520900,0.0,0.0
2023-03-30 00:00:00-04:00,8.02040485043131,8.134845716263838,7.915500950791949,8.096698760986328,321300,0.0,0.0
2023-03-31 00:00:00-04:00,8.153919314676646,8.401874968572104,8.153919314676646,8.344654083251953,420300,0.0,0.0
2023-04-03 00:00:00-04:00,8.354191795622539,8.411411776561005,8.268360914719638,8.392338752746582,263400,0.0,0.0
2023-04-04 00:00:00-04:00,8.363726615905762,8.440020510574653,8.335115723283703,8.363726615905762,312100,0.0,0.0
2023-04-05 00:00:00-04:00,8.3637277919644,8.487704706113039,8.306506908169181,8.354190826416016,368300,0.0,0.0
2023-04-06 00:00:00-04:00,8.354190140522485,8.459094024456654,8.344653175757102,8.420947074890137,224100,0.0,0.0
2023-04-10 00:00:00-04:00,8.39233854596295,8.459095491911366,8.344654623359007,8.440022468566895,140600,0.0,0.0
2023-04-11 00:00:00-04:00,8.44002175703243,8.516315662968726,8.401874804064281,8.468631744384766,203200,0.0,0.0
2023-04-12 00:00:00-04:00,8.525850491289509,8.831026980581607,8.516314436542077,8.754733085632324,477500,0.0,0.0
2023-04-13 00:00:00-04:00,8.745198517694943,8.869176358332908,8.687977626056185,8.850102424621582,347600,0.0,0.0
2023-04-14 00:00:00-04:00,8.897786831927046,8.897786831927046,8.735662024569704,8.792882919311523,360000,0.0,0.0
2023-04-17 00:00:00-04:00,8.821488472409088,8.821488472409088,8.583069865046681,8.659363746643066,302100,0.0,0.0
2023-04-18 00:00:00-04:00,8.678438767357786,8.678438767357786,8.420946202342954,8.53538703918457,297800,0.0,0.0
2023-04-19 00:00:00-04:00,8.468631522183248,8.563998447353814,8.468631522183248,8.478168487548828,208300,0.0,0.0
2023-04-20 00:00:00-04:00,8.411410110124752,8.487704009257788,8.335116210991718,8.420947074890137,257400,0.0,0.0
2023-04-21 00:00:00-04:00,8.37326433050383,8.430485217596244,8.31604435290656,8.41141128540039,248700,0.0,0.0
2023-04-24 00:00:00-04:00,8.401875719401394,8.411411776561005,8.306507871843683,8.392338752746582,216700,0.0,0.0
2023-04-25 00:00:00-04:00,8.382801036967015,8.430484956484621,8.306507129536891,8.344654083251953,272000,0.0,0.0
2023-04-26 00:00:00-04:00,8.373263314291112,8.373263314291112,8.220675513223535,8.296969413757324,261100,0.0,0.0
2023-04-27 00:00:00-04:00,8.31604435290656,8.459095206394878,8.31604435290656,8.41141128540039,320100,0.0,0.0
2023-04-28 00:00:00-04:00,8.335116973539506,8.535388704459567,8.335116973539506,8.506778717041016,159100,0.0,0.0
2023-05-01 00:00:00-04:00,8.497239683983755,8.687974402859256,8.497239683983755,8.592607498168945,205600,0.0,0.0
2023-05-02 00:00:00-04:00,8.621218633795877,8.621218633795877,8.440020853958924,8.54492473602295,316600,0.0,0.0
2023-05-03 00:00:00-04:00,8.525850830443536,8.716586484899079,8.525850830443536,8.5830717086792,316600,0.0,0.0
2023-05-04 00:00:00-04:00,8.611681350481193,8.77380610462216,8.56399743876415,8.754733085632324,418500,0.0,0.0
2023-05-05 00:00:00-04:00,9.15527720782539,9.279254114732627,8.964541545978788,9.078983306884766,507800,0.0,0.0
2023-05-08 00:00:00-04:00,9.13620319085627,9.42230577140713,9.13620319085627,9.317401885986328,360800,0.0,0.0
2023-05-09 00:00:00-04:00,9.279254353142342,9.603503895218386,9.260181332164667,9.498600006103516,571400,0.0,0.0
2023-05-10 00:00:00-04:00,9.517672046304638,9.527209010558241,9.288790361187946,9.46045207977295,350000,0.0,0.0
2023-05-11 00:00:00-04:00,9.450916621143252,9.450916621143252,9.18388794596682,9.202960968017578,268700,0.0,0.0
2023-05-12 00:00:00-04:00,9.269717190731672,9.269717190731672,9.12666545774962,9.23157024383545,335000,0.0,0.0
2023-05-15 00:00:00-04:00,9.28879149567299,9.412769317626953,9.28879149567299,9.412769317626953,311100,0.0,0.0
2023-05-16 00:00:00-04:00,9.403231050120974,9.412768014218768,9.193423296939226,9.23157024383545,229900,0.0,0.0
2023-05-17 00:00:00-04:00,9.23157095448604,9.29832788931967,9.126666160324591,9.279253959655762,252900,0.0,0.0
2023-05-18 00:00:00-04:00,9.307865406177884,9.393696275765839,9.164813653699602,9.374622344970703,165400,0.0,0.0
2023-05-19 00:00:00-04:00,9.44137802325426,9.450914987378557,9.260180252367402,9.2697172164917,192900,0.0,0.0
2023-05-22 00:00:00-04:00,9.26971867405314,9.393696498678281,9.26971867405314,9.36508560180664,114800,0.0,0.0
2023-05-23 00:00:00-04:00,9.384157566407787,9.384157566407787,9.23156978638407,9.288789749145508,187500,0.0,0.0
2023-05-24 00:00:00-04:00,9.269718285961998,9.298328272140738,9.040835668046903,9.069446563720703,229000,0.0,0.0
2023-05-25 00:00:00-04:00,9.136202489276764,9.136202489276764,8.935930789219759,8.993151664733887,195600,0.0,0.0
2023-05-26 00:00:00-04:00,9.031300036080507,9.040836092257493,8.945469164021906,9.012226104736328,133500,0.0,0.0
2023-05-30 00:00:00-04:00,9.098055474951192,9.269717190731672,9.098055474951192,9.23157024383545,286600,0.0,0.0
2023-05-31 00:00:00-04:00,9.193267602970684,9.250725011775412,9.09750403727074,9.221996307373047,252700,0.04,0.0
2023-06-01 00:00:00-04:00,9.23156934366272,9.346485030936277,9.23156934366272,9.269874572753906,252300,0.0,0.0
2023-06-02 00:00:00-04:00,9.317758505199132,9.470980385497295,9.289029802198415,9.461403846740723,196500,0.0,0.0
2023-06-05 00:00:00-04:00,9.403944750062182,9.470979602547533,9.35606388677555,9.394369125366211,172600,0.0,0.0
2023-06-06 00:00:00-04:00,9.423098045553314,9.432674583741347,9.327334490210873,9.403944969177246,242100,0.0,0.0
2023-06-07 00:00:00-04:00,9.470979819920608,9.59547207651477,9.403944965896706,9.585895538330078,248400,0.0,0.0
2023-06-08 00:00:00-04:00,9.614624373599106,9.643353075284583,9.480555576951943,9.518860816955566,277700,0.0,0.0
2023-06-09 00:00:00-04:00,9.518861252742157,9.576319572012594,9.423098604983432,9.461403846740723,291300,0.0,0.0
2023-06-12 00:00:00-04:00,9.432673045354996,9.44224866871238,9.250722502532689,9.308180809020996,394000,0.0,0.0
2023-06-13 00:00:00-04:00,9.33690950563075,9.394367812119057,9.289027735768627,9.308180809020996,304800,0.0,0.0
2023-06-14 00:00:00-04:00,9.298606188941129,9.308182727541144,9.059198203554661,9.126232147216797,413800,0.0,0.0
2023-06-15 00:00:00-04:00,9.164536565933581,9.250723579061429,9.087926090546361,9.2411470413208,321800,0.0,0.0
2023-06-16 00:00:00-04:00,9.212416802754895,9.40394295923518,9.193264643741243,9.327332496643066,1248000,0.0,0.0
2023-06-20 00:00:00-04:00,9.33690919284833,9.33690919284833,9.135806496779308,9.260298728942871,388400,0.0,0.0
2023-06-21 00:00:00-04:00,9.29860561558483,9.29860561558483,9.174113361267839,9.250723838806152,295700,0.0,0.0
2023-06-22 00:00:00-04:00,9.279453716177775,9.279453716177775,9.164537985299273,9.221996307373047,272800,0.0,0.0
2023-06-23 00:00:00-04:00,9.183689224273087,9.193265761578731,8.89639949798584,8.89639949798584,259700,0.0,0.0
2023-06-26 00:00:00-04:00,8.905974649792086,8.944279879786663,8.800634582355457,8.91555118560791,280700,0.0,0.0
2023-06-27 00:00:00-04:00,8.934705210726024,8.953858286359385,8.85809473473041,8.87724781036377,176500,0.0,0.0
2023-06-28 00:00:00-04:00,8.87724617892843,8.87724617892843,8.685719110868787,8.74317741394043,399300,0.0,0.0
2023-06-29 00:00:00-04:00,8.743178461703108,8.838941093940162,8.666567990605923,8.819788932800293,260700,0.0,0.0
2023-06-30 00:00:00-04:00,8.781484560926671,8.982587295652815,8.762331484634208,8.963434219360352,371200,0.0,0.0
2023-07-03 00:00:00-04:00,8.953856791047134,9.116654253667537,8.925127182394997,9.040042877197266,108200,0.0,0.0
2023-07-05 00:00:00-04:00,9.00173811613926,9.078348583345386,8.896398952048036,9.020891189575195,229900,0.0,0.0
2023-07-06 00:00:00-04:00,9.011313803959993,9.040042498138746,8.877245955613333,8.91555118560791,236500,0.0,0.0
2023-07-07 00:00:00-04:00,8.886822671949492,9.04962014778072,8.886822671949492,9.030467987060547,301500,0.0,0.0
2023-07-10 00:00:00-04:00,8.973009874994663,9.011315110543254,8.80063585839157,8.819788932800293,258100,0.0,0.0
2023-07-11 00:00:00-04:00,8.503771347568565,8.982587295652815,8.32182077586594,8.963434219360352,1247000,0.0,0.0
2023-07-12 00:00:00-04:00,9.001738016514043,9.499706961111492,8.944280623379752,9.490130424499512,1080000,0.0,0.0
2023-07-13 00:00:00-04:00,9.528436110293034,9.719962285286439,9.403943868230112,9.652928352355957,875400,0.0,0.0
2023-07-14 00:00:00-04:00,9.576317163961281,9.710385933033498,9.451824931237534,9.48055362701416,630100,0.0,0.0
2023-07-17 00:00:00-04:00,9.432672721392874,9.46140141701595,9.260298721116882,9.442248344421387,500500,0.0,0.0
2023-07-18 00:00:00-04:00,9.432673933793593,9.538013106796843,9.384792159421613,9.451826095581055,280000,0.0,0.0
2023-07-19 00:00:00-04:00,9.451826231179345,9.605047180752718,9.42309753145156,9.566741943359375,277000,0.0,0.0
2023-07-20 00:00:00-04:00,9.585894112027079,9.614622809037614,9.403943566666467,9.605046272277832,218700,0.0,0.0
2023-07-21 00:00:00-04:00,9.786998447203734,9.82530368735199,9.652929650050353,9.739116668701172,445700,0.0,0.0
2023-07-24 00:00:00-04:00,9.76784476440614,9.83487961545784,9.691234288863262,9.825303077697754,289600,0.0,0.0
2023-07-25 00:00:00-04:00,9.8253035985185,9.911490616390076,9.786998358716572,9.882761001586914,267400,0.0,0.0
2023-07-26 00:00:00-04:00,9.911490841599637,9.921066466815981,9.614624541437564,9.633777618408203,378200,0.0,0.0
2023-07-27 00:00:00-04:00,9.643351886318674,9.643351886318674,9.442249172777137,9.509284019470215,423900,0.0,0.0
2023-07-28 00:00:00-04:00,9.490131726054097,9.585895278770113,9.490131726054097,9.576318740844727,353900,0.0,0.0
2023-07-31 00:00:00-04:00,9.528436503226175,9.854031470776249,9.518859965764378,9.777420997619629,639200,0.0,0.0
2023-08-01 00:00:00-04:00,9.719963549464246,9.729540087776652,9.633777444459486,9.700811386108398,432200,0.0,0.0
2023-08-02 00:00:00-04:00,9.652928612516327,9.67208168716629,9.585894677779184,9.662505149841309,370900,0.0,0.0
2023-08-03 00:00:00-04:00,9.633777010524593,9.633777010524593,9.394369043111913,9.538013458251953,658500,0.0,0.0
2023-08-04 00:00:00-04:00,9.672082684440145,9.940219364304749,9.566742589541617,9.700811386108398,760200,0.0,0.0
2023-08-07 00:00:00-04:00,9.786998573671072,9.882761218644674,9.700811553906547,9.854032516479492,282500,0.0,0.0
2023-08-08 00:00:00-04:00,9.834880707314651,9.834880707314651,9.566743099877348,9.758269309997559,528000,0.0,0.0
2023-08-09 00:00:00-04:00,9.834878999770092,9.87318423514353,9.719962380380933,9.729538917541504,353200,0.0,0.0
2023-08-10 00:00:00-04:00,9.844454428630936,9.959370132474623,9.729538724787247,9.940217971801758,456700,0.0,0.0
2023-08-11 00:00:00-04:00,9.9497955059999,9.9497955059999,9.777421476323608,9.796573638916016,400500,0.0,0.0
2023-08-14 00:00:00-04:00,9.815726234197939,9.863608008238046,9.691233987001212,9.777420997619629,366100,0.0,0.0
2023-08-15 00:00:00-04:00,9.786997395259476,9.796573019315593,9.595471215104165,9.662505149841309,309800,0.0,0.0
2023-08-16 00:00:00-04:00,9.662504430439983,9.662504430439983,9.442248654708404,9.490130424499512,321800,0.0,0.0
2023-08-17 00:00:00-04:00,9.576317759191488,9.595470833078908,9.356062889099121,9.356062889099121,224600,0.0,0.0
2023-08-18 00:00:00-04:00,9.336910004072083,9.528436180476202,9.260299533510436,9.509284019470215,252500,0.0,0.0
2023-08-21 00:00:00-04:00,9.538013060442854,9.538013060442854,9.317757264709725,9.413520812988281,278200,0.0,0.0
2023-08-22 00:00:00-04:00,9.41351965675379,9.432672729364539,9.260298728942871,9.260298728942871,217600,0.0,0.0
2023-08-23 00:00:00-04:00,9.31775667443583,9.518859382465969,9.279451440204795,9.499707221984863,240400,0.0,0.0
2023-08-24 00:00:00-04:00,9.451825518729738,9.6146229936975,9.346486352155411,9.356062889099121,225700,0.0,0.0
2023-08-25 00:00:00-04:00,9.403942417938705,9.413518953528676,9.269874572753906,9.269874572753906,160400,0.0,0.0
2023-08-28 00:00:00-04:00,9.260300333664432,9.470979602547533,9.260300333664432,9.394369125366211,217500,0.0,0.0
2023-08-29 00:00:00-04:00,9.432672500610352,9.49970642658478,9.356062038562792,9.432672500610352,180900,0.0,0.0
2023-08-30 00:00:00-04:00,9.451824726672442,9.528435189264554,9.317755960501865,9.327332496643066,299500,0.0,0.0
2023-08-31 00:00:00-04:00,9.414847106926038,9.414847106926038,9.193661148472964,9.222511291503906,274400,0.041,0.0
2023-09-01 00:00:00-04:00,9.241745710041915,9.299446921322193,9.097494057535677,9.203278541564941,418800,0.0,0.0
2023-09-05 00:00:00-04:00,9.164811441420419,9.184045484367134,9.01094276636529,9.097494125366211,251800,0.0,0.0
2023-09-06 00:00:00-04:00,9.097493097462918,9.097493097462918,8.982091604210499,9.049408912658691,425700,0.0,0.0
2023-09-07 00:00:00-04:00,9.020558140033437,9.222510968434538,9.020558140033437,9.13595962524414,422000,0.0,0.0
2023-09-08 00:00:00-04:00,9.126344204610996,9.222512584368248,9.10711107893733,9.203278541564941,364900,0.0,0.0
2023-09-11 00:00:00-04:00,9.20327568212346,9.376378345051966,9.20327568212346,9.309061050415039,349200,0.0,0.0
2023-09-12 00:00:00-04:00,9.318678740650217,9.347529800810669,9.203277251396939,9.222511291503906,240700,0.0,0.0
2023-09-13 00:00:00-04:00,9.212893284553862,9.212893284553862,8.789754535952323,8.96285629272461,729400,0.0,0.0
2023-09-14 00:00:00-04:00,9.05902630794438,9.107110494738524,8.876306581552551,9.030176162719727,433600,0.0,0.0
2023-09-15 00:00:00-04:00,9.030176260080891,9.068643426505034,8.953241927232607,8.972475051879883,397400,0.0,0.0
2023-09-18 00:00:00-04:00,8.962856496705017,8.991707554431512,8.857072036429498,8.953240394592285,266900,0.0,0.0
2023-09-19 00:00:00-04:00,9.039790691957775,9.04940771106757,8.953240271357886,9.010940551757812,367100,0.0,0.0
2023-09-20 00:00:00-04:00,9.020558694240384,9.039791817725742,8.924390325424978,9.001324653625488,271100,0.0,0.0
2023-09-21 00:00:00-04:00,8.943624500790989,8.943624500790989,8.68397045135498,8.68397045135498,450500,0.0,0.0
2023-09-22 00:00:00-04:00,8.712822233195162,8.847456862143034,8.683971169452366,8.799372673034668,1015600,0.0,0.0
2023-09-25 00:00:00-04:00,8.712820790309028,8.847455396960745,8.703203770654056,8.828222274780273,334100,0.0,0.0
2023-09-26 00:00:00-04:00,8.703203155556372,8.934006108186896,8.69358613658108,8.914772987365723,828000,0.0,0.0
2023-09-27 00:00:00-04:00,8.905157318872508,8.905157318872508,8.491634611517682,8.530101776123047,531400,0.0,0.0
2023-09-28 00:00:00-04:00,8.549334907195725,8.5685680288869,8.42431640625,8.42431640625,268000,0.0,0.0
2023-09-29 00:00:00-04:00,8.520483939084817,8.53971797810888,8.337765154003522,8.366615295410156,374500,0.0,0.0
2023-10-02 00:00:00-04:00,8.35699756762355,8.35699756762355,7.9915600284326205,8.039643287658691,1280600,0.0,0.0
2023-10-03 00:00:00-04:00,7.953094259578645,7.953094259578645,7.712674252947554,7.808841705322266,878800,0.0,0.0
2023-10-04 00:00:00-04:00,7.856924742104774,7.856924742104774,7.597271191223581,7.741523265838623,944700,0.0,0.0
2023-10-05 00:00:00-04:00,7.818457243886821,8.395464600165015,7.760756049694318,8.308914184570312,1283100,0.0,0.0
2023-10-06 00:00:00-04:00,8.405083151219621,8.405083151219621,8.020411510230213,8.174280166625977,756400,0.0,0.0
2023-10-09 00:00:00-04:00,8.16466403168816,8.280065536499023,8.16466403168816,8.280065536499023,134100,0.0,0.0
2023-10-10 00:00:00-04:00,8.299296963194742,8.356997238847772,8.20312861426723,8.318530082702637,844900,0.0,0.0
2023-10-11 00:00:00-04:00,8.385851380219213,8.491635869270018,8.280065974038726,8.462785720825195,610400,0.0,0.0
2023-10-12 00:00:00-04:00,8.433933448813058,8.433933448813058,8.049260925509575,8.058877944946289,644500,0.0,0.0
2023-10-13 00:00:00-04:00,8.058879301136281,8.183897823463969,7.914626736698361,7.933860778808594,548200,0.0,0.0
2023-10-16 00:00:00-04:00,7.933860778808594,8.020412134045424,7.905010632772852,7.933860778808594,338500,0.0,0.0
2023-10-17 00:00:00-04:00,7.876159250869355,7.924243437069422,7.751141650730577,7.770374774932861,531600,0.0,0.0
2023-10-18 00:00:00-04:00,7.72229025274352,7.808841600711964,7.510720851510927,7.529954433441162,503500,0.0,0.0
2023-10-19 00:00:00-04:00,7.4914860945028465,7.606887567982951,7.462635955415167,7.56842041015625,461000,0.0,0.0
2023-10-20 00:00:00-04:00,7.510720406407315,7.587654729568943,7.4049354827777085,7.424169063568115,521600,0.0,0.0
2023-10-23 00:00:00-04:00,7.318384674676524,7.616505409313184,7.270300492917655,7.472253322601318,364400,0.0,0.0
2023-10-24 00:00:00-04:00,7.558804446064792,7.558804446064792,7.318384461406183,7.328001022338867,406800,0.0,0.0
2023-10-25 00:00:00-04:00,7.241450368636332,7.299151111750935,7.154899024682053,7.289534091949463,324400,0.0,0.0
2023-10-26 00:00:00-04:00,7.3376186313696286,7.453020123222039,7.251067283197938,7.27030086517334,434700,0.0,0.0
2023-10-27 00:00:00-04:00,7.289534349958666,7.289534349958666,7.020264205893174,7.068347930908203,419400,0.0,0.0
2023-10-30 00:00:00-04:00,7.126048771075443,7.279917885443424,7.126048771075443,7.27030086517334,417000,0.0,0.0
2023-10-31 00:00:00-04:00,7.251067253178974,7.251067253178974,7.010647250199393,7.0394978523254395,421000,0.0,0.0
2023-11-01 00:00:00-04:00,7.001030826158148,7.241450833863837,6.943329620771783,7.212600231170654,893300,0.0,0.0
2023-11-02 00:00:00-04:00,7.404935331521916,7.645355315773468,7.404935331521916,7.510720252990723,881900,0.0,0.0
2023-11-03 00:00:00-04:00,7.635739438835569,7.703057205539357,7.539571528233563,7.578038692474365,519600,0.0,0.0
2023-11-06 00:00:00-05:00,7.606888998229643,7.6453561632889375,7.462637358539676,7.491487503051758,355600,0.0,0.0
2023-11-07 00:00:00-05:00,7.645356178283691,7.953094416491172,7.520338120878176,7.645356178283691,613600,0.0,0.0
2023-11-08 00:00:00-05:00,7.587654879629711,7.818458312243921,7.549187717288133,7.779991149902344,646900,0.0,0.0
2023-11-09 00:00:00-05:00,7.799225805005655,7.943478379978385,7.760758635105528,7.876160144805908,522400,0.0,0.0
2023-11-10 00:00:00-05:00,7.8857773693904125,7.953095606294356,7.808843027611361,7.943478584289551,404400,0.0,0.0
2023-11-13 00:00:00-05:00,7.866542324732278,7.933859628095291,7.731906800876778,7.789608001708984,385000,0.0,0.0
2023-11-14 00:00:00-05:00,7.933858914485009,8.126194704743616,7.83769056079101,8.087727546691895,482200,0.0,0.0
2023-11-15 00:00:00-05:00,8.078110609499936,8.22236314149814,8.068494507736908,8.135811805725098,481200,0.0,0.0
2023-11-16 00:00:00-05:00,8.174279581878807,8.174279581878807,7.972326755523682,7.972326755523682,255500,0.0,0.0
2023-11-17 00:00:00-05:00,8.001176745455458,8.078111066690264,7.933859443657366,8.058877944946289,389200,0.0,0.0
2023-11-20 00:00:00-05:00,8.001176989135757,8.126195494232189,7.95309372474669,8.097345352172852,312100,0.0,0.0
2023-11-21 00:00:00-05:00,8.155045262808157,8.155045262808157,7.424168763726079,7.59727144241333,1044800,0.0,0.0
2023-11-22 00:00:00-05:00,7.578038516806743,7.6934400068540105,7.443402986520171,7.6645894050598145,483700,0.0,0.0
2023-11-24 00:00:00-05:00,7.703057232571221,7.8376918493217245,7.703057232571221,7.808841705322266,181800,0.0,0.0
2023-11-27 00:00:00-05:00,7.770374672104505,7.808841837129594,7.722290486540754,7.751141548156738,300000,0.0,0.0
2023-11-28 00:00:00-05:00,7.731906967692999,7.808841292376154,7.712673845086957,7.779991149902344,333200,0.0,0.0
2023-11-29 00:00:00-05:00,7.789608028532092,7.818458170482803,7.751140866887986,7.760756969451904,291900,0.0,0.0
2023-11-30 00:00:00-05:00,7.770421892072458,7.876733303070068,7.7510929635719785,7.876733303070068,348800,0.04,0.0
2023-12-01 00:00:00-05:00,7.876733931036411,8.00237520224914,7.838075149255423,7.954051494598389,384800,0.0,0.0
2023-12-04 00:00:00-05:00,7.857404936593262,7.954051429404559,7.857404936593262,7.886398792266846,409700,0.0,0.0
2023-12-05 00:00:00-05:00,7.857404216106847,7.896062994026152,7.799415588378906,7.799415588378906,416600,0.0,0.0
2023-12-06 00:00:00-05:00,7.847740010802716,7.992711132566742,7.8380750850121705,7.886398792266846,336500,0.0,0.0
2023-12-07 00:00:00-05:00,7.780087062074443,7.954051110846782,7.770422136670976,7.8477396965026855,341400,0.0,0.0
2023-12-08 00:00:00-05:00,7.857404071752129,7.905727773687958,7.7800865173339835,7.780086517333984,261000,0.0,0.0
2023-12-11 00:00:00-05:00,7.731763452652297,7.770422233047637,7.374169503570892,7.451487064361572,858900,0.0,0.0
2023-12-12 00:00:00-05:00,7.4901447931035365,7.4901447931035365,7.248527219132455,7.383832931518555,498800,0.0,0.0
2023-12-13 00:00:00-05:00,7.393498879204007,7.693104657102204,7.354840098884821,7.6834397315979,658400,0.0,0.0
2023-12-14 00:00:00-05:00,7.7317631133735105,7.905728078367771,7.7317631133735105,7.876733303070068,715100,0.0,0.0
2023-12-15 00:00:00-05:00,7.934721934501726,7.934721934501726,7.596457390353397,7.760756969451904,1886000,0.0,0.0
2023-12-18 00:00:00-05:00,7.828410452227531,7.828410452227531,7.664109952926256,7.693104267120361,485300,0.0,0.0
2023-12-19 00:00:00-05:00,7.683439663995873,7.954051123849225,7.683439663995873,7.905728340148926,621700,0.0,0.0
2023-12-20 00:00:00-05:00,7.9153923502910795,7.934722201145294,7.751093226520352,7.789752006530762,503100,0.0,0.0
2023-12-21 00:00:00-05:00,7.828410520969874,7.905728078367771,7.809080670771406,7.876733303070068,645400,0.0,0.0
2023-12-22 00:00:00-05:00,7.934722574584936,8.041033994192498,7.934722574584936,8.012040138244629,324800,0.0,0.0
2023-12-26 00:00:00-05:00,8.012038310879857,8.099020780582793,8.002373387202232,8.079690933227539,104100,0.0,0.0
2023-12-27 00:00:00-05:00,8.050698920074474,8.099022627786297,7.963716430532806,8.012040138244629,299100,0.0,0.0
2023-12-28 00:00:00-05:00,8.041033994192498,8.070028771838428,8.00237521236265,8.012040138244629,262500,0.0,0.0
2023-12-29 00:00:00-05:00,7.97338058133275,8.089356915548379,7.896063025188997,8.03136920928955,321600,0.0,0.0
2024-01-02 00:00:00-05:00,7.983045665227646,8.118350930324324,7.915392110981316,7.992710590362549,409900,0.0,0.0
2024-01-03 00:00:00-05:00,7.925057269289442,7.9733809746877595,7.876733563891125,7.905728340148926,310900,0.0,0.0
2024-01-04 00:00:00-05:00,7.87673357028067,7.934722201145294,7.7414283010932445,7.789752006530762,325400,0.0,0.0
2024-01-05 00:00:00-05:00,7.780086819656546,7.867069302181457,7.702768801384962,7.760756969451904,399100,0.0,0.0
2024-01-08 00:00:00-05:00,7.731763130409361,7.838074541641213,7.683439426504704,7.8187456130981445,433400,0.0,0.0
2024-01-09 00:00:00-05:00,7.770422057830258,7.789751908441068,7.625451404192208,7.66411018371582,350100,0.0,0.0
2024-01-10 00:00:00-05:00,7.6834397315979,7.693104657102204,7.557798925985053,7.6834397315979,366800,0.0,0.0
2024-01-11 00:00:00-05:00,7.644780476984042,7.673774790849084,7.499810290205789,7.567462921142578,425000,0.0,0.0
2024-01-12 00:00:00-05:00,7.625451500258267,7.644780890263586,7.480480844793864,7.499810695648193,294400,0.0,0.0
2024-01-16 00:00:00-05:00,7.538469228632712,7.577128007376552,7.393498577918814,7.470816135406494,630400,0.0,0.0
2024-01-17 00:00:00-05:00,7.354839394862382,7.37416878317172,7.2002038275387035,7.306515693664551,404300,0.0,0.0
2024-01-18 00:00:00-05:00,7.354839876784505,7.364504341147949,7.190539834964966,7.248528003692627,292600,0.0,0.0
2024-01-19 00:00:00-05:00,7.229197827348322,7.393497851286753,7.113221502514941,7.325844764709473,584700,0.0,0.0
2024-01-22 00:00:00-05:00,7.29685202508915,7.432157757999098,7.26785770904108,7.287187099456787,382200,0.0,0.0
2024-01-23 00:00:00-05:00,7.2968521938909685,7.354840366479559,7.161545997001893,7.190540313720703,314400,0.0,0.0
2024-01-24 00:00:00-05:00,7.248528409416693,7.258193335170113,6.987581405111653,7.06489896774292,473700,0.0,0.0
2024-01-25 00:00:00-05:00,7.151880741119385,7.200203982508305,7.093892574943292,7.151880741119385,532000,0.0,0.0
2024-01-26 00:00:00-05:00,7.171210217385402,7.316180865019813,7.171210217385402,7.277522087097168,488100,0.0,0.0
2024-01-29 00:00:00-05:00,7.296851870214626,7.296851870214626,7.161545679327511,7.209869384765625,294100,0.0,0.0
2024-01-30 00:00:00-05:00,7.161545921032005,7.171210846785425,7.045569577085104,7.06489896774292,595300,0.0,0.0
2024-01-31 00:00:00-05:00,7.09389175131744,7.161544373577017,6.98757989524663,6.997244358062744,578500,0.0,0.0
2024-02-01 00:00:00-05:00,7.045569577085104,7.12288713971637,7.006910795769469,7.06489896774292,770800,0.0,0.0
2024-02-02 00:00:00-05:00,6.968251779321506,6.968251779321506,6.823281123855167,6.919928073883057,605500,0.0,0.0
2024-02-05 00:00:00-05:00,6.881268395641015,6.881268395641015,6.639650821685791,6.639650821685791,760900,0.0,0.0
2024-02-06 00:00:00-05:00,6.610657133040173,6.745962848736323,6.59132774508358,6.716968536376953,538000,0.0,0.0
2024-02-07 00:00:00-05:00,6.716968371615631,6.745962683263795,6.639650821685791,6.639650821685791,378900,0.0,0.0
2024-02-08 00:00:00-05:00,6.6203225471650855,6.72663442661549,6.6009931564331055,6.6009931564331055,609900,0.0,0.0
2024-02-09 00:00:00-05:00,6.6299865395192565,6.78462164360401,6.620321615089479,6.774957180023193,978800,0.0,0.0
2024-02-12 00:00:00-05:00,6.774956863959272,6.852274412394646,6.707303778653849,6.794286251068115,1089000,0.0,0.0
2024-02-13 00:00:00-05:00,6.726634101794765,6.726634101794765,6.533340203808883,6.620322227478027,1091200,0.0,0.0
2024-02-14 00:00:00-05:00,6.707304317649057,6.794286797053187,6.620321838244928,6.629986763000488,662900,0.0,0.0
2024-02-15 00:00:00-05:00,6.639651612177474,6.784622265980053,6.639651612177474,6.736298561096191,720800,0.0,0.0
2024-02-16 00:00:00-05:00,6.716969014401635,6.75562779306604,6.610657603499021,6.658980846405029,692000,0.0,0.0
2024-02-20 00:00:00-05:00,6.620321838244928,6.697639392893497,6.600992449582786,6.629986763000488,544500,0.0,0.0
2024-02-21 00:00:00-05:00,6.600992764792105,6.6783103231327265,6.600992764792105,6.668645858764648,500800,0.0,0.0
2024-02-22 00:00:00-05:00,6.678310548033876,6.765293034520829,6.591328522395938,6.7556281089782715,876300,0.0,0.0
2024-02-23 00:00:00-05:00,6.823280586982819,7.248527594495074,6.649316090620569,7.084227561950684,1689300,0.0,0.0
2024-02-26 00:00:00-05:00,6.97791552370995,7.006909836150323,6.6783097791212604,6.774957180023193,1202600,0.0,0.0
2024-02-27 00:00:00-05:00,6.823281053803995,6.91992800283966,6.774957809710664,6.910263538360596,641900,0.0,0.0
2024-02-28 00:00:00-05:00,6.842610437935974,6.852275363256027,6.668645929816061,6.678310394287109,404400,0.0,0.0
2024-02-29 00:00:00-05:00,6.740560206238518,6.750287067208779,6.662747173685467,6.6822004318237305,653700,0.044,0.0
2024-03-01 00:00:00-05:00,6.672473976428346,6.740560147416982,6.546027567731945,6.643293857574463,448000,0.0,0.0
2024-03-04 00:00:00-05:00,6.623841424798608,6.721107726758482,6.584934904014658,6.633568286895752,457600,0.0,0.0
2024-03-05 00:00:00-05:00,6.604387550285331,6.691927445810313,6.575207894311849,6.623840808868408,460100,0.0,0.0
2024-03-06 00:00:00-05:00,6.691927503143427,6.730834020642913,6.633567726894198,6.662747383117676,526400,0.0,0.0
2024-03-07 00:00:00-05:00,6.70165362085002,6.730833739657618,6.653020707907028,6.711380481719971,594900,0.0,0.0
2024-03-08 00:00:00-05:00,6.7697403140751105,6.79891996933279,6.643293904485812,6.750287055969238,871900,0.0,0.0
2024-03-11 00:00:00-04:00,6.711380550932254,6.740560206238518,6.614114260240941,6.6822004318237305,571500,0.0,0.0
2024-03-12 00:00:00-04:00,6.662748060637834,6.662748060637834,6.273682382277469,6.293135643005371,1118800,0.0,0.0
2024-03-13 00:00:00-04:00,6.283408477715019,6.439034544545621,6.205595444299718,6.409854888916016,854100,0.0,0.0
2024-03-14 00:00:00-04:00,6.390401642648182,6.448761417820032,6.322315006379891,6.341768264770508,513100,0.0,0.0
2024-03-15 00:00:00-04:00,6.312588196095976,6.380674832912324,6.118055610623938,6.137508869171143,1828400,0.0,0.0
2024-03-18 00:00:00-04:00,6.166689007237362,6.361221593288082,6.088875972817073,6.312588214874268,651800,0.0,0.0
2024-03-19 00:00:00-04:00,6.254228691668317,6.380675109609611,6.147235996920104,6.1569623947143555,920300,0.0,0.0
2024-03-20 00:00:00-04:00,6.1472357177942,6.20559549331665,6.059695822609392,6.20559549331665,1599300,0.0,0.0
2024-03-21 00:00:00-04:00,6.2542288029498145,6.302862184193273,6.234775543212891,6.234775543212891,807600,0.0,0.0
2024-03-22 00:00:00-04:00,6.2445025979760445,6.370949022075172,6.225049337637896,6.283409118652344,560600,0.0,0.0
2024-03-25 00:00:00-04:00,6.293134937548772,6.322315057270712,6.108329213251471,6.137508869171143,1065300,0.0,0.0
2024-03-26 00:00:00-04:00,6.176415499859717,6.302861914643228,6.137508982049757,6.215322017669678,817900,0.0,0.0
2024-03-27 00:00:00-04:00,6.234775597648618,6.312588637275699,6.215322337741847,6.273682117462158,606600,0.0,0.0
2024-03-28 00:00:00-04:00,6.293135110080005,6.332042092043347,6.195868814677355,6.254228591918945,932300,0.0,0.0
2024-04-01 00:00:00-04:00,6.2736820626867384,6.293135322423662,6.195869023739042,6.234775543212891,570100,0.0,0.0
2024-04-02 00:00:00-04:00,6.234775700944769,6.263955823189523,6.127783001586056,6.176415920257568,508800,0.0,0.0
2024-04-03 00:00:00-04:00,6.156962058002784,6.2250486940481835,6.0888758857596486,6.166688919067383,680100,0.0,0.0
2024-04-04 00:00:00-04:00,6.205595550194351,6.283408584937484,6.176415430264541,6.244502067565918,628000,0.0,0.0
2024-04-05 00:00:00-04:00,6.176415316329718,6.186142177394316,6.0888758857596486,6.166688919067383,573600,0.0,0.0
2024-04-08 00:00:00-04:00,6.186142544817767,6.234775461622502,6.059696126281333,6.088876247406006,751800,0.0,0.0
2024-04-09 00:00:00-04:00,6.127782611371038,6.2153220449262045,6.088876093390457,6.147235870361328,695100,0.0,0.0
2024-04-10 00:00:00-04:00,6.059696428597265,6.069422826922542,5.894343482846732,5.972156524658203,1048300,0.0,0.0
2024-04-11 00:00:00-04:00,5.99160876041604,6.098601906509822,5.835982703408527,6.001335620880127,1261900,0.0,0.0
2024-04-12 00:00:00-04:00,5.972156416562731,6.05969631891733,5.845710457808907,5.894343376159668,740900,0.0,0.0
2024-04-15 00:00:00-04:00,5.923523076115628,5.95270273228635,5.855436438713489,5.933249473571777,1045100,0.0,0.0
2024-04-16 00:00:00-04:00,5.894343567864326,5.972156610798142,5.777624003463605,5.942976951599121,1117500,0.0,0.0
2024-04-17 00:00:00-04:00,5.981882549330511,6.088875698743548,5.9721556885646665,6.049968719482422,1036500,0.0,0.0
2024-04-18 00:00:00-04:00,6.079149260194174,6.263955453360351,6.049969139672238,6.254228591918945,984400,0.0,0.0
2024-04-19 00:00:00-04:00,6.234775597648618,6.37094888079831,6.205595939689613,6.273682117462158,1542500,0.0,0.0
2024-04-22 00:00:00-04:00,6.215321921848907,6.370948454491754,6.186142265842434,6.312588214874268,1005400,0.0,0.0
2024-04-23 00:00:00-04:00,6.322315006379891,6.448761417820032,6.283408489598657,6.341768264770508,833500,0.0,0.0
2024-04-24 00:00:00-04:00,6.332041774302203,6.458487720079465,6.3125880523955775,6.439034461975098,679300,0.0,0.0
2024-04-25 00:00:00-04:00,6.390401503983915,6.653020718459842,6.332041730078403,6.643293857574463,1712500,0.0,0.0
2024-04-26 00:00:00-04:00,6.623841279694877,6.672474661510593,6.409855420070789,6.448761940002441,843000,0.0,0.0
2024-04-29 00:00:00-04:00,6.487668050756357,6.507121309495264,6.370948498322911,6.419581413269043,636100,0.0,0.0
2024-04-30 00:00:00-04:00,6.390401813234779,6.487668107784308,6.332042036505062,6.4584879875183105,556200,0.0,0.0
2024-05-01 00:00:00-04:00,6.507121562957764,6.6141147220904415,6.400128403825086,6.507121562957764,770700,0.0,0.0
2024-05-02 00:00:00-04:00,6.555754324494046,6.643294222056284,6.497394547386648,6.565481185913086,668300,0.0,0.0
2024-05-03 00:00:00-04:00,6.653021069562231,6.944819954489,6.614114551571995,6.876733779907227,1448400,0.0,0.0
2024-05-06 00:00:00-04:00,6.915640381843366,7.061540057978902,6.905913520326597,7.022633075714111,1068000,0.0,0.0
2024-05-07 00:00:00-04:00,7.051813654456439,7.051813654456439,6.798920804223235,6.915640830993652,1229400,0.0,0.0
2024-05-08 00:00:00-04:00,6.896187501249455,7.129626624841532,6.857280980650775,7.119900226593018,1106200,0.0,0.0
2024-05-09 00:00:00-04:00,7.100446576441406,7.1296262333871425,6.9350936410746185,7.022633075714111,1440700,0.0,0.0
2024-05-10 00:00:00-04:00,7.003179434351472,7.0907193280166005,6.886459885332808,6.925366401672363,1970100,0.0,0.0
2024-05-13 00:00:00-04:00,6.9545468874868,6.99345340587759,6.798920350121357,6.847553730010986,834800,0.0,0.0
2024-05-14 00:00:00-04:00,6.857280478348252,6.944819911381776,6.70165394355102,6.769740581512451,836000,0.0,0.0
2024-05-15 00:00:00-04:00,6.818374113236787,6.974000187715615,6.779467130814794,6.954546928405762,766800,0.0,0.0
2024-05-16 00:00:00-04:00,6.964273077059215,7.110172748565674,6.925366559831129,7.110172748565674,573900,0.0,0.0
2024-05-17 00:00:00-04:00,7.090719714924638,7.100446576441406,6.95454690030587,7.022633075714111,596200,0.0,0.0
2024-05-20 00:00:00-04:00,7.01290627279414,7.100446166177867,6.964272895624902,7.061539649963379,379500,0.0,0.0
2024-05-21 00:00:00-04:00,7.003180027008057,7.051813408449316,6.9448202475599246,7.003180027008057,612400,0.0,0.0
2024-05-22 00:00:00-04:00,6.974000686149397,7.012907207549764,6.8670075203972285,6.886460781097412,455300,0.0,0.0
2024-05-23 00:00:00-04:00,6.886459719438807,6.8961865801905065,6.672473884726149,6.740560054779053,708500,0.0,0.0
2024-05-24 00:00:00-04:00,6.740561352446591,6.935094430711122,6.682201568107932,6.905914306640625,920900,0.0,0.0
2024-05-28 00:00:00-04:00,6.935094091488336,7.071266914951123,6.857281049509601,6.915640830993652,940300,0.0,0.0
2024-05-29 00:00:00-04:00,6.80864735032082,6.876733990792854,6.740560709848786,6.857280731201172,517500,0.0,0.0
2024-05-30 00:00:00-04:00,6.876733008109808,7.032359062604348,6.837826494486172,6.993452548980713,675400,0.0,0.0
2024-05-31 00:00:00-04:00,7.036514125278373,7.163739109182608,7.016941086728341,7.046300411224365,715400,0.044,0.0
2024-06-03 00:00:00-04:00,7.075660028052974,7.114806104188584,6.97779483771395,7.026727199554443,562800,0.0,0.0
2024-06-04 00:00:00-04:00,6.968008518218994,7.065873714637618,6.958222231906165,6.968008518218994,731800,0.0,0.0
2024-06-05 00:00:00-04:00,7.007154060201017,7.105019715783469,6.968007984631249,7.095232963562012,498800,0.0,0.0
2024-06-06 00:00:00-04:00,7.026727296059055,7.193098355249344,7.026727296059055,7.144165992736816,472400,0.0,0.0
2024-06-07 00:00:00-04:00,7.026727199554443,7.114806104188584,6.968008085351029,7.026727199554443,750900,0.0,0.0
2024-06-10 00:00:00-04:00,6.987581049385854,7.173525142388953,6.987581049385854,7.1245927810668945,547700,0.0,0.0
2024-06-11 00:00:00-04:00,7.075660055202232,7.114806131488045,6.9777948644877,7.056087017059326,662700,0.0,0.0
2024-06-12 00:00:00-04:00,7.153952489911927,7.202885320528029,6.948435347977192,7.00715446472168,754700,0.0,0.0
2024-06-13 00:00:00-04:00,7.007153980034528,7.016940732144018,6.742917739632611,6.791850566864014,905700,0.0,0.0
2024-06-14 00:00:00-04:00,6.762490621640357,6.801636695861816,6.67441218797108,6.801636695861816,412800,0.0,0.0
2024-06-17 00:00:00-04:00,6.782064227949243,6.938649004634783,6.772277941901552,6.919075965881348,751800,0.0,0.0
2024-06-18 00:00:00-04:00,6.860356928986699,6.909289293107347,6.811424098207991,6.8212103843688965,498700,0.0,0.0
2024-06-20 00:00:00-04:00,6.870143452745943,7.026727770000253,6.870143452745943,6.928862571716309,764900,0.0,0.0
2024-06-21 00:00:00-04:00,6.928862532179006,6.958222324825695,6.762491462716605,6.870143413543701,2716400,0.0,0.0
2024-06-24 00:00:00-04:00,6.879930019378662,6.9288623838649706,6.811424149108156,6.879930019378662,667900,0.0,0.0
2024-06-25 00:00:00-04:00,6.909288985914409,6.909288985914409,6.801637042982386,6.84078311920166,492700,0.0,0.0
2024-06-26 00:00:00-04:00,6.801636999012157,6.821210036995261,6.762490923045949,6.782063961029053,469900,0.0,0.0
2024-06-27 00:00:00-04:00,6.791851255363294,6.919076245735492,6.791851255363294,6.870143413543701,393200,0.0,0.0
2024-06-28 00:00:00-04:00,6.8995032455601635,6.968008651029886,6.889716492402731,6.928862571716309,620500,0.0,0.0
2024-07-01 00:00:00-04:00,6.9680081002433205,7.026727214572231,6.801637042982386,6.84078311920166,263700,0.0,0.0
2024-07-02 00:00:00-04:00,6.840782751567214,6.860356255282979,6.693985206963087,6.772277355194092,666600,0.0,0.0
2024-07-03 00:00:00-04:00,6.81142360442497,6.8701427171078375,6.772277529303058,6.791850566864014,233600,0.0,0.0
2024-07-05 00:00:00-04:00,6.850569503425096,6.860356255282979,6.772277355194092,6.772277355194092,413600,0.0,0.0
2024-07-08 00:00:00-04:00,6.772277355194092,6.850569503425096,6.762490603336209,6.772277355194092,367600,0.0,0.0
2024-07-09 00:00:00-04:00,6.772277630821364,6.782063916419528,6.674412441549559,6.723344802856445,352600,0.0,0.0
2024-07-10 00:00:00-04:00,6.733132136727989,6.89950320619039,6.733132136727989,6.870143413543701,556800,0.0,0.0
2024-07-11 00:00:00-04:00,6.909289040138818,7.153952251758428,6.909289040138818,7.114806175231934,861300,0.0,0.0
2024-07-12 00:00:00-04:00,7.173525203850968,7.281177146334698,7.1637389181659215,7.212671279907227,660800,0.0,0.0
2024-07-15 00:00:00-04:00,7.202885362759466,7.222458401789055,6.997368219619758,7.065873622894287,652700,0.0,0.0
2024-07-16 00:00:00-04:00,7.085445880889893,7.105019384419939,6.977794411422687,7.085445880889893,669900,0.0,0.0
2024-07-17 00:00:00-04:00,7.0463009180243885,7.349683737357552,7.0365146313745255,7.320323944091797,960700,0.0,0.0
2024-07-18 00:00:00-04:00,7.281177261093154,7.388829205273584,7.075660125229626,7.144165992736816,721600,0.0,0.0
2024-07-19 00:00:00-04:00,7.105019548770046,7.105019548770046,6.879929386205919,6.889715671539307,597700,0.0,0.0
2024-07-22 00:00:00-04:00,6.9288619792313515,6.96800805519756,6.772277675366519,6.782063961029053,881600,0.0,0.0
2024-07-23 00:00:00-04:00,6.7820639881130145,6.879929645077394,6.63526643598252,6.8114237785339355,1013200,0.0,0.0
2024-07-24 00:00:00-04:00,6.801636612916337,7.25181692763122,6.791850327809322,7.085445880889893,1054200,0.0,0.0
2024-07-25 00:00:00-04:00,7.124593298233018,7.271390859513092,7.046300674450094,7.18331241607666,761400,0.0,0.0
2024-07-26 00:00:00-04:00,7.222458320837361,7.310536762154267,7.1148063740521925,7.163739204406738,828700,0.0,0.0
2024-07-29 00:00:00-04:00,7.1930980959665405,7.232244171228718,7.1148059454421855,7.2224578857421875,572500,0.0,0.0
2024-07-30 00:00:00-04:00,7.2224581893633335,7.251817513715174,7.153952321445627,7.202885150909424,692900,0.0,0.0
2024-07-31 00:00:00-04:00,7.271390208847392,7.437761261179369,7.17352502119859,7.379042148590088,1195700,0.0,0.0
2024-08-01 00:00:00-04:00,7.4866948264982085,7.995594319105955,7.457335033979769,7.976020812988281,1738000,0.0,0.0
2024-08-02 00:00:00-04:00,7.887942755522232,8.024953563693808,7.799863378858935,7.858582496643066,1383200,0.0,0.0
2024-08-05 00:00:00-04:00,7.711784149006502,7.711784149006502,7.242030787984329,7.447547912597656,1052800,0.0,0.0
2024-08-06 00:00:00-04:00,7.476908119942763,8.083673280280433,7.418189001198744,8.034740447998047,1499500,0.0,0.0
2024-08-07 00:00:00-04:00,8.093459967981149,8.2206840242444,7.936874719279956,7.946661472320557,1258400,0.0,0.0
2024-08-08 00:00:00-04:00,7.927088407248474,8.113032036891273,7.887942330833354,7.917301654815674,826500,0.0,0.0
2024-08-09 00:00:00-04:00,7.9075150327794494,8.005380692089116,7.799863087533646,7.878155708312988,665000,0.0,0.0
2024-08-12 00:00:00-04:00,7.897727875817674,7.976020025930371,7.809649440269902,7.96623420715332,434400,0.0,0.0
2024-08-13 00:00:00-04:00,8.01516743023836,8.083673772935239,7.9173026930254276,8.06410026550293,538800,0.0,0.0
2024-08-14 00:00:00-04:00,8.073885805749374,8.201110784989412,8.024952977839193,8.142391204833984,681600,0.0,0.0
2024-08-15 00:00:00-04:00,8.142390897214078,8.435986920267016,8.103244823028088,8.347908020019531,1059800,0.0,0.0
2024-08-16 00:00:00-04:00,8.32833602277896,8.347908594561016,8.210897792138352,8.250043869018555,816300,0.0,0.0
2024-08-19 00:00:00-04:00,8.26961644080061,8.289189945898757,8.191324287040205,8.250043869018555,549500,0.0,0.0
2024-08-20 00:00:00-04:00,8.230470363920407,8.259829688251536,8.142391457610927,8.250043869018555,640800,0.0,0.0
2024-08-21 00:00:00-04:00,8.250042954526213,8.31854834814393,8.220682700133487,8.308761596679688,368600,0.0,0.0
2024-08-22 00:00:00-04:00,8.318549009781268,8.377268589921146,8.269616181884048,8.328335762023926,478800,0.0,0.0
2024-08-23 00:00:00-04:00,8.416414985537791,8.719796850065139,8.416414985537791,8.553425788879395,708500,0.0,0.0
2024-08-26 00:00:00-04:00,8.592572001417741,8.817662648522488,8.592572001417741,8.729583740234375,1028300,0.0,0.0
2024-08-27 00:00:00-04:00,8.661078223704166,8.817662532685503,8.602358641178114,8.798089027404785,936900,0.0,0.0
2024-08-28 00:00:00-04:00,8.827448845354425,8.827448845354425,8.621931716730632,8.641504287719727,572800,0.0,0.0
2024-08-29 00:00:00-04:00,8.670863958514602,8.700224216149508,8.553425727923253,8.68065071105957,708000,0.0,0.0
2024-08-30 00:00:00-04:00,8.714090262906502,8.733761346541447,8.605902116820983,8.655078887939453,321900,0.044,0.0
2024-09-03 00:00:00-04:00,8.60590223199387,8.60590223199387,8.458372854632966,8.527219772338867,502100,0.0,0.0
2024-09-04 00:00:00-04:00,8.556726365014418,8.714091300964355,8.546890822025295,8.714091300964355,597500,0.0,0.0
2024-09-05 00:00:00-04:00,8.812444686889648,8.920632843800142,8.773103453652288,8.812444686889648,730000,0.0,0.0
2024-09-06 00:00:00-04:00,8.802609104760661,8.871456966095192,8.72392663863747,8.782938957214355,481200,0.0,0.0
2024-09-09 00:00:00-04:00,8.812444818986666,8.920632977518881,8.792773733088625,8.900962829589844,446800,0.0,0.0
2024-09-10 00:00:00-04:00,8.900962609165324,8.969809532165527,8.822280143459668,8.969809532165527,497800,0.0,0.0
2024-09-11 00:00:00-04:00,8.969808433358615,8.999314119891528,8.851784749258105,8.881290435791016,441700,0.0,0.0
2024-09-12 00:00:00-04:00,8.900961071818854,9.02882029099934,8.871455386767607,8.989479064941406,313600,0.0,0.0
2024-09-13 00:00:00-04:00,9.009150765018356,9.009150765018356,8.900962609165324,8.969809532165527,632700,0.0,0.0
2024-09-16 00:00:00-04:00,8.969808720787334,9.068162263007169,8.93046749149318,9.058326721191406,480200,0.0,0.0
2024-09-17 00:00:00-04:00,9.068163223014292,9.294375080911527,9.018986446698243,9.274704933166504,718200,0.0,0.0
2024-09-18 00:00:00-04:00,9.225527323703963,9.392727785297458,9.137009321922829,9.146844863891602,656300,0.0,0.0
2024-09-19 00:00:00-04:00,9.137009321922829,9.17635055182901,8.959973318360563,9.146844863891602,524000,0.0,0.0
2024-09-20 00:00:00-04:00,9.166515136479504,9.736963446983316,9.097668217684916,9.63861083984375,1617300,0.0,0.0
2024-09-23 00:00:00-04:00,9.76646984063736,10.041858447224241,9.727128611124948,9.894329071044922,1135600,0.0,0.0
2024-09-24 00:00:00-04:00,9.904163603240695,10.091035145548384,9.88449345761135,10.0516939163208,798700,0.0,0.0
2024-09-25 00:00:00-04:00,10.120540407709086,10.209058404243821,9.982845642214071,10.189387321472168,755300,0.0,0.0
2024-09-26 00:00:00-04:00,10.209059240547004,10.336918475130135,10.061528921580809,10.31724739074707,1204500,0.0,0.0
2024-09-27 00:00:00-04:00,10.317246545581359,10.425435624887747,10.169717176669367,10.189387321472168,1087200,0.0,0.0
2024-09-30 00:00:00-04:00,10.189387321472168,10.248399631818277,10.09103472152046,10.189387321472168,403600,0.0,0.0
2024-10-01 00:00:00-04:00,10.169718145512897,10.435271222446826,10.15004706086723,10.405765533447266,1087500,0.0,0.0
2024-10-02 00:00:00-04:00,10.366424560546875,10.405765792849998,10.209059631334386,10.366424560546875,1192900,0.0,0.0
2024-10-03 00:00:00-04:00,10.405765352992214,10.42543643729675,10.159882426999072,10.287741661071777,808500,0.0,0.0
2024-10-04 00:00:00-04:00,10.287741039597174,10.504118264031254,10.17955289636457,10.494282722473145,661800,0.0,0.0
2024-10-07 00:00:00-04:00,10.376259966292064,10.553295040337222,10.228729643623987,10.27790641784668,1304200,0.0,0.0
2024-10-08 00:00:00-04:00,10.27790659779411,10.34675445809886,10.169718442985172,10.179553985595703,658100,0.0,0.0
2024-10-09 00:00:00-04:00,10.179553751732334,10.199223898532528,10.002517740685839,10.032023429870605,605000,0.0,0.0
2024-10-10 00:00:00-04:00,10.01235367621298,10.11070629001374,9.943505814786565,10.08120059967041,731200,0.0,0.0
2024-10-11 00:00:00-04:00,10.081200083273401,10.287741781034834,10.081200083273401,10.159882545471191,630700,0.0,0.0
2024-10-14 00:00:00-04:00,10.13037611744945,10.159881804128425,9.97301120453642,10.091034889221191,396500,0.0,0.0
2024-10-15 00:00:00-04:00,10.091034889221191,10.13037611744945,9.913998893209598,10.091034889221191,934600,0.0,0.0
2024-10-16 00:00:00-04:00,10.140212124783748,10.425436277032446,10.100870894748372,10.38609504699707,536900,0.0,0.0
2024-10-17 00:00:00-04:00,10.386095605552715,10.464778069854944,10.27790651366043,10.336918830871582,667600,0.0,0.0
2024-10-18 00:00:00-04:00,10.317246735414452,10.415600275144678,10.268069965549339,10.307411193847656,461100,0.0,0.0
2024-10-21 00:00:00-04:00,10.277905835778107,10.317247065334458,10.041858458439997,10.110705375671387,518400,0.0,0.0
2024-10-22 00:00:00-04:00,10.081199687996348,10.159882147109052,9.98284614512102,10.110705375671387,406800,0.0,0.0
2024-10-23 00:00:00-04:00,10.100870240673464,10.110704844068792,9.864821937777448,9.973011016845703,905800,0.0,0.0
2024-10-24 00:00:00-04:00,9.992682756679285,10.071365224214635,9.904164746209768,9.982847213745117,599800,0.0,0.0
2024-10-25 00:00:00-04:00,9.973012309660842,10.071364922145651,9.904164449155605,9.992682456970215,447900,0.0,0.0
2024-10-28 00:00:00-04:00,10.012352984789949,10.13037667598189,9.992681900606831,10.041858673095703,437400,0.0,0.0
2024-10-29 00:00:00-04:00,10.022186442807435,10.032021983774232,9.79597462838397,9.923833847045898,628800,0.0,0.0
2024-10-30 00:00:00-04:00,9.992681712892331,10.425436177102322,9.943504941327255,10.327082633972168,1043200,0.0,0.0
2024-10-31 00:00:00-04:00,10.287741619765896,10.425436395438014,10.248400389283708,10.258235931396484,596600,0.0,0.0
2024-11-01 00:00:00-04:00,10.3172483605337,10.3172483605337,10.051695262183738,10.100872039794922,880300,0.0,0.0
2024-11-04 00:00:00-05:00,10.110705077305418,10.238564304082672,10.081199390501089,10.120540618896484,1071800,0.0,0.0
2024-11-05 00:00:00-05:00,9.835317584755547,10.92703749899458,9.028821842955665,10.887696266174316,1581300,0.0,0.0
2024-11-06 00:00:00-05:00,10.494283314289614,10.651648236218367,9.943505149570058,10.258235931396484,1412100,0.0,0.0
2024-11-07 00:00:00-05:00,10.228729778501464,10.563130722062487,10.10087147699304,10.366424560546875,2239400,0.0,0.0
2024-11-08 00:00:00-05:00,10.336918512724601,10.366424201437578,10.041858811688035,10.130376815795898,642200,0.0,0.0
2024-11-11 00:00:00-05:00,10.100870701357094,10.140211930639241,9.815645616600404,9.864822387695312,843000,0.0,0.0
2024-11-12 00:00:00-05:00,9.854987442717416,10.022186957902203,9.825480818300518,9.845151901245117,647600,0.0,0.0
2024-11-13 00:00:00-05:00,9.874657887133344,9.953340345359992,9.805810970677248,9.83531665802002,634100,0.0,0.0
2024-11-14 00:00:00-05:00,9.884493677547969,10.218894602407515,9.786140133306132,10.199223518371582,925900,0.0,0.0
2024-11-15 00:00:00-05:00,10.277905488813198,10.336917800140018,9.913998893209598,10.091034889221191,1039700,0.0,0.0
2024-11-18 00:00:00-05:00,10.071364500401012,10.179553588963481,9.992682038520453,10.130376815795898,567300,0.0,0.0
2024-11-19 00:00:00-05:00,10.110706125290953,10.189388590237266,9.992682427871483,10.179553985595703,479700,0.0,0.0
2024-11-20 00:00:00-05:00,10.140212001315325,10.179553230871678,10.051694000321309,10.110705375671387,469900,0.0,0.0
2024-11-21 00:00:00-05:00,10.110706013541243,10.750002206625359,10.081200324004733,10.740166664123535,2408300,0.0,0.0
2024-11-22 00:00:00-05:00,10.720494999625073,10.789342855447314,10.563130079978079,10.572965621948242,1181600,0.0,0.0
2024-11-25 00:00:00-05:00,10.346753533867783,10.769671510684528,10.297576763176846,10.612306594848633,479000,0.0,0.0
2024-11-26 00:00:00-05:00,10.504118883542734,10.730330724907567,10.484447799266354,10.69098949432373,672800,0.0,0.0
2024-11-27 00:00:00-05:00,10.769671976330185,10.946707983284472,10.572965823030383,10.907366752624512,860300,0.0,0.0
2024-11-29 00:00:00-05:00,10.93994971024614,11.137421539712323,10.93994971024614,11.117674827575684,256600,0.043,0.0
2024-12-02 00:00:00-05:00,11.058432612937528,11.522492110215477,11.009064421036479,11.443503379821777,1254700,0.0,0.0
2024-12-03 00:00:00-05:00,11.482997513094523,11.561986241892875,11.255904211584319,11.384261131286621,1005200,0.0,0.0
2024-12-04 00:00:00-05:00,11.443503242915419,11.660722719709325,11.295398668984149,11.532365798950195,891300,0.0,0.0
2024-12-05 00:00:00-05:00,11.55211239415971,12.727071380710935,11.55211239415971,12.628334999084473,2571000,0.0,0.0
2024-12-06 00:00:00-05:00,12.559220293871192,13.36885524607313,12.37162135416298,13.309613227844238,2921100,0.0,0.0
2024-12-09 00:00:00-05:00,13.40834934567737,13.793420102495055,12.75669186615507,12.865301132202148,1745600,0.0,0.0
2024-12-10 00:00:00-05:00,12.914669622726633,13.21087783164824,12.717197797318875,12.944290161132812,1214200,0.0,0.0
2024-12-11 00:00:00-05:00,12.944288562308097,13.329359280505848,12.88504749281295,13.023277282714844,778900,0.0,0.0
2024-12-12 00:00:00-05:00,12.9837841701851,13.17138310539326,12.924543094997196,12.97391128540039,905800,0.0,0.0
2024-12-13 00:00:00-05:00,13.033151880419204,13.289865707762008,12.875174430245133,13.22075080871582,1059900,0.0,0.0
2024-12-16 00:00:00-05:00,13.270119042480909,13.783546735346334,13.122015407334315,13.73417854309082,1304300,0.0,0.0
2024-12-17 00:00:00-05:00,13.793420233607181,14.208111532084986,13.457717664208964,14.148869514465332,2061000,0.0,0.0
2024-12-18 00:00:00-05:00,14.069879853432008,14.454950588403824,13.704556770232017,13.78354549407959,2290500,0.0,0.0
2024-12-19 00:00:00-05:00,13.6946841776104,13.990892389523534,13.507086176983385,13.73417854309082,1574300,0.0,0.0
2024-12-20 00:00:00-05:00,13.625568106528052,13.99089119134059,13.576199918500441,13.674936294555664,2226900,0.0,0.0
2024-12-23 00:00:00-05:00,13.684810371136036,14.02051294902759,13.684810371136036,13.99089241027832,1119400,0.0,0.0
2024-12-24 00:00:00-05:00,14.060005989012813,14.089627466589368,13.813165992260679,14.020511627197266,377300,0.0,0.0
2024-12-26 00:00:00-05:00,14.020513245835135,14.237732731708093,14.000766533457575,14.069881439208984,340000,0.0,0.0
2024-12-27 00:00:00-05:00,14.109374329872988,14.129121981805092,13.872408156406959,14.060006141662598,579500,0.0,0.0
2024-12-30 00:00:00-05:00,13.941523205445021,14.178489381469383,13.872408306176219,14.09950065612793,808500,0.0,0.0
2024-12-31 00:00:00-05:00,14.109374462498643,14.237731376404243,13.892154997303022,13.97114372253418,959200,0.0,0.0
2025-01-02 00:00:00-05:00,13.951397226910379,14.020512127147152,13.635442321119536,13.902029037475586,1379000,0.0,0.0
2025-01-03 00:00:00-05:00,13.87240843715677,14.19823716767165,13.823040247947265,14.010638236999512,1006200,0.0,0.0
2025-01-06 00:00:00-05:00,14.069881212609745,14.415457619041124,13.536706804323016,13.882283210754395,3361600,0.0,0.0
2025-01-07 00:00:00-05:00,13.842787597120115,14.040259408013581,13.349107599076513,13.437969207763672,1599900,0.0,0.0
2025-01-08 00:00:00-05:00,13.240498463492386,13.358981559573175,12.618461502853288,13.092394828796387,2792000,0.0,0.0
2025-01-10 00:00:00-05:00,12.983784469525155,13.102268505872429,12.628335185343136,13.052900314331055,1488500,0.0,0.0
2025-01-13 00:00:00-05:00,13.013404954675035,13.062772200822836,12.667828581921261,12.796185493469238,1556000,0.0,0.0
2025-01-14 00:00:00-05:00,12.825806699020754,12.99365798122114,12.677703069606252,12.84555435180664,1222300,0.0,0.0
2025-01-15 00:00:00-05:00,13.062773199343383,13.13188904414928,12.8949228546946,13.052900314331055,1183400,0.0,0.0
2025-01-16 00:00:00-05:00,13.052899706043174,13.59594790445144,12.954163327561712,13.516958236694336,2744000,0.0,0.0
2025-01-17 00:00:00-05:00,13.477464232458015,14.227858092360389,13.477464232458015,14.109375,1853100,0.0,0.0
2025-01-21 00:00:00-05:00,14.366088922174013,14.435203824386189,14.138995620931276,14.257478713989258,1006100,0.0,0.0
2025-01-22 00:00:00-05:00,14.25747811088595,14.336467777869863,13.586073945291686,13.605820655822754,2263900,0.0,0.0
2025-01-23 00:00:00-05:00,13.349107353751206,13.744050968280002,12.8751740746968,13.250370979309082,2611500,0.0,0.0
2025-01-24 00:00:00-05:00,13.329360374825859,13.467591117696106,13.210877284488461,13.299739837646484,1511400,0.0,0.0
2025-01-27 00:00:00-05:00,12.835679773271504,12.993657219821822,10.416648004325076,10.564751625061035,4053400,0.0,0.0
2025-01-28 00:00:00-05:00,10.663489628805428,10.742478364146061,10.179683389439052,10.485764503479004,1962300,0.0,0.0
2025-01-29 00:00:00-05:00,10.466017013548704,10.821466296196121,10.357406804302602,10.78197193145752,3607500,0.0,0.0
2025-01-30 00:00:00-05:00,10.831339614941818,11.51261761014492,10.79184525205497,11.394134521484375,1519000,0.0,0.0
2025-01-31 00:00:00-05:00,11.394135245528304,11.581733245756835,11.246031610696303,11.334893226623535,1396700,0.0,0.0
2025-02-03 00:00:00-05:00,10.8807079612677,11.206536695199972,10.702982854897405,10.939949035644531,1461900,0.0,0.0
2025-02-04 00:00:00-05:00,10.98931657546422,11.27565092900484,10.890580201848898,11.018937110900879,1269200,0.0,0.0
2025-02-05 00:00:00-05:00,11.13742014347265,11.14729396911312,10.653613986527738,10.762223243713379,2015700,0.0,0.0
2025-02-06 00:00:00-05:00,10.742476899096113,10.920202000184537,10.6536143485519,10.732603073120117,3320700,0.0,0.0
2025-02-07 00:00:00-05:00,10.752352050547042,10.83134078485244,10.574626927549906,10.702983856201172,2899800,0.0,0.0
2025-02-10 00:00:00-05:00,10.712855901997395,10.82146515820213,10.594371878621535,10.614119529724121,2619200,0.0,0.0
2025-02-11 00:00:00-05:00,10.545005344683904,10.5647520554973,10.248797149523815,10.426522254943848,2889100,0.0,0.0
2025-02-12 00:00:00-05:00,10.337660041245716,10.495637499413151,10.199429294539248,10.26854419708252,2250700,0.0,0.0
2025-02-13 00:00:00-05:00,10.377153525564589,10.475888957734222,10.150060242496728,10.288290977478027,887400,0.0,0.0
2025-02-14 00:00:00-05:00,10.258670384416261,10.46601601491464,10.258670384416261,10.396900177001953,815300,0.0,0.0
2025-02-18 00:00:00-05:00,10.683235299594493,10.702982952313109,10.406774752873243,10.46601676940918,3043500,0.0,0.0
2025-02-19 00:00:00-05:00,10.456142791973887,10.505510981437219,10.298165338987145,10.426522254943848,2637900,0.0,0.0
2025-02-20 00:00:00-05:00,10.643740649068576,11.334892468064218,10.406774472547763,11.137420654296875,2358900,0.0,0.0
2025-02-21 00:00:00-05:00,11.24603034227813,11.502743217591451,10.732602708411811,10.762223243713379,5543200,0.0,0.0
2025-02-24 00:00:00-05:00,10.742477031730981,10.81159193117655,10.545005217872301,10.6437406539917,2492800,0.0,0.0
2025-02-25 00:00:00-05:00,10.604247606489952,10.85108763983443,10.298166492450001,10.485764503479004,2274100,0.0,0.0
2025-02-26 00:00:00-05:00,10.535131241069488,10.811591776516877,10.495636878862717,10.604246139526367,1212900,0.0,0.0
2025-02-27 00:00:00-05:00,10.653615100799716,10.663488927472898,10.001957606288695,10.051325798034668,1956700,0.0,0.0
2025-02-28 00:00:00-05:00,10.05330751131728,10.281340652074189,9.944247360937199,10.25159740447998,3447300,0.042,0.0
2025-03-03 00:00:00-05:00,10.281341070781894,10.469717186098674,9.914504517111277,10.013649940490723,1619800,0.0,0.0
2025-03-04 00:00:00-05:00,9.815359146692742,9.894675107615932,9.597240726914388,9.617069244384766,2133700,0.0,0.0
2025-03-05 00:00:00-05:00,9.696385614199412,9.87484700656263,9.617069649931508,9.74595832824707,1455000,0.0,0.0
2025-03-06 00:00:00-05:00,9.656727474558263,9.656727474558263,9.210574946448116,9.299805641174316,1726500,0.0,0.0
2025-03-07 00:00:00-05:00,9.349377492845553,9.498094673337333,9.180830850677125,9.240317344665527,2610600,0.0,0.0
2025-03-10 00:00:00-04:00,9.081686084213686,9.131258796437379,8.466986910994073,8.68510627746582,2406900,0.0,0.0
2025-03-11 00:00:00-04:00,8.734678363681013,9.31963330033058,8.615703484662662,9.240317344665527,4193700,0.0,0.0
2025-03-12 00:00:00-04:00,9.359292277482789,9.736043579879038,9.22048981300898,9.577411651611328,2665800,0.0,0.0
2025-03-13 00:00:00-04:00,9.557582937097788,9.656727417468991,9.299805586195118,9.329548835754395,800600,0.0,0.0
2025-03-14 00:00:00-04:00,9.339463358128713,9.468352030691353,9.299805377764889,9.448522567749023,1555900,0.0,0.0
2025-03-17 00:00:00-04:00,9.46835144262495,9.617068623372464,9.369206025112758,9.60715389251709,1495100,0.0,0.0
2025-03-18 00:00:00-04:00,9.517924353720911,9.57741084907622,9.319633514481096,9.488180160522461,793000,0.0,0.0
2025-03-19 00:00:00-04:00,9.5476678624862,9.726129244473867,9.448522440155092,9.706299781799316,781700,0.0,0.0
2025-03-20 00:00:00-04:00,9.656727402415127,9.775701345987617,9.63689888458014,9.696385383605957,560200,0.0,0.0
2025-03-21 00:00:00-04:00,9.577411825260576,9.755873220557895,9.537753842474606,9.65672779083252,2183200,0.0,0.0
2025-03-24 00:00:00-04:00,9.745958096474707,9.904590021238025,9.617069421224297,9.696385383605957,1351200,0.0,0.0
2025-03-25 00:00:00-04:00,9.676557427574217,9.765788126814368,9.557583477094317,9.736043930053711,846600,0.0,0.0
2025-03-26 00:00:00-04:00,9.745958709567573,9.795531425554813,9.478267556069932,9.53775405883789,835200,0.0,0.0
2025-03-27 00:00:00-04:00,9.468352242899106,9.557582937097788,9.299805586195118,9.329548835754395,1019200,0.0,0.0
2025-03-28 00:00:00-04:00,9.260147504535068,9.517924852642667,9.260147504535068,9.389036178588867,1124000,0.0,0.0
2025-03-31 00:00:00-04:00,9.220489733060194,9.329548946418399,9.111429574181123,9.270062446594238,1524000,0.0,0.0
2025-04-01 00:00:00-04:00,9.270062236120939,9.42869415941151,9.101515581244497,9.389036178588867,694000,0.0,0.0
2025-04-02 00:00:00-04:00,9.309719728935741,9.498094891588611,9.260147019125787,9.488180160522461,696700,0.0,0.0
2025-04-03 00:00:00-04:00,9.2700620806281,9.527838478891002,9.042027985582239,9.111429214477539,1127900,0.0,0.0
2025-04-04 00:00:00-04:00,8.833823565054647,8.833823565054647,8.050577729036311,8.090235710144043,1994200,0.0,0.0
2025-04-07 00:00:00-04:00,7.753142890017975,8.55621771858821,7.753142890017975,8.258782386779785,935600,0.0,0.0
2025-04-08 00:00:00-04:00,8.576046215093967,8.615704196201698,7.961347035163702,8.090235710144043,1322100,0.0,0.0
2025-04-09 00:00:00-04:00,8.090235212947903,8.863566269783007,7.872116330260165,8.754507064819336,1922200,0.0,0.0
2025-04-10 00:00:00-04:00,8.89331135463435,9.032113821138037,8.219124704116252,8.447158813476562,1236100,0.0,0.0
2025-04-11 00:00:00-04:00,8.466987337791329,8.62561926848667,8.39758610449234,8.615704536437988,739500,0.0,0.0
2025-04-14 00:00:00-04:00,8.813994951039087,8.823908737067152,8.645448296791034,8.68510627746582,589300,0.0,0.0
2025-04-15 00:00:00-04:00,8.685106538355178,8.685106538355178,8.357927951579958,8.536388397216797,2070900,0.0,0.0
2025-04-16 00:00:00-04:00,8.516558832392452,8.665276009733203,8.417413417151447,8.595874786376953,906700,0.0,0.0
2025-04-17 00:00:00-04:00,8.566132719784086,8.804080614508978,8.556217987790328,8.645448684692383,1025500,0.0,0.0
2025-04-21 00:00:00-04:00,8.576046712032982,8.615704695438694,8.288526095961334,8.357928276062012,1295200,0.0,0.0
2025-04-22 00:00:00-04:00,8.476901054382324,8.576045526429837,8.38767036767502,8.476901054382324,1172200,0.0,0.0
2025-04-23 00:00:00-04:00,8.63553325083763,8.804079898949198,8.476901333913991,8.496729850769043,555200,0.0,0.0
2025-04-24 00:00:00-04:00,8.526474301399904,8.744592720985617,8.526474301399904,8.714849472045898,937800,0.0,0.0
2025-04-25 00:00:00-04:00,8.685106192980134,8.962712055003186,8.625618749786206,8.913139343261719,1487300,0.0,0.0
2025-04-28 00:00:00-04:00,8.923053741455078,8.99245496798863,8.823908321675036,8.923053741455078,1136100,0.0,0.0
2025-04-29 00:00:00-04:00,8.813995320850308,9.042028482917772,8.813995320850308,9.012285232543945,645000,0.0,0.0
2025-04-30 00:00:00-04:00,8.883395914779504,8.942883356770439,8.774336707570406,8.833823204040527,819400,0.0,0.0
2025-05-01 00:00:00-04:00,8.932969655709947,9.071772127161449,8.883396939254014,8.972627639770508,808200,0.0,0.0
2025-05-02 00:00:00-04:00,9.061857632857903,9.22048955671628,8.972626939307352,9.190746307373047,664100,0.0,0.0
2025-05-05 00:00:00-04:00,9.16100203567512,9.16100203567512,8.982541595591627,9.051942825317383,680900,0.0,0.0
2025-05-06 00:00:00-04:00,8.962712573910895,9.061858003133981,8.883396608740782,8.982542037963867,940300,0.0,0.0
2025-05-07 00:00:00-04:00,9.051943285221927,9.260147930498347,8.338098652056935,8.447158813476562,3130600,0.0,0.0
2025-05-08 00:00:00-04:00,8.526474152389461,8.595875380542878,8.268696811361314,8.437243461608887,874700,0.0,0.0
2025-05-09 00:00:00-04:00,8.457071721588225,8.665276345239086,8.427328474072613,8.585960388183594,1323600,0.0,0.0
2025-05-12 00:00:00-04:00,8.823908805847168,8.863566786831077,8.655362150285338,8.823908805847168,1094500,0.0,0.0
2025-05-13 00:00:00-04:00,8.873481712449534,9.141173799083854,8.744593035053848,9.071771621704102,689900,0.0,0.0
2025-05-14 00:00:00-04:00,9.101515118850836,9.101515118850836,8.853652514921528,8.923053741455078,1343300,0.0,0.0
2025-05-15 00:00:00-04:00,8.833823512456565,9.121344110155885,8.833823512456565,9.022199630737305,1178100,0.0,0.0
2025-05-16 00:00:00-04:00,9.0519425377027,9.101515248297773,8.91313913714066,9.032113075256348,824800,0.0,0.0
2025-05-19 00:00:00-04:00,8.85365385014467,8.942884552299468,8.85365385014467,8.883397102355957,712700,0.0,0.0
2025-05-20 00:00:00-04:00,8.903224962457502,9.081686353547047,8.863566980606588,9.071771621704102,1704900,0.0,0.0
2025-05-21 00:00:00-04:00,9.022199712485602,9.081686211571576,8.79416561126709,8.79416561126709,815900,0.0,0.0
2025-05-22 00:00:00-04:00,8.734678347418932,8.883395527633832,8.655361446380777,8.873480796813965,703500,0.0,0.0
2025-05-23 00:00:00-04:00,8.764422498739739,9.081686353547047,8.764422498739739,9.071771621704102,1426100,0.0,0.0
2025-05-27 00:00:00-04:00,9.081686163196643,9.398950011354163,9.071771431561508,9.359292030334473,2402400,0.0,0.0
2025-05-28 00:00:00-04:00,9.359292277482789,9.646812883848233,9.349378491106712,9.577411651611328,2450100,0.0,0.0
2025-05-29 00:00:00-04:00,9.666642579269634,9.706300562286827,9.50801064720086,9.626984596252441,1790400,0.0,0.0
2025-05-30 00:00:00-04:00,9.614031710896674,9.813287022100123,9.484517088782065,9.72362232208252,1941000,0.047,0.0
2025-06-02 00:00:00-04:00,9.683771524219193,9.853137969970703,9.584143867852513,9.853137969970703,1108600,0.0,0.0
2025-06-03 00:00:00-04:00,9.922876892403327,10.4708271095276,9.892988975140478,10.351274490356445,2047300,0.0,0.0
2025-06-04 00:00:00-04:00,10.430976085729775,10.430976085729775,9.982653532786836,10.092243194580078,1310200,0.0,0.0
2025-06-05 00:00:00-04:00,10.211796121854183,10.630230770661694,10.08228054483093,10.251646995544434,1908400,0.0,0.0
2025-06-06 00:00:00-04:00,10.30146137443269,10.371200169578964,10.152019877536615,10.321386337280273,2341000,0.0,0.0
2025-06-09 00:00:00-04:00,10.371199607849121,10.440938399218169,10.211796113222855,10.371199607849121,2994900,0.0,0.0
2025-06-10 00:00:00-04:00,10.401087445615886,10.401087445615886,10.181908117249332,10.361236572265625,1892700,0.0,0.0
2025-06-11 00:00:00-04:00,10.480790699541398,10.729858908749666,10.271573365801661,10.430976867675781,2333500,0.0,0.0
2025-06-12 00:00:00-04:00,10.650155956955105,11.467100310006295,10.650155956955105,11.367472648620605,3548700,0.0,0.0
2025-06-13 00:00:00-04:00,11.168218627722585,11.23795742281718,10.859373627795417,11.048666000366211,2592800,0.0,0.0
2025-06-16 00:00:00-04:00,11.218031634759852,11.44717391614004,11.188142767529586,11.42724895477295,1703500,0.0,0.0
2025-06-17 00:00:00-04:00,11.457137446156434,11.457137446156434,11.148292453468201,11.257883071899414,1623700,0.0,0.0
2025-06-18 00:00:00-04:00,11.307696577795378,11.387398325206043,11.198105962515884,11.337584495544434,1793000,0.0,0.0
2025-06-20 00:00:00-04:00,11.178180702263983,11.218031574905291,10.939074516296387,10.939074516296387,3164100,0.0,0.0
2025-06-23 00:00:00-04:00,10.889261796854209,11.068590251294898,10.799597094573983,10.959000587463379,1092500,0.0,0.0
2025-06-24 00:00:00-04:00,11.028739458255107,11.18814295230342,10.899223881810912,10.968963623046875,976200,0.0,0.0
2025-06-25 00:00:00-04:00,10.96896338906403,10.988888350335158,10.729858153092001,10.8195219039917,953100,0.0,0.0
2025-06-26 00:00:00-04:00,10.968964132569074,10.968964132569074,10.650156179543648,10.670082092285156,1211900,0.0,0.0
2025-06-27 00:00:00-04:00,10.72985872077877,10.819522476422327,10.520641390704204,10.650156021118164,1211000,0.0,0.0
2025-06-30 00:00:00-04:00,10.709932641779508,10.869336138382177,10.650155855493615,10.749783515930176,779000,0.0,0.0
2025-07-01 00:00:00-04:00,10.759746799382313,10.769709755753066,10.650156179543648,10.670082092285156,586900,0.0,0.0
2025-07-02 00:00:00-04:00,10.729858245544513,10.739820251206037,10.550528841960446,10.59037971496582,1387600,0.0,0.0
2025-07-03 00:00:00-04:00,10.580416739728086,10.988888424811977,10.560491778321918,10.949037551879883,519100,0.0,0.0
2025-07-07 00:00:00-04:00,10.670082186247882,10.779671856931799,10.49075277047436,10.560492515563965,773900,0.0,0.0
2025-07-08 00:00:00-04:00,10.560492051322784,10.560492051322784,10.241684109504734,10.381162643432617,792000,0.0,0.0
2025-07-09 00:00:00-04:00,10.470827571649618,10.580417239863225,10.34131199096819,10.530603408813477,758800,0.0,0.0
2025-07-10 00:00:00-04:00,10.560492445349754,11.178181489871898,10.490752700723833,11.158255577087402,1242500,0.0,0.0
2025-07-11 00:00:00-04:00,11.098479483070914,11.586652933597247,11.008814777847753,11.367472648620605,1151300,0.0,0.0
2025-07-14 00:00:00-04:00,11.297733604641124,11.716168252970037,11.297733604641124,11.576689720153809,1355500,0.0,0.0
2025-07-15 00:00:00-04:00,11.646428267916853,11.795869753548622,11.516913643870309,11.666354179382324,1100100,0.0,0.0
2025-07-16 00:00:00-04:00,11.67631712309323,12.015050016699448,11.506950676290122,11.9054594039917,1415800,0.0,0.0
2025-07-17 00:00:00-04:00,11.905459477052132,12.114676797909304,11.756018940776904,12.034975051879883,1036400,0.0,0.0
2025-07-18 00:00:00-04:00,12.503223829203584,12.762254985215336,12.244192673191833,12.313931465148926,1575900,0.0,0.0
2025-07-21 00:00:00-04:00,12.353782429462608,12.353782429462608,11.975199598824958,12.204341888427734,1424700,0.0,0.0
2025-07-22 00:00:00-04:00,12.034975744194949,12.244193077087402,11.945311037223924,12.244193077087402,676500,0.0,0.0
2025-07-23 00:00:00-04:00,12.393633118923047,12.652664272965756,12.303969365711133,12.543074607849121,885400,0.0,0.0
2025-07-24 00:00:00-04:00,12.632739083347552,12.632739083347552,12.23422940351831,12.274080276489258,1032900,0.0,0.0
2025-07-25 00:00:00-04:00,12.244192921935914,12.264118834396902,12.1047143850684,12.224267959594727,1012700,0.0,0.0
2025-07-28 00:00:00-04:00,12.244192365947892,12.26411827750408,11.935347387665312,12.15452766418457,1377600,0.0,0.0
2025-07-29 00:00:00-04:00,12.15452814851753,12.284043728434398,11.975199687964773,12.094752311706543,1226300,0.0,0.0
2025-07-30 00:00:00-04:00,12.1047143850684,12.44344729594679,12.034975591694543,12.224267959594727,1248400,0.0,0.0
2025-07-31 00:00:00-04:00,12.20434222946575,12.284043980260838,11.905460188924259,12.005087852478027,1627800,0.0,0.0
2025-08-01 00:00:00-04:00,11.955273676391396,12.612813576573757,11.81579514145704,12.323894500732422,1472300,0.0,0.0
2025-08-04 00:00:00-04:00,12.323894726028852,12.523149100920707,12.204342101093738,12.473336219787598,683800,0.0,0.0
2025-08-05 00:00:00-04:00,12.413558738201182,12.523148400734444,11.96523618223088,12.025012016296387,1702000,0.0,0.0
2025-08-06 00:00:00-04:00,11.955274007007194,12.20434221548651,11.89549721891944,12.124640464782715,1071900,0.0,0.0
2025-08-07 00:00:00-04:00,12.144565203941271,12.144565203941271,11.83572116317668,11.975199699401855,845900,0.0,0.0
2025-08-08 00:00:00-04:00,11.995124178865172,12.1445647151404,11.895496521268514,12.034975051879883,1034200,0.0,0.0
2025-08-11 00:00:00-04:00,12.034975376413513,12.06486329445056,11.925385710197816,11.955273628234863,4400500,0.0,0.0
2025-08-12 00:00:00-04:00,11.955273764420046,12.254155798554505,11.955273764420046,12.21430492401123,839100,0.0,0.0
2025-08-13 00:00:00-04:00,12.313931555178655,12.313931555178655,12.10471422765796,12.204341888427734,994100,0.0,0.0
2025-08-14 00:00:00-04:00,12.134603152854252,12.582925728180635,12.074826366088164,12.453410148620605,1772300,0.0,0.0
2025-08-15 00:00:00-04:00,12.523148632684379,12.572962462074772,12.284043391754217,12.29400634765625,750500,0.0,0.0
2025-08-18 00:00:00-04:00,12.264118810580175,12.562999895956166,12.264118810580175,12.463373184204102,729800,0.0,0.0
2025-08-19 00:00:00-04:00,12.493260953824217,12.493260953824217,12.284043626482577,12.323894500732422,650900,0.0,0.0
2025-08-20 00:00:00-04:00,12.274080200171054,12.383670812749566,12.0947517479767,12.264118194580078,660000,0.0,0.0
2025-08-21 00:00:00-04:00,12.234229327447892,12.493260475208324,12.234229327447892,12.264118194580078,647100,0.0,0.0
2025-08-22 00:00:00-04:00,12.214304855188875,12.343820434254702,12.034975445694684,12.084789276123047,2753900,0.0,0.0
2025-08-25 00:00:00-04:00,12.025012722713795,12.15452830429054,11.925386010045397,12.114677429199219,979100,0.0,0.0
2025-08-26 00:00:00-04:00,12.184416055513928,12.224267880176997,12.005087595129087,12.21430492401123,432700,0.0,0.0
2025-08-27 00:00:00-04:00,12.154527590264651,12.224267330167411,11.975199137948382,12.025012016296387,490700,0.0,0.0
2025-08-28 00:00:00-04:00,12.084789235138805,12.612813555601221,12.034975404879381,12.562999725341797,704700,0.0,0.0
2025-08-29 00:00:00-04:00,12.520000457763672,12.520000457763672,12.220000267028809,12.300000190734863,2152000,0.047,0.0
2025-09-02 00:00:00-04:00,12.109999656677246,12.279999732971191,11.949999809265137,12.100000381469727,567800,0.0,0.0
2025-09-03 00:00:00-04:00,12.0600004196167,12.119999885559082,12.010000228881836,12.039999961853027,725700,0.0,0.0
2025-09-04 00:00:00-04:00,12.0600004196167,12.130000114440918,11.9399995803833,12.119999885559082,1629500,0.0,0.0
2025-09-05 00:00:00-04:00,12.229999542236328,12.289999961853027,12.039999961853027,12.279999732971191,524700,0.0,0.0
2025-09-08 00:00:00-04:00,12.319999694824219,12.369999885559082,12.15999984741211,12.3100004196167,1131100,0.0,0.0
2025-09-09 00:00:00-04:00,12.300000190734863,12.529999732971191,12.25,12.350000381469727,918200,0.0,0.0
2025-09-10 00:00:00-04:00,12.470000267028809,12.729999542236328,12.4399995803833,12.680000305175781,705300,0.0,0.0
2025-09-11 00:00:00-04:00,12.710000038146973,12.819999694824219,12.449999809265137,12.649999618530273,947900,0.0,0.0
2025-09-12 00:00:00-04:00,12.5600004196167,12.670000076293945,12.529999732971191,12.640000343322754,699800,0.0,0.0
2025-09-15 00:00:00-04:00,12.640000343322754,13.020000457763672,12.640000343322754,13.0,1714800,0.0,0.0
2025-09-16 00:00:00-04:00,13.0,13.0,12.770000457763672,12.930000305175781,488100,0.0,0.0
2025-09-17 00:00:00-04:00,12.880000114440918,13.270000457763672,12.829999923706055,13.140000343322754,1221400,0.0,0.0
2025-09-18 00:00:00-04:00,13.279999732971191,13.59000015258789,13.180000305175781,13.470000267028809,1413900,0.0,0.0
2025-09-19 00:00:00-04:00,13.680000305175781,13.8100004196167,13.260000228881836,13.640000343322754,1695900,0.0,0.0
2025-09-22 00:00:00-04:00,13.510000228881836,13.899999618530273,13.470000267028809,13.859999656677246,1811300,0.0,0.0
2025-09-23 00:00:00-04:00,13.829999923706055,13.829999923706055,13.59000015258789,13.619999885559082,670500,0.0,0.0
2025-09-24 00:00:00-04:00,13.680000305175781,13.739999771118164,13.460000038146973,13.640000343322754,616300,0.0,0.0
2025-09-25 00:00:00-04:00,13.5,13.550000190734863,13.399999618530273,13.489999771118164,741100,0.0,0.0
2025-09-26 00:00:00-04:00,13.529999732971191,13.640000343322754,13.449999809265137,13.619999885559082,526900,0.0,0.0
2025-09-29 00:00:00-04:00,13.65999984741211,13.760000228881836,13.5600004196167,13.670000076293945,466800,0.0,0.0
2025-09-30 00:00:00-04:00,13.609999656677246,13.789999961853027,13.579999923706055,13.670000076293945,836000,0.0,0.0
2025-10-01 00:00:00-04:00,13.6899995803833,13.90999984741211,13.640000343322754,13.800000190734863,3655100,0.0,0.0
2025-10-02 00:00:00-04:00,13.899999618530273,13.90999984741211,13.65999984741211,13.699999809265137,1256600,0.0,0.0
2025-10-03 00:00:00-04:00,13.770000457763672,14.899999618530273,13.520000457763672,14.470000267028809,3363600,0.0,0.0
2025-10-06 00:00:00-04:00,14.5,14.859999656677246,14.470000267028809,14.670000076293945,2025700,0.0,0.0
2025-10-07 00:00:00-04:00,14.710000038146973,15.010000228881836,14.579999923706055,15.0,1211300,0.0,0.0
2025-10-08 00:00:00-04:00,15.069999694824219,15.699999809265137,15.050000190734863,15.609999656677246,3095700,0.0,0.0
2025-10-09 00:00:00-04:00,15.600000381469727,15.789999961853027,15.40999984741211,15.600000381469727,1332200,0.0,0.0
2025-10-10 00:00:00-04:00,15.670000076293945,16.200000762939453,15.550000190734863,15.59000015258789,4124700,0.0,0.0
2025-10-13 00:00:00-04:00,16.329999923706055,17.690000534057617,16.209999084472656,17.100000381469727,6896000,0.0,0.0
2025-10-14 00:00:00-04:00,16.8700008392334,16.920000076293945,16.170000076293945,16.729999542236328,4305100,0.0,0.0
2025-10-15 00:00:00-04:00,17.049999237060547,17.350000381469727,16.93000030517578,17.040000915527344,2777600,0.0,0.0
2025-10-16 00:00:00-04:00,17.149999618530273,17.149999618530273,16.579999923706055,16.959999084472656,2212400,0.0,0.0
2025-10-17 00:00:00-04:00,16.6299991607666,16.899999618530273,16.18000030517578,16.56999969482422,2652900,0.0,0.0
2025-10-20 00:00:00-04:00,16.719999313354492,17.100000381469727,16.59000015258789,16.860000610351562,2472200,0.0,0.0
2025-10-21 00:00:00-04:00,16.799999237060547,16.920000076293945,16.450000762939453,16.709999084472656,1607200,0.0,0.0
2025-10-22 00:00:00-04:00,16.700000762939453,17.209999084472656,16.239999771118164,16.729999542236328,2385200,0.0,0.0
2025-10-23 00:00:00-04:00,16.75,17.3700008392334,16.700000762939453,17.229999542236328,2107400,0.0,0.0
2025-10-24 00:00:00-04:00,17.520000457763672,17.520000457763672,17.030000686645508,17.270000457763672,1544800,0.0,0.0
2025-10-27 00:00:00-04:00,17.420000076293945,17.489999771118164,16.760000228881836,17.0,1521900,0.0,0.0
2025-10-28 00:00:00-04:00,17.200000762939453,17.31999969482422,16.780000686645508,17.149999618530273,2066400,0.0,0.0
2025-10-29 00:00:00-04:00,17.260000228881836,17.8799991607666,17.040000915527344,17.729999542236328,1728700,0.0,0.0
2025-10-30 00:00:00-04:00,17.579999923706055,17.81999969482422,17.489999771118164,17.639999389648438,1558000,0.0,0.0
2025-10-31 00:00:00-04:00,17.670000076293945,17.81999969482422,17.450000762939453,17.670000076293945,995900,0.0,0.0
2025-11-03 00:00:00-05:00,17.6299991607666,17.809999465942383,17.479999542236328,17.6200008392334,1437400,0.0,0.0
2025-11-04 00:00:00-05:00,17.229999542236328,17.479999542236328,16.549999237060547,16.68000030517578,1865300,0.0,0.0
2025-11-05 00:00:00-05:00,16.8700008392334,17.059999465942383,16.670000076293945,16.8700008392334,2259300,0.0,0.0
2025-11-06 00:00:00-05:00,13.8100004196167,15.149999618530273,13.520000457763672,14.9399995803833,9347500,0.0,0.0
2025-11-07 00:00:00-05:00,14.5600004196167,15.800000190734863,13.920000076293945,15.510000228881836,4135600,0.0,0.0
2025-11-10 00:00:00-05:00,15.819999694824219,15.979999542236328,15.489999771118164,15.770000457763672,2227900,0.0,0.0
2025-11-11 00:00:00-05:00,15.760000228881836,15.90999984741211,15.470000267028809,15.529999732971191,1326000,0.0,0.0
2025-11-12 00:00:00-05:00,15.600000381469727,15.649999618530273,15.25,15.260000228881836,1238200,0.0,0.0
2025-11-13 00:00:00-05:00,15.15999984741211,15.15999984741211,14.149999618530273,14.40999984741211,3635900,0.0,0.0
2025-11-14 00:00:00-05:00,14.210000038146973,14.930000305175781,14.109999656677246,14.579999923706055,1540400,0.0,0.0
2025-11-17 00:00:00-05:00,14.649999618530273,14.880000114440918,14.010000228881836,14.239999771118164,2063900,0.0,0.0
2025-11-18 00:00:00-05:00,14.170000076293945,14.649999618530273,14.109999656677246,14.420000076293945,1365300,0.0,0.0
2025-11-19 00:00:00-05:00,14.539999961853027,14.680000305175781,14.369999885559082,14.479999542236328,1672100,0.0,0.0
2025-11-20 00:00:00-05:00,14.760000228881836,14.920000076293945,13.779999732971191,13.84000015258789,1995800,0.0,0.0
2025-11-21 00:00:00-05:00,13.8100004196167,13.949999809265137,13.289999961853027,13.699999809265137,2327700,0.0,0.0
2025-11-24 00:00:00-05:00,13.850000381469727,14.229999542236328,13.75,14.1899995803833,2055900,0.0,0.0
2025-11-25 00:00:00-05:00,14.079999923706055,14.170000076293945,13.680000305175781,14.0,1446200,0.0,0.0
2025-11-26 00:00:00-05:00,14.140000343322754,14.210000038146973,13.890000343322754,14.0600004196167,889000,0.0,0.0
2025-11-28 00:00:00-05:00,14.170000076293945,14.59000015258789,14.039999961853027,14.550000190734863,782200,0.0,0.0
2025-12-01 00:00:00-05:00,14.289999961853027,14.380000114440918,14.119999885559082,14.239999771118164,1445400,0.0,0.0
2025-12-02 00:00:00-05:00,14.380000114440918,14.4399995803833,14.029999732971191,14.0600004196167,1262500,0.0,0.0
2025-12-03 00:00:00-05:00,14.069999694824219,14.149999618530273,13.90999984741211,14.0,699900,0.0,0.0
2025-12-04 00:00:00-05:00,14.010000228881836,14.420000076293945,13.920000076293945,14.260000228881836,993000,0.0,0.0
2025-12-05 00:00:00-05:00,14.279999732971191,14.380000114440918,13.970000267028809,14.0600004196167,784900,0.0,0.0
2025-12-08 00:00:00-05:00,14.15999984741211,14.170000076293945,13.880000114440918,14.109999656677246,1052400,0.0,0.0
2025-12-09 00:00:00-05:00,14.25,15.239999771118164,14.25,14.609999656677246,1828300,0.0,0.0
2025-12-10 00:00:00-05:00,14.729999542236328,14.859999656677246,14.149999618530273,14.460000038146973,1829200,0.0,0.0
2025-12-11 00:00:00-05:00,14.399999618530273,14.550000190734863,14.069999694824219,14.420000076293945,1403700,0.0,0.0
2025-12-12 00:00:00-05:00,14.539999961853027,14.539999961853027,13.84000015258789,13.850000381469727,1095700,0.0,0.0
2025-12-15 00:00:00-05:00,14.069999694824219,14.069999694824219,13.539999961853027,13.6899995803833,1227400,0.0,0.0
2025-12-16 00:00:00-05:00,13.520000457763672,13.760000228881836,13.520000457763672,13.579999923706055,929300,0.0,0.0
2025-12-17 00:00:00-05:00,13.649999618530273,13.680000305175781,12.729999542236328,12.8100004196167,2190700,0.0,0.0
2025-12-18 00:00:00-05:00,13.010000228881836,13.100000381469727,12.5,12.569999694824219,2132600,0.0,0.0
2025-12-19 00:00:00-05:00,12.579999923706055,12.920000076293945,12.489999771118164,12.529999732971191,2422300,0.0,0.0
2025-12-22 00:00:00-05:00,12.630000114440918,12.630000114440918,12.34000015258789,12.460000038146973,1550400,0.0,0.0
2025-12-23 00:00:00-05:00,12.460000038146973,12.729999542236328,12.449999809265137,12.710000038146973,910000,0.0,0.0
2025-12-24 00:00:00-05:00,12.680000305175781,12.739999771118164,12.510000228881836,12.729999542236328,708200,0.0,0.0
2025-12-26 00:00:00-05:00,12.729999542236328,12.930000305175781,12.640000343322754,12.84000015258789,570400,0.0,0.0
2025-12-29 00:00:00-05:00,12.760000228881836,12.859999656677246,12.630000114440918,12.720000267028809,1066900,0.0,0.0
2025-12-30 00:00:00-05:00,12.720000267028809,12.8100004196167,12.640000343322754,12.65999984741211,1232600,0.0,0.0
2025-12-31 00:00:00-05:00,12.670000076293945,12.800000190734863,12.619999885559082,12.640000343322754,709400,0.0,0.0
2026-01-02 00:00:00-05:00,12.789999961853027,13.039999961853027,12.710000038146973,13.020000457763672,1164700,0.0,0.0
2026-01-05 00:00:00-05:00,13.029999732971191,13.130000114440918,12.59000015258789,12.869999885559082,1318500,0.0,0.0
2026-01-06 00:00:00-05:00,12.960000038146973,12.960000038146973,12.470000267028809,12.720000267028809,1366400,0.0,0.0
2026-01-07 00:00:00-05:00,12.729999542236328,12.819999694824219,12.279999732971191,12.329999923706055,1059200,0.0,0.0
2026-01-08 00:00:00-05:00,12.279999732971191,12.399999618530273,12.100000381469727,12.199999809265137,770700,0.0,0.0
2026-01-09 00:00:00-05:00,12.550000190734863,12.630000114440918,12.350000381469727,12.369999885559082,1329000,0.0,0.0
2026-01-12 00:00:00-05:00,12.350000381469727,12.40999984741211,12.180000305175781,12.180000305175781,1182700,0.0,0.0
2026-01-13 00:00:00-05:00,12.210000038146973,12.270000457763672,12.09000015258789,12.170000076293945,1176400,0.0,0.0
2026-01-14 00:00:00-05:00,12.149999618530273,12.199999809265137,11.970000267028809,12.100000381469727,1218500,0.0,0.0
2026-01-15 00:00:00-05:00,12.3100004196167,12.420000076293945,11.960000038146973,12.350000381469727,842200,0.0,0.0
2026-01-16 00:00:00-05:00,12.350000381469727,12.5600004196167,12.020000457763672,12.5600004196167,2631300,0.0,0.0
2026-01-20 00:00:00-05:00,12.399999618530273,12.920000076293945,12.34000015258789,12.920000076293945,2616400,0.0,0.0
2026-01-21 00:00:00-05:00,13.100000381469727,13.369999885559082,12.079999923706055,12.359999656677246,2673500,0.0,0.0
2026-01-22 00:00:00-05:00,12.520000457763672,12.930000305175781,12.470000267028809,12.470000267028809,1605800,0.0,0.0
2026-01-23 00:00:00-05:00,12.5,12.819999694824219,12.380000114440918,12.699999809265137,913800,0.0,0.0
2026-01-26 00:00:00-05:00,12.789999961853027,13.220000267028809,12.75,12.850000381469727,1447900,0.0,0.0
2026-01-27 00:00:00-05:00,12.890000343322754,13.869999885559082,12.880000114440918,13.8100004196167,3754300,0.0,0.0
2026-01-28 00:00:00-05:00,13.859999656677246,13.979999542236328,13.6899995803833,13.9399995803833,2714600,0.0,0.0
2026-01-29 00:00:00-05:00,13.979999542236328,13.989999771118164,13.369999885559082,13.550000190734863,2283000,0.0,0.0
2026-01-30 00:00:00-05:00,13.3100004196167,13.569999694824219,12.680000305175781,12.779999732971191,1796500,0.0,0.0
2026-02-02 00:00:00-05:00,12.720000267028809,12.989999771118164,12.630000114440918,12.760000228881836,1239700,0.0,0.0
2026-02-03 00:00:00-05:00,12.949999809265137,13.239999771118164,12.819999694824219,13.069999694824219,2006400,0.0,0.0
2026-02-04 00:00:00-05:00,13.130000114440918,13.220000267028809,12.539999961853027,12.59000015258789,1956700,0.0,0.0
2026-02-05 00:00:00-05:00,12.479999542236328,12.609999656677246,12.3100004196167,12.359999656677246,1720500,0.0,0.0
2026-02-06 00:00:00-05:00,12.569999694824219,13.25,12.550000190734863,13.239999771118164,1770200,0.0,0.0
2026-02-09 00:00:00-05:00,13.350000381469727,13.619999885559082,13.220000267028809,13.609999656677246,1639700,0.0,0.0
2026-02-10 00:00:00-05:00,13.600000381469727,13.600000381469727,13.020000457763672,13.25,1082900,0.0,0.0
2026-02-11 00:00:00-05:00,13.4399995803833,13.539999961853027,13.039999961853027,13.539999961853027,894800,0.0,0.0
2026-02-12 00:00:00-05:00,13.569999694824219,13.680000305175781,12.989999771118164,13.34000015258789,934600,0.0,0.0
2026-02-13 00:00:00-05:00,13.3100004196167,13.670000076293945,13.289999961853027,13.579999923706055,805200,0.0,0.0
2026-02-17 00:00:00-05:00,13.529999732971191,13.630000114440918,13.210000038146973,13.430000305175781,1505900,0.0,0.0
2026-02-18 00:00:00-05:00,13.5,13.5600004196167,13.300000190734863,13.390000343322754,1265000,0.0,0.0
2026-02-19 00:00:00-05:00,13.449999809265137,13.600000381469727,13.270000457763672,13.479999542236328,664900,0.0,0.0
2026-02-20 00:00:00-05:00,13.470000267028809,13.550000190734863,13.260000228881836,13.5,725400,0.0,0.0
2026-02-23 00:00:00-05:00,13.479999542236328,13.5,12.760000228881836,12.899999618530273,1231300,0.0,0.0
2026-02-24 00:00:00-05:00,12.960000038146973,13.125,12.869999885559082,13.039999961853027,719415,0.0,0.0
