Date,Open,High,Low,Close,Volume,Dividends,Stock Splits
2022-01-03 00:00:00-05:00,13.289999961853027,14.045000076293945,13.069999694824219,13.8100004196167,1661200,0.0,0.0
2022-01-04 00:00:00-05:00,13.958000183105469,14.100000381469727,12.630000114440918,12.899999618530273,2537200,0.0,0.0
2022-01-05 00:00:00-05:00,12.819999694824219,13.0,11.300000190734863,11.414999961853027,3316200,0.0,0.0
2022-01-06 00:00:00-05:00,11.402000427246094,11.779999732971191,11.0,11.244999885559082,2079700,0.0,0.0
2022-01-07 00:00:00-05:00,11.381999969482422,11.920000076293945,11.09000015258789,11.15999984741211,1461800,0.0,0.0
2022-01-10 00:00:00-05:00,11.0,11.319999694824219,10.630000114440918,11.119999885559082,2446300,0.0,0.0
2022-01-11 00:00:00-05:00,11.050000190734863,11.6899995803833,10.90999984741211,11.470000267028809,1517400,0.0,0.0
2022-01-12 00:00:00-05:00,11.5600004196167,11.829999923706055,10.970000267028809,11.100000381469727,1352200,0.0,0.0
2022-01-13 00:00:00-05:00,10.470000267028809,10.6899995803833,9.819999694824219,9.899999618530273,5301700,0.0,0.0
2022-01-14 00:00:00-05:00,9.510000228881836,9.770000457763672,9.0,9.375,3972300,0.0,0.0
2022-01-18 00:00:00-05:00,9.149999618530273,9.430000305175781,8.859999656677246,8.890000343322754,2497400,0.0,0.0
2022-01-19 00:00:00-05:00,8.930000305175781,9.140000343322754,8.619999885559082,8.710000038146973,1967100,0.0,0.0
2022-01-20 00:00:00-05:00,8.84000015258789,9.039999961853027,8.21500015258789,8.239999771118164,1896900,0.0,0.0
2022-01-21 00:00:00-05:00,8.156000137329102,8.210000038146973,7.730000019073486,7.75,2340900,0.0,0.0
2022-01-24 00:00:00-05:00,7.489999771118164,8.126999855041504,7.119999885559082,8.079999923706055,2625800,0.0,0.0
2022-01-25 00:00:00-05:00,7.849999904632568,8.149999618530273,7.489999771118164,7.650000095367432,1747600,0.0,0.0
2022-01-26 00:00:00-05:00,7.880000114440918,7.980000019073486,7.079999923706055,7.239999771118164,2466300,0.0,0.0
2022-01-27 00:00:00-05:00,7.389999866485596,7.489999771118164,6.920000076293945,7.019999980926514,1768200,0.0,0.0
2022-01-28 00:00:00-05:00,7.010000228881836,7.369999885559082,6.739999771118164,7.340000152587891,2075700,0.0,0.0
2022-01-31 00:00:00-05:00,7.579999923706055,8.520000457763672,7.572000026702881,8.4399995803833,2619700,0.0,0.0
2022-02-01 00:00:00-05:00,8.600000381469727,8.875,8.119999885559082,8.779999732971191,2044800,0.0,0.0
2022-02-02 00:00:00-05:00,8.819999694824219,8.84000015258789,8.081999778747559,8.3100004196167,1456500,0.0,0.0
2022-02-03 00:00:00-05:00,8.020000457763672,8.34000015258789,7.71999979019165,7.760000228881836,1534500,0.0,0.0
2022-02-04 00:00:00-05:00,7.880000114440918,8.260000228881836,7.690000057220459,8.100000381469727,1641000,0.0,0.0
2022-02-07 00:00:00-05:00,8.119999885559082,8.539999961853027,7.980000019073486,8.119999885559082,1341600,0.0,0.0
2022-02-08 00:00:00-05:00,8.199999809265137,8.350000381469727,8.050000190734863,8.3100004196167,974700,0.0,0.0
2022-02-09 00:00:00-05:00,8.449999809265137,9.050000190734863,8.329999923706055,9.0,2373100,0.0,0.0
2022-02-10 00:00:00-05:00,8.6899995803833,9.710000038146973,8.53499984741211,9.510000228881836,4449200,0.0,0.0
2022-02-11 00:00:00-05:00,9.539999961853027,9.619999885559082,8.899999618530273,9.239999771118164,6117100,0.0,0.0
2022-02-14 00:00:00-05:00,9.119999885559082,9.34000015258789,8.720000267028809,8.84000015258789,1557900,0.0,0.0
2022-02-15 00:00:00-05:00,9.210000038146973,9.550000190734863,9.079999923706055,9.5,1505100,0.0,0.0
2022-02-16 00:00:00-05:00,9.399999618530273,9.640000343322754,9.109999656677246,9.470000267028809,1228900,0.0,0.0
2022-02-17 00:00:00-05:00,9.399999618530273,9.4399995803833,8.729999542236328,8.8100004196167,1647300,0.0,0.0
2022-02-18 00:00:00-05:00,8.800000190734863,8.949999809265137,8.350000381469727,8.489999771118164,1382200,0.0,0.0
2022-02-22 00:00:00-05:00,8.270000457763672,8.59000015258789,7.980000019073486,8.079999923706055,1188800,0.0,0.0
2022-02-23 00:00:00-05:00,8.239999771118164,8.34000015258789,7.650000095367432,7.710000038146973,1253000,0.0,0.0
2022-02-24 00:00:00-05:00,7.260000228881836,8.34000015258789,7.050000190734863,8.329999923706055,1925100,0.0,0.0
2022-02-25 00:00:00-05:00,8.4399995803833,8.489999771118164,7.960000038146973,8.369999885559082,1169400,0.0,0.0
2022-02-28 00:00:00-05:00,8.380000114440918,8.640000343322754,8.140000343322754,8.40999984741211,1519100,0.0,0.0
2022-03-01 00:00:00-05:00,8.430000305175781,8.574000358581543,7.920000076293945,8.09000015258789,2023400,0.0,0.0
2022-03-02 00:00:00-05:00,8.229999542236328,8.380000114440918,7.71999979019165,8.270000457763672,2063400,0.0,0.0
2022-03-03 00:00:00-05:00,7.949999809265137,8.180000305175781,7.385000228881836,7.489999771118164,2275500,0.0,0.0
2022-03-04 00:00:00-05:00,7.489999771118164,7.764999866485596,7.28000020980835,7.5,1677300,0.0,0.0
2022-03-07 00:00:00-05:00,7.519999980926514,8.020000457763672,7.420000076293945,7.679999828338623,4164200,0.0,0.0
2022-03-08 00:00:00-05:00,7.789999961853027,9.199999809265137,7.53000020980835,8.529999732971191,4150400,0.0,0.0
2022-03-09 00:00:00-05:00,8.829999923706055,8.930000305175781,8.489999771118164,8.710000038146973,1898900,0.0,0.0
2022-03-10 00:00:00-05:00,8.739999771118164,8.800000190734863,8.385000228881836,8.789999961853027,1228400,0.0,0.0
2022-03-11 00:00:00-05:00,8.970000267028809,8.982999801635742,8.40999984741211,8.4399995803833,1081800,0.0,0.0
2022-03-14 00:00:00-04:00,8.40999984741211,8.40999984741211,7.519999980926514,7.760000228881836,1865400,0.0,0.0
2022-03-15 00:00:00-04:00,7.789999961853027,8.170000076293945,7.730000019073486,8.140000343322754,954100,0.0,0.0
2022-03-16 00:00:00-04:00,8.34000015258789,8.479999542236328,8.010000228881836,8.380000114440918,1235300,0.0,0.0
2022-03-17 00:00:00-04:00,8.350000381469727,8.960000038146973,8.21500015258789,8.949999809265137,1110200,0.0,0.0
2022-03-18 00:00:00-04:00,8.899999618530273,9.59000015258789,8.8100004196167,9.59000015258789,2742300,0.0,0.0
2022-03-21 00:00:00-04:00,9.59000015258789,9.619999885559082,8.899999618530273,9.140000343322754,1406300,0.0,0.0
2022-03-22 00:00:00-04:00,9.329999923706055,9.6899995803833,9.109999656677246,9.520000457763672,1351600,0.0,0.0
2022-03-23 00:00:00-04:00,9.649999618530273,9.800000190734863,9.180000305175781,9.319999694824219,1863000,0.0,0.0
2022-03-24 00:00:00-04:00,9.390000343322754,10.369999885559082,9.079999923706055,10.069999694824219,4554300,0.0,0.0
2022-03-25 00:00:00-04:00,10.6899995803833,10.789999961853027,9.1899995803833,9.640000343322754,7473500,0.0,0.0
2022-03-28 00:00:00-04:00,9.5,9.5,8.800000190734863,9.25,3111000,0.0,0.0
2022-03-29 00:00:00-04:00,9.354999542236328,10.53499984741211,9.354999542236328,10.329999923706055,3328500,0.0,0.0
2022-03-30 00:00:00-04:00,10.149999618530273,10.470000267028809,9.600000381469727,9.770000457763672,2280900,0.0,0.0
2022-03-31 00:00:00-04:00,9.819999694824219,9.920000076293945,9.199999809265137,9.210000038146973,1823800,0.0,0.0
2022-04-01 00:00:00-04:00,9.229999542236328,9.630000114440918,9.0600004196167,9.229999542236328,2108300,0.0,0.0
2022-04-04 00:00:00-04:00,9.470000267028809,9.869999885559082,9.300000190734863,9.65999984741211,1820900,0.0,0.0
2022-04-05 00:00:00-04:00,9.649999618530273,9.729999542236328,9.125,9.199999809265137,2349800,0.0,0.0
2022-04-06 00:00:00-04:00,9.039999961853027,9.07699966430664,8.420000076293945,8.65999984741211,2305600,0.0,0.0
2022-04-07 00:00:00-04:00,8.789999961853027,8.880000114440918,8.199999809265137,8.4399995803833,1332200,0.0,0.0
2022-04-08 00:00:00-04:00,8.3100004196167,8.460000038146973,8.09000015258789,8.260000228881836,1302400,0.0,0.0
2022-04-11 00:00:00-04:00,8.100000381469727,8.479999542236328,7.900000095367432,8.130000114440918,857400,0.0,0.0
2022-04-12 00:00:00-04:00,8.239999771118164,8.678999900817871,7.940000057220459,8.0600004196167,1408900,0.0,0.0
2022-04-13 00:00:00-04:00,8.0600004196167,8.289999961853027,7.889999866485596,8.170000076293945,948700,0.0,0.0
2022-04-14 00:00:00-04:00,8.170000076293945,8.170000076293945,7.659999847412109,7.71999979019165,1312200,0.0,0.0
2022-04-18 00:00:00-04:00,7.840000152587891,7.880000114440918,7.309999942779541,7.46999979019165,1639800,0.0,0.0
2022-04-19 00:00:00-04:00,7.400000095367432,7.849999904632568,7.329999923706055,7.659999847412109,956300,0.0,0.0
2022-04-20 00:00:00-04:00,7.800000190734863,7.809999942779541,7.300000190734863,7.320000171661377,1313000,0.0,0.0
2022-04-21 00:00:00-04:00,7.449999809265137,7.559999942779541,6.795000076293945,6.900000095367432,1734700,0.0,0.0
2022-04-22 00:00:00-04:00,6.920000076293945,7.110000133514404,6.540999889373779,6.599999904632568,2022200,0.0,0.0
2022-04-25 00:00:00-04:00,6.630000114440918,6.679999828338623,6.320000171661377,6.679999828338623,1800800,0.0,0.0
2022-04-26 00:00:00-04:00,6.610000133514404,6.610000133514404,6.139999866485596,6.170000076293945,1421400,0.0,0.0
2022-04-27 00:00:00-04:00,6.179999828338623,6.34499979019165,5.914999961853027,5.989999771118164,1856500,0.0,0.0
2022-04-28 00:00:00-04:00,6.099999904632568,6.269999980926514,5.730000019073486,6.150000095367432,1365200,0.0,0.0
2022-04-29 00:00:00-04:00,6.079999923706055,6.40500020980835,5.900000095367432,5.909999847412109,1252000,0.0,0.0
2022-05-02 00:00:00-04:00,5.909999847412109,6.460000038146973,5.860000133514404,6.449999809265137,1713900,0.0,0.0
2022-05-03 00:00:00-04:00,6.380000114440918,6.570000171661377,6.179999828338623,6.400000095367432,1732700,0.0,0.0
2022-05-04 00:00:00-04:00,6.360000133514404,6.820000171661377,6.130000114440918,6.789999961853027,1354900,0.0,0.0
2022-05-05 00:00:00-04:00,6.730000019073486,6.730000019073486,6.0,6.110000133514404,1510200,0.0,0.0
2022-05-06 00:00:00-04:00,6.010000228881836,6.050000190734863,5.679999828338623,5.760000228881836,1678300,0.0,0.0
2022-05-09 00:00:00-04:00,5.619999885559082,5.650000095367432,5.164999961853027,5.210000038146973,2018500,0.0,0.0
2022-05-10 00:00:00-04:00,5.309999942779541,5.449999809265137,4.804999828338623,4.96999979019165,2466000,0.0,0.0
2022-05-11 00:00:00-04:00,3.880000114440918,4.199999809265137,3.75,3.8399999141693115,4868000,0.0,0.0
2022-05-12 00:00:00-04:00,3.809999942779541,4.480000019073486,3.619999885559082,4.460000038146973,3717300,0.0,0.0
2022-05-13 00:00:00-04:00,4.590000152587891,4.889999866485596,4.510000228881836,4.769999980926514,3903200,0.0,0.0
2022-05-16 00:00:00-04:00,4.900000095367432,5.570000171661377,4.730000019073486,5.289999961853027,3917700,0.0,0.0
2022-05-17 00:00:00-04:00,5.460000038146973,5.809999942779541,5.329999923706055,5.800000190734863,2567000,0.0,0.0
2022-05-18 00:00:00-04:00,5.53000020980835,5.579999923706055,5.019999980926514,5.090000152587891,2218600,0.0,0.0
2022-05-19 00:00:00-04:00,5.199999809265137,5.554999828338623,4.99399995803833,5.269999980926514,2174000,0.0,0.0
2022-05-20 00:00:00-04:00,5.360000133514404,5.409999847412109,4.739999771118164,5.059999942779541,1784500,0.0,0.0
2022-05-23 00:00:00-04:00,5.090000152587891,5.090000152587891,4.820000171661377,4.96999979019165,1196100,0.0,0.0
2022-05-24 00:00:00-04:00,4.869999885559082,4.869999885559082,4.46999979019165,4.570000171661377,1458600,0.0,0.0
2022-05-25 00:00:00-04:00,4.519999980926514,4.889999866485596,4.519999980926514,4.795000076293945,1472800,0.0,0.0
2022-05-26 00:00:00-04:00,4.820000171661377,5.21999979019165,4.78000020980835,5.059999942779541,1462000,0.0,0.0
2022-05-27 00:00:00-04:00,5.170000076293945,5.449999809265137,5.130000114440918,5.440000057220459,1532400,0.0,0.0
2022-05-31 00:00:00-04:00,5.480000019073486,5.550000190734863,5.019999980926514,5.150000095367432,1544600,0.0,0.0
2022-06-01 00:00:00-04:00,5.179999828338623,5.300000190734863,4.929999828338623,4.989999771118164,1165300,0.0,0.0
2022-06-02 00:00:00-04:00,5.0,5.377999782562256,4.940000057220459,5.320000171661377,1152300,0.0,0.0
2022-06-03 00:00:00-04:00,5.190000057220459,5.190000057220459,4.869999885559082,5.0,1329000,0.0,0.0
2022-06-06 00:00:00-04:00,5.079999923706055,5.144999980926514,4.829999923706055,5.110000133514404,1698300,0.0,0.0
2022-06-07 00:00:00-04:00,4.980000019073486,5.230000019073486,4.880000114440918,5.210000038146973,944200,0.0,0.0
2022-06-08 00:00:00-04:00,5.130000114440918,5.349999904632568,4.940000057220459,5.0,1586700,0.0,0.0
2022-06-09 00:00:00-04:00,5.0,5.0,4.510000228881836,4.519999980926514,1488300,0.0,0.0
2022-06-10 00:00:00-04:00,4.494999885559082,4.5,4.235000133514404,4.380000114440918,1332600,0.0,0.0
2022-06-13 00:00:00-04:00,4.090000152587891,4.199999809265137,3.8499999046325684,3.869999885559082,1637000,0.0,0.0
2022-06-14 00:00:00-04:00,3.880000114440918,3.9600000381469727,3.7279999256134033,3.8499999046325684,1170500,0.0,0.0
2022-06-15 00:00:00-04:00,3.9000000953674316,4.070000171661377,3.799999952316284,3.9600000381469727,1334000,0.0,0.0
2022-06-16 00:00:00-04:00,3.880000114440918,3.9049999713897705,3.5799999237060547,3.700000047683716,1574400,0.0,0.0
2022-06-17 00:00:00-04:00,3.6500000953674316,3.880000114440918,3.6040000915527344,3.7799999713897705,1207800,0.0,0.0
2022-06-21 00:00:00-04:00,3.9000000953674316,4.159999847412109,3.8499999046325684,3.9000000953674316,1313200,0.0,0.0
2022-06-22 00:00:00-04:00,3.75,4.070000171661377,3.75,3.8299999237060547,1072800,0.0,0.0
2022-06-23 00:00:00-04:00,3.9000000953674316,4.150000095367432,3.799999952316284,4.130000114440918,2273400,0.0,0.0
2022-06-24 00:00:00-04:00,4.170000076293945,4.329999923706055,4.120999813079834,4.179999828338623,2861300,0.0,0.0
2022-06-27 00:00:00-04:00,4.239999771118164,4.260000228881836,3.8949999809265137,3.9800000190734863,1292000,0.0,0.0
2022-06-28 00:00:00-04:00,4.059999942779541,4.179999828338623,3.7100000381469727,3.7200000286102295,1673500,0.0,0.0
2022-06-29 00:00:00-04:00,3.7100000381469727,3.7100000381469727,3.5320000648498535,3.640000104904175,1121300,0.0,0.0
2022-06-30 00:00:00-04:00,3.5199999809265137,3.635999917984009,3.4200000762939453,3.5899999141693115,1077700,0.0,0.0
2022-07-01 00:00:00-04:00,3.569999933242798,3.8499999046325684,3.549999952316284,3.7899999618530273,1413800,0.0,0.0
2022-07-05 00:00:00-04:00,3.75,4.300000190734863,3.619999885559082,4.28000020980835,1832200,0.0,0.0
2022-07-06 00:00:00-04:00,4.25,4.28000020980835,4.019999980926514,4.21999979019165,1688000,0.0,0.0
2022-07-07 00:00:00-04:00,4.260000228881836,4.505000114440918,4.164999961853027,4.429999828338623,1083200,0.0,0.0
2022-07-08 00:00:00-04:00,4.309999942779541,4.46999979019165,4.21999979019165,4.340000152587891,1108400,0.0,0.0
2022-07-11 00:00:00-04:00,4.300000190734863,4.360000133514404,4.090000152587891,4.110000133514404,1069200,0.0,0.0
2022-07-12 00:00:00-04:00,4.119999885559082,4.28000020980835,4.019999980926514,4.130000114440918,1003900,0.0,0.0
2022-07-13 00:00:00-04:00,4.050000190734863,4.235000133514404,3.930000066757202,4.199999809265137,1066900,0.0,0.0
2022-07-14 00:00:00-04:00,4.119999885559082,4.46999979019165,4.0,4.369999885559082,2205500,0.0,0.0
2022-07-15 00:00:00-04:00,4.429999828338623,4.46999979019165,4.039999961853027,4.199999809265137,1533800,0.0,0.0
2022-07-18 00:00:00-04:00,4.28000020980835,4.579999923706055,4.255000114440918,4.260000228881836,1161200,0.0,0.0
2022-07-19 00:00:00-04:00,4.420000076293945,4.650000095367432,4.335000038146973,4.570000171661377,1155900,0.0,0.0
2022-07-20 00:00:00-04:00,4.619999885559082,5.230000019073486,4.570000171661377,5.139999866485596,2443900,0.0,0.0
2022-07-21 00:00:00-04:00,5.179999828338623,5.25,4.940000057220459,5.230000019073486,1644700,0.0,0.0
2022-07-22 00:00:00-04:00,5.239999771118164,5.239999771118164,4.801000118255615,4.929999828338623,1430800,0.0,0.0
2022-07-25 00:00:00-04:00,4.909999847412109,4.909999847412109,4.723999977111816,4.840000152587891,853400,0.0,0.0
2022-07-26 00:00:00-04:00,4.679999828338623,4.697000026702881,4.400000095367432,4.480000019073486,1005000,0.0,0.0
2022-07-27 00:00:00-04:00,4.550000190734863,4.710000038146973,4.5,4.659999847412109,1157400,0.0,0.0
2022-07-28 00:00:00-04:00,4.710000038146973,4.860000133514404,4.510000228881836,4.78000020980835,978400,0.0,0.0
2022-07-29 00:00:00-04:00,4.769999980926514,4.849999904632568,4.599999904632568,4.849999904632568,895300,0.0,0.0
2022-08-01 00:00:00-04:00,4.809999942779541,4.809999942779541,4.659999847412109,4.71999979019165,831300,0.0,0.0
2022-08-02 00:00:00-04:00,4.699999809265137,5.389999866485596,4.650000095367432,5.369999885559082,2534300,0.0,0.0
2022-08-03 00:00:00-04:00,5.349999904632568,5.349999904632568,4.829999923706055,4.900000095367432,2216200,0.0,0.0
2022-08-04 00:00:00-04:00,4.920000076293945,4.985000133514404,4.599999904632568,4.619999885559082,1866300,0.0,0.0
2022-08-05 00:00:00-04:00,4.059999942779541,5.130000114440918,3.9600000381469727,4.849999904632568,3247400,0.0,0.0
2022-08-08 00:00:00-04:00,4.809999942779541,5.559999942779541,4.78000020980835,5.5,2406800,0.0,0.0
2022-08-09 00:00:00-04:00,5.480000019073486,5.480000019073486,4.909999847412109,5.0,1535300,0.0,0.0
2022-08-10 00:00:00-04:00,5.170000076293945,5.96999979019165,5.065000057220459,5.960000038146973,2384400,0.0,0.0
2022-08-11 00:00:00-04:00,6.039999961853027,6.15500020980835,5.614999771118164,5.619999885559082,2019200,0.0,0.0
2022-08-12 00:00:00-04:00,5.690000057220459,6.0,5.53000020980835,5.940000057220459,1731500,0.0,0.0
2022-08-15 00:00:00-04:00,5.880000114440918,6.158999919891357,5.730000019073486,5.909999847412109,1821400,0.0,0.0
2022-08-16 00:00:00-04:00,5.96999979019165,6.199999809265137,5.6519999504089355,5.949999809265137,2127000,0.0,0.0
2022-08-17 00:00:00-04:00,5.849999904632568,5.860000133514404,5.364999771118164,5.539999961853027,1888900,0.0,0.0
2022-08-18 00:00:00-04:00,5.590000152587891,5.590000152587891,5.289999961853027,5.320000171661377,918600,0.0,0.0
2022-08-19 00:00:00-04:00,5.239999771118164,5.300000190734863,4.880000114440918,4.980000019073486,1567700,0.0,0.0
2022-08-22 00:00:00-04:00,4.940000057220459,4.989999771118164,4.550000190734863,4.599999904632568,1282600,0.0,0.0
2022-08-23 00:00:00-04:00,4.659999847412109,4.760000228881836,4.570000171661377,4.590000152587891,873400,0.0,0.0
2022-08-24 00:00:00-04:00,4.559999942779541,4.855000019073486,4.53000020980835,4.840000152587891,1003900,0.0,0.0
2022-08-25 00:00:00-04:00,4.960000038146973,5.339000225067139,4.849999904632568,5.309999942779541,1401300,0.0,0.0
2022-08-26 00:00:00-04:00,5.260000228881836,5.380000114440918,4.869999885559082,4.920000076293945,1174900,0.0,0.0
2022-08-29 00:00:00-04:00,4.730000019073486,5.019999980926514,4.710000038146973,4.840000152587891,1199400,0.0,0.0
2022-08-30 00:00:00-04:00,4.920000076293945,4.985000133514404,4.735000133514404,4.800000190734863,859000,0.0,0.0
2022-08-31 00:00:00-04:00,4.840000152587891,4.920000076293945,4.71999979019165,4.75,842500,0.0,0.0
2022-09-01 00:00:00-04:00,4.699999809265137,4.699999809265137,4.269999980926514,4.46999979019165,1125000,0.0,0.0
2022-09-02 00:00:00-04:00,4.539999961853027,4.539999961853027,4.289999961853027,4.389999866485596,791100,0.0,0.0
2022-09-06 00:00:00-04:00,4.380000114440918,4.445000171661377,4.230000019073486,4.320000171661377,799700,0.0,0.0
2022-09-07 00:00:00-04:00,4.28000020980835,4.565000057220459,4.28000020980835,4.5,699300,0.0,0.0
2022-09-08 00:00:00-04:00,4.429999828338623,4.519999980926514,4.329999923706055,4.510000228881836,640500,0.0,0.0
2022-09-09 00:00:00-04:00,4.579999923706055,4.789999961853027,4.550000190734863,4.71999979019165,730400,0.0,0.0
2022-09-12 00:00:00-04:00,4.699999809265137,4.888999938964844,4.630000114440918,4.829999923706055,822600,0.0,0.0
2022-09-13 00:00:00-04:00,4.619999885559082,4.670000076293945,4.394999980926514,4.460000038146973,671800,0.0,0.0
2022-09-14 00:00:00-04:00,4.460000038146973,4.539000034332275,4.239999771118164,4.329999923706055,779200,0.0,0.0
2022-09-15 00:00:00-04:00,4.269999980926514,4.574999809265137,4.269999980926514,4.389999866485596,908700,0.0,0.0
2022-09-16 00:00:00-04:00,4.25,4.260000228881836,4.159999847412109,4.210000038146973,1477400,0.0,0.0
2022-09-19 00:00:00-04:00,4.099999904632568,4.269999980926514,4.085000038146973,4.25,662000,0.0,0.0
2022-09-20 00:00:00-04:00,4.170000076293945,4.235000133514404,4.074999809265137,4.090000152587891,523000,0.0,0.0
2022-09-21 00:00:00-04:00,4.110000133514404,4.25,4.005000114440918,4.019999980926514,600100,0.0,0.0
2022-09-22 00:00:00-04:00,4.050000190734863,4.050000190734863,3.7699999809265137,3.7799999713897705,819500,0.0,0.0
2022-09-23 00:00:00-04:00,3.7100000381469727,3.765000104904175,3.549999952316284,3.640000104904175,841400,0.0,0.0
2022-09-26 00:00:00-04:00,3.619999885559082,3.859999895095825,3.5199999809265137,3.5199999809265137,671800,0.0,0.0
2022-09-27 00:00:00-04:00,3.6649999618530273,3.690000057220459,3.4600000381469727,3.5299999713897705,686100,0.0,0.0
2022-09-28 00:00:00-04:00,3.5399999618530273,3.7799999713897705,3.5199999809265137,3.75,824200,0.0,0.0
2022-09-29 00:00:00-04:00,3.6600000858306885,3.6700000762939453,3.490000009536743,3.609999895095825,878000,0.0,0.0
2022-09-30 00:00:00-04:00,3.5799999237060547,3.7200000286102295,3.490999937057495,3.5,653200,0.0,0.0
2022-10-03 00:00:00-04:00,3.5799999237060547,3.694999933242798,3.440000057220459,3.6500000953674316,563900,0.0,0.0
2022-10-04 00:00:00-04:00,3.7899999618530273,3.880000114440918,3.6649999618530273,3.809999942779541,826900,0.0,0.0
2022-10-05 00:00:00-04:00,3.7699999809265137,3.7699999809265137,3.500999927520752,3.619999885559082,753000,0.0,0.0
2022-10-06 00:00:00-04:00,3.559999942779541,4.429999828338623,3.509999990463257,4.360000133514404,6527300,0.0,0.0
2022-10-07 00:00:00-04:00,4.289999961853027,4.429999828338623,3.869999885559082,4.010000228881836,4098800,0.0,0.0
2022-10-10 00:00:00-04:00,4.0,4.019999980926514,3.5299999713897705,3.549999952316284,1342500,0.0,0.0
2022-10-11 00:00:00-04:00,3.569999933242798,3.740000009536743,3.390000104904175,3.424999952316284,1392600,0.0,0.0
2022-10-12 00:00:00-04:00,3.430000066757202,3.484999895095825,3.25,3.450000047683716,1351800,0.0,0.0
2022-10-13 00:00:00-04:00,3.299999952316284,3.569999933242798,3.200000047683716,3.5,1691400,0.0,0.0
2022-10-14 00:00:00-04:00,3.5199999809265137,3.680000066757202,3.299999952316284,3.3499999046325684,1239800,0.0,0.0
2022-10-17 00:00:00-04:00,3.4600000381469727,3.640000104904175,3.4200000762939453,3.630000114440918,1080200,0.0,0.0
2022-10-18 00:00:00-04:00,3.809999942779541,3.859999895095825,3.549999952316284,3.5899999141693115,858600,0.0,0.0
2022-10-19 00:00:00-04:00,3.5199999809265137,3.549999952316284,3.380000114440918,3.440000057220459,915400,0.0,0.0
2022-10-20 00:00:00-04:00,3.4100000858306885,3.5799999237060547,3.36899995803833,3.4000000953674316,644700,0.0,0.0
2022-10-21 00:00:00-04:00,3.4200000762939453,3.4600000381469727,3.1700000762939453,3.259999990463257,2121700,0.0,0.0
2022-10-24 00:00:00-04:00,3.2200000286102295,3.2300000190734863,2.9200000762939453,3.009999990463257,1636900,0.0,0.0
2022-10-25 00:00:00-04:00,2.990000009536743,3.4000000953674316,2.990000009536743,3.3399999141693115,1916600,0.0,0.0
2022-10-26 00:00:00-04:00,3.309999942779541,3.6050000190734863,3.2899999618530273,3.4100000858306885,1318700,0.0,0.0
2022-10-27 00:00:00-04:00,3.4200000762939453,3.5399999618530273,3.299999952316284,3.309999942779541,1036100,0.0,0.0
2022-10-28 00:00:00-04:00,3.299999952316284,3.305000066757202,3.109999895095825,3.2799999713897705,918000,0.0,0.0
2022-10-31 00:00:00-04:00,3.2899999618530273,3.609999895095825,3.2100000381469727,3.569999933242798,2489500,0.0,0.0
2022-11-01 00:00:00-04:00,3.569999933242798,3.740000009536743,3.5299999713897705,3.680000066757202,1041000,0.0,0.0
2022-11-02 00:00:00-04:00,3.619999885559082,3.6700000762939453,3.3350000381469727,3.3399999141693115,997000,0.0,0.0
2022-11-03 00:00:00-04:00,3.299999952316284,3.5250000953674316,3.2699999809265137,3.4600000381469727,959900,0.0,0.0
2022-11-04 00:00:00-04:00,3.549999952316284,3.609999895095825,3.299999952316284,3.440000057220459,857600,0.0,0.0
2022-11-07 00:00:00-05:00,3.430000066757202,3.450000047683716,3.200000047683716,3.309999942779541,1276200,0.0,0.0
2022-11-08 00:00:00-05:00,3.7300000190734863,4.670000076293945,3.6500000953674316,4.46999979019165,19109900,0.0,0.0
2022-11-09 00:00:00-05:00,4.380000114440918,5.289999961853027,4.349999904632568,5.119999885559082,12937000,0.0,0.0
2022-11-10 00:00:00-05:00,5.300000190734863,5.889999866485596,5.179999828338623,5.28000020980835,7755400,0.0,0.0
2022-11-11 00:00:00-05:00,5.210000038146973,5.980000019073486,5.130000114440918,5.929999828338623,5277900,0.0,0.0
2022-11-14 00:00:00-05:00,5.920000076293945,6.255000114440918,5.440000057220459,5.760000228881836,4257000,0.0,0.0
2022-11-15 00:00:00-05:00,5.929999828338623,6.579999923706055,5.849999904632568,6.329999923706055,4148300,0.0,0.0
2022-11-16 00:00:00-05:00,6.375,6.860000133514404,6.130000114440918,6.599999904632568,4107900,0.0,0.0
2022-11-17 00:00:00-05:00,6.349999904632568,6.764999866485596,6.295000076293945,6.460000038146973,3053100,0.0,0.0
2022-11-18 00:00:00-05:00,6.619999885559082,6.699999809265137,5.869999885559082,6.03000020980835,2409900,0.0,0.0
2022-11-21 00:00:00-05:00,5.869999885559082,6.199999809265137,5.849999904632568,6.079999923706055,1936600,0.0,0.0
2022-11-22 00:00:00-05:00,6.03000020980835,6.050000190734863,5.769999980926514,5.829999923706055,1456700,0.0,0.0
2022-11-23 00:00:00-05:00,5.849999904632568,6.349999904632568,5.840000152587891,6.170000076293945,1871900,0.0,0.0
2022-11-25 00:00:00-05:00,6.170000076293945,6.190000057220459,5.809999942779541,5.840000152587891,837200,0.0,0.0
2022-11-28 00:00:00-05:00,5.78000020980835,5.96999979019165,5.539999961853027,5.559999942779541,1317300,0.0,0.0
2022-11-29 00:00:00-05:00,5.559999942779541,6.400000095367432,5.519999980926514,6.190000057220459,3366400,0.0,0.0
2022-11-30 00:00:00-05:00,6.190000057220459,6.829999923706055,5.896999835968018,6.789999961853027,3744400,0.0,0.0
2022-12-01 00:00:00-05:00,6.760000228881836,7.670000076293945,6.71999979019165,7.599999904632568,3787900,0.0,0.0
2022-12-02 00:00:00-05:00,7.349999904632568,8.149999618530273,7.15500020980835,8.020000457763672,3940500,0.0,0.0
2022-12-05 00:00:00-05:00,8.050000190734863,8.630000114440918,7.829999923706055,8.079999923706055,5017900,0.0,0.0
2022-12-06 00:00:00-05:00,8.039999961853027,8.229999542236328,6.775000095367432,6.929999828338623,3833900,0.0,0.0
2022-12-07 00:00:00-05:00,6.775000095367432,6.900000095367432,6.309999942779541,6.340000152587891,3261700,0.0,0.0
2022-12-08 00:00:00-05:00,6.389999866485596,6.480000019073486,6.050000190734863,6.380000114440918,2150500,0.0,0.0
2022-12-09 00:00:00-05:00,6.300000190734863,6.474999904632568,5.860000133514404,5.96999979019165,3139400,0.0,0.0
2022-12-12 00:00:00-05:00,5.960000038146973,6.010000228881836,5.599999904632568,5.690000057220459,2062100,0.0,0.0
2022-12-13 00:00:00-05:00,5.989999771118164,6.369999885559082,5.675000190734863,5.789999961853027,2596100,0.0,0.0
2022-12-14 00:00:00-05:00,5.800000190734863,5.869999885559082,5.53000020980835,5.570000171661377,1560300,0.0,0.0
2022-12-15 00:00:00-05:00,5.559999942779541,5.730000019073486,5.340000152587891,5.400000095367432,2024100,0.0,0.0
2022-12-16 00:00:00-05:00,5.460000038146973,5.460000038146973,4.789999961853027,4.949999809265137,4005500,0.0,0.0
2022-12-19 00:00:00-05:00,4.900000095367432,5.059999942779541,4.5,4.619999885559082,2267100,0.0,0.0
2022-12-20 00:00:00-05:00,4.559999942779541,4.670000076293945,4.300000190734863,4.440000057220459,1796300,0.0,0.0
2022-12-21 00:00:00-05:00,4.570000171661377,4.570000171661377,4.300000190734863,4.380000114440918,1459500,0.0,0.0
2022-12-22 00:00:00-05:00,4.28000020980835,4.340000152587891,4.159999847412109,4.320000171661377,1296800,0.0,0.0
2022-12-23 00:00:00-05:00,4.300000190734863,4.300000190734863,4.135000228881836,4.260000228881836,954400,0.0,0.0
2022-12-27 00:00:00-05:00,4.25,4.288000106811523,4.025000095367432,4.059999942779541,1453600,0.0,0.0
2022-12-28 00:00:00-05:00,4.039999961853027,4.224999904632568,3.890000104904175,3.9600000381469727,1390200,0.0,0.0
2022-12-29 00:00:00-05:00,3.9600000381469727,4.21999979019165,3.950000047683716,4.130000114440918,1494100,0.0,0.0
2022-12-30 00:00:00-05:00,4.0,4.110000133514404,3.819999933242798,3.9200000762939453,1844200,0.0,0.0
2023-01-03 00:00:00-05:00,3.990000009536743,4.340000152587891,3.9070000648498535,4.090000152587891,1609700,0.0,0.0
2023-01-04 00:00:00-05:00,4.150000095367432,4.46999979019165,4.110000133514404,4.460000038146973,1431200,0.0,0.0
2023-01-05 00:00:00-05:00,4.400000095367432,4.400000095367432,4.199999809265137,4.199999809265137,960800,0.0,0.0
2023-01-06 00:00:00-05:00,4.159999847412109,4.25,3.9100000858306885,4.190000057220459,1875800,0.0,0.0
2023-01-09 00:00:00-05:00,4.239999771118164,4.349999904632568,4.090000152587891,4.119999885559082,1618300,0.0,0.0
2023-01-10 00:00:00-05:00,4.059999942779541,4.25,4.019999980926514,4.199999809265137,848300,0.0,0.0
2023-01-11 00:00:00-05:00,4.25,4.454999923706055,4.135000228881836,4.230000019073486,1445300,0.0,0.0
2023-01-12 00:00:00-05:00,4.269999980926514,4.510000228881836,4.130000114440918,4.480000019073486,1721100,0.0,0.0
2023-01-13 00:00:00-05:00,4.380000114440918,4.78000020980835,4.349999904632568,4.659999847412109,1633800,0.0,0.0
2023-01-17 00:00:00-05:00,4.619999885559082,4.889999866485596,4.519999980926514,4.78000020980835,1212700,0.0,0.0
2023-01-18 00:00:00-05:00,4.860000133514404,4.929999828338623,4.570000171661377,4.590000152587891,1070500,0.0,0.0
2023-01-19 00:00:00-05:00,4.53000020980835,4.53000020980835,4.199999809265137,4.210000038146973,1003700,0.0,0.0
2023-01-20 00:00:00-05:00,4.260000228881836,4.360000133514404,4.170000076293945,4.269999980926514,759100,0.0,0.0
2023-01-23 00:00:00-05:00,4.269999980926514,4.539999961853027,4.21999979019165,4.489999771118164,1147600,0.0,0.0
2023-01-24 00:00:00-05:00,4.449999809265137,4.690000057220459,4.420000076293945,4.5,929300,0.0,0.0
2023-01-25 00:00:00-05:00,4.429999828338623,4.519999980926514,4.230000019073486,4.46999979019165,642200,0.0,0.0
2023-01-26 00:00:00-05:00,4.559999942779541,4.659999847412109,4.335000038146973,4.400000095367432,793200,0.0,0.0
2023-01-27 00:00:00-05:00,4.349999904632568,4.71999979019165,4.309999942779541,4.639999866485596,1292800,0.0,0.0
2023-01-30 00:00:00-05:00,4.590000152587891,4.894999980926514,4.5,4.800000190734863,1615700,0.0,0.0
2023-01-31 00:00:00-05:00,4.820000171661377,5.190000057220459,4.800000190734863,5.159999847412109,2137600,0.0,0.0
2023-02-01 00:00:00-05:00,5.130000114440918,5.795000076293945,5.060999870300293,5.659999847412109,2290000,0.0,0.0
2023-02-02 00:00:00-05:00,5.75,5.889999866485596,5.4730000495910645,5.610000133514404,1731700,0.0,0.0
2023-02-03 00:00:00-05:00,5.409999847412109,5.71999979019165,5.329999923706055,5.429999828338623,839700,0.0,0.0
2023-02-06 00:00:00-05:00,5.349999904632568,5.449999809265137,5.210000038146973,5.289999961853027,769900,0.0,0.0
2023-02-07 00:00:00-05:00,5.269999980926514,5.269999980926514,4.804999828338623,4.96999979019165,1649900,0.0,0.0
2023-02-08 00:00:00-05:00,4.96999979019165,5.070000171661377,4.849999904632568,4.869999885559082,710900,0.0,0.0
2023-02-09 00:00:00-05:00,4.920000076293945,4.920000076293945,4.610000133514404,4.610000133514404,1016700,0.0,0.0
2023-02-10 00:00:00-05:00,4.599999904632568,4.675000190734863,4.429999828338623,4.579999923706055,1283000,0.0,0.0
2023-02-13 00:00:00-05:00,4.610000133514404,4.815000057220459,4.440000057220459,4.809999942779541,1351000,0.0,0.0
2023-02-14 00:00:00-05:00,4.730000019073486,4.889999866485596,4.579999923706055,4.739999771118164,880600,0.0,0.0
2023-02-15 00:00:00-05:00,4.650000095367432,4.989999771118164,4.579999923706055,4.96999979019165,962000,0.0,0.0
2023-02-16 00:00:00-05:00,4.880000114440918,5.170000076293945,4.829999923706055,5.03000020980835,974800,0.0,0.0
2023-02-17 00:00:00-05:00,5.019999980926514,5.079999923706055,4.610000133514404,4.670000076293945,1060800,0.0,0.0
2023-02-21 00:00:00-05:00,4.570000171661377,4.682000160217285,4.244999885559082,4.300000190734863,1401600,0.0,0.0
2023-02-22 00:00:00-05:00,4.300000190734863,4.480000019073486,4.190000057220459,4.329999923706055,1035800,0.0,0.0
2023-02-23 00:00:00-05:00,4.349999904632568,4.420000076293945,4.204999923706055,4.329999923706055,684400,0.0,0.0
2023-02-24 00:00:00-05:00,4.199999809265137,4.289999961853027,4.139999866485596,4.159999847412109,1011200,0.0,0.0
2023-02-27 00:00:00-05:00,4.21999979019165,4.349999904632568,4.135000228881836,4.179999828338623,703300,0.0,0.0
2023-02-28 00:00:00-05:00,4.179999828338623,4.335000038146973,4.170000076293945,4.235000133514404,1043000,0.0,0.0
2023-03-01 00:00:00-05:00,4.239999771118164,4.25,4.110000133514404,4.179999828338623,958900,0.0,0.0
2023-03-02 00:00:00-05:00,4.090000152587891,4.320000171661377,4.070000171661377,4.309999942779541,984800,0.0,0.0
2023-03-03 00:00:00-05:00,4.360000133514404,4.449999809265137,4.300000190734863,4.429999828338623,687400,0.0,0.0
2023-03-06 00:00:00-05:00,4.480000019073486,4.480000019073486,4.179999828338623,4.21999979019165,1074400,0.0,0.0
2023-03-07 00:00:00-05:00,4.190000057220459,4.21999979019165,4.070000171661377,4.119999885559082,1036900,0.0,0.0
2023-03-08 00:00:00-05:00,4.170000076293945,4.190000057220459,3.9200000762939453,3.9800000190734863,1223200,0.0,0.0
2023-03-09 00:00:00-05:00,4.0,4.039999961853027,3.7899999618530273,3.809999942779541,1070200,0.0,0.0
2023-03-10 00:00:00-05:00,3.7899999618530273,3.890000104904175,3.6600000858306885,3.740000009536743,1223500,0.0,0.0
2023-03-13 00:00:00-04:00,3.680000066757202,4.0,3.609999895095825,3.8499999046325684,1169300,0.0,0.0
2023-03-14 00:00:00-04:00,3.990000009536743,4.010000228881836,3.740000009536743,3.799999952316284,728000,0.0,0.0
2023-03-15 00:00:00-04:00,3.7899999618530273,3.984999895095825,3.690000057220459,3.9700000286102295,1193100,0.0,0.0
2023-03-16 00:00:00-04:00,3.5299999713897705,3.8499999046325684,3.450000047683716,3.7200000286102295,1736800,0.0,0.0
2023-03-17 00:00:00-04:00,3.6500000953674316,3.694999933242798,3.490000009536743,3.549999952316284,1148500,0.0,0.0
2023-03-20 00:00:00-04:00,3.5199999809265137,3.5399999618530273,3.319999933242798,3.380000114440918,1221300,0.0,0.0
2023-03-21 00:00:00-04:00,3.4000000953674316,3.625,3.3949999809265137,3.5399999618530273,1386000,0.0,0.0
2023-03-22 00:00:00-04:00,3.5299999713897705,3.559999942779541,3.309999942779541,3.309999942779541,873000,0.0,0.0
2023-03-23 00:00:00-04:00,3.4000000953674316,3.4749999046325684,3.2799999713897705,3.3499999046325684,868000,0.0,0.0
2023-03-24 00:00:00-04:00,3.315000057220459,3.4700000286102295,3.2799999713897705,3.430000066757202,651900,0.0,0.0
2023-03-27 00:00:00-04:00,3.450000047683716,3.4549999237060547,3.2899999618530273,3.319999933242798,646400,0.0,0.0
2023-03-28 00:00:00-04:00,3.2799999713897705,3.3399999141693115,3.184999942779541,3.2300000190734863,750800,0.0,0.0
2023-03-29 00:00:00-04:00,3.2699999809265137,3.369999885559082,3.200000047683716,3.3399999141693115,785600,0.0,0.0
2023-03-30 00:00:00-04:00,3.4000000953674316,3.444999933242798,3.190000057220459,3.240000009536743,923900,0.0,0.0
2023-03-31 00:00:00-04:00,3.2699999809265137,3.440000057220459,3.25,3.4200000762939453,834000,0.0,0.0
2023-04-03 00:00:00-04:00,3.380000114440918,3.4159998893737793,3.2850000858306885,3.3499999046325684,599500,0.0,0.0
2023-04-04 00:00:00-04:00,3.3299999237060547,3.3299999237060547,3.2200000286102295,3.2899999618530273,685600,0.0,0.0
2023-04-05 00:00:00-04:00,3.309999942779541,3.309999942779541,3.109999895095825,3.1700000762939453,815700,0.0,0.0
2023-04-06 00:00:00-04:00,3.1600000858306885,3.259999990463257,3.130000114440918,3.2200000286102295,575600,0.0,0.0
2023-04-10 00:00:00-04:00,3.180000066757202,3.3450000286102295,3.1500000953674316,3.299999952316284,615400,0.0,0.0
2023-04-11 00:00:00-04:00,3.3399999141693115,3.4600000381469727,3.299999952316284,3.4100000858306885,676200,0.0,0.0
2023-04-12 00:00:00-04:00,3.5,3.5,3.2850000858306885,3.2899999618530273,536100,0.0,0.0
2023-04-13 00:00:00-04:00,3.319999933242798,3.509999990463257,3.299999952316284,3.430000066757202,698000,0.0,0.0
2023-04-14 00:00:00-04:00,3.4100000858306885,3.4700000286102295,3.2200000286102295,3.2300000190734863,941700,0.0,0.0
2023-04-17 00:00:00-04:00,3.240000009536743,3.369999885559082,3.2200000286102295,3.3499999046325684,677500,0.0,0.0
2023-04-18 00:00:00-04:00,3.380000114440918,3.380000114440918,3.200000047683716,3.2300000190734863,457700,0.0,0.0
2023-04-19 00:00:00-04:00,3.200000047683716,3.240000009536743,3.1480000019073486,3.2100000381469727,587900,0.0,0.0
2023-04-20 00:00:00-04:00,3.1600000858306885,3.194999933242798,3.059999942779541,3.0999999046325684,551000,0.0,0.0
2023-04-21 00:00:00-04:00,3.0999999046325684,3.119999885559082,3.049999952316284,3.059999942779541,358700,0.0,0.0
2023-04-24 00:00:00-04:00,3.0399999618530273,3.0799999237060547,2.990000009536743,3.0199999809265137,856700,0.0,0.0
2023-04-25 00:00:00-04:00,2.990000009536743,3.005000114440918,2.859999895095825,2.869999885559082,828100,0.0,0.0
2023-04-26 00:00:00-04:00,2.869999885559082,3.0899999141693115,2.7699999809265137,2.990000009536743,1464300,0.0,0.0
2023-04-27 00:00:00-04:00,3.0899999141693115,3.4800000190734863,3.0899999141693115,3.3499999046325684,2020500,0.0,0.0
2023-04-28 00:00:00-04:00,3.3299999237060547,3.6050000190734863,3.309999942779541,3.4200000762939453,1316800,0.0,0.0
2023-05-01 00:00:00-04:00,3.390000104904175,3.4600000381469727,3.2809998989105225,3.369999885559082,766300,0.0,0.0
2023-05-02 00:00:00-04:00,3.3499999046325684,3.3499999046325684,3.180000066757202,3.2100000381469727,550100,0.0,0.0
2023-05-03 00:00:00-04:00,3.2200000286102295,3.309999942779541,3.200000047683716,3.2200000286102295,549800,0.0,0.0
2023-05-04 00:00:00-04:00,3.200000047683716,3.359999895095825,3.1089999675750732,3.309999942779541,729700,0.0,0.0
2023-05-05 00:00:00-04:00,3.4000000953674316,3.6500000953674316,3.38100004196167,3.619999885559082,1500100,0.0,0.0
2023-05-08 00:00:00-04:00,3.640000104904175,3.7799999713897705,3.5799999237060547,3.740000009536743,801200,0.0,0.0
2023-05-09 00:00:00-04:00,3.6700000762939453,3.765000104904175,3.575000047683716,3.700000047683716,1031000,0.0,0.0
2023-05-10 00:00:00-04:00,4.139999866485596,4.945000171661377,4.119999885559082,4.909999847412109,3712500,0.0,0.0
2023-05-11 00:00:00-04:00,5.0,5.0,4.480000019073486,4.519999980926514,1838400,0.0,0.0
2023-05-12 00:00:00-04:00,4.489999771118164,4.489999771118164,4.0,4.039999961853027,1519700,0.0,0.0
2023-05-15 00:00:00-04:00,4.050000190734863,4.210999965667725,3.940000057220459,4.050000190734863,833300,0.0,0.0
2023-05-16 00:00:00-04:00,3.9800000190734863,4.005000114440918,3.740000009536743,3.7799999713897705,800300,0.0,0.0
2023-05-17 00:00:00-04:00,3.799999952316284,3.924999952316284,3.6500000953674316,3.890000104904175,1228200,0.0,0.0
2023-05-18 00:00:00-04:00,3.9100000858306885,3.934999942779541,3.75,3.7899999618530273,1047700,0.0,0.0
2023-05-19 00:00:00-04:00,3.799999952316284,3.799999952316284,3.505000114440918,3.5399999618530273,1567100,0.0,0.0
2023-05-22 00:00:00-04:00,3.569999933242798,3.950000047683716,3.5199999809265137,3.8299999237060547,1060100,0.0,0.0
2023-05-23 00:00:00-04:00,3.7799999713897705,4.119999885559082,3.7799999713897705,3.9000000953674316,1125000,0.0,0.0
2023-05-24 00:00:00-04:00,3.869999885559082,3.990000009536743,3.6500000953674316,3.7200000286102295,825300,0.0,0.0
2023-05-25 00:00:00-04:00,3.7200000286102295,3.740000009536743,3.5299999713897705,3.5899999141693115,847500,0.0,0.0
2023-05-26 00:00:00-04:00,3.559999942779541,3.634999990463257,3.5299999713897705,3.559999942779541,502200,0.0,0.0
2023-05-30 00:00:00-04:00,3.5999999046325684,3.880000114440918,3.5799999237060547,3.819999933242798,1007000,0.0,0.0
2023-05-31 00:00:00-04:00,3.7799999713897705,3.8399999141693115,3.619999885559082,3.700000047683716,569900,0.0,0.0
2023-06-01 00:00:00-04:00,3.700000047683716,3.7799999713897705,3.5350000858306885,3.690000057220459,687100,0.0,0.0
2023-06-02 00:00:00-04:00,3.7899999618530273,3.869999885559082,3.684999942779541,3.869999885559082,736800,0.0,0.0
2023-06-05 00:00:00-04:00,3.859999895095825,3.859999895095825,3.6700000762939453,3.700000047683716,672200,0.0,0.0
2023-06-06 00:00:00-04:00,3.680000066757202,4.070000171661377,3.6429998874664307,3.940000057220459,844700,0.0,0.0
2023-06-07 00:00:00-04:00,3.9700000286102295,4.230000019073486,3.9100000858306885,4.039999961853027,1265200,0.0,0.0
2023-06-08 00:00:00-04:00,4.050000190734863,4.059000015258789,3.819999933242798,3.8299999237060547,822500,0.0,0.0
2023-06-09 00:00:00-04:00,3.799999952316284,3.8499999046325684,3.6449999809265137,3.6700000762939453,747000,0.0,0.0
2023-06-12 00:00:00-04:00,3.700000047683716,3.8299999237060547,3.628999948501587,3.809999942779541,896400,0.0,0.0
2023-06-13 00:00:00-04:00,3.8299999237060547,3.994999885559082,3.799999952316284,3.8399999141693115,800200,0.0,0.0
2023-06-14 00:00:00-04:00,3.859999895095825,3.859999895095825,3.674999952316284,3.700000047683716,784200,0.0,0.0
2023-06-15 00:00:00-04:00,3.7100000381469727,3.809999942779541,3.690000057220459,3.759999990463257,555200,0.0,0.0
2023-06-16 00:00:00-04:00,3.740000009536743,3.7750000953674316,3.549999952316284,3.5799999237060547,1036100,0.0,0.0
2023-06-20 00:00:00-04:00,3.5399999618530273,3.5799999237060547,3.359999895095825,3.369999885559082,936700,0.0,0.0
2023-06-21 00:00:00-04:00,3.390000104904175,3.450000047683716,3.2699999809265137,3.3399999141693115,1209600,0.0,0.0
2023-06-22 00:00:00-04:00,3.3399999141693115,3.4100000858306885,3.2249999046325684,3.359999895095825,844100,0.0,0.0
2023-06-23 00:00:00-04:00,3.2699999809265137,3.3299999237060547,3.184999942779541,3.2300000190734863,990600,0.0,0.0
2023-06-26 00:00:00-04:00,3.2300000190734863,3.375,3.200000047683716,3.2100000381469727,759200,0.0,0.0
2023-06-27 00:00:00-04:00,3.2200000286102295,3.3399999141693115,3.180000066757202,3.299999952316284,598200,0.0,0.0
2023-06-28 00:00:00-04:00,3.299999952316284,3.4000000953674316,3.25,3.369999885559082,617000,0.0,0.0
2023-06-29 00:00:00-04:00,3.3299999237060547,3.440000057220459,3.299999952316284,3.3399999141693115,487900,0.0,0.0
2023-06-30 00:00:00-04:00,3.3499999046325684,3.4200000762939453,3.2750000953674316,3.4000000953674316,623200,0.0,0.0
2023-07-03 00:00:00-04:00,3.390000104904175,3.5999999046325684,3.382999897003174,3.5899999141693115,510200,0.0,0.0
2023-07-05 00:00:00-04:00,3.549999952316284,3.549999952316284,3.3299999237060547,3.4000000953674316,894100,0.0,0.0
2023-07-06 00:00:00-04:00,3.3499999046325684,3.3499999046325684,3.184999942779541,3.259999990463257,832300,0.0,0.0
2023-07-07 00:00:00-04:00,3.259999990463257,3.4100000858306885,3.25600004196167,3.369999885559082,610100,0.0,0.0
2023-07-10 00:00:00-04:00,3.4100000858306885,3.549999952316284,3.375,3.509999990463257,1071800,0.0,0.0
2023-07-11 00:00:00-04:00,3.5299999713897705,3.8410000801086426,3.4800000190734863,3.740000009536743,1677300,0.0,0.0
2023-07-12 00:00:00-04:00,3.8399999141693115,3.8499999046325684,3.694999933242798,3.7300000190734863,885300,0.0,0.0
2023-07-13 00:00:00-04:00,3.740000009536743,3.7899999618530273,3.6700000762939453,3.700000047683716,895600,0.0,0.0
2023-07-14 00:00:00-04:00,3.7100000381469727,3.7200000286102295,3.490000009536743,3.5399999618530273,1010200,0.0,0.0
2023-07-17 00:00:00-04:00,3.5,3.6700000762939453,3.450000047683716,3.640000104904175,611500,0.0,0.0
2023-07-18 00:00:00-04:00,3.619999885559082,3.740999937057495,3.619999885559082,3.640000104904175,666500,0.0,0.0
2023-07-19 00:00:00-04:00,3.6700000762939453,3.950000047683716,3.6700000762939453,3.819999933242798,1120500,0.0,0.0
2023-07-20 00:00:00-04:00,3.799999952316284,3.809999942779541,3.569999933242798,3.619999885559082,706200,0.0,0.0
2023-07-21 00:00:00-04:00,3.680000066757202,3.700000047683716,3.510999917984009,3.5799999237060547,514500,0.0,0.0
2023-07-24 00:00:00-04:00,3.549999952316284,3.630000114440918,3.4800000190734863,3.569999933242798,565200,0.0,0.0
2023-07-25 00:00:00-04:00,3.5199999809265137,3.569999933242798,3.484999895095825,3.509999990463257,559000,0.0,0.0
2023-07-26 00:00:00-04:00,3.5299999713897705,3.7100000381469727,3.509999990463257,3.690000057220459,777300,0.0,0.0
2023-07-27 00:00:00-04:00,3.7200000286102295,3.759999990463257,3.5399999618530273,3.559999942779541,640300,0.0,0.0
2023-07-28 00:00:00-04:00,3.630000114440918,3.7100000381469727,3.5850000381469727,3.6700000762939453,526400,0.0,0.0
2023-07-31 00:00:00-04:00,3.700000047683716,3.990000009536743,3.700000047683716,3.9800000190734863,1110000,0.0,0.0
2023-08-01 00:00:00-04:00,3.9800000190734863,4.059999942779541,3.819999933242798,4.019999980926514,991900,0.0,0.0
2023-08-02 00:00:00-04:00,3.859999895095825,3.934999942779541,3.6449999809265137,3.7300000190734863,1251400,0.0,0.0
2023-08-03 00:00:00-04:00,3.690000057220459,3.7799999713897705,3.621999979019165,3.7100000381469727,578500,0.0,0.0
2023-08-04 00:00:00-04:00,3.7200000286102295,3.75,3.565000057220459,3.5799999237060547,526800,0.0,0.0
2023-08-07 00:00:00-04:00,3.5799999237060547,3.5999999046325684,3.430000066757202,3.5299999713897705,842900,0.0,0.0
2023-08-08 00:00:00-04:00,3.4700000286102295,3.700000047683716,3.390000104904175,3.630000114440918,1168200,0.0,0.0
2023-08-09 00:00:00-04:00,3.3499999046325684,3.359999895095825,2.7899999618530273,2.799999952316284,4127000,0.0,0.0
2023-08-10 00:00:00-04:00,2.8499999046325684,3.0,2.700000047683716,2.944999933242798,1816100,0.0,0.0
2023-08-11 00:00:00-04:00,2.930000066757202,3.0299999713897705,2.859999895095825,2.9800000190734863,934900,0.0,0.0
2023-08-14 00:00:00-04:00,2.9700000286102295,2.9800000190734863,2.884999990463257,2.9000000953674316,697100,0.0,0.0
2023-08-15 00:00:00-04:00,2.9000000953674316,2.9100000858306885,2.799999952316284,2.859999895095825,566400,0.0,0.0
2023-08-16 00:00:00-04:00,2.859999895095825,2.9200000762939453,2.759999990463257,2.759999990463257,699500,0.0,0.0
2023-08-17 00:00:00-04:00,2.7799999713897705,2.8399999141693115,2.7100000381469727,2.7300000190734863,676500,0.0,0.0
2023-08-18 00:00:00-04:00,2.700000047683716,2.8299999237060547,2.700000047683716,2.7699999809265137,756800,0.0,0.0
2023-08-21 00:00:00-04:00,2.799999952316284,2.8299999237060547,2.7200000286102295,2.740000009536743,471300,0.0,0.0
2023-08-22 00:00:00-04:00,2.7300000190734863,2.75,2.6500000953674316,2.6600000858306885,532100,0.0,0.0
2023-08-23 00:00:00-04:00,2.6500000953674316,2.684999942779541,2.5999999046325684,2.6500000953674316,603300,0.0,0.0
2023-08-24 00:00:00-04:00,2.6700000762939453,2.6700000762939453,2.5999999046325684,2.609999895095825,486000,0.0,0.0
2023-08-25 00:00:00-04:00,2.5999999046325684,2.6700000762939453,2.549999952316284,2.630000114440918,448200,0.0,0.0
2023-08-28 00:00:00-04:00,2.640000104904175,2.700000047683716,2.6010000705718994,2.6600000858306885,371500,0.0,0.0
2023-08-29 00:00:00-04:00,2.6600000858306885,2.7799999713897705,2.630000114440918,2.6600000858306885,590100,0.0,0.0
2023-08-30 00:00:00-04:00,2.6600000858306885,3.130000114440918,2.640000104904175,3.0,2853100,0.0,0.0
2023-08-31 00:00:00-04:00,3.049999952316284,3.549999952316284,3.0299999713897705,3.25,3259100,0.0,0.0
2023-09-01 00:00:00-04:00,3.299999952316284,3.4000000953674316,3.2100000381469727,3.25,1829900,0.0,0.0
2023-09-05 00:00:00-04:00,3.2200000286102295,3.3949999809265137,3.130000114440918,3.299999952316284,1405400,0.0,0.0
2023-09-06 00:00:00-04:00,3.3299999237060547,3.3510000705718994,3.130000114440918,3.2100000381469727,849200,0.0,0.0
2023-09-07 00:00:00-04:00,3.1700000762939453,3.2750000953674316,3.0999999046325684,3.25,709200,0.0,0.0
2023-09-08 00:00:00-04:00,3.25,3.505000114440918,3.180000066757202,3.450000047683716,1430500,0.0,0.0
2023-09-11 00:00:00-04:00,3.5,3.7750000953674316,3.424999952316284,3.6600000858306885,2120700,0.0,0.0
2023-09-12 00:00:00-04:00,3.5799999237060547,3.7300000190734863,3.4200000762939453,3.4600000381469727,1504300,0.0,0.0
2023-09-13 00:00:00-04:00,3.4600000381469727,3.5899999141693115,3.299999952316284,3.390000104904175,1366700,0.0,0.0
2023-09-14 00:00:00-04:00,3.369999885559082,3.6500000953674316,3.369999885559082,3.5899999141693115,917200,0.0,0.0
2023-09-15 00:00:00-04:00,3.690000057220459,3.7799999713897705,3.5399999618530273,3.609999895095825,1546600,0.0,0.0
2023-09-18 00:00:00-04:00,3.5999999046325684,3.5999999046325684,3.372999906539917,3.4100000858306885,1033600,0.0,0.0
2023-09-19 00:00:00-04:00,3.4100000858306885,3.430000066757202,3.25,3.259999990463257,952000,0.0,0.0
2023-09-20 00:00:00-04:00,3.2699999809265137,3.380000114440918,3.140000104904175,3.1600000858306885,994900,0.0,0.0
2023-09-21 00:00:00-04:00,3.0899999141693115,3.240000009536743,3.059999942779541,3.0799999237060547,915200,0.0,0.0
2023-09-22 00:00:00-04:00,3.119999885559082,3.1600000858306885,2.9800000190734863,3.009999990463257,944000,0.0,0.0
2023-09-25 00:00:00-04:00,3.0,3.125,2.9600000381469727,2.9600000381469727,1267800,0.0,0.0
2023-09-26 00:00:00-04:00,2.9200000762939453,3.059999942779541,2.859999895095825,2.859999895095825,838200,0.0,0.0
2023-09-27 00:00:00-04:00,2.9200000762939453,2.989000082015991,2.799999952316284,2.890000104904175,1028300,0.0,0.0
2023-09-28 00:00:00-04:00,2.880000114440918,2.924999952316284,2.7699999809265137,2.890000104904175,671200,0.0,0.0
2023-09-29 00:00:00-04:00,2.9000000953674316,2.9600000381469727,2.859999895095825,2.9200000762939453,687100,0.0,0.0
2023-10-02 00:00:00-04:00,2.9000000953674316,2.950000047683716,2.7699999809265137,2.799999952316284,717500,0.0,0.0
2023-10-03 00:00:00-04:00,2.759999990463257,2.799999952316284,2.700000047683716,2.7200000286102295,579700,0.0,0.0
2023-10-04 00:00:00-04:00,2.7100000381469727,2.7899999618530273,2.630000114440918,2.7699999809265137,931500,0.0,0.0
2023-10-05 00:00:00-04:00,2.7899999618530273,2.815000057220459,2.694999933242798,2.7799999713897705,515000,0.0,0.0
2023-10-06 00:00:00-04:00,2.7300000190734863,2.805000066757202,2.680000066757202,2.759999990463257,572000,0.0,0.0
2023-10-09 00:00:00-04:00,2.700000047683716,2.740000009536743,2.640000104904175,2.7100000381469727,640500,0.0,0.0
2023-10-10 00:00:00-04:00,2.7200000286102295,2.8499999046325684,2.7200000286102295,2.799999952316284,571000,0.0,0.0
2023-10-11 00:00:00-04:00,2.799999952316284,2.859999895095825,2.7100000381469727,2.740000009536743,429800,0.0,0.0
2023-10-12 00:00:00-04:00,2.7300000190734863,2.7300000190734863,2.559999942779541,2.5899999141693115,766900,0.0,0.0
2023-10-13 00:00:00-04:00,2.5999999046325684,2.634999990463257,2.5399999618530273,2.559999942779541,469900,0.0,0.0
2023-10-16 00:00:00-04:00,2.5799999237060547,2.6600000858306885,2.5399999618530273,2.640000104904175,471800,0.0,0.0
2023-10-17 00:00:00-04:00,2.5999999046325684,2.680000066757202,2.5799999237060547,2.630000114440918,584300,0.0,0.0
2023-10-18 00:00:00-04:00,2.5999999046325684,2.5999999046325684,2.359999895095825,2.365000009536743,1004000,0.0,0.0
2023-10-19 00:00:00-04:00,2.369999885559082,2.380000114440918,2.2200000286102295,2.2300000190734863,888200,0.0,0.0
2023-10-20 00:00:00-04:00,2.240000009536743,2.244999885559082,2.1649999618530273,2.180000066757202,866700,0.0,0.0
2023-10-23 00:00:00-04:00,2.180000066757202,2.2300000190734863,2.115000009536743,2.130000114440918,562100,0.0,0.0
2023-10-24 00:00:00-04:00,2.1500000953674316,2.244999885559082,2.1500000953674316,2.180000066757202,641000,0.0,0.0
2023-10-25 00:00:00-04:00,2.1600000858306885,2.1700000762939453,2.0399999618530273,2.049999952316284,630100,0.0,0.0
2023-10-26 00:00:00-04:00,2.0299999713897705,2.0950000286102295,1.909999966621399,1.940000057220459,779500,0.0,0.0
2023-10-27 00:00:00-04:00,1.9500000476837158,1.9700000286102295,1.8550000190734863,1.8600000143051147,620200,0.0,0.0
2023-10-30 00:00:00-04:00,1.899999976158142,1.9889999628067017,1.8799999952316284,1.940000057220459,778100,0.0,0.0
2023-10-31 00:00:00-04:00,1.940000057220459,2.0999999046325684,1.940000057220459,2.0399999618530273,615300,0.0,0.0
2023-11-01 00:00:00-04:00,2.0399999618530273,2.0999999046325684,1.9950000047683716,2.049999952316284,628300,0.0,0.0
2023-11-02 00:00:00-04:00,2.109999895095825,2.2300000190734863,2.109999895095825,2.180000066757202,766800,0.0,0.0
2023-11-03 00:00:00-04:00,2.2300000190734863,2.3399999141693115,2.2300000190734863,2.2699999809265137,636200,0.0,0.0
2023-11-06 00:00:00-05:00,2.2699999809265137,2.2699999809265137,2.0299999713897705,2.109999895095825,793900,0.0,0.0
2023-11-07 00:00:00-05:00,2.069999933242798,2.1600000858306885,2.049999952316284,2.1449999809265137,403100,0.0,0.0
2023-11-08 00:00:00-05:00,2.1700000762939453,2.1700000762939453,1.9700000286102295,2.0299999713897705,1071000,0.0,0.0
2023-11-09 00:00:00-05:00,2.009999990463257,2.0199999809265137,1.7899999618530273,1.7949999570846558,1247200,0.0,0.0
2023-11-10 00:00:00-05:00,1.8300000429153442,1.8799999952316284,1.7699999809265137,1.8799999952316284,545000,0.0,0.0
2023-11-13 00:00:00-05:00,1.8799999952316284,1.9500000476837158,1.8300000429153442,1.9500000476837158,1044500,0.0,0.0
2023-11-14 00:00:00-05:00,2.0,2.2100000381469727,2.0,2.200000047683716,1389700,0.0,0.0
2023-11-15 00:00:00-05:00,2.2200000286102295,2.390000104904175,2.2200000286102295,2.359999895095825,1309900,0.0,0.0
2023-11-16 00:00:00-05:00,2.5199999809265137,2.630000114440918,2.4000000953674316,2.450000047683716,1317200,0.0,0.0
2023-11-17 00:00:00-05:00,2.5399999618530273,2.75,2.4679999351501465,2.740000009536743,3402500,0.0,0.0
2023-11-20 00:00:00-05:00,2.7300000190734863,2.7699999809265137,2.615000009536743,2.640000104904175,955200,0.0,0.0
2023-11-21 00:00:00-05:00,2.569999933242798,2.569999933242798,2.4100000858306885,2.5,758100,0.0,0.0
2023-11-22 00:00:00-05:00,2.509999990463257,2.700000047683716,2.5,2.680000066757202,808400,0.0,0.0
2023-11-24 00:00:00-05:00,2.6700000762939453,2.740000009536743,2.6700000762939453,2.7200000286102295,258600,0.0,0.0
2023-11-27 00:00:00-05:00,2.700000047683716,2.7200000286102295,2.6050000190734863,2.6500000953674316,580800,0.0,0.0
2023-11-28 00:00:00-05:00,2.630000114440918,2.690000057220459,2.569999933242798,2.6700000762939453,422000,0.0,0.0
2023-11-29 00:00:00-05:00,2.700000047683716,2.859999895095825,2.700000047683716,2.7799999713897705,611600,0.0,0.0
2023-11-30 00:00:00-05:00,2.799999952316284,2.799999952316284,2.6500000953674316,2.6600000858306885,620900,0.0,0.0
2023-12-01 00:00:00-05:00,2.640000104904175,2.9200000762939453,2.6050000190734863,2.9100000858306885,1019300,0.0,0.0
2023-12-04 00:00:00-05:00,2.890000104904175,3.0199999809265137,2.859999895095825,3.0,734200,0.0,0.0
2023-12-05 00:00:00-05:00,2.940000057220459,2.9600000381469727,2.740000009536743,2.75,669100,0.0,0.0
2023-12-06 00:00:00-05:00,2.7799999713897705,2.859999895095825,2.690000057220459,2.690000057220459,690700,0.0,0.0
2023-12-07 00:00:00-05:00,2.7100000381469727,2.734999895095825,2.6700000762939453,2.690000057220459,317300,0.0,0.0
2023-12-08 00:00:00-05:00,2.6700000762939453,2.7799999713897705,2.640000104904175,2.7300000190734863,566200,0.0,0.0
2023-12-11 00:00:00-05:00,2.7200000286102295,2.7300000190734863,2.5199999809265137,2.5399999618530273,589500,0.0,0.0
2023-12-12 00:00:00-05:00,2.5299999713897705,2.5399999618530273,2.359999895095825,2.380000114440918,728900,0.0,0.0
2023-12-13 00:00:00-05:00,2.380000114440918,2.549999952316284,2.2300000190734863,2.549999952316284,1167000,0.0,0.0
2023-12-14 00:00:00-05:00,2.5999999046325684,2.7799999713897705,2.430000066757202,2.450000047683716,1378500,0.0,0.0
2023-12-15 00:00:00-05:00,2.4800000190734863,2.5,2.299999952316284,2.3399999141693115,1051400,0.0,0.0
2023-12-18 00:00:00-05:00,2.3399999141693115,2.359999895095825,2.2799999713897705,2.2799999713897705,663000,0.0,0.0
2023-12-19 00:00:00-05:00,2.319999933242798,2.6500000953674316,2.319999933242798,2.5899999141693115,1079600,0.0,0.0
2023-12-20 00:00:00-05:00,2.559999942779541,2.6600000858306885,2.390000104904175,2.390000104904175,921800,0.0,0.0
2023-12-21 00:00:00-05:00,2.440000057220459,2.490000009536743,2.3299999237060547,2.369999885559082,655300,0.0,0.0
2023-12-22 00:00:00-05:00,2.380000114440918,2.549999952316284,2.3350000381469727,2.4600000381469727,982200,0.0,0.0
2023-12-26 00:00:00-05:00,2.440000057220459,2.625,2.380000114440918,2.559999942779541,949300,0.0,0.0
2023-12-27 00:00:00-05:00,2.5799999237060547,2.628999948501587,2.5199999809265137,2.559999942779541,729600,0.0,0.0
2023-12-28 00:00:00-05:00,2.5299999713897705,2.6700000762939453,2.5,2.5799999237060547,903300,0.0,0.0
2023-12-29 00:00:00-05:00,2.5899999141693115,2.609999895095825,2.4800000190734863,2.509999990463257,912900,0.0,0.0
2024-01-02 00:00:00-05:00,2.4700000286102295,2.630000114440918,2.430000066757202,2.549999952316284,669500,0.0,0.0
2024-01-03 00:00:00-05:00,2.4800000190734863,2.6110000610351562,2.421999931335449,2.5299999713897705,1625300,0.0,0.0
2024-01-04 00:00:00-05:00,2.509999990463257,2.5299999713897705,2.440000057220459,2.450000047683716,715800,0.0,0.0
2024-01-05 00:00:00-05:00,2.4200000762939453,2.509999990463257,2.359999895095825,2.4800000190734863,650600,0.0,0.0
2024-01-08 00:00:00-05:00,2.5199999809265137,2.8499999046325684,2.509999990463257,2.75,1318600,0.0,0.0
2024-01-09 00:00:00-05:00,2.690000057220459,2.694999933242798,2.5,2.5399999618530273,1120900,0.0,0.0
2024-01-10 00:00:00-05:00,2.5199999809265137,2.5429999828338623,2.4700000286102295,2.4800000190734863,590700,0.0,0.0
2024-01-11 00:00:00-05:00,2.450000047683716,2.490000009536743,2.372999906539917,2.4600000381469727,663600,0.0,0.0
2024-01-12 00:00:00-05:00,2.4800000190734863,2.5390000343322754,2.430000066757202,2.4700000286102295,624400,0.0,0.0
2024-01-16 00:00:00-05:00,2.490000009536743,2.7899999618530273,2.4679999351501465,2.6700000762939453,2135300,0.0,0.0
2024-01-17 00:00:00-05:00,2.609999895095825,2.609999895095825,2.4600000381469727,2.509999990463257,980700,0.0,0.0
2024-01-18 00:00:00-05:00,2.5299999713897705,2.5999999046325684,2.3399999141693115,2.3399999141693115,678900,0.0,0.0
2024-01-19 00:00:00-05:00,2.3499999046325684,2.4100000858306885,2.259999990463257,2.390000104904175,1103900,0.0,0.0
2024-01-22 00:00:00-05:00,2.4000000953674316,2.5450000762939453,2.3510000705718994,2.430000066757202,803800,0.0,0.0
2024-01-23 00:00:00-05:00,2.450000047683716,2.505000114440918,2.380000114440918,2.4200000762939453,562900,0.0,0.0
2024-01-24 00:00:00-05:00,2.440000057220459,2.440000057220459,2.3550000190734863,2.390000104904175,679200,0.0,0.0
2024-01-25 00:00:00-05:00,2.4100000858306885,2.440000057220459,2.3399999141693115,2.4200000762939453,571300,0.0,0.0
2024-01-26 00:00:00-05:00,2.440000057220459,2.505000114440918,2.4100000858306885,2.440000057220459,580300,0.0,0.0
2024-01-29 00:00:00-05:00,2.440000057220459,2.569999933242798,2.380000114440918,2.569999933242798,432000,0.0,0.0
2024-01-30 00:00:00-05:00,2.5399999618530273,2.549999952316284,2.430000066757202,2.440000057220459,448300,0.0,0.0
2024-01-31 00:00:00-05:00,2.430000066757202,2.4649999141693115,2.299999952316284,2.309999942779541,653100,0.0,0.0
2024-02-01 00:00:00-05:00,2.3499999046325684,2.4200000762939453,2.2799999713897705,2.390000104904175,861400,0.0,0.0
2024-02-02 00:00:00-05:00,2.3499999046325684,2.4149999618530273,2.259999990463257,2.4000000953674316,834100,0.0,0.0
2024-02-05 00:00:00-05:00,2.359999895095825,2.359999895095825,2.2300000190734863,2.2300000190734863,663500,0.0,0.0
2024-02-06 00:00:00-05:00,2.2300000190734863,2.3499999046325684,2.200000047683716,2.3299999237060547,686900,0.0,0.0
2024-02-07 00:00:00-05:00,2.319999933242798,2.319999933242798,2.240000009536743,2.240000009536743,521600,0.0,0.0
2024-02-08 00:00:00-05:00,2.25,2.3399999141693115,2.2200000286102295,2.299999952316284,556700,0.0,0.0
2024-02-09 00:00:00-05:00,2.309999942779541,2.390000104904175,2.2850000858306885,2.309999942779541,608500,0.0,0.0
2024-02-12 00:00:00-05:00,2.319999933242798,2.438999891281128,2.2699999809265137,2.2799999713897705,1140100,0.0,0.0
2024-02-13 00:00:00-05:00,2.25,2.25,2.0799999237060547,2.0999999046325684,1205800,0.0,0.0
2024-02-14 00:00:00-05:00,2.1700000762939453,2.190000057220459,2.0999999046325684,2.180000066757202,685100,0.0,0.0
2024-02-15 00:00:00-05:00,2.190000057220459,2.3299999237060547,2.181999921798706,2.319999933242798,1006600,0.0,0.0
2024-02-16 00:00:00-05:00,2.299999952316284,2.3399999141693115,2.240000009536743,2.309999942779541,953100,0.0,0.0
2024-02-20 00:00:00-05:00,2.240000009536743,2.2799999713897705,2.180000066757202,2.2200000286102295,543600,0.0,0.0
2024-02-21 00:00:00-05:00,2.200000047683716,2.2100000381469727,2.0999999046325684,2.0999999046325684,627600,0.0,0.0
2024-02-22 00:00:00-05:00,2.180000066757202,2.180000066757202,2.009999990463257,2.0299999713897705,804300,0.0,0.0
2024-02-23 00:00:00-05:00,2.0199999809265137,2.059999942779541,2.0,2.0199999809265137,539500,0.0,0.0
2024-02-26 00:00:00-05:00,2.0199999809265137,2.140000104904175,2.0199999809265137,2.049999952316284,709000,0.0,0.0
2024-02-27 00:00:00-05:00,2.0899999141693115,2.1700000762939453,2.055000066757202,2.1500000953674316,538100,0.0,0.0
2024-02-28 00:00:00-05:00,2.109999895095825,2.1410000324249268,2.049999952316284,2.059999942779541,414700,0.0,0.0
2024-02-29 00:00:00-05:00,2.130000114440918,2.180000066757202,2.0799999237060547,2.140000104904175,558300,0.0,0.0
2024-03-01 00:00:00-05:00,2.140000104904175,2.259999990463257,2.0799999237060547,2.200000047683716,978400,0.0,0.0
2024-03-04 00:00:00-05:00,2.200000047683716,2.2200000286102295,2.109999895095825,2.1700000762939453,558500,0.0,0.0
2024-03-05 00:00:00-05:00,2.140000104904175,2.180000066757202,2.049999952316284,2.119999885559082,637700,0.0,0.0
2024-03-06 00:00:00-05:00,2.1600000858306885,2.200000047683716,2.109999895095825,2.119999885559082,463100,0.0,0.0
2024-03-07 00:00:00-05:00,2.130000114440918,2.194999933242798,2.1050000190734863,2.180000066757202,423200,0.0,0.0
2024-03-08 00:00:00-05:00,2.200000047683716,2.305000066757202,2.1700000762939453,2.180000066757202,609000,0.0,0.0
2024-03-11 00:00:00-04:00,2.1600000858306885,2.2100000381469727,2.130000114440918,2.130000114440918,540000,0.0,0.0
2024-03-12 00:00:00-04:00,2.140000104904175,2.1549999713897705,2.049999952316284,2.059999942779541,558500,0.0,0.0
2024-03-13 00:00:00-04:00,2.0399999618530273,2.0899999141693115,2.000999927520752,2.0399999618530273,1047200,0.0,0.0
2024-03-14 00:00:00-04:00,2.0999999046325684,2.1600000858306885,1.8300000429153442,1.9049999713897705,2263000,0.0,0.0
2024-03-15 00:00:00-04:00,1.9199999570846558,2.049999952316284,1.909999966621399,2.0,1220900,0.0,0.0
2024-03-18 00:00:00-04:00,2.0399999618530273,2.2200000286102295,1.975000023841858,2.0,2303300,0.0,0.0
2024-03-19 00:00:00-04:00,2.0,2.0350000858306885,1.9199999570846558,1.9700000286102295,1093500,0.0,0.0
2024-03-20 00:00:00-04:00,1.899999976158142,1.968000054359436,1.8200000524520874,1.940000057220459,1892700,0.0,0.0
2024-03-21 00:00:00-04:00,1.9700000286102295,2.0299999713897705,1.940000057220459,2.0199999809265137,1054000,0.0,0.0
2024-03-22 00:00:00-04:00,2.009999990463257,2.25,1.9700000286102295,2.2300000190734863,2681500,0.0,0.0
2024-03-25 00:00:00-04:00,2.2799999713897705,2.7149999141693115,2.25,2.5399999618530273,5717500,0.0,0.0
2024-03-26 00:00:00-04:00,2.5399999618530273,2.880000114440918,2.505000114440918,2.7699999809265137,3259700,0.0,0.0
2024-03-27 00:00:00-04:00,2.859999895095825,3.049999952316284,2.6500000953674316,3.049999952316284,2858600,0.0,0.0
2024-03-28 00:00:00-04:00,3.059999942779541,3.180000066757202,2.7799999713897705,2.859999895095825,2052700,0.0,0.0
2024-04-01 00:00:00-04:00,2.8399999141693115,2.9600000381469727,2.755000114440918,2.9000000953674316,1422900,0.0,0.0
2024-04-02 00:00:00-04:00,2.819999933242798,2.9600000381469727,2.6700000762939453,2.859999895095825,1217800,0.0,0.0
2024-04-03 00:00:00-04:00,2.8299999237060547,3.359999895095825,2.7699999809265137,3.3299999237060547,2907700,0.0,0.0
2024-04-04 00:00:00-04:00,3.2799999713897705,3.380000114440918,2.765000104904175,2.799999952316284,3704900,0.0,0.0
2024-04-05 00:00:00-04:00,2.8499999046325684,2.9100000858306885,2.6600000858306885,2.8299999237060547,1178400,0.0,0.0
2024-04-08 00:00:00-04:00,2.859999895095825,2.940000057220459,2.640000104904175,2.6600000858306885,1471100,0.0,0.0
2024-04-09 00:00:00-04:00,2.619999885559082,2.740000009536743,2.5350000858306885,2.5799999237060547,1357700,0.0,0.0
2024-04-10 00:00:00-04:00,2.430000066757202,2.6510000228881836,2.4000000953674316,2.490000009536743,1573100,0.0,0.0
2024-04-11 00:00:00-04:00,2.5,2.5999999046325684,2.430000066757202,2.5899999141693115,1032900,0.0,0.0
2024-04-12 00:00:00-04:00,2.5999999046325684,2.6700000762939453,2.365000009536743,2.380000114440918,1277400,0.0,0.0
2024-04-15 00:00:00-04:00,2.380000114440918,2.440000057220459,2.259999990463257,2.2799999713897705,1031500,0.0,0.0
2024-04-16 00:00:00-04:00,2.2699999809265137,2.2799999713897705,2.190000057220459,2.2300000190734863,818500,0.0,0.0
2024-04-17 00:00:00-04:00,2.240000009536743,2.2799999713897705,2.130000114440918,2.140000104904175,977600,0.0,0.0
2024-04-18 00:00:00-04:00,2.130000114440918,2.240000009536743,2.0799999237060547,2.109999895095825,879800,0.0,0.0
2024-04-19 00:00:00-04:00,2.0899999141693115,2.2200000286102295,2.069999933242798,2.109999895095825,989900,0.0,0.0
2024-04-22 00:00:00-04:00,2.130000114440918,2.259999990463257,2.0899999141693115,2.259999990463257,1212200,0.0,0.0
2024-04-23 00:00:00-04:00,2.2300000190734863,2.4800000190734863,2.2300000190734863,2.4600000381469727,938400,0.0,0.0
2024-04-24 00:00:00-04:00,2.430000066757202,2.450000047683716,2.299999952316284,2.3499999046325684,764900,0.0,0.0
2024-04-25 00:00:00-04:00,2.2899999618530273,2.2899999618530273,2.190000057220459,2.200000047683716,680900,0.0,0.0
2024-04-26 00:00:00-04:00,2.240000009536743,2.299999952316284,2.190000057220459,2.2200000286102295,540800,0.0,0.0
2024-04-29 00:00:00-04:00,2.2300000190734863,2.3399999141693115,2.2200000286102295,2.299999952316284,1004200,0.0,0.0
2024-04-30 00:00:00-04:00,2.2699999809265137,3.0399999618530273,2.2100000381469727,2.990000009536743,6572300,0.0,0.0
2024-05-01 00:00:00-04:00,2.799999952316284,2.8299999237060547,2.3399999141693115,2.450000047683716,3607000,0.0,0.0
2024-05-02 00:00:00-04:00,2.450000047683716,2.6050000190734863,2.4110000133514404,2.5399999618530273,1026000,0.0,0.0
2024-05-03 00:00:00-04:00,2.609999895095825,2.7899999618530273,2.5999999046325684,2.690000057220459,1387100,0.0,0.0
2024-05-06 00:00:00-04:00,2.740000009536743,2.9049999713897705,2.734999895095825,2.7799999713897705,1277400,0.0,0.0
2024-05-07 00:00:00-04:00,2.7799999713897705,2.890000104904175,2.740000009536743,2.759999990463257,697800,0.0,0.0
2024-05-08 00:00:00-04:00,2.690000057220459,2.7699999809265137,2.611999988555908,2.680000066757202,1003700,0.0,0.0
2024-05-09 00:00:00-04:00,2.7100000381469727,3.1449999809265137,2.700000047683716,2.9800000190734863,2182200,0.0,0.0
2024-05-10 00:00:00-04:00,3.0199999809265137,3.0439999103546143,2.809999942779541,2.9200000762939453,746600,0.0,0.0
2024-05-13 00:00:00-04:00,2.880000114440918,3.0399999618530273,2.861999988555908,2.890000104904175,1544500,0.0,0.0
2024-05-14 00:00:00-04:00,2.950000047683716,3.0850000381469727,2.819999933242798,2.8399999141693115,985200,0.0,0.0
2024-05-15 00:00:00-04:00,2.9000000953674316,2.9600000381469727,2.755000114440918,2.759999990463257,665900,0.0,0.0
2024-05-16 00:00:00-04:00,2.75,2.9800000190734863,2.7200000286102295,2.890000104904175,1114000,0.0,0.0
2024-05-17 00:00:00-04:00,2.890000104904175,2.930000066757202,2.609999895095825,2.609999895095825,1549800,0.0,0.0
2024-05-20 00:00:00-04:00,2.609999895095825,2.619999885559082,2.515000104904175,2.5799999237060547,1000000,0.0,0.0
2024-05-21 00:00:00-04:00,2.559999942779541,2.6549999713897705,2.549999952316284,2.569999933242798,437800,0.0,0.0
2024-05-22 00:00:00-04:00,2.5399999618530273,2.640000104904175,2.4800000190734863,2.490000009536743,696800,0.0,0.0
2024-05-23 00:00:00-04:00,2.5,2.5450000762939453,2.450000047683716,2.4700000286102295,747200,0.0,0.0
2024-05-24 00:00:00-04:00,2.5,2.619999885559082,2.4600000381469727,2.5199999809265137,368500,0.0,0.0
2024-05-28 00:00:00-04:00,2.5199999809265137,2.5899999141693115,2.5,2.559999942779541,439000,0.0,0.0
2024-05-29 00:00:00-04:00,2.5199999809265137,2.559999942779541,2.4700000286102295,2.5,459200,0.0,0.0
2024-05-30 00:00:00-04:00,2.5399999618530273,2.559999942779541,2.5,2.5199999809265137,366600,0.0,0.0
2024-05-31 00:00:00-04:00,2.5299999713897705,2.569999933242798,2.5,2.5299999713897705,298800,0.0,0.0
2024-06-03 00:00:00-04:00,2.5299999713897705,2.5899999141693115,2.5,2.5399999618530273,454000,0.0,0.0
2024-06-04 00:00:00-04:00,2.5299999713897705,2.5399999618530273,2.5,2.5199999809265137,404900,0.0,0.0
2024-06-05 00:00:00-04:00,2.5399999618530273,2.6549999713897705,2.5199999809265137,2.630000114440918,469300,0.0,0.0
2024-06-06 00:00:00-04:00,2.5899999141693115,2.630000114440918,2.5399999618530273,2.5899999141693115,371800,0.0,0.0
2024-06-07 00:00:00-04:00,2.559999942779541,2.5899999141693115,2.494999885559082,2.5399999618530273,393200,0.0,0.0
2024-06-10 00:00:00-04:00,2.490000009536743,2.5899999141693115,2.4600000381469727,2.549999952316284,416300,0.0,0.0
2024-06-11 00:00:00-04:00,2.5199999809265137,2.680000066757202,2.5199999809265137,2.6600000858306885,477400,0.0,0.0
2024-06-12 00:00:00-04:00,2.690000057220459,2.7300000190734863,2.569999933242798,2.5799999237060547,550500,0.0,0.0
2024-06-13 00:00:00-04:00,2.5899999141693115,2.640000104904175,2.509999990463257,2.549999952316284,264700,0.0,0.0
2024-06-14 00:00:00-04:00,2.509999990463257,2.5399999618530273,2.390000104904175,2.4200000762939453,553700,0.0,0.0
2024-06-17 00:00:00-04:00,2.380000114440918,2.494999885559082,2.3499999046325684,2.4000000953674316,540500,0.0,0.0
2024-06-18 00:00:00-04:00,2.390000104904175,2.5199999809265137,2.390000104904175,2.4100000858306885,554800,0.0,0.0
2024-06-20 00:00:00-04:00,2.380000114440918,2.4049999713897705,2.259999990463257,2.2799999713897705,499100,0.0,0.0
2024-06-21 00:00:00-04:00,2.3299999237060547,2.3299999237060547,2.2100000381469727,2.2200000286102295,506700,0.0,0.0
2024-06-24 00:00:00-04:00,2.2300000190734863,2.369999885559082,2.2300000190734863,2.2699999809265137,517400,0.0,0.0
2024-06-25 00:00:00-04:00,2.259999990463257,2.380000114440918,2.25,2.2899999618530273,383500,0.0,0.0
2024-06-26 00:00:00-04:00,2.2799999713897705,2.299999952316284,2.240000009536743,2.25,337100,0.0,0.0
2024-06-27 00:00:00-04:00,2.2699999809265137,2.2699999809265137,2.180000066757202,2.2100000381469727,561900,0.0,0.0
2024-06-28 00:00:00-04:00,2.2300000190734863,2.2300000190734863,2.109999895095825,2.1500000953674316,790200,0.0,0.0
2024-07-01 00:00:00-04:00,2.130000114440918,2.309999942779541,2.130000114440918,2.2100000381469727,566100,0.0,0.0
2024-07-02 00:00:00-04:00,2.190000057220459,2.265000104904175,2.1700000762939453,2.1700000762939453,348300,0.0,0.0
2024-07-03 00:00:00-04:00,2.180000066757202,2.234999895095825,2.1600000858306885,2.190000057220459,171200,0.0,0.0
2024-07-05 00:00:00-04:00,2.200000047683716,2.200000047683716,2.109999895095825,2.109999895095825,286200,0.0,0.0
2024-07-08 00:00:00-04:00,2.119999885559082,2.369999885559082,2.119999885559082,2.2100000381469727,806700,0.0,0.0
2024-07-09 00:00:00-04:00,2.2100000381469727,2.3299999237060547,2.1700000762939453,2.2200000286102295,583200,0.0,0.0
2024-07-10 00:00:00-04:00,2.2200000286102295,2.240000009536743,2.140000104904175,2.200000047683716,428900,0.0,0.0
2024-07-11 00:00:00-04:00,2.2200000286102295,2.3499999046325684,2.2200000286102295,2.3499999046325684,689600,0.0,0.0
2024-07-12 00:00:00-04:00,2.380000114440918,2.4100000858306885,2.299999952316284,2.3299999237060547,446400,0.0,0.0
2024-07-15 00:00:00-04:00,2.319999933242798,2.4700000286102295,2.305000066757202,2.4700000286102295,832100,0.0,0.0
2024-07-16 00:00:00-04:00,2.5,2.5799999237060547,2.4800000190734863,2.569999933242798,510000,0.0,0.0
2024-07-17 00:00:00-04:00,2.5199999809265137,2.5899999141693115,2.4600000381469727,2.569999933242798,405000,0.0,0.0
2024-07-18 00:00:00-04:00,2.5399999618530273,2.5999999046325684,2.359999895095825,2.450000047683716,564700,0.0,0.0
2024-07-19 00:00:00-04:00,2.450000047683716,2.484999895095825,2.369999885559082,2.380000114440918,303600,0.0,0.0
2024-07-22 00:00:00-04:00,2.4000000953674316,2.700000047683716,2.4000000953674316,2.6600000858306885,799300,0.0,0.0
2024-07-23 00:00:00-04:00,2.619999885559082,2.640000104904175,2.490000009536743,2.5399999618530273,740400,0.0,0.0
2024-07-24 00:00:00-04:00,2.5,2.5199999809265137,2.380000114440918,2.380000114440918,582400,0.0,0.0
2024-07-25 00:00:00-04:00,2.390000104904175,2.4600000381469727,2.3499999046325684,2.4000000953674316,440600,0.0,0.0
2024-07-26 00:00:00-04:00,2.450000047683716,2.4649999141693115,2.4000000953674316,2.4200000762939453,310300,0.0,0.0
2024-07-29 00:00:00-04:00,2.4100000858306885,2.440000057220459,2.309999942779541,2.309999942779541,341200,0.0,0.0
2024-07-30 00:00:00-04:00,2.3399999141693115,2.3910000324249268,2.2699999809265137,2.319999933242798,598100,0.0,0.0
2024-07-31 00:00:00-04:00,2.3399999141693115,2.440000057220459,2.2899999618530273,2.309999942779541,475800,0.0,0.0
2024-08-01 00:00:00-04:00,2.309999942779541,2.309999942779541,2.1500000953674316,2.180000066757202,731600,0.0,0.0
2024-08-02 00:00:00-04:00,2.119999885559082,2.1449999809265137,2.049999952316284,2.059999942779541,542000,0.0,0.0
2024-08-05 00:00:00-04:00,1.940000057220459,2.0,1.8730000257492065,1.9199999570846558,824900,0.0,0.0
2024-08-06 00:00:00-04:00,1.9199999570846558,2.069999933242798,1.899999976158142,2.009999990463257,478300,0.0,0.0
2024-08-07 00:00:00-04:00,2.0799999237060547,2.0799999237060547,1.8600000143051147,1.899999976158142,711700,0.0,0.0
2024-08-08 00:00:00-04:00,1.9900000095367432,2.0350000858306885,1.8899999856948853,1.9800000190734863,771400,0.0,0.0
2024-08-09 00:00:00-04:00,1.9199999570846558,1.9500000476837158,1.7799999713897705,1.809999942779541,888200,0.0,0.0
2024-08-12 00:00:00-04:00,1.8200000524520874,1.8200000524520874,1.7799999713897705,1.7949999570846558,548700,0.0,0.0
2024-08-13 00:00:00-04:00,1.8300000429153442,1.9299999475479126,1.7699999809265137,1.9299999475479126,895000,0.0,0.0
2024-08-14 00:00:00-04:00,1.940000057220459,1.940000057220459,1.850000023841858,1.9199999570846558,545600,0.0,0.0
2024-08-15 00:00:00-04:00,1.9600000381469727,2.069999933242798,1.9500000476837158,2.059999942779541,685900,0.0,0.0
2024-08-16 00:00:00-04:00,2.1600000858306885,2.299999952316284,2.1500000953674316,2.2699999809265137,1129300,0.0,0.0
2024-08-19 00:00:00-04:00,2.259999990463257,2.328000068664551,2.188999891281128,2.2699999809265137,447200,0.0,0.0
2024-08-20 00:00:00-04:00,2.259999990463257,2.299999952316284,2.190000057220459,2.200000047683716,334400,0.0,0.0
2024-08-21 00:00:00-04:00,2.2100000381469727,2.25,2.1600000858306885,2.240000009536743,315900,0.0,0.0
2024-08-22 00:00:00-04:00,2.2300000190734863,2.2300000190734863,2.13100004196167,2.180000066757202,294900,0.0,0.0
2024-08-23 00:00:00-04:00,2.180000066757202,2.319999933242798,2.140000104904175,2.299999952316284,523300,0.0,0.0
2024-08-26 00:00:00-04:00,2.299999952316284,2.3269999027252197,2.2100000381469727,2.2300000190734863,420500,0.0,0.0
2024-08-27 00:00:00-04:00,2.180000066757202,2.190000057220459,1.899999976158142,1.9900000095367432,1625300,0.0,0.0
2024-08-28 00:00:00-04:00,1.9800000190734863,2.0199999809265137,1.9500000476837158,2.0,443900,0.0,0.0
2024-08-29 00:00:00-04:00,2.0399999618530273,2.0399999618530273,1.9500000476837158,1.9600000381469727,460200,0.0,0.0
2024-08-30 00:00:00-04:00,1.9600000381469727,1.9900000095367432,1.9199999570846558,1.9500000476837158,331100,0.0,0.0
2024-09-03 00:00:00-04:00,1.940000057220459,1.9759999513626099,1.909999966621399,1.9299999475479126,377100,0.0,0.0
2024-09-04 00:00:00-04:00,1.909999966621399,1.975000023841858,1.8899999856948853,1.909999966621399,397600,0.0,0.0
2024-09-05 00:00:00-04:00,1.9299999475479126,1.940000057220459,1.8700000047683716,1.8899999856948853,341700,0.0,0.0
2024-09-06 00:00:00-04:00,1.8799999952316284,1.9199999570846558,1.840000033378601,1.8600000143051147,389900,0.0,0.0
2024-09-09 00:00:00-04:00,1.8799999952316284,1.9550000429153442,1.8700000047683716,1.9299999475479126,533400,0.0,0.0
2024-09-10 00:00:00-04:00,1.940000057220459,1.9500000476837158,1.8799999952316284,1.940000057220459,341400,0.0,0.0
2024-09-11 00:00:00-04:00,1.9299999475479126,2.009999990463257,1.9149999618530273,1.9800000190734863,549200,0.0,0.0
2024-09-12 00:00:00-04:00,1.9800000190734863,2.0399999618530273,1.9800000190734863,1.9900000095367432,577500,0.0,0.0
2024-09-13 00:00:00-04:00,2.0199999809265137,2.059999942779541,2.009999990463257,2.049999952316284,342500,0.0,0.0
2024-09-16 00:00:00-04:00,2.0199999809265137,2.0299999713897705,1.9739999771118164,2.0199999809265137,198700,0.0,0.0
2024-09-17 00:00:00-04:00,2.0299999713897705,2.2300000190734863,2.0299999713897705,2.1500000953674316,893400,0.0,0.0
2024-09-18 00:00:00-04:00,2.1500000953674316,2.2699999809265137,2.109999895095825,2.1500000953674316,531600,0.0,0.0
2024-09-19 00:00:00-04:00,2.2200000286102295,2.2200000286102295,2.130000114440918,2.1500000953674316,310300,0.0,0.0
2024-09-20 00:00:00-04:00,2.119999885559082,2.1410000324249268,2.0139999389648438,2.0399999618530273,709900,0.0,0.0
2024-09-23 00:00:00-04:00,2.0199999809265137,2.059999942779541,1.9800000190734863,2.0,295900,0.0,0.0
2024-09-24 00:00:00-04:00,1.9900000095367432,2.109999895095825,1.9800000190734863,2.0899999141693115,364600,0.0,0.0
2024-09-25 00:00:00-04:00,2.0999999046325684,2.0999999046325684,1.9800000190734863,1.9800000190734863,414600,0.0,0.0
2024-09-26 00:00:00-04:00,2.0,2.059999942779541,1.9900000095367432,2.009999990463257,359200,0.0,0.0
2024-09-27 00:00:00-04:00,2.0199999809265137,2.174999952316284,2.0199999809265137,2.0899999141693115,394800,0.0,0.0
2024-09-30 00:00:00-04:00,2.0799999237060547,2.200000047683716,2.059999942779541,2.130000114440918,480500,0.0,0.0
2024-10-01 00:00:00-04:00,2.1600000858306885,2.1600000858306885,2.0409998893737793,2.049999952316284,366300,0.0,0.0
2024-10-02 00:00:00-04:00,2.059999942779541,2.075000047683716,2.009999990463257,2.0299999713897705,317800,0.0,0.0
2024-10-03 00:00:00-04:00,2.0299999713897705,2.0899999141693115,2.0,2.049999952316284,370400,0.0,0.0
2024-10-04 00:00:00-04:00,2.069999933242798,2.140000104904175,2.0399999618530273,2.069999933242798,363400,0.0,0.0
2024-10-07 00:00:00-04:00,2.059999942779541,2.0850000381469727,2.0250000953674316,2.049999952316284,193000,0.0,0.0
2024-10-08 00:00:00-04:00,2.069999933242798,2.180000066757202,2.059999942779541,2.0999999046325684,578300,0.0,0.0
2024-10-09 00:00:00-04:00,2.0899999141693115,2.0950000286102295,1.9500000476837158,2.0299999713897705,828100,0.0,0.0
2024-10-10 00:00:00-04:00,2.009999990463257,2.0299999713897705,1.9800000190734863,1.9800000190734863,279900,0.0,0.0
2024-10-11 00:00:00-04:00,1.9900000095367432,2.069999933242798,1.9900000095367432,2.049999952316284,383700,0.0,0.0
2024-10-14 00:00:00-04:00,2.069999933242798,2.072000026702881,1.9800000190734863,2.009999990463257,338700,0.0,0.0
2024-10-15 00:00:00-04:00,2.0299999713897705,2.0950000286102295,2.0199999809265137,2.0399999618530273,323400,0.0,0.0
2024-10-16 00:00:00-04:00,2.049999952316284,2.069999933242798,2.0260000228881836,2.059999942779541,367400,0.0,0.0
2024-10-17 00:00:00-04:00,2.049999952316284,2.059999942779541,2.0,2.0299999713897705,297400,0.0,0.0
2024-10-18 00:00:00-04:00,2.0299999713897705,2.0799999237060547,2.0299999713897705,2.069999933242798,380400,0.0,0.0
2024-10-21 00:00:00-04:00,2.0399999618530273,2.059999942779541,2.005000114440918,2.0299999713897705,230000,0.0,0.0
2024-10-22 00:00:00-04:00,2.009999990463257,2.200000047683716,2.009999990463257,2.180000066757202,712100,0.0,0.0
2024-10-23 00:00:00-04:00,2.1500000953674316,2.184999942779541,2.0420000553131104,2.109999895095825,464800,0.0,0.0
2024-10-24 00:00:00-04:00,2.109999895095825,2.1700000762939453,2.075000047683716,2.0799999237060547,262800,0.0,0.0
2024-10-25 00:00:00-04:00,2.0799999237060547,2.1600000858306885,2.0799999237060547,2.0899999141693115,370500,0.0,0.0
2024-10-28 00:00:00-04:00,2.0899999141693115,2.1700000762939453,2.0829999446868896,2.109999895095825,404400,0.0,0.0
2024-10-29 00:00:00-04:00,2.0899999141693115,2.190000057220459,2.0799999237060547,2.140000104904175,296500,0.0,0.0
2024-10-30 00:00:00-04:00,2.0999999046325684,2.1700000762939453,2.0999999046325684,2.109999895095825,362500,0.0,0.0
2024-10-31 00:00:00-04:00,2.140000104904175,2.140000104904175,2.0399999618530273,2.055000066757202,246100,0.0,0.0
2024-11-01 00:00:00-04:00,2.069999933242798,2.134999990463257,2.059999942779541,2.0899999141693115,297900,0.0,0.0
2024-11-04 00:00:00-05:00,2.069999933242798,2.25,2.069999933242798,2.200000047683716,864700,0.0,0.0
2024-11-05 00:00:00-05:00,2.200000047683716,2.240000009536743,2.1700000762939453,2.240000009536743,297000,0.0,0.0
2024-11-06 00:00:00-05:00,2.130000114440918,2.2300000190734863,1.840000033378601,1.8899999856948853,1909700,0.0,0.0
2024-11-07 00:00:00-05:00,1.8899999856948853,1.9299999475479126,1.8600000143051147,1.8799999952316284,532300,0.0,0.0
2024-11-08 00:00:00-05:00,1.8799999952316284,1.8799999952316284,1.7999999523162842,1.8700000047683716,657600,0.0,0.0
2024-11-11 00:00:00-05:00,1.899999976158142,1.9149999618530273,1.8300000429153442,1.8600000143051147,611800,0.0,0.0
2024-11-12 00:00:00-05:00,1.8300000429153442,1.850000023841858,1.6950000524520874,1.7300000190734863,1295900,0.0,0.0
2024-11-13 00:00:00-05:00,1.7999999523162842,2.0,1.7949999570846558,1.8700000047683716,1293200,0.0,0.0
2024-11-14 00:00:00-05:00,1.840000033378601,1.8600000143051147,1.7649999856948853,1.7799999713897705,669900,0.0,0.0
2024-11-15 00:00:00-05:00,1.7699999809265137,1.8300000429153442,1.5520000457763672,1.6799999475479126,1540300,0.0,0.0
2024-11-18 00:00:00-05:00,1.690000057220459,1.7599999904632568,1.690000057220459,1.75,449000,0.0,0.0
2024-11-19 00:00:00-05:00,1.7200000286102295,1.7699999809265137,1.6699999570846558,1.75,618600,0.0,0.0
2024-11-20 00:00:00-05:00,1.7300000190734863,1.8450000286102295,1.6799999475479126,1.7799999713897705,1079000,0.0,0.0
2024-11-21 00:00:00-05:00,1.8200000524520874,1.9299999475479126,1.809999942779541,1.850000023841858,1207800,0.0,0.0
2024-11-22 00:00:00-05:00,1.840000033378601,1.875,1.7799999713897705,1.8600000143051147,683900,0.0,0.0
2024-11-25 00:00:00-05:00,1.8600000143051147,2.0,1.8600000143051147,1.9700000286102295,902700,0.0,0.0
2024-11-26 00:00:00-05:00,1.9500000476837158,1.975000023841858,1.9149999618530273,1.9299999475479126,524800,0.0,0.0
2024-11-27 00:00:00-05:00,1.940000057220459,2.015000104904175,1.940000057220459,1.9500000476837158,329900,0.0,0.0
2024-11-29 00:00:00-05:00,1.9700000286102295,1.9850000143051147,1.9220000505447388,1.940000057220459,180100,0.0,0.0
2024-12-02 00:00:00-05:00,1.9299999475479126,2.1600000858306885,1.9299999475479126,2.0799999237060547,1013100,0.0,0.0
2024-12-03 00:00:00-05:00,2.0899999141693115,2.0999999046325684,2.009999990463257,2.009999990463257,584000,0.0,0.0
2024-12-04 00:00:00-05:00,2.0,2.0250000953674316,1.9500000476837158,1.9700000286102295,368800,0.0,0.0
2024-12-05 00:00:00-05:00,1.9500000476837158,1.9900000095367432,1.8899999856948853,1.899999976158142,609200,0.0,0.0
2024-12-06 00:00:00-05:00,1.899999976158142,1.899999976158142,1.840000033378601,1.8700000047683716,424300,0.0,0.0
2024-12-09 00:00:00-05:00,1.850000023841858,1.9800000190734863,1.850000023841858,1.899999976158142,528600,0.0,0.0
2024-12-10 00:00:00-05:00,1.8899999856948853,1.940000057220459,1.850000023841858,1.909999966621399,802100,0.0,0.0
2024-12-11 00:00:00-05:00,1.909999966621399,1.9299999475479126,1.850000023841858,1.8600000143051147,487300,0.0,0.0
2024-12-12 00:00:00-05:00,1.8700000047683716,1.940000057220459,1.7899999618530273,1.7999999523162842,511600,0.0,0.0
2024-12-13 00:00:00-05:00,1.7799999713897705,1.7899999618530273,1.7200000286102295,1.7300000190734863,615800,0.0,0.0
2024-12-16 00:00:00-05:00,1.7100000381469727,1.7549999952316284,1.659999966621399,1.7100000381469727,618200,0.0,0.0
2024-12-17 00:00:00-05:00,1.690000057220459,1.7400000095367432,1.6640000343322754,1.7200000286102295,603500,0.0,0.0
2024-12-18 00:00:00-05:00,1.7100000381469727,1.774999976158142,1.659999966621399,1.6699999570846558,897700,0.0,0.0
2024-12-19 00:00:00-05:00,1.690000057220459,1.7200000286102295,1.600000023841858,1.6100000143051147,834600,0.0,0.0
2024-12-20 00:00:00-05:00,1.600000023841858,1.690000057220459,1.590000033378601,1.659999966621399,1152100,0.0,0.0
2024-12-23 00:00:00-05:00,1.649999976158142,1.7200000286102295,1.5800000429153442,1.6200000047683716,1020500,0.0,0.0
2024-12-24 00:00:00-05:00,1.600000023841858,1.6100000143051147,1.5800000429153442,1.6100000143051147,299500,0.0,0.0
2024-12-26 00:00:00-05:00,1.5800000429153442,1.6200000047683716,1.5800000429153442,1.600000023841858,570400,0.0,0.0
2024-12-27 00:00:00-05:00,1.600000023841858,1.6150000095367432,1.5299999713897705,1.5399999618530273,734300,0.0,0.0
2024-12-30 00:00:00-05:00,1.5299999713897705,1.6100000143051147,1.4900000095367432,1.5800000429153442,1411800,0.0,0.0
2024-12-31 00:00:00-05:00,1.6299999952316284,1.7699999809265137,1.6100000143051147,1.690000057220459,1305900,0.0,0.0
2025-01-02 00:00:00-05:00,1.7200000286102295,1.8600000143051147,1.7100000381469727,1.75,981000,0.0,0.0
2025-01-03 00:00:00-05:00,1.7599999904632568,1.8350000381469727,1.74399995803833,1.8200000524520874,514400,0.0,0.0
2025-01-06 00:00:00-05:00,1.8200000524520874,1.8700000047683716,1.7300000190734863,1.7400000095367432,565400,0.0,0.0
2025-01-07 00:00:00-05:00,1.75,1.7899999618530273,1.7000000476837158,1.7400000095367432,447700,0.0,0.0
2025-01-08 00:00:00-05:00,1.7000000476837158,1.725000023841858,1.649999976158142,1.6699999570846558,534400,0.0,0.0
2025-01-10 00:00:00-05:00,1.659999966621399,1.6699999570846558,1.5750000476837158,1.600000023841858,714100,0.0,0.0
2025-01-13 00:00:00-05:00,1.5800000429153442,1.600000023841858,1.559999942779541,1.5700000524520874,351500,0.0,0.0
2025-01-14 00:00:00-05:00,1.5700000524520874,1.6100000143051147,1.5099999904632568,1.5399999618530273,544500,0.0,0.0
2025-01-15 00:00:00-05:00,1.5800000429153442,1.6200000047683716,1.5199999809265137,1.5299999713897705,699600,0.0,0.0
2025-01-16 00:00:00-05:00,1.5199999809265137,1.565000057220459,1.5199999809265137,1.5399999618530273,429200,0.0,0.0
2025-01-17 00:00:00-05:00,1.5399999618530273,1.5800000429153442,1.5,1.5,749700,0.0,0.0
2025-01-21 00:00:00-05:00,1.5,1.534999966621399,1.4800000190734863,1.4900000095367432,590300,0.0,0.0
2025-01-22 00:00:00-05:00,1.4800000190734863,1.4900000095367432,1.440000057220459,1.4700000286102295,697200,0.0,0.0
2025-01-23 00:00:00-05:00,1.4800000190734863,1.5,1.440000057220459,1.4500000476837158,726600,0.0,0.0
2025-01-24 00:00:00-05:00,1.440000057220459,1.5,1.440000057220459,1.4700000286102295,567300,0.0,0.0
2025-01-27 00:00:00-05:00,1.4800000190734863,1.5149999856948853,1.4299999475479126,1.440000057220459,642800,0.0,0.0
2025-01-28 00:00:00-05:00,1.440000057220459,1.4450000524520874,1.409999966621399,1.4199999570846558,483500,0.0,0.0
2025-01-29 00:00:00-05:00,1.4199999570846558,1.4299999475479126,1.3700000047683716,1.3799999952316284,554800,0.0,0.0
2025-01-30 00:00:00-05:00,1.3799999952316284,1.4550000429153442,1.3799999952316284,1.4199999570846558,363800,0.0,0.0
2025-01-31 00:00:00-05:00,1.409999966621399,1.4500000476837158,1.3799999952316284,1.399999976158142,354700,0.0,0.0
2025-02-03 00:00:00-05:00,1.3700000047683716,1.3949999809265137,1.350000023841858,1.3600000143051147,322500,0.0,0.0
2025-02-04 00:00:00-05:00,1.3600000143051147,1.409999966621399,1.3600000143051147,1.3700000047683716,408000,0.0,0.0
2025-02-05 00:00:00-05:00,1.3799999952316284,1.4800000190734863,1.3700000047683716,1.3899999856948853,1329900,0.0,0.0
2025-02-06 00:00:00-05:00,1.399999976158142,1.5800000429153442,1.3899999856948853,1.559999942779541,1450900,0.0,0.0
2025-02-07 00:00:00-05:00,1.5499999523162842,1.5499999523162842,1.4500000476837158,1.4500000476837158,692400,0.0,0.0
2025-02-10 00:00:00-05:00,1.4700000286102295,1.5499999523162842,1.4500000476837158,1.5199999809265137,485400,0.0,0.0
2025-02-11 00:00:00-05:00,1.5,1.5099999904632568,1.4199999570846558,1.440000057220459,635100,0.0,0.0
2025-02-12 00:00:00-05:00,1.4199999570846558,1.4199999570846558,1.3799999952316284,1.3799999952316284,625500,0.0,0.0
2025-02-13 00:00:00-05:00,1.3799999952316284,1.4299999475479126,1.3799999952316284,1.409999966621399,451400,0.0,0.0
2025-02-14 00:00:00-05:00,1.409999966621399,1.4550000429153442,1.3899999856948853,1.4299999475479126,487800,0.0,0.0
2025-02-18 00:00:00-05:00,1.4299999475479126,1.4700000286102295,1.399999976158142,1.4199999570846558,405200,0.0,0.0
2025-02-19 00:00:00-05:00,1.399999976158142,1.4199999570846558,1.3799999952316284,1.3799999952316284,353300,0.0,0.0
2025-02-20 00:00:00-05:00,1.3799999952316284,1.4049999713897705,1.3600000143051147,1.3899999856948853,314800,0.0,0.0
2025-02-21 00:00:00-05:00,1.409999966621399,1.4149999618530273,1.25,1.340000033378601,2838400,0.0,0.0
2025-02-24 00:00:00-05:00,1.350000023841858,1.3660000562667847,1.2999999523162842,1.309999942779541,607900,0.0,0.0
2025-02-25 00:00:00-05:00,1.309999942779541,1.309999942779541,1.2200000286102295,1.2200000286102295,845700,0.0,0.0
2025-02-26 00:00:00-05:00,1.2200000286102295,1.2649999856948853,1.190000057220459,1.2100000381469727,622100,0.0,0.0
2025-02-27 00:00:00-05:00,1.2000000476837158,1.2200000286102295,1.149999976158142,1.159999966621399,625100,0.0,0.0
2025-02-28 00:00:00-05:00,1.159999966621399,1.1699999570846558,1.1299999952316284,1.1399999856948853,459700,0.0,0.0
2025-03-03 00:00:00-05:00,1.149999976158142,1.1799999475479126,1.0499999523162842,1.0800000429153442,912700,0.0,0.0
2025-03-04 00:00:00-05:00,1.059999942779541,1.1549999713897705,1.034999966621399,1.1200000047683716,925100,0.0,0.0
2025-03-05 00:00:00-05:00,1.1200000047683716,1.159999966621399,1.100000023841858,1.149999976158142,479600,0.0,0.0
2025-03-06 00:00:00-05:00,1.159999966621399,1.180999994277954,1.1299999952316284,1.149999976158142,523200,0.0,0.0
2025-03-07 00:00:00-05:00,1.159999966621399,1.1699999570846558,1.1200000047683716,1.1399999856948853,435200,0.0,0.0
2025-03-10 00:00:00-04:00,1.1200000047683716,1.1299999952316284,1.0700000524520874,1.1200000047683716,538200,0.0,0.0
2025-03-11 00:00:00-04:00,1.1200000047683716,1.1200000047683716,0.968999981880188,1.0099999904632568,1304000,0.0,0.0
2025-03-12 00:00:00-04:00,1.0299999713897705,1.0800000429153442,1.0199999809265137,1.0299999713897705,634300,0.0,0.0
2025-03-13 00:00:00-04:00,1.0299999713897705,1.0390000343322754,0.9610000252723694,0.9729999899864197,1246400,0.0,0.0
2025-03-14 00:00:00-04:00,0.9200000166893005,1.1200000047683716,0.9100000262260437,1.0499999523162842,1430800,0.0,0.0
2025-03-17 00:00:00-04:00,1.0399999618530273,1.1200000047683716,1.0199999809265137,1.0700000524520874,836800,0.0,0.0
2025-03-18 00:00:00-04:00,1.0700000524520874,1.159999966621399,1.059999942779541,1.100000023841858,621200,0.0,0.0
2025-03-19 00:00:00-04:00,1.1100000143051147,1.2599999904632568,1.100000023841858,1.2200000286102295,1419900,0.0,0.0
2025-03-20 00:00:00-04:00,1.2200000286102295,1.2699999809265137,1.1699999570846558,1.2300000190734863,793800,0.0,0.0
2025-03-21 00:00:00-04:00,1.2000000476837158,1.2990000247955322,1.190000057220459,1.2699999809265137,905800,0.0,0.0
2025-03-24 00:00:00-04:00,1.2799999713897705,1.2999999523162842,1.2100000381469727,1.2799999713897705,669700,0.0,0.0
2025-03-25 00:00:00-04:00,1.2599999904632568,1.2599999904632568,1.159999966621399,1.1799999475479126,430900,0.0,0.0
2025-03-26 00:00:00-04:00,1.1799999475479126,1.2100000381469727,1.1100000143051147,1.1399999856948853,594200,0.0,0.0
2025-03-27 00:00:00-04:00,1.149999976158142,1.1799999475479126,1.1200000047683716,1.149999976158142,553800,0.0,0.0
2025-03-28 00:00:00-04:00,1.149999976158142,1.159999966621399,1.1100000143051147,1.1100000143051147,398800,0.0,0.0
2025-03-31 00:00:00-04:00,1.100000023841858,1.1100000143051147,1.059999942779541,1.0800000429153442,382000,0.0,0.0
2025-04-01 00:00:00-04:00,1.0800000429153442,1.1069999933242798,1.0299999713897705,1.0499999523162842,390100,0.0,0.0
2025-04-02 00:00:00-04:00,1.0399999618530273,1.0800000429153442,1.031999945640564,1.0499999523162842,313800,0.0,0.0
2025-04-03 00:00:00-04:00,1.0199999809265137,1.024999976158142,0.9800000190734863,0.9800000190734863,594600,0.0,0.0
2025-04-04 00:00:00-04:00,0.9800000190734863,0.9800000190734863,0.9100000262260437,0.9599999785423279,708700,0.0,0.0
2025-04-07 00:00:00-04:00,0.9200000166893005,1.0299999713897705,0.8999999761581421,0.9629999995231628,589800,0.0,0.0
2025-04-08 00:00:00-04:00,0.9750000238418579,0.9800000190734863,0.8799999952316284,0.8799999952316284,457000,0.0,0.0
2025-04-09 00:00:00-04:00,0.8889999985694885,0.9700000286102295,0.8500000238418579,0.9010000228881836,754100,0.0,0.0
2025-04-10 00:00:00-04:00,0.8999999761581421,0.949999988079071,0.8550000190734863,0.8759999871253967,421400,0.0,0.0
2025-04-11 00:00:00-04:00,0.8550000190734863,0.8999999761581421,0.8209999799728394,0.8870000243186951,427800,0.0,0.0
2025-04-14 00:00:00-04:00,0.8999999761581421,0.9290000200271606,0.8700000047683716,0.8849999904632568,404800,0.0,0.0
2025-04-15 00:00:00-04:00,0.8849999904632568,0.9179999828338623,0.8650000095367432,0.8690000176429749,459800,0.0,0.0
2025-04-16 00:00:00-04:00,0.8650000095367432,0.9359999895095825,0.8560000061988831,0.875,739600,0.0,0.0
2025-04-17 00:00:00-04:00,0.8679999709129333,0.9200000166893005,0.8600000143051147,0.9079999923706055,495400,0.0,0.0
2025-04-21 00:00:00-04:00,0.8999999761581421,0.9819999933242798,0.8809999823570251,0.9679999947547913,591900,0.0,0.0
2025-04-22 00:00:00-04:00,0.9700000286102295,0.9850000143051147,0.9129999876022339,0.9300000071525574,388700,0.0,0.0
2025-04-23 00:00:00-04:00,0.9300000071525574,0.9480000138282776,0.9160000085830688,0.9279999732971191,218600,0.0,0.0
2025-04-24 00:00:00-04:00,0.9279999732971191,0.9990000128746033,0.9200000166893005,0.9950000047683716,576900,0.0,0.0
2025-04-25 00:00:00-04:00,0.9789999723434448,1.0800000429153442,0.9700000286102295,1.0199999809265137,513300,0.0,0.0
2025-04-28 00:00:00-04:00,1.0399999618530273,1.0399999618530273,0.9700000286102295,1.0299999713897705,444400,0.0,0.0
2025-04-29 00:00:00-04:00,1.0099999904632568,1.1200000047683716,0.9860000014305115,1.1100000143051147,530000,0.0,0.0
2025-04-30 00:00:00-04:00,1.0700000524520874,1.2400000095367432,1.0299999713897705,1.1699999570846558,1082800,0.0,0.0
2025-05-01 00:00:00-04:00,1.159999966621399,1.190000057220459,1.1200000047683716,1.1399999856948853,504300,0.0,0.0
2025-05-02 00:00:00-04:00,1.1399999856948853,1.3550000190734863,1.1100000143051147,1.25,1445000,0.0,0.0
2025-05-05 00:00:00-04:00,1.2400000095367432,1.2400000095367432,1.1449999809265137,1.159999966621399,478100,0.0,0.0
2025-05-06 00:00:00-04:00,1.149999976158142,1.159999966621399,1.1100000143051147,1.1200000047683716,427600,0.0,0.0
2025-05-07 00:00:00-04:00,1.149999976158142,1.149999976158142,1.0850000381469727,1.1299999952316284,351300,0.0,0.0
2025-05-08 00:00:00-04:00,1.1200000047683716,1.2400000095367432,1.1150000095367432,1.2300000190734863,655900,0.0,0.0
2025-05-09 00:00:00-04:00,1.100000023841858,1.149999976158142,1.0299999713897705,1.0399999618530273,851500,0.0,0.0
2025-05-12 00:00:00-04:00,1.100000023841858,1.1200000047683716,1.0499999523162842,1.1200000047683716,652000,0.0,0.0
2025-05-13 00:00:00-04:00,1.1100000143051147,1.1549999713897705,1.090000033378601,1.100000023841858,396600,0.0,0.0
2025-05-14 00:00:00-04:00,1.1100000143051147,1.1449999809265137,1.0800000429153442,1.1200000047683716,449700,0.0,0.0
2025-05-15 00:00:00-04:00,1.1200000047683716,1.1399999856948853,1.059999942779541,1.1299999952316284,259000,0.0,0.0
2025-05-16 00:00:00-04:00,1.1100000143051147,1.159000039100647,1.100000023841858,1.1399999856948853,438300,0.0,0.0
2025-05-19 00:00:00-04:00,1.1100000143051147,1.149999976158142,1.1050000190734863,1.1200000047683716,245400,0.0,0.0
2025-05-20 00:00:00-04:00,1.1299999952316284,1.149999976158142,1.1050000190734863,1.1399999856948853,257300,0.0,0.0
2025-05-21 00:00:00-04:00,1.1100000143051147,1.1239999532699585,1.059999942779541,1.0800000429153442,285500,0.0,0.0
2025-05-22 00:00:00-04:00,1.0700000524520874,1.1100000143051147,1.0499999523162842,1.100000023841858,283800,0.0,0.0
2025-05-23 00:00:00-04:00,1.0700000524520874,1.100000023841858,1.0700000524520874,1.090000033378601,195400,0.0,0.0
2025-05-27 00:00:00-04:00,1.090000033378601,1.1799999475479126,1.0700000524520874,1.1799999475479126,385800,0.0,0.0
2025-05-28 00:00:00-04:00,1.1799999475479126,1.1799999475479126,1.1200000047683716,1.1299999952316284,358600,0.0,0.0
2025-05-29 00:00:00-04:00,1.1299999952316284,1.159000039100647,1.0700000524520874,1.100000023841858,486800,0.0,0.0
2025-05-30 00:00:00-04:00,1.090000033378601,1.100000023841858,1.0499999523162842,1.0800000429153442,319900,0.0,0.0
2025-06-02 00:00:00-04:00,1.059999942779541,1.0950000286102295,1.0499999523162842,1.059999942779541,298900,0.0,0.0
2025-06-03 00:00:00-04:00,1.059999942779541,1.100000023841858,1.0499999523162842,1.090000033378601,285200,0.0,0.0
2025-06-04 00:00:00-04:00,1.0700000524520874,1.100000023841858,1.065000057220459,1.0800000429153442,264700,0.0,0.0
2025-06-05 00:00:00-04:00,1.0700000524520874,1.100000023841858,1.059999942779541,1.0700000524520874,216100,0.0,0.0
2025-06-06 00:00:00-04:00,1.0800000429153442,1.1799999475479126,1.0499999523162842,1.1799999475479126,474800,0.0,0.0
2025-06-09 00:00:00-04:00,1.2100000381469727,1.3450000286102295,1.190000057220459,1.3300000429153442,967600,0.0,0.0
2025-06-10 00:00:00-04:00,1.3799999952316284,1.3799999952316284,1.25,1.340000033378601,599000,0.0,0.0
2025-06-11 00:00:00-04:00,1.340000033378601,1.350000023841858,1.2400000095367432,1.25,346500,0.0,0.0
2025-06-12 00:00:00-04:00,1.2300000190734863,1.2599999904632568,1.215000033378601,1.2300000190734863,263700,0.0,0.0
2025-06-13 00:00:00-04:00,1.2000000476837158,1.2100000381469727,1.1399999856948853,1.1399999856948853,306900,0.0,0.0
2025-06-16 00:00:00-04:00,1.149999976158142,1.1950000524520874,1.1399999856948853,1.159999966621399,417700,0.0,0.0
2025-06-17 00:00:00-04:00,1.149999976158142,1.159999966621399,1.100000023841858,1.1299999952316284,319100,0.0,0.0
2025-06-18 00:00:00-04:00,1.1200000047683716,1.1399999856948853,1.100000023841858,1.1399999856948853,466300,0.0,0.0
2025-06-20 00:00:00-04:00,1.1799999475479126,1.1799999475479126,1.100000023841858,1.1100000143051147,408100,0.0,0.0
2025-06-23 00:00:00-04:00,1.1100000143051147,1.1299999952316284,1.0199999809265137,1.0499999523162842,825200,0.0,0.0
2025-06-24 00:00:00-04:00,1.0700000524520874,1.100000023841858,1.0299999713897705,1.0299999713897705,879600,0.0,0.0
2025-06-25 00:00:00-04:00,1.0399999618530273,1.0700000524520874,1.0,1.0099999904632568,874100,0.0,0.0
2025-06-26 00:00:00-04:00,1.0199999809265137,1.0449999570846558,0.9959999918937683,1.0,778900,0.0,0.0
2025-06-27 00:00:00-04:00,1.0,1.0499999523162842,0.8700000047683716,0.8700000047683716,9400200,0.0,0.0
2025-06-30 00:00:00-04:00,0.9399999976158142,0.9879999756813049,0.9300000071525574,0.9350000023841858,457300,0.0,0.0
2025-07-01 00:00:00-04:00,0.9300000071525574,1.0099999904632568,0.9300000071525574,0.9879999756813049,477400,0.0,0.0
2025-07-02 00:00:00-04:00,0.9800000190734863,1.0199999809265137,0.9800000190734863,0.996999979019165,229900,0.0,0.0
2025-07-03 00:00:00-04:00,1.0099999904632568,1.0399999618530273,1.0,1.0099999904632568,253800,0.0,0.0
2025-07-07 00:00:00-04:00,1.0099999904632568,1.0190000534057617,0.9710000157356262,0.9980000257492065,218300,0.0,0.0
2025-07-08 00:00:00-04:00,0.9829999804496765,1.0299999713897705,0.9800000190734863,1.0299999713897705,389400,0.0,0.0
2025-07-09 00:00:00-04:00,0.9900000095367432,1.0499999523162842,0.9900000095367432,1.0199999809265137,422500,0.0,0.0
2025-07-10 00:00:00-04:00,1.0199999809265137,1.090000033378601,1.0199999809265137,1.059999942779541,679100,0.0,0.0
2025-07-11 00:00:00-04:00,1.0499999523162842,1.059999942779541,1.0199999809265137,1.0399999618530273,339800,0.0,0.0
2025-07-14 00:00:00-04:00,1.0399999618530273,1.0499999523162842,1.024999976158142,1.0299999713897705,343300,0.0,0.0
2025-07-15 00:00:00-04:00,1.0299999713897705,1.0499999523162842,0.9800000190734863,0.9860000014305115,366200,0.0,0.0
2025-07-16 00:00:00-04:00,0.9800000190734863,1.0099999904632568,0.9599999785423279,0.9900000095367432,460100,0.0,0.0
2025-07-17 00:00:00-04:00,0.9919999837875366,1.0199999809265137,0.9729999899864197,0.9729999899864197,349800,0.0,0.0
2025-07-18 00:00:00-04:00,1.0099999904632568,1.0399999618530273,1.0,1.0,340400,0.0,0.0
2025-07-21 00:00:00-04:00,1.0,1.090000033378601,1.0,1.059999942779541,604000,0.0,0.0
2025-07-22 00:00:00-04:00,1.059999942779541,1.1299999952316284,1.059999942779541,1.1100000143051147,489800,0.0,0.0
2025-07-23 00:00:00-04:00,1.1399999856948853,1.2050000429153442,1.1399999856948853,1.2000000476837158,513300,0.0,0.0
2025-07-24 00:00:00-04:00,1.2000000476837158,1.2100000381469727,1.1100000143051147,1.1100000143051147,471000,0.0,0.0
2025-07-25 00:00:00-04:00,1.100000023841858,1.1399999856948853,1.090000033378601,1.100000023841858,330000,0.0,0.0
2025-07-28 00:00:00-04:00,1.100000023841858,1.1200000047683716,1.090000033378601,1.090000033378601,223500,0.0,0.0
2025-07-29 00:00:00-04:00,1.090000033378601,1.090000033378601,1.0199999809265137,1.0199999809265137,497900,0.0,0.0
2025-07-30 00:00:00-04:00,1.0199999809265137,1.0499999523162842,1.0,1.0,309000,0.0,0.0
2025-07-31 00:00:00-04:00,1.0,1.0499999523162842,0.9850000143051147,0.9850000143051147,310100,0.0,0.0
2025-08-01 00:00:00-04:00,0.9700000286102295,1.0199999809265137,0.9649999737739563,0.9779999852180481,493400,0.0,0.0
2025-08-04 00:00:00-04:00,0.9700000286102295,1.0299999713897705,0.9700000286102295,1.0099999904632568,309800,0.0,0.0
2025-08-05 00:00:00-04:00,1.0099999904632568,1.0700000524520874,1.0099999904632568,1.0399999618530273,297100,0.0,0.0
2025-08-06 00:00:00-04:00,1.0299999713897705,1.0399999618530273,1.0099999904632568,1.0199999809265137,200600,0.0,0.0
2025-08-07 00:00:00-04:00,1.0199999809265137,1.0499999523162842,1.0,1.0199999809265137,238800,0.0,0.0
2025-08-08 00:00:00-04:00,1.0399999618530273,1.059999942779541,1.0149999856948853,1.0499999523162842,692900,0.0,0.0
2025-08-11 00:00:00-04:00,1.1399999856948853,1.2699999809265137,1.1150000095367432,1.2599999904632568,2640400,0.0,0.0
2025-08-12 00:00:00-04:00,1.309999942779541,1.5399999618530273,1.2999999523162842,1.4900000095367432,4179300,0.0,0.0
2025-08-13 00:00:00-04:00,1.4900000095367432,1.5,1.399999976158142,1.4900000095367432,1326200,0.0,0.0
2025-08-14 00:00:00-04:00,1.434999942779541,1.6399999856948853,1.4199999570846558,1.559999942779541,1601000,0.0,0.0
2025-08-15 00:00:00-04:00,1.5700000524520874,1.590000033378601,1.4299999475479126,1.4500000476837158,749600,0.0,0.0
2025-08-18 00:00:00-04:00,1.440000057220459,1.590000033378601,1.4299999475479126,1.5700000524520874,774900,0.0,0.0
2025-08-19 00:00:00-04:00,1.5800000429153442,1.5859999656677246,1.4900000095367432,1.5299999713897705,496600,0.0,0.0
2025-08-20 00:00:00-04:00,1.5299999713897705,1.600000023841858,1.4509999752044678,1.559999942779541,590500,0.0,0.0
2025-08-21 00:00:00-04:00,1.5099999904632568,1.6950000524520874,1.5099999904632568,1.6399999856948853,731100,0.0,0.0
2025-08-22 00:00:00-04:00,1.649999976158142,1.7899999618530273,1.6100000143051147,1.7699999809265137,983300,0.0,0.0
2025-08-25 00:00:00-04:00,1.7799999713897705,1.850000023841858,1.7300000190734863,1.7899999618530273,881900,0.0,0.0
2025-08-26 00:00:00-04:00,1.809999942779541,1.899999976158142,1.7699999809265137,1.8200000524520874,777000,0.0,0.0
2025-08-27 00:00:00-04:00,1.8200000524520874,1.850000023841858,1.6799999475479126,1.6799999475479126,710100,0.0,0.0
2025-08-28 00:00:00-04:00,1.6799999475479126,1.7899999618530273,1.6399999856948853,1.7699999809265137,698700,0.0,0.0
2025-08-29 00:00:00-04:00,1.7899999618530273,1.7999999523162842,1.6749999523162842,1.7000000476837158,368500,0.0,0.0
2025-09-02 00:00:00-04:00,1.6399999856948853,1.6699999570846558,1.5700000524520874,1.6399999856948853,524100,0.0,0.0
2025-09-03 00:00:00-04:00,1.6299999952316284,1.6779999732971191,1.5499999523162842,1.5800000429153442,394700,0.0,0.0
2025-09-04 00:00:00-04:00,1.590000033378601,1.6200000047683716,1.4700000286102295,1.5499999523162842,596800,0.0,0.0
2025-09-05 00:00:00-04:00,1.4700000286102295,1.5499999523162842,1.4700000286102295,1.5099999904632568,656300,0.0,0.0
2025-09-08 00:00:00-04:00,1.5199999809265137,1.5700000524520874,1.5,1.5399999618530273,373300,0.0,0.0
2025-09-09 00:00:00-04:00,1.5499999523162842,1.5700000524520874,1.5,1.5499999523162842,335900,0.0,0.0
2025-09-10 00:00:00-04:00,1.5299999713897705,1.5549999475479126,1.4800000190734863,1.4900000095367432,234400,0.0,0.0
2025-09-11 00:00:00-04:00,1.5099999904632568,1.5800000429153442,1.5,1.5499999523162842,315600,0.0,0.0
2025-09-12 00:00:00-04:00,1.559999942779541,1.7369999885559082,1.5549999475479126,1.7200000286102295,693400,0.0,0.0
2025-09-15 00:00:00-04:00,1.7200000286102295,1.725000023841858,1.6100000143051147,1.6200000047683716,556100,0.0,0.0
2025-09-16 00:00:00-04:00,1.600000023841858,1.6549999713897705,1.590000033378601,1.6200000047683716,306100,0.0,0.0
2025-09-17 00:00:00-04:00,1.600000023841858,1.690000057220459,1.600000023841858,1.600000023841858,331700,0.0,0.0
2025-09-18 00:00:00-04:00,1.6200000047683716,1.7549999952316284,1.6200000047683716,1.7200000286102295,515300,0.0,0.0
2025-09-19 00:00:00-04:00,1.75,1.75,1.6200000047683716,1.6200000047683716,1209400,0.0,0.0
2025-09-22 00:00:00-04:00,1.600000023841858,1.6950000524520874,1.5499999523162842,1.659999966621399,539600,0.0,0.0
2025-09-23 00:00:00-04:00,1.6699999570846558,1.7400000095367432,1.6349999904632568,1.6399999856948853,540000,0.0,0.0
2025-09-24 00:00:00-04:00,1.7100000381469727,1.8899999856948853,1.7100000381469727,1.8200000524520874,1327300,0.0,0.0
2025-09-25 00:00:00-04:00,1.8200000524520874,1.8300000429153442,1.6699999570846558,1.690000057220459,625500,0.0,0.0
2025-09-26 00:00:00-04:00,1.6799999475479126,1.715000033378601,1.6399999856948853,1.649999976158142,239200,0.0,0.0
2025-09-29 00:00:00-04:00,1.7899999618530273,2.0899999141693115,1.7599999904632568,2.0899999141693115,3119000,0.0,0.0
2025-09-30 00:00:00-04:00,2.009999990463257,2.0199999809265137,1.850000023841858,1.8700000047683716,1014500,0.0,0.0
2025-10-01 00:00:00-04:00,1.850000023841858,1.8700000047683716,1.7599999904632568,1.7799999713897705,821700,0.0,0.0
2025-10-02 00:00:00-04:00,1.7799999713897705,1.850000023841858,1.7009999752044678,1.7699999809265137,601100,0.0,0.0
2025-10-03 00:00:00-04:00,1.7599999904632568,1.8270000219345093,1.75,1.7899999618530273,363000,0.0,0.0
2025-10-06 00:00:00-04:00,1.7999999523162842,1.8300000429153442,1.7400000095367432,1.7799999713897705,308800,0.0,0.0
2025-10-07 00:00:00-04:00,1.75,1.8600000143051147,1.75,1.7599999904632568,592700,0.0,0.0
2025-10-08 00:00:00-04:00,1.7599999904632568,1.7899999618530273,1.7300000190734863,1.7400000095367432,353800,0.0,0.0
2025-10-09 00:00:00-04:00,1.7699999809265137,1.850000023841858,1.7400000095367432,1.809999942779541,946500,0.0,0.0
2025-10-10 00:00:00-04:00,1.809999942779541,1.809999942779541,1.649999976158142,1.649999976158142,859600,0.0,0.0
2025-10-13 00:00:00-04:00,1.6799999475479126,1.7200000286102295,1.6349999904632568,1.659999966621399,250100,0.0,0.0
2025-10-14 00:00:00-04:00,1.649999976158142,1.7000000476837158,1.6100000143051147,1.6699999570846558,454300,0.0,0.0
2025-10-15 00:00:00-04:00,1.7000000476837158,1.8200000524520874,1.659999966621399,1.7400000095367432,724700,0.0,0.0
2025-10-16 00:00:00-04:00,1.7400000095367432,1.7450000047683716,1.6230000257492065,1.6299999952316284,399100,0.0,0.0
2025-10-17 00:00:00-04:00,1.6200000047683716,1.6799999475479126,1.6100000143051147,1.6399999856948853,309200,0.0,0.0
2025-10-20 00:00:00-04:00,1.649999976158142,1.7000000476837158,1.6299999952316284,1.6799999475479126,299300,0.0,0.0
2025-10-21 00:00:00-04:00,1.6799999475479126,1.7000000476837158,1.6449999809265137,1.6699999570846558,325400,0.0,0.0
2025-10-22 00:00:00-04:00,1.649999976158142,1.690000057220459,1.6200000047683716,1.6799999475479126,422800,0.0,0.0
2025-10-23 00:00:00-04:00,1.6699999570846558,1.7799999713897705,1.6699999570846558,1.7699999809265137,661100,0.0,0.0
2025-10-24 00:00:00-04:00,1.7899999618530273,1.8049999475479126,1.7599999904632568,1.7699999809265137,577600,0.0,0.0
2025-10-27 00:00:00-04:00,1.7699999809265137,1.784999966621399,1.6799999475479126,1.690000057220459,304500,0.0,0.0
2025-10-28 00:00:00-04:00,1.6799999475479126,1.6950000524520874,1.6150000095367432,1.6200000047683716,287700,0.0,0.0
2025-10-29 00:00:00-04:00,1.6100000143051147,1.6200000047683716,1.5399999618530273,1.559999942779541,356000,0.0,0.0
2025-10-30 00:00:00-04:00,1.5299999713897705,1.559999942779541,1.5099999904632568,1.5199999809265137,419000,0.0,0.0
2025-10-31 00:00:00-04:00,1.5099999904632568,1.5800000429153442,1.5099999904632568,1.5199999809265137,180200,0.0,0.0
2025-11-03 00:00:00-05:00,1.5499999523162842,1.5499999523162842,1.4299999475479126,1.440000057220459,464400,0.0,0.0
2025-11-04 00:00:00-05:00,1.4500000476837158,1.5399999618530273,1.4450000524520874,1.4500000476837158,424000,0.0,0.0
2025-11-05 00:00:00-05:00,1.4600000381469727,1.4900000095367432,1.440000057220459,1.4700000286102295,245100,0.0,0.0
2025-11-06 00:00:00-05:00,1.4500000476837158,1.4600000381469727,1.3700000047683716,1.3799999952316284,661400,0.0,0.0
2025-11-07 00:00:00-05:00,1.6299999952316284,1.7899999618530273,1.5800000429153442,1.7699999809265137,1726000,0.0,0.0
2025-11-10 00:00:00-05:00,1.7799999713897705,1.875,1.7599999904632568,1.7799999713897705,971100,0.0,0.0
2025-11-11 00:00:00-05:00,1.7799999713897705,1.840000033378601,1.6399999856948853,1.8300000429153442,641600,0.0,0.0
2025-11-12 00:00:00-05:00,1.8300000429153442,1.8799999952316284,1.7200000286102295,1.7400000095367432,510700,0.0,0.0
2025-11-13 00:00:00-05:00,1.7200000286102295,1.7300000190734863,1.590000033378601,1.649999976158142,679100,0.0,0.0
2025-11-14 00:00:00-05:00,1.6200000047683716,1.6799999475479126,1.600000023841858,1.649999976158142,555700,0.0,0.0
2025-11-17 00:00:00-05:00,1.6200000047683716,1.6399999856948853,1.524999976158142,1.5499999523162842,347900,0.0,0.0
2025-11-18 00:00:00-05:00,1.5299999713897705,1.5800000429153442,1.5299999713897705,1.559999942779541,218300,0.0,0.0
2025-11-19 00:00:00-05:00,1.5399999618530273,1.5700000524520874,1.4900000095367432,1.5099999904632568,432200,0.0,0.0
2025-11-20 00:00:00-05:00,1.5199999809265137,1.5750000476837158,1.5099999904632568,1.5099999904632568,428200,0.0,0.0
2025-11-21 00:00:00-05:00,1.5099999904632568,1.5399999618530273,1.4700000286102295,1.5199999809265137,318600,0.0,0.0
2025-11-24 00:00:00-05:00,1.5,1.559999942779541,1.5,1.5399999618530273,277700,0.0,0.0
2025-11-25 00:00:00-05:00,1.5299999713897705,1.559999942779541,1.5,1.5499999523162842,166300,0.0,0.0
2025-11-26 00:00:00-05:00,1.5399999618530273,1.5800000429153442,1.5210000276565552,1.559999942779541,163100,0.0,0.0
2025-11-28 00:00:00-05:00,1.559999942779541,1.5800000429153442,1.5399999618530273,1.5499999523162842,123100,0.0,0.0
2025-12-01 00:00:00-05:00,1.534999966621399,1.5399999618530273,1.5010000467300415,1.5099999904632568,169600,0.0,0.0
2025-12-02 00:00:00-05:00,1.5,1.5199999809265137,1.4700000286102295,1.4700000286102295,246300,0.0,0.0
2025-12-03 00:00:00-05:00,1.4700000286102295,1.5199999809265137,1.4700000286102295,1.5099999904632568,164100,0.0,0.0
2025-12-04 00:00:00-05:00,1.4800000190734863,1.524999976158142,1.4800000190734863,1.5099999904632568,130400,0.0,0.0
2025-12-05 00:00:00-05:00,1.5,1.534999966621399,1.4700000286102295,1.4700000286102295,242600,0.0,0.0
2025-12-08 00:00:00-05:00,1.4700000286102295,1.4800000190734863,1.399999976158142,1.399999976158142,260700,0.0,0.0
2025-12-09 00:00:00-05:00,1.399999976158142,1.4579999446868896,1.399999976158142,1.4299999475479126,306500,0.0,0.0
2025-12-10 00:00:00-05:00,1.440000057220459,1.4800000190734863,1.4199999570846558,1.440000057220459,285700,0.0,0.0
2025-12-11 00:00:00-05:00,1.4299999475479126,1.4800000190734863,1.4199999570846558,1.4199999570846558,441500,0.0,0.0
2025-12-12 00:00:00-05:00,1.7300000190734863,1.9700000286102295,1.6690000295639038,1.9600000381469727,4526300,0.0,0.0
2025-12-15 00:00:00-05:00,1.9850000143051147,2.0,1.7799999713897705,1.909999966621399,1915000,0.0,0.0
2025-12-16 00:00:00-05:00,1.8799999952316284,2.200000047683716,1.8639999628067017,2.1500000953674316,2403300,0.0,0.0
2025-12-17 00:00:00-05:00,2.200000047683716,2.2690000534057617,2.109999895095825,2.200000047683716,1820800,0.0,0.0
2025-12-18 00:00:00-05:00,2.25,2.4000000953674316,1.7799999713897705,1.8899999856948853,4040100,0.0,0.0
2025-12-19 00:00:00-05:00,1.8600000143051147,1.9199999570846558,1.7599999904632568,1.7799999713897705,1639900,0.0,0.0
2025-12-22 00:00:00-05:00,1.7799999713897705,1.7799999713897705,1.690000057220459,1.7000000476837158,955500,0.0,0.0
2025-12-23 00:00:00-05:00,1.690000057220459,1.7000000476837158,1.6050000190734863,1.6299999952316284,932800,0.0,0.0
2025-12-24 00:00:00-05:00,1.6200000047683716,1.659999966621399,1.5950000286102295,1.6299999952316284,239100,0.0,0.0
2025-12-26 00:00:00-05:00,1.6200000047683716,1.6299999952316284,1.5549999475479126,1.6100000143051147,415000,0.0,0.0
2025-12-29 00:00:00-05:00,1.5700000524520874,1.600000023841858,1.524999976158142,1.5399999618530273,483000,0.0,0.0
2025-12-30 00:00:00-05:00,1.5299999713897705,1.5800000429153442,1.5,1.5,750300,0.0,0.0
2025-12-31 00:00:00-05:00,1.5,1.534999966621399,1.4500000476837158,1.5,1017600,0.0,0.0
2026-01-02 00:00:00-05:00,1.5099999904632568,1.559999942779541,1.4900000095367432,1.5399999618530273,500800,0.0,0.0
2026-01-05 00:00:00-05:00,1.5399999618530273,1.565000057220459,1.4850000143051147,1.5,396400,0.0,0.0
2026-01-06 00:00:00-05:00,1.5,1.5549999475479126,1.4900000095367432,1.5499999523162842,448300,0.0,0.0
2026-01-07 00:00:00-05:00,1.5299999713897705,1.590000033378601,1.5299999713897705,1.5700000524520874,222900,0.0,0.0
2026-01-08 00:00:00-05:00,1.5700000524520874,1.600000023841858,1.5299999713897705,1.590000033378601,213200,0.0,0.0
2026-01-09 00:00:00-05:00,1.600000023841858,1.6200000047683716,1.5529999732971191,1.5700000524520874,389000,0.0,0.0
2026-01-12 00:00:00-05:00,1.5499999523162842,1.625,1.5199999809265137,1.600000023841858,387300,0.0,0.0
2026-01-13 00:00:00-05:00,1.600000023841858,1.6050000190734863,1.559999942779541,1.5800000429153442,191700,0.0,0.0
2026-01-14 00:00:00-05:00,1.600000023841858,1.6399999856948853,1.5499999523162842,1.5800000429153442,293200,0.0,0.0
2026-01-15 00:00:00-05:00,1.559999942779541,1.5700000524520874,1.5099999904632568,1.5099999904632568,354400,0.0,0.0
2026-01-16 00:00:00-05:00,1.5099999904632568,1.559999942779541,1.4800000190734863,1.4900000095367432,396700,0.0,0.0
2026-01-20 00:00:00-05:00,1.4900000095367432,1.5099999904632568,1.440000057220459,1.440000057220459,241500,0.0,0.0
2026-01-21 00:00:00-05:00,1.4600000381469727,1.5700000524520874,1.4199999570846558,1.4700000286102295,532600,0.0,0.0
2026-01-22 00:00:00-05:00,1.4800000190734863,1.5299999713897705,1.465000033378601,1.4800000190734863,241000,0.0,0.0
2026-01-23 00:00:00-05:00,1.4800000190734863,1.4950000047683716,1.4500000476837158,1.4500000476837158,241600,0.0,0.0
2026-01-26 00:00:00-05:00,1.440000057220459,1.4559999704360962,1.399999976158142,1.409999966621399,225800,0.0,0.0
2026-01-27 00:00:00-05:00,1.4199999570846558,1.4199999570846558,1.3799999952316284,1.409999966621399,187000,0.0,0.0
2026-01-28 00:00:00-05:00,1.399999976158142,1.4500000476837158,1.3600000143051147,1.3600000143051147,401600,0.0,0.0
2026-01-29 00:00:00-05:00,1.3600000143051147,1.440000057220459,1.3300000429153442,1.3700000047683716,423200,0.0,0.0
2026-01-30 00:00:00-05:00,1.3600000143051147,1.3700000047683716,1.309999942779541,1.309999942779541,237600,0.0,0.0
2026-02-02 00:00:00-05:00,1.2999999523162842,1.399999976158142,1.2899999618530273,1.2999999523162842,360100,0.0,0.0
2026-02-03 00:00:00-05:00,1.2999999523162842,1.340000033378601,1.2649999856948853,1.2699999809265137,327300,0.0,0.0
2026-02-04 00:00:00-05:00,1.2799999713897705,1.309999942779541,1.2400000095367432,1.25,435500,0.0,0.0
2026-02-05 00:00:00-05:00,1.2400000095367432,1.2699999809265137,1.159999966621399,1.159999966621399,733700,0.0,0.0
2026-02-06 00:00:00-05:00,1.1799999475479126,1.2699999809265137,1.1690000295639038,1.2200000286102295,389700,0.0,0.0
2026-02-09 00:00:00-05:00,1.2100000381469727,1.2200000286102295,1.1710000038146973,1.2100000381469727,238900,0.0,0.0
2026-02-10 00:00:00-05:00,1.1699999570846558,1.2450000047683716,1.1699999570846558,1.1799999475479126,204900,0.0,0.0
2026-02-11 00:00:00-05:00,1.2000000476837158,1.2000000476837158,1.1399999856948853,1.1399999856948853,355300,0.0,0.0
2026-02-12 00:00:00-05:00,1.1649999618530273,1.2000000476837158,1.1050000190734863,1.1299999952316284,565700,0.0,0.0
2026-02-13 00:00:00-05:00,1.1399999856948853,1.1699999570846558,1.1200000047683716,1.1200000047683716,229300,0.0,0.0
2026-02-17 00:00:00-05:00,1.1200000047683716,1.1399999856948853,1.0800000429153442,1.090000033378601,306400,0.0,0.0
2026-02-18 00:00:00-05:00,1.100000023841858,1.1790000200271606,1.100000023841858,1.1200000047683716,314800,0.0,0.0
2026-02-19 00:00:00-05:00,1.1319999694824219,1.2000000476837158,1.100000023841858,1.1699999570846558,522100,0.0,0.0
2026-02-20 00:00:00-05:00,1.1799999475479126,1.1799999475479126,1.100000023841858,1.100000023841858,432700,0.0,0.0
2026-02-23 00:00:00-05:00,1.100000023841858,1.1100000143051147,1.0700000524520874,1.0800000429153442,279900,0.0,0.0
2026-02-24 00:00:00-05:00,1.0800000429153442,1.159999966621399,1.0800000429153442,1.1200000047683716,368000,0.0,0.0
2026-02-25 00:00:00-05:00,1.1299999952316284,1.149999976158142,1.1100000143051147,1.1200000047683716,214800,0.0,0.0
2026-02-26 00:00:00-05:00,1.1200000047683716,1.159999966621399,1.1100000143051147,1.1399999856948853,200900,0.0,0.0
2026-02-27 00:00:00-05:00,1.1200000047683716,1.1399999856948853,1.1200000047683716,1.1299999952316284,140800,0.0,0.0
2026-03-02 00:00:00-05:00,1.1100000143051147,1.149999976158142,1.1009999513626099,1.1100000143051147,319700,0.0,0.0
2026-03-03 00:00:00-05:00,1.100000023841858,1.1200000047683716,1.0700000524520874,1.100000023841858,484100,0.0,0.0
2026-03-04 00:00:00-05:00,1.100000023841858,1.1449999809265137,1.100000023841858,1.1200000047683716,203600,0.0,0.0
2026-03-05 00:00:00-05:00,1.1200000047683716,1.1699999570846558,1.100000023841858,1.1200000047683716,297500,0.0,0.0
2026-03-06 00:00:00-05:00,1.0800000429153442,1.1449999809265137,1.0800000429153442,1.1200000047683716,287600,0.0,0.0
2026-03-09 00:00:00-04:00,1.1100000143051147,1.125,1.090000033378601,1.1100000143051147,195100,0.0,0.0
2026-03-10 00:00:00-04:00,1.1200000047683716,1.1399999856948853,1.100000023841858,1.100000023841858,171100,0.0,0.0
2026-03-11 00:00:00-04:00,1.100000023841858,1.1200000047683716,1.090000033378601,1.1100000143051147,130100,0.0,0.0
2026-03-12 00:00:00-04:00,1.1200000047683716,1.1299999952316284,1.0800000429153442,1.090000033378601,115900,0.0,0.0
2026-03-13 00:00:00-04:00,1.090000033378601,1.1100000143051147,1.059999942779541,1.059999942779541,169200,0.0,0.0
2026-03-16 00:00:00-04:00,1.0700000524520874,1.090000033378601,1.0499999523162842,1.0499999523162842,252300,0.0,0.0
2026-03-17 00:00:00-04:00,1.059999942779541,1.1299999952316284,1.0499999523162842,1.0800000429153442,323100,0.0,0.0
2026-03-18 00:00:00-04:00,1.090000033378601,1.100000023841858,1.0499999523162842,1.0499999523162842,282100,0.0,0.0
2026-03-19 00:00:00-04:00,1.0499999523162842,1.1100000143051147,1.0299999713897705,1.090000033378601,1330700,0.0,0.0
2026-03-20 00:00:00-04:00,1.100000023841858,1.2400000095367432,1.0049999952316284,1.159999966621399,1636300,0.0,0.0
2026-03-23 00:00:00-04:00,1.1200000047683716,1.1799999475479126,1.1150000095367432,1.149999976158142,650700,0.0,0.0
2026-03-24 00:00:00-04:00,1.159999966621399,1.1799999475479126,1.1200000047683716,1.1299999952316284,368000,0.0,0.0
2026-03-25 00:00:00-04:00,1.1299999952316284,1.149999976158142,1.100000023841858,1.1299999952316284,266500,0.0,0.0
2026-03-26 00:00:00-04:00,1.1399999856948853,1.159999966621399,1.090000033378601,1.1100000143051147,344300,0.0,0.0
2026-03-27 00:00:00-04:00,1.100000023841858,1.1100000143051147,1.0700000524520874,1.0700000524520874,399000,0.0,0.0
2026-03-30 00:00:00-04:00,1.059999942779541,1.0800000429153442,1.0499999523162842,1.059999942779541,239700,0.0,0.0
2026-03-31 00:00:00-04:00,1.059999942779541,1.100000023841858,1.059999942779541,1.100000023841858,156400,0.0,0.0
2026-04-01 00:00:00-04:00,1.1100000143051147,1.1299999952316284,1.0700000524520874,1.0800000429153442,242800,0.0,0.0
2026-04-02 00:00:00-04:00,1.0499999523162842,1.100000023841858,1.0499999523162842,1.100000023841858,286500,0.0,0.0
2026-04-06 00:00:00-04:00,1.090000033378601,1.1150000095367432,1.0800000429153442,1.0800000429153442,214100,0.0,0.0
2026-04-07 00:00:00-04:00,1.0700000524520874,1.090000033378601,1.059999942779541,1.0700000524520874,134000,0.0,0.0
2026-04-08 00:00:00-04:00,1.090000033378601,1.1059999465942383,1.0499999523162842,1.059999942779541,211700,0.0,0.0
2026-04-09 00:00:00-04:00,1.059999942779541,1.0700000524520874,1.0499999523162842,1.0499999523162842,187900,0.0,0.0
2026-04-10 00:00:00-04:00,1.0399999618530273,1.0750000476837158,1.0399999618530273,1.0399999618530273,175600,0.0,0.0
2026-04-13 00:00:00-04:00,1.0399999618530273,1.0700000524520874,1.0199999809265137,1.0499999523162842,268900,0.0,0.0
2026-04-14 00:00:00-04:00,1.0499999523162842,1.090000033378601,1.0499999523162842,1.0800000429153442,291700,0.0,0.0
2026-04-15 00:00:00-04:00,1.059999942779541,1.1050000190734863,1.059999942779541,1.100000023841858,214200,0.0,0.0
2026-04-16 00:00:00-04:00,1.0800000429153442,1.1150000095367432,1.0800000429153442,1.090000033378601,237400,0.0,0.0
2026-04-17 00:00:00-04:00,1.090000033378601,1.159999966621399,1.090000033378601,1.1200000047683716,385600,0.0,0.0
2026-04-20 00:00:00-04:00,1.100000023841858,1.1799999475479126,1.100000023841858,1.1799999475479126,386100,0.0,0.0
2026-04-21 00:00:00-04:00,1.1699999570846558,1.1699999570846558,1.090000033378601,1.1299999952316284,533400,0.0,0.0
2026-04-22 00:00:00-04:00,1.149999976158142,1.3899999856948853,1.1399999856948853,1.309999942779541,2852500,0.0,0.0
2026-04-23 00:00:00-04:00,1.440000057220459,1.5800000429153442,1.350000023841858,1.4199999570846558,4763100,0.0,0.0
2026-04-24 00:00:00-04:00,1.4500000476837158,1.4500000476837158,1.340000033378601,1.3700000047683716,834600,0.0,0.0
2026-04-27 00:00:00-04:00,1.3700000047683716,1.3949999809265137,1.3300000429153442,1.3799999952316284,548000,0.0,0.0
2026-04-28 00:00:00-04:00,1.3700000047683716,1.3949999809265137,1.3350000381469727,1.340000033378601,378900,0.0,0.0
2026-04-29 00:00:00-04:00,1.3300000429153442,1.3359999656677246,1.2699999809265137,1.2799999713897705,349300,0.0,0.0
2026-04-30 00:00:00-04:00,1.2799999713897705,1.3350000381469727,1.2799999713897705,1.3200000524520874,258700,0.0,0.0
2026-05-01 00:00:00-04:00,1.309999942779541,1.3300000429153442,1.2949999570846558,1.2999999523162842,313200,0.0,0.0
2026-05-04 00:00:00-04:00,1.2899999618530273,1.309999942779541,1.2599999904632568,1.2699999809265137,301900,0.0,0.0
2026-05-05 00:00:00-04:00,1.2899999618530273,1.315000057220459,1.2699999809265137,1.309999942779541,218900,0.0,0.0
2026-05-06 00:00:00-04:00,1.3200000524520874,1.3799999952316284,1.2999999523162842,1.3700000047683716,434900,0.0,0.0
2026-05-07 00:00:00-04:00,1.3600000143051147,1.4299999475479126,1.3600000143051147,1.4199999570846558,526400,0.0,0.0
2026-05-08 00:00:00-04:00,1.4199999570846558,1.434999942779541,1.3700000047683716,1.4199999570846558,499000,0.0,0.0
2026-05-11 00:00:00-04:00,1.399999976158142,1.4199999570846558,1.3849999904632568,1.399999976158142,287800,0.0,0.0
2026-05-12 00:00:00-04:00,1.4199999570846558,1.4199999570846558,1.3350000381469727,1.3700000047683716,408900,0.0,0.0
2026-05-13 00:00:00-04:00,1.3300000429153442,1.6100000143051147,1.3300000429153442,1.6100000143051147,1430100,0.0,0.0
2026-05-14 00:00:00-04:00,1.6399999856948853,1.6399999856948853,1.4950000047683716,1.5299999713897705,547000,0.0,0.0
2026-05-15 00:00:00-04:00,1.5199999809265137,1.6449999809265137,1.4600000381469727,1.6100000143051147,917000,0.0,0.0
2026-05-18 00:00:00-04:00,1.6299999952316284,1.6299999952316284,1.5099999904632568,1.5199999809265137,459600,0.0,0.0
2026-05-19 00:00:00-04:00,1.5099999904632568,1.6299999952316284,1.5,1.5700000524520874,653300,0.0,0.0
2026-05-20 00:00:00-04:00,1.5700000524520874,1.7400000095367432,1.559999942779541,1.7400000095367432,716600,0.0,0.0
2026-05-21 00:00:00-04:00,1.7100000381469727,1.7699999809265137,1.6799999475479126,1.7599999904632568,503400,0.0,0.0
2026-05-22 00:00:00-04:00,1.7799999713897705,1.840000033378601,1.7400000095367432,1.7899999618530273,571200,0.0,0.0
2026-05-26 00:00:00-04:00,1.7999999523162842,1.7999999523162842,1.7350000143051147,1.7699999809265137,415500,0.0,0.0
2026-05-27 00:00:00-04:00,1.7300000190734863,1.815000057220459,1.7300000190734863,1.7799999713897705,377200,0.0,0.0
2026-05-28 00:00:00-04:00,1.7799999713897705,1.7929999828338623,1.7400000095367432,1.7799999713897705,337200,0.0,0.0
2026-05-29 00:00:00-04:00,1.75,1.784999966621399,1.7200000286102295,1.7799999713897705,244300,0.0,0.0
2026-06-01 00:00:00-04:00,1.75,1.774999976158142,1.7200000286102295,1.7200000286102295,226300,0.0,0.0
2026-06-02 00:00:00-04:00,1.7200000286102295,1.7549999952316284,1.7000000476837158,1.7000000476837158,287700,0.0,0.0
2026-06-03 00:00:00-04:00,1.659999966621399,1.690000057220459,1.5950000286102295,1.6100000143051147,444100,0.0,0.0
2026-06-04 00:00:00-04:00,1.600000023841858,1.7200000286102295,1.600000023841858,1.649999976158142,324400,0.0,0.0
2026-06-05 00:00:00-04:00,1.659999966621399,1.690000057220459,1.5800000429153442,1.6100000143051147,342700,0.0,0.0
2026-06-08 00:00:00-04:00,1.6699999570846558,1.6699999570846558,1.590000033378601,1.6100000143051147,217400,0.0,0.0
2026-06-09 00:00:00-04:00,1.6399999856948853,1.6799999475479126,1.5800000429153442,1.590000033378601,327800,0.0,0.0
2026-06-10 00:00:00-04:00,1.5800000429153442,1.5950000286102295,1.5099999904632568,1.5099999904632568,415100,0.0,0.0
2026-06-11 00:00:00-04:00,1.5199999809265137,1.559999942779541,1.5,1.5399999618530273,255100,0.0,0.0
2026-06-12 00:00:00-04:00,1.5199999809265137,1.5700000524520874,1.5099999904632568,1.5299999713897705,444100,0.0,0.0
2026-06-15 00:00:00-04:00,1.5700000524520874,1.5800000429153442,1.5,1.5099999904632568,308000,0.0,0.0
2026-06-16 00:00:00-04:00,1.5199999809265137,1.5499999523162842,1.4900000095367432,1.5399999618530273,480500,0.0,0.0
2026-06-17 00:00:00-04:00,1.5299999713897705,1.6200000047683716,1.5299999713897705,1.5499999523162842,342100,0.0,0.0
2026-06-18 00:00:00-04:00,1.5499999523162842,1.590000033378601,1.534999966621399,1.590000033378601,382900,0.0,0.0
2026-06-22 00:00:00-04:00,1.5700000524520874,1.5750000476837158,1.4299999475479126,1.4700000286102295,566900,0.0,0.0
2026-06-23 00:00:00-04:00,1.440000057220459,1.4989999532699585,1.3799999952316284,1.399999976158142,329200,0.0,0.0
2026-06-24 00:00:00-04:00,1.3899999856948853,1.4500000476837158,1.3300000429153442,1.340000033378601,531700,0.0,0.0
2026-06-25 00:00:00-04:00,1.3300000429153442,1.350000023841858,1.3009999990463257,1.309999942779541,350100,0.0,0.0
2026-06-26 00:00:00-04:00,1.309999942779541,1.3849999904632568,1.2949999570846558,1.3799999952316284,523500,0.0,0.0
2026-06-29 00:00:00-04:00,1.3799999952316284,1.4550000429153442,1.3639999628067017,1.4199999570846558,224700,0.0,0.0
2026-06-30 00:00:00-04:00,1.4199999570846558,1.4900000095367432,1.409999966621399,1.4800000190734863,257500,0.0,0.0
2026-07-01 00:00:00-04:00,1.4800000190734863,1.534999966621399,1.4800000190734863,1.5199999809265137,260800,0.0,0.0
2026-07-02 00:00:00-04:00,1.5199999809265137,1.5399999618530273,1.4700000286102295,1.4700000286102295,157100,0.0,0.0
2026-07-06 00:00:00-04:00,1.4600000381469727,1.5199999809265137,1.4600000381469727,1.4900000095367432,200100,0.0,0.0
2026-07-07 00:00:00-04:00,1.4800000190734863,1.5099999904632568,1.4700000286102295,1.4800000190734863,175900,0.0,0.0
2026-07-08 00:00:00-04:00,1.4700000286102295,1.5099999904632568,1.4600000381469727,1.5,201600,0.0,0.0
2026-07-09 00:00:00-04:00,1.5199999809265137,1.5449999570846558,1.4700000286102295,1.5399999618530273,268500,0.0,0.0
2026-07-10 00:00:00-04:00,1.5299999713897705,1.5299999713897705,1.5,1.5,207900,0.0,0.0
2026-07-13 00:00:00-04:00,1.5,1.5149999856948853,1.4500000476837158,1.4500000476837158,168200,0.0,0.0
2026-07-14 00:00:00-04:00,1.4600000381469727,1.5140000581741333,1.4600000381469727,1.4900000095367432,258700,0.0,0.0
2026-07-15 00:00:00-04:00,1.4900000095367432,1.5199999809265137,1.4500000476837158,1.4500000476837158,291200,0.0,0.0
2026-07-16 00:00:00-04:00,1.440000057220459,1.4600000381469727,1.4149999618530273,1.4199999570846558,164300,0.0,0.0
2026-07-17 00:00:00-04:00,1.409999966621399,1.4600000381469727,1.399999976158142,1.4299999475479126,188200,0.0,0.0
2026-07-20 00:00:00-04:00,1.409999966621399,1.434999942779541,1.399999976158142,1.409999966621399,109600,0.0,0.0
2026-07-21 00:00:00-04:00,1.409999966621399,1.4299999475479126,1.3899999856948853,1.399999976158142,201400,0.0,0.0
2026-07-22 00:00:00-04:00,1.3799999952316284,1.4290000200271606,1.3799999952316284,1.3799999952316284,171600,0.0,0.0
2026-07-23 00:00:00-04:00,1.350000023841858,1.409999966621399,1.350000023841858,1.3899999856948853,133200,0.0,0.0
2026-07-24 00:00:00-04:00,1.3799999952316284,1.409999966621399,1.3600000143051147,1.3799999952316284,184100,0.0,0.0
2026-07-27 00:00:00-04:00,1.3899999856948853,1.5099999904632568,1.340000033378601,1.4800000190734863,562100,0.0,0.0
2026-07-28 00:00:00-04:00,1.5,1.5049999952316284,1.4299999475479126,1.4700000286102295,327500,0.0,0.0
2026-07-29 00:00:00-04:00,1.4500000476837158,1.4709999561309814,1.409999966621399,1.409999966621399,203700,0.0,0.0
2026-07-30 00:00:00-04:00,1.440000057220459,1.4700000286102295,1.409000039100647,1.4500000476837158,196600,0.0,0.0
2026-07-31 00:00:00-04:00,1.440000057220459,1.465000033378601,1.4299999475479126,1.440000057220459,168300,0.0,0.0
2026-08-03 00:00:00-04:00,1.409999966621399,1.5,1.3819999694824219,1.4700000286102295,331000,0.0,0.0
2026-08-04 00:00:00-04:00,1.440000057220459,1.5149999856948853,1.440000057220459,1.4900000095367432,380500,0.0,0.0
2026-08-05 00:00:00-04:00,1.4700000286102295,1.4950000047683716,1.4700000286102295,1.4800000190734863,229400,0.0,0.0
2026-08-06 00:00:00-04:00,1.4600000381469727,1.5099999904632568,1.4600000381469727,1.4800000190734863,233000,0.0,0.0
2026-08-07 00:00:00-04:00,1.4800000190734863,1.524999976158142,1.4800000190734863,1.5099999904632568,181500,0.0,0.0
2026-08-10 00:00:00-04:00,1.5099999904632568,1.5149999856948853,1.4149999618530273,1.4299999475479126,321800,0.0,0.0
2026-08-11 00:00:00-04:00,1.4600000381469727,1.5149999856948853,1.4299999475479126,1.4900000095367432,646600,0.0,0.0
2026-08-12 00:00:00-04:00,1.6699999570846558,1.9299999475479126,1.6349999904632568,1.7799999713897705,3540200,0.0,0.0
2026-08-13 00:00:00-04:00,1.7799999713897705,1.8899999856948853,1.7200000286102295,1.840000033378601,958200,0.0,0.0
2026-08-14 00:00:00-04:00,1.850000023841858,1.8700000047683716,1.7419999837875366,1.7699999809265137,593600,0.0,0.0
2026-08-17 00:00:00-04:00,1.7999999523162842,1.9800000190734863,1.75,1.8899999856948853,1161100,0.0,0.0
2026-08-18 00:00:00-04:00,1.8799999952316284,1.9500000476837158,1.8300000429153442,1.840000033378601,406600,0.0,0.0
2026-08-19 00:00:00-04:00,1.850000023841858,1.8650000095367432,1.7899999618530273,1.7999999523162842,288500,0.0,0.0
2026-08-20 00:00:00-04:00,1.7899999618530273,1.815000057220459,1.7599999904632568,1.7799999713897705,228100,0.0,0.0
2026-08-21 00:00:00-04:00,1.809999942779541,1.809999942779541,1.7100000381469727,1.7200000286102295,282100,0.0,0.0
2026-08-24 00:00:00-04:00,1.7300000190734863,1.75,1.690000057220459,1.7300000190734863,192100,0.0,0.0
2026-08-25 00:00:00-04:00,1.7200000286102295,1.7450000047683716,1.7000000476837158,1.7100000381469727,309800,0.0,0.0
2026-08-26 00:00:00-04:00,1.6799999475479126,1.7300000190734863,1.6799999475479126,1.7000000476837158,242900,0.0,0.0
2026-08-27 00:00:00-04:00,1.7000000476837158,1.7100000381469727,1.6349999904632568,1.659999966621399,230200,0.0,0.0
2026-08-28 00:00:00-04:00,1.649999976158142,1.690000057220459,1.6100000143051147,1.6200000047683716,251400,0.0,0.0
2026-08-31 00:00:00-04:00,1.6100000143051147,1.6299999952316284,1.5800000429153442,1.6100000143051147,247800,0.0,0.0
2026-09-01 00:00:00-04:00,1.600000023841858,1.6200000047683716,1.5800000429153442,1.6100000143051147,243900,0.0,0.0
2026-09-02 00:00:00-04:00,1.600000023841858,1.659999966621399,1.600000023841858,1.6299999952316284,184700,0.0,0.0
2026-09-03 00:00:00-04:00,1.6200000047683716,1.659999966621399,1.600000023841858,1.600000023841858,155400,0.0,0.0
2026-09-04 00:00:00-04:00,1.590000033378601,1.659999966621399,1.590000033378601,1.6449999809265137,215900,0.0,0.0
2026-09-08 00:00:00-04:00,1.6200000047683716,1.6490000486373901,1.600000023841858,1.6299999952316284,268978,0.0,0.0
