Date,Open,High,Low,Close,Volume,Dividends,Stock Splits
2022-01-03 00:00:00-05:00,88.39551605481435,92.38062583997927,88.37086688645752,91.89583587646484,2002000,0.0,0.0
2022-01-04 00:00:00-05:00,93.10370160490767,98.3541879631103,92.63534856770669,97.94335174560547,4505400,0.0,0.0
2022-01-05 00:00:00-05:00,99.73457201059483,101.46830089984623,96.39858479661419,97.0477066040039,3375500,0.0,0.0
2022-01-06 00:00:00-05:00,101.02461045879754,102.23246978682994,99.52916706905798,101.59978485107422,3343300,0.0,0.0
2022-01-07 00:00:00-05:00,101.8873748898864,102.45433083684202,98.7814543035192,99.84962463378906,2441400,0.0,0.0
2022-01-10 00:00:00-05:00,99.91534849094307,100.09611739645966,96.69439464185743,99.70993041992188,2356800,0.0,0.0
2022-01-11 00:00:00-05:00,100.4248033007198,102.64331630785136,97.68863266142466,102.18318176269531,3423500,0.0,0.0
2022-01-12 00:00:00-05:00,103.2102604839841,103.27599577402653,100.47409015737577,102.35572052001953,3475000,0.0,0.0
2022-01-13 00:00:00-05:00,102.0435018400809,104.57424817880357,101.50119502322829,101.95311737060547,2634300,0.0,0.0
2022-01-14 00:00:00-05:00,102.38036554761074,106.2750904266677,102.38036554761074,106.16828155517578,1942200,0.0,0.0
2022-01-18 00:00:00-05:00,107.13784624095652,108.25532102400358,101.72302901814545,103.48140716552734,4453700,0.0,0.0
2022-01-19 00:00:00-05:00,104.36059588308117,105.00971772314054,101.48474296246627,103.29241943359375,2098600,0.0,0.0
2022-01-20 00:00:00-05:00,101.10677269536886,106.13540284460969,99.99751014469585,100.1700668334961,2670500,0.0,0.0
2022-01-21 00:00:00-05:00,97.95977161552597,99.22514769695618,94.83741439964754,96.94911193847656,3212200,0.0,0.0
2022-01-24 00:00:00-05:00,92.83254186070388,98.71571243673559,89.73483369076708,98.12410736083984,3537000,0.0,0.0
2022-01-25 00:00:00-05:00,97.43391834533064,105.2808925667372,94.64844930652662,104.33596801757812,3375500,0.0,0.0
2022-01-26 00:00:00-05:00,106.58732489470611,108.12384798468098,102.8322829762884,104.68104553222656,3170400,0.0,0.0
2022-01-27 00:00:00-05:00,108.04992725267898,110.15340672015496,103.53894725421769,105.69994354248047,2673700,0.0,0.0
2022-01-28 00:00:00-05:00,106.20937601064652,107.25290352914566,102.75835423997925,105.76567840576172,2358700,0.0,0.0
2022-01-31 00:00:00-05:00,105.17405202840534,106.50515711231816,102.87336713273918,103.66217803955078,2421900,0.0,0.0
2022-02-01 00:00:00-05:00,102.56113277257502,107.82804877794501,100.73701932514282,106.98995208740234,3556400,0.0,0.0
2022-02-02 00:00:00-05:00,106.80918271705828,108.31284447323806,104.54957770937365,107.61441802978516,2201100,0.0,0.0
2022-02-03 00:00:00-05:00,106.34904637500054,107.31041405889734,104.13875201357101,106.3161849975586,1822000,0.0,0.0
2022-02-04 00:00:00-05:00,108.16496224236465,111.50095042730472,107.49940955512731,108.51006317138672,2799500,0.0,0.0
2022-02-07 00:00:00-05:00,107.63908654258653,109.35637888371552,105.55204412164272,106.9653091430664,2070100,0.0,0.0
2022-02-08 00:00:00-05:00,106.11897749717507,106.49695228946618,100.30976058387128,102.19139099121094,3257900,0.0,0.0
2022-02-09 00:00:00-05:00,102.28998561253017,106.3983534914741,102.28998561253017,105.89713287353516,1794100,0.0,0.0
2022-02-10 00:00:00-05:00,105.2480080284723,110.1780421156388,104.81252268712393,107.16250610351562,2416700,0.0,0.0
2022-02-11 00:00:00-05:00,108.31286298731266,112.19936997185131,106.74346567685363,111.39413452148438,3674500,0.0,0.0
2022-02-14 00:00:00-05:00,110.16982801957022,111.33660122903012,105.9299957681414,107.2035903930664,2986200,0.0,0.0
2022-02-15 00:00:00-05:00,103.530720514236,105.51095397122117,101.16430630212979,105.0754623413086,2331200,0.0,0.0
2022-02-16 00:00:00-05:00,106.06146783857669,109.78364255986335,105.3301799527499,106.66950988769531,2270900,0.0,0.0
2022-02-17 00:00:00-05:00,106.50516002608447,109.24133030276893,106.10254862129196,106.56268310546875,1933200,0.0,0.0
2022-02-18 00:00:00-05:00,105.17405697156157,108.85514545500334,104.66461787631513,108.02526092529297,2856800,0.0,0.0
2022-02-22 00:00:00-05:00,110.88468665078896,112.01038635204019,103.73613935709285,105.19871520996094,4222400,0.0,0.0
2022-02-23 00:00:00-05:00,106.45587158203125,110.59710739972947,104.9439974113845,106.45587158203125,3944000,0.0,0.0
2022-02-24 00:00:00-05:00,109.38100631329299,109.42209243348995,101.19715769408893,105.08366394042969,4639500,0.0,0.0
2022-02-25 00:00:00-05:00,104.82075843345632,110.0876757910792,104.82075843345632,109.5042953491211,3169100,0.0,0.0
2022-02-28 00:00:00-05:00,108.66615103802852,113.77695324676688,107.8526910270747,113.47293853759766,3783500,0.0,0.0
2022-03-01 00:00:00-05:00,114.76297454364631,116.75142010747028,110.07123249027475,112.42942810058594,3782000,0.0,0.0
2022-03-02 00:00:00-05:00,115.19024072564628,115.22310210075734,111.28729733511807,112.2979507446289,2960700,0.0,0.0
2022-03-03 00:00:00-05:00,110.46579320283558,112.19065754895716,109.73952922846512,110.68861389160156,2327100,0.6,0.0
2022-03-04 00:00:00-05:00,111.00223068431681,115.19473280422375,110.83717412383399,113.7257080078125,3083700,0.0,0.0
2022-03-07 00:00:00-05:00,114.8068725076339,115.73119955862919,107.59378436179833,110.95274353027344,4263200,0.0,0.0
2022-03-08 00:00:00-05:00,112.24845108618563,116.13559893994541,106.75199190878973,110.95274353027344,4156700,0.0,0.0
2022-03-09 00:00:00-05:00,109.6405190894282,109.6405190894282,103.8964565082063,107.3296890258789,4367400,0.0,0.0
2022-03-10 00:00:00-05:00,108.08070742924937,111.08478263470354,106.75198113108637,110.64737701416016,3019700,0.0,0.0
2022-03-11 00:00:00-05:00,109.00501716827681,110.63909852261826,106.66118127126046,107.01605224609375,2354700,0.0,0.0
2022-03-14 00:00:00-04:00,105.53054741565877,106.1907800975907,101.22250350779288,104.14405059814453,2915000,0.0,0.0
2022-03-15 00:00:00-04:00,99.69570609628357,104.06976878329515,98.5650489131391,102.79881286621094,3328700,0.0,0.0
2022-03-16 00:00:00-04:00,102.848318032467,104.59794030204088,101.78368617964858,103.6818618774414,3209300,0.0,0.0
2022-03-17 00:00:00-04:00,106.28153579350217,111.27457525608342,106.23202008662494,110.49054718017578,3426900,0.0,0.0
2022-03-18 00:00:00-04:00,110.31724144266192,111.79452735228686,108.15497139043926,108.4850845336914,4813900,0.0,0.0
2022-03-21 00:00:00-04:00,111.41490574632797,115.9457831134961,110.81244348574289,115.44235229492188,4203600,0.0,0.0
2022-03-22 00:00:00-04:00,114.9884133901306,115.26901081307403,112.09163097396056,113.35433197021484,2898000,0.0,0.0
2022-03-23 00:00:00-04:00,115.72291763876127,117.89344848880889,114.09708475452915,117.72013092041016,2748800,0.0,0.0
2022-03-24 00:00:00-04:00,117.60459354120268,119.50277546432902,116.68851515095088,118.1740493774414,2042100,0.0,0.0
2022-03-25 00:00:00-04:00,117.1259141042226,122.13546290383651,117.1259141042226,120.91401672363281,2169400,0.0,0.0
2022-03-28 00:00:00-04:00,117.21670876268513,117.62110805634126,114.88938220148307,116.11906433105469,1948600,0.0,0.0
2022-03-29 00:00:00-04:00,112.099888461052,114.83161453130728,110.0118918686752,114.49324035644531,2263600,0.0,0.0
2022-03-30 00:00:00-04:00,116.71329099572579,117.56334437438377,114.05583841232558,114.8398666381836,1563300,0.0,0.0
2022-03-31 00:00:00-04:00,113.59365601435273,116.5399665763573,113.1314926147461,113.1314926147461,1887700,0.0,0.0
2022-04-01 00:00:00-04:00,113.21401834406747,115.9622535716187,112.58679836570174,114.25389862060547,1825100,0.0,0.0
2022-04-04 00:00:00-04:00,115.54135417247385,116.3088728376899,113.47811570510824,115.2029800415039,1403400,0.0,0.0
2022-04-05 00:00:00-04:00,114.8151025548191,118.00900460916921,111.55518794425842,111.81102752685547,1847900,0.0,0.0
2022-04-06 00:00:00-04:00,113.32958477507196,114.20439599536552,110.16044046563661,111.46440887451172,1650800,0.0,0.0
2022-04-07 00:00:00-04:00,113.32130728172694,114.03106181643615,109.70650946623026,113.02420043945312,1877300,0.0,0.0
2022-04-08 00:00:00-04:00,112.55379277759106,117.513813690467,112.55379277759106,117.18370056152344,2257300,0.0,0.0
2022-04-11 00:00:00-04:00,114.66655956725937,114.8563740075117,110.20995628104569,111.50567626953125,2391300,0.0,0.0
2022-04-12 00:00:00-04:00,113.28831163179508,117.26622921156984,113.28831163179508,114.86461639404297,1659800,0.0,0.0
2022-04-13 00:00:00-04:00,116.61427266702162,117.8357066485485,114.45198959712926,115.82198333740234,1626000,0.0,0.0
2022-04-14 00:00:00-04:00,114.72431045612763,116.300627712175,113.60190819436203,114.25389862060547,1589200,0.0,0.0
2022-04-18 00:00:00-04:00,115.19474398857815,116.40792934507897,113.41210273906556,115.54136657714844,1716300,0.0,0.0
2022-04-19 00:00:00-04:00,114.67479847102892,116.02003406331859,113.08198432200655,113.82474517822266,1950700,0.0,0.0
2022-04-20 00:00:00-04:00,114.74909020749675,117.32402094231409,113.43687327700013,117.10943603515625,1882600,0.0,0.0
2022-04-21 00:00:00-04:00,118.52892523211621,120.46837452336106,112.80963396590666,113.35433197021484,2427300,0.0,0.0
2022-04-22 00:00:00-04:00,112.87564416292811,113.45334836689611,106.93352039224403,107.37092590332031,2228000,0.0,0.0
2022-04-25 00:00:00-04:00,103.36826587839697,104.71349533526215,98.83739514902403,103.83868408203125,2901100,0.0,0.0
2022-04-26 00:00:00-04:00,103.4837875366211,106.9170193510941,102.94734427854667,103.4837875366211,1587200,0.0,0.0
2022-04-27 00:00:00-04:00,104.39162342513805,105.6955980902417,100.35592903463677,104.51541900634766,1549900,0.0,0.0
2022-04-28 00:00:00-04:00,105.57179505654831,108.55936062946748,101.70941200343046,106.85100555419922,1896300,0.0,0.0
2022-04-29 00:00:00-04:00,107.16461953399579,108.98026701071888,103.4177711279219,104.17704772949219,1748800,0.0,0.0
2022-05-02 00:00:00-04:00,102.3366397633272,105.34071481394965,101.13996383308378,105.22517395019531,2298000,0.0,0.0
2022-05-03 00:00:00-04:00,110.48230431470138,112.89216565829358,105.92668223158677,112.33097076416016,3555100,0.0,0.0
2022-05-04 00:00:00-04:00,115.74771534472558,117.90173750298962,112.69412394692529,117.59638214111328,2581900,0.0,0.0
2022-05-05 00:00:00-04:00,118.5124314324542,119.61832431103475,111.81102382791664,114.37769317626953,2854100,0.0,0.0
2022-05-06 00:00:00-04:00,116.76279677202321,118.51243168974995,113.56065898839007,117.95947265625,2732200,0.0,0.0
2022-05-09 00:00:00-04:00,114.38595784301681,115.11220929758498,105.56354720263643,106.86751556396484,3314700,0.0,0.0
2022-05-10 00:00:00-04:00,109.4506849179797,112.02561543505662,103.16193725281148,107.15636444091797,3144900,0.0,0.0
2022-05-11 00:00:00-04:00,109.09175432832588,112.51460784307565,105.64354739387684,105.87173461914062,2705600,3.05,0.0
2022-05-12 00:00:00-04:00,104.37581938369458,107.90853968229227,102.96442321160602,107.36764526367188,3362800,0.0,0.0
2022-05-13 00:00:00-04:00,109.75096967485337,114.75424656120286,109.66644967806715,112.76814270019531,2781600,0.0,0.0
2022-05-16 00:00:00-04:00,112.48078928294791,114.20489911532187,110.81584602432396,110.96797943115234,3959200,0.0,0.0
2022-05-17 00:00:00-04:00,113.13156009528704,113.13156009528704,109.4213593071221,111.0947494506836,2993400,0.0,0.0
2022-05-18 00:00:00-04:00,111.6440975605903,111.77086464945381,106.826748296709,108.48323822021484,3284800,0.0,0.0
2022-05-19 00:00:00-04:00,105.49140762563957,111.66944591210807,105.38154067095236,109.71715545654297,2942600,0.0,0.0
2022-05-20 00:00:00-04:00,110.50314727167743,113.19071284700983,107.50286803616464,110.10592651367188,3060100,0.0,0.0
2022-05-23 00:00:00-04:00,111.13702980514242,115.12613183058419,109.71718648893922,115.03316497802734,3308000,0.0,0.0
2022-05-24 00:00:00-04:00,114.15418624702252,115.46415578581473,111.37364113836784,114.75423431396484,2542900,0.0,0.0
2022-05-25 00:00:00-04:00,116.51215514619925,120.55196333498772,115.96281386246228,119.7997817993164,3404000,0.0,0.0
2022-05-26 00:00:00-04:00,121.51542796300572,125.02278843495318,121.10976036843398,123.75506591796875,3329200,0.0,0.0
2022-05-27 00:00:00-04:00,123.4085558830592,129.3668538568436,122.93527490797347,129.0203399658203,3007600,0.0,0.0
2022-05-31 00:00:00-04:00,132.69674387642428,134.9617482641862,127.28779934674664,128.47946166992188,5259000,0.0,0.0
2022-06-01 00:00:00-04:00,130.1528367984228,132.17274069783346,127.5244250978898,129.2147216796875,3194600,0.0,0.0
2022-06-02 00:00:00-04:00,127.91322583874638,131.58961393837703,126.1384088968956,130.06834411621094,2084900,0.0,0.0
2022-06-03 00:00:00-04:00,129.86551438875944,131.60651813866585,129.3499733165689,130.71066284179688,1787700,0.0,0.0
2022-06-06 00:00:00-04:00,131.64032666542903,132.56999518050083,129.51900855769236,131.68258666992188,1561900,0.0,0.0
2022-06-07 00:00:00-04:00,130.7698229383646,136.11961445586812,130.52473554918325,135.5618133544922,2588100,0.0,0.0
2022-06-08 00:00:00-04:00,136.52526191570263,137.11687609102236,134.2264702152499,135.48573303222656,2131500,0.0,0.0
2022-06-09 00:00:00-04:00,134.94485587035336,136.27174517023252,133.25455891515995,133.38978576660156,2012400,0.0,0.0
2022-06-10 00:00:00-04:00,131.17549935328424,133.56725816858017,129.21474871805808,131.41213989257812,2074600,0.0,0.0
2022-06-13 00:00:00-04:00,126.3412053109923,127.16100007233753,120.13780790618331,124.91290283203125,3571800,0.0,0.0
2022-06-14 00:00:00-04:00,128.2766204432927,130.38949139919873,124.43119272435551,126.45955657958984,2928600,0.0,0.0
2022-06-15 00:00:00-04:00,125.85103499666721,127.61739182827145,121.80276746462705,124.0339584350586,3256400,0.0,0.0
2022-06-16 00:00:00-04:00,119.73216337948287,121.4224600538246,112.06667466723208,112.97942352294922,4887500,0.0,0.0
2022-06-17 00:00:00-04:00,111.65256018797771,112.61602888738673,101.04594475673157,103.35320281982422,9385900,0.0,0.0
2022-06-21 00:00:00-04:00,107.54512384904457,112.74278086490533,107.33383676879104,111.79621887207031,4853800,0.0,0.0
2022-06-22 00:00:00-04:00,104.37581965321165,109.03258234904723,103.37009106850638,106.57320404052734,4888000,0.0,0.0
2022-06-23 00:00:00-04:00,107.33382671023945,108.46632225924344,99.1950514628501,100.77547454833984,4647300,0.0,0.0
2022-06-24 00:00:00-04:00,102.72779056206933,106.3281181022296,99.76977116313816,101.16426086425781,8195200,0.0,0.0
2022-06-27 00:00:00-04:00,102.26294608099118,106.41262740128671,101.2741241002828,105.12799835205078,3281100,0.0,0.0
2022-06-28 00:00:00-04:00,108.81284801764471,111.07783936302867,106.31966301118574,109.70025634765625,3428400,0.0,0.0
2022-06-29 00:00:00-04:00,110.86655615852708,112.08357186558814,103.17571378653156,103.3700942993164,3422600,0.0,0.0
2022-06-30 00:00:00-04:00,100.76705645062216,104.7815117442915,100.20925535689666,102.38973999023438,2875400,0.0,0.0
2022-07-01 00:00:00-04:00,102.9728708213136,103.99550598862294,98.15552785451402,102.4404296875,2392300,0.0,0.0
2022-07-05 00:00:00-04:00,99.0936604269707,99.854295357369,93.8368357888496,96.46524810791016,4823400,0.0,0.0
2022-07-06 00:00:00-04:00,94.93551381556276,97.11599806272454,89.7970104022105,93.20295715332031,4696800,0.0,0.0
2022-07-07 00:00:00-04:00,96.4567719084868,99.64298456908418,96.4567719084868,98.2907485961914,3716200,0.0,0.0
2022-07-08 00:00:00-04:00,99.96414540023022,100.23459261321274,96.04265758799849,98.31610870361328,2328100,0.0,0.0
2022-07-11 00:00:00-04:00,96.74412708349317,98.03720295283382,94.3946158375056,96.676513671875,1796900,0.0,0.0
2022-07-12 00:00:00-04:00,93.25366911673152,94.91016561508039,91.1915114549794,93.31283569335938,2649200,0.0,0.0
2022-07-13 00:00:00-04:00,91.97748663780293,96.04264770304128,91.97748663780293,93.4649429321289,1872500,0.0,0.0
2022-07-14 00:00:00-04:00,89.58573638529136,91.19151974216908,87.65034564622995,90.185791015625,3025100,0.0,0.0
2022-07-15 00:00:00-04:00,92.1549883971365,92.78884973900678,90.51539832948133,92.239501953125,1941300,0.0,0.0
2022-07-18 00:00:00-04:00,95.31583260683612,96.71032871380513,94.50449094139262,95.0960922241211,2007800,0.0,0.0
2022-07-19 00:00:00-04:00,95.1721727178306,98.93308094850683,94.5383113453815,98.49360656738281,1652800,0.0,0.0
2022-07-20 00:00:00-04:00,97.24277320816034,100.93607405138789,96.22859770351569,100.3782730102539,1655900,0.0,0.0
2022-07-21 00:00:00-04:00,97.2596821273917,98.54430489405077,95.18906462095975,98.0118637084961,1392500,0.0,0.0
2022-07-22 00:00:00-04:00,98.56964536051613,99.30492671362234,95.20595868780298,95.86517333984375,1710400,0.0,0.0
2022-07-25 00:00:00-04:00,98.80631041396121,102.35593139768038,96.63427266279646,101.40936279296875,2881300,0.0,0.0
2022-07-26 00:00:00-04:00,103.27712958117411,103.94479757593454,98.20623929506795,99.96414947509766,1921700,0.0,0.0
2022-07-27 00:00:00-04:00,100.42052719444203,104.72233567053516,100.20078681690455,104.1983413696289,2038800,0.0,0.0
2022-07-28 00:00:00-04:00,105.37310431974896,106.13373918053051,103.08275289581889,104.46879577636719,1874700,0.0,0.0
2022-07-29 00:00:00-04:00,106.89437067546159,108.74524125578472,105.32239416200109,108.1958999633789,2478300,0.0,0.0
2022-08-01 00:00:00-04:00,106.33656799529274,107.58739042399685,103.53067565584499,106.42108154296875,2799800,0.0,0.0
2022-08-02 00:00:00-04:00,105.3477513898967,108.99879229068871,104.28286257984091,107.79022979736328,3512000,0.0,0.0
2022-08-03 00:00:00-04:00,109.37065324730253,109.53123350035192,102.00940529794505,102.5841064453125,2596600,0.0,0.0
2022-08-04 00:00:00-04:00,101.26567075602874,102.31365286027247,98.0372044534962,98.41751861572266,3202700,0.0,0.0
2022-08-05 00:00:00-04:00,97.09908917049982,103.96169579373661,96.6511615962584,102.57565307617188,2479600,0.0,0.0
2022-08-08 00:00:00-04:00,102.60101496934514,105.34774721365478,102.09392722922053,104.07157135009766,2461600,0.0,0.0
2022-08-09 00:00:00-04:00,106.04921751120021,107.86628130045955,104.4011743643301,105.25477600097656,2718000,0.0,0.0
2022-08-10 00:00:00-04:00,105.10264959486547,107.53667452791913,102.63481795396757,106.52249908447266,2571400,0.0,0.0
2022-08-11 00:00:00-04:00,108.87202296690546,113.54569258245887,108.75368981092275,112.21880340576172,2690000,0.0,0.0
2022-08-12 00:00:00-04:00,111.23840532826992,112.78502812865136,109.97914272550959,112.51458740234375,2517200,0.0,0.0
2022-08-15 00:00:00-04:00,108.2935811367604,111.22581103216707,105.72464144190562,110.65493774414062,2960700,3.05,0.0
2022-08-16 00:00:00-04:00,111.43339531524042,112.24646418244325,107.12586853687289,108.63090515136719,2159800,0.0,0.0
2022-08-17 00:00:00-04:00,108.71742129986738,111.01823069739721,107.77460629288136,108.78661346435547,1905600,0.0,0.0
2022-08-18 00:00:00-04:00,110.04944805246728,113.37091552058857,109.85050329248212,112.50595092773438,2334700,0.0,0.0
2022-08-19 00:00:00-04:00,111.27769452228368,113.82069264968985,110.9230690542167,112.7827377319336,1786900,0.0,0.0
2022-08-22 00:00:00-04:00,111.58045522095351,113.82071080546854,108.3454888320791,113.46607208251953,1885900,0.0,0.0
2022-08-23 00:00:00-04:00,116.31180167434746,120.31659236961248,115.99176896593573,116.8740234375,3278200,0.0,0.0
2022-08-24 00:00:00-04:00,116.59721889596253,119.38240568139186,116.25988326410301,118.19739532470703,3554400,0.0,0.0
2022-08-25 00:00:00-04:00,119.33052010951708,119.48620739983033,116.06094183150493,117.87737274169922,2759900,0.0,0.0
2022-08-26 00:00:00-04:00,117.27189547385572,119.02777245750117,115.4122137691804,115.84469604492188,2587000,0.0,0.0
2022-08-29 00:00:00-04:00,115.87932884295827,122.62605654598858,114.8413737805647,120.45498657226562,3585500,0.0,0.0
2022-08-30 00:00:00-04:00,117.4275995266674,117.75629032662788,113.69960388914564,115.9658203125,2509300,0.0,0.0
2022-08-31 00:00:00-04:00,112.76543569631671,117.52274120800479,111.84857529124874,115.28248596191406,2777500,0.0,0.0
2022-09-01 00:00:00-04:00,112.87788530754305,113.54391177461711,110.54248342360131,112.70489501953125,2306300,0.0,0.0
2022-09-02 00:00:00-04:00,116.54535975789958,117.61790764323307,114.3829477977076,115.79283142089844,1756400,0.0,0.0
2022-09-06 00:00:00-04:00,117.88600501326445,118.4828326255163,114.70294201233564,115.91388702392578,2783300,0.0,0.0
2022-09-07 00:00:00-04:00,112.3243103974239,114.73755597270022,111.63233603517084,113.80340576171875,2227000,0.0,0.0
2022-09-08 00:00:00-04:00,113.89855069751886,114.6856717789947,112.41946838227234,114.33969116210938,1653600,0.0,0.0
2022-09-09 00:00:00-04:00,117.15946510413741,118.04173278710475,115.90526893812641,116.78753662109375,1732300,0.0,0.0
2022-09-12 00:00:00-04:00,119.20943508307431,120.82691476440688,117.90333000715005,118.8201904296875,2061400,0.0,0.0
2022-09-13 00:00:00-04:00,117.49680269487845,121.34589300344892,116.04366832152269,116.51940155029297,1939500,0.0,0.0
2022-09-14 00:00:00-04:00,118.46558166299236,122.072483199218,118.20608959023414,121.24211120605469,2149300,0.0,0.0
2022-09-15 00:00:00-04:00,117.96389118193954,119.50352730737734,116.16476300425978,116.45020294189453,1963300,0.0,0.0
2022-09-16 00:00:00-04:00,114.65969786700772,115.21327464736126,111.36418506534748,114.71159362792969,5496100,0.0,0.0
2022-09-19 00:00:00-04:00,109.60831567339649,114.65106089845195,109.42667389845747,113.24980926513672,1987500,0.0,0.0
2022-09-20 00:00:00-04:00,112.3502829531761,113.98506597886033,110.23976662407772,113.12874603271484,2355600,0.0,0.0
2022-09-21 00:00:00-04:00,115.62847418444218,116.20801214506963,111.35555967432484,111.40745544433594,1969000,0.0,0.0
2022-09-22 00:00:00-04:00,113.98504206914554,114.60781768146839,109.40937821660546,109.45262908935547,1569600,0.0,0.0
2022-09-23 00:00:00-04:00,104.69531767602746,104.77316132369657,98.31188120006419,99.6439208984375,3556600,0.0,0.0
2022-09-26 00:00:00-04:00,98.74436819800675,100.1629097044985,95.9851288363904,96.19271850585938,2549500,0.0,0.0
2022-09-27 00:00:00-04:00,98.3637778354672,99.94666467697377,96.64250008605012,98.16483306884766,3214900,0.0,0.0
2022-09-28 00:00:00-04:00,98.81357307113207,104.04661254779892,98.42434156589394,103.27679443359375,2517900,0.0,0.0
2022-09-29 00:00:00-04:00,102.4810212432013,104.86831907973212,100.29265499431254,104.5828857421875,1725600,0.0,0.0
2022-09-30 00:00:00-04:00,103.15568671513266,105.24889959870914,102.05717790656153,104.19364166259766,2004000,0.0,0.0
2022-10-03 00:00:00-04:00,109.33154296288204,113.31037939271859,108.65687153076001,112.03023529052734,2517000,0.0,0.0
2022-10-04 00:00:00-04:00,115.46414276752883,118.35312170326627,113.4920243037536,117.89469146728516,2452800,0.0,0.0
2022-10-05 00:00:00-04:00,116.52802982651694,121.49293129067313,116.51938493206825,120.55010986328125,3323900,0.0,0.0
2022-10-06 00:00:00-04:00,119.49486112667088,123.8283424703994,119.3737666035948,123.11042022705078,2422400,0.0,0.0
2022-10-07 00:00:00-04:00,123.2574609033015,124.62410661500935,121.33723835125872,123.19690704345703,2081000,0.0,0.0
2022-10-10 00:00:00-04:00,122.00326062934774,124.73655195892363,119.3910638169904,121.3631820678711,1731300,0.0,0.0
2022-10-11 00:00:00-04:00,117.98982208538466,122.75577219241192,117.66113131996481,120.55010986328125,2605500,0.0,0.0
2022-10-12 00:00:00-04:00,120.32524566783472,123.37857014819164,118.53476231848518,122.10707092285156,2969900,0.0,0.0
2022-10-13 00:00:00-04:00,120.2041533517731,127.58230167407655,119.84951463376149,125.66207885742188,2637200,0.0,0.0
2022-10-14 00:00:00-04:00,124.83171173369898,126.85572596239321,120.30793685373588,120.5414810180664,3216900,0.0,0.0
2022-10-17 00:00:00-04:00,123.07581380007736,125.0306423489907,120.25603380257758,120.62797546386719,1925100,0.0,0.0
2022-10-18 00:00:00-04:00,122.34061276015942,123.49101742768458,119.86681311985052,122.69525146484375,1645600,0.0,0.0
2022-10-19 00:00:00-04:00,122.31463625813323,127.26223438123439,122.31463625813323,126.3107681274414,2078800,0.0,0.0
2022-10-20 00:00:00-04:00,127.93694109526896,128.84515673489176,125.91292672009693,126.79518127441406,1743200,0.0,0.0
2022-10-21 00:00:00-04:00,127.2536071606854,131.8379228803916,126.76058412652121,131.75143432617188,2486500,0.0,0.0
2022-10-24 00:00:00-04:00,130.86917530482484,134.77016175448804,130.41074502220667,132.5644989013672,2026600,0.0,0.0
2022-10-25 00:00:00-04:00,132.22713305718628,133.90516647868566,131.24973204232754,132.65097045898438,1711100,0.0,0.0
2022-10-26 00:00:00-04:00,133.3861864395746,136.2319139458532,132.78070070783284,134.398193359375,1690100,0.0,0.0
2022-10-27 00:00:00-04:00,137.12282874938975,137.2093304835212,132.34822074852593,132.64231872558594,2421100,0.0,0.0
2022-10-28 00:00:00-04:00,134.76151573373104,135.47943808690033,129.56306894473394,133.04888916015625,2005400,0.0,0.0
2022-10-31 00:00:00-04:00,131.31892049719283,137.4255679308704,131.1459170335748,135.8945770263672,2053300,0.0,0.0
2022-11-01 00:00:00-04:00,138.3943479669441,139.13821811519898,136.24923926898427,137.2093505859375,1773700,0.0,0.0
2022-11-02 00:00:00-04:00,136.4049298035105,137.1574580632438,132.87587226303467,133.9224853515625,1988900,0.0,0.0
2022-11-03 00:00:00-04:00,133.3688901576674,139.0430556675819,132.8585642251449,137.12283325195312,2226700,0.0,0.0
2022-11-04 00:00:00-04:00,140.54813048090668,140.80760935372035,136.35304605955264,139.57936096191406,2899900,0.0,0.0
2022-11-07 00:00:00-05:00,140.72975642192867,143.2987026800859,139.76964506081623,141.4130859375,3424400,0.0,0.0
2022-11-08 00:00:00-05:00,140.86813812255588,143.91281727143647,139.25930340620388,141.4649658203125,2653400,0.0,0.0
2022-11-09 00:00:00-05:00,139.69180021456248,140.59135770280366,135.5399669802873,136.2751922607422,2815400,0.0,0.0
2022-11-10 00:00:00-05:00,138.0224181225765,138.8008810428416,135.68700296515448,138.63653564453125,2117600,0.0,0.0
2022-11-11 00:00:00-05:00,141.85419375755396,143.99930226031148,141.1103236769904,142.1569366455078,2691200,0.0,0.0
2022-11-14 00:00:00-05:00,141.2314221561505,144.09445293780468,140.99787801312635,141.48226928710938,1865000,0.0,0.0
2022-11-15 00:00:00-05:00,142.01852531617962,146.13575164130378,140.61728703040467,144.4750213623047,3313800,0.0,0.0
2022-11-16 00:00:00-05:00,143.17733778512098,143.92264745507248,139.09132663238734,139.39820861816406,3438600,2.26,0.0
2022-11-17 00:00:00-05:00,137.17105616292014,141.96730925002515,136.35559867996153,141.8533172607422,2038000,0.0,0.0
2022-11-18 00:00:00-05:00,137.20615057599042,137.53934976179286,133.40948071756043,136.97817993164062,3815400,0.0,0.0
2022-11-21 00:00:00-05:00,133.19901193405533,133.43574598044594,124.6323943031462,131.5155029296875,4481900,0.0,0.0
2022-11-22 00:00:00-05:00,133.6286588835729,134.84744997101788,131.34891279692695,132.7869110107422,2863300,0.0,0.0
2022-11-23 00:00:00-05:00,130.42823084423858,132.03282849980954,128.80609287359934,131.5155029296875,2309800,0.0,0.0
2022-11-25 00:00:00-05:00,132.66417171569304,133.18149738590324,130.71761112605674,130.9280548095703,984100,0.0,0.0
2022-11-28 00:00:00-05:00,125.93014436892376,128.14852009905863,125.16730761615625,126.02659606933594,3470000,0.0,0.0
2022-11-29 00:00:00-05:00,128.50801165564556,129.9986177642594,127.29798377273421,128.6658477783203,2099200,0.0,0.0
2022-11-30 00:00:00-05:00,130.59485822388694,131.0508128574621,126.73680422631973,129.78817749023438,2796600,0.0,0.0
2022-12-01 00:00:00-05:00,130.82281898958783,131.35768494846076,126.52636438046183,126.87709045410156,2171600,0.0,0.0
2022-12-02 00:00:00-05:00,126.63157835882757,128.37647200054684,125.12343217326985,127.54348754882812,2402900,0.0,0.0
2022-12-05 00:00:00-05:00,129.96354163487106,131.43660732281467,123.2558079141579,124.5096664428711,2496400,0.0,0.0
2022-12-06 00:00:00-05:00,123.07166915505215,125.91259878159299,120.58147901413919,121.18649291992188,2009500,0.0,0.0
2022-12-07 00:00:00-05:00,121.69501641297946,123.37853883465408,119.66078133741182,119.73969268798828,1795200,0.0,0.0
2022-12-08 00:00:00-05:00,123.04533931760287,123.86078336279111,116.15346709129432,116.51296997070312,3625400,0.0,0.0
2022-12-09 00:00:00-05:00,116.26747924284354,118.52092181726056,113.54054172575925,113.63699340820312,2872100,0.0,0.0
2022-12-12 00:00:00-05:00,114.60150670605192,117.92469492195417,113.72467801912063,117.67918395996094,3968200,0.0,0.0
2022-12-13 00:00:00-05:00,119.41526675004393,121.53718995805293,118.29292742315222,119.52925872802734,4811300,0.0,0.0
2022-12-14 00:00:00-05:00,120.56391661479674,122.70338025760114,119.14345875134241,119.9852066040039,4133300,0.0,0.0
2022-12-15 00:00:00-05:00,118.37185349963615,121.07248702203775,117.76683966327664,120.45870971679688,2998200,0.0,0.0
2022-12-16 00:00:00-05:00,117.81069439426122,119.89755079968067,116.4516073519027,117.77562713623047,12724100,0.0,0.0
2022-12-19 00:00:00-05:00,118.08250232369132,119.53804096595415,116.26747413478851,117.12676239013672,1879400,0.0,0.0
2022-12-20 00:00:00-05:00,116.79356545178517,119.41528775109384,116.39899526235753,118.31925201416016,1668400,0.0,0.0
2022-12-21 00:00:00-05:00,120.87082078755003,121.10755486256802,118.8102683464106,120.1255111694336,2396500,0.0,0.0
2022-12-22 00:00:00-05:00,120.47622497421027,120.58145348729364,113.69834472901682,116.51296997070312,2354400,0.0,0.0
2022-12-23 00:00:00-05:00,118.45953708963944,120.21319411018574,117.50378384514232,120.15180969238281,1759500,0.0,0.0
2022-12-27 00:00:00-05:00,120.69545002351464,121.16894495439638,119.61695460437231,120.63407897949219,1560200,0.0,0.0
2022-12-28 00:00:00-05:00,120.41488075618528,120.53763623267027,117.41612836261474,117.90715026855469,1719700,0.0,0.0
2022-12-29 00:00:00-05:00,116.59188621940712,120.28332669627402,116.18853922421272,119.49418640136719,1406400,0.0,0.0
2022-12-30 00:00:00-05:00,118.86288520419326,120.35349117753027,118.37186331926746,119.9326171875,1487000,0.0,0.0
2023-01-03 00:00:00-05:00,118.34555775422638,119.52928172138346,113.64575590153329,115.19774627685547,2406400,0.0,0.0
2023-01-04 00:00:00-05:00,113.20732771028128,116.78478958126917,112.30419542929745,114.53133392333984,1724400,0.0,0.0
2023-01-05 00:00:00-05:00,114.93470029621822,118.58231066741702,114.21569438583337,117.53010559082031,2407600,0.0,0.0
2023-01-06 00:00:00-05:00,119.68711592758449,122.21238683074337,118.98565030122434,121.12511444091797,2473700,0.0,0.0
2023-01-09 00:00:00-05:00,123.49253052323931,125.70214222891536,122.99274520395255,124.0624771118164,2453400,0.0,0.0
2023-01-10 00:00:00-05:00,124.965588409385,125.49167742639177,122.55431028825312,124.46578979492188,1756100,0.0,0.0
2023-01-11 00:00:00-05:00,126.43867690469939,126.76311257300443,122.96644326579226,124.72010040283203,2199600,0.0,0.0
2023-01-12 00:00:00-05:00,124.991899461548,128.65703599677175,124.991899461548,127.42948150634766,1959900,0.0,0.0
2023-01-13 00:00:00-05:00,127.61363144938203,128.01697850143444,126.14932925971554,127.35059356689453,1526600,0.0,0.0
2023-01-17 00:00:00-05:00,128.1660343844066,129.13931466199543,127.46456883112178,127.78022766113281,1883600,0.0,0.0
2023-01-18 00:00:00-05:00,128.402773496698,131.20862214792066,126.18439836156398,126.35099792480469,2183500,0.0,0.0
2023-01-19 00:00:00-05:00,125.5881485292749,128.8061076781423,124.30798634829839,128.3939971923828,1808100,0.0,0.0
2023-01-20 00:00:00-05:00,128.58692947973856,129.67420193483682,127.30676701067178,129.37608337402344,1534600,0.0,0.0
2023-01-23 00:00:00-05:00,130.64748081336342,131.7084494639272,130.04246684876745,130.95437622070312,1467200,0.0,0.0
2023-01-24 00:00:00-05:00,131.48046160313527,131.96272006662298,128.46416871806022,129.10426330566406,1213300,0.0,0.0
2023-01-25 00:00:00-05:00,129.28835046321694,129.29712731037168,125.64951779849183,128.96392822265625,1646200,0.0,0.0
2023-01-26 00:00:00-05:00,130.91051551227787,131.51552940017382,128.50800027929267,131.42784118652344,2409400,0.0,0.0
2023-01-27 00:00:00-05:00,131.5242514768811,133.97059666744204,131.13844486518806,132.3660125732422,1632700,0.0,0.0
2023-01-30 00:00:00-05:00,130.37560501563317,130.6474196540851,127.32424620885317,127.43822479248047,2423400,0.0,0.0
2023-01-31 00:00:00-05:00,127.19275619566685,129.41990836047137,126.14932800767936,128.1221923828125,1632700,0.0,0.0
2023-02-01 00:00:00-05:00,127.14012091645124,127.69252710251149,123.56265935686756,125.693359375,2554200,0.0,0.0
2023-02-02 00:00:00-05:00,125.3601738028916,125.3601738028916,120.1518102854654,120.62530517578125,2727100,0.0,0.0
2023-02-03 00:00:00-05:00,121.35308074951172,123.93095914120143,120.70423610625889,121.35308074951172,1553300,0.0,0.0
2023-02-06 00:00:00-05:00,121.081268291699,122.7560142688378,118.41571501162979,120.23074340820312,1748300,0.0,0.0
2023-02-07 00:00:00-05:00,121.1952486175257,126.00026553806237,119.68710237440196,125.87751007080078,2406600,0.0,0.0
2023-02-08 00:00:00-05:00,127.03494774963093,127.3681335613809,124.9743949299862,126.51760864257812,2029300,0.0,0.0
2023-02-09 00:00:00-05:00,126.47374820616467,126.8332377244276,123.83448584691723,124.04492950439453,1997500,0.0,0.0
2023-02-10 00:00:00-05:00,126.28961986386585,130.97188129066785,125.89504967699465,130.9017333984375,2817400,0.0,0.0
2023-02-13 00:00:00-05:00,129.70046010694094,131.8662274051801,129.0779194124065,129.97227478027344,2778100,0.0,0.0
2023-02-14 00:00:00-05:00,128.3063412248202,132.16438203125202,128.01698615743626,131.41030883789062,1617600,0.0,0.0
2023-02-15 00:00:00-05:00,129.37607040083708,129.49882587705946,126.14057053120189,127.70132446289062,3966400,0.0,0.0
2023-02-16 00:00:00-05:00,126.9735393300929,127.94681954921502,124.24660202277539,124.29920959472656,2541700,0.0,0.0
2023-02-17 00:00:00-05:00,122.1246795034049,122.1246795034049,116.8812485150497,118.09126281738281,4160500,0.0,0.0
2023-02-21 00:00:00-05:00,118.64368748797897,119.16101320222589,116.95141454428668,117.67918395996094,2601800,0.0,0.0
2023-02-22 00:00:00-05:00,119.95015381335354,124.89546652683053,118.41570378052752,120.37979125976562,3629600,0.0,0.0
2023-02-23 00:00:00-05:00,121.7038277394633,124.91302403215406,120.73054733526511,124.15895080566406,2938100,0.0,0.0
2023-02-24 00:00:00-05:00,122.91383129505134,126.0704197241298,122.08962361906049,124.84286499023438,2199400,0.0,0.0
2023-02-27 00:00:00-05:00,125.52680296121119,127.37691209845856,124.36061915627853,126.57899475097656,2280900,0.0,0.0
2023-02-28 00:00:00-05:00,128.37644500486192,128.53426768955384,123.21192643501806,123.26453399658203,2517100,0.0,0.0
2023-03-01 00:00:00-05:00,123.01028381959942,127.27167153827618,122.08084760339861,126.80695343017578,3477500,0.0,0.0
2023-03-02 00:00:00-05:00,126.20722823722674,129.42058630238256,124.95411228528116,129.03570556640625,2394800,2.95,0.0
2023-03-03 00:00:00-05:00,127.10230739806964,131.47033472707892,126.43993834406683,131.3629150390625,3427400,0.0,0.0
2023-03-06 00:00:00-05:00,129.78758873190273,130.17246950819256,128.17642972640124,128.48971557617188,2250100,0.0,0.0
2023-03-07 00:00:00-05:00,127.52303218458161,128.42706503990507,124.80196035055441,127.76470947265625,2709800,0.0,0.0
2023-03-08 00:00:00-05:00,126.47578371780374,130.27094349322132,125.66125134791272,127.54093933105469,2536200,0.0,0.0
2023-03-09 00:00:00-05:00,128.05111211302372,130.1993285722637,124.94515990466725,125.2584457397461,1704800,0.0,0.0
2023-03-10 00:00:00-05:00,124.95412529120374,126.81589385418057,121.09628963186573,121.65125274658203,2090800,0.0,0.0
2023-03-13 00:00:00-04:00,117.53382658138833,120.55026424072875,114.16830567262258,117.73969268798828,2957300,0.0,0.0
2023-03-14 00:00:00-04:00,117.5338447534522,122.21514486258897,116.70142059071206,118.72431182861328,2618600,0.0,0.0
2023-03-15 00:00:00-04:00,113.89980452240232,113.89980452240232,108.39501889088889,109.86296081542969,5858600,0.0,0.0
2023-03-16 00:00:00-04:00,107.42832916692612,112.56613300617673,106.52429629430542,112.36026000976562,3899100,0.0,0.0
2023-03-17 00:00:00-04:00,111.98431538648735,112.78094212981682,108.94997153740755,110.20309448242188,6217600,0.0,0.0
2023-03-20 00:00:00-04:00,110.14938016115731,113.5686114869206,110.14938016115731,112.43185424804688,2594200,0.0,0.0
2023-03-21 00:00:00-04:00,115.0186571762805,117.34588838777077,114.8933455669197,116.9162368774414,3064200,0.0,0.0
2023-03-22 00:00:00-04:00,117.22952989106592,117.99035920305285,114.39210611739755,114.53531646728516,1719200,0.0,0.0
2023-03-23 00:00:00-04:00,115.09026439125749,116.97889811853145,112.19017819179287,113.34484100341797,1877900,0.0,0.0
2023-03-24 00:00:00-04:00,110.5521751380585,113.22848281987098,109.05737495745448,112.26178741455078,2350300,0.0,0.0
2023-03-27 00:00:00-04:00,113.21952026262673,115.77051611556945,112.25283176975417,115.07234954833984,1742800,0.0,0.0
2023-03-28 00:00:00-04:00,114.58901010016014,117.49804205139272,114.09670965374816,116.99679565429688,1117300,0.0,0.0
2023-03-29 00:00:00-04:00,118.5363345003764,119.14500060664493,117.5428012964182,118.85856628417969,1343200,0.0,0.0
2023-03-30 00:00:00-04:00,120.27281455388244,120.28177416338227,118.50949238302198,119.31507873535156,1753100,0.0,0.0
2023-03-31 00:00:00-04:00,119.52988054580503,121.3737707537145,119.44932601488951,120.98887634277344,1946000,0.0,0.0
2023-04-03 00:00:00-04:00,128.07796128637315,130.50365241690386,126.63687105560179,129.27737426757812,4018300,0.0,0.0
2023-04-04 00:00:00-04:00,130.4052136221134,130.55737675729898,124.6229461953492,126.78905487060547,2252100,0.0,0.0
2023-04-05 00:00:00-04:00,127.39769129728623,128.68661832698845,125.85814108491293,127.9794921875,1985100,0.0,0.0
2023-04-06 00:00:00-04:00,127.30816707746808,127.49614127854737,125.58065644393528,125.80442810058594,1683600,0.0,0.0
2023-04-10 00:00:00-04:00,127.32606637823552,130.79004708244966,127.32606637823552,128.16744995117188,2581200,0.0,0.0
2023-04-11 00:00:00-04:00,128.6418699742596,131.0228040288499,128.6060588554871,129.9397430419922,2228100,0.0,0.0
2023-04-12 00:00:00-04:00,131.57776705644048,131.64937564345138,129.16998124272206,129.79653930664062,1486200,0.0,0.0
2023-04-13 00:00:00-04:00,129.52801288861707,131.48824144818607,129.3400386568539,130.449951171875,1663400,0.0,0.0
2023-04-14 00:00:00-04:00,130.87959801895752,132.91144895727456,129.84129401314482,131.3450469970703,1531300,0.0,0.0
2023-04-17 00:00:00-04:00,131.34503527931477,131.891038745907,129.2684274529509,129.42955017089844,1255500,0.0,0.0
2023-04-18 00:00:00-04:00,128.87461678581533,130.08298964601684,127.79156921174544,129.5011749267578,1365300,0.0,0.0
2023-04-19 00:00:00-04:00,127.74677728442073,128.63291805070344,126.9412047026651,128.59710693359375,1250800,0.0,0.0
2023-04-20 00:00:00-04:00,127.10235568436647,127.68415677889904,125.0436528254957,127.04865264892578,1555000,0.0,0.0
2023-04-21 00:00:00-04:00,127.01282183185488,127.29925618706376,125.23160769543858,126.28780364990234,1342300,0.0,0.0
2023-04-24 00:00:00-04:00,125.87605594820216,128.90143992207356,125.54486455823775,128.43600463867188,1934300,0.0,0.0
2023-04-25 00:00:00-04:00,126.93225184164038,127.29029474207235,124.22908598962452,124.71244049072266,1444300,0.0,0.0
2023-04-26 00:00:00-04:00,123.53090420971043,124.77507411253376,121.5527703526874,122.564208984375,1607000,0.0,0.0
2023-04-27 00:00:00-04:00,122.53738717489401,123.9605856797985,121.26636545704599,123.57569122314453,1543300,0.0,0.0
2023-04-28 00:00:00-04:00,123.45933185333972,127.94372604668021,122.85067930585171,127.28135681152344,1670900,0.0,0.0
2023-05-01 00:00:00-04:00,125.26738962798662,127.40664644315085,124.78404878593206,127.03965759277344,2382500,0.0,0.0
2023-05-02 00:00:00-04:00,124.75718916413224,124.75718916413224,117.75760458359846,120.88146209716797,5074300,0.0,0.0
2023-05-03 00:00:00-04:00,117.82028237778921,119.01074948623723,114.8127901190629,115.26927947998047,3241800,0.0,0.0
2023-05-04 00:00:00-04:00,115.66311355865675,117.38167851879663,112.71827726469333,112.77198028564453,3582300,0.0,0.0
2023-05-05 00:00:00-04:00,116.63874478149972,119.69993963265794,115.55569753139757,118.86751556396484,2272100,0.0,0.0
2023-05-08 00:00:00-04:00,121.66912102672737,122.28673299668043,118.35730317378335,118.67953491210938,1589600,0.0,0.0
2023-05-09 00:00:00-04:00,117.31006461656058,120.55027420773689,116.86252125168255,118.96598052978516,1420000,0.0,0.0
2023-05-10 00:00:00-04:00,120.17292978980406,120.45214816302517,117.13753635427919,117.53385162353516,1541200,0.83,0.0
2023-05-11 00:00:00-04:00,114.97583898218703,116.57909768484673,114.04810711861727,114.98484802246094,2231200,0.0,0.0
2023-05-12 00:00:00-04:00,116.11073514042619,116.6241336033936,114.54349201560854,115.29108428955078,1705100,0.0,0.0
2023-05-15 00:00:00-04:00,115.9305914571301,116.68718587243434,114.89476491220304,116.15576934814453,1650700,0.0,0.0
2023-05-16 00:00:00-04:00,115.57932070430067,115.97562226900527,112.43583222915586,112.46285247802734,1591600,0.0,0.0
2023-05-17 00:00:00-04:00,113.67881101649543,115.80449782918534,112.48987197095023,114.91278839111328,1471900,0.0,0.0
2023-05-18 00:00:00-04:00,114.13816237638483,116.02966202383989,113.2014215917844,115.95760345458984,1211600,0.0,0.0
2023-05-19 00:00:00-04:00,117.55187263379891,118.71379836019395,116.69619931403324,117.2906723022461,1486200,0.0,0.0
2023-05-22 00:00:00-04:00,117.50684046767688,120.38009890452386,117.29066473760467,119.29924774169922,1669000,0.0,0.0
2023-05-23 00:00:00-04:00,120.5872696298204,121.22676714928431,119.06506487448524,119.73158264160156,1202500,0.0,0.0
2023-05-24 00:00:00-04:00,120.96558484689531,121.6861569603441,118.97500592966713,121.03764343261719,1611200,0.0,0.0
2023-05-25 00:00:00-04:00,117.4527774260678,118.55164658666396,116.59710422560806,117.99320983886719,1483700,0.0,0.0
2023-05-26 00:00:00-04:00,118.83087980708312,118.9930150486867,116.91237336386153,117.98422241210938,1425100,0.0,0.0
2023-05-30 00:00:00-04:00,116.32690341828413,116.8222975716348,115.09293286302166,116.6331558227539,1580800,0.0,0.0
2023-05-31 00:00:00-04:00,114.43541239143221,115.57931998031076,113.49867149574443,114.52548217773438,2308900,0.0,0.0
2023-06-01 00:00:00-04:00,114.84072448512607,117.49782085191073,113.66079453451702,115.38115692138672,1380900,0.0,0.0
2023-06-02 00:00:00-04:00,117.50683892222742,119.03804586140458,116.32689520617444,118.3084716796875,2126300,0.0,0.0
2023-06-05 00:00:00-04:00,121.05562838149888,121.37088292556588,117.33569897785397,117.3807373046875,1651000,0.0,0.0
2023-06-06 00:00:00-04:00,115.29108667017377,118.52463806812185,115.29108667017377,117.95719909667969,1162700,0.0,0.0
2023-06-07 00:00:00-04:00,118.74081877348554,121.92032980664384,118.6867782733499,120.85748291015625,1910900,0.0,0.0
2023-06-08 00:00:00-04:00,120.85747794222348,121.27181133251374,118.29946025331238,120.10088348388672,1307600,0.0,0.0
2023-06-09 00:00:00-04:00,119.65953032487647,120.80342405398416,118.49760477343801,119.1461181640625,1098700,0.0,0.0
2023-06-12 00:00:00-04:00,116.57010306997549,118.8939408355592,115.78648831247462,116.85833740234375,1697400,0.0,0.0
2023-06-13 00:00:00-04:00,118.41655974330182,120.50620358957173,116.91237296222666,117.14655303955078,1650500,0.0,0.0
2023-06-14 00:00:00-04:00,118.83086624533173,119.03803979394614,113.02128646376244,114.19220733642578,2260300,0.0,0.0
2023-06-15 00:00:00-04:00,114.87675303134372,116.71420543587965,113.73284550343901,114.0841293334961,2961500,0.0,0.0
2023-06-16 00:00:00-04:00,114.39936953600369,116.27284423332117,113.49865803602829,115.95760345458984,4054000,0.0,0.0
2023-06-20 00:00:00-04:00,114.96682502127314,115.2010119551818,112.82313394407775,114.36334991455078,2092900,0.0,0.0
2023-06-21 00:00:00-04:00,114.4354139024303,116.26385738885531,114.00306930183335,114.99385070800781,1710000,0.0,0.0
2023-06-22 00:00:00-04:00,113.840938310154,114.01207571275991,112.1476029799606,113.35455322265625,1324300,0.0,0.0
2023-06-23 00:00:00-04:00,112.0935690240441,113.18343623518464,111.15683489738797,112.94924926757812,3578500,0.0,0.0
2023-06-26 00:00:00-04:00,113.4536253938162,115.31809801725916,113.38156682095759,114.5885238647461,1296100,0.0,0.0
2023-06-27 00:00:00-04:00,114.54348838708336,115.66937784643241,113.84994350375327,114.67859649658203,1586600,0.0,0.0
2023-06-28 00:00:00-04:00,115.1379612142325,115.85853321630675,113.21043901135036,115.84051513671875,1435400,0.0,0.0
2023-06-29 00:00:00-04:00,116.19178776421349,117.49781673839112,115.95760771337518,117.10150146484375,1143300,0.0,0.0
2023-06-30 00:00:00-04:00,117.99321764485657,119.34428502246942,116.92136865961413,118.31747436523438,1282400,0.0,0.0
2023-07-03 00:00:00-04:00,118.5246354879622,119.79464213542103,118.18237442762339,118.84889221191406,663100,0.0,0.0
2023-07-05 00:00:00-04:00,119.64152524919997,119.64152524919997,117.06548948529694,117.63294219970703,2062300,0.0,0.0
2023-07-06 00:00:00-04:00,116.98441413411363,117.7770309091389,113.246460031027,114.5434799194336,1833300,0.0,0.0
2023-07-07 00:00:00-04:00,114.12917434962253,120.9565635537979,114.12917434962253,119.25421905517578,2328400,0.0,0.0
2023-07-10 00:00:00-04:00,119.4163358767117,121.01960129497226,119.08307700978915,120.77640533447266,1587400,0.0,0.0
2023-07-11 00:00:00-04:00,121.56006789242005,124.24418514892541,121.07367583464278,123.52361297607422,2162500,0.0,0.0
2023-07-12 00:00:00-04:00,124.28017657974148,126.11763584947292,123.8568410491547,125.65826416015625,2066000,0.0,0.0
2023-07-13 00:00:00-04:00,126.20769665495045,126.93727080374165,123.55960252691762,125.56819915771484,2138000,0.0,0.0
2023-07-14 00:00:00-04:00,124.87465316482961,124.87465316482961,121.74918287613606,122.19053649902344,1747500,0.0,0.0
2023-07-17 00:00:00-04:00,121.65910719406848,122.88406162285557,121.30781651998404,122.0193862915039,1253000,0.0,0.0
2023-07-18 00:00:00-04:00,121.80320705677272,125.83840429869068,121.75816873495691,125.02775573730469,1934900,0.0,0.0
2023-07-19 00:00:00-04:00,125.00073707548592,126.97329739960183,124.21712249228177,125.10881805419922,1336100,0.0,0.0
2023-07-20 00:00:00-04:00,126.66707990329124,127.67587252274897,125.60423304170372,126.11764526367188,2001200,0.0,0.0
2023-07-21 00:00:00-04:00,126.74811789124486,128.0541467609398,125.88342884142894,127.21649169921875,4011400,0.0,0.0
2023-07-24 00:00:00-04:00,128.08117196148018,130.72926595828937,127.88301433289129,130.10777282714844,3024500,0.0,0.0
2023-07-25 00:00:00-04:00,130.0447612557113,132.26952028178536,129.70248640746297,131.53993225097656,2444400,0.0,0.0
2023-07-26 00:00:00-04:00,130.31496033702018,131.53992878164433,129.72950323771354,130.5941925048828,1298100,0.0,0.0
2023-07-27 00:00:00-04:00,131.44081215776117,132.0713211526938,129.45024759737942,130.0177001953125,1558600,0.0,0.0
2023-07-28 00:00:00-04:00,130.51309498597797,131.20664671119818,128.54054828326946,131.17962646484375,1737000,0.0,0.0
2023-07-31 00:00:00-04:00,130.5671456189756,132.854946791035,130.5671456189756,132.6928253173828,2219800,0.0,0.0
2023-08-01 00:00:00-04:00,131.68400230971906,133.7556412529624,130.4500321049188,133.19720458984375,3894300,0.0,0.0
2023-08-02 00:00:00-04:00,132.8459479059323,133.08012795491572,130.6211893374046,132.21543884277344,2429800,0.0,0.0
2023-08-03 00:00:00-04:00,133.17019484590347,135.5570747171711,132.1523864981946,133.67459106445312,2520700,0.0,0.0
2023-08-04 00:00:00-04:00,134.79146662482995,135.2958765951768,133.37735675700733,133.81871032714844,1640300,0.0,0.0
2023-08-07 00:00:00-04:00,134.7104069345417,135.22381907585373,133.37735779056814,133.8367156982422,1416700,0.0,0.0
2023-08-08 00:00:00-04:00,130.81034324318128,134.48524826042262,129.91864754548985,134.38616943359375,1942300,0.0,0.0
2023-08-09 00:00:00-04:00,135.47313329893458,137.45686222052262,135.08364108153296,136.2611846923828,2306600,0.84,0.0
2023-08-10 00:00:00-04:00,136.26118342889626,137.43874085041048,134.65790742409789,135.59994506835938,1668300,0.0,0.0
2023-08-11 00:00:00-04:00,135.11081505904525,136.3880122925301,134.56732275751622,135.563720703125,1650100,0.0,0.0
2023-08-14 00:00:00-04:00,135.65427223464468,135.9260183427318,134.34991579467277,134.91151428222656,1347900,0.0,0.0
2023-08-15 00:00:00-04:00,133.8064493222154,134.34087468393946,132.44773234195048,133.52565002441406,1713900,0.0,0.0
2023-08-16 00:00:00-04:00,133.80646955699612,135.0293205527928,132.73760485032588,133.08181762695312,1564600,0.0,0.0
2023-08-17 00:00:00-04:00,135.31914049034305,135.99849891983902,133.4078782224977,133.6162109375,1166300,0.0,0.0
2023-08-18 00:00:00-04:00,132.28466057259584,134.63072206737127,131.967634947927,134.09628295898438,1497700,0.0,0.0
2023-08-21 00:00:00-04:00,135.3010419579537,136.1525068700701,133.2720333043161,134.4676971435547,2390900,0.0,0.0
2023-08-22 00:00:00-04:00,134.75755004074077,135.37349508612846,133.97855177525526,134.33181762695312,1384300,0.0,0.0
2023-08-23 00:00:00-04:00,133.12711975902508,134.34090387462248,131.6506425634094,134.25938415527344,1876300,0.0,0.0
2023-08-24 00:00:00-04:00,133.39884215605792,135.7086638762337,133.18144245503024,134.97494506835938,2932500,0.0,0.0
2023-08-25 00:00:00-04:00,135.5365473721372,135.88074626271205,133.8154976329295,135.46408081054688,1598200,0.0,0.0
2023-08-28 00:00:00-04:00,135.87168013979596,137.65612931135848,135.69052066392595,136.4876251220703,1237900,0.0,0.0
2023-08-29 00:00:00-04:00,135.8716977978658,137.00396194618136,135.19233930887648,136.94961547851562,1175100,0.0,0.0
2023-08-30 00:00:00-04:00,137.23041018925295,137.71954220348033,136.84091796961047,137.0583038330078,1518000,0.0,0.0
2023-08-31 00:00:00-04:00,137.49310770374987,137.71956055602152,136.0981642152541,137.4840545654297,1370600,0.0,0.0
2023-09-01 00:00:00-04:00,138.4985518518507,140.60004084803418,138.10905960018374,140.09278869628906,2555600,0.0,0.0
2023-09-05 00:00:00-04:00,140.33732943880648,141.70511326345166,139.40434496294554,139.6670379638672,2018700,0.0,0.0
2023-09-06 00:00:00-04:00,139.07826712021907,141.99498074196458,139.0601608449521,141.39715576171875,2533900,0.0,0.0
2023-09-07 00:00:00-04:00,141.2159586609479,142.38446283339138,139.81196237700843,140.28297424316406,1840700,0.0,0.0
2023-09-08 00:00:00-04:00,141.39715366162005,142.8555104508326,140.86271447433052,141.333740234375,1414800,0.0,0.0
2023-09-11 00:00:00-04:00,142.65623957745572,142.9642121302644,137.45687726716443,138.19058227539062,2383900,0.0,0.0
2023-09-12 00:00:00-04:00,139.94787055400212,142.44790520754538,139.703297589786,141.58738708496094,2837700,0.0,0.0
2023-09-13 00:00:00-04:00,142.16709278054546,142.23955934925726,139.36813894427803,141.11634826660156,1322200,0.0,0.0
2023-09-14 00:00:00-04:00,143.1182124258837,143.6888780755527,142.62001335248902,143.04574584960938,1488800,0.0,0.0
2023-09-15 00:00:00-04:00,142.0312132629122,143.5710896940522,140.3373367492331,141.08010864257812,3351100,0.0,0.0
2023-09-18 00:00:00-04:00,142.29390885738266,142.5928282766044,140.70873891463972,141.54208374023438,1018200,0.0,0.0
2023-09-19 00:00:00-04:00,142.67432853605231,143.0185412424615,140.0293612793066,140.75401306152344,1117900,0.0,0.0
2023-09-20 00:00:00-04:00,140.03844550133198,141.0801230643449,138.32646253835838,138.489501953125,1378100,0.0,0.0
2023-09-21 00:00:00-04:00,138.99674959156613,139.087336255655,136.28838248727203,137.10360717773438,2660800,0.0,0.0
2023-09-22 00:00:00-04:00,137.6742661502459,138.9061700862087,136.0166297923382,136.3880157470703,1367300,0.0,0.0
2023-09-25 00:00:00-04:00,136.61446168995838,138.52571019134416,136.18872928946888,138.26303100585938,1974600,0.0,0.0
2023-09-26 00:00:00-04:00,137.42969454223416,139.75762244683642,137.3210016067678,138.6434783935547,1392300,0.0,0.0
2023-09-27 00:00:00-04:00,140.59095622282135,143.54389562860425,139.90253089542037,142.42068481445312,3027800,0.0,0.0
2023-09-28 00:00:00-04:00,142.42070732217258,143.91530426529863,141.51489601903566,142.3391876220703,1221100,0.0,0.0
2023-09-29 00:00:00-04:00,142.48413032376985,142.5928232645445,139.57646976378666,140.2920684814453,1851600,0.0,0.0
2023-10-02 00:00:00-04:00,140.53661968024784,140.69061976644818,134.73943280580792,136.0528564453125,1678100,0.0,0.0
2023-10-03 00:00:00-04:00,135.67240542344544,136.6778564453125,134.38615513069723,136.6778564453125,1693800,0.0,0.0
2023-10-04 00:00:00-04:00,135.48218571346914,135.48218571346914,130.64514347621648,131.80458068847656,2536200,0.0,0.0
2023-10-05 00:00:00-04:00,129.87523680611292,132.3390448031936,129.60349063466143,131.4513397216797,1718300,0.0,0.0
2023-10-06 00:00:00-04:00,133.87889878792006,138.589114286951,132.39336896541997,136.98582458496094,4441200,0.0,0.0
2023-10-09 00:00:00-04:00,141.14355836006672,142.58379536661752,140.3011464551871,141.73233032226562,2184400,0.0,0.0
2023-10-10 00:00:00-04:00,141.73229179257706,143.08195557274024,140.66342729717658,141.65077209472656,1661600,0.0,0.0
2023-10-11 00:00:00-04:00,141.39715661628705,144.0964705568854,140.9714241780094,143.8881378173828,3028200,0.0,0.0
2023-10-12 00:00:00-04:00,145.54575000224054,147.78310497212206,145.0566179919786,147.06752014160156,3206300,0.0,0.0
2023-10-13 00:00:00-04:00,150.13822479473873,152.47521963565413,150.12010469847573,150.88099670410156,2908300,0.0,0.0
2023-10-16 00:00:00-04:00,152.1038503228648,152.29407680048013,149.53134923540415,151.6418914794922,1661700,0.0,0.0
2023-10-17 00:00:00-04:00,151.51506469325912,153.62560674593118,151.45165126594355,152.60203552246094,1925700,0.0,0.0
2023-10-18 00:00:00-04:00,153.70713356356887,155.25606326594783,152.99153484128942,153.91546630859375,1996000,0.0,0.0
2023-10-19 00:00:00-04:00,153.46256450987744,154.59482875087957,151.95891428064618,153.00965881347656,1580300,0.0,0.0
2023-10-20 00:00:00-04:00,153.00965088957182,153.63466292969113,150.3737365558444,150.79946899414062,2465500,0.0,0.0
2023-10-23 00:00:00-04:00,149.11466973569034,151.62377120881595,148.3175650944001,149.74874877929688,2548800,0.0,0.0
2023-10-24 00:00:00-04:00,150.18351996298023,150.708892188369,147.81028490048834,147.88275146484375,1604600,0.0,0.0
2023-10-25 00:00:00-04:00,148.37190175906022,149.5766325120521,147.04035797004732,149.16900634765625,1596700,0.0,0.0
2023-10-26 00:00:00-04:00,147.67443423133372,148.22697974865525,144.68525379043993,146.48782348632812,2669100,0.0,0.0
2023-10-27 00:00:00-04:00,146.741442326879,146.80485575730683,143.04573026894522,144.97511291503906,1589100,0.0,0.0
2023-10-30 00:00:00-04:00,145.16532691518677,146.0711382960114,142.25768012282714,143.5076904296875,1496200,0.0,0.0
2023-10-31 00:00:00-04:00,143.97870985060473,145.98055899519693,142.51129990146904,145.2196807861328,1342500,0.0,0.0
2023-11-01 00:00:00-04:00,146.68711827645723,147.2758902298668,143.76135096649682,144.39541625976562,1700500,0.0,0.0
2023-11-02 00:00:00-04:00,143.45332892133203,148.08202514502355,142.75586418274725,147.86463928222656,1621200,0.0,0.0
2023-11-03 00:00:00-04:00,148.07297303859252,148.58927828791244,145.71785815028795,146.83201599121094,1294200,0.0,0.0
2023-11-06 00:00:00-05:00,147.11278999856435,147.7196818014396,144.114557348153,145.0565948486328,1914800,0.0,0.0
2023-11-07 00:00:00-05:00,142.95517683487446,144.99325269947434,139.10547797951912,143.83380126953125,3074600,0.0,0.0
2023-11-08 00:00:00-05:00,142.7105565154231,144.5131119473936,140.55472144873627,141.2793731689453,2448500,0.0,0.0
2023-11-09 00:00:00-05:00,141.8862900265361,143.38087323293817,140.75402583332718,140.92613220214844,1785400,0.0,0.0
2023-11-10 00:00:00-05:00,142.81023644836313,143.71604789788225,141.18882621363585,142.85552978515625,1692200,0.0,0.0
2023-11-13 00:00:00-05:00,143.13633067091504,144.34106157039358,142.52943865176468,143.28125,1289700,0.0,0.0
2023-11-14 00:00:00-05:00,144.06929025768963,144.70335540437802,143.2359455189587,144.16893005371094,2417800,0.0,0.0
2023-11-15 00:00:00-05:00,143.82653450541633,146.1307994983418,143.82653450541633,144.16893005371094,1785600,3.37,0.0
2023-11-16 00:00:00-05:00,143.2435008430151,143.40083219281354,137.5800241083945,141.12432861328125,3097600,0.0,0.0
2023-11-17 00:00:00-05:00,142.54018978747104,145.7050744978369,142.04972606490523,144.50204467773438,2182700,0.0,0.0
2023-11-20 00:00:00-05:00,145.31640593206203,146.42688956578533,144.00233198475684,144.50204467773438,1421400,0.0,0.0
2023-11-21 00:00:00-05:00,143.65996799162824,143.99311456680243,142.11454236029942,143.52114868164062,1127800,0.0,0.0
2023-11-22 00:00:00-05:00,139.7177254798861,143.09546419750978,138.80158302586332,142.6605224609375,1363500,0.0,0.0
2023-11-24 00:00:00-05:00,142.96591802236023,144.60387578811543,142.91038182438513,143.09547424316406,549800,0.0,0.0
2023-11-27 00:00:00-05:00,142.3181066496772,142.86410663021286,141.17986183029637,142.5309600830078,1232200,0.0,0.0
2023-11-28 00:00:00-05:00,142.8918576780586,144.10413654770232,142.08674534159033,142.50318908691406,1066600,0.0,0.0
2023-11-29 00:00:00-05:00,142.91963732230104,143.33606700128473,141.6055631181065,142.318115234375,1031500,0.0,0.0
2023-11-30 00:00:00-05:00,143.58591505931534,145.73284839124864,139.85653217225774,142.89186096191406,2406800,0.0,0.0
2023-12-01 00:00:00-05:00,142.7900901405462,145.07584315399984,142.197831107945,142.7623291015625,1353900,0.0,0.0
2023-12-04 00:00:00-05:00,141.32794224932485,142.60500647681957,140.7634442769392,142.38290405273438,1372900,0.0,0.0
2023-12-05 00:00:00-05:00,142.7067732723555,142.9658856553009,138.85708341064418,138.94961547851562,1842800,0.0,0.0
2023-12-06 00:00:00-05:00,137.6448469094057,137.9779935214072,134.83160571459956,135.5534210205078,3304500,0.0,0.0
2023-12-07 00:00:00-05:00,136.89521611686718,137.6262943014533,135.59040521474094,136.58058166503906,2245500,0.0,0.0
2023-12-08 00:00:00-05:00,137.1821346227614,139.19026312999577,136.96003218985942,137.6355743408203,1596100,0.0,0.0
2023-12-11 00:00:00-05:00,137.40417396695491,139.04214528951448,137.25611985168635,138.38510131835938,1992800,0.0,0.0
2023-12-12 00:00:00-05:00,137.2098760824692,137.82063297480084,135.8680409448464,136.84896850585938,2404800,0.0,0.0
2023-12-13 00:00:00-05:00,137.0433265583189,138.5795034073979,136.36778435189564,138.31114196777344,1840400,0.0,0.0
2023-12-14 00:00:00-05:00,139.78249842070375,142.64199792083403,139.62518118599985,141.9942169189453,2552900,0.0,0.0
2023-12-15 00:00:00-05:00,141.28163164672864,142.51242244412293,139.6158992096324,141.68881225585938,4063700,0.0,0.0
2023-12-18 00:00:00-05:00,144.844453727509,146.07524457479497,144.02084350585938,144.02084350585938,1883400,0.0,0.0
2023-12-19 00:00:00-05:00,143.94681948036146,145.68657211118725,143.32679952802977,145.42745971679688,1578800,0.0,0.0
2023-12-20 00:00:00-05:00,145.39973020194338,147.5466780729406,144.0578948428549,144.20596313476562,1581400,0.0,0.0
2023-12-21 00:00:00-05:00,144.77969589144706,145.0295593444276,143.0399430544097,144.60386657714844,1292300,0.0,0.0
2023-12-22 00:00:00-05:00,145.78839292736828,146.510222290829,144.34476244158472,144.72418212890625,1258500,0.0,0.0
2023-12-26 00:00:00-05:00,145.86241642937486,148.05563715714874,145.86241642937486,147.1394805908203,1038900,0.0,0.0
2023-12-27 00:00:00-05:00,147.1394703928909,147.82427552718016,145.64031804331833,146.29734802246094,911800,0.0,0.0
2023-12-28 00:00:00-05:00,145.73287203569694,145.92721342754962,143.68773353772477,143.74325561523438,1167000,0.0,0.0
2023-12-29 00:00:00-05:00,144.36325796198744,144.69640450672242,143.18798902353805,143.5118865966797,2267700,0.0,0.0
2024-01-02 00:00:00-05:00,144.89074603857955,146.7878160187716,144.65939466337883,145.29791259765625,1400300,0.0,0.0
2024-01-03 00:00:00-05:00,145.92722682585617,148.88852223633535,144.69643555263494,148.22222900390625,1391300,0.0,0.0
2024-01-04 00:00:00-05:00,149.05509600976356,149.5640578248589,143.9190917872701,144.19671630859375,1815200,0.0,0.0
2024-01-05 00:00:00-05:00,145.10360175561692,145.8901880478915,143.1047222589505,144.31700134277344,1654700,0.0,0.0
2024-01-08 00:00:00-05:00,141.40198158818126,144.14117431640625,139.46788723093394,144.14117431640625,2130700,0.0,0.0
2024-01-09 00:00:00-05:00,144.39102451153389,144.5390927860857,140.87448065405184,141.3649444580078,1356800,0.0,0.0
2024-01-10 00:00:00-05:00,140.83746999893856,140.93926517215448,138.69052238950033,140.0693817138672,1470200,0.0,0.0
2024-01-11 00:00:00-05:00,140.65237107764142,141.18910790124056,139.15320473566948,140.0971221923828,1234700,0.0,0.0
2024-01-12 00:00:00-05:00,142.50318390760808,143.05841868024885,140.70789515621442,142.36436462402344,1472500,0.0,0.0
2024-01-16 00:00:00-05:00,141.61481174022825,141.92019726954618,139.45861509060873,139.88430786132812,1423100,0.0,0.0
2024-01-17 00:00:00-05:00,138.24631595959642,140.03235577362176,137.76510118454664,138.6072235107422,1448100,0.0,0.0
2024-01-18 00:00:00-05:00,138.5517088840019,139.11620678872677,137.246883774964,138.57022094726562,1460800,0.0,0.0
2024-01-19 00:00:00-05:00,138.5609722016805,139.83803640833096,137.90394215374323,139.79176330566406,1344100,0.0,0.0
2024-01-22 00:00:00-05:00,139.99536900394162,141.82766828170307,138.9589191693404,140.60614013671875,2268600,0.0,0.0
2024-01-23 00:00:00-05:00,139.7269976171052,141.6703409185288,139.46788517691542,140.1711883544922,1307300,0.0,0.0
2024-01-24 00:00:00-05:00,141.02254901951972,142.1515449027113,139.96758727365176,141.77212524414062,1470200,0.0,0.0
2024-01-25 00:00:00-05:00,143.10470474104224,144.74267641590413,141.09657651754776,144.65939331054688,2399500,0.0,0.0
2024-01-26 00:00:00-05:00,144.82595800805618,145.37194385378305,142.7437956724771,144.58535766601562,1443200,0.0,0.0
2024-01-29 00:00:00-05:00,144.2707501131074,144.2707501131074,142.2441233912099,143.30833435058594,2775200,0.0,0.0
2024-01-30 00:00:00-05:00,142.34587943129733,145.6403207206101,141.9571966989023,145.223876953125,2002400,0.0,0.0
2024-01-31 00:00:00-05:00,145.1128382067702,145.1128382067702,142.04974817639413,142.2718505859375,1636100,0.0,0.0
2024-02-01 00:00:00-05:00,142.9751472674958,143.58591827582703,140.04161357789937,141.3279266357422,1578800,0.0,0.0
2024-02-02 00:00:00-05:00,141.18914369233934,141.49451512402018,138.98667377520943,139.01443481445312,1282800,0.0,0.0
2024-02-05 00:00:00-05:00,138.64425987837845,139.3290509166016,136.89522991387685,138.45916748046875,1613000,0.0,0.0
2024-02-06 00:00:00-05:00,139.1809689244417,141.39268730395864,138.81081240625142,140.65237426757812,1927200,0.0,0.0
2024-02-07 00:00:00-05:00,140.64312798404077,141.401967293753,139.46787313202466,140.1526641845703,1754700,0.0,0.0
2024-02-08 00:00:00-05:00,140.19893577200895,142.87335715029585,140.0231064645552,142.03123474121094,1674700,0.0,0.0
2024-02-09 00:00:00-05:00,142.24410118960654,142.71605296286717,139.9675971973465,140.42105102539062,1015100,0.0,0.0
2024-02-12 00:00:00-05:00,148.06489444195972,155.5791833163072,146.78783020881585,153.59881591796875,7276300,0.0,0.0
2024-02-13 00:00:00-05:00,154.82959741865287,157.0043060687518,151.36858976347565,153.24716186523438,3354200,0.0,0.0
2024-02-14 00:00:00-05:00,155.1997606791379,157.57804544173098,153.7191062494088,157.1893768310547,3724500,0.0,0.0
2024-02-15 00:00:00-05:00,157.85569204909666,166.13806950798158,157.56881856674195,165.2034149169922,3728700,0.0,0.0
2024-02-16 00:00:00-05:00,166.0455038545067,167.99811004511284,164.78696591685554,166.0362548828125,2540900,0.0,0.0
2024-02-20 00:00:00-05:00,166.17509676668158,166.70257063629057,164.03739788711434,164.77772521972656,2792200,0.0,0.0
2024-02-21 00:00:00-05:00,168.6366615207835,170.23762340394597,164.98131216016128,166.34165954589844,3442900,0.0,0.0
2024-02-22 00:00:00-05:00,166.23985434673665,166.90614748003566,163.23228627468941,163.5469207763672,2346100,0.0,0.0
2024-02-23 00:00:00-05:00,162.27912322771502,164.5278520113774,161.38147868461718,163.20452880859375,2092400,0.0,0.0
2024-02-26 00:00:00-05:00,162.67704789038865,164.66667844773156,161.62208604735022,163.89859008789062,1374200,0.0,0.0
2024-02-27 00:00:00-05:00,164.1946885140946,164.96277676152624,163.0009216508513,164.6759033203125,1499100,0.0,0.0
2024-02-28 00:00:00-05:00,163.91709923436036,166.40644256961505,163.54692852024004,166.3509063720703,1458000,0.0,0.0
2024-02-29 00:00:00-05:00,167.17451127174783,169.33997104624032,166.5730032969584,168.905029296875,2029400,0.0,0.0
2024-03-01 00:00:00-05:00,169.66386682244087,171.9218588456447,169.48803749136965,171.35736083984375,1774300,0.0,0.0
2024-03-04 00:00:00-05:00,172.3078409345137,172.3078409345137,167.7060648071822,168.34597778320312,1320000,3.08,0.0
2024-03-05 00:00:00-05:00,168.46831161701488,171.38558460983887,168.34596940616308,169.44700622558594,1141500,0.0,0.0
2024-03-06 00:00:00-05:00,170.32218750476693,171.1126732190233,168.73179630098534,170.5009765625,1736600,0.0,0.0
2024-03-07 00:00:00-05:00,170.84916834606938,172.79715191487605,170.80211255061917,172.03489685058594,1551100,0.0,0.0
2024-03-08 00:00:00-05:00,171.93139693496184,173.99231748959448,171.58320986096214,172.4866180419922,1251800,0.0,0.0
2024-03-11 00:00:00-04:00,171.7714035588274,173.72880692438156,170.84917026716676,173.6252899169922,1290800,0.0,0.0
2024-03-12 00:00:00-04:00,174.56636791625496,174.9145549984877,172.8912847798818,173.64413452148438,1099200,0.0,0.0
2024-03-13 00:00:00-04:00,175.74268870019782,177.48365280591997,175.02748935332377,176.50494384765625,1436900,0.0,0.0
2024-03-14 00:00:00-04:00,176.9284296403934,178.51882103863136,176.72139559095322,178.3306121826172,1467800,0.0,0.0
2024-03-15 00:00:00-04:00,177.9447539298396,180.09978600406518,176.77785054306827,178.74465942382812,3367100,0.0,0.0
2024-03-18 00:00:00-04:00,179.47869182485093,180.01508774347027,177.66244131577395,178.8575897216797,1170300,0.0,0.0
2024-03-19 00:00:00-04:00,178.7164324886899,181.4925523363857,178.3305950373366,181.26669311523438,1288700,0.0,0.0
2024-03-20 00:00:00-04:00,180.40091453811934,181.63369889584067,178.8764043381175,181.53018188476562,1373600,0.0,0.0
2024-03-21 00:00:00-04:00,181.8313454543911,183.19587756461755,181.04085966963558,182.94178771972656,1326900,0.0,0.0
2024-03-22 00:00:00-04:00,183.50639572114395,183.6193181388835,181.6336842569603,183.2240753173828,1080300,0.0,0.0
2024-03-25 00:00:00-04:00,184.19340505323225,185.7461604372455,184.19340505323225,185.00271606445312,1332700,0.0,0.0
2024-03-26 00:00:00-04:00,185.00268684439072,186.44250519889164,182.6406351816439,182.8006134033203,1541900,0.0,0.0
2024-03-27 00:00:00-04:00,182.45244376987498,184.9744738950403,182.0477811098435,184.9462432861328,987000,0.0,0.0
2024-03-28 00:00:00-04:00,186.33899018059589,186.82834462586666,184.9179970015251,186.48956298828125,1052600,0.0,0.0
2024-04-01 00:00:00-04:00,187.60002507641053,188.0893651768249,185.92494202946708,187.69412231445312,1148300,0.0,0.0
2024-04-02 00:00:00-04:00,188.21173415148124,188.83283632044092,186.47076986681375,188.55992126464844,1543800,0.0,0.0
2024-04-03 00:00:00-04:00,189.16216720251717,191.47717747088487,189.1151257642303,191.24191284179688,1490100,0.0,0.0
2024-04-04 00:00:00-04:00,191.6371519056643,191.9477029330485,188.7481097844933,189.19981384277344,1459700,0.0,0.0
2024-04-05 00:00:00-04:00,189.52916578586886,192.94521254896708,188.4940101081568,192.27706909179688,1519800,0.0,0.0
2024-04-08 00:00:00-04:00,192.52175854397137,196.20130089515536,191.4113019957946,194.39447021484375,1830400,0.0,0.0
2024-04-09 00:00:00-04:00,195.3167138630071,196.20131123799672,192.68174693053567,193.415771484375,1830200,0.0,0.0
2024-04-10 00:00:00-04:00,191.97595203547573,194.62032437139925,191.7500928048683,194.0745086669922,1182900,0.0,0.0
2024-04-11 00:00:00-04:00,194.79911942145844,196.0130786301457,191.59952610226284,195.98484802246094,1250200,0.0,0.0
2024-04-12 00:00:00-04:00,197.02000974710228,199.46676761089572,192.91699407914012,194.17800903320312,1526900,0.0,0.0
2024-04-15 00:00:00-04:00,195.6554758668254,197.13293024255617,192.54997994993354,193.24636840820312,1229200,0.0,0.0
2024-04-16 00:00:00-04:00,191.93831381877058,193.10521726505044,189.92444903694326,191.92889404296875,1331900,0.0,0.0
2024-04-17 00:00:00-04:00,191.60889417217828,192.9075593102131,187.61880153726955,189.29388427734375,1578200,0.0,0.0
2024-04-18 00:00:00-04:00,190.15969700379887,190.80901530353282,187.02597049188046,187.8352813720703,1063300,0.0,0.0
2024-04-19 00:00:00-04:00,189.3691905115888,191.83477344934536,188.3058042126717,188.9080810546875,1800800,0.0,0.0
2024-04-22 00:00:00-04:00,188.2117005188877,191.6842086909673,186.3766393107112,190.63963317871094,1416100,0.0,0.0
2024-04-23 00:00:00-04:00,189.63271427211674,192.4747152790729,188.6822502507169,192.3241424560547,960400,0.0,0.0
2024-04-24 00:00:00-04:00,191.70303441895123,194.46973436242618,190.95959015854658,193.14285278320312,1289500,0.0,0.0
2024-04-25 00:00:00-04:00,193.519297583237,195.42024005105466,191.4395516768414,194.89324951171875,1093800,0.0,0.0
2024-04-26 00:00:00-04:00,193.086395111218,196.540092781881,192.785263828522,195.5143280029297,1184000,0.0,0.0
2024-04-29 00:00:00-04:00,194.55445449840192,195.24142323586875,192.2394440913104,193.726318359375,1663400,0.0,0.0
2024-04-30 00:00:00-04:00,192.52174966126233,193.49103876755024,188.88926327673235,189.2751007080078,2042700,0.0,0.0
2024-05-01 00:00:00-04:00,191.03488300491892,191.50541227340395,181.803101054749,184.45687866210938,2875200,0.0,0.0
2024-05-02 00:00:00-04:00,185.21915963019106,186.4707549257277,183.5440621197986,185.98141479492188,1933200,0.0,0.0
2024-05-03 00:00:00-04:00,184.99328483901826,189.66092703813138,184.72036982804684,189.623291015625,1873700,0.0,0.0
2024-05-06 00:00:00-04:00,190.57376875004582,193.61339831631804,190.2444068611673,192.15475463867188,1791600,0.0,0.0
2024-05-07 00:00:00-04:00,192.39000308262058,193.359292194133,191.07251255981575,191.67478942871094,1244800,0.0,0.0
2024-05-08 00:00:00-04:00,190.43260194335767,192.70055641402507,189.86796108978112,191.24191284179688,1390200,0.0,0.0
2024-05-09 00:00:00-04:00,191.30778547848368,192.6064508668423,190.94077321995806,191.7124481201172,1032900,0.0,0.0
2024-05-10 00:00:00-04:00,192.35234469384122,193.46280115054194,189.1056958582397,190.27261352539062,1732200,0.0,0.0
2024-05-13 00:00:00-04:00,191.21370043523797,191.30779768018152,188.3340633986164,188.93634033203125,1384100,0.0,0.0
2024-05-14 00:00:00-04:00,188.6702228694298,190.00075457797757,187.2826559433374,188.22354125976562,1474600,1.97,0.0
2024-05-15 00:00:00-04:00,187.3111718286766,187.98595082330752,183.92780723992186,186.97854614257812,1614800,0.0,0.0
2024-05-16 00:00:00-04:00,187.11159856965162,187.76736582191947,184.83066836603692,184.93521118164062,1145200,0.0,0.0
2024-05-17 00:00:00-04:00,185.66701160581144,188.44213103777662,185.16330926551996,187.86239624023438,1011900,0.0,0.0
2024-05-20 00:00:00-04:00,188.00495145478635,189.20242995706312,187.22562969018017,188.0144500732422,929000,0.0,0.0
2024-05-21 00:00:00-04:00,186.71243490680033,189.22144792394653,186.5983789730382,186.80746459960938,834100,0.0,0.0
2024-05-22 00:00:00-04:00,186.51283361842744,186.59836468591922,181.97949851917295,182.7968292236328,1179200,0.0,0.0
2024-05-23 00:00:00-04:00,184.40298659110064,185.48642365488334,182.2456110819017,182.43569946289062,1394600,0.0,0.0
2024-05-24 00:00:00-04:00,184.14638592761568,185.21082579541428,183.58566288667208,183.8612823486328,688400,0.0,0.0
2024-05-28 00:00:00-04:00,185.55296467811306,188.3375826466646,185.51494119975902,187.9479217529297,1304000,0.0,0.0
2024-05-29 00:00:00-04:00,187.76736937176196,187.9764405052136,183.68071536868678,185.34388732910156,1527700,0.0,0.0
2024-05-30 00:00:00-04:00,184.88768910286626,188.07148116791745,184.88768910286626,187.54876708984375,1288500,0.0,0.0
2024-05-31 00:00:00-04:00,187.72932930476486,189.56357775993033,187.18761802641006,189.3734893798828,2933800,0.0,0.0
2024-06-03 00:00:00-04:00,188.60370468683092,188.96485525271484,177.227606878579,181.24774169921875,2775100,0.0,0.0
2024-06-04 00:00:00-04:00,179.3659564303706,179.89816911499784,175.9160725990519,179.83164978027344,1744900,0.0,0.0
2024-06-05 00:00:00-04:00,179.83167198259673,180.58246900502454,179.13789568317483,179.80316162109375,825700,0.0,0.0
2024-06-06 00:00:00-04:00,179.5085069700595,182.0460301198367,179.43247452154063,181.5613250732422,1181400,0.0,0.0
2024-06-07 00:00:00-04:00,181.56132224521002,182.09354937655212,180.36384382853004,180.85804748535156,1027800,0.0,0.0
2024-06-10 00:00:00-04:00,181.29523889247545,185.32487210134536,181.1621857182146,184.34597778320312,961200,0.0,0.0
2024-06-11 00:00:00-04:00,183.0534474158294,184.11787276570945,181.75142608594345,184.06085205078125,716300,0.0,0.0
2024-06-12 00:00:00-04:00,185.57197367064404,186.27526304766369,182.80636726608208,184.04185485839844,1056800,0.0,0.0
2024-06-13 00:00:00-04:00,182.94891359990535,183.30055102705717,178.92879348101957,180.9055938720703,1268800,0.0,0.0
2024-06-14 00:00:00-04:00,180.47789105131508,180.57293523896575,176.47678308092338,176.74288940429688,978300,0.0,0.0
2024-06-17 00:00:00-04:00,177.30361392491923,178.79572357390842,175.91606158426512,178.25399780273438,1235300,0.0,0.0
2024-06-18 00:00:00-04:00,179.42296047179713,180.43987815104543,178.87175060087952,179.49899291992188,1124300,0.0,0.0
2024-06-20 00:00:00-04:00,180.10724322609326,183.9943243025172,180.10724322609326,183.16748046875,1960000,0.0,0.0
2024-06-21 00:00:00-04:00,183.96583702677327,184.0893770850645,180.8865876597837,181.4093017578125,3342900,0.0,0.0
2024-06-24 00:00:00-04:00,182.58775629260745,189.26895417140517,182.33116307231336,188.20452880859375,1809700,0.0,0.0
2024-06-25 00:00:00-04:00,188.07147982008394,188.77476916569822,186.5888831741425,188.06198120117188,1441900,0.0,0.0
2024-06-26 00:00:00-04:00,188.32806451494395,188.32806451494395,185.3343467290453,187.18760681152344,1258000,0.0,0.0
2024-06-27 00:00:00-04:00,188.41361310869308,189.49705020299504,186.892993028192,189.30697631835938,1036500,0.0,0.0
2024-06-28 00:00:00-04:00,190.5899956848518,192.80439208354318,189.1929445852327,190.2573699951172,2105900,0.0,0.0
2024-07-01 00:00:00-04:00,191.80649707017227,194.2489762975975,189.86770567786948,193.60272216796875,1230300,0.0,0.0
2024-07-02 00:00:00-04:00,195.29439536648997,198.2690871509397,193.6882442343693,194.73365783691406,1763200,0.0,0.0
2024-07-03 00:00:00-04:00,195.85513093222437,198.41166614034,194.19195897916714,196.66294860839844,741100,0.0,0.0
2024-07-05 00:00:00-04:00,196.206759967744,197.18565425809962,192.27217106719291,193.431640625,761300,0.0,0.0
2024-07-08 00:00:00-04:00,192.32918766566243,193.45064822291314,191.06517532226903,193.2605743408203,774800,0.0,0.0
2024-07-09 00:00:00-04:00,190.9796483376764,194.46755562978558,189.71563596723226,192.54779052734375,993300,0.0,0.0
2024-07-10 00:00:00-04:00,192.04405977632888,192.59526961409037,190.78954621029172,192.34817504882812,970900,0.0,0.0
2024-07-11 00:00:00-04:00,192.46222947866912,197.96496012645744,191.5783794533132,196.89102172851562,1249100,0.0,0.0
2024-07-12 00:00:00-04:00,197.08111216949433,198.2976024474483,193.33659714134834,194.03988647460938,1128200,0.0,0.0
2024-07-15 00:00:00-04:00,194.828692904869,201.57642416713506,194.22044780952695,200.46446228027344,1410700,0.0,0.0
2024-07-16 00:00:00-04:00,199.4380825779536,200.16036917697502,197.8509285811961,198.68727111816406,1077600,0.0,0.0
2024-07-17 00:00:00-04:00,200.13187544338174,203.85737918763118,198.9629071197076,200.47401428222656,1485200,0.0,0.0
2024-07-18 00:00:00-04:00,200.5975535781174,201.7475100727238,196.3873450066958,199.60914611816406,893900,0.0,0.0
2024-07-19 00:00:00-04:00,198.62073065657833,199.17195504261724,195.1518208222881,195.27537536621094,1348100,0.0,0.0
2024-07-22 00:00:00-04:00,195.18034916164132,195.53200108788948,192.05359231500245,194.5245819091797,930500,0.0,0.0
2024-07-23 00:00:00-04:00,194.20143411198177,194.35349900970954,188.45160886929938,188.5181427001953,1390300,0.0,0.0
2024-07-24 00:00:00-04:00,189.91519703512878,191.91099431978975,188.4706095945366,188.96481323242188,1178900,0.0,0.0
2024-07-25 00:00:00-04:00,188.55617250047885,192.15813584200717,187.71984447401445,189.88671875,1067800,0.0,0.0
2024-07-26 00:00:00-04:00,189.62059031083103,191.33128414566835,187.91939509390428,190.79905700683594,775700,0.0,0.0
2024-07-29 00:00:00-04:00,191.59742829905093,192.24368248554626,186.74096527371145,188.43264770507812,853000,0.0,0.0
2024-07-30 00:00:00-04:00,188.65120417558362,190.49495126210684,187.51074639577044,188.25204467773438,1525100,0.0,0.0
2024-07-31 00:00:00-04:00,192.9469499931824,193.85931044722048,189.10739078579047,192.2721710205078,1245800,0.0,0.0
2024-08-01 00:00:00-04:00,191.35029450090673,193.6502218414348,186.14219469261755,188.38510131835938,1525000,0.0,0.0
2024-08-02 00:00:00-04:00,185.3248634650704,185.86658925755722,176.75239648943875,179.67958068847656,1999200,0.0,0.0
2024-08-05 00:00:00-04:00,174.99420438385494,177.60776029160542,170.69846479500123,175.99209594726562,2421900,0.0,0.0
2024-08-06 00:00:00-04:00,182.83484750759297,185.17278362955724,177.72177781545778,180.28781127929688,1953100,0.0,0.0
2024-08-07 00:00:00-04:00,184.00384318444333,186.9025172275119,181.62788323138852,181.88449096679688,1454900,0.0,0.0
2024-08-08 00:00:00-04:00,181.52331819353063,189.27845401142307,181.52331819353063,187.69131469726562,1319600,0.0,0.0
2024-08-09 00:00:00-04:00,187.3111786766221,191.70196260833816,185.85709231988702,189.85821533203125,1289100,0.0,0.0
2024-08-12 00:00:00-04:00,190.7325584787061,192.80438854227887,189.66813308837206,191.3027801513672,1114700,0.0,0.0
2024-08-13 00:00:00-04:00,188.90783986333614,189.35452152267973,185.8666138329081,186.4083251953125,1783000,0.0,0.0
2024-08-14 00:00:00-04:00,186.4178085464933,187.1591068775154,185.4769377041928,186.7029266357422,1066700,0.0,0.0
2024-08-15 00:00:00-04:00,187.3569709918751,190.27136224299414,187.05880267935976,189.07867431640625,1220000,2.34,0.0
2024-08-16 00:00:00-04:00,186.4913293406535,188.7131794455167,186.10659885574793,187.38584899902344,1163700,0.0,0.0
2024-08-19 00:00:00-04:00,188.2130147799172,190.93502620874025,187.7994302497084,188.36691284179688,1189700,0.0,0.0
2024-08-20 00:00:00-04:00,188.22266080081758,188.22266080081758,182.32657098851126,182.5093231201172,1114600,0.0,0.0
2024-08-21 00:00:00-04:00,184.6157276181791,185.6160356039834,182.6150969700445,183.82701110839844,1105500,0.0,0.0
2024-08-22 00:00:00-04:00,184.19253801983683,186.05851177151985,183.50962450214325,184.41375732421875,893400,0.0,0.0
2024-08-23 00:00:00-04:00,185.7122149577766,188.4342260588517,185.56793003843964,187.7705535888672,755500,0.0,0.0
2024-08-26 00:00:00-04:00,190.1078295269032,191.65639381237048,187.0107009559686,189.751953125,1127100,0.0,0.0
2024-08-27 00:00:00-04:00,189.6269239790073,190.34830464036776,186.48171486257525,187.28004455566406,876600,0.0,0.0
2024-08-28 00:00:00-04:00,186.06809881321695,188.01102132808236,185.72183554003823,187.14537048339844,698700,0.0,0.0
2024-08-29 00:00:00-04:00,189.56919481623325,191.05043782853946,187.00108170824961,189.2806396484375,1054700,0.0,0.0
2024-08-30 00:00:00-04:00,186.83758070574578,188.1360716932302,185.40443258949844,187.66476440429688,1811900,0.0,0.0
2024-09-03 00:00:00-04:00,184.1251963522113,184.1251963522113,179.2871378016998,180.325927734375,1414100,0.0,0.0
2024-09-04 00:00:00-04:00,181.1723284698568,182.02836617020125,177.1999213834985,177.24801635742188,1098600,0.0,0.0
2024-09-05 00:00:00-04:00,178.80622103565753,179.21982026277036,175.9110851519785,176.98834228515625,1312600,0.0,0.0
2024-09-06 00:00:00-04:00,176.6324441209458,178.30605239835228,171.9867512906074,172.87164306640625,1505600,0.0,0.0
2024-09-09 00:00:00-04:00,173.63149953626066,173.93928095020527,171.98674536542816,172.37149047851562,1442900,0.0,0.0
2024-09-10 00:00:00-04:00,172.00599893133588,172.3715031464994,162.47415269825984,164.9460906982422,3135100,0.0,0.0
2024-09-11 00:00:00-04:00,165.84060496811475,165.84060496811475,161.4353719181008,162.0701904296875,2580700,0.0,0.0
2024-09-12 00:00:00-04:00,163.4840958691701,171.1788229242997,161.52193225125686,164.3401336669922,2673900,0.0,0.0
2024-09-13 00:00:00-04:00,164.6960136669467,167.88933250878063,164.6960136669467,165.84060668945312,1464800,0.0,0.0
2024-09-16 00:00:00-04:00,167.36031552114164,169.51484440680272,165.28273566816782,168.139404296875,1638300,0.0,0.0
2024-09-17 00:00:00-04:00,167.5622932015213,173.4487542353146,167.5622932015213,172.91012573242188,1817500,0.0,0.0
2024-09-18 00:00:00-04:00,172.66003243252564,175.9206720764127,171.09224194753483,171.3230743408203,1609800,0.0,0.0
2024-09-19 00:00:00-04:00,175.4397492763642,176.86328417250584,172.4869057661551,174.6991424560547,1175100,0.0,0.0
2024-09-20 00:00:00-04:00,172.42923517015157,175.22818124467682,171.2557880101193,174.0932159423828,7855300,0.0,0.0
2024-09-23 00:00:00-04:00,175.2858793794714,179.0851477494717,174.70876900678908,178.18101501464844,3249300,0.0,0.0
2024-09-24 00:00:00-04:00,180.82606378689206,181.90332074700672,177.1614528211571,178.3541259765625,3046800,0.0,0.0
2024-09-25 00:00:00-04:00,178.3541428632986,178.74850113658067,172.9966969277747,173.64112854003906,1740600,0.0,0.0
2024-09-26 00:00:00-04:00,169.3224688818892,170.38049976314284,161.67583651300527,162.4164581298828,4646800,0.0,0.0
2024-09-27 00:00:00-04:00,164.0419627126628,166.63893011684067,162.906982858428,164.11891174316406,5079300,0.0,0.0
2024-09-30 00:00:00-04:00,163.61875615222667,165.99450435030957,162.3202650660906,165.8213653564453,2768200,0.0,0.0
2024-10-01 00:00:00-04:00,164.39783163866528,171.96751421608755,163.50332671837413,170.74598693847656,3149200,0.0,0.0
2024-10-02 00:00:00-04:00,175.65138151350106,176.30544096121253,171.71745573130704,174.37213134765625,3037900,0.0,0.0
2024-10-03 00:00:00-04:00,174.92999483837357,181.61480064550648,173.97778176728576,181.11463928222656,3018800,0.0,0.0
2024-10-04 00:00:00-04:00,184.25025056690868,188.08800125206386,182.26886055241974,187.18386840820312,3491700,0.0,0.0
2024-10-07 00:00:00-04:00,188.47271479728903,192.82023962195683,187.558968909701,191.8872528076172,3780800,0.0,0.0
2024-10-08 00:00:00-04:00,188.63621739531143,189.37683893799743,184.50992672482766,186.3759002685547,10794600,0.0,0.0
2024-10-09 00:00:00-04:00,185.03895685910217,187.28004791511282,183.528859602833,186.35667419433594,2270800,0.0,0.0
2024-10-10 00:00:00-04:00,187.27040848272893,190.1366900745123,186.55865565459985,186.6548309326172,1431600,0.0,0.0
2024-10-11 00:00:00-04:00,185.30825573442493,188.52080054792637,185.1062627047378,187.52049255371094,1366800,0.0,0.0
2024-10-14 00:00:00-04:00,185.07743278425153,185.93347063781735,182.49970609765893,183.42306518554688,1560500,0.0,0.0
2024-10-15 00:00:00-04:00,176.65168587915096,177.20955530758297,172.79469485571204,172.91012573242188,2845200,0.0,0.0
2024-10-16 00:00:00-04:00,173.34295358160452,176.61320649573182,173.34295358160452,175.4974822998047,1916600,0.0,0.0
2024-10-17 00:00:00-04:00,175.12236798973245,177.0652759106265,173.8527310419548,176.94024658203125,1753800,0.0,0.0
2024-10-18 00:00:00-04:00,176.440085556287,177.81551090900032,174.8530393687026,176.96910095214844,1214200,0.0,0.0
2024-10-21 00:00:00-04:00,178.1906241136728,179.61415908705408,175.09349551507134,175.4493865966797,1461000,0.0,0.0
2024-10-22 00:00:00-04:00,177.19032046695938,177.98865012420734,175.32434689176853,177.007568359375,1068000,0.0,0.0
2024-10-23 00:00:00-04:00,175.38204986823249,176.25732852817384,173.0928787192276,174.20860290527344,1415100,0.0,0.0
2024-10-24 00:00:00-04:00,175.39167541202346,176.15152318488524,173.3910447907025,174.00662231445312,1072700,0.0,0.0
2024-10-25 00:00:00-04:00,175.65135859741076,177.4692370850703,174.91075176369708,177.34420776367188,2150800,0.0,0.0
2024-10-28 00:00:00-04:00,170.98647045514537,173.03518170656469,170.36126502929977,171.39044189453125,1788200,0.0,0.0
2024-10-29 00:00:00-04:00,170.97682681842673,172.36188001178155,168.47604937622663,168.93772888183594,1690800,0.0,0.0
2024-10-30 00:00:00-04:00,170.11115744603592,171.42887459109932,168.93771054440091,169.90916442871094,1568200,0.0,0.0
2024-10-31 00:00:00-04:00,171.54432274222842,172.29455743667853,169.08199781965752,170.0246124267578,2028700,0.0,0.0
2024-11-01 00:00:00-04:00,170.6305809327274,172.03487519610945,168.39911753079193,169.10125732421875,1946100,0.0,0.0
2024-11-04 00:00:00-05:00,171.39044525888752,174.4106253258441,170.72677263953716,172.90052795410156,1918600,0.0,0.0
2024-11-05 00:00:00-05:00,168.22596144605964,172.06371178160197,167.0909962699025,168.92811584472656,3691100,0.0,0.0
2024-11-06 00:00:00-05:00,173.13137583390673,178.7004286322248,170.2458529033416,176.6132354736328,3017300,0.0,0.0
2024-11-07 00:00:00-05:00,175.4974865617531,176.2188671935522,172.5638690571315,174.66067504882812,1727300,0.0,0.0
2024-11-08 00:00:00-05:00,173.70848099177215,175.23780457595382,172.39074891363782,174.93963623046875,2579100,0.0,0.0
2024-11-11 00:00:00-05:00,175.01656702295816,175.14159635306234,172.16951165743174,172.2945556640625,2803600,0.0,0.0
2024-11-12 00:00:00-05:00,173.59304148577704,175.52635108734478,172.92936891667333,173.0447998046875,1788200,0.0,0.0
2024-11-13 00:00:00-05:00,174.09317037755372,176.61318836829892,170.7267278564408,175.28585815429688,1469300,0.0,0.0
2024-11-14 00:00:00-05:00,176.74548593304198,177.94407860031683,174.47393571785443,176.329833984375,1366000,0.9,0.0
2024-11-15 00:00:00-05:00,176.32982098101604,177.84741287443327,170.12415746171177,170.70413208007812,2123400,0.0,0.0
2024-11-18 00:00:00-05:00,172.53103458265696,177.51875440035545,171.67074823189063,175.82717895507812,1967600,0.0,0.0
2024-11-19 00:00:00-05:00,174.5899051472821,176.64879873883717,173.1109861517435,174.10659790039062,1632800,0.0,0.0
2024-11-20 00:00:00-05:00,174.0292651810421,176.4844742296439,173.9906070914097,175.40187072753906,1647800,0.0,0.0
2024-11-21 00:00:00-05:00,177.13208948031337,179.48095540163936,176.407128677529,176.60044860839844,2140300,0.0,0.0
2024-11-22 00:00:00-05:00,175.92384851889932,179.85797682646344,175.4405412427485,179.10400390625,2188900,0.0,0.0
2024-11-25 00:00:00-05:00,178.33072713419156,178.42737974146524,172.9466769054787,173.55564880371094,2957900,0.0,0.0
2024-11-26 00:00:00-05:00,173.72961899881437,174.52224996414708,169.28320117291148,170.09515380859375,2466800,0.0,0.0
2024-11-27 00:00:00-05:00,170.62678482762342,172.83066456763214,170.02747384613625,170.30780029296875,1490400,0.0,0.0
2024-11-29 00:00:00-05:00,170.31749330266246,172.45371810520024,170.13383416473863,171.6610870361328,820300,0.0,0.0
2024-12-02 00:00:00-05:00,171.8350580354451,172.3280261041503,168.12324727033473,169.95982360839844,1719200,0.0,0.0
2024-12-03 00:00:00-05:00,172.09604610761068,172.31837807122048,168.50991442602913,169.8921661376953,1804400,0.0,0.0
2024-12-04 00:00:00-05:00,170.1241511579376,170.4334748761026,163.05820155781058,165.2814178466797,2437500,0.0,0.0
2024-12-05 00:00:00-05:00,165.72606152036866,168.31659618205057,165.72606152036866,166.9149932861328,2157300,0.0,0.0
2024-12-06 00:00:00-05:00,166.11270862885013,166.16102755461972,159.30773425216725,161.2602996826172,3104700,0.0,0.0
2024-12-09 00:00:00-05:00,163.86050266639614,164.30513709980616,161.16363981191174,161.54061889648438,1775700,0.0,0.0
2024-12-10 00:00:00-05:00,162.12059102312287,162.28491372418222,157.15219290218704,157.70315551757812,2298900,0.0,0.0
2024-12-11 00:00:00-05:00,158.8727650190269,159.29807777287056,157.11351949164947,158.42811584472656,2662900,0.0,0.0
2024-12-12 00:00:00-05:00,158.24447343520322,158.57311884020547,156.5238859780388,156.81387329101562,1627900,0.0,0.0
2024-12-13 00:00:00-05:00,157.18120103183878,158.5634528330956,155.62495093253867,157.88682556152344,1718100,0.0,0.0
2024-12-16 00:00:00-05:00,157.22950586116542,157.22950586116542,153.21804714905088,153.6240234375,2370800,0.0,0.0
2024-12-17 00:00:00-05:00,152.6284184211283,154.98696008022216,150.59853689029308,154.79364013671875,2714400,0.0,0.0
2024-12-18 00:00:00-05:00,155.6442799263707,156.34024358659286,150.76287346902876,150.86920166015625,2546800,0.0,0.0
2024-12-19 00:00:00-05:00,153.30508057869062,154.02036593898413,147.7277102389211,147.9500274658203,2963100,0.0,0.0
2024-12-20 00:00:00-05:00,147.08007047604013,151.00452310931263,146.92540861133796,149.7672576904297,7837400,0.0,0.0
2024-12-23 00:00:00-05:00,149.78659456792556,151.3525053920535,148.59764807243772,150.88853454589844,2107300,0.0,0.0
2024-12-24 00:00:00-05:00,152.17411695296846,152.8217616614459,150.01857070107974,152.50277709960938,823200,0.0,0.0
2024-12-26 00:00:00-05:00,152.99574298220958,154.26200562643288,151.46849029128347,152.75408935546875,1163800,0.0,0.0
2024-12-27 00:00:00-05:00,152.59943144509455,154.2233515285048,151.53616430952846,153.05374145507812,1723500,0.0,0.0
2024-12-30 00:00:00-05:00,153.2180669614205,156.54322337224923,152.10646612902522,155.60560607910156,2086900,0.0,0.0
2024-12-31 00:00:00-05:00,155.61527668066856,158.77609553738264,155.32528937517512,158.36045837402344,2491900,0.0,0.0
2025-01-02 00:00:00-05:00,160.60298800405707,162.60388703308104,159.68470720906956,161.2119598388672,1787600,0.0,0.0
2025-01-03 00:00:00-05:00,162.72956164015648,166.19002866992432,162.08191692714593,165.25242614746094,2016400,0.0,0.0
2025-01-06 00:00:00-05:00,166.04504068412706,169.23487154267116,163.18386997114678,163.9764862060547,2121400,0.0,0.0
2025-01-07 00:00:00-05:00,164.5564683645551,167.4949701436687,163.59951463828696,166.66368103027344,2127400,0.0,0.0
2025-01-08 00:00:00-05:00,165.82271960410174,167.22430767229096,163.81215968412937,165.2814178466797,1666000,0.0,0.0
2025-01-10 00:00:00-05:00,169.05120019558626,171.3420717172082,165.9676977470266,168.93521118164062,2725200,0.0,0.0
2025-01-13 00:00:00-05:00,170.1918247991528,174.07760453135626,169.8438429836485,171.68040466308594,3038500,0.0,0.0
2025-01-14 00:00:00-05:00,171.0907713349105,172.8983357811937,169.82450866402547,171.74806213378906,1734400,0.0,0.0
2025-01-15 00:00:00-05:00,172.5310073744158,174.2322433870365,171.74803733089368,173.56527709960938,1669800,0.0,0.0
2025-01-16 00:00:00-05:00,172.6566768819462,174.15493230345038,171.7190596391053,173.13998413085938,1377800,0.0,0.0
2025-01-17 00:00:00-05:00,174.33857956627904,174.87022045381556,172.56967338558425,174.16458129882812,1812000,0.0,0.0
2025-01-21 00:00:00-05:00,172.48269562287805,172.76300734121682,169.90183664962703,171.0424346923828,2151200,0.0,0.0
2025-01-22 00:00:00-05:00,170.34649056134847,173.6523107958719,169.12856144842996,171.6610870361328,1608400,0.0,0.0
2025-01-23 00:00:00-05:00,173.10132635337627,174.27092163821368,169.9598292297655,170.73312377929688,1888600,0.0,0.0
2025-01-24 00:00:00-05:00,171.24542170827002,171.75772619342155,166.75065560823734,167.47561645507812,1940300,0.0,0.0
2025-01-27 00:00:00-05:00,167.86228685215772,169.82451321524638,164.5274695934198,165.87106323242188,1773100,0.0,0.0
2025-01-28 00:00:00-05:00,165.72606695043623,167.66897169769945,161.57929688797194,163.59951782226562,1731200,0.0,0.0
2025-01-29 00:00:00-05:00,163.34821233151274,165.85174069406264,162.12060761634356,165.15577697753906,1316300,0.0,0.0
2025-01-30 00:00:00-05:00,166.5670320716603,167.24365933008738,163.78317735199684,164.72079467773438,1284500,0.0,0.0
2025-01-31 00:00:00-05:00,163.87015206337423,164.19879744762662,158.46678064521961,158.8727569580078,2917300,0.0,0.0
2025-02-03 00:00:00-05:00,159.66538149574896,160.43867607209265,156.19523886181184,158.98875427246094,2217700,0.0,0.0
2025-02-04 00:00:00-05:00,158.37010780526808,161.99491198949772,155.20928917616334,160.74798583984375,1991400,0.0,0.0
2025-02-05 00:00:00-05:00,160.3613393520386,160.3613393520386,156.11790229490455,159.2593994140625,1985300,0.0,0.0
2025-02-06 00:00:00-05:00,160.68999941526258,160.8543221099556,153.68204430659554,154.68731689453125,2122300,0.0,0.0
2025-02-07 00:00:00-05:00,155.29630276302325,155.62494818206872,152.62843706887793,152.85076904296875,1974200,0.0,0.0
2025-02-10 00:00:00-05:00,154.35867712569816,156.34990070366368,154.00103446830647,156.26290893554688,1697300,0.0,0.0
2025-02-11 00:00:00-05:00,157.46149787228515,159.14341243045095,156.30156340947323,156.60121154785156,1722300,0.0,0.0
2025-02-12 00:00:00-05:00,155.80861026684877,155.9245992994477,149.96058896697173,150.26991271972656,2391400,0.0,0.0
2025-02-13 00:00:00-05:00,150.2699039479613,151.9034701427228,149.13895194866626,150.95619201660156,2256900,0.0,0.0
2025-02-14 00:00:00-05:00,151.64251212977257,155.21898341126607,148.14335704140433,151.74884033203125,3073900,0.0,0.0
2025-02-18 00:00:00-05:00,155.8085993192569,156.1952392336656,149.22595669315635,151.5264892578125,2500200,0.0,0.0
2025-02-19 00:00:00-05:00,153.52740089181543,156.96854655731428,153.2277527214129,154.90965270996094,2086300,0.0,0.0
2025-02-20 00:00:00-05:00,154.94829450957573,157.40348864718894,154.13634193644685,156.67852783203125,2352500,0.0,0.0
2025-02-21 00:00:00-05:00,155.51860750289165,156.08890652239964,150.39554766388787,150.90785217285156,3936400,0.0,0.0
2025-02-24 00:00:00-05:00,150.90784794299077,151.56515345925814,149.8542416993232,150.0475616455078,3883400,0.0,0.0
2025-02-25 00:00:00-05:00,151.96149861389924,156.07927179435586,146.6257815108206,146.8480987548828,4696100,0.0,0.0
2025-02-26 00:00:00-05:00,146.76105891485733,148.858610289928,145.958767232332,147.3410186767578,3301800,0.0,0.0
2025-02-27 00:00:00-05:00,150.4245508452817,151.73914721708718,146.67409643845195,150.3955535888672,3137200,0.0,0.0
2025-02-28 00:00:00-05:00,149.8349066234242,154.08801922445411,147.51503774967446,153.65304565429688,3361400,0.0,0.0
2025-03-03 00:00:00-05:00,154.61967699885417,155.0836478743098,142.76897263276467,143.0589599609375,3495000,0.0,0.0
2025-03-04 00:00:00-05:00,141.116049436963,142.60462920627253,136.10897889600798,140.19775390625,5029500,0.0,0.0
2025-03-05 00:00:00-05:00,138.6318461699844,138.96049155148336,134.91038929258815,137.93588256835938,3759200,0.0,0.0
2025-03-06 00:00:00-05:00,137.38103762483624,138.65623650288524,135.24921025013205,136.18370056152344,3351300,1.0,0.0
2025-03-07 00:00:00-05:00,137.0597957948673,140.32079757853995,135.80405500006327,136.38812255859375,2813700,0.0,0.0
2025-03-10 00:00:00-04:00,136.03768838357672,138.16951571583644,133.4483449182085,136.84564208984375,3438400,0.0,0.0
2025-03-11 00:00:00-04:00,138.1013744705935,142.12167030845222,137.49784884293751,140.80752563476562,2319200,0.0,0.0
2025-03-12 00:00:00-04:00,140.63232495447258,144.4189910693431,139.44473163637832,142.65707397460938,2411000,0.0,0.0
2025-03-13 00:00:00-04:00,141.44998244942957,143.00748598713355,138.81197921359347,141.92697143554688,2641900,0.0,0.0
2025-03-14 00:00:00-04:00,142.62786057233743,147.00832299289547,141.3623906801517,146.21009826660156,2738700,0.0,0.0
2025-03-17 00:00:00-04:00,146.79414673853785,149.8896659827642,146.2587539862004,148.96490478515625,1979600,0.0,0.0
2025-03-18 00:00:00-04:00,149.89943374119278,150.90207175835667,148.0790980931011,150.88259887695312,2352900,0.0,0.0
2025-03-19 00:00:00-04:00,151.20382443520927,154.35776260544333,151.07727299476133,153.4135284423828,2974500,0.0,0.0
2025-03-20 00:00:00-04:00,152.6639780546504,155.01969152173402,151.81709344120097,154.2701416015625,2048800,0.0,0.0
2025-03-21 00:00:00-04:00,152.63478861984353,154.51351322680978,152.01179008888323,154.2896270751953,7798100,0.0,0.0
2025-03-24 00:00:00-04:00,154.6303299923565,157.1515259194504,154.338296192485,156.73294067382812,2042200,0.0,0.0
2025-03-25 00:00:00-04:00,157.69664999719564,158.92317414992957,156.30464348799052,157.30728149414062,2324100,0.0,0.0
2025-03-26 00:00:00-04:00,158.5143466394035,160.74352384684903,158.02762854125737,158.75770568847656,2373500,0.0,0.0
2025-03-27 00:00:00-04:00,158.3196479137468,158.87451362462502,155.39933959154035,155.97366333007812,1468100,0.0,0.0
2025-03-28 00:00:00-04:00,155.68162949999845,156.68428235562743,151.71002325353226,153.35511779785156,1635700,0.0,0.0
2025-03-31 00:00:00-04:00,153.44273390979916,157.30727633230813,152.63478018168848,155.63296508789062,2068900,0.0,0.0
2025-04-01 00:00:00-04:00,155.9834097712784,156.8594963410143,153.65689803033524,156.59666442871094,1455900,0.0,0.0
2025-04-02 00:00:00-04:00,154.81526507308885,157.4824852355214,154.05598613149408,157.2001953125,1394900,0.0,0.0
2025-04-03 00:00:00-04:00,147.0472415824118,148.95518270127343,137.35182722173343,137.52703857421875,5414200,0.0,0.0
2025-04-04 00:00:00-04:00,130.48910919181077,132.21209520837914,119.87865445909328,120.09281158447266,5425100,0.0,0.0
2025-04-07 00:00:00-04:00,117.64949130616364,125.81661984551778,113.92122914457411,121.22200012207031,5480200,0.0,0.0
2025-04-08 00:00:00-04:00,125.81661329929183,126.20598178978352,114.29113368065032,116.0822525024414,3368700,0.0,0.0
2025-04-09 00:00:00-04:00,112.75308574296436,133.70143115058053,110.97169620566945,131.345703125,5370800,0.0,0.0
2025-04-10 00:00:00-04:00,125.81661167113965,126.57589061519194,116.47162691243926,119.88838958740234,4367600,0.0,0.0
2025-04-11 00:00:00-04:00,119.82025231943204,125.60246543570824,117.81497622395997,125.58299255371094,3928700,0.0,0.0
2025-04-14 00:00:00-04:00,128.3086087347242,129.42806915106885,122.52640340631652,124.24938201904297,2523500,0.0,0.0
2025-04-15 00:00:00-04:00,123.32461391951357,126.56615770554377,123.32461391951357,123.76265716552734,1690700,0.0,0.0
2025-04-16 00:00:00-04:00,124.33699521113851,129.05815876865978,124.31752233034459,126.76084899902344,2047300,0.0,0.0
2025-04-17 00:00:00-04:00,129.0581502119422,135.52176483557488,129.0581502119422,133.98373413085938,3667400,0.0,0.0
2025-04-21 00:00:00-04:00,130.61564929108008,130.7811464997838,126.8582001893602,128.8342742919922,2180300,0.0,0.0
2025-04-22 00:00:00-04:00,131.53068633239235,134.30498526958374,130.81035309583328,132.9129638671875,1731900,0.0,0.0
2025-04-23 00:00:00-04:00,134.1297607594909,136.2810611895034,130.82008378627145,131.9395294189453,2130200,0.0,0.0
2025-04-24 00:00:00-04:00,133.30235460354515,134.1492393380792,131.52096458850724,132.54307556152344,2054400,0.0,0.0
2025-04-25 00:00:00-04:00,131.52095728432425,133.6041100268524,131.2678692355251,133.1271209716797,1608400,0.0,0.0
2025-04-28 00:00:00-04:00,132.78643274598352,134.91826035460713,132.6209503779637,134.1589813232422,1664800,0.0,0.0
2025-04-29 00:00:00-04:00,134.14920882274018,134.34389304630128,131.7448207854525,133.02001953125,1665100,0.0,0.0
2025-04-30 00:00:00-04:00,130.86875337624588,131.02450671911728,127.04314172929483,128.5032958984375,1980000,0.0,0.0
2025-05-01 00:00:00-04:00,127.82189842174084,132.77668485815494,127.42278603559292,131.24839782714844,2158100,0.0,0.0
2025-05-02 00:00:00-04:00,132.93242224183803,134.1881630418886,130.26521701859417,133.17578125,2368000,0.0,0.0
2025-05-05 00:00:00-04:00,130.44045087955314,131.47229087562923,128.542253259087,129.54489135742188,2865800,0.0,0.0
2025-05-06 00:00:00-04:00,130.34308608040263,133.36074389084797,127.83163404751399,128.47409057617188,3775900,0.0,0.0
2025-05-07 00:00:00-04:00,129.24312073554447,129.35992831948124,124.35646714361421,126.12812805175781,2549200,0.0,0.0
2025-05-08 00:00:00-04:00,127.01394731857317,133.68199102529294,127.01394731857317,132.56253051757812,2555000,0.0,0.0
2025-05-09 00:00:00-04:00,134.3341751174287,135.64831972843788,133.02003050641954,134.2270965576172,1944500,0.0,0.0
2025-05-12 00:00:00-04:00,140.99246949607306,143.82517187757736,138.2960624166121,139.12347412109375,2264700,0.0,0.0
2025-05-13 00:00:00-04:00,139.79514608189697,143.7667667877156,139.10399997882374,142.28713989257812,2010200,0.0,0.0
2025-05-14 00:00:00-04:00,140.69070244711256,142.07297977050482,140.15530968191905,140.97300720214844,1621500,0.0,0.0
2025-05-15 00:00:00-04:00,137.41487532052378,139.2086514034924,135.77793555181924,139.14002990722656,2596100,1.0,0.0
2025-05-16 00:00:00-04:00,139.94382349628123,139.94382349628123,136.46409396192917,138.33628845214844,2291900,0.0,0.0
2025-05-19 00:00:00-04:00,137.1600124223156,137.46388838964896,134.89574235573767,136.5915069580078,1476400,0.0,0.0
2025-05-20 00:00:00-04:00,136.42486952512465,137.05221482978098,134.7193230874799,135.61131286621094,1104900,0.0,0.0
2025-05-21 00:00:00-04:00,135.61132021099215,135.92497792357292,133.42545305812263,133.6116943359375,1650200,0.0,0.0
2025-05-22 00:00:00-04:00,132.09235976830178,134.15079530591336,129.58303851347947,133.59207153320312,1928900,0.0,0.0
2025-05-23 00:00:00-04:00,131.65127318934466,133.91554334928173,131.10236102411565,133.17059326171875,1766200,0.0,0.0
2025-05-27 00:00:00-04:00,135.06237519838552,135.37604782626724,132.85691501256989,134.76832580566406,1787100,0.0,0.0
2025-05-28 00:00:00-04:00,136.4640791717731,136.4640791717731,133.249009431961,133.582275390625,1904900,0.0,0.0
2025-05-29 00:00:00-04:00,134.74871951913266,135.45446798556495,133.43524902311367,135.0819854736328,2103100,0.0,0.0
2025-05-30 00:00:00-04:00,133.93514423094052,134.00376572617137,131.1023537829832,131.8865203857422,4362800,0.0,0.0
2025-06-02 00:00:00-04:00,135.70932482676025,136.27784529354034,133.17059848464038,134.86634826660156,2118500,0.0,0.0
2025-06-03 00:00:00-04:00,135.2682267352261,140.46331379683892,133.19019789327473,139.4635009765625,2770700,0.0,0.0
2025-06-04 00:00:00-04:00,139.32627101013503,141.14945203046457,135.64070736931941,136.5915069580078,2444000,0.0,0.0
2025-06-05 00:00:00-04:00,137.48349864641546,137.62072669896818,134.12140388050554,134.7291259765625,2062800,0.0,0.0
2025-06-06 00:00:00-04:00,136.51308489033687,138.41468401323945,136.24842548747577,137.7775421142578,1776700,0.0,0.0
2025-06-09 00:00:00-04:00,138.62053070717363,140.48292839394102,137.5717195780352,139.3164825439453,1735600,0.0,0.0
2025-06-10 00:00:00-04:00,140.16925211077984,144.6389825122838,139.92420097072602,142.68838500976562,2282200,0.0,0.0
2025-06-11 00:00:00-04:00,142.91382771876204,146.4033535563402,141.44352088000264,145.97206115722656,3217700,0.0,0.0
2025-06-12 00:00:00-04:00,144.23709344855283,146.4327570234359,143.00204110084422,146.3739471435547,1758700,0.0,0.0
2025-06-13 00:00:00-04:00,154.2253649823817,154.87230351071327,149.5007872983535,151.84347534179688,5208100,0.0,0.0
2025-06-16 00:00:00-04:00,151.0887353439535,152.14735809904198,145.88385134898647,148.04029846191406,3828700,0.0,0.0
2025-06-17 00:00:00-04:00,150.03992244321094,152.9413196281722,148.1187148828434,149.90267944335938,3360000,0.0,0.0
2025-06-18 00:00:00-04:00,150.3927842643585,152.03953576619918,145.501572893545,145.8348388671875,2978500,0.0,0.0
2025-06-20 00:00:00-04:00,147.35414082087394,147.71681169120595,145.1780856854151,145.9034423828125,4309700,0.0,0.0
2025-06-23 00:00:00-04:00,148.01090254849356,148.01090254849356,137.99320980198377,138.3558807373047,4574200,0.0,0.0
2025-06-24 00:00:00-04:00,135.54268093382683,138.43428130004855,134.3860467700318,136.5915069580078,3222300,0.0,0.0
2025-06-25 00:00:00-04:00,136.2680453424027,137.85597198100882,135.01338467246345,135.30743408203125,2068400,0.0,0.0
2025-06-26 00:00:00-04:00,135.9739719090214,138.7969657065081,135.04278060843583,138.08140563964844,1581900,0.0,0.0
2025-06-27 00:00:00-04:00,137.80694901075896,138.52250907470852,136.23863076265974,137.00318908691406,2781700,0.0,0.0
2025-06-30 00:00:00-04:00,136.40526907145755,136.40526907145755,134.23901043016906,134.6800994873047,2386100,0.0,0.0
2025-07-01 00:00:00-04:00,135.072197548095,139.0910274541893,133.69990212717832,137.4246826171875,2014200,0.0,0.0
2025-07-02 00:00:00-04:00,139.15963745117188,140.04181553996636,136.19941560118173,139.15963745117188,1852400,0.0,0.0
2025-07-03 00:00:00-04:00,138.8949759246662,139.39488979653245,137.47368237805802,138.11080932617188,1199600,0.0,0.0
2025-07-07 00:00:00-04:00,137.5128839771634,138.41468528730698,133.29801655414116,135.18980407714844,1717300,0.0,0.0
2025-07-08 00:00:00-04:00,134.9153381981268,142.36489790686326,134.63108549217438,140.9141845703125,2482000,0.0,0.0
2025-07-09 00:00:00-04:00,140.69855986155264,141.1494605526147,138.70874574613447,139.30667114257812,1237300,0.0,0.0
2025-07-10 00:00:00-04:00,138.29707002574668,140.36530242873945,136.60132017468896,140.19866943359375,1793300,0.0,0.0
2025-07-11 00:00:00-04:00,139.86539597161513,142.58056688605888,139.1302425257962,141.47293090820312,1333400,0.0,0.0
2025-07-14 00:00:00-04:00,140.92400911033886,140.92400911033886,137.52269820328394,139.14984130859375,1549900,0.0,0.0
2025-07-15 00:00:00-04:00,139.47329482194252,139.8359806655772,135.11138769140493,135.15060424804688,2913500,0.0,0.0
2025-07-16 00:00:00-04:00,135.0525898144725,135.91517465643918,131.99435622093296,133.76852416992188,2179700,0.0,0.0
2025-07-17 00:00:00-04:00,133.78811759613336,138.46368229251956,133.611673008623,138.1402130126953,1727700,0.0,0.0
2025-07-18 00:00:00-04:00,140.16925621037163,142.21788021152219,138.5225196802798,138.57151794433594,2388400,0.0,0.0
2025-07-21 00:00:00-04:00,138.48328946441436,138.86556861811113,136.98357778785524,137.07179260253906,1296200,0.0,0.0
2025-07-22 00:00:00-04:00,137.39527250724913,140.610342293879,137.23843618674653,139.0126190185547,1540500,0.0,0.0
2025-07-23 00:00:00-04:00,139.77716178438865,141.22786019528678,138.79695732575124,140.8455810546875,1249100,0.0,0.0
2025-07-24 00:00:00-04:00,140.36528581614786,143.27649446909902,139.6203357571804,142.42372131347656,1851200,0.0,0.0
2025-07-25 00:00:00-04:00,142.71778334239022,143.27649213834343,140.42409341056302,141.74737548828125,1035600,0.0,0.0
2025-07-28 00:00:00-04:00,143.1000794907208,148.001102646632,143.1000794907208,147.5404052734375,1686800,0.0,0.0
2025-07-29 00:00:00-04:00,147.54038519534572,150.02030137821757,146.26611635687104,149.48118591308594,2587200,0.0,0.0
2025-07-30 00:00:00-04:00,148.60880485993798,148.92246252247162,146.53077610585967,148.01087951660156,2019300,0.0,0.0
2025-07-31 00:00:00-04:00,146.05045951884213,149.1871106916587,144.83500064580522,145.71719360351562,1866000,0.0,0.0
2025-08-01 00:00:00-04:00,145.50155892112755,146.04067438950494,141.9532234039171,143.24708557128906,2830900,0.0,0.0
2025-08-04 00:00:00-04:00,142.1296620206073,145.25651697813822,141.83559765956255,144.85462951660156,2536100,0.0,0.0
2025-08-05 00:00:00-04:00,144.85463932321525,144.85463932321525,137.90499207181776,142.79620361328125,3845200,0.0,0.0
2025-08-06 00:00:00-04:00,144.0900585649572,146.06026418540094,140.0124043384009,141.5023193359375,2171900,0.0,0.0
2025-08-07 00:00:00-04:00,142.7471781537711,144.7761935780208,138.06180210182242,138.32644653320312,2202600,0.0,0.0
2025-08-08 00:00:00-04:00,139.18903988557037,141.8159807830517,137.5226952163152,139.21844482421875,1684600,0.0,0.0
2025-08-11 00:00:00-04:00,138.2088498302733,138.67934385457554,133.50386471704456,134.13119506835938,3044700,0.0,0.0
2025-08-12 00:00:00-04:00,134.97416517661014,138.03241358018917,134.4056447359239,135.74853515625,2581300,0.0,0.0
2025-08-13 00:00:00-04:00,135.26821426706633,137.40505279147365,134.97414994035654,137.20901489257812,1945500,0.0,0.0
2025-08-14 00:00:00-04:00,137.24852637664782,139.28227418680015,135.1456633184067,138.97622680664062,1483400,1.0,0.0
2025-08-15 00:00:00-04:00,138.97622209724486,140.84213789583396,137.8013834343644,138.4332275390625,1889700,0.0,0.0
2025-08-18 00:00:00-04:00,137.5545604276854,138.38385293827847,135.451697573213,137.7421417236328,1408000,0.0,0.0
2025-08-19 00:00:00-04:00,136.69567181694245,138.8478858059808,136.05394544211362,137.18930053710938,1324000,0.0,0.0
2025-08-20 00:00:00-04:00,137.63354385827446,138.6602848223318,135.8959613684608,136.1131591796875,1582000,0.0,0.0
2025-08-21 00:00:00-04:00,135.9058522252582,137.20902411113966,134.67178052133355,136.24151611328125,1734700,0.0,0.0
2025-08-22 00:00:00-04:00,137.13004666436612,141.9577347418109,136.74501688141723,141.45423889160156,2029200,0.0,0.0
2025-08-25 00:00:00-04:00,141.57268766460837,143.7051670009113,140.33861606688913,143.4188690185547,1623100,0.0,0.0
2025-08-26 00:00:00-04:00,142.44149436385698,142.70805807594013,140.44723022728147,142.12557983398438,2046200,0.0,0.0
2025-08-27 00:00:00-04:00,142.3230253413208,145.77842611851676,142.12557688120856,145.18606567382812,1987800,0.0,0.0
2025-08-28 00:00:00-04:00,145.72906120861919,147.46662875927973,144.05072668995192,147.26918029785156,1061400,0.0,0.0
2025-08-29 00:00:00-04:00,146.61759604198858,148.20708111267191,146.41028041696848,146.86441040039062,1214100,0.0,0.0
2025-09-02 00:00:00-04:00,146.56822423457018,148.19719274102926,145.07745608210018,147.95037841796875,1558700,0.0,0.0
2025-09-03 00:00:00-04:00,146.1239660948311,146.79530897749555,139.7166750458486,140.4768524169922,1952800,0.0,0.0
2025-09-04 00:00:00-04:00,140.13131838298963,141.96761775764497,138.7491489782955,140.92112731933594,1572700,0.0,0.0
2025-09-05 00:00:00-04:00,138.9860892569926,140.23991031608878,135.32337290531441,136.94247436523438,1995100,0.0,0.0
2025-09-08 00:00:00-04:00,137.84086396782547,138.11729481582702,133.9214511519481,135.5306854248047,2052100,0.0,0.0
2025-09-09 00:00:00-04:00,136.2711321795591,138.1172986219485,134.4940659188986,134.5532989501953,2149800,0.0,0.0
2025-09-10 00:00:00-04:00,135.24440007026487,138.32463841558882,134.38547586677817,137.86062622070312,2005900,0.0,0.0
2025-09-11 00:00:00-04:00,135.74789866453074,137.59406526577536,135.25426994211426,136.6561737060547,1573000,0.0,0.0
2025-09-12 00:00:00-04:00,137.05106959171127,138.4134744614658,135.09628923468512,135.1357879638672,1752000,0.0,0.0
2025-09-15 00:00:00-04:00,135.70840683619653,135.7577576539887,132.5886698826398,132.81573486328125,3109100,0.0,0.0
2025-09-16 00:00:00-04:00,133.91159921456733,138.28515752864092,133.86223332945505,136.6561737060547,2752100,0.0,0.0
2025-09-17 00:00:00-04:00,135.97496290394568,140.51635315070652,134.76064047156143,138.6800537109375,2225200,0.0,0.0
2025-09-18 00:00:00-04:00,139.01570181092237,139.38098220133665,136.94247046273847,138.84786987304688,1954500,0.0,0.0
2025-09-19 00:00:00-04:00,138.90710210737288,138.90710210737288,135.9453301431886,137.89022827148438,4089400,0.0,0.0
2025-09-22 00:00:00-04:00,136.45871600032618,137.5348229269649,134.39535169562942,137.06094360351562,2136700,0.0,0.0
2025-09-23 00:00:00-04:00,137.91984638894823,144.65294863000443,137.91984638894823,140.3682403564453,2423600,0.0,0.0
2025-09-24 00:00:00-04:00,142.46124083504097,146.25230550259815,142.37239128760257,142.7672882080078,1998900,0.0,0.0
2025-09-25 00:00:00-04:00,142.76727932997485,145.32427213181828,142.0762022300646,143.93223571777344,1306500,0.0,0.0
2025-09-26 00:00:00-04:00,144.36663683103697,149.07585856805966,143.45836188456963,146.36090087890625,1646100,0.0,0.0
2025-09-29 00:00:00-04:00,144.86026661113698,145.27491289002452,141.0790691564737,141.7504119873047,1808100,0.0,0.0
2025-09-30 00:00:00-04:00,139.9338644144744,142.29340891553534,138.95647419942543,141.2765350341797,2488400,0.0,0.0
2025-10-01 00:00:00-04:00,139.80550761397413,142.59944759585247,139.59817695153504,141.71090698242188,1497300,0.0,0.0
2025-10-02 00:00:00-04:00,140.39787894638488,145.81791233330023,140.2596635154555,141.36538696289062,2614600,0.0,0.0
2025-10-03 00:00:00-04:00,141.7504201243117,146.02524649890148,141.7504201243117,145.59085083007812,2012300,0.0,0.0
2025-10-06 00:00:00-04:00,147.11120863399495,150.5468749727037,146.6570787003498,147.2000732421875,2499600,0.0,0.0
2025-10-07 00:00:00-04:00,145.817908915504,147.17046174113102,143.80391053140252,147.0124969482422,1358100,0.0,0.0
2025-10-08 00:00:00-04:00,147.2494385285696,147.96026507786203,144.62334523383396,147.17047119140625,1399900,0.0,0.0
2025-10-09 00:00:00-04:00,147.90102293351316,149.56949028494182,142.18480943806682,142.3723907470703,1481000,0.0,0.0
2025-10-10 00:00:00-04:00,139.86474713926643,141.31601665070434,137.90998180187418,138.038330078125,2134500,0.0,0.0
2025-10-13 00:00:00-04:00,140.41761462600059,141.2666565855729,138.9564779040688,140.2991485595703,1527300,0.0,0.0
2025-10-14 00:00:00-04:00,137.61380984503245,141.27654146624965,137.22878005751713,140.02272033691406,1751500,0.0,0.0
2025-10-15 00:00:00-04:00,141.3653734899785,142.3624979277696,139.00582917404958,140.1313018798828,1105700,0.0,0.0
2025-10-16 00:00:00-04:00,140.79276610812536,141.5233419434235,135.50106630416465,137.6631622314453,1915000,0.0,0.0
2025-10-17 00:00:00-04:00,137.8704733617843,138.25550309906802,135.8268586221555,137.31761169433594,1541200,0.0,0.0
2025-10-20 00:00:00-04:00,138.11729870953081,140.16092867667422,137.62367002927607,139.390869140625,2216200,0.0,0.0
2025-10-21 00:00:00-04:00,139.57844940519402,140.32875957040127,137.7224007607293,139.72653198242188,1410200,0.0,0.0
2025-10-22 00:00:00-04:00,141.2765382696387,143.0535895168223,139.03545978052543,140.46697998046875,2404200,0.0,0.0
2025-10-23 00:00:00-04:00,145.73894057591724,147.47652333658482,144.63321704774933,145.294677734375,2477500,0.0,0.0
2025-10-24 00:00:00-04:00,145.87714097615776,146.47936856373175,143.3497645641593,144.00135803222656,1434400,0.0,0.0
2025-10-27 00:00:00-04:00,144.63319819160094,145.77842030467158,142.0663231194566,142.55995178222656,1389400,0.0,0.0
2025-10-28 00:00:00-04:00,141.8096504247887,142.11569780437318,138.62081328372642,139.3415069580078,1140500,0.0,0.0
2025-10-29 00:00:00-04:00,138.89725017549958,143.50774056383594,138.89725017549958,141.79978942871094,1473300,0.0,0.0
2025-10-30 00:00:00-04:00,141.79977473757987,142.7672827002943,140.10169092951304,140.338623046875,1392100,0.0,0.0
2025-10-31 00:00:00-04:00,140.28928003177234,142.65869172323397,140.10169871886413,141.36538696289062,1653700,0.0,0.0
2025-11-03 00:00:00-05:00,141.4246139478959,141.83926022295287,138.05806280322062,139.4698486328125,1964300,0.0,0.0
2025-11-04 00:00:00-05:00,139.7857639912908,139.7857639912908,135.7478850619824,137.64341735839844,2390400,0.0,0.0
2025-11-05 00:00:00-05:00,137.42622305573113,139.0255902408061,135.28387636798738,135.54055786132812,1830700,0.0,0.0
2025-11-06 00:00:00-05:00,136.7252811658553,141.26665611465364,136.57718351895886,138.97622680664062,2062700,0.0,0.0
2025-11-07 00:00:00-05:00,140.13131733025918,142.78704213829192,137.8704894552567,141.81951904296875,1564600,0.0,0.0
2025-11-10 00:00:00-05:00,142.6290759487572,143.90263135006256,140.45711270956187,142.88575744628906,1332800,0.0,0.0
2025-11-11 00:00:00-05:00,144.35677697911333,148.058992196952,142.97462265686116,146.26217651367188,1432400,0.0,0.0
2025-11-12 00:00:00-05:00,146.1140863041797,146.73606324890483,143.82364204473896,144.30740356445312,1295000,0.0,0.0
2025-11-13 00:00:00-05:00,144.23783301411316,146.305460465955,142.57774267787272,143.52210998535156,1602100,1.0,0.0
2025-11-14 00:00:00-05:00,143.95949726282288,148.92978762265315,142.28947181449624,148.31346130371094,2001800,0.0,0.0
2025-11-17 00:00:00-05:00,147.79654636994348,148.1146522326183,144.96348997509233,145.50027465820312,1271900,0.0,0.0
2025-11-18 00:00:00-05:00,144.69509019847817,150.45069491618358,143.58175001421452,148.6912078857422,1853500,0.0,0.0
2025-11-19 00:00:00-05:00,144.83426407655844,148.22400588331652,143.6612827835443,147.80650329589844,1365200,0.0,0.0
2025-11-20 00:00:00-05:00,148.52222393135676,153.57204088491156,145.2418291772294,145.38099670410156,1963100,0.0,0.0
2025-11-21 00:00:00-05:00,145.04302041772328,147.1901895452849,143.03501881686714,145.5698699951172,1873500,0.0,0.0
2025-11-24 00:00:00-05:00,144.98336864383847,147.57786068919822,142.7169175660669,146.76272583007812,1776600,0.0,0.0
2025-11-25 00:00:00-05:00,145.21200631664973,146.75279937607885,143.9296628977992,146.14642333984375,1341800,0.0,0.0
2025-11-26 00:00:00-05:00,146.42475455582434,149.78466046787622,145.7090315426734,148.4228057861328,1379600,0.0,0.0
2025-11-28 00:00:00-05:00,148.42280979629172,152.49845399973447,148.1544098670778,151.68331909179688,749300,0.0,0.0
2025-12-01 00:00:00-05:00,151.85231005479895,157.78683813147526,151.42487235204945,155.23211669921875,2404200,0.0,0.0
2025-12-02 00:00:00-05:00,155.07306228878906,156.216223026874,152.97559910879912,155.0531768798828,1820900,0.0,0.0
2025-12-03 00:00:00-05:00,155.86830552566843,158.44291223898233,155.86830552566843,157.4389190673828,1638800,0.0,0.0
2025-12-04 00:00:00-05:00,157.21027526327626,160.1725791869481,157.06117262233937,158.56219482421875,1652800,0.0,0.0
2025-12-05 00:00:00-05:00,158.69143705785305,163.4629190490696,157.5582114121499,157.65762329101562,2047800,0.0,0.0
2025-12-08 00:00:00-05:00,156.77290361002028,159.2381633563605,155.639678026224,156.5840301513672,1215500,0.0,0.0
2025-12-09 00:00:00-05:00,155.9875909830637,158.7709566208755,155.6695002871517,157.23016357421875,1370100,0.0,0.0
2025-12-10 00:00:00-05:00,157.59795500959592,159.6954180810132,154.9537721506,159.32762145996094,1817300,0.0,0.0
2025-12-11 00:00:00-05:00,157.1208160365469,159.90418166474086,154.74501785719286,156.10687255859375,1902500,0.0,0.0
2025-12-12 00:00:00-05:00,157.1904044874245,158.20433277858362,155.16251756886206,155.74900817871094,1514900,0.0,0.0
2025-12-15 00:00:00-05:00,156.49454771948183,156.49454771948183,150.63954655430135,153.1445770263672,1897600,0.0,0.0
2025-12-16 00:00:00-05:00,150.75885833032365,151.23600198151624,145.5599234344064,148.17430114746094,2939400,0.0,0.0
2025-12-17 00:00:00-05:00,149.75484891533395,154.0193667216321,148.89995832994973,153.154541015625,2313100,0.0,0.0
2025-12-18 00:00:00-05:00,152.51832745914177,152.85631874192754,145.30147109204924,146.1265411376953,2178300,0.0,0.0
2025-12-19 00:00:00-05:00,146.04701517061457,150.02324759617375,145.78856552347747,147.2498321533203,3981300,0.0,0.0
2025-12-22 00:00:00-05:00,149.2180553249908,152.2797559562524,147.5480299042471,147.57786560058594,1317900,0.0,0.0
2025-12-23 00:00:00-05:00,147.85620333001984,148.8800819323935,146.31541028229208,147.27964782714844,1041200,0.0,0.0
2025-12-24 00:00:00-05:00,147.08084289423158,147.08084289423158,145.5599200492031,146.03707885742188,667500,0.0,0.0
2025-12-26 00:00:00-05:00,145.85813060449712,145.92772194734792,143.93960588585304,145.4406280517578,985300,0.0,0.0
2025-12-29 00:00:00-05:00,146.87207521061586,148.5321503149876,146.54403423768656,147.6872100830078,1398200,0.0,0.0
2025-12-30 00:00:00-05:00,148.96954768752943,151.3950518819265,148.55204510510214,150.35128784179688,1551800,0.0,0.0
2025-12-31 00:00:00-05:00,150.35128392867782,150.84831296645856,149.05900539682338,149.43675231933594,1202100,0.0,0.0
2026-01-02 00:00:00-05:00,150.20217692402272,152.74696309668204,147.79654310305486,151.43479919433594,1370500,0.0,0.0
2026-01-05 00:00:00-05:00,152.8165496480897,153.66150511240448,142.69704532628586,146.11660766601562,2598000,0.0,0.0
2026-01-06 00:00:00-05:00,147.41881653841847,147.48839271670838,142.8063876464094,143.611572265625,1892900,0.0,0.0
2026-01-07 00:00:00-05:00,143.01512465795994,144.088709156057,138.5816343155026,139.61544799804688,2492100,0.0,0.0
2026-01-08 00:00:00-05:00,139.91367815136974,148.90990702705398,139.91367815136974,146.78262329101562,2496800,0.0,0.0
2026-01-09 00:00:00-05:00,146.50428286497478,147.99536996645912,144.82432230373618,146.5341033935547,1899100,0.0,0.0
2026-01-12 00:00:00-05:00,146.4148123435071,148.32341726259773,145.10266352577065,146.68321228027344,1998800,0.0,0.0
2026-01-13 00:00:00-05:00,148.98942441941855,152.45867728377144,147.8263783286526,150.3115234375,1853600,0.0,0.0
2026-01-14 00:00:00-05:00,150.34134868065573,155.9180150865405,150.30157786351847,152.81654357910156,2496800,0.0,0.0
2026-01-15 00:00:00-05:00,151.27574777942797,152.19029453948824,148.6613854047766,149.92384338378906,2404300,0.0,0.0
2026-01-16 00:00:00-05:00,150.29164192973417,150.947723895845,148.7409137684704,150.381103515625,2249300,0.0,0.0
2026-01-20 00:00:00-05:00,151.90201617445734,153.08494774300752,147.3691136552004,147.81643676757812,2055500,0.0,0.0
2026-01-21 00:00:00-05:00,150.89801472365198,155.41103158770676,149.9735328515663,152.09088134765625,1955500,0.0,0.0
2026-01-22 00:00:00-05:00,149.83436804043367,151.66344640963845,148.31346041291027,150.94772338867188,2170300,0.0,0.0
2026-01-23 00:00:00-05:00,152.69726043262887,155.32157312543126,152.28969298439836,153.10482788085938,1227500,0.0,0.0
2026-01-26 00:00:00-05:00,154.5959195393286,155.07306317895868,150.17236403996364,152.60780334472656,1705900,0.0,0.0
2026-01-27 00:00:00-05:00,152.7171456901634,158.3236325814343,152.25987230536012,158.1745147705078,2016900,0.0,0.0
2026-01-28 00:00:00-05:00,160.4707837989985,160.5006194951835,157.4985599358335,159.31768798828125,1748800,0.0,0.0
2026-01-29 00:00:00-05:00,164.0195837804516,167.47890166401953,161.88236496813718,162.10105895996094,2504900,0.0,0.0
2026-01-30 00:00:00-05:00,161.61396013999348,164.9639309261119,159.88429366657442,162.97581481933594,2161200,0.0,0.0
2026-02-02 00:00:00-05:00,157.66755190771846,159.5264356544669,156.5641468375669,157.69737243652344,1748000,0.0,0.0
2026-02-03 00:00:00-05:00,157.62779775133805,161.98176184744162,155.83849016548328,161.9121856689453,1876000,0.0,0.0
2026-02-04 00:00:00-05:00,161.94201048572071,168.48291467556305,161.94201048572071,167.9858856201172,2672000,0.0,0.0
2026-02-05 00:00:00-05:00,164.9539990665953,167.05146220742745,162.12092749119196,163.80088806152344,1821300,0.0,0.0
2026-02-06 00:00:00-05:00,163.67165911068082,167.49878883984934,163.54244187278366,165.9381103515625,2090800,0.0,0.0
2026-02-09 00:00:00-05:00,164.92417101811503,166.48483423420018,163.9400481101559,164.973876953125,1738400,0.0,0.0
2026-02-10 00:00:00-05:00,164.86453495340726,164.96393165831392,161.69348732212515,163.9102325439453,1636100,0.0,0.0
2026-02-11 00:00:00-05:00,167.00175935170773,169.52666022983695,165.33174903888957,168.00575256347656,2986500,0.0,0.0
2026-02-12 00:00:00-05:00,166.93216557471538,168.65189696881703,163.38338612757212,166.42520141601562,2316900,0.0,0.0
2026-02-13 00:00:00-05:00,165.62994869593527,169.28809023515944,165.36156394144353,168.13497924804688,1405800,0.0,0.0
2026-02-17 00:00:00-05:00,169.4868960767742,171.7732326058624,162.52848978623214,167.58824157714844,1704100,0.0,0.0
2026-02-18 00:00:00-05:00,170.03364023325742,173.135096636768,168.47296174295062,172.97604370117188,2497700,0.0,0.0
2026-02-19 00:00:00-05:00,175.22261674177963,175.96816027936987,172.54859816005649,173.68182373046875,2257600,0.0,0.0
2026-02-20 00:00:00-05:00,173.05556741211174,175.50095696154696,171.27621012385978,174.9641571044922,3473900,0.0,0.0
2026-02-23 00:00:00-05:00,175.22262497251558,176.1967976603191,172.20067986405158,172.7871856689453,2711300,0.0,0.0
2026-02-24 00:00:00-05:00,173.96016334651804,174.95422142278386,165.1130525350013,171.49490356445312,3975500,0.0,0.0
2026-02-25 00:00:00-05:00,173.44325370667264,173.46313911582337,164.64584858877828,166.77313232421875,2479300,0.0,0.0
2026-02-26 00:00:00-05:00,165.38143221292393,169.91433447451544,163.39331612148047,165.98780822753906,2523500,0.0,0.0
2026-02-27 00:00:00-05:00,168.26420707922384,173.42337068470698,166.45501418291414,173.04562377929688,2459400,0.0,0.0
2026-03-02 00:00:00-05:00,180.11338218801288,182.27048635647785,172.3497911719283,177.89663696289062,5199300,0.0,0.0
2026-03-03 00:00:00-05:00,178.95033823174037,180.42153993010163,172.25038137105716,176.47512817382812,5508700,0.0,0.0
2026-03-04 00:00:00-05:00,174.76534232146864,176.4751233709186,171.52471855794568,175.66000366210938,2533800,0.0,0.0
2026-03-05 00:00:00-05:00,176.27999877929688,179.77999877929688,176.00999450683594,179.0399932861328,5065300,1.05,0.0
2026-03-06 00:00:00-05:00,182.5800018310547,183.0800018310547,179.30999755859375,180.5399932861328,4917000,0.0,0.0
2026-03-09 00:00:00-04:00,183.64999389648438,186.66000366210938,179.5,182.86000061035156,5221200,0.0,0.0
2026-03-10 00:00:00-04:00,181.2899932861328,182.75999450683594,176.14999389648438,178.3699951171875,2194700,0.0,0.0
2026-03-11 00:00:00-04:00,173.0,178.0500030517578,172.80999755859375,176.63999938964844,11186100,0.0,0.0
2026-03-12 00:00:00-04:00,178.41000366210938,181.63999938964844,176.89999389648438,177.00999450683594,4683900,0.0,0.0
2026-03-13 00:00:00-04:00,174.89999389648438,183.39999389648438,174.25999450683594,182.3699951171875,4100900,0.0,0.0
2026-03-16 00:00:00-04:00,182.60000610351562,183.6199951171875,179.7100067138672,182.3300018310547,3203000,0.0,0.0
2026-03-17 00:00:00-04:00,183.0399932861328,188.72500610351562,182.3300018310547,187.22000122070312,2627271,0.0,0.0
